value,count,total,cumulative_sum
"(1.0, 1.0)",7,100.0,7
"(1.0, 1.0)",11,99.984126984127,18
"(0.9841269841269842, 1.0)",1,99.984126984127,19
"(0.9696969696969696, 1.0)",1,99.96969696969695,20
"(1.0, 1.0)",8,99.96969696969695,28
"(0.9841269841269842, 1.0)",7,99.96825396825398,35
"(1.0, 1.0)",5,99.96825396825398,40
"(1.0, 1.0)",6,99.95652173913044,46
"(0.9565217391304348, 1.0)",4,99.95652173913044,50
"(0.9696969696969696, 1.0)",2,99.95382395382396,52
"(1.0, 1.0)",3,99.95382395382396,55
"(0.9841269841269842, 1.0)",1,99.95382395382396,56
"(1.0, 1.0)",5,99.95238095238096,61
"(0.9841269841269842, 1.0)",2,99.95238095238096,63
"(0.9666666666666668, 1.0)",1,99.95079365079366,64
"(1.0, 1.0)",2,99.94444444444444,66
"(1.0, 1.0)",4,99.94064872325742,70
"(0.9565217391304348, 1.0)",2,99.94064872325742,72
"(0.9841269841269842, 1.0)",1,99.94064872325742,73
"(1.0, 1.0)",2,99.93939393939394,75
"(0.9696969696969696, 1.0)",3,99.93939393939394,78
"(1.0, 1.0)",3,99.93795093795094,81
"(0.9841269841269842, 1.0)",3,99.93795093795094,84
"(0.9674603174603176, 1.0)",1,99.93715728715728,85
"(1.0, 1.0)",3,99.93650793650794,88
"(0.9841269841269842, 1.0)",1,99.93650793650794,89
"(0.9666666666666668, 1.0)",3,99.93636363636364,92
"(0.9521531100478468, 1.0)",1,99.93628009417483,93
"(1.0, 1.0)",2,99.93571428571428,95
"(1.0, 1.0)",5,99.93333333333334,100
"(0.9444444444444444, 1.0)",5,99.92857142857144,105
"(1.0, 1.0)",3,99.92857142857144,108
"(0.9565217391304348, 1.0)",3,99.9262187088274,111
"(0.9696969696969696, 1.0)",1,99.9262187088274,112
"(0.9565217391304348, 1.0)",2,99.9247757073844,114
"(0.9841269841269842, 1.0)",13,99.9247757073844,127
"(1.0, 1.0)",1,99.9247757073844,128
"(1.0, 1.0)",2,99.92352092352093,130
"(0.9696969696969696, 1.0)",1,99.92352092352093,131
"(0.9666666666666668, 1.0)",1,99.9231884057971,132
"(1.0, 1.0)",1,99.92307692307692,133
"(0.9230769230769232, 1.0)",3,99.92307692307692,136
"(0.9224211423699916, 1.0)",4,99.92242114236998,140
"(0.9696969696969696, 1.0)",1,99.92207792207792,141
"(0.9841269841269842, 1.0)",4,99.92207792207792,145
"(1.0, 1.0)",2,99.92207792207792,147
"(1.0, 1.0)",3,99.92063492063492,150
"(0.9841269841269842, 1.0)",1,99.92063492063492,151
"(0.9666666666666668, 1.0)",1,99.92049062049064,152
"(0.9521531100478468, 1.0)",7,99.92040707830182,159
"(0.9507101086048454, 1.0)",1,99.92040707830182,160
"(0.9666666666666668, 1.0)",4,99.91904761904762,164
"(0.9507101086048454, 1.0)",1,99.9189640768588,165
"(0.9333333333333332, 1.0)",4,99.91746031746032,169
"(1.0, 1.0)",3,99.91746031746032,172
"(0.9444444444444444, 1.0)",1,99.9141414141414,173
"(0.9135802469135802, 1.0)",13,99.91358024691358,186
"(1.0, 1.0)",9,99.91358024691358,195
"(1.0, 1.0)",1,99.91304347826087,196
"(0.9444444444444444, 1.0)",1,99.9126984126984,197
"(0.9841269841269842, 1.0)",2,99.9126984126984,199
"(0.9674603174603176, 1.0)",4,99.91190476190476,203
"(0.9565217391304348, 1.0)",8,99.9103456929544,211
"(1.0, 1.0)",2,99.9089026915114,213
"(0.9841269841269842, 1.0)",5,99.9089026915114,218
"(0.9230769230769232, 1.0)",2,99.90720390720392,220
"(1.0, 1.0)",4,99.90720390720392,224
"(0.9224211423699916, 1.0)",1,99.90654812649696,225
"(0.9380032206119162, 1.0)",1,99.90625718886588,226
"(1.0, 1.0)",2,99.9062049062049,228
"(0.9841269841269842, 1.0)",1,99.9062049062049,229
"(0.9666666666666668, 1.0)",1,99.9060606060606,230
"(1.0, 1.0)",2,99.9047619047619,232
"(0.9841269841269842, 1.0)",1,99.9031746031746,233
"(0.9333333333333332, 1.0)",1,99.9030303030303,234
"(0.9696969696969696, 1.0)",2,99.9030303030303,236
"(1.0, 1.0)",1,99.9030303030303,237
"(1.0, 1.0)",3,99.9015873015873,240
"(0.9333333333333332, 1.0)",3,99.9015873015873,243
"(1.0, 1.0)",1,99.90096618357488,244
"(0.9444444444444444, 1.0)",1,99.90096618357488,245
"(0.9696969696969696, 1.0)",7,99.8982683982684,252
"(0.9135802469135802, 1.0)",3,99.89770723104056,255
"(1.0, 1.0)",4,99.89770723104056,259
"(0.9841269841269842, 1.0)",1,99.89770723104056,260
"(1.0, 1.0)",1,99.89717046238786,261
"(1.0, 1.0)",1,99.89717046238783,262
"(1.0, 1.0)",1,99.8968253968254,263
"(0.9841269841269842, 1.0)",1,99.8968253968254,264
"(0.896551724137931, 1.0)",4,99.89655172413794,268
"(0.9380032206119162, 1.0)",1,99.89452495974236,269
"(1.0, 1.0)",1,99.89447267708138,270
"(0.9841269841269842, 1.0)",2,99.89447267708138,272
"(1.0, 1.0)",2,99.89447267708135,274
"(0.9696969696969696, 1.0)",1,99.8932178932179,275
"(1.0, 1.0)",3,99.89302967563836,278
"(0.9230769230769232, 1.0)",4,99.89277389277387,282
"(0.9696969696969696, 1.0)",5,99.8917748917749,287
"(1.0, 1.0)",1,99.8917748917749,288
"(0.9841269841269842, 1.0)",2,99.8917748917749,290
"(0.9230769230769232, 1.0)",2,99.8913308913309,292
"(1.0, 1.0)",2,99.8913308913309,294
"(0.9841269841269842, 1.0)",2,99.8913308913309,296
"(0.9674603174603176, 1.0)",1,99.89098124098123,297
"(0.9380032206119162, 1.0)",2,99.89038417299288,299
"(0.9841269841269842, 1.0)",1,99.8903318903319,300
"(1.0, 1.0)",1,99.8903318903319,301
"(0.9696969696969696, 1.0)",1,99.8903318903319,302
"(0.9841269841269842, 1.0)",6,99.8901875901876,308
"(1.0, 1.0)",4,99.88888888888889,312
"(0.9047619047619048, 1.0)",7,99.88888888888889,319
"(0.9841269841269842, 1.0)",1,99.88888888888889,320
"(0.9444444444444444, 1.0)",1,99.88888888888889,321
"(0.9841269841269842, 1.0)",2,99.8887445887446,323
"(0.9666666666666668, 1.0)",1,99.8887445887446,324
"(0.9841269841269842, 1.0)",1,99.88866104655578,325
"(0.9521531100478468, 1.0)",1,99.88866104655578,326
"(1.0, 1.0)",3,99.8871572871573,329
"(0.9841269841269842, 1.0)",1,99.8871572871573,330
"(0.8867623604465709, 1.0)",1,99.88676236044655,331
"(1.0, 1.0)",2,99.88571428571429,333
"(0.9333333333333332, 1.0)",3,99.88571428571429,336
"(0.900854700854701, 1.0)",1,99.88498168498168,337
"(0.9674603174603176, 1.0)",9,99.88492063492065,346
"(1.0, 1.0)",1,99.884126984127,347
"(1.0, 1.0)",1,99.88383838383838,348
"(1.0, 1.0)",1,99.88327721661057,349
"(0.9135802469135802, 1.0)",3,99.88327721661057,352
"(0.9696969696969696, 1.0)",2,99.8823953823954,354
"(0.9841269841269842, 1.0)",2,99.8823953823954,356
"(0.9444444444444444, 1.0)",4,99.88239538239536,360
"(1.0, 1.0)",7,99.88183421516754,367
"(0.9135802469135802, 1.0)",4,99.88183421516754,371
"(1.0, 1.0)",1,99.88172043010752,372
"(0.9841269841269842, 1.0)",3,99.88129744651484,375
"(0.896551724137931, 1.0)",1,99.88067870826492,376
"(0.9841269841269842, 1.0)",2,99.88015873015873,378
"(0.9696969696969696, 1.0)",2,99.88004266265136,380
"(1.0, 1.0)",1,99.87959866220736,381
"(0.9224211423699916, 1.0)",2,99.87894288150042,383
"(0.9380032206119162, 1.0)",1,99.87865194386931,384
"(0.9565217391304348, 1.0)",1,99.87859966120836,385
"(1.0, 1.0)",1,99.87859966120836,386
"(0.9841269841269842, 1.0)",1,99.87859966120836,387
"(1.0, 1.0)",1,99.87777777777778,388
"(1.0, 1.0)",1,99.87734487734488,389
"(0.9248366013071896, 1.0)",1,99.87721755368814,390
"(0.9841269841269842, 1.0)",1,99.87715665976536,391
"(0.9841269841269842, 1.0)",1,99.87624509619394,392
"(0.9380032206119162, 1.0)",1,99.87595415856283,393
"(0.9521531100478468, 1.0)",3,99.87567403356876,396
"(0.9230769230769232, 1.0)",2,99.87545787545788,398
"(0.9841269841269842, 1.0)",1,99.87545787545788,399
"(1.0, 1.0)",7,99.87545787545788,406
"(0.875, 1.0)",2,99.875,408
"(0.9224211423699916, 1.0)",1,99.87480209475096,409
"(1.0, 1.0)",1,99.87466422466424,410
"(1.0, 1.0)",1,99.87445887445888,411
"(0.9047619047619048, 1.0)",1,99.87445887445888,412
"(0.9696969696969696, 1.0)",1,99.87445887445888,413
"(1.0, 1.0)",2,99.87398205659076,415
"(0.9565217391304348, 1.0)",1,99.87398205659076,416
"(0.9333333333333332, 1.0)",1,99.87398205659076,417
"(1.0, 1.0)",1,99.87301587301587,418
"(0.9047619047619048, 1.0)",7,99.87301587301587,425
"(0.9841269841269842, 1.0)",1,99.87301587301587,426
"(0.9507101086048454, 1.0)",1,99.87278803068276,427
"(0.9333333333333332, 1.0)",1,99.87272727272727,428
"(0.9696969696969696, 1.0)",1,99.87128427128428,429
"(0.9333333333333332, 1.0)",1,99.87128427128428,430
"(0.9565217391304348, 1.0)",1,99.87066315327183,431
"(0.9674603174603176, 1.0)",1,99.87063492063491,432
"(1.0, 1.0)",3,99.87010198604402,435
"(0.9135802469135802, 1.0)",8,99.87010198604402,443
"(0.9507101086048454, 1.0)",1,99.86967418546368,444
"(0.9565217391304348, 1.0)",1,99.86956521739133,445
"(0.9333333333333332, 1.0)",1,99.86936026936029,446
"(0.900854700854701, 1.0)",2,99.86910866910868,448
"(1.0, 1.0)",1,99.86904761904762,449
"(0.9674603174603176, 1.0)",3,99.86904761904762,452
"(0.9696969696969696, 1.0)",1,99.86796536796535,453
"(0.9135802469135802, 1.0)",3,99.86740420073754,456
"(0.9333333333333332, 1.0)",1,99.86666666666667,457
"(1.0, 1.0)",2,99.86652236652236,459
"(0.896551724137931, 1.0)",4,99.8662486938349,463
"(1.0, 1.0)",2,99.86624396135268,465
"(0.9135802469135802, 1.0)",1,99.86596119929452,466
"(0.9674603174603176, 1.0)",2,99.86516754850088,468
"(0.9444444444444444, 1.0)",1,99.86493506493508,469
"(0.9507101086048454, 1.0)",3,99.86485152274626,472
"(0.9674603174603176, 1.0)",1,99.86463077984816,473
"(0.9565217391304348, 1.0)",1,99.86416964677836,474
"(1.0, 1.0)",2,99.86416964677836,476
"(0.9230769230769232, 1.0)",5,99.86372564633434,481
"(0.9841269841269842, 1.0)",1,99.86324786324786,482
"(0.8627450980392157, 1.0)",1,99.8627450980392,483
"(1.0, 1.0)",1,99.86272664533534,484
"(0.9565217391304348, 1.0)",1,99.86272664533534,485
"(0.9230769230769232, 1.0)",1,99.86247086247089,486
"(0.9674603174603176, 1.0)",1,99.86193299454168,487
"(0.9696969696969696, 1.0)",1,99.86147186147188,488
"(1.0, 1.0)",1,99.86147186147188,489
"(0.9047619047619048, 1.0)",2,99.86128364389234,491
"(0.9841269841269842, 1.0)",2,99.86105580155925,493
"(1.0, 1.0)",1,99.86102786102786,494
"(0.9696969696969696, 1.0)",2,99.86102786102786,496
"(0.9841269841269842, 1.0)",1,99.86102786102786,497
"(0.9380032206119162, 1.0)",1,99.86008114268984,498
"(0.9333333333333332, 1.0)",1,99.85955204216074,499
"(1.0, 1.0)",1,99.85935701725175,500
"(0.9696969696969696, 1.0)",1,99.8592352092352,501
"(0.875, 1.0)",2,99.859126984127,503
"(1.0, 1.0)",1,99.859126984127,504
"(0.9224211423699916, 1.0)",1,99.85892907887794,505
"(1.0, 1.0)",8,99.85802469135804,513
"(0.8883205456095482, 1.0)",2,99.85801751530651,515
"(0.9666666666666668, 1.0)",1,99.85799755799756,516
"(1.0, 1.0)",1,99.85714285714288,517
"(0.9047619047619048, 1.0)",1,99.85714285714286,518
"(0.9841269841269842, 1.0)",1,99.85714285714286,519
"(0.9507101086048454, 1.0)",1,99.85691501480974,520
"(0.9696969696969696, 1.0)",1,99.85685425685426,521
"(0.9333333333333332, 1.0)",1,99.85396825396823,522
"(0.9696969696969696, 1.0)",2,99.85382395382396,524
"(0.9507101086048454, 1.0)",1,99.85380116959064,525
"(0.9333333333333332, 1.0)",2,99.85374041163514,527
"(0.9696969696969696, 1.0)",1,99.85353535353536,528
"(0.900854700854701, 1.0)",4,99.85323565323566,532
"(0.896551724137931, 1.0)",1,99.85307346326836,533
"(0.9135802469135802, 1.0)",1,99.85297418630752,534
"(0.9565217391304348, 1.0)",1,99.8524374176548,535
"(1.0, 1.0)",1,99.85238095238095,536
"(0.9666666666666668, 1.0)",1,99.85238095238095,537
"(0.9333333333333332, 1.0)",6,99.85229741019216,543
"(0.9841269841269842, 1.0)",1,99.85229741019216,544
"(0.883876357560568, 1.0)",1,99.85213032581451,545
"(0.9696969696969696, 1.0)",1,99.85209235209236,546
"(0.9565217391304348, 1.0)",2,99.85167629217972,548
"(0.9230769230769232, 1.0)",1,99.85164835164836,549
"(1.0, 1.0)",1,99.85153118486453,550
"(0.9135802469135802, 1.0)",6,99.85153118486453,556
"(0.9696969696969696, 1.0)",1,99.8512987012987,557
"(0.9696969696969696, 1.0)",1,99.8509944162118,558
"(0.9523809523809524, 1.0)",1,99.85064935064936,559
"(0.9696969696969696, 1.0)",1,99.85064935064936,560
"(0.9696969696969696, 1.0)",1,99.85042150831624,561
"(0.9841269841269842, 1.0)",4,99.85037567796188,565
"(1.0, 1.0)",1,99.85008818342152,566
"(0.9841269841269842, 1.0)",1,99.85008818342152,567
"(0.9135802469135802, 1.0)",2,99.85008818342152,569
"(1.0, 1.0)",1,99.84986034108842,570
"(0.9444444444444444, 1.0)",2,99.84985569985572,572
"(0.9674603174603176, 1.0)",1,99.84929453262788,573
"(0.9047619047619048, 1.0)",1,99.84920634920636,574
"(0.9444444444444444, 1.0)",1,99.84920634920636,575
"(0.9841269841269842, 1.0)",1,99.84893267651888,576
"(0.9507101086048454, 1.0)",2,99.8484173396454,578
"(0.9674603174603176, 1.0)",1,99.8484126984127,579
"(1.0, 1.0)",1,99.8484126984127,580
"(0.9380032206119162, 1.0)",1,99.8483489135663,581
"(0.9565217391304348, 1.0)",1,99.84829663090532,582
"(0.9696969696969696, 1.0)",2,99.84829663090532,584
"(1.0, 1.0)",1,99.84829663090532,585
"(0.9521531100478468, 1.0)",4,99.84806878857222,589
"(0.9841269841269842, 1.0)",2,99.84737484737484,591
"(0.9333333333333332, 1.0)",1,99.8469135802469,592
"(0.9380032206119162, 1.0)",2,99.8469059121233,594
"(1.0, 1.0)",1,99.8468720821662,595
"(0.9841269841269842, 1.0)",1,99.84685362946232,596
"(0.9565217391304348, 1.0)",1,99.84685362946232,597
"(0.9696969696969696, 1.0)",1,99.84685362946232,598
"(1.0, 1.0)",1,99.84685362946232,599
"(0.8468468468468467, 1.0)",7,99.84684684684684,606
"(0.9696969696969696, 1.0)",2,99.84659784659785,608
"(0.9696969696969696, 1.0)",1,99.84559884559884,609
"(0.9841269841269842, 1.0)",1,99.84559884559884,610
"(0.9565217391304348, 1.0)",1,99.84541062801932,611
"(0.9696969696969696, 1.0)",1,99.84518278568622,612
"(0.9230769230769232, 1.0)",1,99.84515484515484,613
"(0.875, 1.0)",4,99.84469696969695,617
"(0.9841269841269842, 1.0)",1,99.84449906444792,618
"(0.9380032206119162, 1.0)",1,99.84420812681682,619
"(0.9841269841269842, 1.0)",1,99.84415584415584,620
"(0.9696969696969696, 1.0)",1,99.84415584415584,621
"(0.9521531100478468, 1.0)",1,99.84392800182276,622
"(1.0, 1.0)",1,99.84382332643202,623
"(0.9333333333333332, 1.0)",1,99.84367902628772,624
"(0.9696969696969696, 1.0)",1,99.84367902628772,625
"(1.0, 1.0)",1,99.84348400137874,626
"(0.875, 1.0)",2,99.84325396825398,628
"(0.909722222222222, 1.0)",1,99.84305555555557,629
"(0.9841269841269842, 1.0)",1,99.84302967563838,630
"(0.9380032206119162, 1.0)",1,99.84276512537384,631
"(1.0, 1.0)",2,99.84271284271284,633
"(0.9333333333333332, 1.0)",1,99.84223602484472,634
"(0.9565217391304348, 1.0)",1,99.84223602484472,635
"(0.9135802469135802, 1.0)",1,99.842151675485,636
"(0.8883205456095482, 1.0)",8,99.8421444994335,644
"(0.8571428571428572, 1.0)",1,99.84126984126983,645
"(0.9841269841269842, 1.0)",4,99.84126984126983,649
"(0.9444444444444444, 1.0)",1,99.84126984126983,650
"(1.0, 1.0)",1,99.84126984126983,651
"(0.8888888888888888, 1.0)",1,99.84126984126983,652
"(0.9047619047619048, 1.0)",3,99.84126984126983,655
"(1.0, 1.0)",1,99.84099616858238,656
"(0.9333333333333332, 1.0)",1,99.84098124098124,657
"(0.9333333333333332, 1.0)",2,99.84098124098124,659
"(0.9230769230769232, 1.0)",1,99.84053724053724,660
"(0.9565217391304348, 1.0)",1,99.84036012296882,661
"(0.9696969696969696, 1.0)",1,99.84024864024865,662
"(0.9135802469135802, 1.0)",1,99.839798955741,663
"(1.0, 1.0)",1,99.83953823953824,664
"(0.9333333333333332, 1.0)",2,99.8387445887446,666
"(0.9696969696969696, 1.0)",3,99.83795093795094,669
"(0.9696969696969696, 1.0)",1,99.83770031138452,670
"(0.9444444444444444, 1.0)",2,99.83747412008282,672
"(0.9230769230769232, 1.0)",1,99.83721833721832,673
"(1.0, 1.0)",1,99.8371011704345,674
"(0.9380032206119162, 1.0)",3,99.83627161888032,677
"(0.9841269841269842, 1.0)",1,99.83621933621932,678
"(0.8518518518518519, 1.0)",1,99.83597883597884,679
"(0.9666666666666668, 1.0)",1,99.83588681849552,680
"(0.9230769230769232, 1.0)",1,99.83577533577534,681
"(0.9696969696969696, 1.0)",2,99.8356581689915,683
"(0.9696969696969696, 1.0)",1,99.8351214003388,684
"(0.8350168350168351, 1.0)",1,99.83501683501684,685
"(0.9696969696969696, 1.0)",1,99.83477633477634,686
"(1.0, 1.0)",2,99.83475355054304,688
"(0.9333333333333332, 1.0)",1,99.83475355054304,689
"(1.0, 1.0)",1,99.83450266208888,690
"(0.896551724137931, 1.0)",1,99.83450266208888,691
"(0.9696969696969696, 1.0)",1,99.83450266208888,692
"(0.9333333333333332, 1.0)",1,99.83429951690822,693
"(0.9135802469135802, 1.0)",2,99.8342151675485,695
"(1.0, 1.0)",1,99.8342151675485,696
"(0.9230769230769232, 1.0)",1,99.83342261603131,697
"(1.0, 1.0)",1,99.83342151675484,698
"(0.9444444444444444, 1.0)",1,99.83333333333334,699
"(1.0, 1.0)",2,99.83333333333334,701
"(0.8487103174603176, 1.0)",1,99.8328373015873,702
"(0.9565217391304348, 1.0)",1,99.83276683532438,703
"(0.9841269841269842, 1.0)",1,99.83261183261185,704
"(0.9507101086048454, 1.0)",7,99.8325443237724,711
"(0.8627450980392157, 1.0)",1,99.83244206773618,712
"(0.9507101086048454, 1.0)",1,99.83243053871236,713
"(0.9696969696969696, 1.0)",4,99.83242361503233,717
"(0.9363636363636364, 1.0)",2,99.832279314888,719
"(0.9666666666666668, 1.0)",2,99.83209109730848,721
"(0.9230769230769232, 1.0)",1,99.8317517722552,722
"(0.875, 1.0)",1,99.83152173913044,723
"(0.9380032206119162, 1.0)",1,99.8312211138298,724
"(0.9841269841269842, 1.0)",1,99.83116883116884,725
"(0.9696969696969696, 1.0)",1,99.83116883116882,726
"(1.0, 1.0)",1,99.8310405643739,727
"(1.0, 1.0)",1,99.8309990662932,728
"(0.8468468468468467, 1.0)",8,99.83097383097385,736
"(0.9521531100478468, 1.0)",1,99.83094098883572,737
"(0.8791208791208792, 1.0)",2,99.83070818070816,739
"(0.9565217391304348, 1.0)",1,99.8305037957212,740
"(0.9230769230769232, 1.0)",1,99.830392313001,741
"(0.9841269841269842, 1.0)",1,99.83033671134358,742
"(0.9230769230769232, 1.0)",1,99.83028083028084,743
"(0.909722222222222, 1.0)",1,99.83021284271284,744
"(0.9841269841269842, 1.0)",1,99.82953761214632,745
"(0.900854700854701, 1.0)",1,99.82942612942614,746
"(0.875, 1.0)",4,99.82882395382396,750
"(0.9380032206119162, 1.0)",1,99.8283873936048,751
"(0.8888888888888888, 1.0)",1,99.82828282828282,752
"(0.9521531100478468, 1.0)",2,99.82805498594972,754
"(0.9047619047619048, 1.0)",1,99.827950310559,755
"(0.9674603174603176, 1.0)",1,99.82769452769452,756
"(0.9172932330827066, 1.0)",1,99.8276389260371,757
"(1.0, 1.0)",2,99.82761098550571,759
"(0.875, 1.0)",2,99.82738095238096,761
"(1.0, 1.0)",1,99.82716049382717,762
"(0.9047619047619048, 1.0)",1,99.82683982683984,763
"(0.9565217391304348, 1.0)",1,99.82662372517444,764
"(0.9841269841269842, 1.0)",1,99.82661198450673,765
"(1.0, 1.0)",1,99.82623224728488,766
"(0.9047619047619048, 1.0)",1,99.82539682539682,767
"(1.0, 1.0)",7,99.82539682539682,774
"(0.896551724137931, 1.0)",1,99.82512315270937,775
"(0.9047619047619048, 1.0)",1,99.82491582491582,776
"(0.9507101086048454, 1.0)",1,99.8246921651956,777
"(0.9230769230769232, 1.0)",2,99.82466422466422,779
"(0.9841269841269842, 1.0)",1,99.82460317460315,780
"(1.0, 1.0)",1,99.82460317460315,781
"(0.9224211423699916, 1.0)",2,99.8240084439573,783
"(0.9696969696969696, 1.0)",1,99.82392593986796,784
"(0.8888888888888888, 1.0)",1,99.82372598162073,785
"(0.9507101086048454, 1.0)",2,99.82372598162073,787
"(1.0, 1.0)",1,99.82366522366522,788
"(0.909722222222222, 1.0)",1,99.8233024691358,789
"(0.9380032206119162, 1.0)",1,99.8230963883138,790
"(0.9444444444444444, 1.0)",1,99.8230441056528,791
"(0.896551724137931, 1.0)",1,99.82277043296534,792
"(1.0, 1.0)",1,99.8225534851622,793
"(0.9333333333333332, 1.0)",1,99.82222222222222,794
"(0.9047619047619048, 1.0)",1,99.82213868003342,795
"(0.9333333333333332, 1.0)",1,99.82199437988912,796
"(0.9363636363636364, 1.0)",1,99.82145680406548,797
"(0.9841269841269842, 1.0)",1,99.82142857142856,798
"(0.896551724137931, 1.0)",5,99.82132743152232,803
"(0.9841269841269842, 1.0)",1,99.82080745341617,804
"(0.9135802469135802, 1.0)",1,99.82078415411748,805
"(0.9841269841269842, 1.0)",2,99.82069138590876,807
"(0.9444444444444444, 1.0)",1,99.8206895406384,808
"(0.9507101086048454, 1.0)",1,99.82055137844613,809
"(0.9444444444444444, 1.0)",2,99.82034632034632,811
"(0.9696969696969696, 1.0)",2,99.82007264765886,813
"(0.9507101086048454, 1.0)",1,99.8199302604337,814
"(1.0, 1.0)",1,99.81990231990233,815
"(0.9135802469135802, 1.0)",1,99.81978515311847,816
"(0.9696969696969696, 1.0)",2,99.81978515311847,818
"(0.865079365079365, 1.0)",1,99.81890331890332,819
"(1.0, 1.0)",2,99.81888053467,821
"(0.9444444444444444, 1.0)",1,99.81867547657022,822
"(0.9841269841269842, 1.0)",1,99.8186754765702,823
"(0.8518518518518519, 1.0)",1,99.81851851851852,824
"(1.0, 1.0)",1,99.81834215167548,825
"(0.9565217391304348, 1.0)",1,99.81833682089436,826
"(0.9696969696969696, 1.0)",4,99.81810966810968,830
"(0.8498168498168498, 1.0)",1,99.81807081807082,831
"(0.9696969696969696, 1.0)",1,99.81799360060228,832
"(0.9841269841269842, 1.0)",1,99.81799360060228,833
"(0.9047619047619048, 1.0)",2,99.81780538302276,835
"(0.9363636363636364, 1.0)",1,99.81766108287847,836
"(0.9444444444444444, 1.0)",1,99.81746031746032,837
"(0.9135802469135802, 1.0)",2,99.81661054994387,839
"(0.8468468468468467, 1.0)",1,99.8165438165438,840
"(0.875593542260209, 1.0)",1,99.81624226551764,841
"(0.9565217391304348, 1.0)",1,99.8160695986783,842
"(0.9230769230769232, 1.0)",1,99.8158508158508,843
"(0.9841269841269842, 1.0)",1,99.8157894736842,844
"(0.875, 1.0)",2,99.81564872325742,846
"(0.9696969696969696, 1.0)",1,99.8156451735399,847
"(0.9674603174603176, 1.0)",1,99.81531294792164,848
"(0.9135802469135802, 1.0)",3,99.81516754850088,851
"(0.9696969696969696, 1.0)",1,99.81510759771628,852
"(0.9841269841269842, 1.0)",1,99.81510759771628,853
"(0.8468468468468467, 1.0)",3,99.8151008151008,856
"(0.8791208791208792, 1.0)",1,99.81483516483516,857
"(0.909722222222222, 1.0)",2,99.81448412698413,859
"(0.9841269841269842, 1.0)",1,99.81446369547056,860
"(0.9507101086048454, 1.0)",2,99.81443575493918,862
"(0.875, 1.0)",1,99.81439393939394,863
"(0.9224211423699916, 1.0)",1,99.81419603414489,864
"(0.896551724137931, 1.0)",2,99.81401204159825,866
"(0.896551724137931, 1.0)",1,99.81384495722064,867
"(0.9047619047619048, 1.0)",1,99.8136645962733,868
"(1.0, 1.0)",1,99.8136645962733,869
"(0.875, 1.0)",2,99.81295093795094,871
"(1.0, 1.0)",1,99.8129319955407,872
"(0.9333333333333332, 1.0)",1,99.8126148705096,873
"(0.909722222222222, 1.0)",1,99.81241582491585,874
"(0.9444444444444444, 1.0)",1,99.8124098124098,875
"(0.9521531100478468, 1.0)",1,99.8119541277436,876
"(0.9333333333333332, 1.0)",7,99.81193299454168,883
"(1.0, 1.0)",6,99.81193299454168,889
"(0.9380032206119162, 1.0)",1,99.81166844427712,890
"(0.9224211423699916, 1.0)",1,99.81131003125888,891
"(0.9841269841269842, 1.0)",1,99.81128747795417,892
"(1.0, 1.0)",1,99.81128747795417,893
"(1.0, 1.0)",5,99.81096681096682,898
"(0.9696969696969696, 1.0)",1,99.81096681096682,899
"(0.8888888888888888, 1.0)",3,99.81096681096682,902
"(0.8867623604465709, 1.0)",1,99.8102832839675,903
"(1.0, 1.0)",1,99.8101319710515,904
"(0.9333333333333332, 1.0)",1,99.8092352092352,905
"(0.9565217391304348, 1.0)",3,99.8081700907788,908
"(1.0, 1.0)",1,99.8079365079365,909
"(0.8571428571428572, 1.0)",2,99.8078529657477,911
"(0.9696969696969696, 1.0)",2,99.8077922077922,913
"(0.8627450980392157, 1.0)",4,99.80718954248366,917
"(1.0, 1.0)",1,99.8071710897798,918
"(0.9172932330827066, 1.0)",1,99.80714830554648,919
"(0.9333333333333332, 1.0)",1,99.80699855699856,920
"(1.0, 1.0)",1,99.80689741709232,921
"(0.896551724137931, 1.0)",2,99.80689741709232,923
"(0.9841269841269842, 1.0)",2,99.8066378066378,925
"(0.9841269841269842, 1.0)",1,99.80637743898612,926
"(0.8498168498168498, 1.0)",1,99.80633858894728,927
"(0.9521531100478468, 1.0)",1,99.8056884635832,928
"(0.900854700854701, 1.0)",1,99.8056166056166,929
"(0.896551724137931, 1.0)",2,99.80545441564932,931
"(0.9841269841269842, 1.0)",3,99.80491113824448,934
"(0.8350168350168351, 1.0)",1,99.8047138047138,935
"(0.9172932330827066, 1.0)",1,99.80445052024,936
"(0.9841269841269842, 1.0)",1,99.80419963178583,937
"(0.9696969696969696, 1.0)",1,99.80419963178583,938
"(0.896551724137931, 1.0)",1,99.80419963178583,939
"(0.9696969696969696, 1.0)",1,99.80398268398268,940
"(0.9363636363636364, 1.0)",1,99.80376783710116,941
"(0.9444444444444444, 1.0)",1,99.80357142857144,942
"(0.9507101086048454, 1.0)",1,99.8035239614187,943
"(1.0, 1.0)",1,99.80337536859275,944
"(0.8350168350168351, 1.0)",2,99.8032708032708,946
"(0.9047619047619048, 1.0)",1,99.80303030303033,947
"(0.9841269841269842, 1.0)",1,99.80303030303033,948
"(0.8817204301075269, 1.0)",1,99.8030047013918,949
"(0.896551724137931, 1.0)",1,99.80275663034284,950
"(0.9696969696969696, 1.0)",1,99.80261233019854,951
"(0.9666666666666668, 1.0)",1,99.802442002442,952
"(0.9841269841269842, 1.0)",1,99.80235535074245,953
"(0.8498168498168498, 1.0)",1,99.8021978021978,954
"(0.9333333333333332, 1.0)",1,99.8020202020202,955
"(0.9047619047619048, 1.0)",1,99.80193236714976,956
"(0.9230769230769232, 1.0)",2,99.80167658428527,958
"(0.9333333333333332, 1.0)",1,99.80142021720968,959
"(0.9841269841269842, 1.0)",1,99.8013594592542,960
"(0.896551724137931, 1.0)",1,99.80131362889983,961
"(0.9696969696969696, 1.0)",1,99.8012987012987,962
"(0.9841269841269842, 1.0)",2,99.80128730918204,964
"(0.9841269841269842, 1.0)",1,99.80067758328627,965
"(0.8468468468468467, 1.0)",1,99.8006708006708,966
"(0.9135802469135802, 1.0)",3,99.80057044969324,969
"(1.0, 1.0)",6,99.8005199781062,975
"(0.9023569023569024, 1.0)",2,99.80006413339748,977
"(0.9333333333333332, 1.0)",1,99.8,978
"(0.9841269841269842, 1.0)",1,99.79988393249263,979
"(1.0, 1.0)",1,99.7998556998557,980
"(0.9507101086048454, 1.0)",1,99.79964278512372,981
"(0.7996201329534663, 1.0)",2,99.79962013295346,983
"(0.9135802469135802, 1.0)",1,99.79929453262788,984
"(0.8151260504201681, 1.0)",1,99.79925303454716,985
"(0.9047619047619048, 1.0)",2,99.79923458184328,987
"(0.8468468468468467, 1.0)",1,99.7992277992278,988
"(0.936026936026936, 1.0)",1,99.79875358136228,989
"(0.909722222222222, 1.0)",3,99.79861111111111,992
"(0.9841269841269842, 1.0)",2,99.79859067959757,994
"(0.9507101086048454, 1.0)",1,99.79856273906616,995
"(0.8468468468468467, 1.0)",4,99.79843414843415,999
"(0.9444444444444444, 1.0)",1,99.7984126984127,1000
"(0.9565217391304348, 1.0)",2,99.79813664596271,1002
"(0.9444444444444444, 1.0)",1,99.7979797979798,1003
"(0.896551724137931, 1.0)",3,99.79797194134764,1006
"(0.9047619047619048, 1.0)",1,99.79779158040029,1007
"(1.0, 1.0)",1,99.79779158040029,1008
"(0.9523809523809524, 1.0)",1,99.79779158040029,1009
"(0.900854700854701, 1.0)",1,99.7976800976801,1010
"(0.9696969696969696, 1.0)",1,99.7975357975358,1011
"(0.9841269841269842, 1.0)",1,99.79731057991928,1012
"(0.896551724137931, 1.0)",1,99.79655172413791,1013
"(0.9135802469135802, 1.0)",1,99.7963206948714,1014
"(0.8518518518518519, 1.0)",4,99.7962962962963,1018
"(0.9841269841269842, 1.0)",1,99.79611226132964,1019
"(1.0, 1.0)",2,99.79605997866868,1021
"(0.9224211423699916, 1.0)",1,99.79543701538586,1022
"(0.9841269841269842, 1.0)",1,99.79523809523808,1023
"(0.9696969696969696, 1.0)",1,99.79515484515484,1024
"(0.9047619047619048, 1.0)",2,99.7950937950938,1026
"(0.9047619047619048, 1.0)",8,99.7950937950938,1034
"(0.9696969696969696, 1.0)",2,99.7950937950938,1036
"(0.8109668109668109, 1.0)",1,99.7950937950938,1037
"(0.9565217391304348, 1.0)",1,99.79461697722569,1038
"(0.8883205456095482, 1.0)",1,99.79452545181444,1039
"(0.8498168498168498, 1.0)",1,99.79426129426128,1040
"(0.896551724137931, 1.0)",1,99.79372218652578,1041
"(0.9666666666666668, 1.0)",1,99.79286259126076,1042
"(1.0, 1.0)",1,99.79262930052404,1043
"(0.8376068376068375, 1.0)",1,99.7914307914308,1044
"(1.0, 1.0)",2,99.79129807390676,1046
"(0.896551724137931, 1.0)",2,99.7910244012193,1048
"(0.9696969696969696, 1.0)",1,99.79092512425844,1049
"(0.9047619047619048, 1.0)",2,99.7904761904762,1051
"(0.8498168498168498, 1.0)",3,99.79046557307429,1054
"(0.8864468864468864, 1.0)",1,99.79041514041516,1055
"(0.9674603174603176, 1.0)",1,99.78968253968252,1056
"(0.9444444444444444, 1.0)",1,99.7895992895993,1057
"(0.9230769230769232, 1.0)",2,99.7895992895993,1059
"(0.9565217391304348, 1.0)",1,99.78958139977632,1060
"(0.896551724137931, 1.0)",1,99.7895813997763,1061
"(0.9135802469135802, 1.0)",1,99.78948212281546,1062
"(0.936026936026936, 1.0)",1,99.78917565928435,1063
"(0.9565217391304348, 1.0)",1,99.78913660964004,1064
"(0.9507101086048454, 1.0)",1,99.78906606290283,1065
"(0.9135802469135802, 1.0)",1,99.78903812237144,1066
"(0.8373015873015873, 1.0)",1,99.78888888888888,1067
"(0.9333333333333332, 1.0)",1,99.78880534670007,1068
"(1.0, 1.0)",1,99.7887445887446,1069
"(0.883876357560568, 1.0)",6,99.78863826232248,1075
"(0.9047619047619048, 1.0)",1,99.78803912137246,1076
"(0.9841269841269842, 1.0)",1,99.78750235271974,1077
"(0.9224211423699916, 1.0)",2,99.7872268347619,1079
"(0.9047619047619048, 1.0)",1,99.78659611992946,1080
"(0.9363636363636364, 1.0)",1,99.78591505113243,1081
"(0.8627450980392157, 1.0)",3,99.78582202111612,1084
"(0.9047619047619048, 1.0)",2,99.78571428571428,1086
"(0.8791208791208792, 1.0)",1,99.78532578532578,1087
"(0.8487103174603176, 1.0)",1,99.78521825396824,1088
"(0.896551724137931, 1.0)",6,99.78521277069372,1094
"(0.904126984126984, 1.0)",3,99.7848056923919,1097
"(0.8468468468468467, 1.0)",1,99.7847977847978,1098
"(0.9521531100478468, 1.0)",1,99.78476494265968,1099
"(0.9135802469135802, 1.0)",1,99.78469743382024,1100
"(0.9230769230769232, 1.0)",1,99.7845487845488,1101
"(0.9696969696969696, 1.0)",1,99.7841810966811,1102
"(0.8, 1.0)",2,99.78412698412698,1104
"(0.9023569023569024, 1.0)",2,99.78407733246442,1106
"(0.8791208791208792, 1.0)",1,99.78373848373847,1107
"(0.9224211423699916, 1.0)",1,99.78344900339783,1108
"(0.8888888888888888, 1.0)",1,99.78336156597028,1109
"(0.8468468468468467, 1.0)",1,99.78335478335478,1110
"(0.8864468864468864, 1.0)",1,99.78327228327228,1111
"(0.9696969696969696, 1.0)",1,99.78310578310578,1112
"(0.8791208791208792, 1.0)",1,99.78308913308912,1113
"(0.896551724137931, 1.0)",1,99.78305966064588,1114
"(0.9841269841269842, 1.0)",1,99.78280039874242,1115
"(0.8468468468468467, 1.0)",3,99.78256113256114,1118
"(0.9841269841269842, 1.0)",1,99.78238428238429,1119
"(0.9841269841269842, 1.0)",1,99.7822660098522,1120
"(0.9565217391304348, 1.0)",1,99.78226363008972,1121
"(0.9444444444444444, 1.0)",1,99.78210678210678,1122
"(0.9696969696969696, 1.0)",2,99.7816627816628,1124
"(0.9696969696969696, 1.0)",4,99.78146287986104,1128
"(0.875, 1.0)",1,99.78125718886588,1129
"(0.9214340198321892, 1.0)",1,99.78098606199292,1130
"(0.9230769230769232, 1.0)",1,99.78086913086914,1131
"(0.9230769230769232, 1.0)",1,99.78021978021978,1132
"(0.9841269841269842, 1.0)",2,99.78021978021978,1134
"(0.8468468468468467, 1.0)",1,99.78018018018018,1135
"(0.8883205456095482, 1.0)",1,99.78009543738445,1136
"(0.9230769230769232, 1.0)",1,99.77993117993118,1137
"(0.9841269841269842, 1.0)",1,99.77922077922078,1138
"(0.9047619047619048, 1.0)",1,99.77922077922078,1139
"(0.9696969696969696, 1.0)",1,99.77894710653332,1140
"(0.8883205456095482, 1.0)",2,99.77865243594144,1142
"(0.900854700854701, 1.0)",1,99.77863247863247,1143
"(0.9444444444444444, 1.0)",1,99.77854582693293,1144
"(0.9380032206119162, 1.0)",1,99.7783873936048,1145
"(0.9248366013071896, 1.0)",1,99.77818373726302,1146
"(0.9444444444444444, 1.0)",1,99.77786706047576,1147
"(1.0, 1.0)",1,99.77777777777776,1148
"(0.9565217391304348, 1.0)",1,99.7772131250392,1149
"(0.904126984126984, 1.0)",1,99.77714285714283,1150
"(1.0, 1.0)",1,99.776756284651,1151
"(0.9841269841269842, 1.0)",1,99.77672843401744,1152
"(0.896551724137931, 1.0)",1,99.77659438678928,1153
"(0.9444444444444444, 1.0)",1,99.77642405903276,1154
"(0.896551724137931, 1.0)",1,99.7761503863453,1155
"(0.9507101086048454, 1.0)",1,99.77610693400167,1156
"(1.0, 1.0)",1,99.77555777555776,1157
"(0.896551724137931, 1.0)",1,99.77515138534628,1158
"(0.9444444444444444, 1.0)",1,99.77494824016564,1159
"(0.8897707231040564, 1.0)",1,99.77469135802468,1160
"(0.9841269841269842, 1.0)",5,99.77460317460316,1165
"(0.8571428571428572, 1.0)",2,99.77460317460316,1167
"(0.9230769230769232, 1.0)",1,99.77449432288142,1168
"(0.8571428571428572, 1.0)",3,99.77443609022556,1171
"(0.9841269841269842, 1.0)",2,99.77437533227008,1173
"(0.8904991948470209, 1.0)",1,99.7743375786854,1174
"(0.9696969696969696, 1.0)",2,99.77431457431456,1176
"(0.9696969696969696, 1.0)",1,99.77423103212575,1177
"(0.9230769230769232, 1.0)",1,99.77407133928872,1178
"(0.9047619047619048, 1.0)",1,99.77398205659075,1179
"(0.900854700854701, 1.0)",1,99.77387057387055,1180
"(1.0, 1.0)",1,99.77387057387055,1181
"(0.8864468864468864, 1.0)",2,99.77374847374848,1183
"(0.9230769230769232, 1.0)",1,99.77372627372628,1184
"(0.8229166666666666, 1.0)",1,99.77371031746031,1185
"(0.9565217391304348, 1.0)",1,99.77369345630215,1186
"(0.8791208791208792, 1.0)",1,99.77364583886325,1187
"(0.9841269841269842, 1.0)",1,99.77344877344878,1188
"(0.9565217391304348, 1.0)",1,99.77307233828974,1189
"(0.8468468468468467, 1.0)",4,99.77306555567424,1193
"(0.8350168350168351, 1.0)",2,99.77296777296776,1195
"(0.9135802469135802, 1.0)",2,99.77270723104056,1197
"(0.9333333333333332, 1.0)",1,99.77225045485916,1198
"(0.8487103174603176, 1.0)",1,99.77223124098124,1199
"(0.9023569023569024, 1.0)",1,99.77219817219816,1200
"(0.896551724137931, 1.0)",1,99.7720095995958,1201
"(0.8339307048984469, 1.0)",1,99.7718816428494,1202
"(1.0, 1.0)",1,99.77140149451364,1203
"(0.9444444444444444, 1.0)",2,99.77133655394525,1205
"(0.909722222222222, 1.0)",1,99.77100586611456,1206
"(0.896551724137931, 1.0)",1,99.7708662984525,1207
"(0.9841269841269842, 1.0)",1,99.77065897065896,1208
"(0.9841269841269842, 1.0)",1,99.77053378072868,1209
"(0.896551724137931, 1.0)",1,99.77053378072868,1210
"(0.909722222222222, 1.0)",2,99.77052486563356,1212
"(0.8817204301075269, 1.0)",1,99.77012831851542,1213
"(0.9230769230769232, 1.0)",1,99.76993055253924,1214
"(0.8468468468468467, 1.0)",1,99.76992376992376,1215
"(0.9047619047619048, 1.0)",1,99.76984126984128,1216
"(0.883876357560568, 1.0)",1,99.76959064327484,1217
"(0.896551724137931, 1.0)",3,99.7695675971538,1220
"(0.9444444444444444, 1.0)",1,99.76955266955268,1221
"(0.8791208791208792, 1.0)",5,99.76950505211374,1226
"(0.875, 1.0)",1,99.76947267708138,1227
"(0.896551724137931, 1.0)",1,99.76942329700952,1228
"(0.8151260504201681, 1.0)",2,99.76895000424412,1230
"(0.904126984126984, 1.0)",10,99.76893267651889,1240
"(0.9696969696969696, 1.0)",1,99.76872805133677,1241
"(0.8686868686868687, 1.0)",1,99.76868686868688,1242
"(0.9248366013071896, 1.0)",1,99.76851562759492,1243
"(0.9380032206119162, 1.0)",2,99.7685070163331,1245
"(0.9047619047619048, 1.0)",1,99.76848755109624,1246
"(0.8897707231040564, 1.0)",1,99.76837038431242,1247
"(0.8350168350168351, 1.0)",1,99.76835016835015,1248
"(0.9666666666666668, 1.0)",2,99.76825396825396,1250
"(0.9230769230769232, 1.0)",2,99.76823176823176,1252
"(0.9172932330827066, 1.0)",1,99.76791979949874,1253
"(0.7996201329534663, 1.0)",1,99.76787410120744,1254
"(0.9224211423699916, 1.0)",2,99.76783177038932,1256
"(0.8627450980392157, 1.0)",2,99.76750700280112,1258
"(0.8888888888888888, 1.0)",1,99.76748855009724,1259
"(0.9666666666666668, 1.0)",2,99.76740420073752,1261
"(0.8339307048984469, 1.0)",7,99.7672640382318,1268
"(0.9696969696969696, 1.0)",1,99.76723276723276,1269
"(0.896551724137931, 1.0)",1,99.76718664477283,1270
"(0.9841269841269842, 1.0)",1,99.76711640761984,1271
"(0.8883205456095482, 1.0)",1,99.7669202068179,1272
"(0.9363636363636364, 1.0)",1,99.76686743208482,1273
"(1.0, 1.0)",1,99.76673567977916,1274
"(0.9047619047619048, 1.0)",6,99.76649958228906,1280
"(1.0, 1.0)",1,99.7663308913309,1281
"(0.9696969696969696, 1.0)",3,99.76623376623375,1284
"(1.0, 1.0)",2,99.76604554865423,1286
"(0.9841269841269842, 1.0)",1,99.76604554865423,1287
"(0.8253968253968256, 1.0)",2,99.76604554865423,1289
"(0.875, 1.0)",1,99.76567511062396,1290
"(1.0, 1.0)",1,99.76514586354403,1291
"(0.900854700854701, 1.0)",1,99.76514041514042,1292
"(0.8864468864468864, 1.0)",3,99.76504654765525,1295
"(0.8109668109668109, 1.0)",1,99.76479076479076,1296
"(0.8571428571428572, 1.0)",1,99.76437470487814,1297
"(0.9230769230769232, 1.0)",1,99.76434676434678,1298
"(0.9333333333333332, 1.0)",1,99.76431394692264,1299
"(0.8977777777777779, 1.0)",1,99.76430014430017,1300
"(0.8897707231040564, 1.0)",2,99.7642818802239,1302
"(0.875, 1.0)",1,99.76388888888889,1303
"(0.9696969696969696, 1.0)",3,99.76334776334777,1306
"(0.9841269841269842, 1.0)",1,99.76287567796189,1307
"(0.8977777777777779, 1.0)",1,99.76285714285714,1308
"(1.0, 1.0)",1,99.7627401837928,1309
"(0.8883205456095482, 1.0)",1,99.76263511992413,1310
"(0.9444444444444444, 1.0)",2,99.76255875378682,1312
"(0.896551724137931, 1.0)",1,99.76239913837244,1313
"(1.0, 1.0)",1,99.76216437235928,1314
"(0.9047619047619048, 1.0)",1,99.76190476190476,1315
"(0.9135802469135802, 1.0)",1,99.7618768778189,1316
"(0.8904991948470209, 1.0)",2,99.76169992394249,1318
"(0.8571428571428572, 1.0)",2,99.76167691957166,1320
"(0.8109668109668109, 1.0)",1,99.76167691957166,1321
"(0.9696969696969696, 1.0)",1,99.76138831928306,1322
"(0.9841269841269842, 1.0)",1,99.76113934374804,1323
"(0.896551724137931, 1.0)",2,99.76084207965636,1325
"(0.8627450980392157, 1.0)",2,99.76045232907978,1327
"(0.8571428571428572, 1.0)",4,99.76017316017315,1331
"(0.9696969696969696, 1.0)",1,99.76008532530273,1332
"(0.8883205456095482, 1.0)",1,99.7596048168938,1333
"(0.9841269841269842, 1.0)",1,99.75955204216072,1334
"(0.9565217391304348, 1.0)",1,99.75955204216072,1335
"(0.8468468468468467, 1.0)",1,99.75954525954526,1336
"(0.9696969696969696, 1.0)",1,99.75923491712965,1337
"(0.8542199488491048, 1.0)",1,99.758981853611,1338
"(0.9674603174603176, 1.0)",1,99.75894660894662,1339
"(0.8350168350168351, 1.0)",1,99.75853775853776,1340
"(0.8373015873015873, 1.0)",1,99.7584301663249,1341
"(0.9521531100478468, 1.0)",1,99.7584144815266,1342
"(0.8350168350168351, 1.0)",1,99.75809375809376,1343
"(0.9047619047619048, 1.0)",1,99.75783536803029,1344
"(0.9841269841269842, 1.0)",1,99.75773609106945,1345
"(0.9333333333333332, 1.0)",1,99.75770019030888,1346
"(0.9666666666666668, 1.0)",1,99.7574035733456,1347
"(0.9521531100478468, 1.0)",2,99.75729684058632,1349
"(0.904126984126984, 1.0)",1,99.75720044739536,1350
"(0.8817204301075269, 1.0)",1,99.7571783055654,1351
"(0.8373015873015873, 1.0)",1,99.75714285714288,1352
"(0.9363636363636364, 1.0)",1,99.75656565656566,1353
"(0.9841269841269842, 1.0)",1,99.75655542017098,1354
"(0.9230769230769232, 1.0)",1,99.75627432149172,1355
"(0.8686868686868687, 1.0)",1,99.75598845598846,1356
"(0.9230769230769232, 1.0)",2,99.75584375840133,1358
"(0.936026936026936, 1.0)",1,99.7556555832418,1359
"(0.8627450980392157, 1.0)",2,99.7555189908131,1361
"(0.8571428571428572, 1.0)",1,99.75541125541125,1362
"(0.7708333333333334, 1.0)",1,99.75496031746032,1363
"(0.8571428571428572, 1.0)",2,99.75485008818342,1365
"(0.9135802469135802, 1.0)",2,99.75485008818342,1367
"(1.0, 1.0)",2,99.75453377032323,1369
"(0.9230769230769232, 1.0)",1,99.75424575424576,1370
"(0.900854700854701, 1.0)",4,99.75420183681054,1374
"(0.8883205456095482, 1.0)",7,99.75416795984408,1381
"(0.9841269841269842, 1.0)",1,99.75405753666624,1382
"(0.9047619047619048, 1.0)",2,99.75376984126984,1384
"(0.9047619047619048, 1.0)",1,99.7536945812808,1385
"(0.896551724137931, 1.0)",1,99.7536945812808,1386
"(0.896551724137931, 1.0)",1,99.75355028113648,1387
"(0.9507101086048454, 1.0)",1,99.75346673894768,1388
"(0.909722222222222, 1.0)",1,99.75328976578976,1389
"(0.9135802469135802, 1.0)",1,99.75326278659614,1390
"(0.8571428571428572, 1.0)",2,99.75305853566724,1392
"(0.9507101086048454, 1.0)",2,99.75303494426302,1394
"(0.9333333333333332, 1.0)",2,99.75296198054818,1396
"(0.8686868686868687, 1.0)",1,99.75281385281386,1397
"(0.875, 1.0)",5,99.75277777777778,1402
"(0.9444444444444444, 1.0)",1,99.7524973684394,1403
"(0.8350168350168351, 1.0)",1,99.75247715247716,1404
"(0.9444444444444444, 1.0)",2,99.75238095238096,1406
"(0.9230769230769232, 1.0)",1,99.75235875235876,1407
"(1.0, 1.0)",1,99.75196059978668,1408
"(0.9135802469135802, 1.0)",1,99.75167548500882,1409
"(0.8151260504201681, 1.0)",1,99.75163398692813,1410
"(0.8468468468468467, 1.0)",1,99.75160875160876,1411
"(0.9674603174603176, 1.0)",2,99.7515651015651,1413
"(0.9696969696969696, 1.0)",2,99.75126419474245,1415
"(0.8883205456095482, 1.0)",2,99.75104719094487,1417
"(1.0, 1.0)",1,99.75091575091577,1418
"(0.9047619047619048, 1.0)",1,99.75079365079364,1419
"(0.8542199488491048, 1.0)",1,99.75077167298704,1420
"(0.9047619047619048, 1.0)",1,99.75059523809524,1421
"(0.9696969696969696, 1.0)",2,99.75036075036076,1423
"(0.9047619047619048, 1.0)",2,99.75017253278122,1425
"(0.896551724137931, 1.0)",1,99.75012505139549,1426
"(0.9333333333333332, 1.0)",1,99.74988393249262,1427
"(0.9674603174603176, 1.0)",3,99.7498556998557,1430
"(0.8791208791208792, 1.0)",1,99.7497557997558,1431
"(0.883876357560568, 1.0)",1,99.74972377179508,1432
"(0.9565217391304348, 1.0)",1,99.74960788004266,1433
"(0.9047619047619048, 1.0)",1,99.74949494949496,1434
"(0.9841269841269842, 1.0)",1,99.74945887445888,1435
"(0.904126984126984, 1.0)",1,99.74936507936508,1436
"(0.9047619047619048, 1.0)",1,99.7492609692098,1437
"(0.9521531100478468, 1.0)",1,99.74903261942735,1438
"(0.9444444444444444, 1.0)",1,99.74891774891776,1439
"(0.9135802469135802, 1.0)",1,99.74870164725236,1440
"(0.9333333333333332, 1.0)",1,99.74862914862916,1441
"(0.8888888888888888, 1.0)",1,99.74847374847376,1442
"(1.0, 1.0)",2,99.74847374847374,1444
"(0.9230769230769232, 1.0)",1,99.74847374847374,1445
"(0.8468468468468467, 1.0)",3,99.74843414843414,1448
"(0.9135802469135802, 1.0)",1,99.74835658168992,1449
"(0.8864468864468864, 1.0)",1,99.7482619682108,1450
"(0.9224211423699916, 1.0)",1,99.74816303332928,1451
"(0.8498168498168498, 1.0)",1,99.74808524808525,1452
"(0.896551724137931, 1.0)",2,99.74808290900243,1454
"(0.9444444444444444, 1.0)",1,99.74801587301587,1455
"(0.9135802469135802, 1.0)",1,99.7478797638218,1456
"(0.8627450980392157, 1.0)",1,99.74783826574108,1457
"(1.0, 1.0)",1,99.74776753037622,1458
"(0.9333333333333332, 1.0)",1,99.74761904761904,1459
"(0.875, 1.0)",1,99.74753487253489,1460
"(1.0, 1.0)",1,99.74747474747475,1461
"(1.0, 1.0)",2,99.74747474747474,1463
"(0.8864468864468864, 1.0)",1,99.74747474747474,1464
"(0.9230769230769232, 1.0)",1,99.7470028629449,1465
"(0.8487103174603176, 1.0)",1,99.74697871572872,1466
"(0.9135802469135802, 1.0)",2,99.74691358024693,1468
"(0.9696969696969696, 1.0)",1,99.7461489692611,1469
"(1.0, 1.0)",2,99.74603174603176,1471
"(0.9047619047619048, 1.0)",1,99.74603174603176,1472
"(0.9444444444444444, 1.0)",1,99.74603174603176,1473
"(0.8791208791208792, 1.0)",1,99.7459883112057,1474
"(0.9333333333333332, 1.0)",1,99.74574314574318,1475
"(0.9565217391304348, 1.0)",1,99.74546709329316,1476
"(0.8897707231040564, 1.0)",1,99.7452342611763,1477
"(0.9507101086048454, 1.0)",1,99.74521560311034,1478
"(0.8468468468468467, 1.0)",2,99.74511524511524,1480
"(0.9565217391304348, 1.0)",1,99.7450992434974,1481
"(0.9380032206119162, 1.0)",1,99.74500177761048,1482
"(0.9224211423699916, 1.0)",1,99.7449319648808,1483
"(0.9224211423699916, 1.0)",1,99.74490408079495,1484
"(0.875, 1.0)",1,99.74484126984127,1485
"(0.7765567765567766, 1.0)",2,99.74481074481076,1487
"(0.9565217391304348, 1.0)",1,99.74456521739133,1488
"(0.8627450980392157, 1.0)",1,99.74446552814676,1489
"(0.9333333333333332, 1.0)",1,99.74444444444444,1490
"(0.9565217391304348, 1.0)",1,99.74436731214224,1491
"(0.9444444444444444, 1.0)",1,99.74421046415932,1492
"(0.8571428571428572, 1.0)",1,99.74413305992252,1493
"(0.8547544409613376, 1.0)",2,99.74307498657087,1495
"(0.883876357560568, 1.0)",1,99.74300334168755,1496
"(0.8785714285714287, 1.0)",1,99.74294532627866,1497
"(1.0, 1.0)",2,99.74242424242424,1499
"(0.9172932330827066, 1.0)",1,99.74240145819093,1500
"(0.8627450980392157, 1.0)",1,99.74234376024656,1501
"(0.9248366013071896, 1.0)",1,99.74229691876752,1502
"(0.9172932330827066, 1.0)",1,99.74220905799854,1503
"(0.8518518518518519, 1.0)",2,99.74218374218374,1505
"(1.0, 1.0)",1,99.74194742455612,1506
"(0.8686868686868687, 1.0)",2,99.74170274170274,1508
"(0.9521531100478468, 1.0)",1,99.74128668179011,1509
"(0.8373015873015873, 1.0)",1,99.74126984126984,1510
"(0.8888888888888888, 1.0)",1,99.74126984126984,1511
"(0.8571428571428572, 1.0)",1,99.74118629908104,1512
"(0.8977777777777779, 1.0)",1,99.74103174603177,1513
"(0.8373015873015873, 1.0)",1,99.7404761904762,1514
"(0.896551724137931, 1.0)",5,99.74037505056997,1519
"(0.8498168498168498, 1.0)",1,99.74014874014874,1520
"(0.9230769230769232, 1.0)",4,99.73997074252829,1524
"(0.9841269841269842, 1.0)",2,99.73982056590752,1526
"(0.8883205456095482, 1.0)",1,99.73973794541403,1527
"(0.9444444444444444, 1.0)",1,99.73953823953823,1528
"(0.8888888888888888, 1.0)",1,99.73953823953823,1529
"(0.9172932330827066, 1.0)",1,99.73920407078302,1530
"(0.7708333333333334, 1.0)",2,99.7390873015873,1532
"(0.9109477124183006, 1.0)",1,99.73900269836804,1533
"(0.9109477124183006, 1.0)",1,99.73878654025714,1534
"(0.9172932330827066, 1.0)",2,99.7385919343814,1536
"(1.0, 1.0)",4,99.73857302118172,1540
"(0.8536155202821869, 1.0)",2,99.73853615520282,1542
"(0.9135802469135802, 1.0)",1,99.7385213876442,1543
"(1.0, 1.0)",2,99.73829354531108,1545
"(0.9230769230769232, 1.0)",1,99.73818452079324,1546
"(0.9444444444444444, 1.0)",1,99.73809523809524,1547
"(0.8571428571428572, 1.0)",1,99.73809523809524,1548
"(0.896551724137931, 1.0)",1,99.73782156540776,1549
"(0.8791208791208792, 1.0)",1,99.73770673770672,1550
"(0.9444444444444444, 1.0)",1,99.73762335356538,1551
"(0.9507101086048454, 1.0)",1,99.73759372307468,1552
"(1.0, 1.0)",1,99.73737373737372,1553
"(0.875, 1.0)",2,99.73710317460318,1555
"(0.9363636363636364, 1.0)",2,99.73695193695194,1557
"(0.9841269841269842, 1.0)",1,99.73692973692974,1558
"(0.9230769230769232, 1.0)",1,99.73674151935022,1559
"(0.8686868686868687, 1.0)",1,99.73665223665223,1560
"(0.9841269841269842, 1.0)",1,99.73636363636363,1561
"(0.9444444444444444, 1.0)",3,99.73636363636363,1564
"(0.9172932330827066, 1.0)",3,99.73626609959064,1567
"(0.8151260504201681, 1.0)",2,99.73576097105509,1569
"(0.8468468468468467, 1.0)",1,99.73573573573574,1570
"(0.9230769230769232, 1.0)",2,99.73569208569208,1572
"(0.9380032206119162, 1.0)",6,99.73565050086788,1578
"(0.9023569023569024, 1.0)",2,99.73541656300276,1580
"(0.9363636363636364, 1.0)",1,99.73503705097907,1581
"(0.8571428571428572, 1.0)",1,99.73492063492064,1582
"(0.8339307048984469, 1.0)",1,99.73489688847332,1583
"(0.8686868686868687, 1.0)",1,99.7346480679814,1584
"(0.9841269841269842, 1.0)",1,99.73421626682496,1585
"(0.9230769230769232, 1.0)",2,99.73404373404374,1587
"(0.9674603174603176, 1.0)",1,99.73398268398267,1588
"(0.909722222222222, 1.0)",1,99.73353174603174,1589
"(0.9565217391304348, 1.0)",1,99.73350586611456,1590
"(0.9696969696969696, 1.0)",1,99.73350297519096,1591
"(0.9841269841269842, 1.0)",2,99.7333897986072,1593
"(1.0, 1.0)",1,99.73333333333332,1594
"(0.8350168350168351, 1.0)",4,99.73328523328524,1598
"(0.9521531100478468, 1.0)",2,99.73315960355434,1600
"(0.8883205456095482, 1.0)",1,99.73301751530651,1601
"(0.9507101086048454, 1.0)",1,99.73291401580876,1602
"(0.9696969696969696, 1.0)",2,99.73282863137936,1604
"(0.8571428571428572, 1.0)",1,99.73273639940308,1605
"(0.9230769230769232, 1.0)",1,99.73260073260072,1606
"(1.0, 1.0)",1,99.73260073260072,1607
"(0.8468468468468467, 1.0)",2,99.73256113256112,1609
"(0.8373015873015873, 1.0)",2,99.73253968253968,1611
"(0.9696969696969696, 1.0)",1,99.73236978075688,1612
"(0.9135802469135802, 1.0)",1,99.73220989312944,1613
"(0.8904991948470209, 1.0)",1,99.73167701863356,1614
"(0.9696969696969696, 1.0)",1,99.73166431338474,1615
"(0.9047619047619048, 1.0)",1,99.73160173160171,1616
"(0.8817204301075269, 1.0)",1,99.73157612996324,1617
"(0.875, 1.0)",1,99.73141025641026,1618
"(0.8109668109668109, 1.0)",3,99.73137388926862,1621
"(0.896551724137931, 1.0)",1,99.73132805891429,1622
"(0.8686868686868687, 1.0)",1,99.73126921387792,1623
"(0.9135802469135802, 1.0)",1,99.73112984707188,1624
"(0.9696969696969696, 1.0)",1,99.73108528898004,1625
"(0.9230769230769232, 1.0)",1,99.73089736350606,1626
"(0.9230769230769232, 1.0)",4,99.73038073038072,1630
"(1.0, 1.0)",2,99.73015873015872,1632
"(0.8571428571428572, 1.0)",1,99.73015873015872,1633
"(0.9047619047619048, 1.0)",1,99.73015873015872,1634
"(0.8817204301075269, 1.0)",1,99.73013312852022,1635
"(0.8109668109668109, 1.0)",1,99.72993088782562,1636
"(0.9696969696969696, 1.0)",3,99.72989836250706,1639
"(0.9224211423699916, 1.0)",1,99.72959223214978,1640
"(0.8864468864468864, 1.0)",1,99.72915972915972,1641
"(0.8373015873015873, 1.0)",1,99.72912876173746,1642
"(0.9333333333333332, 1.0)",1,99.72896825396823,1643
"(0.875, 1.0)",1,99.72896825396823,1644
"(0.8109668109668109, 1.0)",1,99.72826004404952,1645
"(0.9230769230769232, 1.0)",1,99.72778351828696,1646
"(0.883876357560568, 1.0)",1,99.7275882012724,1647
"(0.9023569023569024, 1.0)",1,99.72727272727272,1648
"(0.9109477124183006, 1.0)",2,99.72727046924447,1650
"(0.9230769230769232, 1.0)",6,99.7269890603224,1656
"(0.8571428571428572, 1.0)",1,99.72698412698414,1657
"(0.8253968253968256, 1.0)",2,99.72698412698412,1659
"(0.9507101086048454, 1.0)",2,99.72681704260654,1661
"(0.8791208791208792, 1.0)",1,99.72673992673992,1662
"(0.9565217391304348, 1.0)",1,99.72660992255196,1663
"(0.875, 1.0)",1,99.72660173160172,1664
"(0.883876357560568, 1.0)",1,99.7265892002734,1665
"(0.8888888888888888, 1.0)",1,99.7263630089717,1666
"(0.8571428571428572, 1.0)",1,99.72582972582973,1667
"(1.0, 1.0)",1,99.72582972582973,1668
"(0.9109477124183006, 1.0)",1,99.72582746780148,1669
"(0.8864468864468864, 1.0)",1,99.72581804160752,1670
"(0.8817204301075269, 1.0)",2,99.72546021435076,1672
"(0.8373015873015873, 1.0)",1,99.72539682539684,1673
"(0.875, 1.0)",1,99.72537094547964,1674
"(1.0, 1.0)",1,99.72509037421318,1675
"(0.9047619047619048, 1.0)",3,99.7247757073844,1678
"(0.8, 1.0)",1,99.7247757073844,1679
"(0.9047619047619048, 1.0)",2,99.72474874053822,1681
"(0.8571428571428572, 1.0)",1,99.72466422466422,1682
"(0.8373015873015873, 1.0)",1,99.72460317460316,1683
"(0.9507101086048454, 1.0)",1,99.72454865077933,1684
"(0.8266666666666667, 1.0)",1,99.72437389770724,1685
"(0.904126984126984, 1.0)",1,99.72419963178584,1686
"(0.9841269841269842, 1.0)",2,99.72407407407408,1688
"(0.8151260504201681, 1.0)",1,99.72402874193156,1689
"(0.8897707231040564, 1.0)",1,99.72395875729208,1690
"(0.896551724137931, 1.0)",1,99.72393267651888,1691
"(0.9674603174603176, 1.0)",1,99.72375340708676,1692
"(0.9565217391304348, 1.0)",1,99.72367067206883,1693
"(0.9696969696969696, 1.0)",1,99.72355460456149,1694
"(0.8686868686868687, 1.0)",1,99.7234770060857,1695
"(0.9224211423699916, 1.0)",1,99.7228429427918,1696
"(0.896551724137931, 1.0)",2,99.7228085426548,1698
"(0.875, 1.0)",5,99.72267316017316,1703
"(0.936026936026936, 1.0)",4,99.7226230559564,1707
"(0.9565217391304348, 1.0)",1,99.72255348516218,1708
"(0.8627450980392157, 1.0)",1,99.72232995762408,1709
"(0.9841269841269842, 1.0)",1,99.7223115049202,1710
"(0.883876357560568, 1.0)",1,99.7222601959444,1711
"(0.8350168350168351, 1.0)",2,99.72217412217412,1713
"(0.900854700854701, 1.0)",4,99.7221481062274,1717
"(0.8791208791208792, 1.0)",1,99.72183372183372,1718
"(0.9172932330827066, 1.0)",1,99.72161913735746,1719
"(0.9696969696969696, 1.0)",1,99.72159784659785,1720
"(0.900854700854701, 1.0)",1,99.72152463549524,1721
"(0.8468468468468467, 1.0)",1,99.72130572130573,1722
"(1.0, 1.0)",4,99.7211168948011,1726
"(0.9047619047619048, 1.0)",1,99.7210846615881,1727
"(0.9230769230769232, 1.0)",1,99.7208685034772,1728
"(0.9333333333333332, 1.0)",1,99.72083568605308,1729
"(0.7200000000000001, 1.0)",2,99.72,1731
"(0.936026936026936, 1.0)",1,99.71988024746643,1732
"(0.9047619047619048, 1.0)",1,99.71961371961372,1733
"(0.896551724137931, 1.0)",2,99.71959582979072,1735
"(0.9696969696969696, 1.0)",1,99.71951816299642,1736
"(0.8883205456095482, 1.0)",1,99.71948937677836,1737
"(0.883876357560568, 1.0)",1,99.71942074149204,1738
"(0.8897707231040564, 1.0)",1,99.71930833525036,1739
"(0.8817204301075269, 1.0)",2,99.71919455019034,1741
"(0.8350168350168351, 1.0)",1,99.71914381914382,1742
"(0.8151260504201681, 1.0)",2,99.71909430438842,1744
"(0.8888888888888888, 1.0)",1,99.7190476190476,1745
"(0.9135802469135802, 1.0)",1,99.7190346625629,1746
"(0.8109668109668109, 1.0)",1,99.71861471861472,1747
"(0.9135802469135802, 1.0)",1,99.71839861694934,1748
"(0.9696969696969696, 1.0)",1,99.7183868762816,1749
"(0.8498168498168498, 1.0)",2,99.7180708180708,1751
"(0.9666666666666668, 1.0)",1,99.7175707333602,1752
"(0.9841269841269842, 1.0)",1,99.71751493746382,1753
"(0.9023569023569024, 1.0)",1,99.7174645000732,1754
"(0.896551724137931, 1.0)",1,99.71733587825544,1755
"(0.8883205456095482, 1.0)",1,99.7171444994335,1756
"(1.0, 1.0)",1,99.71672771672776,1757
"(0.8888888888888888, 1.0)",1,99.71672771672772,1758
"(0.9230769230769232, 1.0)",1,99.71672771672772,1759
"(0.8468468468468467, 1.0)",1,99.71668811668812,1760
"(0.9135802469135802, 1.0)",1,99.71642068133296,1761
"(0.9214340198321892, 1.0)",2,99.7163117132606,1763
"(0.9507101086048454, 1.0)",1,99.71627203206153,1764
"(0.9696969696969696, 1.0)",1,99.71623921463738,1765
"(0.8376068376068376, 1.0)",1,99.7162064988152,1766
"(0.9444444444444444, 1.0)",2,99.71572871572872,1768
"(0.8350168350168351, 1.0)",1,99.71569554328175,1769
"(0.9841269841269842, 1.0)",1,99.71496329757198,1770
"(0.9696969696969696, 1.0)",1,99.71493506493508,1771
"(0.9841269841269842, 1.0)",4,99.71489329384066,1775
"(0.9333333333333332, 1.0)",3,99.71453823953824,1778
"(0.904126984126984, 1.0)",1,99.7142589551785,1779
"(0.9047619047619048, 1.0)",1,99.71399711399712,1780
"(0.8109668109668109, 1.0)",1,99.71399711399712,1781
"(0.8339307048984469, 1.0)",2,99.7139733675498,1783
"(0.9696969696969696, 1.0)",1,99.713769271664,1784
"(0.8253968253968256, 1.0)",1,99.71371737100635,1785
"(0.909722222222222, 1.0)",3,99.71360722610724,1788
"(0.8170426065162907, 1.0)",1,99.71359433065422,1789
"(0.9841269841269842, 1.0)",1,99.71355311355312,1790
"(0.8817204301075269, 1.0)",6,99.71346646185356,1796
"(0.9841269841269842, 1.0)",1,99.71335321175138,1797
"(0.8888888888888888, 1.0)",1,99.71326422115897,1798
"(0.896551724137931, 1.0)",1,99.71310232329722,1799
"(0.9445350241545892, 1.0)",4,99.71295051192352,1803
"(0.9841269841269842, 1.0)",1,99.71294532627866,1804
"(0.875, 1.0)",1,99.71281918564527,1805
"(0.8547544409613373, 1.0)",1,99.71277913231935,1806
"(0.9841269841269842, 1.0)",1,99.71275946275946,1807
"(0.8791208791208792, 1.0)",1,99.71274699535569,1808
"(0.9666666666666668, 1.0)",1,99.71242474001096,1809
"(0.875, 1.0)",1,99.71217171717171,1810
"(0.9696969696969696, 1.0)",4,99.71206571206572,1814
"(0.896551724137931, 1.0)",1,99.711720215777,1815
"(0.883876357560568, 1.0)",2,99.7117151853994,1817
"(0.875, 1.0)",1,99.71168046928916,1818
"(0.8686868686868687, 1.0)",1,99.71139971139972,1819
"(0.8542199488491048, 1.0)",1,99.71136280599195,1820
"(0.9230769230769232, 1.0)",1,99.71095953854577,1821
"(0.8883205456095482, 1.0)",1,99.71068969897448,1822
"(0.904126984126984, 1.0)",2,99.71040093048714,1824
"(0.8373015873015873, 1.0)",1,99.71017316017316,1825
"(0.8686868686868687, 1.0)",1,99.71015563010448,1826
"(0.9230769230769232, 1.0)",1,99.70967304300638,1827
"(0.900854700854701, 1.0)",1,99.70964590964591,1828
"(0.8468468468468467, 1.0)",1,99.7095734921822,1829
"(0.9047619047619048, 1.0)",2,99.70955925794637,1831
"(0.8253968253968256, 1.0)",1,99.709440267335,1832
"(0.883876357560568, 1.0)",2,99.7092731829574,1834
"(0.9444444444444444, 1.0)",1,99.70913627435368,1835
"(0.9696969696969696, 1.0)",2,99.70909927431666,1837
"(0.9023569023569024, 1.0)",1,99.70899470899472,1838
"(1.0, 1.0)",2,99.70896153654776,1840
"(0.8498168498168498, 1.0)",1,99.70894383394383,1841
"(1.0, 1.0)",1,99.7088888888889,1842
"(0.7708333333333334, 1.0)",1,99.70878427128427,1843
"(0.9135802469135802, 1.0)",1,99.70867404200736,1844
"(0.8888888888888888, 1.0)",1,99.70867404200736,1845
"(0.9666666666666668, 1.0)",1,99.70862901882391,1846
"(0.9230769230769232, 1.0)",1,99.70851753610374,1847
"(0.9565217391304348, 1.0)",1,99.70819722413924,1848
"(0.8897707231040564, 1.0)",1,99.70808574141908,1849
"(0.904126984126984, 1.0)",1,99.70788261546882,1850
"(0.9444444444444444, 1.0)",1,99.70787545787546,1851
"(0.9565217391304348, 1.0)",1,99.7078636006672,1852
"(0.9047619047619048, 1.0)",1,99.7077922077922,1853
"(0.8803174603174604, 1.0)",1,99.70771801869628,1854
"(0.8888888888888888, 1.0)",1,99.70751853510474,1855
"(0.9172932330827066, 1.0)",1,99.70723574297406,1856
"(0.8817204301075269, 1.0)",1,99.70711725550436,1857
"(0.8015873015873017, 1.0)",1,99.70699855699856,1858
"(1.0, 1.0)",1,99.70692903792482,1859
"(0.9841269841269842, 1.0)",1,99.70634920634922,1860
"(0.9047619047619048, 1.0)",1,99.70634920634922,1861
"(0.8571428571428572, 1.0)",1,99.7061213640161,1862
"(0.8253968253968256, 1.0)",1,99.70607553366172,1863
"(0.9565217391304348, 1.0)",1,99.70565028665716,1864
"(0.9047619047619048, 1.0)",1,99.7056166056166,1865
"(0.9333333333333332, 1.0)",1,99.7056166056166,1866
"(0.8468468468468467, 1.0)",1,99.70543270543271,1867
"(0.8376068376068375, 1.0)",1,99.7051282051282,1868
"(0.854066985645933, 1.0)",1,99.70486063643958,1869
"(0.8817204301075269, 1.0)",1,99.70476453576032,1870
"(0.9841269841269842, 1.0)",1,99.70473970473972,1871
"(0.8350168350168351, 1.0)",1,99.7047138047138,1872
"(0.8468468468468467, 1.0)",2,99.70463905463905,1874
"(0.9696969696969696, 1.0)",1,99.70462253795588,1875
"(0.9135802469135802, 1.0)",1,99.70420336853248,1876
"(0.8571428571428572, 1.0)",1,99.70418470418473,1877
"(0.7708333333333334, 1.0)",1,99.70416666666668,1878
"(0.9674603174603176, 1.0)",1,99.7040846700267,1879
"(0.9380032206119162, 1.0)",1,99.70404876926617,1880
"(0.9841269841269842, 1.0)",1,99.7039897039897,1881
"(0.900854700854701, 1.0)",1,99.70366855366856,1882
"(0.9363636363636364, 1.0)",1,99.70353849049502,1883
"(0.8883205456095482, 1.0)",1,99.70337430905042,1884
"(0.9230769230769232, 1.0)",1,99.7032638858726,1885
"(0.8686868686868687, 1.0)",1,99.7032353611301,1886
"(0.8883205456095482, 1.0)",1,99.70317236046137,1887
"(0.9224211423699916, 1.0)",1,99.70308492303376,1888
"(0.9565217391304348, 1.0)",1,99.7027260179434,1889
"(0.9047619047619048, 1.0)",1,99.70255348516218,1890
"(0.8373015873015873, 1.0)",1,99.70246913580247,1891
"(0.909722222222222, 1.0)",6,99.7024363307258,1897
"(0.8253968253968256, 1.0)",1,99.70240918501788,1898
"(0.8468468468468467, 1.0)",1,99.7023188602136,1899
"(0.833064949006978, 1.0)",1,99.70228510083582,1900
"(0.9674603174603176, 1.0)",1,99.70223665223666,1901
"(0.7996201329534663, 1.0)",1,99.70197703531036,1902
"(0.9333333333333332, 1.0)",2,99.70182088442958,1904
"(0.9841269841269842, 1.0)",1,99.70129870129873,1905
"(0.9444444444444444, 1.0)",2,99.7012987012987,1907
"(1.0, 1.0)",1,99.7012987012987,1908
"(0.9047619047619048, 1.0)",1,99.7012987012987,1909
"(0.9047619047619048, 1.0)",1,99.7010582010582,1910
"(0.9230769230769232, 1.0)",1,99.70090932085816,1911
"(0.9333333333333332, 1.0)",2,99.70088183421517,1913
"(0.8791208791208792, 1.0)",3,99.70083920656003,1916
"(1.0, 1.0)",1,99.70082681676884,1917
"(0.8897707231040564, 1.0)",1,99.70078981673184,1918
"(0.8339307048984469, 1.0)",1,99.70059737156512,1919
"(0.9248366013071896, 1.0)",1,99.7005470020176,1920
"(0.9023569023569024, 1.0)",1,99.70049592808212,1921
"(0.896551724137931, 1.0)",1,99.7004638613834,1922
"(0.9841269841269842, 1.0)",1,99.70036075036074,1923
"(1.0, 1.0)",1,99.70006105006108,1924
"(0.8350168350168351, 1.0)",2,99.6999518999519,1926
"(0.9047619047619048, 1.0)",1,99.6998556998557,1927
"(0.9841269841269842, 1.0)",1,99.6998556998557,1928
"(1.0, 1.0)",1,99.6998556998557,1929
"(0.8373015873015873, 1.0)",1,99.69976190476191,1930
"(0.900854700854701, 1.0)",1,99.69952811547014,1931
"(0.9841269841269842, 1.0)",1,99.69915597299274,1932
"(0.9135802469135802, 1.0)",1,99.6990208599404,1933
"(0.875, 1.0)",1,99.69899648660518,1934
"(0.9172932330827066, 1.0)",3,99.69896036387264,1937
"(0.9444444444444444, 1.0)",4,99.6989391989392,1941
"(0.8571428571428572, 1.0)",1,99.69880952380952,1942
"(0.8376068376068376, 1.0)",1,99.69863469863468,1943
"(0.7765567765567766, 1.0)",1,99.69863469863468,1944
"(0.9248366013071896, 1.0)",1,99.69854498521048,1945
"(0.9224211423699916, 1.0)",4,99.69838732594488,1949
"(0.8109668109668109, 1.0)",1,99.6981240981241,1950
"(0.9135802469135802, 1.0)",1,99.69801068575578,1951
"(0.8571428571428572, 1.0)",1,99.69795701374647,1952
"(0.904126984126984, 1.0)",1,99.69784917065276,1953
"(0.9696969696969696, 1.0)",1,99.69784804567414,1954
"(0.9666666666666668, 1.0)",2,99.6978354978355,1956
"(0.8170426065162907, 1.0)",1,99.6977213147812,1957
"(0.9841269841269842, 1.0)",3,99.69763569763568,1960
"(0.9507101086048454, 1.0)",1,99.69761651280024,1961
"(0.8571428571428572, 1.0)",1,99.6974136974137,1962
"(0.9565217391304348, 1.0)",1,99.69736915336496,1963
"(0.9230769230769232, 1.0)",1,99.69717620289704,1964
"(0.8686868686868687, 1.0)",2,99.69717504717504,1966
"(0.9841269841269842, 1.0)",1,99.69707231040564,1967
"(0.8547544409613373, 1.0)",1,99.69690611644634,1968
"(0.9047619047619048, 1.0)",2,99.6962000962001,1970
"(0.9841269841269842, 1.0)",1,99.6960927960928,1971
"(0.8571428571428572, 1.0)",1,99.6955266955267,1972
"(0.8571428571428572, 1.0)",1,99.69549881144084,1973
"(0.8468468468468467, 1.0)",2,99.69534772868109,1975
"(0.8151260504201681, 1.0)",1,99.6952847805789,1976
"(0.9507101086048454, 1.0)",1,99.69507101086052,1977
"(0.8487103174603176, 1.0)",1,99.69486416361416,1978
"(0.8817204301075269, 1.0)",1,99.69467136805848,1979
"(0.875, 1.0)",1,99.69462864721486,1980
"(0.9172932330827066, 1.0)",2,99.69449020277968,1982
"(0.9230769230769232, 1.0)",1,99.6943611943612,1983
"(0.7708333333333334, 1.0)",1,99.69435425685424,1984
"(0.9674603174603176, 1.0)",1,99.69415584415584,1985
"(0.9565217391304348, 1.0)",1,99.69414509269582,1986
"(0.8571428571428572, 1.0)",1,99.6940836940837,1987
"(0.7708333333333334, 1.0)",1,99.69402173913043,1988
"(0.7765567765567766, 1.0)",1,99.6940170940171,1989
"(0.9023569023569024, 1.0)",6,99.69385585175058,1995
"(0.8864468864468864, 1.0)",1,99.69361797622668,1996
"(0.9841269841269842, 1.0)",1,99.69345037678372,1997
"(0.9333333333333332, 1.0)",1,99.6934265010352,1998
"(0.9224211423699916, 1.0)",1,99.6930010455586,1999
"(0.8547544409613373, 1.0)",1,99.69284967905658,2000
"(0.9172932330827066, 1.0)",1,99.69284878863826,2001
"(0.9841269841269842, 1.0)",1,99.69268724107434,2002
"(0.9135802469135802, 1.0)",1,99.69257318380126,2003
"(0.909722222222222, 1.0)",1,99.6925505050505,2004
"(0.8897707231040564, 1.0)",1,99.69215712388863,2005
"(0.9047619047619048, 1.0)",1,99.69200847461715,2006
"(1.0, 1.0)",2,99.69196235215723,2008
"(0.9047619047619048, 1.0)",2,99.6919191919192,2010
"(0.8817204301075269, 1.0)",1,99.69181549649552,2011
"(0.875, 1.0)",1,99.69156905186315,2012
"(0.9841269841269842, 1.0)",1,99.6915505991593,2013
"(0.9841269841269842, 1.0)",1,99.69153165674904,2014
"(0.896551724137931, 1.0)",1,99.69135691894311,2015
"(0.9047619047619048, 1.0)",1,99.69124396135264,2016
"(1.0, 1.0)",1,99.69119769119769,2017
"(0.8791208791208792, 1.0)",1,99.69111463161806,2018
"(0.8339307048984469, 1.0)",1,99.69107356204132,2019
"(0.9841269841269842, 1.0)",2,99.69100947361817,2021
"(0.9565217391304348, 1.0)",1,99.69067695589436,2022
"(0.8055555555555555, 1.0)",2,99.6904761904762,2024
"(0.9230769230769232, 1.0)",7,99.69022585601532,2031
"(0.9841269841269842, 1.0)",2,99.69020251778872,2033
"(0.8817204301075269, 1.0)",1,99.68977335410248,2034
"(0.9666666666666668, 1.0)",2,99.68970774542856,2036
"(0.936026936026936, 1.0)",1,99.68957721716345,2037
"(0.8774509803921569, 1.0)",1,99.68938397493385,2038
"(0.9047619047619048, 1.0)",1,99.68908965430704,2039
"(0.8627450980392157, 1.0)",1,99.6890237576512,2040
"(0.8109668109668109, 1.0)",1,99.688943001443,2041
"(0.9444444444444444, 1.0)",1,99.6888888888889,2042
"(0.8151260504201681, 1.0)",1,99.68884355674638,2043
"(0.875, 1.0)",1,99.68875203370088,2044
"(0.865079365079365, 1.0)",1,99.68874458874458,2045
"(0.8266666666666667, 1.0)",1,99.68857142857144,2046
"(0.8571428571428572, 1.0)",1,99.68831168831169,2047
"(0.7708333333333334, 1.0)",7,99.68829365079364,2054
"(0.9841269841269842, 1.0)",1,99.68814192343604,2055
"(0.9565217391304348, 1.0)",1,99.6881234707322,2056
"(0.900854700854701, 1.0)",2,99.688011988012,2058
"(0.7996201329534663, 1.0)",2,99.68794067856302,2060
"(0.8897707231040564, 1.0)",1,99.68791085457752,2061
"(0.9696969696969696, 1.0)",1,99.68786866155288,2062
"(0.8897707231040564, 1.0)",1,99.68756230350434,2063
"(0.9023569023569024, 1.0)",2,99.68752314276612,2065
"(0.875, 1.0)",1,99.6874098124098,2066
"(0.9696969696969696, 1.0)",1,99.68730652063984,2067
"(0.9696969696969696, 1.0)",1,99.68676591016408,2068
"(0.9047619047619048, 1.0)",1,99.68668046928916,2069
"(0.9565217391304348, 1.0)",1,99.68651070441352,2070
"(0.7996201329534663, 1.0)",3,99.68610401943737,2073
"(0.9230769230769232, 1.0)",1,99.68594786855655,2074
"(0.9135802469135802, 1.0)",1,99.68591901925237,2075
"(0.9444444444444444, 1.0)",2,99.68577075098814,2077
"(1.0, 1.0)",4,99.68552036199095,2081
"(0.9841269841269842, 1.0)",1,99.6854256854257,2082
"(0.8425925925925927, 1.0)",1,99.68530543530544,2083
"(0.9444444444444444, 1.0)",1,99.68519871716803,2084
"(0.8055555555555555, 1.0)",3,99.68515421776291,2087
"(0.9047619047619048, 1.0)",1,99.68513708513709,2088
"(0.9230769230769232, 1.0)",1,99.6850698684032,2089
"(0.9047619047619048, 1.0)",1,99.68500881834215,2090
"(0.9230769230769232, 1.0)",2,99.6849816849817,2092
"(0.9696969696969696, 1.0)",1,99.68478178317996,2093
"(0.9248366013071896, 1.0)",1,99.68467398614456,2094
"(0.9696969696969696, 1.0)",1,99.68457591790926,2095
"(0.9841269841269842, 1.0)",2,99.68432774954512,2097
"(1.0, 1.0)",2,99.68424908424907,2099
"(0.9135802469135802, 1.0)",1,99.68418928763133,2100
"(0.8109668109668109, 1.0)",1,99.68418160413046,2101
"(0.9696969696969696, 1.0)",1,99.68403496664368,2102
"(0.904126984126984, 1.0)",1,99.68395592487546,2103
"(0.9023569023569024, 1.0)",2,99.68391024808682,2105
"(0.896551724137931, 1.0)",1,99.68303405900735,2106
"(1.0, 1.0)",1,99.68294521868354,2107
"(0.8686868686868687, 1.0)",2,99.68288904078378,2109
"(0.9333333333333332, 1.0)",1,99.6827922077922,2110
"(0.7765567765567766, 1.0)",1,99.68276168276168,2111
"(1.0, 1.0)",2,99.68253968253968,2113
"(0.9841269841269842, 1.0)",1,99.68253968253968,2114
"(0.9363636363636364, 1.0)",5,99.68239538239538,2119
"(0.8888888888888888, 1.0)",1,99.68225108225108,2120
"(0.9047619047619048, 1.0)",1,99.68225108225108,2121
"(0.9380032206119162, 1.0)",2,99.68207959512308,2123
"(0.8627450980392157, 1.0)",1,99.68201193520886,2124
"(0.9841269841269842, 1.0)",2,99.68160718000536,2126
"(0.8888888888888888, 1.0)",2,99.68138946399816,2128
"(0.904126984126984, 1.0)",1,99.68135741652983,2129
"(0.875, 1.0)",2,99.6813492063492,2131
"(0.9135802469135802, 1.0)",1,99.68123697290363,2132
"(0.9172932330827066, 1.0)",1,99.6811821219716,2133
"(0.8468468468468467, 1.0)",1,99.68082953082951,2134
"(0.9507101086048454, 1.0)",1,99.68081763548656,2135
"(0.8109668109668109, 1.0)",2,99.68080808080808,2137
"(0.8055555555555555, 1.0)",3,99.68055555555556,2140
"(0.9841269841269842, 1.0)",1,99.68036901370236,2141
"(0.8373015873015873, 1.0)",2,99.6803072129159,2143
"(0.875, 1.0)",2,99.68024135362845,2145
"(0.9047619047619048, 1.0)",1,99.68018696279566,2146
"(0.8518518518518519, 1.0)",1,99.68017265385686,2147
"(0.883876357560568, 1.0)",1,99.68017265385686,2148
"(0.9682539682539684, 1.0)",1,99.6801644706679,2149
"(0.9333333333333332, 1.0)",1,99.68013623803095,2150
"(0.9224211423699916, 1.0)",2,99.6800434483794,2152
"(0.8350168350168351, 1.0)",2,99.6797138047138,2154
"(0.8817204301075269, 1.0)",1,99.67970022808731,2155
"(0.8571428571428572, 1.0)",1,99.67965367965368,2156
"(0.8686868686868687, 1.0)",1,99.67965367965368,2157
"(0.9230769230769232, 1.0)",1,99.67945436206304,2158
"(0.9230769230769232, 1.0)",1,99.67937001270334,2159
"(0.9047619047619048, 1.0)",1,99.67936507936508,2160
"(0.8817204301075269, 1.0)",1,99.67925622764332,2161
"(0.9047619047619048, 1.0)",1,99.67907647907649,2162
"(0.8518518518518519, 1.0)",1,99.67869167869168,2163
"(0.9444444444444444, 1.0)",1,99.67851531184864,2164
"(0.8888888888888888, 1.0)",2,99.67848817848818,2166
"(0.9444444444444444, 1.0)",1,99.67847649426596,2167
"(1.0, 1.0)",2,99.67842712842712,2169
"(0.9047619047619048, 1.0)",1,99.67837101170434,2170
"(0.7765567765567766, 1.0)",2,99.67814407814409,2172
"(0.9444444444444444, 1.0)",1,99.67803030303033,2173
"(1.0, 1.0)",1,99.6778711484594,2174
"(0.8627450980392157, 1.0)",1,99.67785269575552,2175
"(0.9565217391304348, 1.0)",1,99.67783424305163,2176
"(0.9135802469135802, 1.0)",1,99.67753617178904,2177
"(0.9696969696969696, 1.0)",1,99.67732267732268,2178
"(0.9444444444444444, 1.0)",1,99.6771566597654,2179
"(0.9521531100478468, 1.0)",2,99.67715071605232,2181
"(0.8791208791208792, 1.0)",1,99.67710067710068,2182
"(0.9230769230769232, 1.0)",1,99.6767715043577,2183
"(0.9696969696969696, 1.0)",1,99.67676767676768,2184
"(0.9047619047619048, 1.0)",1,99.67639124160864,2185
"(0.8897707231040564, 1.0)",2,99.67633970967304,2187
"(0.9444444444444444, 1.0)",1,99.6760461760462,2188
"(0.9047619047619048, 1.0)",1,99.6760461760462,2189
"(0.9380032206119162, 1.0)",1,99.67591442374052,2190
"(0.8487103174603176, 1.0)",1,99.67555014430016,2191
"(0.837962962962963, 1.0)",1,99.67549797696856,2192
"(1.0, 1.0)",2,99.67537122375832,2194
"(0.896551724137931, 1.0)",1,99.6752956854906,2195
"(0.8791208791208792, 1.0)",1,99.67524161574504,2196
"(0.9565217391304348, 1.0)",1,99.67503517014389,2197
"(0.8498168498168498, 1.0)",2,99.67492507492508,2199
"(0.9135802469135802, 1.0)",1,99.674916665539,2200
"(0.8518518518518519, 1.0)",2,99.67487317327137,2202
"(0.8487103174603176, 1.0)",1,99.67481754356754,2203
"(0.7996201329534663, 1.0)",7,99.67462013295346,2210
"(0.8350168350168351, 1.0)",1,99.67461583251055,2211
"(0.8468468468468467, 1.0)",2,99.67456850790184,2213
"(0.8888888888888888, 1.0)",1,99.67432950191572,2214
"(0.7765567765567766, 1.0)",1,99.67426400759734,2215
"(0.9135802469135802, 1.0)",2,99.67420116194626,2217
"(0.9841269841269842, 1.0)",1,99.67403852186462,2218
"(0.7708333333333334, 1.0)",3,99.67386363636363,2221
"(1.0, 1.0)",2,99.6738461216722,2223
"(0.8518518518518519, 1.0)",1,99.67379802162412,2224
"(0.8571428571428572, 1.0)",1,99.67375340708674,2225
"(0.8817204301075269, 1.0)",1,99.67363962202673,2226
"(0.9047619047619048, 1.0)",2,99.6733695652174,2228
"(0.7765567765567766, 1.0)",2,99.67310850069472,2230
"(1.0, 1.0)",2,99.67307909413172,2232
"(0.7555555555555554, 1.0)",1,99.67301587301588,2233
"(0.8, 1.0)",1,99.67301587301588,2234
"(0.9666666666666668, 1.0)",1,99.67272727272729,2235
"(0.9841269841269842, 1.0)",1,99.67271665532536,2236
"(0.7996201329534663, 1.0)",1,99.67263600596934,2237
"(0.8, 1.0)",2,99.67244752973652,2239
"(0.8253968253968256, 1.0)",1,99.67224367224368,2240
"(0.8109668109668109, 1.0)",2,99.67199467199468,2242
"(0.9841269841269842, 1.0)",1,99.671626984127,2243
"(0.9444444444444444, 1.0)",2,99.67148932938406,2245
"(0.9696969696969696, 1.0)",1,99.67143350476684,2246
"(0.8536155202821869, 1.0)",1,99.671050236104,2247
"(0.7708333333333334, 1.0)",1,99.67083333333332,2248
"(0.8867623604465709, 1.0)",1,99.67074504442924,2249
"(0.8791208791208792, 1.0)",1,99.67073578595318,2250
"(0.9444444444444444, 1.0)",1,99.67063492063492,2251
"(0.8817204301075269, 1.0)",3,99.67056121894832,2254
"(0.9444444444444444, 1.0)",1,99.67004632794108,2255
"(0.8468468468468467, 1.0)",1,99.66989095249966,2256
"(0.9230769230769232, 1.0)",1,99.6693611943612,2257
"(0.9841269841269842, 1.0)",1,99.66927899686522,2258
"(0.9696969696969696, 1.0)",1,99.6692538328694,2259
"(0.8627450980392157, 1.0)",1,99.6690836869865,2260
"(0.8888888888888888, 1.0)",1,99.66907585168455,2261
"(0.9565217391304348, 1.0)",4,99.66907585168454,2265
"(0.9333333333333332, 1.0)",1,99.66882006882008,2266
"(0.9047619047619048, 1.0)",1,99.66882006882008,2267
"(0.8883205456095482, 1.0)",2,99.66875648394024,2269
"(0.8585858585858586, 1.0)",1,99.66864295125166,2270
"(0.9047619047619048, 1.0)",1,99.668473186376,2271
"(0.9841269841269842, 1.0)",1,99.66845473367212,2272
"(0.8339307048984469, 1.0)",2,99.66814587244696,2274
"(0.9841269841269842, 1.0)",1,99.6680264180264,2275
"(0.8266666666666667, 1.0)",2,99.6679365079365,2277
"(0.8421052631578948, 1.0)",1,99.66750208855473,2278
"(0.9444444444444444, 1.0)",2,99.6674347158218,2280
"(0.8627450980392157, 1.0)",1,99.66721840251252,2281
"(0.8547544409613373, 1.0)",1,99.66716425337114,2282
"(0.9047619047619048, 1.0)",1,99.6670274170274,2283
"(0.9841269841269842, 1.0)",1,99.66633324405063,2284
"(0.936026936026936, 1.0)",1,99.66618566618568,2285
"(0.9565217391304348, 1.0)",2,99.66610985632724,2287
"(0.8817204301075269, 1.0)",1,99.66593640482694,2288
"(0.9674603174603176, 1.0)",2,99.66558934892268,2290
"(0.8498168498168498, 1.0)",1,99.66546557307429,2291
"(0.909722222222222, 1.0)",1,99.6654541446208,2292
"(0.8498168498168498, 1.0)",1,99.66494290023702,2293
"(0.7765567765567766, 1.0)",1,99.66487732216632,2294
"(0.9047619047619048, 1.0)",1,99.66471896326968,2295
"(0.7708333333333334, 1.0)",2,99.66468253968252,2297
"(0.936026936026936, 1.0)",1,99.66436471451952,2298
"(0.9333333333333332, 1.0)",2,99.66433508012454,2300
"(0.9230769230769232, 1.0)",1,99.66419972941712,2301
"(0.9565217391304348, 1.0)",1,99.66401538217394,2302
"(0.9135802469135802, 1.0)",1,99.66392095558764,2303
"(0.8864468864468864, 1.0)",1,99.66352721352722,2304
"(0.8686868686868687, 1.0)",1,99.66349206349209,2305
"(0.8547544409613373, 1.0)",1,99.66336853218412,2306
"(0.9841269841269842, 1.0)",1,99.66336532194732,2307
"(1.0, 1.0)",1,99.66333666333666,2308
"(0.8109668109668109, 1.0)",1,99.66309713678136,2309
"(0.896551724137931, 1.0)",1,99.66305130642698,2310
"(1.0, 1.0)",1,99.6629274107535,2311
"(0.896551724137931, 1.0)",1,99.66278549037172,2312
"(0.8055555555555555, 1.0)",1,99.6626984126984,2313
"(0.9363636363636364, 1.0)",1,99.66268702058176,2314
"(0.8270202020202021, 1.0)",1,99.66267837101172,2315
"(0.9696969696969696, 1.0)",1,99.6626151626152,2316
"(0.8888888888888888, 1.0)",2,99.66249799583132,2318
"(0.8897707231040564, 1.0)",1,99.66239906094978,2319
"(0.7765567765567766, 1.0)",1,99.66227106227106,2320
"(0.8350168350168351, 1.0)",1,99.66219988214874,2321
"(0.7982954545454546, 1.0)",1,99.6620211008798,2322
"(0.9696969696969696, 1.0)",1,99.66197967988248,2323
"(0.7555555555555554, 1.0)",1,99.66176046176048,2324
"(0.9565217391304348, 1.0)",1,99.66100997120488,2325
"(0.8791208791208792, 1.0)",1,99.66066730117072,2326
"(0.9230769230769232, 1.0)",1,99.66045066045066,2327
"(0.9444444444444444, 1.0)",1,99.65988455988456,2328
"(0.9230769230769232, 1.0)",2,99.65981844242714,2330
"(0.9047619047619048, 1.0)",1,99.65969634230504,2331
"(0.9886710239651416, 1.0)",1,99.65963978929996,2332
"(0.8817204301075269, 1.0)",1,99.6594982078853,2333
"(0.8109668109668109, 1.0)",6,99.65946769280104,2339
"(0.9565217391304348, 1.0)",1,99.65942028985506,2340
"(0.9047619047619048, 1.0)",1,99.65907522429262,2341
"(0.8468468468468467, 1.0)",1,99.65869549202884,2342
"(0.9109477124183006, 1.0)",1,99.65839967565974,2343
"(0.8487103174603176, 1.0)",1,99.6580459094046,2344
"(0.8, 1.0)",4,99.65801751530653,2348
"(0.9565217391304348, 1.0)",2,99.65782044042912,2350
"(0.9047619047619048, 1.0)",1,99.6577666061537,2351
"(0.8817204301075269, 1.0)",3,99.6577666061537,2354
"(0.9230769230769232, 1.0)",1,99.65762896523766,2355
"(0.9444444444444444, 1.0)",1,99.65753184014054,2356
"(1.0, 1.0)",1,99.65752765752764,2357
"(0.9047619047619048, 1.0)",1,99.65748792270531,2358
"(0.8864468864468864, 1.0)",1,99.6574574850437,2359
"(0.896551724137931, 1.0)",4,99.657319799484,2363
"(0.9380032206119162, 1.0)",1,99.65729869637798,2364
"(0.9666666666666668, 1.0)",1,99.65705931495404,2365
"(0.865079365079365, 1.0)",1,99.65699855699856,2366
"(0.8817204301075269, 1.0)",1,99.656620221674,2367
"(0.9047619047619048, 1.0)",1,99.65637743898614,2368
"(0.833064949006978, 1.0)",2,99.6561090546598,2370
"(0.8339307048984469, 1.0)",1,99.65606509225024,2371
"(0.8897707231040564, 1.0)",3,99.65590445517982,2374
"(0.9444444444444444, 1.0)",1,99.65561631351105,2375
"(0.9565217391304348, 1.0)",1,99.6555837881925,2376
"(0.9444444444444444, 1.0)",1,99.65555555555557,2377
"(0.8468468468468467, 1.0)",1,99.65546093806964,2378
"(0.9507101086048454, 1.0)",1,99.65514655623016,2379
"(0.8897707231040564, 1.0)",1,99.65508367102572,2380
"(0.8547544409613373, 1.0)",2,99.6549880238036,2382
"(0.8817204301075269, 1.0)",1,99.6546882030753,2383
"(0.9841269841269842, 1.0)",1,99.65467865467866,2384
"(0.8468468468468467, 1.0)",1,99.65463905463906,2385
"(0.900854700854701, 1.0)",2,99.65454928213548,2387
"(0.7996201329534663, 1.0)",1,99.6543745739148,2388
"(0.8487103174603176, 1.0)",1,99.65418262293262,2389
"(0.9047619047619048, 1.0)",2,99.65409035409036,2391
"(0.9507101086048454, 1.0)",1,99.65400681190155,2392
"(0.8897707231040564, 1.0)",1,99.65381223714556,2393
"(0.8170426065162907, 1.0)",1,99.65355054302422,2394
"(0.8977777777777779, 1.0)",1,99.65342261603132,2395
"(0.9444444444444444, 1.0)",1,99.65339105339103,2396
"(0.9363636363636364, 1.0)",1,99.65331431853171,2397
"(1.0, 1.0)",1,99.6533032185206,2398
"(0.8109668109668109, 1.0)",1,99.65309135309136,2399
"(0.9696969696969696, 1.0)",1,99.65269894102846,2400
"(0.9230769230769232, 1.0)",1,99.65250305250304,2401
"(0.9565217391304348, 1.0)",2,99.65230804511164,2403
"(0.9565217391304348, 1.0)",1,99.65204843465712,2404
"(0.9841269841269842, 1.0)",1,99.65204843465712,2405
"(0.896551724137931, 1.0)",1,99.65187943736038,2406
"(0.9230769230769232, 1.0)",1,99.65154260943734,2407
"(0.9135802469135802, 1.0)",1,99.65103321956146,2408
"(0.8170426065162907, 1.0)",1,99.65102993173168,2409
"(0.8803174603174604, 1.0)",1,99.65083462431288,2410
"(0.9444444444444444, 1.0)",1,99.65079365079364,2411
"(1.0, 1.0)",2,99.65079365079364,2413
"(0.9047619047619048, 1.0)",1,99.6507657667078,2414
"(0.7765567765567766, 1.0)",6,99.65055996634943,2420
"(0.8518518518518519, 1.0)",1,99.6504425314494,2421
"(1.0, 1.0)",2,99.65024630541872,2423
"(0.8270202020202021, 1.0)",1,99.64989177489178,2424
"(0.8468468468468467, 1.0)",1,99.64987714987714,2425
"(0.9666666666666668, 1.0)",1,99.64986034108844,2426
"(0.9841269841269842, 1.0)",1,99.64971482512712,2427
"(0.9565217391304348, 1.0)",1,99.6492400302469,2428
"(0.9172932330827066, 1.0)",1,99.64900186734889,2429
"(0.9230769230769232, 1.0)",1,99.64890664890665,2430
"(0.9444444444444444, 1.0)",1,99.64864781297696,2431
"(0.8510802469135802, 1.0)",1,99.6484658678286,2432
"(0.8498168498168498, 1.0)",1,99.64846313107182,2433
"(0.8888888888888888, 1.0)",1,99.6484112016934,2434
"(1.0, 1.0)",1,99.64838864838865,2435
"(0.9047619047619048, 1.0)",1,99.6483337974566,2436
"(0.8817204301075269, 1.0)",1,99.64811342408672,2437
"(0.8253968253968256, 1.0)",4,99.64790764790764,2441
"(0.9047619047619048, 1.0)",2,99.647266313933,2443
"(0.8, 1.0)",1,99.6471968497544,2444
"(0.896551724137931, 1.0)",1,99.64717829055397,2445
"(0.8518518518518519, 1.0)",1,99.64699792960664,2446
"(0.8170426065162907, 1.0)",1,99.6468745392894,2447
"(0.9023569023569024, 1.0)",1,99.64665704665708,2448
"(0.9841269841269842, 1.0)",2,99.64661039443648,2450
"(0.936026936026936, 1.0)",1,99.64648226643112,2451
"(0.9380032206119162, 1.0)",1,99.6464494202862,2452
"(0.9135802469135802, 1.0)",1,99.64643676237878,2453
"(0.8977777777777779, 1.0)",1,99.646341241395,2454
"(0.9565217391304348, 1.0)",1,99.64610666400948,2455
"(1.0, 1.0)",1,99.64607464607464,2456
"(0.9230769230769232, 1.0)",1,99.64590964590964,2457
"(0.7555555555555554, 1.0)",1,99.64588744588744,2458
"(0.9047619047619048, 1.0)",1,99.64576968924794,2459
"(0.875, 1.0)",1,99.64572310405644,2460
"(0.9230769230769232, 1.0)",2,99.6457065810007,2462
"(0.8542199488491048, 1.0)",2,99.6456507402799,2464
"(0.9696969696969696, 1.0)",2,99.64538952530214,2466
"(0.8977777777777779, 1.0)",1,99.64534070867404,2467
"(0.8803174603174604, 1.0)",1,99.64519841269842,2468
"(0.8686868686868687, 1.0)",2,99.64507626502512,2470
"(0.9565217391304348, 1.0)",1,99.6438848024668,2471
"(0.896551724137931, 1.0)",1,99.64379862927956,2472
"(1.0, 1.0)",2,99.64365682626551,2474
"(0.8518518518518519, 1.0)",1,99.64360395939345,2475
"(1.0, 1.0)",1,99.64357864357864,2476
"(0.9380032206119162, 1.0)",1,99.64346116136396,2477
"(0.9841269841269842, 1.0)",1,99.64339042599912,2478
"(0.9230769230769232, 1.0)",1,99.64329149111758,2479
"(0.9696969696969696, 1.0)",1,99.64323934323934,2480
"(0.9230769230769232, 1.0)",1,99.64311460144792,2481
"(0.9565217391304348, 1.0)",1,99.64292853573214,2482
"(0.9565217391304348, 1.0)",1,99.6427693079867,2483
"(1.0, 1.0)",1,99.64248500037974,2484
"(0.9565217391304348, 1.0)",1,99.64234424995294,2485
"(0.8977777777777779, 1.0)",1,99.64193362193365,2486
"(0.7708333333333334, 1.0)",1,99.6417809042809,2487
"(0.8333333333333334, 1.0)",1,99.64170692431564,2488
"(0.8253968253968256, 1.0)",1,99.641470606688,2489
"(0.896551724137931, 1.0)",2,99.6413929939792,2491
"(0.9135802469135802, 1.0)",3,99.64138625732828,2494
"(0.8883205456095482, 1.0)",2,99.64132524700136,2496
"(0.9444444444444444, 1.0)",1,99.64118629908104,2497
"(0.875, 1.0)",1,99.64111694152923,2498
"(0.8686868686868687, 1.0)",2,99.64085297418632,2500
"(0.8109668109668109, 1.0)",1,99.64024864024864,2501
"(0.7616334283000951, 1.0)",1,99.64023308950846,2502
"(0.9696969696969696, 1.0)",2,99.64021582282452,2504
"(0.875, 1.0)",2,99.63999764671809,2506
"(0.9444444444444444, 1.0)",2,99.63994325588529,2508
"(0.8170426065162907, 1.0)",1,99.63991417938786,2509
"(0.8, 1.0)",2,99.6398814598303,2511
"(0.8817204301075269, 1.0)",1,99.63950186435954,2512
"(0.9047619047619048, 1.0)",1,99.63948412698412,2513
"(0.875, 1.0)",1,99.63908610458954,2514
"(0.8421052631578948, 1.0)",1,99.63889784255916,2515
"(0.9507101086048454, 1.0)",1,99.63877974506158,2516
"(0.7616334283000951, 1.0)",1,99.63853430520098,2517
"(0.9841269841269842, 1.0)",1,99.63837273837274,2518
"(0.8622222222222222, 1.0)",1,99.63829663090532,2519
"(1.0, 1.0)",1,99.63822843822844,2520
"(0.8468468468468467, 1.0)",1,99.63814492075362,2521
"(0.9047619047619048, 1.0)",1,99.6379771893502,2522
"(0.9444444444444444, 1.0)",1,99.63780663780663,2523
"(0.896551724137931, 1.0)",1,99.63751292343248,2524
"(0.9841269841269842, 1.0)",1,99.63749077009946,2525
"(0.9047619047619048, 1.0)",1,99.63697179789132,2526
"(0.8421052631578948, 1.0)",1,99.63694653299916,2527
"(0.8817204301075269, 1.0)",1,99.63645673323092,2528
"(0.896551724137931, 1.0)",1,99.63635741652983,2529
"(0.8883205456095482, 1.0)",1,99.63631663052853,2530
"(0.909722222222222, 1.0)",2,99.63631142249562,2532
"(0.9230769230769232, 1.0)",2,99.636164318773,2534
"(0.8170426065162907, 1.0)",3,99.63601547302422,2537
"(0.8518518518518519, 1.0)",7,99.63583453583452,2544
"(0.9224211423699916, 1.0)",1,99.63579713835468,2545
"(0.9230769230769232, 1.0)",1,99.63575313575312,2546
"(0.8883205456095482, 1.0)",1,99.63556745075118,2547
"(0.8376068376068375, 1.0)",1,99.63512474531964,2548
"(0.8864468864468864, 1.0)",1,99.6349062702004,2549
"(0.9172932330827066, 1.0)",2,99.63465059956287,2551
"(0.9565217391304348, 1.0)",1,99.63464132485872,2552
"(0.9565217391304348, 1.0)",1,99.63453309975048,2553
"(0.9248366013071896, 1.0)",1,99.63441687610484,2554
"(0.9674603174603176, 1.0)",1,99.63421626682496,2555
"(0.8817204301075269, 1.0)",1,99.6341903730809,2556
"(1.0, 1.0)",1,99.63402936932349,2557
"(0.8339307048984469, 1.0)",1,99.63393070489845,2558
"(0.9445350241545892, 1.0)",1,99.63340821372222,2559
"(0.8897707231040564, 1.0)",1,99.63317801026136,2560
"(0.8350168350168351, 1.0)",4,99.63309375809376,2564
"(0.8350168350168351, 1.0)",2,99.63280841541712,2566
"(0.9333333333333332, 1.0)",1,99.63271221532092,2567
"(0.8883205456095482, 1.0)",1,99.6326814478652,2568
"(0.9214340198321892, 1.0)",1,99.63255442116998,2569
"(0.9224211423699916, 1.0)",1,99.63253818582037,2570
"(0.9841269841269842, 1.0)",1,99.63248246006869,2571
"(0.9696969696969696, 1.0)",1,99.63229424248914,2572
"(0.8468468468468467, 1.0)",1,99.63228745987368,2573
"(0.8817204301075269, 1.0)",1,99.63224151396194,2574
"(0.9135802469135802, 1.0)",1,99.6317113650447,2575
"(0.8888888888888888, 1.0)",1,99.63166248955724,2576
"(1.0, 1.0)",2,99.63163718002428,2578
"(0.9214340198321892, 1.0)",1,99.63157498997316,2579
"(0.896551724137931, 1.0)",1,99.63144292942388,2580
"(0.8547544409613373, 1.0)",1,99.63134882775064,2581
"(0.8817204301075269, 1.0)",1,99.63124160807074,2582
"(0.9135802469135802, 1.0)",2,99.63121372454704,2584
"(0.875, 1.0)",1,99.63093022961444,2585
"(0.8977777777777779, 1.0)",1,99.63060640915714,2586
"(1.0, 1.0)",1,99.63056026099504,2587
"(0.8666666666666667, 0.986574074074074)",1,99.63049897119342,2588
"(0.8864468864468864, 1.0)",1,99.63024198024198,2589
"(0.9565217391304348, 1.0)",1,99.63021519543258,2590
"(0.8468468468468467, 1.0)",1,99.63020841281713,2591
"(0.9565217391304348, 1.0)",1,99.63019515374587,2592
"(0.9507101086048454, 1.0)",1,99.63017296821144,2593
"(0.9696969696969696, 1.0)",2,99.62955874534822,2595
"(1.0, 1.0)",1,99.62939331200202,2596
"(0.9565217391304348, 1.0)",1,99.62932498951989,2597
"(0.9230769230769232, 1.0)",1,99.62920654225002,2598
"(0.751918158567775, 1.0)",1,99.62907481833314,2599
"(0.9565217391304348, 1.0)",1,99.62874430990374,2600
"(0.8151260504201681, 1.0)",2,99.62869862921012,2602
"(0.875, 1.0)",2,99.62840371129845,2604
"(0.9047619047619048, 1.0)",2,99.62815345573966,2606
"(0.8686868686868687, 1.0)",1,99.62812742812744,2607
"(0.9135802469135802, 1.0)",1,99.62789802789804,2608
"(0.8888888888888888, 1.0)",1,99.62786596119928,2609
"(0.8977777777777779, 1.0)",1,99.6277922077922,2610
"(0.9047619047619048, 1.0)",3,99.62771828561304,2613
"(0.9444444444444444, 1.0)",1,99.62771399293138,2614
"(0.8170426065162907, 1.0)",1,99.62759349353776,2615
"(0.8888888888888888, 1.0)",1,99.62732919254658,2616
"(0.8897707231040564, 1.0)",1,99.6272769098856,2617
"(0.8350168350168351, 1.0)",1,99.6272288098375,2618
"(0.9565217391304348, 1.0)",1,99.6272177098264,2619
"(0.9230769230769232, 1.0)",1,99.62696192696193,2620
"(0.7765567765567766, 1.0)",2,99.62693245451864,2622
"(0.8864468864468864, 1.0)",1,99.62687131708871,2623
"(0.8170426065162907, 1.0)",1,99.62673894882133,2624
"(0.9674603174603176, 1.0)",1,99.62672375933248,2625
"(0.9841269841269842, 1.0)",1,99.62669552669551,2626
"(0.8627450980392157, 1.0)",1,99.62663398692813,2627
"(0.9047619047619048, 1.0)",1,99.62659659181398,2628
"(0.9444444444444444, 1.0)",1,99.62636794230995,2629
"(0.8487103174603176, 1.0)",1,99.62629987765858,2630
"(0.8151260504201681, 1.0)",2,99.62629821159231,2632
"(0.8, 1.0)",1,99.62627148356049,2633
"(0.8888888888888888, 1.0)",1,99.6262076088163,2634
"(0.9696969696969696, 1.0)",1,99.62604617604616,2635
"(0.8468468468468467, 1.0)",1,99.62585152440224,2636
"(0.8170426065162907, 1.0)",1,99.62584279325765,2637
"(0.8518518518518519, 1.0)",1,99.6258339084426,2638
"(1.0, 1.0)",1,99.62578580839453,2639
"(0.8339307048984469, 1.0)",1,99.62569449666223,2640
"(0.875, 1.0)",1,99.62556619046389,2641
"(0.9444444444444444, 1.0)",1,99.62531328320804,2642
"(0.8498168498168498, 1.0)",1,99.62526036055448,2643
"(0.8487103174603176, 1.0)",1,99.6250450937951,2644
"(1.0, 1.0)",4,99.625,2648
"(0.904126984126984, 1.0)",1,99.62496031746032,2649
"(0.8864468864468864, 1.0)",1,99.62493894993897,2650
"(0.7765567765567766, 1.0)",2,99.6248534074621,2652
"(0.9696969696969696, 1.0)",1,99.62476412476413,2653
"(0.8266666666666667, 1.0)",1,99.62463077984818,2654
"(1.0, 1.0)",1,99.62437562437566,2655
"(0.8888888888888888, 1.0)",1,99.6241504067591,2656
"(0.9047619047619048, 1.0)",2,99.62402382768516,2658
"(0.9444444444444444, 1.0)",1,99.62389770723104,2659
"(0.9841269841269842, 1.0)",1,99.62385762385762,2660
"(0.9135802469135802, 1.0)",1,99.62369729036396,2661
"(0.8547544409613373, 1.0)",1,99.6236859925016,2662
"(0.875, 1.0)",6,99.6236398511974,2668
"(0.9333333333333332, 1.0)",1,99.62358809136305,2669
"(0.875, 1.0)",1,99.62350168900512,2670
"(0.875, 1.0)",2,99.62344093104964,2672
"(0.9696969696969696, 1.0)",1,99.62338498860238,2673
"(0.9047619047619048, 1.0)",1,99.622960563464,2674
"(0.9230769230769232, 1.0)",1,99.62293262293264,2675
"(0.8817204301075269, 1.0)",1,99.62270167108878,2676
"(0.9135802469135802, 1.0)",2,99.62257495590828,2678
"(0.9248366013071896, 1.0)",2,99.62233958141886,2680
"(0.8229166666666666, 1.0)",1,99.6222666264689,2681
"(0.8571428571428572, 1.0)",1,99.62224299105858,2682
"(0.8888888888888888, 1.0)",1,99.62169792296834,2683
"(0.8270202020202021, 1.0)",1,99.6215256965257,2684
"(0.9047619047619048, 1.0)",1,99.62148962148962,2685
"(0.8547544409613373, 1.0)",2,99.621421107628,2687
"(0.8817204301075269, 1.0)",1,99.62140296979008,2688
"(0.9135802469135802, 1.0)",2,99.62135460381074,2690
"(0.8468468468468467, 1.0)",1,99.62117396900004,2691
"(0.9380032206119162, 1.0)",1,99.62107618629358,2692
"(0.9565217391304348, 1.0)",1,99.62102773122264,2693
"(0.9841269841269842, 1.0)",1,99.62097162097162,2694
"(0.833064949006978, 1.0)",1,99.6207633617054,2695
"(0.9507101086048454, 1.0)",1,99.6203007518797,2696
"(0.9674603174603176, 1.0)",1,99.6202380952381,2697
"(0.9444444444444444, 1.0)",1,99.62017636684304,2698
"(0.8109668109668109, 1.0)",1,99.61989368656036,2699
"(0.8055555555555555, 1.0)",1,99.6195675971538,2700
"(0.8376068376068376, 1.0)",1,99.61952540213412,2701
"(0.9444444444444444, 1.0)",1,99.61910223905107,2702
"(0.8266666666666667, 1.0)",1,99.61864661654135,2703
"(0.9172932330827066, 1.0)",2,99.61823721663538,2705
"(0.875, 1.0)",2,99.61800407399988,2707
"(0.8864468864468864, 1.0)",1,99.61790431790432,2708
"(0.8229166666666666, 1.0)",1,99.61782059314952,2709
"(0.8686868686868687, 1.0)",1,99.61780996780996,2710
"(0.9230769230769232, 1.0)",1,99.61778318300055,2711
"(0.8376068376068376, 1.0)",2,99.61766303871568,2713
"(0.9565217391304348, 1.0)",1,99.61757324800804,2714
"(0.9333333333333332, 1.0)",1,99.6175496001583,2715
"(0.883876357560568, 1.0)",2,99.6175479491269,2717
"(0.8468468468468467, 1.0)",2,99.61752353857617,2719
"(0.9135802469135802, 1.0)",1,99.61728395061728,2720
"(0.896551724137931, 1.0)",1,99.61714272733764,2721
"(0.8421052631578948, 1.0)",1,99.61669782035916,2722
"(0.9047619047619048, 1.0)",1,99.6166948993036,2723
"(0.8864468864468864, 1.0)",1,99.61669105748052,2724
"(0.8888888888888888, 1.0)",1,99.61632194965529,2725
"(0.9135802469135802, 1.0)",1,99.61630190796858,2726
"(0.9841269841269842, 1.0)",1,99.61584409368768,2727
"(0.8373015873015873, 1.0)",1,99.6157809983897,2728
"(0.904126984126984, 1.0)",1,99.61573247170575,2729
"(0.9507101086048454, 1.0)",1,99.61570593149544,2730
"(0.8888888888888888, 1.0)",1,99.61569745620088,2731
"(0.8571428571428572, 1.0)",2,99.61559696342306,2733
"(0.8487103174603176, 1.0)",1,99.61549908424908,2734
"(0.896551724137931, 1.0)",1,99.61516644275264,2735
"(0.8170426065162907, 1.0)",1,99.61512850754336,2736
"(0.8055555555555555, 1.0)",2,99.61489114749985,2738
"(0.8977777777777779, 1.0)",1,99.61459520964895,2739
"(0.7200000000000001, 1.0)",2,99.61447267708138,2741
"(0.9109477124183006, 1.0)",1,99.61438303179564,2742
"(0.8468468468468467, 1.0)",1,99.61433539694409,2743
"(0.9696969696969696, 1.0)",1,99.61404939665807,2744
"(0.875, 1.0)",1,99.61402705481652,2745
"(0.875, 1.0)",1,99.61381673881674,2746
"(0.9230769230769232, 1.0)",1,99.61372948039616,2747
"(0.9047619047619048, 1.0)",1,99.61372344130965,2748
"(0.9444444444444444, 1.0)",1,99.61368878035547,2749
"(0.9172932330827066, 1.0)",1,99.61341316253598,2750
"(0.8498168498168498, 1.0)",2,99.61338942860682,2752
"(0.8270202020202021, 1.0)",1,99.61328622358036,2753
"(0.9047619047619048, 1.0)",1,99.61302216302217,2754
"(0.896551724137931, 1.0)",1,99.61275423084388,2755
"(0.7996201329534663, 1.0)",3,99.6127514460848,2758
"(0.9135802469135802, 1.0)",4,99.61271122865324,2762
"(0.9224211423699916, 1.0)",1,99.61266949051308,2763
"(0.904126984126984, 1.0)",2,99.61264452023072,2765
"(0.9696969696969696, 1.0)",1,99.61264339525208,2766
"(0.8883205456095482, 1.0)",1,99.6125268948159,2767
"(0.896551724137931, 1.0)",1,99.61237353673394,2768
"(0.8055555555555555, 1.0)",1,99.61219336219337,2769
"(0.9507101086048454, 1.0)",2,99.61216192839,2771
"(0.9333333333333332, 1.0)",1,99.6120148856991,2772
"(0.8686868686868687, 1.0)",2,99.61192024349918,2774
"(0.9841269841269842, 1.0)",1,99.61164439425308,2775
"(0.896551724137931, 1.0)",1,99.6116054875788,2776
"(0.896551724137931, 1.0)",1,99.611486789073,2777
"(0.9841269841269842, 1.0)",1,99.61083743842364,2778
"(0.8622222222222222, 1.0)",2,99.61080745341616,2780
"(0.8864468864468864, 1.0)",1,99.61065323565325,2781
"(0.8627450980392157, 1.0)",1,99.6105393485558,2782
"(0.875, 1.0)",1,99.61044759334231,2783
"(0.9047619047619048, 1.0)",1,99.6103923782952,2784
"(0.7982954545454546, 1.0)",1,99.61022844908716,2785
"(0.8888888888888888, 1.0)",1,99.610190292799,2786
"(0.9841269841269842, 1.0)",2,99.6100936100936,2788
"(0.9696969696969696, 1.0)",1,99.6099567099567,2789
"(0.9333333333333332, 1.0)",1,99.6098441779338,2790
"(0.9565217391304348, 1.0)",1,99.6097573923661,2791
"(0.8468468468468467, 1.0)",1,99.60936505864042,2792
"(0.9507101086048454, 1.0)",1,99.60923153521593,2793
"(0.7996201329534663, 1.0)",2,99.60914394247727,2795
"(0.9047619047619048, 1.0)",1,99.60902479163347,2796
"(0.9507101086048454, 1.0)",1,99.60901939191412,2797
"(0.8266666666666667, 1.0)",3,99.60876559214128,2800
"(0.9841269841269842, 1.0)",2,99.60870455709166,2802
"(0.9135802469135802, 1.0)",1,99.60858620713694,2803
"(0.8977777777777779, 1.0)",1,99.60835705357444,2804
"(1.0, 1.0)",2,99.60802469135804,2806
"(0.8266666666666667, 1.0)",1,99.60785263046132,2807
"(0.896551724137931, 1.0)",1,99.60738916256156,2808
"(0.8791208791208792, 1.0)",1,99.60727195509804,2809
"(0.9444444444444444, 1.0)",1,99.607206752058,2810
"(0.8350168350168351, 1.0)",1,99.60702643461264,2811
"(0.883876357560568, 1.0)",1,99.60698041399796,2812
"(0.9696969696969696, 1.0)",1,99.60689602794866,2813
"(0.9230769230769232, 1.0)",2,99.60678593437214,2815
"(0.9565217391304348, 1.0)",1,99.60640402059168,2816
"(0.9841269841269842, 1.0)",1,99.60606060606062,2817
"(0.8864468864468864, 1.0)",2,99.60567248667935,2819
"(0.8487103174603176, 1.0)",1,99.60565385701256,2820
"(0.9047619047619048, 1.0)",1,99.60559411348883,2821
"(0.896551724137931, 1.0)",1,99.60555996511548,2822
"(0.8547544409613373, 1.0)",1,99.605548091755,2823
"(0.8350168350168351, 1.0)",1,99.60534328795198,2824
"(0.8350168350168351, 1.0)",1,99.60514515353223,2825
"(0.9666666666666668, 1.0)",1,99.6049954876042,2826
"(0.9135802469135802, 1.0)",2,99.60493827160494,2828
"(0.9363636363636364, 1.0)",2,99.60484446529676,2830
"(0.9047619047619048, 1.0)",2,99.60464414812242,2832
"(0.8888888888888888, 1.0)",1,99.6046176046176,2833
"(0.9841269841269842, 1.0)",1,99.60442612942612,2834
"(0.8, 1.0)",1,99.60424633621564,2835
"(0.9135802469135802, 1.0)",1,99.60409314532122,2836
"(0.8151260504201681, 1.0)",4,99.60396683926096,2840
"(0.9565217391304348, 1.0)",1,99.60386473429952,2841
"(0.7765567765567766, 1.0)",1,99.60374166895906,2842
"(0.896551724137931, 1.0)",1,99.60363622460478,2843
"(0.9230769230769232, 1.0)",2,99.60360895143504,2845
"(0.8339307048984469, 1.0)",1,99.6035837571602,2846
"(0.8897707231040564, 1.0)",2,99.60348943193146,2848
"(0.8888888888888888, 1.0)",1,99.60343194393538,2849
"(0.9135802469135802, 1.0)",1,99.60338148510192,2850
"(0.7200000000000001, 1.0)",1,99.60327721661056,2851
"(0.9444444444444444, 1.0)",1,99.60283838544709,2852
"(0.9135802469135802, 1.0)",1,99.60270271864476,2853
"(0.8498168498168498, 1.0)",4,99.60241283770696,2857
"(0.875, 1.0)",1,99.60232325929258,2858
"(0.896551724137931, 1.0)",1,99.60227655486275,2859
"(0.896551724137931, 1.0)",1,99.60227145825584,2860
"(0.9841269841269842, 1.0)",2,99.60225492041349,2862
"(0.8, 1.0)",2,99.6021846731524,2864
"(0.9333333333333332, 1.0)",1,99.60173423273002,2865
"(0.9666666666666668, 1.0)",1,99.60153708414578,2866
"(0.8864468864468864, 1.0)",1,99.60144300144302,2867
"(0.9333333333333332, 1.0)",2,99.601443001443,2869
"(0.9696969696969696, 1.0)",1,99.60125478386348,2870
"(0.9444444444444444, 1.0)",1,99.6005291005291,2871
"(0.9135802469135802, 1.0)",1,99.60022109144916,2872
"(0.9333333333333332, 1.0)",1,99.60008928269798,2873
"(0.8897707231040564, 1.0)",2,99.59988776655445,2875
"(0.8774509803921569, 1.0)",1,99.59967320261438,2876
"(0.8627450980392157, 1.0)",1,99.59959618633344,2877
"(0.9444444444444444, 1.0)",1,99.5995670995671,2878
"(0.9841269841269842, 1.0)",1,99.59948661738945,2879
"(0.9841269841269842, 1.0)",1,99.59939106077212,2880
"(1.0, 1.0)",1,99.59939055197675,2881
"(0.9444444444444444, 1.0)",1,99.59912309912308,2882
"(0.9444444444444444, 1.0)",1,99.59886163219495,2883
"(0.9565217391304348, 1.0)",1,99.59885425252742,2884
"(0.8817204301075269, 1.0)",1,99.59843646261304,2885
"(0.9230769230769232, 1.0)",1,99.59821338082207,2886
"(0.9565217391304348, 1.0)",1,99.59817032700327,2887
"(0.8518518518518519, 1.0)",1,99.59795009634828,2888
"(0.8547544409613373, 1.0)",1,99.59758369973262,2889
"(0.9841269841269842, 1.0)",1,99.59756182514803,2890
"(0.896551724137931, 1.0)",1,99.5975179077128,2891
"(1.0, 1.0)",1,99.59725400457666,2892
"(0.8547544409613373, 1.0)",1,99.59704274846705,2893
"(0.9696969696969696, 1.0)",1,99.59702616224357,2894
"(0.9565217391304348, 1.0)",1,99.5970229046316,2895
"(0.9841269841269842, 1.0)",1,99.59697232796812,2896
"(0.7200000000000001, 1.0)",1,99.59690087690088,2897
"(0.8229166666666666, 1.0)",1,99.59685997257928,2898
"(0.7555555555555554, 1.0)",1,99.5968253968254,2899
"(0.9841269841269842, 1.0)",1,99.59677037937908,2900
"(0.896551724137931, 1.0)",1,99.59650052086091,2901
"(0.9230769230769232, 1.0)",1,99.59643396749844,2902
"(0.9023569023569024, 1.0)",1,99.59621311150724,2903
"(0.8817204301075269, 1.0)",1,99.59605973065372,2904
"(0.9696969696969696, 1.0)",1,99.59590428640772,2905
"(0.8888888888888888, 1.0)",1,99.59577830206014,2906
"(0.909722222222222, 1.0)",1,99.59575752820638,2907
"(0.9363636363636364, 1.0)",1,99.59569201880414,2908
"(0.7765567765567766, 1.0)",1,99.59538073038073,2909
"(1.0, 1.0)",1,99.59478951000692,2910
"(0.8977777777777779, 1.0)",2,99.5946031746032,2912
"(0.8888888888888888, 1.0)",1,99.59446849446849,2913
"(1.0, 1.0)",1,99.59432837693711,2914
"(0.9866666666666668, 0.996078431372549)",2,99.5941686733174,2916
"(0.9841269841269842, 1.0)",2,99.59388437649308,2918
"(0.8817204301075269, 1.0)",1,99.59350912450492,2919
"(0.9666666666666668, 1.0)",1,99.59347941659156,2920
"(0.8883205456095482, 1.0)",1,99.59346725075623,2921
"(0.7555555555555554, 1.0)",1,99.59337474120082,2922
"(0.8468468468468467, 1.0)",1,99.59331149331148,2923
"(0.9135802469135802, 1.0)",2,99.59310565977232,2925
"(0.9047619047619048, 1.0)",2,99.59297847236137,2927
"(0.8468468468468467, 1.0)",1,99.59265075054547,2928
"(0.9386724386724388, 1.0)",1,99.5924963924964,2929
"(0.9047619047619048, 1.0)",1,99.59240437501307,2930
"(0.9109477124183006, 1.0)",1,99.59190009337068,2931
"(0.9521531100478468, 1.0)",1,99.59183564973038,2932
"(0.9135802469135802, 1.0)",1,99.59179092512426,2933
"(0.9047619047619048, 1.0)",2,99.59156308279115,2935
"(0.8904991948470209, 1.0)",1,99.59147511950717,2936
"(0.896551724137931, 1.0)",1,99.59143451741888,2937
"(0.8864468864468864, 1.0)",2,99.59139002759692,2939
"(0.9135802469135802, 1.0)",1,99.59131714515392,2940
"(0.8627450980392157, 1.0)",1,99.59131652661064,2941
"(0.9507101086048454, 1.0)",1,99.59111154654134,2942
"(0.8817204301075269, 1.0)",1,99.59103323781852,2943
"(0.8888888888888888, 1.0)",1,99.59067695589437,2944
"(0.8339307048984469, 1.0)",1,99.59040016136792,2945
"(0.7861409796893668, 1.0)",1,99.59038731590502,2946
"(0.896551724137931, 1.0)",1,99.59025898306258,2947
"(0.9444444444444444, 1.0)",6,99.59022432210838,2953
"(0.9696969696969696, 1.0)",1,99.5901875901876,2954
"(0.9023569023569024, 1.0)",1,99.59015441774062,2955
"(0.9248366013071896, 1.0)",1,99.58943589090649,2956
"(0.9380032206119162, 1.0)",2,99.58943482993826,2958
"(0.9333333333333332, 1.0)",1,99.589417989418,2959
"(0.883876357560568, 1.0)",1,99.5892169107272,2960
"(0.8518518518518519, 1.0)",1,99.5892144892145,2961
"(0.9507101086048454, 1.0)",1,99.58920318699565,2962
"(0.904126984126984, 1.0)",1,99.58913580246914,2963
"(0.8170426065162907, 1.0)",2,99.58909803646644,2965
"(0.9444444444444444, 1.0)",1,99.58908965430705,2966
"(0.8571428571428572, 1.0)",1,99.5890578719526,2967
"(0.9135802469135802, 1.0)",1,99.58887454326052,2968
"(0.896551724137931, 1.0)",1,99.58873836891078,2969
"(0.8487103174603176, 1.0)",1,99.58868145743143,2970
"(0.8817204301075269, 1.0)",1,99.58863515281172,2971
"(0.9696969696969696, 1.0)",2,99.58843594676928,2973
"(0.9841269841269842, 1.0)",1,99.58832423615031,2974
"(0.9363636363636364, 1.0)",1,99.58785090379294,2975
"(0.9886710239651416, 0.996078431372549)",1,99.58764619883054,2976
"(0.9696969696969696, 1.0)",2,99.5875384135228,2978
"(0.9521531100478468, 1.0)",2,99.58707374496848,2980
"(0.9172932330827066, 1.0)",1,99.58700109958691,2981
"(0.9135802469135802, 1.0)",2,99.58696242029576,2983
"(1.0, 1.0)",1,99.58694083694084,2984
"(0.8888888888888888, 1.0)",1,99.5869329945417,2985
"(0.8888888888888888, 1.0)",1,99.58668046928916,2986
"(0.8151260504201681, 1.0)",1,99.58661567190978,2987
"(0.8888888888888888, 1.0)",1,99.58639971139972,2988
"(0.8571428571428572, 1.0)",1,99.5863395863396,2989
"(0.9230769230769232, 1.0)",1,99.58629531388152,2990
"(0.896551724137931, 1.0)",1,99.58617814709768,2991
"(0.7765567765567766, 1.0)",1,99.5857815292598,2992
"(0.9230769230769232, 1.0)",1,99.58565926826796,2993
"(0.9696969696969696, 1.0)",1,99.5856581689915,2994
"(0.9444444444444444, 1.0)",1,99.58546424335898,2995
"(0.9172932330827066, 1.0)",1,99.5852612320465,2996
"(1.0, 1.0)",1,99.58474773308532,2997
"(0.9135802469135802, 1.0)",3,99.58452041785377,3000
"(0.9135802469135802, 1.0)",1,99.58434807557614,3001
"(0.9444444444444444, 1.0)",1,99.5842739152697,3002
"(0.9696969696969696, 1.0)",1,99.58376547656908,3003
"(0.9333333333333332, 1.0)",2,99.58365509959714,3005
"(0.8888888888888888, 1.0)",1,99.58347798202873,3006
"(0.7555555555555554, 1.0)",1,99.58335738335738,3007
"(0.8055555555555555, 1.0)",1,99.58330544924748,3008
"(0.9696969696969696, 1.0)",1,99.58307296568164,3009
"(0.8686868686868687, 1.0)",5,99.58306878306878,3014
"(0.8883205456095482, 1.0)",1,99.583025933948,3015
"(0.9565217391304348, 1.0)",3,99.5829812366544,3018
"(0.8864468864468864, 1.0)",1,99.5829737185236,3019
"(0.875, 1.0)",1,99.58297068104916,3020
"(0.9109477124183006, 1.0)",1,99.58263700004962,3021
"(0.8627450980392157, 1.0)",2,99.58263305322129,3023
"(0.9047619047619048, 1.0)",1,99.5825087151174,3024
"(0.9333333333333332, 1.0)",1,99.58248466509336,3025
"(0.8627450980392157, 1.0)",1,99.58213778264928,3026
"(0.8897707231040564, 1.0)",1,99.58208960058916,3027
"(0.9230769230769232, 1.0)",1,99.5820666922616,3028
"(0.9507101086048454, 1.0)",2,99.58205548089224,3030
"(0.896551724137931, 1.0)",1,99.58204171723662,3031
"(0.9230769230769232, 1.0)",1,99.58195631528964,3032
"(0.9047619047619048, 1.0)",1,99.58189636450508,3033
"(0.8817204301075269, 1.0)",1,99.58189280675047,3034
"(0.8888888888888888, 1.0)",1,99.58186244780448,3035
"(0.8832772166105499, 1.0)",1,99.58180911949027,3036
"(1.0, 1.0)",1,99.581774264383,3037
"(0.833064949006978, 1.0)",1,99.58153869748072,3038
"(0.9047619047619048, 1.0)",1,99.58149640908262,3039
"(0.9135802469135802, 1.0)",1,99.58141624233578,3040
"(0.875, 1.0)",1,99.58140567162306,3041
"(0.7982954545454546, 1.0)",1,99.58136423761424,3042
"(0.9230769230769232, 1.0)",1,99.58136308136308,3043
"(0.8817204301075269, 1.0)",1,99.58134828763012,3044
"(0.8864468864468864, 1.0)",1,99.58125208125207,3045
"(0.8518518518518519, 1.0)",1,99.58061024321894,3046
"(0.9135802469135802, 1.0)",1,99.58053291386624,3047
"(0.875, 1.0)",1,99.58043270543271,3048
"(0.9109477124183006, 1.0)",1,99.58035608182666,3049
"(0.9444444444444444, 1.0)",2,99.58029984536468,3051
"(0.9230769230769232, 1.0)",1,99.5802197802198,3052
"(0.7555555555555554, 1.0)",2,99.58015873015871,3054
"(0.833064949006978, 1.0)",1,99.58006781195186,3055
"(0.7200000000000001, 1.0)",5,99.5797205263872,3060
"(0.9047619047619048, 1.0)",1,99.57971014492752,3061
"(0.8498168498168498, 1.0)",1,99.57969856230726,3062
"(1.0, 1.0)",1,99.57965107965109,3063
"(0.8055555555555555, 1.0)",2,99.5795323237852,3065
"(0.9565217391304348, 1.0)",2,99.57941158017884,3067
"(0.9135802469135802, 1.0)",1,99.57939377062183,3068
"(0.8686868686868687, 1.0)",1,99.5793493945668,3069
"(0.9674603174603176, 1.0)",1,99.57923337934209,3070
"(0.896551724137931, 1.0)",1,99.5788524643334,3071
"(0.8817204301075269, 1.0)",1,99.5788512677418,3072
"(1.0, 1.0)",1,99.57866659987978,3073
"(0.854066985645933, 1.0)",1,99.57864611022508,3074
"(0.8498168498168498, 1.0)",2,99.57859333648808,3076
"(0.8266666666666667, 1.0)",2,99.57846256183824,3078
"(0.8498168498168498, 1.0)",1,99.57833216166549,3079
"(0.9047619047619048, 1.0)",1,99.57803943711872,3080
"(1.0, 1.0)",2,99.57784099889363,3082
"(0.8339307048984469, 1.0)",1,99.57779178209286,3083
"(0.8817204301075269, 1.0)",1,99.5777265745008,3084
"(0.9109477124183006, 1.0)",1,99.57744787891846,3085
"(0.896551724137931, 1.0)",1,99.577412087607,3086
"(0.9565217391304348, 1.0)",2,99.57740441948336,3088
"(0.9444444444444444, 1.0)",1,99.5772005772006,3089
"(0.8376068376068376, 1.0)",1,99.57666825927696,3090
"(0.9565217391304348, 1.0)",2,99.57653554175292,3092
"(0.9047619047619048, 1.0)",1,99.57633712905452,3093
"(0.8803174603174604, 1.0)",1,99.57579004329004,3094
"(0.8791208791208792, 1.0)",1,99.57552592335202,3095
"(0.875, 1.0)",2,99.57537467405888,3097
"(0.9230769230769232, 1.0)",1,99.5753135753136,3098
"(0.9841269841269842, 1.0)",1,99.57523032523032,3099
"(0.9172932330827066, 1.0)",4,99.57495606833176,3103
"(0.8897707231040564, 1.0)",1,99.57495590828924,3104
"(0.9230769230769232, 1.0)",2,99.57484169078371,3106
"(0.9047619047619048, 1.0)",1,99.57480895078226,3107
"(0.8817204301075269, 1.0)",2,99.5747279057237,3109
"(1.0, 1.0)",1,99.57469654528478,3110
"(0.7708333333333334, 1.0)",1,99.57447413697416,3111
"(0.8339307048984469, 1.0)",2,99.57444360330608,3113
"(0.9674603174603176, 1.0)",1,99.57443772702392,3114
"(0.7555555555555554, 1.0)",4,99.57435254803676,3118
"(0.9565217391304348, 1.0)",1,99.57409847264924,3119
"(0.9841269841269842, 1.0)",1,99.57395985656856,3120
"(0.8864468864468864, 1.0)",1,99.57392645493331,3121
"(0.9047619047619048, 1.0)",2,99.57385620915034,3123
"(0.9135802469135802, 1.0)",1,99.57378899241644,3124
"(0.8350168350168351, 1.0)",2,99.57363104731526,3126
"(0.8373015873015873, 1.0)",1,99.5735377640412,3127
"(0.9507101086048454, 1.0)",1,99.5730915585725,3128
"(0.9047619047619048, 1.0)",1,99.57299472558094,3129
"(0.9047619047619048, 1.0)",1,99.57296466973888,3130
"(0.8487103174603176, 1.0)",1,99.57280844155844,3131
"(0.8686868686868687, 1.0)",2,99.57249513771254,3133
"(0.8571428571428572, 1.0)",1,99.57239968834172,3134
"(0.875593542260209, 1.0)",1,99.57233539689682,3135
"(0.9047619047619048, 1.0)",1,99.57213897213896,3136
"(0.751918158567775, 1.0)",1,99.57206606621568,3137
"(0.8817204301075269, 1.0)",1,99.57192294789624,3138
"(0.9230769230769232, 1.0)",1,99.57169990503324,3139
"(0.904126984126984, 1.0)",1,99.57147123407992,3140
"(0.9444444444444444, 1.0)",1,99.57116710450045,3141
"(0.9333333333333332, 1.0)",1,99.57113997114004,3142
"(0.8686868686868687, 1.0)",1,99.5710993986856,3143
"(1.0, 1.0)",1,99.57079635340506,3144
"(0.9135802469135802, 1.0)",1,99.57024302857636,3145
"(0.8151260504201681, 1.0)",1,99.57016871307152,3146
"(0.9841269841269842, 1.0)",1,99.57007485268356,3147
"(0.896551724137931, 1.0)",1,99.5700004975867,3148
"(0.9696969696969696, 1.0)",1,99.56978515311847,3149
"(0.9135802469135802, 1.0)",1,99.56945969598188,3150
"(0.896551724137931, 1.0)",1,99.56940560804254,3151
"(0.9444444444444444, 1.0)",1,99.56928273361186,3152
"(0.9444444444444444, 1.0)",1,99.56926406926408,3153
"(0.8468468468468467, 1.0)",1,99.56921830255165,3154
"(0.8547544409613373, 1.0)",1,99.56920913831075,3155
"(0.9444444444444444, 1.0)",1,99.56912862641764,3156
"(1.0, 1.0)",1,99.56902356902356,3157
"(0.9696969696969696, 1.0)",1,99.56899039657662,3158
"(0.9444444444444444, 1.0)",1,99.56885680074086,3159
"(0.8991666666666667, 1.0)",1,99.56877161888032,3160
"(0.9841269841269842, 1.0)",1,99.56845473367214,3161
"(0.8686868686868687, 1.0)",1,99.56841430174764,3162
"(0.9047619047619048, 1.0)",1,99.56809634809636,3163
"(0.896551724137931, 1.0)",1,99.56798522890476,3164
"(0.8791208791208792, 1.0)",2,99.56776556776558,3166
"(0.8817204301075269, 1.0)",1,99.56769623919548,3167
"(0.8055555555555555, 1.0)",1,99.56763285024157,3168
"(0.8888888888888888, 1.0)",1,99.5676049661557,3169
"(0.9565217391304348, 1.0)",1,99.56732451085274,3170
"(0.8803174603174604, 1.0)",1,99.56708811719682,3171
"(0.8888888888888888, 1.0)",1,99.5670645069622,3172
"(1.0, 1.0)",1,99.56698856698856,3173
"(0.8883205456095482, 1.0)",1,99.56678283035367,3174
"(0.9047619047619048, 1.0)",1,99.56676003734827,3175
"(0.833064949006978, 1.0)",1,99.56655751008574,3176
"(0.9135802469135802, 1.0)",2,99.56628789962124,3178
"(0.896551724137931, 1.0)",1,99.56600545880906,3179
"(0.8170426065162907, 1.0)",2,99.56597528303516,3181
"(0.8547544409613373, 1.0)",1,99.56586555207244,3182
"(0.875, 1.0)",1,99.56583694083692,3183
"(0.833064949006978, 1.0)",1,99.56566568160773,3184
"(0.9841269841269842, 1.0)",2,99.56565470918297,3186
"(0.9047619047619048, 1.0)",1,99.56562757582248,3187
"(0.8977777777777779, 1.0)",1,99.56541062801932,3188
"(0.683375104427736, 1.0)",1,99.56520931959528,3189
"(0.9696969696969696, 1.0)",2,99.56501266341084,3191
"(0.875, 1.0)",2,99.56472151730772,3193
"(0.8063492063492064, 1.0)",1,99.56431473265069,3194
"(0.9230769230769232, 1.0)",2,99.56429174690044,3196
"(0.8686868686868687, 1.0)",1,99.56425056425056,3197
"(0.9565217391304348, 1.0)",1,99.56385539313077,3198
"(0.9841269841269842, 1.0)",2,99.56380924496868,3200
"(0.8350168350168351, 1.0)",1,99.56358826358826,3201
"(0.8803174603174604, 1.0)",1,99.56354379712025,3202
"(0.8055555555555555, 1.0)",1,99.56352108185705,3203
"(0.7555555555555554, 1.0)",1,99.56349206349206,3204
"(0.904126984126984, 1.0)",1,99.56343579126188,3205
"(0.896551724137931, 1.0)",2,99.56339092358584,3207
"(0.9521531100478468, 1.0)",1,99.56332195222356,3208
"(0.8867623604465709, 1.0)",1,99.56315360205524,3209
"(0.8498168498168498, 1.0)",1,99.5630654068154,3210
"(0.7555555555555554, 1.0)",1,99.56272664533536,3211
"(0.8888888888888888, 1.0)",1,99.56272246272246,3212
"(0.9047619047619048, 1.0)",1,99.56257556257556,3213
"(0.9565217391304348, 1.0)",1,99.56245059288536,3214
"(0.9696969696969696, 1.0)",1,99.5623265623266,3215
"(0.9841269841269842, 1.0)",2,99.56213924963924,3217
"(0.9363636363636364, 1.0)",1,99.56208332730073,3218
"(0.8518518518518519, 1.0)",1,99.56202471991946,3219
"(0.8897707231040564, 1.0)",1,99.56120422787087,3220
"(0.9023569023569024, 1.0)",1,99.56108706108706,3221
"(1.0, 1.0)",1,99.5608835608836,3222
"(0.9444444444444444, 1.0)",2,99.56052205979742,3224
"(0.7982954545454546, 1.0)",1,99.5602894991482,3225
"(0.9230769230769232, 1.0)",1,99.56023656295396,3226
"(0.8897707231040564, 1.0)",5,99.56000977940008,3231
"(0.984504357298475, 0.996078431372549)",1,99.5598669410926,3232
"(0.9230769230769232, 1.0)",1,99.55971805971808,3233
"(0.9047619047619048, 1.0)",1,99.55964132485872,3234
"(0.9135802469135802, 1.0)",1,99.55945334717264,3235
"(0.9444444444444444, 1.0)",1,99.55932339265676,3236
"(1.0, 1.0)",1,99.55918956591,3237
"(0.9444444444444444, 1.0)",1,99.55916305916308,3238
"(0.9507101086048454, 1.0)",1,99.55908448531515,3239
"(0.896551724137931, 1.0)",1,99.558858016879,3240
"(0.8883205456095482, 1.0)",1,99.55885432633823,3241
"(0.8883205456095482, 1.0)",1,99.55869091597992,3242
"(0.8229166666666666, 1.0)",1,99.5586524024024,3243
"(0.9674603174603176, 1.0)",1,99.55833803877285,3244
"(1.0, 1.0)",1,99.55825716845207,3245
"(0.8888888888888888, 1.0)",1,99.55816788575407,3246
"(0.9135802469135802, 1.0)",2,99.55799908971952,3248
"(0.9047619047619048, 1.0)",1,99.55798319327732,3249
"(0.8888888888888888, 1.0)",1,99.55796474057344,3250
"(0.8373015873015873, 1.0)",2,99.55793913893493,3252
"(0.9135802469135802, 1.0)",1,99.5575967242634,3253
"(0.9047619047619048, 1.0)",1,99.55756465756468,3254
"(0.8350168350168351, 1.0)",1,99.55756095756097,3255
"(0.8897707231040564, 1.0)",1,99.55746462340664,3256
"(0.9696969696969696, 1.0)",1,99.55743145743146,3257
"(0.8864468864468864, 1.0)",1,99.55711003971876,3258
"(0.9047619047619048, 1.0)",1,99.55692769861568,3259
"(0.875, 1.0)",1,99.55673660036403,3260
"(0.8867623604465709, 1.0)",1,99.55631502999928,3261
"(0.9047619047619048, 1.0)",1,99.55629308962642,3262
"(0.875, 1.0)",1,99.55619983171134,3263
"(0.9135802469135802, 1.0)",1,99.55571928434674,3264
"(0.9841269841269842, 1.0)",1,99.55571588904922,3265
"(0.875, 1.0)",1,99.55564740631708,3266
"(0.9047619047619048, 1.0)",1,99.555644546148,3267
"(1.0, 1.0)",1,99.55555555555564,3268
"(0.8571428571428572, 1.0)",1,99.55555555555556,3269
"(0.9333333333333332, 1.0)",2,99.55553335553336,3271
"(0.8864468864468864, 1.0)",1,99.55528188286809,3272
"(1.0, 1.0)",1,99.555266955267,3273
"(1.0, 1.0)",1,99.55526695526696,3274
"(0.9230769230769232, 1.0)",2,99.55515662826876,3276
"(0.9674603174603176, 1.0)",2,99.55496267018007,3278
"(0.8421052631578948, 1.0)",1,99.5549257759784,3279
"(0.7555555555555554, 1.0)",2,99.55479013739884,3281
"(0.9666666666666668, 1.0)",1,99.55476793737664,3282
"(0.9444444444444444, 1.0)",1,99.55468975468978,3283
"(1.0, 1.0)",1,99.55461446765794,3284
"(0.8817204301075269, 1.0)",1,99.55460693058023,3285
"(0.8864468864468864, 1.0)",1,99.55454712317456,3286
"(0.9841269841269842, 1.0)",1,99.55446587726,3287
"(0.8468468468468467, 1.0)",1,99.55442295297368,3288
"(0.9841269841269842, 1.0)",1,99.55363718407196,3289
"(0.8803174603174604, 1.0)",1,99.55352418191129,3290
"(0.8013468013468013, 1.0)",1,99.55343915343916,3291
"(0.896551724137931, 1.0)",2,99.55343421362912,3293
"(0.8686868686868687, 1.0)",1,99.55332448768982,3294
"(0.9230769230769232, 1.0)",4,99.55323565323567,3298
"(1.0, 1.0)",2,99.55321067821068,3300
"(0.8109668109668109, 1.0)",1,99.55311738070358,3301
"(0.883876357560568, 1.0)",1,99.55301216002972,3302
"(0.9047619047619048, 1.0)",1,99.55285242748158,3303
"(0.8888888888888888, 1.0)",1,99.552813455371,3304
"(0.9047619047619048, 1.0)",1,99.5524886877828,3305
"(0.8547544409613373, 1.0)",2,99.55246849161657,3307
"(0.9696969696969696, 1.0)",1,99.5523530682951,3308
"(1.0, 1.0)",1,99.55223665223669,3309
"(0.875, 1.0)",1,99.55209979704864,3310
"(0.8897707231040564, 1.0)",1,99.55176992400486,3311
"(0.8977777777777779, 1.0)",1,99.55174603174603,3312
"(1.0, 1.0)",1,99.55160395160397,3313
"(0.8151260504201681, 1.0)",1,99.55151791942072,3314
"(0.8468468468468467, 1.0)",2,99.55151255151256,3316
"(0.8253968253968256, 1.0)",1,99.55147970937443,3317
"(0.865079365079365, 1.0)",1,99.55111321203276,3318
"(0.8109668109668109, 1.0)",1,99.55108225108224,3319
"(0.9565217391304348, 1.0)",1,99.55062678450984,3320
"(0.8571428571428572, 1.0)",1,99.55028894883966,3321
"(1.0, 1.0)",1,99.55002823263696,3322
"(0.8547544409613373, 1.0)",1,99.54999253619944,3323
"(1.0, 1.0)",2,99.5496137849079,3325
"(0.8498168498168499, 1.0)",1,99.54900070689546,3326
"(0.8888888888888888, 1.0)",1,99.54887383148252,3327
"(0.9755757858699036, 1.0)",1,99.54868670860168,3328
"(0.875, 1.0)",1,99.5480185040143,3329
"(0.8686868686868687, 1.0)",1,99.5477329687856,3330
"(0.896551724137931, 1.0)",1,99.54772105289348,3331
"(0.8055555555555555, 1.0)",1,99.5476800976801,3332
"(0.9047619047619048, 1.0)",2,99.54708994708994,3334
"(0.9230769230769232, 1.0)",1,99.54695074032642,3335
"(0.9230769230769232, 1.0)",1,99.546887894714,3336
"(0.9135802469135802, 1.0)",1,99.54666042838086,3337
"(0.9386724386724388, 1.0)",1,99.54661468711812,3338
"(0.8518518518518519, 1.0)",1,99.54655811177552,3339
"(1.0, 1.0)",1,99.54655801714624,3340
"(0.875, 1.0)",1,99.54655067155068,3341
"(0.9444444444444444, 1.0)",1,99.5464356566306,3342
"(0.8373015873015873, 1.0)",6,99.54634692792588,3348
"(0.9565217391304348, 1.0)",1,99.54587448940272,3349
"(0.9047619047619048, 1.0)",1,99.545799611017,3350
"(0.9135802469135802, 1.0)",1,99.54569521002432,3351
"(0.8266666666666667, 1.0)",2,99.54534569295438,3353
"(0.8510802469135802, 1.0)",1,99.54528118486452,3354
"(0.8888888888888888, 1.0)",1,99.54506282767152,3355
"(0.9109477124183006, 1.0)",1,99.54499144646203,3356
"(0.9841269841269842, 1.0)",2,99.54498156164824,3358
"(0.9172932330827066, 1.0)",1,99.54489340358568,3359
"(0.8571428571428572, 1.0)",1,99.54462242562929,3360
"(1.0, 1.0)",1,99.54448254448256,3361
"(0.896551724137931, 1.0)",1,99.54445937204558,3362
"(0.9444444444444444, 1.0)",1,99.544356609574,3363
"(0.8571428571428572, 1.0)",2,99.54425622686492,3365
"(0.7555555555555554, 1.0)",1,99.54419381787802,3366
"(0.9047619047619048, 1.0)",1,99.54415584415584,3367
"(0.896551724137931, 1.0)",2,99.54408912825429,3369
"(0.6155157715260018, 1.0)",1,99.54408720009744,3370
"(0.9841269841269842, 1.0)",1,99.5438338441412,3371
"(0.8888888888888888, 1.0)",1,99.5436351088525,3372
"(0.9135802469135802, 1.0)",1,99.54358033129964,3373
"(0.8542199488491048, 1.0)",1,99.54357478081263,3374
"(0.896551724137931, 1.0)",1,99.54337712096331,3375
"(0.8864468864468864, 1.0)",1,99.54330532591402,3376
"(1.0, 1.0)",1,99.5432478135758,3377
"(0.8170426065162907, 1.0)",1,99.5431614152438,3378
"(0.7708333333333334, 1.0)",1,99.54307132552016,3379
"(0.8350168350168351, 1.0)",1,99.54305244501325,3380
"(0.9230769230769232, 1.0)",1,99.54284604284604,3381
"(0.9135802469135802, 1.0)",1,99.542659077463,3382
"(0.8109668109668109, 1.0)",1,99.54262866762868,3383
"(0.9674603174603176, 1.0)",1,99.5424650228998,3384
"(0.7361111111111112, 1.0)",1,99.5424497000584,3385
"(0.8883205456095482, 1.0)",2,99.54223095520712,3387
"(0.9224211423699916, 1.0)",1,99.542179162128,3388
"(0.7982954545454546, 1.0)",1,99.5421626984127,3389
"(0.8063492063492064, 1.0)",1,99.5421101774043,3390
"(0.9248366013071896, 1.0)",1,99.54193970389125,3391
"(0.8791208791208792, 1.0)",2,99.54193954193954,3393
"(0.8350168350168351, 1.0)",1,99.5417111069285,3394
"(0.8055555555555555, 1.0)",6,99.54164662497996,3400
"(0.9230769230769232, 1.0)",1,99.54155227488562,3401
"(0.8817204301075269, 1.0)",1,99.54147561744892,3402
"(0.8627450980392157, 1.0)",4,99.54100418979554,3406
"(0.8686868686868687, 1.0)",1,99.54063733114076,3407
"(0.9444444444444444, 1.0)",2,99.54040404040404,3409
"(0.8468468468468467, 1.0)",1,99.54035334035332,3410
"(0.896551724137931, 1.0)",1,99.53968962488452,3411
"(0.7460317460317459, 1.0)",1,99.53968253968254,3412
"(0.9674603174603176, 1.0)",1,99.53962293744902,3413
"(0.9841269841269842, 1.0)",1,99.53925372872742,3414
"(1.0, 1.0)",1,99.5392480876352,3415
"(0.7178175618073316, 1.0)",1,99.53904571636882,3416
"(1.0, 1.0)",1,99.53896103896103,3417
"(0.8421052631578948, 1.0)",1,99.5389306599833,3418
"(0.9230769230769232, 1.0)",1,99.53889336988917,3419
"(0.896551724137931, 1.0)",2,99.53861232527782,3421
"(0.896551724137931, 1.0)",1,99.53858784893268,3422
"(0.9109477124183006, 1.0)",1,99.53846512254444,3423
"(0.8888888888888888, 1.0)",1,99.53815781987824,3424
"(0.9230769230769232, 1.0)",1,99.53790270187328,3425
"(0.9674603174603176, 1.0)",1,99.53753517014388,3426
"(0.883876357560568, 1.0)",1,99.53752937121358,3427
"(0.8109668109668109, 1.0)",1,99.53746253746256,3428
"(0.8053221288515406, 1.0)",1,99.53745714359523,3429
"(0.8547544409613373, 1.0)",1,99.53738311409344,3430
"(0.7167919799498746, 1.0)",1,99.53686462760874,3431
"(0.875, 1.0)",1,99.5364568040655,3432
"(0.8888888888888888, 1.0)",2,99.53627859745552,3434
"(0.8977777777777779, 1.0)",1,99.53616196471268,3435
"(0.9696969696969696, 1.0)",1,99.53613643468717,3436
"(0.8170426065162907, 1.0)",1,99.53596348401916,3437
"(0.8253968253968256, 1.0)",1,99.53586896760046,3438
"(0.875593542260209, 1.0)",1,99.53556828973495,3439
"(0.8991666666666667, 1.0)",1,99.5353024606972,3440
"(1.0, 1.0)",1,99.53499258435298,3441
"(0.8109668109668109, 1.0)",2,99.53469279258752,3443
"(0.9333333333333332, 1.0)",1,99.53449349971088,3444
"(0.9386724386724388, 1.0)",2,99.534255599473,3446
"(0.9565217391304348, 1.0)",1,99.53413627435368,3447
"(0.9696969696969696, 1.0)",2,99.5339570823442,3449
"(1.0, 1.0)",1,99.53395708234416,3450
"(0.8864468864468864, 1.0)",1,99.53377087499896,3451
"(0.9047619047619048, 1.0)",1,99.5333990246271,3452
"(0.8803174603174604, 1.0)",1,99.53337430685256,3453
"(0.8498168498168498, 1.0)",2,99.53323836657172,3455
"(0.9333333333333332, 1.0)",1,99.53292448292449,3456
"(0.9047619047619048, 1.0)",1,99.53291664680718,3457
"(0.9444444444444444, 1.0)",1,99.53282369804111,3458
"(0.9047619047619048, 1.0)",2,99.53223266266744,3460
"(0.8498168498168499, 0.9841269841269842)",1,99.53221223221227,3461
"(0.9230769230769232, 1.0)",2,99.5318803106527,3463
"(1.0, 1.0)",1,99.5318024970199,3464
"(0.9444444444444444, 1.0)",1,99.53174603174608,3465
"(0.7555555555555554, 1.0)",1,99.53174603174602,3466
"(0.875, 1.0)",1,99.53172250454858,3467
"(0.8888888888888888, 1.0)",1,99.53152574746778,3468
"(0.8977777777777779, 1.0)",1,99.53131187652929,3469
"(1.0, 1.0)",1,99.531162664496,3470
"(0.8977777777777779, 1.0)",4,99.53111111111114,3474
"(0.8791208791208792, 1.0)",1,99.53103504682451,3475
"(0.9444444444444444, 1.0)",1,99.53097383097383,3476
"(0.734006734006734, 1.0)",1,99.53083213083212,3477
"(0.9363636363636364, 1.0)",1,99.53080961253004,3478
"(0.8803174603174604, 1.0)",1,99.53054883813503,3479
"(0.8253968253968256, 1.0)",1,99.53047201336676,3480
"(0.936026936026936, 1.0)",1,99.53039847967383,3481
"(0.7616334283000951, 1.0)",1,99.53027219693888,3482
"(0.9224211423699916, 1.0)",1,99.53021335016224,3483
"(0.8468468468468467, 1.0)",1,99.53012516273384,3484
"(0.9696969696969696, 1.0)",1,99.52976380344802,3485
"(0.7982954545454546, 1.0)",1,99.5296751859252,3486
"(0.8151260504201681, 1.0)",1,99.52941176470588,3487
"(0.8904991948470209, 1.0)",1,99.52926366266828,3488
"(0.896551724137931, 1.0)",1,99.52894710653332,3489
"(0.9565217391304348, 1.0)",1,99.528912250012,3490
"(0.9206349206349206, 1.0)",1,99.52880230880233,3491
"(0.896551724137931, 1.0)",1,99.52878674573827,3492
"(1.0, 1.0)",1,99.5287177502581,3493
"(0.8864468864468864, 1.0)",1,99.52871004465209,3494
"(0.9230769230769232, 1.0)",1,99.5286607112694,3495
"(0.9047619047619048, 1.0)",1,99.52851553107308,3496
"(0.8266666666666667, 1.0)",2,99.52849291688,3498
"(0.7167919799498746, 1.0)",4,99.5284802916382,3502
"(0.8867623604465709, 1.0)",1,99.5282657845587,3503
"(0.9696969696969696, 1.0)",2,99.52825523954814,3505
"(0.9047619047619048, 1.0)",1,99.5282212885154,3506
"(0.8888888888888888, 1.0)",1,99.52813852813853,3507
"(0.8518518518518519, 1.0)",1,99.52813595986746,3508
"(0.8675136116152449, 1.0)",1,99.52809288741192,3509
"(1.0, 1.0)",1,99.52795031055906,3510
"(0.9444444444444444, 1.0)",1,99.52776209297949,3511
"(0.9444444444444444, 1.0)",1,99.52773072338287,3512
"(0.9674603174603176, 1.0)",2,99.52755022755022,3514
"(0.9444444444444444, 1.0)",1,99.52717652717652,3515
"(0.7200000000000001, 1.0)",1,99.52714830554648,3516
"(0.936026936026936, 1.0)",1,99.52712121762464,3517
"(1.0, 1.0)",2,99.52696192696192,3519
"(0.9047619047619048, 1.0)",1,99.52692122692125,3520
"(0.9565217391304348, 1.0)",1,99.52690883995233,3521
"(0.9333333333333332, 1.0)",1,99.52690058479536,3522
"(0.8373015873015873, 1.0)",1,99.52636872930992,3523
"(1.0, 1.0)",2,99.52624209486954,3525
"(0.8468468468468467, 1.0)",1,99.52593587376197,3526
"(0.9565217391304348, 1.0)",1,99.525910874023,3527
"(0.8686868686868687, 1.0)",2,99.52581466842337,3529
"(0.7708333333333334, 1.0)",2,99.52562347073216,3531
"(0.8151260504201681, 1.0)",1,99.52540665388965,3532
"(0.9696969696969696, 1.0)",1,99.5253418079505,3533
"(0.8498168498168498, 1.0)",1,99.52530075288696,3534
"(0.9841269841269842, 1.0)",1,99.52510822510828,3535
"(0.8686868686868687, 1.0)",2,99.52505752505752,3537
"(1.0, 1.0)",1,99.52474323062556,3538
"(1.0, 1.0)",1,99.52456087973329,3539
"(0.8468468468468467, 1.0)",1,99.52454290626332,3540
"(0.8888888888888888, 1.0)",1,99.5244733044733,3541
"(0.9666666666666668, 1.0)",1,99.5244363823312,3542
"(0.8109668109668109, 1.0)",1,99.52423103212575,3543
"(0.9224211423699916, 1.0)",1,99.52409697592988,3544
"(0.9135802469135802, 1.0)",1,99.5239698573032,3545
"(0.7200000000000001, 1.0)",1,99.5236408036408,3546
"(0.833064949006978, 1.0)",1,99.52354113948316,3547
"(1.0, 1.0)",1,99.5232621784346,3548
"(0.8817204301075269, 1.0)",1,99.52301850401427,3549
"(0.9696969696969696, 0.9841269841269842)",1,99.52287157287164,3550
"(0.8053221288515406, 1.0)",1,99.52249384602324,3551
"(0.8170426065162907, 1.0)",1,99.52218018924007,3552
"(0.7167919799498746, 1.0)",2,99.52214711863834,3554
"(0.9444444444444444, 1.0)",1,99.52199792960664,3555
"(0.9172932330827066, 0.9841269841269842)",1,99.52191083770036,3556
"(0.9841269841269842, 1.0)",1,99.52179528279108,3557
"(0.9047619047619048, 1.0)",1,99.521421107628,3558
"(0.8888888888888888, 1.0)",1,99.52131914932258,3559
"(0.7555555555555554, 1.0)",1,99.52079414838036,3560
"(1.0, 1.0)",1,99.52078185177764,3561
"(0.896551724137931, 1.0)",2,99.5206807118714,3563
"(0.875, 1.0)",2,99.5206749131588,3565
"(0.9135802469135802, 1.0)",1,99.52032461365796,3566
"(0.8817204301075269, 1.0)",1,99.51955686903092,3567
"(0.8888888888888888, 1.0)",1,99.51948051948054,3568
"(0.9696969696969696, 1.0)",2,99.51939697729176,3570
"(1.0, 0.9841269841269842)",1,99.51910408432154,3571
"(0.936026936026936, 1.0)",1,99.51889788150658,3572
"(0.896551724137931, 1.0)",1,99.51886757818528,3573
"(0.9333333333333332, 1.0)",2,99.51862048383788,3575
"(0.7167919799498746, 1.0)",1,99.51860423103749,3576
"(0.9047619047619048, 1.0)",2,99.51828220089092,3578
"(0.7777777777777776, 1.0)",1,99.51819785153118,3579
"(0.9047619047619048, 1.0)",1,99.51815545934616,3580
"(0.896551724137931, 1.0)",1,99.5180429522081,3581
"(0.9841269841269842, 1.0)",1,99.5176846217414,3582
"(0.992156862745098, 0.996078431372549)",1,99.51757625272352,3583
"(1.0, 1.0)",2,99.51748855009726,3585
"(0.9135802469135802, 1.0)",1,99.51748222728617,3586
"(0.9333333333333332, 1.0)",1,99.51746031746032,3587
"(0.8518518518518519, 1.0)",1,99.51738183195984,3588
"(1.0, 1.0)",2,99.51736109047326,3590
"(0.996078431372549, 0.996078431372549)",2,99.5173069445749,3592
"(0.9444444444444444, 1.0)",1,99.51721708243448,3593
"(0.7167919799498746, 1.0)",6,99.51716122959448,3599
"(0.9047619047619048, 1.0)",1,99.5170521436506,3600
"(0.8888888888888888, 1.0)",1,99.51704234462856,3601
"(0.7555555555555554, 1.0)",1,99.5167910993998,3602
"(0.9047619047619048, 1.0)",1,99.51665098186837,3603
"(0.9444444444444444, 1.0)",1,99.51654065487016,3604
"(0.9755757858699036, 0.996078431372549)",2,99.5163986764298,3606
"(0.9841269841269842, 1.0)",2,99.51630974389596,3608
"(1.0, 1.0)",1,99.51617933723196,3609
"(0.8055555555555555, 1.0)",1,99.5161532840561,3610
"(0.8977777777777779, 1.0)",1,99.51611992945328,3611
"(0.9333333333333332, 1.0)",1,99.51586191586192,3612
"(0.9841269841269842, 1.0)",1,99.51570112893644,3613
"(0.8270202020202021, 1.0)",1,99.51551226551226,3614
"(0.9565217391304348, 1.0)",1,99.51548129809,3615
"(0.9444444444444444, 1.0)",1,99.51543209876544,3616
"(0.8339307048984469, 1.0)",1,99.51514380205356,3617
"(0.9886710239651416, 1.0)",1,99.51512441233818,3618
"(0.7555555555555554, 1.0)",3,99.5151075977163,3621
"(0.9333333333333332, 1.0)",1,99.51486291486292,3622
"(0.9696969696969696, 1.0)",1,99.51441891441893,3623
"(0.7555555555555554, 1.0)",2,99.5142857142857,3625
"(0.896551724137931, 1.0)",1,99.51422064941556,3626
"(0.9135802469135802, 1.0)",1,99.51414634747968,3627
"(0.9172932330827066, 1.0)",1,99.5140636124618,3628
"(0.8376068376068376, 1.0)",1,99.51404151404152,3629
"(0.8487103174603176, 1.0)",1,99.5135760002288,3630
"(0.904126984126984, 1.0)",1,99.51356831977644,3631
"(0.9696969696969696, 1.0)",1,99.51352029612904,3632
"(0.8888888888888888, 1.0)",1,99.5134806713754,3633
"(0.8904991948470209, 1.0)",1,99.51339433182144,3634
"(0.9047619047619048, 1.0)",1,99.51338555066316,3635
"(0.7167919799498746, 1.0)",1,99.51288477604268,3636
"(0.9696969696969696, 1.0)",1,99.51281970847188,3637
"(0.896551724137931, 1.0)",1,99.51275034033657,3638
"(0.936026936026936, 1.0)",1,99.51269120319463,3639
"(0.8109668109668109, 1.0)",1,99.51257879547352,3640
"(0.9333333333333332, 1.0)",1,99.51255411255414,3641
"(0.875, 1.0)",1,99.51247412008284,3642
"(0.9841269841269842, 1.0)",1,99.512077294686,3643
"(0.8791208791208792, 1.0)",1,99.511998527788,3644
"(0.9444444444444444, 1.0)",1,99.51188907710647,3645
"(0.8468468468468467, 1.0)",3,99.51185330465692,3648
"(0.9841269841269842, 1.0)",1,99.51173826173826,3649
"(0.9172932330827066, 1.0)",2,99.51146400483972,3651
"(0.8817204301075269, 1.0)",1,99.51146374101026,3652
"(0.875, 1.0)",1,99.51136363636364,3653
"(0.8888888888888888, 1.0)",4,99.5113446939534,3657
"(0.8686868686868687, 1.0)",1,99.51127033885656,3658
"(0.9047619047619048, 1.0)",1,99.51122752716957,3659
"(0.8498168498168498, 1.0)",1,99.511060403864,3660
"(0.8055555555555555, 1.0)",1,99.51100605047974,3661
"(0.7982954545454546, 1.0)",1,99.51084956709956,3662
"(0.9696969696969696, 1.0)",2,99.5105861931949,3664
"(1.0, 1.0)",1,99.51053884387218,3665
"(0.8888888888888888, 1.0)",1,99.51042117302988,3666
"(0.7167919799498746, 1.0)",2,99.51035215032164,3668
"(0.683375104427736, 1.0)",2,99.51021493126756,3670
"(1.0, 1.0)",1,99.5101073912668,3671
"(0.9841269841269842, 1.0)",1,99.51009484342818,3672
"(0.8468468468468467, 1.0)",1,99.5100503100503,3673
"(0.9230769230769232, 1.0)",1,99.51000114226736,3674
"(0.9841269841269842, 1.0)",1,99.50992797135854,3675
"(0.957490630284748, 0.996078431372549)",2,99.50972419622587,3677
"(0.8888888888888888, 1.0)",1,99.509514292123,3678
"(0.9565217391304348, 1.0)",1,99.5093981737273,3679
"(0.8063492063492064, 1.0)",2,99.50918803418804,3681
"(0.8468468468468467, 1.0)",1,99.50917044695156,3682
"(0.8053221288515406, 1.0)",1,99.50906283259224,3683
"(0.8883205456095482, 1.0)",1,99.5088111661002,3684
"(1.0, 1.0)",1,99.50879120879124,3685
"(0.8817204301075269, 1.0)",1,99.50842862099228,3686
"(0.740829346092504, 1.0)",2,99.50819204874932,3688
"(0.8686868686868687, 1.0)",1,99.50805042910306,3689
"(0.7460317460317459, 1.0)",1,99.50793650793652,3690
"(0.8977777777777779, 1.0)",1,99.50732981993852,3691
"(0.8803174603174604, 1.0)",2,99.50724747474749,3693
"(1.0, 0.996078431372549)",1,99.50720026373136,3694
"(0.909722222222222, 1.0)",1,99.5070600301312,3695
"(0.9565217391304348, 1.0)",1,99.50702357224095,3696
"(0.8487103174603176, 1.0)",1,99.50699647574648,3697
"(0.7200000000000001, 1.0)",2,99.50659611992944,3699
"(0.875, 1.0)",1,99.50657686658326,3700
"(0.8170426065162907, 1.0)",1,99.50640927849166,3701
"(0.960639768728004, 1.0)",1,99.50619933758492,3702
"(0.8803174603174604, 1.0)",1,99.50587461920796,3703
"(0.9565217391304348, 1.0)",1,99.50584868552868,3704
"(0.8498168498168499, 1.0)",1,99.50566539613192,3705
"(0.9047619047619048, 1.0)",1,99.50545441564933,3706
"(0.875, 1.0)",1,99.50516136115716,3707
"(0.9135802469135802, 1.0)",1,99.50507701179744,3708
"(0.7555555555555554, 1.0)",1,99.50492113250736,3709
"(0.9444444444444444, 1.0)",1,99.50486228747098,3710
"(0.8817204301075269, 1.0)",2,99.50466003316572,3712
"(0.9507101086048454, 0.9841269841269842)",4,99.50459482038436,3716
"(0.9047619047619048, 1.0)",1,99.50457513500992,3717
"(0.896551724137931, 1.0)",1,99.50440658857174,3718
"(0.8864468864468864, 1.0)",1,99.50400831076118,3719
"(0.9841269841269842, 1.0)",1,99.5039964866052,3720
"(0.9047619047619048, 1.0)",1,99.50397206658076,3721
"(0.9230769230769232, 1.0)",1,99.50361133119752,3722
"(0.996078431372549, 0.996078431372549)",1,99.50349775582757,3723
"(0.9047619047619048, 1.0)",1,99.503441003441,3724
"(0.8253968253968256, 1.0)",1,99.50328423661756,3725
"(0.9841269841269842, 1.0)",2,99.50322049172624,3727
"(0.9135802469135802, 1.0)",1,99.50309288481331,3728
"(0.9230769230769232, 1.0)",1,99.50280309121771,3729
"(0.8468468468468467, 1.0)",2,99.50274746796488,3731
"(0.7167919799498746, 1.0)",1,99.50273121516447,3732
"(0.9047619047619048, 1.0)",1,99.50270470898654,3733
"(0.9444444444444444, 1.0)",2,99.50248516915184,3735
"(0.833064949006978, 1.0)",1,99.50210460500315,3736
"(0.8253968253968256, 1.0)",1,99.50209950494308,3737
"(0.8109668109668109, 1.0)",1,99.50164130865886,3738
"(0.9507101086048454, 1.0)",1,99.50157851302016,3739
"(0.8888888888888888, 1.0)",1,99.5013853880009,3740
"(0.8518518518518519, 1.0)",1,99.50025315814791,3741
"(0.9674603174603176, 1.0)",2,99.4999818569994,3743
"(0.9248366013071896, 1.0)",1,99.49986483394412,3744
"(0.8547544409613373, 1.0)",1,99.49926199608102,3745
"(0.896551724137931, 1.0)",1,99.4992503748126,3746
"(0.9630228758169934, 0.996078431372549)",1,99.49886022245164,3747
"(0.9444444444444444, 1.0)",1,99.49880021213356,3748
"(1.0, 0.996078431372549)",1,99.49865395052008,3749
"(0.9047619047619048, 1.0)",1,99.49841532941112,3750
"(0.8883205456095482, 1.0)",1,99.49821360477796,3751
"(0.9230769230769232, 1.0)",1,99.49800399119285,3752
"(0.8373015873015873, 1.0)",2,99.49790530247186,3754
"(0.9333333333333332, 1.0)",1,99.49776369631442,3755
"(0.7167919799498746, 1.0)",1,99.49774436090226,3756
"(0.8487103174603176, 1.0)",1,99.49760260164672,3757
"(0.821964821964822, 1.0)",1,99.49759012259013,3758
"(0.8585858585858586, 1.0)",1,99.49693362193364,3759
"(0.896551724137931, 1.0)",1,99.49687732446354,3760
"(0.9841269841269842, 1.0)",1,99.49684635704126,3761
"(1.0, 0.996078431372549)",1,99.49684464114044,3762
"(0.9841269841269842, 1.0)",1,99.496766537556,3763
"(0.9135802469135802, 1.0)",1,99.49642456309122,3764
"(0.932852564102564, 1.0)",1,99.49625182165504,3765
"(0.875, 1.0)",1,99.49613053975798,3766
"(0.8487103174603176, 1.0)",2,99.49604076479076,3768
"(0.8468468468468467, 1.0)",1,99.49581320440628,3769
"(0.9172932330827066, 1.0)",1,99.49565203902772,3770
"(0.9172932330827066, 1.0)",2,99.4955909889667,3772
"(1.0, 1.0)",1,99.49475449475447,3773
"(0.8350168350168351, 1.0)",4,99.49455451245731,3777
"(0.8487103174603176, 1.0)",2,99.49444236319236,3779
"(0.7996201329534663, 1.0)",1,99.49414782748116,3780
"(0.9230769230769232, 1.0)",1,99.49377469850856,3781
"(0.7460317460317459, 1.0)",1,99.49350649350652,3782
"(0.8571428571428572, 1.0)",1,99.49350649350652,3783
"(0.7167919799498746, 1.0)",1,99.49325966431228,3784
"(0.8055555555555555, 1.0)",1,99.49296536796535,3785
"(0.9841269841269842, 1.0)",1,99.49288796912413,3786
"(0.8888888888888888, 1.0)",1,99.49223602484471,3787
"(0.8888888888888888, 1.0)",1,99.49210049210048,3788
"(0.8518518518518519, 1.0)",1,99.49187945709684,3789
"(0.9696969696969696, 1.0)",2,99.49165392338544,3791
"(0.9135802469135802, 1.0)",1,99.49151682014428,3792
"(0.8468468468468467, 1.0)",1,99.49141154141154,3793
"(0.9565217391304348, 1.0)",2,99.49131444933543,3795
"(0.9135802469135802, 1.0)",1,99.49117059283986,3796
"(0.992156862745098, 1.0)",1,99.4911562737802,3797
"(0.8504594820384294, 1.0)",1,99.4911464674741,3798
"(0.9333333333333332, 1.0)",1,99.49101523884131,3799
"(0.9565217391304348, 1.0)",1,99.49101144473458,3800
"(1.0, 1.0)",1,99.4906204906205,3801
"(0.8578431372549019, 1.0)",1,99.49032176973358,3802
"(0.9135802469135802, 1.0)",1,99.49026271980924,3803
"(0.9507101086048454, 0.9841269841269842)",1,99.49024834814315,3804
"(0.8817204301075269, 1.0)",1,99.49016552403356,3805
"(0.936026936026936, 1.0)",1,99.49000355522097,3806
"(0.875, 1.0)",2,99.48997822517312,3808
"(0.9507101086048454, 1.0)",1,99.48982615027845,3809
"(0.8864468864468864, 1.0)",1,99.48960712490124,3810
"(0.9135802469135802, 1.0)",1,99.48937579639336,3811
"(0.9230769230769232, 1.0)",1,99.48910410577076,3812
"(0.9444444444444444, 1.0)",1,99.48897817158688,3813
"(0.8888888888888888, 1.0)",1,99.48894366503062,3814
"(0.875, 1.0)",1,99.48889906977476,3815
"(1.0, 1.0)",2,99.48881210386588,3817
"(0.8817204301075269, 1.0)",1,99.48878701729272,3818
"(0.9813854489164088, 1.0)",2,99.48861896571502,3820
"(0.9696969696969696, 1.0)",1,99.48849143687852,3821
"(0.9841269841269842, 1.0)",1,99.48842046465136,3822
"(0.8666666666666667, 1.0)",1,99.48841899470082,3823
"(0.9230769230769232, 1.0)",1,99.48840204978312,3824
"(0.833064949006978, 1.0)",1,99.4883479376233,3825
"(0.9444444444444444, 1.0)",1,99.48783351151774,3826
"(0.8, 1.0)",1,99.48770575978814,3827
"(0.8832772166105499, 1.0)",1,99.48743848743848,3828
"(1.0, 1.0)",1,99.48739720597588,3829
"(0.9507101086048454, 1.0)",1,99.4873649762555,3830
"(0.9248366013071896, 1.0)",1,99.48735796882856,3831
"(0.9047619047619048, 1.0)",1,99.48731248410884,3832
"(0.9109477124183006, 1.0)",2,99.48661100337571,3834
"(0.9230769230769232, 1.0)",2,99.48605254394728,3836
"(0.8883205456095482, 1.0)",1,99.48596782586552,3837
"(0.865079365079365, 1.0)",1,99.48595682222684,3838
"(0.9565217391304348, 1.0)",1,99.48586384785544,3839
"(0.8897707231040564, 1.0)",1,99.48573031906363,3840
"(1.0, 1.0)",2,99.48561505872722,3842
"(0.9262187088274044, 1.0)",1,99.48536673672544,3843
"(0.9507101086048454, 1.0)",1,99.48534214323692,3844
"(0.9696969696969696, 1.0)",1,99.4852963128826,3845
"(0.8468468468468467, 1.0)",1,99.48527605049344,3846
"(0.9841269841269842, 1.0)",1,99.48508652472847,3847
"(1.0, 1.0)",2,99.4850763271816,3849
"(0.7555555555555554, 1.0)",4,99.4850203487192,3853
"(0.9135802469135802, 1.0)",1,99.48500881834217,3854
"(1.0, 1.0)",1,99.48500881834217,3855
"(0.7996201329534663, 1.0)",1,99.48500024991252,3856
"(0.8253968253968256, 1.0)",3,99.48497600091804,3859
"(0.7167919799498746, 1.0)",1,99.48496240601504,3860
"(0.6666666666666666, 1.0)",1,99.48478097600903,3861
"(0.8376068376068376, 1.0)",1,99.4846796851912,3862
"(1.0, 1.0)",1,99.48460798460798,3863
"(1.0, 1.0)",1,99.484126984127,3864
"(0.9841269841269842, 1.0)",1,99.484126984127,3865
"(0.9521531100478468, 1.0)",1,99.48385522435863,3866
"(0.9363636363636364, 1.0)",2,99.48352974186308,3868
"(0.8817204301075269, 1.0)",1,99.48268184448358,3869
"(0.9841269841269842, 1.0)",1,99.48238242591066,3870
"(0.8468468468468467, 1.0)",1,99.48220038220038,3871
"(0.9767195767195768, 1.0)",1,99.48197601847772,3872
"(1.0, 1.0)",1,99.48195631528964,3873
"(0.896551724137931, 1.0)",1,99.48184803702046,3874
"(0.976661220043573, 0.996078431372549)",2,99.4813825007796,3876
"(1.0, 1.0)",2,99.48125363914838,3878
"(0.9841269841269842, 1.0)",1,99.48087174197506,3879
"(0.8343943638061285, 1.0)",1,99.48083002043668,3880
"(0.9507101086048454, 1.0)",1,99.48031098425906,3881
"(0.9841269841269842, 1.0)",1,99.48030636030636,3882
"(0.8518518518518519, 1.0)",2,99.48014722797332,3884
"(0.8666666666666667, 1.0)",1,99.48006856196372,3885
"(1.0, 1.0)",1,99.48006194347658,3886
"(0.8867623604465709, 1.0)",1,99.47987777964896,3887
"(0.9230769230769232, 1.0)",1,99.4798514900464,3888
"(0.8468468468468467, 1.0)",1,99.47981977837053,3889
"(0.8376068376068376, 1.0)",1,99.47964627964627,3890
"(0.9802054154995332, 1.0)",1,99.47950197463368,3891
"(0.75, 1.0)",1,99.47933829455567,3892
"(0.9565217391304348, 1.0)",2,99.47932116192986,3894
"(0.8487103174603176, 1.0)",1,99.47929084804085,3895
"(0.9230769230769232, 1.0)",1,99.47928182928185,3896
"(0.8571428571428572, 0.9841269841269842)",1,99.47907647907654,3897
"(0.9565217391304348, 1.0)",1,99.478892089087,3898
"(0.896551724137931, 1.0)",1,99.4787800221557,3899
"(1.0, 1.0)",1,99.4786604191639,3900
"(0.8883205456095482, 1.0)",1,99.47823257541928,3901
"(0.8468468468468467, 1.0)",1,99.47777134371336,3902
"(0.9565217391304348, 1.0)",1,99.47765214198128,3903
"(0.8498168498168499, 1.0)",2,99.47763970075188,3905
"(0.7460317460317459, 1.0)",2,99.4776334776335,3907
"(0.9674603174603176, 1.0)",1,99.47753083689616,3908
"(0.8803174603174604, 1.0)",2,99.47737734487735,3910
"(0.875, 1.0)",1,99.47730510230512,3911
"(0.8686868686868687, 1.0)",1,99.47706121039454,3912
"(0.9507101086048454, 0.9841269841269842)",1,99.4769895753878,3913
"(0.9230769230769232, 1.0)",1,99.47694378396132,3914
"(0.9333333333333332, 1.0)",1,99.4768284347232,3915
"(0.8897707231040564, 1.0)",1,99.47680392607928,3916
"(0.9802054154995332, 1.0)",1,99.4765585122939,3917
"(0.9799875505757858, 1.0)",1,99.47628786017344,3918
"(0.896551724137931, 1.0)",2,99.47625129234324,3920
"(0.9230769230769232, 1.0)",1,99.47611267451084,3921
"(0.8888888888888888, 1.0)",1,99.47598606785142,3922
"(0.896551724137931, 1.0)",1,99.47581785448764,3923
"(0.9565217391304348, 1.0)",1,99.47554565522566,3924
"(0.9109477124183006, 1.0)",1,99.47548843485376,3925
"(0.9565217391304348, 1.0)",1,99.47547315808184,3926
"(0.9230769230769232, 1.0)",1,99.47545787545788,3927
"(0.683375104427736, 1.0)",4,99.47529429634692,3931
"(0.8888888888888888, 1.0)",1,99.47528309523194,3932
"(0.9841269841269842, 1.0)",1,99.47521619467884,3933
"(0.734006734006734, 1.0)",1,99.47467964134631,3934
"(0.9230769230769232, 1.0)",1,99.47466301814129,3935
"(0.8053221288515406, 1.0)",1,99.47466188367224,3936
"(0.8883205456095482, 1.0)",2,99.47454103755086,3938
"(0.8350168350168351, 1.0)",1,99.4745244651468,3939
"(0.8468468468468467, 1.0)",1,99.47436425697296,3940
"(0.875, 1.0)",1,99.47412685510017,3941
"(0.9802054154995332, 0.996078431372549)",2,99.474039666159,3943
"(0.8487103174603176, 1.0)",1,99.47403135657449,3944
"(0.8571428571428572, 1.0)",1,99.47397787397789,3945
"(0.9444444444444444, 1.0)",2,99.47385620915033,3947
"(1.0, 1.0)",3,99.47385129490392,3950
"(0.8888888888888888, 1.0)",1,99.47377501725327,3951
"(0.9841269841269842, 1.0)",1,99.47374847374851,3952
"(0.8468468468468467, 1.0)",2,99.47368667368669,3954
"(0.9523809523809524, 1.0)",1,99.4733044733045,3955
"(0.9507101086048454, 0.9841269841269842)",1,99.47293233082712,3956
"(0.8817204301075269, 1.0)",1,99.4729140014197,3957
"(0.9696969696969696, 1.0)",1,99.4726326305274,3958
"(0.8109668109668109, 1.0)",1,99.47258297258296,3959
"(0.9230769230769232, 1.0)",1,99.4725290339101,3960
"(1.0, 1.0)",1,99.47252747252747,3961
"(0.9135802469135802, 1.0)",2,99.47225908820111,3963
"(0.9333333333333332, 1.0)",1,99.471922229817,3964
"(0.683375104427736, 1.0)",1,99.47174755069491,3965
"(0.875, 1.0)",1,99.47103174603174,3966
"(0.833064949006978, 1.0)",1,99.47035857325712,3967
"(0.8376068376068376, 1.0)",1,99.47024967076118,3968
"(0.8675136116152449, 1.0)",1,99.47020721430884,3969
"(0.9674603174603176, 1.0)",1,99.47020202020202,3970
"(0.9135802469135802, 1.0)",1,99.4700575859996,3971
"(0.8888888888888888, 1.0)",1,99.46997446997446,3972
"(0.8666666666666667, 1.0)",1,99.46993746993746,3973
"(0.9696969696969696, 1.0)",2,99.46981366403408,3975
"(0.9507101086048454, 1.0)",1,99.46976820105004,3976
"(0.8376068376068376, 1.0)",1,99.46969793491532,3977
"(0.8864468864468864, 1.0)",1,99.46966415227286,3978
"(0.9444444444444444, 1.0)",1,99.46942070275404,3979
"(0.9840686274509804, 0.9919117647058824)",1,99.46939383126764,3980
"(1.0, 1.0)",1,99.46929589792794,3981
"(0.9507101086048454, 1.0)",1,99.46928324712684,3982
"(0.9047619047619048, 1.0)",3,99.46911130010707,3985
"(0.8864468864468864, 1.0)",1,99.46884416752836,3986
"(0.7502088554720134, 1.0)",1,99.46878842405158,3987
"(0.9565217391304348, 1.0)",1,99.46813005834744,3988
"(0.896551724137931, 1.0)",1,99.46809765476314,3989
"(1.0, 1.0)",1,99.46803438107786,3990
"(0.8977777777777779, 1.0)",1,99.46800722972766,3991
"(0.9224211423699916, 1.0)",1,99.46789665451216,3992
"(0.7167919799498746, 1.0)",1,99.46770204680196,3993
"(0.9135802469135802, 1.0)",1,99.46769469971224,3994
"(1.0, 1.0)",1,99.467612242481,3995
"(0.9230769230769232, 1.0)",1,99.46739692831648,3996
"(0.9230769230769232, 1.0)",1,99.46733808328013,3997
"(0.7200000000000001, 1.0)",1,99.46724962448748,3998
"(0.9565217391304348, 1.0)",1,99.4671633850662,3999
"(0.9224211423699916, 1.0)",1,99.46715418710303,4000
"(0.9047619047619048, 1.0)",1,99.46707493048956,4001
"(0.9841269841269842, 1.0)",1,99.4668208334875,4002
"(0.8791208791208792, 1.0)",2,99.46661164922034,4004
"(0.9444444444444444, 1.0)",1,99.46657046657046,4005
"(0.8518518518518519, 1.0)",1,99.46639026566564,4006
"(0.896551724137931, 1.0)",1,99.4662486938349,4007
"(0.9841269841269842, 1.0)",2,99.4662463140724,4009
"(0.8468468468468467, 1.0)",1,99.46601088195293,4010
"(0.9333333333333332, 1.0)",1,99.4659462485038,4011
"(0.8675136116152449, 1.0)",1,99.46581073932414,4012
"(0.7167919799498746, 1.0)",1,99.46570972886762,4013
"(0.9333333333333332, 1.0)",1,99.46542443064182,4014
"(0.896551724137931, 1.0)",1,99.46505821764444,4015
"(0.8977777777777779, 1.0)",1,99.4648773448774,4016
"(0.8253968253968256, 1.0)",1,99.46485535074244,4017
"(0.9841269841269842, 0.996078431372549)",1,99.46474690886473,4018
"(0.9248366013071896, 1.0)",1,99.46471803566232,4019
"(0.9696969696969696, 1.0)",1,99.46464646464648,4020
"(0.9224211423699916, 1.0)",1,99.4646132497795,4021
"(0.9696969696969696, 1.0)",1,99.46451735399104,4022
"(0.9841269841269842, 1.0)",1,99.46428571428572,4023
"(0.8518518518518519, 1.0)",1,99.4642742121003,4024
"(0.9841269841269842, 1.0)",1,99.46420246420249,4025
"(0.8468468468468467, 1.0)",1,99.46384718695931,4026
"(1.0, 0.996078431372549)",1,99.463807345905,4027
"(0.9842592592592592, 1.0)",1,99.46358891509831,4028
"(0.7502088554720134, 1.0)",1,99.46358485145672,4029
"(0.8425925925925927, 1.0)",2,99.46357687147164,4031
"(0.9047619047619048, 1.0)",1,99.4635620672234,4032
"(0.8468468468468467, 1.0)",1,99.46354174615048,4033
"(0.9444444444444444, 1.0)",1,99.46334776334776,4034
"(0.8817204301075269, 1.0)",1,99.46310953908284,4035
"(0.9135802469135802, 1.0)",1,99.46308707016132,4036
"(0.8686868686868687, 1.0)",1,99.46303369832782,4037
"(0.9047619047619048, 1.0)",1,99.46297562087037,4038
"(0.9674603174603176, 1.0)",1,99.46291536050155,4039
"(0.896551724137931, 1.0)",3,99.46290700628268,4042
"(0.7200000000000001, 1.0)",1,99.46285714285716,4043
"(0.8803174603174604, 1.0)",1,99.4626999121736,4044
"(1.0, 1.0)",1,99.46264665286404,4045
"(0.8803174603174604, 1.0)",1,99.46261671908732,4046
"(0.9172932330827066, 1.0)",2,99.46233817093126,4048
"(0.8687739463601533, 1.0)",1,99.46216573975197,4049
"(0.9666666666666668, 1.0)",1,99.46204113224238,4050
"(0.8888888888888888, 1.0)",1,99.461967789554,4051
"(0.7502088554720134, 1.0)",1,99.46187253055032,4052
"(0.896551724137931, 1.0)",2,99.4617642893505,4054
"(0.9886710239651416, 0.996078431372549)",1,99.46175295264318,4055
"(0.9841269841269842, 1.0)",1,99.46111312181954,4056
"(0.909722222222222, 1.0)",1,99.46061577311578,4057
"(0.7502088554720134, 1.0)",1,99.4603302558108,4058
"(0.9565217391304348, 1.0)",1,99.4602687371303,4059
"(0.8468468468468467, 1.0)",1,99.45989533586864,4060
"(0.896551724137931, 1.0)",1,99.45989533586864,4061
"(0.9047619047619048, 1.0)",1,99.4598658333326,4062
"(0.8498168498168499, 1.0)",2,99.45957424218297,4064
"(0.9444444444444444, 1.0)",2,99.4593111868974,4066
"(0.8904991948470209, 1.0)",1,99.45926041498124,4067
"(0.9696969696969696, 1.0)",1,99.45923520923525,4068
"(0.8, 1.0)",4,99.4591942820013,4072
"(0.8055555555555555, 1.0)",1,99.45910694244029,4073
"(0.8055555555555555, 1.0)",1,99.458827709801,4074
"(0.8571428571428572, 1.0)",1,99.458684603246,4075
"(0.8698412698412699, 0.9841269841269842)",1,99.45858585858592,4076
"(0.896551724137931, 1.0)",1,99.45854009808284,4077
"(0.9842592592592592, 1.0)",1,99.45843783552772,4078
"(0.875, 1.0)",1,99.45782148244471,4079
"(0.8883205456095482, 1.0)",2,99.45779619292878,4081
"(0.9047619047619048, 1.0)",2,99.45775595200882,4083
"(1.0, 0.996078431372549)",2,99.45759218307224,4085
"(0.8943650793650794, 1.0)",1,99.4575524013024,4086
"(0.9674603174603176, 1.0)",1,99.45733652312602,4087
"(0.9333333333333332, 0.9841269841269842)",1,99.45714285714293,4088
"(0.9047619047619048, 1.0)",1,99.45714285714286,4089
"(0.9696969696969696, 1.0)",1,99.4570736866202,4090
"(0.9507101086048454, 1.0)",1,99.45705931495408,4091
"(0.9047619047619048, 1.0)",1,99.45704823965694,4092
"(0.9230769230769232, 1.0)",1,99.45698745698748,4093
"(0.996078431372549, 0.996078431372549)",1,99.45698140851248,4094
"(0.9230769230769232, 1.0)",2,99.45695970900812,4096
"(0.8888888888888888, 1.0)",1,99.45686311415211,4097
"(0.9230769230769232, 1.0)",1,99.45671875723026,4098
"(0.9696969696969696, 1.0)",1,99.45669780739614,4099
"(0.9565217391304348, 1.0)",2,99.45667858711336,4101
"(0.8373015873015873, 1.0)",1,99.45624007634878,4102
"(0.8864468864468864, 1.0)",1,99.45623370172272,4103
"(0.7982954545454546, 1.0)",1,99.45602621483376,4104
"(0.8373015873015873, 1.0)",1,99.45584795321638,4105
"(1.0, 1.0)",1,99.45555555555556,4106
"(0.8518518518518519, 1.0)",1,99.45554304462232,4107
"(0.7708333333333334, 1.0)",1,99.45548201798202,4108
"(1.0, 1.0)",4,99.4553422422988,4112
"(0.919047619047619, 1.0)",1,99.4544982794983,4113
"(0.7982954545454546, 1.0)",1,99.45438011063013,4114
"(0.7502088554720134, 1.0)",1,99.45419855946172,4115
"(0.8904991948470209, 1.0)",2,99.45416505691108,4117
"(0.9444444444444444, 1.0)",2,99.45360490288029,4119
"(0.9444444444444444, 1.0)",1,99.4533742693163,4120
"(0.9855521155830752, 0.996078431372549)",1,99.45326125771965,4121
"(0.8487103174603176, 1.0)",1,99.45322551552393,4122
"(0.9230769230769232, 1.0)",1,99.45265845265853,4123
"(0.8888888888888888, 1.0)",2,99.4524164008035,4125
"(0.9565217391304348, 1.0)",1,99.45232593493463,4126
"(0.9206349206349206, 1.0)",1,99.45232323232324,4127
"(0.9333333333333332, 1.0)",1,99.45232252280309,4128
"(0.896551724137931, 1.0)",1,99.45213860801428,4129
"(0.8817204301075269, 1.0)",1,99.45167892317816,4130
"(0.909722222222222, 1.0)",1,99.45167748917748,4131
"(0.9444444444444444, 1.0)",1,99.45153118486452,4132
"(0.8270202020202021, 1.0)",1,99.45122655122655,4133
"(0.8991666666666667, 1.0)",1,99.45082611832612,4134
"(0.875, 1.0)",1,99.45080412419122,4135
"(1.0, 1.0)",1,99.45080266024546,4136
"(0.8888888888888888, 1.0)",1,99.45079628179208,4137
"(0.8547544409613373, 1.0)",1,99.45071403692094,4138
"(0.9841269841269842, 1.0)",1,99.45046639506668,4139
"(0.883876357560568, 1.0)",1,99.4503837964818,4140
"(0.896551724137931, 1.0)",1,99.45033176052668,4141
"(0.9565217391304348, 1.0)",2,99.4502086078173,4143
"(0.9841269841269842, 1.0)",1,99.45000034855109,4144
"(0.7200000000000001, 1.0)",1,99.44997434016923,4145
"(1.0, 0.9841269841269842)",2,99.44977244977252,4147
"(0.8686868686868687, 1.0)",1,99.44963924963923,4148
"(0.9565217391304348, 1.0)",1,99.4493835232203,4149
"(0.896551724137931, 1.0)",1,99.449029801616,4150
"(0.7167919799498746, 1.0)",1,99.44871437853894,4151
"(0.896551724137931, 1.0)",1,99.44864984145345,4152
"(0.9808278867102396, 0.996078431372549)",2,99.4485933379202,4154
"(0.9565217391304348, 1.0)",1,99.44826107869584,4155
"(0.9047619047619048, 1.0)",1,99.44805194805195,4156
"(0.9882352941176472, 0.996078431372549)",2,99.44787262273351,4158
"(0.7167919799498746, 1.0)",1,99.44784636617668,4159
"(0.9886710239651416, 0.996078431372549)",2,99.4476862089867,4161
"(0.9135802469135802, 1.0)",2,99.44749078082413,4163
"(0.9651330532212884, 1.0)",1,99.4470457734752,4164
"(0.7777777777777776, 1.0)",1,99.44688644688648,4165
"(0.883876357560568, 1.0)",1,99.44688387635756,4166
"(0.9444444444444444, 1.0)",1,99.44672425691918,4167
"(0.9813854489164088, 1.0)",1,99.44669762641904,4168
"(1.0, 0.996078431372549)",1,99.44620960079948,4169
"(0.8888888888888888, 1.0)",1,99.4459772914663,4170
"(0.984313725490196, 0.996078431372549)",1,99.44592592592612,4171
"(0.9886710239651416, 0.996078431372549)",1,99.44592088063312,4172
"(0.9224211423699916, 1.0)",1,99.44579776574663,4173
"(0.9879901960784314, 0.996078431372549)",2,99.4457625272333,4175
"(0.8518518518518519, 1.0)",1,99.44562341844951,4176
"(1.0, 1.0)",1,99.44559884559884,4177
"(0.9444444444444444, 1.0)",1,99.44528934353497,4178
"(0.896551724137931, 1.0)",1,99.44489227247848,4179
"(0.936026936026936, 1.0)",1,99.44489000278472,4180
"(0.9841269841269842, 1.0)",1,99.44464492248852,4181
"(0.8791208791208792, 1.0)",1,99.4446288519515,4182
"(0.8888888888888888, 1.0)",1,99.44447238497582,4183
"(1.0, 1.0)",1,99.44444444444451,4184
"(1.0, 0.996078431372549)",2,99.44437954446138,4186
"(0.9882352941176472, 0.996078431372549)",1,99.44419738070688,4187
"(0.996078431372549, 0.996078431372549)",1,99.44413955325734,4188
"(0.9047619047619048, 1.0)",1,99.44412964779096,4189
"(0.9230769230769232, 1.0)",1,99.44399312442792,4190
"(0.875, 1.0)",1,99.44377104377104,4191
"(0.992156862745098, 0.996078431372549)",2,99.44376361655792,4193
"(0.9230769230769232, 1.0)",1,99.44371329153938,4194
"(0.9224211423699916, 1.0)",1,99.44362216357102,4195
"(0.996078431372549, 0.996078431372549)",2,99.44353913105212,4197
"(0.9866666666666668, 0.996078431372549)",1,99.44335369780111,4198
"(0.896551724137931, 1.0)",1,99.44327950615984,4199
"(0.9047619047619048, 1.0)",1,99.44309843839255,4200
"(0.896551724137931, 1.0)",1,99.44219333900377,4201
"(0.683375104427736, 1.0)",1,99.4418774208248,4202
"(0.9, 1.0)",1,99.44180312441183,4203
"(0.9799875505757858, 0.996078431372549)",1,99.44177604960126,4204
"(0.9466207660652104, 1.0)",1,99.4417097474538,4205
"(0.8864468864468864, 1.0)",1,99.44151619275236,4206
"(0.8151260504201681, 1.0)",1,99.44141849193,4207
"(0.8731060606060606, 1.0)",1,99.44133336048658,4208
"(0.8468468468468467, 1.0)",1,99.44102414102414,4209
"(0.8817204301075269, 1.0)",1,99.44099122467244,4210
"(0.8266666666666667, 1.0)",2,99.44098444765112,4212
"(0.9674603174603176, 1.0)",1,99.44096309798066,4213
"(0.9841269841269842, 1.0)",1,99.4409588969547,4214
"(1.0, 1.0)",2,99.44080568124686,4216
"(0.8453267162944582, 1.0)",1,99.44079399411469,4217
"(0.7167919799498746, 1.0)",1,99.44074843490212,4218
"(1.0, 1.0)",2,99.44068953746373,4220
"(0.896551724137931, 1.0)",1,99.44060981658312,4221
"(0.9696969696969696, 0.9841269841269842)",1,99.44056326814952,4222
"(0.7777777777777776, 1.0)",1,99.44027577360912,4223
"(0.896551724137931, 1.0)",1,99.44024505151248,4224
"(0.8055555555555555, 1.0)",1,99.44005376344086,4225
"(0.9886710239651416, 0.996078431372549)",1,99.43986240110098,4226
"(0.9230769230769232, 1.0)",1,99.43968398751008,4227
"(0.9841269841269842, 1.0)",2,99.43961352657006,4229
"(0.9444444444444444, 1.0)",1,99.43959899749376,4230
"(0.8498168498168499, 1.0)",4,99.43958838009186,4234
"(0.9206349206349206, 1.0)",1,99.4392526771474,4235
"(0.8888888888888888, 1.0)",3,99.43921065515268,4238
"(0.9444444444444444, 1.0)",1,99.43897787948136,4239
"(0.8864468864468864, 1.0)",1,99.43885252174726,4240
"(0.9742231395482168, 0.996078431372549)",1,99.4384660589384,4241
"(0.9333333333333332, 1.0)",1,99.43823953823956,4242
"(0.8350168350168351, 1.0)",1,99.43823798662508,4243
"(0.984313725490196, 0.996078431372549)",1,99.43822485134424,4244
"(0.9172932330827066, 1.0)",1,99.43819396977295,4245
"(0.9444444444444444, 1.0)",1,99.43813288161115,4246
"(0.7982954545454546, 1.0)",1,99.43752505210838,4247
"(0.8425925925925927, 1.0)",1,99.43738210259951,4248
"(0.8817204301075269, 1.0)",1,99.43727598566308,4249
"(0.8675136116152449, 1.0)",3,99.43712886295091,4252
"(0.9755757858699036, 0.996078431372549)",1,99.43698431296806,4253
"(0.7167919799498746, 1.0)",1,99.4369821494154,4254
"(0.9841269841269842, 1.0)",1,99.43696448479056,4255
"(0.9224211423699916, 1.0)",1,99.436940439498,4256
"(1.0, 1.0)",1,99.43683198521909,4257
"(0.8053221288515406, 1.0)",2,99.4367944879101,4259
"(0.8547544409613373, 1.0)",1,99.43679285971638,4260
"(0.8350168350168351, 1.0)",1,99.43638441279094,4261
"(0.909722222222222, 1.0)",1,99.4363417647838,4262
"(0.896551724137931, 1.0)",1,99.43626559214128,4263
"(0.8266666666666667, 1.0)",1,99.43610680855564,4264
"(0.8170426065162907, 1.0)",4,99.43584121586964,4268
"(0.8686868686868687, 1.0)",1,99.43578643578644,4269
"(0.9224211423699916, 1.0)",1,99.43575322091948,4270
"(0.8468468468468467, 1.0)",1,99.43561583416655,4271
"(0.9445350241545892, 1.0)",1,99.43522029053428,4272
"(0.8888888888888888, 1.0)",1,99.43497022125206,4273
"(1.0, 0.996078431372549)",1,99.43491830065372,4274
"(0.9841269841269842, 1.0)",1,99.43487126651426,4275
"(0.996078431372549, 0.996078431372549)",1,99.43471635863295,4276
"(0.9135802469135802, 1.0)",2,99.43466299558254,4278
"(0.9666666666666668, 1.0)",2,99.43460066503545,4280
"(1.0, 1.0)",1,99.43447588375123,4281
"(0.8487103174603176, 1.0)",1,99.43428523636858,4282
"(0.8817204301075269, 1.0)",1,99.43416889760977,4283
"(0.8339307048984469, 1.0)",1,99.4337984297662,4284
"(0.9841269841269842, 1.0)",1,99.43368900832894,4285
"(0.8425925925925927, 1.0)",1,99.43366282416628,4286
"(0.9313762626262628, 1.0)",1,99.43354631877482,4287
"(0.875, 1.0)",1,99.4332321934271,4288
"(0.8888888888888888, 1.0)",1,99.43321557669384,4289
"(0.9135802469135802, 1.0)",1,99.4331162664496,4290
"(0.9047619047619048, 1.0)",2,99.4330158108594,4292
"(0.875, 1.0)",1,99.43296474057344,4293
"(0.9507101086048454, 1.0)",2,99.43287161586248,4295
"(0.9230769230769232, 1.0)",1,99.4326167659501,4296
"(0.9023569023569024, 1.0)",1,99.4322991822992,4297
"(0.9172932330827066, 1.0)",1,99.4315428723324,4298
"(0.7982954545454546, 1.0)",1,99.43148942107278,4299
"(0.976661220043573, 0.996078431372549)",1,99.43147809362996,4300
"(0.9696969696969696, 1.0)",1,99.43131313131312,4301
"(1.0, 1.0)",1,99.43128040689972,4302
"(0.9224211423699916, 1.0)",1,99.4306630911154,4303
"(0.8266666666666667, 1.0)",1,99.43062289562288,4304
"(0.8897707231040564, 1.0)",1,99.43059889654091,4305
"(0.7167919799498746, 1.0)",1,99.430345093503,4306
"(0.7996201329534663, 1.0)",1,99.4302988412184,4307
"(0.8468468468468467, 1.0)",1,99.43028056288928,4308
"(0.9135802469135802, 1.0)",2,99.43022131194176,4310
"(0.8571428571428572, 1.0)",1,99.42979299756796,4311
"(0.8376068376068376, 1.0)",1,99.42979242979244,4312
"(0.8888888888888888, 1.0)",1,99.4297762057495,4313
"(0.9886710239651416, 0.996078431372549)",1,99.42930714051478,4314
"(0.9023569023569024, 1.0)",1,99.4289186023057,4315
"(0.9841269841269842, 1.0)",2,99.42888266417678,4317
"(0.7616334283000951, 1.0)",1,99.42881333642202,4318
"(0.8487103174603176, 1.0)",1,99.42880072513694,4319
"(1.0, 1.0)",1,99.42876567876569,4320
"(0.9047619047619048, 1.0)",1,99.4284038059277,4321
"(0.9521531100478468, 1.0)",1,99.42834358623838,4322
"(0.683375104427736, 1.0)",1,99.427868914711,4323
"(0.8053221288515406, 1.0)",1,99.42777375130316,4324
"(0.9248366013071896, 1.0)",1,99.4277509092215,4325
"(0.9224211423699916, 1.0)",1,99.427749147698,4326
"(0.9842592592592592, 1.0)",1,99.42769123864336,4327
"(0.8376068376068376, 1.0)",2,99.42714784505064,4329
"(0.8376068376068376, 1.0)",1,99.4266964919139,4330
"(0.9755757858699036, 0.996078431372549)",1,99.42649483185104,4331
"(0.9363636363636364, 1.0)",2,99.42627517410126,4333
"(0.8904991948470209, 1.0)",1,99.42620864775915,4334
"(0.8, 1.0)",3,99.42612794612796,4337
"(0.8888888888888888, 1.0)",1,99.42611608340508,4338
"(0.9894736842105264, 0.996078431372549)",1,99.42574475404216,4339
"(0.8977777777777779, 1.0)",1,99.4257280883368,4340
"(0.9507101086048454, 0.9841269841269842)",1,99.42531328320808,4341
"(0.9755757858699036, 0.996078431372549)",2,99.42529093703774,4343
"(0.9333333333333332, 1.0)",1,99.42525252525256,4344
"(0.984313725490196, 0.996078431372549)",2,99.42520098523217,4346
"(0.7167919799498746, 1.0)",2,99.42490485472942,4348
"(0.9230769230769232, 1.0)",1,99.42488344278624,4349
"(0.9333333333333332, 1.0)",1,99.42454212454216,4350
"(0.8897707231040564, 1.0)",1,99.42447873539828,4351
"(0.8686868686868687, 1.0)",2,99.4242960105029,4353
"(0.8888888888888888, 1.0)",1,99.42424242424246,4354
"(0.7200000000000001, 1.0)",1,99.42420336853247,4355
"(0.9542023172905526, 0.996078431372549)",2,99.42410230142312,4357
"(0.8686868686868687, 1.0)",1,99.42406365444728,4358
"(0.8518518518518519, 1.0)",1,99.4239297739298,4359
"(0.8817204301075269, 1.0)",1,99.4239026206768,4360
"(0.9333333333333332, 1.0)",4,99.42380952380957,4364
"(0.9565217391304348, 1.0)",1,99.4238032498902,4365
"(0.9109477124183006, 1.0)",1,99.4237839403083,4366
"(0.9445350241545892, 1.0)",1,99.4236350353872,4367
"(0.9696969696969696, 1.0)",4,99.42352092352093,4371
"(0.833064949006978, 1.0)",1,99.42325253919456,4372
"(0.9047619047619048, 1.0)",1,99.42298769682446,4373
"(0.992156862745098, 0.996078431372549)",1,99.42278994409888,4374
"(0.9767195767195768, 1.0)",1,99.42261461735156,4375
"(0.8571428571428572, 1.0)",2,99.42248293842496,4377
"(0.8498168498168499, 1.0)",1,99.42201657991136,4378
"(0.9847494553376906, 0.996078431372549)",1,99.42195533769078,4379
"(0.9855521155830752, 0.996078431372549)",2,99.42195431000464,4381
"(0.9565217391304348, 1.0)",1,99.42168614278587,4382
"(0.9243650793650792, 1.0)",1,99.421472350115,4383
"(0.9135802469135802, 1.0)",1,99.42128087961422,4384
"(0.7167919799498746, 1.0)",1,99.4212652844232,4385
"(0.9333333333333332, 0.9841269841269842)",1,99.42106782106788,4386
"(0.93718610251118, 1.0)",1,99.42074428495494,4387
"(0.883876357560568, 1.0)",1,99.4206728943571,4388
"(0.8686868686868687, 1.0)",1,99.42063492063492,4389
"(1.0, 1.0)",1,99.42063492063492,4390
"(0.9565217391304348, 1.0)",2,99.42040855084332,4392
"(0.8883205456095482, 1.0)",1,99.42021691011462,4393
"(0.932852564102564, 1.0)",4,99.4201230042359,4397
"(0.9047619047619048, 1.0)",1,99.42010582010582,4398
"(0.6155157715260018, 1.0)",1,99.41998907599933,4399
"(0.9445350241545892, 1.0)",1,99.41993733940168,4400
"(0.7200000000000001, 1.0)",1,99.4199148999149,4401
"(0.9841269841269842, 1.0)",1,99.41984126984129,4402
"(1.0, 1.0)",2,99.4195138195138,4404
"(0.9696969696969696, 1.0)",4,99.41949736000085,4408
"(1.0, 1.0)",3,99.41945588287052,4411
"(0.8888888888888888, 1.0)",1,99.41929648451392,4412
"(0.8977777777777779, 1.0)",1,99.41929533979882,4413
"(0.8053221288515406, 1.0)",1,99.4190929689954,4414
"(0.9224211423699916, 1.0)",1,99.419073249217,4415
"(0.996078431372549, 0.996078431372549)",2,99.41903540789006,4417
"(0.8518518518518519, 1.0)",1,99.41891534391534,4418
"(0.9841269841269842, 1.0)",1,99.41889221889222,4419
"(0.683375104427736, 1.0)",1,99.41873749707914,4420
"(0.9135802469135802, 1.0)",1,99.4186307519641,4421
"(0.896551724137931, 1.0)",1,99.41862289533192,4422
"(0.8, 1.0)",1,99.4182613153437,4423
"(0.9542023172905526, 0.996078431372549)",1,99.4181642974044,4424
"(0.984313725490196, 0.996078431372549)",2,99.41803921568646,4426
"(0.936026936026936, 1.0)",1,99.41781723375928,4427
"(0.8888888888888888, 1.0)",1,99.4176593196201,4428
"(0.9696969696969696, 1.0)",1,99.41764812639376,4429
"(0.7777777777777776, 0.9841269841269842)",1,99.41746031746035,4430
"(0.9047619047619048, 1.0)",1,99.41715342990588,4431
"(0.9047619047619048, 1.0)",1,99.41714279498638,4432
"(0.8053221288515406, 1.0)",1,99.41712575085006,4433
"(0.9023569023569024, 1.0)",1,99.4170678592034,4434
"(0.740829346092504, 1.0)",1,99.41687552213868,4435
"(0.683375104427736, 1.0)",1,99.41684134578873,4436
"(0.9172932330827066, 1.0)",2,99.41679197994988,4438
"(0.7996201329534663, 1.0)",1,99.41676906589188,4439
"(0.7708333333333334, 1.0)",1,99.41672077922078,4440
"(0.8312992626493769, 1.0)",1,99.41671908065992,4441
"(0.8864468864468864, 1.0)",1,99.4165808924104,4442
"(0.9135802469135802, 1.0)",1,99.41603753197955,4443
"(0.9866666666666668, 0.996078431372549)",1,99.4157560977609,4444
"(0.896551724137931, 1.0)",1,99.4156603932466,4445
"(0.9047619047619048, 1.0)",1,99.4156366982454,4446
"(0.8425925925925927, 1.0)",1,99.4154641654642,4447
"(0.8170426065162907, 1.0)",1,99.41526631263474,4448
"(0.875, 1.0)",1,99.41517691615022,4449
"(0.9230769230769232, 1.0)",1,99.4149410975498,4450
"(0.9840686274509804, 0.996078431372549)",1,99.414800862479,4451
"(0.8518518518518519, 1.0)",2,99.41473559120618,4453
"(0.875, 1.0)",1,99.41465117008596,4454
"(1.0, 1.0)",1,99.4146357906091,4455
"(0.875, 1.0)",1,99.41463555203148,4456
"(0.9841269841269842, 0.996078431372549)",1,99.41399470899486,4457
"(0.9333333333333332, 1.0)",1,99.41362497151977,4458
"(0.8376068376068376, 1.0)",1,99.413600607974,4459
"(0.9766612200435728, 0.996078431372549)",1,99.41355664488032,4460
"(0.7167919799498746, 1.0)",1,99.41344933018368,4461
"(0.8425925925925927, 1.0)",1,99.41322751322755,4462
"(0.7982954545454546, 1.0)",2,99.41319955205824,4464
"(0.9023569023569024, 1.0)",1,99.41269841269845,4465
"(0.8063492063492064, 1.0)",1,99.41267726526348,4466
"(0.8529040404040403, 1.0)",1,99.41257692072712,4467
"(0.9047619047619048, 1.0)",1,99.41253079005467,4468
"(0.9224211423699916, 1.0)",1,99.41252519036878,4469
"(0.8498168498168498, 1.0)",1,99.41233280608282,4470
"(0.8151260504201681, 1.0)",1,99.41217066536764,4471
"(0.9230769230769232, 1.0)",1,99.41212614545948,4472
"(0.8571428571428572, 1.0)",1,99.4118533046569,4473
"(0.875, 1.0)",1,99.4118530020704,4474
"(0.9497685185185184, 1.0)",1,99.41180376676068,4475
"(0.9696969696969696, 1.0)",1,99.4116161616162,4476
"(0.883876357560568, 1.0)",2,99.41156123307152,4478
"(0.740829346092504, 1.0)",1,99.41152531678848,4479
"(0.7167919799498746, 1.0)",2,99.41140895717557,4481
"(0.936026936026936, 1.0)",2,99.41139874096017,4483
"(0.8578431372549019, 1.0)",1,99.41130433654943,4484
"(0.8888888888888888, 1.0)",1,99.41129830314613,4485
"(0.8977777777777779, 1.0)",1,99.4112744825026,4486
"(0.8897707231040564, 1.0)",1,99.4112629755921,4487
"(0.9135802469135802, 1.0)",1,99.41109159225104,4488
"(0.8053221288515406, 1.0)",1,99.41105284818676,4489
"(0.9224211423699916, 1.0)",1,99.410998646737,4490
"(0.8686868686868687, 1.0)",2,99.41091874191454,4492
"(0.9172932330827066, 1.0)",1,99.41079972658925,4493
"(0.992156862745098, 0.996078431372549)",2,99.41077025792416,4495
"(0.896551724137931, 1.0)",1,99.41067309659265,4496
"(0.875, 1.0)",1,99.41058441558444,4497
"(1.0, 0.9841269841269842)",1,99.41048999309876,4498
"(0.8373015873015873, 1.0)",1,99.41047766802993,4499
"(0.9696969696969696, 1.0)",4,99.4103456929544,4503
"(0.9840686274509804, 0.996078431372549)",1,99.41032593739271,4504
"(0.8518518518518519, 1.0)",1,99.4102269562796,4505
"(0.9224211423699916, 1.0)",2,99.4100422909107,4507
"(0.740829346092504, 1.0)",4,99.40970706335732,4511
"(0.9135802469135802, 1.0)",1,99.40956493855045,4512
"(0.9507101086048454, 0.9841269841269842)",2,99.40944026733509,4514
"(0.9333333333333332, 1.0)",1,99.40937950937956,4515
"(0.9840686274509804, 0.996078431372549)",1,99.40936008321468,4516
"(0.9507101086048454, 0.9841269841269842)",1,99.40935672514628,4517
"(1.0, 1.0)",1,99.4090354090354,4518
"(0.9841269841269842, 1.0)",1,99.40887990727806,4519
"(0.9565217391304348, 0.9841269841269842)",1,99.408629018824,4520
"(0.8675136116152449, 1.0)",1,99.40850348593844,4521
"(0.8897707231040564, 1.0)",1,99.40828924162258,4522
"(1.0, 1.0)",1,99.4082787850904,4523
"(0.8888888888888888, 1.0)",1,99.40808574141909,4524
"(0.9047619047619048, 1.0)",2,99.40799018480178,4526
"(0.9224211423699916, 1.0)",1,99.4075962012293,4527
"(0.7167919799498746, 1.0)",1,99.40754567070356,4528
"(0.833064949006978, 1.0)",1,99.40737952332157,4529
"(1.0, 1.0)",1,99.40736978075688,4530
"(0.6738095238095239, 1.0)",1,99.40660992255197,4531
"(0.9230769230769232, 1.0)",1,99.4063381063381,4532
"(0.875, 1.0)",1,99.40628796906908,4533
"(0.9841269841269842, 1.0)",4,99.4062049062049,4537
"(1.0, 1.0)",1,99.4062049062049,4538
"(0.8817204301075269, 1.0)",1,99.40620335459045,4539
"(0.7555555555555554, 1.0)",1,99.4061583640531,4540
"(0.875, 1.0)",1,99.40590770632,4541
"(0.9731377053745476, 0.996078431372549)",1,99.40582547053918,4542
"(0.7460317460317459, 0.9841269841269842)",1,99.40564373897712,4543
"(0.9206349206349206, 1.0)",1,99.4055726881814,4544
"(0.875, 1.0)",1,99.40509234804466,4545
"(0.9230769230769232, 0.9841269841269842)",1,99.40485118745994,4546
"(0.9803921568627452, 0.996078431372549)",1,99.404719604852,4547
"(0.9333333333333332, 1.0)",2,99.4046377942156,4549
"(0.9696969696969696, 1.0)",1,99.40436268536956,4550
"(0.9788235294117646, 0.996078431372549)",1,99.40426187274504,4551
"(0.9855521155830752, 1.0)",1,99.40425540232052,4552
"(0.9047619047619048, 1.0)",1,99.4042328042328,4553
"(0.8675136116152449, 1.0)",1,99.4040241791216,4554
"(0.7200000000000001, 1.0)",1,99.40398268398268,4555
"(0.8888888888888888, 1.0)",2,99.40381256170733,4557
"(0.9841269841269842, 1.0)",4,99.4035828669975,4561
"(0.812957157784744, 1.0)",1,99.40355544838306,4562
"(0.8518518518518519, 1.0)",2,99.40351130351134,4564
"(1.0, 1.0)",1,99.40347923681256,4565
"(0.7167919799498746, 1.0)",1,99.4033523331769,4566
"(1.0, 1.0)",1,99.40310715854191,4567
"(0.9731092436974792, 0.996078431372549)",1,99.40308602388345,4568
"(0.9841269841269842, 1.0)",1,99.40307518568387,4569
"(0.8904991948470209, 1.0)",1,99.40288761216718,4570
"(0.8883205456095482, 1.0)",1,99.40227449289682,4571
"(0.9230769230769232, 1.0)",1,99.4022177098264,4572
"(0.9047619047619048, 1.0)",1,99.40183750622349,4573
"(1.0, 1.0)",1,99.40183198444068,4574
"(0.8571428571428572, 1.0)",1,99.40168860693156,4575
"(0.9841269841269842, 1.0)",1,99.40163218424088,4576
"(0.8817204301075269, 1.0)",1,99.40147844986556,4577
"(0.7460317460317459, 1.0)",1,99.40143572902194,4578
"(0.9047619047619048, 1.0)",1,99.40121141629764,4579
"(1.0, 1.0)",1,99.4010989010989,4580
"(0.7460317460317459, 0.9841269841269842)",1,99.40096618357494,4581
"(0.9507101086048454, 0.9841269841269842)",1,99.40092655882135,4582
"(0.9841269841269842, 1.0)",1,99.40064766151724,4583
"(0.8421052631578948, 1.0)",1,99.40041362146626,4584
"(0.9565217391304348, 1.0)",1,99.40010301370752,4585
"(0.9172932330827066, 1.0)",1,99.39979684058636,4586
"(0.8675136116152449, 1.0)",1,99.39960470892372,4587
"(0.9172932330827066, 0.9841269841269842)",1,99.39957638203258,4588
"(0.8864468864468864, 1.0)",2,99.39948469292928,4590
"(0.8888888888888888, 1.0)",1,99.3993265993266,4591
"(0.8518518518518519, 1.0)",1,99.39921053181926,4592
"(0.8867623604465709, 1.0)",1,99.39896117104357,4593
"(0.8867623604465709, 1.0)",2,99.39880003037902,4595
"(0.896551724137931, 1.0)",1,99.3987627747361,4596
"(0.8053221288515406, 1.0)",1,99.39839572192513,4597
"(1.0, 1.0)",2,99.39822256791405,4599
"(0.9879901960784314, 0.996078431372549)",2,99.3978163546122,4601
"(0.9224211423699916, 1.0)",2,99.39772303346136,4603
"(0.9135802469135802, 1.0)",1,99.39770723104056,4604
"(0.992156862745098, 0.996078431372549)",1,99.39770438350804,4605
"(0.9224211423699916, 1.0)",1,99.39770190025946,4606
"(0.9763834422657952, 0.996078431372549)",1,99.39761093911264,4607
"(1.0, 1.0)",2,99.39757910035216,4609
"(0.8888888888888888, 1.0)",2,99.39718768836462,4611
"(0.9565217391304348, 1.0)",4,99.39717046238786,4615
"(0.8559368191721133, 1.0)",1,99.39702390595365,4616
"(0.9224211423699916, 1.0)",1,99.39690824946584,4617
"(0.7460317460317459, 0.9841269841269842)",1,99.39682539682543,4618
"(0.896551724137931, 1.0)",1,99.39672425691916,4619
"(0.7167919799498746, 1.0)",1,99.3964922080372,4620
"(0.9444444444444444, 1.0)",2,99.39634439634445,4622
"(0.9444444444444444, 1.0)",2,99.39616402116404,4624
"(0.9565217391304348, 1.0)",1,99.39595528904492,4625
"(0.9886710239651416, 0.996078431372549)",2,99.39538372073996,4627
"(0.9881481481481482, 0.996078431372549)",1,99.39532335741332,4628
"(0.992156862745098, 0.996078431372549)",1,99.39517973856223,4629
"(0.8083333333333333, 1.0)",1,99.39517738359204,4630
"(0.683375104427736, 1.0)",1,99.39514020742092,4631
"(0.9763834422657952, 0.996078431372549)",2,99.39510205251707,4633
"(0.9894736842105264, 0.996078431372549)",2,99.39503525971811,4635
"(0.957490630284748, 0.996078431372549)",1,99.39451211266378,4636
"(0.8897707231040564, 1.0)",1,99.39448020923768,4637
"(0.9840686274509804, 0.996078431372549)",1,99.39441303778064,4638
"(0.9841269841269842, 1.0)",2,99.39428274428276,4640
"(0.992156862745098, 0.996078431372549)",1,99.39422793093868,4641
"(0.984313725490196, 0.996078431372549)",2,99.39421224630216,4643
"(0.9224211423699916, 1.0)",1,99.39401085446312,4644
"(1.0, 1.0)",1,99.3939393939394,4645
"(0.9230769230769232, 1.0)",1,99.39383715699503,4646
"(0.875, 1.0)",1,99.39382707210925,4647
"(0.9047619047619048, 1.0)",1,99.39351944351944,4648
"(0.992156862745098, 0.996078431372549)",2,99.39328677084892,4650
"(1.0, 1.0)",1,99.39316239316238,4651
"(0.9230769230769232, 1.0)",2,99.39310838161413,4653
"(0.992156862745098, 0.996078431372549)",1,99.3927732766131,4654
"(0.9851851851851852, 0.996078431372549)",1,99.39253812636184,4655
"(0.9886710239651416, 0.996078431372549)",1,99.39240019984624,4656
"(0.9565217391304348, 1.0)",1,99.3923399430383,4657
"(0.8791208791208792, 1.0)",1,99.39226474009082,4658
"(0.8977777777777779, 1.0)",1,99.39216610549948,4659
"(1.0, 1.0)",1,99.3920888078783,4660
"(0.9333333333333332, 1.0)",2,99.39206349206351,4662
"(0.9886710239651416, 0.996078431372549)",1,99.39166469352244,4663
"(0.6155157715260018, 1.0)",1,99.39156194757216,4664
"(0.9841269841269842, 1.0)",1,99.39155350174848,4665
"(0.9135802469135802, 1.0)",1,99.3907914200668,4666
"(0.9674603174603176, 1.0)",1,99.3907647907648,4667
"(0.992156862745098, 0.996078431372549)",1,99.39076310056204,4668
"(0.93718610251118, 0.996078431372549)",1,99.39075514452313,4669
"(0.9023569023569024, 1.0)",1,99.3906685906686,4670
"(0.957490630284748, 0.996078431372549)",1,99.39054331919672,4671
"(0.9333333333333332, 1.0)",1,99.3903207903208,4672
"(0.984313725490196, 0.996078431372549)",1,99.38997276688468,4673
"(0.9213117283950616, 1.0)",4,99.38987385590332,4677
"(0.9444444444444444, 1.0)",4,99.38985088985092,4681
"(0.9135802469135802, 1.0)",2,99.38980022153176,4683
"(0.5, 1.0)",1,99.38953823953824,4684
"(1.0, 1.0)",2,99.38945063808949,4686
"(0.8803174603174604, 1.0)",1,99.38940333828654,4687
"(0.9842592592592592, 0.996078431372549)",1,99.389340347886,4688
"(0.984504357298475, 1.0)",1,99.38922128926008,4689
"(0.875, 1.0)",1,99.38914141414142,4690
"(0.8888888888888888, 1.0)",2,99.38909812409813,4692
"(0.9230769230769232, 0.9841269841269842)",1,99.38897817158691,4693
"(0.936026936026936, 1.0)",1,99.38895720489924,4694
"(0.7167919799498746, 1.0)",1,99.38895224721884,4695
"(0.9841269841269842, 1.0)",1,99.38888888888891,4696
"(0.8518518518518519, 0.9841269841269842)",1,99.38878129667609,4697
"(0.984313725490196, 0.996078431372549)",1,99.38876406703054,4698
"(0.9691219096334186, 0.996078431372549)",1,99.38847610331284,4699
"(0.8312992626493769, 1.0)",2,99.3884732537817,4701
"(0.9521531100478468, 1.0)",1,99.38809376910064,4702
"(0.896551724137931, 1.0)",1,99.38788810806052,4703
"(0.9841269841269842, 1.0)",2,99.38784580889843,4705
"(0.9886710239651416, 0.996078431372549)",2,99.3876638491656,4707
"(0.8571428571428572, 1.0)",1,99.38755812089146,4708
"(0.9444444444444444, 1.0)",1,99.38735854464758,4709
"(0.8904991948470209, 1.0)",1,99.38701459629416,4710
"(0.8675136116152449, 1.0)",1,99.38692753102916,4711
"(1.0, 1.0)",1,99.3869067917022,4712
"(0.9696969696969696, 1.0)",1,99.38670932931804,4713
"(0.9841269841269842, 1.0)",1,99.38645856810156,4714
"(0.8817204301075269, 1.0)",2,99.38641482603,4716
"(0.6738095238095239, 1.0)",1,99.38636363636364,4717
"(0.9444444444444444, 1.0)",1,99.38633958633962,4718
"(0.9224211423699916, 1.0)",1,99.3861739220648,4719
"(0.9224211423699916, 1.0)",2,99.38607434652666,4721
"(0.9855521155830752, 1.0)",2,99.38594222840428,4723
"(0.8803174603174604, 1.0)",1,99.38590124851,4724
"(0.8013468013468013, 1.0)",1,99.38579415388382,4725
"(0.9444444444444444, 0.9841269841269842)",1,99.38571428571436,4726
"(0.9135802469135802, 1.0)",1,99.38531362625568,4727
"(0.8053221288515406, 1.0)",1,99.3852847990316,4728
"(0.909722222222222, 1.0)",1,99.3849821710917,4729
"(0.8686868686868687, 1.0)",1,99.38491662011153,4730
"(0.9224211423699916, 1.0)",2,99.38488286252544,4732
"(0.9224211423699916, 1.0)",1,99.38482138649069,4733
"(0.984504357298475, 0.996078431372549)",1,99.38460604165788,4734
"(0.9565217391304348, 1.0)",1,99.38439344083892,4735
"(0.992156862745098, 0.996078431372549)",2,99.38431162948976,4737
"(0.9803050108932462, 0.996078431372549)",2,99.38427355508703,4739
"(0.8803174603174604, 1.0)",1,99.38425945500356,4740
"(0.8803174603174604, 1.0)",1,99.38418457437952,4741
"(0.9674603174603176, 1.0)",1,99.38411914172784,4742
"(0.992156862745098, 0.996078431372549)",1,99.38410765475804,4743
"(0.6875653082549634, 1.0)",1,99.38393822569236,4744
"(0.9135802469135802, 1.0)",1,99.3839142258002,4745
"(0.9808278867102396, 0.996078431372549)",1,99.3837761069342,4746
"(0.9230769230769232, 1.0)",2,99.38369778369778,4748
"(0.7982954545454546, 1.0)",1,99.38360784036936,4749
"(0.9047619047619048, 1.0)",1,99.38356471115095,4750
"(0.896551724137931, 1.0)",1,99.38355361113982,4751
"(0.8675136116152449, 1.0)",1,99.3834630655492,4752
"(0.9135802469135802, 1.0)",2,99.38345851679183,4754
"(0.9047619047619048, 1.0)",1,99.38345567476004,4755
"(0.992156862745098, 0.996078431372549)",1,99.3834339525286,4756
"(0.9135802469135802, 1.0)",1,99.38339591511637,4757
"(0.9047619047619048, 1.0)",1,99.38327721661057,4758
"(0.8053221288515406, 1.0)",1,99.38326331698764,4759
"(0.7708333333333334, 1.0)",1,99.38322036150984,4760
"(0.8350168350168351, 1.0)",1,99.38320043158753,4761
"(0.9565217391304348, 1.0)",1,99.38315690639529,4762
"(0.8518518518518519, 1.0)",1,99.38305436406122,4763
"(0.8867623604465709, 1.0)",4,99.382927014506,4767
"(0.936026936026936, 1.0)",1,99.3824277976452,4768
"(0.8253968253968256, 1.0)",2,99.38212197159564,4770
"(0.9807902108211706, 0.996078431372549)",2,99.38181618261358,4772
"(0.8867623604465709, 1.0)",1,99.3817118553961,4773
"(0.9841269841269842, 1.0)",2,99.38171185539606,4775
"(0.984313725490196, 0.996078431372549)",1,99.38165577342068,4776
"(0.9777089783281734, 1.0)",1,99.38140371124123,4777
"(0.9565217391304348, 1.0)",1,99.38124467477292,4778
"(0.8518518518518519, 1.0)",2,99.38082580187844,4780
"(0.8977777777777779, 1.0)",1,99.38073926073928,4781
"(0.7982954545454546, 1.0)",1,99.38062306845202,4782
"(0.9841269841269842, 1.0)",1,99.38062217467252,4783
"(0.9666666666666668, 1.0)",1,99.38060259654463,4784
"(0.740829346092504, 1.0)",1,99.38051188577504,4785
"(0.8888888888888888, 1.0)",1,99.38041670624288,4786
"(0.8883205456095482, 1.0)",1,99.37953078464588,4787
"(1.0, 1.0)",1,99.3795093795094,4788
"(0.9047619047619048, 1.0)",1,99.37911192749904,4789
"(0.9135802469135802, 1.0)",1,99.37878163972368,4790
"(0.875, 1.0)",2,99.3786654167089,4792
"(0.683375104427736, 1.0)",1,99.37864607353546,4793
"(0.9333333333333332, 0.9841269841269842)",1,99.37863247863254,4794
"(1.0, 1.0)",1,99.37861319966584,4795
"(0.9565217391304348, 1.0)",1,99.37855529702348,4796
"(0.896551724137931, 1.0)",1,99.37852387492568,4797
"(0.8888888888888888, 1.0)",1,99.3784072672978,4798
"(0.8253968253968256, 1.0)",2,99.37812650312652,4800
"(0.9224211423699916, 1.0)",1,99.3778210056646,4801
"(1.0, 0.9841269841269842)",1,99.3778060104148,4802
"(0.875, 1.0)",1,99.37761233019856,4803
"(0.8888888888888888, 1.0)",1,99.37750769373577,4804
"(0.984504357298475, 0.996078431372549)",1,99.377413140695,4805
"(0.9674603174603176, 1.0)",1,99.37733348522823,4806
"(0.896551724137931, 1.0)",1,99.37731390627312,4807
"(1.0, 1.0)",2,99.37728937728936,4809
"(0.9886710239651416, 0.996078431372549)",1,99.37718412936697,4810
"(0.9565217391304348, 1.0)",1,99.37718320327016,4811
"(0.8686868686868687, 1.0)",1,99.37717158736648,4812
"(0.9023569023569024, 1.0)",2,99.37699337699338,4814
"(0.683375104427736, 1.0)",2,99.37690817953975,4816
"(0.9230769230769232, 1.0)",2,99.37690087690088,4818
"(0.9565217391304348, 1.0)",1,99.37686378447248,4819
"(0.9788235294117646, 0.996078431372549)",1,99.37664171123016,4820
"(0.9886710239651416, 0.996078431372549)",2,99.37652120497346,4822
"(0.8888888888888888, 1.0)",1,99.3759853538839,4823
"(0.8468468468468467, 1.0)",1,99.3759503037764,4824
"(0.8487103174603176, 1.0)",1,99.3759464799906,4825
"(0.992156862745098, 0.996078431372549)",1,99.37574475404216,4826
"(0.992156862745098, 0.996078431372549)",1,99.37565359477136,4827
"(0.7708333333333334, 1.0)",1,99.37561050061048,4828
"(0.9565217391304348, 1.0)",1,99.37544381322492,4829
"(0.9841269841269842, 1.0)",1,99.37542505803376,4830
"(0.984967320261438, 0.996078431372549)",1,99.37538126361672,4831
"(0.996078431372549, 0.996078431372549)",1,99.37537436803548,4832
"(0.8547544409613373, 1.0)",1,99.37521607161788,4833
"(0.9565217391304348, 1.0)",2,99.37500553581116,4835
"(1.0, 1.0)",1,99.375,4836
"(0.8864468864468864, 1.0)",1,99.37490287490286,4837
"(0.9851851851851852, 0.996078431372549)",1,99.37483660130732,4838
"(0.8468468468468467, 1.0)",1,99.3748360667125,4839
"(0.8888888888888888, 1.0)",1,99.37472201001611,4840
"(0.8791208791208792, 1.0)",1,99.3744898720131,4841
"(0.9363636363636364, 1.0)",1,99.37447490780824,4842
"(0.8421052631578948, 1.0)",1,99.3742439686837,4843
"(0.9230769230769232, 1.0)",1,99.3742316727824,4844
"(0.8731060606060606, 0.986574074074074)",1,99.37420373085696,4845
"(0.992156862745098, 0.996078431372549)",2,99.37414090782536,4847
"(0.683375104427736, 1.0)",3,99.37400445234609,4850
"(0.9841269841269842, 1.0)",1,99.37396141869826,4851
"(0.9674603174603176, 1.0)",2,99.37366522366524,4853
"(0.833064949006978, 1.0)",2,99.373558272109,4855
"(0.875, 1.0)",1,99.37348250790504,4856
"(0.8487002627627628, 1.0)",1,99.37332346098364,4857
"(0.683375104427736, 1.0)",1,99.37322599427864,4858
"(0.8883205456095482, 1.0)",1,99.37321557889167,4859
"(0.896551724137931, 1.0)",1,99.37317510076132,4860
"(0.8666666666666667, 1.0)",1,99.37297195558064,4861
"(0.7555555555555554, 1.0)",1,99.37286536641376,4862
"(0.7200000000000001, 1.0)",1,99.37271765271764,4863
"(1.0, 1.0)",2,99.37232721443247,4865
"(0.9886710239651416, 0.996078431372549)",1,99.37204034596311,4866
"(0.9363636363636364, 1.0)",2,99.37156177156176,4868
"(0.9894736842105264, 1.0)",1,99.37155301652834,4869
"(0.9879901960784314, 0.996078431372549)",1,99.37135623521092,4870
"(0.896551724137931, 1.0)",1,99.3711880647163,4871
"(0.9800599128540306, 0.996078431372549)",2,99.37111045272827,4873
"(0.9778966131907308, 0.996078431372549)",1,99.37109225827514,4874
"(1.0, 1.0)",1,99.37106468410816,4875
"(0.9023569023569024, 1.0)",1,99.37100568061076,4876
"(0.9507101086048454, 1.0)",1,99.37042554138743,4877
"(1.0, 0.9841269841269842)",4,99.37040737040743,4881
"(0.8487103174603176, 1.0)",1,99.370329874374,4882
"(0.8791208791208792, 1.0)",1,99.37028819134082,4883
"(0.8, 1.0)",1,99.37027835288706,4884
"(0.8425925925925927, 1.0)",1,99.37017076067424,4885
"(0.9333333333333332, 1.0)",1,99.37011877011878,4886
"(0.984504357298475, 0.996078431372549)",2,99.37007739938092,4888
"(0.9696969696969696, 1.0)",1,99.37001653093608,4889
"(0.9047619047619048, 1.0)",1,99.36987402588088,4890
"(0.8571428571428572, 1.0)",1,99.3694965528299,4891
"(0.8350168350168351, 1.0)",2,99.36941637961128,4893
"(0.896551724137931, 1.0)",1,99.3692770331451,4894
"(0.7973856209150327, 1.0)",1,99.36923599276544,4895
"(0.9802054154995332, 0.996078431372549)",1,99.36921899876155,4896
"(0.9047619047619048, 1.0)",1,99.36909077928568,4897
"(0.9696969696969696, 1.0)",1,99.36899343447438,4898
"(0.9333333333333332, 0.9841269841269842)",1,99.36897546897552,4899
"(0.8487103174603176, 1.0)",2,99.3689511877012,4901
"(0.9333333333333332, 0.9841269841269842)",1,99.36893155154031,4902
"(0.9788235294117646, 0.996078431372549)",1,99.36890580208711,4903
"(0.9879901960784314, 0.996078431372549)",1,99.36873138729192,4904
"(0.8053221288515406, 1.0)",1,99.36867054196006,4905
"(0.9847494553376906, 0.996078431372549)",2,99.3685224089638,4907
"(0.9925925925925926, 0.996078431372549)",1,99.36850236107225,4908
"(0.75, 1.0)",1,99.3684018644252,4909
"(0.984504357298475, 1.0)",1,99.36820634101603,4910
"(0.7982954545454546, 1.0)",2,99.36813704447174,4912
"(0.7982954545454546, 1.0)",2,99.36811452436451,4914
"(0.9882352941176472, 0.996078431372549)",1,99.36792773675133,4915
"(0.9882352941176472, 0.996078431372549)",2,99.36759507577636,4917
"(0.896551724137931, 1.0)",1,99.36740572598774,4918
"(1.0, 1.0)",1,99.36718809907217,4919
"(0.9172932330827066, 1.0)",1,99.36705214625626,4920
"(1.0, 0.996078431372549)",2,99.36704333440612,4922
"(0.9807902108211706, 0.996078431372549)",1,99.36701025439432,4923
"(0.8350168350168351, 1.0)",2,99.36661856661856,4925
"(0.9444444444444444, 1.0)",2,99.36652236652236,4927
"(0.904126984126984, 1.0)",1,99.36650593233928,4928
"(0.9666666666666668, 1.0)",1,99.3664637149808,4929
"(0.9660457516339868, 0.996078431372549)",1,99.36624973381184,4930
"(0.8616898148148148, 1.0)",4,99.36615519786946,4934
"(0.8704453441295547, 1.0)",1,99.36610958891664,4935
"(0.9230769230769232, 1.0)",3,99.3661087038898,4938
"(1.0, 0.9841269841269842)",2,99.36593406593414,4940
"(1.0, 0.9841269841269842)",1,99.36572871572882,4941
"(0.8867623604465709, 0.9841269841269842)",1,99.36561099719002,4942
"(0.9886710239651416, 0.996078431372549)",1,99.3654540763676,4943
"(0.9135802469135802, 1.0)",1,99.36545059878394,4944
"(0.9696969696969696, 1.0)",1,99.36542443064182,4945
"(0.992156862745098, 0.996078431372549)",1,99.36538887325284,4946
"(0.8542199488491048, 1.0)",1,99.36536318310446,4947
"(0.9841269841269842, 1.0)",1,99.36533897553387,4948
"(0.8266666666666667, 1.0)",2,99.36526695526696,4950
"(0.896551724137931, 1.0)",1,99.36518850871674,4951
"(0.8817204301075269, 1.0)",1,99.36509261347976,4952
"(0.9135802469135802, 1.0)",1,99.36491554607495,4953
"(0.9224211423699916, 1.0)",1,99.3648603123954,4954
"(0.9230769230769232, 1.0)",1,99.36484042273516,4955
"(0.992156862745098, 0.996078431372549)",1,99.36481383196563,4956
"(0.9759803921568628, 0.996078431372549)",1,99.3645697167758,4957
"(0.9696969696969696, 1.0)",1,99.36450709784044,4958
"(0.8053221288515406, 1.0)",1,99.3642853878148,4959
"(0.8888888888888888, 1.0)",1,99.36363636363636,4960
"(0.9840686274509804, 0.996078431372549)",2,99.36357245237284,4962
"(0.984504357298475, 0.996078431372549)",1,99.3634418488289,4963
"(0.8883205456095482, 1.0)",1,99.36312998259424,4964
"(0.9886710239651416, 0.996078431372549)",1,99.36281937761837,4965
"(0.9696969696969696, 1.0)",1,99.36272664533534,4966
"(1.0, 1.0)",1,99.36246413134292,4967
"(0.9851851851851852, 0.996078431372549)",1,99.36233660130723,4968
"(1.0, 1.0)",1,99.36221334378506,4969
"(0.9135802469135802, 1.0)",1,99.36220939554276,4970
"(0.9023569023569024, 1.0)",1,99.36219754480624,4971
"(0.9565217391304348, 1.0)",1,99.36202138323456,4972
"(0.9841269841269842, 1.0)",1,99.36187916026626,4973
"(0.9840686274509804, 0.996078431372549)",1,99.36174156838322,4974
"(0.9135802469135802, 1.0)",1,99.36172147766352,4975
"(0.8622222222222222, 1.0)",1,99.36154882154882,4976
"(0.9894736842105264, 0.996078431372549)",1,99.36108834176969,4977
"(0.8611111111111112, 1.0)",4,99.36084870274912,4981
"(0.8350168350168351, 1.0)",1,99.36077393610287,4982
"(0.9224211423699916, 1.0)",1,99.36052892830388,4983
"(0.9444444444444444, 1.0)",1,99.36032398027282,4984
"(0.8468468468468467, 1.0)",1,99.36029776790646,4985
"(0.9728641456582634, 0.996078431372549)",1,99.36019676717068,4986
"(0.9104993386243384, 1.0)",1,99.3600618988903,4987
"(0.8585858585858586, 1.0)",1,99.3600309485836,4988
"(0.9224211423699916, 0.9841269841269842)",1,99.35972272967165,4989
"(0.9803050108932462, 0.996078431372549)",1,99.35967365606544,4990
"(0.9894736842105264, 0.996078431372549)",2,99.35961144691818,4992
"(0.8883205456095482, 1.0)",1,99.35949901980428,4993
"(1.0, 0.996078431372549)",2,99.3594934640524,4995
"(0.85, 1.0)",1,99.35933484504912,4996
"(0.9444444444444444, 1.0)",1,99.3591940201136,4997
"(0.9807902108211706, 0.996078431372549)",1,99.35916556096136,4998
"(0.875, 1.0)",1,99.3588466001476,4999
"(0.9230769230769232, 1.0)",1,99.3584193584194,5000
"(1.0, 0.9841269841269842)",1,99.35832549093423,5001
"(0.8888888888888888, 1.0)",1,99.35818119078988,5002
"(0.9841269841269842, 1.0)",2,99.35810670163494,5004
"(0.9785784313725492, 0.996078431372549)",1,99.35796378200423,5005
"(0.9855521155830752, 0.996078431372549)",1,99.35789072354096,5006
"(0.9841269841269842, 1.0)",2,99.35788825897184,5008
"(0.9, 1.0)",2,99.35742006531484,5010
"(0.9444444444444444, 1.0)",2,99.35733641305724,5012
"(0.9230769230769232, 1.0)",1,99.35728179778523,5013
"(0.9104993386243384, 1.0)",1,99.35723328006416,5014
"(0.8888888888888888, 1.0)",1,99.35723213984085,5015
"(0.75, 1.0)",1,99.35722139120308,5016
"(0.936026936026936, 1.0)",2,99.3572111731532,5018
"(0.740829346092504, 1.0)",3,99.35704646230964,5021
"(0.8817204301075269, 1.0)",1,99.3569944053815,5022
"(0.936026936026936, 1.0)",1,99.356978042459,5023
"(0.984313725490196, 0.996078431372549)",1,99.35669791308354,5024
"(0.976661220043573, 1.0)",1,99.35658757336007,5025
"(0.7996201329534663, 1.0)",1,99.35637663809706,5026
"(0.8312992626493769, 1.0)",1,99.3561357201128,5027
"(0.9813854489164088, 0.996078431372549)",1,99.35596983702769,5028
"(0.992156862745098, 0.996078431372549)",2,99.35582989336108,5030
"(0.9565217391304348, 1.0)",1,99.35541260860954,5031
"(1.0, 1.0)",1,99.3552377052377,5032
"(0.9507101086048454, 1.0)",1,99.35511509059604,5033
"(0.9886710239651416, 0.996078431372549)",1,99.35508496732048,5034
"(0.8376068376068376, 1.0)",1,99.35501213762088,5035
"(0.978144708175668, 0.996078431372549)",1,99.35452872377044,5036
"(0.875, 1.0)",1,99.35422651972996,5037
"(0.9230769230769232, 1.0)",2,99.35378336639208,5039
"(0.896551724137931, 1.0)",1,99.35376707990402,5040
"(0.977218782249742, 1.0)",1,99.35367741878582,5041
"(0.984313725490196, 0.996078431372549)",1,99.35358043235804,5042
"(0.8170426065162907, 1.0)",1,99.35357877566116,5043
"(0.9840686274509804, 0.996078431372549)",2,99.35357834946856,5045
"(0.9224211423699916, 1.0)",1,99.35354703607064,5046
"(0.8904991948470209, 1.0)",1,99.3534466070698,5047
"(0.896551724137931, 1.0)",1,99.35335611984394,5048
"(0.75, 1.0)",1,99.35334713595584,5049
"(0.8083333333333333, 1.0)",1,99.35316057686931,5050
"(0.9778966131907308, 0.996078431372549)",1,99.35307392813608,5051
"(0.8053221288515406, 1.0)",2,99.35294535908346,5053
"(0.9827450980392156, 0.996078431372549)",1,99.35270909803438,5054
"(0.9696969696969696, 0.9841269841269842)",1,99.35258601048083,5055
"(0.9696969696969696, 1.0)",1,99.35252525252524,5056
"(0.984504357298475, 0.996078431372549)",2,99.35251547987625,5058
"(0.896551724137931, 1.0)",1,99.3524439800302,5059
"(0.9142520753512132, 1.0)",1,99.35231331663958,5060
"(0.9841269841269842, 1.0)",1,99.3522030600978,5061
"(1.0, 1.0)",1,99.352138900526,5062
"(0.992156862745098, 0.996078431372549)",1,99.35196266810836,5063
"(0.9800599128540306, 0.996078431372549)",1,99.35195857290304,5064
"(0.9224211423699916, 1.0)",2,99.35181445437205,5066
"(0.8888888888888888, 1.0)",1,99.35180375180376,5067
"(0.9894736842105264, 0.996078431372549)",2,99.35169848641227,5069
"(0.9841269841269842, 1.0)",1,99.3516709869651,5070
"(1.0, 1.0)",1,99.35141739980448,5071
"(0.8547544409613373, 1.0)",1,99.35125568528868,5072
"(0.9230769230769232, 1.0)",1,99.35115946786428,5073
"(0.9841269841269842, 1.0)",4,99.35064935064936,5077
"(0.7982954545454546, 1.0)",4,99.35060702475984,5081
"(0.9840686274509804, 0.996078431372549)",2,99.35035301026096,5083
"(0.919047619047619, 1.0)",1,99.35029553779556,5084
"(0.8864468864468864, 1.0)",1,99.35024439074785,5085
"(0.9230769230769232, 1.0)",1,99.3502356880168,5086
"(0.984313725490196, 0.996078431372549)",1,99.34996833661712,5087
"(0.9230769230769232, 1.0)",1,99.34972853233722,5088
"(0.9807902108211706, 0.996078431372549)",1,99.34969875900596,5089
"(0.936026936026936, 1.0)",1,99.34968734968736,5090
"(0.8675136116152449, 1.0)",1,99.3496305849603,5091
"(1.0, 1.0)",2,99.34948648048228,5093
"(0.9841269841269842, 1.0)",1,99.349478879456,5094
"(0.8864468864468864, 1.0)",1,99.34943686826892,5095
"(0.992156862745098, 0.996078431372549)",1,99.34942069581476,5096
"(0.8468468468468467, 1.0)",1,99.34921871354784,5097
"(0.7982954545454546, 1.0)",1,99.349078005328,5098
"(0.9731377053745476, 0.996078431372549)",2,99.34900412796712,5100
"(0.9841269841269842, 1.0)",1,99.34898914179274,5101
"(0.8487103174603176, 1.0)",1,99.34898781773782,5102
"(0.9047619047619048, 1.0)",1,99.34887847271524,5103
"(0.875, 1.0)",1,99.3486783988958,5104
"(0.9230769230769232, 0.9841269841269842)",1,99.34857413118289,5105
"(1.0, 1.0)",1,99.34840436630718,5106
"(0.9841269841269842, 1.0)",1,99.34834054834056,5107
"(0.9565217391304348, 1.0)",1,99.3483015642436,5108
"(0.8888888888888888, 1.0)",1,99.34829663090537,5109
"(1.0, 1.0)",2,99.34829663090532,5111
"(0.9444444444444444, 1.0)",1,99.34792368125706,5112
"(0.9674603174603176, 1.0)",1,99.34788950490707,5113
"(0.9925925925925926, 0.996078431372549)",2,99.34753869969065,5115
"(0.8518518518518519, 1.0)",2,99.34745069745072,5117
"(0.9507101086048454, 1.0)",1,99.3471633629529,5118
"(0.8468468468468467, 1.0)",1,99.3470964630385,5119
"(0.9667927989909412, 0.996078431372549)",1,99.34706251277544,5120
"(0.8571428571428572, 1.0)",1,99.3468253968254,5121
"(0.992156862745098, 0.996078431372549)",1,99.34678649237487,5122
"(0.740829346092504, 1.0)",4,99.34676015568463,5126
"(0.8468980343980343, 1.0)",1,99.34634304165375,5127
"(0.9224211423699916, 1.0)",1,99.34623559951778,5128
"(0.9, 1.0)",1,99.34610389610393,5129
"(0.9047619047619048, 1.0)",1,99.3460153040363,5130
"(0.9688764394646748, 0.996078431372549)",1,99.3458726882568,5131
"(0.996078431372549, 0.996078431372549)",1,99.34559683522546,5132
"(0.9333333333333332, 1.0)",1,99.34550418795943,5133
"(0.9047619047619048, 1.0)",3,99.34541062801932,5136
"(0.8888888888888888, 1.0)",1,99.34529914529917,5137
"(0.9230769230769232, 1.0)",1,99.34514374514376,5138
"(0.9224211423699916, 1.0)",2,99.3448441300104,5140
"(0.9565217391304348, 1.0)",2,99.34451936242218,5142
"(0.9754901960784312, 0.996078431372549)",1,99.34446123478652,5143
"(0.992156862745098, 0.996078431372549)",1,99.34421924910328,5144
"(0.833064949006978, 1.0)",2,99.34411292880496,5146
"(0.8686868686868687, 1.0)",1,99.34408369408372,5147
"(0.8170426065162907, 1.0)",1,99.34390105458164,5148
"(0.8611111111111112, 1.0)",1,99.3437147477279,5149
"(0.9230769230769232, 1.0)",1,99.3433510933511,5150
"(0.8487103174603176, 1.0)",1,99.34329121964991,5151
"(0.8616898148148148, 1.0)",1,99.34316503393472,5152
"(0.992156862745098, 0.996078431372549)",1,99.34316038536645,5153
"(0.9592592592592591, 1.0)",1,99.34312398811282,5154
"(1.0, 0.9841269841269842)",1,99.34311785905996,5155
"(0.9047619047619048, 1.0)",1,99.34302412563282,5156
"(0.8504594820384294, 1.0)",1,99.3430065061644,5157
"(0.8864468864468864, 1.0)",1,99.3429613894308,5158
"(0.683375104427736, 1.0)",1,99.34272901216876,5159
"(0.9696969696969696, 1.0)",2,99.34266108287848,5161
"(0.9886710239651416, 0.996078431372549)",1,99.34262998537857,5162
"(0.8571428571428572, 1.0)",2,99.3425414656536,5164
"(0.85, 1.0)",1,99.34243972401867,5165
"(0.9696969696969696, 1.0)",1,99.34243917002544,5166
"(0.9630228758169934, 0.9919117647058824)",1,99.34236141825164,5167
"(0.9333333333333332, 1.0)",2,99.34232960022436,5169
"(0.9788235294117646, 0.996078431372549)",2,99.34227152030424,5171
"(0.8897707231040564, 1.0)",1,99.342240958183,5172
"(0.896551724137931, 1.0)",1,99.34178906217886,5173
"(0.9230769230769232, 1.0)",1,99.34161873442233,5174
"(0.992156862745098, 0.996078431372549)",2,99.3415626410056,5176
"(0.8791208791208792, 1.0)",1,99.34152854518987,5177
"(0.9104993386243384, 1.0)",1,99.34097501637152,5178
"(0.9023569023569024, 1.0)",1,99.3408571567992,5179
"(0.9047619047619048, 1.0)",1,99.34084948867556,5180
"(0.9135802469135802, 1.0)",1,99.3407862725178,5181
"(1.0, 1.0)",2,99.3407314836343,5183
"(0.896551724137931, 1.0)",1,99.34059856137362,5184
"(0.8904991948470209, 1.0)",1,99.34056387203064,5185
"(0.978144708175668, 0.996078431372549)",1,99.34049302533134,5186
"(1.0, 1.0)",1,99.3404761904762,5187
"(0.9194577352472088, 1.0)",2,99.34046239886058,5189
"(0.740829346092504, 1.0)",1,99.34034094560413,5190
"(0.996078431372549, 0.996078431372549)",1,99.34000937802028,5191
"(0.896551724137931, 1.0)",1,99.33993147609968,5192
"(0.8518518518518519, 1.0)",1,99.33970785549737,5193
"(0.9704892057833234, 0.996078431372549)",1,99.33924138927254,5194
"(0.9224211423699916, 1.0)",2,99.33903829428128,5196
"(1.0, 0.992156862745098)",1,99.33903352409548,5197
"(0.9565217391304348, 1.0)",1,99.3389171215258,5198
"(0.9847494553376906, 0.996078431372549)",1,99.33885104530702,5199
"(0.9841269841269842, 1.0)",1,99.33870222920568,5200
"(0.9728641456582634, 0.996078431372549)",2,99.338691328738,5202
"(0.9840686274509804, 0.996078431372549)",1,99.33860983415175,5203
"(0.7167919799498746, 1.0)",1,99.3385326462008,5204
"(0.9691305469556244, 0.996078431372549)",2,99.33808223007225,5206
"(0.9444444444444444, 1.0)",1,99.33806060312546,5207
"(0.9565217391304348, 1.0)",1,99.33784063566672,5208
"(0.8571428571428572, 1.0)",1,99.33763645774516,5209
"(1.0, 1.0)",1,99.33760683760684,5210
"(0.9696969696969696, 1.0)",1,99.33756664791149,5211
"(0.740829346092504, 1.0)",1,99.3375104427736,5212
"(0.75, 1.0)",1,99.33747412008282,5213
"(0.9230769230769232, 1.0)",1,99.33691405213143,5214
"(0.9444444444444444, 1.0)",1,99.33680602700092,5215
"(0.9847494553376906, 0.996078431372549)",2,99.33676728586192,5217
"(0.9230769230769232, 1.0)",1,99.33654586154586,5218
"(0.9841269841269842, 1.0)",1,99.33624805351388,5219
"(0.9919117647058824, 0.996078431372549)",1,99.33579520697174,5220
"(1.0, 1.0)",1,99.33577533577534,5221
"(1.0, 1.0)",1,99.33533133533136,5222
"(0.9507101086048454, 0.9841269841269842)",1,99.33523493302744,5223
"(0.8518518518518519, 1.0)",1,99.33506911767782,5224
"(0.9704892057833234, 0.996078431372549)",1,99.33504184911392,5225
"(0.9444444444444444, 1.0)",1,99.33497973119292,5226
"(0.7460317460317459, 0.9841269841269842)",2,99.3347763347764,5228
"(1.0, 1.0)",1,99.33455433455433,5229
"(1.0, 0.996078431372549)",1,99.33450865726424,5230
"(0.7982954545454546, 1.0)",1,99.33442695589434,5231
"(0.9333333333333332, 1.0)",1,99.33422021790145,5232
"(0.8977777777777779, 0.9841269841269842)",2,99.33414141414148,5234
"(0.9696969696969696, 1.0)",1,99.33399933399932,5235
"(0.9565217391304348, 1.0)",1,99.33386661647532,5236
"(0.8053221288515406, 1.0)",1,99.33378781521196,5237
"(0.85, 1.0)",1,99.33366403800578,5238
"(0.8803174603174604, 1.0)",1,99.33343594676931,5239
"(0.9882352941176472, 0.996078431372549)",1,99.33337694727034,5240
"(0.9206349206349206, 1.0)",1,99.33332336887324,5241
"(0.919047619047619, 1.0)",1,99.33328615828616,5242
"(0.7254428341384862, 1.0)",1,99.33310566938752,5243
"(0.9841269841269842, 1.0)",1,99.3330893475821,5244
"(0.875, 1.0)",1,99.3330819638028,5245
"(0.9333333333333332, 0.9841269841269842)",1,99.3330447330448,5246
"(0.8571428571428572, 1.0)",1,99.33299536396858,5247
"(0.9230769230769232, 1.0)",1,99.33286144880348,5248
"(0.9333333333333332, 1.0)",1,99.332832924061,5249
"(0.8487103174603176, 1.0)",2,99.33270937687166,5251
"(0.9565217391304348, 1.0)",1,99.33237925084742,5252
"(0.9023569023569024, 1.0)",1,99.33226033226032,5253
"(0.8817204301075269, 1.0)",1,99.33224303921212,5254
"(0.8817204301075269, 1.0)",1,99.33222851851036,5255
"(0.9104993386243384, 1.0)",4,99.33220360295115,5259
"(0.875, 1.0)",1,99.33182865521576,5260
"(0.8888888888888888, 0.9841269841269842)",1,99.33177316510654,5261
"(0.9696969696969696, 1.0)",1,99.33174866274446,5262
"(0.9847494553376906, 0.996078431372549)",1,99.3317337379398,5263
"(0.909722222222222, 1.0)",2,99.33163146763982,5265
"(0.9135802469135802, 1.0)",1,99.33152993008068,5266
"(0.9766612200435728, 0.996078431372549)",2,99.3314461843727,5268
"(0.9206349206349206, 1.0)",1,99.3313890406568,5269
"(0.9754901960784312, 0.996078431372549)",2,99.33126992317416,5271
"(0.7708333333333334, 1.0)",2,99.3310908428662,5273
"(0.8883205456095482, 1.0)",1,99.3309847997744,5274
"(0.978144708175668, 0.996078431372549)",1,99.33090872606368,5275
"(0.9135802469135802, 1.0)",1,99.33074495355196,5276
"(0.8, 1.0)",1,99.33066200855674,5277
"(0.75, 1.0)",2,99.33063472251116,5279
"(0.9224211423699916, 1.0)",1,99.3305955505444,5280
"(0.8675136116152449, 1.0)",1,99.3304399089856,5281
"(0.896551724137931, 1.0)",1,99.33027404046896,5282
"(0.740829346092504, 1.0)",1,99.33017581833371,5283
"(0.9688764394646748, 0.996078431372549)",1,99.33008718692176,5284
"(0.7982954545454546, 1.0)",1,99.32987010923225,5285
"(0.8468468468468467, 1.0)",1,99.3296945163262,5286
"(0.9803921568627452, 0.996078431372549)",1,99.32961496564457,5287
"(0.9206349206349206, 1.0)",1,99.32958456747932,5288
"(1.0, 1.0)",2,99.32953761214632,5290
"(0.9444444444444444, 1.0)",2,99.3293716748607,5292
"(0.896551724137931, 1.0)",1,99.329236055373,5293
"(0.9023569023569024, 1.0)",1,99.32919672919674,5294
"(1.0, 1.0)",1,99.32912117122645,5295
"(0.9925925925925926, 0.996078431372549)",1,99.32908300162194,5296
"(0.8888888888888888, 1.0)",1,99.3290211695246,5297
"(0.9696969696969696, 1.0)",1,99.32900432900432,5298
"(0.8864468864468864, 1.0)",1,99.32891414141416,5299
"(0.9925925925925926, 0.996078431372549)",1,99.3287126312514,5300
"(0.8864468864468864, 1.0)",1,99.32858252858254,5301
"(0.9688764394646748, 0.996078431372549)",1,99.32857626447482,5302
"(0.7460317460317459, 1.0)",1,99.3280558600252,5303
"(0.8864468864468864, 0.9841269841269842)",1,99.32804799065676,5304
"(0.9230769230769232, 1.0)",1,99.32783882783885,5305
"(0.8333333333333334, 1.0)",1,99.3277777777778,5306
"(0.8832772166105499, 1.0)",2,99.327721661055,5308
"(1.0, 1.0)",1,99.32755650146954,5309
"(0.9882352941176472, 0.996078431372549)",1,99.32745777843324,5310
"(0.8055555555555555, 1.0)",1,99.32708260165208,5311
"(0.8498168498168498, 1.0)",1,99.32696932696932,5312
"(0.883876357560568, 1.0)",1,99.32694893324184,5313
"(0.8888888888888888, 1.0)",1,99.32692640692642,5314
"(1.0, 1.0)",1,99.32680363115146,5315
"(0.8468468468468467, 1.0)",1,99.32638445899316,5316
"(0.9841269841269842, 1.0)",1,99.326278659612,5317
"(0.9135802469135802, 1.0)",1,99.32624740008418,5318
"(0.977218782249742, 0.9925925925925926)",1,99.32607237402968,5319
"(0.8870701058201058, 1.0)",1,99.32588345864662,5320
"(0.9841269841269842, 1.0)",2,99.32553839075578,5322
"(0.8402777777777779, 1.0)",1,99.32528659611994,5323
"(0.992156862745098, 0.996078431372549)",1,99.3250941897228,5324
"(0.9919117647058824, 0.996078431372549)",2,99.32508862024352,5326
"(0.992156862745098, 0.996078431372549)",1,99.32469756908624,5327
"(0.9224211423699916, 1.0)",1,99.32466056251224,5328
"(0.8013468013468013, 1.0)",1,99.32465481013578,5329
"(0.8266666666666667, 1.0)",1,99.32452082884996,5330
"(0.9704892057833234, 0.996078431372549)",1,99.32450037750368,5331
"(0.9023569023569024, 1.0)",1,99.32423550684425,5332
"(0.9230769230769232, 1.0)",1,99.32423132423143,5333
"(0.8832772166105499, 1.0)",1,99.324058657392,5334
"(0.9243650793650792, 1.0)",1,99.32397957936544,5335
"(0.75, 1.0)",1,99.32378547378548,5336
"(0.9047619047619048, 1.0)",1,99.323362797047,5337
"(0.9851851851851852, 0.996078431372549)",2,99.323268424329,5339
"(0.9851851851851852, 0.996078431372549)",2,99.32322096089908,5341
"(0.9728641456582634, 0.996078431372549)",1,99.32280442655784,5342
"(0.9840686274509804, 0.996078431372549)",1,99.32271200878026,5343
"(0.8350168350168351, 1.0)",1,99.32262810630932,5344
"(0.9333333333333332, 1.0)",1,99.32257513018384,5345
"(0.8803174603174604, 1.0)",1,99.32240918501792,5346
"(0.8055555555555555, 1.0)",1,99.32217475506948,5347
"(0.9230769230769232, 1.0)",1,99.32216581339388,5348
"(1.0, 1.0)",1,99.32207888729636,5349
"(1.0, 1.0)",2,99.32176095509428,5351
"(0.9759803921568628, 0.996078431372549)",1,99.32149352494638,5352
"(0.8817204301075269, 1.0)",1,99.32147976109496,5353
"(0.8888888888888888, 1.0)",1,99.32131440260731,5354
"(0.992156862745098, 0.996078431372549)",2,99.32128155355724,5356
"(0.8864468864468864, 1.0)",1,99.32122768677756,5357
"(0.9894736842105264, 0.996078431372549)",1,99.32118055090214,5358
"(0.9230769230769232, 1.0)",2,99.32115710376584,5360
"(0.9565217391304348, 1.0)",3,99.32069138590876,5363
"(0.8888888888888888, 1.0)",1,99.32061285448091,5364
"(0.9224211423699916, 1.0)",1,99.3205173114339,5365
"(1.0, 1.0)",1,99.32042648709316,5366
"(0.9351258309591644, 1.0)",4,99.32039854949576,5370
"(0.8376068376068376, 1.0)",1,99.32028122455276,5371
"(0.9841269841269842, 1.0)",1,99.32020202020205,5372
"(0.8897707231040564, 1.0)",1,99.32018460951376,5373
"(0.855094726062468, 1.0)",1,99.3197960049514,5374
"(0.8627450980392157, 1.0)",1,99.31974365503775,5375
"(0.9894736842105264, 0.996078431372549)",1,99.31967705566862,5376
"(1.0, 1.0)",1,99.31947622679888,5377
"(0.7555555555555554, 1.0)",1,99.3194691273639,5378
"(0.9444444444444444, 1.0)",2,99.31944444444444,5380
"(0.957490630284748, 0.996078431372549)",1,99.319321268973,5381
"(0.9925925925925926, 0.996078431372549)",1,99.31924195515543,5382
"(0.960639768728004, 0.9919117647058824)",1,99.3190953848927,5383
"(0.8504594820384294, 1.0)",1,99.31880205564416,5384
"(0.875, 1.0)",1,99.3185870088044,5385
"(0.9135802469135802, 1.0)",4,99.31834215167548,5389
"(0.8888888888888888, 1.0)",1,99.31820055738822,5390
"(0.9047619047619048, 1.0)",4,99.31806789701528,5394
"(0.9879901960784314, 0.996078431372549)",2,99.31789928575752,5396
"(0.683375104427736, 1.0)",1,99.317896519956,5397
"(1.0, 1.0)",1,99.31771992791482,5398
"(0.9841269841269842, 1.0)",1,99.31753823275562,5399
"(0.8571428571428572, 1.0)",1,99.31750321750322,5400
"(1.0, 1.0)",1,99.3174603174604,5401
"(0.8904991948470209, 1.0)",1,99.3174425413556,5402
"(0.8498168498168498, 1.0)",1,99.31728180850992,5403
"(0.8897707231040564, 1.0)",1,99.3165186117748,5404
"(0.9172932330827066, 1.0)",1,99.31633249791145,5405
"(0.9802054154995332, 0.992156862745098)",1,99.31612228283126,5406
"(0.8376068376068376, 1.0)",1,99.31609043130786,5407
"(0.9230769230769232, 1.0)",1,99.31604887865758,5408
"(0.896551724137931, 1.0)",1,99.31594440874808,5409
"(0.8402777777777779, 1.0)",2,99.31590708674042,5411
"(0.81681801994302, 1.0)",1,99.31588435635412,5412
"(0.8151260504201681, 1.0)",2,99.31567778626602,5414
"(0.8731060606060606, 1.0)",1,99.31550655611812,5415
"(0.8339307048984469, 1.0)",2,99.31541218637992,5417
"(0.9135802469135802, 1.0)",2,99.31522401377477,5419
"(0.9380032206119162, 1.0)",1,99.31484304745176,5420
"(0.9224211423699916, 1.0)",1,99.31478159994784,5421
"(0.9224211423699916, 1.0)",1,99.314725134674,5422
"(0.9047619047619048, 1.0)",1,99.31471186383467,5423
"(0.8817204301075269, 1.0)",1,99.31457694557274,5424
"(0.8883205456095482, 1.0)",1,99.314539254437,5425
"(0.9230769230769232, 1.0)",1,99.3142406045842,5426
"(0.9521531100478468, 1.0)",1,99.31424014581908,5427
"(0.9047619047619048, 1.0)",2,99.31406142167016,5429
"(0.8498168498168498, 1.0)",4,99.31400142419636,5433
"(0.9847494553376906, 0.996078431372549)",2,99.3139740617142,5435
"(0.9841269841269842, 1.0)",1,99.31389058841462,5436
"(0.984313725490196, 0.996078431372549)",2,99.31361922402128,5438
"(0.9766612200435728, 0.996078431372549)",1,99.31356131341444,5439
"(0.875, 1.0)",1,99.31347693525112,5440
"(0.9230769230769232, 1.0)",1,99.3134424944494,5441
"(0.9674603174603176, 1.0)",1,99.313330998737,5442
"(0.9142520753512132, 1.0)",4,99.31286779252277,5446
"(0.9882352941176472, 0.996078431372549)",1,99.31273408193704,5447
"(0.9925925925925926, 0.996078431372549)",2,99.31227373245972,5449
"(0.992156862745098, 0.996078431372549)",1,99.31213121931408,5450
"(0.8498168498168498, 1.0)",1,99.31210861065934,5451
"(0.875, 1.0)",1,99.31210117043454,5452
"(0.984313725490196, 0.996078431372549)",1,99.31177760577933,5453
"(0.8731060606060606, 1.0)",1,99.3114657506016,5454
"(0.992156862745098, 0.996078431372549)",1,99.31135847726416,5455
"(0.9840686274509804, 0.992156862745098)",1,99.31132911750564,5456
"(0.9882352941176472, 0.9925925925925926)",1,99.31127541074925,5457
"(0.9230769230769232, 0.9841269841269842)",1,99.31126034459376,5458
"(0.7982954545454546, 1.0)",1,99.31109813398852,5459
"(0.9333333333333332, 1.0)",1,99.31102756892231,5460
"(0.8904991948470209, 1.0)",1,99.3107844953501,5461
"(0.9568181818181818, 0.996078431372549)",2,99.31041198882544,5463
"(0.9172932330827066, 0.9841269841269842)",1,99.3103804196482,5464
"(0.9333333333333332, 1.0)",1,99.31031677076908,5465
"(0.875, 1.0)",1,99.30999555289836,5466
"(0.984504357298475, 0.996078431372549)",1,99.30962463347925,5467
"(0.9894736842105264, 0.996078431372549)",1,99.3096063279115,5468
"(0.9651330532212884, 0.996078431372549)",1,99.30947593981084,5469
"(0.978144708175668, 0.996078431372549)",2,99.30925384614258,5471
"(0.8571428571428572, 1.0)",1,99.30920813232026,5472
"(0.8547544409613373, 1.0)",1,99.30916205395096,5473
"(0.8013468013468013, 1.0)",1,99.30878179426276,5474
"(0.9333333333333332, 1.0)",1,99.3085894546128,5475
"(0.9662707390648568, 0.996078431372549)",2,99.30854640727784,5477
"(0.8888888888888888, 1.0)",1,99.30843371604244,5478
"(0.9224211423699916, 1.0)",1,99.30839614428704,5479
"(0.992156862745098, 0.996078431372549)",1,99.30838206627698,5480
"(0.992156862745098, 0.996078431372549)",1,99.30823758354806,5481
"(0.833064949006978, 1.0)",1,99.30823422417627,5482
"(0.9894736842105264, 0.996078431372549)",1,99.30808588464636,5483
"(0.9135802469135802, 1.0)",1,99.30746387268128,5484
"(0.9841269841269842, 1.0)",1,99.30744810744812,5485
"(0.8803174603174604, 1.0)",1,99.30741800336006,5486
"(0.9023569023569024, 1.0)",1,99.3071348404682,5487
"(1.0, 1.0)",2,99.30703013461634,5489
"(0.9351258309591644, 1.0)",2,99.30700141356056,5491
"(0.8817204301075269, 1.0)",2,99.30694242629728,5493
"(0.9768191721132896, 0.996078431372549)",1,99.30660633684636,5494
"(0.8675136116152449, 1.0)",1,99.30647418152046,5495
"(0.896551724137931, 1.0)",1,99.3064322692134,5496
"(0.8977777777777779, 0.9841269841269842)",1,99.3062644300145,5497
"(0.9047619047619048, 1.0)",1,99.30614061864064,5498
"(0.9224211423699916, 1.0)",2,99.30611522606412,5500
"(0.9047619047619048, 1.0)",1,99.30608082202284,5501
"(0.9882352941176472, 0.996078431372549)",1,99.30598398849196,5502
"(0.9651330532212884, 0.996078431372549)",2,99.3059004445016,5504
"(0.8498168498168498, 1.0)",2,99.30581088262252,5506
"(0.9444444444444444, 1.0)",4,99.3054723054723,5510
"(0.8675136116152449, 1.0)",1,99.3054460495477,5511
"(0.9696969696969696, 1.0)",1,99.30543270543272,5512
"(0.9886710239651416, 0.996078431372549)",2,99.30541447200912,5514
"(0.9047619047619048, 1.0)",1,99.30514670514673,5515
"(0.8518518518518519, 0.9841269841269842)",1,99.30488679611494,5516
"(0.9803376906318084, 0.996078431372549)",1,99.30481742830048,5517
"(0.9881481481481482, 0.996078431372549)",1,99.30481325863695,5518
"(0.9230769230769232, 1.0)",1,99.30453121757468,5519
"(0.9135802469135802, 1.0)",1,99.30449981122024,5520
"(0.740829346092504, 1.0)",1,99.304462805856,5521
"(0.9568181818181818, 0.996078431372549)",1,99.30445353952337,5522
"(0.9243650793650792, 1.0)",1,99.30444792090626,5523
"(0.7538126361655774, 1.0)",1,99.30436318671612,5524
"(0.875, 1.0)",1,99.30428188572738,5525
"(0.9333333333333332, 0.9841269841269842)",1,99.30418470418476,5526
"(0.7982954545454546, 1.0)",1,99.30377747252749,5527
"(0.9886710239651416, 0.996078431372549)",1,99.30368919923124,5528
"(0.896551724137931, 1.0)",1,99.30362243120864,5529
"(0.9333333333333332, 1.0)",1,99.3033859859947,5530
"(0.9230769230769232, 1.0)",2,99.30325092938786,5532
"(0.8518518518518519, 1.0)",4,99.30317878578752,5536
"(0.9847494553376906, 0.996078431372549)",2,99.30313552672553,5538
"(0.9230769230769232, 1.0)",1,99.3031084857172,5539
"(0.9248366013071896, 1.0)",2,99.30309828215508,5541
"(0.7460317460317459, 0.9841269841269842)",1,99.30303030303035,5542
"(0.9697786951037723, 0.996078431372549)",2,99.30266601217852,5544
"(0.936026936026936, 0.9841269841269842)",1,99.30248179370992,5545
"(0.8867623604465709, 0.9841269841269842)",1,99.30234677603106,5546
"(0.9023569023569024, 1.0)",1,99.30202438463309,5547
"(0.896551724137931, 1.0)",1,99.30197144837192,5548
"(0.8518518518518519, 1.0)",1,99.3019573019573,5549
"(0.896551724137931, 1.0)",1,99.30181554244524,5550
"(0.9800599128540306, 0.996078431372549)",1,99.30175270693093,5551
"(0.8571428571428572, 1.0)",1,99.3016302016302,5552
"(0.8686868686868687, 1.0)",2,99.30143498476832,5554
"(0.8498168498168498, 1.0)",2,99.30128808389682,5556
"(0.9879901960784314, 0.996078431372549)",1,99.30101111669757,5557
"(0.9135802469135802, 1.0)",1,99.30093527259812,5558
"(0.9230769230769232, 1.0)",2,99.3008547008547,5560
"(0.9333333333333332, 1.0)",1,99.3007711586659,5561
"(0.9803376906318084, 0.996078431372549)",2,99.30040349669682,5563
"(0.984313725490196, 0.996078431372549)",2,99.30029157861996,5565
"(0.984313725490196, 0.996078431372549)",1,99.30017219708412,5566
"(0.896551724137931, 1.0)",4,99.30013459113545,5570
"(0.984313725490196, 0.996078431372549)",1,99.3001064944498,5571
"(0.9803376906318084, 0.996078431372549)",1,99.29985579962992,5572
"(0.7167919799498746, 1.0)",1,99.29962378374942,5573
"(0.9023569023569024, 1.0)",1,99.29907129907131,5574
"(0.8897707231040564, 1.0)",2,99.29748720817562,5576
"(0.9135802469135802, 1.0)",1,99.29741863075198,5577
"(1.0, 1.0)",1,99.29732226808862,5578
"(0.875, 1.0)",1,99.29713736880404,5579
"(0.865079365079365, 1.0)",2,99.29671654510364,5581
"(0.9565217391304348, 1.0)",1,99.29653603933966,5582
"(0.8888888888888888, 1.0)",1,99.29632944216276,5583
"(0.9565217391304348, 1.0)",1,99.2963206948714,5584
"(0.984313725490196, 0.996078431372549)",1,99.29621591469972,5585
"(1.0, 1.0)",1,99.29586495375968,5586
"(0.8867623604465709, 1.0)",1,99.29561003451168,5587
"(0.740829346092504, 1.0)",1,99.29554648080963,5588
"(0.919047619047619, 1.0)",1,99.29537728129684,5589
"(0.896551724137931, 1.0)",1,99.29534230553722,5590
"(0.9230769230769232, 1.0)",1,99.29530030102116,5591
"(0.8109668109668109, 1.0)",1,99.29524302857637,5592
"(0.9023569023569024, 1.0)",1,99.29521404521404,5593
"(0.936026936026936, 1.0)",1,99.29516211110416,5594
"(0.8, 1.0)",1,99.29513568868408,5595
"(0.9841269841269842, 1.0)",1,99.2950937950938,5596
"(0.9696969696969696, 1.0)",1,99.2950937950938,5597
"(1.0, 1.0)",4,99.2950937950938,5601
"(0.896551724137931, 1.0)",1,99.29504202102645,5602
"(0.9224211423699916, 1.0)",1,99.29500829756586,5603
"(0.9224211423699916, 1.0)",2,99.29497846159398,5605
"(0.9728641456582634, 0.996078431372549)",2,99.29497692910252,5607
"(0.97718610251118, 0.996078431372549)",1,99.29495356037148,5608
"(0.8904991948470209, 1.0)",1,99.2949114794771,5609
"(0.984313725490196, 0.996078431372549)",1,99.29484573046513,5610
"(0.8864468864468864, 0.9841269841269842)",1,99.29481629481636,5611
"(0.9444444444444444, 1.0)",2,99.29461279461285,5613
"(0.865079365079365, 1.0)",1,99.29457998347053,5614
"(0.9696969696969696, 0.9841269841269842)",2,99.29423373473723,5616
"(0.9894736842105264, 0.996078431372549)",1,99.29412894163532,5617
"(0.875, 1.0)",2,99.29390331890336,5619
"(0.9213117283950616, 1.0)",1,99.29373520919977,5620
"(0.7765567765567766, 1.0)",1,99.2937284937285,5621
"(1.0, 1.0)",1,99.29352265381678,5622
"(0.992156862745098, 0.996078431372549)",1,99.2934347751307,5623
"(0.978144708175668, 0.996078431372549)",1,99.2933307092519,5624
"(0.8201193520886615, 1.0)",1,99.29313522510456,5625
"(0.8350168350168351, 1.0)",1,99.2929747929748,5626
"(0.984313725490196, 0.996078431372549)",1,99.29294357456652,5627
"(0.8053221288515406, 1.0)",1,99.29249259674285,5628
"(0.875, 1.0)",1,99.2923724825899,5629
"(0.9696969696969696, 1.0)",1,99.2922077922078,5630
"(0.9866666666666668, 0.996078431372549)",1,99.2921555932316,5631
"(0.9230769230769232, 1.0)",2,99.29209723166854,5633
"(0.8817204301075269, 1.0)",4,99.29206612306191,5637
"(0.919047619047619, 1.0)",1,99.29185523279727,5638
"(0.936026936026936, 1.0)",1,99.2912399988262,5639
"(0.9135802469135802, 1.0)",2,99.291206452126,5641
"(0.9827450980392156, 0.996078431372549)",1,99.29103541310212,5642
"(0.9847494553376906, 0.996078431372549)",1,99.2909015220634,5643
"(0.9172932330827066, 1.0)",1,99.290874157362,5644
"(0.9674603174603176, 1.0)",1,99.2908494886756,5645
"(0.896551724137931, 1.0)",1,99.29078390097882,5646
"(0.9667927989909412, 0.996078431372549)",1,99.29073618517796,5647
"(0.8888888888888888, 1.0)",2,99.2904761904762,5649
"(0.9019607843137254, 1.0)",1,99.29044538476404,5650
"(0.9731377053745476, 0.996078431372549)",2,99.2898960672498,5652
"(0.8468468468468467, 1.0)",1,99.28986416924704,5653
"(0.8266666666666667, 1.0)",1,99.28970578803911,5654
"(0.8469839324618735, 1.0)",1,99.28965505259129,5655
"(0.8991666666666667, 1.0)",1,99.28962065712064,5656
"(0.9230769230769232, 1.0)",1,99.2895992895994,5657
"(0.9230769230769232, 1.0)",1,99.28959928959937,5658
"(0.896551724137931, 1.0)",1,99.28948057355488,5659
"(0.9696969696969696, 1.0)",2,99.28936833775543,5661
"(0.984313725490196, 0.996078431372549)",1,99.28933060129744,5662
"(0.8, 1.0)",1,99.28925699982818,5663
"(0.9886710239651416, 1.0)",1,99.28917485319262,5664
"(1.0, 1.0)",1,99.28869338546758,5665
"(0.984313725490196, 0.996078431372549)",1,99.28861356823444,5666
"(0.9811403508771928, 0.996078431372549)",1,99.28823844742584,5667
"(0.9755757858699036, 0.996078431372549)",1,99.28814553077784,5668
"(0.9707143676183924, 0.996078431372549)",1,99.2880897676457,5669
"(0.8867623604465709, 1.0)",1,99.2879664195454,5670
"(0.9754435107376284, 0.992156862745098)",1,99.28796529723012,5671
"(0.8867623604465709, 1.0)",1,99.287916761601,5672
"(0.8547544409613373, 1.0)",1,99.28771133913564,5673
"(0.9674603174603176, 1.0)",1,99.28766233766234,5674
"(0.9847494553376906, 0.996078431372549)",1,99.28733975461547,5675
"(0.8468468468468467, 1.0)",1,99.28731521178926,5676
"(0.8258037694013303, 1.0)",1,99.28731202949382,5677
"(0.9135802469135802, 1.0)",2,99.28730976401876,5679
"(0.8571428571428572, 1.0)",1,99.28715728715734,5680
"(0.8402777777777779, 1.0)",1,99.2870470578804,5681
"(0.8518518518518519, 1.0)",1,99.28702720281667,5682
"(0.9609224859534458, 0.996078431372549)",1,99.28655420488246,5683
"(0.9542023172905526, 0.996078431372549)",1,99.28649314470276,5684
"(0.8867623604465709, 0.9841269841269842)",1,99.28647376015806,5685
"(0.9841269841269842, 1.0)",1,99.28645181978516,5686
"(0.9444444444444444, 1.0)",1,99.28640679660175,5687
"(0.957490630284748, 0.996078431372549)",2,99.28616709162588,5689
"(0.8498168498168499, 1.0)",1,99.28610150860791,5690
"(0.875, 1.0)",1,99.28600247324503,5691
"(0.9135802469135802, 1.0)",1,99.28600149871772,5692
"(0.9803376906318084, 0.996078431372549)",2,99.28577057989604,5694
"(0.9840686274509804, 0.996078431372549)",2,99.28569670909312,5696
"(0.9696969696969696, 1.0)",1,99.28545426661368,5697
"(0.9047619047619048, 1.0)",1,99.28544061302684,5698
"(0.9230769230769232, 1.0)",4,99.2850099176186,5702
"(0.8498168498168498, 1.0)",1,99.28492344840056,5703
"(0.9688764394646748, 0.996078431372549)",1,99.28490470813315,5704
"(0.9698658410732716, 0.996078431372549)",1,99.28480911659018,5705
"(0.833064949006978, 1.0)",1,99.28459694104244,5706
"(0.9230769230769232, 1.0)",1,99.28419864449276,5707
"(0.8518518518518519, 1.0)",2,99.28389163171772,5709
"(0.9855521155830752, 0.996078431372549)",1,99.2838743836716,5710
"(0.81681801994302, 1.0)",1,99.28344419444554,5711
"(0.9333333333333332, 0.9841269841269842)",1,99.28339438339448,5712
"(0.9230769230769232, 0.9841269841269842)",2,99.28339438339448,5714
"(0.9736383442265796, 0.996078431372549)",1,99.28328214682791,5715
"(0.9754435107376284, 0.996078431372549)",2,99.28320216390664,5717
"(0.9696969696969696, 1.0)",1,99.28317004632794,5718
"(0.896551724137931, 1.0)",1,99.28272876548743,5719
"(0.8817204301075269, 1.0)",1,99.28268661368242,5720
"(0.9023569023569024, 1.0)",1,99.28253671621792,5721
"(0.7765567765567766, 1.0)",1,99.28237928737929,5722
"(0.833064949006978, 1.0)",1,99.28225177935325,5723
"(0.8498168498168498, 1.0)",1,99.28215611548949,5724
"(0.9881481481481482, 0.996078431372549)",2,99.2817061370004,5726
"(0.9766612200435728, 0.996078431372549)",1,99.2816695251202,5727
"(0.9688764394646748, 0.996078431372549)",2,99.28150342359186,5729
"(0.9386724386724388, 1.0)",1,99.28147456594183,5730
"(0.896551724137931, 1.0)",1,99.28138387705974,5731
"(0.9047619047619048, 1.0)",1,99.2812906391854,5732
"(0.9696969696969696, 1.0)",1,99.2812197062197,5733
"(0.919047619047619, 1.0)",1,99.2808997997141,5734
"(0.9827450980392156, 0.996078431372549)",1,99.28029885075456,5735
"(0.8791208791208792, 1.0)",2,99.28027528027528,5737
"(0.9507101086048454, 1.0)",1,99.280197052432,5738
"(0.978144708175668, 0.996078431372549)",2,99.28008997522238,5740
"(0.8883205456095482, 1.0)",1,99.27958126445648,5741
"(0.976661220043573, 1.0)",1,99.27956615394704,5742
"(0.9135802469135802, 1.0)",2,99.27951339335016,5744
"(0.9224211423699916, 1.0)",1,99.2793942346372,5745
"(1.0, 1.0)",1,99.27913739507945,5746
"(0.8611111111111112, 1.0)",1,99.27913129163912,5747
"(0.9194577352472088, 1.0)",1,99.2789591090888,5748
"(0.9725925925925926, 0.996078431372549)",1,99.27870014815916,5749
"(0.75, 1.0)",1,99.27862910319053,5750
"(0.9800599128540306, 0.996078431372549)",1,99.27832660975096,5751
"(0.9230769230769232, 0.9841269841269842)",1,99.27805527805536,5752
"(0.7616334283000951, 1.0)",1,99.27788106954776,5753
"(0.980582788671024, 0.996078431372549)",1,99.27762232378336,5754
"(0.9688764394646748, 0.996078431372549)",1,99.27761122262692,5755
"(0.9691305469556244, 0.996078431372549)",1,99.27737079999484,5756
"(0.8109668109668109, 1.0)",1,99.27732209311156,5757
"(0.9230769230769232, 1.0)",1,99.277304289913,5758
"(0.9731092436974792, 0.996078431372549)",1,99.27704406589876,5759
"(0.9827450980392156, 0.996078431372549)",1,99.27698792807938,5760
"(0.9565217391304348, 1.0)",1,99.27689315515404,5761
"(1.0, 1.0)",1,99.27686805947684,5762
"(0.896551724137931, 1.0)",1,99.27675472028297,5763
"(0.8817204301075269, 1.0)",1,99.27668676557732,5764
"(0.9333333333333332, 1.0)",1,99.2764387550708,5765
"(0.9827450980392156, 0.996078431372549)",1,99.27630079357655,5766
"(0.984313725490196, 0.996078431372549)",1,99.27620214752582,5767
"(0.977218782249742, 0.996078431372549)",2,99.27617413988234,5769
"(0.9841269841269842, 1.0)",1,99.2761084065432,5770
"(0.7932875667429442, 1.0)",1,99.27604817670776,5771
"(0.9759803921568628, 0.996078431372549)",1,99.2760284891795,5772
"(1.0, 1.0)",1,99.27599378959827,5773
"(0.976851851851852, 0.996078431372549)",2,99.27589164517268,5775
"(0.9135802469135802, 1.0)",1,99.27585120758276,5776
"(0.9886710239651416, 0.996078431372549)",1,99.27583791007854,5777
"(0.9224211423699916, 1.0)",1,99.27554623078922,5778
"(0.9894736842105264, 0.996078431372549)",1,99.2755019714936,5779
"(0.7982954545454546, 1.0)",1,99.27538144424014,5780
"(0.8958964646464646, 1.0)",1,99.27532799248075,5781
"(0.9444444444444444, 1.0)",1,99.27530167095384,5782
"(0.8864468864468864, 1.0)",1,99.27506210264838,5783
"(1.0, 1.0)",4,99.2749235430132,5787
"(0.9665319865319866, 0.996078431372549)",1,99.2747691684162,5788
"(0.8055555555555555, 1.0)",1,99.27473262032086,5789
"(1.0, 1.0)",1,99.27466490126336,5790
"(0.9109477124183006, 1.0)",2,99.27465751781608,5792
"(0.9855521155830752, 0.996078431372549)",1,99.27457717004938,5793
"(0.683375104427736, 1.0)",1,99.27446952008356,5794
"(0.9172932330827066, 1.0)",1,99.27442823359344,5795
"(0.740829346092504, 1.0)",1,99.2743654006812,5796
"(0.9172932330827066, 1.0)",2,99.27424524792946,5798
"(0.7625830959164293, 1.0)",1,99.27419524282269,5799
"(1.0, 1.0)",1,99.27404479578392,5800
"(0.9333333333333332, 1.0)",1,99.27369345630215,5801
"(0.9023569023569024, 1.0)",1,99.2734857734858,5802
"(0.5640273704789834, 1.0)",1,99.27336714503616,5803
"(0.8425925925925927, 1.0)",1,99.27314814814818,5804
"(0.8266666666666667, 1.0)",2,99.27313131313132,5806
"(0.9841269841269842, 1.0)",1,99.27295511506036,5807
"(0.7460317460317459, 0.9841269841269842)",1,99.27272727272732,5808
"(0.9847494553376906, 0.996078431372549)",1,99.27255878406672,5809
"(0.7167919799498746, 1.0)",2,99.27234753550545,5811
"(0.9047101449275364, 1.0)",1,99.2719747244009,5812
"(0.9841269841269842, 1.0)",1,99.27194992829668,5813
"(0.9248366013071896, 1.0)",1,99.2716619981326,5814
"(0.9023569023569024, 1.0)",2,99.2714094728801,5816
"(0.900854700854701, 1.0)",2,99.27132154660264,5818
"(0.9333333333333332, 1.0)",1,99.27130111180456,5819
"(0.9696969696969696, 1.0)",1,99.27123244771728,5820
"(0.9444444444444444, 1.0)",1,99.2711533843468,5821
"(0.9807902108211706, 0.996078431372549)",1,99.27112634527506,5822
"(0.8468468468468467, 1.0)",1,99.2710892710893,5823
"(0.7167919799498746, 1.0)",2,99.27101984437265,5825
"(0.936026936026936, 0.9841269841269842)",1,99.27073576196392,5826
"(0.8518518518518519, 0.9841269841269842)",1,99.27067162856645,5827
"(0.9333333333333332, 1.0)",1,99.27056695317566,5828
"(0.8627450980392157, 1.0)",1,99.27043850573264,5829
"(0.6944444444444445, 1.0)",1,99.27031365906046,5830
"(0.8672161172161172, 1.0)",1,99.26984747285093,5831
"(0.9841269841269842, 1.0)",1,99.26984126984128,5832
"(0.9841269841269842, 0.9841269841269842)",1,99.26981228000724,5833
"(0.9727743378052977, 0.996078431372549)",1,99.26970146697718,5834
"(0.896551724137931, 1.0)",1,99.26958014499247,5835
"(0.8498168498168499, 0.9841269841269842)",1,99.26926180171073,5836
"(0.9691305469556244, 0.996078431372549)",1,99.26913480953031,5837
"(0.8888888888888888, 1.0)",1,99.26901344269768,5838
"(0.9827450980392156, 0.996078431372549)",2,99.26889383664164,5840
"(0.9333333333333332, 0.9841269841269842)",1,99.26875901875908,5841
"(0.9847494553376906, 0.996078431372549)",2,99.26855766123572,5843
"(0.9665319865319866, 0.996078431372549)",1,99.26849535082523,5844
"(0.936026936026936, 1.0)",1,99.26843687501582,5845
"(0.8888888888888888, 1.0)",1,99.26843526843528,5846
"(0.9882352941176472, 0.996078431372549)",1,99.2684146901718,5847
"(0.9565217391304348, 1.0)",1,99.26809905070776,5848
"(0.9882352941176472, 0.996078431372549)",1,99.26797013787731,5849
"(1.0, 1.0)",1,99.26766108287848,5850
"(0.8817204301075269, 1.0)",1,99.26763302303767,5851
"(0.9003279610194903, 1.0)",1,99.26762498861687,5852
"(0.9333333333333332, 0.9841269841269842)",1,99.26752136752144,5853
"(0.9841269841269842, 1.0)",1,99.26751432453187,5854
"(0.9660457516339868, 0.996078431372549)",1,99.26734042349904,5855
"(0.9838235294117648, 0.996078431372549)",1,99.2670236047636,5856
"(0.9230769230769232, 1.0)",2,99.26687695021027,5858
"(0.9224211423699916, 1.0)",1,99.2667761009126,5859
"(0.9333333333333332, 1.0)",1,99.26666666666668,5860
"(0.683375104427736, 1.0)",1,99.26623668728932,5861
"(0.9563713649711092, 0.996078431372549)",1,99.26616009332804,5862
"(0.936026936026936, 1.0)",1,99.26612646612648,5863
"(0.8468468468468467, 1.0)",1,99.26591726113466,5864
"(0.9879901960784314, 0.996078431372549)",1,99.26578901332684,5865
"(0.8151260504201681, 1.0)",1,99.26570601890296,5866
"(0.7777777777777776, 1.0)",1,99.26567259900598,5867
"(0.9224211423699916, 1.0)",1,99.26557246233295,5868
"(0.9707143676183924, 0.996078431372549)",2,99.26556594603672,5870
"(0.9523809523809524, 1.0)",1,99.26525252525256,5871
"(0.9728641456582634, 0.996078431372549)",1,99.26500288136369,5872
"(0.75, 1.0)",4,99.2649690179102,5876
"(0.8415692007797271, 1.0)",1,99.26462351127245,5877
"(0.9731377053745476, 0.996078431372549)",1,99.26445661076542,5878
"(0.9444444444444444, 1.0)",2,99.26425614106772,5880
"(0.922077922077922, 1.0)",1,99.26392759492342,5881
"(0.9047619047619048, 1.0)",1,99.2637397842432,5882
"(0.9444444444444444, 0.9841269841269842)",1,99.26334776334788,5883
"(0.75, 1.0)",1,99.26334561700696,5884
"(0.9879901960784314, 0.996078431372549)",1,99.2633268964153,5885
"(0.896551724137931, 1.0)",1,99.2628335904198,5886
"(0.9565217391304348, 1.0)",1,99.26220398287984,5887
"(0.9882352941176472, 0.996078431372549)",1,99.26220302894008,5888
"(0.9651330532212884, 0.996078431372549)",2,99.26204789305422,5890
"(0.9224211423699916, 1.0)",1,99.26192330687218,5891
"(0.5, 1.0)",1,99.2619047619048,5892
"(0.8864468864468864, 1.0)",1,99.26190242282196,5893
"(0.996078431372549, 0.996078431372549)",1,99.26168779792636,5894
"(1.0, 1.0)",4,99.26166888666889,5898
"(0.9879901960784314, 0.996078431372549)",1,99.26153652104134,5899
"(0.8803174603174604, 1.0)",1,99.26133782883784,5900
"(0.8888888888888888, 1.0)",2,99.26122980961692,5902
"(0.7167919799498746, 1.0)",1,99.2612234679096,5903
"(0.8376068376068376, 1.0)",2,99.26045412210694,5905
"(0.9759803921568628, 0.996078431372549)",1,99.26039739127992,5906
"(0.9759803921568628, 0.996078431372549)",2,99.26038465891423,5908
"(0.9688764394646748, 0.996078431372549)",2,99.25978528093874,5910
"(0.9135802469135802, 1.0)",1,99.25968878425024,5911
"(0.8055555555555555, 1.0)",1,99.2596244388998,5912
"(0.919047619047619, 1.0)",1,99.25956696976188,5913
"(0.8888888888888888, 1.0)",1,99.259117782802,5914
"(0.992156862745098, 0.996078431372549)",1,99.25901976776665,5915
"(0.9704892057833234, 0.996078431372549)",1,99.2588218725434,5916
"(0.936026936026936, 1.0)",1,99.25858741648216,5917
"(0.9674603174603176, 0.9841269841269842)",1,99.25849092428048,5918
"(0.9763834422657952, 0.996078431372549)",1,99.25844386648647,5919
"(0.9886710239651416, 0.996078431372549)",1,99.25835310392806,5920
"(0.9807902108211706, 0.996078431372549)",1,99.2582371406832,5921
"(0.8518518518518519, 1.0)",1,99.25820105820104,5922
"(0.9919117647058824, 0.996078431372549)",2,99.25807029366553,5924
"(0.896551724137931, 1.0)",2,99.25798285573036,5926
"(1.0, 1.0)",2,99.2579680855543,5928
"(0.7982954545454546, 1.0)",1,99.25784213720426,5929
"(1.0, 1.0)",1,99.25783972125436,5930
"(0.9707143676183924, 0.996078431372549)",1,99.25783870698751,5931
"(0.9047619047619048, 1.0)",1,99.25751800534408,5932
"(1.0, 1.0)",2,99.257497212932,5934
"(0.8817204301075269, 1.0)",1,99.25716967222344,5935
"(0.8666666666666667, 1.0)",4,99.25715027836893,5939
"(0.8373015873015873, 1.0)",2,99.25710254284088,5941
"(1.0, 1.0)",1,99.25708209918736,5942
"(0.9841269841269842, 1.0)",1,99.25706572484071,5943
"(0.6944444444444445, 1.0)",1,99.25704524233936,5944
"(0.883876357560568, 1.0)",1,99.25663650415748,5945
"(0.976851851851852, 0.992156862745098)",1,99.2565821006766,5946
"(0.9696969696969696, 1.0)",1,99.25638237232442,5947
"(0.8518518518518519, 0.9841269841269842)",1,99.25635338896215,5948
"(1.0, 1.0)",2,99.25596625596629,5950
"(0.936026936026936, 0.9841269841269842)",1,99.25589643850522,5951
"(0.8883205456095482, 0.9841269841269842)",1,99.25572474634714,5952
"(0.936026936026936, 1.0)",1,99.25559644609989,5953
"(0.9736383442265796, 0.996078431372549)",1,99.25558675911664,5954
"(0.992156862745098, 0.996078431372549)",1,99.25553195898252,5955
"(0.8571428571428572, 1.0)",1,99.25552995391703,5956
"(0.8376068376068376, 1.0)",2,99.255463980464,5958
"(0.9803921568627452, 0.996078431372549)",1,99.2553825366915,5959
"(0.6875653082549634, 1.0)",1,99.25533087602054,5960
"(0.976661220043573, 1.0)",2,99.25522981547758,5962
"(0.9886710239651416, 0.996078431372549)",1,99.25504213966286,5963
"(0.9841269841269842, 1.0)",1,99.25480367585632,5964
"(0.875, 1.0)",1,99.25478774340333,5965
"(0.896551724137931, 1.0)",1,99.25472887550396,5966
"(0.9333333333333332, 1.0)",1,99.25462185818138,5967
"(0.984313725490196, 0.996078431372549)",1,99.25453159041402,5968
"(0.8627450980392157, 1.0)",4,99.25407598937012,5972
"(1.0, 0.9841269841269842)",1,99.2539682539684,5973
"(0.977218782249742, 0.996078431372549)",1,99.25394273768896,5974
"(0.9230769230769232, 1.0)",1,99.25382969433312,5975
"(0.9841269841269842, 1.0)",1,99.25377247833391,5976
"(0.9135802469135802, 1.0)",1,99.25365622032288,5977
"(0.9847494553376906, 0.996078431372549)",1,99.25357894496295,5978
"(0.875, 1.0)",1,99.25354817965268,5979
"(0.9542023172905526, 0.996078431372549)",2,99.25350965426053,5981
"(0.8888888888888888, 1.0)",1,99.25349867724869,5982
"(0.9135802469135802, 1.0)",1,99.2534635520143,5983
"(0.9803376906318084, 0.996078431372549)",2,99.25344312934948,5985
"(0.8350168350168351, 1.0)",1,99.25306637806638,5986
"(0.9696969696969696, 1.0)",1,99.25305604044615,5987
"(0.740829346092504, 1.0)",1,99.25286938938254,5988
"(0.996078431372549, 0.996078431372549)",1,99.25262584566,5989
"(0.9224211423699916, 1.0)",1,99.2523460864826,5990
"(0.8345959595959597, 1.0)",1,99.25232594308984,5991
"(1.0, 1.0)",1,99.2523091508599,5992
"(0.8883205456095482, 1.0)",1,99.25202230843416,5993
"(1.0, 1.0)",2,99.25198173474035,5995
"(0.9579248366013072, 0.996078431372549)",2,99.25194845774575,5997
"(0.875, 1.0)",1,99.25192034213777,5998
"(0.9047619047619048, 1.0)",1,99.25144623835016,5999
"(0.9444444444444444, 1.0)",1,99.25114765027048,6000
"(0.9445350241545892, 1.0)",1,99.25106610881068,6001
"(0.9230769230769232, 0.9841269841269842)",2,99.250798584132,6003
"(0.8376068376068376, 1.0)",1,99.2507492507493,6004
"(0.9841269841269842, 1.0)",2,99.25039267377976,6006
"(0.75, 1.0)",1,99.25038523686436,6007
"(0.9738562091503268, 0.996078431372549)",2,99.25033793319416,6009
"(0.9674603174603176, 1.0)",1,99.25007685551164,6010
"(0.8345959595959597, 1.0)",1,99.25004213379214,6011
"(0.8675136116152449, 1.0)",1,99.25000704223812,6012
"(0.9894736842105264, 0.996078431372549)",1,99.24998045810122,6013
"(0.7460317460317459, 1.0)",1,99.2499525328473,6014
"(0.9813854489164088, 1.0)",1,99.24939975011807,6015
"(0.865079365079365, 1.0)",1,99.24926710716186,6016
"(0.936026936026936, 1.0)",1,99.24925084288392,6017
"(0.865079365079365, 1.0)",1,99.2489531973403,6018
"(0.8376068376068376, 1.0)",1,99.24881042529525,6019
"(0.992156862745098, 0.996078431372549)",1,99.24867993662131,6020
"(0.9841269841269842, 1.0)",1,99.24865723140964,6021
"(0.75, 1.0)",1,99.24847488402476,6022
"(0.8977777777777779, 1.0)",1,99.24842712842712,6023
"(0.8339307048984469, 1.0)",1,99.2482273159914,6024
"(0.9886710239651416, 0.992156862745098)",1,99.2479226194629,6025
"(0.8686868686868687, 1.0)",1,99.2478786580736,6026
"(0.9230769230769232, 1.0)",1,99.2477647955909,6027
"(0.9224211423699916, 1.0)",1,99.24770456025448,6028
"(0.9047619047619048, 1.0)",1,99.2475381364287,6029
"(0.8904991948470209, 1.0)",1,99.24748081678736,6030
"(0.896551724137931, 1.0)",1,99.2474327144926,6031
"(0.8731060606060606, 1.0)",1,99.24740298952254,6032
"(0.8253968253968256, 1.0)",1,99.24717034914404,6033
"(0.9087026014109348, 1.0)",1,99.24704955795234,6034
"(0.9023569023569024, 1.0)",1,99.24689678418582,6035
"(0.9602089783281734, 1.0)",1,99.24677359247794,6036
"(0.9855521155830752, 0.996078431372549)",2,99.24676671253306,6038
"(0.833064949006978, 1.0)",1,99.2467295452803,6039
"(0.8425925925925927, 0.9841269841269842)",1,99.24671957671966,6040
"(0.9230769230769232, 1.0)",1,99.24665246660132,6041
"(1.0, 1.0)",1,99.24642024642026,6042
"(0.9230769230769232, 0.9841269841269842)",1,99.24630924630934,6043
"(0.9882352941176472, 0.996078431372549)",1,99.24626043594849,6044
"(0.9, 1.0)",1,99.24625283748094,6045
"(0.8817204301075269, 1.0)",1,99.24608838410172,6046
"(0.8666666666666667, 1.0)",1,99.24583087682674,6047
"(0.7167919799498746, 1.0)",1,99.24568086883876,6048
"(0.9047619047619048, 1.0)",1,99.245678042704,6049
"(0.8958964646464646, 1.0)",1,99.24563433966938,6050
"(0.896551724137931, 1.0)",1,99.24552464664026,6051
"(0.9445350241545892, 1.0)",2,99.245255786835,6053
"(0.9135802469135802, 1.0)",1,99.24505866016614,6054
"(0.9769410044719642, 0.996078431372549)",2,99.24440933864982,6056
"(0.8817204301075269, 1.0)",2,99.24420607695356,6058
"(0.9224211423699916, 1.0)",4,99.2442037132754,6062
"(0.9691305469556244, 0.996078431372549)",2,99.24416146260587,6064
"(1.0, 1.0)",1,99.24415386009588,6065
"(0.9135802469135802, 1.0)",1,99.2440645773979,6066
"(0.9811403508771928, 0.996078431372549)",2,99.24405142758869,6068
"(0.9023809523809524, 1.0)",1,99.24403410487002,6069
"(0.9194577352472088, 1.0)",1,99.24397370237187,6070
"(0.9808278867102396, 0.996078431372549)",1,99.24383601978808,6071
"(0.9602089783281734, 0.996078431372549)",1,99.24377711469825,6072
"(0.8415692007797271, 1.0)",1,99.24373547083712,6073
"(0.9023569023569024, 1.0)",1,99.24355923478733,6074
"(0.9886710239651416, 0.996078431372549)",1,99.24294019362148,6075
"(0.896551724137931, 1.0)",4,99.24292853573212,6079
"(0.9882352941176472, 0.992156862745098)",1,99.24271958491,6080
"(0.9696969696969696, 1.0)",1,99.24269186308166,6081
"(0.9224211423699916, 1.0)",1,99.24262316257207,6082
"(1.0, 1.0)",1,99.2424369003317,6083
"(0.9135802469135802, 1.0)",1,99.24243257106002,6084
"(0.8571428571428572, 0.986574074074074)",1,99.24228591316796,6085
"(1.0, 1.0)",1,99.2419729695592,6086
"(0.9444444444444444, 1.0)",1,99.24196490573304,6087
"(1.0, 1.0)",1,99.2418166628693,6088
"(0.7167919799498746, 1.0)",1,99.24180079829202,6089
"(0.9135802469135802, 1.0)",1,99.24170675554352,6090
"(0.9847494553376906, 0.996078431372549)",2,99.24153352409554,6092
"(0.9248366013071896, 1.0)",1,99.2415032679739,6093
"(0.984967320261438, 0.996078431372549)",1,99.24110525496752,6094
"(0.8803174603174604, 0.9841269841269842)",1,99.24108385441724,6095
"(0.8616898148148148, 1.0)",2,99.24107649818755,6097
"(0.9882352941176472, 0.996078431372549)",1,99.24099722345088,6098
"(0.8345959595959597, 1.0)",1,99.2409709991654,6099
"(0.9881481481481482, 0.996078431372549)",1,99.2409545104593,6100
"(0.9444444444444444, 1.0)",1,99.2409010742344,6101
"(1.0, 1.0)",2,99.2404475887852,6103
"(0.9542592592592593, 0.996078431372549)",1,99.24031037561237,6104
"(0.9841269841269842, 1.0)",1,99.24026008881084,6105
"(0.992156862745098, 0.996078431372549)",1,99.24019245975924,6106
"(0.9667927989909412, 0.996078431372549)",2,99.23983312005916,6108
"(0.7200000000000001, 1.0)",4,99.23974012993504,6112
"(0.896551724137931, 1.0)",1,99.23971012519108,6113
"(0.9047619047619048, 1.0)",1,99.23970362338484,6114
"(0.9886710239651416, 0.996078431372549)",2,99.23966273379293,6116
"(0.896551724137931, 1.0)",2,99.2393049486116,6118
"(0.8266666666666667, 1.0)",1,99.23911224577893,6119
"(0.9691305469556244, 0.996078431372549)",1,99.23903107441824,6120
"(0.992156862745098, 0.996078431372549)",2,99.238943961955,6122
"(0.9803921568627452, 0.996078431372549)",2,99.23883078116268,6124
"(0.9444444444444444, 1.0)",4,99.23880563880564,6128
"(0.5640273704789834, 1.0)",1,99.2385562486692,6129
"(0.9444444444444444, 1.0)",1,99.23851421159274,6130
"(0.9788235294117646, 0.996078431372549)",2,99.23833020963691,6132
"(1.0, 1.0)",1,99.23809523809538,6133
"(0.9224211423699916, 1.0)",1,99.23798277372116,6134
"(0.8991666666666667, 1.0)",1,99.23797327915749,6135
"(0.896551724137931, 1.0)",2,99.23795351231392,6137
"(0.808641975308642, 1.0)",1,99.23795174512188,6138
"(0.9565217391304348, 1.0)",1,99.23776012036882,6139
"(0.9651330532212884, 0.996078431372549)",1,99.2377167592184,6140
"(0.9727743378052977, 0.996078431372549)",1,99.2376140959818,6141
"(1.0, 1.0)",2,99.23759546947952,6143
"(1.0, 1.0)",1,99.23737373737372,6144
"(0.896551724137931, 1.0)",1,99.23730576769084,6145
"(0.976851851851852, 0.996078431372549)",2,99.23723168214656,6147
"(0.9023569023569024, 1.0)",1,99.23720278473787,6148
"(0.8817204301075269, 1.0)",2,99.23713718173794,6150
"(0.9879901960784314, 0.996078431372549)",1,99.23700227315412,6151
"(0.8817204301075269, 1.0)",1,99.23682383648136,6152
"(0.9688764394646748, 0.996078431372549)",1,99.23667013699544,6153
"(0.9023569023569024, 1.0)",1,99.23651595318262,6154
"(1.0, 1.0)",1,99.2364254935956,6155
"(0.7555555555555554, 1.0)",2,99.23589777081156,6157
"(0.9224211423699916, 1.0)",1,99.2357954873233,6158
"(0.8666666666666667, 1.0)",1,99.23541330155494,6159
"(0.9696969696969696, 1.0)",1,99.2353231563758,6160
"(0.9841269841269842, 1.0)",2,99.23500687055676,6162
"(0.9135802469135802, 1.0)",1,99.2349695279066,6163
"(0.875, 1.0)",4,99.23486504102448,6167
"(0.9803376906318084, 1.0)",1,99.23483606893058,6168
"(0.9224211423699916, 1.0)",1,99.23469501986126,6169
"(0.8170426065162907, 1.0)",1,99.2346592978172,6170
"(0.9754901960784312, 0.996078431372549)",2,99.23465766689466,6172
"(0.9444444444444444, 1.0)",1,99.23449836402357,6173
"(0.9882352941176472, 0.996078431372549)",1,99.23436825672906,6174
"(0.9738562091503268, 0.996078431372549)",1,99.2343300653596,6175
"(1.0, 1.0)",1,99.2342995169082,6176
"(0.7708333333333334, 1.0)",1,99.23406862745098,6177
"(0.875593542260209, 1.0)",1,99.233918386066,6178
"(0.683375104427736, 1.0)",1,99.23356574924752,6179
"(0.9333333333333332, 1.0)",1,99.2334497493918,6180
"(0.9698658410732716, 0.996078431372549)",1,99.2334264079003,6181
"(0.9886710239651416, 0.996078431372549)",2,99.23340696868635,6183
"(0.9213117283950616, 1.0)",1,99.23321671077284,6184
"(0.9230769230769232, 1.0)",1,99.23313897379496,6185
"(0.9172932330827066, 1.0)",1,99.23301559144504,6186
"(0.8817204301075269, 1.0)",1,99.23276568743462,6187
"(0.8642623716153127, 1.0)",1,99.23257397854346,6188
"(0.8731060606060606, 1.0)",1,99.23211330966257,6189
"(0.9224211423699916, 1.0)",1,99.23208605087169,6190
"(0.9841269841269842, 1.0)",2,99.23169482846902,6192
"(0.9759803921568628, 0.996078431372549)",1,99.23155200091752,6193
"(1.0, 1.0)",1,99.2315274351888,6194
"(0.8627450980392157, 1.0)",2,99.23152124942408,6196
"(0.909722222222222, 1.0)",2,99.23144318384088,6198
"(0.9813854489164088, 0.996078431372549)",1,99.2314135420251,6199
"(0.9224211423699916, 1.0)",1,99.2313975524334,6200
"(0.9047619047619048, 1.0)",1,99.2310755783795,6201
"(1.0, 1.0)",2,99.23099415204678,6203
"(1.0, 1.0)",1,99.23072680184124,6204
"(0.9444444444444444, 1.0)",1,99.2305500504989,6205
"(1.0, 1.0)",1,99.2302993873822,6206
"(0.9696969696969696, 1.0)",1,99.23021519543258,6207
"(0.9507101086048454, 1.0)",1,99.23016261419428,6208
"(0.9803921568627452, 0.996078431372549)",1,99.23014289958422,6209
"(0.8897707231040564, 1.0)",1,99.2301214634548,6210
"(0.984504357298475, 0.996078431372549)",2,99.2299767801858,6212
"(0.9230769230769232, 1.0)",1,99.22997434016924,6213
"(0.9674603174603176, 1.0)",1,99.22983939212988,6214
"(0.9351258309591644, 1.0)",1,99.2298301664526,6215
"(0.9135802469135802, 1.0)",1,99.22965598404195,6216
"(0.9886710239651416, 0.996078431372549)",1,99.2295613121544,6217
"(0.7982954545454546, 1.0)",1,99.2294792133154,6218
"(0.9333333333333332, 1.0)",1,99.22942612942616,6219
"(0.9444444444444444, 1.0)",1,99.22918627266452,6220
"(0.9881481481481482, 0.996078431372549)",1,99.2288560446848,6221
"(0.9135802469135802, 1.0)",1,99.22879092995036,6222
"(0.8350168350168351, 1.0)",1,99.22878822878825,6223
"(0.9803921568627452, 0.996078431372549)",1,99.228616274631,6224
"(0.8888888888888888, 1.0)",1,99.22857405956984,6225
"(0.9243650793650792, 1.0)",4,99.2283505055063,6229
"(0.9135802469135802, 1.0)",1,99.22821102676176,6230
"(0.8977777777777779, 1.0)",1,99.22812968865708,6231
"(0.9803921568627452, 0.996078431372549)",1,99.22781946696816,6232
"(0.9841269841269842, 1.0)",1,99.22781385281384,6233
"(0.978144708175668, 0.996078431372549)",1,99.22777892443526,6234
"(0.9565217391304348, 1.0)",1,99.22769501030376,6235
"(0.9047619047619048, 1.0)",1,99.22727655486275,6236
"(0.9194577352472088, 1.0)",1,99.22706137043708,6237
"(0.9135802469135802, 1.0)",4,99.22671156004488,6241
"(0.992156862745098, 0.996078431372549)",1,99.22670519435866,6242
"(0.8571428571428572, 1.0)",1,99.22632338421812,6243
"(0.8376068376068376, 1.0)",1,99.2261010345688,6244
"(0.8817204301075269, 1.0)",3,99.22595202036246,6247
"(0.8904991948470209, 1.0)",2,99.22578602853204,6249
"(0.8616898148148148, 1.0)",1,99.2257326942604,6250
"(0.8888888888888888, 1.0)",1,99.22570226620572,6251
"(0.9444444444444444, 1.0)",2,99.22561798105276,6253
"(0.9023569023569024, 1.0)",1,99.22559496609844,6254
"(0.9674603174603176, 1.0)",1,99.22557150451888,6255
"(0.740829346092504, 1.0)",1,99.22543411330597,6256
"(0.9023569023569024, 1.0)",1,99.22540704909126,6257
"(0.808641975308642, 1.0)",1,99.22530680453715,6258
"(0.8571428571428572, 1.0)",1,99.22515112515111,6259
"(0.8731060606060606, 1.0)",1,99.22503946050922,6260
"(0.875, 1.0)",1,99.22485699154495,6261
"(0.9665319865319866, 0.996078431372549)",2,99.22466019459137,6263
"(0.9230769230769232, 1.0)",1,99.22458893763242,6264
"(0.865079365079365, 1.0)",1,99.22443820615864,6265
"(0.8977777777777779, 1.0)",1,99.22443383776717,6266
"(0.984504357298475, 0.996078431372549)",1,99.22427330581355,6267
"(0.9047619047619048, 1.0)",1,99.224158416962,6268
"(0.9841269841269842, 1.0)",1,99.22414622414622,6269
"(0.9841269841269842, 1.0)",1,99.22413622413625,6270
"(0.9803376906318084, 0.9925925925925926)",1,99.22413254301034,6271
"(0.9135802469135802, 1.0)",1,99.22393921643771,6272
"(0.9135802469135802, 1.0)",2,99.22362303064055,6274
"(0.896551724137931, 1.0)",1,99.22339155097777,6275
"(0.9841269841269842, 1.0)",1,99.223283252695,6276
"(0.9444444444444444, 1.0)",1,99.22326519710198,6277
"(0.9919117647058824, 0.996078431372549)",1,99.2231761219617,6278
"(0.9841269841269842, 1.0)",1,99.22309220570092,6279
"(0.9333333333333332, 1.0)",1,99.22304673665124,6280
"(0.9230769230769232, 1.0)",1,99.22293262293265,6281
"(0.9738562091503268, 0.996078431372549)",1,99.2228996101366,6282
"(0.9697786951037723, 0.996078431372549)",1,99.22267709242948,6283
"(0.9047619047619048, 1.0)",2,99.22221279084025,6285
"(0.9674603174603176, 1.0)",1,99.2220560533735,6286
"(0.9444444444444444, 1.0)",1,99.22203783223274,6287
"(0.9230769230769232, 1.0)",2,99.22188922188924,6289
"(0.9568181818181818, 0.996078431372549)",1,99.22164928065862,6290
"(0.8527777777777779, 1.0)",1,99.2215896295416,6291
"(0.8817204301075269, 1.0)",1,99.22158014380403,6292
"(0.992156862745098, 0.996078431372549)",2,99.22114559986234,6294
"(0.8053221288515406, 1.0)",1,99.22105464195248,6295
"(0.9444444444444444, 1.0)",1,99.2207932164454,6296
"(0.9847494553376906, 0.996078431372549)",1,99.22054112554116,6297
"(0.9224211423699916, 1.0)",1,99.22052245626078,6298
"(0.896551724137931, 1.0)",1,99.2204168755893,6299
"(0.9879901960784314, 0.996078431372549)",1,99.22035904240242,6300
"(0.919047619047619, 1.0)",1,99.22034632034632,6301
"(0.6738095238095239, 1.0)",1,99.21943338664585,6302
"(0.9666666666666668, 1.0)",1,99.21940687268906,6303
"(0.9886710239651416, 0.996078431372549)",2,99.2193349294068,6305
"(0.9224211423699916, 1.0)",1,99.21931903781862,6306
"(0.875, 1.0)",1,99.21906624602704,6307
"(0.9333333333333332, 1.0)",1,99.21891935225273,6308
"(0.992156862745098, 0.996078431372549)",1,99.21877106983152,6309
"(0.980582788671024, 0.996078431372549)",2,99.2187320015727,6311
"(0.9224211423699916, 1.0)",1,99.21855483959068,6312
"(0.9333333333333332, 1.0)",1,99.2184872589907,6313
"(0.9047619047619048, 1.0)",1,99.21768009768016,6314
"(0.9224211423699916, 1.0)",1,99.21764384126588,6315
"(0.683375104427736, 1.0)",1,99.21755145439356,6316
"(0.962458433665864, 0.996078431372549)",2,99.21710075843215,6318
"(1.0, 1.0)",1,99.2169893181464,6319
"(0.9047619047619048, 1.0)",2,99.216910096293,6321
"(0.984967320261438, 0.996078431372549)",2,99.21686323652276,6323
"(0.9230769230769232, 1.0)",4,99.2167991096027,6327
"(0.984313725490196, 0.996078431372549)",1,99.21641031909364,6328
"(0.9662707390648568, 0.996078431372549)",1,99.21616967021907,6329
"(0.865079365079365, 1.0)",1,99.21560817978477,6330
"(0.9172932330827066, 1.0)",2,99.21537176274018,6332
"(0.9444444444444444, 1.0)",1,99.2153118486452,6333
"(0.9803376906318084, 0.996078431372549)",1,99.21524508815423,6334
"(1.0, 1.0)",1,99.21505376344086,6335
"(0.9763834422657952, 0.996078431372549)",2,99.2149113633004,6337
"(0.9665319865319866, 0.996078431372549)",2,99.21474950745863,6339
"(0.978144708175668, 0.996078431372549)",1,99.21467872125672,6340
"(0.7167919799498746, 1.0)",1,99.21449921099044,6341
"(0.9194577352472088, 1.0)",1,99.2144004793128,6342
"(0.9542023172905526, 0.992156862745098)",1,99.2143960130572,6343
"(0.9, 1.0)",1,99.21427896340175,6344
"(0.9135802469135802, 1.0)",1,99.21401035893788,6345
"(0.9206349206349206, 1.0)",1,99.21377438986136,6346
"(1.0, 1.0)",3,99.21373836891078,6349
"(0.8402777777777779, 1.0)",1,99.213614317781,6350
"(0.9847494553376906, 0.996078431372549)",1,99.21351593853936,6351
"(1.0, 1.0)",1,99.21345076492136,6352
"(0.896551724137931, 1.0)",1,99.21325550785626,6353
"(0.7410714285714286, 1.0)",1,99.2131257917352,6354
"(0.9047619047619048, 1.0)",1,99.21282892673052,6355
"(0.9565217391304348, 1.0)",1,99.21279602040474,6356
"(0.8686868686868687, 1.0)",2,99.21259208627627,6358
"(0.9707143676183924, 0.996078431372549)",1,99.21255769010274,6359
"(0.8627450980392157, 1.0)",1,99.21247363037646,6360
"(0.8317460317460318, 1.0)",1,99.21245636084348,6361
"(0.904126984126984, 1.0)",1,99.21230769230768,6362
"(0.9881481481481482, 0.996078431372549)",1,99.21198078466648,6363
"(0.8425925925925927, 1.0)",1,99.21186717765669,6364
"(0.9886710239651416, 0.996078431372549)",1,99.21158210067672,6365
"(0.9704892057833234, 0.996078431372549)",2,99.211312148464,6367
"(0.9738562091503268, 0.996078431372549)",1,99.21123940644851,6368
"(0.9333333333333332, 1.0)",1,99.21117186906662,6369
"(0.9827450980392156, 0.996078431372549)",1,99.21099544581952,6370
"(0.9230769230769232, 1.0)",4,99.21095953854577,6374
"(0.8376068376068376, 1.0)",1,99.21085379633476,6375
"(0.932852564102564, 1.0)",1,99.21084648856085,6376
"(0.9047619047619048, 1.0)",1,99.21081221798232,6377
"(0.9841269841269842, 1.0)",2,99.21056573919776,6379
"(0.8547544409613373, 1.0)",1,99.21054840545098,6380
"(0.977218782249742, 0.996078431372549)",2,99.2104041526643,6382
"(0.9807902108211708, 0.996078431372549)",1,99.21022381872235,6383
"(0.8977777777777779, 1.0)",1,99.21012485099442,6384
"(0.9333333333333332, 1.0)",1,99.21004426598633,6385
"(0.8201193520886615, 1.0)",1,99.20958807255325,6386
"(0.984504357298475, 0.996078431372549)",1,99.20950149065476,6387
"(1.0, 1.0)",1,99.20946305156832,6388
"(0.9803921568627452, 0.996078431372549)",1,99.20943708882572,6389
"(0.9333333333333332, 1.0)",1,99.2093665528948,6390
"(0.9696969696969696, 1.0)",2,99.20931095533427,6392
"(0.75, 1.0)",1,99.20925389975731,6393
"(0.9135802469135802, 1.0)",1,99.20910019155636,6394
"(0.9696969696969696, 1.0)",2,99.2089466089466,6396
"(0.8627450980392157, 1.0)",1,99.20884153034255,6397
"(0.8817204301075269, 1.0)",1,99.20871525965993,6398
"(0.8867623604465709, 0.9841269841269842)",1,99.20862928071172,6399
"(0.9444444444444444, 1.0)",2,99.20851370851368,6401
"(1.0, 1.0)",1,99.20846855774391,6402
"(0.875, 1.0)",1,99.20825066521998,6403
"(0.9882352941176472, 0.996078431372549)",2,99.20819918070694,6405
"(0.875, 1.0)",1,99.20819166418744,6406
"(0.996078431372549, 0.996078431372549)",1,99.20790784149918,6407
"(0.8498168498168499, 0.9841269841269842)",1,99.20784154117494,6408
"(0.8547544409613373, 1.0)",1,99.20781297662856,6409
"(0.9696969696969696, 1.0)",2,99.20764790764792,6411
"(0.8897707231040564, 1.0)",1,99.20736632529363,6412
"(0.9807902108211706, 0.996078431372549)",2,99.20731842215665,6414
"(0.9841269841269842, 1.0)",4,99.20726310726312,6418
"(0.9794117647058824, 1.0)",1,99.20724678063452,6419
"(0.8373015873015873, 1.0)",2,99.207244120402,6421
"(0.8888888888888888, 1.0)",1,99.20698336978698,6422
"(0.9811403508771928, 0.996078431372549)",1,99.20696145667203,6423
"(0.9886710239651416, 0.996078431372549)",2,99.20690226739076,6425
"(0.896551724137931, 1.0)",1,99.20682337348887,6426
"(0.8253968253968256, 1.0)",1,99.20647468473555,6427
"(0.9047619047619048, 1.0)",1,99.20644230321648,6428
"(0.7167919799498746, 1.0)",1,99.20624310363682,6429
"(0.8151260504201681, 1.0)",1,99.20610759497816,6430
"(0.9047619047619048, 1.0)",2,99.20605181043776,6432
"(0.875, 1.0)",2,99.20591829107008,6434
"(0.8, 1.0)",1,99.2057488937604,6435
"(0.9444444444444444, 1.0)",1,99.20540631560124,6436
"(0.9224211423699916, 1.0)",1,99.2052769423883,6437
"(0.896551724137931, 1.0)",2,99.2052080568797,6439
"(0.896551724137931, 1.0)",1,99.20505868176772,6440
"(0.9445350241545892, 1.0)",1,99.2047058707622,6441
"(0.9841269841269842, 1.0)",1,99.20452976974715,6442
"(0.9807902108211708, 0.996078431372549)",1,99.20447859845702,6443
"(0.9230769230769232, 1.0)",1,99.20440334519284,6444
"(1.0, 1.0)",1,99.20428926950667,6445
"(1.0, 1.0)",1,99.20410145410143,6446
"(0.9135802469135802, 1.0)",2,99.20410070337608,6448
"(0.992156862745098, 0.996078431372549)",1,99.2039305723817,6449
"(0.977218782249742, 1.0)",1,99.20377957296694,6450
"(0.8817204301075269, 1.0)",1,99.20369671469253,6451
"(0.896551724137931, 1.0)",1,99.20368318916417,6452
"(0.996078431372549, 0.996078431372549)",2,99.20357257522907,6454
"(0.8883205456095482, 0.9841269841269842)",1,99.20342814332592,6455
"(0.9565217391304348, 1.0)",1,99.2032897836796,6456
"(1.0, 1.0)",1,99.2032682032682,6457
"(0.9104993386243384, 1.0)",1,99.2030827649489,6458
"(0.9802054154995332, 1.0)",1,99.20288404835618,6459
"(0.9879901960784314, 0.996078431372549)",1,99.20276201123734,6460
"(0.9696969696969696, 1.0)",1,99.2027417027417,6461
"(0.992156862745098, 0.996078431372549)",1,99.2027246629648,6462
"(0.896551724137931, 1.0)",1,99.20249889368958,6463
"(0.9766612200435728, 1.0)",1,99.20242955502252,6464
"(0.9696969696969696, 1.0)",1,99.20242583503452,6465
"(0.9047619047619048, 1.0)",1,99.20240608178898,6466
"(0.9224211423699916, 1.0)",1,99.20195315719612,6467
"(0.7708333333333334, 1.0)",1,99.2017892497702,6468
"(0.9135802469135802, 1.0)",1,99.20173653506988,6469
"(0.8977777777777779, 0.9841269841269842)",1,99.20168991502334,6470
"(0.9565217391304348, 1.0)",1,99.2015313646435,6471
"(0.9248366013071896, 1.0)",1,99.20152590816892,6472
"(0.9213117283950616, 0.986574074074074)",1,99.20132961261656,6473
"(0.904126984126984, 1.0)",1,99.20119525402134,6474
"(0.875, 1.0)",1,99.20116798406274,6475
"(0.9764161220043572, 0.996078431372549)",1,99.20099574173103,6476
"(0.984504357298475, 0.996078431372549)",2,99.20099230920444,6478
"(1.0, 1.0)",1,99.20090205017742,6479
"(0.8977777777777779, 1.0)",1,99.20080808080807,6480
"(0.9916666666666668, 0.996078431372549)",2,99.20077788425316,6482
"(0.8832772166105499, 1.0)",4,99.20073753407088,6486
"(0.9766612200435728, 1.0)",1,99.20062490313263,6487
"(0.9847494553376906, 0.996078431372549)",1,99.20045178661356,6488
"(0.9333333333333332, 1.0)",1,99.20035228134807,6489
"(1.0, 1.0)",2,99.200286000286,6491
"(0.8527777777777779, 1.0)",2,99.20020018108256,6493
"(0.9, 1.0)",1,99.2001515985498,6494
"(0.8468980343980343, 0.986574074074074)",1,99.2001119310678,6495
"(1.0, 1.0)",1,99.19972394755004,6496
"(0.8468468468468467, 1.0)",1,99.19952484906904,6497
"(0.7167919799498746, 1.0)",1,99.19942786258576,6498
"(0.978144708175668, 0.996078431372549)",2,99.19942543992896,6500
"(0.9565217391304348, 1.0)",1,99.19942178203048,6501
"(1.0, 1.0)",2,99.19935711441089,6503
"(0.9047619047619048, 1.0)",1,99.199306236606,6504
"(0.9230769230769232, 1.0)",1,99.19929981924868,6505
"(0.9444444444444444, 1.0)",1,99.19919211223558,6506
"(0.9674603174603176, 1.0)",1,99.19915542918554,6507
"(0.9172932330827066, 1.0)",1,99.19883884796177,6508
"(0.7625830959164293, 1.0)",1,99.1988238821572,6509
"(0.8518518518518519, 1.0)",1,99.19863283593264,6510
"(0.9230769230769232, 1.0)",1,99.1982741387776,6511
"(0.9696969696969696, 1.0)",1,99.19800163604512,6512
"(0.9333333333333332, 1.0)",1,99.1978604728605,6513
"(0.8686868686868687, 1.0)",2,99.1978515311849,6515
"(0.976661220043573, 0.996078431372549)",1,99.19772339345108,6516
"(0.9651330532212884, 1.0)",1,99.19771973926782,6517
"(0.8817204301075269, 1.0)",2,99.19771145493796,6519
"(0.8867623604465709, 0.9841269841269842)",1,99.19767415396711,6520
"(0.9087026014109348, 1.0)",1,99.1976541924324,6521
"(0.9579248366013072, 0.996078431372549)",1,99.19756793945656,6522
"(0.9047619047619048, 1.0)",1,99.19744773555516,6523
"(0.8888888888888888, 1.0)",1,99.19735917755408,6524
"(1.0, 0.996078431372549)",1,99.19690849210276,6525
"(0.9565217391304348, 1.0)",1,99.19688186209925,6526
"(0.8817204301075269, 1.0)",1,99.196866001546,6527
"(0.8864468864468864, 1.0)",1,99.19639063991887,6528
"(0.8977777777777779, 1.0)",1,99.19638365691104,6529
"(0.9697786951037723, 0.996078431372549)",1,99.19605135461948,6530
"(0.9230769230769232, 1.0)",2,99.1960275569471,6532
"(0.9444444444444444, 1.0)",1,99.19602099457173,6533
"(0.977218782249742, 0.996078431372549)",1,99.19584681285932,6534
"(0.8864468864468864, 1.0)",1,99.19567211477,6535
"(0.9800599128540306, 0.996078431372549)",2,99.19556917111116,6537
"(0.9803050108932462, 0.996078431372549)",1,99.19535047090994,6538
"(0.9047619047619048, 1.0)",2,99.19527561034045,6540
"(0.9803376906318084, 0.996078431372549)",2,99.19507451296715,6542
"(0.9224211423699916, 1.0)",1,99.19501248017872,6543
"(0.9565217391304348, 1.0)",1,99.19496204278812,6544
"(0.9662707390648568, 0.996078431372549)",2,99.19486486219598,6546
"(0.8671328671328671, 0.9841269841269842)",1,99.1947987600162,6547
"(0.9047619047619048, 1.0)",1,99.19457646345518,6548
"(0.9803376906318084, 0.996078431372549)",1,99.194538987844,6549
"(0.8731060606060606, 1.0)",1,99.19439356682412,6550
"(0.9855521155830752, 0.996078431372549)",2,99.19416367716678,6552
"(0.735042735042735, 1.0)",1,99.1939933475698,6553
"(0.8991666666666667, 1.0)",2,99.19396162507718,6555
"(0.9248366013071896, 1.0)",1,99.19388422035486,6556
"(0.9750257997936016, 0.996078431372549)",1,99.1934791487036,6557
"(0.8425925925925927, 1.0)",1,99.19324194324204,6558
"(0.9813854489164088, 0.996078431372549)",1,99.19286349042558,6559
"(0.9827450980392156, 0.996078431372549)",1,99.19226456664556,6560
"(0.980582788671024, 0.996078431372549)",1,99.192159077879,6561
"(0.9696969696969696, 1.0)",1,99.19199493801828,6562
"(0.9855521155830752, 0.996078431372549)",1,99.19186023213122,6563
"(0.9023569023569024, 1.0)",1,99.1916722510376,6564
"(0.9841269841269842, 1.0)",1,99.19136086813432,6565
"(0.9023569023569024, 1.0)",1,99.19132258255068,6566
"(1.0, 1.0)",2,99.19128713967424,6568
"(0.9811403508771928, 0.996078431372549)",2,99.19106291410544,6570
"(0.996078431372549, 0.996078431372549)",1,99.19054122233696,6571
"(0.8616898148148148, 1.0)",1,99.19052891764493,6572
"(0.9047619047619048, 1.0)",1,99.19032878710298,6573
"(1.0, 1.0)",1,99.18973498648296,6574
"(0.7765567765567766, 1.0)",1,99.1892551892552,6575
"(1.0, 1.0)",1,99.18922237183106,6576
"(0.9047619047619048, 1.0)",2,99.18911242430732,6578
"(0.9738562091503268, 0.996078431372549)",2,99.1890197111784,6580
"(0.896551724137931, 1.0)",1,99.188993099188,6581
"(0.7410714285714286, 1.0)",1,99.18894575511555,6582
"(0.9785784313725492, 0.996078431372549)",1,99.18844024780422,6583
"(0.9135802469135802, 1.0)",2,99.18841189674524,6585
"(0.8817204301075269, 1.0)",1,99.18837507726565,6586
"(0.9886710239651416, 0.996078431372549)",1,99.18779092023696,6587
"(0.9674603174603176, 1.0)",1,99.18751530273272,6588
"(0.9047619047619048, 1.0)",1,99.18745859973684,6589
"(0.8425925925925927, 1.0)",1,99.1873924840592,6590
"(0.8675136116152449, 1.0)",1,99.1865894632998,6591
"(0.996078431372549, 0.996078431372549)",1,99.18642603240134,6592
"(0.8888888888888888, 1.0)",1,99.1864202654644,6593
"(0.8817204301075269, 1.0)",1,99.18606323705905,6594
"(0.740829346092504, 1.0)",1,99.18557210333526,6595
"(0.9224211423699916, 0.9841269841269842)",1,99.18551638046527,6596
"(0.984313725490196, 0.996078431372549)",2,99.18544379740224,6598
"(0.9444444444444444, 1.0)",1,99.18542568542568,6599
"(0.8612121212121212, 1.0)",1,99.18532382821856,6600
"(0.9565217391304348, 1.0)",2,99.18522803646418,6602
"(0.9507101086048454, 0.9841269841269842)",1,99.18517780140596,6603
"(0.9841269841269842, 1.0)",4,99.1849816849817,6607
"(0.8686868686868687, 1.0)",1,99.18456251555835,6608
"(0.8731060606060606, 1.0)",1,99.1840927481726,6609
"(0.8817204301075269, 1.0)",1,99.18407889036072,6610
"(0.9565217391304348, 1.0)",1,99.1840623144971,6611
"(0.9333333333333332, 1.0)",1,99.183850931677,6612
"(0.978144708175668, 0.996078431372549)",1,99.18378418181544,6613
"(0.9803921568627452, 0.996078431372549)",1,99.18371929655108,6614
"(0.9620227038183696, 0.996078431372549)",2,99.18367073730089,6616
"(0.9104993386243384, 1.0)",1,99.183548516231,6617
"(0.8803174603174604, 1.0)",1,99.18334776334784,6618
"(0.9224211423699916, 0.9841269841269842)",1,99.18288290283182,6619
"(0.9777089783281734, 1.0)",1,99.1827096663228,6620
"(0.8791208791208792, 1.0)",1,99.1826180355592,6621
"(0.8571428571428572, 1.0)",1,99.18259031416927,6622
"(0.5, 1.0)",1,99.18253968253973,6623
"(0.8888888888888888, 1.0)",1,99.18240906602976,6624
"(0.875, 1.0)",1,99.18240113348816,6625
"(0.9662707390648568, 0.996078431372549)",1,99.18239425234786,6626
"(0.9696969696969696, 1.0)",2,99.1823337057208,6628
"(0.875, 1.0)",1,99.18174737752082,6629
"(0.8864468864468864, 1.0)",1,99.18174603174609,6630
"(0.8817204301075269, 0.9841269841269842)",1,99.18173646345696,6631
"(0.9855521155830752, 0.996078431372549)",1,99.181153250774,6632
"(0.75, 1.0)",1,99.180855351545,6633
"(0.8832772166105499, 1.0)",1,99.18079947754744,6634
"(0.996078431372549, 0.996078431372549)",2,99.18052222058418,6636
"(0.984313725490196, 0.996078431372549)",1,99.18051140725665,6637
"(0.751918158567775, 1.0)",1,99.18020098685066,6638
"(1.0, 1.0)",1,99.1801801801802,6639
"(0.9224211423699916, 1.0)",1,99.18014572067048,6640
"(0.9333333333333332, 1.0)",1,99.1800904076766,6641
"(0.8616898148148148, 1.0)",1,99.17992570904217,6642
"(1.0, 1.0)",1,99.17970982737228,6643
"(0.9886710239651416, 0.996078431372549)",1,99.17968299015514,6644
"(0.9047619047619048, 1.0)",1,99.17965425589604,6645
"(0.9660130718954248, 0.996078431372549)",1,99.17954105033824,6646
"(0.9047619047619048, 1.0)",1,99.17921455938698,6647
"(0.875, 1.0)",1,99.17913940765266,6648
"(0.978144708175668, 0.996078431372549)",1,99.1788903631629,6649
"(0.8425925925925927, 0.9841269841269842)",1,99.1784794110882,6650
"(0.9047619047619048, 1.0)",1,99.1783624476534,6651
"(0.8498168498168499, 0.9841269841269842)",1,99.17835271080163,6652
"(0.9135802469135802, 1.0)",1,99.17824355208036,6653
"(0.9916666666666668, 0.996078431372549)",1,99.17784371058364,6654
"(0.9816305469556244, 0.996078431372549)",1,99.17775111799102,6655
"(0.9333333333333332, 1.0)",1,99.17765879344827,6656
"(1.0, 1.0)",1,99.17759747577192,6657
"(0.8518518518518519, 1.0)",1,99.1775937428112,6658
"(0.9808278867102396, 0.996078431372549)",2,99.17743299152126,6660
"(0.9565217391304348, 1.0)",1,99.17739598593911,6661
"(0.8666666666666667, 1.0)",1,99.17731376726928,6662
"(0.8904991948470209, 1.0)",1,99.1771776828985,6663
"(0.9135802469135802, 1.0)",2,99.1770780756288,6665
"(0.8888888888888888, 1.0)",1,99.17688561807633,6666
"(0.8376068376068376, 1.0)",2,99.17677245554484,6668
"(0.9333333333333332, 1.0)",1,99.1767115600449,6669
"(0.896551724137931, 1.0)",1,99.17665433757392,6670
"(0.9230769230769232, 1.0)",1,99.17661817942178,6671
"(0.9886710239651416, 0.996078431372549)",1,99.17661179091525,6672
"(0.9565217391304348, 1.0)",2,99.17626796459749,6674
"(0.8518518518518519, 1.0)",2,99.1761946588034,6676
"(0.8888888888888888, 1.0)",1,99.17593045708988,6677
"(0.9894736842105264, 0.996078431372549)",1,99.17575313787242,6678
"(0.8817204301075269, 1.0)",1,99.17573232267016,6679
"(0.9135802469135802, 0.9841269841269842)",1,99.17572969167178,6680
"(0.875, 1.0)",1,99.17555934968216,6681
"(0.8271652864044169, 1.0)",1,99.1752774177532,6682
"(0.9224211423699916, 1.0)",1,99.17497391208524,6683
"(0.5, 1.0)",2,99.17494824016563,6685
"(0.9841269841269842, 1.0)",1,99.17486437916628,6686
"(0.8803174603174604, 1.0)",1,99.17485008818348,6687
"(0.984967320261438, 0.996078431372549)",1,99.17479937589071,6688
"(0.8468468468468467, 1.0)",1,99.17476892476896,6689
"(0.9172932330827066, 1.0)",2,99.174595317971,6691
"(0.9445350241545892, 1.0)",2,99.1745860255618,6693
"(0.9444444444444444, 1.0)",1,99.17448740968231,6694
"(0.9047619047619048, 1.0)",2,99.17445577122996,6696
"(0.8832772166105499, 1.0)",1,99.1742458575792,6697
"(0.7616334283000951, 0.9841269841269842)",1,99.17418754085428,6698
"(0.9333333333333332, 1.0)",1,99.17415638246888,6699
"(0.9886710239651416, 0.996078431372549)",1,99.1740425856682,6700
"(0.980582788671024, 0.996078431372549)",1,99.173776106934,6701
"(0.8350168350168351, 1.0)",2,99.17347352516116,6703
"(0.9333333333333332, 0.9841269841269842)",1,99.17318393736058,6704
"(0.8266666666666667, 1.0)",1,99.17298991557612,6705
"(0.9445350241545892, 1.0)",1,99.17298250040804,6706
"(0.9707143676183924, 0.996078431372549)",2,99.17296886005886,6708
"(0.8817204301075269, 1.0)",1,99.17282347910532,6709
"(0.9047619047619048, 1.0)",2,99.17268335529204,6711
"(0.8888888888888888, 1.0)",1,99.1720501720502,6712
"(0.9507101086048454, 1.0)",1,99.17203045492523,6713
"(0.9206349206349206, 0.9841269841269842)",2,99.17170720725711,6715
"(0.8791208791208792, 1.0)",1,99.17116411853254,6716
"(0.9224211423699916, 1.0)",1,99.17115531494092,6717
"(0.8518518518518519, 1.0)",1,99.1709559361734,6718
"(0.9841269841269842, 1.0)",2,99.17091177556294,6720
"(0.9194577352472088, 1.0)",1,99.17068188697482,6721
"(1.0, 1.0)",1,99.17058540587958,6722
"(0.7460317460317459, 1.0)",4,99.17054086040494,6726
"(0.8264567669172932, 1.0)",1,99.17030539233178,6727
"(0.8888888888888888, 1.0)",1,99.170017338107,6728
"(0.900854700854701, 1.0)",1,99.1699893975756,6729
"(0.9333333333333332, 0.9841269841269842)",2,99.16984126984136,6731
"(0.919047619047619, 1.0)",1,99.16962309720932,6732
"(0.9444444444444444, 1.0)",1,99.16958450046684,6733
"(0.9172932330827066, 1.0)",1,99.16952128205872,6734
"(0.8571428571428572, 1.0)",1,99.16941884280594,6735
"(0.9565217391304348, 1.0)",1,99.16935502059115,6736
"(0.9816305469556244, 0.996078431372549)",1,99.16934439857816,6737
"(0.8571428571428572, 1.0)",1,99.16928104575165,6738
"(1.0, 1.0)",1,99.16927426438306,6739
"(0.9023569023569024, 1.0)",1,99.16925938259274,6740
"(0.9674603174603176, 1.0)",1,99.16894129262552,6741
"(0.9766612200435728, 0.996078431372549)",2,99.16893663194828,6743
"(1.0, 1.0)",1,99.16881326558746,6744
"(0.9135802469135802, 0.9841269841269842)",1,99.16876365999178,6745
"(0.875, 1.0)",1,99.16868772207482,6746
"(0.9579248366013072, 0.996078431372549)",1,99.16863391080896,6747
"(0.7141994478951, 1.0)",1,99.16854522982707,6748
"(0.9769410044719642, 0.996078431372549)",1,99.16834680655896,6749
"(0.9023569023569024, 1.0)",1,99.16797441950224,6750
"(0.9813854489164088, 0.996078431372549)",2,99.16757688842526,6752
"(0.9224211423699916, 1.0)",1,99.1675616228046,6753
"(0.9742231395482168, 0.996078431372549)",1,99.16706179925971,6754
"(0.7555555555555554, 1.0)",1,99.16699057312869,6755
"(0.9230769230769232, 1.0)",1,99.16694416694416,6756
"(0.9916666666666668, 0.996078431372549)",1,99.16608932461878,6757
"(0.8796296296296295, 1.0)",1,99.16563233190236,6758
"(0.8880341880341881, 1.0)",1,99.1655721153322,6759
"(0.808641975308642, 1.0)",1,99.16536310076044,6760
"(0.9696969696969696, 0.9841269841269842)",1,99.16527332316814,6761
"(0.8731060606060606, 1.0)",1,99.16509000683786,6762
"(0.9827450980392156, 0.992156862745098)",1,99.16488417195698,6763
"(0.7996201329534663, 1.0)",1,99.16462734796067,6764
"(1.0, 1.0)",1,99.1645487129358,6765
"(0.8817204301075269, 1.0)",1,99.16443911048869,6766
"(0.8888888888888888, 1.0)",1,99.164370385423,6767
"(0.7167919799498746, 1.0)",1,99.16426610081108,6768
"(0.9565217391304348, 1.0)",1,99.16423056278128,6769
"(0.8170426065162907, 1.0)",2,99.16408167855536,6771
"(0.8350168350168351, 1.0)",1,99.16365239698573,6772
"(0.8686868686868687, 1.0)",1,99.16355866355866,6773
"(0.875, 1.0)",1,99.16351611979798,6774
"(0.75, 1.0)",1,99.16339202933406,6775
"(0.9445350241545892, 1.0)",1,99.16315266353504,6776
"(0.9444444444444444, 1.0)",4,99.1631057114928,6780
"(0.875, 1.0)",1,99.16302084530987,6781
"(1.0, 1.0)",1,99.16299126655078,6782
"(0.8415692007797271, 1.0)",1,99.1629011285095,6783
"(0.962458433665864, 0.996078431372549)",1,99.16286703224398,6784
"(0.9879901960784314, 0.996078431372549)",1,99.16161846609984,6785
"(0.9444444444444444, 1.0)",1,99.161574770259,6786
"(0.896551724137931, 1.0)",2,99.1612550099758,6788
"(0.8750600325600326, 1.0)",1,99.16061612020948,6789
"(0.9047619047619048, 1.0)",2,99.16043712385176,6791
"(0.8053221288515406, 1.0)",1,99.16038536626772,6792
"(0.9816305469556244, 0.996078431372549)",1,99.16027880157912,6793
"(0.9691219096334186, 0.996078431372549)",1,99.16024190306372,6794
"(0.9841269841269842, 1.0)",1,99.1601586648276,6795
"(0.896551724137931, 1.0)",1,99.1598120085328,6796
"(0.8109668109668109, 1.0)",2,99.15975030069234,6798
"(1.0, 1.0)",1,99.1594982078853,6799
"(0.8013468013468013, 1.0)",1,99.15933955530733,6800
"(0.8345959595959597, 1.0)",2,99.1593123789436,6802
"(0.8952020202020202, 1.0)",1,99.15929375377792,6803
"(0.919047619047619, 1.0)",1,99.15916569016149,6804
"(0.9886710239651416, 0.996078431372549)",1,99.1589785329336,6805
"(0.984504357298475, 1.0)",1,99.1588695781344,6806
"(0.976851851851852, 0.996078431372549)",1,99.15876191022215,6807
"(0.9886710239651416, 0.996078431372549)",1,99.15847288974076,6808
"(0.9602089783281734, 0.996078431372549)",2,99.15833886186068,6810
"(0.8952020202020202, 1.0)",1,99.15832371332372,6811
"(0.996078431372549, 1.0)",1,99.15819243327864,6812
"(0.8627450980392157, 1.0)",2,99.1580976476612,6814
"(0.875, 1.0)",1,99.1580878932828,6815
"(0.8864468864468864, 1.0)",1,99.15806941596418,6816
"(0.9333333333333332, 1.0)",1,99.1580086580087,6817
"(0.9605975723622784, 0.996078431372549)",1,99.15794868931096,6818
"(0.9230769230769232, 1.0)",1,99.15787173072812,6819
"(0.978144708175668, 0.996078431372549)",1,99.15776869771926,6820
"(0.980582788671024, 0.996078431372549)",1,99.1577675224337,6821
"(0.9841269841269842, 1.0)",1,99.15770866560348,6822
"(0.8686868686868687, 1.0)",1,99.15769978813458,6823
"(0.9565217391304348, 1.0)",1,99.1575174675374,6824
"(0.9882352941176472, 0.996078431372549)",2,99.15727716498635,6826
"(0.919047619047619, 1.0)",1,99.15704305067612,6827
"(0.980582788671024, 0.996078431372549)",1,99.15699461070994,6828
"(0.7708333333333334, 1.0)",1,99.1567460317461,6829
"(0.980582788671024, 0.996078431372549)",1,99.15639257813476,6830
"(0.8518518518518519, 1.0)",1,99.15623053883924,6831
"(1.0, 1.0)",1,99.15615785181002,6832
"(0.9172932330827066, 1.0)",1,99.1561008819327,6833
"(0.9882352941176472, 0.996078431372549)",1,99.15597956923122,6834
"(0.9444444444444444, 1.0)",1,99.15583444683529,6835
"(0.8888888888888888, 1.0)",2,99.15580929754036,6837
"(0.8817204301075269, 1.0)",1,99.15565020403731,6838
"(0.9879901960784314, 0.996078431372549)",2,99.1555494536996,6840
"(0.8888888888888888, 1.0)",1,99.15549783777512,6841
"(0.996078431372549, 0.996078431372549)",1,99.15532409455017,6842
"(0.8468468468468467, 1.0)",1,99.15523309573656,6843
"(0.9135802469135802, 1.0)",2,99.1551590787098,6845
"(0.9135802469135802, 1.0)",1,99.15508367102576,6846
"(0.8468980343980343, 1.0)",1,99.1550833573056,6847
"(1.0, 1.0)",1,99.15500639711166,6848
"(0.9803921568627452, 0.996078431372549)",1,99.15496336652691,6849
"(0.9047619047619048, 1.0)",2,99.15496139015627,6851
"(0.8627450980392157, 1.0)",1,99.1548085901027,6852
"(0.75, 1.0)",1,99.15475305877604,6853
"(0.8817204301075269, 1.0)",1,99.15411518511098,6854
"(0.9754901960784312, 0.996078431372549)",1,99.1541096204565,6855
"(0.9916666666666668, 0.996078431372549)",1,99.1537447376612,6856
"(0.5, 1.0)",1,99.15367965367967,6857
"(0.9886710239651416, 0.9925925925925926)",1,99.1535614362706,6858
"(0.9803921568627452, 0.996078431372549)",1,99.1534579316553,6859
"(0.9047619047619048, 1.0)",1,99.1532635937671,6860
"(0.8883205456095482, 1.0)",1,99.15321442203852,6861
"(0.8571428571428572, 1.0)",1,99.15293015474684,6862
"(0.9731377053745476, 0.996078431372549)",1,99.15291370384767,6863
"(0.9766612200435728, 0.996078431372549)",1,99.15290771864314,6864
"(0.9135802469135802, 1.0)",1,99.15271013912198,6865
"(0.9444444444444444, 1.0)",1,99.15223665223677,6866
"(0.9759803921568628, 0.996078431372549)",1,99.1521204563698,6867
"(0.9696969696969696, 1.0)",1,99.15193590263426,6868
"(0.9313762626262628, 1.0)",1,99.15177214916947,6869
"(0.8817204301075269, 1.0)",1,99.151449737904,6870
"(0.9444444444444444, 1.0)",1,99.1507874841208,6871
"(0.9224211423699916, 1.0)",1,99.15060777055665,6872
"(0.97718610251118, 0.996078431372549)",2,99.15042049568368,6874
"(0.9841269841269842, 1.0)",1,99.15018584369273,6875
"(0.8888888888888888, 1.0)",1,99.15009392393073,6876
"(0.7460317460317459, 1.0)",1,99.14990238519658,6877
"(0.8888888888888888, 1.0)",1,99.14978447478448,6878
"(0.9444444444444444, 1.0)",1,99.1497514830848,6879
"(0.896551724137931, 1.0)",1,99.14968403244268,6880
"(0.9609224859534458, 0.996078431372549)",2,99.149630759391,6882
"(0.875, 1.0)",1,99.14931613221088,6883
"(0.9386724386724388, 1.0)",4,99.14929514929514,6887
"(0.9135802469135802, 1.0)",1,99.14927112100264,6888
"(0.932852564102564, 1.0)",1,99.14915883372636,6889
"(0.9230769230769232, 1.0)",1,99.14915356248692,6890
"(0.9894736842105264, 0.992156862745098)",1,99.14911502738757,6891
"(0.865079365079365, 1.0)",1,99.14892170060207,6892
"(0.9855521155830752, 0.996078431372549)",2,99.14879486297448,6894
"(0.9803376906318084, 0.996078431372549)",1,99.1485428849903,6895
"(0.936026936026936, 1.0)",1,99.14849042530206,6896
"(1.0, 1.0)",1,99.14844093104968,6897
"(1.0, 1.0)",1,99.14815997252038,6898
"(0.909722222222222, 1.0)",1,99.14781746031748,6899
"(0.8109668109668109, 1.0)",1,99.14754066322246,6900
"(0.8991666666666667, 1.0)",1,99.1473877487326,6901
"(1.0, 1.0)",1,99.14672861014324,6902
"(0.996078431372549, 0.996078431372549)",1,99.14633143315804,6903
"(0.9047619047619048, 1.0)",1,99.1463015245624,6904
"(0.9620227038183696, 0.9916666666666668)",1,99.14606315666768,6905
"(0.9602089783281734, 0.996078431372549)",1,99.1459571759038,6906
"(0.9135802469135802, 1.0)",2,99.14587468286936,6908
"(0.9230769230769232, 1.0)",1,99.14573711517684,6909
"(0.992156862745098, 0.996078431372549)",1,99.14573263223411,6910
"(0.9333333333333332, 1.0)",1,99.1456553108727,6911
"(0.8888888888888888, 1.0)",1,99.1456342940214,6912
"(0.9704892057833234, 0.996078431372549)",1,99.14551912651916,6913
"(0.8888888888888888, 1.0)",1,99.1454885832697,6914
"(0.8977777777777779, 1.0)",2,99.1453062021178,6916
"(0.8468468468468467, 1.0)",1,99.14522064080889,6917
"(0.875, 1.0)",1,99.145096042331,6918
"(0.8527777777777779, 1.0)",1,99.1449028827832,6919
"(0.9696969696969696, 1.0)",1,99.1446898780232,6920
"(0.9135802469135802, 1.0)",1,99.14468630560584,6921
"(0.833064949006978, 1.0)",1,99.14426527120308,6922
"(0.896551724137931, 1.0)",1,99.14413080600607,6923
"(0.9444444444444444, 1.0)",1,99.14373897707232,6924
"(0.8571428571428572, 1.0)",1,99.14319230223124,6925
"(0.9047619047619048, 1.0)",1,99.14312540699348,6926
"(1.0, 0.9841269841269842)",1,99.14285714285732,6927
"(1.0, 1.0)",1,99.14277389277387,6928
"(0.9840686274509804, 0.996078431372549)",1,99.14239843890785,6929
"(0.8813492063492063, 1.0)",1,99.14203116779214,6930
"(0.9135802469135802, 1.0)",1,99.1419614766678,6931
"(0.9827450980392156, 0.996078431372549)",1,99.14189718577497,6932
"(0.8864468864468864, 1.0)",1,99.14177602732592,6933
"(0.8616898148148148, 1.0)",2,99.14151994993829,6935
"(0.8031953522149601, 1.0)",1,99.14144065567768,6936
"(0.896551724137931, 1.0)",2,99.14128744418102,6938
"(0.9768191721132896, 0.996078431372549)",1,99.14097501254624,6939
"(0.7611111111111112, 1.0)",1,99.14095682095682,6940
"(0.9696969696969696, 1.0)",2,99.14051426989715,6942
"(1.0, 1.0)",1,99.14030597089068,6943
"(0.9881481481481482, 0.996078431372549)",1,99.14030197471394,6944
"(0.9194577352472088, 1.0)",1,99.14008590499822,6945
"(0.9565217391304348, 1.0)",1,99.14008208928118,6946
"(0.9766612200435728, 0.996078431372549)",1,99.1399328721389,6947
"(0.9811403508771928, 0.996078431372549)",1,99.13988008494206,6948
"(0.875, 0.9841269841269842)",1,99.1398800474888,6949
"(0.9565217391304348, 1.0)",1,99.1398568842819,6950
"(0.9333333333333332, 1.0)",1,99.13974358974365,6951
"(0.8627450980392157, 1.0)",1,99.13969456105696,6952
"(0.9764161220043572, 0.996078431372549)",1,99.139578350213,6953
"(0.8571428571428572, 1.0)",1,99.13956511324936,6954
"(0.8527131782945736, 1.0)",1,99.13922950041432,6955
"(0.9206349206349206, 1.0)",1,99.13922519333312,6956
"(0.896551724137931, 1.0)",1,99.13901788636848,6957
"(0.9579374057315234, 0.996078431372549)",1,99.13894121616264,6958
"(0.9674603174603176, 1.0)",1,99.13888888888891,6959
"(0.780952380952381, 1.0)",1,99.1388632872504,6960
"(0.9847494553376906, 0.996078431372549)",1,99.13879025870362,6961
"(0.875, 1.0)",1,99.13853003721428,6962
"(0.875, 1.0)",1,99.13842960500556,6963
"(0.8977777777777779, 1.0)",2,99.137849300458,6965
"(0.9565217391304348, 1.0)",2,99.13759489302969,6967
"(0.9230769230769232, 1.0)",1,99.13747037276448,6968
"(0.992156862745098, 0.996078431372549)",1,99.13720833947636,6969
"(0.9879901960784314, 0.996078431372549)",1,99.13683256343472,6970
"(0.8611111111111112, 1.0)",1,99.13677159430624,6971
"(0.9841269841269842, 1.0)",1,99.13670984227082,6972
"(0.9565217391304348, 1.0)",1,99.1367087019261,6973
"(0.9696969696969696, 1.0)",1,99.136602375504,6974
"(0.9879901960784314, 0.996078431372549)",1,99.13657997116972,6975
"(0.8312992626493769, 1.0)",1,99.13637757055608,6976
"(0.7460317460317459, 1.0)",1,99.13628009417486,6977
"(0.9023809523809524, 1.0)",1,99.13610852661198,6978
"(0.9916666666666668, 0.996078431372549)",1,99.13590541250828,6979
"(0.9333333333333332, 1.0)",1,99.13581141081144,6980
"(0.865079365079365, 1.0)",1,99.1357347293678,6981
"(0.8425925925925927, 0.9841269841269842)",4,99.13552492341977,6985
"(0.8627450980392157, 1.0)",1,99.13524845674948,6986
"(0.9444444444444444, 1.0)",1,99.13500369788404,6987
"(0.5, 0.9841269841269842)",1,99.13492063492068,6988
"(0.9363636363636364, 1.0)",1,99.13462179823736,6989
"(0.9019607843137254, 1.0)",1,99.13436948479432,6990
"(0.9803921568627452, 0.996078431372549)",1,99.13430680815422,6991
"(0.980582788671024, 0.996078431372549)",1,99.13411403508776,6992
"(0.8832772166105499, 1.0)",1,99.13405791091948,6993
"(0.9696969696969696, 1.0)",1,99.13402392352552,6994
"(0.8880341880341881, 1.0)",1,99.1338681481973,6995
"(0.9886710239651416, 0.996078431372549)",1,99.13375530329088,6996
"(0.875, 1.0)",2,99.13348225848226,6998
"(0.9886710239651416, 0.996078431372549)",1,99.13345774567142,6999
"(0.8888888888888888, 1.0)",2,99.13343561472854,7001
"(0.9047619047619048, 1.0)",1,99.13321999413954,7002
"(0.875, 1.0)",1,99.13312169862516,7003
"(0.984313725490196, 0.996078431372549)",1,99.13271311448575,7004
"(0.9916666666666668, 0.996078431372549)",1,99.13250886139436,7005
"(0.936026936026936, 0.9841269841269842)",1,99.13243546576888,7006
"(0.8817204301075269, 1.0)",1,99.13183055390188,7007
"(0.992156862745098, 0.996078431372549)",1,99.13182891870215,7008
"(0.7502088554720134, 1.0)",1,99.13176939795214,7009
"(0.8402777777777779, 1.0)",1,99.13151246901246,7010
"(0.9816305469556244, 0.996078431372549)",2,99.13140924205938,7012
"(0.984313725490196, 0.996078431372549)",1,99.13136538241042,7013
"(0.9047619047619048, 1.0)",1,99.13110411073798,7014
"(0.896551724137931, 1.0)",1,99.13083550680882,7015
"(0.9579248366013072, 0.996078431372549)",1,99.1306556014219,7016
"(0.9047619047619048, 1.0)",1,99.13056718467512,7017
"(0.9881481481481482, 0.996078431372549)",1,99.1303789041482,7018
"(0.896551724137931, 1.0)",1,99.13002754783116,7019
"(0.9565217391304348, 1.0)",1,99.1298223168641,7020
"(0.875, 1.0)",1,99.12961760461766,7021
"(0.9230769230769232, 1.0)",1,99.12961757286703,7022
"(0.9841269841269842, 1.0)",1,99.12904400006732,7023
"(0.7996201329534663, 1.0)",1,99.12873554723512,7024
"(0.9609224859534458, 0.996078431372549)",1,99.1285383019214,7025
"(0.8498168498168498, 1.0)",2,99.12847646180988,7027
"(0.9224211423699916, 1.0)",1,99.12847580471758,7028
"(1.0, 1.0)",1,99.12842712842722,7029
"(0.9855521155830752, 0.9916666666666668)",1,99.12825308203868,7030
"(0.9333333333333332, 1.0)",1,99.1281811907899,7031
"(0.936026936026936, 1.0)",1,99.1279638879639,7032
"(0.9754435107376284, 0.996078431372549)",1,99.12787212348113,7033
"(1.0, 1.0)",4,99.12778921620384,7037
"(0.936026936026936, 0.9841269841269842)",1,99.12765752765758,7038
"(0.9754435107376284, 0.996078431372549)",1,99.12765259091186,7039
"(0.9047619047619048, 1.0)",1,99.12759228851188,7040
"(0.9674603174603176, 1.0)",1,99.12752690031934,7041
"(0.9047619047619048, 1.0)",1,99.12742812742812,7042
"(0.9230769230769232, 1.0)",1,99.1273356273356,7043
"(0.8611111111111112, 1.0)",2,99.12719589320106,7045
"(0.984967320261438, 0.996078431372549)",1,99.1271173440138,7046
"(0.9333333333333332, 1.0)",1,99.12672384823416,7047
"(0.9565217391304348, 1.0)",1,99.12654442616768,7048
"(0.9674603174603176, 1.0)",1,99.12616705906184,7049
"(0.9841269841269842, 1.0)",1,99.12613087395697,7050
"(0.9696969696969696, 1.0)",1,99.1257011407549,7051
"(0.9565217391304348, 1.0)",2,99.12531475574954,7053
"(1.0, 1.0)",1,99.12499760775624,7054
"(0.9660130718954248, 0.996078431372549)",1,99.12485929097856,7055
"(0.8013468013468013, 1.0)",2,99.12483964836908,7057
"(0.9135802469135802, 1.0)",1,99.12478755812091,7058
"(0.9794117647058824, 0.996078431372549)",1,99.12472112007792,7059
"(0.9444444444444444, 1.0)",2,99.12451083521724,7061
"(0.8897707231040564, 1.0)",1,99.12436266789092,7062
"(0.9230769230769232, 1.0)",1,99.1243374721636,7063
"(0.9879901960784314, 0.9916666666666668)",1,99.1242518469376,7064
"(0.865079365079365, 1.0)",1,99.12407533986485,7065
"(0.9444444444444444, 1.0)",1,99.12401078129984,7066
"(1.0, 1.0)",1,99.12396020511964,7067
"(0.8904991948470209, 1.0)",1,99.12375556923648,7068
"(0.9808278867102396, 0.996078431372549)",1,99.1235188860189,7069
"(0.9696969696969696, 1.0)",1,99.1234659060747,7070
"(0.8571428571428572, 1.0)",1,99.12345422185244,7071
"(0.992156862745098, 0.996078431372549)",1,99.123365063729,7072
"(0.8498168498168498, 1.0)",1,99.12325452325456,7073
"(0.7167919799498746, 1.0)",1,99.12314118629908,7074
"(0.976851851851852, 0.996078431372549)",1,99.12273903081146,7075
"(0.8883205456095482, 1.0)",1,99.12245217096924,7076
"(0.9019607843137254, 1.0)",1,99.12243060434876,7077
"(0.8627450980392157, 1.0)",1,99.12234221335716,7078
"(0.9172932330827066, 1.0)",1,99.1222221206203,7079
"(0.8498168498168499, 0.9841269841269842)",1,99.12221423581882,7080
"(0.8666666666666667, 1.0)",1,99.12207758594138,7081
"(0.8817204301075269, 1.0)",1,99.12199192871236,7082
"(0.875, 1.0)",1,99.121891383047,7083
"(0.875, 1.0)",1,99.12184632307137,7084
"(0.8571428571428572, 1.0)",1,99.1216768574152,7085
"(1.0, 1.0)",1,99.12094025137505,7086
"(0.9243650793650792, 1.0)",1,99.1208219137186,7087
"(0.8832772166105499, 1.0)",1,99.12051746565253,7088
"(0.8729166666666666, 0.986574074074074)",1,99.12048097560456,7089
"(0.5640273704789834, 1.0)",1,99.11972757472992,7090
"(0.8686868686868687, 1.0)",1,99.1197088279872,7091
"(0.8571428571428572, 1.0)",1,99.11960203539152,7092
"(0.9886710239651416, 0.996078431372549)",1,99.11946135764242,7093
"(0.9104993386243384, 1.0)",1,99.11945573781844,7094
"(0.9224211423699916, 1.0)",1,99.1193945313746,7095
"(0.8376068376068376, 1.0)",1,99.11915245248578,7096
"(0.9866666666666668, 0.996078431372549)",1,99.11886439421956,7097
"(0.9696969696969696, 1.0)",1,99.11881977671456,7098
"(0.808641975308642, 1.0)",2,99.11854748198836,7100
"(0.9104993386243384, 1.0)",1,99.11844445488016,7101
"(0.8053221288515406, 1.0)",1,99.11844290485264,7102
"(0.8468468468468467, 1.0)",1,99.11784251784252,7103
"(0.9444444444444444, 1.0)",1,99.11776296776296,7104
"(0.9, 1.0)",1,99.1173936157918,7105
"(0.9816305469556244, 0.996078431372549)",1,99.1172346464452,7106
"(0.8864468864468864, 1.0)",1,99.1171233016928,7107
"(1.0, 1.0)",1,99.11698768220506,7108
"(0.9047619047619048, 1.0)",1,99.11687207331754,7109
"(0.7822222222222222, 1.0)",1,99.11676058833956,7110
"(0.875, 1.0)",1,99.11667459796756,7111
"(0.9803050108932462, 0.9919117647058824)",1,99.11665479057125,7112
"(0.9, 1.0)",1,99.11660541340176,7113
"(0.9696969696969696, 1.0)",2,99.11641075990656,7115
"(0.8350168350168351, 1.0)",1,99.11640594399216,7116
"(0.8977777777777779, 1.0)",1,99.1163924963925,7117
"(0.9811403508771928, 0.9916666666666668)",1,99.11614584962112,7118
"(0.865079365079365, 0.9841269841269842)",1,99.11593222221413,7119
"(0.9444444444444444, 1.0)",1,99.11559750878638,7120
"(0.8977777777777779, 1.0)",1,99.11493799276413,7121
"(0.9507101086048454, 1.0)",1,99.11487975538326,7122
"(0.8686868686868687, 1.0)",1,99.11467437674568,7123
"(0.9444444444444444, 1.0)",2,99.11461306492042,7125
"(0.8013468013468013, 0.9841269841269842)",1,99.11452466291183,7126
"(0.9696969696969696, 1.0)",2,99.11424963924964,7128
"(0.965272331154684, 0.996078431372549)",1,99.11419289702334,7129
"(0.9047619047619048, 1.0)",1,99.11416195043198,7130
"(0.8376068376068376, 1.0)",1,99.11397587919328,7131
"(0.875, 1.0)",1,99.11390981513486,7132
"(0.978144708175668, 0.996078431372549)",1,99.11345520664408,7133
"(0.8904991948470209, 1.0)",1,99.113332682309,7134
"(0.8817204301075269, 1.0)",1,99.1132025444844,7135
"(0.9047619047619048, 1.0)",1,99.11306042884992,7136
"(0.8888888888888888, 1.0)",1,99.1129333260005,7137
"(0.9738562091503268, 0.992156862745098)",1,99.1127314927103,7138
"(0.9230769230769232, 1.0)",1,99.11268979558454,7139
"(0.996078431372549, 0.996078431372549)",1,99.11268338329488,7140
"(0.8109668109668109, 1.0)",1,99.11255411255412,7141
"(0.8013468013468013, 1.0)",1,99.11220043572987,7142
"(0.9565217391304348, 1.0)",1,99.11206614105166,7143
"(0.8627450980392157, 1.0)",1,99.11205446095308,7144
"(0.9879901960784314, 0.996078431372549)",2,99.11185122453608,7146
"(0.9333333333333332, 1.0)",1,99.11184619474092,7147
"(0.9230769230769232, 1.0)",1,99.11182151182152,7148
"(0.7410714285714286, 1.0)",1,99.11138142508833,7149
"(0.8888888888888888, 1.0)",1,99.111355033103,7150
"(0.9788235294117646, 0.996078431372549)",1,99.11132441902645,7151
"(0.9230769230769232, 1.0)",1,99.11107786546384,7152
"(0.8498168498168498, 0.9841269841269842)",1,99.11093260216076,7153
"(0.9386724386724388, 1.0)",2,99.11086905925616,7155
"(0.9879901960784314, 0.996078431372549)",2,99.11083253634338,7157
"(0.9763834422657952, 0.996078431372549)",1,99.11079667379988,7158
"(0.936026936026936, 1.0)",1,99.110760483839,7159
"(0.9803376906318084, 0.996078431372549)",1,99.110697312453,7160
"(0.8376068376068376, 1.0)",1,99.1103195812578,7161
"(0.865079365079365, 1.0)",1,99.11000481628668,7162
"(0.8350168350168351, 1.0)",1,99.1100017067759,7163
"(0.8498168498168498, 0.9841269841269842)",1,99.1099100175188,7164
"(0.9565217391304348, 1.0)",1,99.109833796002,7165
"(0.9704892057833234, 0.996078431372549)",1,99.10982840294535,7166
"(0.9047619047619048, 1.0)",1,99.10977506281336,7167
"(0.8611111111111112, 1.0)",1,99.10969409475156,7168
"(0.8468468468468467, 1.0)",2,99.1094899499934,7170
"(0.7167919799498746, 1.0)",2,99.10883720505488,7172
"(0.9230769230769232, 1.0)",2,99.10799023842502,7174
"(0.8864468864468864, 1.0)",2,99.10781361292872,7176
"(0.9351258309591644, 1.0)",1,99.10771455804544,7177
"(0.9214340198321892, 1.0)",1,99.107446146731,7178
"(0.9230769230769232, 1.0)",1,99.10743704289756,7179
"(0.9230769230769232, 1.0)",1,99.107367939127,7180
"(0.8518518518518519, 1.0)",1,99.1072631072632,7181
"(0.8571428571428572, 1.0)",2,99.10715064288895,7183
"(0.9248366013071896, 1.0)",1,99.1070365566193,7184
"(0.9879901960784314, 0.996078431372549)",1,99.10695573902068,7185
"(0.875, 1.0)",1,99.10671703134028,7186
"(0.9135802469135802, 1.0)",1,99.10653481431964,7187
"(0.9230769230769232, 1.0)",1,99.10638465477174,7188
"(0.9755757858699036, 0.996078431372549)",1,99.10630892317928,7189
"(0.8485941734417344, 1.0)",1,99.106307884123,7190
"(0.9047619047619048, 1.0)",1,99.10629209204924,7191
"(0.7141994478951, 1.0)",1,99.10616010859844,7192
"(0.8, 1.0)",1,99.10615173651922,7193
"(0.9840686274509804, 0.9925925925925926)",1,99.10606257548216,7194
"(0.9565217391304348, 1.0)",1,99.10571538308798,7195
"(0.9665319865319866, 0.996078431372549)",1,99.10502062850436,7196
"(0.8571428571428572, 1.0)",1,99.1048752861682,7197
"(1.0, 1.0)",1,99.10442368089429,7198
"(0.8864468864468864, 1.0)",1,99.10427497765092,7199
"(0.9444444444444444, 1.0)",1,99.10372391966597,7200
"(0.9047619047619048, 1.0)",1,99.10370788631664,7201
"(0.8817204301075269, 1.0)",2,99.10248994187788,7203
"(0.8888888888888888, 1.0)",1,99.10234664622575,7204
"(0.8468468468468467, 1.0)",1,99.1022749427784,7205
"(0.9916666666666668, 0.996078431372549)",2,99.10210440316489,7207
"(1.0, 1.0)",2,99.1020631020631,7209
"(0.896551724137931, 1.0)",1,99.10172792771232,7210
"(0.8013468013468013, 1.0)",1,99.1015157844106,7211
"(1.0, 1.0)",1,99.10120032297452,7212
"(0.8731060606060606, 1.0)",1,99.10094558195424,7213
"(0.9444444444444444, 1.0)",1,99.10063590455748,7214
"(0.9855521155830752, 0.9925925925925926)",1,99.1004847494553,7215
"(0.8817204301075269, 1.0)",1,99.10040427190351,7216
"(0.9879901960784314, 0.996078431372549)",1,99.10032154607244,7217
"(1.0, 1.0)",1,99.0995357299705,7218
"(0.978144708175668, 0.996078431372549)",2,99.09946627188886,7220
"(0.9444444444444444, 1.0)",2,99.09893488154358,7222
"(0.8468468468468467, 1.0)",2,99.09886321480523,7224
"(0.8053221288515406, 1.0)",1,99.0988335556963,7225
"(1.0, 1.0)",1,99.0986573812661,7226
"(0.896551724137931, 1.0)",1,99.09861432919904,7227
"(0.9507101086048454, 1.0)",2,99.09860293298247,7229
"(0.8468468468468467, 1.0)",1,99.0984671823463,7230
"(0.9894736842105264, 0.996078431372549)",2,99.09783404096854,7232
"(0.8817204301075269, 1.0)",1,99.09775540157727,7233
"(0.9135802469135802, 1.0)",2,99.09760296137108,7235
"(0.8468468468468467, 0.9841269841269842)",1,99.09741672785157,7236
"(1.0, 1.0)",2,99.09741525531014,7238
"(0.9813854489164088, 0.996078431372549)",1,99.09698853342516,7239
"(0.9579248366013072, 0.996078431372549)",2,99.09693412452704,7241
"(0.8686868686868687, 1.0)",1,99.09688842447464,7242
"(0.8857001484413657, 1.0)",1,99.09684865379268,7243
"(0.8253968253968256, 1.0)",1,99.0968064099643,7244
"(0.9841269841269842, 1.0)",1,99.09657486370368,7245
"(1.0, 1.0)",1,99.09652612249944,7246
"(0.8904991948470209, 1.0)",1,99.0962356900572,7247
"(0.8468468468468467, 1.0)",1,99.09619314493088,7248
"(0.865079365079365, 1.0)",1,99.09607351712626,7249
"(0.9213117283950616, 1.0)",1,99.0960354552249,7250
"(0.9855521155830752, 0.996078431372549)",2,99.09571770334932,7252
"(0.9135802469135802, 1.0)",2,99.09554230446388,7254
"(0.9565217391304348, 1.0)",2,99.0952636435257,7256
"(0.919047619047619, 0.9841269841269842)",2,99.09519092019096,7258
"(0.9230769230769232, 0.9841269841269842)",1,99.09516029355852,7259
"(0.9135802469135802, 1.0)",2,99.09501521095724,7261
"(0.9047619047619048, 1.0)",1,99.09474938066892,7262
"(0.9023569023569024, 1.0)",1,99.09435288558096,7263
"(0.9731377053745476, 0.996078431372549)",1,99.09404224283628,7264
"(0.9224211423699916, 1.0)",1,99.09351041345928,7265
"(0.8952020202020202, 1.0)",1,99.09333114069304,7266
"(0.8832772166105499, 1.0)",2,99.09316732650066,7268
"(0.996078431372549, 0.996078431372549)",1,99.09289346732848,7269
"(0.8518518518518519, 1.0)",1,99.09288170147478,7270
"(0.9841269841269842, 1.0)",1,99.09264289543532,7271
"(0.875, 1.0)",1,99.09257754068972,7272
"(0.875, 1.0)",1,99.09237338748216,7273
"(0.9135802469135802, 1.0)",1,99.09181360775564,7274
"(0.9023569023569024, 1.0)",1,99.09174830693208,7275
"(0.9444444444444444, 0.9696969696969696)",1,99.09163059163062,7276
"(0.8627450980392157, 1.0)",2,99.09128078998954,7278
"(0.780952380952381, 1.0)",1,99.09124423963137,7279
"(0.9135802469135802, 1.0)",1,99.09110739812496,7280
"(0.9667927989909412, 0.996078431372549)",1,99.09108889236246,7281
"(0.9047619047619048, 1.0)",1,99.09071777010068,7282
"(0.9841269841269842, 1.0)",1,99.09069512862617,7283
"(0.9602089783281734, 0.996078431372549)",1,99.0904974288412,7284
"(0.9224211423699916, 1.0)",1,99.09035113240144,7285
"(0.9230769230769232, 1.0)",1,99.09008187269058,7286
"(0.8675136116152449, 1.0)",1,99.09007917957558,7287
"(0.8627450980392157, 1.0)",1,99.09004539396696,7288
"(0.9803050108932462, 0.996078431372549)",2,99.0900141245737,7290
"(0.8518518518518519, 1.0)",1,99.09000773783384,7291
"(0.8627450980392157, 0.9841269841269842)",1,99.08951631029144,7292
"(0.9847494553376906, 0.996078431372549)",1,99.08943293059356,7293
"(0.9696969696969696, 1.0)",1,99.08907973746685,7294
"(0.8888888888888888, 1.0)",1,99.08876525726106,7295
"(0.9696969696969696, 1.0)",1,99.08874458874465,7296
"(0.9696969696969696, 0.9841269841269842)",1,99.08847091605726,7297
"(0.8425925925925927, 0.9841269841269842)",2,99.0879058758007,7299
"(0.8299319727891157, 1.0)",1,99.087874110145,7300
"(0.9027274557165862, 1.0)",1,99.08754596211006,7301
"(0.947088068181818, 1.0)",1,99.08752048054522,7302
"(1.0, 1.0)",1,99.08734033572745,7303
"(0.9047619047619048, 1.0)",1,99.0871624497372,7304
"(0.9803921568627452, 0.996078431372549)",1,99.08704334365324,7305
"(0.5, 1.0)",1,99.087012987013,7306
"(0.9047619047619048, 1.0)",1,99.08700083769918,7307
"(0.8572796934865898, 0.9841269841269842)",1,99.08694830074148,7308
"(0.9802054154995332, 0.996078431372549)",1,99.08681705377543,7309
"(0.7982954545454546, 1.0)",1,99.0867276274449,7310
"(0.8622222222222222, 1.0)",1,99.08666666666667,7311
"(0.8817204301075269, 1.0)",1,99.08661692600488,7312
"(0.9591269841269842, 0.996078431372549)",2,99.0864725948859,7314
"(0.8053221288515406, 1.0)",1,99.08631574889937,7315
"(0.8468468468468467, 1.0)",1,99.08617399548064,7316
"(0.9230769230769232, 1.0)",1,99.08598374859244,7317
"(0.875, 1.0)",2,99.08577850025225,7319
"(0.9444444444444444, 1.0)",1,99.08567036827904,7320
"(0.8952020202020202, 1.0)",4,99.0853976156261,7324
"(0.896551724137931, 1.0)",1,99.0853184759688,7325
"(0.9620227038183696, 0.996078431372549)",2,99.08509346300995,7327
"(0.9841269841269842, 1.0)",2,99.08492098347176,7329
"(0.8, 1.0)",1,99.08487430869783,7330
"(0.9, 0.9841269841269842)",1,99.08472365622296,7331
"(0.980582788671024, 0.996078431372549)",2,99.08470144091658,7333
"(0.7081939799331105, 1.0)",1,99.08461249326136,7334
"(0.9620227038183696, 0.996078431372549)",1,99.08451162699406,7335
"(0.9764161220043572, 0.9916666666666668)",2,99.08426859632743,7337
"(0.875, 1.0)",1,99.08412692747396,7338
"(0.9807902108211706, 0.996078431372549)",1,99.08379498583068,7339
"(1.0, 0.9841269841269842)",1,99.08350586611472,7340
"(1.0, 1.0)",1,99.08350586611456,7341
"(0.8472848788638262, 1.0)",1,99.0831934001671,7342
"(0.9047619047619048, 1.0)",1,99.08301692135026,7343
"(0.9726525054466232, 0.996078431372549)",1,99.08282872213218,7344
"(0.9214340198321892, 1.0)",4,99.08282305719452,7348
"(0.8253968253968256, 1.0)",1,99.0827762231271,7349
"(0.9638854489164088, 0.996078431372549)",1,99.08272065322454,7350
"(0.9855521155830752, 0.996078431372549)",1,99.0827078316708,7351
"(0.8817204301075269, 1.0)",1,99.08261384747767,7352
"(0.875, 1.0)",1,99.0825681934553,7353
"(0.9507101086048454, 1.0)",1,99.08252247230126,7354
"(0.9444444444444444, 1.0)",1,99.08235545906447,7355
"(0.9047619047619048, 1.0)",1,99.08231382144426,7356
"(0.8686868686868687, 1.0)",1,99.08203618993096,7357
"(0.9047619047619048, 1.0)",1,99.08146714765785,7358
"(0.8266666666666667, 1.0)",1,99.08118941406222,7359
"(0.9224211423699916, 0.9841269841269842)",1,99.08103447639569,7360
"(0.9172932330827066, 1.0)",1,99.08089013001296,7361
"(0.9565217391304348, 1.0)",1,99.08062404584145,7362
"(0.9142520753512132, 1.0)",1,99.08059421699102,7363
"(0.8571428571428572, 1.0)",1,99.08041114386307,7364
"(0.9565217391304348, 1.0)",2,99.08018461419984,7366
"(0.8817204301075269, 1.0)",1,99.08013984899644,7367
"(0.8952380952380952, 1.0)",1,99.07926517348392,7368
"(0.8817204301075269, 1.0)",1,99.07876227714938,7369
"(0.9816305469556244, 0.996078431372549)",2,99.0781520700948,7371
"(0.8527777777777779, 1.0)",1,99.07814178575047,7372
"(0.8883205456095482, 1.0)",1,99.07808097587343,7373
"(0.9333333333333332, 1.0)",2,99.07777777777778,7375
"(0.7410714285714286, 1.0)",1,99.07776436526436,7376
"(0.9841269841269842, 1.0)",1,99.07750084054432,7377
"(0.9333333333333332, 1.0)",2,99.0774621005743,7379
"(0.9213117283950616, 1.0)",1,99.07740402736988,7380
"(0.9135802469135802, 0.9841269841269842)",1,99.077116576392,7381
"(0.8977777777777779, 1.0)",1,99.07681452203192,7382
"(0.8, 0.9841269841269842)",1,99.0766471408238,7383
"(0.9407729468599032, 1.0)",1,99.07659447431443,7384
"(0.8729166666666666, 1.0)",1,99.076269224979,7385
"(1.0, 0.9841269841269842)",2,99.07619047619062,7387
"(1.0, 1.0)",1,99.07608857908708,7388
"(0.9674603174603176, 1.0)",1,99.07574001696808,7389
"(0.8817204301075269, 1.0)",2,99.0754741140786,7391
"(0.9444444444444444, 1.0)",1,99.0752242926156,7392
"(0.9333333333333332, 1.0)",1,99.0750967229228,7393
"(0.808641975308642, 1.0)",1,99.07463766281464,7394
"(0.8787878787878788, 1.0)",1,99.07446665547351,7395
"(0.9333333333333332, 1.0)",1,99.07440213034415,7396
"(0.9047619047619048, 1.0)",1,99.07345468273007,7397
"(0.980582788671024, 0.996078431372549)",2,99.07292549876242,7399
"(0.9135802469135802, 1.0)",1,99.07289636714926,7400
"(0.8258037694013303, 1.0)",1,99.07278776836654,7401
"(0.9023569023569024, 1.0)",1,99.07276427276427,7402
"(0.9696969696969696, 1.0)",2,99.07242354419772,7404
"(0.8977777777777779, 1.0)",1,99.07190413451288,7405
"(0.919047619047619, 0.9696969696969696)",1,99.07171717171718,7406
"(0.8888888888888888, 0.986574074074074)",1,99.07162201251282,7407
"(0.865079365079365, 1.0)",1,99.07127465127463,7408
"(0.7047619047619047, 1.0)",1,99.07122351332876,7409
"(0.8253968253968256, 1.0)",1,99.0710925502967,7410
"(1.0, 1.0)",1,99.07096430139909,7411
"(0.875, 1.0)",1,99.07094090524754,7412
"(0.75, 1.0)",1,99.07088744588744,7413
"(0.8686868686868687, 1.0)",1,99.07018087276712,7414
"(0.9855521155830752, 0.996078431372549)",1,99.07016620949288,7415
"(0.8312992626493769, 1.0)",1,99.07005904253847,7416
"(1.0, 1.0)",1,99.0695430580488,7417
"(0.8611111111111112, 1.0)",2,99.06911051961758,7419
"(0.8791208791208792, 1.0)",1,99.0689944233804,7420
"(0.957490630284748, 0.9879901960784314)",1,99.06892423881573,7421
"(0.9841269841269842, 1.0)",1,99.06890608680892,7422
"(0.992156862745098, 0.996078431372549)",1,99.0688069847822,7423
"(0.8813492063492063, 1.0)",1,99.06856663903932,7424
"(0.9665319865319866, 0.996078431372549)",1,99.06835928874486,7425
"(0.9333333333333332, 1.0)",1,99.06825396825398,7426
"(0.9881481481481482, 0.996078431372549)",1,99.06796455264724,7427
"(0.8888888888888888, 1.0)",1,99.06793652779206,7428
"(0.8832772166105499, 1.0)",2,99.0677976344643,7430
"(0.9333333333333332, 1.0)",1,99.06734424995302,7431
"(0.8731060606060606, 1.0)",4,99.0670418905189,7435
"(0.9841269841269842, 1.0)",1,99.06686473735375,7436
"(0.896551724137931, 1.0)",1,99.0668258944122,7437
"(0.9886710239651416, 0.996078431372549)",1,99.06674508669886,7438
"(0.9248366013071896, 1.0)",2,99.0666501991166,7440
"(0.9925925925925926, 0.996078431372549)",1,99.06660815983332,7441
"(0.8888888888888888, 1.0)",1,99.0662167618992,7442
"(0.8666666666666667, 1.0)",1,99.06595264867563,7443
"(0.8376068376068376, 1.0)",1,99.06588142759804,7444
"(0.9104993386243384, 1.0)",1,99.06586705218643,7445
"(0.9855521155830752, 0.996078431372549)",1,99.0655052197959,7446
"(0.8813492063492063, 1.0)",1,99.0645837406652,7447
"(0.9605975723622784, 0.996078431372549)",1,99.06438758151616,7448
"(0.8771929824561403, 1.0)",1,99.06436476800758,7449
"(0.8897707231040564, 1.0)",1,99.0643227652648,7450
"(0.7167919799498746, 1.0)",1,99.06413781962029,7451
"(0.9919117647058824, 0.996078431372549)",1,99.06393219738504,7452
"(0.9135802469135802, 1.0)",1,99.06365239698576,7453
"(0.9563713649711092, 0.996078431372549)",1,99.06361983745948,7454
"(0.9444444444444444, 1.0)",1,99.06339312861051,7455
"(0.8897707231040564, 1.0)",1,99.0629652179614,7456
"(0.9542592592592593, 0.996078431372549)",1,99.06290031093248,7457
"(0.980582788671024, 0.996078431372549)",1,99.06287147979872,7458
"(0.9707143676183924, 0.996078431372549)",1,99.06281404325544,7459
"(0.9507101086048454, 1.0)",1,99.06261356802928,7460
"(0.9047619047619048, 1.0)",2,99.06182795698923,7462
"(0.9047619047619048, 1.0)",2,99.06165739007692,7464
"(0.9023569023569024, 1.0)",2,99.0615571534302,7466
"(0.9726525054466232, 0.996078431372549)",1,99.06148655008566,7467
"(0.9592592592592591, 1.0)",1,99.06082724781956,7468
"(0.8888888888888888, 1.0)",1,99.0606695968489,7469
"(0.9047619047619048, 1.0)",2,99.0605197057371,7471
"(0.9841269841269842, 1.0)",1,99.0603077513086,7472
"(0.8627450980392157, 1.0)",1,99.060153191661,7473
"(0.9882352941176472, 0.996078431372549)",1,99.06008344179034,7474
"(0.9696969696969696, 1.0)",1,99.06000976148046,7475
"(0.9620227038183696, 0.996078431372549)",1,99.05991543400988,7476
"(1.0, 1.0)",1,99.05980328738949,7477
"(0.9435693249631868, 0.992156862745098)",1,99.05958554611,7478
"(0.962458433665864, 0.996078431372549)",1,99.05890009285524,7479
"(0.9135802469135802, 1.0)",2,99.05886150238976,7481
"(0.9194577352472088, 0.9841269841269842)",1,99.05885562632552,7482
"(0.9224211423699916, 1.0)",1,99.05871062449282,7483
"(0.9333333333333332, 1.0)",1,99.05866180603024,7484
"(0.9142520753512132, 1.0)",2,99.05840164129,7486
"(0.7167919799498746, 1.0)",1,99.05806182121977,7487
"(0.8616898148148148, 1.0)",1,99.05798254142395,7488
"(0.9333333333333332, 1.0)",1,99.057724240333,7489
"(0.8864468864468864, 1.0)",1,99.05757152133968,7490
"(0.8897707231040564, 1.0)",1,99.05751470104296,7491
"(0.8803174603174604, 1.0)",1,99.05740440845707,7492
"(0.8897707231040564, 1.0)",2,99.0573327625826,7494
"(0.9003279610194903, 0.986574074074074)",1,99.05733213967036,7495
"(1.0, 1.0)",1,99.05722639933164,7496
"(0.9886710239651416, 0.9916666666666668)",1,99.05719355578483,7497
"(0.8627450980392157, 0.9696969696969696)",1,99.05717385768536,7498
"(0.9803376906318084, 0.996078431372549)",1,99.05687372024848,7499
"(0.875, 0.9841269841269842)",2,99.05668991502333,7501
"(0.9466207660652104, 1.0)",1,99.05645935448128,7502
"(0.875, 1.0)",2,99.05645778000851,7504
"(0.8345959595959597, 1.0)",1,99.05645318483124,7505
"(0.932852564102564, 0.986574074074074)",2,99.05638460556548,7507
"(0.9579374057315234, 0.996078431372549)",1,99.05594906602752,7508
"(0.9135802469135802, 1.0)",2,99.055898669232,7510
"(0.9047619047619048, 1.0)",2,99.0558852848708,7512
"(0.875, 1.0)",1,99.05570184085366,7513
"(0.8897707231040564, 1.0)",1,99.05503205450484,7514
"(0.896551724137931, 1.0)",2,99.05482438307205,7516
"(0.9380032206119162, 1.0)",1,99.05470149685164,7517
"(1.0, 1.0)",1,99.05464583725453,7518
"(0.9023569023569024, 1.0)",1,99.05453081540038,7519
"(0.9351258309591644, 1.0)",1,99.05444607384038,7520
"(0.9816305469556244, 0.9886710239651416)",1,99.05432375874317,7521
"(0.9800599128540306, 0.996078431372549)",1,99.054275885793,7522
"(0.932852564102564, 1.0)",1,99.05411804310604,7523
"(0.8468468468468467, 1.0)",1,99.0540603024474,7524
"(0.7726400180668473, 1.0)",1,99.0538654602345,7525
"(0.8, 1.0)",1,99.05384134458544,7526
"(1.0, 1.0)",1,99.0537404116352,7527
"(0.9444444444444444, 1.0)",1,99.05324979114468,7528
"(0.9444444444444444, 1.0)",1,99.0532020539996,7529
"(0.6796747967479675, 1.0)",1,99.05312357019672,7530
"(0.7460317460317459, 0.9841269841269842)",1,99.0531054910003,7531
"(0.9919117647058824, 0.996078431372549)",1,99.0529041049774,7532
"(0.9812636165577342, 0.996078431372549)",1,99.0527683731796,7533
"(0.5, 1.0)",2,99.05215340215344,7535
"(0.9493720821661996, 0.996078431372549)",1,99.05184386620148,7536
"(0.9894736842105264, 0.996078431372549)",1,99.05163675603168,7537
"(0.9882352941176472, 0.996078431372549)",1,99.05135170442446,7538
"(0.8312992626493769, 1.0)",1,99.05118576266918,7539
"(0.875, 1.0)",1,99.05097606770208,7540
"(0.8817204301075269, 1.0)",1,99.05068479907196,7541
"(0.9444444444444444, 1.0)",1,99.05048567179504,7542
"(0.896551724137931, 1.0)",1,99.05044502128068,7543
"(0.808641975308642, 1.0)",1,99.0504378138787,7544
"(0.9224211423699916, 1.0)",1,99.05034866869568,7545
"(1.0, 0.9841269841269842)",1,99.05002968046452,7546
"(0.9565217391304348, 1.0)",1,99.04996549344376,7547
"(0.8013468013468013, 1.0)",2,99.04938177291125,7549
"(0.9731377053745476, 0.996078431372549)",1,99.0491759916597,7550
"(0.883876357560568, 1.0)",2,99.04883404346027,7552
"(0.9696969696969696, 1.0)",1,99.0486187457202,7553
"(0.9023569023569024, 0.9841269841269842)",1,99.04805613066488,7554
"(0.896551724137931, 1.0)",1,99.04801318866656,7555
"(0.9333333333333332, 1.0)",1,99.04797979797986,7556
"(0.8299319727891157, 1.0)",1,99.04795293224686,7557
"(0.9841269841269842, 1.0)",3,99.0476093386102,7560
"(1.0, 1.0)",1,99.04759914203888,7561
"(0.9568181818181818, 0.996078431372549)",1,99.04754052764116,7562
"(0.8888888888888888, 1.0)",2,99.04742168736416,7564
"(0.9696969696969696, 1.0)",1,99.04737532998402,7565
"(0.8415692007797271, 1.0)",1,99.0473565897481,7566
"(0.9493720821661996, 0.996078431372549)",1,99.04732226808852,7567
"(0.9363636363636364, 1.0)",1,99.04723750752736,7568
"(0.9172932330827066, 1.0)",1,99.04691273638646,7569
"(0.9142520753512132, 1.0)",2,99.0467256860803,7571
"(0.9230769230769232, 1.0)",1,99.04616494616498,7572
"(0.9047619047619048, 1.0)",1,99.04588319951525,7573
"(0.9879901960784314, 0.996078431372549)",1,99.04569356538757,7574
"(0.9135802469135802, 1.0)",1,99.0456611078274,7575
"(0.7765567765567766, 1.0)",1,99.04562104562105,7576
"(0.8627450980392157, 1.0)",1,99.04559743089156,7577
"(0.9731377053745476, 0.9916666666666668)",1,99.0446899110521,7578
"(0.9230769230769232, 1.0)",1,99.04436664276484,7579
"(0.8527777777777779, 1.0)",1,99.0443560252384,7580
"(0.875, 1.0)",1,99.04425444925444,7581
"(0.9135802469135802, 1.0)",1,99.04407222352728,7582
"(0.8888888888888888, 1.0)",1,99.04392041728654,7583
"(0.8571428571428572, 0.9841269841269842)",1,99.04390092490785,7584
"(0.8888888888888888, 1.0)",1,99.04310966810972,7585
"(0.9841269841269842, 1.0)",1,99.04209694329268,7586
"(0.8888888888888888, 1.0)",1,99.04174025948842,7587
"(0.8053221288515406, 1.0)",1,99.04171798996136,7588
"(1.0, 1.0)",2,99.0416632749966,7590
"(0.7167919799498746, 1.0)",1,99.04144403703822,7591
"(0.9841269841269842, 1.0)",1,99.04135234135234,7592
"(0.9696969696969696, 1.0)",1,99.0413195239282,7593
"(0.9886710239651416, 0.996078431372549)",1,99.04105709535284,7594
"(0.875, 1.0)",1,99.04084564860428,7595
"(0.8622222222222222, 1.0)",2,99.04072893081025,7597
"(0.9135802469135802, 1.0)",1,99.03998717332054,7598
"(0.75, 1.0)",1,99.03977664847233,7599
"(0.9230769230769232, 1.0)",1,99.03952421623325,7600
"(0.8571428571428572, 0.9841269841269842)",1,99.03942217203095,7601
"(0.875, 1.0)",1,99.03935550394486,7602
"(0.9248366013071896, 1.0)",1,99.0392043124491,7603
"(0.9731377053745476, 0.9916666666666668)",1,99.03875219093482,7604
"(0.8888888888888888, 1.0)",1,99.03800552923362,7605
"(0.9816305469556244, 0.996078431372549)",2,99.03763362655,7607
"(0.8468468468468467, 0.9841269841269842)",1,99.0373398778434,7608
"(0.8425925925925927, 0.9841269841269842)",1,99.03726400305356,7609
"(0.984504357298475, 0.992156862745098)",1,99.03692212557527,7610
"(0.9696969696969696, 1.0)",2,99.0368579354088,7612
"(0.9333333333333332, 1.0)",1,99.03662324681817,7613
"(0.9104993386243384, 0.986574074074074)",1,99.03626036289052,7614
"(0.9565217391304348, 1.0)",1,99.03624090537988,7615
"(0.984967320261438, 0.996078431372549)",2,99.03620456369678,7617
"(0.9047619047619048, 1.0)",1,99.03566618566622,7618
"(0.9841269841269842, 1.0)",1,99.03565926826802,7619
"(0.8991666666666667, 1.0)",2,99.03565926692738,7621
"(0.9807902108211706, 0.9879901960784314)",1,99.035513006372,7622
"(0.9696969696969696, 1.0)",1,99.03544233544234,7623
"(0.9764161220043572, 0.996078431372549)",1,99.03521520125967,7624
"(0.8312992626493769, 1.0)",1,99.03512505462255,7625
"(0.8817204301075269, 0.9841269841269842)",1,99.03505890226032,7626
"(0.9591269841269842, 0.996078431372549)",1,99.03492823711096,7627
"(0.9847494553376906, 0.996078431372549)",1,99.03475146198824,7628
"(0.7167919799498746, 1.0)",1,99.03470846767388,7629
"(0.9507101086048454, 1.0)",1,99.03437630821308,7630
"(1.0, 1.0)",1,99.0343642605012,7631
"(0.875, 1.0)",1,99.0338701554018,7632
"(0.9333333333333332, 1.0)",1,99.033719440052,7633
"(0.9333333333333332, 0.9841269841269842)",1,99.03352729142206,7634
"(0.8571428571428572, 1.0)",1,99.03321463687595,7635
"(0.936026936026936, 0.9841269841269842)",1,99.03319321580196,7636
"(0.8977777777777779, 1.0)",1,99.03300366300364,7637
"(0.980582788671024, 0.996078431372549)",1,99.03295999708432,7638
"(1.0, 1.0)",1,99.03256503322646,7639
"(0.9879901960784314, 0.992156862745098)",1,99.03248566678128,7640
"(0.8675136116152449, 1.0)",1,99.03237488922898,7641
"(0.87531328320802, 1.0)",1,99.032336523126,7642
"(0.984313725490196, 0.996078431372549)",1,99.03226955501636,7643
"(0.9333333333333332, 1.0)",1,99.03226593095016,7644
"(0.9351258309591644, 1.0)",1,99.0317192162949,7645
"(0.7982954545454546, 1.0)",2,99.03143028440498,7647
"(0.8571428571428572, 1.0)",1,99.03141565650186,7648
"(0.8803174603174604, 1.0)",1,99.03139816996269,7649
"(0.9738562091503268, 0.996078431372549)",1,99.03093529449572,7650
"(0.9, 1.0)",1,99.03073782942208,7651
"(0.9579248366013072, 0.9916666666666668)",1,99.03046168600328,7652
"(1.0, 0.9696969696969696)",2,99.03008692863764,7654
"(0.9674603174603176, 0.9696969696969696)",1,99.02979122891404,7655
"(0.9224211423699916, 0.9841269841269842)",1,99.02978044972936,7656
"(0.8817204301075269, 1.0)",1,99.02968489939386,7657
"(0.8867623604465709, 0.9841269841269842)",1,99.02942979105524,7658
"(0.8832772166105499, 1.0)",1,99.02936371269703,7659
"(0.9230769230769232, 1.0)",1,99.02901484480432,7660
"(0.875, 1.0)",1,99.02888132399012,7661
"(0.9135802469135802, 1.0)",1,99.02868985467424,7662
"(0.8817204301075269, 1.0)",1,99.02866607705316,7663
"(0.875, 1.0)",1,99.02860623781676,7664
"(0.8977777777777779, 1.0)",1,99.02860055276533,7665
"(0.8571428571428572, 1.0)",1,99.02841430804897,7666
"(0.8817204301075269, 1.0)",1,99.02837874255536,7667
"(0.9444444444444444, 1.0)",1,99.02821869488535,7668
"(0.9841269841269842, 1.0)",1,99.0282009692018,7669
"(0.9674603174603176, 1.0)",1,99.02814470413924,7670
"(0.9230769230769232, 1.0)",1,99.02782772782771,7671
"(0.808641975308642, 1.0)",1,99.02774440859874,7672
"(0.9333333333333332, 1.0)",2,99.02771828561318,7674
"(0.978144708175668, 0.996078431372549)",2,99.0275509034023,7676
"(0.8425925925925927, 0.9841269841269842)",1,99.02717652717658,7677
"(0.9651330532212884, 0.996078431372549)",1,99.02713935388084,7678
"(0.9230769230769232, 1.0)",1,99.02690632530452,7679
"(0.875, 1.0)",1,99.02615001168822,7680
"(0.965272331154684, 0.996078431372549)",1,99.02612816354608,7681
"(1.0, 1.0)",1,99.02568303344164,7682
"(0.808641975308642, 1.0)",1,99.0253705556528,7683
"(0.8666666666666667, 1.0)",2,99.02531620886242,7685
"(0.8518518518518519, 1.0)",1,99.02488284593548,7686
"(0.9135802469135802, 1.0)",1,99.0248589927461,7687
"(0.875, 1.0)",1,99.02479847738468,7688
"(0.875, 1.0)",1,99.02478766397532,7689
"(0.9135802469135802, 1.0)",1,99.02475949338694,7690
"(0.9444444444444444, 1.0)",2,99.02449965493444,7692
"(0.9230769230769232, 1.0)",1,99.02444556170047,7693
"(0.8817204301075269, 1.0)",1,99.02437825723264,7694
"(0.8686868686868687, 1.0)",1,99.023979915208,7695
"(0.896551724137931, 1.0)",1,99.02381555277478,7696
"(0.9023569023569024, 1.0)",1,99.02353247568008,7697
"(0.9667927989909412, 0.996078431372549)",2,99.02327251838877,7699
"(0.9816305469556244, 0.9916666666666668)",1,99.02311403508764,7700
"(0.9047619047619048, 1.0)",1,99.02299849767432,7701
"(0.9841269841269842, 1.0)",2,99.02292644836196,7703
"(0.8897707231040564, 1.0)",1,99.02282748116085,7704
"(0.8883205456095482, 1.0)",1,99.0228193135416,7705
"(0.8498168498168498, 1.0)",1,99.02242792097864,7706
"(0.9445350241545892, 1.0)",1,99.02215198443758,7707
"(0.9135802469135802, 1.0)",1,99.0220093711322,7708
"(0.9565217391304348, 1.0)",1,99.02145680406556,7709
"(1.0, 1.0)",2,99.02123802123802,7711
"(0.9841269841269842, 1.0)",1,99.02081252081253,7712
"(0.5, 1.0)",4,99.0204073704074,7716
"(0.7982954545454546, 1.0)",1,99.02025536645635,7717
"(0.7996201329534663, 1.0)",1,99.01998825761945,7718
"(0.896551724137931, 1.0)",1,99.0199310228246,7719
"(0.865079365079365, 1.0)",1,99.01939285740625,7720
"(0.9674603174603176, 1.0)",1,99.01861257227394,7721
"(0.8888888888888888, 1.0)",1,99.01858852839248,7722
"(0.865079365079365, 1.0)",1,99.01832874932455,7723
"(0.8952020202020202, 0.986574074074074)",1,99.01819984286873,7724
"(0.9135802469135802, 1.0)",1,99.01819785153118,7725
"(0.8339307048984469, 1.0)",1,99.01804825764344,7726
"(0.9047619047619048, 1.0)",1,99.01772934872514,7727
"(0.9172932330827066, 1.0)",1,99.0177133547484,7728
"(0.9333333333333332, 1.0)",1,99.01729138070604,7729
"(0.9841269841269842, 1.0)",1,99.01721978053028,7730
"(0.9230769230769232, 1.0)",1,99.01720654530426,7731
"(0.9674603174603176, 1.0)",1,99.0172018484948,7732
"(0.8547544409613373, 1.0)",1,99.01715193202016,7733
"(0.9565217391304348, 1.0)",1,99.01713198234938,7734
"(0.9866666666666668, 0.996078431372549)",1,99.016901895261,7735
"(0.9047619047619048, 1.0)",1,99.01672771672784,7736
"(0.909209656084656, 1.0)",2,99.01667189705134,7738
"(0.980582788671024, 0.996078431372549)",1,99.016467487048,7739
"(0.9109477124183006, 1.0)",1,99.01636235082528,7740
"(0.936026936026936, 1.0)",1,99.01623936598192,7741
"(0.9333333333333332, 1.0)",1,99.01612097401572,7742
"(0.9881481481481482, 0.996078431372549)",1,99.01590794797436,7743
"(0.9886710239651416, 0.996078431372549)",2,99.01560169863464,7745
"(0.9135802469135802, 1.0)",1,99.015569307236,7746
"(0.9565217391304348, 1.0)",2,99.01538033839152,7748
"(0.875, 1.0)",1,99.01526392287263,7749
"(0.8402777777777779, 1.0)",1,99.01508956019828,7750
"(0.978144708175668, 0.996078431372549)",1,99.01501588551184,7751
"(0.9466207660652104, 1.0)",1,99.01498104378032,7752
"(0.9602089783281734, 0.996078431372549)",1,99.01498019495716,7753
"(0.8468468468468467, 1.0)",2,99.01488265590535,7755
"(0.9135802469135802, 1.0)",1,99.01474719590668,7756
"(0.7777777777777776, 1.0)",1,99.01470475468774,7757
"(0.875, 0.9841269841269842)",1,99.01468747302089,7758
"(0.8338275775775775, 1.0)",1,99.01446535876728,7759
"(0.8888888888888888, 1.0)",1,99.01432382023272,7760
"(1.0, 1.0)",1,99.01430487118893,7761
"(0.9386724386724388, 1.0)",1,99.01394268499531,7762
"(0.9320397146712937, 0.992156862745098)",1,99.013935829517,7763
"(0.8611111111111112, 1.0)",1,99.0138582432274,7764
"(0.8897707231040564, 1.0)",1,99.01371553164287,7765
"(0.9465811965811968, 1.0)",1,99.0136139201505,7766
"(0.7973856209150327, 1.0)",1,99.01344446037206,7767
"(0.9565217391304348, 1.0)",1,99.0133907959995,7768
"(0.932852564102564, 1.0)",1,99.01332622990569,7769
"(1.0, 1.0)",1,99.0128427128427,7770
"(0.896551724137931, 1.0)",2,99.0126416586422,7772
"(0.936026936026936, 1.0)",1,99.01258715519587,7773
"(0.8264567669172932, 1.0)",1,99.01217388707748,7774
"(0.9766612200435728, 0.996078431372549)",1,99.01213527923248,7775
"(1.0, 1.0)",1,99.0119155838534,7776
"(0.9750257997936016, 0.996078431372549)",1,99.01176620621662,7777
"(0.8888888888888888, 1.0)",1,99.01165793271056,7778
"(0.9087026014109348, 1.0)",1,99.0116491118646,7779
"(0.8468468468468467, 1.0)",1,99.01117334160811,7780
"(0.875, 1.0)",1,99.01111322993476,7781
"(0.8571428571428572, 1.0)",1,99.01109737841465,7782
"(0.8897707231040564, 1.0)",2,99.01109137325771,7784
"(0.9445350241545892, 1.0)",1,99.01108376596764,7785
"(0.8627450980392157, 1.0)",1,99.01091670962546,7786
"(0.8498168498168499, 0.9841269841269842)",1,99.01084471084482,7787
"(0.9855521155830752, 0.996078431372549)",1,99.01066743284242,7788
"(0.9230769230769232, 1.0)",2,99.01036282558022,7790
"(0.9591269841269842, 0.996078431372549)",1,99.0099769849461,7791
"(0.9803376906318084, 0.996078431372549)",1,99.0098521888615,7792
"(0.9047619047619048, 1.0)",1,99.00970608339028,7793
"(0.8977777777777779, 1.0)",1,99.00946014575312,7794
"(0.896551724137931, 1.0)",1,99.0090779526062,7795
"(0.9230769230769232, 1.0)",2,99.00904760553884,7797
"(0.8518518518518519, 1.0)",1,99.00837278381138,7798
"(0.978144708175668, 0.996078431372549)",2,99.0072983311642,7800
"(0.9023569023569024, 1.0)",1,99.007296208824,7801
"(0.9109477124183006, 1.0)",1,99.00729210876275,7802
"(0.9840686274509804, 0.996078431372549)",1,99.00698085081966,7803
"(0.9769410044719642, 0.996078431372549)",2,99.00684237503124,7805
"(0.9841269841269842, 1.0)",1,99.0067157259428,7806
"(0.8817204301075269, 1.0)",1,99.00608007757936,7807
"(0.9841269841269842, 1.0)",1,99.00592153054478,7808
"(0.9565217391304348, 1.0)",1,99.0059053265575,7809
"(0.9135802469135802, 1.0)",1,99.00522194483712,7810
"(0.8888888888888888, 1.0)",1,99.0049014615196,7811
"(0.9841269841269842, 1.0)",2,99.004884004884,7813
"(0.875, 1.0)",1,99.00443986043564,7814
"(0.8888888888888888, 1.0)",1,99.00436000487156,7815
"(0.9206349206349206, 0.9841269841269842)",1,99.00421896943644,7816
"(0.8977777777777779, 1.0)",1,99.00415905082572,7817
"(0.9841269841269842, 1.0)",1,99.00377032737988,7818
"(0.8264567669172932, 1.0)",2,99.00364238249372,7820
"(0.865079365079365, 1.0)",1,99.00300625300628,7821
"(1.0, 1.0)",1,99.00294246815984,7822
"(0.9172932330827066, 1.0)",1,99.00281845661276,7823
"(0.965272331154684, 0.996078431372549)",2,99.00254659599084,7825
"(0.9172932330827066, 1.0)",1,99.00188707061773,7826
"(0.9696969696969696, 1.0)",1,99.00125182883806,7827
"(0.9565217391304348, 1.0)",1,99.00119434078512,7828
"(0.8627450980392157, 1.0)",1,99.00119306982052,7829
"(0.896551724137931, 1.0)",1,99.00110471557116,7830
"(0.9047619047619048, 1.0)",1,99.00103458328972,7831
"(1.0, 1.0)",1,99.000766812361,7832
"(0.9816305469556244, 0.996078431372549)",2,99.00018164965788,7834
"(0.932852564102564, 1.0)",2,99.00011405563846,7836
"(0.9172932330827066, 1.0)",1,98.99984062720904,7837
"(0.875, 1.0)",1,98.99971673254282,7838
"(0.8883205456095482, 1.0)",1,98.99966721067938,7839
"(0.932852564102564, 1.0)",1,98.99964570135108,7840
"(0.8201193520886615, 0.9841269841269842)",1,98.99949935905497,7841
"(0.8571428571428572, 1.0)",1,98.99935866602534,7842
"(0.9172932330827066, 1.0)",1,98.99891689011866,7843
"(0.8888888888888888, 1.0)",1,98.99887545404786,7844
"(0.883876357560568, 1.0)",1,98.99872102757766,7845
"(0.8571428571428572, 1.0)",2,98.99867336964112,7847
"(0.9816305469556244, 0.9916666666666668)",1,98.99828817896925,7848
"(0.8468468468468467, 1.0)",2,98.99746182671733,7850
"(0.9109477124183006, 1.0)",1,98.997460290159,7851
"(0.7822222222222222, 1.0)",1,98.9973666619281,7852
"(0.9047619047619048, 1.0)",1,98.99694726128746,7853
"(0.75, 1.0)",1,98.99689014689014,7854
"(0.9507101086048454, 1.0)",1,98.99674185463672,7855
"(0.9230769230769232, 1.0)",1,98.99646969742544,7856
"(0.9333333333333332, 1.0)",1,98.99637383226094,7857
"(0.8415692007797271, 1.0)",4,98.99613409951183,7861
"(0.896551724137931, 1.0)",2,98.99606373464574,7863
"(0.8774509803921569, 1.0)",1,98.99603100437506,7864
"(0.833064949006978, 1.0)",1,98.99561737242898,7865
"(0.9881481481481482, 0.996078431372549)",2,98.9955763591986,7867
"(0.9172932330827066, 1.0)",1,98.99557181724364,7868
"(0.9841269841269842, 1.0)",2,98.9954938211976,7870
"(1.0, 1.0)",1,98.9951581027668,7871
"(0.9230769230769232, 1.0)",1,98.99514393564738,7872
"(0.9213117283950616, 1.0)",2,98.99511618483704,7874
"(0.75, 1.0)",1,98.9950322116226,7875
"(0.9135802469135802, 1.0)",1,98.99486611080816,7876
"(0.7765567765567766, 1.0)",1,98.994707225142,7877
"(0.9764161220043572, 0.996078431372549)",2,98.99468532442218,7879
"(1.0, 1.0)",1,98.99465664828868,7880
"(0.932852564102564, 1.0)",1,98.99450169928078,7881
"(0.8312992626493769, 1.0)",1,98.99437708885976,7882
"(0.8350168350168351, 1.0)",2,98.99399914765856,7884
"(0.9135802469135802, 1.0)",1,98.99351732685066,7885
"(0.9047619047619048, 1.0)",1,98.993480314007,7886
"(0.8865079365079365, 1.0)",1,98.99341061150028,7887
"(0.9, 0.9696969696969696)",1,98.99336764176584,7888
"(0.9816305469556244, 0.9886710239651416)",1,98.9931071551427,7889
"(0.896551724137931, 1.0)",1,98.99281279843106,7890
"(0.875, 1.0)",1,98.99263488868752,7891
"(0.9047619047619048, 1.0)",1,98.99252364349697,7892
"(0.8589726631393297, 0.9868055555555556)",1,98.99236182609916,7893
"(0.9135802469135802, 1.0)",1,98.99225149446356,7894
"(0.9444444444444444, 0.9841269841269842)",2,98.99165481593025,7896
"(0.9313762626262628, 1.0)",1,98.99148489013224,7897
"(0.9704892057833234, 0.996078431372549)",1,98.9913346473166,7898
"(0.9135802469135802, 1.0)",1,98.99132194965529,7899
"(0.896551724137931, 1.0)",2,98.99132132175932,7901
"(0.9886710239651416, 0.9916666666666668)",1,98.99130919619284,7902
"(0.7982954545454546, 1.0)",1,98.9912675319848,7903
"(0.9444444444444444, 1.0)",1,98.99070977331849,7904
"(0.9507101086048454, 1.0)",1,98.99054008802374,7905
"(0.8527777777777779, 1.0)",1,98.9904310966811,7906
"(0.9047619047619048, 1.0)",1,98.99025960620165,7907
"(0.9444444444444444, 1.0)",1,98.9901455026455,7908
"(0.9785784313725492, 0.996078431372549)",1,98.98994147951572,7909
"(0.9754901960784312, 0.996078431372549)",1,98.98976321306117,7910
"(0.965272331154684, 0.9916666666666668)",1,98.98930687905153,7911
"(0.9847494553376906, 0.996078431372549)",1,98.9893011122579,7912
"(0.9466013071895424, 0.996078431372549)",1,98.98915446295474,7913
"(0.9803050108932462, 0.996078431372549)",1,98.98892936759935,7914
"(0.8468468468468467, 1.0)",1,98.988632070864,7915
"(0.8977777777777779, 1.0)",1,98.98859485120362,7916
"(1.0, 1.0)",1,98.98856960268805,7917
"(0.8627450980392157, 1.0)",1,98.98844390193494,7918
"(0.8729166666666666, 1.0)",1,98.98815795882489,7919
"(0.8468468468468467, 1.0)",1,98.9877790958993,7920
"(0.9243650793650792, 1.0)",1,98.9877353689176,7921
"(1.0, 1.0)",1,98.98744733527342,7922
"(0.9521531100478468, 1.0)",1,98.98734062784406,7923
"(0.9851851851851852, 0.996078431372549)",1,98.9872093632775,7924
"(0.8518518518518519, 1.0)",1,98.98650630099904,7925
"(1.0, 1.0)",1,98.98638559508125,7926
"(0.875, 1.0)",1,98.98599758605512,7927
"(0.9444444444444444, 0.9841269841269842)",1,98.98595896856776,7928
"(0.875, 1.0)",1,98.98542061093212,7929
"(0.9135802469135802, 1.0)",1,98.98537855059594,7930
"(0.9224211423699916, 1.0)",1,98.98495276279638,7931
"(0.9507101086048454, 1.0)",1,98.98482641869444,7932
"(0.8731060606060606, 1.0)",1,98.98476708021828,7933
"(0.97718610251118, 0.996078431372549)",1,98.98472118109004,7934
"(0.9135499685499686, 0.996078431372549)",1,98.98467332432496,7935
"(0.9019607843137254, 0.986574074074074)",1,98.98463596878248,7936
"(0.9172932330827066, 1.0)",1,98.9845644883588,7937
"(0.9565217391304348, 1.0)",1,98.9845481425286,7938
"(1.0, 1.0)",1,98.98449328449328,7939
"(0.9812636165577342, 0.996078431372549)",1,98.98448447885964,7940
"(0.8897707231040564, 1.0)",1,98.98418707203496,7941
"(0.9841269841269842, 1.0)",4,98.984126984127,7945
"(0.9230769230769232, 1.0)",1,98.98396876878952,7946
"(0.9886710239651416, 0.996078431372549)",1,98.98359980243136,7947
"(0.9230769230769232, 0.9841269841269842)",1,98.98359944149423,7948
"(0.8731060606060606, 1.0)",1,98.98359547859538,7949
"(0.957490630284748, 0.996078431372549)",1,98.98282746092346,7950
"(0.8616898148148148, 0.986574074074074)",1,98.98221505927576,7951
"(0.9803376906318084, 0.996078431372549)",1,98.9816680060094,7952
"(0.984504357298475, 0.9916666666666668)",1,98.980991285403,7953
"(0.9465811965811968, 1.0)",1,98.98087116624414,7954
"(0.8817204301075269, 1.0)",1,98.98083382022176,7955
"(0.9674603174603176, 0.9666666666666668)",1,98.98077390445816,7956
"(1.0, 1.0)",1,98.98045987828596,7957
"(0.9696969696969696, 1.0)",1,98.9803877282138,7958
"(0.9841269841269842, 1.0)",1,98.98006194347658,7959
"(0.9224211423699916, 1.0)",1,98.9800364421478,7960
"(0.9230769230769232, 1.0)",1,98.97995987118804,7961
"(0.8729166666666666, 1.0)",3,98.97961360627684,7964
"(1.0, 1.0)",1,98.97937864604532,7965
"(0.9206349206349206, 1.0)",1,98.97932484182483,7966
"(0.9, 1.0)",1,98.9791444253687,7967
"(0.97718610251118, 0.996078431372549)",1,98.97877387032187,7968
"(0.875, 1.0)",1,98.97842688077245,7969
"(1.0, 1.0)",1,98.97811866700924,7970
"(0.9731377053745476, 0.996078431372549)",2,98.97798741133882,7972
"(0.8402777777777779, 1.0)",1,98.97781957949616,7973
"(0.9023809523809524, 1.0)",1,98.9775420875421,7974
"(0.9444444444444444, 1.0)",1,98.97719365980235,7975
"(0.9104993386243384, 1.0)",2,98.97695645072316,7977
"(0.9224211423699916, 1.0)",1,98.9767410242761,7978
"(0.8817204301075269, 1.0)",1,98.97664432341853,7979
"(0.8, 1.0)",1,98.9764396399879,7980
"(0.9047619047619048, 1.0)",1,98.97642307027247,7981
"(0.9444444444444444, 1.0)",1,98.97548461137552,7982
"(0.909209656084656, 1.0)",1,98.97546909684614,7983
"(0.9213117283950616, 0.986574074074074)",1,98.97533019973665,7984
"(0.9135802469135802, 1.0)",1,98.9750578736086,7985
"(0.9785784313725492, 0.996078431372549)",1,98.97501891039812,7986
"(0.9855521155830752, 0.996078431372549)",1,98.97493898574614,7987
"(0.9754435107376284, 0.996078431372549)",1,98.97491211763828,7988
"(0.9135802469135802, 1.0)",1,98.97480148181904,7989
"(0.8312992626493769, 1.0)",1,98.97416161259684,7990
"(0.7777777777777776, 1.0)",2,98.9738299983742,7992
"(0.9047619047619048, 1.0)",1,98.9736934563022,7993
"(0.9478270609318996, 1.0)",1,98.9731561691428,7994
"(0.9841269841269842, 1.0)",1,98.97300291653124,7995
"(0.954722222222222, 0.9882352941176472)",1,98.972972107137,7996
"(0.9230769230769232, 1.0)",1,98.97257063923738,7997
"(0.7460317460317459, 1.0)",1,98.97240576187946,7998
"(0.9841269841269842, 1.0)",1,98.97167325428197,7999
"(0.8468468468468467, 1.0)",1,98.97140296705514,8000
"(0.9769410044719642, 0.996078431372549)",1,98.97081662489563,8001
"(0.9047619047619048, 1.0)",1,98.970588798175,8002
"(0.9023809523809524, 0.9841269841269842)",1,98.9701901694656,8003
"(0.8888888888888888, 1.0)",1,98.96995908010403,8004
"(0.8468468468468467, 1.0)",1,98.96961881172412,8005
"(0.7410714285714286, 1.0)",2,98.96956105607585,8007
"(0.8977777777777779, 1.0)",2,98.96941698130104,8009
"(0.8817204301075269, 1.0)",2,98.9692304810322,8011
"(1.0, 1.0)",1,98.96913229018492,8012
"(0.9444444444444444, 1.0)",1,98.96897546897544,8013
"(0.9023809523809524, 0.9841269841269842)",2,98.9688045505361,8015
"(1.0, 1.0)",1,98.96843403649984,8016
"(0.9230769230769232, 1.0)",1,98.96834280345809,8017
"(1.0, 0.9841269841269842)",1,98.96825396825416,8018
"(1.0, 1.0)",2,98.96825396825398,8020
"(0.919047619047619, 1.0)",1,98.96788678382885,8021
"(0.9841269841269842, 1.0)",1,98.96778977610226,8022
"(0.9333333333333332, 1.0)",1,98.9675948398298,8023
"(0.8627450980392157, 1.0)",1,98.96749839954047,8024
"(0.896551724137931, 1.0)",2,98.9674429976154,8026
"(0.9696969696969696, 1.0)",1,98.9674347158218,8027
"(0.904126984126984, 1.0)",2,98.96684014692484,8029
"(0.9194577352472088, 1.0)",1,98.96683433301708,8030
"(0.9135802469135802, 1.0)",1,98.96658808253012,8031
"(0.9879901960784314, 0.996078431372549)",1,98.9663617065869,8032
"(0.9023809523809524, 1.0)",1,98.96582398509643,8033
"(0.8350168350168351, 1.0)",1,98.9657685605576,8034
"(0.8415692007797271, 1.0)",1,98.96575137971682,8035
"(1.0, 1.0)",1,98.96572871572882,8036
"(0.896551724137931, 1.0)",1,98.9656120250823,8037
"(0.8729166666666666, 1.0)",1,98.96559538253564,8038
"(0.808641975308642, 1.0)",1,98.96542602708632,8039
"(0.9320397146712937, 0.996078431372549)",2,98.96542010248668,8041
"(0.8729166666666666, 0.986574074074074)",2,98.9652669508009,8043
"(0.8498168498168499, 1.0)",1,98.96525696525708,8044
"(0.919047619047619, 1.0)",1,98.96502971341684,8045
"(0.9602089783281734, 1.0)",2,98.9649997301698,8047
"(0.8977777777777779, 1.0)",1,98.96497354497362,8048
"(0.8498168498168498, 1.0)",2,98.96478846823676,8050
"(0.9318498265866688, 0.996078431372549)",2,98.96462034663963,8052
"(0.9696969696969696, 1.0)",1,98.96445159778492,8053
"(0.9841269841269842, 1.0)",1,98.96430667636017,8054
"(0.8865079365079365, 1.0)",1,98.96423926576708,8055
"(0.9023809523809524, 1.0)",1,98.96417592555365,8056
"(0.9568181818181818, 0.992156862745098)",1,98.9640597147951,8057
"(0.8585858585858586, 1.0)",1,98.96403888509153,8058
"(0.9886710239651416, 0.996078431372549)",1,98.96395406052088,8059
"(0.9333333333333332, 1.0)",1,98.96367902628778,8060
"(0.7996201329534663, 1.0)",2,98.96355382059406,8062
"(0.9731377053745476, 0.996078431372549)",1,98.96354388182482,8063
"(0.9841269841269842, 1.0)",2,98.96329199517606,8065
"(0.9351258309591644, 1.0)",2,98.96328536085451,8067
"(0.8627450980392157, 1.0)",1,98.96319292607328,8068
"(0.875, 1.0)",1,98.96278431003496,8069
"(0.97718610251118, 0.996078431372549)",1,98.96270203222988,8070
"(0.9333333333333332, 1.0)",1,98.96269841269854,8071
"(0.7777777777777776, 1.0)",1,98.96264229597568,8072
"(0.9841269841269842, 1.0)",1,98.96259588364852,8073
"(0.875, 1.0)",1,98.96256675423342,8074
"(0.965272331154684, 0.996078431372549)",1,98.96224359919398,8075
"(0.896551724137931, 1.0)",1,98.96217903976525,8076
"(0.9855521155830752, 0.992156862745098)",1,98.96205128835142,8077
"(0.8611111111111112, 1.0)",1,98.96182481667132,8078
"(0.8774250440917107, 1.0)",1,98.96097156685448,8079
"(0.8867623604465709, 0.9841269841269842)",1,98.96083369973542,8080
"(0.875, 1.0)",1,98.96061535083275,8081
"(0.9879901960784314, 0.996078431372549)",1,98.96060471920164,8082
"(0.9881481481481482, 0.996078431372549)",1,98.96028293773638,8083
"(0.9841269841269842, 1.0)",1,98.96004534552632,8084
"(0.8817204301075269, 0.9841269841269842)",2,98.9599298535344,8086
"(0.8888888888888888, 1.0)",1,98.95956131825363,8087
"(0.9224211423699916, 1.0)",1,98.95941867800636,8088
"(0.8796296296296295, 1.0)",1,98.95814192343605,8089
"(1.0, 1.0)",1,98.95809745809746,8090
"(0.9808278867102396, 0.996078431372549)",1,98.95728242174066,8091
"(0.9841269841269842, 1.0)",1,98.95665445665446,8092
"(0.8897707231040564, 1.0)",1,98.95654170780982,8093
"(0.9213117283950616, 1.0)",1,98.95620624745624,8094
"(0.9224211423699916, 0.9841269841269842)",1,98.95615130110028,8095
"(0.8376068376068376, 1.0)",1,98.95610891327286,8096
"(0.683375104427736, 1.0)",1,98.95551075757024,8097
"(0.9841269841269842, 1.0)",1,98.95498481356682,8098
"(1.0, 1.0)",1,98.95454545454544,8099
"(0.9142520753512132, 1.0)",1,98.95428896943451,8100
"(0.9391865079365078, 1.0)",1,98.95411719402443,8101
"(0.9803921568627452, 0.992156862745098)",1,98.95323820171348,8102
"(0.9691305469556244, 0.996078431372549)",1,98.95274773472144,8103
"(0.9230769230769232, 1.0)",1,98.95253740292104,8104
"(0.8817204301075269, 1.0)",2,98.95237822181797,8106
"(0.9886710239651416, 0.996078431372549)",1,98.95227137655218,8107
"(0.936026936026936, 1.0)",1,98.95223766942382,8108
"(1.0, 1.0)",1,98.95221445221443,8109
"(0.9206349206349206, 0.9841269841269842)",2,98.95219273480151,8111
"(0.8817204301075269, 1.0)",1,98.95187853287432,8112
"(0.833064949006978, 1.0)",1,98.95186194148822,8113
"(0.9172932330827066, 1.0)",1,98.9518347149926,8114
"(0.9386724386724388, 1.0)",1,98.95165980021054,8115
"(0.8518518518518519, 0.9841269841269842)",1,98.95165310160932,8116
"(0.9565217391304348, 1.0)",1,98.95147123407992,8117
"(0.9230769230769232, 1.0)",1,98.95135055003476,8118
"(1.0, 1.0)",1,98.95120676474828,8119
"(0.8977777777777779, 1.0)",1,98.95029289551027,8120
"(0.5, 1.0)",1,98.95021645021644,8121
"(0.8832772166105499, 1.0)",1,98.9500030510088,8122
"(0.8373015873015873, 1.0)",1,98.9499439062082,8123
"(0.8867623604465709, 1.0)",1,98.94946737727064,8124
"(0.8627450980392157, 1.0)",1,98.9485134963076,8125
"(0.9213117283950616, 1.0)",1,98.94842488199434,8126
"(0.8611111111111112, 1.0)",1,98.94835150215896,8127
"(1.0, 1.0)",2,98.94831591173056,8129
"(0.976851851851852, 0.996078431372549)",1,98.94820163152993,8130
"(0.7982954545454546, 1.0)",1,98.94808283191904,8131
"(0.9047619047619048, 1.0)",1,98.94785443519696,8132
"(0.8627450980392157, 1.0)",1,98.94755999074884,8133
"(0.735042735042735, 1.0)",1,98.94745225995226,8134
"(0.8888888888888888, 1.0)",1,98.946903453921,8135
"(0.9444444444444444, 0.9841269841269842)",2,98.94662149444773,8137
"(0.9841269841269842, 1.0)",1,98.94632774281897,8138
"(1.0, 1.0)",1,98.94623251145,8139
"(0.7996201329534663, 1.0)",1,98.94608796238089,8140
"(0.7777777777777776, 1.0)",2,98.94550916545803,8142
"(1.0, 1.0)",1,98.94489337822674,8143
"(0.8686868686868687, 1.0)",1,98.94435060867974,8144
"(0.896551724137931, 1.0)",2,98.9439981249312,8146
"(0.9351326548694968, 0.996078431372549)",1,98.94380021051064,8147
"(0.9696969696969696, 1.0)",1,98.94368750546288,8148
"(0.9047619047619048, 1.0)",1,98.94368297972376,8149
"(0.8686868686868687, 1.0)",1,98.94357813000744,8150
"(0.8803174603174604, 1.0)",2,98.9434206259782,8152
"(0.7996201329534663, 1.0)",2,98.9431881757719,8154
"(0.9841269841269842, 1.0)",2,98.94304650226952,8156
"(0.9269637391618816, 0.9894736842105264)",1,98.94283948412168,8157
"(0.9230769230769232, 1.0)",2,98.94216899861446,8159
"(0.9565217391304348, 1.0)",2,98.94203511827126,8161
"(0.9743589743589745, 1.0)",1,98.94116235866468,8162
"(0.9696969696969696, 1.0)",1,98.94103092363962,8163
"(0.9565217391304348, 1.0)",3,98.94064872325742,8166
"(0.9841269841269842, 1.0)",1,98.9406300835329,8167
"(0.9691305469556244, 0.996078431372549)",1,98.94049003583136,8168
"(0.8719806763285025, 0.9841269841269842)",1,98.93996486847986,8169
"(0.8897707231040564, 1.0)",1,98.93991955441231,8170
"(0.9841269841269842, 1.0)",1,98.93989892720543,8171
"(0.9224211423699916, 1.0)",1,98.93973715968612,8172
"(0.8339307048984469, 1.0)",1,98.93938843779246,8173
"(0.9333333333333332, 1.0)",2,98.939354955297,8175
"(0.8970659722222223, 1.0)",1,98.93897795410732,8176
"(0.9172932330827066, 1.0)",2,98.93867771280053,8178
"(0.875, 1.0)",1,98.9386740809631,8179
"(0.81681801994302, 1.0)",1,98.93858780441298,8180
"(0.965272331154684, 0.996078431372549)",1,98.93841908693295,8181
"(0.992156862745098, 0.996078431372549)",1,98.93784026242076,8182
"(0.9333333333333332, 1.0)",1,98.93775162221888,8183
"(0.6944444444444445, 1.0)",1,98.93760444999256,8184
"(0.9386724386724388, 1.0)",1,98.9375077686672,8185
"(0.8817204301075269, 1.0)",1,98.9374317495001,8186
"(0.8527777777777779, 1.0)",1,98.93709048340888,8187
"(1.0, 0.9696969696969696)",1,98.93648005242208,8188
"(0.9674603174603176, 1.0)",1,98.93589435396017,8189
"(0.9047619047619048, 1.0)",1,98.93583880277428,8190
"(0.954722222222222, 0.996078431372549)",1,98.93579221747189,8191
"(0.9023809523809524, 1.0)",1,98.93556063468348,8192
"(0.9696969696969696, 1.0)",1,98.93532889874352,8193
"(0.683375104427736, 1.0)",1,98.93526353363929,8194
"(0.9135802469135802, 1.0)",1,98.9352252685586,8195
"(0.9230769230769232, 0.9696969696969696)",1,98.93498168498168,8196
"(0.9759803921568628, 0.996078431372549)",1,98.93486763997537,8197
"(0.9879901960784314, 0.992156862745098)",1,98.93455927400193,8198
"(0.980582788671024, 0.996078431372549)",2,98.93438445373698,8200
"(0.9620227038183696, 0.992156862745098)",1,98.9340544580404,8201
"(0.9841269841269842, 1.0)",1,98.93334595904976,8202
"(0.8791208791208792, 1.0)",2,98.9333227159314,8204
"(0.9444444444444444, 1.0)",2,98.93318378441992,8206
"(0.8498168498168498, 1.0)",1,98.9325296925298,8207
"(0.7777777777777776, 1.0)",1,98.93233926567272,8208
"(0.8611111111111112, 1.0)",1,98.93205646869872,8209
"(0.7777777777777776, 0.9841269841269842)",1,98.93203555703565,8210
"(0.8402777777777779, 1.0)",1,98.93197082780416,8211
"(0.9507101086048454, 1.0)",1,98.93157894736856,8212
"(0.9224211423699916, 1.0)",1,98.93143840466948,8213
"(0.8888888888888888, 1.0)",1,98.9313291788098,8214
"(0.9841269841269842, 1.0)",2,98.93098583218158,8216
"(0.9696969696969696, 1.0)",2,98.93062493062492,8218
"(0.9351258309591644, 1.0)",1,98.93010485913264,8219
"(0.8312992626493769, 1.0)",4,98.9297801629155,8223
"(0.8468468468468467, 1.0)",1,98.92958351345447,8224
"(0.8763636363636363, 1.0)",1,98.9295111626233,8225
"(1.0, 1.0)",1,98.92938784243132,8226
"(0.9023809523809524, 1.0)",1,98.92926614634212,8227
"(0.9763834422657952, 0.996078431372549)",1,98.92925741641696,8228
"(1.0, 0.9696969696969696)",1,98.9291047117134,8229
"(0.965272331154684, 0.996078431372549)",2,98.92903697151374,8231
"(0.8013468013468013, 1.0)",1,98.9289772727273,8232
"(0.9886710239651416, 0.996078431372549)",2,98.92888786120275,8234
"(0.932852564102564, 1.0)",1,98.9287501628049,8235
"(0.9731377053745476, 0.996078431372549)",2,98.92866818137716,8237
"(0.9230769230769232, 1.0)",2,98.92863472812748,8239
"(0.9696969696969696, 1.0)",1,98.9283574662885,8240
"(0.9667927989909412, 0.996078431372549)",1,98.92795055805192,8241
"(0.8686868686868687, 1.0)",1,98.92780601041474,8242
"(0.9047619047619048, 1.0)",1,98.92773745636948,8243
"(0.8253968253968256, 1.0)",2,98.92769879696787,8245
"(0.9047619047619048, 1.0)",1,98.92759186458652,8246
"(0.9399138116785176, 0.992156862745098)",1,98.92678066174771,8247
"(0.9841269841269842, 1.0)",1,98.92663632663634,8248
"(0.875, 1.0)",1,98.92632693393568,8249
"(0.9047619047619048, 1.0)",1,98.92621637198296,8250
"(0.9764161220043572, 0.996078431372549)",1,98.92597273412284,8251
"(0.9168115942028986, 0.996078431372549)",1,98.92596642879172,8252
"(0.8873002904865649, 1.0)",1,98.92558749601122,8253
"(0.8774250440917107, 1.0)",1,98.9254521459556,8254
"(0.8264567669172932, 1.0)",1,98.92522238381449,8255
"(0.883876357560568, 1.0)",1,98.92500559647092,8256
"(0.97718610251118, 0.996078431372549)",1,98.92464359427996,8257
"(0.932852564102564, 0.986574074074074)",1,98.92434690923736,8258
"(0.9230769230769232, 1.0)",1,98.92425323605497,8259
"(0.8864468864468864, 1.0)",1,98.92401396949492,8260
"(0.976574074074074, 0.996078431372549)",1,98.9239109712097,8261
"(0.8350168350168351, 1.0)",1,98.92386291363272,8262
"(0.909209656084656, 1.0)",1,98.92382023057088,8263
"(0.9444444444444444, 1.0)",1,98.92377692087835,8264
"(0.9224211423699916, 1.0)",2,98.9235755435244,8266
"(0.8402777777777779, 0.9841269841269842)",1,98.9234106942441,8267
"(0.8952020202020202, 1.0)",2,98.9232615983512,8269
"(0.9841269841269842, 1.0)",1,98.92289147127856,8270
"(0.8415692007797271, 1.0)",1,98.92241632690462,8271
"(0.947088068181818, 1.0)",1,98.9222226107894,8272
"(0.8791208791208792, 1.0)",1,98.92215055475926,8273
"(0.833064949006978, 1.0)",2,98.9221302047389,8275
"(0.8888888888888888, 1.0)",2,98.92194842194844,8277
"(0.8888888888888888, 1.0)",1,98.92191326196702,8278
"(0.9803921568627452, 0.992156862745098)",1,98.92181799280873,8279
"(0.8627450980392157, 1.0)",1,98.92173597297212,8280
"(0.9135802469135802, 1.0)",2,98.92163940997274,8282
"(0.7200000000000001, 1.0)",1,98.92150440005511,8283
"(0.9320397146712937, 0.996078431372549)",1,98.92142950731186,8284
"(0.984313725490196, 0.9866666666666668)",1,98.92099824725224,8285
"(0.9662707390648568, 0.996078431372549)",1,98.92086841664256,8286
"(1.0, 0.9841269841269842)",1,98.92063492063512,8287
"(0.9333333333333332, 1.0)",1,98.92055167055176,8288
"(0.9759803921568628, 0.9879901960784314)",1,98.92051943584444,8289
"(0.896551724137931, 0.9841269841269842)",2,98.92010552152855,8291
"(0.8888888888888888, 0.9841269841269842)",1,98.92007575757582,8292
"(0.9841269841269842, 1.0)",2,98.91984126984129,8294
"(0.948045267489712, 1.0)",1,98.91947615641104,8295
"(0.8888888888888888, 1.0)",2,98.91942981942982,8297
"(0.9444444444444444, 1.0)",1,98.9193635993636,8298
"(1.0, 1.0)",1,98.91925034030297,8299
"(0.9696969696969696, 1.0)",1,98.91918389757082,8300
"(0.9135802469135802, 1.0)",1,98.9179734137387,8301
"(0.8888888888888888, 1.0)",1,98.91791233569823,8302
"(0.8487103174603176, 1.0)",1,98.9178267432415,8303
"(0.8832772166105499, 1.0)",1,98.91780278302016,8304
"(0.8053221288515406, 1.0)",1,98.91753204136882,8305
"(0.9230769230769232, 1.0)",1,98.9173049173049,8306
"(0.5, 1.0)",1,98.9170796996884,8307
"(0.9109477124183006, 1.0)",1,98.917072626152,8308
"(0.9386724386724388, 1.0)",1,98.91705088046552,8309
"(0.9507101086048454, 1.0)",2,98.91683754841664,8311
"(0.9754435107376284, 0.996078431372549)",1,98.91677850672436,8312
"(0.8791208791208792, 1.0)",2,98.91676841676842,8314
"(0.8622222222222222, 1.0)",1,98.91675213675214,8315
"(0.8518518518518519, 1.0)",1,98.91667049425672,8316
"(0.9769410044719642, 0.996078431372549)",1,98.91665260264332,8317
"(0.9047619047619048, 1.0)",1,98.91664446664448,8318
"(0.896551724137931, 0.9696969696969696)",2,98.91645839316742,8320
"(0.9135802469135802, 1.0)",1,98.9160214986302,8321
"(0.8468468468468467, 1.0)",1,98.91598978120716,8322
"(0.9318498265866688, 0.992156862745098)",1,98.915636702336,8323
"(0.9565217391304348, 1.0)",1,98.91480884844056,8324
"(0.9230769230769232, 1.0)",1,98.91459322158452,8325
"(0.9135802469135802, 1.0)",2,98.9141522474856,8327
"(0.9697786951037723, 0.996078431372549)",2,98.91399422824324,8329
"(0.9881481481481482, 0.996078431372549)",1,98.91399106426196,8330
"(0.875, 1.0)",1,98.91388607148367,8331
"(1.0, 1.0)",1,98.91377851743984,8332
"(0.9591269841269842, 0.996078431372549)",2,98.913609394686,8334
"(0.9230769230769232, 1.0)",1,98.91328999329,8335
"(0.8498168498168499, 1.0)",1,98.91299401381126,8336
"(0.875, 0.9841269841269842)",1,98.91208931969808,8337
"(0.8803174603174604, 1.0)",1,98.91206349206357,8338
"(0.8356325863678805, 1.0)",1,98.91196814716984,8339
"(0.5, 0.9841269841269842)",1,98.91178869439746,8340
"(1.0, 1.0)",1,98.9117729890961,8341
"(0.9696969696969696, 1.0)",2,98.91147714336122,8343
"(0.97718610251118, 0.996078431372549)",2,98.91105369633226,8345
"(0.9358798064680418, 0.996078431372549)",1,98.91101340495293,8346
"(0.8817204301075269, 1.0)",1,98.91080235758766,8347
"(0.8338275775775775, 1.0)",1,98.9107705716935,8348
"(1.0, 1.0)",2,98.9107541009715,8350
"(0.7765567765567766, 1.0)",1,98.91047259235664,8351
"(0.8867623604465709, 1.0)",1,98.91038754174438,8352
"(0.9135802469135802, 1.0)",1,98.91033995872704,8353
"(0.9674603174603176, 1.0)",1,98.91028172369636,8354
"(0.9696969696969696, 1.0)",1,98.91025332044823,8355
"(0.984967320261438, 0.996078431372549)",1,98.90953600504538,8356
"(1.0, 1.0)",4,98.90952380952382,8360
"(1.0, 1.0)",1,98.90951520626317,8361
"(0.9444444444444444, 0.9841269841269842)",1,98.90924830243723,8362
"(0.8571428571428572, 1.0)",1,98.90884313642934,8363
"(0.8952020202020202, 1.0)",1,98.9087401124858,8364
"(0.978144708175668, 0.996078431372549)",1,98.9076282246019,8365
"(0.9135802469135802, 1.0)",1,98.90739053019756,8366
"(0.9230769230769232, 1.0)",1,98.90731354446376,8367
"(0.8865079365079365, 1.0)",1,98.9072806965996,8368
"(0.9230769230769232, 1.0)",2,98.90720390720392,8370
"(0.9444444444444444, 0.9841269841269842)",1,98.90708674042028,8371
"(0.896551724137931, 1.0)",1,98.90707376970236,8372
"(0.8376068376068376, 1.0)",1,98.90680835112568,8373
"(0.9764161220043572, 0.996078431372549)",1,98.90641034776483,8374
"(0.875, 1.0)",1,98.90615378004432,8375
"(0.896551724137931, 1.0)",2,98.90585832624816,8377
"(0.9696969696969696, 1.0)",1,98.90578247916956,8378
"(0.9507101086048454, 1.0)",1,98.90577478405936,8379
"(0.9213117283950616, 1.0)",1,98.90572277210045,8380
"(0.8627450980392157, 1.0)",1,98.90562905882602,8381
"(0.7279693486590039, 1.0)",1,98.90560132957316,8382
"(0.9230769230769232, 1.0)",1,98.9051604558588,8383
"(1.0, 1.0)",1,98.904683936568,8384
"(0.9320397146712937, 0.996078431372549)",1,98.90434653794424,8385
"(0.976574074074074, 0.996078431372549)",1,98.90400681505164,8386
"(0.9224211423699916, 1.0)",1,98.90382936155932,8387
"(0.9168115942028986, 0.996078431372549)",1,98.90368584989344,8388
"(0.9465811965811968, 1.0)",1,98.90368510773332,8389
"(0.9841269841269842, 1.0)",1,98.9034757513018,8390
"(0.9230769230769232, 1.0)",2,98.90326388587263,8392
"(0.9194577352472088, 1.0)",1,98.90321355686382,8393
"(0.9841269841269842, 1.0)",1,98.9027618489351,8394
"(0.9333333333333332, 0.9841269841269842)",1,98.90267924425524,8395
"(0.9704892057833234, 0.996078431372549)",1,98.90263085620668,8396
"(0.9466013071895424, 0.996078431372549)",1,98.90242504641168,8397
"(0.8611111111111112, 1.0)",1,98.902402654374,8398
"(0.9841269841269842, 1.0)",1,98.90230095990972,8399
"(0.875, 1.0)",1,98.90187082738234,8400
"(0.8666666666666667, 1.0)",1,98.9017316017316,8401
"(0.8339307048984469, 1.0)",1,98.90158107637116,8402
"(0.896551724137931, 1.0)",1,98.90118135376756,8403
"(0.896551724137931, 1.0)",1,98.90116459492728,8404
"(0.8129898303922073, 1.0)",2,98.90106690775352,8406
"(0.7777777777777776, 1.0)",1,98.9009274328968,8407
"(0.7410714285714286, 1.0)",1,98.90060734384738,8408
"(0.9135802469135802, 1.0)",1,98.90047068005536,8409
"(0.9213117283950616, 1.0)",1,98.90004718524207,8410
"(0.9879901960784314, 0.9742231395482168)",1,98.89993799859114,8411
"(1.0, 1.0)",1,98.89961729092168,8412
"(0.9886710239651416, 0.9916666666666668)",1,98.89930870494818,8413
"(0.948045267489712, 1.0)",1,98.8992968239115,8414
"(0.9172932330827066, 1.0)",2,98.89877471456418,8416
"(0.8888888888888888, 1.0)",1,98.8983063719906,8417
"(0.9674603174603176, 1.0)",1,98.8982944845645,8418
"(0.9047619047619048, 1.0)",2,98.8980563860808,8420
"(0.8616898148148148, 1.0)",1,98.89781005398429,8421
"(0.9224211423699916, 0.9841269841269842)",1,98.89731453160366,8422
"(0.9306746031746032, 1.0)",1,98.89681445426308,8423
"(0.9104993386243384, 1.0)",1,98.89673573753583,8424
"(0.8686868686868687, 1.0)",1,98.89649781243985,8425
"(0.9841269841269842, 1.0)",1,98.89637466525345,8426
"(0.9841269841269842, 1.0)",1,98.89632388180492,8427
"(0.875, 1.0)",2,98.8961318058185,8429
"(0.8817204301075269, 0.9841269841269842)",1,98.89606872617632,8430
"(0.8991666666666667, 1.0)",1,98.8956867161279,8431
"(0.9766612200435728, 0.996078431372549)",1,98.89545777514248,8432
"(0.9269637391618816, 0.9894736842105264)",2,98.89516371096926,8434
"(0.9881481481481482, 0.996078431372549)",1,98.8946044031648,8435
"(0.9230769230769232, 1.0)",2,98.89444187379854,8437
"(0.896551724137931, 1.0)",1,98.89425579987405,8438
"(0.9230769230769232, 1.0)",1,98.8942554521502,8439
"(0.9466013071895424, 0.996078431372549)",1,98.89410535399692,8440
"(0.95536349042541, 0.992156862745098)",1,98.89407408037428,8441
"(0.9803921568627452, 0.996078431372549)",1,98.89394481365116,8442
"(1.0, 1.0)",1,98.89378248219712,8443
"(0.9230769230769232, 1.0)",2,98.8934729260816,8445
"(0.9444444444444444, 1.0)",1,98.89321819679463,8446
"(0.9466013071895424, 0.996078431372549)",2,98.89313507277755,8448
"(0.9841269841269842, 1.0)",1,98.8924336533032,8449
"(0.8498168498168499, 1.0)",1,98.89231274700388,8450
"(0.980582788671024, 0.996078431372549)",1,98.89226905791564,8451
"(0.8888888888888888, 1.0)",1,98.89208097324038,8452
"(0.9047619047619048, 1.0)",1,98.89205218884857,8453
"(0.8271652864044169, 1.0)",1,98.8920229528312,8454
"(0.9333333333333332, 1.0)",1,98.89142387602764,8455
"(0.8686868686868687, 1.0)",1,98.89129542428776,8456
"(0.9, 1.0)",1,98.8911875648718,8457
"(0.865079365079365, 1.0)",1,98.89111678000734,8458
"(1.0, 1.0)",1,98.89026841381914,8459
"(0.8686868686868687, 1.0)",1,98.89015151515152,8460
"(0.9023809523809524, 1.0)",1,98.88985188587525,8461
"(0.8498168498168498, 0.9841269841269842)",1,98.88975592308933,8462
"(0.958531746031746, 1.0)",1,98.88957459974266,8463
"(0.8888888888888888, 1.0)",2,98.88952748807824,8465
"(0.9841269841269842, 1.0)",1,98.8894993894994,8466
"(0.8466625966625967, 0.9748677248677248)",1,98.88940781440772,8467
"(0.9674603174603176, 1.0)",1,98.88926311208922,8468
"(0.9333333333333332, 1.0)",1,98.88902799530985,8469
"(0.9841269841269842, 1.0)",1,98.88899084007788,8470
"(0.8888888888888888, 1.0)",1,98.88888888888889,8471
"(0.9333333333333332, 0.9841269841269842)",1,98.88860028860044,8472
"(0.9696969696969696, 1.0)",1,98.8884158986108,8473
"(0.8813492063492063, 1.0)",1,98.88830983592418,8474
"(0.9816305469556244, 0.996078431372549)",1,98.8882010657326,8475
"(0.9003279610194903, 1.0)",1,98.88810799412936,8476
"(0.8888888888888888, 1.0)",1,98.88804110723576,8477
"(0.9788235294117646, 0.9866666666666668)",1,98.88786897800053,8478
"(0.9886710239651416, 0.9879901960784314)",1,98.88784734787048,8479
"(0.9811403508771928, 0.9916666666666668)",1,98.88778125870226,8480
"(0.9507101086048454, 1.0)",1,98.88764335080128,8481
"(0.9886710239651416, 0.996078431372549)",1,98.88743535095172,8482
"(0.9230769230769232, 1.0)",2,98.88730652064,8484
"(0.9047619047619048, 1.0)",1,98.88718330419783,8485
"(0.8832772166105499, 1.0)",1,98.88684946620612,8486
"(0.8817204301075269, 1.0)",1,98.88646749082454,8487
"(0.9565217391304348, 1.0)",1,98.88646401907276,8488
"(0.9696969696969696, 0.9841269841269842)",1,98.8864326863817,8489
"(0.8686868686868687, 1.0)",1,98.88606719367591,8490
"(0.9886710239651416, 0.996078431372549)",1,98.88577863795062,8491
"(0.9109477124183006, 1.0)",1,98.88563934345672,8492
"(1.0, 1.0)",1,98.88543823326442,8493
"(0.8425925925925927, 0.9841269841269842)",1,98.88532763532778,8494
"(0.9202401372212692, 1.0)",1,98.8851502736706,8495
"(0.9644646747587924, 0.996078431372549)",1,98.88489913476889,8496
"(0.8817204301075269, 1.0)",1,98.88487036712554,8497
"(0.9565217391304348, 1.0)",1,98.88431616692486,8498
"(0.8883205456095482, 1.0)",1,98.88412973119752,8499
"(0.9272424525365702, 0.996078431372549)",1,98.88409257781557,8500
"(0.9696969696969696, 1.0)",1,98.88383838383838,8501
"(0.9674603174603176, 1.0)",1,98.8836987249268,8502
"(0.8952020202020202, 1.0)",1,98.88338514950324,8503
"(0.8904991948470209, 1.0)",1,98.8833221613542,8504
"(0.8622222222222222, 1.0)",1,98.88275689223056,8505
"(0.9047619047619048, 1.0)",1,98.8824152433348,8506
"(0.8345959595959597, 1.0)",4,98.8823733797844,8510
"(0.9841269841269842, 1.0)",1,98.88216045897212,8511
"(0.9320397146712937, 0.996078431372549)",1,98.88214989702496,8512
"(0.9248366013071896, 1.0)",1,98.88200769108708,8513
"(0.7708333333333334, 1.0)",1,98.88197385344124,8514
"(0.941156690746474, 0.996078431372549)",1,98.8818380770703,8515
"(0.9023809523809524, 0.9841269841269842)",1,98.8817833725729,8516
"(0.8888888888888888, 1.0)",2,98.88177152959764,8518
"(1.0, 1.0)",1,98.88172043010752,8519
"(0.9841269841269842, 1.0)",2,98.88161838161838,8521
"(0.8857001484413657, 0.9885627144491042)",1,98.88160626592308,8522
"(0.8803174603174604, 1.0)",1,98.88154523840682,8523
"(0.8271652864044169, 1.0)",2,98.8814797291461,8525
"(0.9168478260869564, 1.0)",1,98.881431771553,8526
"(1.0, 1.0)",1,98.88133435192265,8527
"(0.9224211423699916, 1.0)",1,98.88111522606418,8528
"(0.9565217391304348, 1.0)",1,98.88106157127896,8529
"(0.896551724137931, 1.0)",1,98.88099199147295,8530
"(0.9444444444444444, 1.0)",2,98.88060224089637,8532
"(0.7777777777777776, 1.0)",1,98.88038119288125,8533
"(0.9696969696969696, 1.0)",1,98.88032397709816,8534
"(0.8083333333333333, 1.0)",1,98.88030981291853,8535
"(0.9696969696969696, 1.0)",1,98.88007839398271,8536
"(0.9565217391304348, 1.0)",2,98.87997469519208,8538
"(0.808641975308642, 1.0)",1,98.87994904811497,8539
"(0.9399138116785176, 0.996078431372549)",1,98.87914510424623,8540
"(0.9206349206349206, 1.0)",1,98.8790274603093,8541
"(0.9224211423699916, 1.0)",1,98.8789226746691,8542
"(0.896551724137931, 1.0)",1,98.8788704986764,8543
"(1.0, 1.0)",1,98.87839417694492,8544
"(0.9224211423699916, 1.0)",1,98.87788543116764,8545
"(0.9841269841269842, 1.0)",2,98.87785996195043,8547
"(0.896551724137931, 1.0)",1,98.87783515381956,8548
"(0.8468468468468467, 0.9841269841269842)",1,98.8777354429529,8549
"(0.9507101086048454, 1.0)",2,98.87719069622877,8551
"(0.8518518518518519, 1.0)",2,98.87697595427612,8553
"(0.9135802469135802, 0.9841269841269842)",1,98.87693712395472,8554
"(0.9507101086048454, 0.9841269841269842)",1,98.87675208087116,8555
"(0.896551724137931, 1.0)",1,98.87670302211532,8556
"(0.9363636363636364, 1.0)",1,98.8764654663942,8557
"(0.9386724386724388, 1.0)",1,98.87601462203796,8558
"(0.8170426065162907, 1.0)",1,98.87578034623228,8559
"(0.8425925925925927, 1.0)",2,98.87566137566152,8561
"(0.9333333333333332, 1.0)",4,98.87552938018054,8565
"(0.992156862745098, 0.996078431372549)",1,98.8752994724812,8566
"(0.896551724137931, 1.0)",1,98.875183437812,8567
"(0.9224211423699916, 1.0)",1,98.874837110728,8568
"(0.8888888888888888, 1.0)",1,98.87424667780618,8569
"(0.9047619047619048, 1.0)",1,98.8739965443913,8570
"(1.0, 1.0)",2,98.87392928484884,8572
"(0.932852564102564, 1.0)",1,98.87390112834208,8573
"(0.8571428571428572, 1.0)",1,98.87354526241324,8574
"(0.9841269841269842, 1.0)",1,98.87352751901652,8575
"(0.9194577352472088, 1.0)",1,98.8735247208932,8576
"(0.9047619047619048, 1.0)",1,98.87325724315468,8577
"(0.9386724386724388, 1.0)",2,98.8732326717834,8579
"(0.875, 0.9841269841269842)",1,98.87322538572546,8580
"(0.8518518518518519, 1.0)",1,98.8728453126805,8581
"(0.9816305469556244, 0.9877450980392156)",1,98.87275070102456,8582
"(0.8373015873015873, 1.0)",1,98.87248293842497,8583
"(0.9696969696969696, 1.0)",1,98.8724493536676,8584
"(0.875, 1.0)",1,98.87243097322852,8585
"(0.9886710239651416, 0.9916666666666668)",1,98.87235118849368,8586
"(0.808641975308642, 1.0)",1,98.87223802837842,8587
"(0.9135802469135802, 1.0)",1,98.87219978654004,8588
"(0.8977777777777779, 1.0)",2,98.8719083171257,8590
"(0.9023569023569024, 1.0)",1,98.87175741513316,8591
"(0.9696969696969696, 1.0)",1,98.871587799174,8592
"(0.9230769230769232, 1.0)",1,98.87139699862811,8593
"(0.9243650793650792, 1.0)",2,98.8706194882875,8595
"(0.9333333333333332, 1.0)",4,98.87056277056276,8599
"(0.7460317460317459, 0.9841269841269842)",1,98.86996010525428,8600
"(0.9841269841269842, 1.0)",1,98.8698695024782,8601
"(0.9696969696969696, 1.0)",1,98.86957486957488,8602
"(0.9047619047619048, 1.0)",1,98.86947976228342,8603
"(0.8571428571428572, 1.0)",1,98.86936260269592,8604
"(0.9320397146712937, 0.992156862745098)",1,98.86901908806698,8605
"(0.8271652864044169, 1.0)",3,98.8689472631972,8608
"(0.8870701058201058, 1.0)",1,98.86883159076142,8609
"(0.8666666666666667, 1.0)",1,98.86832301202044,8610
"(0.8468468468468467, 1.0)",2,98.86821792421372,8612
"(0.9803921568627452, 0.996078431372549)",1,98.86771847920456,8613
"(0.8611111111111112, 1.0)",1,98.86706066986436,8614
"(0.8888888888888888, 1.0)",1,98.86668811668812,8615
"(0.9444444444444444, 1.0)",1,98.86660788206594,8616
"(0.936026936026936, 1.0)",1,98.86655266711368,8617
"(0.8571428571428572, 1.0)",1,98.86633943529036,8618
"(0.9886710239651416, 0.996078431372549)",1,98.86625018428424,8619
"(0.9841269841269842, 1.0)",1,98.86622374560665,8620
"(0.8817204301075269, 1.0)",2,98.8661411346182,8622
"(0.896551724137931, 0.9841269841269842)",1,98.8660765096048,8623
"(0.896551724137931, 1.0)",1,98.86525507832224,8624
"(0.919047619047619, 1.0)",1,98.86510233593567,8625
"(0.8253968253968256, 1.0)",1,98.86456676893384,8626
"(0.5, 0.9841269841269842)",1,98.86416964677842,8627
"(0.9565217391304348, 1.0)",1,98.86404027423528,8628
"(0.896551724137931, 1.0)",1,98.86388023985356,8629
"(0.7625830959164293, 1.0)",1,98.86377294471498,8630
"(0.8888888888888888, 1.0)",1,98.86324143692572,8631
"(0.9224211423699916, 1.0)",1,98.8625254824744,8632
"(0.9230769230769232, 1.0)",1,98.86252465210552,8633
"(0.936026936026936, 1.0)",1,98.86248103748105,8634
"(0.883580779054917, 1.0)",1,98.86243126076018,8635
"(0.9230769230769232, 1.0)",1,98.86216194528215,8636
"(0.9444444444444444, 1.0)",1,98.86190969524309,8637
"(1.0, 1.0)",4,98.86190476190475,8641
"(0.9565217391304348, 1.0)",1,98.86158241375264,8642
"(0.9444444444444444, 1.0)",1,98.86125217714306,8643
"(0.9135802469135802, 1.0)",1,98.86118811312002,8644
"(0.9224211423699916, 1.0)",1,98.8609132058622,8645
"(0.9224211423699916, 0.9841269841269842)",1,98.86091320586218,8646
"(0.9565217391304348, 1.0)",1,98.8607300627761,8647
"(0.949639417170377, 0.9882352941176472)",1,98.86034315295838,8648
"(0.8345959595959597, 1.0)",1,98.86007409331998,8649
"(0.904126984126984, 1.0)",2,98.85954868231184,8651
"(0.954722222222222, 0.996078431372549)",1,98.85938743794486,8652
"(0.8257407407407408, 1.0)",1,98.85925307151088,8653
"(0.6875653082549634, 1.0)",1,98.85897092893596,8654
"(0.9521720185658804, 0.996078431372549)",1,98.8587879819462,8655
"(0.896551724137931, 1.0)",1,98.85872887358065,8656
"(0.8055555555555555, 1.0)",1,98.85862957281722,8657
"(0.9851851851851852, 0.992156862745098)",1,98.85861738033633,8658
"(1.0, 1.0)",2,98.85858585858584,8660
"(0.9740143369175628, 1.0)",1,98.85842708486857,8661
"(0.9803921568627452, 0.996078431372549)",2,98.85819156362504,8663
"(0.5, 1.0)",1,98.85776908276912,8664
"(0.8817204301075269, 1.0)",1,98.85747840952683,8665
"(0.896551724137931, 1.0)",1,98.85742036908589,8666
"(0.9549131554246644, 0.992156862745098)",1,98.85723481279338,8667
"(0.8253968253968256, 1.0)",2,98.85701057128594,8669
"(0.9192251461988304, 0.996078431372549)",1,98.85672196552296,8670
"(0.8857001484413657, 1.0)",2,98.85643983700083,8672
"(0.9841269841269842, 1.0)",1,98.856291279842,8673
"(0.9696969696969696, 1.0)",1,98.85571478330098,8674
"(0.9289529914529916, 1.0)",1,98.85529524807828,8675
"(0.8312992626493769, 1.0)",2,98.85520606870224,8677
"(0.9172932330827066, 1.0)",2,98.85496845924898,8679
"(0.909209656084656, 1.0)",1,98.8547618608348,8680
"(0.9696969696969696, 1.0)",1,98.85475683736556,8681
"(0.9696969696969696, 1.0)",1,98.85471207840402,8682
"(0.9168115942028986, 0.996078431372549)",1,98.85427814215517,8683
"(0.9841269841269842, 1.0)",4,98.854247902635,8687
"(0.9023569023569024, 0.9696969696969696)",1,98.85371375914356,8688
"(0.9135802469135802, 1.0)",1,98.85369568702902,8689
"(0.9800599128540306, 0.996078431372549)",1,98.8535323291288,8690
"(0.9696969696969696, 1.0)",2,98.85338746455568,8692
"(0.8991666666666667, 1.0)",1,98.85337259146084,8693
"(0.919047619047619, 1.0)",2,98.85293874416686,8695
"(0.9483440170940168, 0.986574074074074)",1,98.85239227556416,8696
"(0.9916666666666668, 0.9916666666666668)",1,98.85239089553956,8697
"(0.8266666666666667, 1.0)",1,98.85209457209456,8698
"(0.8055555555555555, 1.0)",1,98.85200734090894,8699
"(0.8991666666666667, 1.0)",1,98.85175608267072,8700
"(0.9047619047619048, 1.0)",1,98.85158990307733,8701
"(0.8338275775775775, 1.0)",1,98.851091308128,8702
"(0.9047619047619048, 1.0)",2,98.8508978610928,8704
"(0.8129629629629629, 1.0)",1,98.85085576457271,8705
"(0.9202401372212692, 1.0)",1,98.8508384170179,8706
"(0.9230769230769232, 1.0)",1,98.85075391024375,8707
"(0.9696969696969696, 1.0)",1,98.85045494916368,8708
"(0.9109477124183006, 1.0)",1,98.85008000757878,8709
"(0.9230769230769232, 1.0)",1,98.84997750787228,8710
"(0.9047619047619048, 1.0)",1,98.84968413229282,8711
"(0.9465811965811968, 1.0)",1,98.84946244170824,8712
"(0.9841269841269842, 1.0)",1,98.84935064935064,8713
"(0.9707143676183924, 0.996078431372549)",1,98.84927324719712,8714
"(0.9466207660652104, 1.0)",4,98.8492385363874,8718
"(0.8952380952380952, 1.0)",1,98.84881997500344,8719
"(0.808641975308642, 0.9841269841269842)",1,98.84868342791384,8720
"(0.8888888888888888, 1.0)",1,98.84859307359312,8721
"(0.9696969696969696, 1.0)",1,98.84859221307129,8722
"(0.9230769230769232, 1.0)",1,98.8485158116737,8723
"(0.8271652864044169, 1.0)",1,98.84842951600196,8724
"(0.8952020202020202, 1.0)",1,98.84811853285576,8725
"(0.9172932330827066, 1.0)",1,98.84803675856308,8726
"(0.9841269841269842, 1.0)",1,98.84777084831434,8727
"(0.8977777777777779, 0.9841269841269842)",1,98.84759228851198,8728
"(1.0, 1.0)",1,98.84758089540698,8729
"(0.9579248366013072, 0.9916666666666668)",1,98.84747190689129,8730
"(0.9696969696969696, 1.0)",1,98.84744914583624,8731
"(0.7410714285714286, 1.0)",1,98.84718599033816,8732
"(0.9361896888751108, 0.992156862745098)",1,98.84718389824972,8733
"(0.9841269841269842, 1.0)",4,98.84672861014324,8737
"(0.9841269841269842, 1.0)",1,98.84668720549726,8738
"(0.7141994478951, 1.0)",1,98.84664437816612,8739
"(0.8518518518518519, 1.0)",1,98.8466147118321,8740
"(0.9135802469135802, 1.0)",1,98.8465677272695,8741
"(0.9135802469135802, 1.0)",4,98.84624017957351,8745
"(0.8415692007797271, 1.0)",2,98.84607026144572,8747
"(0.8832772166105499, 1.0)",1,98.84587310025908,8748
"(0.8817204301075269, 1.0)",1,98.84554954100798,8749
"(0.9047619047619048, 1.0)",1,98.8450960803902,8750
"(0.9696969696969696, 1.0)",2,98.84508861727558,8752
"(0.9444444444444444, 1.0)",1,98.8449912660439,8753
"(0.8498168498168498, 1.0)",1,98.84462204462211,8754
"(0.8518518518518519, 1.0)",1,98.8444745069746,8755
"(0.7765567765567766, 1.0)",2,98.84441946941948,8757
"(0.9641868969810148, 0.996078431372549)",1,98.84437827635033,8758
"(0.9855521155830752, 0.9916666666666668)",1,98.84413161170887,8759
"(1.0, 0.9841269841269842)",2,98.84401154401174,8761
"(0.8518518518518519, 1.0)",1,98.84397180918936,8762
"(0.9230769230769232, 1.0)",2,98.84362442402724,8764
"(0.9047619047619048, 1.0)",1,98.84270893103844,8765
"(0.9386724386724388, 1.0)",1,98.84240272227088,8766
"(0.8589726631393297, 1.0)",1,98.8423216808124,8767
"(1.0, 1.0)",2,98.84231850021324,8769
"(0.8763636363636363, 1.0)",1,98.84200599249834,8770
"(0.8888888888888888, 1.0)",1,98.84191504030214,8771
"(0.9444444444444444, 1.0)",1,98.84174762435632,8772
"(0.9023809523809524, 1.0)",1,98.8415671164875,8773
"(0.9841269841269842, 1.0)",1,98.84130190796868,8774
"(0.875, 1.0)",2,98.84128492845124,8776
"(1.0, 1.0)",1,98.8411955194564,8777
"(0.8547544409613373, 1.0)",1,98.84102870076096,8778
"(0.9047619047619048, 1.0)",1,98.84090754017224,8779
"(0.8518518518518519, 1.0)",1,98.8407407407408,8780
"(0.8264567669172932, 1.0)",1,98.84073345153828,8781
"(0.8888888888888888, 1.0)",1,98.84047203885912,8782
"(0.8616898148148148, 0.986574074074074)",1,98.84010229988036,8783
"(0.984504357298475, 0.996078431372549)",1,98.84009776371988,8784
"(0.9696969696969696, 1.0)",1,98.84009080350545,8785
"(0.8817204301075269, 0.9841269841269842)",1,98.83947846154985,8786
"(0.9620227038183696, 0.992156862745098)",1,98.83895338837272,8787
"(0.9565217391304348, 1.0)",1,98.8386252566858,8788
"(0.8729166666666666, 1.0)",1,98.83857778055436,8789
"(0.8415692007797271, 0.986574074074074)",1,98.83857331958498,8790
"(0.8627450980392157, 0.9696969696969696)",1,98.83837440700188,8791
"(0.8622222222222222, 1.0)",1,98.8382191250484,8792
"(0.875, 1.0)",1,98.83820346320356,8793
"(0.9444444444444444, 1.0)",1,98.83809523809532,8794
"(0.9444444444444444, 1.0)",1,98.83795512056382,8795
"(0.962458433665864, 0.996078431372549)",2,98.83783113242302,8797
"(0.9696969696969696, 1.0)",1,98.8376961203048,8798
"(0.8977777777777779, 1.0)",1,98.83717171717171,8799
"(0.9230769230769232, 1.0)",1,98.8369531031358,8800
"(0.95536349042541, 0.992156862745098)",1,98.83687338841334,8801
"(0.8547544409613373, 1.0)",1,98.83678466084322,8802
"(0.9135802469135802, 1.0)",1,98.83654943458863,8803
"(0.9244767367135788, 0.996078431372549)",1,98.83632655086554,8804
"(0.8888888888888888, 1.0)",1,98.83576774446156,8805
"(0.8904991948470209, 1.0)",1,98.8353296990147,8806
"(0.8468468468468467, 1.0)",1,98.8350799916022,8807
"(0.8888888888888888, 0.9841269841269842)",1,98.83480626849862,8808
"(0.8817204301075269, 1.0)",1,98.83434419873214,8809
"(0.9841269841269842, 1.0)",2,98.8340964688528,8811
"(0.9333333333333332, 1.0)",1,98.83403019744485,8812
"(0.9444444444444444, 1.0)",1,98.8339221165308,8813
"(0.909722222222222, 0.992156862745098)",1,98.83379451015662,8814
"(0.9841269841269842, 1.0)",1,98.83288221879796,8815
"(0.9841269841269842, 1.0)",1,98.8327572997064,8816
"(0.683375104427736, 1.0)",1,98.8326377446324,8817
"(0.9465811965811968, 1.0)",1,98.83218251300931,8818
"(0.9135802469135802, 1.0)",2,98.83193732619024,8820
"(0.8376068376068376, 1.0)",1,98.83182897445026,8821
"(0.9358798064680418, 0.996078431372549)",1,98.83180108002152,8822
"(0.9230769230769232, 0.9841269841269842)",1,98.83157049905446,8823
"(0.9230769230769232, 1.0)",1,98.83096768901498,8824
"(0.8498168498168498, 1.0)",1,98.83076923076932,8825
"(0.9230769230769232, 1.0)",1,98.83069368902702,8826
"(1.0, 1.0)",1,98.83020361281233,8827
"(1.0, 1.0)",1,98.82986232986232,8828
"(0.9047619047619048, 1.0)",1,98.82984587920627,8829
"(0.9248366013071896, 1.0)",1,98.829833501253,8830
"(0.9565217391304348, 1.0)",1,98.8297555101903,8831
"(0.8616898148148148, 1.0)",1,98.82958609836912,8832
"(0.9444444444444444, 1.0)",1,98.8286541889483,8833
"(0.937878787878788, 1.0)",1,98.82824865193288,8834
"(0.954722222222222, 0.996078431372549)",2,98.82749583381111,8836
"(1.0, 1.0)",1,98.82747004785986,8837
"(0.9816305469556244, 0.9916666666666668)",1,98.82736534858016,8838
"(0.9816305469556244, 0.996078431372549)",1,98.82729169265544,8839
"(0.9841269841269842, 1.0)",1,98.82726423902896,8840
"(0.8977777777777779, 1.0)",1,98.82717527239268,8841
"(0.9465811965811968, 1.0)",1,98.82713156831484,8842
"(0.8258037694013303, 1.0)",1,98.82669551834084,8843
"(0.9816305469556244, 0.996078431372549)",1,98.8265074931574,8844
"(0.8763636363636363, 1.0)",2,98.82649911220292,8846
"(0.8803174603174604, 1.0)",1,98.82646672168418,8847
"(0.900854700854701, 1.0)",1,98.82641668676152,8848
"(0.8977777777777779, 1.0)",4,98.8263492063492,8852
"(1.0, 1.0)",2,98.82623224728488,8854
"(0.9445350241545892, 1.0)",1,98.82598577398656,8855
"(0.9049919484702094, 1.0)",1,98.82597849704295,8856
"(0.900854700854701, 1.0)",1,98.82584045787443,8857
"(0.9135802469135802, 1.0)",2,98.82568031159992,8859
"(0.9230769230769232, 1.0)",1,98.82561239082978,8860
"(0.9591269841269842, 0.996078431372549)",1,98.82552939892511,8861
"(0.947088068181818, 0.986574074074074)",1,98.82545447692452,8862
"(0.9847494553376906, 0.996078431372549)",1,98.82486723510588,8863
"(0.9674603174603176, 1.0)",1,98.82452742967618,8864
"(0.9047619047619048, 1.0)",1,98.82449700263238,8865
"(0.9243650793650792, 1.0)",1,98.82443827662836,8866
"(0.8832772166105499, 1.0)",2,98.82443820615865,8868
"(0.9696969696969696, 1.0)",1,98.82442974994126,8869
"(0.978144708175668, 0.996078431372549)",1,98.82441373396524,8870
"(0.9365750528541228, 1.0)",1,98.82426376237932,8871
"(0.9399138116785176, 0.992156862745098)",2,98.82412066952112,8873
"(0.9841269841269842, 1.0)",1,98.82358168147653,8874
"(0.9135802469135802, 0.9841269841269842)",1,98.82341974874846,8875
"(0.8468468468468467, 1.0)",1,98.82326556389523,8876
"(1.0, 1.0)",1,98.82256613187278,8877
"(0.9230769230769232, 1.0)",1,98.82240421802626,8878
"(0.9641868969810148, 0.992156862745098)",1,98.82238800319791,8879
"(0.8686868686868687, 1.0)",1,98.8223665223666,8880
"(0.9206349206349206, 1.0)",1,98.82224076513934,8881
"(1.0, 1.0)",1,98.82177100804104,8882
"(0.8053221288515406, 1.0)",1,98.82168042655658,8883
"(0.9881481481481482, 0.992156862745098)",1,98.82164438502669,8884
"(0.875, 1.0)",1,98.82127733377747,8885
"(0.9358798064680418, 0.996078431372549)",1,98.82122044290844,8886
"(0.9466013071895424, 0.992156862745098)",1,98.82118102813205,8887
"(0.9866666666666668, 0.992156862745098)",1,98.8211172778444,8888
"(1.0, 1.0)",1,98.82104764860756,8889
"(0.8888888888888888, 1.0)",1,98.8205055480918,8890
"(1.0, 1.0)",1,98.82044766827376,8891
"(0.9609224859534458, 0.996078431372549)",1,98.81996730586702,8892
"(0.909209656084656, 1.0)",1,98.81958061824588,8893
"(0.8888888888888888, 1.0)",1,98.81948051948063,8894
"(1.0, 1.0)",1,98.8192480154117,8895
"(0.9847494553376906, 0.992156862745098)",1,98.81906386956682,8896
"(0.8350168350168351, 1.0)",1,98.81896068259762,8897
"(0.9243650793650792, 1.0)",1,98.8188908815755,8898
"(0.8468468468468467, 1.0)",1,98.81886622647492,8899
"(0.9731377053745476, 0.996078431372549)",1,98.81843198142867,8900
"(0.875, 1.0)",1,98.81810963544598,8901
"(0.8864468864468864, 1.0)",1,98.81786286539796,8902
"(0.8559368191721133, 1.0)",1,98.81774310050356,8903
"(0.8666666666666667, 1.0)",1,98.81707925294658,8904
"(0.896551724137931, 1.0)",1,98.81672413696272,8905
"(0.9565217391304348, 1.0)",4,98.8166948993036,8909
"(0.9243650793650792, 1.0)",1,98.81623093993916,8910
"(0.9224211423699916, 1.0)",1,98.81615527500574,8911
"(0.8666666666666667, 1.0)",1,98.8159773826457,8912
"(0.9230769230769232, 1.0)",1,98.81589014849888,8913
"(0.8417927170868348, 0.996078431372549)",1,98.8158818469326,8914
"(0.9427450980392156, 0.996078431372549)",1,98.81586995811968,8915
"(1.0, 1.0)",3,98.81585718688052,8918
"(0.9466013071895424, 0.992156862745098)",1,98.81571106054432,8919
"(1.0, 1.0)",1,98.8153328153328,8920
"(0.9230769230769232, 1.0)",1,98.81523153979418,8921
"(0.8817204301075269, 1.0)",1,98.8150980845378,8922
"(0.8977777777777779, 1.0)",1,98.81508801324658,8923
"(0.9172932330827066, 0.9841269841269842)",1,98.81500046412344,8924
"(0.9230116959064328, 0.9894736842105264)",1,98.81491121028292,8925
"(0.8888888888888888, 1.0)",1,98.81480851607894,8926
"(0.8345959595959597, 1.0)",1,98.81473672653006,8927
"(0.9386724386724388, 1.0)",2,98.81431336033668,8929
"(0.8904991948470209, 1.0)",1,98.81428863845412,8930
"(0.7410714285714286, 1.0)",2,98.81408119310602,8932
"(0.8402777777777779, 1.0)",1,98.81366932875554,8933
"(0.9841269841269842, 1.0)",4,98.81352364110984,8937
"(0.8498168498168499, 0.9841269841269842)",1,98.81327334572237,8938
"(1.0, 1.0)",1,98.81326821326822,8939
"(0.9674603174603176, 1.0)",2,98.8131514859322,8941
"(1.0, 1.0)",1,98.81297202165324,8942
"(0.9841269841269842, 1.0)",2,98.81280076652394,8944
"(0.8271652864044169, 1.0)",1,98.8127128615056,8945
"(0.8858975827700768, 0.9885627144491042)",1,98.81268787514156,8946
"(0.8666666666666667, 1.0)",2,98.81258020182165,8948
"(0.9243650793650792, 1.0)",1,98.81254839316836,8949
"(0.6403503049675462, 0.9885627144491042)",1,98.81212595592568,8950
"(0.9109477124183006, 1.0)",1,98.81208179988916,8951
"(1.0, 1.0)",1,98.81198134203984,8952
"(0.965272331154684, 0.9916666666666668)",1,98.81157649736711,8953
"(0.740829346092504, 1.0)",1,98.81136762953123,8954
"(0.875, 1.0)",1,98.8111613319364,8955
"(0.896551724137931, 1.0)",2,98.81108047024568,8957
"(0.9841269841269842, 1.0)",1,98.81095917292453,8958
"(0.9230769230769232, 1.0)",1,98.81094172899446,8959
"(0.8013468013468013, 0.9841269841269842)",3,98.81081947842826,8962
"(0.8571428571428572, 1.0)",1,98.81076807534896,8963
"(0.8888888888888888, 1.0)",1,98.81041106041106,8964
"(1.0, 0.9841269841269842)",1,98.8098013098014,8965
"(0.8888888888888888, 1.0)",1,98.809764817289,8966
"(0.9194577352472088, 1.0)",1,98.80971664999127,8967
"(0.8991666666666667, 1.0)",1,98.8096876507972,8968
"(0.909722222222222, 1.0)",1,98.80954501151872,8969
"(0.9444444444444444, 1.0)",1,98.80931699808512,8970
"(0.883876357560568, 1.0)",1,98.80925891799214,8971
"(0.8345959595959597, 1.0)",1,98.80909121231424,8972
"(0.9351258309591644, 1.0)",1,98.80900220184569,8973
"(0.8376068376068376, 1.0)",1,98.80838395649609,8974
"(0.7777777777777776, 0.9841269841269842)",1,98.80835554833858,8975
"(0.9333333333333332, 1.0)",1,98.80834139850234,8976
"(0.9565217391304348, 1.0)",1,98.80834041853538,8977
"(0.8729166666666666, 1.0)",2,98.80814383086728,8979
"(0.9214340198321892, 1.0)",1,98.80796402230422,8980
"(0.8817204301075269, 1.0)",1,98.80793913893493,8981
"(0.8571024784182679, 0.996078431372549)",1,98.80778722710618,8982
"(0.8571428571428572, 1.0)",2,98.8077412783295,8984
"(0.9467538126361656, 0.992156862745098)",1,98.8077083559714,8985
"(0.9230116959064328, 0.9894736842105264)",1,98.80758537936576,8986
"(0.8053221288515406, 1.0)",1,98.80725041212656,8987
"(0.9466013071895424, 0.996078431372549)",1,98.80687989046548,8988
"(0.896551724137931, 1.0)",1,98.80657720225304,8989
"(0.9224211423699916, 1.0)",2,98.80642435890788,8991
"(0.9236094950800832, 0.996078431372549)",1,98.80632576415756,8992
"(0.9333333333333332, 1.0)",1,98.80616098876976,8993
"(0.8817204301075269, 1.0)",1,98.80615208682818,8994
"(0.941156690746474, 0.996078431372549)",1,98.80579572371218,8995
"(0.8299319727891157, 1.0)",1,98.80564201828687,8996
"(0.9568181818181818, 0.996078431372549)",1,98.80563237113626,8997
"(0.9172932330827066, 0.9841269841269842)",1,98.80544952123915,8998
"(0.9840686274509804, 0.9788235294117646)",1,98.80522560486185,8999
"(0.9269637391618816, 0.9894736842105264)",1,98.8046044490474,9000
"(0.8817204301075269, 1.0)",1,98.804471549655,9001
"(0.7971704623878537, 0.992156862745098)",1,98.80371853441903,9002
"(0.8, 1.0)",2,98.80289498591704,9004
"(0.7777777777777776, 1.0)",4,98.80265202260092,9008
"(0.8253968253968256, 1.0)",1,98.80232048484412,9009
"(0.7777777777777776, 1.0)",1,98.80228259394934,9010
"(1.0, 1.0)",1,98.80227148684097,9011
"(0.75, 1.0)",1,98.80211274233014,9012
"(0.9333333333333332, 1.0)",2,98.80210466920994,9014
"(0.8731060606060606, 0.986574074074074)",2,98.80184056220769,9016
"(0.9841269841269842, 1.0)",2,98.80112713373585,9018
"(0.8888888888888888, 1.0)",1,98.8010685624116,9019
"(0.9333333333333332, 1.0)",2,98.80094599769396,9021
"(0.9168478260869564, 1.0)",1,98.80084516760856,9022
"(0.9565217391304348, 1.0)",4,98.80072691666896,9026
"(0.8904991948470209, 1.0)",1,98.8006856513264,9027
"(0.9172932330827066, 1.0)",2,98.80031368517496,9029
"(0.9047619047619048, 1.0)",1,98.8001501186985,9030
"(0.8888888888888888, 1.0)",1,98.7999124434083,9031
"(0.9047619047619048, 1.0)",2,98.79960486133638,9033
"(0.8958964646464646, 1.0)",1,98.79953628226276,9034
"(1.0, 1.0)",1,98.79895225547398,9035
"(0.962458433665864, 0.996078431372549)",1,98.79886718430063,9036
"(0.984504357298475, 0.992156862745098)",1,98.7983305895457,9037
"(0.919047619047619, 0.9696969696969696)",1,98.7978154561488,9038
"(0.8883205456095482, 1.0)",1,98.79770734542576,9039
"(0.8611111111111112, 1.0)",1,98.79763652748407,9040
"(0.9224211423699916, 0.9696969696969696)",1,98.79759098042015,9041
"(0.9841269841269842, 1.0)",1,98.79694181288384,9042
"(0.9465811965811968, 1.0)",1,98.79657327751,9043
"(0.9696969696969696, 1.0)",2,98.79645341239544,9045
"(0.8888888888888888, 1.0)",1,98.79555875585292,9046
"(0.9465811965811968, 0.986574074074074)",1,98.79530641473542,9047
"(0.9223809523809524, 1.0)",1,98.79529294138752,9048
"(0.8498168498168498, 1.0)",1,98.79522010556494,9049
"(0.9333333333333332, 1.0)",2,98.79496770161732,9051
"(0.9059134765017116, 0.992156862745098)",1,98.79483693636936,9052
"(0.865079365079365, 1.0)",1,98.7943940240452,9053
"(1.0, 0.9841269841269842)",2,98.7940591487504,9055
"(0.8888888888888888, 1.0)",1,98.79382715412132,9056
"(0.9841269841269842, 1.0)",1,98.79357038842164,9057
"(0.8750600325600326, 1.0)",1,98.79350785611628,9058
"(0.9841269841269842, 1.0)",1,98.79345579345578,9059
"(0.9841269841269842, 1.0)",2,98.79315833016707,9061
"(0.9047619047619048, 1.0)",1,98.79297862631196,9062
"(0.980582788671024, 0.9925925925925926)",1,98.79289297590375,9063
"(0.908998988877654, 1.0)",1,98.79286413636348,9064
"(1.0, 1.0)",1,98.7928583567764,9065
"(0.9214340198321892, 1.0)",1,98.79282685463966,9066
"(0.8571024784182679, 0.996078431372549)",1,98.79264747918909,9067
"(0.8888888888888888, 1.0)",1,98.79264214046832,9068
"(0.896551724137931, 1.0)",1,98.7925408185252,9069
"(0.8109668109668109, 1.0)",2,98.79209106071852,9071
"(0.9197362278244632, 0.996078431372549)",1,98.79187001190228,9072
"(0.9333333333333332, 1.0)",1,98.7912473491422,9073
"(0.896551724137931, 1.0)",1,98.79086728565488,9074
"(0.9230769230769232, 1.0)",1,98.7908017908018,9075
"(0.8151260504201681, 1.0)",1,98.7907746192576,9076
"(0.9230116959064328, 0.9894736842105264)",1,98.7905441528428,9077
"(0.9327249496289745, 0.9894736842105264)",1,98.7904282848787,9078
"(0.9449122174122172, 0.992156862745098)",2,98.79039122029296,9080
"(0.9047619047619048, 1.0)",1,98.78990156282424,9081
"(0.9135802469135802, 1.0)",1,98.78960012280795,9082
"(0.9704892057833234, 0.996078431372549)",1,98.78920377071604,9083
"(1.0, 1.0)",1,98.7890601818638,9084
"(0.8915343915343915, 1.0)",1,98.78870976746455,9085
"(0.9272424525365702, 0.996078431372549)",1,98.78830991696422,9086
"(0.904126984126984, 1.0)",1,98.78830620404084,9087
"(0.875, 1.0)",1,98.78804402860467,9088
"(0.8264567669172932, 1.0)",1,98.78752038529446,9089
"(0.8817204301075269, 1.0)",1,98.7872662766542,9090
"(0.9135802469135802, 1.0)",1,98.78720662053996,9091
"(0.8864468864468864, 1.0)",1,98.786837840561,9092
"(0.9445350241545892, 1.0)",1,98.7867012400573,9093
"(0.9444444444444444, 1.0)",1,98.78664229236315,9094
"(1.0, 1.0)",1,98.78660324472344,9095
"(0.8897707231040564, 1.0)",2,98.78648475786156,9097
"(0.9172932330827066, 0.9841269841269842)",1,98.7861404352634,9098
"(0.9248591174906964, 0.992156862745098)",1,98.7860466925293,9099
"(0.9841269841269842, 1.0)",2,98.78597630016397,9101
"(0.8888888888888888, 1.0)",1,98.78556998557004,9102
"(1.0, 1.0)",1,98.78532645749873,9103
"(0.9444444444444444, 1.0)",2,98.78516830338916,9105
"(0.9841269841269842, 1.0)",1,98.78512846802327,9106
"(0.8350168350168351, 1.0)",2,98.7848575881824,9108
"(0.9364583333333332, 1.0)",1,98.78470516544893,9109
"(0.9213117283950616, 1.0)",1,98.78447772705016,9110
"(0.9213117283950616, 1.0)",1,98.7842462455687,9111
"(0.8488297541238717, 0.9851851851851852)",1,98.78383984493888,9112
"(0.9610423116615068, 0.996078431372549)",1,98.7832255237264,9113
"(1.0, 1.0)",1,98.78280191342094,9114
"(0.8763636363636363, 1.0)",1,98.7826269636796,9115
"(0.9444444444444444, 1.0)",1,98.78248396132646,9116
"(0.9230769230769232, 1.0)",1,98.78244074765816,9117
"(0.9172932330827066, 1.0)",1,98.78225929856028,9118
"(0.9445350241545892, 1.0)",1,98.7822408792782,9119
"(0.9444444444444444, 1.0)",1,98.78222216006576,9120
"(0.9138847117794486, 0.996078431372549)",1,98.7822205996045,9121
"(0.9445350241545892, 1.0)",1,98.78219102343414,9122
"(0.833064949006978, 1.0)",1,98.78217236333182,9123
"(0.8402777777777779, 1.0)",1,98.78204094712716,9124
"(0.8425925925925927, 1.0)",1,98.78184223184238,9125
"(0.9886710239651416, 0.964404761904762)",1,98.78164007062276,9126
"(0.896551724137931, 1.0)",1,98.78124480883108,9127
"(0.9192251461988304, 0.996078431372549)",1,98.78054889156856,9128
"(0.8888888888888888, 1.0)",2,98.78047481308352,9130
"(0.8729166666666666, 0.986574074074074)",1,98.78047089242146,9131
"(0.8686868686868687, 1.0)",1,98.7803851282112,9132
"(0.909722222222222, 1.0)",1,98.78033658919968,9133
"(0.9841269841269842, 1.0)",4,98.78003974345438,9137
"(0.9248591174906964, 0.996078431372549)",1,98.77981351967902,9138
"(0.8170426065162907, 1.0)",1,98.7794767805294,9139
"(0.8415692007797271, 1.0)",2,98.77929423215178,9141
"(0.9224211423699916, 0.9696969696969696)",2,98.7792556658712,9143
"(0.9483440170940168, 1.0)",1,98.77876073374502,9144
"(0.8425925925925927, 0.9841269841269842)",2,98.77801827801842,9146
"(0.9841269841269842, 1.0)",1,98.77797176058046,9147
"(0.9135802469135802, 1.0)",1,98.77786108821354,9148
"(0.9047619047619048, 1.0)",1,98.77769885847688,9149
"(0.9364583333333332, 1.0)",1,98.7775513672452,9150
"(0.9444444444444444, 1.0)",1,98.7774447774448,9151
"(0.875, 1.0)",1,98.77721931640696,9152
"(0.9881481481481482, 0.9886710239651416)",1,98.77719924812024,9153
"(0.8976612797267113, 1.0)",1,98.77710699532167,9154
"(0.9491329966329968, 0.992156862745098)",1,98.77698012848909,9155
"(0.9213117283950616, 1.0)",2,98.7769052351838,9157
"(0.912041847041847, 0.9894736842105264)",1,98.77678186176692,9158
"(0.909722222222222, 0.996078431372549)",1,98.7766673302044,9159
"(0.9135802469135802, 1.0)",1,98.77599697024984,9160
"(0.8518518518518519, 1.0)",1,98.77596440824168,9161
"(0.9803921568627452, 0.996078431372549)",1,98.7758975871051,9162
"(0.8817204301075269, 1.0)",2,98.7757293503122,9164
"(0.9523809523809524, 1.0)",1,98.77561429186088,9165
"(0.8433333333333334, 1.0)",1,98.77548162464676,9166
"(0.9172932330827066, 1.0)",1,98.77498023207406,9167
"(0.8817204301075269, 1.0)",1,98.77488282326992,9168
"(0.8129898303922073, 1.0)",1,98.77414289178944,9169
"(0.9466013071895424, 0.992156862745098)",1,98.77410663080366,9170
"(0.8888888888888888, 0.9841269841269842)",1,98.77284867856956,9171
"(0.9763834422657952, 0.9879901960784314)",1,98.77255522942826,9172
"(0.9018073680369506, 0.996078431372549)",1,98.77205073443558,9173
"(0.9248366013071896, 1.0)",1,98.7719594864736,9174
"(0.9754901960784312, 0.980582788671024)",1,98.77154139433551,9175
"(0.9135802469135802, 1.0)",1,98.77146104074905,9176
"(0.9565217391304348, 1.0)",1,98.77141880187725,9177
"(0.9386724386724388, 1.0)",1,98.77128427128426,9178
"(1.0, 1.0)",1,98.77086403430488,9179
"(0.9641868969810148, 0.992156862745098)",1,98.7705612809488,9180
"(0.8857001484413657, 0.9885627144491042)",1,98.77041506900412,9181
"(0.9811403508771928, 0.996078431372549)",1,98.77035538386129,9182
"(0.5, 1.0)",1,98.7698412698414,9183
"(0.8864468864468864, 1.0)",1,98.76924214864718,9184
"(0.9674603174603176, 1.0)",1,98.76854164982358,9185
"(0.9135802469135802, 1.0)",1,98.7684940598484,9186
"(0.9306746031746032, 1.0)",1,98.76832124731403,9187
"(0.9399223139548216, 0.992156862745098)",1,98.76828722132112,9188
"(0.8264567669172932, 1.0)",1,98.76786169344396,9189
"(0.9135802469135802, 1.0)",1,98.76768850834448,9190
"(0.8791208791208792, 1.0)",1,98.76736664238796,9191
"(0.9047619047619048, 1.0)",2,98.76729254990124,9193
"(0.8571024784182679, 0.996078431372549)",1,98.76699819978973,9194
"(0.8858975827700768, 0.9885627144491042)",1,98.76693873293796,9195
"(0.9272424525365702, 0.996078431372549)",1,98.76685222862562,9196
"(0.9466207660652104, 1.0)",1,98.76684904442666,9197
"(0.8817204301075269, 1.0)",1,98.7668082420246,9198
"(0.8750600325600326, 1.0)",1,98.7667775979377,9199
"(0.954722222222222, 0.996078431372549)",1,98.76646236267524,9200
"(0.896551724137931, 1.0)",1,98.76622322910356,9201
"(0.9333333333333332, 1.0)",1,98.7658271101444,9202
"(0.7460317460317459, 1.0)",1,98.76565656565666,9203
"(0.7410714285714286, 1.0)",1,98.76555838371932,9204
"(0.9197362278244632, 0.996078431372549)",2,98.7655149266511,9206
"(0.936026936026936, 1.0)",2,98.76549703933384,9208
"(0.9841269841269842, 1.0)",1,98.76435383531572,9209
"(0.9841269841269842, 1.0)",1,98.76433539967906,9210
"(0.896551724137931, 1.0)",1,98.76429107359778,9211
"(0.9525178253119432, 0.996078431372549)",1,98.76410790455664,9212
"(0.9565217391304348, 1.0)",1,98.763222705273,9213
"(0.984313725490196, 0.9919117647058824)",1,98.7632219463828,9214
"(0.9172932330827066, 1.0)",2,98.763184738565,9216
"(0.8518518518518519, 0.9841269841269842)",1,98.76316372838129,9217
"(0.9236094950800832, 0.996078431372549)",1,98.76311688691712,9218
"(0.8731060606060606, 1.0)",1,98.7630791790136,9219
"(0.9386724386724388, 1.0)",1,98.76299012944366,9220
"(0.9224211423699916, 1.0)",1,98.76259449558688,9221
"(0.8266666666666667, 1.0)",1,98.76252569781812,9222
"(0.9691305469556244, 0.996078431372549)",1,98.76239397513392,9223
"(0.9192180611357128, 1.0)",1,98.76211947258147,9224
"(0.9321309306448626, 0.996078431372549)",1,98.76209518668075,9225
"(0.9358798064680418, 0.992156862745098)",2,98.76201999782424,9227
"(0.9841269841269842, 1.0)",1,98.76176533311242,9228
"(0.8190277777777778, 1.0)",1,98.76127971967634,9229
"(0.9696969696969696, 1.0)",1,98.76127324772752,9230
"(0.9306746031746032, 1.0)",1,98.76102156847624,9231
"(1.0, 1.0)",1,98.76078329882677,9232
"(0.8053221288515406, 1.0)",1,98.76057624772122,9233
"(0.9358798064680418, 0.996078431372549)",1,98.76039688814984,9234
"(0.8383129000541765, 1.0)",1,98.759928595948,9235
"(0.9135802469135802, 1.0)",1,98.75972941490184,9236
"(0.9192180611357128, 0.9885627144491042)",1,98.7596842456739,9237
"(0.8888888888888888, 1.0)",1,98.75946262540464,9238
"(0.8616898148148148, 1.0)",1,98.75939578752909,9239
"(0.9230769230769232, 0.9696969696969696)",1,98.75926677187547,9240
"(0.9230769230769232, 1.0)",2,98.75918292010252,9242
"(0.9192251461988304, 0.992156862745098)",1,98.75913582760396,9243
"(0.9788235294117646, 0.9816305469556244)",1,98.75911203646572,9244
"(0.875, 1.0)",2,98.75906376232464,9246
"(0.8468468468468467, 1.0)",1,98.75888941747144,9247
"(0.9202401372212692, 0.9885627144491042)",2,98.75858996730456,9249
"(0.9243650793650792, 1.0)",1,98.75836535969611,9250
"(0.9563953488372092, 1.0)",1,98.75834959832652,9251
"(0.9565217391304348, 1.0)",1,98.75810904071771,9252
"(0.896551724137931, 1.0)",1,98.75758441125755,9253
"(0.9609224859534458, 0.992156862745098)",1,98.75750539061748,9254
"(0.8571428571428572, 1.0)",1,98.75747624023488,9255
"(0.9691305469556244, 0.9886710239651416)",1,98.75741636846124,9256
"(0.865079365079365, 1.0)",1,98.7574113041966,9257
"(0.9166666666666666, 1.0)",1,98.75715647287169,9258
"(0.8888888888888888, 1.0)",4,98.7567340877817,9262
"(0.8692635658914728, 1.0)",1,98.75662290834748,9263
"(0.8832772166105499, 1.0)",4,98.75629308962642,9267
"(0.8518518518518519, 1.0)",1,98.75616773232488,9268
"(0.8888888888888888, 1.0)",2,98.75593426916544,9270
"(0.8817204301075269, 1.0)",1,98.75571953954376,9271
"(0.8803174603174604, 1.0)",1,98.75560946551876,9272
"(0.8888888888888888, 1.0)",1,98.75538178234258,9273
"(1.0, 1.0)",1,98.75532825055444,9274
"(0.9224211423699916, 0.9696969696969696)",1,98.7552002044244,9275
"(0.9296576483944904, 0.996078431372549)",1,98.75510820445815,9276
"(0.9230769230769232, 1.0)",1,98.75507845943513,9277
"(0.9135802469135802, 1.0)",1,98.75485570609784,9278
"(0.8373015873015873, 1.0)",1,98.7547032866726,9279
"(1.0, 1.0)",1,98.75425340942584,9280
"(0.9435178632856652, 0.992156862745098)",1,98.75402763800658,9281
"(0.992156862745098, 0.996078431372549)",1,98.75329369919162,9282
"(0.9807902108211706, 0.996078431372549)",1,98.75328975443556,9283
"(0.7555555555555554, 1.0)",1,98.75321940908574,9284
"(0.962458433665864, 0.992156862745098)",1,98.75311395318374,9285
"(0.909722222222222, 0.996078431372549)",1,98.75241980999007,9286
"(0.9696969696969696, 1.0)",4,98.75197025197023,9290
"(0.9517488164856586, 0.9894736842105264)",1,98.75183586441828,9291
"(0.9427450980392156, 0.992156862745098)",1,98.7515045188256,9292
"(0.8518518518518519, 1.0)",1,98.75138239844124,9293
"(0.8350168350168351, 1.0)",1,98.75134442195656,9294
"(1.0, 1.0)",2,98.75132858822144,9296
"(0.896551724137931, 1.0)",1,98.75132612729948,9297
"(0.9236728184096604, 0.9894736842105264)",1,98.75129542917264,9298
"(0.8888888888888888, 1.0)",4,98.750671262473,9302
"(0.9023569023569024, 1.0)",1,98.75051954494208,9303
"(0.8897707231040564, 1.0)",1,98.75042248976273,9304
"(0.9841269841269842, 1.0)",1,98.7501890888201,9305
"(0.875, 1.0)",1,98.75008835769714,9306
"(0.9427450980392156, 0.992156862745098)",1,98.74979579771212,9307
"(0.875, 0.9841269841269842)",1,98.74917928287503,9308
"(0.957490630284748, 0.996078431372549)",1,98.74894770683524,9309
"(0.9261349042540992, 0.992156862745098)",1,98.7488654253586,9310
"(0.9248366013071896, 1.0)",1,98.74832269697986,9311
"(0.8571428571428572, 1.0)",1,98.74822757045146,9312
"(0.9827450980392156, 0.988425925925926)",1,98.7478972349173,9313
"(0.8698412698412699, 1.0)",1,98.7472329782062,9314
"(0.9444444444444444, 1.0)",1,98.74699390056452,9315
"(0.8425925925925927, 1.0)",1,98.74677368927388,9316
"(0.875, 1.0)",1,98.7466352438702,9317
"(0.9023809523809524, 1.0)",1,98.74652002757767,9318
"(0.8888888888888888, 1.0)",1,98.74644458157724,9319
"(0.980582788671024, 0.996078431372549)",1,98.74638687821916,9320
"(0.996078431372549, 0.9916666666666668)",1,98.7461378118498,9321
"(0.9272424525365702, 0.996078431372549)",1,98.74575590762475,9322
"(0.8521317829457364, 1.0)",1,98.74574997567105,9323
"(0.9465811965811968, 1.0)",1,98.74570807537285,9324
"(0.9288733763656364, 0.996078431372549)",1,98.74557111897856,9325
"(0.7081939799331105, 0.986574074074074)",2,98.74548882147674,9327
"(0.9841269841269842, 1.0)",1,98.74537978167275,9328
"(0.9565217391304348, 1.0)",2,98.74383523010523,9330
"(0.8817204301075269, 1.0)",1,98.74371151248847,9331
"(0.9230769230769232, 1.0)",2,98.74358009140632,9333
"(0.9609224859534458, 0.996078431372549)",2,98.74344742061824,9335
"(0.936026936026936, 1.0)",1,98.74336345915292,9336
"(0.9135802469135802, 1.0)",2,98.74331536694544,9338
"(0.9841269841269842, 1.0)",1,98.74305887349377,9339
"(0.9168115942028986, 0.996078431372549)",1,98.74232725273664,9340
"(0.9047619047619048, 1.0)",1,98.74225449664053,9341
"(0.7777777777777776, 1.0)",1,98.74190399522467,9342
"(0.9841269841269842, 1.0)",1,98.74171370123732,9343
"(0.9230769230769232, 0.9841269841269842)",1,98.7416194461809,9344
"(0.8571428571428572, 1.0)",1,98.74118629908106,9345
"(0.9696969696969696, 1.0)",1,98.74096732901964,9346
"(0.7167919799498746, 1.0)",1,98.74092032074488,9347
"(0.9047619047619048, 1.0)",1,98.7408000342994,9348
"(0.954722222222222, 0.996078431372549)",1,98.7407345218313,9349
"(0.936026936026936, 1.0)",1,98.7406993708718,9350
"(0.8571428571428572, 1.0)",1,98.74033128843234,9351
"(0.8571024784182679, 0.996078431372549)",1,98.7401365704685,9352
"(0.8831018518518517, 1.0)",1,98.7397655342193,9353
"(0.9444444444444444, 1.0)",1,98.73956140048094,9354
"(0.9047619047619048, 1.0)",1,98.73947303047387,9355
"(0.9565217391304348, 1.0)",1,98.73934036977516,9356
"(0.9172932330827066, 1.0)",2,98.73933541853953,9358
"(0.9841269841269842, 1.0)",2,98.73916500516584,9360
"(0.9135802469135802, 1.0)",1,98.73889438510804,9361
"(0.9333333333333332, 1.0)",1,98.73879210220672,9362
"(0.9841269841269842, 1.0)",1,98.73861371612033,9363
"(0.9320397146712937, 0.992156862745098)",1,98.7378390103525,9364
"(0.8468468468468467, 1.0)",1,98.73740146131452,9365
"(0.6923437673437673, 1.0)",1,98.73734017640489,9366
"(0.9047619047619048, 1.0)",1,98.737184105087,9367
"(1.0, 1.0)",4,98.73694998297331,9371
"(0.875, 1.0)",1,98.73650836248166,9372
"(0.9192251461988304, 0.996078431372549)",2,98.7364827294695,9374
"(0.8158948980794156, 1.0)",1,98.73640819469566,9375
"(0.9172932330827066, 1.0)",1,98.73600297862173,9376
"(0.9047619047619048, 1.0)",1,98.73580761026416,9377
"(0.8970659722222223, 1.0)",1,98.7357610422004,9378
"(1.0, 1.0)",1,98.7355863674705,9379
"(0.9696969696969696, 1.0)",1,98.7355427181514,9380
"(0.8622222222222222, 1.0)",4,98.73505805847267,9384
"(0.914652757654786, 0.992156862745098)",1,98.73457637474397,9385
"(0.9916666666666668, 0.9916666666666668)",1,98.73408292464102,9386
"(0.8498168498168498, 1.0)",1,98.73374451635334,9387
"(0.9763834422657952, 0.9879901960784314)",1,98.73359196416462,9388
"(0.9230769230769232, 1.0)",1,98.73352609442426,9389
"(0.8705378705688304, 0.996078431372549)",1,98.732751774266,9390
"(0.9248366013071896, 1.0)",1,98.73241654149597,9391
"(0.8571428571428572, 1.0)",1,98.7323360278166,9392
"(0.9696969696969696, 1.0)",1,98.73232234529851,9393
"(0.875, 1.0)",2,98.73215745494991,9395
"(0.9104993386243384, 1.0)",1,98.73201134513636,9396
"(0.9230769230769232, 1.0)",2,98.73199242132156,9398
"(0.7200000000000001, 1.0)",1,98.731905404537,9399
"(0.9230769230769232, 1.0)",1,98.7316463868188,9400
"(0.8888888888888888, 1.0)",1,98.73159140611544,9401
"(0.9047619047619048, 1.0)",1,98.73153224422238,9402
"(0.8763636363636363, 1.0)",3,98.73131410725614,9405
"(0.9333333333333332, 1.0)",1,98.7310791664053,9406
"(0.9192251461988304, 0.996078431372549)",1,98.73060120659449,9407
"(1.0, 1.0)",1,98.73028506617216,9408
"(1.0, 1.0)",1,98.73003539670204,9409
"(0.9087026014109348, 1.0)",1,98.72983876520703,9410
"(0.9243650793650792, 1.0)",1,98.72976413104104,9411
"(0.7141994478951, 1.0)",2,98.7296182796764,9413
"(0.9272424525365702, 0.996078431372549)",1,98.72960416828732,9414
"(0.8729166666666666, 1.0)",1,98.72919631911428,9415
"(0.8864468864468864, 1.0)",1,98.72860878987922,9416
"(0.8976612797267113, 1.0)",1,98.72845361735688,9417
"(0.9364583333333332, 1.0)",1,98.72844098244344,9418
"(0.8468468468468467, 1.0)",1,98.72828238185882,9419
"(0.9192251461988304, 0.996078431372549)",1,98.72825336371989,9420
"(0.8952020202020202, 1.0)",1,98.7281608426216,9421
"(0.9047619047619048, 1.0)",2,98.72804993607092,9423
"(0.8750600325600326, 1.0)",1,98.7277858642694,9424
"(0.9696969696969696, 1.0)",2,98.72741457144062,9426
"(0.9692538126361656, 0.9894736842105264)",1,98.7272743384352,9427
"(0.7708333333333334, 1.0)",2,98.727176989677,9429
"(0.9306746031746032, 1.0)",1,98.72695402971496,9430
"(1.0, 1.0)",4,98.72686173866347,9434
"(0.95536349042541, 0.992156862745098)",1,98.72680279172924,9435
"(0.9465811965811968, 1.0)",2,98.72674933129984,9437
"(0.9248591174906964, 0.996078431372549)",2,98.72666525384864,9439
"(0.9507101086048454, 1.0)",1,98.72646232486048,9440
"(0.8888888888888888, 1.0)",1,98.7264199074157,9441
"(0.9236094950800832, 0.996078431372549)",1,98.72596974045166,9442
"(0.9288733763656364, 0.996078431372549)",1,98.7258119533358,9443
"(0.9740143369175628, 1.0)",2,98.72572553897862,9445
"(0.9841269841269842, 1.0)",1,98.7257240083327,9446
"(0.7410714285714286, 1.0)",1,98.72495791245792,9447
"(0.9364583333333332, 1.0)",1,98.72479838143906,9448
"(0.9023569023569024, 1.0)",2,98.7246733406154,9450
"(0.9696969696969696, 1.0)",1,98.7243894541233,9451
"(0.8817204301075269, 1.0)",1,98.72414467253182,9452
"(0.9047619047619048, 1.0)",1,98.72400482659108,9453
"(0.9236094950800832, 0.996078431372549)",1,98.7239012006425,9454
"(0.6923437673437673, 0.986574074074074)",1,98.72376139050276,9455
"(0.912041847041847, 0.9894736842105264)",1,98.72357349163836,9456
"(0.8402777777777779, 1.0)",1,98.72345927115418,9457
"(0.9351258309591644, 1.0)",1,98.72258712171524,9458
"(0.9464473684210528, 0.996078431372549)",1,98.72239914695872,9459
"(0.9881481481481482, 0.9916666666666668)",1,98.72224531246894,9460
"(0.9579248366013072, 0.9812636165577344)",1,98.72215104010768,9461
"(1.0, 1.0)",2,98.72198886727872,9463
"(0.8547544409613373, 1.0)",1,98.72195588715726,9464
"(0.9565217391304348, 1.0)",4,98.72185362946232,9468
"(0.9172932330827066, 1.0)",4,98.72151614195678,9472
"(1.0, 1.0)",2,98.7211037549486,9474
"(1.0, 1.0)",1,98.7209167700396,9475
"(0.9674603174603176, 1.0)",1,98.72082366104117,9476
"(0.8109668109668109, 1.0)",1,98.72077731636556,9477
"(0.8888888888888888, 1.0)",1,98.720747437476,9478
"(0.8729166666666666, 1.0)",1,98.7207090170751,9479
"(0.9224211423699916, 1.0)",1,98.72055353416502,9480
"(0.9881481481481482, 0.9882352941176472)",1,98.72034922221442,9481
"(0.8502976190476191, 1.0)",1,98.720190602017,9482
"(0.9380939833113746, 0.9894736842105264)",1,98.72002478757176,9483
"(0.903779788734022, 0.992156862745098)",1,98.7198687514232,9484
"(0.941156690746474, 0.996078431372549)",1,98.71953319300432,9485
"(0.8832772166105499, 1.0)",1,98.71941330274664,9486
"(0.8817204301075269, 1.0)",1,98.71920437868316,9487
"(0.9142520753512132, 1.0)",1,98.71917939943228,9488
"(0.8888888888888888, 1.0)",1,98.71911186025308,9489
"(0.9135802469135802, 1.0)",1,98.71865674261367,9490
"(0.9444444444444444, 1.0)",1,98.71854937941896,9491
"(0.9841269841269842, 1.0)",1,98.7184856079593,9492
"(0.936026936026936, 1.0)",2,98.71840792234576,9494
"(0.8498168498168498, 1.0)",1,98.71807081807096,9495
"(0.8958946706887884, 0.996078431372549)",1,98.71785025307072,9496
"(0.896551724137931, 1.0)",2,98.71748885268376,9498
"(0.8832772166105499, 1.0)",1,98.71700674872716,9499
"(0.9047619047619048, 1.0)",1,98.71698106486296,9500
"(0.936026936026936, 1.0)",1,98.71691716228922,9501
"(0.8740688619945587, 0.996078431372549)",1,98.71662127120211,9502
"(0.8571428571428572, 1.0)",1,98.71656508089424,9503
"(0.9261349042540992, 0.992156862745098)",1,98.7163936726712,9504
"(0.9358798064680418, 0.996078431372549)",1,98.71570886842636,9505
"(0.8729166666666666, 1.0)",2,98.71557245476173,9507
"(0.9629629629629628, 1.0)",1,98.71526926386656,9508
"(0.8616898148148148, 1.0)",1,98.71482667081727,9509
"(0.992156862745098, 0.9827450980392156)",1,98.71458007376046,9510
"(0.8266666666666667, 1.0)",1,98.71443800839369,9511
"(1.0, 1.0)",1,98.7137445887446,9512
"(0.9449965600275196, 0.9894736842105264)",1,98.71369005349642,9513
"(0.8148749398749398, 1.0)",1,98.71360161590523,9514
"(0.9306746031746032, 1.0)",1,98.71314850692652,9515
"(0.896551724137931, 1.0)",2,98.71287959993988,9517
"(0.8627450980392157, 1.0)",1,98.71287486593216,9518
"(0.9352372919478182, 0.9894736842105264)",1,98.71267974670502,9519
"(0.9230116959064328, 0.9894736842105264)",2,98.71252426218268,9521
"(0.875, 1.0)",1,98.71229246487869,9522
"(0.9444444444444444, 1.0)",2,98.71207798875834,9524
"(0.9764161220043572, 0.996078431372549)",1,98.71199327400096,9525
"(1.0, 0.9841269841269842)",1,98.71187058555492,9526
"(0.9206349206349206, 1.0)",2,98.71093351093356,9528
"(0.9696969696969696, 1.0)",1,98.7108225108226,9529
"(0.8763636363636363, 1.0)",1,98.71075439180704,9530
"(0.9841269841269842, 1.0)",2,98.71062271062272,9532
"(0.9507101086048454, 1.0)",2,98.71042758411194,9534
"(0.9365750528541228, 1.0)",1,98.7104126626113,9535
"(0.8888888888888888, 1.0)",1,98.7103323577008,9536
"(0.9731377053745476, 0.9916666666666668)",1,98.7100420763732,9537
"(0.9333333333333332, 1.0)",1,98.70994409118556,9538
"(0.9047619047619048, 1.0)",1,98.7099223266508,9539
"(0.8803174603174604, 1.0)",1,98.7094267769268,9540
"(0.9565217391304348, 1.0)",1,98.7094052047074,9541
"(0.9697786951037723, 0.992156862745098)",1,98.7090987856438,9542
"(0.9841269841269842, 1.0)",1,98.7088511679442,9543
"(0.9109477124183006, 1.0)",1,98.708543802818,9544
"(0.9445350241545892, 1.0)",1,98.7085420868408,9545
"(0.9491329966329968, 0.996078431372549)",2,98.70843897755572,9547
"(0.875, 1.0)",1,98.70841607266765,9548
"(0.8518518518518519, 1.0)",1,98.7083491557176,9549
"(0.8748472964943552, 0.996078431372549)",1,98.70819823030804,9550
"(0.9696969696969696, 1.0)",1,98.7077922077922,9551
"(0.9104993386243384, 0.986574074074074)",1,98.70774855421116,9552
"(0.941156690746474, 0.996078431372549)",1,98.7077181558534,9553
"(0.8888888888888888, 1.0)",1,98.70754339878572,9554
"(0.91484126984127, 0.9894736842105264)",1,98.70718275841296,9555
"(0.8402777777777779, 0.9696969696969696)",1,98.7069604777938,9556
"(0.9803376906318084, 0.992156862745098)",1,98.7068807367001,9557
"(0.8977777777777779, 1.0)",1,98.70668510582902,9558
"(0.9172932330827066, 1.0)",4,98.70598280438097,9562
"(0.947088068181818, 1.0)",1,98.70569188140182,9563
"(0.9142520753512132, 1.0)",1,98.70566017530813,9564
"(0.9620227038183696, 0.9916666666666668)",1,98.7054630595968,9565
"(0.9565217391304348, 1.0)",1,98.70540038586016,9566
"(0.9351258309591644, 1.0)",1,98.70535095492414,9567
"(0.9218440553478916, 0.996078431372549)",1,98.70517383782312,9568
"(0.9466013071895424, 0.996078431372549)",1,98.70501497265478,9569
"(0.9573319772862108, 0.996078431372549)",1,98.70494880261744,9570
"(0.9841269841269842, 1.0)",2,98.70411332882728,9572
"(0.9168115942028986, 0.992156862745098)",1,98.70411097009348,9573
"(0.8888888888888888, 1.0)",1,98.7036934690608,9574
"(0.9333333333333332, 1.0)",1,98.70352988209407,9575
"(0.9407729468599032, 1.0)",1,98.70337260742474,9576
"(0.6990740740740741, 1.0)",1,98.70154790517994,9577
"(0.9192251461988304, 0.996078431372549)",1,98.70142369386764,9578
"(0.7869981325863679, 1.0)",1,98.70002589021024,9579
"(0.9641868969810148, 0.992156862745098)",2,98.69973726527635,9581
"(0.9240596932668544, 0.9894736842105264)",1,98.69943982895488,9582
"(0.9344643144952745, 0.992156862745098)",1,98.6992148049658,9583
"(0.9572737556561086, 0.996078431372549)",1,98.6985294502266,9584
"(0.8271652864044169, 1.0)",2,98.69835991057234,9586
"(0.8883205456095482, 1.0)",1,98.69819281340348,9587
"(0.9507101086048454, 1.0)",1,98.69799698705124,9588
"(0.9841269841269842, 1.0)",1,98.6979651249259,9589
"(0.9192251461988304, 0.996078431372549)",1,98.69789789989704,9590
"(0.9047619047619048, 1.0)",1,98.69769186304272,9591
"(0.9399138116785176, 0.992156862745098)",1,98.69716301381064,9592
"(0.9841269841269842, 1.0)",2,98.6970625931972,9594
"(0.9633298933608532, 0.992156862745098)",1,98.696922467162,9595
"(0.9841269841269842, 1.0)",1,98.69689558097488,9596
"(1.0, 1.0)",1,98.69687291028758,9597
"(0.9197362278244632, 0.992156862745098)",1,98.6968728446189,9598
"(0.896551724137931, 1.0)",1,98.69674624510752,9599
"(0.9517488164856586, 0.9925925925925926)",1,98.6962774663702,9600
"(0.8266666666666667, 1.0)",1,98.69624601450688,9601
"(0.9047619047619048, 1.0)",2,98.69621580925929,9603
"(0.9230769230769232, 1.0)",1,98.6961946266294,9604
"(0.875, 1.0)",1,98.69602353435688,9605
"(0.9135802469135802, 1.0)",1,98.6959683568879,9606
"(0.8867623604465709, 1.0)",1,98.6959041990003,9607
"(0.9351326548694968, 0.992156862745098)",1,98.69569739943562,9608
"(0.9047619047619048, 1.0)",1,98.69557769122989,9609
"(0.9444444444444444, 1.0)",1,98.6952443691574,9610
"(0.9037076648841356, 0.996078431372549)",1,98.69516252182252,9611
"(0.8977777777777779, 1.0)",1,98.6949333872332,9612
"(0.992156862745098, 0.9882352941176472)",2,98.69481423727746,9614
"(0.8312992626493769, 1.0)",1,98.6948061170558,9615
"(0.9037076648841356, 0.992156862745098)",1,98.69477241633336,9616
"(0.932852564102564, 0.986574074074074)",1,98.6947092435278,9617
"(0.90934937783235, 0.992156862745098)",2,98.69457500751344,9619
"(0.9243650793650792, 1.0)",1,98.69442538438368,9620
"(0.8350168350168351, 1.0)",1,98.69433057549,9621
"(0.8527777777777779, 1.0)",1,98.6943185704152,9622
"(0.8627450980392157, 1.0)",1,98.69413412729708,9623
"(0.9047619047619048, 1.0)",1,98.69404669404668,9624
"(0.9507101086048454, 1.0)",1,98.69395901274711,9625
"(0.8845565382330088, 0.996078431372549)",1,98.6937308134675,9626
"(0.9320397146712937, 0.996078431372549)",1,98.69372919596056,9627
"(0.9841269841269842, 1.0)",1,98.69363644802242,9628
"(0.9327249496289745, 0.9894736842105264)",1,98.69344399408624,9629
"(0.9320240125035522, 0.9886710239651416)",1,98.69336165295692,9630
"(0.9261349042540992, 0.996078431372549)",1,98.69325565084912,9631
"(0.8559368191721133, 1.0)",1,98.69317243864144,9632
"(0.7200000000000001, 1.0)",1,98.6931680665014,9633
"(0.9352372919478182, 0.9894736842105264)",2,98.6929365482783,9635
"(1.0, 1.0)",1,98.69264069264068,9636
"(0.8888888888888888, 1.0)",1,98.6925384237945,9637
"(0.9135802469135802, 1.0)",1,98.6925329713613,9638
"(0.9461578783560208, 0.996078431372549)",1,98.69248081413512,9639
"(0.875, 1.0)",1,98.6921597179996,9640
"(0.9248591174906964, 0.992156862745098)",1,98.69185010826718,9641
"(0.9466013071895424, 0.996078431372549)",1,98.6917881949232,9642
"(0.97718610251118, 0.992156862745098)",1,98.69150197287414,9643
"(0.9696969696969696, 1.0)",1,98.6910056229485,9644
"(0.8345959595959597, 1.0)",2,98.69089107088772,9646
"(0.9841269841269842, 1.0)",1,98.69088166075022,9647
"(0.9047619047619048, 1.0)",2,98.690859720608,9649
"(0.9306746031746032, 1.0)",1,98.69079196783042,9650
"(0.9435178632856652, 0.992156862745098)",1,98.69063445964336,9651
"(0.896551724137931, 1.0)",1,98.68993143288496,9652
"(0.9696969696969696, 1.0)",2,98.68980928607364,9654
"(0.8888888888888888, 1.0)",1,98.68955699472949,9655
"(0.9565217391304348, 1.0)",1,98.6894190350712,9656
"(0.9333333333333332, 1.0)",1,98.68921691894502,9657
"(0.9479380641145349, 0.996078431372549)",1,98.6891294201535,9658
"(0.9142520753512132, 1.0)",1,98.68834443170388,9659
"(0.8611111111111112, 1.0)",1,98.68825223418712,9660
"(0.9882352941176472, 0.9919117647058824)",1,98.68818104387076,9661
"(0.9841269841269842, 1.0)",1,98.68811188811188,9662
"(0.8376068376068376, 1.0)",1,98.68801214605946,9663
"(0.9047619047619048, 1.0)",1,98.6877751877752,9664
"(0.8282352941176471, 0.9841269841269842)",1,98.68755230507948,9665
"(0.8466625966625967, 0.9868055555555556)",1,98.68752442002425,9666
"(0.8977777777777779, 1.0)",1,98.68709956709974,9667
"(0.9769410044719642, 0.996078431372549)",1,98.6868963436145,9668
"(0.8498168498168499, 1.0)",1,98.68677189021396,9669
"(0.8864468864468864, 1.0)",1,98.68649067407696,9670
"(0.9135802469135802, 1.0)",2,98.68638326573992,9672
"(1.0, 1.0)",1,98.68622040503467,9673
"(0.8551296720061023, 1.0)",2,98.68619715054798,9675
"(0.9135802469135802, 1.0)",1,98.68604877455458,9676
"(0.9243650793650792, 1.0)",1,98.6859001998634,9677
"(0.8345959595959597, 1.0)",1,98.6855571588905,9678
"(0.833064949006978, 1.0)",1,98.68527724367452,9679
"(0.8731060606060606, 1.0)",1,98.68526025157968,9680
"(1.0, 1.0)",4,98.68522851622431,9684
"(0.9517488164856586, 0.9894736842105264)",1,98.68508323988806,9685
"(0.7982954545454546, 1.0)",1,98.68505665290084,9686
"(0.9333333333333332, 1.0)",1,98.68447108447111,9687
"(0.9466013071895424, 0.992156862745098)",1,98.68423477245138,9688
"(0.919047619047619, 1.0)",1,98.68419270013474,9689
"(0.941156690746474, 0.996078431372549)",1,98.68418961305714,9690
"(0.9728641456582634, 0.996078431372549)",1,98.68382550226984,9691
"(1.0, 1.0)",2,98.68378336639223,9693
"(0.9503921568627453, 0.9894736842105264)",1,98.68313221974164,9694
"(0.996078431372549, 0.992156862745098)",1,98.68272348669818,9695
"(0.935349484823169, 0.9894736842105264)",1,98.68248765281268,9696
"(0.9465811965811968, 1.0)",1,98.68220041884712,9697
"(0.833064949006978, 1.0)",1,98.6821123905529,9698
"(0.9523809523809524, 1.0)",1,98.6819617247654,9699
"(0.9591269841269842, 0.9800599128540306)",1,98.6819377440585,9700
"(0.8817204301075269, 1.0)",1,98.68174681346726,9701
"(0.8888888888888888, 1.0)",2,98.68171030526102,9703
"(0.8817204301075269, 1.0)",1,98.68157420485647,9704
"(0.9230769230769232, 1.0)",1,98.68156383254822,9705
"(0.9541729732828804, 0.996078431372549)",1,98.6813524096738,9706
"(0.8518518518518519, 1.0)",1,98.6810549650367,9707
"(0.9507101086048454, 1.0)",1,98.68077291047427,9708
"(0.8498168498168498, 1.0)",2,98.68032190032204,9710
"(0.954722222222222, 0.996078431372549)",1,98.68012289543108,9711
"(0.8791208791208792, 1.0)",1,98.67985391514804,9712
"(0.8958946706887884, 0.996078431372549)",1,98.67979323228084,9713
"(0.9881481481481482, 0.9879901960784314)",1,98.67969675004488,9714
"(0.9391865079365078, 0.9868055555555556)",1,98.67942765567749,9715
"(0.875, 1.0)",1,98.67934584484937,9716
"(0.992156862745098, 0.9799019607843138)",1,98.67912387615289,9717
"(1.0, 1.0)",1,98.67864079023508,9718
"(0.9261349042540992, 0.992156862745098)",2,98.6786080987199,9720
"(0.909722222222222, 0.992156862745098)",1,98.67841050561624,9721
"(0.9841269841269842, 1.0)",1,98.67838644193336,9722
"(0.7081939799331105, 1.0)",3,98.6780895852866,9725
"(0.9665319865319866, 0.9882352941176472)",1,98.67734259519855,9726
"(0.9688764394646748, 0.996078431372549)",1,98.6771159106918,9727
"(0.9841269841269842, 1.0)",1,98.67710513619816,9728
"(0.8129898303922073, 1.0)",1,98.67708027903734,9729
"(0.8498168498168498, 1.0)",1,98.67702573073416,9730
"(0.9135802469135802, 1.0)",1,98.67692935486345,9731
"(0.947088068181818, 1.0)",2,98.67674265702536,9733
"(0.909722222222222, 1.0)",1,98.67652566308172,9734
"(0.9740143369175628, 0.986574074074074)",1,98.67635930514702,9735
"(0.8551296720061023, 1.0)",1,98.67569588846656,9736
"(0.9628070175438596, 0.9925925925925926)",1,98.67565363658228,9737
"(0.9879901960784314, 0.992156862745098)",1,98.6755635094292,9738
"(0.9565217391304348, 1.0)",1,98.67507328956604,9739
"(0.8857001484413657, 1.0)",1,98.67489251133703,9740
"(1.0, 1.0)",2,98.6748360067202,9742
"(0.9047619047619048, 1.0)",1,98.67477570738448,9743
"(0.9333333333333332, 1.0)",1,98.67468383309009,9744
"(0.9194577352472088, 1.0)",1,98.6745745555303,9745
"(0.9359620771385476, 0.9886710239651416)",1,98.674432581074,9746
"(0.875, 1.0)",1,98.6743523138487,9747
"(0.8958946706887884, 0.996078431372549)",1,98.67405128744512,9748
"(0.8571024784182679, 0.996078431372549)",1,98.6739661527984,9749
"(0.922050500014663, 1.0)",1,98.67384825616824,9750
"(0.9135802469135802, 1.0)",2,98.67344232081568,9752
"(1.0, 1.0)",1,98.67338767338768,9753
"(0.936719001610306, 0.992156862745098)",1,98.67279729113946,9754
"(0.875, 1.0)",4,98.67279158040029,9758
"(0.9841269841269842, 1.0)",1,98.67245339940004,9759
"(0.9047619047619048, 1.0)",1,98.6723963438956,9760
"(0.8271652864044169, 1.0)",1,98.67235884203984,9761
"(0.91484126984127, 0.9894736842105264)",1,98.6721023970868,9762
"(0.9135802469135802, 1.0)",2,98.67189668628264,9764
"(0.9261349042540992, 0.992156862745098)",1,98.67184591736492,9765
"(0.9421840958605664, 0.992156862745098)",1,98.6709134809218,9766
"(0.9731377053745476, 0.9879901960784314)",1,98.67087047684568,9767
"(0.9427450980392156, 0.996078431372549)",1,98.67084336423144,9768
"(0.9517488164856586, 0.9894736842105264)",1,98.67081704071632,9769
"(0.4814814814814815, 1.0)",1,98.67058878806591,9770
"(1.0, 1.0)",1,98.67051467051483,9771
"(0.9224211423699916, 0.9696969696969696)",1,98.6701886727462,9772
"(0.996078431372549, 0.978144708175668)",1,98.66984007875772,9773
"(0.875, 1.0)",1,98.66951659451672,9774
"(0.9192180611357128, 1.0)",1,98.66948638569212,9775
"(0.9602875653185252, 0.9894736842105264)",1,98.6689137592376,9776
"(0.9135802469135802, 1.0)",1,98.66887705738284,9777
"(0.9248591174906964, 0.992156862745098)",1,98.6686022454302,9778
"(0.896551724137931, 1.0)",1,98.66814062906026,9779
"(0.8518518518518519, 1.0)",2,98.6680077021038,9781
"(0.9851851851851852, 0.9847494553376906)",1,98.66792823938736,9782
"(0.9802054154995332, 0.9879901960784314)",1,98.66777654921604,9783
"(0.9306746031746032, 1.0)",1,98.66772260902763,9784
"(0.9816305469556244, 0.9916666666666668)",1,98.6675773100309,9785
"(0.9665319865319866, 0.9840686274509804)",1,98.6674109516214,9786
"(1.0, 1.0)",1,98.66737706737706,9787
"(0.9444444444444444, 1.0)",1,98.66736109047326,9788
"(1.0, 1.0)",1,98.66734424995296,9789
"(0.8388888888888889, 1.0)",1,98.6671636669852,9790
"(0.8888888888888888, 1.0)",1,98.66715482553433,9791
"(0.9306746031746032, 1.0)",2,98.6668569502942,9793
"(0.9605451127819548, 0.9894736842105264)",1,98.6667870236348,9794
"(0.8312992626493769, 0.986574074074074)",1,98.66659867510238,9795
"(1.0, 1.0)",1,98.66655566655568,9796
"(0.7555555555555554, 1.0)",1,98.66646896341786,9797
"(0.9230769230769232, 1.0)",1,98.666390945505,9798
"(0.8817204301075269, 1.0)",1,98.66592168508384,9799
"(0.9841269841269842, 1.0)",2,98.66570144831014,9801
"(0.9879901960784314, 0.9855521155830752)",1,98.665570428273,9802
"(1.0, 1.0)",2,98.66524031524033,9804
"(0.9018073680369506, 0.996078431372549)",1,98.66508983503522,9805
"(0.852030932030932, 0.992156862745098)",1,98.66475560476148,9806
"(0.8729166666666666, 1.0)",1,98.66456647415,9807
"(0.875, 1.0)",1,98.66452911711532,9808
"(0.8350168350168351, 1.0)",1,98.66451381129065,9809
"(0.9351326548694968, 0.992156862745098)",1,98.6644922161414,9810
"(0.9523809523809524, 1.0)",1,98.66441945168872,9811
"(0.92710864283235, 1.0)",1,98.66415323855436,9812
"(0.8970659722222223, 1.0)",1,98.6641470469862,9813
"(0.8616898148148148, 1.0)",1,98.6639888171698,9814
"(0.9407729468599032, 0.9868055555555556)",1,98.66398242256916,9815
"(0.875, 1.0)",1,98.66398225957056,9816
"(0.9411376480416728, 0.992156862745098)",1,98.66351355177017,9817
"(0.9023569023569024, 1.0)",1,98.66343928552168,9818
"(0.9841269841269842, 1.0)",1,98.66322019365496,9819
"(0.909722222222222, 1.0)",1,98.66318943249868,9820
"(0.977218782249742, 0.974656862745098)",1,98.66298560944838,9821
"(0.9740143369175628, 1.0)",1,98.6628168216462,9822
"(0.912041847041847, 0.9894736842105264)",1,98.66275690712207,9823
"(0.9841269841269842, 1.0)",1,98.66273821134774,9824
"(0.9243650793650792, 1.0)",1,98.66257089946026,9825
"(0.9135802469135802, 1.0)",2,98.6621170362376,9827
"(0.9261349042540992, 0.992156862745098)",1,98.6618725661449,9828
"(0.9230769230769232, 1.0)",2,98.66162932333796,9830
"(0.909209656084656, 1.0)",1,98.66134474889556,9831
"(0.908120278414396, 0.996078431372549)",1,98.661275404425,9832
"(0.9430755736638088, 0.9879901960784314)",1,98.66116557791472,9833
"(0.9333333333333332, 1.0)",2,98.66100759144236,9835
"(0.9803921568627452, 0.9925925925925926)",1,98.66075129628084,9836
"(0.9841269841269842, 1.0)",1,98.66035896952413,9837
"(0.8151260504201681, 1.0)",1,98.6602196965974,9838
"(0.8729166666666666, 1.0)",1,98.66000378836138,9839
"(0.6470588235294118, 1.0)",1,98.65995367011656,9840
"(0.808641975308642, 1.0)",1,98.65991852526946,9841
"(0.9118714171964946, 0.996078431372549)",1,98.659816323865,9842
"(0.9333333333333332, 1.0)",2,98.65969946317784,9844
"(0.943982716990723, 1.0)",1,98.65961079223467,9845
"(0.9766612200435728, 0.992156862745098)",1,98.6595745751783,9846
"(0.9135802469135802, 1.0)",1,98.6594634001194,9847
"(0.8729166666666666, 1.0)",1,98.65945492912884,9848
"(0.8498168498168498, 1.0)",1,98.65923004023703,9849
"(0.896551724137931, 1.0)",1,98.65904603381873,9850
"(0.8817204301075269, 1.0)",1,98.65894923994507,9851
"(0.9590970891280488, 0.992156862745098)",1,98.65830421002757,9852
"(0.9335426504466752, 0.9894736842105264)",1,98.65783121648428,9853
"(0.9197362278244632, 0.992156862745098)",1,98.65749349389608,9854
"(0.9445350241545892, 1.0)",2,98.65746033957988,9856
"(0.8831018518518517, 1.0)",1,98.65741956862084,9857
"(0.7081939799331105, 1.0)",1,98.65726445351108,9858
"(0.9206349206349206, 1.0)",1,98.65672250454864,9859
"(1.0, 1.0)",1,98.65612522411568,9860
"(0.9047619047619048, 1.0)",1,98.65604171341658,9861
"(0.9104993386243384, 1.0)",1,98.6560039912137,9862
"(0.8858975827700768, 1.0)",1,98.65598126602994,9863
"(0.9194577352472088, 0.9841269841269842)",1,98.65563808736968,9864
"(0.9841269841269842, 1.0)",1,98.6555283125704,9865
"(0.9261349042540992, 0.992156862745098)",1,98.65552525890656,9866
"(0.9841269841269842, 1.0)",1,98.65522478760136,9867
"(0.8498168498168499, 1.0)",2,98.65507503768386,9869
"(0.8991666666666667, 1.0)",1,98.6549654288593,9870
"(0.9696969696969696, 1.0)",1,98.65484756789104,9871
"(0.9236094950800832, 0.996078431372549)",1,98.65452126852044,9872
"(0.683375104427736, 1.0)",1,98.6545150755677,9873
"(0.9272424525365702, 0.996078431372549)",1,98.65440252815648,9874
"(0.8714344685242518, 0.996078431372549)",1,98.65427237641232,9875
"(0.9696969696969696, 1.0)",1,98.65344896649252,9876
"(0.9841269841269842, 1.0)",1,98.65321431858165,9877
"(0.9364583333333332, 1.0)",1,98.6531021579582,9878
"(0.9517488164856586, 0.9894736842105264)",1,98.65284381780342,9879
"(0.7544006919006919, 1.0)",1,98.65280415779746,9880
"(0.9696969696969696, 1.0)",1,98.65259146709306,9881
"(0.9327249496289745, 0.9894736842105264)",1,98.65238172302404,9882
"(0.909722222222222, 1.0)",1,98.6523235380546,9883
"(0.8271652864044169, 1.0)",1,98.65174152973144,9884
"(0.9206349206349206, 1.0)",1,98.65138009714668,9885
"(1.0, 1.0)",1,98.65133610082884,9886
"(0.8622222222222222, 1.0)",1,98.65123752466688,9887
"(0.9879901960784314, 0.9919117647058824)",1,98.65120992841568,9888
"(1.0, 1.0)",1,98.65099524658348,9889
"(0.8521317829457364, 0.9885627144491042)",1,98.65090158783995,9890
"(0.9674603174603176, 1.0)",4,98.6508166251508,9894
"(0.896551724137931, 1.0)",1,98.6507395652823,9895
"(0.978144708175668, 0.992156862745098)",1,98.65064237134106,9896
"(0.8339307048984469, 1.0)",1,98.65027952124726,9897
"(1.0, 1.0)",1,98.6502748713275,9898
"(0.9037076648841356, 0.992156862745098)",2,98.65019956160953,9900
"(0.9507101086048454, 1.0)",1,98.650087339561,9901
"(0.9168478260869564, 1.0)",1,98.65006150140678,9902
"(0.9037076648841356, 0.996078431372549)",1,98.64945726960204,9903
"(0.984313725490196, 0.996078431372549)",1,98.6491839264965,9904
"(0.75, 1.0)",1,98.64915458937196,9905
"(0.9018073680369506, 0.996078431372549)",2,98.64898084671977,9907
"(0.9394676075558428, 0.996078431372549)",1,98.6488590977456,9908
"(0.9351326548694968, 0.996078431372549)",1,98.64862846968902,9909
"(0.9018073680369506, 0.996078431372549)",1,98.6483684851254,9910
"(0.9507101086048454, 1.0)",2,98.64813925432256,9912
"(0.9327096052096052, 1.0)",4,98.64715147418384,9916
"(0.8611111111111112, 1.0)",1,98.6470256600666,9917
"(0.8521317829457364, 0.9885627144491042)",1,98.6468803226606,9918
"(0.948045267489712, 1.0)",1,98.64665180495548,9919
"(0.9696969696969696, 1.0)",4,98.64648810990276,9923
"(0.9565217391304348, 1.0)",1,98.64598505359376,9924
"(0.8368686868686868, 1.0)",2,98.64596599232432,9926
"(0.9104993386243384, 1.0)",2,98.64590323366896,9928
"(0.9641868969810148, 0.992156862745098)",1,98.64519314072848,9929
"(0.91484126984127, 0.9894736842105264)",1,98.645101226889,9930
"(0.9230769230769232, 0.9696969696969696)",2,98.64502074012944,9932
"(0.9047619047619048, 1.0)",1,98.6447495320094,9933
"(0.8904991948470209, 1.0)",1,98.64460377350674,9934
"(0.8627450980392157, 1.0)",1,98.64454323817068,9935
"(0.8888888888888888, 1.0)",1,98.644433573675,9936
"(0.8527777777777779, 1.0)",1,98.64387269227088,9937
"(0.8774250440917107, 1.0)",1,98.6438494176862,9938
"(0.8571428571428572, 1.0)",1,98.64370492631367,9939
"(0.9109477124183006, 1.0)",2,98.64369754684472,9941
"(0.8888888888888888, 1.0)",2,98.64357864357866,9943
"(0.9696969696969696, 1.0)",1,98.64353864064007,9944
"(0.9047619047619048, 1.0)",1,98.6434618595538,9945
"(0.9565217391304348, 1.0)",1,98.64337376603623,9946
"(0.9879901960784314, 0.9882352941176472)",1,98.64334462790958,9947
"(0.9248366013071896, 1.0)",1,98.64316899355268,9948
"(0.9135802469135802, 1.0)",2,98.6429485095863,9950
"(0.9365750528541228, 0.9885627144491042)",1,98.64288440314984,9951
"(0.9444444444444444, 0.9841269841269842)",1,98.64285714285734,9952
"(0.9230769230769232, 1.0)",1,98.64252563103138,9953
"(0.9841269841269842, 1.0)",1,98.64241319885863,9954
"(0.8788958916900093, 0.996078431372549)",1,98.64195417646512,9955
"(0.8817204301075269, 1.0)",1,98.6417237616724,9956
"(0.9135802469135802, 1.0)",1,98.6416809112961,9957
"(0.8345959595959597, 1.0)",1,98.64121936575536,9958
"(0.9657080610021788, 0.996078431372549)",1,98.64121414017536,9959
"(0.954722222222222, 0.996078431372549)",1,98.64108005567532,9960
"(0.9037076648841356, 0.992156862745098)",1,98.64092314944384,9961
"(0.9135802469135802, 1.0)",1,98.64069542769008,9962
"(0.9230769230769232, 1.0)",1,98.6406753770468,9963
"(0.8067271451483561, 1.0)",1,98.64038110656315,9964
"(0.9269637391618816, 0.9894736842105264)",1,98.64021375136528,9965
"(1.0, 1.0)",1,98.6398190437371,9966
"(0.9579248366013072, 0.9877450980392156)",1,98.63968638917544,9967
"(0.9292181620122796, 0.996078431372549)",1,98.6395370735714,9968
"(0.9444444444444444, 1.0)",1,98.6394327823356,9969
"(0.9135802469135802, 1.0)",1,98.63941307906386,9970
"(0.9168478260869564, 1.0)",1,98.6392757413602,9971
"(0.9138847117794486, 0.992156862745098)",1,98.6392369970647,9972
"(0.8791208791208792, 1.0)",1,98.63918336565396,9973
"(0.9755757858699036, 0.996078431372549)",1,98.63913527219236,9974
"(0.9333333333333332, 1.0)",1,98.63905547795711,9975
"(0.9445350241545892, 1.0)",1,98.63901605487207,9976
"(0.8859337035751476, 1.0)",1,98.6387776754636,9977
"(0.9399138116785176, 0.992156862745098)",1,98.63841300702846,9978
"(0.9816305469556244, 0.996078431372549)",1,98.63831008986438,9979
"(0.8425925925925927, 0.9841269841269842)",1,98.63768638768656,9980
"(1.0, 1.0)",1,98.63768328868149,9981
"(0.9261349042540992, 0.996078431372549)",1,98.63759122984408,9982
"(0.9507101086048454, 1.0)",1,98.63755442347087,9983
"(1.0, 1.0)",1,98.6373509531406,9984
"(0.8675136116152449, 1.0)",1,98.63717280232706,9985
"(0.9811403508771928, 0.9916666666666668)",1,98.63690718163676,9986
"(0.9507101086048454, 1.0)",1,98.6368973681792,9987
"(0.8109668109668109, 1.0)",1,98.63668156271356,9988
"(0.7982954545454546, 1.0)",1,98.63648876420616,9989
"(0.9394676075558428, 0.996078431372549)",1,98.63645648039608,9990
"(1.0, 1.0)",1,98.63579201260364,9991
"(0.8339307048984469, 1.0)",2,98.6357887765841,9993
"(0.8350168350168351, 1.0)",1,98.63575965783768,9994
"(0.8571024784182679, 0.996078431372549)",2,98.6352341067036,9996
"(0.9327249496289745, 0.9894736842105264)",1,98.63470145628544,9997
"(0.8857001484413657, 1.0)",1,98.63444638307426,9998
"(0.8502976190476191, 1.0)",1,98.6344086117992,9999
"(0.9841269841269842, 1.0)",2,98.63437113282316,10001
"(0.8813492063492063, 1.0)",1,98.63413553718924,10002
"(0.9352372919478182, 0.9894736842105264)",1,98.63392217386856,10003
"(0.8551296720061023, 1.0)",1,98.63372942209988,10004
"(0.8635440917107585, 0.996078431372549)",2,98.63354073472112,10006
"(0.8817204301075269, 1.0)",1,98.63351780295751,10007
"(0.9109477124183006, 1.0)",1,98.6332592737841,10008
"(0.717948717948718, 1.0)",1,98.63320199043974,10009
"(0.9168478260869564, 1.0)",1,98.63303471924,10010
"(0.8817204301075269, 1.0)",1,98.63289668494512,10011
"(0.8521317829457364, 1.0)",1,98.63232852020892,10012
"(0.8498168498168498, 1.0)",1,98.63228978828568,10013
"(0.9841269841269842, 1.0)",1,98.63225143080216,10014
"(0.8696884384384383, 1.0)",1,98.63218887697012,10015
"(0.875, 1.0)",1,98.6319153069153,10016
"(0.9444444444444444, 1.0)",1,98.6315421293682,10017
"(0.932852564102564, 1.0)",1,98.63124742798342,10018
"(0.9047619047619048, 1.0)",1,98.63116009688903,10019
"(0.9272424525365702, 0.992156862745098)",1,98.63100546798188,10020
"(0.9352372919478182, 0.9894736842105264)",1,98.63099690786208,10021
"(0.934644785450412, 0.996078431372549)",1,98.63074732947892,10022
"(0.8129629629629629, 0.9868055555555556)",1,98.63072382814306,10023
"(0.8889459760512393, 0.996078431372549)",1,98.63035022526222,10024
"(0.9292181620122796, 0.996078431372549)",1,98.6302553924217,10025
"(0.9803050108932462, 0.996078431372549)",1,98.62988238104606,10026
"(0.9047619047619048, 1.0)",1,98.62969513842086,10027
"(0.9841269841269842, 1.0)",1,98.62968150223053,10028
"(0.8748472964943552, 0.996078431372549)",1,98.62947075697456,10029
"(0.8627450980392157, 1.0)",2,98.62945957027358,10031
"(0.9135802469135802, 1.0)",1,98.62938343799644,10032
"(0.984504357298475, 0.9855521155830752)",1,98.62934168755211,10033
"(0.8803174603174604, 1.0)",1,98.62860571952535,10034
"(0.9327249496289745, 0.9894736842105264)",1,98.62828152930112,10035
"(0.8518518518518519, 1.0)",1,98.62745488260362,10036
"(0.9491329966329968, 0.996078431372549)",1,98.62739857943602,10037
"(0.8803174603174604, 1.0)",1,98.62710319327148,10038
"(0.8253968253968256, 1.0)",1,98.62710166278885,10039
"(0.9384803921568629, 0.9894736842105264)",1,98.6269945616112,10040
"(0.9202401372212692, 0.9885627144491042)",1,98.6267950998706,10041
"(0.9503921568627453, 0.9894736842105264)",1,98.62644075079822,10042
"(0.9841269841269842, 1.0)",1,98.62622135361406,10043
"(0.9465811965811968, 1.0)",1,98.62607346877338,10044
"(0.8425925925925927, 0.9841269841269842)",1,98.62594078035272,10045
"(0.909722222222222, 1.0)",1,98.62571583676656,10046
"(0.940311437215462, 0.9877450980392156)",1,98.62571571376074,10047
"(0.9333333333333332, 1.0)",2,98.6256768268676,10049
"(0.8055555555555556, 1.0)",1,98.62564511138343,10050
"(0.9674603174603176, 1.0)",2,98.62537519119176,10052
"(0.954722222222222, 0.996078431372549)",1,98.62521635250432,10053
"(0.8627450980392157, 1.0)",1,98.62505037824732,10054
"(0.9333333333333332, 1.0)",2,98.62475746253855,10056
"(0.8888888888888888, 1.0)",1,98.6247384300096,10057
"(0.8264567669172932, 1.0)",1,98.6245877687834,10058
"(0.9349556489262372, 0.996078431372549)",1,98.62458396064432,10059
"(0.9465811965811968, 1.0)",1,98.62429739072384,10060
"(0.914421596921597, 0.992156862745098)",2,98.62421656235708,10062
"(0.9214340198321892, 1.0)",2,98.6240287650669,10064
"(0.9841269841269842, 1.0)",1,98.62366116935613,10065
"(0.875, 1.0)",2,98.62327174143832,10067
"(0.9565217391304348, 1.0)",1,98.62319966667792,10068
"(0.8750600325600326, 1.0)",1,98.62316772881874,10069
"(0.9399138116785176, 0.996078431372549)",1,98.62277810965236,10070
"(0.7971704623878537, 0.996078431372549)",1,98.62270476898247,10071
"(0.8622222222222222, 1.0)",1,98.62265866069691,10072
"(0.9135802469135802, 1.0)",1,98.6225564169424,10073
"(0.8904991948470209, 1.0)",1,98.62238392901251,10074
"(0.7410714285714286, 1.0)",1,98.62205345735704,10075
"(0.8518518518518519, 1.0)",2,98.6218499696762,10077
"(0.8705805822084891, 1.0)",1,98.6217391590046,10078
"(0.9251027896538732, 0.9894736842105264)",2,98.62158997638905,10080
"(0.8, 1.0)",1,98.62135045375248,10081
"(0.9197362278244632, 0.996078431372549)",1,98.6211641551416,10082
"(0.7410714285714286, 1.0)",2,98.62100154171624,10084
"(0.9881481481481482, 0.996078431372549)",1,98.6208425964288,10085
"(0.9411376480416728, 0.996078431372549)",2,98.6202721057753,10087
"(0.9696969696969696, 0.9841269841269842)",2,98.62018524847488,10089
"(0.8991666666666667, 1.0)",2,98.62014649199432,10091
"(0.9445350241545892, 1.0)",1,98.61998365116708,10092
"(0.8415692007797271, 1.0)",2,98.61983171092338,10094
"(0.8859337035751476, 1.0)",1,98.6198278748601,10095
"(0.9168115942028986, 0.9916666666666668)",1,98.61958035487804,10096
"(0.9565217391304348, 1.0)",1,98.6191619119655,10097
"(0.8498168498168499, 1.0)",2,98.61879890640776,10099
"(0.9017820228239786, 0.996078431372549)",1,98.61870316037384,10100
"(0.9881481481481482, 0.996078431372549)",1,98.61857359746548,10101
"(0.8888888888888888, 1.0)",1,98.61772466708508,10102
"(0.9465811965811968, 1.0)",1,98.61731003465742,10103
"(0.9696969696969696, 1.0)",2,98.61716973311177,10105
"(0.8791208791208792, 1.0)",1,98.61713400708902,10106
"(0.8857001484413657, 0.9885627144491042)",1,98.61653890605037,10107
"(0.8551296720061023, 1.0)",1,98.61591470384442,10108
"(0.8888888888888888, 1.0)",1,98.61576704014048,10109
"(0.8527777777777779, 1.0)",1,98.6157377684098,10110
"(0.8888888888888888, 1.0)",1,98.61570296105003,10111
"(0.9168115942028986, 0.992156862745098)",2,98.61508870349353,10113
"(0.9841269841269842, 1.0)",1,98.61505607414912,10114
"(0.9461578783560208, 0.9894736842105264)",1,98.61450174629468,10115
"(0.875, 1.0)",2,98.61440937444443,10117
"(0.9466207660652104, 1.0)",1,98.61429893692586,10118
"(0.9189473684210526, 0.9894736842105264)",1,98.61428713643872,10119
"(0.9230769230769232, 0.9841269841269842)",1,98.61370234703584,10120
"(0.9427450980392156, 0.992156862745098)",2,98.61360748247768,10122
"(0.941156690746474, 0.996078431372549)",1,98.6134646728084,10123
"(0.9697786951037723, 0.996078431372549)",1,98.61334426008574,10124
"(0.9292181620122796, 0.992156862745098)",1,98.6132485913771,10125
"(0.8867623604465709, 0.9841269841269842)",1,98.61307035197214,10126
"(0.8893558268973552, 0.9885627144491042)",1,98.61302964534562,10127
"(0.9662037037037036, 0.9894736842105264)",1,98.61281073673467,10128
"(0.9135802469135802, 1.0)",1,98.61210068072812,10129
"(0.9517488164856586, 0.9894736842105264)",2,98.61175000285404,10131
"(0.9135802469135802, 1.0)",1,98.61159937958983,10132
"(0.9465811965811968, 1.0)",2,98.61158406193675,10134
"(0.9734204793028324, 0.9925925925925926)",1,98.61146684155182,10135
"(0.9327249496289745, 0.9894736842105264)",1,98.61139971793897,10136
"(0.808641975308642, 1.0)",1,98.61138668659648,10137
"(0.9306746031746032, 0.986574074074074)",1,98.61128045391122,10138
"(0.9047619047619048, 1.0)",1,98.61098667190628,10139
"(0.9292181620122796, 0.992156862745098)",1,98.61071647587912,10140
"(0.9841269841269842, 1.0)",1,98.61038791549544,10141
"(0.9056772399713576, 0.9894736842105264)",1,98.61024917171872,10142
"(0.9411376480416728, 0.992156862745098)",1,98.61020182212896,10143
"(0.9230769230769232, 1.0)",1,98.60997685935216,10144
"(0.9192180611357128, 1.0)",1,98.60981588983137,10145
"(0.896551724137931, 1.0)",1,98.60932837927702,10146
"(0.8627450980392157, 1.0)",1,98.60877684407096,10147
"(0.9135802469135802, 1.0)",1,98.60861655516392,10148
"(0.8290779944030718, 0.996078431372549)",1,98.60819368560468,10149
"(0.8857001484413657, 1.0)",1,98.60761098565952,10150
"(0.9255470304063654, 0.9894736842105264)",1,98.60685809785043,10151
"(0.9339072354087834, 0.996078431372549)",1,98.60670751414754,10152
"(0.9610423116615068, 0.996078431372549)",1,98.60659048921104,10153
"(0.883580779054917, 1.0)",1,98.60570644142628,10154
"(0.9766612200435728, 0.980582788671024)",1,98.60564671482628,10155
"(0.9664488017429194, 0.9894736842105264)",1,98.60540283302184,10156
"(0.808641975308642, 1.0)",1,98.60523397437308,10157
"(0.8109668109668109, 1.0)",1,98.60521470866298,10158
"(0.8883205456095482, 1.0)",2,98.60507270468712,10160
"(0.8817204301075269, 1.0)",1,98.60501706101286,10161
"(0.9047619047619048, 1.0)",1,98.6048571294861,10162
"(0.9292181620122796, 0.996078431372549)",2,98.60447289139168,10164
"(0.8518518518518519, 0.9841269841269842)",1,98.60443356965118,10165
"(0.9135802469135802, 1.0)",1,98.60412617923336,10166
"(0.9847494553376906, 0.9894736842105264)",1,98.60409453684258,10167
"(0.947088068181818, 1.0)",1,98.60399245073006,10168
"(0.9213117283950616, 1.0)",1,98.6039537928512,10169
"(0.9444444444444444, 1.0)",1,98.6035341470124,10170
"(0.8740392648287385, 1.0)",1,98.60331002193487,10171
"(0.9565217391304348, 1.0)",1,98.60310508410087,10172
"(0.8502976190476191, 1.0)",1,98.60305835220645,10173
"(0.90934937783235, 0.996078431372549)",1,98.60301506681444,10174
"(0.9168478260869564, 1.0)",1,98.60264513064078,10175
"(0.95536349042541, 0.996078431372549)",1,98.60250955239292,10176
"(0.9444444444444444, 0.9841269841269842)",2,98.60198932449585,10178
"(0.955239651416122, 0.9894736842105264)",1,98.60192834656443,10179
"(1.0, 1.0)",1,98.6018602170776,10180
"(0.8999968988126883, 0.996078431372549)",1,98.60151002501522,10181
"(0.8281746031746032, 1.0)",1,98.60142603504924,10182
"(0.9507101086048454, 0.9841269841269842)",1,98.60135945925444,10183
"(0.896551724137931, 1.0)",1,98.60066272016428,10184
"(0.9333333333333332, 1.0)",1,98.60055986474752,10185
"(0.8817204301075269, 1.0)",1,98.60035743764615,10186
"(0.9430755736638088, 0.9820662768031188)",1,98.59989411001796,10187
"(0.954722222222222, 0.992156862745098)",1,98.59936615064292,10188
"(0.8550741594067247, 1.0)",1,98.59932038602628,10189
"(0.9391865079365078, 1.0)",1,98.59920438215792,10190
"(0.9674603174603176, 1.0)",1,98.59881675585,10191
"(0.7971704623878537, 0.992156862745098)",2,98.59872713005862,10193
"(0.9407679738562092, 1.0)",1,98.59871538057122,10194
"(0.9579143938277066, 0.9894736842105264)",1,98.59859041780268,10195
"(0.9449122174122172, 0.992156862745098)",1,98.59841135444064,10196
"(0.8893558268973552, 1.0)",1,98.59839233744584,10197
"(0.8527777777777779, 1.0)",1,98.5983151796081,10198
"(0.9399223139548216, 0.992156862745098)",1,98.5982580544663,10199
"(0.9138847117794486, 0.996078431372549)",1,98.5976229208951,10200
"(0.9023809523809524, 1.0)",1,98.5975744443708,10201
"(0.9230116959064328, 0.9894736842105264)",1,98.59711740771397,10202
"(0.9696969696969696, 1.0)",1,98.59686840936844,10203
"(0.9230769230769232, 1.0)",1,98.59635186126418,10204
"(0.8731060606060606, 1.0)",2,98.5959546943908,10206
"(0.9172932330827066, 0.9841269841269842)",1,98.59566424478724,10207
"(0.9399223139548216, 0.992156862745098)",1,98.5952021773611,10208
"(0.8518518518518519, 1.0)",1,98.59500182000184,10209
"(0.8958946706887884, 0.996078431372549)",1,98.59496934685386,10210
"(0.8857001484413657, 0.9885627144491042)",1,98.59496641008154,10211
"(0.9023569023569024, 1.0)",2,98.5947429476842,10213
"(0.8622222222222222, 1.0)",1,98.5945351570124,10214
"(0.9759803921568628, 0.996078431372549)",1,98.59449838288072,10215
"(0.9135802469135802, 1.0)",1,98.59434815050756,10216
"(0.9674603174603176, 0.9841269841269842)",1,98.59399209853068,10217
"(0.9391865079365078, 1.0)",1,98.59380847866622,10218
"(0.9565217391304348, 1.0)",2,98.5934265010352,10220
"(0.8376068376068376, 1.0)",1,98.59335391280472,10221
"(0.9841269841269842, 1.0)",1,98.59325479000276,10222
"(0.9172932330827066, 1.0)",1,98.59291872809229,10223
"(0.9261349042540992, 0.992156862745098)",1,98.59266133797884,10224
"(0.9135802469135802, 1.0)",1,98.59263909805482,10225
"(0.9196467236467236, 0.992156862745098)",1,98.59241426041842,10226
"(0.8055555555555555, 1.0)",1,98.59239953904331,10227
"(0.8425925925925927, 0.9841269841269842)",1,98.59238869021492,10228
"(1.0, 1.0)",1,98.59188048631714,10229
"(0.9255470304063654, 0.9894736842105264)",1,98.59170118277537,10230
"(0.8762954142520705, 0.996078431372549)",1,98.59168612865206,10231
"(0.7777777777777776, 1.0)",2,98.5913469246804,10233
"(0.9135802469135802, 1.0)",2,98.59082892416224,10235
"(0.9272424525365702, 0.996078431372549)",1,98.59058768033496,10236
"(0.8952020202020202, 1.0)",1,98.59025292775372,10237
"(0.9376523573891996, 0.992156862745098)",1,98.59018506830382,10238
"(0.8627450980392157, 1.0)",1,98.58994108031648,10239
"(0.9251027896538732, 0.9894736842105264)",1,98.58990640482928,10240
"(0.9841269841269842, 1.0)",1,98.58990452571015,10241
"(0.9230769230769232, 1.0)",1,98.58987191926587,10242
"(1.0, 1.0)",2,98.58973991982124,10244
"(0.8893558268973552, 0.9885627144491042)",1,98.589678628566,10245
"(0.9248591174906964, 0.996078431372549)",1,98.58943342368862,10246
"(0.9230769230769232, 1.0)",1,98.58925980431356,10247
"(0.9240596932668544, 0.9894736842105264)",1,98.58900657421016,10248
"(0.9407679738562092, 1.0)",1,98.5888995929047,10249
"(0.9244767367135788, 0.992156862745098)",1,98.5887470414102,10250
"(0.7460317460317459, 0.9841269841269842)",1,98.58842743289688,10251
"(0.8271652864044169, 1.0)",1,98.58832739780144,10252
"(0.9230116959064328, 0.9894736842105264)",1,98.58821790660124,10253
"(0.8888888888888888, 1.0)",1,98.58796050614949,10254
"(0.8635440917107585, 0.992156862745098)",1,98.58771159252558,10255
"(0.9135802469135802, 1.0)",1,98.58765748620822,10256
"(0.9230769230769232, 1.0)",1,98.58755133959976,10257
"(0.8266666666666667, 1.0)",2,98.58747893008764,10259
"(0.896551724137931, 1.0)",1,98.58737623362812,10260
"(0.9333333333333332, 1.0)",1,98.58725088725087,10261
"(0.9230116959064328, 0.9894736842105264)",1,98.58707690093112,10262
"(0.9841269841269842, 1.0)",1,98.58704140664476,10263
"(0.9236094950800832, 0.996078431372549)",1,98.58670290117792,10264
"(0.9047619047619048, 1.0)",1,98.58640540745805,10265
"(0.936026936026936, 1.0)",1,98.58636653895276,10266
"(0.9807902108211706, 0.9840686274509804)",1,98.58636636616828,10267
"(0.9542023172905526, 0.996078431372549)",1,98.58630655333516,10268
"(0.8571024784182679, 0.996078431372549)",1,98.58603021074492,10269
"(0.8888888888888888, 1.0)",1,98.58600976324225,10270
"(0.8425925925925927, 0.9841269841269842)",1,98.5859092174883,10271
"(0.9342814048696402, 0.996078431372549)",1,98.58554230067442,10272
"(0.9327249496289745, 0.9894736842105264)",1,98.58547907110506,10273
"(0.9351326548694968, 0.992156862745098)",2,98.58545984624888,10275
"(0.8817204301075269, 1.0)",1,98.58517468194891,10276
"(0.941156690746474, 0.996078431372549)",1,98.5851264444882,10277
"(0.8791208791208792, 1.0)",1,98.58479195300784,10278
"(0.9449965600275196, 0.9894736842105264)",1,98.58420362644875,10279
"(0.8857001484413657, 1.0)",1,98.58411369690324,10280
"(0.9351258309591644, 0.986574074074074)",1,98.58409346566768,10281
"(0.8888888888888888, 1.0)",1,98.58396288752242,10282
"(0.9261349042540992, 0.992156862745098)",1,98.5838017824394,10283
"(0.9272424525365702, 0.996078431372549)",2,98.5837187070468,10285
"(1.0, 1.0)",1,98.58367236628106,10286
"(0.9145622351504704, 0.996078431372549)",1,98.583493804914,10287
"(0.965421396628827, 0.9894736842105264)",1,98.58339443974812,10288
"(0.8264567669172932, 1.0)",1,98.5832897337372,10289
"(0.8345959595959597, 1.0)",1,98.58318901646314,10290
"(0.9841269841269842, 1.0)",1,98.58286034320032,10291
"(0.8627450980392157, 1.0)",1,98.5824856258293,10292
"(0.9696969696969696, 1.0)",1,98.58242414586007,10293
"(0.95536349042541, 0.996078431372549)",1,98.58211911586528,10294
"(0.7987835673811283, 1.0)",1,98.58208570075516,10295
"(0.9399138116785176, 0.992156862745098)",1,98.58200718456013,10296
"(0.8368686868686868, 1.0)",1,98.5819797642322,10297
"(0.8530092673544326, 1.0)",1,98.58160297159756,10298
"(0.8425925925925927, 1.0)",1,98.58140933140945,10299
"(0.9023569023569024, 1.0)",1,98.58126774488332,10300
"(0.8518518518518519, 1.0)",1,98.58091208636748,10301
"(0.9879901960784314, 0.9760387488328666)",1,98.5807938051704,10302
"(0.9230769230769232, 1.0)",1,98.5806783426437,10303
"(0.9462626262626264, 0.9894736842105264)",1,98.5805837014737,10304
"(0.8888888888888888, 1.0)",1,98.58042552618112,10305
"(0.9292181620122796, 0.996078431372549)",1,98.58038609266762,10306
"(0.9696969696969696, 1.0)",1,98.58024086392209,10307
"(0.8888888888888888, 1.0)",2,98.58020973279594,10309
"(0.8791208791208792, 1.0)",1,98.57997909969424,10310
"(0.8666666666666667, 1.0)",1,98.5798439885397,10311
"(0.9135802469135802, 1.0)",2,98.57977473600496,10313
"(0.8635440917107585, 0.996078431372549)",1,98.57966236751064,10314
"(0.8592532467532467, 1.0)",4,98.57955552115894,10318
"(0.9292181620122796, 0.992156862745098)",1,98.57934269616794,10319
"(0.8468468468468467, 1.0)",2,98.57921604522484,10321
"(0.9224211423699916, 1.0)",1,98.57897255879,10322
"(0.9351326548694968, 0.996078431372549)",1,98.5789395986423,10323
"(0.9641868969810148, 0.996078431372549)",1,98.5787986613874,10324
"(0.9342814048696402, 0.992156862745098)",1,98.57873530519176,10325
"(0.9466207660652104, 1.0)",1,98.5787322056363,10326
"(0.9351258309591644, 1.0)",1,98.5784349970281,10327
"(0.9855521155830752, 0.996078431372549)",1,98.57828956745438,10328
"(0.8991666666666667, 1.0)",1,98.57825807334432,10329
"(0.9380032206119162, 1.0)",1,98.57820102602712,10330
"(0.9803921568627452, 0.996078431372549)",1,98.57766083446434,10331
"(0.9135802469135802, 1.0)",1,98.57756434779051,10332
"(0.90934937783235, 0.996078431372549)",1,98.57748920063842,10333
"(0.7081939799331105, 1.0)",1,98.57744531671926,10334
"(1.0, 1.0)",1,98.57714507714508,10335
"(0.8468468468468467, 1.0)",1,98.57713008353863,10336
"(0.9327249496289745, 0.9894736842105264)",1,98.57710107329952,10337
"(0.8498168498168498, 1.0)",1,98.57680097680114,10338
"(1.0, 1.0)",1,98.57667627225294,10339
"(0.9261349042540992, 0.996078431372549)",1,98.57593878463398,10340
"(0.9444444444444444, 1.0)",1,98.57593875676828,10341
"(0.9230769230769232, 1.0)",1,98.57573679678944,10342
"(0.9841269841269842, 1.0)",1,98.5755469553164,10343
"(0.8, 1.0)",1,98.57546591551532,10344
"(0.941156690746474, 0.992156862745098)",1,98.57521255439732,10345
"(0.8446379408861877, 0.9868055555555556)",1,98.57520711964968,10346
"(0.9194577352472088, 0.9841269841269842)",1,98.5751397400521,10347
"(1.0, 1.0)",1,98.57485569985586,10348
"(0.954722222222222, 0.996078431372549)",1,98.5748233356483,10349
"(0.947088068181818, 1.0)",1,98.57474985241004,10350
"(0.9696969696969696, 1.0)",2,98.5744866947854,10352
"(0.8833628057765988, 1.0)",1,98.57444585766164,10353
"(0.9358798064680418, 0.992156862745098)",1,98.5740963356484,10354
"(0.8977777777777779, 1.0)",1,98.573442854842,10355
"(0.9549131554246644, 0.992156862745098)",1,98.57317405831336,10356
"(0.9696969696969696, 1.0)",1,98.57255259360522,10357
"(0.9333333333333332, 1.0)",1,98.57231121281482,10358
"(0.8893558268973552, 1.0)",1,98.57229914076824,10359
"(0.7555555555555554, 1.0)",2,98.57222524416628,10361
"(0.8791208791208792, 1.0)",1,98.57209457209458,10362
"(0.9230769230769232, 0.9696969696969696)",1,98.57176557487767,10363
"(0.9189473684210526, 0.9894736842105264)",1,98.57174670584232,10364
"(0.8271652864044169, 1.0)",1,98.57145546472417,10365
"(0.922050500014663, 1.0)",1,98.57142747589312,10366
"(0.8571428571428572, 1.0)",1,98.57133915467249,10367
"(0.9202401372212692, 1.0)",1,98.57063325624806,10368
"(0.7410714285714286, 1.0)",1,98.57023499999296,10369
"(0.9276837051837052, 0.9894736842105264)",1,98.56971890379836,10370
"(0.8977777777777779, 1.0)",1,98.56959978293312,10371
"(0.9003279610194903, 1.0)",1,98.56951637144137,10372
"(0.8571024784182679, 0.996078431372549)",1,98.56915866918892,10373
"(0.8271652864044169, 0.986574074074074)",1,98.56910264084254,10374
"(0.9444444444444444, 1.0)",2,98.56880028115724,10376
"(0.9894736842105264, 0.992156862745098)",1,98.56873768571744,10377
"(0.9840686274509804, 0.992156862745098)",2,98.5685071957244,10379
"(0.683375104427736, 1.0)",2,98.56837659718784,10381
"(0.8970659722222223, 1.0)",1,98.56824394726104,10382
"(0.7081939799331105, 0.986574074074074)",2,98.5680856801409,10384
"(0.8731060606060606, 1.0)",1,98.56806527698028,10385
"(0.9572737556561086, 0.996078431372549)",1,98.5679200164777,10386
"(0.9230769230769232, 1.0)",1,98.56787018749937,10387
"(0.9318498265866688, 0.996078431372549)",1,98.56780305242772,10388
"(1.0, 1.0)",2,98.56779935040804,10390
"(0.833064949006978, 1.0)",2,98.56759032701068,10392
"(0.9138847117794486, 0.996078431372549)",1,98.56752313099972,10393
"(0.9352372919478182, 0.9894736842105264)",1,98.56747819577116,10394
"(0.8893558268973552, 1.0)",1,98.56738161097914,10395
"(0.8893558268973552, 0.9885627144491042)",2,98.56717852314756,10397
"(0.9886710239651416, 0.9840686274509804)",1,98.56714936536908,10398
"(0.8888888888888888, 1.0)",1,98.56704112058809,10399
"(0.9224211423699916, 1.0)",2,98.56634320047974,10401
"(0.9769410044719642, 0.9919117647058824)",1,98.5662609464838,10402
"(0.9135802469135802, 1.0)",2,98.56622518582854,10404
"(0.9230769230769232, 1.0)",1,98.56618878197824,10405
"(0.9138847117794486, 0.996078431372549)",2,98.56611520433252,10407
"(0.8518518518518519, 0.9841269841269842)",1,98.56610883819134,10408
"(0.8138881768037778, 0.996078431372549)",1,98.56578638578353,10409
"(1.0, 1.0)",1,98.56575850626209,10410
"(0.8817204301075269, 1.0)",1,98.5657031140902,10411
"(0.909209656084656, 1.0)",1,98.56548961631182,10412
"(0.912041847041847, 0.9894736842105264)",2,98.5654367393298,10414
"(0.9272424525365702, 0.996078431372549)",1,98.56470971207592,10415
"(0.8889459760512393, 0.996078431372549)",1,98.56439323629856,10416
"(0.9142520753512132, 1.0)",1,98.56429080977486,10417
"(0.875, 1.0)",1,98.5639135718084,10418
"(0.8419830743891047, 1.0)",1,98.56343528568928,10419
"(1.0, 0.996078431372549)",2,98.56331974081256,10421
"(0.8616898148148148, 1.0)",1,98.56331138166986,10422
"(0.8727272727272727, 1.0)",1,98.56296641954536,10423
"(0.8888888888888888, 1.0)",2,98.56294720017712,10425
"(0.9023569023569024, 1.0)",1,98.562940032403,10426
"(0.9841269841269842, 1.0)",2,98.5629123904986,10428
"(0.9520261437908496, 0.9925925925925926)",1,98.56180197855112,10429
"(0.8275809031622985, 0.9868055555555556)",1,98.56157515851288,10430
"(0.740829346092504, 1.0)",1,98.56155063022842,10431
"(0.9507101086048454, 1.0)",1,98.5611452460827,10432
"(0.9292181620122796, 0.996078431372549)",1,98.56112889749436,10433
"(0.9600584795321636, 0.9894736842105264)",1,98.56091239135807,10434
"(0.8897707231040564, 1.0)",1,98.56062737584476,10435
"(0.8888888888888888, 0.9507101086048454)",1,98.5595615355914,10436
"(0.8763636363636363, 1.0)",2,98.55941290057233,10438
"(0.9591269841269842, 0.996078431372549)",1,98.55934988300302,10439
"(0.8163854689162486, 1.0)",1,98.5590306443425,10440
"(0.8415692007797271, 0.986574074074074)",1,98.55886212500153,10441
"(0.8817204301075269, 1.0)",1,98.55880180284106,10442
"(0.9841269841269842, 1.0)",1,98.5587622254289,10443
"(0.9192180611357128, 1.0)",1,98.55875254995674,10444
"(0.8804909560723515, 1.0)",1,98.55861845382644,10445
"(0.9449965600275196, 0.9894736842105264)",1,98.55854906874022,10446
"(0.8157070897278975, 1.0)",1,98.55845485830248,10447
"(0.9507101086048454, 1.0)",1,98.55821371610864,10448
"(0.8373015873015873, 1.0)",1,98.558127663526,10449
"(0.936026936026936, 1.0)",1,98.55812676178812,10450
"(0.9358798064680418, 0.9725195341294413)",1,98.55811609498102,10451
"(0.8748472964943552, 0.996078431372549)",2,98.55805716317695,10453
"(0.9444444444444444, 1.0)",2,98.55801746562616,10455
"(0.8502976190476191, 1.0)",1,98.55786802313112,10456
"(0.8425925925925927, 1.0)",1,98.55777225297363,10457
"(0.9444444444444444, 1.0)",1,98.55756115005966,10458
"(0.8518518518518519, 1.0)",1,98.55727933048108,10459
"(0.9841269841269842, 1.0)",1,98.55716159634925,10460
"(0.896551724137931, 1.0)",1,98.5563160339023,10461
"(0.8976612797267113, 0.9885627144491042)",1,98.5559718434379,10462
"(0.9399138116785176, 0.996078431372549)",1,98.5556447265124,10463
"(0.9803376906318084, 0.996078431372549)",1,98.55559396858156,10464
"(0.9364583333333332, 1.0)",1,98.55490882060326,10465
"(0.9224211423699916, 1.0)",1,98.55424477259184,10466
"(0.9047619047619048, 1.0)",1,98.55397088496676,10467
"(0.9109477124183006, 1.0)",1,98.55340884116136,10468
"(0.9444444444444444, 1.0)",1,98.553241196144,10469
"(0.9358798064680418, 0.996078431372549)",1,98.5529789122082,10470
"(0.8686868686868687, 1.0)",1,98.55297568225008,10471
"(0.9230769230769232, 1.0)",1,98.5528638028639,10472
"(0.9197362278244632, 0.996078431372549)",1,98.5523837639926,10473
"(0.9135802469135802, 1.0)",2,98.55229874795091,10475
"(0.8417927170868348, 0.996078431372549)",1,98.5520667928488,10476
"(0.9172045847248688, 0.992156862745098)",1,98.55199951208029,10477
"(0.9224211423699916, 1.0)",1,98.5516873672884,10478
"(0.9674603174603176, 1.0)",1,98.55158730158728,10479
"(0.9018073680369506, 0.992156862745098)",1,98.55157511797428,10480
"(0.9541729732828804, 0.996078431372549)",1,98.55143384774648,10481
"(0.8832772166105499, 1.0)",1,98.5513628678164,10482
"(0.9106275784016648, 0.9885627144491042)",1,98.55132115466422,10483
"(1.0, 1.0)",1,98.55119290939815,10484
"(0.8845959595959596, 0.992156862745098)",1,98.55113390563244,10485
"(0.9633298933608532, 0.996078431372549)",1,98.55091818653958,10486
"(0.9224211423699916, 1.0)",1,98.55062296004552,10487
"(0.833064949006978, 1.0)",1,98.55041175805869,10488
"(0.9592592592592591, 1.0)",1,98.55039778636994,10489
"(0.8622222222222222, 1.0)",1,98.55034036002502,10490
"(0.8502976190476191, 1.0)",1,98.55022018356532,10491
"(0.9236094950800832, 0.996078431372549)",1,98.55018929794652,10492
"(0.9452003410059676, 0.9894736842105264)",1,98.55007739565778,10493
"(0.8958946706887884, 0.996078431372549)",1,98.54960273993863,10494
"(0.9465811965811968, 1.0)",1,98.54957993602603,10495
"(0.9600584795321636, 0.9894736842105264)",1,98.549530318461,10496
"(0.7410714285714286, 1.0)",1,98.54945673695671,10497
"(0.9333333333333332, 1.0)",1,98.54898914179276,10498
"(0.978144708175668, 0.992156862745098)",1,98.54866485967872,10499
"(0.8666666666666667, 1.0)",1,98.54854640466736,10500
"(0.9517488164856586, 0.9894736842105264)",1,98.54813881985388,10501
"(0.9517488164856586, 0.9894736842105264)",1,98.54799374438883,10502
"(0.8530092673544326, 0.9885627144491042)",1,98.54793427168173,10503
"(0.9110756689704058, 0.9894736842105264)",1,98.54783340842152,10504
"(0.9135802469135802, 1.0)",1,98.54777321443989,10505
"(0.8257407407407408, 1.0)",1,98.54765285028068,10506
"(0.9507101086048454, 0.9841269841269842)",1,98.54736842105288,10507
"(0.9444444444444444, 1.0)",1,98.54717987326684,10508
"(0.8622222222222222, 1.0)",1,98.5470950367462,10509
"(0.8867623604465709, 0.9841269841269842)",1,98.54709236860282,10510
"(0.8817204301075269, 1.0)",2,98.54703131647103,10512
"(0.909209656084656, 0.986574074074074)",1,98.5469304431786,10513
"(0.9135802469135802, 1.0)",2,98.54656749311484,10515
"(0.8521317829457364, 1.0)",1,98.54643931717332,10516
"(0.8990289449112978, 0.9894736842105264)",1,98.54634198626177,10517
"(0.9113243706184884, 0.9894736842105264)",1,98.54622433601708,10518
"(0.8771929824561403, 1.0)",1,98.54612317599168,10519
"(0.7971704623878537, 0.992156862745098)",1,98.5460890162668,10520
"(0.9674603174603176, 0.9696969696969696)",1,98.5459431957144,10521
"(0.9407729468599032, 0.9868055555555556)",2,98.5459072286472,10523
"(0.875, 1.0)",1,98.54573421688193,10524
"(0.947088068181818, 1.0)",1,98.54566777047349,10525
"(0.8627450980392157, 1.0)",2,98.54552870257078,10527
"(0.9236094950800832, 0.996078431372549)",1,98.54549601540364,10528
"(0.9236728184096604, 0.9894736842105264)",1,98.54545357241923,10529
"(0.9841269841269842, 1.0)",1,98.54529164368992,10530
"(0.941156690746474, 0.992156862745098)",1,98.54483232684116,10531
"(0.9306746031746032, 1.0)",1,98.54439682222969,10532
"(0.950140056022409, 0.9894736842105264)",1,98.54412998918752,10533
"(0.90375116713352, 0.996078431372549)",1,98.544120483901,10534
"(0.7708333333333334, 1.0)",1,98.54391421182991,10535
"(0.9318498265866688, 0.992156862745098)",1,98.5438334091188,10536
"(0.954722222222222, 0.996078431372549)",1,98.54378545813428,10537
"(0.8990289449112978, 0.9894736842105264)",1,98.54373532112344,10538
"(0.9047619047619048, 1.0)",1,98.54354826460104,10539
"(0.9491329966329968, 0.992156862745098)",1,98.54348797670607,10540
"(0.8163854689162486, 1.0)",1,98.54344073628856,10541
"(0.7081939799331105, 1.0)",1,98.54297106099798,10542
"(0.8339307048984469, 1.0)",1,98.54287497476226,10543
"(0.8345959595959597, 1.0)",1,98.54269506319504,10544
"(0.9168478260869564, 1.0)",1,98.54238052061916,10545
"(0.8586378737541528, 1.0)",1,98.54197506254997,10546
"(0.9841269841269842, 1.0)",2,98.54189036272368,10548
"(0.9565217391304348, 1.0)",1,98.54186623861156,10549
"(0.9466013071895424, 0.992156862745098)",1,98.5415761627434,10550
"(0.9374981571576, 0.992156862745098)",1,98.541481035119,10551
"(0.9841269841269842, 1.0)",1,98.54147012407893,10552
"(0.8502976190476191, 0.986574074074074)",2,98.54116232181087,10554
"(0.9841269841269842, 1.0)",1,98.5410852393038,10555
"(0.8138881768037778, 0.996078431372549)",1,98.54092377421868,10556
"(1.0, 1.0)",1,98.5408562508486,10557
"(0.9333333333333332, 0.9841269841269842)",1,98.54084796924124,10558
"(0.8521317829457364, 0.9885627144491042)",1,98.5408064339523,10559
"(0.7167919799498746, 1.0)",2,98.54076368302152,10561
"(0.9886710239651416, 0.9847494553376906)",1,98.54074793234204,10562
"(0.9186111111111112, 0.992156862745098)",1,98.54071926311576,10563
"(0.9172932330827066, 1.0)",1,98.5406611539716,10564
"(0.9491329966329968, 0.992156862745098)",1,98.54033916986111,10565
"(0.9023569023569024, 1.0)",1,98.54026602457266,10566
"(0.7167919799498746, 1.0)",1,98.54022909665213,10567
"(0.9189473684210526, 0.9925925925925926)",1,98.54020062605149,10568
"(0.9313762626262628, 1.0)",1,98.53967569780372,10569
"(0.8518518518518519, 1.0)",2,98.5395165009582,10571
"(0.919047619047619, 1.0)",1,98.53942431837169,10572
"(1.0, 1.0)",1,98.5394007991631,10573
"(0.6923437673437673, 1.0)",1,98.53922039351636,10574
"(0.8991666666666667, 1.0)",4,98.53912809762896,10578
"(0.9359620771385476, 0.992156862745098)",1,98.5390288320783,10579
"(0.9213117283950616, 1.0)",1,98.5385544857244,10580
"(0.9135802469135802, 1.0)",1,98.53850032051488,10581
"(0.9384803921568629, 0.996078431372549)",1,98.53830811042936,10582
"(0.9251027896538732, 0.9894736842105264)",1,98.5382459490972,10583
"(0.9192180611357128, 1.0)",1,98.5378703381177,10584
"(0.9333333333333332, 1.0)",1,98.53772602058038,10585
"(0.9135802469135802, 1.0)",1,98.53752530922829,10586
"(0.9565217391304348, 1.0)",2,98.53743646644564,10588
"(0.9697786951037723, 0.996078431372549)",1,98.53733167989958,10589
"(0.8712763475149724, 1.0)",1,98.53711438790634,10590
"(0.922287769513936, 0.9851851851851852)",1,98.5370048393768,10591
"(0.896551724137931, 1.0)",1,98.53693826995932,10592
"(0.9841269841269842, 1.0)",1,98.53691340678196,10593
"(0.9351326548694968, 0.992156862745098)",1,98.53677582622616,10594
"(0.9444444444444444, 1.0)",1,98.53617638400247,10595
"(1.0, 1.0)",1,98.53604687035352,10596
"(0.9427450980392156, 0.992156862745098)",1,98.5359737155424,10597
"(0.912041847041847, 0.9894736842105264)",1,98.53576237420762,10598
"(0.9602875653185252, 0.9894736842105264)",1,98.53534798821164,10599
"(0.875, 1.0)",1,98.53482905982906,10600
"(0.941156690746474, 0.996078431372549)",1,98.53480729148316,10601
"(0.909722222222222, 0.992156862745098)",1,98.53471165071514,10602
"(0.7840187590187591, 1.0)",1,98.53432353807924,10603
"(0.978144708175668, 0.9847494553376906)",1,98.5341148325358,10604
"(0.9080844645550528, 0.996078431372549)",1,98.53373820785188,10605
"(0.9916666666666668, 0.9855521155830752)",1,98.53359904390602,10606
"(0.9352372919478182, 0.9894736842105264)",1,98.53343344898026,10607
"(0.8977777777777779, 1.0)",1,98.53334779646804,10608
"(0.9565217391304348, 1.0)",1,98.53332805003286,10609
"(0.9255470304063654, 0.992156862745098)",1,98.53328514037416,10610
"(0.808641975308642, 1.0)",2,98.5332789656478,10612
"(0.9168115942028986, 0.992156862745098)",1,98.53316791342688,10613
"(0.7410714285714286, 1.0)",1,98.53279216956751,10614
"(0.9444444444444444, 1.0)",1,98.53267721905829,10615
"(0.9644646747587924, 0.996078431372549)",1,98.5325329134781,10616
"(0.8498168498168498, 0.9841269841269842)",1,98.53235653235664,10617
"(0.780952380952381, 1.0)",1,98.53217830556548,10618
"(0.941156690746474, 0.996078431372549)",1,98.5319324442627,10619
"(0.8889459760512393, 0.996078431372549)",1,98.53190412954474,10620
"(0.9364583333333332, 1.0)",1,98.5318154068334,10621
"(0.9841269841269842, 1.0)",1,98.531739645579,10622
"(0.96687615217027, 0.996078431372549)",1,98.53158598705758,10623
"(0.9841269841269842, 1.0)",1,98.53148005242222,10624
"(0.9427450980392156, 0.996078431372549)",1,98.5313959753123,10625
"(0.8616898148148148, 1.0)",1,98.53136350376153,10626
"(0.9189473684210526, 0.9894736842105264)",1,98.53131244938602,10627
"(0.8275809031622985, 1.0)",4,98.53085923099924,10631
"(0.9168478260869564, 1.0)",1,98.53041619101766,10632
"(0.9395009173259948, 0.992156862745098)",1,98.53038174301328,10633
"(0.9731377053745476, 0.996078431372549)",1,98.53028134358476,10634
"(0.9251027896538732, 0.9894736842105264)",1,98.53024449206326,10635
"(0.9194577352472088, 1.0)",1,98.53016126174026,10636
"(0.9841269841269842, 1.0)",1,98.53010543010542,10637
"(0.90934937783235, 0.992156862745098)",1,98.53007138458908,10638
"(0.8415692007797271, 1.0)",1,98.52971734892785,10639
"(0.9236094950800832, 0.996078431372549)",1,98.52902716619388,10640
"(0.8939664986176614, 1.0)",1,98.5289696246213,10641
"(1.0, 1.0)",1,98.52890386358284,10642
"(0.8958946706887884, 0.992156862745098)",1,98.52887246891018,10643
"(0.8750600325600326, 1.0)",1,98.52875400205876,10644
"(0.9255470304063654, 0.9894736842105264)",1,98.5285575363747,10645
"(0.9444444444444444, 1.0)",2,98.528547284976,10647
"(0.8518518518518519, 1.0)",1,98.5284017759228,10648
"(0.9352372919478182, 0.9894736842105264)",1,98.52833976187011,10649
"(1.0, 1.0)",1,98.52815155858634,10650
"(0.8888888888888888, 0.9696969696969696)",1,98.52808887647598,10651
"(0.8705378705688304, 0.992156862745098)",1,98.5279449306511,10652
"(0.9358798064680418, 0.9879901960784314)",1,98.52793497424948,10653
"(0.8402777777777779, 1.0)",1,98.52789294039296,10654
"(0.9116878426011552, 0.992156862745098)",1,98.52772799156052,10655
"(0.922050500014663, 1.0)",1,98.527202127434,10656
"(0.9243650793650792, 1.0)",1,98.52713458705362,10657
"(0.9018073680369506, 0.996078431372549)",1,98.526917617466,10658
"(0.9230116959064328, 0.9894736842105264)",1,98.52671388117167,10659
"(0.8666666666666667, 1.0)",1,98.52659624461764,10660
"(0.9255470304063654, 0.9894736842105264)",1,98.52647541112697,10661
"(0.9808278867102396, 0.996078431372549)",1,98.52633062007374,10662
"(0.8970659722222223, 1.0)",1,98.52598956461874,10663
"(0.9047619047619048, 1.0)",1,98.52590779068656,10664
"(0.8888888888888888, 1.0)",1,98.52584541247722,10665
"(0.9411376480416728, 0.996078431372549)",1,98.52547971302327,10666
"(0.9251027896538732, 0.9894736842105264)",1,98.52481577048948,10667
"(0.8, 1.0)",1,98.52474013506622,10668
"(0.8817204301075269, 1.0)",1,98.52463238720716,10669
"(0.9641868969810148, 0.996078431372549)",1,98.52442436446034,10670
"(0.984313725490196, 0.992156862745098)",1,98.52434806937131,10671
"(0.9444444444444444, 1.0)",1,98.52434703652288,10672
"(0.9244767367135788, 0.9820662768031188)",1,98.52422683983832,10673
"(0.9189473684210526, 0.9894736842105264)",1,98.52405447735228,10674
"(0.9168115942028986, 0.996078431372549)",1,98.52391312239536,10675
"(0.9067629419191918, 1.0)",1,98.5234387911288,10676
"(0.9135802469135802, 1.0)",1,98.52333763927966,10677
"(0.9350548459681588, 0.9925925925925926)",1,98.52295879723756,10678
"(0.922050500014663, 0.9885627144491042)",1,98.52292869192398,10679
"(0.9248591174906964, 0.9919117647058824)",1,98.5229126394286,10680
"(0.8803174603174604, 1.0)",1,98.5228624622828,10681
"(0.9224211423699916, 1.0)",2,98.52281012536784,10683
"(0.9444444444444444, 1.0)",1,98.5227795489165,10684
"(0.8748472964943552, 0.992156862745098)",1,98.52250846800167,10685
"(0.9452536570183628, 0.9925925925925926)",1,98.5222324584798,10686
"(0.8551296720061023, 1.0)",1,98.5218498834548,10687
"(0.8864468864468864, 1.0)",1,98.52178611321676,10688
"(0.8888888888888888, 1.0)",1,98.52125969123684,10689
"(0.875, 1.0)",1,98.5211872350889,10690
"(0.8469839324618735, 1.0)",1,98.52062530685504,10691
"(0.9230769230769232, 1.0)",1,98.5206035312824,10692
"(0.8332521117608837, 1.0)",1,98.52060326435266,10693
"(0.9886710239651416, 0.9855521155830752)",1,98.5205641113845,10694
"(0.9674603174603176, 1.0)",1,98.52036736123254,10695
"(0.8498168498168498, 0.9841269841269842)",2,98.52034063628284,10697
"(0.8622222222222222, 1.0)",1,98.52033064627268,10698
"(0.9662037037037036, 0.9894736842105264)",1,98.5202588949963,10699
"(0.7996201329534663, 1.0)",1,98.51971299084414,10700
"(0.8888888888888888, 1.0)",1,98.51949311960183,10701
"(0.8571024784182679, 0.992156862745098)",1,98.5194006028562,10702
"(0.8864468864468864, 1.0)",2,98.51933338294904,10704
"(0.8550741594067247, 1.0)",2,98.51917426625354,10706
"(0.879008834302952, 0.992156862745098)",1,98.5190767932272,10707
"(0.9491329966329968, 0.996078431372549)",1,98.51902710702434,10708
"(0.9399223139548216, 0.992156862745098)",1,98.51897712078264,10709
"(0.9333333333333332, 1.0)",1,98.51888417851248,10710
"(0.9280112044817928, 0.992156862745098)",1,98.51876469391172,10711
"(0.8686868686868687, 1.0)",1,98.518619411573,10712
"(0.8990289449112978, 0.9894736842105264)",1,98.5184702262061,10713
"(0.8977777777777779, 1.0)",1,98.51812885697944,10714
"(0.9696969696969696, 1.0)",1,98.51776847964872,10715
"(0.9230769230769232, 1.0)",1,98.51754794912692,10716
"(0.9696969696969696, 1.0)",1,98.51712123088934,10717
"(0.984967320261438, 0.996078431372549)",1,98.51709443324584,10718
"(0.9047619047619048, 1.0)",2,98.51677142698024,10720
"(0.8053221288515406, 1.0)",1,98.5164626071545,10721
"(1.0, 1.0)",2,98.51623938414816,10723
"(0.9261349042540992, 0.9925925925925926)",1,98.51623548621993,10724
"(0.9641868969810148, 0.996078431372549)",1,98.51601333772128,10725
"(0.9365260121142476, 0.9894736842105264)",1,98.51595133077184,10726
"(0.9841269841269842, 1.0)",2,98.5159460710536,10728
"(0.8970659722222223, 1.0)",1,98.51560910692696,10729
"(0.9449122174122172, 0.992156862745098)",1,98.51558525072632,10730
"(0.9503921568627453, 0.9894736842105264)",1,98.51554792656012,10731
"(0.9841269841269842, 1.0)",2,98.5154915909302,10733
"(0.8893558268973552, 1.0)",1,98.5154661269123,10734
"(0.9202401372212692, 1.0)",1,98.51540868268329,10735
"(0.9452536570183628, 0.9894736842105264)",1,98.51509217004212,10736
"(0.9841269841269842, 1.0)",1,98.5149270115709,10737
"(0.992156862745098, 0.957904761904762)",1,98.51489457546194,10738
"(0.8958946706887884, 0.996078431372549)",1,98.51475574609856,10739
"(0.917520230314348, 0.996078431372549)",1,98.51475338546872,10740
"(0.9855521155830752, 0.992156862745098)",1,98.51462465953946,10741
"(0.7167919799498746, 1.0)",1,98.51456837547376,10742
"(0.9138847117794486, 0.996078431372549)",1,98.51450490620704,10743
"(0.8448736477904788, 1.0)",2,98.51442084355794,10745
"(0.9135802469135802, 1.0)",1,98.5139855553662,10746
"(0.8170426065162907, 1.0)",2,98.5138567895246,10748
"(0.9023569023569024, 0.9696969696969696)",1,98.5138451649596,10749
"(0.9919117647058824, 0.992156862745098)",1,98.51382869186476,10750
"(0.9886710239651416, 0.9742231395482168)",1,98.51381397025251,10751
"(0.9306746031746032, 1.0)",1,98.51312719996504,10752
"(0.8977777777777779, 1.0)",1,98.51305663631229,10753
"(0.9365750528541228, 1.0)",1,98.51300840859707,10754
"(0.9135802469135802, 1.0)",1,98.512381928324,10755
"(0.8332521117608837, 1.0)",1,98.51237217638774,10756
"(0.879008834302952, 0.992156862745098)",1,98.51206911842242,10757
"(0.9384803921568629, 0.9894736842105264)",1,98.51199666924444,10758
"(0.9192251461988304, 0.992156862745098)",1,98.51192868194612,10759
"(0.9342814048696402, 0.992156862745098)",1,98.5118736402778,10760
"(0.9764161220043572, 0.9877450980392156)",1,98.5115027380898,10761
"(0.9696969696969696, 1.0)",1,98.511300293909,10762
"(0.9491329966329968, 0.996078431372549)",1,98.51111455782384,10763
"(1.0, 1.0)",1,98.51056775215652,10764
"(0.9135802469135802, 1.0)",1,98.510365683699,10765
"(0.9333333333333332, 1.0)",2,98.51035357702024,10767
"(0.912041847041847, 0.9894736842105264)",1,98.51017856534732,10768
"(0.8368686868686868, 1.0)",1,98.50999941167528,10769
"(0.8376068376068376, 1.0)",1,98.50993830357136,10770
"(0.9488235294117648, 0.9894736842105264)",1,98.5095778640767,10771
"(0.942528735632184, 1.0)",1,98.50917193089768,10772
"(0.9352372919478182, 0.9894736842105264)",1,98.50907303893196,10773
"(0.8518518518518519, 1.0)",2,98.50900885478404,10775
"(0.9342814048696402, 0.996078431372549)",1,98.50878583019548,10776
"(0.9292181620122796, 0.996078431372549)",1,98.50870754625149,10777
"(0.8448736477904788, 1.0)",1,98.50863425327364,10778
"(0.9327249496289745, 0.9894736842105264)",2,98.50849012331004,10780
"(0.9047619047619048, 1.0)",1,98.50846668784958,10781
"(0.944241574272534, 0.9851851851851852)",1,98.508328049373,10782
"(0.8163854689162486, 1.0)",1,98.50825986248957,10783
"(0.8888888888888888, 1.0)",1,98.5080523158335,10784
"(0.941156690746474, 0.996078431372549)",2,98.50780582671324,10786
"(0.9035155195681512, 0.9894736842105264)",1,98.50779214198744,10787
"(0.7013888888888888, 1.0)",1,98.50756589377464,10788
"(0.9399138116785176, 0.996078431372549)",1,98.50744049259497,10789
"(0.9197362278244632, 0.996078431372549)",1,98.50720840454645,10790
"(0.8627450980392157, 1.0)",1,98.50700639230053,10791
"(0.9452536570183628, 0.9894736842105264)",1,98.50688772568856,10792
"(0.9230769230769232, 1.0)",2,98.50680919125368,10794
"(0.9386724386724388, 1.0)",1,98.50672134882667,10795
"(0.9138847117794486, 0.996078431372549)",1,98.50664213085084,10796
"(0.9399223139548216, 0.992156862745098)",1,98.5065276873566,10797
"(0.9546359362458434, 0.9851851851851852)",1,98.50648286396635,10798
"(0.945875350140056, 0.992156862745098)",1,98.50643321296327,10799
"(0.9189473684210526, 0.9894736842105264)",1,98.50638618302764,10800
"(1.0, 1.0)",1,98.50587238848108,10801
"(1.0, 1.0)",2,98.50577297099036,10803
"(0.9759803921568628, 0.9919117647058824)",1,98.50568874131244,10804
"(0.8952020202020202, 1.0)",1,98.5053051552665,10805
"(1.0, 1.0)",1,98.5049839049839,10806
"(0.808641975308642, 1.0)",1,98.50467849867964,10807
"(0.8977777777777779, 0.9841269841269842)",1,98.50427621760971,10808
"(0.8832772166105499, 1.0)",2,98.50389680099823,10810
"(0.8551296720061023, 1.0)",1,98.50389678581256,10811
"(0.8888888888888888, 1.0)",1,98.50348569913793,10812
"(0.9230769230769232, 1.0)",1,98.50310182290772,10813
"(0.93822906940554, 0.9894736842105264)",1,98.50294443855483,10814
"(0.8332521117608837, 1.0)",1,98.50264084277156,10815
"(0.962458433665864, 0.996078431372549)",1,98.5026054284552,10816
"(0.8817204301075269, 1.0)",1,98.50247421891058,10817
"(0.9841269841269842, 1.0)",1,98.5024040709323,10818
"(0.9881481481481482, 0.9841269841269842)",1,98.502224893127,10819
"(0.879008834302952, 0.996078431372549)",1,98.50220125593788,10820
"(0.8750600325600326, 1.0)",1,98.50213012814254,10821
"(0.8518518518518519, 1.0)",1,98.50189000761088,10822
"(0.8502976190476191, 1.0)",2,98.50178219901098,10824
"(0.9135802469135802, 1.0)",1,98.50148772518652,10825
"(0.9565217391304348, 1.0)",1,98.5014604826199,10826
"(0.9380939833113746, 0.9894736842105264)",1,98.50135645912084,10827
"(0.9230769230769232, 1.0)",1,98.5010952010952,10828
"(0.8502976190476191, 1.0)",1,98.5006889096898,10829
"(0.9135802469135802, 1.0)",1,98.50058891725558,10830
"(0.9280112044817928, 0.992156862745098)",1,98.50056845912783,10831
"(0.8383129000541765, 1.0)",1,98.50054293316892,10832
"(0.9047619047619048, 1.0)",1,98.50051270028392,10833
"(0.8198261686633779, 1.0)",1,98.50045892679948,10834
"(0.9894736842105264, 0.992156862745098)",1,98.50037210476256,10835
"(0.978144708175668, 0.996078431372549)",1,98.5003041509,10836
"(0.9023569023569024, 1.0)",1,98.50019486103852,10837
"(1.0, 1.0)",2,98.5,10839
"(0.9384803921568629, 0.9925925925925926)",2,98.49982562906042,10841
"(0.8468468468468467, 1.0)",1,98.49973284973284,10842
"(0.9230116959064328, 0.9894736842105264)",1,98.49969396772082,10843
"(0.9803921568627452, 0.97718610251118)",1,98.499642730402,10844
"(0.8714344685242518, 0.992156862745098)",1,98.49935156224043,10845
"(0.8817204301075269, 1.0)",1,98.49921205154652,10846
"(0.922050500014663, 1.0)",1,98.4991205532292,10847
"(0.75, 1.0)",1,98.49908830237048,10848
"(0.9674603174603176, 1.0)",1,98.49905529817816,10849
"(0.9743589743589745, 1.0)",1,98.4988619460483,10850
"(0.9881481481481482, 0.9799019607843138)",1,98.4988578549701,10851
"(0.9351258309591644, 0.986574074074074)",1,98.4987591137456,10852
"(0.9224211423699916, 1.0)",1,98.49875410115908,10853
"(0.9224211423699916, 1.0)",1,98.49860151057948,10854
"(0.9568181818181818, 0.996078431372549)",1,98.4982666505906,10855
"(0.9444444444444444, 1.0)",1,98.49806825342444,10856
"(0.9251027896538732, 0.9894736842105264)",1,98.49789426122167,10857
"(0.8763636363636363, 1.0)",1,98.49772206842847,10858
"(0.9491329966329968, 0.996078431372549)",1,98.49770275726144,10859
"(0.8109668109668109, 1.0)",1,98.4974664711507,10860
"(0.904126984126984, 1.0)",1,98.49737164273895,10861
"(1.0, 1.0)",1,98.49698565752796,10862
"(0.9427450980392156, 0.9882352941176472)",1,98.4969235550124,10863
"(0.9230769230769232, 1.0)",1,98.49689507375663,10864
"(0.9886710239651416, 0.9819047619047618)",1,98.49678210305908,10865
"(0.8547544409613373, 1.0)",2,98.49638974050929,10867
"(0.9444444444444444, 1.0)",1,98.49585694024506,10868
"(0.9565217391304348, 1.0)",2,98.49584232192927,10870
"(0.947088068181818, 1.0)",1,98.49574137609758,10871
"(0.9236094950800832, 0.992156862745098)",1,98.495597213661,10872
"(0.75, 1.0)",1,98.4954685665212,10873
"(0.9138847117794486, 0.9879901960784314)",2,98.495238884782,10875
"(0.9189473684210526, 0.9894736842105264)",2,98.495076794513,10877
"(0.8977777777777779, 1.0)",2,98.49501295160194,10879
"(0.8551296720061023, 1.0)",1,98.49499803160296,10880
"(0.9507101086048454, 0.9841269841269842)",1,98.49472924736092,10881
"(1.0, 1.0)",1,98.49447940752287,10882
"(1.0, 1.0)",1,98.49447311947311,10883
"(0.9841269841269842, 1.0)",1,98.49430373846847,10884
"(0.9740143369175628, 1.0)",1,98.49415243139924,10885
"(0.8468468468468467, 1.0)",1,98.49388381699596,10886
"(0.8468468468468467, 1.0)",1,98.49374340312558,10887
"(0.9135802469135802, 1.0)",1,98.49371019384552,10888
"(0.9333333333333332, 1.0)",1,98.49359544498112,10889
"(0.8376068376068376, 1.0)",1,98.49338100266893,10890
"(0.8991666666666667, 1.0)",1,98.4928418087289,10891
"(0.9047619047619048, 1.0)",1,98.49268197936168,10892
"(0.9168115942028986, 0.992156862745098)",1,98.49263271078536,10893
"(0.9251027896538732, 0.9894736842105264)",1,98.4925739879032,10894
"(0.9565217391304348, 1.0)",1,98.49196407457276,10895
"(0.7141994478951, 1.0)",4,98.49189001129994,10899
"(0.8977777777777779, 1.0)",1,98.49178391783656,10900
"(0.9421840958605664, 0.996078431372549)",1,98.49177914047873,10901
"(0.9411376480416728, 0.996078431372549)",1,98.49157274758603,10902
"(1.0, 1.0)",1,98.49102524731816,10903
"(0.8844984255510572, 0.992156862745098)",1,98.4908239648935,10904
"(1.0, 1.0)",2,98.49054418619636,10906
"(0.7460317460317459, 1.0)",1,98.490450725745,10907
"(0.9135802469135802, 1.0)",1,98.4903766140754,10908
"(0.912041847041847, 0.9894736842105264)",1,98.49016455559756,10909
"(0.9230769230769232, 1.0)",1,98.49005291458808,10910
"(0.9664488017429194, 0.9894736842105264)",1,98.48992454469646,10911
"(0.8138881768037778, 0.996078431372549)",1,98.4890732247566,10912
"(0.9565217391304348, 1.0)",1,98.48903340352616,10913
"(0.8873002904865649, 1.0)",4,98.48835774720126,10917
"(0.8586378737541528, 0.9885627144491042)",2,98.48805335288569,10919
"(0.992156862745098, 0.9802054154995332)",1,98.488047658523,10920
"(0.9135802469135802, 1.0)",1,98.48795446036708,10921
"(0.9104993386243384, 1.0)",1,98.48786106219508,10922
"(0.8872324192835029, 0.996078431372549)",1,98.48763850812836,10923
"(0.8977777777777779, 0.9841269841269842)",1,98.48750968329938,10924
"(0.8502976190476191, 1.0)",1,98.48692630976878,10925
"(0.941561996779388, 0.992156862745098)",1,98.4866332049306,10926
"(0.9018073680369506, 0.9879901960784314)",1,98.48626239570466,10927
"(0.9168115942028986, 0.992156862745098)",1,98.48622761090654,10928
"(0.954722222222222, 0.992156862745098)",1,98.48553963621362,10929
"(0.8253968253968256, 1.0)",1,98.48550088189832,10930
"(0.9811403508771928, 0.987467320261438)",1,98.48526706695434,10931
"(0.8565555555555555, 0.992156862745098)",1,98.48481276121798,10932
"(1.0, 1.0)",2,98.484126984127,10934
"(0.8990289449112978, 0.9925925925925926)",1,98.48364395088753,10935
"(0.9565217391304348, 1.0)",2,98.48347425156388,10937
"(1.0, 1.0)",1,98.48339334447044,10938
"(0.896551724137931, 1.0)",1,98.48321457109488,10939
"(0.883876357560568, 1.0)",1,98.4830803676842,10940
"(0.8264567669172932, 1.0)",2,98.48290647262144,10942
"(0.992156862745098, 0.996078431372549)",1,98.48275323363266,10943
"(0.8129629629629629, 1.0)",1,98.48256717584552,10944
"(0.6470588235294118, 1.0)",1,98.48214644122574,10945
"(0.8822954822954823, 1.0)",1,98.48183362835292,10946
"(0.8345959595959597, 1.0)",1,98.48122090872091,10947
"(0.8368686868686868, 1.0)",1,98.48122078414596,10948
"(0.8893558268973552, 1.0)",1,98.4811542702596,10949
"(0.8791208791208792, 1.0)",1,98.48103668362288,10950
"(0.9214340198321892, 1.0)",1,98.48102354809868,10951
"(0.9220333929636256, 1.0)",1,98.48066704662008,10952
"(0.8705805822084891, 1.0)",1,98.48043168262888,10953
"(0.9788235294117646, 0.996078431372549)",1,98.48030437844164,10954
"(0.9192180611357128, 1.0)",1,98.48022428108156,10955
"(0.8067271451483561, 1.0)",1,98.48003912578766,10956
"(0.922050500014663, 1.0)",2,98.47999414617482,10958
"(0.8991666666666667, 1.0)",2,98.4796774872637,10960
"(0.9342814048696402, 0.996078431372549)",1,98.4795978561154,10961
"(0.9047619047619048, 1.0)",1,98.47869199721416,10962
"(0.896551724137931, 1.0)",1,98.4786064173266,10963
"(0.9197362278244632, 0.992156862745098)",1,98.47857636693593,10964
"(0.8831018518518517, 0.986574074074074)",1,98.4785626847231,10965
"(0.8859337035751476, 1.0)",1,98.47810579109196,10966
"(0.9266149870801036, 1.0)",1,98.47796905508842,10967
"(0.9047619047619048, 1.0)",1,98.477890519817,10968
"(0.9565217391304348, 1.0)",1,98.4777870814484,10969
"(1.0, 1.0)",1,98.477753693477,10970
"(0.879008834302952, 0.996078431372549)",1,98.47773660004616,10971
"(0.875, 1.0)",1,98.47755381536854,10972
"(0.8731060606060606, 0.986574074074074)",1,98.47696188071176,10973
"(0.9213117283950616, 1.0)",1,98.47695987654302,10974
"(0.9565217391304348, 1.0)",2,98.47691059957306,10976
"(0.9399138116785176, 0.992156862745098)",1,98.47690706335275,10977
"(0.9292181620122796, 0.992156862745098)",1,98.47676162628788,10978
"(0.7765567765567766, 1.0)",1,98.47671145646676,10979
"(0.9230769230769232, 1.0)",1,98.47644022848868,10980
"(0.8705805822084891, 0.9885627144491042)",1,98.47628496820856,10981
"(0.8888888888888888, 1.0)",2,98.47622039724982,10983
"(0.8748472964943552, 0.996078431372549)",1,98.47605560408785,10984
"(0.9841269841269842, 1.0)",2,98.47599690282615,10986
"(0.992156862745098, 0.992156862745098)",1,98.4754603684156,10987
"(1.0, 0.9855521155830752)",1,98.47516270250787,10988
"(0.8748472964943552, 0.992156862745098)",1,98.47503392972112,10989
"(0.8817204301075269, 1.0)",1,98.47480279547868,10990
"(0.8731060606060606, 1.0)",1,98.47453763530362,10991
"(0.833064949006978, 1.0)",1,98.47416488849416,10992
"(0.8889459760512393, 0.996078431372549)",1,98.47374796834112,10993
"(0.8520449077786689, 1.0)",1,98.4736620181042,10994
"(0.8571024784182679, 0.996078431372549)",1,98.47354983263484,10995
"(0.8571024784182679, 0.996078431372549)",1,98.47329133239192,10996
"(0.8681932021466906, 1.0)",1,98.47321414426388,10997
"(0.9047619047619048, 1.0)",2,98.4730484093414,10999
"(0.9035155195681512, 0.9894736842105264)",1,98.4728367010239,11000
"(0.9449965600275196, 0.9894736842105264)",1,98.47281944351784,11001
"(0.9135802469135802, 1.0)",1,98.4727649738176,11002
"(1.0, 1.0)",1,98.47249907715025,11003
"(0.9365260121142476, 0.9894736842105264)",1,98.47249198701309,11004
"(0.9047619047619048, 1.0)",1,98.4722380906725,11005
"(0.9491329966329968, 0.996078431372549)",1,98.47218401546968,11006
"(0.8521317829457364, 0.9892665474060824)",1,98.472146604238,11007
"(0.8157070897278975, 1.0)",1,98.4720782781605,11008
"(0.9018073680369506, 0.996078431372549)",1,98.47182394570422,11009
"(0.9280112044817928, 0.996078431372549)",1,98.47161185294831,11010
"(0.9018073680369506, 0.996078431372549)",1,98.47105597184802,11011
"(0.9248366013071896, 1.0)",1,98.47065139116138,11012
"(0.8498168498168498, 1.0)",1,98.47063191754346,11013
"(0.9841269841269842, 1.0)",2,98.4702467401153,11015
"(0.9253783187916316, 0.9761383442265796)",1,98.47022877165873,11016
"(0.9236094950800832, 0.992156862745098)",2,98.4702073083359,11018
"(0.9503921568627453, 0.9894736842105264)",1,98.4700261050724,11019
"(0.8832772166105499, 1.0)",2,98.47002144956797,11021
"(0.8264567669172932, 1.0)",1,98.4699641251812,11022
"(0.8138881768037778, 0.996078431372549)",1,98.4696368607254,11023
"(0.8571024784182679, 0.992156862745098)",1,98.46957240546902,11024
"(0.9696969696969696, 1.0)",1,98.46905566580364,11025
"(0.9841269841269842, 1.0)",2,98.46893742272748,11027
"(0.9499010346378768, 0.9851851851851852)",1,98.46861450239936,11028
"(0.7167919799498746, 1.0)",1,98.46859663686205,11029
"(0.9740143369175628, 1.0)",1,98.46823783921104,11030
"(0.8498168498168499, 0.9841269841269842)",1,98.4680509506598,11031
"(0.7410714285714286, 1.0)",3,98.4677380952381,11034
"(0.9189473684210526, 0.996078431372549)",1,98.4676780249906,11035
"(0.940311437215462, 0.996078431372549)",1,98.46712838534629,11036
"(0.8498168498168499, 0.9841269841269842)",2,98.46711259754758,11038
"(0.944558067777882, 0.9894736842105264)",1,98.46701866930144,11039
"(0.9138847117794486, 0.996078431372549)",1,98.46694828079382,11040
"(0.978144708175668, 0.996078431372549)",1,98.46689486892424,11041
"(0.8692635658914728, 1.0)",1,98.46669946862244,11042
"(0.7410714285714286, 1.0)",1,98.46662389785624,11043
"(0.9517488164856586, 0.9894736842105264)",1,98.4664661662726,11044
"(0.97718610251118, 0.992156862745098)",1,98.46639711492044,11045
"(0.875, 1.0)",2,98.46634115887264,11047
"(0.954722222222222, 0.9879901960784314)",2,98.46608973179076,11049
"(0.9047619047619048, 1.0)",1,98.4660762059107,11050
"(0.9047619047619048, 1.0)",1,98.4658730158732,11051
"(1.0, 1.0)",1,98.46583153829536,11052
"(0.8053221288515406, 1.0)",1,98.46576970923547,11053
"(0.8888888888888888, 1.0)",1,98.46574494394784,11054
"(0.9255470304063654, 0.9894736842105264)",1,98.46566281675368,11055
"(0.8547544409613373, 1.0)",1,98.4654735188586,11056
"(0.9882352941176472, 0.992156862745098)",1,98.46540765440336,11057
"(0.9244767367135788, 0.9886710239651416)",2,98.4653497376949,11059
"(0.9350548459681588, 0.9894736842105264)",1,98.46523100059665,11060
"(0.9224211423699916, 1.0)",1,98.46510360610512,11061
"(0.9327249496289745, 0.9894736842105264)",1,98.46455644032064,11062
"(0.9407729468599032, 0.9868055555555556)",1,98.46451889028413,11063
"(0.9035155195681512, 0.9894736842105264)",1,98.46441706065664,11064
"(0.8498168498168499, 0.9841269841269842)",1,98.4642107066593,11065
"(0.9591269841269842, 0.9894736842105264)",1,98.4639444356239,11066
"(0.9696969696969696, 1.0)",1,98.4630990120621,11067
"(0.9230769230769232, 1.0)",2,98.46292985480297,11069
"(0.9230116959064328, 0.9894736842105264)",1,98.46160708905326,11070
"(0.9847494553376906, 0.9894736842105264)",1,98.46145579667896,11071
"(1.0, 1.0)",1,98.46143572013136,11072
"(0.9563953488372092, 1.0)",1,98.4609833115644,11073
"(0.9230769230769232, 1.0)",1,98.46087246087244,11074
"(0.9224211423699916, 1.0)",1,98.4607070729732,11075
"(0.9894736842105264, 0.9855521155830752)",1,98.46065625626504,11076
"(0.8858975827700768, 1.0)",1,98.46047717360436,11077
"(0.9224211423699916, 1.0)",2,98.4604141435209,11079
"(0.9391865079365078, 1.0)",4,98.46011715902144,11083
"(0.8498168498168499, 1.0)",1,98.45964610014973,11084
"(0.8592532467532467, 1.0)",1,98.45961732184142,11085
"(0.8053221288515406, 1.0)",2,98.4591882352752,11087
"(0.9449122174122172, 0.992156862745098)",1,98.45875394461808,11088
"(0.9467538126361656, 0.996078431372549)",1,98.45873030018632,11089
"(0.8904991948470209, 1.0)",1,98.45859266196834,11090
"(0.9224211423699916, 1.0)",1,98.45855897172372,11091
"(0.9261349042540992, 0.996078431372549)",1,98.45854181391284,11092
"(0.8067271451483561, 0.9885627144491042)",1,98.45808675821648,11093
"(0.896551724137931, 1.0)",1,98.457643848388,11094
"(0.90934937783235, 0.992156862745098)",1,98.45744371051482,11095
"(0.9135443832705497, 0.996078431372549)",1,98.45744357579308,11096
"(0.8520449077786689, 1.0)",1,98.45715713471708,11097
"(0.9609224859534458, 0.996078431372549)",1,98.45713059378126,11098
"(0.9490178437546858, 0.9925925925925926)",1,98.4570874137469,11099
"(0.9135802469135802, 1.0)",1,98.45693732207847,11100
"(0.9306746031746032, 1.0)",1,98.45677528105512,11101
"(0.978144708175668, 0.996078431372549)",1,98.45673044222409,11102
"(0.9351258309591644, 1.0)",1,98.45666599245976,11103
"(0.9255470304063654, 0.9894736842105264)",2,98.45658007659507,11105
"(0.909722222222222, 0.992156862745098)",1,98.4565496946344,11106
"(0.9292181620122796, 0.992156862745098)",1,98.4564710644807,11107
"(0.9452536570183628, 0.9894736842105264)",1,98.45635394987684,11108
"(0.8498168498168498, 0.9841269841269842)",1,98.45599955599975,11109
"(0.978144708175668, 0.996078431372549)",1,98.45572766338606,11110
"(0.8888888888888888, 1.0)",1,98.45557146312372,11111
"(0.9919117647058824, 0.9855521155830752)",1,98.45539162804712,11112
"(0.8748472964943552, 0.996078431372549)",1,98.45538953478358,11113
"(0.7081939799331105, 1.0)",1,98.45490763465442,11114
"(0.9399223139548216, 0.996078431372549)",1,98.45477283717946,11115
"(0.9590970891280488, 0.992156862745098)",1,98.45469992271224,11116
"(1.0, 1.0)",1,98.45460247637666,11117
"(0.8857001484413657, 1.0)",1,98.45419623644652,11118
"(0.9449122174122172, 0.992156862745098)",1,98.45409720415908,11119
"(0.9202401372212692, 0.9885627144491042)",1,98.45370863460818,11120
"(0.9047619047619048, 1.0)",1,98.4536492747019,11121
"(0.7460317460317459, 1.0)",1,98.45363552254008,11122
"(0.9342814048696402, 0.992156862745098)",1,98.45357057883209,11123
"(0.8958946706887884, 0.996078431372549)",1,98.45354180743205,11124
"(0.940967320261438, 0.992156862745098)",1,98.4535403018298,11125
"(0.9444444444444444, 1.0)",1,98.45345360772518,11126
"(0.9350548459681588, 0.9894736842105264)",1,98.45332547193348,11127
"(0.8622222222222222, 1.0)",2,98.4532199504798,11129
"(0.8518518518518519, 0.9841269841269842)",1,98.45276652324712,11130
"(0.9135802469135802, 1.0)",2,98.45270407309388,11132
"(0.9202401372212692, 0.977638640429338)",1,98.45259147472746,11133
"(0.9192180611357128, 0.9885627144491042)",2,98.45238800118514,11135
"(0.9507101086048454, 1.0)",1,98.45223197856733,11136
"(0.9255470304063654, 0.9894736842105264)",1,98.4519358585594,11137
"(0.8729166666666666, 1.0)",2,98.4518831049209,11139
"(0.9384803921568629, 0.9894736842105264)",1,98.45126865830936,11140
"(0.9763834422657952, 0.9894736842105264)",1,98.4510982023987,11141
"(0.9491329966329968, 0.992156862745098)",1,98.45103798272372,11142
"(0.9444444444444444, 1.0)",1,98.45099782933116,11143
"(0.8085106382978723, 1.0)",1,98.4506715962483,11144
"(0.8977777777777779, 0.9841269841269842)",2,98.45050872905964,11146
"(0.9135802469135802, 1.0)",1,98.4503880460021,11147
"(0.7971704623878537, 0.996078431372549)",1,98.45030488681064,11148
"(0.8714344685242518, 0.996078431372549)",1,98.45029417084334,11149
"(0.8468468468468467, 1.0)",1,98.45027967133232,11150
"(0.9674603174603176, 1.0)",1,98.4502077472955,11151
"(0.9696969696969696, 1.0)",1,98.45017245928042,11152
"(0.9399223139548216, 0.996078431372549)",1,98.44987087639517,11153
"(0.9065438871473354, 1.0)",1,98.44981539868246,11154
"(0.9449965600275196, 0.9894736842105264)",1,98.44947622244575,11155
"(0.9696969696969696, 1.0)",2,98.44941190929148,11157
"(0.9, 1.0)",1,98.44925951241748,11158
"(0.8750600325600326, 1.0)",1,98.44912238809216,11159
"(0.896551724137931, 1.0)",1,98.44851376459104,11160
"(0.7869981325863679, 1.0)",1,98.4480580773979,11161
"(0.912041847041847, 0.9894736842105264)",1,98.44803342871316,11162
"(0.9517488164856586, 0.9894736842105264)",1,98.44781641325382,11163
"(0.941889272578127, 0.992156862745098)",1,98.44780398425702,11164
"(0.833064949006978, 1.0)",1,98.44755572139256,11165
"(0.8888888888888888, 1.0)",1,98.44716336295296,11166
"(0.980582788671024, 0.996078431372549)",1,98.447159517906,11167
"(0.9592433605358742, 0.9892665474060824)",1,98.44713091853843,11168
"(0.9230769230769232, 1.0)",1,98.4469428979273,11169
"(0.9023809523809524, 1.0)",1,98.44694095479034,11170
"(0.936026936026936, 1.0)",1,98.44689666634748,11171
"(0.8817204301075269, 1.0)",1,98.4467558777518,11172
"(0.922287769513936, 0.9855521155830752)",1,98.44650760898568,11173
"(0.9882352941176472, 0.9886710239651416)",1,98.44642397187206,11174
"(0.9667927989909412, 0.9818181818181818)",1,98.44614844416836,11175
"(0.8791208791208792, 1.0)",1,98.44599026704304,11176
"(0.9230769230769232, 1.0)",1,98.44591531712898,11177
"(0.9135802469135802, 1.0)",1,98.44589251864616,11178
"(0.9847494553376906, 0.9767195767195768)",1,98.4457554831561,11179
"(0.9704901960784316, 0.996078431372549)",1,98.44558973309417,11180
"(0.896551724137931, 0.9507101086048454)",1,98.44552881684352,11181
"(0.9507101086048454, 1.0)",2,98.44552837083808,11183
"(0.9138847117794486, 0.996078431372549)",1,98.44535820120056,11184
"(0.9248591174906964, 0.996078431372549)",1,98.44530865718662,11185
"(0.8448736477904788, 0.9885627144491042)",1,98.44514391413064,11186
"(0.9230769230769232, 1.0)",1,98.44499944499944,11187
"(0.9230116959064328, 0.9894736842105264)",1,98.44491175594924,11188
"(0.940967320261438, 0.992156862745098)",1,98.44451820441904,11189
"(0.9444444444444444, 1.0)",1,98.44438860073537,11190
"(0.6403503049675462, 0.9885627144491042)",1,98.4440170165488,11191
"(0.9427450980392156, 0.996078431372549)",2,98.4439025561118,11193
"(0.9563953488372092, 1.0)",1,98.44379005794424,11194
"(0.875, 1.0)",1,98.44371436399216,11195
"(0.984313725490196, 0.9801470588235296)",1,98.4437107832732,11196
"(0.8487103174603176, 1.0)",1,98.44370622473691,11197
"(0.8571428571428572, 1.0)",1,98.44367646577793,11198
"(0.8129629629629629, 1.0)",1,98.44329715208798,11199
"(0.875, 1.0)",1,98.44299918497327,11200
"(0.8635440917107585, 0.992156862745098)",1,98.442889987175,11201
"(0.9, 1.0)",2,98.44273657628924,11203
"(0.8817204301075269, 1.0)",1,98.44203633607562,11204
"(0.879008834302952, 0.992156862745098)",1,98.44195215935804,11205
"(0.7081939799331105, 1.0)",1,98.44181889613336,11206
"(0.896551724137931, 1.0)",1,98.4417676680381,11207
"(0.9526143790849672, 0.9919117647058824)",1,98.4417286652788,11208
"(0.9333243553831788, 0.9925925925925926)",1,98.44145459866132,11209
"(0.8518518518518519, 1.0)",2,98.44136264447486,11211
"(0.8425925925925927, 1.0)",1,98.44126252169748,11212
"(0.91484126984127, 0.9894736842105264)",1,98.44125434333723,11213
"(0.9641868969810148, 0.992156862745098)",1,98.44112577922007,11214
"(0.9365260121142476, 0.9925925925925926)",1,98.44102530494222,11215
"(0.9333333333333332, 1.0)",1,98.44061863395694,11216
"(0.8888888888888888, 1.0)",1,98.44056516811936,11217
"(0.914421596921597, 0.992156862745098)",1,98.4405318431306,11218
"(0.9479380641145349, 0.996078431372549)",1,98.44041150645975,11219
"(0.8264567669172932, 1.0)",1,98.44012892179016,11220
"(0.8666666666666667, 1.0)",1,98.44012086814227,11221
"(0.9233333333333332, 0.9868055555555556)",1,98.43948087754518,11222
"(0.95536349042541, 0.996078431372549)",1,98.43940535007776,11223
"(0.8831018518518517, 1.0)",1,98.4394049603567,11224
"(0.9628070175438596, 0.9855521155830752)",1,98.43925167599892,11225
"(0.9037076648841356, 0.996078431372549)",2,98.4389862226934,11227
"(0.8232424833126587, 0.9847494553376906)",1,98.43877972122516,11228
"(0.9333333333333332, 1.0)",1,98.4387435587786,11229
"(0.9230769230769232, 1.0)",1,98.43867817918164,11230
"(0.8145051353874884, 0.996078431372549)",1,98.43866605279598,11231
"(0.9100706889685384, 1.0)",1,98.4385828480849,11232
"(0.9224211423699916, 1.0)",1,98.43852935542714,11233
"(0.8521317829457364, 0.9885627144491042)",2,98.43846290707536,11235
"(0.9272424525365702, 0.996078431372549)",1,98.43843385794888,11236
"(0.9841269841269842, 1.0)",2,98.43795093795094,11238
"(0.9465811965811968, 1.0)",1,98.43718732973365,11239
"(0.944241574272534, 0.984313725490196)",2,98.43701044267772,11241
"(0.9430755736638088, 0.9851851851851852)",1,98.4367526246448,11242
"(0.922287769513936, 0.996078431372549)",2,98.4366571823508,11244
"(0.8888888888888888, 1.0)",1,98.43656047993753,11245
"(0.9641868969810148, 0.996078431372549)",1,98.43646603236648,11246
"(0.7167919799498746, 1.0)",1,98.43643052729068,11247
"(0.9855521155830752, 0.9886710239651416)",1,98.43639600710024,11248
"(0.8518518518518519, 1.0)",1,98.4363854102222,11249
"(0.896551724137931, 1.0)",1,98.43614993596849,11250
"(0.93133246052044, 0.996078431372549)",1,98.43605426367112,11251
"(0.9466013071895424, 0.9879901960784314)",1,98.43589090381688,11252
"(0.9615343915343916, 1.0)",1,98.43444411488876,11253
"(1.0, 1.0)",2,98.43439223149367,11255
"(0.8067271451483561, 0.9885627144491042)",1,98.4342798780058,11256
"(0.9565217391304348, 1.0)",1,98.4342682573804,11257
"(0.9327249496289745, 0.9925925925925926)",1,98.434210601194,11258
"(0.8067271451483561, 1.0)",1,98.43384577128523,11259
"(0.8859337035751476, 1.0)",1,98.4337397213624,11260
"(0.9592592592592591, 1.0)",4,98.43336304037916,11264
"(0.9056772399713576, 0.9894736842105264)",1,98.43328867885064,11265
"(0.8129898303922073, 1.0)",1,98.43268847567708,11266
"(0.9841269841269842, 1.0)",1,98.4325259052734,11267
"(0.9503921568627453, 0.9894736842105264)",1,98.43230600464464,11268
"(0.954722222222222, 0.996078431372549)",1,98.43210360616663,11269
"(0.9189473684210526, 0.9894736842105264)",1,98.43185085487453,11270
"(0.909722222222222, 0.992156862745098)",1,98.43162221206498,11271
"(0.9159046606415028, 0.996078431372549)",1,98.431609905961,11272
"(0.9224211423699916, 1.0)",1,98.43157082102502,11273
"(0.9449965600275196, 0.9894736842105264)",1,98.4314387270271,11274
"(0.8530092673544326, 1.0)",1,98.4312286714481,11275
"(0.8897707231040564, 1.0)",2,98.43121230727294,11277
"(0.9565217391304348, 1.0)",1,98.4311201426762,11278
"(0.9135802469135802, 1.0)",1,98.43105980439312,11279
"(0.8635440917107585, 0.996078431372549)",1,98.43077374521192,11280
"(0.8520449077786689, 1.0)",1,98.43062877883042,11281
"(0.9802054154995332, 0.9919117647058824)",1,98.43055123995354,11282
"(0.8129898303922073, 1.0)",1,98.43023828773195,11283
"(0.9037076648841356, 0.992156862745098)",1,98.4301802202498,11284
"(0.912041847041847, 0.9894736842105264)",1,98.42971147324812,11285
"(0.9191112362010194, 0.9877450980392156)",1,98.4296450014292,11286
"(0.8055555555555555, 1.0)",2,98.42939319134972,11288
"(0.9251027896538732, 0.9894736842105264)",1,98.42936648801094,11289
"(0.9841269841269842, 1.0)",1,98.42918726328344,11290
"(0.8889459760512393, 0.996078431372549)",2,98.42885119422334,11292
"(0.9666666666666668, 1.0)",1,98.4288336700244,11293
"(0.9879901960784314, 0.996078431372549)",1,98.4288120098658,11294
"(0.941156690746474, 0.996078431372549)",1,98.42871750762484,11295
"(0.8889459760512393, 0.996078431372549)",1,98.4279981817287,11296
"(0.9035155195681512, 0.9894736842105264)",1,98.4275417474586,11297
"(0.941889272578127, 0.992156862745098)",1,98.42734905670778,11298
"(0.875, 1.0)",1,98.42729319088969,11299
"(0.9168115942028986, 0.996078431372549)",1,98.42711343502124,11300
"(0.8368686868686868, 1.0)",1,98.4270879655169,11301
"(0.7141994478951, 1.0)",1,98.4268148462815,11302
"(0.9248591174906964, 0.992156862745098)",1,98.42672748417873,11303
"(0.9333333333333332, 1.0)",1,98.4265971151029,11304
"(0.9047619047619048, 1.0)",2,98.42657883116348,11306
"(0.9605451127819548, 0.9894736842105264)",1,98.4264167662592,11307
"(0.9763834422657952, 0.996078431372549)",1,98.42622547415893,11308
"(0.9503921568627453, 0.9925925925925926)",1,98.42539187189296,11309
"(0.8888888888888888, 1.0)",1,98.42537183978835,11310
"(0.9449122174122172, 0.996078431372549)",1,98.42517354799114,11311
"(0.9035155195681512, 0.9894736842105264)",1,98.42517241584304,11312
"(0.936026936026936, 1.0)",1,98.4251096362462,11313
"(0.8616898148148148, 1.0)",1,98.4249900793649,11314
"(0.9168478260869564, 1.0)",1,98.42470726710872,11315
"(0.95406162464986, 0.992156862745098)",1,98.4240402716298,11316
"(0.9135802469135802, 1.0)",1,98.42391918898406,11317
"(0.9359620771385476, 1.0)",1,98.42366024423916,11318
"(0.8170426065162907, 1.0)",2,98.42357786434827,11320
"(0.9202401372212692, 1.0)",1,98.42346497792622,11321
"(1.0, 1.0)",1,98.4233223804551,11322
"(0.9035155195681512, 0.9894736842105264)",1,98.4230597015078,11323
"(0.90934937783235, 0.992156862745098)",1,98.422989010058,11324
"(0.9391865079365078, 1.0)",2,98.42298497414356,11326
"(0.9236094950800832, 0.992156862745098)",1,98.42249910461038,11327
"(0.9696969696969696, 1.0)",1,98.42219685724588,11328
"(0.9449965600275196, 0.9894736842105264)",1,98.42217447952636,11329
"(0.9728641456582634, 0.992156862745098)",1,98.42210483744076,11330
"(0.9565217391304348, 1.0)",1,98.42202496877027,11331
"(0.9047619047619048, 1.0)",2,98.42197895623435,11333
"(0.95536349042541, 0.992156862745098)",1,98.42195633816324,11334
"(0.9444444444444444, 1.0)",1,98.42155718677458,11335
"(0.8904991948470209, 1.0)",1,98.42114654612972,11336
"(0.8383129000541765, 1.0)",1,98.4210437110652,11337
"(0.9589484126984128, 1.0)",4,98.42102984261182,11341
"(0.9444444444444444, 1.0)",2,98.42096423134292,11343
"(0.91484126984127, 0.9894736842105264)",1,98.42095850570394,11344
"(0.936026936026936, 1.0)",1,98.42065365433788,11345
"(0.9449965600275196, 0.9894736842105264)",1,98.42061594219324,11346
"(0.833064949006978, 1.0)",1,98.42033200571376,11347
"(0.7141994478951, 1.0)",2,98.4200356171459,11349
"(0.8864468864468864, 1.0)",1,98.41985161265536,11350
"(0.9841269841269842, 1.0)",1,98.41975989365852,11351
"(0.9886710239651416, 0.9916666666666668)",1,98.4194348933464,11352
"(0.9449122174122172, 0.992156862745098)",1,98.41929119504988,11353
"(0.9754435107376284, 0.9879901960784314)",1,98.41861935077866,11354
"(0.9027274557165862, 1.0)",1,98.41852252374616,11355
"(0.9358798064680418, 0.996078431372549)",1,98.41827058968632,11356
"(0.8952020202020202, 1.0)",1,98.4177056139564,11357
"(0.8888888888888888, 1.0)",1,98.41751687010309,11358
"(0.896551724137931, 1.0)",1,98.41746023066185,11359
"(0.8521317829457364, 0.9885627144491042)",1,98.41713041239214,11360
"(0.8831018518518517, 1.0)",1,98.41686779540228,11361
"(0.9035155195681512, 0.9894736842105264)",1,98.4167634980544,11362
"(0.8998211091234347, 1.0)",1,98.41670500804786,11363
"(0.896551724137931, 1.0)",2,98.41667981967832,11365
"(0.5, 0.9841269841269842)",1,98.41645576645584,11366
"(0.8958946706887884, 0.996078431372549)",1,98.41640642624908,11367
"(0.879008834302952, 0.992156862745098)",1,98.4160889455786,11368
"(0.9543049270990448, 0.9586888492770844)",1,98.4157932003584,11369
"(0.909209656084656, 1.0)",2,98.41554753318296,11371
"(0.8857001484413657, 1.0)",1,98.41542725241575,11372
"(0.896551724137931, 1.0)",1,98.41538352586451,11373
"(0.8520449077786689, 1.0)",1,98.4149965557323,11374
"(0.9399138116785176, 0.992156862745098)",1,98.41497838151172,11375
"(0.9, 1.0)",1,98.41469152357068,11376
"(0.954722222222222, 0.9840686274509804)",2,98.41468165238383,11378
"(0.8402777777777779, 0.9696969696969696)",2,98.41453789752696,11380
"(1.0, 1.0)",1,98.41441968894372,11381
"(0.8893558268973552, 1.0)",1,98.41441212759102,11382
"(0.9350548459681588, 0.9894736842105264)",1,98.41436620676043,11383
"(0.9542023172905526, 0.996078431372549)",1,98.41431867692394,11384
"(0.8466625966625967, 0.9868055555555556)",1,98.41423615213913,11385
"(0.8867623604465709, 1.0)",1,98.41366300343928,11386
"(0.9674603174603176, 1.0)",1,98.41352506718644,11387
"(0.8571428571428572, 1.0)",1,98.41351023813353,11388
"(0.9696969696969696, 1.0)",1,98.41348468969446,11389
"(0.8731060606060606, 1.0)",1,98.41339875718316,11390
"(0.9565217391304348, 1.0)",1,98.41322159535076,11391
"(0.7544006919006919, 1.0)",1,98.41274388331124,11392
"(0.9444444444444444, 1.0)",2,98.4126984126984,11394
"(0.8888888888888888, 1.0)",1,98.41250252129082,11395
"(0.9194577352472088, 1.0)",1,98.41242204697588,11396
"(0.954318475928383, 0.996078431372549)",1,98.4123413523122,11397
"(0.9138847117794486, 0.992156862745098)",1,98.4122085102002,11398
"(0.865079365079365, 1.0)",2,98.41165321033748,11400
"(0.8466625966625967, 0.9868055555555556)",2,98.41155445883246,11402
"(0.9352372919478182, 0.9894736842105264)",1,98.4115171129179,11403
"(0.9568181818181818, 0.9855521155830752)",1,98.41140443561564,11404
"(0.9333333333333332, 1.0)",1,98.41096555618309,11405
"(0.9841269841269842, 1.0)",1,98.4106123676456,11406
"(0.8448736477904788, 0.9885627144491042)",1,98.41028473354248,11407
"(0.8259011519881087, 0.9868055555555556)",1,98.41026809103036,11408
"(0.8170426065162907, 1.0)",1,98.4102287413691,11409
"(0.9320397146712937, 0.996078431372549)",1,98.41011167287552,11410
"(0.9168478260869564, 0.986574074074074)",1,98.40979429389276,11411
"(0.9035155195681512, 0.9925925925925926)",1,98.40964424440809,11412
"(0.8714344685242518, 0.992156862745098)",1,98.40961309974848,11413
"(0.9230116959064328, 0.9894736842105264)",1,98.40935198849138,11414
"(0.9426596279537456, 0.9774638802889576)",1,98.4092479976936,11415
"(0.8013468013468013, 0.9841269841269842)",1,98.40908320075005,11416
"(0.9269637391618816, 0.9894736842105264)",1,98.40901456325656,11417
"(0.9244767367135788, 0.992156862745098)",1,98.40876796417672,11418
"(0.9224211423699916, 1.0)",1,98.4087025711286,11419
"(0.9135802469135802, 1.0)",1,98.4076377527728,11420
"(0.8627450980392157, 1.0)",1,98.40762726868203,11421
"(0.8762954142520705, 0.9882352941176472)",1,98.40721249138416,11422
"(0.8312992626493769, 1.0)",1,98.40697334536831,11423
"(0.8857001484413657, 1.0)",1,98.40683520403157,11424
"(0.9841269841269842, 1.0)",1,98.40683432571043,11425
"(0.9224211423699916, 1.0)",2,98.40649408901768,11427
"(0.9342814048696402, 0.992156862745098)",1,98.40635882026388,11428
"(0.984504357298475, 0.9851851851851852)",1,98.40609611455636,11429
"(0.9841269841269842, 1.0)",1,98.40606687998,11430
"(0.9764161220043572, 0.9916666666666668)",1,98.40588741535942,11431
"(0.8350168350168351, 1.0)",2,98.40567722672986,11433
"(0.91484126984127, 0.9894736842105264)",2,98.40554534991767,11435
"(0.9272424525365702, 0.996078431372549)",2,98.40438576877251,11437
"(0.896551724137931, 1.0)",1,98.40428550713996,11438
"(0.9491329966329968, 0.996078431372549)",1,98.4041716482491,11439
"(0.9886710239651416, 0.9595562770562772)",1,98.40413915611325,11440
"(0.9104993386243384, 1.0)",1,98.40393257724013,11441
"(0.8527777777777779, 1.0)",2,98.4038697652922,11443
"(0.9230769230769232, 1.0)",1,98.40366703517434,11444
"(0.8163854689162486, 0.9892665474060824)",1,98.40364271358624,11445
"(0.9230769230769232, 1.0)",1,98.40345210345228,11446
"(0.9230769230769232, 1.0)",1,98.4033642685818,11447
"(0.944241574272534, 0.996078431372549)",1,98.40331427782876,11448
"(0.8857001484413657, 1.0)",1,98.4032948478316,11449
"(0.9407729468599032, 0.9866666666666666)",1,98.40284314518,11450
"(0.8466625966625967, 0.9868055555555556)",2,98.40275309026003,11452
"(0.9807902108211706, 0.9838235294117648)",1,98.40265021425304,11453
"(0.9135802469135802, 1.0)",1,98.4026494543298,11454
"(0.9879901960784314, 0.992156862745098)",1,98.40230208104614,11455
"(0.8817204301075269, 1.0)",1,98.4020591557095,11456
"(0.909722222222222, 0.992156862745098)",2,98.40203507191111,11458
"(0.875, 1.0)",1,98.40178398313074,11459
"(0.8170426065162907, 1.0)",1,98.40130786318652,11460
"(0.9520261437908496, 0.9851851851851852)",1,98.40126752413148,11461
"(0.9186111111111112, 0.992156862745098)",1,98.40060357494296,11462
"(0.9272424525365702, 0.996078431372549)",1,98.40055096019232,11463
"(0.8675136116152449, 1.0)",1,98.40052056567494,11464
"(0.8466625966625967, 0.9868055555555556)",1,98.4005182034212,11465
"(0.75, 1.0)",2,98.40001948471055,11467
"(0.683375104427736, 1.0)",1,98.39987544697648,11468
"(0.9841269841269842, 1.0)",1,98.39972777514012,11469
"(0.8013468013468013, 0.9841269841269842)",1,98.39971558232448,11470
"(0.9446101774042952, 0.9894736842105264)",1,98.39951564519578,11471
"(0.9351326548694968, 0.996078431372549)",1,98.39917167484492,11472
"(0.9449122174122172, 0.992156862745098)",1,98.3988478319463,11473
"(0.8817204301075269, 1.0)",2,98.39873724857854,11475
"(0.9886710239651416, 0.9916666666666668)",1,98.39871778376416,11476
"(0.808641975308642, 1.0)",1,98.39860414467589,11477
"(0.8867623604465709, 1.0)",2,98.39854791788446,11479
"(0.8415692007797271, 0.986574074074074)",1,98.39853754180083,11480
"(0.9855521155830752, 0.9792592592592594)",1,98.39827172382331,11481
"(0.8977777777777779, 1.0)",1,98.39814375640476,11482
"(0.8448736477904788, 1.0)",1,98.39803671411435,11483
"(0.9449122174122172, 0.9877450980392156)",1,98.39795088706276,11484
"(0.9808278867102396, 0.9695970695970696)",1,98.39780817594276,11485
"(0.865079365079365, 1.0)",1,98.39752411331364,11486
"(0.9841269841269842, 1.0)",2,98.39709634981376,11488
"(0.9546359362458434, 0.9851851851851852)",1,98.39706891281718,11489
"(0.9810185185185186, 0.9886710239651416)",1,98.39623036559055,11490
"(0.9359620771385476, 0.992156862745098)",1,98.39604562305024,11491
"(0.9251027896538732, 0.9894736842105264)",1,98.39601122862368,11492
"(0.9841269841269842, 1.0)",1,98.39567533915368,11493
"(0.9696969696969696, 1.0)",1,98.39553163830688,11494
"(0.9399138116785176, 0.996078431372549)",1,98.39552528791646,11495
"(0.945875350140056, 0.992156862745098)",1,98.39549810767924,11496
"(1.0, 1.0)",1,98.39498381664669,11497
"(0.9333333333333332, 1.0)",1,98.39480833599828,11498
"(0.9318498265866688, 0.996078431372549)",1,98.39480700284297,11499
"(0.8521317829457364, 1.0)",1,98.39458532728344,11500
"(0.9056772399713576, 0.9894736842105264)",1,98.39448638723354,11501
"(0.9762254901960784, 0.9894736842105264)",1,98.39414075270356,11502
"(0.9503921568627453, 0.9894736842105264)",1,98.3941314511753,11503
"(0.8750600325600326, 1.0)",1,98.39403304540096,11504
"(0.9369934640522876, 0.992156862745098)",1,98.394013645242,11505
"(0.9384803921568629, 0.9894736842105264)",1,98.39390131053838,11506
"(0.9172932330827066, 0.9841269841269842)",2,98.39371972832367,11508
"(0.6856760145918833, 1.0)",1,98.39367697020464,11509
"(0.8498168498168498, 1.0)",1,98.39315917576803,11510
"(0.9358798064680418, 0.9879901960784314)",1,98.39304941649196,11511
"(0.9688888888888888, 0.980582788671024)",1,98.39302554126152,11512
"(0.9452536570183628, 0.9894736842105264)",1,98.39237075875609,11513
"(0.883580779054917, 1.0)",1,98.39212559957554,11514
"(0.8990289449112978, 0.9894736842105264)",1,98.3918578678324,11515
"(0.8253968253968256, 1.0)",1,98.39178260080187,11516
"(0.9886710239651416, 0.996078431372549)",1,98.39173447390314,11517
"(0.7708333333333334, 1.0)",1,98.39170191389394,11518
"(0.9035155195681512, 0.9894736842105264)",2,98.3916174529135,11520
"(0.9371957671957672, 0.9894736842105264)",1,98.39149677075424,11521
"(0.9740143369175628, 1.0)",1,98.39133663408737,11522
"(0.8970659722222223, 1.0)",1,98.39088901064284,11523
"(0.9369934640522876, 0.992156862745098)",1,98.39051263581815,11524
"(0.9879901960784314, 0.992156862745098)",2,98.39020271590132,11526
"(0.865079365079365, 1.0)",1,98.39005337967971,11527
"(0.9696969696969696, 1.0)",1,98.3899958173552,11528
"(1.0, 0.9841269841269842)",1,98.389820896114,11529
"(0.879008834302952, 0.992156862745098)",1,98.38965705138357,11530
"(0.9145622351504704, 0.996078431372549)",1,98.38894552405807,11531
"(0.8832772166105499, 1.0)",2,98.38891421246494,11533
"(0.9357610907610908, 0.9894736842105264)",1,98.3888821441142,11534
"(1.0, 1.0)",1,98.38826994120664,11535
"(0.9365260121142476, 0.9894736842105264)",1,98.38826297909009,11536
"(0.8163854689162486, 0.9885627144491042)",1,98.38810349560508,11537
"(0.9135802469135802, 1.0)",2,98.38793469363648,11539
"(0.9358798064680418, 0.992156862745098)",1,98.38766974792254,11540
"(0.912041847041847, 0.9894736842105264)",1,98.38744787718674,11541
"(0.8635440917107585, 0.996078431372549)",1,98.3871034340761,11542
"(0.8555658066363376, 1.0)",1,98.38665986129077,11543
"(0.9224211423699916, 1.0)",1,98.38632825540006,11544
"(0.8897707231040564, 1.0)",1,98.38622997372995,11545
"(0.9841269841269842, 1.0)",1,98.38591080478692,11546
"(0.9142520753512132, 1.0)",1,98.3859053647512,11547
"(0.90934937783235, 0.996078431372549)",1,98.38576223762564,11548
"(0.9696969696969696, 1.0)",1,98.38571250951236,11549
"(0.9507101086048454, 1.0)",1,98.3856999460211,11550
"(0.9696969696969696, 0.9841269841269842)",1,98.3856627735348,11551
"(0.9191112362010194, 0.9851851851851852)",1,98.38556948117528,11552
"(0.8264567669172932, 1.0)",1,98.38517527383829,11553
"(0.9296576483944904, 0.992156862745098)",1,98.3850164634126,11554
"(0.912041847041847, 0.9894736842105264)",1,98.3847998569562,11555
"(0.9255470304063654, 0.9894736842105264)",1,98.3846785850633,11556
"(0.8571428571428572, 1.0)",1,98.3846519381002,11557
"(0.9430755736638088, 0.9851851851851852)",1,98.38458312012496,11558
"(0.8469839324618735, 1.0)",1,98.38438652811509,11559
"(0.9365260121142476, 0.9894736842105264)",1,98.3842007007282,11560
"(0.875, 1.0)",2,98.3841888589567,11562
"(0.896551724137931, 1.0)",2,98.3834875281337,11564
"(0.9194577352472088, 0.9841269841269842)",2,98.38319941493098,11566
"(0.9407729468599032, 1.0)",1,98.38311631731295,11567
"(0.808641975308642, 1.0)",1,98.38306433283778,11568
"(0.9320397146712937, 0.996078431372549)",1,98.38284318232095,11569
"(0.941488229119808, 0.9886710239651416)",1,98.38203832253052,11570
"(0.8888888888888888, 1.0)",1,98.38199779427852,11571
"(0.9306746031746032, 1.0)",1,98.38183584226528,11572
"(0.9018073680369506, 0.992156862745098)",1,98.38171699515888,11573
"(0.9492266992266992, 0.9868055555555556)",1,98.38167953190528,11574
"(0.8876464446796928, 0.9894736842105264)",1,98.38142390316824,11575
"(0.9517488164856586, 0.9894736842105264)",1,98.38127578271744,11576
"(0.9333333333333332, 1.0)",1,98.38106303641922,11577
"(1.0, 1.0)",2,98.3810527410608,11579
"(0.8163854689162486, 0.9892665474060824)",1,98.38095022620752,11580
"(0.9224211423699916, 1.0)",1,98.38067650823406,11581
"(0.9253783187916316, 0.9855521155830752)",1,98.38041024584336,11582
"(0.8870701058201058, 1.0)",1,98.38028792574632,11583
"(0.8583509513742072, 1.0)",1,98.37941723852384,11584
"(0.9602089783281734, 0.996078431372549)",1,98.37869212413396,11585
"(0.8586378737541528, 1.0)",1,98.37846586664368,11586
"(0.9565217391304348, 1.0)",1,98.37824494346232,11587
"(0.8616898148148148, 1.0)",1,98.37815901457084,11588
"(1.0, 1.0)",1,98.37807590579686,11589
"(0.9465811965811968, 1.0)",1,98.3779987110248,11590
"(0.9449965600275196, 0.9894736842105264)",1,98.37749696151104,11591
"(0.9142520753512132, 1.0)",1,98.37744679777188,11592
"(0.9674603174603176, 1.0)",1,98.37725098163692,11593
"(0.875, 1.0)",2,98.3771594297557,11595
"(0.9243650793650792, 1.0)",1,98.37696196807303,11596
"(0.950496562261268, 0.9855521155830752)",1,98.3764597816289,11597
"(0.9352372919478182, 0.9894736842105264)",1,98.37640971225868,11598
"(0.8888888888888888, 1.0)",1,98.376390638184,11599
"(0.9444444444444444, 1.0)",2,98.37636460032044,11601
"(0.875, 1.0)",1,98.37632166433156,11602
"(0.8714344685242518, 0.992156862745098)",1,98.3761793623458,11603
"(0.922050500014663, 1.0)",1,98.375919843477,11604
"(0.9230769230769232, 1.0)",1,98.37518218824934,11605
"(1.0, 1.0)",1,98.375,11606
"(0.9202401372212692, 1.0)",1,98.37490177879148,11607
"(0.9803921568627452, 0.992156862745098)",1,98.37488340633156,11608
"(0.8129898303922073, 1.0)",1,98.3745417901423,11609
"(0.9841269841269842, 1.0)",2,98.37445887445888,11611
"(0.9172932330827066, 1.0)",1,98.37419399515588,11612
"(0.9135802469135802, 1.0)",1,98.37418169426644,11613
"(0.8966619981325863, 0.9851851851851852)",1,98.37415288446836,11614
"(0.8864468864468864, 1.0)",2,98.37414639310065,11616
"(0.9280112044817928, 0.992156862745098)",1,98.3740249742803,11617
"(0.8867623604465709, 0.9841269841269842)",2,98.37305384673824,11619
"(0.9696969696969696, 1.0)",1,98.37270082633285,11620
"(0.8571024784182679, 0.996078431372549)",1,98.3724052355996,11621
"(0.9189473684210526, 0.9894736842105264)",1,98.37237602400644,11622
"(0.896551724137931, 1.0)",2,98.37237070761182,11624
"(0.9386724386724388, 1.0)",1,98.372363283096,11625
"(0.9320397146712937, 0.996078431372549)",2,98.37230676876716,11627
"(1.0, 1.0)",1,98.3722214372201,11628
"(0.8817204301075269, 0.9841269841269842)",2,98.372118336295,11630
"(0.8803174603174604, 1.0)",1,98.372002533162,11631
"(0.8859337035751476, 0.9885627144491042)",1,98.37178031915091,11632
"(0.8586378737541528, 1.0)",1,98.3717258820941,11633
"(0.9319444444444444, 1.0)",1,98.37153664233183,11634
"(0.8681932021466906, 1.0)",1,98.37137373683387,11635
"(0.8345959595959597, 0.986574074074074)",1,98.37117257742256,11636
"(0.9492266992266992, 0.9868055555555556)",1,98.37087198643628,11637
"(0.896551724137931, 1.0)",1,98.3703369415586,11638
"(0.91484126984127, 0.9894736842105264)",1,98.37029960079356,11639
"(0.9358798064680418, 0.996078431372549)",2,98.3702955238638,11641
"(0.9213117283950616, 1.0)",1,98.3694893823996,11642
"(0.8748472964943552, 0.996078431372549)",1,98.36936527957002,11643
"(0.9138847117794486, 0.992156862745098)",1,98.36933695578136,11644
"(0.8858975827700768, 0.9885627144491042)",2,98.36926764221862,11646
"(0.8521317829457364, 1.0)",1,98.36926316945748,11647
"(0.9445350241545892, 1.0)",1,98.36911019181592,11648
"(0.9628070175438596, 0.9851851851851852)",1,98.36894972034317,11649
"(0.9035155195681512, 0.9894736842105264)",1,98.36894796057427,11650
"(0.8502976190476191, 1.0)",1,98.36888521307976,11651
"(0.9224211423699916, 1.0)",1,98.3686925080922,11652
"(0.9047619047619048, 1.0)",1,98.36833502809984,11653
"(0.8550741594067247, 1.0)",1,98.36831808978766,11654
"(0.8488297541238717, 0.9837908496732026)",1,98.3682505275605,11655
"(0.8498168498168499, 1.0)",1,98.36766615027496,11656
"(0.883580779054917, 1.0)",1,98.36757824792812,11657
"(0.9214340198321892, 1.0)",1,98.36687960547388,11658
"(0.6856760145918833, 1.0)",1,98.36681723643336,11659
"(0.944241574272534, 0.9820662768031188)",1,98.36668991355408,11660
"(0.8129898303922073, 1.0)",1,98.36665534841168,11661
"(0.9243650793650792, 0.986574074074074)",2,98.3662082483094,11663
"(0.8763636363636363, 1.0)",1,98.36618471451423,11664
"(0.9138847117794486, 0.9879901960784314)",2,98.36593015580397,11666
"(0.8257685414943479, 1.0)",1,98.36534822026567,11667
"(0.9674603174603176, 1.0)",2,98.36517955728482,11669
"(0.9851851851851852, 0.996078431372549)",1,98.3651095467426,11670
"(0.9047619047619048, 1.0)",1,98.36489533011282,11671
"(0.932852564102564, 1.0)",1,98.36472323972323,11672
"(0.9808278867102396, 0.9851851851851852)",1,98.36434533210816,11673
"(1.0, 1.0)",1,98.36408610458956,11674
"(0.7975164658278694, 1.0)",1,98.36401318157868,11675
"(0.8904991948470209, 1.0)",2,98.36367142775812,11677
"(1.0, 0.9841269841269842)",1,98.36344814605702,11678
"(0.9609224859534458, 0.992156862745098)",1,98.36334725670768,11679
"(0.8129898303922073, 1.0)",1,98.36297518437875,11680
"(0.8864468864468864, 1.0)",1,98.36292287311775,11681
"(0.8970659722222223, 1.0)",2,98.36257176270482,11683
"(0.9293342911877394, 0.9868055555555556)",1,98.36250242873972,11684
"(0.914421596921597, 0.992156862745098)",1,98.36222893450346,11685
"(0.8817204301075269, 1.0)",1,98.36218810197188,11686
"(0.9224211423699916, 1.0)",1,98.36213406103028,11687
"(0.9172932330827066, 0.9841269841269842)",1,98.36205636045464,11688
"(0.8888888888888888, 1.0)",1,98.3618578716493,11689
"(0.909209656084656, 1.0)",1,98.36172688653927,11690
"(0.8635440917107585, 0.992156862745098)",1,98.36171025584126,11691
"(1.0, 1.0)",1,98.36165075295509,11692
"(0.9333333333333332, 1.0)",1,98.36151831260528,11693
"(0.9064872325741892, 0.9868055555555556)",4,98.36140984808485,11697
"(0.9049532029717788, 0.9894736842105264)",1,98.36110414397426,11698
"(1.0, 1.0)",1,98.36102786102784,11699
"(0.9138847117794486, 0.992156862745098)",1,98.36093742397397,11700
"(0.9327096052096052, 1.0)",1,98.3606041886568,11701
"(0.8520449077786689, 0.9892665474060824)",1,98.360386938637,11702
"(0.8740392648287385, 1.0)",1,98.36030043836352,11703
"(0.9, 1.0)",2,98.36025796491543,11705
"(0.9135802469135802, 1.0)",2,98.36023537805052,11707
"(0.8368686868686868, 1.0)",1,98.35994410110708,11708
"(0.8817204301075269, 1.0)",1,98.35984162241635,11709
"(0.9411376480416728, 0.996078431372549)",1,98.35969094236265,11710
"(0.8078308130291714, 1.0)",1,98.35955444518125,11711
"(0.8518518518518519, 1.0)",1,98.35945728989216,11712
"(0.9764161220043572, 0.992156862745098)",1,98.35938530595632,11713
"(0.9318498265866688, 0.996078431372549)",2,98.35937471724448,11715
"(0.8750600325600326, 1.0)",1,98.35933036927112,11716
"(0.9696969696969696, 0.9841269841269842)",1,98.35931223902249,11717
"(0.8832772166105499, 1.0)",2,98.35928278242478,11719
"(0.8888888888888888, 1.0)",1,98.35905279683392,11720
"(1.0, 1.0)",1,98.35858585858584,11721
"(0.996078431372549, 0.9886710239651416)",1,98.35858518473832,11722
"(0.9235349105085948, 0.996078431372549)",1,98.35834906172336,11723
"(0.9665319865319866, 0.996078431372549)",1,98.35812714836182,11724
"(0.934644785450412, 0.996078431372549)",1,98.35809038241928,11725
"(0.932852564102564, 0.986574074074074)",1,98.35805136526405,11726
"(0.9197362278244632, 0.996078431372549)",1,98.3574458466765,11727
"(0.8990289449112978, 0.9894736842105264)",1,98.3574117860795,11728
"(0.8376068376068376, 1.0)",1,98.35696025486308,11729
"(0.8952380952380952, 1.0)",1,98.35687958730068,11730
"(1.0, 1.0)",1,98.35678477278564,11731
"(0.9696969696969696, 1.0)",1,98.35668602086648,11732
"(0.9135802469135802, 1.0)",1,98.35662519870417,11733
"(0.9224211423699916, 1.0)",1,98.35652913963594,11734
"(0.9411376480416728, 0.992156862745098)",1,98.35623526160028,11735
"(0.8915343915343915, 1.0)",1,98.35616116742013,11736
"(0.7410714285714286, 1.0)",1,98.35613858363858,11737
"(0.9430755736638088, 0.996078431372549)",1,98.35611271072308,11738
"(0.9135802469135802, 1.0)",1,98.35602052268716,11739
"(0.9023569023569024, 1.0)",1,98.3558821295664,11740
"(0.9841269841269842, 1.0)",2,98.35536309163052,11742
"(0.8109668109668109, 1.0)",1,98.355137917638,11743
"(0.8078308130291714, 1.0)",1,98.35505652718214,11744
"(0.9411376480416728, 0.996078431372549)",1,98.35499262956876,11745
"(0.8686868686868687, 1.0)",1,98.35498093835696,11746
"(0.9704901960784316, 0.992156862745098)",1,98.3548289964131,11747
"(0.7081939799331105, 1.0)",1,98.35482122376172,11748
"(0.8991666666666667, 1.0)",1,98.3544644616064,11749
"(0.9168478260869564, 1.0)",1,98.3543730515438,11750
"(0.9272424525365702, 0.992156862745098)",1,98.35431002883338,11751
"(0.90934937783235, 0.992156862745098)",1,98.3542944577626,11752
"(1.0, 1.0)",1,98.3542615187924,11753
"(0.9023569023569024, 0.9841269841269842)",1,98.35420586328532,11754
"(0.8589726631393297, 1.0)",1,98.35410036345633,11755
"(0.8415692007797271, 1.0)",1,98.35407927549842,11756
"(0.8748472964943552, 0.992156862745098)",1,98.35346776285364,11757
"(0.9135802469135802, 1.0)",1,98.35322109988776,11758
"(0.8571024784182679, 0.9919117647058824)",2,98.35307345327112,11760
"(0.9651330532212884, 0.9840686274509804)",1,98.35295139510562,11761
"(0.8468468468468467, 1.0)",1,98.35288761630228,11762
"(1.0, 1.0)",2,98.35252841774582,11764
"(0.9816305469556244, 0.9855521155830752)",1,98.35227107797832,11765
"(0.8832772166105499, 1.0)",1,98.3521594949308,11766
"(0.6702852099591231, 1.0)",1,98.35208955759114,11767
"(0.9172932330827066, 1.0)",1,98.35197297405536,11768
"(0.9192251461988304, 0.996078431372549)",1,98.3514947310944,11769
"(0.9452536570183628, 0.9894736842105264)",2,98.35132627111908,11771
"(0.9445350241545892, 1.0)",1,98.35120738185432,11772
"(0.8475199219385267, 0.9885627144491042)",1,98.35108580651628,11773
"(0.9365260121142476, 0.9894736842105264)",2,98.35101634870944,11775
"(0.909209656084656, 1.0)",1,98.3509566142289,11776
"(0.8952020202020202, 1.0)",1,98.35086190211264,11777
"(0.9230769230769232, 1.0)",1,98.35074057324704,11778
"(0.9841269841269842, 1.0)",1,98.35071419584426,11779
"(0.9350548459681588, 0.9894736842105264)",2,98.35069014413382,11781
"(0.75, 1.0)",1,98.3505661005661,11782
"(0.9492266992266992, 0.9866666666666666)",1,98.35015608197038,11783
"(0.9056772399713576, 0.9925925925925926)",1,98.34996804893645,11784
"(0.9047619047619048, 1.0)",1,98.34982984004724,11785
"(0.9135802469135802, 1.0)",1,98.34947490780824,11786
"(0.9142520753512132, 1.0)",1,98.34945377180289,11787
"(0.9465811965811968, 1.0)",1,98.34934477246247,11788
"(0.909209656084656, 0.986574074074074)",2,98.3489309728768,11790
"(0.8571428571428572, 1.0)",1,98.3488569542727,11791
"(0.935504581417894, 0.9894736842105264)",1,98.34875052624427,11792
"(0.9391865079365078, 1.0)",1,98.34866062720026,11793
"(0.8888888888888888, 1.0)",2,98.34864473735672,11795
"(0.896551724137931, 1.0)",1,98.34848124325856,11796
"(0.8990289449112978, 0.9925925925925926)",1,98.34834942352902,11797
"(0.875, 1.0)",2,98.34785527140616,11799
"(0.8468468468468467, 1.0)",1,98.34766467739853,11800
"(0.9841269841269842, 1.0)",1,98.34757336644144,11801
"(0.8053221288515406, 1.0)",2,98.34750136195149,11803
"(0.9841269841269842, 1.0)",1,98.34749044867546,11804
"(0.9192180611357128, 1.0)",1,98.34725775793396,11805
"(0.9056772399713576, 0.9894736842105264)",2,98.34686316659896,11807
"(0.9386724386724388, 1.0)",1,98.3468116678643,11808
"(0.8888888888888888, 1.0)",1,98.34675324675334,11809
"(0.9399138116785176, 0.996078431372549)",2,98.346373329965,11811
"(0.9333333333333332, 1.0)",1,98.34616818954392,11812
"(0.8888888888888888, 1.0)",1,98.34604150546188,11813
"(0.9399223139548216, 0.996078431372549)",1,98.34587674152624,11814
"(0.7971704623878537, 0.996078431372549)",1,98.34587163425748,11815
"(0.8888888888888888, 1.0)",1,98.34586407291935,11816
"(0.9194577352472088, 1.0)",1,98.34572328704212,11817
"(0.8888888888888888, 1.0)",1,98.34556228085648,11818
"(0.8990289449112978, 0.9894736842105264)",1,98.34553924279209,11819
"(0.9047619047619048, 1.0)",1,98.34549344372684,11820
"(0.8415692007797271, 1.0)",1,98.34530763310752,11821
"(0.909209656084656, 1.0)",1,98.34483267506177,11822
"(0.9280112044817928, 0.992156862745098)",1,98.34466494852455,11823
"(0.9803921568627452, 0.9886710239651416)",1,98.34463249627332,11824
"(0.9696969696969696, 1.0)",2,98.34414831545266,11826
"(0.7971704623878537, 0.992156862745098)",1,98.34408860709983,11827
"(0.9113243706184884, 0.9894736842105264)",1,98.34408263884345,11828
"(0.9358798064680418, 0.992156862745098)",1,98.34404229694208,11829
"(0.984313725490196, 0.996078431372549)",1,98.34394849133815,11830
"(0.9192251461988304, 0.992156862745098)",1,98.34389669187868,11831
"(0.9386724386724388, 1.0)",1,98.34343434343434,11832
"(0.9591269841269842, 0.9916666666666668)",1,98.34330725484652,11833
"(0.9813854489164088, 0.9925925925925926)",1,98.34313626691014,11834
"(0.8817204301075269, 1.0)",2,98.3430781085251,11836
"(0.8958946706887884, 0.996078431372549)",2,98.34227274664175,11838
"(0.8858975827700768, 0.9885627144491042)",1,98.34226794271902,11839
"(0.9452536570183628, 0.9894736842105264)",1,98.34201223005604,11840
"(0.9049532029717788, 0.9894736842105264)",1,98.34192013381622,11841
"(0.91484126984127, 0.9894736842105264)",1,98.34174280703417,11842
"(0.8013468013468013, 1.0)",1,98.34167568542584,11843
"(0.9763834422657952, 0.980582788671024)",1,98.34156914510862,11844
"(0.8627450980392157, 1.0)",1,98.34147221868166,11845
"(0.9280112044817928, 0.996078431372549)",1,98.34139146454169,11846
"(0.984313725490196, 0.9739780415090012)",1,98.34071253463732,11847
"(0.8832772166105499, 1.0)",1,98.34052490719156,11848
"(0.8498168498168498, 0.9841269841269842)",1,98.34014874014892,11849
"(0.9399223139548216, 0.992156862745098)",1,98.3397079891574,11850
"(0.7782392026578072, 1.0)",1,98.33960514632838,11851
"(0.9841269841269842, 1.0)",1,98.3392711093798,11852
"(0.9803921568627452, 0.996078431372549)",1,98.33907033454189,11853
"(0.8627450980392157, 1.0)",2,98.33899526462072,11855
"(0.8882535288785288, 0.9866666666666666)",2,98.33837555499116,11857
"(0.9407729468599032, 0.9868055555555556)",1,98.3382987417107,11858
"(0.8791208791208792, 1.0)",1,98.33783656239795,11859
"(0.980582788671024, 0.9813854489164088)",1,98.33770598882832,11860
"(0.965272331154684, 0.9916666666666668)",1,98.33768691840206,11861
"(0.8466625966625967, 0.9868055555555556)",1,98.33761471620144,11862
"(0.8970659722222223, 1.0)",1,98.3374181814699,11863
"(0.9056772399713576, 0.9894736842105264)",1,98.33739341994271,11864
"(1.0, 1.0)",1,98.33720480061945,11865
"(0.9280112044817928, 0.996078431372549)",1,98.33668926462514,11866
"(0.912041847041847, 0.9894736842105264)",1,98.33657552711853,11867
"(0.7141994478951, 1.0)",1,98.33634153345182,11868
"(0.9517488164856586, 0.9886710239651416)",1,98.33632311581964,11869
"(0.9049532029717788, 0.9894736842105264)",1,98.33577656447456,11870
"(1.0, 1.0)",2,98.335602017992,11872
"(0.9674603174603176, 1.0)",2,98.3349695980689,11874
"(0.9342814048696402, 0.996078431372549)",2,98.334849071934,11876
"(0.9411376480416728, 0.9879901960784314)",1,98.33474488424926,11877
"(0.9696969696969696, 1.0)",2,98.3343542733647,11879
"(0.8466625966625967, 0.9868055555555556)",2,98.3343123343121,11881
"(0.875, 1.0)",1,98.33422559332624,11882
"(0.8468468468468467, 1.0)",1,98.3341698164932,11883
"(0.9386724386724388, 1.0)",1,98.3340970205513,11884
"(0.9333333333333332, 1.0)",1,98.33380978214738,11885
"(0.9, 1.0)",1,98.33368815098795,11886
"(0.954722222222222, 0.992156862745098)",1,98.33360862786512,11887
"(0.740829346092504, 1.0)",2,98.33338553542288,11889
"(0.8013468013468013, 0.9841269841269842)",1,98.33333333333351,11890
"(0.9674603174603176, 1.0)",1,98.33324549846309,11891
"(0.7782392026578072, 0.9885627144491042)",1,98.33282149707784,11892
"(0.9135802469135802, 1.0)",2,98.33232144610432,11894
"(0.8889459760512393, 0.996078431372549)",1,98.33220130930722,11895
"(0.8831018518518517, 1.0)",1,98.33197674272635,11896
"(0.9449965600275196, 0.9894736842105264)",2,98.33174107272868,11898
"(0.9696969696969696, 1.0)",1,98.33114307129296,11899
"(0.9696969696969696, 1.0)",1,98.33111333111331,11900
"(1.0, 1.0)",1,98.3305185618004,11901
"(0.9230769230769232, 1.0)",1,98.329832688728,11902
"(1.0, 1.0)",1,98.32964691736314,11903
"(0.9497685185185184, 1.0)",2,98.329644334186,11905
"(0.9841269841269842, 1.0)",1,98.32949798739271,11906
"(0.8888888888888888, 1.0)",1,98.32939972155658,11907
"(0.9452536570183628, 0.9894736842105264)",1,98.3284990430728,11908
"(0.5, 0.9841269841269842)",1,98.32813727335484,11909
"(0.9503921568627453, 0.9894736842105264)",1,98.32793160997612,11910
"(0.957037037037037, 0.9886710239651416)",1,98.32782154435397,11911
"(0.9019607843137254, 0.9868055555555556)",1,98.32776733382832,11912
"(0.9521171802054156, 0.9886710239651416)",1,98.32761181027436,11913
"(0.9168478260869564, 1.0)",1,98.3274009136714,11914
"(0.9841269841269842, 1.0)",1,98.32738095238096,11915
"(0.8586378737541528, 1.0)",1,98.32731788970196,11916
"(0.883580779054917, 1.0)",1,98.32730047015032,11917
"(0.896551724137931, 1.0)",1,98.32710891993382,11918
"(0.9047619047619048, 1.0)",1,98.3267681466766,11919
"(0.9520261437908496, 0.9820662768031188)",1,98.32663094355183,11920
"(0.95536349042541, 0.996078431372549)",1,98.32628607960852,11921
"(0.9509482401656316, 0.992156862745098)",1,98.32612311173897,11922
"(0.9359620771385476, 0.9820662768031188)",1,98.32612183109867,11923
"(0.9214340198321892, 1.0)",1,98.3257371011539,11924
"(0.879008834302952, 0.996078431372549)",1,98.32567527918891,11925
"(0.8635440917107585, 0.996078431372549)",1,98.3256661768749,11926
"(0.8858975827700768, 1.0)",1,98.32563311366312,11927
"(0.9253783187916316, 0.9820662768031188)",1,98.32552962107886,11928
"(0.8904991948470209, 1.0)",1,98.32505230532222,11929
"(0.8731060606060606, 1.0)",1,98.32486603054306,11930
"(0.9255470304063654, 0.9894736842105264)",1,98.32485007154432,11931
"(0.9351258309591644, 1.0)",1,98.32476749995432,11932
"(0.977218782249742, 0.9919117647058824)",2,98.32463737377616,11934
"(0.9292181620122796, 0.996078431372549)",1,98.3240371561816,11935
"(0.9847494553376906, 0.9851851851851852)",1,98.32400019656993,11936
"(0.914421596921597, 0.996078431372549)",1,98.32363538301628,11937
"(0.8888888888888888, 1.0)",1,98.32356634522924,11938
"(0.9135802469135802, 1.0)",1,98.32347923681256,11939
"(0.9507101086048454, 1.0)",1,98.32346669901249,11940
"(1.0, 1.0)",1,98.3230987247678,11941
"(0.9492266992266992, 0.9868055555555556)",2,98.3225800718427,11943
"(0.9430755736638088, 0.9820662768031188)",1,98.3224159036088,11944
"(0.8958946706887884, 0.996078431372549)",1,98.32239348308596,11945
"(1.0, 1.0)",1,98.32232823537171,11946
"(0.9840686274509804, 1.0)",1,98.32215299447564,11947
"(0.950140056022409, 0.9894736842105264)",1,98.32203857491577,11948
"(0.7544006919006919, 1.0)",1,98.32191482377632,11949
"(0.9696969696969696, 1.0)",1,98.32087941076549,11950
"(0.8873002904865649, 1.0)",1,98.32072071000462,11951
"(0.6856760145918833, 1.0)",1,98.32026596365456,11952
"(0.9019323671497586, 0.9866666666666666)",2,98.3200814676294,11954
"(0.8831018518518517, 1.0)",1,98.31984973726858,11955
"(0.9019607843137254, 0.9868055555555556)",4,98.3196457907978,11959
"(1.0, 1.0)",2,98.31917182434424,11961
"(0.9565217391304348, 1.0)",1,98.31913326710928,11962
"(1.0, 1.0)",2,98.3188897823044,11964
"(0.996078431372549, 0.9855521155830752)",1,98.318888117922,11965
"(0.8904991948470209, 1.0)",1,98.31878749581338,11966
"(0.8817204301075269, 1.0)",1,98.31867950861071,11967
"(1.0, 0.9749019607843136)",1,98.31865807366584,11968
"(0.9049532029717788, 0.9894736842105264)",2,98.3186169275352,11970
"(0.8163854689162486, 1.0)",1,98.31826387662652,11971
"(0.9244767367135788, 0.9851851851851852)",1,98.31817900403104,11972
"(0.976851851851852, 0.9840686274509804)",1,98.31808461151655,11973
"(0.909722222222222, 0.992156862745098)",1,98.31785190806713,11974
"(0.8817204301075269, 1.0)",1,98.3178147359768,11975
"(0.9171090534979424, 1.0)",1,98.31758725682629,11976
"(0.9333333333333332, 1.0)",1,98.31744327373616,11977
"(0.9882352941176472, 0.9919117647058824)",1,98.31743338541504,11978
"(0.8518518518518519, 1.0)",1,98.31724235379843,11979
"(0.978144708175668, 0.9919117647058824)",1,98.31678540002356,11980
"(0.9056772399713576, 0.9894736842105264)",1,98.3165840871287,11981
"(0.8889459760512393, 0.996078431372549)",2,98.31651345357014,11983
"(0.9445350241545892, 1.0)",1,98.31640859259988,11984
"(0.9272424525365702, 0.9838235294117648)",1,98.31629807584908,11985
"(0.8897707231040564, 1.0)",1,98.31626587637224,11986
"(0.9840686274509804, 0.9851851851851852)",1,98.3162612611759,11987
"(0.8859337035751476, 1.0)",1,98.3162586632782,11988
"(0.9841269841269842, 1.0)",1,98.31604077945542,11989
"(0.9401030668677728, 0.978144708175668)",1,98.3159556622714,11990
"(0.9018073680369506, 0.9879901960784314)",1,98.31555674676468,11991
"(0.9350548459681588, 0.9894736842105264)",1,98.31532595659878,11992
"(0.9507101086048454, 1.0)",1,98.31463895656556,11993
"(0.9135802469135802, 0.9841269841269842)",1,98.31454953831236,11994
"(0.8627450980392157, 1.0)",1,98.31400858619554,11995
"(0.9503921568627453, 0.9894736842105264)",2,98.31380783888574,11997
"(0.9841269841269842, 1.0)",1,98.31361677409782,11998
"(0.899875800993592, 1.0)",1,98.31361094593524,11999
"(0.9230769230769232, 0.9841269841269842)",1,98.31343698595076,12000
"(0.9209085933223864, 0.9855521155830752)",1,98.31343574777117,12001
"(0.8817204301075269, 1.0)",2,98.31332439471343,12003
"(0.9841269841269842, 1.0)",1,98.31317786156497,12004
"(0.947088068181818, 1.0)",1,98.31261060210012,12005
"(0.9430755736638088, 0.9851851851851852)",1,98.31259859960576,12006
"(0.8138881768037778, 0.9835784313725492)",1,98.31251889402058,12007
"(0.896551724137931, 1.0)",1,98.31242819184368,12008
"(0.9507101086048454, 1.0)",2,98.31220007540824,12010
"(0.9359620771385476, 0.9803050108932464)",2,98.31199627640864,12012
"(1.0, 1.0)",1,98.31196444457314,12013
"(0.8888888888888888, 1.0)",1,98.31174640823768,12014
"(0.947088068181818, 1.0)",1,98.31165089503509,12015
"(0.9800599128540306, 0.9827450980392156)",1,98.3116287418059,12016
"(0.8876464446796928, 0.9894736842105264)",1,98.31157318849192,12017
"(0.9350548459681588, 0.9894736842105264)",1,98.31150392234744,12018
"(0.8729166666666666, 1.0)",1,98.3114924928586,12019
"(0.9754435107376284, 0.9855521155830752)",1,98.31110131412773,12020
"(0.9384803921568629, 0.9894736842105264)",1,98.31099271185174,12021
"(0.8729166666666666, 0.986574074074074)",1,98.31081927003882,12022
"(0.9224211423699916, 1.0)",1,98.31063046673508,12023
"(0.9464473684210528, 0.992156862745098)",2,98.31021683214009,12025
"(0.9342814048696402, 0.992156862745098)",1,98.31020907074672,12026
"(0.7869981325863679, 1.0)",1,98.31017464446592,12027
"(0.865079365079365, 1.0)",2,98.30960123301708,12029
"(0.9018073680369506, 0.996078431372549)",1,98.30953469496087,12030
"(0.9641868969810148, 0.996078431372549)",1,98.30951605311829,12031
"(0.8007240252422808, 1.0)",1,98.30896675159588,12032
"(0.9399138116785176, 0.996078431372549)",1,98.30886905459786,12033
"(0.8692635658914728, 1.0)",1,98.30885571919649,12034
"(0.8817204301075269, 1.0)",1,98.3087529992191,12035
"(0.8859337035751476, 1.0)",1,98.30860805211772,12036
"(0.922050500014663, 0.9885627144491042)",1,98.30859249586736,12037
"(0.8468468468468467, 1.0)",2,98.3083720366329,12039
"(0.9230769230769232, 1.0)",1,98.30789985080268,12040
"(0.914421596921597, 0.996078431372549)",1,98.3077891811226,12041
"(0.8635440917107585, 0.992156862745098)",2,98.3076952549845,12043
"(0.8138881768037778, 0.996078431372549)",1,98.30742242463366,12044
"(0.9696969696969696, 1.0)",1,98.30724703722431,12045
"(0.9841269841269842, 1.0)",1,98.30711712965226,12046
"(0.875, 1.0)",1,98.30710733456732,12047
"(1.0, 1.0)",1,98.3070522070522,12048
"(0.9688764394646748, 0.9713784461152882)",1,98.30696052347312,12049
"(0.978144708175668, 0.9840686274509804)",1,98.30688148255392,12050
"(0.9520261437908496, 0.9816305469556244)",1,98.30681951089852,12051
"(0.7705882352941177, 1.0)",1,98.30659412754991,12052
"(0.9740143369175628, 1.0)",1,98.30617203226883,12053
"(0.9251027896538732, 0.9925925925925926)",1,98.30592342492952,12054
"(0.9280112044817928, 0.992156862745098)",2,98.30558705165706,12056
"(0.8958946706887884, 0.996078431372549)",1,98.3055761573496,12057
"(0.8350168350168351, 1.0)",1,98.30548588694516,12058
"(0.9168115942028986, 0.996078431372549)",1,98.30546663336015,12059
"(0.8448736477904788, 1.0)",1,98.30544902152404,12060
"(0.8977777777777779, 1.0)",2,98.30536844419198,12062
"(0.9841269841269842, 1.0)",1,98.3052089843089,12063
"(0.8763636363636363, 1.0)",2,98.30493506493508,12065
"(0.9350548459681588, 0.9894736842105264)",1,98.30490658018574,12066
"(0.9244767367135788, 0.9851851851851852)",1,98.3049007102574,12067
"(0.8163854689162486, 0.9885627144491042)",1,98.30411598758224,12068
"(0.957490630284748, 0.996078431372549)",1,98.30404732033712,12069
"(0.9841269841269842, 1.0)",1,98.30393407390658,12070
"(0.9230769230769232, 0.9841269841269842)",2,98.30390327206187,12072
"(0.9375957551479374, 0.9820662768031188)",1,98.30386698490292,12073
"(0.8518518518518519, 1.0)",1,98.30378252986952,12074
"(0.9855521155830752, 0.9802054154995332)",1,98.30358404128836,12075
"(0.7782392026578072, 1.0)",2,98.30334801970828,12077
"(0.9465811965811968, 1.0)",1,98.30314423533272,12078
"(0.8822954822954823, 1.0)",1,98.30290893187674,12079
"(0.9352372919478182, 0.996078431372549)",1,98.30278565841448,12080
"(0.7765567765567766, 1.0)",1,98.30267756934424,12081
"(0.8951851851851852, 0.9894736842105264)",1,98.30261736257096,12082
"(0.9503921568627453, 0.9894736842105264)",1,98.30254353190809,12083
"(0.8900759734093067, 1.0)",1,98.3019900184959,12084
"(0.9491329966329968, 0.992156862745098)",1,98.30194193903787,12085
"(0.9350548459681588, 0.9894736842105264)",1,98.3018617130954,12086
"(0.9430755736638088, 0.9812636165577342)",1,98.301319058288,12087
"(0.9841269841269842, 1.0)",2,98.30100237644098,12089
"(0.8666666666666667, 0.9868055555555556)",1,98.30097058214812,12090
"(0.9302579365079364, 1.0)",1,98.300718338777,12091
"(0.919492280003789, 0.9851851851851852)",1,98.30012612843956,12092
"(0.8817204301075269, 1.0)",1,98.29990993854577,12093
"(0.8791208791208792, 1.0)",1,98.29985441273472,12094
"(0.9248591174906964, 0.996078431372549)",1,98.29958729591716,12095
"(0.9847494553376906, 0.9770969498910674)",1,98.29953247939852,12096
"(0.8163854689162486, 0.9885627144491042)",2,98.2992684363904,12098
"(0.875, 1.0)",1,98.29912149030426,12099
"(0.875, 1.0)",2,98.29911128974209,12101
"(0.9499010346378768, 0.9851851851851852)",1,98.29881000654818,12102
"(0.8686868686868687, 1.0)",1,98.29876560637445,12103
"(0.9565217391304348, 1.0)",2,98.29846373426936,12105
"(0.9688888888888888, 0.992156862745098)",1,98.29803382366585,12106
"(0.9444444444444444, 1.0)",1,98.29760486427166,12107
"(0.8817204301075269, 1.0)",1,98.29730747669042,12108
"(0.8488297541238717, 0.9851851851851852)",1,98.29671304677142,12109
"(0.8666666666666667, 0.9868055555555556)",1,98.2965582764934,12110
"(0.8990289449112978, 0.9894736842105264)",1,98.29601601059169,12111
"(0.9803050108932462, 0.9855521155830752)",1,98.29582545634472,12112
"(0.9674603174603176, 1.0)",1,98.29565448535703,12113
"(1.0, 1.0)",1,98.29560419433918,12114
"(0.9478416778726376, 0.9894736842105264)",1,98.29557140196717,12115
"(0.9490178437546858, 0.9894736842105264)",1,98.29548759826032,12116
"(0.9520261437908496, 0.9886710239651416)",2,98.2953409636986,12118
"(0.9223809523809524, 1.0)",1,98.29502172233194,12119
"(0.980582788671024, 0.996078431372549)",1,98.29499654227833,12120
"(0.8888888888888888, 1.0)",1,98.29490022172958,12121
"(0.8468468468468467, 1.0)",1,98.29478094330918,12122
"(0.9344643144952745, 0.996078431372549)",1,98.29454425187626,12123
"(0.9841269841269842, 1.0)",1,98.29448621553884,12124
"(0.8013468013468013, 1.0)",2,98.29427609427626,12126
"(0.8622222222222222, 1.0)",1,98.29414890880008,12127
"(0.9172045847248688, 0.992156862745098)",1,98.29334822519772,12128
"(0.9444444444444444, 1.0)",1,98.29262428055532,12129
"(0.9135802469135802, 1.0)",1,98.29218303498406,12130
"(0.879008834302952, 0.996078431372549)",1,98.29218106991596,12131
"(0.9018073680369506, 0.992156862745098)",1,98.29184143985889,12132
"(0.7971704623878537, 0.992156862745098)",1,98.29096967347304,12133
"(0.9135802469135802, 1.0)",1,98.29075196408527,12134
"(0.899875800993592, 1.0)",1,98.29048748138206,12135
"(0.9478270609318996, 1.0)",1,98.2901931590808,12136
"(0.8611111111111112, 1.0)",1,98.29016688635028,12137
"(0.9197362278244632, 0.996078431372549)",1,98.29007637239567,12138
"(0.9426596279537456, 0.9855521155830752)",1,98.28998388407838,12139
"(0.7081939799331105, 1.0)",1,98.28996439333112,12140
"(0.9077881758764113, 0.9886710239651416)",1,98.28990865235475,12141
"(0.6403503049675462, 0.9885627144491042)",1,98.28969389614856,12142
"(0.9444444444444444, 1.0)",1,98.28946810737092,12143
"(0.9384803921568629, 0.9894736842105264)",1,98.28943766603446,12144
"(0.914421596921597, 0.9882352941176472)",1,98.28942839872693,12145
"(0.9047619047619048, 1.0)",1,98.28927002948744,12146
"(0.9230769230769232, 1.0)",1,98.28916959377035,12147
"(0.978144708175668, 0.9855521155830752)",2,98.2886581085292,12149
"(0.9280112044817928, 0.996078431372549)",1,98.28848076903016,12150
"(0.9573319772862108, 0.996078431372549)",1,98.28847054694862,12151
"(0.9674603174603176, 1.0)",2,98.28842729831844,12153
"(0.909722222222222, 0.996078431372549)",1,98.2882930169768,12154
"(0.8977777777777779, 1.0)",1,98.2880177056608,12155
"(0.8163854689162486, 0.9885627144491042)",1,98.2878311508395,12156
"(0.8831018518518517, 1.0)",1,98.28771350937588,12157
"(0.8452297093744462, 1.0)",1,98.28768309139264,12158
"(0.740829346092504, 1.0)",1,98.28734510204625,12159
"(0.8527777777777779, 0.9841269841269842)",1,98.28676587301592,12160
"(0.9444444444444444, 1.0)",1,98.28676176952038,12161
"(0.7708333333333334, 1.0)",1,98.28675223775798,12162
"(0.9841269841269842, 1.0)",1,98.28653146370536,12163
"(0.8813339438339438, 0.9868055555555556)",1,98.28564814814791,12164
"(0.7869981325863679, 1.0)",1,98.28553020534588,12165
"(0.9444444444444444, 1.0)",1,98.285174728653,12166
"(0.8571428571428572, 1.0)",1,98.28516720222711,12167
"(0.8013468013468013, 1.0)",2,98.28508178884992,12169
"(0.9224211423699916, 1.0)",1,98.2842499568304,12170
"(0.808641975308642, 1.0)",1,98.28415528367135,12171
"(1.0, 1.0)",1,98.28413218710702,12172
"(0.9466013071895424, 0.996078431372549)",1,98.2840811939854,12173
"(0.7460317460317459, 1.0)",1,98.28401015942256,12174
"(0.9452536570183628, 0.9894736842105264)",1,98.28384018358668,12175
"(0.8589726631393297, 0.9868055555555556)",1,98.28361912994065,12176
"(0.8958946706887884, 0.9879901960784314)",1,98.28360416841105,12177
"(0.8817204301075269, 1.0)",2,98.28335475695393,12179
"(0.9230769230769232, 1.0)",1,98.28321262662696,12180
"(0.9056772399713576, 0.996078431372549)",1,98.28289528997236,12181
"(0.8750600325600326, 1.0)",2,98.2828870703558,12183
"(0.8518518518518519, 1.0)",1,98.2828512871992,12184
"(0.8521317829457364, 1.0)",1,98.28279615078054,12185
"(0.936026936026936, 1.0)",1,98.28199595500548,12186
"(0.8649128540305012, 0.992156862745098)",1,98.28188326610577,12187
"(0.5, 0.9841269841269842)",1,98.28181818181832,12188
"(0.9696969696969696, 0.9841269841269842)",4,98.28163843953342,12192
"(0.8053221288515406, 1.0)",1,98.28150097162076,12193
"(0.8977777777777779, 1.0)",1,98.28148119191606,12194
"(0.8859337035751476, 0.9885627144491042)",1,98.28129014554295,12195
"(0.9320397146712937, 0.996078431372549)",1,98.28127235987812,12196
"(0.8078308130291714, 1.0)",1,98.2810794157646,12197
"(0.8791208791208792, 1.0)",1,98.2810349163911,12198
"(1.0, 0.9886710239651416)",1,98.28093804028784,12199
"(1.0, 1.0)",1,98.2806637806638,12200
"(0.9444444444444444, 1.0)",1,98.28021978021978,12201
"(0.9465811965811968, 1.0)",1,98.279471358279,12202
"(0.941156690746474, 0.996078431372549)",1,98.2793617880618,12203
"(0.9280112044817928, 0.992156862745098)",1,98.2787646129427,12204
"(0.9168478260869564, 1.0)",1,98.2786213315631,12205
"(0.8520449077786689, 1.0)",1,98.27847021192656,12206
"(0.9841269841269842, 1.0)",1,98.27834738361054,12207
"(0.8748472964943552, 0.992156862745098)",1,98.2782648453672,12208
"(0.8521317829457364, 1.0)",1,98.27761223228369,12209
"(0.9445350241545892, 1.0)",1,98.27752215773076,12210
"(0.896551724137931, 1.0)",2,98.27740576916857,12212
"(0.9214340198321892, 1.0)",1,98.27719033281932,12213
"(0.9135802469135802, 1.0)",1,98.27711164839565,12214
"(0.914652757654786, 0.9807407407407408)",1,98.27709796022135,12215
"(0.9047619047619048, 1.0)",1,98.27706587260448,12216
"(0.9565217391304348, 1.0)",2,98.27702484526704,12218
"(0.9135802469135802, 1.0)",1,98.27681675772146,12219
"(0.9444444444444444, 1.0)",1,98.27640516664908,12220
"(0.9214340198321892, 1.0)",1,98.2757849828788,12221
"(0.9449122174122172, 0.996078431372549)",1,98.27566683390354,12222
"(0.9224211423699916, 1.0)",2,98.27536740790208,12224
"(0.9019607843137254, 0.9868055555555556)",2,98.27535471333366,12226
"(0.9135802469135802, 1.0)",2,98.27511880090093,12228
"(0.9427450980392156, 0.996078431372549)",1,98.27471090429512,12229
"(0.9047619047619048, 1.0)",1,98.27434975746996,12230
"(0.896551724137931, 1.0)",1,98.27410292537336,12231
"(0.8635440917107585, 0.996078431372549)",1,98.27401115444138,12232
"(0.9224211423699916, 1.0)",1,98.27396491176272,12233
"(0.896551724137931, 1.0)",2,98.27344224790158,12235
"(0.9224211423699916, 1.0)",1,98.27314537430748,12236
"(0.9427450980392156, 0.992156862745098)",1,98.27309307639528,12237
"(0.9202401372212692, 1.0)",1,98.27288936631588,12238
"(0.9135802469135802, 0.9841269841269842)",1,98.27285948175508,12239
"(0.9384803921568629, 0.992156862745098)",1,98.27275018751152,12240
"(0.9404364154364154, 0.9894736842105264)",1,98.27238336341588,12241
"(0.9492266992266992, 0.9743589743589745)",1,98.27231202663684,12242
"(0.9320240125035522, 0.9820662768031188)",1,98.2721707139274,12243
"(0.9520261437908496, 0.9820662768031188)",1,98.27210099669864,12244
"(0.9292181620122796, 0.9879901960784314)",2,98.27170749552792,12246
"(0.9641868969810148, 0.992156862745098)",2,98.27142748640942,12248
"(0.9444444444444444, 1.0)",1,98.27131800661212,12249
"(0.9077881758764113, 0.9886710239651416)",1,98.27125373031164,12250
"(0.9070736434108526, 1.0)",1,98.27124344419464,12251
"(0.9465811965811968, 1.0)",1,98.2708941339192,12252
"(0.8387082903336773, 0.986574074074074)",1,98.27088552976464,12253
"(0.9696969696969696, 1.0)",1,98.27088312211929,12254
"(0.8387082903336773, 1.0)",1,98.27086910629978,12255
"(0.8275809031622985, 1.0)",1,98.2705196729485,12256
"(0.8748472964943552, 0.992156862745098)",1,98.26965433483916,12257
"(0.9350548459681588, 0.992156862745098)",1,98.26943450009298,12258
"(0.896551724137931, 1.0)",1,98.2693740237895,12259
"(0.9023569023569024, 1.0)",1,98.26923672818413,12260
"(0.75, 1.0)",1,98.26920772076188,12261
"(0.9230769230769232, 0.9841269841269842)",1,98.26896672168417,12262
"(0.9230769230769232, 1.0)",1,98.2689286282464,12263
"(0.9230769230769232, 1.0)",1,98.26892189935673,12264
"(0.9919117647058824, 0.9855521155830752)",1,98.26888380566103,12265
"(0.9035155195681512, 0.9894736842105264)",1,98.26861133801329,12266
"(0.9879901960784314, 0.9879901960784314)",1,98.2685899198315,12267
"(0.9213117283950616, 1.0)",1,98.2683751074028,12268
"(0.8520449077786689, 0.9885627144491042)",1,98.2679796853646,12269
"(0.9230769230769232, 1.0)",2,98.26795845056716,12271
"(0.9369457884163768, 0.9851851851851852)",1,98.26781646925218,12272
"(0.9427450980392156, 0.992156862745098)",1,98.26769973548404,12273
"(0.8857001484413657, 1.0)",1,98.26769270320054,12274
"(0.896551724137931, 1.0)",1,98.26733679184558,12275
"(0.8675136116152449, 1.0)",1,98.26704537018414,12276
"(0.9430755736638088, 0.9851851851851852)",1,98.26701486897971,12277
"(0.9251027896538732, 0.9894736842105264)",1,98.2666225993361,12278
"(0.8714344685242518, 0.992156862745098)",1,98.26603327064538,12279
"(0.8888888888888888, 1.0)",1,98.265900704454,12280
"(0.87010582010582, 0.9868055555555556)",1,98.26589609464588,12281
"(0.9218977929335986, 0.9855521155830752)",1,98.26588693244908,12282
"(0.91484126984127, 0.9894736842105264)",1,98.26586142319492,12283
"(0.5, 1.0)",1,98.26441862231349,12284
"(0.9478416778726376, 0.9894736842105264)",1,98.26430487784978,12285
"(0.941156690746474, 0.9919117647058824)",2,98.26418986889271,12287
"(0.830630172296839, 0.996078431372549)",1,98.26399473838777,12288
"(0.8888888888888888, 1.0)",1,98.26385459023416,12289
"(1.0, 1.0)",1,98.26384289427769,12290
"(0.9827450980392156, 0.9688764394646748)",1,98.26376577212496,12291
"(0.9464473684210528, 0.9855521155830752)",1,98.263450686282,12292
"(0.8991666666666667, 1.0)",1,98.26317870826496,12293
"(0.9104993386243384, 1.0)",1,98.26258010858672,12294
"(0.883876357560568, 1.0)",1,98.26238095215712,12295
"(0.9269637391618816, 0.9894736842105264)",1,98.26231354548364,12296
"(0.9925925925925926, 0.9819047619047618)",1,98.26167797307988,12297
"(0.8899086591158202, 0.9894736842105264)",1,98.2615988624178,12298
"(0.865079365079365, 1.0)",1,98.2613992160903,12299
"(0.936026936026936, 1.0)",1,98.26137694941544,12300
"(0.8488297541238717, 1.0)",1,98.261300709699,12301
"(0.91484126984127, 0.9925925925925926)",2,98.26123143950797,12303
"(0.9333333333333332, 1.0)",1,98.26108188785533,12304
"(0.8762954142520705, 0.9820662768031188)",1,98.26099600928453,12305
"(0.8439484126984128, 1.0)",1,98.26096873364727,12306
"(0.9230769230769232, 1.0)",1,98.2609142609144,12307
"(0.9320397146712937, 0.996078431372549)",1,98.26073418660768,12308
"(0.9444444444444444, 1.0)",1,98.2606549836024,12309
"(0.8905936111818465, 0.9886710239651416)",1,98.26051711342406,12310
"(1.0, 1.0)",1,98.26050983790924,12311
"(0.9466207660652104, 1.0)",1,98.26002437735455,12312
"(0.9104993386243384, 1.0)",1,98.2599643026726,12313
"(0.8319664902998236, 1.0)",1,98.25990234949684,12314
"(0.9688888888888888, 0.984313725490196)",1,98.25988789491215,12315
"(1.0, 1.0)",1,98.2597321104066,12316
"(0.7544006919006919, 1.0)",1,98.25960224981168,12317
"(0.8616898148148148, 1.0)",1,98.25944426423084,12318
"(0.9064872325741892, 0.9866666666666666)",1,98.2594060393434,12319
"(0.8771929824561403, 1.0)",4,98.25926906869256,12323
"(0.896551724137931, 1.0)",1,98.25900428132732,12324
"(0.914421596921597, 0.996078431372549)",1,98.25896941808482,12325
"(0.8905936111818465, 0.9925925925925926)",1,98.2589201944904,12326
"(0.9465330149153678, 0.992156862745098)",1,98.25860588918373,12327
"(0.8748472964943552, 0.992156862745098)",1,98.25854492676535,12328
"(0.9104993386243384, 1.0)",1,98.25834353660746,12329
"(0.9047619047619048, 1.0)",1,98.25819103757392,12330
"(0.8888888888888888, 1.0)",1,98.25794114916928,12331
"(0.8888888888888888, 1.0)",2,98.25792836548062,12333
"(0.8622222222222222, 1.0)",1,98.25791236466031,12334
"(0.8762954142520705, 0.9851851851851852)",1,98.25761966748463,12335
"(0.8488297541238717, 0.9886710239651416)",1,98.25751356028456,12336
"(0.8904991948470209, 1.0)",1,98.25733024032483,12337
"(0.9333333333333332, 1.0)",1,98.25716216082348,12338
"(0.947088068181818, 1.0)",1,98.25699346396132,12339
"(0.954318475928383, 0.996078431372549)",1,98.25661174746963,12340
"(0.9685403050108932, 0.9894736842105264)",1,98.25653099587156,12341
"(0.8888888888888888, 1.0)",1,98.25639955215506,12342
"(0.9452536570183628, 0.9894736842105264)",1,98.25639775157217,12343
"(0.8883205456095482, 1.0)",1,98.25579700089068,12344
"(0.7975164658278694, 1.0)",1,98.25567873380363,12345
"(0.9841269841269842, 1.0)",1,98.2554950542038,12346
"(0.90934937783235, 0.992156862745098)",1,98.2549528449174,12347
"(0.8551296720061023, 1.0)",1,98.25466336308372,12348
"(0.8817204301075269, 1.0)",1,98.2545348314307,12349
"(0.9351258309591644, 0.986574074074074)",1,98.25414891692654,12350
"(0.8067271451483561, 1.0)",1,98.25399010140116,12351
"(0.875, 1.0)",1,98.25391470904438,12352
"(0.8217948717948718, 0.9868055555555556)",1,98.25363451158287,12353
"(0.9841269841269842, 1.0)",2,98.25356504520592,12355
"(0.8817204301075269, 1.0)",1,98.25349835978028,12356
"(0.879008834302952, 0.992156862745098)",1,98.25325368583786,12357
"(1.0, 1.0)",1,98.25302432803316,12358
"(0.9384803921568629, 0.9894736842105264)",1,98.25301419801076,12359
"(0.9696969696969696, 1.0)",1,98.25278280915096,12360
"(0.9248591174906964, 0.996078431372549)",1,98.25260420555914,12361
"(0.9065438871473354, 1.0)",4,98.25196163560784,12365
"(0.9349556489262372, 0.9851851851851852)",1,98.2518833056062,12366
"(0.9135802469135802, 1.0)",1,98.25146453399697,12367
"(0.9427450980392156, 0.9916666666666668)",1,98.25127155726574,12368
"(0.9841269841269842, 1.0)",1,98.25072454618126,12369
"(0.8750600325600326, 1.0)",1,98.25071238559362,12370
"(0.9230769230769232, 1.0)",1,98.25045577356788,12371
"(0.8888888888888888, 1.0)",1,98.24965020849515,12372
"(0.9444444444444444, 1.0)",1,98.24939384149911,12373
"(0.9841269841269842, 1.0)",1,98.2493738700636,12374
"(0.943982716990723, 1.0)",1,98.2493658016771,12375
"(0.8831018518518517, 1.0)",1,98.24936364014344,12376
"(0.947088068181818, 1.0)",1,98.24935138400632,12377
"(0.9565217391304348, 1.0)",1,98.24872953133824,12378
"(0.8888888888888888, 1.0)",2,98.24864027885808,12380
"(0.9628070175438596, 0.9820662768031188)",1,98.24855120427104,12381
"(0.8109668109668109, 1.0)",1,98.24850964276251,12382
"(0.9333333333333332, 0.9841269841269842)",1,98.2480205784554,12383
"(0.9047619047619048, 1.0)",1,98.24781114923417,12384
"(0.9106275784016648, 0.9885627144491042)",1,98.2477384150436,12385
"(0.8488297541238717, 0.9886710239651416)",1,98.24754735632446,12386
"(0.992156862745098, 0.996078431372549)",1,98.24749362923512,12387
"(0.9444444444444444, 1.0)",1,98.24701486169188,12388
"(0.992156862745098, 0.992156862745098)",1,98.24697021859834,12389
"(0.9464473684210528, 0.9916666666666668)",2,98.24693403344877,12391
"(0.9191112362010194, 0.9820662768031188)",1,98.2467883026945,12392
"(0.7081939799331105, 1.0)",1,98.2466898117616,12393
"(0.883580779054917, 1.0)",1,98.24645123888736,12394
"(0.9351258309591644, 1.0)",1,98.2462186459414,12395
"(0.9318498265866688, 0.996078431372549)",1,98.24619485630144,12396
"(0.8705805822084891, 1.0)",1,98.2459220473879,12397
"(0.9065891472868216, 0.9885627144491042)",1,98.24536362031978,12398
"(0.8318452380952381, 0.9743589743589745)",2,98.24525029821224,12400
"(0.8970659722222223, 1.0)",1,98.2452379261134,12401
"(0.6403503049675462, 0.9885627144491042)",1,98.245187923006,12402
"(0.922050500014663, 1.0)",1,98.24511008639644,12403
"(0.8376068376068376, 1.0)",2,98.24506749289358,12405
"(0.9886710239651416, 0.9816305469556244)",2,98.24506611218548,12407
"(0.8635440917107585, 0.996078431372549)",1,98.24494013264652,12408
"(0.9851851851851852, 0.996078431372549)",1,98.24450490333818,12409
"(0.9230769230769232, 1.0)",1,98.24432080990906,12410
"(0.91484126984127, 0.9894736842105264)",1,98.24422252320544,12411
"(0.875, 1.0)",1,98.2440879025365,12412
"(0.9807902108211706, 0.979656862745098)",1,98.24389907041105,12413
"(0.7544006919006919, 1.0)",1,98.2434870361712,12414
"(0.9841269841269842, 1.0)",1,98.24330990422943,12415
"(0.8888888888888888, 1.0)",2,98.24307455171044,12417
"(0.9359620771385476, 0.9820662768031188)",1,98.2429616462842,12418
"(0.8817204301075269, 1.0)",1,98.24277623166677,12419
"(0.9261349042540992, 0.992156862745098)",1,98.24239201268328,12420
"(0.8952020202020202, 1.0)",1,98.24211636133384,12421
"(0.9192180611357128, 1.0)",2,98.24200564118904,12423
"(0.896551724137931, 1.0)",1,98.24194403447554,12424
"(0.948045267489712, 0.9868055555555556)",1,98.24187770442676,12425
"(0.9565217391304348, 1.0)",1,98.24149145824336,12426
"(0.9364583333333332, 1.0)",1,98.24127636733157,12427
"(0.9427450980392156, 0.992156862745098)",1,98.24123772769047,12428
"(0.9351258309591644, 1.0)",1,98.24102609324818,12429
"(0.9047619047619048, 1.0)",1,98.2409693838722,12430
"(0.9740143369175628, 1.0)",1,98.24094071037254,12431
"(0.9209085933223864, 0.9820662768031188)",1,98.2408909594404,12432
"(0.9696969696969696, 1.0)",2,98.24025974025976,12434
"(0.9037076648841356, 0.992156862745098)",1,98.24023009293768,12435
"(0.8888888888888888, 1.0)",1,98.23990171967932,12436
"(0.9047619047619048, 1.0)",1,98.23978463833537,12437
"(0.9565217391304348, 1.0)",2,98.23966720343532,12439
"(0.9697786951037723, 0.9879901960784314)",1,98.23955931851503,12440
"(0.8345959595959597, 1.0)",1,98.23946673696668,12441
"(0.9333333333333332, 1.0)",1,98.2393423340792,12442
"(0.8518518518518519, 1.0)",1,98.2393179919496,12443
"(0.8518518518518519, 1.0)",1,98.23896915491352,12444
"(0.7971704623878537, 0.9919117647058824)",2,98.23868242317243,12446
"(0.936026936026936, 1.0)",2,98.23862990943202,12448
"(0.8857001484413657, 0.9885627144491042)",1,98.2386198570369,12449
"(0.914652757654786, 0.9739780415090012)",1,98.2385343710634,12450
"(0.9109477124183006, 1.0)",1,98.23817551363278,12451
"(0.9168115942028986, 0.996078431372549)",2,98.23802626876112,12453
"(0.91484126984127, 0.9894736842105264)",1,98.23798981083765,12454
"(0.8888888888888888, 1.0)",1,98.23763770105234,12455
"(0.909722222222222, 0.992156862745098)",1,98.2373740532385,12456
"(0.922287769513936, 0.9820662768031188)",1,98.23710606651343,12457
"(0.7971704623878537, 0.996078431372549)",1,98.23703224121664,12458
"(0.8571428571428572, 1.0)",1,98.236717947702,12459
"(0.9064872325741892, 0.9868055555555556)",1,98.23643840512575,12460
"(0.8750600325600326, 1.0)",1,98.23638485717802,12461
"(0.9318498265866688, 0.996078431372549)",1,98.2362441372802,12462
"(1.0, 1.0)",2,98.23585775110166,12464
"(0.9251027896538732, 0.9894736842105264)",1,98.23578680120468,12465
"(0.9318498265866688, 0.996078431372549)",1,98.23567618642802,12466
"(0.9224211423699916, 0.9841269841269842)",2,98.23557883963068,12468
"(0.9407729468599032, 0.9868055555555556)",1,98.23526826635504,12469
"(0.8888888888888888, 1.0)",1,98.23523013685286,12470
"(0.9696969696969696, 1.0)",1,98.2350210176297,12471
"(0.8468468468468467, 1.0)",1,98.23449827686028,12472
"(0.8163854689162486, 1.0)",1,98.23441762327144,12473
"(0.9197362278244632, 0.992156862745098)",1,98.23439409131235,12474
"(0.9047619047619048, 1.0)",1,98.234365806901,12475
"(0.875, 1.0)",1,98.234183056209,12476
"(0.8448736477904788, 1.0)",1,98.23385883779332,12477
"(0.8990289449112978, 0.9894736842105264)",1,98.2337334056364,12478
"(0.8763636363636363, 1.0)",1,98.2337149571296,12479
"(0.9224211423699916, 1.0)",1,98.23362669247726,12480
"(0.8271652864044169, 1.0)",1,98.23344073102224,12481
"(0.9333333333333332, 1.0)",1,98.23293269923371,12482
"(0.9339072354087834, 0.992156862745098)",1,98.23279782004624,12483
"(0.8586378737541528, 1.0)",1,98.23273138560911,12484
"(0.8129898303922073, 1.0)",1,98.2327188995391,12485
"(0.7996201329534663, 1.0)",1,98.23257652802646,12486
"(0.9696969696969696, 1.0)",1,98.232103487737,12487
"(0.8888888888888888, 1.0)",1,98.23204228216856,12488
"(0.9230769230769232, 1.0)",1,98.23171346498684,12489
"(0.8318452380952381, 0.9743589743589745)",1,98.23131912800952,12490
"(0.8748472964943552, 0.996078431372549)",2,98.2308883669364,12492
"(0.8888888888888888, 1.0)",2,98.23006324730464,12494
"(1.0, 1.0)",1,98.23005165538534,12495
"(0.8611111111111112, 0.9729166666666668)",1,98.22965824813036,12496
"(0.8889463321560508, 0.9855521155830752)",1,98.22955145544692,12497
"(0.9320397146712937, 0.992156862745098)",1,98.2292292896166,12498
"(0.9667927989909412, 0.9720784313725492)",1,98.22897292226838,12499
"(0.8888888888888888, 1.0)",1,98.22889639816772,12500
"(0.8888888888888888, 1.0)",1,98.22883647151244,12501
"(0.8857001484413657, 1.0)",1,98.22880593420774,12502
"(0.8992240292623923, 0.992156862745098)",1,98.2284665086681,12503
"(0.8163854689162486, 1.0)",1,98.22842866027248,12504
"(0.9351326548694968, 0.992156862745098)",1,98.2283995523453,12505
"(0.9135802469135802, 1.0)",1,98.22809450691636,12506
"(0.900854700854701, 1.0)",1,98.2280517081668,12507
"(0.8729166666666666, 1.0)",1,98.22771838256752,12508
"(0.8376068376068376, 1.0)",1,98.22732822732824,12509
"(0.879008834302952, 0.996078431372549)",2,98.22708447766873,12511
"(0.9430755736638088, 0.9851851851851852)",1,98.22696829842408,12512
"(0.922050500014663, 1.0)",1,98.22662267615044,12513
"(0.875, 1.0)",1,98.22659336990549,12514
"(0.9194577352472088, 1.0)",1,98.22633955367402,12515
"(0.9230769230769232, 1.0)",1,98.22571515264916,12516
"(0.9056772399713576, 0.9894736842105264)",1,98.22560043993224,12517
"(0.9230769230769232, 1.0)",1,98.22558544663808,12518
"(0.9293342911877394, 0.9722222222222222)",1,98.22543812562478,12519
"(0.9135802469135802, 0.9841269841269842)",1,98.22527245133548,12520
"(0.9520261437908496, 0.9851851851851852)",2,98.2248371179332,12522
"(0.9803376906318084, 0.992156862745098)",1,98.22477577150468,12523
"(0.8832772166105499, 1.0)",1,98.2246691580025,12524
"(0.8376068376068376, 1.0)",1,98.22458030146818,12525
"(0.896551724137931, 1.0)",1,98.22454297045026,12526
"(0.8888888888888888, 1.0)",1,98.22454108282982,12527
"(0.9206349206349206, 1.0)",1,98.22438672438668,12528
"(1.0, 0.9792592592592592)",1,98.22435929347132,12529
"(0.896551724137931, 1.0)",1,98.22383353380972,12530
"(0.9230769230769232, 1.0)",2,98.2236013314587,12532
"(0.9491329966329968, 0.973202614379085)",1,98.2234795055305,12533
"(0.8990289449112978, 0.9894736842105264)",2,98.2233146691246,12535
"(0.9452536570183628, 0.9882352941176472)",1,98.2231454245315,12536
"(0.9135802469135802, 1.0)",1,98.22301291950416,12537
"(0.8666666666666667, 1.0)",1,98.22281610023023,12538
"(0.9496111111111112, 0.9855521155830752)",1,98.2227461328548,12539
"(0.9104993386243384, 1.0)",1,98.2227428411079,12540
"(0.8705805822084891, 1.0)",1,98.22246290391348,12541
"(0.9449122174122172, 0.9851851851851852)",1,98.22229022073252,12542
"(0.8468980343980343, 1.0)",1,98.22221667218564,12543
"(1.0, 1.0)",1,98.22219969097664,12544
"(1.0, 1.0)",1,98.22205864311128,12545
"(0.9109477124183006, 1.0)",1,98.22175007000612,12546
"(0.8888888888888888, 1.0)",1,98.22153383858416,12547
"(0.9135802469135802, 1.0)",1,98.22127783721989,12548
"(0.9244767367135788, 0.9851851851851852)",1,98.22125214969653,12549
"(0.9565217391304348, 1.0)",1,98.22092895571656,12550
"(0.9696969696969696, 1.0)",1,98.22092873951578,12551
"(0.8888888888888888, 1.0)",1,98.2206834411632,12552
"(0.9070736434108526, 1.0)",1,98.2204429058966,12553
"(0.9230769230769232, 1.0)",1,98.22012608969132,12554
"(0.9894736842105264, 0.992156862745098)",1,98.22006163980032,12555
"(0.883580779054917, 1.0)",1,98.21978727935262,12556
"(0.9269637391618816, 0.9894736842105264)",1,98.21972847809668,12557
"(0.984313725490196, 0.9688764394646748)",1,98.21954173897416,12558
"(0.9333333333333332, 0.9841269841269842)",1,98.21953627470882,12559
"(0.8817204301075269, 1.0)",2,98.2194884774321,12561
"(0.8264567669172932, 1.0)",4,98.2194836675778,12565
"(0.8855593344976561, 1.0)",1,98.21943717854758,12566
"(0.808641975308642, 1.0)",1,98.21939613343132,12567
"(0.8750600325600326, 1.0)",1,98.21937691449584,12568
"(0.9740143369175628, 1.0)",1,98.21892086709292,12569
"(0.9049532029717788, 0.9894736842105264)",1,98.2189037675089,12570
"(0.8831018518518517, 1.0)",1,98.21883059707258,12571
"(0.9430755736638088, 0.9820662768031188)",1,98.21869136456412,12572
"(0.9138847117794486, 0.992156862745098)",1,98.21845345692854,12573
"(1.0, 1.0)",1,98.21842794886274,12574
"(0.9269637391618816, 0.9894736842105264)",1,98.21821205956068,12575
"(0.8488297541238717, 0.9851851851851852)",1,98.21802796752236,12576
"(0.9179215969215968, 0.9919117647058824)",1,98.21762675755689,12577
"(0.9244767367135788, 0.9851851851851852)",1,98.21742749249084,12578
"(0.9342814048696402, 0.996078431372549)",1,98.21740458788776,12579
"(0.9253783187916316, 0.9820662768031188)",1,98.21731417160976,12580
"(0.8686868686868687, 1.0)",2,98.21717303521292,12582
"(0.8622222222222222, 1.0)",2,98.21699855699856,12584
"(0.8889459760512393, 0.996078431372549)",1,98.21693652972816,12585
"(0.9251027896538732, 0.9894736842105264)",1,98.21635463616713,12586
"(0.8129898303922073, 1.0)",1,98.21612428532931,12587
"(0.8977777777777779, 1.0)",1,98.21611992945328,12588
"(0.883580779054917, 1.0)",1,98.21582796255863,12589
"(0.9386724386724388, 1.0)",1,98.21572871572872,12590
"(0.9019607843137254, 0.9868055555555556)",1,98.21572458043026,12591
"(0.9351326548694968, 0.9877450980392156)",1,98.21568007096096,12592
"(0.9280112044817928, 0.992156862745098)",1,98.215554396609,12593
"(1.0, 1.0)",1,98.21526088412286,12594
"(0.9168115942028986, 0.9886710239651416)",1,98.2152534910705,12595
"(0.8977777777777779, 1.0)",1,98.21517325160195,12596
"(0.8729166666666666, 1.0)",1,98.21512883025952,12597
"(0.8520449077786689, 0.9885627144491042)",2,98.21509789212864,12599
"(0.9327249496289745, 0.9925925925925926)",2,98.21505836299028,12601
"(0.8345959595959597, 1.0)",1,98.2148794818468,12602
"(0.9037076648841356, 0.9886710239651416)",1,98.214192136631,12603
"(0.8627450980392157, 1.0)",1,98.2139821986105,12604
"(0.9172932330827066, 1.0)",1,98.21354636819208,12605
"(0.7544006919006919, 1.0)",1,98.21325090166764,12606
"(0.7975164658278694, 1.0)",1,98.2130733083375,12607
"(0.9449122174122172, 0.996078431372549)",1,98.21305755547114,12608
"(0.740829346092504, 1.0)",1,98.2129366366738,12609
"(0.8419830743891047, 1.0)",1,98.21221977038118,12610
"(0.9248591174906964, 0.996078431372549)",1,98.21207134076732,12611
"(0.9841269841269842, 1.0)",2,98.21158944785688,12613
"(0.8952020202020202, 1.0)",1,98.21145461493822,12614
"(0.9191112362010194, 0.9820662768031188)",1,98.21124629145356,12615
"(0.9407729468599032, 0.9748677248677248)",1,98.21102370920312,12616
"(0.9740143369175628, 1.0)",1,98.21091916071774,12617
"(0.9411376480416728, 0.992156862745098)",2,98.2109178290113,12619
"(0.896551724137931, 1.0)",1,98.2107496035532,12620
"(0.8888888888888888, 1.0)",1,98.2106092367484,12621
"(0.9333333333333332, 1.0)",1,98.21059403559411,12622
"(0.8551296720061023, 0.986574074074074)",1,98.2105134163661,12623
"(0.9759803921568628, 0.9840686274509804)",1,98.21027873911126,12624
"(0.8312992626493769, 1.0)",1,98.2100284924647,12625
"(0.9543049270990448, 0.9886710239651416)",1,98.21002559439964,12626
"(0.9272486772486772, 1.0)",1,98.2099802307485,12627
"(0.808641975308642, 1.0)",1,98.20995339724216,12628
"(0.8990289449112978, 0.9894736842105264)",1,98.20979781688868,12629
"(0.9064872325741892, 0.9868055555555556)",1,98.20971878092509,12630
"(0.8958946706887884, 0.992156862745098)",2,98.20952382013957,12632
"(0.9318498265866688, 0.992156862745098)",2,98.20950931945704,12634
"(0.949639417170377, 0.992156862745098)",1,98.20939609484134,12635
"(0.9364583333333332, 1.0)",1,98.20918505984584,12636
"(0.8571428571428572, 1.0)",2,98.20907818276244,12638
"(0.957037037037037, 0.9820662768031188)",1,98.20885054601553,12639
"(0.8350168350168351, 1.0)",1,98.20879503638125,12640
"(0.9318498265866688, 0.980582788671024)",1,98.20872683645896,12641
"(0.9365260121142476, 0.9894736842105264)",1,98.20858742748884,12642
"(0.896551724137931, 1.0)",1,98.20854279613708,12643
"(1.0, 1.0)",1,98.20843533887016,12644
"(0.9444444444444444, 1.0)",1,98.20832624165958,12645
"(0.9019607843137254, 0.9868055555555556)",1,98.20824641559096,12646
"(0.8675136116152449, 1.0)",2,98.20785927737322,12648
"(1.0, 1.0)",2,98.20757554167164,12650
"(0.9841269841269842, 1.0)",1,98.207326007326,12651
"(0.9430755736638088, 0.996078431372549)",2,98.20653077488448,12653
"(0.9040106023792244, 0.9885627144491042)",1,98.2063675271199,12654
"(0.976661220043573, 0.9792592592592592)",1,98.20627338920688,12655
"(0.875, 1.0)",1,98.20622188269247,12656
"(0.9253783187916316, 0.9851851851851852)",1,98.20620758786768,12657
"(0.9492266992266992, 0.9868055555555556)",2,98.20618928804252,12659
"(0.984313725490196, 0.9633403361344538)",1,98.20606718752752,12660
"(0.7544006919006919, 1.0)",2,98.20594760461772,12662
"(0.7167919799498746, 1.0)",1,98.20587487063123,12663
"(0.9224211423699916, 1.0)",1,98.20579716484,12664
"(0.9427450980392156, 0.992156862745098)",1,98.20579255653332,12665
"(0.9318498265866688, 0.992156862745098)",1,98.20568190686352,12666
"(1.0, 0.9696969696969696)",1,98.2056397708572,12667
"(0.8078308130291714, 1.0)",1,98.2055024772494,12668
"(0.9230769230769232, 1.0)",1,98.2052406632823,12669
"(0.9047619047619048, 1.0)",1,98.20489430041596,12670
"(0.922050500014663, 0.9885627144491042)",1,98.20479708682367,12671
"(0.9411376480416728, 0.996078431372549)",1,98.20461464305866,12672
"(0.89, 1.0)",1,98.20460320085346,12673
"(0.9255470304063654, 0.9894736842105264)",1,98.2045740388694,12674
"(0.8888888888888888, 1.0)",2,98.20453637171458,12676
"(0.7167919799498746, 1.0)",1,98.20429465075958,12677
"(0.8312992626493769, 1.0)",1,98.20423789931296,12678
"(0.9523809523809524, 1.0)",1,98.20421467892908,12679
"(0.8813339438339438, 0.9866666666666666)",4,98.2040773721806,12683
"(0.9430755736638088, 0.9851851851851852)",2,98.20385673461658,12685
"(0.9047619047619048, 1.0)",1,98.2036508876326,12686
"(0.8518518518518519, 1.0)",1,98.2034686397506,12687
"(1.0, 0.9841269841269842)",2,98.2033366243895,12689
"(0.9293342911877394, 0.9868055555555556)",1,98.2028850459883,12690
"(0.8958946706887884, 0.992156862745098)",1,98.20280405367056,12691
"(0.9135802469135802, 1.0)",1,98.20271685655362,12692
"(0.9230769230769232, 1.0)",1,98.20263825858456,12693
"(0.8562394622920938, 0.996078431372549)",1,98.20255740338445,12694
"(0.9138847117794486, 0.996078431372549)",1,98.20188226684706,12695
"(0.9841269841269842, 1.0)",1,98.20175899026474,12696
"(0.8939664986176614, 1.0)",1,98.20155013457313,12697
"(0.8791208791208792, 1.0)",1,98.2015166618802,12698
"(0.8991666666666667, 1.0)",2,98.2012967997926,12700
"(0.9685403050108932, 0.9894736842105264)",1,98.20103809638046,12701
"(0.9841269841269842, 1.0)",1,98.20086223475714,12702
"(0.8488297541238717, 0.9851851851851852)",1,98.20078550648994,12703
"(0.8518518518518519, 1.0)",1,98.20076641232252,12704
"(0.9740143369175628, 1.0)",1,98.20072873555884,12705
"(0.8888888888888888, 1.0)",1,98.20055400769785,12706
"(0.9003322259136212, 1.0)",1,98.19965883829808,12707
"(0.8999299185730738, 0.9851851851851852)",1,98.19957480891884,12708
"(0.976661220043573, 0.9774638802889576)",1,98.19946862849336,12709
"(0.9320240125035522, 0.9851851851851852)",1,98.1994175511502,12710
"(0.6403503049675462, 1.0)",1,98.19908322064664,12711
"(1.0, 1.0)",2,98.19875446191236,12713
"(0.8611111111111112, 0.986574074074074)",1,98.1984940896145,12714
"(0.896551724137931, 1.0)",1,98.19840298940385,12715
"(0.9135802469135802, 1.0)",1,98.19830433924643,12716
"(0.9696969696969696, 1.0)",1,98.19805969819043,12717
"(0.9251027896538732, 0.9894736842105264)",1,98.19799804900492,12718
"(0.9696969696969696, 1.0)",1,98.19787663475076,12719
"(0.9688888888888888, 0.984504357298475)",1,98.19776434707978,12720
"(0.8915343915343915, 0.9868055555555556)",1,98.19724989864264,12721
"(0.9728641456582634, 0.996078431372549)",1,98.19706901794176,12722
"(0.8888888888888888, 1.0)",1,98.196772801609,12723
"(0.8013468013468013, 1.0)",1,98.19674526029364,12724
"(0.833064949006978, 1.0)",1,98.19674379230544,12725
"(0.9755757858699036, 0.9838235294117648)",1,98.1965989076282,12726
"(0.8675136116152449, 1.0)",1,98.1962017853308,12727
"(0.919047619047619, 1.0)",1,98.19599848233528,12728
"(0.9731377053745476, 0.9802054154995332)",1,98.1958586687463,12729
"(0.8318452380952381, 0.9868055555555556)",4,98.19583719722284,12733
"(0.9465811965811968, 1.0)",1,98.1958099582821,12734
"(0.9827450980392156, 0.996078431372549)",1,98.195800965814,12735
"(0.9333333333333332, 1.0)",1,98.19551187385524,12736
"(0.9023569023569024, 1.0)",2,98.19550328623863,12738
"(0.9037076648841356, 0.9877450980392156)",1,98.19509439820573,12739
"(0.9135802469135802, 1.0)",1,98.19476570795383,12740
"(0.8520449077786689, 0.9885627144491042)",1,98.1946505702225,12741
"(0.9023809523809524, 1.0)",2,98.19460980495106,12743
"(0.8977777777777779, 1.0)",2,98.19431457431456,12745
"(0.9452536570183628, 0.9894736842105264)",1,98.19419601495838,12746
"(0.8817204301075269, 1.0)",1,98.19406485371935,12747
"(0.944241574272534, 0.9855521155830752)",1,98.19403950300796,12748
"(0.7081939799331105, 1.0)",1,98.19396223665008,12749
"(0.8915343915343915, 0.9868055555555556)",1,98.19394822089652,12750
"(0.9047619047619048, 1.0)",1,98.19381113780506,12751
"(0.9192251461988304, 0.9919117647058824)",1,98.1936547445352,12752
"(0.9059134765017116, 0.992156862745098)",1,98.19355662145118,12753
"(0.8520449077786689, 0.9885627144491042)",1,98.19331977617736,12754
"(0.8904991948470209, 1.0)",1,98.19309204783316,12755
"(0.883580779054917, 1.0)",1,98.19302529371564,12756
"(0.9696969696969696, 0.9841269841269842)",1,98.19291819291844,12757
"(0.996078431372549, 0.996078431372549)",1,98.1928239795928,12758
"(0.9276837051837052, 0.9894736842105264)",1,98.19268799219805,12759
"(0.9230769230769232, 1.0)",1,98.19260188704162,12760
"(1.0, 1.0)",1,98.1924471192764,12761
"(0.896551724137931, 1.0)",1,98.19233470791956,12762
"(0.8832772166105499, 1.0)",1,98.19212670046004,12763
"(0.9520261437908496, 0.9925925925925926)",1,98.19204040153012,12764
"(0.9697786951037723, 0.9816305469556244)",1,98.19189167299852,12765
"(0.9426596279537456, 0.9851851851851852)",1,98.19188371874588,12766
"(0.8888888888888888, 1.0)",1,98.1916287721311,12767
"(0.9466207660652104, 1.0)",2,98.19160316132331,12769
"(0.9696969696969696, 0.9841269841269842)",1,98.19160270754496,12770
"(0.9609224859534458, 0.996078431372549)",1,98.19124978936904,12771
"(0.9064872325741892, 0.9868055555555556)",1,98.19051380164842,12772
"(0.936026936026936, 1.0)",1,98.19036028301132,12773
"(0.7869981325863679, 1.0)",1,98.19031083095156,12774
"(0.9841269841269842, 1.0)",1,98.19029008391752,12775
"(1.0, 0.9841269841269842)",1,98.18992999044174,12776
"(0.9696969696969696, 1.0)",1,98.1897546897547,12777
"(0.965272331154684, 0.9727980080921256)",1,98.18936806506724,12778
"(0.9497685185185184, 0.9868055555555556)",1,98.18884713412145,12779
"(0.9253783187916316, 0.996078431372549)",1,98.18882811885672,12780
"(0.8551296720061023, 1.0)",1,98.18871466784046,12781
"(0.8791208791208792, 1.0)",1,98.18839912173246,12782
"(0.9333333333333332, 1.0)",2,98.18834341507387,12784
"(0.9198842592592592, 0.9868055555555556)",1,98.18825076461928,12785
"(0.7782392026578072, 1.0)",1,98.18809891430448,12786
"(0.8138881768037778, 0.9919117647058824)",2,98.18783264938526,12788
"(0.9365260121142476, 0.9894736842105264)",1,98.18748006884948,12789
"(0.9696969696969696, 1.0)",1,98.1872128110122,12790
"(0.8446379408861877, 0.9868055555555556)",1,98.18699026183596,12791
"(0.9230769230769232, 1.0)",1,98.18696081696083,12792
"(0.8013468013468013, 0.9841269841269842)",1,98.18685215632162,12793
"(0.9218977929335986, 0.9820662768031188)",1,98.186700007504,12794
"(0.883580779054917, 1.0)",1,98.18633432590772,12795
"(0.9855521155830752, 0.9753376906318082)",1,98.18596009392364,12796
"(0.9142520753512132, 1.0)",1,98.18547674630112,12797
"(0.9224211423699916, 1.0)",1,98.18544758960697,12798
"(0.8991666666666667, 1.0)",1,98.18503397366857,12799
"(0.9284391534391534, 0.9855521155830752)",1,98.18471428709285,12800
"(0.8439484126984128, 1.0)",1,98.18470308210934,12801
"(0.9248591174906964, 0.996078431372549)",1,98.18462036037508,12802
"(0.95536349042541, 0.9802054154995332)",2,98.18457152080288,12804
"(0.8817204301075269, 0.9841269841269842)",4,98.18456251555855,12808
"(0.992156862745098, 0.992156862745098)",1,98.1842308881976,12809
"(0.8740392648287385, 1.0)",1,98.1840929666965,12810
"(0.9359620771385476, 0.9816305469556244)",1,98.18393941038757,12811
"(0.9255470304063654, 0.9894736842105264)",1,98.18368648501745,12812
"(0.9320397146712937, 0.9925925925925926)",2,98.18364337353586,12814
"(0.8627450980392157, 1.0)",2,98.18362976892388,12816
"(0.6856760145918833, 1.0)",1,98.1834770861203,12817
"(0.8138881768037778, 0.9919117647058824)",1,98.1831690888979,12818
"(0.9320240125035522, 0.9820662768031188)",2,98.18303332178476,12820
"(0.9565217391304348, 1.0)",1,98.18298866925868,12821
"(0.8562394622920938, 0.996078431372549)",1,98.18289655299009,12822
"(0.875, 1.0)",1,98.1826587710734,12823
"(0.8897707231040564, 1.0)",1,98.18236341188748,12824
"(0.936026936026936, 1.0)",1,98.1819875056719,12825
"(0.9565217391304348, 0.9841269841269842)",1,98.18196824718588,12826
"(0.8705805822084891, 1.0)",1,98.18195122104052,12827
"(0.8888888888888888, 1.0)",1,98.18183515830576,12828
"(0.8583509513742072, 1.0)",1,98.18174872778395,12829
"(0.8466625966625967, 0.9868055555555556)",1,98.18092927383228,12830
"(0.9386724386724388, 0.9841269841269842)",1,98.18063831593268,12831
"(0.932852564102564, 1.0)",2,98.18040801111972,12833
"(0.9104993386243384, 1.0)",1,98.18005995940077,12834
"(0.944241574272534, 0.9855521155830752)",1,98.18000434259862,12835
"(0.9255470304063654, 0.9894736842105264)",1,98.17972680352425,12836
"(0.96937564499484, 0.9851851851851852)",1,98.17962667363598,12837
"(0.9172932330827066, 1.0)",1,98.17958277893666,12838
"(0.8163854689162486, 0.9892665474060824)",1,98.17922211099749,12839
"(0.9291723011043498, 0.9851851851851852)",1,98.17896409929062,12840
"(0.9696969696969696, 1.0)",1,98.17870027733912,12841
"(0.9230116959064328, 0.996078431372549)",1,98.1785362476074,12842
"(0.9430755736638088, 0.9820662768031188)",1,98.17845252140216,12843
"(0.9673692810457516, 0.9886710239651416)",1,98.17837395032451,12844
"(0.9380032206119162, 1.0)",1,98.17830670829667,12845
"(0.97718610251118, 0.9919117647058824)",1,98.17814766125824,12846
"(0.9628070175438596, 0.996078431372549)",1,98.1776190146532,12847
"(0.9520261437908496, 0.9820662768031188)",1,98.17748046513596,12848
"(0.9851851851851852, 0.9882352941176472)",2,98.17653138439348,12850
"(0.8151260504201681, 1.0)",1,98.17630756690023,12851
"(0.8112794612794614, 1.0)",1,98.17627354314938,12852
"(0.8067271451483561, 1.0)",1,98.17621757519174,12853
"(0.9218977929335986, 0.9882352941176472)",1,98.1762122771536,12854
"(0.8055555555555555, 1.0)",1,98.17567775118926,12855
"(0.9465811965811968, 1.0)",1,98.1756768774218,12856
"(0.9395009173259948, 0.9882352941176472)",1,98.17517111485115,12857
"(0.8518518518518519, 1.0)",1,98.17489595750472,12858
"(0.8888888888888888, 1.0)",1,98.1748469013691,12859
"(0.9191112362010194, 0.9855521155830752)",1,98.1746847548164,12860
"(0.9507101086048454, 1.0)",1,98.1746435964065,12861
"(0.9253783187916316, 0.9820662768031188)",1,98.17448760353832,12862
"(0.912041847041847, 0.9877450980392156)",1,98.17387618625904,12863
"(0.8368686868686868, 0.986574074074074)",1,98.173836004762,12864
"(0.9803921568627452, 0.996078431372549)",1,98.17349831753356,12865
"(0.9841269841269842, 1.0)",1,98.17303695671816,12866
"(0.9696969696969696, 1.0)",1,98.17225812676251,12867
"(0.8520449077786689, 1.0)",2,98.17171597970356,12869
"(0.9333333333333332, 1.0)",2,98.1716203387256,12871
"(0.8446379408861877, 0.9868055555555556)",1,98.17142084750846,12872
"(0.8571428571428572, 1.0)",1,98.17140068734273,12873
"(0.875, 1.0)",1,98.17136703457471,12874
"(0.8889459760512393, 0.996078431372549)",1,98.17124236514536,12875
"(0.907228074804801, 0.992156862745098)",2,98.17096275012672,12877
"(0.9465811965811968, 1.0)",1,98.1709138510868,12878
"(0.915619658119658, 0.9868055555555556)",1,98.17056218539892,12879
"(0.8977777777777779, 0.9841269841269842)",1,98.17052530695408,12880
"(1.0, 1.0)",1,98.17049862422176,12881
"(0.9047619047619048, 1.0)",1,98.1703204404292,12882
"(0.883580779054917, 1.0)",1,98.1701034273998,12883
"(0.75, 1.0)",1,98.1699849407633,12884
"(0.8468468468468467, 1.0)",2,98.16989278239284,12886
"(0.8520449077786689, 1.0)",1,98.16939640805472,12887
"(0.6856760145918833, 1.0)",1,98.16918761966431,12888
"(1.0, 1.0)",1,98.16896533418272,12889
"(0.9673692810457516, 0.9886710239651416)",1,98.16894075246933,12890
"(0.9641868969810148, 0.9916666666666668)",2,98.1685742416914,12892
"(0.9384803921568629, 0.9894736842105264)",1,98.1683765901766,12893
"(0.9543049270990448, 0.9894736842105264)",1,98.16819804925902,12894
"(0.950893246187364, 0.992156862745098)",1,98.16814355600064,12895
"(0.9492266992266992, 0.9866666666666666)",1,98.16797856657558,12896
"(0.9320240125035522, 0.996078431372549)",1,98.16786779712795,12897
"(0.9172932330827066, 1.0)",2,98.16784620986073,12899
"(0.9866666666666668, 0.9676851851851852)",1,98.16773481907384,12900
"(0.9206349206349206, 1.0)",1,98.1671707815873,12901
"(0.9172932330827066, 1.0)",2,98.16699679039496,12903
"(0.8376068376068376, 1.0)",1,98.16672216672217,12904
"(0.9214340198321892, 1.0)",1,98.16649330836974,12905
"(0.944241574272534, 0.9820662768031188)",1,98.16619216028408,12906
"(0.984504357298475, 0.9792592592592592)",1,98.16584726532815,12907
"(0.9135802469135802, 1.0)",2,98.16550370537084,12909
"(0.8888888888888888, 1.0)",2,98.16531769294998,12911
"(0.9014364972259707, 0.9882352941176472)",1,98.16527158024785,12912
"(0.9320240125035522, 0.9851851851851852)",1,98.16525440751558,12913
"(0.8889459760512393, 0.996078431372549)",2,98.16509459466658,12915
"(0.9213117283950616, 1.0)",1,98.1650608699742,12916
"(0.9503921568627453, 0.9866666666666668)",2,98.16505822774364,12918
"(0.8627450980392157, 1.0)",1,98.16503419707628,12919
"(0.8475199219385267, 0.9885627144491042)",1,98.1645193576322,12920
"(0.9365260121142476, 0.9894736842105264)",1,98.16390816040172,12921
"(0.9135802469135802, 1.0)",1,98.163821101987,12922
"(0.9619323671497584, 0.992156862745098)",1,98.16382042738978,12923
"(0.7544006919006919, 1.0)",1,98.1636854044523,12924
"(0.883580779054917, 1.0)",1,98.16339190846938,12925
"(0.8067271451483561, 1.0)",2,98.16331576522867,12927
"(0.9696969696969696, 1.0)",1,98.16300835291985,12928
"(0.9135802469135802, 1.0)",1,98.16280801719398,12929
"(0.9135802469135802, 1.0)",1,98.16262710648677,12930
"(0.8762954142520705, 0.9886710239651416)",1,98.16258422273748,12931
"(0.8518518518518519, 1.0)",1,98.16236793124668,12932
"(0.8611111111111112, 1.0)",1,98.16177406039743,12933
"(0.8971203581710827, 0.9868055555555556)",1,98.16151133060924,12934
"(0.8345959595959597, 1.0)",1,98.16148270346552,12935
"(0.896551724137931, 1.0)",1,98.16124311302512,12936
"(0.9740143369175628, 1.0)",1,98.160880973216,12937
"(0.9565217391304348, 1.0)",1,98.16050530253428,12938
"(0.8622222222222222, 1.0)",2,98.1602474335798,12940
"(0.8551296720061023, 1.0)",1,98.16001096413676,12941
"(0.9198842592592592, 0.9868055555555556)",1,98.15964643684828,12942
"(0.9841269841269842, 1.0)",1,98.1594722174932,12943
"(0.9628070175438596, 0.9820662768031188)",1,98.1592078350724,12944
"(0.9697786951037723, 0.9919117647058824)",1,98.15903866852554,12945
"(0.8958946706887884, 0.992156862745098)",1,98.15894579336184,12946
"(0.9399223139548216, 0.992156862745098)",1,98.15889418675138,12947
"(0.9740143369175628, 1.0)",2,98.1585788986356,12949
"(0.9284391534391534, 0.9820662768031188)",1,98.15852720270216,12950
"(0.8446379408861877, 0.9868055555555556)",1,98.1581139504731,12951
"(0.976661220043573, 0.9882352941176472)",1,98.15794071900534,12952
"(0.8488297541238717, 0.9851851851851852)",2,98.15759414671624,12954
"(0.9411376480416728, 0.996078431372549)",1,98.15741894715238,12955
"(0.875, 1.0)",1,98.15711231791806,12956
"(0.9320240125035522, 0.992156862745098)",2,98.1567628903421,12958
"(0.8977777777777779, 1.0)",1,98.15644724840377,12959
"(0.9841269841269842, 1.0)",1,98.15640387383333,12960
"(0.8686868686868687, 1.0)",1,98.15638528138528,12961
"(0.9213117283950616, 1.0)",1,98.155914670256,12962
"(0.9327249496289745, 0.9894736842105264)",1,98.15583874286544,12963
"(0.9135802469135802, 1.0)",1,98.15581083534944,12964
"(0.9333333333333332, 1.0)",1,98.1558102715998,12965
"(0.8915343915343915, 1.0)",1,98.15573220601851,12966
"(0.9399138116785176, 0.9855521155830752)",1,98.1554850662666,12967
"(0.996078431372549, 0.9842265795206973)",1,98.15548477263452,12968
"(0.9696969696969696, 1.0)",1,98.15547025786964,12969
"(0.9327249496289745, 0.9894736842105264)",1,98.15518450696364,12970
"(0.9816305469556244, 0.9894736842105264)",1,98.15439409703627,12971
"(0.8888888888888888, 1.0)",1,98.1542989554359,12972
"(0.9284391534391534, 0.9820662768031188)",1,98.15392817892294,12973
"(0.8714344685242518, 0.992156862745098)",1,98.15366576643558,12974
"(0.9056772399713576, 0.9894736842105264)",1,98.15365778682946,12975
"(0.9811403508771928, 0.9877450980392156)",1,98.15329882197086,12976
"(0.8627450980392157, 1.0)",1,98.1532972359598,12977
"(0.9067629419191918, 1.0)",1,98.1530150368658,12978
"(0.8138881768037778, 0.996078431372549)",2,98.15291132605942,12980
"(0.9333333333333332, 1.0)",1,98.152724366912,12981
"(0.9359620771385476, 0.9820662768031188)",2,98.15270748715804,12983
"(0.9827450980392156, 0.9919117647058824)",1,98.15269918369911,12984
"(0.8502976190476191, 1.0)",1,98.15241379867363,12985
"(0.9023569023569024, 1.0)",1,98.15240412185491,12986
"(0.9399138116785176, 0.996078431372549)",1,98.15238964239929,12987
"(0.8616898148148148, 1.0)",1,98.15235102371996,12988
"(0.9503921568627453, 0.9894736842105264)",1,98.1523147661069,12989
"(0.9565217391304348, 1.0)",1,98.15221690817842,12990
"(0.8977777777777779, 1.0)",1,98.15193035516882,12991
"(0.8067271451483561, 1.0)",1,98.15184271959625,12992
"(0.8071376954408094, 1.0)",1,98.15183085488368,12993
"(0.9284391534391534, 0.9855521155830752)",1,98.15155229960956,12994
"(0.935349484823169, 0.9894736842105264)",1,98.1511884810553,12995
"(1.0, 0.9841269841269842)",1,98.15117669007836,12996
"(0.8897707231040564, 1.0)",1,98.15105981668952,12997
"(0.9284391534391534, 0.992156862745098)",1,98.15071240984294,12998
"(0.896551724137931, 1.0)",2,98.15037083689,13000
"(0.954722222222222, 0.996078431372549)",1,98.15025551652296,13001
"(0.944241574272534, 0.9925925925925926)",2,98.15021608276754,13003
"(0.9696969696969696, 1.0)",4,98.14970445860811,13007
"(0.9674603174603176, 1.0)",1,98.14960040375595,13008
"(0.8271652864044169, 1.0)",1,98.14911609335816,13009
"(0.9507101086048454, 1.0)",1,98.14887589024094,13010
"(0.8466625966625967, 0.9868055555555556)",1,98.14880169874098,13011
"(1.0, 1.0)",1,98.14868497970568,13012
"(0.906325536062378, 0.992156862745098)",1,98.1486630956593,13013
"(0.9565217391304348, 0.9841269841269842)",1,98.14844093104986,13014
"(0.9253783187916316, 0.9886710239651416)",1,98.1482234362549,13015
"(0.9197362278244632, 0.996078431372549)",1,98.14796238109078,13016
"(0.9035155195681512, 0.9894736842105264)",1,98.1479399805186,13017
"(0.8817204301075269, 1.0)",1,98.14776402915312,13018
"(0.9280112044817928, 0.992156862745098)",1,98.1475837383491,13019
"(0.9272424525365702, 0.996078431372549)",1,98.14752485688489,13020
"(0.9444444444444444, 1.0)",1,98.14734737941568,13021
"(1.0, 1.0)",1,98.14720140894936,13022
"(0.9027274557165862, 0.9868055555555556)",1,98.14717739519229,13023
"(0.9104993386243384, 1.0)",1,98.14643463342438,13024
"(0.919492280003789, 0.9855521155830752)",1,98.14622213478238,13025
"(0.879008834302952, 0.996078431372549)",2,98.14601935416752,13027
"(0.9565217391304348, 1.0)",1,98.14596544562446,13028
"(0.8333333333333334, 1.0)",1,98.14577021696432,13029
"(0.96937564499484, 0.9820662768031188)",1,98.14568323272736,13030
"(0.914421596921597, 0.992156862745098)",1,98.1451819064342,13031
"(0.734139194139194, 1.0)",1,98.14502439478984,13032
"(0.9565217391304348, 0.9841269841269842)",1,98.14499027542529,13033
"(0.8952020202020202, 1.0)",1,98.14495837495826,13034
"(0.9333333333333332, 1.0)",1,98.14492437013648,13035
"(0.9925925925925926, 0.9820662768031188)",1,98.14477090997693,13036
"(0.9049532029717788, 0.9894736842105264)",1,98.14464176310209,13037
"(0.9484544695071012, 0.9820662768031188)",1,98.1442652382592,13038
"(1.0, 1.0)",1,98.14408055712413,13039
"(0.9142520753512132, 0.986574074074074)",1,98.14377001111907,13040
"(0.9253783187916316, 0.9812636165577344)",1,98.14360469987145,13041
"(0.8686868686868687, 1.0)",1,98.14357916148198,13042
"(0.9696969696969696, 1.0)",1,98.14356758660723,13043
"(0.9230769230769232, 1.0)",1,98.14350794133404,13044
"(0.943982716990723, 1.0)",1,98.14331574051523,13045
"(0.8888888888888888, 1.0)",1,98.14330984919228,13046
"(1.0, 1.0)",1,98.1432147562584,13047
"(0.8627450980392157, 1.0)",1,98.14313047353328,13048
"(0.9292181620122796, 0.984504357298475)",2,98.14304040363022,13050
"(0.8859337035751476, 1.0)",1,98.14275540702778,13051
"(0.7782392026578072, 1.0)",1,98.14236727196518,13052
"(0.976661220043573, 0.9709803921568628)",1,98.14227993731612,13053
"(0.944241574272534, 0.9851851851851852)",2,98.14223637063168,13055
"(0.9492266992266992, 0.9866666666666666)",1,98.142071455233,13056
"(0.7962233504512917, 0.9868055555555556)",3,98.14168504667668,13059
"(0.8731060606060606, 1.0)",1,98.14165826745808,13060
"(0.8991666666666667, 1.0)",2,98.14159485591924,13062
"(0.8822954822954823, 1.0)",1,98.14158062989468,13063
"(1.0, 1.0)",1,98.1414725625252,13064
"(0.978144708175668, 0.996078431372549)",1,98.14135610892698,13065
"(0.9037076648841356, 0.9877450980392156)",1,98.14135078619567,13066
"(0.8748472964943552, 0.992156862745098)",1,98.14131736275668,13067
"(0.8666666666666667, 1.0)",2,98.14119484923316,13069
"(0.8762954142520705, 0.9851851851851852)",1,98.1408277788553,13070
"(0.9507101086048454, 1.0)",1,98.14051943737483,13071
"(0.8681932021466906, 1.0)",1,98.14038077737666,13072
"(0.9840686274509804, 0.9633862433862432)",1,98.13998868946376,13073
"(0.8547544409613373, 1.0)",1,98.1397685483431,13074
"(0.962458433665864, 0.996078431372549)",1,98.13962411518465,13075
"(0.9056772399713576, 0.9925925925925926)",1,98.13941355373106,13076
"(0.9172932330827066, 1.0)",1,98.1389777515152,13077
"(0.9492266992266992, 0.9868055555555556)",2,98.13867709301825,13079
"(0.9841269841269842, 0.9841269841269842)",4,98.1385281385284,13083
"(0.9565217391304348, 0.9841269841269842)",2,98.13850461133094,13085
"(0.980582788671024, 0.9919117647058824)",1,98.13841321317294,13086
"(0.9492266992266992, 0.9868055555555556)",1,98.13773732968129,13087
"(0.7782392026578072, 1.0)",1,98.13680421855628,13088
"(0.9306746031746032, 1.0)",1,98.13655625180512,13089
"(0.9135802469135802, 1.0)",2,98.13604093840291,13091
"(0.984967320261438, 0.9816305469556244)",1,98.13588083383048,13092
"(0.9811403508771928, 0.9770969498910675)",1,98.13586350175756,13093
"(0.8586378737541528, 0.9885627144491042)",1,98.13568735717142,13094
"(0.9352372919478182, 0.9925925925925926)",1,98.13563720730086,13095
"(0.8586378737541528, 0.9885627144491042)",1,98.13560332447588,13096
"(0.9056772399713576, 0.9894736842105264)",1,98.13548050567476,13097
"(0.883580779054917, 1.0)",1,98.13528905430098,13098
"(0.9019607843137254, 0.9868055555555556)",1,98.13523269758542,13099
"(0.9492266992266992, 0.9868055555555556)",1,98.13517460934104,13100
"(0.9230769230769232, 0.9841269841269842)",1,98.13500313500336,13101
"(0.9293342911877394, 0.9868055555555556)",1,98.13469304589938,13102
"(0.9841269841269842, 1.0)",2,98.13466174291418,13104
"(0.9351258309591644, 1.0)",1,98.13455164696852,13105
"(0.6403503049675462, 0.9885627144491042)",2,98.13453980542444,13107
"(0.9743589743589745, 0.9868055555555556)",1,98.13446480082013,13108
"(0.8611111111111112, 1.0)",1,98.13439188276834,13109
"(0.984504357298475, 0.9879901960784314)",1,98.13412202892845,13110
"(0.9047619047619048, 1.0)",1,98.13394829029504,13111
"(0.8831018518518517, 1.0)",1,98.13383917305592,13112
"(0.978144708175668, 0.9762838468720824)",1,98.13314954365896,13113
"(0.9841269841269842, 1.0)",1,98.13314014916286,13114
"(0.6856760145918833, 1.0)",1,98.1330368347052,13115
"(1.0, 1.0)",1,98.13294296662416,13116
"(0.8686868686868687, 1.0)",1,98.13284575624408,13117
"(0.8253968253968256, 1.0)",1,98.13251329343284,13118
"(0.875, 1.0)",1,98.13233357967448,13119
"(0.9244767367135788, 0.9820662768031188)",1,98.13220077361858,13120
"(0.8518518518518519, 1.0)",1,98.13204199688806,13121
"(0.8312992626493769, 0.986574074074074)",2,98.13170508386652,13123
"(0.8318452380952381, 0.9868055555555556)",2,98.13139293833716,13125
"(0.7782392026578072, 1.0)",1,98.13129799180072,13126
"(0.8857001484413657, 0.9885627144491042)",1,98.13122552566423,13127
"(0.9691305469556244, 0.9879901960784314)",1,98.13116844909548,13128
"(0.8714344685242518, 0.992156862745098)",2,98.13080841047577,13130
"(0.7975164658278694, 1.0)",1,98.13062873683543,13131
"(0.9019607843137254, 0.9868055555555556)",1,98.13027847203531,13132
"(0.8138881768037778, 0.996078431372549)",1,98.1302753258504,13133
"(0.8833628057765988, 1.0)",4,98.13019121577342,13137
"(0.8264567669172932, 1.0)",1,98.13001347990352,13138
"(0.9449965600275196, 0.9894736842105264)",1,98.12999959452311,13139
"(0.9206349206349206, 0.9696969696969696)",1,98.12990143289991,13140
"(0.7200000000000001, 1.0)",2,98.12988239169184,13142
"(0.7410714285714286, 1.0)",4,98.12982255264863,13146
"(0.9047619047619048, 1.0)",1,98.12982215317496,13147
"(0.896551724137931, 1.0)",1,98.12970874566548,13148
"(0.919047619047619, 1.0)",1,98.1291737518687,13149
"(0.996078431372549, 0.9610774410774412)",1,98.12902104812524,13150
"(0.8550741594067247, 1.0)",1,98.12865788210289,13151
"(0.9189473684210526, 0.9894736842105264)",1,98.12857694094224,13152
"(0.9236094950800832, 0.992156862745098)",1,98.12789686933698,13153
"(0.8264567669172932, 1.0)",1,98.12768439651934,13154
"(0.97718610251118, 1.0)",1,98.12744646077458,13155
"(0.8259011519881087, 0.9868055555555556)",1,98.12732323835893,13156
"(0.8129898303922073, 1.0)",1,98.1272469506798,13157
"(0.9426596279537456, 0.9851851851851852)",2,98.12714972781,13159
"(1.0, 1.0)",1,98.12709604013952,13160
"(0.8170426065162907, 1.0)",1,98.12673407383362,13161
"(0.9841269841269842, 1.0)",1,98.1265805766019,13162
"(0.8055555555555555, 1.0)",1,98.12646972063456,13163
"(0.8888888888888888, 1.0)",1,98.12608225108224,13164
"(0.9841269841269842, 1.0)",1,98.12590187590187,13165
"(0.8550741594067247, 1.0)",1,98.12584688639782,13166
"(0.9847494553376906, 0.9886710239651416)",1,98.125837695276,13167
"(0.833064949006978, 1.0)",1,98.12533147532548,13168
"(0.8888888888888888, 0.986574074074074)",1,98.12527254073132,13169
"(0.95536349042541, 0.996078431372549)",1,98.1252628795679,13170
"(0.8977777777777779, 1.0)",1,98.1250951948007,13171
"(0.8893558268973552, 1.0)",1,98.12474538453652,13172
"(0.9430755736638088, 0.9925925925925926)",2,98.12472910302624,13174
"(0.9841269841269842, 0.9841269841269842)",1,98.1245459521324,13175
"(0.9244767367135788, 0.9886710239651416)",2,98.124478376152,13177
"(0.97718610251118, 0.996078431372549)",1,98.12436997957892,13178
"(0.9696969696969696, 0.9841269841269842)",4,98.12405865739224,13182
"(0.9411376480416728, 0.996078431372549)",1,98.12405838070354,13183
"(0.8138881768037778, 0.992156862745098)",1,98.12393062256778,13184
"(0.8705805822084891, 1.0)",1,98.12378700254686,13185
"(0.896551724137931, 1.0)",1,98.12347492164947,13186
"(0.9075175684308812, 0.9820662768031188)",1,98.12319790271876,13187
"(0.9197362278244632, 0.996078431372549)",1,98.12307753439794,13188
"(0.9172932330827066, 1.0)",1,98.12244314964737,13189
"(0.8889459760512393, 0.996078431372549)",1,98.12238794909334,13190
"(0.948045267489712, 0.9868055555555556)",1,98.12227474420553,13191
"(0.875, 1.0)",1,98.1222295381572,13192
"(0.8791208791208792, 1.0)",1,98.12202994961616,13193
"(0.875, 0.9841269841269842)",1,98.12200393138812,13194
"(0.9230769230769232, 1.0)",1,98.12195678717435,13195
"(0.9565217391304348, 1.0)",1,98.12165992753332,13196
"(0.8046935824713601, 1.0)",1,98.12163302947997,13197
"(0.9696969696969696, 1.0)",1,98.1215242818184,13198
"(0.9449965600275196, 0.9894736842105264)",1,98.12136182493802,13199
"(0.9841269841269842, 1.0)",1,98.12132753465724,13200
"(0.9224211423699916, 1.0)",1,98.1211314975258,13201
"(0.9359620771385476, 0.9820662768031188)",1,98.1211034957474,13202
"(0.978144708175668, 0.9882352941176472)",1,98.12099481970492,13203
"(0.9, 1.0)",1,98.12064346472248,13204
"(1.0, 0.9841269841269842)",1,98.12049062049066,13205
"(0.9841269841269842, 0.9841269841269842)",1,98.12002873022386,13206
"(0.9269637391618816, 0.996078431372549)",1,98.1198308053028,13207
"(0.9674603174603176, 1.0)",1,98.1197387407914,13208
"(0.9306746031746032, 1.0)",1,98.11917411891834,13209
"(0.9543049270990448, 0.9886710239651416)",2,98.1190467883442,13211
"(0.9064541180640252, 0.9894736842105264)",1,98.11859271829324,13212
"(0.8044053370140327, 1.0)",1,98.1184117442964,13213
"(0.9407729468599032, 0.9868055555555556)",1,98.11832582249396,13214
"(0.8487103174603176, 1.0)",1,98.11802543030367,13215
"(1.0, 1.0)",1,98.11800119534676,13216
"(1.0, 1.0)",1,98.1175824175824,13217
"(0.9224211423699916, 1.0)",1,98.11750483315174,13218
"(0.9492266992266992, 0.9868055555555556)",1,98.11745021439442,13219
"(0.922050500014663, 1.0)",1,98.11659415397648,13220
"(0.7975164658278694, 1.0)",1,98.1162432040266,13221
"(0.9464473684210528, 0.9925925925925926)",1,98.11619664399052,13222
"(0.9230769230769232, 1.0)",1,98.11612995607524,13223
"(0.9507101086048454, 0.9841269841269842)",1,98.1160633215218,13224
"(1.0, 1.0)",1,98.11601297602104,13225
"(0.9543049270990448, 0.9851851851851852)",1,98.11590708598908,13226
"(0.8990289449112978, 0.9894736842105264)",1,98.11590669517692,13227
"(0.980582788671024, 0.9736006683375104)",1,98.11571470979452,13228
"(0.9358798064680418, 0.992156862745098)",2,98.11553426079888,13230
"(0.919047619047619, 1.0)",1,98.1150871803164,13231
"(0.9191112362010194, 0.9925925925925926)",1,98.11469588908018,13232
"(0.9351326548694968, 0.996078431372549)",1,98.11435583756234,13233
"(0.9070736434108526, 0.9885627144491042)",1,98.1142399017638,13234
"(0.9427450980392156, 0.978144708175668)",2,98.1137786840157,13236
"(0.9565217391304348, 1.0)",2,98.11341713131996,13238
"(0.9230769230769232, 0.9841269841269842)",1,98.11336919336937,13239
"(0.9515255049388176, 0.9820662768031188)",1,98.11304416355354,13240
"(0.9464473684210528, 0.9820662768031188)",2,98.11293116350308,13242
"(0.9244767367135788, 0.9855521155830752)",1,98.11292995106992,13243
"(0.8151260504201681, 1.0)",1,98.1125060567522,13244
"(0.9384803921568629, 0.9894736842105264)",1,98.11242816933424,13245
"(0.899875800993592, 1.0)",1,98.11237902709836,13246
"(0.9135802469135802, 1.0)",1,98.11234121064405,13247
"(0.919047619047619, 1.0)",1,98.1120147068996,13248
"(0.909209656084656, 1.0)",1,98.11197569249364,13249
"(0.8888888888888888, 1.0)",1,98.11181433301006,13250
"(1.0, 1.0)",2,98.1117216117216,13252
"(0.8067271451483561, 1.0)",1,98.11171146891176,13253
"(0.7708333333333334, 1.0)",1,98.11164502326784,13254
"(0.9359620771385476, 0.9882352941176472)",2,98.11130205283273,13256
"(0.9135802469135802, 1.0)",1,98.1112002821364,13257
"(0.9047619047619048, 1.0)",1,98.11107802521464,13258
"(0.912041847041847, 0.9894736842105264)",1,98.11107577951223,13259
"(0.7410714285714286, 1.0)",1,98.11106149989712,13260
"(0.9444444444444444, 1.0)",2,98.11100133586784,13262
"(0.9192180611357128, 1.0)",1,98.11094661792012,13263
"(0.9894736842105264, 0.9757885763000852)",1,98.11086029480558,13264
"(0.9696969696969696, 1.0)",1,98.11081973581976,13265
"(0.8402777777777779, 1.0)",1,98.11080484721452,13266
"(0.8345959595959597, 1.0)",2,98.1106478913894,13268
"(1.0, 1.0)",1,98.1105946684894,13269
"(0.9444444444444444, 1.0)",1,98.11012924273793,13270
"(0.9064872325741892, 0.9868055555555556)",2,98.1098149696517,13272
"(0.8817204301075269, 1.0)",1,98.10979006656429,13273
"(0.944241574272534, 0.9886710239651416)",1,98.10972067574356,13274
"(0.95536349042541, 0.992156862745098)",1,98.10966260464468,13275
"(0.5, 1.0)",2,98.10960289710306,13277
"(0.8817204301075269, 1.0)",2,98.10914976405864,13279
"(0.6103828828828829, 1.0)",1,98.10912311026472,13280
"(0.9491329966329968, 0.992156862745098)",1,98.10906797254432,13281
"(0.8312992626493769, 1.0)",1,98.10903248897549,13282
"(0.914421596921597, 0.9925925925925926)",2,98.10835178396192,13284
"(0.9407729468599032, 0.9868055555555556)",1,98.10831396950726,13285
"(0.944241574272534, 0.9886710239651416)",1,98.10813752945552,13286
"(0.8468468468468467, 1.0)",1,98.10777188671928,13287
"(1.0, 1.0)",2,98.10717413870024,13289
"(0.9135802469135802, 1.0)",1,98.10686931955664,13290
"(1.0, 1.0)",1,98.10667472447268,13291
"(0.9206349206349206, 1.0)",1,98.10657869971372,13292
"(0.9641868969810148, 0.9925925925925926)",1,98.10655965118166,13293
"(0.8345959595959597, 1.0)",1,98.10645090391851,13294
"(0.932852564102564, 1.0)",1,98.10642590738864,13295
"(0.8832772166105499, 1.0)",1,98.10623909922694,13296
"(0.8858975827700768, 1.0)",1,98.10552886090404,13297
"(0.9507101086048454, 0.9841269841269842)",4,98.10550024600391,13301
"(0.7971704623878537, 0.996078431372549)",1,98.10549281099598,13302
"(0.9766612200435728, 0.9919117647058824)",1,98.10518057497283,13303
"(0.8078308130291714, 0.9892665474060824)",1,98.10489035562246,13304
"(0.9019607843137254, 0.9868055555555556)",2,98.10444026364644,13306
"(0.9404364154364154, 0.9894736842105264)",1,98.10431853102732,13307
"(0.9209085933223864, 0.9820662768031188)",1,98.10381607594276,13308
"(0.896551724137931, 1.0)",1,98.10342283479662,13309
"(1.0, 1.0)",1,98.10337142278227,13310
"(0.9841269841269842, 1.0)",1,98.10335565518491,13311
"(0.8904991948470209, 1.0)",1,98.1032781322316,13312
"(0.8888888888888888, 1.0)",1,98.10325447298922,13313
"(0.9191387446502536, 0.984504357298475)",1,98.10246226616296,13314
"(0.8740392648287385, 1.0)",4,98.10226579067054,13318
"(0.915619658119658, 0.9868055555555556)",1,98.10213985088964,13319
"(0.875, 1.0)",1,98.10213975471456,13320
"(0.9628070175438596, 0.9851851851851852)",1,98.10212092030623,13321
"(0.9135802469135802, 1.0)",1,98.1019795079202,13322
"(0.9800599128540306, 0.9698083778966132)",1,98.10197866705568,13323
"(0.8714344685242518, 0.992156862745098)",1,98.10196138270013,13324
"(0.8859337035751476, 1.0)",1,98.10185303182276,13325
"(0.948045267489712, 0.9868055555555556)",1,98.1018366176004,13326
"(0.9520261437908496, 0.9820662768031188)",1,98.10158836731448,13327
"(0.8686868686868687, 1.0)",1,98.10145241232205,13328
"(0.9248366013071896, 1.0)",1,98.10140547587076,13329
"(0.865079365079365, 1.0)",1,98.10130950497089,13330
"(1.0, 1.0)",1,98.10120094958812,13331
"(0.8817204301075269, 1.0)",2,98.10113579198897,13333
"(0.9318498265866688, 0.996078431372549)",1,98.1004188690865,13334
"(0.8318452380952381, 0.9868055555555556)",1,98.10020214314233,13335
"(0.8991666666666667, 1.0)",1,98.10018696279566,13336
"(0.9019607843137254, 0.9868055555555556)",1,98.10014575595278,13337
"(0.7971704623878537, 0.996078431372549)",1,98.09997828700706,13338
"(0.9696969696969696, 0.9841269841269842)",1,98.09981178242072,13339
"(0.9320240125035522, 0.9816305469556244)",1,98.09959225747812,13340
"(0.9333333333333332, 1.0)",1,98.09933805262028,13341
"(0.9333333333333332, 1.0)",1,98.09930023212571,13342
"(0.9192180611357128, 1.0)",1,98.09895255069668,13343
"(0.9882352941176472, 0.9919117647058824)",1,98.09867886076042,13344
"(0.9255470304063654, 0.9894736842105264)",1,98.09841903101164,13345
"(0.9521171802054156, 0.9688492063492063)",1,98.0982893571283,13346
"(0.9333333333333332, 1.0)",1,98.0978581331524,13347
"(0.8883205456095482, 1.0)",1,98.09754884777146,13348
"(0.944241574272534, 0.9886710239651416)",1,98.09754116133334,13349
"(0.9037076648841356, 0.996078431372549)",1,98.09723719986796,13350
"(0.8627450980392157, 1.0)",1,98.096642341147,13351
"(0.8813339438339438, 0.9868055555555556)",1,98.09639496976432,13352
"(0.9351326548694968, 0.996078431372549)",2,98.09605074144692,13354
"(0.9223809523809524, 0.9868055555555556)",1,98.09576559864844,13355
"(0.8832772166105499, 1.0)",1,98.09547316612534,13356
"(0.8332521117608837, 0.986574074074074)",1,98.09502361238054,13357
"(0.8622222222222222, 1.0)",1,98.09492063492064,13358
"(0.8888888888888888, 1.0)",2,98.09442845396109,13360
"(0.9280112044817928, 0.996078431372549)",1,98.09438263748628,13361
"(0.9478270609318996, 1.0)",1,98.09428656007466,13362
"(0.9023809523809524, 1.0)",1,98.09397955845328,13363
"(0.9292181620122796, 0.996078431372549)",1,98.0938080157834,13364
"(0.9244767367135788, 0.9855521155830752)",2,98.0936632788913,13366
"(0.8762954142520705, 0.9855521155830752)",1,98.09324018241328,13367
"(0.879008834302952, 0.996078431372549)",1,98.09320161521538,13368
"(0.9696969696969696, 1.0)",1,98.09288269891816,13369
"(0.9243650793650792, 1.0)",1,98.09280411974844,13370
"(0.8897707231040564, 1.0)",1,98.0927781558217,13371
"(0.89, 1.0)",1,98.0927281582686,13372
"(1.0, 0.9841269841269842)",1,98.09243679026308,13373
"(0.8748472964943552, 0.996078431372549)",1,98.09241233596305,13374
"(0.8970659722222223, 1.0)",2,98.09238902931406,13376
"(0.9841269841269842, 1.0)",1,98.0919701823198,13377
"(0.9565217391304348, 1.0)",1,98.0918390781091,13378
"(0.8448736477904788, 1.0)",1,98.09172956524026,13379
"(0.9444444444444444, 1.0)",1,98.09164301881692,13380
"(0.875, 1.0)",1,98.09163665492407,13381
"(1.0, 1.0)",1,98.091489720745,13382
"(0.9506818181818182, 0.9868055555555556)",1,98.09146619372086,13383
"(0.6403503049675462, 1.0)",1,98.09146532090364,13384
"(0.8586378737541528, 1.0)",1,98.09128851931509,13385
"(0.9500564728815504, 0.9886710239651416)",1,98.09126981790688,13386
"(0.8970659722222223, 0.986574074074074)",1,98.09109288687412,13387
"(0.9019607843137254, 0.9868055555555556)",1,98.09072855983445,13388
"(0.9449965600275196, 0.9925925925925926)",1,98.09036112669575,13389
"(0.8078308130291714, 1.0)",1,98.09007693513492,13390
"(0.9019607843137254, 0.9868055555555556)",1,98.0899842818084,13391
"(0.8977777777777779, 0.9841269841269842)",2,98.08983180392804,13393
"(0.8571428571428572, 1.0)",1,98.0895082091116,13394
"(0.9191112362010194, 0.992156862745098)",2,98.08949307355304,13396
"(0.9424323293938236, 0.9885627144491042)",1,98.08934535297324,13397
"(0.936863195570626, 0.9820662768031188)",1,98.08928830532432,13398
"(0.9320240125035522, 0.9886710239651416)",1,98.0892019899656,13399
"(0.9641868969810148, 0.9882352941176472)",1,98.08919292632092,13400
"(0.9291723011043498, 0.9855521155830752)",1,98.08906945415666,13401
"(0.7544006919006919, 1.0)",1,98.0889736590204,13402
"(0.9230769230769232, 1.0)",1,98.08897082449712,13403
"(0.9754435107376284, 0.992156862745098)",1,98.08879885463544,13404
"(0.9049919484702094, 0.9841269841269842)",2,98.08875603589588,13406
"(0.8611111111111112, 1.0)",1,98.08862886193072,13407
"(0.9214340198321892, 1.0)",1,98.0885950629666,13408
"(0.9515255049388176, 0.9882352941176472)",1,98.08857968544731,13409
"(1.0, 1.0)",2,98.08855377116248,13411
"(0.9592592592592591, 1.0)",2,98.08846965294308,13413
"(0.9503921568627453, 0.9816305469556244)",1,98.0884234695786,13414
"(0.9464473684210528, 0.9820662768031188)",1,98.08820761472572,13415
"(0.9065891472868216, 0.9885627144491042)",1,98.08793511502871,13416
"(0.740829346092504, 1.0)",1,98.0879262340334,13417
"(0.95536349042541, 0.992156862745098)",1,98.08782753905236,13418
"(0.8518954248366013, 1.0)",1,98.08768815867931,13419
"(0.9691305469556244, 0.9879901960784314)",1,98.08749049242304,13420
"(0.8859337035751476, 1.0)",1,98.08702053960788,13421
"(0.914421596921597, 0.992156862745098)",1,98.0870138695736,13422
"(1.0, 1.0)",1,98.08668492001824,13423
"(0.9135802469135802, 1.0)",1,98.0861556896645,13424
"(0.9333333333333332, 1.0)",1,98.08614968103907,13425
"(0.8044053370140327, 1.0)",1,98.08602490235856,13426
"(0.9399223139548216, 0.992156862745098)",2,98.0857512517021,13428
"(0.9363636363636364, 1.0)",1,98.08570395246672,13429
"(1.0, 1.0)",1,98.08570167411632,13430
"(0.9135802469135802, 1.0)",1,98.0854544348798,13431
"(0.9049532029717788, 0.9894736842105264)",1,98.08528722611486,13432
"(0.8318452380952381, 0.9868055555555556)",1,98.08514522929649,13433
"(0.9047619047619048, 1.0)",1,98.08487788606122,13434
"(0.875, 1.0)",2,98.08460551858232,13436
"(0.9318498265866688, 0.992156862745098)",1,98.08452801928571,13437
"(0.9847494553376906, 0.9757885763000852)",1,98.08383846448748,13438
"(0.7988631272401433, 0.9868055555555556)",1,98.0834372658386,13439
"(0.8318452380952381, 0.9868055555555556)",1,98.08328806110728,13440
"(0.9451468036607356, 0.9886710239651416)",1,98.08325446397438,13441
"(0.883580779054917, 1.0)",1,98.08322440325722,13442
"(0.9465811965811968, 1.0)",1,98.08289044664916,13443
"(0.8832772166105499, 1.0)",1,98.0828731011238,13444
"(0.8339307048984469, 1.0)",1,98.08279771771532,13445
"(0.8643394352206611, 0.9868055555555556)",1,98.08266717229816,13446
"(0.9019607843137254, 0.9866666666666666)",1,98.0825850399296,13447
"(0.9465811965811968, 0.986574074074074)",1,98.08243507933966,13448
"(0.9886710239651416, 0.9916666666666668)",1,98.08224847606306,13449
"(0.875, 1.0)",1,98.08205940385577,13450
"(0.8356902356902357, 0.9868055555555556)",1,98.08204855653813,13451
"(0.9075175684308812, 0.9855521155830752)",1,98.08173146742034,13452
"(1.0, 1.0)",2,98.08145659670048,13454
"(0.9507101086048454, 0.9841269841269842)",1,98.08140212190578,13455
"(0.9023569023569024, 1.0)",1,98.08133812461466,13456
"(0.9565217391304348, 0.9841269841269842)",4,98.08092530403768,13460
"(0.8889459760512393, 0.9840686274509804)",1,98.0807777595043,13461
"(0.9192251461988304, 0.992156862745098)",1,98.08061460928464,13462
"(0.9788235294117646, 0.9665158371040724)",1,98.08059311539937,13463
"(0.9696969696969696, 0.9841269841269842)",1,98.08050303852428,13464
"(0.8129898303922073, 1.0)",1,98.08036044223842,13465
"(0.9209085933223864, 0.9820662768031188)",1,98.08029114736604,13466
"(0.9172932330827066, 1.0)",1,98.0802491889861,13467
"(0.9543049270990448, 0.9820662768031188)",1,98.07986982098294,13468
"(0.9230769230769232, 1.0)",1,98.07968912807632,13469
"(0.9803921568627452, 0.9882352941176472)",1,98.07897505992466,13470
"(0.8666666666666667, 0.9868055555555556)",1,98.07888220071526,13471
"(0.9465811965811968, 0.9866666666666666)",1,98.07881561486072,13472
"(0.9253783187916316, 0.9820662768031188)",1,98.07879404709604,13473
"(0.8129898303922073, 1.0)",1,98.07854217067523,13474
"(0.9214340198321892, 1.0)",2,98.07850476002314,13476
"(0.9743589743589745, 0.9868055555555556)",1,98.07768847001584,13477
"(0.8309016086793863, 0.9868055555555556)",1,98.07756151310224,13478
"(0.875, 1.0)",1,98.0773545511254,13479
"(0.8518518518518519, 1.0)",1,98.07708654951226,13480
"(0.9197362278244632, 0.996078431372549)",1,98.07681543581675,13481
"(0.8368686868686868, 0.986574074074074)",1,98.07638229215505,13482
"(0.980582788671024, 0.9855521155830752)",1,98.07625374711286,13483
"(0.9244767367135788, 0.9925925925925926)",1,98.07585945686267,13484
"(0.9426596279537456, 0.9886710239651416)",1,98.07557867998769,13485
"(0.9049532029717788, 0.9894736842105264)",1,98.07556759053918,13486
"(0.9230769230769232, 1.0)",1,98.07539036661848,13487
"(0.9224211423699916, 1.0)",1,98.07498091979627,13488
"(0.9503921568627453, 0.9894736842105264)",1,98.07495213780736,13489
"(0.9841269841269842, 1.0)",1,98.074851193585,13490
"(0.9841269841269842, 1.0)",1,98.07470365956122,13491
"(1.0, 1.0)",1,98.07455453832264,13492
"(0.8635440917107585, 0.996078431372549)",1,98.074522531908,13493
"(0.9426596279537456, 0.9851851851851852)",1,98.07433063708672,13494
"(0.9500564728815504, 0.9820662768031188)",1,98.0740808787407,13495
"(0.8888888888888888, 1.0)",1,98.07396035140356,13496
"(0.859735522115823, 0.9885627144491042)",1,98.07379832456496,13497
"(0.9090909090909092, 0.9868055555555556)",1,98.0736553918975,13498
"(0.8129898303922073, 1.0)",1,98.07359720272692,13499
"(0.9244767367135788, 0.9886710239651416)",1,98.0733168989655,13500
"(0.8750600325600326, 1.0)",1,98.0732153071318,13501
"(0.8816425120772947, 0.9868055555555556)",1,98.07269937853428,13502
"(0.9740143369175628, 1.0)",1,98.07262014569989,13503
"(0.9320240125035522, 0.9820662768031188)",1,98.07255249225652,13504
"(0.947088068181818, 1.0)",2,98.07251073122582,13506
"(0.9230769230769232, 1.0)",1,98.07218072476692,13507
"(0.90934937783235, 0.992156862745098)",1,98.0719619217281,13508
"(1.0, 1.0)",1,98.07196102199916,13509
"(0.8368686868686868, 1.0)",1,98.0716106513516,13510
"(0.9628070175438596, 0.9820662768031188)",1,98.07094464824092,13511
"(0.8129898303922073, 1.0)",1,98.07023537522986,13512
"(0.9674603174603176, 1.0)",2,98.06969317232478,13514
"(0.8448736477904788, 1.0)",1,98.0695527332665,13515
"(0.9239488017429196, 0.9803376906318084)",1,98.06944241512262,13516
"(0.8762954142520705, 0.9886710239651416)",1,98.06942604732276,13517
"(0.8864468864468864, 1.0)",1,98.06824162133934,13518
"(0.9230769230769232, 1.0)",1,98.06811371191192,13519
"(0.9620227038183696, 0.9693121693121692)",1,98.0680643489164,13520
"(0.8970659722222223, 1.0)",1,98.06731635529758,13521
"(0.9841269841269842, 0.9841269841269842)",1,98.0672882936168,13522
"(0.8170426065162907, 1.0)",1,98.06713018177628,13523
"(1.0, 1.0)",1,98.06693306693306,13524
"(0.8729166666666666, 1.0)",1,98.06633940966016,13525
"(0.9135802469135802, 0.9841269841269842)",1,98.0663247733424,13526
"(0.9351258309591644, 1.0)",2,98.06628403638535,13528
"(0.9452536570183628, 0.9894736842105264)",1,98.06600768254776,13529
"(0.9359620771385476, 0.9820662768031188)",1,98.06599514972542,13530
"(0.9172932330827066, 0.9841269841269842)",1,98.06550244261012,13531
"(0.8551296720061023, 1.0)",1,98.065467431132,13532
"(0.875, 0.9841269841269842)",1,98.06532220428116,13533
"(0.9543049270990448, 0.9746588693957114)",1,98.06520207522644,13534
"(0.8518518518518519, 1.0)",2,98.06517531027336,13536
"(0.9195842916773148, 1.0)",1,98.06502976010071,13537
"(0.8813339438339438, 0.9868055555555556)",2,98.06496568760436,13539
"(0.7460317460317459, 0.9841269841269842)",1,98.0649350649352,13540
"(0.8893558268973552, 1.0)",1,98.06484829495268,13541
"(0.865079365079365, 1.0)",1,98.06479913001652,13542
"(0.9674603174603176, 1.0)",1,98.06479538958789,13543
"(0.9203816738816738, 0.992156862745098)",1,98.06475764879336,13544
"(0.9224211423699916, 1.0)",1,98.06445675034767,13545
"(0.9230769230769232, 1.0)",2,98.06436180491912,13547
"(0.9401300133188678, 0.992156862745098)",1,98.06435094983628,13548
"(0.8281746031746032, 1.0)",1,98.06434282502356,13549
"(0.996078431372549, 0.9785784313725492)",1,98.06431868068871,13550
"(0.9019607843137254, 0.9868055555555556)",1,98.0642944423895,13551
"(0.9841269841269842, 0.9841269841269842)",2,98.06404052547134,13553
"(0.9135802469135802, 1.0)",1,98.06384159050826,13554
"(0.9565217391304348, 1.0)",1,98.0638077528356,13555
"(0.9841269841269842, 1.0)",1,98.0635767301815,13556
"(0.874025901365936, 0.9775193798449612)",1,98.06281045473176,13557
"(0.9635060690943044, 0.972213842802078)",1,98.06268670839232,13558
"(0.8705805822084891, 0.9885627144491042)",1,98.06264360733124,13559
"(0.8448736477904788, 0.9885627144491042)",1,98.0624444504075,13560
"(0.8889459760512393, 0.996078431372549)",1,98.06242307296814,13561
"(0.9350548459681588, 0.9894736842105264)",1,98.06182889656606,13562
"(0.8803174603174604, 1.0)",1,98.06141384265194,13563
"(0.9248366013071896, 1.0)",1,98.06106028100922,13564
"(0.7777777777777776, 1.0)",2,98.06100185060131,13566
"(0.97718610251118, 0.9807902108211708)",1,98.06092977541896,13567
"(0.9023569023569024, 1.0)",1,98.06038678246917,13568
"(0.8813339438339438, 0.9868055555555556)",1,98.06009920634898,13569
"(0.915619658119658, 0.9868055555555556)",1,98.05993307319898,13570
"(0.9521171802054156, 0.9851851851851852)",1,98.05981485662596,13571
"(0.9360774410774412, 0.992156862745098)",1,98.05979043129446,13572
"(0.9579248366013072, 0.972218782249742)",1,98.0596357427414,13573
"(0.9841269841269842, 1.0)",2,98.05947891977304,13575
"(0.8078308130291714, 0.9892665474060824)",1,98.05914121341888,13576
"(0.8551296720061023, 1.0)",1,98.05896699407748,13577
"(1.0, 1.0)",1,98.058823624041,13578
"(0.9444444444444444, 1.0)",2,98.05866050213876,13580
"(0.947088068181818, 1.0)",1,98.05854720508452,13581
"(0.9319444444444444, 0.9743589743589745)",2,98.0583838042846,13583
"(0.8616898148148148, 1.0)",1,98.05810562961432,13584
"(0.9565217391304348, 1.0)",1,98.05807166743476,13585
"(0.9894736842105264, 0.992156862745098)",1,98.05788829917915,13586
"(0.922287769513936, 0.9851851851851852)",2,98.05733507621537,13588
"(0.941156690746474, 0.992156862745098)",1,98.0571651848564,13589
"(0.976851851851852, 0.9919117647058824)",1,98.05698569216985,13590
"(0.9841269841269842, 1.0)",1,98.05677459487944,13591
"(0.896551724137931, 1.0)",1,98.05645121162362,13592
"(0.9465811965811968, 0.986574074074074)",1,98.05635682366464,13593
"(0.9465811965811968, 1.0)",2,98.05635682366464,13595
"(0.95536349042541, 0.992156862745098)",2,98.05597071136783,13597
"(0.9064872325741892, 0.9868055555555556)",1,98.05595989936543,13598
"(0.8991666666666667, 1.0)",2,98.05592786045204,13600
"(0.8332521117608837, 1.0)",1,98.05581187358216,13601
"(0.9172932330827066, 1.0)",2,98.0557419188998,13603
"(0.9284391534391534, 0.9820662768031188)",1,98.05574058512302,13604
"(0.8044053370140327, 1.0)",1,98.05565425518178,13605
"(0.865079365079365, 1.0)",1,98.05507279397442,13606
"(0.9464473684210528, 0.9851851851851852)",1,98.05477409907148,13607
"(0.9364583333333332, 1.0)",2,98.05473964348212,13609
"(0.9492266992266992, 0.9868055555555556)",4,98.05473566859166,13613
"(0.9565217391304348, 0.9841269841269842)",4,98.05425324078024,13617
"(0.8817204301075269, 1.0)",1,98.0542255056374,13618
"(0.9365260121142476, 0.9894736842105264)",1,98.05399268527344,13619
"(0.8970659722222223, 1.0)",1,98.05389042937163,13620
"(0.9202401372212692, 1.0)",1,98.05360499470537,13621
"(0.984967320261438, 0.9840686274509804)",1,98.05344784595756,13622
"(0.8067271451483561, 1.0)",1,98.05334330054244,13623
"(0.8888888888888888, 1.0)",1,98.0531708058024,13624
"(0.7971704623878537, 0.996078431372549)",1,98.05302825106914,13625
"(0.8138881768037778, 0.996078431372549)",1,98.05263900973418,13626
"(0.9222222222222224, 0.9886710239651416)",1,98.05255253141388,13627
"(0.8573889941077442, 0.9868055555555556)",1,98.05220069972566,13628
"(0.9049919484702094, 0.9841269841269842)",4,98.05212259560108,13632
"(0.8309016086793863, 0.9868055555555556)",1,98.05205255703773,13633
"(0.8309016086793863, 1.0)",1,98.05194004583534,13634
"(0.9919117647058824, 0.9879901960784314)",1,98.0518588886358,13635
"(0.9841269841269842, 1.0)",1,98.05184323473806,13636
"(0.8332521117608837, 1.0)",1,98.0518120144553,13637
"(0.8832772166105499, 1.0)",1,98.05175274269476,13638
"(0.9171090534979424, 1.0)",4,98.05170234933794,13642
"(0.9230769230769232, 0.9841269841269842)",1,98.05150405150428,13643
"(0.914652757654786, 0.992156862745098)",1,98.05149960087996,13644
"(0.9230769230769232, 1.0)",1,98.05103833364704,13645
"(0.9543049270990448, 0.9851851851851852)",1,98.05081276308827,13646
"(0.8744239631336406, 0.9868055555555556)",1,98.05078843199789,13647
"(0.8977777777777779, 1.0)",1,98.05069825724397,13648
"(0.7975164658278694, 1.0)",1,98.05068570914864,13649
"(0.9399223139548216, 0.9925925925925926)",1,98.05047734758512,13650
"(0.9491329966329968, 0.9916666666666668)",1,98.0502755612418,13651
"(0.8675136116152449, 1.0)",2,98.04991666004132,13653
"(0.912041847041847, 0.9925925925925926)",2,98.0497534163089,13655
"(0.740829346092504, 1.0)",1,98.04943128847592,13656
"(0.9492266992266992, 0.9868055555555556)",1,98.0494244010998,13657
"(0.8813339438339438, 0.9868055555555556)",1,98.04933201058178,13658
"(0.8448736477904788, 1.0)",1,98.04900291778338,13659
"(0.9426596279537456, 0.9820662768031188)",1,98.04881408404547,13660
"(0.9628070175438596, 0.9855521155830752)",2,98.04861082773388,13662
"(0.8813339438339438, 0.9868055555555556)",1,98.04854988440036,13663
"(0.9350548459681588, 0.9894736842105264)",1,98.0485083441581,13664
"(0.9320240125035522, 0.9886710239651416)",1,98.04843114368973,13665
"(0.9172932330827066, 1.0)",1,98.048429928158,13666
"(0.9465811965811968, 1.0)",1,98.04820673123795,13667
"(0.8977777777777779, 1.0)",1,98.04803814542944,13668
"(0.8666666666666667, 1.0)",1,98.04787148355328,13669
"(0.9244767367135788, 0.9820662768031188)",1,98.04775402853782,13670
"(0.9364583333333332, 1.0)",2,98.04766923757435,13672
"(0.9135802469135802, 1.0)",1,98.04766468748385,13673
"(0.8448736477904788, 0.9885627144491042)",1,98.0476338075025,13674
"(0.896551724137931, 1.0)",1,98.04762905165012,13675
"(0.8864468864468864, 1.0)",1,98.04744698404124,13676
"(0.9280112044817928, 0.992156862745098)",1,98.04712811546617,13677
"(0.9023569023569024, 1.0)",2,98.04670894084008,13679
"(0.8627450980392157, 1.0)",1,98.04618258016264,13680
"(0.9230769230769232, 1.0)",2,98.04599622146432,13682
"(0.8888888888888888, 1.0)",1,98.04597733116046,13683
"(0.9019607843137254, 0.9868055555555556)",1,98.04576314722534,13684
"(1.0, 1.0)",2,98.04559412675354,13686
"(0.922287769513936, 0.9820662768031188)",1,98.04548084506531,13687
"(0.932852564102564, 1.0)",2,98.04547454904254,13689
"(0.8498168498168498, 0.9841269841269842)",1,98.04491869686392,13690
"(0.8468468468468467, 1.0)",1,98.04474124840256,13691
"(0.9841269841269842, 0.9841269841269842)",1,98.04447191988444,13692
"(0.9172932330827066, 1.0)",1,98.0443648875076,13693
"(0.883580779054917, 0.986574074074074)",1,98.04429445188627,13694
"(0.944241574272534, 0.9820662768031188)",1,98.04414137080298,13695
"(0.8257685414943479, 1.0)",1,98.0439623818614,13696
"(0.9464473684210528, 0.9820662768031188)",1,98.04392415419623,13697
"(0.8627450980392157, 1.0)",1,98.0437380837122,13698
"(0.9230769230769232, 1.0)",1,98.043509884471,13699
"(0.9197362278244632, 0.992156862745098)",2,98.04346353992408,13701
"(0.9696969696969696, 1.0)",1,98.04292289234824,13702
"(0.9565217391304348, 1.0)",1,98.0428914081088,13703
"(0.8622222222222222, 1.0)",1,98.04259232810384,13704
"(0.9202401372212692, 1.0)",1,98.04258287775644,13705
"(0.9333333333333332, 0.9841269841269842)",1,98.04243679026312,13706
"(0.8590556730091613, 0.9885627144491042)",1,98.04236414237114,13707
"(1.0, 1.0)",1,98.04228235532588,13708
"(0.9342814048696402, 0.9838235294117648)",1,98.0421090788582,13709
"(0.944241574272534, 0.9820662768031188)",1,98.04206523696467,13710
"(0.9035155195681512, 0.9894736842105264)",1,98.04184694094226,13711
"(0.879008834302952, 0.9877450980392156)",1,98.04170470722944,13712
"(0.7162037037037038, 1.0)",1,98.04169148753844,13713
"(0.9520261437908496, 0.996078431372549)",2,98.0414897009158,13715
"(0.9047619047619048, 1.0)",1,98.04128317367876,13716
"(0.8415692007797271, 0.986574074074074)",1,98.04124491700917,13717
"(0.9255470304063654, 0.9841269841269842)",2,98.04040133767552,13719
"(0.8368686868686868, 1.0)",1,98.04038942693974,13720
"(0.8520449077786689, 0.9885627144491042)",1,98.04027427035476,13721
"(0.95536349042541, 0.9840686274509804)",2,98.04008243957615,13723
"(0.9565217391304348, 1.0)",1,98.03954925770334,13724
"(0.8616898148148148, 1.0)",2,98.03941754231649,13726
"(0.896551724137931, 1.0)",1,98.039083682128,13727
"(0.8319664902998236, 1.0)",1,98.03903078718284,13728
"(0.9565217391304348, 1.0)",2,98.0387975539572,13730
"(0.7081939799331105, 1.0)",1,98.03848291184964,13731
"(0.936026936026936, 1.0)",1,98.03821798169623,13732
"(0.9135802469135802, 1.0)",1,98.03804382080254,13733
"(0.9333333333333332, 1.0)",1,98.03800628876348,13734
"(0.8643394352206611, 0.9868055555555556)",1,98.03794952883052,13735
"(0.9351326548694968, 0.992156862745098)",1,98.03789755857323,13736
"(0.9444444444444444, 1.0)",1,98.03760008598718,13737
"(0.8915343915343915, 0.9868055555555556)",1,98.03702958998196,13738
"(0.9466013071895424, 0.992156862745098)",1,98.03688822938533,13739
"(0.8817204301075269, 1.0)",2,98.03657770565444,13741
"(0.9754435107376284, 0.992156862745098)",2,98.03596926754628,13743
"(0.9696969696969696, 1.0)",1,98.0356054827451,13744
"(0.8958946706887884, 0.992156862745098)",1,98.03497777545456,13745
"(0.8466625966625967, 0.9868055555555556)",1,98.03485479275784,13746
"(0.9696969696969696, 1.0)",1,98.03482922984084,13747
"(0.9407729468599032, 0.9868055555555556)",1,98.03458577378235,13748
"(0.9743589743589745, 0.9866666666666666)",1,98.03454341222432,13749
"(0.9743589743589745, 0.9868055555555556)",1,98.034507914768,13750
"(0.9090909090909092, 0.9868055555555556)",1,98.03414059753156,13751
"(0.9520261437908496, 0.9847494553376906)",1,98.03388032761,13752
"(0.9358798064680418, 0.992156862745098)",1,98.03363901171532,13753
"(0.9047619047619048, 1.0)",1,98.03356053326952,13754
"(0.9327249496289745, 0.9827450980392156)",1,98.03343680784148,13755
"(0.9191112362010194, 0.9820662768031188)",1,98.03329444835644,13756
"(0.9449122174122172, 0.996078431372549)",1,98.03325194450196,13757
"(0.7081939799331105, 0.986574074074074)",1,98.03322754951724,13758
"(0.8832772166105499, 1.0)",2,98.0331088664422,13760
"(0.9172932330827066, 1.0)",1,98.03241085624762,13761
"(0.8469839324618735, 1.0)",4,98.03206740449696,13765
"(0.7460317460317459, 1.0)",2,98.03200017656168,13767
"(0.9565217391304348, 1.0)",2,98.03173717122992,13769
"(0.9497685185185184, 0.9868055555555556)",1,98.03165585664044,13770
"(0.8817204301075269, 1.0)",1,98.03145701964816,13771
"(0.9430755736638088, 0.9855521155830752)",1,98.03129719930426,13772
"(0.9462626262626264, 0.9894736842105264)",1,98.03109647122754,13773
"(0.9325581395348838, 0.9885627144491042)",1,98.0310912975752,13774
"(0.9333333333333332, 1.0)",1,98.03057134125024,13775
"(0.9168115942028986, 0.996078431372549)",1,98.03022933509068,13776
"(0.8888888888888888, 1.0)",1,98.02955796353643,13777
"(0.9365260121142476, 0.9894736842105264)",2,98.0293506655122,13779
"(0.8518518518518519, 1.0)",1,98.02928140674668,13780
"(0.9056772399713576, 0.9816305469556244)",1,98.02876458382303,13781
"(0.8847736625514402, 0.9868055555555556)",1,98.02810416055564,13782
"(0.9841269841269842, 1.0)",2,98.02808302808305,13784
"(0.8864154833357732, 0.9868055555555556)",1,98.02798630295452,13785
"(0.8832772166105499, 1.0)",1,98.0279157235679,13786
"(0.936026936026936, 1.0)",1,98.0279120437518,13787
"(0.9135802469135802, 1.0)",1,98.02774330607664,13788
"(0.8318452380952381, 0.9868055555555556)",1,98.02753142947564,13789
"(0.9565217391304348, 1.0)",1,98.02733015776494,13790
"(0.9206668561144264, 0.996078431372549)",1,98.02728022228293,13791
"(0.8675136116152449, 1.0)",1,98.02725359894146,13792
"(0.9, 1.0)",1,98.02720607005509,13793
"(0.9023569023569024, 1.0)",1,98.02694507925376,13794
"(0.8762954142520705, 0.9886710239651416)",2,98.02687311742262,13796
"(0.9135802469135802, 1.0)",1,98.02647697552553,13797
"(0.8452297093744462, 1.0)",1,98.02644595002867,13798
"(0.8078308130291714, 1.0)",1,98.02626327426712,13799
"(0.8227906976744187, 0.9885627144491042)",1,98.0262313479818,13800
"(0.9460309994443122, 0.9851851851851852)",1,98.026180237339,13801
"(0.8659543228193113, 0.9855521155830752)",1,98.02617672117402,13802
"(0.9333333333333332, 1.0)",1,98.025992847732,13803
"(0.7167919799498746, 1.0)",2,98.02572948242188,13805
"(0.8888888888888888, 1.0)",1,98.02553353079672,13806
"(0.9840686274509804, 0.9610774410774412)",1,98.02533949781063,13807
"(0.9754435107376284, 0.992156862745098)",1,98.02530518673352,13808
"(0.9280112044817928, 0.996078431372549)",1,98.02522116027524,13809
"(0.9293342911877394, 0.9868055555555556)",1,98.02517429311447,13810
"(0.896551724137931, 1.0)",1,98.02516825608436,13811
"(0.976851851851852, 0.992156862745098)",1,98.02504271592646,13812
"(0.9674603174603176, 1.0)",1,98.02483886568557,13813
"(0.9465811965811968, 1.0)",1,98.02458916677286,13814
"(0.9209085933223864, 0.9886710239651416)",1,98.02458768174871,13815
"(0.9520261437908496, 0.9851851851851852)",1,98.0245792020258,13816
"(0.9521171802054156, 0.9738562091503268)",1,98.02384506074128,13817
"(0.936026936026936, 1.0)",1,98.02369683802596,13818
"(0.9386724386724388, 1.0)",1,98.02356902356902,13819
"(0.9230769230769232, 1.0)",1,98.02342632423913,13820
"(0.8129898303922073, 1.0)",1,98.02326800358688,13821
"(0.9243650793650792, 1.0)",2,98.02326553861454,13823
"(0.8858975827700768, 1.0)",1,98.02321226252482,13824
"(0.9565217391304348, 1.0)",1,98.02317961898171,13825
"(0.9191112362010194, 0.9820662768031188)",1,98.02302678945875,13826
"(0.9280112044817928, 0.996078431372549)",2,98.02291202932906,13828
"(0.8817204301075269, 1.0)",1,98.02281581476976,13829
"(0.9841269841269842, 1.0)",2,98.0227369201544,13831
"(0.9318498265866688, 0.9855521155830752)",1,98.02267817297044,13832
"(0.5, 1.0)",2,98.02237189195408,13834
"(0.7782392026578072, 0.9885627144491042)",1,98.02234557154928,13835
"(0.8604651162790697, 0.9885627144491042)",1,98.02206464581096,13836
"(0.8943833943833944, 0.9841269841269842)",1,98.02177004282292,13837
"(0.8627450980392157, 1.0)",1,98.02104380416398,13838
"(0.922050500014663, 0.9885627144491042)",1,98.02076390165269,13839
"(0.9444444444444444, 1.0)",1,98.02072989479284,13840
"(0.7777777777777776, 0.9841269841269842)",1,98.02010308532064,13841
"(0.808641975308642, 1.0)",2,98.01975524115916,13843
"(0.9592592592592591, 1.0)",1,98.01965935990134,13844
"(0.8551296720061023, 1.0)",1,98.0192349759038,13845
"(0.9135802469135802, 1.0)",2,98.01923194105632,13847
"(0.9293342911877394, 0.9868055555555556)",1,98.01892629288844,13848
"(0.9018073680369506, 0.996078431372549)",1,98.0187957222705,13849
"(0.9731377053745476, 0.996078431372549)",1,98.01837761648817,13850
"(0.9492266992266992, 0.9868055555555556)",1,98.0180919242429,13851
"(0.9135802469135802, 0.9841269841269842)",1,98.01807312245931,13852
"(0.9230769230769232, 1.0)",1,98.01771045634146,13853
"(0.8498168498168498, 1.0)",1,98.01768798328786,13854
"(0.9444444444444444, 1.0)",1,98.0175226588633,13855
"(1.0, 1.0)",1,98.0174783421604,13856
"(0.9803050108932462, 0.992156862745098)",1,98.01746714251162,13857
"(0.9192251461988304, 0.996078431372549)",2,98.01729087703082,13859
"(0.9696969696969696, 0.9841269841269842)",1,98.01723236505867,13860
"(0.8977777777777779, 1.0)",2,98.0171670841236,13862
"(0.980582788671024, 0.9696498599439776)",1,98.01716077925056,13863
"(0.8332521117608837, 0.986574074074074)",1,98.01613558995206,13864
"(0.9214340198321892, 1.0)",1,98.01603019142055,13865
"(0.944241574272534, 0.9855521155830752)",1,98.01569912721146,13866
"(0.7782392026578072, 0.9885627144491042)",1,98.01485558902888,13867
"(0.8960328317373462, 0.9885627144491042)",1,98.01485240485631,13868
"(0.8129898303922073, 1.0)",1,98.0148021889881,13869
"(0.8762954142520705, 0.9851851851851852)",1,98.01469086691972,13870
"(0.9213117283950616, 1.0)",1,98.0135665671776,13871
"(0.8762954142520705, 0.9855521155830752)",1,98.01353264648056,13872
"(0.8402777777777779, 1.0)",1,98.01353045103048,13873
"(0.9411376480416728, 0.992156862745098)",1,98.0134773931932,13874
"(0.8551296720061023, 1.0)",1,98.01343581991428,13875
"(0.7782392026578072, 1.0)",1,98.01316032527238,13876
"(0.8714344685242518, 0.992156862745098)",1,98.01311250484092,13877
"(0.942528735632184, 1.0)",1,98.0127770646813,13878
"(0.9019607843137254, 0.9868055555555556)",2,98.01269237589578,13880
"(0.9430755736638088, 0.9820662768031188)",1,98.01265959221465,13881
"(0.6856760145918833, 1.0)",1,98.01245466399467,13882
"(0.9253783187916316, 0.996078431372549)",2,98.01220078913934,13884
"(0.947400527462447, 0.9803050108932462)",1,98.0119846560917,13885
"(0.8318452380952381, 0.9868055555555556)",1,98.01197547822524,13886
"(0.9460611405055848, 0.9868055555555556)",1,98.011794015748,13887
"(0.8466625966625967, 0.9868055555555556)",1,98.01172306975276,13888
"(0.9191387446502536, 0.9894736842105264)",1,98.01123392948914,13889
"(0.8649128540305012, 0.992156862745098)",1,98.01102134837348,13890
"(0.9320397146712937, 0.980582788671024)",1,98.01101205246692,13891
"(0.8468468468468467, 1.0)",1,98.01063190109844,13892
"(0.8415692007797271, 1.0)",1,98.0106125253839,13893
"(0.9696969696969696, 1.0)",1,98.01056364789132,13894
"(0.7782392026578072, 0.9885627144491042)",1,98.01056025289977,13895
"(0.9261349042540992, 0.992156862745098)",1,98.01042681313244,13896
"(0.9594646747587924, 0.9807902108211708)",1,98.01024205195104,13897
"(0.879008834302952, 0.996078431372549)",1,98.00986519861527,13898
"(0.9236094950800832, 0.9916666666666668)",2,98.00986171489176,13900
"(0.922050500014663, 1.0)",1,98.00963671008934,13901
"(0.9064872325741892, 0.9868055555555556)",1,98.00963146737142,13902
"(0.9444444444444444, 1.0)",1,98.00957083478282,13903
"(0.9351326548694968, 0.996078431372549)",1,98.0092653225786,13904
"(0.8502976190476191, 1.0)",1,98.00884945910326,13905
"(0.9894736842105264, 0.996078431372549)",1,98.0087481857073,13906
"(0.980582788671024, 0.9812636165577342)",1,98.00862363165676,13907
"(0.9135802469135802, 1.0)",1,98.00837876442192,13908
"(0.8265590958605664, 0.9868055555555556)",1,98.00802144478595,13909
"(0.8883205456095482, 1.0)",1,98.00790167175504,13910
"(0.9506818181818182, 0.9868055555555556)",1,98.00790159998472,13911
"(0.8832772166105499, 1.0)",2,98.00785634118968,13913
"(0.896551724137931, 1.0)",1,98.00708057304104,13914
"(0.7319111444111444, 0.9868055555555556)",1,98.00700054575032,13915
"(0.9261349042540992, 0.992156862745098)",1,98.00699810662675,13916
"(1.0, 1.0)",1,98.00671550671552,13917
"(0.919047619047619, 1.0)",1,98.00595095612638,13918
"(0.8415692007797271, 1.0)",2,98.00553406488784,13920
"(0.6342508506903054, 1.0)",1,98.00507162917891,13921
"(0.984313725490196, 0.996078431372549)",1,98.0049283869738,13922
"(0.8616898148148148, 1.0)",1,98.0048973200162,13923
"(0.944241574272534, 0.9877450980392156)",1,98.00474300342948,13924
"(0.9037076648841356, 0.9877450980392156)",1,98.00465531254356,13925
"(0.938374125874126, 0.9868055555555556)",1,98.0043038580626,13926
"(0.9056772399713576, 0.9894736842105264)",1,98.00422572283864,13927
"(0.9841269841269842, 1.0)",2,98.00392392843064,13929
"(0.9253783187916316, 0.9820662768031188)",1,98.00379583738383,13930
"(0.8465418823841762, 1.0)",4,98.00305741215384,13934
"(0.8970659722222223, 1.0)",1,98.00277195698924,13935
"(0.9293342911877394, 0.9868055555555556)",1,98.00276817329608,13936
"(0.9168115942028986, 0.9916666666666668)",1,98.00220264997124,13937
"(0.75, 1.0)",1,98.00213391680784,13938
"(0.9064872325741892, 0.9868055555555556)",1,98.00132151424266,13939
"(0.9492266992266992, 0.9866666666666666)",2,98.00130768816092,13941
"(0.9426596279537456, 0.9820662768031188)",1,98.00104187873087,13942
"(1.0, 1.0)",1,98.00055959147276,13943
"(1.0, 1.0)",1,98.00024303182194,13944
"(0.9269637391618816, 0.9894736842105264)",1,98.0001671516954,13945
"(0.947400527462447, 0.9855521155830752)",1,97.99998290837028,13946
"(0.8318452380952381, 0.9868055555555556)",1,97.9999804126366,13947
"(0.9707143676183924, 0.9855521155830752)",1,97.99978140740524,13948
"(0.9609224859534458, 0.996078431372549)",1,97.99971897673026,13949
"(0.9763834422657952, 0.996078431372549)",1,97.99965148247374,13950
"(0.9827450980392156, 0.9785784313725492)",1,97.99948345265116,13951
"(0.9192251461988304, 0.992156862745098)",1,97.99946865458074,13952
"(0.8995989076634238, 0.9868055555555556)",1,97.9993836511764,13953
"(0.926045751633987, 0.992156862745098)",1,97.99935228542802,13954
"(0.907228074804801, 0.9886710239651416)",1,97.9991406193802,13955
"(0.944241574272534, 0.9820662768031188)",1,97.99902528907332,13956
"(0.9049532029717788, 0.9925925925925926)",1,97.99888478128844,13957
"(0.914421596921597, 0.996078431372549)",1,97.99844235465709,13958
"(0.8817204301075269, 1.0)",1,97.99823475359096,13959
"(0.9386724386724388, 1.0)",1,97.9982005817326,13960
"(0.9269637391618816, 0.9894736842105264)",1,97.99792201579454,13961
"(0.875, 1.0)",1,97.99771235841033,13962
"(0.8425595238095238, 1.0)",1,97.99754899504448,13963
"(0.9172932330827066, 1.0)",2,97.99726205794092,13965
"(0.8573889941077442, 0.9868055555555556)",1,97.99707898474612,13966
"(0.9224211423699916, 1.0)",1,97.99682179187438,13967
"(0.874025901365936, 0.9885627144491042)",2,97.99609229527526,13969
"(0.8958946706887884, 0.996078431372549)",1,97.99603204267106,13970
"(0.8832772166105499, 1.0)",1,97.99598056264723,13971
"(0.9399223139548216, 0.9837908496732026)",1,97.9956198575158,13972
"(0.9696969696969696, 0.9841269841269842)",1,97.99538866930192,13973
"(0.9841269841269842, 0.9841269841269842)",1,97.99513822146672,13974
"(0.7869981325863679, 1.0)",1,97.9950532066162,13975
"(0.9209085933223864, 0.9820662768031188)",1,97.9947754483736,13976
"(0.9135802469135802, 1.0)",1,97.99467692801026,13977
"(0.926045751633987, 0.9886710239651416)",1,97.9941840844232,13978
"(0.8518518518518519, 0.9841269841269842)",2,97.99394296215011,13980
"(0.9243650793650792, 1.0)",1,97.9938317375906,13981
"(0.8888888888888888, 1.0)",1,97.99382085876148,13982
"(0.9507101086048454, 0.9841269841269842)",1,97.99374919512232,13983
"(0.9561047383415804, 0.9855521155830752)",1,97.9936214413672,13984
"(0.7319111444111444, 0.9868055555555556)",4,97.99360125107948,13988
"(0.847123015873016, 0.9868055555555556)",1,97.99332334399344,13989
"(0.9191112362010194, 0.9851851851851852)",2,97.99317103089554,13991
"(0.8527777777777779, 0.9841269841269842)",1,97.99309233228004,13992
"(0.9841269841269842, 1.0)",1,97.99301866109244,13993
"(0.9253783187916316, 0.9886710239651416)",1,97.99276454273196,13994
"(0.8859337035751476, 1.0)",1,97.9927498012668,13995
"(0.9411376480416728, 0.9840686274509804)",1,97.99265835929918,13996
"(0.8309016086793863, 0.9868055555555556)",1,97.99255783806882,13997
"(0.9602089783281734, 0.996078431372549)",1,97.99211177818636,13998
"(0.9318498265866688, 0.996078431372549)",1,97.99204440048791,13999
"(0.7544006919006919, 1.0)",1,97.99155260160732,14000
"(0.9230769230769232, 1.0)",1,97.9910667932144,14001
"(0.8905936111818465, 0.9820662768031188)",1,97.99065321555948,14002
"(0.9284391534391534, 0.9886710239651416)",1,97.9901497015969,14003
"(0.9696969696969696, 0.9841269841269842)",1,97.99012895317269,14004
"(0.7319111444111444, 0.9868055555555556)",2,97.99002175021728,14006
"(0.8943833943833944, 0.9841269841269842)",1,97.98998223998248,14007
"(0.9209085933223864, 0.9851851851851852)",1,97.9898804322232,14008
"(0.948045267489712, 0.9868055555555556)",1,97.98972776690454,14009
"(0.9678376906318084, 0.984504357298475)",1,97.9897146025296,14010
"(0.8635440917107585, 0.992156862745098)",1,97.98969643745008,14011
"(0.9667774086378738, 0.9774943735933984)",1,97.98950616720292,14012
"(0.9492266992266992, 0.9868055555555556)",1,97.98927058962666,14013
"(0.9628070175438596, 0.9820662768031188)",1,97.98924960250852,14014
"(0.8488297541238717, 0.9855521155830752)",1,97.98884643211012,14015
"(0.8425595238095238, 1.0)",1,97.98881580143345,14016
"(0.992156862745098, 0.9818181818181818)",1,97.98869762046236,14017
"(0.9841269841269842, 1.0)",1,97.9886844445668,14018
"(0.8888888888888888, 1.0)",2,97.98867416108796,14020
"(0.9407729468599032, 0.9868055555555556)",1,97.98866482377892,14021
"(0.9674603174603176, 1.0)",1,97.98849123247297,14022
"(0.8498168498168498, 1.0)",1,97.98815844254904,14023
"(0.9194577352472088, 0.9841269841269842)",1,97.98807683544533,14024
"(0.9213117283950616, 1.0)",1,97.98802946684287,14025
"(0.8488297541238717, 0.9886710239651416)",1,97.98792091570466,14026
"(0.9565217391304348, 0.9841269841269842)",2,97.987793584007,14028
"(0.8770009060706736, 0.9885627144491042)",1,97.98770377744934,14029
"(0.9135802469135802, 1.0)",1,97.98767699515224,14030
"(0.8446379408861877, 0.9868055555555556)",1,97.98764448574596,14031
"(0.6856760145918833, 0.9885627144491042)",1,97.98746736791428,14032
"(0.948045267489712, 0.9868055555555556)",1,97.9867410360046,14033
"(1.0, 1.0)",1,97.98642490091764,14034
"(0.9841269841269842, 1.0)",1,97.98627395568552,14035
"(0.9135802469135802, 1.0)",1,97.98597510916362,14036
"(0.7496650452295612, 1.0)",1,97.98576226741628,14037
"(0.9740143369175628, 1.0)",1,97.98572370384407,14038
"(0.9255470304063654, 0.9855521155830752)",1,97.9857171451926,14039
"(0.8734582431032859, 0.9775193798449612)",1,97.98569348121936,14040
"(0.8888888888888888, 1.0)",1,97.98559442083476,14041
"(0.9191112362010194, 0.9851851851851852)",1,97.9855251472054,14042
"(0.962271692302652, 0.9807902108211708)",1,97.98527668290534,14043
"(0.8415692007797271, 1.0)",1,97.9852034960887,14044
"(0.9364583333333332, 1.0)",2,97.98519410626092,14046
"(0.8817204301075269, 1.0)",1,97.98496937334778,14047
"(0.9620227038183696, 0.996078431372549)",1,97.98495716761576,14048
"(0.8518518518518519, 1.0)",1,97.98491858731796,14049
"(0.9142520753512132, 0.9868055555555556)",1,97.9847559079382,14050
"(0.9191112362010194, 0.992156862745098)",1,97.9847485329882,14051
"(0.9364583333333332, 1.0)",1,97.98472709770766,14052
"(0.9401030668677728, 0.9851851851851852)",1,97.98467571847416,14053
"(0.914652757654786, 0.996078431372549)",1,97.98393880051223,14054
"(0.9743589743589745, 0.9868055555555556)",1,97.9839186403106,14055
"(0.909209656084656, 1.0)",1,97.9838833118158,14056
"(0.8643394352206611, 0.9868055555555556)",1,97.98373192920482,14057
"(0.9520261437908496, 0.9820662768031188)",1,97.98363370092258,14058
"(0.9697786951037723, 0.9919117647058824)",1,97.9836056912308,14059
"(0.9333333333333332, 0.9841269841269842)",1,97.98354428011184,14060
"(0.915619658119658, 0.9868055555555556)",1,97.98346270831544,14061
"(0.8502976190476191, 1.0)",2,97.98337754615808,14063
"(0.9293342911877394, 0.9868055555555556)",2,97.98330645286394,14065
"(0.9289529914529916, 1.0)",2,97.98297780826408,14067
"(0.9333333333333332, 0.9841269841269842)",1,97.98265499285009,14068
"(0.9230769230769232, 1.0)",1,97.98246882975992,14069
"(0.9688888888888888, 0.984504357298475)",2,97.98229676011402,14071
"(0.8376068376068376, 1.0)",1,97.9822054826783,14072
"(0.944241574272534, 0.9855521155830752)",1,97.98210521110065,14073
"(0.8970659722222223, 1.0)",1,97.9820152943577,14074
"(0.8905936111818465, 0.9925925925925926)",1,97.981654496563,14075
"(0.9370015948963316, 0.9841269841269842)",4,97.98165157694248,14079
"(0.9561743977843048, 0.9820662768031188)",1,97.98126917021987,14080
"(0.8888888888888888, 1.0)",1,97.9805793246124,14081
"(0.8734582431032859, 0.9774943735933984)",1,97.98052051141612,14082
"(0.915619658119658, 0.9868055555555556)",1,97.97966735518386,14083
"(0.9333333333333332, 0.9841269841269842)",2,97.97923681257038,14085
"(0.8550741594067247, 0.9891472868217054)",1,97.97885286074194,14086
"(0.9359620771385476, 0.9886710239651416)",1,97.97814408682676,14087
"(0.8551296720061023, 1.0)",2,97.97811257331075,14089
"(0.9172932330827066, 0.9841269841269842)",2,97.97810593523612,14091
"(0.8319664902998236, 1.0)",4,97.97804777089488,14095
"(0.915619658119658, 0.9866666666666666)",1,97.97804362313391,14096
"(0.8888888888888888, 1.0)",1,97.97775583740496,14097
"(0.9841269841269842, 1.0)",1,97.97759638520508,14098
"(0.8817204301075269, 1.0)",2,97.97717647232,14100
"(0.948045267489712, 0.9868055555555556)",1,97.9770019531244,14101
"(0.9284391534391534, 0.9855521155830752)",1,97.97667228135816,14102
"(0.8332521117608837, 1.0)",1,97.97659417956204,14103
"(0.9803921568627452, 0.992156862745098)",1,97.97658749195338,14104
"(0.9230769230769232, 0.9841269841269842)",1,97.97643738046558,14105
"(0.9696969696969696, 0.9841269841269842)",1,97.97642043946416,14106
"(0.9168478260869564, 1.0)",1,97.97633854421804,14107
"(0.7081939799331105, 1.0)",1,97.9763295976624,14108
"(0.8338039926115373, 0.9868055555555556)",1,97.9762577525545,14109
"(0.992156862745098, 0.996078431372549)",1,97.97607794740604,14110
"(0.8575440961689698, 0.9885627144491042)",1,97.97605148258948,14111
"(0.8466625966625967, 0.9868055555555556)",1,97.975863392009,14112
"(0.8332521117608837, 0.986574074074074)",1,97.97585781217428,14113
"(0.8586378737541528, 0.9885627144491042)",1,97.97565663649888,14114
"(0.965272331154684, 0.9882352941176472)",1,97.97537226889456,14115
"(0.922287769513936, 0.9851851851851852)",1,97.9753315239719,14116
"(0.9370015948963316, 0.9841269841269842)",1,97.97489396257616,14117
"(0.9696969696969696, 0.9841269841269842)",1,97.97484930528432,14118
"(0.9320397146712937, 0.992156862745098)",1,97.97437114833734,14119
"(0.9641868969810148, 0.9916666666666668)",1,97.97392074134054,14120
"(0.7167919799498746, 1.0)",2,97.97357062287492,14122
"(0.9313405797101448, 0.9868055555555556)",1,97.97347766027788,14123
"(0.7460317460317459, 1.0)",1,97.97312792571428,14124
"(0.8817204301075269, 1.0)",1,97.97246441851397,14125
"(0.9813854489164088, 0.9633862433862432)",1,97.97233433372897,14126
"(0.9359620771385476, 0.9886710239651416)",1,97.97221503806918,14127
"(0.909209656084656, 1.0)",1,97.97169555575312,14128
"(0.978144708175668, 0.992156862745098)",2,97.9715969492327,14130
"(0.9444444444444444, 0.9841269841269842)",1,97.97138267275584,14131
"(0.8448736477904788, 1.0)",1,97.9712939526609,14132
"(0.9609224859534458, 0.9925925925925926)",1,97.97124554151132,14133
"(0.9049532029717788, 0.9894736842105264)",1,97.97091463685372,14134
"(1.0, 1.0)",2,97.97082812174276,14136
"(0.9269637391618816, 0.9894736842105264)",1,97.9705623155586,14137
"(0.8312992626493769, 1.0)",1,97.97039712083482,14138
"(0.9748677248677248, 0.9868055555555556)",1,97.97039317935123,14139
"(1.0, 1.0)",1,97.9702115580834,14140
"(0.9542023172905526, 0.9919117647058824)",1,97.97018408864182,14141
"(0.8112491373360938, 1.0)",4,97.97001412995488,14145
"(0.875, 1.0)",1,97.96961417880696,14146
"(0.8750600325600326, 1.0)",1,97.96960969247051,14147
"(0.7988631272401433, 0.9866666666666666)",1,97.9691244339486,14148
"(0.9235349105085948, 0.9800599128540306)",1,97.96904282645754,14149
"(0.8832772166105499, 1.0)",1,97.96903866469084,14150
"(0.8584010840108401, 0.9868055555555556)",1,97.9688957914978,14151
"(1.0, 1.0)",1,97.96881355972673,14152
"(0.8055555555555555, 1.0)",1,97.96876758537104,14153
"(0.9243650793650792, 1.0)",1,97.9685326968242,14154
"(0.9346192998272106, 0.9886710239651416)",1,97.96850120522674,14155
"(0.9142520753512132, 1.0)",1,97.96834876569784,14156
"(0.9358798064680418, 0.996078431372549)",1,97.9681397971102,14157
"(0.5, 1.0)",1,97.96810219968133,14158
"(0.6856760145918833, 1.0)",1,97.96806543099588,14159
"(0.9327249496289745, 0.9894736842105264)",1,97.96755771379874,14160
"(1.0, 0.9841269841269842)",1,97.96709904332432,14161
"(0.8264567669172932, 1.0)",2,97.9669154137065,14163
"(0.8475199219385267, 1.0)",1,97.96689588936056,14164
"(0.9594646747587924, 0.9855521155830752)",2,97.96684672815348,14166
"(0.8705805822084891, 0.9885627144491042)",1,97.9654634192792,14167
"(0.5951421188630491, 0.9885627144491042)",1,97.96543454649972,14168
"(0.8888888888888888, 1.0)",1,97.96503496503496,14169
"(0.9209085933223864, 0.9851851851851852)",2,97.96488786699688,14171
"(0.8893558268973552, 1.0)",1,97.96379437317044,14172
"(0.922050500014663, 1.0)",1,97.9637859442728,14173
"(0.7988631272401433, 0.9868055555555556)",1,97.96324309345177,14174
"(0.8498168498168498, 1.0)",1,97.96311494160965,14175
"(0.9079278891043596, 0.9855521155830752)",1,97.96236468490316,14176
"(0.9444444444444444, 1.0)",1,97.9623402016804,14177
"(0.8831018518518517, 1.0)",1,97.96223625535472,14178
"(0.8446379408861877, 0.9868055555555556)",2,97.96218659068852,14180
"(0.9696969696969696, 1.0)",1,97.96175776254552,14181
"(0.8921607065475332, 0.9885627144491042)",1,97.9614332009602,14182
"(0.9466207660652104, 1.0)",1,97.96139528189448,14183
"(0.7782392026578072, 0.9885627144491042)",1,97.96138258632648,14184
"(0.8859337035751476, 0.9885627144491042)",1,97.96116426867512,14185
"(0.9847494553376906, 0.9866666666666668)",1,97.9609480757412,14186
"(0.914421596921597, 0.992156862745098)",1,97.9609375962248,14187
"(0.9023569023569024, 1.0)",1,97.96082299392975,14188
"(0.8978758169934642, 0.9868055555555556)",1,97.96055831121622,14189
"(0.8915343915343915, 0.9868055555555556)",2,97.96039162334392,14191
"(0.9886710239651416, 0.9533333333333334)",1,97.96037056862608,14192
"(0.9284391534391534, 0.9820662768031188)",1,97.9603599313198,14193
"(0.9449965600275196, 0.992156862745098)",1,97.96019828816384,14194
"(0.8129898303922073, 1.0)",1,97.96010068369525,14195
"(0.9272424525365702, 0.9816305469556244)",1,97.9598385227044,14196
"(0.984504357298475, 0.9746359362458432)",2,97.95979613599688,14198
"(0.9209085933223864, 0.9886710239651416)",1,97.95960559866457,14199
"(0.9253783187916316, 0.9851851851851852)",1,97.9595843221016,14200
"(0.8750600325600326, 1.0)",1,97.95944611718669,14201
"(0.8859337035751476, 1.0)",1,97.9594400622572,14202
"(0.9365260121142476, 0.9894736842105264)",1,97.95922973167532,14203
"(0.922287769513936, 0.9820662768031188)",1,97.95917640021764,14204
"(0.8129629629629629, 1.0)",2,97.95915024974104,14206
"(0.8817204301075269, 1.0)",1,97.9589213375144,14207
"(0.896551724137931, 1.0)",2,97.95883503064832,14209
"(0.6859811200088978, 0.9868055555555556)",1,97.95866952728042,14210
"(0.922287769513936, 0.9851851851851852)",1,97.95854634375704,14211
"(0.75, 1.0)",1,97.95804398304398,14212
"(0.9808278867102396, 0.9925925925925926)",1,97.95776799836264,14213
"(0.896551724137931, 1.0)",1,97.95767422736576,14214
"(0.9426596279537456, 0.9879901960784314)",1,97.9576359074884,14215
"(0.91484126984127, 0.9894736842105264)",1,97.95763385924715,14216
"(0.9194577352472088, 1.0)",1,97.95745260897816,14217
"(0.9517488164856586, 0.996078431372549)",2,97.9569978748487,14219
"(0.9, 1.0)",1,97.95657275276342,14220
"(0.9667592592592592, 0.992156862745098)",1,97.9563755195352,14221
"(1.0, 1.0)",1,97.95610067649052,14222
"(0.9235349105085948, 0.9851851851851852)",1,97.955987270902,14223
"(0.925553613053613, 0.9868055555555556)",1,97.955408294528,14224
"(0.9168478260869564, 1.0)",1,97.9551871313229,14225
"(0.9520261437908496, 0.9851851851851852)",1,97.95492605109196,14226
"(0.9696969696969696, 0.9841269841269842)",2,97.95489403097788,14228
"(0.916550925925926, 0.9868055555555556)",1,97.9544664898788,14229
"(0.9230769230769232, 1.0)",1,97.95425706445197,14230
"(0.9841269841269842, 1.0)",1,97.9539181526269,14231
"(0.8577654071075123, 0.9868055555555556)",1,97.95319078142484,14232
"(0.8309016086793863, 0.9868055555555556)",1,97.953121045974,14233
"(0.9189473684210526, 0.992156862745098)",1,97.95290419212697,14234
"(0.9925925925925926, 0.963029998324116)",1,97.95290050900482,14235
"(0.9023809523809524, 1.0)",2,97.95286560131764,14237
"(0.941156690746474, 0.996078431372549)",2,97.95280701730807,14239
"(0.8319664902998236, 1.0)",1,97.9526853700843,14240
"(0.992156862745098, 0.957904761904762)",1,97.95261321660824,14241
"(0.8488297541238717, 0.9851851851851852)",1,97.95245786017534,14242
"(0.9135802469135802, 1.0)",1,97.95235933433148,14243
"(0.7708333333333334, 1.0)",1,97.95221172505656,14244
"(0.9135802469135802, 0.9841269841269842)",1,97.95206028539386,14245
"(0.9206349206349206, 1.0)",1,97.95205508005849,14246
"(0.9492266992266992, 0.9868055555555556)",1,97.95203863523284,14247
"(0.8817204301075269, 1.0)",2,97.9519588637606,14249
"(0.875, 1.0)",1,97.95176861801332,14250
"(0.9674603174603176, 1.0)",1,97.9515873015873,14251
"(0.9248591174906964, 0.996078431372549)",1,97.951167277055,14252
"(0.6156045751633987, 1.0)",1,97.95027585927318,14253
"(0.8604651162790697, 0.9885627144491042)",1,97.95010088129726,14254
"(0.9284391534391534, 0.9851851851851852)",2,97.94983899514096,14256
"(0.844758764317945, 0.9774943735933984)",1,97.9497290988397,14257
"(0.9399223139548216, 0.992156862745098)",1,97.94916742973464,14258
"(0.8571428571428572, 1.0)",1,97.94907409835398,14259
"(0.8163854689162486, 1.0)",1,97.94880564669548,14260
"(0.7971704623878537, 0.996078431372549)",1,97.94859299459549,14261
"(0.9841269841269842, 1.0)",2,97.94831591173056,14263
"(0.8013468013468013, 0.9841269841269842)",2,97.94824156076564,14265
"(0.8763636363636363, 1.0)",1,97.9480225450172,14266
"(0.8888888888888888, 1.0)",1,97.9479624621501,14267
"(0.8264567669172932, 1.0)",1,97.94793968298342,14268
"(0.8817204301075269, 1.0)",2,97.9478389126796,14270
"(0.8488297541238717, 0.9820662768031188)",1,97.94776076778402,14271
"(0.91484126984127, 0.9894736842105264)",1,97.9477345753287,14272
"(0.9444444444444444, 1.0)",1,97.94771241830064,14273
"(0.7630718954248366, 0.9866666666666666)",1,97.9476910252167,14274
"(0.8921257720847323, 0.9885627144491042)",1,97.947465147219,14275
"(0.9407729468599032, 0.9868055555555556)",1,97.94740920412094,14276
"(0.9384803921568629, 0.9894736842105264)",1,97.94692649619118,14277
"(0.9135802469135802, 1.0)",1,97.94678260011594,14278
"(0.8915343915343915, 0.9868055555555556)",1,97.94626795505222,14279
"(0.9333333333333332, 1.0)",1,97.94619833509996,14280
"(0.9192251461988304, 0.996078431372549)",1,97.9461821556309,14281
"(0.6856760145918833, 1.0)",1,97.94567378849476,14282
"(0.9135802469135802, 1.0)",1,97.94565012895458,14283
"(0.9841269841269842, 1.0)",1,97.9456041780992,14284
"(0.8952020202020202, 0.986574074074074)",2,97.94536997172148,14286
"(0.7951640211640213, 0.996078431372549)",1,97.94499971842048,14287
"(0.8318452380952381, 0.9868055555555556)",1,97.94420115635371,14288
"(0.9135802469135802, 1.0)",1,97.94391976223554,14289
"(0.9135802469135802, 1.0)",1,97.94387206913184,14290
"(0.9243650793650792, 1.0)",1,97.94385681887476,14291
"(0.9230769230769232, 1.0)",1,97.94356035957296,14292
"(0.8750600325600326, 1.0)",2,97.94324061640552,14294
"(0.9449122174122172, 0.996078431372549)",2,97.94321813010986,14296
"(0.8521317829457364, 1.0)",1,97.94274193862029,14297
"(0.9047619047619048, 1.0)",1,97.9426855009807,14298
"(0.9449122174122172, 0.996078431372549)",1,97.9418505344758,14299
"(0.9464473684210528, 0.9735449735449736)",1,97.94179913723735,14300
"(0.7167919799498746, 1.0)",1,97.94177041148244,14301
"(0.9293342911877394, 0.9866666666666666)",1,97.94157942917138,14302
"(0.7319111444111444, 0.9866666666666666)",1,97.9415446327076,14303
"(0.9264176245210728, 1.0)",1,97.94148695783696,14304
"(0.922287769513936, 0.9820662768031188)",1,97.9414779185891,14305
"(0.9475861556743912, 0.9851851851851852)",1,97.94127778990983,14306
"(0.9333333333333332, 0.9841269841269842)",1,97.94113047446405,14307
"(0.8817204301075269, 0.9841269841269842)",1,97.94062695568095,14308
"(0.8281746031746032, 1.0)",2,97.9405338873854,14310
"(0.9072191055010128, 1.0)",1,97.9404332639675,14311
"(0.8466625966625967, 0.9868055555555556)",4,97.94006803918464,14315
"(0.9674603174603176, 1.0)",1,97.9400633225576,14316
"(0.8635440917107585, 0.9882352941176472)",1,97.93986119482436,14317
"(0.7975164658278694, 1.0)",1,97.93959830697432,14318
"(0.9731377053745476, 0.996078431372549)",1,97.93953276712156,14319
"(0.9109477124183006, 1.0)",1,97.93953152417116,14320
"(0.8888888888888888, 1.0)",1,97.93930412187468,14321
"(0.9507101086048454, 0.9841269841269842)",1,97.93920407078326,14322
"(0.9803921568627452, 0.9768686421937196)",1,97.93909750179876,14323
"(0.8731060606060606, 1.0)",1,97.93891287401622,14324
"(0.8666666666666667, 1.0)",1,97.93887877448203,14325
"(0.8402777777777779, 1.0)",1,97.93885810875368,14326
"(0.9244767367135788, 0.996078431372549)",2,97.93842174420904,14328
"(0.896551724137931, 1.0)",1,97.9383439595038,14329
"(0.9172932330827066, 1.0)",1,97.93820962968636,14330
"(0.8666666666666667, 1.0)",1,97.93800830161123,14331
"(0.9333333333333332, 1.0)",1,97.93786757414944,14332
"(0.9866666666666668, 0.9919117647058824)",1,97.93771722519796,14333
"(0.9919117647058824, 0.9789473684210528)",1,97.93759621512524,14334
"(0.9280112044817928, 0.996078431372549)",2,97.9375074101634,14336
"(0.9049919484702094, 0.9841269841269842)",1,97.93743401620662,14337
"(0.9430755736638088, 0.9820662768031188)",1,97.93728246126086,14338
"(0.8518518518518519, 1.0)",1,97.93721424774056,14339
"(0.9364583333333332, 0.9868055555555556)",1,97.93715678418349,14340
"(0.9047619047619048, 1.0)",1,97.9370057698064,14341
"(0.896551724137931, 1.0)",1,97.93695488399186,14342
"(0.9236094950800832, 0.9877450980392156)",1,97.93688276333071,14343
"(0.7988631272401433, 0.9868055555555556)",2,97.93674454666603,14345
"(0.9352372919478182, 0.996078431372549)",2,97.93664114014489,14347
"(0.8053221288515406, 1.0)",1,97.93638241032296,14348
"(0.9766612200435728, 0.9840686274509804)",1,97.93600236772888,14349
"(0.8970659722222223, 1.0)",1,97.9359338548464,14350
"(0.8368686868686868, 1.0)",1,97.93591515297447,14351
"(0.9224211423699916, 1.0)",1,97.93567650299376,14352
"(0.9628070175438596, 0.9851851851851852)",1,97.93559271466488,14353
"(0.8415692007797271, 1.0)",1,97.93506294772376,14354
"(0.9696969696969696, 0.9841269841269842)",2,97.93504140786771,14356
"(0.8469839324618735, 1.0)",1,97.93467987437234,14357
"(0.8163854689162486, 1.0)",1,97.93444954512448,14358
"(0.948045267489712, 0.9868055555555556)",1,97.93440396296144,14359
"(0.6342508506903054, 1.0)",1,97.93412979572884,14360
"(0.875, 1.0)",1,97.93410814998836,14361
"(0.936863195570626, 0.992156862745098)",1,97.93378368072098,14362
"(0.9049532029717788, 0.9894736842105264)",1,97.93371192246066,14363
"(0.9269637391618816, 0.9894736842105264)",1,97.93346055220351,14364
"(0.8611111111111112, 1.0)",1,97.9334410079596,14365
"(0.8817204301075269, 1.0)",1,97.93334721716366,14366
"(0.9388764394646748, 0.992156862745098)",1,97.93310221306297,14367
"(0.9293342911877394, 0.9868055555555556)",1,97.9328551751035,14368
"(0.8915343915343915, 0.9868055555555556)",1,97.9328504530246,14369
"(0.9424323293938236, 0.9885627144491042)",2,97.93272061390368,14371
"(0.9248591174906964, 0.996078431372549)",2,97.93268709730737,14373
"(1.0, 1.0)",1,97.93261352033282,14374
"(0.9452536570183628, 0.996078431372549)",2,97.93260937565046,14376
"(0.9019607843137254, 0.9868055555555556)",1,97.93197859058137,14377
"(0.9019607843137254, 0.9868055555555556)",1,97.93175451772208,14378
"(0.9492266992266992, 0.9868055555555556)",1,97.9316695337764,14379
"(0.938374125874126, 0.9868055555555556)",1,97.93137720825462,14380
"(0.9841269841269842, 1.0)",1,97.93137289018296,14381
"(0.9667774086378738, 0.9667774086378738)",1,97.9310915349278,14382
"(0.9364583333333332, 1.0)",1,97.93100829754242,14383
"(0.8867623604465709, 1.0)",1,97.93077659790558,14384
"(0.9056772399713576, 0.9925925925925926)",2,97.93029814567052,14386
"(0.7782392026578072, 1.0)",1,97.9302940066311,14387
"(0.8468468468468467, 1.0)",1,97.93028663754616,14388
"(0.915619658119658, 0.9868055555555556)",2,97.93007307208896,14390
"(0.9841269841269842, 0.9841269841269842)",1,97.93001443001468,14391
"(0.9230769230769232, 1.0)",1,97.92989946159364,14392
"(0.9065891472868216, 0.9885627144491042)",2,97.92978142747155,14394
"(0.9426596279537456, 0.9816305469556244)",1,97.9297694938078,14395
"(0.8345959595959597, 0.986574074074074)",1,97.9296846517679,14396
"(0.919687006945461, 0.9743589743589745)",1,97.92967971945744,14397
"(0.878217660475725, 0.9722222222222222)",1,97.92964834518902,14398
"(0.8457575757575757, 0.9868055555555556)",4,97.92932402217758,14402
"(0.9333333333333332, 1.0)",1,97.92922001974634,14403
"(0.8232424833126587, 0.9919117647058824)",1,97.9287445878622,14404
"(0.8666096448354512, 1.0)",1,97.92868410061804,14405
"(0.909722222222222, 0.992156862745098)",1,97.9283441431876,14406
"(0.9628070175438596, 0.9820662768031188)",1,97.92781665230248,14407
"(0.904126984126984, 1.0)",1,97.92745933504558,14408
"(1.0, 1.0)",1,97.9274369274369,14409
"(0.9224211423699916, 1.0)",1,97.92709356123004,14410
"(0.984313725490196, 0.992156862745098)",1,97.92702156837576,14411
"(0.909209656084656, 1.0)",1,97.92673951374852,14412
"(0.9696969696969696, 1.0)",1,97.92666089007552,14413
"(0.9464473684210528, 0.9855521155830752)",1,97.9266425024842,14414
"(0.9023569023569024, 1.0)",1,97.92657539992824,14415
"(0.915619658119658, 0.9868055555555556)",1,97.92650890993296,14416
"(0.9886710239651416, 0.996078431372549)",1,97.92636347588856,14417
"(0.7650293586269196, 1.0)",2,97.92636345829108,14419
"(0.9517488164856586, 0.9818181818181818)",2,97.9262998227268,14421
"(0.9209085933223864, 0.9886710239651416)",1,97.92611675144576,14422
"(0.958531746031746, 1.0)",1,97.92603666663447,14423
"(0.9333333333333332, 0.9841269841269842)",1,97.92595312977524,14424
"(0.9517488164856586, 0.9894736842105264)",1,97.92593402203346,14425
"(0.5223765432098765, 0.9868055555555556)",2,97.92572749868016,14427
"(0.8762954142520705, 0.9886710239651416)",1,97.92542933441712,14428
"(0.9444444444444444, 1.0)",1,97.9252597869684,14429
"(0.9327096052096052, 0.9868055555555556)",1,97.92521834646828,14430
"(0.9172932330827066, 1.0)",1,97.9249594088452,14431
"(0.9142520753512132, 0.986574074074074)",2,97.92474289297924,14433
"(0.8977777777777779, 1.0)",1,97.92438064351116,14434
"(0.9704892057833234, 0.9738562091503268)",1,97.92423342699544,14435
"(0.9320240125035522, 0.9820662768031188)",1,97.9241653842362,14436
"(0.8129898303922073, 1.0)",1,97.92407387850774,14437
"(0.8318452380952381, 0.9868055555555556)",1,97.92385915667836,14438
"(0.8831018518518517, 0.986574074074074)",1,97.92368678831924,14439
"(0.9469444444444444, 0.9847494553376906)",1,97.92355655553028,14440
"(0.95536349042541, 0.992156862745098)",1,97.9235333687916,14441
"(0.9333333333333332, 1.0)",1,97.92353016929675,14442
"(0.8257685414943479, 1.0)",1,97.92336265523488,14443
"(0.917859918146296, 0.9894736842105264)",1,97.92309757866252,14444
"(0.9293342911877394, 0.9868055555555556)",1,97.92293263219744,14445
"(0.8138881768037778, 0.996078431372549)",1,97.92284416653308,14446
"(0.8331144781144781, 0.992156862745098)",1,97.92280390218347,14447
"(0.8977777777777779, 1.0)",1,97.92259462759463,14448
"(1.0, 1.0)",2,97.92251042106116,14450
"(0.8905936111818465, 0.9851851851851852)",1,97.92208756793887,14451
"(0.9841269841269842, 1.0)",1,97.92207792207792,14452
"(0.9444444444444444, 0.9841269841269842)",1,97.92192670453564,14453
"(0.9769410044719642, 0.9919117647058824)",1,97.9214118511728,14454
"(0.8867623604465709, 0.9841269841269842)",2,97.92132164859323,14456
"(0.9426596279537456, 0.9820662768031188)",1,97.92124972239183,14457
"(0.7707924493038034, 1.0)",1,97.92113338735172,14458
"(0.875, 1.0)",1,97.92110543382935,14459
"(0.8584010840108401, 0.9868055555555556)",1,97.92107891204653,14460
"(0.9565217391304348, 0.9841269841269842)",1,97.92097998619762,14461
"(0.9674603174603176, 1.0)",1,97.92081466291997,14462
"(0.9740143369175628, 1.0)",1,97.92064262002047,14463
"(0.9303709362532891, 0.992156862745098)",1,97.92063683289912,14464
"(0.9697786951037723, 0.996078431372549)",1,97.91971483093064,14465
"(0.976851851851852, 0.9816305469556244)",1,97.91963420418442,14466
"(0.9543049270990448, 0.9820662768031188)",1,97.91955787461232,14467
"(0.8318452380952381, 0.9868055555555556)",1,97.91925546675536,14468
"(0.915619658119658, 0.9868055555555556)",2,97.9185373230442,14470
"(0.9320240125035522, 0.9925925925925926)",2,97.91852020549098,14472
"(0.9306746031746032, 1.0)",1,97.91811303875114,14473
"(0.8966049382716049, 0.9868055555555556)",1,97.91773765275418,14474
"(0.9452536570183628, 0.9894736842105264)",1,97.91762114453016,14475
"(0.9465811965811968, 1.0)",2,97.91705914132014,14477
"(0.9731377053745476, 0.9633862433862432)",1,97.91683896487196,14478
"(0.8822954822954823, 1.0)",1,97.91668812654632,14479
"(0.9841269841269842, 1.0)",1,97.91629613006424,14480
"(0.9135802469135802, 1.0)",1,97.91622629914065,14481
"(1.0, 1.0)",1,97.91603250550617,14482
"(0.9023569023569024, 1.0)",1,97.91596497670332,14483
"(0.9047619047619048, 1.0)",1,97.9147417650442,14484
"(0.9333333333333332, 1.0)",1,97.9147098740663,14485
"(0.9407729468599032, 0.9868055555555556)",1,97.91435352292916,14486
"(0.908875743279768, 0.9820662768031188)",1,97.91432994647528,14487
"(0.7650293586269196, 1.0)",1,97.91407578943075,14488
"(0.8402777777777779, 1.0)",1,97.91404450102624,14489
"(0.8446379408861877, 0.9868055555555556)",1,97.91384279349506,14490
"(0.8945130355728907, 0.9885627144491042)",2,97.91358957173668,14492
"(0.8882535288785288, 0.9866666666666666)",1,97.91324012768378,14493
"(0.7869981325863679, 1.0)",1,97.91319732899944,14494
"(0.8590036231884057, 0.9866666666666666)",1,97.91266526105508,14495
"(0.9206349206349206, 1.0)",1,97.91212508146154,14496
"(0.9243650793650792, 0.986574074074074)",1,97.91164161015142,14497
"(0.8138881768037778, 0.996078431372549)",1,97.91107946065068,14498
"(0.9243650793650792, 0.986574074074074)",2,97.91098673789418,14500
"(0.9171090534979424, 1.0)",1,97.91091269960717,14501
"(0.8466625966625967, 0.9868055555555556)",1,97.91075824599528,14502
"(0.8888888888888888, 1.0)",1,97.9106906529721,14503
"(0.9696969696969696, 1.0)",1,97.91053391053396,14504
"(0.8952020202020202, 0.986574074074074)",1,97.91048033499416,14505
"(0.8888888888888888, 1.0)",2,97.91008603769498,14507
"(0.8520449077786689, 1.0)",1,97.90994796384672,14508
"(0.938374125874126, 0.9868055555555556)",1,97.9098378957064,14509
"(0.8078308130291714, 1.0)",1,97.9097956086353,14510
"(0.90934937783235, 0.992156862745098)",1,97.9097420302479,14511
"(0.8991666666666667, 1.0)",1,97.90968307980248,14512
"(0.9351258309591644, 0.986574074074074)",1,97.9096749778547,14513
"(0.9292181620122796, 0.9840686274509804)",1,97.90956910881424,14514
"(0.9565217391304348, 0.9841269841269842)",2,97.90935739051704,14516
"(0.9696969696969696, 1.0)",1,97.90921537092268,14517
"(1.0, 1.0)",2,97.9090909090909,14519
"(0.9524618736383442, 0.996078431372549)",1,97.90887567274883,14520
"(0.9251027896538732, 0.9925925925925926)",2,97.9086792300643,14522
"(1.0, 0.9841269841269842)",1,97.9084713595585,14523
"(0.8502976190476191, 1.0)",1,97.9081859854241,14524
"(0.9407729468599032, 1.0)",1,97.90767191280204,14525
"(0.948045267489712, 0.9868055555555556)",2,97.90758077023152,14527
"(0.8337928153717628, 1.0)",1,97.90737117449406,14528
"(0.883580779054917, 1.0)",2,97.90719239860236,14530
"(0.9224211423699916, 1.0)",1,97.90646912997752,14531
"(0.8897707231040564, 1.0)",1,97.90624384445856,14532
"(0.896551724137931, 1.0)",1,97.90604145679364,14533
"(0.9743589743589745, 0.9868055555555556)",1,97.90602438253732,14534
"(0.8905936111818465, 0.9820662768031188)",1,97.9057522785766,14535
"(0.9507101086048454, 1.0)",1,97.90565071857746,14536
"(0.7782392026578072, 1.0)",1,97.9054605934394,14537
"(0.7777777777777776, 0.9841269841269842)",1,97.90538826797426,14538
"(0.91484126984127, 0.996078431372549)",1,97.90534980632609,14539
"(0.8425595238095238, 0.986574074074074)",1,97.90474466958712,14540
"(0.9764161220043572, 0.9820662768031188)",1,97.90467437889336,14541
"(0.9565217391304348, 1.0)",1,97.90450848762872,14542
"(0.8323660714285714, 0.9868055555555556)",1,97.90449834465916,14543
"(0.8583509513742072, 1.0)",1,97.9044562888959,14544
"(0.9047619047619048, 1.0)",1,97.90425810934244,14545
"(0.8589726631393297, 1.0)",2,97.9041996889867,14547
"(0.8460455394278924, 0.992156862745098)",1,97.90289270196529,14548
"(0.8771929824561403, 1.0)",1,97.90284160268804,14549
"(0.8332521117608837, 1.0)",2,97.90278047396882,14551
"(0.9769410044719642, 0.992156862745098)",1,97.90260664284015,14552
"(0.9628070175438596, 0.9820662768031188)",1,97.9024084468057,14553
"(0.9351326548694968, 0.996078431372549)",1,97.9022465327876,14554
"(1.0, 1.0)",1,97.9022026022026,14555
"(0.7081939799331105, 1.0)",2,97.90213035124428,14557
"(0.9407729468599032, 0.9868055555555556)",4,97.9021067192964,14561
"(0.8259011519881087, 0.9868055555555556)",4,97.90207200575452,14565
"(0.8468468468468467, 1.0)",1,97.90177709621165,14566
"(0.9444444444444444, 1.0)",1,97.90176885676952,14567
"(0.9325581395348838, 0.9885627144491042)",1,97.90135771689816,14568
"(0.926045751633987, 0.9820662768031188)",1,97.90105632018717,14569
"(0.9325581395348838, 0.9775193798449612)",1,97.90099171830458,14570
"(0.9444444444444444, 1.0)",1,97.90096618357488,14571
"(0.9224211423699916, 1.0)",1,97.90076423329889,14572
"(0.9841269841269842, 1.0)",3,97.9007118729865,14575
"(0.9662707390648568, 0.9855521155830752)",1,97.90046679074791,14576
"(1.0, 1.0)",1,97.9001629630433,14577
"(0.954722222222222, 0.992156862745098)",1,97.90007344401482,14578
"(0.8457575757575757, 0.9868055555555556)",1,97.9000068609829,14579
"(0.683375104427736, 1.0)",1,97.89976513032522,14580
"(0.7580492424242424, 0.9868055555555556)",1,97.8996863652868,14581
"(0.9049919484702094, 0.9841269841269842)",1,97.8994300840699,14582
"(0.9608220211161388, 0.992156862745098)",1,97.8993517306858,14583
"(0.948045267489712, 0.9868055555555556)",1,97.89932740652662,14584
"(0.7782392026578072, 1.0)",1,97.89901964858078,14585
"(0.9191112362010194, 0.992156862745098)",1,97.89880516492636,14586
"(0.9561743977843048, 0.9820662768031188)",1,97.89876595765226,14587
"(0.8281653746770027, 1.0)",1,97.89849757187048,14588
"(0.8888888888888888, 1.0)",1,97.8984860686922,14589
"(0.9594646747587924, 0.977304372041214)",1,97.89828961515498,14590
"(0.9230769230769232, 1.0)",1,97.89733558848783,14591
"(0.8266666666666667, 1.0)",1,97.89733384489406,14592
"(0.9696969696969696, 0.9841269841269842)",1,97.89719982156046,14593
"(0.8053221288515406, 1.0)",1,97.89696848571528,14594
"(0.8151260504201681, 1.0)",1,97.89696290265177,14595
"(0.9841269841269842, 1.0)",1,97.89692923176182,14596
"(0.9841269841269842, 1.0)",1,97.8968253968254,14597
"(0.8466625966625967, 0.9868055555555556)",1,97.8964366507522,14598
"(0.8281746031746032, 1.0)",1,97.89627430820671,14599
"(1.0, 1.0)",2,97.8959587709299,14601
"(0.9135802469135802, 1.0)",2,97.89556086614913,14603
"(0.8577654071075123, 0.9722222222222222)",1,97.89525835961824,14604
"(0.9841269841269842, 0.9841269841269842)",1,97.89523030343533,14605
"(0.8888888888888888, 1.0)",1,97.89472977983402,14606
"(0.9319444444444444, 1.0)",1,97.8945875040283,14607
"(0.8817204301075269, 1.0)",1,97.89449239625478,14608
"(0.9342814048696402, 0.992156862745098)",1,97.89397159098216,14609
"(0.9019607843137254, 0.9868055555555556)",3,97.89396836593036,14612
"(0.8468468468468467, 1.0)",1,97.89385590958489,14613
"(0.8880341880341881, 1.0)",1,97.89385578241492,14614
"(0.984967320261438, 0.9882352941176472)",1,97.89372934360034,14615
"(0.8859337035751476, 0.9885627144491042)",1,97.89331902254771,14616
"(0.9445350241545892, 0.986574074074074)",1,97.89328256518291,14617
"(0.9255470304063654, 0.9855521155830752)",1,97.89302774370752,14618
"(0.919687006945461, 0.9743589743589745)",1,97.8930183714815,14619
"(0.936863195570626, 0.9820662768031188)",1,97.89291580962644,14620
"(0.8415692007797271, 0.9868055555555556)",1,97.89228557802372,14621
"(0.9647217861503576, 0.9785754927860192)",1,97.89199301813696,14622
"(0.7319111444111444, 0.9868055555555556)",2,97.89197845673316,14624
"(0.9320397146712937, 0.996078431372549)",2,97.89095501666807,14626
"(0.9800599128540306, 0.9820662768031188)",1,97.89084984694574,14627
"(0.9214340198321892, 1.0)",2,97.89082177493424,14629
"(0.9306746031746032, 1.0)",1,97.89073959422612,14630
"(0.8627450980392157, 1.0)",1,97.89044533968088,14631
"(0.948045267489712, 0.9868055555555556)",1,97.89016777236657,14632
"(0.7988631272401433, 0.9868055555555556)",4,97.88958848625548,14636
"(0.8867623604465709, 1.0)",1,97.88949934434312,14637
"(0.8498168498168499, 1.0)",1,97.88942464942464,14638
"(0.9216022408963586, 0.992156862745098)",1,97.88900980390773,14639
"(0.8446379408861877, 0.9868055555555556)",1,97.88899062077004,14640
"(0.9168478260869564, 0.986574074074074)",1,97.88894716395497,14641
"(0.9047619047619048, 1.0)",1,97.88859088035385,14642
"(0.9803376906318084, 0.992156862745098)",2,97.88830865981244,14644
"(0.8817204301075269, 0.9841269841269842)",2,97.88828294971375,14646
"(0.9037076648841356, 0.996078431372549)",1,97.88823767294016,14647
"(0.9841269841269842, 1.0)",1,97.88813229254411,14648
"(0.9460611405055848, 0.9868055555555556)",1,97.88805562298508,14649
"(0.8977777777777779, 0.9841269841269842)",1,97.88804091796696,14650
"(0.9168115942028986, 0.9877124183006536)",2,97.88779245013023,14652
"(0.8275809031622985, 1.0)",1,97.88774596467314,14653
"(0.941488229119808, 0.978144708175668)",1,97.8876859437631,14654
"(0.916550925925926, 0.9868055555555556)",1,97.88709964724312,14655
"(0.7167919799498746, 1.0)",1,97.88702233698297,14656
"(0.9049919484702094, 0.9841269841269842)",1,97.88675974787016,14657
"(0.9035155195681512, 0.9894736842105264)",1,97.88675000678704,14658
"(0.8817204301075269, 1.0)",1,97.88653688684435,14659
"(0.9841269841269842, 1.0)",1,97.88646785593278,14660
"(0.8822954822954823, 1.0)",1,97.88584096721016,14661
"(1.0, 1.0)",1,97.88582867636558,14662
"(0.9019607843137254, 0.9868055555555556)",1,97.885639227769,14663
"(0.9224211423699916, 1.0)",1,97.88558912674314,14664
"(0.8977777777777779, 1.0)",1,97.88536643252166,14665
"(0.8888888888888888, 1.0)",1,97.88528323443364,14666
"(0.9014364972259707, 0.9847494553376906)",1,97.88520035091852,14667
"(0.9520261437908496, 0.9820662768031188)",1,97.8851931446894,14668
"(0.9919117647058824, 0.9816305469556244)",1,97.88477886701776,14669
"(0.8387082903336773, 1.0)",1,97.88463517810982,14670
"(0.8312992626493769, 1.0)",1,97.88442310235176,14671
"(0.9696969696969696, 0.9841269841269842)",2,97.88436498030345,14673
"(0.9594646747587924, 0.977304372041214)",1,97.88414064081124,14674
"(0.9230769230769232, 1.0)",1,97.8839841318102,14675
"(0.8053221288515406, 1.0)",1,97.88287339807968,14676
"(0.8518518518518519, 1.0)",2,97.88285916066248,14678
"(0.896551724137931, 1.0)",1,97.88276999919567,14679
"(0.8550741594067247, 0.9885627144491042)",1,97.88264818163135,14680
"(0.5, 1.0)",1,97.88209597196298,14681
"(0.8584010840108401, 0.9868055555555556)",1,97.88201142197556,14682
"(0.9492266992266992, 0.9743589743589745)",2,97.88195027304612,14684
"(0.914421596921597, 0.9882352941176472)",1,97.88194287061714,14685
"(0.8888888888888888, 1.0)",1,97.88192820991551,14686
"(0.9565217391304348, 0.9841269841269842)",2,97.88145429449798,14688
"(0.9049919484702094, 0.9841269841269842)",1,97.88140095650998,14689
"(0.9023569023569024, 1.0)",1,97.88132800435436,14690
"(0.8356902356902357, 0.9734722222222224)",1,97.88118066988292,14691
"(0.9018073680369506, 0.9879901960784314)",2,97.88115329969716,14693
"(0.9049919484702094, 0.9841269841269842)",2,97.88103359194152,14695
"(1.0, 1.0)",1,97.88095238095238,14696
"(0.7544006919006919, 1.0)",1,97.88061749776612,14697
"(0.9565217391304348, 0.9841269841269842)",2,97.8801613611574,14699
"(0.8332521117608837, 1.0)",1,97.88000838521624,14700
"(0.875, 1.0)",1,97.87987080107028,14701
"(0.8904991948470209, 1.0)",1,97.87986937949756,14702
"(0.9289529914529916, 1.0)",1,97.87974215556471,14703
"(0.9242141300964832, 0.992156862745098)",1,97.87911474001407,14704
"(0.8078308130291714, 1.0)",1,97.87882811159434,14705
"(0.875, 1.0)",1,97.87877599696482,14706
"(0.922287769513936, 0.9851851851851852)",1,97.87859432207136,14707
"(0.875, 1.0)",1,97.87848384907208,14708
"(0.9497685185185184, 1.0)",1,97.8784716207063,14709
"(0.9284391534391534, 0.984504357298475)",1,97.87841304177992,14710
"(0.9168115942028986, 0.996078431372549)",1,97.87828164908284,14711
"(0.9269637391618816, 0.9894736842105264)",1,97.87801369884296,14712
"(0.8318452380952381, 0.9868055555555556)",1,97.87769036760812,14713
"(0.9407729468599032, 1.0)",2,97.87740611685652,14715
"(0.9521171802054156, 0.9882352941176472)",2,97.87707183139057,14717
"(0.8705805822084891, 0.977638640429338)",1,97.87689163704864,14718
"(0.9333333333333332, 1.0)",1,97.87684934778756,14719
"(0.9740143369175628, 1.0)",1,97.8768492161606,14720
"(0.9688888888888888, 0.9847494553376906)",1,97.87683501454732,14721
"(0.8586378737541528, 1.0)",1,97.87674228301265,14722
"(0.8952380952380952, 1.0)",1,97.87672480310624,14723
"(0.8905936111818465, 0.9820662768031188)",1,97.87662685419744,14724
"(0.8712763475149724, 0.9892665474060824)",1,97.87643613455695,14725
"(0.984967320261438, 0.9855521155830752)",1,97.8756969220437,14726
"(0.9565217391304348, 0.9841269841269842)",4,97.87545329067092,14730
"(0.9192251461988304, 0.996078431372549)",1,97.87527934793752,14731
"(0.9047558922558924, 0.9868055555555556)",1,97.87487972209226,14732
"(0.9230769230769232, 1.0)",1,97.87485389007128,14733
"(0.936026936026936, 1.0)",1,97.87480030269164,14734
"(0.926045751633987, 0.9820662768031188)",1,97.87471900950028,14735
"(0.8832772166105499, 1.0)",1,97.87453872763344,14736
"(0.9464473684210528, 0.9820662768031188)",1,97.87447033565628,14737
"(0.6403503049675462, 1.0)",1,97.8743688406568,14738
"(0.9092592592592592, 0.9868055555555556)",1,97.87404915888298,14739
"(0.8521317829457364, 1.0)",1,97.8740021081134,14740
"(0.9135802469135802, 1.0)",1,97.8736478229232,14741
"(0.9135802469135802, 0.9841269841269842)",1,97.87362932290492,14742
"(0.9464473684210528, 0.9855521155830752)",1,97.87338187103065,14743
"(0.8915343915343915, 1.0)",1,97.87337452178642,14744
"(0.907228074804801, 0.984504357298475)",1,97.87312810936338,14745
"(0.7782392026578072, 1.0)",1,97.87282315363208,14746
"(0.8731060606060606, 0.9868055555555556)",1,97.87281270793214,14747
"(0.9194577352472088, 1.0)",1,97.87241838309728,14748
"(0.9209085933223864, 0.9847494553376906)",1,97.87212258803164,14749
"(0.9841269841269842, 1.0)",1,97.8719467804994,14750
"(0.9851851851851852, 0.97397504456328)",1,97.8715837470636,14751
"(0.977218782249742, 0.9633862433862432)",1,97.87142230187968,14752
"(0.9351258309591644, 0.986574074074074)",2,97.8711538656961,14754
"(1.0, 1.0)",1,97.87107921318449,14755
"(0.8502976190476191, 1.0)",1,97.8709151710604,14756
"(0.9628070175438596, 0.9851851851851852)",1,97.87076040590765,14757
"(0.9364583333333332, 0.9868055555555556)",1,97.87043153883414,14758
"(0.922287769513936, 0.9886710239651416)",1,97.87040535267572,14759
"(0.8890855307640297, 0.996078431372549)",1,97.87032853413535,14760
"(0.9023569023569024, 0.9841269841269842)",1,97.87025365573469,14761
"(0.9092592592592592, 0.9868055555555556)",1,97.86997625186592,14762
"(0.7753527336860669, 0.9866666666666666)",1,97.86992351784002,14763
"(0.9293342911877394, 0.9868055555555556)",1,97.86900530313147,14764
"(0.8888888888888888, 1.0)",1,97.86896557548742,14765
"(0.9047619047619048, 1.0)",2,97.86887814664362,14767
"(0.9168115942028986, 0.9877450980392156)",1,97.86883381006216,14768
"(0.9192180611357128, 1.0)",1,97.8684785810851,14769
"(0.8345959595959597, 1.0)",1,97.86795929191594,14770
"(0.6856760145918833, 1.0)",1,97.86767344845556,14771
"(0.9325581395348838, 0.9885627144491042)",1,97.86748468814504,14772
"(0.9696969696969696, 1.0)",2,97.86743215111336,14774
"(0.9109914946767382, 0.9885627144491042)",1,97.86736734029422,14775
"(0.9342814048696402, 0.992156862745098)",2,97.86694141189317,14777
"(0.9224211423699916, 1.0)",1,97.8669035605366,14778
"(0.896551724137931, 1.0)",1,97.86688148552722,14779
"(0.8888888888888888, 1.0)",1,97.86645127530184,14780
"(0.925113600995954, 0.9855521155830752)",1,97.86623763036206,14781
"(0.9144192834138488, 0.9868055555555556)",1,97.86620209324738,14782
"(0.9696969696969696, 1.0)",1,97.8658309848556,14783
"(0.8345959595959597, 1.0)",1,97.86553288791116,14784
"(0.8259011519881087, 0.9868055555555556)",1,97.8654770996673,14785
"(0.8271652864044169, 0.986574074074074)",1,97.8652442252018,14786
"(0.917859918146296, 0.9803376906318084)",1,97.86504104353244,14787
"(0.896551724137931, 1.0)",1,97.86499770468076,14788
"(0.9223809523809524, 1.0)",1,97.864685645129,14789
"(1.0, 1.0)",1,97.8644859970947,14790
"(0.9191112362010194, 0.9820662768031188)",1,97.86436517931897,14791
"(0.926045751633987, 0.9886710239651416)",1,97.86412373980308,14792
"(1.0, 1.0)",1,97.86392236392236,14793
"(0.8921257720847323, 0.9775193798449612)",1,97.86373440329486,14794
"(0.8889459760512393, 0.996078431372549)",1,97.86364845676049,14795
"(0.9411376480416728, 0.992156862745098)",1,97.86340381186342,14796
"(0.9359620771385476, 0.9855521155830752)",1,97.86309201470168,14797
"(0.7962233504512917, 0.9868055555555556)",1,97.86303108144088,14798
"(0.922287769513936, 0.9855521155830752)",1,97.86265522707644,14799
"(0.9232679738562092, 0.9851851851851852)",1,97.86246406750554,14800
"(0.8905936111818465, 0.9820662768031188)",1,97.86233512292532,14801
"(0.7167919799498746, 1.0)",1,97.86226954294992,14802
"(0.7753527336860669, 0.9868055555555556)",1,97.86214694270922,14803
"(0.908998988877654, 0.9885627144491042)",1,97.86197346602276,14804
"(0.8762954142520705, 0.9851851851851852)",1,97.86183680459742,14805
"(0.9841269841269842, 0.9841269841269842)",1,97.86177619715512,14806
"(0.8571428571428572, 1.0)",1,97.8616790278118,14807
"(0.9565217391304348, 1.0)",2,97.86132071726702,14809
"(0.8991666666666667, 1.0)",1,97.86126823610012,14810
"(0.9109477124183006, 1.0)",1,97.86125087141718,14811
"(0.9696969696969696, 1.0)",2,97.86117426111063,14813
"(0.8859337035751476, 1.0)",1,97.86114710663108,14814
"(0.875, 1.0)",1,97.86101871939404,14815
"(0.9384803921568629, 0.9866666666666668)",2,97.8609602535458,14817
"(0.9628070175438596, 0.9886710239651416)",2,97.86077173411384,14819
"(0.9561047383415804, 0.9879901960784314)",1,97.86071099239471,14820
"(0.9325581395348838, 0.9885627144491042)",1,97.86068175649793,14821
"(0.9248591174906964, 0.9886710239651416)",2,97.86008029420395,14823
"(0.9386724386724388, 0.9841269841269842)",2,97.85990236972027,14825
"(0.9359620771385476, 0.9855521155830752)",1,97.8595406552736,14826
"(0.948045267489712, 0.9868055555555556)",1,97.8591618335366,14827
"(0.9841269841269842, 1.0)",1,97.859126984127,14828
"(0.9049919484702094, 0.9841269841269842)",1,97.85894296588673,14829
"(0.948045267489712, 0.9868055555555556)",2,97.85862205930268,14831
"(0.9019607843137254, 0.9868055555555556)",1,97.85853878838476,14832
"(0.9230769230769232, 0.9841269841269842)",2,97.85850593850616,14834
"(0.9507101086048454, 1.0)",1,97.85833270043813,14835
"(0.915619658119658, 0.9868055555555556)",1,97.85779870275152,14836
"(0.922730646546436, 0.9855521155830752)",1,97.85773549494596,14837
"(0.8426851851851852, 0.9868055555555556)",1,97.85729224962868,14838
"(0.8446379408861877, 0.9868055555555556)",1,97.85724766034916,14839
"(0.9, 1.0)",1,97.85688754941684,14840
"(0.8883205456095482, 1.0)",1,97.85674132778854,14841
"(0.9003322259136212, 0.9774943735933984)",1,97.85660653714892,14842
"(0.916550925925926, 0.9868055555555556)",1,97.8565695206081,14843
"(0.9565217391304348, 0.9841269841269842)",1,97.85606960418195,14844
"(0.6856760145918833, 1.0)",2,97.85599854650674,14846
"(0.8750600325600326, 0.986574074074074)",1,97.8559207079436,14847
"(0.8915343915343915, 0.9868055555555556)",4,97.8558791691398,14851
"(0.8858975827700768, 1.0)",1,97.85587455154466,14852
"(0.9333333333333332, 0.9841269841269842)",1,97.85554532091273,14853
"(0.9674603174603176, 1.0)",1,97.85536645319252,14854
"(0.922287769513936, 0.9925925925925926)",1,97.85531562934148,14855
"(0.907228074804801, 0.9886710239651416)",1,97.85512190103204,14856
"(0.9565217391304348, 1.0)",1,97.85511080438616,14857
"(0.8446379408861877, 0.9868055555555556)",4,97.85509137628712,14861
"(0.9696969696969696, 1.0)",2,97.8547544636874,14863
"(0.8817204301075269, 1.0)",1,97.85475323520863,14864
"(0.8264567669172932, 1.0)",1,97.85459079663022,14865
"(0.9214340198321892, 1.0)",1,97.8544126354195,14866
"(0.9144192834138488, 0.9868055555555556)",1,97.85440157508984,14867
"(0.9047619047619048, 0.9841269841269842)",1,97.8536430889374,14868
"(0.8468468468468467, 1.0)",1,97.8535630640894,14869
"(0.9565217391304348, 1.0)",2,97.8532467010728,14871
"(0.9445350241545892, 1.0)",1,97.8532293838616,14872
"(0.9424323293938236, 0.9885627144491042)",1,97.85314369498228,14873
"(0.8439484126984128, 1.0)",1,97.8530181382112,14874
"(0.9696969696969696, 0.9841269841269842)",2,97.8525513134211,14876
"(0.936026936026936, 1.0)",1,97.85201781324592,14877
"(0.9135802469135802, 1.0)",1,97.85133831150176,14878
"(0.9473838918283362, 0.9868055555555556)",1,97.85133428965104,14879
"(0.9543049270990448, 0.9851851851851852)",2,97.85124462297792,14881
"(0.7410714285714286, 1.0)",1,97.85072441994484,14882
"(0.8666666666666667, 0.986574074074074)",1,97.85070729503089,14883
"(0.7975164658278694, 1.0)",1,97.850654276477,14884
"(0.932852564102564, 1.0)",1,97.85023911196056,14885
"(0.8590036231884057, 0.9866666666666666)",1,97.85015291719388,14886
"(0.9464473684210528, 0.9886710239651416)",1,97.8498092177437,14887
"(0.875, 1.0)",2,97.84917829689952,14889
"(0.8888888888888888, 1.0)",1,97.84907723855092,14890
"(0.8550741594067247, 0.9885627144491042)",1,97.84889916604752,14891
"(0.8589726631393297, 1.0)",1,97.84866245260984,14892
"(0.8952020202020202, 0.986574074074074)",1,97.84841015466009,14893
"(0.9041622150997152, 0.9868055555555556)",1,97.84814657212732,14894
"(0.9040106023792244, 0.9885627144491042)",1,97.8478605311642,14895
"(0.9272424525365702, 0.984504357298475)",2,97.84756509889498,14897
"(0.8518518518518519, 1.0)",1,97.8473888388077,14898
"(0.9565217391304348, 1.0)",1,97.847327817921,14899
"(0.9628070175438596, 0.9886710239651416)",1,97.84709442909649,14900
"(0.9320397146712937, 0.9882352941176472)",1,97.8469559083672,14901
"(0.8813339438339438, 0.9868055555555556)",2,97.84691248566226,14903
"(0.9320240125035522, 0.996078431372549)",2,97.84655255542644,14905
"(0.9561047383415804, 0.9820662768031188)",1,97.8464571120987,14906
"(0.8738126483317046, 0.977304372041214)",1,97.8463209171726,14907
"(0.9230769230769232, 1.0)",1,97.84622896798032,14908
"(0.8457575757575757, 0.9868055555555556)",1,97.84609721297215,14909
"(0.9244767367135788, 0.9879901960784314)",1,97.8450292748473,14910
"(0.909722222222222, 0.996078431372549)",1,97.8449073674662,14911
"(0.8439484126984128, 1.0)",4,97.84456077454504,14915
"(0.8502976190476191, 1.0)",1,97.84454134180788,14916
"(0.8627450980392157, 1.0)",1,97.84432057035886,14917
"(0.9253783187916316, 0.9820662768031188)",1,97.84420719543304,14918
"(0.9072191055010128, 1.0)",1,97.84416076680958,14919
"(0.9808278867102396, 0.9491666666666668)",1,97.84343551102732,14920
"(0.9019607843137254, 0.9868055555555556)",1,97.84319533791104,14921
"(0.7319111444111444, 0.9868055555555556)",1,97.8431296131182,14922
"(0.948045267489712, 0.9868055555555556)",1,97.84311765767848,14923
"(0.9065891472868216, 0.9885627144491042)",2,97.8430568370826,14925
"(0.875, 1.0)",1,97.84282866256552,14926
"(0.8622222222222222, 1.0)",1,97.842214160109,14927
"(0.8590556730091613, 0.9885627144491042)",1,97.8421316959182,14928
"(0.9224211423699916, 1.0)",2,97.84211621338088,14930
"(0.8622222222222222, 1.0)",2,97.84190476190476,14932
"(0.8627450980392157, 1.0)",1,97.84144501007243,14933
"(0.9065891472868216, 0.9885627144491042)",1,97.84083447349244,14934
"(0.9065438871473354, 0.9868055555555556)",1,97.84049486206992,14935
"(0.9248591174906964, 0.9879901960784314)",1,97.83981328461158,14936
"(0.9333333333333332, 0.9841269841269842)",2,97.8397724995904,14938
"(0.9090909090909092, 0.9868055555555556)",1,97.83938722436544,14939
"(0.9202401372212692, 1.0)",1,97.83929335650754,14940
"(0.9269637391618816, 0.9773717948717948)",1,97.83905338240476,14941
"(0.8318452380952381, 0.9868055555555556)",1,97.83893365893346,14942
"(0.8318452380952381, 0.9868055555555556)",2,97.83881917109544,14944
"(0.9135802469135802, 1.0)",1,97.83838421364396,14945
"(0.9104993386243384, 1.0)",1,97.83832160419442,14946
"(0.91484126984127, 0.9855521155830752)",1,97.8381334798798,14947
"(0.8813339438339438, 0.9868055555555556)",1,97.83791366283144,14948
"(0.9803376906318084, 0.9610774410774412)",1,97.83775755318362,14949
"(0.9696969696969696, 1.0)",1,97.8374679590321,14950
"(0.8791208791208792, 1.0)",1,97.83733619096822,14951
"(0.8888888888888888, 1.0)",1,97.83730661757517,14952
"(0.8882535288785288, 0.9743589743589745)",1,97.83720921480592,14953
"(0.9049919484702094, 0.9841269841269842)",1,97.83698126745443,14954
"(0.875, 1.0)",1,97.83615339856038,14955
"(0.8880071974808816, 0.977304372041214)",1,97.83606461919996,14956
"(0.8469839324618735, 1.0)",1,97.83590993214644,14957
"(0.8368686868686868, 1.0)",1,97.83529790015857,14958
"(1.0, 1.0)",1,97.8352037209802,14959
"(0.9376385678569744, 0.9774943735933984)",1,97.8350737873176,14960
"(0.8958946706887884, 0.9886710239651416)",2,97.8350680303378,14962
"(0.9399223139548216, 0.996078431372549)",1,97.8348455059774,14963
"(0.7962233504512917, 0.9868055555555556)",1,97.83473743064722,14964
"(0.8388080540858317, 0.9868055555555556)",1,97.83463602774252,14965
"(0.8813492063492063, 1.0)",1,97.83461976993982,14966
"(0.9886710239651416, 0.9633278867102396)",1,97.83451172073671,14967
"(0.8611111111111112, 1.0)",1,97.8344362074118,14968
"(0.9209085933223864, 0.9820662768031188)",1,97.83428091889284,14969
"(0.9674603174603176, 1.0)",1,97.83426467097335,14970
"(0.944241574272534, 0.9820662768031188)",1,97.83423999119498,14971
"(0.932852564102564, 1.0)",1,97.8341392843692,14972
"(0.9318498265866688, 0.996078431372549)",1,97.83406100680214,14973
"(0.8770009060706736, 0.9885627144491042)",1,97.83381597014612,14974
"(0.9841269841269842, 1.0)",1,97.83333333333344,14975
"(0.8350168350168351, 1.0)",1,97.83320001873092,14976
"(0.9841269841269842, 1.0)",1,97.83309817956052,14977
"(0.9270372826407308, 0.9868055555555556)",1,97.83286764854996,14978
"(0.8551296720061023, 1.0)",1,97.83280034435504,14979
"(1.0, 1.0)",1,97.83278541951312,14980
"(0.912041847041847, 0.9855521155830752)",1,97.8326249481198,14981
"(0.8488297541238717, 0.9855521155830752)",1,97.83256018052212,14982
"(0.9325581395348838, 0.9885627144491042)",1,97.83245879639128,14983
"(0.9230116959064328, 0.996078431372549)",2,97.83232957567296,14985
"(0.9293342911877394, 0.9868055555555556)",1,97.8323194092926,14986
"(0.9319444444444444, 1.0)",1,97.83228827795584,14987
"(0.9272424525365702, 0.9879901960784314)",1,97.83203605715454,14988
"(0.9230769230769232, 1.0)",1,97.83189672575644,14989
"(0.8970659722222223, 1.0)",1,97.83183351186209,14990
"(0.8521317829457364, 1.0)",1,97.83138247773616,14991
"(0.8858975827700768, 1.0)",1,97.8313781208658,14992
"(0.7962233504512917, 0.9868055555555556)",1,97.8312937515623,14993
"(0.8402777777777779, 1.0)",1,97.83126731483908,14994
"(0.8520449077786689, 1.0)",1,97.8311642212888,14995
"(0.9491329966329968, 0.992156862745098)",1,97.831065419748,14996
"(0.948045267489712, 0.9866666666666666)",1,97.83101020446668,14997
"(0.8452297093744462, 1.0)",1,97.83090084685143,14998
"(0.9293342911877394, 0.9868055555555556)",2,97.83074357595386,15000
"(0.8109668109668109, 1.0)",1,97.83071095571096,15001
"(0.9213117283950616, 1.0)",2,97.830599992299,15003
"(0.919047619047619, 1.0)",1,97.83052366313244,15004
"(0.847123015873016, 0.9868055555555556)",1,97.83046409167194,15005
"(0.9079278891043596, 0.9820662768031188)",1,97.82994353374256,15006
"(0.9740143369175628, 1.0)",1,97.82979905292213,15007
"(0.8488297541238717, 0.992156862745098)",1,97.829771560717,15008
"(0.8832772166105499, 1.0)",1,97.82943356965096,15009
"(0.8498168498168499, 0.9841269841269842)",1,97.82916095609602,15010
"(0.8750600325600326, 0.986574074074074)",1,97.82906885609177,15011
"(0.9135802469135802, 1.0)",1,97.82811294839031,15012
"(0.896551724137931, 1.0)",1,97.828048528461,15013
"(0.8731060606060606, 0.986574074074074)",1,97.82802612361748,15014
"(0.9135802469135802, 1.0)",1,97.82802108834386,15015
"(0.9049532029717788, 0.992156862745098)",1,97.82780530083636,15016
"(0.9386724386724388, 1.0)",1,97.82768401189456,15017
"(0.847123015873016, 0.9722222222222222)",2,97.82765580469068,15019
"(0.6403503049675462, 1.0)",1,97.82760938911204,15020
"(0.9209085933223864, 0.9820662768031188)",1,97.82691372325164,15021
"(0.8952020202020202, 1.0)",1,97.82685952085885,15022
"(0.915619658119658, 0.9868055555555556)",4,97.82682265294729,15026
"(0.7975164658278694, 1.0)",1,97.82674085077312,15027
"(0.8705805822084891, 0.9885627144491042)",1,97.82573204205912,15028
"(0.9427450980392156, 0.9840686274509804)",1,97.82564178146762,15029
"(0.9047619047619048, 0.9841269841269842)",1,97.8251893677983,15030
"(0.9364583333333332, 1.0)",1,97.82515208928608,15031
"(0.9092592592592592, 0.9868055555555556)",1,97.8249055204954,15032
"(0.9325581395348838, 0.9775193798449612)",1,97.82447566272974,15033
"(0.8571428571428572, 1.0)",1,97.82430476599276,15034
"(0.909722222222222, 0.9894736842105264)",2,97.82395446310218,15036
"(1.0, 0.9841269841269842)",1,97.8236787367224,15037
"(0.9293342911877394, 0.9868055555555556)",2,97.82367241305133,15039
"(0.9104993386243384, 0.986574074074074)",1,97.8235254630392,15040
"(0.9230769230769232, 1.0)",1,97.822978773372,15041
"(0.9696969696969696, 0.9841269841269842)",2,97.82290173594544,15043
"(0.8705805822084891, 0.977638640429338)",2,97.82271465468018,15045
"(0.865079365079365, 1.0)",1,97.82267167870246,15046
"(0.9449122174122172, 0.992156862745098)",1,97.82252396108822,15047
"(0.8813339438339438, 0.9868055555555556)",1,97.82224011039612,15048
"(0.8945130355728907, 0.9885627144491042)",1,97.82206313628508,15049
"(0.8439440176786278, 0.9885627144491042)",1,97.82203129930994,15050
"(0.9202401372212692, 1.0)",1,97.82201293364712,15051
"(0.8915343915343915, 0.9868055555555556)",1,97.82190087921217,15052
"(0.8264589732338745, 0.9885627144491042)",1,97.82159707809646,15053
"(0.8521317829457364, 1.0)",1,97.82110590893063,15054
"(0.8527777777777779, 0.9841269841269842)",1,97.82095623363828,15055
"(0.8163854689162486, 1.0)",1,97.82092065876115,15056
"(0.9351258309591644, 0.986574074074074)",1,97.82042565459226,15057
"(0.9346192998272106, 0.9812636165577344)",1,97.82024069639952,15058
"(0.8966049382716049, 0.9868055555555556)",1,97.82016037776152,15059
"(0.9370015948963316, 0.9841269841269842)",1,97.8201382903902,15060
"(0.916550925925926, 0.9868055555555556)",1,97.81993537363722,15061
"(1.0, 1.0)",1,97.81967236404152,15062
"(0.9047619047619048, 1.0)",1,97.8195809956913,15063
"(0.8563074352548036, 0.9734722222222224)",1,97.81922372675577,15064
"(0.9342814048696402, 0.992156862745098)",1,97.8191452805035,15065
"(0.874025901365936, 0.9775193798449612)",1,97.81911378655845,15066
"(0.9565217391304348, 1.0)",1,97.81878675608657,15067
"(0.8921607065475332, 0.9774943735933984)",1,97.81877959047458,15068
"(0.9517488164856586, 0.9793650793650792)",1,97.81877581597392,15069
"(0.9342814048696402, 0.996078431372549)",1,97.81872760853956,15070
"(0.9269637391618816, 0.996078431372549)",1,97.8186825968734,15071
"(0.9407679738562092, 1.0)",1,97.81867533687232,15072
"(0.9424323293938236, 0.9885627144491042)",2,97.81862092123696,15074
"(0.9047619047619048, 1.0)",1,97.81827801827802,15075
"(0.9280112044817928, 0.992156862745098)",1,97.81826496776064,15076
"(0.896551724137931, 1.0)",1,97.8178285854148,15077
"(0.8198261686633779, 1.0)",1,97.81752459964608,15078
"(0.9565217391304348, 1.0)",1,97.8174603174603,15079
"(0.9628070175438596, 0.9855521155830752)",1,97.8171889711222,15080
"(0.847123015873016, 0.9868055555555556)",1,97.81714065377231,15081
"(0.896551724137931, 1.0)",1,97.81691109634244,15082
"(0.9191387446502536, 0.9820662768031188)",1,97.81671636001828,15083
"(0.992156862745098, 0.9886710239651416)",1,97.816693567621,15084
"(0.8750600325600326, 1.0)",1,97.8164939793645,15085
"(0.9172932330827066, 0.9841269841269842)",1,97.81635863924213,15086
"(0.984313725490196, 0.9882352941176472)",2,97.81627813336549,15088
"(0.932852564102564, 1.0)",1,97.81626279999392,15089
"(0.8740392648287385, 1.0)",1,97.81618138988952,15090
"(0.9841269841269842, 1.0)",1,97.81606282929064,15091
"(0.9019607843137254, 0.9868055555555556)",1,97.81584439225318,15092
"(0.9841269841269842, 1.0)",1,97.81576204675784,15093
"(0.8468468468468467, 1.0)",1,97.81557499131868,15094
"(0.8893558268973552, 1.0)",1,97.81552072915385,15095
"(0.9376385678569744, 0.9885627144491042)",1,97.81512010715674,15096
"(0.948045267489712, 0.9868055555555556)",1,97.81488785799108,15097
"(0.9191387446502536, 0.9820662768031188)",1,97.81472044406402,15098
"(0.9350548459681588, 0.9894736842105264)",1,97.81466888759516,15099
"(0.9333333333333332, 0.9841269841269842)",4,97.8146307798484,15103
"(0.9313405797101448, 0.9868055555555556)",1,97.81452497299092,15104
"(0.90934937783235, 0.992156862745098)",1,97.81449559179782,15105
"(0.8457575757575757, 0.9866666666666666)",1,97.8139926359042,15106
"(0.896551724137931, 1.0)",1,97.81370982030064,15107
"(0.9047558922558924, 0.9868055555555556)",1,97.81369522566165,15108
"(0.9280857214680744, 0.9816305469556244)",1,97.81366857911804,15109
"(0.8586378737541528, 1.0)",1,97.81348655704744,15110
"(0.9293342911877394, 0.9868055555555556)",1,97.8134341880366,15111
"(0.896551724137931, 1.0)",1,97.81313976206164,15112
"(0.8584010840108401, 0.9722222222222222)",1,97.81303746517028,15113
"(0.9473838918283362, 0.9868055555555556)",1,97.81255434753392,15114
"(0.896551724137931, 1.0)",1,97.8124634459062,15115
"(0.8832772166105499, 1.0)",1,97.81245622473692,15116
"(0.9841269841269842, 1.0)",1,97.81227598784808,15117
"(0.9364583333333332, 0.9868055555555556)",1,97.81219392082797,15118
"(0.9192180611357128, 1.0)",1,97.8121296484778,15119
"(0.9209085933223864, 0.9855521155830752)",1,97.81179840253982,15120
"(0.8971203581710827, 0.9868055555555556)",1,97.8117614711022,15121
"(0.9386724386724388, 1.0)",1,97.81160265045588,15122
"(0.8323660714285714, 0.9868055555555556)",1,97.81145275461026,15123
"(0.7200000000000001, 1.0)",1,97.81138844649716,15124
"(0.9284391534391534, 0.996078431372549)",1,97.8113534196904,15125
"(0.875, 1.0)",1,97.81023202429851,15126
"(0.8323660714285714, 0.9868055555555556)",1,97.81018045890876,15127
"(0.9376385678569744, 0.9774943735933984)",2,97.80991823703567,15129
"(0.9674603174603176, 1.0)",1,97.8098731677679,15130
"(0.8762954142520705, 0.9855521155830752)",1,97.80981826980351,15131
"(0.9224211423699916, 1.0)",1,97.8097903618076,15132
"(0.9327249496289745, 0.992156862745098)",1,97.80969858936936,15133
"(0.8382543382543383, 0.9868055555555556)",1,97.80953256562842,15134
"(0.9841269841269842, 1.0)",2,97.8095238095238,15136
"(0.9444444444444444, 1.0)",1,97.8094474969475,15137
"(0.8915343915343915, 1.0)",1,97.80888427339916,15138
"(0.8966049382716049, 0.9868055555555556)",1,97.80854947403364,15139
"(0.8738159515013736, 0.9820662768031188)",1,97.80804803289536,15140
"(0.8013468013468013, 1.0)",1,97.80804522909789,15141
"(0.9769410044719642, 0.9816305469556244)",1,97.80780160070412,15142
"(0.9384778012684988, 0.9885627144491042)",1,97.80770559946156,15143
"(0.9635060690943044, 0.977304372041214)",1,97.80762137994374,15144
"(0.8429041174227984, 0.9667774086378738)",1,97.80761192200866,15145
"(0.7962233504512917, 0.9868055555555556)",1,97.80755644826904,15146
"(0.919047619047619, 1.0)",1,97.80745292637444,15147
"(0.9444444444444444, 1.0)",2,97.80739080681872,15149
"(0.8881506090808416, 0.9885627144491042)",1,97.80719418771125,15150
"(0.9696969696969696, 0.9841269841269842)",1,97.80688248949144,15151
"(0.9115145819093188, 0.992156862745098)",1,97.8068015676728,15152
"(0.9224211423699916, 1.0)",1,97.806658635532,15153
"(0.932852564102564, 1.0)",1,97.80569802306906,15154
"(0.9426596279537456, 0.9886710239651416)",2,97.80561754363812,15156
"(0.7141994478951, 1.0)",1,97.80545350256378,15157
"(0.9451468036607356, 0.9855521155830752)",1,97.80545318890567,15158
"(0.8945130355728907, 0.9885627144491042)",1,97.80537900794646,15159
"(0.8611111111111112, 0.986574074074074)",1,97.8049494005502,15160
"(0.8584010840108401, 0.9868055555555556)",1,97.80482900578038,15161
"(1.0, 1.0)",1,97.80479836495648,15162
"(1.0, 1.0)",1,97.80465211117384,15163
"(0.9223063973063972, 0.9722222222222222)",1,97.80423792108692,15164
"(0.7988631272401433, 0.9868055555555556)",1,97.80423504932436,15165
"(0.8332521117608837, 1.0)",1,97.8041894235102,15166
"(0.8803174603174604, 1.0)",1,97.80414312799256,15167
"(0.7081939799331105, 0.986574074074074)",1,97.80384249232866,15168
"(0.8958946706887884, 0.996078431372549)",1,97.80382288504948,15169
"(0.8271652864044169, 1.0)",1,97.80369240923896,15170
"(0.8887191358024692, 0.9743589743589745)",2,97.8035806913901,15172
"(0.95536349042541, 0.992156862745098)",1,97.80346134589036,15173
"(0.9346192998272106, 0.977304372041214)",1,97.80320169409843,15174
"(0.9333333333333332, 1.0)",1,97.8031746031746,15175
"(0.8817204301075269, 1.0)",1,97.80290933060677,15176
"(0.8822954822954823, 1.0)",4,97.8026782496747,15180
"(0.8822954822954823, 1.0)",1,97.80261387135374,15181
"(0.91484126984127, 0.9886710239651416)",1,97.80223158117956,15182
"(0.9754901960784312, 0.9879901960784314)",1,97.80211663957331,15183
"(0.9327096052096052, 1.0)",1,97.80197358197356,15184
"(0.915619658119658, 0.9866666666666666)",2,97.8015962249574,15186
"(0.875, 1.0)",1,97.80154609866004,15187
"(0.9172932330827066, 1.0)",1,97.80137532857952,15188
"(0.9023569023569024, 1.0)",1,97.80065483574256,15189
"(0.8571024784182679, 0.992156862745098)",1,97.80021849788436,15190
"(0.9359620771385476, 0.9855521155830752)",1,97.80013299893407,15191
"(0.8446379408861877, 0.9868055555555556)",1,97.8000805251382,15192
"(0.6403503049675462, 1.0)",1,97.8000275651054,15193
"(0.849344375431332, 0.9868055555555556)",1,97.79991115237428,15194
"(0.7650293586269196, 1.0)",2,97.7998842371851,15196
"(0.8398926654740607, 1.0)",1,97.79980183352612,15197
"(0.9521171802054156, 0.9925925925925926)",1,97.79894738132248,15198
"(0.9284391534391534, 0.9820662768031188)",1,97.79831658394362,15199
"(0.9465811965811968, 1.0)",1,97.79814130737604,15200
"(0.9427450980392156, 0.9877450980392156)",2,97.7981398905796,15202
"(0.8518518518518519, 1.0)",1,97.79798739272434,15203
"(0.9543049270990448, 0.9851851851851852)",1,97.7978672640597,15204
"(0.8837209302325582, 1.0)",1,97.79777956539176,15205
"(0.8616898148148148, 1.0)",1,97.79731230964022,15206
"(0.926045751633987, 0.9882352941176472)",2,97.79700890363002,15208
"(0.8761348091033453, 0.9885627144491042)",1,97.7968345941832,15209
"(0.9320240125035522, 0.9851851851851852)",1,97.79678317395609,15210
"(0.919687006945461, 0.9743589743589745)",1,97.79644734520684,15211
"(0.9641868969810148, 0.996078431372549)",1,97.79644491331258,15212
"(0.9023569023569024, 1.0)",1,97.79634589845924,15213
"(0.9230116959064328, 0.9855521155830752)",1,97.79618066398122,15214
"(0.9168478260869564, 1.0)",1,97.79593007124384,15215
"(1.0, 1.0)",1,97.7958041958042,15216
"(0.9444444444444444, 0.9841269841269842)",1,97.79559884559907,15217
"(0.916550925925926, 0.9868055555555556)",1,97.79558923959668,15218
"(0.914421596921597, 0.996078431372549)",2,97.795319660064,15220
"(0.8518518518518519, 0.9841269841269842)",1,97.7951727285062,15221
"(0.91484126984127, 0.984967320261438)",1,97.79515889864442,15222
"(1.0, 1.0)",1,97.79493306015046,15223
"(0.7988631272401433, 0.9868055555555556)",1,97.79469825368754,15224
"(0.9191387446502536, 0.9851851851851852)",1,97.79468259089704,15225
"(0.9144192834138488, 0.9868055555555556)",1,97.7946238219788,15226
"(0.8446379408861877, 0.9868055555555556)",1,97.794529939962,15227
"(0.9359620771385476, 0.996078431372549)",1,97.79447587495488,15228
"(0.9743589743589745, 0.9868055555555556)",1,97.79416219850984,15229
"(0.9841269841269842, 1.0)",1,97.7941096732391,15230
"(0.8571024784182679, 0.9805228758169934)",2,97.79394352957202,15232
"(0.9191387446502536, 0.9820662768031188)",1,97.7938140426178,15233
"(0.875, 1.0)",1,97.7937021470774,15234
"(0.9206668561144264, 0.9886710239651416)",1,97.79356237072176,15235
"(0.9049919484702094, 0.9841269841269842)",2,97.79339031910564,15237
"(0.915619658119658, 0.9868055555555556)",1,97.79319868264226,15238
"(0.9740143369175628, 1.0)",1,97.79294457498504,15239
"(0.9665319865319866, 0.9919117647058824)",1,97.7927641196497,15240
"(0.8323660714285714, 0.9868055555555556)",1,97.79258854586786,15241
"(0.9351258309591644, 0.9868055555555556)",1,97.79241717443396,15242
"(0.9594646747587924, 0.9813854489164088)",1,97.79230474788368,15243
"(0.9841269841269842, 0.9841269841269842)",2,97.79197741168826,15245
"(0.9144192834138488, 0.9868055555555556)",1,97.79167552392744,15246
"(0.8356902356902357, 0.9868055555555556)",1,97.79162658901932,15247
"(0.8686868686868687, 1.0)",1,97.7915807049453,15248
"(0.896551724137931, 1.0)",1,97.79144852814814,15249
"(0.8734582431032859, 0.9774943735933984)",1,97.7914263569712,15250
"(0.896551724137931, 1.0)",1,97.7912746271021,15251
"(0.9197362278244632, 0.996078431372549)",2,97.7910204718369,15253
"(0.8264567669172932, 0.986574074074074)",1,97.79095430890136,15254
"(0.9696969696969696, 0.9841269841269842)",2,97.79095263929044,15256
"(1.0, 1.0)",1,97.79091331591331,15257
"(0.847123015873016, 0.9868055555555556)",1,97.7903796248769,15258
"(0.9841269841269842, 1.0)",1,97.79032245814928,15259
"(0.8078308130291714, 1.0)",2,97.79014234186378,15261
"(0.9609224859534458, 0.9827450980392156)",1,97.78982194372644,15262
"(0.9728641456582634, 0.9699346405228758)",1,97.78936278193656,15263
"(0.9465811965811968, 0.986574074074074)",1,97.78930734088266,15264
"(0.8527777777777779, 1.0)",1,97.78893231101468,15265
"(0.8832772166105499, 1.0)",1,97.78884237145108,15266
"(0.8817204301075269, 1.0)",1,97.7886159929646,15267
"(0.7630718954248366, 0.9868055555555556)",1,97.78834040831568,15268
"(0.9464473684210528, 0.9820662768031188)",1,97.78820223118836,15269
"(0.8813339438339438, 0.9868055555555556)",1,97.78812927695785,15270
"(0.9248366013071896, 1.0)",1,97.78811773072108,15271
"(0.9289529914529916, 1.0)",1,97.788076477997,15272
"(0.7975164658278694, 1.0)",1,97.78743192408268,15273
"(0.9019607843137254, 0.9868055555555556)",1,97.78696513285392,15274
"(0.9047619047619048, 0.9841269841269842)",2,97.78691271155064,15276
"(0.9894736842105264, 0.9886710239651416)",1,97.78689147549387,15277
"(0.6859811200088978, 0.9868055555555556)",1,97.78679862040951,15278
"(0.8817204301075269, 0.9841269841269842)",1,97.78658011757614,15279
"(0.9047558922558924, 0.9868055555555556)",1,97.78636496007168,15280
"(0.9269637391618816, 0.996078431372549)",2,97.78632028875836,15282
"(0.9135802469135802, 1.0)",1,97.78615727578354,15283
"(0.75, 1.0)",2,97.7861521944294,15285
"(0.9841269841269842, 1.0)",1,97.78602838385446,15286
"(0.8921257720847323, 0.9885627144491042)",1,97.78594320325617,15287
"(0.9176532769556026, 0.9775193798449612)",1,97.78556323920476,15288
"(0.9161569681636096, 0.9851851851851852)",1,97.785503500248,15289
"(0.9424323293938236, 0.9885627144491042)",2,97.78549091742455,15291
"(0.5, 1.0)",1,97.78533152160156,15292
"(0.9696969696969696, 1.0)",2,97.78525860104808,15294
"(0.9363636363636364, 1.0)",1,97.7846890812021,15295
"(0.9743589743589745, 0.9868055555555556)",1,97.78462190127374,15296
"(0.8675136116152449, 1.0)",1,97.78447551022236,15297
"(0.8864468864468864, 1.0)",1,97.7842051391751,15298
"(0.7705882352941177, 1.0)",1,97.7839017244781,15299
"(0.8332521117608837, 1.0)",1,97.78386961419636,15300
"(0.9230769230769232, 1.0)",1,97.78340559961684,15301
"(0.914421596921597, 0.9916666666666668)",1,97.7831910542804,15302
"(0.926045751633987, 0.9851851851851852)",2,97.7831152545376,15304
"(0.9407729468599032, 0.9868055555555556)",1,97.78305817599836,15305
"(0.9841269841269842, 1.0)",1,97.78272591888152,15306
"(0.8611111111111112, 1.0)",2,97.78257976075002,15308
"(0.9507101086048454, 0.9841269841269842)",1,97.7821240211521,15309
"(0.9198842592592592, 0.9868055555555556)",1,97.7820194280363,15310
"(0.8567397660818714, 0.9868055555555556)",1,97.78161559755172,15311
"(0.954722222222222, 0.992156862745098)",1,97.78143485264918,15312
"(0.8454115226337449, 0.9868055555555556)",1,97.78124698073914,15313
"(0.6403503049675462, 1.0)",1,97.78113326408815,15314
"(0.8888888888888888, 1.0)",1,97.78087806259862,15315
"(0.9191112362010194, 0.9820662768031188)",1,97.78066851613484,15316
"(0.914421596921597, 0.996078431372549)",1,97.7805650911126,15317
"(0.9628070175438596, 0.9855521155830752)",1,97.78055828082412,15318
"(0.9202508960573476, 0.9748677248677248)",1,97.77974132145508,15319
"(0.9384803921568629, 0.9894736842105264)",1,97.77971525706474,15320
"(0.9841269841269842, 1.0)",1,97.77965384052344,15321
"(0.9565217391304348, 1.0)",1,97.7796481761131,15322
"(0.8832772166105499, 1.0)",1,97.77961840628508,15323
"(0.8762954142520705, 0.9820662768031188)",1,97.77959804827526,15324
"(0.9320397146712937, 0.992156862745098)",1,97.77921586549968,15325
"(0.7544006919006919, 0.986574074074074)",1,97.77921128721631,15326
"(0.8915343915343915, 0.9866666666666666)",1,97.77920685795678,15327
"(0.8446379408861877, 0.9868055555555556)",2,97.77897530878728,15329
"(0.9444444444444444, 1.0)",1,97.77894555714248,15330
"(1.0, 1.0)",1,97.77884104199892,15331
"(0.9352372919478182, 0.9894736842105264)",1,97.77877385017815,15332
"(0.9144192834138488, 0.9868055555555556)",1,97.77866216975085,15333
"(0.8586291309669523, 0.9885627144491042)",1,97.77863887323986,15334
"(0.8502976190476191, 1.0)",1,97.77861892692702,15335
"(0.896551724137931, 1.0)",1,97.77857544871354,15336
"(0.9135802469135802, 1.0)",1,97.778521145493,15337
"(0.8592532467532467, 1.0)",1,97.77849366694085,15338
"(1.0, 1.0)",1,97.77831380400956,15339
"(0.9144192834138488, 0.9868055555555556)",1,97.77829445689945,15340
"(0.9236094950800832, 0.9877450980392156)",1,97.7782360538784,15341
"(0.8551296720061023, 1.0)",1,97.77820438343656,15342
"(0.9255470304063654, 0.9847494553376906)",1,97.77789394381404,15343
"(0.8323660714285714, 0.9868055555555556)",2,97.77748737373716,15345
"(0.9235349105085948, 0.9644646747587924)",1,97.77717160573329,15346
"(0.9230769230769232, 0.9841269841269842)",1,97.7769554969046,15347
"(0.9168115942028986, 0.980582788671024)",1,97.77666694685762,15348
"(0.9040106023792244, 0.9885627144491042)",1,97.77617383640651,15349
"(0.947088068181818, 1.0)",1,97.77602697041876,15350
"(0.8859337035751476, 1.0)",1,97.7757545076408,15351
"(0.9230769230769232, 1.0)",1,97.7755802674956,15352
"(0.9543049270990448, 0.9820662768031188)",1,97.77550074626468,15353
"(0.9327249496289745, 0.9855521155830752)",1,97.775391967024,15354
"(0.9407729468599032, 0.9868055555555556)",1,97.775273468493,15355
"(0.922287769513936, 0.9820662768031188)",1,97.77515307337208,15356
"(0.8813339438339438, 0.9868055555555556)",2,97.77483529901906,15358
"(0.9496111111111112, 0.9855521155830752)",1,97.77452266217092,15359
"(0.8943833943833944, 0.9841269841269842)",2,97.7744453378602,15361
"(0.9224211423699916, 1.0)",1,97.77440044251534,15362
"(0.9214340198321892, 1.0)",1,97.77438903583077,15363
"(0.9841269841269842, 1.0)",1,97.77417027417032,15364
"(0.9333333333333332, 0.9841269841269842)",2,97.7739512648552,15366
"(0.8520449077786689, 1.0)",1,97.773661418478,15367
"(0.875959595959596, 0.996078431372549)",1,97.77335813498058,15368
"(0.9386724386724388, 0.9841269841269842)",4,97.77323267178365,15372
"(0.9696969696969696, 1.0)",1,97.77307318215024,15373
"(0.8945130355728907, 0.9885627144491042)",1,97.77293514352912,15374
"(0.9594646747587924, 0.977304372041214)",1,97.77282369901484,15375
"(0.8520607073238652, 0.9868055555555556)",1,97.77281847688032,15376
"(0.9445350241545892, 1.0)",1,97.7726567460461,15377
"(0.9222222222222224, 0.9807902108211708)",1,97.77263341459296,15378
"(0.9289529914529916, 0.9868055555555556)",1,97.7726301041709,15379
"(0.9050292397660818, 0.9855521155830752)",1,97.77253782521665,15380
"(0.9565217391304348, 1.0)",1,97.77247434527465,15381
"(0.683375104427736, 1.0)",1,97.7723525986684,15382
"(0.9520261437908496, 0.9820662768031188)",1,97.77194818128145,15383
"(0.8731060606060606, 0.9743589743589745)",1,97.77192121833636,15384
"(0.9688888888888888, 0.9744410044719642)",1,97.77189019525068,15385
"(0.8590036231884057, 0.9743589743589745)",1,97.77188058675983,15386
"(0.9565217391304348, 1.0)",1,97.771682236175,15387
"(0.874025901365936, 0.9775193798449612)",1,97.77149743559714,15388
"(0.92710864283235, 0.965497521921464)",1,97.7714075588548,15389
"(0.9135802469135802, 1.0)",4,97.77128332814608,15393
"(0.8817204301075269, 1.0)",1,97.7710619715728,15394
"(0.8945130355728907, 0.9885627144491042)",1,97.77106086259772,15395
"(0.9306746031746032, 1.0)",1,97.77047258896653,15396
"(0.8439440176786278, 0.9885627144491042)",1,97.7701460065582,15397
"(0.919687006945461, 0.9743589743589745)",1,97.77012248139638,15398
"(0.9191112362010194, 0.9820662768031188)",1,97.76964709325402,15399
"(0.909209656084656, 1.0)",1,97.76952812346448,15400
"(0.7319111444111444, 0.9868055555555556)",1,97.76924689284932,15401
"(0.9696969696969696, 1.0)",1,97.76924186924188,15402
"(0.7753527336860669, 0.9868055555555556)",4,97.76874928286084,15406
"(0.875, 1.0)",1,97.7681693512761,15407
"(0.9320240125035522, 0.9879901960784314)",1,97.76814849014572,15408
"(0.9230769230769232, 0.9841269841269842)",1,97.76810541826032,15409
"(0.8498168498168498, 1.0)",1,97.76784855525266,15410
"(0.9466013071895424, 0.9886710239651416)",2,97.76766684297412,15412
"(0.8265590958605664, 0.9868055555555556)",1,97.76724354634425,15413
"(0.875, 1.0)",1,97.76720819073265,15414
"(0.8446379408861877, 0.9868055555555556)",1,97.7671278378203,15415
"(0.8454115226337449, 0.9734722222222224)",1,97.76692819767034,15416
"(0.9424323293938236, 0.9885627144491042)",1,97.76690959442082,15417
"(0.9882352941176472, 0.9737329434697856)",1,97.76671090076532,15418
"(0.9333333333333332, 0.9841269841269842)",2,97.7664158983002,15420
"(0.9696969696969696, 1.0)",2,97.76529659596538,15422
"(1.0, 1.0)",1,97.76524049185984,15423
"(0.9803921568627452, 0.992156862745098)",1,97.7652150440432,15424
"(0.9803921568627452, 0.976623544154504)",1,97.76512861980348,15425
"(0.9803376906318084, 0.9919117647058824)",1,97.76511415367146,15426
"(0.9802054154995332, 0.9925925925925926)",1,97.76507264964404,15427
"(0.9424323293938236, 0.9885627144491042)",1,97.76499823909704,15428
"(0.941488229119808, 0.9768191721132896)",1,97.7648022489764,15429
"(0.9272424525365702, 0.992156862745098)",2,97.76477668615615,15431
"(0.926045751633987, 0.9820662768031188)",1,97.76463257697976,15432
"(0.9224211423699916, 1.0)",1,97.76450362129457,15433
"(1.0, 0.9841269841269842)",1,97.76400219334688,15434
"(0.8368686868686868, 1.0)",1,97.76391681239814,15435
"(0.8905936111818465, 0.9894736842105264)",1,97.76380694715048,15436
"(0.9292181620122796, 0.9919117647058824)",1,97.7636374639429,15437
"(0.9365260121142476, 0.9855521155830752)",1,97.7636184605727,15438
"(0.8817204301075269, 1.0)",2,97.76344086021506,15440
"(0.90934937783235, 0.992156862745098)",1,97.762978160423,15441
"(0.8734582431032859, 0.9885627144491042)",1,97.762812924339,15442
"(0.9320240125035522, 0.9851851851851852)",1,97.76263043098751,15443
"(0.8550741594067247, 1.0)",1,97.76163232591828,15444
"(0.9841269841269842, 1.0)",4,97.76162399691812,15448
"(0.8, 1.0)",1,97.76136674555308,15449
"(0.9688888888888888, 0.9807902108211708)",1,97.76136008899933,15450
"(0.9230769230769232, 1.0)",1,97.76126406858674,15451
"(0.7782392026578072, 1.0)",2,97.7611201545469,15453
"(0.9492266992266992, 0.9868055555555556)",1,97.76072395197392,15454
"(0.8356902356902357, 0.9868055555555556)",1,97.76058163957605,15455
"(1.0, 1.0)",1,97.7604208857137,15456
"(0.896551724137931, 1.0)",1,97.76039479690546,15457
"(0.9620227038183696, 0.996078431372549)",1,97.76025013240336,15458
"(1.0, 1.0)",2,97.75995512772984,15460
"(0.9230116959064328, 0.9820662768031188)",1,97.75990561113916,15461
"(0.980582788671024, 0.9919117647058824)",1,97.75964323914836,15462
"(0.9230769230769232, 1.0)",1,97.75942284869257,15463
"(0.8468468468468467, 1.0)",1,97.7592924047576,15464
"(0.980582788671024, 0.992156862745098)",1,97.75910434050004,15465
"(0.874025901365936, 0.9885627144491042)",1,97.75908885618446,15466
"(0.7803485576923077, 0.9868055555555556)",1,97.7590170399802,15467
"(0.9466013071895424, 0.9879901960784314)",2,97.75839387846791,15469
"(0.8888888888888888, 0.986574074074074)",2,97.75818215939226,15471
"(0.9565217391304348, 1.0)",1,97.75774350236594,15472
"(0.977218782249742, 0.9886710239651416)",1,97.75759695093976,15473
"(0.9696969696969696, 1.0)",1,97.75702743503606,15474
"(0.9426596279537456, 0.9886710239651416)",2,97.75694057270104,15476
"(0.8190277777777778, 1.0)",1,97.75671961644184,15477
"(0.9230769230769232, 0.9841269841269842)",4,97.75647130647154,15481
"(0.9769410044719642, 0.9886710239651416)",1,97.75637897072237,15482
"(0.9565217391304348, 1.0)",1,97.75594453855324,15483
"(0.8415692007797271, 0.986574074074074)",1,97.75555607206728,15484
"(0.8356902356902357, 0.9868055555555556)",1,97.7555430923754,15485
"(0.8151260504201681, 1.0)",1,97.75527759656752,15486
"(0.8521317829457364, 0.9885627144491042)",1,97.75508344817368,15487
"(0.9886710239651416, 0.9819047619047618)",1,97.75495290325011,15488
"(0.9359620771385476, 0.9820662768031188)",1,97.7549176973175,15489
"(0.954722222222222, 0.9879901960784314)",1,97.75461419367338,15490
"(0.8873002904865649, 1.0)",1,97.75449368874554,15491
"(0.9465811965811968, 1.0)",1,97.7542745487346,15492
"(0.8592532467532467, 1.0)",1,97.754027501734,15493
"(0.9807902108211706, 0.9840686274509804)",1,97.75374741383096,15494
"(0.8960328317373462, 0.9885627144491042)",1,97.7536824091872,15495
"(0.8832772166105499, 1.0)",1,97.75337920265456,15496
"(0.9465811965811968, 1.0)",1,97.75328867763456,15497
"(0.8858975827700768, 1.0)",1,97.75327287109468,15498
"(0.9019607843137254, 0.9868055555555556)",1,97.75316411969254,15499
"(0.9674603174603176, 1.0)",1,97.75304810526056,15500
"(0.8345959595959597, 1.0)",1,97.75292587780544,15501
"(0.9191387446502536, 0.9820662768031188)",1,97.75292050766431,15502
"(0.8740392648287385, 1.0)",2,97.75291505656163,15504
"(0.7141994478951, 1.0)",1,97.75215259712276,15505
"(1.0, 1.0)",1,97.75193746446118,15506
"(0.7869981325863679, 1.0)",2,97.75126709019295,15508
"(0.9197362278244632, 0.9847494553376906)",1,97.75111207262351,15509
"(0.9142520753512132, 0.986574074074074)",1,97.75053594414923,15510
"(0.9206668561144264, 0.9882352941176472)",2,97.7502665357604,15512
"(0.9040106023792244, 0.9885627144491042)",2,97.75026248900292,15514
"(0.7167919799498746, 1.0)",1,97.75019355778636,15515
"(0.9350548459681588, 0.996078431372549)",1,97.7497576357489,15516
"(0.9144192834138488, 0.9868055555555556)",1,97.74966930728576,15517
"(0.922287769513936, 1.0)",1,97.74963707319188,15518
"(0.9376385678569744, 0.9774943735933984)",1,97.74952022382904,15519
"(0.9364583333333332, 1.0)",1,97.74948269723455,15520
"(0.8705805822084891, 1.0)",1,97.74934009520626,15521
"(0.9230769230769232, 1.0)",1,97.74921362051796,15522
"(0.9674603174603176, 1.0)",1,97.74913529193891,15523
"(0.7962233504512917, 0.9722222222222222)",1,97.74912020810471,15524
"(0.8415692007797271, 1.0)",1,97.74881120480264,15525
"(0.9065891472868216, 0.9885627144491042)",1,97.74879212432522,15526
"(0.9565217391304348, 0.9841269841269842)",1,97.7487214596294,15527
"(0.9135802469135802, 1.0)",1,97.74867958109834,15528
"(0.875, 1.0)",1,97.74852058273112,15529
"(0.8883205456095482, 1.0)",1,97.7480098758871,15530
"(0.8350168350168351, 1.0)",1,97.74768550234002,15531
"(0.9064872325741892, 0.9868055555555556)",1,97.7476828681908,15532
"(0.9176532769556026, 0.9774943735933984)",1,97.74767089341016,15533
"(0.8817204301075269, 0.9841269841269842)",1,97.74720481153408,15534
"(0.8193202146690518, 0.9885627144491042)",1,97.74705449900738,15535
"(0.8627450980392157, 1.0)",2,97.74703441982854,15537
"(0.8888888888888888, 1.0)",1,97.74683184158712,15538
"(0.9224211423699916, 1.0)",1,97.7465824070886,15539
"(0.93520697167756, 0.996078431372549)",1,97.74622761784627,15540
"(0.6856760145918833, 1.0)",1,97.74560221428496,15541
"(0.996078431372549, 0.9773420479302832)",1,97.74545706115158,15542
"(0.9407729468599032, 0.9868055555555556)",1,97.74545228712726,15543
"(0.9104993386243384, 1.0)",1,97.7454101377018,15544
"(0.9047619047619048, 1.0)",1,97.74531912803906,15545
"(0.8921607065475332, 0.9774943735933984)",1,97.74530213516452,15546
"(0.9209085933223864, 0.9855521155830752)",1,97.7452764186449,15547
"(0.9039684773430904, 0.992156862745098)",1,97.74508872832229,15548
"(0.926045751633987, 0.9855521155830752)",1,97.74507790139155,15549
"(0.9424323293938236, 0.9775193798449612)",1,97.74482292521256,15550
"(0.9444444444444444, 1.0)",1,97.74451483475876,15551
"(0.8803174603174604, 1.0)",1,97.7442432960824,15552
"(0.9754901960784312, 0.988425925925926)",1,97.7441725427367,15553
"(0.8817204301075269, 1.0)",1,97.74408407568674,15554
"(0.9803050108932462, 0.9919117647058824)",1,97.74403742378162,15555
"(0.9023569023569024, 1.0)",1,97.74399089964736,15556
"(0.9023809523809524, 1.0)",1,97.74391822472234,15557
"(0.8356902356902357, 0.9734722222222224)",2,97.7436085198107,15559
"(0.9444444444444444, 1.0)",1,97.74354484733436,15560
"(0.9333333333333332, 0.9841269841269842)",1,97.74339907968115,15561
"(0.7988631272401433, 0.9868055555555556)",1,97.7433173134402,15562
"(0.8584010840108401, 0.9722222222222222)",2,97.743031576124,15564
"(0.9497685185185184, 0.9868055555555556)",1,97.74283871557984,15565
"(0.9575187969924812, 0.971851851851852)",1,97.7426314865718,15566
"(0.996078431372549, 0.9925925925925926)",1,97.7426207220628,15567
"(0.9289529914529916, 1.0)",2,97.74261364654772,15569
"(0.8973484848484848, 0.9868055555555556)",1,97.74252094182695,15570
"(0.9731377053745476, 0.9808278867102396)",2,97.74251611335664,15572
"(0.8498168498168499, 1.0)",1,97.7415773239414,15573
"(0.9325581395348838, 0.9885627144491042)",1,97.74143513219096,15574
"(0.9841269841269842, 1.0)",1,97.74141677241256,15575
"(0.9302579365079364, 1.0)",2,97.7412625953349,15577
"(0.8990289449112978, 0.9894736842105264)",2,97.74114857890956,15579
"(0.8817204301075269, 1.0)",1,97.74104195754164,15580
"(0.9674603174603176, 1.0)",1,97.74101118161508,15581
"(0.8571428571428572, 1.0)",1,97.740960426404,15582
"(0.9065891472868216, 0.9885627144491042)",2,97.74091663740882,15584
"(0.9615343915343916, 0.9868055555555556)",1,97.7398004650833,15585
"(0.8586378737541528, 0.9892665474060824)",1,97.73976921175812,15586
"(0.965272331154684, 0.9916666666666668)",1,97.73966417481785,15587
"(0.9413468013468014, 0.992156862745098)",1,97.73962729601264,15588
"(0.7975164658278694, 1.0)",2,97.73953460130984,15590
"(0.8586378737541528, 1.0)",1,97.73906537880112,15591
"(0.8817204301075269, 1.0)",1,97.73886328725038,15592
"(0.7869981325863679, 1.0)",1,97.73885577477236,15593
"(0.9886710239651416, 0.9840686274509804)",1,97.73870625532696,15594
"(0.8259011519881087, 0.9868055555555556)",2,97.7386493781347,15596
"(0.9144192834138488, 0.9868055555555556)",1,97.73726097459372,15597
"(0.7694146952259165, 0.9722222222222222)",1,97.73712092489444,15598
"(0.9407729468599032, 0.9868055555555556)",1,97.73660730183089,15599
"(0.6119444444444445, 0.9868055555555556)",1,97.7365640599334,15600
"(1.0, 1.0)",1,97.7360804844787,15601
"(0.8259011519881087, 0.9868055555555556)",1,97.73600295007262,15602
"(0.8666666666666667, 1.0)",1,97.73596536885432,15603
"(0.9738562091503268, 0.9882352941176472)",1,97.7358172807584,15604
"(0.9445350241545892, 1.0)",1,97.73579254235648,15605
"(0.9507101086048454, 1.0)",1,97.73555518128036,15606
"(0.9087026014109348, 1.0)",1,97.73513367322656,15607
"(0.9067629419191918, 1.0)",1,97.73475967174492,15608
"(0.9465811965811968, 1.0)",2,97.734684464989,15610
"(0.9216397849462366, 0.9868055555555556)",1,97.73444162385086,15611
"(0.916550925925926, 0.9868055555555556)",1,97.7343722014512,15612
"(0.992156862745098, 0.988425925925926)",1,97.7342437088012,15613
"(0.941156690746474, 0.996078431372549)",1,97.73415774714915,15614
"(0.9191387446502536, 0.9847494553376906)",1,97.73410841515776,15615
"(0.9364583333333332, 1.0)",1,97.73388096049678,15616
"(0.8966049382716049, 0.9868055555555556)",1,97.73365917914336,15617
"(0.9386724386724388, 1.0)",2,97.7336496804061,15619
"(0.9672494553376906, 0.9847117794486216)",1,97.73320159711714,15620
"(0.7765567765567766, 1.0)",1,97.73318677753748,15621
"(0.9707143676183924, 0.959506172839506)",1,97.73315521466304,15622
"(0.7648203612350899, 0.9868055555555556)",1,97.73312370820912,15623
"(0.874025901365936, 0.9885627144491042)",2,97.73303916656243,15625
"(0.854657646777212, 0.9868055555555556)",1,97.73212733139547,15626
"(0.9191387446502536, 0.9820662768031188)",1,97.73174696296272,15627
"(0.9399138116785176, 0.9886710239651416)",1,97.73169115814277,15628
"(0.8551296720061023, 1.0)",1,97.7311604258454,15629
"(0.9049919484702094, 0.9841269841269842)",1,97.73080399045897,15630
"(0.9444444444444444, 1.0)",1,97.7304919816743,15631
"(0.947088068181818, 1.0)",1,97.73020086189624,15632
"(0.9384803921568629, 0.9925925925925926)",1,97.73003958055163,15633
"(0.8227906976744187, 0.9775193798449612)",1,97.72998571709655,15634
"(0.8227906976744187, 0.9885627144491042)",1,97.72998571709655,15635
"(0.9696969696969696, 1.0)",1,97.7299550686918,15636
"(0.8738126483317046, 0.9879901960784314)",1,97.72995496306476,15637
"(0.8078308130291714, 0.9885627144491042)",1,97.729885005867,15638
"(0.9740143369175628, 0.986574074074074)",2,97.72981293936212,15640
"(0.8457575757575757, 0.9868055555555556)",1,97.72976571022274,15641
"(0.9466207660652104, 1.0)",1,97.72973137849516,15642
"(0.9466207660652104, 1.0)",1,97.72951719380102,15643
"(0.9696969696969696, 1.0)",1,97.72918456018036,15644
"(0.9003322259136212, 0.9885627144491042)",1,97.7290172650632,15645
"(0.9142520753512132, 1.0)",2,97.72890793285232,15647
"(0.9688888888888888, 0.977304372041214)",1,97.728838646924,15648
"(0.9349556489262372, 0.977304372041214)",1,97.7286714638418,15649
"(0.8757566103854729, 0.9775193798449612)",1,97.7285612199036,15650
"(0.9172932330827066, 1.0)",1,97.72826004404952,15651
"(0.8281746031746032, 1.0)",1,97.72752586698024,15652
"(0.9014364972259707, 0.9698969646338068)",1,97.7270657696468,15653
"(0.9444444444444444, 1.0)",1,97.7268451284852,15654
"(0.9444444444444444, 1.0)",1,97.72678527242422,15655
"(0.9248366013071896, 1.0)",2,97.72655414080594,15657
"(0.6010487528344671, 0.9868055555555556)",1,97.72654713819374,15658
"(0.8888888888888888, 1.0)",1,97.7264909923712,15659
"(0.9841269841269842, 1.0)",1,97.72630710355446,15660
"(0.9460611405055848, 0.9868055555555556)",1,97.72612247582197,15661
"(0.9333333333333332, 1.0)",1,97.72601945663048,15662
"(0.9841269841269842, 1.0)",1,97.7255256989812,15663
"(0.9327096052096052, 1.0)",1,97.72494831825588,15664
"(0.883876357560568, 1.0)",1,97.72491033828096,15665
"(0.9407729468599032, 0.9866666666666666)",1,97.724783868612,15666
"(0.9230769230769232, 1.0)",1,97.7247535073622,15667
"(0.9191387446502536, 0.9855521155830752)",1,97.72465084375877,15668
"(0.8831018518518517, 1.0)",1,97.724565378314,15669
"(0.914421596921597, 0.992156862745098)",1,97.72426239982347,15670
"(1.0, 1.0)",1,97.72424265669754,15671
"(0.9306746031746032, 1.0)",1,97.72418486673703,15672
"(0.8915343915343915, 0.9868055555555556)",1,97.72308466146524,15673
"(0.984967320261438, 0.9894736842105264)",1,97.72304734927052,15674
"(0.8, 1.0)",1,97.72303013439657,15675
"(0.9142520753512132, 1.0)",1,97.7228625836688,15676
"(0.9135802469135802, 1.0)",1,97.7224053399492,15677
"(0.8822954822954823, 0.9748677248677248)",1,97.7223585084509,15678
"(0.7349551414768807, 0.9743589743589745)",1,97.72222597770865,15679
"(0.8888888888888888, 0.9841269841269842)",1,97.72198933224874,15680
"(1.0, 0.9841269841269842)",1,97.7217532467534,15681
"(0.919047619047619, 1.0)",1,97.72150103188278,15682
"(0.9407729468599032, 0.9868055555555556)",1,97.72127888019656,15683
"(0.5951421188630491, 1.0)",1,97.72121401914,15684
"(0.9047619047619048, 1.0)",1,97.72108562307116,15685
"(0.9040106023792244, 0.9885627144491042)",1,97.72095716338583,15686
"(0.6859811200088978, 0.9868055555555556)",1,97.72051886900404,15687
"(0.9444444444444444, 1.0)",1,97.72050122409196,15688
"(0.9306746031746032, 1.0)",1,97.72046569663566,15689
"(0.9272486772486772, 0.9866666666666666)",1,97.7203349051352,15690
"(0.911687675070028, 0.9820662768031188)",1,97.72025074942265,15691
"(0.8779083570750237, 0.9743589743589745)",2,97.72019365032004,15693
"(0.8590556730091613, 0.9885627144491042)",2,97.72015590778514,15695
"(0.8817204301075269, 1.0)",1,97.72010292784208,15696
"(0.8423371647509579, 1.0)",1,97.71972151086598,15697
"(0.9543049270990448, 0.9812636165577342)",1,97.71917640802585,15698
"(0.8323660714285714, 0.9722222222222222)",1,97.71914742664728,15699
"(0.9135802469135802, 1.0)",2,97.719039015787,15701
"(0.9230769230769232, 1.0)",1,97.71892159653108,15702
"(0.9465811965811968, 1.0)",1,97.71868681572629,15703
"(0.9454986295593504, 0.9868055555555556)",1,97.71867066700422,15704
"(0.8991666666666667, 1.0)",1,97.7185543677748,15705
"(0.7555555555555554, 1.0)",1,97.71851514198404,15706
"(0.916550925925926, 0.9868055555555556)",2,97.71844258666844,15708
"(0.8731060606060606, 1.0)",2,97.71815810390812,15710
"(0.9444444444444444, 1.0)",1,97.71805355138687,15711
"(0.9065891472868216, 0.9885627144491042)",1,97.71795071455192,15712
"(0.8762954142520705, 0.9851851851851852)",2,97.71769420290876,15714
"(0.8734582431032859, 0.9775193798449612)",1,97.71739119698172,15715
"(0.7975164658278694, 1.0)",1,97.71736666146307,15716
"(0.8078308130291714, 0.9885627144491042)",1,97.71736016458328,15717
"(0.9333333333333332, 0.9841269841269842)",3,97.71701173222937,15720
"(0.951438596491228, 0.977304372041214)",1,97.71701151571742,15721
"(0.941488229119808, 0.977304372041214)",1,97.71686876390449,15722
"(0.8518954248366013, 1.0)",1,97.71682163398891,15723
"(0.8078308130291714, 0.9885627144491042)",1,97.7165845121702,15724
"(0.7544006919006919, 1.0)",1,97.7164877682539,15725
"(0.8712763475149724, 0.9885627144491042)",1,97.71638254707706,15726
"(0.8163854689162486, 1.0)",1,97.71614092567046,15727
"(0.92710864283235, 0.9774943735933984)",1,97.71600036158428,15728
"(0.9047558922558924, 0.9868055555555556)",1,97.71526713388768,15729
"(0.8966049382716049, 0.9868055555555556)",2,97.71522253880026,15731
"(1.0, 0.9840686274509804)",1,97.71513784801074,15732
"(0.8857001484413657, 1.0)",1,97.71477871022,15733
"(1.0, 1.0)",1,97.71467722495716,15734
"(0.9344643144952745, 0.9886710239651416)",1,97.7145711520273,15735
"(0.9191387446502536, 0.9820662768031188)",1,97.71436711841636,15736
"(0.7962233504512917, 0.9868055555555556)",1,97.71431605479545,15737
"(0.8410353535353535, 0.9868055555555556)",1,97.7143034168916,15738
"(0.5, 0.9841269841269842)",1,97.714110044545,15739
"(0.8888888888888888, 1.0)",1,97.71378808505246,15740
"(0.8309016086793863, 0.9868055555555556)",1,97.71369530022284,15741
"(0.8518954248366013, 1.0)",1,97.71367565852503,15742
"(0.9743589743589745, 0.9868055555555556)",1,97.71302358800185,15743
"(0.9594646747587924, 0.9650167903418676)",1,97.71283658933658,15744
"(0.916550925925926, 0.9722222222222222)",1,97.71263547941426,15745
"(0.8454115226337449, 0.9868055555555556)",1,97.7123782739538,15746
"(0.954722222222222, 0.9879901960784314)",1,97.71231588690358,15747
"(0.9327249496289745, 0.9886710239651416)",1,97.71222198079728,15748
"(0.8446379408861877, 0.9868055555555556)",1,97.7115390633906,15749
"(0.9521171802054156, 0.969967320261438)",2,97.71146884422848,15751
"(0.9191112362010194, 0.9925925925925926)",2,97.7112102966048,15753
"(0.96937564499484, 0.992156862745098)",1,97.71119233569638,15754
"(1.0, 1.0)",1,97.71052882205908,15755
"(0.912041847041847, 0.992156862745098)",1,97.7102641357186,15756
"(0.853187414500684, 0.9885627144491042)",2,97.70999010563608,15758
"(0.9521171802054156, 0.9764161220043572)",1,97.70990214894374,15759
"(0.9386724386724388, 0.9841269841269842)",2,97.70988241354394,15761
"(0.9325581395348838, 0.9885627144491042)",1,97.70944789548764,15762
"(1.0, 0.9841269841269842)",1,97.70926734084648,15763
"(0.8465418823841762, 1.0)",1,97.70922035398524,15764
"(0.9230769230769232, 1.0)",1,97.70898078529656,15765
"(0.9491329966329968, 0.996078431372549)",2,97.7089508363091,15767
"(0.9384803921568629, 0.9886710239651416)",1,97.70880222463784,15768
"(0.896551724137931, 1.0)",1,97.70868442785766,15769
"(0.9537191990305268, 0.9885627144491042)",1,97.70813859115766,15770
"(0.9224211423699916, 0.9841269841269842)",1,97.70766614830762,15771
"(0.8428739632573199, 0.9868055555555556)",2,97.70763031398263,15773
"(0.8762954142520705, 0.996078431372549)",1,97.70751891021646,15774
"(0.8960328317373462, 0.9885627144491042)",1,97.7074952942527,15775
"(0.798952602093469, 0.9820662768031188)",1,97.70741453976606,15776
"(0.8454115226337449, 0.9868055555555556)",1,97.7072309628286,15777
"(0.8915343915343915, 0.9868055555555556)",1,97.70674953108843,15778
"(0.8466625966625967, 0.9868055555555556)",1,97.70665296353909,15779
"(0.7988631272401433, 0.9868055555555556)",1,97.70637410440452,15780
"(0.9667927989909412, 0.9894736842105264)",1,97.70635147942843,15781
"(0.9306746031746032, 1.0)",1,97.70621611151812,15782
"(1.0, 0.9841269841269842)",1,97.70595597697954,15783
"(0.8350168350168351, 1.0)",1,97.70593014763148,15784
"(0.8527777777777779, 1.0)",1,97.70592260735282,15785
"(0.9740143369175628, 1.0)",1,97.7058541360564,15786
"(1.0, 1.0)",1,97.7055551131638,15787
"(0.962458433665864, 0.9855521155830752)",1,97.7054763700352,15788
"(0.9407729468599032, 0.9868055555555556)",2,97.7053779211846,15790
"(0.9272486772486772, 0.9743589743589745)",2,97.70524104354342,15792
"(0.9135802469135802, 0.9841269841269842)",1,97.70519898780792,15793
"(0.9333333333333332, 0.9841269841269842)",2,97.70511250613572,15795
"(0.914421596921597, 0.992156862745098)",1,97.70475796196456,15796
"(0.8873002904865649, 1.0)",2,97.70473192731092,15798
"(0.9230769230769232, 1.0)",1,97.70458115210212,15799
"(0.9365260121142476, 0.9894736842105264)",1,97.70457528952952,15800
"(0.925553613053613, 0.9868055555555556)",1,97.7045244372591,15801
"(0.7081939799331105, 1.0)",1,97.7044188885806,15802
"(0.8078308130291714, 1.0)",1,97.70413161351024,15803
"(0.922050500014663, 0.9891472868217054)",1,97.7039619365504,15804
"(0.912041847041847, 0.9894736842105264)",1,97.7039175092698,15805
"(1.0, 1.0)",1,97.70376730617744,15806
"(0.9444444444444444, 1.0)",1,97.70368853468432,15807
"(0.8943833943833944, 0.9841269841269842)",1,97.70361109963468,15808
"(0.9565217391304348, 1.0)",1,97.7032638858726,15809
"(0.853187414500684, 0.9885627144491042)",1,97.70312460767468,15810
"(0.8488297541238717, 1.0)",1,97.703074493136,15811
"(0.7544006919006919, 1.0)",1,97.70306184232795,15812
"(0.849344375431332, 0.9866666666666666)",1,97.70286475505324,15813
"(0.8740392648287385, 1.0)",2,97.70279636113176,15815
"(0.9230769230769232, 1.0)",1,97.70225216195882,15816
"(0.9506818181818182, 0.9868055555555556)",1,97.70220025316485,15817
"(0.9665319865319866, 0.992156862745098)",1,97.70145989147332,15818
"(0.91484126984127, 0.9855521155830752)",1,97.7013554473475,15819
"(0.9465811965811968, 1.0)",1,97.70099870394836,15820
"(0.8971203581710827, 0.9868055555555556)",1,97.70088036981394,15821
"(0.9349556489262372, 0.977304372041214)",1,97.70074234963153,15822
"(0.8977777777777779, 1.0)",1,97.70031746031746,15823
"(0.8368686868686868, 1.0)",2,97.699930885941,15825
"(0.7141994478951, 1.0)",2,97.69991344541084,15827
"(0.8332521117608837, 1.0)",1,97.69969012755,15828
"(0.9142520753512132, 1.0)",1,97.69954495649344,15829
"(0.9206349206349206, 1.0)",1,97.6992405255563,15830
"(0.8731060606060606, 0.9748677248677248)",1,97.69920484852722,15831
"(0.9378306878306878, 0.9868055555555556)",1,97.69914576520904,15832
"(0.90934937783235, 0.992156862745098)",1,97.69907709169756,15833
"(0.9743589743589745, 0.9868055555555556)",1,97.6989963654533,15834
"(0.9182874260815438, 0.992156862745098)",1,97.69872612774115,15835
"(0.9064872325741892, 0.9868055555555556)",2,97.69841666222555,15837
"(0.8457575757575757, 0.9868055555555556)",1,97.69825476392909,15838
"(0.919687006945461, 0.9866666666666666)",2,97.69790660392636,15840
"(0.925553613053613, 0.9868055555555556)",2,97.6978068234862,15842
"(0.8882535288785288, 0.9866666666666666)",1,97.69741450729036,15843
"(0.936026936026936, 1.0)",1,97.697304306,15844
"(0.8952020202020202, 1.0)",1,97.6970291727154,15845
"(0.9056772399713576, 0.9816305469556244)",1,97.69691689171286,15846
"(0.7777777777777776, 1.0)",1,97.69671299935597,15847
"(0.9346192998272106, 0.977304372041214)",1,97.69652143889684,15848
"(0.8318452380952381, 0.9868055555555556)",1,97.69650539275516,15849
"(0.9444444444444444, 1.0)",1,97.69646265593292,15850
"(0.8415692007797271, 0.986574074074074)",1,97.69604235578812,15851
"(0.8714344685242518, 0.9877450980392156)",1,97.69596905838722,15852
"(0.9202401372212692, 1.0)",1,97.6959672428202,15853
"(0.9144192834138488, 0.9868055555555556)",1,97.69591975003448,15854
"(0.9591269841269842, 0.9707373007682604)",1,97.6957597425844,15855
"(0.9189473684210526, 0.9855521155830752)",1,97.69564052634134,15856
"(0.8129898303922073, 1.0)",1,97.69554068564187,15857
"(0.8590556730091613, 0.9885627144491042)",1,97.695450691513,15858
"(0.8323660714285714, 0.9868055555555556)",1,97.69541565333992,15859
"(0.9609224859534458, 0.996078431372549)",1,97.6953161683816,15860
"(1.0, 0.9841269841269842)",1,97.69524397906086,15861
"(0.9023809523809524, 1.0)",1,97.69487389673064,15862
"(0.9748677248677248, 0.9868055555555556)",4,97.6947878532721,15866
"(0.8446379408861877, 0.9868055555555556)",1,97.6945914345654,15867
"(0.9104993386243384, 0.986574074074074)",1,97.69417878461388,15868
"(0.8921607065475332, 0.965497521921464)",2,97.6939185003741,15870
"(0.8518518518518519, 1.0)",1,97.6938741964342,15871
"(0.9320240125035522, 0.9820662768031188)",1,97.69361485987302,15872
"(0.8905936111818465, 0.9851851851851852)",1,97.69359831557804,15873
"(0.8832772166105499, 1.0)",1,97.69356480950684,15874
"(0.9743589743589745, 0.9868055555555556)",4,97.6935629334571,15878
"(0.9351326548694968, 0.996078431372549)",1,97.6934587861116,15879
"(1.0, 1.0)",1,97.69340661374645,15880
"(0.8318452380952381, 0.9743589743589745)",1,97.69330703849867,15881
"(0.9, 1.0)",1,97.69300816580792,15882
"(0.9424323293938236, 0.9885627144491042)",1,97.69290890206004,15883
"(0.9886710239651416, 0.987467320261438)",1,97.69242887786292,15884
"(0.9507101086048454, 0.9841269841269842)",1,97.69238121141504,15885
"(0.941156690746474, 0.9840686274509804)",1,97.69230345668171,15886
"(0.9565217391304348, 0.9841269841269842)",1,97.6922531574708,15887
"(0.8563074352548036, 0.9722222222222222)",1,97.6920963823795,15888
"(0.8584010840108401, 0.9868055555555556)",1,97.69207093384436,15889
"(0.95536349042541, 0.996078431372549)",1,97.69181180811192,15890
"(0.8683333333333333, 0.9868055555555556)",1,97.69152308899744,15891
"(0.9444444444444444, 1.0)",1,97.69147072257591,15892
"(0.7869981325863679, 1.0)",1,97.69144683880246,15893
"(0.9191112362010194, 0.992156862745098)",1,97.69121143653544,15894
"(0.9047619047619048, 1.0)",1,97.6910866910867,15895
"(0.8887463343108504, 0.9868055555555556)",1,97.69074437233095,15896
"(0.8970659722222223, 1.0)",1,97.69072417675984,15897
"(0.9264176245210728, 1.0)",4,97.6905421857222,15901
"(0.7319111444111444, 0.9868055555555556)",1,97.69050800968884,15902
"(0.9492266992266992, 0.9868055555555556)",1,97.69042464060432,15903
"(0.8466625966625967, 0.9868055555555556)",2,97.6902221807726,15905
"(0.9469444444444444, 0.977304372041214)",1,97.69020957370816,15906
"(0.9386724386724388, 0.9841269841269842)",2,97.68999937260833,15908
"(0.8889463321560508, 0.9761710239651415)",1,97.6899071544386,15909
"(0.9206349206349206, 1.0)",1,97.68942382306226,15910
"(0.853187414500684, 0.9885627144491042)",1,97.6893767122088,15911
"(0.9019607843137254, 0.9868055555555556)",2,97.688994546886,15913
"(0.7869981325863679, 1.0)",1,97.68898726391927,15914
"(0.8714344685242518, 0.992156862745098)",1,97.688711965617,15915
"(0.8190309499878695, 0.9774943735933984)",1,97.68798297101787,15916
"(0.9351326548694968, 0.992156862745098)",2,97.68758997264968,15918
"(0.896551724137931, 1.0)",1,97.68738748011708,15919
"(0.7975164658278694, 1.0)",1,97.68738671924412,15920
"(0.8748472964943552, 0.996078431372549)",1,97.68730450518493,15921
"(0.9803376906318084, 0.976661220043573)",1,97.68718128402509,15922
"(0.8817204301075269, 1.0)",1,97.68718017080764,15923
"(0.9125701913010372, 0.9913490623109498)",4,97.6871209436885,15927
"(0.9087026014109348, 1.0)",1,97.68692716088546,15928
"(0.9841269841269842, 0.9841269841269842)",1,97.68646717141856,15929
"(0.9138847117794486, 0.992156862745098)",2,97.68629121932076,15931
"(0.9444444444444444, 1.0)",1,97.68626954591866,15932
"(0.9466207660652104, 1.0)",1,97.68609473938568,15933
"(0.9325581395348838, 0.9885627144491042)",2,97.68609454727776,15935
"(0.752498299912093, 0.9868055555555556)",1,97.68608428164131,15936
"(0.8921607065475332, 0.9885627144491042)",2,97.6860822804532,15938
"(0.9445350241545892, 1.0)",1,97.6859150342669,15939
"(0.932852564102564, 1.0)",1,97.6858365704284,15940
"(0.9460611405055848, 0.9868055555555556)",1,97.6858061457657,15941
"(0.8457575757575757, 0.9868055555555556)",2,97.68565954938887,15943
"(0.9841269841269842, 1.0)",1,97.68561486822357,15944
"(0.875, 1.0)",1,97.68555255561743,15945
"(0.9803376906318084, 0.9698949579831933)",1,97.68515110362635,15946
"(0.8714344685242518, 0.9916666666666668)",1,97.68503880131016,15947
"(0.9216397849462366, 0.9868055555555556)",1,97.68494007454844,15948
"(0.9135802469135802, 1.0)",1,97.6845497864568,15949
"(0.9855521155830752, 0.9803921568627452)",1,97.684519897369,15950
"(0.8577654071075123, 0.9868055555555556)",1,97.68437599015176,15951
"(0.8977777777777779, 1.0)",1,97.684309712754,15952
"(0.9349556489262372, 0.9733828034137632)",2,97.68417353471618,15954
"(0.7460317460317459, 1.0)",1,97.68383870392358,15955
"(0.896551724137931, 1.0)",1,97.68361778706604,15956
"(0.996078431372549, 0.9855521155830752)",1,97.68316579848312,15957
"(0.9886710239651416, 0.9835457516339868)",1,97.68306684772682,15958
"(0.9342814048696402, 0.9894736842105264)",1,97.683001756853,15959
"(0.9235349105085948, 0.9807902108211708)",1,97.68294823027168,15960
"(0.9248366013071896, 1.0)",1,97.68254584278024,15961
"(0.8550387596899225, 0.9775193798449612)",1,97.68244790160324,15962
"(0.8312992626493769, 0.986574074074074)",1,97.68242318367588,15963
"(0.9135802469135802, 1.0)",1,97.68238113531528,15964
"(0.9019607843137254, 0.9868055555555556)",1,97.6823665415318,15965
"(0.9209085933223864, 0.9925925925925926)",1,97.68199262039263,15966
"(0.8770009060706736, 0.9885627144491042)",1,97.68189341112384,15967
"(0.9325581395348838, 0.9885627144491042)",1,97.68185754720275,15968
"(0.8966049382716049, 0.9868055555555556)",1,97.68127550561564,15969
"(0.8454115226337449, 0.9868055555555556)",2,97.6811610019032,15971
"(0.8563074352548036, 0.9734722222222224)",2,97.6810788038649,15973
"(0.8465418823841762, 1.0)",1,97.68100616034926,15974
"(0.8590556730091613, 0.9885627144491042)",1,97.68042287930956,15975
"(0.9135802469135802, 1.0)",1,97.6801245252596,15976
"(0.7753527336860669, 0.9866666666666666)",1,97.68000089068336,15977
"(0.9391865079365078, 1.0)",2,97.67964390765842,15979
"(0.875, 1.0)",1,97.67898752030766,15980
"(0.9023569023569024, 1.0)",1,97.67898214501422,15981
"(0.9515255049388176, 0.9820662768031188)",1,97.6788155669482,15982
"(0.95536349042541, 0.996078431372549)",1,97.67833141595504,15983
"(0.9217244500139238, 0.992156862745098)",1,97.67820670172873,15984
"(0.8485941734417344, 1.0)",1,97.67784655915062,15985
"(0.9619323671497584, 0.996078431372549)",1,97.6774699386749,15986
"(0.9333333333333332, 1.0)",2,97.67738051831944,15988
"(0.9222222222222224, 0.9801470588235296)",2,97.67707524093233,15990
"(0.9349556489262372, 0.9807902108211708)",1,97.67680051174224,15991
"(0.9411376480416728, 0.992156862745098)",1,97.67679643571373,15992
"(0.9313405797101448, 0.9868055555555556)",1,97.67645291914198,15993
"(0.9014364972259707, 0.9773043720412142)",2,97.67635792475778,15995
"(0.9023569023569024, 1.0)",1,97.67586243654978,15996
"(0.8627450980392157, 1.0)",1,97.67585359448104,15997
"(0.9224211423699916, 1.0)",1,97.67582991683147,15998
"(0.875, 1.0)",1,97.675732243723,15999
"(0.9677910052910051, 0.9777777777777776)",1,97.67548312100476,16000
"(0.9284391534391534, 0.9886710239651416)",1,97.67540963192634,16001
"(0.8817204301075269, 1.0)",1,97.6753728747898,16002
"(0.9325581395348838, 0.9885627144491042)",2,97.67505121267362,16004
"(0.896551724137931, 1.0)",1,97.67478927605968,16005
"(0.9047619047619048, 0.9841269841269842)",1,97.67475031357748,16006
"(0.9019607843137254, 0.9868055555555556)",1,97.67470675588945,16007
"(0.8888888888888888, 1.0)",2,97.67393672507367,16009
"(0.8945130355728907, 0.9885627144491042)",1,97.67369433159718,16010
"(0.8305168558651531, 0.9868055555555556)",1,97.6732089378928,16011
"(0.8731060606060606, 1.0)",2,97.67319096065197,16013
"(0.8550741594067247, 1.0)",1,97.67306402901237,16014
"(0.9378306878306878, 0.9868055555555556)",1,97.67287402934508,16015
"(0.8577654071075123, 0.9868055555555556)",1,97.67281570234832,16016
"(0.9696969696969696, 1.0)",1,97.67268758029628,16017
"(0.9019607843137254, 0.9868055555555556)",1,97.67214314399298,16018
"(0.9358798064680418, 0.9879901960784314)",1,97.67200283634564,16019
"(0.9319444444444444, 0.9743589743589745)",1,97.6718248592013,16020
"(0.9351326548694968, 0.992156862745098)",1,97.67148718665648,16021
"(0.9452703058895008, 0.992156862745098)",1,97.67137338216784,16022
"(0.6403503049675462, 1.0)",1,97.67126169727672,16023
"(0.9688888888888888, 0.9847117794486216)",2,97.6710869622019,16025
"(0.9172932330827066, 1.0)",1,97.67105218831804,16026
"(0.7026748971193416, 0.9868055555555556)",1,97.6710422592635,16027
"(0.9503921568627453, 0.992156862745098)",1,97.67097723984482,16028
"(0.9325581395348838, 0.9885627144491042)",1,97.67081421259864,16029
"(0.9235349105085948, 0.977304372041214)",2,97.67036035200908,16031
"(0.8881506090808416, 0.9885627144491042)",1,97.6703174222944,16032
"(0.8428739632573199, 0.9868055555555556)",1,97.67021055150214,16033
"(0.919047619047619, 1.0)",1,97.66990283422346,16034
"(0.8368686868686868, 0.986574074074074)",1,97.66973062490344,16035
"(0.8888888888888888, 1.0)",1,97.66968988644854,16036
"(0.9144192834138488, 0.9868055555555556)",1,97.66965966956316,16037
"(0.9224211423699916, 1.0)",1,97.6695836247728,16038
"(0.9222222222222224, 0.9886710239651416)",1,97.66942184429236,16039
"(0.919047619047619, 0.9841269841269842)",2,97.66938227246052,16041
"(0.919735122119023, 0.977304372041214)",1,97.66911181325274,16042
"(0.8265590958605664, 0.9868055555555556)",1,97.66909098785622,16043
"(0.8368686868686868, 1.0)",1,97.66908124938983,16044
"(0.8915343915343915, 0.9868055555555556)",2,97.66885908111831,16046
"(0.9202401372212692, 0.9885627144491042)",1,97.66842450271363,16047
"(0.9325581395348838, 0.9775193798449612)",1,97.6680364681991,16048
"(0.8402777777777779, 1.0)",1,97.6678082662278,16049
"(0.9444444444444444, 1.0)",2,97.66735679779158,16051
"(0.9370015948963316, 0.9841269841269842)",1,97.66703385982696,16052
"(0.9346192998272106, 0.9768686421937196)",1,97.66694819899824,16053
"(0.8318452380952381, 0.9743589743589745)",1,97.66688686855322,16054
"(0.9688888888888888, 0.9886710239651416)",1,97.66667472374968,16055
"(0.9841269841269842, 1.0)",2,97.6658881963788,16057
"(0.9047619047619048, 1.0)",1,97.66562954917724,16058
"(0.9230769230769232, 1.0)",1,97.66529407600012,16059
"(0.9144192834138488, 0.9868055555555556)",1,97.66527777289424,16060
"(0.8627450980392157, 1.0)",1,97.66505555137944,16061
"(0.8960328317373462, 0.9885627144491042)",1,97.66505384370012,16062
"(0.8858975827700768, 1.0)",1,97.66487253468792,16063
"(1.0, 0.9841269841269842)",1,97.66483503077728,16064
"(0.9144192834138488, 0.9868055555555556)",2,97.6646626935292,16066
"(0.9466013071895424, 0.9882352941176472)",1,97.66446666469116,16067
"(0.90934937783235, 0.9777089783281734)",1,97.6644080096012,16068
"(0.9515843873249014, 0.9775193798449612)",1,97.66435427019582,16069
"(1.0, 0.9841269841269842)",1,97.6643461241378,16070
"(0.9230769230769232, 1.0)",1,97.66414286196904,16071
"(0.9454986295593504, 0.9868055555555556)",1,97.664098817951,16072
"(0.9841269841269842, 1.0)",1,97.663640179995,16073
"(0.8945130355728907, 0.9885627144491042)",1,97.6633704424438,16074
"(0.8888888888888888, 0.9868055555555556)",1,97.66319494468608,16075
"(0.7496650452295612, 1.0)",1,97.66305297805266,16076
"(0.875, 0.9841269841269842)",1,97.66299972166826,16077
"(0.9444444444444444, 1.0)",1,97.66269841269845,16078
"(0.941488229119808, 0.9807407407407408)",1,97.66243042633792,16079
"(0.9035087719298246, 0.9913490623109498)",4,97.66238315353824,16083
"(0.96234335839599, 0.9847117794486216)",1,97.66234798483256,16084
"(0.8439440176786278, 0.9885627144491042)",1,97.66223446650676,16085
"(0.9138847117794486, 0.996078431372549)",1,97.66220067948578,16086
"(0.7149501661129568, 0.9885627144491042)",1,97.66208485342725,16087
"(0.9197362278244632, 0.992156862745098)",1,97.66198940833796,16088
"(0.9047619047619048, 1.0)",1,97.66188233524365,16089
"(0.911687675070028, 0.9855521155830752)",1,97.66174057207414,16090
"(0.9346192998272106, 0.9768686421937196)",1,97.66129325405566,16091
"(0.8779083570750237, 1.0)",1,97.6612369941584,16092
"(0.7869981325863679, 1.0)",2,97.66118346263976,16094
"(0.9688888888888888, 0.9807902108211708)",1,97.66117972224856,16095
"(0.9191387446502536, 0.9820662768031188)",1,97.66115742956448,16096
"(0.8518518518518519, 1.0)",1,97.66038674741408,16097
"(0.9407729468599032, 0.9868055555555556)",1,97.6598388259618,16098
"(0.9430755736638088, 0.9847494553376906)",1,97.65977977608112,16099
"(0.9841269841269842, 1.0)",1,97.65955638564336,16100
"(0.992156862745098, 0.9919117647058824)",1,97.65940795439576,16101
"(0.9444444444444444, 1.0)",1,97.6593813470339,16102
"(0.8714344685242518, 0.9916666666666668)",1,97.65922651344871,16103
"(0.9047619047619048, 1.0)",1,97.65906651094824,16104
"(0.9841269841269842, 1.0)",1,97.65861915861916,16105
"(0.8888888888888888, 1.0)",1,97.65785683636824,16106
"(0.9386724386724388, 0.9841269841269842)",1,97.6575332879683,16107
"(0.8882535288785288, 0.9743589743589745)",1,97.65743593531774,16108
"(0.908998988877654, 0.9774943735933984)",1,97.65727968319749,16109
"(0.91484126984127, 0.9894736842105264)",1,97.65708887802823,16110
"(0.9037076648841356, 0.996078431372549)",1,97.65682195568807,16111
"(0.8468468468468467, 1.0)",2,97.6565761989382,16113
"(0.9841269841269842, 1.0)",1,97.6562406142616,16114
"(0.896551724137931, 1.0)",1,97.6560580891056,16115
"(0.9520261437908496, 0.9820662768031188)",1,97.65605605285108,16116
"(0.9424323293938236, 0.9775193798449612)",1,97.65589687049965,16117
"(0.9426596279537456, 0.9820662768031188)",1,97.6554518357744,16118
"(0.859735522115823, 0.9775193798449612)",1,97.65510561519672,16119
"(0.9327096052096052, 1.0)",2,97.65497971058318,16121
"(0.9594646747587924, 0.9847117794486216)",1,97.65488523281556,16122
"(0.9222222222222224, 0.9807902108211708)",2,97.65480579433796,16124
"(0.8921607065475332, 0.9774943735933984)",1,97.65452792130596,16125
"(0.9049532029717788, 0.977218782249742)",1,97.65447330991448,16126
"(0.9230769230769232, 1.0)",1,97.65416306720654,16127
"(0.9358798064680418, 0.992156862745098)",1,97.65320932698374,16128
"(0.926045751633987, 0.9925925925925926)",1,97.65320205855096,16129
"(0.9565217391304348, 0.9841269841269842)",1,97.65305452369248,16130
"(0.9565217391304348, 1.0)",1,97.65295502651978,16131
"(0.9023569023569024, 1.0)",1,97.6526720737247,16132
"(0.9333333333333332, 1.0)",1,97.65250454936997,16133
"(0.9841269841269842, 1.0)",1,97.65250061591524,16134
"(0.9803050108932462, 0.9919117647058824)",1,97.65220461359036,16135
"(0.9810185185185186, 0.977304372041214)",1,97.65194659256586,16136
"(0.8817204301075269, 0.9841269841269842)",1,97.65188559346178,16137
"(0.9674603174603176, 1.0)",1,97.65134142491128,16138
"(0.8817204301075269, 0.9841269841269842)",1,97.65115703215308,16139
"(0.7460317460317459, 0.9841269841269842)",1,97.6511260446902,16140
"(0.9444444444444444, 1.0)",1,97.65038665038664,16141
"(0.9230769230769232, 1.0)",1,97.65038258842608,16142
"(0.9565217391304348, 1.0)",1,97.65029726390176,16143
"(0.9023569023569024, 1.0)",1,97.65017938914772,16144
"(0.8446379408861877, 0.9868055555555556)",2,97.65003913361836,16146
"(0.9049532029717788, 0.9894736842105264)",1,97.64943944647636,16147
"(0.9235349105085948, 0.9886710239651416)",1,97.64933647702917,16148
"(0.941488229119808, 0.9768686421937196)",1,97.64906801572724,16149
"(0.8893558268973552, 1.0)",1,97.64886926795452,16150
"(0.9244767367135788, 0.9855521155830752)",1,97.64849103067486,16151
"(0.8550387596899225, 0.9885627144491042)",1,97.64818155623196,16152
"(0.9035087719298246, 0.9739630931081678)",1,97.64779367979187,16153
"(0.9197362278244632, 0.992156862745098)",1,97.64774478494571,16154
"(0.9594646747587924, 0.977304372041214)",1,97.64751117618772,16155
"(0.941488229119808, 0.977304372041214)",1,97.6474327270239,16156
"(0.8666666666666667, 1.0)",2,97.64728308242093,16158
"(0.8832772166105499, 1.0)",1,97.64726030812987,16159
"(0.9326678810811938, 0.977304372041214)",1,97.6471976581124,16160
"(0.9142520753512132, 0.986574074074074)",1,97.64716405316592,16161
"(0.9426596279537456, 0.9855521155830752)",1,97.6470858227025,16162
"(0.9731377053745476, 0.992156862745098)",1,97.64656315694394,16163
"(0.9224211423699916, 1.0)",1,97.64578433092844,16164
"(0.9696969696969696, 1.0)",1,97.64575431914142,16165
"(0.8949757492849149, 0.9885627144491042)",1,97.6456350683279,16166
"(0.9565217391304348, 0.9841269841269842)",1,97.64528413771076,16167
"(0.9191387446502536, 0.9820662768031188)",1,97.64518144048988,16168
"(0.9333333333333332, 0.9841269841269842)",1,97.64512752395012,16169
"(0.8465418823841762, 1.0)",1,97.64510633334656,16170
"(0.9027274557165862, 1.0)",1,97.64501600955003,16171
"(0.9444444444444444, 1.0)",1,97.64469015267892,16172
"(0.8227906976744187, 0.9885627144491042)",1,97.6445721429977,16173
"(0.8990289449112978, 0.9855521155830752)",1,97.64447963582418,16174
"(0.9610423116615068, 0.9919117647058824)",1,97.64372291600932,16175
"(0.9478214028833224, 0.9777089783281734)",1,97.6436530197292,16176
"(0.9272486772486772, 0.9743589743589745)",1,97.6436433448961,16177
"(0.9543049270990448, 0.9820662768031188)",1,97.64343330092856,16178
"(0.9365750528541228, 0.9774943735933984)",1,97.64326449669625,16179
"(0.8590556730091613, 0.9885627144491042)",1,97.64325248081856,16180
"(0.9615343915343916, 1.0)",2,97.64285882472772,16182
"(0.9209085933223864, 0.9847494553376906)",2,97.64271067813604,16184
"(0.9667774086378738, 0.965497521921464)",2,97.64254409815328,16186
"(0.8319664902998236, 1.0)",2,97.64247424239127,16188
"(0.9431808501575945, 0.9885627144491042)",1,97.6422238445015,16189
"(0.9886710239651416, 0.9779831932773108)",1,97.6421320238438,16190
"(0.8466625966625967, 0.9868055555555556)",1,97.64212894207684,16191
"(0.9565217391304348, 0.9841269841269842)",1,97.64196523439183,16192
"(0.9109477124183006, 1.0)",1,97.6417331609685,16193
"(0.9224211423699916, 1.0)",1,97.64142000776934,16194
"(0.9364583333333332, 0.9734722222222224)",1,97.64134269038637,16195
"(0.9224211423699916, 1.0)",1,97.6412810895335,16196
"(0.919687006945461, 0.9866666666666666)",1,97.64127455612956,16197
"(0.9465811965811968, 1.0)",2,97.641259079749,16199
"(0.8571428571428572, 1.0)",1,97.64125208350993,16200
"(0.7319111444111444, 0.9868055555555556)",1,97.64087728791654,16201
"(0.8960328317373462, 0.9885627144491042)",2,97.63956208266092,16203
"(0.9239488017429196, 0.9733828034137632)",1,97.63953102679714,16204
"(0.9213117283950616, 0.986574074074074)",2,97.6395244911634,16206
"(0.9463327370304114, 0.9885627144491042)",1,97.63947578880638,16207
"(0.8259011519881087, 0.9868055555555556)",2,97.6394752644424,16209
"(0.8857001484413657, 1.0)",1,97.63938557486784,16210
"(0.9104993386243384, 1.0)",1,97.63930128770392,16211
"(1.0, 1.0)",1,97.63911426954904,16212
"(0.8527777777777779, 1.0)",1,97.63801362687232,16213
"(0.9019607843137254, 0.9866666666666666)",1,97.63800403467135,16214
"(0.8584010840108401, 0.9868055555555556)",1,97.6375679635298,16215
"(0.9641868969810148, 0.992156862745098)",1,97.63733958450672,16216
"(0.9565217391304348, 1.0)",1,97.6368562787327,16217
"(0.8551296720061023, 1.0)",1,97.63672688605494,16218
"(0.9224211423699916, 1.0)",1,97.63648203818371,16219
"(0.9449965600275196, 0.9866666666666668)",2,97.63641041149504,16221
"(0.9320240125035522, 0.9855521155830752)",1,97.6363823715114,16222
"(0.9243650793650792, 0.986574074074074)",1,97.6363307396776,16223
"(0.9325581395348838, 0.9885627144491042)",1,97.63627956390458,16224
"(0.9407729468599032, 0.9866666666666666)",2,97.63605613739918,16226
"(0.8837209302325582, 0.9885627144491042)",1,97.63532123396864,16227
"(0.9104993386243384, 0.986574074074074)",2,97.63517507352653,16229
"(0.9696969696969696, 1.0)",1,97.63510400454372,16230
"(0.9507101086048454, 1.0)",1,97.63494383531518,16231
"(0.976851851851852, 0.9855521155830752)",1,97.63418376928502,16232
"(0.9222222222222224, 0.977304372041214)",1,97.63400736791483,16233
"(0.9841269841269842, 0.9841269841269842)",2,97.63351657241842,16235
"(0.9191387446502536, 0.9837908496732026)",2,97.63344252130206,16237
"(0.9644646747587924, 0.9879901960784314)",1,97.6329224604263,16238
"(0.9688888888888888, 0.977304372041214)",2,97.63289256649789,16240
"(0.7319111444111444, 0.9868055555555556)",1,97.63276092482468,16241
"(0.808641975308642, 1.0)",1,97.6325181759702,16242
"(0.9882352941176472, 0.9866666666666668)",1,97.63249927643908,16243
"(0.8883205456095482, 1.0)",1,97.63243407548023,16244
"(0.948045267489712, 0.9868055555555556)",4,97.63243367597732,16248
"(0.8734582431032859, 0.9775193798449612)",1,97.63235500166414,16249
"(0.5951421188630491, 1.0)",1,97.6317231301253,16250
"(0.8013468013468013, 1.0)",1,97.63169578289823,16251
"(0.9520261437908496, 0.996078431372549)",1,97.63166901886174,16252
"(0.8584010840108401, 0.9868055555555556)",1,97.6311136991309,16253
"(0.740829346092504, 1.0)",1,97.63069933968563,16254
"(0.7319111444111444, 0.9868055555555556)",1,97.63064111205536,16255
"(0.8705805822084891, 1.0)",1,97.63059496552728,16256
"(0.9667774086378738, 0.9774943735933984)",2,97.63054724648134,16258
"(0.9019323671497586, 0.9743589743589745)",1,97.62993951432362,16259
"(0.9666666666666668, 0.9841269841269842)",2,97.62951201050804,16261
"(0.8305168558651531, 0.9868055555555556)",1,97.62945545473636,16262
"(0.9810185185185186, 0.9733828034137632)",1,97.6294549726833,16263
"(0.9104761904761904, 0.9748677248677248)",1,97.628968577077,16264
"(0.9037076648841356, 0.992156862745098)",1,97.62869102095924,16265
"(0.9352372919478182, 0.9894736842105264)",1,97.62853223912474,16266
"(1.0, 1.0)",1,97.62827762470334,16267
"(0.9866666666666668, 0.9753376906318082)",1,97.62827389025836,16268
"(0.9507101086048454, 0.9841269841269842)",2,97.62747295928096,16270
"(0.8446379408861877, 0.9866666666666666)",1,97.6273268598458,16271
"(0.9731377053745476, 0.9886710239651416)",1,97.62689959262003,16272
"(0.7782392026578072, 0.9885627144491042)",1,97.62671451432196,16273
"(0.9135802469135802, 1.0)",1,97.62650225371428,16274
"(0.8882535288785288, 0.9743589743589745)",1,97.62633809946028,16275
"(0.8734582431032859, 0.9775193798449612)",1,97.62612513184162,16276
"(0.9565217391304348, 1.0)",1,97.62605711845728,16277
"(0.9019607843137254, 1.0)",1,97.62551249955332,16278
"(0.896551724137931, 1.0)",1,97.62538360926273,16279
"(0.9049532029717788, 0.9894736842105264)",1,97.62537294584476,16280
"(0.8590556730091613, 0.9885627144491042)",1,97.62520620628888,16281
"(0.7982954545454546, 1.0)",1,97.6251395005508,16282
"(0.7081939799331105, 1.0)",1,97.62508092562112,16283
"(0.9549131554246644, 0.9882352941176472)",1,97.6250399935611,16284
"(0.7544006919006919, 1.0)",1,97.62449549371608,16285
"(0.9688888888888888, 0.9768686421937196)",1,97.6243646270518,16286
"(0.8837209302325582, 0.9885627144491042)",1,97.6242778993645,16287
"(0.5951421188630491, 1.0)",1,97.62427749900006,16288
"(0.9253783187916316, 0.9851851851851852)",1,97.62409264010743,16289
"(0.8253968253968256, 1.0)",1,97.62402532652531,16290
"(0.9349556489262372, 0.9635185185185188)",1,97.62402490952164,16291
"(0.854657646777212, 0.9868055555555556)",1,97.62396085409122,16292
"(0.8577654071075123, 0.9722222222222222)",1,97.62378248512763,16293
"(0.9023635043242886, 0.992156862745098)",1,97.62372537261622,16294
"(0.8949757492849149, 0.9885627144491042)",1,97.62354839911964,16295
"(0.9035155195681512, 0.996078431372549)",1,97.62317880900896,16296
"(0.8888888888888888, 1.0)",1,97.62317427558342,16297
"(0.8466625966625967, 0.9868055555555556)",1,97.622846438102,16298
"(0.9399223139548216, 0.9877124183006536)",2,97.62271185225585,16300
"(0.9161018232999656, 0.992156862745098)",1,97.62265679312384,16301
"(0.9065891472868216, 0.9885627144491042)",1,97.62246763400536,16302
"(0.9543049270990448, 0.992156862745098)",1,97.621752035591,16303
"(1.0, 0.9841269841269842)",1,97.62165853470223,16304
"(0.8592532467532467, 1.0)",1,97.62165173215352,16305
"(0.9666666666666668, 0.9841269841269842)",1,97.62164995498352,16306
"(0.8970659722222223, 1.0)",1,97.62154257424194,16307
"(0.8960328317373462, 0.9885627144491042)",1,97.62153067243489,16308
"(0.8669988268811798, 0.977304372041214)",1,97.62147299349591,16309
"(0.95536349042541, 0.996078431372549)",1,97.62123630532572,16310
"(0.7988631272401433, 0.9868055555555556)",1,97.62050064836158,16311
"(0.9347548358074674, 0.996078431372549)",1,97.6204709387118,16312
"(0.865079365079365, 1.0)",1,97.620126254933,16313
"(0.7149501661129568, 0.9774943735933984)",1,97.62010852843136,16314
"(0.941488229119808, 0.9733828034137632)",2,97.62004853490824,16316
"(0.8616898148148148, 1.0)",1,97.62002045470666,16317
"(0.8590556730091613, 0.9885627144491042)",1,97.6191930472751,16318
"(0.9365750528541228, 0.9885627144491042)",1,97.61885265103196,16319
"(0.9070844099913866, 0.9775193798449612)",1,97.61860878398345,16320
"(0.9037076648841356, 0.996078431372549)",1,97.61852965401872,16321
"(0.8312992626493769, 1.0)",2,97.61842513024772,16323
"(0.9352372919478182, 0.9560784313725492)",1,97.61832255165253,16324
"(0.9491329966329968, 0.9847494553376906)",1,97.61821512219664,16325
"(0.7319111444111444, 0.9868055555555556)",1,97.6175855564998,16326
"(0.9879901960784314, 0.9808278867102396)",1,97.61756270156476,16327
"(0.8575440961689698, 0.9885627144491042)",2,97.61749744597611,16329
"(0.9426596279537456, 0.9803050108932462)",1,97.61730945166914,16330
"(0.9230769230769232, 1.0)",1,97.61725650374012,16331
"(0.9346192998272106, 0.976623544154504)",1,97.61716441560544,16332
"(1.0, 1.0)",1,97.61708125476238,16333
"(0.9333333333333332, 0.9841269841269842)",1,97.6170782849813,16334
"(0.9841269841269842, 1.0)",1,97.6167920244007,16335
"(0.9261719489660666, 0.9851851851851852)",1,97.61661336285478,16336
"(0.9492266992266992, 0.9866666666666666)",1,97.61661041010994,16337
"(0.9269637391618816, 0.9894736842105264)",1,97.61659243504646,16338
"(0.8921607065475332, 0.965497521921464)",1,97.6164459408098,16339
"(0.7971704623878537, 0.996078431372549)",1,97.6163214349984,16340
"(0.8915343915343915, 0.9868055555555556)",1,97.6155801953156,16341
"(0.8129629629629629, 1.0)",1,97.61550038403487,16342
"(0.9696969696969696, 1.0)",2,97.61520821384704,16344
"(0.926193260930103, 0.992156862745098)",1,97.61497446025491,16345
"(0.9035714285714284, 0.9866666666666666)",2,97.61470519738604,16347
"(0.9568181818181818, 0.9855521155830752)",1,97.61447531153486,16348
"(0.874025901365936, 0.9885627144491042)",1,97.6141927402266,16349
"(1.0, 0.9919117647058824)",1,97.61412142969924,16350
"(0.9230769230769232, 1.0)",2,97.61380004934544,16352
"(0.941488229119808, 0.967251461988304)",2,97.61352990068318,16354
"(0.8078308130291714, 1.0)",1,97.61339948901882,16355
"(0.9696969696969696, 1.0)",1,97.61339245549772,16356
"(0.9369934640522876, 0.992156862745098)",1,97.61336831941912,16357
"(0.9841269841269842, 1.0)",1,97.61333783231316,16358
"(0.8915343915343915, 0.9868055555555556)",1,97.61283969658892,16359
"(0.9003322259136212, 0.9774943735933984)",1,97.6123631913672,16360
"(0.9565217391304348, 0.9841269841269842)",1,97.6123624094641,16361
"(0.8259011519881087, 0.9868055555555556)",1,97.61215581746129,16362
"(1.0, 0.9841269841269842)",1,97.61214920345375,16363
"(0.9261349042540992, 0.992156862745098)",2,97.61154760468128,16365
"(0.844758764317945, 0.9775193798449612)",1,97.61116896724708,16366
"(0.9318498265866688, 0.996078431372549)",1,97.61114331270294,16367
"(0.896551724137931, 1.0)",2,97.61091335546038,16369
"(0.9886710239651416, 0.9820662768031188)",1,97.610744700691,16370
"(0.9594646747587924, 0.977304372041214)",1,97.61053468399363,16371
"(0.7544006919006919, 1.0)",1,97.61033272234592,16372
"(0.9023809523809524, 1.0)",1,97.6103204072716,16373
"(0.8527777777777779, 0.9841269841269842)",1,97.61021916679816,16374
"(0.8195533769063181, 0.996078431372549)",1,97.61011812921043,16375
"(0.9235349105085948, 0.969967320261438)",2,97.6097485614743,16377
"(0.9003322259136212, 0.9775193798449612)",1,97.60949832044427,16378
"(0.9841269841269842, 1.0)",1,97.60931800716682,16379
"(0.844758764317945, 0.965497521921464)",1,97.60926900259288,16380
"(0.9035155195681512, 0.9894736842105264)",1,97.60915305185324,16381
"(0.914652757654786, 0.9689710387078808)",1,97.6091024725044,16382
"(0.9841269841269842, 1.0)",1,97.60886657607986,16383
"(0.9594646747587924, 0.9847117794486216)",2,97.60860132798057,16385
"(0.8465418823841762, 1.0)",1,97.60846295541072,16386
"(0.6275876749507744, 1.0)",1,97.60784992307624,16387
"(0.9253783187916316, 0.9820662768031188)",1,97.60778368482652,16388
"(0.9023809523809524, 1.0)",1,97.60766733719132,16389
"(0.8952020202020202, 1.0)",1,97.60668675998107,16390
"(0.8459679855028692, 0.9774943735933984)",1,97.60662035104812,16391
"(0.8887463343108504, 0.9868055555555556)",1,97.60631525352468,16392
"(0.874025901365936, 0.9885627144491042)",1,97.60608159390482,16393
"(0.8067271451483561, 0.9885627144491042)",2,97.60594235615714,16395
"(0.9135802469135802, 1.0)",1,97.60584830600092,16396
"(0.9565217391304348, 0.9841269841269842)",1,97.60464233124104,16397
"(0.8571428571428572, 1.0)",1,97.60417032045562,16398
"(0.8266666666666667, 1.0)",1,97.60401721903835,16399
"(0.9704892057833234, 0.9841269841269842)",1,97.60386043664482,16400
"(0.9168478260869564, 1.0)",1,97.60385264681416,16401
"(0.9172932330827066, 1.0)",1,97.6037890957578,16402
"(0.9135802469135802, 1.0)",1,97.60374000664687,16403
"(0.8448736477904788, 1.0)",1,97.60370476127883,16404
"(0.8259011519881087, 0.9868055555555556)",1,97.60368180861158,16405
"(0.7460317460317459, 1.0)",1,97.6036451471235,16406
"(0.996078431372549, 0.984313725490196)",1,97.6034336038148,16407
"(0.9293342911877394, 0.9868055555555556)",4,97.60330414450328,16411
"(0.8259011519881087, 0.9866666666666666)",1,97.60312751568635,16412
"(1.0, 1.0)",1,97.602715932017,16413
"(0.9142520753512132, 1.0)",1,97.60239329261428,16414
"(0.9696969696969696, 1.0)",1,97.602159285715,16415
"(0.8402777777777779, 1.0)",1,97.60207584420633,16416
"(0.849344375431332, 0.9868055555555556)",1,97.6019192253472,16417
"(0.9444444444444444, 1.0)",1,97.60187379390436,16418
"(0.9365750528541228, 0.9775193798449612)",1,97.60178826295932,16419
"(0.9565217391304348, 0.9841269841269842)",1,97.60151847961596,16420
"(0.9466013071895424, 0.992156862745098)",1,97.60134955494294,16421
"(0.8945130355728907, 0.9774943735933984)",1,97.60123153914644,16422
"(0.8627450980392157, 1.0)",1,97.60107990490226,16423
"(0.90437564499484, 0.977304372041214)",1,97.60101684246268,16424
"(0.7962233504512917, 0.9868055555555556)",1,97.6008363019068,16425
"(0.9302579365079364, 1.0)",1,97.60081312637156,16426
"(0.9365260121142476, 0.9855521155830752)",1,97.60041410440049,16427
"(0.9808278867102396, 0.977304372041214)",1,97.60021346316704,16428
"(0.8518518518518519, 1.0)",1,97.60010632642214,16429
"(0.9391865079365078, 1.0)",1,97.60010468279036,16430
"(0.9333333333333332, 1.0)",1,97.60007784613047,16431
"(0.9214340198321892, 1.0)",1,97.59994171091856,16432
"(0.9065891472868216, 0.9775193798449612)",1,97.59986644425229,16433
"(0.8897707231040564, 1.0)",1,97.59982328726504,16434
"(0.9411376480416728, 0.9886710239651416)",1,97.59969237511298,16435
"(0.8832772166105499, 1.0)",1,97.59947693281026,16436
"(0.9315644093894868, 0.9886710239651416)",1,97.59944950929253,16437
"(0.8905936111818465, 0.9886710239651416)",2,97.5994224565864,16439
"(0.8899821109123434, 0.9775193798449612)",1,97.59940830220924,16440
"(0.9411376480416728, 0.992156862745098)",1,97.5989852860212,16441
"(0.8518518518518519, 1.0)",1,97.59891457030676,16442
"(0.9047558922558924, 0.9722222222222222)",1,97.59888133967618,16443
"(0.8170426065162907, 1.0)",1,97.59883170239073,16444
"(0.8828828828828829, 1.0)",1,97.5984155283828,16445
"(0.936026936026936, 1.0)",2,97.59840625291848,16447
"(0.8446379408861877, 0.9868055555555556)",1,97.5982421974584,16448
"(0.9696969696969696, 1.0)",1,97.5981475615622,16449
"(0.8616898148148148, 0.986574074074074)",1,97.59792807345724,16450
"(0.9365750528541228, 0.9775193798449612)",1,97.59774211449988,16451
"(0.9879901960784314, 0.984504357298475)",1,97.59705370572104,16452
"(0.8629629629629629, 0.9868055555555556)",1,97.59688381834196,16453
"(0.8864468864468864, 1.0)",1,97.596280390807,16454
"(0.948045267489712, 0.9868055555555556)",2,97.59595438127502,16456
"(0.8921607065475332, 0.9774943735933984)",1,97.59559928700727,16457
"(0.9886710239651416, 0.9715913715913717)",1,97.59555202246288,16458
"(0.9333333333333332, 1.0)",1,97.59552230970998,16459
"(1.0, 1.0)",1,97.5954012110808,16460
"(0.9003322259136212, 0.965497521921464)",1,97.59465617563146,16461
"(0.9565217391304348, 0.9841269841269842)",2,97.59460005909304,16463
"(0.8905936111818465, 0.9851851851851852)",1,97.59432295832188,16464
"(0.896551724137931, 1.0)",1,97.5942648183172,16465
"(0.8873002904865649, 1.0)",2,97.59390805060318,16467
"(0.941156690746474, 0.9925925925925926)",2,97.59343204276874,16469
"(0.9206668561144264, 0.9925925925925926)",1,97.59340196786648,16470
"(0.9696969696969696, 1.0)",1,97.5933225009312,16471
"(0.9236094950800832, 0.996078431372549)",1,97.59310019523602,16472
"(0.944241574272534, 0.9808278867102396)",1,97.5927351399043,16473
"(0.9431808501575945, 0.9885627144491042)",1,97.5920448201053,16474
"(0.8112794612794614, 1.0)",1,97.59196934487257,16475
"(0.8550387596899225, 0.9885627144491042)",1,97.59172999497235,16476
"(0.883580779054917, 1.0)",1,97.59164147027047,16477
"(0.9452536570183628, 0.973450226244344)",1,97.5911426524498,16478
"(0.9743589743589745, 0.9868055555555556)",1,97.59094018828377,16479
"(0.9602089783281734, 0.9687329434697856)",1,97.59071788376173,16480
"(0.9189473684210526, 0.9866666666666668)",2,97.59037465275308,16482
"(0.9370015948963316, 0.9841269841269842)",1,97.5900495604904,16483
"(0.874025901365936, 0.9885627144491042)",2,97.58934752906002,16485
"(0.9444444444444444, 1.0)",1,97.5893198419515,16486
"(0.9543049270990448, 0.9820662768031188)",1,97.58923661498024,16487
"(0.8067271451483561, 1.0)",1,97.5887998697412,16488
"(0.9444444444444444, 1.0)",1,97.5884929403304,16489
"(0.9841269841269842, 1.0)",1,97.58787122375831,16490
"(0.9589578521467066, 0.9851851851851852)",1,97.58786755151225,16491
"(0.9230769230769232, 1.0)",1,97.5876953976924,16492
"(0.9135802469135802, 0.9841269841269842)",1,97.58761876877844,16493
"(0.925553613053613, 0.9868055555555556)",1,97.58752715890331,16494
"(0.9184670781893004, 0.9868055555555556)",1,97.58731660020938,16495
"(0.9135802469135802, 0.9841269841269842)",4,97.58720225483216,16499
"(0.9543049270990448, 0.9820662768031188)",1,97.58717006820731,16500
"(0.9628070175438596, 0.9855521155830752)",1,97.5868411297597,16501
"(0.9066840277777778, 0.9866666666666666)",1,97.5860529735182,16502
"(0.947860476880274, 0.9750869028930254)",1,97.58602642589685,16503
"(0.9135802469135802, 1.0)",1,97.58557255666332,16504
"(0.9325581395348838, 0.9774943735933984)",1,97.585225597609,16505
"(0.914652757654786, 0.9650167903418676)",1,97.58518422099328,16506
"(0.9019607843137254, 0.9868055555555556)",1,97.58514658256873,16507
"(0.8448736477904788, 1.0)",1,97.58478206893167,16508
"(0.9349556489262372, 0.9812636165577344)",1,97.58476368456382,16509
"(0.9882352941176472, 0.9886710239651416)",1,97.58459980397576,16510
"(0.8232424833126587, 0.9807902108211708)",2,97.58437423691367,16512
"(0.9047864759939064, 0.9820662768031188)",1,97.58429161442707,16513
"(0.9018073680369506, 0.984504357298475)",2,97.58399770590847,16515
"(0.8622222222222222, 1.0)",2,97.58398690740154,16517
"(0.9040106023792244, 0.9885627144491042)",1,97.58363108903714,16518
"(0.8822954822954823, 0.9868055555555556)",2,97.58347382298948,16520
"(0.9444444444444444, 0.9841269841269842)",1,97.58255778885092,16521
"(0.9696969696969696, 1.0)",1,97.58207047325816,16522
"(0.9426596279537456, 0.9925925925925926)",1,97.58191933989134,16523
"(0.9168478260869564, 1.0)",2,97.58184040139282,16525
"(0.8550387596899225, 0.9885627144491042)",2,97.5816842091748,16527
"(0.907228074804801, 0.9886710239651416)",1,97.58154503804371,16528
"(0.5, 1.0)",1,97.58132797586596,16529
"(0.9319444444444444, 0.9743589743589745)",1,97.58126867551488,16530
"(0.7988631272401433, 0.9868055555555556)",2,97.5810427363724,16532
"(0.8831018518518517, 1.0)",1,97.58072886883691,16533
"(0.992156862745098, 0.9866666666666668)",1,97.58051141194689,16534
"(0.8966049382716049, 0.9868055555555556)",1,97.5803557472494,16535
"(0.8738126483317046, 0.9847117794486216)",1,97.58031386956203,16536
"(0.9427450980392156, 0.996078431372549)",1,97.580257628279,16537
"(0.9565217391304348, 0.9841269841269842)",1,97.58013131873604,16538
"(0.8332521117608837, 1.0)",1,97.57984966228138,16539
"(0.9176532769556026, 0.9775193798449612)",1,97.57963658354431,16540
"(0.9565217391304348, 0.9841269841269842)",2,97.57962579556806,16542
"(0.9503921568627453, 0.9778966131907308)",1,97.57946754684374,16543
"(0.9280112044817928, 0.9882352941176472)",1,97.57937751547716,16544
"(0.9, 1.0)",1,97.5793625477836,16545
"(0.8921607065475332, 0.965497521921464)",1,97.5793232314566,16546
"(0.9469444444444444, 0.9886710239651416)",1,97.57918142120964,16547
"(0.8889459760512393, 0.992156862745098)",1,97.57910507158596,16548
"(0.9463327370304114, 0.9885627144491042)",2,97.57904460650272,16550
"(0.914652757654786, 0.980582788671024)",2,97.57878993247095,16552
"(0.9506818181818182, 0.9868055555555556)",1,97.578597716006,16553
"(0.8820436507936508, 0.9868055555555556)",1,97.57828519767536,16554
"(0.9213117283950616, 1.0)",1,97.57826680457858,16555
"(0.9492266992266992, 0.9743589743589745)",1,97.5776083433028,16556
"(0.9743589743589745, 0.9868055555555556)",1,97.5775449487884,16557
"(0.8590556730091613, 0.9775193798449612)",1,97.57743847376642,16558
"(0.8616898148148148, 1.0)",1,97.57714938155884,16559
"(0.9691305469556244, 0.9882352941176472)",2,97.57701567524737,16561
"(0.8952020202020202, 1.0)",2,97.5770064637517,16563
"(0.9589484126984128, 1.0)",2,97.57699403671286,16565
"(0.9740143369175628, 1.0)",1,97.5769592567058,16566
"(0.7705882352941177, 1.0)",4,97.57680168952004,16570
"(0.9047558922558924, 0.9868055555555556)",2,97.57672653733285,16572
"(0.9565217391304348, 0.9841269841269842)",1,97.57654181567248,16573
"(0.8271652864044169, 0.986574074074074)",2,97.57631781877656,16575
"(0.8729166666666666, 1.0)",1,97.57611107878571,16576
"(0.8960328317373462, 0.9885627144491042)",1,97.57601488991092,16577
"(0.919687006945461, 0.9866666666666666)",1,97.57586343853868,16578
"(0.9280112044817928, 0.992156862745098)",1,97.57554053353536,16579
"(0.7650293586269196, 1.0)",1,97.57552349896751,16580
"(0.8966049382716049, 0.9868055555555556)",1,97.57551667780083,16581
"(0.9641868969810148, 0.984504357298475)",1,97.57535134353628,16582
"(0.9743589743589745, 1.0)",1,97.57501445733334,16583
"(0.9444444444444444, 1.0)",1,97.57490842117303,16584
"(0.8518518518518519, 1.0)",1,97.5746248156264,16585
"(0.9349556489262372, 0.9847117794486216)",1,97.57452207377484,16586
"(0.9463327370304114, 0.9775193798449612)",1,97.57411382170264,16587
"(0.75, 1.0)",1,97.573990960261,16588
"(0.8271652864044169, 1.0)",2,97.57398246260848,16590
"(0.9350548459681588, 0.9894736842105264)",2,97.57385975465596,16592
"(0.8281746031746032, 1.0)",1,97.5738202826532,16593
"(0.6342508506903054, 1.0)",1,97.57352000174514,16594
"(0.910334535505534, 0.9775193798449612)",1,97.57346758555306,16595
"(0.9223699344980808, 0.992156862745098)",1,97.57331622391943,16596
"(0.8271652864044169, 0.986574074074074)",1,97.57317325404644,16597
"(0.9222222222222224, 0.977304372041214)",1,97.57311516630986,16598
"(0.9407729468599032, 0.9868055555555556)",2,97.57309877881028,16600
"(0.8499203568015292, 1.0)",1,97.5730418013448,16601
"(0.8318452380952381, 0.9743589743589745)",1,97.57253656904028,16602
"(0.8468468468468467, 1.0)",1,97.57193538666084,16603
"(0.9230769230769232, 1.0)",1,97.57171319968349,16604
"(0.9696969696969696, 0.9841269841269842)",1,97.57155712667976,16605
"(0.8705805822084891, 1.0)",1,97.57138006877796,16606
"(0.8738126483317046, 0.9847117794486216)",1,97.57043605199009,16607
"(1.0, 1.0)",1,97.57024263686394,16608
"(0.874025901365936, 0.9885627144491042)",1,97.57015743712375,16609
"(0.7869981325863679, 1.0)",1,97.5698374740769,16610
"(0.8900759734093067, 1.0)",1,97.5697430616092,16611
"(0.9841269841269842, 1.0)",1,97.56957073234577,16612
"(0.925553613053613, 0.9868055555555556)",1,97.56955686154164,16613
"(0.9222222222222224, 0.977304372041214)",1,97.5694858590481,16614
"(0.9444444444444444, 1.0)",1,97.56946076989937,16615
"(0.9224211423699916, 1.0)",1,97.5694239862231,16616
"(0.8067271451483561, 1.0)",1,97.5693850459777,16617
"(0.9407729468599032, 0.9868055555555556)",1,97.56929745732862,16618
"(0.5223765432098765, 0.9866666666666666)",1,97.56898312014611,16619
"(0.909209656084656, 1.0)",1,97.56896587549544,16620
"(0.8345959595959597, 0.9868055555555556)",1,97.5687049113436,16621
"(0.9755757858699036, 0.9886710239651416)",1,97.56870041375008,16622
"(0.8864468864468864, 1.0)",1,97.56860496634994,16623
"(0.8981673881673882, 0.984504357298475)",1,97.56838532233732,16624
"(0.8960328317373462, 0.9775193798449612)",1,97.5683530450637,16625
"(0.9230769230769232, 0.9841269841269842)",1,97.56831008356583,16626
"(0.8259011519881087, 0.9866666666666666)",1,97.56813314464594,16627
"(0.859735522115823, 0.9885627144491042)",2,97.56795366194667,16629
"(0.9463327370304114, 0.9885627144491042)",1,97.5678798458341,16630
"(0.8817204301075269, 1.0)",1,97.56754461624138,16631
"(0.9696969696969696, 0.9841269841269842)",1,97.5672605976956,16632
"(0.9370015948963316, 0.9841269841269842)",2,97.5671284467625,16634
"(0.922050500014663, 1.0)",1,97.56711377860933,16635
"(0.9306746031746032, 1.0)",1,97.56701841847756,16636
"(0.8550741594067247, 1.0)",1,97.5666224982345,16637
"(0.958531746031746, 1.0)",1,97.56657620065766,16638
"(0.8265590958605664, 0.9868055555555556)",1,97.56657486777011,16639
"(0.8265590958605664, 0.9868055555555556)",1,97.5665091172114,16640
"(0.8864468864468864, 1.0)",1,97.56645521331872,16641
"(0.6275876749507744, 0.9885627144491042)",1,97.56633700421904,16642
"(0.9176532769556026, 0.965497521921464)",1,97.56620512848367,16643
"(0.9499369338378628, 0.9781614000609122)",1,97.565857385685,16644
"(0.8457575757575757, 0.9868055555555556)",1,97.56550468040209,16645
"(0.9065891472868216, 0.9885627144491042)",1,97.56538584837584,16646
"(0.8858975827700768, 0.9885627144491042)",1,97.56497930090453,16647
"(0.924205243500909, 0.9847494553376906)",1,97.5648418310948,16648
"(0.932852564102564, 1.0)",1,97.56478730315897,16649
"(0.936026936026936, 1.0)",1,97.5644591184446,16650
"(0.9346192998272106, 0.977304372041214)",1,97.5643520723667,16651
"(0.8466625966625967, 0.9868055555555556)",1,97.5643172151079,16652
"(0.9191112362010194, 0.9820662768031188)",1,97.56424067549048,16653
"(0.8332521117608837, 1.0)",2,97.56391455287888,16655
"(0.9320397146712937, 0.9886710239651416)",1,97.5637221852698,16656
"(0.9444444444444444, 0.9841269841269842)",4,97.56363087544533,16660
"(0.947088068181818, 1.0)",1,97.56306899048631,16661
"(0.8577654071075123, 0.9868055555555556)",1,97.5630168630642,16662
"(0.9243650793650792, 1.0)",1,97.5629535712412,16663
"(0.9543049270990448, 0.9886710239651416)",1,97.56260689952344,16664
"(0.919687006945461, 0.9748677248677248)",1,97.5623424593196,16665
"(0.8675136116152449, 1.0)",1,97.5622370941484,16666
"(0.8750600325600326, 1.0)",1,97.5620035514962,16667
"(1.0, 1.0)",1,97.56189221406612,16668
"(0.9444444444444444, 1.0)",1,97.5617959039012,16669
"(0.8652777777777777, 0.9722222222222222)",1,97.56170476791412,16670
"(0.9003322259136212, 0.9774943735933984)",1,97.56124384414191,16671
"(0.859735522115823, 0.9885627144491042)",2,97.56096366770691,16673
"(0.9065438871473354, 1.0)",1,97.5608675762377,16674
"(0.9376385678569744, 0.965497521921464)",1,97.56079157031148,16675
"(0.9376385678569744, 0.9775193798449612)",1,97.56074155780834,16676
"(0.9755757858699036, 0.9594646747587924)",1,97.560662891461,16677
"(0.9816305469556244, 0.996078431372549)",1,97.56064651839928,16678
"(0.9077881758764113, 0.9807902108211708)",1,97.56051268518056,16679
"(0.9840686274509804, 0.996078431372549)",1,97.56021222934102,16680
"(0.9444444444444444, 1.0)",1,97.56003392319178,16681
"(0.8969495620658411, 0.9775193798449612)",1,97.5599992652416,16682
"(0.9641868969810148, 0.9882352941176472)",1,97.55990693885104,16683
"(0.8466625966625967, 0.9868055555555556)",1,97.55973276960688,16684
"(0.9507101086048454, 0.9841269841269842)",1,97.55973071115392,16685
"(0.8817204301075269, 1.0)",1,97.55965743563074,16686
"(0.847123015873016, 0.9868055555555556)",1,97.5592171790902,16687
"(0.9431808501575945, 0.9885627144491042)",1,97.55891481629288,16688
"(0.9194577352472088, 1.0)",1,97.55808273428411,16689
"(0.9144192834138488, 0.9868055555555556)",1,97.5580548150422,16690
"(0.879008834302952, 0.992156862745098)",1,97.55773362001038,16691
"(0.9565217391304348, 0.9841269841269842)",1,97.55747258645832,16692
"(0.9248366013071896, 1.0)",1,97.5574590379152,16693
"(0.9230769230769232, 1.0)",1,97.5572458736994,16694
"(0.9104761904761904, 0.9748677248677248)",1,97.55706169972272,16695
"(0.9463327370304114, 0.9885627144491042)",2,97.55695793729444,16697
"(0.9666666666666668, 0.9841269841269842)",1,97.55646163093591,16698
"(0.7962233504512917, 0.9868055555555556)",1,97.55621217499792,16699
"(0.8571428571428572, 1.0)",1,97.55595385770822,16700
"(0.8731060606060606, 0.9743589743589745)",4,97.55590146277964,16704
"(0.9320240125035522, 0.9886710239651416)",1,97.55580546892551,16705
"(0.9688888888888888, 0.9733828034137632)",1,97.5556762993343,16706
"(0.9194577352472088, 1.0)",1,97.55561633552492,16707
"(0.925553613053613, 0.9868055555555556)",1,97.55515333433443,16708
"(0.8771929824561403, 1.0)",1,97.55512572205144,16709
"(0.8729166666666666, 1.0)",1,97.55488636750236,16710
"(0.932852564102564, 1.0)",1,97.55466526049663,16711
"(0.9027274557165862, 1.0)",1,97.55460094117704,16712
"(0.9, 1.0)",1,97.55452720969971,16713
"(0.8323660714285714, 0.9868055555555556)",1,97.55444112145194,16714
"(0.7777777777777776, 0.9841269841269842)",1,97.55423786739595,16715
"(0.925553613053613, 0.9868055555555556)",1,97.55400574121272,16716
"(0.9359620771385476, 0.9820662768031188)",1,97.5538682709433,16717
"(0.8454115226337449, 0.9868055555555556)",1,97.55360862546132,16718
"(0.8323660714285714, 0.9868055555555556)",1,97.5535994588902,16719
"(0.8740392648287385, 1.0)",1,97.55352752429889,16720
"(0.7753527336860669, 0.9868055555555556)",1,97.5531422526082,16721
"(0.8881506090808416, 0.9885627144491042)",1,97.5528859064044,16722
"(0.7410714285714286, 1.0)",1,97.55282886578402,16723
"(0.8949757492849149, 0.9885627144491042)",1,97.55270484545304,16724
"(0.9754435107376284, 0.992156862745098)",1,97.55270291623238,16725
"(0.9333333333333332, 0.9841269841269842)",1,97.5524593657891,16726
"(0.8748472964943552, 0.9886710239651416)",1,97.55223801729508,16727
"(0.9077881758764113, 0.977304372041214)",1,97.55200457910864,16728
"(0.9003322259136212, 0.9774943735933984)",1,97.55184529311866,16729
"(0.9696969696969696, 1.0)",1,97.55172630606852,16730
"(0.9688888888888888, 0.984504357298475)",1,97.55168041302512,16731
"(0.874025901365936, 0.9775193798449612)",1,97.55106866829512,16732
"(0.9575187969924812, 0.977304372041214)",1,97.55097512120804,16733
"(0.90437564499484, 0.992156862745098)",2,97.55073519281846,16735
"(0.740829346092504, 1.0)",2,97.55072221050143,16737
"(0.9359620771385476, 0.9820662768031188)",1,97.55063204033225,16738
"(0.9364583333333332, 1.0)",1,97.55050465023216,16739
"(0.955544662122821, 0.9714285714285714)",2,97.550456008352,16741
"(0.9070844099913866, 0.965497521921464)",1,97.5501148699324,16742
"(0.9802054154995332, 0.9827450980392156)",1,97.5500416211095,16743
"(0.9289529914529916, 1.0)",1,97.54986870486512,16744
"(0.9565217391304348, 0.9841269841269842)",2,97.54969497680516,16746
"(0.9568181818181818, 0.996078431372549)",1,97.5496688448236,16747
"(0.9594646747587924, 0.977304372041214)",1,97.54953039535864,16748
"(0.875, 1.0)",1,97.54926271115566,16749
"(0.9743589743589745, 0.9868055555555556)",1,97.54906003982228,16750
"(0.8960328317373462, 0.9775193798449612)",2,97.54904437720634,16752
"(0.8831018518518517, 1.0)",2,97.5490096428873,16754
"(0.875, 1.0)",1,97.54887724797888,16755
"(0.9449122174122172, 0.9855521155830752)",2,97.54885458519531,16757
"(0.9376385678569744, 0.9774943735933984)",1,97.54858969782116,16758
"(0.8915343915343915, 0.9868055555555556)",1,97.54825901748292,16759
"(0.8969495620658411, 0.965497521921464)",1,97.54797740731809,16760
"(0.925553613053613, 0.9868055555555556)",1,97.54756645652704,16761
"(0.883580779054917, 1.0)",1,97.54749106915988,16762
"(0.9521171802054156, 0.9727980080921256)",1,97.54720636719092,16763
"(0.9135802469135802, 0.9841269841269842)",2,97.54677193304218,16765
"(0.9565217391304348, 1.0)",1,97.5467272733258,16766
"(0.9759803921568628, 0.992156862745098)",1,97.54642115820036,16767
"(0.9469444444444444, 0.977304372041214)",1,97.54620037255496,16768
"(0.9284391534391534, 0.9886710239651416)",2,97.54616720221124,16770
"(0.9135802469135802, 0.9841269841269842)",1,97.54612124322291,16771
"(0.9239488017429196, 0.9807902108211708)",1,97.54587227344854,16772
"(0.875, 1.0)",2,97.5458596226889,16774
"(1.0, 1.0)",1,97.5458429018387,16775
"(0.8345959595959597, 1.0)",1,97.54573320712196,16776
"(0.9672494553376906, 0.9773420479302832)",1,97.54513075895257,16777
"(0.8908212560386475, 0.9868055555555556)",1,97.54504759976466,16778
"(0.944241574272534, 0.9827450980392156)",1,97.54457825022229,16779
"(0.9691305469556244, 0.992156862745098)",1,97.54445685003532,16780
"(0.9503921568627453, 0.9894736842105264)",1,97.54384961202024,16781
"(0.948045267489712, 0.9868055555555556)",1,97.54339684900006,16782
"(0.9236094950800832, 0.996078431372549)",2,97.5431556023768,16784
"(1.0, 1.0)",1,97.54313313154776,16785
"(0.9065438871473354, 1.0)",1,97.54303969072916,16786
"(0.8858975827700768, 0.9885627144491042)",1,97.54292200179678,16787
"(0.9019607843137254, 0.9868055555555556)",1,97.54282938206592,16788
"(0.948045267489712, 0.9868055555555556)",1,97.54281223078266,16789
"(0.90437564499484, 0.9807902108211708)",1,97.54279865124988,16790
"(0.8952020202020202, 0.986574074074074)",1,97.54260944328703,16791
"(0.8940636474908201, 0.9885627144491042)",1,97.5426000245912,16792
"(0.9019323671497586, 0.9743589743589745)",1,97.5422884154226,16793
"(0.8705805822084891, 1.0)",1,97.54222922008118,16794
"(0.9346192998272106, 0.977304372041214)",1,97.54169943703891,16795
"(0.9594646747587924, 0.9886710239651416)",1,97.54149941649686,16796
"(0.8704892057833234, 0.9820662768031188)",1,97.541447690329,16797
"(0.8888888888888888, 0.9868055555555556)",1,97.54111408367731,16798
"(0.9365750528541228, 0.9774943735933984)",1,97.540958214448,16799
"(0.8817204301075269, 1.0)",1,97.5409536855006,16800
"(0.8837209302325582, 0.9775193798449612)",1,97.54091402496492,16801
"(0.9027274557165862, 1.0)",2,97.54036690757266,16803
"(1.0, 1.0)",1,97.540086148852,16804
"(0.9364583333333332, 0.9722222222222222)",1,97.53990470848242,16805
"(0.909722222222222, 0.9847494553376906)",1,97.53978190242844,16806
"(0.9350548459681588, 0.9835457516339868)",1,97.53925156138544,16807
"(0.9135802469135802, 1.0)",1,97.53924101441343,16808
"(0.9333333333333332, 1.0)",1,97.53918219225126,16809
"(0.9244767367135788, 0.996078431372549)",1,97.53909822753847,16810
"(0.9364583333333332, 1.0)",1,97.53905213299728,16811
"(0.962458433665864, 0.992156862745098)",1,97.5386075969077,16812
"(0.9346192998272106, 0.9807902108211708)",1,97.53860023015558,16813
"(0.9466013071895424, 0.992156862745098)",1,97.53857532579772,16814
"(0.917859918146296, 0.9807407407407408)",1,97.53806980395989,16815
"(0.8832772166105499, 1.0)",2,97.53765579280454,16817
"(0.9365750528541228, 0.965497521921464)",4,97.53758755525516,16821
"(0.92710864283235, 0.965497521921464)",1,97.53748632328742,16822
"(0.9206668561144264, 0.977304372041214)",1,97.53746019906175,16823
"(0.7349551414768807, 0.9743589743589745)",1,97.53718802699709,16824
"(0.8970659722222223, 1.0)",2,97.53717962337493,16826
"(0.8966049382716049, 0.9868055555555556)",1,97.53716426194126,16827
"(0.9003322259136212, 0.9774943735933984)",1,97.53712389147591,16828
"(0.9678376906318084, 0.9807902108211708)",1,97.5369136038926,16829
"(0.7971704623878537, 0.984504357298475)",1,97.53642910303314,16830
"(0.8428739632573199, 0.9868055555555556)",1,97.53618305273724,16831
"(0.8459679855028692, 0.9774943735933984)",1,97.53582758222524,16832
"(1.0, 1.0)",1,97.53545143497549,16833
"(0.9040106023792244, 0.9885627144491042)",2,97.5352474543196,16835
"(0.7141994478951, 1.0)",1,97.53518898688132,16836
"(0.8454115226337449, 0.9868055555555556)",1,97.53505813275112,16837
"(0.8227906976744187, 0.9775193798449612)",1,97.53486308563606,16838
"(0.9407679738562092, 0.9868055555555556)",1,97.53477659385644,16839
"(0.8535457949758153, 0.9748677248677248)",1,97.53471192614606,16840
"(0.8921607065475332, 0.9774943735933984)",1,97.53435185703373,16841
"(0.8575440961689698, 0.9885627144491042)",1,97.53426913563814,16842
"(0.8305168558651531, 0.9868055555555556)",1,97.53426689470405,16843
"(0.8488297541238717, 0.9820662768031188)",1,97.53405881560948,16844
"(0.9452536570183628, 0.9886710239651416)",1,97.53391836871027,16845
"(0.9224211423699916, 1.0)",1,97.5336425315875,16846
"(0.9696969696969696, 1.0)",1,97.53326477928812,16847
"(0.92710864283235, 0.9774943735933984)",1,97.53325760340935,16848
"(0.9230769230769232, 0.9841269841269842)",2,97.53303666347168,16850
"(0.8439484126984128, 1.0)",1,97.5329097600964,16851
"(0.9803376906318084, 0.9855521155830752)",1,97.53290694313148,16852
"(0.7410714285714286, 1.0)",2,97.53289158716504,16854
"(0.9209085933223864, 0.992156862745098)",2,97.5317977467245,16856
"(0.9463327370304114, 0.9775193798449612)",1,97.5315538832192,16857
"(0.8840890522875817, 0.9868055555555556)",2,97.5314473849146,16859
"(0.8547544409613373, 1.0)",1,97.53143474702452,16860
"(0.936026936026936, 1.0)",1,97.53135485492696,16861
"(0.8388080540858317, 0.9868055555555556)",1,97.53105368931864,16862
"(0.7141994478951, 1.0)",1,97.53077233553933,16863
"(0.8952020202020202, 0.9868055555555556)",1,97.53064237637687,16864
"(0.912300194931774, 0.992156862745098)",1,97.53056219124348,16865
"(0.9230769230769232, 1.0)",1,97.53056208253096,16866
"(0.9696969696969696, 1.0)",1,97.53000639001446,16867
"(0.8831018518518517, 1.0)",1,97.52992612583871,16868
"(0.9565217391304348, 1.0)",1,97.52987362365384,16869
"(0.9230769230769232, 1.0)",1,97.52984932085016,16870
"(0.9565217391304348, 1.0)",1,97.52919653786589,16871
"(0.875, 1.0)",1,97.52919505011698,16872
"(0.9065438871473354, 1.0)",1,97.52902828135142,16873
"(0.8265590958605664, 0.9868055555555556)",1,97.52878384286626,16874
"(0.9521171802054156, 0.9847117794486216)",1,97.52853153350196,16875
"(0.9841269841269842, 1.0)",1,97.52812503542144,16876
"(0.92710864283235, 0.9774943735933984)",1,97.52808854814052,16877
"(0.9696969696969696, 1.0)",2,97.5280350908162,16879
"(0.9359620771385476, 0.9847494553376906)",1,97.52760247987008,16880
"(0.9206349206349206, 1.0)",1,97.52713602187286,16881
"(0.8573889941077442, 0.9868055555555556)",1,97.5270311297403,16882
"(0.8893558268973552, 0.9885627144491042)",1,97.52684802329254,16883
"(0.9594646747587924, 0.9807902108211708)",1,97.52682872064302,16884
"(0.8915343915343915, 0.9868055555555556)",1,97.5267262829762,16885
"(0.8368686868686868, 1.0)",1,97.52672384428728,16886
"(0.9280112044817928, 0.992156862745098)",1,97.52672318788366,16887
"(0.8259011519881087, 0.9868055555555556)",1,97.52647810132407,16888
"(0.9135802469135802, 1.0)",1,97.5260033862098,16889
"(0.7141994478951, 1.0)",2,97.525878863251,16891
"(0.8259011519881087, 0.9868055555555556)",1,97.52586621088896,16892
"(0.8253968253968256, 1.0)",1,97.52580621549764,16893
"(0.8375771604938271, 1.0)",4,97.52560350926014,16897
"(0.8765565134099617, 0.9866666666666666)",1,97.52550870769394,16898
"(0.9841269841269842, 1.0)",1,97.52532605108578,16899
"(0.9715797169307606, 0.9750869028930254)",2,97.5249493248408,16901
"(0.8627450980392157, 1.0)",1,97.52491856424209,16902
"(0.9841269841269842, 1.0)",1,97.5245905018106,16903
"(0.9346192998272106, 0.9733828034137632)",1,97.52441320983364,16904
"(0.8332521117608837, 1.0)",2,97.52436324053784,16906
"(0.9358798064680418, 0.992156862745098)",1,97.52422318023764,16907
"(0.9465811965811968, 1.0)",1,97.52412674854422,16908
"(0.932852564102564, 0.986574074074074)",2,97.52404505775188,16910
"(0.9333333333333332, 0.9841269841269842)",1,97.5238215382382,16911
"(0.9350548459681588, 0.9925925925925926)",1,97.52362651250456,16912
"(0.9841269841269842, 0.9841269841269842)",1,97.5235502018113,16913
"(0.9565217391304348, 1.0)",1,97.52335997484738,16914
"(0.926141396729632, 0.9816305469556244)",1,97.52333303594348,16915
"(0.918928176637828, 0.9820662768031188)",1,97.52317107547591,16916
"(0.9445350241545892, 1.0)",1,97.52315834145055,16917
"(0.9460618398175734, 0.9785714285714284)",2,97.52265637505724,16919
"(0.9293342911877394, 0.9868055555555556)",1,97.52240446312766,16920
"(1.0, 1.0)",1,97.52223031999294,16921
"(0.8731060606060606, 0.9868055555555556)",1,97.52197434769934,16922
"(0.8945130355728907, 0.9775193798449612)",1,97.52191285081516,16923
"(0.8356902356902357, 0.9868055555555556)",1,97.52144563773297,16924
"(0.907228074804801, 0.977304372041214)",1,97.52130672217368,16925
"(0.9463327370304114, 0.9775193798449612)",1,97.52109804255304,16926
"(1.0, 1.0)",1,97.5210808254492,16927
"(0.9916666666666668, 0.9838235294117648)",1,97.52083678828456,16928
"(0.9056772399713576, 0.992156862745098)",2,97.52061063198448,16930
"(0.7990036820446177, 0.9868055555555556)",1,97.52050388389031,16931
"(0.9672494553376906, 0.977304372041214)",1,97.52014994624012,16932
"(0.9239488017429196, 0.977304372041214)",1,97.5200131556324,16933
"(0.9222222222222224, 0.9847117794486216)",1,97.51979452779766,16934
"(0.9633298933608532, 0.992156862745098)",1,97.51969822103378,16935
"(0.7869981325863679, 1.0)",1,97.51969224996166,16936
"(0.9168478260869564, 1.0)",1,97.51962494753482,16937
"(0.8666666666666667, 1.0)",2,97.5195586134654,16939
"(1.0, 1.0)",1,97.51906048307848,16940
"(0.8966049382716049, 0.9868055555555556)",1,97.51879358561996,16941
"(0.9376385678569744, 0.9774943735933984)",1,97.51870958554888,16942
"(0.9365750528541228, 0.9774943735933984)",1,97.51846247309226,16943
"(0.9243650793650792, 1.0)",1,97.518394161543,16944
"(0.8402777777777779, 1.0)",1,97.51804705591891,16945
"(0.917859918146296, 0.9733828034137632)",1,97.51804105321214,16946
"(0.9841269841269842, 1.0)",1,97.51801188018598,16947
"(0.9497685185185184, 1.0)",3,97.51773714206736,16950
"(0.9380032206119162, 1.0)",1,97.5176860692216,16951
"(0.8227906976744187, 0.9775193798449612)",1,97.51743479400233,16952
"(0.9667927989909412, 0.9841269841269842)",1,97.51705158979571,16953
"(1.0, 1.0)",1,97.51680672268908,16954
"(0.916550925925926, 0.9868055555555556)",1,97.5167625345182,16955
"(0.8305168558651531, 0.9868055555555556)",1,97.51674330654798,16956
"(0.9333333333333332, 1.0)",1,97.516532070918,16957
"(0.9135802469135802, 1.0)",1,97.51640275846988,16958
"(0.9224211423699916, 1.0)",1,97.5163422762572,16959
"(0.9349556489262372, 0.977304372041214)",1,97.5162506687487,16960
"(0.9096786492374728, 0.9851851851851852)",1,97.51612047906644,16961
"(0.8960328317373462, 0.9775193798449612)",2,97.51591437339393,16963
"(0.8356902356902357, 0.9868055555555556)",1,97.5156037404232,16964
"(0.9019607843137254, 0.9868055555555556)",1,97.51525164725714,16965
"(0.896551724137931, 1.0)",2,97.51524824792892,16967
"(0.9003322259136212, 0.965497521921464)",1,97.51517150274492,16968
"(0.909722222222222, 1.0)",1,97.51508254817078,16969
"(0.9047619047619048, 1.0)",1,97.5150087976175,16970
"(0.9841269841269842, 1.0)",1,97.51479419020652,16971
"(0.9534840838509316, 0.9713960577118472)",1,97.51455082181695,16972
"(0.9359620771385476, 0.9847494553376906)",1,97.51418797437864,16973
"(0.9743589743589745, 0.9868055555555556)",1,97.51380117045434,16974
"(0.9284391534391534, 0.9820662768031188)",1,97.51374668253276,16975
"(0.896551724137931, 1.0)",1,97.51368965020032,16976
"(0.9077881758764113, 0.977304372041214)",1,97.5128795176571,16977
"(0.8118358743358743, 0.9743589743589745)",1,97.51279888958722,16978
"(0.8616898148148148, 1.0)",2,97.51259272363184,16980
"(0.9667774086378738, 0.9775193798449612)",1,97.51249941111128,16981
"(0.8518518518518519, 1.0)",1,97.51219011538494,16982
"(0.8457575757575757, 0.9868055555555556)",1,97.51197401359902,16983
"(0.9743589743589745, 0.9866666666666666)",1,97.51197104079036,16984
"(0.9023569023569024, 1.0)",1,97.51191531016092,16985
"(0.9328474463113384, 0.965497521921464)",1,97.51184263660453,16986
"(0.8925865800865801, 1.0)",4,97.5116700713682,16990
"(0.8915343915343915, 0.9868055555555556)",1,97.51121362997822,16991
"(1.0, 0.9841269841269842)",1,97.5111115701786,16992
"(0.9696969696969696, 1.0)",1,97.51095580348584,16993
"(0.92710864283235, 0.9775193798449612)",1,97.51083852793936,16994
"(0.922050500014663, 1.0)",1,97.51073698702952,16995
"(0.8762954142520705, 0.9879901960784314)",1,97.51073275533348,16996
"(0.9667774086378738, 0.9774943735933984)",1,97.5104444080946,16997
"(0.9882352941176472, 0.9886710239651416)",1,97.51036834820064,16998
"(0.9049532029717788, 0.996078431372549)",2,97.51023266509448,17000
"(0.9019607843137254, 0.9868055555555556)",1,97.51008897941324,17001
"(0.9696969696969696, 1.0)",1,97.51002556151298,17002
"(0.9492266992266992, 0.9868055555555556)",1,97.50909776381296,17003
"(0.8309016086793863, 0.9868055555555556)",1,97.50901991564028,17004
"(0.9109477124183006, 1.0)",1,97.50882605580532,17005
"(0.9019607843137254, 0.9868055555555556)",1,97.50879416698024,17006
"(0.922287769513936, 0.996078431372549)",1,97.5087219009639,17007
"(0.9855521155830752, 0.992156862745098)",1,97.50843169741869,17008
"(0.8186504754267384, 0.9885627144491042)",1,97.50814705299555,17009
"(0.8828042328042328, 0.9868055555555556)",1,97.50803484839956,17010
"(0.944241574272534, 0.9847494553376906)",1,97.50758236849346,17011
"(0.90934937783235, 0.996078431372549)",1,97.50708429413233,17012
"(0.8318452380952381, 0.9866666666666666)",1,97.50705805508365,17013
"(0.9364583333333332, 0.9868055555555556)",1,97.50697742139752,17014
"(0.9647217861503576, 0.9750869028930254)",1,97.50695385402469,17015
"(0.8832772166105499, 1.0)",1,97.50670810670812,17016
"(0.9743589743589745, 0.9868055555555556)",2,97.5064310026156,17018
"(0.8448736477904788, 0.9885627144491042)",1,97.50637842010018,17019
"(0.8734582431032859, 0.965497521921464)",1,97.50594559548048,17020
"(0.978144708175668, 0.9774638802889576)",1,97.50581219786532,17021
"(0.7975164658278694, 1.0)",1,97.50570469857576,17022
"(0.9407679738562092, 0.9868055555555556)",1,97.50563842957015,17023
"(0.813953488372093, 0.9775193798449612)",1,97.50525087195588,17024
"(0.925553613053613, 0.9868055555555556)",1,97.50519628257614,17025
"(0.9499369338378628, 0.9737148229943366)",1,97.50519168254266,17026
"(0.9565217391304348, 0.9841269841269842)",1,97.505104181916,17027
"(0.9466013071895424, 0.9886710239651416)",1,97.50456034928662,17028
"(0.9424323293938236, 0.9774943735933984)",1,97.5043754545075,17029
"(0.9523809523809524, 1.0)",1,97.5042502680497,17030
"(0.90934937783235, 0.9801470588235296)",1,97.50410924576316,17031
"(0.8757566103854729, 0.9885627144491042)",2,97.50407816486408,17033
"(0.874025901365936, 0.9885627144491042)",1,97.50404240408515,17034
"(0.9040106023792244, 0.9775193798449612)",1,97.50398964049616,17035
"(0.8425925925925927, 1.0)",1,97.5038872637894,17036
"(0.9364583333333332, 0.9868055555555556)",1,97.50387484901586,17037
"(0.8952020202020202, 1.0)",1,97.5037333648198,17038
"(0.7962233504512917, 0.9868055555555556)",1,97.50368297260664,17039
"(0.9635060690943044, 0.9733828034137632)",1,97.50361557488498,17040
"(0.8817204301075269, 1.0)",1,97.50356617605252,17041
"(0.9176532769556026, 0.9774943735933984)",1,97.5034779056833,17042
"(0.8899821109123434, 0.965497521921464)",1,97.50323343882124,17043
"(0.8945130355728907, 0.9885627144491042)",2,97.5032101916207,17045
"(0.9351326548694968, 0.992156862745098)",1,97.50315911480084,17046
"(0.900854700854701, 1.0)",1,97.50312370175946,17047
"(0.8832772166105499, 1.0)",2,97.50309861904066,17049
"(0.808641975308642, 1.0)",1,97.50292129537787,17050
"(0.8882535288785288, 0.9743589743589745)",1,97.5027580825736,17051
"(0.9272486772486772, 0.9743589743589745)",4,97.50259287589228,17055
"(0.8376623376623376, 0.9868055555555556)",1,97.50257825323752,17056
"(0.8487103174603176, 1.0)",1,97.50256516145576,17057
"(0.813953488372093, 0.9774943735933984)",1,97.50253708802214,17058
"(0.8563074352548036, 0.9868055555555556)",1,97.50252880496949,17059
"(0.7319111444111444, 0.9868055555555556)",1,97.50251973391244,17060
"(0.8440126050420167, 0.9866666666666666)",1,97.50221067805356,17061
"(1.0, 0.9841269841269842)",2,97.50217948844954,17063
"(0.9040106023792244, 0.9885627144491042)",2,97.50211745050716,17065
"(0.9407679738562092, 0.9868055555555556)",1,97.50205076530644,17066
"(0.9003322259136212, 0.9775193798449612)",1,97.50201178674492,17067
"(0.9399138116785176, 0.9877450980392156)",1,97.50171747687838,17068
"(0.944241574272534, 0.9855521155830752)",1,97.50144254568366,17069
"(0.9047619047619048, 1.0)",1,97.50139921806598,17070
"(0.8972603225234804, 0.9689710387078808)",1,97.50138695804182,17071
"(0.9841269841269842, 1.0)",1,97.50131891726096,17072
"(0.8675136116152449, 1.0)",1,97.50126279728696,17073
"(0.9444444444444444, 1.0)",1,97.5008875994383,17074
"(0.8627450980392157, 1.0)",1,97.50080204633646,17075
"(0.9194577352472088, 0.9841269841269842)",2,97.5005155620718,17077
"(0.9191387446502536, 0.9851851851851852)",2,97.5004057236998,17079
"(0.8468468468468467, 1.0)",1,97.50040429880244,17080
"(0.9521171802054156, 0.977304372041214)",1,97.50038159209213,17081
"(0.8960328317373462, 0.9885627144491042)",1,97.5003556178883,17082
"(0.9589484126984128, 1.0)",4,97.50027104094512,17086
"(0.9047619047619048, 0.9841269841269842)",1,97.50009309686752,17087
"(1.0, 1.0)",2,97.5,17089
"(0.7962233504512917, 0.9868055555555556)",1,97.49989447110904,17090
"(1.0, 1.0)",1,97.49912803246136,17091
"(0.9565217391304348, 0.9841269841269842)",1,97.49908471749929,17092
"(0.92710864283235, 0.965497521921464)",1,97.49881667001586,17093
"(0.8448736477904788, 1.0)",1,97.4983949330026,17094
"(0.8817204301075269, 1.0)",1,97.4983900135963,17095
"(0.944241574272534, 0.9847494553376906)",2,97.49814036988025,17097
"(0.9065891472868216, 0.9775193798449612)",1,97.49757796205034,17098
"(0.9138847117794486, 0.996078431372549)",1,97.49756144862504,17099
"(0.7753527336860669, 0.9868055555555556)",1,97.497553773218,17100
"(0.9202401372212692, 1.0)",1,97.49751303560107,17101
"(0.9049532029717788, 0.9886710239651416)",1,97.49735582150406,17102
"(0.9251027896538732, 0.9855521155830752)",1,97.49720149746844,17103
"(0.9364583333333332, 1.0)",2,97.49711979952814,17105
"(0.752498299912093, 0.9868055555555556)",1,97.49707333018728,17106
"(0.9673692810457516, 0.9886710239651416)",1,97.49687437887762,17107
"(0.9306746031746032, 1.0)",2,97.496295832549,17109
"(0.92710864283235, 0.9775193798449612)",1,97.49555506479452,17110
"(0.9551810490277984, 0.9689710387078808)",1,97.49546009430256,17111
"(0.9565217391304348, 0.9841269841269842)",2,97.49501162439476,17113
"(0.8888888888888888, 1.0)",1,97.49497205866584,17114
"(0.9239488017429196, 0.977304372041214)",1,97.49462816891182,17115
"(0.9520261437908496, 0.992156862745098)",1,97.49461483991392,17116
"(0.8858975827700768, 1.0)",1,97.49457100803752,17117
"(0.8757566103854729, 0.9885627144491042)",1,97.49454306481456,17118
"(0.917859918146296, 0.984504357298475)",1,97.49452276744874,17119
"(0.8840890522875817, 0.9868055555555556)",1,97.4943772790945,17120
"(0.9401030668677728, 0.9838235294117648)",1,97.49409966338894,17121
"(0.8966049382716049, 0.9868055555555556)",1,97.49379811148648,17122
"(0.9284391534391534, 0.9855521155830752)",1,97.49337731491724,17123
"(0.8734582431032859, 0.9774943735933984)",1,97.49329565112468,17124
"(0.813953488372093, 0.965497521921464)",1,97.49325402028391,17125
"(0.9349556489262372, 0.9649638802889576)",1,97.49321492942562,17126
"(0.9325581395348838, 0.9885627144491042)",1,97.49279326654673,17127
"(0.9235349105085948, 0.9820662768031188)",1,97.49255865861348,17128
"(0.8831064306064307, 0.9868055555555556)",1,97.49246658249214,17129
"(0.8945130355728907, 0.9885627144491042)",2,97.49216685701656,17131
"(0.9065438871473354, 1.0)",2,97.4921555640947,17133
"(0.9696969696969696, 1.0)",1,97.49209598048787,17134
"(0.936026936026936, 1.0)",1,97.49169134958603,17135
"(0.9551810490277984, 0.9851851851851852)",1,97.491347516084,17136
"(0.8521317829457364, 1.0)",1,97.49127672627736,17137
"(0.9014364972259707, 0.9650167903418676)",1,97.49122744437736,17138
"(0.8616898148148148, 1.0)",2,97.4911915421465,17140
"(0.8966049382716049, 0.9868055555555556)",1,97.49107564896322,17141
"(0.9104993386243384, 1.0)",1,97.49092742391352,17142
"(0.8768285091814503, 0.9748677248677248)",1,97.49068830878092,17143
"(0.9407729468599032, 1.0)",1,97.49062030001092,17144
"(0.9230769230769232, 0.9841269841269842)",1,97.4904166981216,17145
"(0.8734582431032859, 0.9774943735933984)",1,97.4903802707201,17146
"(0.9609224859534458, 0.9855521155830752)",1,97.49009272327064,17147
"(0.8259011519881087, 0.9868055555555556)",1,97.49005939372928,17148
"(0.8696884384384383, 0.9868055555555556)",1,97.48982112535236,17149
"(0.8112794612794614, 1.0)",2,97.48975762781208,17151
"(0.8454115226337449, 0.9868055555555556)",1,97.48971444925446,17152
"(0.8731060606060606, 0.9868055555555556)",1,97.48936815134375,17153
"(0.9444444444444444, 1.0)",1,97.48933569185284,17154
"(0.8675136116152449, 1.0)",1,97.4891932785212,17155
"(0.8356902356902357, 0.9734722222222224)",1,97.48893707375656,17156
"(0.9222222222222224, 0.977304372041214)",1,97.4887713235938,17157
"(0.9176532769556026, 0.965497521921464)",1,97.48853363109606,17158
"(0.8457575757575757, 0.9868055555555556)",1,97.48846454641472,17159
"(0.8791623997269159, 0.9868055555555556)",1,97.48822241475024,17160
"(0.9191387446502536, 0.984504357298475)",1,97.48816497753454,17161
"(0.9465811965811968, 1.0)",1,97.48756273341544,17162
"(0.9565217391304348, 0.9841269841269842)",1,97.48743863472455,17163
"(0.9376385678569744, 0.9885627144491042)",1,97.48706918892547,17164
"(0.9466013071895424, 0.9737100103199176)",2,97.48694426083874,17166
"(0.9399138116785176, 0.9925925925925926)",2,97.48690287255948,17168
"(0.8312992626493769, 1.0)",1,97.4868701386844,17169
"(0.8977777777777779, 1.0)",1,97.48657566893468,17170
"(0.8856424148606811, 0.9866666666666666)",1,97.48614069674782,17171
"(0.8905936111818465, 0.9820662768031188)",1,97.48590100543116,17172
"(0.8264567669172932, 1.0)",1,97.48582817485554,17173
"(0.853187414500684, 0.9885627144491042)",1,97.48554819922435,17174
"(0.914652757654786, 0.977304372041214)",2,97.4854787110272,17176
"(0.926045751633987, 0.9803050108932462)",1,97.48537935928611,17177
"(0.5951421188630491, 1.0)",1,97.4852975632114,17178
"(0.853187414500684, 0.9775193798449612)",1,97.48476877611364,17179
"(0.9049919484702094, 0.9841269841269842)",1,97.48460466312152,17180
"(0.9378306878306878, 0.9868055555555556)",1,97.4845621402871,17181
"(0.91484126984127, 0.984313725490196)",2,97.48430960708824,17183
"(0.9497685185185184, 1.0)",1,97.48416009745962,17184
"(1.0, 1.0)",3,97.484126984127,17187
"(0.980582788671024, 0.9855521155830752)",1,97.48396839984916,17188
"(0.5223765432098765, 0.9868055555555556)",4,97.48387510930128,17192
"(0.896551724137931, 1.0)",1,97.48385331143952,17193
"(0.9047558922558924, 0.9868055555555556)",1,97.48365230003562,17194
"(0.9349556489262372, 0.977304372041214)",1,97.48352945643968,17195
"(1.0, 1.0)",1,97.48278881612217,17196
"(0.8439484126984128, 1.0)",1,97.48277627098182,17197
"(0.8807058823529411, 0.976470588235294)",1,97.48253077843724,17198
"(0.7319111444111444, 0.9866666666666666)",2,97.48250733493671,17200
"(0.875, 1.0)",1,97.48242457531178,17201
"(0.9688888888888888, 0.977304372041214)",1,97.4821471849286,17202
"(0.9014364972259707, 0.977304372041214)",1,97.48178343363074,17203
"(0.8611111111111112, 0.986574074074074)",1,97.48172205685428,17204
"(0.9135802469135802, 1.0)",1,97.4815845126532,17205
"(0.941156690746474, 0.980582788671024)",1,97.48150727127098,17206
"(0.90437564499484, 0.9807902108211708)",1,97.48130479532284,17207
"(0.9206668561144264, 0.9733828034137632)",1,97.48066329187304,17208
"(0.9376385678569744, 0.9775193798449612)",2,97.48065312232632,17210
"(1.0, 1.0)",1,97.48064235360069,17211
"(0.8752046122092562, 0.9820662768031188)",1,97.48059724314722,17212
"(0.8237714839022028, 0.9743589743589745)",1,97.48056908943734,17213
"(0.844758764317945, 0.9774943735933984)",1,97.48010843017438,17214
"(0.9696969696969696, 1.0)",1,97.48008750508752,17215
"(0.941488229119808, 0.977777777777778)",1,97.4800044706096,17216
"(0.996078431372549, 0.9820662768031188)",1,97.47996731240715,17217
"(0.919492280003789, 0.9855521155830752)",1,97.47986396905016,17218
"(0.92710864283235, 0.9774943735933984)",1,97.47977880687264,17219
"(0.9224211423699916, 1.0)",1,97.47961091470329,17220
"(0.8888888888888888, 1.0)",1,97.47945315693458,17221
"(0.7319111444111444, 0.9868055555555556)",1,97.47941502332938,17222
"(0.9365750528541228, 0.9774943735933984)",1,97.47928600286048,17223
"(0.8915343915343915, 0.9868055555555556)",1,97.47921017750495,17224
"(0.9696969696969696, 0.9841269841269842)",2,97.47896479165853,17226
"(0.859735522115823, 0.9885627144491042)",1,97.4787524489446,17227
"(0.9507101086048454, 0.9841269841269842)",2,97.4786989141801,17229
"(0.9197362278244632, 0.9792592592592592)",1,97.47861237408746,17230
"(0.9047558922558924, 0.9868055555555556)",1,97.4784464824869,17231
"(0.9003322259136212, 0.9775193798449612)",1,97.4783704409935,17232
"(0.8773800453595849, 0.977304372041214)",1,97.4774642084683,17233
"(0.8921607065475332, 0.965497521921464)",1,97.47745945872622,17234
"(0.7777777777777776, 1.0)",1,97.4773014631578,17235
"(0.9192251461988304, 0.9879901960784314)",1,97.47726975229337,17236
"(0.917859918146296, 0.980582788671024)",1,97.4772648050857,17237
"(0.9523809523809524, 1.0)",1,97.47708423966029,17238
"(0.9808278867102396, 0.977304372041214)",1,97.4768393551754,17239
"(0.8454115226337449, 0.9868055555555556)",1,97.47646717934784,17240
"(0.9259560057540158, 0.9681338377164)",1,97.47646242844112,17241
"(0.8264589732338745, 0.9775193798449612)",1,97.47591519339775,17242
"(0.9666666666666668, 0.9841269841269842)",1,97.47584389623393,17243
"(0.8840890522875817, 0.9748677248677248)",1,97.4757402188683,17244
"(0.896551724137931, 1.0)",1,97.4757232301387,17245
"(0.874025901365936, 0.9885627144491042)",1,97.47508813523466,17246
"(0.9066840277777778, 0.9866666666666666)",1,97.4750108147633,17247
"(0.9696969696969696, 1.0)",1,97.47453520067214,17248
"(0.75, 1.0)",1,97.47452730893598,17249
"(0.9019607843137254, 0.9868055555555556)",1,97.47417690152976,17250
"(0.8312992626493769, 0.986574074074074)",1,97.47417596623907,17251
"(0.9342814048696402, 0.9855521155830752)",2,97.47394939960716,17253
"(0.9841269841269842, 1.0)",1,97.47370649046712,17254
"(0.9748677248677248, 0.9868055555555556)",1,97.47353712116973,17255
"(0.8426851851851852, 0.9868055555555556)",1,97.47285141320178,17256
"(0.955544662122821, 0.975060054907344)",1,97.47280171389876,17257
"(0.9135802469135802, 1.0)",1,97.47279251045096,17258
"(0.8889463321560508, 0.977304372041214)",1,97.47244646242068,17259
"(0.8375771604938271, 1.0)",1,97.4719032710324,17260
"(0.8731060606060606, 0.9743589743589745)",1,97.47187714269602,17261
"(0.8734582431032859, 0.9774943735933984)",1,97.47185124060914,17262
"(0.8864468864468864, 1.0)",1,97.47142111779792,17263
"(0.92710864283235, 0.9775193798449612)",1,97.47135578001354,17264
"(0.875, 1.0)",1,97.47122177955588,17265
"(0.9135802469135802, 1.0)",1,97.47116500261046,17266
"(0.8589726631393297, 1.0)",2,97.47102634315488,17268
"(0.8757566103854729, 0.9885627144491042)",2,97.47094816105164,17270
"(0.9365750528541228, 0.965497521921464)",1,97.47091233609332,17271
"(0.7988631272401433, 0.9868055555555556)",1,97.47088185273532,17272
"(0.8232424833126587, 0.9886710239651416)",1,97.47081811739724,17273
"(0.8232424833126587, 0.9810457516339868)",2,97.47005755101917,17275
"(0.9049919484702094, 0.9841269841269842)",1,97.4698897623901,17276
"(1.0, 1.0)",1,97.46969696969695,17277
"(0.8817204301075269, 0.9841269841269842)",2,97.46942094824304,17279
"(0.8791208791208792, 1.0)",2,97.469361871381,17281
"(0.9172932330827066, 1.0)",1,97.46927058610318,17282
"(0.9463327370304114, 0.9885627144491042)",2,97.46916344792236,17284
"(0.9370015948963316, 0.9841269841269842)",2,97.4690911405906,17286
"(0.92710864283235, 0.965497521921464)",1,97.4688894373035,17287
"(0.9077881758764113, 0.9689710387078808)",1,97.4688466737468,17288
"(0.8905936111818465, 0.9851851851851852)",2,97.46882768164129,17290
"(0.9144794584500466, 0.977304372041214)",1,97.46874194356202,17291
"(0.9667774086378738, 0.9774943735933984)",2,97.46872422042938,17293
"(0.847123015873016, 0.9868055555555556)",1,97.46869020706986,17294
"(0.8232424833126587, 0.984504357298475)",1,97.46865281852916,17295
"(0.8345959595959597, 1.0)",2,97.46864429677808,17297
"(0.909722222222222, 0.9916666666666668)",1,97.46855427751773,17298
"(0.92710864283235, 0.965497521921464)",1,97.46849548635674,17299
"(0.9543049270990448, 0.9816305469556244)",1,97.46802527294604,17300
"(0.8817204301075269, 1.0)",1,97.46784346486216,17301
"(0.9565217391304348, 1.0)",1,97.46743557033416,17302
"(0.8734582431032859, 0.9775193798449612)",1,97.46730017187564,17303
"(0.9352372919478182, 0.9679302832244008)",1,97.46704528577412,17304
"(0.954722222222222, 0.9886710239651416)",2,97.46703666818615,17306
"(0.909209656084656, 1.0)",1,97.46701219703228,17307
"(0.91484126984127, 0.9777089783281734)",1,97.46699730400432,17308
"(0.8518518518518519, 1.0)",1,97.46699635025308,17309
"(0.9444444444444444, 1.0)",1,97.46698774601708,17310
"(0.923164938490016, 0.996078431372549)",1,97.4669671887629,17311
"(0.8991666666666667, 1.0)",1,97.46691429838232,17312
"(0.8104166666666667, 0.9866666666666666)",1,97.46686661874656,17313
"(0.8921607065475332, 0.9774943735933984)",1,97.466760454905,17314
"(0.8734582431032859, 0.9774943735933984)",1,97.46574972037143,17315
"(0.8232424833126587, 0.9847117794486216)",1,97.46574120687865,17316
"(0.9333333333333332, 1.0)",1,97.46554322870116,17317
"(0.9176532769556026, 0.965497521921464)",1,97.46553123948009,17318
"(0.9377054154995332, 0.978144708175668)",1,97.46535316526088,17319
"(0.9049919484702094, 0.9841269841269842)",2,97.4649846411997,17321
"(0.9214340198321892, 1.0)",1,97.46444969854709,17322
"(0.907228074804801, 0.9886710239651416)",2,97.46438739332086,17324
"(0.9743589743589745, 0.9868055555555556)",1,97.46416167509544,17325
"(0.919687006945461, 0.9866666666666666)",1,97.46412532649852,17326
"(0.9047558922558924, 0.9722222222222222)",1,97.46404489235964,17327
"(0.6856760145918833, 1.0)",1,97.46354103126538,17328
"(0.7753527336860669, 0.9868055555555556)",1,97.46352885134232,17329
"(0.853187414500684, 0.9775193798449612)",1,97.46346153001608,17330
"(0.9674603174603176, 1.0)",2,97.46334152463804,17332
"(0.9364583333333332, 0.986574074074074)",1,97.46305329204704,17333
"(0.948045267489712, 0.9866666666666666)",1,97.46289511732311,17334
"(0.9444444444444444, 1.0)",1,97.4628019859904,17335
"(0.8765565134099617, 0.9866666666666666)",1,97.46273255889784,17336
"(0.9370015948963316, 0.9841269841269842)",2,97.46266660630566,17338
"(0.9302579365079364, 1.0)",1,97.46220148308964,17339
"(0.8584010840108401, 0.9868055555555556)",1,97.46211246386171,17340
"(0.9346192998272106, 0.9807902108211708)",1,97.46166351626069,17341
"(0.9176532769556026, 0.965497521921464)",1,97.46078759138256,17342
"(0.941156690746474, 0.992156862745098)",1,97.46017058114197,17343
"(0.8757566103854729, 0.9885627144491042)",2,97.45990482644751,17345
"(0.941488229119808, 0.974185463659148)",1,97.4596997491199,17346
"(0.8882535288785288, 0.9743589743589745)",1,97.45956371216052,17347
"(0.9466207660652104, 1.0)",1,97.45938255736525,17348
"(0.9696969696969696, 1.0)",1,97.4592430254195,17349
"(0.8309016086793863, 1.0)",1,97.45912587424522,17350
"(0.9886710239651416, 0.9866666666666668)",1,97.45906918986014,17351
"(0.9696969696969696, 0.9841269841269842)",1,97.45863552800166,17352
"(0.8837209302325582, 0.9885627144491042)",1,97.45859964866705,17353
"(0.9003322259136212, 0.965497521921464)",1,97.45844722569436,17354
"(0.875, 1.0)",1,97.45840295182406,17355
"(0.8550387596899225, 0.9775193798449612)",1,97.45834460538634,17356
"(0.853187414500684, 0.9885627144491042)",2,97.45829362523698,17358
"(0.9507101086048454, 0.9841269841269842)",2,97.458065453489,17360
"(0.9364583333333332, 1.0)",1,97.45801438908602,17361
"(0.8960328317373462, 0.9885627144491042)",1,97.457930172061,17362
"(0.947088068181818, 1.0)",2,97.45740566539206,17364
"(0.90437564499484, 0.977304372041214)",1,97.4572221037863,17365
"(0.9492266992266992, 0.9743589743589745)",1,97.45652920320178,17366
"(0.8888888888888888, 1.0)",1,97.45631188734636,17367
"(0.9239488017429196, 0.9646137402329352)",1,97.45629821359712,17368
"(0.9521171802054156, 0.977304372041214)",2,97.45578410896528,17370
"(0.8575440961689698, 0.9775193798449612)",2,97.45562524180112,17372
"(0.9104993386243384, 1.0)",1,97.4555419131522,17373
"(0.9841269841269842, 0.9841269841269842)",1,97.45548437070188,17374
"(0.955544662122821, 0.9714285714285714)",1,97.45539474619348,17375
"(0.859735522115823, 0.9885627144491042)",1,97.4553866101849,17376
"(0.8921607065475332, 0.965497521921464)",1,97.4549248505701,17377
"(0.9003322259136212, 0.9775193798449612)",1,97.45484580244702,17378
"(0.9019607843137254, 1.0)",1,97.45464784262217,17379
"(0.916550925925926, 0.9868055555555556)",1,97.45450762865777,17380
"(0.948045267489712, 0.9868055555555556)",1,97.4543872047011,17381
"(0.808641975308642, 1.0)",1,97.45393997813235,17382
"(0.8527777777777779, 0.9743589743589745)",1,97.4537910062958,17383
"(0.9292181620122796, 0.9919117647058824)",1,97.45368946286258,17384
"(0.752498299912093, 0.9868055555555556)",1,97.45338571783569,17385
"(0.9492266992266992, 0.9866666666666666)",2,97.45268886569148,17387
"(0.9565217391304348, 1.0)",1,97.45232526706803,17388
"(0.8817204301075269, 1.0)",1,97.4519066118747,17389
"(0.8616898148148148, 0.986574074074074)",1,97.45174298264018,17390
"(0.8129629629629629, 1.0)",1,97.45140096281042,17391
"(0.9176532769556026, 0.9774943735933984)",1,97.45130738541653,17392
"(0.9886710239651416, 0.996078431372549)",1,97.45120329530695,17393
"(0.9696969696969696, 0.9841269841269842)",1,97.45115861057911,17394
"(0.9594646747587924, 0.9812636165577342)",1,97.45115440643372,17395
"(0.9104993386243384, 0.986574074074074)",1,97.45079562852426,17396
"(0.844758764317945, 0.9774943735933984)",1,97.4505027424784,17397
"(0.7753527336860669, 0.9868055555555556)",1,97.45042427558542,17398
"(0.9135802469135802, 1.0)",1,97.45034341284702,17399
"(0.9418447187487436, 0.977304372041214)",1,97.44951930240543,17400
"(0.9474609474919072, 0.977304372041214)",1,97.44933913883864,17401
"(0.9230769230769232, 1.0)",1,97.4490497520532,17402
"(0.92710864283235, 0.9774943735933984)",1,97.44836255391412,17403
"(0.8332521117608837, 1.0)",1,97.4482942470744,17404
"(0.9070844099913866, 0.9775193798449612)",1,97.4482148243476,17405
"(0.8067271451483561, 0.9885627144491042)",1,97.44770660880783,17406
"(0.853187414500684, 0.9775193798449612)",1,97.44751205712072,17407
"(0.8686868686868687, 1.0)",1,97.44734662069376,17408
"(1.0, 1.0)",1,97.44727420692826,17409
"(0.9346192998272106, 0.9807902108211708)",1,97.44692271465873,17410
"(0.9047619047619048, 1.0)",1,97.44684587552024,17411
"(0.9346192998272106, 0.9807407407407408)",1,97.4467806011448,17412
"(0.8921607065475332, 0.9774943735933984)",1,97.44671868764516,17413
"(0.9192180611357128, 1.0)",1,97.44669334287408,17414
"(0.5223765432098765, 0.9868055555555556)",1,97.4466694455053,17415
"(0.9346192998272106, 0.9698969646338068)",1,97.44660685733334,17416
"(0.8163854689162486, 1.0)",1,97.44628339298268,17417
"(0.9563953488372092, 0.965497521921464)",1,97.44627302581485,17418
"(0.8428739632573199, 0.9868055555555556)",1,97.44625122264203,17419
"(0.8465418823841762, 1.0)",1,97.44615811740356,17420
"(0.8921607065475332, 0.9775193798449612)",2,97.44585913922612,17422
"(0.9019607843137254, 0.9868055555555556)",1,97.44508541688268,17423
"(0.9206668561144264, 0.9606377053745476)",1,97.4450701026314,17424
"(0.8813339438339438, 0.9868055555555556)",1,97.44478795943871,17425
"(0.9003322259136212, 0.9885627144491042)",1,97.44478707710238,17426
"(0.8945130355728907, 0.9774943735933984)",1,97.4446004307354,17427
"(0.9715797169307606, 0.9714285714285714)",1,97.44440971360466,17428
"(0.7988631272401433, 0.9868055555555556)",1,97.44427189325022,17429
"(0.813859649122807, 0.9743589743589745)",1,97.4440391444892,17430
"(0.919687006945461, 0.9866666666666666)",2,97.44385995450116,17432
"(0.9176532769556026, 0.965497521921464)",2,97.44376283165532,17434
"(1.0, 1.0)",1,97.44368071145594,17435
"(0.903760514596734, 0.9774943735933984)",1,97.44364698861676,17436
"(0.9235349105085948, 0.977304372041214)",1,97.4430938267872,17437
"(0.8627450980392157, 1.0)",1,97.44298671243628,17438
"(0.9291723011043498, 0.992156862745098)",1,97.4428907298727,17439
"(0.9678608196882048, 0.9750869028930254)",1,97.442845913854,17440
"(0.8502976190476191, 1.0)",2,97.44236451574726,17442
"(0.9224211423699916, 1.0)",1,97.44230970266024,17443
"(0.853187414500684, 0.9885627144491042)",1,97.4421782854912,17444
"(0.8323660714285714, 0.9868055555555556)",1,97.44203132394078,17445
"(0.92309191782876, 0.9855521155830752)",1,97.44200038143806,17446
"(0.9754901960784312, 0.9886710239651416)",1,97.44162715644174,17447
"(0.941488229119808, 0.977304372041214)",1,97.44158849559818,17448
"(0.8112794612794614, 1.0)",1,97.44121136260598,17449
"(0.9230769230769232, 1.0)",1,97.44088243140877,17450
"(0.8927951388888888, 0.9866666666666666)",1,97.440754843793,17451
"(0.903760514596734, 0.9775193798449612)",1,97.44073322761646,17452
"(0.7544006919006919, 1.0)",1,97.44061133075718,17453
"(0.9224211423699916, 1.0)",1,97.44055726227997,17454
"(0.8550387596899225, 0.9775193798449612)",2,97.44046404154491,17456
"(0.9615343915343916, 1.0)",1,97.44046398046392,17457
"(0.9172932330827066, 0.9841269841269842)",1,97.44009130803606,17458
"(0.8893558268973552, 1.0)",2,97.44008036105328,17460
"(0.9647217861503576, 0.9785714285714284)",1,97.44006895610264,17461
"(0.8731060606060606, 1.0)",1,97.43991260951736,17462
"(0.9841269841269842, 1.0)",1,97.43986593117026,17463
"(0.8112491373360938, 1.0)",1,97.43983105273249,17464
"(0.7988631272401433, 0.9868055555555556)",2,97.4398225673661,17466
"(0.9696969696969696, 1.0)",1,97.43973895240316,17467
"(0.9189473684210526, 0.9894736842105264)",1,97.43970752734624,17468
"(0.9172932330827066, 1.0)",1,97.4395001107802,17469
"(0.8611111111111112, 1.0)",1,97.43933795259188,17470
"(0.9376385678569744, 0.9774943735933984)",1,97.43921530653678,17471
"(0.9376385678569744, 0.965497521921464)",1,97.43858439542252,17472
"(0.875, 1.0)",1,97.43856700056166,17473
"(0.9131808593882896, 0.9886710239651416)",1,97.43854722495831,17474
"(0.9206668561144264, 0.977304372041214)",1,97.438191706565,17475
"(0.9035155195681512, 0.9925925925925926)",1,97.4379999299764,17476
"(0.865079365079365, 1.0)",1,97.43751363476768,17477
"(0.8945130355728907, 0.9885627144491042)",1,97.4374002074572,17478
"(0.9666666666666668, 0.9841269841269842)",1,97.4373884102498,17479
"(0.8817204301075269, 0.9841269841269842)",1,97.43727598566332,17480
"(0.925553613053613, 0.9868055555555556)",1,97.43725397872184,17481
"(0.9520261437908496, 0.992156862745098)",1,97.4372072577746,17482
"(0.9449122174122172, 0.9879901960784314)",1,97.4371879633305,17483
"(0.8112491373360938, 1.0)",1,97.43715943879992,17484
"(0.9135802469135802, 1.0)",1,97.43643872371942,17485
"(0.9594646747587924, 0.9807407407407408)",1,97.43642426156426,17486
"(0.9365750528541228, 0.965497521921464)",1,97.43638433280248,17487
"(0.9565217391304348, 0.9841269841269842)",1,97.43616605505684,17488
"(0.8518518518518519, 1.0)",1,97.4360325495337,17489
"(0.9520261437908496, 0.984504357298475)",2,97.43586845004398,17491
"(0.917859918146296, 0.977304372041214)",1,97.43554573966348,17492
"(0.8945130355728907, 0.9775193798449612)",1,97.43524621156844,17493
"(0.9841269841269842, 1.0)",1,97.43519763926258,17494
"(0.9407729468599032, 0.9868055555555556)",2,97.4351919045052,17496
"(0.859735522115823, 0.9775193798449612)",1,97.43501865717604,17497
"(0.9755757858699036, 1.0)",2,97.43498779994331,17499
"(0.9197362278244632, 0.992156862745098)",1,97.43495921299126,17500
"(0.8817204301075269, 1.0)",1,97.4349124488168,17501
"(0.9327249496289745, 0.9724945533769064)",2,97.43449845412164,17503
"(0.8428739632573199, 0.9868055555555556)",1,97.4344102227324,17504
"(0.8265590958605664, 0.9868055555555556)",1,97.43437885959536,17505
"(0.9704901960784316, 0.9882352941176472)",1,97.4339802115274,17506
"(0.9319444444444444, 0.9743589743589745)",1,97.4330713293909,17507
"(0.8125, 1.0)",3,97.43289434034304,17510
"(0.9365750528541228, 0.9885627144491042)",1,97.43283634557368,17511
"(0.9841269841269842, 1.0)",1,97.43282123137196,17512
"(0.859735522115823, 0.9885627144491042)",1,97.43271693429236,17513
"(0.9886710239651416, 0.992156862745098)",1,97.43266536381935,17514
"(0.9376385678569744, 0.965497521921464)",1,97.432200842143,17515
"(0.9213117283950616, 0.986574074074074)",1,97.432152486367,17516
"(0.8265590958605664, 0.9868055555555556)",1,97.43215244926864,17517
"(0.907834757834758, 0.9748677248677248)",1,97.43213914980096,17518
"(0.9272486772486772, 0.9743589743589745)",1,97.43181190789898,17519
"(0.9841269841269842, 1.0)",1,97.43177207095832,17520
"(0.8469839324618735, 1.0)",2,97.43167920077973,17522
"(0.9399223139548216, 0.992156862745098)",1,97.4316746913549,17523
"(0.8232424833126587, 0.977304372041214)",1,97.43118687571273,17524
"(0.9168478260869564, 1.0)",1,97.4307968631208,17525
"(0.9565217391304348, 0.9841269841269842)",1,97.43037966137568,17526
"(0.9014364972259707, 0.977304372041214)",1,97.43002681530908,17527
"(0.8882535288785288, 0.9866666666666666)",2,97.4299674473561,17529
"(0.941488229119808, 0.977304372041214)",1,97.4299075044287,17530
"(0.9333333333333332, 1.0)",1,97.42956269167796,17531
"(0.9135802469135802, 1.0)",1,97.42955455528542,17532
"(0.8820436507936508, 0.9868055555555556)",1,97.42946549301722,17533
"(0.9364583333333332, 0.9868055555555556)",2,97.4294313168528,17535
"(0.8550387596899225, 0.9775193798449612)",2,97.4294207069408,17537
"(0.8757566103854729, 0.9885627144491042)",1,97.42938939060214,17538
"(0.932852564102564, 1.0)",1,97.42903532424356,17539
"(0.9565217391304348, 1.0)",1,97.42882292489696,17540
"(1.0, 1.0)",1,97.42881090997028,17541
"(0.883580779054917, 1.0)",1,97.42879666499316,17542
"(0.8905936111818465, 0.9851851851851852)",1,97.42876549456292,17543
"(0.9306746031746032, 1.0)",1,97.42875810915945,17544
"(0.9407679738562092, 0.9868055555555556)",1,97.42875619719122,17545
"(0.947088068181818, 1.0)",1,97.4281457887097,17546
"(0.7630718954248366, 0.9866666666666666)",1,97.42812940511898,17547
"(0.8817204301075269, 1.0)",2,97.42806584068038,17549
"(0.9333333333333332, 0.9841269841269842)",1,97.4280010788259,17550
"(0.9070844099913866, 0.9774943735933984)",2,97.42797958072138,17552
"(0.9003322259136212, 0.9774943735933984)",2,97.42789945152332,17554
"(0.9343548387096776, 0.9866666666666666)",1,97.42752276269054,17555
"(0.8318452380952381, 0.9743589743589745)",1,97.42742560937012,17556
"(0.9841269841269842, 1.0)",1,97.42726985750372,17557
"(0.7962233504512917, 0.9868055555555556)",1,97.42704989873874,17558
"(0.854657646777212, 0.9868055555555556)",1,97.42701799259864,17559
"(0.7167919799498746, 1.0)",2,97.4269084469504,17561
"(0.9003322259136212, 0.9774943735933984)",1,97.42678346634229,17562
"(0.8547544409613373, 1.0)",1,97.426543724526,17563
"(0.907228074804801, 0.9698969646338068)",1,97.42654276118454,17564
"(0.9916666666666668, 0.9916666666666668)",1,97.42616581771487,17565
"(0.7544006919006919, 1.0)",1,97.42600352142688,17566
"(0.955544662122821, 0.9713960577118472)",2,97.42568646654708,17568
"(0.919687006945461, 0.9868055555555556)",1,97.42546111877289,17569
"(0.8873002904865649, 1.0)",1,97.4248414544038,17570
"(0.9135802469135802, 1.0)",1,97.42477952027912,17571
"(0.9109477124183006, 1.0)",1,97.42468736180028,17572
"(0.9444444444444444, 0.9841269841269842)",2,97.42467950728845,17574
"(0.9628070175438596, 0.984504357298475)",2,97.4242107284616,17576
"(0.6403503049675462, 1.0)",1,97.42414023999127,17577
"(0.8635440917107585, 0.9879901960784314)",1,97.42401835412518,17578
"(0.9003322259136212, 0.965497521921464)",1,97.423901443735,17579
"(0.8899821109123434, 0.965497521921464)",1,97.42383410789353,17580
"(0.8757566103854729, 0.9885627144491042)",1,97.42369044030713,17581
"(0.8921607065475332, 0.9774943735933984)",1,97.42333960560366,17582
"(0.6237087427563618, 0.9722222222222222)",1,97.42311164196305,17583
"(0.9176532769556026, 0.9774943735933984)",1,97.42295846628764,17584
"(0.9365750528541228, 0.965497521921464)",1,97.42282490439932,17585
"(0.9492266992266992, 0.9743589743589745)",1,97.42271915841349,17586
"(0.8402777777777779, 1.0)",1,97.42245499094166,17587
"(0.8734582431032859, 0.9774943735933984)",1,97.42240166641636,17588
"(0.9301470588235294, 0.992156862745098)",1,97.42218136942344,17589
"(0.5951421188630491, 0.9885627144491042)",1,97.42212852192714,17590
"(0.941488229119808, 0.9807407407407408)",1,97.4214773475778,17591
"(0.9073786106680845, 0.977304372041214)",1,97.42129186682688,17592
"(0.9430755736638088, 0.9886710239651416)",1,97.4212556533884,17593
"(0.978144708175668, 0.996078431372549)",1,97.42103518155967,17594
"(1.0, 1.0)",1,97.42063492063492,17595
"(0.8734582431032859, 0.9775193798449612)",1,97.42060526159042,17596
"(0.8259011519881087, 0.9868055555555556)",1,97.4204286540986,17597
"(0.958531746031746, 1.0)",1,97.42007571444888,17598
"(0.9343548387096776, 0.9722222222222222)",1,97.42000100073618,17599
"(0.9565217391304348, 1.0)",1,97.41978519543709,17600
"(0.9430755736638088, 0.996078431372549)",1,97.41939015437748,17601
"(0.9667774086378738, 0.9774943735933984)",1,97.41937512004584,17602
"(0.9451468036607356, 0.9847494553376906)",1,97.41936667635318,17603
"(0.8960328317373462, 0.9885627144491042)",1,97.41918657803924,17604
"(0.914652757654786, 0.9689710387078808)",1,97.41916007266528,17605
"(0.8428739632573199, 0.9868055555555556)",1,97.41913379321036,17606
"(0.8, 1.0)",1,97.4189130688912,17607
"(0.8498168498168498, 1.0)",1,97.41877020951978,17608
"(0.7840187590187591, 1.0)",4,97.4184912003346,17612
"(0.8502976190476191, 1.0)",1,97.41821785016748,17613
"(0.9523809523809524, 1.0)",1,97.41806279563222,17614
"(0.7871989121989122, 0.958531746031746)",1,97.41802112032192,17615
"(0.9743589743589745, 0.9868055555555556)",1,97.4173148343326,17616
"(0.9418447187487436, 0.9728599275967696)",1,97.41720581344448,17617
"(0.8975396022918773, 0.9885627144491042)",1,97.41720356057114,17618
"(0.9003322259136212, 0.9774943735933984)",1,97.4168252610802,17619
"(0.9666666666666668, 0.9841269841269842)",1,97.41679528201286,17620
"(0.9255470304063654, 0.9744107744107744)",1,97.4167835636016,17621
"(0.9376385678569744, 0.9775193798449612)",2,97.4167633522812,17623
"(0.9384803921568629, 0.9840686274509804)",1,97.41672153993204,17624
"(0.8822954822954823, 0.9868055555555556)",1,97.41640334506094,17625
"(0.9346192998272106, 0.9851851851851852)",1,97.41637738370063,17626
"(0.7585615468820776, 0.9841837983228654)",1,97.41628965588792,17627
"(0.896551724137931, 1.0)",1,97.41598235442493,17628
"(0.9003322259136212, 0.965497521921464)",2,97.41587759359982,17630
"(0.9696969696969696, 1.0)",1,97.41575293355652,17631
"(0.9365750528541228, 0.9775193798449612)",1,97.41573950897512,17632
"(1.0, 1.0)",1,97.4157344235918,17633
"(0.962271692302652, 0.9773420479302832)",1,97.41572786943442,17634
"(0.8904991948470209, 1.0)",1,97.41558047289628,17635
"(0.9047558922558924, 0.9868055555555556)",1,97.41533510314744,17636
"(0.9019323671497586, 0.9743589743589745)",1,97.4152845052605,17637
"(0.8306931805415123, 0.9885627144491042)",1,97.41514576309751,17638
"(0.9280112044817928, 0.984504357298475)",1,97.41511267910646,17639
"(0.8831018518518517, 1.0)",1,97.4149265653378,17640
"(0.8943833943833944, 0.9841269841269842)",1,97.4145261609032,17641
"(0.9376385678569744, 0.965497521921464)",1,97.41440440169472,17642
"(0.9463327370304114, 0.9885627144491042)",1,97.41397227745506,17643
"(0.5, 1.0)",1,97.4138822022118,17644
"(0.8428739632573199, 0.9868055555555556)",1,97.41380125682696,17645
"(0.8889463321560508, 0.9733828034137632)",1,97.41363570966249,17646
"(0.8817204301075269, 1.0)",1,97.41358232589847,17647
"(0.8921607065475332, 0.9774943735933984)",1,97.41334765791171,17648
"(0.992156862745098, 0.9855521155830752)",2,97.4130189507874,17650
"(0.8522222222222222, 0.9868055555555556)",1,97.41291003326992,17651
"(0.9365750528541228, 0.9774943735933984)",1,97.41290529077506,17652
"(0.9109477124183006, 1.0)",1,97.41276297587048,17653
"(0.9019607843137254, 0.9868055555555556)",2,97.41265562086656,17655
"(0.865079365079365, 1.0)",1,97.41242541600548,17656
"(0.9444444444444444, 1.0)",1,97.41222233175507,17657
"(0.8990289449112978, 0.992156862745098)",1,97.41194622596127,17658
"(0.9313958916900094, 0.9689710387078808)",1,97.41183976307386,17659
"(0.9064872325741892, 0.9868055555555556)",1,97.41170313506744,17660
"(0.9841269841269842, 1.0)",1,97.41166525087203,17661
"(0.8831018518518517, 1.0)",1,97.41125682878643,17662
"(0.9667774086378738, 0.9775193798449612)",1,97.41123251650122,17663
"(0.8889459760512393, 0.992156862745098)",1,97.41102850345573,17664
"(0.9346192998272106, 0.976623544154504)",2,97.41101897091204,17666
"(0.7081939799331105, 0.986574074074074)",1,97.41100864164558,17667
"(0.8281746031746032, 1.0)",1,97.41049554228188,17668
"(0.7963887583542189, 0.9868055555555556)",1,97.41038007483756,17669
"(0.8888888888888888, 1.0)",1,97.41011333827169,17670
"(0.7962233504512917, 0.9868055555555556)",1,97.41007077899631,17671
"(0.8858975827700768, 1.0)",1,97.4100401509914,17672
"(0.9235349105085948, 0.9736383442265796)",1,97.40961224236646,17673
"(0.9666666666666668, 0.9841269841269842)",1,97.40921177587867,17674
"(0.922287769513936, 0.9925925925925926)",1,97.4090576433453,17675
"(0.8680075424261471, 0.9774943735933984)",2,97.40897781977137,17677
"(0.9841269841269842, 1.0)",1,97.40887565829972,17678
"(0.8635440917107585, 0.992156862745098)",1,97.40883115959302,17679
"(0.8905936111818465, 0.9855521155830752)",1,97.4088269357062,17680
"(0.8762954142520705, 0.996078431372549)",1,97.4086675537428,17681
"(0.9329178338001868, 0.9746588693957114)",1,97.40858156672437,17682
"(0.8531211750305999, 0.9885627144491042)",1,97.40854175050336,17683
"(0.9235349105085948, 0.977304372041214)",1,97.40820843877616,17684
"(0.9135802469135802, 1.0)",1,97.40817502411706,17685
"(0.922050500014663, 1.0)",1,97.40811673839876,17686
"(0.9003322259136212, 0.9885627144491042)",1,97.40790233014457,17687
"(0.941488229119808, 0.9847117794486216)",2,97.40746592846432,17689
"(0.9841269841269842, 0.9841269841269842)",2,97.40720586085637,17691
"(0.8575440961689698, 0.9885627144491042)",1,97.40705454615852,17692
"(0.9308293014175368, 0.9894736842105264)",1,97.40699530037595,17693
"(0.9376385678569744, 0.9774943735933984)",1,97.40683749319132,17694
"(0.9507101086048454, 0.9841269841269842)",1,97.40677385162525,17695
"(0.883580779054917, 1.0)",1,97.40667990768232,17696
"(0.847123015873016, 0.9868055555555556)",1,97.40601704689666,17697
"(0.8446379408861877, 0.9868055555555556)",1,97.40577337505285,17698
"(0.92710864283235, 0.9775193798449612)",1,97.40574987485692,17699
"(0.8817204301075269, 1.0)",1,97.40552616724366,17700
"(0.9222222222222224, 0.969342965256278)",1,97.4050067618244,17701
"(0.8305168558651531, 0.9868055555555556)",1,97.40498660191386,17702
"(0.9667774086378738, 0.9775193798449612)",1,97.40482236181188,17703
"(0.903760514596734, 0.9774943735933984)",1,97.40461764134284,17704
"(0.9666666666666668, 0.9841269841269842)",1,97.40432273040992,17705
"(0.9014364972259707, 0.977304372041214)",1,97.40383242191666,17706
"(0.8440126050420167, 0.9866666666666666)",1,97.40370391036942,17707
"(0.8731060606060606, 1.0)",1,97.40352301787806,17708
"(0.8227906976744187, 0.9885627144491042)",2,97.40340396274463,17710
"(0.5223765432098765, 0.9868055555555556)",1,97.40336378355958,17711
"(0.9667774086378738, 0.9774943735933984)",1,97.40297417254446,17712
"(0.9192251461988304, 0.992156862745098)",1,97.40258323126932,17713
"(0.9386724386724388, 0.9841269841269842)",1,97.40255381321047,17714
"(0.896551724137931, 1.0)",1,97.40236516357206,17715
"(0.9009824397595296, 0.992156862745098)",1,97.40232559440986,17716
"(0.9135802469135802, 1.0)",1,97.4023123891587,17717
"(0.9253783187916316, 0.9855521155830752)",1,97.40207228867668,17718
"(0.9222222222222224, 0.977304372041214)",1,97.40207005351884,17719
"(0.9678376906318084, 0.977304372041214)",1,97.40196118217996,17720
"(0.9172932330827066, 1.0)",1,97.40189177120124,17721
"(0.7690274841437632, 0.9885627144491042)",1,97.4017662347782,17722
"(0.8858975827700768, 1.0)",1,97.40170453262924,17723
"(0.8078308130291714, 1.0)",1,97.4015498688522,17724
"(0.9365750528541228, 0.9775193798449612)",2,97.40151431948588,17726
"(0.8720512025627116, 0.9763834422657952)",1,97.40146189662586,17727
"(0.9351258309591644, 1.0)",1,97.40128169018548,17728
"(0.9003322259136212, 0.9774943735933984)",1,97.39997757331112,17729
"(0.813859649122807, 0.9743589743589745)",1,97.39997706665169,17730
"(0.8791208791208792, 1.0)",1,97.39969047652576,17731
"(0.9135802469135802, 1.0)",1,97.39967695947864,17732
"(0.9047619047619048, 1.0)",1,97.39949136890132,17733
"(0.7141994478951, 1.0)",1,97.39926462496436,17734
"(0.8428739632573199, 0.9868055555555556)",1,97.39921792349364,17735
"(0.9135802469135802, 1.0)",1,97.39915663786634,17736
"(0.919687006945461, 0.9868055555555556)",1,97.39906751717704,17737
"(0.6010487528344671, 0.9868055555555556)",1,97.39886664825308,17738
"(0.875, 1.0)",1,97.39880551520254,17739
"(0.8763636363636363, 1.0)",1,97.39858907155704,17740
"(0.8571428571428572, 1.0)",2,97.3985803901222,17742
"(0.9292181620122796, 0.9919117647058824)",1,97.39846038601364,17743
"(0.8457575757575757, 0.9868055555555556)",2,97.39809145549114,17745
"(0.8840890522875817, 0.9868055555555556)",1,97.39803248191636,17746
"(0.9176532769556026, 0.9775193798449612)",1,97.39797615609578,17747
"(0.9176532769556026, 0.9774943735933984)",1,97.39795114984422,17748
"(0.9696969696969696, 1.0)",2,97.39782968043838,17750
"(0.92710864283235, 0.965497521921464)",1,97.3975046587096,17751
"(0.91484126984127, 0.97718610251118)",1,97.39735217603584,17752
"(0.896551724137931, 1.0)",1,97.39732691548336,17753
"(0.7962233504512917, 0.9722222222222222)",1,97.39726006989451,17754
"(0.8151260504201681, 1.0)",2,97.3970786974915,17756
"(0.9651330532212884, 0.992156862745098)",1,97.39705061098104,17757
"(0.9847494553376906, 0.996078431372549)",1,97.39685488129354,17758
"(0.8190309499878695, 0.965497521921464)",1,97.39679444688576,17759
"(0.8265590958605664, 0.9734722222222224)",2,97.39678265277064,17761
"(0.8977777777777779, 1.0)",1,97.39675992358652,17762
"(0.9696969696969696, 0.9841269841269842)",1,97.39670550654544,17763
"(0.9615343915343916, 1.0)",1,97.39665662899137,17764
"(0.9365750528541228, 0.9885627144491042)",1,97.3966257252768,17765
"(0.8915343915343915, 0.9868055555555556)",1,97.39659897543724,17766
"(0.8190309499878695, 0.9775193798449612)",1,97.39657978924356,17767
"(0.9014364972259707, 0.9847117794486216)",1,97.3963249102643,17768
"(0.9292181620122796, 0.992156862745098)",1,97.39600746657148,17769
"(0.8502976190476191, 1.0)",1,97.39599697926222,17770
"(1.0, 1.0)",1,97.39560893951209,17771
"(0.9426596279537456, 0.9820662768031188)",1,97.39519554392749,17772
"(0.8887191358024692, 0.9743589743589745)",1,97.39517032350378,17773
"(0.8627450980392157, 1.0)",1,97.39492606159271,17774
"(0.9407679738562092, 0.9748677248677248)",1,97.39482423422184,17775
"(0.9019607843137254, 0.9868055555555556)",1,97.39469426389704,17776
"(0.9302579365079364, 1.0)",4,97.39432119660896,17780
"(0.7081939799331105, 0.986574074074074)",2,97.39426192548969,17782
"(0.9464473684210528, 0.9635373341255692)",1,97.39415848931073,17783
"(0.9222222222222224, 0.9606377053745476)",1,97.39366538170852,17784
"(0.8275809031622985, 0.9868055555555556)",1,97.393542181004,17785
"(0.9065438871473354, 0.9868055555555556)",1,97.39344860987164,17786
"(0.8837209302325582, 0.9885627144491042)",1,97.39333836562544,17787
"(0.9515843873249014, 0.9775193798449612)",1,97.39324092728413,17788
"(0.9230769230769232, 1.0)",1,97.39321116208988,17789
"(0.8439484126984128, 1.0)",1,97.3929185844384,17790
"(0.941488229119808, 0.9855521155830752)",1,97.39279057538576,17791
"(0.9351600241545894, 0.9748677248677248)",1,97.3925735031931,17792
"(0.8763636363636363, 1.0)",2,97.39251193251194,17794
"(0.896551724137931, 1.0)",1,97.392436830518,17795
"(0.9886710239651416, 0.992156862745098)",1,97.39238586476704,17796
"(0.9047619047619048, 0.9841269841269842)",1,97.39220728351188,17797
"(0.8589726631393297, 1.0)",3,97.39194166699612,17800
"(0.9327249496289745, 0.9651188354129532)",2,97.39184392586397,17802
"(0.9235349105085948, 0.9847117794486216)",2,97.3917935353359,17804
"(0.8227906976744187, 0.9885627144491042)",2,97.39177605576788,17806
"(0.9060062218351788, 0.9885627144491042)",1,97.3917406470846,17807
"(0.8575440961689698, 0.9885627144491042)",1,97.39161698365196,17808
"(0.9293342911877394, 0.9868055555555556)",2,97.39152784772118,17810
"(0.8590036231884057, 0.9743589743589745)",2,97.39133689203727,17812
"(0.915619658119658, 0.9868055555555556)",1,97.3911628528474,17813
"(0.8915343915343915, 0.9868055555555556)",1,97.3911143114142,17814
"(0.9003322259136212, 0.965497521921464)",1,97.39109600124344,17815
"(1.0, 0.9827450980392156)",1,97.3893413294726,17816
"(0.8275809031622985, 1.0)",2,97.38919865650593,17818
"(0.9370015948963316, 0.9841269841269842)",1,97.38912008114625,17819
"(0.984504357298475, 0.9916666666666668)",1,97.38877002260335,17820
"(0.9065891472868216, 0.9775193798449612)",1,97.38871634009816,17821
"(0.7413014722797331, 0.9866666666666666)",1,97.38830508663472,17822
"(0.7753527336860669, 0.9868055555555556)",1,97.3875865462279,17823
"(0.9333333333333332, 0.9841269841269842)",1,97.3875019836659,17824
"(0.8205662393162394, 0.9868055555555556)",4,97.38733674570256,17828
"(0.9391865079365078, 1.0)",1,97.3872354264438,17829
"(0.9469444444444444, 0.9812636165577344)",1,97.38677114590344,17830
"(0.813953488372093, 0.9774943735933984)",1,97.38669968635163,17831
"(0.8551296720061023, 1.0)",1,97.3863429745006,17832
"(0.8190309499878695, 0.9774943735933984)",1,97.38632109558353,17833
"(0.847123015873016, 0.9743589743589745)",1,97.38586888833582,17834
"(0.872732923796987, 0.9885627144491042)",1,97.38584398643206,17835
"(0.8351193705914272, 0.9913490623109498)",4,97.38559127126094,17839
"(0.8817204301075269, 0.9841269841269842)",2,97.38555103744714,17841
"(1.0, 0.9841269841269842)",1,97.38551604341102,17842
"(0.872732923796987, 0.9885627144491042)",1,97.38536722282038,17843
"(0.9674603174603176, 0.9841269841269842)",1,97.38530421159987,17844
"(0.8563074352548036, 0.9868055555555556)",1,97.38524764370842,17845
"(0.961342940685046, 0.9750869028930254)",1,97.38520918636878,17846
"(0.9449965600275196, 0.9894736842105264)",1,97.38512362299552,17847
"(0.9236728184096604, 0.984313725490196)",1,97.38501233633812,17848
"(0.8521317829457364, 1.0)",1,97.38498349404531,17849
"(0.9192180611357128, 1.0)",1,97.38471235110038,17850
"(0.9251027896538732, 0.996078431372549)",1,97.3841355249477,17851
"(0.853187414500684, 0.9885627144491042)",2,97.38411445407544,17853
"(0.9138847117794486, 0.992156862745098)",1,97.38270289592673,17854
"(0.9047619047619048, 1.0)",1,97.38265808475155,17855
"(0.9333333333333332, 1.0)",1,97.38264308673844,17856
"(0.9365750528541228, 0.9774943735933984)",1,97.38253973381477,17857
"(0.9579248366013072, 0.996078431372549)",1,97.38182070428924,17858
"(0.8887191358024692, 0.9743589743589745)",1,97.3816662230273,17859
"(0.907908163265306, 0.9750869028930254)",1,97.3810746003047,17860
"(0.9376385678569744, 0.965497521921464)",2,97.38072278476226,17862
"(0.9444444444444444, 1.0)",1,97.3805201385113,17863
"(0.8921607065475332, 0.965497521921464)",2,97.3801044848704,17865
"(0.8960297943034516, 0.9746588693957114)",1,97.38000632950988,17866
"(0.740829346092504, 1.0)",1,97.37980379688211,17867
"(0.9284391534391534, 0.9820662768031188)",1,97.37958775580432,17868
"(0.9565217391304348, 0.9841269841269842)",1,97.37931870156956,17869
"(0.9351258309591644, 1.0)",2,97.37844871586869,17871
"(0.9077881758764113, 0.977304372041214)",1,97.37818291237,17872
"(0.896551724137931, 1.0)",1,97.37806576515813,17873
"(0.8305168558651531, 0.9734722222222224)",2,97.3780522774758,17875
"(0.907228074804801, 0.9803376906318084)",1,97.37708839381315,17876
"(0.9202508960573476, 0.9868055555555556)",1,97.3770341108296,17877
"(0.8814236111111111, 0.9866666666666666)",1,97.376883990021,17878
"(0.9214340198321892, 1.0)",2,97.37686829765988,17880
"(0.9224211423699916, 1.0)",1,97.3768377938881,17881
"(0.8828042328042328, 0.9868055555555556)",1,97.3768203514836,17882
"(0.813953488372093, 0.965497521921464)",2,97.3767134507832,17884
"(0.9135802469135802, 1.0)",1,97.3763775149866,17885
"(0.8590036231884057, 0.9743589743589745)",1,97.37630553951928,17886
"(0.7800259083338473, 0.9885627144491042)",1,97.37591447673763,17887
"(0.9206668561144264, 0.9658521303258144)",1,97.37584958276368,17888
"(0.9520261437908496, 0.9919117647058824)",1,97.37568086037436,17889
"(0.9129129129129128, 0.9868055555555556)",1,97.37550955222316,17890
"(0.9160837476936547, 0.978144708175668)",1,97.37513094232916,17891
"(0.9521171802054156, 0.977304372041214)",1,97.37505688682226,17892
"(0.9003322259136212, 0.9885627144491042)",1,97.37494155580868,17893
"(0.8590556730091613, 0.9885627144491042)",1,97.37491383667134,17894
"(0.9471326164874552, 0.9748677248677248)",1,97.37483776943267,17895
"(0.9492266992266992, 0.9868055555555556)",1,97.3748060731942,17896
"(0.9279317066612892, 0.9812636165577342)",1,97.37470843410377,17897
"(0.8960328317373462, 0.9885627144491042)",1,97.37439487945127,17898
"(0.9197362278244632, 0.9886710239651416)",1,97.37435178801816,17899
"(1.0, 1.0)",1,97.3743019627166,17900
"(0.9104993386243384, 1.0)",1,97.3741383240789,17901
"(0.92710864283235, 0.9775193798449612)",1,97.37413093743204,17902
"(0.9003322259136212, 0.9885627144491042)",1,97.37412500472946,17903
"(0.9287593984962406, 0.977304372041214)",1,97.3739256867431,17904
"(0.9565217391304348, 0.9841269841269842)",1,97.3731867166652,17905
"(0.916543374925728, 0.9698969646338068)",1,97.37315585245638,17906
"(0.9444444444444444, 1.0)",1,97.37287420387,17907
"(0.9465811965811968, 1.0)",1,97.37278268538584,17908
"(0.9688888888888888, 0.9728599275967696)",1,97.3727790509671,17909
"(0.9003322259136212, 0.965497521921464)",2,97.37248154476362,17911
"(0.8356902356902357, 0.9734722222222224)",1,97.37247050224556,17912
"(0.9352372919478182, 0.992156862745098)",1,97.37232354827285,17913
"(0.9444444444444444, 1.0)",1,97.3721576767691,17914
"(0.8584010840108401, 0.9868055555555556)",1,97.37185878549882,17915
"(0.9191112362010194, 0.9812636165577344)",1,97.37168205643236,17916
"(0.7988631272401433, 0.9868055555555556)",1,97.37164694700478,17917
"(0.8683333333333333, 0.9868055555555556)",1,97.37141063488892,17918
"(0.9230769230769232, 1.0)",1,97.37117075377942,17919
"(0.9515843873249014, 0.9775193798449612)",1,97.37096415727837,17920
"(0.9521171802054156, 0.9733828034137632)",1,97.37071773669366,17921
"(0.7962233504512917, 0.9868055555555556)",1,97.37048723799334,17922
"(0.9065438871473354, 1.0)",2,97.37044024802432,17924
"(0.9233333333333332, 0.9868055555555556)",1,97.37017308180889,17925
"(0.9715797169307606, 0.9787811022617652)",1,97.37012760420134,17926
"(0.9131808593882896, 0.9847117794486216)",1,97.37004354549244,17927
"(0.8731060606060606, 0.9868055555555556)",2,97.36980888235792,17929
"(0.9492266992266992, 0.9743589743589745)",1,97.36968355718368,17930
"(0.9827450980392156, 0.996078431372549)",1,97.36951095303937,17931
"(0.9523809523809524, 1.0)",1,97.36938657280037,17932
"(0.896551724137931, 1.0)",1,97.36914988620975,17933
"(0.9342814048696402, 0.996078431372549)",1,97.36905944993424,17934
"(0.9466207660652104, 1.0)",1,97.36901799563556,17935
"(0.9841269841269842, 1.0)",1,97.36874236874236,17936
"(0.907228074804801, 0.9847117794486216)",1,97.36836826571124,17937
"(0.9841269841269842, 1.0)",1,97.36828000746624,17938
"(0.9492266992266992, 0.9743589743589745)",1,97.36826872201875,17939
"(0.8831018518518517, 1.0)",1,97.36825051307584,17940
"(0.8887191358024692, 0.9866666666666666)",1,97.36818314401656,17941
"(0.9310828877005348, 0.9785714285714284)",1,97.36805564879604,17942
"(0.9251027896538732, 0.9886710239651416)",2,97.36787681768858,17944
"(0.8857001484413657, 1.0)",1,97.36786620672277,17945
"(0.9386724386724388, 0.9841269841269842)",1,97.36764057198856,17946
"(0.7962233504512917, 0.9868055555555556)",1,97.3674060755402,17947
"(0.932101534037604, 0.9787164444850256)",1,97.36727455374935,17948
"(0.9444444444444444, 1.0)",1,97.36719367306704,17949
"(0.95474577471438, 0.9749660326086956)",3,97.36705032701047,17952
"(0.9738562091503268, 0.9879901960784314)",1,97.36694176174817,17953
"(0.847123015873016, 0.9868055555555556)",1,97.36663140251252,17954
"(0.9333333333333332, 0.9841269841269842)",1,97.36660050089488,17955
"(0.9491329966329968, 0.9877450980392156)",2,97.36634953654976,17957
"(0.9841269841269842, 1.0)",1,97.36634256134334,17958
"(0.9592592592592591, 1.0)",1,97.36632735085742,17959
"(0.9444444444444444, 1.0)",2,97.36603949968642,17961
"(0.8193202146690518, 0.9885627144491042)",1,97.36583357446123,17962
"(0.8970659722222223, 1.0)",1,97.36579210161632,17963
"(0.9045405982905984, 0.9866666666666666)",1,97.36578131369389,17964
"(0.9342814048696402, 0.996078431372549)",1,97.36567280328292,17965
"(0.8817204301075269, 0.9841269841269842)",1,97.36531761660346,17966
"(0.9065438871473354, 0.9868055555555556)",1,97.36525167274972,17967
"(0.9589484126984128, 1.0)",1,97.3648158913566,17968
"(0.8577654071075123, 0.9868055555555556)",1,97.3647377868278,17969
"(0.9172932330827066, 1.0)",1,97.36469942651225,17970
"(0.9023569023569024, 1.0)",1,97.36465345685868,17971
"(0.9841269841269842, 1.0)",1,97.364046203253,17972
"(0.875, 1.0)",1,97.36399288188466,17973
"(0.9003322259136212, 0.9885627144491042)",1,97.363728991728,17974
"(0.8889463321560508, 0.9807902108211708)",1,97.36365939239413,17975
"(0.9014364972259707, 0.9847117794486216)",1,97.36357508828712,17976
"(0.9666666666666668, 0.9841269841269842)",1,97.36324447157804,17977
"(0.926045751633987, 0.9820662768031188)",1,97.36305467502646,17978
"(0.9319444444444444, 0.9868055555555556)",2,97.36294260065377,17980
"(0.8488297541238717, 0.9882352941176472)",2,97.36287953178476,17982
"(0.92710864283235, 0.9775193798449612)",2,97.36287673558776,17984
"(0.941889272578127, 0.9882352941176472)",1,97.36272477701928,17985
"(0.9041666666666666, 0.9868055555555556)",1,97.36269552901192,17986
"(0.8259011519881087, 0.9866666666666666)",2,97.3622796318906,17988
"(0.941488229119808, 0.977304372041214)",1,97.36216131436204,17989
"(0.8527777777777779, 1.0)",1,97.3621566167975,17990
"(0.9365750528541228, 0.9885627144491042)",1,97.36206622404865,17991
"(0.8882535288785288, 0.9743589743589745)",1,97.36164216648856,17992
"(0.9206668561144264, 0.9733828034137632)",1,97.36163371277136,17993
"(0.978144708175668, 0.996078431372549)",1,97.3615395560152,17994
"(0.8813339438339438, 0.9868055555555556)",1,97.36133357182256,17995
"(0.8604651162790697, 0.9885627144491042)",1,97.36086402230517,17996
"(0.5951421188630491, 1.0)",1,97.36041219490562,17997
"(0.9019607843137254, 0.9868055555555556)",2,97.36023278402536,17999
"(0.8454115226337449, 0.9868055555555556)",1,97.36019973837786,18000
"(0.7410714285714286, 1.0)",2,97.36018193016793,18002
"(0.7988631272401433, 0.9868055555555556)",1,97.3598277331334,18003
"(0.9104761904761904, 0.9868055555555556)",2,97.3595846163618,18005
"(0.8468468468468467, 1.0)",1,97.3593464997138,18006
"(0.948045267489712, 0.9866666666666666)",1,97.35933329546036,18007
"(0.9202401372212692, 1.0)",1,97.35911807407828,18008
"(0.8964343717284894, 0.977304372041214)",1,97.35896306966748,18009
"(0.9847494553376906, 0.9491666666666668)",1,97.35886308713134,18010
"(0.9444444444444444, 1.0)",1,97.3588409664701,18011
"(0.9548148148148148, 0.9847117794486216)",1,97.35875882516756,18012
"(0.9662707390648568, 0.988425925925926)",1,97.3587479155108,18013
"(0.8817204301075269, 1.0)",2,97.35866342665402,18015
"(0.8550387596899225, 0.9885627144491042)",1,97.35865062965507,18016
"(0.914652757654786, 0.9733828034137632)",1,97.35828950783574,18017
"(0.9327249496289745, 0.984504357298475)",1,97.35790970538532,18018
"(0.8255157331244287, 0.986574074074074)",1,97.3578553882545,18019
"(0.9172932330827066, 1.0)",1,97.357775594239,18020
"(0.9019323671497586, 0.9743589743589745)",1,97.35776213510964,18021
"(0.8888888888888888, 1.0)",1,97.3573075475249,18022
"(0.9319444444444444, 0.9743589743589745)",1,97.35726633468292,18023
"(0.9666666666666668, 0.9841269841269842)",2,97.35714285714307,18025
"(0.8753306878306878, 0.9868055555555556)",1,97.35698052169882,18026
"(0.9109477124183006, 1.0)",1,97.35669386388533,18027
"(0.916543374925728, 0.9728599275967696)",1,97.35664974018854,18028
"(0.9641868969810148, 0.9778996101364522)",2,97.35662968774524,18030
"(0.9667774086378738, 0.9775193798449612)",1,97.3565570621546,18031
"(0.896551724137931, 1.0)",1,97.35647605382364,18032
"(0.8459679855028692, 0.9774943735933984)",1,97.35600520386384,18033
"(0.8627450980392157, 1.0)",1,97.35571714202992,18034
"(0.9272486772486772, 0.9743589743589745)",1,97.35563261493904,18035
"(0.8305168558651531, 0.9734722222222224)",1,97.35547982155656,18036
"(0.947860476880274, 0.9714285714285714)",3,97.35544979114208,18039
"(0.8990289449112978, 0.9877450980392156)",1,97.3550984213684,18040
"(0.9019607843137254, 0.9868055555555556)",1,97.35489540960124,18041
"(0.8969495620658411, 0.965497521921464)",1,97.3547595783265,18042
"(0.6296160130718955, 0.9866666666666666)",1,97.3537768824852,18043
"(0.5951421188630491, 0.9885627144491042)",2,97.35350480862176,18045
"(0.8734582431032859, 0.9774943735933984)",1,97.35348742342872,18046
"(0.9325581395348838, 0.9667774086378738)",1,97.35330009349944,18047
"(0.8757566103854729, 0.9885627144491042)",1,97.35307776138735,18048
"(0.9244767367135788, 0.9803050108932462)",1,97.35279092455733,18049
"(0.9364583333333332, 0.9868055555555556)",1,97.3527764633178,18050
"(0.907228074804801, 0.9807902108211708)",1,97.35269284562632,18051
"(0.9289529914529916, 0.9868055555555556)",1,97.35261311946726,18052
"(0.9841269841269842, 1.0)",1,97.35237714602565,18053
"(0.9449122174122172, 0.992156862745098)",1,97.35209989663574,18054
"(0.9841269841269842, 1.0)",1,97.35205902793643,18055
"(0.8264567669172932, 1.0)",1,97.35202147712808,18056
"(0.847123015873016, 0.9868055555555556)",1,97.35200532112351,18057
"(0.9894736842105264, 0.9816305469556244)",2,97.35157799072115,18059
"(0.9065438871473354, 1.0)",1,97.35154112501776,18060
"(0.9364583333333332, 0.9868055555555556)",1,97.35138096067232,18061
"(1.0, 1.0)",1,97.35130605196142,18062
"(0.8639403292181069, 0.9743589743589745)",1,97.3509682536556,18063
"(0.8889463321560508, 0.9733828034137632)",1,97.35015840414567,18064
"(0.9715797169307606, 0.9749660326086956)",1,97.35012535836672,18065
"(0.9313958916900094, 0.977304372041214)",1,97.34985075101986,18066
"(0.9192251461988304, 0.9925925925925926)",2,97.3498185000315,18068
"(0.9678608196882048, 0.9749660326086956)",2,97.34974713690892,18070
"(0.8729166666666666, 1.0)",1,97.34961982525712,18071
"(0.9592592592592591, 0.986574074074074)",1,97.34958990671224,18072
"(0.9214340198321892, 1.0)",2,97.34945664037971,18074
"(0.9202508960573476, 0.9748677248677248)",1,97.34899878113887,18075
"(0.8466625966625967, 0.9868055555555556)",1,97.348892974486,18076
"(0.9202401372212692, 1.0)",1,97.34876215589296,18077
"(0.9444444444444444, 0.9841269841269842)",1,97.3486086172363,18078
"(0.8449845679012346, 0.9866666666666666)",1,97.34858072312186,18079
"(0.8459679855028692, 0.9775193798449612)",2,97.34854877356686,18081
"(0.9222222222222224, 0.9807902108211708)",1,97.34826890614109,18082
"(0.8740392648287385, 1.0)",1,97.34826456291076,18083
"(0.9230769230769232, 1.0)",2,97.34824570853982,18085
"(0.9715797169307606, 0.9714285714285714)",1,97.3481636707967,18086
"(0.9047619047619048, 1.0)",2,97.3476728219252,18088
"(0.9239488017429196, 0.992156862745098)",1,97.34751601711298,18089
"(0.9841269841269842, 0.9841269841269842)",1,97.34746285158208,18090
"(0.9191387446502536, 0.9820662768031188)",1,97.34739698242916,18091
"(0.9696969696969696, 1.0)",2,97.34695795160911,18093
"(1.0, 1.0)",2,97.34684684684684,18095
"(0.9466207660652104, 0.986574074074074)",1,97.3468457844593,18096
"(0.8897707231040564, 1.0)",1,97.34684108837968,18097
"(0.8370512373649356, 0.9913490623109498)",4,97.34666329751155,18101
"(0.8468468468468467, 1.0)",1,97.3465692449674,18102
"(0.947860476880274, 0.9787811022617652)",1,97.34646951250996,18103
"(0.8964343717284894, 0.977304372041214)",1,97.3464613591317,18104
"(0.9466207660652104, 1.0)",1,97.3462599579507,18105
"(0.874025901365936, 0.9775193798449612)",1,97.34606454514278,18106
"(0.8190309499878695, 0.9774943735933984)",1,97.34601504799176,18107
"(0.8264589732338745, 0.9775193798449612)",1,97.34598434790716,18108
"(0.8889463321560508, 0.9685026291218242)",1,97.3459811776374,18109
"(0.916550925925926, 0.9868055555555556)",1,97.3458555289522,18110
"(0.8604651162790697, 0.9774943735933984)",1,97.3457076117592,18111
"(0.8970659722222223, 1.0)",1,97.34560489631298,18112
"(1.0, 0.9841269841269842)",1,97.3454915857092,18113
"(0.8943833943833944, 0.9841269841269842)",1,97.34542932327317,18114
"(0.844758764317945, 0.9774943735933984)",1,97.34530787408778,18115
"(0.8921607065475332, 0.9774943735933984)",1,97.3453052668664,18116
"(0.896551724137931, 1.0)",1,97.34528222643428,18117
"(0.9214340198321892, 1.0)",1,97.34522554295852,18118
"(0.9667774086378738, 0.9774943735933984)",1,97.34485607414376,18119
"(0.9466013071895424, 0.9840686274509804)",1,97.34482190536674,18120
"(0.8590036231884057, 0.9743589743589745)",2,97.34481679043851,18122
"(0.9327249496289745, 0.9886710239651416)",1,97.34470164438312,18123
"(1.0, 1.0)",1,97.34463579498548,18124
"(0.8804136798088411, 0.9868055555555556)",1,97.3443700162284,18125
"(0.9047558922558924, 0.9868055555555556)",1,97.34415036758772,18126
"(0.9521171802054156, 0.978144708175668)",1,97.344127903363,18127
"(0.8356902356902357, 0.9868055555555556)",1,97.34404400992032,18128
"(0.9289529914529916, 1.0)",4,97.3439901154188,18132
"(1.0, 0.9841269841269842)",2,97.34390102650995,18134
"(0.955544662122821, 0.9714285714285714)",3,97.34388735410188,18137
"(0.9230769230769232, 0.9841269841269842)",1,97.34368742368764,18138
"(0.8457575757575757, 0.9868055555555556)",1,97.34353955573668,18139
"(0.8264589732338745, 0.9775193798449612)",1,97.34353179707026,18140
"(0.8428739632573199, 0.9868055555555556)",1,97.34350905188523,18141
"(0.9057088744588744, 0.9734722222222224)",1,97.34338499703864,18142
"(0.8527777777777779, 0.9841269841269842)",2,97.3433696860268,18144
"(0.9047619047619048, 0.9841269841269842)",2,97.34334885929113,18146
"(0.9018073680369506, 0.996078431372549)",1,97.34291007294324,18147
"(0.9688888888888888, 0.9733828034137632)",1,97.34271450313253,18148
"(0.9647217861503576, 0.9787811022617652)",1,97.3426682443259,18149
"(0.8097251585623679, 0.9775193798449612)",1,97.34262284509114,18150
"(0.865079365079365, 1.0)",2,97.34241476303691,18152
"(0.9492266992266992, 0.9866666666666666)",1,97.3422983655384,18153
"(0.914652757654786, 0.977304372041214)",1,97.3422983558552,18154
"(0.9715797169307606, 0.9787811022617652)",1,97.34205459090464,18155
"(0.9342814048696402, 0.996078431372549)",1,97.34201468715854,18156
"(0.8856424148606811, 0.9866666666666666)",1,97.34184661082344,18157
"(0.915619658119658, 0.9868055555555556)",1,97.34176633397708,18158
"(0.9045405982905984, 0.9743589743589745)",1,97.34159947359905,18159
"(0.9135802469135802, 1.0)",2,97.34156523039712,18161
"(0.8887191358024692, 0.9866666666666666)",1,97.3414247230952,18162
"(0.8981673881673882, 0.977304372041214)",1,97.34111616751812,18163
"(0.8339307048984469, 1.0)",1,97.34082477083456,18164
"(0.8731060606060606, 0.9866666666666666)",1,97.3401580472636,18165
"(0.9230769230769232, 1.0)",1,97.33966918749536,18166
"(0.9449122174122172, 0.992156862745098)",1,97.33869701182418,18167
"(0.5223765432098765, 0.9868055555555556)",1,97.33859167581628,18168
"(0.8112491373360938, 1.0)",1,97.33855137930604,18169
"(0.9407679738562092, 0.9868055555555556)",1,97.33831330507594,18170
"(0.8734582431032859, 0.965497521921464)",2,97.33791155486198,18172
"(0.936026936026936, 1.0)",1,97.33770790612894,18173
"(0.8318452380952381, 0.9868055555555556)",1,97.33763449343502,18174
"(0.925553613053613, 0.9868055555555556)",1,97.33736294582586,18175
"(0.8305168558651531, 0.9868055555555556)",1,97.337285210223,18176
"(0.9426596279537456, 0.9820662768031188)",1,97.33724315911869,18177
"(0.9230769230769232, 1.0)",1,97.33720916660496,18178
"(0.808641975308642, 1.0)",1,97.33712177163744,18179
"(0.9465811965811968, 1.0)",1,97.337057894837,18180
"(0.8627450980392157, 1.0)",1,97.33699313282958,18181
"(0.8590556730091613, 0.9775193798449612)",1,97.33698856396045,18182
"(0.8550741594067247, 1.0)",1,97.33683120577696,18183
"(0.9399223139548216, 0.992156862745098)",1,97.3365949027364,18184
"(0.8867623604465709, 1.0)",1,97.33626380895682,18185
"(0.7081939799331105, 1.0)",1,97.33609944096855,18186
"(0.8227906976744187, 0.9885627144491042)",1,97.33578998913696,18187
"(0.888858024691358, 0.9868055555555556)",1,97.33506778480194,18188
"(0.9391865079365078, 1.0)",1,97.33483763532465,18189
"(0.907908163265306, 0.9749660326086956)",1,97.33478743067704,18190
"(0.9333333333333332, 0.9841269841269842)",1,97.33471300064278,18191
"(0.8013468013468013, 0.9841269841269842)",1,97.33469895643826,18192
"(0.8750600325600326, 1.0)",1,97.33453719747575,18193
"(0.8729166666666666, 1.0)",1,97.33442299759092,18194
"(0.9507101086048454, 0.9841269841269842)",2,97.33432289680798,18196
"(0.9253783187916316, 0.9851851851851852)",2,97.33427170632208,18198
"(0.9292181620122796, 0.9886710239651416)",1,97.33367770930326,18199
"(0.941488229119808, 0.977304372041214)",1,97.33364879748014,18200
"(0.8943833943833944, 0.9841269841269842)",1,97.3335481755774,18201
"(0.92710864283235, 0.9774943735933984)",1,97.33350995708844,18202
"(0.9551810490277984, 0.977304372041214)",1,97.33350321214166,18203
"(0.9349556489262372, 0.9736006683375104)",1,97.3334159183912,18204
"(0.875, 1.0)",1,97.33325098787256,18205
"(0.9427450980392156, 0.9808278867102396)",1,97.33319899885684,18206
"(0.8887191358024692, 0.9866666666666666)",1,97.3331828048496,18207
"(0.9202401372212692, 0.9767441860465116)",1,97.3327720729678,18208
"(0.9399223139548216, 0.9879901960784314)",1,97.33273377933968,18209
"(1.0, 1.0)",2,97.33269830162892,18211
"(0.8831064306064307, 1.0)",1,97.33259703658833,18212
"(0.9465811965811968, 0.986574074074074)",1,97.33250490760804,18213
"(0.8750051440329217, 0.9743589743589745)",1,97.33219482811892,18214
"(0.9349556489262372, 0.9886710239651416)",1,97.33218145754138,18215
"(0.9343548387096776, 0.9866666666666666)",1,97.332012092583,18216
"(0.919047619047619, 1.0)",1,97.3317224114135,18217
"(0.8827674567584882, 0.9785714285714284)",1,97.33164006193344,18218
"(0.8402777777777779, 1.0)",1,97.33158056336876,18219
"(0.9466207660652104, 1.0)",2,97.33143830295852,18221
"(0.9104761904761904, 0.9748677248677248)",1,97.33119255878306,18222
"(0.8857001484413657, 1.0)",1,97.3308958458594,18223
"(0.907908163265306, 0.9749660326086956)",1,97.33084918054048,18224
"(0.874025901365936, 0.9775193798449612)",1,97.3308453099061,18225
"(0.8318452380952381, 0.9743589743589745)",1,97.33058316711067,18226
"(0.9688888888888888, 0.9803921568627452)",1,97.33058126796644,18227
"(0.8831064306064307, 0.9868055555555556)",1,97.3305516367018,18228
"(0.9521171802054156, 0.9733828034137632)",1,97.33049886602416,18229
"(0.8765565134099617, 0.9866666666666666)",1,97.33034092275624,18230
"(0.9106275784016648, 0.9885627144491042)",1,97.33021529976936,18231
"(0.8889463321560508, 0.977304372041214)",1,97.3298001587356,18232
"(0.907228074804801, 0.9886710239651416)",1,97.32978979001057,18233
"(0.8521317829457364, 1.0)",1,97.32967252099442,18234
"(0.9641868969810148, 0.9816305469556244)",1,97.3296027977633,18235
"(0.683375104427736, 1.0)",1,97.3294938834716,18236
"(0.925553613053613, 0.9868055555555556)",1,97.32940381886698,18237
"(0.9841269841269842, 1.0)",1,97.32938777546993,18238
"(0.9376385678569744, 0.9774943735933984)",1,97.32884022398584,18239
"(0.8402777777777779, 1.0)",1,97.32875187254476,18240
"(0.8575440961689698, 0.9885627144491042)",1,97.32873002450408,18241
"(0.9333333333333332, 1.0)",1,97.32851973209362,18242
"(0.9707143676183924, 0.9827450980392156)",1,97.32850741482598,18243
"(1.0, 1.0)",1,97.32843967626576,18244
"(0.9647217861503576, 0.9749660326086956)",3,97.32842067342465,18247
"(0.9444444444444444, 1.0)",1,97.3283193581909,18248
"(0.9070844099913866, 0.965497521921464)",1,97.32830487961805,18249
"(0.9019607843137254, 0.9868055555555556)",1,97.32822337543276,18250
"(0.9293342911877394, 0.9868055555555556)",1,97.32807328696354,18251
"(0.9293342911877394, 0.9868055555555556)",1,97.32804640832066,18252
"(0.8312992626493769, 0.986574074074074)",1,97.32803502615988,18253
"(0.9615343915343916, 1.0)",1,97.32796557183646,18254
"(0.8520449077786689, 1.0)",1,97.32785622254691,18255
"(0.896551724137931, 1.0)",1,97.32765084901403,18256
"(0.9074804011737396, 0.9774943735933984)",1,97.32749235146149,18257
"(0.9249585360459974, 0.9749660326086956)",1,97.32743848917022,18258
"(0.9841269841269842, 1.0)",1,97.32728534099502,18259
"(0.9841269841269842, 1.0)",1,97.32703000288792,18260
"(0.8627450980392157, 1.0)",1,97.32694610376232,18261
"(0.92710864283235, 0.965497521921464)",2,97.32681116181726,18263
"(0.8905936111818465, 0.9820662768031188)",1,97.32678903755556,18264
"(0.8309016086793863, 0.9868055555555556)",1,97.32621338501306,18265
"(0.942961408510189, 0.9750869028930254)",1,97.32601205864866,18266
"(0.7705882352941177, 1.0)",1,97.32596251505592,18267
"(0.91243961352657, 0.9866666666666666)",1,97.32584962142936,18268
"(0.9333333333333332, 0.9841269841269842)",1,97.32580024691492,18269
"(0.9047619047619048, 1.0)",1,97.32575911248684,18270
"(0.9537087912087912, 0.9713960577118472)",3,97.32510418034391,18273
"(0.9469444444444444, 0.9733828034137632)",1,97.32506359853888,18274
"(0.8734582431032859, 0.965497521921464)",1,97.32497732571882,18275
"(0.853187414500684, 0.9775193798449612)",1,97.32483595016184,18276
"(0.9135802469135802, 1.0)",2,97.32476417479133,18278
"(0.9346192998272106, 0.977304372041214)",1,97.32468031014606,18279
"(0.8887191358024692, 0.9743589743589745)",1,97.32462862158476,18280
"(0.9142520753512132, 1.0)",1,97.32440288059568,18281
"(0.9003322259136212, 0.9775193798449612)",1,97.32421348515936,18282
"(0.9469444444444444, 0.9851851851851852)",1,97.32374654307522,18283
"(0.9841269841269842, 1.0)",1,97.32351565994624,18284
"(0.961342940685046, 0.9713960577118472)",1,97.32336519579144,18285
"(0.8757566103854729, 0.9775193798449612)",2,97.32316944717404,18287
"(0.9492266992266992, 0.9743589743589745)",1,97.32312118437136,18288
"(0.9743589743589745, 0.9868055555555556)",1,97.32299629950924,18289
"(0.8856424148606811, 0.9866666666666666)",1,97.32282112756184,18290
"(0.8255813953488372, 0.965497521921464)",1,97.3225916223044,18291
"(0.9370015948963316, 0.9841269841269842)",1,97.3225266197438,18292
"(1.0, 1.0)",4,97.32251082251082,18296
"(0.9465811965811968, 1.0)",1,97.32206080822418,18297
"(0.9269637391618816, 0.9700534759358288)",2,97.32202444478844,18299
"(0.8232424833126587, 0.977304372041214)",1,97.32151133312286,18300
"(0.950682393081946, 0.9785714285714284)",2,97.32150289629776,18302
"(0.8887463343108504, 0.9868055555555556)",1,97.32146973013528,18303
"(0.9507101086048454, 0.9841269841269842)",1,97.32143069236912,18304
"(0.896551724137931, 1.0)",1,97.3212105680273,18305
"(0.8232424833126587, 0.9807902108211708)",1,97.32117491281198,18306
"(0.92925, 0.9714285714285714)",3,97.32113182491196,18309
"(0.907228074804801, 0.9807902108211708)",1,97.32112843623683,18310
"(0.942961408510189, 0.9750869028930254)",3,97.32102466005914,18313
"(0.9194577352472088, 1.0)",1,97.32098668063593,18314
"(0.9343548387096776, 0.9866666666666666)",1,97.32081095200842,18315
"(0.9688888888888888, 0.977304372041214)",1,97.3206491613536,18316
"(0.984504357298475, 0.9687329434697856)",1,97.32049755627196,18317
"(0.5223765432098765, 0.9868055555555556)",1,97.3203816193443,18318
"(0.9255470304063654, 0.996078431372549)",2,97.32024369866184,18320
"(0.9497685185185184, 1.0)",1,97.32021099103324,18321
"(0.942961408510189, 0.9714285714285714)",1,97.31999609395304,18322
"(0.7973484848484849, 0.9743589743589745)",1,97.31988376741737,18323
"(0.8428739632573199, 0.9868055555555556)",1,97.3198833030832,18324
"(0.9408668730650154, 0.9913490623109498)",4,97.31974078665948,18328
"(0.872732923796987, 0.9775193798449612)",1,97.31967291798355,18329
"(0.9047619047619048, 1.0)",1,97.31946650729472,18330
"(0.9696969696969696, 0.9841269841269842)",2,97.31941531361844,18332
"(0.6856760145918833, 1.0)",1,97.31935098294484,18333
"(0.9019323671497586, 0.9743589743589745)",1,97.3193303197769,18334
"(0.8466625966625967, 0.9866666666666666)",1,97.31887257252826,18335
"(0.950682393081946, 0.9678053830227744)",3,97.31876857112896,18338
"(0.8705805822084891, 0.9885627144491042)",1,97.31864636404936,18339
"(0.9003322259136212, 0.9774943735933984)",1,97.3185413449382,18340
"(0.8356902356902357, 0.9868055555555556)",1,97.31851470953464,18341
"(0.9418447187487436, 0.9762566137566135)",1,97.31841066030864,18342
"(0.9594646747587924, 0.984504357298475)",2,97.31836126415187,18344
"(0.8220950928044749, 0.9743589743589745)",1,97.31794343294908,18345
"(0.9003322259136212, 0.965497521921464)",1,97.3177484915904,18346
"(0.9492266992266992, 0.9868055555555556)",1,97.31738035269424,18347
"(0.8571024784182679, 0.996078431372549)",1,97.31736305814027,18348
"(0.9666666666666668, 0.9841269841269842)",3,97.31702741702766,18351
"(0.9841269841269842, 1.0)",2,97.31682756226148,18353
"(0.813953488372093, 0.965497521921464)",2,97.3166541736688,18355
"(0.853187414500684, 0.9775193798449612)",1,97.31628102748247,18356
"(0.9651330532212884, 0.9886710239651416)",1,97.31622096009716,18357
"(0.896551724137931, 1.0)",1,97.31620041055476,18358
"(1.0, 1.0)",1,97.31604561463894,18359
"(0.8563074352548036, 0.9868055555555556)",1,97.31596256647234,18360
"(0.9841269841269842, 1.0)",1,97.31589772954696,18361
"(0.9206668561144264, 0.9650167903418676)",2,97.31575888621344,18363
"(0.9743589743589745, 0.9868055555555556)",1,97.31562811385416,18364
"(0.9466207660652104, 1.0)",1,97.31543007481676,18365
"(0.9023809523809524, 1.0)",2,97.31519964541756,18367
"(0.9224211423699916, 1.0)",1,97.31508520121672,18368
"(0.9251027896538732, 0.992156862745098)",1,97.31501588770732,18369
"(0.8368686868686868, 1.0)",1,97.31500671394126,18370
"(0.9594646747587924, 0.977304372041214)",1,97.31457805357776,18371
"(0.8345959595959597, 0.986574074074074)",1,97.31450400735406,18372
"(0.8927248677248676, 0.9722222222222222)",1,97.31419850786628,18373
"(0.6156045751633987, 1.0)",1,97.31395413319431,18374
"(0.9349556489262372, 0.9807407407407408)",1,97.3138050432532,18375
"(0.908998988877654, 0.9775193798449612)",1,97.31358142025704,18376
"(0.9224211423699916, 1.0)",1,97.313316089514,18377
"(0.9014364972259707, 0.977304372041214)",1,97.31316970575814,18378
"(0.9124528181178428, 0.9714285714285714)",2,97.31305286341244,18380
"(0.8255813953488372, 0.965497521921464)",1,97.3129140328487,18381
"(0.7167919799498746, 1.0)",1,97.31243960219604,18382
"(0.8227906976744187, 0.9775193798449612)",1,97.31240828069986,18383
"(0.8255813953488372, 0.9774943735933984)",1,97.31226093156792,18384
"(0.8966049382716049, 0.9868055555555556)",1,97.31180829530838,18385
"(0.9365750528541228, 0.9774943735933984)",1,97.3116547483834,18386
"(0.8151260504201681, 1.0)",1,97.31135519747392,18387
"(0.9743589743589745, 0.9868055555555556)",1,97.31120193646488,18388
"(0.8831064306064307, 0.9868055555555556)",4,97.31116678598916,18392
"(0.9047619047619048, 0.9841269841269842)",2,97.31097832728292,18394
"(0.8305168558651531, 0.9868055555555556)",1,97.31061854355636,18395
"(0.9492266992266992, 0.9743589743589745)",2,97.31056467131135,18397
"(0.8527777777777779, 0.9743589743589745)",1,97.31050098866318,18398
"(0.8915343915343915, 0.9866666666666666)",1,97.3104833592331,18399
"(0.8055555555555555, 1.0)",1,97.31047171252015,18400
"(0.9520261437908496, 0.9879901960784314)",1,97.31032814999578,18401
"(0.9272486772486772, 0.9743589743589745)",1,97.30991250015926,18402
"(0.8943833943833944, 0.9841269841269842)",2,97.30985623693503,18404
"(0.9506818181818182, 0.9868055555555556)",1,97.3098191014028,18405
"(0.919687006945461, 0.9868055555555556)",1,97.3097683590909,18406
"(0.9365750528541228, 0.9767441860465116)",1,97.30976173390653,18407
"(0.5310797459421314, 0.99001300130013)",1,97.30974333839032,18408
"(0.8388080540858317, 0.9868055555555556)",1,97.3094897151104,18409
"(0.9594646747587924, 0.977304372041214)",1,97.30941877504,18410
"(0.892733134920635, 0.9868055555555556)",1,97.3089935594575,18411
"(0.9666666666666668, 0.9841269841269842)",1,97.30886260166643,18412
"(0.9319444444444444, 0.9743589743589745)",1,97.30875814092995,18413
"(0.9264176245210728, 1.0)",1,97.3086509046717,18414
"(0.5223765432098765, 0.9868055555555556)",1,97.30836996230651,18415
"(0.9065891472868216, 0.9775193798449612)",1,97.30832192673064,18416
"(0.7707924493038034, 1.0)",4,97.30812544203584,18420
"(0.8666666666666667, 1.0)",1,97.30777034956832,18421
"(0.8817204301075269, 1.0)",1,97.30769936073762,18422
"(0.914421596921597, 0.9886710239651416)",1,97.30703609517712,18423
"(0.847123015873016, 0.9868055555555556)",1,97.30680335493004,18424
"(0.9740143369175628, 1.0)",1,97.30669147743998,18425
"(0.9449122174122172, 0.9916666666666668)",1,97.3066389598072,18426
"(0.9202508960573476, 0.9868055555555556)",1,97.30650082861034,18427
"(0.9001409893736627, 0.9714285714285714)",1,97.30642176768974,18428
"(0.9070844099913866, 0.965497521921464)",1,97.30638736994244,18429
"(0.9647217861503576, 0.9787811022617652)",1,97.30626703185489,18430
"(0.9579248366013072, 0.9879901960784314)",1,97.30616546581857,18431
"(0.915619658119658, 0.9868055555555556)",1,97.3056142466406,18432
"(0.914652757654786, 0.984967320261438)",1,97.30561200363304,18433
"(0.9696969696969696, 1.0)",1,97.30538051508718,18434
"(0.7753527336860669, 0.9868055555555556)",1,97.30502365115734,18435
"(0.8731060606060606, 0.9743589743589745)",1,97.30484311073222,18436
"(1.0, 1.0)",1,97.30483036501928,18437
"(0.9452631578947368, 0.996078431372549)",1,97.30480041710544,18438
"(0.8757566103854729, 0.9775193798449612)",1,97.30468276924148,18439
"(0.9172932330827066, 1.0)",1,97.30389092149214,18440
"(0.844758764317945, 0.9774943735933984)",1,97.30361091445596,18441
"(0.813859649122807, 0.9743589743589745)",1,97.30292947807764,18442
"(0.932101534037604, 0.9780772966501898)",1,97.30289310680308,18443
"(0.8518518518518519, 0.9841269841269842)",1,97.3026875658456,18444
"(0.8163854689162486, 1.0)",2,97.30259602207911,18446
"(0.9424323293938236, 0.9775193798449612)",1,97.3025920657586,18447
"(0.89, 1.0)",1,97.30244898357076,18448
"(0.922287769513936, 1.0)",2,97.30237746677548,18450
"(0.8518518518518519, 0.9841269841269842)",1,97.30222386309352,18451
"(0.8563074352548036, 0.9868055555555556)",1,97.3021184941829,18452
"(0.9003322259136212, 0.9885627144491042)",2,97.30200979596118,18454
"(0.8305168558651531, 0.9868055555555556)",1,97.30200772286796,18455
"(0.9191112362010194, 0.996078431372549)",1,97.30144081146308,18456
"(0.9325581395348838, 0.9775193798449612)",1,97.30141798157182,18457
"(0.8227906976744187, 0.9885627144491042)",1,97.30115463393506,18458
"(0.9444444444444444, 0.9841269841269842)",1,97.30094948624384,18459
"(0.8459679855028692, 0.965497521921464)",1,97.30085529281962,18460
"(0.9172932330827066, 1.0)",1,97.30000928246542,18461
"(0.9087026014109348, 1.0)",1,97.29999374713871,18462
"(0.9350548459681588, 0.996078431372549)",1,97.2998159207892,18463
"(0.9774943735933984, 0.9667774086378738)",1,97.29954748640333,18464
"(0.9189882697947216, 0.9748677248677248)",1,97.29927765930633,18465
"(0.9386724386724388, 1.0)",1,97.2992007992008,18466
"(0.8817204301075269, 0.9841269841269842)",1,97.29908572143609,18467
"(0.8848837209302325, 0.9774943735933984)",1,97.29886639491431,18468
"(0.9239488017429196, 0.977304372041214)",2,97.29851405560392,18470
"(0.7800259083338473, 0.9774943735933984)",1,97.29842989299448,18471
"(0.9047619047619048, 1.0)",1,97.2981622712376,18472
"(0.8888888888888888, 1.0)",1,97.29792993190829,18473
"(0.8915343915343915, 0.9868055555555556)",2,97.29756713356043,18475
"(0.9223063973063972, 0.9722222222222222)",1,97.29746824313509,18476
"(0.950682393081946, 0.9678053830227744)",1,97.29730561425755,18477
"(0.9449965600275196, 0.9820662768031188)",1,97.29724467591808,18478
"(0.8540013227513228, 0.9743589743589745)",1,97.2971537997971,18479
"(1.0, 1.0)",1,97.29685746352412,18480
"(0.808641975308642, 1.0)",1,97.2967885085528,18481
"(0.9230769230769232, 1.0)",1,97.29673621516906,18482
"(0.9565217391304348, 0.9841269841269842)",1,97.29580307818318,18483
"(0.5223765432098765, 0.9868055555555556)",1,97.2957616175488,18484
"(0.8563074352548036, 0.9868055555555556)",1,97.29547166878606,18485
"(0.8318452380952381, 0.9868055555555556)",1,97.29531875531866,18486
"(0.8893558268973552, 0.9774943735933984)",1,97.29525747189707,18487
"(0.9465811965811968, 1.0)",1,97.29511826949546,18488
"(0.9696969696969696, 1.0)",1,97.29489153384698,18489
"(0.8097251585623679, 0.965497521921464)",1,97.29448540089402,18490
"(0.9047619047619048, 0.9841269841269842)",1,97.29432831063288,18491
"(0.9594646747587924, 0.978144708175668)",1,97.29394286534178,18492
"(0.9841269841269842, 1.0)",1,97.29385241184028,18493
"(0.9364583333333332, 0.9868055555555556)",2,97.29357420008138,18495
"(0.8803174603174604, 1.0)",1,97.29345272727348,18496
"(0.8840890522875817, 0.9868055555555556)",1,97.29333952846984,18497
"(0.9014364972259707, 0.9886710239651416)",1,97.29325751195596,18498
"(0.8332521117608837, 1.0)",1,97.29285878328956,18499
"(0.9135802469135802, 1.0)",1,97.29247702119224,18500
"(0.8740392648287385, 0.9868055555555556)",1,97.29235969887486,18501
"(0.8822954822954823, 1.0)",1,97.29194824413784,18502
"(0.9230769230769232, 1.0)",1,97.2919313041072,18503
"(0.8887191358024692, 0.9743589743589745)",1,97.29177634104032,18504
"(0.773034398034398, 1.0)",1,97.29177053825822,18505
"(0.914652757654786, 0.977304372041214)",1,97.2916948753219,18506
"(0.9003322259136212, 0.9885627144491042)",2,97.29096646135704,18508
"(0.9606447334368527, 0.9750869028930254)",1,97.29081952235713,18509
"(0.955544662122821, 0.9714285714285714)",1,97.29065795603684,18510
"(0.9664488017429194, 0.9886710239651416)",1,97.29015244479864,18511
"(0.8097251585623679, 0.9775193798449612)",1,97.29008019182622,18512
"(0.8550741594067247, 1.0)",1,97.29003212569803,18513
"(0.9696969696969696, 1.0)",2,97.28968461834594,18515
"(0.7962233504512917, 0.9868055555555556)",1,97.28931919190548,18516
"(0.8729166666666666, 1.0)",1,97.28884541898417,18517
"(0.8575440961689698, 0.9885627144491042)",1,97.28870318525664,18518
"(0.8832772166105499, 1.0)",1,97.28869617041664,18519
"(0.813859649122807, 0.9866666666666666)",2,97.28853564629031,18521
"(0.9106880517555092, 0.9750869028930254)",1,97.28852594672344,18522
"(0.9018073680369506, 0.992156862745098)",2,97.2881426530541,18524
"(0.919687006945461, 0.9868055555555556)",1,97.2881413749639,18525
"(0.9565217391304348, 1.0)",1,97.28809196958817,18526
"(0.6296160130718955, 0.9866666666666666)",1,97.28775276771108,18527
"(0.9135802469135802, 1.0)",1,97.28772757033626,18528
"(0.9696969696969696, 1.0)",1,97.28755287274775,18529
"(0.917859918146296, 0.9689710387078808)",1,97.28720468970327,18530
"(0.8604651162790697, 0.9775193798449612)",1,97.287109311787,18531
"(0.7753527336860669, 0.9868055555555556)",1,97.28649007367854,18532
"(0.7319111444111444, 0.9866666666666666)",1,97.28625537935874,18533
"(0.6782946827273069, 0.9868055555555556)",1,97.28624400428303,18534
"(0.9841269841269842, 1.0)",1,97.2860631156118,18535
"(0.9333333333333332, 0.9841269841269842)",1,97.2858980141966,18536
"(0.8856424148606811, 0.9866666666666666)",1,97.28584316940132,18537
"(0.8888888888888888, 1.0)",2,97.2858125936586,18539
"(0.8888888888888888, 1.0)",1,97.28554106338464,18540
"(0.8571428571428572, 0.9841269841269842)",1,97.28552632778432,18541
"(0.896551724137931, 1.0)",1,97.28545554562464,18542
"(0.9019607843137254, 0.9868055555555556)",1,97.28544398991636,18543
"(0.9263225391166569, 0.992156862745098)",1,97.28539188806776,18544
"(0.8440126050420167, 0.9722222222222222)",1,97.28534158521624,18545
"(0.7753527336860669, 0.9868055555555556)",1,97.28524637099048,18546
"(0.7349551414768807, 0.9743589743589745)",1,97.28476299970774,18547
"(0.8952380952380952, 1.0)",1,97.28456634986294,18548
"(0.9688888888888888, 0.9733828034137632)",1,97.28429098577,18549
"(0.896551724137931, 1.0)",1,97.28411426771277,18550
"(0.9019323671497586, 1.0)",4,97.28406296001468,18554
"(0.90437564499484, 0.977304372041214)",1,97.28363983249574,18555
"(0.9841269841269842, 1.0)",1,97.28360549776627,18556
"(0.9206668561144264, 0.977304372041214)",1,97.28355504962808,18557
"(0.8345959595959597, 1.0)",1,97.28345633072624,18558
"(0.9391865079365078, 0.986574074074074)",1,97.28316815775452,18559
"(0.9047619047619048, 1.0)",1,97.28313354389712,18560
"(0.9688888888888888, 0.9689710387078808)",1,97.28299812944618,18561
"(0.9251027896538732, 0.984313725490196)",1,97.28288596554764,18562
"(0.9019607843137254, 0.9868055555555556)",1,97.2828229172547,18563
"(0.9090630853183156, 0.9783863000134188)",1,97.28275668233576,18564
"(0.917859918146296, 0.9733828034137632)",1,97.28265611234022,18565
"(0.8639403292181069, 0.9743589743589745)",1,97.28241914123817,18566
"(0.896551724137931, 1.0)",1,97.28215048965886,18567
"(0.907228074804801, 0.996078431372549)",1,97.28212120207642,18568
"(0.8232424833126587, 0.9807902108211708)",1,97.28212010983329,18569
"(0.9469444444444444, 0.9851851851851852)",2,97.2811022035726,18571
"(0.8837209302325582, 0.9885627144491042)",1,97.28106378717648,18572
"(0.8952020202020202, 1.0)",1,97.28098691697951,18573
"(0.9040106023792244, 0.9775193798449612)",1,97.28078810735556,18574
"(0.9563953488372092, 0.9775193798449612)",1,97.28052736221488,18575
"(0.8888888888888888, 1.0)",1,97.28046022467883,18576
"(0.9293342911877394, 0.9868055555555556)",1,97.28042668343429,18577
"(0.9370015948963316, 0.9841269841269842)",1,97.27999309701924,18578
"(0.9841269841269842, 1.0)",1,97.27994227994228,18579
"(0.9463327370304114, 0.965497521921464)",1,97.27973527337775,18580
"(0.8198261686633779, 1.0)",1,97.279680462547,18581
"(0.9014364972259707, 0.9886710239651416)",1,97.27965757670697,18582
"(0.9011266511266512, 0.9866666666666666)",1,97.27946876385282,18583
"(0.8138881768037778, 0.9886710239651416)",1,97.27936766797949,18584
"(0.9696969696969696, 0.9841269841269842)",1,97.27921857400638,18585
"(0.9666666666666668, 0.9841269841269842)",2,97.2791730093792,18587
"(0.9592592592592591, 1.0)",1,97.2791643241087,18588
"(0.9135802469135802, 1.0)",1,97.2789327627283,18589
"(0.8840890522875817, 0.9868055555555556)",1,97.27890406863808,18590
"(0.9104761904761904, 0.9868055555555556)",1,97.27873250016808,18591
"(0.8705290357677138, 0.9774943735933984)",1,97.278659967321,18592
"(0.9342814048696402, 0.992156862745098)",2,97.27849012983036,18594
"(0.9696969696969696, 0.9841269841269842)",2,97.27845767948094,18596
"(1.0, 1.0)",1,97.277981304729,18597
"(0.9191742887131236, 0.9750869028930254)",1,97.2779240087898,18598
"(0.9399138116785176, 0.992156862745098)",1,97.27786923547926,18599
"(0.9351600241545894, 0.9748677248677248)",1,97.27776801765664,18600
"(0.9172932330827066, 1.0)",2,97.27764000156807,18602
"(0.8330439814814815, 1.0)",1,97.27751696734336,18603
"(0.8734582431032859, 0.9775193798449612)",1,97.27751065340732,18604
"(0.907228074804801, 0.9733828034137632)",1,97.27682393744324,18605
"(0.8762954142520705, 0.9801470588235296)",1,97.27676690458176,18606
"(0.9696969696969696, 1.0)",1,97.2765805118747,18607
"(0.9365750528541228, 0.9775193798449612)",1,97.27656160880956,18608
"(0.8840890522875817, 0.9868055555555556)",1,97.276456978691,18609
"(0.950682393081946, 0.9678053830227744)",3,97.2764317553536,18612
"(0.9647217861503576, 0.9678053830227744)",3,97.27637362920746,18615
"(0.8705290357677138, 0.9667774086378738)",1,97.2763071241455,18616
"(1.0, 1.0)",1,97.27626372034976,18617
"(0.9168478260869564, 1.0)",2,97.27568040310634,18619
"(0.9414547870430224, 0.978144708175668)",1,97.27562828959287,18620
"(0.9176532769556026, 0.965497521921464)",2,97.27548235482708,18622
"(0.8888888888888888, 1.0)",1,97.27519530925257,18623
"(0.9565217391304348, 1.0)",1,97.27508823993948,18624
"(0.813859649122807, 0.9743589743589745)",1,97.27492295912782,18625
"(0.8466625966625967, 0.9866666666666666)",1,97.27491350253833,18626
"(0.8567397660818714, 0.9868055555555556)",1,97.2747041473817,18627
"(0.9333333333333332, 0.9696969696969696)",1,97.2746149788079,18628
"(0.9370015948963316, 0.9841269841269842)",1,97.27448158531324,18629
"(0.9003322259136212, 0.9775193798449612)",1,97.27430819807871,18630
"(0.942961408510189, 0.9642166226376752)",3,97.27384225409074,18633
"(0.9047558922558924, 0.9868055555555556)",1,97.27383775961596,18634
"(0.917859918146296, 0.9704692695791768)",2,97.27376101586452,18636
"(0.875, 1.0)",1,97.2736656331036,18637
"(0.9047619047619048, 0.9841269841269842)",1,97.27358516488977,18638
"(0.896551724137931, 1.0)",1,97.27348426852764,18639
"(0.9023569023569024, 1.0)",1,97.27316058861864,18640
"(0.8945130355728907, 0.9775193798449612)",1,97.27285752211898,18641
"(0.8604651162790697, 0.9774943735933984)",1,97.27282618712972,18642
"(1.0, 0.9841269841269842)",2,97.27276207306564,18644
"(0.9206668561144264, 0.977304372041214)",1,97.27267687227118,18645
"(0.8945130355728907, 0.9775193798449612)",1,97.27260391626032,18646
"(0.9230116959064328, 0.9778966131907308)",1,97.27246674165347,18647
"(0.9014364972259707, 0.9733828034137632)",1,97.27232031332883,18648
"(0.8259011519881087, 0.9868055555555556)",1,97.27205864447862,18649
"(0.9696969696969696, 1.0)",1,97.27178618482972,18650
"(0.5033677976530568, 0.9862525242105394)",1,97.27176229286512,18651
"(0.9239488017429196, 0.977304372041214)",1,97.27163227066484,18652
"(0.9047558922558924, 0.9868055555555556)",1,97.27127680680054,18653
"(0.9667774086378738, 0.9774943735933984)",1,97.27117433832731,18654
"(0.8970659722222223, 1.0)",1,97.2710235356347,18655
"(0.8232424833126587, 0.9882352941176472)",1,97.2709914983056,18656
"(0.8817204301075269, 1.0)",1,97.27091803146038,18657
"(0.942961408510189, 0.9785714285714284)",1,97.27085414590393,18658
"(0.926045751633987, 0.9820662768031188)",1,97.27062321227902,18659
"(0.853187414500684, 0.9885627144491042)",1,97.2703284255156,18660
"(0.8312992626493769, 1.0)",2,97.27003496800492,18662
"(0.9003322259136212, 0.965497521921464)",1,97.26991276585323,18663
"(0.8535457949758153, 0.9868055555555556)",1,97.26990611646004,18664
"(0.9662707390648568, 0.996078431372549)",1,97.26983193385448,18665
"(0.8872877323964281, 0.9868055555555556)",1,97.26977254765636,18666
"(0.9280112044817928, 0.9810185185185186)",2,97.2696809362522,18668
"(0.932852564102564, 1.0)",1,97.26941399806137,18669
"(0.8622222222222222, 1.0)",1,97.26938949938948,18670
"(0.9224211423699916, 1.0)",1,97.2691891355854,18671
"(0.9224211423699916, 1.0)",1,97.26908951363792,18672
"(1.0, 1.0)",1,97.26889027575528,18673
"(0.8309016086793863, 0.9868055555555556)",1,97.26888137213304,18674
"(0.8112794612794614, 1.0)",4,97.2688153908625,18678
"(0.8323660714285714, 0.9868055555555556)",1,97.26880385198346,18679
"(0.813953488372093, 0.9775193798449612)",2,97.26870266293484,18681
"(0.8831018518518517, 1.0)",1,97.26863815119432,18682
"(1.0, 0.9841269841269842)",4,97.26857884793574,18686
"(0.9647217861503576, 0.9714285714285714)",3,97.26853954222412,18689
"(0.992156862745098, 0.9866666666666668)",1,97.26837987047112,18690
"(0.8856424148606811, 0.9866666666666666)",1,97.26835073684144,18691
"(0.9376385678569744, 0.9774943735933984)",1,97.26814573422529,18692
"(0.6010487528344671, 0.9868055555555556)",1,97.26781669436023,18693
"(0.922287769513936, 0.984504357298475)",1,97.26756162743074,18694
"(0.9272486772486772, 0.9743589743589745)",1,97.26705522765876,18695
"(0.9565217391304348, 1.0)",2,97.26702393579156,18697
"(1.0, 1.0)",1,97.26695912408752,18698
"(0.925553613053613, 0.9868055555555556)",1,97.26674755537742,18699
"(0.8932369004949651, 0.9868055555555556)",1,97.2666072772458,18700
"(0.947860476880274, 0.9714285714285714)",3,97.26657992458384,18703
"(0.9444444444444444, 0.9841269841269842)",1,97.26648721648743,18704
"(0.9674603174603176, 1.0)",1,97.26614262930052,18705
"(0.962458433665864, 0.9813854489164088)",1,97.26598089716572,18706
"(0.9349556489262372, 0.9807407407407408)",2,97.26595217725796,18708
"(0.8517794057794058, 0.977304372041214)",1,97.26589935384816,18709
"(0.892733134920635, 0.9868055555555556)",1,97.26564630999609,18710
"(0.7081939799331105, 1.0)",1,97.26544234572232,18711
"(0.844758764317945, 0.9774943735933984)",1,97.26542344628076,18712
"(0.9324786324786324, 0.9743589743589745)",1,97.26538827077007,18713
"(0.8889463321560508, 0.9807902108211708)",1,97.2652259138094,18714
"(0.9306746031746032, 1.0)",2,97.26518904713008,18716
"(0.8454115226337449, 0.9868055555555556)",1,97.264894265614,18717
"(0.9104761904761904, 0.9868055555555556)",1,97.26487626315954,18718
"(0.92710864283235, 0.965497521921464)",1,97.26462559452004,18719
"(0.9521171802054156, 0.9807902108211708)",1,97.26460742386988,18720
"(0.8271652864044169, 1.0)",1,97.26457527997024,18721
"(0.7707924493038034, 0.9743589743589745)",1,97.26410732473352,18722
"(0.9203070458952812, 0.9689710387078808)",1,97.26403986964928,18723
"(0.9358798064680418, 0.9882352941176472)",1,97.26384050991643,18724
"(0.9543049270990448, 0.9925925925925926)",1,97.26378809044112,18725
"(0.9647217861503576, 0.9785714285714284)",2,97.2635623127606,18727
"(0.9492266992266992, 0.9743589743589745)",1,97.26352473604044,18728
"(0.9176532769556026, 0.965497521921464)",2,97.26346049690358,18730
"(0.9426596279537456, 0.9851851851851852)",1,97.26338598993102,18731
"(0.8604651162790697, 0.9775193798449612)",1,97.26283363653516,18732
"(1.0, 1.0)",1,97.26255687415106,18733
"(0.8604651162790697, 0.9885627144491042)",1,97.26224906416256,18734
"(0.9104761904761904, 0.9604828042328042)",1,97.26224293977336,18735
"(0.9070844099913866, 0.9774943735933984)",1,97.26207789388415,18736
"(0.90934937783235, 0.9855521155830752)",2,97.26176775818878,18738
"(0.9346192998272106, 0.9886710239651416)",1,97.26162106713554,18739
"(0.8817204301075269, 1.0)",1,97.26143382245752,18740
"(0.8873002904865649, 1.0)",1,97.2612412668659,18741
"(0.9206349206349206, 1.0)",1,97.26117467581996,18742
"(0.8368686868686868, 1.0)",1,97.26072605733124,18743
"(0.9104993386243384, 0.986574074074074)",1,97.26059927660366,18744
"(0.8831064306064307, 1.0)",1,97.26015062780536,18745
"(0.9049919484702094, 0.9841269841269842)",1,97.26012576635834,18746
"(1.0, 1.0)",1,97.26007757290476,18747
"(0.8888888888888888, 1.0)",1,97.26006135774756,18748
"(0.5951421188630491, 0.9885627144491042)",1,97.25971823865164,18749
"(0.875, 1.0)",1,97.2594141381445,18750
"(0.9589484126984128, 1.0)",1,97.2592556896773,18751
"(0.896551724137931, 1.0)",1,97.25924535304377,18752
"(0.9251027896538732, 0.984313725490196)",1,97.25888028928132,18753
"(0.8791208791208792, 1.0)",1,97.25884136319804,18754
"(0.9206668561144264, 0.9689710387078808)",1,97.25882895140636,18755
"(0.8817204301075269, 1.0)",1,97.2582127755654,18756
"(0.8807058823529411, 0.9885026737967916)",1,97.2581028364781,18757
"(0.9657080610021788, 0.9919117647058824)",1,97.25793532384444,18758
"(0.9077881758764113, 0.9768686421937196)",1,97.2578962850016,18759
"(1.0, 1.0)",1,97.2578226198142,18760
"(0.8457575757575757, 0.9868055555555556)",2,97.257762879203,18762
"(0.9230769230769232, 0.9841269841269842)",1,97.2572205572208,18763
"(0.9222222222222224, 0.9847117794486216)",1,97.25715038564726,18764
"(0.9176532769556026, 0.9774943735933984)",1,97.25703174771,18765
"(0.8518518518518519, 1.0)",1,97.25625933643988,18766
"(0.7555555555555554, 1.0)",1,97.25604039360351,18767
"(0.8888888888888888, 1.0)",1,97.25572062453622,18768
"(0.9168478260869564, 1.0)",1,97.25569863688555,18769
"(0.9075175684308812, 0.9816305469556244)",1,97.25551549576062,18770
"(0.9840686274509804, 1.0)",1,97.25523630304868,18771
"(0.8457575757575757, 0.9868055555555556)",1,97.25495119998236,18772
"(0.941488229119808, 0.9811403508771928)",1,97.25476594871976,18773
"(0.9696969696969696, 1.0)",1,97.25471045806366,18774
"(0.8761348091033453, 0.9774943735933984)",1,97.2546192018008,18775
"(0.9310828877005348, 0.9749660326086956)",1,97.2545027020668,18776
"(0.8888888888888888, 1.0)",1,97.25427762309322,18777
"(0.909722222222222, 0.996078431372549)",2,97.25425397244426,18779
"(0.896551724137931, 1.0)",1,97.25374021113198,18780
"(0.8488297541238717, 0.9820662768031188)",1,97.25352705684706,18781
"(0.8817204301075269, 0.9841269841269842)",1,97.25347621055916,18782
"(0.9224211423699916, 1.0)",1,97.2534143037979,18783
"(0.8680075424261471, 0.9662727157199136)",1,97.25296003620824,18784
"(0.9343548387096776, 0.9866666666666666)",1,97.25288462497316,18785
"(0.9521171802054156, 0.97317738791423)",1,97.25268062620938,18786
"(0.9841269841269842, 0.9841269841269842)",1,97.252542811125,18787
"(0.8537243006403775, 0.9885627144491042)",1,97.25235694866537,18788
"(0.8952020202020202, 1.0)",1,97.25231844111798,18789
"(0.7988631272401433, 0.9868055555555556)",1,97.25225293075528,18790
"(0.9135802469135802, 0.9841269841269842)",1,97.25214751723396,18791
"(0.9319444444444444, 0.9743589743589745)",2,97.25213290365583,18793
"(0.984313725490196, 0.9816305469556244)",2,97.25212191133812,18795
"(0.8428739632573199, 0.9868055555555556)",1,97.2519263449774,18796
"(0.9841269841269842, 1.0)",1,97.25188203643734,18797
"(0.9214457417582416, 0.9822129401211036)",1,97.251387509943,18798
"(0.8918762718762719, 0.9611006683375104)",1,97.25134948465455,18799
"(0.847123015873016, 0.9722222222222222)",1,97.25129819047172,18800
"(0.9014364972259707, 0.977304372041214)",1,97.25121120892682,18801
"(0.9667774086378738, 0.9775193798449612)",1,97.25095435474084,18802
"(0.9521171802054156, 0.9733828034137632)",1,97.25079278973226,18803
"(0.9715797169307606, 0.9785714285714284)",3,97.25077201455134,18806
"(0.92925, 0.9750869028930254)",3,97.25074456541503,18809
"(0.9135802469135802, 1.0)",1,97.25061072780368,18810
"(0.9070844099913866, 0.965497521921464)",2,97.250552282199,18812
"(0.9163961038961038, 0.9748677248677248)",1,97.2504643281772,18813
"(0.5223765432098765, 0.9868055555555556)",2,97.2504498938327,18815
"(0.961342940685046, 0.9750869028930254)",1,97.25039281055402,18816
"(0.9090630853183156, 0.9767156402738858)",1,97.2502898720552,18817
"(0.9465811965811968, 1.0)",2,97.25028198766924,18819
"(0.941488229119808, 0.9847117794486216)",1,97.25014206166576,18820
"(0.9548148148148148, 0.9886710239651416)",1,97.25004442453096,18821
"(0.8428739632573199, 0.9868055555555556)",1,97.24989586379358,18822
"(0.9037076648841356, 0.996078431372549)",2,97.24969512776872,18824
"(0.9065891472868216, 0.9775193798449612)",1,97.24939533881304,18825
"(0.9019323671497586, 0.9743589743589745)",1,97.24922784944536,18826
"(0.9715797169307606, 0.9716709318919264)",1,97.24912986485931,18827
"(0.9003322259136212, 0.9775193798449612)",1,97.24912334522458,18828
"(0.7460317460317459, 1.0)",2,97.24911585328267,18830
"(0.8731060606060606, 0.9743589743589745)",2,97.2489904637616,18832
"(0.962271692302652, 0.977304372041214)",1,97.24898315720375,18833
"(0.9370015948963316, 0.9841269841269842)",2,97.24879662248104,18835
"(0.6403503049675462, 1.0)",1,97.24876701926512,18836
"(0.9047619047619048, 0.9841269841269842)",4,97.24843232778925,18840
"(0.9289529914529916, 1.0)",1,97.24822550871328,18841
"(0.8488297541238717, 0.984313725490196)",1,97.24816529471111,18842
"(0.9192180611357128, 1.0)",1,97.2479745550131,18843
"(0.9333333333333332, 0.9841269841269842)",1,97.24796577392507,18844
"(0.8731060606060606, 1.0)",2,97.247871139341,18846
"(0.907908163265306, 0.9678053830227744)",3,97.24764293927528,18849
"(0.834478021978022, 1.0)",1,97.24744819261588,18850
"(0.9370015948963316, 0.9841269841269842)",1,97.24732405760042,18851
"(0.8584010840108401, 0.9868055555555556)",1,97.2473196846615,18852
"(0.9244767367135788, 0.9820662768031188)",1,97.24697755292912,18853
"(0.7975164658278694, 1.0)",2,97.24689537675312,18855
"(0.7413014722797331, 0.9722222222222222)",1,97.24676025432348,18856
"(0.8527777777777779, 0.9743589743589745)",2,97.24670217256003,18858
"(0.9056772399713576, 0.9855521155830752)",1,97.24658536247765,18859
"(0.932329194473248, 0.9678053830227744)",1,97.24652244211777,18860
"(0.9365750528541228, 0.9775193798449612)",1,97.2464267450567,18861
"(0.874025901365936, 0.9775193798449612)",1,97.24610857981428,18862
"(0.9135802469135802, 0.9841269841269842)",1,97.24602242229078,18863
"(0.9135802469135802, 0.9841269841269842)",2,97.2457533013444,18865
"(0.8318452380952381, 0.9868055555555556)",1,97.24562870325596,18866
"(0.9220534262485482, 0.9785714285714284)",3,97.24538915499096,18869
"(0.9465811965811968, 1.0)",1,97.24535234681532,18870
"(1.0, 0.9820662768031188)",2,97.2452182367794,18872
"(0.8750600325600326, 1.0)",1,97.24478347826025,18873
"(0.9019323671497586, 0.9743589743589745)",1,97.24471790873326,18874
"(0.9575187969924812, 0.9807902108211708)",1,97.24459288664598,18875
"(0.8498168498168498, 1.0)",1,97.24453897650731,18876
"(0.8332521117608837, 1.0)",1,97.24424258511912,18877
"(0.8815104166666666, 0.9868055555555556)",1,97.24422183441176,18878
"(0.9019607843137254, 0.9868055555555556)",1,97.24402488910007,18879
"(0.9070844099913866, 0.9774943735933984)",1,97.24386820518085,18880
"(0.8592532467532467, 1.0)",1,97.243544991565,18881
"(0.7753527336860669, 0.9868055555555556)",1,97.24351021484564,18882
"(0.9364583333333332, 0.9868055555555556)",1,97.24305118957224,18883
"(0.9475861556743912, 0.9847117794486216)",1,97.24302470171745,18884
"(0.7081939799331105, 1.0)",1,97.2426295620612,18885
"(0.9003322259136212, 0.965497521921464)",2,97.24242955110654,18887
"(0.8791208791208792, 1.0)",1,97.24237061979548,18888
"(0.8238479252040358, 0.9793973164499822)",1,97.24236624640292,18889
"(0.9292181620122796, 0.9754901960784312)",1,97.24235767850844,18890
"(0.7973484848484849, 0.9743589743589745)",1,97.24233449420969,18891
"(0.8446379408861877, 0.9866666666666666)",1,97.24204811139366,18892
"(0.9606447334368527, 0.9679608656649474)",1,97.2419709194013,18893
"(0.9014364972259707, 0.9724945533769064)",1,97.24159685052246,18894
"(0.5951421188630491, 1.0)",1,97.24147523513108,18895
"(0.7973484848484849, 0.9743589743589745)",1,97.24146939877043,18896
"(0.8918762718762719, 0.9768686421937196)",1,97.24140227413828,18897
"(0.915619658119658, 0.9866666666666666)",1,97.24116018231008,18898
"(0.9600584795321636, 0.9886710239651416)",1,97.24114377963066,18899
"(0.8837209302325582, 0.9667774086378738)",1,97.24111402445276,18900
"(0.9696969696969696, 1.0)",1,97.24104174201504,18901
"(0.8791954022988505, 0.9734722222222224)",1,97.24093302040691,18902
"(0.8827674567584882, 0.9785714285714284)",1,97.24091041912106,18903
"(0.8577654071075123, 0.9868055555555556)",1,97.24083736154004,18904
"(0.8960328317373462, 0.9885627144491042)",1,97.24037264643862,18905
"(0.925553613053613, 0.9868055555555556)",1,97.24022639135627,18906
"(0.922287769513936, 0.9894736842105264)",1,97.23995989478212,18907
"(0.813859649122807, 0.9743589743589745)",1,97.23992094692332,18908
"(0.9492266992266992, 0.9743589743589745)",1,97.23960671945424,18909
"(0.9541729732828804, 0.996078431372549)",1,97.23952707898538,18910
"(0.8925865800865801, 1.0)",1,97.2392477444158,18911
"(0.91243961352657, 0.9866666666666666)",1,97.23923311049664,18912
"(0.7410714285714286, 1.0)",1,97.23894986520192,18913
"(0.9070844099913866, 0.965497521921464)",2,97.23853042427552,18915
"(0.8814236111111111, 0.9866666666666666)",1,97.23852462146117,18916
"(0.9135802469135802, 1.0)",1,97.23816991806478,18917
"(0.8699029558404558, 0.9722222222222222)",1,97.23802574345112,18918
"(0.7537777149792919, 0.9824396890040724)",1,97.23797917617784,18919
"(0.919687006945461, 0.9868055555555556)",2,97.23787085938623,18921
"(0.9881481481481482, 0.9773420479302832)",1,97.23786618665793,18922
"(0.9003322259136212, 0.9885627144491042)",1,97.23772382421464,18923
"(0.910334535505534, 0.9885627144491042)",1,97.23746285272529,18924
"(0.9235349105085948, 0.9807902108211708)",1,97.23741665389484,18925
"(0.5951421188630491, 0.9885627144491042)",1,97.23729421561804,18926
"(0.9032095489267832, 0.9820662768031188)",1,97.2367016961949,18927
"(0.9047619047619048, 0.9841269841269842)",2,97.2366559105692,18929
"(0.8577654071075123, 0.9868055555555556)",1,97.2366106417578,18930
"(0.9696969696969696, 0.9841269841269842)",1,97.236201019483,18931
"(0.8882535288785288, 0.9743589743589745)",1,97.2359519069454,18932
"(0.9003322259136212, 0.965497521921464)",1,97.23587498189256,18933
"(0.9176532769556026, 0.965497521921464)",1,97.23538653016637,18934
"(0.92925, 0.9750869028930254)",3,97.2352425329302,18937
"(0.5223765432098765, 0.9868055555555556)",1,97.23503941525212,18938
"(0.9003322259136212, 0.9774943735933984)",1,97.23456869956011,18939
"(0.8958946706887884, 0.9803921568627452)",2,97.23448033441773,18941
"(0.8860582829623077, 0.9886710239651416)",1,97.23427489571408,18942
"(0.984313725490196, 0.9882352941176472)",1,97.23370920708663,18943
"(0.8531211750305999, 0.965497521921464)",1,97.23369279361287,18944
"(0.9243650793650792, 1.0)",1,97.23367138994496,18945
"(0.8537243006403775, 0.9775193798449612)",1,97.23289371056292,18946
"(0.773034398034398, 1.0)",3,97.23259728032517,18949
"(0.9391865079365078, 1.0)",1,97.23228977487524,18950
"(0.847123015873016, 0.9743589743589745)",1,97.2322444975904,18951
"(0.8556731334509112, 0.9743589743589745)",1,97.2320881037386,18952
"(0.9049532029717788, 0.996078431372549)",1,97.23208658135285,18953
"(0.9064872325741892, 0.9868055555555556)",1,97.2319448807635,18954
"(0.7544006919006919, 1.0)",1,97.23188592807212,18955
"(0.896551724137931, 1.0)",1,97.23123180216504,18956
"(0.8446379408861877, 0.9868055555555556)",2,97.23122005927858,18958
"(0.907228074804801, 0.984967320261438)",1,97.23119475942164,18959
"(0.919687006945461, 0.9748677248677248)",1,97.2310623944282,18960
"(0.8488297541238717, 1.0)",1,97.23100733178715,18961
"(0.9213117283950616, 0.986574074074074)",1,97.2309567816484,18962
"(0.9696969696969696, 0.9841269841269842)",1,97.23029423006716,18963
"(0.916550925925926, 0.9868055555555556)",1,97.23014304023994,18964
"(0.8259011519881087, 0.9868055555555556)",1,97.22990823379148,18965
"(0.8915343915343915, 0.9868055555555556)",1,97.22974551621306,18966
"(0.9508739421428176, 0.9798196948682386)",1,97.2296141834058,18967
"(0.909722222222222, 0.996078431372549)",1,97.22957152682773,18968
"(0.8315873015873017, 0.9868055555555556)",1,97.22944028732752,18969
"(0.9194577352472088, 1.0)",1,97.2290871853802,18970
"(0.9104761904761904, 0.9868055555555556)",1,97.2290146448774,18971
"(0.9365260121142476, 0.9778966131907308)",1,97.22888083073764,18972
"(0.962458433665864, 0.996078431372549)",1,97.22884272452276,18973
"(0.8527777777777779, 0.9866666666666666)",1,97.228700649753,18974
"(0.8888888888888888, 1.0)",1,97.22868435911914,18975
"(0.9491329966329968, 0.992156862745098)",1,97.22821540022264,18976
"(0.8888888888888888, 1.0)",2,97.2277703139772,18978
"(0.9715797169307606, 0.9714285714285714)",3,97.22756520840412,18981
"(0.937999037999038, 0.9894736842105264)",1,97.22646906453062,18982
"(0.9047619047619048, 0.9841269841269842)",1,97.2261761587851,18983
"(0.9135802469135802, 1.0)",1,97.22579535201469,18984
"(0.9407729468599032, 0.9866666666666666)",1,97.22576741157502,18985
"(0.9333333333333332, 0.9841269841269842)",2,97.22576267542044,18987
"(0.9047619047619048, 1.0)",1,97.22564549116274,18988
"(0.8627450980392157, 1.0)",1,97.22550582421464,18989
"(0.9696969696969696, 1.0)",1,97.22550457989054,18990
"(0.9049919484702094, 0.9841269841269842)",1,97.22548519637829,18991
"(0.9565217391304348, 0.9841269841269842)",2,97.22541177839868,18993
"(0.8748472964943552, 0.9882352941176472)",1,97.2249886562849,18994
"(0.9507101086048454, 0.9841269841269842)",1,97.22498864445151,18995
"(0.9466013071895424, 0.9879901960784314)",1,97.2248827472559,18996
"(0.947860476880274, 0.9749660326086956)",2,97.22483199372924,18998
"(0.8046935824713601, 1.0)",1,97.22477406039992,18999
"(0.9647217861503576, 0.9713960577118472)",1,97.22474047635204,19000
"(0.9284391534391534, 1.0)",1,97.22449555181402,19001
"(0.9565217391304348, 0.9841269841269842)",1,97.22431143735515,19002
"(0.8318452380952381, 0.9743589743589745)",2,97.22418971527684,19004
"(0.9517488164856586, 0.9769063180827888)",1,97.22342251581324,19005
"(0.9426783174151596, 0.97595009914078)",3,97.22323161562576,19008
"(0.8692635658914728, 0.9774943735933984)",1,97.22301322981616,19009
"(0.808641975308642, 1.0)",1,97.22294070360655,19010
"(0.9688888888888888, 0.9733828034137632)",1,97.222856642156,19011
"(0.9019323671497586, 0.9743589743589745)",2,97.2228342189213,19013
"(0.917859918146296, 0.9698969646338068)",2,97.2228160896651,19015
"(0.9424323293938236, 0.9885627144491042)",1,97.22278996392296,19016
"(0.9057088744588744, 0.9866666666666666)",1,97.22248278238,19017
"(0.8571428571428572, 1.0)",1,97.22227077360688,19018
"(0.8590036231884057, 0.9743589743589745)",2,97.2218579889408,19020
"(0.91484126984127, 0.9919117647058824)",1,97.22179558865211,19021
"(0.9070844099913866, 0.9774943735933984)",1,97.221745297616,19022
"(0.9003322259136212, 0.9775193798449612)",1,97.22169036031008,19023
"(0.9667774086378738, 0.9774943735933984)",1,97.22127884999897,19024
"(0.9351326548694968, 0.992156862745098)",1,97.2211839760823,19025
"(0.9421840958605664, 0.9882352941176472)",1,97.22039895023556,19026
"(0.8837209302325582, 0.9885627144491042)",1,97.2199406806632,19027
"(0.8932369004949651, 0.9748677248677248)",1,97.21970423219952,19028
"(0.992156862745098, 0.9879901960784314)",2,97.2194436392275,19030
"(0.8858975827700768, 1.0)",1,97.2193682556958,19031
"(0.9065438871473354, 0.9868055555555556)",1,97.21936312112896,19032
"(0.8118358743358743, 0.9743589743589745)",1,97.21927287512406,19033
"(0.9192180611357128, 0.9885627144491042)",1,97.21905640199287,19034
"(0.8440126050420167, 0.9866666666666666)",1,97.21904452548333,19035
"(0.90437564499484, 0.977304372041214)",1,97.21903783398302,19036
"(0.9521171802054156, 0.9733828034137632)",1,97.21903498613234,19037
"(0.8468468468468467, 1.0)",1,97.21901742106738,19038
"(0.8786453242098404, 0.9866666666666666)",1,97.219014082414,19039
"(0.8255813953488372, 0.9774943735933984)",1,97.21868335501011,19040
"(0.8264567669172932, 0.986574074074074)",2,97.21846701461271,19042
"(0.8867623604465709, 1.0)",1,97.21833424399058,19043
"(0.8757566103854729, 0.9885627144491042)",1,97.21800336962416,19044
"(0.8814236111111111, 0.9722222222222222)",1,97.21796223665704,19045
"(0.9408668730650154, 0.9780571219715956)",1,97.21793305191412,19046
"(0.9255470304063654, 0.951111111111111)",1,97.21761528573778,19047
"(0.888858024691358, 0.9592261904761904)",1,97.21756918924947,19048
"(0.9565217391304348, 0.9841269841269842)",1,97.2174097570519,19049
"(0.9230769230769232, 1.0)",2,97.2173164123172,19051
"(0.9629629629629628, 0.9868055555555556)",1,97.21695412430684,19052
"(0.8932369004949651, 0.9868055555555556)",1,97.21691520315248,19053
"(0.926045751633987, 0.9820662768031188)",1,97.21647238796416,19054
"(0.910334535505534, 0.9885627144491042)",1,97.21631828056252,19055
"(0.9003322259136212, 0.9774943735933984)",1,97.21617355437772,19056
"(1.0, 0.9841269841269842)",1,97.21615335910698,19057
"(0.859735522115823, 0.9885627144491042)",1,97.21589565602191,19058
"(0.9230769230769232, 0.9841269841269842)",1,97.21548096282328,19059
"(0.6856760145918833, 0.9885627144491042)",1,97.21545355007255,19060
"(0.9469444444444444, 0.977304372041214)",1,97.21531552450998,19061
"(0.8943833943833944, 0.9841269841269842)",3,97.21496699757591,19064
"(0.9065438871473354, 1.0)",1,97.21488593002012,19065
"(0.8763636363636363, 1.0)",2,97.21484481955878,19067
"(0.8669988268811798, 0.977304372041214)",1,97.21439260535664,19068
"(0.944241574272534, 0.996078431372549)",1,97.21414858801558,19069
"(0.8318452380952381, 0.9743589743589745)",1,97.2140696501568,19070
"(0.941488229119808, 0.977304372041214)",1,97.21403065482905,19071
"(1.0, 0.9841269841269842)",1,97.21394050241258,19072
"(0.874025901365936, 0.9885627144491042)",1,97.21354220126996,19073
"(0.9647217861503576, 0.9713960577118472)",1,97.21352555503545,19074
"(0.8887191358024692, 0.9743589743589745)",1,97.21335966104796,19075
"(0.90437564499484, 0.9807902108211708)",1,97.21324482194264,19076
"(0.883580779054917, 1.0)",1,97.21299124791555,19077
"(0.9349556489262372, 0.977124183006536)",1,97.21273765535152,19078
"(0.950682393081946, 0.9678608196882048)",1,97.21270878468916,19079
"(0.9035155195681512, 0.9894736842105264)",1,97.21267713494014,19080
"(0.9023569023569024, 0.9841269841269842)",1,97.2124859213198,19081
"(0.9171090534979424, 1.0)",1,97.21230320526776,19082
"(0.8604651162790697, 0.9885627144491042)",2,97.2122425678888,19084
"(0.7650293586269196, 0.9868055555555556)",2,97.21220785110675,19086
"(0.961342940685046, 0.9714285714285714)",1,97.212152909944,19087
"(0.813859649122807, 0.9743589743589745)",2,97.21211561360292,19089
"(0.5951421188630491, 0.9885627144491042)",1,97.21210181051684,19090
"(0.8791208791208792, 1.0)",1,97.21202447565548,19091
"(0.9146424696734294, 0.9894736842105264)",1,97.21199233574453,19092
"(0.9628070175438596, 0.9816305469556244)",1,97.21187556942957,19093
"(0.9444444444444444, 0.9841269841269842)",1,97.21165790731033,19094
"(0.9508739421428176, 0.97595009914078)",1,97.21147333668576,19095
"(0.8469839324618735, 1.0)",2,97.211306694197,19097
"(0.9427450980392156, 0.9847494553376906)",1,97.21126219838868,19098
"(0.8457446808510638, 0.9748677248677248)",1,97.21124096248155,19099
"(0.8882535288785288, 0.9629629629629628)",1,97.2111066090598,19100
"(0.8590036231884057, 0.9866666666666666)",2,97.21106781793192,19102
"(0.984313725490196, 0.992156862745098)",2,97.21106040944342,19104
"(0.8873002904865649, 1.0)",1,97.21086949875526,19105
"(0.9787997897106056, 0.9749660326086956)",3,97.21070524441664,19108
"(0.9135802469135802, 1.0)",1,97.2105457211503,19109
"(0.9565217391304348, 1.0)",1,97.21050914743708,19110
"(0.8227906976744187, 0.9775193798449612)",2,97.20990874191472,19112
"(0.8466625966625967, 0.9868055555555556)",1,97.2097510391081,19113
"(0.9507101086048454, 1.0)",1,97.20913436105472,19114
"(0.8368686868686868, 1.0)",1,97.20889501278292,19115
"(0.9230769230769232, 0.9841269841269842)",1,97.2085068428362,19116
"(0.9077881758764113, 0.9533521303258146)",1,97.2084040275694,19117
"(0.9239488017429196, 0.9807902108211708)",1,97.2076823004997,19118
"(0.9272486772486772, 0.9866666666666666)",1,97.20768115416588,19119
"(0.8915284062342886, 0.9866666666666666)",1,97.20743564792994,19120
"(0.7777777777777776, 0.9841269841269842)",1,97.20736360004112,19121
"(0.9696969696969696, 0.9841269841269842)",1,97.20734099062297,19122
"(0.8309016086793863, 1.0)",1,97.20723797879478,19123
"(0.9351326548694968, 0.992156862745098)",1,97.20718611377949,19124
"(1.0, 1.0)",1,97.20684393727656,19125
"(0.909209656084656, 1.0)",1,97.20676920831764,19126
"(0.8518518518518519, 1.0)",1,97.206646788341,19127
"(0.9841269841269842, 1.0)",1,97.20660817310508,19128
"(0.9239488017429196, 0.9847117794486216)",2,97.20655901658046,19130
"(0.9191742887131236, 0.9713960577118472)",3,97.20625920893193,19133
"(0.9278900902053612, 0.9785714285714284)",1,97.2059296622052,19134
"(0.8459679855028692, 0.965497521921464)",1,97.20576271137529,19135
"(0.8604651162790697, 0.9775193798449612)",1,97.20561615423244,19136
"(0.8750600325600326, 1.0)",1,97.20473946282364,19137
"(0.9365750528541228, 0.9774943735933984)",1,97.20461220067178,19138
"(0.875, 1.0)",1,97.20451855634782,19139
"(0.9667774086378738, 0.9774943735933984)",1,97.204360259891,19140
"(0.8790252340252339, 0.9743589743589745)",1,97.20426762902588,19141
"(0.8859337035751476, 1.0)",1,97.2040804981586,19142
"(0.916550925925926, 0.9868055555555556)",1,97.2036218762188,19143
"(0.8527777777777779, 0.9743589743589745)",1,97.20361171765737,19144
"(0.9606447334368527, 0.9785714285714284)",2,97.2025272089868,19146
"(0.9333333333333332, 1.0)",1,97.2024433934442,19147
"(0.8705805822084891, 1.0)",1,97.20220022595332,19148
"(0.859735522115823, 0.9775193798449612)",1,97.2021798617302,19149
"(0.932852564102564, 1.0)",1,97.20210090155427,19150
"(0.9003322259136212, 0.9774943735933984)",1,97.20198825672108,19151
"(0.896551724137931, 1.0)",2,97.20188988519445,19153
"(0.9235349105085948, 0.9698969646338068)",1,97.20173907336677,19154
"(0.9507101086048454, 1.0)",1,97.20170259861334,19155
"(0.9168115942028986, 0.996078431372549)",1,97.20142741189636,19156
"(0.9346192998272106, 0.9792592592592592)",2,97.20122208154976,19158
"(0.9390638788116482, 0.9736054421768708)",3,97.20107059436964,19161
"(0.907908163265306, 0.9750869028930254)",1,97.20092351707764,19162
"(0.936026936026936, 1.0)",1,97.20083547390404,19163
"(0.8604651162790697, 0.9775193798449612)",1,97.20071533540568,19164
"(0.8402777777777779, 1.0)",1,97.20040550156683,19165
"(0.8991666666666667, 1.0)",1,97.20025552727576,19166
"(0.8817204301075269, 1.0)",1,97.20025417533492,19167
"(0.907834757834758, 0.9868055555555556)",1,97.20006667824956,19168
"(0.9289529914529916, 1.0)",1,97.19908340196052,19169
"(0.914652757654786, 0.977304372041214)",1,97.198784266687,19170
"(0.8402777777777779, 0.9696969696969696)",2,97.19803812983638,19172
"(0.9366855850867478, 0.9785714285714284)",3,97.1980063557189,19175
"(0.9144192834138488, 0.9868055555555556)",1,97.19798746250706,19176
"(0.9310828877005348, 0.9679608656649474)",1,97.19787988476156,19177
"(0.8575440961689698, 0.9885627144491042)",2,97.19755693546232,19179
"(0.9778966131907308, 0.791146761734997)",1,97.19726462217174,19180
"(0.8339212842322631, 0.9774943735933984)",1,97.19725829465254,19181
"(0.925553613053613, 0.9868055555555556)",1,97.19709427248048,19182
"(0.9035714285714284, 0.9866666666666666)",1,97.19703605726102,19183
"(0.8300280681378243, 0.9748677248677248)",1,97.19696383232964,19184
"(0.8312934990802374, 0.9868055555555556)",1,97.19663163270867,19185
"(0.907228074804801, 0.9733828034137632)",1,97.19662265539914,19186
"(0.7753527336860669, 0.9868055555555556)",1,97.19649141781215,19187
"(0.8779083570750237, 0.9743589743589745)",1,97.19619790963688,19188
"(0.9471326164874552, 0.9748677248677248)",1,97.19612218457392,19189
"(0.8763636363636363, 1.0)",1,97.1961206909033,19190
"(0.9077881758764113, 0.9733828034137632)",1,97.19592944968691,19191
"(0.9466013071895424, 0.9879901960784314)",1,97.19562677230608,19192
"(0.8017598343685299, 0.9866666666666666)",1,97.19554643810238,19193
"(0.9565217391304348, 1.0)",1,97.19545044327654,19194
"(0.9376385678569744, 0.965497521921464)",1,97.19531411630769,19195
"(0.8611111111111112, 1.0)",1,97.19518142060248,19196
"(0.922050500014663, 1.0)",1,97.19471440451952,19197
"(0.8227906976744187, 0.9774943735933984)",1,97.19441713253065,19198
"(0.8738126483317046, 0.980582788671024)",1,97.19314299102956,19199
"(0.9332863195363196, 0.9770304696067408)",1,97.19257584332333,19200
"(0.9352372919478182, 0.9777089783281734)",1,97.1923512404638,19201
"(0.9280112044817928, 0.996078431372549)",1,97.19221059765128,19202
"(0.8318452380952381, 0.9866666666666666)",1,97.19158030901504,19203
"(0.7237554112554112, 0.9868055555555556)",1,97.19154866428828,19204
"(0.8996296296296296, 0.9866666666666666)",1,97.1913385533065,19205
"(0.9289120370370372, 0.9866666666666666)",1,97.1911685705916,19206
"(0.8779083570750237, 0.9743589743589745)",1,97.19095016593286,19207
"(0.8563074352548036, 0.9868055555555556)",1,97.19090534299568,19208
"(0.92710864283235, 0.9774943735933984)",1,97.19086333463504,19209
"(0.9172932330827066, 1.0)",2,97.19078769835102,19211
"(0.9847494553376906, 0.9696488696488696)",1,97.19069248742797,19212
"(0.9014364972259707, 0.977304372041214)",1,97.19055118333812,19213
"(0.8502976190476191, 1.0)",1,97.1904932643938,19214
"(0.9201388888888888, 0.9743589743589745)",1,97.19032786102348,19215
"(0.9666666666666668, 0.9841269841269842)",1,97.1900943025434,19216
"(0.9135802469135802, 0.9841269841269842)",1,97.19006409586144,19217
"(0.8265590958605664, 0.9868055555555556)",1,97.1900042778926,19218
"(0.8611111111111112, 1.0)",2,97.18991091759564,19220
"(0.8138881768037778, 0.992156862745098)",1,97.18989396476329,19221
"(0.8705805822084891, 1.0)",1,97.18985777409476,19222
"(0.8817204301075269, 0.9696969696969696)",1,97.1897277710054,19223
"(0.9014364972259707, 0.9851851851851852)",1,97.18950055596056,19224
"(0.8448736477904788, 0.9885627144491042)",1,97.1893153723031,19225
"(0.8170426065162907, 1.0)",1,97.18905566970588,19226
"(0.9376385678569744, 0.9774943735933984)",1,97.18896143278766,19227
"(0.9657079385975222, 0.97595009914078)",1,97.18891729398958,19228
"(0.907908163265306, 0.9785714285714284)",3,97.18880949847238,19231
"(0.9302579365079364, 0.9868055555555556)",1,97.18878007066112,19232
"(0.8813339438339438, 0.9868055555555556)",1,97.18873146271412,19233
"(0.7423427395649618, 0.9868055555555556)",1,97.188638906164,19234
"(0.875, 1.0)",1,97.18862330924668,19235
"(0.9391865079365078, 1.0)",2,97.18859151024635,19237
"(0.8837209302325582, 0.9774943735933984)",1,97.1884521804426,19238
"(0.8454115226337449, 0.9868055555555556)",1,97.188428784726,19239
"(0.8833628057765988, 1.0)",2,97.1880859228366,19241
"(0.9352372919478182, 0.9727743378052977)",1,97.18803840016795,19242
"(0.7723214285714286, 0.9743589743589745)",1,97.18786397250835,19243
"(0.9568181818181818, 0.9919117647058824)",1,97.18767525248226,19244
"(0.9565217391304348, 0.9841269841269842)",1,97.18705081893512,19245
"(0.892733134920635, 0.9868055555555556)",1,97.18656192045862,19246
"(0.9618138828565136, 0.9798196948682386)",2,97.18654121164728,19248
"(0.875, 1.0)",1,97.1863050939138,19249
"(0.9023809523809524, 1.0)",1,97.1860057655959,19250
"(0.9, 1.0)",1,97.18593518624483,19251
"(0.9191742887131236, 0.9749660326086956)",3,97.18585876184036,19254
"(0.9507101086048454, 0.9841269841269842)",2,97.18569727355106,19256
"(0.8518518518518519, 1.0)",1,97.18559035900724,19257
"(0.7753527336860669, 0.9868055555555556)",2,97.18557599591568,19259
"(0.961342940685046, 0.9791988336902324)",1,97.18557100846482,19260
"(0.8883205456095482, 1.0)",1,97.18510337894448,19261
"(0.9521531100478468, 1.0)",1,97.18459674134208,19262
"(0.9370015948963316, 0.9841269841269842)",1,97.1845097143018,19263
"(0.915619658119658, 0.9868055555555556)",1,97.18411978207848,19264
"(0.9066840277777778, 0.9866666666666666)",1,97.18397249596752,19265
"(0.813953488372093, 0.965497521921464)",1,97.18389435884822,19266
"(0.8836091234347048, 0.9667774086378738)",1,97.18386272112409,19267
"(0.8454115226337449, 0.9868055555555556)",1,97.18386136206612,19268
"(0.8927951388888888, 0.9866666666666666)",1,97.18375979989482,19269
"(0.892733134920635, 0.9722222222222222)",2,97.18354344500295,19271
"(0.9565217391304348, 0.9841269841269842)",1,97.1835038284316,19272
"(0.9224211423699916, 1.0)",1,97.18339619593144,19273
"(0.9386724386724388, 0.9841269841269842)",1,97.18326745718066,19274
"(0.5, 1.0)",1,97.18322602451596,19275
"(0.89, 1.0)",1,97.18320122706508,19276
"(0.9310789204679486, 0.97595009914078)",3,97.18306748370752,19279
"(0.9003322259136212, 0.965497521921464)",1,97.1829781609824,19280
"(0.947860476880274, 0.9678053830227744)",3,97.18246267028697,19283
"(0.896551724137931, 1.0)",1,97.18240078088364,19284
"(0.8840890522875817, 0.9748677248677248)",1,97.18236545124284,19285
"(0.8832772166105499, 1.0)",1,97.18223548419628,19286
"(0.936026936026936, 1.0)",1,97.1821596863325,19287
"(0.9430755736638088, 0.9816305469556244)",1,97.18212596141387,19288
"(0.9847494553376906, 0.9827450980392156)",1,97.1820904845072,19289
"(0.8680075424261471, 0.9667774086378738)",1,97.1818490886409,19290
"(0.907228074804801, 0.9644646747587924)",2,97.18181872058534,19292
"(0.919687006945461, 0.9743589743589745)",1,97.181700623916,19293
"(1.0, 1.0)",1,97.18166566067622,19294
"(0.9333333333333332, 0.9841269841269842)",1,97.18150010261472,19295
"(0.7349551414768807, 0.9743589743589745)",2,97.18140588532896,19297
"(0.914652757654786, 0.9689710387078808)",1,97.1813326674719,19298
"(0.9469444444444444, 0.977304372041214)",1,97.18119108554065,19299
"(0.8527777777777779, 1.0)",1,97.18068654181602,19300
"(0.9023569023569024, 0.9696969696969696)",1,97.18034521409304,19301
"(1.0, 0.9841269841269842)",2,97.1802508962592,19303
"(0.957490630284748, 0.9628070175438596)",1,97.17991972976246,19304
"(0.9310828877005348, 0.9713960577118472)",2,97.1798615203692,19306
"(0.9365750528541228, 0.9774943735933984)",1,97.17976321097156,19307
"(0.8704970635597233, 0.9868055555555556)",4,97.17967595122973,19311
"(0.6775462962962963, 0.9866666666666666)",1,97.17938578765566,19312
"(0.9003322259136212, 0.9885627144491042)",1,97.17932488510606,19313
"(0.9365750528541228, 0.9774943735933984)",1,97.17930585442484,19314
"(0.859735522115823, 0.9775193798449612)",1,97.17930284975542,19315
"(0.8047996976568405, 0.9866666666666666)",2,97.17899803349094,19317
"(0.9230769230769232, 1.0)",1,97.1788714027012,19318
"(0.9149095893513032, 0.9766997787035808)",1,97.17862625740614,19319
"(0.8590036231884057, 0.9743589743589745)",4,97.17855531528818,19323
"(0.8837209302325582, 0.9774943735933984)",1,97.17841903232846,19324
"(0.8856424148606811, 0.9722222222222222)",1,97.17829121039676,19325
"(0.8604651162790697, 0.9775193798449612)",1,97.17815365250088,19326
"(0.92925, 0.9785714285714284)",1,97.17791036923052,19327
"(0.941488229119808, 0.9753376906318082)",2,97.17785911201725,19329
"(0.9510925925925926, 0.9894736842105264)",1,97.17781349879225,19330
"(0.8729166666666666, 1.0)",1,97.17744938841372,19331
"(0.8889459760512393, 0.992156862745098)",2,97.17738874706302,19333
"(0.9003322259136212, 0.9774943735933984)",1,97.17738825426142,19334
"(0.915619658119658, 0.9748677248677248)",1,97.17709441819795,19335
"(0.9444444444444444, 1.0)",1,97.17708217708218,19336
"(0.8927951388888888, 0.9866666666666666)",2,97.1769185167958,19338
"(0.9135802469135802, 1.0)",1,97.1768771843928,19339
"(0.847123015873016, 0.9734722222222224)",1,97.1767093559568,19340
"(0.9565217391304348, 1.0)",1,97.17643126488711,19341
"(0.9003322259136212, 0.9775193798449612)",1,97.1761382535066,19342
"(0.798478835978836, 0.9868055555555556)",4,97.17605008306192,19346
"(0.9230769230769232, 1.0)",1,97.1759598426265,19347
"(0.9077881758764113, 0.9676999688764396)",1,97.17595074475466,19348
"(0.8497895622895624, 0.9722222222222222)",1,97.17587606363314,19349
"(0.8828042328042328, 0.9868055555555556)",1,97.17570949643016,19350
"(0.8028799903799904, 0.9743589743589745)",1,97.17532554733371,19351
"(0.914652757654786, 0.9689710387078808)",1,97.1751614400845,19352
"(0.9886710239651416, 0.9851851851851852)",1,97.1750690016291,19353
"(0.8731060606060606, 0.9743589743589745)",1,97.17504028851332,19354
"(0.8531211750305999, 0.965497521921464)",1,97.17488936332325,19355
"(0.92710864283235, 0.9775193798449612)",2,97.17484543403248,19357
"(0.849779303236048, 0.9793921013443304)",1,97.1747567855246,19358
"(0.9521171802054156, 0.977304372041214)",1,97.1747274136826,19359
"(0.9230769230769232, 1.0)",1,97.17439967439968,19360
"(0.8318452380952381, 0.9743589743589745)",1,97.17426815535528,19361
"(0.8410353535353535, 0.9868055555555556)",1,97.1738801166052,19362
"(0.8941062801932367, 0.9868055555555556)",2,97.17378191355884,19364
"(0.919687006945461, 0.9743589743589745)",2,97.17308718879688,19366
"(0.8856424148606811, 0.9866666666666666)",1,97.17277588273652,19367
"(0.7650293586269196, 1.0)",1,97.17271804085922,19368
"(0.986574074074074, 0.9734722222222224)",1,97.17193066043882,19369
"(0.7496650452295612, 1.0)",3,97.17172280566857,19372
"(0.8856424148606811, 0.9866666666666666)",1,97.1716683674194,19373
"(0.9589484126984128, 1.0)",2,97.17136597285722,19375
"(0.9343548387096776, 0.9866666666666666)",1,97.171241457749,19376
"(0.9391627846790888, 0.9798196948682386)",3,97.17111643217534,19379
"(0.9343548387096776, 0.9866666666666666)",1,97.17057715488778,19380
"(0.9003322259136212, 0.9775193798449612)",1,97.17051107060875,19381
"(0.8817204301075269, 1.0)",1,97.17045800750574,19382
"(0.9841269841269842, 1.0)",1,97.17023589412032,19383
"(0.9521171802054156, 0.9847117794486216)",2,97.17000773783376,19385
"(0.9520261437908496, 0.9855521155830752)",1,97.16992919961992,19386
"(0.8943833943833944, 0.9841269841269842)",1,97.16979266979288,19387
"(0.8443223443223443, 0.9866666666666666)",1,97.1697744708775,19388
"(0.9449965600275196, 0.9694716775599128)",2,97.16976628026524,19390
"(0.9606447334368527, 0.9750869028930254)",1,97.16969863147392,19391
"(0.948045267489712, 0.9868055555555556)",1,97.16946215214791,19392
"(0.844758764317945, 0.965497521921464)",2,97.16919597963228,19394
"(0.9248591174906964, 0.992156862745098)",1,97.16878049556844,19395
"(0.978144708175668, 0.9785784313725492)",1,97.16874543305586,19396
"(0.8318452380952381, 0.9743589743589745)",1,97.16874454277207,19397
"(0.9678608196882048, 0.9749660326086956)",1,97.1686149808361,19398
"(0.9715797169307606, 0.9678053830227744)",1,97.16836202307448,19399
"(0.9743589743589745, 0.9868055555555556)",2,97.16822728419,19401
"(0.8415692007797271, 1.0)",1,97.16805505829518,19402
"(0.9220534262485482, 0.9785714285714284)",1,97.16783724300495,19403
"(0.7149501661129568, 0.965497521921464)",1,97.1676898188368,19404
"(0.6856760145918833, 1.0)",1,97.16743780148629,19405
"(0.8531211750305999, 0.9885627144491042)",1,97.16723908584548,19406
"(0.8527777777777779, 0.9866666666666666)",1,97.16721342006888,19407
"(0.8889463321560508, 0.976623544154504)",1,97.1671797379171,19408
"(0.9087026014109348, 1.0)",1,97.16677913777,19409
"(0.7951423097974822, 0.9734722222222224)",1,97.16677718574914,19410
"(0.7610695631528964, 0.9743589743589745)",1,97.166678684159,19411
"(0.9352372919478182, 0.9660130718954248)",2,97.16648247768092,19413
"(0.9104761904761904, 0.9868055555555556)",1,97.16633896177186,19414
"(0.7753527336860669, 0.9868055555555556)",1,97.16633686423177,19415
"(0.8814236111111111, 0.9866666666666666)",1,97.16611087346608,19416
"(0.847123015873016, 0.9743589743589745)",1,97.16606285514828,19417
"(0.922287769513936, 0.996078431372549)",1,97.16605555554544,19418
"(0.7149501661129568, 0.965497521921464)",1,97.16592997848495,19419
"(0.9269637391618816, 0.9886710239651416)",1,97.16592281228657,19420
"(0.9696969696969696, 1.0)",1,97.16581744939944,19421
"(0.9715797169307606, 0.9713960577118472)",1,97.16564565466798,19422
"(0.9158185811436584, 0.977304372041214)",1,97.16559661627116,19423
"(0.9035155195681512, 0.9760659819483348)",1,97.16542429610638,19424
"(0.9230116959064328, 0.9894736842105264)",1,97.16529349149316,19425
"(0.961342940685046, 0.9681338377164)",1,97.16529334461936,19426
"(0.9239488017429196, 0.977304372041214)",1,97.16526973818291,19427
"(0.8814236111111111, 0.9866666666666666)",1,97.16494023854546,19428
"(0.7753527336860669, 0.9868055555555556)",1,97.16459790040628,19429
"(0.8921607065475332, 0.9775193798449612)",1,97.16455739984828,19430
"(0.8300280681378243, 0.9592261904761904)",1,97.16440260322764,19431
"(0.9715797169307606, 0.9715797169307606)",1,97.16423714439078,19432
"(0.9207818930041152, 0.9743589743589745)",1,97.16382963230198,19433
"(0.9351600241545894, 0.9868055555555556)",1,97.16310974134512,19434
"(0.9925925925925926, 0.9827450980392156)",1,97.16304604689964,19435
"(0.8468468468468467, 1.0)",1,97.16301371739968,19436
"(0.8856424148606811, 0.9866666666666666)",1,97.16293954031752,19437
"(0.9310828877005348, 0.9714285714285714)",3,97.1629030896317,19440
"(0.9399223139548216, 0.996078431372549)",1,97.16271591382832,19441
"(0.9138847117794486, 0.992156862745098)",1,97.16259044175796,19442
"(0.8487103174603176, 1.0)",1,97.16205809024996,19443
"(0.9224211423699916, 1.0)",1,97.16177385540696,19444
"(0.917859918146296, 0.9847494553376906)",2,97.1617655224867,19446
"(0.919687006945461, 0.9743589743589745)",1,97.16170265891807,19447
"(0.8837209302325582, 0.9774943735933984)",1,97.16164564404129,19448
"(0.9220534262485482, 0.9749660326086956)",2,97.16125116980834,19450
"(0.9351600241545894, 0.9748677248677248)",1,97.16120281464195,19451
"(0.9308485656257932, 0.9714285714285714)",1,97.16097060487265,19452
"(1.0, 1.0)",1,97.16052455237694,19453
"(0.8900759734093067, 1.0)",1,97.1603342425112,19454
"(0.9172932330827066, 1.0)",1,97.16024397603346,19455
"(0.9235349105085948, 0.977304372041214)",1,97.15953768045206,19456
"(0.8788323569411767, 0.9780571219715956)",1,97.15946736129196,19457
"(0.9370015948963316, 0.9841269841269842)",1,97.15946059336612,19458
"(0.8887191358024692, 0.9743589743589745)",1,97.15940594906512,19459
"(0.6445071225071226, 0.987809405940594)",1,97.15935547214356,19460
"(0.9364583333333332, 1.0)",1,97.1591948982052,19461
"(0.9546359362458434, 0.9886710239651416)",1,97.15895464262216,19462
"(0.6782946827273069, 0.9868055555555556)",1,97.15887886623852,19463
"(0.926045751633987, 0.9820662768031188)",1,97.15877090272124,19464
"(0.8680075424261471, 0.9667774086378738)",1,97.15876121342193,19465
"(0.7963887583542189, 0.9868055555555556)",1,97.15873876033667,19466
"(0.9463327370304114, 0.9775193798449612)",1,97.15854271319216,19467
"(0.9018073680369506, 0.9882352941176472)",1,97.15844678334368,19468
"(0.9339072354087834, 0.9877450980392156)",1,97.15828823379636,19469
"(0.8731060606060606, 1.0)",4,97.15792726187948,19473
"(0.8977777777777779, 1.0)",1,97.15771984590836,19474
"(0.9272424525365702, 0.984313725490196)",1,97.15751823879384,19475
"(0.8527777777777779, 1.0)",1,97.157262226713,19476
"(0.8318452380952381, 0.9868055555555556)",1,97.15718564582669,19477
"(0.8915343915343915, 0.9868055555555556)",1,97.1571051103034,19478
"(0.9449965600275196, 0.9886710239651416)",2,97.15706646134636,19480
"(0.8604651162790697, 0.9775193798449612)",2,97.1570258948681,19482
"(0.9894736842105264, 0.9777777777777776)",1,97.15694451469666,19483
"(0.9047558922558924, 0.9868055555555556)",1,97.1565159550316,19484
"(0.8421003016591252, 0.9748677248677248)",1,97.15634822345136,19485
"(0.7200000000000001, 1.0)",1,97.15607563983458,19486
"(0.9049919484702094, 0.9841269841269842)",2,97.15603913941534,19488
"(0.8459679855028692, 0.9775193798449612)",2,97.1557798956524,19490
"(0.8762664758354415, 0.9785714285714284)",2,97.1555906791883,19492
"(0.8729166666666666, 1.0)",1,97.15554812525563,19493
"(0.8454115226337449, 0.9868055555555556)",1,97.1554493882714,19494
"(0.9230769230769232, 1.0)",1,97.15529557713464,19495
"(0.8190309499878695, 0.9774943735933984)",2,97.15465624102796,19497
"(0.9135802469135802, 1.0)",1,97.15454201823462,19498
"(0.9302579365079364, 0.9748677248677248)",2,97.15450222638408,19500
"(0.8925865800865801, 1.0)",1,97.15445550516463,19501
"(0.8459679855028692, 0.9775193798449612)",2,97.1544050076982,19503
"(0.8738126483317046, 0.9802054154995332)",2,97.1543322240058,19505
"(0.91243961352657, 0.9743589743589745)",1,97.15431612520489,19506
"(0.874025901365936, 0.9885627144491042)",1,97.15406147861492,19507
"(0.7237554112554112, 0.9868055555555556)",1,97.15371564066446,19508
"(0.9019607843137254, 1.0)",2,97.15365999063276,19510
"(0.9319444444444444, 0.9743589743589745)",1,97.15357362529728,19511
"(0.9023569023569024, 0.9841269841269842)",1,97.15344299561174,19512
"(0.8402777777777779, 1.0)",1,97.15325102232998,19513
"(0.8312992626493769, 1.0)",1,97.15294554183144,19514
"(0.9365260121142476, 0.9879901960784314)",1,97.15283627116632,19515
"(0.9074804011737396, 0.9774943735933984)",1,97.15268695817932,19516
"(0.9230116959064328, 0.992156862745098)",1,97.15230717504218,19517
"(0.9574505911522484, 0.97595009914078)",1,97.1522917217154,19518
"(0.879008834302952, 0.992156862745098)",1,97.1521213398848,19519
"(0.8837209302325582, 0.9774943735933984)",1,97.1517834807891,19520
"(0.8319664902998236, 1.0)",1,97.15167943328738,19521
"(0.9194577352472088, 1.0)",1,97.15157222756277,19522
"(0.9647217861503576, 0.9750869028930254)",2,97.151436300103,19524
"(0.92925, 0.9713960577118472)",2,97.15138564080382,19526
"(0.9324786324786324, 0.9743589743589745)",1,97.15135096063932,19527
"(0.9230769230769232, 1.0)",1,97.15066708510548,19528
"(0.9230769230769232, 1.0)",1,97.15048019189898,19529
"(0.8967236467236468, 0.9866666666666666)",1,97.15034118787769,19530
"(0.8942523459812323, 0.9913490623109498)",4,97.15026607923504,19534
"(0.9563953488372092, 0.9775193798449612)",1,97.15001320911972,19535
"(0.9343548387096776, 0.9866666666666666)",1,97.14986123375536,19536
"(0.8592532467532467, 1.0)",1,97.14980315087575,19537
"(1.0, 1.0)",1,97.14978153935934,19538
"(0.8627450980392157, 1.0)",1,97.1496673452298,19539
"(0.9207818930041152, 0.9743589743589745)",1,97.14941545234964,19540
"(0.394811320754717, 0.977516339869281)",1,97.14937264495424,19541
"(0.9197362278244632, 0.9882352941176472)",1,97.14921170330317,19542
"(0.8428739632573199, 0.9868055555555556)",1,97.14917723648892,19543
"(0.9463327370304114, 0.9775193798449612)",1,97.1491642118502,19544
"(0.9497685185185184, 1.0)",1,97.1490701508636,19545
"(0.9057088744588744, 0.9866666666666666)",1,97.14876628972917,19546
"(0.8440126050420167, 0.9866666666666666)",1,97.14863183929474,19547
"(0.9469444444444444, 0.9689710387078808)",1,97.14837517978437,19548
"(0.9240596932668544, 0.9851851851851852)",1,97.14833283253247,19549
"(0.9070844099913866, 0.9774943735933984)",1,97.1479857687519,19550
"(0.8575440961689698, 0.9885627144491042)",1,97.14789917634104,19551
"(0.8738126483317046, 0.9733828034137632)",1,97.14755787147588,19552
"(0.9647217861503576, 0.9714285714285714)",3,97.1474939866695,19555
"(0.7753527336860669, 0.9868055555555556)",1,97.14724655639148,19556
"(0.9715797169307606, 0.9750869028930254)",3,97.14723573682028,19559
"(0.961342940685046, 0.982126682194617)",6,97.14723422901184,19565
"(0.7413014722797331, 0.9722222222222222)",1,97.14717940930748,19566
"(0.9444444444444444, 1.0)",1,97.14715513444656,19567
"(0.90934937783235, 0.992156862745098)",1,97.14707262453103,19568
"(0.8705290357677138, 0.9774943735933984)",1,97.1470338245349,19569
"(0.875, 1.0)",1,97.14691662849418,19570
"(0.907228074804801, 0.977304372041214)",1,97.14681058641384,19571
"(0.7245388933440257, 0.9774943735933984)",1,97.1467795507968,19572
"(0.9047619047619048, 1.0)",2,97.14676960970064,19574
"(1.0, 1.0)",1,97.1467071409351,19575
"(0.8856424148606811, 0.9722222222222222)",1,97.14631074344564,19576
"(0.9606447334368527, 0.9714285714285714)",1,97.14624222221072,19577
"(0.8429951690821257, 0.9743589743589745)",1,97.14616864835048,19578
"(0.9049919484702094, 0.9841269841269842)",1,97.14602515809295,19579
"(0.847123015873016, 0.9866666666666666)",1,97.14593802197795,19580
"(0.935349484823169, 0.9886710239651416)",1,97.14589349856232,19581
"(0.8817204301075269, 1.0)",1,97.1457714611014,19582
"(0.8502976190476191, 1.0)",1,97.14553798656264,19583
"(0.8575440961689698, 0.9775193798449612)",1,97.1453507559642,19584
"(0.9104761904761904, 0.9748677248677248)",1,97.14485591303284,19585
"(0.9264176245210728, 1.0)",1,97.14484081004495,19586
"(0.9841269841269842, 1.0)",1,97.14471853885748,19587
"(0.9206668561144264, 0.977304372041214)",1,97.14446087000802,19588
"(0.9349556489262372, 0.9807902108211708)",1,97.14434514171488,19589
"(1.0, 1.0)",1,97.1441033673419,19590
"(0.8882535288785288, 0.9743589743589745)",1,97.14407033644058,19591
"(0.8597992596530608, 0.9913490623109498)",4,97.14378343897788,19595
"(0.9715797169307606, 0.9750869028930254)",3,97.14364652086924,19598
"(1.0, 1.0)",1,97.14350416867578,19599
"(0.9049919484702094, 0.9841269841269842)",1,97.14342638224171,19600
"(0.8520449077786689, 0.9885627144491042)",1,97.1432900310318,19601
"(0.9168478260869564, 1.0)",1,97.1429986633367,19602
"(0.91243961352657, 0.9866666666666666)",1,97.1429466777836,19603
"(0.9319444444444444, 0.9743589743589745)",1,97.14293879303013,19604
"(1.0, 1.0)",1,97.14285714285714,19605
"(0.8837209302325582, 0.9775193798449612)",1,97.14282157299728,19606
"(0.9841269841269842, 1.0)",1,97.14275721687017,19607
"(1.0, 1.0)",2,97.14267870717218,19609
"(0.8831018518518517, 1.0)",1,97.14266864571056,19610
"(0.9206349206349206, 1.0)",1,97.14257525676284,19611
"(0.8977777777777779, 1.0)",2,97.14244296042746,19613
"(0.8936891247727161, 0.992156862745098)",1,97.14203335618696,19614
"(0.5223765432098765, 0.9868055555555556)",1,97.14187987937969,19615
"(0.8527777777777779, 0.9743589743589745)",2,97.14169902131506,19617
"(0.9407679738562092, 0.9604828042328042)",1,97.14167568441492,19618
"(0.9424323293938236, 0.9775193798449612)",1,97.14163079355195,19619
"(0.6856760145918833, 1.0)",1,97.14160827919488,19620
"(0.8945130355728907, 0.9775193798449612)",2,97.14133883634878,19622
"(0.7423427395649618, 0.9868055555555556)",1,97.14095683734556,19623
"(0.844758764317945, 0.9774943735933984)",1,97.1409260689268,19624
"(0.8527777777777779, 0.9743589743589745)",1,97.14089873595114,19625
"(0.9618138828565136, 0.9798196948682386)",1,97.14046555939996,19626
"(0.9220534262485482, 0.9750869028930254)",1,97.140101170843,19627
"(0.7707924493038034, 0.9743589743589745)",1,97.14006016038608,19628
"(0.8520449077786689, 1.0)",1,97.14002182586816,19629
"(0.9774943735933984, 0.9563953488372092)",1,97.13993641039512,19630
"(0.9426596279537456, 0.9886710239651416)",2,97.13979447290012,19632
"(0.907228074804801, 0.9733828034137632)",1,97.13974152487113,19633
"(0.8586291309669523, 0.9767441860465116)",2,97.13972960224652,19635
"(0.9808278867102396, 0.9866666666666668)",1,97.13964786867392,19636
"(0.9094344316674038, 0.9643596441509156)",1,97.1392226672446,19637
"(0.5223765432098765, 0.9868055555555556)",1,97.1391939148894,19638
"(0.9224211423699916, 1.0)",1,97.13916774671044,19639
"(1.0, 1.0)",1,97.13899921765017,19640
"(0.8817204301075269, 1.0)",1,97.13888607148368,19641
"(0.8305168558651531, 0.9868055555555556)",1,97.1388344398708,19642
"(0.9035714285714284, 0.9722222222222222)",1,97.1388015646382,19643
"(0.8680075424261471, 0.9774943735933984)",2,97.13861556525345,19645
"(0.8550387596899225, 0.9885627144491042)",1,97.13857514821072,19646
"(0.8837209302325582, 0.9774943735933984)",1,97.13833608815531,19647
"(0.8190309499878695, 0.965497521921464)",1,97.13828242662558,19648
"(0.9149095893513032, 0.9770278771775992)",1,97.13811744499716,19649
"(0.8571024784182679, 0.9879901960784314)",2,97.13805166436693,19651
"(0.9571428571428572, 0.9678053830227744)",3,97.13778698816186,19654
"(0.8305168558651531, 0.9868055555555556)",1,97.1375844398708,19655
"(0.9349556489262372, 0.9698969646338068)",1,97.13749185991884,19656
"(0.8563074352548036, 0.9868055555555556)",1,97.13723587356604,19657
"(0.950682393081946, 0.9713960577118472)",1,97.13720550689578,19658
"(0.8882535288785288, 0.9866666666666666)",1,97.13698986572014,19659
"(0.9135802469135802, 0.9841269841269842)",1,97.13674865269093,19660
"(0.9284391534391534, 0.9855521155830752)",2,97.13634579626488,19662
"(0.7400546757164405, 1.0)",1,97.13619403116454,19663
"(0.875, 1.0)",1,97.13603002065284,19664
"(0.9376385678569744, 0.9774943735933984)",1,97.13601911958614,19665
"(0.859735522115823, 0.9775193798449612)",1,97.1359377881694,19666
"(0.875, 1.0)",1,97.13581431987238,19667
"(0.8882535288785288, 0.9743589743589745)",1,97.1358028483509,19668
"(0.9586520604621642, 0.9727638167328804)",2,97.1355320875537,19670
"(0.8817204301075269, 0.9841269841269842)",1,97.1353830231296,19671
"(0.9508739421428176, 0.9798196948682386)",3,97.13534407264814,19674
"(0.9214457417582416, 0.9749660326086956)",1,97.13521559909272,19675
"(0.916550925925926, 0.9868055555555556)",1,97.13503423149544,19676
"(0.8729166666666666, 1.0)",2,97.13475968548155,19678
"(0.9202508960573476, 0.9868055555555556)",1,97.13459708934586,19679
"(0.8551296720061023, 1.0)",1,97.1345725602864,19680
"(0.8531211750305999, 0.9885627144491042)",2,97.13435069439215,19682
"(0.8705805822084891, 0.9885627144491042)",1,97.13432733998422,19683
"(0.9251027896538732, 0.9737299465240642)",2,97.13431090460556,19685
"(0.8762664758354415, 0.9749660326086956)",1,97.1339575474641,19686
"(0.8527777777777779, 1.0)",1,97.13370737449684,19687
"(0.9586520604621642, 0.97595009914078)",1,97.1335811633124,19688
"(0.8323660714285714, 0.9868055555555556)",1,97.13356681809351,19689
"(0.8887191358024692, 0.9743589743589745)",4,97.1335496773116,19693
"(0.9565217391304348, 1.0)",1,97.13311225653798,19694
"(0.9508739421428176, 0.9736054421768708)",1,97.1330538310864,19695
"(0.7707924493038034, 0.9743589743589745)",1,97.13304056127426,19696
"(0.9272424525365702, 0.992156862745098)",1,97.1329532492553,19697
"(0.8965281666711441, 0.9773756161940158)",1,97.13292447860134,19698
"(0.6782946827273069, 0.9868055555555556)",1,97.1328310257867,19699
"(0.9213117283950616, 1.0)",2,97.13280362595528,19701
"(0.874025901365936, 0.9775193798449612)",1,97.13257720703,19702
"(0.8129898303922073, 1.0)",1,97.13249713637713,19703
"(0.8457446808510638, 0.9748677248677248)",1,97.13235519115214,19704
"(0.8318452380952381, 0.9743589743589745)",1,97.13219051727616,19705
"(0.9882352941176472, 0.9877450980392156)",2,97.13215369677074,19707
"(0.919687006945461, 0.9748677248677248)",1,97.13213364723536,19708
"(0.8882535288785288, 0.9743589743589745)",1,97.1321172013442,19709
"(0.907228074804801, 0.9729470735662686)",1,97.13199929322916,19710
"(0.8253968253968256, 1.0)",1,97.13186173029064,19711
"(0.8858975827700768, 0.9891472868217054)",1,97.1318132202007,19712
"(0.9135802469135802, 1.0)",1,97.13180904254176,19713
"(0.8309016086793863, 0.9868055555555556)",1,97.1315967910094,19714
"(0.8457575757575757, 0.9868055555555556)",1,97.13154721934708,19715
"(0.8611111111111112, 1.0)",2,97.13153328262408,19717
"(0.8457446808510638, 0.9868055555555556)",1,97.13118336457576,19718
"(0.8932369004949651, 0.9748677248677248)",1,97.1311790999244,19719
"(0.8319664902998236, 1.0)",1,97.13111710785326,19720
"(0.7644216248867413, 0.9667774086378738)",1,97.1309903372084,19721
"(0.9665319865319866, 0.9718670076726342)",1,97.13072040269978,19722
"(1.0, 1.0)",1,97.13067101450169,19723
"(0.8402777777777779, 1.0)",1,97.13046686499328,19724
"(0.9508739421428176, 0.9736054421768708)",3,97.13033911354366,19727
"(0.919687006945461, 0.9743589743589745)",1,97.13032580554636,19728
"(0.8563074352548036, 0.9868055555555556)",1,97.1302196706963,19729
"(0.9224211423699916, 1.0)",1,97.1299524483533,19730
"(0.9360538014841208, 0.9798196948682386)",2,97.12987236397336,19732
"(0.909722222222222, 0.9877450980392156)",1,97.12967349229434,19733
"(0.8708731355790179, 0.9868055555555556)",1,97.1295631391272,19734
"(0.914421596921597, 0.992156862745098)",1,97.1292395823696,19735
"(0.8428739632573199, 0.9868055555555556)",1,97.12919096825576,19736
"(0.9233333333333332, 0.9868055555555556)",1,97.12912988921724,19737
"(0.9176532769556026, 0.9774943735933984)",1,97.12900060603856,19738
"(0.9333333333333332, 0.9696969696969696)",1,97.12887444214014,19739
"(0.8227906976744187, 0.9775193798449612)",1,97.12875552679756,19740
"(0.8497895622895624, 0.9866666666666666)",1,97.12870673061704,19741
"(0.8104166666666667, 0.9743589743589745)",1,97.12861659799394,19742
"(0.914652757654786, 0.977304372041214)",1,97.12858560226633,19743
"(0.8170426065162907, 1.0)",1,97.12807982361296,19744
"(0.9064872325741892, 0.9868055555555556)",1,97.1280497170758,19745
"(0.908998988877654, 0.9775193798449612)",1,97.12793023716306,19746
"(0.940311437215462, 0.9838235294117648)",1,97.12789514426082,19747
"(0.9665714285714284, 0.9727638167328804)",1,97.12777379354416,19748
"(0.8888888888888888, 1.0)",1,97.12763856167156,19749
"(0.9189473684210526, 0.984313725490196)",1,97.127301692594,19750
"(0.9003322259136212, 0.9775193798449612)",1,97.12719555619292,19751
"(0.9349556489262372, 0.9658571264763216)",1,97.12676957922407,19752
"(0.9302579365079364, 1.0)",1,97.12638194380538,19753
"(0.8991666666666667, 1.0)",1,97.126352557706,19754
"(0.9310828877005348, 0.9785714285714284)",3,97.12628460143802,19757
"(0.9841269841269842, 1.0)",1,97.12616358957824,19758
"(0.8856424148606811, 0.9866666666666666)",1,97.12610869892828,19759
"(0.9565375499581746, 0.9798196948682386)",2,97.12585361626454,19761
"(0.6775462962962963, 0.9866666666666666)",1,97.1254017069604,19762
"(0.9293342911877394, 0.9743589743589745)",1,97.12532458066008,19763
"(0.8814236111111111, 0.9866666666666666)",1,97.12530205462669,19764
"(0.9666666666666668, 1.0)",1,97.12525583912009,19765
"(0.883580779054917, 1.0)",1,97.1252125426175,19766
"(0.8778462998102468, 0.9722222222222222)",1,97.12514542829398,19767
"(1.0, 1.0)",1,97.125,19768
"(0.8666666666666667, 0.986574074074074)",1,97.12495163678189,19769
"(0.90437564499484, 0.9689710387078808)",1,97.12490819517924,19770
"(0.9310789204679486, 0.97595009914078)",3,97.12436022583296,19773
"(0.8421030449216724, 0.9868055555555556)",4,97.1243344092524,19777
"(0.7149501661129568, 0.965497521921464)",2,97.1241954701805,19779
"(0.804594861660079, 0.9743589743589745)",1,97.12414461902398,19780
"(0.8264589732338745, 0.9885627144491042)",2,97.1235525257552,19782
"(0.9643596441509156, 0.9678053830227744)",1,97.12354194244496,19783
"(0.8771929824561403, 1.0)",1,97.12338240382408,19784
"(0.8604651162790697, 0.9775193798449612)",1,97.12280462971988,19785
"(0.9248591174906964, 0.9882352941176472)",1,97.1227002229318,19786
"(0.9131805896603988, 0.9770698621978008)",1,97.12257143792266,19787
"(0.9696969696969696, 0.9841269841269842)",1,97.12235504096854,19788
"(0.8887191358024692, 0.9743589743589745)",1,97.12228893669032,19789
"(0.8281746031746032, 1.0)",1,97.121899700875,19790
"(0.9019323671497586, 0.9866666666666666)",1,97.12163587791908,19791
"(0.813953488372093, 0.9774943735933984)",1,97.12144461968772,19792
"(0.92710864283235, 0.9774943735933984)",1,97.12109169697828,19793
"(0.9364583333333332, 0.9868055555555556)",1,97.12072735935848,19794
"(0.8721016904486937, 0.9773703649494608)",1,97.12066316761938,19795
"(0.8662551440329218, 0.9866666666666666)",1,97.1205161689558,19796
"(0.9444444444444444, 0.9841269841269842)",1,97.12049062049076,19797
"(0.9047619047619048, 1.0)",1,97.12025402448566,19798
"(0.9284391534391534, 0.992156862745098)",1,97.11965977600248,19799
"(0.9292873482399696, 0.9781365966128874)",1,97.11937594951794,19800
"(0.896551724137931, 1.0)",1,97.11932241899096,19801
"(0.9047619047619048, 1.0)",1,97.11929792488924,19802
"(0.9540538847117792, 0.9750869028930254)",3,97.11910549335022,19805
"(0.8867623604465709, 1.0)",1,97.1190539933238,19806
"(0.900854700854701, 1.0)",1,97.11884018355632,19807
"(0.9, 1.0)",1,97.1186349799642,19808
"(0.9310828877005348, 0.9785714285714284)",2,97.11861257352274,19810
"(0.8232424833126587, 0.9807902108211708)",1,97.11847485509108,19811
"(0.8888888888888888, 0.9868055555555556)",1,97.11837622308026,19812
"(0.9239488017429196, 0.974185463659148)",1,97.11830884957368,19813
"(0.9365750528541228, 0.9774943735933984)",1,97.11822193591902,19814
"(0.9003322259136212, 0.9774943735933984)",1,97.11798859597656,19815
"(0.8488297541238717, 0.9855521155830752)",1,97.11798458640286,19816
"(0.8827674567584882, 0.9749660326086956)",1,97.11785219250298,19817
"(0.7423427395649618, 0.9868055555555556)",1,97.11785145461508,19818
"(0.8232424833126587, 0.9698969646338068)",1,97.11775723889453,19819
"(0.8527777777777779, 1.0)",1,97.1176143634686,19820
"(0.9507101086048454, 0.9841269841269842)",1,97.11750761297009,19821
"(0.9019323671497586, 0.9743589743589745)",1,97.11719889588858,19822
"(0.96625, 0.9754464285714284)",1,97.11713703439038,19823
"(0.922287769513936, 0.980582788671024)",2,97.116959491672,19825
"(0.8897707231040564, 1.0)",1,97.11679021287604,19826
"(0.9027242524916944, 0.9749660326086956)",1,97.11677011617404,19827
"(0.9606447334368527, 0.9714285714285714)",1,97.11671180082298,19828
"(0.8748472964943552, 0.9833333333333332)",2,97.1166436098608,19830
"(0.8967236467236468, 0.9866666666666666)",1,97.11637620320508,19831
"(0.8888888888888888, 1.0)",1,97.11632714758647,19832
"(0.9688819909986466, 0.9715797169307606)",6,97.11616145140091,19838
"(0.8820436507936508, 0.9868055555555556)",1,97.11552097248556,19839
"(0.9018073680369506, 0.996078431372549)",1,97.11523725886865,19840
"(0.9192180611357128, 0.9885627144491042)",1,97.11476887373026,19841
"(0.9449965600275196, 0.9847494553376906)",1,97.11471825044944,19842
"(0.8264567669172932, 1.0)",1,97.11469000478414,19843
"(0.9064872325741892, 0.9866666666666666)",1,97.11440960718576,19844
"(0.8425925925925927, 1.0)",1,97.11429192487644,19845
"(0.8705290357677138, 0.9774943735933984)",1,97.11385939519144,19846
"(0.7319111444111444, 0.9868055555555556)",1,97.113835975274,19847
"(0.9349556489262372, 0.977304372041214)",1,97.11371637311868,19848
"(0.9841269841269842, 1.0)",1,97.11359628026294,19849
"(0.8943833943833944, 0.9841269841269842)",2,97.1135355552113,19851
"(0.8686868686868687, 1.0)",1,97.1134404409973,19852
"(0.847123015873016, 0.9866666666666666)",1,97.11282943385449,19853
"(0.896551724137931, 1.0)",1,97.11264307047468,19854
"(0.7753527336860669, 0.9868055555555556)",1,97.1125399492728,19855
"(0.847123015873016, 0.9866666666666666)",1,97.11253277387338,19856
"(0.8264589732338745, 0.9885627144491042)",2,97.11250919115106,19858
"(0.9264733421458472, 0.9727638167328804)",1,97.11238312443028,19859
"(0.9222222222222224, 0.984504357298475)",1,97.11230369024454,19860
"(0.9077881758764113, 0.9802054154995332)",2,97.11212136049986,19862
"(0.9696969696969696, 1.0)",1,97.11178296017002,19863
"(0.9444444444444444, 1.0)",1,97.11172161172162,19864
"(0.9222222222222224, 0.9733828034137632)",1,97.11164682811751,19865
"(0.9428823795600112, 0.9913490623109498)",4,97.1116423087683,19869
"(0.7869981325863679, 1.0)",2,97.11161554940352,19871
"(0.859735522115823, 0.9775193798449612)",2,97.1115802316327,19873
"(0.859735522115823, 0.9885627144491042)",2,97.11158023163269,19875
"(0.9787811022617652, 0.9681338377164)",1,97.11149403744786,19876
"(0.9131805896603988, 0.977716742165488)",1,97.1114872753709,19877
"(0.9365750528541228, 0.9774943735933984)",1,97.1111332220293,19878
"(0.813859649122807, 0.9743589743589745)",2,97.11092995565146,19880
"(0.954722222222222, 0.9879901960784314)",1,97.11082871963688,19881
"(0.9144192834138488, 0.9868055555555556)",1,97.11068286473044,19882
"(0.9243650793650792, 0.986574074074074)",1,97.11051886649358,19883
"(0.8734582431032859, 0.9774943735933984)",1,97.11029210006411,19884
"(0.8446379408861877, 0.9868055555555556)",1,97.11028164026692,19885
"(0.9650363879165252, 0.97595009914078)",1,97.11003792785662,19886
"(0.9407630906768838, 0.996078431372549)",1,97.10992867502974,19887
"(0.9370015948963316, 0.9841269841269842)",1,97.10980209907508,19888
"(0.909209656084656, 1.0)",1,97.10950625699464,19889
"(0.9523809523809524, 1.0)",2,97.1094261229956,19891
"(0.9206668561144264, 0.9689710387078808)",1,97.1094169138196,19892
"(0.9565217391304348, 0.9841269841269842)",1,97.10874870521388,19893
"(0.7610695631528964, 0.9743589743589745)",2,97.10870929608195,19895
"(0.8590036231884057, 0.9743589743589745)",1,97.10865731277,19896
"(0.9209085933223864, 0.9847494553376906)",2,97.10852542453142,19898
"(0.9841269841269842, 0.9841269841269842)",1,97.10846823946429,19899
"(0.9176532769556026, 0.9775193798449612)",1,97.10795604561396,19900
"(0.8889463321560508, 0.977304372041214)",1,97.10794798955432,19901
"(0.9507101086048454, 0.9841269841269842)",1,97.10784258928568,19902
"(0.9444444444444444, 1.0)",1,97.10752966702626,19903
"(0.9066840277777778, 0.9866666666666666)",1,97.10750905735348,19904
"(0.8118358743358743, 0.9743589743589745)",1,97.10744898935884,19905
"(0.8831064306064307, 1.0)",1,97.10742974432908,19906
"(0.9444444444444444, 1.0)",2,97.10733760346056,19908
"(0.8765565134099617, 0.9866666666666666)",1,97.10723149473628,19909
"(0.9507101086048454, 0.9841269841269842)",1,97.10722788526012,19910
"(0.8448688271604938, 0.9868055555555556)",4,97.10718461731204,19914
"(0.917859918146296, 0.9733828034137632)",1,97.10705496365216,19915
"(0.9, 0.9841269841269842)",1,97.10691413102242,19916
"(0.8590556730091613, 0.9885627144491042)",2,97.10683169637328,19918
"(0.875, 1.0)",1,97.10681371102166,19919
"(0.9319444444444444, 0.9743589743589745)",1,97.10681325104942,19920
"(0.8837209302325582, 0.9775193798449612)",2,97.10679698247183,19922
"(0.875, 1.0)",1,97.10679392384058,19923
"(0.9666666666666668, 0.9841269841269842)",1,97.10656553210352,19924
"(0.9674603174603176, 1.0)",1,97.10642915545164,19925
"(0.8765565134099617, 0.9866666666666666)",1,97.10620620952947,19926
"(0.8714344685242518, 0.992156862745098)",1,97.10550471217746,19927
"(0.9302579365079364, 0.9734722222222224)",1,97.105485546424,19928
"(0.8967236467236468, 0.9866666666666666)",1,97.105465815359,19929
"(0.9574505911522484, 0.9657079385975222)",2,97.10544532296224,19931
"(0.8753306878306878, 0.9868055555555556)",1,97.10511611130356,19932
"(0.9469444444444444, 0.977304372041214)",1,97.10511128947732,19933
"(1.0, 0.9841269841269842)",1,97.10504824471838,19934
"(0.875, 1.0)",2,97.10500752313148,19936
"(0.91243961352657, 0.9866666666666666)",2,97.10497904883262,19938
"(0.9040106023792244, 0.9775193798449612)",1,97.1049278002726,19939
"(0.8264589732338745, 0.9885627144491042)",2,97.1049040860038,19941
"(0.8264589732338745, 0.9775193798449612)",1,97.10484111589234,19942
"(0.7319111444111444, 0.9868055555555556)",1,97.10476861416696,19943
"(0.8186504754267384, 0.9774943735933984)",1,97.10468159574414,19944
"(0.9325581395348838, 0.9885627144491042)",1,97.10467201803816,19945
"(0.6775462962962963, 0.9866666666666666)",1,97.10452743191152,19946
"(1.0, 1.0)",1,97.10444783974198,19947
"(0.9444444444444444, 1.0)",1,97.10440408696614,19948
"(1.0, 1.0)",1,97.10437964359534,19949
"(0.7707924493038034, 1.0)",1,97.10436531436228,19950
"(0.9411376480416728, 0.977124183006536)",1,97.10429898404432,19951
"(0.9135802469135802, 1.0)",1,97.10419314278964,19952
"(0.919687006945461, 0.9748677248677248)",1,97.10409368743046,19953
"(0.91484126984127, 0.977124183006536)",2,97.10396099290196,19955
"(0.9066840277777778, 0.9866666666666666)",1,97.10387651199122,19956
"(0.8575440961689698, 0.9775193798449612)",1,97.10377054761048,19957
"(0.8791208791208792, 1.0)",1,97.10361114985083,19958
"(0.8521317829457364, 1.0)",1,97.10337121056286,19959
"(0.9003322259136212, 0.9667774086378738)",1,97.10330062654732,19960
"(0.8318452380952381, 0.9743589743589745)",2,97.1032990451764,19962
"(0.9534840838509316, 0.9766826923076924)",2,97.10284403590308,19964
"(0.8686868686868687, 1.0)",1,97.10270650962828,19965
"(0.9023569023569024, 1.0)",1,97.10236956026432,19966
"(0.8439649470899471, 0.9722222222222222)",1,97.10186898023112,19967
"(0.6775462962962963, 0.9866666666666666)",1,97.10182411578846,19968
"(0.95, 0.9798196948682386)",3,97.10153857686988,19971
"(0.925553613053613, 0.9868055555555556)",1,97.1011832632898,19972
"(0.9499369338378628, 0.9913490623109498)",1,97.10116575463466,19973
"(0.9343548387096776, 0.9866666666666666)",1,97.10093693357814,19974
"(0.6775462962962963, 0.9866666666666666)",1,97.10070695726566,19975
"(0.8675136116152449, 1.0)",1,97.10035925950324,19976
"(0.7149501661129568, 0.965497521921464)",2,97.10017676058506,19978
"(0.9239488017429196, 0.984504357298475)",1,97.09991643919662,19979
"(0.93916595083917, 0.97595009914078)",1,97.09972244448127,19980
"(0.9158185811436584, 0.984504357298475)",1,97.09966957125611,19981
"(0.8468468468468467, 1.0)",1,97.0994628445022,19982
"(1.0, 1.0)",1,97.09910542872696,19983
"(0.9065891472868216, 0.9775193798449612)",1,97.0990348943369,19984
"(0.9059134765017116, 0.996078431372549)",1,97.09882991135288,19985
"(0.9202508960573476, 0.9868055555555556)",1,97.09878359728238,19986
"(0.804594861660079, 0.9743589743589745)",1,97.09875270121316,19987
"(0.9125701913010372, 0.9913490623109498)",3,97.09865705529852,19990
"(0.944241574272534, 0.992156862745098)",1,97.09807970291996,19991
"(0.9464473684210528, 0.9879901960784314)",1,97.09736059135378,19992
"(0.6856760145918833, 1.0)",1,97.09734435149824,19993
"(0.9189473684210526, 0.984313725490196)",1,97.0973006687927,19994
"(0.9197362278244632, 0.9882352941176472)",2,97.09713946347888,19996
"(0.935308482367306, 0.992156862745098)",1,97.09702377830568,19997
"(0.8323660714285714, 0.9868055555555556)",1,97.09699271692467,19998
"(0.9365750528541228, 0.9774943735933984)",1,97.09699177470009,19999
"(0.859735522115823, 0.9775193798449612)",1,97.09667642098756,20000
"(0.908998988877654, 0.9667774086378738)",1,97.09666955335145,20001
"(0.9407729468599032, 1.0)",1,97.09655575126926,20002
"(0.9284391534391534, 0.9816305469556244)",1,97.0962888477284,20003
"(0.9230769230769232, 0.9696969696969696)",1,97.09615368613082,20004
"(1.0, 1.0)",1,97.09604182320786,20005
"(0.95, 0.9798196948682386)",3,97.09595395204322,20008
"(0.847123015873016, 0.9734722222222224)",1,97.09572043183154,20009
"(0.9427450980392156, 0.992156862745098)",1,97.09531650090793,20010
"(0.8833628057765988, 0.9868055555555556)",1,97.09465725207096,20011
"(0.8813339438339438, 0.9868055555555556)",1,97.09465086744956,20012
"(0.9475861556743912, 0.977304372041214)",1,97.09444972036802,20013
"(0.9027274557165862, 1.0)",2,97.09438213889786,20015
"(0.8459679855028692, 0.965497521921464)",2,97.09432072433226,20017
"(0.9310828877005348, 0.9678053830227744)",1,97.09423813204351,20018
"(0.8227906976744187, 0.9775193798449612)",1,97.093867864396,20019
"(0.8779083570750237, 0.9743589743589745)",1,97.0936164582717,20020
"(0.9194577352472088, 1.0)",1,97.0935842203958,20021
"(0.9628070175438596, 0.9754575163398692)",1,97.0935492081732,20022
"(0.9230769230769232, 0.9841269841269842)",1,97.0934425223899,20023
"(0.6296160130718955, 0.9866666666666666)",1,97.0933535884265,20024
"(0.8323660714285714, 0.9722222222222222)",1,97.09331408069464,20025
"(0.8779083570750237, 0.9743589743589745)",1,97.09280947283196,20026
"(0.7765567765567766, 1.0)",1,97.0926979348032,20027
"(0.914652757654786, 0.9807902108211708)",1,97.09259184970448,20028
"(0.8879227227021343, 0.9783863000134188)",1,97.09241327653471,20029
"(0.9803376906318084, 0.992156862745098)",1,97.09219414516194,20030
"(0.9565217391304348, 1.0)",2,97.09219158653234,20032
"(0.8840890522875817, 0.9868055555555556)",1,97.09209672446228,20033
"(0.9333333333333332, 1.0)",1,97.09191062031655,20034
"(0.9696969696969696, 1.0)",1,97.0918049415778,20035
"(0.9696969696969696, 1.0)",1,97.09174367984598,20036
"(0.986574074074074, 0.9734722222222224)",1,97.09160304815336,20037
"(0.8882535288785288, 0.9743589743589745)",4,97.09143870632712,20041
"(0.8563074352548036, 0.9868055555555556)",1,97.0913760256964,20042
"(0.8190309499878695, 0.965497521921464)",2,97.0912765738919,20044
"(0.9370015948963316, 0.9841269841269842)",1,97.09088301349368,20045
"(0.9886710239651416, 0.9754435107376284)",1,97.09075662201154,20046
"(0.8518518518518519, 1.0)",1,97.0904226249009,20047
"(0.942961408510189, 0.9785714285714284)",1,97.09028502744584,20048
"(0.7707924493038034, 0.9866666666666666)",1,97.09014458871044,20049
"(0.9469444444444444, 0.977304372041214)",1,97.08895129620184,20050
"(0.8221014871827105, 0.9797611592172302)",1,97.08893566064238,20051
"(0.9226705733973176, 0.97595009914078)",3,97.08888482395464,20054
"(0.8729166666666666, 1.0)",1,97.08888182290951,20055
"(1.0, 1.0)",1,97.08879392212724,20056
"(0.8498168498168499, 1.0)",1,97.0886716347861,20057
"(0.9057088744588744, 0.9866666666666666)",1,97.08855771673852,20058
"(0.9879901960784314, 0.984313725490196)",2,97.08851454959166,20060
"(0.8774993038150933, 0.9736842105263158)",1,97.08846640060956,20061
"(0.9018073680369506, 0.992156862745098)",1,97.08828756044376,20062
"(0.9066840277777778, 0.9866666666666666)",1,97.08817741109236,20063
"(0.919735122119023, 0.9807902108211708)",1,97.0881186943198,20064
"(0.8232424833126587, 0.9739780415090012)",1,97.08805684064976,20065
"(0.8952020202020202, 1.0)",2,97.0878791101052,20067
"(0.8882535288785288, 0.9743589743589745)",1,97.08766101502968,20068
"(0.8837209302325582, 0.9667774086378738)",1,97.08762157579584,20069
"(0.8837209302325582, 0.9885627144491042)",1,97.0876048999766,20070
"(0.9565217391304348, 0.9841269841269842)",1,97.0874804840155,20071
"(0.917859918146296, 0.972701975527053)",1,97.08684690139818,20072
"(0.8889459760512393, 0.996078431372549)",1,97.08679779747555,20073
"(0.9586520604621642, 0.97595009914078)",3,97.08643424812698,20076
"(0.813953488372093, 0.9774943735933984)",1,97.08598725834894,20077
"(0.9428823795600112, 0.9739630931081678)",1,97.08594847457437,20078
"(0.896551724137931, 1.0)",1,97.0857883095877,20079
"(0.9027274557165862, 0.9868055555555556)",2,97.08526948869556,20081
"(0.9444444444444444, 1.0)",1,97.0850917790762,20082
"(0.9444444444444444, 1.0)",1,97.08490919763436,20083
"(0.8872598584428717, 0.9667774086378738)",1,97.08486710879303,20084
"(0.9236094950800832, 0.992156862745098)",1,97.08471944333093,20085
"(0.8814236111111111, 0.9866666666666666)",1,97.08468704510469,20086
"(0.9534840838509316, 0.9798196948682386)",1,97.08453552566604,20087
"(0.8650226969848408, 0.9734722222222224)",1,97.08393617914288,20088
"(0.8163854689162486, 0.9885627144491042)",1,97.08381676691364,20089
"(0.932852564102564, 0.986574074074074)",1,97.0836784929932,20090
"(0.9, 1.0)",1,97.0835698432412,20091
"(0.90437564499484, 0.9803376906318084)",1,97.08347864978582,20092
"(1.0, 0.8816600641388417)",1,97.0834489047516,20093
"(0.8238479252040358, 0.9800854026690612)",1,97.08338013615496,20094
"(0.95, 0.9696381743256742)",1,97.08325112686308,20095
"(0.8731060606060606, 0.9866666666666666)",2,97.08321295474086,20097
"(0.919687006945461, 0.9743589743589745)",1,97.08319251579526,20098
"(0.8762954142520705, 0.9855521155830752)",1,97.08298606662684,20099
"(0.9186944634313056, 0.9713960577118472)",1,97.08256414184616,20100
"(0.8779083570750237, 0.9743589743589745)",4,97.08236581927429,20104
"(0.6296160130718955, 0.9629629629629628)",1,97.08236335104505,20105
"(0.919687006945461, 0.9734722222222224)",1,97.0821804075424,20106
"(0.9508739421428176, 0.97595009914078)",1,97.08135190803432,20107
"(0.8017598343685299, 0.9866666666666666)",1,97.08130706979632,20108
"(0.9302579365079364, 1.0)",2,97.08110453723556,20110
"(0.8264567669172932, 1.0)",1,97.08105313379122,20111
"(0.9019323671497586, 0.9866666666666666)",1,97.0809975334959,20112
"(0.8067271451483561, 0.9885627144491042)",1,97.08094056291137,20113
"(0.9310789204679486, 0.9696381743256742)",2,97.08042667505018,20115
"(0.8889459760512393, 0.992156862745098)",1,97.08028078030964,20116
"(0.9657079385975222, 0.9715797169307606)",6,97.08021032159512,20122
"(0.9665714285714284, 0.9798196948682386)",3,97.07959717053346,20125
"(0.976851851851852, 0.992156862745098)",1,97.07948293930396,20126
"(0.9464473684210528, 0.992156862745098)",1,97.07900853839494,20127
"(0.8373447204968943, 0.9722222222222222)",1,97.07897971971548,20128
"(0.9743589743589745, 0.9866666666666666)",1,97.07880178987118,20129
"(0.8859337035751476, 0.9885627144491042)",1,97.0788002042211,20130
"(0.8527777777777779, 0.9866666666666666)",1,97.07874163383518,20131
"(0.9236094950800832, 0.992156862745098)",1,97.07847216664244,20132
"(0.925553613053613, 0.9868055555555556)",1,97.07802238471209,20133
"(0.7990036820446177, 0.9868055555555556)",1,97.07800892674696,20134
"(0.9213117283950616, 1.0)",1,97.07790806956268,20135
"(0.8312934990802374, 0.9868055555555556)",1,97.07782034351344,20136
"(0.7869981325863679, 1.0)",1,97.07755735636614,20137
"(0.8227965244811571, 0.965497521921464)",1,97.07732247363116,20138
"(0.9035714285714284, 0.9866666666666666)",1,97.0772767429308,20139
"(0.9499194985912254, 0.9736054421768708)",1,97.07722562146198,20140
"(0.9135802469135802, 1.0)",1,97.0770434481579,20141
"(0.8527777777777779, 0.9743589743589745)",1,97.07699544566792,20142
"(0.8967236467236468, 0.9866666666666666)",1,97.07698995866222,20143
"(0.934274781341108, 0.9681338377164)",1,97.07698965895676,20144
"(0.9647217861503576, 0.9715797169307606)",2,97.07689430619826,20146
"(0.9376385678569744, 0.9774943735933984)",2,97.07631547815178,20148
"(0.9248591174906964, 0.996078431372549)",2,97.07625151495132,20150
"(0.934274781341108, 0.9798196948682386)",1,97.07596255302234,20151
"(0.8227906976744187, 0.9774943735933984)",1,97.0758915295348,20152
"(0.90437564499484, 0.9801470588235296)",1,97.07578163766134,20153
"(0.8708731355790179, 0.9748677248677248)",1,97.07573398171384,20154
"(1.0, 1.0)",1,97.0755388360729,20155
"(0.980582788671024, 0.996078431372549)",1,97.0751615791596,20156
"(0.5951421188630491, 1.0)",1,97.07494531196568,20157
"(0.8318452380952381, 0.9868055555555556)",2,97.07492442641684,20159
"(0.8966049382716049, 0.9868055555555556)",1,97.07480984960696,20160
"(0.8557419333086079, 0.9766826923076924)",1,97.07466745750357,20161
"(0.92710864283235, 0.9774943735933984)",1,97.0743173862252,20162
"(0.9310789204679486, 0.97595009914078)",1,97.07398965295194,20163
"(0.9433625730994152, 0.9894736842105264)",1,97.07386700159604,20164
"(0.9066840277777778, 0.9866666666666666)",1,97.07384660966122,20165
"(0.9433680972830336, 0.9681338377164)",1,97.07383714746804,20166
"(0.7319111444111444, 0.9868055555555556)",1,97.07378153934178,20167
"(0.9269637391618816, 0.9925925925925926)",1,97.07373505129814,20168
"(0.9230116959064328, 0.9847494553376906)",1,97.0736405929012,20169
"(0.9230769230769232, 0.9841269841269842)",2,97.07319719748838,20171
"(0.8941062801932367, 0.9868055555555556)",1,97.07298141540105,20172
"(0.9220534262485482, 0.9749660326086956)",1,97.0725230376734,20173
"(0.6856760145918833, 1.0)",1,97.07246222051536,20174
"(0.8457575757575757, 0.9866666666666666)",1,97.0724106187427,20175
"(0.9135802469135802, 1.0)",1,97.07220560672972,20176
"(0.8067271451483561, 0.9885627144491042)",1,97.0719665711322,20177
"(0.8738126483317046, 0.9768686421937196)",1,97.07196560199976,20178
"(0.8232424833126587, 0.9791013071895426)",2,97.07132736054282,20180
"(0.9841269841269842, 1.0)",1,97.0712590441812,20181
"(0.914421596921597, 0.992156862745098)",1,97.0711942469101,20182
"(0.8897707231040564, 1.0)",1,97.0708533357394,20183
"(0.8589500777000777, 0.9866666666666666)",1,97.07052722885484,20184
"(0.8339307048984469, 1.0)",1,97.07041325717049,20185
"(0.9841269841269842, 1.0)",1,97.0700330371383,20186
"(0.9070844099913866, 0.9774943735933984)",1,97.07001356186596,20187
"(0.879008834302952, 0.9842592592592592)",1,97.06999768666816,20188
"(0.9444444444444444, 0.9841269841269842)",1,97.06974047848634,20189
"(0.947088068181818, 1.0)",1,97.06966208625772,20190
"(0.8789510006901311, 0.9866666666666666)",1,97.06960558228882,20191
"(0.908998988877654, 0.9774943735933984)",2,97.06950618370864,20193
"(0.9643596441509156, 0.9678608196882048)",1,97.06949337910746,20194
"(0.9351258309591644, 1.0)",1,97.06946843078806,20195
"(0.9426596279537456, 0.9696790997100596)",1,97.06937980516298,20196
"(0.9499010346378768, 0.9882352941176472)",1,97.06908571108164,20197
"(0.8837209302325582, 0.9774943735933984)",1,97.06895282959584,20198
"(0.8419191919191918, 0.9748677248677248)",1,97.068948365708,20199
"(0.931377923976608, 0.9698578833447256)",1,97.06873813667237,20200
"(0.8662551440329218, 0.9743589743589745)",1,97.06859334440672,20201
"(0.9135802469135802, 1.0)",1,97.06845679800378,20202
"(0.8817204301075269, 1.0)",1,97.0684308097462,20203
"(0.9444444444444444, 0.9841269841269842)",1,97.06836271618904,20204
"(0.7975164658278694, 1.0)",1,97.06758179755305,20205
"(0.9886710239651416, 0.996078431372549)",1,97.06746555359526,20206
"(0.90437564499484, 0.9807902108211708)",2,97.06745633807624,20208
"(0.8813339438339438, 0.9868055555555556)",2,97.06735370819892,20210
"(0.908998988877654, 0.965497521921464)",1,97.06722524511954,20211
"(0.92710864283235, 0.9774943735933984)",1,97.06697960191416,20212
"(0.9070844099913866, 0.9775193798449612)",1,97.06687254174987,20213
"(0.95, 0.9727638167328804)",1,97.06674009289792,20214
"(0.8535457949758153, 0.9868055555555556)",1,97.06636747036376,20215
"(0.8591750613113885, 0.9763651837188272)",1,97.06611441310456,20216
"(0.9211400121926436, 0.97595009914078)",3,97.06602541142684,20219
"(0.8448736477904788, 1.0)",1,97.06590656019544,20220
"(0.9433680972830336, 0.975060054907344)",6,97.06581040631588,20226
"(0.915619658119658, 0.9868055555555556)",1,97.06562622763688,20227
"(0.9678608196882048, 0.9714285714285714)",3,97.0652463860118,20230
"(0.9463327370304114, 0.9885627144491042)",1,97.06514577398086,20231
"(0.9432302504125708, 0.9643596441509156)",1,97.06482008880631,20232
"(0.9135802469135802, 0.9841269841269842)",2,97.06472330675253,20234
"(0.9391627846790888, 0.97595009914078)",2,97.06464188197435,20236
"(0.9138847117794486, 0.9697557619539044)",1,97.0645165714937,20237
"(0.9346192998272106, 0.9855521155830752)",2,97.06417461733038,20239
"(0.896551724137931, 1.0)",1,97.0639354240295,20240
"(0.8734582431032859, 0.9774943735933984)",2,97.06385841482228,20242
"(0.8604651162790697, 0.9885627144491042)",1,97.06363087831856,20243
"(0.9592592592592591, 1.0)",1,97.06342662172612,20244
"(0.9261349042540992, 0.996078431372549)",2,97.06322294416128,20246
"(0.9327249496289745, 0.9737299465240642)",1,97.06306336789548,20247
"(0.813859649122807, 0.9743589743589745)",1,97.06304100824777,20248
"(0.9407729468599032, 0.9748677248677248)",1,97.06281526968846,20249
"(0.9386724386724388, 0.9841269841269842)",2,97.0626455923941,20251
"(0.8887191358024692, 0.9743589743589745)",1,97.06263045942558,20252
"(0.8837209302325582, 0.9774943735933984)",1,97.06229787553924,20253
"(0.9168115942028986, 0.992156862745098)",1,97.0621309877693,20254
"(0.8837209302325582, 0.9885627144491042)",1,97.06212941731276,20255
"(0.9135802469135802, 0.9841269841269842)",2,97.0620631924982,20257
"(0.9023569023569024, 1.0)",1,97.062040534588,20258
"(0.9444444444444444, 1.0)",2,97.06196511345252,20260
"(0.7365451388888888, 0.9868055555555556)",1,97.0619571378954,20261
"(0.9365260121142476, 0.996078431372549)",2,97.0619277456959,20263
"(0.8677609399763623, 1.0)",1,97.06192679500518,20264
"(0.9370015948963316, 0.9841269841269842)",2,97.0618576422953,20266
"(0.875, 1.0)",1,97.06175814109947,20267
"(0.9003322259136212, 0.9775193798449612)",2,97.0616839399907,20269
"(0.9014364972259707, 0.9739780415090012)",1,97.06148290893302,20270
"(0.8888888888888888, 0.9841269841269842)",1,97.0614452873234,20271
"(0.8559380045064403, 0.9794549919482)",1,97.06142825687392,20272
"(0.8323660714285714, 0.9868055555555556)",1,97.06135609003054,20273
"(0.8520449077786689, 1.0)",1,97.0613324208789,20274
"(0.8941062801932367, 0.9868055555555556)",1,97.0610435847132,20275
"(0.9565375499581746, 0.97595009914078)",1,97.06104264195666,20276
"(0.9135802469135802, 0.9841269841269842)",1,97.06096525661766,20277
"(0.9666666666666668, 0.9841269841269842)",2,97.06094404425131,20279
"(0.9606447334368527, 0.9713960577118472)",3,97.06065042734454,20282
"(0.8454115226337449, 0.9868055555555556)",1,97.0603324883066,20283
"(0.7460317460317459, 1.0)",1,97.06024461208496,20284
"(0.909499471627618, 0.977304372041214)",1,97.06019012213648,20285
"(0.9492266992266992, 0.9866666666666666)",4,97.06011820692534,20289
"(0.8315873015873017, 0.9868055555555556)",1,97.0599384310705,20290
"(0.9213117283950616, 1.0)",1,97.05984302678335,20291
"(0.9349556489262372, 0.9729470735662686)",1,97.05979412021952,20292
"(0.9678608196882048, 0.9749660326086956)",1,97.05959936474456,20293
"(0.8762954142520705, 0.9886710239651416)",2,97.05955559076776,20295
"(0.8525234524081565, 0.9793921201607012)",1,97.05918896773012,20296
"(0.965272331154684, 0.9847494553376906)",2,97.05880034291694,20298
"(1.0, 1.0)",1,97.05877887160604,20299
"(0.8731060606060606, 1.0)",1,97.05838812480717,20300
"(0.9224211423699916, 1.0)",1,97.05829664470704,20301
"(0.8762664758354415, 0.9749660326086956)",1,97.0581164369247,20302
"(0.8859337035751476, 1.0)",2,97.057828228598,20304
"(0.9206668561144264, 0.9689710387078808)",1,97.0577967951136,20305
"(0.8804026684717579, 0.9773754716541576)",1,97.0577707028289,20306
"(0.9236094950800832, 0.992156862745098)",1,97.0575029769104,20307
"(0.9235349105085948, 0.9689710387078808)",1,97.05741962203494,20308
"(0.9586520604621642, 0.9798196948682386)",1,97.05729358756048,20309
"(0.9407729468599032, 1.0)",1,97.05720109191633,20310
"(0.9465811965811968, 1.0)",1,97.05661935489488,20311
"(0.7975164658278694, 1.0)",1,97.05661449008214,20312
"(0.9230116959064328, 0.992156862745098)",1,97.05638511753293,20313
"(1.0, 1.0)",1,97.05611055611053,20314
"(0.6296160130718955, 0.9866666666666666)",1,97.0560362764866,20315
"(0.9391627846790888, 0.9727638167328804)",1,97.05535087460495,20316
"(0.8468468468468467, 1.0)",1,97.0553091409476,20317
"(0.896551724137931, 1.0)",2,97.05507282044012,20319
"(0.7294483504597079, 0.9774943735933984)",1,97.05505276604384,20320
"(0.948045267489712, 0.9868055555555556)",1,97.05502777059289,20321
"(0.9035714285714284, 0.9866666666666666)",1,97.05498102832918,20322
"(0.8604651162790697, 0.9775193798449612)",1,97.05487841811052,20323
"(0.8190309499878695, 0.965497521921464)",2,97.05472645275503,20325
"(0.9318498265866688, 0.992156862745098)",2,97.05467297024724,20327
"(0.8627450980392157, 1.0)",1,97.05461617925847,20328
"(0.8013468013468013, 1.0)",1,97.05439503756568,20329
"(0.7753527336860669, 0.9868055555555556)",2,97.0543758316196,20331
"(0.9176532769556026, 0.965497521921464)",1,97.05427678890376,20332
"(0.9508739421428176, 0.97595009914078)",1,97.05414653441449,20333
"(0.8738126483317046, 0.9807902108211708)",1,97.05406437520035,20334
"(0.9224211423699916, 1.0)",1,97.05404301655474,20335
"(0.984504357298475, 0.7931075460487225)",1,97.05377629575744,20336
"(0.8604651162790697, 0.9885627144491042)",1,97.05356977539,20337
"(0.9540538847117792, 0.9647217861503576)",5,97.05351855889757,20342
"(0.6296160130718955, 0.9866666666666666)",1,97.05338161664967,20343
"(0.9841269841269842, 1.0)",2,97.05334326691066,20345
"(0.960607978267748, 0.9714285714285714)",1,97.05328372128318,20346
"(0.9586520604621642, 0.9766826923076924)",3,97.05320444967072,20349
"(0.9386724386724388, 0.9841269841269842)",1,97.05309385350638,20350
"(1.0, 0.9841269841269842)",1,97.05277078109792,20351
"(0.9135802469135802, 0.9841269841269842)",1,97.05272599071073,20352
"(0.9841269841269842, 1.0)",1,97.0526806766788,20353
"(0.9047619047619048, 0.9841269841269842)",1,97.0525754438799,20354
"(0.7975164658278694, 0.986574074074074)",1,97.05219640308296,20355
"(0.8232424833126587, 0.9803376906318084)",1,97.05189145031818,20356
"(0.9230769230769232, 0.9841269841269842)",2,97.05188545499782,20358
"(0.9386724386724388, 0.9841269841269842)",1,97.05163326434555,20359
"(0.9135802469135802, 0.9841269841269842)",1,97.051608792615,20360
"(0.9057088744588744, 0.9722222222222222)",1,97.05147401304278,20361
"(0.8402777777777779, 1.0)",1,97.0512329489732,20362
"(0.9035714285714284, 0.9866666666666666)",1,97.05106003758496,20363
"(0.9272486772486772, 0.9866666666666666)",2,97.0510073043538,20365
"(0.9318498265866688, 0.996078431372549)",1,97.0509775662504,20366
"(0.946764828738513, 0.97595009914078)",3,97.05062704348006,20369
"(0.7707924493038034, 0.9743589743589745)",2,97.05056461113244,20371
"(0.9740143369175628, 1.0)",1,97.0504616124104,20372
"(0.9019323671497586, 0.9866666666666666)",1,97.05043635762394,20373
"(0.9628070175438596, 0.9750257997936016)",1,97.04992340682549,20374
"(0.7973484848484849, 1.0)",2,97.04988231374108,20376
"(0.8629629629629629, 0.9868055555555556)",1,97.04984900587738,20377
"(0.8978758169934642, 0.9868055555555556)",1,97.0497682971146,20378
"(0.9674603174603176, 1.0)",1,97.04962828853265,20379
"(0.9333333333333332, 0.9841269841269842)",1,97.04931295970322,20380
"(0.936026936026936, 1.0)",1,97.04916590595128,20381
"(0.9168115942028986, 0.9879901960784314)",1,97.04897985012128,20382
"(0.914652757654786, 0.977304372041214)",2,97.04895053467888,20384
"(0.986574074074074, 0.9734722222222224)",1,97.04885874754524,20385
"(0.8318452380952381, 0.9743589743589745)",1,97.04883622617336,20386
"(0.9019323671497586, 0.9866666666666666)",1,97.04852350026296,20387
"(0.9841269841269842, 1.0)",1,97.04843679177252,20388
"(0.8680075424261471, 0.9667774086378738)",1,97.0483554622548,20389
"(0.9351600241545894, 0.9748677248677248)",1,97.04790694042522,20390
"(0.9226705733973176, 0.9798196948682386)",1,97.04766685853214,20391
"(0.7962233504512917, 0.9868055555555556)",1,97.0473696124506,20392
"(0.90437564499484, 0.9847117794486216)",1,97.04722065642072,20393
"(0.8887191358024692, 0.9743589743589745)",2,97.0471739981019,20395
"(0.9310789204679486, 0.9798196948682386)",3,97.04690397693273,20398
"(0.9391627846790888, 0.9727638167328804)",3,97.04684061646452,20401
"(0.8454115226337449, 0.9868055555555556)",1,97.04682738403206,20402
"(0.7973484848484849, 0.9743589743589745)",2,97.04662298574728,20404
"(1.0, 1.0)",1,97.04659776519634,20405
"(0.9172932330827066, 1.0)",1,97.04648623873382,20406
"(0.919687006945461, 0.9866666666666666)",1,97.04597139066252,20407
"(0.907908163265306, 0.9714285714285714)",1,97.04565607462236,20408
"(0.9407679738562092, 0.9748677248677248)",1,97.0454695688734,20409
"(0.8750600325600326, 1.0)",1,97.04542361283832,20410
"(0.914652757654786, 0.977304372041214)",1,97.0452385323519,20411
"(0.9618138828565136, 0.9727638167328804)",1,97.0452026916616,20412
"(0.9306746031746032, 1.0)",1,97.04516142869107,20413
"(0.7365451388888888, 0.9868055555555556)",1,97.04515819609644,20414
"(0.9003322259136212, 0.965497521921464)",1,97.04514881012658,20415
"(0.6403503049675462, 1.0)",1,97.04499972438671,20416
"(0.8888888888888888, 1.0)",1,97.04499611103694,20417
"(0.9565217391304348, 1.0)",1,97.04484835439204,20418
"(0.90437564499484, 0.9847117794486216)",1,97.044783240678,20419
"(0.8318452380952381, 0.9866666666666666)",3,97.04455052043188,20422
"(0.9052521809372952, 0.977027027027027)",1,97.0445342879118,20423
"(0.909209656084656, 1.0)",1,97.04446085225248,20424
"(0.9688819909986466, 0.9678608196882048)",1,97.04444613590849,20425
"(0.9143400589515378, 0.9764763919654832)",1,97.04437667608391,20426
"(0.919687006945461, 0.9868055555555556)",1,97.04435566780398,20427
"(0.9259560057540158, 0.9713960577118472)",1,97.04435120118336,20428
"(0.9427450980392156, 0.9879901960784314)",1,97.04405896863749,20429
"(0.8586291309669523, 0.9774943735933984)",1,97.04395400704512,20430
"(0.9565217391304348, 0.9841269841269842)",1,97.0439488048186,20431
"(0.9135802469135802, 1.0)",1,97.04386853350626,20432
"(0.9615343915343916, 1.0)",1,97.04379224073408,20433
"(0.9548148148148148, 0.9650167903418676)",1,97.04328524050264,20434
"(0.8563074352548036, 0.9868055555555556)",1,97.043042898574,20435
"(0.8604651162790697, 0.9775193798449612)",1,97.04298459100492,20436
"(0.8305168558651531, 0.9868055555555556)",1,97.0428535019932,20437
"(0.9346192998272106, 0.978144708175668)",1,97.0427254713235,20438
"(0.8265590958605664, 0.9868055555555556)",2,97.04264018995742,20440
"(0.8604651162790697, 0.9775193798449612)",1,97.04252644078584,20441
"(0.9189882697947216, 0.9868055555555556)",1,97.04246187405695,20442
"(0.9491329966329968, 0.9675954592363262)",2,97.04245949037406,20444
"(0.9594646747587924, 0.9749482401656314)",2,97.04245235313314,20446
"(0.9310789204679486, 0.9727638167328804)",1,97.04244201531912,20447
"(0.6296160130718955, 0.9866666666666666)",1,97.0423876354488,20448
"(0.9366629231646204, 0.9798196948682386)",3,97.04238216714032,20451
"(0.9354509320175438, 0.9780571219715956)",1,97.04220135122225,20452
"(0.8264589732338745, 0.9885627144491042)",1,97.04175208750718,20453
"(0.8031631097560976, 0.9748677248677248)",1,97.04167899328958,20454
"(0.9302579365079364, 0.9734722222222224)",1,97.04158524110969,20455
"(0.8264567669172932, 1.0)",1,97.04123709460283,20456
"(0.8232424833126587, 0.977304372041214)",1,97.041165099534,20457
"(0.9041666666666666, 0.9868055555555556)",3,97.0410629141106,20460
"(0.8932369004949651, 0.9868055555555556)",1,97.04093494530365,20461
"(0.9019607843137254, 0.9868055555555556)",1,97.04061789225996,20462
"(0.859735522115823, 0.9775193798449612)",1,97.04032975598362,20463
"(0.9754435107376284, 0.9882352941176472)",1,97.04021641431376,20464
"(0.9714285714285714, 0.9681338377164)",3,97.04014410357642,20467
"(0.8190309499878695, 0.9774943735933984)",1,97.04003346809267,20468
"(0.9003322259136212, 0.9774943735933984)",1,97.03994527475622,20469
"(0.8375522452041583, 0.977638640429338)",1,97.03992821710362,20470
"(0.8753306878306878, 0.9748677248677248)",1,97.03989617982953,20471
"(0.8502976190476191, 1.0)",1,97.03976819171729,20472
"(0.9220534262485482, 0.9785714285714284)",1,97.03952057502052,20473
"(0.9473838918283362, 0.9868055555555556)",2,97.03946376309923,20475
"(0.9469444444444444, 0.9827450980392156)",1,97.03938655105,20476
"(0.7951423097974822, 0.9734722222222224)",1,97.03875755839135,20477
"(0.7996201329534663, 1.0)",1,97.03875436891964,20478
"(0.6403503049675462, 1.0)",1,97.03869321463507,20479
"(0.9666666666666668, 0.9841269841269842)",1,97.038572031912,20480
"(0.8564318783068782, 0.9748677248677248)",1,97.03856136473313,20481
"(0.9433680972830336, 0.9785754927860192)",1,97.03845528906965,20482
"(0.8488297541238717, 0.9812636165577344)",1,97.03832984895762,20483
"(0.9508739421428176, 0.9766826923076924)",2,97.0381481768444,20485
"(0.9343548387096776, 0.9866666666666666)",1,97.03813262995558,20486
"(0.8406582054309327, 0.9749660326086956)",1,97.03795383380437,20487
"(0.9003322259136212, 0.9775193798449612)",1,97.03794531140696,20488
"(0.9230769230769232, 1.0)",1,97.03793722285798,20489
"(0.8535457949758153, 0.9748677248677248)",1,97.03778900558012,20490
"(0.9226705733973176, 0.9798196948682386)",2,97.03775484046722,20492
"(0.908998988877654, 0.965497521921464)",2,97.03773584172488,20494
"(0.8675136116152449, 1.0)",1,97.03772536629442,20495
"(0.9841269841269842, 1.0)",1,97.03749239966648,20496
"(0.8822954822954823, 0.9868055555555556)",1,97.03729016954604,20497
"(0.9444444444444444, 0.9841269841269842)",2,97.03713062300042,20499
"(0.8836091234347048, 0.9667774086378738)",1,97.03703796921242,20500
"(0.7707924493038034, 0.9866666666666666)",1,97.03685069903004,20501
"(0.9841269841269842, 1.0)",1,97.0368458701792,20502
"(0.9325581395348838, 0.9885627144491042)",2,97.03619702584793,20504
"(0.8575440961689698, 0.9775193798449612)",1,97.03614506494522,20505
"(0.8882535288785288, 0.9743589743589745)",1,97.03590156847524,20506
"(0.9191112362010194, 0.996078431372549)",1,97.035824917632,20507
"(0.7610695631528964, 1.0)",1,97.03498097172644,20508
"(0.8840890522875817, 0.9722222222222222)",1,97.03493591002032,20509
"(0.9057088744588744, 0.9866666666666666)",1,97.03469061892469,20510
"(0.8712691326530612, 0.9714285714285714)",1,97.0344255892818,20511
"(0.81878722576397, 0.9667774086378738)",1,97.03404583203763,20512
"(0.9886710239651416, 0.9773420479302832)",1,97.03377061479,20513
"(0.7871989121989122, 0.9866666666666666)",1,97.033674288483,20514
"(0.8859337035751476, 0.9885627144491042)",1,97.0334424300941,20515
"(0.8908212560386475, 0.9868055555555556)",1,97.03334903375614,20516
"(0.8680075424261471, 0.9774943735933984)",1,97.0331596709051,20517
"(0.9855521155830752, 0.9529692695791766)",1,97.03311877949008,20518
"(0.8557900432900432, 0.9866666666666666)",1,97.03299423501976,20519
"(0.9586520604621642, 0.9798196948682386)",2,97.0329419262296,20521
"(0.9297529268117504, 0.9894736842105264)",1,97.03281194636706,20522
"(0.9841269841269842, 1.0)",1,97.03279483879072,20523
"(0.9003322259136212, 0.9774943735933984)",1,97.03275792099024,20524
"(0.943792719255964, 0.9727638167328804)",3,97.0327542432302,20527
"(0.9463234342650104, 0.9727638167328804)",1,97.0326284078256,20528
"(0.9301248598635894, 0.9739970069012736)",1,97.0325979070895,20529
"(0.9618138828565136, 0.9727638167328804)",1,97.03255953022035,20530
"(0.8255813953488372, 0.9774943735933984)",1,97.03219483355409,20531
"(0.7644216248867413, 0.9774943735933984)",1,97.0321105709622,20532
"(0.9343548387096776, 0.9866666666666666)",1,97.03185697143616,20533
"(0.9370015948963316, 0.9841269841269842)",1,97.03184918035626,20534
"(0.841261574074074, 1.0)",1,97.03184161813884,20535
"(0.955544662122821, 0.9749660326086956)",1,97.03173062265212,20536
"(0.8575440961689698, 0.9885627144491042)",1,97.03168055161362,20537
"(0.9351600241545894, 0.9868055555555556)",1,97.03144767670771,20538
"(0.9568181818181818, 0.996078431372549)",1,97.03139957754163,20539
"(0.8457446808510638, 0.9868055555555556)",1,97.03105766849312,20540
"(0.9138847117794486, 0.996078431372549)",1,97.03078594319054,20541
"(0.8358413132694937, 0.965497521921464)",1,97.03071071379092,20542
"(0.813953488372093, 0.9774943735933984)",1,97.0304484587304,20543
"(0.9499369338378628, 0.9913490623109498)",3,97.03039297406332,20546
"(0.8779083570750237, 0.9743589743589745)",2,97.02999015824638,20548
"(0.961342940685046, 0.9713960577118472)",1,97.0299810498218,20549
"(0.9444444444444444, 0.9841269841269842)",2,97.0299265951442,20551
"(0.8242694805194806, 0.9743589743589745)",1,97.0297633950966,20552
"(0.901672379478107, 0.9736054421768708)",1,97.0293291460255,20553
"(0.9214457417582416, 0.9678053830227744)",3,97.02917814731778,20556
"(0.950682393081946, 0.975060054907344)",1,97.02910595754967,20557
"(0.844758764317945, 0.965497521921464)",2,97.02896873041456,20559
"(0.946764828738513, 0.97595009914078)",3,97.0288367401047,20562
"(0.941488229119808, 0.9886710239651416)",1,97.02854735336687,20563
"(0.931377923976608, 0.9913490623109498)",4,97.02825224284364,20567
"(0.7413014722797331, 0.9866666666666666)",1,97.02810017593704,20568
"(0.932852564102564, 1.0)",1,97.02806516655193,20569
"(0.892733134920635, 0.9748677248677248)",1,97.02802651763288,20570
"(0.9449256625727214, 0.9715797169307606)",2,97.02795320230216,20572
"(0.8232424833126587, 0.9768686421937196)",1,97.02786788084828,20573
"(0.912041847041847, 0.9886710239651416)",1,97.02784804254384,20574
"(0.896551724137931, 1.0)",2,97.0278462199393,20576
"(0.9003322259136212, 0.9885627144491042)",2,97.02770840775868,20578
"(0.9047558922558924, 0.9868055555555556)",1,97.02769101876216,20579
"(0.822664599717685, 0.9734722222222224)",1,97.02768306018912,20580
"(0.8627450980392157, 1.0)",1,97.02750737058255,20581
"(0.909722222222222, 0.9811403508771928)",2,97.0274415955885,20583
"(0.8683333333333333, 0.9868055555555556)",1,97.02718473285395,20584
"(0.934274781341108, 0.9681338377164)",5,97.02705084881394,20589
"(0.8627450980392157, 0.9841269841269842)",2,97.02704803882963,20591
"(0.9715797169307606, 0.9678053830227744)",1,97.0270304047753,20592
"(0.946764828738513, 0.9727638167328804)",1,97.0269463383674,20593
"(0.8752365981200475, 0.9798196948682386)",2,97.02664876912978,20595
"(0.8794618055555555, 0.9868055555555556)",4,97.02656437891014,20599
"(0.9366629231646204, 0.97595009914078)",3,97.02627387710206,20602
"(0.9534840838509316, 0.9727638167328804)",3,97.02623780860982,20605
"(0.8889463321560508, 0.9607777613969564)",1,97.02621739650031,20606
"(0.9259560057540158, 0.9750869028930254)",3,97.02596308379265,20609
"(0.9444444444444444, 1.0)",1,97.02580361870716,20610
"(0.9643596441509156, 0.9679608656649474)",1,97.02555139641578,20611
"(0.9293342911877394, 0.9748677248677248)",1,97.02526863462204,20612
"(0.8837209302325582, 0.9774943735933984)",1,97.02522293181184,20613
"(0.8714344685242518, 0.9916666666666668)",2,97.02478899243437,20615
"(0.92925, 0.975060054907344)",1,97.02475360490396,20616
"(0.8634130781499202, 0.9877450980392156)",1,97.02430850236016,20617
"(0.9841269841269842, 1.0)",1,97.02427181260136,20618
"(0.8125, 1.0)",1,97.02419833085418,20619
"(0.9653109846797712, 0.9713960577118472)",3,97.02417520002813,20622
"(0.8604651162790697, 0.9885627144491042)",2,97.02413678028726,20624
"(0.8112794612794614, 0.9868055555555556)",1,97.02412049923306,20625
"(0.922050500014663, 1.0)",1,97.02405276723614,20626
"(0.883876357560568, 1.0)",1,97.02396085784,20627
"(0.9313958916900094, 0.9886710239651416)",1,97.02367559526644,20628
"(0.8459679855028692, 0.965497521921464)",1,97.02360269370236,20629
"(0.9047619047619048, 0.9841269841269842)",1,97.02347017931142,20630
"(0.9224211423699916, 1.0)",1,97.0233473904118,20631
"(0.8837209302325582, 0.9885627144491042)",1,97.02326967795996,20632
"(0.9230769230769232, 1.0)",1,97.0227619987121,20633
"(0.8616019521984972, 0.979085664243959)",1,97.02249626843545,20634
"(0.8960328317373462, 0.9775193798449612)",1,97.02240018894436,20635
"(0.8290311766677841, 0.9780571219715956)",3,97.02236994210622,20638
"(0.8368686868686868, 1.0)",2,97.0223632693562,20640
"(0.8448736477904788, 0.9885627144491042)",1,97.0219883929413,20641
"(0.958531746031746, 1.0)",4,97.02196922607776,20645
"(0.957490630284748, 0.9827450980392156)",2,97.02187025391665,20647
"(0.9427450980392156, 0.9763834422657952)",1,97.02182453939282,20648
"(0.9003322259136212, 0.9774943735933984)",1,97.02175372343926,20649
"(0.892733134920635, 0.9729166666666668)",1,97.02159071761288,20650
"(0.9841269841269842, 1.0)",1,97.02141781220728,20651
"(0.9319444444444444, 0.9866666666666666)",4,97.02140015862436,20655
"(0.955544662122821, 0.9714285714285714)",1,97.0213918171932,20656
"(0.5951421188630491, 1.0)",1,97.02132785848842,20657
"(0.8389982110912344, 0.9774943735933984)",1,97.02114494560944,20658
"(0.919687006945461, 0.9868055555555556)",1,97.02052887261569,20659
"(0.8621651785714286, 0.9749660326086956)",3,97.0203764783394,20662
"(0.892733134920635, 0.9868055555555556)",1,97.02015197549798,20663
"(0.8888888888888888, 1.0)",1,97.0199109915762,20664
"(0.9380939833113746, 0.9879901960784314)",1,97.01986988103477,20665
"(0.8779083570750237, 0.96116452991453)",1,97.0197922722308,20666
"(0.8873002904865649, 1.0)",1,97.01974641234158,20667
"(0.9366629231646204, 0.97595009914078)",1,97.01961683570684,20668
"(0.9104761904761904, 0.9748677248677248)",1,97.01955983303957,20669
"(0.9586520604621642, 0.9727638167328804)",3,97.01945052909676,20672
"(0.813859649122807, 0.9743589743589745)",1,97.0193738263037,20673
"(0.919687006945461, 0.9868055555555556)",2,97.01924589053966,20675
"(0.8778462998102468, 0.9722222222222222)",1,97.01912667912316,20676
"(0.8307098765432097, 0.9868055555555556)",1,97.0186464292659,20677
"(0.9292181620122796, 0.992156862745098)",1,97.01838727816238,20678
"(0.9386521271466192, 0.9780571219715956)",3,97.01815618002804,20681
"(0.8921607065475332, 0.9774943735933984)",1,97.01804132273136,20682
"(0.9430755736638088, 0.9773420479302832)",1,97.01736170799008,20683
"(0.92925, 0.9715797169307606)",1,97.01735834120626,20684
"(0.955544662122821, 0.9787811022617652)",1,97.01714720096705,20685
"(0.896551724137931, 0.9841269841269842)",1,97.0171205303536,20686
"(0.9464473684210528, 0.9812636165577342)",2,97.01710977656312,20688
"(0.960607978267748, 0.9647217861503576)",3,97.017083107909,20691
"(0.9386724386724388, 0.9841269841269842)",1,97.01706412543324,20692
"(0.7975164658278694, 1.0)",1,97.01684517988716,20693
"(0.9841269841269842, 1.0)",1,97.01656815567308,20694
"(0.875, 1.0)",1,97.01646792618996,20695
"(0.9748677248677248, 0.9868055555555556)",1,97.01622945829295,20696
"(0.6296160130718955, 0.9866666666666666)",1,97.0162014844304,20697
"(0.8300280681378243, 0.9868055555555556)",1,97.01615005570596,20698
"(1.0, 1.0)",1,97.01577839838708,20699
"(0.9444444444444444, 0.9696969696969696)",1,97.01542674977874,20700
"(0.9674603174603176, 1.0)",1,97.01539676322284,20701
"(0.9333333333333332, 0.9841269841269842)",2,97.0153927124944,20703
"(0.9011266511266512, 0.9722222222222222)",1,97.01536577414656,20704
"(0.91243961352657, 0.9866666666666666)",1,97.0151829505877,20705
"(0.6156045751633987, 1.0)",2,97.0150874377969,20707
"(0.8897732810238289, 0.9773911230566754)",1,97.01484728505936,20708
"(0.8731060606060606, 0.9743589743589745)",2,97.01453925905165,20710
"(0.8997086999609598, 0.975060054907344)",1,97.01433465834342,20711
"(0.9333333333333332, 0.9841269841269842)",1,97.01404532411416,20712
"(0.7988631272401433, 0.9868055555555556)",1,97.01400779760392,20713
"(0.9272424525365702, 0.9879901960784314)",1,97.01388994390892,20714
"(0.8831018518518517, 1.0)",2,97.013639188783,20716
"(0.908998988877654, 0.9774943735933984)",1,97.0135597814337,20717
"(0.8686868686868687, 1.0)",1,97.01349369438462,20718
"(0.8221586782861291, 0.9866666666666666)",1,97.01342691490824,20719
"(0.875, 1.0)",1,97.0133584322804,20720
"(0.8967236467236468, 0.9866666666666666)",1,97.0131165283412,20721
"(0.844758764317945, 0.9774943735933984)",2,97.01302378014692,20723
"(0.9191742887131236, 0.9714285714285714)",1,97.01301118278408,20724
"(0.8571024784182679, 0.9777089783281734)",1,97.0123590668358,20725
"(0.9667774086378738, 0.965497521921464)",1,97.0121271485004,20726
"(1.0, 1.0)",2,97.01184121465948,20728
"(0.9715797169307606, 0.9749660326086956)",3,97.01165841618857,20731
"(0.8577654071075123, 0.9722222222222222)",1,97.01165115349916,20732
"(0.9769410044719642, 0.992156862745098)",1,97.01126479808428,20733
"(0.9565217391304348, 1.0)",1,97.01117334088346,20734
"(0.945875350140056, 0.992156862745098)",1,97.0111561102472,20735
"(0.813859649122807, 0.9866666666666666)",4,97.01111758239806,20739
"(0.8856424148606811, 0.9866666666666666)",1,97.01110280131844,20740
"(0.8457446808510638, 0.9748677248677248)",1,97.01088571082116,20741
"(0.9087026014109348, 1.0)",1,97.01077980606294,20742
"(0.9666666666666668, 0.9841269841269842)",2,97.01076868836697,20744
"(0.8577654071075123, 0.9868055555555556)",1,97.01034790394306,20745
"(0.9235349105085948, 0.9733828034137632)",1,97.0102969413944,20746
"(0.9534840838509316, 0.9798196948682386)",3,97.00937421625788,20749
"(0.8908212560386475, 0.9868055555555556)",1,97.00924399974606,20750
"(0.8822248676288769, 0.9777165794916975)",1,97.00900274814,20751
"(0.9077881758764113, 0.977304372041214)",2,97.00883021591224,20753
"(0.8888888888888888, 1.0)",1,97.00871845334096,20754
"(0.9019323671497586, 0.9743589743589745)",2,97.00856296039134,20756
"(0.8535457949758153, 0.9868055555555556)",1,97.0084345502052,20757
"(0.9667774086378738, 0.9774943735933984)",1,97.00839898404536,20758
"(0.91243961352657, 0.9866666666666666)",1,97.00780864265184,20759
"(0.9272486772486772, 0.9743589743589745)",1,97.00780364591246,20760
"(0.9354509320175438, 0.9780571219715956)",6,97.00758538634618,20766
"(0.915619658119658, 0.9868055555555556)",1,97.007363115884,20767
"(0.8535457949758153, 0.9868055555555556)",1,97.00734929286996,20768
"(0.8527777777777779, 0.9743589743589745)",1,97.00729500046494,20769
"(0.9230769230769232, 0.9841269841269842)",1,97.00726628578316,20770
"(0.9574505911522484, 0.9688819909986466)",1,97.00715304324264,20771
"(0.8193202146690518, 0.9775193798449612)",1,97.00714198845624,20772
"(0.9430755736638088, 0.9811403508771928)",1,97.00661529183884,20773
"(0.9647217861503576, 0.9678053830227744)",1,97.00653930510576,20774
"(0.8601973684210527, 0.9780571219715956)",1,97.0063609922514,20775
"(0.9047619047619048, 1.0)",1,97.0058966671237,20776
"(0.9349556489262372, 0.977304372041214)",1,97.0058022302826,20777
"(0.7707924493038034, 0.9743589743589745)",4,97.0056897957339,20781
"(0.936026936026936, 1.0)",1,97.00548239145913,20782
"(0.9206668561144264, 0.9847494553376906)",2,97.00543635144876,20784
"(0.9606447334368527, 0.9713960577118472)",2,97.00534309099122,20786
"(0.8837209302325582, 0.9775193798449612)",1,97.00501891158876,20787
"(0.8498168498168499, 1.0)",1,97.00492340162693,20788
"(0.9426596279537456, 0.9750257997936016)",1,97.00447723655172,20789
"(0.9047619047619048, 1.0)",1,97.0043903464956,20790
"(0.9224211423699916, 0.9841269841269842)",1,97.00435321995444,20791
"(0.9492266992266992, 0.9743589743589745)",1,97.00417286417282,20792
"(0.875, 1.0)",2,97.00383759750326,20794
"(0.9302579365079364, 0.9734722222222224)",1,97.00376067108289,20795
"(0.8170400723750731, 0.9885627144491042)",1,97.00375456546038,20796
"(0.9236094950800832, 0.9777089783281734)",1,97.00341870138352,20797
"(0.9269637391618816, 0.9737299465240642)",1,97.00336236053232,20798
"(0.9047619047619048, 1.0)",1,97.00323573511982,20799
"(0.91243961352657, 0.9866666666666666)",1,97.00290672691182,20800
"(0.8975847069597069, 0.9715797169307606)",6,97.00272296979423,20806
"(0.9666666666666668, 0.9841269841269842)",1,97.00255397477808,20807
"(0.9540538847117792, 0.9608918659970924)",1,97.0023364243941,20808
"(0.8967236467236468, 0.9866666666666666)",1,97.00227528950028,20809
"(0.9045405982905984, 0.9743589743589745)",1,97.00185299741348,20810
"(0.8138881768037778, 0.992156862745098)",1,97.00171237148484,20811
"(0.9363885088919288, 0.9774943735933984)",1,97.00143515513828,20812
"(0.8590036231884057, 0.9743589743589745)",1,97.00135126539638,20813
"(0.919687006945461, 0.9734722222222224)",1,97.00128093302943,20814
"(0.9259560057540158, 0.9749660326086956)",3,97.00127998241456,20817
"(0.9003322259136212, 0.965497521921464)",1,97.00121789744516,20818
"(0.9574505911522484, 0.9798196948682386)",3,97.00118672460368,20821
"(0.8837209302325582, 0.9774943735933984)",1,97.00117921596484,20822
"(0.844758764317945, 0.9774943735933984)",1,97.00103824056652,20823
"(0.7423427395649618, 0.9868055555555556)",1,97.00085258580673,20824
"(0.8837209302325582, 0.9885627144491042)",2,97.00077955881687,20826
"(0.8502976190476191, 1.0)",1,97.00071080162226,20827
"(0.8941062801932367, 0.9748677248677248)",1,97.00063297585238,20828
"(0.6993055555555556, 0.9722222222222222)",1,97.0004928014162,20829
"(0.961342940685046, 0.9678608196882048)",1,97.00048305357308,20830
"(0.8714344685242518, 0.996078431372549)",1,97.0004387377322,20831
"(0.93916595083917, 0.9696381743256742)",3,97.00031966489584,20834
"(0.8817204301075269, 0.9841269841269842)",1,97.00028889867622,20835
"(0.9214457417582416, 0.9714285714285714)",1,97.00025169295424,20836
"(0.9534840838509316, 0.9766826923076924)",1,97.00019005936656,20837
"(0.8604651162790697, 0.9885627144491042)",1,97.00008844957448,20838
"(0.8856424148606811, 0.9722222222222222)",1,96.99961149831346,20839
"(0.7144407750398374, 0.965497521921464)",1,96.99942085953934,20840
"(0.9333333333333332, 0.9841269841269842)",1,96.99939142982636,20841
"(0.8859337035751476, 0.9885627144491042)",1,96.99935606695642,20842
"(0.847123015873016, 0.9868055555555556)",1,96.99907340532252,20843
"(0.9273710664335664, 0.9798196948682386)",3,96.99893337735509,20846
"(0.950700596776178, 0.9727638167328804)",3,96.99884241746078,20849
"(0.9003322259136212, 0.9774943735933984)",1,96.99874186004712,20850
"(0.813859649122807, 0.9743589743589745)",1,96.9987005562792,20851
"(0.813859649122807, 0.9743589743589745)",1,96.99861556884534,20852
"(0.8604651162790697, 0.9885627144491042)",1,96.99827581094256,20853
"(0.9128991662733996, 0.9798196948682386)",1,96.99814072052077,20854
"(0.847123015873016, 0.9866666666666666)",1,96.99779216804949,20855
"(0.9214457417582416, 0.9749660326086956)",2,96.9976914163093,20857
"(0.773034398034398, 1.0)",1,96.99765665398812,20858
"(0.9492266992266992, 0.9866666666666666)",1,96.99744957654404,20859
"(0.8410353535353535, 0.9722222222222222)",1,96.99734585659913,20860
"(0.9365750528541228, 0.9774943735933984)",1,96.9973097746562,20861
"(0.9589484126984128, 1.0)",1,96.99725958615308,20862
"(0.8053221288515406, 1.0)",1,96.99711958781,20863
"(0.8990289449112978, 0.9709803921568628)",1,96.99705641807611,20864
"(0.9135802469135802, 1.0)",1,96.99694596558896,20865
"(0.9230769230769232, 0.9841269841269842)",2,96.99671108692873,20867
"(0.7149501661129568, 0.965497521921464)",1,96.99669350903928,20868
"(0.9543049270990448, 0.9886710239651416)",2,96.99652271675916,20870
"(0.9565217391304348, 0.9841269841269842)",1,96.99642386598929,20871
"(0.9787811022617652, 0.9713960577118472)",1,96.99625473972004,20872
"(0.9696969696969696, 0.9841269841269842)",1,96.9961478028874,20873
"(0.8604896273405435, 0.97804076880935)",1,96.99591441281686,20874
"(0.9174661731542308, 0.9766826923076924)",1,96.99582907570628,20875
"(0.9255470304063654, 0.9778966131907308)",1,96.99573828009044,20876
"(0.9696969696969696, 1.0)",1,96.99527597776012,20877
"(0.8836091234347048, 0.9667774086378738)",2,96.99518700027848,20879
"(0.9444444444444444, 1.0)",1,96.99512563086394,20880
"(0.8358413132694937, 0.9774943735933984)",1,96.9951160421092,20881
"(0.8731060606060606, 0.9743589743589745)",1,96.99506274106729,20882
"(0.9444444444444444, 0.9841269841269842)",1,96.99493984276616,20883
"(0.9211400121926436, 0.97595009914078)",1,96.99454127648308,20884
"(0.8227965244811571, 0.9774943735933984)",1,96.9945149591712,20885
"(0.8882535288785288, 1.0)",2,96.99421567646824,20887
"(0.91243961352657, 0.9866666666666666)",1,96.99379045291268,20888
"(0.8952380952380952, 0.9868055555555556)",1,96.99344677925995,20889
"(0.947088068181818, 1.0)",1,96.9928934235749,20890
"(0.9333333333333332, 1.0)",1,96.99256980835924,20891
"(0.7349551414768807, 0.9743589743589745)",2,96.992315325107,20893
"(0.9492266992266992, 0.9868055555555556)",1,96.99170440670432,20894
"(0.8604651162790697, 0.9885627144491042)",1,96.99142424410977,20895
"(0.908998988877654, 0.9775193798449612)",1,96.99138810533032,20896
"(0.8779083570750237, 0.9523809523809524)",1,96.99127331161522,20897
"(0.8708731355790179, 0.9748677248677248)",1,96.99127227866434,20898
"(0.8661024879071576, 0.976050385051867)",1,96.9908653140673,20899
"(0.8459679855028692, 0.965497521921464)",1,96.99069529021992,20900
"(0.8921607065475332, 0.965497521921464)",1,96.99065042211606,20901
"(0.7951423097974822, 0.9734722222222224)",1,96.99048185215888,20902
"(0.9018055555555556, 0.9868055555555556)",1,96.99024705060005,20903
"(0.8753306878306878, 0.9868055555555556)",1,96.99021483425815,20904
"(0.9574505911522484, 0.97595009914078)",1,96.99016134060672,20905
"(0.9674603174603176, 1.0)",2,96.99014158774104,20907
"(0.8778462998102468, 0.9866666666666666)",1,96.99012075411716,20908
"(0.908998988877654, 0.965497521921464)",2,96.990037174086,20910
"(0.9386724386724388, 1.0)",1,96.989676989677,20911
"(0.9541062801932368, 0.9866666666666666)",1,96.98947808945388,20912
"(0.9333333333333332, 1.0)",1,96.98943324163425,20913
"(0.847123015873016, 0.9868055555555556)",2,96.98919675778792,20915
"(0.8400808029318731, 0.9777035954192376)",1,96.98908342097047,20916
"(0.9715797169307606, 0.9750869028930254)",1,96.98879434568764,20917
"(0.9696969696969696, 1.0)",1,96.98873432768782,20918
"(0.9, 0.9841269841269842)",1,96.98869127871298,20919
"(0.9047558922558924, 0.9868055555555556)",1,96.98867065648304,20920
"(0.9047619047619048, 1.0)",1,96.98853310423108,20921
"(0.7690274841437632, 0.9774943735933984)",1,96.98847583040704,20922
"(0.7975164658278694, 1.0)",1,96.988425635641,20923
"(0.9131808593882896, 0.9733828034137632)",1,96.98837219779732,20924
"(0.9319444444444444, 0.9743589743589745)",1,96.98828260216398,20925
"(0.8650226969848408, 0.9734722222222224)",2,96.98812464080804,20927
"(0.9492266992266992, 0.9743589743589745)",1,96.98810552616102,20928
"(0.8753306878306878, 0.9868055555555556)",2,96.9880093871363,20930
"(0.9507101086048454, 0.9841269841269842)",1,96.98800427300948,20931
"(0.9003322259136212, 0.9774943735933984)",1,96.9879905573007,20932
"(0.865079365079365, 1.0)",1,96.98793180813176,20933
"(0.9343548387096776, 0.9866666666666666)",1,96.98792237540242,20934
"(0.8882535288785288, 0.9743589743589745)",1,96.98787779982024,20935
"(0.8028799903799904, 0.9743589743589745)",1,96.98776095738036,20936
"(0.813953488372093, 0.9774943735933984)",1,96.9876727450791,20937
"(0.8232424833126587, 0.9764161220043572)",1,96.9873071735564,20938
"(0.9222222222222224, 0.9680980228348648)",2,96.98709033581942,20940
"(0.8457446808510638, 0.9868055555555556)",1,96.98704588729088,20941
"(0.9728641456582634, 0.9855521155830752)",2,96.98684186874485,20943
"(0.9070844099913866, 0.9667774086378738)",1,96.9867775412404,20944
"(0.8927951388888888, 0.9743589743589745)",1,96.9866423503314,20945
"(0.9426783174151596, 0.9798196948682386)",3,96.98662716041656,20948
"(0.8970659722222223, 1.0)",1,96.98657654725892,20949
"(0.954318475928383, 0.984504357298475)",1,96.9863773781605,20950
"(0.8459679855028692, 0.9774943735933984)",1,96.98636076681512,20951
"(0.9386724386724388, 0.9841269841269842)",1,96.98626735583274,20952
"(0.8104166666666667, 0.9866666666666666)",1,96.9856746309103,20953
"(0.7610695631528964, 0.9743589743589745)",1,96.9852900325368,20954
"(0.9643596441509156, 0.9750869028930254)",1,96.9852576807922,20955
"(0.8318452380952381, 0.9743589743589745)",1,96.98475808209515,20956
"(0.8626893939393939, 0.9868055555555556)",1,96.98468971806297,20957
"(0.8977777777777779, 1.0)",1,96.98465593989532,20958
"(0.9365260121142476, 0.9894736842105264)",1,96.98462540741434,20959
"(0.8822954822954823, 1.0)",1,96.98453503624224,20960
"(0.8927951388888888, 0.9866666666666666)",1,96.98447475695647,20961
"(0.8817204301075269, 1.0)",1,96.98433814808412,20962
"(0.932852564102564, 1.0)",1,96.9841605936892,20963
"(0.9408668730650154, 0.9913490623109498)",1,96.98411706064267,20964
"(0.907228074804801, 0.9595265942634364)",2,96.98383552075995,20966
"(0.9192180611357128, 1.0)",1,96.98375056445514,20967
"(0.9492266992266992, 0.9743589743589745)",1,96.98348987826924,20968
"(0.8550387596899225, 0.9775193798449612)",1,96.98344330392376,20969
"(0.9343548387096776, 0.9866666666666666)",1,96.98336088396265,20970
"(0.8958946706887884, 0.992156862745098)",1,96.98323744323704,20971
"(0.9579551650296714, 0.9696381743256742)",3,96.98303490020436,20974
"(0.9503921568627453, 0.9769063180827886)",1,96.98300389881724,20975
"(0.8905936111818465, 0.9925925925925926)",1,96.98279696825608,20976
"(0.8990289449112978, 0.9688527691778466)",2,96.98263397605568,20978
"(0.7319111444111444, 0.9868055555555556)",1,96.982512112816,20979
"(0.8429041174227984, 0.9667774086378738)",1,96.9824073117472,20980
"(0.9535924585381664, 0.9727638167328804)",1,96.98208332043713,20981
"(0.9351600241545894, 0.9868055555555556)",1,96.98207964324662,20982
"(0.9047619047619048, 0.9841269841269842)",1,96.98204607046094,20983
"(0.8590556730091613, 0.9775193798449612)",1,96.98202446238189,20984
"(0.9235349105085948, 0.977304372041214)",1,96.98167008099892,20985
"(0.8881381381381382, 0.9868055555555556)",1,96.9814072875618,20986
"(0.8945130355728907, 0.9885627144491042)",1,96.98136822247116,20987
"(0.6156045751633987, 1.0)",2,96.98097564545512,20989
"(0.8527777777777779, 1.0)",1,96.98087752006518,20990
"(0.9565375499581746, 0.9798196948682386)",3,96.98049763847816,20993
"(0.8786705144198926, 0.9747973529009974)",1,96.98048018265018,20994
"(0.9003322259136212, 0.965497521921464)",2,96.98047792120764,20996
"(0.9490178437546858, 0.980582788671024)",1,96.9802179057468,20997
"(0.960607978267748, 0.9715797169307606)",1,96.98004623475856,20998
"(0.8300280681378243, 0.9748677248677248)",1,96.97990974693938,20999
"(0.9565217391304348, 1.0)",1,96.97986023638194,21000
"(0.9223063973063972, 0.9722222222222222)",1,96.97924489944512,21001
"(0.96116452991453, 0.9743589743589745)",1,96.9792299814219,21002
"(0.8666666666666667, 1.0)",1,96.97920081838156,21003
"(0.8960010735373055, 0.9748677248677248)",1,96.97914521662612,21004
"(0.8307098765432097, 0.9748677248677248)",1,96.97911954421824,21005
"(0.9647217861503576, 0.9749660326086956)",1,96.97910948392516,21006
"(0.9618138828565136, 0.9766826923076924)",3,96.97871904622792,21009
"(0.8837209302325582, 0.9775193798449612)",2,96.9786928896086,21011
"(0.9318498265866688, 0.992156862745098)",1,96.97863660272256,21012
"(0.8858975827700768, 0.9885627144491042)",1,96.97852833111872,21013
"(0.8571428571428572, 1.0)",1,96.97850944824906,21014
"(0.9647217861503576, 0.9714285714285714)",1,96.97845435046418,21015
"(0.9056772399713576, 0.992156862745098)",1,96.97839226080666,21016
"(0.95, 0.9798196948682386)",2,96.97839120344074,21018
"(0.9302579365079364, 0.9748677248677248)",1,96.97832422504872,21019
"(0.7162037037037038, 1.0)",1,96.9782912180741,21020
"(0.813859649122807, 0.9743589743589745)",1,96.97811693326932,21021
"(0.7423427395649618, 0.9868055555555556)",1,96.97807753521494,21022
"(0.9589484126984128, 1.0)",1,96.97801022023236,21023
"(0.8840890522875817, 0.9748677248677248)",1,96.97768218718228,21024
"(0.9618138828565136, 0.9608918659970924)",3,96.9776673135705,21027
"(0.875402576489533, 0.9868055555555556)",1,96.97760809688744,21028
"(0.8468468468468467, 1.0)",2,96.97754617615072,21030
"(0.9077881758764113, 0.9742231395482168)",1,96.97734919154396,21031
"(0.8983081723027375, 0.9868055555555556)",4,96.97732983262098,21035
"(0.8885119047619048, 0.9734722222222224)",1,96.97692867505432,21036
"(0.9351600241545894, 0.9868055555555556)",2,96.97691176349672,21038
"(0.95536349042541, 0.9886710239651416)",1,96.9767054458037,21039
"(0.934644785450412, 0.992156862745098)",1,96.97650671484688,21040
"(0.942961408510189, 0.9749660326086956)",3,96.97642386770568,21043
"(0.924021796916534, 0.9894736842105264)",1,96.97627371660406,21044
"(0.8778462998102468, 0.9866666666666666)",1,96.9760929763394,21045
"(0.8981673881673882, 0.977304372041214)",1,96.97584411929414,21046
"(0.9224211423699916, 1.0)",1,96.97583859300136,21047
"(0.847123015873016, 0.9866666666666666)",4,96.97551138923671,21051
"(0.922050500014663, 0.9885627144491042)",1,96.97531285414556,21052
"(0.9333333333333332, 1.0)",1,96.97454340948988,21053
"(0.9066840277777778, 0.9866666666666666)",1,96.97449444100889,21054
"(0.9003322259136212, 0.9774943735933984)",1,96.97433006719328,21055
"(0.833912037037037, 1.0)",1,96.9742510865181,21056
"(0.7423427395649618, 0.9868055555555556)",1,96.974154310146,21057
"(0.9003322259136212, 0.965497521921464)",1,96.97391024230662,21058
"(0.9333333333333332, 1.0)",1,96.97359307359308,21059
"(0.8943833943833944, 0.9841269841269842)",1,96.97332305799148,21060
"(0.9191742887131236, 0.9749660326086956)",3,96.97325145878996,21063
"(0.8571428571428572, 1.0)",1,96.97317537323262,21064
"(0.7400546757164405, 1.0)",3,96.97317364227855,21067
"(0.9743589743589745, 0.9868055555555556)",2,96.97297925733254,21069
"(0.8449454843385643, 1.0)",1,96.97292366860238,21070
"(0.8028799903799904, 0.9866666666666666)",1,96.97264275478034,21071
"(0.8264589732338745, 0.9885627144491042)",1,96.97237958909584,21072
"(0.8461343654434251, 0.9743380900595217)",1,96.97189649781772,21073
"(0.8439484126984128, 1.0)",2,96.9714764007345,21075
"(0.9444444444444444, 0.9841269841269842)",1,96.97105799743125,21076
"(0.8318452380952381, 0.9868055555555556)",1,96.97102095763958,21077
"(0.9019607843137254, 0.9868055555555556)",1,96.97096111168356,21078
"(0.8701066607489389, 0.9780571219715956)",1,96.97081232294184,21079
"(0.7365451388888888, 0.9748677248677248)",1,96.9703938808806,21080
"(0.8265590958605664, 0.9868055555555556)",1,96.97031508075771,21081
"(0.7973484848484849, 0.9743589743589745)",1,96.97000305765178,21082
"(0.946764828738513, 0.9798196948682386)",3,96.9699592137881,21085
"(0.5223765432098765, 0.9868055555555556)",1,96.96975815850794,21086
"(0.7672419572552083, 0.9779502287759694)",1,96.96974633979166,21087
"(0.9142520753512132, 0.986574074074074)",2,96.96973013720672,21089
"(0.8856424148606811, 0.9866666666666666)",2,96.96958319106052,21091
"(0.9338344444144556, 0.9678053830227744)",1,96.969074213846,21092
"(0.9841269841269842, 1.0)",2,96.9690297607051,21094
"(0.8459679855028692, 0.965497521921464)",1,96.9689310153471,21095
"(0.9886710239651416, 1.0)",1,96.96892141463104,21096
"(0.8604651162790697, 0.9775193798449612)",1,96.96890409499326,21097
"(0.9665714285714284, 0.9727638167328804)",1,96.96843982491283,21098
"(0.9433680972830336, 0.9715797169307606)",1,96.96838816875228,21099
"(0.7707924493038034, 0.9743589743589745)",1,96.96835989366062,21100
"(0.9469444444444444, 0.977304372041214)",1,96.96820290209988,21101
"(0.9224211423699916, 1.0)",1,96.9681790697002,21102
"(0.9426783174151596, 0.9721176108033788)",3,96.96789633732531,21105
"(0.8557419333086079, 0.9766826923076924)",3,96.96784949158136,21108
"(0.9251027896538732, 0.9881481481481482)",1,96.9678415316454,21109
"(0.9407729468599032, 1.0)",1,96.96774493916278,21110
"(0.9111531385231444, 0.9753397571606844)",1,96.96768212588016,21111
"(0.9469444444444444, 0.9724945533769064)",1,96.967608849843,21112
"(0.9222222222222224, 0.9886710239651416)",1,96.96738859990708,21113
"(0.95, 0.97595009914078)",3,96.96738445728468,21116
"(0.9649729659305584, 0.9885026737967916)",1,96.96723516345176,21117
"(0.9386724386724388, 1.0)",1,96.96705334381572,21118
"(0.8535457949758153, 0.9868055555555556)",1,96.96690270318956,21119
"(0.8762954142520705, 0.9820662768031188)",1,96.96675130670044,21120
"(0.908998988877654, 0.9774943735933984)",1,96.96629800245908,21121
"(0.8778462998102468, 0.9722222222222222)",1,96.96603022370974,21122
"(0.9018055555555556, 0.9868055555555556)",1,96.96584074529854,21123
"(0.9018073680369506, 0.992156862745098)",1,96.96512811057728,21124
"(0.844758764317945, 0.9774943735933984)",1,96.96502267929914,21125
"(0.8892724867724868, 0.9894736842105264)",1,96.96475575934944,21126
"(0.9565375499581746, 0.97595009914078)",1,96.9647136278169,21127
"(0.8468468468468467, 0.9696969696969696)",1,96.96466505901132,21128
"(0.9230769230769232, 0.9841269841269842)",1,96.96438093720728,21129
"(0.9492266992266992, 0.9868055555555556)",1,96.96348727787696,21130
"(0.9077881758764113, 0.9719389978213508)",1,96.9634790754998,21131
"(0.8966049382716049, 0.9868055555555556)",1,96.962892889239,21132
"(0.886154011154011, 0.9722222222222222)",1,96.96287217821616,21133
"(0.7871989121989122, 0.9866666666666666)",1,96.96259694596765,21134
"(0.9386724386724388, 1.0)",1,96.96211196287472,21135
"(0.9565375499581746, 0.9798196948682386)",1,96.96208282845022,21136
"(0.9057088744588744, 0.9866666666666666)",1,96.96204913074662,21137
"(0.7971704623878537, 0.9648148148148148)",2,96.96203430615512,21139
"(0.867145061728395, 0.9743589743589745)",1,96.9620078674652,21140
"(0.9327249496289745, 0.9764161220043572)",1,96.96161177931066,21141
"(0.9056772399713576, 0.9778966131907308)",1,96.96154968711686,21142
"(0.8604651162790697, 0.9775193798449612)",1,96.96149160493866,21143
"(0.7973484848484849, 0.9743589743589745)",1,96.96145989154968,21144
"(0.9094932844932844, 0.9743589743589745)",1,96.9613881721637,21145
"(0.9748677248677248, 0.9868055555555556)",1,96.96136265340068,21146
"(0.869754330943847, 0.9868055555555556)",3,96.9612297928146,21149
"(0.8459679855028692, 0.965497521921464)",1,96.9612271339966,21150
"(0.9579966888808584, 0.9643596441509156)",1,96.96117166215556,21151
"(0.9678608196882048, 0.9750869028930254)",3,96.96111014765351,21154
"(0.9220534262485482, 0.9749660326086956)",3,96.9611058700609,21157
"(0.9612261904761904, 0.9681338377164)",3,96.9610714832301,21160
"(0.9120460583589314, 0.9894736842105264)",1,96.9610091011386,21161
"(0.8790252340252339, 0.9866666666666666)",1,96.96090264460967,21162
"(0.919687006945461, 0.9743589743589745)",1,96.9606984826279,21163
"(0.8281746031746032, 1.0)",1,96.96061348785344,21164
"(0.9011266511266512, 0.9866666666666666)",1,96.9605185096494,21165
"(0.9351258309591644, 1.0)",1,96.9604729683896,21166
"(0.9391865079365078, 1.0)",1,96.9604318869124,21167
"(0.9302579365079364, 0.9748677248677248)",1,96.96017503720591,21168
"(0.9189473684210526, 0.9886710239651416)",1,96.96004713941204,21169
"(0.8520449077786689, 1.0)",1,96.9599956691124,21170
"(0.8221014871827105, 0.9774018326526116)",1,96.9599469476176,21171
"(0.8551296720061023, 1.0)",1,96.95982017695744,21172
"(0.8190309499878695, 0.9774943735933984)",1,96.95965329004422,21173
"(0.8265590958605664, 0.9868055555555556)",1,96.9593771912702,21174
"(0.934274781341108, 0.9713960577118472)",1,96.95934372034613,21175
"(0.8622222222222222, 1.0)",1,96.95896244106773,21176
"(0.8516967561920434, 0.976438141819834)",1,96.95870123576958,21177
"(0.840845345330562, 0.9783861816445634)",1,96.95869947152693,21178
"(0.7200000000000001, 1.0)",2,96.95865478204958,21180
"(0.8604651162790697, 0.9885627144491042)",2,96.95787677266244,21182
"(0.9057088744588744, 0.958531746031746)",1,96.95778416073948,21183
"(0.9715797169307606, 0.9749660326086956)",1,96.95749106021904,21184
"(0.8046935824713601, 1.0)",1,96.9572208863343,21185
"(0.7528065463003987, 0.9808201743021534)",1,96.9572188812189,21186
"(0.8814236111111111, 0.9866666666666666)",1,96.95705272642236,21187
"(0.9272424525365702, 0.984504357298475)",1,96.95696335660668,21188
"(0.9213117283950616, 1.0)",1,96.9569409026832,21189
"(0.7365451388888888, 0.9748677248677248)",1,96.9567856052818,21190
"(0.7988631272401433, 0.9868055555555556)",1,96.95661829452756,21191
"(0.8551296720061023, 1.0)",1,96.9564069012228,21192
"(0.8415692007797271, 1.0)",1,96.95639748871145,21193
"(0.9384803921568629, 0.9723622782446312)",2,96.95634041381254,21195
"(0.9333333333333332, 1.0)",1,96.95604428688752,21196
"(0.9535924585381664, 0.9727638167328804)",3,96.95591879676904,21199
"(0.9497685185185184, 1.0)",1,96.95570950195948,21200
"(0.8531211750305999, 0.965497521921464)",1,96.9554334444542,21201
"(0.9657079385975222, 0.9713960577118472)",1,96.95515895982204,21202
"(0.9444444444444444, 0.9696969696969696)",1,96.95506058453572,21203
"(0.914652757654786, 0.9925925925925926)",1,96.95498641842828,21204
"(0.8312992626493769, 1.0)",1,96.95457998887711,21205
"(0.9606447334368527, 0.9714285714285714)",1,96.9542712030191,21206
"(0.8535457949758153, 0.9748677248677248)",1,96.95425146807302,21207
"(0.9696969696969696, 1.0)",1,96.95397578255418,21208
"(0.9023809523809524, 1.0)",1,96.95397352576802,21209
"(0.854706728943571, 0.96937564499484)",1,96.95389547146073,21210
"(1.0, 1.0)",1,96.95382395382396,21211
"(0.9426783174151596, 0.9736054421768708)",1,96.95380758944066,21212
"(0.9444444444444444, 1.0)",1,96.953789937661,21213
"(0.9014364972259707, 0.9733828034137632)",1,96.95377644548934,21214
"(0.8919095971175892, 0.9667774086378738)",1,96.95367974833243,21215
"(0.7413014722797331, 0.9722222222222222)",1,96.95364529599274,21216
"(0.9272486772486772, 0.9866666666666666)",1,96.9534417656822,21217
"(0.8814236111111111, 0.9734722222222224)",1,96.95316839152032,21218
"(0.925553613053613, 0.9868055555555556)",1,96.95311304450776,21219
"(0.8837209302325582, 0.9885627144491042)",1,96.95278737615556,21220
"(0.8429041174227984, 0.9667774086378738)",1,96.95251950429038,21221
"(0.95536349042541, 0.9886710239651416)",1,96.95244563275666,21222
"(0.8967236467236468, 0.9866666666666666)",1,96.95225428391196,21223
"(0.7544006919006919, 1.0)",2,96.9522176563399,21225
"(0.9565217391304348, 1.0)",1,96.95220707113292,21226
"(0.7541326857238289, 0.9831776577287628)",1,96.9519964160832,21227
"(0.8831064306064307, 1.0)",4,96.95189694815022,21231
"(0.7503205034265276, 0.9819025110636952)",1,96.95164868812364,21232
"(0.9678608196882048, 0.9714285714285714)",1,96.95136893345476,21233
"(0.7650293586269196, 1.0)",1,96.95117798806498,21234
"(0.7610695631528964, 0.9743589743589745)",1,96.95115418532102,21235
"(0.8305168558651531, 0.9868055555555556)",2,96.95078619832093,21237
"(0.9618138828565136, 0.9647217861503576)",1,96.9501486097584,21238
"(0.9064872325741892, 0.9866666666666666)",1,96.95002099097228,21239
"(0.8440126050420167, 0.9722222222222222)",1,96.94986438364728,21240
"(0.8814236111111111, 0.9866666666666666)",1,96.94957002705748,21241
"(0.9886710239651416, 0.9841269841269842)",1,96.94931916787203,21242
"(0.9343548387096776, 0.9866666666666666)",1,96.94928794181968,21243
"(0.986574074074074, 0.9734722222222224)",1,96.94868874988228,21244
"(0.7362044405953198, 0.983853511167047)",1,96.94846742422988,21245
"(0.9574505911522484, 0.9798196948682386)",1,96.94828298315586,21246
"(0.9565217391304348, 0.9841269841269842)",1,96.94806793866096,21247
"(0.9774943735933984, 0.9667774086378738)",1,96.94784616579274,21248
"(0.947088068181818, 1.0)",1,96.94781571336004,21249
"(0.9230116959064328, 0.9760387488328666)",2,96.94763278440122,21251
"(0.9206349206349206, 1.0)",1,96.94753003551816,21252
"(0.9047619047619048, 0.9841269841269842)",1,96.94742176771176,21253
"(0.9886710239651416, 0.9916666666666668)",2,96.9473398869144,21255
"(0.9333333333333332, 1.0)",1,96.94727788677064,21256
"(0.9135802469135802, 1.0)",1,96.94717332050666,21257
"(0.9345899470899472, 0.9868055555555556)",1,96.9471197080912,21258
"(0.8889463321560508, 0.9919117647058824)",2,96.94666936571996,21260
"(0.89, 1.0)",2,96.94655492792523,21262
"(0.8731060606060606, 0.9866666666666666)",1,96.94592124146206,21263
"(0.8965281666711441, 0.9760137417823228)",1,96.9456038077472,21264
"(0.7449440741697866, 0.9837911144020732)",1,96.94538960305974,21265
"(0.853187414500684, 0.9885627144491042)",1,96.9453887422426,21266
"(0.9191112362010194, 0.9820662768031188)",1,96.94534470751984,21267
"(0.8457446808510638, 0.9868055555555556)",1,96.94534320649856,21268
"(0.8757566103854729, 0.9775193798449612)",1,96.94497473253476,21269
"(0.9135802469135802, 0.9841269841269842)",1,96.94492214408122,21270
"(0.813953488372093, 0.965497521921464)",1,96.94458822879594,21271
"(0.9003322259136212, 0.9775193798449612)",1,96.94452896955325,21272
"(0.8557419333086079, 0.97595009914078)",2,96.94437477157156,21274
"(0.9135802469135802, 1.0)",1,96.944262787615,21275
"(0.8557419333086079, 0.97595009914078)",3,96.94422294214392,21278
"(0.919047619047619, 1.0)",1,96.9441530827253,21279
"(1.0, 1.0)",1,96.94386935666031,21280
"(0.9358798064680418, 0.992156862745098)",1,96.94360978909256,21281
"(0.9065891472868216, 0.9775193798449612)",1,96.94360520062126,21282
"(0.9047619047619048, 1.0)",1,96.94359887970008,21283
"(0.7413014722797331, 0.9866666666666666)",1,96.9435429515136,21284
"(0.9191387446502536, 0.9750257997936016)",1,96.94346280685868,21285
"(0.9003619909502263, 0.9688819909986466)",3,96.94333335742232,21288
"(0.8721016904486937, 0.9763653562645712)",1,96.94332327357505,21289
"(0.8958946706887884, 0.992156862745098)",1,96.9432683950242,21290
"(0.9363885088919288, 0.9667774086378738)",1,96.94305209362771,21291
"(0.9432302504125708, 0.9749660326086956)",1,96.9426712267364,21292
"(0.8559880611864197, 1.0)",1,96.94259629833716,21293
"(0.9678608196882048, 0.9749660326086956)",1,96.9425644619128,21294
"(0.9841269841269842, 0.996078431372549)",1,96.94241562605724,21295
"(0.9211400121926436, 0.97595009914078)",1,96.94188777174556,21296
"(0.8569104506604507, 0.9868055555555556)",2,96.94180523856984,21298
"(0.875, 0.9841269841269842)",1,96.94162528182036,21299
"(0.8414627506478152, 0.97804076880935)",1,96.9415852316461,21300
"(0.909722222222222, 0.992156862745098)",1,96.94143643725585,21301
"(1.0, 1.0)",2,96.94131543060116,21303
"(0.8731060606060606, 0.9866666666666666)",1,96.94120584440876,21304
"(0.92925, 0.9750869028930254)",1,96.94096800940537,21305
"(0.9469444444444444, 0.9736383442265796)",2,96.94069185687616,21307
"(0.8221900156455976, 0.9763732073557148)",1,96.94062228636568,21308
"(0.6775462962962963, 0.9866666666666666)",2,96.94048151980368,21310
"(0.5173322840842022, 0.9885026737967916)",1,96.94036745906776,21311
"(0.865079365079365, 1.0)",1,96.94030357523351,21312
"(0.8520449077786689, 0.9885627144491042)",1,96.94030268574548,21313
"(0.808641975308642, 1.0)",1,96.94010720209626,21314
"(0.8688630490956073, 0.9868055555555556)",1,96.94007967927554,21315
"(0.8882535288785288, 0.9743589743589745)",1,96.9400585735625,21316
"(0.9841269841269842, 1.0)",1,96.94002229654411,21317
"(0.8190309499878695, 0.9774943735933984)",1,96.93923232301036,21318
"(0.9003322259136212, 0.9774943735933984)",1,96.93910047140596,21319
"(0.8471827131238087, 0.9773754716541576)",1,96.9390744461958,21320
"(0.919047619047619, 1.0)",1,96.93886672061728,21321
"(0.8626893939393939, 0.9868055555555556)",1,96.93880483164553,21322
"(0.9696969696969696, 1.0)",1,96.93872480566029,21323
"(0.8305244327276152, 0.9667774086378738)",1,96.9381515452082,21324
"(0.9449122174122172, 0.9925925925925926)",2,96.93809721869287,21326
"(0.9568181818181818, 0.9688200894392844)",2,96.9380960906426,21328
"(0.9345899470899472, 0.9868055555555556)",1,96.938094859916,21329
"(0.8757566103854729, 0.9775193798449612)",1,96.93791774590318,21330
"(0.7144407750398374, 0.965497521921464)",1,96.93791296366511,21331
"(0.8259011519881087, 0.9866666666666666)",1,96.93761723945012,21332
"(0.8265700981304325, 0.9667774086378738)",1,96.93757758956768,21333
"(0.8469839324618735, 1.0)",1,96.9373991320182,21334
"(0.9736383442265796, 0.7941176470588236)",1,96.93727936248004,21335
"(0.7998955722639932, 0.9913490623109498)",4,96.93700272665984,21339
"(1.0, 0.9841269841269842)",1,96.93677927011284,21340
"(0.9535924585381664, 0.9766826923076924)",1,96.93664527149694,21341
"(0.8786453242098404, 0.9743589743589745)",1,96.93654807606674,21342
"(0.8518518518518519, 1.0)",1,96.93654012144027,21343
"(0.8356902356902357, 0.9868055555555556)",1,96.9365072463004,21344
"(0.9094344316674038, 0.975060054907344)",1,96.93643906292736,21345
"(0.6403503049675462, 0.9892665474060824)",1,96.9364037724608,21346
"(0.9774943735933984, 0.9667774086378738)",1,96.9359383978258,21347
"(0.880575093557375, 0.9753397571606844)",1,96.93568217377393,21348
"(0.9665714285714284, 0.97595009914078)",3,96.93559913248131,21351
"(0.8731060606060606, 0.9743589743589745)",1,96.9355558911786,21352
"(0.870533633033633, 0.9689710387078808)",1,96.93540288539609,21353
"(0.9135802469135802, 1.0)",1,96.93535253130456,21354
"(0.9206349206349206, 0.9696969696969696)",1,96.93533911198804,21355
"(0.896551724137931, 1.0)",1,96.93516872331216,21356
"(0.8454115226337449, 0.9868055555555556)",1,96.9351016975931,21357
"(0.8757566103854729, 0.9774943735933984)",1,96.93504439778908,21358
"(0.9365260121142476, 0.9886710239651416)",1,96.93493806557872,21359
"(0.986574074074074, 0.9734722222222224)",1,96.934882316343,21360
"(0.9449965600275196, 0.9777089783281734)",1,96.93464424222744,21361
"(0.8375771604938271, 1.0)",1,96.93437988275564,21362
"(0.9045169946332738, 0.9667774086378738)",1,96.93433592486268,21363
"(0.9191742887131236, 0.9714285714285714)",1,96.93417092805775,21364
"(0.813953488372093, 0.9774943735933984)",1,96.93398695186056,21365
"(0.844758764317945, 0.9774943735933984)",1,96.93396567349976,21366
"(0.9272486772486772, 0.9743589743589745)",1,96.93391895390594,21367
"(0.832288597755908, 0.9550387596899224)",1,96.93356822538937,21368
"(0.9696969696969696, 1.0)",1,96.93351682629752,21369
"(0.8198932646301067, 0.9754464285714284)",1,96.93338187945592,21370
"(0.9351600241545894, 0.9748677248677248)",1,96.93326646975576,21371
"(0.9189473684210526, 0.992156862745098)",1,96.93319427103798,21372
"(0.9320397146712937, 0.9886710239651416)",1,96.93256291403084,21373
"(0.9678608196882048, 0.9715797169307606)",3,96.93209619080002,21376
"(0.8563074352548036, 0.9868055555555556)",1,96.93205379142825,21377
"(0.9224211423699916, 1.0)",1,96.9320472409405,21378
"(0.7707924493038034, 0.9743589743589745)",1,96.93194887274866,21379
"(0.9014364972259707, 0.9788235294117648)",2,96.93183591505674,21381
"(0.875, 1.0)",2,96.93172214695524,21383
"(0.9229016661449092, 0.9750078753638076)",1,96.93161266235046,21384
"(0.9696969696969696, 1.0)",1,96.93155107482356,21385
"(0.8454115226337449, 0.9868055555555556)",1,96.93154937375,21386
"(0.961342940685046, 0.9686319966583126)",1,96.93153574176104,21387
"(0.961342940685046, 0.9714285714285714)",2,96.93143358525286,21389
"(0.8547544409613373, 1.0)",1,96.93138317091372,21390
"(0.9696969696969696, 0.9841269841269842)",2,96.93138123063105,21392
"(0.8786453242098404, 0.9866666666666666)",1,96.93135588907133,21393
"(0.9407729468599032, 0.9743589743589745)",1,96.9309326934566,21394
"(1.0, 1.0)",1,96.9308644155431,21395
"(0.90437564499484, 0.9773420479302832)",1,96.93075759620496,21396
"(0.8421003016591252, 0.9868055555555556)",1,96.93066676969087,21397
"(0.9224211423699916, 0.9841269841269842)",2,96.9305744857637,21399
"(0.8864468864468864, 1.0)",1,96.93055714391669,21400
"(0.8840890522875817, 0.9748677248677248)",1,96.93036724371876,21401
"(0.8602750753767079, 0.9770408816052624)",1,96.93030811908991,21402
"(0.9384803921568629, 0.9820662768031188)",1,96.93030421649564,21403
"(1.0, 1.0)",1,96.93011606085072,21404
"(0.9211400121926436, 0.97595009914078)",1,96.930085872088,21405
"(0.8837209302325582, 0.9774943735933984)",1,96.92983995749002,21406
"(0.9667774086378738, 0.9774943735933984)",1,96.92977464082422,21407
"(0.8890050835148874, 0.978144708175668)",1,96.92951343126956,21408
"(0.9535924585381664, 0.97595009914078)",1,96.92949115515272,21409
"(0.8817204301075269, 1.0)",1,96.9294377134184,21410
"(0.942961408510189, 0.9714285714285714)",1,96.9292024396213,21411
"(0.8448688271604938, 0.9868055555555556)",1,96.92897408554848,21412
"(0.9376385678569744, 0.965497521921464)",1,96.9289470567572,21413
"(0.8531211750305999, 0.965497521921464)",1,96.92869337374292,21414
"(0.7081939799331105, 1.0)",1,96.92864317264508,21415
"(0.8590556730091613, 0.9775193798449612)",1,96.92858124280995,21416
"(0.9320397146712937, 0.992156862745098)",1,96.92857424026886,21417
"(0.8446379408861877, 0.9868055555555556)",1,96.92853049894543,21418
"(0.9550387596899224, 0.9885627144491042)",1,96.92840545876292,21419
"(0.93916595083917, 0.97595009914078)",1,96.9283272766996,21420
"(0.7971704623878537, 0.9842265795206973)",1,96.92810367770946,21421
"(0.909722222222222, 0.996078431372549)",1,96.92787255494162,21422
"(0.8817204301075269, 1.0)",1,96.92760949739716,21423
"(0.8145885547201337, 0.9868055555555556)",1,96.92748450550494,21424
"(0.8893558268973552, 0.9885627144491042)",1,96.92744192161896,21425
"(0.914421596921597, 0.9847222222222224)",1,96.92727731818576,21426
"(0.8893558268973552, 1.0)",1,96.9271122112802,21427
"(0.847123015873016, 0.9868055555555556)",1,96.92710491712684,21428
"(0.6856760145918833, 1.0)",1,96.92705859944964,21429
"(0.394811320754717, 0.9885026737967916)",1,96.9270120007482,21430
"(0.9351600241545894, 0.9868055555555556)",1,96.92696774320328,21431
"(0.91243961352657, 0.9866666666666666)",1,96.92679392164784,21432
"(0.9462626262626264, 0.9879901960784314)",1,96.92669826900602,21433
"(0.9104761904761904, 0.9748677248677248)",1,96.92650327733152,21434
"(0.907228074804801, 0.9768686421937196)",1,96.92594960284676,21435
"(1.0, 1.0)",1,96.92592881381633,21436
"(0.9239488017429196, 0.9847117794486216)",1,96.924925681612,21437
"(0.927910199556541, 0.9750869028930254)",3,96.92483909014838,21440
"(0.8750600325600326, 1.0)",2,96.9247995477744,21442
"(0.9191742887131236, 0.9714285714285714)",1,96.92476606363208,21443
"(0.8837209302325582, 0.9774943735933984)",1,96.9247275715987,21444
"(0.8318452380952381, 0.9743589743589745)",1,96.9246580832929,21445
"(0.9565375499581746, 0.97595009914078)",2,96.92452919014244,21447
"(0.9191387446502536, 0.9886710239651416)",1,96.92448122499972,21448
"(0.813953488372093, 0.9774943735933984)",1,96.92413238800762,21449
"(0.9449965600275196, 0.9769063180827886)",1,96.92411038866366,21450
"(0.9364583333333332, 1.0)",1,96.92343593520164,21451
"(0.8323660714285714, 0.9868055555555556)",2,96.92340948937344,21453
"(0.9144192834138488, 0.9868055555555556)",1,96.92321866961164,21454
"(0.9306746031746032, 1.0)",1,96.9231967754294,21455
"(0.9057088744588744, 0.9866666666666666)",2,96.92309353632795,21457
"(0.8190309499878695, 0.965497521921464)",1,96.92276007049904,21458
"(0.9320397146712937, 0.9882352941176472)",1,96.9225508308838,21459
"(0.807645640445745, 0.9777027027027028)",1,96.92224850593536,21460
"(0.912041847041847, 0.9812636165577342)",2,96.92173546050324,21462
"(0.9202508960573476, 0.9868055555555556)",1,96.92165552353192,21463
"(0.919687006945461, 0.9592261904761904)",1,96.92163403618846,21464
"(0.9176532769556026, 0.965497521921464)",1,96.92161857481972,21465
"(0.8813339438339438, 0.9868055555555556)",1,96.9212733723602,21466
"(0.90934937783235, 0.9811403508771928)",1,96.92034689127208,21467
"(0.9841269841269842, 1.0)",1,96.92033115407727,21468
"(0.9049919484702094, 0.9841269841269842)",1,96.9202167208592,21469
"(0.9346192998272106, 0.9851851851851852)",1,96.9199769565848,21470
"(0.899997244510117, 0.9913490623109498)",4,96.91951846279362,21474
"(0.9259560057540158, 0.9750869028930254)",3,96.91943002748312,21477
"(0.9618138828565136, 0.97595009914078)",1,96.9191222977405,21478
"(0.9565217391304348, 1.0)",1,96.9190582729654,21479
"(0.8888888888888888, 1.0)",1,96.9188834469512,21480
"(0.9618138828565136, 0.9715797169307606)",1,96.91866511727169,21481
"(0.7610695631528964, 0.9743589743589745)",1,96.9184832742943,21482
"(0.8755813953488372, 0.9774943735933984)",1,96.91840331486893,21483
"(0.8888888888888888, 1.0)",2,96.91807319650236,21485
"(0.8271652864044169, 1.0)",2,96.91783063336764,21487
"(0.7460317460317459, 1.0)",1,96.9176225167274,21488
"(0.8916919191919193, 0.9734722222222224)",1,96.91751065468875,21489
"(0.919687006945461, 0.9734722222222224)",2,96.91743048248992,21491
"(0.8559380045064403, 0.9773668572850434)",1,96.91740838360016,21492
"(0.7963887583542189, 0.9868055555555556)",1,96.91680577615594,21493
"(0.8163854689162486, 0.9885627144491042)",1,96.91648909193128,21494
"(0.8535457949758153, 0.9868055555555556)",2,96.91643974022662,21496
"(0.8889463321560508, 0.996078431372549)",1,96.91619751088837,21497
"(0.9469444444444444, 0.9847117794486216)",2,96.9161647158839,21499
"(0.8440126050420167, 0.9866666666666666)",1,96.91614336313442,21500
"(0.9253783187916316, 0.9882352941176472)",1,96.91594180261662,21501
"(0.8888888888888888, 1.0)",1,96.9159022756724,21502
"(0.9003322259136212, 0.9774943735933984)",1,96.91575281509957,21503
"(0.9428823795600112, 0.9913490623109498)",4,96.91572231624676,21507
"(0.8899110149110149, 0.9743589743589745)",1,96.91563786441142,21508
"(0.978144708175668, 0.9792592592592592)",2,96.9153487942326,21510
"(0.9077881758764113, 0.992156862745098)",1,96.91521386914012,21511
"(0.8468468468468467, 0.9696969696969696)",1,96.9150880082769,21512
"(0.8429041174227984, 0.9774943735933984)",1,96.91480672100052,21513
"(0.8965217391304348, 0.9734722222222224)",2,96.91467387805152,21515
"(0.9003322259136212, 0.965497521921464)",1,96.91449569112451,21516
"(0.8232424833126587, 0.977304372041214)",1,96.91429998956696,21517
"(0.7410714285714286, 1.0)",1,96.91428164348577,21518
"(0.9618138828565136, 0.9798196948682386)",3,96.9137321743184,21521
"(0.9343548387096776, 0.9866666666666666)",2,96.91358140041868,21523
"(0.875, 0.9841269841269842)",1,96.91356490473142,21524
"(0.8586378737541528, 1.0)",1,96.91321333246016,21525
"(0.8264567669172932, 0.9729166666666668)",1,96.91297348583564,21526
"(0.8220950928044749, 0.9866666666666666)",1,96.91296237815374,21527
"(0.9565217391304348, 0.9841269841269842)",1,96.91291941931352,21528
"(0.8368686868686868, 1.0)",1,96.91286285973274,21529
"(0.9469444444444444, 0.977304372041214)",1,96.91264372734652,21530
"(0.8347694683658232, 0.9780571219715956)",1,96.91256651414449,21531
"(0.8967236467236468, 0.9866666666666666)",1,96.91219857550048,21532
"(0.5951421188630491, 0.9885627144491042)",1,96.91211731624016,21533
"(0.8960010735373055, 0.9748677248677248)",1,96.912009080364,21534
"(0.7149501661129568, 0.9775193798449612)",1,96.91179318793164,21535
"(0.8831018518518517, 1.0)",1,96.91167426206204,21536
"(0.8786705144198926, 0.9756756756756756)",1,96.9116456826651,21537
"(0.9220534262485482, 0.9678053830227744)",1,96.91154150940405,21538
"(0.9310789204679486, 0.9798196948682386)",1,96.9114985325862,21539
"(0.8186504754267384, 0.9667774086378738)",1,96.91126446476946,21540
"(0.9643596441509156, 0.9715797169307606)",1,96.9111887378666,21541
"(0.8439484126984128, 1.0)",1,96.9110443348605,21542
"(0.8882535288785288, 0.9743589743589745)",1,96.91099191909844,21543
"(0.8966049382716049, 0.9868055555555556)",1,96.91088112722464,21544
"(0.9226705733973176, 0.9798196948682386)",2,96.91086562530585,21546
"(0.8927248677248676, 0.9866666666666666)",1,96.91070440937216,21547
"(0.8892740936103763, 0.9763651837188272)",1,96.9106067964879,21548
"(0.9192180611357128, 1.0)",1,96.91054084275362,21549
"(0.9696969696969696, 0.9841269841269842)",1,96.9105362289508,21550
"(0.9787811022617652, 0.9608918659970924)",5,96.91053449556102,21555
"(0.9189882697947216, 0.9748677248677248)",1,96.910438164523,21556
"(0.9620227038183696, 0.9707373007682604)",1,96.91042924756329,21557
"(0.9296302734822564, 0.9721176108033788)",3,96.91008742057016,21560
"(0.955544662122821, 0.9713960577118472)",3,96.91008138013564,21563
"(0.919735122119023, 0.9886710239651416)",1,96.90949644110468,21564
"(0.9041622150997152, 0.9868055555555556)",4,96.90937065881155,21568
"(0.8927951388888888, 0.9866666666666666)",1,96.90930081462068,21569
"(0.9615343915343916, 0.9868055555555556)",1,96.90924339464118,21570
"(0.9230769230769232, 0.9841269841269842)",1,96.90917619417642,21571
"(0.7998955722639932, 0.9913490623109498)",1,96.90911579689056,21572
"(0.9743589743589745, 0.9866666666666666)",2,96.908661157954,21574
"(0.7149501661129568, 0.9891472868217054)",1,96.90861991531156,21575
"(0.9665714285714284, 0.9577081026208932)",1,96.90850889858876,21576
"(0.8109668109668109, 1.0)",1,96.90844409306428,21577
"(0.917859918146296, 0.977304372041214)",1,96.90838606194716,21578
"(0.8897707231040564, 1.0)",1,96.90816263826876,21579
"(0.9841269841269842, 1.0)",1,96.90764790764791,21580
"(0.9019323671497586, 0.9743589743589745)",1,96.90761610291898,21581
"(0.9057088744588744, 0.9866666666666666)",1,96.90754603437708,21582
"(0.8305168558651531, 0.9868055555555556)",1,96.90680769620936,21583
"(0.9351600241545894, 0.9748677248677248)",1,96.90667881575548,21584
"(0.9003322259136212, 0.9774943735933984)",1,96.90642947784636,21585
"(0.8966049382716049, 0.9722222222222222)",1,96.90639657748736,21586
"(0.9467538126361656, 0.992156862745098)",1,96.90592093897594,21587
"(0.919687006945461, 0.9743589743589745)",1,96.9058421532396,21588
"(1.0, 1.0)",1,96.90577599423172,21589
"(0.9386724386724388, 0.9841269841269842)",1,96.90567842651195,21590
"(0.908998988877654, 0.9774943735933984)",1,96.90564860194964,21591
"(0.7319111444111444, 0.9868055555555556)",1,96.90529526312449,21592
"(0.7149501661129568, 0.9775193798449612)",1,96.905256068622,21593
"(0.8888888888888888, 1.0)",1,96.90519582022384,21594
"(0.8945130355728907, 0.9775193798449612)",1,96.905171832312,21595
"(0.8300280681378243, 0.9748677248677248)",1,96.90509983253062,21596
"(0.8882535288785288, 0.9743589743589745)",1,96.90479125037912,21597
"(0.8440126050420167, 0.9866666666666666)",1,96.90473550593546,21598
"(0.9230769230769232, 1.0)",1,96.9047131612349,21599
"(0.8078308130291714, 1.0)",1,96.90451710147794,21600
"(0.9506818181818182, 0.9868055555555556)",1,96.90448580807256,21601
"(0.9479380641145349, 0.9877450980392156)",1,96.90425744040115,21602
"(0.8307098765432097, 0.9748677248677248)",1,96.904096416171,21603
"(0.9104993386243384, 1.0)",1,96.9040451243412,21604
"(0.8952380952380952, 0.986574074074074)",1,96.90402184656462,21605
"(0.9047619047619048, 1.0)",1,96.9033215144158,21606
"(0.8604896273405435, 0.9777455940195966)",1,96.90324306018218,21607
"(0.8708731355790179, 0.9748677248677248)",2,96.90321335577468,21609
"(0.8857001484413657, 1.0)",1,96.9029812512014,21610
"(0.8414627506478152, 0.9787268575553112)",1,96.90280062815631,21611
"(0.8607881136950903, 0.9885627144491042)",1,96.90271804131568,21612
"(0.9503921568627453, 0.9584105437046614)",2,96.90267844142664,21614
"(0.8890722680670169, 0.9774943735933984)",1,96.9026036867359,21615
"(0.9224211423699916, 1.0)",1,96.902450200946,21616
"(0.8765565134099617, 0.9722222222222222)",1,96.90243560793644,21617
"(0.9070844099913866, 0.965497521921464)",1,96.9022767826793,21618
"(0.9696969696969696, 0.9841269841269842)",1,96.90212058472945,21619
"(0.813859649122807, 0.9743589743589745)",1,96.90125202861664,21620
"(0.864021164021164, 0.992156862745098)",1,96.9008081507767,21621
"(0.6782946827273069, 0.9868055555555556)",1,96.90075540307956,21622
"(0.8306931805415123, 0.9885627144491042)",1,96.90073622513036,21623
"(0.8571428571428572, 1.0)",1,96.90065927949892,21624
"(0.813953488372093, 0.9775193798449612)",1,96.90056056245488,21625
"(0.8990289449112978, 0.9894736842105264)",1,96.9005558193951,21626
"(0.9306746031746032, 1.0)",1,96.90041867084246,21627
"(0.896551724137931, 1.0)",1,96.90037151433546,21628
"(0.9019323671497586, 0.9743589743589745)",1,96.90035904382007,21629
"(0.9259560057540158, 0.9785714285714284)",1,96.900354823427,21630
"(0.847123015873016, 0.9866666666666666)",2,96.9002421894428,21632
"(0.8666120560715156, 0.9770487014223772)",1,96.8997983744594,21633
"(0.9618138828565136, 0.9749660326086956)",1,96.8996246006944,21634
"(0.984504357298475, 0.9738562091503268)",1,96.89933680385518,21635
"(0.908998988877654, 0.9774943735933984)",1,96.89932039948988,21636
"(0.8163854689162486, 0.9885627144491042)",1,96.89916566557788,21637
"(0.9391865079365078, 1.0)",1,96.89905136499505,21638
"(0.9023809523809524, 1.0)",1,96.89884859112502,21639
"(0.7707924493038034, 0.9743589743589745)",1,96.89874738233765,21640
"(1.0, 1.0)",1,96.89872382104684,21641
"(0.9047558922558924, 0.9868055555555556)",1,96.89869240827758,21642
"(0.8356902356902357, 0.9868055555555556)",1,96.898528254572,21643
"(0.888858024691358, 0.9748677248677248)",1,96.8983736227533,21644
"(0.9002103365384615, 0.9754464285714284)",1,96.89837151766991,21645
"(0.9816305469556244, 0.9803376906318084)",2,96.8983698009281,21647
"(0.7967201500483234, 0.9780571219715956)",3,96.89836291871028,21650
"(0.859735522115823, 0.9775193798449612)",2,96.8982907095385,21652
"(0.9787811022617652, 0.9714285714285714)",1,96.89822314945329,21653
"(0.842841064926467, 0.9825319426526432)",1,96.8977168292088,21654
"(0.859735522115823, 0.9885627144491042)",1,96.89769585036096,21655
"(0.7974523471716736, 0.9774943735933984)",1,96.8976184036512,21656
"(0.9168478260869564, 1.0)",1,96.8973551059863,21657
"(0.847123015873016, 0.9743589743589745)",2,96.89694558680604,21659
"(0.9426783174151596, 0.9688819909986466)",1,96.89676997974036,21660
"(0.9332863195363196, 0.9743251670715536)",1,96.89663096987974,21661
"(0.9236094950800832, 0.978144708175668)",1,96.89654804674444,21662
"(0.8837209302325582, 0.9667774086378738)",1,96.89646091483829,21663
"(0.9066840277777778, 0.9866666666666666)",1,96.89599970764972,21664
"(1.0, 1.0)",1,96.89590920298188,21665
"(0.9565217391304348, 0.9841269841269842)",2,96.89590506112268,21667
"(0.8074333074333074, 0.9868055555555556)",1,96.89576351670392,21668
"(0.8708731355790179, 0.9868055555555556)",1,96.8956667373925,21669
"(0.8908978391208922, 0.9766893961738524)",1,96.89549741798632,21670
"(0.8449845679012346, 0.9722222222222222)",1,96.89533469935834,21671
"(0.9244767367135788, 0.9847494553376906)",1,96.89478145478272,21672
"(0.9555491383616382, 0.9798196948682386)",1,96.89450718686032,21673
"(0.8900759734093067, 1.0)",1,96.89432169656126,21674
"(0.8905936111818465, 0.9925925925925926)",1,96.89427452884924,21675
"(0.8753306878306878, 0.9868055555555556)",1,96.89425134340804,21676
"(0.7871989121989122, 0.9866666666666666)",1,96.89376993509164,21677
"(0.909722222222222, 0.992156862745098)",1,96.8936388965675,21678
"(0.93916595083917, 0.97595009914078)",2,96.89359716296012,21680
"(0.9589484126984128, 1.0)",1,96.89324939849658,21681
"(0.8786453242098404, 0.9722222222222222)",1,96.89321392792088,21682
"(0.5951421188630491, 1.0)",1,96.89298008731156,21683
"(0.9272486772486772, 0.9866666666666666)",1,96.89295176938865,21684
"(0.9426596279537456, 0.9855521155830752)",1,96.89275432840626,21685
"(0.9194577352472088, 1.0)",1,96.8926939056356,21686
"(0.8259011519881087, 0.9868055555555556)",1,96.89263139349188,21687
"(0.9428823795600112, 0.9913490623109498)",3,96.89258517658229,21690
"(0.9242708892467346, 0.9748677248677248)",1,96.89255768675464,21691
"(0.9351600241545894, 0.9868055555555556)",1,96.89236403478104,21692
"(0.919687006945461, 0.9734722222222224)",1,96.89183139557596,21693
"(0.8791954022988505, 0.9734722222222224)",1,96.8914251303947,21694
"(0.8129629629629629, 1.0)",1,96.89136913985402,21695
"(0.9230769230769232, 0.9841269841269842)",1,96.89114267375156,21696
"(0.8281746031746032, 1.0)",1,96.8910999205268,21697
"(0.847123015873016, 0.9743589743589745)",1,96.89086241561948,21698
"(0.9841269841269842, 1.0)",1,96.89083805944271,21699
"(0.847123015873016, 0.9866666666666666)",1,96.8907771080954,21700
"(0.8738126483317046, 0.9807407407407408)",1,96.89068471321065,21701
"(0.9214457417582416, 0.9713960577118472)",3,96.89051250962676,21704
"(0.8920061728395061, 0.9748677248677248)",1,96.89034664061369,21705
"(0.8731060606060606, 0.9743589743589745)",1,96.89027933123536,21706
"(0.977218782249742, 0.9886710239651416)",1,96.8901897633218,21707
"(0.8887191358024692, 0.9743589743589745)",1,96.8901761725666,21708
"(0.8990289449112978, 0.9855521155830752)",1,96.88977209573294,21709
"(0.8220950928044749, 0.9743589743589745)",1,96.88940732731874,21710
"(0.878968253968254, 0.9734722222222224)",1,96.88931986766318,21711
"(0.9070844099913866, 0.9774943735933984)",1,96.88929802628968,21712
"(0.9135802469135802, 1.0)",1,96.88911134460544,21713
"(0.7069268971504666, 0.9824628101964424)",1,96.8890696580042,21714
"(0.8521317829457364, 0.9885627144491042)",1,96.88905776609217,21715
"(0.8680075424261471, 0.9667774086378738)",2,96.88902547009992,21717
"(0.9230769230769232, 1.0)",1,96.88892464396685,21718
"(0.8604651162790697, 0.9775193798449612)",1,96.88891618599244,21719
"(0.8309016086793863, 0.9868055555555556)",2,96.8888940696382,21721
"(0.9064872325741892, 0.9868055555555556)",1,96.88884395990556,21722
"(0.914652757654786, 0.978144708175668)",2,96.8887430640465,21724
"(0.9035155195681512, 0.9855521155830752)",2,96.8885437787336,21726
"(0.8440126050420167, 0.9866666666666666)",1,96.8885104854878,21727
"(0.955544662122821, 0.9749660326086956)",1,96.8884423476469,21728
"(0.8814236111111111, 0.9866666666666666)",1,96.88771333733436,21729
"(0.7753527336860669, 0.9866666666666666)",1,96.8876301219356,21730
"(0.9565217391304348, 0.9841269841269842)",1,96.88722630026987,21731
"(0.6275876749507744, 1.0)",1,96.88721450292029,21732
"(0.9657079385975222, 0.9713960577118472)",1,96.88714846519908,21733
"(0.9003322259136212, 0.9775193798449612)",1,96.88707650101352,21734
"(0.8889463321560508, 0.964214130096483)",1,96.88667081763484,21735
"(0.9847494553376906, 0.992156862745098)",1,96.88629836232224,21736
"(0.9179206566347468, 0.965497521921464)",1,96.88623432937602,21737
"(0.9628070175438596, 0.996078431372549)",1,96.88619979302288,21738
"(0.9647217861503576, 0.9750869028930254)",1,96.88616822968956,21739
"(0.8017343254895848, 0.9748677248677248)",1,96.88613370839236,21740
"(0.8939664986176614, 0.9892665474060824)",1,96.88607525176587,21741
"(0.950700596776178, 0.9696381743256742)",1,96.88598142358288,21742
"(0.8817204301075269, 1.0)",1,96.88571540326728,21743
"(0.919687006945461, 0.9743589743589745)",1,96.88560432264369,21744
"(0.8190309499878695, 0.965497521921464)",1,96.88549759938024,21745
"(0.9176532769556026, 0.9774943735933984)",1,96.88546597481458,21746
"(0.8831018518518517, 1.0)",1,96.88505096193688,21747
"(0.8563074352548036, 0.9722222222222222)",1,96.88497759562252,21748
"(0.915619658119658, 0.9868055555555556)",1,96.88496883416391,21749
"(0.9407679738562092, 0.9868055555555556)",1,96.88484962928314,21750
"(0.8771929824561403, 1.0)",1,96.8846731966145,21751
"(0.8893558268973552, 1.0)",1,96.88455606063074,21752
"(0.8837209302325582, 0.9775193798449612)",1,96.88448115508046,21753
"(0.903030492898914, 0.9798196948682386)",3,96.88441961772608,21756
"(0.9224211423699916, 1.0)",1,96.88410097628226,21757
"(0.9366629231646204, 0.97595009914078)",2,96.88386757391936,21759
"(0.9565375499581746, 0.9798196948682386)",1,96.88386091612372,21760
"(0.8125, 1.0)",1,96.88379217451352,21761
"(0.9003322259136212, 0.9774943735933984)",1,96.88327691677723,21762
"(0.8837209302325582, 0.9775193798449612)",1,96.88320632888215,21763
"(0.874025901365936, 0.9885627144491042)",1,96.88288299447412,21764
"(0.8429041174227984, 0.9667774086378738)",1,96.88282333118266,21765
"(0.8055555555555555, 1.0)",1,96.88264849991496,21766
"(0.8255813953488372, 0.9774943735933984)",1,96.8825637048418,21767
"(0.9463327370304114, 0.9774943735933984)",1,96.88228325433036,21768
"(0.9370015948963316, 0.9841269841269842)",1,96.88176614892872,21769
"(0.8627450980392157, 1.0)",1,96.88143220485532,21770
"(0.8443223443223443, 0.9866666666666666)",1,96.88137947124606,21771
"(0.9688819909986466, 0.9678053830227744)",1,96.8811556425606,21772
"(0.9094344316674038, 0.9678608196882048)",3,96.88109672925503,21775
"(0.8817204301075269, 1.0)",1,96.88020027895972,21776
"(0.8680075424261471, 0.9774943735933984)",1,96.87929270808152,21777
"(0.947400527462447, 0.9882352941176472)",1,96.87906904996665,21778
"(0.8440126050420167, 0.9866666666666666)",1,96.87894180634623,21779
"(0.4432805247702946, 0.9868055555555556)",1,96.87894058541728,21780
"(0.980582788671024, 0.9882352941176472)",2,96.87869432453212,21782
"(0.7617031353604244, 0.9743589743589745)",1,96.87847470840455,21783
"(0.9191387446502536, 0.9746588693957114)",1,96.87838912337516,21784
"(0.9327096052096052, 1.0)",1,96.87833720811652,21785
"(0.7610695631528964, 0.9743589743589745)",1,96.87833240968716,21786
"(0.9399138116785176, 0.992156862745098)",1,96.8782390227658,21787
"(0.859735522115823, 0.9885627144491042)",1,96.87815280704132,21788
"(0.9047619047619048, 1.0)",1,96.87799298728407,21789
"(0.8217948717948718, 0.9868055555555556)",1,96.87767204481275,21790
"(0.9142520753512132, 1.0)",1,96.8776346498261,21791
"(0.9014364972259707, 0.9847117794486216)",2,96.87757454652056,21793
"(0.8571428571428572, 1.0)",1,96.87755003005154,21794
"(0.9447018709564609, 0.953556570960922)",1,96.87745454124428,21795
"(0.9003322259136212, 0.9774943735933984)",1,96.8771597669558,21796
"(0.8856424148606811, 0.9866666666666666)",1,96.87713635320684,21797
"(0.8616019521984972, 0.9770304696067408)",1,96.87698942733157,21798
"(0.875, 1.0)",1,96.87697139879631,21799
"(0.9035714285714284, 0.9866666666666666)",1,96.87693660084965,21800
"(0.9003322259136212, 0.9775193798449612)",1,96.87691809765596,21801
"(0.9211400121926436, 0.9727638167328804)",3,96.8765686821576,21804
"(0.8762664758354415, 0.9714285714285714)",1,96.87636782921832,21805
"(0.9320397146712937, 0.992156862745098)",1,96.87601441406444,21806
"(0.8882535288785288, 0.9866666666666666)",1,96.87574789273616,21807
"(0.844758764317945, 0.9774943735933984)",1,96.87565737814322,21808
"(0.9594646747587924, 0.9810457516339868)",1,96.87564271944863,21809
"(0.8465418823841762, 1.0)",1,96.8755979056055,21810
"(0.8882535288785288, 0.9866666666666666)",2,96.87544429425998,21812
"(0.8882535288785288, 0.9866666666666666)",1,96.87525571438462,21813
"(0.91280276816609, 0.9649729659305584)",1,96.8751938319116,21814
"(0.9230769230769232, 1.0)",2,96.875113318489,21816
"(0.9027777777777778, 0.9734722222222224)",1,96.87481399601958,21817
"(0.9214457417582416, 0.9713960577118472)",1,96.8746450678319,21818
"(0.9674603174603176, 1.0)",1,96.87452427364704,21819
"(0.9535924585381664, 0.97595009914078)",3,96.87398728611264,21822
"(0.8577654071075123, 0.9868055555555556)",2,96.8739742999108,21824
"(0.8527777777777779, 0.9743589743589745)",1,96.8737237229832,21825
"(0.8872877323964281, 0.9868055555555556)",1,96.87350388063244,21826
"(0.9349556489262372, 0.977304372041214)",1,96.8734525831402,21827
"(0.9365750528541228, 0.9775193798449612)",1,96.87285418071222,21828
"(0.9230769230769232, 1.0)",1,96.87283395978928,21829
"(0.95, 0.9736054421768708)",1,96.87276349423222,21830
"(0.9319444444444444, 0.9743589743589745)",1,96.87238900331155,21831
"(0.7932875667429443, 0.9913490623109498)",4,96.871977935976,21835
"(1.0, 1.0)",1,96.87178118108515,21836
"(0.813859649122807, 0.9866666666666666)",1,96.8716686952834,21837
"(0.8882535288785288, 0.9743589743589745)",2,96.87165861893604,21839
"(0.8454365949978061, 0.9885627144491042)",1,96.87134278144886,21840
"(0.8604651162790697, 0.9885627144491042)",1,96.87127079980984,21841
"(0.9064872325741892, 0.9866666666666666)",1,96.87119779708772,21842
"(0.8789510006901311, 0.9866666666666666)",1,96.87087578934788,21843
"(0.8186504754267384, 0.9774943735933984)",1,96.87077395931207,21844
"(0.808641975308642, 1.0)",1,96.87056793737617,21845
"(0.9141109140873832, 0.97595009914078)",3,96.87048307693829,21848
"(0.8300280681378243, 0.9868055555555556)",1,96.87046200322318,21849
"(0.8762664758354415, 0.9713960577118472)",1,96.87045020955163,21850
"(0.9220534262485482, 0.9713960577118472)",3,96.87034786194536,21853
"(0.8965217391304348, 0.9866666666666666)",1,96.87034045642146,21854
"(0.7988631272401433, 0.9868055555555556)",1,96.86995379951333,21855
"(0.9606447334368527, 0.9642166226376752)",1,96.86987363609629,21856
"(0.8527777777777779, 1.0)",1,96.8696466807248,21857
"(0.944540304191448, 0.97595009914078)",1,96.86962209809596,21858
"(0.9359620771385476, 0.9801470588235296)",1,96.86933087357784,21859
"(0.960607978267748, 0.9713960577118472)",1,96.8691902270636,21860
"(0.875, 1.0)",2,96.86901578274085,21862
"(0.92710864283235, 0.9774943735933984)",1,96.86881998516752,21863
"(0.908998988877654, 0.9667774086378738)",1,96.8687675837116,21864
"(0.9057088744588744, 0.9866666666666666)",1,96.86854183714556,21865
"(0.8915343915343915, 1.0)",1,96.86809171498818,21866
"(0.9366629231646204, 0.9798196948682386)",1,96.8679986377522,21867
"(0.8738126483317046, 0.9658521303258144)",1,96.8674894753186,21868
"(0.9492266992266992, 0.9868055555555556)",1,96.8669795624386,21869
"(0.8919095971175892, 0.9662727157199136)",1,96.86655974059872,21870
"(0.875, 1.0)",1,96.86649573927072,21871
"(0.9608918659970924, 0.9647217861503576)",3,96.86648103330911,21874
"(0.7952747333944029, 0.97673800123324)",1,96.86635430510084,21875
"(0.8271323663565043, 0.9868055555555556)",1,96.86600674515324,21876
"(0.8915284062342886, 0.9722222222222222)",1,96.86596123151656,21877
"(0.8779083570750237, 0.9743589743589745)",2,96.86525847687174,21879
"(1.0, 1.0)",1,96.86524178264202,21880
"(0.896551724137931, 1.0)",1,96.86517515652947,21881
"(0.8680075424261471, 0.9667774086378738)",1,96.86511601958962,21882
"(0.9003322259136212, 0.965497521921464)",1,96.86489623973245,21883
"(0.8318452380952381, 0.9743589743589745)",1,96.86467514871264,21884
"(0.8467473884140551, 0.9866666666666666)",1,96.86455134259542,21885
"(0.8459679855028692, 0.965497521921464)",1,96.8645288271743,21886
"(0.9202508960573476, 0.9748677248677248)",1,96.86447683052096,21887
"(0.9066840277777778, 0.9866666666666666)",1,96.86446231829272,21888
"(0.92710864283235, 0.965497521921464)",1,96.86442416801742,21889
"(0.9882352941176472, 0.795068330362448)",1,96.86410981350905,21890
"(0.9211400121926436, 0.9727638167328804)",3,96.8637709212622,21893
"(0.960607978267748, 0.9650363879165252)",1,96.86294815942824,21894
"(0.9003322259136212, 0.965497521921464)",1,96.86281375906314,21895
"(0.8318452380952381, 0.9868055555555556)",1,96.86276737589785,21896
"(0.8856424148606811, 0.9866666666666666)",1,96.86265118887783,21897
"(0.8837209302325582, 0.9774943735933984)",1,96.86258750042276,21898
"(0.8975847069597069, 0.9678608196882048)",1,96.86253797697395,21899
"(0.9041666666666666, 0.9868055555555556)",1,96.8622633574401,21900
"(0.8970207751749808, 0.961342940685046)",3,96.86225369780868,21903
"(0.8893558268973552, 0.9885627144491042)",1,96.86205790892272,21904
"(0.8952020202020202, 1.0)",1,96.8619847666566,21905
"(0.844758764317945, 0.9774943735933984)",1,96.8616122112373,21906
"(0.8764705882352941, 0.9885026737967916)",1,96.86157617469148,21907
"(0.9056772399713576, 0.9668720821661998)",2,96.86154030839344,21909
"(0.9047558922558924, 0.9868055555555556)",1,96.86149379541844,21910
"(0.8893558268973552, 1.0)",1,96.86135369887056,21911
"(0.9565217391304348, 0.9841269841269842)",1,96.86112213417393,21912
"(0.8590036231884057, 0.9743589743589745)",1,96.8610899293901,21913
"(0.8563074352548036, 0.9868055555555556)",1,96.86055305793792,21914
"(0.9047619047619048, 1.0)",1,96.86012585591423,21915
"(0.9847494553376906, 0.9788235294117646)",2,96.85991836141126,21917
"(0.8190309499878695, 0.9774943735933984)",2,96.85950441994842,21919
"(0.8113181219906367, 0.9868055555555556)",1,96.8593659909675,21920
"(0.8571428571428572, 1.0)",1,96.8593655489918,21921
"(0.849779303236048, 0.9773650931336744)",1,96.8592869926911,21922
"(0.7971704623878537, 0.992156862745098)",1,96.85923707935864,21923
"(0.8589500777000777, 0.9743589743589745)",1,96.859191704068,21924
"(0.4804040404040404, 0.9868055555555556)",1,96.85889079969566,21925
"(0.8881381381381382, 0.9748677248677248)",2,96.85882382594488,21927
"(0.977218782249742, 0.9735423116615068)",1,96.85863270477276,21928
"(0.8300280681378243, 0.9748677248677248)",1,96.8580077531532,21929
"(0.8701066607489389, 0.9825319426526432)",1,96.85788172591336,21930
"(0.9019607843137254, 0.9866666666666666)",1,96.85758647938562,21931
"(0.9019607843137254, 1.0)",1,96.85754139410962,21932
"(0.9384353741496598, 0.9681338377164)",3,96.85739499488812,21935
"(0.9424323293938236, 0.9775193798449612)",2,96.8571673733922,21937
"(0.9066840277777778, 0.9866666666666666)",1,96.8569751954059,21938
"(0.892733134920635, 0.9868055555555556)",1,96.85694668179234,21939
"(0.9366629231646204, 0.9727638167328804)",1,96.8568859335284,21940
"(0.8975847069597069, 0.9750869028930254)",1,96.85676266926608,21941
"(0.8817204301075269, 1.0)",1,96.85666384235525,21942
"(0.9280112044817928, 0.996078431372549)",1,96.8566240531266,21943
"(0.8265590958605664, 0.9734722222222224)",1,96.85655564508332,21944
"(0.9272486772486772, 0.9743589743589745)",1,96.85647353020217,21945
"(0.8800925925925926, 0.9748677248677248)",1,96.85645846451484,21946
"(0.8837209302325582, 0.9774943735933984)",1,96.85642670819496,21947
"(0.8459679855028692, 0.9775193798449612)",1,96.85637526369509,21948
"(0.8531211750305999, 0.965497521921464)",1,96.85627188407304,21949
"(0.942961408510189, 0.9678608196882048)",1,96.85626197257533,21950
"(0.9454986295593504, 0.9868055555555556)",1,96.85620100156233,21951
"(0.9841269841269842, 1.0)",1,96.855926128548,21952
"(0.8306931805415123, 0.9885627144491042)",1,96.8557812311721,21953
"(0.903760514596734, 0.9774943735933984)",1,96.8557230174528,21954
"(0.9172932330827066, 1.0)",1,96.85545297014328,21955
"(0.7599587877549425, 0.9815325251218464)",1,96.85536639899276,21956
"(0.8259011519881087, 0.9868055555555556)",1,96.85530325335807,21957
"(0.926045751633987, 0.9820662768031188)",1,96.85515850401138,21958
"(0.7574629741006653, 0.9828844018198006)",1,96.85513504837078,21959
"(0.8592532467532467, 1.0)",2,96.8551196986705,21961
"(0.8319664902998236, 1.0)",1,96.85486868880028,21962
"(0.9066840277777778, 0.9866666666666666)",1,96.85440986220532,21963
"(0.9047619047619048, 1.0)",1,96.85437204910852,21964
"(0.9224211423699916, 1.0)",1,96.85435036267242,21965
"(0.8991666666666667, 1.0)",1,96.85426763684816,21966
"(0.9433680972830336, 0.9681338377164)",1,96.85424250538976,21967
"(0.8708731355790179, 0.9868055555555556)",1,96.85411710922004,21968
"(0.7973484848484849, 0.9743589743589745)",2,96.85385826861236,21970
"(0.9049919484702094, 0.9841269841269842)",1,96.85364419609962,21971
"(0.9333333333333332, 0.9841269841269842)",2,96.85350816655188,21973
"(0.9023809523809524, 1.0)",1,96.85348372197969,21974
"(0.9534840838509316, 0.9766826923076924)",2,96.85343987551433,21976
"(0.8604651162790697, 0.9885627144491042)",1,96.85331394929884,21977
"(0.8753306878306878, 0.9868055555555556)",1,96.85329949142938,21978
"(0.8753306878306878, 0.9748677248677248)",1,96.85329949142938,21979
"(0.9293342911877394, 0.9868055555555556)",1,96.8531249340468,21980
"(0.9565217391304348, 1.0)",1,96.85307346326836,21981
"(0.8932369004949651, 0.9868055555555556)",1,96.85269234566506,21982
"(0.9618138828565136, 0.9721176108033788)",1,96.85266433136334,21983
"(0.8277423133433764, 0.9750034240712206)",1,96.8526529499034,21984
"(0.9485046203796204, 0.97595009914078)",1,96.85240229268764,21985
"(0.8765565134099617, 0.9866666666666666)",1,96.85216506775016,21986
"(0.9284391534391534, 0.978144708175668)",1,96.85214901547572,21987
"(0.875, 0.9841269841269842)",1,96.85202817478948,21988
"(0.9534840838509316, 0.9798196948682386)",1,96.85165698449396,21989
"(0.9647217861503576, 0.9714285714285714)",3,96.85146563837851,21992
"(0.8870067649538378, 0.9667774086378738)",1,96.85112547432848,21993
"(0.8881381381381382, 0.9868055555555556)",1,96.8509489882576,21994
"(0.8786453242098404, 0.9722222222222222)",1,96.85082679281132,21995
"(0.9230769230769232, 0.9696969696969696)",1,96.85080748498514,21996
"(0.9356632048879978, 0.9711399224375468)",1,96.85079977464925,21997
"(0.9104993386243384, 1.0)",2,96.85043735717522,21999
"(0.9565217391304348, 0.9841269841269842)",2,96.8503136155312,22001
"(0.8675136116152449, 1.0)",1,96.85030566328342,22002
"(0.9696969696969696, 1.0)",1,96.85028903348488,22003
"(0.907908163265306, 0.9678053830227744)",1,96.85025950279967,22004
"(0.7503205034265276, 0.9822084634708236)",1,96.85021220292636,22005
"(1.0, 1.0)",1,96.85009796531608,22006
"(0.8738126483317046, 0.9729470735662686)",1,96.8500901969736,22007
"(0.9035087719298246, 0.9913490623109498)",1,96.85007284210997,22008
"(0.92925, 0.9714285714285714)",1,96.84988319573426,22009
"(0.896551724137931, 1.0)",1,96.84968887194027,22010
"(0.9224211423699916, 1.0)",1,96.84959513796504,22011
"(0.9715797169307606, 0.9713960577118472)",3,96.84943707970244,22014
"(0.8837209302325582, 0.9667774086378738)",1,96.8493080952038,22015
"(0.9284391534391534, 0.978144708175668)",1,96.84928079430956,22016
"(0.8817204301075269, 1.0)",1,96.84927526763612,22017
"(0.9088563274164362, 0.9736703935992144)",1,96.84907903882218,22018
"(0.9144192834138488, 0.9868055555555556)",2,96.8489737091448,22020
"(0.8813339438339438, 0.9868055555555556)",1,96.84882732369783,22021
"(0.9376385678569744, 0.9774943735933984)",1,96.84874796607848,22022
"(0.7937832885152319, 0.9773756161940158)",1,96.84821430782672,22023
"(0.813953488372093, 0.9774943735933984)",1,96.84770626956048,22024
"(0.8778462998102468, 0.9866666666666666)",1,96.84759543234908,22025
"(1.0, 0.9841269841269842)",1,96.84732874549832,22026
"(0.9643596441509156, 0.9647217861503576)",1,96.84726286459215,22027
"(0.9740143369175628, 1.0)",1,96.84649965073324,22028
"(0.839875739137942, 0.9756765221245765)",1,96.84631277685014,22029
"(0.877599715099715, 0.9868055555555556)",1,96.8462052342055,22030
"(0.9037076648841356, 0.992156862745098)",1,96.84591747592992,22031
"(0.892733134920635, 0.9868055555555556)",1,96.84500885110452,22032
"(0.9401300133188678, 0.9882352941176472)",1,96.84474447406072,22033
"(0.8832772166105499, 1.0)",1,96.84436235939155,22034
"(0.8882535288785288, 0.9743589743589745)",1,96.84427818245936,22035
"(1.0, 1.0)",2,96.8440153443185,22037
"(0.8468468468468467, 1.0)",1,96.8437960599955,22038
"(0.9023569023569024, 0.9841269841269842)",2,96.84350664323244,22040
"(0.9469444444444444, 0.9807902108211708)",1,96.84347258225736,22041
"(0.8527777777777779, 0.9743589743589745)",4,96.84346647622982,22045
"(0.9565217391304348, 1.0)",1,96.84339486563375,22046
"(0.8738126483317046, 0.9697410192147036)",2,96.84326735574432,22048
"(0.8501768299217661, 0.9892665474060824)",1,96.84316940450032,22049
"(0.919687006945461, 0.9748677248677248)",1,96.84293653531468,22050
"(0.8627450980392157, 1.0)",2,96.8428070415158,22052
"(0.915619658119658, 0.9868055555555556)",2,96.84272916578932,22054
"(0.9202508960573476, 0.9868055555555556)",2,96.84267318519878,22056
"(0.934274781341108, 0.9608918659970924)",1,96.84249501246954,22057
"(0.8932585660526837, 0.9851851851851852)",1,96.84221041353202,22058
"(0.9040106023792244, 0.9775193798449612)",1,96.84210300873902,22059
"(0.9035714285714284, 0.9866666666666666)",1,96.841803711827,22060
"(0.909209656084656, 1.0)",2,96.84149125288468,22062
"(0.8318452380952381, 0.9868055555555556)",1,96.8414579314414,22063
"(0.8439484126984128, 1.0)",2,96.84144917098152,22065
"(0.908998988877654, 0.9774943735933984)",1,96.84117859716557,22066
"(0.9047619047619048, 1.0)",1,96.841168859995,22067
"(0.9169701646090536, 0.9734722222222224)",1,96.84114985641791,22068
"(0.9715797169307606, 0.9749660326086956)",1,96.84086879257832,22069
"(0.8557419333086079, 0.9736054421768708)",1,96.840845647703,22070
"(0.9841269841269842, 1.0)",1,96.84072953315118,22071
"(0.9678608196882048, 0.9642857142857144)",1,96.84059268947388,22072
"(0.9239488017429196, 0.977304372041214)",1,96.8400201990992,22073
"(0.8264589732338745, 0.9885627144491042)",1,96.83990654029571,22074
"(0.9324786324786324, 0.9743589743589745)",1,96.83973775814682,22075
"(0.8527777777777779, 0.9866666666666666)",1,96.83944528350428,22076
"(0.9661076711386308, 0.9919117647058824)",1,96.83943312722978,22077
"(0.9333333333333332, 0.9841269841269842)",1,96.83909595152936,22078
"(0.8520449077786689, 1.0)",1,96.83871394351463,22079
"(0.9087026014109348, 1.0)",1,96.8385293889883,22080
"(0.9226705733973176, 0.9721176108033788)",1,96.83838263304771,22081
"(0.8550741594067247, 0.9885627144491042)",1,96.83828515109091,22082
"(0.9492266992266992, 0.9743589743589745)",1,96.83827138255606,22083
"(0.8960328317373462, 0.9885627144491042)",1,96.83797659526276,22084
"(0.844758764317945, 0.9774943735933984)",1,96.83796302869143,22085
"(0.7707924493038034, 0.9866666666666666)",1,96.83794087993996,22086
"(1.0, 1.0)",2,96.83747412008282,22088
"(0.908998988877654, 0.9662727157199136)",1,96.83731367676918,22089
"(0.9171090534979424, 0.9866666666666666)",1,96.8371249419424,22090
"(0.93916595083917, 0.97595009914078)",3,96.83670592980884,22093
"(0.7544006919006919, 1.0)",1,96.83642347949434,22094
"(0.9384353741496598, 0.9749660326086956)",1,96.83608960956336,22095
"(0.9774943735933984, 0.9667774086378738)",1,96.83599726731072,22096
"(0.9057088744588744, 0.9866666666666666)",1,96.83594168606416,22097
"(0.947860476880274, 0.9749660326086956)",1,96.8359012799989,22098
"(0.9206349206349206, 1.0)",2,96.83586135376414,22100
"(0.9445350241545892, 1.0)",1,96.83559854348232,22101
"(0.9064872325741892, 0.9868055555555556)",1,96.83553554174291,22102
"(0.90934937783235, 0.9886710239651416)",1,96.83505752189473,22103
"(0.93916595083917, 0.9798196948682386)",3,96.83505269533664,22106
"(0.8887191358024692, 0.9743589743589745)",1,96.83475504287516,22107
"(0.9618138828565136, 0.9536498942777852)",1,96.83446319981476,22108
"(0.8666666666666667, 0.986574074074074)",1,96.83394519907588,22109
"(0.9681338377164, 0.9681338377164)",3,96.8339418653362,22112
"(0.7610695631528964, 0.9743589743589745)",1,96.83379367894165,22113
"(0.7537777149792919, 0.9811224507932972)",1,96.83346771829522,22114
"(0.9320240125035522, 0.9855521155830752)",1,96.8332422356581,22115
"(0.7988631272401433, 0.9866666666666666)",1,96.8330876702274,22116
"(0.773034398034398, 1.0)",2,96.83285628316484,22118
"(0.8527777777777779, 0.9866666666666666)",1,96.8328248975982,22119
"(0.9040106023792244, 0.9775193798449612)",1,96.8327399572936,22120
"(0.8067271451483561, 1.0)",1,96.83251404636157,22121
"(0.8265590958605664, 0.9868055555555556)",2,96.83236939530008,22123
"(0.9035087719298246, 0.9782702035744222)",1,96.83236905228702,22124
"(0.9242708892467346, 0.9868055555555556)",1,96.83229641102012,22125
"(0.9463327370304114, 0.9775193798449612)",1,96.8321126459637,22126
"(0.9615343915343916, 1.0)",1,96.83209152231215,22127
"(0.9191112362010194, 0.9820662768031188)",1,96.8320043215266,22128
"(0.9407679738562092, 0.9868055555555556)",2,96.8318490492662,22130
"(0.8943547150523895, 0.9647217861503576)",3,96.83175430762827,22133
"(0.9696969696969696, 1.0)",2,96.83174088810904,22135
"(0.7973484848484849, 0.9743589743589745)",4,96.831711274721,22139
"(0.8965217391304348, 0.9734722222222224)",1,96.83135927375172,22140
"(0.7686807910158164, 0.9832326398915676)",1,96.83135753011284,22141
"(0.9172932330827066, 1.0)",1,96.8312835637397,22142
"(0.9391627846790888, 0.97595009914078)",1,96.83102175832654,22143
"(0.7162037037037038, 1.0)",1,96.8309939646283,22144
"(0.9319444444444444, 0.9743589743589745)",1,96.83097844643368,22145
"(0.9444444444444444, 1.0)",1,96.8306326190884,22146
"(0.6775462962962963, 0.9722222222222222)",1,96.83056049723172,22147
"(0.8488297541238717, 0.9882352941176472)",1,96.83052527157209,22148
"(0.8762664758354415, 0.9750869028930254)",3,96.83046665113164,22151
"(0.9787811022617652, 0.9785754927860192)",3,96.82991733553904,22154
"(0.9411376480416728, 0.9759803921568628)",2,96.82967881177412,22156
"(0.9370015948963316, 0.9841269841269842)",1,96.82932395805842,22157
"(0.892733134920635, 0.9748677248677248)",1,96.82901209056122,22158
"(0.9049919484702094, 0.9841269841269842)",2,96.828902804667,22160
"(0.9641868969810148, 0.980582788671024)",1,96.82878964856376,22161
"(0.9045169946332738, 0.9667774086378738)",1,96.82865085954032,22162
"(0.9070844099913866, 0.9774943735933984)",1,96.82836547408976,22163
"(0.9363885088919288, 0.9662727157199136)",1,96.8279667192356,22164
"(0.8734582431032859, 0.9775193798449612)",2,96.82792151742916,22166
"(0.907908163265306, 0.9750869028930254)",3,96.82783659168776,22169
"(0.8575440961689698, 0.9885627144491042)",1,96.82764051624616,22170
"(0.9003322259136212, 0.9775193798449612)",1,96.82760937774248,22171
"(0.9365750528541228, 0.9885627144491042)",1,96.82754830596552,22172
"(0.9586520604621642, 0.97595009914078)",1,96.82731990667462,22173
"(0.9841269841269842, 1.0)",1,96.8273127249965,22174
"(0.8774993038150933, 0.9780571219715956)",1,96.82727107460256,22175
"(0.9565217391304348, 0.9841269841269842)",1,96.8271778740664,22176
"(0.9847494553376906, 0.992156862745098)",2,96.82659382052913,22178
"(1.0, 1.0)",1,96.8264840678247,22179
"(0.8960328317373462, 0.9885627144491042)",1,96.82633810812098,22180
"(0.9643596441509156, 0.9714285714285714)",1,96.82623199149168,22181
"(1.0, 1.0)",1,96.82597463880182,22182
"(0.9082010582010582, 0.9734722222222224)",1,96.82573110179312,22183
"(0.8662551440329218, 0.9743589743589745)",1,96.8256691079436,22184
"(0.946764828738513, 0.9727638167328804)",1,96.82558718157048,22185
"(0.6403503049675462, 1.0)",1,96.82530252292244,22186
"(0.8837209302325582, 0.9774943735933984)",1,96.8252880459737,22187
"(0.9540538847117792, 0.9679608656649474)",1,96.82524177512232,22188
"(0.8700357638518202, 0.9780571219715956)",1,96.82523019428346,22189
"(0.9077881758764113, 0.9886710239651416)",1,96.82509634076254,22190
"(0.9565217391304348, 1.0)",1,96.82505861156054,22191
"(0.8833628057765988, 0.9868055555555556)",1,96.82474530791345,22192
"(0.813953488372093, 1.0)",1,96.82472165063837,22193
"(0.9386724386724388, 0.9841269841269842)",1,96.82452782747656,22194
"(0.8778462998102468, 0.9866666666666666)",2,96.82443284250056,22196
"(0.9310789204679486, 0.9635619016637234)",1,96.82430487971456,22197
"(0.955544662122821, 0.9713960577118472)",1,96.82425691707546,22198
"(0.9594646747587924, 0.992156862745098)",1,96.82418073875536,22199
"(0.7975164658278694, 1.0)",1,96.8238559030829,22200
"(0.9087712056462056, 0.9866666666666666)",1,96.82364969824752,22201
"(0.8527777777777779, 0.9866666666666666)",2,96.82360321000512,22203
"(0.8738126483317046, 0.9807902108211708)",1,96.82337355826856,22204
"(0.8586378737541528, 0.9885627144491042)",1,96.8233678007776,22205
"(0.9320240125035522, 0.9847494553376906)",1,96.82325852441863,22206
"(0.8227906976744187, 0.9885627144491042)",1,96.82304956688108,22207
"(0.7574629741006653, 0.983797092945389)",1,96.82278485808556,22208
"(0.946764828738513, 0.9798196948682386)",2,96.8226725796842,22210
"(0.9882352941176472, 0.97397504456328)",1,96.82260866212428,22211
"(0.9364583333333332, 1.0)",1,96.8224308506561,22212
"(0.8901960784313724, 0.9649729659305584)",1,96.82233720474824,22213
"(0.896551724137931, 1.0)",1,96.82232495364444,22214
"(0.9226705733973176, 0.97595009914078)",3,96.822268121004,22217
"(0.875, 1.0)",1,96.82203962375247,22218
"(0.6775462962962963, 0.9866666666666666)",1,96.82197791681382,22219
"(0.9272486772486772, 0.9866666666666666)",2,96.82182934680446,22221
"(0.9079278891043596, 0.992156862745098)",1,96.82180252026713,22222
"(0.9220534262485482, 0.9678053830227744)",1,96.8218012430328,22223
"(0.8990289449112978, 0.9886710239651416)",1,96.82179307857452,22224
"(0.840845345330562, 0.9773703649494608)",1,96.8216677937542,22225
"(0.883580779054917, 1.0)",1,96.8215494497896,22226
"(0.919687006945461, 0.9734722222222224)",1,96.82144647195484,22227
"(0.8604651162790697, 0.9775193798449612)",1,96.8214278202486,22228
"(0.9787811022617652, 0.9683214285714286)",1,96.8213859403818,22229
"(0.9035714285714284, 0.9743589743589745)",1,96.82118538423892,22230
"(0.9565217391304348, 1.0)",2,96.82114235813702,22232
"(0.9003322259136212, 0.9775193798449612)",1,96.82094904690948,22233
"(0.7988631272401433, 0.9868055555555556)",1,96.82083842134304,22234
"(0.79145763692632, 0.9780571219715956)",1,96.820742810018,22235
"(0.8817204301075269, 0.9841269841269842)",2,96.82057558281916,22237
"(0.9333333333333332, 0.9841269841269842)",2,96.82047114005962,22239
"(0.8550741594067247, 1.0)",1,96.820193908758,22240
"(0.9496111111111112, 0.970648148148148)",1,96.82018433029698,22241
"(0.9319444444444444, 0.9743589743589745)",1,96.81981139772611,22242
"(0.9047619047619048, 0.9841269841269842)",1,96.81978166760796,22243
"(0.9457936507936509, 0.9886710239651416)",1,96.81967187643733,22244
"(0.8288590711201375, 0.9753398247055216)",1,96.8194651971184,22245
"(0.8440126050420167, 0.9866666666666666)",1,96.81862908397584,22246
"(0.926045751633987, 0.996078431372549)",1,96.81839495594622,22247
"(0.865079365079365, 1.0)",1,96.8182409355442,22248
"(0.9333333333333332, 0.9841269841269842)",1,96.8178885124539,22249
"(0.9144192834138488, 0.9868055555555556)",2,96.81771538800837,22251
"(0.7349551414768807, 1.0)",1,96.81744944250744,22252
"(0.9354509320175438, 0.9780571219715956)",1,96.81689239293532,22253
"(0.9430755736638088, 0.980582788671024)",1,96.8168447004963,22254
"(0.8527777777777779, 0.9743589743589745)",1,96.81684037567382,22255
"(0.8227965244811571, 0.965497521921464)",1,96.81666054087148,22256
"(0.9678608196882048, 0.9713960577118472)",1,96.81656479582688,22257
"(0.8813339438339438, 0.9868055555555556)",1,96.81648782015569,22258
"(0.9230769230769232, 0.9841269841269842)",1,96.81646496919195,22259
"(0.8901960784313724, 0.9569461827284104)",1,96.81644122949722,22260
"(0.9492266992266992, 0.9743589743589745)",1,96.81635542575424,22261
"(0.8831064306064307, 1.0)",2,96.8163122492025,22263
"(0.950682393081946, 0.9785754927860192)",1,96.81624347412358,22264
"(0.8556731334509112, 0.9866666666666666)",1,96.8159957126073,22265
"(0.8902777777777777, 0.9734722222222224)",1,96.8158175436854,22266
"(0.8639403292181069, 0.9743589743589745)",1,96.81581345629272,22267
"(0.9465811965811968, 0.986574074074074)",1,96.81580533609188,22268
"(0.9521171802054156, 0.9729470735662686)",1,96.815712727713,22269
"(0.9424323293938236, 0.9775193798449612)",1,96.8154463806014,22270
"(0.8731060606060606, 0.9743589743589745)",1,96.81513191917992,22271
"(0.957037037037037, 0.9816305469556244)",1,96.81479818335391,22272
"(0.847123015873016, 1.0)",1,96.81476630448924,22273
"(0.9302579365079364, 0.9868055555555556)",2,96.81459951589258,22275
"(0.9523809523809524, 1.0)",1,96.81458162413873,22276
"(0.8831064306064307, 0.9868055555555556)",1,96.81448326238618,22277
"(0.8902777777777777, 0.9734722222222224)",1,96.81442071989204,22278
"(0.9696969696969696, 1.0)",1,96.81434831800964,22279
"(0.853187414500684, 0.965497521921464)",1,96.81429752478832,22280
"(0.9248591174906964, 0.9802054154995332)",1,96.81418586369928,22281
"(0.8685143026187168, 0.9868055555555556)",1,96.81402514737871,22282
"(0.896551724137931, 1.0)",1,96.81387378444737,22283
"(0.8525234524081565, 0.976359245223652)",1,96.81367360459966,22284
"(0.9540538847117792, 0.9678608196882048)",1,96.81365506721278,22285
"(0.8590036231884057, 0.9743589743589745)",1,96.81357409084876,22286
"(0.7423427395649618, 0.9868055555555556)",1,96.81355770165764,22287
"(0.8680075424261471, 0.9774943735933984)",1,96.8135572513514,22288
"(0.9565375499581746, 0.9736054421768708)",1,96.8135212979903,22289
"(0.8375771604938271, 1.0)",1,96.81329375501848,22290
"(0.8078308130291714, 0.9885627144491042)",1,96.81314309226272,22291
"(0.9066840277777778, 0.9868055555555556)",1,96.81300813273396,22292
"(0.8757566103854729, 0.9774943735933984)",1,96.8128236113792,22293
"(0.8864468864468864, 1.0)",1,96.81267870937324,22294
"(0.9841269841269842, 1.0)",1,96.81195099078394,22295
"(0.9841269841269842, 1.0)",2,96.81184371184372,22297
"(0.9320240125035522, 1.0)",1,96.81174168098094,22298
"(0.8190309499878695, 0.9775193798449612)",1,96.8115384107672,22299
"(0.8941062801932367, 0.9868055555555556)",1,96.81142266170254,22300
"(0.8881381381381382, 0.9748677248677248)",1,96.81134338440287,22301
"(0.7081939799331105, 1.0)",2,96.81124859951632,22303
"(0.875, 1.0)",1,96.81095573170148,22304
"(0.8669988268811798, 0.9807407407407408)",1,96.8106259732786,22305
"(0.9272486772486772, 0.9866666666666666)",1,96.81044724520228,22306
"(0.8882535288785288, 0.9743589743589745)",3,96.81037392843264,22309
"(0.9319444444444444, 0.9743589743589745)",1,96.81027204357926,22310
"(0.9574505911522484, 0.9727638167328804)",2,96.81020754135584,22312
"(0.8571428571428572, 1.0)",1,96.81002544466,22313
"(0.8905936111818465, 0.9866666666666668)",1,96.80966590819492,22314
"(0.7707924493038034, 0.9743589743589745)",1,96.8094618697878,22315
"(0.8190309499878695, 0.9774943735933984)",1,96.80922821580944,22316
"(0.8791954022988505, 0.9734722222222224)",1,96.80910488927356,22317
"(0.8791208791208792, 1.0)",2,96.80905584929975,22319
"(0.8590036231884057, 0.9743589743589745)",1,96.80883607295507,22320
"(0.9302579365079364, 0.9748677248677248)",1,96.80881247885556,22321
"(0.931377923976608, 0.9788110478899952)",2,96.80810310051908,22323
"(0.95536349042541, 0.992156862745098)",1,96.80789652619642,22324
"(0.9507101086048454, 1.0)",1,96.8078015577874,22325
"(0.9787811022617652, 0.9608348284368692)",1,96.80780113421488,22326
"(0.950682393081946, 0.9713960577118472)",3,96.80779712465969,22329
"(0.7932875667429443, 0.9737148229943366)",1,96.8077148359664,22330
"(0.8837209302325582, 0.9775193798449612)",1,96.80765460849037,22331
"(0.8887191358024692, 0.9743589743589745)",1,96.80742933413296,22332
"(0.7937832885152319, 0.9783819122408444)",1,96.80727534316917,22333
"(0.9618138828565136, 0.9766826923076924)",1,96.80725280059777,22334
"(0.889783950617284, 0.9722222222222222)",1,96.80710545403764,22335
"(0.8740392648287385, 1.0)",1,96.80709849261684,22336
"(0.9433680972830336, 0.9642857142857144)",1,96.80687442458404,22337
"(0.9289529914529916, 1.0)",2,96.80665287229031,22339
"(0.7869981325863679, 1.0)",1,96.8066524724499,22340
"(0.954722222222222, 0.9840686274509804)",1,96.80633189792132,22341
"(0.9023569023569024, 1.0)",1,96.80614231117193,22342
"(0.7973484848484849, 0.9866666666666666)",1,96.8061072780007,22343
"(0.4690583334897485, 0.9852979767628206)",1,96.80610286980507,22344
"(0.90934937783235, 0.9925925925925926)",1,96.80595919784368,22345
"(0.9359620771385476, 0.9877124183006536)",1,96.80592954688495,22346
"(0.9224211423699916, 1.0)",2,96.80587674600864,22348
"(0.8748472964943552, 0.9816305469556244)",1,96.80563736374256,22349
"(0.9236094950800832, 0.9842265795206973)",2,96.8055694859316,22351
"(0.9622395833333334, 0.9734722222222224)",1,96.80555328609158,22352
"(0.948045267489712, 0.9868055555555556)",1,96.80544873389296,22353
"(0.9628070175438596, 0.992156862745098)",1,96.80544010264776,22354
"(0.844758764317945, 0.9774943735933984)",2,96.80543265386083,22356
"(0.7951423097974822, 0.9734722222222224)",4,96.80538036791732,22360
"(0.9535924585381664, 0.97595009914078)",3,96.80518562533216,22363
"(0.8468390938509743, 0.9750215725941764)",1,96.80495956073136,22364
"(0.9301248598635894, 0.9736495376635254)",1,96.80463254241836,22365
"(0.8126903630604289, 0.9913490623109498)",1,96.80423979615438,22366
"(0.9523809523809524, 1.0)",1,96.80405111702903,22367
"(0.8729166666666666, 1.0)",1,96.80374478627354,22368
"(0.941156690746474, 0.9886710239651416)",1,96.80358171200332,22369
"(0.9229016661449092, 0.9712840120525932)",1,96.80336490891412,22370
"(0.93916595083917, 0.97595009914078)",1,96.8032305043345,22371
"(0.8941062801932367, 0.9868055555555556)",1,96.80321082695058,22372
"(0.9135802469135802, 1.0)",1,96.80314820269548,22373
"(0.8944647509353392, 0.996078431372549)",1,96.80258076299243,22374
"(0.8707729468599035, 0.9734722222222224)",1,96.80244775329795,22375
"(0.8078308130291714, 1.0)",1,96.80241958731916,22376
"(0.875, 1.0)",1,96.8020862754476,22377
"(0.8067271451483561, 1.0)",1,96.80159101045204,22378
"(0.9292873482399696, 0.973662392173086)",1,96.80157759310386,22379
"(0.9365750528541228, 0.9774943735933984)",1,96.801230076486,22380
"(0.9380032206119162, 1.0)",1,96.80113900445606,22381
"(0.9035714285714284, 0.9866666666666666)",1,96.8010314568102,22382
"(0.4432805247702946, 0.9868055555555556)",1,96.80079499133052,22383
"(0.9391865079365078, 1.0)",1,96.80026466247492,22384
"(0.8170426065162907, 1.0)",1,96.80023007225894,22385
"(0.9173964604999088, 0.9868055555555556)",1,96.8000002017714,22386
"(0.879008834302952, 0.9838235294117648)",2,96.79992268757894,22388
"(0.7901692183722804, 0.9569461827284104)",1,96.79962662992652,22389
"(0.9565375499581746, 0.9798196948682386)",1,96.7994466078582,22390
"(0.9808278867102396, 0.984313725490196)",2,96.79936559902224,22392
"(0.9363885088919288, 0.9667774086378738)",1,96.79896921514518,22393
"(0.7753527336860669, 0.9868055555555556)",1,96.7987192236552,22394
"(0.8817204301075269, 0.9841269841269842)",1,96.7987164775386,22395
"(0.9333333333333332, 1.0)",1,96.7985776918356,22396
"(1.0, 1.0)",1,96.79843860621897,22397
"(0.909722222222222, 0.992156862745098)",1,96.79834635911932,22398
"(0.8831064306064307, 1.0)",1,96.798285892516,22399
"(0.9230769230769232, 1.0)",1,96.79801543721696,22400
"(0.9365750528541228, 0.9775193798449612)",1,96.797969133317,22401
"(0.961342940685046, 0.9714285714285714)",1,96.7977959020281,22402
"(0.8966049382716049, 0.9868055555555556)",1,96.79762710187892,22403
"(0.9841269841269842, 1.0)",1,96.79743220919693,22404
"(0.9365750528541228, 0.9774943735933984)",2,96.7973051943049,22406
"(0.9444444444444444, 1.0)",1,96.7972043261898,22407
"(0.9503921568627453, 0.9819047619047618)",1,96.79697338307452,22408
"(0.9618138828565136, 0.97595009914078)",2,96.79681369056934,22410
"(0.946764828738513, 0.97595009914078)",1,96.79637807843352,22411
"(0.8822248676288769, 0.9747401857336788)",1,96.79631024601332,22412
"(0.9296302734822564, 0.9766826923076924)",1,96.79628860591323,22413
"(0.9384353741496598, 0.9713960577118472)",1,96.79624137777586,22414
"(0.8882535288785288, 0.9866666666666666)",1,96.79616185266389,22415
"(0.844758764317945, 0.9774943735933984)",1,96.795856093554,22416
"(0.8806818181818181, 0.9868055555555556)",4,96.7958198908149,22420
"(0.8761348091033453, 0.9774943735933984)",1,96.79562965456984,22421
"(0.9365750528541228, 0.9774943735933984)",1,96.79562363914536,22422
"(0.9759803921568628, 0.9778966131907308)",1,96.7955926559867,22423
"(0.91243961352657, 0.9866666666666666)",1,96.79497117459616,22424
"(0.9647217861503576, 0.9714285714285714)",1,96.79495317842552,22425
"(0.9320240125035522, 0.9882352941176472)",1,96.79486425409588,22426
"(0.9302579365079364, 0.9734722222222224)",1,96.7945785810311,22427
"(0.8757566103854729, 0.9885627144491042)",1,96.79444053367362,22428
"(0.9289529914529916, 1.0)",1,96.79431598186984,22429
"(0.8864468864468864, 1.0)",1,96.79427575404604,22430
"(0.9191387446502536, 0.9847494553376906)",1,96.79411851820367,22431
"(0.9523529411764708, 0.9679608656649474)",1,96.79399277835496,22432
"(1.0, 0.9841269841269842)",1,96.79378884672576,22433
"(0.8275809031622985, 1.0)",1,96.7934992952509,22434
"(0.8960328317373462, 0.9775193798449612)",1,96.79348977064352,22435
"(0.9045169946332738, 0.9667774086378738)",1,96.793270413069,22436
"(0.8708731355790179, 0.9868055555555556)",1,96.79315472717626,22437
"(0.4896538918597742, 0.9866666666666666)",1,96.79305632163936,22438
"(0.8765565134099617, 0.9866666666666666)",1,96.79299695688638,22439
"(0.8440126050420167, 0.9866666666666666)",1,96.7929057735114,22440
"(0.950682393081946, 0.9749660326086956)",1,96.79226055277871,22441
"(1.0, 1.0)",2,96.7922585458209,22443
"(0.9040106023792244, 0.9885627144491042)",1,96.79224412248104,22444
"(0.9436930909314628, 0.9643596441509156)",3,96.79214265583008,22447
"(0.9220534262485482, 0.9681338377164)",1,96.7920891084113,22448
"(0.8459679855028692, 0.9774943735933984)",1,96.79174836497864,22449
"(1.0, 1.0)",1,96.79161908297336,22450
"(0.8833628057765988, 1.0)",1,96.79159793618568,22451
"(0.941156690746474, 0.9886710239651416)",1,96.79127072265148,22452
"(0.9365750528541228, 0.9774943735933984)",1,96.79125471518728,22453
"(0.8448736477904788, 0.9892665474060824)",1,96.79102850941136,22454
"(0.7610695631528964, 0.9743589743589745)",1,96.79092800853284,22455
"(0.7365451388888888, 0.9868055555555556)",1,96.79085217590188,22456
"(0.8915343915343915, 0.9868055555555556)",1,96.79084297486024,22457
"(0.9454986295593504, 0.9868055555555556)",1,96.79080532273224,22458
"(0.5223765432098765, 0.9868055555555556)",1,96.7907213829178,22459
"(0.9841269841269842, 1.0)",2,96.79065336836146,22461
"(0.8729166666666666, 1.0)",1,96.7904987925354,22462
"(0.9077881758764113, 0.9729470735662686)",1,96.79035668857456,22463
"(0.7869981325863679, 1.0)",1,96.79020292120153,22464
"(0.9463327370304114, 0.9885627144491042)",1,96.79003753636552,22465
"(0.91280276816609, 0.977516339869281)",1,96.789724549449,22466
"(0.9507101086048454, 0.9841269841269842)",1,96.7895698898416,22467
"(0.9466207660652104, 1.0)",2,96.78949679847368,22469
"(0.9040106023792244, 0.9885627144491042)",1,96.78944617898163,22470
"(0.9464473684210528, 0.992156862745098)",1,96.78918565304718,22471
"(0.8178819444444445, 0.9734722222222224)",1,96.78913566651003,22472
"(0.7472785737929731, 0.9736842105263158)",1,96.78909227073726,22473
"(0.9841269841269842, 1.0)",1,96.78889307150178,22474
"(0.8763636363636363, 1.0)",1,96.78881751353148,22475
"(0.9715797169307606, 0.9785754927860192)",1,96.78879092425989,22476
"(0.8679951690821256, 0.9866666666666666)",1,96.78846876685044,22477
"(0.839875739137942, 0.9766894174579984)",1,96.78806960091292,22478
"(0.8191214470284237, 0.9774943735933984)",1,96.78793658484804,22479
"(0.9473838918283362, 0.9868055555555556)",1,96.78771330264377,22480
"(0.978144708175668, 0.9773420479302832)",1,96.78762061925148,22481
"(0.9296302734822564, 0.97595009914078)",3,96.7873380783518,22484
"(0.917859918146296, 0.9768686421937196)",1,96.78722141103792,22485
"(0.8734582431032859, 0.9774943735933984)",1,96.7865955729346,22486
"(0.8614235882223686, 0.97231119856182)",1,96.78654809544965,22487
"(0.9239488017429196, 0.966514939309057)",1,96.78644921853744,22488
"(0.8882535288785288, 0.9743589743589745)",1,96.78631232668342,22489
"(0.8779083570750237, 0.9743589743589745)",1,96.78626035742508,22490
"(0.7975164658278694, 1.0)",1,96.78619705601788,22491
"(0.8816657376439986, 0.9734722222222224)",1,96.78610675679494,22492
"(0.6296160130718955, 0.9866666666666666)",1,96.78607306594114,22493
"(0.9433680972830336, 0.9714285714285714)",1,96.78597801209222,22494
"(0.8494949494949495, 0.9734722222222224)",1,96.78589755050594,22495
"(0.8890722680670169, 0.9563953488372092)",1,96.78521313542704,22496
"(0.8708731355790179, 0.9868055555555556)",1,96.78502435102624,22497
"(0.9465811965811968, 1.0)",1,96.78497167519072,22498
"(0.8266666666666667, 1.0)",1,96.7848052563842,22499
"(0.899997244510117, 0.9913490623109498)",1,96.78395878755512,22500
"(0.960607978267748, 0.9715797169307606)",1,96.7839552062745,22501
"(0.9261349042540992, 0.9882352941176472)",1,96.7837322878078,22502
"(0.9433680972830336, 0.9647217861503576)",3,96.7836015908298,22505
"(0.915619658119658, 0.9748677248677248)",1,96.78339339415716,22506
"(0.8611111111111112, 1.0)",1,96.78325795265464,22507
"(0.9740143369175628, 0.9734722222222224)",1,96.78305687261424,22508
"(0.9092261904761906, 0.9734722222222224)",1,96.7828358172093,22509
"(0.9019323671497586, 0.9743589743589745)",1,96.78273322558664,22510
"(0.7423427395649618, 0.9868055555555556)",1,96.78272898283868,22511
"(0.8527777777777779, 0.9866666666666666)",2,96.78258410707552,22513
"(0.8927951388888888, 0.9866666666666666)",1,96.78224582541588,22514
"(0.9302579365079364, 0.9748677248677248)",1,96.78212167746048,22515
"(0.8941062801932367, 0.9868055555555556)",1,96.78195420560397,22516
"(0.907228074804801, 0.978144708175668)",1,96.78183234270452,22517
"(0.7149501661129568, 0.965497521921464)",2,96.78147722375732,22519
"(0.8423371647509579, 1.0)",4,96.78147290504862,22523
"(0.8457446808510638, 0.9868055555555556)",1,96.7814174075141,22524
"(0.9444444444444444, 0.9841269841269842)",1,96.78129117259576,22525
"(0.934274781341108, 0.9647217861503576)",3,96.7812862469429,22528
"(0.9643596441509156, 0.9678053830227744)",1,96.78109263352889,22529
"(0.7871989121989122, 0.9866666666666666)",1,96.78106299905254,22530
"(0.9045169946332738, 0.9667774086378738)",1,96.78055390010056,22531
"(0.9310789204679486, 0.9766826923076924)",1,96.78052918825595,22532
"(0.9066840277777778, 0.9743589743589745)",1,96.7805203684991,22533
"(0.9357142857142856, 0.9798196948682386)",3,96.78038164087928,22536
"(0.9070844099913866, 0.9774943735933984)",1,96.78034510719708,22537
"(0.9077881758764113, 0.9847494553376906)",1,96.78022328371836,22538
"(0.6403503049675462, 0.9885627144491042)",1,96.7800649736583,22539
"(0.8731060606060606, 0.9743589743589745)",1,96.77969243012654,22540
"(0.8586378737541528, 0.9885627144491042)",1,96.77932446586529,22541
"(0.8590556730091613, 0.9774943735933984)",1,96.77898205867166,22542
"(0.8925865800865801, 1.0)",1,96.7788522365453,22543
"(0.9618138828565136, 0.9749660326086956)",1,96.77857716968208,22544
"(0.8396753100700468, 0.9868055555555556)",1,96.77776341688585,22545
"(0.8905936111818465, 0.9840686274509804)",1,96.77749004606532,22546
"(0.9104761904761904, 0.9868055555555556)",1,96.77716732608212,22547
"(0.853187414500684, 0.9885627144491042)",1,96.7768616394432,22548
"(0.9589484126984128, 1.0)",1,96.77686057219186,22549
"(0.9579966888808584, 0.9749660326086956)",1,96.7765385279666,22550
"(0.977304372041214, 0.996078431372549)",1,96.77639548474995,22551
"(0.8520449077786689, 0.9885627144491042)",1,96.77602185452756,22552
"(0.950700596776178, 0.9798196948682386)",1,96.7757275133034,22553
"(0.9310828877005348, 0.9714285714285714)",1,96.77553727407572,22554
"(0.9424323293938236, 0.9885627144491042)",1,96.77551547460516,22555
"(0.8459679855028692, 0.9775193798449612)",2,96.77549646896136,22557
"(0.9508739421428176, 0.9721176108033788)",1,96.77531472610757,22558
"(0.7857324447417217, 0.9753398247055216)",1,96.77459885097409,22559
"(0.9841269841269842, 1.0)",1,96.77450514461388,22560
"(0.9310828877005348, 0.9678053830227744)",1,96.7744765046416,22561
"(0.9855521155830752, 0.9679454390451832)",1,96.7740985013889,22562
"(0.90437564499484, 0.9739780415090012)",1,96.77390547146231,22563
"(0.8448736477904788, 1.0)",1,96.77373298705044,22564
"(0.8264589732338745, 0.9885627144491042)",1,96.7736465326709,22565
"(0.9176532769556026, 0.9774943735933984)",2,96.77359240810516,22567
"(0.8604651162790697, 0.9774943735933984)",1,96.7735838743891,22568
"(0.9057088744588744, 0.9866666666666666)",1,96.77311158237198,22569
"(0.8468468468468467, 1.0)",1,96.77298166024153,22570
"(0.9649729659305584, 0.9670076726342712)",1,96.77296482352192,22571
"(0.7962233504512917, 0.9868055555555556)",1,96.77213752832272,22572
"(0.9444444444444444, 0.9841269841269842)",2,96.7719710777684,22574
"(0.896551724137931, 1.0)",1,96.77195884965568,22575
"(0.8881381381381382, 0.9748677248677248)",1,96.7719441661592,22576
"(0.7617031353604244, 0.9743589743589745)",1,96.77191150920808,22577
"(0.9230769230769232, 1.0)",1,96.77159209550516,22578
"(0.8129898303922073, 1.0)",1,96.771455077097,22579
"(0.8927951388888888, 0.9722222222222222)",1,96.7709773621496,22580
"(0.9688819909986466, 0.9749660326086956)",1,96.7709665969109,22581
"(0.8882535288785288, 0.9743589743589745)",1,96.77073577010547,22582
"(0.9272486772486772, 0.9743589743589745)",1,96.77065864296864,22583
"(0.7967201500483234, 0.9736842105263158)",1,96.77063416597684,22584
"(0.8550741594067247, 0.9892665474060824)",1,96.77058361144732,22585
"(0.800894584139265, 0.9743589743589745)",1,96.77055627785394,22586
"(0.8978758169934642, 0.9868055555555556)",1,96.77041150611537,22587
"(0.6296160130718955, 0.9866666666666666)",1,96.7704086124167,22588
"(0.7294483504597079, 0.9774943735933984)",1,96.77032533994036,22589
"(0.6775462962962963, 0.9866666666666666)",1,96.77016708649305,22590
"(0.8457446808510638, 0.9748677248677248)",1,96.76975674895957,22591
"(0.6856760145918833, 1.0)",1,96.7697328308968,22592
"(0.8300280681378243, 0.9868055555555556)",1,96.76945741978254,22593
"(0.8932369004949651, 0.9748677248677248)",1,96.76922273846066,22594
"(0.9665714285714284, 0.97595009914078)",2,96.7691110708804,22596
"(0.8714344685242518, 0.9882352941176472)",2,96.76906553185616,22598
"(0.9248366013071896, 1.0)",1,96.76881331053644,22599
"(0.8881381381381382, 0.9868055555555556)",1,96.76877963385157,22600
"(0.8468390938509743, 0.9770826184337416)",1,96.76851102635612,22601
"(0.8833628057765988, 1.0)",1,96.76820174874791,22602
"(0.8857001484413657, 0.9885627144491042)",1,96.7681866735768,22603
"(0.9657079385975222, 0.9679608656649474)",1,96.76816523020489,22604
"(0.9440010156109228, 0.992156862745098)",1,96.7681584897098,22605
"(0.8373015873015873, 1.0)",1,96.76799251062694,22606
"(0.8446379408861877, 0.9868055555555556)",1,96.76789714974876,22607
"(0.9088563274164362, 0.9736565055039632)",1,96.76783818639456,22608
"(0.9841269841269842, 1.0)",2,96.767760356175,22610
"(0.8467473884140551, 0.9866666666666666)",1,96.76766872940468,22611
"(0.9285714285714286, 0.9798196948682386)",3,96.76766288808416,22614
"(0.8100775193798448, 1.0)",1,96.76716526979608,22615
"(0.9647217861503576, 0.9785754927860192)",1,96.76709734565485,22616
"(0.8650226969848408, 0.9734722222222224)",1,96.76702736488436,22617
"(0.8590556730091613, 0.9775193798449612)",1,96.7668377197492,22618
"(0.9047558922558924, 0.9868055555555556)",1,96.76674066450624,22619
"(0.8190309499878695, 0.9774943735933984)",1,96.76669325959904,22620
"(0.7871989121989122, 0.9866666666666666)",1,96.7666185546081,22621
"(0.9740143369175628, 1.0)",2,96.7665491186312,22623
"(0.8584010840108401, 0.9868055555555556)",1,96.76601469138416,22624
"(0.9035714285714284, 0.958531746031746)",1,96.7659670042344,22625
"(0.807645640445745, 0.9760188918001388)",1,96.76595342231737,22626
"(0.8761348091033453, 0.9667774086378738)",1,96.76592536222267,22627
"(0.833064949006978, 1.0)",1,96.76589159037168,22628
"(0.9535924585381664, 0.9665714285714284)",1,96.76582684211064,22629
"(0.9201388888888888, 0.9866666666666666)",1,96.7657060418704,22630
"(0.8675136116152449, 1.0)",1,96.76558922292983,22631
"(0.7871989121989122, 0.9866666666666666)",1,96.7654679602138,22632
"(0.9135802469135802, 1.0)",1,96.76533391454704,22633
"(0.9003322259136212, 0.9667774086378738)",1,96.76510021310465,22634
"(0.909722222222222, 0.9877450980392156)",1,96.76503389315673,22635
"(0.9269637391618816, 0.9684407096171802)",1,96.76491555862304,22636
"(0.8818969448244414, 0.9885627144491042)",1,96.7648802087251,22637
"(0.8813339438339438, 0.9868055555555556)",1,96.7647797046502,22638
"(0.8440126050420167, 0.9743589743589745)",1,96.76456298094372,22639
"(0.9391865079365078, 1.0)",1,96.76453848844125,22640
"(0.7962233504512917, 0.9868055555555556)",1,96.7644372678588,22641
"(0.8927951388888888, 0.9866666666666666)",1,96.76440904834683,22642
"(0.9214457417582416, 0.9715797169307606)",1,96.76440540816652,22643
"(0.9049532029717788, 0.992156862745098)",1,96.76435217200192,22644
"(0.9226705733973176, 0.9727638167328804)",1,96.7636219580582,22645
"(0.9333333333333332, 1.0)",2,96.7636162104014,22647
"(0.8942523459812323, 0.9692634363686996)",1,96.76350111975978,22648
"(0.8817204301075269, 0.9841269841269842)",1,96.76332653546316,22649
"(0.9678608196882048, 0.9750869028930254)",1,96.76243007006494,22650
"(0.9666666666666668, 0.9841269841269842)",1,96.76232291707524,22651
"(0.9110256410256412, 0.9868055555555556)",1,96.76195315064246,22652
"(0.867704307568438, 0.9583928571428572)",1,96.76193022205064,22653
"(0.9333333333333332, 0.9841269841269842)",1,96.76192119891608,22654
"(0.9226705733973176, 0.9727638167328804)",1,96.76176147725744,22655
"(0.8708731355790179, 0.9868055555555556)",1,96.76154097056252,22656
"(0.8330439814814815, 1.0)",1,96.76145767285828,22657
"(0.8250936948853616, 1.0)",1,96.76133074651476,22658
"(0.9310828877005348, 0.9643596441509156)",1,96.7612735990932,22659
"(0.883580779054917, 0.986574074074074)",1,96.76109463803516,22660
"(0.908998988877654, 0.9774943735933984)",1,96.76105904287542,22661
"(0.9592592592592591, 1.0)",1,96.76095058927532,22662
"(0.9310789204679486, 0.9688819909986466)",1,96.76086584321148,22663
"(0.9715797169307606, 0.9683214285714286)",1,96.76081181685684,22664
"(0.9408668730650154, 0.9913490623109498)",1,96.760614578113,22665
"(0.9586520604621642, 0.9727638167328804)",3,96.76036171909578,22668
"(0.9386724386724388, 0.9841269841269842)",1,96.7603270557237,22669
"(0.9399223139548216, 0.992156862745098)",1,96.76030161410488,22670
"(0.8927951388888888, 0.9866666666666666)",1,96.7602033018838,22671
"(0.844758764317945, 0.965497521921464)",1,96.76016931131642,22672
"(0.8399595975936993, 0.9793973164499822)",1,96.76015807483024,22673
"(0.6775462962962963, 0.9743589743589745)",1,96.75984984441428,22674
"(0.9230769230769232, 1.0)",1,96.75973179016653,22675
"(0.8473809523809523, 0.9754464285714284)",1,96.75939341062843,22676
"(0.7365451388888888, 0.9868055555555556)",1,96.75934893576532,22677
"(0.8443223443223443, 0.9866666666666666)",1,96.75920195119204,22678
"(0.9333333333333332, 1.0)",1,96.75919371160182,22679
"(0.92925, 0.9678053830227744)",1,96.75912874142296,22680
"(0.960607978267748, 0.9608918659970924)",1,96.75903645249988,22681
"(0.813859649122807, 0.9866666666666666)",1,96.75898287275824,22682
"(0.9570332480818412, 0.9885026737967916)",1,96.75895478441646,22683
"(0.8186504754267384, 0.9774943735933984)",1,96.75881931761994,22684
"(0.9432302504125708, 0.9642857142857144)",1,96.75796003384636,22685
"(0.8978798708330872, 0.9780571219715956)",1,96.75784411966193,22686
"(0.8870067649538378, 0.9667774086378738)",1,96.75746844112756,22687
"(0.919687006945461, 0.9734722222222224)",1,96.75738638033404,22688
"(0.9047619047619048, 1.0)",1,96.75728031049442,22689
"(0.9507101086048454, 0.9841269841269842)",1,96.75699991451346,22690
"(0.7610695631528964, 0.9743589743589745)",2,96.75674577146034,22692
"(0.8881381381381382, 0.9604828042328042)",1,96.75657388070462,22693
"(0.7869981325863679, 1.0)",1,96.75645255310036,22694
"(0.8577654071075123, 0.9868055555555556)",1,96.75615454989666,22695
"(0.8714344685242518, 0.996078431372549)",1,96.75615128804458,22696
"(0.9841269841269842, 1.0)",1,96.75609157986864,22697
"(0.8046935824713601, 1.0)",1,96.755995959807,22698
"(0.9296576483944904, 0.992156862745098)",1,96.75594785926856,22699
"(0.919687006945461, 0.9583928571428572)",4,96.75591649826174,22703
"(0.9239488017429196, 0.973202614379085)",1,96.7556928960016,22704
"(0.7753527336860669, 0.9866666666666666)",1,96.75549460539722,22705
"(0.8577654071075123, 0.9868055555555556)",1,96.75548640484249,22706
"(0.9366629231646204, 0.9657079385975222)",1,96.75541888159078,22707
"(0.842841064926467, 0.9780571219715956)",1,96.75541162088447,22708
"(0.9019323671497586, 0.9868055555555556)",1,96.75528642686392,22709
"(0.8881381381381382, 0.9748677248677248)",1,96.75521932859044,22710
"(0.9216397849462366, 0.9868055555555556)",1,96.7550190070881,22711
"(0.8575440961689698, 0.9885627144491042)",1,96.75499568098786,22712
"(0.8902777777777777, 0.9734722222222224)",2,96.75492987910587,22714
"(0.9574505911522484, 0.9798196948682386)",3,96.754691250352,22717
"(0.9696969696969696, 0.9841269841269842)",1,96.75444617686392,22718
"(0.8375771604938271, 1.0)",1,96.75406816429808,22719
"(0.8779083570750237, 0.9743589743589745)",1,96.75399923228882,22720
"(0.9065891472868216, 0.965497521921464)",1,96.75398233487444,22721
"(0.8305168558651531, 0.9868055555555556)",1,96.7537479288943,22722
"(0.8577654071075123, 0.9868055555555556)",2,96.753557558211,22724
"(0.9879901960784314, 0.992156862745098)",2,96.75344736634918,22726
"(0.9310828877005348, 0.9750869028930254)",1,96.75340941666038,22727
"(0.9643596441509156, 0.9678608196882048)",3,96.75338052205124,22730
"(0.8627450980392157, 0.9696969696969696)",1,96.75319936359683,22731
"(0.8892740936103763, 0.973986714755296)",1,96.75301192005996,22732
"(0.9293342911877394, 0.9866666666666666)",1,96.75287019078904,22733
"(0.8466625966625967, 0.9868055555555556)",1,96.75257554124472,22734
"(0.9643596441509156, 0.9785714285714284)",1,96.75212699012542,22735
"(0.9407679738562092, 0.9748677248677248)",1,96.75210075781774,22736
"(0.950682393081946, 0.9716709318919264)",1,96.75178284203506,22737
"(0.6993055555555556, 0.9866666666666666)",1,96.75174429734253,22738
"(0.7871989121989122, 0.9866666666666666)",1,96.75146748380438,22739
"(0.8406622751683077, 0.9736495376635254)",1,96.7514173903506,22740
"(0.8705290357677138, 0.9774943735933984)",1,96.75123869055476,22741
"(0.9565375499581746, 0.97595009914078)",3,96.75115284778902,22744
"(0.9666666666666668, 0.9841269841269842)",1,96.75106574076844,22745
"(0.9543049270990448, 0.9882352941176472)",1,96.75092431437776,22746
"(0.8047996976568405, 0.9866666666666666)",1,96.7509036770224,22747
"(0.9444444444444444, 0.9841269841269842)",1,96.75066839254504,22748
"(0.6296160130718955, 0.9866666666666666)",2,96.75058279551178,22750
"(0.896551724137931, 1.0)",1,96.75050931491931,22751
"(1.0, 1.0)",1,96.75041185984982,22752
"(0.8319664902998236, 0.986574074074074)",1,96.7503941508041,22753
"(0.8281746031746032, 0.986574074074074)",1,96.75010550925104,22754
"(0.9841269841269842, 1.0)",1,96.7498745550181,22755
"(0.955544662122821, 0.9750869028930254)",1,96.7498530750026,22756
"(0.8888888888888888, 1.0)",1,96.749148710802,22757
"(0.9565217391304348, 1.0)",1,96.7489668141842,22758
"(0.9230769230769232, 1.0)",1,96.7489229106289,22759
"(0.7541326857238289, 0.9828844018198006)",1,96.74879600498888,22760
"(0.9166666666666666, 0.9583928571428572)",1,96.748769516525,22761
"(0.934274781341108, 0.9714285714285714)",1,96.7487567020238,22762
"(0.9192180611357128, 0.9774943735933984)",1,96.74872792064753,22763
"(0.7400546757164405, 1.0)",1,96.7487061742523,22764
"(0.9077881758764113, 0.9919117647058824)",1,96.74863799913292,22765
"(0.8031631097560976, 0.9748677248677248)",1,96.74851490245078,22766
"(0.9318498265866688, 0.9847494553376906)",1,96.74833824811066,22767
"(0.9040106023792244, 0.9775193798449612)",2,96.74775015859449,22769
"(0.8864468864468864, 1.0)",1,96.74770898635477,22770
"(0.8332521117608837, 1.0)",1,96.74766844980888,22771
"(0.8887191358024692, 0.9743589743589745)",1,96.74751849696412,22772
"(0.9216397849462366, 0.9868055555555556)",1,96.7472754142471,22773
"(0.9376385678569744, 0.9774943735933984)",1,96.74716016920716,22774
"(0.9207818930041152, 0.9743589743589745)",1,96.74714502673436,22775
"(0.7932875667429443, 0.9913490623109498)",1,96.74689442496668,22776
"(0.8887191358024692, 0.9743589743589745)",2,96.74686097859676,22778
"(0.8629629629629629, 0.9868055555555556)",1,96.74685853498345,22779
"(0.9643596441509156, 0.9678053830227744)",1,96.74683892087008,22780
"(0.9206668561144264, 0.9715219421101774)",2,96.74668953582967,22782
"(0.9047619047619048, 1.0)",1,96.7463870739733,22783
"(0.847123015873016, 0.9743589743589745)",1,96.74618744986302,22784
"(0.9366013071895424, 0.9894736842105264)",1,96.74611052765285,22785
"(0.948045267489712, 0.9868055555555556)",2,96.74605059909784,22787
"(0.9269637391618816, 0.9684407096171802)",1,96.7460196939126,22788
"(0.847123015873016, 0.9868055555555556)",1,96.74596568927868,22789
"(0.8557419333086079, 0.9766826923076924)",1,96.74573504421284,22790
"(0.8592532467532467, 0.986574074074074)",1,96.74572744305188,22791
"(1.0, 1.0)",1,96.74542124542126,22792
"(0.896551724137931, 0.9841269841269842)",2,96.74521711533431,22794
"(0.8133720930232559, 0.9667774086378738)",1,96.74518441342704,22795
"(0.8358413132694937, 0.9774943735933984)",1,96.74502807170228,22796
"(0.8189878637916814, 0.9868055555555556)",1,96.74499282415688,22797
"(0.8503626025507386, 0.97703055348615)",1,96.74493403134032,22798
"(0.942961408510189, 0.975060054907344)",1,96.74489788371308,22799
"(0.847123015873016, 0.9866666666666666)",1,96.74489064383252,22800
"(0.6775462962962963, 0.9866666666666666)",1,96.74476756539136,22801
"(0.8977777777777779, 1.0)",1,96.74473572938687,22802
"(0.9766612200435728, 0.992156862745098)",2,96.74472941439892,22804
"(0.919687006945461, 0.9734722222222224)",1,96.74467620203316,22805
"(0.9019607843137254, 0.9868055555555556)",1,96.74439598374856,22806
"(0.8527777777777779, 0.9743589743589745)",1,96.74387714345173,22807
"(0.9643596441509156, 0.9713960577118472)",1,96.743705512839,22808
"(0.9366629231646204, 0.9766826923076924)",1,96.7434917767601,22809
"(0.896551724137931, 1.0)",1,96.74344738199385,22810
"(0.8457575757575757, 0.9868055555555556)",1,96.7434224382886,22811
"(0.865079365079365, 1.0)",1,96.74340186640556,22812
"(0.961342940685046, 0.9714285714285714)",1,96.74320468557288,22813
"(0.8467473884140551, 0.9722222222222222)",1,96.74308287753249,22814
"(0.9356632048879978, 0.9747406226628292)",1,96.74306874762088,22815
"(0.922287769513936, 0.992156862745098)",1,96.74283085198228,22816
"(0.9302579365079364, 0.9748677248677248)",1,96.74277662739374,22817
"(0.9189473684210526, 0.9847494553376906)",2,96.74271771869084,22819
"(0.8990289449112978, 0.9886710239651416)",1,96.74269406730085,22820
"(0.9491329966329968, 0.9882352941176472)",1,96.74262986083126,22821
"(0.9358798064680418, 0.9925925925925926)",2,96.74247830580224,22823
"(0.9035714285714284, 0.9866666666666666)",1,96.74246020193009,22824
"(0.7294483504597079, 0.9774943735933984)",1,96.74243016456558,22825
"(0.9391627846790888, 0.9721176108033788)",1,96.74234483637204,22826
"(0.9886710239651416, 0.9840686274509804)",1,96.74198773522212,22827
"(0.8714344685242518, 0.9882352941176472)",1,96.74192984233024,22828
"(0.904126984126984, 1.0)",1,96.74177991073228,22829
"(0.389646300425286, 0.9868055555555556)",1,96.74164938272916,22830
"(0.9604697507658034, 0.9692634363686996)",3,96.74137068489668,22833
"(0.8975847069597069, 0.9714285714285714)",1,96.74130999822384,22834
"(0.8601973684210527, 0.9825319426526432)",6,96.7412668867029,22840
"(0.8790252340252339, 0.9866666666666666)",1,96.74118304089498,22841
"(0.9407679738562092, 0.9748677248677248)",1,96.74105160175024,22842
"(0.8330439814814815, 1.0)",4,96.74091599150478,22846
"(0.9688819909986466, 0.9645607615220874)",1,96.74090862095407,22847
"(0.842841064926467, 0.9780571219715956)",3,96.74089910776596,22850
"(0.9202508960573476, 0.9868055555555556)",1,96.74087824765128,22851
"(0.9024007936507936, 0.9868055555555556)",1,96.74075820274416,22852
"(0.8731060606060606, 0.9743589743589745)",1,96.7404461072753,22853
"(0.7869981325863679, 1.0)",1,96.7404240844126,22854
"(0.7973484848484849, 0.9743589743589745)",1,96.74039931707902,22855
"(0.8531211750305999, 0.9774943735933984)",1,96.74029555386524,22856
"(0.8569104506604507, 0.9868055555555556)",1,96.74028718855268,22857
"(0.91243961352657, 0.9866666666666666)",1,96.7401203358665,22858
"(0.867704307568438, 0.9734722222222224)",1,96.73997050795212,22859
"(0.8701066607489389, 0.9825319426526432)",6,96.73996951753529,22865
"(0.9413406918831606, 0.9894736842105264)",1,96.73992502503434,22866
"(0.9541062801932368, 0.9583928571428572)",1,96.73933646808604,22867
"(0.8661024879071576, 0.9746989374511228)",1,96.73928935842731,22868
"(0.8887191358024692, 0.9743589743589745)",1,96.73916156597684,22869
"(0.9333333333333332, 0.9841269841269842)",1,96.7391535809072,22870
"(0.92710864283235, 0.9775193798449612)",2,96.73896144028453,22872
"(0.8584010840108401, 0.9868055555555556)",1,96.73871632915665,22873
"(0.8440126050420167, 0.9866666666666666)",1,96.73870805076338,22874
"(0.915619658119658, 0.9868055555555556)",1,96.73856055981044,22875
"(0.8837209302325582, 0.9774943735933984)",1,96.73821733735556,22876
"(0.907834757834758, 0.9748677248677248)",1,96.73818648534336,22877
"(0.92925, 0.9749660326086956)",1,96.73780978620664,22878
"(0.9302579365079364, 0.9583928571428572)",1,96.73765802930244,22879
"(0.5223765432098765, 0.9868055555555556)",1,96.73762965155358,22880
"(0.8814236111111111, 0.9866666666666666)",1,96.73747745173218,22881
"(0.9023026315789472, 0.9754464285714284)",1,96.7374187594651,22882
"(0.9223063973063972, 0.9866666666666666)",1,96.73737823376273,22883
"(0.6156045751633987, 0.9868055555555556)",1,96.73733875657923,22884
"(0.9715797169307606, 0.9647217861503576)",1,96.73731249757684,22885
"(0.9469444444444444, 0.9847494553376906)",1,96.73726543268164,22886
"(0.8205662393162394, 0.9868055555555556)",1,96.73723199316554,22887
"(0.8967236467236468, 0.9866666666666666)",1,96.73690716686107,22888
"(0.7149501661129568, 0.9775193798449612)",1,96.73684876672148,22889
"(0.8888888888888888, 1.0)",1,96.73681313207425,22890
"(0.9657079385975222, 0.9716709318919264)",1,96.73657978740914,22891
"(0.8887419165196943, 0.9734722222222224)",1,96.73655535120884,22892
"(0.8265590958605664, 0.9734722222222224)",1,96.73653904615986,22893
"(0.9338598790554368, 0.9798196948682386)",3,96.73636113395791,22896
"(0.8375771604938271, 1.0)",1,96.73599543456876,22897
"(0.9696969696969696, 1.0)",1,96.7359737158838,22898
"(0.8743569449940641, 0.9780571219715956)",3,96.73587859039615,22901
"(0.8332521117608837, 1.0)",1,96.7358000123836,22902
"(0.9319444444444444, 0.9743589743589745)",2,96.73579595596696,22904
"(0.961342940685046, 0.9642166226376752)",1,96.73575676314113,22905
"(0.9678608196882048, 0.9679608656649474)",1,96.7356652661759,22906
"(0.8376068376068376, 1.0)",1,96.73559679577988,22907
"(0.9365750528541228, 0.9774943735933984)",2,96.73554881481952,22909
"(0.919687006945461, 0.9734722222222224)",1,96.73538972902182,22910
"(0.7200000000000001, 1.0)",1,96.73529323867828,22911
"(1.0, 1.0)",1,96.73526765632027,22912
"(0.8733091787439613, 0.9743589743589745)",1,96.7350390400854,22913
"(0.9366629231646204, 0.9727638167328804)",3,96.735012761278,22916
"(0.7610695631528964, 0.9743589743589745)",1,96.73492513011249,22917
"(0.8902777777777777, 0.9734722222222224)",1,96.73490569519612,22918
"(0.7081625209067293, 0.9825319426526432)",1,96.73483729941412,22919
"(0.8966049382716049, 0.9734722222222224)",1,96.73473413856873,22920
"(0.9333333333333332, 1.0)",1,96.73471939588458,22921
"(0.947860476880274, 0.9714285714285714)",1,96.73448343199136,22922
"(0.919687006945461, 0.9743589743589745)",4,96.73445316121078,22926
"(0.9651330532212884, 0.9610774410774412)",1,96.73444669397183,22927
"(0.81878722576397, 0.9667774086378738)",1,96.73441760586172,22928
"(0.9432302504125708, 0.9608918659970924)",1,96.73438808525684,22929
"(0.8531211750305999, 0.9774943735933984)",1,96.7337988845413,22930
"(0.961342940685046, 0.9679608656649474)",1,96.73377770558488,22931
"(0.847123015873016, 0.9743589743589745)",1,96.7336205903597,22932
"(0.8691860465116279, 0.9774943735933984)",1,96.73345100410724,22933
"(0.9345899470899472, 0.9868055555555556)",1,96.7331530609584,22934
"(0.9259560057540158, 0.9642166226376752)",1,96.73301058829286,22935
"(0.9540538847117792, 0.961342940685046)",3,96.73300657564928,22938
"(0.9023809523809524, 1.0)",1,96.73300248727884,22939
"(0.896551724137931, 0.9841269841269842)",1,96.73287546000203,22940
"(0.8779083570750237, 1.0)",2,96.73286177189952,22942
"(0.8946208112874778, 1.0)",1,96.73272718039242,22943
"(0.8786453242098404, 0.9866666666666666)",2,96.73268206827404,22945
"(0.8680075424261471, 0.9667774086378738)",1,96.73263511898162,22946
"(1.0, 1.0)",1,96.73253056011676,22947
"(0.8960328317373462, 0.9775193798449612)",2,96.73249264245965,22949
"(0.986574074074074, 0.9734722222222224)",1,96.73240507510596,22950
"(0.9386724386724388, 0.9841269841269842)",1,96.73169593406922,22951
"(0.8817204301075269, 1.0)",1,96.73151318897736,22952
"(0.7610695631528964, 0.9866666666666666)",1,96.73133912791496,22953
"(0.908998988877654, 0.9774943735933984)",1,96.73132025219262,22954
"(0.8459679855028692, 0.9775193798449612)",1,96.731219476569,22955
"(0.8604651162790697, 0.9885627144491042)",1,96.73115617713208,22956
"(0.9540538847117792, 0.9713960577118472)",1,96.73079549779456,22957
"(0.9253783187916316, 0.9778966131907308)",1,96.73059442259031,22958
"(0.8100693112010285, 0.975679105916394)",1,96.73046573444744,22959
"(0.8301220908241457, 0.9760137417823228)",1,96.7303913808658,22960
"(0.8703659188034188, 0.9868055555555556)",1,96.73030983104104,22961
"(0.9352372919478182, 0.9855521155830752)",1,96.7302288874244,22962
"(0.9799875505757858, 0.996078431372549)",1,96.7301611023535,22963
"(0.9665714285714284, 0.9688819909986466)",1,96.72981057525726,22964
"(0.8557419333086079, 0.9721176108033788)",1,96.72960324155116,22965
"(0.8282752506308395, 0.9774943735933984)",1,96.72957671297844,22966
"(0.8890722680670169, 0.9774943735933984)",1,96.72954177310524,22967
"(0.9424323293938236, 0.9775193798449612)",1,96.72923907627224,22968
"(0.8322048866647042, 0.9774943735933984)",2,96.72889566247876,22970
"(0.908998988877654, 0.9774943735933984)",1,96.72861554423504,22971
"(0.9172932330827066, 0.9841269841269842)",1,96.72853152400886,22972
"(0.9520261437908496, 0.9879901960784314)",1,96.7282771706887,22973
"(0.8650226969848408, 0.9734722222222224)",1,96.72810002160254,22974
"(0.8556731334509112, 0.9743589743589745)",1,96.72807202962171,22975
"(0.8943833943833944, 0.9841269841269842)",1,96.72793216757772,22976
"(0.9035714285714284, 0.9866666666666666)",1,96.7278676657714,22977
"(0.8650226969848408, 0.9866666666666666)",2,96.72767286523684,22979
"(0.958531746031746, 0.9868055555555556)",1,96.72762200706048,22980
"(0.8389982110912344, 0.9667774086378738)",1,96.72755584959296,22981
"(0.8031631097560976, 0.9868055555555556)",2,96.72755061510064,22983
"(0.9541062801932368, 0.9583928571428572)",2,96.72735552928484,22985
"(0.961342940685046, 0.9713960577118472)",3,96.72719046983396,22988
"(0.8887419165196943, 0.9734722222222224)",1,96.72717929768908,22989
"(0.917859918146296, 0.9724241977492752)",1,96.72696386918072,22990
"(0.8113181219906367, 0.9748677248677248)",1,96.72688277105912,22991
"(0.5248560962846677, 0.9642166226376752)",1,96.72661245674956,22992
"(0.8960328317373462, 0.9774943735933984)",1,96.72651672539016,22993
"(0.9444444444444444, 1.0)",1,96.72639933166248,22994
"(0.8921607065475332, 0.9775193798449612)",1,96.7263586293562,22995
"(0.7627644938304747, 0.9808046067656748)",1,96.72557537377791,22996
"(0.9586520604621642, 0.9705862533692722)",1,96.72553982768235,22997
"(0.8890722680670169, 0.9774943735933984)",1,96.72522484154072,22998
"(0.9507101086048454, 0.9841269841269842)",1,96.7251820004432,22999
"(0.6782946827273069, 0.9868055555555556)",1,96.72517391022322,23000
"(0.917859918146296, 0.9683535636476812)",1,96.7250596733685,23001
"(0.7282763532763532, 0.9868055555555556)",1,96.72505689997725,23002
"(0.9743589743589745, 0.9868055555555556)",1,96.72459117803926,23003
"(0.847123015873016, 0.9743589743589745)",1,96.72420199600592,23004
"(0.5223765432098765, 0.9868055555555556)",1,96.7241543359834,23005
"(0.6775462962962963, 0.9722222222222222)",1,96.72392312391985,23006
"(0.7800259083338473, 0.9774943735933984)",1,96.723805303461,23007
"(0.9070844099913866, 0.965497521921464)",1,96.72354580682386,23008
"(0.9343548387096776, 0.9866666666666666)",2,96.7235194953417,23010
"(0.8531211750305999, 0.965497521921464)",1,96.72351697018092,23011
"(0.8919095971175892, 0.9667774086378738)",1,96.72329209778148,23012
"(0.8074442213565879, 0.9767154066601028)",1,96.72326785344649,23013
"(0.4896538918597742, 0.9866666666666666)",1,96.7232547343378,23014
"(0.5281045751633987, 0.9885026737967916)",1,96.7231985835465,23015
"(0.9171090534979424, 1.0)",1,96.72310281887076,23016
"(0.8591750613113885, 0.9757180886755008)",1,96.7230037040504,23017
"(0.9325581395348838, 0.9775193798449612)",1,96.72297592059736,23018
"(0.8322048866647042, 0.9563953488372092)",1,96.72293310076022,23019
"(0.81878722576397, 0.9774943735933984)",1,96.722798736966,23020
"(0.9399138116785176, 0.9919117647058824)",1,96.72259937497232,23021
"(0.93916595083917, 0.9665714285714284)",1,96.72257758931408,23022
"(0.9035714285714284, 0.9866666666666666)",1,96.7224629585758,23023
"(0.6296160130718955, 0.9866666666666666)",1,96.7224196313818,23024
"(0.9035714285714284, 0.9866666666666666)",1,96.72238359349642,23025
"(0.8786453242098404, 0.9866666666666666)",1,96.72228205511196,23026
"(0.9391627846790888, 0.9688819909986466)",1,96.7222559607901,23027
"(0.8424947145877378, 0.9667774086378738)",1,96.722178447761,23028
"(0.8885119047619048, 0.9734722222222224)",1,96.72173969850748,23029
"(0.8753306878306878, 0.9868055555555556)",1,96.72166852414978,23030
"(0.9296302734822564, 0.9696381743256742)",1,96.72161723115848,23031
"(0.8459679855028692, 0.9774943735933984)",1,96.72159561547724,23032
"(0.9841269841269842, 1.0)",1,96.72106107018388,23033
"(0.9678608196882048, 0.9642857142857144)",1,96.72094250093984,23034
"(0.8836091234347048, 0.9667774086378738)",1,96.72078743008753,23035
"(0.9688819909986466, 0.9713960577118472)",1,96.72062796944525,23036
"(0.9206349206349206, 1.0)",1,96.72047708464233,23037
"(0.875, 1.0)",1,96.72041756966163,23038
"(0.9665714285714284, 0.9727638167328804)",1,96.72037556453591,23039
"(0.916550925925926, 0.9722222222222222)",1,96.72016807266796,23040
"(0.9224211423699916, 0.9696969696969696)",2,96.72013677532595,23042
"(0.9142520753512132, 0.986574074074074)",1,96.71993971982964,23043
"(0.8708731355790179, 0.9748677248677248)",1,96.71988083741496,23044
"(1.0, 1.0)",1,96.7197231310904,23045
"(0.8882535288785288, 0.9743589743589745)",1,96.71955577262312,23046
"(0.8547544409613373, 1.0)",1,96.71922330764032,23047
"(0.8301220908241457, 0.9767261088522392)",1,96.7188734504858,23048
"(0.91243961352657, 0.9866666666666666)",1,96.71826470312097,23049
"(0.8387491609744542, 0.9892665474060824)",1,96.71813112345728,23050
"(0.942961408510189, 0.9749660326086956)",1,96.71794882848754,23051
"(0.960607978267748, 0.9753758094357076)",1,96.71766721249834,23052
"(0.9696969696969696, 1.0)",1,96.71748057433688,23053
"(0.8163854689162486, 1.0)",1,96.71736481662346,23054
"(0.8629629629629629, 0.9868055555555556)",1,96.71697168723288,23055
"(0.947860476880274, 0.9678053830227744)",1,96.71682657967033,23056
"(0.9333333333333332, 1.0)",1,96.71678619753824,23057
"(1.0, 1.0)",1,96.71675485008818,23058
"(0.389646300425286, 0.9868055555555556)",1,96.71626257445097,23059
"(0.8856424148606811, 0.9866666666666666)",2,96.7161647455064,23061
"(0.9589484126984128, 0.9866666666666666)",1,96.71606816637905,23062
"(0.9253783187916316, 0.980582788671024)",1,96.71597408853644,23063
"(0.8762664758354415, 0.9714285714285714)",3,96.71594552887166,23066
"(0.7573718400360736, 0.9730648932943464)",1,96.71588055895346,23067
"(0.9365750528541228, 0.9774943735933984)",1,96.71560720305014,23068
"(0.7294483504597079, 0.9774943735933984)",1,96.71546538570163,23069
"(0.931377923976608, 0.9868508075744916)",2,96.71532017459528,23071
"(0.886574074074074, 0.9734722222222224)",1,96.71521302578604,23072
"(0.8814236111111111, 0.9866666666666666)",1,96.71506351349517,23073
"(0.9230769230769232, 0.9841269841269842)",1,96.7143440218004,23074
"(0.8616898148148148, 1.0)",1,96.71427126694596,23075
"(0.8065179582561031, 0.97741405965294)",1,96.71420284472543,23076
"(0.8133720930232559, 0.9774943735933984)",2,96.71382759913132,23078
"(0.8031631097560976, 0.9868055555555556)",1,96.71382639189056,23079
"(0.909209656084656, 1.0)",1,96.71378824731676,23080
"(0.9364583333333332, 0.9868055555555556)",1,96.71374693361116,23081
"(0.9214340198321892, 1.0)",1,96.71374447784858,23082
"(0.9499369338378628, 0.9913490623109498)",4,96.71365081908196,23086
"(0.8590556730091613, 0.9775193798449612)",1,96.7134472627386,23087
"(0.919687006945461, 0.9866666666666666)",1,96.7132269103913,23088
"(0.8467473884140551, 0.9722222222222222)",1,96.71284197337438,23089
"(0.9191742887131236, 0.9642166226376752)",1,96.71282799194792,23090
"(0.8095650919988757, 0.9777027027027028)",1,96.71278113484672,23091
"(0.7423427395649618, 0.9868055555555556)",2,96.7127565817172,23093
"(0.9214340198321892, 1.0)",1,96.71263016754756,23094
"(0.7362044405953198, 0.983853511167047)",1,96.71261193267866,23095
"(0.522660343657003, 0.979103928345574)",1,96.71256120242852,23096
"(0.7412486629885762, 0.9814545306800194)",1,96.71246598336208,23097
"(0.8577654071075123, 0.9868055555555556)",1,96.71180544722326,23098
"(0.8731196908559524, 0.9780571219715956)",1,96.71162991395212,23099
"(0.9586520604621642, 0.9766826923076924)",1,96.7115626871732,23100
"(0.9565217391304348, 0.9841269841269842)",1,96.71150422579927,23101
"(0.8786453242098404, 0.9866666666666666)",1,96.71111053886398,23102
"(0.847123015873016, 0.9868055555555556)",1,96.71099574208164,23103
"(0.8831018518518517, 1.0)",1,96.71082311090412,23104
"(0.8991666666666667, 1.0)",1,96.71057994842236,23105
"(0.9350548459681588, 0.992156862745098)",2,96.71054078298704,23107
"(0.95, 0.97595009914078)",1,96.71047366120511,23108
"(1.0, 1.0)",1,96.7104377104377,23109
"(0.9202401372212692, 1.0)",1,96.71032885652578,23110
"(0.8467473884140551, 0.9722222222222222)",1,96.7101412985377,23111
"(0.9685403050108932, 0.9777089783281734)",1,96.70959478214792,23112
"(0.8641433305377707, 0.9780571219715956)",3,96.7095421911706,23115
"(0.9047619047619048, 0.9841269841269842)",1,96.7093800842042,23116
"(0.5223765432098765, 0.9868055555555556)",2,96.70937523194522,23118
"(0.9497685185185184, 1.0)",1,96.709142974552,23119
"(0.8916919191919193, 0.9734722222222224)",1,96.70911266620227,23120
"(0.8557419333086079, 0.9736054421768708)",1,96.70905467959572,23121
"(0.8902765578490216, 0.9734722222222224)",1,96.70886953269644,23122
"(0.8129898303922073, 1.0)",1,96.70882552377392,23123
"(0.9365750528541228, 0.9667774086378738)",1,96.70865027481604,23124
"(0.8563074352548036, 0.9868055555555556)",1,96.70861476397305,23125
"(0.9135802469135802, 1.0)",1,96.70850606562458,23126
"(0.7723214285714286, 0.9743589743589745)",1,96.70837462752884,23127
"(0.9019607843137254, 1.0)",1,96.7083012747852,23128
"(0.9399223139548216, 0.984504357298475)",1,96.70805698642698,23129
"(0.8569104506604507, 0.9868055555555556)",1,96.70755629938796,23130
"(0.8925865800865801, 1.0)",2,96.70745680714886,23132
"(0.9879901960784314, 0.9886710239651416)",1,96.70730426855675,23133
"(0.992156862745098, 0.9638371290545203)",2,96.70721321002216,23135
"(0.9473838918283362, 0.9868055555555556)",4,96.70705840588371,23139
"(0.9023809523809524, 1.0)",1,96.707030848219,23140
"(0.7610695631528964, 0.9743589743589745)",4,96.70690475118028,23144
"(0.9302579365079364, 0.9734722222222224)",1,96.70673081514298,23145
"(0.9066840277777778, 0.9866666666666666)",1,96.70650568765248,23146
"(0.8634436934356743, 0.9774943735933984)",1,96.70636888768676,23147
"(0.992156862745098, 0.7931075460487225)",1,96.70612543820162,23148
"(0.8259011519881087, 0.9748677248677248)",1,96.70609854718543,23149
"(0.7515810167747625, 0.9801806484238916)",1,96.705983938346,23150
"(0.8714344685242518, 0.9882352941176472)",1,96.70554979529204,23151
"(0.9426783174151596, 0.97595009914078)",2,96.7051571954121,23153
"(0.9407729468599032, 1.0)",2,96.70496611599302,23155
"(0.9220534262485482, 0.9716709318919264)",1,96.70496115802328,23156
"(0.9391627846790888, 0.9727638167328804)",1,96.7043218356029,23157
"(0.8322048866647042, 0.9774943735933984)",1,96.70372373035536,23158
"(0.9916666666666668, 0.996078431372549)",1,96.70348279788686,23159
"(0.9333333333333332, 0.9841269841269842)",2,96.70341097195823,23161
"(0.9492266992266992, 0.9868055555555556)",1,96.70296416859205,23162
"(0.8804026684717579, 0.975000844598065)",1,96.70286489014842,23163
"(1.0, 0.9841269841269842)",1,96.7027146258268,23164
"(0.8779083570750237, 0.9743589743589745)",1,96.70211801209652,23165
"(0.8779083570750237, 0.9743589743589745)",1,96.70201986952516,23166
"(0.9003322259136212, 0.9774943735933984)",1,96.70126815832836,23167
"(0.8837209302325582, 0.9667774086378738)",1,96.70097470076904,23168
"(0.9384353741496598, 0.9643596441509156)",1,96.7005712463064,23169
"(0.9674603174603176, 1.0)",1,96.70055310248809,23170
"(0.883580779054917, 1.0)",1,96.7005311635089,23171
"(0.9376385678569744, 0.9774943735933984)",1,96.70013053815036,23172
"(0.9333333333333332, 1.0)",1,96.7000818209534,23173
"(0.9202401372212692, 0.9774943735933984)",1,96.7000319233214,23174
"(0.9135802469135802, 1.0)",1,96.69932830807136,23175
"(0.8965217391304348, 0.9734722222222224)",2,96.69924613960973,23177
"(1.0, 1.0)",1,96.69898092910606,23178
"(0.896551724137931, 1.0)",1,96.69896739760628,23179
"(0.8550741594067247, 0.9885627144491042)",1,96.69894478923396,23180
"(0.8975847069597069, 0.975060054907344)",1,96.69883244001568,23181
"(0.8592532467532467, 1.0)",1,96.69882251905682,23182
"(0.8858975827700768, 1.0)",1,96.69875721997153,23183
"(0.8778462998102468, 0.9722222222222222)",1,96.698752463141,23184
"(0.9492266992266992, 0.9868055555555556)",1,96.69859304308318,23185
"(0.8791623997269159, 0.9868055555555556)",1,96.69841780679336,23186
"(0.7460052025269417, 0.9743589743589745)",1,96.69827301889634,23187
"(0.7245388933440257, 0.9774943735933984)",1,96.69802251163836,23188
"(0.9037076648841356, 0.9663235294117648)",1,96.69795739588491,23189
"(0.8888888888888888, 0.9696969696969696)",1,96.69781811656712,23190
"(0.8166514041514041, 0.9748677248677248)",1,96.69780265747237,23191
"(0.9841269841269842, 1.0)",1,96.69768146987477,23192
"(0.9230116959064328, 0.9886710239651416)",1,96.6976665782672,23193
"(0.9211400121926436, 0.9766826923076924)",2,96.69698679355707,23195
"(0.986574074074074, 0.9734722222222224)",1,96.69686574623542,23196
"(0.8440126050420167, 0.9722222222222222)",1,96.69680267754087,23197
"(0.892733134920635, 0.9868055555555556)",1,96.69663329514556,23198
"(0.9308485656257932, 0.9714285714285714)",1,96.69653514058768,23199
"(0.8602750753767079, 0.9750078753638076)",1,96.69650390127404,23200
"(0.9628070175438596, 0.9882352941176472)",1,96.69647254773396,23201
"(0.9365260121142476, 0.9886710239651416)",1,96.69636321436694,23202
"(0.8885119047619048, 0.9734722222222224)",1,96.69627539892043,23203
"(0.8469839324618735, 1.0)",1,96.69603460176504,23204
"(0.8671417195826613, 0.9662727157199136)",2,96.6958898016399,23206
"(0.9715797169307606, 0.9715797169307606)",1,96.69582326410044,23207
"(0.9432302504125708, 0.9713960577118472)",1,96.69576853350624,23208
"(0.978144708175668, 0.9803376906318084)",1,96.69554334848227,23209
"(0.907228074804801, 0.9742231395482168)",1,96.69546123940744,23210
"(0.8680075424261471, 0.9774943735933984)",1,96.69524712977784,23211
"(0.8402777777777779, 1.0)",1,96.69519048916712,23212
"(0.9008444041867956, 0.9734722222222224)",1,96.69507300961524,23213
"(0.9041622150997152, 0.9868055555555556)",1,96.69464874369515,23214
"(0.4896538918597742, 0.9866666666666666)",1,96.69444969850494,23215
"(0.8705290357677138, 0.9774943735933984)",2,96.69438472086964,23217
"(0.9202508960573476, 0.9868055555555556)",1,96.6943813038928,23218
"(0.5229946524064171, 0.976470588235294)",1,96.6941058434922,23219
"(1.0, 1.0)",1,96.6939526279555,23220
"(0.853187414500684, 0.9775193798449612)",1,96.69382612660584,23221
"(0.9618138828565136, 0.9676234979973296)",1,96.69362440168068,23222
"(0.6993055555555556, 0.9722222222222222)",1,96.69360441213956,23223
"(0.8170400723750731, 0.9774943735933984)",1,96.6934556003645,23224
"(0.8960328317373462, 0.9885627144491042)",1,96.69342040604502,23225
"(0.9216397849462366, 0.9868055555555556)",1,96.69320328543388,23226
"(0.9541062801932368, 0.9734722222222224)",4,96.6928432260994,23230
"(0.9463327370304114, 0.9774943735933984)",1,96.6927100627843,23231
"(0.8457575757575757, 0.9868055555555556)",1,96.6925465934426,23232
"(0.8629629629629629, 0.9868055555555556)",1,96.69253446877384,23233
"(0.8133720930232559, 0.9667774086378738)",1,96.69247824067148,23234
"(0.992156862745098, 0.984504357298475)",1,96.69239020599112,23235
"(0.8571024784182679, 0.992156862745098)",1,96.69226416566832,23236
"(0.8837209302325582, 0.9667774086378738)",1,96.692096055194,23237
"(0.9444444444444444, 1.0)",1,96.69192015713756,23238
"(0.9465811965811968, 1.0)",1,96.69183758449036,23239
"(0.8323660714285714, 0.9722222222222222)",1,96.6916165305989,23240
"(0.9064872325741892, 0.9866666666666666)",2,96.69123428342404,23242
"(0.9008444041867956, 0.9583928571428572)",1,96.69120988241627,23243
"(0.946764828738513, 0.9766826923076924)",1,96.6911983700825,23244
"(0.9579966888808584, 0.9643596441509156)",1,96.69104137892283,23245
"(0.8680075424261471, 0.9885627144491042)",1,96.69081685181524,23246
"(0.7753527336860669, 0.9868055555555556)",1,96.69064907341463,23247
"(0.8590027258042806, 0.9692634363686996)",2,96.69063813667128,23249
"(0.8817204301075269, 0.9841269841269842)",2,96.6905974282796,23251
"(0.905151943324208, 0.9642857142857144)",1,96.69028439794756,23252
"(0.865079365079365, 0.9696969696969696)",1,96.69003088643268,23253
"(0.7349551414768807, 0.9743589743589745)",1,96.68998645548908,23254
"(0.9847494553376906, 0.9811076711386308)",2,96.6897731182392,23256
"(0.9657079385975222, 0.9679608656649474)",1,96.68974523951064,23257
"(0.8693120323003425, 0.97595009914078)",3,96.68951205958976,23260
"(0.8627450980392157, 1.0)",1,96.6894159628276,23261
"(0.9047558922558924, 0.9868055555555556)",1,96.68896277870536,23262
"(0.8700357638518202, 0.9913490623109498)",4,96.6888280456836,23266
"(0.7971704623878537, 0.992156862745098)",1,96.6887511879286,23267
"(0.9037076648841356, 0.9838235294117648)",2,96.68867925458991,23269
"(0.8893558268973552, 0.9885627144491042)",2,96.68837231861173,23271
"(0.773034398034398, 1.0)",1,96.68796781781998,23272
"(0.9503921568627453, 0.9753376906318082)",2,96.68765676242197,23274
"(0.986574074074074, 0.9734722222222224)",1,96.68761212585852,23275
"(0.8170400723750731, 0.9774943735933984)",1,96.68754454741716,23276
"(0.9774943735933984, 0.9667774086378738)",1,96.68753881369274,23277
"(0.8791954022988505, 0.9734722222222224)",1,96.68737367443026,23278
"(0.9541062801932368, 0.9734722222222224)",1,96.68733152510364,23279
"(0.8350168350168351, 1.0)",1,96.68726005568112,23280
"(0.8170400723750731, 0.9885627144491042)",1,96.68709285382036,23281
"(0.8113181219906367, 0.9868055555555556)",1,96.68694818647607,23282
"(0.9622395833333334, 0.9734722222222224)",1,96.68691082328608,23283
"(0.8047996976568405, 0.9866666666666666)",1,96.68629852855908,23284
"(0.8995164281928988, 0.976470588235294)",1,96.6862809412293,23285
"(0.5095110476046756, 0.9875112545018008)",1,96.68589891807856,23286
"(0.919687006945461, 0.9743589743589745)",1,96.68572964138863,23287
"(0.9318498265866688, 0.9838235294117648)",1,96.6855442288503,23288
"(0.7650293586269196, 0.9868055555555556)",1,96.685468841204,23289
"(0.9352372919478182, 0.956846405228758)",1,96.68513976316486,23290
"(0.9574505911522484, 0.9705862533692722)",1,96.68507371031905,23291
"(0.93323732718894, 0.9638392857142858)",1,96.68489378721124,23292
"(0.9534840838509316, 0.9705862533692722)",1,96.6848178594636,23293
"(0.7515810167747625, 0.9781012535199224)",1,96.68480933222727,23294
"(0.9696969696969696, 1.0)",1,96.6847139758184,23295
"(0.7081625209067293, 0.98711247296323)",1,96.68447035174356,23296
"(0.8965217391304348, 0.9734722222222224)",1,96.68431449074096,23297
"(0.8429041174227984, 0.9667774086378738)",2,96.68428339889716,23299
"(0.8765565134099617, 0.9866666666666666)",2,96.6836696416554,23301
"(0.9259560057540158, 0.9647217861503576)",1,96.68349099607362,23302
"(0.9724618736383442, 0.992156862745098)",1,96.6834265199802,23303
"(0.8527777777777779, 0.9743589743589745)",1,96.68322645204604,23304
"(0.8965217391304348, 0.9734722222222224)",4,96.68321259216088,23308
"(0.8467473884140551, 0.9866666666666666)",1,96.68316036192024,23309
"(0.5467842300221349, 0.981487638867157)",1,96.6829440354144,23310
"(0.9507101086048454, 0.9841269841269842)",1,96.6829151016796,23311
"(0.9224211423699916, 1.0)",2,96.68283171297546,23313
"(0.8373447204968943, 0.9722222222222222)",1,96.68271393909258,23314
"(0.8259011519881087, 0.9868055555555556)",1,96.68268029876717,23315
"(0.8157493041213971, 0.9892665474060824)",1,96.68259992164212,23316
"(0.9365750528541228, 0.9774943735933984)",1,96.68256034916811,23317
"(0.8943833943833944, 0.9841269841269842)",2,96.68238934486098,23319
"(0.8396845307996157, 0.9740643495864882)",1,96.68132232975366,23320
"(0.8600268137987934, 0.9885627144491042)",1,96.68120112049446,23321
"(0.9171090534979424, 1.0)",2,96.68119768458952,23323
"(0.911545829649278, 0.9722222222222222)",1,96.68100544867085,23324
"(0.8708731355790179, 0.9748677248677248)",1,96.68099098810588,23325
"(0.8589726631393297, 1.0)",1,96.6809273031016,23326
"(0.8888888888888888, 1.0)",1,96.6808776083803,23327
"(0.9460618398175734, 0.9716709318919264)",1,96.68059599529457,23328
"(0.9463327370304114, 0.9775193798449612)",1,96.68052730110549,23329
"(0.9296302734822564, 0.9798196948682386)",3,96.68014671811028,23332
"(0.8680075424261471, 0.9667774086378738)",1,96.67996170411942,23333
"(0.917859918146296, 0.977304372041214)",1,96.67928712355186,23334
"(0.9350548459681588, 0.9866666666666668)",1,96.67918225585196,23335
"(0.8757481940144478, 0.976470588235294)",1,96.67910287336518,23336
"(0.6782946827273069, 0.9868055555555556)",1,96.67896142899096,23337
"(0.9691305469556244, 0.9882352941176472)",1,96.67864561184128,23338
"(0.8399595975936993, 0.9756835602937298)",1,96.6786056779019,23339
"(0.955544662122821, 0.9749660326086956)",1,96.67855666155232,23340
"(0.7460317460317459, 1.0)",1,96.67848683651265,23341
"(0.9508739421428176, 0.9696381743256742)",1,96.67843510753676,23342
"(0.9040106023792244, 0.9775193798449612)",1,96.67821216538434,23343
"(0.9003322259136212, 0.9774943735933984)",1,96.67814762584509,23344
"(0.8941062801932367, 0.9868055555555556)",1,96.67779108734791,23345
"(0.8870067649538378, 0.9667774086378738)",1,96.6777795121848,23346
"(0.878968253968254, 0.9583928571428572)",1,96.677747396033,23347
"(0.9233333333333332, 0.9868055555555556)",1,96.67771019392852,23348
"(0.950700596776178, 0.9721176108033788)",1,96.67767626287718,23349
"(0.9618138828565136, 0.9647217861503576)",6,96.67751730766648,23355
"(0.8896256684491979, 0.9885026737967916)",1,96.67732212278196,23356
"(0.9060206664893564, 0.9648977033360302)",3,96.67726739883116,23359
"(0.9647217861503576, 0.9642857142857144)",1,96.67715111034596,23360
"(0.8680075424261471, 0.9667774086378738)",1,96.6770994300355,23361
"(0.9343548387096776, 0.9866666666666666)",1,96.67650046682958,23362
"(0.5223765432098765, 0.9868055555555556)",1,96.67627669075742,23363
"(0.8837209302325582, 0.9774943735933984)",1,96.6762394615181,23364
"(0.9176532769556026, 0.9775193798449612)",2,96.67613119429367,23366
"(0.9172045847248688, 0.9882352941176472)",1,96.67612324301336,23367
"(0.7144407750398374, 0.9774943735933984)",1,96.67603028609123,23368
"(0.9320240125035522, 0.9855521155830752)",1,96.67595905839626,23369
"(0.7690274841437632, 0.9885627144491042)",1,96.6759588371588,23370
"(0.8836091234347048, 0.9667774086378738)",1,96.67578277946352,23371
"(0.984504357298475, 0.9738562091503268)",2,96.67545294611952,23373
"(0.9421774651889742, 0.996078431372549)",1,96.67542836966764,23374
"(0.9618138828565136, 0.9643596441509156)",1,96.67537696849529,23375
"(0.8604651162790697, 0.9775193798449612)",1,96.67535680808416,23376
"(0.8426812585499316, 0.9667774086378738)",1,96.67529804973704,23377
"(0.4432805247702946, 0.9868055555555556)",1,96.67527926555135,23378
"(0.9540538847117792, 0.9643596441509156)",3,96.67525552328831,23381
"(0.8943833943833944, 0.9841269841269842)",1,96.6751048419243,23382
"(0.8443223443223443, 0.9589484126984128)",1,96.674986021185,23383
"(0.8446379408861877, 0.9868055555555556)",1,96.67457097678148,23384
"(0.9191742887131236, 0.9785714285714284)",1,96.67397989277158,23385
"(0.9224211423699916, 1.0)",1,96.6738113658426,23386
"(0.9224211423699916, 1.0)",1,96.6736908005696,23387
"(0.8817204301075269, 0.9841269841269842)",1,96.67307653567056,23388
"(0.9605451127819548, 0.9808278867102396)",1,96.6730125136427,23389
"(0.9057088744588744, 0.9866666666666666)",1,96.67298071785956,23390
"(0.8705290357677138, 0.9667774086378738)",1,96.67253814212796,23391
"(0.8571024784182679, 0.992156862745098)",1,96.67245235516936,23392
"(0.839484868820503, 0.9825319426526432)",3,96.67217822156238,23395
"(0.9565217391304348, 1.0)",1,96.671495714267,23396
"(0.8774993038150933, 0.98711247296323)",1,96.67139322301132,23397
"(0.9465827539807132, 0.9798196948682386)",1,96.67118164082233,23398
"(0.9065891472868216, 0.9775193798449612)",1,96.67116308430612,23399
"(0.875869740093878, 0.9734722222222224)",1,96.67101778058912,23400
"(0.941156690746474, 0.992156862745098)",1,96.67086942638925,23401
"(0.9618138828565136, 0.9665714285714284)",1,96.67079104512122,23402
"(0.7871989121989122, 0.9866666666666666)",1,96.67058820616028,23403
"(0.8814236111111111, 0.9866666666666666)",1,96.67052911217024,23404
"(0.9056772399713576, 0.9855521155830752)",1,96.67020119429137,23405
"(0.9135802469135802, 0.9841269841269842)",1,96.66991347242724,23406
"(0.8126903630604289, 0.9913490623109498)",4,96.66967879378612,23410
"(0.8356902356902357, 0.9868055555555556)",1,96.66961611386836,23411
"(0.8627653708298868, 0.9734722222222224)",1,96.66945413161302,23412
"(0.8882535288785288, 0.9734722222222224)",1,96.66942762027313,23413
"(0.9230769230769232, 1.0)",1,96.6692351398656,23414
"(0.8013468013468013, 0.9841269841269842)",1,96.66917880972092,23415
"(0.911545829649278, 0.9722222222222222)",1,96.66913138102947,23416
"(0.9541062801932368, 0.9734722222222224)",1,96.66891870740432,23417
"(0.8836091234347048, 0.9667774086378738)",1,96.66881818170188,23418
"(0.9433680972830336, 0.9606447334368527)",1,96.66871767743989,23419
"(0.8253968253968256, 1.0)",1,96.66850220082485,23420
"(0.9, 0.9507101086048454)",2,96.66849646483972,23422
"(0.91243961352657, 0.9866666666666666)",1,96.66842156723357,23423
"(1.0, 1.0)",1,96.66839199447897,23424
"(0.869419370619061, 0.977304372041214)",1,96.66837195026514,23425
"(0.9202401372212692, 1.0)",1,96.66822971575802,23426
"(0.9565217391304348, 1.0)",2,96.6681608090792,23428
"(0.9168115942028986, 0.9877450980392156)",1,96.66795933522025,23429
"(0.9035714285714284, 0.9866666666666666)",1,96.66775626113062,23430
"(0.8729166666666666, 1.0)",1,96.66717714293694,23431
"(0.8786453242098404, 0.9866666666666666)",1,96.66716066718485,23432
"(0.8494949494949495, 0.9734722222222224)",2,96.66703754754651,23434
"(0.9079861111111112, 0.9868055555555556)",1,96.66687920624622,23435
"(0.9565217391304348, 0.9841269841269842)",1,96.66680171256854,23436
"(0.8890722680670169, 0.9774943735933984)",1,96.66663693077491,23437
"(0.9386724386724388, 0.9841269841269842)",1,96.66660640231004,23438
"(0.9540538847117792, 0.9534840838509316)",1,96.66658878992872,23439
"(0.9424323293938236, 0.9775193798449612)",1,96.66648118368164,23440
"(0.8786453242098404, 0.9866666666666666)",2,96.6664760048206,23442
"(0.8879227227021343, 0.971708020181746)",1,96.66608105961836,23443
"(0.9269637391618816, 0.984504357298475)",2,96.66601998208554,23445
"(0.7349551414768807, 0.9743589743589745)",4,96.66576447685324,23449
"(0.7973484848484849, 0.9743589743589745)",2,96.66550127096846,23451
"(0.9018073680369506, 0.984504357298475)",1,96.66547812426433,23452
"(0.9144192834138488, 0.9722222222222222)",1,96.66529835042262,23453
"(0.8941062801932367, 0.9748677248677248)",1,96.66522352295787,23454
"(0.9027777777777778, 0.9734722222222224)",1,96.6650097041626,23455
"(0.908998988877654, 0.9667774086378738)",1,96.6646264830188,23456
"(0.9808278867102396, 0.996078431372549)",1,96.66452618293113,23457
"(0.4896538918597742, 0.9866666666666666)",1,96.66446883657773,23458
"(0.8113181219906367, 0.9868055555555556)",1,96.6644025605142,23459
"(0.813953488372093, 0.9775193798449612)",1,96.66435270457733,23460
"(0.8466625966625967, 0.9748677248677248)",1,96.66421934583047,23461
"(0.934274781341108, 0.9678053830227744)",1,96.66392408418784,23462
"(0.917859918146296, 0.9692558192867792)",1,96.66380591875884,23463
"(0.8967236467236468, 0.9866666666666666)",1,96.66380384221476,23464
"(0.8454115226337449, 0.9868055555555556)",1,96.66358854591994,23465
"(0.9018073680369506, 0.984504357298475)",1,96.66358646884036,23466
"(0.816609291545804, 0.9780460467946086)",1,96.6631554217148,23467
"(0.8571024784182679, 0.996078431372549)",1,96.66302615397989,23468
"(0.8932369004949651, 0.9748677248677248)",1,96.66277495174624,23469
"(0.9206668561144264, 0.9886710239651416)",1,96.66259735502469,23470
"(0.9049919484702094, 0.9841269841269842)",1,96.6624055022784,23471
"(0.9142520753512132, 1.0)",1,96.66230207728282,23472
"(0.9365750528541228, 0.9774943735933984)",4,96.66215606321954,23476
"(0.9803376906318084, 0.996078431372549)",1,96.661730982919,23477
"(0.7610695631528964, 0.9743589743589745)",1,96.6616662382688,23478
"(0.8882535288785288, 0.9734722222222224)",2,96.66162124611787,23480
"(0.7245388933440257, 0.965497521921464)",1,96.6616028667856,23481
"(0.92925, 0.9714285714285714)",1,96.66143195204756,23482
"(0.8138881768037778, 0.992156862745098)",1,96.6613764529639,23483
"(0.9678608196882048, 0.9749660326086956)",3,96.66107688518989,23486
"(0.8365744453354719, 0.9767441860465116)",1,96.66079817229227,23487
"(0.905151943324208, 0.9714285714285714)",1,96.6607925222842,23488
"(0.9674603174603176, 1.0)",1,96.6605268553422,23489
"(0.8783482142857142, 0.9583928571428572)",1,96.66045811598384,23490
"(0.8705290357677138, 0.9774943735933984)",1,96.66018637720092,23491
"(0.8788323569411767, 0.9825319426526432)",6,96.6593312752941,23497
"(0.7591142927392052, 0.9768215729159552)",1,96.659130562092,23498
"(0.9481474980306196, 0.9749660326086956)",1,96.65897186053397,23499
"(0.8586291309669523, 0.9667774086378738)",1,96.6589275207001,23500
"(0.9540538847117792, 0.9681338377164)",3,96.65888191276368,23503
"(0.5223765432098765, 0.9868055555555556)",2,96.65887215287933,23505
"(0.8680075424261471, 0.9667774086378738)",1,96.65868662684711,23506
"(0.8882535288785288, 0.9734722222222224)",1,96.6585654745203,23507
"(0.8765565134099617, 0.9866666666666666)",1,96.65845838339996,23508
"(1.0, 1.0)",1,96.65786599828525,23509
"(0.908998988877654, 0.965497521921464)",1,96.65779416911758,23510
"(0.853187414500684, 0.9775193798449612)",1,96.65775406934284,23511
"(0.91243961352657, 0.9722222222222222)",1,96.6577376292076,23512
"(0.9333333333333332, 1.0)",1,96.65766455766456,23513
"(0.9019323671497586, 0.9866666666666666)",1,96.65727650860508,23514
"(0.9579966888808584, 0.9678053830227744)",1,96.65710119477195,23515
"(0.8865222421256904, 0.9866666666666666)",1,96.65709956166585,23516
"(0.9365750528541228, 0.9774943735933984)",1,96.65706982464329,23517
"(0.9078178834366952, 0.9650363879165252)",1,96.65704492693791,23518
"(0.9333333333333332, 1.0)",1,96.65622605481876,23519
"(0.9209085933223864, 0.971291866028708)",1,96.65614679261562,23520
"(0.9135802469135802, 1.0)",2,96.65610480869516,23522
"(0.896551724137931, 1.0)",1,96.65610417866688,23523
"(0.875, 1.0)",1,96.65592209023382,23524
"(0.7149501661129568, 0.965497521921464)",1,96.65578464263967,23525
"(0.8765565134099617, 0.9866666666666666)",1,96.65570051715848,23526
"(0.8629629629629629, 0.9868055555555556)",4,96.655693247047,23530
"(0.9408668730650154, 0.9913490623109498)",3,96.6555653547604,23533
"(0.8885119047619048, 0.9734722222222224)",1,96.65550117054492,23534
"(0.8405695611577965, 0.9748677248677248)",1,96.65544596337446,23535
"(0.955544662122821, 0.9750869028930254)",1,96.6553869168181,23536
"(0.9019607843137254, 0.9868055555555556)",1,96.65534837152062,23537
"(0.9064872325741892, 0.9868055555555556)",1,96.65533913661152,23538
"(0.8881381381381382, 0.9748677248677248)",1,96.65476204825728,23539
"(0.9508739421428176, 0.9727638167328804)",1,96.65474592640332,23540
"(0.9882352941176472, 0.8618595825426945)",1,96.65471391970895,23541
"(0.8705290357677138, 0.9774943735933984)",2,96.6544992237835,23543
"(0.9400266838424732, 0.9894736842105264)",1,96.6543873970524,23544
"(0.8779083570750237, 0.9743589743589745)",1,96.65423235181082,23545
"(0.8840890522875817, 0.9868055555555556)",2,96.65422576937615,23547
"(0.8997086999609598, 0.9715797169307606)",3,96.65421967427524,23550
"(0.8932369004949651, 0.9868055555555556)",1,96.6541728932418,23551
"(0.8753306878306878, 0.9748677248677248)",1,96.65414449737364,23552
"(0.9079861111111112, 0.9734722222222224)",1,96.65409490857176,23553
"(0.8569104506604507, 0.9868055555555556)",1,96.65396799903009,23554
"(0.8650226969848408, 0.9734722222222224)",1,96.65387064506152,23555
"(0.9027777777777778, 0.9734722222222224)",1,96.6538425117686,23556
"(0.7523597208404582, 0.9816266435510738)",1,96.65377336047612,23557
"(0.9092261904761906, 0.9734722222222224)",1,96.6536590087254,23558
"(0.8889463321560508, 0.9847117794486216)",1,96.65359670572936,23559
"(0.8857001484413657, 1.0)",1,96.6534377752188,23560
"(0.7610695631528964, 0.9743589743589745)",1,96.6533526371344,23561
"(0.8594444444444445, 0.9734722222222224)",1,96.65326613464696,23562
"(0.8396845307996157, 0.9780571219715956)",1,96.652568496352,23563
"(0.8518518518518519, 0.9841269841269842)",1,96.6524800538742,23564
"(0.867704307568438, 0.9734722222222224)",1,96.65241739352057,23565
"(0.9325581395348838, 0.9775193798449612)",1,96.65231104081242,23566
"(0.8277423133433764, 0.9760137417823228)",1,96.6520248073534,23567
"(0.9296302734822564, 0.9727638167328804)",3,96.65197816716552,23570
"(0.908998988877654, 0.9667774086378738)",1,96.65181553946314,23571
"(0.8837209302325582, 0.9774943735933984)",1,96.651538934263,23572
"(0.7988631272401433, 0.9868055555555556)",1,96.65141349617764,23573
"(0.9092261904761906, 0.9583928571428572)",1,96.651012277933,23574
"(0.813953488372093, 0.9774943735933984)",1,96.65099360053588,23575
"(0.8527777777777779, 0.9743589743589745)",1,96.6507478195674,23576
"(0.9428823795600112, 0.9913490623109498)",3,96.65056737328162,23579
"(0.6856760145918833, 1.0)",1,96.65048457281036,23580
"(0.8467473884140551, 0.9866666666666666)",1,96.65015769474948,23581
"(0.9565217391304348, 0.9841269841269842)",2,96.65011075880663,23583
"(0.9224211423699916, 1.0)",1,96.65010310529216,23584
"(0.8579309881982901, 0.9743458629847762)",1,96.64985042261998,23585
"(0.8227906976744187, 0.9775193798449612)",1,96.6497365860767,23586
"(0.9230769230769232, 1.0)",1,96.64956876721584,23587
"(0.7365451388888888, 0.9868055555555556)",1,96.64955959864722,23588
"(0.8858975827700768, 1.0)",1,96.64938315576649,23589
"(0.7800259083338473, 0.9774943735933984)",1,96.64936805860654,23590
"(0.8457575757575757, 0.9868055555555556)",1,96.6490980629164,23591
"(0.8178819444444445, 0.9583928571428572)",1,96.64884785225073,23592
"(0.992156862745098, 0.795068330362448)",1,96.64857098539618,23593
"(0.9008444041867956, 0.9734722222222224)",1,96.64845561066504,23594
"(0.9665714285714284, 0.97595009914078)",2,96.64841778977414,23596
"(0.9364583333333332, 0.9868055555555556)",1,96.64839785373468,23597
"(0.9391627846790888, 0.9696381743256742)",1,96.64805646948774,23598
"(0.8915343915343915, 1.0)",2,96.64801644790874,23600
"(0.9365750528541228, 0.9774943735933984)",1,96.64795194343316,23601
"(0.8587799123693967, 0.9550387596899224)",1,96.64787097774186,23602
"(0.9065891472868216, 0.9775193798449612)",1,96.64786627685464,23603
"(0.9841269841269842, 0.9841269841269842)",1,96.64754038796774,23604
"(0.8553576830006049, 0.9734722222222224)",1,96.64741914503529,23605
"(0.9743589743589745, 0.9866666666666666)",1,96.6473727790003,23606
"(0.8837209302325582, 0.9774943735933984)",1,96.64733671036944,23607
"(0.9230769230769232, 1.0)",1,96.64707198613188,23608
"(0.8686868686868687, 1.0)",1,96.64703554830594,23609
"(0.8806818181818181, 0.9868055555555556)",1,96.64672418709756,23610
"(0.9696969696969696, 0.9841269841269842)",1,96.64661417960664,23611
"(0.9397665508331108, 0.965497521921464)",1,96.64600730594556,23612
"(0.8902777777777777, 0.9734722222222224)",1,96.64597837459884,23613
"(0.9565217391304348, 0.9841269841269842)",1,96.6458508296802,23614
"(0.8104166666666667, 0.9734722222222224)",1,96.64580619173924,23615
"(0.8461343654434251, 0.975000844598065)",1,96.6457492346654,23616
"(0.8965217391304348, 0.9734722222222224)",1,96.64560370175798,23617
"(0.7650293586269196, 1.0)",1,96.64541985854684,23618
"(0.8259011519881087, 0.9868055555555556)",1,96.64522090864196,23619
"(0.9565217391304348, 0.9841269841269842)",1,96.6452009745489,23620
"(0.7349551414768807, 0.9743589743589745)",1,96.64500653233928,23621
"(0.9023026315789472, 0.9754464285714284)",1,96.64490324089948,23622
"(0.9565217391304348, 1.0)",1,96.64487586866105,23623
"(0.7650293586269196, 1.0)",1,96.64485399974038,23624
"(0.91243961352657, 0.9866666666666666)",1,96.64460178474036,23625
"(0.9065891472868216, 0.9885627144491042)",1,96.6445000523576,23626
"(0.9333333333333332, 0.9841269841269842)",1,96.64444685749056,23627
"(0.8060320096123339, 0.969913169748696)",1,96.64444329775992,23628
"(0.8925865800865801, 1.0)",1,96.64431041939044,23629
"(0.8306818181818182, 0.9734722222222224)",1,96.64424872954116,23630
"(0.8064642163957232, 0.9736486486486486)",1,96.64401587815006,23631
"(0.952503401360544, 0.9688819909986466)",1,96.64390181564154,23632
"(0.95, 0.9647156084656086)",1,96.643844853207,23633
"(0.8275809031622985, 1.0)",1,96.64359781536952,23634
"(0.8650226969848408, 0.9734722222222224)",1,96.64348883885803,23635
"(0.896551724137931, 1.0)",2,96.64306217417668,23637
"(0.90437564499484, 0.9698113748423346)",1,96.64269831831822,23638
"(0.961342940685046, 0.975060054907344)",1,96.64252052445362,23639
"(0.9035714285714284, 0.9866666666666666)",2,96.64227482590115,23641
"(0.8440126050420167, 0.9722222222222222)",1,96.64220496068457,23642
"(0.8428739632573199, 0.9868055555555556)",1,96.64201048813683,23643
"(0.9433680972830336, 0.9713960577118472)",1,96.6416992454215,23644
"(0.8967236467236468, 0.9866666666666666)",2,96.641579947502,23646
"(0.8791954022988505, 0.9734722222222224)",4,96.64156790399753,23650
"(0.8419830743891047, 1.0)",1,96.64138121011538,23651
"(0.7777777777777776, 1.0)",2,96.64129888858857,23653
"(0.9411376480416728, 0.992156862745098)",1,96.6409893674043,23654
"(0.8932369004949651, 0.9868055555555556)",2,96.64058669344898,23656
"(0.9302579365079364, 1.0)",1,96.6403689098272,23657
"(0.7675416603341696, 0.9743252139561442)",1,96.6403345171033,23658
"(0.7707924493038034, 0.9743589743589745)",1,96.6403163994014,23659
"(0.8017598343685299, 0.9722222222222222)",1,96.64018485508755,23660
"(0.9574505911522484, 0.9736054421768708)",1,96.63987567000886,23661
"(0.8837209302325582, 0.9774943735933984)",1,96.6393492884336,23662
"(0.9003322259136212, 0.9774943735933984)",1,96.63926173118575,23663
"(0.7162037037037038, 1.0)",2,96.63898434620234,23665
"(0.8459679855028692, 0.9774943735933984)",1,96.6389090148329,23666
"(0.8277537197423939, 0.9825319426526432)",1,96.6385212793653,23667
"(0.9113243706184884, 0.984313725490196)",1,96.63821455982196,23668
"(0.9444444444444444, 1.0)",1,96.63820369591969,23669
"(0.8627653708298868, 0.9734722222222224)",1,96.6381896156478,23670
"(0.875, 1.0)",1,96.63814259834672,23671
"(0.8265700981304325, 0.9662727157199136)",1,96.63810477266196,23672
"(0.986574074074074, 0.9866666666666666)",2,96.63805419862172,23674
"(0.946764828738513, 0.9647156084656086)",1,96.63804166531936,23675
"(0.7610695631528964, 0.9866666666666666)",1,96.63798160602911,23676
"(0.8065179582561031, 0.976359245223652)",1,96.63793814398036,23677
"(0.896551724137931, 1.0)",1,96.63774809289188,23678
"(0.6775462962962963, 0.9866666666666666)",1,96.6377098423251,23679
"(0.9384353741496598, 0.9679608656649474)",1,96.637557997265,23680
"(0.8750377996976023, 0.9662727157199136)",1,96.63755171283177,23681
"(0.8425925925925927, 0.9841269841269842)",1,96.6375137448365,23682
"(0.875, 1.0)",1,96.6374645549938,23683
"(0.8424947145877378, 0.9667774086378738)",1,96.63707656987438,23684
"(0.9424323293938236, 0.9775193798449612)",1,96.63686849382496,23685
"(0.7973484848484849, 0.9866666666666666)",1,96.6367937601486,23686
"(0.9542023172905526, 0.9925925925925926)",2,96.63655547814751,23688
"(0.81878722576397, 0.9667774086378738)",1,96.63643321138149,23689
"(0.9202401372212692, 0.9885627144491042)",1,96.63638031949228,23690
"(0.896551724137931, 1.0)",1,96.6362263667032,23691
"(0.9841269841269842, 1.0)",1,96.63548038330649,23692
"(0.7349551414768807, 0.9866666666666666)",1,96.63547304500004,23693
"(0.917859918146296, 0.977304372041214)",1,96.63510897781588,23694
"(0.9144192834138488, 0.9868055555555556)",1,96.63485636465664,23695
"(0.914652757654786, 0.9816305469556244)",1,96.63482473534124,23696
"(0.7707924493038034, 0.9743589743589745)",1,96.63479289641069,23697
"(0.8590036231884057, 0.9866666666666666)",1,96.63474402845596,23698
"(0.8448688271604938, 0.9868055555555556)",1,96.63426741484068,23699
"(0.9066840277777778, 0.9748677248677248)",1,96.63424723639451,23700
"(0.7707924493038034, 0.9743589743589745)",1,96.63395094326702,23701
"(0.9066840277777778, 0.9722222222222222)",1,96.6339210451186,23702
"(0.908998988877654, 0.9667774086378738)",2,96.63370198839785,23704
"(0.9674603174603176, 1.0)",1,96.63356623882932,23705
"(0.8705290357677138, 0.9774943735933984)",1,96.633459346989,23706
"(0.8798869668155956, 0.9885627144491042)",1,96.63343744156174,23707
"(0.8902777777777777, 0.9866666666666666)",2,96.63332795862672,23709
"(0.7871989121989122, 0.9866666666666666)",2,96.63330806327194,23711
"(0.8387491609744542, 0.9767441860465116)",1,96.63296078893885,23712
"(0.9214457417582416, 0.9714285714285714)",2,96.63277345728098,23714
"(0.9696969696969696, 0.9841269841269842)",1,96.63275776071966,23715
"(0.9041666666666666, 0.9868055555555556)",4,96.63268120097808,23719
"(0.9035155195681512, 0.9886710239651416)",1,96.63258944992444,23720
"(0.896551724137931, 1.0)",1,96.63257714671944,23721
"(0.8707729468599035, 0.9734722222222224)",1,96.63248336437545,23722
"(0.8893558268973552, 0.9885627144491042)",1,96.63243803524324,23723
"(0.8789510006901311, 0.9722222222222222)",1,96.63234629818618,23724
"(0.8731196908559524, 0.98711247296323)",1,96.63212935132292,23725
"(0.9894736842105264, 0.7931075460487225)",1,96.63188296384835,23726
"(0.8275809031622985, 1.0)",2,96.63163339910382,23728
"(0.8876464446796928, 0.9810457516339868)",1,96.6315652515564,23729
"(0.7544006919006919, 0.986574074074074)",1,96.63155564769436,23730
"(0.8259011519881087, 0.9866666666666666)",1,96.63140280325472,23731
"(0.9366629231646204, 0.97595009914078)",1,96.63127405861492,23732
"(0.8521317829457364, 1.0)",2,96.6310229159496,23734
"(0.9296302734822564, 0.97595009914078)",1,96.63101347988366,23735
"(0.961342940685046, 0.9749660326086956)",2,96.6309757434626,23737
"(0.8522544946607246, 0.9726527259201698)",1,96.6309424872795,23738
"(0.9351600241545894, 0.9748677248677248)",1,96.63081083475058,23739
"(0.8688630490956073, 0.9748677248677248)",1,96.63065379316014,23740
"(0.9333333333333332, 0.9841269841269842)",2,96.63027008231876,23742
"(0.9667774086378738, 0.9667774086378738)",1,96.6302476062264,23743
"(0.8255813953488372, 0.9775193798449612)",1,96.63012949771114,23744
"(0.9302579365079364, 0.9748677248677248)",1,96.62998827285054,23745
"(0.8443223443223443, 0.9866666666666666)",1,96.62986989106412,23746
"(0.8900759734093067, 1.0)",1,96.62979428942994,23747
"(0.813953488372093, 0.9885627144491042)",1,96.62951345520312,23748
"(0.8266666666666667, 1.0)",1,96.62946856780616,23749
"(0.8315873015873017, 0.9868055555555556)",1,96.62941297561844,23750
"(0.892733134920635, 0.9868055555555556)",1,96.62904243743397,23751
"(0.9019607843137254, 1.0)",1,96.62892563706092,23752
"(0.8454115226337449, 0.9734722222222224)",1,96.62885737556876,23753
"(0.8921607065475332, 0.9774943735933984)",1,96.62879727708729,23754
"(0.7349551414768807, 0.9743589743589745)",1,96.62851658744944,23755
"(0.9444444444444444, 1.0)",1,96.62846813832108,23756
"(0.950700596776178, 0.9696381743256742)",1,96.62842480762816,23757
"(0.8814236111111111, 0.9866666666666666)",1,96.6283012864714,23758
"(0.87257176828623, 0.972637039651248)",1,96.628220212518,23759
"(0.896551724137931, 1.0)",1,96.628157638895,23760
"(0.8466625966625967, 0.9866666666666666)",2,96.62815473722088,23762
"(0.8575440961689698, 0.9885627144491042)",1,96.62796047898064,23763
"(0.8518518518518519, 1.0)",1,96.62784468619708,23764
"(0.9774943735933984, 0.9667774086378738)",1,96.62783992103398,23765
"(0.8316355404640634, 0.9649122807017544)",3,96.62749278953888,23768
"(0.9060206664893564, 0.9780571219715956)",1,96.62745595930429,23769
"(0.8031631097560976, 0.9748677248677248)",1,96.62743518655468,23770
"(0.947860476880274, 0.975060054907344)",2,96.62721148056092,23772
"(0.8457446808510638, 0.9868055555555556)",1,96.62712789629536,23773
"(0.7782392026578072, 0.9774943735933984)",1,96.6268775322734,23774
"(0.8765565134099617, 0.9589484126984128)",1,96.62683432644464,23775
"(0.9272424525365702, 0.9882352941176472)",1,96.62681394040293,23776
"(0.8557760334862528, 0.9766894174579984)",1,96.62632409632845,23777
"(0.9721176108033788, 0.9681338377164)",3,96.6262157221598,23780
"(0.8616898148148148, 0.9748677248677248)",1,96.62595447993932,23781
"(0.8886775717208655, 0.9692634363686996)",3,96.62592929550443,23784
"(0.875, 1.0)",1,96.62580578241642,23785
"(0.9882352941176472, 0.996078431372549)",1,96.62578351333414,23786
"(0.8443223443223443, 0.9866666666666666)",1,96.6255627687207,23787
"(0.947860476880274, 0.9643596441509156)",1,96.62535744950765,23788
"(0.8765565134099617, 0.9866666666666666)",2,96.62504373345766,23790
"(0.7069268971504666, 0.9848456571836144)",1,96.62497562571716,23791
"(0.8440126050420167, 0.9866666666666666)",1,96.6248543298865,23792
"(0.8198932646301067, 0.9638392857142858)",1,96.62462046559013,23793
"(0.8494949494949495, 0.9734722222222224)",1,96.62456090155472,23794
"(0.9674603174603176, 1.0)",1,96.62443518071392,23795
"(0.8708731355790179, 0.9868055555555556)",1,96.62398565198208,23796
"(0.9066840277777778, 0.9866666666666666)",1,96.62305592010122,23797
"(0.4896538918597742, 0.9722222222222222)",1,96.62296598015752,23798
"(1.0, 1.0)",1,96.62236609338052,23799
"(0.9426783174151596, 0.9736054421768708)",1,96.6221855337354,23800
"(0.8705290357677138, 0.9774943735933984)",2,96.622061889986,23802
"(0.9365750528541228, 0.9774943735933984)",1,96.62194552437556,23803
"(0.8859337035751476, 1.0)",1,96.62171666022276,23804
"(0.8521317829457364, 1.0)",1,96.62169650095372,23805
"(0.8889463321560508, 0.9762566137566135)",1,96.62161920116004,23806
"(0.8791954022988505, 0.9734722222222224)",2,96.6214810464084,23808
"(0.7871989121989122, 0.9866666666666666)",1,96.621446466063,23809
"(0.7962233504512917, 0.9868055555555556)",2,96.621418370553,23811
"(0.8170426065162907, 1.0)",1,96.62132113192952,23812
"(0.8264589732338745, 0.9885627144491042)",1,96.62117976274963,23813
"(0.9230769230769232, 0.9841269841269842)",1,96.62102631667872,23814
"(0.867704307568438, 0.9734722222222224)",1,96.62101848031013,23815
"(0.7025855842842699, 0.9774943735933984)",1,96.62090118680752,23816
"(0.9308485656257932, 0.9716709318919264)",1,96.62069388343389,23817
"(0.9647217861503576, 0.9642166226376752)",1,96.62063145672344,23818
"(0.9696969696969696, 1.0)",2,96.62041175498656,23820
"(0.9272486772486772, 0.9743589743589745)",1,96.62040093058934,23821
"(0.8902777777777777, 0.9734722222222224)",1,96.62034817102123,23822
"(0.8915343915343915, 0.9868055555555556)",1,96.62010166716436,23823
"(0.9386724386724388, 0.9841269841269842)",1,96.61997348699198,23824
"(0.9172932330827066, 1.0)",1,96.61994045495572,23825
"(0.4432805247702946, 0.9868055555555556)",1,96.61953301385138,23826
"(0.8454115226337449, 0.9868055555555556)",1,96.6191639769699,23827
"(0.8750600325600326, 1.0)",1,96.61880422914916,23828
"(0.961342940685046, 0.9750869028930254)",1,96.61876667246868,23829
"(0.6296160130718955, 0.9866666666666666)",1,96.61849162112354,23830
"(0.8926559394175094, 0.9736842105263158)",1,96.61798862516208,23831
"(0.9364583333333332, 0.9868055555555556)",1,96.617728276596,23832
"(0.899997244510117, 0.9780571219715956)",1,96.61768305079488,23833
"(0.960607978267748, 0.9647217861503576)",3,96.61762916051148,23836
"(0.8457575757575757, 0.9868055555555556)",1,96.61739817436307,23837
"(0.9618138828565136, 0.9683214285714286)",1,96.6173671794402,23838
"(0.7039715684376469, 0.9780571219715956)",2,96.61730889540338,23840
"(0.9226705733973176, 0.9736054421768708)",1,96.61707545054018,23841
"(0.9565217391304348, 0.9841269841269842)",1,96.616895664722,23842
"(0.8967236467236468, 0.9866666666666666)",1,96.61676535619712,23843
"(0.8616898148148148, 0.9729166666666668)",1,96.61660945570708,23844
"(0.9003322259136212, 0.9774943735933984)",1,96.61654023627088,23845
"(0.9125701913010372, 0.9825319426526432)",1,96.61622378886292,23846
"(0.7975164658278694, 1.0)",1,96.61600451438908,23847
"(0.9333333333333332, 0.9841269841269842)",1,96.6158833854987,23848
"(0.8826277082091036, 0.9774943735933984)",1,96.6157668587158,23849
"(0.9247241379310346, 0.9624656593406592)",1,96.61551429602828,23850
"(0.7537053571428572, 0.9713960577118472)",1,96.61549876136463,23851
"(0.9565217391304348, 1.0)",1,96.61543227304097,23852
"(0.8817204301075269, 1.0)",1,96.61543031667244,23853
"(0.9003322259136212, 0.9775193798449612)",1,96.61530629587078,23854
"(0.8592532467532467, 1.0)",1,96.615059223133,23855
"(0.8627653708298868, 0.9734722222222224)",1,96.61468995503104,23856
"(0.9302579365079364, 0.9868055555555556)",1,96.614487384719,23857
"(0.8765565134099617, 0.9722222222222222)",1,96.61386856891878,23858
"(0.8734582431032859, 0.965497521921464)",1,96.6137056532557,23859
"(0.8592532467532467, 1.0)",1,96.61354573205234,23860
"(0.9565217391304348, 0.9841269841269842)",2,96.61327862182196,23862
"(0.9202508960573476, 0.9748677248677248)",1,96.61316497239572,23863
"(0.8915343915343915, 1.0)",1,96.6128463388712,23864
"(0.867704307568438, 0.9734722222222224)",2,96.61269160295994,23866
"(0.8446379408861877, 0.9868055555555556)",1,96.61258515993504,23867
"(0.8955165692007796, 0.9736842105263158)",3,96.61251371683169,23870
"(0.8932369004949651, 0.9868055555555556)",1,96.61236861220772,23871
"(0.8955165692007796, 0.9737148229943366)",3,96.61197334905556,23874
"(0.9289529914529916, 1.0)",2,96.61155814916089,23876
"(0.8457575757575757, 0.9748677248677248)",1,96.61138204444828,23877
"(0.908998988877654, 0.9775193798449612)",1,96.6113372850636,23878
"(0.8361823361823362, 0.9866666666666666)",1,96.61131546974916,23879
"(0.9678608196882048, 0.9714285714285714)",1,96.6112412722343,23880
"(0.9365260121142476, 0.9676851851851852)",2,96.61097945681874,23882
"(0.79145763692632, 0.98711247296323)",1,96.61097192539415,23883
"(0.9424323293938236, 0.9885627144491042)",1,96.61093968931104,23884
"(0.7840187590187591, 1.0)",1,96.6106186226259,23885
"(0.6403503049675462, 0.9885627144491042)",1,96.61048003769083,23886
"(0.8635440917107585, 0.987467320261438)",2,96.61042800450048,23888
"(0.7245388933440257, 0.9885627144491042)",1,96.61015004528171,23889
"(0.9366629231646204, 0.9696381743256742)",1,96.60994558465674,23890
"(0.9003322259136212, 0.9885627144491042)",1,96.60990379445222,23891
"(0.8978798708330872, 0.9780571219715956)",3,96.60990322257774,23894
"(0.8531211750305999, 0.9774943735933984)",1,96.60987636274898,23895
"(0.92710864283235, 0.9775193798449612)",1,96.60979818710835,23896
"(0.9057088744588744, 0.9866666666666666)",2,96.60947523344907,23898
"(0.7319111444111444, 0.9748677248677248)",1,96.6094740028406,23899
"(0.8705290357677138, 0.9774943735933984)",1,96.60946564364514,23900
"(0.896551724137931, 1.0)",1,96.60934251072932,23901
"(0.8312934990802374, 0.9868055555555556)",2,96.60932541973102,23903
"(0.9325581395348838, 0.9885627144491042)",1,96.60925124361772,23904
"(0.9003322259136212, 0.9667774086378738)",1,96.6091169834304,23905
"(0.8740392648287385, 1.0)",1,96.60902523108712,23906
"(0.9319444444444444, 0.9743589743589745)",1,96.6089503459782,23907
"(0.9070844099913866, 0.9885627144491042)",1,96.60879149175234,23908
"(0.9289529914529916, 1.0)",2,96.6087113400702,23910
"(0.8550741594067247, 1.0)",1,96.6086392437936,23911
"(0.8590036231884057, 0.9743589743589745)",1,96.6084763076715,23912
"(0.9368482142857144, 0.9679608656649474)",1,96.6084006866901,23913
"(0.8837209302325582, 0.9667774086378738)",1,96.6077456864214,23914
"(0.9463327370304114, 0.9775193798449612)",1,96.60766422057344,23915
"(0.8885119047619048, 0.9734722222222224)",1,96.60755415764508,23916
"(0.905649630541872, 0.9754464285714284)",1,96.6067261181534,23917
"(0.8885119047619048, 0.9734722222222224)",1,96.60608684455968,23918
"(0.9428823795600112, 0.9739630931081678)",1,96.60603707275888,23919
"(0.936026936026936, 1.0)",2,96.605977741218,23921
"(0.9841269841269842, 1.0)",1,96.60575288261444,23922
"(0.8627653708298868, 0.9734722222222224)",4,96.60564359075188,23926
"(0.93916595083917, 0.9705862533692722)",1,96.60544234303772,23927
"(0.908998988877654, 0.9667774086378738)",1,96.60527623231816,23928
"(0.8740632127728902, 0.9589484126984128)",1,96.6052005507522,23929
"(0.947088068181818, 1.0)",2,96.60499341647872,23931
"(0.8978798708330872, 0.9825319426526432)",1,96.60483990416034,23932
"(0.8786453242098404, 0.9722222222222222)",1,96.60462978864902,23933
"(0.8494949494949495, 0.9734722222222224)",4,96.60452856659808,23937
"(0.8817204301075269, 1.0)",1,96.604493990996,23938
"(0.9319444444444444, 0.9743589743589745)",1,96.60435580454228,23939
"(0.8627653708298868, 0.9734722222222224)",1,96.60389810035164,23940
"(0.9350548459681588, 0.9882352941176472)",1,96.60359434187686,23941
"(0.7349551414768807, 0.9743589743589745)",1,96.60345362709468,23942
"(0.863363912880821, 0.9748677248677248)",1,96.60332410656048,23943
"(0.9666666666666668, 0.9841269841269842)",2,96.60331986853748,23945
"(0.7901692183722804, 0.977516339869281)",1,96.60320753236368,23946
"(0.946764828738513, 0.9665714285714284)",1,96.60319785436069,23947
"(0.9879901960784314, 0.9886710239651416)",1,96.60317687450026,23948
"(0.8502976190476191, 1.0)",1,96.6031041975755,23949
"(0.9678608196882048, 0.961342940685046)",6,96.6030030859049,23955
"(0.8671417195826613, 0.9662727157199136)",1,96.60279887512964,23956
"(0.8980356875093717, 0.9736842105263158)",2,96.602525134952,23958
"(0.7973484848484849, 0.9743589743589745)",1,96.60247443534278,23959
"(0.9541062801932368, 0.9734722222222224)",1,96.60245424138844,23960
"(0.8594444444444445, 0.9734722222222224)",1,96.60234538380855,23961
"(0.9841269841269842, 1.0)",1,96.60212989159425,23962
"(0.9386724386724388, 1.0)",1,96.6020399419127,23963
"(0.8774993038150933, 0.9825319426526432)",1,96.60198858145375,23964
"(0.9216927182615324, 0.965497521921464)",1,96.60178351633084,23965
"(0.9211400121926436, 0.97595009914078)",1,96.60167887006769,23966
"(0.9220534262485482, 0.9825119047619048)",1,96.60155984199127,23967
"(0.844758764317945, 0.9775193798449612)",1,96.60143719004034,23968
"(0.8494949494949495, 0.9734722222222224)",1,96.60132472942269,23969
"(0.8124181006978036, 0.9733370922285112)",1,96.60129100354436,23970
"(0.914421596921597, 0.9838235294117648)",1,96.60117861584251,23971
"(0.9841269841269842, 1.0)",1,96.60071268993124,23972
"(0.9688819909986466, 0.9643596441509156)",1,96.60056466519204,23973
"(0.9049532029717788, 0.9818181818181818)",1,96.60032936385656,23974
"(0.8067271451483561, 1.0)",1,96.60032797529966,23975
"(0.8522222222222222, 0.9734722222222224)",1,96.6002421277911,23976
"(0.8941062801932367, 0.9868055555555556)",1,96.6001131406028,23977
"(0.8305168558651531, 0.9868055555555556)",1,96.60004595866803,23978
"(0.8955165692007796, 0.9692634363686996)",2,96.59989545983052,23980
"(0.9306746031746032, 1.0)",1,96.5996295537041,23981
"(0.7982954545454546, 1.0)",1,96.59951716743268,23982
"(0.927910199556541, 0.9665714285714284)",1,96.59886630458556,23983
"(0.8731060606060606, 1.0)",1,96.59879961487982,23984
"(0.875869740093878, 0.9734722222222224)",1,96.59872462578171,23985
"(0.9191387446502536, 0.992156862745098)",1,96.59868606938758,23986
"(0.8837209302325582, 0.9774943735933984)",1,96.59856197735472,23987
"(0.90437564499484, 0.984313725490196)",1,96.598519025705,23988
"(0.9424323293938236, 0.9774943735933984)",1,96.59849488398562,23989
"(0.874025901365936, 0.9775193798449612)",2,96.59822960582966,23991
"(0.8705290357677138, 0.9774943735933984)",1,96.59811884992538,23992
"(0.8575440961689698, 0.9885627144491042)",1,96.59790535843702,23993
"(0.9386724386724388, 0.9841269841269842)",1,96.597831771745,23994
"(0.9841269841269842, 0.9841269841269842)",1,96.59709782446808,23995
"(0.8255813953488372, 0.9774943735933984)",1,96.59702250182912,23996
"(0.8890722680670169, 0.9774943735933984)",1,96.59696501336155,23997
"(0.9023569023569024, 0.9841269841269842)",1,96.59695314801768,23998
"(0.8531211750305999, 0.9774943735933984)",1,96.5969522628422,23999
"(0.9743589743589745, 0.9866666666666666)",1,96.59670876856204,24000
"(0.8579309881982901, 0.9760188918001388)",1,96.59665679919098,24001
"(0.896551724137931, 1.0)",1,96.59647098784808,24002
"(0.897597103357472, 0.9714285714285714)",1,96.59635167199198,24003
"(0.8129898303922073, 1.0)",2,96.59625716653274,24005
"(0.8048816547737346, 0.9790758302505777)",1,96.59618542646494,24006
"(0.8650226969848408, 0.9583928571428572)",1,96.59610276859576,24007
"(0.4988536155202822, 0.9722222222222222)",1,96.59593455141224,24008
"(0.9731377053745476, 0.967251461988304)",1,96.59591771411546,24009
"(0.8597992596530608, 0.9913490623109498)",3,96.59588798419507,24012
"(0.8753306878306878, 0.9868055555555556)",1,96.59584171246397,24013
"(0.960607978267748, 0.9647217861503576)",1,96.59545911259391,24014
"(0.8571428571428572, 0.9696969696969696)",1,96.59540387572426,24015
"(0.8786453242098404, 0.9866666666666666)",1,96.59522672521504,24016
"(0.9787811022617652, 0.9713960577118472)",1,96.59519550424116,24017
"(0.95, 0.97595009914078)",1,96.59479981396228,24018
"(0.9019323671497586, 0.9743589743589745)",1,96.59434225262127,24019
"(0.9222222222222224, 0.9775599128540304)",1,96.59427925429152,24020
"(0.7162037037037038, 1.0)",1,96.59416310842104,24021
"(0.8113181219906367, 0.9868055555555556)",1,96.59409526467492,24022
"(0.8305244327276152, 0.9774943735933984)",1,96.59395923826798,24023
"(0.9565217391304348, 1.0)",1,96.59359050467462,24024
"(0.9543049270990448, 0.9855521155830752)",2,96.59348370172223,24026
"(0.8426812585499316, 0.9667774086378738)",1,96.59337418214363,24027
"(0.8908978391208922, 0.9730039212080148)",1,96.59329857524786,24028
"(0.9667774086378738, 0.9774943735933984)",1,96.59325774114606,24029
"(0.8557474271759986, 0.9749660326086956)",3,96.59322968656122,24032
"(0.7869981325863679, 1.0)",1,96.59302801807158,24033
"(0.936026936026936, 0.9841269841269842)",1,96.59300384606152,24034
"(0.9040106023792244, 0.9885627144491042)",1,96.5929001879053,24035
"(0.9503921568627453, 0.970301570920766)",1,96.59288491224808,24036
"(0.8870067649538378, 0.9667774086378738)",1,96.59267317681766,24037
"(0.9407679738562092, 0.9868055555555556)",1,96.59265620038744,24038
"(0.808641975308642, 1.0)",2,96.59263477017788,24040
"(0.8762664758354415, 0.9678053830227744)",1,96.5924686057096,24041
"(0.9643596441509156, 0.9642857142857144)",1,96.59241632217216,24042
"(0.7707924493038034, 1.0)",1,96.59210253534214,24043
"(0.5, 1.0)",2,96.59203407830417,24045
"(0.9534840838509316, 0.9665714285714284)",1,96.5920106251057,24046
"(0.8778462998102468, 0.9866666666666666)",1,96.59176480719655,24047
"(0.9674603174603176, 1.0)",1,96.5916341021516,24048
"(0.9517488164856586, 0.9744410044719642)",2,96.59146261827848,24050
"(0.9351600241545894, 0.9868055555555556)",1,96.59144948202284,24051
"(0.8616898148148148, 1.0)",1,96.59139445317298,24052
"(0.8740392648287385, 1.0)",2,96.59111088196772,24054
"(0.9261349042540992, 0.9879901960784314)",1,96.59094754952656,24055
"(0.9047619047619048, 1.0)",1,96.59083134072031,24056
"(0.8902765578490216, 0.9734722222222224)",1,96.59078892066884,24057
"(0.7544006919006919, 0.9866666666666666)",2,96.59075988516813,24059
"(0.8569104506604507, 0.9748677248677248)",1,96.59061949388114,24060
"(0.9647217861503576, 0.9647217861503576)",1,96.590452349207,24061
"(0.8264567669172932, 1.0)",1,96.59029385359496,24062
"(0.9224211423699916, 1.0)",1,96.5901619797116,24063
"(0.8691860465116279, 0.9774943735933984)",4,96.589975317601,24067
"(0.6775462962962963, 0.9866666666666666)",1,96.5899530210255,24068
"(0.8870067649538378, 0.9667774086378738)",1,96.5899430590614,24069
"(0.8190309499878695, 0.9774943735933984)",1,96.5898805372824,24070
"(0.8832772166105499, 1.0)",1,96.589121989122,24071
"(0.905151943324208, 0.9678608196882048)",1,96.589046136123,24072
"(0.6642948367086299, 0.9722222222222222)",1,96.5889889810384,24073
"(0.8738126483317046, 0.9707373007682604)",2,96.588708168901,24075
"(0.9079861111111112, 0.9734722222222224)",1,96.58862322471668,24076
"(0.9003322259136212, 0.9774943735933984)",2,96.58815723111258,24078
"(0.8978798708330872, 0.9736842105263158)",1,96.58807359452564,24079
"(0.7091759436137276, 0.9649729659305584)",1,96.58784320577972,24080
"(0.8840890522875817, 0.9748677248677248)",1,96.5874963848727,24081
"(0.9135802469135802, 0.9507101086048454)",1,96.5873531903976,24082
"(0.9541062801932368, 0.9866666666666666)",2,96.58734410588356,24084
"(0.919047619047619, 1.0)",1,96.58726191304834,24085
"(0.8778462998102468, 0.9866666666666666)",1,96.58726094166884,24086
"(0.8112794612794614, 1.0)",1,96.58714878632624,24087
"(0.7840187590187591, 0.9868055555555556)",2,96.58712545242452,24089
"(0.8305244327276152, 0.9667774086378738)",1,96.5867477525097,24090
"(0.8567397660818714, 0.9868055555555556)",1,96.58669483864011,24091
"(0.8837209302325582, 0.9775193798449612)",1,96.58663093832722,24092
"(0.9492266992266992, 1.0)",1,96.58656173331153,24093
"(0.4432805247702946, 0.9868055555555556)",1,96.5859786836754,24094
"(0.9565217391304348, 0.9841269841269842)",1,96.5855695249997,24095
"(0.8590556730091613, 0.9774943735933984)",1,96.58554241764617,24096
"(0.8965217391304348, 0.9734722222222224)",1,96.58542406002512,24097
"(0.9696969696969696, 1.0)",1,96.58537144878608,24098
"(0.8671417195826613, 0.9667774086378738)",1,96.58517874654224,24099
"(0.9138847117794486, 0.992156862745098)",1,96.58507099312938,24100
"(0.6507794531050345, 0.9885627144491042)",1,96.58487044400924,24101
"(0.8227906976744187, 0.9775193798449612)",1,96.58481113261936,24102
"(0.8273348098929494, 0.965497521921464)",1,96.58470768096264,24103
"(0.7610695631528964, 0.9743589743589745)",1,96.58456827415333,24104
"(0.839484868820503, 0.9780571219715956)",1,96.58445020445608,24105
"(0.8587799123693967, 0.9550387596899224)",1,96.58439757334618,24106
"(0.9272424525365702, 0.9840686274509804)",1,96.58319947807324,24107
"(0.978144708175668, 0.9707373007682604)",1,96.58286491337093,24108
"(0.8571024784182679, 0.992156862745098)",1,96.5828154903406,24109
"(0.9003322259136212, 0.9667774086378738)",1,96.58268455620384,24110
"(0.95536349042541, 0.9882352941176472)",1,96.5824713958026,24111
"(0.8765565134099617, 0.9866666666666666)",1,96.5822787494233,24112
"(0.9261349042540992, 0.9882352941176472)",1,96.58200876625958,24113
"(0.9841269841269842, 0.9841269841269842)",1,96.58187634250616,24114
"(0.9333333333333332, 0.9841269841269842)",1,96.58182915126912,24115
"(0.9191742887131236, 0.9785754927860192)",1,96.58164031671946,24116
"(0.9302579365079364, 0.9583928571428572)",1,96.58159042009856,24117
"(0.8428739632573199, 0.9868055555555556)",1,96.58146930874602,24118
"(0.8890863872430693, 0.9749660326086956)",1,96.58145402272424,24119
"(0.7149501661129568, 0.9774943735933984)",1,96.58109569787356,24120
"(0.8475024586783413, 0.9780571219715956)",3,96.58098103634283,24123
"(0.9384803921568629, 0.9777089783281734)",1,96.58092924501692,24124
"(0.9216397849462366, 0.9868055555555556)",4,96.58087774101156,24128
"(0.892733134920635, 0.9868055555555556)",1,96.5806831187787,24129
"(0.7644216248867413, 0.9667774086378738)",2,96.58055500739351,24131
"(0.9618138828565136, 0.9679608656649474)",1,96.58054902578051,24132
"(0.9333333333333332, 0.9841269841269842)",1,96.58053645700726,24133
"(0.7934410061465462, 0.9756835602937298)",1,96.58023972363024,24134
"(0.9586520604621642, 0.9678053830227744)",1,96.58009985379044,24135
"(0.8705805822084891, 0.9885627144491042)",1,96.58004041474864,24136
"(0.9318498265866688, 0.9879901960784314)",1,96.57989091206124,24137
"(0.9040106023792244, 0.9775193798449612)",1,96.57985803013304,24138
"(0.7973484848484849, 0.9743589743589745)",1,96.57970024963969,24139
"(0.9272486772486772, 0.9743589743589745)",1,96.5796318121134,24140
"(0.7707924493038034, 0.9743589743589745)",1,96.57945667501056,24141
"(0.8817204301075269, 1.0)",1,96.579025544366,24142
"(0.950682393081946, 0.9750869028930254)",1,96.57888031159968,24143
"(0.8288590711201375, 0.9756835602937298)",1,96.5787152762438,24144
"(0.9886710239651416, 0.8579380139152435)",1,96.5785761932902,24145
"(0.8494949494949495, 0.9734722222222224)",1,96.5781877879177,24146
"(0.958531746031746, 1.0)",1,96.5780428556817,24147
"(0.9841269841269842, 1.0)",1,96.57803864678644,24148
"(0.8741916519694297, 0.9868055555555556)",1,96.57782720132433,24149
"(0.9176532769556026, 0.965497521921464)",1,96.57779418015896,24150
"(0.880575093557375, 0.9733592526459572)",1,96.57675173815848,24151
"(0.8449845679012346, 0.9866666666666666)",1,96.57663898007236,24152
"(0.6950430172068828, 0.9678053830227744)",1,96.5765732181992,24153
"(0.8557419333086079, 0.9798196948682386)",1,96.5763846808679,24154
"(0.6296160130718955, 0.9866666666666666)",1,96.57632629455492,24155
"(0.961342940685046, 0.9645607615220874)",1,96.57619533621484,24156
"(0.9454986295593504, 0.9868055555555556)",1,96.57617530697986,24157
"(0.9333333333333332, 1.0)",1,96.57597434279356,24158
"(0.986574074074074, 0.9734722222222224)",1,96.5759481709694,24159
"(0.9696969696969696, 0.9841269841269842)",1,96.575937725408,24160
"(0.9135802469135802, 0.9841269841269842)",1,96.57584537593084,24161
"(0.5281045751633987, 0.976470588235294)",1,96.57583100893622,24162
"(0.875869740093878, 0.9734722222222224)",4,96.57575141652164,24166
"(0.8571024784182679, 0.9886710239651416)",1,96.5756670637185,24167
"(0.9391627846790888, 0.9688819909986466)",1,96.575619967513,24168
"(0.9696969696969696, 1.0)",1,96.5749207940067,24169
"(0.9503921568627453, 0.962248022015824)",1,96.57477628259674,24170
"(0.9508739421428176, 0.9688819909986466)",1,96.5747565996621,24171
"(0.7690274841437632, 0.9774943735933984)",1,96.57448826450948,24172
"(0.8798475538617097, 0.9774943735933984)",1,96.5744550999786,24173
"(0.8919095971175892, 0.9885627144491042)",1,96.57444933851828,24174
"(0.8031631097560976, 0.9868055555555556)",1,96.57392933159836,24175
"(0.8535457949758153, 0.9868055555555556)",1,96.57389848424278,24176
"(0.8300280681378243, 0.9748677248677248)",1,96.5738490875119,24177
"(0.8738126483317046, 0.9733828034137632)",1,96.57363861438598,24178
"(0.8840890522875817, 0.9868055555555556)",1,96.57341982939607,24179
"(0.710494931425164, 0.9307258632840028)",1,96.57330025042675,24180
"(0.7507127554383651, 0.9821199743772268)",1,96.57324433245618,24181
"(0.7951423097974822, 0.9734722222222224)",1,96.57282611820604,24182
"(0.9841269841269842, 1.0)",1,96.57282344326902,24183
"(0.9066840277777778, 0.9868055555555556)",1,96.57277413905248,24184
"(0.813859649122807, 0.9743589743589745)",1,96.57265270739296,24185
"(0.9881481481481482, 0.9742231395482168)",2,96.57248432541866,24187
"(0.8927951388888888, 0.9866666666666666)",1,96.57244673260249,24188
"(0.878968253968254, 0.9734722222222224)",1,96.57228985447526,24189
"(0.9191387446502536, 0.9770969498910675)",1,96.5721879901929,24190
"(0.9192180611357128, 1.0)",1,96.57216086457368,24191
"(0.9471326164874552, 0.9748677248677248)",1,96.57210420552876,24192
"(0.954682426948052, 0.9679608656649474)",1,96.57160515470686,24193
"(0.8812367419630933, 0.9719856730103614)",1,96.571377363642,24194
"(0.919687006945461, 0.9734722222222224)",1,96.57132582065049,24195
"(0.9014364972259707, 0.9925925925925926)",1,96.57107668255296,24196
"(0.8703659188034188, 0.9868055555555556)",3,96.57059702704068,24199
"(0.950700596776178, 0.9721176108033788)",3,96.57029505133572,24202
"(0.8707729468599035, 0.9583928571428572)",4,96.5701450480769,24206
"(0.9049919484702094, 0.9841269841269842)",1,96.56998270444636,24207
"(0.8531211750305999, 0.9774943735933984)",1,96.56980309488004,24208
"(0.9774943735933984, 0.9667774086378738)",1,96.56964919562738,24209
"(0.9497685185185184, 1.0)",1,96.56962492113048,24210
"(0.9047619047619048, 1.0)",1,96.56932713087213,24211
"(0.847123015873016, 0.9743589743589745)",1,96.56928203907208,24212
"(0.8688630490956073, 0.9868055555555556)",1,96.5692399070256,24213
"(0.6782946827273069, 0.9868055555555556)",1,96.56894353366803,24214
"(0.8837209302325582, 0.9775193798449612)",2,96.56880732302994,24216
"(0.9168115942028986, 0.9812636165577342)",2,96.56855618384895,24218
"(0.8997086999609598, 0.9679608656649474)",1,96.56844821071287,24219
"(0.7897507920745259, 0.9780571219715956)",3,96.5683081916789,24222
"(0.9003322259136212, 0.9774943735933984)",1,96.56826401894536,24223
"(0.950700596776178, 0.97595009914078)",3,96.56819212900623,24226
"(0.867704307568438, 0.9734722222222224)",4,96.56806919219272,24230
"(0.9696969696969696, 0.9841269841269842)",1,96.56803314774344,24231
"(0.9206668561144264, 0.976851851851852)",1,96.56790496152824,24232
"(0.9667774086378738, 0.965497521921464)",1,96.56750119360822,24233
"(0.833064949006978, 1.0)",1,96.56747835039222,24234
"(0.917859918146296, 0.970263895031697)",2,96.56702535267624,24236
"(0.8071047008547008, 0.9748677248677248)",1,96.56692630825484,24237
"(0.9003322259136212, 0.9774943735933984)",2,96.56688023777266,24239
"(0.8277537197423939, 0.9825319426526432)",3,96.56662989661336,24242
"(0.875, 1.0)",2,96.56656991284004,24244
"(0.8883205456095482, 1.0)",1,96.56653837123622,24245
"(0.8078308130291714, 1.0)",1,96.56652595450564,24246
"(0.8932369004949651, 0.9748677248677248)",1,96.56639627573932,24247
"(0.9523529411764708, 0.9714285714285714)",1,96.56637302867304,24248
"(1.0, 1.0)",1,96.56624359312532,24249
"(0.6403503049675462, 0.9885627144491042)",1,96.56611687412084,24250
"(1.0, 1.0)",1,96.56507936507936,24251
"(0.7413014722797331, 0.9866666666666666)",1,96.56458256114252,24252
"(0.8551296720061023, 1.0)",2,96.56444839147554,24254
"(0.8522222222222222, 0.9734722222222224)",1,96.56439313151736,24255
"(0.922050500014663, 0.9774943735933984)",1,96.56437803289111,24256
"(0.8457446808510638, 0.9868055555555556)",1,96.56431547636264,24257
"(0.8396753100700468, 0.9868055555555556)",1,96.56403387560712,24258
"(0.9035714285714284, 0.9866666666666666)",1,96.56402345394908,24259
"(0.8627450980392157, 1.0)",1,96.56384261163672,24260
"(0.9057088744588744, 0.9866666666666666)",1,96.56373370787963,24261
"(0.9072191055010128, 0.9743589743589745)",1,96.56361488028224,24262
"(0.8468468468468467, 1.0)",1,96.56353847726224,24263
"(0.8779083570750237, 0.9743589743589745)",1,96.56324151157504,24264
"(0.9045169946332738, 0.9667774086378738)",2,96.56323168424116,24266
"(0.8680075424261471, 0.9667774086378738)",1,96.56322826980178,24267
"(0.7241205259313368, 0.9822084634708236)",1,96.56308081284244,24268
"(0.8590036231884057, 0.9866666666666666)",1,96.56248618087604,24269
"(0.8095650919988757, 0.9739918370102328)",1,96.56216656690412,24270
"(0.7826758904916103, 0.965497521921464)",1,96.5620482285411,24271
"(0.8768285091814503, 0.9868055555555556)",1,96.56194505279625,24272
"(0.8129629629629629, 1.0)",1,96.56163661520266,24273
"(0.8753306878306878, 0.9592261904761904)",1,96.56158448176537,24274
"(0.8714344685242518, 0.9838235294117648)",1,96.5613119210169,24275
"(0.9391865079365078, 1.0)",1,96.56092063814006,24276
"(0.8885119047619048, 0.9734722222222224)",1,96.56086727875136,24277
"(0.9473838918283362, 0.9868055555555556)",1,96.56075432255636,24278
"(0.9391865079365078, 1.0)",1,96.56039955213674,24279
"(0.809724025974026, 0.9754464285714284)",1,96.56032780913289,24280
"(0.7974523471716736, 0.9774943735933984)",1,96.5602372690562,24281
"(0.9589484126984128, 1.0)",1,96.56012367153134,24282
"(0.8448688271604938, 0.9868055555555556)",2,96.55998538009344,24284
"(0.8575440961689698, 0.9775193798449612)",1,96.55971483968466,24285
"(0.7232797675460064, 0.9774943735933984)",1,96.55971426265984,24286
"(0.8590498776009793, 0.9774943735933984)",1,96.55936176871904,24287
"(0.909209656084656, 1.0)",1,96.55915261304123,24288
"(0.9399223139548216, 0.9879901960784314)",1,96.55912749859289,24289
"(0.4896538918597742, 0.9866666666666666)",1,96.55897347866922,24290
"(0.8817204301075269, 1.0)",1,96.55897027441014,24291
"(0.9426783174151596, 0.9688819909986466)",1,96.55884217096346,24292
"(0.9169701646090536, 0.9734722222222224)",1,96.55826367140558,24293
"(0.8778462998102468, 0.9866666666666666)",1,96.55814976393808,24294
"(0.8882535288785288, 0.9743589743589745)",1,96.55814020692128,24295
"(0.8753306878306878, 0.9868055555555556)",1,96.55803679576422,24296
"(0.8814236111111111, 0.9866666666666666)",2,96.55798586792032,24298
"(0.6156045751633987, 1.0)",2,96.55788273921968,24300
"(0.9253783187916316, 0.9886710239651416)",1,96.55720711063188,24301
"(0.9454986295593504, 0.9868055555555556)",2,96.55702730494362,24303
"(0.7319111444111444, 0.9868055555555556)",1,96.55688994700168,24304
"(0.9019607843137254, 0.9868055555555556)",1,96.55682050900327,24305
"(0.7423427395649618, 0.9868055555555556)",2,96.55655339165465,24307
"(0.9715797169307606, 0.9787811022617652)",1,96.55647875537018,24308
"(0.9233333333333332, 0.9868055555555556)",2,96.55645030097108,24310
"(0.9368482142857144, 0.9642857142857144)",1,96.55567009751294,24311
"(0.950700596776178, 0.97595009914078)",1,96.55560368310196,24312
"(0.8927951388888888, 0.9866666666666666)",1,96.5554809686961,24313
"(0.9384353741496598, 0.9678608196882048)",1,96.55528939579968,24314
"(0.8977777777777779, 1.0)",1,96.5550066128298,24315
"(0.9202508960573476, 0.9748677248677248)",1,96.55499366688944,24316
"(0.9602875653185252, 0.9777089783281734)",1,96.55462670163696,24317
"(0.8762664758354415, 0.9785714285714284)",1,96.55448035300556,24318
"(0.9643596441509156, 0.9678053830227744)",3,96.55396788593652,24321
"(0.8551296720061023, 1.0)",1,96.55383699447108,24322
"(0.8857001484413657, 1.0)",1,96.55380060768552,24323
"(0.8429041174227984, 0.9667774086378738)",2,96.55379038239924,24325
"(0.8778462998102468, 0.9722222222222222)",1,96.5536097498403,24326
"(0.8569104506604507, 0.9868055555555556)",1,96.5535649269558,24327
"(0.9364583333333332, 0.9868055555555556)",1,96.55322865496352,24328
"(0.9081468615856708, 0.9649122807017544)",3,96.55310027163364,24331
"(0.9201388888888888, 0.9743589743589745)",1,96.5529150638934,24332
"(0.7365451388888888, 0.9748677248677248)",1,96.55289290932365,24333
"(0.8779083570750237, 0.9743589743589745)",1,96.55281486109276,24334
"(0.89, 1.0)",1,96.55276515750867,24335
"(0.9023569023569024, 0.9696969696969696)",1,96.55259936072558,24336
"(0.8902777777777777, 0.9583928571428572)",1,96.55253323306816,24337
"(0.8882535288785288, 0.9866666666666666)",2,96.55251833038128,24339
"(0.9302579365079364, 0.9734722222222224)",1,96.55236508928752,24340
"(0.8836091234347048, 0.9667774086378738)",1,96.55223244013672,24341
"(0.9886710239651416, 0.795068330362448)",1,96.5521856105944,24342
"(0.4896538918597742, 0.9866666666666666)",1,96.55214785938954,24343
"(0.9047619047619048, 1.0)",1,96.55194258378856,24344
"(0.92710864283235, 0.9775193798449612)",1,96.5518104882416,24345
"(0.8614235882223686, 0.9709673149377748)",1,96.55141306429164,24346
"(0.908998988877654, 0.9667774086378738)",2,96.5509721508802,24348
"(0.9135802469135802, 0.9841269841269842)",1,96.550930835275,24349
"(0.8889463321560508, 0.9803050108932464)",1,96.55063565560955,24350
"(0.9565217391304348, 0.9841269841269842)",1,96.55062047453376,24351
"(0.908998988877654, 0.9667774086378738)",1,96.55053684872296,24352
"(0.92925, 0.9653109846797712)",1,96.5499467442373,24353
"(0.9618138828565136, 0.9679608656649474)",1,96.54989943311432,24354
"(0.875869740093878, 0.9734722222222224)",1,96.5495998739344,24355
"(0.8970659722222223, 1.0)",1,96.54956287566378,24356
"(1.0, 1.0)",1,96.54947808567071,24357
"(0.7245388933440257, 0.9774943735933984)",1,96.5494377077979,24358
"(0.8822954822954823, 1.0)",2,96.54936051998692,24360
"(0.914351851851852, 0.9734722222222224)",1,96.5492772044821,24361
"(0.8351193705914272, 0.9694279341856143)",1,96.54922859070422,24362
"(0.9444444444444444, 0.9841269841269842)",1,96.54913427089495,24363
"(0.9363885088919288, 0.9667774086378738)",1,96.54880690247816,24364
"(0.8740632127728902, 0.9722222222222222)",1,96.54871784651488,24365
"(0.9742231395482168, 0.996078431372549)",1,96.54866519466636,24366
"(0.389646300425286, 0.9868055555555556)",1,96.54863443425836,24367
"(0.8604651162790697, 0.9667774086378738)",2,96.54857698368777,24369
"(0.9035155195681512, 0.9618464052287582)",2,96.54841836435249,24371
"(0.7967201500483234, 0.9736842105263158)",1,96.54829949876274,24372
"(0.9251027896538732, 0.9877450980392156)",1,96.54804263760197,24373
"(0.8571428571428572, 1.0)",1,96.5480344302574,24374
"(0.9088431305536568, 0.9736842105263158)",3,96.54796980214924,24377
"(0.8124181006978036, 0.9747579877823028)",1,96.54782066496634,24378
"(0.9696969696969696, 0.9841269841269842)",1,96.54728965984935,24379
"(0.9916666666666668, 0.9816305469556244)",1,96.5472853138845,24380
"(0.9088431305536568, 0.9648977033360302)",2,96.5470671579492,24382
"(0.9302579365079364, 0.9866666666666666)",1,96.5468761631513,24383
"(0.7410714285714286, 1.0)",1,96.54678791852884,24384
"(0.9517488164856586, 0.9778966131907308)",1,96.54662418579076,24385
"(0.7951423097974822, 0.9734722222222224)",1,96.54651468670777,24386
"(0.8837209302325582, 0.9774943735933984)",1,96.54647137102916,24387
"(0.9094344316674038, 0.9715797169307606)",3,96.54640674765602,24390
"(0.9370015948963316, 0.9841269841269842)",1,96.546324113244,24391
"(0.8177555579773321, 0.9754464285714284)",1,96.54629694064232,24392
"(0.9214457417582416, 0.9714285714285714)",1,96.54602878350558,24393
"(0.9391627846790888, 0.9727638167328804)",1,96.5457688476121,24394
"(0.949639417170377, 0.996078431372549)",1,96.54575426643493,24395
"(0.8870067649538378, 0.9667774086378738)",1,96.54571363455278,24396
"(0.7472785737929731, 0.9780571219715956)",6,96.5457014477158,24402
"(0.9211400121926436, 0.9696381743256742)",1,96.5455696347734,24403
"(0.8902777777777777, 0.9734722222222224)",2,96.54523321475808,24405
"(0.9645607615220874, 0.9645607615220874)",1,96.54467091541304,24406
"(0.9447018709564609, 0.965497521921464)",1,96.54427617329416,24407
"(0.9802054154995332, 0.996078431372549)",4,96.54417018757964,24411
"(0.9293342911877394, 0.9868055555555556)",2,96.54391885316969,24413
"(0.8817204301075269, 0.9841269841269842)",1,96.54390137855872,24414
"(0.9643596441509156, 0.961342940685046)",1,96.54383859562888,24415
"(0.8945130355728907, 0.9774943735933984)",1,96.54382559631428,24416
"(0.916550925925926, 0.9868055555555556)",2,96.5435195128682,24418
"(0.9517488164856586, 0.9847494553376906)",1,96.543511123476,24419
"(0.961342940685046, 0.9713960577118472)",1,96.54294547958052,24420
"(0.7449440741697866, 0.9807787466948478)",1,96.54286500881456,24421
"(0.9230769230769232, 1.0)",1,96.54285028583824,24422
"(0.9696969696969696, 0.9841269841269842)",1,96.54260554260571,24423
"(0.9239488017429196, 0.977304372041214)",1,96.54249177175394,24424
"(0.9535924585381664, 0.9766826923076924)",1,96.54226649876908,24425
"(0.926045751633987, 0.9759477124183006)",1,96.54222981660308,24426
"(0.9433680972830336, 0.9665714285714284)",1,96.54222200110657,24427
"(0.8817204301075269, 1.0)",1,96.54212765573212,24428
"(0.7319111444111444, 0.9868055555555556)",2,96.54172896806143,24430
"(0.7973484848484849, 0.9866666666666666)",1,96.54168634665996,24431
"(0.9003322259136212, 0.965497521921464)",1,96.54154990693438,24432
"(0.8836091234347048, 0.9667774086378738)",1,96.54152912447556,24433
"(0.8590027258042806, 0.9648977033360302)",1,96.54089286264936,24434
"(0.8833628057765988, 1.0)",2,96.54037067628023,24436
"(0.9788235294117646, 0.9682051282051282)",2,96.5402608918114,24438
"(0.7468070282672052, 0.975142543859649)",1,96.54014545728631,24439
"(0.8157070897278975, 1.0)",1,96.54005607489054,24440
"(0.9462631140307872, 0.9688819909986466)",1,96.54000169631276,24441
"(0.8791954022988505, 0.9734722222222224)",1,96.53992015960172,24442
"(0.9426783174151596, 0.97595009914078)",1,96.53978070494082,24443
"(0.8887191358024692, 0.9866666666666666)",1,96.53961477973732,24444
"(0.9492266992266992, 0.9866666666666666)",1,96.53959684742192,24445
"(0.9333333333333332, 1.0)",1,96.5395426554092,24446
"(0.875, 1.0)",1,96.53950883802833,24447
"(0.875, 0.9841269841269842)",1,96.53937412644952,24448
"(0.9027777777777778, 0.9734722222222224)",1,96.53933941787204,24449
"(0.9242708892467346, 0.9748677248677248)",1,96.539048973981,24450
"(0.8597992596530608, 0.9740643495864882)",1,96.53894426441124,24451
"(0.7423427395649618, 0.9868055555555556)",2,96.5388602469911,24453
"(0.8635440917107585, 0.992156862745098)",1,96.53885683533318,24454
"(0.8890722680670169, 0.9774943735933984)",1,96.53875736561102,24455
"(0.8893518518518518, 0.9734722222222224)",1,96.53854716900652,24456
"(0.7826758904916103, 0.9774943735933984)",1,96.5384829917606,24457
"(0.7610695631528964, 0.9743589743589745)",1,96.53822759841378,24458
"(0.905649630541872, 0.9754464285714284)",2,96.53819442617144,24460
"(0.7650293586269196, 1.0)",1,96.5381617162286,24461
"(0.9388029361942404, 0.9736054421768708)",1,96.53807363186765,24462
"(0.8887419165196943, 0.9868055555555556)",1,96.5380729638388,24463
"(0.8587799123693967, 0.9774943735933984)",1,96.5379421331048,24464
"(0.8650226969848408, 0.9734722222222224)",4,96.53785737883156,24468
"(0.8396753100700468, 0.9868055555555556)",1,96.5375365604734,24469
"(0.255916955017301, 0.976470588235294)",1,96.53749741896917,24470
"(0.91243961352657, 0.9722222222222222)",1,96.53729633816258,24471
"(0.8356902356902357, 0.9868055555555556)",1,96.53716347385398,24472
"(0.91243961352657, 0.9866666666666666)",2,96.53698143564284,24474
"(0.8857407747009801, 0.9648977033360302)",2,96.5368954264706,24476
"(0.9302579365079364, 0.9748677248677248)",1,96.5367601123694,24477
"(0.9065438871473354, 1.0)",1,96.53660311463727,24478
"(0.919687006945461, 0.9734722222222224)",1,96.53649790974968,24479
"(0.9302579365079364, 0.9868055555555556)",1,96.53613992459468,24480
"(0.9388029361942404, 0.9665714285714284)",1,96.53601505145144,24481
"(0.9565217391304348, 0.9841269841269842)",1,96.53591143156378,24482
"(0.925553613053613, 0.9868055555555556)",2,96.53583766518912,24484
"(0.9450706646294882, 0.9650363879165252)",1,96.53574698218311,24485
"(0.9606447334368527, 0.9750869028930254)",3,96.53568008864498,24488
"(0.9244070038561564, 0.9798196948682386)",3,96.53551236231486,24491
"(1.0, 1.0)",1,96.53545066045066,24492
"(0.7967201500483234, 0.9825319426526432)",1,96.53539570634597,24493
"(0.8881381381381382, 0.9868055555555556)",2,96.53524527681564,24495
"(0.7245388933440257, 0.9775193798449612)",1,96.53504904528924,24496
"(0.8047996976568405, 0.9743589743589745)",1,96.53494737600548,24497
"(0.8443223443223443, 0.9866666666666666)",1,96.5348255707122,24498
"(0.9259560057540158, 0.9678053830227744)",1,96.5347896925047,24499
"(0.9325581395348838, 0.9775193798449612)",1,96.53464772024492,24500
"(0.8025730007238067, 0.9706135464979804)",1,96.5345460514682,24501
"(0.9840686274509804, 0.992156862745098)",2,96.53453269997982,24503
"(0.9469444444444444, 0.9733828034137632)",1,96.53449151273573,24504
"(0.9135802469135802, 1.0)",1,96.53448453332132,24505
"(0.938570380142761, 0.9683214285714286)",1,96.53422088969516,24506
"(0.9523529411764708, 0.9608348284368692)",1,96.53417272011994,24507
"(0.9855521155830752, 0.9668157321408096)",1,96.53413356297636,24508
"(0.8721016904486937, 0.974494481936673)",2,96.5340896495821,24510
"(0.8550387596899225, 0.9775193798449612)",1,96.53404621532331,24511
"(0.932329194473248, 0.9713960577118472)",3,96.53398725128132,24514
"(0.9259560057540158, 0.9749660326086956)",1,96.53383113277586,24515
"(0.9035714285714284, 0.9866666666666666)",1,96.53378915995243,24516
"(0.8396845307996157, 0.9780571219715956)",1,96.53375981336444,24517
"(0.7962233504512917, 0.9868055555555556)",1,96.53363441606191,24518
"(0.908998988877654, 0.9667774086378738)",1,96.53359089070716,24519
"(0.9643596441509156, 0.9647217861503576)",1,96.533178775312,24520
"(0.8255813953488372, 0.965497521921464)",1,96.53315862645722,24521
"(0.8627450980392157, 1.0)",1,96.53265645123231,24522
"(0.9356087262491204, 0.9714285714285714)",3,96.53259273688322,24525
"(0.8791954022988505, 0.9734722222222224)",1,96.53245663291746,24526
"(0.907908163265306, 0.9713960577118472)",1,96.53225133723916,24527
"(0.8763636363636363, 1.0)",1,96.5321728872458,24528
"(0.7644216248867413, 0.9667774086378738)",1,96.53190386429884,24529
"(0.8744995950480157, 0.965497521921464)",1,96.53189411028764,24530
"(0.7537053571428572, 0.9681338377164)",1,96.53184972055432,24531
"(0.955544662122821, 0.9714285714285714)",1,96.53177539082806,24532
"(0.8778462998102468, 0.9589484126984128)",1,96.53161648538868,24533
"(0.8851067942942943, 0.976013719881233)",1,96.53160943448825,24534
"(0.8705290357677138, 0.9774943735933984)",2,96.53152629388632,24536
"(0.859735522115823, 0.9885627144491042)",1,96.5315196279722,24537
"(0.7723005972326344, 0.9801287684542368)",1,96.53149497738028,24538
"(0.9027777777777778, 0.9734722222222224)",3,96.5309517261526,24541
"(0.8424947145877378, 0.9667774086378738)",1,96.53086095545912,24542
"(0.8731196908559524, 0.9825319426526432)",1,96.53079767648867,24543
"(0.7951423097974822, 0.9734722222222224)",1,96.53070058268196,24544
"(0.9065891472868216, 0.9775193798449612)",1,96.53052515989532,24545
"(0.8300280681378243, 0.9868055555555556)",1,96.5305107529545,24546
"(0.9444444444444444, 0.9841269841269842)",1,96.53050801145454,24547
"(0.947860476880274, 0.9785754927860192)",1,96.5304963227856,24548
"(0.8635440917107585, 0.9838235294117648)",1,96.53030148050824,24549
"(0.8902777777777777, 0.9734722222222224)",1,96.53014552059116,24550
"(0.8459679855028692, 0.9775193798449612)",1,96.52995680039862,24551
"(0.8443223443223443, 0.9734722222222224)",1,96.52974387947324,24552
"(0.8531211750305999, 0.9774943735933984)",1,96.52974209927751,24553
"(0.9018073680369506, 0.992156862745098)",1,96.529423384493,24554
"(0.9391627846790888, 0.97595009914078)",3,96.52926943947509,24557
"(0.9230769230769232, 0.9841269841269842)",1,96.52902416274752,24558
"(0.9293342911877394, 0.9868055555555556)",1,96.52884198371954,24559
"(0.9003322259136212, 0.9667774086378738)",4,96.52869858059628,24563
"(0.8753306878306878, 0.9868055555555556)",1,96.52853807132304,24564
"(0.93323732718894, 0.9754464285714284)",2,96.5280350447894,24566
"(0.4988536155202822, 0.9866666666666666)",1,96.5277742092018,24567
"(0.9135802469135802, 1.0)",1,96.52758573234644,24568
"(0.8995164281928988, 0.9885026737967916)",1,96.52746449318032,24569
"(0.9172932330827066, 1.0)",1,96.52729481274372,24570
"(0.9064872325741892, 0.9868055555555556)",1,96.52723440932884,24571
"(0.9565217391304348, 0.9841269841269842)",1,96.52699107750276,24572
"(0.813953488372093, 0.9667774086378738)",1,96.5268938648105,24573
"(0.8818121693121692, 0.9866666666666666)",1,96.52685636073028,24574
"(0.908998988877654, 0.9667774086378738)",1,96.526741293011,24575
"(0.8264589732338745, 0.9885627144491042)",1,96.52667015692394,24576
"(0.9094344316674038, 0.9643596441509156)",1,96.5266531330461,24577
"(0.8887191358024692, 0.9743589743589745)",1,96.52661046766676,24578
"(0.8887419165196943, 0.9734722222222224)",1,96.52655207678708,24579
"(0.875869740093878, 0.9734722222222224)",1,96.526514898249,24580
"(0.9674603174603176, 1.0)",1,96.52628339131444,24581
"(0.9534840838509316, 0.9727638167328804)",1,96.52612029238011,24582
"(0.9310828877005348, 0.9749660326086956)",1,96.52599839757904,24583
"(0.91243961352657, 0.9866666666666666)",1,96.5258918697486,24584
"(0.8927951388888888, 0.9866666666666666)",1,96.52586094132336,24585
"(0.4896538918597742, 0.9866666666666666)",1,96.52558366798182,24586
"(0.9035155195681512, 0.992156862745098)",1,96.52518238577416,24587
"(0.8899110149110149, 0.9866666666666666)",1,96.52497791138636,24588
"(0.8881381381381382, 0.9748677248677248)",1,96.52497504060771,24589
"(0.9478416778726376, 0.9855521155830752)",1,96.52492884540564,24590
"(0.9540538847117792, 0.9714285714285714)",1,96.5248448059758,24591
"(0.9667774086378738, 0.9774943735933984)",1,96.52466237885916,24592
"(0.81878722576397, 0.9667774086378738)",1,96.52466209863174,24593
"(0.9787811022617652, 0.9587678773492604)",1,96.52460945403148,24594
"(0.9570371875635032, 0.9665714285714284)",1,96.5243353998888,24595
"(0.9211733564648176, 0.9648977033360302)",2,96.5240193785278,24597
"(0.9444444444444444, 1.0)",1,96.52397538202268,24598
"(0.8870067649538378, 0.9667774086378738)",2,96.52382036158676,24600
"(0.946764828738513, 0.97595009914078)",1,96.5237480518406,24601
"(0.9426783174151596, 0.9766826923076924)",1,96.52358715489834,24602
"(0.8291327913279134, 0.9866666666666666)",1,96.52349201731256,24603
"(0.9253783187916316, 0.9840686274509804)",2,96.5234602841176,24605
"(0.9253783187916316, 0.992156862745098)",2,96.52325736096785,24607
"(0.7025855842842699, 0.9667774086378738)",1,96.52297427942274,24608
"(0.81878722576397, 0.9667774086378738)",2,96.52276516465584,24610
"(0.9408601779678556, 0.9574505911522484)",3,96.52267736894032,24613
"(0.93916595083917, 0.9766826923076924)",1,96.522658042533,24614
"(0.9319444444444444, 1.0)",1,96.52264284093756,24615
"(0.9715797169307606, 0.9642857142857144)",1,96.52226196690752,24616
"(0.8705378705688304, 0.9886710239651416)",1,96.52223532968613,24617
"(0.6470588235294118, 1.0)",1,96.52222552196083,24618
"(0.9622395833333334, 0.9734722222222224)",1,96.5220480716408,24619
"(0.908998988877654, 0.9667774086378738)",1,96.52181492699088,24620
"(0.8887191358024692, 0.9866666666666666)",1,96.52175071307909,24621
"(0.8634436934356743, 0.9774943735933984)",1,96.52172398813909,24622
"(0.9649729659305584, 0.9380552220888356)",1,96.52170032330667,24623
"(0.996078431372549, 0.970301570920766)",2,96.521669693441,24625
"(0.8816657376439986, 0.9734722222222224)",1,96.52156065954438,24626
"(0.7871989121989122, 0.9866666666666666)",1,96.5214075844355,24627
"(0.8389982110912344, 0.9885627144491042)",1,96.52134769264288,24628
"(0.8421003016591252, 0.9868055555555556)",1,96.52103378433894,24629
"(0.9032873606650292, 0.9727638167328804)",1,96.52101466984024,24630
"(0.8701066607489389, 0.9736842105263158)",1,96.52087634546778,24631
"(0.9226705733973176, 0.97595009914078)",1,96.52081480435004,24632
"(0.867704307568438, 0.9734722222222224)",2,96.52075495228276,24634
"(0.7871989121989122, 0.9866666666666666)",2,96.5204092764392,24636
"(0.8893558268973552, 0.9885627144491042)",1,96.52039563447563,24637
"(0.8322048866647042, 0.9774943735933984)",1,96.52036550239576,24638
"(0.947860476880274, 0.9579966888808584)",1,96.52030503229516,24639
"(0.8318452380952381, 0.9868055555555556)",1,96.51976424379454,24640
"(0.9426596279537456, 0.992156862745098)",1,96.51975783025463,24641
"(0.8459679855028692, 0.9774943735933984)",1,96.51970459036303,24642
"(0.8494949494949495, 0.9734722222222224)",1,96.51963082933231,24643
"(0.9047558922558924, 0.9868055555555556)",1,96.5195571689406,24644
"(0.948045267489712, 0.9866666666666666)",1,96.51922624487754,24645
"(0.9057088744588744, 0.9866666666666666)",1,96.51916520043169,24646
"(0.8467473884140551, 0.9866666666666666)",1,96.51916176207986,24647
"(0.6775462962962963, 0.9866666666666666)",1,96.5188756979464,24648
"(0.9678608196882048, 0.9678608196882048)",1,96.51880132764846,24649
"(0.9774943735933984, 0.9667774086378738)",1,96.51869965114948,24650
"(0.9492266992266992, 0.9866666666666666)",2,96.5186662614047,24652
"(0.7723214285714286, 0.9743589743589745)",1,96.5186182017218,24653
"(0.9428823795600112, 0.9694095827515072)",1,96.51841173397088,24654
"(0.875869740093878, 0.9583928571428572)",1,96.51836764101184,24655
"(0.8535457949758153, 0.9748677248677248)",1,96.51824137136042,24656
"(0.4804040404040404, 0.9868055555555556)",1,96.5180768485857,24657
"(0.8373447204968943, 0.9866666666666666)",1,96.5179611061581,24658
"(0.8590036231884057, 0.9866666666666666)",1,96.51779129541012,24659
"(0.6782946827273069, 0.9868055555555556)",1,96.51760073440175,24660
"(0.7511748585277997, 0.9797983905373407)",1,96.51759583520597,24661
"(0.9214457417582416, 0.9678053830227744)",1,96.51755958179804,24662
"(0.9191742887131236, 0.9642857142857144)",1,96.51753051859032,24663
"(0.8516967561920434, 0.9699685147803336)",1,96.51719674465488,24664
"(0.9574505911522484, 0.9766826923076924)",1,96.51711593495384,24665
"(0.9333333333333332, 0.9841269841269842)",1,96.5170925396328,24666
"(0.919687006945461, 0.9734722222222224)",2,96.51704552358548,24668
"(0.8627653708298868, 0.9734722222222224)",1,96.5169948024008,24669
"(0.9019607843137254, 0.9868055555555556)",2,96.51685271671988,24671
"(0.9003322259136212, 0.9885627144491042)",1,96.51670480070804,24672
"(0.8970659722222223, 1.0)",1,96.51653910170276,24673
"(0.8791954022988505, 0.9734722222222224)",1,96.51625636484184,24674
"(0.9426994258113802, 0.9688819909986466)",1,96.5162083607581,24675
"(0.9019607843137254, 0.9866666666666666)",2,96.51617507723442,24677
"(0.8945130355728907, 0.9774943735933984)",1,96.5160783576706,24678
"(0.9035714285714284, 0.9866666666666666)",1,96.51603429105886,24679
"(0.9308485656257932, 0.9679608656649474)",1,96.51566231775487,24680
"(0.7294483504597079, 0.9774943735933984)",1,96.51563716565728,24681
"(0.9214340198321892, 1.0)",1,96.5155990888716,24682
"(0.9565217391304348, 0.9841269841269842)",1,96.51557087712716,24683
"(0.8705805822084891, 1.0)",1,96.51544399394972,24684
"(0.9715797169307606, 0.9678053830227744)",1,96.5150503774056,24685
"(0.8522544946607246, 0.9716355056113616)",1,96.5146490943897,24686
"(0.9390638788116482, 0.9688819909986466)",1,96.5146354003818,24687
"(0.8887419165196943, 0.9734722222222224)",2,96.51461519510674,24689
"(0.875869740093878, 0.9734722222222224)",1,96.5144188316549,24690
"(0.9715797169307606, 0.9716709318919264)",1,96.51404974387884,24691
"(0.8264567669172932, 1.0)",1,96.51387597285805,24692
"(0.8232424833126587, 0.9820662768031188)",2,96.51364856650528,24694
"(0.8113181219906367, 0.9868055555555556)",2,96.51287571524554,24696
"(0.867704307568438, 0.9734722222222224)",1,96.51261312236534,24697
"(0.8890863872430693, 0.9645607615220874)",1,96.51258198290702,24698
"(0.9635619016637234, 0.9688819909986466)",1,96.51252108854028,24699
"(0.9571428571428572, 0.9676234979973296)",1,96.512462408189,24700
"(0.7951423097974822, 0.9734722222222224)",2,96.51240874298747,24702
"(0.9579966888808584, 0.9678608196882048)",1,96.5123731339714,24703
"(0.8779083570750237, 0.9743589743589745)",1,96.51225250058594,24704
"(0.7423427395649618, 0.9868055555555556)",1,96.51197690604428,24705
"(0.8641433305377707, 0.9825319426526432)",3,96.51124839211374,24708
"(0.8189878637916814, 0.9868055555555556)",1,96.5109410965932,24709
"(0.8680075424261471, 0.9774943735933984)",1,96.51064446448018,24710
"(0.804594861660079, 0.9743589743589745)",1,96.51041717770862,24711
"(0.8590556730091613, 0.9775193798449612)",1,96.51034658247316,24712
"(0.8887419165196943, 0.9868055555555556)",1,96.51033512611002,24713
"(0.93323732718894, 0.9754464285714284)",2,96.51027203313336,24715
"(0.9057088744588744, 0.9866666666666666)",1,96.5100595757118,24716
"(0.6782946827273069, 0.9868055555555556)",2,96.50983410889776,24718
"(0.8475024586783413, 0.9780571219715956)",1,96.50978420252244,24719
"(0.92925, 0.9787811022617652)",1,96.50963541835672,24720
"(0.8858975827700768, 0.9892665474060824)",1,96.50962703420362,24721
"(0.9333333333333332, 0.9841269841269842)",1,96.50962180646113,24722
"(0.9535924585381664, 0.9688819909986466)",1,96.50914190706348,24723
"(0.255916955017301, 0.976470588235294)",1,96.50909034366472,24724
"(0.8443223443223443, 0.9866666666666666)",1,96.50908803223646,24725
"(0.9435178632856652, 0.992156862745098)",1,96.50893961427576,24726
"(0.8799035686171609, 0.9650363879165252)",1,96.50864266362198,24727
"(0.97718610251118, 0.996078431372549)",1,96.50843097505084,24728
"(0.9065891472868216, 0.9885627144491042)",1,96.50819478814834,24729
"(0.8227906976744187, 0.9885627144491042)",1,96.5079184422154,24730
"(0.8527777777777779, 1.0)",1,96.50784375172243,24731
"(0.9191742887131236, 0.9714285714285714)",1,96.50768901761803,24732
"(0.8518518518518519, 1.0)",1,96.50765031070486,24733
"(0.950700596776178, 0.9721176108033788)",1,96.5072810927531,24734
"(0.8622222222222222, 1.0)",1,96.50718551979422,24735
"(0.8265700981304325, 0.9774943735933984)",1,96.50714251068528,24736
"(0.8927951388888888, 0.9866666666666666)",1,96.50706038528708,24737
"(0.7487501664809803, 0.975101502715266)",1,96.50680243381576,24738
"(0.8975847069597069, 0.9606615844690656)",1,96.50676472461234,24739
"(0.8494949494949495, 0.9734722222222224)",1,96.50647945340026,24740
"(0.9292181620122796, 0.9879901960784314)",2,96.50637846536851,24742
"(0.7962233504512917, 0.9868055555555556)",1,96.5063755968313,24743
"(0.8557419333086079, 0.97595009914078)",3,96.50627652123067,24746
"(0.896551724137931, 1.0)",1,96.5062003011454,24747
"(0.9104761904761904, 0.9868055555555556)",1,96.50612219214368,24748
"(0.8731060606060606, 1.0)",1,96.50608359284556,24749
"(0.81878722576397, 0.9667774086378738)",1,96.50606994922784,24750
"(0.9481474980306196, 0.9645607615220874)",1,96.50601916483674,24751
"(0.986574074074074, 0.9583928571428572)",2,96.50583412171603,24753
"(0.8305168558651531, 0.9868055555555556)",1,96.50580959234468,24754
"(0.8277537197423939, 0.9825319426526432)",1,96.50580548585503,24755
"(0.8494949494949495, 0.9734722222222224)",1,96.50577467279,24756
"(0.9444444444444444, 1.0)",2,96.50570988200386,24758
"(0.9310828877005348, 0.9750869028930254)",1,96.50566704707514,24759
"(0.9841269841269842, 1.0)",1,96.50544870626004,24760
"(0.9045169946332738, 0.9667774086378738)",1,96.50501624794428,24761
"(0.9384803921568629, 0.9827450980392156)",1,96.50487534526631,24762
"(0.9841269841269842, 0.9841269841269842)",1,96.5039775229531,24763
"(0.9319444444444444, 0.9743589743589745)",1,96.5039507097593,24764
"(0.9092261904761906, 0.9734722222222224)",1,96.50385795377038,24765
"(0.8656015037593985, 0.9651951748860688)",1,96.50374797755543,24766
"(0.9047619047619048, 1.0)",1,96.50364122893572,24767
"(0.9565217391304348, 0.9841269841269842)",1,96.50358868184976,24768
"(0.8584010840108401, 0.9868055555555556)",2,96.50355813033592,24770
"(0.8264589732338745, 0.9885627144491042)",1,96.50351721256986,24771
"(0.9070844099913866, 0.9774943735933984)",1,96.50317051257402,24772
"(0.9302579365079364, 1.0)",1,96.50313594562778,24773
"(0.8965217391304348, 0.9734722222222224)",1,96.50269213922876,24774
"(0.8563074352548036, 0.9868055555555556)",1,96.50252505145598,24775
"(0.9841269841269842, 1.0)",1,96.5022813443866,24776
"(0.8426851851851852, 0.9868055555555556)",1,96.50202383320172,24777
"(0.8443223443223443, 0.9722222222222222)",1,96.50180331662176,24778
"(0.9351600241545894, 0.9868055555555556)",2,96.50152663354852,24780
"(0.9171090534979424, 1.0)",1,96.50145423156314,24781
"(0.8629629629629629, 0.9868055555555556)",1,96.50132608300156,24782
"(0.9764161220043572, 0.996078431372549)",1,96.50129976709712,24783
"(0.9565217391304348, 1.0)",1,96.50119101333252,24784
"(0.7349551414768807, 0.9743589743589745)",1,96.5011787535585,24785
"(0.8100693112010285, 0.9737038204789498)",1,96.50105241501733,24786
"(0.5248560962846677, 0.9713960577118472)",1,96.50099003249689,24787
"(0.8856424148606811, 0.9866666666666666)",1,96.50092572375382,24788
"(0.8680075424261471, 0.9662727157199136)",1,96.5006525626776,24789
"(0.916550925925926, 0.9868055555555556)",1,96.50052485023556,24790
"(0.8970659722222223, 1.0)",1,96.50051062226284,24791
"(0.8346230158730159, 0.9868055555555556)",1,96.50046429090764,24792
"(0.9572737556561086, 0.9879901960784314)",1,96.5004440101536,24793
"(0.7782392026578072, 0.9885627144491042)",1,96.50039894048484,24794
"(0.8701066607489389, 0.9780571219715956)",3,96.50031645776724,24797
"(0.8975847069597069, 0.9645607615220874)",1,96.49992024336076,24798
"(0.8440126050420167, 0.9866666666666666)",1,96.49970946487372,24799
"(0.9407729468599032, 1.0)",2,96.49959245359824,24801
"(0.9657079385975222, 0.9678053830227744)",1,96.49959124159452,24802
"(0.8941062801932367, 0.9868055555555556)",1,96.49954122548743,24803
"(0.9463327370304114, 0.9885627144491042)",1,96.49935780661372,24804
"(0.9390638788116482, 0.9665714285714284)",1,96.49924263400976,24805
"(0.7951423097974822, 0.9734722222222224)",2,96.49908576408,24807
"(0.9827450980392156, 0.7931075460487225)",1,96.49904118959785,24808
"(0.917859918146296, 0.9851851851851852)",1,96.49886380525118,24809
"(0.8443223443223443, 0.9866666666666666)",1,96.4988418461428,24810
"(0.8882535288785288, 0.9629629629629628)",2,96.49869211790234,24812
"(0.9230769230769232, 0.9841269841269842)",1,96.4984422798154,24813
"(0.908998988877654, 0.9667774086378738)",1,96.49826345139216,24814
"(0.9135802469135802, 0.9841269841269842)",1,96.49812308774938,24815
"(0.9541062801932368, 0.9734722222222224)",1,96.49788267898349,24816
"(0.9492266992266992, 0.9866666666666666)",1,96.4978679305561,24817
"(0.8627653708298868, 0.9734722222222224)",1,96.49785659015582,24818
"(0.7617031353604244, 0.9743589743589745)",1,96.49779322948598,24819
"(0.9351258309591644, 1.0)",1,96.49768406914696,24820
"(0.9586520604621642, 0.9665714285714284)",1,96.49762230200442,24821
"(0.8856424148606811, 0.9866666666666666)",1,96.49761656439068,24822
"(0.8900759734093067, 1.0)",1,96.49725083472153,24823
"(0.9333333333333332, 0.9841269841269842)",1,96.49707324375548,24824
"(0.7507127554383651, 0.9844901260418012)",1,96.496930392707,24825
"(0.8700357638518202, 0.9913490623109498)",3,96.49672335668905,24828
"(0.8252552284666469, 0.961770130454341)",1,96.4966298329524,24829
"(0.81878722576397, 0.9667774086378738)",1,96.49650447754117,24830
"(0.9255470304063654, 0.9808278867102396)",1,96.4964913751955,24831
"(0.965272331154684, 0.9738562091503268)",1,96.49632756427737,24832
"(0.7472785737929731, 0.98711247296323)",1,96.49629524783204,24833
"(0.8459679855028692, 0.9885627144491042)",1,96.49555419139269,24834
"(0.8368686868686868, 1.0)",1,96.49552945839002,24835
"(1.0, 1.0)",1,96.4955273955274,24836
"(0.9696969696969696, 0.9841269841269842)",2,96.495267934095,24838
"(0.9079861111111112, 0.9734722222222224)",1,96.49526529062696,24839
"(0.8787013934657754, 0.9667774086378738)",1,96.49502659667723,24840
"(0.9002770083102493, 0.9694095827515072)",1,96.49488942474106,24841
"(0.8567397660818714, 0.9868055555555556)",1,96.49481691945302,24842
"(0.9406095584301136, 0.9727638167328804)",1,96.49473834500117,24843
"(0.947088068181818, 1.0)",1,96.49466193009624,24844
"(0.8925865800865801, 1.0)",1,96.49464857386307,24845
"(0.8902777777777777, 0.9734722222222224)",1,96.49464070164144,24846
"(0.9841269841269842, 0.9841269841269842)",1,96.4946016622342,24847
"(0.9540538847117792, 0.975060054907344)",1,96.49446558467707,24848
"(0.8345959595959597, 1.0)",1,96.49442982956536,24849
"(0.81878722576397, 0.9667774086378738)",2,96.49407358524664,24851
"(0.9135802469135802, 0.9841269841269842)",2,96.49379647421348,24853
"(0.744850256280111, 0.9722985139883438)",1,96.49377637776628,24854
"(0.8255813953488372, 0.965497521921464)",2,96.49355104658152,24856
"(0.8370512373649356, 0.9913490623109498)",1,96.49331341648586,24857
"(0.9346192998272106, 0.9602276524644946)",2,96.49305857520602,24859
"(0.8771929824561403, 1.0)",1,96.49303468470237,24860
"(0.9406095584301136, 0.9688819909986466)",1,96.49297131488132,24861
"(0.8965217391304348, 0.9734722222222224)",1,96.4929117273498,24862
"(0.9057088744588744, 0.9866666666666666)",1,96.49285630736452,24863
"(0.8586291309669523, 0.9774943735933984)",1,96.49267185617651,24864
"(0.908998988877654, 0.9774943735933984)",1,96.49267061167724,24865
"(0.8564318783068782, 0.9868055555555556)",1,96.49262083905872,24866
"(0.916550925925926, 0.9722222222222222)",1,96.4923516667687,24867
"(0.5173322840842022, 0.9670076726342712)",1,96.49205846741516,24868
"(0.731807951987997, 0.965497521921464)",1,96.49199421609715,24869
"(0.948045267489712, 0.9868055555555556)",1,96.49191886837316,24870
"(0.7987835673811283, 0.9734722222222224)",1,96.49184783508528,24871
"(0.8778462998102468, 0.9866666666666666)",1,96.49169998396688,24872
"(0.7413014722797331, 0.9866666666666666)",1,96.49165081317156,24873
"(0.7610695631528964, 0.9743589743589745)",2,96.49152530039828,24875
"(0.908998988877654, 0.9667774086378738)",2,96.49113615912763,24877
"(0.8705290357677138, 0.9885627144491042)",1,96.49092767754296,24878
"(0.8786453242098404, 0.9866666666666666)",1,96.49087457297652,24879
"(0.8945130355728907, 0.9775193798449612)",1,96.49070987752025,24880
"(0.7872082166199814, 0.9868055555555556)",1,96.49044743441463,24881
"(0.8557419333086079, 0.9721176108033788)",1,96.49031403219426,24882
"(0.8440126050420167, 0.9866666666666666)",2,96.49016110505842,24884
"(0.8271652864044169, 0.986574074074074)",1,96.49006616138344,24885
"(0.9027777777777778, 0.9734722222222224)",1,96.48999319370792,24886
"(0.4896538918597742, 0.9722222222222222)",1,96.48973609115968,24887
"(0.8757566103854729, 0.9775193798449612)",1,96.48940297643657,24888
"(0.8494949494949495, 0.9734722222222224)",2,96.48928009177293,24890
"(0.8941062801932367, 0.9748677248677248)",1,96.48927393225284,24891
"(0.9894736842105264, 0.8630065359477125)",1,96.4891983723414,24892
"(0.9364583333333332, 0.9868055555555556)",1,96.48883705686114,24893
"(0.8888888888888888, 1.0)",2,96.48877822533429,24895
"(0.9003322259136212, 0.9667774086378738)",1,96.48847966587148,24896
"(0.9349556489262372, 0.976661220043573)",2,96.48828863321052,24898
"(0.8757566103854729, 0.9667774086378738)",1,96.48825161194948,24899
"(0.931377923976608, 0.9913490623109498)",1,96.48824440118598,24900
"(0.9365750528541228, 0.9774943735933984)",1,96.48819456968904,24901
"(0.8590036231884057, 0.9866666666666666)",2,96.48788546967894,24903
"(0.9154678277085488, 0.9625936563436563)",1,96.48782822514936,24904
"(0.9302579365079364, 0.9748677248677248)",1,96.48768086751684,24905
"(0.8932369004949651, 0.9748677248677248)",1,96.4876498982661,24906
"(0.9027777777777778, 0.9734722222222224)",1,96.48758874852275,24907
"(0.896551724137931, 1.0)",1,96.48748672835708,24908
"(0.8047996976568405, 0.9866666666666666)",3,96.48727766037382,24911
"(0.9643596441509156, 0.961342940685046)",1,96.4872233206734,24912
"(0.8129629629629629, 1.0)",1,96.48708126606516,24913
"(0.8459679855028692, 0.9774943735933984)",1,96.48700223937122,24914
"(0.8787013934657754, 0.9667774086378738)",1,96.48698022197595,24915
"(0.8189878637916814, 0.9868055555555556)",1,96.48696654571764,24916
"(0.8515416147530508, 0.9737951804254849)",1,96.48682284107524,24917
"(0.900854700854701, 1.0)",1,96.48681157603988,24918
"(0.8915343915343915, 0.9868055555555556)",1,96.48674330985573,24919
"(0.6296160130718955, 0.9866666666666666)",1,96.4867059934152,24920
"(0.9696969696969696, 1.0)",1,96.48656538162962,24921
"(0.896551724137931, 1.0)",1,96.48631794919828,24922
"(0.842841064926467, 0.9780571219715956)",1,96.48597285045705,24923
"(0.9625936563436563, 0.9612261904761904)",3,96.48591089276832,24926
"(0.9499194985912254, 0.9665714285714284)",1,96.48583403336998,24927
"(0.9426994258113802, 0.9688819909986466)",3,96.4857889140525,24930
"(0.8882535288785288, 0.9734722222222224)",1,96.48564758378387,24931
"(0.9310828877005348, 0.9715797169307606)",2,96.48542263895452,24933
"(0.7523597208404582, 0.9802240220038372)",1,96.48497699149256,24934
"(0.8627653708298868, 0.9734722222222224)",1,96.48494144373817,24935
"(0.9019607843137254, 1.0)",1,96.48493137170384,24936
"(0.8921680266906457, 0.9676234979973296)",1,96.48467521485,24937
"(0.5229946524064171, 0.9885026737967916)",1,96.4846572049406,24938
"(0.8443223443223443, 0.9866666666666666)",1,96.48437849092284,24939
"(0.8467473884140551, 0.9722222222222222)",1,96.48385847079903,24940
"(0.925295008354219, 0.9648977033360302)",1,96.48380175071168,24941
"(0.892733134920635, 0.9868055555555556)",1,96.4837739059576,24942
"(0.922050500014663, 1.0)",1,96.48377321402056,24943
"(0.9045169946332738, 0.9667774086378738)",1,96.48372608467592,24944
"(0.8791623997269159, 0.9868055555555556)",1,96.4835738202772,24945
"(0.9333333333333332, 1.0)",1,96.4835383713677,24946
"(0.9840686274509804, 0.8579380139152435)",1,96.48303632165756,24947
"(0.8291327913279134, 0.9866666666666666)",1,96.48300144449986,24948
"(0.8439484126984128, 1.0)",1,96.482955504076,24949
"(0.905151943324208, 0.9642166226376752)",1,96.48278532231576,24950
"(0.8776804590758078, 0.9767441860465116)",1,96.48243838553717,24951
"(0.908998988877654, 0.9667774086378738)",4,96.48242517141937,24955
"(0.8429041174227984, 0.9667774086378738)",1,96.48214009512536,24956
"(0.9841269841269842, 0.9841269841269842)",1,96.48176072377552,24957
"(0.9774943735933984, 0.9667774086378738)",1,96.48175273521224,24958
"(0.7998955722639932, 0.9913490623109498)",3,96.48135448942878,24961
"(0.8814236111111111, 0.9866666666666666)",1,96.48116387386904,24962
"(0.9047619047619048, 1.0)",1,96.48114816320098,24963
"(0.9216927182615324, 0.9415378750109974)",1,96.4811074458771,24964
"(0.8163854689162486, 0.9774943735933984)",1,96.4810465467104,24965
"(0.9466207660652104, 1.0)",1,96.48099702264037,24966
"(0.8571428571428572, 1.0)",1,96.480981412229,24967
"(0.7423427395649618, 0.9868055555555556)",1,96.48077390810704,24968
"(0.8707729468599035, 0.9734722222222224)",1,96.4807216695482,24969
"(1.0, 1.0)",1,96.4807196014834,24970
"(0.9841269841269842, 1.0)",1,96.480684630621,24971
"(0.9186944634313056, 0.9749660326086956)",3,96.48065634425626,24974
"(0.5298422475961538, 0.9837753956690574)",1,96.48064137771384,24975
"(0.8827674567584882, 0.9713960577118472)",1,96.48060078325145,24976
"(0.9363885088919288, 0.9546136534133534)",1,96.4804849387308,24977
"(0.9070844099913866, 0.9774943735933984)",1,96.48045168099026,24978
"(0.92710864283235, 0.9774943735933984)",1,96.48037724876068,24979
"(0.8731060606060606, 1.0)",1,96.48026624804169,24980
"(0.9674603174603176, 1.0)",1,96.48023130373724,24981
"(0.6403503049675462, 1.0)",1,96.48007962426556,24982
"(0.9481474980306196, 0.9678053830227744)",1,96.48002496134676,24983
"(0.7472785737929731, 0.9780571219715956)",1,96.47989424237132,24984
"(0.896551724137931, 1.0)",1,96.47984615564334,24985
"(0.9589484126984128, 1.0)",1,96.4795196861284,24986
"(0.8265700981304325, 0.9667774086378738)",1,96.47932425665952,24987
"(0.9094344316674038, 0.9678608196882048)",1,96.4791542399033,24988
"(0.9384803921568629, 0.9758932461873638)",1,96.47906592341673,24989
"(0.9302579365079364, 0.9734722222222224)",1,96.47890808208936,24990
"(0.5177903719627386, 0.9649729659305584)",1,96.4787425848686,24991
"(0.8129898303922073, 1.0)",1,96.47865816794216,24992
"(0.9466207660652104, 1.0)",2,96.47864138921234,24994
"(0.7803178943682281, 0.9866666666666666)",1,96.47843971315622,24995
"(0.7524552007669335, 0.9737318194058054)",1,96.47820718889248,24996
"(0.9358798064680418, 0.9751797385620916)",1,96.4781555076955,24997
"(0.8022546419098144, 0.9583928571428572)",1,96.47811214431022,24998
"(0.9816305469556244, 0.996078431372549)",1,96.47794896973262,24999
"(0.9035155195681512, 0.9886710239651416)",1,96.47791726011656,25000
"(0.926045751633987, 0.978144708175668)",2,96.47788517020464,25002
"(0.8475024586783413, 0.9736842105263158)",1,96.47786470797357,25003
"(0.9463327370304114, 0.9885627144491042)",1,96.47750013251996,25004
"(0.8799035686171609, 0.9635619016637234)",1,96.47743653707624,25005
"(0.8684561965811965, 0.9868055555555556)",4,96.47740390573908,25009
"(0.9351258309591644, 1.0)",1,96.4771945703584,25010
"(0.9452536570183628, 0.992156862745098)",1,96.4770287655174,25011
"(0.8680075424261471, 0.9667774086378738)",1,96.47665064398716,25012
"(0.808641975308642, 0.9841269841269842)",1,96.47654479611394,25013
"(0.8859337035751476, 1.0)",1,96.47637104739302,25014
"(0.8889463321560508, 0.9692558192867792)",1,96.4762450603698,25015
"(0.9570371875635032, 0.9688819909986466)",1,96.47613052553308,25016
"(0.9363885088919288, 0.9667774086378738)",2,96.47602724102312,25018
"(0.8520449077786689, 0.9892665474060824)",1,96.47591979954092,25019
"(0.8902777777777777, 0.9734722222222224)",1,96.47585525653902,25020
"(0.8581587837837837, 0.9754464285714284)",1,96.47577610311988,25021
"(0.9363885088919288, 0.9667774086378738)",1,96.4755476804688,25022
"(0.8902777777777777, 0.9734722222222224)",1,96.47551459267908,25023
"(0.9523529411764708, 0.9683214285714286)",1,96.47507549026872,25024
"(0.8955165692007796, 0.9648977033360302)",3,96.47504037198442,25027
"(0.9565217391304348, 1.0)",1,96.4750191735294,25028
"(0.9088431305536568, 0.9604697507658034)",3,96.474939905137,25031
"(0.8300280681378243, 0.9868055555555556)",2,96.4749189318514,25033
"(0.9144192834138488, 0.9868055555555556)",1,96.47480505970437,25034
"(0.8582837837837838, 0.9638392857142858)",1,96.47470262794856,25035
"(0.9094344316674038, 0.9678053830227744)",1,96.47453389512322,25036
"(0.9354509320175438, 0.9736842105263158)",1,96.47446313980096,25037
"(0.7294483504597079, 0.9774943735933984)",2,96.47438654019234,25039
"(0.8255813953488372, 0.9775193798449612)",1,96.4743437314874,25040
"(0.8448736477904788, 0.9885627144491042)",1,96.47431465786998,25041
"(0.9027777777777778, 0.9734722222222224)",1,96.47389196838115,25042
"(0.9473838918283362, 0.9868055555555556)",2,96.47381438478324,25044
"(0.546003794666717, 0.9851897324222172)",1,96.47378493851222,25045
"(0.7707924493038034, 0.9743589743589745)",2,96.47363868735196,25047
"(0.9002770083102493, 0.9692634363686996)",3,96.47347117652971,25050
"(0.8837209302325582, 0.9774943735933984)",2,96.47340811313003,25052
"(0.8415692007797271, 0.9868055555555556)",2,96.4732584342804,25054
"(0.9787811022617652, 0.9681338377164)",1,96.47322109361718,25055
"(0.8831064306064307, 0.9868055555555556)",1,96.4731548169429,25056
"(1.0, 1.0)",1,96.47314217481636,25057
"(0.8880350522413213, 0.9667774086378738)",1,96.47311757084417,25058
"(0.9841269841269842, 1.0)",1,96.47294252974967,25059
"(0.905649630541872, 0.9754464285714284)",1,96.47286968485028,25060
"(0.9045169946332738, 0.9667774086378738)",2,96.47283514269937,25062
"(0.8622222222222222, 1.0)",1,96.47229859571324,25063
"(0.7423427395649618, 0.9868055555555556)",1,96.4721342852754,25064
"(0.8965217391304348, 0.9583928571428572)",1,96.472039305412,25065
"(0.9365750528541228, 0.9774943735933984)",1,96.47140344696908,25066
"(0.8406622751683077, 0.9712942350989664)",1,96.47139169261746,25067
"(0.9696969696969696, 0.9841269841269842)",1,96.47117203783894,25068
"(0.8571428571428572, 1.0)",1,96.4711470502804,25069
"(0.896551724137931, 1.0)",1,96.4708185996298,25070
"(0.8190309499878695, 0.9774943735933984)",1,96.4704604443743,25071
"(0.9408668730650154, 0.9692634363686996)",1,96.46993120934164,25072
"(0.8592532467532467, 1.0)",2,96.46971051902212,25074
"(0.9534840838509316, 0.97595009914078)",1,96.46969728498716,25075
"(0.9462631140307872, 0.9665714285714284)",1,96.46953645870347,25076
"(0.7988631272401433, 0.9868055555555556)",1,96.46939265790785,25077
"(0.9523529411764708, 0.9678608196882048)",1,96.46909005435458,25078
"(0.8586291309669523, 0.9774943735933984)",1,96.46867815283264,25079
"(0.8454115226337449, 0.9868055555555556)",1,96.4685364405469,25080
"(0.9343548387096776, 0.9866666666666666)",1,96.46839535686838,25081
"(0.9534840838509316, 0.9665714285714284)",1,96.46820005399222,25082
"(0.8837209302325582, 0.9667774086378738)",1,96.46795873325702,25083
"(0.8457446808510638, 0.9868055555555556)",1,96.46781836906132,25084
"(0.8170400723750731, 0.9885627144491042)",1,96.4677489877893,25085
"(0.9366629231646204, 0.9665714285714284)",1,96.46763148425605,25086
"(0.813953488372093, 0.9774943735933984)",1,96.46744835617926,25087
"(0.7282763532763532, 0.9868055555555556)",1,96.4674153221186,25088
"(0.896551724137931, 1.0)",1,96.46730027380804,25089
"(0.8639328063241105, 0.9754464285714284)",1,96.46717872903588,25090
"(0.9391627846790888, 0.9665714285714284)",1,96.4668983133616,25091
"(0.8376068376068376, 1.0)",1,96.4665684521169,25092
"(0.986574074074074, 0.9734722222222224)",1,96.46656226623628,25093
"(0.940967320261438, 0.9800599128540306)",1,96.46655677588666,25094
"(1.0, 1.0)",1,96.46651132343092,25095
"(0.8650226969848408, 0.9734722222222224)",1,96.4663423336721,25096
"(0.8882535288785288, 0.9743589743589745)",1,96.46629131977836,25097
"(0.8671417195826613, 0.9546136534133534)",1,96.46623686558613,25098
"(0.8265700981304325, 0.9667774086378738)",1,96.46598793267496,25099
"(0.9088431305536568, 0.9648977033360302)",1,96.46575678899006,25100
"(0.9066840277777778, 0.9866666666666666)",1,96.4655306020581,25101
"(0.9774943735933984, 0.9667774086378738)",1,96.46550025572203,25102
"(0.908998988877654, 0.9774943735933984)",2,96.46529935980296,25104
"(0.8888888888888888, 1.0)",1,96.46522326070117,25105
"(0.9189473684210526, 0.96116458704694)",2,96.46519349604516,25107
"(0.8013468013468013, 0.9841269841269842)",1,96.46518865121828,25108
"(0.8604651162790697, 0.9774943735933984)",1,96.465121055478,25109
"(0.986574074074074, 0.9734722222222224)",4,96.46504852801851,25113
"(0.9243650793650792, 1.0)",1,96.46499959352344,25114
"(0.7112386382871769, 0.9800677958363768)",1,96.46485471889264,25115
"(0.7561876009638551, 0.9765427110373154)",1,96.4647734081521,25116
"(0.6156045751633987, 1.0)",1,96.46438812167068,25117
"(0.8837209302325582, 0.9774943735933984)",1,96.46438462619228,25118
"(0.8927951388888888, 0.958531746031746)",1,96.46435069595334,25119
"(0.9386724386724388, 1.0)",1,96.46423624684492,25120
"(0.875869740093878, 0.9734722222222224)",1,96.46393074536375,25121
"(0.8885119047619048, 0.9734722222222224)",1,96.46362784273914,25122
"(0.9045169946332738, 0.9667774086378738)",1,96.4636157878976,25123
"(0.914652757654786, 0.9803376906318084)",1,96.46351328121813,25124
"(0.9384353741496598, 0.9678053830227744)",1,96.46327041074456,25125
"(0.7777777777777776, 1.0)",1,96.46326168073796,25126
"(0.8443223443223443, 0.9722222222222222)",1,96.46319753509913,25127
"(0.9135802469135802, 1.0)",1,96.46298885677362,25128
"(0.9239488017429196, 0.9730521155830752)",1,96.46289240262776,25129
"(0.5941059794031105, 0.9751975049376236)",1,96.46289173962268,25130
"(0.9226705733973176, 0.9665714285714284)",1,96.46267328928316,25131
"(0.8778462998102468, 0.9866666666666666)",1,96.4626674338949,25132
"(0.8627450980392157, 1.0)",1,96.46254392397498,25133
"(0.8882535288785288, 0.9734722222222224)",1,96.46245928967916,25134
"(0.7951423097974822, 0.9734722222222224)",1,96.46235471008764,25135
"(0.8837209302325582, 0.9667774086378738)",1,96.46221180606904,25136
"(0.918078605068401, 0.9665714285714284)",1,96.462179317823,25137
"(0.8771929824561403, 1.0)",1,96.46184081872916,25138
"(0.9469444444444444, 0.9733828034137632)",2,96.46128278403212,25140
"(0.9310789204679486, 0.9665714285714284)",1,96.46103179524351,25141
"(0.7163073729892919, 0.965497521921464)",1,96.46101379332646,25142
"(0.8817815249266862, 0.9583928571428572)",1,96.46073822409564,25143
"(0.9391865079365078, 1.0)",1,96.4607017351971,25144
"(0.992156862745098, 0.9847494553376906)",2,96.46039678639131,25146
"(0.952503401360544, 0.9650363879165252)",1,96.4603748311912,25147
"(0.8836091234347048, 0.9667774086378738)",1,96.46025407951488,25148
"(0.8227906976744187, 0.9775193798449612)",1,96.45973285315472,25149
"(0.8468468468468467, 1.0)",1,96.45960424030604,25150
"(0.9841269841269842, 1.0)",1,96.45959827177887,25151
"(0.9618138828565136, 0.9647217861503576)",1,96.4594974690646,25152
"(0.8255813953488372, 0.9774943735933984)",1,96.45934064617028,25153
"(0.8731060606060606, 0.986574074074074)",1,96.45922013844314,25154
"(0.8650226969848408, 0.9734722222222224)",1,96.4592015837302,25155
"(0.9625936563436563, 0.9650363879165252)",3,96.45912958631594,25158
"(0.6296160130718955, 0.9734722222222224)",1,96.45906622356706,25159
"(0.934274781341108, 0.9683214285714286)",1,96.45894373309274,25160
"(0.9333333333333332, 1.0)",1,96.45891803839211,25161
"(0.8133720930232559, 0.9667774086378738)",1,96.4585149799911,25162
"(0.867704307568438, 0.9734722222222224)",1,96.45848015292772,25163
"(0.9565217391304348, 1.0)",1,96.4584491669175,25164
"(0.8826277082091036, 0.9774943735933984)",1,96.4581578745673,25165
"(0.7951423097974822, 0.9734722222222224)",1,96.45808838342448,25166
"(0.8791954022988505, 0.9734722222222224)",1,96.45793194052284,25167
"(0.9618138828565136, 0.9678053830227744)",1,96.4577706754453,25168
"(0.4896538918597742, 0.9866666666666666)",1,96.45773117184017,25169
"(0.8471827131238087, 0.9726457957722144)",1,96.45765039834004,25170
"(0.8759689922480619, 0.9774943735933984)",1,96.45742976927822,25171
"(0.8459679855028692, 0.9774943735933984)",1,96.45738399127448,25172
"(0.8323660714285714, 0.9868055555555556)",1,96.45703369878024,25173
"(0.8282752506308395, 0.9662727157199136)",1,96.457003949127,25174
"(0.7341269841269841, 0.9868055555555556)",1,96.45693077315032,25175
"(0.7967201500483234, 0.9780571219715956)",1,96.45686840747258,25176
"(0.7319111444111444, 0.9868055555555556)",2,96.45625181035884,25178
"(0.9635619016637234, 0.9635619016637234)",1,96.45620682877431,25179
"(0.9507101086048454, 0.9841269841269842)",2,96.45563937975156,25181
"(0.8443223443223443, 0.9866666666666666)",1,96.45546900478205,25182
"(0.9696969696969696, 0.9841269841269842)",1,96.45544129148269,25183
"(0.8748472964943552, 0.996078431372549)",1,96.45543617132286,25184
"(0.9743589743589745, 0.9868055555555556)",1,96.45530012262502,25185
"(0.8040021929824561, 0.9694095827515072)",2,96.45514424501413,25187
"(0.9743589743589745, 0.9868055555555556)",2,96.45488590493244,25189
"(0.5334084200640177, 0.9875131263126312)",1,96.45484041014052,25190
"(0.8138881768037778, 0.9879901960784314)",2,96.4546552500613,25192
"(0.904126984126984, 1.0)",1,96.45458704588764,25193
"(0.892733134920635, 0.9868055555555556)",1,96.45454065499533,25194
"(0.8129629629629629, 1.0)",1,96.45444805620455,25195
"(0.9019607843137254, 0.9734722222222224)",1,96.454441205907,25196
"(0.9555491383616382, 0.9612261904761904)",1,96.45426787873689,25197
"(0.9397665508331108, 0.965497521921464)",1,96.454121631061,25198
"(0.9310828877005348, 0.9643596441509156)",1,96.45404255883318,25199
"(0.81878722576397, 0.9667774086378738)",1,96.45403921385936,25200
"(0.9841269841269842, 1.0)",1,96.45382395382396,25201
"(0.8791954022988505, 0.9734722222222224)",1,96.45368728778416,25202
"(0.9308485656257932, 0.9679608656649474)",1,96.45367188753696,25203
"(0.8459679855028692, 0.9774943735933984)",1,96.45358666823196,25204
"(0.8361910413576099, 0.9736625844627372)",1,96.45358514581962,25205
"(0.938570380142761, 0.9716709318919264)",2,96.45358362638632,25207
"(0.9066840277777778, 0.9866666666666666)",2,96.4532229097504,25209
"(0.8882535288785288, 0.9734722222222224)",4,96.45312774162798,25213
"(0.8836091234347048, 0.9667774086378738)",1,96.45289325179276,25214
"(0.8619951040391676, 0.965497521921464)",1,96.45241581937104,25215
"(0.8896256684491979, 0.9649729659305584)",1,96.4522342238235,25216
"(0.915494777499728, 0.9665714285714284)",1,96.45215932786182,25217
"(0.8833628057765988, 0.9868055555555556)",1,96.4521404305908,25218
"(0.8731060606060606, 0.9743589743589745)",1,96.45211102898188,25219
"(0.9715797169307606, 0.9681338377164)",2,96.45210884311314,25221
"(0.8680075424261471, 0.9667774086378738)",1,96.452069060773,25222
"(0.9302579365079364, 0.9583928571428572)",1,96.45183810179088,25223
"(0.8778462998102468, 0.9866666666666666)",2,96.45173489421234,25225
"(0.8178819444444445, 0.9583928571428572)",1,96.4516320197751,25226
"(0.8300280681378243, 0.9868055555555556)",1,96.45133973535964,25227
"(0.867704307568438, 0.9734722222222224)",1,96.45123086218936,25228
"(0.9023809523809524, 1.0)",1,96.4511777926004,25229
"(0.8190189403857904, 0.9692634363686996)",1,96.45113300244051,25230
"(0.9447018709564609, 0.9550387596899224)",1,96.45105424107707,25231
"(0.8886775717208655, 0.9604697507658034)",1,96.45090967931866,25232
"(0.9194577352472088, 0.9696969696969696)",1,96.45086278870886,25233
"(0.8396845307996157, 0.9694095827515072)",1,96.450347670866,25234
"(0.8836091234347048, 0.9667774086378738)",1,96.45002349976448,25235
"(0.8459679855028692, 0.9774943735933984)",1,96.44985552006575,25236
"(0.9049919484702094, 0.9841269841269842)",1,96.44984839970728,25237
"(0.9230769230769232, 0.9841269841269842)",2,96.44979756762388,25239
"(0.8832772166105499, 1.0)",1,96.44969561636228,25240
"(0.7872082166199814, 0.9868055555555556)",1,96.44926892160314,25241
"(0.8967236467236468, 0.9722222222222222)",1,96.44859476256264,25242
"(0.8791954022988505, 0.9583928571428572)",1,96.4485917851677,25243
"(0.8590556730091613, 0.9775193798449612)",1,96.44858570043286,25244
"(0.847123015873016, 0.9868055555555556)",1,96.44857421094537,25245
"(0.8531211750305999, 0.9774943735933984)",1,96.4483904920791,25246
"(0.9333333333333332, 1.0)",1,96.44834054834055,25247
"(0.8467473884140551, 0.9866666666666666)",1,96.44823561477844,25248
"(0.7365451388888888, 0.9868055555555556)",1,96.44809691383978,25249
"(0.8368686868686868, 1.0)",1,96.44790985861512,25250
"(0.8485261953969941, 0.9774943735933984)",1,96.44783704405116,25251
"(0.908998988877654, 0.9667774086378738)",1,96.44782085304529,25252
"(0.952064553093965, 0.9688819909986466)",1,96.44780035807192,25253
"(0.8459679855028692, 0.9775193798449612)",1,96.44772226843348,25254
"(0.9308485656257932, 0.9749660326086956)",1,96.44766579593669,25255
"(0.8650226969848408, 0.9734722222222224)",1,96.44732154029046,25256
"(0.6780094316207496, 0.9885026737967916)",1,96.44718620270808,25257
"(0.8500033239264507, 0.9736796450089364)",1,96.44713840540652,25258
"(0.8133720930232559, 0.9667774086378738)",1,96.44699999470788,25259
"(0.8604651162790697, 0.9774943735933984)",1,96.44673456029189,25260
"(0.8888888888888888, 1.0)",1,96.44658531540094,25261
"(0.8813339438339438, 0.9868055555555556)",1,96.44641078465298,25262
"(0.8757481940144478, 0.976470588235294)",1,96.44634327547509,25263
"(0.8826277082091036, 0.9774943735933984)",1,96.44616102289535,25264
"(0.992156862745098, 0.8618595825426945)",1,96.4459888794853,25265
"(0.9002770083102493, 0.9692634363686996)",3,96.4454416393479,25268
"(0.8883205456095482, 1.0)",1,96.44524909213438,25269
"(0.9269637391618816, 0.992156862745098)",1,96.44518839485688,25270
"(0.9674603174603176, 1.0)",1,96.44515311687744,25271
"(0.8832772166105499, 1.0)",1,96.4448452781786,25272
"(0.9037076648841356, 0.992156862745098)",1,96.44467536542965,25273
"(0.8604651162790697, 0.9775193798449612)",1,96.44451306576744,25274
"(0.9348875393612236, 0.9604697507658034)",1,96.44384390062162,25275
"(0.9368482142857144, 0.9678053830227744)",1,96.4438314520226,25276
"(0.9356619570905284, 0.9612261904761904)",3,96.44369303545992,25279
"(0.8429041174227984, 0.9667774086378738)",2,96.44364644554176,25281
"(0.9310828877005348, 0.9714285714285714)",1,96.44337618381938,25282
"(0.8765565134099617, 0.9722222222222222)",1,96.44332576009072,25283
"(0.9678608196882048, 0.9715797169307606)",1,96.4432571766381,25284
"(0.8945130355728907, 0.9775193798449612)",1,96.44324483056631,25285
"(0.8319664902998236, 1.0)",1,96.4428626709006,25286
"(0.8113181219906367, 0.9868055555555556)",1,96.4427654102218,25287
"(0.9469444444444444, 0.9689710387078808)",1,96.44276262320696,25288
"(0.8265590958605664, 0.9868055555555556)",1,96.44274317675686,25289
"(0.7971704623878537, 0.9792592592592592)",2,96.44265896138708,25291
"(0.8774993038150933, 0.9736842105263158)",6,96.44261684311265,25297
"(0.919687006945461, 0.9734722222222224)",1,96.44259453122774,25298
"(0.904439990281827, 0.9696381743256742)",1,96.44251835157672,25299
"(0.9687581699346404, 0.996078431372549)",1,96.44234593141694,25300
"(0.7410529682885718, 0.9750068493150684)",1,96.44229038997042,25301
"(0.8837209302325582, 0.9667774086378738)",1,96.44203189818752,25302
"(0.955544662122821, 0.9657079385975222)",1,96.44203060945988,25303
"(0.8753306878306878, 0.9748677248677248)",1,96.4411535873829,25304
"(0.9065438871473354, 1.0)",1,96.44106180154104,25305
"(0.81878722576397, 0.9667774086378738)",1,96.44098054626023,25306
"(0.9057088744588744, 0.9866666666666666)",1,96.44068931800886,25307
"(0.9302579365079364, 0.9734722222222224)",1,96.44067204924882,25308
"(0.9657079385975222, 0.9715797169307606)",1,96.44035493646344,25309
"(0.7573718400360736, 0.9770494082287328)",1,96.44026767644492,25310
"(0.8817204301075269, 0.9841269841269842)",1,96.44023146574229,25311
"(0.9460618398175734, 0.9645607615220874)",1,96.44013547507927,25312
"(0.96625, 0.9754464285714284)",1,96.43998554394364,25313
"(0.9368482142857144, 0.9657079385975222)",1,96.43969888410648,25314
"(0.9135802469135802, 1.0)",1,96.43957439863664,25315
"(0.9534840838509316, 0.9625936563436563)",1,96.4394830403142,25316
"(0.915619658119658, 0.9868055555555556)",1,96.43908193658184,25317
"(0.9, 1.0)",1,96.43883649703318,25318
"(0.77039068737284, 0.9550387596899224)",1,96.43878858128664,25319
"(0.875869740093878, 0.9583928571428572)",1,96.43851822331654,25320
"(0.7568263633039907, 0.974893038266448)",1,96.43836024217458,25321
"(0.8889463321560508, 0.9744410044719642)",1,96.43825705483864,25322
"(0.8919095971175892, 0.9662727157199136)",1,96.4381915204922,25323
"(0.896551724137931, 1.0)",2,96.43797209969269,25325
"(0.9194577352472088, 1.0)",1,96.43774860616963,25326
"(0.7599587877549425, 0.9831385821448954)",1,96.43764653973058,25327
"(0.8216380182002021, 1.0)",1,96.4376047846075,25328
"(0.9407729468599032, 1.0)",1,96.43738199961058,25329
"(0.8778462998102468, 0.9866666666666666)",1,96.4370655880522,25330
"(0.7163073729892919, 0.9775193798449612)",1,96.43699508373102,25331
"(0.9541062801932368, 0.9583928571428572)",1,96.43681337761092,25332
"(0.8836091234347048, 0.9667774086378738)",1,96.43666526921376,25333
"(0.81878722576397, 0.9667774086378738)",1,96.43654123940972,25334
"(0.867704307568438, 0.9734722222222224)",2,96.4362788689958,25336
"(0.9589484126984128, 1.0)",1,96.4362526317966,25337
"(0.8461640211640211, 0.9734722222222224)",1,96.43622315292578,25338
"(0.9060206664893564, 0.9648977033360302)",1,96.4360638244384,25339
"(0.9243650793650792, 1.0)",1,96.43602955059912,25340
"(0.8473809523809523, 0.9754464285714284)",2,96.43597119319348,25342
"(0.8816657376439986, 0.9734722222222224)",1,96.4358182293446,25343
"(0.7149501661129568, 0.965497521921464)",1,96.43577078775957,25344
"(0.769060874119107, 0.9913490623109498)",4,96.43565697953166,25348
"(0.9589484126984128, 0.9866666666666666)",1,96.43536262451258,25349
"(0.8666666666666667, 0.986574074074074)",1,96.43531596997924,25350
"(0.9172932330827066, 1.0)",1,96.43530370864964,25351
"(0.9247241379310346, 0.9754464285714284)",1,96.43503687215784,25352
"(0.9432302504125708, 0.9647217861503576)",6,96.43501354469488,25358
"(0.9426596279537456, 0.996078431372549)",1,96.43495193913112,25359
"(0.9759803921568628, 0.9882352941176472)",1,96.43472075266423,25360
"(0.9333333333333332, 0.9841269841269842)",1,96.43453829770316,25361
"(0.9003322259136212, 0.9774943735933984)",2,96.43445775805245,25363
"(0.7413014722797331, 0.9866666666666666)",1,96.43442746314156,25364
"(0.9003322259136212, 0.9775193798449612)",1,96.43414011178568,25365
"(0.948045267489712, 0.9868055555555556)",1,96.4339909055555,25366
"(0.9364583333333332, 0.9868055555555556)",1,96.43354114369194,25367
"(0.8759689922480619, 0.9774943735933984)",1,96.43343606593434,25368
"(0.8503626025507386, 0.9736912030888214)",1,96.43320235715191,25369
"(0.8373015873015873, 1.0)",1,96.43296993945752,25370
"(0.8857407747009801, 0.9649122807017544)",3,96.43294939466855,25373
"(0.9296302734822564, 0.97595009914078)",1,96.43262752380323,25374
"(0.81878722576397, 0.9667774086378738)",1,96.43262024955486,25375
"(0.8604651162790697, 0.9667774086378738)",1,96.4323080239382,25376
"(0.7537053571428572, 0.9749660326086956)",1,96.43228546944962,25377
"(0.844758764317945, 0.965497521921464)",1,96.432045208218,25378
"(0.8680075424261471, 0.9667774086378738)",1,96.43194785745384,25379
"(0.4896538918597742, 0.9866666666666666)",1,96.43183236936711,25380
"(0.9230769230769232, 0.9841269841269842)",1,96.43171610997716,25381
"(0.986574074074074, 0.9734722222222224)",1,96.43162626123572,25382
"(0.8522222222222222, 0.9734722222222224)",1,96.43161644500036,25383
"(1.0, 1.0)",1,96.43158054749624,25384
"(0.9319444444444444, 0.9743589743589745)",2,96.43146039242218,25386
"(0.6775462962962963, 0.9866666666666666)",1,96.43136183175392,25387
"(0.7871989121989122, 0.9734722222222224)",1,96.43125154100152,25388
"(0.8902765578490216, 0.9734722222222224)",1,96.43116789432548,25389
"(0.8837209302325582, 0.9775193798449612)",1,96.43106125283438,25390
"(0.8977777777777779, 1.0)",1,96.43079670855911,25391
"(0.8887419165196943, 0.9734722222222224)",1,96.43044420961547,25392
"(0.8680075424261471, 0.9667774086378738)",1,96.43041720083797,25393
"(0.867704307568438, 0.9734722222222224)",1,96.4304112527581,25394
"(0.9774943735933984, 0.9667774086378738)",1,96.43037934431226,25395
"(0.8840890522875817, 0.9722222222222222)",1,96.43024402355562,25396
"(0.8915343915343915, 0.9868055555555556)",2,96.43022083675795,25398
"(0.8902777777777777, 0.9734722222222224)",1,96.43019237326912,25399
"(0.8714344685242518, 0.992156862745098)",1,96.4299800631235,25400
"(0.8475024586783413, 0.9736842105263158)",1,96.42995483208148,25401
"(0.9481474980306196, 0.9678053830227744)",1,96.42975388864777,25402
"(0.7141994478951, 1.0)",1,96.42950872739426,25403
"(0.93916595083917, 0.9766826923076924)",1,96.42870373927428,25404
"(0.8370512373649356, 0.9913490623109498)",3,96.42853583636904,25407
"(0.9342814048696402, 0.979656862745098)",1,96.42851455761496,25408
"(0.8967236467236468, 0.9866666666666666)",1,96.4284127533962,25409
"(0.8429041174227984, 0.9667774086378738)",1,96.4283671307464,25410
"(1.0, 1.0)",1,96.42834329194778,25411
"(0.7167919799498746, 1.0)",1,96.42829284491226,25412
"(0.9696969696969696, 1.0)",1,96.42800803905128,25413
"(0.81878722576397, 0.9667774086378738)",1,96.42781589444132,25414
"(0.9308485656257932, 0.9679608656649474)",1,96.42707431390524,25415
"(0.9333908045977012, 0.9767241379310344)",1,96.42704501497062,25416
"(0.93323732718894, 0.9624656593406592)",1,96.4269859886846,25417
"(0.847123015873016, 0.9866666666666666)",1,96.42687970570616,25418
"(0.8429041174227984, 0.9667774086378738)",1,96.42678179889138,25419
"(0.9224211423699916, 1.0)",1,96.42676846402776,25420
"(0.8122923588039868, 0.9563953488372092)",1,96.42656295805668,25421
"(0.992156862745098, 1.0)",1,96.4265579394026,25422
"(1.0, 0.9841269841269842)",1,96.42636923071724,25423
"(0.9618138828565136, 0.9683214285714286)",1,96.42632515697298,25424
"(0.8827565726955972, 0.9665714285714284)",1,96.42628703372884,25425
"(0.9408601779678556, 0.9688819909986466)",1,96.42624457862443,25426
"(0.8707729468599035, 0.9734722222222224)",1,96.42602342912328,25427
"(0.8238338286410982, 0.9780571219715956)",3,96.42600865115536,25430
"(0.6782946827273069, 0.9868055555555556)",1,96.4259797199762,25431
"(0.8927951388888888, 0.9866666666666666)",1,96.425695323694,25432
"(0.8882535288785288, 0.9734722222222224)",1,96.42444616097144,25433
"(0.9407679738562092, 0.9748677248677248)",1,96.42409331344852,25434
"(0.952064553093965, 0.9635619016637234)",1,96.42400551793916,25435
"(0.9027777777777778, 0.9734722222222224)",1,96.42397357516988,25436
"(0.9363885088919288, 0.9667774086378738)",1,96.42395699326296,25437
"(0.7349551414768807, 0.9743589743589745)",1,96.4238531240936,25438
"(0.7563735307329491, 0.9785709606915712)",1,96.423716578296,25439
"(0.8837209302325582, 0.9667774086378738)",1,96.42355951979212,25440
"(0.9565217391304348, 0.9841269841269842)",1,96.42338104801895,25441
"(0.9589484126984128, 1.0)",1,96.42334636655798,25442
"(0.9203845950797168, 0.9625936563436563)",1,96.42300725381912,25443
"(0.7975164658278694, 1.0)",2,96.42299275967224,25445
"(0.9185588416618146, 0.9657079385975222)",2,96.42283932587976,25447
"(0.8978798708330872, 0.9780571219715956)",6,96.4227287584893,25453
"(0.8882535288785288, 0.9743589743589745)",1,96.42269727153705,25454
"(0.8123371647509577, 0.9868055555555556)",4,96.42255539431255,25458
"(0.8857407747009801, 0.9737148229943366)",1,96.42249819465864,25459
"(0.8967236467236468, 0.9734722222222224)",1,96.4224863719286,25460
"(0.908998988877654, 0.9667774086378738)",1,96.42233901228292,25461
"(0.9209085933223864, 0.9803921568627452)",1,96.42230444570914,25462
"(0.8707729468599035, 0.9734722222222224)",1,96.42228357824816,25463
"(0.9407729468599032, 0.9866666666666666)",1,96.42222718161794,25464
"(0.9406095584301136, 0.9612261904761904)",6,96.42186158575232,25470
"(0.9363885088919288, 0.9667774086378738)",1,96.42183614406704,25471
"(0.8443223443223443, 0.9866666666666666)",1,96.42168783314406,25472
"(0.865079365079365, 1.0)",1,96.42157833164472,25473
"(0.896551724137931, 1.0)",1,96.42138288426324,25474
"(0.8837209302325582, 0.9885627144491042)",1,96.42134085544065,25475
"(0.9586520604621642, 0.9595374149659864)",1,96.42132487314126,25476
"(0.8813339438339438, 0.9868055555555556)",1,96.4212526256427,25477
"(0.9248591174906964, 0.9882352941176472)",1,96.42114053997769,25478
"(0.9406095584301136, 0.9618138828565136)",1,96.42113223025176,25479
"(0.8666060577471494, 0.9550387596899224)",1,96.42083470498709,25480
"(0.8837209302325582, 0.9774943735933984)",2,96.4205412317336,25482
"(0.9003322259136212, 0.9667774086378738)",2,96.4204900352802,25484
"(0.9571428571428572, 0.9618138828565136)",1,96.42041649554947,25485
"(0.899997244510117, 0.9707309941520468)",2,96.42031330893994,25487
"(0.8942523459812323, 0.9913490623109498)",1,96.42030574553574,25488
"(0.8761348091033453, 0.9774943735933984)",1,96.42023058530384,25489
"(0.9092261904761906, 0.9734722222222224)",1,96.42022022334072,25490
"(0.9491329966329968, 0.9925925925925926)",1,96.42012900660475,25491
"(0.9040106023792244, 0.9885627144491042)",1,96.42009940700868,25492
"(0.9070844099913866, 0.9774943735933984)",2,96.41995304986766,25494
"(0.9049532029717788, 0.9731377053745476)",1,96.41980667297592,25495
"(0.8467473884140551, 0.9866666666666666)",1,96.41963060867346,25496
"(0.9841269841269842, 1.0)",1,96.41949611659834,25497
"(0.9645607615220874, 0.9645607615220874)",1,96.41945183953192,25498
"(0.9788235294117646, 0.9894736842105264)",1,96.41935754926078,25499
"(0.95536349042541, 0.9763834422657952)",1,96.41918918910063,25500
"(0.87257176828623, 0.9763729918129768)",1,96.4190683669908,25501
"(0.8015343915343914, 0.9743589743589745)",1,96.41892302725196,25502
"(0.9088431305536568, 0.9692634363686996)",1,96.41890154674512,25503
"(0.9445350241545892, 0.986574074074074)",2,96.41881931016316,25505
"(0.9508739421428176, 0.9642166226376752)",1,96.41865195146076,25506
"(0.9386724386724388, 0.9841269841269842)",1,96.41828493144304,25507
"(0.942961408510189, 0.9678053830227744)",1,96.41812096125282,25508
"(0.8456196581196581, 0.9866666666666666)",1,96.41802527096138,25509
"(0.824225054981075, 0.974012801837586)",1,96.41780211298972,25510
"(0.8901450053705692, 0.9605856647968066)",1,96.4175726861234,25511
"(0.8078308130291714, 0.9885627144491042)",1,96.41750964032326,25512
"(0.7998955722639932, 0.9913490623109498)",1,96.41735312628884,25513
"(0.9886710239651416, 0.996078431372549)",1,96.41712469553713,25514
"(0.79145763692632, 0.9736842105263158)",1,96.41697682563908,25515
"(0.7574629741006653, 0.9688780227596016)",4,96.41680797753152,25519
"(0.8277537197423939, 0.9825319426526432)",1,96.41653159201653,25520
"(0.8113181219906367, 0.9868055555555556)",1,96.4164178800616,25521
"(0.8645158215783454, 0.9667774086378738)",1,96.41640641404496,25522
"(0.5223765432098765, 0.9748677248677248)",1,96.41618454076782,25523
"(0.8837209302325582, 0.9667774086378738)",1,96.41597755162378,25524
"(0.7162037037037038, 1.0)",1,96.41588090136798,25525
"(0.9618138828565136, 0.9643596441509156)",1,96.4158787393994,25526
"(0.9239488017429196, 0.9762566137566135)",1,96.41586416251444,25527
"(0.8851067942942943, 0.9740488312931804)",1,96.41553341311833,25528
"(0.8522222222222222, 0.9868055555555556)",1,96.41538717321252,25529
"(0.7904832394231688, 0.979109897206617)",1,96.41526566328604,25530
"(0.954682426948052, 0.9679608656649474)",1,96.41498742732972,25531
"(0.9365750528541228, 0.9774943735933984)",2,96.4149800703565,25533
"(0.9385964912280702, 0.9692634363686996)",3,96.41448590330604,25536
"(0.8889463321560508, 0.9847494553376906)",1,96.41430624476736,25537
"(0.8429041174227984, 0.9667774086378738)",1,96.4138851381024,25538
"(0.8255813953488372, 0.9774943735933984)",1,96.41387347326288,25539
"(0.9571395713710704, 0.9665714285714284)",1,96.41386234776238,25540
"(0.9574505911522484, 0.9679608656649474)",1,96.4137492107999,25541
"(0.9481474980306196, 0.9645607615220874)",1,96.4134754932877,25542
"(0.8837209302325582, 0.9774943735933984)",2,96.41342385477036,25544
"(0.986574074074074, 0.9734722222222224)",1,96.4133003770988,25545
"(0.8798475538617097, 0.9550387596899224)",1,96.413218426924,25546
"(0.9766612200435728, 0.9499965600275198)",1,96.41317265363436,25547
"(0.8870067649538378, 0.9667774086378738)",2,96.41308822639115,25549
"(0.853187414500684, 0.9885627144491042)",2,96.41297879975582,25551
"(0.8993950442762655, 0.9604697507658034)",3,96.41297101526747,25554
"(0.7962233504512917, 0.9868055555555556)",1,96.41289299289056,25555
"(0.4432805247702946, 0.9868055555555556)",1,96.41288745730142,25556
"(0.9191742887131236, 0.9714285714285714)",3,96.41288503852098,25559
"(0.886154011154011, 0.9722222222222222)",1,96.41287191572218,25560
"(0.875, 1.0)",1,96.4127923882086,25561
"(0.918078605068401, 0.9618138828565136)",1,96.41264245021188,25562
"(0.942961408510189, 0.9681338377164)",2,96.412532218312,25564
"(0.8505136750684519, 0.9730284541621536)",1,96.41219059103736,25565
"(0.8890722680670169, 0.9774943735933984)",1,96.41202195931884,25566
"(0.8814236111111111, 0.9866666666666666)",2,96.4116668769788,25568
"(0.8975847069597069, 0.9715797169307606)",1,96.41163227158223,25569
"(0.9047619047619048, 1.0)",1,96.4115927501893,25570
"(0.9665714285714284, 0.9696381743256742)",1,96.41154368080224,25571
"(0.8762664758354415, 0.9678053830227744)",2,96.41151899738225,25573
"(0.9612261904761904, 0.9688819909986466)",2,96.4110126977644,25575
"(0.8701066607489389, 0.9736842105263158)",1,96.4109388877424,25576
"(0.9023569023569024, 1.0)",1,96.41072168962248,25577
"(0.9507101086048454, 1.0)",1,96.410461652557,25578
"(0.9363885088919288, 0.9667774086378738)",1,96.41044758264096,25579
"(0.9320451606275656, 0.9651951748860688)",1,96.41032679339872,25580
"(0.8613034779932287, 0.9736842105263158)",1,96.41014477922576,25581
"(0.7200000000000001, 1.0)",1,96.4100035253822,25582
"(0.9092261904761906, 0.9734722222222224)",1,96.40970588902184,25583
"(0.8814236111111111, 0.9866666666666666)",1,96.40968694801016,25584
"(0.865079365079365, 1.0)",1,96.40959494883444,25585
"(0.976851851851852, 0.9879901960784314)",2,96.40941623443132,25587
"(0.8856424148606811, 0.9866666666666666)",2,96.409400098779,25589
"(0.585140176021449, 0.9780571219715956)",1,96.40939745683418,25590
"(0.8443223443223443, 0.9722222222222222)",1,96.40934176532386,25591
"(0.9074804011737396, 0.9667774086378738)",1,96.40930168249164,25592
"(0.79145763692632, 0.9780571219715956)",6,96.40919811420028,25598
"(0.9203845950797168, 0.9766826923076924)",3,96.40910619583715,25601
"(0.9278900902053612, 0.9715797169307606)",1,96.40884603998012,25602
"(0.9384803921568629, 0.971078431372549)",2,96.40869442266234,25604
"(0.8190309499878695, 0.9774943735933984)",1,96.40859319701244,25605
"(0.9774943735933984, 0.9667774086378738)",1,96.40833929973608,25606
"(0.8857407747009801, 0.9648977033360302)",3,96.40816309124934,25609
"(0.8645158215783454, 0.9667774086378738)",1,96.40803945554796,25610
"(0.879008834302952, 0.9879901960784314)",1,96.40800276719288,25611
"(0.7677679255082008, 0.9743460970383396)",1,96.40794608852988,25612
"(0.9302579365079364, 0.9734722222222224)",4,96.40779876395786,25616
"(0.7349551414768807, 0.9866666666666666)",1,96.407781058922,25617
"(0.7412486629885762, 0.9784630182345558)",1,96.40759515001488,25618
"(0.9390638788116482, 0.9657079385975222)",1,96.40750165781564,25619
"(0.9696969696969696, 1.0)",1,96.40749641878418,25620
"(0.9023569023569024, 1.0)",2,96.40736434300506,25622
"(0.908998988877654, 0.9667774086378738)",1,96.40718706451617,25623
"(0.896551724137931, 1.0)",1,96.407159695074,25624
"(0.8485261953969941, 0.9774943735933984)",1,96.406817998365,25625
"(0.8885119047619048, 0.9583928571428572)",1,96.40673033575004,25626
"(0.9432302504125708, 0.9678608196882048)",1,96.40672060600264,25627
"(0.8952380952380952, 1.0)",1,96.40652042695709,25628
"(0.8882535288785288, 0.9734722222222224)",1,96.40640632985752,25629
"(0.8375522452041583, 0.965497521921464)",1,96.40633249064058,25630
"(0.8586291309669523, 0.9774943735933984)",1,96.40626377100422,25631
"(0.9696969696969696, 0.9841269841269842)",1,96.40608745333608,25632
"(0.9216927182615324, 0.9767441860465116)",1,96.40569609233984,25633
"(0.9365750528541228, 0.9774943735933984)",1,96.4055408060084,25634
"(0.922050500014663, 0.9774943735933984)",1,96.40552194744822,25635
"(0.8469872598162071, 0.9780571219715956)",3,96.40552115501224,25638
"(0.905151943324208, 0.9606447334368527)",1,96.40544894224044,25639
"(0.8847105966899316, 0.9780571219715956)",3,96.40520008543524,25642
"(0.9454986295593504, 0.9868055555555556)",4,96.40519027876265,25646
"(0.8885119047619048, 0.9734722222222224)",2,96.40477524344638,25648
"(0.9176532769556026, 0.9774943735933984)",1,96.4046802790915,25649
"(0.8440126050420167, 0.9866666666666666)",1,96.4042360376275,25650
"(0.919047619047619, 1.0)",1,96.40417467208772,25651
"(0.9047619047619048, 1.0)",1,96.40396471293153,25652
"(0.9027777777777778, 0.9734722222222224)",1,96.40391315357006,25653
"(0.9247241379310346, 0.9754464285714284)",2,96.40379430411078,25655
"(0.9391627846790888, 0.9657079385975222)",1,96.40352319219984,25656
"(0.8487390350877192, 0.9648977033360302)",3,96.4033148995376,25659
"(0.915619658119658, 0.9868055555555556)",2,96.40329359745084,25661
"(0.8890722680670169, 0.9774943735933984)",1,96.40305994699516,25662
"(0.8756319514661275, 0.9550387596899224)",1,96.40304013472368,25663
"(0.8440126050420167, 0.9866666666666666)",2,96.40303979678312,25665
"(0.8550387596899225, 0.9885627144491042)",2,96.40295818826652,25667
"(0.9586520604621642, 0.9688819909986466)",2,96.40294531681609,25669
"(0.9571428571428572, 0.9618138828565136)",3,96.40288603857675,25672
"(0.8601973684210527, 0.9825319426526432)",1,96.40276788296153,25673
"(0.623978288633461, 0.9868055555555556)",1,96.40268929114043,25674
"(0.9333333333333332, 0.9841269841269842)",1,96.40267050874156,25675
"(0.8882535288785288, 0.9734722222222224)",1,96.40265627607567,25676
"(0.950140056022409, 0.9812636165577344)",1,96.40226852086802,25677
"(0.9092261904761906, 0.9734722222222224)",1,96.40179635038729,25678
"(0.9565217391304348, 1.0)",1,96.40177195476242,25679
"(0.8400808029318731, 0.9787427691011104)",1,96.4016069913281,25680
"(0.8708731355790179, 0.9604828042328042)",1,96.40147275276708,25681
"(0.9333333333333332, 1.0)",2,96.40141620230168,25683
"(0.8997086999609598, 0.9678053830227744)",1,96.40117284791688,25684
"(0.7872082166199814, 0.9868055555555556)",1,96.4011433950546,25685
"(0.9390638788116482, 0.9612261904761904)",3,96.40062525257429,25688
"(0.9774943735933984, 0.9667774086378738)",1,96.40057771484732,25689
"(0.915422077922078, 0.9754464285714284)",1,96.40053500865108,25690
"(0.8604651162790697, 0.965497521921464)",1,96.40051827350888,25691
"(0.8467473884140551, 0.9866666666666666)",1,96.4003072022374,25692
"(0.9715797169307606, 0.9714285714285714)",2,96.4002875180603,25694
"(0.9194577352472088, 1.0)",1,96.40026217031212,25695
"(0.9688764394646748, 0.8618595825426945)",1,96.4002452882511,25696
"(0.9541062801932368, 0.9734722222222224)",1,96.40010888372667,25697
"(0.9172932330827066, 1.0)",1,96.40010677141692,25698
"(0.8022546419098144, 0.9583928571428572)",1,96.40005375062056,25699
"(0.9202401372212692, 0.9885627144491042)",1,96.39993161305276,25700
"(0.8757566103854729, 0.9885627144491042)",1,96.39965433389632,25701
"(0.9365750528541228, 0.9774943735933984)",1,96.3996232822936,25702
"(0.8779083570750237, 0.9743589743589745)",1,96.39878593710672,25703
"(0.9064516129032258, 0.9754464285714284)",1,96.39797936579406,25704
"(0.919687006945461, 0.9734722222222224)",1,96.39767385680835,25705
"(0.8443223443223443, 0.9866666666666666)",1,96.39761972203088,25706
"(0.9847494553376906, 0.9679302832244008)",1,96.39756037982158,25707
"(0.952503401360544, 0.9645607615220874)",1,96.39735723374018,25708
"(0.9365750528541228, 0.9774943735933984)",1,96.39729969215348,25709
"(0.8680075424261471, 0.9774943735933984)",1,96.39723488493524,25710
"(0.7871989121989122, 0.9866666666666666)",1,96.39708273477284,25711
"(0.8837209302325582, 0.9667774086378738)",1,96.3965218117205,25712
"(0.9391865079365078, 1.0)",2,96.39645411540602,25714
"(0.9426994258113802, 0.9618138828565136)",3,96.39634624970276,25717
"(0.8650226969848408, 0.9734722222222224)",1,96.3962438390828,25718
"(0.9079861111111112, 0.9734722222222224)",1,96.39613121469792,25719
"(0.9074804011737396, 0.9667774086378738)",1,96.39569113699814,25720
"(0.867704307568438, 0.9583928571428572)",1,96.39566286571012,25721
"(0.905151943324208, 0.9642857142857144)",1,96.3954922974025,25722
"(0.9049532029717788, 0.9687329434697856)",1,96.39540162440676,25723
"(0.7413014722797331, 0.9866666666666666)",1,96.39517325986294,25724
"(0.8731060606060606, 0.9743589743589745)",1,96.39496753656545,25725
"(0.9135802469135802, 1.0)",1,96.39482657385588,25726
"(0.948045267489712, 0.9868055555555556)",2,96.3947885314786,25728
"(0.9255470304063654, 0.9631372549019608)",1,96.39470683585772,25729
"(0.9523529411764708, 0.9645607615220874)",1,96.39456420342144,25730
"(0.958531746031746, 1.0)",1,96.39451841615544,25731
"(0.89, 1.0)",1,96.3944363485856,25732
"(0.8590036231884057, 0.9743589743589745)",1,96.39443560594287,25733
"(0.91484126984127, 0.9827450980392156)",1,96.39409294095609,25734
"(0.7245388933440257, 0.9775193798449612)",1,96.39404517924214,25735
"(0.9374844260560896, 0.9618138828565136)",5,96.39389799140676,25740
"(0.9092261904761906, 0.9734722222222224)",1,96.3938453235896,25741
"(0.7508019224861294, 0.9790549097571336)",1,96.3936020805023,25742
"(0.9460618398175734, 0.9678053830227744)",1,96.3935738894248,25743
"(0.8840890522875817, 0.9604828042328042)",1,96.39357023485724,25744
"(0.9408601779678556, 0.9650363879165252)",1,96.39338262614272,25745
"(0.9696969696969696, 1.0)",1,96.39335418997166,25746
"(0.8799035686171609, 0.9625936563436563)",1,96.3933172692564,25747
"(0.9041622150997152, 0.9868055555555556)",1,96.39306454919682,25748
"(0.8248513232233126, 0.9780571219715956)",3,96.39306031863023,25751
"(0.9306746031746032, 1.0)",2,96.39298670715748,25753
"(0.79145763692632, 0.9825319426526432)",1,96.39297726411218,25754
"(0.9919117647058824, 0.9847117794486216)",2,96.3928795170542,25756
"(0.9135802469135802, 1.0)",1,96.39193505562469,25757
"(0.8882535288785288, 0.9734722222222224)",2,96.39184752965588,25759
"(0.8531211750305999, 0.9774943735933984)",1,96.39172487047776,25760
"(0.8965217391304348, 0.9734722222222224)",1,96.39155894419712,25761
"(0.8031631097560976, 0.9722222222222222)",1,96.39151258086474,25762
"(0.7782392026578072, 1.0)",1,96.39131749508417,25763
"(0.9563063063063064, 0.9696381743256742)",1,96.3912422047255,25764
"(0.8927951388888888, 0.9866666666666666)",1,96.39117494056484,25765
"(0.9841269841269842, 1.0)",1,96.39113521900194,25766
"(0.9191742887131236, 0.9749660326086956)",1,96.39113339943964,25767
"(0.8550741594067247, 1.0)",1,96.39099105876348,25768
"(0.9452536570183628, 0.9818181818181818)",1,96.39098222495578,25769
"(0.8956505897276728, 0.960607978267748)",1,96.39088018280786,25770
"(0.8429041174227984, 0.9667774086378738)",1,96.39085930181216,25771
"(0.8629629629629629, 0.9868055555555556)",1,96.39068309969602,25772
"(0.9264176245210728, 1.0)",1,96.39049657821931,25773
"(0.9352453102453102, 0.9866666666666666)",1,96.39046435207857,25774
"(0.9406095584301136, 0.9612261904761904)",1,96.3904090944918,25775
"(0.8942523459812323, 0.98711247296323)",1,96.39031256209825,25776
"(0.5223765432098765, 0.9748677248677248)",2,96.38983033202813,25778
"(0.9202401372212692, 1.0)",1,96.38958925111145,25779
"(0.8779083570750237, 0.9743589743589745)",1,96.38954792236316,25780
"(0.8872598584428717, 0.9667774086378738)",1,96.38933671843662,25781
"(0.8748472964943552, 0.996078431372549)",1,96.38916924273786,25782
"(0.7537053571428572, 0.9647217861503576)",6,96.38851517341324,25788
"(0.9027777777777778, 0.9734722222222224)",2,96.38846901403676,25790
"(0.9239488017429196, 0.9733333333333332)",1,96.38846108874068,25791
"(0.8705805822084891, 0.9885627144491042)",1,96.3883122383484,25792
"(0.7245388933440257, 0.9775193798449612)",2,96.38821688598549,25794
"(0.7869981325863679, 1.0)",1,96.38815588486106,25795
"(0.8817204301075269, 1.0)",1,96.38788801453596,25796
"(0.9251027896538732, 0.9778966131907308)",1,96.38735143191468,25797
"(0.9886710239651416, 0.996078431372549)",1,96.38728544773106,25798
"(0.8639328063241105, 0.9754464285714284)",1,96.38724206368204,25799
"(0.9045169946332738, 0.9667774086378738)",1,96.38718360552036,25800
"(0.9565217391304348, 0.9841269841269842)",1,96.38716356107682,25801
"(0.9589484126984128, 1.0)",1,96.38687369362502,25802
"(0.8743600845228408, 0.9734063772676788)",1,96.38685612249124,25803
"(0.9224211423699916, 1.0)",1,96.38657843591024,25804
"(0.8885119047619048, 0.9734722222222224)",1,96.3863566947936,25805
"(0.9452536570183628, 0.9658006535947712)",2,96.3863565830687,25807
"(0.8550741594067247, 1.0)",1,96.38634497963128,25808
"(0.8837209302325582, 0.9774943735933984)",2,96.38609320583272,25810
"(0.875, 1.0)",1,96.3860400519216,25811
"(0.9047619047619048, 0.9841269841269842)",1,96.38599849543668,25812
"(0.9563063063063064, 0.9650363879165252)",3,96.38594591282808,25815
"(0.8882535288785288, 0.9743589743589745)",1,96.3857274627246,25816
"(0.8731196908559524, 0.9825319426526432)",3,96.38571852974636,25819
"(0.842841064926467, 0.9736842105263158)",5,96.3854692094023,25824
"(0.9092261904761906, 0.9734722222222224)",2,96.38540179161583,25826
"(0.8356902356902357, 0.9868055555555556)",1,96.38526174853708,25827
"(0.9363885088919288, 0.9667774086378738)",1,96.385110686356,25828
"(0.875869740093878, 0.9734722222222224)",2,96.38464746922112,25830
"(0.93323732718894, 0.9754464285714284)",1,96.38443493647812,25831
"(0.9179206566347468, 0.9667774086378738)",2,96.38441525736906,25833
"(0.8639328063241105, 0.9754464285714284)",1,96.38430044282144,25834
"(0.908998988877654, 0.9667774086378738)",2,96.3842947853011,25836
"(1.0, 1.0)",1,96.3842722024058,25837
"(0.9449122174122172, 0.9661375661375662)",1,96.38418908454209,25838
"(1.0, 1.0)",1,96.38415698799136,25839
"(0.9696969696969696, 1.0)",1,96.38407505140576,25840
"(0.8645158215783454, 0.9667774086378738)",1,96.38390067272772,25841
"(0.9255470304063654, 0.9808278867102396)",1,96.38361285009591,25842
"(0.9386724386724388, 0.9841269841269842)",1,96.3835361584702,25843
"(0.9135802469135802, 0.9841269841269842)",1,96.38352127065092,25844
"(0.961342940685046, 0.9642857142857144)",1,96.38311980029192,25845
"(0.9565375499581746, 0.9657079385975222)",1,96.383026555378,25846
"(0.9365750528541228, 0.9774943735933984)",1,96.38299973559684,25847
"(0.8788323569411767, 0.9780571219715956)",1,96.38281948333508,25848
"(0.8837209302325582, 0.9774943735933984)",1,96.382816728747,25849
"(0.867704307568438, 0.9734722222222224)",1,96.38237737113046,25850
"(0.9428823795600112, 0.9781614000609122)",1,96.3822491291383,25851
"(0.8457575757575757, 0.9868055555555556)",1,96.38221749240786,25852
"(0.9841269841269842, 1.0)",1,96.38221285282812,25853
"(0.8323660714285714, 0.9868055555555556)",1,96.38201308603048,25854
"(0.9192180611357128, 1.0)",1,96.38176627387126,25855
"(0.9003869969040249, 0.9740643495864882)",1,96.38166117284172,25856
"(0.9612261904761904, 0.9688819909986466)",1,96.38164318826348,25857
"(0.9003322259136212, 0.9774943735933984)",4,96.38154859920272,25861
"(0.8837244897959183, 0.9665714285714284)",1,96.38153840335433,25862
"(0.7511748585277997, 0.9841317432167648)",1,96.38149089247432,25863
"(0.8926559394175094, 0.9694279341856143)",3,96.38121937099442,25866
"(0.8902777777777777, 0.9734722222222224)",1,96.38108341557492,25867
"(0.911377708978328, 0.9868055555555556)",4,96.3810447874712,25871
"(0.9047558922558924, 0.9868055555555556)",1,96.38054344893062,25872
"(0.8046935824713601, 1.0)",1,96.38051783971372,25873
"(0.8680075424261471, 0.9774943735933984)",1,96.38042439690336,25874
"(0.8870067649538378, 0.9667774086378738)",2,96.37995200535552,25876
"(0.8761348091033453, 0.9774943735933984)",1,96.37985889684995,25877
"(0.8882535288785288, 0.9734722222222224)",1,96.37958466048076,25878
"(0.9021158978269156, 0.965497521921464)",1,96.37937923480568,25879
"(0.9388029361942404, 0.9688819909986466)",1,96.37935681587558,25880
"(0.9092261904761906, 0.9734722222222224)",3,96.37933351794652,25883
"(0.8650226969848408, 0.9734722222222224)",1,96.37928348706906,25884
"(0.8978798708330872, 0.9780571219715956)",1,96.37927769669844,25885
"(0.8756319514661275, 0.965497521921464)",2,96.37893708692955,25887
"(0.7869981325863679, 1.0)",1,96.37884661512122,25888
"(0.9647217861503576, 0.9750869028930254)",1,96.37871919860076,25889
"(0.8569104506604507, 0.9868055555555556)",1,96.3784275189374,25890
"(0.8778462998102468, 0.9734722222222224)",1,96.37818234481728,25891
"(0.9264176245210728, 0.9866666666666666)",1,96.3781594434807,25892
"(0.8423371647509579, 1.0)",2,96.37808358843988,25894
"(0.9035087719298246, 0.9649122807017544)",1,96.3777108586212,25895
"(0.9386724386724388, 0.9841269841269842)",1,96.37760806438816,25896
"(0.733058608058608, 0.9743589743589745)",1,96.37735555298887,25897
"(0.9065438871473354, 1.0)",2,96.37723565941278,25899
"(0.9064872325741892, 0.9748677248677248)",1,96.3771922762533,25900
"(0.9426994258113802, 0.9665714285714284)",1,96.37713773223808,25901
"(0.8584010840108401, 0.9868055555555556)",1,96.37699525386252,25902
"(0.8705290357677138, 0.9774943735933984)",1,96.37672937427983,25903
"(0.8941062801932367, 0.9748677248677248)",1,96.37672484851292,25904
"(0.9612261904761904, 0.9688819909986466)",3,96.37668401395683,25907
"(0.8443223443223443, 0.9866666666666666)",1,96.37645886943552,25908
"(0.8022546419098144, 0.9734722222222224)",1,96.3764329052152,25909
"(0.9194577352472088, 1.0)",1,96.37627569087944,25910
"(0.9405634236453204, 0.9754464285714284)",1,96.37623717878546,25911
"(0.8680075424261471, 0.9774943735933984)",2,96.37614169805047,25913
"(0.8179251985756162, 0.9604697507658034)",1,96.37602675325384,25914
"(0.8031631097560976, 0.9868055555555556)",1,96.37592973817328,25915
"(0.941488229119808, 0.9812636165577342)",1,96.3758338721639,25916
"(0.8316355404640634, 0.9692634363686996)",3,96.37581929143067,25919
"(0.8731060606060606, 1.0)",1,96.37570358968436,25920
"(0.996078431372549, 0.992156862745098)",1,96.3756965100528,25921
"(0.9026816400797126, 0.9650363879165252)",3,96.37569088647392,25924
"(0.9374844260560896, 0.9650363879165252)",1,96.37562499758587,25925
"(0.9517488164856586, 0.9696790997100596)",1,96.37553408604631,25926
"(0.8734582431032859, 0.9774943735933984)",1,96.3751050543728,25927
"(0.7552931034482758, 0.9793025880380364)",1,96.37502881114392,25928
"(0.4432805247702946, 0.9868055555555556)",1,96.37441430689798,25929
"(0.7932875667429443, 0.9739630931081678)",1,96.3742421550853,25930
"(0.8941062801932367, 0.9868055555555556)",1,96.37421920339033,25931
"(0.9452536570183628, 0.9879901960784314)",1,96.37382130182084,25932
"(0.9363885088919288, 0.9667774086378738)",2,96.37367527738704,25934
"(0.96625, 0.9754464285714284)",1,96.37362497790458,25935
"(0.8750051440329217, 0.9734722222222224)",1,96.37335177618172,25936
"(0.8571428571428572, 0.9841269841269842)",1,96.37309990525787,25937
"(0.9594646747587924, 0.9521352400609366)",1,96.37294223000131,25938
"(0.9305147058823529, 0.9624656593406592)",1,96.37290679127568,25939
"(0.9066840277777778, 0.9866666666666666)",1,96.37259258524456,25940
"(0.9044642857142856, 0.9650363879165252)",1,96.37242041229004,25941
"(0.9774943735933984, 0.9667774086378738)",2,96.37241985802936,25943
"(0.7951423097974822, 0.9734722222222224)",1,96.37235998690308,25944
"(0.9523529411764708, 0.9657079385975222)",1,96.37205942370568,25945
"(0.875869740093878, 0.9583928571428572)",1,96.3720281989796,25946
"(0.8040021929824561, 0.9648977033360302)",1,96.37171782096718,25947
"(0.8663648981836243, 0.9734722222222224)",1,96.3714468873264,25948
"(0.7745765275257108, 0.9692634363686996)",1,96.37127366212316,25949
"(0.8650226969848408, 0.9734722222222224)",1,96.37124051574186,25950
"(0.9040965706023436, 0.9694279341856143)",3,96.3712346057514,25953
"(0.9040106023792244, 0.9775193798449612)",1,96.37117606967249,25954
"(0.8265590958605664, 0.9868055555555556)",1,96.37105386252976,25955
"(0.8837209302325582, 0.9774943735933984)",1,96.37083037557171,25956
"(0.8132390951302638, 0.9694279341856143)",1,96.3707528961223,25957
"(0.8429041174227984, 0.9667774086378738)",2,96.37058758164127,25959
"(0.9595374149659864, 0.9618138828565136)",1,96.37032376813062,25960
"(0.986574074074074, 0.9734722222222224)",1,96.3701504584604,25961
"(0.9023026315789472, 0.9754464285714284)",1,96.37008876410528,25962
"(0.9666666666666668, 1.0)",1,96.36982096143112,25963
"(0.8265700981304325, 0.9667774086378738)",2,96.36933871382593,25965
"(0.8680075424261471, 0.9774943735933984)",1,96.36931693598324,25966
"(0.7998955722639932, 0.9698578833447256)",1,96.3692483039338,25967
"(0.9565217391304348, 1.0)",1,96.36915741263569,25968
"(0.9466207660652104, 1.0)",1,96.3691459280526,25969
"(0.9563063063063064, 0.9650363879165252)",1,96.36873282555712,25970
"(0.8966049382716049, 0.9868055555555556)",2,96.3686382854434,25972
"(0.7707924493038034, 0.9743589743589745)",1,96.36854754969478,25973
"(0.8330439814814815, 1.0)",1,96.3685326830973,25974
"(0.9388029361942404, 0.9705862533692722)",1,96.36844564335368,25975
"(0.90437564499484, 0.97317738791423)",1,96.36838100972469,25976
"(0.7973484848484849, 0.9743589743589745)",1,96.36826248443312,25977
"(0.8440126050420167, 0.9866666666666666)",2,96.36809501979371,25979
"(0.874025901365936, 0.9775193798449612)",1,96.36790549959508,25980
"(0.8853132832080202, 0.9782702035744222)",1,96.36781333515262,25981
"(0.9667774086378738, 0.9775193798449612)",1,96.36774091620453,25982
"(0.9388029361942404, 0.9650363879165252)",3,96.36766858026172,25985
"(0.8967236467236468, 0.9866666666666666)",1,96.36766237884478,25986
"(0.9625936563436563, 0.9688819909986466)",2,96.36745518815384,25988
"(0.984504357298475, 0.9812636165577344)",1,96.36743388163788,25989
"(0.875, 1.0)",1,96.36713113762016,25990
"(0.905649630541872, 0.9754464285714284)",1,96.3671275815964,25991
"(0.7690274841437632, 0.9774943735933984)",1,96.36710848686782,25992
"(0.8870067649538378, 0.9667774086378738)",2,96.36709733306344,25994
"(0.8627653708298868, 0.9734722222222224)",1,96.36696870120264,25995
"(0.8956505897276728, 0.9650363879165252)",2,96.3668917854011,25997
"(0.9499369338378628, 0.9781614000609122)",1,96.36683526448049,25998
"(0.8958946706887884, 0.9838235294117648)",1,96.36682009957283,25999
"(0.899997244510117, 0.9649122807017544)",1,96.3668141730307,26000
"(0.7871989121989122, 0.9866666666666666)",1,96.36664797295327,26001
"(0.8799035686171609, 0.9650363879165252)",1,96.3665623762774,26002
"(0.9618138828565136, 0.9643596441509156)",1,96.36611584203872,26003
"(0.8351555421322864, 0.9767441860465116)",1,96.3660535315842,26004
"(0.9444444444444444, 1.0)",1,96.36583120013792,26005
"(0.8837209302325582, 0.9774943735933984)",2,96.36565272370714,26007
"(0.8367625143940933, 0.969913169748696)",1,96.36564647594942,26008
"(0.8765565134099617, 0.9866666666666666)",1,96.3653308725823,26009
"(0.8817204301075269, 0.9841269841269842)",1,96.36520465928224,26010
"(0.8837209302325582, 0.9774943735933984)",1,96.3648366642017,26011
"(0.93218671679198, 0.9688819909986466)",1,96.3642220016118,26012
"(0.9319444444444444, 0.9743589743589745)",1,96.36399767528836,26013
"(0.8473809523809523, 0.9754464285714284)",1,96.36393714089913,26014
"(0.952503401360544, 0.9676234979973296)",1,96.36380044585654,26015
"(0.9003322259136212, 0.9774943735933984)",1,96.36367861332594,26016
"(0.7707924493038034, 0.9743589743589745)",2,96.36358618405154,26018
"(0.8666060577471494, 0.943982716990723)",1,96.36348865127682,26019
"(0.8916919191919193, 0.9734722222222224)",1,96.3633397966006,26020
"(0.9002103365384615, 0.9624656593406592)",1,96.36305910850488,26021
"(0.9508739421428176, 0.9766826923076924)",1,96.36294317608132,26022
"(0.9268160835762876, 0.9625936563436563)",3,96.36286753526568,26025
"(0.9154678277085488, 0.9612261904761904)",6,96.36276560558902,26031
"(0.8424947145877378, 0.9667774086378738)",1,96.36265742175172,26032
"(0.8132390951302638, 0.9648977033360302)",3,96.36265298022715,26035
"(0.9540538847117792, 0.9678053830227744)",1,96.36260648162576,26036
"(0.7413196411832449, 0.98247404407279)",1,96.36254638582383,26037
"(0.798478835978836, 0.9729166666666668)",1,96.36252178641853,26038
"(0.8955165692007796, 0.9648977033360302)",1,96.36250551440794,26039
"(0.8273348098929494, 0.9550387596899224)",1,96.36250031142984,26040
"(0.92710864283235, 0.9774943735933984)",1,96.3624800538403,26041
"(0.8590556730091613, 0.9775193798449612)",1,96.36245703876207,26042
"(0.8121224876354834, 0.9546136534133534)",1,96.36229187950144,26043
"(0.7987835673811283, 0.9734722222222224)",1,96.36223971235192,26044
"(0.8457575757575757, 0.9866666666666666)",1,96.36205417480345,26045
"(0.9109477124183006, 1.0)",1,96.36199693535116,26046
"(0.8890863872430693, 0.9721176108033788)",1,96.36183323117284,26047
"(0.9363885088919288, 0.9667774086378738)",2,96.36151152216252,26049
"(0.9595374149659864, 0.9688819909986466)",1,96.3615066280972,26050
"(0.8459679855028692, 0.9774943735933984)",1,96.36148114332516,26051
"(0.7083199141170156, 0.9866666666666666)",1,96.3613191820213,26052
"(0.8370512373649356, 0.9780571219715956)",1,96.36130623723056,26053
"(0.9351258309591644, 1.0)",1,96.36123132698472,26054
"(0.8703659188034188, 0.9868055555555556)",1,96.36071031019304,26055
"(0.8527777777777779, 0.9743589743589745)",1,96.36037475535323,26056
"(0.9764161220043572, 0.9773420479302832)",1,96.3603093335,26057
"(0.961342940685046, 0.9714285714285714)",1,96.36026546220783,26058
"(0.8322048866647042, 0.9774943735933984)",1,96.36002953894928,26059
"(0.8680075424261471, 0.9774943735933984)",1,96.35971862089968,26060
"(0.585140176021449, 0.9825319426526432)",1,96.3594510855098,26061
"(0.8469848053181386, 0.9748677248677248)",1,96.35942088949652,26062
"(0.942488846547077, 0.9650363879165252)",1,96.3593398165474,26063
"(0.8535940803382663, 0.9774943735933984)",1,96.3592143182846,26064
"(0.9365750528541228, 0.9774943735933984)",1,96.35900603225296,26065
"(0.8519348015428643, 0.9825319426526432)",3,96.3589396299061,26068
"(0.9364583333333332, 0.9868055555555556)",1,96.35893872546232,26069
"(0.9349556489262372, 0.978144708175668)",1,96.35888627272487,26070
"(0.8832713293650792, 0.9625936563436563)",4,96.35858018057284,26074
"(0.8788323569411767, 0.9780571219715956)",2,96.35840849017592,26076
"(0.9064516129032258, 0.9754464285714284)",1,96.35838279361616,26077
"(0.773034398034398, 1.0)",1,96.35804676396722,26078
"(0.7282763532763532, 0.9748677248677248)",1,96.35794821828372,26079
"(0.8487103174603176, 1.0)",1,96.35794268466373,26080
"(0.9145579689799808, 0.97595009914078)",1,96.35786528193792,26081
"(0.9586520604621642, 0.9688819909986466)",3,96.35777983740093,26084
"(0.8707729468599035, 0.9734722222222224)",1,96.35760545845504,26085
"(0.8186504754267384, 0.9774943735933984)",1,96.357443431288,26086
"(0.8264589732338745, 0.9885627144491042)",1,96.35740465292292,26087
"(0.8705290357677138, 0.9774943735933984)",1,96.35736873478146,26088
"(0.8827674567584882, 0.9642857142857144)",1,96.35701135542902,26089
"(0.8582837837837838, 0.9754464285714284)",1,96.35691108849726,26090
"(0.8870067649538378, 0.9563953488372092)",1,96.35677066877932,26091
"(0.9213117283950616, 0.986574074074074)",1,96.35669298859176,26092
"(0.9408601779678556, 0.9665714285714284)",1,96.35650580255412,26093
"(0.8413051209103841, 0.9736842105263158)",3,96.35610946119276,26096
"(0.9537087912087912, 0.9650363879165252)",2,96.35609498838636,26098
"(0.8756319514661275, 0.9550387596899224)",1,96.35555875771244,26099
"(0.9017422027290448, 0.9648977033360302)",3,96.35553341254236,26102
"(0.9302579365079364, 1.0)",1,96.3554542461071,26103
"(0.8731060606060606, 1.0)",1,96.35542573302484,26104
"(0.8300280681378243, 0.9868055555555556)",1,96.35540447234516,26105
"(0.9066840277777778, 0.9866666666666666)",2,96.3552693232974,26107
"(0.9408601779678556, 0.9657079385975222)",3,96.35507857783576,26110
"(0.9541062801932368, 0.9734722222222224)",1,96.3549789294736,26111
"(0.8791954022988505, 0.9734722222222224)",1,96.3549668464539,26112
"(0.8771929824561403, 0.9648977033360302)",1,96.35449713918602,26113
"(0.8650226969848408, 0.9583928571428572)",1,96.35408581876176,26114
"(0.9365260121142476, 0.992156862745098)",1,96.3540852188878,26115
"(0.9840686274509804, 0.988425925925926)",1,96.35386077161,26116
"(0.7413014722797331, 0.9866666666666666)",1,96.3534495645147,26117
"(0.9035714285714284, 0.9866666666666666)",1,96.35304447721391,26118
"(0.8584010840108401, 0.9734722222222224)",2,96.35296892000716,26120
"(0.8756319514661275, 0.9550387596899224)",1,96.35282558105784,26121
"(0.9535924585381664, 0.9625936563436563)",1,96.35278444284592,26122
"(0.8817204301075269, 1.0)",1,96.3526808350708,26123
"(0.93323732718894, 0.9754464285714284)",1,96.3526786629375,26124
"(0.7745765275257108, 0.9648977033360302)",3,96.35263767799506,26127
"(0.9333333333333332, 1.0)",1,96.35254876125626,26128
"(0.8179251985756162, 0.9694095827515072)",2,96.35253299428922,26130
"(0.917859918146296, 0.978144708175668)",1,96.35250433654264,26131
"(0.8255813953488372, 0.9774943735933984)",2,96.35220287800873,26133
"(0.899997244510117, 0.9692634363686996)",3,96.35211548461491,26136
"(0.5523191309183751, 0.9675516262906572)",1,96.35206281933414,26137
"(0.8671417195826613, 0.9667774086378738)",1,96.35182842460772,26138
"(0.9612261904761904, 0.9650363879165252)",3,96.3514055956545,26141
"(0.914652757654786, 0.972144413320884)",1,96.35133155504415,26142
"(0.8424947145877378, 0.9667774086378738)",1,96.35132753119228,26143
"(0.9894736842105264, 0.9886710239651416)",1,96.3511278522906,26144
"(0.8946752284039163, 0.9618138828565136)",1,96.35106422214432,26145
"(0.8969367864104705, 0.9649122807017544)",3,96.35101474030748,26148
"(0.8627450980392157, 1.0)",1,96.35076618189365,26149
"(0.9308485656257932, 0.9679608656649474)",1,96.350670364718,26150
"(0.896551724137931, 1.0)",1,96.3506237729468,26151
"(0.9444444444444444, 1.0)",1,96.35058528655988,26152
"(0.9044642857142856, 0.9688819909986466)",3,96.35058037683942,26155
"(0.9154678277085488, 0.9665714285714284)",1,96.35051105910011,26156
"(0.7675416603341696, 0.9733471738927736)",1,96.35022966982672,26157
"(0.8885119047619048, 0.9734722222222224)",1,96.35017120062004,26158
"(0.8429041174227984, 0.9667774086378738)",1,96.35000641747312,26159
"(0.8943833943833944, 0.9841269841269842)",1,96.34999790446032,26160
"(0.8882535288785288, 0.9743589743589745)",2,96.34997983199182,26162
"(0.8040021929824561, 0.9692634363686996)",3,96.34988630756456,26165
"(0.9302579365079364, 0.9734722222222224)",1,96.3497182336044,26166
"(0.8502442440530644, 0.9763547877615674)",1,96.34933821951634,26167
"(0.9211400121926436, 0.9696381743256742)",1,96.34924212112104,26168
"(0.9192180611357128, 0.9774943735933984)",1,96.3491730859139,26169
"(0.8783906502941525, 0.9667774086378738)",1,96.34890809701612,26170
"(0.875, 1.0)",2,96.34882152542984,26172
"(0.7549349452758545, 0.9761919826702072)",1,96.34864067535496,26173
"(0.952064553093965, 0.9612261904761904)",5,96.34862910844296,26178
"(0.8590036231884057, 0.9743589743589745)",1,96.34833858358203,26179
"(0.8729235880398671, 0.9774943735933984)",1,96.34815236723009,26180
"(0.7973484848484849, 0.9743589743589745)",1,96.34812912705334,26181
"(0.839484868820503, 0.9825319426526432)",3,96.34774475030078,26184
"(0.9216927182615324, 0.965497521921464)",2,96.3476917090808,26186
"(0.8475024586783413, 0.9780571219715956)",3,96.3469511948519,26189
"(0.7400546757164405, 1.0)",1,96.34688426793588,26190
"(0.8859337035751476, 0.9892665474060824)",1,96.34685889497456,26191
"(0.8870067649538378, 0.9667774086378738)",1,96.34653360583204,26192
"(0.7349551414768807, 0.9743589743589745)",1,96.34643982478092,26193
"(0.9406095584301136, 0.9647156084656086)",1,96.34624930134233,26194
"(0.8786453242098404, 0.9866666666666666)",1,96.34621794153789,26195
"(0.8443223443223443, 0.9743589743589745)",1,96.34597025723768,26196
"(0.8882535288785288, 0.9734722222222224)",1,96.3457808538365,26197
"(0.8705805822084891, 1.0)",1,96.3457565026455,26198
"(0.7217510259917921, 0.9546136534133534)",1,96.3454942902996,26199
"(0.7413014722797331, 0.9866666666666666)",1,96.3454821029462,26200
"(0.9462631140307872, 0.9625936563436563)",4,96.34537053086238,26204
"(0.8179251985756162, 0.9737148229943366)",3,96.34523770203056,26207
"(0.9586520604621642, 0.9721176108033788)",1,96.34520759182836,26208
"(0.9191742887131236, 0.9681338377164)",1,96.34511320017263,26209
"(0.7990036820446177, 0.9868055555555556)",1,96.3450702976262,26210
"(0.8265700981304325, 0.9667774086378738)",1,96.345011786751,26211
"(0.8926559394175094, 0.9692634363686996)",3,96.34499342264948,26214
"(0.8837209302325582, 0.9774943735933984)",1,96.34481971569214,26215
"(0.8837209302325582, 0.9774943735933984)",2,96.3448131393196,26217
"(0.9674603174603176, 0.9696969696969696)",1,96.34461183048784,26218
"(0.8849946156952484, 0.9648977033360302)",3,96.34451311380556,26221
"(0.8459679855028692, 0.9775193798449612)",1,96.3442643976753,26222
"(0.9674603174603176, 1.0)",1,96.34399770000122,26223
"(0.8604651162790697, 0.9774943735933984)",1,96.343990563303,26224
"(0.9447018709564609, 0.965497521921464)",1,96.34390435185604,26225
"(0.8457446808510638, 0.9748677248677248)",1,96.34381978569344,26226
"(0.8473809523809523, 0.9754464285714284)",1,96.34312006342304,26227
"(0.952064553093965, 0.9650363879165252)",1,96.34305814649048,26228
"(0.9363885088919288, 0.9774943735933984)",1,96.34298870847104,26229
"(0.854478432131113, 0.9604697507658034)",2,96.3427490688414,26231
"(0.7534237164244011, 0.972745326585142)",1,96.34273329051692,26232
"(0.9092261904761906, 0.9734722222222224)",1,96.3427143864944,26233
"(0.8967236467236468, 0.9866666666666666)",1,96.34269515264609,26234
"(0.907908163265306, 0.9688819909986466)",3,96.34256514424555,26237
"(0.4927573529411765, 0.9775511262781568)",1,96.34253268165428,26238
"(0.9667774086378738, 0.9774943735933984)",2,96.34246674142408,26240
"(0.8664772536511667, 0.9763547877615674)",1,96.34246479481904,26241
"(0.910924131602386, 0.9688819909986466)",2,96.34236401331806,26243
"(0.8424947145877378, 0.9667774086378738)",1,96.34215519166294,26244
"(0.9045169946332738, 0.9667774086378738)",1,96.34214135602711,26245
"(0.8426812585499316, 0.9667774086378738)",1,96.34213973698895,26246
"(0.8264589732338745, 0.9775193798449612)",2,96.34165049331736,26248
"(0.8956505897276728, 0.9608348284368692)",1,96.34159907371772,26249
"(0.93916595083917, 0.9650363879165252)",2,96.34142489373318,26251
"(0.773034398034398, 1.0)",1,96.34138177389478,26252
"(0.8817204301075269, 1.0)",1,96.3409413261705,26253
"(0.8332521117608837, 1.0)",1,96.34059669889152,26254
"(0.9176532769556026, 0.9774943735933984)",1,96.34038874533545,26255
"(0.93916595083917, 0.9625936563436563)",1,96.34038109727568,26256
"(0.8875342734038387, 0.9722222222222222)",1,96.34036413598064,26257
"(0.8888888888888888, 1.0)",1,96.3402218630667,26258
"(0.9426994258113802, 0.9618138828565136)",1,96.34000343773378,26259
"(0.8684561965811965, 0.9868055555555556)",1,96.33993157940785,26260
"(0.8375771604938271, 1.0)",2,96.3399069392688,26262
"(0.7952747333944029, 0.9734058690662848)",1,96.339630619391,26263
"(0.9407729468599032, 1.0)",1,96.33962111011748,26264
"(0.9081468615856708, 0.9736842105263158)",3,96.33951865396624,26267
"(0.7588890510443849, 0.9768215729159552)",1,96.33944795975624,26268
"(0.824225054981075, 0.9746623904309716)",1,96.3393352633342,26269
"(0.7646229739252995, 0.9774943735933984)",1,96.33931951782796,26270
"(0.8882535288785288, 0.9734722222222224)",1,96.33913786149542,26271
"(0.808641975308642, 1.0)",1,96.33908570208608,26272
"(0.9259560057540158, 0.9714285714285714)",1,96.33902521449698,26273
"(0.8756319514661275, 0.965497521921464)",1,96.33894586483164,26274
"(0.9081468615856708, 0.9694279341856143)",1,96.33893410168764,26275
"(0.794285714285714, 0.9667774086378738)",1,96.33888042054046,26276
"(0.9092261904761906, 0.9734722222222224)",1,96.3386444171878,26277
"(0.9213967500381208, 0.9648977033360302)",3,96.33855747849007,26280
"(0.8923108552631579, 0.9736842105263158)",1,96.33850924053904,26281
"(1.0, 1.0)",1,96.33842618515423,26282
"(0.8705290357677138, 0.9774943735933984)",1,96.33820874824733,26283
"(0.8762664758354415, 0.97595009914078)",1,96.33806632494176,26284
"(0.9032873606650292, 0.9650363879165252)",3,96.33784679507922,26287
"(0.9333333333333332, 1.0)",1,96.3377304928029,26288
"(0.992156862745098, 0.9866666666666668)",1,96.33732173260368,26289
"(0.9622395833333334, 0.9734722222222224)",1,96.33711737436684,26290
"(0.9565217391304348, 0.9841269841269842)",1,96.33700674750077,26291
"(0.8885119047619048, 0.9734722222222224)",1,96.33684775749651,26292
"(0.8890722680670169, 0.9774943735933984)",2,96.3367759581198,26294
"(0.9363885088919288, 0.9667774086378738)",1,96.33650009414448,26295
"(0.9433680972830336, 0.9625936563436563)",4,96.3364623153654,26299
"(0.7413196411832449, 0.9822520742510584)",1,96.3361911407222,26300
"(0.8589726631393297, 1.0)",1,96.3360251881866,26301
"(0.9230769230769232, 0.9841269841269842)",1,96.3359812633553,26302
"(0.9407679738562092, 0.9748677248677248)",2,96.33569133063534,26304
"(0.8325581395348837, 0.9774943735933984)",1,96.33562346032971,26305
"(0.8738126483317046, 0.977304372041214)",1,96.33560604801502,26306
"(0.7455997034462181, 0.9774975495602012)",1,96.33555375760108,26307
"(0.9202508960573476, 0.9748677248677248)",1,96.33552354712728,26308
"(0.9191742887131236, 0.9715797169307606)",1,96.33519253815707,26309
"(0.9172932330827066, 1.0)",1,96.33508634884426,26310
"(0.9172932330827066, 1.0)",1,96.33497636109595,26311
"(0.9045169946332738, 0.9667774086378738)",1,96.33471840978235,26312
"(0.839484868820503, 0.9825319426526432)",1,96.33450640202662,26313
"(0.8590498776009793, 0.9667774086378738)",1,96.3344041510004,26314
"(0.8967236467236468, 0.9866666666666666)",1,96.33428489806626,26315
"(0.950700596776178, 0.9683214285714286)",1,96.3342627201126,26316
"(0.9135802469135802, 1.0)",1,96.33420554753886,26317
"(0.847123015873016, 0.9734722222222224)",1,96.33375713256082,26318
"(0.9045866299736268, 0.9692634363686996)",3,96.33371023962248,26321
"(0.9405634236453204, 0.9754464285714284)",1,96.33369862061274,26322
"(0.816609291545804, 0.97669992756233)",1,96.333645120245,26323
"(0.919687006945461, 0.9734722222222224)",1,96.33352489690894,26324
"(0.8473809523809523, 0.9754464285714284)",1,96.33342534837534,26325
"(0.9612261904761904, 0.9650363879165252)",1,96.33329251798516,26326
"(0.875, 1.0)",1,96.33322794827156,26327
"(0.9586520604621642, 0.9696381743256742)",2,96.3328869724562,26329
"(0.8832713293650792, 0.9645607615220874)",1,96.33256516206367,26330
"(0.8680075424261471, 0.9667774086378738)",1,96.3325184881874,26331
"(0.8132390951302638, 0.9736842105263158)",3,96.33251311135068,26334
"(0.8264589732338745, 0.9885627144491042)",1,96.33241348797758,26335
"(0.8087175875906775, 0.9754464285714284)",1,96.33230195222106,26336
"(0.8255047951711248, 0.965497521921464)",1,96.3322820458484,26337
"(0.8265700981304325, 0.9667774086378738)",1,96.33223017741815,26338
"(0.8680075424261471, 0.9774943735933984)",1,96.3322143950449,26339
"(0.9302579365079364, 0.9748677248677248)",1,96.33207306912034,26340
"(0.8166514041514041, 0.9868055555555556)",1,96.33203155995932,26341
"(0.8757566103854729, 0.9774943735933984)",1,96.33185960983656,26342
"(0.8533333333333333, 0.9734722222222224)",1,96.3317477435118,26343
"(0.9407729468599032, 1.0)",2,96.33154071646156,26345
"(0.8799035686171609, 0.9612261904761904)",1,96.33150804251444,26346
"(0.9296302734822564, 0.9721176108033788)",2,96.33137222265228,26348
"(0.9047619047619048, 1.0)",1,96.33104652653796,26349
"(0.8887419165196943, 0.9734722222222224)",1,96.33088551666802,26350
"(0.9135802469135802, 1.0)",1,96.33085281699007,26351
"(0.8791623997269159, 0.9868055555555556)",1,96.33083891787292,26352
"(0.9125701913010372, 0.9649122807017544)",1,96.33082085153109,26353
"(0.9247241379310346, 0.9754464285714284)",1,96.33078642239306,26354
"(0.8755813953488372, 0.9667774086378738)",1,96.33077760554788,26355
"(0.9363885088919288, 0.9667774086378738)",1,96.33071542492078,26356
"(0.9449965600275196, 0.977218782249742)",1,96.33061301762736,26357
"(0.8917857142857143, 0.9650363879165252)",1,96.33053100597004,26358
"(0.886875511875512, 0.9722222222222222)",1,96.33052046978156,26359
"(0.9461578783560208, 0.992156862745098)",1,96.33030706122376,26360
"(0.8887191358024692, 1.0)",2,96.32993604719844,26362
"(0.8467473884140551, 0.9866666666666666)",1,96.32985980327112,26363
"(0.9645607615220874, 0.9721176108033788)",1,96.3296952916186,26364
"(0.77039068737284, 0.943982716990723)",1,96.32956898011054,26365
"(0.8277537197423939, 0.9736842105263158)",1,96.3295617130343,26366
"(0.9224211423699916, 1.0)",1,96.32953771192206,26367
"(0.8680075424261471, 0.9667774086378738)",1,96.3295351446018,26368
"(0.952064553093965, 0.9650363879165252)",3,96.32924780252868,26371
"(0.8837209302325582, 0.9774943735933984)",1,96.32919211901046,26372
"(0.8179251985756162, 0.9692634363686996)",3,96.32910763805047,26375
"(0.7512330048989927, 0.9752186158164066)",1,96.32910332666084,26376
"(0.5248560962846677, 0.9749660326086956)",1,96.32889520007248,26377
"(0.9432302504125708, 0.9749660326086956)",1,96.32881227254916,26378
"(0.9023569023569024, 1.0)",1,96.32869465514268,26379
"(0.8932369004949651, 0.9748677248677248)",1,96.32869329024304,26380
"(0.9586520604621642, 0.9595374149659864)",3,96.3286216867456,26383
"(0.9523809523809524, 1.0)",1,96.32842035769424,26384
"(0.8529040404040403, 0.9868055555555556)",1,96.328378085994,26385
"(0.8318452380952381, 0.9743589743589745)",1,96.32813955468852,26386
"(0.75, 1.0)",1,96.3281281745029,26387
"(0.9343548387096776, 0.9866666666666666)",2,96.32796556465136,26389
"(0.961342940685046, 0.9681338377164)",2,96.32786298741073,26391
"(0.9879901960784314, 0.9847494553376906)",1,96.32756038825366,26392
"(0.7349551414768807, 0.9743589743589745)",1,96.3274834450946,26393
"(0.9635619016637234, 0.9688819909986466)",1,96.3272582443648,26394
"(0.9346399099774944, 0.965497521921464)",1,96.3271031267248,26395
"(0.9363885088919288, 0.9667774086378738)",2,96.32710027754383,26397
"(0.9433680972830336, 0.9643596441509156)",1,96.3268631903981,26398
"(0.9176532769556026, 0.9775193798449612)",1,96.32679072018932,26399
"(0.9354509320175438, 0.9736842105263158)",3,96.32640534231018,26402
"(0.9265993265993266, 0.9754464285714284)",1,96.326397974508,26403
"(0.7496650452295612, 1.0)",1,96.32635132951474,26404
"(0.9606447334368527, 0.985891272631604)",1,96.32622130714684,26405
"(0.946764828738513, 0.9625936563436563)",4,96.32618699170912,26409
"(0.8817204301075269, 1.0)",1,96.32607384146372,26410
"(0.7690274841437632, 0.9774943735933984)",1,96.32572163180689,26411
"(0.9096474293842716, 0.9736842105263158)",3,96.32559725018464,26414
"(0.8956505897276728, 0.9618138828565136)",1,96.32558431115804,26415
"(0.8888888888888888, 1.0)",1,96.32554396241105,26416
"(0.9247241379310346, 0.9754464285714284)",1,96.32531823992856,26417
"(0.905151943324208, 0.9688819909986466)",1,96.32517226787252,26418
"(0.8423371647509579, 1.0)",2,96.32510178875133,26420
"(0.8533333333333333, 0.9734722222222224)",1,96.32497217981944,26421
"(0.8494949494949495, 0.9734722222222224)",1,96.3249552619597,26422
"(0.9003322259136212, 0.9667774086378738)",1,96.3249098775135,26423
"(0.9606447334368527, 0.9679608656649474)",1,96.32488779298124,26424
"(0.8975847069597069, 0.9643596441509156)",1,96.32487469140897,26425
"(0.9179206566347468, 0.9667774086378738)",1,96.32471769972928,26426
"(0.4896538918597742, 0.9589484126984128)",1,96.324686668306,26427
"(0.8836091234347048, 0.9667774086378738)",1,96.32459544787214,26428
"(0.910924131602386, 0.9657079385975222)",1,96.32440430016706,26429
"(0.8925865800865801, 1.0)",1,96.32424979398296,26430
"(0.7987835673811283, 0.9734722222222224)",1,96.3240081875689,26431
"(0.8885119047619048, 0.9734722222222224)",4,96.3238602351042,26435
"(0.9635619016637234, 0.9574505911522484)",3,96.32377299669646,26438
"(0.8264589732338745, 0.9775193798449612)",1,96.32373609715737,26439
"(0.9074804011737396, 0.9667774086378738)",1,96.32372279946,26440
"(0.922050500014663, 0.9885627144491042)",1,96.32350383220914,26441
"(0.9268160835762876, 0.9650363879165252)",1,96.32328345382278,26442
"(0.9391627846790888, 0.9657079385975222)",1,96.32302110513898,26443
"(0.9635619016637234, 0.9612261904761904)",1,96.32294171814158,26444
"(0.8316355404640634, 0.9648977033360302)",2,96.32274628269096,26446
"(0.8966049382716049, 0.9868055555555556)",1,96.32265533460716,26447
"(0.875869740093878, 0.9734722222222224)",1,96.32193311052752,26448
"(0.9131805896603988, 0.9739286355469612)",2,96.32151665957406,26450
"(0.8265700981304325, 0.9667774086378738)",2,96.32124160532516,26452
"(0.8594444444444445, 0.9734722222222224)",1,96.32109395441898,26453
"(0.961342940685046, 0.9713960577118472)",1,96.32088903556452,26454
"(0.9612261904761904, 0.9650363879165252)",3,96.32083569814216,26457
"(0.9037076648841356, 0.992156862745098)",1,96.32077982257822,26458
"(0.905151943324208, 0.9608348284368692)",1,96.32077194021691,26459
"(0.9041666666666666, 0.9868055555555556)",1,96.32060994517578,26460
"(0.9841269841269842, 1.0)",1,96.32058963491096,26461
"(0.8833628057765988, 0.9748677248677248)",1,96.32002785745614,26462
"(0.9657079385975222, 0.9642166226376752)",1,96.31992363190496,26463
"(0.9368482142857144, 0.9642166226376752)",1,96.319847766341,26464
"(0.8885119047619048, 0.9734722222222224)",1,96.31983886090543,26465
"(0.9365750528541228, 0.9563953488372092)",1,96.31976473183512,26466
"(0.9327096052096052, 1.0)",1,96.3197009439076,26467
"(0.9645607615220874, 0.97595009914078)",2,96.31932404672114,26469
"(0.9384803921568629, 0.9802054154995332)",1,96.31930776333488,26470
"(0.9390638788116482, 0.9688819909986466)",1,96.31843779323742,26471
"(0.8351555421322864, 0.965497521921464)",1,96.31839953846716,26472
"(0.7639558204899114, 0.9787269934573876)",1,96.31835963418622,26473
"(0.809724025974026, 0.9754464285714284)",1,96.3182187336094,26474
"(0.8454115226337449, 0.9868055555555556)",1,96.3182058120053,26475
"(0.9364583333333332, 0.9734722222222224)",1,96.31819377602068,26476
"(0.9517488164856586, 0.992156862745098)",1,96.3181415993043,26477
"(0.7534237164244011, 0.9756966637475808)",1,96.31800926725468,26478
"(0.7862679955703211, 0.9667774086378738)",1,96.31779151788804,26479
"(0.7081625209067293, 0.9736842105263158)",1,96.31777239599242,26480
"(0.8983081723027375, 0.9868055555555556)",1,96.31770423866048,26481
"(0.8961538461538462, 0.9754464285714284)",1,96.31738873914315,26482
"(0.8763636363636363, 1.0)",1,96.317101113989,26483
"(0.8731060606060606, 1.0)",1,96.31693540595651,26484
"(0.9774943735933984, 0.9667774086378738)",2,96.31681369751826,26486
"(0.942488846547077, 0.9612261904761904)",6,96.31676845678612,26492
"(0.889783950617284, 0.9722222222222222)",1,96.316637827324,26493
"(0.9002770083102493, 0.9604697507658034)",3,96.31659648835236,26496
"(0.8487390350877192, 0.9692634363686996)",1,96.31634501065524,26497
"(0.8956505897276728, 0.9612261904761904)",1,96.31627303594772,26498
"(0.908998988877654, 0.9775193798449612)",1,96.31602561225588,26499
"(0.9374844260560896, 0.9579551650296714)",1,96.3159284601212,26500
"(0.8639328063241105, 0.9754464285714284)",1,96.31578430202238,26501
"(0.9044642857142856, 0.9705862533692722)",1,96.31573402634736,26502
"(0.919687006945461, 0.9734722222222224)",1,96.3156589885896,26503
"(0.931377923976608, 0.9747439067467324)",1,96.31558338338316,26504
"(0.7540175326618132, 0.976073738585608)",1,96.31540646062716,26505
"(0.8778462998102468, 0.9866666666666666)",1,96.31520137954828,26506
"(0.9625936563436563, 0.9618138828565136)",3,96.31505397994486,26509
"(0.9574568288854002, 0.9650363879165252)",1,96.31499561348129,26510
"(0.9064553571428572, 0.9612261904761904)",3,96.31485116756627,26513
"(0.8997086999609598, 0.9681338377164)",1,96.31485065742892,26514
"(0.915422077922078, 0.9754464285714284)",2,96.3145450270581,26516
"(0.81878722576397, 0.9667774086378738)",1,96.3145200233064,26517
"(0.8757566103854729, 0.9885627144491042)",1,96.31429698978548,26518
"(0.7639558204899114, 0.9783792717118563)",1,96.31421131844692,26519
"(0.8955165692007796, 0.9604697507658034)",1,96.31418969924236,26520
"(0.8837209302325582, 0.9774943735933984)",1,96.31377288493792,26521
"(0.905151943324208, 0.9754166666666668)",2,96.31375746252762,26523
"(0.9003322259136212, 0.9774943735933984)",1,96.31363576421546,26524
"(0.8255813953488372, 0.9774943735933984)",1,96.31328707210078,26525
"(0.875869740093878, 0.9734722222222224)",1,96.31324075641122,26526
"(0.9543049270990448, 0.9847494553376906)",1,96.31269515419498,26527
"(0.8858975827700768, 0.9774943735933984)",1,96.31257520805812,26528
"(0.910924131602386, 0.9650363879165252)",3,96.31248036225564,26531
"(0.9523529411764708, 0.9679608656649474)",1,96.3124053865996,26532
"(0.7973484848484849, 0.9743589743589745)",1,96.31232630420509,26533
"(0.8857407747009801, 0.9648977033360302)",3,96.31228380570316,26536
"(0.8941062801932367, 0.9748677248677248)",1,96.31219702432556,26537
"(0.8113181219906367, 0.9868055555555556)",1,96.31183969189458,26538
"(0.8885119047619048, 0.9734722222222224)",1,96.31167373331635,26539
"(0.8714817270851754, 0.9734722222222224)",1,96.31166722831244,26540
"(0.8428739632573199, 0.9868055555555556)",1,96.31134688018273,26541
"(0.9142520753512132, 1.0)",1,96.31132183063504,26542
"(0.9308485656257932, 0.9645607615220874)",1,96.31124070832745,26543
"(0.8707729468599035, 0.9734722222222224)",2,96.31117121629109,26545
"(0.9407679738562092, 1.0)",1,96.31109513025508,26546
"(0.8550387596899225, 0.9775193798449612)",1,96.31093115275836,26547
"(0.8587799123693967, 0.9774943735933984)",1,96.31074125622568,26548
"(0.842841064926467, 0.9694095827515072)",1,96.31070290543268,26549
"(0.6782946827273069, 0.9868055555555556)",1,96.31065192749408,26550
"(0.905151943324208, 0.9642857142857144)",1,96.3104852138068,26551
"(0.9499369338378628, 0.9829335242869076)",1,96.31045977457994,26552
"(0.6296160130718955, 0.9866666666666666)",1,96.31031993937972,26553
"(0.9492266992266992, 0.9743589743589745)",1,96.3102892922811,26554
"(0.8604651162790697, 0.9667774086378738)",1,96.31012918648392,26555
"(0.8040021929824561, 0.9694279341856143)",1,96.3100763542224,26556
"(0.9481474980306196, 0.9678053830227744)",1,96.30983204203632,26557
"(0.4432805247702946, 0.9868055555555556)",1,96.30937175064167,26558
"(0.8798475538617097, 0.965497521921464)",1,96.3092726113447,26559
"(0.8921680266906457, 0.9665714285714284)",1,96.30926562047684,26560
"(0.8887419165196943, 0.9734722222222224)",1,96.3089782206647,26561
"(0.7644216248867413, 0.9667774086378738)",1,96.30895798971764,26562
"(0.9247241379310346, 0.9754464285714284)",1,96.3087718702277,26563
"(0.9019607843137254, 0.9868055555555556)",1,96.30856436591718,26564
"(0.79145763692632, 0.9736842105263158)",1,96.3085545721028,26565
"(0.9019607843137254, 0.9868055555555556)",1,96.3084716310788,26566
"(0.9586520604621642, 0.9625936563436563)",1,96.30838454042468,26567
"(0.9541062801932368, 0.9734722222222224)",1,96.3083608608926,26568
"(0.9574568288854002, 0.9657079385975222)",2,96.30827488375172,26570
"(0.936026936026936, 0.9841269841269842)",1,96.30809518757653,26571
"(0.8939103272888103, 0.9612261904761904)",3,96.30794571422229,26574
"(0.8837209302325582, 0.9667774086378738)",1,96.307812241559,26575
"(0.8157493041213971, 0.9767441860465116)",1,96.30764091136766,26576
"(0.8475024586783413, 0.98711247296323)",5,96.30763316050476,26581
"(0.8459679855028692, 0.9775193798449612)",2,96.30730307691836,26583
"(0.9678608196882048, 0.9608918659970924)",1,96.30727040675548,26584
"(0.9370015948963316, 0.9841269841269842)",2,96.30702783771692,26586
"(0.9092261904761906, 0.9734722222222224)",1,96.30686134949585,26587
"(0.7984394527261589, 0.972298185078288)",1,96.30683549573556,26588
"(0.8946441155743481, 0.9550387596899224)",2,96.30671372729373,26590
"(0.9320451606275656, 0.9651951748860688)",1,96.3066740361162,26591
"(0.9040106023792244, 0.9775193798449612)",2,96.30657303509446,26593
"(0.93916595083917, 0.9612261904761904)",1,96.30652105837952,26594
"(0.839484868820503, 0.9736842105263158)",1,96.306520293775,26595
"(0.8837244897959183, 0.9650363879165252)",6,96.3064383725543,26601
"(0.938570380142761, 0.9678053830227744)",1,96.30637763148516,26602
"(0.8300280681378243, 0.9868055555555556)",1,96.3063579032096,26603
"(0.9424323293938236, 0.9553888472118032)",1,96.30629594818356,26604
"(0.951596182326806, 0.9727638167328804)",2,96.30603352943994,26606
"(0.8837209302325582, 0.9667774086378738)",1,96.30598824016248,26607
"(0.8887419165196943, 0.9734722222222224)",1,96.30568943871492,26608
"(0.9191742887131236, 0.9750869028930254)",1,96.30565762122777,26609
"(0.8597992596530608, 0.9913490623109498)",1,96.30554976682596,26610
"(0.621292017900321, 0.9851903371743518)",1,96.30552861287498,26611
"(0.9841269841269842, 0.9841269841269842)",1,96.30540852062607,26612
"(0.8522222222222222, 0.9868055555555556)",2,96.30538340521092,26614
"(0.90934937783235, 0.9737329434697856)",2,96.3053724506939,26616
"(0.7528065463003987, 0.97815283337696)",1,96.30517708809477,26617
"(0.8077934662236989, 0.9667774086378738)",1,96.30507307358994,26618
"(0.7149287824509398, 0.9649122807017544)",1,96.30505270360158,26619
"(0.8560421237384819, 0.9667774086378738)",1,96.30485802731916,26620
"(0.8047996976568405, 0.9743589743589745)",1,96.30485553662132,26621
"(0.919687006945461, 0.9743589743589745)",1,96.30480877640548,26622
"(0.8690518783542039, 0.9774943735933984)",1,96.30465312937,26623
"(0.8700357638518202, 0.9694095827515072)",1,96.30459531518656,26624
"(0.9394676075558428, 0.9879901960784314)",1,96.30443328405246,26625
"(0.922050500014663, 1.0)",1,96.3042513362588,26626
"(0.9296302734822564, 0.9721176108033788)",1,96.30422241091792,26627
"(0.8837209302325582, 0.965497521921464)",1,96.30420372539989,26628
"(0.955544662122821, 0.9678053830227744)",1,96.30411898133544,26629
"(0.9189473684210526, 0.9591075319016495)",1,96.3040836104577,26630
"(0.912041847041847, 0.9818181818181818)",1,96.30402832826718,26631
"(0.9308485656257932, 0.9678053830227744)",1,96.30373758647558,26632
"(0.7973484848484849, 0.9866666666666666)",1,96.30371179582632,26633
"(0.8680075424261471, 0.9563953488372092)",1,96.30370075788628,26634
"(0.7973484848484849, 0.9743589743589745)",1,96.30362395618404,26635
"(0.961342940685046, 0.9678053830227744)",1,96.3035837459114,26636
"(0.9517488164856586, 0.9696790997100596)",1,96.30339282934176,26637
"(0.77039068737284, 0.9774943735933984)",1,96.30334462268272,26638
"(0.8798475538617097, 0.9550387596899224)",1,96.30330678849802,26639
"(0.9346399099774944, 0.9774943735933984)",1,96.30313743667442,26640
"(0.8764705882352941, 0.9649729659305584)",1,96.30313409373925,26641
"(0.9523529411764708, 0.9678053830227744)",1,96.30312933250326,26642
"(0.9002103365384615, 0.9754464285714284)",1,96.30291322161636,26643
"(0.9289529914529916, 1.0)",1,96.30286510471171,26644
"(0.9226438267614736, 0.9650363879165252)",1,96.30269141361264,26645
"(0.8856424148606811, 0.9722222222222222)",1,96.30240887476212,26646
"(0.9154678277085488, 0.9688819909986466)",1,96.3022820952152,26647
"(0.9390638788116482, 0.9635619016637234)",1,96.30217090999464,26648
"(0.952503401360544, 0.9595374149659864)",1,96.3018787577538,26649
"(0.8759689922480619, 0.9774943735933984)",1,96.30184400778276,26650
"(0.8563074352548036, 0.9734722222222224)",2,96.30184119651008,26652
"(0.9618138828565136, 0.9678608196882048)",1,96.30180712992494,26653
"(0.8837209302325582, 0.9774943735933984)",2,96.3017596482837,26655
"(0.9696969696969696, 1.0)",1,96.3016597663218,26656
"(0.9507101086048454, 0.9841269841269842)",1,96.30148133600156,26657
"(0.8791623997269159, 0.9868055555555556)",1,96.30127230933644,26658
"(0.8112794612794614, 1.0)",1,96.30111998197354,26659
"(0.9003322259136212, 0.9667774086378738)",1,96.30102033506864,26660
"(0.9370015948963316, 0.9841269841269842)",1,96.30090409414262,26661
"(0.9426994258113802, 0.9625936563436563)",1,96.30082032485204,26662
"(0.6782946827273069, 0.9868055555555556)",1,96.30035002750004,26663
"(0.8956505897276728, 0.9625936563436563)",1,96.3002910361241,26664
"(0.8232424833126587, 0.9692161367470964)",1,96.30002648036138,26665
"(0.9343548387096776, 0.9866666666666666)",1,96.30001162419056,26666
"(0.8446379408861877, 0.9868055555555556)",1,96.3000063423762,26667
"(0.7245388933440257, 0.9774943735933984)",1,96.29982851466036,26668
"(0.8757566103854729, 0.9774943735933984)",1,96.29977200278594,26669
"(0.7074854651162791, 0.9774943735933984)",1,96.29966930580588,26670
"(0.8325581395348837, 0.9774943735933984)",1,96.29963290531391,26671
"(0.8890863872430693, 0.9716709318919264)",1,96.29963064679268,26672
"(0.9696969696969696, 1.0)",1,96.29959020318886,26673
"(0.9213620071684588, 1.0)",1,96.29946001816836,26674
"(0.7423427395649618, 0.9868055555555556)",1,96.29914567385356,26675
"(0.7982954545454546, 1.0)",1,96.2989463668905,26676
"(0.5951421188630491, 1.0)",1,96.29869829045018,26677
"(0.8791954022988505, 0.9734722222222224)",1,96.29848867861024,26678
"(0.8742045454545455, 0.9767241379310344)",4,96.29835635213202,26682
"(0.7951423097974822, 0.9734722222222224)",1,96.29823383025096,26683
"(0.8265700981304325, 0.9667774086378738)",1,96.2982155481228,26684
"(0.8300280681378243, 0.9748677248677248)",1,96.29814170017934,26685
"(0.8740632127728902, 0.9866666666666666)",1,96.297988034408,26686
"(0.9426994258113802, 0.9650363879165252)",2,96.29754503465615,26688
"(0.8424947145877378, 0.9667774086378738)",1,96.29754345072038,26689
"(0.7869981325863679, 1.0)",1,96.29742846278116,26690
"(0.95474577471438, 0.9618138828565136)",1,96.29741855682197,26691
"(0.865079365079365, 1.0)",1,96.29726818369078,26692
"(0.96625, 0.9754464285714284)",1,96.2972159654682,26693
"(0.7753527336860669, 0.9868055555555556)",1,96.29713395048326,26694
"(0.8459679855028692, 0.965497521921464)",1,96.29712510095771,26695
"(0.908998988877654, 0.9667774086378738)",1,96.2971210771252,26696
"(0.847123015873016, 0.9722222222222222)",1,96.29697405290509,26697
"(0.8887419165196943, 0.9734722222222224)",2,96.29692497811462,26699
"(0.9665714285714284, 0.9657079385975222)",1,96.29673006431378,26700
"(0.9570371875635032, 0.9635619016637234)",1,96.29666398250016,26701
"(0.8680075424261471, 0.9667774086378738)",1,96.29664618585684,26702
"(0.8351693186454507, 0.965497521921464)",1,96.29651849179498,26703
"(0.8186504754267384, 0.9774943735933984)",1,96.29637433814396,26704
"(0.8680075424261471, 0.9774943735933984)",1,96.2963069204664,26705
"(0.9390638788116482, 0.9635619016637234)",1,96.29629545112562,26706
"(0.8273348098929494, 0.9774943735933984)",1,96.29617674327208,26707
"(0.8345665961945032, 0.9550387596899224)",1,96.2959575473774,26708
"(0.8961538461538462, 0.9754464285714284)",1,96.29582055172672,26709
"(0.867008377425044, 0.9866666666666666)",1,96.29546689457074,26710
"(0.8798475538617097, 0.9774943735933984)",1,96.29540358981622,26711
"(0.8440126050420167, 0.9866666666666666)",1,96.29531428592668,26712
"(0.899997244510117, 0.9737148229943366)",1,96.29493853355766,26713
"(0.8893558268973552, 0.9774943735933984)",2,96.29476578340204,26715
"(0.9688819909986466, 0.9665714285714284)",1,96.29467514467316,26716
"(0.9333333333333332, 0.9841269841269842)",1,96.29462831696443,26717
"(0.8264589732338745, 0.9885627144491042)",1,96.29448419733636,26718
"(0.875869740093878, 0.9734722222222224)",1,96.29448201070404,26719
"(0.8701066607489389, 0.9736842105263158)",1,96.2940056935306,26720
"(0.8946752284039163, 0.9650363879165252)",3,96.29400209745266,26723
"(1.0, 1.0)",1,96.29389027504972,26724
"(0.9363885088919288, 0.9667774086378738)",1,96.29384551649612,26725
"(0.8762664758354415, 0.9681338377164)",1,96.2938025763535,26726
"(0.952064553093965, 0.9688819909986466)",1,96.2937751759597,26727
"(0.8402777777777779, 0.9696969696969696)",1,96.2936650055464,26728
"(0.9376385678569744, 0.9774943735933984)",1,96.2936531493783,26729
"(0.7413014722797331, 0.9866666666666666)",1,96.2936162595509,26730
"(0.9612261904761904, 0.9650363879165252)",3,96.29355863904397,26733
"(0.8885119047619048, 0.9734722222222224)",2,96.29321679093836,26735
"(0.7605257553885152, 0.971035405382048)",1,96.29302655941392,26736
"(0.8837209302325582, 0.9774943735933984)",2,96.29301919149223,26738
"(0.6296160130718955, 0.9866666666666666)",1,96.29299621151416,26739
"(0.905151943324208, 0.9606447334368527)",1,96.29297406634495,26740
"(0.8604651162790697, 0.9774943735933984)",1,96.2923765924944,26741
"(0.8837209302325582, 0.9667774086378738)",2,96.2923738215475,26743
"(0.8601973684210527, 0.9780571219715956)",1,96.29230122306367,26744
"(0.9408601779678556, 0.9612261904761904)",5,96.29210404057956,26749
"(0.8424947145877378, 0.9563953488372092)",1,96.29189947792428,26750
"(0.9391627846790888, 0.9612261904761904)",6,96.29186718679485,26756
"(0.9142520753512132, 1.0)",1,96.29166018352618,26757
"(0.4988536155202822, 0.9866666666666666)",1,96.29163083651764,26758
"(0.813953488372093, 0.9667774086378738)",1,96.29156169685672,26759
"(0.8827674567584882, 0.9642857142857144)",1,96.2915256251246,26760
"(0.9081468615856708, 0.9649122807017544)",2,96.29149124062594,26762
"(0.9635619016637234, 0.9612261904761904)",1,96.29145696272104,26763
"(0.8473809523809523, 0.9754464285714284)",1,96.29125660958896,26764
"(0.7753527336860669, 0.9868055555555556)",2,96.2908781736936,26766
"(0.9363885088919288, 0.9667774086378738)",1,96.29062549189246,26767
"(0.9635619016637234, 0.9555491383616382)",1,96.29052925594505,26768
"(0.7245388933440257, 0.965497521921464)",2,96.29027534909186,26770
"(0.9135802469135802, 0.9841269841269842)",1,96.29014195680872,26771
"(0.8921607065475332, 0.9774943735933984)",1,96.2901398070386,26772
"(0.9088431305536568, 0.9692634363686996)",2,96.29008809963892,26774
"(0.8840890522875817, 0.9868055555555556)",1,96.29004392491606,26775
"(0.9426783174151596, 0.9727638167328804)",1,96.29002491885326,26776
"(0.95, 0.9705862533692722)",1,96.28978817493967,26777
"(0.9135802469135802, 1.0)",1,96.28956696550893,26778
"(0.8273348098929494, 0.9667774086378738)",1,96.289254564093,26779
"(0.8778462998102468, 0.9866666666666666)",1,96.28924609436147,26780
"(0.9841269841269842, 1.0)",1,96.28910149238423,26781
"(0.8827674567584882, 0.9645607615220874)",1,96.28907952049828,26782
"(0.9035155195681512, 0.9855521155830752)",1,96.28902003901143,26783
"(0.9696969696969696, 1.0)",1,96.28893857154723,26784
"(0.8101851851851852, 0.9780571219715956)",1,96.28886417743811,26785
"(0.8467473884140551, 0.9866666666666666)",1,96.28881903474092,26786
"(0.8604651162790697, 0.9667774086378738)",1,96.28879841405076,26787
"(0.5105729166666667, 0.9850110044017606)",1,96.28877721983562,26788
"(0.950700596776178, 0.9657079385975222)",1,96.28858332089168,26789
"(0.9449965600275196, 0.9802054154995332)",1,96.2884418751906,26790
"(0.8961538461538462, 0.9754464285714284)",1,96.2882451577793,26791
"(0.910924131602386, 0.9650363879165252)",3,96.28814744687244,26794
"(0.8960328317373462, 0.9775193798449612)",1,96.28813893284388,26795
"(0.9647217861503576, 0.9647217861503576)",1,96.28801455516312,26796
"(0.8289910823570554, 0.9774943735933984)",1,96.28797777506692,26797
"(0.8680075424261471, 0.9667774086378738)",1,96.28787025736754,26798
"(0.8316355404640634, 0.9692634363686996)",1,96.28779556885122,26799
"(0.9688819909986466, 0.9643596441509156)",1,96.2875834909125,26800
"(0.8511627906976744, 0.9774943735933984)",1,96.287492218311,26801
"(0.8289910823570554, 0.9774943735933984)",1,96.28722758752004,26802
"(0.7959305979857629, 0.9546136534133534)",1,96.28696326457718,26803
"(0.9497685185185184, 0.9743589743589745)",1,96.28683353847988,26804
"(0.943792719255964, 0.9665714285714284)",1,96.28677561620454,26805
"(0.8265590958605664, 0.9868055555555556)",1,96.28663907167548,26806
"(0.8880350522413213, 0.9667774086378738)",2,96.286520068738,26808
"(0.9485046203796204, 0.9612261904761904)",3,96.2864817388962,26811
"(0.8466625966625967, 0.9734722222222224)",1,96.28630766219506,26812
"(0.9390638788116482, 0.9650363879165252)",6,96.28626661235216,26818
"(0.8319664902998236, 1.0)",1,96.28615730219282,26819
"(0.9206349206349206, 0.9696969696969696)",1,96.28611368466174,26820
"(0.9078178834366952, 0.9612261904761904)",3,96.28607495190558,26823
"(0.9318646435925092, 0.95474577471438)",1,96.2858220989319,26824
"(0.9625936563436563, 0.9688819909986466)",1,96.28564880538234,26825
"(0.9206668561144264, 0.977304372041214)",1,96.285542039644,26826
"(0.7672419572552083, 0.9726023028645514)",1,96.28531423419722,26827
"(0.8186504754267384, 0.9774943735933984)",1,96.28517310045504,26828
"(0.8448736477904788, 0.9885627144491042)",1,96.28506362652529,26829
"(0.8859337035751476, 0.9885627144491042)",1,96.2850305306517,26830
"(0.7081939799331105, 1.0)",1,96.28500186910428,26831
"(0.9612261904761904, 0.9586520604621642)",1,96.28497796761415,26832
"(0.8931623931623931, 0.9866666666666666)",1,96.28494358486914,26833
"(0.8316355404640634, 0.9692634363686996)",1,96.28489024728502,26834
"(0.8837209302325582, 0.9563953488372092)",1,96.28487856028502,26835
"(0.7081625209067293, 0.9649122807017544)",1,96.28478386220254,26836
"(0.7511440764072342, 0.97506741646935)",1,96.28474896327212,26837
"(0.7472785737929731, 0.9780571219715956)",3,96.28434385669152,26840
"(0.9226705733973176, 0.9635619016637234)",1,96.28424605992384,26841
"(0.8890722680670169, 0.9774943735933984)",2,96.284064565247,26843
"(0.9482252141982864, 0.9885627144491042)",1,96.2839738499216,26844
"(0.9095668859649124, 0.9651951748860688)",1,96.28390759595013,26845
"(0.9044642857142856, 0.9657079385975222)",1,96.28379093567251,26846
"(0.8305244327276152, 0.9667774086378738)",1,96.28352583934576,26847
"(0.847123015873016, 0.9743589743589745)",2,96.2834882422727,26849
"(0.8883205456095482, 1.0)",1,96.28333464038016,26850
"(0.7508019224861294, 0.9784213258413924)",1,96.28305955049396,26851
"(0.8440126050420167, 0.9866666666666666)",1,96.28295112775056,26852
"(0.8941062801932367, 0.9748677248677248)",1,96.28278336838186,26853
"(0.8277537197423939, 0.9825319426526432)",1,96.28269288539153,26854
"(0.9092261904761906, 0.9734722222222224)",1,96.2826189752858,26855
"(0.8180881420418517, 0.9648977033360302)",1,96.28242947702124,26856
"(0.8889463321560508, 0.9682539682539684)",1,96.2823226626524,26857
"(0.8961240310077518, 0.943982716990723)",1,96.28227617269734,26858
"(0.8557419333086079, 0.9688819909986466)",1,96.28223053528654,26859
"(0.4896538918597742, 0.9866666666666666)",1,96.28217308634676,26860
"(0.8569104506604507, 0.9748677248677248)",1,96.28211454065448,26861
"(0.8700357638518202, 0.9913490623109498)",3,96.28206447534386,26864
"(0.8396845307996157, 0.9736842105263158)",1,96.28204556281658,26865
"(0.876818777829583, 0.9694279341856143)",1,96.28201004888314,26866
"(0.95474577471438, 0.9650363879165252)",2,96.28199070627905,26868
"(0.8832713293650792, 0.9665714285714284)",1,96.2818888177704,26869
"(0.961342940685046, 0.962023133116883)",1,96.2814560211569,26870
"(0.9507101086048454, 0.9841269841269842)",1,96.2812172825903,26871
"(0.8680075424261471, 0.9885627144491042)",1,96.28120117335112,26872
"(0.9123371258615804, 0.9618138828565136)",3,96.2810730877324,26875
"(0.9391627846790888, 0.9696381743256742)",1,96.2808790770808,26876
"(0.7878086419753085, 0.9748677248677248)",1,96.28078864278363,26877
"(0.9368482142857144, 0.9643596441509156)",1,96.28038966349278,26878
"(1.0, 1.0)",1,96.28034575674386,26879
"(0.9841269841269842, 0.9841269841269842)",2,96.28029023628623,26881
"(0.8902777777777777, 0.9734722222222224)",1,96.28012729129884,26882
"(0.9426783174151596, 0.9696381743256742)",1,96.28012467897736,26883
"(0.81878722576397, 0.9667774086378738)",1,96.27984006692994,26884
"(0.9407679738562092, 0.9748677248677248)",1,96.27972319447686,26885
"(0.9594646747587924, 0.977304372041214)",1,96.2796758798341,26886
"(0.7472785737929731, 0.9780571219715956)",1,96.27960499657615,26887
"(0.9574568288854002, 0.9688819909986466)",3,96.2795973582904,26890
"(0.9491329966329968, 0.9886710239651416)",1,96.27943523729608,26891
"(0.9154678277085488, 0.9696381743256742)",1,96.27918805864684,26892
"(0.9535924585381664, 0.9705862533692722)",1,96.27915050683826,26893
"(0.9481474980306196, 0.9678053830227744)",1,96.27911003944112,26894
"(0.8586291309669523, 0.9774943735933984)",1,96.27910461141398,26895
"(0.9023569023569024, 1.0)",1,96.27897326854853,26896
"(0.8832772166105499, 1.0)",1,96.27876326503328,26897
"(0.7413014722797331, 0.9866666666666666)",1,96.27868230115276,26898
"(0.8958946706887884, 0.9886710239651416)",1,96.2780800785,26899
"(0.9365750528541228, 0.965497521921464)",1,96.27792529647718,26900
"(0.8847088686576476, 0.9612261904761904)",3,96.27789592398024,26903
"(0.9176532769556026, 0.9774943735933984)",1,96.27785518197976,26904
"(0.947088068181818, 1.0)",1,96.2778044206115,26905
"(0.8423371647509579, 1.0)",2,96.27773146821411,26907
"(0.9574568288854002, 0.9688819909986466)",1,96.27759055527952,26908
"(0.908998988877654, 0.9667774086378738)",1,96.2775475752437,26909
"(0.8837209302325582, 0.965497521921464)",1,96.2774986749779,26910
"(0.8817815249266862, 0.9734722222222224)",1,96.277438060363,26911
"(0.8921680266906457, 0.9625936563436563)",4,96.27738352068408,26915
"(0.915494777499728, 0.9625936563436563)",4,96.2770936585808,26919
"(0.9135802469135802, 0.9841269841269842)",1,96.27683812903356,26920
"(0.8627450980392157, 1.0)",2,96.2766989304341,26922
"(0.9563063063063064, 0.9595374149659864)",1,96.27656699278404,26923
"(0.8653462339465463, 0.9774943735933984)",1,96.27650345463933,26924
"(0.8786453242098404, 0.9866666666666666)",1,96.2763836943851,26925
"(0.9214457417582416, 0.9679608656649474)",1,96.27613516026985,26926
"(0.910924131602386, 0.9688819909986466)",1,96.27610748850296,26927
"(0.8966049382716049, 0.9868055555555556)",1,96.27594752059554,26928
"(0.92710864283235, 0.9774943735933984)",1,96.27573738877466,26929
"(0.91158781074579, 1.0)",1,96.27547676769224,26930
"(0.9248591174906964, 0.9886710239651416)",1,96.27538525849351,26931
"(0.8300280681378243, 0.9868055555555556)",1,96.27494255929426,26932
"(0.8364692714692715, 0.9734722222222224)",1,96.27480997857477,26933
"(0.8393969239599776, 0.9657079385975222)",1,96.27473765173949,26934
"(0.9508739421428176, 0.9650363879165252)",3,96.27460277425097,26937
"(0.9507101086048454, 0.9841269841269842)",1,96.274480967329,26938
"(0.8762664758354415, 0.9714285714285714)",1,96.2744686989636,26939
"(0.8765565134099617, 0.9866666666666666)",1,96.2743920974946,26940
"(0.5960561819552873, 0.9780571219715956)",6,96.27436053383629,26946
"(0.6403503049675462, 1.0)",1,96.27433643400624,26947
"(0.8619951040391676, 0.9774943735933984)",1,96.27418519367532,26948
"(0.9565217391304348, 1.0)",1,96.2735928397556,26949
"(0.81878722576397, 0.9667774086378738)",1,96.27356513534852,26950
"(0.77039068737284, 0.9550387596899224)",1,96.27338912709418,26951
"(0.9594646747587924, 0.978144708175668)",1,96.27330469867232,26952
"(0.9674603174603176, 0.9841269841269842)",1,96.2732861254814,26953
"(0.9696969696969696, 0.9841269841269842)",1,96.27319425531688,26954
"(0.915422077922078, 0.9754464285714284)",1,96.27314457021822,26955
"(0.93323732718894, 0.9754464285714284)",1,96.2729916293211,26956
"(0.910924131602386, 0.9650363879165252)",3,96.27291383755816,26959
"(0.9363885088919288, 0.9667774086378738)",1,96.272747265636,26960
"(0.9308485656257932, 0.9642857142857144)",1,96.27267536578454,26961
"(0.9647217861503576, 0.9714285714285714)",3,96.27242882112368,26964
"(0.9618138828565136, 0.960607978267748)",1,96.27220626779732,26965
"(0.9535924585381664, 0.9665714285714284)",1,96.272141806924,26966
"(0.8890722680670169, 0.9774943735933984)",2,96.27206771357504,26968
"(0.9541062801932368, 0.9734722222222224)",1,96.27204693504036,26969
"(0.8473809523809523, 0.9754464285714284)",1,96.27199127327496,26970
"(0.9612261904761904, 0.9574505911522484)",1,96.27198178784356,26971
"(0.8590027258042806, 0.9649122807017544)",3,96.2719640190544,26974
"(0.8627653708298868, 0.9734722222222224)",1,96.2719208024617,26975
"(0.9306746031746032, 1.0)",1,96.27189279669784,26976
"(0.8468468468468467, 1.0)",1,96.27165575842054,26977
"(0.93323732718894, 0.9624656593406592)",1,96.27150795531831,26978
"(0.9214340198321892, 1.0)",1,96.27150048319916,26979
"(0.8908246225319396, 0.9618138828565136)",1,96.2713268075752,26980
"(0.875, 1.0)",1,96.27122212844712,26981
"(0.9202401372212692, 1.0)",1,96.27111040437048,26982
"(0.8837209302325582, 0.9774943735933984)",1,96.27089702686844,26983
"(0.81878722576397, 0.9667774086378738)",1,96.2707499490878,26984
"(0.9032873606650292, 0.9650363879165252)",1,96.270718522398,26985
"(0.8459679855028692, 0.9774943735933984)",1,96.27067409807044,26986
"(0.8915284062342886, 0.9866666666666666)",1,96.27046956881726,26987
"(0.7468070282672052, 0.9726810787629542)",1,96.27043576209924,26988
"(0.908998988877654, 0.9667774086378738)",1,96.27043227448723,26989
"(0.8671417195826613, 0.9667774086378738)",1,96.27042936384922,26990
"(0.7365451388888888, 0.9868055555555556)",2,96.2704010863012,26992
"(0.8680075424261471, 0.9774943735933984)",1,96.27032733720884,26993
"(0.8871004696987055, 0.9550387596899224)",1,96.26976730175777,26994
"(0.9019323671497586, 0.9743589743589745)",2,96.26973211613456,26996
"(0.905649630541872, 0.9754464285714284)",1,96.26967795980268,26997
"(0.8791623997269159, 0.9868055555555556)",4,96.26958348035129,27001
"(0.9612261904761904, 0.9650363879165252)",3,96.26947736970068,27004
"(0.8590036231884057, 0.9743589743589745)",1,96.26941392170212,27005
"(0.9264176245210728, 0.9722222222222222)",1,96.26938228160904,27006
"(0.7578281449973651, 0.9795722859924584)",1,96.26921499463988,27007
"(0.8814236111111111, 0.9866666666666666)",1,96.26912214358607,27008
"(0.8604651162790697, 0.9775193798449612)",1,96.2689773839375,27009
"(0.9408601779678556, 0.9650363879165252)",1,96.2689111250514,27010
"(0.6775462962962963, 0.9866666666666666)",1,96.26861431109944,27011
"(0.7686807910158164, 0.9801443051187264)",1,96.26833643909266,27012
"(0.854478432131113, 0.9648977033360302)",3,96.2681298439955,27015
"(0.927910199556541, 0.9650363879165252)",1,96.26795275321112,27016
"(0.8680075424261471, 0.9667774086378738)",1,96.26788649680704,27017
"(0.9586520604621642, 0.95474577471438)",1,96.26771014912585,27018
"(0.952503401360544, 0.9612261904761904)",1,96.2673829693785,27019
"(0.9005147621883774, 0.9618138828565136)",1,96.2670957585508,27020
"(0.9586520604621642, 0.9612261904761904)",2,96.266633949042,27022
"(0.8047996976568405, 0.9743589743589745)",1,96.26649866656336,27023
"(0.9268160835762876, 0.9665714285714284)",1,96.26636935724314,27024
"(0.8273348098929494, 0.9550387596899224)",1,96.26630295805413,27025
"(0.8798475538617097, 0.9774943735933984)",1,96.26616068444864,27026
"(0.5295817053550907, 0.985198504962624)",1,96.26612832626412,27027
"(0.8837209302325582, 0.9774943735933984)",1,96.26603249150588,27028
"(0.8393969239599776, 0.9676234979973296)",1,96.2657942245265,27029
"(0.7998955722639932, 0.9913490623109498)",1,96.2657481175301,27030
"(0.9191112362010194, 0.992156862745098)",2,96.26574577200904,27032
"(0.8837209302325582, 0.9667774086378738)",2,96.2656361553096,27034
"(0.8586291309669523, 0.9774943735933984)",1,96.26521092824898,27035
"(0.9003322259136212, 0.9774943735933984)",1,96.26520995928004,27036
"(0.7956776428149589, 0.9550387596899224)",1,96.26486385706522,27037
"(0.7025855842842699, 0.9667774086378738)",2,96.26477148918376,27039
"(0.8586291309669523, 0.965497521921464)",1,96.26465031185764,27040
"(0.8113181219906367, 0.9748677248677248)",1,96.26464197758258,27041
"(0.9032873606650292, 0.9650363879165252)",3,96.2646044657463,27044
"(0.9014364972259707, 0.9765017117958296)",1,96.26455168454726,27045
"(0.8956505897276728, 0.9612261904761904)",3,96.26453113467012,27048
"(0.7705882352941177, 1.0)",2,96.26452101905129,27050
"(0.8663648981836243, 0.9734722222222224)",1,96.26432467336976,27051
"(0.8586378737541528, 0.9885627144491042)",1,96.26431620455156,27052
"(0.95474577471438, 0.9618138828565136)",1,96.26429433697996,27053
"(0.7585615468820776, 0.979832943622695)",1,96.26424483726862,27054
"(0.8886775717208655, 0.9692634363686996)",3,96.264114908027,27057
"(0.961342940685046, 0.9750869028930254)",1,96.26398458895916,27058
"(0.7602353203073469, 0.9781166975684452)",1,96.26382344953508,27059
"(0.8604651162790697, 0.9774943735933984)",1,96.26366363684537,27060
"(0.9774943735933984, 0.9667774086378738)",1,96.26335817749522,27061
"(0.8799035686171609, 0.9657079385975222)",5,96.263352769753,27066
"(0.8701066607489389, 0.9780571219715956)",1,96.26332265287766,27067
"(0.8837209302325582, 0.9774943735933984)",1,96.2631255661845,27068
"(0.9060206664893564, 0.9913490623109498)",1,96.26299839908695,27069
"(0.910924131602386, 0.9618138828565136)",1,96.26287984077275,27070
"(0.9386724386724388, 0.9841269841269842)",1,96.262866762867,27071
"(0.8527777777777779, 1.0)",1,96.26278353712566,27072
"(0.8755813953488372, 0.9667774086378738)",1,96.26275101617514,27073
"(0.9612261904761904, 0.9688819909986466)",2,96.2625716262519,27075
"(0.960607978267748, 0.9681338377164)",1,96.26210773730745,27076
"(0.896551724137931, 1.0)",1,96.26168096669096,27077
"(0.8880350522413213, 0.9667774086378738)",1,96.26167546708648,27078
"(0.919687006945461, 0.9734722222222224)",1,96.2616428821954,27079
"(0.937762599469496, 0.9754464285714284)",1,96.26151961189107,27080
"(0.9333333333333332, 0.9841269841269842)",1,96.2614965330609,27081
"(0.9612261904761904, 0.9657079385975222)",1,96.26146989748392,27082
"(0.8575440961689698, 0.9885627144491042)",2,96.26124201270888,27084
"(0.8683241252302025, 0.969913169748696)",1,96.26115252239698,27085
"(0.8870067649538378, 0.9667774086378738)",1,96.2611460352857,27086
"(0.8322048866647042, 0.9774943735933984)",1,96.26114349692452,27087
"(0.8977777777777779, 1.0)",1,96.26095337696958,27088
"(0.9523529411764708, 0.9678053830227744)",1,96.26094154050912,27089
"(0.9, 1.0)",1,96.26069257092377,27090
"(0.8966049382716049, 0.9868055555555556)",2,96.26064383351677,27092
"(0.8945130355728907, 0.9667774086378738)",1,96.26055360842524,27093
"(0.8500033239264507, 0.9733110147107548)",1,96.2604932258212,27094
"(0.9534840838509316, 0.9696381743256742)",1,96.2604827701048,27095
"(0.8466625966625967, 0.9734722222222224)",1,96.2602590266968,27096
"(1.0, 1.0)",1,96.260237104873,27097
"(0.8265700981304325, 0.9667774086378738)",1,96.26018465198128,27098
"(0.7224807272636059, 0.9827954727564102)",1,96.26010212183378,27099
"(0.907908163265306, 0.9647217861503576)",1,96.25988902376534,27100
"(0.8590498776009793, 0.9667774086378738)",1,96.25981461170136,27101
"(0.8946752284039163, 0.9618138828565136)",2,96.25957962384948,27103
"(0.916096001118324, 0.9618138828565136)",1,96.25936746846212,27104
"(0.899997244510117, 0.9604697507658034)",2,96.2588149882048,27106
"(0.9346399099774944, 0.9774943735933984)",1,96.25859668777892,27107
"(0.8827674567584882, 0.9679608656649474)",1,96.25844273598844,27108
"(0.8927951388888888, 0.9866666666666666)",1,96.25835907502255,27109
"(0.7536005944279325, 0.9781012535199224)",1,96.2582654133993,27110
"(0.6296160130718955, 0.9866666666666666)",1,96.258008904804,27111
"(0.8635440917107585, 0.992156862745098)",1,96.2574694413644,27112
"(0.9027777777777778, 0.9734722222222224)",1,96.2574455989322,27113
"(0.92710864283235, 0.9774943735933984)",1,96.25727657437008,27114
"(0.8885119047619048, 0.9734722222222224)",1,96.25720804235596,27115
"(0.9226438267614736, 0.9650363879165252)",1,96.25705982284872,27116
"(0.8813339438339438, 0.9868055555555556)",1,96.25696448360397,27117
"(0.847123015873016, 0.9868055555555556)",1,96.25686631165634,27118
"(0.9351326548694968, 0.9599945533769064)",1,96.2568512929441,27119
"(0.9395009173259948, 0.9882352941176472)",1,96.25671760421994,27120
"(0.905649630541872, 0.9754464285714284)",1,96.25669719057193,27121
"(0.9841269841269842, 1.0)",1,96.25664924506388,27122
"(0.8786624050523235, 0.9665714285714284)",1,96.25664814640729,27123
"(0.7547562359331114, 0.9754490799810508)",1,96.25652305257216,27124
"(0.8277537197423939, 0.9825319426526432)",1,96.25649056496076,27125
"(0.9426994258113802, 0.9579551650296714)",3,96.25625970921024,27128
"(0.927910199556541, 0.9625936563436563)",3,96.2560148878438,27131
"(0.7245388933440257, 0.9774943735933984)",1,96.25593382097344,27132
"(0.5951421188630491, 0.9774943735933984)",1,96.25586755415328,27133
"(0.941488229119808, 0.978144708175668)",1,96.25585228412729,27134
"(0.8837209302325582, 0.9774943735933984)",1,96.25585176196132,27135
"(0.9333333333333332, 0.9841269841269842)",1,96.2554843615554,27136
"(0.7690274841437632, 0.9774943735933984)",1,96.25531734813887,27137
"(0.8271652864044169, 1.0)",1,96.25519476816524,27138
"(0.8814236111111111, 0.9866666666666666)",1,96.25514040084224,27139
"(0.9674603174603176, 0.9841269841269842)",2,96.2550868498714,27141
"(0.8881381381381382, 0.9868055555555556)",1,96.25494869707988,27142
"(0.7690274841437632, 0.9774943735933984)",1,96.2548809471835,27143
"(0.919687006945461, 0.9734722222222224)",2,96.2547526096198,27145
"(0.8221586782861291, 0.9866666666666666)",1,96.25474637087557,27146
"(0.8639328063241105, 0.9624656593406592)",1,96.25460090309475,27147
"(0.9264176245210728, 0.9866666666666666)",1,96.25456414540524,27148
"(0.8837244897959183, 0.9650363879165252)",1,96.2545145627628,27149
"(0.9023026315789472, 0.9754464285714284)",1,96.254511499028,27150
"(0.9368482142857144, 0.9608348284368692)",1,96.25450836676892,27151
"(0.8837209302325582, 0.9667774086378738)",1,96.25444942253296,27152
"(0.9499369338378628, 0.9913490623109498)",3,96.25443855921662,27155
"(0.8497895622895624, 0.9722222222222222)",1,96.25437299321942,27156
"(0.9230769230769232, 1.0)",1,96.25432728468724,27157
"(0.8264567669172932, 1.0)",2,96.25423056563451,27159
"(0.9066840277777778, 0.9866666666666666)",1,96.25413645601331,27160
"(0.9541309523809522, 0.9618138828565136)",3,96.25405120028388,27163
"(0.8487390350877192, 0.9648977033360302)",2,96.25403290819322,27165
"(0.92925, 0.9513995592877136)",2,96.25377848074304,27167
"(0.8890722680670169, 0.9774943735933984)",1,96.25367794558282,27168
"(0.9589484126984128, 1.0)",1,96.25367777633552,27169
"(0.9523529411764708, 0.9645607615220874)",1,96.25352211591824,27170
"(0.9077881758764113, 0.9727980080921258)",1,96.25334775681203,27171
"(0.8405674293067195, 0.9774943735933984)",1,96.25328806809732,27172
"(0.9743589743589745, 0.9748677248677248)",1,96.25323910617952,27173
"(0.807645640445745, 0.9767154066601028)",1,96.25316000294362,27174
"(0.9498577524893316, 0.9535924585381664)",1,96.25299996756624,27175
"(0.9092261904761906, 0.9734722222222224)",1,96.25284614658251,27176
"(0.9302579365079364, 0.9734722222222224)",2,96.25284251859787,27178
"(0.93916595083917, 0.9574505911522484)",3,96.25271975188048,27181
"(0.9625936563436563, 0.9688819909986466)",1,96.25271881907857,27182
"(0.8887191358024692, 0.9743589743589745)",1,96.25271597746602,27183
"(0.9171090534979424, 1.0)",1,96.25259102435916,27184
"(0.9497685185185184, 0.9748677248677248)",1,96.25246505520848,27185
"(0.984313725490196, 0.996078431372549)",1,96.25236439247573,27186
"(0.8887191358024692, 0.9866666666666666)",1,96.25228726245342,27187
"(0.8915343915343915, 0.9868055555555556)",2,96.25220617162884,27189
"(0.9308485656257932, 0.9642857142857144)",1,96.25220434592563,27190
"(0.7990036820446177, 0.9868055555555556)",1,96.25213896489328,27191
"(0.9047619047619048, 1.0)",1,96.25199317635358,27192
"(0.8604651162790697, 0.9774943735933984)",1,96.25195043626223,27193
"(0.8902777777777777, 0.9734722222222224)",4,96.25175139029656,27197
"(0.9144192834138488, 0.9734722222222224)",1,96.25137358427642,27198
"(0.8786624050523235, 0.9625936563436563)",4,96.25132185058196,27202
"(0.9135802469135802, 1.0)",1,96.25120937309153,27203
"(0.9523809523809524, 1.0)",2,96.25117941672892,27205
"(0.8965217391304348, 0.9734722222222224)",2,96.25115771205448,27207
"(0.8577654071075123, 0.9868055555555556)",1,96.25114320086296,27208
"(0.8837209302325582, 0.9774943735933984)",1,96.25112871451256,27209
"(0.8177555579773321, 0.9754464285714284)",1,96.25098007643116,27210
"(0.980582788671024, 0.9842265795206973)",2,96.25087630297152,27212
"(0.8156616246999273, 0.9740643495864882)",1,96.25077248233822,27213
"(0.8955165692007796, 0.9648977033360302)",1,96.25072085611676,27214
"(0.8882535288785288, 0.9734722222222224)",1,96.2507061591186,27215
"(0.77039068737284, 0.9774943735933984)",1,96.25050549426456,27216
"(0.8318452380952381, 0.9866666666666666)",1,96.2504418065831,27217
"(0.9390638788116482, 0.9625936563436563)",4,96.2503882978002,27221
"(0.9534840838509316, 0.9650363879165252)",3,96.25035311032576,27224
"(0.8890863872430693, 0.9749660326086956)",1,96.2502047737091,27225
"(0.9384353741496598, 0.9713960577118472)",1,96.25017511445247,27226
"(0.961342940685046, 0.9571395713710704)",3,96.24992238839437,27229
"(0.8087175875906775, 0.9754464285714284)",1,96.24985425922846,27230
"(0.938570380142761, 0.961342940685046)",1,96.24941169253968,27231
"(0.9841269841269842, 0.9841269841269842)",1,96.24918236619716,27232
"(0.8707729468599035, 0.9734722222222224)",1,96.24895954773568,27233
"(0.7413014722797331, 0.9866666666666666)",1,96.24894609371452,27234
"(0.8597992596530608, 0.9694095827515072)",1,96.2487585365747,27235
"(0.8277537197423939, 0.9736842105263158)",6,96.24874856328076,27241
"(0.9534840838509316, 0.9657079385975222)",6,96.2487037120082,27247
"(0.930071105365223, 0.9688819909986466)",1,96.24843865825648,27248
"(0.8569104506604507, 0.9748677248677248)",1,96.24828130393338,27249
"(0.8886775717208655, 0.9692634363686996)",3,96.24825266770996,27252
"(0.9077881758764113, 0.9726525054466232)",2,96.24811249240264,27254
"(0.8756319514661275, 0.965497521921464)",1,96.24804478833074,27255
"(0.4896538918597742, 0.9866666666666666)",1,96.24795965980988,27256
"(0.9226438267614736, 0.9650363879165252)",3,96.24765692303932,27259
"(0.8837244897959183, 0.9665714285714284)",1,96.24761684061052,27260
"(0.9185588416618146, 0.9618138828565136)",1,96.24758205070869,27261
"(0.8197707811194652, 0.9651951748860688)",3,96.24745570372212,27264
"(0.9534840838509316, 0.9688819909986466)",1,96.24708090550574,27265
"(0.9665714285714284, 0.9612261904761904)",3,96.24705515630468,27268
"(0.7644216248867413, 0.9667774086378738)",4,96.24699016235785,27272
"(0.8707729468599035, 0.9734722222222224)",1,96.24692317578452,27273
"(0.8756319514661275, 0.9774943735933984)",1,96.2468159846411,27274
"(0.9363885088919288, 0.9667774086378738)",2,96.24677677230083,27276
"(0.9574505911522484, 0.9696381743256742)",1,96.24658452355312,27277
"(0.8527777777777779, 0.9743589743589745)",1,96.24642270152796,27278
"(0.9408601779678556, 0.9688819909986466)",2,96.24641325298012,27280
"(0.8322048866647042, 0.9774943735933984)",1,96.24634499858128,27281
"(0.954722222222222, 0.964506172839506)",1,96.24626951283076,27282
"(0.954682426948052, 0.9678053830227744)",1,96.24621572654034,27283
"(0.8932369004949651, 0.9868055555555556)",1,96.24620516925069,27284
"(0.9297184760843908, 0.9736842105263158)",1,96.24616323214124,27285
"(0.9333333333333332, 0.9841269841269842)",1,96.24596504436334,27286
"(0.7971704623878537, 0.9808278867102396)",1,96.24588329052476,27287
"(0.8277537197423939, 0.9780571219715956)",1,96.24581900175752,27288
"(0.875, 1.0)",1,96.24581296539397,27289
"(0.9388029361942404, 0.9612261904761904)",3,96.24568954690784,27292
"(0.8680075424261471, 0.9667774086378738)",1,96.24560334598226,27293
"(0.878839565243074, 0.98711247296323)",3,96.24554375519664,27296
"(0.8680075424261471, 0.9667774086378738)",1,96.2454568773042,27297
"(0.8597992596530608, 0.9913490623109498)",1,96.24535468496332,27298
"(0.9171090534979424, 1.0)",1,96.24515672306671,27299
"(0.8961538461538462, 0.9754464285714284)",1,96.24478571470758,27300
"(0.8459679855028692, 0.965497521921464)",1,96.2446729930231,27301
"(0.8581587837837837, 0.9754464285714284)",1,96.24454725711792,27302
"(0.7081625209067293, 0.9825319426526432)",1,96.24438956851104,27303
"(0.8827674567584882, 0.9678053830227744)",1,96.24435875664228,27304
"(0.9049919484702094, 0.9841269841269842)",1,96.24435440222248,27305
"(0.9224211423699916, 1.0)",1,96.2442961043987,27306
"(0.8778462998102468, 0.9866666666666666)",1,96.24423994047444,27307
"(0.9041666666666666, 0.9868055555555556)",1,96.24420042650333,27308
"(0.9325581395348838, 0.9775193798449612)",1,96.24420016161496,27309
"(0.9408601779678556, 0.9696381743256742)",1,96.24408175877748,27310
"(0.920419153009064, 0.961770130454341)",1,96.24388667738108,27311
"(0.9363885088919288, 0.9667774086378738)",1,96.24382075083432,27312
"(0.9201573680323905, 0.9657451923076924)",1,96.24366972590954,27313
"(0.8469839324618735, 1.0)",1,96.24366949395024,27314
"(0.8421189622802525, 0.9868055555555556)",1,96.24360778802722,27315
"(0.9197362278244632, 0.9847494553376906)",1,96.243588972088,27316
"(0.9278900902053612, 0.9645607615220874)",1,96.24298673089476,27317
"(0.8887419165196943, 0.9734722222222224)",1,96.24275619845712,27318
"(0.909209656084656, 1.0)",1,96.24253543509468,27319
"(0.7871989121989122, 0.9866666666666666)",2,96.24246336048516,27321
"(0.9426994258113802, 0.9650363879165252)",1,96.24231007314634,27322
"(0.9031297003355316, 0.9667774086378738)",1,96.24199940582692,27323
"(0.9428823795600112, 0.9698578833447256)",1,96.2418901082134,27324
"(0.8013468013468013, 1.0)",1,96.2417956259232,27325
"(0.8720649550142637, 0.9645607615220874)",1,96.24175021381008,27326
"(0.8426812585499316, 0.9667774086378738)",1,96.2417030552999,27327
"(0.925553613053613, 0.9868055555555556)",1,96.24154227753976,27328
"(0.8375522452041583, 0.9546136534133534)",1,96.24153804880928,27329
"(0.8946752284039163, 0.9579551650296714)",1,96.24149091040242,27330
"(0.8429041174227984, 0.9667774086378738)",1,96.24134819300338,27331
"(0.947088068181818, 1.0)",1,96.24133488005982,27332
"(0.9541062801932368, 0.9734722222222224)",1,96.24127680308038,27333
"(0.8473809523809523, 0.9624656593406592)",1,96.24116013792586,27334
"(0.9094344316674038, 0.9608918659970924)",1,96.24114893649664,27335
"(0.7644216248867413, 0.9667774086378738)",2,96.2410845734004,27337
"(0.9405634236453204, 0.9754464285714284)",2,96.24094890102393,27339
"(0.8577654071075123, 0.9868055555555556)",1,96.2408397827054,27340
"(0.8956505897276728, 0.9688819909986466)",1,96.24007124453044,27341
"(0.930071105365223, 0.9650363879165252)",1,96.24006421377938,27342
"(0.8582837837837838, 0.9624656593406592)",1,96.23964851086252,27343
"(0.9066840277777778, 0.9866666666666666)",1,96.23948398245992,27344
"(0.833064949006978, 1.0)",1,96.23938537745887,27345
"(0.9407679738562092, 0.9868055555555556)",2,96.2389891450219,27347
"(0.8707729468599035, 0.9583928571428572)",1,96.2389847244153,27348
"(0.8048816547737346, 0.9736565055039632)",1,96.23895157743128,27349
"(0.9497685185185184, 1.0)",1,96.2388252382159,27350
"(0.96625, 0.9754464285714284)",1,96.23863545526156,27351
"(0.938570380142761, 0.9642857142857144)",1,96.2378260567766,27352
"(0.8778462998102468, 0.9734722222222224)",1,96.23770135070563,27353
"(0.952503401360544, 0.9618138828565136)",1,96.23751846299297,27354
"(0.961342940685046, 0.9714285714285714)",2,96.23748082026256,27356
"(0.9019323671497586, 0.9866666666666666)",2,96.23747091760208,27358
"(0.930071105365223, 0.9650363879165252)",3,96.2373949148486,27361
"(0.9296302734822564, 0.9787811022617652)",1,96.23723612664875,27362
"(0.9308485656257932, 0.9678053830227744)",1,96.23720876439118,27363
"(0.915422077922078, 0.9754464285714284)",1,96.23692980481935,27364
"(0.8837209302325582, 0.9774943735933984)",1,96.23690016638892,27365
"(0.8589726631393297, 1.0)",1,96.23685415966013,27366
"(0.8125, 1.0)",1,96.23666622775076,27367
"(0.9278900902053612, 0.9678053830227744)",1,96.23664512370028,27368
"(0.9220534262485482, 0.9785754927860192)",1,96.23653180608106,27369
"(0.9565217391304348, 1.0)",1,96.23640188088878,27370
"(0.9366629231646204, 0.9736054421768708)",1,96.23636733035544,27371
"(0.9565217391304348, 0.9841269841269842)",1,96.23634063199292,27372
"(0.8350168350168351, 1.0)",1,96.23633668785888,27373
"(0.8731060606060606, 0.9734722222222224)",2,96.2362167320199,27375
"(0.9226438267614736, 0.9618138828565136)",2,96.2357283372403,27377
"(0.8356902356902357, 0.9734722222222224)",1,96.2357182832422,27378
"(0.8812367419630933, 0.973718935719252)",1,96.23570781032925,27379
"(0.8871004696987055, 0.9550387596899224)",1,96.2356239678538,27380
"(0.8943833943833944, 0.9841269841269842)",1,96.23549880001084,27381
"(0.744850256280111, 0.9756756756756756)",1,96.23535129573732,27382
"(0.7990036820446177, 0.9868055555555556)",4,96.23531959458433,27386
"(0.8788323569411767, 0.9780571219715956)",1,96.23527813683856,27387
"(0.9363885088919288, 0.9667774086378738)",2,96.23511770999428,27389
"(0.8890722680670169, 0.9774943735933984)",1,96.23458695668477,27390
"(0.8842320470227447, 0.9774943735933984)",1,96.23415745820124,27391
"(0.9351600241545894, 0.9748677248677248)",1,96.23408247774262,27392
"(0.95, 0.9721176108033788)",1,96.23378104409004,27393
"(0.8627653708298868, 0.9734722222222224)",2,96.23372183892296,27395
"(0.8448688271604938, 0.9868055555555556)",2,96.23369559092563,27397
"(0.8666060577471494, 0.9413752469413924)",1,96.23360637854772,27398
"(0.813859649122807, 0.9743589743589745)",1,96.23360329017277,27399
"(0.8946752284039163, 0.9650363879165252)",1,96.233520597221,27400
"(0.8025730007238067, 0.9706100820199708)",1,96.23349054574751,27401
"(0.8157493041213971, 0.965497521921464)",1,96.2333766392537,27402
"(0.9333333333333332, 1.0)",1,96.23316188859668,27403
"(0.8273348098929494, 0.9550387596899224)",1,96.2328623480147,27404
"(0.8584010840108401, 0.9615343915343916)",1,96.23278475599912,27405
"(0.9643596441509156, 0.9643596441509156)",1,96.2326677599421,27406
"(0.8714344685242518, 0.996078431372549)",1,96.23265769510736,27407
"(0.9333333333333332, 0.9841269841269842)",1,96.23248453103548,27408
"(0.947860476880274, 0.9750869028930254)",1,96.23238222566027,27409
"(0.9565217391304348, 1.0)",2,96.23235376358694,27411
"(0.9268160835762876, 0.9688819909986466)",1,96.23218347531196,27412
"(0.9264176245210728, 1.0)",1,96.232088742852,27413
"(0.9841269841269842, 1.0)",1,96.23204582228978,27414
"(0.9541309523809522, 0.9579551650296714)",3,96.23130998037004,27417
"(0.9618138828565136, 0.9719867434153148)",1,96.23111667044728,27418
"(0.6782946827273069, 0.9868055555555556)",1,96.2310767118281,27419
"(0.7413014722797331, 0.9866666666666666)",1,96.23100998338496,27420
"(0.8586378737541528, 1.0)",1,96.23088027652646,27421
"(0.8641929499072356, 0.9625936563436563)",4,96.23082884739624,27425
"(0.89, 1.0)",1,96.23078987067925,27426
"(0.7529825792983688, 0.9725407917277012)",1,96.23075424256378,27427
"(0.8472308488612837, 0.9650363879165252)",3,96.23069510857547,27430
"(0.8788323569411767, 0.9780571219715956)",1,96.23062283237849,27431
"(0.919687006945461, 0.9748677248677248)",1,96.23048804999654,27432
"(0.79145763692632, 0.9694095827515072)",1,96.23046072487186,27433
"(0.8927951388888888, 0.9866666666666666)",1,96.23032275140298,27434
"(0.908245243128964, 0.9550387596899224)",1,96.23031913089956,27435
"(0.8634436934356743, 0.9774943735933984)",1,96.2302016786526,27436
"(0.8967236467236468, 0.9866666666666666)",1,96.22990130237912,27437
"(0.9571428571428572, 0.9625936563436563)",4,96.22989945950268,27441
"(0.8393969239599776, 0.9579551650296714)",1,96.22980510120304,27442
"(0.8886775717208655, 0.9649122807017544)",1,96.22976271888818,27443
"(0.8837209302325582, 0.9775193798449612)",1,96.229618790246,27444
"(0.9586520604621642, 0.9618138828565136)",3,96.22948536960148,27447
"(0.809724025974026, 0.9754464285714284)",1,96.22933873186524,27448
"(0.9346399099774944, 0.965497521921464)",1,96.22903219911844,27449
"(0.908998988877654, 0.9667774086378738)",1,96.22894390410332,27450
"(0.9308485656257932, 0.9683214285714286)",1,96.2288717384052,27451
"(0.9535924585381664, 0.9721176108033788)",1,96.22885933363678,27452
"(0.8282576596530086, 0.9767441860465116)",1,96.22878355249487,27453
"(0.95474577471438, 0.9650363879165252)",2,96.22844981960804,27455
"(0.4469194290093887, 0.981274973580375)",1,96.22838468577832,27456
"(0.813859649122807, 0.9743589743589745)",1,96.22804769872758,27457
"(0.9618138828565136, 0.9650363879165252)",3,96.22794522954888,27460
"(0.938570380142761, 0.9642857142857144)",1,96.22744834915106,27461
"(0.8762150855174111, 1.0)",1,96.22695607506438,27462
"(0.9540538847117792, 0.9719867434153148)",1,96.2269068737204,27463
"(0.9492266992266992, 0.9868055555555556)",1,96.2267613230402,27464
"(0.8586378737541528, 1.0)",1,96.22672252886991,27465
"(0.908245243128964, 0.9546136534133534)",1,96.22658304585558,27466
"(0.8101851851851852, 0.9825319426526432)",1,96.2264220892524,27467
"(0.8761348091033453, 0.9774943735933984)",1,96.22638244724888,27468
"(0.9040106023792244, 0.9775193798449612)",1,96.22631844404565,27469
"(0.7083199141170156, 0.9743589743589745)",1,96.2259745912342,27470
"(0.952503401360544, 0.9650363879165252)",6,96.22592650542305,27476
"(0.8518518518518519, 1.0)",1,96.22588288904078,27477
"(0.8590556730091613, 0.9885627144491042)",1,96.2258469398516,27478
"(0.9049919484702094, 0.9841269841269842)",1,96.22546977508632,27479
"(0.8956505897276728, 0.9688819909986466)",1,96.2254445580516,27480
"(0.9606447334368527, 0.9645607615220874)",1,96.22538442718802,27481
"(0.9131182795698924, 0.9767241379310344)",1,96.22538315129052,27482
"(0.9565217391304348, 1.0)",1,96.22533966486988,27483
"(0.984313725490196, 0.8639572192513368)",1,96.22520733472412,27484
"(0.7512330048989927, 0.9744988265895054)",1,96.22514681520772,27485
"(0.9044642857142856, 0.9650363879165252)",1,96.224493371622,27486
"(0.8905936111818465, 0.996078431372549)",2,96.22434771297762,27488
"(0.8282752506308395, 0.9667774086378738)",1,96.2241648098608,27489
"(0.4896538918597742, 0.9866666666666666)",1,96.22411603024186,27490
"(0.8941062801932367, 0.9748677248677248)",1,96.22403994072488,27491
"(0.8941062801932367, 0.9868055555555556)",4,96.22383201744772,27495
"(0.9602089783281734, 0.9879901960784314)",1,96.22364703639894,27496
"(0.905649630541872, 0.9754464285714284)",1,96.22350431497858,27497
"(0.8880350522413213, 0.9667774086378738)",1,96.22329044328217,27498
"(0.9391627846790888, 0.9571428571428572)",1,96.22310820479106,27499
"(0.8857001484413657, 0.9774943735933984)",1,96.22306636644304,27500
"(0.952064553093965, 0.9650363879165252)",1,96.22304988033446,27501
"(0.9774943735933984, 0.9667774086378738)",2,96.22303035485292,27503
"(0.8467877023568579, 0.965497521921464)",1,96.22302195830297,27504
"(0.9003322259136212, 0.9667774086378738)",1,96.22290398379936,27505
"(0.8324299119892755, 0.9648977033360302)",1,96.22282340353806,27506
"(0.7644216248867413, 0.9667774086378738)",2,96.22281575048824,27508
"(0.9368482142857144, 0.9606447334368527)",1,96.22280622502716,27509
"(0.908998988877654, 0.9667774086378738)",1,96.2221764912236,27510
"(0.9333333333333332, 1.0)",1,96.22207449554976,27511
"(0.8611111111111112, 1.0)",1,96.22194538634372,27512
"(0.961342940685046, 0.9645607615220874)",1,96.22187639027936,27513
"(0.9444444444444444, 0.9841269841269842)",1,96.22185453294328,27514
"(0.8756319514661275, 0.9550387596899224)",1,96.22175207951028,27515
"(0.9374844260560896, 0.9612261904761904)",3,96.22163700455124,27518
"(0.7705882352941177, 1.0)",2,96.22150886230136,27520
"(0.9104761904761904, 0.9868055555555556)",2,96.22137014895776,27522
"(0.946764828738513, 0.9657079385975222)",1,96.22127171584046,27523
"(0.8762664758354415, 0.9787811022617652)",1,96.2211825221378,27524
"(0.8798475538617097, 0.9550387596899224)",1,96.2211466192359,27525
"(0.7690274841437632, 0.965497521921464)",1,96.22077538536284,27526
"(0.9408601779678556, 0.9612261904761904)",1,96.2206452080828,27527
"(0.9452536570183628, 0.996078431372549)",1,96.22059781284396,27528
"(0.8356902356902357, 0.9722222222222222)",2,96.22056237522187,27530
"(0.6296160130718955, 0.9866666666666666)",2,96.22051688551946,27532
"(0.683375104427736, 1.0)",1,96.2204850943494,27533
"(0.9003322259136212, 0.9774943735933984)",1,96.2202707002346,27534
"(0.9886710239651416, 0.9886710239651416)",2,96.22023171588684,27536
"(0.8351693186454507, 0.965497521921464)",1,96.22002258166152,27537
"(0.9774943735933984, 0.9667774086378738)",1,96.21971188206066,27538
"(0.919687006945461, 0.9583928571428572)",1,96.21955229492906,27539
"(0.8837209302325582, 0.9774943735933984)",1,96.21910431640806,27540
"(0.877599715099715, 0.9868055555555556)",1,96.21898539628783,27541
"(0.9293342911877394, 0.9868055555555556)",1,96.21894388035292,27542
"(0.9523529411764708, 0.9749660326086956)",2,96.21877243934928,27544
"(0.899997244510117, 0.9737148229943366)",1,96.2185110546867,27545
"(0.8511627906976744, 0.9774943735933984)",1,96.21841209362223,27546
"(0.8991666666666667, 1.0)",1,96.2182466949546,27547
"(0.9408601779678556, 0.9688819909986466)",2,96.21807747944248,27549
"(0.9665714285714284, 0.97595009914078)",1,96.21802801926744,27550
"(0.9056772399713576, 0.9696171802054157)",1,96.2177852679756,27551
"(0.8915343915343915, 1.0)",1,96.21777740596198,27552
"(0.9040106023792244, 0.9775193798449612)",1,96.21761717656165,27553
"(0.7987835673811283, 0.9734722222222224)",4,96.21749085342525,27557
"(0.7588890510443849, 0.9774975495602012)",1,96.21743089818598,27558
"(0.9066840277777778, 0.9866666666666666)",2,96.21729233334432,27560
"(0.9611528822055138, 0.960414372935642)",1,96.21726911930187,27561
"(0.916550925925926, 0.9868055555555556)",1,96.21701155125062,27562
"(0.9390638788116482, 0.9688819909986466)",1,96.21695760890968,27563
"(0.908998988877654, 0.9667774086378738)",1,96.2169402265203,27564
"(0.8837244897959183, 0.9612261904761904)",1,96.2168914608645,27565
"(0.6782946827273069, 0.9868055555555556)",2,96.21688233355934,27567
"(0.8522222222222222, 0.9868055555555556)",1,96.21687594182904,27568
"(0.8265700981304325, 0.9546136534133534)",1,96.21685775855973,27569
"(0.992156862745098, 0.9704892057833234)",1,96.21670117555472,27570
"(0.8880350522413213, 0.9667774086378738)",1,96.21644524508211,27571
"(0.9003322259136212, 0.9667774086378738)",1,96.21643509478766,27572
"(0.9365260121142476, 0.9894736842105264)",1,96.21629977788773,27573
"(0.8560421237384819, 0.9667774086378738)",1,96.21619163388202,27574
"(0.7977207977207977, 0.9866666666666666)",1,96.21610580230484,27575
"(0.8198932646301067, 0.9754464285714284)",1,96.215927097703,27576
"(0.8365744453354719, 0.965497521921464)",1,96.2157969663414,27577
"(0.9064872325741892, 0.9868055555555556)",1,96.21569223148026,27578
"(0.8531211750305999, 0.9774943735933984)",1,96.21556770724176,27579
"(0.9406095584301136, 0.9688819909986466)",1,96.2155277438688,27580
"(0.8627653708298868, 0.9734722222222224)",1,96.2154686159884,27581
"(0.9464473684210528, 0.968381168892678)",1,96.2151653763526,27582
"(0.8967236467236468, 0.9866666666666666)",1,96.21506636468034,27583
"(0.9220534262485482, 0.9750869028930254)",1,96.21458853670784,27584
"(0.8761348091033453, 0.9774943735933984)",1,96.21456796445746,27585
"(0.8817204301075269, 0.9841269841269842)",1,96.2145589775916,27586
"(0.8757566103854729, 0.9775193798449612)",1,96.2144917331175,27587
"(0.8762664758354415, 0.9750869028930254)",1,96.2144478293795,27588
"(0.847123015873016, 0.9743589743589745)",1,96.21442284211749,27589
"(0.9216927182615324, 0.965497521921464)",1,96.21438036925149,27590
"(0.9408668730650154, 0.9737148229943366)",1,96.21435044165246,27591
"(0.8101851851851852, 0.9825319426526432)",1,96.21429410419616,27592
"(0.96625, 0.9624656593406592)",1,96.21392878729452,27593
"(0.8468468468468467, 1.0)",1,96.21392656065116,27594
"(0.9040106023792244, 0.9885627144491042)",1,96.21338308381468,27595
"(0.9302579365079364, 0.9748677248677248)",1,96.21330016634582,27596
"(0.7967201500483234, 0.9694095827515072)",1,96.21277819555996,27597
"(0.8765565134099617, 0.9734722222222224)",1,96.2125233442522,27598
"(0.8255047951711248, 0.965497521921464)",1,96.21249463159832,27599
"(0.9031297003355316, 0.9667774086378738)",1,96.2124878924661,27600
"(0.7025855842842699, 0.9667774086378738)",1,96.21189533930269,27601
"(0.826589997449512, 0.965497521921464)",1,96.21159396194469,27602
"(0.7800259083338473, 0.9774943735933984)",1,96.21153970678334,27603
"(0.7524552007669335, 0.9719712721718906)",1,96.21145650897512,27604
"(0.955544662122821, 0.9541309523809522)",1,96.21141888067211,27605
"(0.8586291309669523, 0.9774943735933984)",1,96.21125021625986,27606
"(0.9106275784016648, 0.9774943735933984)",1,96.21124849455003,27607
"(0.886154011154011, 0.9866666666666666)",1,96.2110910838913,27608
"(0.8783906502941525, 0.9667774086378738)",1,96.2110472930527,27609
"(0.7081939799331105, 0.986574074074074)",1,96.2109187628345,27610
"(0.8518518518518519, 1.0)",1,96.21073695617451,27611
"(0.9426994258113802, 0.9635619016637234)",1,96.21054729198464,27612
"(0.8197707811194652, 0.9651951748860688)",3,96.2104278960296,27615
"(0.7672018303915166, 0.9763808626603664)",1,96.21020277017524,27616
"(0.8113181219906367, 0.9868055555555556)",2,96.21016167559397,27618
"(0.7413014722797331, 0.9866666666666666)",1,96.21005134877184,27619
"(0.9586520604621642, 0.9683214285714286)",1,96.20995727604492,27620
"(0.9411376480416728, 0.992156862745098)",1,96.20994510645116,27621
"(0.9550387596899224, 0.9774943735933984)",1,96.2097903304026,27622
"(0.7951423097974822, 0.9583928571428572)",1,96.20966579163492,27623
"(0.9363885088919288, 0.9667774086378738)",1,96.20959934899598,27624
"(0.8927951388888888, 0.9866666666666666)",1,96.2095916798176,27625
"(0.986574074074074, 0.9866666666666666)",1,96.209251691499,27626
"(0.8639328063241105, 0.9754464285714284)",1,96.20897945322572,27627
"(0.9619323671497584, 0.9886710239651416)",1,96.20888472426172,27628
"(0.9250841750841752, 1.0)",1,96.20876260758746,27629
"(0.8429041174227984, 0.9667774086378738)",2,96.20874584781984,27631
"(0.9333333333333332, 1.0)",1,96.20871908092847,27632
"(0.8459679855028692, 0.9774943735933984)",1,96.20867164845356,27633
"(0.948045267489712, 0.9868055555555556)",1,96.20854114780404,27634
"(0.77039068737284, 0.965497521921464)",1,96.20839327349957,27635
"(0.9247241379310346, 0.9754464285714284)",1,96.20834903839514,27636
"(0.9087026014109348, 1.0)",1,96.2083488115438,27637
"(0.8680075424261471, 0.9667774086378738)",1,96.20832792909086,27638
"(0.8837244897959183, 0.9612261904761904)",3,96.20832145026816,27641
"(0.8919095971175892, 0.9667774086378738)",1,96.20823644526962,27642
"(0.8971203581710827, 0.9868055555555556)",1,96.20813535530836,27643
"(0.7967201500483234, 0.9780571219715956)",1,96.20775899303844,27644
"(0.9060206664893564, 0.9692634363686996)",2,96.20763589799418,27646
"(0.8621564482029598, 0.9550387596899224)",1,96.20758999956224,27647
"(0.9618138828565136, 0.9665714285714284)",1,96.20727959192897,27648
"(0.8429041174227984, 0.9667774086378738)",1,96.20722651676938,27649
"(0.8779083570750237, 0.9743589743589745)",1,96.20691497889044,27650
"(0.7141994478951, 1.0)",1,96.20686035649804,27651
"(0.9657079385975222, 0.9643596441509156)",3,96.20676242398876,27654
"(0.9035087719298246, 0.98711247296323)",1,96.20669264622968,27655
"(0.8763636363636363, 1.0)",1,96.2065792575801,27656
"(0.853187414500684, 0.9662727157199136)",1,96.20649996856696,27657
"(0.8487500435828597, 0.9774943735933984)",1,96.20642351732444,27658
"(0.9645607615220874, 0.9678053830227744)",1,96.20641497510108,27659
"(0.8465418823841762, 1.0)",2,96.20636223766913,27661
"(0.8871004696987055, 0.9667774086378738)",1,96.20583204874436,27662
"(0.8518518518518519, 1.0)",1,96.20560625502036,27663
"(0.9023569023569024, 1.0)",1,96.20551256838442,27664
"(0.8604651162790697, 0.9885627144491042)",1,96.20545324423196,27665
"(0.8440126050420167, 0.9866666666666666)",1,96.20535913886376,27666
"(0.9131182795698924, 0.9767241379310344)",4,96.20529566138632,27670
"(0.9647217861503576, 0.9749660326086956)",3,96.20507689790956,27673
"(0.8961240310077518, 0.9546136534133534)",1,96.20482429982384,27674
"(0.9787811022617652, 0.9715797169307606)",1,96.20445859840945,27675
"(0.942488846547077, 0.9612261904761904)",1,96.20444997552356,27676
"(0.8680075424261471, 0.9774943735933984)",1,96.20423980671664,27677
"(0.8921680266906457, 0.9705862533692722)",1,96.20422056322376,27678
"(0.908998988877654, 0.9667774086378738)",2,96.20410673141804,27680
"(0.8817204301075269, 1.0)",1,96.20390885465602,27681
"(0.7081625209067293, 0.9825319426526432)",1,96.20389919313531,27682
"(0.5223765432098765, 0.9868055555555556)",1,96.20389598503596,27683
"(0.8582837837837838, 0.9624656593406592)",2,96.20386137291293,27685
"(0.8316355404640634, 0.9780571219715956)",1,96.20374208322264,27686
"(0.7800259083338473, 0.9774943735933984)",1,96.20364688905012,27687
"(0.8966049382716049, 0.9868055555555556)",1,96.20363288184416,27688
"(0.9715797169307606, 0.954682426948052)",1,96.20349943526782,27689
"(0.9592592592592591, 1.0)",1,96.20331717494932,27690
"(0.8837209302325582, 0.9667774086378738)",1,96.20320221680323,27691
"(0.9460618398175734, 0.9618138828565136)",1,96.2029883253841,27692
"(0.9574568288854002, 0.9688819909986466)",3,96.20292410469024,27695
"(0.9003322259136212, 0.9774943735933984)",2,96.2029038260762,27697
"(0.9592592592592591, 1.0)",2,96.202865087585,27699
"(0.7936975898313424, 0.9746641471790144)",1,96.20284385073796,27700
"(0.8281746031746032, 0.986574074074074)",1,96.20281432795473,27701
"(0.8550387596899225, 0.9885627144491042)",1,96.20232586283716,27702
"(0.8393969239599776, 0.9618138828565136)",6,96.20223143874588,27708
"(0.8626893939393939, 0.9868055555555556)",1,96.20186582339922,27709
"(0.9523529411764708, 0.9608348284368692)",1,96.20176516210891,27710
"(0.9444444444444444, 1.0)",1,96.20169963705816,27711
"(0.8590556730091613, 0.9885627144491042)",1,96.20087325273248,27712
"(0.8557504873294346, 0.9649122807017544)",3,96.20076499673117,27715
"(0.8791623997269159, 0.9868055555555556)",1,96.2005929588692,27716
"(0.7956776428149589, 0.965497521921464)",2,96.20059273723452,27718
"(0.8729235880398671, 0.9667774086378738)",1,96.20055542656505,27719
"(0.8426812585499316, 0.9667774086378738)",1,96.2004274851484,27720
"(0.9224211423699916, 0.9841269841269842)",1,96.20010920615724,27721
"(0.8531211750305999, 0.9774943735933984)",1,96.2000756003159,27722
"(0.9408668730650154, 0.9782702035744222)",2,96.19991121407408,27724
"(0.905649630541872, 0.9624656593406592)",1,96.199825666133,27725
"(0.8680075424261471, 0.9885627144491042)",1,96.19974355601666,27726
"(0.927910199556541, 0.9696381743256742)",1,96.19970352140504,27727
"(0.9841269841269842, 1.0)",1,96.19968786325856,27728
"(0.9206349206349206, 1.0)",1,96.1995289708002,27729
"(0.8905936111818465, 0.9879901960784314)",2,96.19927321809372,27731
"(0.8946752284039163, 0.9612261904761904)",3,96.1992562954363,27734
"(0.9698658410732716, 0.7891859774212715)",1,96.19922445840388,27735
"(0.585140176021449, 0.9692634363686996)",1,96.19887707221608,27736
"(0.7365451388888888, 0.9748677248677248)",1,96.19876315814012,27737
"(0.9366629231646204, 0.960607978267748)",1,96.1987384527202,27738
"(0.9302579365079364, 1.0)",1,96.1985620118776,27739
"(0.8817204301075269, 1.0)",1,96.1985563303408,27740
"(0.908998988877654, 0.9667774086378738)",1,96.19840513300252,27741
"(0.8515416147530508, 0.9699326607012416)",1,96.19826892978344,27742
"(0.7951423097974822, 0.9734722222222224)",1,96.19826814130296,27743
"(0.9635619016637234, 0.9612261904761904)",6,96.19813901916902,27749
"(0.9194577352472088, 1.0)",1,96.19792627707236,27750
"(0.944540304191448, 0.9618138828565136)",1,96.19773217395588,27751
"(0.8031631097560976, 0.9748677248677248)",1,96.19756979801238,27752
"(0.7885435936143402, 0.9913490623109498)",1,96.19751671301673,27753
"(0.918078605068401, 0.9650363879165252)",3,96.1974094894336,27756
"(0.8126903630604289, 0.9747439067467324)",1,96.1969639342762,27757
"(0.9264176245210728, 1.0)",2,96.19695760592202,27759
"(0.8872598584428717, 0.9667774086378738)",1,96.19614207617944,27760
"(0.9191742887131236, 0.9716709318919264)",1,96.19609073752886,27761
"(0.916550925925926, 0.9868055555555556)",1,96.1958376762764,27762
"(0.912041847041847, 0.9847494553376906)",1,96.19576093653228,27763
"(0.8520449077786689, 0.9885627144491042)",1,96.19566870794516,27764
"(0.9657079385975222, 0.9749660326086956)",2,96.19554438907188,27766
"(0.9351600241545894, 0.9748677248677248)",1,96.19547172764544,27767
"(0.8836091234347048, 0.9667774086378738)",2,96.19513346151876,27769
"(0.961342940685046, 0.9785754927860192)",1,96.1950793975962,27770
"(0.892733134920635, 0.9748677248677248)",1,96.19488140722116,27771
"(0.9503404207824095, 0.9650363879165252)",1,96.1947883580876,27772
"(0.7745765275257108, 0.9648977033360302)",2,96.1947729473266,27774
"(0.919687006945461, 0.9743589743589745)",1,96.19431586467782,27775
"(0.8544840720221607, 0.9737148229943366)",1,96.19403222972925,27776
"(0.8918762718762719, 0.9851851851851852)",1,96.19400412837712,27777
"(0.9122449314178318, 0.9692634363686996)",1,96.19398341903472,27778
"(0.947860476880274, 0.985754927860191)",1,96.19344829071996,27779
"(0.7081625209067293, 0.9780571219715956)",6,96.1934352701856,27785
"(0.9447018709564609, 0.9550387596899224)",2,96.19338698721027,27787
"(0.9667774086378738, 0.9774943735933984)",1,96.19333499764907,27788
"(0.9003322259136212, 0.9775193798449612)",1,96.19314333161668,27789
"(0.953556570960922, 1.0)",1,96.1929793766116,27790
"(0.9428823795600112, 0.9913490623109498)",1,96.19275572108904,27791
"(0.916550925925926, 0.9868055555555556)",1,96.19267420294884,27792
"(0.8557504873294346, 0.9692634363686996)",1,96.19264093561996,27793
"(0.9002103365384615, 0.9754464285714284)",1,96.19242931838684,27794
"(0.7025855842842699, 0.9667774086378738)",1,96.19229186719892,27795
"(0.915494777499728, 0.9635619016637234)",1,96.19222548419776,27796
"(0.8837209302325582, 0.9667774086378738)",1,96.19214617853402,27797
"(0.8961538461538462, 0.9754464285714284)",1,96.1920244560252,27798
"(0.8890863872430693, 0.9678053830227744)",1,96.19200413747387,27799
"(0.9464473684210528, 0.9816305469556244)",1,96.19133833068076,27800
"(0.938570380142761, 0.9643596441509156)",1,96.19114125366444,27801
"(0.8424947145877378, 0.9667774086378738)",1,96.19113737972164,27802
"(0.905151943324208, 0.9678608196882048)",1,96.19098874097124,27803
"(0.8265700981304325, 0.9667774086378738)",1,96.19070576867928,27804
"(0.915422077922078, 0.9754464285714284)",1,96.19054252504372,27805
"(0.9696969696969696, 1.0)",1,96.19051962067957,27806
"(0.8798475538617097, 0.9430166863749836)",2,96.1904882880055,27808
"(0.6403503049675462, 1.0)",2,96.19022357062592,27810
"(0.95, 0.9766826923076924)",1,96.18997835686284,27811
"(0.8971203581710827, 0.9868055555555556)",1,96.18991276264988,27812
"(0.8686688472593915, 0.969913169748696)",4,96.18973734448332,27816
"(0.8186504754267384, 0.9774943735933984)",2,96.18949928390391,27818
"(0.9023026315789472, 0.9754464285714284)",2,96.18936181485496,27820
"(0.9563063063063064, 0.9657079385975222)",1,96.18892097739626,27821
"(0.9450706646294882, 0.9579551650296714)",1,96.18889833531672,27822
"(0.9027777777777778, 0.9734722222222224)",2,96.188757163722,27824
"(0.8604651162790697, 0.9775193798449612)",1,96.18870045307855,27825
"(0.9540538847117792, 0.954682426948052)",1,96.18863250788344,27826
"(0.8319664902998236, 1.0)",1,96.1886047612435,27827
"(0.9743589743589745, 0.9868055555555556)",1,96.18860374971926,27828
"(0.9463327370304114, 0.9885627144491042)",1,96.18857352009238,27829
"(0.8897732810238289, 0.9750077384857496)",1,96.18853969285573,27830
"(0.8960328317373462, 0.9774943735933984)",1,96.18837599704412,27831
"(0.8339212842322631, 0.965497521921464)",1,96.18801424788133,27832
"(0.908998988877654, 0.9774943735933984)",1,96.1879432650834,27833
"(0.9225490505954026, 0.9650363879165252)",3,96.18783067623386,27836
"(0.8604651162790697, 0.9775193798449612)",1,96.18780894567904,27837
"(0.8831064306064307, 1.0)",1,96.18772020899785,27838
"(0.8919095971175892, 0.9667774086378738)",1,96.18761927232626,27839
"(0.8788323569411767, 0.9780571219715956)",1,96.18752422743862,27840
"(0.9748677248677248, 0.9868055555555556)",2,96.18744327780674,27842
"(0.6296160130718955, 0.9866666666666666)",1,96.18737362245145,27843
"(0.8067271451483561, 0.9774943735933984)",1,96.18735884419424,27844
"(0.8170400723750731, 0.9774943735933984)",2,96.18735665399484,27846
"(0.8856424148606811, 0.9866666666666666)",2,96.18717100054997,27848
"(0.8494949494949495, 0.9734722222222224)",1,96.18714020870333,27849
"(0.9222222222222224, 0.9627673350041772)",2,96.18704062851586,27851
"(0.905649630541872, 0.9624656593406592)",2,96.18684489690224,27853
"(0.938570380142761, 0.9571395713710704)",1,96.18683526994631,27854
"(0.9466207660652104, 1.0)",1,96.18682870373286,27855
"(0.9842592592592592, 0.9882352941176472)",1,96.18679819631038,27856
"(0.9138356017575824, 0.9550387596899224)",1,96.18676884893956,27857
"(0.8587799123693967, 0.9774943735933984)",1,96.18669910315704,27858
"(0.9444444444444444, 0.9841269841269842)",1,96.1866804692893,27859
"(0.8872598584428717, 0.9667774086378738)",1,96.18659961721303,27860
"(1.0, 0.9841269841269842)",2,96.18656411339362,27862
"(0.8880350522413213, 0.9667774086378738)",2,96.18651776877606,27864
"(0.8309265851386097, 0.9648977033360302)",3,96.18640249689888,27867
"(0.8680075424261471, 0.9774943735933984)",2,96.18639993207418,27869
"(0.934274781341108, 0.9715797169307606)",1,96.18636579585942,27870
"(0.8880350522413213, 0.9667774086378738)",1,96.18633224788496,27871
"(0.8707729468599035, 0.9734722222222224)",1,96.1859558217265,27872
"(0.9384353741496598, 0.9678608196882048)",1,96.185729793606,27873
"(0.7547562359331114, 0.9779502287759694)",1,96.18561450082665,27874
"(0.8837209302325582, 0.9774943735933984)",1,96.1855559356874,27875
"(0.8495620604952712, 0.9689267109945076)",1,96.1854727893574,27876
"(0.8423371647509579, 1.0)",1,96.18528116342084,27877
"(0.8832069892473118, 0.9767241379310344)",1,96.18527251090468,27878
"(0.8557760334862528, 0.9727703428418188)",1,96.18519865204917,27879
"(0.8761348091033453, 0.9774943735933984)",1,96.18506276773728,27880
"(0.9041622150997152, 0.9868055555555556)",2,96.18470611804446,27882
"(0.8375771604938271, 1.0)",1,96.18463796275482,27883
"(0.8575440961689698, 0.9775193798449612)",1,96.18457615026158,27884
"(0.9665714285714284, 0.9635619016637234)",1,96.18442541171952,27885
"(0.9296302734822564, 0.9721176108033788)",1,96.18415913373634,27886
"(0.9144192834138488, 0.9868055555555556)",1,96.18381438286244,27887
"(0.8557504873294346, 0.9694095827515072)",1,96.1837746339616,27888
"(0.8511627906976744, 0.9774943735933984)",1,96.18376382361475,27889
"(0.854478432131113, 0.9692634363686996)",1,96.18354372766966,27890
"(0.8927248677248676, 0.9866666666666666)",1,96.1834977706823,27891
"(0.8393969239599776, 0.9688819909986466)",1,96.18344626474524,27892
"(0.950700596776178, 0.9625936563436563)",1,96.18340654702617,27893
"(0.8756319514661275, 0.965497521921464)",1,96.183248349903,27894
"(0.9333333333333332, 0.9841269841269842)",1,96.18323532270252,27895
"(0.7967201500483234, 0.9780571219715956)",1,96.18304590436462,27896
"(0.8316355404640634, 0.9736842105263158)",1,96.1828962361053,27897
"(0.934274781341108, 0.9608918659970924)",1,96.18286188296196,27898
"(0.926045751633987, 0.9774638802889576)",1,96.18278433165844,27899
"(0.8330439814814815, 1.0)",1,96.18270908110092,27900
"(0.8915343915343915, 1.0)",1,96.18261650633146,27901
"(0.8887419165196943, 0.9734722222222224)",1,96.18260783595936,27902
"(0.9095668859649124, 0.9658154816997468)",3,96.1825534675136,27905
"(0.8680075424261471, 0.9774943735933984)",1,96.18247776787788,27906
"(0.9879901960784314, 0.8672042995968702)",1,96.18224730532742,27907
"(0.9172932330827066, 1.0)",1,96.18203108211792,27908
"(0.9643596441509156, 0.9681338377164)",1,96.18196818942374,27909
"(0.8273348098929494, 0.9550387596899224)",1,96.18193850187104,27910
"(0.9748677248677248, 0.9868055555555556)",2,96.18184378546648,27912
"(0.9565217391304348, 1.0)",1,96.18165379480584,27913
"(0.8012152777777778, 0.9734722222222224)",1,96.1815789710046,27914
"(0.8967236467236468, 0.9866666666666666)",1,96.18152204800838,27915
"(0.9503404207824095, 0.9766826923076924)",3,96.18125818695133,27918
"(0.8837209302325582, 0.9667774086378738)",1,96.1811595549966,27919
"(0.8872598584428717, 0.9667774086378738)",1,96.18100834925424,27920
"(0.93916595083917, 0.9657079385975222)",1,96.18094578978472,27921
"(0.9426994258113802, 0.9688819909986466)",3,96.1808882554176,27924
"(0.8837209302325582, 0.9774943735933984)",1,96.18060525481098,27925
"(0.8967236467236468, 0.9866666666666666)",2,96.18044962904436,27927
"(0.8468468468468467, 1.0)",2,96.18038416377809,27929
"(0.9319444444444444, 1.0)",1,96.18028412218158,27930
"(0.8946752284039163, 0.9618138828565136)",3,96.1801765345917,27933
"(0.915422077922078, 0.9754464285714284)",1,96.18016565401535,27934
"(0.9541309523809522, 0.9650363879165252)",3,96.1793244713002,27937
"(0.9666666666666668, 0.9841269841269842)",1,96.17922695153833,27938
"(0.8323660714285714, 0.9734722222222224)",2,96.17919042327128,27940
"(0.7319111444111444, 0.9868055555555556)",1,96.17904176560832,27941
"(0.9427450980392156, 0.9816305469556244)",1,96.17873895242326,27942
"(0.9481474980306196, 0.9642857142857144)",1,96.17849404618674,27943
"(0.8535457949758153, 0.9868055555555556)",1,96.17847759735648,27944
"(0.7610695631528964, 0.9743589743589745)",1,96.17840915679386,27945
"(0.8125, 1.0)",1,96.17834139825702,27946
"(0.8965217391304348, 0.9734722222222224)",1,96.17805844342313,27947
"(0.952064553093965, 0.960607978267748)",1,96.17795326536634,27948
"(0.8778462998102468, 0.9866666666666666)",1,96.17786603741868,27949
"(0.9023569023569024, 1.0)",1,96.177811001064,27950
"(0.9460618398175734, 0.9642857142857144)",1,96.17778892936322,27951
"(0.7672018303915166, 0.9741638006768568)",1,96.17758700258628,27952
"(0.79145763692632, 0.9780571219715956)",1,96.17750851082754,27953
"(0.853187414500684, 0.9775193798449612)",1,96.17742533580297,27954
"(0.8680075424261471, 0.9774943735933984)",1,96.17723676109117,27955
"(0.8680075424261471, 0.9774943735933984)",1,96.17714527789887,27956
"(0.9408601779678556, 0.9586520604621642)",1,96.17712630827454,27957
"(0.7973856209150327, 1.0)",1,96.17705002448916,27958
"(0.7800259083338473, 0.9774943735933984)",1,96.17671760198957,27959
"(0.9391627846790888, 0.9683214285714286)",1,96.17669202912752,27960
"(0.896551724137931, 1.0)",1,96.17658237514154,27961
"(0.9023026315789472, 0.9754464285714284)",1,96.17650742710802,27962
"(0.9563063063063064, 0.9535924585381664)",1,96.17632309209252,27963
"(0.798478835978836, 0.9868055555555556)",1,96.17630927266536,27964
"(0.9302579365079364, 0.9734722222222224)",2,96.17628882226197,27966
"(0.886875511875512, 0.9722222222222222)",1,96.17616852974685,27967
"(0.947088068181818, 1.0)",2,96.17610021634306,27969
"(0.877599715099715, 0.9868055555555556)",1,96.17607536562387,27970
"(0.7971704623878537, 0.9886710239651416)",1,96.17564430274552,27971
"(0.8791954022988505, 0.9734722222222224)",1,96.17500201403044,27972
"(0.9586520604621642, 0.9618138828565136)",1,96.17477507132324,27973
"(0.9586520604621642, 0.9688819909986466)",1,96.17447881868564,27974
"(0.7690274841437632, 0.965497521921464)",1,96.17443720863488,27975
"(0.9618138828565136, 0.9721176108033788)",1,96.17426792517516,27976
"(0.96625, 0.9754464285714284)",1,96.1742530374221,27977
"(0.7664431458036668, 0.9764533429745316)",1,96.17415659034326,27978
"(0.8886775717208655, 0.9648977033360302)",2,96.17404283964784,27980
"(0.8402777777777779, 0.9696969696969696)",1,96.17391661316788,27981
"(0.9023569023569024, 1.0)",1,96.17386149153891,27982
"(0.9743589743589745, 0.9868055555555556)",1,96.17372185823028,27983
"(0.9002103365384615, 0.9754464285714284)",1,96.17363914807444,27984
"(0.8919095971175892, 0.9667774086378738)",1,96.17345597391704,27985
"(0.75036255069858, 0.9723051356441188)",1,96.17345431053675,27986
"(0.8477297895902548, 1.0)",1,96.17340406752967,27987
"(0.8356902356902357, 0.9868055555555556)",1,96.1733817839351,27988
"(0.8429041174227984, 0.9667774086378738)",1,96.17337232421217,27989
"(0.8265700981304325, 0.9667774086378738)",1,96.17322321389116,27990
"(0.8639328063241105, 0.9754464285714284)",1,96.17306569916458,27991
"(0.7524552007669335, 0.97601737392785)",1,96.17296247951256,27992
"(0.9391627846790888, 0.9657079385975222)",1,96.17283575473876,27993
"(0.8240165631469979, 0.9788110478899952)",1,96.1728109457824,27994
"(0.9094344316674038, 0.9606447334368527)",1,96.17280373057484,27995
"(0.5248560962846677, 0.9714285714285714)",1,96.1725879396468,27996
"(0.8755813953488372, 0.9667774086378738)",1,96.17257809686602,27997
"(0.8680075424261471, 0.9667774086378738)",1,96.17244097148937,27998
"(0.9563953488372092, 0.9774943735933984)",1,96.17236019908869,27999
"(0.7840187590187591, 1.0)",1,96.17199185525767,28000
"(0.961342940685046, 0.9643596441509156)",1,96.17180494308909,28001
"(0.8112491373360938, 1.0)",1,96.17172794424349,28002
"(0.9541309523809522, 0.9586520604621642)",1,96.171528274737,28003
"(0.9064516129032258, 0.9754464285714284)",1,96.17147205609,28004
"(0.9003322259136212, 0.9775193798449612)",1,96.17143071974576,28005
"(0.9239488017429196, 0.9586006683375105)",2,96.17123321855652,28007
"(0.9647217861503576, 0.9681338377164)",1,96.17120260211298,28008
"(0.8531211750305999, 0.9774943735933984)",1,96.17111589454574,28009
"(0.8577654071075123, 0.9868055555555556)",1,96.1708568878658,28010
"(0.7241205259313368, 0.9794169322591764)",1,96.17054240531316,28011
"(0.8753306878306878, 0.9748677248677248)",2,96.1705155252229,28013
"(0.8837209302325582, 0.9667774086378738)",1,96.17045345934685,28014
"(0.8535457949758153, 0.9868055555555556)",1,96.1700096020655,28015
"(0.8434846806939831, 0.9546136534133534)",1,96.16995295650632,28016
"(0.7563735307329491, 0.9747085084997308)",1,96.1698157720127,28017
"(0.9571428571428572, 0.9665714285714284)",1,96.1697542172504,28018
"(0.9384353741496598, 0.9606447334368527)",1,96.1696386039434,28019
"(0.8778866735373394, 0.9650363879165252)",1,96.16930123472376,28020
"(0.8487500435828597, 0.9774943735933984)",1,96.16915414182414,28021
"(0.927910199556541, 0.9683214285714286)",1,96.16914630112328,28022
"(0.9259560057540158, 0.9657079385975222)",3,96.16901285391916,28025
"(0.9424323293938236, 0.9775193798449612)",1,96.1689662008374,28026
"(0.952503401360544, 0.9612261904761904)",3,96.16894770251837,28029
"(0.8563074352548036, 0.9734722222222224)",1,96.16893637452628,28030
"(0.8557419333086079, 0.9736054421768708)",1,96.16878867464276,28031
"(0.8217327219128726, 0.9774943735933984)",1,96.1687531801742,28032
"(0.8445548587280515, 0.9770826184337416)",1,96.16825020357302,28033
"(0.9647217861503576, 0.9787811022617652)",1,96.168219646449,28034
"(0.9302579365079364, 0.9748677248677248)",1,96.16809882149644,28035
"(0.9003322259136212, 0.9667774086378738)",1,96.16806976330572,28036
"(0.986574074074074, 0.9734722222222224)",1,96.16804866479848,28037
"(0.8466625966625967, 0.9734722222222224)",1,96.16787961664976,28038
"(0.9579248366013072, 0.9644444444444444)",1,96.16778478752566,28039
"(0.8457575757575757, 0.9868055555555556)",2,96.16776111852684,28041
"(0.7162037037037038, 1.0)",1,96.16733509809092,28042
"(0.9715797169307606, 0.9681338377164)",1,96.16719839409566,28043
"(0.9579966888808584, 0.9643596441509156)",1,96.16707522770017,28044
"(0.9230769230769232, 1.0)",2,96.16703909808156,28046
"(0.8586291309669523, 0.9774943735933984)",1,96.16692509721088,28047
"(0.8837209302325582, 0.965497521921464)",1,96.16664382227684,28048
"(0.9666666666666668, 0.9841269841269842)",1,96.1665192388374,28049
"(0.9649729659305584, 0.9380552220888356)",3,96.16647583315071,28052
"(0.927777350854274, 0.9630672573903032)",1,96.166195733496,28053
"(0.8318452380952381, 0.9868055555555556)",2,96.1661948149284,28055
"(1.0, 1.0)",1,96.1660988769684,28056
"(0.8619951040391676, 0.9424323293938236)",1,96.16591756392512,28057
"(0.8887191358024692, 1.0)",1,96.16573320008423,28058
"(0.9463327370304114, 0.9775193798449612)",1,96.16566229125698,28059
"(0.8837209302325582, 0.9774943735933984)",1,96.16536804582783,28060
"(0.8831064306064307, 1.0)",1,96.16531818780769,28061
"(1.0, 1.0)",2,96.16528759645952,28063
"(0.7956776428149589, 0.9550387596899224)",1,96.1649731196946,28064
"(0.8468468468468467, 1.0)",1,96.16478776913036,28065
"(0.8817204301075269, 0.9841269841269842)",1,96.16475480388624,28066
"(0.8351693186454507, 0.965497521921464)",1,96.16425546861616,28067
"(0.8949640902872777, 0.9667774086378738)",2,96.1640925652538,28069
"(0.8757566103854729, 0.9656943896991196)",1,96.16409220346836,28070
"(0.5177903719627386, 0.976470588235294)",1,96.16397361388724,28071
"(0.9342814048696402, 0.9838235294117648)",1,96.16393699266624,28072
"(0.8338190685778862, 0.9667774086378738)",1,96.16391447094615,28073
"(0.8255813953488372, 0.9774943735933984)",1,96.16348627606229,28074
"(0.7149501661129568, 0.9774943735933984)",1,96.16339079494766,28075
"(0.9643596441509156, 0.9719867434153148)",1,96.16334283824229,28076
"(0.8557419333086079, 0.9618138828565136)",1,96.16269992231788,28077
"(0.8641929499072356, 0.9665714285714284)",1,96.16266446248495,28078
"(0.8890722680670169, 0.9774943735933984)",1,96.1623503711342,28079
"(0.8351693186454507, 0.965497521921464)",1,96.1623107540936,28080
"(0.8680075424261471, 0.9667774086378738)",1,96.1621430161772,28081
"(0.853187414500684, 0.9775193798449612)",1,96.16202567500264,28082
"(0.8964343717284894, 0.971851851851852)",1,96.1619967895607,28083
"(0.7690274841437632, 0.9774943735933984)",2,96.16179347389252,28085
"(0.8945130355728907, 0.9775193798449612)",1,96.16172336289662,28086
"(0.7544006919006919, 1.0)",1,96.16150660003905,28087
"(0.908998988877654, 0.965497521921464)",1,96.1614116611935,28088
"(0.9003322259136212, 0.9667774086378738)",1,96.16122838866649,28089
"(0.8375771604938271, 1.0)",2,96.16105730277104,28091
"(0.9045169946332738, 0.9667774086378738)",2,96.16073752316038,28093
"(0.7987835673811283, 0.9734722222222224)",1,96.16060991509931,28094
"(0.9365750528541228, 0.9774943735933984)",1,96.16059443100816,28095
"(0.8133720930232559, 0.9667774086378738)",1,96.1605090504078,28096
"(0.5248560962846677, 0.9714285714285714)",2,96.16047285273828,28098
"(0.9426994258113802, 0.9625936563436563)",3,96.16047170530211,28101
"(0.8919095971175892, 0.9667774086378738)",2,96.16044041388292,28103
"(0.7423427395649618, 0.9868055555555556)",1,96.16034097285174,28104
"(0.9230769230769232, 1.0)",2,96.160335620563,28106
"(0.9095668859649124, 0.969913169748696)",3,96.1600505641912,28109
"(0.9333333333333332, 0.9841269841269842)",1,96.15986104422548,28110
"(0.7528065463003987, 0.9767359382365074)",4,96.15984408989156,28114
"(0.8757566103854729, 0.9667774086378738)",1,96.15979840007894,28115
"(0.7523675141216907, 0.9780875580610252)",1,96.15971399159048,28116
"(0.8031631097560976, 0.9748677248677248)",1,96.15961666511582,28117
"(0.911687675070028, 0.9773420479302832)",1,96.15919164786088,28118
"(0.7967201500483234, 0.9825319426526432)",6,96.15918353067894,28124
"(0.9391627846790888, 0.9665714285714284)",1,96.15917942302548,28125
"(0.932852564102564, 1.0)",1,96.1589931709863,28126
"(0.92834931896816, 0.9667774086378738)",1,96.15890226979334,28127
"(0.9428823795600112, 0.9825319426526432)",1,96.15888862584056,28128
"(0.9019607843137254, 1.0)",1,96.15880163275504,28129
"(0.8582837837837838, 0.9754464285714284)",2,96.1588013263094,28131
"(0.8887419165196943, 0.9734722222222224)",2,96.15865489316568,28133
"(0.8282752506308395, 0.9667774086378738)",1,96.15837959206128,28134
"(0.8837209302325582, 0.9774943735933984)",1,96.15797948478388,28135
"(0.8919095971175892, 0.9667774086378738)",1,96.15770687289788,28136
"(0.8965217391304348, 0.9734722222222224)",1,96.1576617137046,28137
"(0.9447018709564609, 0.9774943735933984)",1,96.1576429206918,28138
"(0.8901960784313724, 0.9380552220888356)",1,96.15753703563333,28139
"(0.8919095971175892, 0.9667774086378738)",1,96.15746709876694,28140
"(0.8872598584428717, 0.9667774086378738)",1,96.1573900657922,28141
"(0.8831064306064307, 0.9868055555555556)",1,96.1572944858864,28142
"(0.813859649122807, 0.9743589743589745)",1,96.15723901560553,28143
"(0.926045751633987, 0.9739780415090012)",1,96.1571965918306,28144
"(0.9541062801932368, 0.9734722222222224)",2,96.15715835588648,28146
"(0.9563063063063064, 0.9665714285714284)",1,96.15715038793984,28147
"(0.9047619047619048, 0.9841269841269842)",1,96.15682962024438,28148
"(0.8467473884140551, 0.9722222222222222)",1,96.15640879573304,28149
"(0.9354509320175438, 0.9825319426526432)",1,96.15608695176792,28150
"(0.8424947145877378, 0.9667774086378738)",1,96.15604175158202,28151
"(0.9696969696969696, 0.9841269841269842)",2,96.15583119659654,28153
"(0.7496650452295612, 0.9866666666666666)",1,96.15574587847868,28154
"(0.9365750528541228, 0.965497521921464)",1,96.1556167465566,28155
"(0.9678608196882048, 0.9606615844690656)",1,96.15543881069485,28156
"(0.8680075424261471, 0.9667774086378738)",2,96.1554163333666,28158
"(0.8586291309669523, 0.9774943735933984)",1,96.15513637608947,28159
"(0.7232797675460064, 0.9767441860465116)",1,96.15462631219866,28160
"(0.8494949494949495, 0.9868055555555556)",1,96.15458816463602,28161
"(0.7840187590187591, 1.0)",2,96.15456513083282,28163
"(0.7294483504597079, 0.965497521921464)",1,96.1542772858748,28164
"(0.8680075424261471, 0.9667774086378738)",1,96.15395779987408,28165
"(0.9647217861503576, 0.9785754927860192)",1,96.15360735170964,28166
"(0.8550387596899225, 0.9775193798449612)",1,96.1535694396582,28167
"(0.93916595083917, 0.9665714285714284)",1,96.15343412743854,28168
"(0.8527777777777779, 1.0)",1,96.15330665347416,28169
"(0.950700596776178, 0.9727638167328804)",2,96.15327566689056,28171
"(0.7932875667429443, 0.9913490623109498)",1,96.15324616202948,28172
"(0.9189473684210526, 0.9753376906318082)",1,96.15301795344664,28173
"(0.8946752284039163, 0.9650363879165252)",1,96.15299751025144,28174
"(0.7971704623878537, 0.9886710239651416)",1,96.15273874851688,28175
"(0.8827565726955972, 0.9635619016637234)",1,96.1527340790729,28176
"(0.8870067649538378, 0.9667774086378738)",1,96.15222927807544,28177
"(0.908998988877654, 0.9563953488372092)",1,96.15199770335052,28178
"(0.95, 0.9657079385975222)",1,96.15183542024188,28179
"(0.934274781341108, 0.9643596441509156)",1,96.15152728548414,28180
"(0.8396845307996157, 0.9780571219715956)",1,96.15129348103058,28181
"(0.9657079385975222, 0.9715797169307606)",1,96.15121025358302,28182
"(0.9391627846790888, 0.9612261904761904)",1,96.1510093747349,28183
"(0.8946441155743481, 0.9550387596899224)",1,96.1509997988116,28184
"(0.9541062801932368, 0.9734722222222224)",1,96.15089374446796,28185
"(0.9618138828565136, 0.9713960577118472)",1,96.15068493207409,28186
"(0.498048399687744, 0.9774943735933984)",1,96.15032906870044,28187
"(0.8316355404640634, 0.9692634363686996)",3,96.15015644665624,28190
"(0.8680075424261471, 0.9774943735933984)",2,96.15008562361466,28192
"(0.9366629231646204, 0.9555491383616382)",1,96.14982196168845,28193
"(0.958531746031746, 1.0)",2,96.14975797576012,28195
"(0.8428739632573199, 0.9722222222222222)",1,96.14958255625189,28196
"(0.6790332474543002, 0.9692634363686996)",3,96.149569921551,28199
"(0.9384353741496598, 0.9713960577118472)",1,96.14931591549052,28200
"(0.97718610251118, 0.988425925925926)",2,96.1492097701828,28202
"(0.8186504754267384, 0.9774943735933984)",1,96.14909474718569,28203
"(0.8707729468599035, 0.9734722222222224)",1,96.14905105219027,28204
"(0.9882352941176472, 0.8618595825426945)",1,96.14893131931834,28205
"(0.9841269841269842, 1.0)",1,96.14885713066649,28206
"(0.919687006945461, 0.9734722222222224)",2,96.14869510072477,28208
"(0.8487390350877192, 0.9605856647968066)",3,96.14865623227467,28211
"(0.9571395713710704, 0.9645607615220874)",1,96.14841285664164,28212
"(0.8522222222222222, 0.9868055555555556)",1,96.14836808336828,28213
"(0.913656690746474, 0.9694279341856143)",1,96.14827109860694,28214
"(0.9040106023792244, 0.9774943735933984)",1,96.14826085179747,28215
"(0.9462631140307872, 0.9612261904761904)",2,96.14768207609816,28217
"(0.8483812129502963, 0.9767441860465116)",1,96.14758825110546,28218
"(0.8604651162790697, 0.965497521921464)",1,96.1474920243472,28219
"(0.8837244897959183, 0.9727638167328804)",1,96.14740249955054,28220
"(0.9045169946332738, 0.9667774086378738)",2,96.14731975015324,28222
"(0.8680075424261471, 0.9667774086378738)",1,96.14729001596172,28223
"(0.8748472964943552, 0.9744107744107744)",1,96.14706293667196,28224
"(0.9625936563436563, 0.9650363879165252)",1,96.14689655092228,28225
"(0.9226705733973176, 0.9625936563436563)",1,96.14670638240186,28226
"(0.8872598584428717, 0.9563953488372092)",1,96.14665589553348,28227
"(0.8666060577471494, 0.965497521921464)",1,96.14628989561632,28228
"(0.9450706646294882, 0.9612261904761904)",5,96.14616654758184,28233
"(0.8967236467236468, 0.9866666666666666)",1,96.14590691735656,28234
"(0.8429041174227984, 0.9667774086378738)",1,96.14585427547088,28235
"(0.754666973475023, 0.9737318194058054)",1,96.14583300386494,28236
"(0.7581817508517257, 0.9937784781643968)",1,96.14581849349187,28237
"(0.8786453242098404, 0.9866666666666666)",1,96.1457083159563,28238
"(0.8832069892473118, 0.9767241379310344)",4,96.14564178568504,28242
"(0.8424947145877378, 0.9667774086378738)",1,96.14559938068518,28243
"(0.9606447334368527, 0.9642166226376752)",1,96.14541954072322,28244
"(0.8870067649538378, 0.9667774086378738)",1,96.14532513571112,28245
"(0.7962242261245582, 0.965497521921464)",1,96.1452228819322,28246
"(0.847123015873016, 0.9743589743589745)",2,96.14508115350311,28248
"(0.8967236467236468, 0.9866666666666666)",1,96.14502340756825,28249
"(0.8396845307996157, 0.9780571219715956)",1,96.14488020055224,28250
"(0.8129898303922073, 0.986574074074074)",1,96.14487842048672,28251
"(0.927910199556541, 0.960607978267748)",1,96.14486916189914,28252
"(0.7800259083338473, 0.9774943735933984)",1,96.14485026174138,28253
"(0.6790332474543002, 0.9648977033360302)",3,96.14474445854638,28256
"(0.8731196908559524, 0.9825319426526432)",1,96.14473967657946,28257
"(0.8429041174227984, 0.9667774086378738)",1,96.1447385814113,28258
"(0.8328664799253034, 0.964953697665319)",1,96.14462283543574,28259
"(0.9612261904761904, 0.9650363879165252)",3,96.14437736493603,28262
"(0.918078605068401, 0.9618138828565136)",2,96.14434825044891,28264
"(0.8467473884140551, 0.9866666666666666)",1,96.14368307836052,28265
"(0.9589484126984128, 1.0)",1,96.14365924861028,28266
"(0.9592592592592591, 1.0)",1,96.14347728761004,28267
"(0.95474577471438, 0.9595374149659864)",1,96.14341446926764,28268
"(0.8881381381381382, 0.9748677248677248)",1,96.14322297807512,28269
"(0.9408668730650154, 0.9913490623109498)",1,96.14317458644076,28270
"(0.8919095971175892, 0.9667774086378738)",1,96.14304008305008,28271
"(0.8870067649538378, 0.9667774086378738)",1,96.14282921322248,28272
"(0.9044642857142856, 0.9574505911522484)",1,96.14265844975232,28273
"(0.8890863872430693, 0.9650363879165252)",1,96.14261830882698,28274
"(0.9612261904761904, 0.9750869028930254)",3,96.14261445723956,28277
"(0.7973166368515204, 0.965497521921464)",1,96.14254079428714,28278
"(0.9308485656257932, 0.9608348284368692)",1,96.1424095271977,28279
"(0.8956505897276728, 0.9657079385975222)",1,96.14235738740568,28280
"(0.8837209302325582, 0.9667774086378738)",1,96.1423546363023,28281
"(0.9226438267614736, 0.9625936563436563)",1,96.14226416517548,28282
"(0.9216927182615324, 0.9546136534133534)",1,96.14217573168456,28283
"(0.92710864283235, 0.9774943735933984)",2,96.14215619283372,28285
"(0.8265700981304325, 0.9667774086378738)",1,96.14212212567296,28286
"(0.9363885088919288, 0.9667774086378738)",1,96.14173803128404,28287
"(0.8887419165196943, 0.9734722222222224)",1,96.14170386025047,28288
"(0.7365451388888888, 0.9748677248677248)",1,96.14167578827262,28289
"(0.8531211750305999, 0.9774943735933984)",1,96.14162702346523,28290
"(0.8858975827700768, 0.9885627144491042)",1,96.1413359362176,28291
"(0.9579966888808584, 0.9719867434153148)",1,96.14124033466804,28292
"(0.8761478039606152, 0.9575114377859448)",1,96.14091164904087,28293
"(0.930071105365223, 0.9650363879165252)",3,96.1408833766321,28296
"(0.875, 0.9841269841269842)",1,96.14080536488083,28297
"(0.9428571428571428, 0.9625936563436563)",1,96.14075367336808,28298
"(0.9002770083102493, 0.9692634363686996)",2,96.1404164344903,28300
"(0.7951423097974822, 0.9734722222222224)",1,96.14018726338784,28301
"(0.9725925925925926, 0.9882352941176472)",1,96.1401748989575,28302
"(0.8968384502923977, 0.9736842105263158)",1,96.14010284798545,28303
"(0.9408601779678556, 0.9612261904761904)",1,96.13999192509584,28304
"(0.8704970635597233, 0.9748677248677248)",2,96.13987042311685,28306
"(0.8271652864044169, 1.0)",1,96.13982282598936,28307
"(0.8857001484413657, 0.9885627144491042)",2,96.13977867563784,28309
"(0.7518810204481623, 0.97736493813434)",1,96.13958251385864,28310
"(0.9384353741496598, 0.9678608196882048)",1,96.13951873235828,28311
"(0.9226438267614736, 0.9688819909986466)",3,96.139502799991,28314
"(0.8788323569411767, 0.98711247296323)",1,96.13947926027532,28315
"(0.5951421188630491, 1.0)",1,96.13930261119538,28316
"(0.9610902822667527, 0.996078431372549)",1,96.13925318407811,28317
"(0.9635619016637234, 0.9665714285714284)",1,96.13925114656612,28318
"(0.9235349105085948, 0.9847117794486216)",1,96.13879371612686,28319
"(0.8932369004949651, 0.9868055555555556)",2,96.13876077291178,28321
"(0.9214340198321892, 1.0)",1,96.1387571764357,28322
"(0.944540304191448, 0.9612261904761904)",1,96.13871179477168,28323
"(0.8557419333086079, 0.9657079385975222)",1,96.1386549072522,28324
"(0.8428739632573199, 0.9722222222222222)",1,96.1385987540541,28325
"(0.8927951388888888, 0.9866666666666666)",2,96.13858740582276,28327
"(0.927777350854274, 0.960414372935642)",1,96.13849418923662,28328
"(0.9363885088919288, 0.9667774086378738)",1,96.13842205802554,28329
"(0.9426783174151596, 0.9798196948682386)",1,96.13840727880516,28330
"(0.9460618398175734, 0.9716709318919264)",2,96.13837684757728,28332
"(0.9647156084656086, 0.9650363879165252)",2,96.1381992612296,28334
"(0.8908246225319396, 0.9612261904761904)",1,96.13796128071849,28335
"(0.9429269143554856, 0.9688819909986466)",3,96.1379189670412,28338
"(0.8956887573811897, 0.9750557033113794)",1,96.1377508805925,28339
"(0.8338190685778862, 0.9667774086378738)",1,96.13774024609371,28340
"(0.9426994258113802, 0.9650363879165252)",1,96.13767512517823,28341
"(0.9027777777777778, 0.9734722222222224)",2,96.1376410490913,28343
"(0.8204161317928969, 0.9692634363686996)",2,96.1376309283492,28345
"(0.8587799123693967, 0.9774943735933984)",1,96.13761568040098,28346
"(0.9104761904761904, 0.9868055555555556)",1,96.13759068297657,28347
"(0.8586291309669523, 0.9774943735933984)",1,96.13757730332848,28348
"(0.8927951388888888, 0.9866666666666666)",1,96.13744882267476,28349
"(0.8318452380952381, 0.9866666666666666)",1,96.13743513436008,28350
"(0.8729235880398671, 0.9774943735933984)",4,96.13722652192578,28354
"(0.9214457417582416, 0.954682426948052)",1,96.13692876741518,28355
"(0.9534840838509316, 0.9657079385975222)",1,96.13687112797952,28356
"(0.740829346092504, 1.0)",1,96.13675714390482,28357
"(0.947860476880274, 0.9714285714285714)",1,96.13670183977528,28358
"(0.9384803921568629, 0.996078431372549)",1,96.13666854307758,28359
"(0.91243961352657, 0.9866666666666666)",1,96.13665791721236,28360
"(0.9647217861503576, 0.9785754927860192)",1,96.1365443667033,28361
"(0.8872598584428717, 0.9667774086378738)",2,96.1364111528764,28363
"(0.809724025974026, 0.9754464285714284)",1,96.1361042712972,28364
"(0.95, 0.9665714285714284)",1,96.135948427965,28365
"(0.9154678277085488, 0.9645607615220874)",1,96.13584578302051,28366
"(0.8731060606060606, 1.0)",1,96.13582937856702,28367
"(0.8946752284039163, 0.9586520604621642)",1,96.13575686756036,28368
"(0.9886710239651416, 0.9882352941176472)",1,96.13575462758762,28369
"(0.9618138828565136, 0.9749660326086956)",1,96.13570516550422,28370
"(0.9390638788116482, 0.9618138828565136)",1,96.1352580065048,28371
"(0.876818777829583, 0.969913169748696)",4,96.13508184343472,28375
"(0.8857001484413657, 1.0)",1,96.13490710971703,28376
"(0.9074804011737396, 0.9774943735933984)",4,96.13476058920976,28380
"(0.916550925925926, 0.9868055555555556)",1,96.13472984272258,28381
"(0.8650226969848408, 0.9734722222222224)",1,96.13466856843873,28382
"(0.92834931896816, 0.9667774086378738)",1,96.1345747593443,28383
"(0.8837209302325582, 0.9667774086378738)",2,96.13441327398928,28385
"(0.5960561819552873, 0.9780571219715956)",1,96.13438929929433,28386
"(0.8757566103854729, 0.9667774086378738)",1,96.1340261147827,28387
"(0.908998988877654, 0.9667774086378738)",2,96.13375453429,28389
"(0.8707729468599035, 0.9734722222222224)",1,96.13368181062052,28390
"(0.9202508960573476, 0.9868055555555556)",1,96.13347452362598,28391
"(0.986574074074074, 0.9734722222222224)",2,96.13347375385032,28393
"(0.9003322259136212, 0.9667774086378738)",1,96.13345256321853,28394
"(0.9374844260560896, 0.9683214285714286)",1,96.13322119904362,28395
"(0.8956505897276728, 0.9574505911522484)",1,96.13304019828226,28396
"(0.8887419165196943, 0.9734722222222224)",4,96.13285946795948,28400
"(0.8423371647509579, 1.0)",1,96.13272164144648,28401
"(0.7365451388888888, 0.9748677248677248)",1,96.13261392234833,28402
"(0.7524552007669335, 0.9738931509897684)",1,96.13257169977206,28403
"(0.8604651162790697, 0.9667774086378738)",1,96.13236126655366,28404
"(0.8731060606060606, 0.9743589743589745)",1,96.13235510270304,28405
"(0.912041847041847, 0.9573622782446312)",2,96.13228964896904,28407
"(0.81878722576397, 0.9667774086378738)",1,96.13220636391188,28408
"(0.9570332480818412, 0.9670076726342712)",1,96.13219993238432,28409
"(0.9363885088919288, 0.9667774086378738)",2,96.13201942559937,28411
"(0.8424947145877378, 0.9667774086378738)",1,96.13190598296764,28412
"(0.9579966888808584, 0.9653109846797712)",2,96.13179699375104,28414
"(0.908998988877654, 0.9667774086378738)",1,96.13167516182368,28415
"(0.9333333333333332, 1.0)",1,96.13141348363392,28416
"(0.8584010840108401, 0.9868055555555556)",1,96.13140208505978,28417
"(0.908998988877654, 0.9774943735933984)",1,96.13131100454612,28418
"(0.9529411764705882, 0.9473039215686276)",1,96.1312723619459,28419
"(0.943792719255964, 0.9612261904761904)",1,96.13121545052296,28420
"(0.9045169946332738, 0.9667774086378738)",1,96.13120474323446,28421
"(0.8705290357677138, 0.9774943735933984)",1,96.13095887024554,28422
"(0.8179251985756162, 0.9648977033360302)",1,96.13090923146528,28423
"(0.9586520604621642, 0.9574505911522484)",5,96.13089112427387,28428
"(0.8870067649538378, 0.9667774086378738)",1,96.1308811202201,28429
"(0.9534840838509316, 0.9688819909986466)",1,96.13078529578976,28430
"(0.9508739421428176, 0.9625936563436563)",1,96.13077658440272,28431
"(0.8101851851851852, 0.9825319426526432)",5,96.13061516618758,28436
"(0.8956505897276728, 0.9688819909986466)",3,96.1305377539474,28439
"(0.8872598584428717, 0.9667774086378738)",1,96.13048182673528,28440
"(0.9541309523809522, 0.9657079385975222)",1,96.1304071033942,28441
"(0.905391505636071, 0.9866666666666666)",1,96.13023817521363,28442
"(0.9090630853183156, 0.9719699280495432)",1,96.13018459767072,28443
"(0.909209656084656, 1.0)",1,96.12985227149537,28444
"(0.8527777777777779, 0.9743589743589745)",1,96.12982079182072,28445
"(0.93916595083917, 0.9574505911522484)",1,96.12981742483367,28446
"(0.7936975898313424, 0.9756896633141126)",1,96.12962714785829,28447
"(0.875, 0.9841269841269842)",1,96.12939901032662,28448
"(0.9647217861503576, 0.9716709318919264)",1,96.1293711568629,28449
"(0.7971704623878537, 0.9882352941176472)",1,96.1290496950909,28450
"(0.9645607615220874, 0.9679608656649474)",1,96.1288741103937,28451
"(0.9754901960784312, 0.996078431372549)",1,96.12875874653484,28452
"(0.8960328317373462, 0.9774943735933984)",1,96.12859287178526,28453
"(0.9206349206349206, 1.0)",1,96.12854964749404,28454
"(0.8604651162790697, 0.9774943735933984)",1,96.12847814974558,28455
"(0.8960328317373462, 0.9775193798449612)",2,96.1283456381064,28457
"(0.952503401360544, 0.9574505911522484)",1,96.12818131596477,28458
"(0.8170400723750731, 0.9774943735933984)",1,96.12809912416562,28459
"(0.9618138828565136, 0.9657079385975222)",1,96.12806554471156,28460
"(0.9426994258113802, 0.9650363879165252)",3,96.12798256906726,28463
"(0.9332863195363196, 0.9696022294316472)",1,96.12788516916892,28464
"(0.8871135017314419, 1.0)",1,96.12771707832958,28465
"(0.8494949494949495, 0.9583928571428572)",1,96.12755426543436,28466
"(0.8186504754267384, 0.9774943735933984)",1,96.12725655200416,28467
"(0.96687615217027, 0.9886710239651416)",1,96.1271643505189,28468
"(0.8518518518518519, 0.9841269841269842)",1,96.1269179008776,28469
"(0.9555491383616382, 0.9618138828565136)",1,96.12641342880391,28470
"(0.7232797675460064, 0.9774943735933984)",1,96.1260922237946,28471
"(0.9333333333333332, 0.9841269841269842)",1,96.12606524176287,28472
"(0.905649630541872, 0.9754464285714284)",1,96.12605626093055,28473
"(0.875869740093878, 0.9734722222222224)",1,96.12595406091866,28474
"(0.9542023172905526, 0.9610774410774412)",1,96.12593868480516,28475
"(0.984313725490196, 0.9866666666666668)",1,96.12543333556286,28476
"(0.8535457949758153, 0.9748677248677248)",1,96.12540968570946,28477
"(0.9565375499581746, 0.97595009914078)",2,96.12536822114318,28479
"(0.9450706646294882, 0.9612261904761904)",3,96.12515951309176,28482
"(0.925553613053613, 0.9722222222222222)",1,96.1251296424872,28483
"(0.8031631097560976, 0.9868055555555556)",1,96.12510765296254,28484
"(0.8590027258042806, 0.9648977033360302)",2,96.12500772871124,28486
"(0.8814236111111111, 0.9734722222222224)",1,96.12466459993168,28487
"(0.9618138828565136, 0.9665714285714284)",1,96.12466004036328,28488
"(0.585140176021449, 0.9825319426526432)",5,96.1245082958512,28493
"(0.9154678277085488, 0.9657079385975222)",2,96.12434165886722,28495
"(0.9222222222222224, 0.9763834422657952)",1,96.1243291699826,28496
"(0.9351600241545894, 0.9729166666666668)",1,96.1240463659166,28497
"(0.9391627846790888, 0.9696381743256742)",1,96.1240393604825,28498
"(0.8886775717208655, 0.9736842105263158)",1,96.12387727910858,28499
"(0.942961408510189, 0.9642166226376752)",1,96.12381325412277,28500
"(0.946764828738513, 0.9798196948682386)",2,96.123733196806,28502
"(0.950682393081946, 0.9785754927860192)",1,96.12371707370583,28503
"(0.8798869668155956, 0.9667774086378738)",1,96.1234977862927,28504
"(0.9774943735933984, 0.9667774086378738)",2,96.1234792046121,28506
"(0.8375522452041583, 0.9546136534133534)",1,96.12344863818964,28507
"(0.8271323663565043, 0.9868055555555556)",1,96.12331869352218,28508
"(0.9541309523809522, 0.9579551650296714)",1,96.12313847107524,28509
"(0.942961408510189, 0.9750869028930254)",1,96.12285860516926,28510
"(0.9408601779678556, 0.9683214285714286)",1,96.12261473042764,28511
"(0.8680075424261471, 0.9767441860465116)",1,96.12253120204684,28512
"(0.8791954022988505, 0.9734722222222224)",1,96.12247830052355,28513
"(0.9521531100478468, 1.0)",1,96.12236749086942,28514
"(0.7729653996101365, 0.9577759872287582)",1,96.1221868361211,28515
"(0.9571428571428572, 0.9595374149659864)",1,96.1221805567558,28516
"(0.8822954822954823, 1.0)",2,96.12190758901048,28518
"(0.8997086999609598, 0.9647217861503576)",1,96.12190671464144,28519
"(0.9595374149659864, 0.9665714285714284)",1,96.12131560488795,28520
"(0.746242875851373, 0.9751211536458476)",1,96.12107316436122,28521
"(0.9154678277085488, 0.9618138828565136)",1,96.12089714386936,28522
"(0.950682393081946, 0.9749660326086956)",1,96.12088294158283,28523
"(0.8582837837837838, 0.9754464285714284)",1,96.12071961553856,28524
"(0.7413014722797331, 0.9866666666666666)",1,96.12063930459048,28525
"(0.875, 1.0)",1,96.12059862650752,28526
"(0.8787790697674417, 0.9552772808586762)",1,96.12054645353015,28527
"(0.9579966888808584, 0.9716709318919264)",1,96.12051181332812,28528
"(0.942488846547077, 0.9635619016637234)",1,96.12034343522753,28529
"(0.5223765432098765, 0.9868055555555556)",1,96.12033998330404,28530
"(0.9125701913010372, 0.9913490623109498)",3,96.12029143826024,28533
"(0.9374844260560896, 0.9645607615220874)",1,96.1202670168638,28534
"(0.8955165692007796, 0.9694095827515072)",1,96.12016496436488,28535
"(0.9522158577027434, 0.9657451923076924)",1,96.12013091897424,28536
"(0.952503401360544, 0.9665714285714284)",1,96.1201045942458,28537
"(0.8527777777777779, 1.0)",1,96.12000036136293,28538
"(0.8836091234347048, 0.9563953488372092)",1,96.1198746925633,28539
"(0.5021558214743651, 0.9754388487409668)",1,96.1197810028778,28540
"(0.8926559394175094, 0.9692634363686996)",2,96.1196512442057,28542
"(0.7365451388888888, 0.9748677248677248)",1,96.11950329763027,28543
"(0.9135802469135802, 0.9841269841269842)",1,96.11930086682204,28544
"(0.8707729468599035, 0.9734722222222224)",1,96.11897057923014,28545
"(0.9397665508331108, 0.9546136534133534)",1,96.11879196412838,28546
"(0.8817204301075269, 1.0)",1,96.11876616743206,28547
"(0.925553613053613, 0.9868055555555556)",2,96.11859808550788,28549
"(0.7162037037037038, 1.0)",1,96.11837168740176,28550
"(0.9674603174603176, 1.0)",1,96.11833840434888,28551
"(0.794285714285714, 0.9667774086378738)",1,96.11816076192622,28552
"(0.954682426948052, 0.9608348284368692)",1,96.11806046924856,28553
"(0.904439990281827, 0.9650363879165252)",1,96.11796646815245,28554
"(0.8765565134099617, 0.9866666666666666)",1,96.11791461821386,28555
"(0.9447018709564609, 0.9774943735933984)",1,96.11770821176977,28556
"(0.8813339438339438, 0.9868055555555556)",2,96.11767081411652,28558
"(0.9541062801932368, 0.9734722222222224)",1,96.11758282472664,28559
"(0.8750051440329217, 0.9734722222222224)",1,96.1175207042112,28560
"(0.8440126050420167, 0.9866666666666666)",1,96.11737959303532,28561
"(0.905151943324208, 0.9608348284368692)",3,96.11721782333336,28564
"(0.9264176245210728, 1.0)",1,96.11715147323396,28565
"(0.9696969696969696, 1.0)",1,96.11699261699262,28566
"(0.9406095584301136, 0.9665714285714284)",1,96.11691368354148,28567
"(0.8671417195826613, 0.9667774086378738)",2,96.11686730038411,28569
"(0.7025855842842699, 0.9667774086378738)",1,96.11677872721646,28570
"(0.8402777777777779, 1.0)",2,96.11673437835718,28572
"(0.8837209302325582, 0.9774943735933984)",1,96.11672831223382,28573
"(0.8550387596899225, 0.9775193798449612)",1,96.11668032613984,28574
"(0.8473809523809523, 0.9638392857142858)",1,96.11650432910416,28575
"(0.919687006945461, 0.9734722222222224)",1,96.11636884966713,28576
"(0.8264589732338745, 0.9775193798449612)",1,96.1162326028,28577
"(0.7633014441837972, 0.9732469120704416)",1,96.11620316943596,28578
"(0.8890722680670169, 0.9774943735933984)",1,96.11615598130535,28579
"(0.9092261904761906, 0.9734722222222224)",2,96.11602365989924,28581
"(0.833064949006978, 1.0)",1,96.11601895668063,28582
"(0.9595374149659864, 0.9688819909986466)",1,96.1160069528214,28583
"(0.8498168498168498, 0.9841269841269842)",1,96.11589708146954,28584
"(0.9428571428571428, 0.9574505911522484)",6,96.11579979143684,28590
"(0.7413014722797331, 0.9866666666666666)",2,96.11560486078916,28592
"(0.8627653708298868, 0.9734722222222224)",1,96.115598179557,28593
"(0.7149501661129568, 0.9774943735933984)",1,96.11554027944372,28594
"(0.7502192108591691, 0.9761455962717088)",1,96.11533955305306,28595
"(0.9595374149659864, 0.9688819909986466)",1,96.1152607658434,28596
"(0.7973166368515204, 0.965497521921464)",1,96.11524819255376,28597
"(0.9070844099913866, 0.9774943735933984)",1,96.1152359977147,28598
"(0.8729166666666666, 1.0)",1,96.11523475489682,28599
"(0.5223765432098765, 0.9866666666666666)",1,96.11521728783796,28600
"(0.7566647759500852, 0.9767441860465116)",1,96.1152095513108,28601
"(0.961342940685046, 0.9608348284368692)",1,96.1151968302603,28602
"(0.9224211423699916, 1.0)",1,96.11512368760498,28603
"(0.8046935824713601, 1.0)",1,96.11503749012292,28604
"(0.9428823795600112, 0.9747439067467324)",1,96.11502252163848,28605
"(0.9534840838509316, 0.9665714285714284)",1,96.11498369302568,28606
"(0.8281746031746032, 1.0)",2,96.11496146178877,28608
"(0.9565217391304348, 0.9841269841269842)",1,96.11483562409248,28609
"(0.8887419165196943, 0.9734722222222224)",1,96.11465748153056,28610
"(0.905151943324208, 0.9645607615220874)",1,96.11461518163988,28611
"(0.9003322259136212, 0.9774943735933984)",1,96.11460859650126,28612
"(0.9696969696969696, 1.0)",1,96.11444179127103,28613
"(0.8965217391304348, 0.9866666666666666)",1,96.1143405267198,28614
"(0.9023809523809524, 1.0)",1,96.11424904462817,28615
"(0.8666060577471494, 0.9774943735933984)",1,96.11386739881333,28616
"(0.8946441155743481, 0.9550387596899224)",1,96.11385341975028,28617
"(0.9194577352472088, 1.0)",1,96.1138361551794,28618
"(0.8604651162790697, 0.9667774086378738)",1,96.11368731223703,28619
"(0.9407729468599032, 0.9868055555555556)",1,96.11361857104136,28620
"(0.8882535288785288, 0.9743589743589745)",1,96.11356152402348,28621
"(0.832288597755908, 0.9774943735933984)",1,96.11353626067276,28622
"(0.950700596776178, 0.9650363879165252)",1,96.11348605246738,28623
"(0.847123015873016, 0.9523809523809524)",1,96.1134807143995,28624
"(0.8761348091033453, 0.9774943735933984)",2,96.11346724023652,28626
"(0.8072002923976609, 0.9740643495864882)",1,96.11343389022043,28627
"(0.8680075424261471, 0.9667774086378738)",1,96.11319420656744,28628
"(0.8983081723027375, 0.9748677248677248)",2,96.11289484431336,28630
"(0.8322048866647042, 0.965497521921464)",1,96.11285876336748,28631
"(0.9452536570183628, 0.996078431372549)",1,96.11285521390091,28632
"(0.8255047951711248, 0.9767441860465116)",1,96.11271556474024,28633
"(0.8186504754267384, 0.9774943735933984)",2,96.11268342586168,28635
"(0.8966408268733851, 0.9667774086378738)",1,96.1125817445947,28636
"(0.9428571428571428, 0.9612261904761904)",1,96.1125763775824,28637
"(0.8965217391304348, 0.9734722222222224)",1,96.1124091501908,28638
"(0.8827565726955972, 0.9625936563436563)",4,96.11238543891962,28642
"(0.9678608196882048, 0.9715797169307606)",1,96.11198895678122,28643
"(0.8457446808510638, 0.9868055555555556)",1,96.11188407485878,28644
"(0.8305168558651531, 0.9868055555555556)",1,96.11168878036008,28645
"(0.9094344316674038, 0.9618138828565136)",1,96.1116637047967,28646
"(0.8133720930232559, 0.9667774086378738)",1,96.11165814006915,28647
"(0.9618138828565136, 0.9618138828565136)",1,96.11160071300854,28648
"(0.9704892057833234, 0.7891859774212715)",1,96.11134785961602,28649
"(0.8915343915343915, 0.9868055555555556)",1,96.11134556439586,28650
"(0.8634436934356743, 0.9774943735933984)",1,96.11125240873436,28651
"(0.8520449077786689, 1.0)",2,96.11107026925714,28653
"(0.8457446808510638, 0.9748677248677248)",1,96.11105786512344,28654
"(0.9618138828565136, 0.9612261904761904)",6,96.1109287590524,28660
"(0.907908163265306, 0.9750869028930254)",1,96.11087475218751,28661
"(0.9589484126984128, 1.0)",1,96.11078320891812,28662
"(0.8379287658123746, 0.9630672573903032)",1,96.11032554212522,28663
"(0.657266349012065, 0.9825319426526432)",3,96.1102518573151,28666
"(0.9407679738562092, 0.9748677248677248)",1,96.10967715791834,28667
"(0.5038436333977088, 0.983828633303958)",1,96.10941571369096,28668
"(0.7598733131502533, 0.9767495768970462)",1,96.10933900452444,28669
"(0.8584010840108401, 0.9868055555555556)",1,96.10918689790874,28670
"(0.954682426948052, 0.9642857142857144)",3,96.10906879300326,28673
"(0.8738126483317046, 0.9738562091503268)",1,96.1088840053934,28674
"(0.9224211423699916, 1.0)",1,96.10872663416411,28675
"(0.8974472807991122, 0.9885026737967916)",1,96.10841853641634,28676
"(0.931377923976608, 0.9571415605540404)",1,96.10835582800296,28677
"(0.8885119047619048, 0.9734722222222224)",1,96.10827422590977,28678
"(0.8186504754267384, 0.9774943735933984)",1,96.1082578540924,28679
"(0.8467473884140551, 0.9734722222222224)",1,96.10801717332733,28680
"(0.9565217391304348, 1.0)",1,96.1079104003368,28681
"(0.9044642857142856, 0.9612261904761904)",6,96.1078073532766,28687
"(0.9233333333333332, 0.9868055555555556)",4,96.10768841134744,28691
"(0.8557504873294346, 0.9649122807017544)",3,96.1076238615438,28694
"(0.9430755736638088, 0.9838235294117648)",2,96.10740817107828,28696
"(0.986574074074074, 0.9734722222222224)",1,96.10690014206422,28697
"(0.9570371875635032, 0.951596182326806)",1,96.10674324267434,28698
"(0.9247680199941508, 0.9574505911522484)",3,96.10649421297286,28701
"(0.8683241252302025, 0.969913169748696)",3,96.106253085653,28704
"(0.9508739421428176, 0.9683214285714286)",1,96.10621766422,28705
"(0.8393969239599776, 0.9635619016637234)",1,96.10582807148184,28706
"(0.7723005972326344, 0.9777871326875917)",1,96.10582433085727,28707
"(0.8332521117608837, 1.0)",1,96.10570954696146,28708
"(0.9039356295878036, 0.9650363879165252)",2,96.10567586867204,28710
"(0.8919095971175892, 0.9667774086378738)",1,96.10560339754812,28711
"(0.8531211750305999, 0.9774943735933984)",1,96.10538550696168,28712
"(0.8531211750305999, 0.9774943735933984)",2,96.10512868170518,28714
"(0.8799035686171609, 0.9625936563436563)",1,96.10506390256008,28715
"(0.8680075424261471, 0.9667774086378738)",1,96.1049177747446,28716
"(0.9035155195681512, 0.9762838468720824)",1,96.1048480649319,28717
"(0.8960328317373462, 0.9775193798449612)",1,96.10416967929318,28718
"(0.8738126483317046, 0.977777777777778)",1,96.10402075546824,28719
"(0.8783023852657005, 0.9866666666666666)",1,96.10398952425176,28720
"(0.7967201500483234, 0.9781614000609122)",1,96.10340769843675,28721
"(0.9327096052096052, 1.0)",1,96.1033063555568,28722
"(0.9064516129032258, 0.9624656593406592)",1,96.10329367146836,28723
"(0.8753462245347001, 0.9657451923076924)",1,96.10318392771464,28724
"(0.9135802469135802, 1.0)",2,96.10316981218004,28726
"(0.9462631140307872, 0.9688819909986466)",1,96.10300813031384,28727
"(0.8837209302325582, 0.9667774086378738)",1,96.10299549472953,28728
"(0.950682393081946, 0.9716709318919264)",1,96.10293774640658,28729
"(0.93323732718894, 0.9754464285714284)",1,96.10293642106323,28730
"(0.9363885088919288, 0.9667774086378738)",1,96.10284829798354,28731
"(0.908998988877654, 0.9667774086378738)",1,96.10278739012573,28732
"(0.8557504873294346, 0.9692634363686996)",1,96.10274384841009,28733
"(0.8271652864044169, 0.9729166666666668)",1,96.10272458099864,28734
"(0.8786453242098404, 0.9866666666666666)",1,96.10268988901969,28735
"(0.9696969696969696, 0.9841269841269842)",1,96.10256188411888,28736
"(0.8990289449112978, 0.9919117647058824)",1,96.10254229694722,28737
"(0.9433680972830336, 0.9715797169307606)",1,96.10208765079264,28738
"(0.7800259083338473, 0.9774943735933984)",1,96.10205484202582,28739
"(0.8890722680670169, 0.9885627144491042)",1,96.10186751464478,28740
"(0.8837209302325582, 0.9774943735933984)",1,96.10186466839546,28741
"(0.905649630541872, 0.9754464285714284)",2,96.10183390306688,28743
"(0.836794085260343, 0.9736842105263158)",3,96.10179522849356,28746
"(0.9289529914529916, 1.0)",1,96.10165680719984,28747
"(0.9408601779678556, 0.9657079385975222)",1,96.10164035124257,28748
"(0.800194675365674, 0.9667774086378738)",2,96.10122172277518,28750
"(0.7536005944279325, 0.9808565867728688)",1,96.1011074163328,28751
"(0.9647217861503576, 0.9579966888808584)",1,96.10096197588582,28752
"(0.7543995541933687, 0.9756966637475808)",1,96.100898608588,28753
"(0.9447018709564609, 0.9550387596899224)",1,96.10055402964024,28754
"(0.8170400723750731, 0.9774943735933984)",1,96.10028266659587,28755
"(0.9565217391304348, 1.0)",1,96.10018783827395,28756
"(0.8569104506604507, 0.9868055555555556)",1,96.10014170644536,28757
"(0.9350548459681588, 0.9818181818181818)",1,96.10010982573924,28758
"(0.931377923976608, 0.98711247296323)",1,96.10007516561048,28759
"(0.9189473684210526, 0.9778966131907308)",1,96.10004407932183,28760
"(0.9465811965811968, 1.0)",1,96.09985699259435,28761
"(0.952064553093965, 0.9665714285714284)",1,96.0996592349994,28762
"(0.95, 0.9727638167328804)",2,96.09959475590573,28764
"(0.905151943324208, 0.9642857142857144)",1,96.0994586303184,28765
"(0.8680075424261471, 0.9774943735933984)",2,96.09939106054672,28767
"(0.9508739421428176, 0.9618138828565136)",3,96.09932389968486,28770
"(0.8680075424261471, 0.9667774086378738)",1,96.09930076347014,28771
"(0.8763636363636363, 1.0)",1,96.09919191919192,28772
"(0.9365750528541228, 0.9774943735933984)",1,96.09918814685936,28773
"(0.8564318783068782, 0.9868055555555556)",1,96.09904492735365,28774
"(0.7083199141170156, 0.9743589743589745)",1,96.09901268535212,28775
"(0.8882535288785288, 0.9743589743589745)",1,96.09856579378256,28776
"(0.9787811022617652, 0.9683214285714286)",1,96.09846712862688,28777
"(0.8761348091033453, 0.9667774086378738)",1,96.098462691033,28778
"(0.8919095971175892, 0.9667774086378738)",1,96.09835986641671,28779
"(0.8502976190476191, 1.0)",1,96.09833875462895,28780
"(0.9618138828565136, 0.9635619016637234)",1,96.0983033400508,28781
"(0.96625, 0.9754464285714284)",1,96.0982708546045,28782
"(0.7745765275257108, 0.9737148229943366)",3,96.09825594498642,28785
"(0.9310789204679486, 0.9625936563436563)",1,96.09804809649286,28786
"(0.8965217391304348, 0.9583928571428572)",1,96.09792284299004,28787
"(0.9595374149659864, 0.9618138828565136)",1,96.09785259203086,28788
"(0.8840890522875817, 0.9748677248677248)",1,96.09767573562574,28789
"(0.8078308130291714, 1.0)",1,96.09767416845985,28790
"(0.8731060606060606, 0.9743589743589745)",1,96.09744970105297,28791
"(0.8814236111111111, 0.9866666666666666)",2,96.09735475412246,28793
"(0.9171090534979424, 1.0)",1,96.09727448144228,28794
"(0.7904832394231688, 0.973662392173086)",1,96.09718407444062,28795
"(0.9047558922558924, 0.9868055555555556)",2,96.09704845894704,28797
"(0.8771929824561403, 1.0)",2,96.0969613765158,28799
"(0.8872877323964281, 0.9868055555555556)",1,96.09683734182684,28800
"(0.7738510282089901, 0.9692634363686996)",1,96.09655854671044,28801
"(0.9045169946332738, 0.9563953488372092)",1,96.09651919398044,28802
"(0.9354509320175438, 0.9780571219715956)",1,96.0964889345194,28803
"(0.954682426948052, 0.9679608656649474)",1,96.09620632191408,28804
"(0.8271652864044169, 1.0)",1,96.09605363600896,28805
"(0.8775418492304234, 1.0)",1,96.0959992009191,28806
"(0.7349551414768807, 0.9743589743589745)",2,96.09598219206626,28808
"(0.7502192108591691, 0.97506741646935)",1,96.09591935839944,28809
"(0.9774943735933984, 0.9667774086378738)",1,96.09587787870888,28810
"(0.8639328063241105, 0.9754464285714284)",2,96.09579888623053,28812
"(0.9465769388085848, 0.9508739421428176)",1,96.09560991001412,28813
"(0.8755813953488372, 0.9667774086378738)",1,96.09547577475996,28814
"(0.8365744453354719, 0.965497521921464)",2,96.0951325373747,28816
"(0.8365744453354719, 0.965497521921464)",1,96.09503727521358,28817
"(0.8817204301075269, 0.9841269841269842)",1,96.09489352831936,28818
"(0.828819993216278, 0.9825319426526432)",3,96.09486468570672,28821
"(0.9363885088919288, 0.9667774086378738)",2,96.09482178102444,28823
"(0.9447018709564609, 0.9774943735933984)",1,96.09470171171608,28824
"(0.8701066607489389, 0.9824561403508772)",1,96.09456814772504,28825
"(0.8870067649538378, 0.9667774086378738)",1,96.09445772143958,28826
"(0.8779083570750237, 1.0)",1,96.09444283571474,28827
"(0.8590498776009793, 0.9667774086378738)",1,96.09426444882064,28828
"(0.93916595083917, 0.9688819909986466)",3,96.094187906268,28831
"(0.8426812585499316, 0.9667774086378738)",1,96.09418476519971,28832
"(0.9886710239651416, 0.9679117647058824)",1,96.09417722457688,28833
"(0.8467473884140551, 0.9866666666666666)",1,96.0939803339076,28834
"(0.9508739421428176, 0.9696381743256742)",1,96.09395656582048,28835
"(0.8881381381381382, 0.9748677248677248)",1,96.09384633835992,28836
"(0.9343548387096776, 0.9722222222222222)",1,96.09383140085347,28837
"(0.947088068181818, 1.0)",1,96.09364187857771,28838
"(0.9230769230769232, 1.0)",1,96.0936380276697,28839
"(0.9397665508331108, 0.965497521921464)",1,96.0934468950402,28840
"(0.7644216248867413, 0.9667774086378738)",1,96.0934244767181,28841
"(0.9432302504125708, 0.9643596441509156)",1,96.09311661506848,28842
"(0.9003322259136212, 0.9774943735933984)",1,96.09295708373332,28843
"(0.9264176245210728, 0.9866666666666666)",1,96.09271138296664,28844
"(0.9319444444444444, 0.9743589743589745)",1,96.09244579565456,28845
"(0.908998988877654, 0.9667774086378738)",1,96.09240533032506,28846
"(0.867704307568438, 0.9734722222222224)",1,96.09237000518384,28847
"(0.8309016086793863, 1.0)",2,96.09236728963256,28849
"(0.8587799123693967, 0.9774943735933984)",1,96.09226713928425,28850
"(0.8837209302325582, 0.9775193798449612)",1,96.09221022019284,28851
"(0.9492266992266992, 0.9743589743589745)",1,96.09220246019864,28852
"(0.9135802469135802, 1.0)",1,96.092130634902,28853
"(0.9172068455150532, 0.9612261904761904)",3,96.09193569433975,28856
"(0.9041622150997152, 0.9868055555555556)",1,96.09186395064248,28857
"(0.8186504754267384, 0.9774943735933984)",1,96.09177113937444,28858
"(0.8887419165196943, 0.9734722222222224)",1,96.09174369959986,28859
"(0.8949640902872777, 0.9667774086378738)",1,96.09173801765456,28860
"(0.9213117283950616, 1.0)",1,96.09166131618416,28861
"(0.9464079225584776, 0.9612261904761904)",1,96.09143234560216,28862
"(0.9541309523809522, 0.9657079385975222)",1,96.09135557449686,28863
"(0.8814236111111111, 0.9866666666666666)",2,96.09134161698708,28865
"(0.8189184200812107, 0.9546136534133534)",1,96.09122349563832,28866
"(1.0, 1.0)",2,96.09121376761188,28868
"(0.952503401360544, 0.9657079385975222)",1,96.09105740248393,28869
"(0.9469444444444444, 0.9810457516339868)",1,96.0910347396587,28870
"(0.8634436934356743, 0.9667774086378738)",1,96.09101395991568,28871
"(0.7998955722639932, 0.9707309941520468)",2,96.0909735862689,28873
"(0.9226705733973176, 0.9696381743256742)",1,96.09096627982105,28874
"(0.9444444444444444, 0.9841269841269842)",2,96.09086051439463,28876
"(0.8700357638518202, 0.9829335242869076)",1,96.09075629156122,28877
"(0.9296302734822564, 0.9650363879165252)",1,96.09074239415624,28878
"(0.905151943324208, 0.9645607615220874)",2,96.09057001536824,28880
"(0.9565217391304348, 1.0)",1,96.09039329456613,28881
"(0.9618138828565136, 0.9749660326086956)",1,96.09029181262385,28882
"(0.922050500014663, 0.9885627144491042)",2,96.0901551899587,28884
"(0.4896538918597742, 0.9722222222222222)",1,96.09014007353647,28885
"(0.883580779054917, 0.9734722222222224)",1,96.09012787260951,28886
"(0.8817204301075269, 1.0)",1,96.09007142885427,28887
"(0.8423371647509579, 1.0)",1,96.0897909164583,28888
"(0.9252501846146012, 0.9577861163227016)",1,96.0897362013596,28889
"(0.9308485656257932, 0.9642857142857144)",4,96.08971971264234,28893
"(0.8133720930232559, 0.9667774086378738)",1,96.08970213340496,28894
"(0.8932369004949651, 0.9868055555555556)",1,96.08963463604547,28895
"(0.8338190685778862, 0.9546136534133534)",1,96.0895899181136,28896
"(0.8424947145877378, 0.9667774086378738)",1,96.08952025031292,28897
"(0.9408601779678556, 0.9665714285714284)",1,96.08936935366935,28898
"(0.9047341820740836, 0.9650363879165252)",1,96.08914903580124,28899
"(0.8550387596899225, 0.9775193798449612)",2,96.08913253043724,28901
"(0.9428571428571428, 0.9688819909986466)",3,96.0887957140945,28904
"(0.9534840838509316, 0.9612261904761904)",1,96.08866272894204,28905
"(0.81878722576397, 0.9667774086378738)",1,96.08859790373582,28906
"(0.9192180611357128, 0.9767441860465116)",1,96.08851605327452,28907
"(0.8252552284666469, 0.9605856647968066)",1,96.0884954610476,28908
"(0.7381210410308627, 0.9764945373004584)",1,96.08835354089688,28909
"(0.8494949494949495, 0.9734722222222224)",1,96.0883022588724,28910
"(0.7455997034462181, 0.9751656739631442)",1,96.0880669296504,28911
"(0.9688819909986466, 0.9715797169307606)",1,96.08804405976936,28912
"(0.8585271317829457, 0.965497521921464)",1,96.0880099424513,28913
"(0.8851615858737297, 0.9734722222222224)",1,96.08768046099962,28914
"(0.8977777777777779, 1.0)",1,96.08749958005218,28915
"(0.8680075424261471, 0.965497521921464)",1,96.08740579093048,28916
"(0.8569104506604507, 0.9748677248677248)",1,96.08730155462708,28917
"(0.8837244897959183, 0.9635619016637234)",1,96.0872692633121,28918
"(0.7951423097974822, 0.9734722222222224)",1,96.08716224575548,28919
"(0.8584010840108401, 0.9868055555555556)",1,96.08691318369146,28920
"(0.7581817508517257, 0.985)",1,96.08673274737366,28921
"(0.8798475538617097, 0.9885627144491042)",1,96.08644490633291,28922
"(0.8423371647509579, 1.0)",1,96.08633987664544,28923
"(0.9333333333333332, 0.9841269841269842)",1,96.08626842574056,28924
"(0.8752365981200475, 0.9574505911522484)",1,96.0861703513214,28925
"(0.904439990281827, 0.9688819909986466)",1,96.08610087254812,28926
"(0.7719407021841193, 0.9775102541016406)",1,96.08604140787952,28927
"(0.9363885088919288, 0.9667774086378738)",1,96.08575081950444,28928
"(0.9203845950797168, 0.9612261904761904)",1,96.08557775883212,28929
"(0.8778462998102468, 0.9866666666666666)",1,96.08540899927218,28930
"(0.9674603174603176, 1.0)",1,96.08536238792496,28931
"(0.8967236467236468, 0.9722222222222222)",1,96.08528960483324,28932
"(0.9523529411764708, 0.9642857142857144)",1,96.08504733896244,28933
"(0.6865085248332097, 0.9678053830227744)",1,96.0847753689426,28934
"(0.8255813953488372, 0.965497521921464)",1,96.08472416778478,28935
"(0.9035714285714284, 0.9866666666666666)",2,96.08452164322264,28937
"(0.9032873606650292, 0.9645607615220874)",1,96.08445381628188,28938
"(0.8577654071075123, 0.9722222222222222)",1,96.08424649310898,28939
"(0.9388029361942404, 0.9650363879165252)",1,96.08407834825326,28940
"(0.9360538014841208, 0.9612261904761904)",1,96.08399596366483,28941
"(0.8078308130291714, 0.977638640429338)",1,96.08354587221886,28942
"(0.9696969696969696, 0.9841269841269842)",1,96.08341614107783,28943
"(0.6775462962962963, 0.9866666666666666)",2,96.08330890780952,28945
"(0.6699095998123235, 0.9764730680201342)",1,96.08326873936088,28946
"(0.7753527336860669, 0.9868055555555556)",1,96.0831078897498,28947
"(0.9346192998272106, 0.941163660900503)",1,96.08298889165536,28948
"(0.9715797169307606, 0.9785754927860192)",1,96.08279095824302,28949
"(0.9715797169307606, 0.9678053830227744)",1,96.08273486381916,28950
"(0.7595766902549236, 0.9743771563296568)",1,96.0826914519154,28951
"(0.952503401360544, 0.9574505911522484)",3,96.08256299615628,28954
"(0.8974472807991122, 0.9569461827284104)",1,96.08251488481902,28955
"(0.9426994258113802, 0.9650363879165252)",1,96.08241200355184,28956
"(0.9333333333333332, 0.9841269841269842)",1,96.08228000551848,28957
"(0.9740143369175628, 1.0)",1,96.08216022857157,28958
"(0.7074854651162791, 0.9667774086378738)",1,96.08204111775564,28959
"(0.875869740093878, 0.9583928571428572)",1,96.08196377190124,28960
"(0.769060874119107, 0.9692634363686996)",1,96.08187011297343,28961
"(0.9574505911522484, 0.9574505911522484)",3,96.08181388868717,28964
"(0.8952380952380952, 0.986574074074074)",1,96.08179971621402,28965
"(0.8881381381381382, 0.9748677248677248)",1,96.08170563474876,28966
"(0.9665714285714284, 0.9618138828565136)",1,96.08168703619556,28967
"(0.8837209302325582, 0.9667774086378738)",1,96.08159760625676,28968
"(0.9507101086048454, 0.9841269841269842)",1,96.08137711230782,28969
"(0.9363885088919288, 0.9667774086378738)",1,96.0812634892252,28970
"(0.894094847241222, 0.9667774086378738)",1,96.0812062111956,28971
"(0.8943833943833944, 0.9841269841269842)",1,96.08114337399716,28972
"(0.8531211750305999, 0.9774943735933984)",2,96.0811349783613,28974
"(0.9135802469135802, 0.9841269841269842)",1,96.08113011991968,28975
"(0.8163854689162486, 0.9885627144491042)",1,96.08096096508088,28976
"(0.8511627906976744, 0.9774943735933984)",1,96.08094902672607,28977
"(0.8817204301075269, 1.0)",1,96.08086856331474,28978
"(0.7840187590187591, 1.0)",1,96.08054024225412,28979
"(0.8671417195826613, 0.9667774086378738)",2,96.08037603471055,28981
"(0.8604651162790697, 0.9774943735933984)",2,96.08027145759532,28983
"(0.9565217391304348, 1.0)",1,96.08025164290666,28984
"(0.9411376480416728, 0.9886710239651416)",1,96.08023788210772,28985
"(0.9105201863354038, 0.9688819909986466)",3,96.08022180402143,28988
"(0.8459679855028692, 0.9775193798449612)",1,96.08021435249942,28989
"(0.800968045112782, 0.9748677248677248)",1,96.0800403329308,28990
"(0.9315535929345644, 0.9630672573903032)",1,96.07996255558947,28991
"(0.9612261904761904, 0.9612261904761904)",1,96.07984168587927,28992
"(0.8680075424261471, 0.9667774086378738)",1,96.0797938214149,28993
"(0.9426783174151596, 0.9696381743256742)",1,96.07976430950316,28994
"(0.9318646435925092, 0.9612261904761904)",2,96.07972383891408,28996
"(0.8731060606060606, 0.9743589743589745)",1,96.07960013258884,28997
"(0.8890863872430693, 0.9645607615220874)",1,96.07953580097478,28998
"(0.9060206664893564, 0.9649122807017544)",2,96.07932838004592,29000
"(0.9841269841269842, 1.0)",1,96.07926829268293,29001
"(0.9047619047619048, 0.9841269841269842)",1,96.07923635204136,29002
"(0.908998988877654, 0.9667774086378738)",2,96.07911303255548,29004
"(0.9363885088919288, 0.9667774086378738)",1,96.07909540099378,29005
"(0.8255047951711248, 0.9546136534133534)",1,96.0790454728254,29006
"(0.7753527336860669, 0.9866666666666666)",1,96.07901357854472,29007
"(0.8518518518518519, 1.0)",1,96.07896740911995,29008
"(0.5960561819552873, 0.969913169748696)",1,96.07892156491788,29009
"(0.7512292922217291, 0.9763056964334252)",1,96.07884971635008,29010
"(0.8531211750305999, 0.9774943735933984)",2,96.07882118501296,29012
"(0.8888888888888888, 1.0)",1,96.07856981252807,29013
"(0.7627644938304747, 0.9757160776753252)",1,96.07844680013451,29014
"(0.9247241379310346, 0.9624656593406592)",1,96.07841744054566,29015
"(0.8837209302325582, 0.9667774086378738)",1,96.07839558547968,29016
"(0.839484868820503, 0.9736842105263158)",1,96.07835390079713,29017
"(0.8671417195826613, 0.9667774086378738)",1,96.07786680011633,29018
"(0.9003322259136212, 0.9667774086378738)",1,96.07775921595464,29019
"(0.7237554112554112, 0.9868055555555556)",1,96.07769761942713,29020
"(0.9428823795600112, 0.9913490623109498)",1,96.07768810681888,29021
"(0.8351193705914272, 0.9913490623109498)",1,96.07768108743882,29022
"(0.9449965600275196, 0.992156862745098)",1,96.077675318214,29023
"(0.9405634236453204, 0.9754464285714284)",1,96.07762692977172,29024
"(0.8265590958605664, 0.9868055555555556)",1,96.07742524675476,29025
"(0.9308485656257932, 0.9606615844690656)",1,96.0773565704452,29026
"(0.9023026315789472, 0.9754464285714284)",1,96.0772548373844,29027
"(0.8945130355728907, 0.9662727157199136)",1,96.07681400542998,29028
"(0.915494777499728, 0.9650363879165252)",1,96.07668558912886,29029
"(0.8836091234347048, 0.9667774086378738)",1,96.07645939098822,29030
"(0.9214457417582416, 0.9579966888808584)",2,96.07640223225464,29032
"(0.8927743619772605, 0.9734722222222224)",1,96.07628356826112,29033
"(0.8731196908559524, 0.9780571219715956)",1,96.07626955455764,29034
"(0.7349551414768807, 1.0)",2,96.07625579204968,29036
"(0.8396845307996157, 0.9780571219715956)",6,96.07623240176538,29042
"(0.7547562359331114, 0.9762177924197116)",1,96.07617464445934,29043
"(0.8680075424261471, 0.9774943735933984)",1,96.07595716740435,29044
"(0.8375522452041583, 0.965497521921464)",1,96.07593778528832,29045
"(0.8065179582561031, 0.9757805639964452)",2,96.0757509193744,29047
"(0.8762664758354415, 0.93916595083917)",1,96.07537799711388,29048
"(0.8870067649538378, 0.9667774086378738)",1,96.07515275753305,29049
"(0.8919095971175892, 0.9667774086378738)",1,96.07508643582034,29050
"(0.8273348098929494, 0.9667774086378738)",1,96.07478086368587,29051
"(0.9027777777777778, 0.9734722222222224)",1,96.07467613291848,29052
"(0.81878722576397, 0.9667774086378738)",1,96.07464363074256,29053
"(0.9647217861503576, 0.9715797169307606)",1,96.07462867717376,29054
"(0.7988631272401433, 0.9868055555555556)",1,96.07436878578912,29055
"(0.9363885088919288, 0.9667774086378738)",1,96.07420853746096,29056
"(0.9202401372212692, 0.9784138342277876)",1,96.07393564481409,29057
"(0.8893558268973552, 0.9885627144491042)",1,96.07383107890728,29058
"(0.8388283928211333, 0.9868055555555556)",1,96.07368800830368,29059
"(0.9125701913010372, 0.9649122807017544)",1,96.07340035644158,29060
"(0.7959305979857629, 0.965497521921464)",1,96.07332210880978,29061
"(0.8676666891012699, 0.9740643495864882)",1,96.07330697919254,29062
"(0.8498740201567748, 0.9692634363686996)",1,96.07320496729096,29063
"(0.8264589732338745, 0.9775193798449612)",1,96.07320337363178,29064
"(0.8547544409613373, 1.0)",1,96.0731663573222,29065
"(0.8776804590758078, 0.965497521921464)",2,96.07312310775424,29067
"(0.8757566103854729, 0.9774943735933984)",1,96.07263929229114,29068
"(0.9211400121926436, 0.9657079385975222)",1,96.07230368030804,29069
"(0.9816305469556244, 0.9742231395482168)",1,96.07220154957048,29070
"(0.9023026315789472, 0.9754464285714284)",1,96.07212677795034,29071
"(0.8585271317829457, 0.9774943735933984)",1,96.072093847018,29072
"(0.9841269841269842, 1.0)",1,96.0720529405812,29073
"(0.96625, 0.9754464285714284)",1,96.07184247637186,29074
"(0.9003322259136212, 0.9774943735933984)",1,96.0716708093404,29075
"(0.9727777777777776, 1.0)",1,96.0716653685036,29076
"(0.9310789204679486, 0.9727638167328804)",2,96.07133357864792,29078
"(0.9011039071107722, 0.9782702035744222)",4,96.0712860729914,29082
"(0.9523529411764708, 0.9608348284368692)",1,96.07128366153572,29083
"(0.8774993038150933, 0.9780571219715956)",1,96.07124668344032,29084
"(0.961342940685046, 0.9608348284368692)",4,96.07117666485952,29088
"(0.8890722680670169, 0.965497521921464)",1,96.07099591527673,29089
"(0.9565375499581746, 0.9665714285714284)",1,96.07087425120048,29090
"(0.9625936563436563, 0.9650363879165252)",1,96.0707904953303,29091
"(0.9037076648841356, 0.9838235294117648)",1,96.0706511118322,29092
"(0.8322048866647042, 0.9774943735933984)",1,96.07029989244543,29093
"(0.9589484126984128, 1.0)",2,96.07026784345838,29095
"(0.743708721419064, 0.9744665471392446)",1,96.07016621325512,29096
"(0.9565217391304348, 0.9841269841269842)",1,96.0701199498302,29097
"(0.919687006945461, 0.9868055555555556)",1,96.07002249242508,29098
"(0.9574568288854002, 0.95474577471438)",1,96.06997431449652,29099
"(0.9226705733973176, 0.9485046203796204)",1,96.06983596495674,29100
"(0.9645607615220874, 0.9612261904761904)",1,96.06969762081646,29101
"(0.8680075424261471, 0.9774943735933984)",1,96.06946773433928,29102
"(0.8752365981200475, 0.9688819909986466)",1,96.06939267448288,29103
"(0.8282752506308395, 0.9667774086378738)",1,96.0693573060204,29104
"(0.965272331154684, 0.992156862745098)",1,96.06909283568072,29105
"(0.8494949494949495, 0.9734722222222224)",1,96.06897978659418,29106
"(0.8632677198614513, 0.9634384628873468)",1,96.06897911888292,29107
"(0.9302579365079364, 0.9868055555555556)",2,96.06893997626136,29109
"(0.8671417195826613, 0.9667774086378738)",1,96.0687182150574,29110
"(0.9019323671497586, 0.9743589743589745)",1,96.0686352324776,29111
"(0.8817204301075269, 1.0)",1,96.06857914032828,29112
"(0.6782946827273069, 0.9868055555555556)",2,96.06840110902256,29114
"(0.905151943324208, 0.9678053830227744)",1,96.06820050092028,29115
"(0.8872598584428717, 0.9667774086378738)",1,96.06818946793132,29116
"(0.8467473884140551, 0.9866666666666666)",2,96.06818587397554,29118
"(0.930071105365223, 0.9618138828565136)",1,96.06794268438917,29119
"(0.8817815249266862, 0.9734722222222224)",1,96.06789404576992,29120
"(0.918078605068401, 0.9579551650296714)",3,96.06756916062992,29123
"(0.8271323663565043, 0.9868055555555556)",2,96.0675107702348,29125
"(0.7026748971193416, 0.9868055555555556)",1,96.06719265625291,29126
"(0.9363885088919288, 0.9667774086378738)",1,96.0671303863986,29127
"(0.9408668730650154, 0.9740643495864882)",1,96.06703622341244,29128
"(0.8375771604938271, 1.0)",1,96.06667865798237,29129
"(0.9002103365384615, 0.9754464285714284)",2,96.0665938487512,29131
"(0.9029563492063492, 0.9734722222222224)",1,96.06655076093698,29132
"(0.925553613053613, 0.9868055555555556)",1,96.06618177198824,29133
"(0.8265590958605664, 0.9868055555555556)",1,96.0661470072099,29134
"(0.899997244510117, 0.9648977033360302)",1,96.06612951205469,29135
"(0.8255047951711248, 0.965497521921464)",1,96.06587678518308,29136
"(0.8680075424261471, 0.9774943735933984)",1,96.06573692634156,29137
"(0.9064516129032258, 0.9638392857142858)",1,96.06566660239578,29138
"(0.908998988877654, 0.9667774086378738)",1,96.06562156402858,29139
"(0.9003322259136212, 0.9774943735933984)",2,96.06553488295675,29141
"(0.7962233504512917, 0.9868055555555556)",1,96.06540322183348,29142
"(0.9087026014109348, 1.0)",1,96.06533982302788,29143
"(0.9618138828565136, 0.9681338377164)",1,96.06527547442892,29144
"(0.765625, 0.9630672573903032)",1,96.06516898202013,29145
"(0.8454115226337449, 0.9868055555555556)",1,96.06487331158728,29146
"(0.915422077922078, 0.9754464285714284)",1,96.0648486596418,29147
"(0.9027274557165862, 1.0)",1,96.0647246761936,29148
"(0.9002770083102493, 0.9694095827515072)",1,96.06466197103018,29149
"(0.8707729468599035, 0.9734722222222224)",2,96.06461726981031,29151
"(0.9534840838509316, 0.9736054421768708)",1,96.06451843449058,29152
"(0.8970659722222223, 1.0)",1,96.06422443210316,29153
"(0.9003322259136212, 0.9667774086378738)",1,96.06397916322427,29154
"(0.9586520604621642, 0.9574505911522484)",3,96.06389569677822,29157
"(0.896551724137931, 0.9841269841269842)",1,96.06385870883057,29158
"(0.8731196908559524, 0.9651951748860688)",1,96.06345325698584,29159
"(0.908998988877654, 0.9667774086378738)",1,96.06316585244758,29160
"(0.93323732718894, 0.9647321428571428)",1,96.06303069566678,29161
"(0.874025901365936, 0.9775193798449612)",1,96.06276046737638,29162
"(0.8901450053705692, 0.9782702035744222)",4,96.06269176907983,29166
"(0.875, 1.0)",1,96.06261146576644,29167
"(0.9031297003355316, 0.9667774086378738)",1,96.06246336545884,29168
"(0.954682426948052, 0.9612261904761904)",1,96.06245448674078,29169
"(0.954682426948052, 0.9642857142857144)",2,96.06236599227502,29171
"(0.8873002904865649, 1.0)",2,96.06230956139872,29173
"(0.8597992596530608, 0.9780571219715956)",1,96.06211187522588,29174
"(0.8368686868686868, 1.0)",1,96.06201329872748,29175
"(0.8817204301075269, 0.9841269841269842)",1,96.0618717549588,29176
"(0.743680485338726, 0.9774943735933984)",1,96.06175994091797,29177
"(0.9643596441509156, 0.9678608196882048)",1,96.0617313055178,29178
"(0.8942523459812323, 0.9564964624817116)",1,96.06159170897206,29179
"(0.8939103272888103, 0.9534840838509316)",1,96.0614608007846,29180
"(0.7962242261245582, 0.9415378750109974)",1,96.06142475768635,29181
"(0.8522222222222222, 0.9734722222222224)",1,96.06137988533168,29182
"(0.9571428571428572, 0.9586520604621642)",1,96.06114501736532,29183
"(0.8132390951302638, 0.9577759872287582)",3,96.06077929216076,29186
"(0.8707729468599035, 0.9734722222222224)",2,96.06067244299118,29188
"(0.943792719255964, 0.9612261904761904)",1,96.0606500551071,29189
"(0.8047996976568405, 0.9743589743589745)",1,96.0603922205166,29190
"(0.9333333333333332, 0.9841269841269842)",1,96.06032187004068,29191
"(0.8265700981304325, 0.9667774086378738)",1,96.06018334984704,29192
"(0.9230769230769232, 0.9841269841269842)",1,96.06007121556205,29193
"(0.9261349042540992, 0.9847494553376906)",1,96.05978875102672,29194
"(0.8575440961689698, 0.9885627144491042)",1,96.05964249497492,29195
"(0.8467473884140551, 0.9866666666666666)",2,96.05953954155372,29197
"(0.9032873606650292, 0.9574505911522484)",2,96.0595303193944,29199
"(0.9345012626262624, 1.0)",1,96.05948447749788,29200
"(0.8734582431032859, 0.9774943735933984)",1,96.0591739555198,29201
"(0.8117825361512793, 0.9624656593406592)",1,96.05906272782798,29202
"(0.6123506375227685, 0.9850132513251326)",1,96.05902069209982,29203
"(0.875, 1.0)",1,96.05894610433428,29204
"(0.907908163265306, 0.9678053830227744)",1,96.05861523905904,29205
"(0.8172916666666665, 0.9624656593406592)",1,96.0585505085124,29206
"(0.7566647759500852, 0.965497521921464)",1,96.05841842364973,29207
"(0.8170400723750731, 0.9774943735933984)",2,96.05832381273952,29209
"(0.7400546757164405, 1.0)",2,96.05829401777096,29211
"(0.8259011519881087, 0.9866666666666666)",2,96.05814362322346,29213
"(0.908998988877654, 0.9667774086378738)",1,96.05790040387744,29214
"(0.9426994258113802, 0.9574505911522484)",1,96.05779123107932,29215
"(0.9688888888888888, 0.969094304388422)",1,96.05777421462037,29216
"(0.8943833943833944, 0.9841269841269842)",1,96.05760028950364,29217
"(0.8375771604938271, 1.0)",1,96.05729620690327,29218
"(0.8857001484413657, 0.9885627144491042)",1,96.05711567106694,29219
"(0.8339212842322631, 0.9774943735933984)",1,96.05710139081704,29220
"(0.8186504754267384, 0.9667774086378738)",1,96.05709748793176,29221
"(1.0, 1.0)",1,96.05697512504092,29222
"(0.9081468615856708, 0.965842583177692)",1,96.05663753343914,29223
"(0.958531746031746, 0.9868055555555556)",1,96.05657077837044,29224
"(0.9306746031746032, 1.0)",1,96.05653507206604,29225
"(0.9214457417582416, 0.9750869028930254)",1,96.05649418931648,29226
"(0.933229459603253, 0.9650465046504648)",1,96.05647774235491,29227
"(0.9348875393612236, 0.9782702035744222)",3,96.0563653966111,29230
"(0.7149501661129568, 0.9774943735933984)",1,96.05635854527236,29231
"(0.9894736842105264, 0.9882352941176472)",2,96.05634135030058,29233
"(0.5321195666013089, 0.9801862281294588)",1,96.05619349620432,29234
"(0.927777350854274, 0.9576029606661498)",1,96.05618413524031,29235
"(0.8680075424261471, 0.9667774086378738)",1,96.05600700023466,29236
"(0.9373919235072729, 0.962604085919332)",1,96.0559437057768,29237
"(0.9612261904761904, 0.9618138828565136)",1,96.05507449022784,29238
"(0.8927951388888888, 0.958531746031746)",1,96.0545209557174,29239
"(0.81878722576397, 0.9667774086378738)",2,96.05448855614324,29241
"(0.9202508960573476, 0.9868055555555556)",1,96.05409093677096,29242
"(0.9466207660652104, 1.0)",1,96.05402125894194,29243
"(0.942961408510189, 0.9678608196882048)",1,96.0539003605484,29244
"(0.8426812585499316, 0.9667774086378738)",4,96.05357814684902,29248
"(0.8586378737541528, 0.9885627144491042)",1,96.05354896014086,29249
"(0.9635619016637234, 0.9683214285714286)",1,96.05337926457923,29250
"(0.8604651162790697, 0.9667774086378738)",1,96.05320199964883,29251
"(0.7857324447417217, 0.9743243243243244)",1,96.05291873889064,29252
"(0.911177794448612, 0.9563953488372092)",1,96.0528592682378,29253
"(0.8426812585499316, 0.9667774086378738)",1,96.0526751184112,29254
"(0.8132390951302638, 0.9694279341856143)",2,96.05240945147116,29256
"(0.9534840838509316, 0.9650363879165252)",1,96.0519916656556,29257
"(0.8469839324618735, 0.986574074074074)",1,96.05193072149552,29258
"(0.8889463321560508, 0.9847494553376906)",2,96.05179545411518,29260
"(0.7200000000000001, 1.0)",1,96.051713532818,29261
"(0.9606447334368527, 0.9606615844690656)",1,96.05169295693666,29262
"(0.7987835673811283, 0.9734722222222224)",2,96.0515313579132,29264
"(0.9252046422964788, 0.9612261904761904)",1,96.05149038406512,29265
"(0.935479353031535, 0.9612261904761904)",3,96.05144124229192,29268
"(0.9390638788116482, 0.9665714285714284)",1,96.0512272014683,29269
"(0.9185588416618146, 0.9618138828565136)",1,96.05105272191304,29270
"(0.9573319772862108, 0.992156862745098)",1,96.05104919773164,29271
"(0.8890863872430693, 0.9606447334368527)",1,96.05099279014894,29272
"(0.896551724137931, 1.0)",1,96.05089246876672,29273
"(0.8798475538617097, 0.9774943735933984)",1,96.05088535583316,29274
"(0.7973166368515204, 0.977638640429338)",1,96.05074605537996,29275
"(0.7081625209067293, 0.9780571219715956)",1,96.05070957238082,29276
"(0.8047996976568405, 0.9743589743589745)",1,96.05061063233946,29277
"(0.9002770083102493, 0.960657765442102)",1,96.05048590517744,29278
"(0.867704307568438, 0.9583928571428572)",1,96.05043574353972,29279
"(0.9135802469135802, 1.0)",1,96.0502895238784,29280
"(0.8887191358024692, 0.9743589743589745)",1,96.0501655204356,29281
"(0.9203845950797168, 0.9612261904761904)",1,96.05007862404985,29282
"(0.6914339324445751, 0.9765427110373154)",1,96.0500663614353,29283
"(0.8887419165196943, 0.9734722222222224)",2,96.05003952967164,29285
"(0.9555491383616382, 0.9650363879165252)",1,96.05003481890613,29286
"(0.7487501664809803, 0.973315360742126)",1,96.04990824690783,29287
"(0.9840686274509804, 0.9737002637312234)",1,96.04988320500384,29288
"(0.9696969696969696, 1.0)",1,96.04957760831138,29289
"(0.916550925925926, 0.9868055555555556)",1,96.04947825105296,29290
"(0.7644216248867413, 0.9667774086378738)",1,96.04947636150186,29291
"(0.9534840838509316, 0.9705862533692722)",1,96.04943999707008,29292
"(0.8639328063241105, 0.9754464285714284)",1,96.04872706900493,29293
"(0.9618138828565136, 0.9688819909986466)",1,96.04863705321893,29294
"(0.9296302734822564, 0.9657079385975222)",1,96.04857820485634,29295
"(0.4432805247702946, 0.9868055555555556)",1,96.04856454858452,29296
"(0.9056772399713576, 0.9781217750257998)",1,96.0485017720656,29297
"(0.828819993216278, 0.9780571219715956)",1,96.048309563189,29298
"(0.7595766902549236, 0.9758185405800538)",1,96.04824099035156,29299
"(0.8872598584428717, 0.9667774086378738)",1,96.04808122678402,29300
"(0.9606447334368527, 0.9650363879165252)",1,96.04778449657726,29301
"(0.9391627846790888, 0.9665714285714284)",1,96.04753699565856,29302
"(0.9346399099774944, 0.9774943735933984)",1,96.04742725776428,29303
"(0.8370512373649356, 0.9739630931081678)",1,96.04725435015187,29304
"(0.8429041174227984, 0.9667774086378738)",1,96.04716590094162,29305
"(0.8557504873294346, 0.9648977033360302)",3,96.04699615848546,29308
"(0.8888888888888888, 1.0)",1,96.0469260547064,29309
"(0.8353118227451768, 0.9577759872287582)",3,96.04681688842766,29312
"(0.919687006945461, 0.9734722222222224)",2,96.0465801495034,29314
"(0.8467473884140551, 0.9589484126984128)",1,96.04647942536909,29315
"(0.9618138828565136, 0.960607978267748)",1,96.04628007524622,29316
"(0.9171090534979424, 0.9868055555555556)",1,96.0461132796741,29317
"(0.8639328063241105, 0.9624656593406592)",1,96.04604940515758,29318
"(0.794285714285714, 0.9667774086378738)",1,96.04600678329756,29319
"(0.9263477887938646, 0.9601840736294516)",1,96.04581381603784,29320
"(0.9426994258113802, 0.9541309523809522)",1,96.04571256374828,29321
"(0.922050500014663, 0.9885627144491042)",1,96.04564937872694,29322
"(0.4432805247702946, 0.9868055555555556)",1,96.0455753718346,29323
"(0.6122834221207509, 0.9787521959850204)",1,96.04552887197303,29324
"(0.7377970866342959, 0.9774943735933984)",1,96.04549674927348,29325
"(0.9002103365384615, 0.9754464285714284)",1,96.0452155735846,29326
"(0.9333333333333332, 1.0)",1,96.04521149764778,29327
"(0.8332521117608837, 1.0)",1,96.04506788131104,29328
"(0.9032873606650292, 0.9657079385975222)",1,96.04504562665686,29329
"(0.8112491373360938, 1.0)",1,96.04504205900976,29330
"(0.8318452380952381, 0.9743589743589745)",1,96.04481140906864,29331
"(0.9003322259136212, 0.9885627144491042)",1,96.04476352644232,29332
"(0.7782392026578072, 1.0)",1,96.04473300990844,29333
"(0.9696969696969696, 0.9841269841269842)",1,96.04472692526528,29334
"(0.9508739421428176, 0.9688819909986466)",1,96.0446321786616,29335
"(0.8265700981304325, 0.9667774086378738)",1,96.04449229239049,29336
"(0.8604651162790697, 0.9774943735933984)",2,96.0442809025795,29338
"(0.9407679738562092, 0.9748677248677248)",1,96.043929848804,29339
"(0.9565217391304348, 1.0)",1,96.0438721828276,29340
"(0.839484868820503, 0.9825319426526432)",6,96.04386950504748,29346
"(0.9618138828565136, 0.9719867434153148)",1,96.04365890078522,29347
"(0.8047996976568405, 0.9743589743589745)",2,96.04355614920271,29349
"(0.938570380142761, 0.9606447334368527)",4,96.0434831716254,29353
"(0.8590027258042806, 0.9648977033360302)",1,96.04329515358958,29354
"(0.8590036231884057, 0.9743589743589745)",1,96.04317425887916,29355
"(0.8126903630604289, 0.9913490623109498)",1,96.04284377850664,29356
"(0.8890863872430693, 0.9642857142857144)",1,96.0427788777694,29357
"(0.8339212842322631, 0.965497521921464)",1,96.0427495796711,29358
"(0.9464079225584776, 0.9650363879165252)",1,96.04254438802174,29359
"(0.8322048866647042, 0.9774943735933984)",1,96.04252482349985,29360
"(0.9586520604621642, 0.9650363879165252)",1,96.04252057457114,29361
"(0.9265993265993266, 0.9754464285714284)",1,96.04245733205984,29362
"(0.8587799123693967, 0.943982716990723)",1,96.04230898343012,29363
"(0.9206668561144264, 0.9716339869281044)",1,96.04224572804183,29364
"(0.9135802469135802, 0.9841269841269842)",1,96.0420474918346,29365
"(0.9647217861503576, 0.9643596441509156)",1,96.04200883486295,29366
"(0.899997244510117, 0.9648977033360302)",1,96.0419922579888,29367
"(0.8956505897276728, 0.9635619016637234)",1,96.04176499372676,29368
"(0.8757566103854729, 0.9667774086378738)",1,96.04158785775438,29369
"(0.9128589906028932, 0.9574505911522484)",3,96.04154623286507,29372
"(0.9031297003355316, 0.9667774086378738)",1,96.04149791399236,29373
"(0.8597992596530608, 0.965842583177692)",1,96.04146777395948,29374
"(0.8521317829457364, 0.977638640429338)",1,96.04121633639362,29375
"(0.9171090534979424, 1.0)",2,96.04111223077088,29377
"(0.853187414500684, 0.9775193798449612)",1,96.04109788235762,29378
"(0.904310344827586, 0.9754464285714284)",1,96.04103689039,29379
"(0.9540538847117792, 0.9374983839689724)",2,96.04100296352776,29381
"(0.7240947195575144, 0.9788110478899952)",1,96.0409800879979,29382
"(0.8198932646301067, 0.9754464285714284)",1,96.04092094866677,29383
"(0.9253196022727272, 0.9574505911522484)",3,96.04073446229702,29386
"(0.8919095971175892, 0.9667774086378738)",1,96.0406425358096,29387
"(0.8945130355728907, 0.9775193798449612)",1,96.0406068926,29388
"(0.9555491383616382, 0.9612261904761904)",3,96.0405844222228,29391
"(0.7410529682885718, 0.974686608552588)",1,96.04056594539723,29392
"(0.9230769230769232, 1.0)",1,96.0402924862286,29393
"(0.8191214470284237, 0.9774943735933984)",1,96.04021647163378,29394
"(0.9428823795600112, 0.9736842105263158)",1,96.0401634848542,29395
"(0.8887419165196943, 0.9734722222222224)",1,96.04009623539822,29396
"(0.7777777777777776, 1.0)",1,96.03936130726647,29397
"(0.9405634236453204, 0.9754464285714284)",1,96.03935005679968,29398
"(0.930071105365223, 0.9618138828565136)",1,96.03932356482674,29399
"(0.9774943735933984, 0.9667774086378738)",2,96.03921825996198,29401
"(0.8871004696987055, 0.953556570960922)",1,96.03904339319244,29402
"(0.955544662122821, 0.9645607615220874)",1,96.03896524377632,29403
"(0.955544662122821, 0.9642857142857144)",1,96.03887870516158,29404
"(0.926440329218107, 0.9658154816997468)",1,96.03849133415136,29405
"(0.7496650452295612, 1.0)",2,96.03848634622337,29407
"(0.9665714285714284, 0.9688819909986466)",1,96.038406153531,29408
"(0.8511627906976744, 0.9774943735933984)",2,96.03832425686382,29410
"(0.8585271317829457, 0.965497521921464)",1,96.0383071225354,29411
"(0.9154678277085488, 0.9688819909986466)",1,96.0382358114741,29412
"(0.9243650793650792, 1.0)",1,96.03822937790356,29413
"(0.8501768299217661, 0.9546136534133534)",1,96.03787766032715,29414
"(0.8772132878492528, 0.9658154816997468)",3,96.03784497738894,29417
"(0.9064872325741892, 0.9868055555555556)",1,96.03780310740548,29418
"(0.8676666891012699, 0.9651951748860688)",1,96.0377834747842,29419
"(0.9618138828565136, 0.9612261904761904)",1,96.0376874582838,29420
"(0.952503401360544, 0.9688819909986466)",1,96.03761277920589,29421
"(0.769060874119107, 0.9913490623109498)",3,96.03755890134062,29424
"(0.8177555579773321, 0.9754464285714284)",1,96.03739897880496,29425
"(0.9408668730650154, 0.9532269683871514)",1,96.03727648988452,29426
"(0.9493987095478396, 0.9516258530710558)",1,96.0370975254272,29427
"(0.8498168498168498, 1.0)",1,96.03708546101603,29428
"(0.9666666666666668, 0.9841269841269842)",1,96.03701030912067,29429
"(0.9882352941176472, 0.8618595825426945)",1,96.03699135767292,29430
"(0.9216927182615324, 0.965497521921464)",1,96.03683136909584,29431
"(0.7319111444111444, 0.9868055555555556)",1,96.03681290612316,29432
"(0.8426812585499316, 0.9667774086378738)",1,96.03656462817456,29433
"(0.93916595083917, 0.9612261904761904)",1,96.03637861525829,29434
"(0.9465769388085848, 0.9650363879165252)",2,96.03618671084298,29436
"(0.8312992626493769, 1.0)",1,96.03613693114598,29437
"(0.8761348091033453, 0.965497521921464)",1,96.03586823601572,29438
"(0.9399223139548216, 0.9754901960784312)",2,96.03583116642363,29440
"(0.9185588416618146, 0.9650363879165252)",1,96.0356113787437,29441
"(0.8880350522413213, 0.9667774086378738)",1,96.0355827977933,29442
"(0.9386724386724388, 0.9841269841269842)",1,96.03557889892755,29443
"(0.9333333333333332, 1.0)",1,96.03550864382416,29444
"(0.8198932646301067, 0.9754464285714284)",1,96.03543940347004,29445
"(0.9643596441509156, 0.9608918659970924)",1,96.03535953412909,29446
"(0.9399138116785176, 0.992156862745098)",1,96.03532491137643,29447
"(0.9541062801932368, 0.9734722222222224)",2,96.03519569153856,29449
"(0.8179251985756162, 0.9648977033360302)",3,96.03503714708722,29452
"(0.8078308130291714, 1.0)",1,96.03498530698324,29453
"(1.0, 1.0)",1,96.03489545105889,29454
"(0.8757566103854729, 0.9667774086378738)",1,96.0345985408697,29455
"(0.92834931896816, 0.9667774086378738)",1,96.03433019210222,29456
"(0.9318646435925092, 0.9574505911522484)",1,96.03419733210686,29457
"(0.9391627846790888, 0.9727638167328804)",1,96.03416157033924,29458
"(0.8318452380952381, 0.9743589743589745)",1,96.03413057507532,29459
"(0.914351851851852, 0.9734722222222224)",1,96.03402416646568,29460
"(0.863200629779577, 0.9747439067467324)",1,96.03397241286936,29461
"(0.9343548387096776, 0.9866666666666666)",2,96.03354402346828,29463
"(0.8680075424261471, 0.9774943735933984)",1,96.03347717932348,29464
"(0.7987835673811283, 0.9734722222222224)",1,96.03324079756482,29465
"(0.9363885088919288, 0.9662727157199136)",1,96.03320462383616,29466
"(0.8836091234347048, 0.9667774086378738)",1,96.03279269552642,29467
"(0.910924131602386, 0.9612261904761904)",1,96.03270506518676,29468
"(0.8776804590758078, 0.9415378750109974)",1,96.03263106236612,29469
"(0.8467473884140551, 0.9866666666666666)",1,96.03261865798714,29470
"(0.8958946706887884, 0.9723039215686275)",1,96.03237037610197,29471
"(0.9171090534979424, 1.0)",1,96.0321689297724,29472
"(0.8858975827700768, 0.9767441860465116)",2,96.03214322619172,29474
"(0.9310789204679486, 0.9736054421768708)",1,96.0320429691688,29475
"(0.7987835673811283, 0.9734722222222224)",2,96.03201916594544,29477
"(0.9044642857142856, 0.9618138828565136)",1,96.03193042848764,29478
"(0.906765625, 0.9767241379310344)",4,96.03191875293192,29482
"(0.8305168558651531, 0.9722222222222222)",1,96.0316252597518,29483
"(0.8683060291615228, 0.9550387596899224)",1,96.03146967828116,29484
"(0.8965217391304348, 0.9734722222222224)",1,96.03127440416094,29485
"(0.7973166368515204, 0.965497521921464)",1,96.0311759332746,29486
"(0.8493072924981817, 0.9774943735933984)",1,96.03103173289765,29487
"(0.9841269841269842, 1.0)",1,96.03101973844726,29488
"(0.9665714285714284, 0.9650363879165252)",3,96.03099926582276,29491
"(0.8531211750305999, 0.9463327370304114)",1,96.03076468446628,29492
"(0.9019607843137254, 1.0)",2,96.03063856122785,29494
"(0.8396845307996157, 0.9825319426526432)",3,96.0305873542361,29497
"(0.907908163265306, 0.9681338377164)",2,96.03025790595802,29499
"(0.8856424148606811, 0.9866666666666666)",1,96.03013412785396,29500
"(0.9618138828565136, 0.9625936563436563)",1,96.0299355200799,29501
"(0.8671417195826613, 0.9667774086378738)",1,96.02989272213178,29502
"(0.932101534037604, 0.9726525013234024)",1,96.02984206429878,29503
"(0.7605257553885152, 0.9762453474619482)",1,96.02974107059904,29504
"(0.906439024390244, 0.9688819909986466)",1,96.02971575543576,29505
"(0.8703659188034188, 0.9868055555555556)",1,96.02927632769676,29506
"(0.8046935824713601, 1.0)",2,96.02920399608232,29508
"(0.9841269841269842, 1.0)",1,96.0287952456649,29509
"(0.8827674567584882, 0.9571428571428572)",1,96.0286295920268,29510
"(0.8318452380952381, 0.9868055555555556)",1,96.0284607417367,29511
"(0.9574568288854002, 0.9579551650296714)",1,96.0280543317866,29512
"(0.917859918146296, 0.996078431372549)",1,96.02782997150383,29513
"(0.9386363636363636, 0.9767241379310344)",1,96.02770205187488,29514
"(0.9096474293842716, 0.9658154816997468)",1,96.02767608481324,29515
"(0.9308485656257932, 0.9679608656649474)",1,96.02743103296004,29516
"(0.9366855850867478, 0.9612261904761904)",3,96.02712989752082,29519
"(0.8586291309669523, 0.9774943735933984)",1,96.02680838358268,29520
"(0.93916595083917, 0.9612261904761904)",1,96.02678998144938,29521
"(0.9154678277085488, 0.9696381743256742)",1,96.0267568282623,29522
"(0.9678608196882048, 0.9579966888808584)",1,96.02665141842915,29523
"(0.9426783174151596, 0.97595009914078)",1,96.02625729054007,29524
"(0.7826758904916103, 0.9774943735933984)",1,96.02604956103296,29525
"(0.7656785097663477, 0.9737530685967716)",1,96.02599266280292,29526
"(0.9620227038183696, 0.996078431372549)",1,96.02597591275308,29527
"(0.9226438267614736, 0.9665714285714284)",1,96.02588320164485,29528
"(0.950700596776178, 0.9721176108033788)",1,96.02558530983742,29529
"(0.9606447334368527, 0.9679608656649474)",1,96.0250717713986,29530
"(0.8053221288515406, 1.0)",1,96.02495749581944,29531
"(0.9541062801932368, 0.9734722222222224)",1,96.02480497826268,29532
"(0.8856424148606811, 0.9866666666666666)",1,96.02477177800748,29533
"(0.9608348284368692, 0.9650363879165252)",3,96.02475895839484,29536
"(0.8468468468468467, 1.0)",1,96.0247368212245,29537
"(0.9185588416618146, 0.9586520604621642)",1,96.02449557368372,29538
"(0.9541309523809522, 0.9612261904761904)",1,96.0243399318008,29539
"(0.8485261953969941, 0.9774943735933984)",1,96.02432036481429,29540
"(0.9365750528541228, 0.9774943735933984)",1,96.02425441705438,29541
"(0.9408668730650154, 0.9740643495864882)",1,96.02420998576498,29542
"(0.8885119047619048, 0.9734722222222224)",1,96.0241502410466,29543
"(0.8592532467532467, 1.0)",2,96.02404434017788,29545
"(0.9263477887938646, 0.9576029606661498)",1,96.02391782932531,29546
"(0.8273348098929494, 0.9430166863749836)",2,96.02349362908666,29548
"(0.9268160835762876, 0.960607978267748)",1,96.02325075317144,29549
"(0.8582837837837838, 0.9754464285714284)",1,96.02324815057771,29550
"(0.8791208791208792, 1.0)",1,96.02307461321298,29551
"(0.9343548387096776, 0.9866666666666666)",1,96.0228979029664,29552
"(0.8757566103854729, 0.9667774086378738)",1,96.02263628219087,29553
"(0.8590498776009793, 0.9667774086378738)",1,96.02260558902076,29554
"(0.922050500014663, 0.9774943735933984)",2,96.0223689477768,29556
"(0.7400546757164405, 1.0)",1,96.02235146342647,29557
"(0.9064516129032258, 0.9754464285714284)",1,96.0217906093198,29558
"(0.776803118908382, 0.9692634363686996)",1,96.02137010925811,29559
"(0.8864468864468864, 1.0)",1,96.021313786593,29560
"(0.9302579365079364, 0.9583928571428572)",1,96.0212382023858,29561
"(0.7568263633039907, 0.9709620580635496)",1,96.02120776082616,29562
"(0.8832713293650792, 0.9574505911522484)",3,96.02106967313236,29565
"(0.9635619016637234, 0.9688819909986466)",2,96.02100006418245,29567
"(0.920419153009064, 0.9648977033360302)",1,96.02097136986016,29568
"(0.9625936563436563, 0.9618138828565136)",1,96.02091101889576,29569
"(0.8265590958605664, 0.9868055555555556)",2,96.0207965678847,29571
"(0.9363885088919288, 0.9667774086378738)",1,96.0206652279544,29572
"(0.955544662122821, 0.9608348284368692)",1,96.02019492207168,29573
"(0.9351326548694968, 0.9766013071895424)",1,96.02009186837714,29574
"(0.8956887573811897, 0.969973648229114)",1,96.02000661039447,29575
"(0.9666666666666668, 1.0)",1,96.0199990227428,29576
"(0.9044642857142856, 0.9665714285714284)",1,96.01992749479452,29577
"(0.8197707811194652, 0.9658154816997468)",1,96.01970372363624,29578
"(0.9774943735933984, 0.9667774086378738)",1,96.01969786453456,29579
"(0.8978798708330872, 0.9780571219715956)",1,96.01965987094688,29580
"(0.8587799123693967, 0.9550387596899224)",1,96.01963534405684,29581
"(0.863200629779577, 0.9782702035744222)",4,96.01959951134133,29585
"(0.9310828877005348, 0.975060054907344)",1,96.01956984039909,29586
"(0.8495620604952712, 0.9702736511550072)",1,96.0190225933286,29587
"(0.8550387596899225, 0.9885627144491042)",1,96.01877028948454,29588
"(0.8639328063241105, 0.9754464285714284)",1,96.01863276953604,29589
"(0.8901450053705692, 0.9740643495864882)",1,96.01853391583816,29590
"(0.8680075424261471, 0.9667774086378738)",2,96.0184439904661,29592
"(0.875869740093878, 0.9734722222222224)",1,96.01835189335732,29593
"(0.8424947145877378, 0.9667774086378738)",1,96.01834425076632,29594
"(0.813859649122807, 0.9743589743589745)",1,96.01822372668737,29595
"(0.8705805822084891, 0.9885627144491042)",2,96.01811099105404,29597
"(0.978144708175668, 0.9628050108932462)",1,96.01810797429049,29598
"(0.8872598584428717, 0.9667774086378738)",1,96.01798572172667,29599
"(0.8680075424261471, 0.9667774086378738)",1,96.01780718648108,29600
"(0.8582837837837838, 0.9754464285714284)",1,96.017789643349,29601
"(0.8445548587280515, 0.9756972822035764)",1,96.01754802743224,29602
"(0.867704307568438, 0.9734722222222224)",1,96.01749865055652,29603
"(0.5225363786378638, 0.981606855507761)",1,96.017372496223,29604
"(0.917509305210918, 0.9767241379310344)",4,96.01733526933756,29608
"(0.9643596441509156, 0.9678608196882048)",3,96.01709372867523,29611
"(0.9032873606650292, 0.9688819909986466)",3,96.01697603330705,29614
"(0.9208001301024556, 0.965497521921464)",1,96.0169627483244,29615
"(0.906439024390244, 0.9612261904761904)",1,96.01688930250288,29616
"(0.9363885088919288, 0.9667774086378738)",1,96.01644063666338,29617
"(0.8305244327276152, 0.9667774086378738)",1,96.01635680222913,29618
"(0.957490630284748, 0.8795075198538196)",1,96.01631986870376,29619
"(0.8791623997269159, 0.9868055555555556)",1,96.01631338515884,29620
"(0.9507101086048454, 0.9841269841269842)",1,96.01607260225497,29621
"(0.7650293586269196, 1.0)",4,96.01601343796656,29625
"(0.9196504688832056, 0.9610152916073968)",3,96.0158933632207,29628
"(0.8890863872430693, 0.9642857142857144)",4,96.0158588538029,29632
"(0.9333333333333332, 1.0)",1,96.01566300652956,29633
"(0.7987835673811283, 0.9583928571428572)",1,96.01565711961278,29634
"(0.946764828738513, 0.9590584415584414)",1,96.01561452754336,29635
"(0.9841269841269842, 1.0)",1,96.01510089481108,29636
"(0.9399138116785176, 0.9839814814814816)",2,96.01471901216328,29638
"(0.8893558268973552, 0.9892665474060824)",1,96.01466669191724,29639
"(0.9391627846790888, 0.9688819909986466)",1,96.01453495976256,29640
"(0.9076280227596016, 0.9658154816997468)",3,96.01433323266696,29643
"(0.808641975308642, 1.0)",1,96.01420669327916,29644
"(0.961342940685046, 0.9579551650296714)",1,96.01415778567592,29645
"(0.9060206664893564, 0.9694279341856143)",1,96.01408061988316,29646
"(0.896551724137931, 1.0)",1,96.01396926693585,29647
"(0.8521317829457364, 1.0)",1,96.01380564167106,29648
"(0.8322048866647042, 0.9774943735933984)",1,96.01378507945569,29649
"(0.8587799123693967, 0.9774943735933984)",1,96.01345178495316,29650
"(0.9363885088919288, 0.9667774086378738)",1,96.01338976133836,29651
"(0.9002103365384615, 0.9754464285714284)",1,96.0132562434354,29652
"(0.8870934646557915, 0.961770130454341)",3,96.01301814497418,29655
"(0.8265700981304325, 0.9667774086378738)",2,96.01298839967164,29657
"(0.908998988877654, 0.9667774086378738)",1,96.01298132755032,29658
"(0.93323732718894, 0.9754464285714284)",1,96.01298013833704,29659
"(0.8265700981304325, 0.9667774086378738)",1,96.01297693691154,29660
"(0.8031631097560976, 0.9748677248677248)",1,96.01286310335205,29661
"(0.8577654071075123, 0.9868055555555556)",1,96.01271924123282,29662
"(0.9464079225584776, 0.9579551650296714)",1,96.0127142335392,29663
"(0.6396617032392895, 0.9754464285714284)",1,96.0127139914684,29664
"(0.8757566103854729, 0.9774943735933984)",1,96.01265503393144,29665
"(0.8046779964221825, 0.965497521921464)",1,96.01261819244183,29666
"(0.8680075424261471, 0.9563953488372092)",1,96.01259789645908,29667
"(0.8556083495776478, 0.9740643495864882)",1,96.01255860619656,29668
"(0.8590922674363516, 0.9649122807017544)",1,96.01208641472536,29669
"(0.7800259083338473, 0.9774943735933984)",1,96.01193934293744,29670
"(0.832288597755908, 0.9774943735933984)",1,96.0117082671444,29671
"(0.9253196022727272, 0.9612261904761904)",1,96.01164463111276,29672
"(0.8473809523809523, 0.9503723544973544)",1,96.0115418579364,29673
"(0.9586520604621642, 0.9574505911522484)",1,96.01139414912002,29674
"(0.8553799392097264, 0.9650363879165252)",1,96.01096145576246,29675
"(0.9035714285714284, 0.9866666666666666)",1,96.0108654917054,29676
"(0.9715797169307606, 0.9606447334368527)",1,96.01080234539802,29677
"(0.7163073729892919, 0.965497521921464)",1,96.01069917997503,29678
"(0.8978798708330872, 0.9658154816997468)",1,96.01067815971112,29679
"(0.90437564499484, 0.9627673350041772)",2,96.01052074248598,29681
"(0.881578947368421, 0.9658154816997468)",3,96.0104807697253,29684
"(0.7729691527396689, 0.9913490623109498)",4,96.01045798451102,29688
"(0.8971203581710827, 0.9729166666666668)",1,96.01040035580496,29689
"(0.8666060577471494, 0.965497521921464)",1,96.010275920275,29690
"(0.9715797169307606, 0.9678053830227744)",1,96.01012600977111,29691
"(0.8367625143940933, 0.9737148229943366)",1,96.0099462522597,29692
"(0.8613034779932287, 0.9740643495864882)",1,96.00994544684455,29693
"(0.9112050739957716, 0.9767441860465116)",1,96.00981482449971,29694
"(0.8375771604938271, 0.9866666666666666)",1,96.00976539321698,29695
"(0.9841269841269842, 1.0)",1,96.0093981124941,29696
"(0.8300280681378243, 0.9748677248677248)",1,96.00935276596896,29697
"(0.7552931034482758, 0.9750943812066446)",1,96.0092926312348,29698
"(0.8443223443223443, 0.9866666666666666)",2,96.00924630362783,29700
"(0.9263477887938646, 0.960414372935642)",1,96.00913969943664,29701
"(0.9508739421428176, 0.9574505911522484)",3,96.00913205718416,29704
"(0.8305168558651531, 0.9868055555555556)",1,96.00906390512452,29705
"(0.8454115226337449, 0.9868055555555556)",2,96.00901280129042,29707
"(0.7466033149795865, 0.9763808626603664)",1,96.00885960234086,29708
"(0.9047558922558924, 0.9868055555555556)",1,96.00880437547796,29709
"(0.8653462339465463, 0.9774943735933984)",1,96.0086467389715,29710
"(0.9088563274164362, 0.9650784864965674)",2,96.00863127025563,29712
"(0.9643596441509156, 0.9719867434153148)",1,96.0084980983942,29713
"(0.895751096491228, 0.969913169748696)",1,96.00844851587308,29714
"(0.8791954022988505, 0.9734722222222224)",1,96.0083481158049,29715
"(0.4879349640533414, 0.9776125)",1,96.00826062757012,29716
"(0.942488846547077, 0.9683214285714286)",1,96.00825394431494,29717
"(0.9185588416618146, 0.9688819909986466)",1,96.00785882347208,29718
"(0.947860476880274, 0.9749660326086956)",1,96.00783153645794,29719
"(0.9649729659305584, 0.9380552220888356)",1,96.00772929342592,29720
"(0.8112491373360938, 1.0)",1,96.00772311752982,29721
"(0.9144192834138488, 0.9868055555555556)",2,96.00748851315848,29723
"(0.8170400723750731, 0.9774943735933984)",1,96.00736376756146,29724
"(0.9346399099774944, 0.9774943735933984)",1,96.0073595937398,29725
"(1.0, 1.0)",1,96.00711218255078,29726
"(0.9606447334368527, 0.9785754927860192)",1,96.0067265235485,29727
"(0.7613039621525723, 0.961770130454341)",3,96.00655593029286,29730
"(0.8882535288785288, 1.0)",1,96.00645190357145,29731
"(0.8186504754267384, 0.9774943735933984)",2,96.00644390235824,29733
"(0.930071105365223, 0.9618138828565136)",1,96.00642686043464,29734
"(0.875, 1.0)",1,96.00639643574422,29735
"(0.9352372919478182, 0.9847494553376906)",2,96.00636587931756,29737
"(0.9003322259136212, 0.9667774086378738)",2,96.0059238507868,29739
"(0.9612261904761904, 0.9574505911522484)",3,96.0057893011823,29742
"(0.904439990281827, 0.9579551650296714)",6,96.00560311846344,29748
"(0.8569104506604507, 0.9748677248677248)",1,96.00556331373734,29749
"(0.904439990281827, 0.9574505911522484)",3,96.0054493077426,29752
"(0.9508739421428176, 0.9574505911522484)",3,96.0051360916434,29755
"(0.9841269841269842, 1.0)",2,96.00513073749224,29757
"(0.7496650452295612, 1.0)",1,96.0049410944666,29758
"(0.743680485338726, 0.9774943735933984)",1,96.00473211081211,29759
"(0.9368482142857144, 0.9574505911522484)",1,96.00470168954826,29760
"(0.9802054154995332, 1.0)",2,96.00469347085658,29762
"(0.8872598584428717, 0.9667774086378738)",1,96.00457821038592,29763
"(0.8590498776009793, 0.9667774086378738)",1,96.00439571048096,29764
"(0.8680075424261471, 0.9774943735933984)",1,96.00427602527434,29765
"(0.9665714285714284, 0.9574505911522484)",1,96.00413026628571,29766
"(0.8986318234610918, 0.9612261904761904)",4,96.00406506415736,29770
"(0.8837209302325582, 0.9667774086378738)",1,96.00399176603382,29771
"(0.8837209302325582, 0.9667774086378738)",1,96.00397358049848,29772
"(0.930071105365223, 0.9657079385975222)",1,96.00386630504616,29773
"(0.92925, 0.9678608196882048)",1,96.0037801220334,29774
"(0.9278900902053612, 0.9571428571428572)",1,96.00351116208276,29775
"(0.8097506239110182, 0.9800782434564648)",1,96.00342922105956,29776
"(0.8837209302325582, 0.9774943735933984)",1,96.00341458636905,29777
"(0.9618138828565136, 0.961342940685046)",1,96.0033816671156,29778
"(0.9521171802054156, 0.9674019607843136)",1,96.00308309154086,29779
"(0.8810077519379845, 0.9767441860465116)",1,96.00307088006242,29780
"(0.8727305120627135, 0.969913169748696)",1,96.00302195943392,29781
"(0.9318646435925092, 0.9574505911522484)",6,96.0028798147412,29787
"(0.9886710239651416, 0.9894736842105264)",1,96.00274528821106,29788
"(0.930071105365223, 0.9650363879165252)",2,96.00238493835244,29790
"(0.8275809031622985, 1.0)",1,96.00224884495508,29791
"(0.899997244510117, 0.9782702035744222)",2,96.00209257734429,29793
"(0.8967236467236468, 0.9866666666666666)",2,96.00191138683356,29795
"(0.9318498265866688, 0.9882352941176472)",1,96.00190386706105,29796
"(0.867704307568438, 0.9734722222222224)",1,96.00186360434736,29797
"(0.9027777777777778, 0.9583928571428572)",1,96.0018255759021,29798
"(0.8942415173616616, 0.9586520604621642)",1,96.00181052439964,29799
"(0.7973166368515204, 0.9767441860465116)",1,96.001801220999,29800
"(0.8956505897276728, 0.9635619016637234)",1,96.00178485455028,29801
"(0.8666666666666667, 1.0)",1,96.00140254715124,29802
"(0.936026936026936, 1.0)",1,96.00132680466106,29803
"(0.8720649550142637, 0.9625936563436563)",3,96.0013184273183,29806
"(0.875869740093878, 0.9734722222222224)",2,96.00131669696488,29808
"(0.7325581395348837, 0.9667774086378738)",1,96.00121990380843,29809
"(0.8837209302325582, 0.9885627144491042)",1,96.00117554504028,29810
"(0.905649630541872, 0.9624656593406592)",1,96.0011564606378,29811
"(0.8590027258042806, 0.9604697507658034)",3,96.00106713924109,29814
"(0.8375522452041583, 0.965497521921464)",1,96.00100965037416,29815
"(0.9057088744588744, 0.9866666666666666)",1,96.00099180419048,29816
"(0.8752365981200475, 0.9574505911522484)",1,96.00087190050726,29817
"(0.9688888888888888, 0.9649638802889576)",1,96.00071816978434,29818
"(0.8663648981836243, 0.9583928571428572)",1,96.00071635801449,29819
"(0.9333333333333332, 1.0)",1,96.00051956130656,29820
"(0.91243961352657, 0.9866666666666666)",1,96.00046821857757,29821
"(0.7380245958032337, 0.9648977033360302)",1,96.00031653335162,29822
"(0.9595374149659864, 0.9650363879165252)",1,96.000071265865,29823
"(0.8883076259303203, 0.9634384628873468)",1,95.99998559251055,29824
"(0.8356902356902357, 0.9734722222222224)",2,95.99996473462906,29826
"(0.6775462962962963, 0.9866666666666666)",2,95.99979437541838,29828
"(0.942488846547077, 0.9688819909986466)",1,95.9997459511623,29829
"(0.794285714285714, 0.9546136534133534)",1,95.9996099548282,29830
"(0.9595374149659864, 0.9574505911522484)",6,95.99953771221185,29836
"(0.9540538847117792, 0.9645607615220874)",1,95.99941738778573,29837
"(0.8872598584428717, 0.9667774086378738)",1,95.99936167894086,29838
"(0.896551724137931, 1.0)",1,95.99922687865866,29839
"(0.8186504754267384, 0.9774943735933984)",1,95.9990715001089,29840
"(0.8996421975992612, 0.9658154816997468)",3,95.99861339486384,29843
"(0.9447018709564609, 0.9550387596899224)",1,95.99858011141497,29844
"(0.8890722680670169, 0.9667774086378738)",1,95.99849620857808,29845
"(0.8926559394175094, 0.9604697507658034)",1,95.99846691547673,29846
"(0.7871989121989122, 0.9734722222222224)",1,95.99810784501317,29847
"(0.8757566103854729, 0.9667774086378738)",1,95.99778577852577,29848
"(0.8700357638518202, 0.9913490623109498)",3,95.99771361619904,29851
"(0.9216927182615324, 0.9767441860465116)",1,95.997282517044,29852
"(0.950682393081946, 0.9681338377164)",2,95.99706246005564,29854
"(0.9450706646294882, 0.9612261904761904)",1,95.99700512865898,29855
"(0.867704307568438, 0.9734722222222224)",1,95.99687175121358,29856
"(0.9570371875635032, 0.9625936563436563)",4,95.99664218406797,29860
"(0.9060206664893564, 0.9648977033360302)",1,95.99633638289092,29861
"(0.8837209302325582, 0.9667774086378738)",2,95.99626037811056,29863
"(0.9244767367135788, 0.9769063180827886)",1,95.99614691715148,29864
"(0.8686141304347826, 0.9767241379310344)",4,95.9960128649196,29868
"(0.8917857142857143, 0.9696381743256742)",1,95.99580556199558,29869
"(0.905649630541872, 0.9754464285714284)",1,95.99575798913736,29870
"(0.919687006945461, 0.9734722222222224)",1,95.99548737209078,29871
"(0.9563063063063064, 0.9612261904761904)",1,95.9953443362604,29872
"(0.919687006945461, 0.9866666666666666)",1,95.9953113535816,29873
"(0.7800259083338473, 0.9774943735933984)",1,95.99512097336614,29874
"(0.8197707811194652, 0.9651951748860688)",2,95.9950088811357,29876
"(0.9259560057540158, 0.9785714285714284)",2,95.99492835817396,29878
"(0.7226537485874377, 0.9740518507574368)",1,95.99481614175296,29879
"(0.8791239816084535, 0.9577861163227016)",1,95.99480652068311,29880
"(0.9003322259136212, 0.9667774086378738)",1,95.9947057607683,29881
"(0.8837209302325582, 0.9667774086378738)",1,95.99458218406612,29882
"(0.9088431305536568, 0.9782702035744222)",4,95.99455731573056,29886
"(0.9565217391304348, 1.0)",1,95.99441930762404,29887
"(0.9192251461988304, 0.9886710239651416)",1,95.99420967318578,29888
"(0.8756319514661275, 0.9774943735933984)",1,95.99415552718236,29889
"(0.854478432131113, 0.9604697507658034)",3,95.99386270349788,29892
"(0.8755813953488372, 0.9667774086378738)",1,95.9938588608769,29893
"(0.8837209302325582, 0.9667774086378738)",1,95.99369564856072,29894
"(0.8888888888888888, 1.0)",1,95.99365859097942,29895
"(0.8204161317928969, 0.9604697507658034)",3,95.9936143487256,29898
"(0.9565375499581746, 0.9688819909986466)",1,95.99359660184732,29899
"(0.9408601779678556, 0.9574505911522484)",1,95.99353523858686,29900
"(0.8756319514661275, 0.9774943735933984)",1,95.99352681451484,29901
"(0.8133720930232559, 0.9667774086378738)",1,95.99339639470666,29902
"(0.8755813953488372, 0.9667774086378738)",1,95.99320946257224,29903
"(0.9718360071301247, 0.992156862745098)",1,95.99298304005048,29904
"(0.7537053571428572, 0.9678608196882048)",2,95.99290921377498,29906
"(0.8571428571428572, 1.0)",1,95.99267658922292,29907
"(0.8971203581710827, 0.9868055555555556)",1,95.99233661217608,29908
"(0.9192251461988304, 0.978144708175668)",1,95.99189451636065,29909
"(0.8590027258042806, 0.9648977033360302)",1,95.99181683132744,29910
"(0.8604651162790697, 0.9774943735933984)",1,95.99181278583696,29911
"(0.9023026315789472, 0.9624656593406592)",2,95.99173497771302,29913
"(0.9031297003355316, 0.9667774086378738)",1,95.99168328142588,29914
"(0.8837209302325582, 0.9774943735933984)",1,95.99141773469712,29915
"(0.8873002904865649, 1.0)",1,95.99126118008952,29916
"(0.8814236111111111, 0.9866666666666666)",1,95.9912591501064,29917
"(0.9002103365384615, 0.9754464285714284)",1,95.9907805102058,29918
"(0.875869740093878, 0.9615343915343916)",2,95.99071772008072,29920
"(0.9586520604621642, 0.9537087912087912)",3,95.99068273291869,29923
"(0.8997086999609598, 0.9681338377164)",1,95.99048735753642,29924
"(0.8659063625450181, 0.976470588235294)",1,95.99022475532462,29925
"(0.9019607843137254, 1.0)",1,95.99022259806875,29926
"(0.8762954142520705, 0.977218782249742)",1,95.99017680972788,29927
"(0.9574568288854002, 0.9579551650296714)",1,95.98999560185098,29928
"(0.8776804590758078, 0.9546136534133534)",1,95.98989129175152,29929
"(0.950700596776178, 0.9727638167328804)",1,95.98972405535702,29930
"(0.9612261904761904, 0.9618138828565136)",1,95.98971060650383,29931
"(0.6780094316207496, 0.9569461827284104)",1,95.98967321113994,29932
"(0.9606447334368527, 0.9678053830227744)",1,95.98963965747116,29933
"(0.9211400121926436, 0.9798196948682386)",1,95.9895265847756,29934
"(0.9035714285714284, 0.9866666666666666)",2,95.98945030068928,29936
"(0.8163854689162486, 1.0)",2,95.98938847596176,29938
"(0.7510593531115918, 0.97601737392785)",1,95.98899736548434,29939
"(0.9023026315789472, 0.9754464285714284)",1,95.98887280598322,29940
"(0.943792719255964, 0.9612261904761904)",1,95.98847818137008,29941
"(0.498048399687744, 0.965497521921464)",1,95.98845209321075,29942
"(0.955544662122821, 0.9642857142857144)",2,95.98841400463984,29944
"(0.9454986295593504, 0.9868055555555556)",1,95.98829902815052,29945
"(0.8680075424261471, 0.9667774086378738)",1,95.9882688813604,29946
"(0.8919095971175892, 0.9667774086378738)",1,95.98824587798644,29947
"(0.8967236467236468, 0.9866666666666666)",1,95.98798652131204,29948
"(0.8666060577471494, 0.965497521921464)",1,95.98794156908168,29949
"(0.7413014722797331, 0.9866666666666666)",1,95.98790009187258,29950
"(0.9090630853183156, 0.9707651447446396)",2,95.9876991425616,29952
"(0.9436930909314628, 0.9650363879165252)",1,95.98763945230633,29953
"(0.9292946051030736, 0.943792719255964)",1,95.98763301833468,29954
"(0.8247203796730593, 0.9634384628873468)",1,95.98746670338016,29955
"(0.879008834302952, 0.9879901960784314)",1,95.98724532052007,29956
"(0.917509305210918, 0.9637433687002652)",2,95.98719134694832,29958
"(0.9003322259136212, 0.9774943735933984)",1,95.98709832884116,29959
"(0.8832713293650792, 0.9650363879165252)",1,95.98707431104398,29960
"(0.8965217391304348, 0.9734722222222224)",1,95.98701507362756,29961
"(0.9612261904761904, 0.9650363879165252)",1,95.98695789211472,29962
"(0.9436930909314628, 0.9574505911522484)",2,95.98672842893949,29964
"(0.8581587837837837, 0.9754464285714284)",1,95.98661412853424,29965
"(0.9305147058823529, 0.9624656593406592)",1,95.9864171418557,29966
"(0.952064553093965, 0.9625936563436563)",1,95.98638932864525,29967
"(0.8837209302325582, 0.9667774086378738)",1,95.98591851591608,29968
"(0.8310470779220779, 0.9624821937321938)",1,95.98583590021109,29969
"(0.8265700981304325, 0.9667774086378738)",1,95.98567148546336,29970
"(0.95474577471438, 0.9612261904761904)",1,95.9856324649144,29971
"(0.8426812585499316, 0.9667774086378738)",2,95.9852841884068,29973
"(0.8255047951711248, 0.9546136534133534)",1,95.98517131105154,29974
"(0.8946752284039163, 0.9688819909986466)",2,95.98488863800202,29976
"(0.7973166368515204, 0.9767441860465116)",1,95.98447080788551,29977
"(0.9096456710359556, 0.9650363879165252)",3,95.98445080727244,29980
"(0.7519299762662595, 0.9768439349251344)",1,95.98444029950316,29981
"(0.875, 0.965497521921464)",1,95.98429394192571,29982
"(0.9851851851851852, 0.992156862745098)",1,95.98416904694108,29983
"(0.7707924493038034, 0.9743589743589745)",1,95.98414372145292,29984
"(0.8970155460303243, 0.9657079385975222)",1,95.98391890896283,29985
"(0.8714344685242518, 0.9737329434697856)",2,95.98391076422575,29987
"(0.9003322259136212, 0.9774943735933984)",1,95.98380616364884,29988
"(0.8961538461538462, 0.9754464285714284)",1,95.98378233502793,29989
"(0.9027777777777778, 0.9734722222222224)",1,95.98369742574448,29990
"(0.8190309499878695, 0.9774943735933984)",1,95.9834550952482,29991
"(0.8837209302325582, 0.9774943735933984)",1,95.98331009049043,29992
"(0.9841269841269842, 1.0)",1,95.98317093534486,29993
"(0.9571428571428572, 0.9406095584301136)",1,95.98312082425244,29994
"(0.7800259083338473, 0.9774943735933984)",2,95.98311785881704,29996
"(0.9586520604621642, 0.9595374149659864)",1,95.98307783512674,29997
"(0.8772132878492528, 0.9788110478899952)",3,95.98286475318224,30000
"(0.952503401360544, 0.9612261904761904)",1,95.98278711552446,30001
"(0.8837209302325582, 0.9667774086378738)",1,95.982591207396,30002
"(0.96625, 0.9879464285714284)",1,95.9824237239051,30003
"(0.896551724137931, 1.0)",1,95.98233632452217,30004
"(0.9226438267614736, 0.9612261904761904)",1,95.98232594543106,30005
"(0.8890863872430693, 0.9608348284368692)",1,95.98232020936916,30006
"(0.9450706646294882, 0.9574505911522484)",1,95.9820190766416,30007
"(0.874025901365936, 0.9775193798449612)",1,95.98197226711916,30008
"(0.918078605068401, 0.9618138828565136)",1,95.98173307016468,30009
"(0.9216927182615324, 0.9546136534133534)",1,95.98166645478064,30010
"(0.7959305979857629, 0.9546136534133534)",1,95.98160652065664,30011
"(0.7162037037037038, 1.0)",1,95.981508979683,30012
"(0.905151943324208, 0.9642857142857144)",3,95.98139357917856,30015
"(0.8494949494949495, 0.9866666666666666)",1,95.98114101841112,30016
"(0.8761348091033453, 0.9774943735933984)",1,95.98105498536512,30017
"(0.908938170669392, 0.9694095827515072)",3,95.9809986105901,30020
"(0.8157493041213971, 0.9546136534133534)",2,95.98099639078792,30022
"(0.8942523459812323, 0.9736842105263158)",1,95.98090026027948,30023
"(0.7325581395348837, 0.9667774086378738)",2,95.98086167020128,30025
"(0.8943833943833944, 0.9841269841269842)",1,95.98069077349456,30026
"(0.9301248598635894, 0.9716294507141964)",1,95.98064276719228,30027
"(0.8956505897276728, 0.9665714285714284)",1,95.98061914971946,30028
"(0.8970155460303243, 0.9574505911522484)",3,95.9806082395863,30031
"(0.8443223443223443, 0.9866666666666666)",1,95.9805354249874,30032
"(0.9647217861503576, 0.9785754927860192)",1,95.9805191618487,30033
"(0.8946752284039163, 0.9650363879165252)",3,95.9804164615929,30036
"(0.8323660714285714, 0.9868055555555556)",1,95.98039038190468,30037
"(0.908998988877654, 0.9667774086378738)",1,95.98036650041128,30038
"(0.9310828877005348, 0.9647217861503576)",1,95.98036208459156,30039
"(0.93916595083917, 0.9696381743256742)",2,95.98007080792114,30041
"(0.854478432131113, 0.9736842105263158)",1,95.9798319075354,30042
"(0.8255047951711248, 0.965497521921464)",1,95.97914689888012,30043
"(0.5951421188630491, 1.0)",1,95.97885095969872,30044
"(0.875869740093878, 0.9734722222222224)",1,95.97879231167292,30045
"(0.7800259083338473, 0.9774943735933984)",1,95.97860471738905,30046
"(0.9696969696969696, 1.0)",1,95.9785823319044,30047
"(0.9555491383616382, 0.9574505911522484)",1,95.9783014199645,30048
"(0.9657079385975222, 0.9643596441509156)",1,95.9781801816363,30049
"(0.8990289449112978, 0.9837908496732026)",2,95.97811349672315,30051
"(0.9879901960784314, 0.9477441077441078)",1,95.97809581714856,30052
"(0.8650226969848408, 0.9583928571428572)",2,95.97807385029216,30054
"(0.8680075424261471, 0.9774943735933984)",1,95.97806410283565,30055
"(0.9498577524893316, 0.9618138828565136)",3,95.97800785115663,30058
"(0.9053333861260692, 0.9537087912087912)",1,95.97793715678888,30059
"(0.9498577524893316, 0.9612261904761904)",1,95.97776480837904,30060
"(0.95, 0.9618138828565136)",1,95.97773035314052,30061
"(0.8469839324618735, 1.0)",2,95.97742741222956,30063
"(0.8857001484413657, 1.0)",2,95.97731643281736,30065
"(0.9678608196882048, 0.9681338377164)",1,95.97712441409948,30066
"(0.8227906976744187, 0.9885627144491042)",2,95.97683738929726,30068
"(0.9318646435925092, 0.9612261904761904)",1,95.97678207634488,30069
"(0.8247203796730593, 0.9630672573903032)",1,95.97677585428367,30070
"(0.9318646435925092, 0.9612261904761904)",1,95.97668830079188,30071
"(0.8487390350877192, 0.9604697507658034)",1,95.9765339422121,30072
"(0.7334576206369072, 0.9787537896546336)",1,95.97651430013732,30073
"(0.9715797169307606, 0.9681338377164)",1,95.97613353136424,30074
"(0.8986318234610918, 0.9465827539807132)",3,95.9761027837942,30077
"(0.8966049382716049, 0.9868055555555556)",1,95.975811293745,30078
"(0.8705290357677138, 0.9774943735933984)",1,95.97578416149052,30079
"(0.7962233504512917, 0.9722222222222222)",2,95.9757533864518,30081
"(0.8559380045064403, 0.968675141519682)",1,95.97563185863,30082
"(0.8604651162790697, 0.9774943735933984)",1,95.97559642871347,30083
"(0.8813339438339438, 0.9868055555555556)",1,95.97531651369768,30084
"(0.9125701913010372, 0.9829335242869076)",2,95.97518969725706,30086
"(0.8351693186454507, 0.9546136534133534)",1,95.97504365521128,30087
"(0.7544006919006919, 1.0)",1,95.97501324696796,30088
"(0.8271652864044169, 1.0)",1,95.9749961976198,30089
"(0.7800259083338473, 0.9774943735933984)",1,95.97489247146132,30090
"(0.8883076259303203, 0.955045504550455)",1,95.97479965568093,30091
"(0.909209656084656, 1.0)",1,95.9746221034914,30092
"(0.938570380142761, 0.9608348284368692)",1,95.9744575812215,30093
"(0.911377708978328, 0.9868055555555556)",1,95.97434560214874,30094
"(0.8837209302325582, 0.9774943735933984)",1,95.97426097730468,30095
"(0.8157493041213971, 0.9546136534133534)",1,95.9742554713236,30096
"(0.9492266992266992, 0.9868055555555556)",1,95.974194791526,30097
"(0.9450706646294882, 0.9612261904761904)",1,95.97405772898811,30098
"(0.8986318234610918, 0.9571428571428572)",1,95.97394501668934,30099
"(0.915422077922078, 0.9754464285714284)",1,95.97387522566588,30100
"(0.9426783174151596, 0.9727638167328804)",1,95.9738428435332,30101
"(0.7325581395348837, 0.9667774086378738)",1,95.97376646006596,30102
"(0.8886775717208655, 0.9780571219715956)",1,95.97375145815518,30103
"(0.8837209302325582, 0.9774943735933984)",2,95.97367999384976,30105
"(0.950700596776178, 0.9696381743256742)",1,95.9735319640116,30106
"(0.8919095971175892, 0.9667774086378738)",2,95.97349347889752,30108
"(0.8653462339465463, 0.9774943735933984)",1,95.97347743376376,30109
"(0.7527486599710956, 0.9736842105263158)",1,95.97345908625944,30110
"(0.8975847069597069, 0.9647217861503576)",3,95.97335238665411,30113
"(0.7987189440993788, 0.9866666666666666)",1,95.9732323296706,30114
"(0.9665714285714284, 0.9696381743256742)",1,95.97310263239989,30115
"(0.8986318234610918, 0.9657079385975222)",1,95.973093814113,30116
"(0.8047996976568405, 0.9866666666666666)",2,95.9730626170651,30118
"(0.8837209302325582, 0.9667774086378738)",2,95.97288832708354,30120
"(0.9302579365079364, 0.9734722222222224)",1,95.9728867385923,30121
"(0.9506818181818182, 0.9743589743589745)",1,95.97266616435364,30122
"(0.8357101427078324, 0.969913169748696)",3,95.97259489968636,30125
"(0.9534840838509316, 0.9727638167328804)",1,95.97254081703122,30126
"(0.9388029361942404, 0.9657079385975222)",6,95.97251720254074,30132
"(0.9333333333333332, 1.0)",1,95.97246129923889,30133
"(0.8454115226337449, 0.9734722222222224)",1,95.9722609962409,30134
"(0.932852564102564, 1.0)",1,95.97203053796142,30135
"(0.7541326857238289, 0.9730271650938422)",4,95.97166689773728,30139
"(0.9481474980306196, 0.9574568288854002)",1,95.9714807520585,30140
"(0.8975847069597069, 0.95)",1,95.9712963538832,30141
"(0.9109405458089668, 0.9577759872287582)",1,95.97102729166166,30142
"(0.8550387596899225, 0.9563953488372092)",1,95.97091679710762,30143
"(0.8634436934356743, 0.9550387596899224)",1,95.97082349157058,30144
"(0.8552672227371022, 0.9601840736294516)",1,95.97080641066007,30145
"(0.8779628664919334, 0.9605856647968066)",1,95.97072520360344,30146
"(0.8133720930232559, 0.9667774086378738)",1,95.97018132750952,30147
"(0.954682426948052, 0.9608348284368692)",1,95.97012717842784,30148
"(0.9366629231646204, 0.9696381743256742)",1,95.97003445256568,30149
"(0.9523809523809524, 1.0)",1,95.97000036568946,30150
"(0.8641929499072356, 0.9678053830227744)",1,95.96983264037584,30151
"(0.9436930909314628, 0.9612261904761904)",5,95.96980054062476,30156
"(0.8309016086793863, 1.0)",1,95.9697859697305,30157
"(0.8255047951711248, 0.9767441860465116)",1,95.96971006137096,30158
"(0.8634436934356743, 0.9550387596899224)",1,95.96956417806008,30159
"(0.915422077922078, 0.9754464285714284)",1,95.96946059598348,30160
"(0.9595374149659864, 0.9574505911522484)",1,95.969413058688,30161
"(0.8351555421322864, 0.965497521921464)",1,95.96922968613184,30162
"(0.8885119047619048, 0.9734722222222224)",2,95.9691870036242,30164
"(0.908998988877654, 0.9667774086378738)",1,95.9691822699936,30165
"(0.936026936026936, 1.0)",1,95.96916117261542,30166
"(0.8186504754267384, 0.9774943735933984)",1,95.9690823188285,30167
"(0.9432302504125708, 0.9642166226376752)",1,95.96903495738418,30168
"(0.9268160835762876, 0.9595374149659864)",1,95.96902118290792,30169
"(0.8666060577471494, 0.9550387596899224)",2,95.96886334420134,30171
"(0.6296160130718955, 0.9722222222222222)",1,95.96867771296472,30172
"(0.912041847041847, 0.9705813553491572)",1,95.96840176922896,30173
"(0.813859649122807, 0.9866666666666666)",1,95.96839131796482,30174
"(0.916550925925926, 0.9868055555555556)",1,95.9681231268046,30175
"(0.9592592592592591, 1.0)",1,95.96800065725992,30176
"(0.8837209302325582, 0.965497521921464)",1,95.96782905736964,30177
"(0.9214457417582416, 0.9785714285714284)",1,95.96769635491772,30178
"(0.992156862745098, 0.984313725490196)",1,95.96761178438912,30179
"(0.9308485656257932, 0.9716709318919264)",2,95.96760330902272,30181
"(0.8890863872430693, 0.9678053830227744)",1,95.96756923427851,30182
"(0.8799035686171609, 0.9635619016637234)",2,95.9675022220141,30184
"(0.8170400723750731, 0.9774943735933984)",1,95.96741815498125,30185
"(0.8522222222222222, 0.9868055555555556)",1,95.96707647291574,30186
"(0.9405634236453204, 0.9754464285714284)",1,95.96694162084636,30187
"(0.9618138828565136, 0.9618138828565136)",1,95.96678749574755,30188
"(0.9606447334368527, 0.9683214285714286)",2,95.96676024155704,30190
"(0.9384353741496598, 0.9715797169307606)",2,95.96663032970278,30192
"(0.7800259083338473, 0.9774943735933984)",1,95.96660786571712,30193
"(0.9563063063063064, 0.9618138828565136)",4,95.96643829240892,30197
"(0.9135802469135802, 1.0)",1,95.96608782086548,30198
"(0.8375522452041583, 0.9767441860465116)",1,95.96585776694928,30199
"(0.9444444444444444, 0.9841269841269842)",1,95.9658465969425,30200
"(0.8255047951711248, 0.965497521921464)",2,95.96530558542962,30202
"(0.9391627846790888, 0.9736054421768708)",1,95.96504564613244,30203
"(0.952503401360544, 0.9612261904761904)",1,95.96457878197836,30204
"(0.763189368770764, 0.9552772808586762)",1,95.96426959614594,30205
"(0.9405634236453204, 0.9754464285714284)",1,95.96411543331938,30206
"(0.8827565726955972, 0.960607978267748)",1,95.96393432149716,30207
"(0.7112386382871769, 0.9756896633141126)",1,95.96392105048756,30208
"(0.750280826988639, 0.9723640027162128)",1,95.96363056904929,30209
"(0.9253196022727272, 0.9612261904761904)",1,95.9636221520918,30210
"(0.9077881758764113, 0.973450226244344)",2,95.96359645981958,30212
"(0.8586291309669523, 0.9774943735933984)",2,95.96323781750309,30214
"(0.9214157914304304, 0.9612261904761904)",1,95.96297508788038,30215
"(0.992156862745098, 0.9633862433862432)",1,95.9628418102596,30216
"(0.9436930909314628, 0.9688819909986466)",1,95.96278204426744,30217
"(0.8837209302325582, 0.9774943735933984)",1,95.96268181867154,30218
"(0.9543049270990448, 0.976140350877193)",1,95.9626685249484,30219
"(0.904499073566638, 0.9630672573903032)",1,95.96259256038476,30220
"(0.8908246225319396, 0.9574505911522484)",1,95.9623754711694,30221
"(0.8601973684210527, 0.9825319426526432)",1,95.9619302538072,30222
"(0.8707729468599035, 0.9734722222222224)",1,95.96192871375855,30223
"(0.9144192834138488, 0.9868055555555556)",1,95.96183753422542,30224
"(0.9081468615856708, 0.9648977033360302)",1,95.96183640103304,30225
"(0.9390638788116482, 0.9679608656649474)",1,95.96171059623026,30226
"(0.8926559394175094, 0.9648977033360302)",1,95.96139219776198,30227
"(0.5951421188630491, 1.0)",1,95.96092800998296,30228
"(0.8888888888888888, 1.0)",1,95.96067622386089,30229
"(0.8494949494949495, 0.9734722222222224)",1,95.96052021834224,30230
"(0.7973484848484849, 0.9866666666666666)",1,95.96039579521148,30231
"(0.7365451388888888, 0.9748677248677248)",1,95.9603366953211,30232
"(0.8890863872430693, 0.9642857142857144)",3,95.96028951712424,30235
"(0.9310789204679486, 0.9688819909986466)",1,95.96012576292132,30236
"(0.8885119047619048, 0.9734722222222224)",1,95.95999853387092,30237
"(0.8942523459812323, 0.9524250968329916)",1,95.95986593499188,30238
"(0.8373852304418176, 0.9658154816997468)",1,95.95974625874186,30239
"(0.9366629231646204, 0.9727638167328804)",1,95.95963398673,30240
"(0.904499073566638, 0.960414372935642)",1,95.95954678629629,30241
"(0.9368482142857144, 0.9642857142857144)",1,95.9593923941908,30242
"(0.8587799123693967, 0.965497521921464)",1,95.9593832605663,30243
"(0.927910199556541, 0.960607978267748)",1,95.95929641506564,30244
"(0.800194675365674, 0.9667774086378738)",1,95.95928546218094,30245
"(0.847123015873016, 0.9743589743589745)",1,95.95926358917282,30246
"(0.7800259083338473, 0.9774943735933984)",1,95.95925997429984,30247
"(0.8351555421322864, 0.965497521921464)",1,95.95921700818091,30248
"(0.6782946827273069, 0.9868055555555556)",1,95.9591887347336,30249
"(0.7973166368515204, 0.965497521921464)",1,95.95909959768498,30250
"(0.8424947145877378, 0.9667774086378738)",2,95.95875507944956,30252
"(0.9696969696969696, 1.0)",1,95.95874787980053,30253
"(0.9031297003355316, 0.9667774086378738)",2,95.95870082474488,30255
"(0.919687006945461, 0.9583928571428572)",1,95.95855999115452,30256
"(0.8157493041213971, 0.9546136534133534)",1,95.95816034370088,30257
"(0.8129898303922073, 1.0)",2,95.95805802084026,30259
"(0.9088431305536568, 0.9652297777949396)",1,95.95803811096827,30260
"(0.7885435936143402, 0.9913490623109498)",4,95.957914654317,30264
"(0.9310828877005348, 0.9460618398175734)",1,95.95748063086567,30265
"(0.9144192834138488, 0.9868055555555556)",1,95.9574405716522,30266
"(0.944540304191448, 0.95)",1,95.95722861922012,30267
"(0.9224211423699916, 1.0)",1,95.95719925491863,30268
"(0.8421189622802525, 0.9868055555555556)",3,95.9569421633052,30271
"(1.0, 1.0)",1,95.9569139230188,30272
"(0.8837209302325582, 0.9667774086378738)",1,95.95668073930214,30273
"(0.8600272232304901, 1.0)",2,95.9566749837567,30275
"(0.955544662122821, 0.9825119047619048)",1,95.95664942766122,30276
"(0.9565217391304348, 1.0)",1,95.95596418413224,30277
"(0.8473809523809523, 0.9754464285714284)",1,95.9558069759363,30278
"(0.8209025470653377, 0.9546136534133534)",1,95.9556065034943,30279
"(0.9408668730650154, 0.9913490623109498)",1,95.95555356774152,30280
"(0.8511627906976744, 0.9774943735933984)",1,95.95544745669471,30281
"(0.828819993216278, 0.9825319426526432)",1,95.95535931579798,30282
"(0.8601973684210527, 0.9825319426526432)",1,95.955196113364,30283
"(0.8883076259303203, 0.9601840736294516)",1,95.95508286556758,30284
"(0.9555491383616382, 0.9574505911522484)",2,95.95489549390308,30286
"(0.9265993265993266, 0.9754464285714284)",1,95.95474539039138,30287
"(0.93916595083917, 0.9128991662733996)",1,95.95462996516748,30288
"(0.7707924493038034, 0.9866666666666666)",1,95.95461886651316,30289
"(0.8837209302325582, 0.9774943735933984)",1,95.95453791725434,30290
"(0.8217327219128726, 0.9774943735933984)",1,95.95403828745332,30291
"(0.9346399099774944, 0.9774943735933984)",1,95.95379161623949,30292
"(0.8639328063241105, 0.9754464285714284)",1,95.95372110699071,30293
"(0.9436930909314628, 0.9537087912087912)",1,95.9536328510766,30294
"(0.9777089783281734, 0.996078431372549)",1,95.95362443549614,30295
"(0.8604651162790697, 0.9667774086378738)",1,95.95347096891275,30296
"(0.8463349497505095, 0.9473039215686276)",3,95.95310292688576,30299
"(0.7149501661129568, 0.9774943735933984)",2,95.95306611931164,30301
"(0.8494949494949495, 0.9734722222222224)",2,95.9528814492815,30303
"(0.9056772399713576, 0.9886710239651416)",1,95.95269906107144,30304
"(0.8622222222222222, 1.0)",1,95.95252926285184,30305
"(0.8634436934356743, 0.9550387596899224)",2,95.95242762641658,30307
"(0.8101851851851852, 0.9780571219715956)",1,95.95241750485006,30308
"(0.909209656084656, 1.0)",1,95.95233601204067,30309
"(0.96625, 0.9647321428571428)",1,95.95233147102252,30310
"(0.847123015873016, 0.9866666666666666)",1,95.95213426056296,30311
"(0.986574074074074, 0.9583928571428572)",2,95.95187096258068,30313
"(0.951596182326806, 0.9414601023976022)",1,95.95173447563532,30314
"(0.847123015873016, 0.9868055555555556)",1,95.95170915221128,30315
"(0.9154678277085488, 0.9625936563436563)",2,95.9515751140832,30317
"(0.9308485656257932, 0.9642857142857144)",4,95.95138464314118,30321
"(0.7656541929281887, 0.9651951748860688)",3,95.95135317653336,30324
"(0.9320240125035522, 0.9699346405228758)",1,95.95097422937998,30325
"(0.903764513477412, 0.9676234979973296)",1,95.95091095036562,30326
"(0.9350548459681588, 0.9688527691778466)",1,95.95079774642376,30327
"(0.961342940685046, 0.9647217861503576)",1,95.9506104470245,30328
"(0.8204161317928969, 0.9692634363686996)",1,95.9504998579146,30329
"(0.8822954822954823, 1.0)",1,95.95041446390653,30330
"(0.750280826988639, 0.9734025729796396)",1,95.95039120851534,30331
"(0.9462631140307872, 0.9574505911522484)",3,95.95038772408638,30334
"(0.917978896103896, 0.9650363879165252)",1,95.95031291878078,30335
"(0.9606447334368527, 0.9647217861503576)",1,95.9502845769534,30336
"(0.8807058823529411, 0.9380552220888356)",1,95.9501218650783,30337
"(0.9064872325741892, 0.9868055555555556)",1,95.95011877701492,30338
"(0.8817204301075269, 1.0)",1,95.95005639669712,30339
"(0.9715797169307606, 0.9681338377164)",1,95.94983203497137,30340
"(0.8578154425612053, 0.969913169748696)",3,95.94979414214298,30343
"(0.9264176245210728, 1.0)",1,95.94958849129289,30344
"(0.9612261904761904, 0.9574505911522484)",1,95.94955547676123,30345
"(0.8771929824561403, 1.0)",2,95.94948843037864,30347
"(0.8428739632573199, 0.9868055555555556)",1,95.94928219982246,30348
"(0.9374844260560896, 0.9665714285714284)",1,95.9489403094096,30349
"(0.8584010840108401, 0.9868055555555556)",1,95.94888977125846,30350
"(0.9492266992266992, 0.9743589743589745)",1,95.94881289134916,30351
"(0.8807058823529411, 0.9380552220888356)",3,95.94869580148963,30354
"(0.8322048866647042, 0.9774943735933984)",1,95.948661446122,30355
"(0.9135802469135802, 1.0)",1,95.94861731712308,30356
"(0.9032873606650292, 0.9579551650296714)",1,95.94840119076072,30357
"(0.8755813953488372, 0.9667774086378738)",2,95.94816456559958,30359
"(0.8375771604938271, 1.0)",1,95.94813011372318,30360
"(0.7745765275257108, 0.9648977033360302)",1,95.94798912477704,30361
"(0.9149095893513032, 0.9731964235309536)",2,95.94794861283287,30363
"(0.8587799123693967, 0.9774943735933984)",1,95.94792707965962,30364
"(0.8619951040391676, 0.9546136534133534)",1,95.94773427707275,30365
"(0.9034660006747384, 0.9574505911522484)",1,95.94772078544848,30366
"(0.9541309523809522, 0.960607978267748)",1,95.9476957399784,30367
"(0.8316355404640634, 0.9781614000609122)",1,95.94757026192065,30368
"(0.7294483504597079, 0.9774943735933984)",2,95.94747300387228,30370
"(0.8932369004949651, 0.9748677248677248)",1,95.94745091156034,30371
"(0.7885435936143402, 0.9824561403508772)",1,95.94727457593991,30372
"(0.9332863195363196, 0.9657323692468098)",1,95.94716097234272,30373
"(0.942488846547077, 0.9635619016637234)",1,95.94678230993308,30374
"(0.7400546757164405, 1.0)",1,95.9466690039678,30375
"(0.8112794612794614, 1.0)",1,95.94648043134328,30376
"(0.95474577471438, 0.9595374149659864)",1,95.94640953350424,30377
"(0.6149067810341684, 0.97662001875293)",1,95.94639320871848,30378
"(0.905151943324208, 0.9574505911522484)",1,95.94638879438462,30379
"(0.7962242261245582, 0.9767441860465116)",1,95.94619677567414,30380
"(0.8417927170868348, 0.9879901960784314)",1,95.94616948508438,30381
"(0.992156862745098, 0.9377452177452176)",1,95.9460037930268,30382
"(0.6856760145918833, 0.9885627144491042)",1,95.94599443245689,30383
"(0.8727305120627135, 0.9658154816997468)",3,95.9458911208672,30386
"(0.8604651162790697, 0.9774943735933984)",1,95.94578183709596,30387
"(0.9230769230769232, 0.9841269841269842)",1,95.94577311605552,30388
"(0.9041666666666666, 0.9868055555555556)",1,95.94571701233012,30389
"(0.8166514041514041, 0.9592261904761904)",1,95.94550085178324,30390
"(0.9408601779678556, 0.9650363879165252)",1,95.94528655451634,30391
"(0.8396845307996157, 0.9825319426526432)",1,95.94514501091916,30392
"(0.8915343915343915, 1.0)",1,95.9449928787244,30393
"(0.9498577524893316, 0.9612261904761904)",1,95.94489940625914,30394
"(0.7349551414768807, 0.9743589743589745)",1,95.9448546269139,30395
"(0.955544662122821, 0.950682393081946)",1,95.94482578821024,30396
"(0.946764828738513, 0.9635619016637234)",1,95.94474494647224,30397
"(0.8577654071075123, 0.9868055555555556)",1,95.94449499496646,30398
"(0.7294483504597079, 0.9774943735933984)",1,95.94435342405016,30399
"(0.7901692183722804, 0.9569461827284104)",1,95.94429986882044,30400
"(0.8318452380952381, 0.9743589743589745)",1,95.94388639339724,30401
"(0.8837209302325582, 0.9774943735933984)",1,95.94377924730392,30402
"(0.9405634236453204, 0.9754464285714284)",1,95.9437294807169,30403
"(0.8680075424261471, 0.9774943735933984)",1,95.94356009585128,30404
"(0.7720014764861725, 0.972988174691636)",1,95.94344541087716,30405
"(0.8680075424261471, 0.9774943735933984)",1,95.9432713786724,30406
"(0.9202508960573476, 0.9868055555555556)",1,95.94320333862076,30407
"(0.8521317829457364, 0.9774943735933984)",1,95.94300284126405,30408
"(0.9411376480416728, 0.973148148148148)",1,95.94297350872615,30409
"(0.880414795484889, 0.9612261904761904)",3,95.94292411857188,30412
"(0.91243961352657, 0.9866666666666666)",1,95.9426286081261,30413
"(0.877599715099715, 0.9868055555555556)",4,95.9425396352089,30417
"(0.8367625143940933, 0.9782702035744222)",3,95.94253019282972,30420
"(0.8170400723750731, 0.9774943735933984)",1,95.9424945305926,30421
"(0.7325581395348837, 0.9667774086378738)",1,95.9424631084165,30422
"(0.8604651162790697, 0.9667774086378738)",2,95.94229350364736,30424
"(0.8198932646301067, 0.9624656593406592)",1,95.94198471953582,30425
"(0.8986318234610918, 0.9612261904761904)",1,95.941881248075,30426
"(0.847123015873016, 0.9743589743589745)",1,95.94184921202424,30427
"(0.8122017517366356, 0.965497521921464)",1,95.94164419859612,30428
"(0.7141994478951, 1.0)",1,95.94153545197344,30429
"(0.8619951040391676, 0.9667774086378738)",1,95.94144606117824,30430
"(0.914246225319396, 0.9612261904761904)",3,95.9413662597927,30433
"(0.908998988877654, 0.9667774086378738)",1,95.9413347572851,30434
"(0.9019607843137254, 0.9868055555555556)",1,95.94103330190676,30435
"(0.762196364506099, 0.9740025217701644)",1,95.94087894247195,30436
"(0.9508739421428176, 0.9665714285714284)",1,95.94086648982224,30437
"(0.8902777777777777, 0.9583928571428572)",1,95.94080547765796,30438
"(0.9541062801932368, 0.9734722222222224)",1,95.94078764990591,30439
"(0.8731196908559524, 0.9780571219715956)",1,95.94068173353558,30440
"(0.908245243128964, 0.965497521921464)",1,95.94066355808536,30441
"(0.8756319514661275, 0.965497521921464)",1,95.94062846967118,30442
"(0.8209663503019846, 0.9630672573903032)",1,95.9404381513331,30443
"(0.8892969099865652, 0.9555491383616382)",3,95.94036027590884,30446
"(0.7349551414768807, 0.9743589743589745)",2,95.94021965463048,30448
"(0.8799035686171609, 0.9618138828565136)",1,95.93990267479674,30449
"(0.8586291309669523, 0.9774943735933984)",2,95.93981014202348,30451
"(0.9428571428571428, 0.9537087912087912)",1,95.93924274681208,30452
"(0.9356632048879978, 0.9730042166786526)",2,95.93908964886322,30454
"(0.93916595083917, 0.9650363879165252)",4,95.93905400419672,30458
"(0.875, 1.0)",1,95.9390178477896,30459
"(0.9674603174603176, 1.0)",1,95.93899242042777,30460
"(0.394811320754717, 0.9473039215686276)",1,95.93872250227498,30461
"(0.7973166368515204, 0.965497521921464)",1,95.93867030010406,30462
"(0.8571024784182679, 0.9886710239651416)",1,95.9385438663167,30463
"(0.7987835673811283, 0.9734722222222224)",1,95.93854085119966,30464
"(0.8339212842322631, 0.9774943735933984)",1,95.93844749354774,30465
"(0.8356902356902357, 0.9868055555555556)",1,95.938369659058,30466
"(0.8961538461538462, 0.9754464285714284)",1,95.93826740495486,30467
"(0.9354509320175438, 0.9825319426526432)",1,95.93823135299913,30468
"(0.941488229119808, 0.9768191721132898)",1,95.93801733654772,30469
"(0.9432302504125708, 0.9608918659970924)",1,95.93795021201625,30470
"(0.8457575757575757, 0.9868055555555556)",1,95.93774339362812,30471
"(0.8946441155743481, 0.9667774086378738)",1,95.93755204924788,30472
"(0.9426783174151596, 0.9727638167328804)",1,95.93754943620112,30473
"(0.8807058823529411, 0.9670076726342712)",1,95.93754240874004,30474
"(0.5951421188630491, 1.0)",1,95.9374926215592,30475
"(0.9447018709564609, 0.9667774086378738)",1,95.93740257309996,30476
"(0.8946752284039163, 0.9571428571428572)",1,95.9373833234574,30477
"(0.8613034779932287, 0.9694279341856143)",3,95.93720202420896,30480
"(0.8680075424261471, 0.9667774086378738)",1,95.9371695425938,30481
"(0.7988631272401433, 0.9868055555555556)",1,95.93703232993636,30482
"(0.875869740093878, 0.9734722222222224)",1,95.93693280591954,30483
"(0.8429041174227984, 0.9667774086378738)",1,95.93674409277712,30484
"(0.9095668859649124, 0.9694279341856143)",1,95.9367110084705,30485
"(0.8779083570750237, 0.9743589743589745)",1,95.93668775318278,30486
"(0.8379287658123746, 0.9630672573903032)",1,95.93657790394916,30487
"(0.9216927182615324, 0.9546136534133534)",1,95.9365064716697,30488
"(0.8627653708298868, 0.9734722222222224)",1,95.93644766867013,30489
"(0.9003869969040249, 0.969913169748696)",4,95.93640986873784,30493
"(0.9031297003355316, 0.9667774086378738)",1,95.93638851705516,30494
"(0.8932369004949651, 0.9748677248677248)",1,95.93638382883276,30495
"(0.9454986295593504, 0.9868055555555556)",2,95.93638014504364,30497
"(0.8952380952380952, 1.0)",2,95.93625999782702,30499
"(0.9060206664893564, 0.9736842105263158)",3,95.93622047657558,30502
"(0.9325581395348838, 0.9775193798449612)",1,95.93621264613353,30503
"(0.8881381381381382, 0.9868055555555556)",1,95.93607833032269,30504
"(0.8919095971175892, 0.9667774086378738)",2,95.93599282738803,30506
"(0.7511440764072342, 0.97506741646935)",1,95.93596709055936,30507
"(0.9081468615856708, 0.9649122807017544)",1,95.93582369945908,30508
"(0.9886710239651416, 0.8838974421818463)",1,95.93559183721416,30509
"(0.8761348091033453, 0.9774943735933984)",1,95.93545637072992,30510
"(0.9363885088919288, 0.9667774086378738)",1,95.93541001864872,30511
"(0.7566647759500852, 0.9663919763042904)",2,95.93483549970448,30513
"(0.7319111444111444, 0.9868055555555556)",1,95.93470789310162,30514
"(0.8047996976568405, 1.0)",1,95.9344873397436,30515
"(0.9230769230769232, 0.9841269841269842)",1,95.9344017892856,30516
"(0.8389982110912344, 0.9774943735933984)",1,95.9343229791532,30517
"(0.8531211750305999, 0.9774943735933984)",1,95.9341481629563,30518
"(0.8582837837837838, 0.9633928571428572)",1,95.9341296093849,30519
"(0.8956505897276728, 0.9688819909986466)",1,95.93397233016952,30520
"(0.93916595083917, 0.9645607615220874)",1,95.93396451510944,30521
"(0.9226438267614736, 0.9574505911522484)",3,95.93394197407144,30524
"(0.8946441155743481, 0.9550387596899224)",1,95.93382073983796,30525
"(0.934274781341108, 0.9678053830227744)",1,95.93376363373028,30526
"(0.8604651162790697, 0.9774943735933984)",1,95.9335028533518,30527
"(0.8544840720221607, 0.9648977033360302)",2,95.93335407579116,30529
"(0.8031631097560976, 0.9868055555555556)",1,95.93296022111063,30530
"(0.9168478260869564, 1.0)",1,95.9328847351093,30531
"(0.92925, 0.9681338377164)",1,95.93271186185264,30532
"(0.922287769513936, 0.992156862745098)",1,95.93259128926132,30533
"(0.8755813953488372, 0.9667774086378738)",1,95.9325408725058,30534
"(0.9211400121926436, 0.9727638167328804)",1,95.93245041344464,30535
"(0.91280276816609, 0.9473039215686276)",1,95.93243019419802,30536
"(0.828819993216278, 0.9780571219715956)",1,95.93213636280078,30537
"(0.892733134920635, 0.9748677248677248)",1,95.93196837565938,30538
"(0.952503401360544, 0.9650363879165252)",1,95.9319216336203,30539
"(0.8757566103854729, 0.9546136534133534)",1,95.9318723632507,30540
"(0.9450706646294882, 0.9356619570905284)",1,95.93157635072085,30541
"(0.9191742887131236, 0.9715797169307606)",2,95.93151344965077,30543
"(0.9368482142857144, 0.9642857142857144)",4,95.93151114761754,30547
"(0.813953488372093, 0.9774943735933984)",2,95.93147120188316,30549
"(0.8761348091033453, 0.9774943735933984)",1,95.93133551380636,30550
"(0.7240947195575144, 0.9658154816997468)",1,95.93120195500867,30551
"(0.7294483504597079, 0.9774943735933984)",1,95.93115789715192,30552
"(0.9031297003355316, 0.9667774086378738)",1,95.93067703708702,30553
"(0.8434846806939831, 0.965497521921464)",1,95.93061515085276,30554
"(0.7956776428149589, 0.943982716990723)",1,95.93059875428112,30555
"(0.9064516129032258, 0.9754464285714284)",1,95.93056093891892,30556
"(0.8527777777777779, 0.9743589743589745)",1,95.930455860062,30557
"(0.9620227038183696, 0.984313725490196)",2,95.93044046970634,30559
"(0.93218671679198, 0.9688819909986466)",1,95.93043913282906,30560
"(0.8997086999609598, 0.9719867434153148)",1,95.93028241328604,30561
"(0.930071105365223, 0.9537087912087912)",1,95.93000574454769,30562
"(0.7777777777777776, 1.0)",1,95.92994016724482,30563
"(0.896551724137931, 1.0)",2,95.92967766353388,30565
"(0.8975847069597069, 0.9574505911522484)",3,95.92959725779164,30568
"(0.9185588416618146, 0.9618138828565136)",3,95.92953484213037,30571
"(0.8686868686868687, 1.0)",1,95.92951467993514,30572
"(0.9259560057540158, 0.951596182326806)",1,95.92927832373128,30573
"(0.794285714285714, 0.9667774086378738)",1,95.92880505090982,30574
"(0.5349017058456418, 0.9712518677595016)",1,95.92871770289702,30575
"(0.863739209133946, 0.9747439067467324)",8,95.92866323057623,30583
"(0.9408601779678556, 0.9625936563436563)",1,95.92857038029008,30584
"(0.9523529411764708, 0.9608348284368692)",1,95.92856800409125,30585
"(0.9803376906318084, 0.9781217750257998)",2,95.9285395307727,30587
"(0.8791954022988505, 0.9734722222222224)",1,95.92846919898086,30588
"(0.9404364154364154, 0.984313725490196)",1,95.92842875912493,30589
"(0.7319111444111444, 0.9868055555555556)",1,95.92842133771164,30590
"(0.9855521155830752, 0.9882352941176472)",1,95.92835903687822,30591
"(0.8817204301075269, 0.9841269841269842)",1,95.92806229542497,30592
"(0.931377923976608, 0.9739630931081678)",1,95.92798567141108,30593
"(0.9031297003355316, 0.9667774086378738)",2,95.92793791912744,30595
"(0.93916595083917, 0.9721176108033788)",1,95.92783020786857,30596
"(0.8255047951711248, 0.965497521921464)",1,95.92768925711968,30597
"(0.9390638788116482, 0.9612261904761904)",1,95.9275262193934,30598
"(0.984504357298475, 0.996078431372549)",1,95.92750892893424,30599
"(0.9428571428571428, 0.9612261904761904)",1,95.9275042686862,30600
"(0.9094344316674038, 0.9681338377164)",1,95.9273895336353,30601
"(0.7294483504597079, 0.9774943735933984)",1,95.92714730591857,30602
"(0.951596182326806, 0.9612261904761904)",1,95.9271205342098,30603
"(0.6699593128390597, 0.9650363879165252)",1,95.9269348877182,30604
"(0.9498577524893316, 0.9574505911522484)",1,95.92691833205392,30605
"(0.9031297003355316, 0.9667774086378738)",1,95.9266910356208,30606
"(0.950682393081946, 0.9645607615220874)",1,95.92662549000352,30607
"(0.8113181219906367, 0.9748677248677248)",1,95.9265712581628,30608
"(0.9666666666666668, 0.9841269841269842)",1,95.92650183150208,30609
"(0.9333333333333332, 1.0)",1,95.92597402597404,30610
"(0.9586520604621642, 0.9574505911522484)",1,95.92558943712449,30611
"(0.8853349024500907, 0.9624821937321938)",1,95.92555887860031,30612
"(0.8634436934356743, 0.9550387596899224)",1,95.9254529422156,30613
"(0.875, 1.0)",1,95.92541749106128,30614
"(0.8388283928211333, 0.9868055555555556)",4,95.925379034293,30618
"(0.9333333333333332, 1.0)",1,95.92529536449436,30619
"(0.5622341047218327, 0.9826879802758378)",1,95.92526026354788,30620
"(0.9728641456582634, 0.9827450980392156)",1,95.924877322336,30621
"(0.9579966888808584, 0.9647217861503576)",1,95.92477385003704,30622
"(0.919047619047619, 0.9696969696969696)",2,95.92454699010422,30624
"(0.8823631647905025, 0.9577861163227016)",1,95.924383980108,30625
"(0.9841269841269842, 0.9841269841269842)",1,95.92430556906962,30626
"(0.907908163265306, 0.9643596441509156)",1,95.92419364021713,30627
"(0.8133720930232559, 0.9667774086378738)",1,95.92386379440067,30628
"(0.5951421188630491, 1.0)",1,95.92349457584776,30629
"(0.8761348091033453, 0.9774943735933984)",1,95.923459519058,30630
"(0.7973484848484849, 0.9866666666666666)",1,95.92339105280868,30631
"(0.8531211750305999, 0.9774943735933984)",2,95.92330557095342,30633
"(0.8466625966625967, 0.9868055555555556)",1,95.9232826471708,30634
"(0.9647217861503576, 0.9785714285714284)",1,95.92314295231834,30635
"(0.9879901960784314, 0.9866666666666668)",1,95.9231003630698,30636
"(0.9346399099774944, 0.9550387596899224)",1,95.92305614801587,30637
"(0.9460618398175734, 0.9608348284368692)",1,95.9230260738408,30638
"(0.8926559394175094, 0.9736842105263158)",1,95.92284958806376,30639
"(0.8946441155743481, 0.9550387596899224)",1,95.9227055699604,30640
"(0.8604651162790697, 0.9774943735933984)",1,95.92235202212032,30641
"(0.9436930909314628, 0.9612261904761904)",1,95.9222817983063,30642
"(0.918078605068401, 0.9586520604621642)",1,95.92195655729807,30643
"(0.7458162420794, 0.9765978695139024)",1,95.92176824142985,30644
"(0.9586520604621642, 0.9574505911522484)",1,95.92149223367092,30645
"(0.8586291309669523, 0.9774943735933984)",1,95.92139753703654,30646
"(0.7951423097974822, 0.9734722222222224)",1,95.92138460966171,30647
"(0.9589484126984128, 1.0)",1,95.92115457902308,30648
"(0.9192251461988304, 0.9925925925925926)",1,95.92107623718827,30649
"(0.9499369338378628, 0.9736842105263158)",1,95.9210356077512,30650
"(0.7512292922217291, 0.9733568886752132)",1,95.92102488073223,30651
"(0.9665714285714284, 0.9541309523809522)",1,95.9208617945308,30652
"(0.9606447334368527, 0.9570371875635032)",1,95.92081495218028,30653
"(0.8282276376611791, 0.9692634363686996)",1,95.92070976230816,30654
"(0.9060206664893564, 0.9694279341856143)",1,95.9205769419418,30655
"(0.908998988877654, 0.9667774086378738)",1,95.92055490590168,30656
"(0.9203845950797168, 0.9537087912087912)",3,95.92054922205656,30659
"(0.906439024390244, 0.9534840838509316)",1,95.92044752400112,30660
"(0.899997244510117, 0.9648977033360302)",3,95.92038259048756,30663
"(0.9041666666666666, 0.9868055555555556)",1,95.92023478957358,30664
"(0.8671417195826613, 0.9667774086378738)",2,95.91992951135636,30666
"(0.8888888888888888, 1.0)",1,95.91975417067434,30667
"(0.92925, 0.9647217861503576)",1,95.91959875538006,30668
"(0.8351555421322864, 0.9767441860465116)",2,95.91958798987532,30670
"(0.7503205034265276, 0.9795107029516608)",4,95.9195688489404,30674
"(0.8522222222222222, 0.9868055555555556)",1,95.91950578163602,30675
"(0.9525862068965518, 0.9767241379310344)",1,95.91937973068664,30676
"(0.9003322259136212, 0.9774943735933984)",1,95.91932585504831,30677
"(0.944800323176362, 0.9692634363686996)",1,95.91900792230632,30678
"(0.8163854689162486, 0.9885627144491042)",1,95.9188478300045,30679
"(0.9432302504125708, 0.9642857142857144)",1,95.91883778046312,30680
"(0.9044642857142856, 0.9650363879165252)",1,95.91883558015287,30681
"(0.8871004696987055, 0.9550387596899224)",1,95.91873906408746,30682
"(0.9426994258113802, 0.9642857142857144)",1,95.9185454120315,30683
"(0.8613034779932287, 0.9651951748860688)",2,95.91831900693433,30685
"(0.754666973475023, 0.9738931509897684)",1,95.91824010988356,30686
"(0.9044642857142856, 0.9688819909986466)",1,95.91809525065368,30687
"(0.8956505897276728, 0.9618138828565136)",1,95.91777583173584,30688
"(0.9364583333333332, 0.9868055555555556)",1,95.91771379242668,30689
"(0.6719802867383513, 0.9801980049501238)",1,95.9176650257701,30690
"(0.930071105365223, 0.9618138828565136)",2,95.91763018734962,30692
"(0.7962233504512917, 0.9868055555555556)",1,95.91760338174352,30693
"(0.888597986398669, 0.9780571219715956)",3,95.91748287943469,30696
"(0.8063349885408708, 0.9767241379310344)",1,95.91713535311398,30697
"(0.7529825792983688, 0.9716243415074872)",1,95.91702044281996,30698
"(0.9216927182615324, 0.965497521921464)",1,95.91701080015116,30699
"(0.9432302504125708, 0.9681338377164)",3,95.91691766349447,30702
"(0.8527777777777779, 0.9743589743589745)",1,95.9168268072812,30703
"(0.8882535288785288, 0.9734722222222224)",2,95.91680221045104,30705
"(0.8604651162790697, 0.9775193798449612)",2,95.91667163221685,30707
"(0.794285714285714, 0.9667774086378738)",2,95.9166412956853,30709
"(0.8339212842322631, 0.965497521921464)",1,95.91654324607234,30710
"(0.8569104506604507, 0.9868055555555556)",1,95.91621022760827,30711
"(0.8375522452041583, 0.9546136534133534)",1,95.91600581012352,30712
"(0.9283969998255712, 0.951596182326806)",3,95.91596098929594,30715
"(0.8552672227371022, 0.960414372935642)",1,95.91584212323802,30716
"(0.8351693186454507, 0.965497521921464)",1,95.91577073264584,30717
"(0.8921607065475332, 0.9774943735933984)",1,95.91574811977112,30718
"(0.7951423097974822, 0.9734722222222224)",1,95.91566655483152,30719
"(0.8375522452041583, 0.965497521921464)",2,95.91554496893394,30721
"(0.8890722680670169, 0.9774943735933984)",1,95.9155131316001,30722
"(0.9252501846146012, 0.9657451923076924)",1,95.91539483385876,30723
"(0.93916595083917, 0.9574505911522484)",1,95.91536814471483,30724
"(0.9586520604621642, 0.9645607615220874)",1,95.915313059449,30725
"(0.8919095971175892, 0.9667774086378738)",1,95.9149377470634,30726
"(0.8426812585499316, 0.9667774086378738)",1,95.91461428934792,30727
"(0.7967201500483234, 0.9825319426526432)",1,95.9146120655344,30728
"(0.9523529411764708, 0.9642857142857144)",4,95.91450418795785,30732
"(0.8351555421322864, 0.9546136534133534)",1,95.91449190994416,30733
"(0.8426812585499316, 0.9667774086378738)",2,95.91441966115322,30735
"(0.9088431305536568, 0.9737148229943366)",3,95.9143290620636,30738
"(0.908998988877654, 0.9667774086378738)",1,95.91422011816016,30739
"(0.8353118227451768, 0.9658154816997468)",3,95.91388046639877,30742
"(0.986574074074074, 0.9734722222222224)",1,95.91358883789638,30743
"(0.8680075424261471, 0.9667774086378738)",1,95.91356810661244,30744
"(0.944540304191448, 0.9595374149659864)",3,95.9135307255169,30747
"(0.92925, 0.9678053830227744)",1,95.91338875786327,30748
"(0.8942417772827129, 0.9658154816997468)",3,95.91328395784168,30751
"(0.9612261904761904, 0.9657079385975222)",1,95.91313603258662,30752
"(0.6790332474543002, 0.9692634363686996)",1,95.91305373544672,30753
"(0.9333908045977012, 0.9767241379310344)",1,95.91298228131228,30754
"(0.9473838918283362, 0.9868055555555556)",1,95.91282596351796,30755
"(0.91243961352657, 0.9866666666666666)",2,95.91263740108784,30757
"(0.8761348091033453, 0.9774943735933984)",1,95.9125537249422,30758
"(0.8750423764725823, 0.9658154816997468)",3,95.91235353158216,30761
"(0.9327096052096052, 1.0)",1,95.91227174781044,30762
"(0.9003322259136212, 0.9667774086378738)",1,95.91222822330204,30763
"(0.8638088157947971, 0.9579551650296714)",1,95.91188990596716,30764
"(0.8590556730091613, 0.9885627144491042)",1,95.9115233781318,30765
"(0.794285714285714, 0.9667774086378738)",1,95.91143215237064,30766
"(0.8774993038150933, 0.9780571219715956)",3,95.91134297249212,30769
"(0.952503401360544, 0.9574505911522484)",1,95.91128041906693,30770
"(0.8680075424261471, 0.9667774086378738)",1,95.9112526534443,30771
"(0.8887419165196943, 0.9734722222222224)",1,95.91106321044558,30772
"(0.9272486772486772, 0.9743589743589745)",2,95.9109880294602,30774
"(0.9315535929345644, 0.9601840736294516)",1,95.9109639065326,30775
"(0.8323660714285714, 0.9734722222222224)",1,95.9107801797454,30776
"(0.8823631647905025, 0.9577861163227016)",1,95.90999529099427,30777
"(0.8501768299217661, 0.965497521921464)",1,95.90982393770884,30778
"(0.9408601779678556, 0.9574505911522484)",1,95.90968344753472,30779
"(0.8457446808510638, 0.9868055555555556)",1,95.90963071875044,30780
"(0.8650226969848408, 0.9734722222222224)",2,95.90960414951591,30782
"(0.9027777777777778, 0.9734722222222224)",1,95.90936591741507,30783
"(0.9447018709564609, 0.9424323293938236)",1,95.90930678311862,30784
"(0.952503401360544, 0.9595374149659864)",1,95.90924868098293,30785
"(0.7555555555555554, 1.0)",1,95.90915544325154,30786
"(0.8837209302325582, 0.9667774086378738)",1,95.90905405490705,30787
"(0.8880350522413213, 0.9774943735933984)",1,95.90894731665024,30788
"(0.8604651162790697, 0.9774943735933984)",1,95.90874049209316,30789
"(0.7325581395348837, 0.9667774086378738)",1,95.90866691149374,30790
"(0.9406095584301136, 0.9537087912087912)",3,95.90856120509092,30793
"(0.9586520604621642, 0.9650363879165252)",3,95.90850139589624,30796
"(0.910924131602386, 0.9612261904761904)",1,95.9083785672673,30797
"(0.8353118227451768, 0.9658154816997468)",1,95.90828347422372,30798
"(0.8170400723750731, 0.9774943735933984)",1,95.90828058618594,30799
"(0.9351600241545894, 0.9748677248677248)",1,95.90815736438934,30800
"(0.8373852304418176, 0.961770130454341)",2,95.90805576194452,30802
"(0.8986318234610918, 0.9650363879165252)",1,95.90802910609514,30803
"(0.9002770083102493, 0.9648977033360302)",1,95.90801787812876,30804
"(0.8590498776009793, 0.9667774086378738)",2,95.90798402231816,30806
"(0.9191387446502536, 0.996078431372549)",1,95.90788835678114,30807
"(0.8282752506308395, 0.9667774086378738)",1,95.90784439219962,30808
"(0.8799035686171609, 0.9665714285714284)",1,95.90781397039147,30809
"(0.9390638788116482, 0.9688819909986466)",2,95.907794503878,30811
"(0.874025901365936, 0.9775193798449612)",1,95.90774099861808,30812
"(0.9259560057540158, 0.9754166666666668)",1,95.90765757898492,30813
"(0.829021222931391, 0.98711247296323)",3,95.90755147394287,30816
"(0.7973166368515204, 0.965497521921464)",2,95.9073940488596,30818
"(0.9343548387096776, 0.9866666666666666)",1,95.9072866371466,30819
"(0.8047996976568405, 0.9743589743589745)",1,95.9070630145728,30820
"(0.6156045751633987, 1.0)",1,95.90702786642647,30821
"(0.905151943324208, 0.9571428571428572)",1,95.90701661719112,30822
"(0.9601840736294516, 0.9576029606661498)",1,95.9069075299934,30823
"(0.8459679855028692, 0.9774943735933984)",1,95.90687996053644,30824
"(0.8376971865343958, 0.965497521921464)",1,95.90671900593452,30825
"(0.9031297003355316, 0.9667774086378738)",1,95.90671035524072,30826
"(0.8132390951302638, 0.9736842105263158)",2,95.90666867086026,30828
"(0.8837209302325582, 0.9774943735933984)",1,95.90657965364925,30829
"(0.9665714285714284, 0.9612261904761904)",1,95.90652245384815,30830
"(0.917509305210918, 0.9767241379310344)",1,95.90637397506464,30831
"(0.9224211423699916, 0.9696969696969696)",2,95.90634484643095,30833
"(0.9721176108033788, 0.9406095584301136)",1,95.90606590744314,30834
"(0.8693120323003425, 0.9650363879165252)",3,95.90584440289996,30837
"(0.9320451606275656, 0.9667712327175554)",1,95.90574408161538,30838
"(0.8459679855028692, 0.965497521921464)",1,95.9057278092128,30839
"(0.5951421188630491, 1.0)",1,95.90564528651235,30840
"(0.8680075424261471, 0.9667774086378738)",1,95.905613959603,30841
"(0.8221586782861291, 0.9866666666666666)",1,95.90547339191988,30842
"(0.9678608196882048, 0.9608918659970924)",3,95.90539631707564,30845
"(0.9374844260560896, 0.9665714285714284)",1,95.90506876690706,30846
"(0.8179251985756162, 0.9648977033360302)",1,95.90495050681908,30847
"(0.809724025974026, 0.9754464285714284)",1,95.90471360152078,30848
"(0.9586520604621642, 0.9503404207824095)",1,95.9043875038372,30849
"(0.8434846806939831, 0.965497521921464)",1,95.9041807063058,30850
"(0.8650226969848408, 0.9734722222222224)",1,95.90416081461872,30851
"(0.8978798708330872, 0.9610152916073968)",1,95.90411731338808,30852
"(0.9031297003355316, 0.9667774086378738)",2,95.90411510159636,30854
"(0.9574568288854002, 0.9612261904761904)",1,95.90384444773538,30855
"(0.8816773504273504, 0.9574505911522484)",1,95.90357818318653,30856
"(0.6732053542472674, 0.9753378972246756)",1,95.903481565085,30857
"(0.9226438267614736, 0.9541309523809522)",1,95.90338170072792,30858
"(0.9492266992266992, 0.9868055555555556)",1,95.90329010810424,30859
"(0.9625936563436563, 0.9625936563436563)",1,95.90318263316122,30860
"(0.8273348098929494, 0.9550387596899224)",1,95.90310733994788,30861
"(0.9432302504125708, 0.9715797169307606)",1,95.90310629692684,30862
"(0.9450706646294882, 0.9612261904761904)",1,95.9025360375091,30863
"(0.9391627846790888, 0.9612261904761904)",3,95.90251058495429,30866
"(0.8888888888888888, 1.0)",1,95.90246024588984,30867
"(0.8379287658123746, 0.9601840736294516)",1,95.90224452434478,30868
"(0.919687006945461, 0.9734722222222224)",1,95.9022023536659,30869
"(0.8031631097560976, 0.9868055555555556)",2,95.90212042433492,30871
"(0.9064516129032258, 0.9754464285714284)",2,95.90207472120848,30873
"(0.9222222222222224, 0.9765017117958296)",1,95.90176306848512,30874
"(0.9647217861503576, 0.9679608656649474)",1,95.90151691325786,30875
"(0.93916595083917, 0.9657079385975222)",1,95.90149326129536,30876
"(0.8443223443223443, 0.9866666666666666)",1,95.90142610819674,30877
"(0.7344488561164682, 0.9774943735933984)",1,95.90135384000094,30878
"(0.9230769230769232, 1.0)",2,95.90107347925598,30880
"(0.8875342734038387, 0.9866666666666666)",1,95.90104637935887,30881
"(0.8776804590758078, 0.965497521921464)",1,95.90099294928255,30882
"(0.8837209302325582, 0.9667774086378738)",1,95.9009899416726,30883
"(0.952503401360544, 0.9650363879165252)",1,95.90076598510284,30884
"(0.955544662122821, 0.9579966888808584)",1,95.90074286829116,30885
"(0.8738126483317046, 0.9764161220043572)",1,95.90068659290166,30886
"(0.9236094950800832, 0.992156862745098)",1,95.9006169639957,30887
"(0.8604651162790697, 0.9774943735933984)",1,95.9005132004262,30888
"(0.96625, 0.9754464285714284)",1,95.90050175465028,30889
"(0.7413014722797331, 0.9866666666666666)",1,95.90049077101398,30890
"(0.8273348098929494, 0.9774943735933984)",1,95.90047278665088,30891
"(0.9696969696969696, 1.0)",1,95.8999117136863,30892
"(0.9406095584301136, 0.9635619016637234)",1,95.89968651852492,30893
"(0.9595374149659864, 0.9537087912087912)",1,95.89967147402808,30894
"(0.8455292702485967, 0.9767441860465116)",1,95.8996131872107,30895
"(0.8755813953488372, 0.9667774086378738)",2,95.8995095447015,30897
"(0.944540304191448, 0.9555491383616382)",2,95.89938289317854,30899
"(0.944540304191448, 0.9612261904761904)",1,95.89930199047592,30900
"(0.9081468615856708, 0.9648977033360302)",1,95.89924307022422,30901
"(0.8046779964221825, 0.965497521921464)",2,95.89914765599194,30903
"(0.9172932330827066, 1.0)",1,95.8990681676636,30904
"(0.9399223139548216, 0.967228528838436)",1,95.89901922806357,30905
"(0.8890722680670169, 0.9885627144491042)",2,95.8990013657628,30907
"(0.8323660714285714, 0.9868055555555556)",1,95.89894427895666,30908
"(0.8550741594067247, 0.9885627144491042)",1,95.89893350282024,30909
"(0.8582837837837838, 0.9754464285714284)",2,95.89842421235652,30911
"(0.8946441155743481, 0.9550387596899224)",1,95.89841111187124,30912
"(0.9688764394646748, 0.9673702974012572)",2,95.89834379560877,30914
"(0.943792719255964, 0.9650363879165252)",1,95.89815032875984,30915
"(0.8604651162790697, 0.9667774086378738)",1,95.89805430628348,30916
"(0.9535924585381664, 0.9696381743256742)",2,95.897832005722,30918
"(0.8870067649538378, 0.9667774086378738)",1,95.89768814143994,30919
"(0.9555491383616382, 0.9574505911522484)",1,95.89743589185142,30920
"(0.8837209302325582, 0.9774943735933984)",1,95.8972507749393,30921
"(0.9696969696969696, 0.9841269841269842)",1,95.89696198693058,30922
"(0.7610695631528964, 0.9743589743589745)",1,95.89661559965096,30923
"(0.896551724137931, 1.0)",1,95.89658933437045,30924
"(0.7984394527261589, 0.9757627776664424)",1,95.89627157158134,30925
"(0.8590556730091613, 0.9553888472118032)",1,95.89626331361944,30926
"(0.8791954022988505, 0.9734722222222224)",1,95.89609896044831,30927
"(0.8919095971175892, 0.9667774086378738)",1,95.89606195305002,30928
"(0.8765565134099617, 0.9866666666666666)",2,95.89577520991229,30930
"(0.8204161317928969, 0.9692634363686996)",2,95.89570398441148,30932
"(0.8282752506308395, 0.9667774086378738)",1,95.8956806369751,30933
"(0.9232966136270908, 0.9601840736294516)",1,95.89564077654722,30934
"(0.6936758628990197, 0.9774943735933984)",1,95.89561751471612,30935
"(0.8756319514661275, 0.9550387596899224)",1,95.89549481950812,30936
"(0.8680075424261471, 0.9563953488372092)",1,95.89542308788492,30937
"(0.8961538461538462, 0.9754464285714284)",1,95.89532417406214,30938
"(0.892733134920635, 0.9748677248677248)",1,95.89531510278208,30939
"(0.9565375499581746, 0.93916595083917)",1,95.89516727890891,30940
"(0.7518810204481623, 0.9737035979559588)",1,95.89463153129986,30941
"(0.938570380142761, 0.9678608196882048)",1,95.89451119854624,30942
"(0.7690274841437632, 0.9774943735933984)",1,95.89447536531635,30943
"(0.9333333333333332, 0.9841269841269842)",1,95.89436788223544,30944
"(0.8736448679839133, 0.9694279341856143)",3,95.8943259635996,30947
"(0.8232281991085706, 0.9630672573903032)",1,95.89424615714977,30948
"(0.7862679955703211, 0.9667774086378738)",2,95.89424336149102,30950
"(0.9065990619121548, 0.9574505911522484)",3,95.8941829955804,30953
"(0.8582837837837838, 0.9754464285714284)",1,95.89391513428272,30954
"(0.8872598584428717, 0.9667774086378738)",2,95.8939020407554,30956
"(0.955544662122821, 0.9642857142857144)",1,95.89387506240466,30957
"(0.915422077922078, 0.9754464285714284)",1,95.89380387694496,30958
"(0.8986318234610918, 0.9574505911522484)",1,95.89377847566271,30959
"(0.9391627846790888, 0.9618138828565136)",3,95.89376610077107,30962
"(0.8890863872430693, 0.9678053830227744)",1,95.89375767081832,30963
"(0.7988631272401433, 0.9866666666666666)",1,95.89310550120146,30964
"(0.8446379408861877, 0.9868055555555556)",1,95.89284945110036,30965
"(0.8975847069597069, 0.9657079385975222)",2,95.89280074336688,30967
"(0.8744995950480157, 0.9767441860465116)",1,95.89269420822248,30968
"(0.8619951040391676, 0.9550387596899224)",1,95.89267656549634,30969
"(0.9031297003355316, 0.9667774086378738)",1,95.89256826599764,30970
"(0.8078308130291714, 0.9885627144491042)",2,95.89253230133524,30972
"(0.877599715099715, 0.9868055555555556)",1,95.89228864970958,30973
"(0.8198932646301067, 0.9754464285714284)",1,95.89198888703422,30974
"(0.8183575715604802, 0.9692634363686996)",1,95.8916867047151,30975
"(0.925553613053613, 0.9868055555555556)",1,95.89151278480249,30976
"(0.9586520604621642, 0.9537087912087912)",3,95.89112372843054,30979
"(0.9841269841269842, 0.9841269841269842)",1,95.89068620146942,30980
"(0.9259560057540158, 0.9714285714285714)",1,95.89025569775606,30981
"(0.8919095971175892, 0.9667774086378738)",1,95.8901055436964,30982
"(0.9688819909986466, 0.9678053830227744)",1,95.88997921285218,30983
"(0.9278900902053612, 0.9647217861503576)",1,95.88996864419188,30984
"(0.9302579365079364, 0.9868055555555556)",1,95.88959354474986,30985
"(0.754310536919606, 0.9777708302224876)",1,95.88954410256346,30986
"(0.8157493041213971, 0.9415378750109974)",1,95.88950987517404,30987
"(0.9571395713710704, 0.9645607615220874)",1,95.8892811424594,30988
"(0.8581587837837837, 0.9624656593406592)",1,95.88899449445606,30989
"(0.9408668730650154, 0.9825319426526432)",1,95.88893047804022,30990
"(0.9031297003355316, 0.9667774086378738)",1,95.88891879770124,30991
"(0.7973484848484849, 0.9629629629629628)",1,95.8888515702692,30992
"(0.844758764317945, 0.9774943735933984)",2,95.88861638834592,30994
"(0.8502024291497975, 0.9658154816997468)",2,95.88851388151872,30996
"(0.9574505911522484, 0.9688819909986466)",1,95.88848031060591,30997
"(0.9450706646294882, 0.9612261904761904)",1,95.88844253470972,30998
"(0.8683241252302025, 0.9648977033360302)",1,95.8883286943303,30999
"(0.8074442213565879, 0.9763513513513512)",1,95.88812950339104,31000
"(0.8917857142857143, 0.9574505911522484)",1,95.888036067316,31001
"(0.8282752506308395, 0.9667774086378738)",3,95.8880105986884,31004
"(0.7199074074074072, 0.9658154816997468)",3,95.88795226147404,31007
"(0.8232424833126587, 0.9698969646338068)",1,95.88781725209968,31008
"(0.9571428571428572, 0.9586520604621642)",1,95.88770831070708,31009
"(0.992156862745098, 0.8409873763434135)",1,95.8875547592104,31010
"(0.9433680972830336, 0.9678053830227744)",1,95.88726441422494,31011
"(0.875869740093878, 0.9734722222222224)",2,95.88698695284914,31013
"(0.8731060606060606, 0.9748677248677248)",1,95.88695477195353,31014
"(0.8683060291615228, 0.965497521921464)",1,95.88683938692404,31015
"(0.9426783174151596, 0.9696381743256742)",2,95.88675168858131,31017
"(0.8666060577471494, 0.9550387596899224)",1,95.88670153673588,31018
"(0.8837209302325582, 0.9774943735933984)",1,95.88655709218509,31019
"(0.9586520604621642, 0.9657079385975222)",1,95.8863210511809,31020
"(0.8921607065475332, 0.9775193798449612)",1,95.88625235294246,31021
"(0.825249169435216, 0.965497521921464)",1,95.88616275632214,31022
"(0.8872598584428717, 0.9667774086378738)",2,95.88605370859489,31024
"(0.7081939799331105, 0.986574074074074)",1,95.88590656505734,31025
"(0.9135802469135802, 1.0)",1,95.88565305827062,31026
"(0.8177555579773321, 0.9624656593406592)",1,95.88561788549046,31027
"(0.93218671679198, 0.9612261904761904)",1,95.88552788848526,31028
"(0.7644216248867413, 0.9667774086378738)",1,95.88548013465088,31029
"(0.9499194985912254, 0.9625936563436563)",4,95.88511750497833,31033
"(0.7528945327288341, 0.977381219493529)",1,95.88507741328448,31034
"(0.9386724386724388, 0.9841269841269842)",1,95.88495384289524,31035
"(0.8890722680670169, 0.9774943735933984)",1,95.88479582036828,31036
"(0.9464079225584776, 0.9574505911522484)",3,95.88470931344288,31039
"(0.9498577524893316, 0.9612261904761904)",1,95.88464668380864,31040
"(0.8305244327276152, 0.9667774086378738)",2,95.88453918547508,31042
"(0.8680075424261471, 0.9667774086378738)",1,95.88443996272004,31043
"(0.9211400121926436, 0.9612261904761904)",3,95.88440346201288,31046
"(0.8376971865343958, 0.9546136534133534)",1,95.884304903084,31047
"(0.7549430260540522, 0.973463847846432)",1,95.8840976724018,31048
"(0.8443223443223443, 0.9866666666666666)",1,95.88401475355008,31049
"(0.950682393081946, 0.9647217861503576)",1,95.8839588355043,31050
"(0.8680075424261471, 0.9667774086378738)",2,95.88383989004036,31052
"(0.9351600241545894, 0.9748677248677248)",1,95.88375596831158,31053
"(0.8590498776009793, 0.9667774086378738)",2,95.88365651186916,31055
"(0.8170400723750731, 0.9767441860465116)",1,95.88363739321667,31056
"(0.919047619047619, 1.0)",1,95.8835586783462,31057
"(0.8680075424261471, 0.9667774086378738)",1,95.88352795166315,31058
"(0.8619951040391676, 0.943982716990723)",1,95.88351854225428,31059
"(0.8995660342409569, 0.9554098688819938)",1,95.88330579204256,31060
"(0.710494931425164, 0.9550387596899224)",1,95.88297956253204,31061
"(0.8831064306064307, 0.9722222222222222)",1,95.8829658336095,31062
"(0.9333333333333332, 1.0)",1,95.88290604833011,31063
"(0.8305244327276152, 0.9667774086378738)",1,95.88256596807176,31064
"(0.8840890522875817, 0.9868055555555556)",1,95.88240095481166,31065
"(0.8065179582561031, 0.9735466388349676)",1,95.8823751198561,31066
"(0.5105729166666667, 0.9750437773608504)",1,95.88228792996226,31067
"(0.8305244327276152, 0.9667774086378738)",2,95.8821388322628,31069
"(0.5943117201606165, 0.9825319426526432)",1,95.88213283649952,31070
"(0.8133720930232559, 0.9667774086378738)",1,95.88213059644453,31071
"(0.9433680972830336, 0.9541309523809522)",1,95.88198383846984,31072
"(0.7800259083338473, 0.9885627144491042)",1,95.88197145337276,31073
"(0.944540304191448, 0.9625936563436563)",1,95.8819602048174,31074
"(0.8881381381381382, 0.9748677248677248)",1,95.88192454794256,31075
"(0.743708721419064, 0.97297418226022)",1,95.88190722267036,31076
"(0.8469839324618735, 1.0)",1,95.88189228398451,31077
"(0.906439024390244, 0.9612261904761904)",1,95.88186976402984,31078
"(0.9499369338378628, 0.9825319426526432)",1,95.88186586267815,31079
"(0.8942415173616616, 0.9612261904761904)",3,95.88155787302324,31082
"(0.8179251985756162, 0.9737148229943366)",1,95.88143396170553,31083
"(0.8350168350168351, 1.0)",1,95.88105862592724,31084
"(0.8837209302325582, 0.9774943735933984)",2,95.8810413822929,31086
"(0.9344155844155844, 0.9595374149659864)",1,95.88097522708028,31087
"(0.9481474980306196, 0.9642857142857144)",4,95.8806380342154,31091
"(0.7295480549199085, 0.9780571219715956)",3,95.88046263761176,31094
"(0.8372177118327734, 0.9658154816997468)",3,95.8804132564428,31097
"(0.906765625, 0.9879464285714284)",2,95.88037568948263,31099
"(0.9595374149659864, 0.9625936563436563)",1,95.88006419131068,31100
"(0.9388029361942404, 0.9618138828565136)",1,95.88004454445942,31101
"(0.9019323671497586, 0.9743589743589745)",1,95.88004002911867,31102
"(0.8680075424261471, 0.9667774086378738)",1,95.87997673223045,31103
"(0.9259266756635176, 0.9568870566527607)",1,95.87996556229548,31104
"(0.9055383852258851, 0.9647156084656086)",1,95.87984289482516,31105
"(0.8871004696987055, 0.965497521921464)",1,95.879767365203,31106
"(0.7294483504597079, 0.9774943735933984)",2,95.87973260152856,31108
"(0.8113181219906367, 0.9868055555555556)",1,95.87968460431848,31109
"(0.91775, 0.9624821937321938)",1,95.87967622734106,31110
"(0.9570332480818412, 0.9380552220888356)",1,95.87962299473456,31111
"(0.8587799123693967, 0.965497521921464)",2,95.8794848030891,31113
"(0.8927951388888888, 0.9722222222222222)",1,95.87943942208108,31114
"(0.7973166368515204, 0.9546136534133534)",1,95.87936478303702,31115
"(0.8351193705914272, 0.9913490623109498)",1,95.87932607621931,31116
"(0.794285714285714, 0.9667774086378738)",1,95.87931776869549,31117
"(0.8197707811194652, 0.9667712327175554)",3,95.87921257533746,31120
"(0.8557419333086079, 0.9727638167328804)",2,95.8790617737972,31122
"(0.9534840838509316, 0.9650363879165252)",3,95.87893907027204,31125
"(0.867704307568438, 0.9734722222222224)",2,95.87890543398976,31127
"(0.9586520604621642, 0.9612261904761904)",1,95.87876253557972,31128
"(0.9363885088919288, 0.9667774086378738)",1,95.87870916504328,31129
"(0.961342940685046, 0.9678608196882048)",1,95.87842472916736,31130
"(0.9618138828565136, 0.9645607615220874)",2,95.87804338984212,31132
"(0.8081234068076173, 0.9648977033360302)",3,95.8779677998946,31135
"(0.8448688271604938, 0.9868055555555556)",1,95.87776510709288,31136
"(0.8616019521984972, 0.9743380900595217)",2,95.87764842570208,31138
"(0.8663406611415462, 0.9574505911522484)",3,95.87764748083902,31141
"(0.8318452380952381, 0.9734722222222224)",2,95.87752874416395,31143
"(0.7956776428149589, 0.9550387596899224)",1,95.8774472645018,31144
"(0.8956505897276728, 0.9579551650296714)",1,95.87741031647876,31145
"(0.952503401360544, 0.9570371875635032)",1,95.87735660253377,31146
"(0.8365744453354719, 0.9546136534133534)",1,95.87728528988134,31147
"(0.931377923976608, 0.9913490623109498)",1,95.87723962794296,31148
"(0.8550387596899225, 0.9774943735933984)",1,95.87693084710077,31149
"(0.8836091234347048, 0.9563953488372092)",1,95.87684879759354,31150
"(0.8807058823529411, 0.9670076726342712)",1,95.87660025541396,31151
"(0.8902777777777777, 0.9734722222222224)",1,95.87630653721,31152
"(0.9292946051030736, 0.9650363879165252)",1,95.87629872657337,31153
"(0.8755813953488372, 0.9667774086378738)",1,95.87629226730805,31154
"(0.8880350522413213, 0.9667774086378738)",1,95.8761209883084,31155
"(0.5450239419215323, 0.9862535552430068)",1,95.87584017955324,31156
"(0.8601973684210527, 0.9825319426526432)",1,95.87541290195696,31157
"(0.903764513477412, 0.960607978267748)",1,95.87538084957694,31158
"(0.9104761904761904, 0.9729166666666668)",1,95.87534948166316,31159
"(0.9445350241545892, 1.0)",1,95.87525776021596,31160
"(0.9625936563436563, 0.9608348284368692)",1,95.8748600240256,31161
"(0.7025855842842699, 0.9667774086378738)",1,95.87461899368492,31162
"(0.9045169946332738, 0.9667774086378738)",1,95.87456815008665,31163
"(0.8832713293650792, 0.9650363879165252)",1,95.87384963473944,31164
"(0.8778462998102468, 0.9866666666666666)",1,95.87382762645105,31165
"(0.8693120323003425, 0.9574505911522484)",3,95.87356596348576,31168
"(0.9118986880466472, 0.9541309523809522)",2,95.8730236122384,31170
"(0.9657079385975222, 0.9643596441509156)",1,95.87291830929728,31171
"(0.8177555579773321, 0.9503723544973544)",1,95.87286009041824,31172
"(0.8542381497013597, 0.9667774086378738)",1,95.87272983420635,31173
"(0.8177555579773321, 0.9638392857142858)",1,95.87225454793276,31174
"(0.9185588416618146, 0.9657079385975222)",1,95.87181255643488,31175
"(0.8762664758354415, 0.9714285714285714)",1,95.87160434493708,31176
"(0.8875342734038387, 0.9866666666666666)",1,95.87151944606173,31177
"(0.883580779054917, 1.0)",2,95.87149984445158,31179
"(0.8424947145877378, 0.9667774086378738)",1,95.87149506222808,31180
"(0.8680075424261471, 0.9667774086378738)",1,95.87101766337813,31181
"(0.832288597755908, 0.965497521921464)",1,95.87098130473308,31182
"(0.8837209302325582, 0.9774943735933984)",1,95.87069304140424,31183
"(0.8965217391304348, 0.9734722222222224)",1,95.8706514601546,31184
"(0.9460618398175734, 0.9574505911522484)",1,95.87020182846706,31185
"(0.9444444444444444, 1.0)",1,95.87019782471312,31186
"(0.9060206664893564, 0.9737148229943366)",1,95.86999805281208,31187
"(0.8305244327276152, 0.9667774086378738)",2,95.86997507703828,31189
"(0.8545352150003314, 0.965497521921464)",1,95.86996773906134,31190
"(0.8837209302325582, 0.9774943735933984)",1,95.86991946148964,31191
"(0.7862679955703211, 0.9667774086378738)",2,95.86991585104198,31193
"(0.8752365981200475, 0.95)",1,95.8698116236364,31194
"(0.8705805822084891, 0.9774943735933984)",1,95.86979934370557,31195
"(0.9541062801932368, 0.9866666666666666)",1,95.86965718707364,31196
"(0.8837209302325582, 0.9774943735933984)",1,95.86962374084676,31197
"(0.8880350522413213, 0.9667774086378738)",2,95.8695699680058,31199
"(0.954682426948052, 0.9642166226376752)",1,95.86954164181924,31200
"(0.8535457949758153, 0.9868055555555556)",1,95.8695298299746,31201
"(0.9665714285714284, 0.9608348284368692)",1,95.8694973530952,31202
"(0.8811223571749888, 0.9568870566527607)",3,95.86939832580369,31205
"(0.8836091234347048, 0.9667774086378738)",2,95.8693233093968,31207
"(0.8871004696987055, 0.9774943735933984)",1,95.8692709881566,31208
"(0.8434846806939831, 0.965497521921464)",2,95.86915095561297,31210
"(0.7862679955703211, 0.9774943735933984)",1,95.86913103724814,31211
"(0.8965217391304348, 0.9734722222222224)",1,95.8690973303226,31212
"(0.8589726631393297, 1.0)",1,95.86895124997764,31213
"(0.8604651162790697, 0.9774943735933984)",1,95.86887691762443,31214
"(0.7081625209067293, 0.9781614000609122)",1,95.8682628513158,31215
"(0.936026936026936, 1.0)",1,95.8681965246333,31216
"(0.8232281991085706, 0.960414372935642)",1,95.86819287901264,31217
"(0.8503062961566976, 0.9528092667566352)",1,95.86813022476495,31218
"(0.7912149559946379, 0.9604697507658034)",1,95.86810898220662,31219
"(0.8671417195826613, 0.9667774086378738)",2,95.86785728337406,31221
"(0.7245388933440257, 0.9775193798449612)",2,95.8678222421271,31223
"(0.8170400723750731, 0.9774943735933984)",1,95.86767976841377,31224
"(0.6790332474543002, 0.9648977033360302)",1,95.86764606695084,31225
"(0.8837209302325582, 0.9667774086378738)",1,95.86723439348138,31226
"(0.8040021929824561, 0.9648977033360302)",1,95.8672192023528,31227
"(0.9044642857142856, 0.9665714285714284)",1,95.86708892868911,31228
"(0.9191387446502536, 0.9847494553376906)",1,95.866996937167,31229
"(0.7987835673811283, 0.9734722222222224)",1,95.86699292915593,31230
"(0.8138881768037778, 0.9886710239651416)",2,95.86696464374435,31232
"(0.8535457949758153, 0.9729166666666668)",1,95.86676501755532,31233
"(0.8664772536511667, 0.97264562100012)",1,95.86642462514736,31234
"(0.9268160835762876, 0.9645607615220874)",1,95.86641497648505,31235
"(0.8727305120627135, 0.9651951748860688)",1,95.86622304550598,31236
"(0.9539715664536326, 0.9473039215686276)",1,95.86621697063704,31237
"(0.996078431372549, 0.9816305469556244)",2,95.86621420768486,31239
"(0.9185588416618146, 0.9618138828565136)",3,95.86592583157248,31242
"(0.8473809523809523, 0.9754464285714284)",1,95.8659065727582,31243
"(0.8604651162790697, 0.9775193798449612)",1,95.86560580931236,31244
"(0.986574074074074, 0.9734722222222224)",1,95.86557079237622,31245
"(0.8791239816084535, 0.9601840736294516)",1,95.86517220046964,31246
"(1.0, 1.0)",1,95.86516114100944,31247
"(0.9399748585795098, 0.960414372935642)",1,95.86510990061667,31248
"(0.9625936563436563, 0.95474577471438)",1,95.86498709233992,31249
"(0.942599584906604, 0.9577861163227016)",1,95.86480812762352,31250
"(0.8693120323003425, 0.9541309523809522)",1,95.86441996306588,31251
"(0.4804040404040404, 0.9868055555555556)",1,95.86439443961152,31252
"(0.9495131982526256, 0.9625936563436563)",1,95.8643859204659,31253
"(0.7081625209067293, 0.9780571219715956)",3,95.8642481574033,31256
"(0.9333333333333332, 0.9841269841269842)",2,95.86397943572764,31258
"(0.7987835673811283, 0.9734722222222224)",2,95.86393839851748,31260
"(0.896551724137931, 1.0)",1,95.86392545918976,31261
"(0.7025855842842699, 0.9667774086378738)",1,95.8639109418248,31262
"(0.8997086999609598, 0.9715797169307606)",1,95.86387891207684,31263
"(0.904439990281827, 0.9574505911522484)",1,95.86369704577702,31264
"(1.0, 1.0)",1,95.86368477150204,31265
"(0.8177555579773321, 0.9624656593406592)",1,95.86328320498195,31266
"(0.9333333333333332, 0.9841269841269842)",1,95.86277588253748,31267
"(0.9220534262485482, 0.9681338377164)",2,95.8627661615196,31269
"(0.8586291309669523, 0.9774943735933984)",1,95.86276087885412,31270
"(0.8582837837837838, 0.9754464285714284)",1,95.86265215284902,31271
"(0.6817662805944057, 0.9754464285714284)",1,95.8625971233206,31272
"(0.9433680972830336, 0.9595374149659864)",1,95.86235352127996,31273
"(0.9462631140307872, 0.9612261904761904)",1,95.86217038713212,31274
"(0.8666060577471494, 0.9774943735933984)",1,95.86203297719894,31275
"(0.4792742006421251, 0.9852979767628206)",1,95.8618023155336,31276
"(0.9224211423699916, 1.0)",1,95.86163428206908,31277
"(0.6396617032392895, 0.9624656593406592)",2,95.861443849087,31279
"(0.8872598584428717, 0.9667774086378738)",1,95.8613544587888,31280
"(0.8871004696987055, 0.9774943735933984)",1,95.86122206363042,31281
"(0.9354509320175438, 0.9737148229943366)",1,95.86091555296692,31282
"(0.8569104506604507, 0.9868055555555556)",1,95.86082386652274,31283
"(0.8439484126984128, 1.0)",1,95.860801239594,31284
"(0.7973484848484849, 0.9743589743589745)",1,95.86058521406224,31285
"(0.7895348837209303, 0.965497521921464)",1,95.86050469739271,31286
"(0.9444444444444444, 1.0)",1,95.86025917091489,31287
"(0.9534840838509316, 0.9579551650296714)",1,95.86015668127428,31288
"(0.5232482898517689, 0.9769819548865863)",1,95.86005509806095,31289
"(0.8163854689162486, 0.9885627144491042)",1,95.86001787124844,31290
"(0.9144192834138488, 0.9868055555555556)",1,95.85993871066462,31291
"(0.8457575757575757, 0.9868055555555556)",1,95.85993351188726,31292
"(0.8046935824713601, 1.0)",1,95.85986916478063,31293
"(0.93916595083917, 0.9688819909986466)",1,95.85985361548526,31294
"(0.8837209302325582, 0.9667774086378738)",1,95.8597563582166,31295
"(0.8872598584428717, 0.9667774086378738)",1,95.85959389193071,31296
"(0.8531211750305999, 0.965497521921464)",1,95.85957632972692,31297
"(0.9047558922558924, 0.9868055555555556)",1,95.85926786920672,31298
"(0.8890863872430693, 0.9650363879165252)",1,95.85915183972229,31299
"(0.8587799123693967, 0.965497521921464)",1,95.85901194463544,31300
"(0.915494777499728, 0.9535924585381664)",1,95.85900299143398,31301
"(0.9169201764231004, 0.9652297777949396)",1,95.85899953949703,31302
"(0.4896538918597742, 0.9866666666666666)",1,95.8588832629665,31303
"(0.9386148272017838, 0.9868055555555556)",1,95.85884448647792,31304
"(0.8567397660818714, 0.9868055555555556)",1,95.85883819255346,31305
"(0.9565217391304348, 0.9841269841269842)",1,95.85880770770645,31306
"(0.9272486772486772, 0.9743589743589745)",2,95.85868374701208,31308
"(0.8666666666666667, 1.0)",1,95.85843878352658,31309
"(0.899997244510117, 0.969913169748696)",1,95.85841682103111,31310
"(0.8946441155743481, 0.9550387596899224)",1,95.8582259009998,31311
"(0.919687006945461, 0.9748677248677248)",1,95.8582224530938,31312
"(0.8370512373649356, 0.9829335242869076)",2,95.8576598729006,31314
"(0.9191742887131236, 0.9647217861503576)",1,95.85762411804596,31315
"(0.8119667022792024, 0.9996221405228758)",1,95.85749655547562,31316
"(0.899997244510117, 0.9737148229943366)",1,95.85746234273196,31317
"(0.9001409893736627, 0.9612261904761904)",3,95.85731183750757,31320
"(0.9618138828565136, 0.9586520604621642)",1,95.85724583010328,31321
"(0.899997244510117, 0.9648977033360302)",3,95.8571849658528,31324
"(0.8977777777777779, 1.0)",1,95.85714160235904,31325
"(0.908998988877654, 0.9667774086378738)",1,95.85713325098244,31326
"(0.9031297003355316, 0.9667774086378738)",1,95.85710806205309,31327
"(0.9665714285714284, 0.9574505911522484)",1,95.8571033237873,31328
"(0.9302579365079364, 0.9734722222222224)",2,95.85695881916124,31330
"(0.9595374149659864, 0.9688819909986466)",1,95.85691422896149,31331
"(0.8763978494623655, 0.9734722222222224)",1,95.8568810948684,31332
"(0.9248366013071896, 1.0)",1,95.85683319058263,31333
"(0.8892740936103763, 0.9770698621978008)",2,95.85679509270624,31335
"(0.9408601779678556, 0.9508739421428176)",1,95.85677413934631,31336
"(0.944540304191448, 0.960607978267748)",1,95.85677347852356,31337
"(0.9003322259136212, 0.9563953488372092)",1,95.8565734728384,31338
"(0.8365744453354719, 0.965497521921464)",1,95.85641281454892,31339
"(0.8177555579773321, 0.9754464285714284)",1,95.8560079711826,31340
"(0.6817662805944057, 0.9624656593406592)",1,95.8559846456178,31341
"(0.8604651162790697, 0.9667774086378738)",1,95.85594563852422,31342
"(0.7245388933440257, 0.965497521921464)",2,95.8558003842036,31344
"(0.8494949494949495, 0.9734722222222224)",1,95.85577813604746,31345
"(0.943792719255964, 0.9612261904761904)",1,95.8556452435262,31346
"(0.8956505897276728, 0.9612261904761904)",3,95.85556970304464,31349
"(0.8590036231884057, 0.9734722222222224)",1,95.85546264124568,31350
"(0.8680075424261471, 0.9667774086378738)",1,95.8553057775674,31351
"(0.9185588416618146, 0.960607978267748)",1,95.85513314725442,31352
"(0.8600272232304901, 1.0)",1,95.85508064460323,31353
"(0.9499194985912254, 0.9595374149659864)",1,95.85498940687272,31354
"(0.8752365981200475, 0.9612261904761904)",4,95.85490893420554,31358
"(0.922050500014663, 1.0)",1,95.8548809502186,31359
"(0.809724025974026, 0.9647321428571428)",1,95.85487925762462,31360
"(0.8271323663565043, 0.9868055555555556)",4,95.85486211972987,31364
"(0.535927454498031, 0.9838940349494152)",1,95.85482047531296,31365
"(0.5310797459421314, 0.980013501350135)",1,95.8547733710452,31366
"(0.9787811022617652, 0.9579966888808584)",1,95.8547374100619,31367
"(0.9214157914304304, 0.9625936563436563)",1,95.85472736237897,31368
"(0.9618138828565136, 0.9595374149659864)",1,95.85470218330796,31369
"(0.9447018709564609, 0.9774943735933984)",1,95.8545322141203,31370
"(0.7990036820446177, 0.9868055555555556)",2,95.85436538178566,31372
"(0.7646229739252995, 0.9774943735933984)",1,95.85434328894922,31373
"(0.9177054478301016, 0.969913169748696)",4,95.8541077322626,31377
"(0.8997086999609598, 0.9715797169307606)",1,95.85406744095548,31378
"(0.9408601779678556, 0.9579551650296714)",1,95.8540629065744,31379
"(0.8300280681378243, 0.9729166666666668)",1,95.85395020090522,31380
"(0.8831064306064307, 0.9868055555555556)",1,95.85391371045009,31381
"(0.9224211423699916, 1.0)",1,95.85391203186768,31382
"(0.8489948371838136, 0.9601840736294516)",1,95.85389680707702,31383
"(0.8786453242098404, 0.9722222222222222)",1,95.85386849837263,31384
"(0.9612261904761904, 0.9555491383616382)",1,95.85382507336264,31385
"(0.7566647759500852, 0.965497521921464)",1,95.85371872345156,31386
"(0.9541309523809522, 0.9635619016637234)",3,95.85370696650313,31389
"(0.8550741594067247, 0.9885627144491042)",1,95.85368662781882,31390
"(0.8762664758354415, 0.9574505911522484)",1,95.85368581575194,31391
"(0.8426812585499316, 0.9667774086378738)",1,95.85330513455234,31392
"(0.9, 1.0)",1,95.85324005916112,31393
"(0.9374844260560896, 0.9650363879165252)",1,95.85300119152878,31394
"(0.8700357638518202, 0.9780571219715956)",1,95.85299253976036,31395
"(0.8581587837837837, 0.9754464285714284)",1,95.85280027410045,31396
"(0.8837209302325582, 0.965497521921464)",1,95.85256880299052,31397
"(0.96625, 0.9754464285714284)",2,95.85250588379884,31399
"(0.9696969696969696, 0.9841269841269842)",1,95.85241552523578,31400
"(0.9035087719298246, 0.9782702035744222)",1,95.85227777388664,31401
"(0.6775462962962963, 0.9734722222222224)",1,95.85223996348071,31402
"(0.8551296720061023, 1.0)",1,95.85218781823512,31403
"(0.9172932330827066, 1.0)",1,95.85206472293586,31404
"(0.8641929499072356, 0.9595374149659864)",1,95.8520410063698,31405
"(0.9555491383616382, 0.9357142857142856)",1,95.85200967334175,31406
"(0.9259560057540158, 0.9665714285714284)",3,95.85195891295196,31409
"(0.8753462245347001, 0.96004600460046)",1,95.85188713953626,31410
"(0.9223809523809524, 0.9866666666666666)",1,95.85178253954078,31411
"(0.9346399099774944, 0.9550387596899224)",1,95.85159628162036,31412
"(0.8019390581717452, 0.9782702035744222)",4,95.85158688652376,31416
"(0.8837209302325582, 0.9774943735933984)",1,95.85154995463247,31417
"(0.9144192834138488, 0.9868055555555556)",1,95.85146257285558,31418
"(0.908998988877654, 0.9667774086378738)",2,95.85134999030916,31420
"(0.8426812585499316, 0.9667774086378738)",1,95.85115919492516,31421
"(0.8375522452041583, 0.9415378750109974)",1,95.8509345486696,31422
"(0.8864775461106655, 0.9430166863749836)",1,95.85070633679372,31423
"(0.8827565726955972, 0.9625936563436563)",3,95.85053889885673,31426
"(0.905151943324208, 0.9606447334368527)",3,95.85053251660884,31429
"(0.8282752506308395, 0.9667774086378738)",1,95.85051313088417,31430
"(0.8186504754267384, 0.9774943735933984)",1,95.85046107644828,31431
"(0.4432805247702946, 0.9868055555555556)",1,95.85038891454232,31432
"(0.7644216248867413, 0.9667774086378738)",1,95.85038657424062,31433
"(0.8387491609744542, 0.965497521921464)",1,95.85022042739148,31434
"(0.8731060606060606, 0.9743589743589745)",1,95.84989226778244,31435
"(0.8806818181818181, 0.9868055555555556)",1,95.84982085604511,31436
"(0.710494931425164, 0.965497521921464)",1,95.84980417700356,31437
"(0.8439572704081633, 0.9366855850867478)",1,95.84953043927108,31438
"(0.6914339324445751, 0.9764730680201342)",1,95.84950755310088,31439
"(0.9465811965811968, 1.0)",1,95.84943537880864,31440
"(0.8627653708298868, 0.9734722222222224)",1,95.84933160875852,31441
"(0.8581587837837837, 0.9624656593406592)",1,95.84932584662356,31442
"(0.9841269841269842, 0.9841269841269842)",1,95.84931452966292,31443
"(0.7245388933440257, 0.9774943735933984)",1,95.8492957545523,31444
"(0.95474577471438, 0.9612261904761904)",3,95.84900373332265,31447
"(0.9571428571428572, 0.9645607615220874)",3,95.84897180166878,31450
"(0.9060206664893564, 0.9571415605540404)",1,95.8489296232142,31451
"(0.9003322259136212, 0.9885627144491042)",1,95.84887563244976,31452
"(0.8837209302325582, 0.9667774086378738)",1,95.84880193329212,31453
"(0.8542381497013597, 0.9667774086378738)",1,95.84840232375733,31454
"(1.0, 0.996078431372549)",1,95.8481194572969,31455
"(0.8946752284039163, 0.9618138828565136)",1,95.84802831836636,31456
"(0.9368482142857144, 0.9608348284368692)",1,95.8479620971802,31457
"(0.905649630541872, 0.9624656593406592)",1,95.8479535965001,31458
"(0.9253196022727272, 0.9574505911522484)",1,95.8479296952579,31459
"(0.9226438267614736, 0.9574505911522484)",1,95.84782828264164,31460
"(0.7959305979857629, 0.965497521921464)",1,95.84780349785196,31461
"(0.8966049382716049, 0.9868055555555556)",1,95.8475246604465,31462
"(0.8683060291615228, 0.943982716990723)",1,95.84718045387967,31463
"(0.8924167302313756, 0.9610152916073968)",1,95.847160406836,31464
"(0.919687006945461, 0.9748677248677248)",1,95.8471599200508,31465
"(0.8339212842322631, 0.9550387596899224)",1,95.8471575183649,31466
"(0.9366629231646204, 0.9595374149659864)",1,95.84709298529712,31467
"(0.8693120323003425, 0.9574505911522484)",1,95.8470235625312,31468
"(0.8890722680670169, 0.9774943735933984)",1,95.84657069447344,31469
"(0.9498577524893316, 0.9612261904761904)",6,95.84650209251711,31475
"(0.9026816400797126, 0.9612261904761904)",1,95.8464542483146,31476
"(0.7294483504597079, 0.9774943735933984)",1,95.84630335265506,31477
"(0.8584326321395287, 0.9574505911522484)",1,95.84621751141266,31478
"(0.8837209302325582, 0.9667774086378738)",2,95.84598915260648,31480
"(0.9565375499581746, 0.9688819909986466)",1,95.84588692184512,31481
"(0.7645977317029949, 0.9648977033360302)",1,95.84565057822545,31482
"(0.9426994258113802, 0.9595374149659864)",1,95.84552305267148,31483
"(0.9492266992266992, 0.9868055555555556)",1,95.84536651482388,31484
"(0.9278900902053612, 0.9574505911522484)",1,95.8452971100443,31485
"(0.8956505897276728, 0.9688819909986466)",3,95.84505126503612,31488
"(0.8832713293650792, 0.9645607615220874)",1,95.84504078532429,31489
"(0.8978798708330872, 0.9610152916073968)",2,95.84489498643886,31491
"(0.8786453242098404, 0.9866666666666666)",1,95.84488803204329,31492
"(0.9035087719298246, 0.9736842105263158)",1,95.84463270159702,31493
"(0.9763834422657952, 0.9827450980392156)",2,95.84462376522114,31495
"(0.8713213409717444, 0.9658154816997468)",3,95.84432330235448,31498
"(0.9507101086048454, 1.0)",1,95.8443223120793,31499
"(0.93218671679198, 0.9650363879165252)",1,95.84424575902987,31500
"(0.9308485656257932, 0.9606447334368527)",1,95.84415308098062,31501
"(0.8473809523809523, 0.9754464285714284)",1,95.84409044614544,31502
"(0.8926559394175094, 0.9694279341856143)",1,95.84389021208337,31503
"(0.9201573680323905, 0.9657451923076924)",1,95.84309593151592,31504
"(0.8487390350877192, 0.9736842105263158)",1,95.84304168630511,31505
"(0.9088431305536568, 0.9649122807017544)",1,95.842867597442,31506
"(0.8563074352548036, 0.9868055555555556)",1,95.8426590616418,31507
"(0.9078178834366952, 0.9574505911522484)",1,95.84225357709629,31508
"(0.8923108552631579, 0.961770130454341)",1,95.84225114000128,31509
"(0.9426994258113802, 0.9650363879165252)",1,95.8422284843499,31510
"(0.8680075424261471, 0.9667774086378738)",1,95.84222104361665,31511
"(0.7561876009638551, 0.967319450218659)",4,95.84213077389823,31515
"(0.8065226115972981, 0.9868508075744916)",1,95.84199846617226,31516
"(0.9131182795698924, 0.9879464285714284)",1,95.841972274537,31517
"(0.9226438267614736, 0.9574505911522484)",1,95.84175256224997,31518
"(0.7325581395348837, 0.9667774086378738)",1,95.84154941931862,31519
"(0.904439990281827, 0.9665714285714284)",2,95.84143737148425,31521
"(0.9674603174603176, 1.0)",2,95.8413675161405,31523
"(0.8691933668722457, 0.9658154816997468)",1,95.8412972425665,31524
"(0.913656690746474, 0.9694279341856143)",3,95.8412232009892,31527
"(0.934274781341108, 0.9503404207824095)",1,95.8411699841188,31528
"(0.7294483504597079, 0.965497521921464)",1,95.84115942728184,31529
"(0.8190309499878695, 0.9774943735933984)",1,95.84070869937204,31530
"(0.9214157914304304, 0.9612261904761904)",1,95.84063973418338,31531
"(0.8632677198614513, 0.960414372935642)",1,95.84048983059138,31532
"(0.7633014441837972, 0.9736006626207804)",1,95.84045882133408,31533
"(0.8837209302325582, 0.9774943735933984)",1,95.84045287581311,31534
"(0.8581587837837837, 0.9754464285714284)",1,95.84024686625855,31535
"(0.9027274557165862, 0.9748677248677248)",1,95.84013139354632,31536
"(0.8757566103854729, 0.9667774086378738)",1,95.84003025305222,31537
"(0.9346399099774944, 0.9774943735933984)",1,95.83990957403708,31538
"(0.8503896103896105, 0.9612261904761904)",1,95.83986050270626,31539
"(0.9092261904761906, 0.9734722222222224)",1,95.83964058169173,31540
"(0.8837209302325582, 0.9774943735933984)",1,95.83955310296056,31541
"(0.9465769388085848, 0.9612261904761904)",3,95.83947841313608,31544
"(0.9606447334368527, 0.9642857142857144)",4,95.83946335384825,31548
"(0.813953488372093, 0.9774943735933984)",1,95.83925357028998,31549
"(0.8887419165196943, 0.9734722222222224)",1,95.83923153239208,31550
"(0.9268160835762876, 0.9577081026208932)",1,95.83920281170602,31551
"(0.9366629231646204, 0.9650363879165252)",1,95.83915842657431,31552
"(0.946764828738513, 0.9537087912087912)",1,95.83892720774568,31553
"(0.910924131602386, 0.9579551650296714)",1,95.83869613247003,31554
"(0.8448736477904788, 0.9774943735933984)",1,95.83863461210092,31555
"(0.9168478260869564, 0.986574074074074)",2,95.83848221600766,31557
"(0.5248560962846677, 0.9714285714285714)",1,95.83846721526278,31558
"(0.7359512839242569, 0.9764945373004584)",1,95.83805288638888,31559
"(0.8013468013468013, 1.0)",1,95.8378631241231,31560
"(0.8468468468468467, 1.0)",1,95.83765663404446,31561
"(0.958531746031746, 0.9866666666666666)",1,95.83745553064055,31562
"(0.9460618398175734, 0.9642857142857144)",3,95.83736745882624,31565
"(0.8597992596530608, 0.9913490623109498)",1,95.83718339620953,31566
"(0.937762599469496, 0.9754464285714284)",1,95.8370985715849,31567
"(0.9346399099774944, 0.9550387596899224)",1,95.83709123684852,31568
"(0.8520449077786689, 0.9885627144491042)",1,95.83666446622124,31569
"(0.7537053571428572, 0.9643596441509156)",1,95.83656952547162,31570
"(0.8970155460303243, 0.9574505911522484)",1,95.83655526647684,31571
"(0.8680075424261471, 0.9667774086378738)",1,95.8365097441302,31572
"(0.8396845307996157, 0.9825319426526432)",1,95.83638284736982,31573
"(0.933229459603253, 0.9577861163227016)",1,95.83636694089424,31574
"(0.8316355404640634, 0.9694279341856143)",1,95.836361252015,31575
"(0.8665730967886818, 0.9650363879165252)",3,95.8362314983903,31578
"(0.9360538014841208, 0.95)",1,95.83609591104415,31579
"(0.955544662122821, 0.9571428571428572)",4,95.8360900927178,31583
"(0.9138847117794486, 0.9879901960784314)",1,95.83601139045192,31584
"(0.8586378737541528, 0.9885627144491042)",1,95.83600237622876,31585
"(0.7644216248867413, 0.9667774086378738)",1,95.83588403196028,31586
"(0.9350548459681588, 0.9777089783281734)",1,95.8356070846988,31587
"(0.9465769388085848, 0.95474577471438)",1,95.83560238639434,31588
"(0.9003322259136212, 0.9774943735933984)",2,95.83532008382618,31590
"(0.8680075424261471, 0.9667774086378738)",2,95.83512936856816,31592
"(0.7122923588039867, 0.9667774086378738)",1,95.83473938723851,31593
"(0.93916595083917, 0.9625936563436563)",1,95.83454900112216,31594
"(0.8666060577471494, 0.965497521921464)",1,95.83429364763354,31595
"(0.920171454161602, 0.9574505911522484)",3,95.83413423120722,31598
"(0.9565217391304348, 0.9841269841269842)",2,95.83368291942624,31600
"(0.9248591174906964, 0.961345766376726)",1,95.83358081080893,31601
"(0.9169701646090536, 0.9734722222222224)",1,95.83356142661596,31602
"(0.946764828738513, 0.9727638167328804)",1,95.83350033907072,31603
"(0.7956776428149589, 0.9774943735933984)",1,95.83308056681264,31604
"(0.8803770478529594, 0.9612261904761904)",1,95.8330518330613,31605
"(0.7553827974231563, 0.976713890141126)",1,95.8328345747503,31606
"(0.9078178834366952, 0.9612261904761904)",1,95.83282677909366,31607
"(0.9027777777777778, 0.9734722222222224)",1,95.83272592666567,31608
"(0.8946752284039163, 0.9688819909986466)",3,95.83258448802512,31611
"(0.9688819909986466, 0.9577081026208932)",1,95.83239323085678,31612
"(0.81878722576397, 0.9667774086378738)",1,95.83235832128958,31613
"(0.8190189403857904, 0.969913169748696)",4,95.83233005887168,31617
"(0.9002770083102493, 0.9692634363686996)",3,95.83230487266228,31620
"(0.9534840838509316, 0.9618138828565136)",1,95.83217453277686,31621
"(0.8886775717208655, 0.9604697507658034)",1,95.83215421951375,31622
"(0.9450706646294882, 0.95)",1,95.83210647232316,31623
"(0.9356619570905284, 0.9574505911522484)",1,95.83196251466816,31624
"(0.875869740093878, 0.9583928571428572)",1,95.83188908163028,31625
"(0.9647217861503576, 0.9716709318919264)",1,95.83174345483106,31626
"(0.9366629231646204, 0.9727638167328804)",1,95.83171566530184,31627
"(0.8919095971175892, 0.9667774086378738)",2,95.83159575052342,31629
"(0.944540304191448, 0.9565375499581746)",3,95.83145522830814,31632
"(0.892733134920635, 0.9868055555555556)",1,95.83139274522864,31633
"(0.7745765275257108, 0.9692634363686996)",1,95.83137887406272,31634
"(0.9571395713710704, 0.960607978267748)",1,95.8312711868878,31635
"(0.7598733131502533, 0.9749024833554696)",1,95.83124316395308,31636
"(0.8997086999609598, 0.9643596441509156)",1,95.8311761630267,31637
"(0.8351693186454507, 0.9663919763042904)",1,95.83103865052648,31638
"(1.0, 1.0)",1,95.83100034826955,31639
"(0.7294483504597079, 0.9774943735933984)",2,95.83086716116831,31641
"(0.8872877323964281, 0.9868055555555556)",1,95.83031800539008,31642
"(0.7795420040485829, 0.9604697507658034)",1,95.83031597024286,31643
"(0.6869607664843117, 0.9780969887955184)",1,95.83030571941572,31644
"(0.9645607615220874, 0.9643596441509156)",1,95.8302019630805,31645
"(0.9226438267614736, 0.9612261904761904)",3,95.82996789543456,31648
"(0.5960561819552873, 0.9825319426526432)",1,95.82966974530002,31649
"(0.8511627906976744, 0.9774943735933984)",2,95.8296495437442,31651
"(0.9495131982526256, 0.960607978267748)",1,95.82962882145928,31652
"(0.896551724137931, 1.0)",1,95.829617366349,31653
"(0.9035714285714284, 0.9866666666666666)",1,95.8291811966028,31654
"(0.9444444444444444, 1.0)",1,95.82904003652968,31655
"(0.7585615468820776, 0.9777708302224876)",3,95.82901635945215,31658
"(0.8860640954495006, 0.9618138828565136)",1,95.82891848897746,31659
"(0.4607310363833163, 0.9866127098321342)",1,95.82885390834232,31660
"(0.9070844099913866, 0.9774943735933984)",1,95.82878448685244,31661
"(0.9523529411764708, 0.9608348284368692)",1,95.82860281867796,31662
"(0.9094344316674038, 0.9678608196882048)",1,95.82826234056589,31663
"(0.8837209302325582, 0.9774943735933984)",1,95.82806714056808,31664
"(0.75036255069858, 0.9753397571606844)",1,95.82800678715007,31665
"(0.8774993038150933, 0.965842583177692)",1,95.82797845131444,31666
"(0.5192607186415236, 0.9692634363686996)",1,95.82790862004232,31667
"(0.8198932646301067, 0.9754464285714284)",1,95.82785994625378,31668
"(0.8426812585499316, 0.9667774086378738)",1,95.82775473369036,31669
"(0.8837209302325582, 0.965497521921464)",1,95.8277521882234,31670
"(0.9264176245210728, 0.9866666666666666)",1,95.82768357769667,31671
"(0.8619951040391676, 0.9550387596899224)",2,95.8274880470582,31673
"(0.9399404761904762, 0.9485046203796204)",2,95.82731203486554,31675
"(0.8316355404640634, 0.9648977033360302)",1,95.8272675933639,31676
"(0.8680075424261471, 0.9667774086378738)",1,95.82709898702662,31677
"(0.9027274557165862, 1.0)",1,95.826998994033,31678
"(0.904439990281827, 0.9574505911522484)",1,95.82689821571428,31679
"(0.9230769230769232, 1.0)",1,95.82673171499852,31680
"(0.9472884416924664, 0.9554511054820652)",1,95.82642443222517,31681
"(0.8753306878306878, 0.9722222222222222)",1,95.82641293461522,31682
"(0.961342940685046, 0.9608348284368692)",1,95.82621362747597,31683
"(0.8569104506604507, 0.9868055555555556)",1,95.82609563179452,31684
"(0.8827674567584882, 0.9642857142857144)",2,95.82588245158564,31686
"(0.9618138828565136, 0.9727638167328804)",2,95.8257767218172,31688
"(0.9374844260560896, 0.9657079385975222)",1,95.8257042362992,31689
"(0.9767195767195768, 1.0)",1,95.82569598861488,31690
"(0.8919095971175892, 0.9667774086378738)",1,95.82561953147848,31691
"(0.8544840720221607, 0.9737148229943366)",3,95.82559925979808,31694
"(0.7325581395348837, 0.9667774086378738)",1,95.8253691900112,31695
"(0.9023026315789472, 0.9754464285714284)",1,95.82526942213204,31696
"(0.869963187360994, 0.9579551650296714)",1,95.82524127511364,31697
"(0.9104993386243384, 0.986574074074074)",1,95.8251126978298,31698
"(0.8887191358024692, 0.9743589743589745)",1,95.82497569326856,31699
"(0.9606447334368527, 0.9541309523809522)",1,95.82496611731224,31700
"(0.7340720221606649, 0.9604697507658034)",3,95.82494455968312,31703
"(0.8179251985756162, 0.9736842105263158)",1,95.82491297229684,31704
"(0.8638474025974026, 0.9650363879165252)",1,95.8248424510556,31705
"(0.8762954142520705, 0.9774638802889576)",1,95.82472385988429,31706
"(0.7245388933440257, 0.965497521921464)",1,95.82465324605224,31707
"(0.93916595083917, 0.9618138828565136)",1,95.82459772899335,31708
"(0.8584326321395287, 0.9612261904761904)",1,95.82459143050012,31709
"(0.8778976239800449, 0.9612261904761904)",1,95.82441932578068,31710
"(0.863200629779577, 0.9740643495864882)",1,95.82430982448508,31711
"(0.7795420040485829, 0.9740643495864882)",1,95.8242440326957,31712
"(0.8186251108231603, 0.9546136534133534)",1,95.8241643721194,31713
"(0.8837209302325582, 0.9553888472118032)",1,95.8240252848854,31714
"(0.9476776665722468, 0.9625936563436563)",3,95.82384079879672,31717
"(0.8703659188034188, 0.9868055555555556)",1,95.82376274469662,31718
"(0.8434846806939831, 0.965497521921464)",1,95.82375660934784,31719
"(0.986574074074074, 0.9734722222222224)",2,95.8236811429188,31721
"(0.8467473884140551, 0.9743589743589745)",1,95.82364013260955,31722
"(0.9003322259136212, 0.9563953488372092)",1,95.82362680238614,31723
"(0.9674603174603176, 1.0)",1,95.82351736391382,31724
"(0.8569104506604507, 0.9868055555555556)",1,95.8232507910926,31725
"(0.8720649550142637, 0.9586520604621642)",1,95.82315599860316,31726
"(0.9027617951668586, 0.9525113127828196)",1,95.82308525442316,31727
"(0.8919095971175892, 0.9546136534133534)",1,95.8230794217029,31728
"(0.863200629779577, 0.9610152916073968)",1,95.82298769220704,31729
"(0.8186251108231603, 0.9767441860465116)",1,95.82298451592942,31730
"(0.9064516129032258, 0.9754464285714284)",1,95.8227211702736,31731
"(0.8185412856465489, 0.9694279341856143)",1,95.82269538032328,31732
"(0.9491329966329968, 0.9702786377708978)",1,95.82262218001785,31733
"(0.9001409893736627, 0.9625936563436563)",1,95.8225845685647,31734
"(0.8190309499878695, 0.965497521921464)",1,95.82224313333133,31735
"(0.9565217391304348, 1.0)",1,95.82224130935056,31736
"(0.93916595083917, 0.9736054421768708)",1,95.8221903550895,31737
"(0.934274781341108, 0.961342940685046)",1,95.8221361405677,31738
"(0.9318646435925092, 0.95474577471438)",1,95.82210468545622,31739
"(0.8040021929824561, 0.9648977033360302)",1,95.82208244036764,31740
"(0.8322048866647042, 0.9774943735933984)",1,95.8217020777784,31741
"(0.9278900902053612, 0.9571428571428572)",1,95.82148524883384,31742
"(0.9450706646294882, 0.9650363879165252)",1,95.82139806321943,31743
"(0.9436930909314628, 0.9612261904761904)",1,95.82133059931704,31744
"(0.8693120323003425, 0.9574505911522484)",2,95.82121010689193,31746
"(0.9841269841269842, 1.0)",2,95.82115615128087,31748
"(0.9308485656257932, 0.9541309523809522)",1,95.82086258321814,31749
"(0.7913531453472169, 0.9577861163227016)",1,95.82084036413954,31750
"(0.8774993038150933, 0.9694095827515072)",1,95.82078927250132,31751
"(0.663584722091454, 0.961770130454341)",1,95.8206585752764,31752
"(0.9365750528541228, 0.9775193798449612)",1,95.82055426473,31753
"(0.9185588416618146, 0.9595374149659864)",1,95.8203783307902,31754
"(0.8516362734449852, 0.9648977033360302)",1,95.82036700953276,31755
"(0.919047619047619, 1.0)",1,95.82033766330676,31756
"(0.9428571428571428, 0.9612261904761904)",1,95.82014198468714,31757
"(0.9032873606650292, 0.9574505911522484)",3,95.82001634945586,31760
"(0.9289529914529916, 1.0)",1,95.8199669483186,31761
"(0.9032873606650292, 0.9612261904761904)",1,95.81971303069405,31762
"(0.7644216248867413, 0.9667774086378738)",1,95.81924391168587,31763
"(0.863200629779577, 0.9788110478899952)",3,95.81900304480818,31766
"(0.7578281449973651, 0.9792219063454206)",1,95.8189108811549,31767
"(0.9618138828565136, 0.9736054421768708)",1,95.81846970732651,31768
"(0.8638474025974026, 0.9650363879165252)",1,95.8182877573178,31769
"(0.8946752284039163, 0.95)",1,95.81814637226698,31770
"(0.950682393081946, 0.962023133116883)",1,95.81803062430858,31771
"(0.7547562359331114, 0.9706670320941032)",4,95.8178925342486,31775
"(0.8888888888888888, 1.0)",1,95.81786159324176,31776
"(0.8198932646301067, 0.9754464285714284)",1,95.817793835358,31777
"(0.9478270609318996, 1.0)",1,95.81760054449802,31778
"(0.9366629231646204, 0.9586520604621642)",1,95.8174165878,31779
"(0.8132390951302638, 0.9568870566527607)",3,95.81734739886872,31782
"(0.8837209302325582, 0.9667774086378738)",1,95.81731192867744,31783
"(0.9444444444444444, 1.0)",1,95.81726674409602,31784
"(0.9002103365384615, 0.9754464285714284)",2,95.81726426165844,31786
"(0.8832713293650792, 0.9612261904761904)",1,95.81702730096792,31787
"(0.7987835673811283, 0.9734722222222224)",1,95.81671062381362,31788
"(0.8531211750305999, 0.9774943735933984)",1,95.8166359281172,31789
"(0.9358208839091192, 0.97317738791423)",1,95.81656005143824,31790
"(0.809724025974026, 0.9754464285714284)",1,95.81641798216212,31791
"(0.8638474025974026, 0.9612261904761904)",1,95.81636711968756,31792
"(0.8778462998102468, 0.9866666666666666)",2,95.81612635759804,31794
"(0.8322048866647042, 0.9774943735933984)",1,95.81608599592614,31795
"(0.9343548387096776, 0.9866666666666666)",1,95.81549903122004,31796
"(0.7610695631528964, 0.9629629629629628)",1,95.81544982063586,31797
"(0.8817204301075269, 1.0)",1,95.81537611464042,31798
"(0.8347694683658232, 0.9658154816997468)",1,95.81534216058895,31799
"(0.9226705733973176, 0.9696381743256742)",1,95.81504660792278,31800
"(0.9495131982526256, 0.9635619016637234)",2,95.81495079493446,31802
"(0.9308485656257932, 0.9606447334368527)",1,95.81493533944686,31803
"(0.844758764317945, 0.9774943735933984)",1,95.81492038336624,31804
"(0.8072002923976609, 0.961770130454341)",1,95.8149147641386,31805
"(0.920419153009064, 0.969913169748696)",4,95.81472894567914,31809
"(0.9462631140307872, 0.9650363879165252)",1,95.81461970991444,31810
"(0.9405634236453204, 0.9754464285714284)",1,95.81451838840556,31811
"(0.8880350522413213, 0.9667774086378738)",2,95.81401149977368,31813
"(0.946764828738513, 0.9565375499581746)",1,95.8140047711576,31814
"(0.7359512839242569, 0.977336304643938)",1,95.8139556125771,31815
"(0.9302579365079364, 0.9734722222222224)",2,95.81370049454002,31817
"(0.7251179053504635, 0.9774943735933984)",1,95.81365388894916,31818
"(0.842841064926467, 0.9780571219715956)",1,95.8134737243312,31819
"(0.8521317829457364, 1.0)",1,95.81338926839504,31820
"(0.8198932646301067, 0.9638392857142858)",1,95.81336179713756,31821
"(0.839484868820503, 0.9825319426526432)",1,95.81328864891776,31822
"(1.0, 1.0)",1,95.81321130740696,31823
"(0.8756319514661275, 0.9774943735933984)",1,95.81310712787308,31824
"(0.7869981325863679, 1.0)",2,95.81306922166524,31826
"(0.880414795484889, 0.9537087912087912)",1,95.81261816037126,31827
"(0.8569104506604507, 0.9868055555555556)",1,95.81250431396548,31828
"(0.7025855842842699, 0.9667774086378738)",1,95.81248241301503,31829
"(0.8799035686171609, 0.9612261904761904)",3,95.81239563203982,31832
"(0.9326603084415584, 0.9595374149659864)",1,95.81236746405116,31833
"(0.8888888888888888, 1.0)",1,95.81229144785893,31834
"(0.785874326675308, 0.9750034240712206)",1,95.81228948673068,31835
"(0.8919095971175892, 0.9667774086378738)",1,95.81228629007924,31836
"(0.8132390951302638, 0.9694095827515072)",1,95.81227640713875,31837
"(0.8776804590758078, 0.9767441860465116)",1,95.8122631820508,31838
"(0.9595374149659864, 0.9688819909986466)",6,95.81211652391136,31844
"(0.8880350522413213, 0.9667774086378738)",1,95.81208505011946,31845
"(0.8407589540630476, 0.969913169748696)",1,95.81188671798296,31846
"(0.9350548459681588, 0.9777089783281734)",1,95.8118452625856,31847
"(0.7217510259917921, 0.9546136534133534)",1,95.81183628886188,31848
"(0.9318646435925092, 0.9541309523809522)",1,95.81183215313992,31849
"(0.9542023172905526, 0.9707143676183924)",1,95.81178597851796,31850
"(0.7690274841437632, 0.9774943735933984)",1,95.81171312862438,31851
"(0.9135802469135802, 1.0)",1,95.8111323925682,31852
"(0.7962242261245582, 0.9534883720930232)",1,95.811122355205,31853
"(0.77039068737284, 0.9546136534133534)",1,95.81084276360372,31854
"(0.9787811022617652, 0.9713960577118472)",1,95.81061789473908,31855
"(0.9230769230769232, 0.9841269841269842)",1,95.810549452564,31856
"(0.8600272232304901, 1.0)",1,95.81054031347126,31857
"(0.93218671679198, 0.9612261904761904)",4,95.81003859268512,31861
"(0.8761478039606152, 0.960414372935642)",1,95.80992306155844,31862
"(0.9649729659305584, 0.9569461827284104)",1,95.80976803859129,31863
"(0.8921775898520083, 0.9667081046663232)",1,95.809750459653,31864
"(0.9595374149659864, 0.9574505911522484)",1,95.80974003064708,31865
"(0.7644216248867413, 0.9667774086378738)",1,95.80966770753396,31866
"(0.9574568288854002, 0.9657079385975222)",1,95.80966632246556,31867
"(0.4432805247702946, 0.9868055555555556)",2,95.80964769934478,31869
"(0.7800259083338473, 0.9774943735933984)",1,95.80949288386697,31870
"(0.8837244897959183, 0.9665714285714284)",1,95.80929351413418,31871
"(0.9045169946332738, 0.9563953488372092)",1,95.80915521851276,31872
"(0.832288597755908, 0.9550387596899224)",1,95.80914235049292,31873
"(0.7183245275350538, 0.9788110478899952)",3,95.80903450506332,31876
"(0.9432302504125708, 0.9534623492499265)",1,95.8088648368202,31877
"(0.8133720930232559, 0.9667774086378738)",1,95.8088307949494,31878
"(0.8974472807991122, 0.9380552220888356)",1,95.80879256106638,31879
"(0.8680075424261471, 0.9667774086378738)",1,95.8086655173156,31880
"(0.870174510840825, 0.9577861163227016)",1,95.80864066221248,31881
"(0.9555491383616382, 0.9574505911522484)",1,95.80811132565884,31882
"(0.9150645514501796, 0.9577861163227016)",1,95.8081091702297,31883
"(0.92710864283235, 0.9885627144491042)",1,95.80788006408449,31884
"(0.9211400121926436, 0.9727638167328804)",1,95.80778740172325,31885
"(0.7690274841437632, 0.9774943735933984)",2,95.80776856478442,31887
"(0.7543995541933687, 0.9770148060682374)",1,95.80692680057966,31888
"(0.6396617032392895, 0.9754464285714284)",1,95.80691281064952,31889
"(0.8691933668722457, 0.9658154816997468)",3,95.80680753320244,31892
"(0.7745765275257108, 0.9692634363686996)",1,95.80680229050684,31893
"(0.8429058758006126, 0.9788110478899952)",1,95.80632256339312,31894
"(0.8351555421322864, 0.965497521921464)",1,95.80609501779428,31895
"(0.9678053830227744, 0.975060054907344)",1,95.8057965558632,31896
"(0.8752365981200475, 0.9612261904761904)",1,95.80578273246432,31897
"(0.8576680227137894, 0.969913169748696)",1,95.80562639691452,31898
"(0.8955165692007796, 0.9736842105263158)",1,95.80536023357948,31899
"(0.8255047951711248, 0.9767441860465116)",1,95.8051014213615,31900
"(0.9031297003355316, 0.9667774086378738)",1,95.8049094677671,31901
"(0.8424947145877378, 0.9667774086378738)",1,95.80478901719324,31902
"(0.955544662122821, 0.9574505911522484)",1,95.8047368341288,31903
"(0.9149095893513032, 0.9702918764035888)",1,95.8046283540546,31904
"(0.8365744453354719, 0.977638640429338)",1,95.80461592502488,31905
"(0.9579551650296714, 0.9595374149659864)",1,95.80461353738566,31906
"(0.8919095971175892, 0.9667774086378738)",1,95.80453342475366,31907
"(0.8459679855028692, 0.9774943735933984)",1,95.80439128791365,31908
"(0.931377923976608, 0.9736842105263158)",1,95.8041873385016,31909
"(0.8426812585499316, 0.9667774086378738)",2,95.80418326845889,31911
"(0.8183159722222222, 0.9507857142857142)",1,95.80411551712326,31912
"(0.9426994258113802, 0.9688819909986466)",1,95.80392852647562,31913
"(0.9253196022727272, 0.9612261904761904)",3,95.80384527406557,31916
"(0.942961408510189, 0.961342940685046)",1,95.80382738091032,31917
"(0.9202508960573476, 0.9868055555555556)",1,95.80378077867095,31918
"(0.8899110149110149, 0.9743589743589745)",1,95.80374441563671,31919
"(0.8983081723027375, 0.9729166666666668)",1,95.80367775897903,31920
"(0.9259560057540158, 0.9787811022617652)",1,95.80363318521664,31921
"(0.9523529411764708, 0.9642166226376752)",1,95.80354395493464,31922
"(0.4918539165237278, 0.9837536333802156)",1,95.80351283487352,31923
"(0.918078605068401, 0.9571428571428572)",1,95.8033921326571,31924
"(0.8975847069597069, 0.9574505911522484)",1,95.80330225269586,31925
"(0.9630672573903032, 0.9551820728291316)",1,95.80303368846154,31926
"(0.9064872325741892, 0.9748677248677248)",1,95.80301181401668,31927
"(0.8282752506308395, 0.9667774086378738)",1,95.80264020459332,31928
"(0.8584326321395287, 0.9612261904761904)",2,95.80250419156272,31930
"(0.8590498776009793, 0.9667774086378738)",2,95.802438225082,31932
"(0.8173976608187135, 0.969913169748696)",3,95.8022567220728,31935
"(0.8902777777777777, 0.9734722222222224)",2,95.80208722200337,31937
"(0.8946441155743481, 0.965497521921464)",2,95.80193280859638,31939
"(0.8837209302325582, 0.9774943735933984)",1,95.80166447380854,31940
"(0.8305244327276152, 0.9667774086378738)",1,95.8014219808272,31941
"(0.7245388933440257, 0.9774943735933984)",1,95.80129137276172,31942
"(0.8443223443223443, 0.9866666666666666)",1,95.80122942842814,31943
"(0.9081468615856708, 0.9694279341856143)",3,95.80106732795016,31946
"(0.8367625143940933, 0.9605856647968066)",1,95.80066127612557,31947
"(0.9534840838509316, 0.9612261904761904)",1,95.8005978359776,31948
"(0.9879901960784314, 0.8550312203562976)",1,95.80057481703632,31949
"(0.8832713293650792, 0.9625936563436563)",3,95.8004265435476,31952
"(0.7566647759500852, 0.9767441860465116)",1,95.80000558542362,31953
"(0.95536349042541, 0.9689684569479966)",1,95.7995077770836,31954
"(0.9674603174603176, 1.0)",1,95.79950117052866,31955
"(0.7987835673811283, 0.9866666666666666)",1,95.79948983812506,31956
"(0.9577861163227016, 0.962604085919332)",1,95.79944090386444,31957
"(0.7410714285714286, 1.0)",1,95.79931287308708,31958
"(0.8578111946532999, 0.9788110478899952)",1,95.79925760331436,31959
"(0.8901450053705692, 0.9694279341856143)",3,95.79905831366636,31962
"(0.9365750528541228, 0.9774943735933984)",1,95.79901319236662,31963
"(0.9333333333333332, 0.9841269841269842)",1,95.79886748605767,31964
"(0.8839586339586339, 0.9734722222222224)",1,95.7986095969604,31965
"(0.8563074352548036, 0.9868055555555556)",1,95.79855495605344,31966
"(0.8344950967399947, 0.9612261904761904)",2,95.79837231200344,31968
"(0.7325581395348837, 0.9667774086378738)",1,95.79819457335948,31969
"(0.9002770083102493, 0.9694095827515072)",1,95.79817258838474,31970
"(0.875869740093878, 0.9734722222222224)",1,95.79792862069723,31971
"(0.8842320470227447, 0.9667774086378738)",1,95.79788404856548,31972
"(0.9323306795245572, 0.9635619016637234)",1,95.79786422328944,31973
"(0.93916595083917, 0.9683214285714286)",1,95.7978368563092,31974
"(0.8586291309669523, 0.9774943735933984)",1,95.79776999305666,31975
"(0.8945130355728907, 0.965497521921464)",1,95.7976710908048,31976
"(0.8693120323003425, 0.9612261904761904)",1,95.79757039028856,31977
"(0.7365451388888888, 0.9868055555555556)",1,95.79750605759293,31978
"(0.8179251985756162, 0.9648977033360302)",1,95.79747694173228,31979
"(0.8467473884140551, 0.9866666666666666)",1,95.7973804802076,31980
"(0.8840890522875817, 0.9748677248677248)",1,95.79737112436818,31981
"(0.8978798708330872, 0.9651951748860688)",3,95.7973552368646,31984
"(0.9301248598635894, 0.9722879009260392)",2,95.79726480657266,31986
"(0.9408668730650154, 0.9694279341856143)",1,95.79704683679856,31987
"(0.8571428571428572, 1.0)",1,95.79703396549192,31988
"(0.9259560057540158, 0.9595374149659864)",3,95.79689454928231,31991
"(0.8919095971175892, 0.9667774086378738)",1,95.79672847423956,31992
"(0.8941062801932367, 0.9748677248677248)",1,95.79651019002355,31993
"(0.952503401360544, 0.9595374149659864)",1,95.7964681355733,31994
"(0.8604651162790697, 0.9885627144491042)",1,95.79644847511976,31995
"(0.9446101774042952, 0.9925925925925926)",1,95.79636465773284,31996
"(0.9064516129032258, 0.9754464285714284)",1,95.79612582318197,31997
"(0.710494931425164, 0.9667774086378738)",1,95.79584050074178,31998
"(0.8590498776009793, 0.9667774086378738)",1,95.79578636912512,31999
"(0.9499369338378628, 0.9782702035744222)",1,95.79571116620338,32000
"(0.8421189622802525, 0.9868055555555556)",1,95.79560926281157,32001
"(0.8457446808510638, 0.9748677248677248)",1,95.79558934109544,32002
"(0.9696969696969696, 0.9841269841269842)",1,95.79544119799894,32003
"(0.8255813953488372, 0.965497521921464)",2,95.7953805780166,32005
"(0.9408601779678556, 0.9579551650296714)",1,95.79509119857345,32006
"(0.9555491383616382, 0.9586520604621642)",1,95.79504045377024,32007
"(0.8776804590758078, 0.9767441860465116)",1,95.79474731709858,32008
"(0.7294483504597079, 0.9774943735933984)",1,95.79467432409824,32009
"(0.9364583333333332, 0.9722222222222222)",2,95.79462587467884,32011
"(0.9088431305536568, 0.9652297777949396)",1,95.79444104630343,32012
"(0.8584326321395287, 0.9571428571428572)",1,95.79438029092444,32013
"(0.8956505897276728, 0.9657079385975222)",1,95.79417778494684,32014
"(0.9643596441509156, 0.9713960577118472)",1,95.79403546991144,32015
"(0.8646717600452744, 0.9658154816997468)",2,95.79401940383894,32017
"(0.8626885995307049, 0.9788110478899952)",3,95.79384480618998,32020
"(0.8753462245347001, 0.96004600460046)",1,95.79372524717284,32021
"(0.96, 0.96004600460046)",1,95.79364406187268,32022
"(0.8544840720221607, 0.969913169748696)",1,95.79357990884613,32023
"(0.8365744453354719, 0.965497521921464)",1,95.79355621557244,32024
"(0.9563063063063064, 0.9541309523809522)",2,95.79346767452569,32026
"(0.8942523459812323, 0.9698578833447256)",1,95.7934053648955,32027
"(0.8604651162790697, 0.9774943735933984)",1,95.79321078785652,32028
"(0.9125701913010372, 0.9736842105263158)",1,95.7931789183887,32029
"(0.8756319514661275, 0.9774943735933984)",1,95.79298771948808,32030
"(0.909209656084656, 0.986574074074074)",2,95.79291470703164,32032
"(0.785562382962099, 0.9988651610017888)",3,95.79288400599154,32035
"(0.8426812585499316, 0.9667774086378738)",1,95.7928544366347,32036
"(0.8487390350877192, 0.9649122807017544)",1,95.79275258517464,32037
"(0.9364583333333332, 0.9868055555555556)",1,95.79274352139642,32038
"(0.867704307568438, 0.9734722222222224)",1,95.79268182420044,32039
"(0.9, 0.9841269841269842)",1,95.79219640445558,32040
"(0.5943117201606165, 0.969913169748696)",3,95.79217282969528,32043
"(0.621292017900321, 0.9766988118856922)",1,95.79200371736704,32044
"(0.9095668859649124, 0.9648977033360302)",1,95.79197531554196,32045
"(0.7780910609857978, 0.969913169748696)",1,95.7919446413911,32046
"(0.8973017338668309, 0.961770130454341)",1,95.7918029585779,32047
"(0.8755813953488372, 0.9667774086378738)",2,95.7917561761118,32049
"(0.8952380952380952, 1.0)",1,95.79168945701215,32050
"(0.842841064926467, 0.9648977033360302)",1,95.79143701371471,32051
"(0.7998955722639932, 0.9692634363686996)",1,95.79136851742936,32052
"(0.7232797675460064, 0.9667774086378738)",1,95.79129966504678,32053
"(0.7646229739252995, 0.9774943735933984)",1,95.79115439695497,32054
"(0.9053333861260692, 0.952503401360544)",1,95.79109332952966,32055
"(0.8205662393162394, 0.9868055555555556)",2,95.79104467876444,32057
"(0.9391865079365078, 1.0)",1,95.79101968582351,32058
"(0.5960561819552873, 0.9825319426526432)",2,95.79092233837196,32060
"(0.8890722680670169, 0.9774943735933984)",1,95.79077859778596,32061
"(0.9555491383616382, 0.9618138828565136)",1,95.79064725731216,32062
"(0.8778976239800449, 0.9612261904761904)",1,95.79057352322378,32063
"(0.8598562378167641, 0.9604697507658034)",1,95.7905685236108,32064
"(0.832288597755908, 0.9774943735933984)",1,95.79052000608796,32065
"(0.5223765432098765, 0.9866666666666666)",1,95.7904769542229,32066
"(0.8736448679839133, 0.9651951748860688)",1,95.79023135020084,32067
"(0.8584326321395287, 0.9612261904761904)",1,95.7901339683114,32068
"(0.8837209302325582, 0.9774943735933984)",1,95.78996826338069,32069
"(0.8351555421322864, 0.965497521921464)",1,95.78968350711914,32070
"(0.8707729468599035, 0.9583928571428572)",1,95.7896454778448,32071
"(0.8198954044731278, 0.9767441860465116)",1,95.7896138998534,32072
"(0.9499194985912254, 0.951596182326806)",1,95.78942621301992,32073
"(0.9060206664893564, 0.9736842105263158)",1,95.78940638182678,32074
"(0.859735522115823, 0.9775193798449612)",1,95.78931118092284,32075
"(0.9230769230769232, 1.0)",1,95.78910397351702,32076
"(0.8346568349404424, 0.9550387596899224)",1,95.78896429810304,32077
"(0.7217510259917921, 0.9767441860465116)",1,95.7888851768563,32078
"(0.8434846806939831, 0.9546136534133534)",1,95.78878123067722,32079
"(0.7505398085966807, 0.9759518383047794)",1,95.78842537419663,32080
"(0.8581587837837837, 0.9754464285714284)",2,95.78831795008918,32082
"(0.8919095971175892, 0.9667774086378738)",2,95.7879235244566,32084
"(0.8586291309669523, 0.9774943735933984)",1,95.78786315115866,32085
"(0.9268160835762876, 0.9548607757926928)",1,95.78734393116906,32086
"(0.9333908045977012, 0.9637433687002652)",2,95.78732072365018,32088
"(0.8170400723750731, 0.9774943735933984)",1,95.78730649938608,32089
"(0.951596182326806, 0.9612261904761904)",1,95.78728432357411,32090
"(0.7217510259917921, 0.9767441860465116)",1,95.78720836096146,32091
"(0.9364583333333332, 0.9868055555555556)",1,95.78719768637404,32092
"(0.8917857142857143, 0.9612261904761904)",1,95.78706307941474,32093
"(0.954682426948052, 0.9574568288854002)",1,95.7870291246235,32094
"(0.8531211750305999, 0.9667774086378738)",1,95.78692883985882,32095
"(0.9310789204679486, 0.9696381743256742)",1,95.78677781241863,32096
"(0.9259560057540158, 0.9665714285714284)",1,95.78669168250008,32097
"(0.9138847117794486, 0.9879901960784314)",1,95.78659343612064,32098
"(0.7528945327288341, 0.973987935413418)",1,95.7865538636294,32099
"(0.9230116959064328, 0.9838235294117648)",2,95.7865486252029,32101
"(0.8755813953488372, 0.9667774086378738)",1,95.78651817042498,32102
"(0.8170400723750731, 0.9774943735933984)",2,95.78646705576588,32104
"(0.9067966182884708, 0.9577081026208932)",3,95.78629130451768,32107
"(0.8886710037305504, 0.9658154816997468)",3,95.78603415858086,32110
"(0.93218671679198, 0.952503401360544)",1,95.78598539574712,32111
"(0.8837209302325582, 0.9774943735933984)",1,95.78587623331948,32112
"(0.9508739421428176, 0.9612261904761904)",1,95.7856309161564,32113
"(0.9565217391304348, 1.0)",1,95.78517733552565,32114
"(0.8502024291497975, 0.969913169748696)",3,95.78517428798348,32117
"(0.8567397660818714, 0.9868055555555556)",1,95.78477288300095,32118
"(0.9601840736294516, 0.9551820728291316)",1,95.78471538584353,32119
"(0.9445350241545892, 1.0)",1,95.78462878044762,32120
"(0.8415692007797271, 1.0)",1,95.78462848023553,32121
"(0.8650226969848408, 0.9734722222222224)",1,95.78449000773888,32122
"(0.8837209302325582, 0.9774943735933984)",2,95.78441046538568,32124
"(0.8277537197423939, 0.965842583177692)",1,95.78439572432238,32125
"(0.8190309499878695, 0.9774943735933984)",1,95.78432590836285,32126
"(0.8604651162790697, 0.9667774086378738)",1,95.78430744976478,32127
"(0.8896256684491979, 0.9291764705882352)",1,95.78417471975128,32128
"(0.9095668859649124, 0.9692634363686996)",1,95.7841244868777,32129
"(0.9031778657278844, 0.9568870566527607)",1,95.78404651449716,32130
"(0.8799035686171609, 0.9696381743256742)",1,95.7840218177256,32131
"(0.8665730967886818, 0.9574505911522484)",3,95.78381002413715,32134
"(0.8686688472593915, 0.961770130454341)",1,95.78375718543226,32135
"(0.9722494553376908, 0.996078431372549)",1,95.78340841810042,32136
"(0.8734364847303443, 0.961770130454341)",3,95.78298892486576,32139
"(0.8908246225319396, 0.9618138828565136)",1,95.78297532801166,32140
"(0.9023026315789472, 0.9754464285714284)",1,95.7829592210279,32141
"(0.8305244327276152, 0.9667774086378738)",1,95.78291445372048,32142
"(0.8439484126984128, 1.0)",1,95.78275285223896,32143
"(0.8440126050420167, 0.9734722222222224)",1,95.78269712679928,32144
"(0.9308485656257932, 0.9541309523809522)",1,95.78266884274257,32145
"(0.8590027258042806, 0.9692634363686996)",1,95.78255860594336,32146
"(0.7566647759500852, 0.965497521921464)",1,95.7824474807695,32147
"(0.9374844260560896, 0.9574505911522484)",1,95.78241675233156,32148
"(0.8908246225319396, 0.9612261904761904)",1,95.78235639995243,32149
"(0.7677679255082008, 0.9774280311421704)",1,95.78213933614732,32150
"(0.9283194472668156, 0.9574505911522484)",3,95.78205275536276,32153
"(0.8663406611415462, 0.9574505911522484)",1,95.78203900648828,32154
"(0.9508739421428176, 0.9612261904761904)",1,95.78187544669042,32155
"(0.8655439921180962, 0.9651951748860688)",3,95.78173425003818,32158
"(1.0, 1.0)",1,95.78165403089233,32159
"(0.8469839324618735, 1.0)",1,95.78132802858904,32160
"(0.95, 0.9618138828565136)",1,95.78128470472738,32161
"(0.7362044405953198, 0.9781338906826248)",4,95.78100682364342,32165
"(0.8646717600452744, 0.9658154816997468)",1,95.78099625875032,32166
"(0.938570380142761, 0.9574505911522484)",1,95.78080373698364,32167
"(0.927777350854274, 0.9630672573903032)",1,95.78078361631164,32168
"(0.8604651162790697, 0.9667774086378738)",1,95.78062684024609,32169
"(0.9481474980306196, 0.9555491383616382)",2,95.7803602092862,32171
"(0.8467473884140551, 0.9866666666666666)",1,95.78035700892184,32172
"(0.8487500435828597, 0.9774943735933984)",1,95.78027573409378,32173
"(0.95, 0.9606615844690656)",1,95.78014381624826,32174
"(0.8765565134099617, 0.9734722222222224)",1,95.78009014290352,32175
"(0.905649630541872, 0.9754464285714284)",1,95.77951028734282,32176
"(0.9011039071107722, 0.9737148229943366)",1,95.77934120989914,32177
"(0.8264567669172932, 1.0)",1,95.779337048397,32178
"(0.9253196022727272, 0.9612261904761904)",1,95.77920048591896,32179
"(0.9391627846790888, 0.9571428571428572)",1,95.77916529505892,32180
"(0.7167919799498746, 1.0)",1,95.77912392045728,32181
"(0.8604651162790697, 0.9775193798449612)",1,95.7791144530752,32182
"(0.9426994258113802, 0.9586520604621642)",1,95.77906726453328,32183
"(0.9092261904761906, 0.9734722222222224)",1,95.77900132394537,32184
"(0.8986318234610918, 0.9574505911522484)",1,95.77882952846656,32185
"(0.883876357560568, 1.0)",1,95.77872958270204,32186
"(0.8323660714285714, 0.9868055555555556)",1,95.7785838025259,32187
"(0.9507101086048454, 0.9841269841269842)",1,95.778583089506,32188
"(0.8961538461538462, 0.9754464285714284)",1,95.77852705710734,32189
"(0.8744601655244425, 0.9692634363686996)",3,95.77848813753992,32192
"(0.903764513477412, 0.9565375499581746)",2,95.7784697210155,32194
"(0.91243961352657, 0.9734722222222224)",1,95.77844592247564,32195
"(0.7294483504597079, 0.9774943735933984)",1,95.7783776645507,32196
"(0.7853136031723004, 0.9630672573903032)",1,95.77836218149228,32197
"(0.946764828738513, 0.952503401360544)",1,95.778159029153,32198
"(0.8322048866647042, 0.9774943735933984)",1,95.77806338246673,32199
"(0.9003322259136212, 0.965497521921464)",1,95.777877644551,32200
"(0.9643596441509156, 0.954682426948052)",1,95.77785504045436,32201
"(0.9647217861503576, 0.9681338377164)",1,95.7777093363238,32202
"(0.915422077922078, 0.9754464285714284)",2,95.77759599073572,32204
"(0.846733425491981, 0.9612261904761904)",2,95.77757292784236,32206
"(0.8189184200812107, 0.943982716990723)",1,95.77744679034772,32207
"(0.8619951040391676, 0.9774943735933984)",1,95.7773922830863,32208
"(0.8372177118327734, 0.9658154816997468)",1,95.77735699460156,32209
"(0.8763636363636363, 1.0)",1,95.7772130282358,32210
"(0.906439024390244, 0.9612261904761904)",1,95.77684692178896,32211
"(0.7412473241246333, 0.9693471578056524)",1,95.77659676857677,32212
"(0.8671417195826613, 0.9667774086378738)",1,95.77659019535412,32213
"(0.903030492898914, 0.9555491383616382)",1,95.77658799864396,32214
"(0.9064516129032258, 0.9754464285714284)",1,95.77649112997211,32215
"(0.923620685701181, 0.996078431372549)",1,95.77643661193056,32216
"(0.8385579937304075, 0.9630672573903032)",1,95.7759126406253,32217
"(0.895751096491228, 0.9651951748860688)",1,95.77582496683084,32218
"(0.8646717600452744, 0.961770130454341)",3,95.77575925572232,32221
"(0.9586520604621642, 0.9612261904761904)",1,95.77574770913996,32222
"(0.8752365981200475, 0.9612261904761904)",1,95.77568348667656,32223
"(0.9176086048454468, 0.9635619016637234)",2,95.77565953721997,32225
"(0.8919095971175892, 0.9667774086378738)",1,95.77565811253405,32226
"(0.5951421188630491, 0.9885627144491042)",1,95.77547022191771,32227
"(0.8635440917107585, 0.974656862745098)",2,95.77545558900673,32229
"(0.8005366726296959, 0.9767441860465116)",1,95.775097880362,32230
"(0.9027274557165862, 1.0)",2,95.77453246580404,32232
"(0.9841269841269842, 1.0)",1,95.7745205515659,32233
"(0.8282752506308395, 0.9667774086378738)",1,95.77442314007897,32234
"(0.9433680972830336, 0.962023133116883)",1,95.77441258136808,32235
"(0.8946752284039163, 0.9574505911522484)",1,95.77432528486216,32236
"(0.9753376906318082, 0.992156862745098)",1,95.77423710570648,32237
"(0.9033347257031468, 0.961770130454341)",3,95.77420289694304,32240
"(0.908998988877654, 0.9667774086378738)",1,95.77407468037734,32241
"(0.6790332474543002, 0.9692634363686996)",2,95.7739446235166,32243
"(0.9064516129032258, 0.9624656593406592)",1,95.77390850617849,32244
"(0.8531211750305999, 0.9667774086378738)",1,95.77385718544376,32245
"(0.8823631647905025, 0.9577861163227016)",1,95.773700786684,32246
"(0.7610695631528964, 0.9743589743589745)",1,95.7736332456568,32247
"(0.9407729468599032, 1.0)",1,95.77359773205964,32248
"(0.6782946827273069, 0.9868055555555556)",1,95.7732769969402,32249
"(0.7566647759500852, 0.9767441860465116)",1,95.7732529279542,32250
"(0.8459679855028692, 0.9774943735933984)",1,95.77325052458504,32251
"(0.9090630853183156, 0.9733730612113028)",2,95.77322433221003,32253
"(0.9432302504125708, 0.9678053830227744)",1,95.77310863600478,32254
"(0.8634436934356743, 0.9550387596899224)",1,95.77305396344612,32255
"(0.8837209302325582, 0.9667774086378738)",1,95.77304050866265,32256
"(0.8919095971175892, 0.9667774086378738)",1,95.77300170565776,32257
"(0.77039068737284, 0.943982716990723)",1,95.7729483683692,32258
"(0.8023255813953488, 0.9667774086378738)",1,95.7728961699507,32259
"(0.946764828738513, 0.9645607615220874)",1,95.7728281240547,32260
"(0.9541309523809522, 0.9657079385975222)",1,95.77223012098,32261
"(0.9678608196882048, 0.9785754927860192)",1,95.77205188451144,32262
"(0.854478432131113, 0.9736842105263158)",1,95.77204870820415,32263
"(0.9302579365079364, 1.0)",2,95.7720026110624,32265
"(0.794285714285714, 0.9667774086378738)",1,95.77195583923556,32266
"(0.9657079385975222, 0.9713960577118472)",1,95.7717709493787,32267
"(0.9495131982526256, 0.9565375499581746)",3,95.77172633230856,32270
"(0.8557419333086079, 0.9657079385975222)",1,95.771665422292,32271
"(0.7496650452295612, 1.0)",1,95.77135518656388,32272
"(0.9565217391304348, 0.9841269841269842)",1,95.77122680870964,32273
"(0.8837209302325582, 0.9667774086378738)",1,95.77111123533496,32274
"(0.9666666666666668, 0.9841269841269842)",1,95.7711090285581,32275
"(0.8827674567584882, 0.9608348284368692)",3,95.77095109805268,32278
"(0.8511627906976744, 0.9774943735933984)",1,95.77081909847858,32279
"(0.905151943324208, 0.9608348284368692)",1,95.770574513023,32280
"(0.8762664758354415, 0.975060054907344)",1,95.770574013046,32281
"(0.9224211423699916, 1.0)",1,95.77053081252728,32282
"(0.9056772399713576, 0.9886710239651416)",1,95.77050260935418,32283
"(0.92466540837337, 0.9657079385975222)",1,95.7702996919569,32284
"(0.8282276376611791, 0.9788110478899952)",8,95.770214214147,32292
"(0.813859649122807, 0.9743589743589745)",1,95.77013862742996,32293
"(0.8766755371575004, 0.969913169748696)",4,95.7699593363006,32297
"(0.961342940685046, 0.9642857142857144)",1,95.76984382388004,32298
"(0.904439990281827, 0.9612261904761904)",1,95.7697543998284,32299
"(0.9064516129032258, 0.9754464285714284)",1,95.76975225564128,32300
"(0.92710864283235, 0.9774943735933984)",1,95.76960302415092,32301
"(0.8370512373649356, 0.9781614000609122)",1,95.76955021594596,32302
"(0.8473809523809523, 0.9638392857142858)",1,95.76953822005244,32303
"(0.8723154827968923, 0.9473039215686276)",3,95.7693365484715,32306
"(0.7800259083338473, 0.9774943735933984)",2,95.76927475124792,32308
"(0.9230769230769232, 1.0)",1,95.76913504083808,32309
"(0.8970155460303243, 0.9612261904761904)",1,95.76895706496846,32310
"(0.8418921990316867, 0.965497521921464)",1,95.7688104187231,32311
"(0.8837209302325582, 0.9563953488372092)",1,95.7687875462892,32312
"(0.919687006945461, 0.9734722222222224)",2,95.76877880378962,32314
"(0.8908246225319396, 0.9612261904761904)",1,95.76864302461308,32315
"(0.9005368150104993, 0.961770130454341)",1,95.76851952030805,32316
"(0.8396845307996157, 0.9611414900888584)",1,95.7683692709671,32317
"(0.8356902356902357, 0.9868055555555556)",2,95.76834840214022,32319
"(0.8434846806939831, 0.9546136534133534)",1,95.76797581585792,32320
"(0.8721016904486937, 0.9748441471272596)",4,95.76797326487464,32324
"(0.8766755371575004, 0.9667712327175554)",3,95.76780882899264,32327
"(0.7973484848484849, 0.9743589743589745)",1,95.7676439627496,32328
"(0.7956776428149589, 0.965497521921464)",1,95.767610318728,32329
"(0.8842320470227447, 0.9667774086378738)",1,95.76760272294484,32330
"(0.9625936563436563, 0.9696381743256742)",1,95.76754002793078,32331
"(0.8752365981200475, 0.9574505911522484)",1,95.76733870206148,32332
"(0.8887191358024692, 0.9734722222222224)",1,95.7671787709693,32333
"(0.9214157914304304, 0.9612261904761904)",1,95.76711225688292,32334
"(0.7399070627535194, 0.9854306220095694)",1,95.7668825485038,32335
"(0.954682426948052, 0.9645607615220874)",1,95.76686818780703,32336
"(0.9274482758620688, 0.9767241379310344)",1,95.76680686373132,32337
"(0.9191742887131236, 0.9678053830227744)",2,95.76636790913015,32339
"(0.8830174216027875, 0.9612261904761904)",3,95.76629022303264,32342
"(0.9078944034861038, 0.962604085919332)",1,95.76622053423742,32343
"(0.960607978267748, 0.9715797169307606)",2,95.76612334873391,32345
"(0.5225363786378638, 0.9794131167781196)",1,95.76608285135032,32346
"(0.9565217391304348, 1.0)",1,95.76607856942177,32347
"(0.9226705733973176, 0.9727638167328804)",1,95.76594742463314,32348
"(0.8273348098929494, 0.965497521921464)",1,95.76577431031892,32349
"(0.832288597755908, 0.9550387596899224)",1,95.7657178478314,32350
"(0.8590027258042806, 0.9692634363686996)",1,95.76547775058076,32351
"(0.9360538014841208, 0.9612261904761904)",3,95.76546514039396,32354
"(0.8970155460303243, 0.9650363879165252)",2,95.7654545342776,32356
"(0.77039068737284, 0.9534883720930232)",1,95.76541327659612,32357
"(0.8705290357677138, 0.9774943735933984)",1,95.76516206555668,32358
"(0.8810077519379845, 0.9767441860465116)",1,95.7651234115054,32359
"(0.8434846806939831, 0.9546136534133534)",1,95.7649986366979,32360
"(0.9540538847117792, 0.9534623492499265)",1,95.76496126929366,32361
"(0.8825795832865746, 0.9658154816997468)",1,95.76493091548642,32362
"(0.77039068737284, 0.9550387596899224)",1,95.7647926496923,32363
"(0.9140535714285716, 0.9650363879165252)",3,95.76460317152372,32366
"(0.8765565134099617, 0.9866666666666666)",1,95.76439529544884,32367
"(0.944540304191448, 0.9595374149659864)",1,95.7640332854747,32368
"(0.8700357638518202, 0.9913490623109498)",3,95.76401438445478,32371
"(0.8756319514661275, 0.9774943735933984)",1,95.76359739550988,32372
"(0.9541309523809522, 0.9495131982526256)",1,95.76354265529552,32373
"(0.8757566103854729, 0.9667774086378738)",1,95.76353512422202,32374
"(0.8888888888888888, 1.0)",1,95.76353324057985,32375
"(0.7959305979857629, 0.9767441860465116)",1,95.76352215603268,32376
"(0.8356705909510619, 0.9694279341856143)",1,95.76350743196733,32377
"(0.9462631140307872, 0.9650363879165252)",1,95.76342327452276,32378
"(0.8046779964221825, 0.9559943865276664)",1,95.76341715976794,32379
"(0.9399404761904762, 0.9665714285714284)",1,95.76341598259096,32380
"(0.9111616775696132, 0.9565375499581746)",1,95.76335583154808,32381
"(0.8837209302325582, 0.9667774086378738)",1,95.76333028011555,32382
"(0.8927951388888888, 0.9866666666666666)",1,95.7632825346609,32383
"(0.8919095971175892, 0.9667774086378738)",1,95.76325501175886,32384
"(0.8975847069597069, 0.9715797169307606)",1,95.76323536155716,32385
"(0.9364583333333332, 0.9868055555555556)",2,95.76286228895056,32387
"(0.9460618398175734, 0.9503404207824095)",1,95.76275876291876,32388
"(0.8919095971175892, 0.9667774086378738)",1,95.76268143986798,32389
"(0.8665730967886818, 0.9541309523809522)",1,95.76262317478614,32390
"(0.842841064926467, 0.9780571219715956)",1,95.7623738460166,32391
"(0.9570371875635032, 0.9555491383616382)",1,95.76229465408376,32392
"(0.8956505897276728, 0.9508739421428176)",1,95.76214206492484,32393
"(0.9216927182615324, 0.965497521921464)",1,95.7619968045343,32394
"(0.8919095971175892, 0.9667774086378738)",1,95.76194159837031,32395
"(0.899997244510117, 0.9605856647968066)",1,95.76184225214796,32396
"(0.8429058758006126, 0.9694279341856143)",1,95.76172541118468,32397
"(0.95474577471438, 0.9625936563436563)",2,95.76161166983982,32399
"(0.7901692183722804, 0.9670076726342712)",1,95.76160559038117,32400
"(0.899997244510117, 0.9740643495864882)",1,95.76158622764667,32401
"(0.8975847069597069, 0.9574505911522484)",2,95.76105848253152,32403
"(0.9433680972830336, 0.9555491383616382)",1,95.76096684869157,32404
"(0.8871004696987055, 0.9550387596899224)",1,95.76069799558783,32405
"(0.8791954022988505, 0.9734722222222224)",1,95.76058778790008,32406
"(0.926440329218107, 0.969913169748696)",3,95.76055646773855,32409
"(0.90402576489533, 0.9866666666666666)",1,95.7601576451262,32410
"(0.8393969239599776, 0.9665714285714284)",1,95.76015367935764,32411
"(0.8757566103854729, 0.9775193798449612)",1,95.76012391664536,32412
"(0.9894736842105264, 0.9827450980392156)",1,95.76009591656958,32413
"(0.7257988721804511, 0.9658154816997468)",1,95.75995370740604,32414
"(0.7913896766874646, 0.965497521921464)",1,95.75965075407736,32415
"(0.9595374149659864, 0.9612261904761904)",1,95.75959542865652,32416
"(0.9176086048454468, 0.9635619016637234)",1,95.75939252176696,32417
"(0.93323732718894, 0.9624656593406592)",1,95.75936978198128,32418
"(0.9386148272017838, 0.9734722222222224)",1,95.75936897250983,32419
"(0.8919095971175892, 0.9667774086378738)",1,95.75933686073036,32420
"(0.8584326321395287, 0.9537087912087912)",3,95.75929687815352,32423
"(0.9606447334368527, 0.9608348284368692)",1,95.7590901223425,32424
"(0.906439024390244, 0.9612261904761904)",1,95.75906845154546,32425
"(0.9003322259136212, 0.9774943735933984)",1,95.75887114784514,32426
"(0.7226537485874377, 0.9736491768133524)",1,95.75868490982268,32427
"(0.7294483504597079, 0.9774943735933984)",1,95.75865143783687,32428
"(0.8531211750305999, 0.9774943735933984)",1,95.75862560015784,32429
"(0.7025855842842699, 0.9667774086378738)",1,95.75861432176622,32430
"(0.9095668859649124, 0.9736842105263158)",1,95.75860957293752,32431
"(0.8856424148606811, 0.9866666666666666)",1,95.75859310597298,32432
"(0.9356632048879978, 0.9676096166926584)",1,95.75853126017871,32433
"(0.8177555579773321, 0.9754464285714284)",1,95.75846350692566,32434
"(0.8584326321395287, 0.9574505911522484)",3,95.75838660447138,32437
"(0.7217510259917921, 0.965497521921464)",1,95.7583829610296,32438
"(0.7853136031723004, 0.9601840736294516)",1,95.7583584665412,32439
"(0.9333908045977012, 0.9767241379310344)",4,95.75830157776409,32443
"(0.8367625143940933, 0.9658154816997468)",2,95.75814542603618,32445
"(0.8997086999609598, 0.9678053830227744)",1,95.75809236791928,32446
"(0.8761348091033453, 0.9774943735933984)",1,95.75805779241745,32447
"(0.840845345330562, 0.9730151268302328)",1,95.75803962828742,32448
"(0.7557183021143749, 0.9866666666666666)",1,95.75796868229531,32449
"(0.7602353203073469, 0.9716413442975944)",1,95.7578908645088,32450
"(0.8744995950480157, 0.9546136534133534)",2,95.75787647146804,32452
"(0.9481474980306196, 0.9642857142857144)",1,95.75750791559932,32453
"(0.8190309499878695, 0.9775193798449612)",1,95.7574486927177,32454
"(0.8273348098929494, 0.9550387596899224)",1,95.75743743220478,32455
"(0.8387491609744542, 0.9767441860465116)",1,95.75739640868636,32456
"(0.8255813953488372, 0.9774943735933984)",1,95.757382140827,32457
"(0.8448736477904788, 1.0)",1,95.75735395468416,32458
"(0.9224211423699916, 0.9841269841269842)",1,95.75716561257528,32459
"(0.9363885088919288, 0.9667774086378738)",1,95.75712407937048,32460
"(0.7956776428149589, 0.9550387596899224)",1,95.75676122334993,32461
"(0.8635440917107585, 0.992156862745098)",1,95.7567427527009,32462
"(0.8898475096863441, 0.9658154816997468)",1,95.75669037110808,32463
"(0.90934937783235, 0.984313725490196)",1,95.75659094486312,32464
"(1.0, 1.0)",1,95.7564716246818,32465
"(0.9278900902053612, 0.9642857142857144)",3,95.7564558578934,32468
"(0.9432302504125708, 0.9643596441509156)",3,95.7563081323687,32471
"(0.8563074352548036, 0.9868055555555556)",1,95.7562749960482,32472
"(0.8919095971175892, 0.9667774086378738)",1,95.75623367946513,32473
"(0.8872877323964281, 0.9868055555555556)",1,95.7561912113036,32474
"(0.8190189403857904, 0.9610152916073968)",1,95.75611976493792,32475
"(0.9555491383616382, 0.9498577524893316)",1,95.75606364431412,32476
"(0.8443223443223443, 0.9866666666666666)",1,95.75569466243952,32477
"(0.8731196908559524, 0.9825319426526432)",1,95.75564674373186,32478
"(0.95474577471438, 0.9612261904761904)",2,95.75554070284316,32480
"(0.8842320470227447, 0.9667774086378738)",1,95.75543896772032,32481
"(0.8424947145877378, 0.9667774086378738)",1,95.75542796370569,32482
"(0.9577081026208932, 0.9476776665722468)",1,95.7548519458773,32483
"(0.9665714285714284, 0.9612261904761904)",3,95.75455579919328,32486
"(0.8880350522413213, 0.9667774086378738)",1,95.75401043110196,32487
"(1.0, 0.9841269841269842)",1,95.7537764139948,32488
"(0.904439990281827, 0.9612261904761904)",1,95.75338305533758,32489
"(0.8204161317928969, 0.9648977033360302)",3,95.75333001245356,32492
"(0.8271652864044169, 1.0)",1,95.75332217851356,32493
"(0.8786897800055695, 0.9658154816997468)",3,95.75331623762813,32496
"(0.848542995746943, 0.961770130454341)",3,95.75321417906132,32499
"(0.8440126050420167, 0.9866666666666666)",2,95.75320362867755,32501
"(0.8271323663565043, 0.9868055555555556)",1,95.75283147991954,32502
"(0.710494931425164, 0.9550387596899224)",1,95.7526687348765,32503
"(0.9253196022727272, 0.9650363879165252)",1,95.75262477916252,32504
"(0.9612261904761904, 0.9574505911522484)",6,95.75250968802762,32510
"(0.8986318234610918, 0.9574505911522484)",1,95.7524586788852,32511
"(0.9495131982526256, 0.9595374149659864)",1,95.75230620544257,32512
"(0.9268160835762876, 0.9577081026208932)",1,95.75218788116962,32513
"(0.8919095971175892, 0.9667774086378738)",1,95.75183529500296,32514
"(0.942488846547077, 0.9618138828565136)",1,95.75176499933372,32515
"(0.961342940685046, 0.9750869028930254)",1,95.75168551252844,32516
"(0.917978896103896, 0.9574505911522484)",3,95.75155708684296,32519
"(0.9696969696969696, 0.9841269841269842)",1,95.75143830383728,32520
"(0.9541309523809522, 0.9612261904761904)",3,95.750987632472,32523
"(0.913656690746474, 0.9740643495864882)",2,95.75051859557354,32525
"(0.9230769230769232, 1.0)",1,95.75048709314795,32526
"(0.8680075424261471, 0.9667774086378738)",1,95.75017159626492,32527
"(0.8608609979240738, 0.9577759872287582)",2,95.75012523099905,32529
"(0.7400546757164405, 1.0)",2,95.75000383789146,32531
"(0.9541062801932368, 0.9734722222222224)",1,95.74958783832798,32532
"(0.9612261904761904, 0.9612261904761904)",1,95.7495580337674,32533
"(0.6790332474543002, 0.9692634363686996)",3,95.74954684871052,32536
"(0.8880350522413213, 0.9774943735933984)",1,95.7494844419798,32537
"(0.8803621435200383, 0.9740643495864882)",3,95.7494086320097,32540
"(0.9881481481481482, 0.9882352941176472)",1,95.74932871142175,32541
"(0.8601973684210527, 0.9825319426526432)",1,95.74930938168524,32542
"(0.8419526434329067, 0.9754464285714284)",1,95.74928117210898,32543
"(0.9495131982526256, 0.9565375499581746)",1,95.74927359385484,32544
"(0.9565217391304348, 1.0)",1,95.74909858541577,32545
"(0.7707924493038034, 0.9743589743589745)",1,95.74900768813148,32546
"(0.8072002923976609, 0.9651951748860688)",3,95.7489902504062,32549
"(0.8305244327276152, 0.9667774086378738)",1,95.748916411349,32550
"(0.7990036820446177, 0.9868055555555556)",1,95.74875865172152,32551
"(0.9463327370304114, 0.9774943735933984)",1,95.7487180131574,32552
"(0.9302579365079364, 0.9748677248677248)",1,95.74869194041624,32553
"(0.9408601779678556, 0.9608348284368692)",2,95.7484197747006,32555
"(0.8273348098929494, 0.9774943735933984)",1,95.74831410568298,32556
"(0.9057088744588744, 0.9866666666666666)",1,95.74822342955216,32557
"(0.9523529411764708, 0.9727638167328804)",2,95.74802034817118,32559
"(0.9565217391304348, 0.9841269841269842)",1,95.74792445421632,32560
"(0.8680075424261471, 0.9667774086378738)",1,95.74790421783338,32561
"(0.921132042560614, 0.960607978267748)",1,95.7478912625033,32562
"(0.8511627906976744, 0.9774943735933984)",1,95.74757749350164,32563
"(0.9541062801932368, 0.9734722222222224)",1,95.7475513481364,32564
"(0.7325581395348837, 0.9667774086378738)",1,95.74748376973204,32565
"(0.879008834302952, 0.9724618736383442)",1,95.7473727161166,32566
"(0.8465418823841762, 1.0)",2,95.74676438203358,32568
"(0.6867031354725547, 0.972050767921644)",1,95.74670906734411,32569
"(0.9308485656257932, 0.9608348284368692)",3,95.7464505221729,32572
"(0.8786897800055695, 0.961770130454341)",3,95.74632565763206,32575
"(0.8373852304418176, 0.9610152916073968)",3,95.74623046027784,32578
"(0.8943833943833944, 0.9841269841269842)",2,95.74620563773904,32580
"(0.7091759436137276, 0.9380552220888356)",3,95.7461713367386,32583
"(0.9618138828565136, 0.9681338377164)",1,95.74605514832427,32584
"(0.9168478260869564, 1.0)",1,95.74584442224212,32585
"(0.8183575715604802, 0.9692634363686996)",5,95.74573219441368,32590
"(0.9363885088919288, 0.9667774086378738)",1,95.74545670259876,32591
"(0.9665714285714284, 0.9612261904761904)",2,95.7452500447542,32593
"(0.7729691527396689, 0.9825319426526432)",1,95.7451601514199,32594
"(0.8886775717208655, 0.9648977033360302)",1,95.74512720880192,32595
"(0.9444444444444444, 1.0)",1,95.7448608090412,32596
"(0.9045169946332738, 0.9667774086378738)",1,95.74483094611082,32597
"(0.9665714285714284, 0.9606615844690656)",1,95.74480877247888,32598
"(0.7537053571428572, 0.9681338377164)",1,95.7444960984308,32599
"(0.8621564482029598, 0.9550387596899224)",1,95.74442690302564,32600
"(0.9678608196882048, 0.961342940685046)",1,95.74434474850328,32601
"(0.8975847069597069, 0.9657079385975222)",2,95.74433789142545,32603
"(0.8494949494949495, 0.9734722222222224)",2,95.74412917771312,32605
"(0.7962242261245582, 0.9767441860465116)",1,95.74412104055992,32606
"(0.7825263949961201, 0.9552772808586762)",1,95.74411183584157,32607
"(0.863200629779577, 0.9747439067467324)",8,95.74384488761704,32615
"(0.8121224876354834, 0.965497521921464)",1,95.74350783608492,32616
"(0.7613039621525723, 0.969913169748696)",2,95.74340434937596,32618
"(0.8065226115972981, 0.9605856647968066)",1,95.74334057626658,32619
"(0.8738126483317046, 0.978144708175668)",1,95.7430729710992,32620
"(0.9259560057540158, 0.9460618398175734)",1,95.7430510591864,32621
"(0.927910199556541, 0.9618138828565136)",1,95.74246080309555,32622
"(0.9203845950797168, 0.9715797169307606)",1,95.74228817714344,32623
"(0.8996421975992612, 0.9658154816997468)",2,95.74228651418252,32625
"(0.8726622214994307, 0.965497521921464)",1,95.74208723862893,32626
"(0.9150645514501796, 0.9650465046504648)",1,95.74202340782982,32627
"(0.8305244327276152, 0.9667774086378738)",1,95.74190826352616,32628
"(0.91280276816609, 0.9380552220888356)",3,95.7416209225621,32631
"(0.9462631140307872, 0.9612261904761904)",1,95.74155667351776,32632
"(0.9226705733973176, 0.9571428571428572)",1,95.74155157290076,32633
"(0.8752365981200475, 0.9612261904761904)",1,95.74114894974882,32634
"(0.8701066607489389, 0.9825319426526432)",1,95.74096560591252,32635
"(0.9235349105085948, 0.992156862745098)",1,95.74085704454164,32636
"(0.8133720930232559, 0.9667774086378738)",1,95.74044520830624,32637
"(0.8405674293067195, 0.9667774086378738)",1,95.74022176096304,32638
"(0.8697092516251784, 0.9590584415584414)",1,95.74006810473948,32639
"(0.8133720930232559, 0.9667774086378738)",1,95.74001475467348,32640
"(0.9499194985912254, 0.9612261904761904)",1,95.74000627035134,32641
"(0.7510015719192635, 0.9736565055039632)",1,95.74000433864116,32642
"(0.8991666666666667, 1.0)",1,95.73997320312544,32643
"(0.9283194472668156, 0.9595374149659864)",1,95.73991579610372,32644
"(0.8586291309669523, 0.9774943735933984)",1,95.73986467768334,32645
"(0.8132390951302638, 0.9825319426526432)",1,95.73979276843414,32646
"(0.8986318234610918, 0.9657079385975222)",1,95.73978049698552,32647
"(0.8707729468599035, 0.9734722222222224)",1,95.73977784223176,32648
"(0.8837209302325582, 0.9775193798449612)",1,95.73971427003347,32649
"(0.8680075424261471, 0.9667774086378738)",1,95.73968634922736,32650
"(0.9189046799105652, 0.962604085919332)",1,95.73967947614106,32651
"(0.9003322259136212, 0.9667774086378738)",1,95.73966255213163,32652
"(0.92925, 0.9587678773492604)",1,95.73955533995904,32653
"(0.9023809523809524, 1.0)",1,95.73951645971158,32654
"(0.8816773504273504, 0.9612261904761904)",1,95.7389941388604,32655
"(0.7025855842842699, 0.9667774086378738)",1,95.73893407406318,32656
"(0.8613034779932287, 0.9692634363686996)",1,95.73882695387913,32657
"(0.7947909402383191, 0.965497521921464)",1,95.73879485054766,32658
"(0.925553613053613, 0.9734722222222224)",1,95.73877057516944,32659
"(0.8473809523809523, 0.9754464285714284)",2,95.73875862001188,32661
"(0.8633207015199207, 0.9658154816997468)",1,95.7381830487016,32662
"(0.9095668859649124, 0.961770130454341)",1,95.7380615015826,32663
"(0.8661024879071576, 0.970271156200432)",1,95.73789961450422,32664
"(0.9466207660652104, 1.0)",1,95.7378438943328,32665
"(0.93323732718894, 0.9754464285714284)",1,95.73774556524796,32666
"(0.9003322259136212, 0.9774943735933984)",1,95.73773871830691,32667
"(0.9315535929345644, 0.9577861163227016)",1,95.73771087211529,32668
"(0.8373233430799221, 0.9740643495864882)",3,95.73766683786369,32671
"(0.9464079225584776, 0.9541309523809522)",2,95.7374356235064,32673
"(0.8641929499072356, 0.9625936563436563)",3,95.73736629645848,32676
"(0.8902777777777777, 0.9734722222222224)",1,95.7372728449942,32677
"(0.8840890522875817, 0.9748677248677248)",1,95.73714114291144,32678
"(0.8577654071075123, 0.9868055555555556)",2,95.73699499568654,32680
"(0.8322048866647042, 0.9774943735933984)",1,95.73697092527294,32681
"(0.7670326672577236, 0.9552772808586762)",1,95.73690327491884,32682
"(0.950682393081946, 0.9681338377164)",1,95.7368639914964,32683
"(0.8901960784313724, 0.9380552220888356)",3,95.7368468346206,32686
"(0.9333333333333332, 1.0)",2,95.73675121436597,32688
"(0.8919095971175892, 0.9667774086378738)",2,95.736748868206,32690
"(0.8604651162790697, 0.965497521921464)",1,95.73666053522196,32691
"(0.8765565134099617, 0.9866666666666666)",1,95.73661717670316,32692
"(0.946764828738513, 0.9586520604621642)",1,95.73658160446654,32693
"(0.8693120323003425, 0.9612261904761904)",1,95.73639076266085,32694
"(0.7973166368515204, 0.9767441860465116)",1,95.73636162076497,32695
"(0.8816793893129771, 0.9577861163227016)",1,95.73626163704704,32696
"(0.9049532029717788, 0.9680124330433928)",2,95.73609532222318,32698
"(0.8766755371575004, 0.969913169748696)",1,95.73579899655644,32699
"(0.9211400121926436, 0.9595374149659864)",3,95.73575907098883,32702
"(0.9292946051030736, 0.9650363879165252)",1,95.73551187464844,32703
"(0.752024332194945, 0.970965594569318)",1,95.7354711988689,32704
"(0.9688819909986466, 0.9577081026208932)",1,95.7353095414162,32705
"(0.8584010840108401, 0.9868055555555556)",1,95.73520282621094,32706
"(0.7707924493038034, 0.9743589743589745)",1,95.7351862095068,32707
"(0.8473809523809523, 0.9754464285714284)",1,95.73513079013637,32708
"(0.7510015719192635, 0.9753639738669572)",1,95.73463286259644,32709
"(0.8946752284039163, 0.9618138828565136)",1,95.7346170856921,32710
"(0.918078605068401, 0.9650363879165252)",1,95.73429163112702,32711
"(0.8282752506308395, 0.9667774086378738)",1,95.73411122170832,32712
"(0.7233137829912023, 0.9754464285714284)",1,95.73405385294144,32713
"(0.9216397849462366, 0.9868055555555556)",2,95.73401750359284,32715
"(0.8680075424261471, 0.9774943735933984)",1,95.7337101073702,32716
"(0.95, 0.9688819909986466)",1,95.73363989808428,32717
"(0.585140176021449, 0.9736842105263158)",1,95.7333375935654,32718
"(0.908998988877654, 0.9775193798449612)",1,95.73329183258312,32719
"(0.7800259083338473, 0.9774943735933984)",2,95.73328419623212,32721
"(0.906439024390244, 0.9579551650296714)",1,95.73327586125356,32722
"(0.8721161002232697, 0.9601840736294516)",1,95.73300523396506,32723
"(0.8995660342409569, 0.9551820728291316)",1,95.7328239931333,32724
"(0.8680075424261471, 0.9667774086378738)",2,95.73282366716178,32726
"(0.9185588416618146, 0.9537087912087912)",1,95.73273483894988,32727
"(0.9565217391304348, 0.9841269841269842)",1,95.73263993618548,32728
"(0.8952380952380952, 1.0)",1,95.73253969463556,32729
"(0.9444444444444444, 0.9841269841269842)",1,95.7324868919074,32730
"(0.92825928025169, 0.9579551650296714)",1,95.7324034080602,32731
"(0.8475024586783413, 0.9780571219715956)",1,95.73226578517362,32732
"(0.8949757492849149, 0.9552772808586762)",1,95.7322096952118,32733
"(0.8367625143940933, 0.9568870566527607)",3,95.73191749818284,32736
"(0.867704307568438, 0.9734722222222224)",2,95.73189662252432,32738
"(0.8198932646301067, 0.9754464285714284)",1,95.73189066469789,32739
"(0.8680075424261471, 0.9667774086378738)",1,95.73172533575732,32740
"(0.938570380142761, 0.9574505911522484)",1,95.7316974613383,32741
"(0.9841269841269842, 0.9841269841269842)",1,95.73152924477236,32742
"(0.8650226969848408, 0.9734722222222224)",2,95.73126171688908,32744
"(0.9391865079365078, 1.0)",1,95.73120056736552,32745
"(0.9131805896603988, 0.9719699280495432)",1,95.73116944908745,32746
"(0.8072002923976609, 0.9707309941520468)",3,95.73113642520238,32749
"(0.8663406611415462, 0.9574505911522484)",2,95.73109700015286,32751
"(0.910986505586216, 0.9737148229943366)",1,95.73088889854,32752
"(0.8744995950480157, 0.977638640429338)",1,95.73076464743691,32753
"(0.8598562378167641, 0.9788110478899952)",3,95.73062884163797,32756
"(0.9618138828565136, 0.9642166226376752)",1,95.73056483163306,32757
"(0.7400546757164405, 1.0)",1,95.73032481220676,32758
"(0.9185609025397424, 0.9579551650296714)",1,95.730095358503,32759
"(0.7149501661129568, 0.9774943735933984)",1,95.7298699829474,32760
"(0.4073529411764706, 0.9754464285714284)",1,95.72959966920152,32761
"(0.907908163265306, 0.9749660326086956)",1,95.72958300824634,32762
"(0.6775462962962963, 0.9722222222222222)",1,95.72957078032276,32763
"(0.93916595083917, 0.9650363879165252)",1,95.72955991342508,32764
"(0.892733134920635, 0.9868055555555556)",1,95.72927482142646,32765
"(0.8197707811194652, 0.9736842105263158)",1,95.72925314257576,32766
"(0.9003322259136212, 0.9667774086378738)",1,95.72918855277528,32767
"(0.9523529411764708, 0.9571428571428572)",1,95.72879905800272,32768
"(0.93916595083917, 0.9595374149659864)",1,95.72863660391089,32769
"(0.9503404207824095, 0.9565375499581746)",1,95.72848498912548,32770
"(0.9561403508771932, 0.96004600460046)",1,95.72839389401766,32771
"(0.947866344605475, 0.962604085919332)",1,95.72836209749548,32772
"(0.7962242261245582, 0.965497521921464)",1,95.72819130386895,32773
"(0.8832772166105499, 1.0)",1,95.7281545614879,32774
"(0.9774943735933984, 0.9667774086378738)",1,95.72814239084174,32775
"(0.8726622214994307, 0.977638640429338)",1,95.72807720025467,32776
"(0.8319664902998236, 1.0)",1,95.72793990912018,32777
"(0.813859649122807, 0.9629629629629628)",1,95.72790506056552,32778
"(0.828819993216278, 0.9780571219715956)",1,95.72775635545264,32779
"(1.0, 0.9813854489164088)",1,95.72774322102204,32780
"(0.9433680972830336, 0.9440312412261672)",1,95.72774218534168,32781
"(0.898358585858586, 0.9866666666666666)",1,95.7277035607523,32782
"(0.773034398034398, 1.0)",1,95.72749797667784,32783
"(0.8351555421322864, 0.965497521921464)",1,95.72746692735986,32784
"(0.8663406611415462, 0.9650363879165252)",1,95.72734472893968,32785
"(0.839484868820503, 0.9825319426526432)",1,95.72730110572462,32786
"(0.6732790275608831, 0.9550387596899224)",2,95.7272509474013,32788
"(0.9570332480818412, 0.9380552220888356)",1,95.72720912421116,32789
"(0.7549349452758545, 0.9727657130504774)",1,95.72686360038306,32790
"(0.9131182795698924, 0.9767241379310344)",1,95.7268465416657,32791
"(0.7610695631528964, 0.9743589743589745)",1,95.72677883947146,32792
"(0.7973166368515204, 0.9546136534133534)",1,95.72671288996769,32793
"(0.6296160130718955, 0.9866666666666666)",1,95.72662365444576,32794
"(0.8919095971175892, 0.9667774086378738)",2,95.72660005541604,32796
"(0.7233137829912023, 0.9754464285714284)",1,95.72658108763387,32797
"(0.8978798708330872, 0.9694095827515072)",1,95.72656018262,32798
"(0.8908246225319396, 0.9612261904761904)",3,95.72643726890963,32801
"(0.9886710239651416, 0.9469340016708436)",1,95.72631909368738,32802
"(0.6817662805944057, 0.9754464285714284)",1,95.72627467942006,32803
"(0.8351555421322864, 0.965497521921464)",1,95.726157134411,32804
"(0.8679093870946581, 0.9692634363686996)",1,95.72612568575548,32805
"(0.8503896103896105, 0.9537087912087912)",6,95.72610537010192,32811
"(0.9064516129032258, 0.9754464285714284)",2,95.72595077888394,32813
"(0.7091759436137276, 0.9473039215686276)",1,95.72582957799948,32814
"(0.9504053648283456, 0.9551820728291316)",1,95.72569674025664,32815
"(0.9289529914529916, 1.0)",1,95.72568028178898,32816
"(0.81878722576397, 0.9667774086378738)",1,95.72565700257633,32817
"(0.9504053648283456, 0.950721153846154)",1,95.72555834609778,32818
"(0.9362824675324676, 0.9650465046504648)",1,95.72551940488994,32819
"(0.8753462245347001, 0.955)",1,95.72551718054072,32820
"(0.9274482758620688, 0.9633928571428572)",1,95.72551070780962,32821
"(0.9840686274509804, 0.8638928041007148)",1,95.7254674649969,32822
"(0.8889463321560508, 0.984504357298475)",1,95.7254469225927,32823
"(0.8156616246999273, 0.9788110478899952)",3,95.72544658307908,32826
"(0.9276837051837052, 0.9855521155830752)",1,95.72531513860496,32827
"(0.8742045454545455, 0.9637433687002652)",2,95.72519114653718,32829
"(0.8101851851851852, 0.9825319426526432)",2,95.7250765435361,32831
"(0.7937832885152319, 0.9758456864626188)",1,95.72499368244486,32832
"(0.8046935824713601, 1.0)",1,95.72497416204168,32833
"(0.8483634976769988, 0.9568870566527607)",1,95.72479459289798,32834
"(0.7171785655002333, 0.9762741294030104)",1,95.72474495134271,32835
"(0.9230769230769232, 0.9841269841269842)",2,95.7247398994513,32837
"(0.9247241379310346, 0.9624656593406592)",1,95.72469620191664,32838
"(0.909722222222222, 1.0)",1,95.72467753382917,32839
"(0.8816773504273504, 0.9657079385975222)",1,95.7245861829117,32840
"(0.8969812925170068, 0.9635619016637234)",1,95.72454412073566,32841
"(0.498048399687744, 0.9307258632840028)",1,95.72423936983589,32842
"(0.8680075424261471, 0.9667774086378738)",2,95.7242133550431,32844
"(0.9111616775696132, 0.9595374149659864)",3,95.72398880358968,32847
"(0.8794618055555555, 0.9748677248677248)",1,95.72373534649554,32848
"(0.9426994258113802, 0.9618138828565136)",1,95.72363657457534,32849
"(0.8763636363636363, 1.0)",1,95.72351785316698,32850
"(0.8300280681378243, 0.9868055555555556)",1,95.72345329287192,32851
"(0.8663406611415462, 0.9574505911522484)",1,95.72330233752274,32852
"(0.8726622214994307, 0.965497521921464)",1,95.72329889795726,32853
"(0.9405634236453204, 0.9754464285714284)",1,95.72320407126048,32854
"(0.8816773504273504, 0.9574505911522484)",1,95.72314414263148,32855
"(0.8473809523809523, 0.9754464285714284)",1,95.72313062966737,32856
"(0.9465769388085848, 0.9618138828565136)",2,95.72310880547452,32858
"(0.93916595083917, 0.9571428571428572)",1,95.72281218377005,32859
"(0.8988571428571429, 0.9618610747051114)",1,95.72280893489858,32860
"(0.8764705882352941, 0.9380552220888356)",1,95.72251894141,32861
"(0.9499369338378628, 0.9694279341856143)",1,95.72251587312446,32862
"(0.8817204301075269, 0.9841269841269842)",1,95.72251181152876,32863
"(0.8619951040391676, 0.965497521921464)",1,95.7222928978556,32864
"(0.9103195488721804, 0.9555491383616382)",1,95.72215959745084,32865
"(0.9586520604621642, 0.9650363879165252)",1,95.7220871376219,32866
"(0.9333333333333332, 1.0)",1,95.72207381527718,32867
"(0.8388283928211333, 0.9868055555555556)",1,95.72201612326874,32868
"(0.8300222204120055, 0.9959137497694152)",3,95.72192722913576,32871
"(0.9088563274164362, 0.9717668847129164)",1,95.7218706487585,32872
"(0.8721016904486937, 0.9719699280495432)",1,95.72185775269074,32873
"(0.8837244897959183, 0.9574505911522484)",1,95.72151087996932,32874
"(0.8132390951302638, 0.9736842105263158)",1,95.72149551009336,32875
"(0.8604651162790697, 0.9667774086378738)",1,95.72143417072652,32876
"(0.7240947195575144, 0.9825319426526432)",3,95.72135399730416,32879
"(0.910924131602386, 0.9586520604621642)",1,95.72134730273696,32880
"(0.9466013071895424, 0.9886710239651416)",1,95.72126854488812,32881
"(0.9283969998255712, 0.960607978267748)",3,95.72121887884016,32884
"(0.9053333861260692, 0.960607978267748)",3,95.72100903421568,32887
"(0.8744995950480157, 0.965497521921464)",1,95.72085272254816,32888
"(0.8752365981200475, 0.9612261904761904)",1,95.72075399857708,32889
"(0.8494949494949495, 0.9734722222222224)",1,95.72068130646493,32890
"(0.9541309523809522, 0.9595374149659864)",1,95.72066484121204,32891
"(0.8132390951302638, 0.9658154816997468)",1,95.72044521932244,32892
"(0.8995660342409569, 0.9650465046504648)",1,95.72029194745488,32893
"(0.9647217861503576, 0.9681338377164)",2,95.7202793558292,32895
"(0.8516362734449852, 0.9651951748860688)",1,95.72026045059734,32896
"(0.833299023307944, 0.9736842105263158)",1,95.72021433772088,32897
"(0.8040021929824561, 0.9737148229943366)",3,95.72019136960856,32900
"(0.9095668859649124, 0.9528092667566352)",1,95.7200493474212,32901
"(0.9595374149659864, 0.9574505911522484)",1,95.72004446321718,32902
"(0.9361835962455156, 0.996078431372549)",1,95.7198222866588,32903
"(0.865079365079365, 0.9841269841269842)",1,95.71982000714962,32904
"(0.7862679955703211, 0.9667774086378738)",2,95.71950050413707,32906
"(0.8756319514661275, 0.9774943735933984)",1,95.71940224058818,32907
"(0.944540304191448, 0.9635619016637234)",3,95.7194019384392,32910
"(0.9498577524893316, 0.9574505911522484)",1,95.71919883919612,32911
"(0.9665714285714284, 0.9683214285714286)",2,95.71918963477022,32913
"(0.6699593128390597, 0.9612261904761904)",1,95.71915698389316,32914
"(0.9555491383616382, 0.9612261904761904)",1,95.7191483983988,32915
"(0.8970155460303243, 0.9595374149659864)",2,95.71902801563522,32917
"(0.9135802469135802, 1.0)",1,95.71889379848535,32918
"(0.8762664758354415, 0.9714285714285714)",1,95.7188476568924,32919
"(0.8473809523809523, 0.9754464285714284)",1,95.71879101132023,32920
"(0.7644216248867413, 0.9667774086378738)",1,95.71877919659524,32921
"(0.8428739632573199, 0.9734722222222224)",2,95.71862233058656,32923
"(0.961342940685046, 0.941733479105928)",1,95.7185663214743,32924
"(0.9769410044719642, 0.970925925925926)",2,95.71837955419888,32926
"(0.8047996976568405, 0.9866666666666666)",1,95.7182038088758,32927
"(0.6732790275608831, 0.9774943735933984)",1,95.71809267500444,32928
"(0.8353118227451768, 0.969913169748696)",3,95.71797665946458,32931
"(0.8858975827700768, 0.9885627144491042)",1,95.71784227245578,32932
"(0.9023569023569024, 0.9841269841269842)",1,95.71763604410188,32933
"(0.7537053571428572, 0.9715797169307606)",1,95.71758810476672,32934
"(0.917978896103896, 0.9574505911522484)",2,95.71748117027398,32936
"(0.9388029361942404, 0.9618138828565136)",1,95.7174717287071,32937
"(0.9407679738562092, 0.9868055555555556)",1,95.71727565307684,32938
"(0.9611528822055138, 0.9575114377859448)",1,95.71712877315628,32939
"(0.8387491609744542, 0.965497521921464)",1,95.71700951732656,32940
"(0.9643596441509156, 0.962023133116883)",1,95.71700215373264,32941
"(0.9090630853183156, 0.9696915952454768)",4,95.71695685446026,32945
"(0.7959305979857629, 0.965497521921464)",2,95.71659788818722,32947
"(0.6156045751633987, 0.9868055555555556)",2,95.7165694536161,32949
"(0.9027274557165862, 1.0)",4,95.71636695726002,32953
"(0.7957200084334809, 0.9885026737967916)",1,95.71629918336323,32954
"(0.8946441155743481, 0.9774943735933984)",1,95.71590820643932,32955
"(0.7904832394231688, 0.9716527838863624)",2,95.71571119220388,32957
"(0.7824770258980785, 0.9707309941520468)",3,95.7156607432408,32960
"(0.8942523459812323, 0.9782702035744222)",1,95.71549757953922,32961
"(0.9555491383616382, 0.952503401360544)",1,95.71548537236032,32962
"(0.9310789204679486, 0.9715797169307606)",3,95.7154323756612,32965
"(0.9386724386724388, 0.9841269841269842)",1,95.71541430410282,32966
"(0.9078178834366952, 0.9612261904761904)",3,95.71541064860712,32969
"(0.8469620378630193, 0.9740643495864882)",2,95.71519080166168,32971
"(0.6817662805944057, 0.9754464285714284)",1,95.71507624407498,32972
"(0.8955165692007796, 0.9780571219715956)",1,95.71489360328825,32973
"(0.8836091234347048, 0.9667774086378738)",2,95.7148446122276,32975
"(0.9522158577027434, 0.9611528822055138)",1,95.71480898148558,32976
"(0.8755813953488372, 0.9667774086378738)",1,95.7145146242828,32977
"(0.8871004696987055, 0.9550387596899224)",1,95.71433499653294,32978
"(0.9612261904761904, 0.9574505911522484)",1,95.71428685576966,32979
"(0.8858975827700768, 1.0)",2,95.7142357169522,32981
"(0.7518810204481623, 0.9739883453417816)",1,95.7140699038312,32982
"(0.9391627846790888, 0.9612261904761904)",1,95.71403365069304,32983
"(0.9643596441509156, 0.962941826215022)",1,95.71399958378105,32984
"(0.919687006945461, 0.9748677248677248)",1,95.71392542353766,32985
"(0.8322048866647042, 0.9774943735933984)",1,95.71385768577662,32986
"(0.9247680199941508, 0.9606447334368527)",1,95.7137548062377,32987
"(1.0, 1.0)",1,95.71355809490484,32988
"(0.8305244327276152, 0.9667774086378738)",1,95.71331110128924,32989
"(0.8389982110912344, 0.9774943735933984)",2,95.71321721488522,32991
"(0.905151943324208, 0.9574505911522484)",1,95.71312706397154,32992
"(0.9841269841269842, 0.9841269841269842)",1,95.7129482937402,32993
"(0.8351555421322864, 0.965497521921464)",1,95.7128763879221,32994
"(0.8319664902998236, 1.0)",2,95.7128175815653,32996
"(0.8970155460303243, 0.9650363879165252)",3,95.71278095464729,32999
"(0.8627653708298868, 0.9734722222222224)",1,95.71275109210067,33000
"(0.7591142927392052, 0.9704842451646796)",1,95.71269005733402,33001
"(0.9174400356812475, 0.9586520604621642)",1,95.71268489026744,33002
"(0.9374844260560896, 0.9625936563436563)",1,95.71248932157232,33003
"(0.8305244327276152, 0.9667774086378738)",1,95.71242514567544,33004
"(0.8731196908559524, 0.9825319426526432)",6,95.71225734815044,33010
"(0.9841269841269842, 1.0)",1,95.71202431336998,33011
"(0.9308485656257932, 0.9642857142857144)",2,95.71189483196292,33013
"(0.839484868820503, 0.9694095827515072)",1,95.71189047377996,33014
"(0.8680075424261471, 0.9667774086378738)",1,95.71186021332282,33015
"(0.8857001484413657, 1.0)",1,95.711751192902,33016
"(0.8978798708330872, 0.9737148229943366)",1,95.71163931524534,33017
"(0.9310828877005348, 0.9513995592877136)",1,95.71157660769757,33018
"(0.8703288070923577, 0.9577861163227016)",1,95.711523548814,33019
"(0.8582837837837838, 0.9624656593406592)",1,95.71152049923973,33020
"(0.7566647759500852, 0.9663919763042904)",1,95.7114822353285,33021
"(0.8511627906976744, 0.9774943735933984)",2,95.71141951316773,33023
"(0.8693120323003425, 0.9612261904761904)",1,95.71140461564224,33024
"(0.882563025210084, 0.9473039215686276)",3,95.71101229108884,33027
"(0.9495131982526256, 0.9595374149659864)",1,95.71095078617402,33028
"(0.905151943324208, 0.9679608656649474)",1,95.71088941812329,33029
"(1.0, 1.0)",1,95.71075916816363,33030
"(0.8753306878306878, 0.9748677248677248)",1,95.71068724609655,33031
"(0.899997244510117, 0.9739630931081678)",1,95.7106483438836,33032
"(0.9388029361942404, 0.9650363879165252)",1,95.71054209010462,33033
"(0.9641868969810148, 0.9808278867102396)",1,95.71039763136228,33034
"(0.7871989121989122, 0.9866666666666666)",1,95.71037209132732,33035
"(0.8680075424261471, 0.9774943735933984)",3,95.7102435761008,33038
"(0.8533773606766307, 0.9577861163227016)",1,95.71009632536206,33039
"(0.8627653708298868, 0.9734722222222224)",1,95.71003092784213,33040
"(0.9001409893736627, 0.9595374149659864)",3,95.70997857274392,33043
"(0.8282752506308395, 0.9667774086378738)",1,95.70978371125928,33044
"(0.9399404761904762, 0.9595374149659864)",1,95.70974258251242,33045
"(0.8498740201567748, 0.969913169748696)",3,95.7097118415158,33048
"(0.7561876009638551, 0.9745419155819168)",1,95.70970146690432,33049
"(0.7025855842842699, 0.9667774086378738)",1,95.70966739666572,33050
"(0.9233333333333332, 0.9868055555555556)",1,95.70963741300244,33051
"(0.9216397849462366, 0.9868055555555556)",1,95.70961041845742,33052
"(0.8582837837837838, 0.9754464285714284)",1,95.70943574282418,33053
"(0.9565375499581746, 0.9635619016637234)",1,95.7093945528394,33054
"(0.832288597755908, 0.9424323293938236)",2,95.7093824525072,33056
"(0.7232797675460064, 0.9667774086378738)",1,95.70936759979578,33057
"(0.7871989121989122, 0.9866666666666666)",1,95.70934325638136,33058
"(0.8786454023420848, 0.9577861163227016)",1,95.70934286677986,33059
"(0.946764828738513, 0.95474577471438)",1,95.7090243741461,33060
"(0.93218671679198, 0.9688819909986466)",1,95.70896865733324,33061
"(0.8738126483317046, 0.9758932461873638)",2,95.708812664408,33063
"(0.8883597180380807, 0.9568870566527607)",1,95.70873208762524,33064
"(0.96625, 0.9754464285714284)",1,95.70868085291151,33065
"(0.9023026315789472, 0.9754464285714284)",1,95.70854735266856,33066
"(0.6732790275608831, 0.9774943735933984)",1,95.70854399363078,33067
"(0.9096474293842716, 0.9563260001856492)",1,95.70840736705937,33068
"(0.7240947195575144, 0.9780571219715956)",1,95.70820934322693,33069
"(0.8190309499878695, 0.9774943735933984)",1,95.70812378608058,33070
"(0.7956776428149589, 0.9550387596899224)",1,95.70789353436189,33071
"(0.9064516129032258, 0.9754464285714284)",1,95.7078840263345,33072
"(0.8817204301075269, 1.0)",1,95.70787763801664,33073
"(0.8535457949758153, 0.9748677248677248)",1,95.70782885303942,33074
"(0.8131868131868132, 0.9584283173426188)",1,95.70770935966976,33075
"(0.822093023255814, 0.9767441860465116)",1,95.70757858159897,33076
"(0.8988571428571429, 0.9625936563436563)",1,95.70755376180944,33077
"(0.9476776665722468, 0.9565375499581746)",1,95.70755376011678,33078
"(0.9049919484702094, 0.9841269841269842)",1,95.70753182332813,33079
"(0.9243673469387756, 0.9574505911522484)",3,95.7073304798248,33082
"(0.920373952288846, 0.9576029606661498)",1,95.707281077911,33083
"(0.913656690746474, 0.9694279341856143)",1,95.70711510244855,33084
"(0.8831018518518517, 1.0)",2,95.70694355002692,33086
"(0.916096001118324, 0.9665714285714284)",1,95.70689630958628,33087
"(0.8322048866647042, 0.965497521921464)",1,95.70686477334888,33088
"(0.8305244327276152, 0.9667774086378738)",1,95.70656274575816,33089
"(0.8434846806939831, 0.9767441860465116)",1,95.70655322582114,33090
"(0.8919095971175892, 0.9667774086378738)",1,95.70654262637328,33091
"(0.9133939644481192, 0.9577861163227016)",1,95.70631833952436,33092
"(0.751365367195349, 0.9760137417823228)",1,95.70631762742288,33093
"(0.8198932646301067, 0.9754464285714284)",1,95.7063067087228,33094
"(0.8816773504273504, 0.9612261904761904)",2,95.70618230423736,33096
"(0.9462631140307872, 0.9688819909986466)",1,95.70607368019212,33097
"(0.8837209302325582, 0.9775193798449612)",1,95.70597011698226,33098
"(0.8666060577471494, 0.9774943735933984)",1,95.70587736955127,33099
"(0.8970155460303243, 0.9625936563436563)",1,95.7058060484114,33100
"(0.9523529411764708, 0.9645607615220874)",1,95.7057545492064,33101
"(0.9333333333333332, 0.9841269841269842)",1,95.70562082844708,33102
"(0.8932369004949651, 0.9748677248677248)",1,95.70537304549175,33103
"(0.9103195488721804, 0.9625936563436563)",2,95.70535477972258,33105
"(0.9001409893736627, 0.9665714285714284)",2,95.70524248687174,33107
"(0.8805336604941058, 0.9782702035744222)",4,95.70521548547386,33111
"(0.9408601779678556, 0.9612261904761904)",1,95.7052111856837,33112
"(0.9064227185254788, 0.9604697507658034)",3,95.70516683114052,33115
"(0.8434846806939831, 0.9546136534133534)",1,95.7051605623958,33116
"(0.9177054478301016, 0.9658154816997468)",1,95.70513293558056,33117
"(0.6838518207998031, 0.9751211536458476)",1,95.70501553633882,33118
"(0.9066840277777778, 0.9866666666666666)",1,95.70494176841603,33119
"(0.8680075424261471, 0.9667774086378738)",1,95.70490942847682,33120
"(0.9003322259136212, 0.9667774086378738)",1,95.70486104232624,33121
"(0.9170435132147524, 0.9584283173426188)",1,95.70483128214848,33122
"(0.7566647759500852, 0.9767441860465116)",1,95.7047766362886,33123
"(0.8465973401245048, 0.9788110478899952)",3,95.70470508056782,33126
"(0.9436930909314628, 0.9657079385975222)",2,95.70458242848444,33128
"(0.9557291666666669, 0.9650465046504648)",1,95.70443816678392,33129
"(0.7325581395348837, 0.9667774086378738)",1,95.70415526195066,33130
"(0.8600272232304901, 1.0)",1,95.70413835149051,33131
"(0.8157493041213971, 0.9767441860465116)",1,95.70402284566222,33132
"(0.8693120323003425, 0.9612261904761904)",4,95.7039002602562,33136
"(0.8639328063241105, 0.9503723544973544)",1,95.70384343505005,33137
"(0.8584326321395287, 0.9574505911522484)",1,95.7035712908384,33138
"(0.8786897800055695, 0.961770130454341)",2,95.70330831924356,33140
"(0.8926559394175094, 0.9571415605540404)",1,95.70320172512592,33141
"(0.8935576923076922, 0.9624656593406592)",1,95.70316142584738,33142
"(0.8347694683658232, 0.969913169748696)",4,95.70307755248024,33146
"(0.9142857142857144, 0.9565375499581746)",1,95.70306729278644,33147
"(0.8831064306064307, 1.0)",1,95.7029149398223,33148
"(0.8064642163957232, 0.9739884696525072)",1,95.70283537952244,33149
"(0.9405634236453204, 0.9754464285714284)",1,95.7027562286882,33150
"(0.9218655816757084, 0.961770130454341)",1,95.70217043630656,33151
"(0.585140176021449, 0.9780571219715956)",1,95.70206298180736,33152
"(0.8396845307996157, 0.9571415605540404)",1,95.70196223332184,33153
"(0.9346399099774944, 0.9774943735933984)",1,95.70192698174034,33154
"(0.9561403508771932, 0.9577861163227016)",1,95.7018422600651,33155
"(0.8087175875906775, 0.9754464285714284)",1,95.70174225234172,33156
"(0.8604651162790697, 0.9774943735933984)",1,95.70154739227664,33157
"(0.7959305979857629, 0.965497521921464)",1,95.70140181800238,33158
"(0.9763834422657952, 0.9808278867102396)",1,95.70097173482388,33159
"(0.8423371647509579, 1.0)",1,95.70090728866776,33160
"(0.8471501822188321, 0.9707309941520468)",1,95.70086796033983,33161
"(0.6453488372093024, 1.0)",1,95.70079991113349,33162
"(0.8584326321395287, 0.9537087912087912)",1,95.70075286166362,33163
"(0.8163854689162486, 1.0)",1,95.70072275337748,33164
"(0.9565217391304348, 0.9841269841269842)",2,95.7005562167843,33166
"(0.9674603174603176, 1.0)",1,95.70052128423544,33167
"(0.9541309523809522, 0.9586520604621642)",1,95.70051647707506,33168
"(0.8782163096650154, 0.9737148229943366)",3,95.70036899895184,33171
"(0.8993274485077766, 0.9575114377859448)",1,95.70006580575776,33172
"(0.7956776428149589, 0.9774943735933984)",1,95.69997224789492,33173
"(0.9142857142857144, 0.9595374149659864)",1,95.69996687612898,33174
"(0.8737589489418615, 0.9612261904761904)",1,95.6999621688232,33175
"(0.943792719255964, 0.9612261904761904)",1,95.69988144905884,33176
"(0.9140535714285716, 0.9104665500851944)",1,95.6997919545598,33177
"(0.8924167302313756, 0.969913169748696)",4,95.69967922357856,33181
"(0.8764986277625307, 0.9667774086378738)",1,95.6995688423921,33182
"(0.8122017517366356, 0.9774943735933984)",1,95.6994657961008,33183
"(0.9274482758620688, 0.9767241379310344)",1,95.6991995181174,33184
"(0.9185588416618146, 0.9323306795245572)",1,95.69910661561542,33185
"(0.8942523459812323, 0.9580696547657744)",2,95.69895975425122,33187
"(0.903764513477412, 0.9595374149659864)",3,95.69895043078688,33190
"(0.9495131982526256, 0.9696381743256742)",3,95.69890324068304,33193
"(0.9665714285714284, 0.9650363879165252)",1,95.69849622012843,33194
"(0.7959305979857629, 0.9546136534133534)",1,95.698475933057,33195
"(0.9555491383616382, 0.9612261904761904)",1,95.69837886885529,33196
"(0.9426994258113802, 0.9618138828565136)",1,95.69832478894646,33197
"(0.7817399176112345, 0.9969779395836325)",3,95.69827165270456,33200
"(0.8970155460303243, 0.9665714285714284)",2,95.6978673887493,33202
"(0.8867742272347535, 0.969913169748696)",3,95.69781827918548,33205
"(0.8770519835841313, 0.9667774086378738)",1,95.6977184811136,33206
"(0.909722222222222, 1.0)",1,95.69740473794684,33207
"(0.8810009057971014, 0.9743589743589745)",1,95.69737221063563,33208
"(0.8946752284039163, 0.9625936563436563)",1,95.69722587906271,33209
"(0.8619951040391676, 0.9774943735933984)",1,95.69665808385646,33210
"(0.7466033149795865, 0.9774254152084842)",1,95.69665689157952,33211
"(0.8692635658914728, 0.9774943735933984)",4,95.69657593687964,33215
"(0.937762599469496, 0.9754464285714284)",1,95.69654866144865,33216
"(0.522660343657003, 0.9775)",1,95.69652630165452,33217
"(0.8939664986176614, 0.9667774086378738)",1,95.6963555070214,33218
"(0.908998988877654, 0.9667774086378738)",1,95.69635390456016,33219
"(0.7610695631528964, 0.9866666666666666)",1,95.6963448525088,33220
"(0.8046779964221825, 0.9546136534133534)",1,95.69625504613332,33221
"(0.9643596441509156, 0.9460618398175734)",1,95.6960092606054,33222
"(0.8919095971175892, 0.9667774086378738)",1,95.69554904619402,33223
"(0.9495131982526256, 0.9577081026208932)",2,95.69549420521858,33225
"(0.8964664173289698, 0.9734722222222224)",1,95.69547546051122,33226
"(0.8305244327276152, 0.9885627144491042)",1,95.69539045093232,33227
"(0.9315406976744186, 0.9563953488372092)",1,95.69532113830849,33228
"(0.8827674567584882, 0.9642857142857144)",2,95.69515845970388,33230
"(0.8887419165196943, 0.9868055555555556)",1,95.6951448543498,33231
"(0.95474577471438, 0.9650363879165252)",3,95.6951390131763,33234
"(0.9192180611357128, 0.9885627144491042)",1,95.69493777229526,33235
"(0.8663406611415462, 0.9574505911522484)",2,95.69491730900384,33237
"(0.8641929499072356, 0.9586520604621642)",1,95.69487560224748,33238
"(0.8995164281928988, 0.9380552220888356)",1,95.69473932560196,33239
"(0.8031631097560976, 0.9748677248677248)",1,95.6946341779581,33240
"(0.8282752506308395, 0.9667774086378738)",2,95.6945684398278,33242
"(0.8752365981200475, 0.9574505911522484)",1,95.6944939106613,33243
"(0.9023026315789472, 0.9754464285714284)",1,95.69444652710824,33244
"(0.8680075424261471, 0.9667774086378738)",1,95.69444032623564,33245
"(0.919687006945461, 0.9748677248677248)",1,95.69432367368456,33246
"(0.8827565726955972, 0.9625936563436563)",3,95.6943022936248,33249
"(0.9436930909314628, 0.9574505911522484)",2,95.69424276634506,33251
"(0.9625936563436563, 0.9571428571428572)",1,95.69421244318796,33252
"(0.8198932646301067, 0.9754464285714284)",1,95.69411226102966,33253
"(0.9346399099774944, 0.9550387596899224)",1,95.6938388546419,33254
"(0.8961538461538462, 0.9647321428571428)",1,95.69380913230094,33255
"(0.8457575757575757, 0.9868055555555556)",1,95.69362191330838,33256
"(0.8183575715604802, 0.9604697507658034)",1,95.69357732254493,33257
"(0.8348214285714286, 0.960414372935642)",1,95.69323713986428,33258
"(0.8782163096650154, 0.9740643495864882)",1,95.69323343291612,33259
"(0.9551820728291316, 0.9577861163227016)",1,95.69320555813708,33260
"(0.9414843966800374, 0.9650465046504648)",1,95.69318219331304,33261
"(0.9064516129032258, 0.9754464285714284)",2,95.69299857879624,33263
"(0.8160648148148147, 0.9868055555555556)",1,95.69289170545588,33264
"(0.8926559394175094, 0.9692634363686996)",3,95.69288314756062,33267
"(0.9003322259136212, 0.9667774086378738)",1,95.69279169654052,33268
"(0.9198592812305992, 0.9750869028930254)",2,95.69273491181684,33270
"(0.9414843966800374, 0.9577861163227016)",1,95.69251197807988,33271
"(0.9408668730650154, 0.9788110478899952)",1,95.69242100031838,33272
"(0.8647504411252346, 0.9574505911522484)",1,95.69233636407776,33273
"(0.7990036820446177, 0.9868055555555556)",2,95.69233277056657,33275
"(0.9667774086378738, 0.9463327370304114)",1,95.69230860052262,33276
"(0.8641929499072356, 0.9625936563436563)",1,95.69229791030732,33277
"(0.8757566103854729, 0.9667774086378738)",1,95.69221816713628,33278
"(0.7294483504597079, 0.9774943735933984)",1,95.69219096028418,33279
"(0.8613034779932287, 0.9651951748860688)",1,95.69208697487927,33280
"(0.9002770083102493, 0.9648977033360302)",1,95.69202255428743,33281
"(0.9094344316674038, 0.950682393081946)",1,95.69193100880452,33282
"(0.916550925925926, 0.9734722222222224)",1,95.69190283520844,33283
"(0.8871004696987055, 0.965497521921464)",1,95.69184210290926,33284
"(0.8633207015199207, 0.969913169748696)",3,95.691781199858,33287
"(0.7540175326618132, 0.9719608611840443)",1,95.69171194259856,33288
"(0.9047619047619048, 0.9841269841269842)",1,95.6917075275134,33289
"(0.8365744453354719, 0.9546136534133534)",1,95.6916860042117,33290
"(0.7962242261245582, 0.977638640429338)",1,95.6915232069697,33291
"(0.8503062961566976, 0.9658154816997468)",1,95.69145722595808,33292
"(0.9253196022727272, 0.9579551650296714)",1,95.69140586657954,33293
"(0.8720649550142637, 0.952064553093965)",1,95.69112639925306,33294
"(0.8275471194879089, 0.9737148229943366)",3,95.69109629263644,33297
"(0.9565217391304348, 0.9841269841269842)",1,95.6907363453252,33298
"(0.947866344605475, 0.9650465046504648)",1,95.69062089452132,33299
"(0.8919095971175892, 0.9667774086378738)",2,95.69058787978028,33301
"(0.7133874239350912, 0.9754464285714284)",1,95.69043662819143,33302
"(0.7217510259917921, 0.9546136534133534)",1,95.69042222317034,33303
"(0.8419526434329067, 0.9754464285714284)",1,95.69041111525053,33304
"(0.5010820685338758, 0.9787793219618603)",1,95.6903969875262,33305
"(0.8871004696987055, 0.9550387596899224)",1,95.6903709590138,33306
"(0.9302579365079364, 1.0)",1,95.69036874976506,33307
"(0.498048399687744, 0.9550387596899224)",2,95.69035240334615,33309
"(0.899997244510117, 0.9913490623109498)",1,95.6902786605432,33310
"(0.9103195488721804, 0.9635619016637234)",2,95.69022394791376,33312
"(0.8273348098929494, 0.9774943735933984)",1,95.69009259812483,33313
"(0.7998955722639932, 0.9782702035744222)",1,95.6899203105218,33314
"(0.7566647759500852, 0.965497521921464)",1,95.68974963261344,33315
"(0.95, 0.95474577471438)",1,95.68969542191036,33316
"(0.8704970635597233, 0.9868055555555556)",2,95.68968532852618,33318
"(0.8434846806939831, 0.9767441860465116)",1,95.68964214275334,33319
"(0.8502024291497975, 0.969913169748696)",1,95.68957681471724,33320
"(0.9318646435925092, 0.9574505911522484)",1,95.68927212385842,33321
"(0.903764513477412, 0.9595374149659864)",3,95.68919067337956,33324
"(0.9678608196882048, 0.9354358040333648)",1,95.68916512946186,33325
"(0.9534840838509316, 0.9650363879165252)",1,95.6890730308473,33326
"(0.9601840736294516, 0.9551820728291316)",1,95.68892612718136,33327
"(0.9036544850498338, 0.9546136534133534)",1,95.68886146242116,33328
"(0.668235294117647, 0.976470588235294)",1,95.68872254496048,33329
"(0.879008834302952, 0.992156862745098)",1,95.68844547507138,33330
"(0.955544662122821, 0.941733479105928)",1,95.68842201964742,33331
"(0.9428571428571428, 0.9612261904761904)",1,95.68757678176324,33332
"(0.8943650793650794, 0.9743589743589745)",1,95.6875721758122,33333
"(0.5248560962846677, 0.9683214285714286)",1,95.68753609170813,33334
"(0.769060874119107, 0.9913490623109498)",1,95.68745067169104,33335
"(0.951596182326806, 0.9574505911522484)",6,95.6873330296486,33341
"(0.9252046422964788, 0.9574505911522484)",3,95.68726188643494,33344
"(0.8445548587280515, 0.975400371456935)",2,95.6872356706379,33346
"(0.9715797169307606, 0.9785754927860192)",1,95.68717237083308,33347
"(0.8356902356902357, 0.9868055555555556)",1,95.68712281279798,33348
"(0.8505136750684519, 0.9699946756555364)",1,95.6870262006296,33349
"(0.8289910823570554, 0.9774943735933984)",1,95.6869343502441,33350
"(0.8357101427078324, 0.961770130454341)",3,95.68674542560046,33353
"(0.8179251985756162, 0.9604697507658034)",1,95.68671108199032,33354
"(0.8663406611415462, 0.9650363879165252)",1,95.686553774176,33355
"(0.8567397660818714, 0.9868055555555556)",1,95.6865491900504,33356
"(0.9847494553376906, 0.9882352941176472)",1,95.68650907737644,33357
"(0.7840187590187591, 1.0)",1,95.686396584162,33358
"(0.7925825464094582, 0.969913169748696)",1,95.68638333840104,33359
"(0.9070844099913866, 0.9774943735933984)",1,95.68623570950686,33360
"(0.9444444444444444, 1.0)",1,95.68621625678983,33361
"(0.7872363990785043, 0.9788110478899952)",2,95.68620810915516,33363
"(0.9049532029717788, 0.9803376906318084)",2,95.68605755647371,33365
"(0.8877577126363534, 0.9650363879165252)",2,95.68604685193108,33367
"(0.9202508960573476, 0.9748677248677248)",1,95.6860021934545,33368
"(0.8327567514291346, 0.969913169748696)",3,95.68589891409334,33371
"(0.9462631140307872, 0.9534623492499265)",1,95.6858551479671,33372
"(0.9239488017429196, 0.9685026291218242)",2,95.68575097075043,33374
"(0.915494777499728, 0.9548607757926928)",1,95.68568983250827,33375
"(0.8770519835841313, 0.9667774086378738)",1,95.68555472588908,33376
"(0.9508739421428176, 0.9571428571428572)",1,95.68551279553527,33377
"(0.8807378807378808, 0.9577861163227016)",1,95.68549687812497,33378
"(0.9390638788116482, 0.9565375499581746)",1,95.68547289177798,33379
"(0.8473809523809523, 0.9754464285714284)",1,95.68542213948578,33380
"(0.9428823795600112, 0.9782702035744222)",1,95.68534574203456,33381
"(0.8582837837837838, 0.9754464285714284)",1,95.68529110383618,33382
"(0.9447018709564609, 0.9667774086378738)",1,95.68510783398862,33383
"(0.8613034779932287, 0.9694279341856143)",1,95.68509633323929,33384
"(0.7825263949961201, 0.9552772808586762)",1,95.68500741566685,33385
"(0.8301314459049546, 0.9550387596899224)",1,95.68499708469622,33386
"(0.9031297003355316, 0.9667774086378738)",1,95.68491545577535,33387
"(0.9343548387096776, 0.9866666666666666)",1,95.68479979558818,33388
"(0.7777057245080501, 0.9667774086378738)",1,95.68469722031811,33389
"(0.8750423764725823, 0.953831948291782)",3,95.68467826024272,33392
"(0.8126903630604289, 0.9694095827515072)",1,95.68452489162348,33393
"(0.8966049382716049, 0.9722222222222222)",1,95.68452272918442,33394
"(0.8621651785714286, 0.9612261904761904)",1,95.68446844021092,33395
"(0.9310789204679486, 0.9688819909986466)",1,95.68408656006392,33396
"(0.906439024390244, 0.9612261904761904)",4,95.68395815040196,33400
"(0.8010569090180666, 0.9667774086378738)",1,95.68393867296956,33401
"(0.9428823795600112, 0.9736842105263158)",1,95.68392062904164,33402
"(0.903764513477412, 0.9635619016637234)",1,95.68390960389246,33403
"(0.8919095971175892, 0.9667774086378738)",1,95.68386275885842,33404
"(0.8816773504273504, 0.9574505911522484)",3,95.68382753425308,33407
"(0.9228309232480534, 0.9624656593406592)",1,95.6837829589406,33408
"(0.8638088157947971, 0.9612261904761904)",1,95.68371395596732,33409
"(0.833299023307944, 0.9648977033360302)",1,95.68370489205222,33410
"(0.8494949494949495, 0.9734722222222224)",2,95.6835897988806,33412
"(0.8680075424261471, 0.965497521921464)",1,95.68334085374872,33413
"(0.9259560057540158, 0.9785754927860192)",1,95.6832007864134,33414
"(0.9135802469135802, 1.0)",1,95.68301664465464,33415
"(0.913656690746474, 0.9563260001856492)",1,95.68293029785931,33416
"(0.9360538014841208, 0.9579551650296714)",1,95.68266397956744,33417
"(0.9462631140307872, 0.9688819909986466)",3,95.6826380010882,33420
"(0.952503401360544, 0.95)",1,95.68257619367692,33421
"(0.8639328063241105, 0.9754464285714284)",2,95.6824694821391,33423
"(0.8946441155743481, 0.9667774086378738)",1,95.6823089114912,33424
"(0.8516362734449852, 0.9604697507658034)",2,95.68228927183166,33426
"(0.8434846806939831, 0.977638640429338)",1,95.68214600044024,33427
"(0.7644216248867413, 0.9563953488372092)",1,95.68205672453756,33428
"(0.9462631140307872, 0.9608348284368692)",1,95.68201909168172,33429
"(0.7987835673811283, 0.9734722222222224)",1,95.68189442458672,33430
"(0.8720649550142637, 0.9625936563436563)",3,95.68185979533028,33433
"(0.9555491383616382, 0.9463234342650104)",1,95.68176839391072,33434
"(0.9247241379310346, 0.9754464285714284)",1,95.68168427560306,33435
"(0.9360538014841208, 0.9586520604621642)",1,95.6815873295866,33436
"(0.8857407747009801, 0.9694279341856143)",1,95.6813970600053,33437
"(0.8581587837837837, 0.9624656593406592)",1,95.6813564870767,33438
"(0.8776804590758078, 0.965497521921464)",1,95.68121816146908,33439
"(0.992156862745098, 0.7709582595580038)",1,95.6811332075024,33440
"(0.7566647759500852, 0.965497521921464)",1,95.68095755227966,33441
"(0.908998988877654, 0.9667774086378738)",1,95.6807743960798,33442
"(0.8604651162790697, 0.9667774086378738)",1,95.68053643488336,33443
"(0.9103195488721804, 0.9625936563436563)",1,95.68046550190542,33444
"(0.9135802469135802, 1.0)",1,95.68028574361908,33445
"(0.828819993216278, 0.9825319426526432)",1,95.68027687723249,33446
"(0.8798475538617097, 0.9885627144491042)",1,95.68019570467716,33447
"(0.8469620378630193, 0.9651951748860688)",1,95.68018050248568,33448
"(0.8501768299217661, 0.965497521921464)",1,95.68003850837056,33449
"(0.8255813953488372, 0.9774943735933984)",1,95.67993186932314,33450
"(0.8817204301075269, 1.0)",1,95.67986742672788,33451
"(0.6296160130718955, 0.9866666666666666)",1,95.67983501403688,33452
"(0.9493987095478396, 0.9601840736294516)",1,95.67970233472016,33453
"(0.9426994258113802, 0.9579551650296714)",1,95.67965441779764,33454
"(0.9002103365384615, 0.9754464285714284)",1,95.67939774156213,33455
"(0.847123015873016, 0.9743589743589745)",1,95.67929937764508,33456
"(0.9386724386724388, 1.0)",1,95.6792306704432,33457
"(0.9357142857142856, 0.9555491383616382)",3,95.6792282147188,33460
"(0.8646717600452744, 0.961770130454341)",3,95.67920605430236,33463
"(0.8671417195826613, 0.9667774086378738)",1,95.67883854633102,33464
"(0.9841269841269842, 1.0)",1,95.67883427830502,33465
"(0.8551028138528137, 0.9650363879165252)",1,95.67867919511764,33466
"(0.8882535288785288, 0.9734722222222224)",1,95.67861537902478,33467
"(0.9011130817686992, 0.9635619016637234)",2,95.678284906653,33469
"(0.9551820728291316, 0.9557291666666669)",1,95.678257224528,33470
"(0.585140176021449, 0.9824561403508772)",1,95.67814548842809,33471
"(0.8837209302325582, 0.9667774086378738)",1,95.67796949498258,33472
"(0.8927951388888888, 0.9866666666666666)",2,95.67795789530712,33474
"(0.9498577524893316, 0.95)",1,95.6779273585892,33475
"(0.865084633255891, 0.9625115627890696)",1,95.67790413839488,33476
"(0.7806233062330624, 0.9866666666666666)",1,95.6777553535527,33477
"(0.952503401360544, 0.9665714285714284)",1,95.6776859896248,33478
"(0.8997086999609598, 0.9465827539807132)",1,95.677680443998,33479
"(0.9399404761904762, 0.9595374149659864)",3,95.67756486786487,33482
"(0.8778976239800449, 0.9574505911522484)",1,95.67754527287356,33483
"(0.8959567775974026, 0.9579551650296714)",1,95.6774825576806,33484
"(0.96625, 0.9624656593406592)",1,95.6774021056772,33485
"(0.9041666666666666, 0.9868055555555556)",1,95.67728217214756,33486
"(0.7782392026578072, 0.9885627144491042)",1,95.677271880681,33487
"(0.813859649122807, 1.0)",1,95.67726731068306,33488
"(0.8204161317928969, 0.9694095827515072)",1,95.67724563066923,33489
"(0.9002770083102493, 0.9707309941520468)",1,95.67721453623422,33490
"(0.916550925925926, 0.9868055555555556)",2,95.67720065804998,33492
"(0.8186504754267384, 0.9774943735933984)",1,95.67698571308216,33493
"(0.8794618055555555, 0.9868055555555556)",1,95.676889179487,33494
"(0.7843310535618229, 0.9601840736294516)",1,95.67679998265446,33495
"(0.8888888888888888, 1.0)",1,95.67672191194056,33496
"(0.7549430260540522, 0.9774975495602012)",1,95.67655501362668,33497
"(0.9001409893736627, 0.9565375499581746)",3,95.67639185044249,33500
"(0.9003322259136212, 0.9774943735933984)",1,95.67631246667868,33501
"(0.8703288070923577, 0.9577861163227016)",1,95.67627172708012,33502
"(0.6856760145918833, 0.9892665474060824)",1,95.67608987056504,33503
"(0.7365451388888888, 0.9868055555555556)",2,95.67602839443546,33505
"(0.7325581395348837, 0.9667774086378738)",1,95.67593413768358,33506
"(0.9465811965811968, 1.0)",1,95.67591368285548,33507
"(0.904439990281827, 0.9665714285714284)",1,95.6757350731692,33508
"(0.93323732718894, 0.9754464285714284)",2,95.67563142799702,33510
"(0.9498577524893316, 0.9688819909986466)",1,95.67554380863824,33511
"(0.8680075424261471, 0.9667774086378738)",2,95.67536451055112,33513
"(0.8372177118327734, 0.969913169748696)",1,95.67518318290468,33514
"(0.9002103365384615, 0.9754464285714284)",1,95.67513146949322,33515
"(0.8995164281928988, 0.9380552220888356)",1,95.67503389206848,33516
"(0.8511627906976744, 0.9774943735933984)",1,95.67496111504646,33517
"(0.9414843966800374, 0.96004600460046)",1,95.6749554949924,33518
"(0.917509305210918, 0.9767241379310344)",1,95.6748817310433,33519
"(0.93218671679198, 0.9635619016637234)",1,95.67484553021896,33520
"(0.9259560057540158, 0.960607978267748)",1,95.6745305970182,33521
"(0.9523529411764708, 0.9642857142857144)",4,95.67449538986216,33525
"(0.9363636363636364, 1.0)",1,95.67436511857446,33526
"(0.9133939644481192, 0.9561403508771932)",1,95.67430891436172,33527
"(0.8946752284039163, 0.9574505911522484)",1,95.6742638112543,33528
"(0.9447018709564609, 0.965497521921464)",1,95.67398326517824,33529
"(0.8752365981200475, 0.9612261904761904)",1,95.67394563865876,33530
"(0.9369792725055884, 0.9577759872287582)",1,95.6737554871336,33531
"(0.8345959595959597, 1.0)",1,95.67370195607144,33532
"(0.9283969998255712, 0.9635619016637234)",2,95.67366997802016,33534
"(0.9630672573903032, 0.9525113127828196)",2,95.67362319879626,33536
"(0.8978798708330872, 0.9698578833447256)",1,95.67342807896716,33537
"(0.9057088744588744, 0.9734722222222224)",1,95.6733593189394,33538
"(0.8799035686171609, 0.9537087912087912)",1,95.6733018205158,33539
"(0.8157493041213971, 0.9767441860465116)",1,95.67321792933689,33540
"(0.9386724386724388, 1.0)",1,95.67312995071616,33541
"(0.854478432131113, 0.9648977033360302)",1,95.6731014544206,33542
"(0.9302579365079364, 0.9734722222222224)",2,95.67306793812882,33544
"(0.9135802469135802, 0.9841269841269842)",1,95.6729443396112,33545
"(0.8370512373649356, 0.9913490623109498)",1,95.67285425943824,33546
"(0.9290099096728932, 0.9465827539807132)",1,95.67266457597056,33547
"(0.9365750528541228, 0.9552772808586762)",1,95.67259458695048,33548
"(0.8757481940144478, 0.9473039215686276)",6,95.67248502957398,33554
"(0.942961408510189, 0.975060054907344)",1,95.67247898484092,33555
"(0.9405634236453204, 0.9754464285714284)",1,95.67241508452484,33556
"(0.9555491383616382, 0.9574505911522484)",2,95.67239652668462,33558
"(0.8002770427118253, 0.9750078753638076)",1,95.67234897996252,33559
"(0.8344950967399947, 0.9618138828565136)",1,95.67218864377344,33560
"(0.8857407747009801, 0.9560805836777236)",1,95.67207760469144,33561
"(0.9444444444444444, 1.0)",1,95.67200051410578,33562
"(0.9450706646294882, 0.9537087912087912)",1,95.67188242939622,33563
"(0.8872598584428717, 0.9563953488372092)",1,95.67173345579918,33564
"(0.950700596776178, 0.9679608656649474)",1,95.67172920742723,33565
"(0.8584326321395287, 0.9579551650296714)",3,95.67163664175057,33568
"(0.8601973684210527, 0.9737148229943366)",1,95.67157644649384,33569
"(0.8983081723027375, 0.9729166666666668)",1,95.6714223776846,33570
"(0.8872598584428717, 0.9667774086378738)",2,95.6713897764286,33572
"(0.9696969696969696, 1.0)",1,95.67114214016814,33573
"(0.9362824675324676, 0.9551820728291316)",1,95.6711024685682,33574
"(0.7956776428149589, 0.943982716990723)",1,95.67107997517012,33575
"(0.8351693186454507, 0.9767441860465116)",1,95.67099729193858,33576
"(0.8734582431032859, 0.965497521921464)",1,95.67097585443004,33577
"(0.910924131602386, 0.9586520604621642)",1,95.6709741281344,33578
"(0.9397665508331108, 0.9667774086378738)",1,95.67079578981968,33579
"(0.9346399099774944, 0.9774943735933984)",1,95.6706682242435,33580
"(0.8473809523809523, 0.9754464285714284)",1,95.67064361327978,33581
"(0.9436930909314628, 0.9579551650296714)",1,95.67052372594168,33582
"(0.9399404761904762, 0.952503401360544)",1,95.6705135313882,33583
"(0.8365744453354719, 0.965497521921464)",1,95.6702964520079,33584
"(0.8356705909510619, 0.9658154816997468)",1,95.67007881691508,33585
"(0.918078605068401, 0.9612261904761904)",1,95.67006316148871,33586
"(0.8837209302325582, 0.9667774086378738)",1,95.66995187891104,33587
"(0.9408601779678556, 0.9618138828565136)",1,95.66978334460369,33588
"(0.7973166368515204, 0.965497521921464)",1,95.66977871280632,33589
"(0.9665714285714284, 0.9688819909986466)",1,95.66969451427,33590
"(0.9018055555555556, 0.9868055555555556)",4,95.6696518283456,33594
"(0.906439024390244, 0.9537087912087912)",2,95.66958747059716,33596
"(0.905649630541872, 0.9754464285714284)",1,95.66941341871583,33597
"(0.9363885088919288, 0.9667774086378738)",1,95.66940631113272,33598
"(0.9485046203796204, 0.9555491383616382)",3,95.6692421775824,33601
"(0.8738126483317046, 0.978144708175668)",1,95.6692412879497,33602
"(0.8323660714285714, 0.9868055555555556)",1,95.66894995188834,33603
"(0.8946752284039163, 0.9696381743256742)",1,95.66866423397644,33604
"(0.9665714285714284, 0.9618138828565136)",1,95.66864021703176,33605
"(0.9135802469135802, 1.0)",1,95.66861435712016,33606
"(0.8786453242098404, 0.9866666666666666)",1,95.66851429337322,33607
"(0.9088431305536568, 0.9737148229943366)",1,95.66848205201129,33608
"(0.8344950967399947, 0.9574505911522484)",1,95.66829275120348,33609
"(0.7537777149792919, 0.9763582747130692)",4,95.668276186318,33613
"(0.896551724137931, 1.0)",1,95.6682539016872,33614
"(0.8101851851851852, 0.9780571219715956)",1,95.66820809826628,33615
"(0.95474577471438, 0.9688819909986466)",1,95.668129128383,33616
"(0.8198932646301067, 0.9754464285714284)",2,95.66807979633631,33618
"(0.9696969696969696, 1.0)",1,95.66778026684251,33619
"(0.9611528822055138, 0.9601840736294516)",1,95.6677732106612,33620
"(0.9333531698462172, 0.9579551650296714)",1,95.66776221992144,33621
"(0.9226438267614736, 0.9574505911522484)",3,95.66764890057016,33624
"(0.8713213409717444, 0.961770130454341)",3,95.66755349276508,33627
"(0.8221014871827105, 0.9666671069525904)",1,95.66750073284808,33628
"(0.944540304191448, 0.9635619016637234)",1,95.6674478208966,33629
"(0.996078431372549, 0.8675035754012392)",1,95.6674119015743,33630
"(0.9226438267614736, 0.9612261904761904)",2,95.66725500378465,33632
"(0.9557291666666669, 0.9650465046504648)",1,95.66714750865624,33633
"(0.9364583333333332, 0.9868055555555556)",1,95.66700482495988,33634
"(0.905151943324208, 0.9608348284368692)",1,95.66699043160044,33635
"(0.8941062801932367, 0.9868055555555556)",2,95.66680040285276,33637
"(0.9230769230769232, 1.0)",1,95.6667008951839,33638
"(0.9268160835762876, 0.9595374149659864)",1,95.66656634115604,33639
"(0.498048399687744, 0.9667774086378738)",1,95.66654584355793,33640
"(0.8629629629629629, 0.9868055555555556)",2,95.66631054393528,33642
"(0.8803770478529594, 0.9612261904761904)",4,95.66623202254264,33646
"(0.9535924585381664, 0.9736054421768708)",1,95.6660916812045,33647
"(0.8622863247863248, 0.9722222222222222)",1,95.66595939705982,33648
"(0.8680075424261471, 0.9667774086378738)",2,95.665646405176,33650
"(0.942488846547077, 0.9577081026208932)",1,95.66548567856807,33651
"(0.8960328317373462, 0.9667774086378738)",1,95.66544924356862,33652
"(0.8522222222222222, 0.9868055555555556)",1,95.66539481271984,33653
"(0.8970155460303243, 0.9565375499581746)",3,95.6653579540064,33656
"(0.5943117201606165, 0.9651951748860688)",1,95.66532585923188,33657
"(0.8581587837837837, 0.9754464285714284)",1,95.66525628903884,33658
"(0.8468468468468467, 1.0)",1,95.66520153872608,33659
"(0.7792936288088643, 0.9667712327175554)",1,95.66508442572542,33660
"(0.8540508880897897, 0.9658154816997468)",1,95.66502366418644,33661
"(0.7615833542341537, 0.974032698587472)",1,95.66483631869632,33662
"(0.9226705733973176, 0.9678053830227744)",1,95.66462458580394,33663
"(0.8634436934356743, 0.9774943735933984)",1,95.66444322248717,33664
"(0.93323732718894, 0.9754464285714284)",1,95.66443857090916,33665
"(0.782596024946086, 0.9667774086378738)",1,95.66434080597652,33666
"(0.9027274557165862, 1.0)",2,95.6643089614031,33668
"(0.4165654363163286, 0.967258064516129)",1,95.6642331051308,33669
"(0.9278900902053612, 0.9727638167328804)",2,95.6641109482496,33671
"(0.7410529682885718, 0.9743644843958322)",4,95.66407576561812,33675
"(0.842841064926467, 0.9780571219715956)",1,95.66399132558531,33676
"(0.8072002923976609, 0.9694279341856143)",2,95.6635529330676,33678
"(0.912041847041847, 0.9820662768031188)",1,95.66351016769336,33679
"(0.8768851954447522, 0.9651951748860688)",3,95.66345107654644,33682
"(0.9571428571428572, 0.9612261904761904)",1,95.66301699307316,33683
"(0.9023026315789472, 0.9624656593406592)",1,95.66301266089016,33684
"(0.9555491383616382, 0.9612261904761904)",2,95.66297086708153,33686
"(0.901648307790549, 0.9624821937321938)",1,95.6627576277491,33687
"(0.9023026315789472, 0.9647321428571428)",1,95.6627219795466,33688
"(0.8774993038150933, 0.98711247296323)",1,95.6627156196405,33689
"(0.9003322259136212, 0.9667774086378738)",1,95.66263822317192,33690
"(0.9476776665722468, 0.9565375499581746)",1,95.66240837207906,33691
"(0.8584326321395287, 0.9618138828565136)",1,95.6622119860738,33692
"(0.8533773606766307, 0.9601840736294516)",1,95.6620952207635,33693
"(0.9351600241545894, 0.9729166666666668)",1,95.66206357070148,33694
"(0.5941059794031105, 0.9825456535334584)",1,95.66200515926973,33695
"(0.8946441155743481, 0.965497521921464)",1,95.66192507376668,33696
"(0.498048399687744, 0.9550387596899224)",1,95.66183499400088,33697
"(0.8325581395348837, 0.9774943735933984)",1,95.66183418320934,33698
"(0.93916595083917, 0.9612261904761904)",1,95.66183126185028,33699
"(0.9536498942777852, 0.95474577471438)",1,95.66169154928164,33700
"(0.9226438267614736, 0.9618138828565136)",3,95.66160264880436,33703
"(0.8901450053705692, 0.9737148229943366)",1,95.66149105454076,33704
"(0.9368482142857144, 0.9571428571428572)",1,95.66144121576482,33705
"(0.8871004696987055, 0.9667774086378738)",1,95.6613440327945,33706
"(0.8975847069597069, 0.9565375499581746)",1,95.6611517337064,33707
"(0.8975847069597069, 0.9643596441509156)",1,95.66092597400358,33708
"(0.8705290357677138, 0.9774943735933984)",1,95.6607805802968,33709
"(0.9393939393939392, 0.9630672573903032)",1,95.66077042296207,33710
"(0.9001267372977899, 0.969913169748696)",3,95.66066138225892,33713
"(0.8590498776009793, 0.9667774086378738)",1,95.66060271134984,33714
"(0.9464079225584776, 0.9650363879165252)",1,95.66057982040614,33715
"(0.8908246225319396, 0.9432302504125708)",1,95.66046877556764,33716
"(0.8762954142520705, 0.988425925925926)",2,95.66031817225796,33718
"(0.8372177118327734, 0.9658154816997468)",1,95.66028883312816,33719
"(0.7662920854496156, 0.9950507763817212)",1,95.66023812965268,33720
"(0.9374844260560896, 0.9650363879165252)",1,95.66020098833994,33721
"(0.9023809523809524, 1.0)",1,95.6601837536646,33722
"(0.9092261904761906, 0.9734722222222224)",1,95.66015436068128,33723
"(0.9268160835762876, 0.9574505911522484)",2,95.65999674084512,33725
"(0.91243961352657, 0.9866666666666666)",2,95.65996972090572,33727
"(0.9315535929345644, 0.9625115627890696)",1,95.65982352171694,33728
"(0.908998988877654, 0.9667774086378738)",1,95.6596872541006,33729
"(0.9643596441509156, 0.9643596441509156)",2,95.6595875076652,33731
"(0.7987835673811283, 0.9734722222222224)",1,95.6595193592384,33732
"(0.8437596183441058, 0.9788110478899952)",3,95.65949669912538,33735
"(0.9433680972830336, 0.9642166226376752)",1,95.6594717403808,33736
"(0.8557504873294346, 0.9736842105263158)",1,95.6594416051089,33737
"(0.9364583333333332, 0.986574074074074)",2,95.65923173713485,33739
"(0.918078605068401, 0.9612261904761904)",3,95.65917031409792,33742
"(0.7537053571428572, 0.9608918659970924)",1,95.65910009152086,33743
"(0.931038492683086, 0.9782702035744222)",3,95.65901756972052,33746
"(0.8351555421322864, 0.977638640429338)",1,95.65891632517328,33747
"(0.9424323293938236, 0.9440753045404208)",1,95.65882094249068,33748
"(0.8752365981200475, 0.9612261904761904)",4,95.65875592175917,33752
"(0.9365750528541228, 0.9552772808586762)",1,95.65866429081557,33753
"(0.9635619016637234, 0.95)",1,95.6584755279722,33754
"(0.9138356017575824, 0.9550387596899224)",1,95.658443716724,33755
"(0.9011130817686992, 0.9595374149659864)",1,95.65844132290329,33756
"(0.8726622214994307, 0.9767441860465116)",1,95.65832843825734,33757
"(0.9688819909986466, 0.9647156084656086)",2,95.65804358404792,33759
"(0.7974523471716736, 0.9774943735933984)",4,95.65800649841466,33763
"(0.710494931425164, 0.9550387596899224)",1,95.6578193212792,33764
"(0.908998988877654, 0.9667774086378738)",1,95.65779877510244,33765
"(0.7613039621525723, 0.9568870566527607)",3,95.65767452247158,33768
"(0.8959567775974026, 0.9618138828565136)",1,95.65764143811404,33769
"(0.8946752284039163, 0.9688819909986466)",1,95.6575791877626,33770
"(0.8604651162790697, 0.9775193798449612)",1,95.65757826028025,33771
"(0.8405671296296295, 1.0)",1,95.65748771432688,33772
"(0.8584326321395287, 0.9574505911522484)",3,95.65738912764188,33775
"(0.8542381497013597, 0.9667774086378738)",1,95.65727975049758,33776
"(0.9649729659305584, 0.9380552220888356)",1,95.65726435391456,33777
"(0.9508739421428176, 0.9541309523809522)",1,95.65718939689546,33778
"(0.9036544850498338, 0.965497521921464)",1,95.65706750742464,33779
"(0.9253196022727272, 0.9574505911522484)",3,95.65697817282977,33782
"(0.828819993216278, 0.9577759872287582)",3,95.65682312452805,33785
"(0.7472785737929731, 0.9825319426526432)",1,95.6567505319674,33786
"(0.8934374999999999, 0.9767241379310344)",2,95.65671148960465,33788
"(0.8125, 1.0)",1,95.65664994434736,33789
"(1.0, 1.0)",1,95.65659544359384,33790
"(0.912041847041847, 0.9925925925925926)",1,95.65659049908152,33791
"(0.9045169946332738, 0.9667774086378738)",1,95.65654489427271,33792
"(0.8633207015199207, 0.9658154816997468)",1,95.6564507731307,33793
"(0.4896538918597742, 0.9866666666666666)",2,95.65643652062444,33795
"(0.8700357638518202, 0.9740643495864882)",1,95.65625821544396,33796
"(0.896551724137931, 1.0)",1,95.65610149641154,33797
"(0.9365750528541228, 0.9552772808586762)",2,95.65601609539674,33799
"(0.9230769230769232, 1.0)",1,95.65572661532394,33800
"(0.8901450053705692, 0.9782702035744222)",1,95.6556810311992,33801
"(0.8191214470284237, 0.9774943735933984)",1,95.6552613151048,33802
"(0.9111616775696132, 0.960607978267748)",3,95.65523011997142,33805
"(0.888013818790316, 0.960607978267748)",1,95.65521111746848,33806
"(0.8757566103854729, 0.9667774086378738)",1,95.65507358210454,33807
"(0.7081625209067293, 0.9611414900888584)",2,95.65487604490396,33809
"(0.8656015037593985, 0.969913169748696)",4,95.65470416291886,33813
"(0.9432302504125708, 0.9565375499581746)",1,95.65468511567552,33814
"(0.8351555421322864, 0.9415378750109974)",1,95.65442025456078,33815
"(0.8590498776009793, 0.9667774086378738)",1,95.6543640233444,33816
"(0.899997244510117, 0.9788110478899952)",1,95.65412099457492,33817
"(0.812161361179875, 0.9667081046663232)",1,95.65395221754358,33818
"(0.8919095971175892, 0.9667774086378738)",1,95.65384394703308,33819
"(0.9399404761904762, 0.960607978267748)",1,95.65383134796872,33820
"(0.7200000000000001, 1.0)",1,95.65381918272683,33821
"(0.513403397354195, 0.983828633303958)",1,95.65369950128796,33822
"(0.9432302504125708, 0.9587678773492604)",1,95.653524882617,33823
"(0.7334758390430194, 0.9726023028645514)",1,95.65336409160008,33824
"(0.8641929499072356, 0.9625936563436563)",3,95.65334533954562,33827
"(0.9247680199941508, 0.9579551650296714)",1,95.6533008232514,33828
"(0.9135802469135802, 0.9841269841269842)",1,95.65322574852595,33829
"(0.925392857142857, 0.9754464285714284)",1,95.65305179323528,33830
"(0.9318646435925092, 0.951596182326806)",1,95.65298734001613,33831
"(0.9001409893736627, 0.9595374149659864)",1,95.65277055893864,33832
"(0.8282752506308395, 0.9667774086378738)",1,95.65273687068502,33833
"(0.8204161317928969, 0.9648977033360302)",1,95.65227173718029,33834
"(0.9647217861503576, 0.9678608196882048)",1,95.65226847414242,33835
"(0.839484868820503, 0.9736842105263158)",1,95.65213109332146,33836
"(0.9444444444444444, 1.0)",1,95.65210738276464,33837
"(0.906439024390244, 0.95474577471438)",1,95.65197951054854,33838
"(0.875, 1.0)",1,95.65182632532468,33839
"(0.8799035686171609, 0.9574505911522484)",3,95.65167409565892,33842
"(0.847123015873016, 0.9868055555555556)",2,95.65162869108356,33844
"(0.9152165481577246, 0.9563063063063064)",1,95.65157798292304,33845
"(0.8319664902998236, 1.0)",2,95.6515246953889,33847
"(0.8265700981304325, 0.9667774086378738)",1,95.65142327927624,33848
"(0.9565217391304348, 1.0)",1,95.6512063691092,33849
"(0.8177555579773321, 0.9754464285714284)",1,95.6510727440974,33850
"(0.9348875393612236, 0.9737148229943366)",3,95.65106852699104,33853
"(0.8252552284666469, 0.9651951748860688)",1,95.65097478557428,33854
"(0.9312094155844156, 0.9576029606661498)",1,95.65087918034996,33855
"(0.8737236721611722, 0.9574505911522484)",1,95.65072388138935,33856
"(0.7496650452295612, 1.0)",1,95.65072323384028,33857
"(0.8559380045064403, 0.9719701071405288)",1,95.65067351390286,33858
"(0.7998955722639932, 0.9747439067467324)",1,95.65047646747357,33859
"(0.8600272232304901, 1.0)",1,95.65016444648614,33860
"(0.7707924493038034, 1.0)",1,95.6499562435198,33861
"(0.923682090546394, 0.961770130454341)",1,95.64991018775224,33862
"(0.79145763692632, 0.98711247296323)",1,95.6499064485893,33863
"(0.8890863872430693, 0.9555491383616382)",1,95.64973114645876,33864
"(0.809724025974026, 0.9624656593406592)",1,95.64953924089276,33865
"(0.9247241379310346, 0.9503723544973544)",1,95.64944234649217,33866
"(0.8956505897276728, 0.9618138828565136)",1,95.64940766526637,33867
"(0.9111616775696132, 0.9635619016637234)",1,95.64936118717608,33868
"(0.8198954044731278, 0.965497521921464)",1,95.64932554210093,33869
"(0.8602450419527078, 0.9610152916073968)",1,95.64894871551526,33870
"(0.8446379408861877, 0.9868055555555556)",2,95.64891449988352,33872
"(0.8131868131868132, 0.9554098688819938)",1,95.64887280051346,33873
"(0.8870934646557915, 0.969913169748696)",6,95.64876409419004,33879
"(0.8787790697674417, 0.9552772808586762)",1,95.64859675696236,33880
"(0.9045169946332738, 0.9667774086378738)",1,95.64842826826886,33881
"(0.7690274841437632, 0.9774943735933984)",1,95.64830270095008,33882
"(0.8635758097194084, 0.9630672573903032)",1,95.6478547237716,33883
"(0.9170435132147524, 0.9554098688819938)",2,95.64779060651551,33885
"(0.9579966888808584, 0.9643596441509156)",6,95.64747076958156,33891
"(0.9235874607931364, 0.9565375499581746)",1,95.64738085292558,33892
"(0.7615833542341537, 0.9693020292016596)",4,95.64728307167944,33896
"(0.9499194985912254, 0.9565375499581746)",1,95.64727662377034,33897
"(0.931377923976608, 0.9740643495864882)",1,95.64723253724682,33898
"(0.8752365981200475, 0.9688819909986466)",1,95.64722940261764,33899
"(0.8393969239599776, 0.9650363879165252)",1,95.64720812066778,33900
"(0.8300280681378243, 0.9868055555555556)",2,95.64699232717226,33902
"(0.9096456710359556, 0.9612261904761904)",3,95.64697865511694,33905
"(0.8683241252302025, 0.9648977033360302)",1,95.6469353912793,33906
"(0.8639328063241105, 0.9754464285714284)",2,95.64686613957468,33908
"(0.9538729657213072, 0.9501800720288114)",1,95.64675594664516,33909
"(0.8304018976011457, 0.969913169748696)",4,95.6466860715505,33913
"(0.8060320096123339, 0.9692634363686996)",1,95.64660273047892,33914
"(0.9424176800488644, 0.97317738791423)",1,95.64655804140742,33915
"(0.7646229739252995, 0.9774943735933984)",1,95.64646842813916,33916
"(0.9428823795600112, 0.9913490623109498)",1,95.64645030279728,33917
"(0.8227906976744187, 0.9775193798449612)",1,95.64630822747776,33918
"(0.8880350522413213, 0.9667774086378738)",1,95.6462216784976,33919
"(0.8680075424261471, 0.9774943735933984)",1,95.6460826780602,33920
"(0.9433680972830336, 0.9541309523809522)",1,95.64605999722204,33921
"(0.7824770258980785, 0.969913169748696)",8,95.64603067604662,33929
"(0.8387491609744542, 0.965497521921464)",1,95.64588675557148,33930
"(0.93916595083917, 0.9463234342650104)",2,95.6457235253053,33932
"(0.5502557875155023, 0.9937770840237872)",1,95.64571629194806,33933
"(0.8581395348837209, 0.9667774086378738)",1,95.64565841144515,33934
"(0.7325581395348837, 0.9667774086378738)",1,95.64558470760836,33935
"(0.9259560057540158, 0.9635619016637234)",1,95.64543308939425,33936
"(0.9272486772486772, 0.9743589743589745)",1,95.64526939929912,33937
"(0.9226438267614736, 0.9618138828565136)",1,95.64501901622955,33938
"(0.9360538014841208, 0.9688819909986466)",1,95.64465779702677,33939
"(0.9133939644481192, 0.9577861163227016)",1,95.6445639287779,33940
"(0.95474577471438, 0.9625936563436563)",1,95.64454898265105,33941
"(0.933229459603253, 0.9650465046504648)",1,95.64432353495116,33942
"(0.955544662122821, 0.9608348284368692)",1,95.64426518412112,33943
"(0.8666060577471494, 0.9550387596899224)",1,95.644256718987,33944
"(0.9665714285714284, 0.9574505911522484)",3,95.64412996217612,33947
"(0.8318452380952381, 0.9866666666666666)",2,95.64410482884232,33949
"(0.9170435132147524, 0.960414372935642)",1,95.6440888808862,33950
"(0.8518518518518519, 1.0)",1,95.6440705208127,33951
"(0.9696969696969696, 0.9841269841269842)",1,95.64404866897584,33952
"(0.7962242261245582, 0.9415378750109974)",2,95.64383666948385,33954
"(0.8385579937304075, 0.9630672573903032)",1,95.643660831189,33955
"(0.9393939393939392, 0.9601840736294516)",1,95.6436591866,33956
"(0.8576102418207682, 0.9737148229943366)",1,95.64357775261624,33957
"(0.8511627906976744, 0.9774943735933984)",1,95.64355819401004,33958
"(0.9541309523809522, 0.951596182326806)",2,95.64355670638906,33960
"(0.8721161002232697, 0.9580611248779756)",1,95.64352118625088,33961
"(0.842841064926467, 0.9649122807017544)",1,95.64338483632004,33962
"(0.8590498776009793, 0.9667774086378738)",1,95.643301324314,33963
"(0.8216015498869874, 0.9658154816997468)",1,95.64326492726906,33964
"(0.8919095971175892, 0.9667774086378738)",2,95.64322857724154,33966
"(0.8680075424261471, 0.9774943735933984)",1,95.6431873077204,33967
"(0.8752365981200475, 0.9688819909986466)",1,95.64298283601224,33968
"(0.9495131982526256, 0.9635619016637234)",1,95.6429731478962,33969
"(0.9308485656257932, 0.9541309523809522)",1,95.64289204046284,33970
"(0.8836607142857144, 0.9574505911522484)",3,95.64276269895775,33973
"(0.9224211423699916, 1.0)",1,95.64274996654132,33974
"(0.9770969498910674, 0.9808278867102396)",1,95.64274721401968,33975
"(0.7835917312661498, 0.9534883720930232)",1,95.6426783056088,33976
"(0.8401623324365961, 0.9610152916073968)",3,95.64251234239131,33979
"(0.9216927182615324, 0.9774943735933984)",1,95.64250501374772,33980
"(0.9508739421428176, 0.9650363879165252)",1,95.64249622615044,33981
"(0.9408601779678556, 0.9665714285714284)",1,95.64230256627148,33982
"(0.8639328063241105, 0.9754464285714284)",1,95.64230164394336,33983
"(0.9302579365079364, 0.9748677248677248)",1,95.6422605608276,33984
"(0.913656690746474, 0.9740643495864882)",1,95.64217859351224,33985
"(0.8807378807378808, 0.9577861163227016)",1,95.64216485403732,33986
"(0.9618138828565136, 0.9688819909986466)",1,95.64204563911358,33987
"(0.8457446808510638, 0.9868055555555556)",2,95.6419563693208,33989
"(0.8708731355790179, 0.9868055555555556)",1,95.64191881784922,33990
"(0.9764161220043572, 0.992156862745098)",1,95.6419168743624,33991
"(0.9252046422964788, 0.9650363879165252)",1,95.64188417448344,33992
"(0.8569104506604507, 0.9868055555555556)",1,95.6418078257425,33993
"(0.942488846547077, 0.9571428571428572)",1,95.64150804298572,33994
"(0.8939103272888103, 0.9618138828565136)",2,95.64139610322388,33996
"(0.91243961352657, 0.9734722222222224)",1,95.64112491210872,33997
"(0.9405634236453204, 0.9503723544973544)",1,95.64085009975403,33998
"(0.8474552039649257, 0.9767441860465116)",1,95.6408301917583,33999
"(0.7951423097974822, 0.9866666666666666)",1,95.64075863032292,34000
"(0.9408668730650154, 0.9782702035744222)",1,95.6406586110766,34001
"(0.870174510840825, 0.9577861163227016)",1,95.6404610444086,34002
"(0.8919095971175892, 0.9667774086378738)",2,95.64018521339362,34004
"(0.946764828738513, 0.9579551650296714)",1,95.6401822864879,34005
"(0.8584326321395287, 0.9612261904761904)",1,95.63989113664498,34006
"(0.8997086999609598, 0.9540538847117792)",1,95.63986294578066,34007
"(0.859735522115823, 0.9775193798449612)",1,95.63985829159832,34008
"(0.906765625, 0.9767241379310344)",1,95.63950878748112,34009
"(0.8663406611415462, 0.9650363879165252)",3,95.63949970923008,34012
"(0.9428823795600112, 0.9782702035744222)",1,95.63933741332347,34013
"(0.8983081723027375, 0.9868055555555556)",1,95.63916602698752,34014
"(0.7862679955703211, 0.9667774086378738)",1,95.63910959928256,34015
"(0.7646229739252995, 0.9774943735933984)",1,95.63906583766476,34016
"(0.9407729468599032, 0.9748677248677248)",1,95.63905357435073,34017
"(0.8778462998102468, 0.9866666666666666)",2,95.63885622706172,34019
"(0.913656690746474, 0.969913169748696)",3,95.63881699927202,34022
"(0.931377923976608, 0.9740643495864882)",1,95.63871024402287,34023
"(0.7835917312661498, 0.965497521921464)",1,95.63867994356484,34024
"(0.8680075424261471, 0.9667774086378738)",3,95.63867947469646,34027
"(0.9373919235072729, 0.9650465046504648)",1,95.63856737680766,34028
"(0.906439024390244, 0.9612261904761904)",3,95.63841286989474,34031
"(0.8946752284039163, 0.9579551650296714)",3,95.63840356263822,34034
"(0.8691933668722457, 0.9658154816997468)",1,95.63825817575,34035
"(0.9408601779678556, 0.9618138828565136)",1,95.638130474901,34036
"(0.9464079225584776, 0.9574505911522484)",3,95.63812278184376,34039
"(0.8518518518518519, 1.0)",1,95.63811409753474,34040
"(0.9565217391304348, 1.0)",1,95.6380582916815,34041
"(0.645088473561887, 0.9657079385975222)",3,95.63792774002118,34044
"(0.9665714285714284, 0.9766826923076924)",1,95.63792423065289,34045
"(0.6790332474543002, 0.9736842105263158)",1,95.63786895572568,34046
"(0.9414843966800374, 0.962604085919332)",1,95.63768822025284,34047
"(0.8660932394276831, 0.9577759872287582)",1,95.63768352696736,34048
"(0.8885119047619048, 0.9734722222222224)",1,95.6375475038998,34049
"(0.8680075424261471, 0.9667774086378738)",1,95.63750001102076,34050
"(0.9485046203796204, 0.9565375499581746)",1,95.63726114399084,34051
"(0.9508739421428176, 0.9696381743256742)",2,95.63708572045482,34053
"(0.7875946738953866, 0.998499594484996)",3,95.6370571391119,34056
"(0.946764828738513, 0.9618138828565136)",1,95.63704226307848,34057
"(0.9436930909314628, 0.9534840838509316)",1,95.6370293427862,34058
"(0.8387491609744542, 0.9546136534133534)",1,95.63688718246254,34059
"(0.8023255813953488, 0.9667774086378738)",1,95.63685125095624,34060
"(0.9523529411764708, 0.9642857142857144)",1,95.63680880107648,34061
"(0.8186504754267384, 0.9774943735933984)",1,95.6367464696506,34062
"(0.9406095584301136, 0.9612261904761904)",3,95.63673734850455,34065
"(0.8786454023420848, 0.9577861163227016)",1,95.63671890032457,34066
"(0.8882535288785288, 0.9734722222222224)",1,95.63668366718947,34067
"(0.9308485656257932, 0.9721176108033788)",2,95.63668235736708,34069
"(0.8803770478529594, 0.9535924585381664)",1,95.63667544772238,34070
"(0.9570332480818412, 0.9380552220888356)",1,95.63660121904364,34071
"(0.8752365981200475, 0.9574505911522484)",1,95.63659906336582,34072
"(0.7574629741006653, 0.9734025729796396)",1,95.63650433150264,34073
"(0.9374844260560896, 0.95)",1,95.63619426181782,34074
"(0.8943547150523895, 0.9650363879165252)",1,95.63605538989977,34075
"(0.9259560057540158, 0.9495131982526256)",3,95.63602867253078,34078
"(0.8837209302325582, 0.9667774086378738)",1,95.63591598213058,34079
"(0.8428739632573199, 0.9868055555555556)",1,95.6358668773557,34080
"(0.8959567775974026, 0.9618138828565136)",1,95.6357166915404,34081
"(0.8883076259303203, 0.9577861163227016)",1,95.63548411726325,34082
"(0.7967201500483234, 0.9788110478899952)",1,95.63547955577896,34083
"(0.5960561819552873, 0.9825319426526432)",1,95.6354202070337,34084
"(0.9011130817686992, 0.9612261904761904)",3,95.63541561066812,34087
"(0.6817662805944057, 0.9754464285714284)",1,95.63531193690594,34088
"(0.8855436264112714, 0.961770130454341)",1,95.63527389829332,34089
"(0.9253196022727272, 0.9574505911522484)",1,95.63526023622848,34090
"(0.8393046075970374, 0.953556570960922)",1,95.6352601439827,34091
"(0.8837209302325582, 0.9774943735933984)",1,95.63503188250635,34092
"(0.8676666891012699, 0.9694279341856143)",1,95.63502496628072,34093
"(0.9055383852258851, 0.9565375499581746)",1,95.63486657866756,34094
"(0.8941062801932367, 0.9868055555555556)",1,95.63486380877,34095
"(0.95474577471438, 0.9595374149659864)",2,95.63482039341145,34097
"(0.794285714285714, 0.9667774086378738)",1,95.63474989333798,34098
"(0.8223885401577338, 0.9788110478899952)",1,95.63454201998044,34099
"(0.9343548387096776, 0.9734722222222224)",1,95.63452353470528,34100
"(0.9176532769556026, 0.9774943735933984)",1,95.63439092433184,34101
"(0.8736448679839133, 0.9707309941520468)",2,95.63435433047624,34103
"(0.867349553987485, 0.9612261904761904)",3,95.63415289581332,34106
"(0.8837295533519789, 0.961770130454341)",1,95.63406618055058,34107
"(0.9541309523809522, 0.960607978267748)",1,95.63387286766336,34108
"(0.8966049382716049, 0.9868055555555556)",1,95.6337995529125,34109
"(0.9125701913010372, 0.9913490623109498)",1,95.63375432926662,34110
"(0.8590498776009793, 0.9667774086378738)",1,95.63353409431808,34111
"(0.8177555579773321, 0.9754464285714284)",2,95.6334996185145,34113
"(0.8584010840108401, 0.9734722222222224)",1,95.6330808221513,34114
"(0.927910199556541, 0.9665714285714284)",1,95.6330683405357,34115
"(0.9645607615220874, 0.9606447334368527)",1,95.63300187095004,34116
"(0.9743589743589745, 0.9748677248677248)",1,95.63282770503945,34117
"(0.9001409893736627, 0.9618610747051114)",1,95.6327671253101,34118
"(0.8619951040391676, 0.9774943735933984)",1,95.63276030658643,34119
"(0.9495131982526256, 0.9635619016637234)",3,95.63275597416772,34122
"(0.9360538014841208, 0.9462631140307872)",1,95.63270868390497,34123
"(0.8255047951711248, 0.965497521921464)",1,95.6326567276538,34124
"(0.8959567775974026, 0.9665714285714284)",1,95.6326501275529,34125
"(0.9674603174603176, 1.0)",1,95.63248058287076,34126
"(0.943792719255964, 0.9650363879165252)",1,95.6324458522957,34127
"(0.9618138828565136, 0.9688819909986466)",1,95.63208883400834,34128
"(0.8831509426561547, 0.9788110478899952)",8,95.63193693715463,34136
"(0.847123015873016, 0.9868055555555556)",1,95.6318688011268,34137
"(0.9290099096728932, 0.9625936563436563)",1,95.63180542461622,34138
"(0.8494949494949495, 0.9734722222222224)",1,95.63174537684408,34139
"(0.9399404761904762, 0.960607978267748)",3,95.63169403354853,34142
"(0.9565375499581746, 0.9612261904761904)",1,95.63149305770318,34143
"(0.9841269841269842, 1.0)",1,95.63148974553256,34144
"(0.9011130817686992, 0.9595374149659864)",1,95.63141808695276,34145
"(0.9584283173426188, 0.962604085919332)",1,95.63131145968134,34146
"(0.8919095971175892, 0.9667774086378738)",1,95.63110690319948,34147
"(0.8524177828082752, 0.969913169748696)",1,95.63102150724526,34148
"(0.8791208791208792, 1.0)",1,95.63077220580084,34149
"(0.8604651162790697, 0.9774943735933984)",2,95.63075771174438,34151
"(0.7232797675460064, 0.9774943735933984)",1,95.63051382410396,34152
"(0.9014993681478192, 0.9658154816997468)",3,95.63038769050108,34155
"(0.8511627906976744, 0.9774943735933984)",2,95.6303525259632,34157
"(0.9696969696969696, 1.0)",1,95.63030406948444,34158
"(0.9508739421428176, 0.9650363879165252)",1,95.6302443590459,34159
"(0.8699989935587761, 0.9734722222222224)",1,95.63015579219297,34160
"(0.9118986880466472, 0.9608348284368692)",6,95.63003012397098,34166
"(0.860587002096436, 0.9577861163227016)",1,95.62984898848369,34167
"(0.8633207015199207, 0.961770130454341)",3,95.62975342875934,34170
"(0.9452536570183628, 0.980582788671024)",1,95.62965374930612,34171
"(0.9391627846790888, 0.95)",1,95.62946984037325,34172
"(0.9464079225584776, 0.9650363879165252)",1,95.62944159559376,34173
"(0.8975847069597069, 0.9647217861503576)",1,95.62933238644582,34174
"(0.8756319514661275, 0.9774943735933984)",1,95.62932763192433,34175
"(0.6540697674418605, 0.9546136534133534)",1,95.62919438653218,34176
"(0.93323732718894, 0.9624656593406592)",1,95.62898589709926,34177
"(0.8393969239599776, 0.9650363879165252)",1,95.6289240494274,34178
"(0.9192180611357128, 0.9885627144491042)",1,95.62885159570996,34179
"(0.938570380142761, 0.9642857142857144)",3,95.628720034324,34182
"(0.9495131982526256, 0.9635619016637234)",1,95.62862283437492,34183
"(0.849779303236048, 0.9719699280495432)",1,95.62826378651025,34184
"(0.8584326321395287, 0.9612261904761904)",1,95.6281248188663,34185
"(0.8344950967399947, 0.9541309523809522)",1,95.62799096514506,34186
"(0.9643596441509156, 0.9606615844690656)",3,95.6279510421353,34189
"(0.8186504754267384, 0.9774943735933984)",1,95.62788856630272,34190
"(0.769060874119107, 0.9736842105263158)",1,95.62778335397132,34191
"(0.9078178834366952, 0.9688819909986466)",1,95.62775751331918,34192
"(0.93323732718894, 0.9754464285714284)",1,95.6276579157099,34193
"(0.7613039621525723, 0.9563260001856492)",1,95.62765129092894,34194
"(0.9450706646294882, 0.9574505911522484)",1,95.6275713252461,34195
"(0.910924131602386, 0.95474577471438)",1,95.62742014483445,34196
"(1.0, 1.0)",1,95.6273907635188,34197
"(0.8837209302325582, 0.9667774086378738)",1,95.62729476184856,34198
"(0.8946441155743481, 0.9667774086378738)",1,95.62712461277692,34199
"(0.952064553093965, 0.9683214285714286)",1,95.62710468487988,34200
"(0.8978798708330872, 0.9651951748860688)",3,95.62710132726126,34203
"(0.8729235880398671, 0.965497521921464)",1,95.62694515997453,34204
"(0.9088431305536568, 0.9782702035744222)",1,95.62685465864108,34205
"(0.8633207015199207, 0.9740643495864882)",3,95.62677746578971,34208
"(0.9208001301024556, 0.965497521921464)",1,95.62672799400008,34209
"(0.8502024291497975, 0.9658154816997468)",3,95.62668309202392,34212
"(0.9020844965568584, 0.9565375499581746)",1,95.62663602896508,34213
"(0.931377923976608, 0.9825319426526432)",1,95.6266352402394,34214
"(0.992156862745098, 0.996078431372549)",4,95.62659879029952,34218
"(0.8727305120627135, 0.969913169748696)",3,95.62657937371132,34221
"(0.8282752506308395, 0.9667774086378738)",1,95.62650363817062,34222
"(0.8917857142857143, 0.9688819909986466)",1,95.6264205901673,34223
"(0.7325581395348837, 0.9667774086378738)",1,95.62634053895673,34224
"(0.8168138291257306, 1.0)",1,95.62631466641042,34225
"(0.8743600845228408, 0.9675684510299574)",1,95.62626330003128,34226
"(0.8177555579773321, 0.9754464285714284)",1,95.62614653937928,34227
"(0.5675465838509317, 0.9868055555555556)",1,95.62582882852622,34228
"(0.954682426948052, 0.9642857142857144)",1,95.62577134458668,34229
"(0.8535457949758153, 0.9729166666666668)",1,95.62564691337806,34230
"(0.8238479252040358, 0.9702584533546704)",4,95.62551026540494,34234
"(0.79145763692632, 0.9736842105263158)",3,95.62547934838167,34237
"(0.8133720930232559, 0.9667774086378738)",1,95.625135956855,34238
"(0.8584326321395287, 0.9612261904761904)",3,95.62513040933716,34241
"(0.5555082352043056, 0.982546518607443)",1,95.62507856892098,34242
"(0.8619951040391676, 0.965497521921464)",1,95.62503402392154,34243
"(0.8581587837837837, 0.9754464285714284)",1,95.62482849463164,34244
"(0.7423427395649618, 0.9868055555555556)",1,95.62469530907086,34245
"(0.8277423133433764, 0.9688136947015696)",1,95.62464435990272,34246
"(0.4781843971631205, 0.970561403508772)",1,95.6245058377541,34247
"(0.9688819909986466, 0.9625936563436563)",4,95.62420310769656,34251
"(0.9465769388085848, 0.9595374149659864)",1,95.62412624196818,34252
"(0.9630672573903032, 0.955045504550455)",2,95.62398634824132,34254
"(0.9066840277777778, 0.9866666666666666)",1,95.6238711932915,34255
"(0.8608609979240738, 0.961770130454341)",1,95.62342678370102,34256
"(0.7800259083338473, 0.9774943735933984)",1,95.62336669651974,34257
"(0.710494931425164, 0.9885627144491042)",1,95.62335054474688,34258
"(0.9365750528541228, 0.9552772808586762)",1,95.62333234589182,34259
"(0.7245388933440257, 0.9774943735933984)",1,95.62302284635078,34260
"(0.8255047951711248, 0.9559943865276664)",1,95.623002933561,34261
"(0.927910199556541, 0.9612261904761904)",1,95.62300047883872,34262
"(0.8786453242098404, 0.9734722222222224)",1,95.62271966728088,34263
"(0.904310344827586, 0.9754464285714284)",1,95.62270847501404,34264
"(0.875, 1.0)",1,95.62269812091402,34265
"(0.9001409893736627, 0.9565375499581746)",1,95.6226449595148,34266
"(0.8882535288785288, 0.9734722222222224)",1,95.6223442556644,34267
"(0.9352667274015588, 0.9554098688819938)",1,95.62224600757403,34268
"(0.9428823795600112, 0.9747439067467324)",1,95.6222245360908,34269
"(0.908998988877654, 0.9667774086378738)",2,95.62218247411418,34271
"(0.9462631140307872, 0.9579551650296714)",1,95.62215592522504,34272
"(0.9601840736294516, 0.9526018354129678)",3,95.62204680795232,34275
"(0.9044642857142856, 0.9688819909986466)",1,95.62202409396184,34276
"(0.8473809523809523, 0.9754464285714284)",2,95.62197750991828,34278
"(0.9433680972830336, 0.9535924585381664)",1,95.62192376108273,34279
"(0.8503896103896105, 0.9574505911522484)",1,95.62191049985346,34280
"(0.9508739421428176, 0.9612261904761904)",1,95.62176042891927,34281
"(0.7257988721804511, 0.9658154816997468)",2,95.62173387047378,34283
"(0.9674603174603176, 1.0)",1,95.62168686891263,34284
"(0.9465769388085848, 0.9612261904761904)",1,95.62150212945215,34285
"(0.9272486772486772, 0.9743589743589745)",1,95.62136911908034,34286
"(0.8791239816084535, 0.960414372935642)",1,95.62129149248842,34287
"(0.8256202846698297, 0.965497521921464)",1,95.62120545740044,34288
"(0.763189368770764, 0.9552772808586762)",2,95.62101518105293,34290
"(0.9077892695539754, 0.9595374149659864)",3,95.6209942530106,34293
"(0.9047619047619048, 1.0)",1,95.62072326492614,34294
"(0.8762664758354415, 0.95)",3,95.62059096107106,34297
"(0.8923633969716919, 0.9580611248779756)",1,95.6205570472743,34298
"(0.917978896103896, 0.9541309523809522)",1,95.6205539798453,34299
"(0.8238599925743408, 0.9552772808586762)",1,95.62047702106732,34300
"(0.946764828738513, 0.9579551650296714)",1,95.6204245510132,34301
"(0.9535924585381664, 0.9676234979973296)",1,95.62026076666582,34302
"(0.8761348091033453, 0.9667774086378738)",1,95.62011921890856,34303
"(0.8915343915343915, 1.0)",1,95.6200974219602,34304
"(0.8543406860757441, 0.9788110478899952)",3,95.62006081502774,34307
"(0.8978798708330872, 0.969913169748696)",1,95.61990887887876,34308
"(0.875869740093878, 0.9734722222222224)",1,95.61987032277266,34309
"(0.7149501661129568, 0.9774943735933984)",1,95.61972521948458,34310
"(0.8888888888888888, 1.0)",1,95.61972477276426,34311
"(0.9343434343434344, 0.9576029606661498)",1,95.61971004360824,34312
"(0.8604651162790697, 0.9662727157199136)",2,95.61942260688132,34314
"(0.925553613053613, 0.9868055555555556)",1,95.61939997071188,34315
"(0.8882535288785288, 0.9743589743589745)",1,95.6193898156582,34316
"(0.95474577471438, 0.9503404207824095)",1,95.61928036803168,34317
"(0.9428571428571428, 0.9608348284368692)",1,95.6192566381416,34318
"(0.9541309523809522, 0.9618138828565136)",2,95.61923812507531,34320
"(0.9144192834138488, 0.9868055555555556)",1,95.61907761257048,34321
"(0.8946752284039163, 0.9688819909986466)",1,95.61901675427106,34322
"(0.7605257553885152, 0.9669072268723742)",4,95.6190050011952,34326
"(0.6830370453190221, 0.9550387596899224)",1,95.61899624306577,34327
"(0.8722453294915884, 0.9635619016637234)",1,95.61876455455442,34328
"(0.9618138828565136, 0.9606615844690656)",4,95.61870721089136,34332
"(0.8890863872430693, 0.9608348284368692)",3,95.61869567300486,34335
"(0.8700357638518202, 0.9667712327175554)",1,95.61838981532772,34336
"(0.8996421975992612, 0.9658154816997468)",3,95.61827674905138,34339
"(0.8629629629629629, 0.9868055555555556)",2,95.61798757442703,34341
"(0.8156616246999273, 0.969913169748696)",1,95.61796191177648,34342
"(0.892733134920635, 0.9868055555555556)",1,95.61795083558346,34343
"(0.8552672227371022, 0.9551820728291316)",1,95.61787676973724,34344
"(0.9595374149659864, 0.9612261904761904)",3,95.61763748391014,34347
"(0.8584326321395287, 0.9612261904761904)",4,95.61735040053333,34351
"(0.9214457417582416, 0.9785754927860192)",1,95.6173424879901,34352
"(0.9536498942777852, 0.9541309523809522)",1,95.61729136265468,34353
"(0.9507101086048454, 0.9841269841269842)",1,95.61725685861164,34354
"(0.8753306878306878, 0.9748677248677248)",2,95.61705728071418,34356
"(0.7149501661129568, 0.9774943735933984)",1,95.61690576453566,34357
"(0.8946441155743481, 0.9774943735933984)",1,95.61689877919582,34358
"(0.9586520604621642, 0.9727638167328804)",1,95.61689361192056,34359
"(0.8522222222222222, 0.9868055555555556)",2,95.61688510427118,34361
"(0.9103195488721804, 0.9577081026208932)",1,95.6168177834283,34362
"(0.93916595083917, 0.9555491383616382)",1,95.61679425811997,34363
"(0.8827674567584882, 0.9642857142857144)",1,95.6166280562714,34364
"(0.95474577471438, 0.9470357142857144)",1,95.6165885352256,34365
"(0.7244470477201432, 0.977894877473486)",1,95.61653087069752,34366
"(0.9203845950797168, 0.9608348284368692)",2,95.61651650741064,34368
"(0.8646717600452744, 0.961770130454341)",1,95.61642437443788,34369
"(0.8439572704081633, 0.9574505911522484)",1,95.6162583177776,34370
"(0.8799035686171609, 0.9688819909986466)",1,95.61617272440328,34371
"(0.8132390951302638, 0.9649122807017544)",3,95.61597684902864,34374
"(0.8680075424261471, 0.9667774086378738)",2,95.6158112201584,34376
"(0.7686807910158164, 0.9804084140631822)",4,95.6155227082474,34380
"(0.947866344605475, 0.945044504450445)",1,95.61552184794697,34381
"(0.6513926775780916, 0.9499369338378628)",1,95.61516605187995,34382
"(0.9499369338378628, 0.9913490623109498)",1,95.61515097870576,34383
"(0.9135802469135802, 1.0)",1,95.6151411163993,34384
"(0.9606447334368527, 0.9749660326086956)",1,95.6150930770871,34385
"(0.8641929499072356, 0.9555491383616382)",1,95.61507247103168,34386
"(0.9138670852956566, 0.9657079385975222)",3,95.61504215698272,34389
"(0.9499194985912254, 0.9579551650296714)",1,95.61493575842644,34390
"(0.9571428571428572, 0.9537087912087912)",1,95.61493258248464,34391
"(0.8791954022988505, 0.9734722222222224)",1,95.61490343564408,34392
"(0.827468380252958, 0.965497521921464)",1,95.61479061251887,34393
"(0.7640771895101436, 0.9767441860465116)",1,95.61475668934357,34394
"(0.8557504873294346, 0.9692634363686996)",1,95.61473179276736,34395
"(0.8799035686171609, 0.9618138828565136)",1,95.61470637636133,34396
"(0.9523529411764708, 0.9683214285714286)",1,95.61465339219484,34397
"(0.8749917414937386, 0.9574505911522484)",3,95.61463070191988,34400
"(0.9044642857142856, 0.9537087912087912)",1,95.61458779448854,34401
"(0.9292946051030736, 0.9537087912087912)",5,95.61433847371404,34406
"(0.9053333861260692, 0.952503401360544)",1,95.61426454378612,34407
"(0.8475024586783413, 0.969913169748696)",1,95.614212792874,34408
"(0.9111616775696132, 0.9595374149659864)",2,95.61419651154912,34410
"(0.9574505911522484, 0.9678053830227744)",1,95.61418176486568,34411
"(0.9002770083102493, 0.969913169748696)",1,95.61407302693216,34412
"(0.9667774086378738, 0.9667774086378738)",1,95.61401706807334,34413
"(0.8753753753753755, 0.9577861163227016)",1,95.6138717961312,34414
"(0.8946752284039163, 0.952503401360544)",1,95.61382652674526,34415
"(0.8626885995307049, 0.9788110478899952)",7,95.61371912403878,34422
"(0.7729653996101365, 0.9740643495864882)",1,95.61369315732234,34423
"(0.8926559394175094, 0.9648977033360302)",1,95.6135999453745,34424
"(0.9647217861503576, 0.9643596441509156)",1,95.61353618258492,34425
"(0.8665730967886818, 0.9537087912087912)",1,95.61352149173038,34426
"(0.9563063063063064, 0.9612261904761904)",1,95.61338758289344,34427
"(0.8190189403857904, 0.969913169748696)",1,95.61330411279828,34428
"(0.9283194472668156, 0.9635619016637234)",1,95.61325751177652,34429
"(0.9390638788116482, 0.9574505911522484)",1,95.6130538778296,34430
"(0.8220666839087891, 0.969913169748696)",1,95.61301066128968,34431
"(0.9027988215488216, 1.0)",1,95.61277905794007,34432
"(0.8988571428571429, 0.9618610747051114)",1,95.61277808775549,34433
"(0.8680075424261471, 0.9667774086378738)",1,95.61275662760958,34434
"(0.8817204301075269, 0.9841269841269842)",1,95.61262288297816,34435
"(0.888013818790316, 0.9635619016637234)",1,95.6125884689272,34436
"(0.9007910628019324, 0.9767241379310344)",1,95.61248087935576,34437
"(0.9154678277085488, 0.9537087912087912)",1,95.61243474330742,34438
"(0.8351693186454507, 0.9546136534133534)",1,95.61228677591512,34439
"(0.8799035686171609, 0.9595374149659864)",1,95.61227773279936,34440
"(0.8587799123693967, 0.965497521921464)",1,95.6122304100907,34441
"(0.7862679955703211, 0.9667774086378738)",1,95.61218390046494,34442
"(0.4432805247702946, 0.9868055555555556)",1,95.61207872085346,34443
"(0.8778976239800449, 0.9612261904761904)",1,95.61201602871697,34444
"(0.9047341820740836, 0.9595374149659864)",1,95.61194453960566,34445
"(0.9497685185185184, 1.0)",1,95.61193724233569,34446
"(0.917859918146296, 0.964499484004128)",1,95.6118944027556,34447
"(0.8598257797270954, 0.9658154816997468)",1,95.6118431646279,34448
"(0.8627450980392157, 1.0)",1,95.61174681471334,34449
"(0.8575440961689698, 0.9662727157199136)",1,95.61165549665384,34450
"(0.8956505897276728, 0.9612261904761904)",1,95.61165152161752,34451
"(0.8339212842322631, 0.9774943735933984)",1,95.61155790720716,34452
"(0.8540974529346622, 0.965497521921464)",1,95.61154643825827,34453
"(0.9283194472668156, 0.9485046203796204)",1,95.6114056504136,34454
"(0.7871989121989122, 0.9866666666666666)",1,95.61128655603196,34455
"(0.8183575715604802, 0.9577759872287582)",1,95.6112682796674,34456
"(0.769060874119107, 0.9913490623109498)",3,95.61124101343349,34459
"(0.9064516129032258, 0.9754464285714284)",1,95.61121445156527,34460
"(0.901648307790549, 0.9398168103448276)",1,95.61108116500355,34461
"(0.6878935849524084, 0.9750835904997344)",1,95.61103208056277,34462
"(0.9426994258113802, 0.9612261904761904)",3,95.61094724593256,34465
"(0.710494931425164, 0.9774943735933984)",1,95.61079248566976,34466
"(0.8309016086793863, 1.0)",1,95.6106682906486,34467
"(0.6782946827273069, 0.9868055555555556)",1,95.61061690797172,34468
"(0.9643596441509156, 0.9715797169307606)",6,95.61057083640452,34474
"(0.9125701913010372, 0.9782702035744222)",1,95.61052153442505,34475
"(0.9315535929345644, 0.96)",1,95.61037680528644,34476
"(0.8468468468468467, 1.0)",1,95.61031587049972,34477
"(0.8535457949758153, 0.9868055555555556)",1,95.61026399075718,34478
"(0.7869981325863679, 1.0)",1,95.6101682528104,34479
"(0.6782946827273069, 0.9868055555555556)",1,95.61003451295994,34480
"(0.9220534262485482, 0.962023133116883)",1,95.60996173052968,34481
"(0.8757566103854729, 0.9667774086378738)",2,95.60987027214486,34483
"(0.915619658119658, 0.9868055555555556)",1,95.60981659676855,34484
"(0.9635619016637234, 0.9537087912087912)",1,95.60963538401352,34485
"(0.7690274841437632, 0.9774943735933984)",1,95.60961526843784,34486
"(0.8392857142857143, 0.9584283173426188)",1,95.60954498949576,34487
"(0.8978798708330872, 0.9740643495864882)",2,95.6095228772958,34489
"(0.9259560057540158, 0.9577081026208932)",1,95.60949108138344,34490
"(0.8975847069597069, 0.9608918659970924)",1,95.6093991942959,34491
"(0.8941062801932367, 0.9868055555555556)",2,95.609329486581,34493
"(0.9344155844155844, 0.9595374149659864)",1,95.60927218983296,34494
"(0.911177794448612, 0.9563953488372092)",1,95.60920045461032,34495
"(0.6732053542472674, 0.9719598541790242)",1,95.60904918097414,34496
"(1.0, 1.0)",1,95.6089905197004,34497
"(0.903764513477412, 0.9577081026208932)",1,95.60881319694352,34498
"(0.9555491383616382, 0.9574505911522484)",3,95.60874571225162,34501
"(0.9426783174151596, 0.9714285714285714)",1,95.60870269521207,34502
"(0.867704307568438, 0.9734722222222224)",1,95.60867940165043,34503
"(0.773034398034398, 1.0)",1,95.6085905086967,34504
"(0.8786624050523235, 0.9565375499581746)",1,95.60849936772097,34505
"(0.9176086048454468, 0.952503401360544)",1,95.60843960096608,34506
"(0.9565217391304348, 0.9841269841269842)",2,95.60801813042347,34508
"(0.8582837837837838, 0.9754464285714284)",1,95.60794842420604,34509
"(0.8813339438339438, 0.9866666666666666)",1,95.60789536691264,34510
"(0.9057088744588744, 0.9722222222222222)",1,95.60757308003124,34511
"(0.6396617032392895, 0.9503723544973544)",1,95.6067512549984,34512
"(0.9499369338378628, 0.9707309941520468)",2,95.60660233807202,34514
"(0.9131182795698924, 0.9637433687002652)",2,95.6065896633698,34516
"(0.9841269841269842, 1.0)",1,95.6065780703462,34517
"(0.7753527336860669, 0.9868055555555556)",1,95.60656682421543,34518
"(0.8750548245614035, 0.961770130454341)",3,95.60653086818508,34521
"(0.9465811965811968, 0.986574074074074)",1,95.60624666955808,34522
"(0.9447018709564609, 0.9550387596899224)",1,95.60615219750588,34523
"(0.93323732718894, 0.9637433687002652)",1,95.60609785006795,34524
"(0.8641929499072356, 0.9618610747051114)",1,95.60604022527806,34525
"(0.8621651785714286, 0.9612261904761904)",4,95.60600191728778,34529
"(0.9738562091503268, 0.996078431372549)",1,95.60594259505169,34530
"(0.8721161002232697, 0.962604085919332)",1,95.60592375941208,34531
"(0.8692635658914728, 0.9667774086378738)",1,95.60579238815096,34532
"(0.8357101427078324, 0.9658154816997468)",1,95.605240510912,34533
"(0.7843310535618229, 0.9630672573903032)",1,95.60518957812666,34534
"(0.9047619047619048, 1.0)",1,95.60518593967912,34535
"(0.77039068737284, 0.9317329332333084)",1,95.6051752161656,34536
"(0.8634436934356743, 0.9550387596899224)",1,95.60516263003068,34537
"(0.9408601779678556, 0.9635619016637234)",1,95.60510467610229,34538
"(0.8047996976568405, 0.9866666666666666)",1,95.60504140605197,34539
"(0.9053333861260692, 0.9635619016637234)",2,95.60493516844602,34541
"(0.8518518518518519, 1.0)",1,95.60493239315878,34542
"(0.828819993216278, 0.9780571219715956)",5,95.60492387011772,34547
"(0.8943833943833944, 0.9841269841269842)",1,95.60468408399063,34548
"(0.8713213409717444, 0.969913169748696)",1,95.60465006167657,34549
"(0.9216927182615324, 0.9415378750109974)",1,95.6046251146525,34550
"(0.6699593128390597, 0.9618138828565136)",3,95.60459123388496,34553
"(0.9, 1.0)",1,95.6045407949721,34554
"(0.9008392857142858, 0.9624821937321938)",1,95.60452235898696,34555
"(0.8882535288785288, 0.9866666666666666)",2,95.60442966611656,34557
"(0.8761348091033453, 0.9774943735933984)",1,95.60439429545175,34558
"(0.8209663503019846, 0.9576029606661498)",1,95.60433048137516,34559
"(0.910986505586216, 0.9782702035744222)",4,95.60411339860896,34563
"(0.8584326321395287, 0.9612261904761904)",1,95.60406324460176,34564
"(0.7245388933440257, 0.9775193798449612)",1,95.6039904232252,34565
"(0.8112794612794614, 1.0)",1,95.6039518741602,34566
"(0.8970155460303243, 0.9612261904761904)",1,95.60394936594216,34567
"(0.9407679738562092, 0.9868055555555556)",1,95.60386272980294,34568
"(0.8601973684210527, 0.9825319426526432)",3,95.60376395980585,34571
"(0.7507127554383651, 0.9770299246186842)",4,95.60372273041592,34575
"(0.9618138828565136, 0.9571428571428572)",1,95.6036789413879,34576
"(0.8680075424261471, 0.9667774086378738)",1,95.60363704631054,34577
"(0.8744995950480157, 0.965497521921464)",1,95.60353531531648,34578
"(0.8351193705914272, 0.9739630931081678)",1,95.60345298178802,34579
"(0.8357101427078324, 0.9568870566527607)",3,95.60325580733972,34582
"(0.9053333861260692, 0.9571428571428572)",3,95.60275579859407,34585
"(0.8040021929824561, 0.960657765442102)",1,95.6026568412358,34586
"(0.8753753753753755, 0.9580611248779756)",1,95.6023662693849,34587
"(0.8621651785714286, 0.9688819909986466)",1,95.60235367344669,34588
"(0.905151943324208, 0.9499194985912254)",1,95.60224632506876,34589
"(0.8238479252040358, 0.9719699280495432)",1,95.6020965554046,34590
"(0.9154678277085488, 0.9650363879165252)",1,95.6020767377922,34591
"(0.9436930909314628, 0.9574505911522484)",1,95.60187316290606,34592
"(0.8613034779932287, 0.9694279341856143)",3,95.60179313678589,34595
"(0.9027617951668586, 0.9601840736294516)",1,95.60175200241552,34596
"(0.900532496919579, 0.9610152916073968)",1,95.60170632816516,34597
"(0.955544662122821, 0.961342940685046)",2,95.60169060550972,34599
"(0.916096001118324, 0.9565375499581746)",1,95.60165937626203,34600
"(0.8786897800055695, 0.9658154816997468)",2,95.6015462315456,34602
"(0.93916595083917, 0.9537087912087912)",1,95.60142302591656,34603
"(0.5943117201606165, 0.9605856647968066)",3,95.6013858683442,34606
"(0.8487390350877192, 0.9737148229943366)",3,95.60136210008666,34609
"(0.9003322259136212, 0.9774943735933984)",1,95.60128826451508,34610
"(0.8787790697674417, 0.9552772808586762)",2,95.60126325772804,34612
"(0.6867031354725547, 0.9741638006768568)",1,95.60109911856016,34613
"(0.8373015873015873, 1.0)",1,95.60107587099372,34614
"(0.9493987095478396, 0.9650465046504648)",1,95.60104812857688,34615
"(0.8752365981200475, 0.9612261904761904)",1,95.60103264115406,34616
"(0.8590498776009793, 0.9667774086378738)",1,95.600982857954,34617
"(0.9252046422964788, 0.9574505911522484)",2,95.60098200208144,34619
"(0.8023255813953488, 0.9667774086378738)",1,95.60086467820062,34620
"(0.9508739421428176, 0.9625936563436563)",1,95.60077745362882,34621
"(0.6699593128390597, 0.9612261904761904)",1,95.6006533863189,34622
"(0.8513665700198207, 0.9740643495864882)",3,95.60060935442748,34625
"(0.9318646435925092, 0.9498577524893316)",1,95.60055584088612,34626
"(0.8744995950480157, 0.965497521921464)",1,95.60052515146626,34627
"(0.8882035818713451, 0.9694279341856143)",1,95.60042771662108,34628
"(0.8919095971175892, 0.9667774086378738)",1,95.60038105940087,34629
"(0.9263477887938646, 0.9634384628873468)",1,95.60034086452598,34630
"(0.955544662122821, 0.9571428571428572)",1,95.60013884290468,34631
"(0.9574505911522484, 0.9618138828565136)",1,95.60011842165426,34632
"(0.8325581395348837, 0.9774943735933984)",1,95.60011726633446,34633
"(0.9406095584301136, 0.9608348284368692)",1,95.60005474840096,34634
"(0.8382250174703006, 0.9601840736294516)",1,95.59992625694056,34635
"(0.6838518207998031, 0.9746966908283036)",1,95.5998432488892,34636
"(0.8179251985756162, 0.9651951748860688)",1,95.59976187216893,34637
"(0.689772303098171, 0.969913169748696)",2,95.59960001133749,34639
"(0.950700596776178, 0.9678053830227744)",1,95.5995756464312,34640
"(0.7951423097974822, 0.9734722222222224)",1,95.59952571566328,34641
"(0.8348214285714286, 0.9577861163227016)",1,95.5992822550244,34642
"(0.9032873606650292, 0.9574505911522484)",1,95.59910339175416,34643
"(0.8887706043956044, 0.9879464285714284)",1,95.5990137974674,34644
"(0.765625, 0.9601840736294516)",1,95.59872195846832,34645
"(0.8375522452041583, 0.9663919763042904)",1,95.5983104902901,34646
"(0.8666060577471494, 0.9550387596899224)",1,95.59828648216973,34647
"(0.9247680199941508, 0.9618138828565136)",1,95.59827595744132,34648
"(0.9399404761904762, 0.9555491383616382)",3,95.5979932209331,34651
"(0.7707924493038034, 0.9743589743589745)",1,95.59798024518123,34652
"(0.794285714285714, 0.9667774086378738)",1,95.59792999388962,34653
"(0.9346399099774944, 0.9774943735933984)",1,95.59782542363432,34654
"(0.9611528822055138, 0.9525113127828196)",2,95.5977907841106,34656
"(0.9462631140307872, 0.9688819909986466)",1,95.59761564547824,34657
"(0.9011130817686992, 0.9595374149659864)",3,95.59737029434464,34660
"(0.9206668561144264, 0.9793650793650792)",1,95.5973603503235,34661
"(0.832288597755908, 0.965497521921464)",1,95.5973474109472,34662
"(0.9087026014109348, 1.0)",2,95.59708524720754,34664
"(0.9318646435925092, 0.9679608656649474)",1,95.59693689877192,34665
"(0.9296302734822564, 0.9688819909986466)",2,95.59677010153288,34667
"(0.9064516129032258, 0.9754464285714284)",1,95.59670080247476,34668
"(0.9004165220409579, 0.943982716990723)",1,95.59663530481068,34669
"(0.8966049382716049, 0.9734722222222224)",2,95.5964647002318,34671
"(0.8177555579773321, 0.9754464285714284)",1,95.5964592217542,34672
"(0.9252046422964788, 0.9612261904761904)",3,95.59644610620472,34675
"(0.877599715099715, 0.9868055555555556)",2,95.59635783954828,34677
"(0.8895225947521866, 0.9565375499581746)",1,95.59628712839228,34678
"(0.8722453294915884, 0.9665714285714284)",1,95.59619392980711,34679
"(0.7294483504597079, 0.9774943735933984)",1,95.59618872301522,34680
"(0.8641929499072356, 0.9625936563436563)",3,95.59616946945836,34683
"(0.8132390951302638, 0.9658154816997468)",1,95.59614359990567,34684
"(0.8807378807378808, 0.9577861163227016)",1,95.59608356638743,34685
"(0.8173976608187135, 0.9658154816997468)",3,95.59604073468026,34688
"(0.8974472807991122, 0.9380552220888356)",6,95.59592861431992,34694
"(0.932845238095238, 0.9595374149659864)",1,95.59592311992589,34695
"(0.8322230103560789, 0.969913169748696)",3,95.59589592370466,34698
"(0.7646229739252995, 0.9774943735933984)",2,95.59578406224648,34700
"(0.8737236721611722, 0.9612261904761904)",2,95.59574972463764,34702
"(0.9665714285714284, 0.9657079385975222)",1,95.59563138460123,34703
"(0.8946752284039163, 0.9650363879165252)",1,95.59541857293468,34704
"(0.9563953488372092, 0.9774943735933984)",1,95.59530524217432,34705
"(0.8832772166105499, 1.0)",1,95.59504049499036,34706
"(0.7257988721804511, 0.969913169748696)",3,95.59495418171508,34709
"(0.8160648148148147, 0.9868055555555556)",2,95.59490663584052,34711
"(0.9436930909314628, 0.9650363879165252)",1,95.59477467240448,34712
"(0.911377708978328, 0.9868055555555556)",1,95.5946938884908,34713
"(0.9066840277777778, 0.9866666666666666)",2,95.59443296609972,34715
"(0.8632677198614513, 0.9625115627890696)",1,95.59439598328606,34716
"(0.9333333333333332, 0.9841269841269842)",1,95.5943737435992,34717
"(0.585140176021449, 0.9780571219715956)",1,95.59432023449271,34718
"(0.9571428571428572, 0.9688819909986466)",1,95.594319788535,34719
"(0.9463327370304114, 0.9775193798449612)",2,95.5941630829024,34721
"(0.812161361179875, 0.9552772808586762)",2,95.59395019559337,34723
"(0.853187414500684, 0.9885627144491042)",1,95.59368743224574,34724
"(0.7552931034482758, 0.9741638006768568)",4,95.59367913592452,34728
"(0.9343548387096776, 0.9866666666666666)",1,95.5936741540723,34729
"(0.9678608196882048, 0.9606615844690656)",1,95.59360629435902,34730
"(0.8748472964943552, 0.974656862745098)",1,95.59343741723602,34731
"(0.905151943324208, 0.9642857142857144)",1,95.59334873054992,34732
"(0.8621564482029598, 0.9774943735933984)",1,95.59334728068453,34733
"(0.7975164658278694, 1.0)",1,95.59329992477876,34734
"(0.8424197513013303, 0.9612261904761904)",1,95.5932915914858,34735
"(0.498048399687744, 0.9667774086378738)",1,95.59320418559764,34736
"(0.6782946827273069, 0.9868055555555556)",1,95.59312249670116,34737
"(0.876818777829583, 0.9694279341856143)",2,95.59291162205662,34739
"(0.8837209302325582, 0.9774943735933984)",1,95.59278815932196,34740
"(0.7627644938304747, 0.9783854128100704)",4,95.59277731468924,34744
"(0.8393969239599776, 0.9657079385975222)",1,95.5927742821864,34745
"(0.9272486772486772, 0.9866666666666666)",1,95.59266920615951,34746
"(0.9055383852258851, 0.9635619016637234)",1,95.59264122160916,34747
"(0.4432805247702946, 0.9734722222222224)",1,95.59259812215052,34748
"(0.942488846547077, 0.9650363879165252)",3,95.59253641652016,34751
"(0.8745595489781537, 0.9464496874824032)",1,95.59246164076755,34752
"(0.8871004696987055, 0.9550387596899224)",1,95.59243168780512,34753
"(0.9081468615856708, 0.9658154816997468)",3,95.5923805521637,34756
"(0.827468380252958, 0.9767441860465116)",1,95.59217195840888,34757
"(0.946764828738513, 0.9586520604621642)",1,95.5921279228134,34758
"(0.9433680972830336, 0.9548607757926928)",1,95.59196611056242,34759
"(0.9177054478301016, 0.961770130454341)",1,95.5919107637574,34760
"(0.7853136031723004, 0.955045504550455)",1,95.59188021051354,34761
"(0.9541309523809522, 0.9635619016637234)",3,95.59170714417712,34764
"(0.8919095971175892, 0.9667774086378738)",1,95.59145876033186,34765
"(0.9879901960784314, 0.984313725490196)",1,95.59144327931516,34766
"(0.9226438267614736, 0.9612261904761904)",1,95.59124521462944,34767
"(0.9104761904761904, 0.9868055555555556)",1,95.59121606232124,34768
"(0.9586520604621642, 0.9508739421428176)",1,95.59118086481452,34769
"(0.9666666666666668, 0.9841269841269842)",1,95.59106449106471,34770
"(0.865079365079365, 1.0)",1,95.59105362267756,34771
"(0.9787811022617652, 0.9678053830227744)",1,95.59103902236214,34772
"(0.8880350522413213, 0.9667774086378738)",2,95.59093828613088,34774
"(0.9111616775696132, 0.960607978267748)",1,95.59089879353284,34775
"(0.8823631647905025, 0.96004600460046)",1,95.59089611989026,34776
"(0.8457446808510638, 0.9748677248677248)",1,95.59087256977324,34777
"(0.3584229390681003, 0.9866666666666666)",1,95.59069689298694,34778
"(0.9642857142857144, 0.9606615844690656)",3,95.59064519257626,34781
"(0.9308485656257932, 0.9642857142857144)",3,95.59063930133796,34784
"(0.9333333333333332, 0.9841269841269842)",1,95.59025634424192,34785
"(0.8974472807991122, 0.9234101748807632)",1,95.59020184655776,34786
"(0.9390638788116482, 0.9565375499581746)",1,95.59019814212758,34787
"(0.8459679855028692, 0.9774943735933984)",1,95.59019543208404,34788
"(0.8778976239800449, 0.9537087912087912)",6,95.5901777509325,34794
"(0.8755813953488372, 0.9667774086378738)",1,95.59016198654191,34795
"(0.9125701913010372, 0.9524250968329916)",1,95.59014279128208,34796
"(0.710494931425164, 0.965497521921464)",1,95.59006398019746,34797
"(0.5542859341335796, 0.9740643495864882)",3,95.589705362635,34800
"(0.8604651162790697, 0.9774943735933984)",1,95.58968748280492,34801
"(0.9525862068965518, 0.9767241379310344)",1,95.58940120917784,34802
"(0.7953174104336894, 0.9552772808586762)",1,95.58932789369364,34803
"(0.7827659652601814, 0.962604085919332)",1,95.58932573049805,34804
"(0.9232966136270908, 0.9588881366132552)",1,95.58926068445489,34805
"(0.6699593128390597, 0.95474577471438)",1,95.58906020296854,34806
"(0.8762664758354415, 0.9537087912087912)",1,95.5890487315647,34807
"(0.6296160130718955, 0.9866666666666666)",1,95.5889384061938,34808
"(0.8361410189075631, 0.9624821937321938)",1,95.58889378615446,34809
"(0.87257176828623, 0.9723187341565752)",1,95.58881515834156,34810
"(0.950700596776178, 0.9705862533692722)",1,95.58881501873267,34811
"(0.8919095971175892, 0.9667774086378738)",1,95.5887400406148,34812
"(0.8500647757655945, 0.9577861163227016)",1,95.588697850408,34813
"(0.8832713293650792, 0.9625936563436563)",1,95.58853710450356,34814
"(0.8569104506604507, 0.9722222222222222)",1,95.58844220364408,34815
"(0.9534840838509316, 0.9727638167328804)",2,95.5883662190713,34817
"(0.7956776428149589, 0.9774943735933984)",1,95.58830690002095,34818
"(0.8919095971175892, 0.9667774086378738)",1,95.58818185160702,34819
"(0.8584326321395287, 0.9657079385975222)",1,95.58813065453413,34820
"(0.926440329218107, 0.9658154816997468)",1,95.58810632041428,34821
"(0.8584326321395287, 0.9541309523809522)",1,95.5880888134155,34822
"(0.8832713293650792, 0.9570371875635032)",1,95.58804326884793,34823
"(0.8264567669172932, 1.0)",1,95.58803278976087,34824
"(0.9407679738562092, 0.9868055555555556)",1,95.587832093821,34825
"(0.915422077922078, 0.9754464285714284)",1,95.58781796229336,34826
"(0.8807378807378808, 0.9580611248779756)",1,95.58759310669149,34827
"(0.7959305979857629, 0.9415378750109974)",1,95.58747548826362,34828
"(0.9565375499581746, 0.9537087912087912)",5,95.58728540819644,34833
"(0.9574505911522484, 0.9766826923076924)",1,95.58719795453582,34834
"(0.7932875667429443, 0.9913490623109498)",1,95.58707994366873,34835
"(0.8327485380116959, 0.969913169748696)",1,95.58679811705665,34836
"(0.9393939393939392, 0.9575114377859448)",1,95.58657368268972,34837
"(0.9124528181178428, 0.9665714285714284)",1,95.5865547452141,34838
"(0.9053333861260692, 0.9595374149659864)",3,95.58655255550843,34841
"(0.8591750613113885, 0.9706253910053048)",1,95.586049356808,34842
"(0.883580779054917, 1.0)",1,95.5857876107657,34843
"(0.751365367195349, 0.975000844598065)",1,95.58567826173068,34844
"(0.9731377053745476, 0.9847494553376906)",2,95.58553926228088,34846
"(0.8138881768037778, 0.9882352941176472)",1,95.58536950321796,34847
"(0.9047619047619048, 1.0)",1,95.58502795629234,34848
"(0.8919095971175892, 0.9546136534133534)",1,95.58495690019475,34849
"(0.9092261904761906, 0.9734722222222224)",1,95.58494468004469,34850
"(0.9565375499581746, 0.9696381743256742)",1,95.5846929584524,34851
"(0.9214157914304304, 0.951596182326806)",1,95.58469281863847,34852
"(0.8581587837837837, 0.9754464285714284)",1,95.58436802357971,34853
"(0.8923633969716919, 0.9580611248779756)",1,95.58429616054497,34854
"(0.9232966136270908, 0.93004300430043)",1,95.58425256166396,34855
"(0.7122923588039867, 0.9667774086378738)",1,95.58417698105816,34856
"(0.9407729468599032, 0.9866666666666666)",1,95.58404445996833,34857
"(0.8265590958605664, 0.9868055555555556)",1,95.58401707336334,34858
"(0.8978798708330872, 0.9694279341856143)",1,95.58382549660412,34859
"(0.9464079225584776, 0.9595374149659864)",1,95.58372928233128,34860
"(0.90934937783235, 0.9882352941176472)",1,95.5836791940506,34861
"(0.8885119047619048, 0.9734722222222224)",1,95.58363342567208,34862
"(0.9252046422964788, 0.9612261904761904)",1,95.58360160183882,34863
"(0.840845345330562, 0.9655399674247672)",2,95.58359438225833,34865
"(0.7577366425952998, 0.9745993751876104)",1,95.58336986589572,34866
"(0.743680485338726, 0.9774943735933984)",1,95.58321883884469,34867
"(0.9574505911522484, 0.9650363879165252)",1,95.58304426071976,34868
"(0.9283194472668156, 0.9595374149659864)",3,95.58287700535156,34871
"(0.7490105108647218, 0.9630672573903032)",1,95.582775696607,34872
"(0.9078178834366952, 0.9612261904761904)",3,95.58267292746795,34875
"(0.8961538461538462, 0.9385875638569604)",1,95.58259797828607,34876
"(0.8586378737541528, 1.0)",1,95.5825406002941,34877
"(0.9032873606650292, 0.9574505911522484)",1,95.5825309502063,34878
"(0.9499369338378628, 0.9707309941520468)",1,95.58248997326535,34879
"(0.794285714285714, 0.9667774086378738)",1,95.58248544378604,34880
"(0.8646717600452744, 0.9577759872287582)",2,95.5824606036212,34882
"(0.926440329218107, 0.9782702035744222)",2,95.58238199987144,34884
"(0.8786624050523235, 0.9595374149659864)",1,95.58237796319624,34885
"(0.920373952288846, 0.9580611248779756)",1,95.5823450864262,34886
"(0.8586291309669523, 0.9667774086378738)",1,95.58224707640548,34887
"(0.93916595083917, 0.9612261904761904)",1,95.58183372859057,34888
"(0.8978798708330872, 0.9780571219715956)",1,95.58139561845336,34889
"(0.9283194472668156, 0.9586520604621642)",1,95.58139235630932,34890
"(0.7349551414768807, 0.9743589743589745)",1,95.58125801432978,34891
"(0.9586520604621642, 0.9574505911522484)",1,95.58105207196786,34892
"(0.81878722576397, 0.9563953488372092)",1,95.5810488924912,34893
"(0.915422077922078, 0.9754464285714284)",1,95.580906418416,34894
"(0.8693120323003425, 0.9645607615220874)",2,95.58073337733389,34896
"(0.9388029361942404, 0.9642857142857144)",1,95.58069497567357,34897
"(0.9211400121926436, 0.9766826923076924)",1,95.58062166855352,34898
"(0.8221014871827105, 0.976013719881233)",2,95.58053324046968,34900
"(0.9172932330827066, 1.0)",1,95.580415135335,34901
"(0.7956776428149589, 0.965497521921464)",1,95.58035484620576,34902
"(0.9149095893513032, 0.9694622960075308)",1,95.58015114324418,34903
"(0.8563074352548036, 0.9868055555555556)",1,95.58004655556168,34904
"(0.9498577524893316, 0.9612261904761904)",1,95.57999196672884,34905
"(0.9278900902053612, 0.9606447334368527)",3,95.57995677130285,34908
"(0.9841269841269842, 1.0)",1,95.57988060948068,34909
"(0.8727305120627135, 0.969913169748696)",3,95.57983676609072,34912
"(0.9386363636363636, 0.9767241379310344)",2,95.5797576797394,34914
"(0.9647217861503576, 0.9595374149659864)",1,95.5796002756141,34915
"(0.9332863195363196, 0.972661108280666)",2,95.5795366626457,34917
"(0.8550741594067247, 0.9663919763042904)",1,95.5794554940867,34918
"(0.7951423097974822, 0.9734722222222224)",1,95.57940965188936,34919
"(0.943792719255964, 0.9574505911522484)",6,95.57928493739756,34925
"(0.8046779964221825, 0.965497521921464)",1,95.57917527581182,34926
"(0.9399404761904762, 0.9565375499581746)",1,95.57917346334048,34927
"(0.9096474293842716, 0.969913169748696)",3,95.5791231654475,34930
"(0.8626885995307049, 0.9739630931081678)",1,95.5791022918385,34931
"(0.8495727722191059, 0.9657079385975222)",1,95.5790860161828,34932
"(0.915494777499728, 0.9579551650296714)",1,95.57906527483908,34933
"(0.9047619047619048, 1.0)",1,95.57886173949282,34934
"(0.9185588416618146, 0.9618138828565136)",1,95.57875784824704,34935
"(0.8808345087627107, 0.9782702035744222)",4,95.57873977435844,34939
"(0.5489673998339571, 0.976628069863364)",1,95.57861163875616,34940
"(0.9232966136270908, 0.950721153846154)",1,95.57842036165962,34941
"(0.8927951388888888, 0.9866666666666666)",1,95.57828726311186,34942
"(0.5576316443119721, 0.9775)",1,95.57823712804282,34943
"(0.9565375499581746, 0.9678053830227744)",1,95.57816725435468,34944
"(0.844758764317945, 0.965497521921464)",1,95.57816649549989,34945
"(0.8755813953488372, 0.9667774086378738)",1,95.5779982313174,34946
"(0.8209663503019846, 0.9576029606661498)",1,95.57755986703172,34947
"(0.9563063063063064, 0.9608348284368692)",1,95.57741814067454,34948
"(0.8898792718668495, 0.960414372935642)",1,95.57724624665468,34949
"(0.9346399099774944, 0.9550387596899224)",1,95.57722452215936,34950
"(0.942488846547077, 0.95)",1,95.5769933922581,34951
"(0.7217510259917921, 0.977638640429338)",2,95.576957610324,34953
"(0.9397665508331108, 0.9774943735933984)",1,95.57692010829663,34954
"(0.8919095971175892, 0.9667774086378738)",1,95.57650353956056,34955
"(0.8544840720221607, 0.969913169748696)",3,95.576472357091,34958
"(0.8638088157947971, 0.9612261904761904)",1,95.57633380058483,34959
"(0.9005147621883774, 0.9541309523809522)",1,95.57630301352586,34960
"(0.8282276376611791, 0.9651951748860688)",1,95.57625158065284,34961
"(0.8799035686171609, 0.95)",1,95.57617575299211,34962
"(0.8961538461538462, 0.9754464285714284)",1,95.57609749047214,34963
"(0.8608609979240738, 0.961770130454341)",3,95.57594926641367,34966
"(0.8691933668722457, 0.9568870566527607)",2,95.57589923946044,34968
"(0.944540304191448, 0.9565375499581746)",3,95.57587473648688,34971
"(0.7383239811675566, 0.973073742326368)",1,95.57553277305246,34972
"(0.8927951388888888, 0.9866666666666666)",1,95.57550882106176,34973
"(0.908998988877654, 0.9563953488372092)",1,95.5754727981823,34974
"(0.9122449314178318, 0.969913169748696)",4,95.5753155048358,34978
"(0.8584326321395287, 0.9574505911522484)",1,95.57523264747634,34979
"(0.888013818790316, 0.9635619016637234)",3,95.57509899916876,34982
"(0.7843310535618229, 0.9657451923076924)",1,95.57503276003348,34983
"(0.9665714285714284, 0.9612261904761904)",1,95.57482866239933,34984
"(0.8639328063241105, 0.9624656593406592)",1,95.57478320377952,34985
"(0.8008373205741627, 0.9651951748860688)",2,95.5747174722904,34987
"(0.9247241379310346, 0.9754464285714284)",1,95.57459164459787,34988
"(0.8065226115972981, 0.9651951748860688)",3,95.5745705313033,34991
"(0.9882352941176472, 0.8554003168218854)",1,95.57453920015328,34992
"(0.9612261904761904, 0.9574505911522484)",1,95.57447579854458,34993
"(0.9408601779678556, 0.9657079385975222)",3,95.57445116754836,34996
"(0.8840890522875817, 0.9868055555555556)",2,95.57429364375942,34998
"(0.9385964912280702, 0.9577759872287582)",1,95.57416230280708,34999
"(0.9032873606650292, 0.9574505911522484)",3,95.57403758456742,35002
"(0.9360538014841208, 0.9541309523809522)",1,95.57393838744376,35003
"(0.9561403508771932, 0.9650465046504648)",1,95.57389991507485,35004
"(0.7792936288088643, 0.9737148229943366)",1,95.5736757013416,35005
"(0.8344950967399947, 0.9574505911522484)",3,95.5735597878254,35008
"(0.8373852304418176, 0.961770130454341)",3,95.57345964089116,35011
"(0.9570332480818412, 0.9670076726342712)",1,95.5734152830186,35012
"(0.925553613053613, 0.9868055555555556)",1,95.57333312266503,35013
"(0.8238599925743408, 0.9552772808586762)",1,95.57295097500092,35014
"(0.8919095971175892, 0.9667774086378738)",1,95.57279314497023,35015
"(0.8604651162790697, 0.9774943735933984)",1,95.57277239100358,35016
"(0.8320261437908496, 0.9829335242869076)",1,95.57268755732446,35017
"(0.8179251985756162, 0.9605856647968066)",1,95.5724655556331,35018
"(0.853187414500684, 0.9775193798449612)",1,95.57216544424712,35019
"(0.9665714285714284, 0.9612261904761904)",3,95.57199461057805,35022
"(0.9094344316674038, 0.9678608196882048)",1,95.57191734623476,35023
"(0.9495131982526256, 0.960607978267748)",1,95.57188535860884,35024
"(0.9376385678569744, 0.9563953488372092)",1,95.57184686169268,35025
"(0.812161361179875, 0.9552772808586762)",1,95.57175630308036,35026
"(0.8816773504273504, 0.9574505911522484)",1,95.57165572954248,35027
"(0.6732790275608831, 0.965497521921464)",1,95.57149723895148,35028
"(0.917978896103896, 0.9541309523809522)",3,95.571351706209,35031
"(0.9292946051030736, 0.9574505911522484)",1,95.57131081239812,35032
"(0.8590036231884057, 1.0)",1,95.57123878604148,35033
"(0.9283969998255712, 0.9635619016637234)",1,95.57122363476404,35034
"(0.8521317829457364, 0.9885627144491042)",2,95.57120919778428,35036
"(0.7959305979857629, 0.965497521921464)",1,95.57117267269692,35037
"(0.7537053571428572, 0.9715797169307606)",1,95.57097869114628,35038
"(0.8924167302313756, 0.9658154816997468)",1,95.57081776230582,35039
"(0.8451769858886949, 0.9595374149659864)",1,95.57077878207538,35040
"(0.902092920189038, 0.9604697507658034)",1,95.57049461863308,35041
"(0.9525862068965518, 0.9767241379310344)",1,95.57048873123138,35042
"(0.9092261904761906, 0.9615343915343916)",1,95.57048459763804,35043
"(0.9308485656257932, 0.9608348284368692)",2,95.57044878854708,35045
"(0.5223765432098765, 0.9868055555555556)",1,95.57027925491236,35046
"(0.9333333333333332, 1.0)",1,95.57018494417429,35047
"(0.7613039621525723, 0.9610152916073968)",1,95.5699350401544,35048
"(0.8970155460303243, 0.9635619016637234)",2,95.56988726799506,35050
"(0.7987835673811283, 0.9734722222222224)",1,95.5697560162205,35051
"(0.8047996976568405, 0.9743589743589745)",1,95.56962905671114,35052
"(0.903764513477412, 0.9635619016637234)",1,95.5695095029733,35053
"(0.9019323671497586, 0.9743589743589745)",1,95.56945231184646,35054
"(0.880575093557375, 0.9726353384181352)",1,95.56942016225834,35055
"(0.7074854651162791, 0.9430166863749836)",1,95.56909308181169,35056
"(0.7729653996101365, 0.9737148229943366)",1,95.56907184957916,35057
"(0.9020844965568584, 0.9577081026208932)",1,95.5688932259863,35058
"(0.9114583333333336, 0.955045504550455)",1,95.5685990744589,35059
"(0.7862679955703211, 0.9667774086378738)",2,95.5685187870184,35061
"(0.452702205882353, 0.9767241379310344)",1,95.56839119136954,35062
"(0.8970659722222223, 1.0)",2,95.56831741522718,35064
"(0.8511627906976744, 0.9774943735933984)",1,95.56822941514515,35065
"(0.92466540837337, 0.9565375499581746)",3,95.56819149804444,35068
"(0.8883076259303203, 0.9411027568922304)",1,95.56805279427174,35069
"(0.9366629231646204, 0.9650363879165252)",1,95.56781225082794,35070
"(0.8761348091033453, 0.9667774086378738)",1,95.56765259940596,35071
"(0.9399748585795098, 0.9601840736294516)",1,95.5675438017908,35072
"(0.6338968082205787, 0.9763715923955286)",1,95.56749861972727,35073
"(0.8786897800055695, 0.9658154816997468)",1,95.56731849343672,35074
"(0.8887419165196943, 0.9734722222222224)",1,95.56730023974006,35075
"(0.9601840736294516, 0.955)",1,95.5672900494636,35076
"(0.919687006945461, 0.9743589743589745)",1,95.56724016090553,35077
"(0.9449122174122172, 0.9688764394646748)",1,95.56709291537926,35078
"(0.7577366425952998, 0.9730271650938422)",1,95.56697201151458,35079
"(0.9177054478301016, 0.9605856647968066)",1,95.56696998248115,35080
"(0.7705882352941177, 1.0)",1,95.56694866375354,35081
"(0.9508739421428176, 0.95)",1,95.56691846231344,35082
"(0.7241205259313368, 0.978871987172356)",4,95.56685924177046,35086
"(0.9346399099774944, 0.9413752469413924)",1,95.56685787860084,35087
"(0.9263477887938646, 0.9601840736294516)",1,95.56685702654704,35088
"(0.8563074352548036, 0.9722222222222222)",2,95.56666121270948,35090
"(0.8646717600452744, 0.9658154816997468)",1,95.5666530802562,35091
"(0.9185588416618146, 0.9503404207824095)",1,95.56645431337851,35092
"(0.9534840838509316, 0.9537087912087912)",1,95.56639471520432,35093
"(0.585140176021449, 0.9736842105263158)",1,95.56635660199878,35094
"(0.944540304191448, 0.9586520604621642)",1,95.5661500378324,35095
"(0.9035714285714284, 0.9866666666666666)",1,95.56614630733948,35096
"(0.896551724137931, 1.0)",1,95.566093887457,35097
"(0.9202401372212692, 1.0)",1,95.56577933846,35098
"(0.9003869969040249, 0.9694279341856143)",1,95.56570496869304,35099
"(0.8604651162790697, 0.9774943735933984)",1,95.56569377946106,35100
"(0.785874326675308, 0.975679105916394)",1,95.56567312201828,35101
"(0.931377923976608, 0.9913490623109498)",1,95.56557921780448,35102
"(0.8697092516251784, 0.9574505911522484)",3,95.56557786188648,35105
"(0.8407589540630476, 0.9610152916073968)",1,95.56555479319496,35106
"(0.9485046203796204, 0.9625936563436563)",1,95.5653868501146,35107
"(0.8965217391304348, 0.9583928571428572)",2,95.56523270924836,35109
"(0.9630672573903032, 0.955)",1,95.56521252841112,35110
"(0.8970155460303243, 0.9612261904761904)",1,95.56519513060636,35111
"(0.9056042699199388, 0.9552772808586762)",1,95.56515463706438,35112
"(0.8535457949758153, 0.9748677248677248)",2,95.56490688992211,35114
"(0.7610695631528964, 0.9743589743589745)",1,95.56488443896916,35115
"(0.952064553093965, 0.95)",1,95.5647854803148,35116
"(0.8752365981200475, 0.9688819909986466)",1,95.5647440630835,35117
"(0.905151943324208, 0.9606615844690656)",1,95.56442508185768,35118
"(0.7581943345018658, 0.9690449909459764)",4,95.56436095001897,35122
"(0.8372177118327734, 0.9658154816997468)",3,95.56430834753507,35125
"(0.8703659188034188, 0.9868055555555556)",1,95.56424130280536,35126
"(0.7505398085966807, 0.9751211536458476)",1,95.56415432925078,35127
"(0.899997244510117, 0.969913169748696)",1,95.56409636410702,35128
"(0.9612261904761904, 0.9618138828565136)",1,95.56407413747256,35129
"(0.7920997807017544, 0.961770130454341)",3,95.56400108862508,35132
"(0.9310789204679486, 0.9650363879165252)",1,95.56392886561572,35133
"(0.9541062801932368, 0.9734722222222224)",1,95.56390208238828,35134
"(0.7528065463003987, 0.975020291507005)",1,95.56374052066036,35135
"(0.9495131982526256, 0.9635619016637234)",3,95.56371360524368,35138
"(0.9374844260560896, 0.9612261904761904)",3,95.56368409022016,35141
"(0.6296160130718955, 0.9866666666666666)",1,95.56365230585835,35142
"(0.8133720930232559, 0.9667774086378738)",2,95.56359006561532,35144
"(0.895751096491228, 0.969913169748696)",1,95.56346555053491,35145
"(0.8713213409717444, 0.9658154816997468)",3,95.56334776464038,35148
"(0.8917857142857143, 0.9612261904761904)",1,95.56292468981586,35149
"(0.849779303236048, 0.9694977933705602)",1,95.56272129836498,35150
"(0.9290099096728932, 0.9727638167328804)",1,95.56258876234912,35151
"(0.8227906976744187, 0.9775193798449612)",1,95.56258774755672,35152
"(0.7753527336860669, 0.9734722222222224)",1,95.5622822569926,35153
"(0.8608609979240738, 0.9658154816997468)",3,95.56191717571352,35156
"(0.7690274841437632, 0.9774943735933984)",1,95.56181275865583,35157
"(0.879008834302952, 0.992156862745098)",1,95.56176725464304,35158
"(0.906439024390244, 0.9688819909986466)",1,95.56156361395652,35159
"(0.81878722576397, 0.9667774086378738)",1,95.56155453055064,35160
"(0.946764828738513, 0.9650363879165252)",1,95.561238617249,35161
"(0.9055383852258851, 0.9565375499581746)",1,95.56110797283904,35162
"(0.8946441155743481, 0.9550387596899224)",1,95.5609241528956,35163
"(0.794285714285714, 0.9667774086378738)",1,95.56063306516144,35164
"(0.874025901365936, 0.9563953488372092)",2,95.56050141479368,35166
"(0.9118986880466472, 0.9534840838509316)",1,95.55981087085522,35167
"(0.8556083495776478, 0.9651951748860688)",1,95.55953068970324,35168
"(0.96625, 0.9754464285714284)",2,95.55934395191544,35170
"(0.8752365981200475, 0.9612261904761904)",1,95.5592479313787,35171
"(0.5960561819552873, 0.9780571219715956)",1,95.55923320584886,35172
"(0.9248976608187136, 0.9565375499581746)",1,95.5587997436268,35173
"(0.9020844965568584, 0.9565375499581746)",1,95.55869053651412,35174
"(0.947866344605475, 0.962604085919332)",1,95.55857875278753,35175
"(0.8448736477904788, 0.9885627144491042)",1,95.55857009910696,35176
"(0.96, 0.960414372935642)",2,95.55851483073232,35178
"(0.8965217391304348, 0.9734722222222224)",1,95.55837628940236,35179
"(0.8046935824713601, 1.0)",1,95.55824308947513,35180
"(0.9595374149659864, 0.9705862533692722)",1,95.55801890363628,35181
"(0.9064516129032258, 0.9624656593406592)",1,95.55800125848047,35182
"(0.9064516129032258, 0.9754464285714284)",1,95.5578727517726,35183
"(0.8216015498869874, 0.969913169748696)",1,95.55780684073326,35184
"(0.907908163265306, 0.9491921768707484)",1,95.55774364022446,35185
"(0.9571428571428572, 0.9579551650296714)",1,95.5577245706997,35186
"(0.8932369004949651, 0.9868055555555556)",1,95.55750850633537,35187
"(0.8926559394175094, 0.9694279341856143)",1,95.55746917918876,35188
"(0.9064516129032258, 0.9754464285714284)",1,95.55745509881316,35189
"(0.7843310535618229, 0.9627892432770482)",1,95.55719986278665,35190
"(0.8857407747009801, 0.9648977033360302)",1,95.55715849848012,35191
"(0.913656690746474, 0.9568870566527607)",3,95.55709561888888,35194
"(0.848542995746943, 0.961770130454341)",3,95.55702761004784,35197
"(0.8372177118327734, 0.961770130454341)",2,95.55687959831477,35199
"(0.951596182326806, 0.9537087912087912)",1,95.5568723343496,35200
"(0.6296160130718955, 0.9866666666666666)",2,95.5568221889519,35202
"(0.8942415173616616, 0.9579551650296714)",1,95.5567207900163,35203
"(0.7581943345018658, 0.966558310889268)",1,95.55669869621184,35204
"(0.883580779054917, 1.0)",1,95.55661182563084,35205
"(0.8720649550142637, 0.9548607757926928)",1,95.55659077472416,35206
"(0.9464079225584776, 0.9537087912087912)",1,95.5565338074716,35207
"(0.9031297003355316, 0.9667774086378738)",1,95.55620229332816,35208
"(0.9053333861260692, 0.9635619016637234)",3,95.5560593714382,35211
"(0.9189046799105652, 0.9577861163227016)",1,95.5555183662806,35212
"(0.944540304191448, 0.9650363879165252)",2,95.55550079239852,35214
"(0.833299023307944, 0.961770130454341)",2,95.55538444200214,35216
"(0.8956505897276728, 0.9503404207824095)",1,95.55535958365702,35217
"(0.8502024291497975, 0.9740643495864882)",1,95.55530170871224,35218
"(0.9283969998255712, 0.960607978267748)",1,95.55518711624396,35219
"(0.9125701913010372, 0.9781614000609122)",1,95.5551672404496,35220
"(0.8816773504273504, 0.9612261904761904)",1,95.5550669462471,35221
"(0.952503401360544, 0.9571428571428572)",1,95.55503915433734,35222
"(0.8943607460695779, 0.969913169748696)",3,95.55488044500557,35225
"(0.9224211423699916, 0.9696969696969696)",1,95.55486760901746,35226
"(0.9492266992266992, 1.0)",1,95.55484885724096,35227
"(0.8799035686171609, 0.9612261904761904)",3,95.554760948519,35230
"(0.9060206664893564, 0.9913490623109498)",4,95.55474038242856,35234
"(0.8393969239599776, 0.9642857142857144)",1,95.55471150466136,35235
"(0.908998988877654, 0.9774943735933984)",1,95.55458841801364,35236
"(0.9365750528541228, 0.9552772808586762)",1,95.55451931321588,35237
"(0.8031631097560976, 0.9748677248677248)",1,95.55450823784304,35238
"(0.8047996976568405, 0.9743589743589745)",1,95.55448986310954,35239
"(0.8604651162790697, 0.9667774086378738)",2,95.55443079546323,35241
"(0.8677805625174045, 0.9747439067467324)",1,95.55427679253836,35242
"(0.9606447334368527, 0.9428571428571428)",1,95.5542019923886,35243
"(0.8668154125150273, 0.9577759872287582)",1,95.55416723565334,35244
"(0.9385964912280702, 0.969913169748696)",4,95.55410809258656,35248
"(0.8968253968253967, 0.9734722222222224)",1,95.55368851150386,35249
"(0.854478432131113, 0.9604697507658034)",3,95.55360442062984,35252
"(0.8622222222222222, 1.0)",1,95.55351633694362,35253
"(0.9032873606650292, 0.9650363879165252)",1,95.55347302049395,35254
"(0.9176086048454468, 0.9565375499581746)",1,95.55319792444094,35255
"(0.7423427395649618, 0.9734722222222224)",2,95.55279426895856,35257
"(0.8252552284666469, 0.9737148229943366)",1,95.55276496771089,35258
"(0.8790252340252339, 0.9743589743589745)",1,95.5527339966346,35259
"(0.9203845950797168, 0.9625936563436563)",1,95.5526210569514,35260
"(0.9365750528541228, 0.9552772808586762)",1,95.55246523285554,35261
"(0.8170400723750731, 0.9774943735933984)",1,95.55235914502089,35262
"(0.9230769230769232, 1.0)",1,95.5523520560542,35263
"(0.7871989121989122, 0.9722222222222222)",1,95.55224375914224,35264
"(0.8339212842322631, 0.9774943735933984)",1,95.55218232086628,35265
"(0.927910199556541, 0.9586520604621642)",1,95.55216259573967,35266
"(0.8786897800055695, 0.9610152916073968)",1,95.55213058094964,35267
"(0.9035087719298246, 0.9913490623109498)",1,95.55203905734378,35268
"(0.915494777499728, 0.9555491383616382)",1,95.55202734246988,35269
"(0.8961538461538462, 0.9754464285714284)",1,95.55202349018536,35270
"(0.8392857142857143, 0.9557291666666669)",1,95.55201014064784,35271
"(0.77039068737284, 0.9550387596899224)",1,95.55195306231326,35272
"(0.6876119891955498, 0.9648977033360302)",1,95.55184154575306,35273
"(0.875, 1.0)",1,95.55161618572188,35274
"(0.9586520604621642, 0.9606615844690656)",1,95.5515160788353,35275
"(0.95474577471438, 0.9608348284368692)",1,95.5515029682694,35276
"(0.9365750528541228, 0.9885627144491042)",1,95.55135559079254,35277
"(0.8731196908559524, 0.9648977033360302)",1,95.551339390914,35278
"(0.8971203581710827, 0.9868055555555556)",1,95.5511044303942,35279
"(0.9087026014109348, 1.0)",3,95.55105892219676,35282
"(0.8899821109123436, 0.9552772808586762)",1,95.55101397692154,35283
"(0.872036510194405, 0.9740643495864882)",1,95.55055518652932,35284
"(0.8590027258042806, 0.9648977033360302)",1,95.5505438320742,35285
"(0.7381210410308627, 0.9736675470258532)",1,95.5504883206743,35286
"(0.8885119047619048, 0.9727777777777776)",2,95.55044155737538,35288
"(0.9103195488721804, 0.9635619016637234)",3,95.55025824297005,35291
"(0.8837244897959183, 0.95474577471438)",1,95.5500719903782,35292
"(0.917509305210918, 0.9767241379310344)",1,95.5499063465186,35293
"(0.7133874239350912, 0.9624656593406592)",1,95.54987884555828,35294
"(0.9584283173426188, 0.9584283173426188)",1,95.54977204639523,35295
"(0.8952380952380952, 1.0)",2,95.54972044091708,35297
"(0.8316355404640634, 0.9649122807017544)",1,95.54963220954863,35298
"(0.9635619016637234, 0.9665714285714284)",1,95.54953214075763,35299
"(0.9274482758620688, 0.9767241379310344)",1,95.54942292982308,35300
"(0.8055555555555555, 1.0)",1,95.54930354979932,35301
"(0.9715797169307606, 0.9713960577118472)",1,95.54917060960366,35302
"(0.9368482142857144, 0.9608348284368692)",1,95.54915785612212,35303
"(0.93916595083917, 0.9570371875635032)",1,95.54906121129794,35304
"(0.919687006945461, 0.9743589743589745)",1,95.54895777021235,35305
"(0.8753462245347001, 0.9630672573903032)",2,95.54881713491866,35307
"(0.8975847069597069, 0.9463234342650104)",1,95.54877278900464,35308
"(0.8511627906976744, 0.9774943735933984)",1,95.5487377492714,35309
"(0.9023026315789472, 0.9754464285714284)",2,95.5485193207993,35311
"(0.9565217391304348, 1.0)",1,95.54846179078804,35312
"(1.0, 0.9841269841269842)",1,95.54824306863486,35313
"(0.8085116637748216, 0.9734722222222224)",1,95.54820625878855,35314
"(0.8525234524081565, 0.971289097290358)",1,95.54818845894812,35315
"(0.9464079225584776, 0.9574505911522484)",1,95.54815508988044,35316
"(0.9574505911522484, 0.9679608656649474)",1,95.54802121643664,35317
"(0.8871004696987055, 0.9774943735933984)",1,95.54799568642004,35318
"(0.8816793893129771, 0.9650465046504648)",1,95.54796761546794,35319
"(0.9040106023792244, 0.9667774086378738)",1,95.54790853769428,35320
"(0.7149501661129568, 0.9667774086378738)",1,95.54767135844304,35321
"(0.9230181972916824, 0.9575114377859448)",1,95.54750850022728,35322
"(0.8961538461538462, 0.9754464285714284)",1,95.54750294548712,35323
"(0.8978798708330872, 0.9780571219715956)",1,95.54747197877644,35324
"(0.9088431305536568, 0.9737148229943366)",2,95.54737912833814,35326
"(0.9333531698462172, 0.9541309523809522)",3,95.54727091573564,35329
"(0.936120080042732, 0.9565375499581746)",1,95.54694507312988,35330
"(0.9465769388085848, 0.9595374149659864)",1,95.54689119490898,35331
"(0.9274482758620688, 0.9767241379310344)",1,95.546826208349,35332
"(0.9293342911877394, 0.9748677248677248)",1,95.54679606003674,35333
"(0.9356971153846152, 0.9575114377859448)",1,95.54663875174124,35334
"(0.918078605068401, 0.9618138828565136)",1,95.5464211822194,35335
"(0.927910199556541, 0.9555491383616382)",1,95.5463695623856,35336
"(0.8804026684717579, 0.9718710879877338)",2,95.5463593791136,35338
"(0.96625, 0.9638392857142858)",1,95.5462017428154,35339
"(0.9211400121926436, 0.9665714285714284)",2,95.54615397349548,35341
"(0.8827565726955972, 0.9688819909986466)",1,95.54611055214316,35342
"(0.916096001118324, 0.9595374149659864)",1,95.54584874582896,35343
"(0.9696969696969696, 0.9841269841269842)",1,95.5457870631784,35344
"(0.8641433305377707, 0.9740643495864882)",1,95.54578180249194,35345
"(0.9352667274015588, 0.962604085919332)",1,95.54573087695894,35346
"(0.8983081723027375, 0.9868055555555556)",2,95.5457153456685,35348
"(0.8988571428571429, 0.9565375499581746)",1,95.54544373976212,35349
"(0.7362044405953198, 0.98109417303085)",1,95.54514690897923,35350
"(0.904310344827586, 0.9754464285714284)",1,95.5449251496416,35351
"(0.933229459603253, 0.962604085919332)",1,95.54478953743649,35352
"(0.9386363636363636, 0.9767241379310344)",3,95.5447382190778,35355
"(0.9202508960573476, 0.9868055555555556)",1,95.54468075509324,35356
"(0.7074854651162791, 0.9774943735933984)",1,95.54461263944428,35357
"(0.9391627846790888, 0.9696381743256742)",2,95.54435927617864,35359
"(0.8778976239800449, 0.9574505911522484)",1,95.54434017571464,35360
"(0.8956505897276728, 0.9665714285714284)",1,95.5443398731678,35361
"(0.7511748585277997, 0.9732796378813972)",4,95.54427113440592,35365
"(0.9488577948293588, 0.9575114377859448)",1,95.5439626331673,35366
"(0.9380032206119162, 1.0)",1,95.54394173302076,35367
"(0.8557504873294346, 0.9648977033360302)",1,95.54390587044638,35368
"(0.9360538014841208, 0.9612261904761904)",1,95.54387152539046,35369
"(0.9432302504125708, 0.9595374149659864)",6,95.54384214805806,35375
"(0.8942523459812323, 0.9913490623109498)",1,95.5438104510722,35376
"(0.9055383852258851, 0.9565375499581746)",1,95.543796350989,35377
"(0.9406095584301136, 0.9676234979973296)",1,95.5436669331478,35378
"(0.872036510194405, 0.9782702035744222)",4,95.54351826821082,35382
"(0.9002103365384615, 0.9754464285714284)",1,95.54349704288192,35383
"(0.9185588416618146, 0.9555491383616382)",1,95.54338823575206,35384
"(0.91158781074579, 0.9667774086378738)",1,95.5433610765816,35385
"(0.9154678277085488, 0.9625936563436563)",1,95.54297964222076,35386
"(0.8503062961566976, 0.9658154816997468)",3,95.54290654139209,35389
"(0.9465827539807132, 0.9535924585381664)",3,95.54285913808434,35392
"(0.9350548459681588, 0.9750925925925924)",1,95.54264623703864,35393
"(0.9302579365079364, 0.9748677248677248)",1,95.54258526752986,35394
"(0.6380120566561245, 0.974569330620802)",1,95.5425841555239,35395
"(0.8901450053705692, 0.9737148229943366)",1,95.5423419970009,35396
"(0.9248976608187136, 0.9565375499581746)",1,95.5422796836404,35397
"(0.9601840736294516, 0.94)",1,95.54227963297778,35398
"(0.8745595489781537, 0.9552772808586762)",1,95.54201961468875,35399
"(0.8157493041213971, 0.9415378750109974)",1,95.54180827873684,35400
"(0.8434846806939831, 0.9546136534133534)",1,95.54169252006884,35401
"(0.9433680972830336, 0.9555491383616382)",1,95.5416923890872,35402
"(0.9688764394646748, 0.9792592592592592)",1,95.54166175747967,35403
"(0.8604651162790697, 0.9774943735933984)",1,95.5414652010186,35404
"(0.8788323569411767, 0.9740643495864882)",1,95.54136386426735,35405
"(0.8832713293650792, 0.951596182326806)",1,95.54128128977216,35406
"(0.8666060577471494, 0.9774943735933984)",1,95.54116889385668,35407
"(0.9579551650296714, 0.9595374149659864)",1,95.540962306113,35408
"(0.8446379408861877, 0.9748677248677248)",1,95.54092266839024,35409
"(0.9678608196882048, 0.9681338377164)",1,95.54079038381644,35410
"(0.9078178834366952, 0.9612261904761904)",1,95.5405970202889,35411
"(0.8489948371838136, 0.9630672573903032)",1,95.54041726333352,35412
"(0.7687738498092014, 0.9552772808586762)",1,95.54038990139156,35413
"(0.8067271451483561, 1.0)",1,95.540280905541,35414
"(0.8550387596899225, 0.9662727157199136)",1,95.5402734707416,35415
"(0.8393969239599776, 0.95)",1,95.54027076261956,35416
"(0.9800599128540306, 0.996078431372549)",1,95.5399486963927,35417
"(0.9665319865319866, 0.9742231395482168)",1,95.53991114485424,35418
"(0.8680075424261471, 0.9563953488372092)",1,95.53978210253852,35419
"(0.8113380312188725, 0.9568870566527607)",1,95.53969618459496,35420
"(0.8131868131868132, 0.9557291666666669)",1,95.53961396158914,35421
"(0.8888888888888888, 1.0)",1,95.53955661066198,35422
"(0.934274781341108, 0.9606447334368527)",1,95.5395462644513,35423
"(0.9035714285714284, 0.9866666666666666)",1,95.53954170626857,35424
"(0.7959305979857629, 0.9658136502834966)",2,95.5392311822081,35426
"(0.8031631097560976, 0.9748677248677248)",1,95.5392194568948,35427
"(0.9678608196882048, 0.9647217861503576)",1,95.53917987470432,35428
"(0.8584326321395287, 0.9612261904761904)",1,95.53913294104198,35429
"(0.9816305469556244, 0.9477441077441078)",1,95.53904749772452,35430
"(0.9027777777777778, 0.9734722222222224)",2,95.53897759036114,35432
"(0.9601840736294516, 0.96004600460046)",1,95.53889486239515,35433
"(0.8537607374816678, 0.9552772808586762)",1,95.5388509728068,35434
"(0.7413014722797331, 0.9722222222222222)",1,95.53881960112896,35435
"(0.9550387596899224, 0.9774943735933984)",1,95.53880113688363,35436
"(0.8786454023420848, 0.9625115627890696)",2,95.5386670956534,35438
"(0.9362824675324676, 0.9584283173426188)",1,95.53864455074428,35439
"(0.4868443544759335, 0.9747439067467324)",1,95.5383094809897,35440
"(0.863200629779577, 0.9737148229943366)",1,95.53824399452245,35441
"(0.944540304191448, 0.9574505911522484)",3,95.53810686375697,35444
"(0.9263477887938646, 0.9551820728291316)",1,95.5380821093558,35445
"(0.9607902108211708, 0.975615468409586)",1,95.53802397018356,35446
"(0.8856424148606811, 0.9866666666666666)",1,95.53792875444728,35447
"(0.6289029687762497, 0.9550387596899224)",1,95.53779055139356,35448
"(0.754310536919606, 0.972050767921644)",1,95.53767299446989,35449
"(0.9003322259136212, 0.9774943735933984)",2,95.53754194678464,35451
"(0.8731395923480499, 0.969913169748696)",1,95.53751622848058,35452
"(0.9135802469135802, 1.0)",1,95.5374090303468,35453
"(0.9001409893736627, 0.9565375499581746)",4,95.53718182559304,35457
"(0.9385964912280702, 0.969913169748696)",1,95.53685646091762,35458
"(0.9185609025397424, 0.95474577471438)",1,95.53662880933295,35459
"(0.7959305979857629, 0.9297949487371842)",1,95.5365961860082,35460
"(0.8448736477904788, 1.0)",2,95.53655325091584,35462
"(0.9405634236453204, 0.9754464285714284)",1,95.53654966551696,35463
"(0.904439990281827, 0.9657079385975222)",1,95.53650114066612,35464
"(0.8731395923480499, 0.9740643495864882)",1,95.53649867175538,35465
"(0.7971671466973885, 0.9988651610017888)",3,95.5363717020524,35468
"(0.9052876136209468, 1.0)",1,95.53634218034594,35469
"(0.9495131982526256, 0.9555491383616382)",1,95.53633047801286,35470
"(0.917978896103896, 0.9574505911522484)",1,95.53627772588254,35471
"(0.710494931425164, 0.965497521921464)",1,95.536186619639,35472
"(0.9103195488721804, 0.960607978267748)",1,95.53608954465405,35473
"(0.5173322840842022, 0.9291764705882352)",1,95.53596430618938,35474
"(0.9595374149659864, 0.9534840838509316)",1,95.5356975045306,35475
"(0.7646229739252995, 0.9774943735933984)",1,95.53564668538895,35476
"(0.892733134920635, 0.9868055555555556)",1,95.53561817811394,35477
"(0.8666060577471494, 0.9550387596899224)",1,95.5354939151906,35478
"(0.9577861163227016, 0.9601840736294516)",1,95.53544732819978,35479
"(0.9055383852258851, 0.9565375499581746)",1,95.53521350948166,35480
"(0.7996201329534663, 1.0)",1,95.53506616482854,35481
"(0.9125701913010372, 0.9913490623109498)",1,95.5350359857328,35482
"(0.913324175824176, 0.9507857142857142)",1,95.5348064090284,35483
"(0.8046779964221825, 0.965497521921464)",1,95.5346705270344,35484
"(0.9176086048454468, 0.9665714285714284)",3,95.53463478680084,35487
"(0.8046779964221825, 0.965497521921464)",1,95.53463084573372,35488
"(0.7770083102493075, 0.9607371794871794)",1,95.53424883857951,35489
"(0.4896538918597742, 0.9722222222222222)",1,95.5340981921166,35490
"(0.9450706646294882, 0.9612261904761904)",1,95.53364890205242,35491
"(0.9565375499581746, 0.946764828738513)",1,95.53359653581688,35492
"(0.7887947631882942, 0.9534181717978908)",1,95.53358430860123,35493
"(0.8925865800865801, 1.0)",1,95.5334599638727,35494
"(0.8737236721611722, 0.9650363879165252)",1,95.53340356588066,35495
"(0.8113181219906367, 0.9748677248677248)",1,95.5333780809848,35496
"(0.9002103365384615, 0.9624656593406592)",1,95.5333016669597,35497
"(0.8787790697674417, 0.9552772808586762)",1,95.53326299589985,35498
"(0.9131182795698924, 0.9767241379310344)",1,95.53326236678224,35499
"(0.9185588416618146, 0.9574505911522484)",6,95.53317316553655,35505
"(0.8601712614870509, 0.9788110478899952)",1,95.53299660839772,35506
"(0.8421189622802525, 0.9748677248677248)",2,95.53294752334374,35508
"(0.906439024390244, 0.9645607615220874)",1,95.53278224388666,35509
"(0.9268160835762876, 0.9625936563436563)",1,95.5326178577442,35510
"(0.8581587837837837, 0.9754464285714284)",2,95.53244937440311,35512
"(0.8604651162790697, 0.9774943735933984)",1,95.53239458897735,35513
"(0.955544662122821, 0.975060054907344)",1,95.53231192569731,35514
"(0.9185609025397424, 0.9541309523809522)",1,95.53230444360068,35515
"(0.8737236721611722, 0.9612261904761904)",3,95.53222466629931,35518
"(0.8173976608187135, 0.9577759872287582)",3,95.53209586551536,35521
"(0.7780910609857978, 0.9651951748860688)",1,95.5320631934018,35522
"(0.8282752506308395, 0.9667774086378738)",1,95.53203838826312,35523
"(0.944540304191448, 0.9635619016637234)",1,95.53168780070898,35524
"(0.9555491383616382, 0.9574505911522484)",1,95.53152066723295,35525
"(0.9310789204679486, 0.9650363879165252)",1,95.53142340759976,35526
"(0.5582643406268479, 0.9825319426526432)",3,95.53141821390744,35529
"(0.9433680972830336, 0.9571428571428572)",1,95.53139036033927,35530
"(0.7574629741006653, 0.9751656739631442)",1,95.5312814327082,35531
"(0.9570332480818412, 0.9380552220888356)",1,95.5312352526878,35532
"(0.7913531453472169, 0.9577861163227016)",1,95.53110895139936,35533
"(0.9031297003355316, 0.9667774086378738)",1,95.53107626915542,35534
"(0.944540304191448, 0.960607978267748)",1,95.53092762177108,35535
"(0.9031297003355316, 0.9667774086378738)",1,95.53089819846768,35536
"(0.813859649122807, 0.9743589743589745)",2,95.5306938393041,35538
"(0.8731395923480499, 0.9788110478899952)",1,95.5306786091099,35539
"(0.9176086048454468, 0.9563063063063064)",1,95.53048614650908,35540
"(0.7685778108711839, 0.9649729659305584)",1,95.53042062293817,35541
"(0.8537607374816678, 0.9552772808586762)",1,95.53040174848444,35542
"(0.9574505911522484, 0.97595009914078)",1,95.53014515590026,35543
"(0.9555491383616382, 0.9612261904761904)",1,95.5300989573133,35544
"(0.8387491609744542, 0.965497521921464)",1,95.53004971770088,35545
"(0.9841269841269842, 1.0)",1,95.52986370997796,35546
"(0.6817662805944057, 0.9754464285714284)",1,95.5298151835579,35547
"(0.8460304731355253, 0.9767441860465116)",1,95.5296807423956,35548
"(0.7937832885152319, 0.9780460467946086)",2,95.52966835009694,35550
"(0.9508739421428176, 0.9465827539807132)",1,95.52965435689713,35551
"(0.9019607843137254, 0.9868055555555556)",1,95.52961439764016,35552
"(0.9001409893736627, 0.9595374149659864)",1,95.52957587156104,35553
"(0.9135802469135802, 1.0)",1,95.52955654187542,35554
"(0.8277537197423939, 0.9667712327175554)",1,95.5295386869523,35555
"(0.8198954044731278, 0.965497521921464)",1,95.52946684175156,35556
"(0.9565217391304348, 0.9841269841269842)",1,95.5294295076906,35557
"(0.9044642857142856, 0.9683214285714286)",1,95.52937991766647,35558
"(0.8634436934356743, 0.9667774086378738)",1,95.529261383594,35559
"(0.8919095971175892, 0.9667774086378738)",2,95.52924416046882,35561
"(0.7217510259917921, 0.9546136534133534)",1,95.52914157977192,35562
"(0.942961408510189, 0.9449256625727214)",1,95.52904074579192,35563
"(0.8536841742486904, 0.9734722222222224)",1,95.52895107718057,35564
"(0.8680075424261471, 0.9667774086378738)",2,95.52892571090568,35566
"(0.9176086048454468, 0.9565375499581746)",4,95.52866130396932,35570
"(0.8501768299217661, 0.965497521921464)",1,95.52838573337476,35571
"(0.9005147621883774, 0.9579551650296714)",1,95.52838252070696,35572
"(0.8665939529220779, 0.9535924585381664)",1,95.5282989373519,35573
"(0.8888888888888888, 1.0)",1,95.5279985377369,35574
"(0.8665730967886818, 0.9612261904761904)",1,95.52797596230592,35575
"(0.8282752506308395, 0.9667774086378738)",1,95.52775148205734,35576
"(0.8204161317928969, 0.9694095827515072)",1,95.5275885860977,35577
"(0.8571428571428572, 1.0)",1,95.52758122425324,35578
"(0.7998031253845208, 0.9885627144491042)",1,95.5273848495493,35579
"(0.936617336210598, 0.9479586316057752)",1,95.52732525856364,35580
"(0.8421030449216724, 0.9729166666666668)",1,95.52722883119486,35581
"(0.908998988877654, 0.9667774086378738)",1,95.52717908207072,35582
"(0.8204161317928969, 0.9604697507658034)",1,95.52713539387751,35583
"(0.8975847069597069, 0.9657079385975222)",1,95.5269790677452,35584
"(0.8996421975992612, 0.9658154816997468)",1,95.52692035265552,35585
"(0.7959305979857629, 0.965497521921464)",1,95.52683249065508,35586
"(0.7646229739252995, 0.9774943735933984)",1,95.52655617692352,35587
"(0.8065226115972981, 0.9694279341856143)",3,95.52651661942367,35590
"(0.8807378807378808, 0.9584283173426188)",1,95.52644810485276,35591
"(0.8265700981304325, 0.9667774086378738)",1,95.5263351360331,35592
"(0.9203845950797168, 0.9612261904761904)",6,95.5259957689876,35598
"(0.9111616775696132, 0.9565375499581746)",3,95.52596497573164,35601
"(0.9248366013071896, 1.0)",1,95.52579115820151,35602
"(0.944540304191448, 0.9565375499581746)",1,95.5256975390395,35603
"(0.794285714285714, 0.9667774086378738)",1,95.52564915409056,35604
"(0.8671417195826613, 0.9667774086378738)",1,95.52563061795858,35605
"(0.8952569169960475, 0.9557291666666669)",1,95.52562230020018,35606
"(0.9363885088919288, 0.9667774086378738)",1,95.5255624134434,35607
"(0.8680075424261471, 0.9774943735933984)",1,95.52555063534422,35608
"(0.8988571428571429, 0.960607978267748)",1,95.5255386214522,35609
"(0.9426994258113802, 0.9688819909986466)",3,95.5255340605744,35612
"(0.8584326321395287, 0.9612261904761904)",2,95.5255196808482,35614
"(0.7996201329534663, 1.0)",1,95.52516201276111,35615
"(0.9696969696969696, 0.9841269841269842)",1,95.52515789791116,35616
"(0.8753462245347001, 0.9576029606661498)",1,95.5251106762082,35617
"(0.9444444444444444, 0.9841269841269842)",1,95.52510765905213,35618
"(0.7510116522841401, 0.9767441860465116)",1,95.52510233667304,35619
"(0.907908163265306, 0.9715797169307606)",1,95.5250855740923,35620
"(0.8897707231040564, 1.0)",1,95.5250426770482,35621
"(0.7792936288088643, 0.9747439067467324)",1,95.52491803912984,35622
"(0.8691933668722457, 0.961770130454341)",3,95.52476263279844,35625
"(0.7869981325863679, 1.0)",1,95.52473963677195,35626
"(0.9235349105085948, 0.9763834422657952)",1,95.52456919882825,35627
"(0.9302579365079364, 0.9734722222222224)",1,95.52450363835314,35628
"(0.9464473684210528, 0.9649963689179376)",1,95.5244681210357,35629
"(0.886780753968254, 0.9722222222222222)",1,95.52418185238872,35630
"(0.8604896273405435, 0.9719699280495432)",1,95.52402247519034,35631
"(0.903764513477412, 0.9565375499581746)",1,95.52385821274513,35632
"(0.875869740093878, 0.9734722222222224)",1,95.52379467352232,35633
"(0.919687006945461, 0.9868055555555556)",1,95.52367737637935,35634
"(0.7081939799331105, 1.0)",1,95.52356192468778,35635
"(0.9763834422657952, 0.996078431372549)",4,95.5234351768702,35639
"(0.8863049095607234, 0.9667774086378738)",1,95.52324956143497,35640
"(0.8177555579773321, 0.9754464285714284)",1,95.52305047114754,35641
"(0.8752365981200475, 0.9612261904761904)",1,95.52302404995515,35642
"(0.8320261437908496, 0.9788110478899952)",2,95.52293132244456,35644
"(0.9247241379310346, 0.9754464285714284)",2,95.52290417333668,35646
"(0.773034398034398, 1.0)",2,95.52282915660972,35648
"(0.853187414500684, 0.9667774086378738)",1,95.52281551293068,35649
"(0.7672419572552083, 0.9743439192664292)",4,95.522773046769,35653
"(0.8737236721611722, 0.9574505911522484)",1,95.5227321252842,35654
"(0.8799035686171609, 0.9574505911522484)",2,95.52272640817849,35656
"(0.9555491383616382, 0.9537087912087912)",1,95.52269382578302,35657
"(0.9185609025397424, 0.9534840838509316)",1,95.52251864532796,35658
"(0.919355128199818, 0.9649122807017544)",4,95.5225089846528,35662
"(0.8467473884140551, 0.9866666666666666)",1,95.522461565552,35663
"(0.9274482758620688, 0.9767241379310344)",1,95.52246002063684,35664
"(0.8459679855028692, 0.9885627144491042)",1,95.52229182319464,35665
"(0.875869740093878, 0.9734722222222224)",1,95.52215560014416,35666
"(0.9563063063063064, 0.9534840838509316)",1,95.52213789991104,35667
"(0.9214457417582416, 0.9678053830227744)",1,95.52206452041956,35668
"(0.8757481940144478, 0.9380552220888356)",1,95.52195875900443,35669
"(0.9612261904761904, 0.9608348284368692)",1,95.52184120460136,35670
"(0.9103195488721804, 0.9555491383616382)",1,95.52181316388804,35671
"(0.8756319514661275, 0.9550387596899224)",1,95.52175970634704,35672
"(0.9135802469135802, 1.0)",1,95.52155289241782,35673
"(0.762196364506099, 0.9748398613413068)",1,95.52152610396692,35674
"(0.8837209302325582, 0.9774943735933984)",1,95.52152146114142,35675
"(0.8503062961566976, 0.969913169748696)",2,95.52139265163252,35677
"(0.93323732718894, 0.9754464285714284)",1,95.52135638801587,35678
"(0.8731196908559524, 0.969913169748696)",2,95.52125016110504,35680
"(0.8856424148606811, 0.9866666666666666)",1,95.52101164061614,35681
"(0.8553659393869447, 0.9552772808586762)",2,95.52088854083796,35683
"(0.625633317131616, 0.9788110478899952)",3,95.52087621562868,35686
"(0.9135802469135802, 1.0)",1,95.52081031349503,35687
"(0.8949757492849149, 0.9552772808586762)",1,95.52073410545312,35688
"(0.9252046422964788, 0.9574505911522484)",3,95.52066362597672,35691
"(0.8263402370038785, 0.965497521921464)",1,95.52065599720008,35692
"(0.9078944034861038, 0.9577861163227016)",1,95.52063768554552,35693
"(0.8557419333086079, 0.9574505911522484)",1,95.52042085755969,35694
"(0.9363885088919288, 0.9667774086378738)",1,95.5201794952795,35695
"(0.9118986880466472, 0.9650363879165252)",1,95.52013187542072,35696
"(0.8708731355790179, 0.9868055555555556)",2,95.52009254420894,35698
"(0.7167919799498746, 1.0)",1,95.51998588748764,35699
"(0.8319805194805194, 0.9507857142857142)",1,95.51962400868932,35700
"(0.8731060606060606, 0.9743589743589745)",1,95.51961734755346,35701
"(0.8321575543797766, 0.960657765442102)",1,95.51954540402949,35702
"(0.9365750528541228, 0.9552772808586762)",1,95.51947208839292,35703
"(0.8970659722222223, 1.0)",1,95.51931374275748,35704
"(0.710494931425164, 0.965497521921464)",1,95.51926387297652,35705
"(0.9020844965568584, 0.960607978267748)",1,95.5192003045438,35706
"(0.9092261904761906, 0.9583928571428572)",1,95.51906868710648,35707
"(0.8902777777777777, 0.9734722222222224)",1,95.51900503132222,35708
"(0.8300280681378243, 0.9748677248677248)",1,95.51865470627432,35709
"(0.882563025210084, 0.9473039215686276)",1,95.51861246663192,35710
"(0.8238599925743408, 0.9552772808586762)",1,95.51849703709254,35711
"(0.8787790697674417, 0.9552772808586762)",1,95.51845687835184,35712
"(0.9064516129032258, 0.9754464285714284)",1,95.51838805006402,35713
"(0.9665319865319866, 0.9750925925925924)",1,95.51838629416903,35714
"(0.938570380142761, 0.9481474980306196)",1,95.5182189815256,35715
"(0.93218671679198, 0.9574505911522484)",2,95.51803071848168,35717
"(0.9283969998255712, 0.9665714285714284)",1,95.51801346901964,35718
"(0.875, 0.9696969696969696)",1,95.51780734178055,35719
"(0.847123015873016, 0.9868055555555556)",1,95.5177967517573,35720
"(0.8705805822084891, 0.9885627144491042)",1,95.51779185438828,35721
"(0.8353118227451768, 0.969913169748696)",1,95.51778069113004,35722
"(0.9601840736294516, 0.9451780712284916)",1,95.51758050931154,35723
"(0.8324299119892755, 0.9692634363686996)",1,95.51754621553069,35724
"(0.961342940685046, 0.9555491383616382)",2,95.51743347735372,35726
"(0.7487501664809803, 0.9747731416320736)",1,95.51735060770488,35727
"(0.9214157914304304, 0.9574505911522484)",1,95.5173488678288,35728
"(0.9840686274509804, 0.7808592714475068)",1,95.5173426723448,35729
"(0.9436930909314628, 0.9612261904761904)",1,95.51718605823676,35730
"(0.771326936527365, 0.9568870566527607)",3,95.5171836443054,35733
"(0.412985588972431, 0.9649122807017544)",3,95.5171312548984,35736
"(0.9333333333333332, 1.0)",1,95.5170250715449,35737
"(0.9657079385975222, 0.982126682194617)",1,95.51671150926396,35738
"(0.8305244327276152, 0.9667774086378738)",1,95.51643447013689,35739
"(0.9005147621883774, 0.9541309523809522)",1,95.51642893217362,35740
"(0.8740392648287385, 1.0)",1,95.51625620416182,35741
"(0.9363885088919288, 0.9667774086378738)",1,95.51612371826924,35742
"(0.8761348091033453, 0.9774943735933984)",2,95.5160352689198,35744
"(0.9411376480416728, 0.992156862745098)",1,95.5159737273702,35745
"(0.8619951040391676, 0.9550387596899224)",1,95.51596076582668,35746
"(0.9548607757926928, 0.9535924585381664)",1,95.51590401806496,35747
"(0.8604651162790697, 0.9775193798449612)",1,95.515892258223,35748
"(0.9150645514501796, 0.9577861163227016)",1,95.51587948956238,35749
"(0.9310789204679486, 0.9721176108033788)",1,95.5158289515062,35750
"(0.9290099096728932, 0.9612261904761904)",6,95.51580358803366,35756
"(0.8977777777777779, 0.9841269841269842)",1,95.5157707067967,35757
"(0.8604896273405435, 0.9747770885127864)",2,95.51564954359368,35759
"(0.905649630541872, 0.9754464285714284)",1,95.5155872401233,35760
"(0.8858975827700768, 1.0)",2,95.51558695081178,35762
"(0.888013818790316, 0.9595374149659864)",3,95.51555385119129,35765
"(0.6732790275608831, 0.9550387596899224)",1,95.5153318079151,35766
"(0.4832965982507801, 0.9732729831144464)",1,95.5149918242262,35767
"(0.8424197513013303, 0.9612261904761904)",1,95.51496278856466,35768
"(0.8837209302325582, 0.9774943735933984)",3,95.5149435153446,35771
"(0.8750423764725823, 0.961770130454341)",3,95.514896473006,35774
"(0.879400973119566, 0.950700596776178)",5,95.51466698094386,35779
"(0.8880350522413213, 0.9667774086378738)",1,95.51460656646124,35780
"(0.6775462962962963, 0.9722222222222222)",1,95.51456857319748,35781
"(0.8077934662236989, 0.9774943735933984)",1,95.5145445484484,35782
"(0.9688764394646748, 0.9827450980392156)",1,95.51450467034,35783
"(0.8726622214994307, 0.965497521921464)",1,95.51436401437996,35784
"(0.9561403508771932, 0.9554098688819938)",2,95.51435861767844,35786
"(0.8232281991085706, 0.9575114377859448)",1,95.51404008307756,35787
"(0.8737236721611722, 0.9635619016637234)",2,95.51368774814418,35789
"(0.9094344316674038, 0.9642857142857144)",1,95.51356720207576,35790
"(0.7074854651162791, 0.9550387596899224)",1,95.51355420916946,35791
"(0.9360538014841208, 0.9541309523809522)",1,95.513212723456,35792
"(0.9095668859649124, 0.9747439067467324)",1,95.5131477076208,35793
"(0.9447018709564609, 0.9774943735933984)",1,95.51309797537054,35794
"(0.8584010840108401, 0.9868055555555556)",1,95.51305681652111,35795
"(0.9565375499581746, 0.9683214285714286)",1,95.5129492150286,35796
"(0.808641975308642, 1.0)",1,95.5128910788903,35797
"(0.8325147741358931, 0.9928380341880344)",2,95.5128596278288,35799
"(0.917978896103896, 0.9612261904761904)",3,95.5128184359476,35802
"(0.6156045751633987, 1.0)",1,95.5127523430012,35803
"(0.9774943735933984, 0.9667774086378738)",1,95.51271925039684,35804
"(0.9414843966800374, 0.962604085919332)",1,95.51268372574224,35805
"(0.8870067649538378, 0.9667774086378738)",2,95.51262672872706,35807
"(0.8584326321395287, 0.9541309523809522)",1,95.51251424440656,35808
"(0.7800259083338473, 0.9774943735933984)",1,95.5124532928059,35809
"(0.9643596441509156, 0.9645607615220874)",1,95.5123036355657,35810
"(0.9218655816757084, 0.961770130454341)",1,95.51216093913968,35811
"(0.7690274841437632, 0.9774943735933984)",2,95.51185237167144,35813
"(0.9465769388085848, 0.9574505911522484)",1,95.51173897978504,35814
"(0.9229016661449092, 0.9665898556678936)",1,95.5116053699033,35815
"(0.7545068625802375, 0.9736777748665548)",1,95.51158306047546,35816
"(0.8961538461538462, 0.9754464285714284)",1,95.51157593152836,35817
"(0.8822954822954823, 1.0)",1,95.51145248488184,35818
"(0.9094344316674038, 0.9608918659970924)",6,95.51120406008776,35824
"(0.8912382111347733, 0.9782702035744222)",1,95.51100164740274,35825
"(0.9647217861503576, 0.9750869028930254)",1,95.51082972215735,35826
"(0.9154678277085488, 0.9727638167328804)",2,95.5107679150882,35828
"(0.8776804590758078, 0.9767441860465116)",1,95.5107478191725,35829
"(0.8873002904865649, 1.0)",1,95.510746017607,35830
"(0.8656015037593985, 0.969913169748696)",1,95.51070442240184,35831
"(0.888013818790316, 0.9625936563436563)",2,95.51068412497584,35833
"(0.9866666666666668, 0.9882352941176472)",1,95.51064941972214,35834
"(0.9508739421428176, 0.9574505911522484)",1,95.51063995167668,35835
"(0.9302579365079364, 1.0)",1,95.51025054196248,35836
"(0.9170528266913808, 0.9650465046504648)",1,95.510238062077,35837
"(0.9033347257031468, 0.9737148229943366)",3,95.5101812234398,35840
"(0.9612261904761904, 0.9612261904761904)",1,95.51017374479493,35841
"(0.9367114963691102, 0.9535924585381664)",3,95.51014134754443,35844
"(0.8473809523809523, 0.9754464285714284)",1,95.51010305608752,35845
"(0.8771929824561403, 1.0)",1,95.51006998253796,35846
"(0.8131868131868132, 0.9493987095478396)",1,95.5098725057842,35847
"(0.8794618055555555, 0.9868055555555556)",1,95.50963222709468,35848
"(0.7827659652601814, 0.9516258530710558)",1,95.50961981698076,35849
"(0.8837209302325582, 0.9667774086378738)",1,95.50950078108238,35850
"(0.8737236721611722, 0.9635619016637234)",1,95.50933053025906,35851
"(0.8671417195826613, 0.9667774086378738)",1,95.50917384933064,35852
"(0.9391627846790888, 0.9426783174151596)",1,95.50903549652683,35853
"(0.9228309232480534, 0.9754464285714284)",1,95.508679522988,35854
"(0.8899821109123436, 0.9552772808586762)",1,95.50860312368424,35855
"(0.9047558922558924, 0.9868055555555556)",1,95.50836402457816,35856
"(0.9354509320175438, 0.9825319426526432)",1,95.50781706669416,35857
"(0.9462631140307872, 0.9537087912087912)",1,95.50769608113784,35858
"(0.888013818790316, 0.9625936563436563)",2,95.5075289960918,35860
"(0.951596182326806, 0.9574505911522484)",1,95.5073709275314,35861
"(0.8697092516251784, 0.9574505911522484)",6,95.5073077679406,35867
"(0.92925, 0.9787811022617652)",1,95.5072786366172,35868
"(0.8978798708330872, 0.9652297777949396)",1,95.50725571624552,35869
"(0.7523675141216907, 0.9706419869172744)",1,95.50722732949862,35870
"(0.870174510840825, 0.9561403508771932)",1,95.5071932538908,35871
"(0.9373919235072729, 0.9554098688819938)",2,95.50704972327335,35873
"(0.8787013934657754, 0.9667774086378738)",1,95.50702955312924,35874
"(0.984313725490196, 0.9777089783281734)",1,95.50691593417793,35875
"(0.839484868820503, 0.9564964624817116)",1,95.50687690918647,35876
"(0.8898792718668495, 0.9584283173426188)",1,95.50674348299114,35877
"(0.8737236721611722, 0.9650363879165252)",1,95.50672696793822,35878
"(0.916096001118324, 0.9565375499581746)",1,95.50667004483005,35879
"(0.8693120323003425, 0.9688819909986466)",1,95.50651211253673,35880
"(0.7233137829912023, 0.9754464285714284)",1,95.50643439175184,35881
"(0.8744995950480157, 0.9767441860465116)",1,95.50629941987891,35882
"(0.950700596776178, 0.9657079385975222)",2,95.50619956953966,35884
"(0.9721176108033788, 0.9571428571428572)",1,95.5061411020983,35885
"(0.9125701913010372, 0.9825319426526432)",1,95.5057223291456,35886
"(0.9149095893513032, 0.9713199784253096)",2,95.50557017537322,35888
"(0.9788235294117646, 0.9716219096334184)",1,95.50544341600694,35889
"(0.951596182326806, 0.9645607615220874)",3,95.5053399122041,35892
"(0.9032873606650292, 0.9650363879165252)",3,95.50521862493646,35895
"(0.8584326321395287, 0.9541309523809522)",1,95.50511703534865,35896
"(0.9665714285714284, 0.9498577524893316)",1,95.50511522875888,35897
"(0.5248560962846677, 0.9642166226376752)",1,95.50505644354192,35898
"(0.8424197513013303, 0.9612261904761904)",1,95.50498929681004,35899
"(0.9045169946332738, 0.9667774086378738)",1,95.50447544180936,35900
"(0.9096474293842716, 0.9740643495864882)",1,95.50429565317516,35901
"(0.9259560057540158, 0.9635619016637234)",1,95.50425495547444,35902
"(0.9252046422964788, 0.9535924585381664)",3,95.50423354292474,35905
"(0.8956505897276728, 0.9565375499581746)",1,95.50419677716398,35906
"(0.8761348091033453, 0.9774943735933984)",2,95.50403841724786,35908
"(0.7293925220026811, 0.961770130454341)",1,95.50400829762664,35909
"(0.7644216248867413, 0.9667774086378738)",1,95.5039676116868,35910
"(0.9696969696969696, 0.9841269841269842)",1,95.5039014763408,35911
"(0.9572113289760348, 0.9925925925925926)",1,95.50358204609466,35912
"(0.899997244510117, 0.960657765442102)",1,95.5034180356356,35913
"(0.9235874607931364, 0.9579551650296714)",1,95.5034115527653,35914
"(0.825, 0.9624821937321938)",1,95.50295594530928,35915
"(0.8786897800055695, 0.9658154816997468)",1,95.5029557122948,35916
"(0.9507101086048454, 1.0)",1,95.50289867723872,35917
"(0.9504053648283456, 0.9525113127828196)",3,95.5028025171034,35920
"(0.9498577524893316, 0.9429269143554856)",1,95.5027726429072,35921
"(0.8806818181818181, 0.9868055555555556)",2,95.50268183898744,35923
"(0.8775394350928205, 0.9625936563436563)",3,95.5026588389716,35926
"(0.917509305210918, 0.9767241379310344)",1,95.50265574139203,35927
"(0.8586378737541528, 0.9885627144491042)",2,95.5025882506282,35929
"(0.9131182795698924, 0.9767241379310344)",1,95.5025767743136,35930
"(0.5156292447855451, 0.9814023056394104)",1,95.50219946550988,35931
"(0.838372717508056, 0.9788110478899952)",1,95.502137088148,35932
"(0.8600272232304901, 1.0)",1,95.50194787109304,35933
"(0.8591750613113885, 0.9704639782887046)",1,95.5017724079908,35934
"(0.8350168350168351, 1.0)",1,95.50166783075746,35935
"(0.8287365047233469, 0.9577759872287582)",3,95.50155709182653,35938
"(0.8502442440530644, 0.9685829633870936)",1,95.50154115868408,35939
"(0.9047558922558924, 0.9868055555555556)",2,95.50153698739946,35941
"(0.9426783174151596, 0.9647156084656086)",1,95.50134932867994,35942
"(0.8956505897276728, 0.9571428571428572)",1,95.50120016322091,35943
"(0.9886710239651416, 0.9840686274509804)",2,95.5011097178911,35945
"(0.8540974529346622, 0.9767441860465116)",1,95.50099734607235,35946
"(0.879400973119566, 0.9595374149659864)",3,95.50092139890889,35949
"(0.91280276816609, 0.9569461827284104)",1,95.50084008480886,35950
"(0.7595706618962433, 0.9774943735933984)",1,95.5007904905077,35951
"(0.8534514581026208, 0.9552772808586762)",1,95.50075718298795,35952
"(0.9138356017575824, 0.965497521921464)",1,95.50054220451791,35953
"(0.9247241379310346, 0.9624656593406592)",1,95.50054116043216,35954
"(0.8840890522875817, 0.9868055555555556)",1,95.50036568215076,35955
"(0.920373952288846, 0.9577861163227016)",1,95.50032210486974,35956
"(0.8837209302325582, 0.9774943735933984)",1,95.49989698062596,35957
"(0.863739209133946, 0.9694279341856143)",1,95.49975694565036,35958
"(0.9570332480818412, 0.9473039215686276)",3,95.49959558082416,35961
"(0.8516362734449852, 0.9740643495864882)",3,95.49957401819148,35964
"(0.7025855842842699, 0.9667774086378738)",2,95.49955852681492,35966
"(0.9565217391304348, 0.9841269841269842)",1,95.49946915359988,35967
"(0.8708731355790179, 0.9748677248677248)",1,95.49934695005076,35968
"(0.6790332474543002, 0.9563260001856492)",1,95.49931571218058,35969
"(0.920419153009064, 0.9560805836777236)",1,95.49927347602949,35970
"(0.8040021929824561, 0.9648977033360302)",1,95.49922497591032,35971
"(0.9696969696969696, 1.0)",1,95.49921086448715,35972
"(0.8897732810238289, 0.9700668996131098)",1,95.49912734235092,35973
"(0.8309016086793863, 1.0)",1,95.49887919463112,35974
"(0.4432805247702946, 0.9868055555555556)",1,95.49882591463653,35975
"(1.0, 1.0)",1,95.49876898162644,35976
"(0.8319664902998236, 1.0)",1,95.4987672444761,35977
"(0.750972615545352, 0.9689037390169852)",1,95.49852884168816,35978
"(0.8750423764725823, 0.9658154816997468)",1,95.49851020365756,35979
"(0.6732790275608831, 0.9534883720930232)",1,95.49848629025075,35980
"(0.9142857142857144, 0.9595374149659864)",3,95.49847837832212,35983
"(0.8590027258042806, 0.9736842105263158)",1,95.49823943242724,35984
"(0.8382250174703006, 0.9601840736294516)",1,95.49823846748924,35985
"(0.8752365981200475, 0.9612261904761904)",1,95.4981126094583,35986
"(0.9635619016637234, 0.9657079385975222)",1,95.49806415081278,35987
"(0.8720649550142637, 0.9625936563436563)",3,95.49805935194787,35990
"(0.9230769230769232, 1.0)",1,95.497958645188,35991
"(0.8446379408861877, 0.9866666666666666)",1,95.49793607223673,35992
"(0.8722453294915884, 0.9595374149659864)",3,95.49787961285536,35995
"(0.9047619047619048, 1.0)",1,95.49760499185786,35996
"(0.9450706646294882, 0.9537087912087912)",1,95.49751048046896,35997
"(0.942599584906604, 0.9554098688819938)",1,95.49747571606964,35998
"(0.8327485380116959, 0.9648977033360302)",1,95.49745489984684,35999
"(0.8626885995307049, 0.9694279341856143)",1,95.49740475113936,36000
"(0.9191742887131236, 0.9715797169307606)",1,95.49732663679391,36001
"(0.8567397660818714, 0.9868055555555556)",1,95.49716097826376,36002
"(0.8375522452041583, 0.9546136534133534)",1,95.49700374102656,36003
"(0.7334758390430194, 0.9750943812066446)",1,95.49684185188238,36004
"(0.7690274841437632, 0.9774943735933984)",1,95.49681915255395,36005
"(0.905151943324208, 0.9606447334368527)",1,95.49680087203431,36006
"(0.9211400121926436, 0.9612261904761904)",1,95.49664184888942,36007
"(0.9041666666666666, 0.9868055555555556)",1,95.4960984682803,36008
"(0.8494949494949495, 0.9734722222222224)",1,95.49606032823544,36009
"(0.8205662393162394, 0.9868055555555556)",1,95.49604364472728,36010
"(0.8351193705914272, 0.969913169748696)",1,95.4958490436847,36011
"(0.8495727722191059, 0.9688819909986466)",1,95.49579680648807,36012
"(0.9253196022727272, 0.9574505911522484)",1,95.49576123385091,36013
"(0.763189368770764, 0.9552772808586762)",1,95.49561344848242,36014
"(0.6156045751633987, 1.0)",1,95.49538745767092,36015
"(0.9053333861260692, 0.9577081026208932)",1,95.4952527285794,36016
"(0.8560670645069622, 0.9615343915343916)",1,95.49517622249968,36017
"(0.9253196022727272, 0.9586520604621642)",1,95.49513631608188,36018
"(0.9023569023569024, 1.0)",1,95.49509762911111,36019
"(0.9462631140307872, 0.9565375499581746)",1,95.4948580359097,36020
"(0.8885119047619048, 0.9615343915343916)",1,95.49478349144194,36021
"(0.8277537197423939, 0.9825319426526432)",1,95.49462574316482,36022
"(0.9202508960573476, 0.9868055555555556)",2,95.49459175279468,36024
"(0.8601866883116884, 0.9561403508771932)",1,95.4945737737527,36025
"(0.7876902948905437, 0.9981047033236162)",3,95.49439260247487,36028
"(0.947088068181818, 0.986574074074074)",1,95.49438818173384,36029
"(0.9408601779678556, 0.9579551650296714)",1,95.49429743161244,36030
"(0.7984394527261589, 0.9710429962596386)",1,95.49391271981686,36031
"(0.8531211750305999, 0.9774943735933984)",4,95.49389184588584,36035
"(0.498048399687744, 0.965497521921464)",1,95.49357148481714,36036
"(0.8516362734449852, 0.9782702035744222)",3,95.49327175858706,36039
"(0.8896310286935287, 0.9650363879165252)",1,95.49322721158944,36040
"(0.8939103272888103, 0.9537087912087912)",6,95.49314635823583,36046
"(0.8387491609744542, 0.9546136534133534)",1,95.49313622474524,36047
"(0.942488846547077, 0.9635619016637234)",1,95.49309857593414,36048
"(0.9386363636363636, 0.9879464285714284)",2,95.4930355323106,36050
"(0.943792719255964, 0.9571428571428572)",1,95.4929636950172,36051
"(0.8893558268973552, 0.9885627144491042)",1,95.4928462566042,36052
"(0.961342940685046, 0.9681338377164)",1,95.49283255240374,36053
"(0.9696969696969696, 0.9841269841269842)",1,95.49279223680828,36054
"(0.8752365981200475, 0.9612261904761904)",3,95.49246454741343,36057
"(0.7257988721804511, 0.9658154816997468)",3,95.49244509257883,36060
"(0.8393969239599776, 0.9618138828565136)",1,95.49243307289257,36061
"(0.8634436934356743, 0.9550387596899224)",2,95.4924068394887,36063
"(0.8300280681378243, 0.9748677248677248)",1,95.49237703926286,36064
"(0.8287365047233469, 0.9651951748860688)",1,95.49199161863542,36065
"(0.8327485380116959, 0.961770130454341)",1,95.49191887676052,36066
"(0.8078308130291714, 1.0)",1,95.49188731179642,36067
"(0.9450706646294882, 0.9537087912087912)",1,95.49186239823938,36068
"(0.905649630541872, 0.9503723544973544)",1,95.491792969385,36069
"(0.8832713293650792, 0.9625936563436563)",2,95.49178963790848,36071
"(0.9407679738562092, 0.9748677248677248)",1,95.49169552313226,36072
"(0.952503401360544, 0.9574505911522484)",1,95.491621735536,36073
"(0.4729076738609113, 0.9876125)",1,95.49157953770218,36074
"(0.9259560057540158, 0.9635619016637234)",1,95.49141553097594,36075
"(0.9152165481577246, 0.9565375499581746)",4,95.49123431485654,36079
"(0.8752365981200475, 0.9612261904761904)",3,95.49101475193048,36082
"(0.9408668730650154, 0.9780571219715956)",1,95.49090730422978,36083
"(0.8919095971175892, 0.9667774086378738)",1,95.49076837211996,36084
"(0.8995164281928988, 0.9670076726342712)",1,95.490686027287,36085
"(0.8683063868822384, 0.9658154816997468)",1,95.4905069025409,36086
"(0.7646229739252995, 0.9774943735933984)",1,95.490484055707,36087
"(0.9447018709564609, 0.9550387596899224)",2,95.49010776002554,36089
"(0.9264176245210728, 1.0)",2,95.49006457358703,36091
"(0.9143400589515378, 0.9701391175944156)",1,95.49003782903432,36092
"(0.8827674567584882, 0.9503404207824095)",1,95.49002931580632,36093
"(0.8757566103854729, 0.9553888472118032)",1,95.489915476477,36094
"(0.96004600460046, 0.9454008607746972)",1,95.4898082784202,36095
"(0.9365750528541228, 0.9552772808586762)",1,95.48955256916685,36096
"(0.8946752284039163, 0.9476776665722468)",1,95.48946380413533,36097
"(0.8429041174227984, 0.9667774086378738)",2,95.48945336161208,36099
"(0.8731196908559524, 0.9736842105263158)",1,95.4893051276129,36100
"(0.8298183642256803, 0.9973567708333332)",2,95.48900038524611,36102
"(0.8787790697674417, 0.9552772808586762)",1,95.4889749363558,36103
"(0.81878722576397, 0.9667774086378738)",2,95.48893626882938,36105
"(0.9224211423699916, 1.0)",1,95.48883502717722,36106
"(0.8837209302325582, 0.9774943735933984)",1,95.48873369585904,36107
"(0.8942415173616616, 0.9579551650296714)",1,95.48866642282847,36108
"(0.7695417789757413, 0.9534181717978908)",1,95.48860020064124,36109
"(0.6732790275608831, 0.9774943735933984)",1,95.4882264815129,36110
"(0.8237398713870082, 0.9988651610017888)",3,95.48801706666126,36113
"(0.7644216248867413, 0.9667774086378738)",1,95.487957379435,36114
"(0.906765625, 0.9637433687002652)",2,95.487931928584,36116
"(0.9053333861260692, 0.960607978267748)",1,95.487813567865,36117
"(0.9385964912280702, 0.9694279341856143)",1,95.48773555238157,36118
"(0.7988631272401433, 0.9868055555555556)",1,95.4876840689494,36119
"(0.9618138828565136, 0.9618138828565136)",1,95.487574815421,36120
"(0.7646229739252995, 0.9774943735933984)",1,95.48757380161884,36121
"(0.93916595083917, 0.9645607615220874)",1,95.48755565387864,36122
"(0.9536498942777852, 0.9508739421428176)",1,95.48751039136178,36123
"(0.8895225947521866, 0.9535924585381664)",1,95.48749554133934,36124
"(0.9557291666666669, 0.962604085919332)",1,95.48731195776342,36125
"(0.9816305469556244, 0.9886710239651416)",1,95.48728967402974,36126
"(0.867704307568438, 0.9734722222222224)",1,95.48726792758886,36127
"(0.8641929499072356, 0.9537087912087912)",1,95.4872403328172,36128
"(1.0, 1.0)",1,95.48724005843962,36129
"(0.861477009832273, 0.9574505911522484)",1,95.48716125405768,36130
"(0.8373015873015873, 1.0)",1,95.48691766282678,36131
"(0.8770519835841313, 0.9667774086378738)",1,95.4866125034937,36132
"(0.6976039464411558, 0.9550387596899224)",1,95.4863301839025,36133
"(0.9005368150104993, 0.9658154816997468)",1,95.4863287347401,36134
"(0.9465811965811968, 1.0)",1,95.48614942536348,36135
"(0.917509305210918, 0.9767241379310344)",1,95.4859410666578,36136
"(0.8131868131868132, 0.9561403508771932)",1,95.48575665482532,36137
"(0.9586520604621642, 0.9503404207824095)",1,95.48570177819012,36138
"(0.7472785737929731, 0.9736842105263158)",1,95.48567378832485,36139
"(0.8736448679839133, 0.969913169748696)",3,95.4854541807326,36142
"(0.9290099096728932, 0.9463234342650104)",1,95.48539523040009,36143
"(0.93916595083917, 0.9571428571428572)",1,95.48536557606332,36144
"(0.9643596441509156, 0.954682426948052)",1,95.48532083733254,36145
"(0.8339212842322631, 0.965497521921464)",2,95.48529238354284,36147
"(0.6988221026049972, 0.9658154816997468)",1,95.48528072863932,36148
"(0.8889459760512393, 0.9721171802054156)",1,95.48519472850114,36149
"(0.9302579365079364, 1.0)",1,95.48519228794314,36150
"(0.8424947145877378, 0.9667774086378738)",1,95.48507084166948,36151
"(0.8503062961566976, 0.9577759872287582)",3,95.48505622269607,36154
"(0.9346399099774944, 0.9550387596899224)",1,95.48495571647088,36155
"(0.8627653708298868, 0.9734722222222224)",1,95.48468476963592,36156
"(0.9586520604621642, 0.9618138828565136)",1,95.48435160854928,36157
"(0.8896256684491979, 0.9380552220888356)",1,95.48425114369653,36158
"(0.9315535929345644, 0.960414372935642)",1,95.48410302066968,36159
"(0.8511627906976744, 0.9774943735933984)",1,95.48405399997634,36160
"(0.7549349452758545, 0.9686023551673671)",1,95.48400410879096,36161
"(0.6510470879301612, 0.9764730680201342)",1,95.4838206948704,36162
"(0.7412473241246333, 0.9707834973546052)",1,95.48370951030728,36163
"(0.9207717569786537, 0.955045504550455)",1,95.48368578849758,36164
"(0.9495131982526256, 0.9565375499581746)",3,95.48368329377324,36167
"(0.8265700981304325, 0.9667774086378738)",1,95.48353242867076,36168
"(0.9308485656257932, 0.9645607615220874)",1,95.4835096253344,36169
"(0.8471501822188321, 0.9692634363686996)",1,95.4835044465002,36170
"(0.8376971865343958, 0.9546136534133534)",1,95.4834987732982,36171
"(0.9541309523809522, 0.951596182326806)",1,95.48348998353644,36172
"(0.8101851851851852, 0.98711247296323)",1,95.48342034513024,36173
"(0.9118986880466472, 0.9574505911522484)",3,95.48339359687876,36176
"(0.8752365981200475, 0.9571428571428572)",1,95.48334320486704,36177
"(0.944540304191448, 0.9574505911522484)",1,95.48330330852988,36178
"(0.8379287658123746, 0.9525113127828196)",1,95.4832518002392,36179
"(0.9360538014841208, 0.9570371875635032)",1,95.4832376868291,36180
"(0.8786624050523235, 0.9595374149659864)",1,95.48320167511984,36181
"(0.8357101427078324, 0.969913169748696)",1,95.4831605883916,36182
"(0.9565217391304348, 0.9841269841269842)",1,95.48311446528952,36183
"(0.944540304191448, 0.9635619016637234)",3,95.48282001734556,36186
"(0.9571395713710704, 0.9565375499581746)",1,95.4826788841064,36187
"(0.9023569023569024, 1.0)",1,95.48195606906272,36188
"(0.8919095971175892, 0.9667774086378738)",1,95.48187478497834,36189
"(0.931377923976608, 0.9524250968329916)",1,95.4815913788461,36190
"(0.930071105365223, 0.9574505911522484)",1,95.48156084475308,36191
"(0.7853136031723004, 0.9627892432770482)",1,95.4812611579082,36192
"(0.7729691527396689, 0.9649122807017544)",1,95.48115506089088,36193
"(0.8305244327276152, 0.9667774086378738)",1,95.48108729208734,36194
"(0.7690274841437632, 0.9774943735933984)",1,95.48105424157156,36195
"(0.7825263949961201, 0.9667081046663232)",1,95.48093502401171,36196
"(0.8996421975992612, 0.9658154816997468)",1,95.48056283813423,36197
"(0.8100693112010285, 0.9714403365951172)",1,95.48040167710091,36198
"(0.9138670852956566, 0.9555491383616382)",3,95.48033994846692,36201
"(0.992156862745098, 0.8444347243170772)",1,95.4801379283116,36202
"(0.9272486772486772, 0.9743589743589745)",1,95.4800458482287,36203
"(0.87257176828623, 0.965625257664024)",1,95.48003448127758,36204
"(0.903764513477412, 0.9635619016637234)",3,95.47975545579158,36207
"(0.9228309232480534, 0.9754464285714284)",1,95.47974374312936,36208
"(0.8125458996328029, 0.9552772808586762)",1,95.47971268937034,36209
"(0.8632677198614513, 0.96004600460046)",1,95.47956995607784,36210
"(0.8322048866647042, 0.9774943735933984)",1,95.47945354944052,36211
"(0.8351693186454507, 0.9546136534133534)",1,95.47939431328108,36212
"(0.920373952288846, 0.9551820728291316)",3,95.47914985079235,36215
"(0.8584326321395287, 0.9612261904761904)",1,95.47903234188514,36216
"(0.9541309523809522, 0.9555491383616382)",1,95.47902326552718,36217
"(0.9057088744588744, 0.9866666666666666)",1,95.478986254143,36218
"(0.9523809523809524, 1.0)",1,95.47897777782346,36219
"(0.909722222222222, 1.0)",1,95.47881539592116,36220
"(0.8247203796730593, 0.962604085919332)",1,95.478667662009,36221
"(0.9643596441509156, 0.9715797169307606)",1,95.4784876467034,36222
"(0.9432302504125708, 0.9565375499581746)",1,95.47843065121162,36223
"(0.9584283173426188, 0.9584283173426188)",1,95.47793875348314,36224
"(0.8408175310419452, 0.9747439067467324)",1,95.47780006982306,36225
"(0.8697092516251784, 0.9485046203796204)",1,95.47777053644568,36226
"(0.8923633969716919, 0.9554098688819938)",1,95.477596641979,36227
"(0.9433680972830336, 0.9481474980306196)",1,95.4774358869532,36228
"(0.8665730967886818, 0.9650363879165252)",1,95.47741445024324,36229
"(0.8764986277625307, 0.9774943735933984)",4,95.47741397874928,36233
"(0.8666120560715156, 0.9703254552965191)",1,95.47734421128956,36234
"(0.860587002096436, 0.9580611248779756)",6,95.47727102457893,36240
"(0.8901450053705692, 0.969913169748696)",2,95.47719397822354,36242
"(0.9536498942777852, 0.9579551650296714)",1,95.47710816967528,36243
"(0.828819993216278, 0.9737148229943366)",1,95.47698344722411,36244
"(0.9259560057540158, 0.9713960577118472)",1,95.4769139229276,36245
"(0.901648307790549, 0.9624821937321938)",1,95.47689918566186,36246
"(0.7998955722639932, 0.9667712327175554)",1,95.47680618190596,36247
"(0.532270806690238, 0.9800450281425892)",1,95.4767271567518,36248
"(0.8186504754267384, 0.9774943735933984)",1,95.4766759561513,36249
"(0.9571428571428572, 0.9537087912087912)",1,95.47651558959902,36250
"(0.9002103365384615, 0.9624656593406592)",1,95.47651343893716,36251
"(0.9766612200435728, 0.9882352941176472)",1,95.47643685773298,36252
"(0.8627653708298868, 0.9734722222222224)",2,95.476108379067,36254
"(0.9485046203796204, 0.9595374149659864)",1,95.47606870290537,36255
"(0.9855521155830752, 0.992156862745098)",2,95.475927727736,36257
"(0.8896310286935287, 0.9367114963691102)",1,95.4758821496632,36258
"(0.7025855842842699, 0.9667774086378738)",1,95.47563460943934,36259
"(0.938570380142761, 0.9537087912087912)",1,95.47553406452822,36260
"(0.7468070282672052, 0.9743271330630856)",4,95.47551677817144,36264
"(0.8691933668722457, 0.961770130454341)",3,95.47547369470472,36267
"(0.9393939393939392, 0.9580611248779756)",2,95.47542602473402,36269
"(0.9586520604621642, 0.9574505911522484)",1,95.47528302948515,36270
"(0.8063349885408708, 0.9767241379310344)",4,95.4752174516631,36274
"(0.9366629231646204, 0.9625936563436563)",4,95.47521106204576,36278
"(0.8639328063241105, 0.9754464285714284)",1,95.47516991449248,36279
"(0.865084633255891, 0.9577861163227016)",1,95.47487530131843,36280
"(0.8837209302325582, 0.9774943735933984)",4,95.4748539646798,36284
"(0.916096001118324, 0.9565375499581746)",1,95.47481146740168,36285
"(0.8357779804428231, 0.9563953488372092)",1,95.4747040173376,36286
"(0.905649630541872, 0.9624656593406592)",1,95.4746948855704,36287
"(0.875, 1.0)",1,95.47442707458728,36288
"(0.8209663503019846, 0.960414372935642)",1,95.47433541456182,36289
"(0.9092261904761906, 0.9734722222222224)",1,95.4741590198211,36290
"(0.8285644667223615, 0.969913169748696)",1,95.47408309738248,36291
"(0.8943833943833944, 0.9841269841269842)",1,95.47408250070364,36292
"(0.9064516129032258, 0.9754464285714284)",1,95.47408070595591,36293
"(1.0, 1.0)",1,95.4740278046125,36294
"(0.8277537197423939, 0.9493948233863716)",1,95.47375777045494,36295
"(0.961342940685046, 0.9643596441509156)",1,95.47366325439168,36296
"(0.9023026315789472, 0.9754464285714284)",1,95.4736580353165,36297
"(0.832288597755908, 0.9424323293938236)",1,95.4735207727724,36298
"(0.9305147058823529, 0.9754464285714284)",1,95.47336834477711,36299
"(0.9283194472668156, 0.951596182326806)",3,95.47330730393296,36302
"(0.8956505897276728, 0.9595374149659864)",1,95.47327932895428,36303
"(0.7499513626069643, 0.9608918659970924)",3,95.47313404318288,36306
"(0.8896310286935287, 0.9612261904761904)",3,95.47303639123388,36309
"(0.9133939644481192, 0.9484080262531626)",1,95.47292075974173,36310
"(0.498048399687744, 0.9667774086378738)",1,95.47271968428907,36311
"(0.9011130817686992, 0.9635619016637234)",3,95.47259511120431,36314
"(0.9278900902053612, 0.9606615844690656)",1,95.47252963632234,36315
"(0.9356632048879978, 0.971289686440432)",4,95.47240555562333,36319
"(0.976851851851852, 0.9819047619047618)",1,95.47236862237186,36320
"(0.96004600460046, 0.9451780712284916)",1,95.4722248764266,36321
"(0.9095668859649124, 0.9868508075744916)",1,95.47205269521385,36322
"(0.9005147621883774, 0.95474577471438)",1,95.47189460295624,36323
"(0.9272486772486772, 0.9743589743589745)",1,95.47181715502975,36324
"(0.8721161002232697, 0.9577861163227016)",1,95.47177430335748,36325
"(0.8495727722191059, 0.9612261904761904)",4,95.47175287675176,36329
"(0.8831064306064307, 0.9868055555555556)",2,95.4717016782571,36331
"(0.8945130355728907, 0.9463327370304114)",2,95.47165160429807,36333
"(0.7913896766874646, 0.9656943896991196)",1,95.47149053816844,36334
"(0.8919095971175892, 0.9667774086378738)",1,95.47141424386623,36335
"(0.916096001118324, 0.9563063063063064)",1,95.47141118222676,36336
"(0.9176086048454468, 0.951596182326806)",3,95.47139603350328,36339
"(0.8439572704081633, 0.9537087912087912)",3,95.47136609923416,36342
"(0.9499194985912254, 0.9586520604621642)",3,95.47134002544692,36345
"(0.899337170765742, 0.950700596776178)",1,95.47130163745,36346
"(0.8428739632573199, 0.9868055555555556)",1,95.47117899731192,36347
"(0.7951423097974822, 0.9734722222222224)",1,95.47109766067132,36348
"(0.8680075424261471, 0.9774943735933984)",1,95.4708991279711,36349
"(0.9191742887131236, 0.9681338377164)",1,95.47069120086618,36350
"(0.8752365981200475, 0.9618138828565136)",1,95.47067665961336,36351
"(0.9813854489164088, 0.958425925925926)",1,95.47066419656932,36352
"(0.7701289026364834, 0.9712892283431284)",1,95.47054290666208,36353
"(0.9476776665722468, 0.9535924585381664)",1,95.47033187570786,36354
"(0.888013818790316, 0.960607978267748)",1,95.4703003956658,36355
"(0.9444444444444444, 1.0)",1,95.47009231693228,36356
"(0.8680075424261471, 0.9667774086378738)",1,95.47004946372338,36357
"(0.8871004696987055, 0.9550387596899224)",1,95.47004296056662,36358
"(0.8752365981200475, 0.9574505911522484)",1,95.4700357112665,36359
"(0.9020844965568584, 0.9565375499581746)",1,95.4700298591216,36360
"(0.9595374149659864, 0.9650363879165252)",1,95.46998735987316,36361
"(0.9618138828565136, 0.9574568288854002)",1,95.469978627696,36362
"(0.9426994258113802, 0.9571428571428572)",1,95.46981958012782,36363
"(0.9185588416618146, 0.9537087912087912)",1,95.46943150885768,36364
"(0.8726622214994307, 0.9767441860465116)",1,95.4693920447322,36365
"(0.8934374999999999, 0.9767241379310344)",1,95.46932864551756,36366
"(0.8527777777777779, 1.0)",2,95.46932623132084,36368
"(0.8823631647905025, 0.955)",1,95.46931945301996,36369
"(0.8597992596530608, 0.9781614000609122)",1,95.46931786529976,36370
"(0.8238479252040358, 0.9706135464979804)",2,95.46926176046652,36372
"(0.893, 0.9507857142857142)",1,95.46924597347235,36373
"(0.8130291548638542, 0.9984839948076338)",3,95.46906277152245,36376
"(0.9360538014841208, 0.9470357142857144)",1,95.46903368978256,36377
"(0.9226438267614736, 0.9618138828565136)",1,95.46897523365293,36378
"(0.8531211750305999, 0.9667774086378738)",1,95.4686242203752,36379
"(0.9574568288854002, 0.9537087912087912)",1,95.4685957106876,36380
"(0.8762664758354415, 0.9465769388085848)",1,95.4684957644586,36381
"(0.4988433723564313, 0.9722985139883438)",1,95.46845859815409,36382
"(0.8649128540305012, 0.992156862745098)",1,95.46844167496114,36383
"(0.860587002096436, 0.9554098688819938)",1,95.46838265970734,36384
"(0.8282576596530086, 0.9767441860465116)",1,95.46817985958738,36385
"(0.9523809523809524, 1.0)",1,95.46810615216911,36386
"(0.9536498942777852, 0.9541309523809522)",1,95.46807729811287,36387
"(0.9696969696969696, 1.0)",1,95.4678302373954,36388
"(0.5840730904484518, 0.9658154816997468)",1,95.46752992655549,36389
"(0.6856760145918833, 1.0)",2,95.46739862712748,36391
"(0.9001409893736627, 0.9565375499581746)",1,95.46734079014288,36392
"(0.9002770083102493, 0.9692634363686996)",1,95.46724487036651,36393
"(0.7544006919006919, 1.0)",1,95.46721713972153,36394
"(0.9220534262485482, 0.9647217861503576)",1,95.46716378039956,36395
"(0.8791954022988505, 0.9722222222222222)",2,95.467072989302,36397
"(0.8327485380116959, 0.9667712327175554)",1,95.46706874212006,36398
"(0.8956505897276728, 0.9565375499581746)",4,95.46663896487117,36402
"(0.936026936026936, 1.0)",1,95.46646577756805,36403
"(0.961342940685046, 0.9715797169307606)",1,95.466438657481,36404
"(0.7091759436137276, 0.9473039215686276)",1,95.46636108136502,36405
"(0.9135802469135802, 1.0)",1,95.46630099315637,36406
"(0.7987835673811283, 0.9734722222222224)",1,95.46616784832668,36407
"(0.9001409893736627, 0.9635619016637234)",1,95.4661374668728,36408
"(0.8666060577471494, 0.9774943735933984)",1,95.46605987020148,36409
"(0.8756319514661275, 0.9550387596899224)",1,95.46597595267704,36410
"(0.8745595489781537, 0.9552772808586762)",1,95.46597306376296,36411
"(0.9563953488372092, 0.9774943735933984)",1,95.46587053924402,36412
"(0.8567978490530123, 0.9694279341856143)",3,95.46565387779012,36415
"(0.9565217391304348, 0.9841269841269842)",1,95.46550186742084,36416
"(0.8392857142857143, 0.9554098688819938)",1,95.46521993786192,36417
"(0.8896256684491979, 0.9670076726342712)",1,95.46515022908024,36418
"(0.89246409531063, 0.9565375499581746)",1,95.46491995827546,36419
"(0.8407589540630476, 0.9563260001856492)",6,95.46490792056836,36425
"(0.8602750753767079, 0.9695497160487662)",1,95.46479870122327,36426
"(0.9333531698462172, 0.95474577471438)",1,95.46469183796104,36427
"(0.8793191721132898, 0.9642265795206972)",1,95.46458741109107,36428
"(0.8586291309669523, 0.9667774086378738)",1,95.46456194087015,36429
"(0.9476776665722468, 0.9595374149659864)",1,95.464530166951,36430
"(0.8967236467236468, 1.0)",1,95.46415897615655,36431
"(0.9601840736294516, 0.9451780712284916)",3,95.46409310014172,36434
"(0.9027274557165862, 1.0)",1,95.46400393719128,36435
"(0.6817662805944057, 0.9530326354679802)",1,95.46388814077191,36436
"(0.8503062961566976, 0.9658154816997468)",3,95.4638610815234,36439
"(0.6380120566561245, 0.9731145536984354)",1,95.46380621686022,36440
"(0.9364583333333332, 0.9868055555555556)",1,95.46378002202664,36441
"(0.9318646435925092, 0.9650363879165252)",1,95.46372762345602,36442
"(0.8582837837837838, 0.9647321428571428)",1,95.46353639081026,36443
"(0.8943833943833944, 0.9841269841269842)",1,95.46352567185924,36444
"(0.4943390804597701, 0.9791208782622284)",1,95.46351885258464,36445
"(0.8550741594067247, 1.0)",2,95.46348020682686,36447
"(0.9263477887938646, 0.96004600460046)",1,95.46342528167806,36448
"(0.8967236467236468, 0.9722222222222222)",1,95.46339325295511,36449
"(0.9399404761904762, 0.9595374149659864)",1,95.46326755892036,36450
"(0.6739327546119142, 0.9651951748860688)",3,95.46309578682389,36453
"(0.8322048866647042, 0.965497521921464)",1,95.46307315520129,36454
"(0.9002103365384615, 0.9754464285714284)",1,95.46301234312077,36455
"(0.9611528822055138, 0.9584283173426188)",1,95.46299586261031,36456
"(0.952064553093965, 0.9650363879165252)",1,95.46291706127136,36457
"(0.947866344605475, 0.9634384628873468)",1,95.46277033620548,36458
"(0.7823464912280702, 0.9628635734072022)",1,95.4627003648778,36459
"(0.7302123025239838, 0.9713203184492614)",1,95.46251338139042,36460
"(0.9248976608187136, 0.9565375499581746)",4,95.46238067308464,36464
"(0.9031297003355316, 0.9667774086378738)",1,95.46228497005804,36465
"(0.7633014441837972, 0.9728645744731976)",4,95.46204401303964,36469
"(0.93323732718894, 0.9503723544973544)",1,95.46186726328575,36470
"(0.8727305120627135, 0.969913169748696)",1,95.46177729472475,36471
"(0.8896310286935287, 0.9612261904761904)",1,95.4615541178721,36472
"(0.9424323293938236, 0.9885627144491042)",2,95.46132842642828,36474
"(0.879400973119566, 0.9625936563436563)",3,95.4612962736055,36477
"(0.8638088157947971, 0.9612261904761904)",4,95.46124563366456,36481
"(0.8300280681378243, 0.9868055555555556)",1,95.4610854683462,36482
"(0.7707924493038034, 0.9743589743589745)",1,95.4610667473252,36483
"(0.7149501661129568, 0.9774943735933984)",1,95.4609807586854,36484
"(0.9405634236453204, 0.9503723544973544)",1,95.46096516249526,36485
"(0.9476776665722468, 0.9595374149659864)",1,95.4608824158095,36486
"(0.9090630853183156, 0.9687144667053436)",1,95.4607873278964,36487
"(0.8078308130291714, 1.0)",2,95.4607635775999,36489
"(0.8440126050420167, 0.9722222222222222)",1,95.46076000767924,36490
"(0.9206668561144264, 0.9886710239651416)",1,95.4604157632723,36491
"(0.9507101086048454, 1.0)",1,95.46041006818436,36492
"(0.9548607757926928, 0.9565375499581746)",1,95.46040232536534,36493
"(0.9346399099774944, 0.9430166863749836)",2,95.46035623174718,36495
"(0.8429041174227984, 0.9667774086378738)",1,95.46033912871202,36496
"(0.8173976608187135, 0.9658154816997468)",1,95.46032930068093,36497
"(0.93916595083917, 0.9574505911522484)",1,95.46030131216612,36498
"(0.8923633969716919, 0.9577861163227016)",2,95.45998640836162,36500
"(0.77039068737284, 0.9774943735933984)",1,95.45993700157592,36501
"(0.8738220495927366, 0.9550387596899224)",1,95.45989876549828,36502
"(0.5943117201606165, 0.9651951748860688)",3,95.4597882843418,36505
"(0.8173976608187135, 0.9694279341856143)",1,95.45965350036803,36506
"(0.9535924585381664, 0.9657079385975222)",1,95.45964860572624,36507
"(0.7853136031723004, 0.962604085919332)",1,95.45961447716252,36508
"(0.4432805247702946, 0.9868055555555556)",1,95.45955199792932,36509
"(0.8737236721611722, 0.9618138828565136)",1,95.4595497522806,36510
"(0.9571428571428572, 0.9586520604621642)",1,95.45952662181956,36511
"(0.8665730967886818, 0.9612261904761904)",2,95.45952094843024,36513
"(0.9023026315789472, 0.9754464285714284)",1,95.45937984765672,36514
"(0.9667774086378738, 0.9774943735933984)",1,95.45932995534773,36515
"(0.905151943324208, 0.9678608196882048)",1,95.4592806806961,36516
"(0.863739209133946, 0.9740643495864882)",1,95.45920430279378,36517
"(0.8799035686171609, 0.9574505911522484)",1,95.4591544311305,36518
"(0.9428571428571428, 0.9356619570905284)",1,95.45906965317243,36519
"(0.9426994258113802, 0.9574505911522484)",1,95.45868827435392,36520
"(0.7472785737929731, 0.9736842105263158)",1,95.45860585699305,36521
"(0.8469839324618735, 1.0)",1,95.45849829778844,36522
"(0.8713213409717444, 0.9651951748860688)",2,95.45831776274764,36524
"(0.9586520604621642, 0.9635619016637234)",1,95.45826246579054,36525
"(0.8238479252040358, 0.9700492976554552)",1,95.45818439846605,36526
"(0.8942523459812323, 0.9913490623109498)",1,95.4581211814199,36527
"(0.8398027589298449, 0.9604697507658034)",3,95.45806745330847,36530
"(0.8858975827700768, 0.9885627144491042)",1,95.45795793623356,36531
"(0.6732790275608831, 0.965497521921464)",1,95.45789519940575,36532
"(0.9185588416618146, 0.9571428571428572)",1,95.45780607548092,36533
"(0.7503205034265276, 0.971566669183648)",1,95.4571465776179,36534
"(0.951596182326806, 0.9571428571428572)",1,95.45706584634644,36535
"(0.917531186761956, 0.9525113127828196)",1,95.4570630582406,36536
"(0.6988221026049972, 0.961770130454341)",3,95.45704862642717,36539
"(0.900854700854701, 1.0)",1,95.45702285699493,36540
"(0.803623428272623, 0.9788110478899952)",8,95.45686982350988,36548
"(0.9366629231646204, 0.9625936563436563)",1,95.4568189843043,36549
"(0.9748677248677248, 0.9722222222222222)",1,95.45677774070406,36550
"(0.9011130817686992, 0.9595374149659864)",1,95.45671245278304,36551
"(0.7806534483894342, 0.9124434389140272)",1,95.45664435327257,36552
"(0.8633207015199207, 0.961770130454341)",1,95.45658507121313,36553
"(0.8837209302325582, 0.9774943735933984)",1,95.45647479989871,36554
"(0.9555491383616382, 0.952503401360544)",1,95.45625780734548,36555
"(0.9391627846790888, 0.9565375499581746)",1,95.45620160545307,36556
"(0.8791954022988505, 0.9734722222222224)",2,95.4561409423672,36558
"(0.7365451388888888, 0.9729166666666668)",1,95.45611640256205,36559
"(0.9142857142857144, 0.9595374149659864)",1,95.456053182059,36560
"(0.9111616775696132, 0.952503401360544)",1,95.45597983374712,36561
"(0.9433680972830336, 0.9612261904761904)",1,95.45595177280128,36562
"(0.8974472807991122, 0.9380552220888356)",1,95.4558574444709,36563
"(0.8353118227451768, 0.961770130454341)",2,95.45578658150964,36565
"(0.8396845307996157, 0.9781614000609122)",1,95.45555332567352,36566
"(0.9047619047619048, 1.0)",1,95.45501938925948,36567
"(0.853187414500684, 0.9563953488372092)",1,95.45497184890245,36568
"(0.8817204301075269, 0.9841269841269842)",1,95.45474424675966,36569
"(0.8752365981200475, 0.9650363879165252)",1,95.45459755877236,36570
"(0.8584010840108401, 0.9868055555555556)",1,95.4545743130623,36571
"(0.8503062961566976, 0.9577759872287582)",1,95.4545186890868,36572
"(0.8782163096650154, 0.9651951748860688)",2,95.45450753021004,36574
"(0.92825928025169, 0.95474577471438)",1,95.45444762127244,36575
"(0.8881381381381382, 0.9748677248677248)",1,95.45417458667328,36576
"(0.7951423097974822, 0.9866666666666666)",1,95.45415030891984,36577
"(0.7644790288745473, 0.9788110478899952)",1,95.45398244260836,36578
"(0.8943833943833944, 0.9841269841269842)",1,95.45383498398397,36579
"(0.9584283173426188, 0.965)",1,95.45381239857608,36580
"(0.8713213409717444, 0.9651951748860688)",1,95.45379426962964,36581
"(0.8351693186454507, 0.9546136534133534)",1,95.4535902213962,36582
"(0.8031631097560976, 0.9868055555555556)",2,95.45358604554742,36584
"(0.8939103272888103, 0.9534840838509316)",3,95.45355727271846,36587
"(0.8177555579773321, 0.9754464285714284)",1,95.4534907107771,36588
"(0.944800323176362, 0.969913169748696)",1,95.45342483024288,36589
"(0.944540304191448, 0.9635619016637234)",3,95.45338228468502,36592
"(0.8590498776009793, 0.9667774086378738)",1,95.45311966585578,36593
"(0.906765625, 0.9767241379310344)",1,95.45301400548632,36594
"(0.915494777499728, 0.951596182326806)",1,95.45300882684114,36595
"(0.710494931425164, 0.965497521921464)",1,95.45277915212957,36596
"(0.9354988823409874, 0.9595374149659864)",1,95.45277254676004,36597
"(0.9230769230769232, 1.0)",1,95.45276620715217,36598
"(0.7245388933440257, 0.9774943735933984)",1,95.45258187693013,36599
"(0.9087656529516994, 0.9552772808586762)",1,95.45244446221014,36600
"(0.9476776665722468, 0.9565375499581746)",1,95.4524137073152,36601
"(0.9879901960784314, 0.996078431372549)",3,95.45228360569752,36604
"(0.8833628057765988, 1.0)",1,95.45211607629756,36605
"(0.8590036231884057, 0.9866666666666666)",1,95.45208193794548,36606
"(0.8495727722191059, 0.9612261904761904)",1,95.4520009519049,36607
"(0.8581587837837837, 0.9754464285714284)",1,95.4519345342194,36608
"(0.8919095971175892, 0.9667774086378738)",1,95.45178433681872,36609
"(0.8356705909510619, 0.9788110478899952)",1,95.45176334665314,36610
"(0.8871004696987055, 0.9550387596899224)",1,95.45144695054822,36611
"(0.7245388933440257, 0.9774943735933984)",1,95.45133260410842,36612
"(0.9235874607931364, 0.9541309523809522)",4,95.45125761445388,36616
"(0.93218671679198, 0.9498577524893316)",1,95.45122844241526,36617
"(0.8312934990802374, 0.9868055555555556)",1,95.451100203612,36618
"(0.9210526315789472, 0.9782702035744222)",4,95.45105803257204,36622
"(0.8753753753753755, 0.9584283173426188)",1,95.45097144862817,36623
"(0.8563074352548036, 0.9868055555555556)",1,95.45063986193864,36624
"(0.9008392857142858, 0.9507857142857142)",1,95.45059235703371,36625
"(0.9301724137931032, 0.9647321428571428)",1,95.45057554498707,36626
"(0.8680075424261471, 0.9667774086378738)",2,95.45017189524296,36628
"(0.9465769388085848, 0.9537087912087912)",1,95.4501565629395,36629
"(0.9305147058823529, 0.9754464285714284)",1,95.45009779125655,36630
"(0.8671417195826613, 0.9667774086378738)",1,95.45004798193432,36631
"(0.840845345330562, 0.9740488312931804)",2,95.44997932004114,36633
"(0.8896256684491979, 0.9473039215686276)",5,95.44990648251571,36638
"(0.93916595083917, 0.9595374149659864)",1,95.44986875808544,36639
"(0.9391627846790888, 0.9696381743256742)",1,95.44981835926612,36640
"(0.8870067649538378, 0.9667774086378738)",1,95.4494526514737,36641
"(0.9681338377164, 0.975060054907344)",1,95.44914349885104,36642
"(0.9081468615856708, 0.9560805836777236)",1,95.4490639853175,36643
"(0.8489948371838136, 0.955045504550455)",1,95.44902811600087,36644
"(0.9420000000000002, 0.9507857142857142)",1,95.44892680922209,36645
"(0.8870934646557915, 0.9740643495864882)",1,95.44850686335826,36646
"(0.8172916666666665, 0.9754464285714284)",1,95.44838395001676,36647
"(0.8618272274988692, 0.960414372935642)",1,95.44821117659129,36648
"(0.535927454498031, 0.961134703196347)",1,95.44811106713496,36649
"(0.7460317460317459, 1.0)",1,95.44806009878172,36650
"(0.9647217861503576, 0.954682426948052)",1,95.4480249785794,36651
"(0.9565217391304348, 0.9841269841269842)",1,95.44800186394404,36652
"(0.9688819909986466, 0.9688819909986466)",1,95.44789931071024,36653
"(0.7364270664170086, 1.0)",1,95.44772828734035,36654
"(0.9023026315789472, 0.9624656593406592)",2,95.4475994522826,36656
"(0.915494777499728, 0.9625936563436563)",1,95.44732972399896,36657
"(0.951596182326806, 0.9586520604621642)",1,95.44724287899336,36658
"(0.7782392026578072, 1.0)",1,95.4471744862093,36659
"(0.9020844965568584, 0.9565375499581746)",4,95.44714346552549,36663
"(0.9185588416618146, 0.9555491383616382)",1,95.44700379367428,36664
"(0.9565217391304348, 1.0)",1,95.44698526973566,36665
"(0.7423427395649618, 0.9868055555555556)",1,95.44689173043976,36666
"(0.9426994258113802, 0.9535924585381664)",1,95.44688765398529,36667
"(0.8448736477904788, 0.9885627144491042)",2,95.446770332296,36669
"(0.9226438267614736, 0.9579551650296714)",1,95.44672835626596,36670
"(0.9053333861260692, 0.9635619016637234)",1,95.44657590504632,36671
"(0.8975847069597069, 0.9574505911522484)",3,95.4465046998908,36674
"(0.8251352813852814, 0.9624821937321938)",1,95.446271611621,36675
"(0.9003322259136212, 0.9552772808586762)",1,95.44622158619926,36676
"(0.9696969696969696, 0.9841269841269842)",1,95.44621136828997,36677
"(0.8823631647905025, 0.9525113127828196)",1,95.44617419539672,36678
"(0.8428739632573199, 0.9868055555555556)",1,95.44608025428914,36679
"(0.7512330048989927, 0.9756966637475808)",1,95.44606347095116,36680
"(0.8428739632573199, 0.9868055555555556)",1,95.44596594170513,36681
"(0.7951423097974822, 0.9734722222222224)",2,95.44583730950296,36683
"(0.9308485656257932, 0.9608348284368692)",2,95.44570308205412,36685
"(0.8375522452041583, 0.9546136534133534)",1,95.44567535776612,36686
"(0.7707924493038034, 1.0)",1,95.44563316829696,36687
"(0.8919095971175892, 0.9667774086378738)",1,95.44562576057096,36688
"(0.9481474980306196, 0.9612261904761904)",1,95.4456126053592,36689
"(0.9111616775696132, 0.9625936563436563)",1,95.4453762837596,36690
"(0.8886775717208655, 0.9649122807017544)",1,95.4453206532108,36691
"(0.8782163096650154, 0.9610152916073968)",1,95.44519691473,36692
"(0.7971638793175897, 0.9935546682631315)",3,95.44513248908628,36695
"(0.8190189403857904, 0.9605856647968066)",1,95.445059823598,36696
"(0.9649729659305584, 0.9473039215686276)",1,95.44491377444623,36697
"(0.9047341820740836, 0.952503401360544)",1,95.4448507192644,36698
"(0.9433680972830336, 0.95474577471438)",2,95.44476776570797,36700
"(0.91243961352657, 0.9866666666666666)",1,95.4446811166422,36701
"(0.8550741594067247, 1.0)",1,95.44449067737524,36702
"(0.9094344316674038, 0.9714285714285714)",1,95.44448563452296,36703
"(0.8498740201567748, 0.9736842105263158)",2,95.44435818291215,36705
"(0.8473809523809523, 0.9754464285714284)",1,95.44429066680983,36706
"(0.947866344605475, 0.9634384628873468)",1,95.44425703219616,36707
"(0.9047619047619048, 1.0)",1,95.44423519116592,36708
"(0.9688888888888888, 0.9294451563801408)",1,95.44421405723662,36709
"(0.9174400356812475, 0.9635619016637234)",3,95.44416095863076,36712
"(0.9055383852258851, 0.9618610747051114)",1,95.44415955403043,36713
"(0.9233333333333332, 0.9868055555555556)",1,95.44406977930484,36714
"(0.9367114963691102, 0.9565375499581746)",1,95.443970948753,36715
"(0.7217510259917921, 0.9767441860465116)",1,95.44391476226306,36716
"(0.9185588416618146, 0.9565375499581746)",4,95.44388325449977,36720
"(0.840837795874394, 0.9788110478899952)",1,95.44387549963116,36721
"(0.8896310286935287, 0.9574505911522484)",1,95.44386635766271,36722
"(0.920373952288846, 0.945)",3,95.443702357009,36725
"(0.839484868820503, 0.9780571219715956)",1,95.44366010823552,36726
"(0.8975847069597069, 0.9612261904761904)",1,95.443376046591,36727
"(0.944540304191448, 0.9595374149659864)",2,95.443355931349,36729
"(0.8901450053705692, 0.9737148229943366)",2,95.4432987207947,36731
"(0.9001409893736627, 0.950700596776178)",1,95.4432383979154,36732
"(0.9103195488721804, 0.9595374149659864)",3,95.44322518875764,36735
"(0.9688819909986466, 0.9643596441509156)",1,95.44309823373256,36736
"(0.6005742750917213, 0.976352199651088)",1,95.44301651864596,36737
"(0.9360538014841208, 0.9541309523809522)",4,95.44296718151804,36741
"(0.9185588416618146, 0.95)",1,95.4428850428157,36742
"(0.7987835673811283, 0.9734722222222224)",2,95.44279874521088,36744
"(0.8693120323003425, 0.9541309523809522)",1,95.44265844005336,36745
"(0.913656690746474, 0.9737148229943366)",1,95.44253606693164,36746
"(0.9344155844155844, 0.950700596776178)",3,95.4424824005823,36749
"(0.8871004696987055, 0.9550387596899224)",2,95.44243900138866,36751
"(0.9027777777777778, 0.9734722222222224)",1,95.44234265598674,36752
"(0.8970155460303243, 0.9635619016637234)",1,95.44220624703829,36753
"(0.9367114963691102, 0.9535924585381664)",1,95.442202015628,36754
"(0.8392857142857143, 0.9538729657213072)",1,95.44219286450826,36755
"(0.7472785737929731, 0.9739630931081678)",2,95.44211435907924,36757
"(0.9495131982526256, 0.9485046203796204)",1,95.44196410342802,36758
"(0.8305244327276152, 0.9667774086378738)",1,95.44194342302671,36759
"(0.9312094155844156, 0.9601840736294516)",1,95.44191685172446,36760
"(0.8901450053705692, 0.9651951748860688)",1,95.44188929542707,36761
"(0.9292873482399696, 0.9686200438283324)",1,95.4415448158857,36762
"(0.946764828738513, 0.9579551650296714)",1,95.44131654929276,36763
"(0.9354988823409874, 0.9535924585381664)",6,95.44101507042488,36769
"(0.9462631140307872, 0.9688819909986466)",1,95.44084350221036,36770
"(0.854478432131113, 0.9692634363686996)",1,95.440838976424,36771
"(0.8428739632573199, 0.9722222222222222)",1,95.44061512844364,36772
"(0.9579966888808584, 0.9570371875635032)",1,95.44060952385485,36773
"(0.917978896103896, 0.9612261904761904)",1,95.44060592489473,36774
"(0.9589484126984128, 0.9866666666666666)",1,95.44055453021542,36775
"(0.9283194472668156, 0.952503401360544)",1,95.44055153074136,36776
"(0.7217510259917921, 0.965497521921464)",1,95.44053768705874,36777
"(0.9064516129032258, 0.9754464285714284)",1,95.44045797080418,36778
"(0.9354988823409874, 0.9595374149659864)",1,95.4403307683432,36779
"(0.9523809523809524, 1.0)",4,95.439827379687,36783
"(0.7200000000000001, 1.0)",1,95.43978658593726,36784
"(0.8465418823841762, 0.9866666666666666)",1,95.43978297487708,36785
"(0.8641433305377707, 0.9694279341856143)",1,95.43962711169392,36786
"(0.9247680199941508, 0.9586520604621642)",1,95.43942026891588,36787
"(0.9192180611357128, 0.9667774086378738)",2,95.43939693048048,36789
"(0.8867623604465709, 1.0)",1,95.43912120402616,36790
"(0.9060206664893564, 0.969913169748696)",1,95.4390408576781,36791
"(0.8946752284039163, 0.9665714285714284)",1,95.4390035893463,36792
"(0.9150645514501796, 0.962604085919332)",1,95.43891609181703,36793
"(0.93916595083917, 0.9574505911522484)",1,95.43884606651046,36794
"(0.8996421975992612, 0.9658154816997468)",3,95.43874648913952,36797
"(0.8600272232304901, 1.0)",1,95.4386824423514,36798
"(0.8471827131238087, 0.9651709255149644)",1,95.43855789173088,36799
"(0.8837209302325582, 0.9667774086378738)",1,95.43841959230512,36800
"(0.9420000000000002, 0.9507857142857142)",1,95.43834193427284,36801
"(0.9493987095478396, 0.9554098688819938)",2,95.43819137678284,36803
"(0.8240047299960582, 0.9552772808586762)",2,95.4380637599238,36805
"(0.96004600460046, 0.9526018354129678)",2,95.4377257520663,36807
"(0.932101534037604, 0.974428900396663)",2,95.43760397961748,36809
"(0.944540304191448, 0.9612261904761904)",1,95.4375318592325,36810
"(0.9122449314178318, 0.9658154816997468)",1,95.43742522416248,36811
"(0.9495131982526256, 0.9586520604621642)",1,95.43723925983306,36812
"(0.899337170765742, 0.9535924585381664)",1,95.43707250415054,36813
"(0.9371419957793188, 0.9551820728291316)",1,95.43685421955234,36814
"(0.7400546757164405, 1.0)",1,95.43672572630166,36815
"(0.5346779795193953, 0.9734416399036532)",1,95.43670575645234,36816
"(0.9348875393612236, 0.9782702035744222)",1,95.43669354149314,36817
"(1.0, 1.0)",1,95.43661941922812,36818
"(0.8389982110912344, 0.9774943735933984)",1,95.436566629696,36819
"(0.91280276816609, 0.9380552220888356)",3,95.43651632548548,36822
"(0.7782392026578072, 0.9892665474060824)",1,95.43629372729396,36823
"(0.908998988877654, 0.9667774086378738)",1,95.43622574820594,36824
"(0.9557291666666669, 0.9576029606661498)",1,95.43621061481127,36825
"(0.8721161002232697, 0.9561403508771932)",1,95.43618312948884,36826
"(0.9433680972830336, 0.9645607615220874)",1,95.4361498453592,36827
"(0.9318646435925092, 0.9463234342650104)",1,95.43612599188155,36828
"(0.9003322259136212, 0.9563953488372092)",1,95.43600811921492,36829
"(0.7806534483894342, 0.9569461827284104)",1,95.43597205741156,36830
"(0.9189046799105652, 0.937598459653422)",1,95.43580682984202,36831
"(0.5091537254901961, 0.98505)",1,95.43579198408504,36832
"(0.952503401360544, 0.9635619016637234)",2,95.43575428288622,36834
"(0.9426994258113802, 0.9635619016637234)",3,95.43546236546696,36837
"(0.9027617951668586, 0.9501800720288114)",2,95.43534643680876,36839
"(0.8753753753753755, 0.9561403508771932)",1,95.4352790447822,36840
"(0.8859337035751476, 0.9892665474060824)",2,95.43499661807216,36842
"(0.8524177828082752, 0.969913169748696)",2,95.43484163443487,36844
"(0.9315535929345644, 0.96004600460046)",1,95.43483759220018,36845
"(0.8720649550142637, 0.9665714285714284)",1,95.43463617395294,36846
"(0.8641929499072356, 0.9618610747051114)",1,95.4346039926438,36847
"(0.9027617951668586, 0.955045504550455)",3,95.43436620036668,36850
"(0.7162606023031566, 0.9774943735933984)",1,95.4340388096518,36851
"(0.8439572704081633, 0.9618138828565136)",1,95.43392284039648,36852
"(0.934274781341108, 0.9678608196882048)",1,95.43371390955416,36853
"(0.8786454023420848, 0.9580611248779756)",1,95.43369553493656,36854
"(0.9420000000000002, 0.9754464285714284)",1,95.43362147167431,36855
"(1.0, 1.0)",1,95.43357216887392,36856
"(0.922050500014663, 0.9885627144491042)",1,95.43350152871623,36857
"(0.9365750528541228, 0.9552772808586762)",1,95.43348125216276,36858
"(0.9618138828565136, 0.9574568288854002)",1,95.4334340658973,36859
"(0.896551724137931, 1.0)",1,95.4333971445744,36860
"(0.903764513477412, 0.960607978267748)",1,95.4333655255284,36861
"(0.9462631140307872, 0.9571428571428572)",1,95.43335470254532,36862
"(0.8465418823841762, 1.0)",1,95.43331215964466,36863
"(0.7795420040485829, 0.9788110478899952)",8,95.43297337672573,36871
"(0.9152165481577246, 0.9565375499581746)",1,95.43297168498738,36872
"(0.8939103272888103, 0.9612261904761904)",1,95.43280596978244,36873
"(0.9721176108033788, 0.9645607615220874)",1,95.43269685475713,36874
"(0.9087026014109348, 1.0)",1,95.43252197705053,36875
"(0.9064872325741892, 0.9868055555555556)",1,95.43249851810968,36876
"(0.9612261904761904, 0.9571428571428572)",1,95.43237077180854,36877
"(0.9618138828565136, 0.9650363879165252)",1,95.43236641522292,36878
"(0.8348214285714286, 0.9538729657213072)",1,95.432306933774,36879
"(0.9226705733973176, 0.9696381743256742)",1,95.43230026384,36880
"(0.8040021929824561, 0.9604697507658034)",3,95.43220945065023,36883
"(0.952503401360544, 0.9618610747051114)",2,95.43217781894344,36885
"(0.8373852304418176, 0.9658154816997468)",3,95.43205464023124,36888
"(0.8860640954495006, 0.9571428571428572)",1,95.43185785584284,36889
"(0.8736448679839133, 0.9747439067467324)",1,95.4314698371099,36890
"(0.8665939529220779, 0.9625936563436563)",6,95.43138689630396,36896
"(0.7827659652601814, 0.9577861163227016)",1,95.43076188244116,36897
"(0.8742045454545455, 0.9767241379310344)",2,95.43043159748572,36899
"(0.992156862745098, 0.9882352941176472)",1,95.43026903283736,36900
"(0.943792719255964, 0.9612261904761904)",1,95.43022575194136,36901
"(0.8837209302325582, 0.9667774086378738)",2,95.43009714050092,36903
"(0.9054733187134504, 0.9560805836777236)",3,95.43006475531976,36906
"(0.8965281666711441, 0.9703558944821912)",4,95.43003942833036,36910
"(0.8934374999999999, 0.9767241379310344)",1,95.42986080922088,36911
"(0.919687006945461, 0.9583928571428572)",1,95.42953870159054,36912
"(0.8619951040391676, 0.9550387596899224)",1,95.42949363057748,36913
"(0.9263477887938646, 0.96)",1,95.42933136201434,36914
"(0.9360538014841208, 0.9499194985912254)",1,95.42929162897616,36915
"(0.901648307790549, 0.9507857142857142)",1,95.42914364617364,36916
"(0.906765625, 0.9767241379310344)",1,95.42910428208572,36917
"(0.9606447334368527, 0.9683214285714286)",1,95.42910013306516,36918
"(0.8170400723750731, 0.9774943735933984)",1,95.4290234912022,36919
"(0.8287365047233469, 0.969913169748696)",1,95.42900225263736,36920
"(0.950700596776178, 0.9683214285714286)",1,95.42894076007016,36921
"(0.8602450419527078, 0.9563260001856492)",6,95.42877518114446,36927
"(0.9185588416618146, 0.9534623492499265)",1,95.4287517636974,36928
"(0.7707924493038034, 0.9868055555555556)",1,95.42867304561275,36929
"(0.9641868969810148, 0.996078431372549)",1,95.42861948974527,36930
"(0.8627653708298868, 0.9615343915343916)",1,95.42852098371873,36931
"(0.926440329218107, 0.9577759872287582)",1,95.42850817294708,36932
"(0.8428739632573199, 0.9734722222222224)",2,95.42845853875995,36934
"(0.8703288070923577, 0.9580611248779756)",1,95.4284002294199,36935
"(0.8799035686171609, 0.9665714285714284)",1,95.42839861631496,36936
"(0.892996794871795, 0.9754464285714284)",1,95.42829726507888,36937
"(0.9247241379310346, 0.9754464285714284)",2,95.42822010690024,36939
"(0.754666973475023, 0.9696795861091736)",4,95.42812187031818,36943
"(0.8367625143940933, 0.9648977033360302)",1,95.42799277026444,36944
"(0.832288597755908, 0.9774943735933984)",1,95.42789335844346,36945
"(0.8942523459812323, 0.9736842105263158)",1,95.42787305752915,36946
"(0.9065438871473354, 0.9866666666666666)",1,95.42779592414726,36947
"(0.9247241379310346, 0.9754464285714284)",2,95.42775714393726,36949
"(0.9555491383616382, 0.9537087912087912)",1,95.42770008666746,36950
"(0.8419526434329067, 0.9754464285714284)",1,95.42756150371773,36951
"(0.863739209133946, 0.9788110478899952)",3,95.42752741085116,36954
"(0.914421596921597, 0.992156862745098)",1,95.42748015923004,36955
"(0.9185588416618146, 0.9503404207824095)",1,95.4273061648765,36956
"(0.8300280681378243, 0.9729166666666668)",1,95.4269450005225,36957
"(0.9555491383616382, 0.9612261904761904)",1,95.4267549027704,36958
"(0.9283969998255712, 0.9565375499581746)",1,95.42671010303395,36959
"(0.8638474025974026, 0.9571428571428572)",2,95.42669212724796,36961
"(0.9064872325741892, 0.9868055555555556)",1,95.42664120189684,36962
"(0.944540304191448, 0.960607978267748)",1,95.42646662164408,36963
"(0.9667774086378738, 0.9774943735933984)",1,95.4261633162571,36964
"(0.8287365047233469, 0.9658154816997468)",1,95.42602460034811,36965
"(0.9612261904761904, 0.9618138828565136)",1,95.42601511682945,36966
"(0.8919095971175892, 0.9667774086378738)",2,95.42593930505016,36968
"(0.8743600845228408, 0.9724427770075836)",2,95.42572644469274,36970
"(0.9463327370304114, 0.9775193798449612)",1,95.42560668562928,36971
"(0.944540304191448, 0.960607978267748)",1,95.42543980946354,36972
"(0.93323732718894, 0.9754464285714284)",1,95.4253894949623,36973
"(0.8722453294915884, 0.9555491383616382)",3,95.42530700243124,36976
"(0.8680075424261471, 0.9667774086378738)",2,95.42513484562087,36978
"(0.9342814048696402, 0.9738562091503268)",1,95.4248258011872,36979
"(0.9428823795600112, 0.9780571219715956)",1,95.42457522209044,36980
"(0.9657079385975222, 0.9608918659970924)",1,95.42456234179924,36981
"(0.9232966136270908, 0.94004400440044)",1,95.4243847088807,36982
"(0.8935576923076922, 0.9754464285714284)",1,95.42417733398914,36983
"(0.9495131982526256, 0.9635619016637234)",2,95.42404435071867,36985
"(0.9618138828565136, 0.954682426948052)",1,95.42389811798482,36986
"(0.9140535714285716, 0.9498577524893316)",1,95.4237925994891,36987
"(0.9384353741496598, 0.9574568288854002)",6,95.42376133530826,36993
"(0.9232966136270908, 0.9526018354129678)",2,95.42371530545506,36995
"(0.9348875393612236, 0.9737148229943366)",1,95.42359582414647,36996
"(0.8616019521984972, 0.9733161520802638)",1,95.42357175321308,36997
"(0.9577081026208932, 0.9657079385975222)",3,95.42354374223758,37000
"(0.8468390938509743, 0.9699373225259256)",1,95.4235423866331,37001
"(0.8851067942942943, 0.9756896633141126)",1,95.42338356542228,37002
"(0.946764828738513, 0.9541309523809522)",1,95.4232830359213,37003
"(0.8634436934356743, 0.9667774086378738)",1,95.42317490737877,37004
"(0.93218671679198, 0.9612261904761904)",1,95.4231517261154,37005
"(0.8995660342409569, 0.9554098688819938)",1,95.42313939227311,37006
"(0.9800599128540306, 0.9001058201058202)",1,95.42309636960373,37007
"(0.9274482758620688, 0.9646871008939976)",1,95.42309208082908,37008
"(0.640700808625337, 0.9788110478899952)",1,95.42304973272944,37009
"(0.9508739421428176, 0.9360538014841208)",1,95.42294272787416,37010
"(0.8743600217864923, 0.9507857142857142)",1,95.42291541021171,37011
"(0.9211733564648176, 0.9692634363686996)",3,95.42283890778803,37014
"(0.96, 0.947600710159786)",1,95.42264343714332,37015
"(0.9495131982526256, 0.9565375499581746)",1,95.42263533332292,37016
"(0.7232797675460064, 0.9550387596899224)",1,95.42254792452684,37017
"(0.8757566103854729, 0.9667774086378738)",1,95.42250438884336,37018
"(0.8799035686171609, 0.9537087912087912)",1,95.4223385725978,37019
"(0.9523529411764708, 0.9574568288854002)",1,95.42228196236906,37020
"(0.9065891472868216, 0.9885627144491042)",1,95.42227637374992,37021
"(0.906439024390244, 0.9608348284368692)",1,95.42227356093304,37022
"(0.870174510840825, 0.9584283173426188)",1,95.42218987105254,37023
"(0.8726622214994307, 0.965497521921464)",1,95.42215798647986,37024
"(0.6851810692271219, 0.9740643495864882)",1,95.42212125583148,37025
"(0.8786453242098404, 0.9866666666666666)",1,95.42203107832958,37026
"(0.9292946051030736, 0.9650363879165252)",2,95.42196398516111,37028
"(0.8531211750305999, 0.9563953488372092)",1,95.42195534878896,37029
"(0.9492266992266992, 0.9868055555555556)",1,95.4219298076126,37030
"(0.9476776665722468, 0.9565375499581746)",1,95.42183328185163,37031
"(0.877599715099715, 0.9868055555555556)",1,95.42159113433632,37032
"(0.9005147621883774, 0.9586520604621642)",1,95.42157284508248,37033
"(0.9721176108033788, 0.9612261904761904)",3,95.42157107473362,37036
"(0.9450031426775612, 0.962604085919332)",2,95.42150043070303,37038
"(0.9247241379310346, 0.9754464285714284)",1,95.42118842595607,37039
"(0.9118986880466472, 0.9650363879165252)",1,95.42098514076184,37040
"(0.9315535929345644, 0.9576029606661498)",1,95.42064597878267,37041
"(0.9185609025397424, 0.9541309523809522)",4,95.42064458189282,37045
"(0.8700357638518202, 0.9913490623109498)",1,95.42063988920992,37046
"(0.9405634236453204, 0.9624656593406592)",1,95.42055512291726,37047
"(0.832288597755908, 0.9774943735933984)",1,95.42055403337652,37048
"(0.899997244510117, 0.9692634363686996)",1,95.42049286690738,37049
"(0.8468390938509743, 0.9675693622586212)",1,95.42044026968564,37050
"(0.4988433723564313, 0.9727097441010288)",1,95.42039229435228,37051
"(0.7640771895101436, 0.9767441860465116)",1,95.42035783652148,37052
"(0.7743857031313633, 0.9896077102753894)",2,95.42031877914094,37054
"(0.9274482758620688, 0.9767241379310344)",1,95.42017032934936,37055
"(0.8567397660818714, 0.9868055555555556)",1,95.42016218364677,37056
"(0.8737236721611722, 0.9595374149659864)",3,95.42010330853611,37059
"(0.910924131602386, 0.9696381743256742)",1,95.42005757659322,37060
"(0.8440126050420167, 0.9866666666666666)",1,95.4200022106062,37061
"(0.8860640954495006, 0.9541309523809522)",4,95.41977370945516,37065
"(0.7984394527261589, 0.9689198036151948)",1,95.41954029916153,37066
"(0.9060206664893564, 0.9782702035744222)",1,95.41951946079293,37067
"(0.8956505897276728, 0.9565375499581746)",4,95.41949747897549,37071
"(0.9226438267614736, 0.9650363879165252)",1,95.41946636139932,37072
"(0.8501768299217661, 0.9546136534133534)",1,95.41941774487309,37073
"(0.9011130817686992, 0.9565375499581746)",1,95.41927864064964,37074
"(0.8047996976568405, 0.9866666666666666)",1,95.41923604962388,37075
"(0.920373952288846, 0.9388274530454624)",1,95.41923280857804,37076
"(0.8857407747009801, 0.9610152916073968)",1,95.41911679120408,37077
"(0.927910199556541, 0.9618138828565136)",1,95.41908638820324,37078
"(0.9214457417582416, 0.9713960577118472)",1,95.4190854492602,37079
"(0.932845238095238, 0.9595374149659864)",1,95.41897755155098,37080
"(0.9214457417582416, 0.9681338377164)",1,95.41881544499104,37081
"(0.8837209302325582, 0.9774943735933984)",1,95.41880969781285,37082
"(0.8691933668722457, 0.969913169748696)",1,95.41872016841408,37083
"(0.9707143676183924, 0.992156862745098)",1,95.41867809996415,37084
"(0.7967201500483234, 0.98711247296323)",1,95.4184950999606,37085
"(0.816609291545804, 0.9730042166786526)",2,95.4184580576941,37087
"(0.91280276816609, 0.9380552220888356)",1,95.41844251073988,37088
"(0.8457446808510638, 0.9748677248677248)",1,95.41843649978344,37089
"(0.8634436934356743, 0.9667774086378738)",1,95.41835359936464,37090
"(0.9036544850498338, 0.9550387596899224)",1,95.4182661354251,37091
"(0.8786453242098404, 0.9722222222222222)",2,95.41823625582413,37093
"(0.7962242261245582, 0.965497521921464)",1,95.417979139159,37094
"(0.910986505586216, 0.9692634363686996)",1,95.41797271696517,37095
"(0.9367114963691102, 0.951596182326806)",1,95.41795641334792,37096
"(0.93916595083917, 0.9574505911522484)",1,95.41782604903749,37097
"(0.8882535288785288, 0.9734722222222224)",1,95.41744122613404,37098
"(0.9255470304063654, 0.9774638802889576)",1,95.41741136185225,37099
"(0.9041666666666666, 0.9868055555555556)",1,95.41734187164931,37100
"(0.9696969696969696, 1.0)",1,95.4172856454706,37101
"(0.876818777829583, 0.969913169748696)",1,95.4172179548792,37102
"(0.9005147621883774, 0.9476776665722468)",1,95.41709405912104,37103
"(0.9041666666666666, 0.9868055555555556)",1,95.41693026342608,37104
"(0.9464079225584776, 0.9574505911522484)",2,95.41692110792413,37106
"(0.9399404761904762, 0.9635619016637234)",1,95.41690277186392,37107
"(0.8971203581710827, 0.9868055555555556)",1,95.41671439126095,37108
"(0.910924131602386, 0.9503404207824095)",1,95.41646295687582,37109
"(0.8039792260990418, 0.9625936563436563)",3,95.41634256989688,37112
"(0.8503896103896105, 0.9426783174151596)",1,95.41629769038038,37113
"(0.8282752506308395, 0.9774943735933984)",1,95.41616847143544,37114
"(0.9369792725055884, 0.9658154816997468)",1,95.4158299013526,37115
"(0.8762664758354415, 0.9612261904761904)",6,95.4152703160707,37121
"(0.8868859958211244, 0.956140350877193)",1,95.41520752639546,37122
"(0.95, 0.9736054421768708)",1,95.4151627591178,37123
"(0.852507027855865, 0.9635619016637234)",3,95.41507504625876,37126
"(0.8901960784313724, 0.9380552220888356)",1,95.41503030240897,37127
"(0.9503404207824095, 0.9465769388085848)",1,95.4149051998654,37128
"(0.812161361179875, 0.9552772808586762)",1,95.4148198619595,37129
"(0.8372177118327734, 0.9658154816997468)",2,95.41480608887862,37131
"(0.8917857142857143, 0.9612261904761904)",4,95.41451582046795,37135
"(0.944540304191448, 0.9618138828565136)",1,95.41450870180152,37136
"(0.7962242261245582, 0.9546136534133534)",1,95.41448602406024,37137
"(0.9283969998255712, 0.9565375499581746)",2,95.41439378538011,37139
"(0.8700357638518202, 0.98711247296323)",1,95.41436135505242,37140
"(0.8832713293650792, 0.9595374149659864)",1,95.41435352252202,37141
"(0.6982954545454545, 0.9614707401032702)",1,95.41416773804846,37142
"(0.9462631140307872, 0.9612261904761904)",1,95.41414577837764,37143
"(0.7240947195575144, 0.9651951748860688)",2,95.4139902934622,37145
"(0.947860476880274, 0.9678053830227744)",1,95.41366666225098,37146
"(0.9678608196882048, 0.9787811022617652)",1,95.41366330535112,37147
"(0.888013818790316, 0.9635619016637234)",1,95.41334258095902,37148
"(0.920373952288846, 0.947866344605475)",1,95.41324596124048,37149
"(0.8693120323003425, 0.9612261904761904)",3,95.41317283738655,37152
"(0.8138874207188161, 0.9552772808586762)",1,95.41315330166492,37153
"(0.867704307568438, 0.9734722222222224)",1,95.41313412495744,37154
"(0.7745765275257108, 0.9651951748860688)",1,95.4129943583801,37155
"(0.8752365981200475, 0.9612261904761904)",4,95.4129295135525,37159
"(0.8946752284039163, 0.952503401360544)",3,95.4128531790526,37162
"(0.89246409531063, 0.9565375499581746)",1,95.4125730813018,37163
"(0.5248560962846677, 0.9749660326086956)",1,95.41253262734396,37164
"(0.9452536570183628, 0.9484469343292872)",1,95.41249439264334,37165
"(0.8898792718668495, 0.9630672573903032)",1,95.41240867663926,37166
"(0.9032873606650292, 0.952503401360544)",1,95.41238468301188,37167
"(0.9088431305536568, 0.9658154816997468)",1,95.41235623500602,37168
"(0.7644216248867413, 0.9667774086378738)",2,95.41232173569226,37170
"(0.9057088744588744, 0.9866666666666666)",2,95.41231367436392,37172
"(0.8113181219906367, 0.9748677248677248)",1,95.41215528645112,37173
"(0.8556083495776478, 0.969913169748696)",1,95.41204985927725,37174
"(0.9391865079365078, 1.0)",1,95.41194857809133,37175
"(0.8890863872430693, 0.9571428571428572)",1,95.4119102592704,37176
"(0.9577861163227016, 0.954419924179659)",1,95.411736031966,37177
"(0.9565375499581746, 0.9537087912087912)",1,95.4115797792607,37178
"(0.8757566103854729, 0.9774943735933984)",1,95.41122901458618,37179
"(0.9111616775696132, 0.9595374149659864)",1,95.41122229643526,37180
"(0.9612261904761904, 0.9606447334368527)",1,95.41118860882344,37181
"(0.9391865079365078, 1.0)",1,95.411175615074,37182
"(0.9574505911522484, 0.9635619016637234)",2,95.41101772146376,37184
"(0.8680075424261471, 0.9667774086378738)",1,95.41101230939204,37185
"(0.8563074352548036, 0.9868055555555556)",1,95.41099481996692,37186
"(0.9001409893736627, 0.9595374149659864)",3,95.41093182199666,37189
"(0.9498577524893316, 0.9612261904761904)",2,95.4109176128622,37191
"(0.832288597755908, 0.9430166863749836)",1,95.41089790408382,37192
"(0.7932875667429443, 0.9740643495864882)",1,95.41077449157108,37193
"(0.8221014871827105, 0.9708426325398012)",1,95.4107140661178,37194
"(0.9462631140307872, 0.9555491383616382)",1,95.41040553106323,37195
"(0.8126903630604289, 0.969913169748696)",1,95.41024318174478,37196
"(0.9563953488372092, 0.9546136534133534)",1,95.41023619941907,37197
"(0.9135802469135802, 1.0)",1,95.41019806928662,37198
"(0.8198932646301067, 0.9754464285714284)",2,95.41011205290688,37200
"(0.9135802469135802, 1.0)",1,95.41007730862802,37201
"(0.905649630541872, 0.9754464285714284)",1,95.40991728405024,37202
"(0.9399404761904762, 0.9625936563436563)",1,95.40990658270717,37203
"(0.9296302734822564, 0.9766826923076924)",1,95.40983131900676,37204
"(0.8837244897959183, 0.9721176108033788)",2,95.40981926529312,37206
"(0.915422077922078, 0.9754464285714284)",1,95.40981678925466,37207
"(0.827728296446098, 0.9944119223851688)",3,95.40959467141978,37210
"(0.8693120323003425, 0.9612261904761904)",3,95.40942621624664,37213
"(0.9388029361942404, 0.9688819909986466)",1,95.40940316706302,37214
"(0.9450031426775612, 0.965)",1,95.40933510558912,37215
"(0.9476776665722468, 0.9555491383616382)",1,95.40932109818218,37216
"(0.8363148479427549, 0.9552772808586762)",1,95.40918663609068,37217
"(0.7866925064599483, 1.0)",1,95.40916721561686,37218
"(0.8582837837837838, 0.9754464285714284)",1,95.40915934501554,37219
"(0.8190309499878695, 0.9667774086378738)",1,95.40905687604354,37220
"(0.8919095971175892, 0.9667774086378738)",1,95.40881213182882,37221
"(0.8840890522875817, 0.9868055555555556)",1,95.4087325200327,37222
"(0.8465418823841762, 1.0)",2,95.40866780968152,37224
"(0.9715797169307606, 0.9647217861503576)",1,95.40853353651308,37225
"(0.8365744453354719, 0.953556570960922)",1,95.40837434553222,37226
"(0.7025855842842699, 0.9667774086378738)",1,95.40830002372766,37227
"(0.8048816547737346, 0.9726404671502952)",1,95.40829262295156,37228
"(0.9645607615220874, 0.9642857142857144)",3,95.40817702303367,37231
"(0.9557291666666669, 0.9554098688819938)",2,95.40798135304097,37233
"(0.905151943324208, 0.9537087912087912)",1,95.40795249155836,37234
"(0.5840730904484518, 0.9658154816997468)",3,95.4078654465264,37237
"(0.9032873606650292, 0.9574505911522484)",1,95.40775213914102,37238
"(0.9366629231646204, 0.9571428571428572)",1,95.40766037691522,37239
"(0.9450706646294882, 0.9537087912087912)",3,95.4075546111273,37242
"(0.9407729468599032, 0.9868055555555556)",1,95.40753349208823,37243
"(0.9325581395348838, 0.9775193798449612)",1,95.40735274733105,37244
"(0.8641929499072356, 0.9586520604621642)",1,95.4071288921266,37245
"(0.8361410189075631, 0.9507857142857142)",1,95.40710563511898,37246
"(0.896551724137931, 0.9696969696969696)",1,95.40702053663998,37247
"(0.8367625143940933, 0.9737148229943366)",1,95.40701237261834,37248
"(0.827728296446098, 0.992551977311538)",3,95.4065051494403,37251
"(0.9407679738562092, 0.9748677248677248)",1,95.40641693166684,37252
"(0.9248976608187136, 0.952503401360544)",3,95.40639834182292,37255
"(0.951596182326806, 0.9555491383616382)",1,95.40638804470586,37256
"(0.8836091234347048, 0.9667774086378738)",1,95.40629382672134,37257
"(0.8552672227371022, 0.96004600460046)",1,95.40626696050556,37258
"(0.5542859341335796, 0.9737148229943366)",2,95.40604411052938,37260
"(0.8047996976568405, 0.9866666666666666)",1,95.40595225416732,37261
"(0.7777777777777776, 1.0)",1,95.40582033998474,37262
"(0.9365750528541228, 0.9774943735933984)",1,95.4057641052058,37263
"(0.9343548387096776, 0.9866666666666666)",1,95.40574468174135,37264
"(0.532270806690238, 0.9812791813289498)",1,95.40556761550933,37265
"(0.8511627906976744, 0.9774943735933984)",1,95.40523748455526,37266
"(0.892996794871795, 0.9754464285714284)",1,95.40517106446023,37267
"(0.9170435132147524, 0.9561403508771932)",1,95.40516162983792,37268
"(0.8356705909510619, 0.9707309941520468)",1,95.40511430789029,37269
"(0.8424197513013303, 0.9537087912087912)",1,95.4050297561966,37270
"(0.6817662805944057, 0.9754464285714284)",1,95.405019850201,37271
"(0.9364583333333332, 1.0)",1,95.4049820350841,37272
"(0.9534840838509316, 0.9650363879165252)",1,95.40485993351834,37273
"(0.9432302504125708, 0.9606615844690656)",1,95.40480755454688,37274
"(0.93323732718894, 0.9754464285714284)",1,95.40465832992156,37275
"(0.820852873753694, 0.9977268996163108)",1,95.4046458504842,37276
"(0.917509305210918, 0.9767241379310344)",1,95.40464418474478,37277
"(0.8545827633378934, 0.9774943735933984)",1,95.40437112784944,37278
"(0.8975847069597069, 0.9608918659970924)",1,95.40434278777838,37279
"(0.6732790275608831, 0.9550387596899224)",1,95.40431000632016,37280
"(0.9406095584301136, 0.9498577524893316)",1,95.40423244425604,37281
"(0.8238599925743408, 0.9552772808586762)",1,95.40410735627373,37282
"(0.8587799123693967, 0.9563953488372092)",2,95.40377238484018,37284
"(0.8604651162790697, 0.9667774086378738)",1,95.40370209113487,37285
"(0.9565375499581746, 0.9571428571428572)",1,95.40362345493736,37286
"(0.5943117201606165, 0.9568870566527607)",2,95.40357138677416,37288
"(0.8798475538617097, 0.9774943735933984)",1,95.40332981591568,37289
"(0.710494931425164, 0.9550387596899224)",1,95.40332483090816,37290
"(0.7690274841437632, 0.9774943735933984)",1,95.40316266581252,37291
"(0.8680075424261471, 0.9667774086378738)",1,95.40296505964888,37292
"(0.8946441155743481, 0.9550387596899224)",1,95.4028699531298,37293
"(0.8720649550142637, 0.9665714285714284)",3,95.40277955292792,37296
"(0.7932875667429443, 0.9736842105263158)",1,95.40276638897076,37297
"(0.9230769230769232, 1.0)",1,95.40272087653928,37298
"(0.8161954704362365, 1.0)",1,95.40264197007612,37299
"(0.8812367419630933, 0.9707031562384302)",1,95.40264034663772,37300
"(0.9612261904761904, 0.9537087912087912)",2,95.40258582806489,37302
"(0.640700808625337, 0.9747439067467324)",3,95.40258513443604,37305
"(0.8693120323003425, 0.9537087912087912)",1,95.40243956748618,37306
"(0.9589484126984128, 0.9866666666666666)",1,95.40234703929252,37307
"(0.8888888888888888, 1.0)",1,95.40230729423818,37308
"(0.8173976608187135, 0.9658154816997468)",2,95.40228994527736,37310
"(0.8995660342409569, 0.962604085919332)",1,95.4022561537285,37311
"(0.8076923076923077, 0.9734722222222224)",1,95.40223706354914,37312
"(0.9507101086048454, 0.9841269841269842)",1,95.40222557739132,37313
"(0.8125, 1.0)",1,95.4022064380398,37314
"(0.9696969696969696, 1.0)",1,95.40197186500468,37315
"(0.8941062801932367, 0.9868055555555556)",1,95.40187456768498,37316
"(0.9647217861503576, 0.9681338377164)",1,95.40187192067584,37317
"(0.7644790288745473, 0.9788110478899952)",3,95.40163455184884,37320
"(0.9150645514501796, 0.9554098688819938)",2,95.40158248738244,37322
"(0.8255813953488372, 0.9775193798449612)",1,95.40145274501803,37323
"(0.8379287658123746, 0.9575114377859448)",1,95.40144971406444,37324
"(0.9333908045977012, 0.9767241379310344)",1,95.4012862250552,37325
"(0.9538729657213072, 0.9557291666666669)",1,95.40121967051628,37326
"(0.8418921990316867, 0.965497521921464)",1,95.40116875733676,37327
"(0.951596182326806, 0.95)",1,95.40108727108569,37328
"(0.904439990281827, 0.9390638788116482)",1,95.40108717283954,37329
"(0.8176171654432522, 0.9584283173426188)",1,95.40108326667382,37330
"(0.8602450419527078, 0.9737148229943366)",1,95.40106506578228,37331
"(0.8778976239800449, 0.9574505911522484)",1,95.40101960257478,37332
"(0.8305168558651531, 0.9868055555555556)",1,95.40098902126154,37333
"(0.8683241252302025, 0.9577759872287582)",1,95.400971621081,37334
"(0.947866344605475, 0.9575114377859448)",1,95.400689863683,37335
"(0.9579966888808584, 0.9642166226376752)",1,95.40065253430636,37336
"(0.8782163096650154, 0.9479586316057752)",1,95.40059989388666,37337
"(0.8203811714450012, 0.9443774949160202)",1,95.40057109983432,37338
"(0.9088431305536568, 0.9649122807017544)",1,95.40033008419137,37339
"(0.8006272988627237, 0.9595374149659864)",2,95.40032137235453,37341
"(0.8883076259303203, 0.947600710159786)",1,95.40031109075416,37342
"(0.902092920189038, 0.9472634640194172)",3,95.40023554733745,37345
"(0.9612261904761904, 0.9571428571428572)",1,95.40015967311132,37346
"(0.9388029361942404, 0.9657079385975222)",1,95.40000449574092,37347
"(0.8645224171539961, 0.969913169748696)",1,95.39998950837509,37348
"(0.9414843966800374, 0.9554098688819938)",2,95.39970308557818,37350
"(0.8804026684717579, 0.970579990698188)",1,95.39963570613968,37351
"(0.9274482758620688, 0.9637433687002652)",2,95.3994637497889,37353
"(0.8469839324618735, 1.0)",1,95.39939487224756,37354
"(0.8722453294915884, 0.9595374149659864)",1,95.39938963308144,37355
"(0.8060320096123339, 0.9707309941520468)",1,95.399294919304,37356
"(0.8356705909510619, 0.9788110478899952)",3,95.39922727858747,37359
"(0.9011130817686992, 0.9665714285714284)",3,95.39905294456707,37362
"(0.9333333333333332, 0.9841269841269842)",1,95.398883081492,37363
"(0.936617336210598, 0.969913169748696)",3,95.39881281830876,37366
"(0.9425444925444924, 0.9894736842105264)",1,95.39880023065928,37367
"(0.8638474025974026, 0.9688819909986466)",1,95.39870503976852,37368
"(0.9005147621883774, 0.95474577471438)",1,95.39862270257336,37369
"(0.859735522115823, 0.9885627144491042)",1,95.3985384720758,37370
"(0.9259560057540158, 0.9715797169307606)",1,95.39850796070836,37371
"(0.865084633255891, 0.9554098688819938)",2,95.39822648052694,37373
"(0.8500647757655945, 0.9561403508771932)",1,95.39798651721564,37374
"(0.9625936563436563, 0.9503404207824095)",1,95.39788661639,37375
"(0.8448736477904788, 0.9892665474060824)",1,95.3976173680537,37376
"(0.9226705733973176, 0.9727638167328804)",1,95.39758010635052,37377
"(0.8864832156597472, 0.9541309523809522)",1,95.3975255414961,37378
"(0.9185609025397424, 0.95474577471438)",1,95.39735603233198,37379
"(0.8745595489781537, 0.9552772808586762)",1,95.3971465220182,37380
"(0.919355128199818, 0.9707309941520468)",1,95.39711479266995,37381
"(0.9247241379310346, 0.9754464285714284)",1,95.39708471059068,37382
"(0.847123015873016, 0.9868055555555556)",1,95.39706246430036,37383
"(0.8356705909510619, 0.9788110478899952)",8,95.3970595571977,37391
"(0.8613034779932287, 0.9651951748860688)",3,95.39694738814562,37394
"(0.6782946827273069, 0.9734722222222224)",1,95.3969467050697,37395
"(0.932101534037604, 0.974012801837586)",1,95.39694505846148,37396
"(0.880575093557375, 0.9669612349155648)",4,95.39693781722995,37400
"(0.93916595083917, 0.9565375499581746)",1,95.39693323111764,37401
"(0.8952569169960475, 0.9561403508771932)",1,95.3968168665517,37402
"(0.7805429557903818, 1.0)",3,95.39664991932185,37405
"(0.9176086048454468, 0.9635619016637234)",1,95.3965967013016,37406
"(0.6403503049675462, 0.9885627144491042)",2,95.39657673116524,37408
"(0.9534840838509316, 0.9541309523809522)",1,95.39633424125172,37409
"(0.9283194472668156, 0.9665714285714284)",1,95.39620202189518,37410
"(0.916096001118324, 0.9565375499581746)",1,95.39554657927488,37411
"(0.8721161002232697, 0.9584283173426188)",1,95.39548744878148,37412
"(0.8518518518518519, 1.0)",1,95.3953578872581,37413
"(0.9020844965568584, 0.9563063063063064)",1,95.39535557188992,37414
"(0.8970155460303243, 0.9574505911522484)",2,95.39533955630684,37416
"(0.8887419165196943, 0.9866666666666666)",1,95.39532375363572,37417
"(0.8156616246999273, 0.9563260001856492)",1,95.39527342669878,37418
"(0.9426994258113802, 0.9657079385975222)",1,95.3952286479596,37419
"(0.8163854689162486, 1.0)",1,95.3951267870016,37420
"(0.9170528266913808, 0.955045504550455)",2,95.39504347708194,37422
"(0.8860640954495006, 0.9579551650296714)",1,95.39504103259436,37423
"(0.9563063063063064, 0.95)",1,95.39498047539618,37424
"(0.9365750528541228, 0.9774943735933984)",1,95.39489580930449,37425
"(0.9060206664893564, 0.9913490623109498)",3,95.3946750509676,37428
"(0.8348214285714286, 0.9577861163227016)",1,95.39462894235744,37429
"(0.8177555579773321, 0.9754464285714284)",1,95.39457478568065,37430
"(0.8831509426561547, 0.9788110478899952)",3,95.39454366547868,37433
"(0.5861073624231519, 0.9788110478899952)",1,95.39453299620514,37434
"(0.9104761904761904, 0.9868055555555556)",1,95.39442179713298,37435
"(0.9657079385975222, 0.954682426948052)",1,95.39435467499575,37436
"(0.8949757492849149, 0.9552772808586762)",2,95.39404108048036,37438
"(0.8902777777777777, 0.9734722222222224)",2,95.3939524339762,37440
"(0.9565217391304348, 0.9841269841269842)",1,95.39383151738248,37441
"(0.7975164658278694, 1.0)",1,95.39377553719602,37442
"(0.8238599925743408, 0.9552772808586762)",2,95.3936200355116,37444
"(0.8756319514661275, 0.9774943735933984)",1,95.39349581787594,37445
"(0.8975847069597069, 0.9678608196882048)",1,95.393260804498,37446
"(0.9283194472668156, 0.960607978267748)",3,95.39266802042152,37449
"(0.7610695631528964, 0.9743589743589745)",1,95.39258265113882,37450
"(0.9555491383616382, 0.9499194985912254)",1,95.39223797829987,37451
"(0.8641929499072356, 0.9625936563436563)",3,95.39212446180412,37454
"(0.9292946051030736, 0.952503401360544)",3,95.39204356122718,37457
"(0.8067271451483561, 0.9774943735933984)",1,95.39195158093244,37458
"(0.6552739412022095, 0.9706185421483896)",1,95.39185659532356,37459
"(0.9548607757926928, 0.9595374149659864)",1,95.39182885141707,37460
"(0.8752365981200475, 0.9534840838509316)",1,95.39162577719222,37461
"(1.0, 1.0)",1,95.39159731286166,37462
"(0.9363885088919288, 0.9667774086378738)",1,95.39156051456722,37463
"(0.8205662393162394, 0.9868055555555556)",1,95.39152917361736,37464
"(0.9032873606650292, 0.9579551650296714)",2,95.39152184832017,37466
"(0.8823631647905025, 0.96004600460046)",1,95.39151730385312,37467
"(0.8988571428571429, 0.9535924585381664)",1,95.3914516615728,37468
"(0.9035714285714284, 0.9734722222222224)",1,95.3913174661877,37469
"(0.8271857829670329, 0.9507857142857142)",1,95.39087506976249,37470
"(0.9650363879165252, 0.95474577471438)",3,95.39085016608487,37473
"(0.6699095998123235, 0.9765427110373154)",1,95.39069737103031,37474
"(0.8603013429413692, 0.955045504550455)",1,95.39063833568372,37475
"(0.8072002923976609, 0.9528092667566352)",3,95.39050559543551,37478
"(0.8949640902872777, 0.9667774086378738)",1,95.39046098209997,37479
"(0.7496650452295612, 1.0)",1,95.39043720264908,37480
"(0.9541309523809522, 0.9635619016637234)",2,95.39030017909285,37482
"(0.8691933668722457, 0.9658154816997468)",1,95.39017832182036,37483
"(0.8156616246999273, 0.9740643495864882)",1,95.39008019940864,37484
"(0.797778013582343, 0.9754464285714284)",1,95.38992948569933,37485
"(0.8502024291497975, 0.9568870566527607)",1,95.38967015927166,37486
"(0.9226438267614736, 0.9537087912087912)",1,95.38956652578308,37487
"(0.9230116959064328, 0.9753376906318082)",1,95.38950723869708,37488
"(0.8946752284039163, 0.9612261904761904)",1,95.38947214849564,37489
"(0.7547562359331114, 0.9709855011971)",1,95.38915194613038,37490
"(0.8428739632573199, 0.9868055555555556)",1,95.38906773178552,37491
"(0.85234375, 0.9507857142857142)",1,95.38899940274032,37492
"(0.8753462245347001, 0.9551820728291316)",1,95.38887919944683,37493
"(1.0, 1.0)",1,95.38881131764548,37494
"(0.8864832156597472, 0.95474577471438)",1,95.38878490634964,37495
"(0.640700808625337, 0.9694279341856143)",1,95.3886380783552,37496
"(0.8881381381381382, 0.9868055555555556)",1,95.38862050386282,37497
"(0.8901450053705692, 0.9694095827515072)",1,95.38853242732726,37498
"(0.9047341820740836, 0.9625936563436563)",1,95.38840290648244,37499
"(0.9333333333333332, 1.0)",2,95.3882282827412,37501
"(0.8949757492849149, 0.9552772808586762)",1,95.3876961644658,37502
"(0.585140176021449, 0.9780571219715956)",2,95.3875711339314,37504
"(0.9027484143763214, 0.9667081046663232)",1,95.38749248095144,37505
"(0.9618138828565136, 0.9647217861503576)",1,95.38743789057548,37506
"(0.8197707811194652, 0.9782702035744222)",1,95.38725347358944,37507
"(0.7423427395649618, 0.9722222222222222)",1,95.38719168333488,37508
"(0.8613034779932287, 0.9692634363686996)",1,95.38713591944057,37509
"(0.906439024390244, 0.9579551650296714)",1,95.38692739558743,37510
"(0.9366629231646204, 0.9586520604621642)",1,95.38692012341195,37511
"(0.8971203581710827, 0.9868055555555556)",1,95.38680435124144,37512
"(0.9508739421428176, 0.9612261904761904)",1,95.38668294917372,37513
"(0.9721176108033788, 0.9612261904761904)",1,95.38658515854732,37514
"(0.9444444444444444, 0.9841269841269842)",1,95.3864789341928,37515
"(0.9352667274015588, 0.9466077880369328)",1,95.3864362647204,37516
"(0.8537607374816678, 0.9464496874824032)",2,95.38636173646792,37518
"(0.8996421975992612, 0.9605856647968066)",1,95.38621821803568,37519
"(0.9432302504125708, 0.951596182326806)",1,95.38621157571691,37520
"(0.9002770083102493, 0.9605856647968066)",1,95.38617568295392,37521
"(0.9426994258113802, 0.9579551650296714)",1,95.38594341199044,37522
"(0.905151943324208, 0.9642166226376752)",1,95.3859309444409,37523
"(0.9302579365079364, 0.9583928571428572)",1,95.38591369007354,37524
"(0.91280276816609, 0.9380552220888356)",1,95.38580962045454,37525
"(0.9388029361942404, 0.9606447334368527)",1,95.38577807666364,37526
"(0.8584326321395287, 0.9463234342650104)",2,95.38575079135732,37528
"(0.892733134920635, 0.9748677248677248)",1,95.38559925181656,37529
"(0.8743489583333333, 0.9576029606661498)",3,95.38538983663264,37532
"(0.943792719255964, 0.9541309523809522)",1,95.38537100254236,37533
"(0.8050505938896954, 0.9984839948076338)",1,95.38513754094949,37534
"(0.9333531698462172, 0.9541309523809522)",1,95.3851357148824,37535
"(0.8604651162790697, 0.9775193798449612)",2,95.38510997662772,37537
"(0.8634436934356743, 0.965497521921464)",1,95.38502362155846,37538
"(0.9301248598635894, 0.965434619949468)",1,95.38487983977708,37539
"(0.899337170765742, 0.9595374149659864)",1,95.38487693025814,37540
"(0.9534840838509316, 0.97595009914078)",1,95.38446701096758,37541
"(0.7745765275257108, 0.9736842105263158)",1,95.384326165011,37542
"(0.8501768299217661, 0.9546136534133534)",1,95.38426595023331,37543
"(0.9018073680369506, 0.984504357298475)",1,95.3841384940393,37544
"(0.7232797675460064, 0.9563953488372092)",1,95.38413033762971,37545
"(0.7745765275257108, 0.9648977033360302)",3,95.38408168758522,37548
"(0.750972615545352, 0.9740614824678828)",1,95.38392893326257,37549
"(0.7091759436137276, 0.9885026737967916)",1,95.38380191070554,37550
"(0.8978798708330872, 0.9651951748860688)",3,95.38379917029764,37553
"(0.8524177828082752, 0.969913169748696)",1,95.38374850650447,37554
"(0.9310789204679486, 0.9548607757926928)",1,95.38359398532728,37555
"(0.91775, 0.9624821937321938)",1,95.38358163439406,37556
"(0.7365451388888888, 0.9868055555555556)",1,95.38356526920244,37557
"(0.9498577524893316, 0.9498577524893316)",1,95.3830185171214,37558
"(0.8956505897276728, 0.9565375499581746)",1,95.3828423492305,37559
"(0.8882535288785288, 0.9866666666666666)",1,95.38282766313644,37560
"(0.8860693400167085, 0.960657765442102)",1,95.38272787662528,37561
"(0.8946752284039163, 0.9503404207824095)",1,95.38270286913016,37562
"(0.901648307790549, 0.9507857142857142)",1,95.38268448168938,37563
"(0.8448688271604938, 0.9868055555555556)",2,95.38263525048043,37565
"(0.8693120323003425, 0.9574505911522484)",1,95.38258384842472,37566
"(0.9169201764231004, 0.9651951748860688)",1,95.382448575444,37567
"(0.961342940685046, 0.9606447334368527)",1,95.38230505794294,37568
"(0.8581587837837837, 0.9754464285714284)",1,95.3821319496122,37569
"(0.8040021929824561, 0.9692634363686996)",1,95.38212485876772,37570
"(0.916096001118324, 0.9565375499581746)",4,95.38196340676488,37574
"(0.9031297003355316, 0.9667774086378738)",1,95.38195265163732,37575
"(0.8787790697674417, 0.9552772808586762)",1,95.38193623030747,37576
"(0.905151943324208, 0.9642857142857144)",3,95.38160825563568,37579
"(0.9612261904761904, 0.9727638167328804)",1,95.38092013532844,37580
"(0.9255470304063654, 0.965454076367389)",1,95.3805974026616,37581
"(0.9268160835762876, 0.9586520604621642)",1,95.38054952948596,37582
"(0.8238479252040358, 0.97804076880935)",2,95.38044235624857,37584
"(0.9774943735933984, 0.9563953488372092)",2,95.3800270124989,37586
"(0.9230769230769232, 0.9841269841269842)",1,95.38002628023472,37587
"(0.8502024291497975, 0.9658154816997468)",1,95.3799566487679,37588
"(0.9283969998255712, 0.960607978267748)",1,95.379953041635,37589
"(0.8641433305377707, 0.9740643495864882)",3,95.37991270572294,37592
"(0.9232966136270908, 0.9525113127828196)",3,95.37990549138028,37595
"(0.875, 0.965497521921464)",1,95.37978294505582,37596
"(0.9414843966800374, 0.962604085919332)",1,95.37973485113751,37597
"(0.8629629629629629, 0.9868055555555556)",1,95.3795730456916,37598
"(0.8351193705914272, 0.9782702035744222)",1,95.37955871940292,37599
"(0.9464079225584776, 0.9657079385975222)",2,95.37955707679713,37601
"(0.946764828738513, 0.9537087912087912)",1,95.37948930238524,37602
"(0.8883076259303203, 0.96004600460046)",2,95.37930050539002,37604
"(0.8421030449216724, 0.9868055555555556)",2,95.37926097748507,37606
"(0.9555491383616382, 0.9537087912087912)",1,95.3792519313072,37607
"(0.9384353741496598, 0.9653109846797712)",1,95.37924624005944,37608
"(0.8590498776009793, 0.9667774086378738)",1,95.3791958654602,37609
"(0.9189046799105652, 0.9554098688819938)",2,95.379165341925,37611
"(0.942488846547077, 0.9635619016637234)",1,95.37906610068158,37612
"(0.9618138828565136, 0.9374983839689724)",1,95.37900229758078,37613
"(0.8771929824561403, 1.0)",1,95.37892969152348,37614
"(0.9426994258113802, 0.9541309523809522)",1,95.3787803311796,37615
"(0.9405634236453204, 0.9754464285714284)",1,95.37872508957524,37616
"(0.8953632552891154, 0.9604697507658034)",1,95.37846277025488,37617
"(0.8025730007238067, 0.9726353384181352)",1,95.3783520225945,37618
"(0.8257797270955165, 0.961770130454341)",1,95.37792868482389,37619
"(0.9563063063063064, 0.9657079385975222)",1,95.37788191181754,37620
"(0.8756479140328698, 0.9541309523809522)",3,95.37785916441862,37623
"(0.794285714285714, 0.9667774086378738)",2,95.37785652178444,37625
"(0.7325581395348837, 0.9667774086378738)",1,95.37784745648332,37626
"(0.9606447334368527, 0.975060054907344)",1,95.37765009842155,37627
"(0.9555491383616382, 0.9579551650296714)",1,95.3773792659185,37628
"(0.9263477887938646, 0.96004600460046)",1,95.37731675038164,37629
"(0.896551724137931, 1.0)",1,95.37728881314648,37630
"(0.9493987095478396, 0.962604085919332)",1,95.37713268754324,37631
"(0.9635619016637234, 0.9657079385975222)",1,95.3769016375158,37632
"(0.8956505897276728, 0.9635619016637234)",1,95.37678797854784,37633
"(0.9495131982526256, 0.9665714285714284)",1,95.37677157314998,37634
"(0.9032873606650292, 0.9503404207824095)",1,95.37668943299688,37635
"(0.9428823795600112, 0.9611414900888584)",1,95.37660492244824,37636
"(0.8367625143940933, 0.9694095827515072)",1,95.3765688606153,37637
"(0.943792719255964, 0.95474577471438)",1,95.37656116323174,37638
"(0.8557419333086079, 0.9570371875635032)",1,95.37646858655516,37639
"(0.5489673998339571, 0.9738383781649744)",1,95.37644678592903,37640
"(0.498048399687744, 0.965497521921464)",1,95.37641162258012,37641
"(0.8837209302325582, 0.9667774086378738)",1,95.37632411116144,37642
"(0.848542995746943, 0.961770130454341)",3,95.37623771189874,37645
"(0.8095650919988757, 0.9729868915122786)",1,95.3762265884458,37646
"(0.8708731355790179, 0.9748677248677248)",1,95.37622022126334,37647
"(0.876818777829583, 0.961770130454341)",1,95.3762167875379,37648
"(0.9571395713710704, 0.9688819909986466)",1,95.37615526695426,37649
"(0.8707729468599035, 0.9583928571428572)",1,95.3760951529208,37650
"(0.9606447334368527, 0.9465769388085848)",2,95.37595933073966,37652
"(0.8604651162790697, 0.965497521921464)",1,95.3758785223752,37653
"(0.8880350522413213, 0.9667774086378738)",1,95.37586223576317,37654
"(0.9371419957793188, 0.9577861163227016)",1,95.37571698567658,37655
"(0.9315535929345644, 0.960414372935642)",1,95.37546322202137,37656
"(0.8619951040391676, 0.9550387596899224)",1,95.375290608558,37657
"(0.9169201764231004, 0.9782702035744222)",1,95.37525672530413,37658
"(0.9811403508771928, 0.996078431372549)",1,95.37501471987107,37659
"(0.8752365981200475, 0.9688819909986466)",2,95.37500691320368,37661
"(0.9523529411764708, 0.9571428571428572)",1,95.37499947902594,37662
"(0.7524552007669335, 0.9703523916709836)",4,95.3748597803054,37666
"(0.9214157914304304, 0.9612261904761904)",1,95.37475405665106,37667
"(0.8904991948470209, 1.0)",1,95.37450557675824,37668
"(0.7599587877549425, 0.979054054054054)",4,95.37447214215392,37672
"(0.8731196908559524, 0.9651951748860688)",1,95.37398579634144,37673
"(0.6732790275608831, 0.9430166863749836)",1,95.37397144065235,37674
"(0.867165782859099, 0.9552772808586762)",1,95.37393673264584,37675
"(0.7529825792983688, 0.973657444041166)",4,95.37388226136568,37679
"(0.769060874119107, 0.9736842105263158)",1,95.37378081540412,37680
"(0.765625, 0.9575114377859448)",1,95.3736547678431,37681
"(0.7998955722639932, 0.9736842105263158)",1,95.37363924198918,37682
"(0.913324175824176, 0.9398168103448276)",1,95.37354618823366,37683
"(0.9645607615220874, 0.9642857142857144)",4,95.37354299356596,37687
"(0.7413014722797331, 0.9866666666666666)",2,95.3734603282437,37689
"(0.9465769388085848, 0.950700596776178)",6,95.3733734187,37695
"(0.4432805247702946, 0.9868055555555556)",1,95.37325019906385,37696
"(0.931377923976608, 0.9628635734072022)",1,95.3731301062023,37697
"(0.9548607757926928, 0.9595374149659864)",3,95.37308414127077,37700
"(0.8882535288785288, 0.9743589743589745)",1,95.37296994065954,37701
"(0.920373952288846, 0.9576029606661498)",1,95.3728625033028,37702
"(0.9444444444444444, 1.0)",1,95.37282229965156,37703
"(0.77039068737284, 0.9774943735933984)",1,95.3727793264607,37704
"(0.8778976239800449, 0.9612261904761904)",3,95.3725699155949,37707
"(0.9247241379310346, 0.9754464285714284)",1,95.37253513047594,37708
"(0.8901450053705692, 0.969913169748696)",2,95.37221846006736,37710
"(0.8101851851851852, 0.9694095827515072)",2,95.37221383289838,37712
"(0.9002103365384615, 0.9754464285714284)",1,95.37209941053338,37713
"(0.8379287658123746, 0.9575114377859448)",1,95.3720869340619,37714
"(0.9149095893513032, 0.9714910429383482)",1,95.3720344457961,37715
"(0.8273348098929494, 0.9774943735933984)",1,95.3720335375154,37716
"(0.879400973119566, 0.9625936563436563)",1,95.37200902894212,37717
"(0.9226438267614736, 0.95)",1,95.3719457468526,37718
"(0.9541309523809522, 0.9565375499581746)",1,95.37193428259192,37719
"(0.9386363636363636, 0.9767241379310344)",1,95.37191178930064,37720
"(0.9053333861260692, 0.9555491383616382)",1,95.37191112192036,37721
"(0.9032873606650292, 0.9586520604621642)",1,95.37187810486188,37722
"(0.9630672573903032, 0.9425110627765696)",2,95.37186505186702,37724
"(0.879400973119566, 0.9565375499581746)",1,95.37170690807564,37725
"(0.8247203796730593, 0.9634384628873468)",1,95.3716298023787,37726
"(0.8743600217864923, 0.9507857142857142)",1,95.37150895997884,37727
"(0.9119949853861908, 0.9747439067467324)",3,95.37144454099209,37730
"(0.992156862745098, 0.8735814283182702)",1,95.3711999299446,37731
"(0.9096474293842716, 0.9577759872287582)",2,95.37111248455648,37733
"(0.7687738498092014, 0.9552772808586762)",1,95.37109209122812,37734
"(0.9577861163227016, 0.9601840736294516)",2,95.3710677578048,37736
"(0.8475024586783413, 0.9736842105263158)",1,95.3710292574209,37737
"(0.8563074352548036, 0.9868055555555556)",1,95.37075752385933,37738
"(0.9364583333333332, 1.0)",1,95.37058755891432,37739
"(0.9293342911877394, 0.9868055555555556)",1,95.37052658511514,37740
"(0.8356902356902357, 0.9868055555555556)",1,95.37050819525425,37741
"(0.9211733564648176, 0.9528092667566352)",1,95.37043231477706,37742
"(0.8666120560715156, 0.9676712298809792)",4,95.3702875473055,37746
"(0.926440329218107, 0.969913169748696)",4,95.37014961196238,37750
"(0.8601866883116884, 0.9584283173426188)",1,95.37008174104749,37751
"(0.9555491383616382, 0.9537087912087912)",1,95.3700654910808,37752
"(0.8511627906976744, 0.9667774086378738)",1,95.3700085792128,37753
"(0.8935576923076922, 0.9754464285714284)",1,95.3699646017182,37754
"(0.8703288070923577, 0.9584283173426188)",1,95.36979287593978,37755
"(0.9290099096728932, 0.9612261904761904)",1,95.36938982415722,37756
"(0.9595374149659864, 0.9612261904761904)",2,95.36936416750112,37758
"(0.9305147058823529, 0.9754464285714284)",1,95.36930906183017,37759
"(0.9235349105085948, 0.9763834422657952)",2,95.3692872513029,37761
"(0.8680075424261471, 0.9667774086378738)",1,95.36917755082668,37762
"(0.809724025974026, 0.9624656593406592)",2,95.36893384723074,37764
"(0.902896642527979, 0.9577861163227016)",1,95.36886842472984,37765
"(0.8577654071075123, 0.9868055555555556)",1,95.368799624887,37766
"(0.8632677198614513, 0.9601840736294516)",2,95.36867954599258,37768
"(0.4896538918597742, 0.9866666666666666)",1,95.36859474905982,37769
"(0.8046935824713601, 1.0)",1,95.36857851034388,37770
"(0.9214157914304304, 0.9618138828565136)",1,95.36837902020676,37771
"(0.9787811022617652, 0.941733479105928)",1,95.36828766302614,37772
"(0.9508739421428176, 0.951596182326806)",1,95.36803155429205,37773
"(0.8534514581026208, 0.9552772808586762)",1,95.36802355398018,37774
"(0.9005147621883774, 0.9555491383616382)",1,95.36796480658823,37775
"(0.8318452380952381, 0.9734722222222224)",1,95.3677929981528,37776
"(0.95, 0.9683214285714286)",1,95.36764063405217,37777
"(0.9432302504125708, 0.9535924585381664)",1,95.36746684808288,37778
"(0.9503404207824095, 0.9625936563436563)",1,95.3673067047891,37779
"(0.876818777829583, 0.9604697507658034)",1,95.36705417899483,37780
"(0.9601840736294516, 0.9425110627765696)",1,95.36695126970324,37781
"(0.8872877323964281, 0.9868055555555556)",1,95.3668869130674,37782
"(0.8424947145877378, 0.9563953488372092)",1,95.36685583695689,37783
"(0.9036544850498338, 0.9774943735933984)",1,95.36682764962153,37784
"(0.8633207015199207, 0.9577759872287582)",1,95.36666470833362,37785
"(0.8503896103896105, 0.9537087912087912)",1,95.36648723220392,37786
"(0.8778976239800449, 0.9612261904761904)",3,95.36645192183916,37789
"(0.6624009467040674, 0.979103928345574)",1,95.36632790470485,37790
"(0.9135802469135802, 1.0)",1,95.36614947522877,37791
"(0.8816793893129771, 0.9577861163227016)",1,95.36603316874408,37792
"(0.767331455231111, 0.9747439067467324)",1,95.36600240483442,37793
"(0.8934374999999999, 0.9637433687002652)",2,95.36582910051467,37795
"(0.8757566103854729, 0.9563953488372092)",1,95.36581985035782,37796
"(0.7971638793175897, 0.9931776662625807)",3,95.36566772001748,37799
"(0.9247241379310346, 0.9624656593406592)",1,95.36536142759655,37800
"(0.9399404761904762, 0.9665714285714284)",2,95.3653297420614,37802
"(0.8265590958605664, 0.9868055555555556)",1,95.3652945456034,37803
"(0.9131805896603988, 0.9692620425004516)",2,95.3651818760682,37805
"(0.9405634236453204, 0.9503723544973544)",1,95.36508611248593,37806
"(0.8443223443223443, 0.9866666666666666)",1,95.3649862116502,37807
"(0.879400973119566, 0.9565375499581746)",1,95.36496147794384,37808
"(0.951596182326806, 0.9608348284368692)",1,95.3648415180266,37809
"(0.930403828197946, 0.9847117794486216)",1,95.3644932192354,37810
"(0.952503401360544, 0.9612261904761904)",1,95.36447202268624,37811
"(0.9189046799105652, 0.9650465046504648)",1,95.3640280559772,37812
"(0.7074854651162791, 0.9550387596899224)",1,95.3639904549186,37813
"(0.9292946051030736, 0.9537087912087912)",1,95.36385633390222,37814
"(0.9577861163227016, 0.962604085919332)",1,95.36362135557992,37815
"(0.9296302734822564, 0.9727638167328804)",1,95.36361089689254,37816
"(0.8946752284039163, 0.95)",1,95.36340595457268,37817
"(0.9333531698462172, 0.9586520604621642)",1,95.3632825229593,37818
"(0.9366629231646204, 0.9696381743256742)",2,95.36301219285124,37820
"(0.9432302504125708, 0.9595374149659864)",1,95.36271435846444,37821
"(0.9149095893513032, 0.9686200438283324)",1,95.36269421950728,37822
"(0.951596182326806, 0.9503404207824095)",1,95.36268529436308,37823
"(0.947866344605475, 0.9525113127828196)",1,95.36257979457396,37824
"(0.9031297003355316, 0.9667774086378738)",1,95.36251717658372,37825
"(0.7078583371333029, 0.9552772808586762)",1,95.36250988897775,37826
"(0.8557760334862528, 0.9648181278609756)",1,95.36246340668322,37827
"(0.8544840720221607, 0.9568870566527607)",3,95.36245507583732,37830
"(0.8799035686171609, 0.9574505911522484)",1,95.3621871695476,37831
"(0.7765567765567766, 1.0)",1,95.36188500325188,37832
"(0.8731395923480499, 0.9651951748860688)",1,95.36176914079375,37833
"(0.7413196411832449, 0.97901073024607)",2,95.36158470029352,37835
"(0.8778976239800449, 0.9650363879165252)",1,95.36138458221194,37836
"(0.4607310363833163, 0.9887534771057978)",1,95.36136630854104,37837
"(0.8889459760512393, 0.9727980080921256)",1,95.36116877705877,37838
"(0.5662654939315176, 0.9747439067467324)",1,95.3609200804976,37839
"(0.9176086048454468, 0.9647156084656086)",2,95.36086916524285,37841
"(0.8956505897276728, 0.960607978267748)",1,95.3608394094772,37842
"(0.7162037037037038, 1.0)",2,95.3607018877855,37844
"(0.9374844260560896, 0.9574505911522484)",1,95.36056173856872,37845
"(0.744850256280111, 0.9693656348402558)",4,95.3603109659048,37849
"(0.9002770083102493, 0.9649122807017544)",1,95.3602644820578,37850
"(0.8765565134099617, 0.9734722222222224)",1,95.36008097482878,37851
"(0.9399404761904762, 0.952503401360544)",1,95.3600510851538,37852
"(0.9495131982526256, 0.960607978267748)",1,95.36003149223797,37853
"(0.7490105108647218, 0.960414372935642)",1,95.35994589759416,37854
"(0.8988571428571429, 0.9565375499581746)",1,95.35979742126408,37855
"(0.9393939393939392, 0.9576029606661498)",1,95.35972603236578,37856
"(0.9405634236453204, 0.9754464285714284)",1,95.35964626337444,37857
"(0.95474577471438, 0.9574505911522484)",1,95.35957836789382,37858
"(0.8160648148148147, 0.9868055555555556)",1,95.35948101856552,37859
"(0.913324175824176, 0.9507857142857142)",1,95.35946929038532,37860
"(0.8851067942942943, 0.9751052302805668)",2,95.35903721031318,37862
"(0.9206668561144264, 0.9807407407407408)",1,95.3589336505216,37863
"(0.6396617032392895, 0.9879464285714284)",1,95.35882474552425,37864
"(0.9327249496289745, 0.9705813553491572)",1,95.35875048217466,37865
"(0.7578281449973651, 0.9777871326875917)",4,95.35859704666886,37869
"(0.7835917312661498, 0.9546136534133534)",1,95.35856998613004,37870
"(0.8707729468599035, 0.9734722222222224)",2,95.35856406545734,37872
"(0.9738562091503268, 0.9879901960784314)",2,95.35850116247798,37874
"(0.8880350522413213, 0.9667774086378738)",1,95.35849500097235,37875
"(0.8798475538617097, 0.9550387596899224)",1,95.35842862939414,37876
"(0.8584326321395287, 0.9565375499581746)",1,95.3582860952989,37877
"(0.8503896103896105, 0.943792719255964)",1,95.35817527443449,37878
"(0.8744995950480157, 0.965497521921464)",1,95.35813019348222,37879
"(0.8896310286935287, 0.95)",1,95.3581280435623,37880
"(0.8133720930232559, 0.9667774086378738)",1,95.35812415448382,37881
"(0.8036397334279742, 0.950721153846154)",1,95.3579617293996,37882
"(0.9011130817686992, 0.9635619016637234)",1,95.35788354924934,37883
"(0.9618138828565136, 0.950682393081946)",1,95.35782662075208,37884
"(0.8761348091033453, 0.9774943735933984)",1,95.35774421607482,37885
"(0.913324175824176, 0.9507857142857142)",1,95.3576978839926,37886
"(0.8804026684717579, 0.9709493330001806)",4,95.35755218157976,37890
"(0.9064516129032258, 0.9503723544973544)",1,95.35754604781437,37891
"(0.9214457417582416, 0.9647217861503576)",1,95.35726452172229,37892
"(0.875402576489533, 0.9506818181818182)",2,95.35717104100353,37894
"(0.7913896766874646, 0.965497521921464)",1,95.35696610207896,37895
"(0.8247203796730593, 0.9634384628873468)",1,95.35692754909,37896
"(0.9232966136270908, 0.9477798624140088)",3,95.3566240671902,37899
"(0.8581587837837837, 0.9754464285714284)",1,95.35660277096204,37900
"(0.8800348809368335, 0.9740643495864882)",1,95.35653329383014,37901
"(0.5223765432098765, 0.9868055555555556)",1,95.3564398093352,37902
"(0.9541309523809522, 0.9595374149659864)",1,95.35634071075232,37903
"(0.8581587837837837, 0.9754464285714284)",1,95.35622204425664,37904
"(0.8952569169960475, 0.9577861163227016)",1,95.3562119567246,37905
"(0.7659052711993889, 0.962912087912088)",1,95.35619645558263,37906
"(0.8860693400167085, 0.956140350877193)",2,95.35607956448476,37908
"(0.9391627846790888, 0.9565375499581746)",1,95.3559564200351,37909
"(0.8439572704081633, 0.9574505911522484)",6,95.35594526913904,37915
"(0.8373852304418176, 0.9577759872287582)",1,95.3557778927038,37916
"(0.8132390951302638, 0.9610152916073968)",1,95.35556104918037,37917
"(0.6817662805944057, 0.9754464285714284)",1,95.35547754579996,37918
"(0.9386363636363636, 0.9637433687002652)",2,95.35544852504027,37920
"(0.8008373205741627, 0.9694279341856143)",1,95.3551625556671,37921
"(0.8382070683036705, 0.9651951748860688)",1,95.35494195186835,37922
"(0.9886710239651416, 0.8854184704184704)",1,95.35480529145346,37923
"(0.8516362734449852, 0.9577759872287582)",1,95.3546044670374,37924
"(0.8634436934356743, 0.9550387596899224)",1,95.35445131260786,37925
"(0.7349551414768807, 0.9743589743589745)",1,95.35438836363224,37926
"(0.9665714285714284, 0.9612261904761904)",1,95.35435086588608,37927
"(0.9555491383616382, 0.9537087912087912)",1,95.35432678431874,37928
"(0.8359801366832195, 0.953556570960922)",1,95.35423513631164,37929
"(0.9055383852258851, 0.9635619016637234)",1,95.35411750707932,37930
"(0.8873696614492484, 0.9516760651629074)",1,95.35398572236406,37931
"(0.4432805247702946, 0.9868055555555556)",1,95.3539542539414,37932
"(0.8870067649538378, 0.9667774086378738)",1,95.353497470223,37933
"(0.9318646435925092, 0.9612261904761904)",1,95.35336411035289,37934
"(0.9504053648283456, 0.9526018354129678)",3,95.3531001961814,37937
"(0.8584010840108401, 0.9868055555555556)",1,95.35308956665322,37938
"(0.8400808029318731, 0.9706134123603892)",4,95.35297300529272,37942
"(0.7455997034462181, 0.9689231389998408)",4,95.35295230197087,37946
"(0.731807951987997, 0.965497521921464)",1,95.35283320991304,37947
"(0.9657079385975222, 0.9536498942777852)",1,95.35262996327164,37948
"(0.8535457949758153, 0.9868055555555556)",1,95.35252144869058,37949
"(0.8602450419527078, 0.9692634363686996)",1,95.3525020814735,37950
"(0.8806818181818181, 0.9868055555555556)",1,95.35243839634272,37951
"(0.9283194472668156, 0.9635619016637234)",2,95.3522897610012,37953
"(0.9259560057540158, 0.9657079385975222)",1,95.3522871942213,37954
"(0.5840730904484518, 0.9577759872287582)",3,95.35212689779044,37957
"(0.9092261904761906, 0.9734722222222224)",1,95.35209004542564,37958
"(0.9344155844155844, 0.951596182326806)",1,95.3518946863872,37959
"(0.7895348837209303, 0.9767441860465116)",1,95.35187556110633,37960
"(0.7644216248867413, 0.9667774086378738)",1,95.35160351552771,37961
"(0.7487501664809803, 0.9682625956562128)",4,95.3515370246503,37965
"(0.8604651162790697, 0.9774943735933984)",1,95.35147346021722,37966
"(0.8864832156597472, 0.9541309523809522)",4,95.351428476061,37970
"(0.9463327370304114, 0.9885627144491042)",1,95.35135584234716,37971
"(0.7951423097974822, 0.9734722222222224)",2,95.35132340285064,37973
"(0.9584283173426188, 0.9584283173426188)",1,95.35129015389948,37974
"(0.8737236721611722, 0.9612261904761904)",1,95.35113303648733,37975
"(0.8521317829457364, 0.9885627144491042)",2,95.35079766225164,37977
"(0.8816773504273504, 0.9574505911522484)",2,95.3507746836122,37979
"(0.7167919799498746, 1.0)",1,95.35073895763662,37980
"(0.8353118227451768, 0.9651951748860688)",1,95.35048608158267,37981
"(0.8720649550142637, 0.9635619016637234)",1,95.35038734984356,37982
"(0.917531186761956, 0.955)",1,95.35038412002872,37983
"(0.9133939644481192, 0.9577861163227016)",2,95.35025927708855,37985
"(0.9252046422964788, 0.95)",1,95.34992329542246,37986
"(0.9841269841269842, 1.0)",1,95.34980935686356,37987
"(0.9154678277085488, 0.9608348284368692)",1,95.34973092543326,37988
"(0.8604896273405435, 0.9784210505207688)",2,95.34971698269582,37990
"(0.9432302504125708, 0.9625936563436563)",3,95.349571157058,37993
"(0.9565375499581746, 0.9537087912087912)",1,95.34944480685492,37994
"(0.9306746031746032, 1.0)",1,95.34931180928224,37995
"(0.8312992626493769, 1.0)",1,95.3492161019474,37996
"(0.9111616775696132, 0.9635619016637234)",3,95.349202257869,37999
"(0.6851810692271219, 0.9788110478899952)",3,95.34911240435828,38002
"(0.8361910413576099, 0.9683881705111624)",1,95.34909446633624,38003
"(0.9555491383616382, 0.9650363879165252)",1,95.34907180941228,38004
"(0.875, 1.0)",1,95.34890247352702,38005
"(0.9577861163227016, 0.9511278195488724)",1,95.34861064581804,38006
"(1.0, 1.0)",1,95.3485421872496,38007
"(0.8870934646557915, 0.9651951748860688)",1,95.34844946656348,38008
"(0.8704970635597233, 0.9868055555555556)",1,95.34833719885414,38009
"(0.9218655816757084, 0.9707309941520468)",1,95.34825545131436,38010
"(0.8330439814814815, 0.9868055555555556)",2,95.34803194206803,38012
"(0.947191237061602, 0.9551820728291316)",1,95.34792696652758,38013
"(0.8961538461538462, 0.9624656593406592)",2,95.34768821811562,38015
"(0.919687006945461, 0.9743589743589745)",2,95.34764753542748,38017
"(0.8490131578947369, 0.9647321428571428)",1,95.34757539307353,38018
"(0.8734364847303443, 0.9651951748860688)",3,95.34755846876678,38021
"(0.8832713293650792, 0.9565375499581746)",1,95.34750444080882,38022
"(0.8544840720221607, 0.9648977033360302)",1,95.34745624695012,38023
"(0.8439572704081633, 0.95)",1,95.34744680946868,38024
"(0.8046779964221825, 0.9767441860465116)",1,95.34722630866062,38025
"(0.8607558212871163, 0.9551820728291316)",1,95.34718298226912,38026
"(0.731807951987997, 0.965497521921464)",1,95.346913065551,38027
"(0.8597992596530608, 0.9736842105263158)",1,95.34691018671714,38028
"(0.9023026315789472, 0.9754464285714284)",1,95.34689335797542,38029
"(0.7413014722797331, 0.9866666666666666)",2,95.34687771706108,38031
"(0.7423427395649618, 0.9868055555555556)",1,95.3466547025845,38032
"(0.6732790275608831, 0.9307258632840028)",1,95.34662997726896,38033
"(0.5840730904484518, 0.9658154816997468)",1,95.34649596859808,38034
"(0.9526018354129678, 0.9551820728291316)",1,95.34632297126628,38035
"(0.952503401360544, 0.9595374149659864)",1,95.34629511154358,38036
"(0.9450706646294882, 0.9612261904761904)",1,95.34602601905031,38037
"(0.9696969696969696, 1.0)",1,95.34599835036391,38038
"(0.9292946051030736, 0.9650363879165252)",1,95.34595949645993,38039
"(0.8693120323003425, 0.9650363879165252)",1,95.3458467293364,38040
"(0.9499194985912254, 0.9688819909986466)",1,95.34584455391004,38041
"(0.7074854651162791, 0.9550387596899224)",1,95.34582842184032,38042
"(0.8621651785714286, 0.9612261904761904)",2,95.34582159434495,38044
"(0.93916595083917, 0.95)",1,95.3458079112294,38045
"(0.9259031198686372, 0.96004600460046)",2,95.34575027878562,38047
"(0.8133720930232559, 0.9667774086378738)",2,95.34519207565154,38049
"(0.8429058758006126, 0.9694095827515072)",1,95.34517302495225,38050
"(0.773034398034398, 1.0)",1,95.34509911595964,38051
"(0.8339212842322631, 0.9774943735933984)",1,95.34497685472073,38052
"(0.8786453242098404, 0.9866666666666666)",1,95.3448168715744,38053
"(0.916543374925728, 0.9807407407407408)",1,95.34479691139886,38054
"(0.8782163096650154, 0.9737148229943366)",1,95.34475714140828,38055
"(0.9168478260869564, 1.0)",1,95.34464983691196,38056
"(0.8288330592122024, 0.9981047033236162)",2,95.34459213556278,38058
"(0.8887419165196943, 0.9722222222222222)",1,95.3443442193846,38059
"(0.8344950967399947, 0.9612261904761904)",3,95.34420685658294,38062
"(0.8642588614393125, 0.9560805836777236)",2,95.34411025046305,38064
"(0.7613039621525723, 0.9651951748860688)",3,95.34406336330302,38067
"(0.8232281991085706, 0.96004600460046)",1,95.34405843771113,38068
"(0.8722453294915884, 0.9635619016637234)",3,95.3440547903564,38071
"(0.8917857142857143, 0.9612261904761904)",1,95.34367857792252,38072
"(0.8113181219906367, 0.9868055555555556)",2,95.34341536031646,38074
"(0.7690274841437632, 0.9774943735933984)",1,95.34334040321772,38075
"(0.9283965728274174, 0.955045504550455)",1,95.3431802767004,38076
"(0.8666060577471494, 0.9550387596899224)",1,95.34296773166264,38077
"(0.8786454023420848, 0.962604085919332)",1,95.3429649553138,38078
"(0.9495131982526256, 0.9535924585381664)",3,95.34278550900326,38081
"(0.9591269841269842, 0.974656862745098)",1,95.34272575011067,38082
"(0.9565375499581746, 0.9721176108033788)",1,95.34263954963102,38083
"(0.7078583371333029, 0.9552772808586762)",1,95.34260538440516,38084
"(0.8288590711201375, 0.9633259863414018)",1,95.34255911689198,38085
"(0.8946752284039163, 0.9541309523809522)",1,95.34246991020964,38086
"(0.8584326321395287, 0.9612261904761904)",1,95.34240068603152,38087
"(0.8602750753767079, 0.9732525487304656)",2,95.34217560008346,38089
"(0.9001409893736627, 0.95474577471438)",1,95.3421183460456,38090
"(0.9696969696969696, 0.9841269841269842)",1,95.34201961871058,38091
"(0.9003322259136212, 0.9667774086378738)",2,95.34200487096162,38093
"(0.93916595083917, 0.9571428571428572)",1,95.34197803192396,38094
"(0.9465769388085848, 0.9462631140307872)",1,95.34164529743911,38095
"(0.9346399099774944, 0.9667774086378738)",1,95.34157110055136,38096
"(0.7520143475215834, 0.943982716990723)",1,95.34152436264264,38097
"(0.9138356017575824, 0.9774943735933984)",1,95.34138919212398,38098
"(0.961342940685046, 0.9579966888808584)",2,95.34136151332984,38100
"(0.8707729468599035, 0.9734722222222224)",1,95.34128700668587,38101
"(0.9122449314178318, 0.961770130454341)",1,95.34128002633904,38102
"(0.9450706646294882, 0.9534840838509316)",1,95.34124462675476,38103
"(0.8564749883122954, 0.953054992365648)",1,95.3411211108698,38104
"(0.9428823795600112, 0.9694095827515072)",1,95.34103228569953,38105
"(0.8721161002232697, 0.9577861163227016)",1,95.34096996805437,38106
"(0.7827659652601814, 0.9557291666666669)",1,95.34085197488432,38107
"(0.8379287658123746, 0.9575114377859448)",1,95.34069830240242,38108
"(0.95004500450045, 0.9551820728291316)",1,95.34048658544891,38109
"(0.863739209133946, 0.9740643495864882)",3,95.34048185284216,38112
"(0.8867623604465709, 1.0)",1,95.34030708430744,38113
"(0.9095668859649124, 0.961770130454341)",3,95.34028474504854,38116
"(0.9005147621883774, 0.9541309523809522)",1,95.34024030204708,38117
"(0.7074854651162791, 0.9550387596899224)",1,95.34023642915412,38118
"(0.8353118227451768, 0.9658154816997468)",1,95.34005687716584,38119
"(0.5542859341335796, 0.9740643495864882)",1,95.34005370179,38120
"(0.8766755371575004, 0.969913169748696)",1,95.34002917433553,38121
"(0.5211166106279468, 0.9741015490533562)",1,95.33997422735486,38122
"(0.8895225947521866, 0.9565375499581746)",1,95.33997241260224,38123
"(0.8273891966759003, 0.9605856647968066)",3,95.33992431599076,38126
"(0.8322048866647042, 0.9774943735933984)",1,95.33979627423706,38127
"(0.8800348809368335, 0.9564964624817116)",1,95.3396556910934,38128
"(0.89246409531063, 0.9485046203796204)",1,95.3396213043886,38129
"(0.8193990410809632, 0.961770130454341)",1,95.33944502933304,38130
"(0.8896310286935287, 0.9650363879165252)",1,95.33944444253328,38131
"(0.9565375499581746, 0.9534623492499265)",1,95.3393164883364,38132
"(0.8123371647509577, 0.9868055555555556)",1,95.33925464752303,38133
"(0.9001409893736627, 0.9565375499581746)",1,95.33916141463423,38134
"(0.8622222222222222, 1.0)",1,95.33908805097212,38135
"(0.8520449077786689, 0.9892665474060824)",1,95.33905225027216,38136
"(0.7729653996101365, 0.9692634363686996)",1,95.33903307249813,38137
"(0.9133939644481192, 0.9584283173426188)",1,95.33898551375684,38138
"(0.9185588416618146, 0.9541309523809522)",1,95.33897206904862,38139
"(0.9259560057540158, 0.9749660326086956)",1,95.33894361598078,38140
"(0.8348214285714286, 0.9625115627890696)",1,95.33881810585665,38141
"(0.8831064306064307, 0.9868055555555556)",1,95.33876086938793,38142
"(0.8956505897276728, 0.9565375499581746)",1,95.33870498336356,38143
"(0.8402777777777779, 1.0)",1,95.33869217803948,38144
"(0.8912382111347733, 0.9782702035744222)",4,95.33864199494695,38148
"(0.9570332480818412, 0.9473039215686276)",5,95.33856094090538,38153
"(0.8339212842322631, 0.9550387596899224)",1,95.33851808272604,38154
"(0.944540304191448, 0.9565375499581746)",1,95.33847452680284,38155
"(0.9611528822055138, 0.955045504550455)",2,95.33829895510902,38157
"(0.7874684689479005, 0.9667081046663232)",1,95.33827205356975,38158
"(0.5038436333977088, 0.98)",1,95.33820734789884,38159
"(0.9464473684210528, 0.9581011351909186)",1,95.33817913300294,38160
"(0.842841064926467, 0.9780571219715956)",1,95.33816772025855,38161
"(0.931377923976608, 0.9780571219715956)",1,95.33813229294375,38162
"(0.8427109974424554, 0.9554098688819938)",1,95.33808299725304,38163
"(0.8069104052936311, 0.9969662414915996)",3,95.33805792748528,38166
"(0.9462631140307872, 0.9612261904761904)",4,95.33792087385464,38170
"(0.8250479193421631, 0.9931818181818182)",2,95.33790907359788,38172
"(0.8680075424261471, 0.965497521921464)",1,95.33764063319732,38173
"(0.8305244327276152, 0.9667774086378738)",1,95.33762368693117,38174
"(0.7862679955703211, 0.9667774086378738)",1,95.33759807348422,38175
"(0.7951423097974822, 0.9734722222222224)",1,95.33751401716302,38176
"(0.8273348098929494, 0.9550387596899224)",1,95.33747445525124,38177
"(0.9606447334368527, 0.9579966888808584)",2,95.33746351440796,38179
"(1.0, 1.0)",1,95.3373862584389,38180
"(0.9408601779678556, 0.9537087912087912)",2,95.33722377866944,38182
"(0.8932369004949651, 0.9868055555555556)",1,95.33712474833315,38183
"(0.8750600325600326, 1.0)",1,95.3368837306564,38184
"(0.8448736477904788, 0.977638640429338)",1,95.3366975078308,38185
"(0.7745765275257108, 0.9648977033360302)",1,95.33656747682215,38186
"(0.8557504873294346, 0.969913169748696)",1,95.33654562631165,38187
"(0.9561403508771932, 0.9577861163227016)",1,95.33653366023648,38188
"(0.8460304731355253, 0.9767441860465116)",1,95.33650480441248,38189
"(0.9289529914529916, 1.0)",1,95.33646825969991,38190
"(0.8466433806991083, 0.950721153846154)",1,95.33643747180832,38191
"(0.9247241379310346, 0.9638392857142858)",1,95.3363619060283,38192
"(0.8078308130291714, 0.9885627144491042)",1,95.33617334352692,38193
"(0.7325581395348837, 0.9667774086378738)",1,95.33603653343243,38194
"(0.8361410189075631, 0.9507857142857142)",2,95.33596964786231,38196
"(0.9612261904761904, 0.9696381743256742)",1,95.33578713719898,38197
"(0.9253196022727272, 0.9612261904761904)",1,95.33567025742036,38198
"(0.9465769388085848, 0.9650363879165252)",1,95.3355247783473,38199
"(0.8807058823529411, 0.9569461827284104)",1,95.33552119977428,38200
"(0.8920200638394893, 0.9552772808586762)",1,95.33542562739352,38201
"(0.9011130817686992, 0.960607978267748)",1,95.3352489219478,38202
"(0.8742045454545455, 0.9767241379310344)",2,95.33513161317238,38204
"(0.8763636363636363, 1.0)",2,95.33510288236276,38206
"(0.9520261437908496, 0.9628070175438596)",1,95.3349909534778,38207
"(0.896551724137931, 1.0)",1,95.33491685784917,38208
"(0.9635619016637234, 0.9595374149659864)",1,95.3348662743106,38209
"(0.8063349885408708, 0.9767241379310344)",1,95.3348180027766,38210
"(0.9192180611357128, 0.9885627144491042)",2,95.33466102118872,38212
"(0.9827450980392156, 0.8302026326814104)",1,95.33464701585784,38213
"(0.9319444444444444, 0.9743589743589745)",1,95.33460786644898,38214
"(0.8284936934226033, 0.9551820728291316)",1,95.3344927889257,38215
"(0.8551296720061023, 1.0)",2,95.33438301403014,38217
"(0.8550741594067247, 0.9885627144491042)",1,95.33432215551838,38218
"(0.8351693186454507, 0.9767441860465116)",1,95.3342800119527,38219
"(0.8220666839087891, 0.9694279341856143)",1,95.33411122494051,38220
"(0.8961538461538462, 0.9754464285714284)",1,95.33406971530188,38221
"(0.9302579365079364, 0.9748677248677248)",1,95.33375719550952,38222
"(0.7646229739252995, 0.9774943735933984)",1,95.33368804623576,38223
"(0.9399404761904762, 0.9635619016637234)",1,95.33361883950224,38224
"(0.8305168558651531, 0.9868055555555556)",1,95.33361260617296,38225
"(0.8604651162790697, 0.9667774086378738)",1,95.33360077030012,38226
"(0.96004600460046, 0.9475111877796946)",1,95.33357795533452,38227
"(0.8860640954495006, 0.9571428571428572)",1,95.3334389929099,38228
"(0.8247203796730593, 0.9576029606661498)",1,95.33330229937296,38229
"(0.9001409893736627, 0.9508739421428176)",1,95.33307759740306,38230
"(0.849779303236048, 0.972671766050006)",1,95.333054800378,38231
"(0.8556359577292395, 0.9472634640194172)",1,95.33305472367574,38232
"(0.7857685181893916, 0.9896327620258416)",1,95.33304340384898,38233
"(0.8304018976011457, 0.969913169748696)",1,95.33281641172744,38234
"(0.8170400723750731, 0.965497521921464)",1,95.33269540146767,38235
"(0.95474577471438, 0.9696381743256742)",1,95.33237588538309,38236
"(0.7336609336609335, 0.976470588235294)",1,95.33190955538625,38237
"(0.7458162420794, 0.9711156783125784)",1,95.33187080411116,38238
"(0.8424947145877378, 0.9667774086378738)",2,95.33165079346188,38240
"(0.9366629231646204, 0.9643596441509156)",1,95.33155333106416,38241
"(0.9011130817686992, 0.9548607757926928)",1,95.33137794224668,38242
"(0.9432302504125708, 0.9643596441509156)",1,95.33132038899276,38243
"(0.8905936111818465, 0.9882352941176472)",1,95.33128456228728,38244
"(0.8556083495776478, 0.9651951748860688)",1,95.331204484223,38245
"(0.8895225947521866, 0.9535924585381664)",1,95.33116187873088,38246
"(0.8871004696987055, 0.9550387596899224)",2,95.3309943792126,38248
"(0.8713213409717444, 0.969913169748696)",1,95.33096052437516,38249
"(0.8586291309669523, 0.9774943735933984)",1,95.3309127619685,38250
"(0.9032873606650292, 0.9574505911522484)",1,95.33078220945256,38251
"(0.8946752284039163, 0.9432302504125708)",1,95.330672497456,38252
"(0.9704892057833234, 0.996078431372549)",2,95.33067102404156,38254
"(0.8533773606766307, 0.955045504550455)",1,95.33064302292225,38255
"(0.9447018709564609, 0.965497521921464)",1,95.33062808262858,38256
"(0.8420816654009687, 0.9737148229943366)",3,95.33043858326928,38259
"(0.8908978391208922, 0.965734803382064)",4,95.33034974508844,38263
"(0.9078944034861038, 0.962604085919332)",1,95.33013362477064,38264
"(0.7244470477201432, 0.9676157021969108)",1,95.33006727814652,38265
"(0.9185588416618146, 0.9665714285714284)",1,95.3300650559431,38266
"(0.926440329218107, 0.9651951748860688)",1,95.32996137648306,38267
"(0.809724025974026, 0.9754464285714284)",1,95.32980665962472,38268
"(0.8070702269142443, 1.0)",3,95.32964900624236,38271
"(0.7111225328947369, 0.9568870566527607)",2,95.32946238047208,38273
"(0.8582837837837838, 0.9754464285714284)",1,95.32941402454108,38274
"(0.8132390951302638, 0.9658154816997468)",3,95.32940219283378,38277
"(0.896551724137931, 1.0)",1,95.3292665614136,38278
"(0.867704307568438, 0.9734722222222224)",1,95.3290622220122,38279
"(0.9088431305536568, 0.9782702035744222)",1,95.32891667117646,38280
"(0.9393939393939392, 0.9475111877796946)",2,95.32889587589816,38282
"(0.8680075424261471, 0.9667774086378738)",1,95.32889463716798,38283
"(0.8131868131868132, 0.9561403508771932)",1,95.3288543404663,38284
"(0.8305244327276152, 0.9667774086378738)",1,95.32856970200991,38285
"(0.9428823795600112, 0.9521174134660976)",1,95.32820614294457,38286
"(0.8126903630604289, 0.9667712327175554)",1,95.32813865104583,38287
"(0.8763636363636363, 1.0)",1,95.32784867306609,38288
"(0.9088431305536568, 0.9564964624817116)",1,95.32754074178494,38289
"(0.927910199556541, 0.9645607615220874)",1,95.32750560141628,38290
"(0.961342940685046, 0.9503404207824095)",1,95.32746677407393,38291
"(0.9172932330827066, 1.0)",1,95.32745260526394,38292
"(0.8531211750305999, 0.9774943735933984)",1,95.32739922751624,38293
"(0.838693576388889, 1.0)",2,95.32738784780452,38295
"(0.9678608196882048, 0.975060054907344)",1,95.32736349548614,38296
"(0.9135802469135802, 1.0)",1,95.32731338223174,38297
"(0.782596024946086, 0.9667774086378738)",1,95.327289285793,38298
"(0.9541309523809522, 0.9606447334368527)",1,95.32719721655738,38299
"(0.8627653708298868, 0.9734722222222224)",2,95.32715543837608,38301
"(0.9152165481577246, 0.952503401360544)",1,95.32710685663278,38302
"(0.9721176108033788, 0.9537087912087912)",1,95.3270605079111,38303
"(0.9574505911522484, 0.9433680972830336)",1,95.32695044633746,38304
"(0.8778462998102468, 0.9866666666666666)",1,95.32692439204727,38305
"(0.9027617951668586, 0.947866344605475)",1,95.32689323177884,38306
"(0.8762664758354415, 0.9414601023976022)",1,95.32680309418971,38307
"(0.8232281991085706, 0.9576029606661498)",6,95.32677999266257,38313
"(0.8732558430822417, 0.953054992365648)",1,95.3266876498182,38314
"(0.9092261904761906, 0.9734722222222224)",2,95.32657168240183,38316
"(0.9090909090909092, 0.955045504550455)",1,95.326527340163,38317
"(0.7753527336860669, 0.9868055555555556)",1,95.32652518105664,38318
"(0.9363636363636364, 1.0)",1,95.32646172457298,38319
"(0.8240047299960582, 0.9552772808586762)",1,95.32636773941417,38320
"(0.915422077922078, 0.9624656593406592)",1,95.32630953266532,38321
"(0.8563074352548036, 0.9868055555555556)",2,95.32627359700496,38323
"(0.9541309523809522, 0.9606615844690656)",1,95.3261690438872,38324
"(0.8627653708298868, 0.9734722222222224)",1,95.32616241951462,38325
"(0.9476776665722468, 0.9590584415584414)",1,95.3261598767904,38326
"(0.8917857142857143, 0.9612261904761904)",3,95.32600838836584,38329
"(0.8221014871827105, 0.9732854399960532)",4,95.32595286022148,38333
"(0.854478432131113, 0.969913169748696)",1,95.32595023120122,38334
"(0.8429058758006126, 0.9694279341856143)",3,95.32590770925503,38337
"(0.498048399687744, 0.9667774086378738)",1,95.32587284187714,38338
"(0.8520449077786689, 0.9885627144491042)",2,95.32562607084988,38340
"(0.926045751633987, 0.9886710239651416)",1,95.32561897097582,38341
"(0.7349551414768807, 0.9743589743589745)",1,95.32518172647832,38342
"(0.9612261904761904, 0.9612261904761904)",1,95.3249418489972,38343
"(0.8750423764725823, 0.9610152916073968)",1,95.32474826147774,38344
"(0.9367114963691102, 0.9625936563436563)",1,95.32459771737794,38345
"(0.9302579365079364, 1.0)",2,95.32447311069876,38347
"(0.7690274841437632, 0.9774943735933984)",1,95.3240616643685,38348
"(0.9027274557165862, 1.0)",1,95.32392996046975,38349
"(0.7835917312661498, 0.9546136534133534)",1,95.3238089596955,38350
"(0.8946752284039163, 0.9574505911522484)",1,95.32375843112337,38351
"(0.9003322259136212, 0.9774943735933984)",1,95.3237192362717,38352
"(0.7646229739252995, 0.9774943735933984)",1,95.32355344758707,38353
"(0.8941062801932367, 0.9729166666666668)",1,95.32347460750005,38354
"(0.9925925925925926, 0.9847494553376906)",1,95.32340383258118,38355
"(0.7925825464094582, 0.969913169748696)",1,95.32322204012054,38356
"(0.8376068376068376, 1.0)",1,95.3232133157901,38357
"(0.9235874607931364, 0.9537087912087912)",1,95.32314112106474,38358
"(0.8993274485077766, 0.9675116877921948)",1,95.323105212944,38359
"(0.9803376906318084, 0.996078431372549)",4,95.3229882487308,38363
"(0.8327485380116959, 0.969913169748696)",1,95.32295267319158,38364
"(0.9003322259136212, 0.9667774086378738)",2,95.32294430843838,38366
"(0.9370015948963316, 0.9841269841269842)",1,95.32279020348258,38367
"(0.7745765275257108, 0.9736842105263158)",1,95.32269707590504,38368
"(0.9185588416618146, 0.9565375499581746)",1,95.32254766431448,38369
"(0.9508739421428176, 0.9574505911522484)",1,95.32248597371124,38370
"(0.951596182326806, 0.9565375499581746)",3,95.32237289366309,38373
"(0.8467473884140551, 0.9866666666666666)",2,95.32215091750992,38375
"(0.9485046203796204, 0.9595374149659864)",1,95.32180363610114,38376
"(0.8533333333333333, 0.9506818181818182)",2,95.32178771779124,38378
"(0.9005147621883774, 0.951596182326806)",1,95.3217742550856,38379
"(0.8849342770475228, 0.965497521921464)",1,95.3217386730877,38380
"(0.950682393081946, 0.9642857142857144)",3,95.32167939934509,38383
"(0.7987835673811283, 0.9734722222222224)",2,95.32164198813832,38385
"(0.8832713293650792, 0.9586520604621642)",1,95.32157062071668,38386
"(0.8837209302325582, 0.9667774086378738)",2,95.32155784770066,38388
"(0.9253196022727272, 0.9498577524893316)",1,95.32152199354675,38389
"(0.9154678277085488, 0.9574568288854002)",1,95.32151631200402,38390
"(0.9541309523809522, 0.9537087912087912)",1,95.32134475213388,38391
"(0.8753753753753755, 0.9580611248779756)",3,95.32125704833494,38394
"(0.822094298245614, 0.9554098688819938)",1,95.32124192618298,38395
"(0.7319111444111444, 0.9866666666666666)",1,95.32121389197816,38396
"(0.9104761904761904, 0.9748677248677248)",1,95.32116068601998,38397
"(0.7257988721804511, 0.969913169748696)",3,95.32108653862518,38400
"(0.9525862068965518, 0.9637433687002652)",1,95.32103630600837,38401
"(0.8581587837837837, 0.9754464285714284)",1,95.32100395391925,38402
"(0.7825263949961201, 0.9552772808586762)",1,95.32057896153444,38403
"(0.9584283173426188, 0.9538729657213072)",3,95.31991739453848,38406
"(0.9433680972830336, 0.9688819909986466)",1,95.31988055855992,38407
"(0.8915343915343915, 1.0)",2,95.31985366662715,38409
"(0.8427109974424554, 0.9551820728291316)",1,95.31973568021296,38410
"(0.9027777777777778, 0.9734722222222224)",1,95.31948135013532,38411
"(0.9499369338378628, 0.9781614000609122)",1,95.31926067681798,38412
"(0.9360538014841208, 0.9579551650296714)",1,95.31895135556988,38413
"(0.5951421188630491, 0.9767441860465116)",2,95.31894361575586,38415
"(0.920373952288846, 0.9475111877796946)",1,95.3188806909829,38416
"(0.8956505897276728, 0.9657079385975222)",6,95.31886355549814,38422
"(0.9302579365079364, 1.0)",1,95.31833138160276,38423
"(0.8939103272888103, 0.9470357142857144)",1,95.31809426793323,38424
"(0.984313725490196, 0.9919117647058824)",1,95.3178387006164,38425
"(0.8943833943833944, 0.9841269841269842)",1,95.31779019664692,38426
"(0.8988571428571429, 0.9565375499581746)",4,95.31768204244185,38430
"(0.896551724137931, 1.0)",1,95.31761453072708,38431
"(0.9045169946332738, 0.9667774086378738)",1,95.31745002617048,38432
"(0.9047341820740836, 0.945469387755102)",1,95.31724448911088,38433
"(0.9315535929345644, 0.9575114377859448)",1,95.31723668171873,38434
"(0.9032873606650292, 0.9696381743256742)",1,95.3171929284599,38435
"(0.9135802469135802, 1.0)",1,95.31705729274356,38436
"(0.6817662805944057, 0.9624656593406592)",1,95.3170067457102,38437
"(0.8065179582561031, 0.9722981344920192)",1,95.31698297703508,38438
"(0.9351326548694968, 0.9788235294117648)",1,95.31685349218812,38439
"(0.9047619047619048, 0.9841269841269842)",1,95.3168093313022,38440
"(0.916550925925926, 0.9868055555555556)",1,95.31668678984424,38441
"(0.8858975827700768, 1.0)",1,95.3165463718408,38442
"(0.8786454023420848, 0.9577861163227016)",1,95.31651681584748,38443
"(0.7747790017679859, 0.9552772808586762)",1,95.31646436630987,38444
"(0.9263477887938646, 0.9551820728291316)",1,95.31639564278572,38445
"(0.8344950967399947, 0.9612261904761904)",1,95.3161866009092,38446
"(0.9612261904761904, 0.9541309523809522)",2,95.31611553097078,38448
"(0.8331510966959883, 0.969913169748696)",3,95.31609057848848,38451
"(0.7566647759500852, 0.9415378750109974)",1,95.3160826386286,38452
"(0.8473809523809523, 0.9754464285714284)",1,95.31596674595302,38453
"(0.8734582431032859, 0.9667774086378738)",1,95.31564823320494,38454
"(0.8952569169960475, 0.9584283173426188)",1,95.31553543734024,38455
"(0.8720649550142637, 0.9625936563436563)",3,95.31541843914326,38458
"(0.9606447334368527, 0.9606447334368527)",3,95.31540197036934,38461
"(0.9032873606650292, 0.9574505911522484)",1,95.31536065914167,38462
"(0.9420000000000002, 0.9624821937321938)",1,95.31534308467724,38463
"(0.8721161002232697, 0.9577861163227016)",2,95.31524435738368,38465
"(0.931377923976608, 0.9739630931081678)",1,95.31509036147624,38466
"(0.916096001118324, 0.9555491383616382)",1,95.31508545310794,38467
"(0.903764513477412, 0.9535924585381664)",1,95.31504669129346,38468
"(0.9432302504125708, 0.9595374149659864)",1,95.31499363502668,38469
"(0.794285714285714, 0.9667774086378738)",1,95.314942388845,38470
"(0.9450706646294882, 0.9354988823409874)",1,95.31485563535452,38471
"(0.7383239811675566, 0.9738135965023852)",1,95.3146819045946,38472
"(0.9274482758620688, 0.9767241379310344)",1,95.3144677242428,38473
"(0.8048816547737346, 0.9764568667168556)",1,95.31431092720416,38474
"(0.8601866883116884, 0.9576029606661498)",1,95.3142900538363,38475
"(0.8351193705914272, 0.9824561403508772)",1,95.31416795070773,38476
"(0.9049919484702094, 0.9841269841269842)",1,95.31409668799976,38477
"(0.9087656529516994, 0.9552772808586762)",1,95.31388102805832,38478
"(0.816609291545804, 0.9733592526459572)",1,95.31381766552924,38479
"(0.8516362734449852, 0.9563260001856492)",1,95.31376812593466,38480
"(0.8915343915343915, 1.0)",1,95.31358425222042,38481
"(0.7149501661129568, 0.9775193798449612)",1,95.31351903763188,38482
"(0.8888888888888888, 1.0)",1,95.31343645387447,38483
"(0.9408668730650154, 0.961770130454341)",1,95.31334936097517,38484
"(0.9292873482399696, 0.9711950660350294)",1,95.31321965756392,38485
"(0.9476776665722468, 0.9625936563436563)",6,95.31317638815598,38491
"(0.8448688271604938, 0.9868055555555556)",1,95.31286321036792,38492
"(0.8198932646301067, 0.9754464285714284)",2,95.3128282244121,38494
"(0.8956887573811897, 0.9637885152959323)",2,95.31282053835812,38496
"(0.9202401372212692, 0.9885627144491042)",2,95.31279199537065,38498
"(0.917978896103896, 0.9657079385975222)",2,95.31273816330555,38500
"(0.6700292397660818, 0.969913169748696)",1,95.31261623700745,38501
"(0.8495892857142856, 0.9507857142857142)",2,95.31256750608593,38503
"(0.984313725490196, 0.9925925925925926)",4,95.31253451259175,38507
"(0.9503404207824095, 0.9535924585381664)",3,95.3124828216768,38510
"(0.8589726631393297, 1.0)",2,95.31237614270202,38512
"(0.867704307568438, 0.9640151515151516)",1,95.31203934118857,38513
"(0.8956505897276728, 0.95474577471438)",1,95.31198995119404,38514
"(0.9561403508771932, 0.962604085919332)",1,95.31191140030256,38515
"(0.8762664758354415, 0.9463234342650104)",2,95.31166707182496,38517
"(0.870174510840825, 0.9577861163227016)",2,95.31162678253972,38519
"(0.9618138828565136, 0.9523529411764708)",1,95.31152423036468,38520
"(0.8946752284039163, 0.9537087912087912)",1,95.31151088726762,38521
"(0.8550387596899225, 0.9885627144491042)",1,95.31150464475412,38522
"(0.6790332474543002, 0.9648977033360302)",1,95.3113404722028,38523
"(0.8019390581717452, 0.9648977033360302)",1,95.31127907072214,38524
"(0.8898792718668495, 0.9554098688819938)",1,95.31093765771828,38525
"(0.8514810806477473, 0.9506818181818182)",2,95.3108664171672,38527
"(0.7734048896839595, 0.965497521921464)",1,95.3108448574535,38528
"(0.84, 0.9551820728291316)",1,95.31063436558296,38529
"(0.8563074352548036, 0.9868055555555556)",1,95.31060865583834,38530
"(0.7413196411832449, 0.9791225370990564)",4,95.31059180113505,38534
"(0.9450706646294882, 0.9650363879165252)",1,95.31056264269216,38535
"(0.8708731355790179, 0.9868055555555556)",1,95.31034220480446,38536
"(0.9565217391304348, 1.0)",1,95.31024521785392,38537
"(0.9391627846790888, 0.9645607615220874)",1,95.31019917912126,38538
"(0.9426994258113802, 0.9612261904761904)",1,95.31014683630112,38539
"(0.9462631140307872, 0.9571428571428572)",1,95.31012194993151,38540
"(0.8942415173616616, 0.9541309523809522)",3,95.3100604021283,38543
"(0.9235874607931364, 0.9541309523809522)",1,95.31005436026466,38544
"(0.9523809523809524, 1.0)",2,95.3097391188629,38546
"(0.9499369338378628, 0.98711247296323)",2,95.30967404638724,38548
"(0.9601840736294516, 0.945)",3,95.30965210348243,38551
"(0.8225717836257309, 0.996969696969697)",1,95.3096309641444,38552
"(0.7232797675460064, 0.965497521921464)",1,95.3095839692523,38553
"(0.944540304191448, 0.95474577471438)",1,95.30958020525138,38554
"(0.9354988823409874, 0.9565375499581746)",1,95.30951199515052,38555
"(0.8563074352548036, 0.9722222222222222)",1,95.30914468209944,38556
"(0.6817662805944057, 0.9754464285714284)",1,95.30914263713628,38557
"(0.7245388933440257, 0.9774943735933984)",1,95.30907607385532,38558
"(0.920373952288846, 0.9577861163227016)",1,95.30905418497868,38559
"(0.9044642857142856, 0.9625936563436563)",1,95.30887803879146,38560
"(0.9399138116785176, 0.963425925925926)",1,95.30874404763816,38561
"(0.9748677248677248, 0.9868055555555556)",1,95.30856879767312,38562
"(0.8591750613113885, 0.9743553688098578)",2,95.30847198899664,38564
"(0.8665730967886818, 0.9463234342650104)",1,95.30839949105514,38565
"(0.7901692183722804, 0.9380552220888356)",1,95.3083011345896,38566
"(0.9292946051030736, 0.95)",1,95.30802897205312,38567
"(0.9290099096728932, 0.9464079225584776)",1,95.30781759226976,38568
"(0.8232281991085706, 0.96004600460046)",1,95.30746789834215,38569
"(0.7823464912280702, 0.9737148229943366)",1,95.3073973159183,38570
"(0.9498577524893316, 0.9612261904761904)",1,95.30717896733276,38571
"(0.9247241379310346, 0.9754464285714284)",1,95.30697937141834,38572
"(0.4432805247702946, 0.9868055555555556)",1,95.30696402499912,38573
"(0.8970155460303243, 0.9635619016637234)",1,95.3069462717154,38574
"(0.8783564814814815, 0.9541062801932368)",1,95.3069045082729,38575
"(0.869754330943847, 0.9868055555555556)",1,95.30689530530988,38576
"(0.7656785097663477, 0.9702779180634098)",1,95.30684817569406,38577
"(0.915619658119658, 0.9868055555555556)",1,95.30663366746656,38578
"(0.8046779964221825, 0.9767441860465116)",1,95.30657630134864,38579
"(0.7659052711993889, 0.9767241379310344)",1,95.30654284244532,38580
"(0.6552739412022095, 0.9740492331937004)",1,95.30650561857016,38581
"(0.9103195488721804, 0.9536033163265304)",1,95.30607880428376,38582
"(0.8864832156597472, 0.9579551650296714)",1,95.30590289178932,38583
"(0.8608609979240738, 0.961770130454341)",3,95.30581313655644,38586
"(0.8479183866021937, 0.9601840736294516)",1,95.30579445342237,38587
"(0.8872598584428717, 0.9667774086378738)",1,95.30577576173242,38588
"(0.8753306878306878, 0.9748677248677248)",1,95.30570525783097,38589
"(0.8889459760512393, 0.9879901960784314)",1,95.30569259165172,38590
"(0.7511748585277997, 0.9682339951820962)",1,95.30569240439084,38591
"(0.8348214285714286, 0.9584283173426188)",1,95.30562938397244,38592
"(0.7362044405953198, 0.9777621951286573)",2,95.30529319632797,38594
"(0.944800323176362, 0.969913169748696)",4,95.30526992596012,38598
"(0.7835917312661498, 0.9546136534133534)",1,95.30507340998145,38599
"(0.8880350522413213, 0.9667774086378738)",1,95.3048842817662,38600
"(0.7825263949961201, 0.9552772808586762)",1,95.30472971251746,38601
"(0.8358616184543919, 0.9996213816771112)",3,95.30461379986129,38604
"(0.7827659652601814, 0.9484080262531626)",1,95.30454595203348,38605
"(0.7913587204505935, 0.9973516893316466)",3,95.30436469776214,38608
"(0.8446691176470589, 0.9551820728291316)",1,95.304360157452,38609
"(0.8663406611415462, 0.9625936563436563)",1,95.30414779518628,38610
"(0.849779303236048, 0.9743321904338852)",2,95.30380207501116,38612
"(0.7217510259917921, 0.965497521921464)",1,95.3037714878102,38613
"(0.8389982110912344, 0.9774943735933984)",1,95.30368903686146,38614
"(0.8925865800865801, 1.0)",2,95.30363440267972,38616
"(0.7857324447417217, 0.9720219544246184)",2,95.30341258373406,38618
"(0.915422077922078, 0.9624656593406592)",1,95.30319444298075,38619
"(0.8177555579773321, 0.9754464285714284)",1,95.30306440514596,38620
"(0.9462631140307872, 0.9570371875635032)",1,95.30292470559266,38621
"(0.8322048866647042, 0.9774943735933984)",2,95.30287783415542,38623
"(0.8676666891012699, 0.9747439067467324)",2,95.30252348755104,38625
"(0.942961408510189, 0.9678053830227744)",1,95.30229100614496,38626
"(0.943792719255964, 0.9465827539807132)",1,95.30215849213069,38627
"(0.9348373793962028, 0.957520230314348)",1,95.30196486286728,38628
"(0.951596182326806, 0.950700596776178)",1,95.30193904976902,38629
"(0.9263477887938646, 0.9576029606661498)",1,95.3018753777931,38630
"(0.8590556730091613, 0.9774943735933984)",1,95.3017223576512,38631
"(0.7729691527396689, 0.9825319426526432)",1,95.30146757518172,38632
"(0.8824013157894737, 0.9782702035744222)",4,95.30127956204844,38636
"(0.8693120323003425, 0.9574505911522484)",1,95.30109182988224,38637
"(0.9020844965568584, 0.9555491383616382)",1,95.30100800589167,38638
"(0.7853136031723004, 0.96)",1,95.30095471725592,38639
"(0.8281746031746032, 1.0)",1,95.30073239348852,38640
"(0.9226438267614736, 0.9612261904761904)",1,95.30059586541051,38641
"(0.8875568416701117, 0.9576029606661498)",1,95.30032721583314,38642
"(0.4246306555863342, 0.9694095827515072)",1,95.3000036855805,38643
"(0.8778976239800449, 0.9657079385975222)",2,95.29994814938654,38645
"(0.9027617951668586, 0.9475111877796946)",3,95.29965640708858,38648
"(0.8370512373649356, 0.961770130454341)",1,95.29964189437408,38649
"(0.9565375499581746, 0.9645607615220874)",1,95.29959176950187,38650
"(0.7563735307329491, 0.9682666502213212)",4,95.29951240161876,38654
"(0.8604651162790697, 0.9667774086378738)",1,95.2993268705652,38655
"(0.8893558268973552, 0.977638640429338)",1,95.29929826821956,38656
"(0.8919095971175892, 0.9667774086378738)",1,95.29924185005888,38657
"(0.89, 1.0)",2,95.29904991256625,38659
"(0.9292946051030736, 0.9612261904761904)",1,95.29899557266806,38660
"(0.896551724137931, 0.9841269841269842)",1,95.29883943595124,38661
"(0.9367114963691102, 0.9565375499581746)",1,95.29875717003348,38662
"(0.9247680199941508, 0.9555491383616382)",1,95.29875489236537,38663
"(0.9577861163227016, 0.9577861163227016)",2,95.2986587256609,38665
"(0.8697092516251784, 0.9537087912087912)",1,95.29827881270064,38666
"(0.9426994258113802, 0.9574505911522484)",1,95.29825234775156,38667
"(0.8666056166056167, 0.9487179487179488)",3,95.29808126738916,38670
"(0.986574074074074, 0.9734722222222224)",1,95.2980330661778,38671
"(0.930071105365223, 0.9470357142857144)",1,95.2979207856735,38672
"(0.9135802469135802, 0.9841269841269842)",1,95.29785093074584,38673
"(0.9170435132147524, 0.9561403508771932)",1,95.29779242887268,38674
"(1.0, 1.0)",1,95.29771838350987,38675
"(0.8074442213565879, 0.9733110147107548)",1,95.29771095035773,38676
"(0.9047341820740836, 0.9595374149659864)",1,95.2976501750002,38677
"(0.8518518518518519, 1.0)",1,95.29740782607684,38678
"(0.8693120323003425, 0.9586520604621642)",1,95.2973648037598,38679
"(0.8132390951302638, 0.9692634363686996)",1,95.2973408380512,38680
"(0.8265590958605664, 0.9868055555555556)",1,95.29727852051074,38681
"(0.8766755371575004, 0.9737148229943366)",2,95.2969935568664,38683
"(0.879008834302952, 0.9744410044719642)",1,95.29690141270224,38684
"(0.9385964912280702, 0.969913169748696)",1,95.29688882401312,38685
"(0.8357101427078324, 0.9694279341856143)",2,95.29688334696807,38687
"(0.9428571428571428, 0.9394757727652464)",1,95.2966936156248,38688
"(0.860587002096436, 0.9561403508771932)",1,95.29659138997329,38689
"(0.942961408510189, 0.9714285714285714)",1,95.29657445695952,38690
"(0.9352667274015588, 0.954419924179659)",1,95.29642734753256,38691
"(0.8456361627423052, 0.9605856647968066)",1,95.2963235384178,38692
"(0.8140638481449526, 0.9534181717978908)",1,95.29619104474216,38693
"(0.8424947145877378, 0.9563953488372092)",1,95.29618059969609,38694
"(0.875869740093878, 0.9734722222222224)",1,95.2960204291902,38695
"(0.950682393081946, 0.9606447334368527)",1,95.29587336560384,38696
"(0.8860640954495006, 0.95474577471438)",1,95.295818201718,38697
"(0.95, 0.9612261904761904)",1,95.29570151542684,38698
"(0.8351693186454507, 0.965497521921464)",1,95.29565021978873,38699
"(0.9643596441509156, 0.955544662122821)",1,95.29548694138369,38700
"(0.8358616184543919, 0.996969696969697)",2,95.2954785691758,38702
"(0.9333908045977012, 0.9767241379310344)",1,95.2954346602973,38703
"(0.8978798708330872, 0.9780571219715956)",1,95.29529491470342,38704
"(0.8990440845704005, 0.9560805836777236)",3,95.29522441436691,38707
"(0.8736448679839133, 0.9651951748860688)",1,95.29516590293896,38708
"(0.9485046203796204, 0.9535924585381664)",3,95.29485126311752,38711
"(0.9074804011737396, 0.9774943735933984)",1,95.29483392664456,38712
"(0.8392857142857143, 0.9601840736294516)",1,95.29459309125129,38713
"(0.8459679855028692, 0.9774943735933984)",1,95.29455508839456,38714
"(0.8316355404640634, 0.9651951748860688)",1,95.29444091996774,38715
"(0.9032873606650292, 0.9555491383616382)",1,95.29408121405864,38716
"(0.9154678277085488, 0.9618138828565136)",1,95.2940327131138,38717
"(0.8356009070294784, 1.0)",1,95.29402929430506,38718
"(0.832288597755908, 0.9774943735933984)",1,95.29389015974031,38719
"(0.906439024390244, 0.9541309523809522)",4,95.29382405543514,38723
"(0.9344155844155844, 0.9565375499581746)",1,95.29376635343202,38724
"(0.9407729468599032, 0.9868055555555556)",1,95.29366261134098,38725
"(0.621292017900321, 0.9804906748754488)",4,95.29348551254074,38729
"(0.951596182326806, 0.9565375499581746)",1,95.29341194429648,38730
"(0.8807058823529411, 0.9380552220888356)",6,95.2933867833317,38736
"(0.8019390581717452, 0.9692634363686996)",1,95.29337167391564,38737
"(0.9563063063063064, 0.9579551650296714)",1,95.29331696363944,38738
"(0.8786624050523235, 0.9657079385975222)",1,95.29330191927735,38739
"(0.8265590958605664, 0.9868055555555556)",1,95.29312881278544,38740
"(0.9457203293797688, 0.9554098688819938)",1,95.29304803284164,38741
"(0.8635440917107585, 0.9840686274509804)",1,95.29292815636704,38742
"(0.7302123025239838, 0.9696256346979268)",1,95.29291591482357,38743
"(0.9606447334368527, 0.9647217861503576)",1,95.29289580179504,38744
"(0.4983861487136179, 0.98755)",1,95.29287331777697,38745
"(0.9232966136270908, 0.9475111877796946)",3,95.29275787384206,38748
"(0.6396617032392895, 0.9754464285714284)",1,95.29267240135808,38749
"(0.7827659652601814, 0.9577861163227016)",1,95.2925520779666,38750
"(0.8837209302325582, 0.9667774086378738)",1,95.29232827899436,38751
"(0.833299023307944, 0.961770130454341)",2,95.29194847543532,38753
"(0.6659153671215075, 0.9658154816997468)",1,95.29190236347576,38754
"(0.944540304191448, 0.9555491383616382)",1,95.29186692283857,38755
"(0.8915343915343915, 0.986574074074074)",1,95.29179201200309,38756
"(0.9460618398175734, 0.9574568288854002)",1,95.29178449894523,38757
"(0.8414627506478152, 0.9780668394532482)",2,95.29175200009352,38759
"(0.876818777829583, 0.9658154816997468)",1,95.29170622281144,38760
"(0.8722453294915884, 0.9565375499581746)",1,95.29170096781937,38761
"(0.8183575715604802, 0.9651951748860688)",1,95.29164605479168,38762
"(0.8597992596530608, 0.9913490623109498)",3,95.29153701360715,38765
"(0.9333333333333332, 1.0)",1,95.29135211511084,38766
"(0.9333531698462172, 0.9508739421428176)",1,95.29121530878878,38767
"(0.81878722576397, 0.9563953488372092)",1,95.29105181434916,38768
"(0.394811320754717, 0.9473039215686276)",1,95.29103849695528,38769
"(0.8853349024500907, 0.9507857142857142)",1,95.29103584396266,38770
"(0.9152165481577246, 0.9565375499581746)",1,95.29102163745335,38771
"(0.9142857142857144, 0.9565375499581746)",5,95.29072004148593,38776
"(0.7962233504512917, 0.9868055555555556)",1,95.29058388552995,38777
"(0.9216927182615324, 0.977638640429338)",1,95.29043125404412,38778
"(0.9399404761904762, 0.9535924585381664)",1,95.29026570512316,38779
"(0.8218375712415833, 0.9604697507658034)",1,95.28995468315571,38780
"(0.7232797675460064, 0.9550387596899224)",1,95.2899460211132,38781
"(0.9354988823409874, 0.9535924585381664)",1,95.28979907424588,38782
"(0.7728202166859154, 0.9988651610017888)",3,95.2897317797181,38785
"(0.859735522115823, 0.9775193798449612)",2,95.28965755986316,38787
"(0.8351555421322864, 0.9415378750109974)",1,95.28913762173424,38788
"(0.932845238095238, 0.952503401360544)",1,95.28906537981196,38789
"(0.8387491609744542, 0.965497521921464)",1,95.28896977718485,38790
"(0.870174510840825, 0.953054992365648)",1,95.28890691832989,38791
"(0.9301248598635894, 0.9693189160658424)",1,95.28890093117744,38792
"(0.9447018709564609, 0.9774943735933984)",1,95.28882457229808,38793
"(0.9005147621883774, 0.9541309523809522)",1,95.2887971814794,38794
"(0.8222032152692136, 0.9648977033360302)",1,95.2885896399548,38795
"(0.9465769388085848, 0.9650363879165252)",1,95.28853045896022,38796
"(0.9527829893683551, 0.9576029606661498)",1,95.2885048936107,38797
"(0.840845345330562, 0.9714186212274644)",1,95.2883155818583,38798
"(0.8238599925743408, 0.9552772808586762)",1,95.28815697807376,38799
"(0.8745595489781537, 0.9552772808586762)",1,95.28809151045374,38800
"(0.9142857142857144, 0.9595374149659864)",1,95.28808994027956,38801
"(0.9003322259136212, 0.965497521921464)",2,95.2880505281446,38803
"(0.984313725490196, 0.9811076711386308)",1,95.28790151955764,38804
"(0.8807378807378808, 0.9577861163227016)",1,95.28753987099388,38805
"(0.7824770258980785, 0.9788110478899952)",1,95.28752749502154,38806
"(0.8762664758354415, 0.9574505911522484)",1,95.28751894876004,38807
"(0.819456287849504, 0.9943046874999998)",1,95.28706356932622,38808
"(0.9366629231646204, 0.9665714285714284)",3,95.2869369229944,38811
"(0.961342940685046, 0.9540538847117792)",1,95.28691386444284,38812
"(0.833299023307944, 0.9694279341856143)",3,95.28682693431422,38815
"(0.8831064306064307, 0.9868055555555556)",1,95.28660766269488,38816
"(0.9259560057540158, 0.9565375499581746)",1,95.28659338351488,38817
"(0.9055383852258851, 0.9565375499581746)",4,95.2863952658584,38821
"(0.9191387446502536, 0.9717265795206972)",2,95.28637974029454,38823
"(0.96, 0.94004400440044)",1,95.28628873205145,38824
"(0.7871989121989122, 0.9866666666666666)",1,95.28619834860628,38825
"(0.8864832156597472, 0.9574505911522484)",2,95.28607407864126,38827
"(0.8584326321395287, 0.9574505911522484)",1,95.28606383575315,38828
"(0.8318452380952381, 0.9868055555555556)",1,95.28591677889588,38829
"(0.8778976239800449, 0.9650363879165252)",1,95.28591126322708,38830
"(0.9366629231646204, 0.9436930909314628)",1,95.28571352382646,38831
"(0.9218655816757084, 0.969913169748696)",4,95.28570874882664,38835
"(0.9408601779678556, 0.95474577471438)",1,95.2856885679924,38836
"(0.8579384746314236, 0.9551820728291316)",1,95.28564215317029,38837
"(0.8887419165196943, 0.9868055555555556)",1,95.28553880239949,38838
"(0.9259560057540158, 0.9715797169307606)",1,95.2855292348086,38839
"(0.8659691575345861, 0.9667774086378738)",1,95.28545347329477,38840
"(0.9007910628019324, 0.9767241379310344)",1,95.28542009661822,38841
"(0.946764828738513, 0.9541309523809522)",1,95.28531609551511,38842
"(0.8498330413631913, 0.9605856647968066)",6,95.28529802812116,38848
"(0.8237398713870082, 0.9958256396972436)",3,95.28529057338038,38851
"(0.7325581395348837, 0.9667774086378738)",2,95.28522801950582,38853
"(0.9625936563436563, 0.9465827539807132)",1,95.28518197606095,38854
"(0.9247241379310346, 0.9754464285714284)",1,95.28512227628318,38855
"(0.8970155460303243, 0.9657079385975222)",2,95.28511454556664,38857
"(0.8500647757655945, 0.9580611248779756)",1,95.2850098463447,38858
"(0.794285714285714, 0.9667774086378738)",1,95.2849869879161,38859
"(0.946764828738513, 0.9642857142857144)",1,95.2849214966009,38860
"(0.8641929499072356, 0.9612261904761904)",1,95.28478850065456,38861
"(0.8320261437908496, 0.9740643495864882)",8,95.28475268181975,38869
"(0.8988571428571429, 0.9555491383616382)",1,95.28469706621463,38870
"(0.8639328063241105, 0.9503723544973544)",1,95.2846860401638,38871
"(0.9390638788116482, 0.951596182326806)",1,95.28460309670646,38872
"(0.8949757492849149, 0.9552772808586762)",1,95.2844108645901,38873
"(0.8762664758354415, 0.9463234342650104)",1,95.28438049572304,38874
"(0.9272486772486772, 0.9866666666666666)",1,95.28390757060234,38875
"(0.9395614190790031, 0.9565375499581746)",3,95.2838704571782,38878
"(0.9688819909986466, 0.9635619016637234)",1,95.28373878401668,38879
"(0.931038492683086, 0.9604697507658034)",1,95.28369061806544,38880
"(0.8996421975992612, 0.9658154816997468)",1,95.28367613035346,38881
"(0.9612261904761904, 0.9534840838509316)",1,95.28358225490004,38882
"(0.8857001484413657, 1.0)",1,95.28353218685176,38883
"(0.8889459760512393, 0.9842265795206973)",1,95.28352658699912,38884
"(0.9008392857142858, 0.9507857142857142)",1,95.28341768620112,38885
"(0.8393969239599776, 0.9586520604621642)",1,95.28338107434206,38886
"(0.9363885088919288, 0.9667774086378738)",1,95.28336028610444,38887
"(0.9426218733107278, 0.97317738791423)",1,95.28330430155825,38888
"(0.9391627846790888, 0.9541309523809522)",2,95.28319848595652,38890
"(0.917531186761956, 0.9477798624140088)",2,95.28317042361012,38892
"(0.8503896103896105, 0.9356619570905284)",2,95.28311212995914,38894
"(0.9495131982526256, 0.9555491383616382)",1,95.2830877032108,38895
"(0.5861073624231519, 0.9740643495864882)",8,95.28308186953238,38903
"(0.7800259083338473, 0.9774943735933984)",1,95.28306568065618,38904
"(0.8132390951302638, 0.969913169748696)",1,95.28304160373848,38905
"(0.961342940685046, 0.954682426948052)",1,95.28301477955522,38906
"(0.86880395433027, 0.9516760651629074)",1,95.282995021368,38907
"(0.7595706618962433, 0.9774943735933984)",1,95.28294664841503,38908
"(0.8782163096650154, 0.9577759872287582)",3,95.28283606755548,38911
"(0.9001409893736627, 0.9595374149659864)",1,95.28258488218442,38912
"(0.8697092516251784, 0.9537087912087912)",1,95.2825728080226,38913
"(0.7294483504597079, 0.9774943735933984)",1,95.28242155957956,38914
"(0.9433680972830336, 0.95474577471438)",1,95.28240014936414,38915
"(0.8832713293650792, 0.9625936563436563)",2,95.28239472937494,38917
"(0.916096001118324, 0.9565375499581746)",1,95.28225901189208,38918
"(0.7217510259917921, 0.965497521921464)",1,95.28220797882436,38919
"(0.8133720930232559, 0.9667774086378738)",1,95.28218265807358,38920
"(0.9152165481577246, 0.9555491383616382)",1,95.2821390149134,38921
"(0.93916595083917, 0.9574505911522484)",6,95.28206358091252,38927
"(0.946764828738513, 0.9503404207824095)",1,95.28191644343468,38928
"(0.9230769230769232, 0.9841269841269842)",1,95.2816345193304,38929
"(0.6780094316207496, 0.9569461827284104)",1,95.28162300176848,38930
"(0.9149095893513032, 0.9682568090816044)",4,95.28126266559008,38934
"(0.8455292702485967, 0.965497521921464)",1,95.28108607209964,38935
"(0.7588890510443849, 0.973469080665817)",1,95.28098249979644,38936
"(0.8680075424261471, 0.9774943735933984)",1,95.28092149833984,38937
"(0.8008373205741627, 0.9577759872287582)",1,95.28079755740012,38938
"(0.9841269841269842, 1.0)",1,95.28070132653824,38939
"(0.905649630541872, 0.9647321428571428)",1,95.28045294517672,38940
"(0.9027617951668586, 0.955)",1,95.2803522689974,38941
"(0.875, 0.9841269841269842)",1,95.28030911641945,38942
"(0.9315535929345644, 0.96004600460046)",1,95.28026243602274,38943
"(0.9333531698462172, 0.9586520604621642)",1,95.28025318000694,38944
"(0.8721161002232697, 0.9584283173426188)",1,95.28018699773668,38945
"(0.8791623997269159, 0.9868055555555556)",1,95.27989879954856,38946
"(0.8255813953488372, 0.9774943735933984)",1,95.2798785441481,38947
"(0.8252552284666469, 0.9737148229943366)",1,95.27983048614308,38948
"(0.9611528822055138, 0.9501800720288114)",2,95.27978568403502,38950
"(0.9020844965568584, 0.9555491383616382)",1,95.2797214407802,38951
"(0.7025855842842699, 0.9667774086378738)",1,95.2796932340266,38952
"(0.8703288070923577, 0.9561403508771932)",1,95.27944997369995,38953
"(0.9405634236453204, 0.9754464285714284)",2,95.2794288950377,38955
"(0.942599584906604, 0.9577861163227016)",2,95.27939503046538,38957
"(0.9090630853183156, 0.9705810013654445)",1,95.2791008407921,38958
"(0.859735522115823, 0.965497521921464)",1,95.279046956252,38959
"(0.8721629709087285, 0.9516760651629074)",3,95.27899930761272,38962
"(0.8737236721611722, 0.9595374149659864)",3,95.27896372812089,38965
"(0.9586520604621642, 0.9612261904761904)",1,95.2788725881747,38966
"(0.6817662805944057, 0.9754464285714284)",2,95.27881944077862,38968
"(0.902896642527979, 0.9551820728291316)",1,95.27880202686292,38969
"(0.8351555421322864, 0.9656943896991196)",1,95.27876522127356,38970
"(0.7687738498092014, 0.9667081046663232)",1,95.27867135131092,38971
"(0.77039068737284, 0.9774943735933984)",1,95.27863311878951,38972
"(0.839484868820503, 0.9611414900888584)",1,95.27858711673656,38973
"(0.8393969239599776, 0.9683214285714286)",3,95.27837783344016,38976
"(0.9032873606650292, 0.9574505911522484)",2,95.27834149441978,38978
"(0.9263477887938646, 0.960414372935642)",1,95.27827719101454,38979
"(0.9088431305536568, 0.9737148229943366)",1,95.27818034406944,38980
"(0.9612261904761904, 0.9465827539807132)",1,95.27811555791422,38981
"(0.9230769230769232, 1.0)",1,95.27810684227715,38982
"(0.9507101086048454, 0.9841269841269842)",1,95.27785110473638,38983
"(0.833299023307944, 0.9605856647968066)",3,95.27768734984996,38986
"(0.8095650919988757, 0.9727928216129128)",1,95.2776001393382,38987
"(0.8282276376611791, 0.9694279341856143)",1,95.2775531646856,38988
"(0.8965281666711441, 0.96478640440428)",1,95.27754166449662,38989
"(0.9020844965568584, 0.9555491383616382)",1,95.27747077683628,38990
"(0.8831064306064307, 0.9868055555555556)",1,95.2773865026567,38991
"(0.946764828738513, 0.9508739421428176)",1,95.27734948711762,38992
"(0.8820043103448276, 0.9503723544973544)",1,95.27730739339594,38993
"(0.946764828738513, 0.9541309523809522)",4,95.27727783431234,38997
"(0.8983081723027375, 0.9729166666666668)",1,95.27720673889868,38998
"(0.5, 0.9841269841269842)",1,95.27720539176003,38999
"(0.902092920189038, 0.9649122807017544)",3,95.27694233857606,39002
"(0.8350168350168351, 1.0)",1,95.27689457735814,39003
"(0.8439572704081633, 0.9608348284368692)",1,95.27671124937036,39004
"(0.8375771604938271, 1.0)",2,95.2766614423671,39006
"(0.9523529411764708, 0.9642857142857144)",1,95.2766328492714,39007
"(0.9232966136270908, 0.96004600460046)",1,95.27659443093351,39008
"(0.8680075424261471, 0.9667774086378738)",1,95.2765058134048,39009
"(0.7951423097974822, 0.9734722222222224)",2,95.27638470307744,39011
"(0.8942415173616616, 0.9571428571428572)",1,95.2763829004282,39012
"(0.8956505897276728, 0.9612261904761904)",1,95.27637137992065,39013
"(0.8837209302325582, 0.9563953488372092)",1,95.27633021024282,39014
"(0.8604651162790697, 0.9775193798449612)",1,95.27629586210776,39015
"(0.7650293586269196, 1.0)",1,95.27617182528526,39016
"(0.9611528822055138, 0.9477798624140088)",1,95.27613584698268,39017
"(0.7261336323863321, 0.9992431021625652)",3,95.27604095402816,39020
"(0.8324299119892755, 0.9649122807017544)",1,95.2758707947426,39021
"(0.854478432131113, 0.9736842105263158)",1,95.27580461114292,39022
"(0.9259031198686372, 0.9577861163227016)",1,95.27570256904497,39023
"(0.9589484126984128, 0.9868055555555556)",2,95.2756967590411,39025
"(0.9055383852258851, 0.9565375499581746)",1,95.27565681557562,39026
"(0.9536498942777852, 0.9541309523809522)",4,95.27547503133708,39030
"(0.8177555579773321, 0.9754464285714284)",1,95.27534067949304,39031
"(0.8086718990458602, 0.969913169748696)",3,95.2750219023214,39034
"(0.8348214285714286, 0.9538729657213072)",1,95.27493571432696,39035
"(0.5960561819552873, 0.9780571219715956)",1,95.27481874751368,39036
"(0.8787790697674417, 0.9552772808586762)",1,95.2747153705111,39037
"(0.884765625, 0.9754464285714284)",1,95.27465397992732,39038
"(0.8817204301075269, 1.0)",1,95.27461976600377,39039
"(0.888013818790316, 0.9565375499581746)",1,95.27431981477557,39040
"(0.9055383852258851, 0.9555491383616382)",1,95.27422039396252,39041
"(0.8837244897959183, 0.9657079385975222)",1,95.27418728282863,39042
"(0.8498740201567748, 0.969913169748696)",1,95.27414710316076,39043
"(0.9152165481577246, 0.951596182326806)",1,95.27408519623644,39044
"(0.916096001118324, 0.9548607757926928)",1,95.27377183677068,39045
"(0.917531186761956, 0.947600710159786)",3,95.27374614462884,39048
"(0.8265700981304325, 0.9667774086378738)",1,95.27366989948337,39049
"(0.8643650793650794, 0.9615343915343916)",1,95.27349241000752,39050
"(0.986574074074074, 0.9734722222222224)",1,95.27342798322933,39051
"(0.8959567775974026, 0.95474577471438)",1,95.27339903005198,39052
"(0.9185609025397424, 0.9535924585381664)",1,95.27327777623437,39053
"(0.8466433806991083, 0.9561403508771932)",1,95.27327216130024,39054
"(0.8626885995307049, 0.9788110478899952)",1,95.27319575979804,39055
"(0.8919095971175892, 0.9667774086378738)",1,95.27313826246184,39056
"(0.6396617032392895, 0.9624656593406592)",1,95.27313075763828,39057
"(0.8077934662236989, 0.9667774086378738)",1,95.27312045482036,39058
"(0.8731196908559524, 0.9560805836777236)",1,95.27306485028718,39059
"(0.919355128199818, 0.9658154816997468)",1,95.27287609808424,39060
"(0.8762664758354415, 0.975060054907344)",1,95.2727923482396,39061
"(0.9586520604621642, 0.9571428571428572)",1,95.27271278088604,39062
"(0.8498740201567748, 0.969913169748696)",1,95.27255870367767,39063
"(0.8264589732338745, 0.9885627144491042)",2,95.27249294748336,39065
"(0.8323660714285714, 0.9868055555555556)",1,95.27235075892573,39066
"(0.8919095971175892, 0.9667774086378738)",1,95.2721739223006,39067
"(0.9005147621883774, 0.9541309523809522)",4,95.27217209009989,39071
"(0.8324299119892755, 0.9605856647968066)",5,95.27201738760547,39076
"(0.9688819909986466, 0.9643596441509156)",1,95.27190906097472,39077
"(0.9374844260560896, 0.9645607615220874)",1,95.27186426393412,39078
"(0.8744995950480157, 0.965497521921464)",1,95.27164170527158,39079
"(0.9226438267614736, 0.9696381743256742)",1,95.27141478124156,39080
"(0.8629629629629629, 0.9868055555555556)",1,95.2713954755742,39081
"(0.498048399687744, 0.9550387596899224)",1,95.2713157572512,39082
"(0.905649630541872, 0.9754464285714284)",1,95.27130709644452,39083
"(0.9595374149659864, 0.9570371875635032)",1,95.27121979374677,39084
"(0.8923633969716919, 0.947866344605475)",1,95.27119305707548,39085
"(0.9019607843137254, 0.9748677248677248)",1,95.2711664856564,39086
"(0.5033177487649965, 0.9912786187973072)",1,95.27105238899604,39087
"(0.8799035686171609, 0.952503401360544)",1,95.27091436920315,39088
"(0.9855521155830752, 0.996078431372549)",1,95.2707094718894,39089
"(0.8788323569411767, 0.9692634363686996)",1,95.270643811742,39090
"(0.8190189403857904, 0.969913169748696)",1,95.27059482975716,39091
"(0.8487390350877192, 0.956140350877193)",1,95.27048517980616,39092
"(0.865084633255891, 0.962604085919332)",1,95.2703631459282,39093
"(0.8997086999609598, 0.9571395713710704)",1,95.27019979674272,39094
"(0.883230727649479, 0.975060054907344)",1,95.27008993918112,39095
"(0.7528945327288341, 0.9675701541740894)",4,95.26968079665924,39099
"(0.5761557007853262, 0.9788110478899952)",2,95.26963564042045,39101
"(0.833299023307944, 0.9736842105263158)",1,95.26942984616774,39102
"(0.8407589540630476, 0.9563260001856492)",3,95.26939772681696,39105
"(0.8287365047233469, 0.9658154816997468)",3,95.26936864739142,39108
"(0.8939103272888103, 0.9612261904761904)",1,95.26932354539277,39109
"(0.9264176245210728, 1.0)",2,95.26932168056808,39111
"(0.9027274557165862, 1.0)",1,95.2692397818515,39112
"(0.8112794612794614, 1.0)",2,95.269107015205,39114
"(0.8693120323003425, 0.9612261904761904)",3,95.2690938278749,39117
"(0.9071896509184342, 0.952503401360544)",1,95.26896069157505,39118
"(0.91775, 0.9507857142857142)",1,95.26884817819922,39119
"(0.8900759734093067, 1.0)",1,95.2688455548331,39120
"(0.920373952288846, 0.9501800720288114)",2,95.26861753955016,39122
"(0.8867478025693036, 0.9577861163227016)",1,95.26833905557643,39123
"(0.932845238095238, 0.952503401360544)",1,95.26819045189582,39124
"(0.8356705909510619, 0.9740643495864882)",1,95.2676962890572,39125
"(0.9118986880466472, 0.9537087912087912)",1,95.2674390489564,39126
"(0.958531746031746, 0.9734722222222224)",1,95.26738261632842,39127
"(0.8160648148148147, 0.9729166666666668)",1,95.26723197735932,39128
"(0.7644790288745473, 0.9788110478899952)",8,95.2671269510577,39136
"(0.938570380142761, 0.9608348284368692)",3,95.26699144079124,39139
"(0.859735522115823, 0.9667774086378738)",1,95.2669239505122,39140
"(0.9498577524893316, 0.9612261904761904)",1,95.2668709770198,39141
"(0.8232281991085706, 0.96004600460046)",1,95.26679998357488,39142
"(0.9230769230769232, 1.0)",1,95.26665954286048,39143
"(0.8424197513013303, 0.9612261904761904)",3,95.26665423370945,39146
"(0.6396617032392895, 0.9754464285714284)",1,95.26648098501362,39147
"(0.8525234524081565, 0.972842205119484)",2,95.26644851424336,39149
"(0.8614047451256753, 0.9552772808586762)",1,95.266323584249,39150
"(0.8956505897276728, 0.9555491383616382)",1,95.26626754461356,39151
"(0.812161361179875, 0.9552772808586762)",1,95.26594745125816,39152
"(0.9189046799105652, 0.9601840736294516)",1,95.26592966236312,39153
"(0.9855521155830752, 0.9792592592592592)",2,95.2658278910348,39155
"(0.9352667274015588, 0.962604085919332)",1,95.26576807681644,39156
"(0.7857324447417217, 0.9721162455586436)",1,95.26572285414282,39157
"(0.8787790697674417, 0.965497521921464)",1,95.26568399250816,39158
"(0.9508739421428176, 0.9798196948682386)",3,95.26553295387032,39161
"(0.8587799123693967, 0.953556570960922)",1,95.26521512257852,39162
"(0.9391627846790888, 0.95474577471438)",1,95.2651124093776,39163
"(0.7610695631528964, 0.9743589743589745)",1,95.2650547159978,39164
"(0.9433680972830336, 0.9686319966583126)",1,95.26476541438429,39165
"(0.9450031426775612, 0.9504053648283456)",1,95.26472516657095,39166
"(0.8310470779220779, 0.9507857142857142)",1,95.26471881685556,39167
"(0.8886775717208655, 0.9692634363686996)",1,95.26457957502332,39168
"(0.8791239816084535, 0.9551820728291316)",1,95.26392446239656,39169
"(0.9540538847117792, 0.95474577471438)",1,95.26372145033464,39170
"(0.7936975898313424, 0.9677353923600048)",2,95.26353578767385,39172
"(0.8487390350877192, 0.9604697507658034)",1,95.2634456261723,39173
"(0.9226438267614736, 0.9612261904761904)",1,95.2634112122859,39174
"(0.9302579365079364, 0.9734722222222224)",1,95.26334505116374,39175
"(0.8680075424261471, 0.9563953488372092)",1,95.26330957704288,39176
"(0.7766674942072161, 0.9740643495864882)",1,95.26328345815794,39177
"(0.8961538461538462, 0.9754464285714284)",2,95.26326013933962,39179
"(0.8683241252302025, 0.969913169748696)",1,95.26318617371162,39180
"(0.8218375712415833, 0.9519059481326966)",3,95.26308863972774,39183
"(0.9235874607931364, 0.9565375499581746)",1,95.26296829958716,39184
"(0.9047341820740836, 0.9625936563436563)",3,95.26296786973518,39187
"(0.8752365981200475, 0.9498577524893316)",1,95.2629176657226,39188
"(0.5, 0.9841269841269842)",1,95.26289184619806,39189
"(0.8762664758354415, 0.961342940685046)",1,95.26278843984925,39190
"(0.8344950967399947, 0.9595374149659864)",1,95.26276258747158,39191
"(0.8956505897276728, 0.9571428571428572)",1,95.26270558235466,39192
"(0.7240947195575144, 0.9563260001856492)",1,95.26217463575183,39193
"(0.9625936563436563, 0.9508739421428176)",1,95.26215362061832,39194
"(0.812161361179875, 0.9552772808586762)",1,95.26204988204717,39195
"(0.869754330943847, 0.9868055555555556)",2,95.26200713394536,39197
"(0.9202508960573476, 0.9729166666666668)",1,95.26190864277416,39198
"(0.9064516129032258, 0.9530326354679802)",1,95.26144306771214,39199
"(0.7604166666666667, 0.9534181717978908)",1,95.26138062174148,39200
"(0.9298245614035088, 0.953831948291782)",3,95.2612979517818,39203
"(0.8138874207188161, 0.9552772808586762)",1,95.26122948773924,39204
"(0.8900759734093067, 1.0)",1,95.26096676780364,39205
"(0.9406839414771724, 0.95004500450045)",1,95.26086386956474,39206
"(0.7885435936143402, 0.9913490623109498)",3,95.2608286251068,39209
"(0.917978896103896, 0.9612261904761904)",1,95.26060433948874,39210
"(0.7644216248867413, 0.9667774086378738)",1,95.26044219011251,39211
"(0.8704970635597233, 0.9729166666666668)",1,95.26011556649128,39212
"(0.8603013429413692, 0.9577861163227016)",1,95.26005685570688,39213
"(0.6156045751633987, 1.0)",1,95.25979875504297,39214
"(0.8368686868686868, 1.0)",1,95.25954268612978,39215
"(0.7959305979857629, 0.965497521921464)",1,95.25948429605674,39216
"(0.8487390350877192, 0.9692634363686996)",1,95.25922710803944,39217
"(0.9185588416618146, 0.9579551650296714)",2,95.2591214700682,39219
"(0.9118986880466472, 0.9612261904761904)",1,95.25911991413363,39220
"(0.7133874239350912, 0.9754464285714284)",1,95.25900331521012,39221
"(0.8368686868686868, 1.0)",1,95.25874258821888,39222
"(0.77039068737284, 0.9550387596899224)",1,95.25869023319936,39223
"(0.8240047299960582, 0.9552772808586762)",1,95.25868863592568,39224
"(0.9041666666666666, 0.9729166666666668)",1,95.2586807229685,39225
"(0.8429058758006126, 0.9694279341856143)",1,95.2585941841098,39226
"(0.946764828738513, 0.952503401360544)",1,95.25858689505806,39227
"(0.9601840736294516, 0.9526018354129678)",1,95.2584685666076,39228
"(0.9525862068965518, 0.9879464285714284)",1,95.25841311446165,39229
"(0.8387491609744542, 0.965497521921464)",2,95.25835880360036,39231
"(0.8679401993355481, 0.9563953488372092)",1,95.25831581706171,39232
"(0.917978896103896, 0.9428571428571428)",1,95.25807951497684,39233
"(0.6699593128390597, 0.9688819909986466)",1,95.25799367771178,39234
"(0.7682348491460825, 0.9651951748860688)",1,95.25782183978724,39235
"(0.7487501664809803, 0.9730648932943464)",1,95.25777905360708,39236
"(0.9586520604621642, 0.9736054421768708)",1,95.25730385806791,39237
"(0.875869740093878, 0.9734722222222224)",1,95.25715012483408,39238
"(0.944540304191448, 0.9618138828565136)",1,95.25713806489344,39239
"(0.9140535714285716, 0.9574505911522484)",6,95.25704554928488,39245
"(0.9450706646294882, 0.9537087912087912)",1,95.25702077654088,39246
"(0.9185588416618146, 0.9565375499581746)",1,95.25698706598368,39247
"(0.832288597755908, 0.965497521921464)",1,95.25689138754824,39248
"(0.9399404761904762, 0.951596182326806)",1,95.25688971242548,39249
"(0.7687738498092014, 0.9552772808586762)",1,95.25684771743003,39250
"(0.9523529411764708, 0.9608348284368692)",3,95.25659747147677,39253
"(0.9851851851851852, 0.996078431372549)",3,95.25632841306978,39256
"(0.8263429722750363, 0.9575114377859448)",1,95.25627739721322,39257
"(0.9565375499581746, 0.9537087912087912)",1,95.25616356415586,39258
"(0.9391627846790888, 0.9535924585381664)",1,95.25600053270853,39259
"(0.9310828877005348, 0.9715797169307606)",1,95.25593164810763,39260
"(0.8590498776009793, 0.9667774086378738)",2,95.25564704700687,39262
"(0.8339212842322631, 0.9774943735933984)",1,95.25562714096247,39263
"(0.8934374999999999, 0.9767241379310344)",1,95.25558653366318,39264
"(0.9800599128540306, 0.957854853103204)",1,95.2552505802078,39265
"(0.9177054478301016, 0.956140350877193)",1,95.25525043321132,39266
"(0.9508739421428176, 0.9657079385975222)",1,95.25488524655196,39267
"(1.0, 1.0)",1,95.25487441095092,39268
"(0.9131182795698924, 0.9767241379310344)",1,95.2547288680167,39269
"(0.934274781341108, 0.9643596441509156)",1,95.25468173489855,39270
"(0.8813339438339438, 0.9868055555555556)",1,95.25458282139306,39271
"(0.8487390350877192, 0.9649122807017544)",1,95.2544392217728,39272
"(0.9154678277085488, 0.9574505911522484)",1,95.25443130141672,39273
"(0.8604651162790697, 0.9774943735933984)",2,95.25436086430383,39275
"(0.9201388888888888, 0.9743589743589745)",1,95.25429051914574,39276
"(0.8287365047233469, 0.961770130454341)",2,95.25427477655651,39278
"(0.9203845950797168, 0.9574505911522484)",1,95.25427342174504,39279
"(0.8920200638394893, 0.9552772808586762)",2,95.25421876192092,39281
"(0.7566647759500852, 0.9767441860465116)",1,95.25413660387524,39282
"(1.0, 0.9841269841269842)",1,95.25377320159946,39283
"(0.8252552284666469, 0.9563260001856492)",1,95.2537719664766,39284
"(0.93323732718894, 0.9647321428571428)",1,95.25364085165258,39285
"(0.860587002096436, 0.9584283173426188)",1,95.25355616694031,39286
"(0.8157493041213971, 0.9767441860465116)",1,95.25343917572832,39287
"(0.7824770258980785, 0.9788110478899952)",1,95.25343023203952,39288
"(0.828819993216278, 0.9652297777949396)",1,95.25323005707054,39289
"(0.5248560962846677, 0.9716709318919264)",1,95.2532002894204,39290
"(0.8537607374816678, 0.9552772808586762)",1,95.25317296084582,39291
"(0.9111531385231444, 0.9662376557688382)",4,95.25300015749036,39295
"(0.8602450419527078, 0.9707309941520468)",1,95.25296260431564,39296
"(0.8550387596899225, 0.9775193798449612)",1,95.25282829309764,39297
"(0.9548607757926928, 0.9535924585381664)",6,95.25269267816272,39303
"(0.848542995746943, 0.969913169748696)",1,95.2526010929224,39304
"(0.9333531698462172, 0.9537087912087912)",1,95.25259752667046,39305
"(0.9092261904761906, 0.9734722222222224)",1,95.2525179292698,39306
"(0.8511627906976744, 0.9774943735933984)",1,95.252455079634,39307
"(0.8827674567584882, 0.9681338377164)",1,95.25243000669614,39308
"(0.8883076259303203, 0.9611528822055138)",1,95.2524291424562,39309
"(0.9601840736294516, 0.9430427273409928)",1,95.2522922062,39310
"(0.8372177118327734, 0.9577759872287582)",1,95.25227509943244,39311
"(0.8209663503019846, 0.9630672573903032)",1,95.25206916843923,39312
"(0.8607558212871163, 0.9526018354129678)",1,95.25185115568414,39313
"(0.9606447334368527, 0.9678608196882048)",1,95.25172326941724,39314
"(0.7466033149795865, 0.9763808626603664)",4,95.25169864005412,39318
"(0.9678608196882048, 0.9681338377164)",1,95.25169558417592,39319
"(0.8883076259303203, 0.955)",2,95.25167820583144,39321
"(0.6782946827273069, 0.9868055555555556)",1,95.25162549227748,39322
"(0.8955165692007796, 0.9736842105263158)",1,95.25158502031736,39323
"(0.8742045454545455, 0.9767241379310344)",1,95.2514483652269,39324
"(0.8060320096123339, 0.9747439067467324)",1,95.25117615355784,39325
"(0.9393939393939392, 0.953054992365648)",1,95.25117039645734,39326
"(0.9615343915343916, 1.0)",2,95.2511265864314,39328
"(0.8737236721611722, 0.9665714285714284)",1,95.25106067988423,39329
"(0.8567397660818714, 0.9868055555555556)",1,95.25104180503897,39330
"(0.8503626025507386, 0.9723673955585146)",1,95.25078281109434,39331
"(0.7112386382871769, 0.9689735033422407)",1,95.25058862241784,39332
"(0.9495131982526256, 0.9485046203796204)",2,95.25053789212112,39334
"(0.7687738498092014, 0.9552772808586762)",1,95.25048506911024,39335
"(0.710494931425164, 0.9550387596899224)",2,95.2503631739548,39337
"(0.955045504550455, 0.9501800720288114)",1,95.2503604443197,39338
"(0.8750423764725823, 0.9563260001856492)",1,95.25033378908137,39339
"(0.809724025974026, 0.9754464285714284)",1,95.25023456797412,39340
"(0.8941062801932367, 0.9868055555555556)",1,95.2500208548702,39341
"(0.9047619047619048, 0.9841269841269842)",1,95.24998795378148,39342
"(0.8803770478529594, 0.9574505911522484)",1,95.24982881242244,39343
"(0.8752365981200475, 0.9534840838509316)",1,95.24969066059478,39344
"(0.5631200055111601, 0.963048245614035)",1,95.24966303740798,39345
"(0.5840730904484518, 0.9740643495864882)",1,95.24954220180804,39346
"(0.9284391534391534, 0.9721171802054156)",1,95.24939590441652,39347
"(0.9302579365079364, 0.9734722222222224)",1,95.24935072403773,39348
"(0.8361410189075631, 0.9507857142857142)",1,95.24933919970633,39349
"(0.9031297003355316, 0.9667774086378738)",2,95.24933219849922,39351
"(0.8975847069597069, 0.9618138828565136)",1,95.24920117783934,39352
"(0.8912382111347733, 0.9694279341856143)",1,95.24874155060289,39353
"(0.8392857142857143, 0.9580611248779756)",1,95.24873826833536,39354
"(0.6856760145918833, 1.0)",1,95.248603892288,39355
"(0.9247241379310346, 0.9754464285714284)",1,95.24857810062228,39356
"(0.7544006919006919, 1.0)",1,95.2481205069482,39357
"(0.9064872325741892, 0.9868055555555556)",1,95.24811735633816,39358
"(0.9047558922558924, 0.9734722222222224)",1,95.2480441164776,39359
"(0.8753753753753755, 0.9577861163227016)",2,95.24763367558708,39361
"(0.9152165481577246, 0.9555491383616382)",1,95.24754614579716,39362
"(0.8641929499072356, 0.9657079385975222)",1,95.2472855493158,39363
"(0.9406839414771724, 0.9577861163227016)",1,95.24706695088712,39364
"(0.901648307790549, 0.9624821937321938)",1,95.24705366607608,39365
"(0.896551724137931, 1.0)",1,95.24689723246382,39366
"(0.908998988877654, 0.965497521921464)",2,95.24682532821336,39368
"(0.8807378807378808, 0.9584283173426188)",2,95.24679732402797,39370
"(0.90437564499484, 0.964967320261438)",1,95.24669889175986,39371
"(0.867165782859099, 0.9552772808586762)",1,95.24664802448568,39372
"(0.882563025210084, 0.9380552220888356)",3,95.2466324354314,39375
"(0.8603013429413692, 0.9554098688819938)",1,95.24661746506204,39376
"(0.8616019521984972, 0.9723109964002158)",2,95.24653173711312,39378
"(0.7025855842842699, 0.9667774086378738)",1,95.24641137929764,39379
"(0.8680075424261471, 0.9667774086378738)",1,95.24629834824503,39380
"(0.9536498942777852, 0.9541309523809522)",1,95.24623525031984,39381
"(0.8942415173616616, 0.9541309523809522)",3,95.24612906729804,39384
"(0.9142857142857144, 0.9565375499581746)",1,95.24597116236828,39385
"(0.8629629629629629, 0.9868055555555556)",1,95.24579567706994,39386
"(0.8744995950480157, 0.965497521921464)",1,95.2456438754232,39387
"(0.8439572704081633, 0.9574505911522484)",1,95.24552349826816,39388
"(0.8125, 1.0)",2,95.2451946126946,39390
"(0.9570371875635032, 0.9586520604621642)",1,95.24501134987504,39391
"(0.8502024291497975, 0.9658154816997468)",2,95.2449334118806,39393
"(0.8823631647905025, 0.9525113127828196)",1,95.24488031627352,39394
"(0.7381210410308627, 0.9705722423832436)",1,95.2448732377034,39395
"(0.8890722680670169, 0.9774943735933984)",1,95.24484319091547,39396
"(0.9020844965568584, 0.9590584415584414)",1,95.24480245588462,39397
"(0.8469620378630193, 0.969913169748696)",3,95.24469709690707,39400
"(0.832288597755908, 0.9774943735933984)",1,95.24468529077926,39401
"(0.942599584906604, 0.9516258530710558)",2,95.24452331707144,39403
"(0.8726622214994307, 0.9552772808586762)",1,95.24440172676886,39404
"(0.863739209133946, 0.969913169748696)",1,95.244338682355,39405
"(0.942961408510189, 0.9647217861503576)",1,95.24423937659331,39406
"(0.9612261904761904, 0.9555491383616382)",1,95.24417943035472,39407
"(0.96625, 0.9754464285714284)",1,95.2441318794667,39408
"(0.498048399687744, 0.9550387596899224)",1,95.24407495740805,39409
"(0.9450706646294882, 0.9360538014841208)",1,95.24406534071404,39410
"(0.9386724386724388, 0.9841269841269842)",2,95.24392717514507,39412
"(0.8063349885408708, 0.9879464285714284)",1,95.24379868647358,39413
"(0.9203845950797168, 0.9612261904761904)",1,95.2437199312841,39414
"(0.9606447334368527, 0.9686319966583126)",1,95.24362387812478,39415
"(0.9032873606650292, 0.9612261904761904)",1,95.24361800313784,39416
"(0.8524177828082752, 0.9577759872287582)",1,95.24359475166766,39417
"(0.9696969696969696, 0.9841269841269842)",1,95.24355814655677,39418
"(0.8324299119892755, 0.969913169748696)",1,95.24355770570922,39419
"(0.8827674567584882, 0.9642857142857144)",4,95.24353046099058,39423
"(0.9094344316674038, 0.9647217861503576)",1,95.2434873852212,39424
"(0.9189046799105652, 0.9557291666666669)",1,95.24330763680624,39425
"(0.9678608196882048, 0.9643596441509156)",1,95.24319641892274,39426
"(0.8232883796793572, 0.9788110478899952)",3,95.24307229601244,39429
"(0.8157794009760454, 0.9577861163227016)",1,95.24305880846222,39430
"(0.938570380142761, 0.9606447334368527)",3,95.24301502391758,39433
"(0.6851810692271219, 0.9667712327175554)",1,95.24300106983289,39434
"(0.942599584906604, 0.9577861163227016)",2,95.24278980421305,39436
"(0.954682426948052, 0.9606447334368527)",3,95.24271503370554,39439
"(0.9548607757926928, 0.950700596776178)",1,95.2426977275036,39440
"(0.9360538014841208, 0.9571428571428572)",1,95.24268516319152,39441
"(0.9625936563436563, 0.9606615844690656)",1,95.24259705704912,39442
"(0.9454986295593504, 0.9868055555555556)",1,95.24250467500818,39443
"(0.896551724137931, 1.0)",1,95.24241811828024,39444
"(0.8328310218112851, 0.9507857142857142)",1,95.24239590121668,39445
"(0.8382250174703006, 0.962604085919332)",1,95.2423684101207,39446
"(0.9125701913010372, 0.9658154816997468)",1,95.2423211017546,39447
"(0.947866344605475, 0.9554098688819938)",2,95.24231886370092,39449
"(0.95004500450045, 0.9526018354129678)",1,95.2422166967324,39450
"(0.5840730904484518, 0.9658154816997468)",2,95.242133168086,39452
"(0.7687738498092014, 0.9552772808586762)",2,95.2420655705045,39454
"(0.8737236721611722, 0.9618610747051114)",1,95.2420441220704,39455
"(0.8896310286935287, 0.9537087912087912)",1,95.24191276199365,39456
"(0.8060320096123339, 0.961770130454341)",1,95.24169367651848,39457
"(0.6780094316207496, 0.9473039215686276)",1,95.24168387094838,39458
"(0.9140535714285716, 0.9571428571428572)",1,95.2415822065004,39459
"(0.255916955017301, 0.9473039215686276)",1,95.24146685134332,39460
"(0.8831018518518517, 1.0)",1,95.24133449131132,39461
"(0.763189368770764, 0.9552772808586762)",1,95.24116353956757,39462
"(0.9538729657213072, 0.9484080262531626)",2,95.24114159364868,39464
"(0.96004600460046, 0.9375109377734444)",2,95.24102060586785,39466
"(0.6732790275608831, 0.9667774086378738)",1,95.24097503486178,39467
"(0.877567124143858, 0.9667081046663232)",1,95.2407705104133,39468
"(0.8590027258042806, 0.9649122807017544)",1,95.24062108556372,39469
"(0.924126984126984, 0.9526018354129678)",1,95.2405768731116,39470
"(0.8584326321395287, 0.9537087912087912)",1,95.24057590965856,39471
"(0.8457446808510638, 0.9748677248677248)",1,95.2405166117318,39472
"(0.77039068737284, 0.9774943735933984)",1,95.24048772125025,39473
"(0.8388283928211333, 0.9729166666666668)",1,95.24047823072698,39474
"(0.9283194472668156, 0.9565375499581746)",1,95.2404039630101,39475
"(0.8370512373649356, 0.9782702035744222)",1,95.24038668776312,39476
"(0.9665714285714284, 0.9465827539807132)",1,95.2401349886466,39477
"(0.7925825464094582, 0.9747439067467324)",1,95.2399354037178,39478
"(0.89246409531063, 0.9565375499581746)",4,95.23978933639754,39482
"(0.8244159679375627, 0.9552772808586762)",1,95.2397827092509,39483
"(0.9579966888808584, 0.9715797169307606)",3,95.239656577706,39486
"(0.8367625143940933, 0.9568870566527607)",3,95.23964859561552,39489
"(0.9925925925925926, 0.996078431372549)",3,95.23963825902511,39492
"(0.9222222222222224, 0.9752450980392156)",1,95.23956404175924,39493
"(0.8198932646301067, 0.9530326354679802)",1,95.23949827392732,39494
"(0.8831509426561547, 0.9740643495864882)",1,95.23944293025136,39495
"(0.8576356621891807, 0.9551820728291316)",1,95.23943930190732,39496
"(0.6834625322997416, 0.965497521921464)",1,95.23919783690098,39497
"(0.8901450053705692, 0.9737148229943366)",1,95.2391729426204,39498
"(0.7901692183722804, 0.9473039215686276)",1,95.2390803624729,39499
"(0.9841269841269842, 1.0)",1,95.23907385688288,39500
"(0.833299023307944, 0.9707309941520468)",1,95.23877767954164,39501
"(0.7893847194050033, 0.95004500450045)",1,95.23875574172165,39502
"(0.9001409893736627, 0.9555491383616382)",1,95.23871452394395,39503
"(0.9360538014841208, 0.95474577471438)",2,95.23867495287178,39505
"(0.9612261904761904, 0.9650363879165252)",3,95.2386713862168,39508
"(0.8351693186454507, 0.965497521921464)",1,95.23850091316764,39509
"(0.7825263949961201, 0.9552772808586762)",1,95.23840247720632,39510
"(0.8896310286935287, 0.9356619570905284)",1,95.2382951122396,39511
"(0.839484868820503, 0.9694095827515072)",1,95.23808649586016,39512
"(0.9618138828565136, 0.9683214285714286)",1,95.23807656972612,39513
"(0.9450706646294882, 0.9537087912087912)",1,95.23782340398348,39514
"(0.8300222204120055, 0.9981052806756524)",2,95.2377586215436,39516
"(0.874025901365936, 0.9885627144491042)",1,95.2377537598104,39517
"(0.8965217391304348, 0.9734722222222224)",1,95.23769362201656,39518
"(0.7732567104236692, 0.99375332083138)",1,95.23763000690992,39519
"(0.9534840838509316, 0.9548607757926928)",1,95.23760859026488,39520
"(0.9144192834138488, 0.9868055555555556)",1,95.237551704275,39521
"(0.8671417195826613, 0.9667774086378738)",1,95.23753781826174,39522
"(0.9525862068965518, 0.9767241379310344)",2,95.23748128429682,39524
"(0.710494931425164, 0.9667774086378738)",1,95.2373842403412,39525
"(0.944540304191448, 0.9618610747051114)",2,95.23731150567076,39527
"(0.9393939393939392, 0.945044504450445)",1,95.23713348052624,39528
"(0.9096474293842716, 0.9658154816997468)",1,95.23712044621298,39529
"(0.9292946051030736, 0.9612261904761904)",1,95.23705995760116,39530
"(0.9, 1.0)",1,95.23704543852396,39531
"(0.8975847069597069, 0.9555491383616382)",1,95.23697932028462,39532
"(0.8975847069597069, 0.9565375499581746)",1,95.23673408385424,39533
"(0.7525832376578646, 0.9557291666666669)",1,95.23670432895368,39534
"(0.9534840838509316, 0.9498577524893316)",1,95.23668844298729,39535
"(0.9214457417582416, 0.9555491383616382)",1,95.23663212001676,39536
"(0.950682393081946, 0.9678608196882048)",1,95.23662009580622,39537
"(0.8301220908241457, 0.9645639900584574)",1,95.23654751370113,39538
"(0.8368686868686868, 0.986574074074074)",1,95.23644148408272,39539
"(0.8117825361512793, 0.9754464285714284)",1,95.2361792490852,39540
"(0.9386363636363636, 0.9759093915343916)",1,95.23612707357702,39541
"(0.8656015037593985, 0.9563260001856492)",1,95.23606256165152,39542
"(0.8614047451256753, 0.9552772808586762)",1,95.23569285640092,39543
"(0.9018055555555556, 0.9868055555555556)",2,95.2355581270464,39545
"(0.961342940685046, 0.9749660326086956)",1,95.23520602149672,39546
"(0.8791954022988505, 0.9734722222222224)",2,95.23505333987404,39548
"(0.9565217391304348, 0.9841269841269842)",1,95.23496433717638,39549
"(0.7217510259917921, 0.9534883720930232)",2,95.2347256710111,39551
"(0.978144708175668, 0.9649963689179376)",1,95.23472088621054,39552
"(0.901648307790549, 0.9507857142857142)",1,95.23472030300476,39553
"(0.8046779964221825, 0.965497521921464)",1,95.23465113919116,39554
"(0.8326984126984126, 0.9526018354129678)",1,95.23455519354788,39555
"(0.750280826988639, 0.9712841825137856)",4,95.23445465138148,39559
"(0.9916666666666668, 0.829613038598546)",1,95.23426669263384,39560
"(0.7613039621525723, 0.9694095827515072)",1,95.23418886039384,39561
"(0.8590036231884057, 0.9743589743589745)",1,95.234104126563,39562
"(0.8697092516251784, 0.95)",1,95.23406758895436,39563
"(0.8765565134099617, 0.9866666666666666)",1,95.23399134326776,39564
"(0.7987835673811283, 0.9734722222222224)",1,95.23397738607922,39565
"(0.8275096819218369, 0.9969657800977711)",3,95.2339258737925,39568
"(0.9498577524893316, 0.9612261904761904)",1,95.23390848519276,39569
"(0.8799035686171609, 0.927411525802458)",1,95.23381351282684,39570
"(0.8339212842322631, 0.9774943735933984)",1,95.2337470728714,39571
"(0.8244159679375627, 0.9667081046663232)",1,95.23367363833104,39572
"(0.8778976239800449, 0.9354988823409874)",1,95.23362897703026,39573
"(0.7232797675460064, 0.9774943735933984)",1,95.23360696954086,39574
"(0.8322048866647042, 0.9774943735933984)",1,95.23353741681088,39575
"(0.93218671679198, 0.9612261904761904)",1,95.2330716712631,39576
"(0.7913587204505935, 0.9966060100623428)",2,95.23290390249836,39578
"(0.8445548587280515, 0.9646943681221904)",1,95.23267339385843,39579
"(0.8778976239800449, 0.9595374149659864)",1,95.23248179610523,39580
"(0.9538729657213072, 0.962604085919332)",1,95.2324437779797,39581
"(0.8837209302325582, 0.9774943735933984)",1,95.23239951180386,39582
"(0.920373952288846, 0.9525113127828196)",1,95.23223661240912,39583
"(0.8626749541653624, 0.9516760651629074)",3,95.23193216087948,39586
"(0.8247218142199136, 0.9992431021625652)",3,95.23169311959944,39589
"(0.7827659652601814, 0.9557291666666669)",1,95.2316700073264,39590
"(0.819456287849504, 0.998110291927316)",1,95.23166870835117,39591
"(0.8975847069597069, 0.9565375499581746)",3,95.23154799822804,39594
"(0.8663406611415462, 0.9612261904761904)",1,95.23153302344907,39595
"(0.9020844965568584, 0.9565375499581746)",1,95.231529081748,39596
"(0.8410218253968254, 0.945044504450445)",2,95.2314973764773,39598
"(0.9318646435925092, 0.9463234342650104)",1,95.23146925431595,39599
"(0.8138874207188161, 0.9552772808586762)",1,95.23135870242172,39600
"(0.8663406611415462, 0.9650363879165252)",1,95.23134549935205,39601
"(0.7232797675460064, 0.9550387596899224)",1,95.2313153632885,39602
"(0.8604651162790697, 0.9667774086378738)",1,95.23128873242038,39603
"(0.924126984126984, 0.9551820728291316)",1,95.23120680921784,39604
"(0.8638088157947971, 0.9612261904761904)",1,95.23093937795316,39605
"(0.9462631140307872, 0.9579551650296714)",1,95.230932271186,39606
"(0.8757566103854729, 0.9667774086378738)",1,95.230910489463,39607
"(0.9230769230769232, 1.0)",1,95.2308540882444,39608
"(0.9688819909986466, 0.9606615844690656)",3,95.23064365689626,39611
"(0.9577861163227016, 0.9493987095478396)",1,95.23062720191736,39612
"(0.8339307048984469, 1.0)",1,95.23051105551158,39613
"(0.8259011519881087, 0.9868055555555556)",1,95.2300618103808,39614
"(0.9462631140307872, 0.9503404207824095)",1,95.23000736148111,39615
"(0.8556244819380197, 0.9575114377859448)",1,95.22973104412094,39616
"(0.9073004201680672, 0.9624656593406592)",1,95.22972936608517,39617
"(0.9457203293797688, 0.9554098688819938)",1,95.2296634070018,39618
"(0.8939664986176614, 0.9667774086378738)",1,95.22953278658646,39619
"(0.8753462245347001, 0.960414372935642)",1,95.22945511297966,39620
"(0.7823464912280702, 0.9651951748860688)",3,95.22922091626684,39623
"(0.9447018709564609, 0.965497521921464)",1,95.22904075281288,39624
"(0.9688819909986466, 0.9625936563436563)",1,95.22897696854166,39625
"(0.9035087719298246, 0.9913490623109498)",1,95.22894231332218,39626
"(0.9565217391304348, 1.0)",1,95.22889908344568,39627
"(0.8065226115972981, 0.9580696547657744)",1,95.2288938905149,39628
"(0.8571428571428572, 1.0)",1,95.2287290124102,39629
"(0.9774943735933984, 0.9667774086378738)",2,95.22866663566724,39631
"(0.930071105365223, 0.9645607615220874)",1,95.22864115325204,39632
"(0.8794618055555555, 0.9748677248677248)",2,95.22850139547695,39634
"(0.9064872325741892, 0.9868055555555556)",1,95.2284832978655,39635
"(0.7413196411832449, 0.9783322842903514)",1,95.228346630089,39636
"(0.946764828738513, 0.95)",1,95.22827231347529,39637
"(0.8627653708298868, 0.9866666666666666)",1,95.22815508325222,39638
"(0.8799035686171609, 0.9579551650296714)",3,95.22795795712145,39641
"(1.0, 1.0)",1,95.22794975685044,39642
"(0.9525862068965518, 0.9767241379310344)",1,95.22760605270253,39643
"(0.917531186761956, 0.95004500450045)",3,95.22756281666322,39646
"(0.9320451606275656, 0.969913169748696)",2,95.2273901641786,39648
"(0.8500647757655945, 0.953054992365648)",1,95.22731488452584,39649
"(0.8774993038150933, 0.9651951748860688)",1,95.22730000899278,39650
"(0.8856424148606811, 0.9866666666666666)",1,95.22727592822086,39651
"(0.8626885995307049, 0.9740643495864882)",1,95.22722896627876,39652
"(0.9630672573903032, 0.9561403508771932)",1,95.22710992369416,39653
"(0.9290099096728932, 0.9537087912087912)",1,95.22706956764114,39654
"(0.8956887573811897, 0.9676526734432384)",1,95.22698462853872,39655
"(0.9319444444444444, 0.9743589743589745)",1,95.22689641684708,39656
"(0.7294483504597079, 0.9774943735933984)",1,95.22681386966802,39657
"(0.7659052711993889, 0.9637433687002652)",1,95.22678655408936,39658
"(0.9344155844155844, 0.9625936563436563)",6,95.22673223932344,39664
"(0.899997244510117, 0.9628635734072022)",1,95.22662692811036,39665
"(0.9293342911877394, 0.9868055555555556)",1,95.22657747828382,39666
"(0.8423371647509579, 1.0)",1,95.22656806256654,39667
"(0.7913587204505935, 0.9984839948076338)",2,95.2265559852212,39669
"(0.763189368770764, 0.9552772808586762)",1,95.2265355767368,39670
"(0.7365451388888888, 0.9748677248677248)",1,95.2261881441682,39671
"(0.6865085248332097, 0.9686319966583126)",1,95.2261881435537,39672
"(0.7496650452295612, 1.0)",1,95.22618289415468,39673
"(0.8927951388888888, 0.9866666666666666)",1,95.22586686392349,39674
"(0.8765565134099617, 0.9866666666666666)",1,95.2258177226472,39675
"(0.9577861163227016, 0.9516258530710558)",1,95.22576139993288,39676
"(0.8100693112010285, 0.970870985621564)",1,95.22572061412066,39677
"(0.8703288070923577, 0.962604085919332)",1,95.22568208481248,39678
"(0.8786454023420848, 0.960414372935642)",1,95.22558552080277,39679
"(0.9351600241545894, 0.9729166666666668)",1,95.22547285682928,39680
"(0.8756479140328698, 0.9541309523809522)",3,95.22527839102696,39683
"(0.9308485656257932, 0.9503404207824095)",1,95.22525293907792,39684
"(0.847123015873016, 0.9868055555555556)",1,95.22501083541374,39685
"(0.8632677198614513, 0.96004600460046)",1,95.22496384055262,39686
"(0.7825263949961201, 0.9552772808586762)",1,95.22493949526456,39687
"(0.8853132832080202, 0.969913169748696)",4,95.22481463716996,39691
"(0.8726622214994307, 0.9767441860465116)",2,95.22481158130935,39693
"(0.9408601779678556, 0.9608348284368692)",1,95.22477259540008,39694
"(0.9800599128540306, 0.9882352941176472)",1,95.22429513843004,39695
"(0.832288597755908, 0.9550387596899224)",1,95.22427891391342,39696
"(0.9060206664893564, 0.9736842105263158)",1,95.22409767161656,39697
"(0.9447018709564609, 0.9667774086378738)",1,95.22396632284544,39698
"(0.8639328063241105, 0.9754464285714284)",1,95.22391065010072,39699
"(0.8895225947521866, 0.9595374149659864)",6,95.2239073194443,39705
"(0.9081468615856708, 0.965842583177692)",1,95.22354396436624,39706
"(0.8887191358024692, 0.9743589743589745)",1,95.2234456722267,39707
"(0.8363148479427549, 0.9552772808586762)",1,95.22336534202032,39708
"(0.8887191358024692, 0.9743589743589745)",1,95.22312576373282,39709
"(0.9135802469135802, 1.0)",1,95.223089954974,39710
"(0.8322048866647042, 0.965497521921464)",1,95.22297726324182,39711
"(0.9800599128540306, 0.9727980080921256)",1,95.22295008402902,39712
"(0.8500647757655945, 0.9577861163227016)",2,95.22294372190218,39714
"(0.8721161002232697, 0.9561403508771932)",1,95.22292687005118,39715
"(0.8429058758006126, 0.9788110478899952)",8,95.22290789280038,39723
"(0.7201061865189289, 0.969913169748696)",3,95.2225461848681,39726
"(0.8807378807378808, 0.9584283173426188)",1,95.22224694513896,39727
"(0.9696969696969696, 1.0)",1,95.22212680676022,39728
"(0.6448214285714287, 0.9754464285714284)",1,95.22174055013949,39729
"(0.9216927182615324, 0.977638640429338)",1,95.22172283871498,39730
"(0.763189368770764, 0.9552772808586762)",1,95.22132673823472,39731
"(0.440570263070263, 0.9717348360989482)",1,95.22118705689157,39732
"(0.6403503049675462, 0.9885627144491042)",1,95.2211038880939,39733
"(0.9055383852258851, 0.9586520604621642)",1,95.22099318886627,39734
"(0.9523529411764708, 0.9642166226376752)",1,95.22098157591668,39735
"(0.7681574239713774, 0.965497521921464)",1,95.22085771884332,39736
"(0.8700357638518202, 0.969913169748696)",1,95.22072075574545,39737
"(0.8896256684491979, 0.9380552220888356)",3,95.22069016584064,39740
"(0.8946752284039163, 0.9574505911522484)",6,95.22046132611372,39746
"(0.9449122174122172, 0.9882352941176472)",1,95.22028278269444,39747
"(0.8643650793650794, 0.9615343915343916)",2,95.22027069714903,39749
"(0.9049919484702094, 0.9841269841269842)",1,95.22010920646018,39750
"(0.9881481481481482, 0.996078431372549)",1,95.22006911461818,39751
"(0.8686688472593915, 0.9563260001856492)",1,95.21989940550036,39752
"(0.7795420040485829, 0.9740643495864882)",1,95.2198712727039,39753
"(0.6988221026049972, 0.9568870566527607)",1,95.21981485948892,39754
"(0.9366629231646204, 0.9665714285714284)",1,95.2198023364198,39755
"(0.9094344316674038, 0.9618138828565136)",1,95.21979540001831,39756
"(0.920373952288846, 0.9451780712284916)",2,95.2196474745146,39758
"(0.8527777777777779, 0.9841269841269842)",1,95.21962526611918,39759
"(0.7167919799498746, 1.0)",1,95.21958038554978,39760
"(0.8853349024500907, 0.9624821937321938)",1,95.21952746281984,39761
"(0.5632697044334976, 0.9776108152703818)",1,95.21939778156714,39762
"(0.8745595489781537, 0.9552772808586762)",1,95.21936125416444,39763
"(0.9465769388085848, 0.9565375499581746)",1,95.2191313375996,39764
"(0.8168099704707312, 0.9610152916073968)",1,95.2190262513834,39765
"(0.7105621431708389, 0.9868055555555556)",3,95.21878043059144,39768
"(0.8798475538617097, 0.9550387596899224)",1,95.21864108234249,39769
"(0.892996794871795, 0.9754464285714284)",1,95.21861090498916,39770
"(0.8956887573811897, 0.9716524736061716)",1,95.21851291726291,39771
"(0.9290099096728932, 0.9608348284368692)",1,95.21815099440768,39772
"(0.7410714285714286, 1.0)",1,95.21810769853424,39773
"(0.9688888888888888, 0.9628819709702064)",1,95.21810319615342,39774
"(0.8695840213886922, 0.9554098688819938)",1,95.21802292846752,39775
"(0.9371419957793188, 0.9577861163227016)",1,95.2178953539009,39776
"(0.919558409766488, 0.9667774086378738)",1,95.21782634288223,39777
"(0.8633207015199207, 0.9499369338378628)",1,95.21780203414376,39778
"(0.9571395713710704, 0.9555491383616382)",1,95.21775240226404,39779
"(0.9047619047619048, 0.9841269841269842)",2,95.217716314818,39781
"(0.9176086048454468, 0.952503401360544)",3,95.21771057518713,39784
"(0.9688888888888888, 0.9753376906318084)",1,95.2176177175501,39785
"(0.907908163265306, 0.9785754927860192)",1,95.2176015886744,39786
"(0.8101851851851852, 0.9780571219715956)",1,95.21749521038906,39787
"(0.8693120323003425, 0.9462631140307872)",1,95.21744696207674,39788
"(0.8060320096123339, 0.9610152916073968)",5,95.21736679580954,39793
"(0.8722453294915884, 0.9565375499581746)",2,95.21726661797028,39795
"(0.8920200638394893, 0.9552772808586762)",1,95.217263458856,39796
"(0.7996201329534663, 1.0)",1,95.21689319917094,39797
"(0.9405634236453204, 0.9624656593406592)",1,95.21655882101496,39798
"(0.7962242261245582, 0.9546136534133534)",1,95.21642468180688,39799
"(0.9252046422964788, 0.9541309523809522)",1,95.2163283878649,39800
"(0.8457575757575757, 0.9868055555555556)",1,95.2162986464593,39801
"(0.8183159722222222, 0.9507857142857142)",1,95.21627372449689,39802
"(0.8365744453354719, 0.9767441860465116)",1,95.21620626607054,39803
"(0.8744995950480157, 0.965497521921464)",1,95.2161927917231,39804
"(0.8347694683658232, 0.961770130454341)",1,95.215974028443,39805
"(0.8301220908241457, 0.965335085485536)",1,95.21590598777502,39806
"(0.8209663503019846, 0.955045504550455)",1,95.21583379259133,39807
"(0.5499596733541687, 0.9727985948477752)",1,95.21573059907658,39808
"(0.919355128199818, 0.969913169748696)",1,95.21566731519036,39809
"(0.9216397849462366, 0.9868055555555556)",2,95.21561248194044,39811
"(0.9201573680323905, 0.955045504550455)",1,95.21556914640485,39812
"(0.6700292397660818, 0.969913169748696)",1,95.21555066521806,39813
"(0.9405634236453204, 0.9754464285714284)",2,95.21517301920176,39815
"(0.7240947195575144, 0.9560805836777236)",1,95.21516490598552,39816
"(0.832288597755908, 0.9774943735933984)",1,95.21497756778204,39817
"(0.8926118154230125, 0.9612261904761904)",3,95.2147455574666,39820
"(0.8755813953488372, 0.9546136534133534)",1,95.2147094216235,39821
"(0.8046779964221825, 0.9767441860465116)",1,95.2145519635058,39822
"(0.9601840736294516, 0.9475111877796946)",3,95.2144878773161,39825
"(0.8949757492849149, 0.9552772808586762)",1,95.21442597161771,39826
"(0.9485046203796204, 0.9565375499581746)",1,95.21436667829082,39827
"(0.8857407747009801, 0.9648977033360302)",1,95.21433654077204,39828
"(0.8469620378630193, 0.9651951748860688)",1,95.21427013082464,39829
"(0.9111531385231444, 0.9657868904133938)",1,95.2141874980028,39830
"(0.9466207660652104, 1.0)",1,95.21414334693026,39831
"(0.8282752506308395, 0.9667774086378738)",1,95.21402086815424,39832
"(0.9214157914304304, 0.9574505911522484)",1,95.21400265813116,39833
"(0.8806818181818181, 0.9748677248677248)",2,95.21394143763348,39835
"(0.9360538014841208, 0.9555491383616382)",1,95.21383339573497,39836
"(0.8761996081728679, 0.969913169748696)",2,95.21381251716656,39838
"(0.710494931425164, 0.9774943735933984)",1,95.21376257427193,39839
"(0.752024332194945, 0.9693668638028468)",3,95.21365987291692,39842
"(0.8550741594067247, 1.0)",1,95.2135576258722,39843
"(0.8495620604952712, 0.9659395903106508)",1,95.21347539170972,39844
"(0.8703288070923577, 0.9577861163227016)",2,95.21342373129616,39846
"(0.7800259083338473, 0.9667774086378738)",1,95.21332900117804,39847
"(0.710494931425164, 0.9774943735933984)",1,95.21324560975384,39848
"(0.932845238095238, 0.9565375499581746)",1,95.21309155963613,39849
"(0.9390638788116482, 0.9574505911522484)",1,95.21300967696384,39850
"(0.5943117201606165, 0.9694279341856143)",1,95.21292482591998,39851
"(0.9414843966800374, 0.9577861163227016)",1,95.21291203946832,39852
"(0.5542859341335796, 0.9781614000609122)",1,95.21274427217074,39853
"(0.7675745732164193, 0.9788110478899952)",3,95.2127026337802,39856
"(0.5862033779028853, 0.969796232543848)",1,95.21262793483994,39857
"(0.9302579365079364, 0.9868055555555556)",1,95.2126134343004,39858
"(0.9310789204679486, 0.9665714285714284)",1,95.21260511750886,39859
"(1.0, 1.0)",2,95.2122619927498,39861
"(0.8437596183441058, 0.9648977033360302)",1,95.2121074364093,39862
"(0.8604651162790697, 0.9774943735933984)",1,95.21200202200522,39863
"(0.8129898303922073, 0.986574074074074)",1,95.21196209014276,39864
"(0.93916595083917, 0.9534840838509316)",1,95.21165363512644,39865
"(0.7913587204505935, 0.9954635805096405)",1,95.21164283811603,39866
"(0.907908163265306, 0.9716709318919264)",1,95.21140030060856,39867
"(0.9103195488721804, 0.952503401360544)",1,95.21130653053906,39868
"(0.9696969696969696, 0.9841269841269842)",1,95.21128985995502,39869
"(0.7528065463003987, 0.9739048856548858)",2,95.21126354248604,39871
"(0.96, 0.955045504550455)",1,95.21124411218328,39872
"(0.8926559394175094, 0.9649122807017544)",1,95.21108812634245,39873
"(0.8487390350877192, 0.9694279341856143)",1,95.2110359382732,39874
"(0.915422077922078, 0.9754464285714284)",1,95.21095859029288,39875
"(0.7400546757164405, 1.0)",2,95.21094249520368,39877
"(0.9595374149659864, 0.9612261904761904)",1,95.21089960711818,39878
"(0.8885119047619048, 0.9734722222222224)",2,95.2107197261219,39880
"(0.7240947195575144, 0.961770130454341)",2,95.2103374925818,39882
"(0.765625, 0.9630672573903032)",1,95.21031122169104,39883
"(0.8351555421322864, 0.9767441860465116)",1,95.2102174346646,39884
"(0.9248976608187136, 0.9509481668773704)",1,95.21019103693304,39885
"(0.9535924585381664, 0.9721176108033788)",1,95.21015252803303,39886
"(0.8469620378630193, 0.9651951748860688)",1,95.21003828055566,39887
"(0.8439484126984128, 1.0)",1,95.20990323752304,39888
"(0.9366629231646204, 0.9665714285714284)",3,95.20979087554156,39891
"(0.8786453242098404, 0.9866666666666666)",2,95.2094691399856,39893
"(0.9536498942777852, 0.9541309523809522)",1,95.20932097178252,39894
"(0.8616279069767441, 0.9552772808586762)",1,95.20908960499888,39895
"(0.8993950442762655, 0.9473684210526316)",1,95.20907347812984,39896
"(0.8273891966759003, 0.9694279341856143)",1,95.20904275756244,39897
"(0.8373852304418176, 0.9658154816997468)",1,95.2089964106529,39898
"(0.895751096491228, 0.9651951748860688)",1,95.20893932688456,39899
"(0.9192251461988304, 0.9816305469556244)",1,95.20862520967154,39900
"(0.9206349206349206, 0.9841269841269842)",1,95.20858752424505,39901
"(0.7835917312661498, 0.9546136534133534)",1,95.20858185531534,39902
"(0.9405634236453204, 0.9754464285714284)",1,95.20857761223002,39903
"(0.8426812585499316, 0.9667774086378738)",1,95.20856462876046,39904
"(0.8871004696987055, 0.9774943735933984)",1,95.20843232613971,39905
"(0.952503401360544, 0.945469387755102)",1,95.20840033186612,39906
"(0.7043026257645882, 0.960657765442102)",6,95.2082279112354,39912
"(0.9202508960573476, 0.9868055555555556)",1,95.20803213933796,39913
"(0.8319805194805194, 0.9507857142857142)",1,95.20799784799758,39914
"(0.930071105365223, 0.9570371875635032)",1,95.20794711424894,39915
"(0.9302579365079364, 0.9583928571428572)",1,95.2079432383276,39916
"(0.8516362734449852, 0.9780571219715956)",1,95.20790332095218,39917
"(0.8522544946607246, 0.9669133592079632)",4,95.20778776265036,39921
"(0.7112386382871769, 0.9751463461862536)",2,95.20776956592636,39923
"(0.9481474980306196, 0.9678053830227744)",1,95.2077089859144,39924
"(0.8065226115972981, 0.961770130454341)",1,95.20756312863452,39925
"(0.9536498942777852, 0.9541309523809522)",3,95.20754880661778,39928
"(0.9044642857142856, 0.951596182326806)",1,95.20711236879175,39929
"(0.84, 0.9577861163227016)",1,95.20673743186912,39930
"(0.9011039071107722, 0.9694095827515072)",1,95.20665748420164,39931
"(0.9541062801932368, 0.9734722222222224)",1,95.20649717001643,39932
"(0.9230769230769232, 1.0)",1,95.20644507188562,39933
"(0.9169201764231004, 0.9737148229943366)",1,95.20620961313796,39934
"(0.8169877890790815, 0.9650465046504648)",1,95.2061862730117,39935
"(0.917978896103896, 0.9537087912087912)",1,95.20617369140815,39936
"(0.8883205456095482, 1.0)",1,95.20615811974328,39937
"(0.7566326969384245, 0.9788110478899952)",3,95.20581517332866,39940
"(0.8761348091033453, 0.9563953488372092)",1,95.20560670025948,39941
"(0.8920200638394893, 0.9552772808586762)",1,95.20559575858864,39942
"(0.7862679955703211, 0.9667774086378738)",1,95.20556847355142,39943
"(0.8693120323003425, 0.9612261904761904)",3,95.2052379236608,39946
"(0.8737236721611722, 0.9485046203796204)",1,95.20502512112824,39947
"(0.6851810692271219, 0.9788110478899952)",8,95.20472769888602,39955
"(0.8008373205741627, 0.9737148229943366)",1,95.20468570932418,39956
"(0.9386363636363636, 0.9767241379310344)",1,95.2045770394581,39957
"(0.8064642163957232, 0.9652028991993205)",1,95.20455640891451,39958
"(0.8816773504273504, 0.9426994258113802)",1,95.20451889088604,39959
"(0.8872598584428717, 0.9667774086378738)",1,95.20443464250631,39960
"(0.907908163265306, 0.9476776665722468)",1,95.2044314538894,39961
"(0.8919095971175892, 0.9667774086378738)",1,95.20435076849832,39962
"(0.952503401360544, 0.9612261904761904)",1,95.2042373316461,39963
"(0.9495131982526256, 0.9535924585381664)",1,95.20421636550331,39964
"(0.8339212842322631, 0.9774943735933984)",1,95.2041395063082,39965
"(0.9841269841269842, 1.0)",1,95.20407894066064,39966
"(0.870174510840825, 0.9584283173426188)",1,95.20405177062564,39967
"(0.8882535288785288, 0.9734722222222224)",2,95.20402568456342,39969
"(0.8721629709087285, 0.960657765442102)",1,95.20397356227146,39970
"(0.8032476963849514, 0.9992461287693564)",3,95.20397012316094,39973
"(0.9595374149659864, 0.9714285714285714)",1,95.2039222622132,39974
"(0.9348875393612236, 0.9648977033360302)",1,95.20391820226848,39975
"(0.9019607843137254, 0.9866666666666666)",1,95.2038435931439,39976
"(0.9426994258113802, 0.9657079385975222)",1,95.20378906976778,39977
"(0.96004600460046, 0.947600710159786)",1,95.2037088745653,39978
"(0.96625, 0.9754464285714284)",1,95.2036909754644,39979
"(0.9476776665722468, 0.9509481668773704)",1,95.20368969508588,39980
"(0.9612261904761904, 0.9537087912087912)",1,95.20342823334296,39981
"(0.8627653708298868, 0.9734722222222224)",1,95.20323544021296,39982
"(0.8814236111111111, 0.9866666666666666)",1,95.20316133582514,39983
"(0.8604651162790697, 0.9667774086378738)",1,95.20309798661084,39984
"(0.7639558204899114, 0.9711950660350294)",2,95.20294901796784,39986
"(0.8448688271604938, 0.9729166666666668)",1,95.202834248956,39987
"(0.8319805194805194, 0.9624821937321938)",1,95.20271647163575,39988
"(0.8466433806991083, 0.960414372935642)",1,95.20246095040636,39989
"(0.8232281991085706, 0.9627892432770482)",1,95.20240850478518,39990
"(0.9462631140307872, 0.9612261904761904)",1,95.20224140943353,39991
"(0.8832069892473118, 0.9767241379310344)",1,95.20219955760192,39992
"(0.9574568288854002, 0.95)",1,95.20217955178995,39993
"(0.8250479193421631, 0.9962290087680192)",3,95.20212992035484,39996
"(0.6558708340680656, 0.9813217339362892)",1,95.201966890236,39997
"(0.9005147621883774, 0.9541309523809522)",1,95.2018733817394,39998
"(0.8434101386909988, 0.9604697507658034)",1,95.20186867883778,39999
"(0.7537053571428572, 0.9681338377164)",2,95.20168470169016,40001
"(0.8799035686171609, 0.952503401360544)",1,95.20164777626256,40002
"(0.6005742750917213, 0.9709493330001806)",1,95.20149471947634,40003
"(0.848542995746943, 0.969913169748696)",1,95.20124120654822,40004
"(0.8697092516251784, 0.9574505911522484)",1,95.20121951993175,40005
"(0.8731395923480499, 0.9651951748860688)",3,95.20111754399628,40008
"(0.849779303236048, 0.9733370922285112)",4,95.2008817555374,40012
"(0.8791954022988505, 0.9734722222222224)",1,95.20081340099046,40013
"(0.8179251985756162, 0.9694095827515072)",1,95.2007740503916,40014
"(0.8915343915343915, 0.9868055555555556)",1,95.20068803606782,40015
"(0.919687006945461, 0.9868055555555556)",1,95.20056835054584,40016
"(0.9216397849462366, 0.9868055555555556)",1,95.20011578866588,40017
"(0.8183159722222222, 0.9507857142857142)",1,95.20011068673918,40018
"(0.8273348098929494, 0.9550387596899224)",1,95.19991555197412,40019
"(0.9667927989909412, 0.9855521155830752)",1,95.19989213066968,40020
"(0.8255047951711248, 0.9449697589232472)",1,95.1998373580346,40021
"(0.8608609979240738, 0.9658154816997468)",1,95.19970771130708,40022
"(0.8757566103854729, 0.9667774086378738)",1,95.19956121047284,40023
"(0.8125, 1.0)",1,95.1992656727715,40024
"(0.754310536919606, 0.9723000393963868)",4,95.19918629419148,40028
"(0.946764828738513, 0.9498577524893316)",1,95.1991409808479,40029
"(0.9152165481577246, 0.95474577471438)",1,95.19906681269836,40030
"(0.8429058758006126, 0.9563260001856492)",1,95.19904320012738,40031
"(0.9574568288854002, 0.9534840838509316)",1,95.19904182670751,40032
"(0.8965281666711441, 0.9657868904133938)",1,95.19871228687686,40033
"(0.8332521117608837, 1.0)",1,95.19870671933026,40034
"(0.5281045751633987, 0.9380552220888356)",6,95.19866013956351,40040
"(0.8040021929824561, 0.969913169748696)",1,95.19860297267236,40041
"(0.7423427395649618, 0.9868055555555556)",1,95.19849134016816,40042
"(0.9064516129032258, 0.9525862068965518)",1,95.19844301126308,40043
"(0.860587002096436, 0.9557291666666669)",1,95.19839792917674,40044
"(0.8952020202020202, 1.0)",1,95.19818690859604,40045
"(0.8757566103854729, 0.9667774086378738)",1,95.1981796486732,40046
"(0.9465769388085848, 0.9574505911522484)",1,95.19812535218422,40047
"(0.8143956066989457, 0.9517433954079988)",3,95.19795500928304,40050
"(0.7081625209067293, 0.9652297777949396)",1,95.19784940142742,40051
"(0.7893847194050033, 0.9526018354129678)",1,95.19783976781792,40052
"(0.9787811022617652, 0.954682426948052)",1,95.19778563733549,40053
"(0.8527777777777779, 0.9841269841269842)",1,95.19776981890872,40054
"(0.7537777149792919, 0.965792536042518)",2,95.19753064546296,40056
"(0.7193968821875799, 0.9563953488372092)",1,95.197200485839,40057
"(0.9111616775696132, 0.9635619016637234)",1,95.19710938587043,40058
"(0.8965281666711441, 0.9730151268302328)",2,95.19705668903484,40060
"(0.8791954022988505, 0.9734722222222224)",1,95.19705582766106,40061
"(0.8515416147530508, 0.9672325946969128)",1,95.19704232085142,40062
"(0.763189368770764, 0.9552772808586762)",1,95.1969061370774,40063
"(0.9118986880466472, 0.9537087912087912)",1,95.19683316243032,40064
"(0.7682348491460825, 0.969913169748696)",8,95.19679145016964,40072
"(0.9385964912280702, 0.9563260001856492)",1,95.19668473414964,40073
"(0.8978798708330872, 0.9524250968329916)",1,95.19668262667308,40074
"(0.8683241252302025, 0.969913169748696)",3,95.19652375236072,40077
"(0.888013818790316, 0.945469387755102)",1,95.19643642542891,40078
"(0.8912382111347733, 0.9651951748860688)",1,95.1964202318212,40079
"(0.907908163265306, 0.9513995592877136)",1,95.19634779686317,40080
"(0.9078944034861038, 0.9577861163227016)",1,95.19628335909243,40081
"(0.8743600217864923, 0.9507857142857142)",2,95.19619975398486,40083
"(0.9057088744588744, 0.9866666666666666)",2,95.1961610250248,40085
"(0.8761348091033453, 0.9774943735933984)",1,95.19608985574278,40086
"(0.8183575715604802, 0.9648977033360302)",1,95.19608448238336,40087
"(0.8638474025974026, 0.9612261904761904)",1,95.19598077896244,40088
"(0.8113181219906367, 0.9729166666666668)",1,95.19591731615084,40089
"(0.8642588614393125, 0.9648977033360302)",1,95.19582809199566,40090
"(0.8970155460303243, 0.951596182326806)",1,95.19579193124682,40091
"(0.9127579737335836, 0.9538729657213072)",1,95.19558704800444,40092
"(0.942599584906604, 0.9457203293797688)",1,95.19554842367089,40093
"(0.844758764317945, 0.9774943735933984)",1,95.19531289752491,40094
"(0.8220666839087891, 0.969913169748696)",3,95.19470592018722,40097
"(0.992156862745098, 0.9925925925925926)",4,95.19468542538291,40101
"(0.916096001118324, 0.9565375499581746)",3,95.19450949919631,40104
"(0.9365750528541228, 0.9552772808586762)",1,95.19444647125498,40105
"(0.8378607256856231, 0.9667774086378738)",1,95.19432549545108,40106
"(0.8997086999609598, 0.9645607615220874)",3,95.1942634925718,40109
"(0.7987835673811283, 0.9734722222222224)",1,95.19424525572106,40110
"(0.9561403508771932, 0.9554098688819938)",4,95.19416077180446,40114
"(0.8163854689162486, 0.977638640429338)",1,95.19404192980883,40115
"(0.8265590958605664, 0.9868055555555556)",1,95.19404110176312,40116
"(0.8604651162790697, 0.9667774086378738)",2,95.193835509423,40118
"(0.8473280554181098, 0.9563953488372092)",1,95.1937136298986,40119
"(0.8750423764725823, 0.9694279341856143)",1,95.19369094272189,40120
"(0.7245388933440257, 0.9775193798449612)",2,95.19334329147478,40122
"(0.8597992596530608, 0.9782702035744222)",1,95.1932914023475,40123
"(0.9263477887938646, 0.950721153846154)",1,95.19328691485936,40124
"(0.9625936563436563, 0.9503404207824095)",1,95.19324219067228,40125
"(0.9177054478301016, 0.9658154816997468)",1,95.1931494428775,40126
"(0.9045169946332738, 0.9563953488372092)",2,95.19295329073849,40128
"(0.944540304191448, 0.9595374149659864)",1,95.19289943398029,40129
"(0.8619951040391676, 0.965497521921464)",1,95.1925957443265,40130
"(0.5281045751633987, 0.9380552220888356)",1,95.1924468581638,40131
"(0.8591750613113885, 0.9686200438283324)",1,95.19222334868098,40132
"(0.947866344605475, 0.95004500450045)",2,95.19190039746498,40134
"(0.9333531698462172, 0.9541309523809522)",1,95.1918807723941,40135
"(0.8185680598471297, 0.9552772808586762)",1,95.1917470416409,40136
"(0.9367114963691102, 0.9595374149659864)",1,95.19163940442157,40137
"(0.8563074352548036, 0.9868055555555556)",1,95.19149483040812,40138
"(0.8753462245347001, 0.96004600460046)",1,95.1914663055618,40139
"(0.8133720930232559, 0.9667774086378738)",2,95.19143354546613,40141
"(0.8531211750305999, 0.9774943735933984)",1,95.19127922897208,40142
"(0.6829180293425229, 0.9648977033360302)",1,95.19100074890297,40143
"(0.8174437978129252, 0.9996213816771112)",3,95.19097600032693,40146
"(0.8896310286935287, 0.9645607615220874)",1,95.19091310768108,40147
"(0.7827659652601814, 0.9538729657213072)",1,95.19082931844235,40148
"(0.9462631140307872, 0.9608348284368692)",1,95.19062420845364,40149
"(0.9433680972830336, 0.9586520604621642)",1,95.19051253410343,40150
"(0.9002103365384615, 0.9624656593406592)",1,95.19021260726376,40151
"(0.7862679955703211, 0.9667774086378738)",1,95.19013769251488,40152
"(0.8126903630604289, 0.9780571219715956)",1,95.18990734298838,40153
"(0.8679401993355481, 0.9365750528541228)",1,95.18988494600562,40154
"(0.8755813953488372, 0.9667774086378738)",1,95.18977201994464,40155
"(0.9688819909986466, 0.9688819909986466)",1,95.18974015289312,40156
"(0.7543995541933687, 0.9670153062419484)",4,95.18969917909668,40160
"(0.904439990281827, 0.9612261904761904)",1,95.18963840046872,40161
"(0.95474577471438, 0.9495131982526256)",1,95.18957703165049,40162
"(0.9612261904761904, 0.9537087912087912)",1,95.18931160221138,40163
"(0.8273348098929494, 0.965497521921464)",1,95.18929582318952,40164
"(0.8186504754267384, 0.9774943735933984)",1,95.18920319337876,40165
"(0.8518518518518519, 1.0)",1,95.1891408732714,40166
"(0.8691933668722457, 0.9658154816997468)",1,95.18912751798037,40167
"(0.89246409531063, 0.95474577471438)",1,95.18896233651148,40168
"(0.9571428571428572, 0.9534840838509316)",1,95.18893097429888,40169
"(0.9571428571428572, 0.9571428571428572)",1,95.18882650718174,40170
"(0.803623428272623, 0.9667712327175554)",1,95.18869798774983,40171
"(0.9501800720288114, 0.9527829893683551)",1,95.18832297685928,40172
"(0.8356902356902357, 0.9748677248677248)",1,95.18824517915029,40173
"(0.8494949494949495, 0.9734722222222224)",1,95.1881847377498,40174
"(0.7574629741006653, 0.9683254886668828)",1,95.18810917998022,40175
"(0.8073565796278658, 0.9996213816771112)",3,95.18794695190796,40178
"(0.689772303098171, 0.9782702035744222)",1,95.18792400140076,40179
"(0.925553613053613, 0.9868055555555556)",2,95.18777874376406,40181
"(0.8131868131868132, 0.9584283173426188)",1,95.18776777586054,40182
"(0.8882535288785288, 0.9866666666666666)",1,95.1876222895536,40183
"(0.9579966888808584, 0.9643596441509156)",1,95.187593647185,40184
"(0.8277537197423939, 0.9437087035771248)",1,95.18723508304582,40185
"(0.9065990619121548, 0.9535924585381664)",3,95.18681451484746,40188
"(0.8089966546643172, 0.9551820728291316)",1,95.18679066634895,40189
"(0.905151943324208, 0.95474577471438)",1,95.18667439270035,40190
"(0.8537607374816678, 0.9464496874824032)",1,95.18652172790765,40191
"(0.8860640954495006, 0.9541309523809522)",1,95.1865086279118,40192
"(0.8917857142857143, 0.9571428571428572)",2,95.18650465614849,40194
"(0.6338968082205787, 0.9737157095927814)",1,95.18647977263696,40195
"(0.8902777777777777, 0.9727777777777776)",1,95.18636163610498,40196
"(0.9248976608187136, 0.9508739421428176)",1,95.1862911463897,40197
"(0.8351193705914272, 0.9658154816997468)",1,95.18628776999287,40198
"(0.7800259083338473, 0.9774943735933984)",1,95.18619173312456,40199
"(0.9462631140307872, 0.9440312412261672)",1,95.1861134633795,40200
"(0.9047341820740836, 0.9535924585381664)",1,95.18609334949448,40201
"(0.7966238809189946, 0.9557291666666669)",1,95.1858151643702,40202
"(0.8319664902998236, 1.0)",1,95.1855157532788,40203
"(0.8327485380116959, 0.9605856647968066)",6,95.18550770820356,40209
"(0.5411102278749337, 0.9380552220888356)",3,95.18540263630152,40212
"(0.9612261904761904, 0.9287395056852082)",1,95.18539473995271,40213
"(0.917509305210918, 0.9767241379310344)",1,95.18538789522718,40214
"(0.8601866883116884, 0.953054992365648)",1,95.18536775582118,40215
"(0.917531186761956, 0.9461152882205514)",1,95.18531788876837,40216
"(0.8743600845228408, 0.9689224009579828)",1,95.18526820501884,40217
"(0.9816305469556244, 0.9886710239651416)",2,95.1851763889528,40219
"(0.8807058823529411, 0.9670076726342712)",1,95.18500975557087,40220
"(0.9536498942777852, 0.9537087912087912)",1,95.1849636671202,40221
"(0.8581587837837837, 0.9754464285714284)",2,95.18491291095052,40223
"(0.8663406611415462, 0.9688819909986466)",1,95.1848024740684,40224
"(0.8576356621891807, 0.9577861163227016)",1,95.18473516067624,40225
"(0.9185588416618146, 0.9534623492499265)",1,95.1846467402037,40226
"(0.9638854489164088, 0.996078431372549)",1,95.18427002706456,40227
"(0.8727305120627135, 0.9651951748860688)",1,95.1839651088151,40228
"(0.9308485656257932, 0.9608348284368692)",3,95.18393724362689,40231
"(0.7705882352941177, 1.0)",1,95.18388223328591,40232
"(0.7240947195575144, 0.9780571219715956)",1,95.18376453018904,40233
"(0.8752365981200475, 0.9688819909986466)",1,95.18375999618378,40234
"(0.7853136031723004, 0.9577861163227016)",1,95.18368477968431,40235
"(0.8310470779220779, 0.9507857142857142)",2,95.18364294898728,40237
"(0.8251352813852814, 0.9624821937321938)",1,95.18357955337514,40238
"(0.7835917312661498, 0.965497521921464)",1,95.18349709553932,40239
"(0.7069268971504666, 0.9754522590085972)",2,95.18345651145316,40241
"(0.8776804590758078, 0.9767441860465116)",1,95.18340012678593,40242
"(0.7795420040485829, 0.9648977033360302)",1,95.1833826944614,40243
"(0.7646229739252995, 0.9774943735933984)",1,95.1832869150628,40244
"(0.7925825464094582, 0.9692634363686996)",3,95.18305393261024,40247
"(0.8757566103854729, 0.9667774086378738)",1,95.1829507469396,40248
"(0.847123015873016, 0.9734722222222224)",1,95.18294214972488,40249
"(0.9428823795600112, 0.9667712327175554)",1,95.18280723333858,40250
"(0.8065226115972981, 0.9651951748860688)",2,95.18280579351236,40252
"(0.9433680972830336, 0.9537087912087912)",1,95.18261272841336,40253
"(0.9561403508771932, 0.9538729657213072)",1,95.18252785196384,40254
"(0.8761348091033453, 0.9774943735933984)",1,95.1824755428431,40255
"(0.9841269841269842, 1.0)",1,95.18242185527446,40256
"(0.8656015037593985, 0.969913169748696)",1,95.1823242731587,40257
"(0.5542859341335796, 0.961770130454341)",3,95.18231720919177,40260
"(0.95474577471438, 0.9579551650296714)",1,95.18218841457984,40261
"(0.9202508960573476, 0.9592592592592591)",2,95.18209572710587,40263
"(0.9207717569786537, 0.9580611248779756)",1,95.18203044440628,40264
"(0.8379287658123746, 0.96004600460046)",1,95.1820241197051,40265
"(0.894720301697046, 0.9580611248779756)",2,95.18173350274388,40267
"(0.8975847069597069, 0.9650363879165252)",3,95.18170134109764,40270
"(0.910924131602386, 0.9503404207824095)",1,95.18163831451255,40271
"(0.8434846806939831, 0.9767441860465116)",1,95.18151907664,40272
"(0.7232797675460064, 0.9774943735933984)",1,95.18128127552508,40273
"(0.4896538918597742, 0.9866666666666666)",1,95.18105395731448,40274
"(0.9759803921568628, 0.9882352941176472)",2,95.18104442088304,40276
"(0.8434101386909988, 0.9651951748860688)",1,95.18091071024494,40277
"(0.9277375201288244, 0.9438426239374108)",1,95.1808557177114,40278
"(0.765625, 0.9551820728291316)",2,95.18066486001426,40280
"(0.9561403508771932, 0.9561403508771932)",1,95.18059540573005,40281
"(0.9356971153846152, 0.9501800720288114)",1,95.18046669157822,40282
"(0.8240047299960582, 0.9552772808586762)",1,95.18034223501392,40283
"(0.7644216248867413, 0.9667774086378738)",1,95.18032736088313,40284
"(0.585140176021449, 0.9782702035744222)",1,95.180313919315,40285
"(0.7652973898160035, 0.9563260001856492)",3,95.18026767902914,40288
"(0.955544662122821, 0.9612261904761904)",1,95.18025589272146,40289
"(0.8816793893129771, 0.9554098688819938)",4,95.18020953567368,40293
"(0.9047558922558924, 0.9868055555555556)",1,95.18011308996952,40294
"(0.9618138828565136, 0.9534623492499265)",1,95.18008358878238,40295
"(0.8721161002232697, 0.9584283173426188)",1,95.17999899118917,40296
"(0.8069104052936311, 0.9950713466166264)",2,95.17991114759636,40298
"(0.8138881768037778, 0.9886710239651416)",1,95.1799069231256,40299
"(0.9548607757926928, 0.952503401360544)",2,95.17987279995972,40301
"(0.7549430260540522, 0.9750293187634604)",4,95.1798719426846,40305
"(0.8138874207188161, 0.9552772808586762)",1,95.1798147088612,40306
"(0.8638474025974026, 0.9534840838509316)",1,95.17957571824674,40307
"(0.8864832156597472, 0.9541309523809522)",1,95.17951907882546,40308
"(0.7423427395649618, 0.9868055555555556)",1,95.1795190759068,40309
"(0.9170435132147524, 0.9577861163227016)",2,95.17943559901656,40311
"(0.7091759436137276, 0.9380552220888356)",1,95.17933199419936,40312
"(0.9541309523809522, 0.960607978267748)",1,95.17922991961278,40313
"(1.0, 1.0)",1,95.17920984748184,40314
"(0.9111531385231444, 0.9713096754875205)",1,95.17919976078808,40315
"(0.8786454023420848, 0.9584283173426188)",1,95.17910052846622,40316
"(0.807645640445745, 0.970967579842714)",4,95.1790783779529,40320
"(0.6190405392011101, 0.9694279341856143)",1,95.17876527415882,40321
"(0.9535924585381664, 0.95474577471438)",1,95.17874749219078,40322
"(0.7534237164244011, 0.9663993807350814)",4,95.17874398013964,40326
"(0.9571428571428572, 0.9537087912087912)",6,95.1786057988301,40332
"(0.9177054478301016, 0.9560805836777236)",2,95.17858445864442,40334
"(0.883580779054917, 0.9541062801932368)",2,95.1785706927374,40336
"(0.8300280681378243, 0.9748677248677248)",1,95.17845893452464,40337
"(0.9612261904761904, 0.93916595083917)",1,95.17839595364092,40338
"(0.7400546757164405, 1.0)",1,95.17836001697724,40339
"(0.6638129779577148, 0.969913169748696)",3,95.17830750012544,40342
"(0.92825928025169, 0.9537087912087912)",1,95.17821872512108,40343
"(0.9354509320175438, 0.9652297777949396)",1,95.17818527600552,40344
"(0.8495620604952712, 0.9636561771769068)",4,95.1778757877943,40348
"(0.9436930909314628, 0.9612261904761904)",1,95.17785981660552,40349
"(0.933229459603253, 0.9554098688819938)",2,95.17763739913735,40351
"(0.8713213409717444, 0.9568870566527607)",1,95.1775102271579,40352
"(0.7566647759500852, 0.965497521921464)",1,95.17745164172202,40353
"(0.9216927182615324, 0.965497521921464)",1,95.17733486233242,40354
"(0.924126984126984, 0.9577861163227016)",1,95.17728747590876,40355
"(0.899997244510117, 0.9698578833447256)",1,95.17721250910674,40356
"(0.6739327546119142, 0.969913169748696)",1,95.17714219499344,40357
"(0.8975847069597069, 0.9535924585381664)",1,95.17713342015432,40358
"(0.9586520604621642, 0.9541309523809522)",1,95.17675170699565,40359
"(0.8888339920948617, 0.9624656593406592)",1,95.17667234357891,40360
"(0.8471501822188321, 0.9651951748860688)",1,95.1765405077468,40361
"(0.8277537197423939, 0.9484405379303888)",1,95.17646130604504,40362
"(0.952503401360544, 0.9476776665722468)",1,95.17643186586731,40363
"(0.9444444444444444, 0.9841269841269842)",1,95.17640050271716,40364
"(0.8584326321395287, 0.9574505911522484)",1,95.17638241884748,40365
"(0.8227906976744187, 0.9775193798449612)",1,95.17616897436884,40366
"(0.9385522734146589, 0.947600710159786)",1,95.17594483037882,40367
"(0.7729653996101365, 0.9628635734072022)",1,95.17592695005864,40368
"(0.9393939393939392, 0.9580611248779756)",1,95.17589916025725,40369
"(0.8815742397137746, 0.9563953488372092)",1,95.17588675336587,40370
"(0.8457082316070161, 0.9541062801932368)",2,95.1757045887221,40372
"(0.8382250174703006, 0.953054992365648)",1,95.17565595262316,40373
"(0.9715797169307606, 0.961342940685046)",1,95.17557226496866,40374
"(0.8129629629629629, 1.0)",1,95.17543395331316,40375
"(0.5542859341335796, 0.961770130454341)",1,95.17530376078533,40376
"(0.8703288070923577, 0.9561403508771932)",1,95.17518686975158,40377
"(0.978144708175668, 0.9499965600275198)",1,95.1750139495715,40378
"(0.6396617032392895, 0.9754464285714284)",1,95.17500650613356,40379
"(0.9049919484702094, 0.9841269841269842)",1,95.17489448553044,40380
"(0.7644216248867413, 0.9667774086378738)",1,95.17482428858668,40381
"(0.8756479140328698, 0.9574505911522484)",1,95.17468280685353,40382
"(0.996078431372549, 0.9894736842105264)",1,95.17465289198464,40383
"(0.8406622751683077, 0.9704906500607592)",1,95.1745842561218,40384
"(0.9003869969040249, 0.969913169748696)",1,95.17448018547992,40385
"(0.8501768299217661, 0.9534883720930232)",1,95.17443371661192,40386
"(0.7945136049087845, 0.9969662414915996)",3,95.17440896357736,40389
"(0.785874326675308, 0.9737735208690004)",2,95.17434834710816,40391
"(0.908998988877654, 0.9667774086378738)",1,95.17409627217648,40392
"(0.8590556730091613, 0.9563953488372092)",1,95.1740082496508,40393
"(0.9555491383616382, 0.9612261904761904)",6,95.17393196001863,40399
"(0.9565375499581746, 0.9426994258113802)",1,95.1738381838526,40400
"(0.8353118227451768, 0.9658154816997468)",1,95.17378826116143,40401
"(0.9066840277777778, 0.9866666666666666)",1,95.17360021174696,40402
"(0.8252467105263158, 0.9788110478899952)",3,95.17357734893936,40405
"(0.8602450419527078, 0.9649122807017544)",1,95.17352450042156,40406
"(0.8263127436647173, 0.9516760651629074)",1,95.1735241123456,40407
"(0.8607558212871163, 0.9526018354129678)",1,95.17343239494772,40408
"(0.8325147741358931, 0.9988653234591328)",3,95.17343185517836,40411
"(0.946764828738513, 0.95474577471438)",1,95.17341857254036,40412
"(0.8639328063241105, 0.9754464285714284)",1,95.17315215597432,40413
"(0.8731395923480499, 0.9651951748860688)",1,95.17296226990906,40414
"(0.8603603603603602, 0.94745682548523)",2,95.1729539015034,40416
"(0.8584326321395287, 0.952503401360544)",1,95.17289737390648,40417
"(0.816609291545804, 0.9692298564827804)",1,95.17289437347422,40418
"(0.8956505897276728, 0.9495131982526256)",1,95.172815294216,40419
"(0.8705290357677138, 0.9774943735933984)",1,95.17280160717918,40420
"(0.8378607256856231, 0.9463327370304114)",1,95.17278912139416,40421
"(0.8750423764725823, 0.961770130454341)",1,95.17273775265166,40422
"(0.8537607374816678, 0.9552772808586762)",1,95.1726542217314,40423
"(0.8344950967399947, 0.9612261904761904)",1,95.17251823734708,40424
"(0.8943833943833944, 0.9841269841269842)",1,95.1722421143474,40425
"(0.7843310535618229, 0.96004600460046)",1,95.17195755385728,40426
"(0.9176086048454468, 0.9565375499581746)",1,95.17190567024964,40427
"(0.8817204301075269, 1.0)",1,95.1718182799832,40428
"(0.794853421848428, 0.9939948239614128)",3,95.17175690091268,40431
"(0.916096001118324, 0.9555491383616382)",1,95.17174658426948,40432
"(0.8737236721611722, 0.9574505911522484)",2,95.1716354959256,40434
"(0.9647217861503576, 0.9523529411764708)",1,95.17158521553851,40435
"(0.8347694683658232, 0.9651951748860688)",2,95.17149873909904,40437
"(0.8424197513013303, 0.9612261904761904)",3,95.17132034728448,40440
"(0.7510593531115918, 0.9628565005215408)",4,95.1711898484299,40444
"(0.9344155844155844, 0.9565375499581746)",1,95.1710032132359,40445
"(0.946764828738513, 0.9705862533692722)",1,95.1707260261558,40446
"(0.8179251985756162, 0.960657765442102)",1,95.1703030588645,40447
"(0.8047996976568405, 0.9629629629629628)",1,95.17025590222568,40448
"(0.8156616246999273, 0.9788110478899952)",1,95.17023712685696,40449
"(0.9449965600275196, 0.9483891547049442)",1,95.17023510258224,40450
"(0.870174510840825, 0.9525113127828196)",1,95.1701906078297,40451
"(0.8466433806991083, 0.9584283173426188)",1,95.1701673424008,40452
"(0.7707924493038034, 1.0)",2,95.1700529504082,40454
"(0.9523809523809524, 1.0)",1,95.1699891548428,40455
"(0.9312094155844156, 0.9601840736294516)",2,95.1699849404668,40457
"(0.8713213409717444, 0.9658154816997468)",1,95.1699738249754,40458
"(0.8787790697674417, 0.9552772808586762)",1,95.16992883734945,40459
"(1.0, 1.0)",1,95.16953438024964,40460
"(0.9577861163227016, 0.9430427273409928)",1,95.1693859567596,40461
"(0.8446691176470589, 0.9527829893683551)",1,95.16930493574915,40462
"(0.96004600460046, 0.9475111877796946)",1,95.1692392226052,40463
"(0.8358616184543919, 0.9947117833347427)",3,95.16919956163296,40466
"(0.9366629231646204, 0.9665714285714284)",3,95.16903743775369,40469
"(0.915422077922078, 0.9754464285714284)",1,95.16887628426969,40470
"(0.9202508960573476, 0.9748677248677248)",1,95.16881888082584,40471
"(0.8522544946607246, 0.9694631549224492)",1,95.1687557167976,40472
"(0.8240047299960582, 0.9552772808586762)",1,95.16874056586848,40473
"(0.918078605068401, 0.9503404207824095)",1,95.16863618355367,40474
"(0.5248560962846677, 0.9785714285714284)",3,95.16863013742731,40477
"(0.8008373205741627, 0.961770130454341)",3,95.16855552327232,40480
"(0.8901450053705692, 0.9737148229943366)",3,95.16855095338282,40483
"(0.6775462962962963, 0.9866666666666666)",1,95.16848877188886,40484
"(0.773034398034398, 1.0)",1,95.16844849989305,40485
"(0.9131805896603988, 0.9675549690033648)",2,95.16842462983188,40487
"(0.9023569023569024, 1.0)",1,95.1682985014524,40488
"(0.8794618055555555, 0.9729166666666668)",1,95.16816610045728,40489
"(0.9586520604621642, 0.9537087912087912)",1,95.16801385670604,40490
"(0.8742045454545455, 0.9767241379310344)",1,95.16784502360602,40491
"(0.9649729659305584, 0.9291764705882352)",1,95.16784314858404,40492
"(0.9356632048879978, 0.9686939471181492)",1,95.16772394125472,40493
"(0.7682348491460825, 0.969913169748696)",1,95.1674513460368,40494
"(0.8986318234610918, 0.9574505911522484)",2,95.16745019273628,40496
"(0.9577861163227016, 0.9584283173426188)",1,95.16743383456372,40497
"(0.8693120323003425, 0.95)",1,95.16719792348457,40498
"(0.8495892857142856, 0.9507857142857142)",1,95.1671018697201,40499
"(0.8312934990802374, 0.9868055555555556)",1,95.1670855483397,40500
"(0.917859918146296, 0.9820662768031188)",1,95.16706213753068,40501
"(0.9224211423699916, 1.0)",1,95.16688632997248,40502
"(0.8503062961566976, 0.969913169748696)",1,95.16666753596373,40503
"(0.8853349024500907, 0.9507857142857142)",1,95.16649887267666,40504
"(0.9498577524893316, 0.9612261904761904)",1,95.16649643078222,40505
"(0.917978896103896, 0.9428571428571428)",1,95.16632709736513,40506
"(0.9302579365079364, 0.9734722222222224)",1,95.16620383239956,40507
"(0.9087026014109348, 1.0)",2,95.16616162028755,40509
"(0.917531186761956, 0.9425110627765696)",1,95.16593901708178,40510
"(0.96004600460046, 0.9525113127828196)",1,95.16583896013584,40511
"(0.8680075424261471, 0.9774943735933984)",1,95.16565484684207,40512
"(0.8160648148148147, 0.9868055555555556)",2,95.16560333267168,40514
"(0.9618138828565136, 0.9541309523809522)",1,95.16560278883291,40515
"(0.9140535714285716, 0.9498577524893316)",1,95.16557587767218,40516
"(0.976661220043573, 0.8977312152931348)",1,95.16551454929947,40517
"(0.5861073624231519, 0.9788110478899952)",3,95.1653558619888,40520
"(0.9283969998255712, 0.9406095584301136)",1,95.16529846384373,40521
"(0.9565217391304348, 1.0)",1,95.1651957811378,40522
"(0.8919095971175892, 0.9667774086378738)",1,95.16510466459812,40523
"(0.7293925220026811, 0.9577759872287582)",1,95.16501105743748,40524
"(0.8502442440530644, 0.965894629706954)",2,95.1647442125522,40526
"(0.8601866883116884, 0.9554098688819938)",1,95.16457475322083,40527
"(0.8665939529220779, 0.9535924585381664)",1,95.16443467272872,40528
"(0.8469620378630193, 0.9651951748860688)",8,95.1644011806447,40536
"(0.8908246225319396, 0.9463234342650104)",1,95.16439133283464,40537
"(0.9450031426775612, 0.950721153846154)",2,95.16437561920624,40539
"(0.827728296446098, 0.9966060100623428)",2,95.16421380886749,40541
"(0.9292946051030736, 0.9606447334368527)",1,95.16412690921372,40542
"(0.8581587837837837, 0.9754464285714284)",1,95.16399557873632,40543
"(0.8831509426561547, 0.9648977033360302)",1,95.16396845512554,40544
"(0.952503401360544, 0.9595374149659864)",1,95.16392406755682,40545
"(0.8632677198614513, 0.96)",1,95.16349682158304,40546
"(0.955544662122821, 0.9678053830227744)",1,95.16342575185747,40547
"(0.860587002096436, 0.9577861163227016)",2,95.16339086822543,40549
"(0.8766755371575004, 0.969913169748696)",1,95.16323015500504,40550
"(0.8138874207188161, 0.9464496874824032)",1,95.16322772773168,40551
"(0.8348214285714286, 0.9577861163227016)",2,95.16316857743765,40553
"(0.7815903998732474, 0.960657765442102)",1,95.1629705250154,40554
"(0.9426994258113802, 0.9537087912087912)",2,95.16286427116836,40556
"(0.8635758097194084, 0.9577861163227016)",1,95.1628528479625,40557
"(0.8942523459812323, 0.961770130454341)",1,95.16278919770456,40558
"(0.952064553093965, 0.9462631140307872)",2,95.16271769272416,40560
"(0.8156616246999273, 0.9651951748860688)",2,95.16270251306364,40562
"(0.7646229739252995, 0.9667774086378738)",1,95.1626134360685,40563
"(0.8387491609744542, 0.9546136534133534)",1,95.16257525524136,40564
"(0.9577861163227016, 0.947600710159786)",1,95.1620937985187,40565
"(0.9503404207824095, 0.952503401360544)",1,95.16200269741458,40566
"(0.8157794009760454, 0.9551820728291316)",1,95.16191747069452,40567
"(0.8348214285714286, 0.9538729657213072)",1,95.1618317640801,40568
"(0.8619951040391676, 0.965497521921464)",1,95.16177198630253,40569
"(0.5223765432098765, 0.9868055555555556)",1,95.161766823728,40570
"(0.9177054478301016, 0.969913169748696)",1,95.16156438977248,40571
"(0.8963392857142857, 0.9637433687002652)",2,95.16148516262552,40573
"(0.798478835978836, 0.9748677248677248)",2,95.16120135297614,40575
"(0.8882535288785288, 0.9866666666666666)",1,95.1611994619813,40576
"(0.915494777499728, 0.9586520604621642)",1,95.16117407376169,40577
"(0.9312094155844156, 0.9577861163227016)",1,95.16113547223362,40578
"(0.9390638788116482, 0.9683214285714286)",1,95.1610813235179,40579
"(0.8886775717208655, 0.9524250968329916)",1,95.1610088099944,40580
"(0.9643596441509156, 0.9681338377164)",4,95.16083103258325,40584
"(0.8379287658123746, 0.9576029606661498)",1,95.16078464713426,40585
"(0.961342940685046, 0.961342940685046)",1,95.16068409963376,40586
"(0.9154678277085488, 0.9579551650296714)",1,95.16057657981156,40587
"(0.9444444444444444, 1.0)",1,95.16048109596495,40588
"(0.9570371875635032, 0.95474577471438)",1,95.16038303083592,40589
"(0.9290099096728932, 0.9650363879165252)",1,95.1603651327257,40590
"(0.6341040462427746, 0.9740643495864882)",1,95.16029405352194,40591
"(1.0, 1.0)",1,95.16014330936407,40592
"(0.8803770478529594, 0.9688819909986466)",1,95.16010030884836,40593
"(0.785874326675308, 0.9706699808837932)",1,95.1600992442044,40594
"(0.9027484143763214, 0.9552772808586762)",1,95.16007904539974,40595
"(0.8388283928211333, 0.9748677248677248)",2,95.15988851686956,40597
"(0.951596182326806, 0.9483395989974938)",1,95.15982923968006,40598
"(0.9135802469135802, 1.0)",1,95.15970442254743,40599
"(0.9344155844155844, 0.9577081026208932)",1,95.15968738025828,40600
"(0.5542859341335796, 0.9658154816997468)",3,95.15947445797048,40603
"(0.7782392026578072, 0.9885627144491042)",2,95.15941015924751,40605
"(0.9088431305536568, 0.9516760651629074)",1,95.15929927932548,40606
"(0.9645607615220874, 0.9642857142857144)",3,95.15917493945516,40609
"(0.8680075424261471, 0.9563953488372092)",1,95.15916489092248,40610
"(0.9263477887938646, 0.96004600460046)",1,95.15912040168536,40611
"(0.9177054478301016, 0.9516760651629074)",3,95.15911074423376,40614
"(0.9586520604621642, 0.9586520604621642)",1,95.15908083535332,40615
"(0.8392857142857143, 0.962604085919332)",2,95.15907076350491,40617
"(0.7707924493038034, 1.0)",1,95.15887005171922,40618
"(0.9211400121926436, 0.952503401360544)",1,95.15880056457893,40619
"(0.8170400723750731, 0.9774943735933984)",1,95.15874117718016,40620
"(0.8663406611415462, 0.9579551650296714)",2,95.15867505901596,40622
"(0.822094298245614, 0.9525113127828196)",1,95.15861306218764,40623
"(0.8716683535762482, 0.9740643495864882)",1,95.15855002865158,40624
"(0.8531211750305999, 0.9774943735933984)",1,95.1583804271048,40625
"(0.951596182326806, 0.9595374149659864)",2,95.158338023434,40627
"(0.952503401360544, 0.9586520604621642)",1,95.15822672199708,40628
"(0.8502024291497975, 0.9610152916073968)",1,95.15810948829846,40629
"(0.8584326321395287, 0.9463234342650104)",1,95.1579449380823,40630
"(0.8872598584428717, 0.9563953488372092)",1,95.15792240940876,40631
"(0.8475024586783413, 0.9736842105263158)",1,95.1578961698255,40632
"(0.8883076259303203, 0.9576029606661498)",1,95.15773551819568,40633
"(0.8665730967886818, 0.9612261904761904)",1,95.1575225610504,40634
"(0.8524177828082752, 0.9651951748860688)",1,95.15741117164104,40635
"(0.9462631140307872, 0.9537087912087912)",1,95.15722205367815,40636
"(0.9041666666666666, 0.9868055555555556)",1,95.15713870836407,40637
"(0.8198932646301067, 0.9754464285714284)",1,95.15690898219071,40638
"(0.9170528266913808, 0.9475111877796946)",1,95.15663354250408,40639
"(0.8209663503019846, 0.960414372935642)",1,95.15645109037,40640
"(0.9002103365384615, 0.9624656593406592)",1,95.15644887260972,40641
"(0.8791239816084535, 0.955045504550455)",1,95.15642899315996,40642
"(0.8503896103896105, 0.95)",1,95.15615472964777,40643
"(0.932845238095238, 0.9595374149659864)",1,95.15613639429054,40644
"(0.795803080252039, 0.9969779395836325)",3,95.15607924135732,40647
"(0.7294483504597079, 0.9563953488372092)",1,95.15603501446417,40648
"(0.8423371647509579, 1.0)",1,95.15600937128704,40649
"(0.8521317829457364, 1.0)",1,95.1559534830294,40650
"(0.9005147621883774, 0.9476776665722468)",1,95.15585418143507,40651
"(0.8681827731092436, 0.9624656593406592)",2,95.15584601257864,40653
"(0.9601840736294516, 0.9477798624140088)",2,95.15562584311112,40655
"(0.8427109974424554, 0.9551820728291316)",1,95.15552090765652,40656
"(0.8680075424261471, 0.9667774086378738)",1,95.15547139569576,40657
"(0.7079844497607656, 0.969913169748696)",3,95.15545513306924,40660
"(0.8908246225319396, 0.9534840838509316)",1,95.15531453422246,40661
"(0.9571395713710704, 0.9586520604621642)",4,95.15517871113614,40665
"(0.9263477887938646, 0.96004600460046)",1,95.1551516879346,40666
"(0.8757566103854729, 0.9667774086378738)",2,95.1551509187842,40668
"(0.8857407747009801, 0.956140350877193)",1,95.15512308551668,40669
"(0.8035696881091619, 0.9782702035744222)",3,95.15496884219672,40672
"(0.8584010840108401, 0.9868055555555556)",1,95.15488704457256,40673
"(0.8392857142857143, 0.9584283173426188)",1,95.15480874666204,40674
"(0.714812281501748, 0.9767441860465116)",1,95.15477827657742,40675
"(0.8127272727272729, 0.9754464285714284)",1,95.1546029541503,40676
"(0.8716683535762482, 0.9747439067467324)",8,95.15459993006294,40684
"(0.8642588614393125, 0.9560805836777236)",1,95.15449925412958,40685
"(0.934274781341108, 0.9714285714285714)",1,95.1542577191006,40686
"(0.6563667232597622, 0.9651951748860688)",1,95.15424597725952,40687
"(0.8901450053705692, 0.9694095827515072)",1,95.1541896114315,40688
"(0.9665714285714284, 0.9618138828565136)",1,95.15413008672692,40689
"(0.8553659393869447, 0.9552772808586762)",1,95.15393082612576,40690
"(0.8604651162790697, 0.9774943735933984)",1,95.15384449198098,40691
"(0.926440329218107, 0.9604697507658034)",1,95.15373775299008,40692
"(0.9477798624140088, 0.953054992365648)",1,95.15358279671892,40693
"(0.951596182326806, 0.9537087912087912)",1,95.153566087882,40694
"(0.8837244897959183, 0.9579551650296714)",1,95.1533528073866,40695
"(0.9296302734822564, 0.9688819909986466)",1,95.15325613680145,40696
"(0.9185588416618146, 0.9574505911522484)",1,95.15322836478558,40697
"(0.8407589540630476, 0.9740643495864882)",1,95.15320438232696,40698
"(0.93916595083917, 0.9574505911522484)",1,95.15316380445309,40699
"(0.8887419165196943, 0.9868055555555556)",1,95.15311277847728,40700
"(0.8656330749354005, 0.9546136534133534)",1,95.15302748666176,40701
"(0.9618138828565136, 0.946764828738513)",1,95.15294711589848,40702
"(0.8503062961566976, 0.9479586316057752)",2,95.15288496982188,40704
"(0.7468070282672052, 0.9681045157226684)",1,95.15281175284142,40705
"(0.9135802469135802, 1.0)",1,95.15258346669994,40706
"(0.8816793893129771, 0.962604085919332)",1,95.1525244870264,40707
"(0.8933695652173913, 0.9647321428571428)",1,95.15249591589998,40708
"(0.8681827731092436, 0.9647321428571428)",1,95.15244245680984,40709
"(0.8527777777777779, 0.9743589743589745)",1,95.152370350297,40710
"(0.842841064926467, 0.9649122807017544)",1,95.15229844891016,40711
"(0.8822248676288769, 0.9633303295609708)",1,95.1522094041174,40712
"(0.8727305120627135, 0.9577759872287582)",2,95.15211973921228,40714
"(0.7972398290840607, 0.9658154816997468)",1,95.15208729193102,40715
"(0.8457446808510638, 0.9748677248677248)",1,95.15190433192586,40716
"(0.9111531385231444, 0.9662239712748188)",1,95.1516874747014,40717
"(0.8837209302325582, 0.9774943735933984)",1,95.15167586014748,40718
"(0.8965217391304348, 0.9734722222222224)",2,95.15154715203104,40720
"(0.8895225947521866, 0.9565375499581746)",1,95.15150480841623,40721
"(0.9574505911522484, 0.9534623492499265)",1,95.15143530953571,40722
"(0.905307881773399, 0.9624656593406592)",1,95.1514326996704,40723
"(0.6699593128390597, 0.9696381743256742)",1,95.15128329233012,40724
"(0.9433680972830336, 0.949318041625734)",2,95.15117996255547,40726
"(0.8600272232304901, 1.0)",1,95.15117421009352,40727
"(0.919047619047619, 1.0)",1,95.15110465399674,40728
"(0.8446691176470589, 0.9525113127828196)",1,95.1511001022473,40729
"(0.902896642527979, 0.9526018354129678)",1,95.15093067958134,40730
"(0.960607978267748, 0.9715797169307606)",6,95.15091934438236,40736
"(0.8837209302325582, 0.9667774086378738)",1,95.15090721723163,40737
"(0.6699593128390597, 0.9618138828565136)",1,95.15083815325116,40738
"(0.8832069892473118, 0.9767241379310344)",1,95.15063942511408,40739
"(0.9426994258113802, 0.9696381743256742)",1,95.1505541534084,40740
"(0.9499194985912254, 0.9586520604621642)",2,95.1503540990762,40742
"(0.8920200638394893, 0.9552772808586762)",1,95.15031221859483,40743
"(0.943792719255964, 0.9534840838509316)",1,95.15028710553948,40744
"(0.9504053648283456, 0.9634384628873468)",1,95.15015634779272,40745
"(0.892733134920635, 0.9868055555555556)",1,95.1500368346339,40746
"(0.8870934646557915, 0.969913169748696)",1,95.14983891080976,40747
"(0.8920200638394893, 0.9552772808586762)",1,95.14983537053584,40748
"(0.8832772166105499, 1.0)",1,95.14976261219458,40749
"(0.8138874207188161, 0.9552772808586762)",1,95.1497608312057,40750
"(0.8646717600452744, 0.9517433954079988)",1,95.14941850882322,40751
"(0.8757566103854729, 0.9667774086378738)",2,95.14935770980622,40753
"(0.8489948371838136, 0.96)",3,95.1492786904326,40756
"(0.9202508960573476, 0.9604828042328042)",1,95.14926470169104,40757
"(0.763189368770764, 0.9667081046663232)",1,95.14921778030563,40758
"(0.9060206664893564, 0.9913490623109498)",1,95.14908276158503,40759
"(0.498048399687744, 0.965497521921464)",1,95.1489886799403,40760
"(0.8750423764725823, 0.969913169748696)",1,95.1489460228491,40761
"(0.8923633969716919, 0.9577861163227016)",1,95.14880315775092,40762
"(0.8446691176470589, 0.955045504550455)",1,95.14868499577872,40763
"(0.902092920189038, 0.956140350877193)",1,95.1485497852214,40764
"(0.8975847069597069, 0.95474577471438)",1,95.14829385276738,40765
"(0.8601973684210527, 0.9782702035744222)",1,95.1482878456613,40766
"(0.8244159679375627, 0.9464496874824032)",1,95.14814434118416,40767
"(0.915494777499728, 0.9586520604621642)",1,95.14813630159584,40768
"(0.95474577471438, 0.9503404207824095)",1,95.1479163646594,40769
"(0.8351193705914272, 0.9707309941520468)",2,95.14783513586346,40771
"(0.794285714285714, 0.9667774086378738)",1,95.14770870043314,40772
"(0.9414843966800374, 0.9527829893683551)",2,95.1476600738607,40774
"(0.9405634236453204, 0.9754464285714284)",1,95.14759848035372,40775
"(0.9211400121926436, 0.9462631140307872)",1,95.1474331375744,40776
"(0.93916595083917, 0.9579551650296714)",1,95.14742497141742,40777
"(0.8414627506478152, 0.9719699280495432)",1,95.14734547612224,40778
"(0.7701289026364834, 0.9633243986610353)",3,95.14730634990444,40781
"(0.9882352941176472, 0.992156862745098)",4,95.14721232055834,40785
"(0.91775, 0.9398168103448276)",1,95.147034826277,40786
"(0.8726622214994307, 0.965497521921464)",1,95.14698537683108,40787
"(0.8539716782129383, 0.9517433954079988)",1,95.14670692987164,40788
"(0.5662654939315176, 0.9658154816997468)",1,95.14650374894832,40789
"(0.8356705909510619, 0.9740643495864882)",1,95.14644458906244,40790
"(0.9301248598635894, 0.9682510260645856)",1,95.14634784254017,40791
"(0.8668154125150273, 0.969913169748696)",1,95.14629230178768,40792
"(0.8925438596491229, 0.9428823795600112)",3,95.14611673464196,40795
"(0.91775, 0.9507857142857142)",1,95.14593568428702,40796
"(0.938570380142761, 0.9571428571428572)",3,95.1457200166197,40799
"(0.9586520604621642, 0.9645607615220874)",1,95.14571286366484,40800
"(0.89246409531063, 0.9586520604621642)",1,95.14569585826877,40801
"(0.9177054478301016, 0.9737148229943366)",2,95.14568046274192,40803
"(0.9142857142857144, 0.9535924585381664)",2,95.1456631265832,40805
"(0.7011703906368748, 0.9667774086378738)",1,95.14565637554516,40806
"(0.8556083495776478, 0.9651951748860688)",8,95.1455736416212,40814
"(0.6129807692307692, 0.9625)",1,95.14554026303932,40815
"(0.8668154125150273, 0.969913169748696)",6,95.14550716090628,40821
"(0.942961408510189, 0.9714285714285714)",1,95.145494783461,40822
"(0.7973166368515204, 0.965497521921464)",1,95.14546731425524,40823
"(0.8761478039606152, 0.9525113127828196)",1,95.1454196257224,40824
"(0.9031297003355316, 0.9667774086378738)",1,95.14531081580526,40825
"(0.9563063063063064, 0.9688819909986466)",1,95.14522553826312,40826
"(0.9540538847117792, 0.9473417207792209)",1,95.14516417686586,40827
"(0.8927951388888888, 0.9866666666666666)",1,95.14509363318706,40828
"(0.9555491383616382, 0.9612261904761904)",1,95.14503308404376,40829
"(0.8301220908241457, 0.9726613826194364)",4,95.1449609965423,40833
"(0.9611528822055138, 0.955)",2,95.14491452494286,40835
"(0.992156862745098, 0.9816305469556244)",1,95.1447183335846,40836
"(0.8946752284039163, 0.9612261904761904)",2,95.14451790926182,40838
"(0.9185588416618146, 0.9555491383616382)",1,95.14436610330476,40839
"(0.8239077121176379, 0.9988651610017888)",1,95.1443604790228,40840
"(0.9535924585381664, 0.9608918659970924)",1,95.14407103914142,40841
"(0.9433680972830336, 0.95474577471438)",1,95.14404926341967,40842
"(0.908998988877654, 0.9563953488372092)",1,95.14396466622657,40843
"(0.9584283173426188, 0.9451780712284916)",2,95.1439049329571,40845
"(0.8089966546643172, 0.9551820728291316)",1,95.1438367152094,40846
"(0.8939103272888103, 0.9574505911522484)",1,95.14376205317272,40847
"(0.9618138828565136, 0.9750869028930254)",2,95.14368420816344,40849
"(0.926440329218107, 0.9740643495864882)",1,95.14364423289706,40850
"(0.913319238900634, 0.9552772808586762)",1,95.14331607370438,40851
"(0.9351600241545894, 0.9868055555555556)",2,95.14310582580195,40853
"(0.854478432131113, 0.9605856647968066)",1,95.14299335650674,40854
"(0.8277537197423939, 0.9692634363686996)",1,95.14296890836142,40855
"(0.8693120323003425, 0.9541309523809522)",1,95.14292500135618,40856
"(0.8310470779220779, 0.9507857142857142)",2,95.14291920583298,40858
"(0.9365750528541228, 0.9667081046663232)",1,95.14290054618122,40859
"(0.9522158577027434, 0.96)",4,95.14256067265222,40863
"(0.9189046799105652, 0.962604085919332)",1,95.142497114926,40864
"(0.8087169490678262, 0.9740643495864882)",1,95.14241029528972,40865
"(0.9047341820740836, 0.9555491383616382)",1,95.14237529544717,40866
"(0.9319444444444444, 0.9743589743589745)",1,95.1421489598596,40867
"(0.9047341820740836, 0.9595374149659864)",1,95.14203305523796,40868
"(0.8752365981200475, 0.9650363879165252)",1,95.14175022332412,40869
"(0.6914339324445751, 0.9662225842280636)",4,95.1417055334572,40873
"(0.848542995746943, 0.9658154816997468)",1,95.1416776506483,40874
"(0.8915343915343915, 0.9868055555555556)",1,95.14141336874502,40875
"(0.6699593128390597, 0.9574505911522484)",1,95.14120481339154,40876
"(0.8489948371838136, 0.96004600460046)",1,95.14118002790887,40877
"(0.830982891078167, 0.9516760651629074)",1,95.14113061536165,40878
"(0.8787790697674417, 0.9552772808586762)",1,95.14108681332527,40879
"(0.933229459603253, 0.9575114377859448)",1,95.14083132546324,40880
"(0.8721161002232697, 0.9584283173426188)",1,95.1407078083469,40881
"(0.9601840736294516, 0.9475111877796946)",2,95.14062164655346,40883
"(0.9216927182615324, 0.965497521921464)",1,95.14058458005654,40884
"(0.8814236111111111, 0.9866666666666666)",1,95.14057639092802,40885
"(0.8353118227451768, 0.961770130454341)",1,95.14050955397892,40886
"(0.8857407747009801, 0.9694279341856143)",1,95.14047707195832,40887
"(0.9574568288854002, 0.9696381743256742)",1,95.14044218044378,40888
"(0.7599587877549425, 0.9700439543684845)",1,95.1403074299987,40889
"(0.93218671679198, 0.9612261904761904)",3,95.14026991060211,40892
"(0.8143956066989457, 0.9477631471684836)",2,95.14023093251522,40894
"(0.951596182326806, 0.9574505911522484)",1,95.14021377924638,40895
"(0.9721176108033788, 0.9574505911522484)",1,95.14021145162782,40896
"(0.9278900902053612, 0.9642857142857144)",2,95.14019606295052,40898
"(0.8072002923976609, 0.9692634363686996)",1,95.14014423858494,40899
"(0.9023569023569024, 1.0)",1,95.13990557822764,40900
"(0.8318452380952381, 1.0)",1,95.13989664723348,40901
"(0.9358798064680418, 0.9737299465240642)",1,95.13976503889909,40902
"(0.9606447334368527, 0.9498577524893316)",1,95.13941300469564,40903
"(0.8322048866647042, 0.9774943735933984)",1,95.1394097710086,40904
"(0.9473838918283362, 0.9868055555555556)",1,95.13934362430788,40905
"(0.7413014722797331, 0.9866666666666666)",1,95.1390892071301,40906
"(0.888013818790316, 0.9577081026208932)",2,95.13902661788876,40908
"(0.946764828738513, 0.9721176108033788)",1,95.13901915087672,40909
"(0.8745595489781537, 0.9552772808586762)",1,95.1390114653909,40910
"(0.6817662805944057, 0.9624656593406592)",1,95.13866027625664,40911
"(0.9485046203796204, 0.9565375499581746)",6,95.13863639558754,40917
"(0.9020844965568584, 0.9555491383616382)",1,95.13857412401973,40918
"(0.9611528822055138, 0.9477798624140088)",1,95.13838199276694,40919
"(0.980582788671024, 0.9855521155830752)",1,95.1382483571906,40920
"(0.888013818790316, 0.9635619016637234)",1,95.13798116158831,40921
"(0.9611528822055138, 0.95004500450045)",1,95.13786625645896,40922
"(0.8424197513013303, 0.9650363879165252)",1,95.13785203745424,40923
"(0.919687006945461, 0.96116452991453)",1,95.13746384667115,40924
"(0.8218375712415833, 0.9560805836777236)",3,95.13743200815568,40927
"(0.9082265398925176, 0.9575114377859448)",2,95.13730210202311,40929
"(0.8614047451256753, 0.9552772808586762)",1,95.13725934124535,40930
"(0.8418571428571429, 0.9647321428571428)",1,95.13718707767504,40931
"(0.8816773504273504, 0.9571428571428572)",1,95.13702583543264,40932
"(0.8762664758354415, 0.9608348284368692)",1,95.13672790998515,40933
"(0.9333607456140351, 0.9648977033360302)",1,95.13646016947764,40934
"(0.8393402428317523, 0.9988651610017888)",2,95.13642854263465,40936
"(0.8495892857142856, 0.9507857142857142)",1,95.13616638232608,40937
"(0.896551724137931, 1.0)",1,95.13607253723916,40938
"(0.8853349024500907, 0.9624821937321938)",1,95.1359970500887,40939
"(0.899997244510117, 0.9824561403508772)",1,95.13592772651414,40940
"(0.8466433806991083, 0.9561403508771932)",1,95.13576228186066,40941
"(0.8265590958605664, 0.9868055555555556)",1,95.13567152243294,40942
"(0.919687006945461, 0.9748677248677248)",1,95.13529675138744,40943
"(0.955544662122821, 0.9460618398175734)",1,95.13520169301816,40944
"(0.8681827731092436, 0.9543257389162564)",1,95.13515383338812,40945
"(0.6878935849524084, 0.9714850476797698)",1,95.13494598545742,40946
"(0.93916595083917, 0.9625936563436563)",1,95.13481799431922,40947
"(0.6867031354725547, 0.9726365525938356)",4,95.13469645660032,40951
"(0.5943117201606165, 0.9736842105263158)",1,95.13466513230706,40952
"(0.8737236721611722, 0.9595374149659864)",1,95.13464037803284,40953
"(0.8731196908559524, 0.9560805836777236)",1,95.13457754417762,40954
"(0.9399404761904762, 0.9595374149659864)",1,95.13451022627812,40955
"(0.8495727722191059, 0.9612261904761904)",2,95.1344944350282,40957
"(0.9226438267614736, 0.9571428571428572)",1,95.134492506267,40958
"(0.7876902948905437, 0.9939327239928832)",2,95.13442841372036,40960
"(0.936617336210598, 0.9740643495864882)",3,95.13395016678308,40963
"(0.732130449887094, 0.9428823795600112)",1,95.13387956858756,40964
"(0.9104761904761904, 0.9868055555555556)",1,95.13378974149585,40965
"(0.986574074074074, 0.9734722222222224)",1,95.13361928303016,40966
"(0.8786454023420848, 0.9584283173426188)",1,95.13341583860988,40967
"(0.8131868131868132, 0.9577861163227016)",2,95.13337568761676,40969
"(0.904032258064516, 0.9543257389162564)",1,95.13325799109772,40970
"(0.8966049382716049, 0.9722222222222222)",1,95.13324617373368,40971
"(0.8683241252302025, 0.969913169748696)",3,95.13315637781598,40974
"(0.9541309523809522, 0.9571428571428572)",1,95.13304976308352,40975
"(0.9232966136270908, 0.9501800720288114)",1,95.1328122205814,40976
"(0.915619658119658, 0.9748677248677248)",1,95.13256369504836,40977
"(0.9565217391304348, 1.0)",2,95.13254003109076,40979
"(0.9268160835762876, 0.9586520604621642)",1,95.13252818118237,40980
"(0.8665939529220779, 0.9625936563436563)",1,95.13250636136716,40981
"(0.8791239816084535, 0.9627892432770482)",1,95.13241036954012,40982
"(0.9020844965568584, 0.9436930909314628)",1,95.13239837221816,40983
"(0.8584326321395287, 0.9574505911522484)",1,95.13234305833116,40984
"(0.9787811022617652, 0.9608918659970924)",1,95.13223551311,40985
"(0.8392857142857143, 0.960414372935642)",2,95.13218697584016,40987
"(0.8722453294915884, 0.952503401360544)",1,95.1321854184512,40988
"(0.7644790288745473, 0.9694279341856143)",1,95.13217935742084,40989
"(0.9185609025397424, 0.9495131982526256)",1,95.13172931116448,40990
"(0.8489948371838136, 0.96004600460046)",1,95.13127997079536,40991
"(0.7707924493038034, 0.9743589743589745)",1,95.13124247600724,40992
"(0.8420816654009687, 0.9740643495864882)",1,95.1310533115438,40993
"(0.8753753753753755, 0.9584283173426188)",1,95.13103513107812,40994
"(0.7419936154875912, 0.955045504550455)",1,95.13090848368508,40995
"(0.5372131272949816, 0.9734416399036532)",1,95.13071648107488,40996
"(0.8365744453354719, 0.9767441860465116)",2,95.13069969863608,40998
"(0.9090630853183156, 0.9692620425004516)",2,95.13062808664642,41000
"(0.8205662393162394, 0.9729166666666668)",1,95.13060651224768,41001
"(0.6699593128390597, 0.9650363879165252)",3,95.13060466150556,41004
"(0.8215945847524795, 0.9610152916073968)",3,95.13053550584428,41007
"(0.96004600460046, 0.960414372935642)",1,95.13051752687434,41008
"(0.8941062801932367, 0.9868055555555556)",1,95.1304225408166,41009
"(0.95474577471438, 0.9537087912087912)",1,95.1303608024114,41010
"(0.8643877750386448, 0.9788110478899952)",3,95.130309129433,41013
"(0.947866344605475, 0.95)",2,95.13022862295703,41015
"(0.8732558430822417, 0.9526018354129678)",1,95.13007997384072,41016
"(0.809724025974026, 0.9754464285714284)",2,95.13006057933318,41018
"(0.917978896103896, 0.9503404207824095)",1,95.13000187340754,41019
"(0.9086045414435115, 0.9625936563436563)",3,95.1298509559168,41022
"(0.8125611790878754, 0.9759093915343916)",1,95.1297400449022,41023
"(0.8557504873294346, 0.9648977033360302)",1,95.1296437724678,41024
"(0.8113181219906367, 0.9868055555555556)",1,95.12959211662016,41025
"(0.5689798878835562, 0.9759093915343916)",1,95.12952670801778,41026
"(0.8872598584428717, 0.9667774086378738)",2,95.12948170647502,41028
"(0.7869981325863679, 1.0)",1,95.12937472391198,41029
"(0.8756319514661275, 0.9774943735933984)",1,95.12921969931983,41030
"(0.9088563274164362, 0.9747973529009974)",1,95.12920442275345,41031
"(0.8449925713278437, 0.955)",1,95.12918003984404,41032
"(0.9504053648283456, 0.9525113127828196)",1,95.12917988918876,41033
"(0.9601840736294516, 0.9477798624140088)",2,95.12906480669224,41035
"(0.8382250174703006, 0.9554098688819938)",2,95.12905824409668,41037
"(0.9019323671497586, 0.9743589743589745)",1,95.12892879539892,41038
"(0.8736448679839133, 0.969913169748696)",1,95.1289168771972,41039
"(0.9020844965568584, 0.9541309523809522)",1,95.12888548814593,41040
"(0.8736448679839133, 0.9651951748860688)",1,95.12885525339723,41041
"(0.9283969998255712, 0.9565375499581746)",1,95.12874182838031,41042
"(0.6659153671215075, 0.9568870566527607)",1,95.12867102278436,41043
"(0.9841269841269842, 1.0)",1,95.12858977403802,41044
"(0.8429041174227984, 0.9463327370304114)",1,95.1285798834642,41045
"(0.9032873606650292, 0.9574505911522484)",1,95.1285754205066,41046
"(0.8755813953488372, 0.9667774086378738)",1,95.12846570967422,41047
"(0.9081468615856708, 0.9694095827515072)",1,95.12813978061708,41048
"(0.7793597074726728, 0.9516760651629074)",2,95.12808870611576,41050
"(0.8832069892473118, 0.9767241379310344)",1,95.1280407526957,41051
"(0.9386363636363636, 0.9535098522167488)",1,95.12801819638533,41052
"(0.947860476880274, 0.975060054907344)",1,95.12791920137995,41053
"(0.8273348098929494, 0.9774943735933984)",1,95.12791721915626,41054
"(0.863200629779577, 0.9737148229943366)",3,95.12787440361411,41057
"(0.9346399099774944, 0.9667774086378738)",1,95.12785977726422,41058
"(0.9283969998255712, 0.9485046203796204)",1,95.12785676683086,41059
"(0.8035361057013022, 0.9552772808586762)",1,95.1278300220608,41060
"(0.7656260873036773, 0.9988651610017888)",3,95.12774933974936,41063
"(0.906765625, 0.9754464285714284)",1,95.12749776931564,41064
"(0.9366629231646204, 0.9548607757926928)",1,95.12743266799752,41065
"(0.8203811714450012, 0.9511278195488724)",1,95.12737833458552,41066
"(0.8379287658123746, 0.9576029606661498)",4,95.12721786437648,41070
"(0.8791239816084535, 0.96004600460046)",1,95.12714100824935,41071
"(0.8739346179284199, 0.9740643495864882)",3,95.12688983960912,41074
"(0.8185680598471297, 0.9552772808586762)",1,95.12665892216424,41075
"(0.9092261904761906, 0.9734722222222224)",2,95.12641501991274,41077
"(0.8925438596491229, 0.9473684210526316)",1,95.12638916439148,41078
"(0.8898792718668495, 0.9576029606661498)",1,95.12633142854156,41079
"(0.8398027589298449, 0.9604697507658034)",1,95.12630632312232,41080
"(0.8576680227137894, 0.9563260001856492)",1,95.12606209883285,41081
"(0.8925865800865801, 1.0)",1,95.12596743402736,41082
"(0.9493987095478396, 0.9554098688819938)",3,95.12591177927084,41085
"(0.8264589732338745, 0.9775193798449612)",1,95.1257958519802,41086
"(0.9343548387096776, 0.9866666666666666)",1,95.12578339474214,41087
"(0.9152165481577246, 0.9565375499581746)",1,95.12549012266854,41088
"(0.900532496919579, 0.9740643495864882)",3,95.1254868348766,41091
"(0.4432805247702946, 0.9868055555555556)",1,95.12530983536806,41092
"(0.8608609979240738, 0.9610152916073968)",1,95.12527332450236,41093
"(0.7449440741697866, 0.97913890378152)",4,95.12498702969134,41097
"(0.948045267489712, 0.9866666666666666)",1,95.12493063917964,41098
"(0.9428571428571428, 0.9571395713710704)",1,95.1248819694616,41099
"(0.8965281666711441, 0.9576397761984412)",1,95.1248767122558,41100
"(0.920419153009064, 0.969913169748696)",1,95.12484620245074,41101
"(0.8745595489781537, 0.9552772808586762)",1,95.124749497082,41102
"(0.8832069892473118, 0.9767241379310344)",2,95.12434684091444,41104
"(0.96, 0.947191237061602)",1,95.124189130347,41105
"(0.8890722680670169, 0.9885627144491042)",1,95.12415462038976,41106
"(0.926440329218107, 0.9568870566527607)",1,95.123865476187,41107
"(0.8370512373649356, 0.9747439067467324)",1,95.12379421843735,41108
"(0.9841269841269842, 1.0)",1,95.12347953614638,41109
"(0.8668154125150273, 0.9651951748860688)",1,95.12331401168078,41110
"(0.7937832885152319, 0.9729944437659755)",1,95.1232967515167,41111
"(0.9095668859649124, 0.969913169748696)",1,95.12323879752444,41112
"(0.9365750528541228, 0.9552772808586762)",1,95.12323716924918,41113
"(0.8787790697674417, 0.9552772808586762)",1,95.12316034053532,41114
"(0.8399595975936993, 0.9706083095402768)",4,95.12302301551333,41118
"(0.7687738498092014, 0.9552772808586762)",1,95.12302217708508,41119
"(0.947191237061602, 0.9511278195488724)",1,95.12295676994982,41120
"(0.8466625966625967, 0.9868055555555556)",1,95.12286901014664,41121
"(0.9104761904761904, 0.9748677248677248)",1,95.12251795635922,41122
"(0.8533333333333333, 0.9541062801932368)",1,95.12249344263428,41123
"(0.8357101427078324, 0.9782702035744222)",1,95.12242220287496,41124
"(0.911377708978328, 0.9748677248677248)",2,95.12238816672114,41126
"(0.8358616184543919, 0.9904876280749568)",1,95.12229237641876,41127
"(0.8919095971175892, 0.9667774086378738)",1,95.12222283333912,41128
"(0.8479183866021937, 0.9584283173426188)",2,95.1220789326786,41130
"(0.9436930909314628, 0.9450706646294882)",1,95.12200570819287,41131
"(0.8288590711201375, 0.9707214851081206)",4,95.12183986417904,41135
"(0.8524177828082752, 0.9577759872287582)",1,95.12170178241476,41136
"(0.8503062961566976, 0.9658154816997468)",1,95.12167568151436,41137
"(0.7869981325863679, 0.986574074074074)",2,95.12160579019007,41139
"(0.8553659393869447, 0.9552772808586762)",1,95.12140507803667,41140
"(0.888013818790316, 0.9595374149659864)",1,95.12136066286882,41141
"(0.8244159679375627, 0.9552772808586762)",2,95.12123722990488,41143
"(0.9366629231646204, 0.9608348284368692)",1,95.12123197784167,41144
"(0.8745595489781537, 0.9552772808586762)",1,95.12098875184812,41145
"(0.9665714285714284, 0.9606447334368527)",1,95.12098322416112,41146
"(0.9179206566347468, 0.9563953488372092)",1,95.12077067144644,41147
"(0.960607978267748, 0.961342940685046)",1,95.12072032897584,41148
"(0.6851810692271219, 0.9740643495864882)",1,95.12066569619516,41149
"(0.9606447334368527, 0.9395614190790031)",1,95.1202251319256,41150
"(0.8511627906976744, 0.9774943735933984)",1,95.12015341121923,41151
"(0.9561403508771932, 0.95004500450045)",1,95.11991372367324,41152
"(1.0, 1.0)",2,95.1199099003977,41154
"(0.8956505897276728, 0.9565375499581746)",1,95.11971327881204,41155
"(0.9168478260869564, 1.0)",1,95.11966848002642,41156
"(0.8731395923480499, 0.9521174134660976)",1,95.119619018075,41157
"(0.6699593128390597, 0.9618138828565136)",1,95.11945336584677,41158
"(0.926045751633987, 0.9735423116615068)",2,95.11923805522449,41160
"(0.8537607374816678, 0.9552772808586762)",1,95.11919945181162,41161
"(0.7518810204481623, 0.9705835027474274)",1,95.11909074628116,41162
"(0.8807378807378808, 0.9557291666666669)",1,95.11894951900643,41163
"(0.8238599925743408, 0.9552772808586762)",1,95.1187766869376,41164
"(0.8970659722222223, 1.0)",1,95.11875278959648,41165
"(0.7687738498092014, 0.9552772808586762)",1,95.11869443141408,41166
"(0.9027777777777778, 0.9734722222222224)",1,95.11863751408092,41167
"(0.8822248676288769, 0.9729763785357004)",1,95.1186305100835,41168
"(0.8285644667223615, 0.9651951748860688)",1,95.1185627143892,41169
"(0.9344155844155844, 0.9565375499581746)",1,95.1184838882543,41170
"(0.812161361179875, 0.9552772808586762)",1,95.11846857014191,41171
"(0.9428823795600112, 0.9694095827515072)",1,95.1183434136658,41172
"(0.8714344685242518, 0.9757936507936508)",1,95.11831778420054,41173
"(0.8988571428571429, 0.9565375499581746)",1,95.11830764472796,41174
"(0.9078178834366952, 0.9498577524893316)",1,95.11817026453576,41175
"(0.9696969696969696, 1.0)",1,95.11813227024224,41176
"(0.8065179582561031, 0.9703400853174085)",4,95.11797233633298,41180
"(0.8437596183441058, 0.9747439067467324)",7,95.1178519950472,41187
"(0.93218671679198, 0.9608348284368692)",1,95.11776028167608,41188
"(0.8696705824365399, 0.9580611248779756)",3,95.11774595268808,41191
"(0.9886710239651416, 0.9835457516339868)",2,95.11766340055756,41193
"(0.8577654071075123, 0.9722222222222222)",1,95.11730779929574,41194
"(0.9170528266913808, 0.9527829893683551)",1,95.11713205887986,41195
"(1.0, 1.0)",1,95.11710627318328,41196
"(0.8901450053705692, 0.9604697507658034)",2,95.11704381011114,41198
"(0.860587002096436, 0.9584283173426188)",1,95.11701442056967,41199
"(0.9366629231646204, 0.9586520604621642)",1,95.11689398833862,41200
"(0.8959567775974026, 0.9537087912087912)",1,95.1167808737979,41201
"(0.8046935824713601, 1.0)",1,95.11676954036004,41202
"(0.8237398713870082, 0.9996213816771112)",1,95.1166675963268,41203
"(0.9360538014841208, 0.9503404207824095)",1,95.11664292422536,41204
"(0.6817662805944057, 0.9754464285714284)",1,95.11663837042887,41205
"(0.8319805194805194, 0.9507857142857142)",1,95.1166008194553,41206
"(0.9078178834366952, 0.9612261904761904)",1,95.1162850500977,41207
"(0.8503896103896105, 0.9574505911522484)",3,95.11618103481842,41210
"(0.9436930909314628, 0.9618138828565136)",1,95.1161460409759,41211
"(0.9792592592592592, 0.996078431372549)",4,95.11606228612466,41215
"(0.8816773504273504, 0.95474577471438)",1,95.11591314663032,41216
"(0.8275096819218369, 0.9962218765217246)",1,95.1158615818764,41217
"(0.9224211423699916, 1.0)",1,95.11585599362178,41218
"(0.8755813953488372, 0.9667774086378738)",1,95.1157657680766,41219
"(0.9620227038183696, 0.9882352941176472)",1,95.11571624254265,41220
"(0.8048900626716133, 0.9605856647968066)",2,95.11512086764436,41222
"(0.7956776428149589, 0.9550387596899224)",1,95.11499729689072,41223
"(0.7781804765289743, 0.9918489171769364)",1,95.1149513279965,41224
"(0.9769410044719642, 0.8141163662046016)",1,95.11490735068732,41225
"(0.7677679255082008, 0.9770279191266188)",1,95.1148768962569,41226
"(0.8489597695866653, 0.9767441860465116)",1,95.11484357293614,41227
"(0.8221900156455976, 0.9708719086020908)",1,95.1147563481714,41228
"(0.8791954022988505, 0.9734722222222224)",1,95.11471283987645,41229
"(0.8096020045070251, 0.9984839948076338)",3,95.1146885021356,41232
"(0.4896538918597742, 0.9866666666666666)",1,95.11445463047733,41233
"(0.8756479140328698, 0.9508739421428176)",1,95.11439145410982,41234
"(0.8505136750684519, 0.965554269057235)",1,95.11436833532036,41235
"(0.7563226258069534, 0.9552772808586762)",1,95.114366675788,41236
"(0.9462631140307872, 0.9555491383616382)",1,95.1140873342901,41237
"(0.7901692183722804, 0.9380552220888356)",1,95.11404892010476,41238
"(0.8955165692007796, 0.9564964624817116)",1,95.11402925558116,41239
"(0.8621651785714286, 0.9612261904761904)",1,95.11380887823384,41240
"(0.9363885088919288, 0.9667774086378738)",1,95.11379099316925,41241
"(0.8504257246376812, 0.9506818181818182)",2,95.1137174880001,41243
"(0.95, 0.9537087912087912)",1,95.1136635387281,41244
"(0.920373952288846, 0.9575114377859448)",1,95.11363843398485,41245
"(0.809724025974026, 0.9754464285714284)",1,95.11356389136884,41246
"(0.9571428571428572, 0.95)",1,95.11336460834292,41247
"(0.9577861163227016, 0.953054992365648)",3,95.11326349111506,41250
"(0.915422077922078, 0.9754464285714284)",1,95.11321922223354,41251
"(0.908998988877654, 0.9563953488372092)",1,95.1130270163641,41252
"(0.8635440917107585, 0.9886710239651416)",1,95.1129823524537,41253
"(0.6396617032392895, 0.9754464285714284)",1,95.11295836368204,41254
"(0.8498330413631913, 0.9737148229943366)",1,95.112957618752,41255
"(0.8141495561319372, 0.9935550356506238)",3,95.1129493979886,41258
"(0.9565375499581746, 0.9574505911522484)",1,95.11276955264375,41259
"(0.9570371875635032, 0.9579551650296714)",1,95.1126727747317,41260
"(0.93916595083917, 0.9683214285714286)",1,95.11261123171803,41261
"(0.9082265398925176, 0.955045504550455)",1,95.11251373654704,41262
"(0.8837244897959183, 0.9635619016637234)",2,95.11247989782322,41264
"(0.9019607843137254, 1.0)",2,95.11234990456408,41266
"(0.9426994258113802, 0.9534840838509316)",1,95.11218087771276,41267
"(0.884468024900962, 0.9507857142857142)",1,95.11208256657557,41268
"(0.7720014764861725, 0.971028277217948)",3,95.11207922284024,41271
"(0.8112491373360938, 1.0)",1,95.11195564141234,41272
"(0.9476776665722468, 0.9495131982526256)",1,95.1119333211782,41273
"(0.8917857142857143, 0.9574505911522484)",1,95.11177281565745,41274
"(0.9371419957793188, 0.95004500450045)",2,95.11173944192944,41276
"(0.8837209302325582, 0.9774943735933984)",1,95.11145037492686,41277
"(0.9360538014841208, 0.9462631140307872)",1,95.11135724591192,41278
"(0.9214157914304304, 0.9645607615220874)",1,95.1111478273978,41279
"(0.9618138828565136, 0.954682426948052)",2,95.1110696973722,41281
"(0.8778462998102468, 0.9866666666666666)",1,95.11100968380391,41282
"(0.8961538461538462, 0.9754464285714284)",1,95.1109669351218,41283
"(0.9428571428571428, 0.9574505911522484)",1,95.11091616726738,41284
"(0.9170435132147524, 0.9561403508771932)",1,95.11084728978872,41285
"(0.8581587837837837, 0.9754464285714284)",1,95.11065581999394,41286
"(0.7782392026578072, 1.0)",1,95.11060330076212,41287
"(0.93218671679198, 0.9612261904761904)",1,95.1105377378937,41288
"(0.7973166368515204, 0.965497521921464)",1,95.11045162464556,41289
"(0.916550925925926, 0.9722222222222222)",1,95.11031647399533,41290
"(0.8779083570750237, 0.9743589743589745)",1,95.11022939910843,41291
"(0.8635440917107585, 0.9879901960784314)",1,95.11020628791356,41292
"(0.992156862745098, 0.8615283267457181)",1,95.11007558315418,41293
"(0.9390638788116482, 0.9665714285714284)",1,95.11006573368158,41294
"(0.8959567775974026, 0.95474577471438)",1,95.11001150910104,41295
"(0.8487390350877192, 0.9472634640194172)",2,95.1099962923029,41297
"(0.7081625209067293, 0.9694095827515072)",1,95.10999543458648,41298
"(0.9420000000000002, 0.9507857142857142)",1,95.1097901424087,41299
"(0.9360538014841208, 0.9428571428571428)",1,95.10957535619224,41300
"(0.8557504873294346, 0.9649122807017544)",1,95.10948019625664,41301
"(0.9407679738562092, 0.9748677248677248)",1,95.1093300152638,41302
"(0.8520449077786689, 0.9885627144491042)",1,95.10920752300198,41303
"(0.8392857142857143, 0.9561403508771932)",1,95.1092063344216,41304
"(0.9635619016637234, 0.9462631140307872)",2,95.10912437867768,41306
"(0.7496650452295612, 0.9866666666666666)",1,95.10907400758504,41307
"(0.5392725840336134, 0.9595374149659864)",3,95.10905827667833,41310
"(0.7646229739252995, 0.965497521921464)",1,95.108966865175,41311
"(0.9365750528541228, 0.9552772808586762)",1,95.10890965193988,41312
"(0.8731196908559524, 0.9825319426526432)",1,95.10890144865029,41313
"(0.93916595083917, 0.9574505911522484)",3,95.10875850940413,41316
"(0.8956505897276728, 0.9565375499581746)",1,95.10873455093056,41317
"(0.8556083495776478, 0.969913169748696)",3,95.10871949240368,41320
"(0.9595374149659864, 0.9618138828565136)",1,95.10866688819998,41321
"(0.9444444444444444, 1.0)",1,95.10863470249014,41322
"(0.8244159679375627, 0.9667081046663232)",1,95.10862190946628,41323
"(0.7595706618962433, 0.9774943735933984)",1,95.10847019676316,41324
"(0.9351600241545894, 0.9868055555555556)",1,95.10840259502356,41325
"(0.7953174104336894, 0.9552772808586762)",1,95.1081919760267,41326
"(0.8787790697674417, 0.9552772808586762)",1,95.10810838421412,41327
"(0.7547562359331114, 0.9676157021969108)",4,95.10808394552524,41331
"(0.8471501822188321, 0.9667712327175554)",1,95.10806920105392,41332
"(0.8753462245347001, 0.9576029606661498)",6,95.10780814029047,41338
"(0.920373952288846, 0.9399748585795098)",3,95.10754588487008,41341
"(0.7827659652601814, 0.9584283173426188)",1,95.10736648919293,41342
"(0.809724025974026, 0.9754464285714284)",1,95.10720639112768,41343
"(0.8173976608187135, 0.9658154816997468)",1,95.10717974588988,41344
"(0.8748472964943552, 0.992156862745098)",2,95.10689429998492,41346
"(0.8791239816084535, 0.96004600460046)",1,95.106877569471,41347
"(0.9584283173426188, 0.9511278195488724)",2,95.10681693239069,41349
"(0.9002770083102493, 0.9605856647968066)",1,95.1067919213338,41350
"(0.8439572704081633, 0.9574505911522484)",1,95.10677129463376,41351
"(0.8078308130291714, 0.9885627144491042)",1,95.10676591140286,41352
"(0.8995660342409569, 0.9554098688819938)",4,95.10666236283556,41356
"(0.9577861163227016, 0.9584283173426188)",1,95.1066506341936,41357
"(0.8757566103854729, 0.9667774086378738)",2,95.10649589788612,41359
"(0.6699593128390597, 0.9625936563436563)",3,95.10648772736236,41362
"(0.8827674567584882, 0.9642857142857144)",3,95.106437596299,41365
"(0.9041622150997152, 0.9868055555555556)",1,95.10636456616577,41366
"(0.8400808029318731, 0.9733284238064326)",1,95.10631720927164,41367
"(0.8883076259303203, 0.96004600460046)",1,95.1062320713976,41368
"(0.8065226115972981, 0.9736842105263158)",1,95.10616468937394,41369
"(0.8138874207188161, 0.9667081046663232)",1,95.10605303893836,41370
"(0.8198932646301067, 0.9754464285714284)",1,95.1060241460718,41371
"(0.9001409893736627, 0.9565375499581746)",1,95.10597125232631,41372
"(0.8429058758006126, 0.9740643495864882)",1,95.10585262088836,41373
"(0.8668807435254804, 0.9428823795600112)",1,95.1058370363837,41374
"(0.689772303098171, 0.969913169748696)",8,95.1057576181195,41382
"(0.9373919235072729, 0.962604085919332)",1,95.10571980272309,41383
"(0.8860640954495006, 0.9555491383616382)",1,95.10560903603776,41384
"(0.812161361179875, 0.9552772808586762)",1,95.10555523992012,41385
"(0.9612261904761904, 0.9503404207824095)",1,95.10552267992315,41386
"(0.8584326321395287, 0.9498577524893316)",1,95.10549004253636,41387
"(0.9226438267614736, 0.9537087912087912)",1,95.10539691106123,41388
"(0.847123015873016, 0.9868055555555556)",1,95.10525312463469,41389
"(0.8668154125150273, 0.969913169748696)",1,95.105233042262,41390
"(0.8919095971175892, 0.9662727157199136)",1,95.10518876316767,41391
"(0.96625, 0.9759093915343916)",1,95.10516633462817,41392
"(0.8321575543797766, 0.9516760651629074)",1,95.1050576702881,41393
"(0.830982891078167, 0.9605856647968066)",1,95.10505183628892,41394
"(0.8577654071075123, 0.9722222222222222)",1,95.10504030492856,41395
"(1.0, 1.0)",1,95.10473050116032,41396
"(1.0, 1.0)",1,95.10470967632094,41397
"(0.93916595083917, 0.9579551650296714)",1,95.10441217209728,41398
"(0.9618138828565136, 0.9647217861503576)",1,95.10435365056038,41399
"(0.7566647759500852, 0.965497521921464)",1,95.10427654580816,41400
"(0.8887706043956044, 0.9637433687002652)",2,95.10412203264104,41402
"(0.9667774086378738, 0.9667774086378738)",1,95.10395033350062,41403
"(0.905649630541872, 0.9624656593406592)",1,95.10382895300782,41404
"(0.7072139577594123, 1.0)",3,95.10368929077052,41407
"(0.8191696039521523, 0.9601840736294516)",3,95.10359449805476,41410
"(0.8895225947521866, 0.9483395989974938)",1,95.10354733516112,41411
"(0.8679093870946581, 0.9747439067467324)",1,95.1035373115015,41412
"(0.6856760145918833, 0.9885627144491042)",1,95.10342753632682,41413
"(0.9462631140307872, 0.9537087912087912)",1,95.10334938100972,41414
"(0.7511440764072342, 0.9689226083126972)",1,95.10333874401664,41415
"(0.7159299218415124, 0.9658154816997468)",1,95.10333518578584,41416
"(0.8498168498168499, 1.0)",1,95.1031972248121,41417
"(0.951596182326806, 0.9565375499581746)",1,95.1031107896862,41418
"(0.9008392857142858, 0.9507857142857142)",1,95.10305005645952,41419
"(0.8837244897959183, 0.9635619016637234)",1,95.10300632460668,41420
"(0.9492266992266992, 0.9748677248677248)",1,95.10289126881236,41421
"(0.8544840720221607, 0.9658154816997468)",1,95.1027345989493,41422
"(0.8575440961689698, 0.9667774086378738)",1,95.10269793270488,41423
"(0.8970155460303243, 0.960607978267748)",1,95.10246019758944,41424
"(0.875, 1.0)",1,95.1021516017646,41425
"(0.8434101386909988, 0.969913169748696)",3,95.10197608379644,41428
"(0.8576356621891807, 0.9526018354129678)",1,95.10195878260456,41429
"(0.8870934646557915, 0.9651951748860688)",1,95.10193720840672,41430
"(0.8287365047233469, 0.9560805836777236)",1,95.101907925344,41431
"(0.93323732718894, 0.9754464285714284)",1,95.1017879378996,41432
"(0.7827659652601814, 0.9507567172823652)",2,95.10141278800349,41434
"(0.9649729659305584, 0.9473039215686276)",6,95.10129523938149,41440
"(0.8434101386909988, 0.969913169748696)",1,95.10129293324584,41441
"(0.8240047299960582, 0.9552772808586762)",1,95.10120560232475,41442
"(0.7956776428149589, 0.9774943735933984)",1,95.10120081500456,41443
"(0.880575093557375, 0.9704157992290334)",1,95.10118398847732,41444
"(0.827772984373502, 0.9517433954079988)",1,95.10111267426716,41445
"(0.8240047299960582, 0.9552772808586762)",1,95.10104708494164,41446
"(0.9214157914304304, 0.9574505911522484)",3,95.10095660250258,41449
"(0.9235874607931364, 0.9565375499581746)",2,95.1008907064662,41451
"(0.8517628395518037, 0.9977340026455404)",3,95.10081427049056,41454
"(0.9571428571428572, 0.9595374149659864)",1,95.10073692474704,41455
"(0.6700292397660818, 0.969913169748696)",1,95.10068136772664,41456
"(0.798478835978836, 0.9748677248677248)",1,95.10053581655404,41457
"(0.916550925925926, 0.9868055555555556)",1,95.10049890992342,41458
"(0.498048399687744, 0.9774943735933984)",1,95.10046179396562,41459
"(0.6739327546119142, 0.969913169748696)",1,95.10030279439653,41460
"(0.9142857142857144, 0.9565375499581746)",1,95.10029463793975,41461
"(0.906439024390244, 0.9503404207824095)",1,95.10028029940842,41462
"(0.9235874607931364, 0.952503401360544)",1,95.10014586352284,41463
"(0.9386363636363636, 0.9543257389162564)",1,95.1000952110756,41464
"(0.9230769230769232, 1.0)",1,95.10006899653985,41465
"(0.8065226115972981, 0.9605856647968066)",1,95.0999790555472,41466
"(0.8731395923480499, 0.969913169748696)",6,95.09996113352612,41472
"(0.8424197513013303, 0.9463234342650104)",1,95.09967204983066,41473
"(0.9678608196882048, 0.9249585360459974)",1,95.09952029011836,41474
"(0.8731395923480499, 0.9651951748860688)",1,95.09945953787062,41475
"(0.8547161442933175, 0.960657765442102)",1,95.099420823467,41476
"(0.8693120323003425, 0.9503404207824095)",1,95.09940407465626,41477
"(0.8919095971175892, 0.9667774086378738)",1,95.0993691269341,41478
"(0.7613039621525723, 0.9611414900888584)",1,95.09923678830984,41479
"(0.8344950967399947, 0.9612261904761904)",2,95.09922015117505,41481
"(0.9555491383616382, 0.9574505911522484)",1,95.09921621390944,41482
"(0.8924167302313756, 0.9694279341856143)",1,95.09918836034934,41483
"(0.8323660714285714, 0.9868055555555556)",1,95.09899510753762,41484
"(0.7074854651162791, 0.965497521921464)",1,95.09897871042804,41485
"(0.8281746031746032, 1.0)",1,95.09869029571256,41486
"(0.8351193705914272, 0.9780571219715956)",1,95.09862145123604,41487
"(0.9586520604621642, 0.951596182326806)",1,95.0986096410819,41488
"(0.9177054478301016, 0.9604697507658034)",1,95.09854799396128,41489
"(0.8608609979240738, 0.961770130454341)",1,95.0984311519957,41490
"(0.9196428571428572, 0.9647321428571428)",1,95.09838837455582,41491
"(0.93323732718894, 0.9754464285714284)",1,95.098374175494,41492
"(0.8837209302325582, 0.9563953488372092)",1,95.0981434686745,41493
"(0.9384353741496598, 0.9606615844690656)",1,95.09803278428076,41494
"(0.9343434343434344, 0.9551820728291316)",1,95.09798923733652,41495
"(0.9302579365079364, 0.9734722222222224)",1,95.09795127295806,41496
"(0.8036752491694351, 0.9767441860465116)",1,95.09782583945396,41497
"(0.8240047299960582, 0.9552772808586762)",1,95.09772667080787,41498
"(0.860587002096436, 0.9557291666666669)",1,95.0977253836422,41499
"(0.9462631140307872, 0.9612261904761904)",3,95.09765109216376,41502
"(0.8923633969716919, 0.9557291666666669)",1,95.09762329068732,41503
"(0.812161361179875, 0.9552772808586762)",1,95.097514625814,41504
"(0.7078583371333029, 0.9552772808586762)",1,95.09750276261052,41505
"(0.7450665795206972, 0.9992424242424244)",3,95.09733313464034,41508
"(0.9450031426775612, 0.9484080262531626)",1,95.0972037329536,41509
"(0.9348875393612236, 0.9694279341856143)",1,95.09719820903896,41510
"(0.8556244819380197, 0.96004600460046)",1,95.09706220689844,41511
"(0.8282752506308395, 0.9667774086378738)",1,95.0970205712793,41512
"(0.8217327219128726, 0.9774943735933984)",1,95.09676586954672,41513
"(0.8169877890790815, 0.962604085919332)",1,95.09663209025253,41514
"(0.946764828738513, 0.9537087912087912)",1,95.09663026396512,41515
"(0.8157493041213971, 0.965497521921464)",1,95.0965961290472,41516
"(0.9325581395348838, 0.9885627144491042)",1,95.09657028501022,41517
"(0.8634436934356743, 0.9774943735933984)",1,95.09654139038564,41518
"(0.8338132455779513, 0.9743589743589745)",2,95.09650176181194,41520
"(0.906765625, 0.9767241379310344)",2,95.09642754515218,41522
"(0.8537607374816678, 0.9552772808586762)",1,95.09639999075198,41523
"(0.9088431305536568, 0.9782702035744222)",3,95.09633384244894,41526
"(0.5951421188630491, 0.9885627144491042)",2,95.09621029522044,41528
"(0.918078605068401, 0.9696381743256742)",1,95.09618163962664,41529
"(0.8756319514661275, 0.9550387596899224)",1,95.09607864486244,41530
"(0.8632677198614513, 0.9601840736294516)",1,95.09594285608222,41531
"(0.9444444444444444, 1.0)",1,95.09587350276314,41532
"(0.9618138828565136, 0.9608918659970924)",3,95.09585885868294,41535
"(1.0, 1.0)",2,95.09578215208566,41537
"(0.9367114963691102, 0.9565375499581746)",1,95.09567439373426,41538
"(0.8244159679375627, 0.9552772808586762)",1,95.09539752739444,41539
"(0.9420000000000002, 0.9507857142857142)",1,95.09531972162584,41540
"(0.8663406611415462, 0.9537087912087912)",1,95.0952854163505,41541
"(0.7081625209067293, 0.9747439067467324)",1,95.0951121791246,41542
"(0.8867478025693036, 0.95)",1,95.09505961300734,41543
"(0.8238599925743408, 0.9667081046663232)",1,95.09494811789676,41544
"(0.9198796975970888, 0.97317738791423)",1,95.09494351396908,41545
"(0.900532496919579, 0.969913169748696)",3,95.09489232957748,41548
"(0.8434101386909988, 0.9694279341856143)",2,95.0948904613795,41550
"(0.9601840736294516, 0.9525113127828196)",2,95.09476378445548,41552
"(0.927777350854274, 0.96)",4,95.09468175439142,41556
"(0.9493987095478396, 0.9557291666666669)",1,95.0944545979432,41557
"(0.8870934646557915, 0.960657765442102)",1,95.09439327740893,41558
"(0.9121447028423773, 0.9552772808586762)",1,95.09430524122618,41559
"(0.8925865800865801, 1.0)",2,95.09412700494715,41561
"(0.7853026285520565, 0.969913169748696)",1,95.09406491117495,41562
"(0.9214340198321892, 1.0)",1,95.09399156653164,41563
"(0.9386724386724388, 0.9841269841269842)",1,95.09376704093272,41564
"(0.9464079225584776, 0.9657079385975222)",1,95.09361697921356,41565
"(0.93916595083917, 0.9612261904761904)",1,95.09355630688128,41566
"(0.8319805194805194, 0.9507857142857142)",1,95.0932981142421,41567
"(0.96625, 0.9633928571428572)",1,95.09315074646844,41568
"(0.7325581395348837, 0.9667774086378738)",1,95.09297332385256,41569
"(0.7862679955703211, 0.9667774086378738)",1,95.09295269104337,41570
"(0.9224211423699916, 0.9841269841269842)",1,95.09288028911362,41571
"(0.8952675231745, 0.9463327370304114)",1,95.09280072578748,41572
"(0.9504053648283456, 0.9525113127828196)",2,95.09263002095904,41574
"(0.8553659393869447, 0.9552772808586762)",1,95.0925028944386,41575
"(0.7644216248867413, 0.9667774086378738)",1,95.09244181707312,41576
"(0.8019390581717452, 0.9568870566527607)",1,95.09232654624545,41577
"(0.8319664902998236, 1.0)",1,95.09229001802667,41578
"(0.7836131531301243, 0.9919847646453712)",2,95.09224976350804,41580
"(0.9407051282051282, 0.950721153846154)",1,95.09223510685756,41581
"(0.8602750753767079, 0.9691386864335962)",4,95.09221986542885,41585
"(0.9333531698462172, 0.9537087912087912)",2,95.0920430116658,41587
"(0.8498016084836839, 0.9605856647968066)",3,95.09203422170285,41590
"(0.8591750613113885, 0.9725462649603596)",1,95.09194995694752,41591
"(0.9185588416618146, 0.9555491383616382)",1,95.0919119146566,41592
"(0.8060320096123339, 0.9692634363686996)",1,95.0918191116039,41593
"(0.9571395713710704, 0.9612261904761904)",1,95.09177532502024,41594
"(0.8204161317928969, 0.9560805836777236)",1,95.09177189953536,41595
"(0.8871004696987055, 0.9774943735933984)",1,95.09174362137242,41596
"(0.9047619047619048, 1.0)",1,95.09160290351868,41597
"(0.8939664986176614, 0.9774943735933984)",3,95.09153602818508,41600
"(0.907635752688172, 0.9647321428571428)",1,95.0915285593288,41601
"(0.9214157914304304, 0.9574505911522484)",1,95.09138159106112,41602
"(0.8500647757655945, 0.9516258530710558)",1,95.09130261599834,41603
"(0.8373852304418176, 0.9649122807017544)",1,95.09109159916598,41604
"(0.942599584906604, 0.9577861163227016)",1,95.0909417622718,41605
"(0.9748677248677248, 0.9868055555555556)",1,95.09087477382867,41606
"(0.8787790697674417, 0.9552772808586762)",1,95.09083715790322,41607
"(0.8766755371575004, 0.961770130454341)",1,95.09076623568691,41608
"(0.8933695652173913, 0.9646871008939976)",1,95.09073073213418,41609
"(0.9426994258113802, 0.9586520604621642)",1,95.0907131075354,41610
"(0.8487161531279178, 0.9615343915343916)",1,95.0904084415264,41611
"(0.952503401360544, 0.9537087912087912)",1,95.0902632434824,41612
"(0.8557419333086079, 0.9579551650296714)",1,95.0901619968132,41613
"(0.9579966888808584, 0.9681338377164)",1,95.08998357296954,41614
"(0.9327096052096052, 1.0)",1,95.08985235369305,41615
"(0.901648307790549, 0.9507857142857142)",1,95.0898369489706,41616
"(0.9008392857142858, 0.9624821937321938)",1,95.0898212912253,41617
"(0.8553659393869447, 0.9552772808586762)",1,95.0896803377122,41618
"(0.8745595489781537, 0.9552772808586762)",1,95.08967455027464,41619
"(0.9333908045977012, 0.9637433687002652)",2,95.0895553712156,41621
"(0.9272486772486772, 0.9743589743589745)",1,95.08955230202982,41622
"(0.7257988721804511, 0.961770130454341)",1,95.08942155286086,41623
"(0.9104761904761904, 0.9748677248677248)",1,95.08937317590612,41624
"(0.7745765275257108, 0.9604697507658034)",1,95.08934194855368,41625
"(0.809724025974026, 0.9624656593406592)",1,95.08923655872684,41626
"(0.9586520604621642, 0.97595009914078)",1,95.08922908111184,41627
"(0.8882535288785288, 0.9743589743589745)",1,95.08921266384527,41628
"(0.9346399099774944, 0.9774943735933984)",1,95.08907451647907,41629
"(0.7835917312661498, 0.9767441860465116)",1,95.08882242928078,41630
"(0.8666056166056167, 0.9873931623931624)",2,95.08870597235808,41632
"(0.899997244510117, 0.9568870566527607)",1,95.08859647881148,41633
"(0.8952569169960475, 0.9561403508771932)",1,95.08829794027396,41634
"(0.8069104052936311, 0.9944119223851688)",3,95.0880807975793,41637
"(0.832288597755908, 0.965497521921464)",1,95.08766159232842,41638
"(0.9214340198321892, 1.0)",1,95.08750925417549,41639
"(0.8729480164158687, 0.965497521921464)",1,95.08749438260848,41640
"(0.9688819909986466, 0.9625936563436563)",3,95.08745299107872,41643
"(0.9019607843137254, 0.9868055555555556)",2,95.08744712697992,41645
"(0.8511627906976744, 0.9774943735933984)",1,95.0872943087516,41646
"(0.9031109519831324, 0.9472634640194172)",3,95.08728622525923,41649
"(0.936026936026936, 1.0)",1,95.08724388919764,41650
"(0.9696969696969696, 1.0)",1,95.08707627729368,41651
"(0.9263477887938646, 0.9576029606661498)",1,95.0870217269258,41652
"(0.7591142927392052, 0.9705734449591)",4,95.0869030412346,41656
"(0.7245388933440257, 0.9775193798449612)",1,95.08682983998436,41657
"(0.8134796238244515, 0.942599584906604)",1,95.08662712130769,41658
"(0.7563558796537441, 0.9992431021625652)",3,95.08658530499552,41661
"(0.8285644667223615, 0.969913169748696)",1,95.08656453466035,41662
"(0.9534181717978908, 0.953054992365648)",1,95.08636652999222,41663
"(0.8787790697674417, 0.9667081046663232)",1,95.08625214048924,41664
"(0.9131182795698924, 0.9767241379310344)",2,95.08622124811374,41666
"(0.8019390581717452, 0.9563260001856492)",1,95.0861506620048,41667
"(0.763189368770764, 0.9552772808586762)",1,95.0859389709598,41668
"(0.8498740201567748, 0.9658154816997468)",1,95.08588323335016,41669
"(0.902092920189038, 0.9563260001856492)",1,95.08567545275724,41670
"(0.9606447334368527, 0.9642857142857144)",3,95.08529669923864,41673
"(0.8743600217864923, 0.9507857142857142)",1,95.08528109932412,41674
"(0.6767067234560389, 0.987511565102148)",1,95.0850452149202,41675
"(0.9235874607931364, 0.9503404207824095)",1,95.08504423402717,41676
"(0.8665939529220779, 0.9565375499581746)",1,95.08502111720094,41677
"(0.946764828738513, 0.9571428571428572)",2,95.08488001731824,41679
"(0.9589484126984128, 1.0)",1,95.08476443916469,41680
"(0.9574505911522484, 0.9618138828565136)",1,95.08470726566574,41681
"(0.7277949879630539, 0.9951042594241616)",1,95.08456239324012,41682
"(0.8823631647905025, 0.9627892432770482)",1,95.08452080416872,41683
"(0.8164030073596183, 0.956140350877193)",1,95.08451307933564,41684
"(0.8252189403088706, 0.9943030880005692)",2,95.08448206602128,41686
"(0.8339212842322631, 0.9774943735933984)",1,95.08441313869208,41687
"(0.875402576489533, 0.9506818181818182)",1,95.0844104421701,41688
"(0.9261349042540992, 0.963460939931528)",1,95.08437498885816,41689
"(0.8621651785714286, 0.9612261904761904)",3,95.08431532067776,41692
"(0.8495727722191059, 0.9612261904761904)",3,95.08429732821696,41695
"(0.8348214285714286, 0.9561403508771932)",1,95.08429316599162,41696
"(0.8919095971175892, 0.9667774086378738)",1,95.08418003286728,41697
"(0.8745595489781537, 0.9552772808586762)",1,95.08404474416383,41698
"(0.8587799123693967, 0.9534883720930232)",1,95.08404250518956,41699
"(0.899997244510117, 0.9736842105263158)",1,95.08401524503948,41700
"(0.8429058758006126, 0.9694279341856143)",1,95.08394324754413,41701
"(0.9360538014841208, 0.9541309523809522)",1,95.08388380587584,41702
"(0.9368482142857144, 0.9555491383616382)",2,95.08374652305616,41704
"(0.9170528266913808, 0.9601840736294516)",2,95.08369289799846,41706
"(0.9526018354129678, 0.955045504550455)",1,95.08362493425024,41707
"(0.8457446808510638, 0.9868055555555556)",1,95.08360381156275,41708
"(0.9248976608187136, 0.9555491383616382)",1,95.08355916723676,41709
"(0.9310828877005348, 0.954682426948052)",1,95.0835547033396,41710
"(0.933229459603253, 0.9554098688819938)",3,95.083456498903,41713
"(0.955045504550455, 0.9475111877796946)",1,95.08341871088462,41714
"(0.8888888888888888, 0.986574074074074)",1,95.08340992146124,41715
"(0.809724025974026, 0.9754464285714284)",1,95.08334594903098,41716
"(0.7885435936143402, 0.9913490623109498)",3,95.08323013139518,41719
"(0.8764986277625307, 0.9774943735933984)",1,95.08320997392732,41720
"(0.8516362734449852, 0.9577759872287582)",1,95.08314001737855,41721
"(0.9170528266913808, 0.9425110627765696)",3,95.0831321733378,41724
"(0.9386363636363636, 0.9647321428571428)",1,95.08311658637236,41725
"(0.7074854651162791, 0.9550387596899224)",1,95.0830873987534,41726
"(0.9551820728291316, 0.9527829893683551)",2,95.08303641044526,41728
"(0.8881381381381382, 0.9868055555555556)",1,95.08300800242768,41729
"(0.8731196908559524, 0.9604697507658034)",3,95.08277208527709,41732
"(0.8867478025693036, 0.9477798624140088)",3,95.0825868641031,41735
"(0.8240047299960582, 0.9552772808586762)",1,95.08250942727744,41736
"(0.9170528266913808, 0.9525113127828196)",1,95.0824525816785,41737
"(0.6988221026049972, 0.9658154816997468)",2,95.0824034855518,41739
"(0.8990509938090584, 0.9868055555555556)",1,95.08237058893862,41740
"(0.8591750613113885, 0.9591935722491892)",1,95.08232834771358,41741
"(0.8221014871827105, 0.9706498555004462)",1,95.08229828352836,41742
"(0.7956776428149589, 0.9774943735933984)",1,95.0822685572728,41743
"(0.8752365981200475, 0.9612261904761904)",3,95.08218834258166,41746
"(0.7966238809189946, 0.9580611248779756)",1,95.08213084665206,41747
"(0.8971203581710827, 0.9748677248677248)",1,95.0820458050424,41748
"(0.9688819909986466, 0.9625936563436563)",1,95.0820079275562,41749
"(0.9247680199941508, 0.9541309523809522)",1,95.08189226402148,41750
"(0.8668154125150273, 0.969913169748696)",3,95.08169620268733,41753
"(0.8113700237820031, 0.9973454003495162)",1,95.08168926629132,41754
"(0.5779361378128867, 0.969913169748696)",1,95.08138972497936,41755
"(0.9571428571428572, 0.9499194985912254)",1,95.08137731790046,41756
"(0.7672419572552083, 0.9670766005888762)",1,95.08131956675824,41757
"(0.8232281991085706, 0.9576029606661498)",3,95.08114024518711,41760
"(0.8428739632573199, 0.9868055555555556)",1,95.08111664172016,41761
"(0.9391627846790888, 0.9541309523809522)",2,95.08093988303548,41763
"(0.9503404207824095, 0.951596182326806)",1,95.08063577999842,41764
"(0.9495131982526256, 0.952503401360544)",1,95.08057674753076,41765
"(0.883580779054917, 0.9541062801932368)",1,95.08056627800654,41766
"(0.8576102418207682, 0.969913169748696)",4,95.08053370635072,41770
"(0.9060206664893564, 0.9604697507658034)",1,95.08043872382652,41771
"(0.8642588614393125, 0.9560805836777236)",3,95.0802700114398,41774
"(0.9170528266913808, 0.94004400440044)",3,95.08019913194782,41777
"(0.8604651162790697, 0.9885627144491042)",1,95.08011218723026,41778
"(0.8714817270851754, 0.9506818181818182)",1,95.07993839342286,41779
"(0.9499369338378628, 0.9658154816997468)",1,95.07991891145086,41780
"(0.8379287658123746, 0.9576029606661498)",1,95.07990979273654,41781
"(0.875, 0.9759093915343916)",1,95.07983152601408,41782
"(0.9399404761904762, 0.944540304191448)",1,95.0797722610712,41783
"(0.9261349042540992, 0.9882352941176472)",1,95.07976649893538,41784
"(0.9211400121926436, 0.9683214285714286)",1,95.0797541674598,41785
"(0.5248560962846677, 0.9750869028930254)",1,95.0795709168564,41786
"(0.9312094155844156, 0.9625115627890696)",1,95.07954967053628,41787
"(0.93916595083917, 0.9541309523809522)",1,95.07952882041694,41788
"(0.5943117201606165, 0.9610152916073968)",1,95.07948832611886,41789
"(0.8556083495776478, 0.9460898868793606)",1,95.07937623720449,41790
"(0.93916595083917, 0.9608348284368692)",1,95.07906475032668,41791
"(0.8537607374816678, 0.9552772808586762)",1,95.0790573985522,41792
"(0.9274675066312998, 0.9507857142857142)",1,95.07902202012552,41793
"(0.925, 0.9507857142857142)",1,95.0789431179348,41794
"(0.795803080252039, 0.9926312095531395)",1,95.0789228522358,41795
"(0.7536005944279325, 0.9718944489532726)",4,95.0787668159719,41799
"(0.9371419957793188, 0.9526018354129678)",1,95.07864581030084,41800
"(0.8495727722191059, 0.9537087912087912)",1,95.07857892995268,41801
"(0.8275809031622985, 1.0)",1,95.07857388730838,41802
"(0.8552672227371022, 0.960414372935642)",1,95.0783600328587,41803
"(0.9342857142857144, 0.9477798624140088)",1,95.07832061252417,41804
"(0.6073784322748889, 0.9373214691979068)",1,95.07804855904683,41805
"(0.8762664758354415, 0.9608918659970924)",1,95.0777724747388,41806
"(0.9408601779678556, 0.9565375499581746)",2,95.07759365549376,41808
"(0.8638088157947971, 0.9608348284368692)",2,95.07736174592448,41810
"(0.789129970517141, 0.9984848484848484)",3,95.07712392955878,41813
"(0.8533773606766307, 0.9634384628873468)",1,95.07701762474422,41814
"(0.8467473884140551, 0.9866666666666666)",1,95.07690056990704,41815
"(0.8638474025974026, 0.9612261904761904)",3,95.07661702350052,41818
"(0.8646717600452744, 0.9560805836777236)",1,95.07660495912448,41819
"(0.9226438267614736, 0.9508739421428176)",1,95.07659008513,41820
"(0.8164030073596183, 0.9516760651629074)",3,95.07657143100498,41823
"(0.896551724137931, 1.0)",1,95.07625277691376,41824
"(0.7825263949961201, 0.9552772808586762)",1,95.07624592740063,41825
"(0.9047619047619048, 1.0)",1,95.07596177306324,41826
"(0.9196428571428572, 0.9647321428571428)",2,95.07583202166543,41828
"(0.9196428571428572, 0.9759093915343916)",1,95.07566306433036,41829
"(0.8851067942942943, 0.9635978418848098)",4,95.07562913269848,41833
"(0.9312094155844156, 0.9575114377859448)",1,95.07556332094244,41834
"(0.8429058758006126, 0.969913169748696)",1,95.07526956783596,41835
"(0.932845238095238, 0.9535924585381664)",1,95.0751738537348,41836
"(0.7252348103134448, 0.9988719512195122)",1,95.07515972795592,41837
"(0.93916595083917, 0.9574505911522484)",1,95.07509524767966,41838
"(0.8446691176470589, 0.955045504550455)",3,95.07504032397384,41841
"(0.8603603603603602, 0.9384463443611106)",3,95.0745926270964,41844
"(0.9278900902053612, 0.9642857142857144)",4,95.07434454235208,41848
"(0.8498330413631913, 0.9604697507658034)",1,95.07413893840643,41849
"(0.6878895180821565, 0.9663270707941924)",1,95.07407507574126,41850
"(0.6739327546119142, 0.9651951748860688)",1,95.07396020647946,41851
"(0.9606447334368527, 0.9608348284368692)",1,95.07394933243071,41852
"(0.8744995950480157, 0.9767441860465116)",1,95.07387727350527,41853
"(0.8837209302325582, 0.9774943735933984)",1,95.07374731545276,41854
"(0.9078178834366952, 0.950700596776178)",3,95.07373067063558,41857
"(0.8569104506604507, 0.9868055555555556)",2,95.07369689431474,41859
"(0.8443223443223443, 0.9866666666666666)",2,95.07348747678482,41861
"(0.8752365981200475, 0.9534840838509316)",1,95.07344949523198,41862
"(0.8238479252040358, 0.9750078753638076)",2,95.07339335851944,41864
"(0.8642588614393125, 0.9516760651629074)",3,95.07338142922076,41867
"(0.9584283173426188, 0.953054992365648)",2,95.07326222847706,41869
"(0.8522544946607246, 0.9733730612113028)",1,95.07304221145422,41870
"(0.9450706646294882, 0.9503404207824095)",1,95.07286562853652,41871
"(0.7925825464094582, 0.9694279341856143)",1,95.07284764789058,41872
"(0.920373952288846, 0.9475111877796946)",3,95.07279716545958,41875
"(0.9118986880466472, 0.9462631140307872)",1,95.07236931247492,41876
"(0.9414843966800374, 0.962604085919332)",1,95.07228759876148,41877
"(0.8052015250544662, 0.9541062801932368)",1,95.07228212857048,41878
"(0.8454115226337449, 0.9748677248677248)",1,95.07227268193718,41879
"(0.8244159679375627, 0.9552772808586762)",1,95.07190589240682,41880
"(0.888013818790316, 0.9495131982526256)",1,95.07172948544395,41881
"(0.9464079225584776, 0.9612261904761904)",1,95.0716149199062,41882
"(0.9002103365384615, 0.9530326354679802)",1,95.07153075744118,41883
"(0.8591750613113885, 0.968519941014997)",2,95.07147254146864,41885
"(0.9565217391304348, 1.0)",1,95.07116678276095,41886
"(0.9078944034861038, 0.9554098688819938)",1,95.07097393753575,41887
"(0.7956776428149589, 0.9774943735933984)",1,95.07096459833431,41888
"(0.8655361920111134, 0.9658154816997468)",3,95.07093069881157,41891
"(0.9399748585795098, 0.9627892432770482)",1,95.07086893626588,41892
"(0.8971203581710827, 0.9868055555555556)",3,95.0707659019615,41895
"(0.851044736028131, 0.9516760651629074)",3,95.0707643799657,41898
"(0.9171090534979424, 1.0)",1,95.07058676898058,41899
"(0.7959305979857629, 0.9767441860465116)",1,95.07052078390576,41900
"(0.9045169946332738, 0.9667774086378738)",2,95.07050169123606,41902
"(0.8569104506604507, 0.9868055555555556)",2,95.07050093247636,41904
"(0.6445071225071226, 0.9675092537014806)",1,95.07049936664676,41905
"(0.8656015037593985, 0.969913169748696)",1,95.07014914662116,41906
"(0.9536498942777852, 0.9541309523809522)",3,95.07011103067256,41909
"(0.9754901960784312, 0.9742231395482168)",1,95.07002477798798,41910
"(0.8750423764725823, 0.9658154816997468)",1,95.0698071980222,41911
"(0.8837209302325582, 0.9667774086378738)",1,95.06979336252428,41912
"(0.9625936563436563, 0.9618138828565136)",1,95.06971552766538,41913
"(0.8282276376611791, 0.9740643495864882)",1,95.06957830053103,41914
"(0.908998988877654, 0.9774943735933984)",2,95.06941560398964,41916
"(0.8285644667223615, 0.9740643495864882)",1,95.06936657667664,41917
"(0.9185588416618146, 0.9577081026208932)",2,95.06936049957947,41919
"(0.8273891966759003, 0.9737148229943366)",1,95.06932239629974,41920
"(0.8763636363636363, 1.0)",1,95.06918086800616,41921
"(0.899997244510117, 0.9913490623109498)",1,95.06904504458156,41922
"(0.8398027589298449, 0.9516760651629074)",3,95.06899730886953,41925
"(0.7860675256079707, 0.9900835884584908)",1,95.06877516634782,41926
"(0.5207155660886172, 0.9655526315789472)",1,95.06869786867232,41927
"(0.8502976190476191, 1.0)",1,95.0686544041211,41928
"(0.927777350854274, 0.9526018354129678)",1,95.06857932615615,41929
"(0.9407679738562092, 0.9748677248677248)",1,95.06847136042356,41930
"(0.8556244819380197, 0.9551820728291316)",1,95.06828242541836,41931
"(0.8475024586783413, 0.9780571219715956)",1,95.06825764992736,41932
"(0.9555491383616382, 0.9612261904761904)",1,95.0681160126194,41933
"(0.8936585789922377, 0.9521174134660976)",3,95.06790896068968,41936
"(0.8282752506308395, 0.9667774086378738)",1,95.06789741841476,41937
"(0.8737236721611722, 0.9574505911522484)",3,95.06776280264744,41940
"(0.790935242391553, 0.9475111877796946)",1,95.06756619481664,41941
"(0.8271323663565043, 0.9748677248677248)",1,95.06750594485185,41942
"(0.8569104506604507, 0.9729166666666668)",1,95.06747032562158,41943
"(0.9365750528541228, 0.9552772808586762)",1,95.0674077935126,41944
"(0.8641929499072356, 0.949318041625734)",2,95.06700077491638,41946
"(0.8921680266906457, 0.9485046203796204)",1,95.06682689483608,41947
"(0.8681827731092436, 0.9647321428571428)",1,95.06669012755376,41948
"(0.9002103365384615, 0.9754464285714284)",1,95.0665908082122,41949
"(0.9432302504125708, 0.952503401360544)",1,95.0665439137061,41950
"(0.9643596441509156, 0.9608918659970924)",1,95.06648317988872,41951
"(0.8991666666666667, 1.0)",1,95.0664399034616,41952
"(0.8949757492849149, 0.9552772808586762)",1,95.06628273878296,41953
"(0.9426994258113802, 0.9606447334368527)",1,95.06624822805414,41954
"(0.8170400723750731, 0.9774943735933984)",1,95.0661824674506,41955
"(0.8975847069597069, 0.9565375499581746)",1,95.065881680526,41956
"(0.8925865800865801, 1.0)",1,95.06565561359652,41957
"(0.765625, 0.96004600460046)",1,95.06561033000588,41958
"(0.903764513477412, 0.9565375499581746)",1,95.0655522438156,41959
"(0.8494949494949495, 0.9727777777777776)",1,95.06541596412332,41960
"(0.9060206664893564, 0.9736842105263158)",1,95.06497761065326,41961
"(0.7615833542341537, 0.9688363904089436)",1,95.0649108302828,41962
"(0.9283194472668156, 0.9503404207824095)",1,95.064900701419,41963
"(0.9565375499581746, 0.9612261904761904)",2,95.06475323164344,41965
"(0.870174510840825, 0.9516258530710558)",1,95.06474633565,41966
"(0.8197707811194652, 0.9780571219715956)",1,95.06474179473769,41967
"(0.8992797306819071, 0.953054992365648)",1,95.064700740818,41968
"(0.8244159679375627, 0.9667081046663232)",1,95.06456561546518,41969
"(0.9374844260560896, 0.952064553093965)",2,95.06454604314546,41971
"(0.9366629231646204, 0.9754166666666668)",1,95.06452560311992,41972
"(0.9495131982526256, 0.951596182326806)",1,95.06451555005768,41973
"(0.7523597208404582, 0.9780406184375616)",3,95.0644978509704,41976
"(0.9406839414771724, 0.9504053648283456)",1,95.0644327784304,41977
"(0.9508739421428176, 0.9463234342650104)",1,95.0642463318609,41978
"(0.8779083570750237, 0.9734722222222224)",1,95.06416352766004,41979
"(0.9189046799105652, 0.962604085919332)",1,95.06399131052105,41980
"(0.8853132832080202, 0.9577759872287582)",1,95.06379312067946,41981
"(0.9665714285714284, 0.9606615844690656)",1,95.06366107675548,41982
"(0.7935132499973325, 0.9996213816771112)",1,95.06355378207928,41983
"(0.9611528822055138, 0.955)",3,95.06328149625604,41986
"(0.7595766902549236, 0.9530034196512672)",2,95.06320889522662,41988
"(0.9283965728274174, 0.9504053648283456)",1,95.06310126232064,41989
"(0.7932875667429443, 0.9651951748860688)",1,95.06309886437168,41990
"(0.9235874607931364, 0.9555491383616382)",3,95.06299342581012,41993
"(0.942599584906604, 0.9561403508771932)",1,95.0628299739074,41994
"(0.9283194472668156, 0.9495131982526256)",1,95.0628006821032,41995
"(0.9432302504125708, 0.9579966888808584)",1,95.06274445101478,41996
"(0.9065891472868216, 0.9775193798449612)",1,95.06270150926314,41997
"(0.7973166368515204, 0.9440753045404208)",1,95.06266759259717,41998
"(0.8832069892473118, 0.9879464285714284)",1,95.06263340787656,41999
"(0.8437596183441058, 0.9788110478899952)",1,95.0625730236951,42000
"(0.9020844965568584, 0.9565375499581746)",1,95.06243394689358,42001
"(0.9041666666666666, 0.9748677248677248)",1,95.06233817035871,42002
"(0.8047996976568405, 0.9866666666666666)",1,95.06230620540175,42003
"(0.915422077922078, 0.9754464285714284)",1,95.06224687098504,42004
"(0.8282752506308395, 0.9667774086378738)",1,95.0621101195199,42005
"(0.8837209302325582, 0.9667774086378738)",1,95.06207419396426,42006
"(0.77039068737284, 0.9431808501575945)",1,95.0620315350716,42007
"(0.8737236721611722, 0.9565375499581746)",2,95.06190675652547,42009
"(0.763189368770764, 0.9552772808586762)",1,95.06188636217126,42010
"(0.8883076259303203, 0.945)",1,95.06179648051308,42011
"(0.8466433806991083, 0.9577861163227016)",1,95.06174457755546,42012
"(0.9235874607931364, 0.952503401360544)",1,95.06173015925276,42013
"(0.917531186761956, 0.9501800720288114)",2,95.06172639413454,42015
"(0.92710864283235, 0.9774943735933984)",4,95.06153506230892,42019
"(0.8721016904486937, 0.9685829633870936)",2,95.06150089503306,42021
"(0.9268160835762876, 0.949318041625734)",2,95.06145195239132,42023
"(0.8886775717208655, 0.9516760651629074)",3,95.06144887109738,42026
"(0.9414843966800374, 0.9522158577027434)",1,95.06137328783971,42027
"(0.8550286922379946, 0.965497521921464)",1,95.0612331175799,42028
"(0.9092261904761906, 0.9734722222222224)",1,95.06120914699812,42029
"(0.8273348098929494, 0.9775193798449612)",1,95.06118485455627,42030
"(0.8065226115972981, 0.961770130454341)",2,95.0609391621117,42032
"(0.7437373627304978, 0.9788110478899952)",1,95.0608873199514,42033
"(0.8691860465116279, 0.9774943735933984)",1,95.0607117255698,42034
"(0.8952675231745, 0.9563953488372092)",1,95.06052089627742,42035
"(0.8817204301075269, 0.9696969696969696)",1,95.0604222499264,42036
"(0.8666060577471494, 0.9667774086378738)",1,95.06040054784488,42037
"(0.8019390581717452, 0.94745682548523)",1,95.06038022355852,42038
"(0.8060320096123339, 0.9694279341856143)",1,95.0602156174519,42039
"(0.9492266992266992, 0.9743589743589745)",2,95.0600566167761,42041
"(0.8404337694875906, 0.9407199920069684)",1,95.06003012230414,42042
"(0.9584283173426188, 0.947600710159786)",1,95.05999042036866,42043
"(0.8942415173616616, 0.9541309523809522)",1,95.05996983455246,42044
"(0.8533773606766307, 0.960414372935642)",1,95.05996085446084,42045
"(0.932845238095238, 0.950700596776178)",5,95.05981914559898,42050
"(0.9707143676183924, 0.9616149068322982)",2,95.05978400947362,42052
"(0.8965217391304348, 0.9734722222222224)",1,95.05968484581696,42053
"(0.7825263949961201, 0.9552772808586762)",1,95.0595157525542,42054
"(0.7613039621525723, 0.9694279341856143)",1,95.05941315133886,42055
"(0.8454115226337449, 0.9868055555555556)",1,95.05922853509976,42056
"(0.9504053648283456, 0.945)",1,95.05902870126054,42057
"(0.8627443304887915, 0.9527829893683551)",1,95.05888978772488,42058
"(0.8600272232304901, 1.0)",1,95.05888010930612,42059
"(0.8650226969848408, 0.9734722222222224)",1,95.05884209177492,42060
"(0.8619951040391676, 0.9774943735933984)",1,95.05855524970605,42061
"(0.905151943324208, 0.9642857142857144)",3,95.05842129758577,42064
"(0.8853349024500907, 0.9507857142857142)",1,95.05839289598904,42065
"(0.9023809523809524, 1.0)",1,95.0583724767692,42066
"(0.9342857142857144, 0.940396356721049)",1,95.05817993883969,42067
"(0.8961538461538462, 0.9624656593406592)",1,95.0581785581977,42068
"(0.8925438596491229, 0.9560805836777236)",2,95.05816970307912,42070
"(0.8663406611415462, 0.9612261904761904)",3,95.05799229709196,42073
"(0.944540304191448, 0.9537087912087912)",1,95.0579472549678,42074
"(0.8621651785714286, 0.9688819909986466)",1,95.05792622423996,42075
"(0.8198932646301067, 0.9754464285714284)",1,95.0577193159373,42076
"(0.8533773606766307, 0.9601840736294516)",1,95.05761495901004,42077
"(0.8454115226337449, 0.9868055555555556)",1,95.05752730904918,42078
"(0.9366629231646204, 0.9625936563436563)",1,95.0573269194478,42079
"(0.9391865079365078, 0.9868055555555556)",1,95.05719662549386,42080
"(0.8970155460303243, 0.960607978267748)",2,95.05711997304564,42082
"(0.9365750528541228, 0.9552772808586762)",1,95.05705417453512,42083
"(0.498048399687744, 0.9774943735933984)",1,95.05704484070456,42084
"(0.9577861163227016, 0.9484080262531626)",2,95.0570204435517,42086
"(0.953054992365648, 0.950721153846154)",1,95.05680181806424,42087
"(0.9508739421428176, 0.949318041625734)",1,95.05659396162774,42088
"(0.9841269841269842, 1.0)",1,95.05639245494318,42089
"(0.8581587837837837, 0.9754464285714284)",1,95.05623080901378,42090
"(0.944800323176362, 0.9658154816997468)",1,95.05618067428772,42091
"(0.9308485656257932, 0.9608348284368692)",1,95.0560428656318,42092
"(0.8552672227371022, 0.96)",1,95.05602085765776,42093
"(0.9363885088919288, 0.9774943735933984)",1,95.05600911995458,42094
"(0.7925825464094582, 0.9649122807017544)",1,95.05578345449456,42095
"(0.9011111111111112, 0.9492266992266992)",1,95.05549949435516,42096
"(0.5232482898517689, 0.9762453474619482)",1,95.05511442035656,42097
"(0.8851067942942943, 0.9676614221154258)",1,95.05504910916278,42098
"(0.8668154125150273, 0.9651951748860688)",1,95.05481465554756,42099
"(0.8521317829457364, 0.9667774086378738)",1,95.0547185776593,42100
"(0.7797411075256854, 0.9552772808586762)",1,95.0545106578894,42101
"(0.8365744453354719, 0.9546136534133534)",1,95.05425905412945,42102
"(0.8860693400167085, 0.956140350877193)",3,95.0541343089958,42105
"(0.8137366538909041, 0.9996221405228758)",1,95.05397733234469,42106
"(0.8955165692007796, 0.9437087035771248)",1,95.05383567577914,42107
"(0.927910199556541, 0.951596182326806)",1,95.05377462644668,42108
"(0.9001409893736627, 0.9565375499581746)",1,95.05364899417005,42109
"(0.8705805822084891, 0.9885627144491042)",1,95.05362055043112,42110
"(0.8898792718668495, 0.9554098688819938)",1,95.05356348454504,42111
"(0.822891947476665, 0.9463327370304114)",2,95.05349824052595,42113
"(0.9393939393939392, 0.94004400440044)",2,95.0533931787979,42115
"(0.9318646435925092, 0.9574505911522484)",1,95.05333396526358,42116
"(0.9002103365384615, 0.9647321428571428)",1,95.0529060023745,42117
"(0.8518518518518519, 1.0)",1,95.05280124511825,42118
"(0.8901450053705692, 0.9479586316057752)",1,95.0526414595108,42119
"(0.8357779804428231, 0.9563953488372092)",1,95.05261304822294,42120
"(0.9035714285714284, 0.9866666666666666)",1,95.05255813912152,42121
"(0.8737236721611722, 0.9579551650296714)",2,95.05255486708144,42123
"(0.812161361179875, 0.9552772808586762)",1,95.05254372854384,42124
"(0.8351555421322864, 0.9546136534133534)",1,95.05244093149274,42125
"(0.9196428571428572, 0.9759093915343916)",1,95.0522895353234,42126
"(0.8320261437908496, 0.9694279341856143)",1,95.05213875509496,42127
"(0.9170528266913808, 0.9554098688819938)",1,95.05211928436536,42128
"(0.7720014764861725, 0.9681045157226684)",1,95.05186543825104,42129
"(0.9460618398175734, 0.9503404207824095)",1,95.05147371768312,42130
"(0.931377923976608, 0.9667712327175554)",1,95.05147294437504,42131
"(0.9274482758620688, 0.9767241379310344)",1,95.05141128242316,42132
"(0.7472785737929731, 0.9694095827515072)",1,95.05129248583636,42133
"(0.8501768299217661, 0.9546136534133534)",1,95.05084466995548,42134
"(0.8975847069597069, 0.9595374149659864)",1,95.05079056384358,42135
"(0.9118986880466472, 0.9574505911522484)",1,95.05077857362797,42136
"(0.8731395923480499, 0.969913169748696)",1,95.05071948863228,42137
"(0.9007910628019324, 0.9754464285714284)",1,95.05059135956184,42138
"(0.8546875, 0.9543257389162564)",1,95.05052329062826,42139
"(0.8344950967399947, 0.9541309523809522)",1,95.05049507680988,42140
"(0.8813339438339438, 0.9868055555555556)",1,95.05043074506712,42141
"(0.8942523459812323, 0.9651951748860688)",1,95.05041876190091,42142
"(0.9426783174151596, 0.9736054421768708)",1,95.05034869614023,42143
"(0.9589484126984128, 1.0)",1,95.05033405279056,42144
"(0.9005147621883774, 0.9650363879165252)",1,95.05020741042652,42145
"(0.9002770083102493, 0.9611414900888584)",1,95.05019605162244,42146
"(0.9020844965568584, 0.951596182326806)",1,95.05018367204534,42147
"(0.86880395433027, 0.9472634640194172)",3,95.05014779283118,42150
"(0.947866344605475, 0.9554098688819938)",4,95.04996649368871,42154
"(0.7294483504597079, 0.9774943735933984)",1,95.0499235769681,42155
"(0.8604651162790697, 0.9885627144491042)",1,95.04990284740178,42156
"(0.8564171122994653, 0.9647321428571428)",1,95.0498610519418,42157
"(0.89, 1.0)",1,95.04980126123792,42158
"(0.9525862068965518, 0.9767241379310344)",1,95.04979963511288,42159
"(0.904439990281827, 0.9612261904761904)",1,95.04973805882165,42160
"(0.8778976239800449, 0.9535924585381664)",1,95.0496552113638,42161
"(0.8908978391208922, 0.9704157992290334)",1,95.04958963965016,42162
"(0.8902777777777777, 0.9615343915343916)",1,95.0494740155096,42163
"(0.942961408510189, 0.954682426948052)",1,95.04932937982734,42164
"(0.9170528266913808, 0.9475111877796946)",1,95.04920313406696,42165
"(0.7913531453472169, 0.9575114377859448)",1,95.04914846142796,42166
"(0.8244159679375627, 0.9464496874824032)",1,95.04914069210662,42167
"(0.8901450053705692, 0.9667712327175554)",1,95.0490224400142,42168
"(0.9027777777777778, 0.9734722222222224)",2,95.0489887776325,42170
"(0.8328664799253034, 0.9569461827284104)",1,95.04887911625204,42171
"(0.8416751921513077, 0.9563260001856492)",3,95.04861818039056,42174
"(0.953054992365648, 0.95)",1,95.04861308590952,42175
"(0.750972615545352, 0.975101502715266)",4,95.04850047424478,42179
"(0.9185588416618146, 0.9499194985912254)",1,95.04827110057136,42180
"(0.9550387596899224, 0.9774943735933984)",4,95.04823656851634,42184
"(0.7880614531099969, 0.9588881366132552)",1,95.04817930507386,42185
"(0.8752365981200475, 0.9612261904761904)",3,95.0481599092602,42188
"(0.9414843966800374, 0.9650465046504648)",1,95.04809564875212,42189
"(0.8887463343108504, 0.9615343915343916)",1,95.047909764341,42190
"(0.8516362734449852, 0.9610152916073968)",3,95.0477602402554,42193
"(0.8727305120627135, 0.961770130454341)",1,95.04764297891845,42194
"(0.8908246225319396, 0.9579551650296714)",1,95.0474489372902,42195
"(0.9584283173426188, 0.9480488598533204)",3,95.04737836120526,42198
"(0.6586205994100731, 0.9651951748860688)",1,95.04737819506076,42199
"(0.816609291545804, 0.97481988141275)",2,95.04728258319892,42201
"(0.9589484126984128, 1.0)",1,95.0472586115334,42202
"(0.7962242261245582, 0.9767441860465116)",1,95.0469841887393,42203
"(0.7359512839242569, 0.9767359382365074)",4,95.04694580746371,42207
"(0.8638474025974026, 0.9612261904761904)",3,95.04692763104744,42210
"(0.9366629231646204, 0.9595374149659864)",1,95.04687445299142,42211
"(0.908998988877654, 0.9667774086378738)",1,95.04674174109228,42212
"(0.9625936563436563, 0.9574505911522484)",1,95.04669203625066,42213
"(0.8883076259303203, 0.96004600460046)",1,95.04645724908572,42214
"(0.9504053648283456, 0.955045504550455)",3,95.04644268571684,42217
"(0.8657277465918204, 0.9552772808586762)",1,95.04622077277864,42218
"(0.8752365981200475, 0.9608348284368692)",2,95.04619044875557,42220
"(0.9185609025397424, 0.9537087912087912)",1,95.04610494677594,42221
"(0.9185588416618146, 0.95474577471438)",1,95.04573934808973,42222
"(0.8557504873294346, 0.9519059481326966)",1,95.045708886965,42223
"(0.8752365981200475, 0.9612261904761904)",3,95.04565166123832,42226
"(0.9312094155844156, 0.9584283173426188)",1,95.04561226766764,42227
"(0.8344722204371327, 0.969913169748696)",4,95.04546708313396,42231
"(0.9696969696969696, 1.0)",1,95.045233939558,42232
"(0.8402777777777779, 1.0)",1,95.04510006781275,42233
"(0.5707334525939178, 1.0)",1,95.04506020346128,42234
"(0.8006272988627237, 0.950700596776178)",1,95.04496479115016,42235
"(0.7905362633387593, 0.9517433954079988)",3,95.0449193277088,42238
"(0.9003322259136212, 0.9563953488372092)",1,95.04491261411414,42239
"(0.7705882352941177, 1.0)",1,95.04475508038912,42240
"(0.91280276816609, 0.9473039215686276)",6,95.04457196680198,42246
"(0.9365750528541228, 0.9552772808586762)",1,95.04455105866684,42247
"(0.9194577352472088, 1.0)",1,95.04447114451112,42248
"(0.8823631647905025, 0.96004600460046)",2,95.04438236349648,42250
"(0.8752365981200475, 0.9612261904761904)",1,95.04420394906047,42251
"(0.8459679855028692, 0.9774943735933984)",2,95.04411569045824,42253
"(0.825, 0.9507857142857142)",1,95.04408836486748,42254
"(0.9601840736294516, 0.9454008607746972)",1,95.04398194174172,42255
"(0.8535457949758153, 0.9748677248677248)",1,95.04388276713392,42256
"(0.8603603603603602, 0.9517433954079988)",3,95.04377839778796,42259
"(0.8047996976568405, 0.9743589743589745)",2,95.04324206844858,42261
"(0.8579309881982901, 0.966057767478222)",2,95.04315561495552,42263
"(0.9678608196882048, 0.9643596441509156)",1,95.04313296124646,42264
"(0.8860640954495006, 0.9495131982526256)",1,95.04310902636428,42265
"(0.8273891966759003, 0.9610152916073968)",1,95.04289969064084,42266
"(0.9005147621883774, 0.9574505911522484)",1,95.04284504083348,42267
"(0.8347694683658232, 0.9605856647968066)",1,95.04253052821043,42268
"(0.8156616246999273, 0.9694279341856143)",1,95.04249592936696,42269
"(0.8579384746314236, 0.9577861163227016)",1,95.04237056805192,42270
"(0.7747710773810209, 0.9933023885244991)",2,95.04223875123766,42272
"(0.7078583371333029, 0.9552772808586762)",1,95.04195255703269,42273
"(0.5229946524064171, 0.9473039215686276)",3,95.04189606893456,42276
"(0.8312934990802374, 0.9868055555555556)",4,95.04186316675067,42280
"(0.9293342911877394, 0.9868055555555556)",1,95.0418162814574,42281
"(0.8218375712415833, 0.9472634640194172)",2,95.04176253536882,42283
"(0.8586291309669523, 0.9774943735933984)",1,95.04161485572608,42284
"(0.7664431458036668, 0.9694567285055088)",4,95.04158045137324,42288
"(0.9226438267614736, 0.9571428571428572)",1,95.0414084897497,42289
"(0.8762664758354415, 0.9574505911522484)",1,95.04134394302372,42290
"(0.913324175824176, 0.9624821937321938)",1,95.04130412607152,42291
"(0.8586378737541528, 0.9774943735933984)",1,95.04128063015403,42292
"(0.8431202227801533, 0.9365750528541228)",1,95.041230834234,42293
"(0.9586520604621642, 0.9612261904761904)",1,95.0410878836397,42294
"(0.8882535288785288, 0.9583928571428572)",1,95.0410173513434,42295
"(0.763189368770764, 0.9552772808586762)",1,95.04101411240975,42296
"(0.8860640954495006, 0.9618138828565136)",1,95.0409077536604,42297
"(0.95, 0.9565375499581746)",3,95.0408857426413,42300
"(0.9122449314178318, 0.969913169748696)",1,95.04079450991338,42301
"(0.9071896509184342, 0.9555491383616382)",1,95.04079147302436,42302
"(0.8527777777777779, 0.9841269841269842)",1,95.04072988572145,42303
"(0.86880395433027, 0.9605856647968066)",2,95.04068680797134,42305
"(0.924126984126984, 0.9525113127828196)",2,95.04056644007724,42307
"(0.8645663082437276, 0.998863042500364)",3,95.04051210767132,42310
"(0.8649918459268463, 0.9427767354596622)",1,95.04036538278842,42311
"(0.9570332480818412, 0.9569461827284104)",1,95.04035589562308,42312
"(0.8157493041213971, 0.965497521921464)",1,95.04033704202212,42313
"(0.9420000000000002, 0.9507857142857142)",1,95.0402830385021,42314
"(0.8604651162790697, 0.9667774086378738)",1,95.04027618973086,42315
"(0.7518810204481623, 0.9693252593180166)",1,95.04021367241916,42316
"(0.7925825464094582, 0.9737148229943366)",1,95.04019538179936,42317
"(0.8533773606766307, 0.9575114377859448)",1,95.04016545136685,42318
"(0.8163854689162486, 0.9885627144491042)",2,95.03995417363336,42320
"(0.6829180293425229, 0.9692634363686996)",1,95.0398343319448,42321
"(0.833912037037037, 0.9615343915343916)",1,95.03958301241576,42322
"(0.8246422686315873, 0.9958307291666668)",1,95.03952495711168,42323
"(0.5229946524064171, 0.9473039215686276)",6,95.03930763455136,42329
"(0.8407589540630476, 0.9747439067467324)",1,95.03924902668018,42330
"(0.8157493041213971, 0.965497521921464)",1,95.0392375271016,42331
"(0.8552672227371022, 0.96004600460046)",1,95.03895357996517,42332
"(0.9296302734822564, 0.9574568288854002)",1,95.03888478228946,42333
"(0.7792936288088643, 0.9694279341856143)",1,95.03847417555156,42334
"(0.7827659652601814, 0.9584283173426188)",1,95.03841732807976,42335
"(0.498048399687744, 0.953556570960922)",1,95.03835231472316,42336
"(0.8626885995307049, 0.9648977033360302)",3,95.03829893623951,42339
"(0.8732558430822417, 0.9526018354129678)",1,95.03827651082317,42340
"(0.92825928025169, 0.944540304191448)",1,95.03816445901371,42341
"(0.9065438871473354, 1.0)",1,95.03786033016615,42342
"(0.9643596441509156, 0.9608918659970924)",1,95.0376617808735,42343
"(0.8502024291497975, 0.9563260001856492)",1,95.03757236912612,42344
"(0.9152165481577246, 0.9503404207824095)",1,95.03752631957803,42345
"(0.8993274485077766, 0.9561403508771932)",1,95.03746117914866,42346
"(0.9023026315789472, 0.9754464285714284)",1,95.03716248540124,42347
"(0.9041622150997152, 0.9868055555555556)",2,95.03716113196415,42349
"(0.8832069892473118, 0.9767241379310344)",2,95.03693077514308,42351
"(0.9495131982526256, 0.9565375499581746)",1,95.03681087234376,42352
"(0.8238599925743408, 0.9442212381594768)",1,95.0367433656226,42353
"(0.6988221026049972, 0.969913169748696)",1,95.03669068471982,42354
"(0.8638088157947971, 0.9612261904761904)",3,95.0366629235576,42357
"(0.9114583333333336, 0.9525113127828196)",1,95.03665407301344,42358
"(0.808168732571771, 0.9996213816771112)",3,95.03658982756828,42361
"(0.9170528266913808, 0.9477798624140088)",1,95.03654258413816,42362
"(0.952503401360544, 0.9463234342650104)",2,95.03641754932522,42364
"(0.9577861163227016, 0.9516258530710558)",1,95.03618596039254,42365
"(0.8156616246999273, 0.9694279341856143)",5,95.03616520799618,42370
"(0.7563226258069534, 0.9667081046663232)",1,95.03602814525146,42371
"(0.9176086048454468, 0.960607978267748)",1,95.0358602173016,42372
"(0.7502192108591691, 0.9724385569780306)",3,95.03564497716704,42375
"(0.9364583333333332, 0.9868055555555556)",1,95.03537578381491,42376
"(0.9171090534979424, 1.0)",2,95.03527710917692,42378
"(0.8713213409717444, 0.9564964624817116)",1,95.03510038565868,42379
"(0.8006632414911387, 0.9740643495864882)",2,95.03490327315993,42381
"(0.9020844965568584, 0.9535924585381664)",1,95.0346297391826,42382
"(0.9252501846146012, 0.96)",3,95.03452285574215,42385
"(0.8524177828082752, 0.9651951748860688)",6,95.0344224709522,42391
"(0.9601840736294516, 0.945044504450445)",2,95.03435173079627,42393
"(0.9352667274015588, 0.9493987095478396)",1,95.03427397760152,42394
"(0.8902777777777777, 0.9734722222222224)",1,95.0338412210508,42395
"(0.8946752284039163, 0.9498577524893316)",1,95.03383989140032,42396
"(0.951596182326806, 0.9548607757926928)",1,95.03380669458883,42397
"(0.8683241252302025, 0.961770130454341)",1,95.0337906885746,42398
"(0.9186111111111112, 0.9838235294117648)",1,95.03373238597376,42399
"(0.8495892857142856, 0.9507857142857142)",1,95.03366058081876,42400
"(0.908998988877654, 0.9667774086378738)",1,95.03364996304772,42401
"(0.8807378807378808, 0.9607371794871794)",1,95.03351616045084,42402
"(0.7562789357770642, 0.94745682548523)",3,95.03276374759028,42405
"(0.869754330943847, 0.9748677248677248)",1,95.03273982414886,42406
"(0.8756479140328698, 0.9534840838509316)",1,95.0326922255194,42407
"(0.8247203796730593, 0.96)",1,95.0325225504536,42408
"(0.9386724386724388, 0.9841269841269842)",1,95.03248011308828,42409
"(0.7793597074726728, 0.9604697507658034)",3,95.03238196036662,42412
"(0.930343001196812, 0.953054992365648)",1,95.03237525339482,42413
"(0.7747790017679859, 0.9552772808586762)",1,95.0322538784781,42414
"(0.7687738498092014, 0.9552772808586762)",1,95.03201743275687,42415
"(0.9799019607843138, 0.996078431372549)",3,95.03190217758092,42418
"(0.9715797169307606, 0.9785754927860192)",1,95.03183225579286,42419
"(0.8008373205741627, 0.9658154816997468)",1,95.0317854367948,42420
"(1.0, 1.0)",1,95.03169859479507,42421
"(0.9060206664893564, 0.9747439067467324)",1,95.03135563326391,42422
"(0.9787811022617652, 0.9608918659970924)",1,95.03131449965214,42423
"(1.0, 1.0)",1,95.03130711287936,42424
"(0.8277423133433764, 0.9719649101882764)",1,95.03112532378871,42425
"(0.8961538461538462, 0.9503723544973544)",1,95.03098549066353,42426
"(0.9618138828565136, 0.9513995592877136)",1,95.03090208979695,42427
"(0.8466625966625967, 0.9866666666666666)",1,95.03063426448468,42428
"(0.8454115226337449, 0.9868055555555556)",1,95.03060446709613,42429
"(0.919355128199818, 0.9605856647968066)",1,95.03057842167097,42430
"(0.8815742397137746, 0.9463327370304114)",1,95.03048089680752,42431
"(0.8255813953488372, 0.965497521921464)",1,95.03042615403416,42432
"(0.9114583333333336, 0.9475111877796946)",3,95.03013207298817,42435
"(0.992156862745098, 0.83440065681445)",1,95.03009738408863,42436
"(0.961342940685046, 0.9513995592877136)",1,95.03004537211848,42437
"(0.9433680972830336, 0.9541309523809522)",1,95.0298405416288,42438
"(0.8737236721611722, 0.9635619016637234)",1,95.02971043634268,42439
"(0.8146896400499274, 0.998863042500364)",1,95.02968652929393,42440
"(0.89246409531063, 0.9577081026208932)",1,95.02940641818796,42441
"(0.7168974816994151, 0.973773707314328)",1,95.0293686706859,42442
"(0.8656015037593985, 0.969913169748696)",1,95.0292985354568,42443
"(0.9027617951668586, 0.95004500450045)",1,95.02910977886128,42444
"(0.9327096052096052, 1.0)",1,95.02906395571934,42445
"(0.6396617032392895, 0.9754464285714284)",1,95.02887079303557,42446
"(0.9356632048879978, 0.9675887668907736)",1,95.02881032614223,42447
"(0.9612261904761904, 0.9612261904761904)",1,95.02866775484225,42448
"(0.95, 0.9508739421428176)",1,95.02866665963307,42449
"(0.8365744453354719, 0.9546136534133534)",1,95.02864540244242,42450
"(0.8396845307996157, 0.9571415605540404)",1,95.0286193808872,42451
"(0.896551724137931, 1.0)",1,95.02861920997913,42452
"(0.9252046422964788, 0.9463234342650104)",1,95.02855873258672,42453
"(0.8946752284039163, 0.9608348284368692)",3,95.0284742876014,42456
"(0.9230769230769232, 1.0)",1,95.02847252260952,42457
"(0.8949757492849149, 0.9552772808586762)",1,95.028379228612,42458
"(0.8860693400167085, 0.9560805836777236)",1,95.02818723961109,42459
"(0.77039068737284, 0.965497521921464)",1,95.02814367406486,42460
"(0.7782744132135613, 0.964953697665319)",1,95.02799478649634,42461
"(0.7280701754385965, 0.961770130454341)",1,95.0279685691883,42462
"(0.8963392857142857, 0.9767241379310344)",1,95.0278895904972,42463
"(0.9263985411140584, 0.9507857142857142)",1,95.0277978661656,42464
"(0.8887463343108504, 0.9615343915343916)",1,95.02771604219508,42465
"(0.9143400589515378, 0.9607047845308878)",2,95.02764062940642,42467
"(0.7597722376115729, 0.9384463443611106)",3,95.0276169611553,42470
"(0.7379774807955382, 0.9667774086378738)",1,95.02741906834696,42471
"(0.8737236721611722, 0.960607978267748)",3,95.0270107823963,42474
"(0.904032258064516, 0.9647321428571428)",2,95.0266806473579,42476
"(0.8063349885408708, 0.9767241379310344)",1,95.02655250320385,42477
"(0.8756479140328698, 0.9571428571428572)",1,95.02648895158195,42478
"(0.8148063759258677, 0.9977333631085306)",3,95.02646261373576,42481
"(0.9498577524893316, 0.9571428571428572)",1,95.02643342862476,42482
"(0.8533333333333333, 0.9506818181818182)",1,95.026429536564,42483
"(0.875, 1.0)",1,95.02616912143677,42484
"(0.908998988877654, 0.9667774086378738)",1,95.026141253198,42485
"(0.8501768299217661, 0.9415378750109974)",1,95.02609403677327,42486
"(0.8836091234347048, 0.9667774086378738)",1,95.02591775100916,42487
"(0.9020844965568584, 0.9565375499581746)",1,95.02583148669396,42488
"(0.9369792725055884, 0.9552005012531328)",1,95.025797999277,42489
"(0.6396617032392895, 0.9754464285714284)",1,95.02572698639898,42490
"(0.7729653996101365, 0.9737148229943366)",1,95.02570475329884,42491
"(0.803623428272623, 0.9788110478899952)",3,95.0256705023178,42494
"(0.8988571428571429, 0.9625936563436563)",1,95.0254450531884,42495
"(0.7729653996101365, 0.9737148229943366)",6,95.02541913559426,42501
"(0.9135802469135802, 0.9841269841269842)",1,95.02539637993084,42502
"(0.7537053571428572, 0.950191871620443)",1,95.025363650101,42503
"(0.9315535929345644, 0.9575114377859448)",1,95.02517381498323,42504
"(0.8626885995307049, 0.9648977033360302)",1,95.0250967348142,42505
"(0.8752365981200475, 0.95)",2,95.02501692588191,42507
"(0.8860693400167085, 0.9517433954079988)",1,95.02495093979644,42508
"(0.9104761904761904, 0.9748677248677248)",1,95.0249450597828,42509
"(0.8411861471861471, 0.9571428571428572)",2,95.02492260301864,42511
"(0.854478432131113, 0.9560805836777236)",1,95.02480168209976,42512
"(0.9248976608187136, 0.952503401360544)",1,95.0247063577907,42513
"(0.9645607615220874, 0.9642857142857144)",3,95.02460140574902,42516
"(0.8437596183441058, 0.9651951748860688)",1,95.0245870118033,42517
"(0.8762664758354415, 0.9606615844690656)",1,95.02439729501876,42518
"(0.9268160835762876, 0.9625936563436563)",3,95.02438889508474,42521
"(0.9078178834366952, 0.9534840838509316)",1,95.02438392977008,42522
"(0.8353118227451768, 0.9563260001856492)",1,95.02436743425882,42523
"(0.9386363636363636, 0.9647321428571428)",1,95.02420191853736,42524
"(0.938570380142761, 0.9608348284368692)",1,95.0241083334849,42525
"(0.8696895424836601, 0.9506818181818182)",1,95.02410588816396,42526
"(0.8448688271604938, 0.9868055555555556)",1,95.02410422330688,42527
"(0.883580779054917, 1.0)",1,95.02405610769053,42528
"(0.8680075424261471, 0.9667774086378738)",2,95.0240483097228,42530
"(0.8282276376611791, 0.9658154816997468)",1,95.02370630851372,42531
"(0.7700825330700096, 0.9877933414505292)",2,95.02358643484251,42533
"(0.8756479140328698, 0.9541309523809522)",2,95.02347221849172,42535
"(0.822891947476665, 0.9463327370304114)",1,95.02343659820056,42536
"(0.952064553093965, 0.9565375499581746)",1,95.02334954749531,42537
"(0.8807058823529411, 0.9380552220888356)",1,95.02334186873756,42538
"(0.92925, 0.9595374149659864)",1,95.0231255683158,42539
"(0.7875946738953866, 0.9962541039187056)",2,95.02304293535543,42541
"(0.9041622150997152, 0.9868055555555556)",2,95.02280417111228,42543
"(0.8665730967886818, 0.9574505911522484)",1,95.02278205326516,42544
"(0.884468024900962, 0.9507857142857142)",1,95.02271941758752,42545
"(0.8358616184543919, 0.996969696969697)",1,95.0226976497454,42546
"(0.8330439814814815, 0.9866666666666666)",1,95.02247456929756,42547
"(0.9841269841269842, 0.9841269841269842)",1,95.02246933934146,42548
"(0.8220666839087891, 0.9605856647968066)",2,95.02246356504568,42550
"(0.9715797169307606, 0.950700596776178)",2,95.02235652124428,42552
"(0.8750423764725823, 0.9658154816997468)",2,95.02227055825549,42554
"(0.6396617032392895, 0.9624656593406592)",1,95.02227052840556,42555
"(0.8666060577471494, 0.9299440244676552)",1,95.02225134808003,42556
"(0.5662654939315176, 0.9737148229943366)",1,95.0219340160354,42557
"(0.9001409893736627, 0.9635619016637234)",1,95.0211460394796,42558
"(0.884468024900962, 0.9507857142857142)",1,95.02114315925108,42559
"(0.8919095971175892, 0.9667774086378738)",1,95.02107547650868,42560
"(0.899337170765742, 0.9535924585381664)",3,95.02105051920564,42563
"(0.946764828738513, 0.9503404207824095)",1,95.02092150590909,42564
"(0.8680075424261471, 0.9667774086378738)",1,95.02088910468794,42565
"(0.7659052711993889, 0.9767241379310344)",1,95.0206338758207,42566
"(0.9707143676183924, 0.9882352941176472)",1,95.02061263913514,42567
"(0.9172932330827066, 1.0)",1,95.02054938444374,42568
"(0.8423371647509579, 1.0)",1,95.02046827700556,42569
"(0.7217510259917921, 0.965497521921464)",1,95.02042756567494,42570
"(0.7875946738953866, 0.9977268996163108)",1,95.02029519420547,42571
"(0.9678608196882048, 0.9523529411764708)",2,95.0201661942792,42573
"(0.7825263949961201, 0.9552772808586762)",1,95.02009664544995,42574
"(0.899337170765742, 0.9565375499581746)",1,95.02006621562175,42575
"(0.8902777777777777, 0.9734722222222224)",1,95.02004384190532,42576
"(0.9565217391304348, 0.9841269841269842)",1,95.01988193407593,42577
"(0.899337170765742, 0.9555491383616382)",2,95.01975291624476,42579
"(0.6159757031467558, 0.9737148229943366)",1,95.01962230863016,42580
"(0.8494949494949495, 0.9734722222222224)",1,95.01953277636856,42581
"(0.744850256280111, 0.9685496497500824)",1,95.01952992775698,42582
"(0.8857001484413657, 0.977638640429338)",1,95.0194702441273,42583
"(0.9688819909986466, 0.9678053830227744)",1,95.01944437267622,42584
"(0.8429085746158916, 0.9743589743589745)",3,95.0191394329286,42587
"(0.8425925925925927, 0.9841269841269842)",1,95.019138021495,42588
"(0.8791239816084535, 0.9576029606661498)",1,95.0190632302172,42589
"(0.9088431305536568, 0.9737148229943366)",3,95.01904088032424,42592
"(0.9584283173426188, 0.9461152882205514)",1,95.01886782516516,42593
"(0.9450706646294882, 0.9612261904761904)",6,95.01885301046973,42599
"(0.8794618055555555, 0.9868055555555556)",2,95.01873107864807,42601
"(0.8791239816084535, 0.9630672573903032)",2,95.01860952885646,42603
"(0.944540304191448, 0.9625936563436563)",2,95.01850138728685,42605
"(0.8603013429413692, 0.955)",1,95.0181493467513,42606
"(0.950682393081946, 0.9574505911522484)",1,95.01809950320978,42607
"(0.9462631140307872, 0.9612261904761904)",3,95.01773999959238,42610
"(0.8240047299960582, 0.9552772808586762)",1,95.0175669523306,42611
"(0.8837209302325582, 0.9667774086378738)",1,95.0175641775968,42612
"(0.9414843966800374, 0.953054992365648)",1,95.01751040612449,42613
"(0.8259661835748793, 0.9492266992266992)",1,95.0174111470622,42614
"(0.8892740936103763, 0.9724918107352308)",1,95.01695882414752,42615
"(0.916096001118324, 0.952503401360544)",1,95.01685073954036,42616
"(0.9577861163227016, 0.9534181717978908)",3,95.01677906516662,42619
"(0.8713213409717444, 0.9658154816997468)",1,95.01674413576232,42620
"(0.9612261904761904, 0.9570371875635032)",1,95.0167440422491,42621
"(0.9290099096728932, 0.9574505911522484)",1,95.01663598561797,42622
"(0.9027274557165862, 1.0)",1,95.01662805217282,42623
"(0.9571395713710704, 0.9612261904761904)",1,95.01658494910374,42624
"(0.8837209302325582, 0.9774943735933984)",2,95.01645164447528,42626
"(0.902092920189038, 0.9516760651629074)",2,95.01632796085076,42628
"(0.8934374999999999, 0.9646871008939976)",1,95.0162003453368,42629
"(0.8131868131868132, 0.9486339348724668)",1,95.01618768701918,42630
"(0.9203845950797168, 0.9612261904761904)",1,95.01616715691236,42631
"(0.8604896273405435, 0.9743278359767606)",4,95.01599026562442,42635
"(0.8921775898520083, 0.9552772808586762)",1,95.01592127478982,42636
"(0.9035087719298246, 0.9825319426526432)",2,95.01589231639996,42638
"(0.992156862745098, 0.996078431372549)",4,95.0157040554202,42642
"(0.8716312793991529, 0.9576029606661498)",3,95.01567057867712,42645
"(0.8860640954495006, 0.9571428571428572)",1,95.01558783678836,42646
"(0.9643596441509156, 0.9571395713710704)",1,95.01532254848928,42647
"(0.8889459760512393, 0.9668067226890756)",1,95.01490711377151,42648
"(0.7690274841437632, 0.9774943735933984)",1,95.01481296657435,42649
"(0.9376385678569744, 0.9667774086378738)",1,95.0146508540508,42650
"(0.8626885995307049, 0.9651951748860688)",1,95.01447079943296,42651
"(0.8072002923976609, 0.9782702035744222)",1,95.01443446910564,42652
"(0.9020844965568584, 0.9565375499581746)",1,95.01439840685492,42653
"(0.9432302504125708, 0.9565375499581746)",1,95.01436779186469,42654
"(0.8006272988627237, 0.9595374149659864)",1,95.01432892168089,42655
"(0.9548607757926928, 0.9595374149659864)",3,95.01416180887604,42658
"(0.8327485380116959, 0.9604697507658034)",1,95.01403875904222,42659
"(0.8552672227371022, 0.9576029606661498)",2,95.01401964029436,42661
"(0.9259031198686372, 0.9484080262531626)",1,95.01396777500962,42662
"(0.8473280554181098, 0.9463327370304114)",1,95.01375049663356,42663
"(0.7893847194050033, 0.9527829893683551)",2,95.0137449333632,42665
"(0.8357101427078324, 0.9658154816997468)",1,95.01352109012156,42666
"(0.8293805058010241, 0.9473684210526316)",1,95.01340975614322,42667
"(0.9245524296675192, 0.95004500450045)",1,95.0132729637357,42668
"(0.8320261437908496, 0.9651951748860688)",1,95.01323018518278,42669
"(0.763189368770764, 0.9552772808586762)",1,95.0130184708629,42670
"(1.0, 1.0)",1,95.01295804284564,42671
"(0.5229946524064171, 0.9473039215686276)",1,95.01293439176878,42672
"(0.830982891078167, 0.9568870566527607)",1,95.01290617608632,42673
"(0.8686868686868687, 1.0)",1,95.01278882472836,42674
"(0.9064516129032258, 0.9754464285714284)",1,95.01268959624028,42675
"(0.8246004091255809, 0.9788110478899952)",2,95.0125359989148,42677
"(0.96625, 0.9624656593406592)",1,95.01245448622066,42678
"(0.8065179582561031, 0.9672479531629592)",2,95.01245240791243,42680
"(0.9740143369175628, 1.0)",1,95.01236005541934,42681
"(0.9498577524893316, 0.9612261904761904)",1,95.01234096192088,42682
"(0.9290099096728932, 0.9713960577118472)",1,95.01227449225588,42683
"(0.5960561819552873, 0.9736842105263158)",1,95.012174729135,42684
"(0.8524177828082752, 0.9737148229943366)",3,95.01209727386548,42687
"(0.8220666839087891, 0.969913169748696)",1,95.01205823958465,42688
"(0.8238599925743408, 0.9552772808586762)",1,95.01200037592646,42689
"(0.751365367195349, 0.9714644263468768)",1,95.01199320655904,42690
"(0.6775462962962963, 0.9866666666666666)",2,95.01184522435972,42692
"(0.6732790275608831, 0.9550387596899224)",1,95.011748776138,42693
"(0.9481474980306196, 0.9537087912087912)",1,95.01167182014514,42694
"(0.8832713293650792, 0.9586520604621642)",1,95.01163934709513,42695
"(0.8504257246376812, 0.9506818181818182)",1,95.01149116064964,42696
"(0.9577861163227016, 0.9466077880369328)",1,95.01148135962848,42697
"(0.9462631140307872, 0.9665714285714284)",3,95.01121703258409,42700
"(0.8898792718668495, 0.9625115627890696)",1,95.01111298276577,42701
"(0.9727777777777776, 1.0)",1,95.01091983346063,42702
"(0.8753753753753755, 0.9561403508771932)",1,95.01083406404788,42703
"(0.9027777777777778, 0.9583928571428572)",1,95.01079268953912,42704
"(0.9088431305536568, 0.956140350877193)",1,95.0107808614314,42705
"(0.9612261904761904, 0.9571428571428572)",1,95.01071020114304,42706
"(0.8003918728017068, 0.9992431021625652)",1,95.01070424939658,42707
"(0.8970388585773201, 0.9534181717978908)",1,95.01066038529233,42708
"(0.8373852304418176, 0.961770130454341)",1,95.01049287075146,42709
"(0.920419153009064, 0.961770130454341)",1,95.01046289891896,42710
"(0.8325147741358931, 0.9901733720264612)",1,95.01037229747789,42711
"(0.6732790275608831, 0.965497521921464)",1,95.01031505484396,42712
"(0.9177054478301016, 0.9516760651629074)",3,95.0102977308982,42715
"(0.9211400121926436, 0.9606615844690656)",1,95.01017487184497,42716
"(0.931377923976608, 0.9628635734072022)",1,95.01003215889304,42717
"(0.8360521186005951, 0.9604697507658034)",1,95.0098818876248,42718
"(0.8584326321395287, 0.9618138828565136)",2,95.00986006696824,42720
"(0.9555491383616382, 0.9574505911522484)",3,95.00973651357796,42723
"(0.9444444444444444, 0.9841269841269842)",1,95.00958124001605,42724
"(0.908998988877654, 0.9667774086378738)",1,95.0094389065788,42725
"(0.7232797675460064, 0.9774943735933984)",2,95.00940264168464,42727
"(0.8638088157947971, 0.9650363879165252)",1,95.00935501248354,42728
"(0.8006272988627237, 0.9565375499581746)",1,95.0089955587749,42729
"(0.7284182747814613, 0.9774943735933984)",1,95.00888025591487,42730
"(0.8126903630604289, 0.9913490623109498)",1,95.00879636302096,42731
"(0.9507101086048454, 0.9841269841269842)",1,95.0087857070186,42732
"(0.8398027589298449, 0.9473684210526316)",2,95.00877104091012,42734
"(0.776803118908382, 0.9782702035744222)",4,95.00873697373804,42738
"(0.8663551995931859, 0.969913169748696)",3,95.0087113795232,42741
"(0.8584010840108401, 0.9748677248677248)",1,95.00862937691696,42742
"(0.8473809523809523, 0.9754464285714284)",1,95.00862515684396,42743
"(0.8446691176470589, 0.9611528822055138)",1,95.00862038024763,42744
"(0.9131805896603988, 0.9702918764035888)",3,95.0085394955504,42747
"(0.9464079225584776, 0.9498577524893316)",1,95.00849537508604,42748
"(0.7468070282672052, 0.9684310402964664)",2,95.0083278182124,42750
"(0.8816773504273504, 0.9608348284368692)",1,95.00827014358995,42751
"(0.9103195488721804, 0.9635619016637234)",1,95.0082486505446,42752
"(0.809724025974026, 0.9754464285714284)",1,95.00823849153838,42753
"(0.7843310535618229, 0.9601840736294516)",1,95.00810971980763,42754
"(0.8282752506308395, 0.9774943735933984)",2,95.00797964105853,42756
"(0.8544840720221607, 0.9782702035744222)",1,95.00779418335784,42757
"(0.8019390581717452, 0.960657765442102)",1,95.00745486216734,42758
"(0.8779083570750237, 0.9743589743589745)",1,95.0074295700993,42759
"(0.6098109243697479, 0.985)",1,95.00732272626516,42760
"(0.7091759436137276, 0.9473039215686276)",1,95.00721279727448,42761
"(0.9721176108033788, 0.9612261904761904)",6,95.00697366793126,42767
"(0.9408668730650154, 0.9736842105263158)",1,95.00688311989768,42768
"(0.955544662122821, 0.9642857142857144)",3,95.00674023592197,42771
"(0.8993274485077766, 0.9650465046504648)",1,95.00660261655486,42772
"(0.8782163096650154, 0.9521174134660976)",1,95.00659122691648,42773
"(0.8500055114638447, 0.9615343915343916)",1,95.0063903172728,42774
"(0.906765625, 0.9767241379310344)",1,95.00636826579684,42775
"(0.8641433305377707, 0.9707309941520468)",8,95.00609486875707,42783
"(0.8703659188034188, 0.9868055555555556)",1,95.00601601118764,42784
"(0.942599584906604, 0.9601840736294516)",1,95.00592469040784,42785
"(0.7954836535220763, 0.9563953488372092)",1,95.00574344085392,42786
"(0.888013818790316, 0.9470357142857144)",1,95.00574105686628,42787
"(0.8156616246999273, 0.969913169748696)",1,95.00567082285704,42788
"(0.5861073624231519, 0.9694279341856143)",1,95.00558747943248,42789
"(0.7797411075256854, 0.9552772808586762)",1,95.00558408420872,42790
"(0.8897732810238289, 0.9753380661066472)",2,95.005430215005,42792
"(0.8197707811194652, 0.9658154816997468)",1,95.0052987369596,42793
"(0.8250479193421631, 0.9973463641468688)",3,95.00506257005192,42796
"(0.6836692425508214, 0.9977272727272728)",1,95.00502000785376,42797
"(0.8765565134099617, 0.9866666666666666)",1,95.00483562609016,42798
"(0.8887419165196943, 0.9734722222222224)",2,95.00468993390037,42800
"(0.8764705882352941, 0.9380552220888356)",1,95.00459706277098,42801
"(0.9239583333333332, 0.9563260001856492)",1,95.00445526235724,42802
"(0.808641975308642, 1.0)",1,95.00430391451192,42803
"(0.7998955722639932, 0.9571415605540404)",1,95.0042698856261,42804
"(0.7543008329046703, 0.9919567573060604)",1,95.00423102088166,42805
"(0.9534840838509316, 0.9508739421428176)",1,95.00397714323472,42806
"(0.9170528266913808, 0.95004500450045)",1,95.00392231639388,42807
"(0.9406095584301136, 0.960607978267748)",1,95.00392033260344,42808
"(0.819456287849504, 0.9992461287693564)",3,95.00391962667923,42811
"(0.9601840736294516, 0.9576029606661498)",2,95.0038414981236,42813
"(0.9114583333333336, 0.953054992365648)",1,95.00378182541507,42814
"(0.9426783174151596, 0.9534623492499265)",1,95.00364966067352,42815
"(0.5523191309183751, 0.9826879802758378)",1,95.00364847759826,42816
"(0.8160648148148147, 0.9729166666666668)",1,95.0036235667276,42817
"(0.8721629709087285, 0.9516760651629074)",2,95.00361437518144,42819
"(0.7956776428149589, 0.9774943735933984)",1,95.00359720173138,42820
"(0.8870067649538378, 0.9667774086378738)",1,95.0032592103449,42821
"(0.8665939529220779, 0.9595374149659864)",1,95.0032221314808,42822
"(0.8757481940144478, 0.9380552220888356)",1,95.0031832764207,42823
"(0.8072002923976609, 0.9694279341856143)",1,95.003126444998,42824
"(0.710494931425164, 0.9774943735933984)",1,95.0030173274633,42825
"(0.5779361378128867, 0.9788110478899952)",1,95.00297687507032,42826
"(0.9198039215686274, 0.9380552220888356)",3,95.00293674730688,42829
"(0.8721161002232697, 0.953054992365648)",1,95.00292084853491,42830
"(0.9525862068965518, 0.9767241379310344)",4,95.0028834763966,42834
"(0.946764828738513, 0.9586520604621642)",1,95.00271218736064,42835
"(0.8870934646557915, 0.9651951748860688)",1,95.00268266189116,42836
"(0.8418571428571429, 0.9647321428571428)",1,95.00229201459123,42837
"(0.9150645514501796, 0.9561403508771932)",1,95.002203961031,42838
"(0.9090909090909092, 0.9511278195488724)",1,95.00213144553784,42839
"(0.903764513477412, 0.95474577471438)",1,95.00208769602226,42840
"(0.9433680972830336, 0.9541309523809522)",3,95.00197997554184,42843
"(0.803623428272623, 0.9610152916073968)",1,95.00193016206052,42844
"(0.9427450980392156, 0.9569920275802628)",1,95.00191886088363,42845
"(0.9268160835762876, 0.951596182326806)",1,95.001696025762,42846
"(0.905649630541872, 0.9754464285714284)",1,95.00159178366874,42847
"(0.8687752525252526, 0.9543257389162564)",1,95.00152542511915,42848
"(0.946764828738513, 0.9665714285714284)",3,95.00140485499682,42851
"(0.8745595489781537, 0.9464496874824032)",1,95.00130695486564,42852
"(0.765625, 0.9576029606661498)",1,95.00111704480076,42853
"(0.8531211750305999, 0.9774943735933984)",1,95.00101547125146,42854
"(0.8714817270851754, 0.9506818181818182)",1,95.00098732934887,42855
"(0.9133939644481192, 0.9584283173426188)",1,95.00089883835848,42856
"(0.8393969239599776, 0.9428571428571428)",1,95.00075881801398,42857
"(0.7958061871683134, 0.9552772808586762)",1,95.00050795612202,42858
"(0.6133351950849756, 0.9862783829898936)",1,95.00024231320904,42859
"(0.8156616246999273, 0.9740643495864882)",1,95.0002223830207,42860
"(0.8716683535762482, 0.9604697507658034)",1,95.00019933493316,42861
"(0.9301248598635894, 0.9696082048544749)",4,95.0001792265429,42865
"(0.9082265398925176, 0.950721153846154)",1,95.00009623715646,42866
"(0.8287365047233469, 0.9651951748860688)",1,95.00006759611487,42867
"(0.9541309523809522, 0.9503404207824095)",1,95.00005049003887,42868
"(0.8791239816084535, 0.9575114377859448)",1,95.000006818443,42869
"(0.9541062801932368, 0.9734722222222224)",1,94.99990044476456,42870
"(0.8582837837837838, 0.9754464285714284)",1,94.99986686740468,42871
"(0.8348214285714286, 0.9561403508771932)",1,94.99985884026113,42872
"(0.8956505897276728, 0.95474577471438)",1,94.99984720912563,42873
"(0.8501768299217661, 0.9767441860465116)",1,94.99974294896631,42874
"(0.9023809523809524, 0.9841269841269842)",1,94.99959237646438,42875
"(0.9185609025397424, 0.95474577471438)",2,94.99944226235068,42877
"(0.8925865800865801, 0.9615343915343916)",1,94.99939633250742,42878
"(0.8860640954495006, 0.9537087912087912)",1,94.99932924457556,42879
"(0.8590498776009793, 0.9667774086378738)",2,94.99927223273669,42881
"(0.8993274485077766, 0.9580611248779756)",2,94.99911180579323,42883
"(0.9366629231646204, 0.9595374149659864)",1,94.99908823582123,42884
"(0.9019607843137254, 0.9868055555555556)",1,94.99897495671652,42885
"(0.8721629709087285, 0.9517433954079988)",3,94.99877487013732,42888
"(0.8752365981200475, 0.9534840838509316)",1,94.99870561150398,42889
"(0.8756479140328698, 0.9571428571428572)",2,94.99870050300548,42891
"(0.8963392857142857, 0.9767241379310344)",4,94.99851259002776,42895
"(0.8576102418207682, 0.9652297777949396)",1,94.99800536442372,42896
"(0.920373952288846, 0.9577861163227016)",2,94.9979513573648,42898
"(0.872036510194405, 0.9694279341856143)",1,94.99781598944108,42899
"(0.7159299218415124, 0.9782702035744222)",3,94.9978093235312,42902
"(0.9052521809372952, 0.9679106726405144)",4,94.9976017791112,42906
"(0.915494777499728, 0.945469387755102)",1,94.99760053712772,42907
"(0.9426783174151596, 0.9721176108033788)",1,94.997312046489,42908
"(0.9386363636363636, 0.9767241379310344)",1,94.99730607315033,42909
"(0.8726622214994307, 0.965497521921464)",1,94.99721323534416,42910
"(0.8282276376611791, 0.9694279341856143)",3,94.99713702166154,42913
"(0.9118986880466472, 0.9645607615220874)",1,94.9971055643746,42914
"(0.9391627846790888, 0.9657079385975222)",1,94.99676487347163,42915
"(0.9253196022727272, 0.9579551650296714)",1,94.99669176944148,42916
"(0.8326984126984126, 0.9551820728291316)",1,94.99659158280464,42917
"(0.5258247115001989, 0.9687541022034694)",1,94.99647418153565,42918
"(0.905151943324208, 0.9608348284368692)",4,94.99647350154956,42922
"(0.9595374149659864, 0.9608348284368692)",1,94.99646392918142,42923
"(0.8722453294915884, 0.9535924585381664)",1,94.99642063307812,42924
"(0.8590498776009793, 0.9667774086378738)",1,94.9963150335071,42925
"(0.9066840277777778, 0.9866666666666666)",1,94.99630473512596,42926
"(0.9678608196882048, 0.9595374149659864)",2,94.99623773610696,42928
"(0.9388029361942404, 0.9508739421428176)",1,94.99617804848263,42929
"(0.908998988877654, 0.9667774086378738)",1,94.99597432368064,42930
"(0.9354509320175438, 0.9740643495864882)",1,94.99587130608369,42931
"(0.7923152976497801, 0.9655354657148184)",1,94.9958648201991,42932
"(0.96, 0.9525113127828196)",2,94.99573720500284,42934
"(0.9760659819483348, 0.992156862745098)",4,94.99571127921952,42938
"(0.8273891966759003, 0.9605856647968066)",6,94.99529977951455,42944
"(0.8396845307996157, 0.9736842105263158)",1,94.99526468969374,42945
"(0.9176086048454468, 0.9595374149659864)",1,94.99517081649432,42946
"(0.824949763130715, 0.9969711347654386)",3,94.99506577033776,42949
"(0.6790332474543002, 0.9648977033360302)",1,94.99501942801488,42950
"(0.8126903630604289, 0.9913490623109498)",2,94.9949805442136,42952
"(0.822891947476665, 0.9463327370304114)",1,94.9948657570748,42953
"(0.8221014871827105, 0.9723049839586984)",1,94.99467625348908,42954
"(0.9503404207824095, 0.9485046203796204)",1,94.99461588861062,42955
"(0.8251352813852814, 0.9398168103448276)",1,94.99461243905576,42956
"(0.8457575757575757, 0.9506818181818182)",1,94.9945221396355,42957
"(0.9176086048454468, 0.951596182326806)",1,94.99446098905015,42958
"(0.9414843966800374, 0.9584283173426188)",1,94.99442904090944,42959
"(0.9131182795698924, 0.9767241379310344)",1,94.9943703899803,42960
"(0.8995164281928988, 0.9380552220888356)",3,94.99422747614548,42963
"(0.7817399176112345, 0.9969711347654386)",2,94.99400943149928,42965
"(0.8817204301075269, 1.0)",1,94.99371513049238,42966
"(0.8489948371838136, 0.9601840736294516)",1,94.9936658144001,42967
"(0.8882535288785288, 0.9583928571428572)",1,94.9936639435221,42968
"(0.9495131982526256, 0.9465827539807132)",1,94.9936521618928,42969
"(0.9574568288854002, 0.95474577471438)",1,94.99361879783032,42970
"(0.8888888888888888, 0.9615343915343916)",1,94.99360092697512,42971
"(0.8246570121951219, 0.9996213816771112)",3,94.99356030372248,42974
"(0.8393969239599776, 0.9650363879165252)",1,94.99355209438636,42975
"(0.9571428571428572, 0.9574505911522484)",1,94.99350067974903,42976
"(0.9525862068965518, 0.9767241379310344)",2,94.99334725980115,42978
"(0.9503404207824095, 0.952503401360544)",1,94.99308945976269,42979
"(0.8265700981304325, 0.9667774086378738)",1,94.99303674631012,42980
"(0.8457446808510638, 0.9868055555555556)",1,94.99284311035474,42981
"(0.7792936288088643, 0.9694279341856143)",3,94.99281686988274,42984
"(0.8763694538385208, 0.961770130454341)",1,94.99242695806544,42985
"(0.8535457949758153, 0.9748677248677248)",2,94.992173464795,42987
"(0.8901450053705692, 0.9517433954079988)",2,94.99208272797276,42989
"(0.8638474025974026, 0.9612261904761904)",3,94.9920074546266,42992
"(0.8251352813852814, 0.9507857142857142)",1,94.99199810656862,42993
"(0.8604651162790697, 0.9775193798449612)",1,94.99185225322638,42994
"(0.8021877010754666, 0.965497521921464)",1,94.99178185378972,42995
"(0.8553659393869447, 0.9552772808586762)",1,94.9917722111193,42996
"(0.8886775717208655, 0.9648977033360302)",1,94.99175498957558,42997
"(0.9243650793650792, 1.0)",1,94.99167525452118,42998
"(0.7528945327288341, 0.9669575393517986)",1,94.99165424715986,42999
"(0.9391627846790888, 0.9565375499581746)",2,94.99150806086747,43001
"(0.8393969239599776, 0.9565375499581746)",1,94.99146412378528,43002
"(0.9001409893736627, 0.952503401360544)",1,94.99136581830912,43003
"(0.7595766902549236, 0.9681045157226684)",1,94.99122131158244,43004
"(0.819456287849504, 0.9931702433231144)",3,94.9911594523873,43007
"(0.9302054863852616, 0.9475111877796946)",1,94.99114299133508,43008
"(0.7349551414768807, 0.9743589743589745)",1,94.99104400078448,43009
"(0.5840730904484518, 0.9658154816997468)",1,94.99098025908872,43010
"(0.9177054478301016, 0.956140350877193)",2,94.9908362462118,43012
"(0.7650293586269196, 1.0)",1,94.99075244496422,43013
"(0.996078431372549, 0.992156862745098)",1,94.99075084776436,43014
"(0.8581349206349206, 0.9506818181818182)",1,94.99052860902556,43015
"(0.8495620604952712, 0.9607026089329266)",1,94.99043367936817,43016
"(0.8956505897276728, 0.951596182326806)",1,94.99039843196292,43017
"(0.7081625209067293, 0.9611414900888584)",1,94.9903614434492,43018
"(0.9220534262485482, 0.9513995592877136)",1,94.99020678688734,43019
"(0.8737236721611722, 0.9635619016637234)",1,94.99008515416176,43020
"(0.9657079385975222, 0.9608348284368692)",2,94.99003616900016,43022
"(0.9390638788116482, 0.9612261904761904)",1,94.9898974134291,43023
"(0.8960328317373462, 0.9553888472118032)",2,94.98977723717158,43025
"(0.8138874207188161, 0.9552772808586762)",2,94.98973857105442,43027
"(0.8275096819218369, 0.9984839948076338)",1,94.98963980562718,43028
"(0.9095668859649124, 0.9577759872287582)",2,94.98952010790777,43030
"(0.8075550947369525, 0.9973613237813992)",3,94.98948702313623,43033
"(0.8604651162790697, 0.9662727157199136)",1,94.98947520996268,43034
"(0.8962810337810337, 0.97317738791423)",1,94.98937588116718,43035
"(0.8100198412698413, 0.960414372935642)",1,94.98928969904952,43036
"(0.8156616246999273, 0.9563260001856492)",3,94.98926822462762,43039
"(0.8736448679839133, 0.9528092667566352)",1,94.98907879722452,43040
"(0.8380601247872943, 0.9552772808586762)",1,94.98905867993165,43041
"(0.96625, 0.9754464285714284)",1,94.98893837664936,43042
"(0.8680075424261471, 0.9667774086378738)",1,94.98891109393298,43043
"(0.9612261904761904, 0.9645607615220874)",1,94.98874642105626,43044
"(0.9003322259136212, 0.9552772808586762)",1,94.9887331064116,43045
"(0.9226438267614736, 0.9608348284368692)",2,94.98869565211972,43047
"(0.9348875393612236, 0.9737148229943366)",3,94.98866052587186,43050
"(0.8896256684491979, 0.9473039215686276)",1,94.9886306113227,43051
"(0.8271652864044169, 1.0)",1,94.98853670766349,43052
"(0.8943833943833944, 0.9841269841269842)",1,94.98832855550263,43053
"(0.8721629709087285, 0.9560805836777236)",1,94.98806334283236,43054
"(0.8339212842322631, 0.965497521921464)",1,94.98802838525988,43055
"(0.9577861163227016, 0.9461152882205514)",3,94.9880079494639,43058
"(0.8577073070607554, 0.938374125874126)",1,94.9879948010348,43059
"(0.751365367195349, 0.9670367434768384)",4,94.9879265443048,43063
"(0.8870934646557915, 0.9651951748860688)",3,94.98766089546226,43066
"(0.7893847194050033, 0.9526018354129678)",1,94.9876212720268,43067
"(0.5347194765526277, 0.9740643495864882)",1,94.98753242042837,43068
"(0.9526018354129678, 0.9451780712284916)",3,94.98752994860858,43071
"(0.8603013429413692, 0.9527829893683551)",1,94.98751725908171,43072
"(0.9201573680323905, 0.9575114377859448)",2,94.98744191850902,43074
"(0.883580779054917, 0.986574074074074)",2,94.98743176209317,43076
"(0.903764513477412, 0.945776397515528)",1,94.98734064378922,43077
"(0.8892740936103763, 0.9709598126609033)",4,94.98732602443354,43081
"(0.5779361378128867, 0.9694279341856143)",1,94.98718700972452,43082
"(0.9812636165577342, 0.9847494553376906)",1,94.98710189227798,43083
"(0.8095650919988757, 0.9659530521533396)",2,94.98697421389508,43085
"(0.8006272988627237, 0.950700596776178)",1,94.9869036477307,43086
"(0.8804026684717579, 0.9711950660350294)",1,94.98686963692256,43087
"(0.7536502421542992, 0.9996213816771112)",1,94.98685843924524,43088
"(0.896551724137931, 1.0)",1,94.98626439476128,43089
"(0.8505136750684519, 0.9700273509811184)",2,94.98617880344769,43091
"(0.4657850334228648, 0.9620611114246478)",1,94.9861723948636,43092
"(0.7821588855860582, 0.9563953488372092)",1,94.98607466551076,43093
"(0.9399404761904762, 0.950700596776178)",4,94.98601048590716,43097
"(0.8799035686171609, 0.9650363879165252)",1,94.98600636500676,43098
"(0.936617336210598, 0.9438484030589294)",1,94.9859565793374,43099
"(0.8641929499072356, 0.9586520604621642)",1,94.98589163593569,43100
"(0.8602750753767079, 0.9699430412454708)",1,94.98580412370072,43101
"(0.9027777777777778, 0.9615343915343916)",1,94.98576036489484,43102
"(0.8375522452041583, 0.965497521921464)",1,94.985487691591,43103
"(0.9189046799105652, 0.93259733440024)",1,94.98544592660473,43104
"(0.8603013429413692, 0.9527829893683551)",1,94.98532712152044,43105
"(0.8683241252302025, 0.969913169748696)",3,94.98531680013993,43108
"(0.9344155844155844, 0.950700596776178)",1,94.98530611265058,43109
"(0.9612261904761904, 0.9571428571428572)",1,94.98524492233328,43110
"(0.7823149828594473, 0.9576029606661498)",3,94.9852334996386,43113
"(0.9185588416618146, 0.95474577471438)",2,94.98511211617328,43115
"(0.906765625, 0.9767241379310344)",1,94.98502560367868,43116
"(0.7843798932668649, 0.9649122807017544)",5,94.9849429773367,43121
"(0.91775, 0.9507857142857142)",2,94.98483422890968,43123
"(0.8632677198614513, 0.96004600460046)",2,94.98459028019889,43125
"(0.9055383852258851, 0.952503401360544)",1,94.98440274496171,43126
"(0.5101561872013576, 0.9717348360989482)",1,94.98421672023528,43127
"(0.8901960784313724, 0.9380552220888356)",1,94.98413374742992,43128
"(0.9811403508771928, 0.8827952022559865)",1,94.98413297153746,43129
"(0.8031631097560976, 0.9868055555555556)",1,94.98406884681056,43130
"(0.7956776428149589, 0.965497521921464)",1,94.9840573956142,43131
"(0.6732790275608831, 0.9550387596899224)",1,94.98403433304424,43132
"(0.9230769230769232, 0.9841269841269842)",1,94.98400844943424,43133
"(0.8459679855028692, 0.9774943735933984)",2,94.98395244562262,43135
"(0.7932849580681616, 0.9563953488372092)",1,94.98393663455992,43136
"(0.762196364506099, 0.973137557772006)",3,94.983501462892,43139
"(0.9393939393939392, 0.953054992365648)",1,94.98347117275144,43140
"(0.8164030073596183, 0.9560805836777236)",3,94.98345576372157,43143
"(0.863739209133946, 0.9604697507658034)",1,94.9833243377274,43144
"(0.9333531698462172, 0.9537087912087912)",1,94.98331872910772,43145
"(0.8692635658914728, 0.9774943735933984)",2,94.98282315844683,43147
"(0.8373852304418176, 0.9658154816997468)",1,94.9826185486272,43148
"(0.91280276816609, 0.8995164281928988)",1,94.98259740657184,43149
"(0.6699593128390597, 0.9688819909986466)",1,94.9825450626976,43150
"(0.8342438271604938, 0.9615343915343916)",1,94.98249483516965,43151
"(0.8694496904024767, 0.9543257389162564)",1,94.98244710134684,43152
"(0.910986505586216, 0.9651951748860688)",1,94.98237640738454,43153
"(0.8693120323003425, 0.9534840838509316)",1,94.98223534117588,43154
"(0.8671417195826613, 0.9667774086378738)",1,94.9821871830487,43155
"(0.8883076259303203, 0.9554098688819938)",3,94.98179343190132,43158
"(0.9444444444444444, 1.0)",1,94.98178559229284,43159
"(0.9047619047619048, 1.0)",1,94.98173838285445,43160
"(0.5229946524064171, 0.9380552220888356)",1,94.98168731139988,43161
"(0.6659153671215075, 0.969913169748696)",4,94.98162932621725,43165
"(0.9393939393939392, 0.9511278195488724)",1,94.98158208253562,43166
"(0.9465769388085848, 0.9574505911522484)",3,94.98146806961364,43169
"(0.9189046799105652, 0.9466077880369328)",3,94.98146443137236,43172
"(0.8434846806939831, 0.9294561402588408)",1,94.98145676666672,43173
"(0.9308485656257932, 0.9608348284368692)",3,94.98133773231034,43176
"(0.9047619047619048, 0.9841269841269842)",1,94.98108603387104,43177
"(0.8757481940144478, 0.9473039215686276)",1,94.9810558563147,43178
"(0.8752365981200475, 0.9536498942777852)",1,94.98093405385764,43179
"(0.8397861529349419, 0.9557291666666669)",1,94.9808759037726,43180
"(0.6739327546119142, 0.9651951748860688)",1,94.9808540488426,43181
"(0.961342940685046, 0.9642857142857144)",1,94.9804194553288,43182
"(0.8646717600452744, 0.9651951748860688)",1,94.98022541812406,43183
"(0.8745595489781537, 0.9552772808586762)",1,94.98018435124796,43184
"(0.8786897800055695, 0.9610152916073968)",1,94.98008582596772,43185
"(0.8692635658914728, 0.9774943735933984)",1,94.98006309216296,43186
"(0.8720649550142637, 0.9548607757926928)",1,94.9800046376164,43187
"(0.8156616246999273, 0.9648977033360302)",1,94.9799964752894,43188
"(0.7891283159589796, 0.9560805836777236)",1,94.979793478847,43189
"(0.7074854651162791, 0.9667774086378738)",1,94.97974586779377,43190
"(0.8327485380116959, 0.9499369338378628)",1,94.97974486872074,43191
"(0.9841269841269842, 1.0)",1,94.97973572264353,43192
"(0.8961538461538462, 0.9624656593406592)",1,94.97966681961933,43193
"(0.8275315260892547, 0.9605856647968066)",3,94.97948032474793,43196
"(0.8552542892156862, 0.9535098522167488)",1,94.97942763063176,43197
"(0.95474577471438, 0.952064553093965)",1,94.97934630659968,43198
"(0.8387491609744542, 0.965497521921464)",1,94.9792472665662,43199
"(0.4806216100305254, 0.972913712768356)",1,94.97923624340974,43200
"(0.8576102418207682, 0.969913169748696)",3,94.97910463008633,43203
"(0.7726620581713838, 0.9563953488372092)",1,94.9789163105207,43204
"(0.9601840736294516, 0.9477798624140088)",1,94.97890817967222,43205
"(0.8138874207188161, 0.9464496874824032)",1,94.97877259666706,43206
"(0.8988571428571429, 0.95474577471438)",1,94.97875734513867,43207
"(0.8820043103448276, 0.9503723544973544)",1,94.9787438132184,43208
"(0.6403503049675462, 1.0)",1,94.9787319677994,43209
"(0.912632850241546, 0.9615343915343916)",1,94.97859476941336,43210
"(0.9611528822055138, 0.945044504450445)",3,94.97828411988854,43213
"(0.8252189403088706, 0.998863042500364)",1,94.97827621023524,43214
"(0.7687738498092014, 0.9667081046663232)",1,94.97823015239192,43215
"(0.915422077922078, 0.9754464285714284)",1,94.97819433839292,43216
"(0.9135802469135802, 0.9841269841269842)",1,94.97817201746028,43217
"(0.4878153950440612, 0.9725)",1,94.97816778886246,43218
"(0.86880395433027, 0.956140350877193)",3,94.97813587773848,43221
"(0.847123015873016, 1.0)",1,94.97807544315712,43222
"(0.7240947195575144, 0.9649122807017544)",2,94.97799037689596,43224
"(0.9433680972830336, 0.9586520604621642)",1,94.97797845551084,43225
"(0.9485046203796204, 0.9618610747051114)",2,94.97793686929452,43227
"(0.8831018518518517, 1.0)",1,94.97775901637492,43228
"(0.8238599925743408, 0.9552772808586762)",1,94.97775629684428,43229
"(0.8663406611415462, 0.9612261904761904)",1,94.97768716785572,43230
"(0.8887706043956044, 0.9767241379310344)",1,94.97765598074004,43231
"(0.4704677627337201, 0.98632855517847)",1,94.97762968217806,43232
"(0.9003322259136212, 0.9774943735933984)",1,94.97750722705082,43233
"(0.8235034823239002, 0.9516760651629074)",3,94.97741312259902,43236
"(0.9574568288854002, 0.9657079385975222)",1,94.97738606634988,43237
"(0.8357779804428231, 0.9563953488372092)",1,94.97738504689946,43238
"(0.840845345330562, 0.9760921850398084)",4,94.97728160972802,43242
"(0.8357779804428231, 0.9667774086378738)",1,94.97722069698,43243
"(0.920419153009064, 0.9707309941520468)",1,94.97720204994452,43244
"(0.7423427395649618, 0.9868055555555556)",1,94.97716230027798,43245
"(0.8679401993355481, 0.9463327370304114)",1,94.97704449565724,43246
"(0.9601840736294516, 0.9575114377859448)",1,94.97701887424115,43247
"(0.8282752506308395, 0.9667774086378738)",1,94.97696954332396,43248
"(0.842841064926467, 0.9652297777949396)",1,94.97688314897624,43249
"(0.8691860465116279, 0.9774943735933984)",1,94.97685825765228,43250
"(0.7827659652601814, 0.9507567172823652)",1,94.9768513288458,43251
"(0.8, 1.0)",1,94.9767985242094,43252
"(0.8925438596491229, 0.9563260001856492)",3,94.97670541021712,43255
"(0.9516258530710558, 0.945044504450445)",1,94.97659419686217,43256
"(0.7520143475215834, 0.9546136534133534)",1,94.97648600974564,43257
"(0.9125701913010372, 0.9590069946107098)",1,94.97638258037642,43258
"(0.8426812585499316, 0.9667774086378738)",1,94.97613160420512,43259
"(0.9327096052096052, 0.9748677248677248)",1,94.97611844929096,43260
"(0.9525862068965518, 0.9767241379310344)",1,94.97608766553118,43261
"(0.9003322259136212, 0.9774943735933984)",1,94.97590870309004,43262
"(0.8070189460223449, 0.94745682548523)",3,94.9758207100333,43265
"(0.8357779804428231, 0.9463327370304114)",1,94.97570043548036,43266
"(0.7544045102184637, 0.965497521921464)",1,94.9756275252656,43267
"(0.93004300430043, 0.95)",1,94.97561009073674,43268
"(0.905649630541872, 0.9754464285714284)",1,94.97521347182676,43269
"(0.6396617032392895, 0.9624656593406592)",1,94.97514038062612,43270
"(0.7705882352941177, 1.0)",1,94.97500757512076,43271
"(0.9365750528541228, 0.9552772808586762)",1,94.97497117510028,43272
"(0.8255047951711248, 0.9546136534133534)",1,94.97479592730068,43273
"(0.8890863872430693, 0.9606447334368527)",3,94.9747937802812,43276
"(0.828819993216278, 0.9780571219715956)",1,94.9747878495806,43277
"(0.9715797169307606, 0.9595374149659864)",1,94.97478629997312,43278
"(0.996078431372549, 0.996078431372549)",4,94.9745887831729,43282
"(0.9462631140307872, 0.9579551650296714)",1,94.9744784752327,43283
"(0.9596261896571492, 0.9847494553376906)",4,94.9744147123554,43287
"(0.93916595083917, 0.9503404207824095)",1,94.97435948832108,43288
"(0.8429058758006126, 0.9788110478899952)",2,94.97429111579636,43290
"(0.8952020202020202, 1.0)",1,94.97414303766858,43291
"(0.9044642857142856, 0.9541309523809522)",1,94.97413065114895,43292
"(0.8143956066989457, 0.9519059481326966)",1,94.97406022337576,43293
"(0.8327485380116959, 0.9560805836777236)",4,94.97401461375854,43297
"(0.8356705909510619, 0.9649122807017544)",1,94.9739890920412,43298
"(0.9688819909986466, 0.9715797169307606)",1,94.97397030573931,43299
"(0.904032258064516, 0.9647321428571428)",1,94.97388369109458,43300
"(0.9408601779678556, 0.9696381743256742)",1,94.97375195535103,43301
"(0.9561403508771932, 0.950721153846154)",3,94.9736620320178,43304
"(0.7973484848484849, 0.9743589743589745)",1,94.97363891642628,43305
"(0.8029920254433791, 0.9992431021625652)",1,94.97347248650615,43306
"(0.4898438135248678, 0.97649913120113)",1,94.97343316406642,43307
"(0.8919095971175892, 0.9667774086378738)",1,94.9731689941925,43308
"(0.9020844965568584, 0.9565375499581746)",3,94.97311691856102,43311
"(0.8729235880398671, 0.9774943735933984)",1,94.97274022790693,43312
"(0.7682348491460825, 0.9694279341856143)",2,94.9726842272688,43314
"(0.8567335484304631, 0.9560805836777236)",2,94.9724742545901,43316
"(0.9535924585381664, 0.950191871620443)",1,94.972239374054,43317
"(0.8646717600452744, 0.9528092667566352)",1,94.97213763785986,43318
"(0.8515416147530508, 0.9713199784253096)",1,94.97209803593287,43319
"(0.8495727722191059, 0.9612261904761904)",3,94.97199031572517,43322
"(0.8634436934356743, 0.9550387596899224)",1,94.9719487812838,43323
"(0.8101851851851852, 0.956140350877193)",1,94.97193905526528,43324
"(0.7793597074726728, 0.9560805836777236)",3,94.97172979874703,43327
"(0.5223765432098765, 0.9868055555555556)",1,94.97170236099733,43328
"(0.8836091234347048, 0.9667774086378738)",1,94.97162492909985,43329
"(0.8691933668722457, 0.9740643495864882)",1,94.9715447206669,43330
"(0.9367114963691102, 0.950700596776178)",6,94.9715296254858,43336
"(0.8627494993687694, 0.9517433954079988)",2,94.97146880361316,43338
"(0.8942415173616616, 0.9463234342650104)",1,94.97137350377332,43339
"(0.96004600460046, 0.9375109377734444)",1,94.97130578087872,43340
"(0.6403503049675462, 1.0)",1,94.97111980549604,43341
"(0.8500033239264507, 0.9664629123660984)",2,94.97100427120512,43343
"(0.91243961352657, 0.9866666666666666)",1,94.97088316458006,43344
"(0.8197707811194652, 0.969913169748696)",1,94.97071250032717,43345
"(0.8426812585499316, 0.9563953488372092)",1,94.97067278201652,43346
"(0.5968992248062015, 0.9552772808586762)",1,94.97059549137546,43347
"(0.9078944034861038, 0.9554098688819938)",1,94.97037879906354,43348
"(0.96004600460046, 0.9475111877796946)",2,94.97036753956112,43350
"(0.8520449077786689, 0.9892665474060824)",1,94.970218563039,43351
"(0.7294483504597079, 0.9774943735933984)",1,94.97021147076136,43352
"(0.8934374999999999, 0.9767241379310344)",4,94.9702083450128,43356
"(0.9462631140307872, 0.9579551650296714)",1,94.97007217844006,43357
"(0.9268160835762876, 0.9665714285714284)",3,94.97004926725724,43360
"(0.9534181717978908, 0.9425110627765696)",1,94.97002422586364,43361
"(0.9611528822055138, 0.9475111877796946)",1,94.96999769651995,43362
"(0.9253196022727272, 0.9688819909986466)",1,94.96989470432058,43363
"(0.8305244327276152, 0.9667774086378738)",1,94.96984176660418,43364
"(0.8815742397137746, 0.9463327370304114)",1,94.96982313975624,43365
"(0.7105621431708389, 0.9868055555555556)",1,94.96946897269376,43366
"(0.8501768299217661, 0.9546136534133534)",1,94.96943661677284,43367
"(0.8901450053705692, 0.9737148229943366)",3,94.96938593167047,43370
"(0.8591750613113885, 0.970549160966784)",1,94.96929679433774,43371
"(0.9477798624140088, 0.947600710159786)",2,94.96917521642249,43373
"(0.8469620378630193, 0.9651951748860688)",1,94.96914152717297,43374
"(0.9087026014109348, 1.0)",1,94.96897678168536,43375
"(0.8067271451483561, 0.9885627144491042)",1,94.96892658056494,43376
"(0.907635752688172, 0.9759093915343916)",1,94.96890758326008,43377
"(0.8516967561920434, 0.9701382778299216)",1,94.96889875154145,43378
"(0.9001409893736627, 0.9595374149659864)",1,94.96885965405043,43379
"(0.6732790275608831, 0.9550387596899224)",1,94.96881862562502,43380
"(0.8805336604941058, 0.9737148229943366)",1,94.96871064651285,43381
"(0.8783564814814815, 0.9541062801932368)",1,94.96869643119204,43382
"(0.955544662122821, 0.9571428571428572)",3,94.96858678064116,43385
"(0.8382250174703006, 0.9580611248779756)",1,94.9685623440092,43386
"(0.9503404207824095, 0.9485046203796204)",1,94.9684937082744,43387
"(0.8576356621891807, 0.95004500450045)",1,94.9679745369908,43388
"(0.8132390951302638, 0.9694279341856143)",1,94.96791191376022,43389
"(0.7563735307329491, 0.9652917426316652)",1,94.96768216538078,43390
"(0.8351555421322864, 0.9767441860465116)",1,94.96767659205555,43391
"(0.7561876009638551, 0.9716813706420012)",1,94.9675761264842,43392
"(0.8275096819218369, 0.9969904564799986)",1,94.96751422410614,43393
"(0.951596182326806, 0.9574505911522484)",1,94.96749586848594,43394
"(0.8832713293650792, 0.9555491383616382)",1,94.96736010785396,43395
"(0.7518810204481623, 0.9690326879250918)",2,94.96731470409532,43397
"(0.915494777499728, 0.9665714285714284)",3,94.96705800459084,43400
"(0.8693120323003425, 0.9606615844690656)",1,94.96694552655836,43401
"(0.8500055114638447, 0.9506818181818182)",2,94.96664543643948,43403
"(0.944800323176362, 0.969913169748696)",3,94.96653647190476,43406
"(0.7515810167747625, 0.9725564316328648)",4,94.96648386385326,43410
"(0.8516362734449852, 0.9737148229943366)",1,94.96638040977712,43411
"(0.911377708978328, 0.9729166666666668)",1,94.96617457064488,43412
"(0.848542995746943, 0.9563260001856492)",1,94.9660713638792,43413
"(0.9433680972830336, 0.9465769388085848)",1,94.965928436084,43414
"(0.9145622351504704, 0.984504357298475)",1,94.96592289149754,43415
"(0.9541309523809522, 0.9618610747051114)",1,94.96589718669084,43416
"(0.8332521117608837, 1.0)",1,94.96584019669348,43417
"(0.8737236721611722, 0.951596182326806)",1,94.9658080115739,43418
"(0.9318646435925092, 0.9413635745991484)",1,94.96577106884484,43419
"(0.8666032691088509, 0.9611528822055138)",1,94.9657476418724,43420
"(0.8923633969716919, 0.9584283173426188)",1,94.96561703922389,43421
"(0.8164030073596183, 0.9472634640194172)",3,94.96544907986411,43424
"(0.8437475530498785, 0.9560805836777236)",2,94.96541108104604,43426
"(0.8661024879071576, 0.9743278359767606)",1,94.96537236150576,43427
"(0.8966049382716049, 0.9868055555555556)",1,94.96531044568252,43428
"(0.888013818790316, 0.9414601023976022)",1,94.9652159688378,43429
"(0.8766755371575004, 0.969913169748696)",3,94.96517580770352,43432
"(0.9426994258113802, 0.9570371875635032)",1,94.96507404998977,43433
"(0.9508739421428176, 0.9657079385975222)",1,94.96506084200756,43434
"(0.8995660342409569, 0.9566439181051786)",1,94.96494866570131,43435
"(0.918078605068401, 0.9571428571428572)",1,94.96493239375036,43436
"(0.8971203581710827, 0.9868055555555556)",1,94.964875464255,43437
"(0.8440126050420167, 0.9866666666666666)",1,94.96485568810502,43438
"(0.8774993038150933, 0.9736842105263158)",1,94.96470296144904,43439
"(0.8126903630604289, 0.961770130454341)",1,94.96459750563004,43440
"(0.8285644667223615, 0.9651951748860688)",3,94.964567712561,43443
"(0.7662256493506494, 0.9767241379310344)",3,94.964475534364,43446
"(0.7975164658278694, 1.0)",1,94.96433292959895,43447
"(0.8190189403857904, 0.9782702035744222)",1,94.96425006174611,43448
"(0.9096474293842716, 0.9422897721546464)",1,94.96412522973316,43449
"(0.950700596776178, 0.9678053830227744)",1,94.96410321633786,43450
"(0.7957571580750572, 0.9923321586572532)",1,94.964015460755,43451
"(0.7885435936143402, 0.9782702035744222)",2,94.9638846982468,43453
"(0.8671417195826613, 0.9667774086378738)",2,94.96369180058176,43455
"(0.8008373205741627, 0.9651951748860688)",3,94.96367104915772,43458
"(0.8092641398436843, 0.9977450254824972)",1,94.96347909139202,43459
"(0.8126903630604289, 0.9747439067467324)",2,94.96331594072228,43461
"(0.8626885995307049, 0.9648977033360302)",1,94.96316221668812,43462
"(0.9503404207824095, 0.950700596776178)",6,94.9631172830926,43468
"(0.867704307568438, 0.9734722222222224)",1,94.96302356937396,43469
"(0.8641433305377707, 0.9707309941520468)",1,94.96298100338582,43470
"(0.9131805896603988, 0.9756347031014612)",1,94.9629296143483,43471
"(0.7413014722797331, 0.9866666666666666)",2,94.96280548591996,43473
"(0.9179206566347468, 0.9463327370304114)",1,94.96277901497032,43474
"(0.9065438871473354, 1.0)",1,94.962449261332,43475
"(0.9571395713710704, 0.9586520604621642)",1,94.96239802480572,43476
"(0.953054992365648, 0.955045504550455)",1,94.96225531150424,43477
"(0.8851067942942943, 0.9686200438283324)",1,94.96199796702132,43478
"(0.8643650793650794, 0.9615343915343916)",1,94.9619434057988,43479
"(0.8154121863799284, 0.9577861163227016)",1,94.96191514917622,43480
"(0.9302054863852616, 0.9504053648283456)",1,94.9617461055454,43481
"(0.9371419957793188, 0.9575114377859448)",1,94.96165843725925,43482
"(0.8514810806477473, 0.9506818181818182)",1,94.9616136116076,43483
"(0.9020844965568584, 0.9586520604621642)",1,94.96160015659672,43484
"(0.9367114963691102, 0.9535924585381664)",1,94.96141287976972,43485
"(0.9555491383616382, 0.9537087912087912)",1,94.96140785743178,43486
"(0.8919095971175892, 0.9667774086378738)",1,94.9612810064411,43487
"(0.8942415173616616, 0.9485046203796204)",1,94.96125585829618,43488
"(0.8456323768823768, 0.9615343915343916)",1,94.96122858069674,43489
"(0.927777350854274, 0.9527829893683551)",2,94.96103589366348,43491
"(0.9176086048454468, 0.9555491383616382)",1,94.96075806755724,43492
"(0.8138874207188161, 0.935215946843854)",1,94.96053809104902,43493
"(0.7573718400360736, 0.9668077745551616)",4,94.96053672100253,43497
"(0.9667774086378738, 0.9667774086378738)",1,94.9605345460704,43498
"(0.7074854651162791, 0.9550387596899224)",1,94.9604840071785,43499
"(0.8605318565948488, 0.9480488598533204)",1,94.96046271692492,43500
"(0.9245524296675192, 0.9534181717978908)",1,94.96043809052004,43501
"(0.6817662805944057, 0.9754464285714284)",1,94.9603563352043,43502
"(0.8952675231745, 0.9463327370304114)",1,94.96027472060854,43503
"(0.8892740936103763, 0.9695822961119014)",1,94.96024536110126,43504
"(0.7598733131502533, 0.9732796378813972)",4,94.96021663474428,43508
"(0.777251375157076, 0.9924106077264996)",2,94.96017669812794,43510
"(0.8864832156597472, 0.9571428571428572)",1,94.96016678062992,43511
"(0.9406095584301136, 0.9579551650296714)",2,94.9600539394043,43513
"(0.7399584487534626, 0.960657765442102)",1,94.96002294664542,43514
"(0.8915343915343915, 1.0)",1,94.9599595251848,43515
"(0.8752365981200475, 0.9498577524893316)",1,94.9598983460978,43516
"(0.9081468615856708, 0.9611414900888584)",1,94.95966798464316,43517
"(0.9665319865319866, 0.9847494553376906)",2,94.95952156178858,43519
"(0.8952675231745, 0.9463327370304114)",2,94.95940727705636,43521
"(0.9465769388085848, 0.952503401360544)",1,94.95933513730154,43522
"(0.8731196908559524, 0.9652297777949396)",1,94.95882565226768,43523
"(0.904499073566638, 0.9580611248779756)",1,94.9588046409446,43524
"(0.7644790288745473, 0.9788110478899952)",1,94.95874913252196,43525
"(0.904032258064516, 0.9647321428571428)",1,94.95868781119044,43526
"(0.7812975494291282, 0.9437812908226086)",1,94.95866896127214,43527
"(0.8732558430822417, 0.9484080262531626)",1,94.95857310442656,43528
"(0.8766755371575004, 0.9648977033360302)",1,94.95855112568088,43529
"(0.870174510840825, 0.9561403508771932)",1,94.9585316693974,43530
"(0.9245524296675192, 0.955)",1,94.9584552706922,43531
"(0.931377923976608, 0.9568870566527607)",1,94.95844532061484,43532
"(0.9571395713710704, 0.9586520604621642)",1,94.95843289762657,43533
"(0.8287365047233469, 0.9577759872287582)",3,94.95838709116694,43536
"(0.9787811022617652, 0.9713960577118472)",1,94.9583664591929,43537
"(0.9201573680323905, 0.9575114377859448)",3,94.95805764365522,43540
"(0.9635619016637234, 0.9537087912087912)",1,94.95798417177464,43541
"(0.8498740201567748, 0.9560805836777236)",1,94.9579216410138,43542
"(0.795803080252039, 0.9931629508680426)",1,94.9579041695077,43543
"(0.6887679601265893, 0.9563260001856492)",1,94.95787856058767,43544
"(0.9232966136270908, 0.9526018354129678)",1,94.95782044169673,43545
"(0.8701066607489389, 0.9694095827515072)",1,94.95747493428188,43546
"(0.9197362278244632, 0.9580493308434485)",1,94.95745952165574,43547
"(0.8316355404640634, 0.9564964624817116)",1,94.95745343673369,43548
"(0.840845345330562, 0.9692587269669564)",1,94.95740024590673,43549
"(0.8997086999609598, 0.9536498942777852)",1,94.9573230236922,43550
"(0.9548607757926928, 0.952503401360544)",1,94.95729926161783,43551
"(0.710494931425164, 0.9667774086378738)",1,94.95721342517646,43552
"(0.8692635658914728, 0.9774943735933984)",1,94.95714171838422,43553
"(0.6479213215360324, 0.9954635805096405)",3,94.95707777790794,43556
"(0.8721161002232697, 0.9561403508771932)",1,94.95703899073428,43557
"(0.8901450053705692, 0.9782702035744222)",1,94.95697137907106,43558
"(0.8666060577471494, 0.9550387596899224)",1,94.95669507136296,43559
"(0.952503401360544, 0.9555491383616382)",1,94.95663595824372,43560
"(0.9104761904761904, 0.9868055555555556)",1,94.95661031823822,43561
"(0.8562394622920938, 0.992156862745098)",1,94.95636225190684,43562
"(0.875402576489533, 0.9506818181818182)",1,94.956308797438,43563
"(0.8138874207188161, 0.9552772808586762)",1,94.9561995509868,43564
"(0.8924167302313756, 0.969913169748696)",3,94.95610232644825,43567
"(0.8726622214994307, 0.965497521921464)",1,94.95608566519154,43568
"(0.8402612433862433, 0.9866666666666666)",1,94.9560538161953,43569
"(1.0, 1.0)",1,94.95604872851249,43570
"(0.8218375712415833, 0.9560805836777236)",3,94.95593407489967,43573
"(0.8013468013468013, 1.0)",1,94.9557582306112,43574
"(0.8148063759258677, 0.9939948239614128)",3,94.95561572117865,43577
"(0.9555491383616382, 0.9574505911522484)",1,94.95559712998008,43578
"(0.832449494949495, 0.9748677248677248)",1,94.95556539161622,43579
"(0.924126984126984, 0.9525113127828196)",1,94.955332187033,43580
"(0.884468024900962, 0.9507857142857142)",1,94.95532402324898,43581
"(0.9414843966800374, 0.9554098688819938)",2,94.95531316635454,43583
"(0.7959305979857629, 0.9767441860465116)",1,94.9552780954262,43584
"(0.936617336210598, 0.969913169748696)",1,94.95497745115534,43585
"(0.8666060577471494, 0.9774943735933984)",1,94.95494989384876,43586
"(0.8347694683658232, 0.9438484030589294)",1,94.95494818775228,43587
"(0.8975847069597069, 0.95)",1,94.9545684177641,43588
"(0.9541309523809522, 0.9534840838509316)",1,94.95451834821756,43589
"(0.8645224171539961, 0.9384463443611106)",3,94.95449449156033,43592
"(0.8898792718668495, 0.9527829893683551)",2,94.95446968593184,43594
"(0.4868443544759335, 0.9694279341856143)",5,94.95439516157164,43599
"(0.9589484126984128, 1.0)",2,94.95429122577168,43601
"(0.8418571428571429, 0.9543257389162564)",1,94.95425024666451,43602
"(0.9333531698462172, 0.9470357142857144)",1,94.95418212938615,43603
"(0.8900759734093067, 1.0)",1,94.95415326746456,43604
"(0.9820662768031188, 0.9886710239651416)",4,94.95415257514006,43608
"(0.9247241379310346, 0.9624656593406592)",1,94.9540191780534,43609
"(0.944800323176362, 0.9658154816997468)",1,94.95378525291254,43610
"(0.8319664902998236, 1.0)",1,94.95377445595064,43611
"(0.7707924493038034, 1.0)",2,94.95370568241904,43613
"(0.8693120323003425, 0.9625936563436563)",1,94.95366774319976,43614
"(0.8500647757655945, 0.955045504550455)",1,94.95363885899144,43615
"(0.8925865800865801, 1.0)",1,94.95346877938172,43616
"(0.8856424148606811, 0.9866666666666666)",1,94.953446345212,43617
"(0.8495727722191059, 0.9650363879165252)",1,94.95339439605937,43618
"(0.8888888888888888, 1.0)",1,94.9532804821328,43619
"(0.847123015873016, 0.9868055555555556)",1,94.9532398200519,43620
"(0.9170435132147524, 0.96)",1,94.95323858867204,43621
"(0.992156862745098, 0.992156862745098)",1,94.95323419784712,43622
"(0.9078178834366952, 0.9612261904761904)",4,94.9531000924579,43626
"(0.9462631140307872, 0.951596182326806)",1,94.95305880139186,43627
"(0.6829180293425229, 0.969913169748696)",1,94.9530501009492,43628
"(0.8255047951711248, 0.965497521921464)",1,94.95304839770668,43629
"(0.9879901960784314, 0.9882352941176472)",1,94.95283411856646,43630
"(0.9235874607931364, 0.9541309523809522)",1,94.95271228591292,43631
"(0.8238599925743408, 0.9552772808586762)",1,94.9526117918505,43632
"(0.8344950967399947, 0.9574505911522484)",1,94.95252995692172,43633
"(0.8676666891012699, 0.969913169748696)",8,94.95251496531895,43641
"(0.9170528266913808, 0.9477798624140088)",2,94.952371260826,43643
"(0.9477798624140088, 0.9511278195488724)",1,94.95209067715248,43644
"(0.7468070282672052, 0.9727075798453224)",1,94.95205171749564,43645
"(0.908998988877654, 0.9667774086378738)",1,94.95196441254812,43646
"(0.9555491383616382, 0.9579551650296714)",1,94.95192633398976,43647
"(0.8103640604401177, 0.9604697507658034)",1,94.9518501077782,43648
"(0.735677821894498, 0.9644404394690326)",1,94.95170195377584,43649
"(0.860587002096436, 0.950721153846154)",1,94.95164686514148,43650
"(0.8475024586783413, 0.9619141452665482)",1,94.95140833862898,43651
"(0.9283144321801948, 0.9516760651629074)",1,94.9513679134563,43652
"(0.8455296876256706, 0.9649122807017544)",1,94.95136541578565,43653
"(0.9495131982526256, 0.9579551650296714)",1,94.95126001473226,43654
"(0.9143400589515378, 0.9541729851919256)",1,94.95119436023842,43655
"(0.854478432131113, 0.9648977033360302)",1,94.95118904499827,43656
"(0.9454986295593504, 0.9868055555555556)",1,94.95111059306804,43657
"(0.8799035686171609, 0.95)",1,94.95097148179364,43658
"(0.9096474293842716, 0.969913169748696)",1,94.9509369252697,43659
"(0.9176532769556026, 0.9563953488372092)",1,94.9507371865962,43660
"(0.8696895424836601, 0.938374125874126)",1,94.95067358738672,43661
"(0.8686868686868687, 1.0)",1,94.95053072968452,43662
"(0.9525862068965518, 0.9767241379310344)",1,94.95038339508304,43663
"(0.8156616246999273, 0.9788110478899952)",8,94.95034176934566,43671
"(0.8860693400167085, 0.956140350877193)",3,94.9503293292733,43674
"(0.875869740093878, 0.9583928571428572)",1,94.95030826741032,43675
"(0.9192180611357128, 1.0)",1,94.95015720913764,43676
"(0.8778976239800449, 0.9612261904761904)",1,94.95011595482094,43677
"(0.8487161531279178, 0.9748677248677248)",1,94.95009685800431,43678
"(0.8853349024500907, 0.9507857142857142)",1,94.95005381784252,43679
"(0.9229016661449092, 0.9719596621255158)",1,94.9500419406626,43680
"(0.9367114963691102, 0.9586520604621642)",2,94.9500046902173,43682
"(0.8556083495776478, 0.9568870566527607)",1,94.94999452328388,43683
"(0.822891947476665, 0.9463327370304114)",1,94.94991606049844,43684
"(0.5840730904484518, 0.961770130454341)",1,94.94986027482749,43685
"(0.6396617032392895, 0.9754464285714284)",1,94.94982091989304,43686
"(0.93323732718894, 0.9754464285714284)",1,94.94967202670178,43687
"(0.8926559394175094, 0.9519059481326966)",1,94.9496142989315,43688
"(0.8823631647905025, 0.9576029606661498)",3,94.94955656551063,43691
"(0.9433680972830336, 0.9586520604621642)",1,94.94955266023784,43692
"(0.8753462245347001, 0.9525113127828196)",1,94.9494831375091,43693
"(0.8524177828082752, 0.9460898868793606)",1,94.94946226650472,43694
"(0.9041666666666666, 0.9868055555555556)",1,94.9493360227114,43695
"(0.4868443544759335, 0.9628635734072022)",1,94.94933222819245,43696
"(0.9526018354129678, 0.9501800720288114)",2,94.9493074903936,43698
"(0.8703817814293165, 0.9977272727272728)",3,94.94888172675122,43701
"(0.8822248676288769, 0.9673426844736502)",1,94.94880745343931,43702
"(0.8638474025974026, 0.9612261904761904)",1,94.94880054121144,43703
"(0.8737236721611722, 0.9534840838509316)",1,94.94868504313092,43704
"(0.8183575715604802, 0.9747439067467324)",1,94.9486353594104,43705
"(0.8621651785714286, 0.9612261904761904)",1,94.94857727999369,43706
"(0.8156635416666668, 0.9977340026455404)",2,94.94854027327897,43708
"(0.7511748585277997, 0.972965064584145)",1,94.9485302585998,43709
"(0.8696895424836601, 0.9541062801932368)",2,94.94847862673124,43711
"(0.8367625143940933, 0.9648977033360302)",1,94.94839807885536,43712
"(0.8008373205741627, 0.9528092667566352)",1,94.94826286877353,43713
"(0.9386363636363636, 0.9535098522167488)",2,94.94824805480496,43715
"(0.8759722222222223, 0.9647321428571428)",2,94.94818242174648,43717
"(0.9189046799105652, 0.962604085919332)",2,94.94810650790184,43719
"(0.9005147621883774, 0.9541309523809522)",4,94.94801094467586,43723
"(0.8731395923480499, 0.969913169748696)",3,94.94791538530863,43726
"(0.8742045454545455, 0.9517241379310344)",1,94.94785360106296,43727
"(0.942599584906604, 0.9561403508771932)",1,94.94778281102585,43728
"(0.8956505897276728, 0.952064553093965)",1,94.94771674016954,43729
"(0.8344722204371327, 0.9648977033360302)",1,94.94771292065342,43730
"(0.9391627846790888, 0.9571428571428572)",1,94.9476484850312,43731
"(0.8888888888888888, 1.0)",1,94.94734053725716,43732
"(0.9541309523809522, 0.9635619016637234)",2,94.94722526750184,43734
"(0.9185588416618146, 0.9574505911522484)",1,94.94717928278632,43735
"(0.9034660006747384, 0.9612261904761904)",1,94.94709129428608,43736
"(0.8177555579773321, 0.9503723544973544)",1,94.94703145941943,43737
"(0.9470357142857144, 0.9574505911522484)",3,94.94689315229816,43740
"(0.8895225947521866, 0.9485046203796204)",1,94.94685977073958,43741
"(0.7853136031723004, 0.9657451923076924)",1,94.94683803055555,43742
"(0.7545068625802375, 0.9679079434937592)",4,94.94675954921662,43746
"(0.8831018518518517, 0.986574074074074)",1,94.94674400902072,43747
"(0.904032258064516, 0.9647321428571428)",1,94.94666613025424,43748
"(0.7729278473464519, 0.9463327370304114)",1,94.94665274366136,43749
"(0.8731395923480499, 0.9651951748860688)",1,94.94655512598804,43750
"(0.9011039071107722, 0.9445397915077548)",1,94.94655221851376,43751
"(0.8681827731092436, 0.9248353174603174)",1,94.94649070814016,43752
"(0.8934374999999999, 0.9767241379310344)",1,94.94647516232524,43753
"(0.8807058823529411, 0.9380552220888356)",1,94.9463256473956,43754
"(0.8285644667223615, 0.969913169748696)",1,94.94630714848978,43755
"(0.9005147621883774, 0.9503404207824095)",1,94.9462894524222,43756
"(0.9018055555555556, 0.9868055555555556)",1,94.94627641531548,43757
"(0.924126984126984, 0.95004500450045)",3,94.94621329418266,43760
"(0.8553659393869447, 0.9552772808586762)",1,94.94615632423762,43761
"(0.8552672227371022, 0.9576029606661498)",1,94.9461385441172,43762
"(0.8803174603174604, 1.0)",1,94.9459674807478,43763
"(0.9096474293842716, 0.961770130454341)",1,94.94590835334527,43764
"(0.927777350854274, 0.955045504550455)",4,94.945824983157,43768
"(0.93218671679198, 0.9612261904761904)",2,94.94569499436264,43770
"(0.7973166368515204, 0.9892665474060824)",1,94.94552907562596,43771
"(0.8714817270851754, 0.9506818181818182)",2,94.94548806093992,43773
"(0.7487501664809803, 0.969431376025705)",1,94.94546440630324,43774
"(0.9032873606650292, 0.9579551650296714)",2,94.94546215072432,43776
"(0.8368686868686868, 1.0)",1,94.94543127392146,43777
"(0.8579384746314236, 0.955045504550455)",1,94.94539446022108,43778
"(0.8693120323003425, 0.9574505911522484)",1,94.94527559607762,43779
"(0.8590036231884057, 0.9629629629629628)",1,94.94516270263745,43780
"(0.9420000000000002, 0.9507857142857142)",2,94.94509683403828,43782
"(0.4628871681415928, 0.9517038912796998)",1,94.9449427536112,43783
"(0.8319805194805194, 0.9507857142857142)",1,94.94476017679028,43784
"(0.8815742397137746, 0.9563953488372092)",1,94.94471065457246,43785
"(0.8067955207853964, 0.9527829893683551)",1,94.9446723180032,43786
"(0.8567335484304631, 0.9385876507848104)",1,94.94466751498304,43787
"(0.7078583371333029, 0.9552772808586762)",1,94.94462190057784,43788
"(0.8933695652173913, 0.9647321428571428)",1,94.94445567243127,43789
"(0.8268974358974359, 0.9981047033236162)",1,94.94437473121674,43790
"(0.9263477887938646, 0.96004600460046)",1,94.94435786441876,43791
"(0.8524177828082752, 0.9610152916073968)",1,94.94423746499515,43792
"(0.8622222222222222, 1.0)",1,94.94411036836009,43793
"(1.0, 1.0)",1,94.94394726879474,43794
"(0.9007910628019324, 0.9767241379310344)",1,94.94388305160604,43795
"(0.9278900902053612, 0.9495131982526256)",1,94.94363305857652,43796
"(0.812161361179875, 0.9552772808586762)",1,94.94347046868732,43797
"(0.8701066607489389, 0.9739630931081678)",1,94.94338278201514,43798
"(0.8344722204371327, 0.9692634363686996)",1,94.94331585897984,43799
"(0.8325147741358931, 0.9992431021625652)",1,94.94329746369628,43800
"(0.77039068737284, 0.9550387596899224)",2,94.94293408868153,43802
"(0.7723005972326344, 0.9733120024797586)",4,94.9428630856226,43806
"(0.9565375499581746, 0.9612261904761904)",3,94.94278525307436,43809
"(0.8434101386909988, 0.9651951748860688)",1,94.94274357877988,43810
"(0.7226537485874377, 0.9683247350300908)",1,94.94269862977364,43811
"(0.8705290357677138, 0.9563953488372092)",1,94.94261151745376,43812
"(0.8714817270851754, 0.938374125874126)",1,94.94256186775772,43813
"(0.8757566103854729, 0.9667774086378738)",1,94.94246179196467,43814
"(0.8601866883116884, 0.9577861163227016)",3,94.9424156862493,43817
"(0.8128693274039858, 0.9605856647968066)",3,94.94232076606052,43820
"(0.9481474980306196, 0.9612261904761904)",1,94.94226791038248,43821
"(0.984967320261438, 0.9661076711386308)",2,94.94222134490325,43823
"(0.8391119845067214, 0.9560805836777236)",1,94.9420906617068,43824
"(0.8976300197498354, 0.945713141025641)",1,94.94161767068512,43825
"(0.9048789182857578, 0.9475111877796946)",1,94.94161441207773,43826
"(0.903764513477412, 0.9555491383616382)",1,94.94152914169548,43827
"(0.8675438596491228, 0.9472634640194172)",1,94.94114230035686,43828
"(0.8816773504273504, 0.9612261904761904)",1,94.9410794347874,43829
"(0.7993256414309046, 0.9560805836777236)",1,94.941047325123,43830
"(0.8765565134099617, 0.9866666666666666)",1,94.94102182230776,43831
"(0.8816773504273504, 0.9612261904761904)",3,94.9409826215133,43834
"(0.930343001196812, 0.95)",3,94.94070115965948,43837
"(0.879400973119566, 0.9565375499581746)",1,94.94068461794024,43838
"(0.8357779804428231, 0.9463327370304114)",1,94.94032146739342,43839
"(0.960607978267748, 0.9678608196882048)",1,94.9403124453972,43840
"(0.896551724137931, 1.0)",1,94.94029331223824,43841
"(0.9333333333333332, 0.9841269841269842)",1,94.94027079875654,43842
"(0.8489948371838136, 0.96004600460046)",1,94.94018236138862,43843
"(0.8691933668722457, 0.9667712327175554)",1,94.9399914432196,43844
"(0.8503062961566976, 0.9605856647968066)",1,94.93993282554936,43845
"(0.8778976239800449, 0.9608348284368692)",1,94.9398089856012,43846
"(0.825, 0.9507857142857142)",1,94.93977880507316,43847
"(0.7257988721804511, 0.953831948291782)",1,94.93958528854309,43848
"(0.8361782835467045, 0.960657765442102)",1,94.93947782317952,43849
"(0.8048900626716133, 0.9517433954079988)",2,94.9394696830588,43851
"(0.947860476880274, 0.9565375499581746)",2,94.93944213870012,43853
"(0.8431202227801533, 0.92710864283235)",1,94.93928032181164,43854
"(0.6829180293425229, 0.9694279341856143)",1,94.93923094591592,43855
"(0.934274781341108, 0.9647217861503576)",1,94.93919361820066,43856
"(0.9283194472668156, 0.95474577471438)",1,94.93916893102369,43857
"(0.9595374149659864, 0.9618138828565136)",1,94.93916668784308,43858
"(0.920373952288846, 0.9575114377859448)",1,94.93913803434226,43859
"(0.9268160835762876, 0.951596182326806)",1,94.93906376795452,43860
"(0.9224211423699916, 1.0)",1,94.93905214408798,43861
"(0.8248478701825558, 0.9507857142857142)",1,94.9390230124192,43862
"(0.6160831462229485, 0.9946271313237875)",1,94.9387961726318,43863
"(0.9688819909986466, 0.9625936563436563)",3,94.9387640899678,43866
"(0.8514810806477473, 0.9541062801932368)",2,94.93864872389084,43868
"(0.947191237061602, 0.9526018354129678)",1,94.93857333138178,43869
"(0.781387254550714, 0.9996221405228758)",3,94.93856356952318,43872
"(0.9534181717978908, 0.9475111877796946)",2,94.93844567516793,43874
"(0.8714817270851754, 0.9541062801932368)",1,94.93840401005464,43875
"(0.9253196022727272, 0.9657079385975222)",1,94.93837783521433,43876
"(0.9088563274164362, 0.9706445946488892)",4,94.93835790603956,43880
"(0.9230769230769232, 0.9841269841269842)",1,94.93834934529222,43881
"(0.9002770083102493, 0.9737148229943366)",1,94.9382557985721,43882
"(0.8743600217864923, 0.9507857142857142)",1,94.93817539605858,43883
"(0.961342940685046, 0.9612261904761904)",1,94.93801065223016,43884
"(0.5840730904484518, 0.961770130454341)",3,94.93797140628033,43887
"(0.9169201764231004, 0.9782702035744222)",4,94.93796205448754,43891
"(0.915619658119658, 0.9866666666666666)",1,94.9379347012544,43892
"(0.8752365981200475, 0.9612261904761904)",3,94.937471658859,43895
"(0.8639328063241105, 0.9754464285714284)",1,94.93739096663398,43896
"(0.925, 0.9507857142857142)",1,94.93734074637102,43897
"(0.9399404761904762, 0.9485046203796204)",1,94.93729193692998,43898
"(0.7293925220026811, 0.969913169748696)",4,94.93693633174072,43902
"(0.9081468615856708, 0.9611414900888584)",1,94.93686793795248,43903
"(0.8639291465378421, 0.9506818181818182)",1,94.9368365803606,43904
"(0.9369792725055884, 0.969913169748696)",1,94.93680821294632,43905
"(0.7306281270121069, 0.9977272727272728)",1,94.936748803782,43906
"(0.9032873606650292, 0.9612261904761904)",1,94.93665298305388,43907
"(0.9365750528541228, 0.965497521921464)",1,94.93662910793424,43908
"(0.7646229739252995, 0.9774943735933984)",1,94.93659521581954,43909
"(0.904032258064516, 0.9647321428571428)",1,94.93658524065351,43910
"(0.8882535288785288, 0.9743589743589745)",1,94.93653762337831,43911
"(0.9007910628019324, 0.9767241379310344)",1,94.93645098296597,43912
"(0.8759722222222223, 0.9543257389162564)",1,94.93643477515867,43913
"(0.8601866883116884, 0.947191237061602)",1,94.93639484261796,43914
"(0.8939103272888103, 0.9498577524893316)",1,94.93635527027232,43915
"(0.8817204301075269, 0.9841269841269842)",1,94.93614376811308,43916
"(0.8524177828082752, 0.9528092667566352)",1,94.93607536362714,43917
"(0.9534181717978908, 0.9425110627765696)",2,94.93587805005438,43919
"(0.8305168558651531, 0.9868055555555556)",2,94.93579939879612,43921
"(0.9813854489164088, 0.9925925925925926)",1,94.93556956336828,43922
"(0.875, 1.0)",1,94.93539768008874,43923
"(0.7617801047120419, 0.9534181717978908)",1,94.93538265751282,43924
"(0.8503626025507386, 0.9709536066951728)",1,94.93537781443236,43925
"(0.8074442213565879, 0.9743251670715536)",2,94.93530882967188,43927
"(0.7869981325863679, 1.0)",1,94.93524873094591,43928
"(0.8108591618587594, 0.99659375)",1,94.93522701159618,43929
"(0.7954836535220763, 0.9563953488372092)",1,94.93517763224392,43930
"(0.8008373205741627, 0.9824561403508772)",1,94.93517038396452,43931
"(0.8665939529220779, 0.9595374149659864)",1,94.93516419893494,43932
"(0.640700808625337, 0.9694279341856143)",1,94.93511404954198,43933
"(0.8324824406695752, 0.969913169748696)",3,94.9350068830735,43936
"(0.7074854651162791, 0.9550387596899224)",1,94.9349655932978,43937
"(0.9262759170653908, 0.9438484030589294)",1,94.93485658489917,43938
"(0.9001409893736627, 0.9470357142857144)",1,94.93464770413826,43939
"(0.927777350854274, 0.9526018354129678)",1,94.93463116268848,43940
"(0.8177555579773321, 0.9624656593406592)",1,94.9346207485432,43941
"(0.907635752688172, 0.9646871008939976)",1,94.93452911581176,43942
"(0.7707924493038034, 1.0)",1,94.93445566463862,43943
"(0.8882535288785288, 0.9734722222222224)",2,94.93443779896074,43945
"(0.5259230724076194, 0.9912533989685888)",1,94.93439047824876,43946
"(0.8599096060965494, 0.9560805836777236)",2,94.93439003829572,43948
"(0.8490492285760273, 0.94745682548523)",2,94.93426475363924,43950
"(0.8716683535762482, 0.9577759872287582)",1,94.9338476407174,43951
"(0.394811320754717, 0.9473039215686276)",3,94.93381845532352,43954
"(0.9522158577027434, 0.9525113127828196)",3,94.93378124158286,43957
"(0.9436930909314628, 0.9540538847117792)",1,94.93352967862482,43958
"(0.7240947195575144, 0.9707309941520468)",1,94.93343751236404,43959
"(0.9433680972830336, 0.9625936563436563)",1,94.93331725093128,43960
"(0.9465769388085848, 0.9688819909986466)",1,94.93331033082576,43961
"(0.9053333861260692, 0.952503401360544)",1,94.93310354629637,43962
"(0.8753306878306878, 0.9868055555555556)",1,94.93306928995295,43963
"(0.8666120560715156, 0.9657868904133938)",1,94.93303784623618,43964
"(0.8778462998102468, 0.9589484126984128)",1,94.93296795962604,43965
"(0.710494931425164, 0.9550387596899224)",1,94.93292780357532,43966
"(0.946764828738513, 0.9625936563436563)",1,94.93289157784156,43967
"(0.8238479252040358, 0.9652796860239776)",1,94.93288368428716,43968
"(0.9185588416618146, 0.9565375499581746)",1,94.93274464251658,43969
"(0.9050645161290324, 0.9647321428571428)",1,94.93265194047775,43970
"(0.8716683535762482, 0.9604697507658034)",1,94.9321457474022,43971
"(0.9721176108033788, 0.95)",1,94.93203816992931,43972
"(0.7478249043740713, 1.0)",3,94.93203814533986,43975
"(0.8046779964221825, 0.9767441860465116)",1,94.93194119486522,43976
"(0.9611528822055138, 0.9575114377859448)",1,94.93185063266613,43977
"(0.9363885088919288, 0.9667774086378738)",1,94.93175802334798,43978
"(0.4894112462541865, 0.9787745514916928)",1,94.93162347568403,43979
"(0.825, 0.9507857142857142)",1,94.93154918285472,43980
"(0.907635752688172, 0.9503723544973544)",1,94.9315479536735,43981
"(0.8736448679839133, 0.969913169748696)",1,94.9315171873298,43982
"(0.8683241252302025, 0.969913169748696)",4,94.9315076089648,43986
"(0.9485046203796204, 0.9565375499581746)",1,94.9314090131402,43987
"(0.8996421975992612, 0.9517433954079988)",1,94.9314050371699,43988
"(0.9027617951668586, 0.9527829893683551)",1,94.93116581571348,43989
"(0.7450665795206972, 0.9981047033236162)",3,94.93111792816306,43992
"(0.933229459603253, 0.9475111877796946)",3,94.93103862192775,43995
"(0.7394278237078451, 0.9552772808586762)",1,94.93101777415252,43996
"(0.8776804590758078, 0.9546136534133534)",1,94.9310097654314,43997
"(0.8799035686171609, 0.9498577524893316)",1,94.93099731631884,43998
"(0.8607558212871163, 0.955045504550455)",1,94.93097837952416,43999
"(0.895751096491228, 0.9740643495864882)",2,94.9309609507334,44001
"(0.8013468013468013, 1.0)",1,94.93094501622492,44002
"(0.8762664758354415, 0.9612261904761904)",1,94.93088371784864,44003
"(0.9252046422964788, 0.9579551650296714)",1,94.93083653827787,44004
"(0.8679093870946581, 0.969913169748696)",4,94.9308153465097,44008
"(0.8638578940618187, 0.9516760651629074)",3,94.930763372898,44011
"(0.9612261904761904, 0.9360538014841208)",1,94.93065707200368,44012
"(0.900532496919579, 0.969913169748696)",2,94.93050210364808,44014
"(0.8577654071075123, 0.9868055555555556)",2,94.93043518893256,44016
"(0.96, 0.95004500450045)",3,94.93041089078592,44019
"(0.9140535714285716, 0.95)",1,94.93034016371408,44020
"(0.8882535288785288, 0.9583928571428572)",1,94.930102683304,44021
"(0.6817662805944057, 0.9624656593406592)",1,94.92979852875102,44022
"(0.7423427395649618, 0.9868055555555556)",1,94.92969311908703,44023
"(0.7731381475667841, 0.9923085486991796)",1,94.9295508634491,44024
"(0.9555491383616382, 0.9432302504125708)",1,94.92949733543514,44025
"(0.8008373205741627, 0.9590069946107098)",1,94.92944929552174,44026
"(0.7662256493506494, 0.9767241379310344)",1,94.92941151240828,44027
"(0.8459679855028692, 0.9774943735933984)",2,94.92933435383117,44029
"(0.8887419165196943, 0.9734722222222224)",1,94.92920614916184,44030
"(0.944540304191448, 0.9485046203796204)",1,94.9291694567122,44031
"(0.8665939529220779, 0.9555491383616382)",1,94.9290461812182,44032
"(0.8489948371838136, 0.96004600460046)",1,94.9290171974331,44033
"(0.7232797675460064, 0.965497521921464)",1,94.92901117911812,44034
"(0.8851996527777777, 0.9576029606661498)",3,94.9289984045186,44037
"(0.7962233504512917, 0.9868055555555556)",1,94.92899351421228,44038
"(0.9274482758620688, 0.9767241379310344)",1,94.928955091883,44039
"(0.5173322840842022, 0.9380552220888356)",1,94.9286959414703,44040
"(0.8531211750305999, 0.9774943735933984)",1,94.92862177778731,44041
"(0.9292873482399696, 0.9725185955015035)",1,94.9284350010176,44042
"(0.9315535929345644, 0.9526018354129678)",3,94.92838983929327,44045
"(0.6782946827273069, 0.9868055555555556)",1,94.9283870208368,44046
"(0.9142857142857144, 0.944540304191448)",1,94.92837860875214,44047
"(0.9111616775696132, 0.952503401360544)",1,94.92836700868122,44048
"(0.9428823795600112, 0.9913490623109498)",1,94.92813593433397,44049
"(0.8956505897276728, 0.9541309523809522)",2,94.9281218490054,44051
"(0.8407589540630476, 0.9667712327175554)",1,94.9281002858128,44052
"(0.8601973684210527, 0.965842583177692)",1,94.92807631300862,44053
"(0.8604651162790697, 0.9662727157199136)",1,94.92801856902676,44054
"(0.9003322259136212, 0.9552772808586762)",1,94.92793029125522,44055
"(0.7325581395348837, 0.9667774086378738)",1,94.92789329848335,44056
"(0.9245524296675192, 0.947600710159786)",2,94.92774288395786,44058
"(0.9090630853183156, 0.9739971730355862)",1,94.92764763360418,44059
"(0.8831509426561547, 0.9648977033360302)",1,94.92762595092944,44060
"(0.9360538014841208, 0.9612261904761904)",1,94.92760502346066,44061
"(0.9020844965568584, 0.9535924585381664)",1,94.9275996099277,44062
"(0.8221900156455976, 0.9708417605914756)",1,94.92735232789084,44063
"(0.8650226969848408, 0.9583928571428572)",1,94.9271865731278,44064
"(0.710494931425164, 0.9550387596899224)",1,94.92713577026176,44065
"(0.9476776665722468, 0.9535924585381664)",1,94.92705926489494,44066
"(0.8475024586783413, 0.9652297777949396)",1,94.92704744097456,44067
"(0.9220534262485482, 0.952503401360544)",1,94.9270404195737,44068
"(0.7475597975469142, 0.9922948872072632)",2,94.92679091688004,44070
"(0.8584826026686493, 0.9463327370304114)",1,94.92658380681227,44071
"(0.9445350241545892, 1.0)",1,94.92645356348709,44072
"(0.7943722943722945, 0.9557291666666669)",1,94.92639661433994,44073
"(0.9122449314178318, 0.969913169748696)",1,94.92638237288692,44074
"(0.9886710239651416, 0.9847494553376906)",1,94.92611427049604,44075
"(0.7074854651162791, 0.9550387596899224)",2,94.92608906764896,44077
"(0.8418571428571429, 0.9543257389162564)",1,94.92605606519446,44078
"(0.8446691176470589, 0.9516258530710558)",1,94.92604600809818,44079
"(0.8240047299960582, 0.9552772808586762)",1,94.9259863273925,44080
"(0.7835917312661498, 0.9767441860465116)",1,94.92564888645732,44081
"(0.9696969696969696, 1.0)",1,94.92561007991556,44082
"(0.8853132832080202, 0.9740643495864882)",3,94.92560267211137,44085
"(0.9247241379310346, 0.9754464285714284)",1,94.92557060113282,44086
"(0.7868638623713392, 0.9517433954079988)",3,94.92518471271156,44089
"(0.794285714285714, 0.9667774086378738)",1,94.9251814311948,44090
"(0.8610871647509578, 0.9647321428571428)",1,94.92505900889778,44091
"(0.7531157108158522, 0.9926312095531395)",3,94.92497403552466,44094
"(0.9431541308232912, 0.9519059481326966)",1,94.92479003686464,44095
"(0.8489948371838136, 0.9611528822055138)",1,94.92472660180646,44096
"(0.8240047299960582, 0.9552772808586762)",1,94.924717530106,44097
"(0.9005147621883774, 0.9574505911522484)",1,94.92471017091523,44098
"(0.9433680972830336, 0.944540304191448)",1,94.92469807104986,44099
"(0.8190189403857904, 0.965842583177692)",1,94.92453140997678,44100
"(0.9541309523809522, 0.9657079385975222)",1,94.9243762150454,44101
"(0.84183367343242, 0.9932176114675058)",2,94.92434406323656,44103
"(0.7793597074726728, 0.9648977033360302)",1,94.92427249997604,44104
"(0.863200629779577, 0.9740643495864882)",1,94.92419804731848,44105
"(0.8446691176470589, 0.9484080262531626)",1,94.92414392024688,44106
"(0.930071105365223, 0.9696381743256742)",1,94.9240466598156,44107
"(0.8888888888888888, 1.0)",1,94.92399912143723,44108
"(0.8466433806991083, 0.9561403508771932)",1,94.92395300924872,44109
"(0.4896538918597742, 0.9866666666666666)",1,94.92391754535006,44110
"(0.6106301939058171, 0.969913169748696)",3,94.9238544453203,44113
"(0.8179251985756162, 0.9604697507658034)",1,94.92383011206228,44114
"(0.9925925925925926, 0.996078431372549)",1,94.92357587251112,44115
"(0.927910199556541, 0.9586520604621642)",1,94.92342782449305,44116
"(0.8584326321395287, 0.9426994258113802)",1,94.92335266560282,44117
"(0.7885435936143402, 0.9913490623109498)",1,94.92317062234784,44118
"(0.9724618736383442, 0.996078431372549)",4,94.92308486700009,44122
"(0.917509305210918, 0.9767241379310344)",1,94.92249206492284,44123
"(0.8483430799220273, 0.956140350877193)",1,94.9224920137961,44124
"(0.8663406611415462, 0.9463234342650104)",1,94.9223706980228,44125
"(0.8007295941632466, 0.9774943735933984)",1,94.9219811845568,44126
"(0.7835917312661498, 0.9546136534133534)",1,94.92183705865612,44127
"(0.9290099096728932, 0.9537087912087912)",1,94.92176150828008,44128
"(0.9135802469135802, 1.0)",1,94.9217446367489,44129
"(0.7984342752133672, 0.9905145221098948)",1,94.92159481693488,44130
"(0.8255047951711248, 0.9663919763042904)",1,94.921583573214,44131
"(0.8737236721611722, 0.9537087912087912)",1,94.9215565038692,44132
"(0.7074854651162791, 0.9667774086378738)",1,94.92139465644657,44133
"(0.7562789357770642, 0.9516760651629074)",2,94.92132198789064,44135
"(0.8038422649140545, 0.9563953488372092)",1,94.92111225370404,44136
"(0.9428823795600112, 0.9913490623109498)",1,94.92086505629976,44137
"(0.8665730967886818, 0.9574505911522484)",3,94.92074597403116,44140
"(0.8552672227371022, 0.9577861163227016)",1,94.92055448324268,44141
"(0.8590498776009793, 0.9667774086378738)",1,94.9205338322822,44142
"(0.9460618398175734, 0.9571428571428572)",1,94.92050239822974,44143
"(0.8898792718668495, 0.9466077880369328)",1,94.92048621468652,44144
"(0.8552672227371022, 0.9576029606661498)",1,94.9204727157852,44145
"(0.8275809031622985, 1.0)",1,94.9203826108294,44146
"(0.8221900156455976, 0.9723576598855562)",1,94.9203751512299,44147
"(0.8319805194805194, 0.9507857142857142)",1,94.92032325758105,44148
"(0.7823464912280702, 0.9651951748860688)",1,94.92027132444156,44149
"(0.906765625, 0.9767241379310344)",1,94.92024516322022,44150
"(0.7777057245080501, 0.9563953488372092)",1,94.92014916557478,44151
"(0.8608609979240738, 0.961770130454341)",1,94.91997037414512,44152
"(0.8908246225319396, 0.9612261904761904)",1,94.91984646747484,44153
"(0.92834931896816, 0.9563953488372092)",1,94.91958129628568,44154
"(0.962912087912088, 0.9647321428571428)",1,94.91948842822906,44155
"(0.9841269841269842, 1.0)",1,94.91947496947498,44156
"(0.794853421848428, 0.9954475653879086)",2,94.91947284216675,44158
"(0.7852358564041998, 0.9992431021625652)",1,94.91941665006908,44159
"(0.7973166368515204, 0.9774943735933984)",1,94.91935606337216,44160
"(0.5497196036274429, 0.971929211038088)",1,94.91935578322084,44161
"(0.851044736028131, 0.9472634640194172)",1,94.9192340101901,44162
"(0.9647217861503576, 0.9460618398175734)",2,94.91916962456612,44164
"(0.6790332474543002, 0.9692634363686996)",1,94.91883030461416,44165
"(0.7913826015816743, 0.956140350877193)",1,94.91863309745196,44166
"(0.8240047299960582, 0.9442212381594768)",1,94.918619176547,44167
"(0.8170400723750731, 0.9774943735933984)",1,94.9185502220782,44168
"(0.8956505897276728, 0.9565375499581746)",3,94.91851416459316,44171
"(0.9060206664893564, 0.9782702035744222)",1,94.918463315896,44172
"(0.7581943345018658, 0.9647631108878568)",1,94.91841883905654,44173
"(0.9005147621883774, 0.9541309523809522)",1,94.91790562703488,44174
"(0.8729235880398671, 0.9774943735933984)",1,94.91788594863424,44175
"(0.8420816654009687, 0.9737148229943366)",2,94.9178273812391,44177
"(0.8157493041213971, 0.9767441860465116)",1,94.91749986257096,44178
"(0.9133939644481192, 0.9577861163227016)",3,94.91741661860262,44181
"(0.9612261904761904, 0.935479353031535)",1,94.91720739461245,44182
"(0.8518518518518519, 1.0)",1,94.91718137149108,44183
"(0.8837209302325582, 0.9563953488372092)",1,94.91715315047094,44184
"(0.8970155460303243, 0.9574505911522484)",1,94.91712225401685,44185
"(0.8942415173616616, 0.9541309523809522)",4,94.9169868609046,44189
"(0.9526018354129678, 0.9551820728291316)",1,94.91690065105618,44190
"(0.8553659393869447, 0.9552772808586762)",1,94.91682323169871,44191
"(0.8762664758354415, 0.9719867434153148)",1,94.91675554386592,44192
"(0.8448736477904788, 1.0)",2,94.91673542765614,44194
"(0.9526018354129678, 0.9477798624140088)",1,94.91664766680782,44195
"(0.9647217861503576, 0.941733479105928)",1,94.9165730557058,44196
"(0.4109146859083192, 0.9701821639475527)",1,94.91653654070474,44197
"(0.9090909090909092, 0.950721153846154)",1,94.9164323426222,44198
"(0.7574629741006653, 0.9700181133986112)",2,94.91638875664243,44200
"(0.8209663503019846, 0.96004600460046)",1,94.9163084705819,44201
"(0.9318646435925092, 0.9645607615220874)",1,94.9162853177656,44202
"(0.8683686913500577, 0.953054992365648)",1,94.91619186477996,44203
"(0.7250947417145504, 0.991229010511449)",1,94.91610170480628,44204
"(0.905151943324208, 0.9537087912087912)",1,94.91607040105366,44205
"(0.8259661835748793, 0.9615343915343916)",1,94.91605612382436,44206
"(0.7413014722797331, 0.9866666666666666)",1,94.91596519776478,44207
"(0.8501293103448276, 0.9507857142857142)",1,94.91579573440994,44208
"(0.9855521155830752, 0.8523385488875684)",1,94.91576144991558,44209
"(0.8006272988627237, 0.9565375499581746)",1,94.91567538454755,44210
"(0.877599715099715, 0.9868055555555556)",1,94.91564813105126,44211
"(0.9840686274509804, 0.7955092527867192)",1,94.91564442770004,44212
"(0.9571428571428572, 0.9495131982526256)",1,94.91543772432787,44213
"(0.8642588614393125, 0.9473684210526316)",3,94.91530774185578,44216
"(0.95004500450045, 0.9526018354129678)",1,94.91518335895856,44217
"(0.8250479193421631, 0.9939293506780458)",1,94.91491841038427,44218
"(0.9595374149659864, 0.9574505911522484)",1,94.91479944432604,44219
"(0.8942415173616616, 0.9541309523809522)",1,94.9146673441676,44220
"(0.925, 0.9507857142857142)",1,94.91464873388176,44221
"(0.8327485380116959, 0.9484405379303888)",1,94.91444460233404,44222
"(0.8008373205741627, 0.9651951748860688)",1,94.91443129649052,44223
"(0.8726622214994307, 0.9546136534133534)",1,94.9143426940167,44224
"(0.9131805896603988, 0.9536603951379308)",1,94.91425197332552,44225
"(0.8502024291497975, 0.9577759872287582)",1,94.91424147717788,44226
"(0.8703288070923577, 0.9607371794871794)",1,94.9141971987483,44227
"(0.8879227227021343, 0.9673070295894458)",1,94.91403333316428,44228
"(0.7843310535618229, 0.9576029606661498)",3,94.91393165065796,44231
"(0.910986505586216, 0.9563260001856492)",1,94.91380450587098,44232
"(0.9360538014841208, 0.9537087912087912)",1,94.91365292202693,44233
"(0.9571395713710704, 0.9586520604621642)",1,94.91361625227502,44234
"(0.8240047299960582, 0.9552772808586762)",1,94.91337339194378,44235
"(0.9020844965568584, 0.947860476880274)",1,94.91335076540165,44236
"(0.7468070282672052, 0.9667385094983452)",1,94.91301172771242,44237
"(0.9577861163227016, 0.947191237061602)",2,94.91295880295505,44239
"(0.9426994258113802, 0.9606447334368527)",1,94.91292231995212,44240
"(0.7113743362255143, 0.9743757046605824)",1,94.91283608805588,44241
"(0.8511627906976744, 0.9774943735933984)",1,94.91266415278858,44242
"(0.915619658119658, 0.9868055555555556)",1,94.91264302824872,44243
"(0.7105621431708389, 0.9748677248677248)",2,94.91251133973984,44245
"(0.9333333333333332, 0.9841269841269842)",1,94.91232518562896,44246
"(0.8975847069597069, 0.9665714285714284)",1,94.91231225497629,44247
"(0.9179206566347468, 0.9463327370304114)",1,94.91219112119455,44248
"(0.96, 0.94004400440044)",1,94.91216423845005,44249
"(0.9333333333333332, 0.9841269841269842)",1,94.9121138121139,44250
"(0.9135802469135802, 1.0)",1,94.91203473527102,44251
"(0.944540304191448, 0.9579551650296714)",1,94.9120265829363,44252
"(0.6851810692271219, 0.9528092667566352)",1,94.9119927010394,44253
"(0.9211400121926436, 0.9499194985912254)",1,94.91184446625608,44254
"(0.8837209302325582, 0.9667774086378738)",1,94.9115757968148,44255
"(0.8621651785714286, 0.9612261904761904)",2,94.91149798176907,44257
"(0.5173322840842022, 0.9473039215686276)",1,94.91143364080057,44258
"(0.8454641178007053, 0.9560805836777236)",3,94.91142794839108,44261
"(0.7780910609857978, 0.9610152916073968)",1,94.91138973810808,44262
"(0.7959305979857629, 0.9767441860465116)",1,94.91135725900152,44263
"(0.8756479140328698, 0.9571428571428572)",1,94.9112935114733,44264
"(0.865084633255891, 0.9554098688819938)",4,94.91121494606185,44268
"(0.8276134122287968, 0.9633995037220844)",1,94.91107211662704,44269
"(0.8570175438596492, 0.9615343915343916)",2,94.91101104927765,44271
"(0.8089966546643172, 0.955)",1,94.9109362427126,44272
"(0.9565217391304348, 1.0)",1,94.9108507434595,44273
"(0.8138874207188161, 0.9552772808586762)",1,94.9106786786421,44274
"(0.9721176108033788, 0.9463234342650104)",1,94.91066315065548,44275
"(0.8692635658914728, 0.9774943735933984)",1,94.91060274542524,44276
"(0.8248478701825558, 0.9507857142857142)",1,94.91053123375578,44277
"(0.8157493041213971, 0.9546136534133534)",1,94.91038574185605,44278
"(0.8072002923976609, 0.969913169748696)",1,94.91028578100207,44279
"(0.9003322259136212, 0.9774943735933984)",1,94.91022024388224,44280
"(0.8786897800055695, 0.9658154816997468)",1,94.9102111380802,44281
"(0.8704970635597233, 0.9748677248677248)",1,94.91012615864796,44282
"(0.9841269841269842, 1.0)",1,94.90976511342645,44283
"(0.9263477887938646, 0.9551820728291316)",1,94.90959615331008,44284
"(0.9247241379310346, 0.9754464285714284)",1,94.90956598561073,44285
"(0.9247680199941508, 0.9541309523809522)",3,94.90936656900124,44288
"(0.8169877890790815, 0.9554098688819938)",3,94.90931490578282,44291
"(0.9348875393612236, 0.9782702035744222)",3,94.90928802696808,44294
"(0.8498740201567748, 0.9473684210526316)",3,94.909258884081,44297
"(0.9498577524893316, 0.9612261904761904)",3,94.90911120694145,44300
"(0.8089966546643172, 0.9551820728291316)",1,94.90883127415609,44301
"(0.9405634236453204, 0.9754464285714284)",1,94.90878956691952,44302
"(0.9235874607931364, 0.9537087912087912)",1,94.90877200636056,44303
"(0.5325520833333333, 0.9525113127828196)",3,94.9086474037817,44306
"(0.8145283446018057, 0.9984848484848484)",3,94.90863216697949,44309
"(0.7862870890136328, 0.9563953488372092)",1,94.90859000830292,44310
"(0.8473280554181098, 0.9463327370304114)",1,94.90847057655084,44311
"(0.8873089983022072, 0.9577861163227016)",3,94.90828443031955,44314
"(0.8641433305377707, 0.9648977033360302)",1,94.90828109782224,44315
"(0.8837209302325582, 0.9774943735933984)",1,94.90817923875258,44316
"(0.8925438596491229, 0.94745682548523)",3,94.9080975936284,44319
"(0.8247203796730593, 0.9601840736294516)",2,94.90806790442092,44321
"(0.9115865496621884, 0.9516258530710558)",1,94.90806250418342,44322
"(0.8745595489781537, 0.9552772808586762)",1,94.90799814835384,44323
"(0.9312094155844156, 0.962604085919332)",1,94.9078072892856,44324
"(0.8257672120953371, 0.9988719512195122)",1,94.90777880036136,44325
"(0.9131182795698924, 0.9767241379310344)",1,94.90751232705976,44326
"(0.8280134513079191, 0.9475111877796946)",1,94.90741129443768,44327
"(0.900532496919579, 0.9651951748860688)",1,94.90713576714208,44328
"(0.8602450419527078, 0.9563260001856492)",3,94.9070607643495,44331
"(0.9495131982526256, 0.9495131982526256)",1,94.90692308479206,44332
"(0.8101851851851852, 0.9788110478899952)",1,94.9068031710072,44333
"(0.8495620604952712, 0.965296050414966)",1,94.90677903049342,44334
"(0.8759722222222223, 0.9759093915343916)",1,94.90668755628889,44335
"(0.817921124237354, 0.9958307291666668)",3,94.90657934786486,44338
"(0.8209663503019846, 0.960414372935642)",1,94.90653117741763,44339
"(0.8996421975992612, 0.9692634363686996)",1,94.90638528814524,44340
"(0.9035087719298246, 0.9825319426526432)",1,94.90631977835508,44341
"(0.879400973119566, 0.9565375499581746)",2,94.9063131168718,44343
"(0.9196428571428572, 0.9543257389162564)",1,94.90617970099244,44344
"(0.920419153009064, 0.9658154816997468)",2,94.9057913661672,44346
"(0.8473280554181098, 0.9463327370304114)",1,94.9057869974586,44347
"(0.91775, 0.9507857142857142)",1,94.90578588412724,44348
"(0.9667774086378738, 0.9774943735933984)",2,94.9056625879382,44350
"(0.8753306878306878, 0.9868055555555556)",1,94.90554750467666,44351
"(0.6604516341358445, 0.9747439067467324)",1,94.90551584161992,44352
"(0.8680075424261471, 0.9563953488372092)",1,94.90551536578693,44353
"(0.9538729657213072, 0.9433978807084348)",1,94.90544815593898,44354
"(0.8778976239800449, 0.9498577524893316)",1,94.90535120960712,44355
"(0.8942415173616616, 0.9579551650296714)",1,94.90534601482383,44356
"(0.8716683535762482, 0.9648977033360302)",1,94.90527373566208,44357
"(0.8209663503019846, 0.96004600460046)",1,94.90526991196047,44358
"(0.8319664902998236, 1.0)",2,94.90496586628927,44360
"(0.9595374149659864, 0.9571428571428572)",1,94.90487410853454,44361
"(0.7319111444111444, 0.9868055555555556)",1,94.90484437455908,44362
"(0.9561403508771932, 0.9377736085053158)",1,94.9047794336121,44363
"(0.8550037728730429, 0.9563260001856492)",3,94.90476895850274,44366
"(0.8157493041213971, 0.965497521921464)",1,94.90476384729968,44367
"(0.8956505897276728, 0.9579551650296714)",1,94.90471410454172,44368
"(0.8731196908559524, 0.9472634640194172)",3,94.90448481989574,44371
"(0.8764705882352941, 0.9569461827284104)",1,94.9044301272324,44372
"(0.8603013429413692, 0.9527829893683551)",1,94.90439366221466,44373
"(0.8720649550142637, 0.95474577471438)",1,94.90437908663093,44374
"(0.8515416147530508, 0.9690425989179888)",2,94.9043444367082,44376
"(0.7267138752052544, 0.9754464285714284)",1,94.90431806734424,44377
"(0.6982081585970262, 0.9552772808586762)",1,94.90423137758178,44378
"(0.8736448679839133, 0.969913169748696)",1,94.9042168252649,44379
"(0.8779083570750237, 0.9743589743589745)",1,94.90409905523823,44380
"(0.9727743378052977, 0.996078431372549)",1,94.90404237774688,44381
"(0.7240947195575144, 0.9610152916073968)",2,94.90393206890488,44383
"(0.769109999018742, 0.965497521921464)",1,94.9038849286184,44384
"(0.9011130817686992, 0.952503401360544)",1,94.90364747316096,44385
"(0.794285714285714, 0.9667774086378738)",1,94.90352854966189,44386
"(0.8778976239800449, 0.9534840838509316)",1,94.9034904404716,44387
"(0.7758602556966668, 0.9918531596088174)",1,94.90337131073896,44388
"(0.8604651162790697, 0.9775193798449612)",1,94.90317315235238,44389
"(0.8942415173616616, 0.95474577471438)",1,94.90316007199424,44390
"(0.9841269841269842, 1.0)",1,94.9031570012815,44391
"(0.7523675141216907, 0.9567984421703742)",4,94.90297917745524,44395
"(0.7472785737929731, 0.9564964624817116)",1,94.90295081277247,44396
"(0.8820043103448276, 0.9543257389162564)",1,94.90269035567124,44397
"(0.8300280681378243, 0.9868055555555556)",1,94.90267534176864,44398
"(0.9577861163227016, 0.945)",1,94.90261988722922,44399
"(0.9005147621883774, 0.9495131982526256)",1,94.90238164489978,44400
"(0.860587002096436, 0.9577861163227016)",1,94.90237117713625,44401
"(0.8263635357893571, 0.9501800720288114)",1,94.90233371049204,44402
"(0.9007910628019324, 0.9637433687002652)",2,94.9020373599665,44404
"(0.901672379478107, 0.9612261904761904)",3,94.90202685035764,44407
"(0.8204161317928969, 0.9648977033360302)",1,94.9019296526938,44408
"(0.8588198924731183, 0.9543257389162564)",1,94.90184904524205,44409
"(0.8671417195826613, 0.9667774086378738)",1,94.90179690313173,44410
"(0.9333531698462172, 0.944540304191448)",1,94.90159675256908,44411
"(0.9263477887938646, 0.96004600460046)",1,94.9015379589202,44412
"(0.7962242261245582, 0.9767441860465116)",1,94.90142589632444,44413
"(0.9192180611357128, 0.9891472868217054)",1,94.90132890839602,44414
"(0.8531211750305999, 0.9774943735933984)",1,94.90130094455232,44415
"(0.8589726631393297, 1.0)",1,94.90128126378517,44416
"(0.8776804590758078, 0.965497521921464)",1,94.90124220405568,44417
"(0.9090909090909092, 0.9461152882205514)",1,94.90120072047976,44418
"(0.8933695652173913, 0.9647321428571428)",1,94.90098694997468,44419
"(0.7412486629885762, 0.9736777748665548)",3,94.90098060549428,44422
"(0.8499336311836312, 0.9615343915343916)",1,94.90095725098762,44423
"(0.7531157108158522, 0.9945201421800948)",2,94.90093179815815,44425
"(0.9247680199941508, 0.9537087912087912)",1,94.90088753956913,44426
"(0.8169877890790815, 0.962604085919332)",1,94.90076809106394,44427
"(0.8764705882352941, 0.9473039215686276)",3,94.90075225156482,44430
"(0.6988221026049972, 0.9658154816997468)",3,94.9007483155758,44433
"(0.8779628664919334, 0.969913169748696)",4,94.90072937733014,44437
"(0.8211986139845592, 0.9965948722679036)",3,94.90063029811472,44440
"(0.9406839414771724, 0.947600710159786)",1,94.9005919552761,44441
"(0.907228074804801, 0.9615521155830752)",1,94.90056666536567,44442
"(0.9066840277777778, 0.9866666666666666)",1,94.9005320595488,44443
"(0.7531157108158522, 0.9962089064223466)",3,94.90049404907572,44446
"(0.9216927182615324, 0.9767441860465116)",1,94.9004780674363,44447
"(0.8757566103854729, 0.9553888472118032)",1,94.90031762304172,44448
"(0.8378607256856231, 0.9463327370304114)",1,94.9002030493848,44449
"(0.8503896103896105, 0.9571428571428572)",1,94.90014385583576,44450
"(0.8629629629629629, 0.9868055555555556)",1,94.89944299781877,44451
"(0.8436562420544115, 0.9541062801932368)",1,94.89942147481992,44452
"(0.8731395923480499, 0.969913169748696)",1,94.8993725944726,44453
"(0.8968384502923977, 0.9472634640194172)",1,94.8993662630381,44454
"(0.92710864283235, 0.9774943735933984)",1,94.89935315468108,44455
"(0.9090909090909092, 0.950721153846154)",1,94.8992961096251,44456
"(0.9008392857142858, 0.9507857142857142)",2,94.89924457533512,44458
"(0.8745595489781537, 0.9552772808586762)",1,94.89914656827231,44459
"(0.8708731355790179, 0.9729166666666668)",1,94.89867457819098,44460
"(0.96004600460046, 0.9475111877796946)",3,94.89856937632833,44463
"(0.5229946524064171, 0.9473039215686276)",1,94.89854579302036,44464
"(0.906765625, 0.9767241379310344)",1,94.89851635479368,44465
"(0.5779361378128867, 0.9707309941520468)",1,94.89848124179152,44466
"(0.8065179582561031, 0.9726404671502952)",1,94.89840200754726,44467
"(0.8506610592447548, 0.9649122807017544)",6,94.89840127751768,44473
"(0.6154969766967865, 0.955)",3,94.89837107350677,44476
"(0.7455997034462181, 0.9729177980602646)",2,94.898259498907,44478
"(0.8206821478088081, 0.9996213816771112)",3,94.89816146669165,44481
"(0.9033119658119656, 0.9506818181818182)",1,94.8979665003095,44482
"(0.8025730007238067, 0.9679056043697984)",2,94.8979655272107,44484
"(0.8831064306064307, 1.0)",2,94.89785188947566,44486
"(0.8080448869922554, 0.9605856647968066)",1,94.89783502835547,44487
"(0.9114583333333336, 0.9526018354129678)",3,94.89780039833568,44490
"(0.8716683535762482, 0.9694279341856143)",1,94.89769115780824,44491
"(0.9523809523809524, 1.0)",2,94.89762096491988,44493
"(0.8483812129502963, 0.9767441860465116)",1,94.89747179241792,44494
"(0.9516258530710558, 0.9454008607746972)",1,94.89746403623413,44495
"(0.8679401993355481, 0.9563953488372092)",1,94.89737824040012,44496
"(0.876818777829583, 0.9692634363686996)",2,94.89734417707028,44498
"(0.8090246089662745, 0.9992431021625652)",3,94.89727393420108,44501
"(0.9563063063063064, 0.9688819909986466)",1,94.89725425861732,44502
"(0.8305244327276152, 0.9774943735933984)",1,94.89712706934064,44503
"(0.8375522452041583, 0.965497521921464)",1,94.89701742409125,44504
"(0.832449494949495, 0.938374125874126)",1,94.89686299010812,44505
"(0.9498577524893316, 0.9650363879165252)",2,94.8967871119128,44507
"(0.8500055114638447, 0.9506818181818182)",1,94.8967773276962,44508
"(0.8778976239800449, 0.9574505911522484)",1,94.89671275517703,44509
"(0.8786624050523235, 0.9535924585381664)",1,94.89665497319584,44510
"(0.9001409893736627, 0.9535924585381664)",1,94.89662501633651,44511
"(0.7959305979857629, 0.9546136534133534)",1,94.89660586921325,44512
"(0.7959305979857629, 0.965497521921464)",1,94.8964988634288,44513
"(0.8544840720221607, 0.9651951748860688)",1,94.89639960937048,44514
"(0.9391627846790888, 0.9565375499581746)",1,94.8960781455846,44515
"(0.9534840838509316, 0.9608348284368692)",1,94.89568260414718,44516
"(0.875402576489533, 0.9541062801932368)",2,94.89563374137704,44518
"(0.4714769745369931, 0.9787535236357044)",1,94.89533358587512,44519
"(0.9211733564648176, 0.9568870566527607)",1,94.89530168107233,44520
"(0.9541062801932368, 0.9734722222222224)",1,94.89526615320644,44521
"(0.9503404207824095, 0.9590584415584414)",2,94.89516458128313,44523
"(0.8287365047233469, 0.9658154816997468)",1,94.89504926441286,44524
"(0.8664772536511667, 0.974168202971183)",1,94.89495802847128,44525
"(0.9503404207824095, 0.9565375499581746)",1,94.89490253019925,44526
"(0.8247203796730593, 0.96004600460046)",1,94.89486555051928,44527
"(0.5281045751633987, 0.9380552220888356)",1,94.89470201673188,44528
"(0.8439484126984128, 1.0)",1,94.89448852231368,44529
"(0.7074854651162791, 0.9774943735933984)",1,94.89448079851007,44530
"(0.8255813953488372, 0.9774943735933984)",2,94.8944298600512,44532
"(0.8537607374816678, 0.9464496874824032)",1,94.89437674455009,44533
"(0.7871690388735844, 0.9988719512195122)",3,94.89435940855306,44536
"(0.9333531698462172, 0.9541309523809522)",1,94.89413316688297,44537
"(0.8827674567584882, 0.9555491383616382)",2,94.8940677048082,44539
"(0.8567335484304631, 0.9432195353247984)",2,94.89405978812664,44541
"(0.952503401360544, 0.9595374149659864)",1,94.89405690395203,44542
"(0.8896310286935287, 0.9574505911522484)",1,94.89393909861656,44543
"(0.7325581395348837, 0.9667774086378738)",1,94.89389106192507,44544
"(0.8576356621891807, 0.9527829893683551)",1,94.89384856248468,44545
"(0.9365750528541228, 0.9365750528541228)",1,94.89378354203949,44546
"(0.9196428571428572, 0.9647321428571428)",1,94.89375018650055,44547
"(0.7978533094812165, 0.9767441860465116)",1,94.8936664616445,44548
"(0.6782946827273069, 0.9868055555555556)",1,94.8934226060232,44549
"(0.9005147621883774, 0.9541309523809522)",1,94.89314629747192,44550
"(0.743708721419064, 0.9698360732035674)",1,94.89289186867695,44551
"(0.7241205259313368, 0.9753724748134752)",3,94.89287703820636,44554
"(0.7232797675460064, 0.9885627144491042)",1,94.89286043248056,44555
"(0.8255813953488372, 0.9774943735933984)",1,94.89276670971468,44556
"(0.905151943324208, 0.95474577471438)",1,94.89264708756087,44557
"(0.8569104506604507, 0.9868055555555556)",1,94.89264146207404,44558
"(0.9354509320175438, 0.9780571219715956)",1,94.89261535368227,44559
"(0.9557291666666669, 0.9580611248779756)",2,94.8925651367144,44561
"(0.8887463343108504, 0.9506818181818182)",1,94.89251946888858,44562
"(0.8601973684210527, 0.9737148229943366)",1,94.89248784575284,44563
"(0.8814236111111111, 0.9866666666666666)",1,94.8922942948311,44564
"(0.9078178834366952, 0.9463234342650104)",1,94.8922097817606,44565
"(0.8986318234610918, 0.9612261904761904)",1,94.89215024389826,44566
"(0.899997244510117, 0.9707309941520468)",1,94.89214977050368,44567
"(0.8897732810238289, 0.9715186341135926)",1,94.8921482099122,44568
"(0.9432302504125708, 0.9476776665722468)",2,94.89209430130164,44570
"(0.9647217861503576, 0.941733479105928)",1,94.89203982273524,44571
"(0.952503401360544, 0.9464079225584776)",1,94.89195232348868,44572
"(0.8896920175989945, 0.950721153846154)",1,94.89185535861516,44573
"(0.8898792718668495, 0.9575114377859448)",1,94.89175800333544,44574
"(0.9618138828565136, 0.9574505911522484)",1,94.89173687580686,44575
"(0.8915343915343915, 0.9748677248677248)",1,94.89168325215584,44576
"(0.8218375712415833, 0.9560805836777236)",1,94.89167093908092,44577
"(0.8490492285760273, 0.956140350877193)",1,94.89158056919256,44578
"(0.7547562359331114, 0.9661434863598448)",2,94.8915643601842,44580
"(0.8705805822084891, 0.9892665474060824)",1,94.89154518918072,44581
"(0.8759722222222223, 0.9647321428571428)",1,94.89148528312374,44582
"(0.9721176108033788, 0.9571428571428572)",1,94.89131745871528,44583
"(0.7795420040485829, 0.9658154816997468)",1,94.89130376407964,44584
"(0.8769958847736625, 0.9506818181818182)",1,94.89128427854575,44585
"(0.8924167302313756, 0.969913169748696)",1,94.89124730331108,44586
"(0.7672419572552083, 0.9689685679211438)",1,94.89120724088946,44587
"(0.9310828877005348, 0.9750869028930254)",1,94.8910047158434,44588
"(0.8424947145877378, 0.9667774086378738)",1,94.89098289779592,44589
"(0.8434846806939831, 0.9667774086378738)",1,94.8909529018067,44590
"(0.9092261904761906, 0.9734722222222224)",2,94.89093929634522,44592
"(0.8398027589298449, 0.9516760651629074)",2,94.89088420973049,44594
"(0.8765565134099617, 0.9722222222222222)",1,94.89086982533752,44595
"(0.822891947476665, 0.9463327370304114)",1,94.89084443917643,44596
"(0.9426994258113802, 0.9650363879165252)",1,94.8907898353573,44597
"(0.8873002904865649, 1.0)",1,94.89074019057676,44598
"(0.7566647759500852, 0.9534883720930232)",1,94.8905784842526,44599
"(0.9393939393939392, 0.935043504350435)",1,94.89057189609424,44600
"(0.986574074074074, 0.9583928571428572)",1,94.89049687699772,44601
"(0.7843310535618229, 0.96004600460046)",1,94.89033585915332,44602
"(0.8970155460303243, 0.9498577524893316)",1,94.889979801262,44603
"(0.9047558922558924, 0.9868055555555556)",2,94.88993150550246,44605
"(0.942599584906604, 0.9584283173426188)",1,94.8899146384494,44606
"(0.9557291666666669, 0.9584283173426188)",1,94.88989422639834,44607
"(0.9551820728291316, 0.960414372935642)",1,94.88982821804916,44608
"(0.8301624660847962, 0.9504053648283456)",1,94.88977080758116,44609
"(0.8638474025974026, 0.9498577524893316)",1,94.88976443341772,44610
"(0.8282276376611791, 0.9658154816997468)",1,94.88974596430144,44611
"(0.9399404761904762, 0.9586520604621642)",1,94.88974331373468,44612
"(0.8956505897276728, 0.952064553093965)",1,94.88973393014211,44613
"(0.9386363636363636, 0.9637433687002652)",1,94.88972571557896,44614
"(0.9466207660652104, 1.0)",1,94.88970448245628,44615
"(0.8720649550142637, 0.9555491383616382)",1,94.88935724789287,44616
"(0.9495131982526256, 0.9705862533692722)",1,94.88926878311968,44617
"(0.8864832156597472, 0.9571428571428572)",1,94.88926462903306,44618
"(0.8952675231745, 0.9463327370304114)",1,94.8892120623366,44619
"(0.8901450053705692, 0.9737148229943366)",1,94.88907267499503,44620
"(0.8803770478529594, 0.9612261904761904)",1,94.88904281094534,44621
"(0.8975847069597069, 0.9565375499581746)",1,94.8889555648824,44622
"(0.9185609025397424, 0.9541309523809522)",3,94.88869488360602,44625
"(0.7913531453472169, 0.9576029606661498)",1,94.88847764950806,44626
"(0.824685190402913, 0.9667774086378738)",1,94.88847350377743,44627
"(0.9426994258113802, 0.9606447334368527)",2,94.88842644617466,44629
"(0.9351600241545894, 0.9868055555555556)",2,94.88837253597444,44631
"(0.8731395923480499, 0.9651951748860688)",1,94.88827477076627,44632
"(0.632790388378952, 0.9625518762969074)",1,94.88823824281673,44633
"(0.9185609025397424, 0.9541309523809522)",2,94.88822524157824,44635
"(0.7869886131820035, 0.9563953488372092)",1,94.88819231353312,44636
"(0.8851067942942943, 0.9721670056103148)",1,94.88810320380742,44637
"(0.822891947476665, 0.9463327370304114)",1,94.88809427225505,44638
"(0.8640855268762245, 0.9552772808586762)",1,94.88803797934604,44639
"(0.9565375499581746, 0.9665714285714284)",1,94.8880147330874,44640
"(0.9207717569786537, 0.9401760704281712)",1,94.88795674474252,44641
"(0.8498740201567748, 0.9658154816997468)",1,94.88777521100144,44642
"(0.8487161531279178, 0.9615343915343916)",1,94.88771462187222,44643
"(0.6986695539078652, 0.9996213816771112)",3,94.887708672874,44646
"(0.9541309523809522, 0.9432302504125708)",1,94.88762201876528,44647
"(0.8714817270851754, 0.9541062801932368)",2,94.88755968744316,44649
"(0.9538729657213072, 0.9435931041435628)",1,94.88749504384612,44650
"(0.7589641294346541, 0.9774943735933984)",1,94.88747990139352,44651
"(0.8804026684717579, 0.96573143542398)",1,94.88745306910762,44652
"(0.9135802469135802, 1.0)",1,94.88737164435572,44653
"(0.8392857142857143, 0.9522158577027434)",1,94.88733869810656,44654
"(0.8893558268973552, 1.0)",1,94.88730418927634,44655
"(0.9696969696969696, 1.0)",1,94.8871408799264,44656
"(0.8686688472593915, 0.9658154816997468)",1,94.8869989786714,44657
"(0.8887706043956044, 0.9767241379310344)",1,94.88696313405732,44658
"(0.938570380142761, 0.95474577471438)",1,94.88693487225048,44659
"(0.9498577524893316, 0.9645607615220874)",1,94.8868478942865,44660
"(0.7956776428149589, 0.9550387596899224)",2,94.88680857045826,44662
"(0.8956505897276728, 0.9688819909986466)",1,94.8867812430564,44663
"(0.8734188796633044, 0.9651951748860688)",3,94.88673402534832,44666
"(0.8934788078409844, 0.9694279341856143)",3,94.88660513385678,44669
"(0.9504053648283456, 0.9451780712284916)",1,94.88657889547908,44670
"(0.8975847069597069, 0.9565375499581746)",1,94.88648954771536,44671
"(0.8764705882352941, 0.9670076726342712)",1,94.88648319170976,44672
"(0.8360894525677901, 0.9950645287859184)",3,94.88635297824722,44675
"(0.8271363600095747, 0.955045504550455)",1,94.88628268479114,44676
"(0.9277375201288244, 0.9601840736294516)",1,94.88614518419875,44677
"(0.860587002096436, 0.950721153846154)",1,94.8861241899122,44678
"(0.942488846547077, 0.9577081026208932)",1,94.88603994522326,44679
"(0.8743569449940641, 0.9604697507658034)",3,94.88600157456452,44682
"(0.9055383852258851, 0.9565375499581746)",3,94.885802478533,44685
"(0.8683241252302025, 0.961770130454341)",2,94.88516160271824,44687
"(0.8886775717208655, 0.9521174134660976)",1,94.88512561770254,44688
"(0.9081468615856708, 0.9473684210526316)",3,94.8850816128904,44691
"(0.8917857142857143, 0.9612261904761904)",3,94.88506120806124,44694
"(0.8604651162790697, 0.9563953488372092)",1,94.88500693246492,44695
"(0.7959305979857629, 0.9546136534133534)",1,94.88499640947126,44696
"(0.8660716819433014, 0.950721153846154)",1,94.88491991263308,44697
"(0.8798475538617097, 0.9774943735933984)",1,94.88486976615414,44698
"(0.8322259136212625, 0.9504053648283456)",1,94.88466876568415,44699
"(0.906439024390244, 0.944540304191448)",1,94.88466522502296,44700
"(0.8324556504162345, 0.950721153846154)",1,94.8845873424282,44701
"(0.8618272274988692, 0.9576029606661498)",3,94.88446824743497,44704
"(0.9027617951668586, 0.9475111877796946)",2,94.88420830232636,44706
"(0.93218671679198, 0.9612261904761904)",3,94.8841349573316,44709
"(0.9574568288854002, 0.9571428571428572)",1,94.8841065629126,44710
"(0.7761325426968481, 0.9927560614865164)",1,94.88410157963484,44711
"(0.7575476575550755, 0.9988653234591328)",3,94.88397421841476,44714
"(0.9503921568627453, 0.9773420479302832)",1,94.883958431042,44715
"(0.847123015873016, 0.9868055555555556)",1,94.883913792873,44716
"(0.927777350854274, 0.9527829893683551)",2,94.88390731778038,44718
"(0.7365451388888888, 0.9640151515151516)",1,94.88387640375088,44719
"(0.8831509426561547, 0.9648977033360302)",1,94.88374767680178,44720
"(0.9407679738562092, 0.9868055555555556)",1,94.88367762207352,44721
"(0.8469620378630193, 0.9651951748860688)",1,94.88362704027944,44722
"(0.7240947195575144, 0.9651951748860688)",1,94.88358652235756,44723
"(0.8342335356560336, 0.96004600460046)",1,94.8834663560519,44724
"(0.7646229739252995, 0.9774943735933984)",1,94.88340144578484,44725
"(0.932101534037604, 0.9679106726405144)",1,94.88303264995974,44726
"(0.8743600217864923, 0.9507857142857142)",1,94.88301989611654,44727
"(0.7524552007669335, 0.9684558546108968)",1,94.8829962903155,44728
"(0.9176086048454468, 0.952503401360544)",1,94.88286748070442,44729
"(0.9457203293797688, 0.957240478343885)",1,94.88268847913253,44730
"(0.9808278867102396, 0.996078431372549)",1,94.88263772236118,44731
"(0.9384353741496598, 0.9571395713710704)",1,94.88259113233612,44732
"(0.8378931451612903, 0.9647321428571428)",1,94.88239577332206,44733
"(0.8882535288785288, 0.9743589743589745)",1,94.88234362643666,44734
"(0.5091537254901961, 0.9625984990619136)",1,94.88223469704344,44735
"(0.8774993038150933, 0.9788110478899952)",1,94.88211807423968,44736
"(0.8643650793650794, 0.9492266992266992)",1,94.88182709394316,44737
"(0.9356971153846152, 0.9475111877796946)",2,94.88180274077246,44739
"(0.96625, 0.9624656593406592)",1,94.88179688161745,44740
"(0.814735269140319, 1.0)",3,94.88177659908504,44743
"(0.944800323176362, 0.9651951748860688)",1,94.88170511370386,44744
"(0.9481474980306196, 0.95474577471438)",1,94.88143797991144,44745
"(0.93916595083917, 0.9537087912087912)",1,94.88139838168964,44746
"(0.9557291666666669, 0.9554098688819938)",4,94.88134410958249,44750
"(0.9346399099774944, 0.9774943735933984)",1,94.88124168872388,44751
"(0.9078178834366952, 0.9571428571428572)",1,94.88113101751053,44752
"(0.946764828738513, 0.9407503339384184)",1,94.88109933473557,44753
"(0.9196428571428572, 0.9503723544973544)",1,94.88107697583982,44754
"(0.9534840838509316, 0.944540304191448)",1,94.88104698868716,44755
"(0.7079893490516607, 0.9973752164275796)",3,94.88084860292224,44758
"(0.905151943324208, 0.9608348284368692)",3,94.88074489914868,44761
"(0.8919095971175892, 0.9774943735933984)",1,94.88073113572575,44762
"(0.9230769230769232, 1.0)",1,94.88051590367826,44763
"(0.8883076259303203, 0.955045504550455)",1,94.88049304364436,44764
"(0.8251352813852814, 0.9507857142857142)",1,94.8804149474217,44765
"(0.8756479140328698, 0.9503404207824095)",1,94.88034557433414,44766
"(0.9847494553376906, 0.996078431372549)",1,94.88029427143752,44767
"(0.93218671679198, 0.9571428571428572)",1,94.88024529179114,44768
"(0.7925825464094582, 0.9782702035744222)",1,94.88015711163246,44769
"(0.8791623997269159, 0.9722222222222222)",1,94.8801304127038,44770
"(0.9464079225584776, 0.92825928025169)",2,94.88009475841024,44772
"(0.498048399687744, 0.9667774086378738)",1,94.8800707159664,44773
"(0.9020844965568584, 0.9565375499581746)",3,94.87996924575263,44776
"(0.8683241252302025, 0.9438484030589294)",1,94.8799658157387,44777
"(0.946764828738513, 0.944540304191448)",1,94.87977771607557,44778
"(0.884468024900962, 0.9507857142857142)",1,94.87967878398904,44779
"(0.8072002923976609, 0.9739630931081678)",1,94.87965253868428,44780
"(0.9081468615856708, 0.9560805836777236)",2,94.87961013685172,44782
"(0.769060874119107, 0.9829335242869076)",1,94.8794789385226,44783
"(0.8138881768037778, 0.992156862745098)",1,94.8794288794346,44784
"(0.9495131982526256, 0.9495131982526256)",1,94.87932408553532,44785
"(0.8721016904486937, 0.9753743693602378)",2,94.87930560445466,44787
"(0.9431541308232912, 0.961770130454341)",1,94.87911659609205,44788
"(0.8514810806477473, 0.9541062801932368)",2,94.87905525191252,44790
"(0.8131868131868132, 0.9561403508771932)",1,94.87905491289813,44791
"(0.879400973119566, 0.9495131982526256)",1,94.87889496977864,44792
"(0.8923633969716919, 0.9584283173426188)",1,94.87884512535572,44793
"(0.9841269841269842, 1.0)",2,94.87866039933908,44795
"(0.8783564814814815, 0.9506818181818182)",2,94.87863154044145,44797
"(0.8988571428571429, 0.9586520604621642)",1,94.87862123692756,44798
"(0.9541309523809522, 0.9508739421428176)",1,94.87859007733005,44799
"(0.9172932330827066, 1.0)",1,94.87856493628988,44800
"(0.7644790288745473, 0.9694279341856143)",1,94.87843005027548,44801
"(0.8604896273405435, 0.968581280662418)",2,94.87840060994232,44803
"(0.8221900156455976, 0.96246392591375)",1,94.87837865416408,44804
"(0.7423427395649618, 0.9868055555555556)",1,94.87833396714336,44805
"(0.9551820728291316, 0.9526018354129678)",1,94.8782966953806,44806
"(0.860587002096436, 0.9561403508771932)",2,94.87821442242593,44808
"(0.8691933668722457, 0.9563260001856492)",1,94.87811187232388,44809
"(0.946764828738513, 0.9433680972830336)",1,94.8780777175691,44810
"(0.8883928571428571, 0.9507857142857142)",1,94.87792295761577,44811
"(0.9023026315789472, 0.9754464285714284)",1,94.87789264517733,44812
"(0.8504257246376812, 0.9506818181818182)",1,94.87788285827926,44813
"(0.9071896509184342, 0.9586520604621642)",1,94.87781671317572,44814
"(0.9118986880466472, 0.9537087912087912)",2,94.87773441985364,44816
"(0.8885119047619048, 0.9734722222222224)",1,94.8775906389873,44817
"(0.8831509426561547, 0.9740643495864882)",1,94.87757711423576,44818
"(0.5861073624231519, 0.961770130454341)",1,94.87752140632116,44819
"(0.8925865800865801, 1.0)",1,94.87736343999832,44820
"(0.9565217391304348, 0.9841269841269842)",1,94.87726922115462,44821
"(0.8515416147530508, 0.9656091305815694)",1,94.8772119860408,44822
"(0.7862679955703211, 0.9546136534133534)",1,94.87717625976433,44823
"(0.8753462245347001, 0.9504053648283456)",1,94.87704777863485,44824
"(0.9803376906318084, 0.996078431372549)",1,94.8769937522619,44825
"(0.9253196022727272, 0.9574505911522484)",3,94.876880045335,44828
"(0.7967201500483234, 0.9692634363686996)",1,94.87685124732388,44829
"(0.933229459603253, 0.95)",2,94.87684789992944,44831
"(0.9565375499581746, 0.950191871620443)",1,94.87676954179352,44832
"(0.8372177118327734, 0.9658154816997468)",1,94.87674786084747,44833
"(0.8788323569411767, 0.9780571219715956)",1,94.8766778771623,44834
"(0.95536349042541, 0.9855521155830752)",1,94.87667133058332,44835
"(0.8602450419527078, 0.9563260001856492)",1,94.87658732780004,44836
"(0.9431541308232912, 0.9438484030589294)",1,94.8765696560796,44837
"(0.8320261437908496, 0.9694279341856143)",1,94.87653305532012,44838
"(0.942599584906604, 0.9538729657213072)",1,94.87650485538067,44839
"(0.8091183065965468, 0.9910948376766274)",1,94.87644385971004,44840
"(0.782596024946086, 0.9667774086378738)",1,94.87644053224923,44841
"(0.9132543103448276, 0.9647321428571428)",1,94.8762144988076,44842
"(0.8248478701825558, 0.9507857142857142)",1,94.87615628331676,44843
"(0.947866344605475, 0.95004500450045)",3,94.87611383309044,44846
"(0.8240047299960582, 0.9552772808586762)",1,94.87609830420386,44847
"(0.8763636363636363, 1.0)",1,94.875928183215,44848
"(0.9548607757926928, 0.952064553093965)",2,94.87590966073329,44850
"(0.8252189403088706, 0.9973752164275796)",3,94.87572183252216,44853
"(0.7770289069007303, 0.9977333631085306)",1,94.87551458740992,44854
"(0.9141369047619048, 0.9759093915343916)",1,94.87547476568491,44855
"(0.7505398085966807, 0.9716813706420012)",1,94.87542276819556,44856
"(0.8457082316070161, 0.938374125874126)",1,94.87541102614536,44857
"(0.8820043103448276, 0.9535098522167488)",1,94.8753677691344,44858
"(0.9302579365079364, 1.0)",1,94.87532791828596,44859
"(0.6700292397660818, 0.953831948291782)",1,94.87522530013062,44860
"(0.9008392857142858, 0.9507857142857142)",1,94.87522484838624,44861
"(0.8639328063241105, 0.9754464285714284)",1,94.87518605187422,44862
"(0.8732558430822417, 0.9527829893683551)",2,94.87502276721298,44864
"(0.9534840838509316, 0.9721176108033788)",1,94.87495824473824,44865
"(0.9495131982526256, 0.9555491383616382)",1,94.87495244890154,44866
"(0.8156616246999273, 0.9628635734072022)",1,94.87490111515127,44867
"(0.9384353741496598, 0.9574568288854002)",1,94.87489131344756,44868
"(0.9031109519831324, 0.956140350877193)",3,94.87486968548166,44871
"(0.8832069892473118, 0.9767241379310344)",2,94.87471492544977,44873
"(0.904499073566638, 0.96)",3,94.87462402112092,44876
"(0.8555313721896383, 0.9507857142857142)",1,94.87461900183337,44877
"(0.8559380045064403, 0.975679105916394)",1,94.87448204687723,44878
"(0.8434846806939831, 0.977638640429338)",1,94.87440094495652,44879
"(0.9450706646294882, 0.9574505911522484)",1,94.87430247547904,44880
"(0.7048819591261452, 0.9763897648140848)",1,94.87428181942153,44881
"(0.8190309499878695, 0.9774943735933984)",2,94.87424582668874,44883
"(0.947191237061602, 0.9525113127828196)",2,94.87406087731026,44885
"(0.5977517106549364, 0.9475111877796946)",1,94.8740257045056,44886
"(0.8533333333333333, 0.9506818181818182)",1,94.8737728321062,44887
"(0.906439024390244, 0.9574505911522484)",1,94.87364896451848,44888
"(0.8112491373360938, 1.0)",2,94.87363058367082,44890
"(0.9245524296675192, 0.9475111877796946)",1,94.87362813805272,44891
"(0.813953488372093, 0.9775193798449612)",1,94.87355228587232,44892
"(0.9611528822055138, 0.955)",1,94.87348506820862,44893
"(0.6700292397660818, 0.9747439067467324)",6,94.87341656440744,44899
"(0.8047996976568405, 0.9743589743589745)",1,94.8733762703266,44900
"(0.7682348491460825, 0.9590069946107098)",1,94.87332542151424,44901
"(0.9432302504125708, 0.9278900902053612)",1,94.87326800764244,44902
"(0.866188587122368, 0.9488577948293588)",1,94.8731068178753,44903
"(0.8316355404640634, 0.9516760651629074)",1,94.87307955277336,44904
"(0.8824013157894737, 0.9737148229943366)",1,94.87306913353471,44905
"(0.9131805896603988, 0.9727697241691128)",1,94.87297301490506,44906
"(0.8237714839022028, 0.9743589743589745)",1,94.87289833283836,44907
"(0.9536498942777852, 0.9499194985912254)",1,94.87275366370024,44908
"(0.9665714285714284, 0.9574505911522484)",1,94.87270520409804,44909
"(0.8288590711201375, 0.9632371506458972)",1,94.87257136887568,44910
"(0.8815742397137746, 0.9563953488372092)",1,94.87248835007895,44911
"(0.8584326321395287, 0.9612261904761904)",3,94.87224326966248,44914
"(0.8597992596530608, 0.9788110478899952)",1,94.87223648379896,44915
"(0.8456323768823768, 0.9615343915343916)",1,94.87209204893176,44916
"(0.8814236111111111, 0.9866666666666666)",1,94.8719942379688,44917
"(0.9584283173426188, 0.9477798624140088)",1,94.87192717561004,44918
"(0.924126984126984, 0.9525113127828196)",1,94.87184315284516,44919
"(0.8209663503019846, 0.9575114377859448)",1,94.87177017223252,44920
"(0.7797411075256854, 0.9552772808586762)",1,94.87174106009982,44921
"(0.892733134920635, 0.9748677248677248)",1,94.8715381993784,44922
"(0.7827659652601814, 0.9538729657213072)",1,94.87148826972664,44923
"(0.8857407747009801, 0.9694095827515072)",1,94.87142681374648,44924
"(0.8489948371838136, 0.9634384628873468)",1,94.87135746770008,44925
"(0.9365750528541228, 0.9552772808586762)",1,94.8713301578235,44926
"(0.9386363636363636, 0.9647321428571428)",1,94.8713268758118,44927
"(0.8714817270851754, 0.9541062801932368)",1,94.87127547891382,44928
"(0.9498577524893316, 0.9612261904761904)",3,94.87118951912804,44931
"(0.9365750528541228, 0.9774943735933984)",1,94.8711797583493,44932
"(0.8800330687830688, 0.9543257389162564)",1,94.87116876803005,44933
"(0.8307098765432097, 0.9743589743589745)",1,94.87113332657796,44934
"(0.9414843966800374, 0.9554098688819938)",3,94.8710280783832,44937
"(1.0, 1.0)",1,94.87097877830143,44938
"(0.950682393081946, 0.9606447334368527)",3,94.87096676430744,44941
"(0.7835917312661498, 0.9663919763042904)",2,94.87095072457062,44943
"(0.8668154125150273, 0.9651951748860688)",1,94.87091385357397,44944
"(0.8495727722191059, 0.9534840838509316)",1,94.87069885055448,44945
"(0.8896256684491979, 0.9178557454023738)",1,94.87033824742132,44946
"(0.7795420040485829, 0.9788110478899952)",3,94.87032508093696,44949
"(0.944800323176362, 0.9694279341856143)",1,94.8703146779509,44950
"(0.8553659393869447, 0.9552772808586762)",1,94.87023080309368,44951
"(0.9333531698462172, 0.95474577471438)",1,94.86998782871994,44952
"(0.8912382111347733, 0.9737148229943366)",1,94.86958063706824,44953
"(0.906765625, 0.9767241379310344)",1,94.86943186056642,44954
"(0.8731395923480499, 0.961770130454341)",2,94.86939377971672,44956
"(0.769940109471002, 0.9694279341856143)",3,94.86918460124092,44959
"(0.5968992248062015, 0.9552772808586762)",2,94.86913325352388,44961
"(0.8514810806477473, 0.9506818181818182)",1,94.86876784661496,44962
"(0.8375771604938271, 1.0)",1,94.86876643770115,44963
"(0.7893521376755672, 0.9507857142857142)",1,94.86870544052655,44964
"(0.9033119658119656, 0.9541062801932368)",1,94.86866280024772,44965
"(0.8641929499072356, 0.9579551650296714)",1,94.86854357189496,44966
"(0.9292873482399696, 0.9720542326243984)",1,94.86840073103842,44967
"(0.9125701913010372, 0.98711247296323)",1,94.86827168989156,44968
"(0.9027777777777778, 0.9734722222222224)",1,94.8682350069082,44969
"(0.9589484126984128, 1.0)",1,94.86806443600317,44970
"(0.9274482758620688, 0.9767241379310344)",2,94.86799030030726,44972
"(0.8252189403088706, 0.9893490444143224)",1,94.867972007302,44973
"(0.7241205259313368, 0.9737035979559588)",1,94.8677682898937,44974
"(0.944800323176362, 0.969913169748696)",3,94.86768149276968,44977
"(0.7672419572552083, 0.9693668638028468)",1,94.86758932538822,44978
"(0.901648307790549, 0.9624821937321938)",1,94.86742713777424,44979
"(0.8516967561920434, 0.9701391175944156)",1,94.86728777250524,44980
"(0.9813854489164088, 0.996078431372549)",1,94.86722184267003,44981
"(0.9087026014109348, 1.0)",1,94.86722038306333,44982
"(0.8604651162790697, 0.9667774086378738)",1,94.86720942867878,44983
"(0.9152165481577246, 0.9586520604621642)",1,94.8671914394798,44984
"(0.9002770083102493, 0.9605856647968066)",6,94.86718436314769,44990
"(0.9245524296675192, 0.9475111877796946)",3,94.86689309790977,44993
"(0.9393939393939392, 0.945044504450445)",1,94.86685981499365,44994
"(0.9185609025397424, 0.95474577471438)",1,94.8668394739981,44995
"(0.8897732810238289, 0.9702841197104446)",4,94.86682121391976,44999
"(0.8500647757655945, 0.9528985507246376)",1,94.86670330301402,45000
"(0.8952675231745, 0.9563953488372092)",1,94.86664874428322,45001
"(0.7503205034265276, 0.9685486499800972)",2,94.86654622282538,45003
"(0.8490492285760273, 0.9519059481326966)",3,94.86646048055546,45006
"(0.7901692183722804, 0.9473039215686276)",1,94.86634140177446,45007
"(0.8327485380116959, 0.9563260001856492)",1,94.86618019265369,45008
"(0.7770083102493075, 0.9477798624140088)",1,94.8661722804303,45009
"(0.9721176108033788, 0.9541309523809522)",1,94.86599598554513,45010
"(0.8946441155743481, 0.9774943735933984)",1,94.86593284365703,45011
"(0.875402576489533, 0.9541062801932368)",1,94.86589486978446,45012
"(0.8347694683658232, 0.9740643495864882)",1,94.86589176288444,45013
"(0.8576102418207682, 0.9667712327175554)",1,94.8658079139448,45014
"(0.9066555277081592, 0.942901126019191)",1,94.86570857460688,45015
"(0.9005147621883774, 0.9541309523809522)",1,94.86568171902368,45016
"(0.9665714285714284, 0.9465827539807132)",1,94.86553998626734,45017
"(0.9393939393939392, 0.9480488598533204)",2,94.86542793496046,45019
"(0.9508739421428176, 0.9625936563436563)",2,94.86541440673469,45021
"(0.8504257246376812, 0.9541062801932368)",1,94.865369341905,45022
"(0.6876119891955498, 0.969913169748696)",4,94.86520156525978,45026
"(0.9548607757926928, 0.9535924585381664)",1,94.86518043846706,45027
"(0.9595374149659864, 0.9696381743256742)",1,94.86517551883446,45028
"(0.8132390951302638, 0.9740643495864882)",1,94.86512590037,45029
"(0.9179206566347468, 0.9563953488372092)",1,94.86469288421748,45030
"(0.8756479140328698, 0.9541309523809522)",1,94.86453198394992,45031
"(0.8761478039606152, 0.955045504550455)",2,94.86444448373712,45033
"(0.7542243222474986, 0.9867060292471932)",1,94.86412517385024,45034
"(0.7553827974231563, 0.9720052688506952)",4,94.86390502825935,45038
"(0.9027777777777778, 0.9734722222222224)",1,94.8638971427867,45039
"(0.8684561965811965, 0.9868055555555556)",2,94.86387774485496,45041
"(0.8339212842322631, 0.9550387596899224)",1,94.86386746767876,45042
"(0.8970155460303243, 0.9574505911522484)",1,94.86382979895266,45043
"(0.8665939529220779, 0.9535924585381664)",2,94.8637901626431,45045
"(0.9203845950797168, 0.95)",1,94.8636332412681,45046
"(0.9541309523809522, 0.9432302504125708)",1,94.86361878728512,45047
"(0.827468380252958, 0.977638640429338)",1,94.86360430913284,45048
"(0.9278900902053612, 0.9678053830227744)",1,94.86343061378936,45049
"(0.8752365981200475, 0.9534840838509316)",1,94.86339578344844,45050
"(0.8473280554181098, 0.9463327370304114)",1,94.86338352962804,45051
"(0.9476776665722468, 0.9535924585381664)",1,94.86332502848244,45052
"(0.8752365981200475, 0.9612261904761904)",3,94.86329800685436,45055
"(0.8209663503019846, 0.96004600460046)",1,94.86321982885374,45056
"(0.869754330943847, 0.9868055555555556)",1,94.8631839732512,45057
"(0.8746952286376319, 0.9788110478899952)",1,94.86307317782855,45058
"(0.7613039621525723, 0.9577759872287582)",1,94.8630553726088,45059
"(0.8351193705914272, 0.9707309941520468)",1,94.86297482241407,45060
"(0.8656015037593985, 0.9658154816997468)",1,94.86289568420057,45061
"(0.8778976239800449, 0.9612261904761904)",1,94.86287632626124,45062
"(0.7639558204899114, 0.9709596006273454)",1,94.862811632241,45063
"(0.7774445673959806, 0.987798631222453)",1,94.8627033391663,45064
"(0.9230769230769232, 0.9841269841269842)",1,94.86269820364537,45065
"(0.932101534037604, 0.9721162455586436)",1,94.8626468125357,45066
"(0.7301346430785406, 0.9928414236721684)",1,94.86254882908544,45067
"(0.9274675066312998, 0.9507857142857142)",1,94.86249791889324,45068
"(0.6540697674418605, 0.9550387596899224)",1,94.86246011709434,45069
"(0.8816793893129771, 0.9554098688819938)",1,94.8622481812504,45070
"(0.9577861163227016, 0.9504053648283456)",1,94.8620321873551,45071
"(0.7217510259917921, 0.9767441860465116)",1,94.86175050207756,45072
"(0.9577861163227016, 0.950721153846154)",2,94.86174339434136,45074
"(0.955045504550455, 0.9525113127828196)",1,94.86172246780976,45075
"(0.8205662393162394, 0.9868055555555556)",1,94.86152121652654,45076
"(0.902092920189038, 0.9560805836777236)",3,94.86151129559316,45079
"(0.8788323569411767, 0.9736842105263158)",2,94.86149993454606,45081
"(0.8776804590758078, 0.9767441860465116)",1,94.8614317505437,45082
"(0.8361410189075631, 0.9507857142857142)",1,94.86118369123368,45083
"(0.9406839414771724, 0.945044504450445)",1,94.86117757995316,45084
"(0.8898792718668495, 0.9534181717978908)",1,94.86117643865572,45085
"(0.865084633255891, 0.953054992365648)",1,94.860907255544,45086
"(0.9538729657213072, 0.9421666164204604)",1,94.86086359529504,45087
"(0.9011130817686992, 0.95474577471438)",1,94.86078886108766,45088
"(0.8961538461538462, 0.9754464285714284)",2,94.86077222707006,45090
"(0.9248976608187136, 0.9565375499581746)",3,94.86074578558912,45093
"(0.916096001118324, 0.942488846547077)",1,94.86070601202668,45094
"(0.9570371875635032, 0.9586520604621642)",1,94.86057460898704,45095
"(0.8902777777777777, 0.9734722222222224)",1,94.86048991853592,45096
"(0.7687738498092014, 0.9552772808586762)",1,94.86047029735052,45097
"(1.0, 1.0)",1,94.86041328162644,45098
"(0.8133720930232559, 0.9563953488372092)",1,94.85984495991792,45099
"(0.8912382111347733, 0.9652297777949396)",1,94.8597492242926,45100
"(0.803623428272623, 0.9694279341856143)",1,94.85970314330947,45101
"(0.904032258064516, 0.9759093915343916)",1,94.8596274406306,45102
"(0.825, 0.9507857142857142)",1,94.85945033695003,45103
"(0.8427109974424554, 0.95004500450045)",1,94.85944751467616,45104
"(0.8410218253968254, 0.953054992365648)",1,94.85933652385091,45105
"(0.6829180293425229, 0.9605856647968066)",3,94.85932391283526,45108
"(0.8716683535762482, 0.9694279341856143)",1,94.85925070047244,45109
"(0.8900759734093067, 0.9868055555555556)",1,94.85919021535145,45110
"(0.8632677198614513, 0.9576029606661498)",3,94.8591866156315,45113
"(0.8429058758006126, 0.9658154816997468)",1,94.85907523092646,45114
"(0.9259031198686372, 0.9575114377859448)",1,94.85905424469762,45115
"(0.8759722222222223, 0.9390625)",1,94.8588190454117,45116
"(0.5689798878835562, 0.9543257389162564)",1,94.8588114821668,45117
"(0.902848806366048, 0.9507857142857142)",1,94.8587219061268,45118
"(0.9095668859649124, 0.969913169748696)",4,94.8586570225616,45122
"(0.7936975898313424, 0.971961360273889)",1,94.85858399471714,45123
"(0.7261336323863321, 0.9966060100623428)",2,94.8584153367355,45125
"(0.9278900902053612, 0.95474577471438)",1,94.858357819607,45126
"(0.906439024390244, 0.9537087912087912)",1,94.85825604195196,45127
"(0.8387491609744542, 0.965497521921464)",1,94.85823347668904,45128
"(0.8590027258042806, 0.9560805836777236)",1,94.85816814792292,45129
"(0.927777350854274, 0.9480488598533204)",1,94.85790623016236,45130
"(0.9196428571428572, 0.9543257389162564)",1,94.85784543660328,45131
"(0.8966408268733851, 0.9563953488372092)",1,94.8577442265451,45132
"(0.906439024390244, 0.9498577524893316)",1,94.857710639143,45133
"(0.905151943324208, 0.95474577471438)",1,94.857637852397,45134
"(0.9302579365079364, 1.0)",1,94.85763706700013,45135
"(0.9189046799105652, 0.9588881366132552)",2,94.8574152679052,45137
"(0.7797411075256854, 0.9552772808586762)",1,94.8572919155996,45138
"(0.8714817270851754, 0.9506818181818182)",1,94.85725859469392,45139
"(0.93916595083917, 0.951596182326806)",1,94.85713822958854,45140
"(0.9408601779678556, 0.9608348284368692)",1,94.85711859295354,45141
"(0.8813339438339438, 0.9748677248677248)",1,94.85704314571775,45142
"(0.944540304191448, 0.9647156084656086)",1,94.8569828249498,45143
"(0.9406095584301136, 0.95474577471438)",1,94.85695746870958,45144
"(0.888677473913542, 0.9647321428571428)",1,94.8568150315118,45145
"(0.8823631647905025, 0.95004500450045)",1,94.85652289973932,45146
"(0.924126984126984, 0.9504053648283456)",1,94.85650473129024,45147
"(0.798478835978836, 0.9729166666666668)",1,94.85647291449828,45148
"(0.8138874207188161, 0.9464496874824032)",1,94.85644281019694,45149
"(0.95, 0.9374983839689724)",1,94.85624002845054,45150
"(0.9460618398175734, 0.95474577471438)",1,94.85617292301062,45151
"(0.8333333333333334, 0.9651951748860688)",3,94.85609262681557,45154
"(0.9170528266913808, 0.955045504550455)",1,94.85603106853571,45155
"(0.9052521809372952, 0.9670653011094188)",1,94.85588775585576,45156
"(0.5943117201606165, 0.9740643495864882)",1,94.8556526636954,45157
"(0.8791239816084535, 0.9526018354129678)",1,94.85547406759756,45158
"(0.8277537197423939, 0.9651951748860688)",1,94.85546845030431,45159
"(0.7966238809189946, 0.9525113127828196)",1,94.85546479935344,45160
"(0.9035087719298246, 0.9692634363686996)",1,94.85537204689848,45161
"(0.8860693400167085, 0.9648977033360302)",3,94.8553612456536,45164
"(0.5960047704233751, 0.9552772808586762)",1,94.8552830502612,45165
"(0.9391627846790888, 0.9476776665722468)",1,94.85525285706044,45166
"(0.8627906976744186, 0.9552772808586762)",1,94.85517785043402,45167
"(0.9800599128540306, 0.9620915032679738)",2,94.85514717394884,45169
"(0.9226438267614736, 0.9541309523809522)",1,94.855085473619,45170
"(0.765625, 0.9575114377859448)",1,94.8550579682574,45171
"(0.9235874607931364, 0.9541309523809522)",1,94.85495825540374,45172
"(0.9526018354129678, 0.9475111877796946)",2,94.85485931105966,45174
"(0.7615833542341537, 0.9726023028645514)",1,94.85483768801753,45175
"(0.9019323671497586, 0.9743589743589745)",1,94.85474766464,45176
"(0.7074854651162791, 0.9774943735933984)",1,94.85451451972273,45177
"(0.7853026285520565, 0.9564964624817116)",1,94.85440050945552,45178
"(0.7981772990886495, 0.9380552220888356)",3,94.8542971258947,45181
"(0.8378607256856231, 0.9463327370304114)",2,94.8542848257609,45183
"(0.8812367419630933, 0.9690042839627148)",3,94.85424937614164,45186
"(0.7257988721804511, 0.9577759872287582)",1,94.85416015614696,45187
"(0.9420000000000002, 0.9507857142857142)",1,94.85401912024756,45188
"(0.5861073624231519, 0.9740643495864882)",1,94.85396164278862,45189
"(0.9476776665722468, 0.9565375499581746)",2,94.8539499365821,45191
"(0.8946752284039163, 0.9574505911522484)",1,94.85384027356054,45192
"(0.9651330532212884, 0.984504357298475)",1,94.85368275350235,45193
"(0.8388283928211333, 0.9868055555555556)",2,94.85363194761118,45195
"(0.84, 0.9406839414771724)",1,94.85357012919904,45196
"(0.8238599925743408, 0.9464496874824032)",1,94.8535633162493,45197
"(0.919355128199818, 0.9692634363686996)",3,94.85335700867118,45200
"(0.5943117201606165, 0.9707309941520468)",1,94.85331386027003,45201
"(0.8019390581717452, 0.9782702035744222)",1,94.85330813254544,45202
"(0.822891947476665, 0.9563953488372092)",1,94.85329801699775,45203
"(0.9391627846790888, 0.9574505911522484)",1,94.85324848091052,45204
"(0.9346399099774944, 0.9463327370304114)",1,94.85320268265468,45205
"(0.8537607374816678, 0.9556515123475828)",1,94.85299024969493,45206
"(0.908998988877654, 0.9667774086378738)",1,94.85296684272905,45207
"(0.8503626025507386, 0.9569625307125308)",4,94.85294645544892,45211
"(0.7326934264107039, 0.953054992365648)",1,94.85284242959922,45212
"(0.9393939393939392, 0.9527829893683551)",1,94.85269879485028,45213
"(0.8426812585499316, 0.9667774086378738)",1,94.85266466623534,45214
"(0.7074854651162791, 0.9667774086378738)",1,94.8526636576946,45215
"(0.798478835978836, 0.9868055555555556)",1,94.85249783764468,45216
"(0.9365750528541228, 0.9552772808586762)",1,94.85243686727291,45217
"(0.8708731355790179, 0.9748677248677248)",1,94.8524329595296,45218
"(0.8372177118327734, 0.9563260001856492)",1,94.85238063762206,45219
"(0.9114583333333336, 0.9480488598533204)",1,94.85224405022912,45220
"(0.8941062801932367, 0.9868055555555556)",1,94.85211903417382,45221
"(0.9450031426775612, 0.9522158577027434)",1,94.85188258020747,45222
"(0.8248478701825558, 0.9507857142857142)",1,94.85186598919096,45223
"(0.8216015498869874, 0.969913169748696)",4,94.85185550010942,45227
"(0.8128693274039858, 0.9517433954079988)",2,94.85167816972572,45229
"(0.394811320754717, 0.9380552220888356)",1,94.85165221095086,45230
"(0.917509305210918, 0.9767241379310344)",1,94.85164454396272,45231
"(0.8679401993355481, 0.9463327370304114)",1,94.85162930527048,45232
"(0.7519299762662595, 0.969018221548572)",3,94.85148626546447,45235
"(0.9092261904761906, 0.9734722222222224)",1,94.85130233770435,45236
"(0.919687006945461, 0.9615343915343916)",1,94.85128344625171,45237
"(0.8837209302325582, 0.9563953488372092)",1,94.85116608045236,45238
"(0.9465811965811968, 1.0)",1,94.85107287775564,45239
"(0.9406095584301136, 0.951596182326806)",1,94.85102491456976,45240
"(0.8501293103448276, 0.9507857142857142)",1,94.8510184969279,45241
"(0.8228775853775853, 0.9506818181818182)",1,94.85101552906202,45242
"(0.8411319862932767, 0.9615343915343916)",1,94.85095007934676,45243
"(0.8202677043217801, 0.9973613237813992)",1,94.85094824337152,45244
"(0.9170528266913808, 0.95004500450045)",1,94.85086148988708,45245
"(0.8570175438596492, 0.9615343915343916)",1,94.85074726347165,45246
"(0.851044736028131, 0.9560805836777236)",1,94.8505751131664,45247
"(0.917531186761956, 0.955045504550455)",1,94.85052756849112,45248
"(0.8209663503019846, 0.96)",1,94.850470235533,45249
"(0.9450706646294882, 0.9537087912087912)",1,94.85038577887542,45250
"(0.9008392857142858, 0.9507857142857142)",1,94.85035891657763,45251
"(0.7574629741006653, 0.9741818204654114)",2,94.850357915647,45253
"(0.9074804011737396, 0.9667774086378738)",1,94.8502964134841,45254
"(0.8173976608187135, 0.9563260001856492)",1,94.84996841735428,45255
"(0.9536498942777852, 0.9608348284368692)",2,94.84996322241358,45257
"(0.8047996976568405, 0.9743589743589745)",1,94.84996112677656,45258
"(0.809724025974026, 0.9754464285714284)",1,94.84976282189028,45259
"(0.8942415173616616, 0.9541309523809522)",3,94.84974410457797,45262
"(0.9523529411764708, 0.95474577471438)",1,94.8495944664402,45263
"(0.850118422407579, 0.950721153846154)",1,94.84959104053796,45264
"(0.8418571428571429, 0.9543257389162564)",1,94.8495876578436,45265
"(0.8786897800055695, 0.969913169748696)",1,94.8495377746967,45266
"(0.8357101427078324, 0.9782702035744222)",1,94.84949557172116,45267
"(0.7450665795206972, 0.994336378039244)",3,94.84949542567357,45270
"(0.8600272232304901, 1.0)",1,94.8494679454236,45271
"(0.9055383852258851, 0.9586520604621642)",1,94.8494222190895,45272
"(0.8375522452041583, 0.9546136534133534)",1,94.84939134474035,45273
"(0.8221014871827105, 0.9575516552173752)",1,94.84934586662082,45274
"(0.872036510194405, 0.9782702035744222)",2,94.84926776930472,45276
"(0.996078431372549, 0.992156862745098)",1,94.84922421182118,45277
"(0.8643650793650794, 0.9615343915343916)",1,94.8491357559378,45278
"(0.9356632048879978, 0.966905413308734)",1,94.8490517986272,45279
"(0.8060728281701421, 0.950721153846154)",1,94.84896014673843,45280
"(0.8576356621891807, 0.9526018354129678)",3,94.84895221733588,45283
"(0.9354988823409874, 0.9535924585381664)",1,94.84888030264948,45284
"(0.7913531453472169, 0.9575114377859448)",1,94.848810994643,45285
"(0.9302054863852616, 0.9527829893683551)",1,94.84867451511464,45286
"(0.8693120323003425, 0.9650363879165252)",1,94.84867211893932,45287
"(0.8626885995307049, 0.9517433954079988)",1,94.84860764791628,45288
"(0.832288597755908, 0.9667774086378738)",1,94.84859970842032,45289
"(0.7925825464094582, 0.9563260001856492)",6,94.8484962543126,45295
"(0.7423427395649618, 0.9868055555555556)",1,94.84847980165324,45296
"(0.9526018354129678, 0.9438426239374108)",1,94.84843551338412,45297
"(0.8714817270851754, 0.9506818181818182)",3,94.84843445689052,45300
"(0.8746071653048397, 0.9580611248779756)",3,94.84816357093774,45303
"(0.822801602772363, 0.9516760651629074)",3,94.8481615232184,45306
"(0.8530132533133283, 0.9667774086378738)",1,94.84814782292828,45307
"(0.4073529411764706, 0.9754464285714284)",1,94.84806103863048,45308
"(0.8048900626716133, 0.9472634640194172)",1,94.84803928457018,45309
"(0.8143956066989457, 0.9472634640194172)",3,94.84803308071166,45312
"(0.8424197513013303, 0.9612261904761904)",3,94.84796303814596,45315
"(0.9534181717978908, 0.9425110627765696)",1,94.84788002748446,45316
"(0.848542995746943, 0.9658154816997468)",2,94.84780176833354,45318
"(0.9027617951668586, 0.95)",3,94.84773681283228,45321
"(0.9226705733973176, 0.9642857142857144)",1,94.84770752230662,45322
"(0.9346399099774944, 0.9774943735933984)",1,94.84769759982314,45323
"(0.952503401360544, 0.9485046203796204)",1,94.8476061867726,45324
"(0.8576102418207682, 0.969913169748696)",3,94.84740783612136,45327
"(0.7827659652601814, 0.9584283173426188)",1,94.84737721695738,45328
"(0.9696969696969696, 0.9841269841269842)",1,94.84721083638765,45329
"(0.7508019224861294, 0.9723049839586984)",1,94.84707902419748,45330
"(0.9551820728291316, 0.955045504550455)",3,94.84704159453844,45333
"(0.8473809523809523, 0.9754464285714284)",2,94.84704131658344,45335
"(0.9185609025397424, 0.9462631140307872)",1,94.84693088336348,45336
"(0.9140535714285716, 0.9574505911522484)",2,94.84690111880896,45338
"(0.7853136031723004, 0.955)",1,94.84673457049706,45339
"(0.8097506239110182, 0.9739970069012736)",1,94.8467266199432,45340
"(0.9027777777777778, 0.9583928571428572)",1,94.84671144053291,45341
"(0.9235874607931364, 0.95474577471438)",1,94.84667553172191,45342
"(0.8361782835467045, 0.9649122807017544)",1,94.84656142516454,45343
"(0.7825263949961201, 0.9552772808586762)",1,94.84637234292514,45344
"(0.7987835673811283, 0.9583928571428572)",1,94.84636352194032,45345
"(0.7817399176112345, 0.9969657800977711)",3,94.84635558374222,45348
"(0.7729653996101365, 0.9747439067467324)",1,94.84625357558532,45349
"(0.8827674567584882, 0.95474577471438)",1,94.8462289232662,45350
"(0.8883076259303203, 0.9576029606661498)",5,94.84621690017708,45355
"(0.8644675925925926, 0.9506818181818182)",1,94.84619076877236,45356
"(0.8722453294915884, 0.9483395989974938)",1,94.84609607339078,45357
"(0.9433680972830336, 0.9541309523809522)",3,94.84593473090818,45360
"(0.8426434676434675, 0.9506818181818182)",2,94.84584971523373,45362
"(0.8697025808408917, 0.9463327370304114)",1,94.84575211070047,45363
"(0.8800348809368335, 0.960657765442102)",1,94.84570132166756,45364
"(0.947191237061602, 0.960414372935642)",1,94.84510920774264,45365
"(0.9420000000000002, 0.9507857142857142)",1,94.84485241580666,45366
"(0.8942415173616616, 0.9541309523809522)",2,94.84477493167404,45368
"(0.457658256364046, 0.9763214815000094)",1,94.8445664247428,45369
"(0.9595374149659864, 0.9534840838509316)",1,94.8445024406576,45370
"(0.8602750753767079, 0.9708719086020908)",1,94.84438781974994,45371
"(0.8060320096123339, 0.9521174134660976)",1,94.8443537768798,45372
"(0.9696969696969696, 0.9841269841269842)",1,94.84419652991429,45373
"(0.9841269841269842, 1.0)",1,94.84400054817078,45374
"(0.8533773606766307, 0.96004600460046)",1,94.84397708582888,45375
"(0.8173976608187135, 0.9658154816997468)",1,94.84393876376495,45376
"(0.9290099096728932, 0.9537087912087912)",1,94.84390725952213,45377
"(0.5281045751633987, 0.9473039215686276)",1,94.84378992424756,45378
"(0.8203765227021041, 0.9463327370304114)",1,94.84373358110288,45379
"(0.7505882352941177, 0.9473039215686276)",1,94.843705043973,45380
"(0.876818777829583, 0.9667712327175554)",1,94.84368322626524,45381
"(0.8379287658123746, 0.955045504550455)",4,94.84363532312256,45385
"(0.8956505897276728, 0.9485046203796204)",1,94.84360476839566,45386
"(0.8642588614393125, 0.9611414900888584)",1,94.84350246685824,45387
"(0.8125, 1.0)",1,94.84340530218152,45388
"(0.8209663503019846, 0.9607371794871794)",1,94.84332748745082,45389
"(0.9196428571428572, 0.9647321428571428)",1,94.84326278307388,45390
"(0.9365750528541228, 0.9552772808586762)",1,94.84320155883756,45391
"(0.9643596441509156, 0.9579966888808584)",1,94.84315544977792,45392
"(0.9185588416618146, 0.95474577471438)",1,94.84310114103512,45393
"(0.955045504550455, 0.945044504450445)",1,94.84301608666011,45394
"(0.8259011519881087, 0.9868055555555556)",2,94.84293398905857,45396
"(0.7913826015816743, 0.9517433954079988)",3,94.8428286146224,45399
"(0.9385522734146589, 0.9527829893683551)",1,94.84269140756857,45400
"(0.8883076259303203, 0.960414372935642)",2,94.84266472651558,45402
"(0.8686141304347826, 0.9767241379310344)",1,94.84265434792822,45403
"(0.9495131982526256, 0.9495131982526256)",1,94.8426543314676,45404
"(0.7913826015816743, 0.9560805836777236)",3,94.84262291885216,45407
"(0.8466433806991083, 0.9577861163227016)",1,94.84261718075436,45408
"(0.9492266992266992, 0.9734722222222224)",1,94.84239710374776,45409
"(0.8406622751683077, 0.9700662191932666)",1,94.84225921564456,45410
"(0.8400808029318731, 0.9699038575502852)",1,94.84222245153688,45411
"(0.7349551414768807, 0.9743589743589745)",1,94.84214728362576,45412
"(0.6159757031467558, 0.9782702035744222)",4,94.84197738300024,45416
"(0.8675595238095238, 0.9541062801932368)",1,94.841961202713,45417
"(0.8501768299217661, 0.9546136534133534)",2,94.84182344712316,45419
"(0.7862679955703211, 0.9667774086378738)",1,94.84169437992668,45420
"(0.9477798624140088, 0.9526018354129678)",1,94.84167750044595,45421
"(0.7508019224861294, 0.9622833149277648)",4,94.84161990184911,45425
"(0.8616019521984972, 0.9699344044934636)",2,94.84151273979003,45427
"(0.9807902108211706, 0.9882352941176472)",1,94.84145748310073,45428
"(0.8125, 1.0)",1,94.84138906230476,45429
"(0.765625, 0.96004600460046)",1,94.84135155058831,45430
"(0.7450665795206972, 0.9950875173301644)",2,94.8412509106778,45432
"(0.8832069892473118, 0.9767241379310344)",1,94.84119852204292,45433
"(0.874810606060606, 0.9754464285714284)",1,94.84116875906594,45434
"(0.924126984126984, 0.945044504450445)",1,94.84114234432668,45435
"(0.9041666666666666, 0.9868055555555556)",1,94.84112318440084,45436
"(0.9534181717978908, 0.942599584906604)",1,94.84078067241826,45437
"(0.8577073070607554, 0.9506818181818182)",1,94.84076690089329,45438
"(0.7824770258980785, 0.9747439067467324)",1,94.84073173408596,45439
"(0.8860640954495006, 0.952503401360544)",1,94.84071806040636,45440
"(0.931038492683086, 0.9560805836777236)",4,94.84070892945012,45444
"(0.9383392857142858, 0.9507857142857142)",1,94.84069197930349,45445
"(0.9360538014841208, 0.9534840838509316)",2,94.84064911068654,45447
"(0.8956505897276728, 0.9612261904761904)",1,94.84042599401424,45448
"(0.933229459603253, 0.9554098688819938)",3,94.84041912847488,45451
"(0.8777503304877775, 0.9473684210526316)",3,94.84041375244392,45454
"(0.734104413917996, 0.9918267281273584)",1,94.84021568039245,45455
"(0.8516362734449852, 0.956140350877193)",3,94.84021316262611,45458
"(0.8997086999609598, 0.950191871620443)",1,94.84004158419108,45459
"(0.8356705909510619, 0.9694279341856143)",1,94.83982383320668,45460
"(0.8177555579773321, 0.9530326354679802)",1,94.83972600132697,45461
"(0.9592592592592591, 1.0)",1,94.83965283522234,45462
"(0.9047558922558924, 0.9748677248677248)",1,94.83948062447168,45463
"(0.8660716819433014, 0.955045504550455)",1,94.83947716090672,45464
"(0.8757566103854729, 0.9563953488372092)",1,94.8394008606609,45465
"(0.9352667274015588, 0.9561403508771932)",2,94.83936647221762,45467
"(0.9504053648283456, 0.953054992365648)",2,94.83926253177958,45469
"(0.8542381497013597, 0.9667774086378738)",1,94.8391994823893,45470
"(0.8146111116459522, 0.952503401360544)",1,94.83919679236764,45471
"(0.9499194985912254, 0.9586520604621642)",1,94.83906490415949,45472
"(0.8726622214994307, 0.9546136534133534)",1,94.83899463711012,45473
"(0.8315010570824524, 0.9563953488372092)",1,94.83898447397844,45474
"(0.9235874607931364, 0.9571428571428572)",1,94.83896659754993,45475
"(0.8533773606766307, 0.9551820728291316)",2,94.838959725636,45477
"(0.8576102418207682, 0.9658154816997468)",2,94.83887617673162,45479
"(0.5779361378128867, 0.9610152916073968)",1,94.83883210399424,45480
"(0.7010152287624114, 0.9754739013846998)",1,94.8386068369052,45481
"(0.9185588416618146, 0.95474577471438)",1,94.8385657268852,45482
"(0.8259011519881087, 0.9748677248677248)",1,94.8385427601624,45483
"(0.8273891966759003, 0.9694279341856143)",1,94.83830509485844,45484
"(0.944540304191448, 0.9635619016637234)",1,94.83828549181436,45485
"(0.8584326321395287, 0.9579551650296714)",2,94.83808889773547,45487
"(0.915422077922078, 0.9754464285714284)",1,94.83789570305642,45488
"(0.7682348491460825, 0.9651951748860688)",2,94.83784940982284,45490
"(0.895611856655546, 0.9574505911522484)",3,94.83768322551282,45493
"(0.9476776665722468, 0.9565375499581746)",3,94.83764113072012,45496
"(0.7817399176112345, 0.9911364709232188)",3,94.83750344975218,45499
"(0.8264589732338745, 0.9775193798449612)",1,94.83743822523856,45500
"(0.7334758390430194, 0.969064742559546)",1,94.83736024863724,45501
"(0.7567848579216416, 0.988316360566926)",1,94.83734809302418,45502
"(0.8604651162790697, 0.9667774086378738)",1,94.83733905169188,45503
"(0.9283144321801948, 0.9605856647968066)",1,94.83731409161244,45504
"(0.899997244510117, 0.9913490623109498)",3,94.837158877754,45507
"(0.8424197513013303, 0.9612261904761904)",3,94.8371062396786,45510
"(0.8437596183441058, 0.9788110478899952)",1,94.8370818634786,45511
"(0.9386724386724388, 1.0)",1,94.83705229393976,45512
"(0.919687006945461, 0.9734722222222224)",1,94.83698624445,45513
"(0.8664772536511667, 0.9712892283431284)",2,94.83694620887456,45515
"(0.8180947405085336, 0.9506818181818182)",2,94.83681366888491,45517
"(0.6699593128390597, 0.9534840838509316)",1,94.8367098056389,45518
"(0.7656785097663477, 0.9699942108019156)",1,94.83652715954368,45519
"(0.8970388585773201, 0.95004500450045)",1,94.83650187083474,45520
"(0.8805336604941058, 0.9648977033360302)",1,94.83641750012112,45521
"(0.8143956066989457, 0.9605856647968066)",1,94.83638697154056,45522
"(0.9035714285714284, 0.9866666666666666)",1,94.836289394308,45523
"(0.9306746031746032, 1.0)",1,94.83626303064965,45524
"(0.9001409893736627, 0.9565375499581746)",3,94.83621043089592,45527
"(0.7793597074726728, 0.9472634640194172)",3,94.83620554143349,45530
"(0.7568263633039907, 0.9680918387650846)",1,94.83608867457504,45531
"(0.9577861163227016, 0.9443774949160202)",1,94.83608517217094,45532
"(0.9577861163227016, 0.9433978807084348)",3,94.83601955067084,45535
"(0.9005147621883774, 0.944540304191448)",1,94.83599650361336,45536
"(0.9356632048879978, 0.9675675675675676)",1,94.83575510250606,45537
"(0.7862679955703211, 0.9667774086378738)",1,94.83570482022984,45538
"(0.992156862745098, 0.8186722938896852)",1,94.83565269750456,45539
"(0.8638088157947971, 0.9618138828565136)",2,94.83545395474556,45541
"(0.8821377879681188, 0.954419924179659)",1,94.83544251639006,45542
"(0.8581587837837837, 0.9754464285714284)",1,94.83505504308565,45543
"(0.7800259083338473, 0.9774943735933984)",1,94.8350446554777,45544
"(0.8956887573811897, 0.9682510260645856)",4,94.8350218141965,45548
"(0.9055383852258851, 0.945469387755102)",1,94.8350187439054,45549
"(0.8070189460223449, 0.9428823795600112)",2,94.83496020447228,45551
"(0.8361410189075631, 0.9398168103448276)",1,94.83493577908912,45552
"(0.817921124237354, 0.9973488511419668)",1,94.83484772723055,45553
"(0.9557291666666669, 0.947866344605475)",1,94.83468015517158,45554
"(0.9292873482399696, 0.96715391937948)",1,94.83465330473332,45555
"(0.8555313721896383, 0.9507857142857142)",1,94.83457985260456,45556
"(0.9555491383616382, 0.9579551650296714)",1,94.8345060725408,45557
"(0.8576356621891807, 0.955)",1,94.83407861796232,45558
"(0.8300280681378243, 0.9748677248677248)",1,94.83404191194164,45559
"(0.7973484848484849, 0.9866666666666666)",1,94.83402707067523,45560
"(0.9176532769556026, 0.9891472868217054)",1,94.83399077194458,45561
"(0.9235874607931364, 0.951596182326806)",1,94.8338945454758,45562
"(0.8946752284039163, 0.9537087912087912)",1,94.83371552646612,45563
"(0.8247203796730593, 0.9575114377859448)",1,94.83366927181277,45564
"(0.8550286922379946, 0.9767441860465116)",1,94.83348600136084,45565
"(0.9047558922558924, 0.9868055555555556)",1,94.83348444567442,45566
"(0.9465769388085848, 0.9485046203796204)",1,94.833467753608,45567
"(0.7700825330700096, 0.9916418047471066)",2,94.83333176099394,45569
"(0.7588890510443849, 0.9692658805546192)",4,94.833182134563,45573
"(0.8993274485077766, 0.9577861163227016)",1,94.8331783194227,45574
"(0.863739209133946, 0.9707309941520468)",1,94.83289214892297,45575
"(0.8498330413631913, 0.9782702035744222)",1,94.83276909346976,45576
"(0.8385579937304075, 0.96)",4,94.83250114151912,45580
"(0.922050500014663, 1.0)",2,94.83247018703162,45582
"(0.8351693186454507, 0.9767441860465116)",1,94.83246748348964,45583
"(0.8743600217864923, 0.9507857142857142)",1,94.83214585661808,45584
"(0.8696895424836601, 0.9541062801932368)",1,94.83208363882808,45585
"(0.89246409531063, 0.952064553093965)",1,94.83207996855568,45586
"(0.7618767806267807, 0.9759093915343916)",1,94.83181548205492,45587
"(0.8607558212871163, 0.955045504550455)",1,94.8318105100471,45588
"(0.8221900156455976, 0.9750077384857496)",2,94.83170743408856,45590
"(0.8807378807378808, 0.9522158577027434)",1,94.83146520806734,45591
"(0.8661024879071576, 0.9656310668237036)",3,94.8314407311956,45594
"(0.9666666666666668, 0.9841269841269842)",1,94.83136613042596,45595
"(0.899337170765742, 0.9565375499581746)",1,94.8313329475565,45596
"(0.8582837837837838, 0.9503723544973544)",1,94.83129855426452,45597
"(0.8753306878306878, 0.9868055555555556)",1,94.83121895355364,45598
"(0.92710864283235, 0.9774943735933984)",1,94.83113954472886,45599
"(0.7824770258980785, 0.9651951748860688)",1,94.8310819906856,45600
"(0.8310470779220779, 0.9507857142857142)",1,94.83074230277248,45601
"(0.8934374999999999, 0.9767241379310344)",1,94.8306405339998,45602
"(0.8942415173616616, 0.9574505911522484)",1,94.83059082482038,45603
"(0.8814968814968815, 0.9873931623931624)",1,94.83049558370703,45604
"(0.8613034779932287, 0.9610152916073968)",1,94.83042341602427,45605
"(0.8471501822188321, 0.9610152916073968)",3,94.83040274384057,45608
"(0.3890238704177323, 0.9569461827284104)",1,94.83038008569564,45609
"(0.8232281991085706, 0.96004600460046)",2,94.83030418637868,45611
"(0.7687738498092014, 0.9442212381594768)",1,94.83029032179084,45612
"(0.947866344605475, 0.9477798624140088)",1,94.83026641585712,45613
"(0.7869886131820035, 0.9563953488372092)",1,94.8300763613242,45614
"(0.8344722204371327, 0.9528092667566352)",3,94.82998684686751,45617
"(0.96004600460046, 0.9375109377734444)",1,94.82984104430976,45618
"(0.8700357638518202, 0.9913490623109498)",1,94.82981888776165,45619
"(0.925553613053613, 0.9868055555555556)",1,94.82980396827404,45620
"(0.905151943324208, 0.9608348284368692)",3,94.82974701021108,45623
"(0.9584283173426188, 0.9561403508771932)",3,94.82968358080863,45626
"(0.8714817270851754, 0.9506818181818182)",1,94.82960727893398,45627
"(0.822094298245614, 0.9551820728291316)",1,94.82960621911938,45628
"(0.8941062801932367, 0.9748677248677248)",1,94.82942318023538,45629
"(0.907635752688172, 0.9543257389162564)",1,94.82931843832424,45630
"(0.8701298701298702, 0.9463327370304114)",1,94.82931109168295,45631
"(0.9476776665722468, 0.951596182326806)",1,94.82924041415308,45632
"(0.8128693274039858, 0.9472634640194172)",3,94.8291073704064,45635
"(0.8959567775974026, 0.9579551650296714)",1,94.82903228286696,45636
"(0.96625, 0.9624656593406592)",2,94.82893773377734,45638
"(0.880623784879104, 0.9500314267756128)",1,94.828779594724,45639
"(0.9426994258113802, 0.9508739421428176)",1,94.82870980348432,45640
"(0.9086102843915344, 0.9507857142857142)",1,94.82870716911388,45641
"(0.8418571428571429, 0.9507241379310344)",1,94.82864118598374,45642
"(0.8947368421052632, 0.94745682548523)",1,94.82863165321103,45643
"(0.8156635416666668, 0.9992424242424244)",3,94.8285293787412,45646
"(0.6159757031467558, 0.9740643495864882)",1,94.82849186625944,45647
"(0.908998988877654, 0.9563953488372092)",1,94.82846117553238,45648
"(0.8473809523809523, 0.9754464285714284)",1,94.82840831530989,45649
"(0.91775, 0.9507857142857142)",1,94.82838762316356,45650
"(0.913324175824176, 0.9507857142857142)",2,94.82834320771826,45652
"(0.9230769230769232, 1.0)",1,94.82833561976096,45653
"(0.689772303098171, 0.9521174134660976)",1,94.82833296353742,45654
"(0.6420950035908484, 0.9782702035744222)",4,94.82825175028096,45658
"(0.8164607007575758, 0.9954528780675472)",3,94.82814579040704,45661
"(0.9293342911877394, 0.9868055555555556)",1,94.82779931444811,45662
"(0.870174510840825, 0.9493987095478396)",1,94.82759405672824,45663
"(0.9457203293797688, 0.9575114377859448)",2,94.82741623191971,45665
"(0.8731395923480499, 0.9747439067467324)",1,94.8273118651536,45666
"(0.7952747333944029, 0.9723109964002158)",1,94.82727596117476,45667
"(0.9408601779678556, 0.9688819909986466)",1,94.8271663209994,45668
"(0.8751579520697168, 0.9615343915343916)",1,94.82714271268172,45669
"(0.7660281989890929, 0.9526018354129678)",1,94.82714173559172,45670
"(0.8351555421322864, 0.9546136534133534)",1,94.82705265658387,45671
"(0.8047996976568405, 0.9866666666666666)",1,94.826966775592,45672
"(0.8627653708298868, 0.9734722222222224)",1,94.82696653018048,45673
"(0.8284936934226033, 0.9577861163227016)",1,94.8269445480064,45674
"(0.8114749579646627, 0.9550597108736644)",1,94.82670809798226,45675
"(0.8744995950480157, 0.9767441860465116)",1,94.82642278941891,45676
"(0.7232797675460064, 0.9550387596899224)",1,94.826390850102,45677
"(0.8752365981200475, 0.9612261904761904)",3,94.8263359029775,45680
"(0.8332521117608837, 0.986574074074074)",2,94.82629702110304,45682
"(0.8762664758354415, 0.9537087912087912)",1,94.8262554318404,45683
"(0.9259031198686372, 0.9333775896189784)",3,94.82611803771314,45686
"(0.7549430260540522, 0.9699302881696444)",1,94.8260467042375,45687
"(0.8860640954495006, 0.95474577471438)",1,94.82592557612196,45688
"(0.8402777777777779, 1.0)",1,94.82585919273816,45689
"(0.7795698924731183, 0.955045504550455)",1,94.82578672344336,45690
"(0.8799035686171609, 0.9357142857142856)",1,94.8255210550313,45691
"(0.8925438596491229, 0.9604697507658034)",1,94.82529446077308,45692
"(0.8459679855028692, 0.9667774086378738)",1,94.82529154140536,45693
"(0.9283969998255712, 0.9536033163265304)",1,94.82529121509438,45694
"(0.918078605068401, 0.9541309523809522)",1,94.8252592344916,45695
"(0.8683241252302025, 0.9740643495864882)",3,94.82510970773332,45698
"(0.9450706646294882, 0.9463234342650104)",1,94.8250618410353,45699
"(0.7962233504512917, 0.9615343915343916)",1,94.8248042883073,45700
"(0.5033677976530568, 0.976252086576514)",1,94.8247617930649,45701
"(0.925, 0.9507857142857142)",2,94.82464832999902,45703
"(0.9280112044817928, 0.9827450980392156)",1,94.82454023767536,45704
"(0.8956505897276728, 0.9462631140307872)",1,94.82453522115584,45705
"(0.8400808029318731, 0.9746882574703842)",2,94.82439592101156,45707
"(0.8762664758354415, 0.9574505911522484)",1,94.82428814218603,45708
"(0.8751579520697168, 0.9615343915343916)",2,94.82416180470086,45710
"(0.8738647342995169, 0.938374125874126)",1,94.82413316292632,45711
"(0.8661774982529699, 0.950721153846154)",1,94.82403429811784,45712
"(0.8926559394175094, 0.9649122807017544)",1,94.82395865966662,45713
"(0.8310470779220779, 0.9507857142857142)",1,94.82383673319686,45714
"(0.8887419165196943, 0.9868055555555556)",1,94.82377706351063,45715
"(0.9354988823409874, 0.9485046203796204)",1,94.82374935671707,45716
"(0.9499194985912254, 0.960607978267748)",2,94.82372924430294,45718
"(0.9426994258113802, 0.9503404207824095)",1,94.82323920162612,45719
"(0.8701313343175253, 0.9477631471684836)",1,94.82317461573042,45720
"(0.9630672573903032, 0.9577861163227016)",1,94.82307064625438,45721
"(0.944540304191448, 0.9665714285714284)",1,94.82304045976348,45722
"(0.8683241252302025, 0.969913169748696)",3,94.8229424262726,45725
"(0.9001409893736627, 0.9586520604621642)",1,94.82291144802798,45726
"(0.9538729657213072, 0.9534181717978908)",1,94.82290921766864,45727
"(0.984504357298475, 0.8575796523164944)",1,94.82279603357296,45728
"(0.8805336604941058, 0.9651951748860688)",1,94.82271063232636,45729
"(0.8731196908559524, 0.9651951748860688)",7,94.82257424195704,45736
"(0.7544006919006919, 1.0)",1,94.8223698237876,45737
"(0.9005147621883774, 0.9541309523809522)",1,94.82232642010538,45738
"(0.7945136049087845, 0.9939613009599456)",3,94.82232628017816,45741
"(0.8696895424836601, 0.9541062801932368)",1,94.82231807550536,45742
"(0.950682393081946, 0.9642166226376752)",1,94.8223176689763,45743
"(0.8209663503019846, 0.960414372935642)",1,94.82230139589092,45744
"(0.7072139577594123, 0.9977272727272728)",2,94.82221976269771,45746
"(0.8851067942942943, 0.972352704445745)",1,94.8222043548734,45747
"(0.8797979797979798, 0.9615343915343916)",1,94.82216976406814,45748
"(0.9207717569786537, 0.9534181717978908)",1,94.82194619383785,45749
"(0.9399404761904762, 0.9577081026208932)",1,94.82189838936904,45750
"(0.847123015873016, 0.9722222222222222)",1,94.82184160835104,45751
"(0.4893086468974264, 0.9651125)",1,94.82183903510288,45752
"(0.8380601247872943, 0.9552772808586762)",1,94.8217663667616,45753
"(0.8380601247872943, 0.9667081046663232)",1,94.82175447436784,45754
"(0.8348214285714286, 0.9466077880369328)",1,94.82173868257584,45755
"(0.8439572704081633, 0.9650363879165252)",2,94.82171365674454,45757
"(0.9577861163227016, 0.9435931041435628)",1,94.82166536607868,45758
"(0.8556083495776478, 0.9747439067467324)",1,94.82165813509698,45759
"(0.9521531100478468, 1.0)",1,94.82157356609116,45760
"(0.8656015037593985, 0.961770130454341)",1,94.8215509569775,45761
"(0.8379287658123746, 0.96004600460046)",1,94.82145217179972,45762
"(0.8917857142857143, 0.9426994258113802)",1,94.82127326221334,45763
"(0.8356902356902357, 0.9868055555555556)",1,94.82115499855928,45764
"(0.8827565726955972, 0.9555491383616382)",2,94.82112507415728,45766
"(0.5667111619628782, 0.9516760651629074)",2,94.8211176280882,45768
"(0.9574568288854002, 0.9503404207824095)",1,94.82110112408547,45769
"(0.9189046799105652, 0.9575114377859448)",2,94.82108279292258,45771
"(0.9002770083102493, 0.9568870566527607)",1,94.82099066172528,45772
"(0.9841269841269842, 0.9841269841269842)",1,94.82080348413322,45773
"(0.8410218253968254, 0.9561403508771932)",1,94.82074976891744,45774
"(0.9047341820740836, 0.9465769388085848)",2,94.8206372583204,45776
"(0.8757566103854729, 0.9667774086378738)",2,94.82047623671782,45778
"(0.8986318234610918, 0.9612261904761904)",1,94.8204229198748,45779
"(0.8475024586783413, 0.9694095827515072)",1,94.82036731906253,45780
"(0.9082265398925176, 0.945044504450445)",1,94.82026750555934,45781
"(0.9247680199941508, 0.9579551650296714)",2,94.82016750748502,45783
"(0.927777350854274, 0.96)",1,94.8199940111404,45784
"(0.7487501664809803, 0.9744255825856334)",4,94.8195707650196,45788
"(0.8949757492849149, 0.9552772808586762)",1,94.81929636523462,45789
"(0.9094344316674038, 0.9608918659970924)",1,94.8191445157755,45790
"(0.950682393081946, 0.961342940685046)",1,94.81910056316929,45791
"(0.7855692365547585, 1.0)",3,94.81910024685534,45794
"(0.8952675231745, 0.9463327370304114)",1,94.81898473597208,45795
"(0.9667927989909412, 0.96996632996633)",1,94.8189003847861,45796
"(0.8961538461538462, 0.9754464285714284)",1,94.81888653456924,45797
"(0.7232797675460064, 0.9774943735933984)",1,94.81884980248978,45798
"(0.863200629779577, 0.9782702035744222)",1,94.81878335362158,45799
"(0.9131182795698924, 0.9767241379310344)",1,94.81859871889324,45800
"(0.9516258530710558, 0.95)",1,94.81858410228206,45801
"(0.9229016661449092, 0.9652282279183656)",4,94.81856134321596,45805
"(0.7809206517381179, 0.9981047033236162)",3,94.81846846188736,45808
"(0.9612261904761904, 0.951596182326806)",1,94.81825270979348,45809
"(0.5450239419215323, 0.9575082533013204)",1,94.81824950550958,45810
"(0.944540304191448, 0.9606447334368527)",1,94.81807225901836,45811
"(0.9252501846146012, 0.9527829893683551)",2,94.81806105584522,45813
"(0.9104761904761904, 0.9748677248677248)",1,94.81802729676218,45814
"(0.8896310286935287, 0.9683214285714286)",1,94.81799935951744,45815
"(0.9577861163227016, 0.9457203293797688)",1,94.81796800633433,45816
"(0.9408601779678556, 0.9541309523809522)",1,94.81796301923706,45817
"(0.9031297003355316, 0.9546136534133534)",1,94.8179369637112,45818
"(0.7149501661129568, 0.9774943735933984)",1,94.81770883711694,45819
"(0.9088431305536568, 0.9692634363686996)",1,94.8176957584488,45820
"(0.8901450053705692, 0.9560805836777236)",2,94.81766995241271,45822
"(0.9462631140307872, 0.9508739421428176)",1,94.81739620486076,45823
"(0.8978798708330872, 0.9694279341856143)",1,94.81708222343688,45824
"(0.8722453294915884, 0.9495131982526256)",1,94.81699858456632,45825
"(0.9508739421428176, 0.9400010146103898)",1,94.8167842626682,45826
"(0.7217510259917921, 0.965497521921464)",1,94.81668801074213,45827
"(0.8421189622802525, 0.9868055555555556)",1,94.81660321296766,45828
"(0.79145763692632, 0.9692634363686996)",1,94.8165116352664,45829
"(0.7952747333944029, 0.9652282279183656)",4,94.81647841037014,45833
"(0.9595374149659864, 0.9579551650296714)",1,94.81642688542364,45834
"(0.7472785737929731, 0.9825319426526432)",1,94.81616917099574,45835
"(0.876818777829583, 0.969913169748696)",1,94.81615396548838,45836
"(0.942961408510189, 0.9749660326086956)",1,94.81615082543917,45837
"(0.917531186761956, 0.95004500450045)",1,94.81607946393125,45838
"(0.7217510259917921, 0.9546136534133534)",1,94.81588205819064,45839
"(0.7304050940471701, 0.95004500450045)",1,94.81584675958518,45840
"(0.8514810806477473, 0.9506818181818182)",1,94.81571581408842,45841
"(0.8786454023420848, 0.9584283173426188)",1,94.81563671357536,45842
"(0.9003322259136212, 0.9667774086378738)",1,94.81556355960446,45843
"(0.9027777777777778, 0.9734722222222224)",1,94.81526882523362,45844
"(0.8956505897276728, 0.935954381752701)",1,94.81525326025874,45845
"(0.9064227185254788, 0.9560805836777236)",3,94.81525125123196,45848
"(0.8505136750684519, 0.9719647822203266)",2,94.81516184336812,45850
"(0.8060728281701421, 0.9526018354129678)",1,94.81514918037728,45851
"(0.908998988877654, 0.9774943735933984)",1,94.81514436350297,45852
"(0.9369792725055884, 0.969913169748696)",4,94.81490319704838,45856
"(0.8601973684210527, 0.9652297777949396)",1,94.81483229932525,45857
"(0.9343434343434344, 0.9475111877796946)",2,94.81460596168826,45859
"(0.8130291548638542, 0.9977272727272728)",1,94.8146045274262,45860
"(0.5779361378128867, 0.969913169748696)",1,94.81441451448728,45861
"(0.8469620378630193, 0.9694279341856143)",1,94.81441332379738,45862
"(0.9185609025397424, 0.9537087912087912)",1,94.81436367483047,45863
"(0.498048399687744, 0.9774943735933984)",1,94.81424768356604,45864
"(0.865084633255891, 0.9588881366132552)",1,94.81424035648122,45865
"(0.794853421848428, 0.9958506963432864)",3,94.81419037838928,45868
"(0.943792719255964, 0.9292946051030736)",2,94.81416613430108,45870
"(0.7466270129116495, 0.950721153846154)",1,94.81409984823762,45871
"(0.9344155844155844, 0.952503401360544)",1,94.814011271738,45872
"(0.9033119658119656, 0.9506818181818182)",1,94.81400311142156,45873
"(0.8590556730091613, 0.9662727157199136)",2,94.81386968937126,45875
"(0.95, 0.9541309523809522)",4,94.813813204214,45879
"(0.8581349206349206, 0.9506818181818182)",2,94.81375199238435,45881
"(0.9450706646294882, 0.9534840838509316)",1,94.8137243767749,45882
"(0.7913531453472169, 0.9601840736294516)",1,94.81369358731038,45883
"(0.9541729732828804, 0.9686710239651416)",1,94.81364571308956,45884
"(0.4896538918597742, 0.9866666666666666)",1,94.81364377316734,45885
"(0.8627494993687694, 0.9649122807017544)",1,94.81361961733892,45886
"(0.8646717600452744, 0.9610152916073968)",1,94.8134843786312,45887
"(0.7929526541282406, 0.9988651610017888)",1,94.8134663084264,45888
"(0.8941062801932367, 0.9868055555555556)",2,94.8132890113971,45890
"(0.9827450980392156, 0.9816305469556244)",1,94.81323941287496,45891
"(0.8557419333086079, 0.9577081026208932)",1,94.8131991151852,45892
"(0.899337170765742, 0.9565375499581746)",1,94.8131158720374,45893
"(0.9033119658119656, 0.9506818181818182)",1,94.81310583901728,45894
"(0.8731196908559524, 0.9528092667566352)",1,94.81310441231469,45895
"(0.8693194124480673, 0.9651951748860688)",3,94.81304569261184,45898
"(0.8584326321395287, 0.9534840838509316)",2,94.813018448113,45900
"(0.8221014871827105, 0.9689265407998844)",2,94.81298762175156,45902
"(0.9201573680323905, 0.955045504550455)",1,94.81290552940916,45903
"(0.8751579520697168, 0.9748677248677248)",1,94.81287984591891,45904
"(0.9370015948963316, 0.9841269841269842)",1,94.81272100415578,45905
"(0.9436930909314628, 0.95)",1,94.81266867262964,45906
"(0.8387491609744542, 0.9767441860465116)",1,94.81266417096798,45907
"(0.9618138828565136, 0.9678608196882048)",1,94.8125516561296,45908
"(0.8713213409717444, 0.9658154816997468)",1,94.81238616421054,45909
"(0.883580779054917, 0.9506818181818182)",4,94.81228528319724,45913
"(0.951596182326806, 0.9465769388085848)",1,94.81227134508252,45914
"(0.8443223443223443, 0.9866666666666666)",1,94.81224087160912,45915
"(0.5861073624231519, 0.9648977033360302)",1,94.81210439332452,45916
"(0.9433680972830336, 0.9541309523809522)",3,94.81196372778274,45919
"(0.8668154125150273, 0.9651951748860688)",1,94.81194801991184,45920
"(0.6190405392011101, 0.9667712327175554)",2,94.8119474551828,45922
"(0.8590036231884057, 0.9734722222222224)",1,94.81178753737396,45923
"(0.8237398713870082, 0.9927802064298704)",1,94.81145339446394,45924
"(0.9386363636363636, 0.9767241379310344)",2,94.81128999014206,45926
"(0.8559380045064403, 0.9730039212080148)",2,94.81123415141344,45928
"(0.961342940685046, 0.9608918659970924)",1,94.8111421671554,45929
"(0.8516967561920434, 0.9541729851919256)",1,94.81094853923076,45930
"(0.7677679255082008, 0.9734922588151064)",1,94.81090915498112,45931
"(0.8794618055555555, 0.9748677248677248)",1,94.81088916637574,45932
"(0.8567335484304631, 0.9428823795600112)",3,94.81084904049752,45935
"(0.8970388585773201, 0.9451780712284916)",1,94.81083238666209,45936
"(0.640588123953227, 0.9500290251916758)",1,94.8107988899423,45937
"(0.9274482758620688, 0.9759093915343916)",1,94.810653976503,45938
"(0.9177054478301016, 0.9560805836777236)",1,94.81060825670616,45939
"(0.7893847194050033, 0.950721153846154)",1,94.81058280507916,45940
"(0.9807902108211706, 0.9808278867102396)",1,94.81056347910118,45941
"(0.8112491373360938, 0.9866666666666666)",1,94.81054752503717,45942
"(0.8601973684210527, 0.9611414900888584)",1,94.81039403273653,45943
"(0.9326603084415584, 0.9574505911522484)",2,94.81035760227957,45945
"(0.8544840720221607, 0.9610152916073968)",1,94.81032613516815,45946
"(0.871437828497372, 0.9563953488372092)",1,94.81032485215474,45947
"(0.8799035686171609, 0.9618138828565136)",1,94.81028035845878,45948
"(0.9534181717978908, 0.95)",3,94.81023853215936,45951
"(0.899337170765742, 0.9555491383616382)",1,94.81002744343594,45952
"(0.8923108552631579, 0.9438484030589294)",1,94.80995938928596,45953
"(0.9523809523809524, 1.0)",1,94.80987754178726,45954
"(0.8639291465378421, 0.9506818181818182)",4,94.80982150707923,45958
"(0.9140535714285716, 0.9426783174151596)",1,94.80979677046224,45959
"(0.8592532467532467, 0.986574074074074)",1,94.80965351645952,45960
"(0.944800323176362, 0.969913169748696)",4,94.80959504238184,45964
"(0.952503401360544, 0.9650363879165252)",1,94.80959070183997,45965
"(0.9354509320175438, 0.9825319426526432)",1,94.80956925173872,45966
"(0.7349551414768807, 0.9743589743589745)",1,94.8094464215826,45967
"(0.875, 0.9759093915343916)",2,94.80933542817375,45969
"(0.8533333333333333, 0.938374125874126)",1,94.80914835470792,45970
"(0.8131868131868132, 0.9577861163227016)",1,94.80914516582318,45971
"(0.6700292397660818, 0.969913169748696)",1,94.809143669957,45972
"(0.9170528266913808, 0.9551820728291316)",1,94.80907448644666,45973
"(0.9550597108736644, 0.953054992365648)",1,94.80905274216764,45974
"(0.8753753753753755, 0.9584283173426188)",1,94.80904520370702,45975
"(0.8665866615463389, 0.938374125874126)",1,94.80902692207252,45976
"(0.8365744453354719, 0.9767441860465116)",1,94.80893219479044,45977
"(0.6839363170549945, 0.9996213816771112)",3,94.80890971127828,45980
"(0.8599096060965494, 0.9560805836777236)",1,94.80869725740205,45981
"(0.7518810204481623, 0.9710336835514644)",4,94.80859016162368,45985
"(0.7779411764705884, 0.9543257389162564)",2,94.8085878363619,45987
"(0.8581587837837837, 0.9754464285714284)",1,94.8084464287016,45988
"(0.7543008329046703, 0.9848155058837976)",1,94.80841727924114,45989
"(0.8920200638394893, 0.9552772808586762)",1,94.80838553691576,45990
"(0.9081468615856708, 0.9516760651629074)",1,94.80814534441188,45991
"(0.8604651162790697, 0.9667774086378738)",1,94.808140659535,45992
"(0.8473280554181098, 0.9463327370304114)",1,94.80810217214965,45993
"(0.4896538918597742, 0.958531746031746)",1,94.808015462714,45994
"(0.9386724386724388, 0.9841269841269842)",1,94.80792503025552,45995
"(0.8762664758354415, 0.9635619016637234)",2,94.80792361667456,45997
"(0.9508739421428176, 0.9705862533692722)",2,94.8079159871422,45999
"(0.9283144321801948, 0.9438484030589294)",1,94.807776399352,46000
"(0.944540304191448, 0.9571428571428572)",1,94.8076707271348,46001
"(0.7806873005269798, 0.9962166963593724)",3,94.8074938914164,46004
"(0.8434846806939831, 0.965497521921464)",1,94.80743454369636,46005
"(0.9433680972830336, 0.9579551650296714)",1,94.80742093968928,46006
"(0.9507101086048454, 0.9841269841269842)",1,94.80739779404526,46007
"(0.9081468615856708, 0.94745682548523)",2,94.8072765410319,46009
"(0.9207717569786537, 0.95004500450045)",1,94.80675895889084,46010
"(0.95, 0.9579551650296714)",1,94.80673063344048,46011
"(0.9007910628019324, 0.9879464285714284)",2,94.80664915604366,46013
"(0.8731060606060606, 1.0)",1,94.80657978863292,46014
"(0.9577861163227016, 0.9493987095478396)",3,94.80654658510018,46017
"(0.7605257553885152, 0.9693252593180166)",1,94.8065189141974,46018
"(0.950700596776178, 0.9727638167328804)",1,94.80640236599172,46019
"(0.9003322259136212, 0.9774943735933984)",1,94.8063714576559,46020
"(0.95004500450045, 0.9526018354129678)",3,94.80628460837708,46023
"(0.8766755371575004, 0.9619141452665482)",1,94.80603803910716,46024
"(0.8349944629014396, 0.9563953488372092)",1,94.80603666270213,46025
"(0.8170426065162907, 1.0)",1,94.80595610324218,46026
"(0.8692635658914728, 0.9774943735933984)",2,94.80576332453737,46028
"(0.8284936934226033, 0.9526018354129678)",1,94.80566814391746,46029
"(0.9371419957793188, 0.9554098688819938)",3,94.80552418736252,46032
"(0.9352667274015588, 0.945713141025641)",3,94.80547711263442,46035
"(0.8630984952120382, 0.9463327370304114)",1,94.80537847574472,46036
"(0.933229459603253, 0.953054992365648)",1,94.80535680021607,46037
"(0.8581587837837837, 0.9754464285714284)",1,94.80530359968054,46038
"(0.8468390938509743, 0.9604068992170508)",4,94.80529240239528,46042
"(0.899337170765742, 0.9535924585381664)",1,94.80522743486397,46043
"(0.8787790697674417, 0.9365750528541228)",1,94.80522329589056,46044
"(0.8260952755751612, 0.998499594484996)",3,94.80509134156878,46047
"(0.905649630541872, 0.9624656593406592)",1,94.80489758782542,46048
"(0.84, 0.9527829893683551)",1,94.80486652035758,46049
"(0.4867087879718474, 0.9776977549438736)",1,94.80476571825956,46050
"(0.901648307790549, 0.9507857142857142)",1,94.80469532072335,46051
"(0.9185609025397424, 0.944540304191448)",1,94.80466935485664,46052
"(0.9371419957793188, 0.9504053648283456)",1,94.80466367587913,46053
"(0.9090909090909092, 0.9580611248779756)",1,94.80453792700942,46054
"(0.9523529411764708, 0.9495131982526256)",1,94.80453405875949,46055
"(0.7952747333944029, 0.966408313395652)",1,94.80435127407588,46056
"(0.96, 0.942599584906604)",3,94.80428424764196,46059
"(0.8183575715604802, 0.9736842105263158)",1,94.80422007839547,46060
"(0.809724025974026, 0.9624656593406592)",2,94.8042194254983,46062
"(0.902896642527979, 0.9527829893683551)",1,94.80415497450956,46063
"(0.9649729659305584, 0.9380552220888356)",1,94.80402091219436,46064
"(0.9367114963691102, 0.9485046203796204)",1,94.80401174414492,46065
"(0.7724881844733854, 0.996969696969697)",1,94.8039648809269,46066
"(0.5779361378128867, 0.9694279341856143)",1,94.80395338190574,46067
"(0.8183159722222222, 0.9507857142857142)",1,94.80383159311296,46068
"(0.9333607456140351, 0.9516760651629074)",1,94.80361594801622,46069
"(0.9612261904761904, 0.9577081026208932)",2,94.8035896184786,46071
"(0.752024332194945, 0.9681601851243496)",1,94.80345367310106,46072
"(0.8148063759258677, 0.9981290453074432)",1,94.80314090702709,46073
"(0.9365750528541228, 0.9552772808586762)",1,94.80305950557816,46074
"(0.8183575715604802, 0.9590069946107098)",1,94.80299554843822,46075
"(0.7725729517396184, 0.9506818181818182)",1,94.8029471035916,46076
"(0.863200629779577, 0.969913169748696)",1,94.80279058869236,46077
"(0.7913531453472169, 0.9575114377859448)",1,94.8027898073124,46078
"(0.908998988877654, 0.9667774086378738)",1,94.80263942000596,46079
"(0.96004600460046, 0.95)",2,94.80252589461294,46081
"(0.8232941176470588, 0.9539215686274508)",1,94.80246977753916,46082
"(0.8326984126984126, 0.955045504550455)",1,94.80235121916674,46083
"(0.8117825361512793, 0.9754464285714284)",1,94.80233401125965,46084
"(0.8089966546643172, 0.9504053648283456)",1,94.80224319053364,46085
"(0.875402576489533, 0.9506818181818182)",1,94.80219091422391,46086
"(0.7595766902549236, 0.9706272019322868)",4,94.8018640845162,46090
"(0.8166446003907016, 0.9959429824561404)",1,94.80160787774194,46091
"(0.9385522734146589, 0.9475111877796946)",1,94.8015323579643,46092
"(0.8387491609744542, 0.965497521921464)",1,94.8015253547968,46093
"(0.6782946827273069, 0.9868055555555556)",2,94.80151518773908,46095
"(0.8705805822084891, 1.0)",1,94.80137208410429,46096
"(0.9385964912280702, 0.969913169748696)",1,94.80135862144311,46097
"(0.875402576489533, 0.9541062801932368)",1,94.8013500522558,46098
"(0.824225054981075, 0.9707220977326884)",1,94.80128389959766,46099
"(0.7800259083338473, 0.9885627144491042)",2,94.80118012533016,46101
"(0.8138881768037778, 0.992156862745098)",1,94.8011076692674,46102
"(0.8732558430822417, 0.9504053648283456)",1,94.80085282950544,46103
"(0.8822248676288769, 0.9715186341135926)",1,94.80074667605852,46104
"(0.812161361179875, 0.9552772808586762)",1,94.80054174231807,46105
"(0.9541309523809522, 0.9595374149659864)",1,94.8005016577416,46106
"(0.9399404761904762, 0.9565375499581746)",1,94.8004761047864,46107
"(0.7487501664809803, 0.9740992020921596)",1,94.80033941679422,46108
"(0.8915343915343915, 1.0)",2,94.80031831858354,46110
"(0.8716683535762482, 0.9648977033360302)",1,94.8002866660269,46111
"(0.9716219096334184, 0.9882352941176472)",4,94.80022650949866,46115
"(0.8138874207188161, 0.9552772808586762)",1,94.80012552684464,46116
"(0.8252552284666469, 0.9516760651629074)",1,94.79972316456656,46117
"(0.8837209302325582, 0.9552772808586762)",1,94.7995578162392,46118
"(0.7159090909090909, 0.9506818181818182)",1,94.7994385234406,46119
"(0.8577972192765406, 0.9506818181818182)",1,94.7992745734789,46120
"(0.6396617032392895, 0.9754464285714284)",1,94.79925194176916,46121
"(0.8157493041213971, 0.9658136502834966)",1,94.79919290909152,46122
"(0.93916595083917, 0.9579551650296714)",1,94.79905909112912,46123
"(0.8955165692007796, 0.9694279341856143)",1,94.79893082769232,46124
"(0.8473280554181098, 0.9463327370304114)",1,94.79878743879824,46125
"(0.8370512373649356, 0.9913490623109498)",1,94.79871594112883,46126
"(0.8621651785714286, 0.9608348284368692)",1,94.7986702136026,46127
"(0.8378607256856231, 0.9563953488372092)",1,94.79864690287376,46128
"(0.8398027589298449, 0.9473684210526316)",1,94.7984718146912,46129
"(0.7091759436137276, 0.9380552220888356)",1,94.79844309543503,46130
"(0.8060728281701421, 0.950721153846154)",1,94.79837752212369,46131
"(0.6513926775780916, 0.9694279341856143)",1,94.79835002083384,46132
"(0.9226438267614736, 0.9384353741496598)",1,94.79833473556664,46133
"(0.7660281989890929, 0.953054992365648)",1,94.79832564630652,46134
"(0.9170528266913808, 0.9525113127828196)",1,94.798292709018,46135
"(0.9561403508771932, 0.9457203293797688)",1,94.79812100064063,46136
"(0.877599715099715, 0.9868055555555556)",2,94.79785142669326,46138
"(0.847123015873016, 0.9868055555555556)",2,94.79779901180926,46140
"(0.9127579737335836, 0.96)",1,94.79777739031096,46141
"(0.7840187590187591, 1.0)",1,94.79770122397426,46142
"(0.8936585789922377, 0.9428823795600112)",1,94.79764545781626,46143
"(0.7875946738953866, 0.9950645287859184)",3,94.79758449651914,46146
"(0.8587799123693967, 0.9550387596899224)",1,94.79738513748504,46147
"(0.9020844965568584, 0.9579551650296714)",1,94.79734221170008,46148
"(0.8705805822084891, 1.0)",2,94.79731602113812,46150
"(0.8533333333333333, 0.9506818181818182)",1,94.79722740471476,46151
"(0.795803080252039, 0.9958399733577196)",1,94.79711639823807,46152
"(0.9432302504125708, 0.9476776665722468)",1,94.79696713218073,46153
"(0.8945130355728907, 0.9885627144491042)",1,94.79690964054836,46154
"(0.9019607843137254, 0.9868055555555556)",1,94.79689263625772,46155
"(0.899997244510117, 0.9560805836777236)",1,94.79682711581012,46156
"(0.8661774982529699, 0.9438426239374108)",1,94.79668237579492,46157
"(0.8729235880398671, 0.9774943735933984)",1,94.79666961738472,46158
"(0.8126903630604289, 0.9913490623109498)",3,94.79662491976195,46161
"(0.8887463343108504, 0.9615343915343916)",1,94.79651485998646,46162
"(0.9105963611859836, 0.9785754927860192)",1,94.7964831380631,46163
"(0.8421189622802525, 0.9748677248677248)",1,94.7964292564554,46164
"(0.8129629629629629, 1.0)",2,94.79634048141808,46166
"(0.9232966136270908, 0.9575114377859448)",1,94.7963371129131,46167
"(0.8726622214994307, 0.9552772808586762)",1,94.79632512458788,46168
"(0.9504053648283456, 0.945044504450445)",2,94.79615346518288,46170
"(0.8860693400167085, 0.956140350877193)",1,94.796123532646,46171
"(0.927777350854274, 0.9504053648283456)",1,94.79609509008132,46172
"(0.8816793893129771, 0.9554098688819938)",3,94.79588899273752,46175
"(0.8783564814814815, 0.9734722222222224)",1,94.79588723036746,46176
"(0.8946441155743481, 0.9430166863749836)",1,94.79583991673162,46177
"(0.8380601247872943, 0.9552772808586762)",1,94.79571933207887,46178
"(0.8065226115972981, 0.9694279341856143)",1,94.79564278017644,46179
"(0.8279471840747293, 0.9605856647968066)",3,94.79562677592004,46182
"(0.8714817270851754, 0.9506818181818182)",1,94.79550452632736,46183
"(0.9565217391304348, 0.9841269841269842)",1,94.79544409816783,46184
"(0.908624810464907, 0.945)",1,94.79544248483325,46185
"(0.9565217391304348, 1.0)",1,94.7954339536748,46186
"(0.7241205259313368, 0.967795579413905)",1,94.79539528764668,46187
"(0.8638474025974026, 0.9612261904761904)",3,94.79537700381344,46190
"(0.7606882168925964, 0.960414372935642)",2,94.79537645099268,46192
"(0.7843310535618229, 0.9526018354129678)",1,94.7953677818446,46193
"(0.8487390350877192, 0.9517433954079988)",3,94.7951347859706,46196
"(0.7410529682885718, 0.9680557085205076)",1,94.79500871668378,46197
"(0.7871989121989122, 0.9722222222222222)",1,94.79492656489586,46198
"(0.9433680972830336, 0.9541309523809522)",4,94.79486077999776,46202
"(0.926440329218107, 0.969913169748696)",1,94.7948322866944,46203
"(0.9096474293842716, 0.9698578833447256)",1,94.79480027034208,46204
"(0.9541309523809522, 0.9574505911522484)",2,94.79471995297136,46206
"(0.6457960644007156, 0.9667081046663232)",1,94.79467584488071,46207
"(0.6396617032392895, 0.9503723544973544)",1,94.79451871771148,46208
"(0.961342940685046, 0.9688819909986466)",1,94.79446278078068,46209
"(0.8769958847736625, 0.9506818181818182)",1,94.7942467953187,46210
"(0.9426994258113802, 0.9574505911522484)",1,94.79403756433724,46211
"(0.6285647498831229, 0.9527829893683551)",1,94.7940224095593,46212
"(0.8533333333333333, 0.9506818181818182)",4,94.793862428164,46216
"(0.8275809031622985, 1.0)",1,94.79385223879194,46217
"(0.7529825792983688, 0.9684558546108968)",1,94.79366023559722,46218
"(0.8603013429413692, 0.9427767354596622)",1,94.79364605271932,46219
"(0.8232281991085706, 0.96004600460046)",1,94.79364024985324,46220
"(0.8783564814814815, 0.9506818181818182)",2,94.7936070250162,46222
"(0.9420000000000002, 0.9507857142857142)",1,94.79350199069152,46223
"(0.8385240352064998, 0.955)",3,94.79350088390368,46226
"(0.8282276376611791, 0.9694279341856143)",2,94.79338165814352,46228
"(0.9373919235072729, 0.9554098688819938)",4,94.7933459847311,46232
"(0.8461343654434251, 0.9701391175944156)",1,94.79317041152768,46233
"(0.9665714285714284, 0.9618138828565136)",2,94.79313667234922,46235
"(0.8807378807378808, 0.9444444444444444)",1,94.79304109838723,46236
"(0.9226438267614736, 0.9428571428571428)",2,94.79298569327472,46238
"(0.5281045751633987, 0.9473039215686276)",3,94.7929637040332,46241
"(0.8318452380952381, 0.9523809523809524)",1,94.79286430234824,46242
"(0.9550387596899224, 0.9563953488372092)",1,94.79283292642648,46243
"(0.9498577524893316, 0.9537087912087912)",1,94.79279065200537,46244
"(0.841554780802611, 0.9873931623931624)",1,94.7927766080866,46245
"(0.7078583371333029, 0.9552772808586762)",1,94.7926482163832,46246
"(0.8089110671730011, 0.9463327370304114)",1,94.79260273020104,46247
"(0.8808345087627107, 0.9628635734072022)",2,94.79258651085426,46249
"(0.9354509320175438, 0.9648977033360302)",1,94.79254731758286,46250
"(0.8361410189075631, 0.9507857142857142)",1,94.79218978352102,46251
"(0.874810606060606, 0.9767241379310344)",1,94.79214927761302,46252
"(0.8864468864468864, 1.0)",1,94.79209485266884,46253
"(0.907635752688172, 0.9647321428571428)",2,94.7920917379222,46255
"(0.8319805194805194, 0.9507857142857142)",1,94.79209083084432,46256
"(0.8198932646301067, 0.9503723544973544)",1,94.79198690873096,46257
"(0.8494411571334649, 0.9484706871399252)",1,94.7919085878163,46258
"(0.5631200055111601, 0.9739813018306994)",1,94.79185173924044,46259
"(0.9362824675324676, 0.9435931041435628)",1,94.79176723512744,46260
"(0.8952569169960475, 0.9584283173426188)",1,94.79175815221906,46261
"(0.8537607374816678, 0.9464496874824032)",1,94.7916324894462,46262
"(0.9259031198686372, 0.9484080262531626)",1,94.79161235079526,46263
"(0.9539715664536326, 0.9473039215686276)",1,94.7915761389018,46264
"(0.8556244819380197, 0.9551820728291316)",1,94.7915580047587,46265
"(0.8026869481236204, 0.998490065707448)",3,94.79151955869932,46268
"(0.9088431305536568, 0.9604697507658034)",1,94.79124952267468,46269
"(0.9196428571428572, 0.9647321428571428)",1,94.791238705079,46270
"(0.8527777777777779, 0.9743589743589745)",1,94.79102828103588,46271
"(0.9142857142857144, 0.9535924585381664)",1,94.79100378980398,46272
"(0.567710150320565, 0.969913169748696)",3,94.79097041164088,46275
"(0.9263477887938646, 0.9575114377859448)",1,94.7909231504598,46276
"(0.8997086999609598, 0.9574568288854002)",1,94.7906117807269,46277
"(0.919687006945461, 0.9722222222222222)",1,94.79048695444176,46278
"(0.7399584487534626, 0.9649122807017544)",1,94.79048046622005,46279
"(0.6190405392011101, 0.9747439067467324)",1,94.7904090152026,46280
"(0.8426434676434675, 0.9407729468599032)",1,94.79037839050824,46281
"(0.9462631140307872, 0.9586520604621642)",1,94.7903032408629,46282
"(0.8286541889483067, 0.960414372935642)",1,94.79025361464798,46283
"(0.8732558430822417, 0.9511278195488724)",1,94.7902312732132,46284
"(0.9498577524893316, 0.95)",1,94.7902149333014,46285
"(0.9049919484702094, 0.9841269841269842)",1,94.7901864640997,46286
"(0.8351193705914272, 0.9707309941520468)",2,94.79014591183436,46288
"(0.8898792718668495, 0.962604085919332)",1,94.79013873796976,46289
"(0.8318452380952381, 0.9748677248677248)",1,94.79011449630164,46290
"(0.932845238095238, 0.9485046203796204)",1,94.79007370156664,46291
"(0.944540304191448, 0.9495131982526256)",1,94.79000759335077,46292
"(0.8466429230972168, 0.9528092667566352)",3,94.78997342565134,46295
"(0.8132390951302638, 0.9692634363686996)",1,94.78994726861806,46296
"(0.8514810806477473, 0.9506818181818182)",1,94.78990570676476,46297
"(0.93916595083917, 0.95)",1,94.7899056543006,46298
"(0.913324175824176, 0.9507857142857142)",1,94.789877596635,46299
"(0.8138874207188161, 0.9552772808586762)",1,94.78984118154558,46300
"(0.9611528822055138, 0.9401760704281712)",1,94.78976517139888,46301
"(0.8753753753753755, 0.962604085919332)",2,94.7897634231067,46303
"(0.8311915850750934, 0.9932699336672534)",1,94.78971748024532,46304
"(0.7602353203073469, 0.9694077433519888)",1,94.7894682709002,46305
"(0.8805336604941058, 0.9737148229943366)",1,94.7894669142362,46306
"(0.8298528713811104, 0.9563953488372092)",1,94.78927044419402,46307
"(0.9803050108932462, 0.8827764574270927)",1,94.78917814643664,46308
"(0.8641433305377707, 0.9487807417399612)",1,94.78915756427004,46309
"(0.816609291545804, 0.9706083095402768)",4,94.7890266382138,46313
"(0.9444444444444444, 1.0)",1,94.78900305793758,46314
"(0.8457082316070161, 0.9506818181818182)",2,94.78894644764594,46316
"(0.8832713293650792, 0.9579551650296714)",1,94.78888611264334,46317
"(0.9371419957793188, 0.947600710159786)",1,94.78885982344082,46318
"(0.9504053648283456, 0.950721153846154)",1,94.78884571314008,46319
"(0.9235874607931364, 0.9414601023976022)",1,94.7887875952489,46320
"(0.9586520604621642, 0.9642166226376752)",1,94.78877541116104,46321
"(0.8348214285714286, 0.9577861163227016)",1,94.78870322246108,46322
"(0.763189368770764, 0.9464496874824032)",1,94.78869968105658,46323
"(0.8379287658123746, 0.9504053648283456)",1,94.78855757328068,46324
"(0.8946441155743481, 0.9774943735933984)",1,94.78855319734436,46325
"(0.8019390581717452, 0.969913169748696)",1,94.78843970745724,46326
"(0.8095975232198143, 0.9454008607746972)",1,94.78829709020114,46327
"(0.8048816547737346, 0.9753639738669572)",2,94.78827956524852,46329
"(0.6403503049675462, 0.9885627144491042)",1,94.78813627944922,46330
"(0.95474577471438, 0.9508739421428176)",1,94.78812919513813,46331
"(0.9635619016637234, 0.9574505911522484)",1,94.788021184828,46332
"(0.8804026684717579, 0.9692611405686724)",1,94.7879997544603,46333
"(0.8533773606766307, 0.96004600460046)",1,94.78784135099608,46334
"(0.908998988877654, 0.9667774086378738)",1,94.78771347893075,46335
"(0.8890863872430693, 0.95)",1,94.7875529973578,46336
"(0.8782163096650154, 0.9528092667566352)",1,94.78740788293618,46337
"(0.848542995746943, 0.9604697507658034)",1,94.78720228579422,46338
"(0.899997244510117, 0.956140350877193)",1,94.78710501200636,46339
"(0.6988221026049972, 0.961770130454341)",1,94.78700898362293,46340
"(0.9023569023569024, 1.0)",1,94.78699206321645,46341
"(0.8516815310293571, 0.9506818181818182)",2,94.78689712080356,46343
"(0.8202677043217801, 0.9844188221282876)",1,94.78679921744585,46344
"(0.8393402428317523, 0.9996213816771112)",1,94.7867965434078,46345
"(0.8046779964221825, 0.9663919763042904)",1,94.78646854902864,46346
"(0.9135802469135802, 1.0)",1,94.78627593069302,46347
"(0.9259560057540158, 0.9586520604621642)",1,94.78623349373996,46348
"(0.9363885088919288, 0.9667774086378738)",1,94.78619316615824,46349
"(0.8298183642256803, 0.9954528780675472)",1,94.78610970075395,46350
"(0.9561403508771932, 0.953054992365648)",1,94.7861026522312,46351
"(0.8223224173390287, 0.9563953488372092)",1,94.78605579798564,46352
"(0.8060320096123339, 0.9658154816997468)",2,94.78596820318376,46354
"(0.8917857142857143, 0.9390638788116482)",1,94.78590091485988,46355
"(0.8060320096123339, 0.9552005012531328)",1,94.78585204957942,46356
"(0.80625, 0.9506818181818182)",1,94.78570075312535,46357
"(0.860587002096436, 0.9486339348724668)",1,94.7856177429908,46358
"(0.8434101386909988, 0.9610152916073968)",1,94.78546399598392,46359
"(0.6700292397660818, 0.969913169748696)",3,94.78527287843406,46362
"(0.9185609025397424, 0.9625936563436563)",1,94.78519803240708,46363
"(0.9584283173426188, 0.9511278195488724)",2,94.78487200029991,46365
"(0.8900759734093067, 1.0)",1,94.784642564867,46366
"(0.8232281991085706, 0.9534181717978908)",1,94.78462486789256,46367
"(0.8527777777777779, 1.0)",1,94.78443459249542,46368
"(0.9385964912280702, 0.9740643495864882)",2,94.78418933725466,46370
"(0.9393939393939392, 0.9488577948293588)",1,94.78402278550772,46371
"(0.8816793893129771, 0.950721153846154)",1,94.78402246701216,46372
"(0.8078308130291714, 0.9667774086378738)",1,94.78388208074558,46373
"(0.8006272988627237, 0.9595374149659864)",5,94.78358783107846,46378
"(0.93218671679198, 0.9498577524893316)",2,94.78354909046902,46380
"(0.8252552284666469, 0.9648977033360302)",6,94.78348186451494,46386
"(0.8661024879071576, 0.9687863141851402)",1,94.78335045106384,46387
"(0.899337170765742, 0.9595374149659864)",1,94.783054890058,46388
"(0.7824770258980785, 0.9648977033360302)",1,94.78299965554729,46389
"(0.9152165481577246, 0.952503401360544)",1,94.78291254849808,46390
"(0.955544662122821, 0.95474577471438)",1,94.78287638925616,46391
"(0.950682393081946, 0.9555491383616382)",2,94.78277338552972,46393
"(0.8495727722191059, 0.9612261904761904)",3,94.78267607001732,46396
"(0.8191214470284237, 0.9563953488372092)",1,94.78264972379765,46397
"(0.8886710037305504, 0.9472634640194172)",3,94.7826206642468,46400
"(0.7562789357770642, 0.9473684210526316)",1,94.78251334608872,46401
"(0.8128693274039858, 0.956140350877193)",3,94.78234828774416,46404
"(0.8475024586783413, 0.9506214760317758)",1,94.78234679379906,46405
"(0.920419153009064, 0.969913169748696)",1,94.7821559130989,46406
"(0.9140535714285716, 0.9464079225584776)",1,94.78210742725386,46407
"(0.8661024879071576, 0.9696800892224527)",1,94.78205345226354,46408
"(0.8065179582561031, 0.9636544098463092)",1,94.78188007696272,46409
"(0.9595374149659864, 0.9650363879165252)",1,94.7817431124432,46410
"(0.9087026014109348, 1.0)",2,94.78150868721106,46412
"(0.8514810806477473, 0.9541062801932368)",1,94.7814301468309,46413
"(0.8316355404640634, 0.956140350877193)",1,94.78139281705764,46414
"(0.8956505897276728, 0.9586520604621642)",1,94.78137445874034,46415
"(0.96625, 0.9754464285714284)",1,94.7812876495728,46416
"(0.8244159679375627, 0.935215946843854)",1,94.78114923769007,46417
"(0.9333908045977012, 0.9767241379310344)",1,94.7811284500078,46418
"(0.7458162420794, 0.9721118130149508)",4,94.7809458234131,46422
"(0.8607558212871163, 0.95004500450045)",1,94.78088239157344,46423
"(0.8461343654434251, 0.9690425989179888)",1,94.78085588177235,46424
"(0.8581349206349206, 0.9506818181818182)",1,94.78079319790076,46425
"(0.8943904476638752, 0.9438484030589294)",1,94.78052256209068,46426
"(0.8524177828082752, 0.969913169748696)",1,94.78038522608178,46427
"(0.8683686913500577, 0.950721153846154)",1,94.78016434799748,46428
"(0.8753462245347001, 0.96004600460046)",1,94.77997362333012,46429
"(0.9715797169307606, 0.9608348284368692)",1,94.77987778750246,46430
"(0.870174510840825, 0.9577861163227016)",6,94.7798066132178,46436
"(0.8434005459188165, 0.9580611248779756)",1,94.77979219944604,46437
"(0.9498577524893316, 0.9612261904761904)",4,94.7794902465745,46441
"(0.8901450053705692, 0.9516760651629074)",3,94.77937603584058,46444
"(0.9343434343434344, 0.95)",1,94.779249811958,46445
"(0.7156656011567274, 0.9918548745575728)",1,94.7792006390074,46446
"(0.6887409664984169, 0.9941289260968528)",1,94.77907423377351,46447
"(0.8860640954495006, 0.9574505911522484)",1,94.77904296794128,46448
"(0.9360538014841208, 0.944540304191448)",1,94.77875167327348,46449
"(0.8897707231040564, 1.0)",1,94.77865654770189,46450
"(0.4622451343836886, 0.971399359963998)",1,94.77861675361652,46451
"(0.7261336323863321, 0.9969657800977711)",1,94.77847992825782,46452
"(0.9114583333333336, 0.947600710159786)",2,94.7783811000182,46454
"(0.9495131982526256, 0.9565375499581746)",1,94.77837185657306,46455
"(0.8445548587280515, 0.9692962770739574)",1,94.7783473698641,46456
"(0.9152165481577246, 0.9485046203796204)",1,94.77830307836253,46457
"(0.80625, 0.9541062801932368)",1,94.7781117832887,46458
"(0.8351193705914272, 0.9788110478899952)",1,94.77809685083584,46459
"(0.8319805194805194, 0.9398168103448276)",1,94.77806563304502,46460
"(0.8660716819433014, 0.9561403508771932)",1,94.77793816284684,46461
"(0.9612261904761904, 0.9571428571428572)",1,94.7778408037948,46462
"(0.7652624504810414, 0.960657765442102)",1,94.77782230963378,46463
"(0.8356705909510619, 0.9648977033360302)",1,94.7778174285588,46464
"(0.8251352813852814, 0.9507857142857142)",1,94.77776257320342,46465
"(0.6558708340680656, 0.9663840713003108)",1,94.77766416639082,46466
"(0.9493987095478396, 0.953054992365648)",1,94.77765596491906,46467
"(0.4740382883305499, 0.9755701754385964)",1,94.7776271822134,46468
"(0.7232797675460064, 0.9424323293938236)",1,94.77755894125656,46469
"(0.8019390581717452, 0.9605856647968066)",1,94.77755158662448,46470
"(0.8271323663565043, 0.9729166666666668)",1,94.77726550872528,46471
"(0.8824013157894737, 0.9651951748860688)",1,94.7772651656373,46472
"(0.8221900156455976, 0.9605618758089756)",1,94.77707549500973,46473
"(0.8713213409717444, 0.961770130454341)",1,94.7770180309225,46474
"(0.9373919235072729, 0.9534181717978908)",1,94.77698426277544,46475
"(0.847123015873016, 0.9734722222222224)",2,94.77690564573096,46477
"(0.9555491383616382, 0.9498577524893316)",1,94.77678418732935,46478
"(0.9100580270793036, 0.9488577948293588)",1,94.77676632474284,46479
"(0.8434005459188165, 0.955045504550455)",1,94.77672847506037,46480
"(0.8942415173616616, 0.9498577524893316)",1,94.7766749703231,46481
"(0.8577073070607554, 0.9506818181818182)",1,94.77664803870545,46482
"(0.9541309523809522, 0.9571428571428572)",1,94.7766390898302,46483
"(0.8946441155743481, 0.9550387596899224)",1,94.7765908312654,46484
"(0.8516815310293571, 0.9506818181818182)",1,94.77658637283224,46485
"(0.9074000236280936, 0.969913169748696)",3,94.7765713001941,46488
"(0.9408601779678556, 0.9571428571428572)",1,94.77621854257796,46489
"(0.8173976608187135, 0.969913169748696)",1,94.77607498028686,46490
"(0.8820043103448276, 0.9248353174603174)",1,94.775930096185,46491
"(0.809724025974026, 0.9754464285714284)",2,94.77590896984395,46493
"(0.5779361378128867, 0.9740643495864882)",3,94.77579062109848,46496
"(0.9433680972830336, 0.9574505911522484)",1,94.77571171842844,46497
"(0.8502024291497975, 0.9560805836777236)",1,94.77551513544026,46498
"(0.92825928025169, 0.9574505911522484)",2,94.77550374827784,46500
"(0.932101534037604, 0.9743669349106172)",4,94.7754736563636,46504
"(0.9577861163227016, 0.9575114377859448)",2,94.77531243624868,46506
"(0.7761325426968481, 0.9913944375426094)",2,94.7750904069356,46508
"(0.9611528822055138, 0.9501800720288114)",3,94.77508600550988,46511
"(0.8448688271604938, 0.9868055555555556)",1,94.77499240968284,46512
"(0.8757566103854729, 0.9667774086378738)",1,94.7748215349139,46513
"(0.8103479358211646, 0.9463327370304114)",1,94.7746392628772,46514
"(0.8501293103448276, 0.9624821937321938)",1,94.7746192850584,46515
"(0.9428571428571428, 0.9612261904761904)",1,94.7745128984028,46516
"(0.913324175824176, 0.9507857142857142)",1,94.77451002544096,46517
"(0.8156616246999273, 0.9692634363686996)",1,94.7743975641252,46518
"(0.9049919484702094, 0.9841269841269842)",1,94.77419516701576,46519
"(0.9426994258113802, 0.9537087912087912)",1,94.77416182056793,46520
"(0.9647217861503576, 0.9586520604621642)",2,94.77400796702386,46522
"(0.8832772166105499, 1.0)",1,94.7739490180654,46523
"(0.8046779964221825, 0.9415378750109974)",1,94.77386206571266,46524
"(0.8641433305377707, 0.9694279341856143)",1,94.77380560090717,46525
"(0.8776804590758078, 0.9546136534133534)",1,94.77380283449703,46526
"(0.8755813953488372, 0.9667774086378738)",1,94.77378210815657,46527
"(0.7511440764072342, 0.9678051976703084)",4,94.77363019374953,46531
"(0.8442565186751232, 0.9552772808586762)",1,94.77333724228644,46532
"(0.992156862745098, 0.9882352941176472)",4,94.77314250699196,46536
"(0.8060320096123339, 0.9737148229943366)",1,94.77306357778586,46537
"(0.8457082316070161, 0.9506818181818182)",1,94.77306271447247,46538
"(0.8421030449216724, 0.9868055555555556)",1,94.772955240557,46539
"(0.8816793893129771, 0.9577861163227016)",1,94.7728202802431,46540
"(0.8324299119892755, 0.9563260001856492)",1,94.77269641718088,46541
"(0.7558179989944697, 0.9992424242424244)",1,94.77265729283629,46542
"(0.7913587204505935, 0.9984875577410224)",3,94.77259231873512,46545
"(0.9365260121142476, 0.9886710239651416)",1,94.77256315999648,46546
"(0.8324556504162345, 0.9477798624140088)",1,94.77253000992656,46547
"(0.8729235880398671, 0.9774943735933984)",2,94.7724704632133,46549
"(0.7823464912280702, 0.969913169748696)",6,94.77244532087676,46555
"(0.9526018354129678, 0.955045504550455)",1,94.77240169844006,46556
"(0.875402576489533, 0.938374125874126)",4,94.77225473611648,46560
"(0.8327485380116959, 0.9605856647968066)",1,94.77217854539164,46561
"(0.8897732810238289, 0.9686200438283324)",1,94.77212770909208,46562
"(0.8427109974424554, 0.947600710159786)",1,94.7721043812522,46563
"(0.947866344605475, 0.9454008607746972)",1,94.77205995733584,46564
"(0.5960047704233751, 0.9552772808586762)",2,94.771954613153,46566
"(0.947866344605475, 0.9561403508771932)",1,94.7719529476692,46567
"(0.8646717600452744, 0.9658154816997468)",1,94.77194391932976,46568
"(0.8357779804428231, 0.9463327370304114)",1,94.77193630134268,46569
"(0.9005147621883774, 0.944540304191448)",1,94.77188267636346,46570
"(0.9499194985912254, 0.9535924585381664)",1,94.77176107178018,46571
"(0.9342857142857144, 0.950721153846154)",1,94.77160251172418,46572
"(0.8901450053705692, 0.9782702035744222)",1,94.77155707935135,46573
"(0.920373952288846, 0.950721153846154)",1,94.77153844092308,46574
"(0.7597722376115729, 0.9604697507658034)",1,94.77136553423485,46575
"(0.7806534483894342, 0.920645905420992)",1,94.77135954164464,46576
"(0.9461152882205514, 0.9500314267756128)",1,94.7713556059249,46577
"(0.8238599925743408, 0.9552772808586762)",1,94.77102878232444,46578
"(0.9368482142857144, 0.9642857142857144)",3,94.77092518893656,46581
"(0.7568263633039907, 0.9719260168960676)",4,94.77089065898414,46585
"(0.8837244897959183, 0.9665714285714284)",1,94.77084538725998,46586
"(0.8467473884140551, 0.9866666666666666)",1,94.77071237746202,46587
"(0.8798475538617097, 0.965497521921464)",1,94.7706959607651,46588
"(0.947866344605475, 0.945)",3,94.77055584554314,46591
"(0.9312094155844156, 0.96)",1,94.77055543450597,46592
"(0.9047341820740836, 0.950700596776178)",1,94.77052727750788,46593
"(0.8229166666666666, 0.9615343915343916)",1,94.7705159265944,46594
"(0.8897707231040564, 1.0)",1,94.77050221421736,46595
"(0.946764828738513, 0.9727638167328804)",1,94.77039767897725,46596
"(0.9226851851851852, 0.9734722222222224)",1,94.7703864215751,46597
"(0.8693120323003425, 0.9608348284368692)",1,94.77036244746348,46598
"(0.7573718400360736, 0.968768503398454)",1,94.77030629707902,46599
"(0.8752365981200475, 0.9571428571428572)",1,94.77009304255748,46600
"(0.9554595229904826, 0.9886710239651416)",4,94.76997481983928,46604
"(0.916096001118324, 0.9565375499581746)",3,94.76989996431573,46607
"(0.8148063759258677, 0.9996213816771112)",3,94.76988917752222,46610
"(0.879400973119566, 0.9536033163265304)",1,94.76972502107796,46611
"(0.8762664758354415, 0.9498577524893316)",1,94.76970132557592,46612
"(0.8992797306819071, 0.947600710159786)",1,94.76951738382787,46613
"(0.8867742272347535, 0.9788110478899952)",1,94.76935796513035,46614
"(0.8396845307996157, 0.9519059481326966)",1,94.76931338114773,46615
"(0.8368686868686868, 1.0)",1,94.76924614847844,46616
"(0.8959567775974026, 0.9537087912087912)",1,94.76922618278849,46617
"(0.8684561965811965, 0.9729166666666668)",1,94.7690725414542,46618
"(1.0, 1.0)",2,94.76906697638404,46620
"(0.8238599925743408, 0.9552772808586762)",1,94.76905310730574,46621
"(0.895751096491228, 0.9651951748860688)",1,94.76890807852264,46622
"(0.931038492683086, 0.9438484030589294)",1,94.76882966672996,46623
"(0.9078178834366952, 0.9645607615220874)",2,94.7686084125032,46625
"(0.9462631140307872, 0.9612261904761904)",3,94.76847765974496,46628
"(0.9302054863852616, 0.9557291666666669)",1,94.76830671235952,46629
"(0.854478432131113, 0.9431541308232912)",1,94.7683023381869,46630
"(0.8367625143940933, 0.9782702035744222)",1,94.7682645262876,46631
"(0.8900832208726945, 0.9707309941520468)",3,94.76824300319235,46634
"(0.9499194985912254, 0.9657079385975222)",1,94.76811710713278,46635
"(0.8661774982529699, 0.950721153846154)",1,94.76809019321378,46636
"(0.738764566779023, 0.9931702433231144)",3,94.76795635636128,46639
"(0.9577861163227016, 0.950721153846154)",2,94.76788685953866,46641
"(0.908624810464907, 0.9484080262531626)",1,94.76786764564922,46642
"(0.9248976608187136, 0.9495131982526256)",1,94.76773916417812,46643
"(0.955045504550455, 0.9525113127828196)",3,94.76764368932876,46646
"(0.925, 0.9507857142857142)",2,94.7676210837778,46648
"(0.8393402428317523, 0.9973516893316466)",3,94.7675191084412,46651
"(0.8872598584428717, 0.9563953488372092)",1,94.76749156587977,46652
"(0.8170861180729602, 0.9564964624817116)",1,94.76747733583008,46653
"(0.945713141025641, 0.9504053648283456)",1,94.76734539315122,46654
"(0.947191237061602, 0.9526018354129678)",1,94.76734148515833,46655
"(0.8035361057013022, 0.9552772808586762)",1,94.76703390543676,46656
"(0.9001409893736627, 0.9565375499581746)",1,94.76681219553514,46657
"(0.9001409893736627, 0.945469387755102)",1,94.76678701489558,46658
"(0.9245524296675192, 0.9525113127828196)",1,94.76678543578254,46659
"(0.8642588614393125, 0.9628635734072022)",1,94.7667314043218,46660
"(0.7841980927918611, 0.9560805836777236)",2,94.76663868976216,46662
"(0.6856760145918833, 0.9892665474060824)",1,94.76645800210018,46663
"(0.947866344605475, 0.9461152882205514)",1,94.76640407013235,46664
"(0.8487390350877192, 0.9605856647968066)",2,94.76640160332052,46666
"(0.7400546757164405, 1.0)",1,94.76635849120484,46667
"(0.883580779054917, 0.9506818181818182)",1,94.76635365792563,46668
"(0.936617336210598, 0.9740643495864882)",3,94.76632396305448,46671
"(0.8501768299217661, 0.9546136534133534)",1,94.76631927164368,46672
"(0.8840890522875817, 0.9748677248677248)",1,94.76586675715473,46673
"(0.9504053648283456, 0.9526018354129678)",1,94.76561935530272,46674
"(0.6865085248332097, 0.9642857142857144)",3,94.76551293002152,46677
"(0.9247680199941508, 0.9574505911522484)",1,94.76527843269083,46678
"(0.8410218253968254, 0.9475111877796946)",1,94.76511739857192,46679
"(0.8680075424261471, 0.9563953488372092)",1,94.76503059050827,46680
"(0.9003322259136212, 0.9553888472118032)",1,94.76501690539328,46681
"(0.9432302504125708, 0.9570371875635032)",1,94.76500881505784,46682
"(0.9688819909986466, 0.9625936563436563)",3,94.7649438713466,46685
"(0.8759722222222223, 0.9647321428571428)",1,94.7648161180324,46686
"(0.6396617032392895, 0.9754464285714284)",1,94.7645867639692,46687
"(0.8218375712415833, 0.9472634640194172)",1,94.76455378508231,46688
"(0.8923633969716919, 0.9561403508771932)",1,94.76454532218412,46689
"(0.1921439702025769, 0.9601840736294516)",1,94.76451018446151,46690
"(0.8853349024500907, 0.9624821937321938)",1,94.76447855385643,46691
"(0.7615833542341537, 0.968991882018752)",2,94.76443148873668,46693
"(0.8898792718668495, 0.9650465046504648)",1,94.76439595435292,46694
"(0.8489948371838136, 0.96004600460046)",1,94.76418880744446,46695
"(0.8936585789922377, 0.9473684210526316)",2,94.76353965855785,46697
"(0.832449494949495, 0.9492266992266992)",1,94.76347907036268,46698
"(0.84, 0.9526018354129678)",1,94.7634087112309,46699
"(0.8461343654434251, 0.967999935209182)",1,94.7633655811179,46700
"(0.7505398085966807, 0.97216115407119)",4,94.76316986590376,46704
"(0.9368482142857144, 0.95474577471438)",1,94.7630717644489,46705
"(0.8503896103896105, 0.95)",1,94.7628851964922,46706
"(0.9390638788116482, 0.9586520604621642)",1,94.76285426244056,46707
"(0.9516258530710558, 0.955045504550455)",3,94.76274971798492,46710
"(0.4781843971631205, 0.972913712768356)",1,94.76263348060029,46711
"(0.8487161531279178, 0.9615343915343916)",2,94.762495196068,46713
"(0.8579384746314236, 0.9526018354129678)",6,94.76224901001945,46719
"(0.9386363636363636, 0.9759093915343916)",1,94.7621356432864,46720
"(1.0, 1.0)",1,94.76202672302573,46721
"(0.8831018518518517, 1.0)",1,94.76189125104104,46722
"(0.9367114963691102, 0.951596182326806)",1,94.76176373531936,46723
"(0.8277423133433764, 0.9658803393344204)",1,94.76172723247583,46724
"(0.9247680199941508, 0.9541309523809522)",1,94.76163006806166,46725
"(0.917509305210918, 0.9767241379310344)",2,94.76158466003146,46727
"(0.9308485656257932, 0.95474577471438)",1,94.76155686148776,46728
"(0.902092920189038, 0.9472634640194172)",1,94.7615307950731,46729
"(0.913656690746474, 0.9829335242869076)",1,94.7614889592317,46730
"(0.936617336210598, 0.9460898868793606)",1,94.7613855673151,46731
"(0.6510470879301612, 0.9667653492779206)",4,94.76138144434044,46735
"(0.6732790275608831, 0.9550387596899224)",1,94.7612488600199,46736
"(0.8427109974424554, 0.9526018354129678)",1,94.7612029001978,46737
"(0.8757566103854729, 0.9667774086378738)",2,94.76111147567067,46739
"(0.8065179582561031, 0.9679225772478408)",2,94.76109194427322,46741
"(0.9176086048454468, 0.9577081026208932)",1,94.76099657585677,46742
"(0.8639291465378421, 0.9506818181818182)",1,94.76092915989368,46743
"(0.6732790275608831, 0.9667774086378738)",1,94.76082203130068,46744
"(0.9124262506058732, 0.9385876507848104)",3,94.76078162442008,46747
"(0.8917857142857143, 0.9612261904761904)",3,94.76076035087428,46750
"(0.7365451388888888, 0.9868055555555556)",1,94.7607370551446,46751
"(0.8494949494949495, 0.9734722222222224)",1,94.76040479377774,46752
"(0.946764828738513, 0.9665714285714284)",3,94.76037770882076,46755
"(0.8692933083176987, 0.9743589743589745)",1,94.76010725842649,46756
"(0.7760397497239603, 0.9561403508771932)",1,94.76009433856808,46757
"(0.8977777777777779, 1.0)",1,94.760030696221,46758
"(0.9548607757926928, 0.9565375499581746)",1,94.75994762647902,46759
"(0.9886710239651416, 0.9882352941176472)",1,94.759885175523,46760
"(0.7863382439154842, 0.996969696969697)",1,94.7597631781274,46761
"(0.7081625209067293, 0.9736842105263158)",1,94.75971047872795,46762
"(0.6396617032392895, 0.9754464285714284)",1,94.75970485524658,46763
"(0.9366629231646204, 0.9555491383616382)",1,94.75966268765376,46764
"(0.822094298245614, 0.9526018354129678)",1,94.75959961794494,46765
"(0.9096474293842716, 0.9736842105263158)",1,94.759438676468,46766
"(0.8070189460223449, 0.9385876507848104)",3,94.75935277249638,46769
"(0.8205662393162394, 0.9729166666666668)",1,94.75929366697616,46770
"(0.906439024390244, 0.9498577524893316)",1,94.75928443231516,46771
"(0.828819993216278, 0.9825319426526432)",1,94.75917197011672,46772
"(0.8798475538617097, 0.9546136534133534)",1,94.75906955955706,46773
"(0.9526018354129678, 0.9461152882205514)",1,94.75904978973924,46774
"(0.9343434343434344, 0.9526018354129678)",3,94.75904415915564,46777
"(0.8487161531279178, 0.9615343915343916)",1,94.75900424377748,46778
"(0.8284936934226033, 0.9526018354129678)",1,94.75899887896502,46779
"(0.8339212842322631, 0.9667774086378738)",2,94.75891210411744,46781
"(0.906439024390244, 0.9541309523809522)",2,94.758897468341,46783
"(0.7925825464094582, 0.9788110478899952)",1,94.75889256953508,46784
"(0.9586520604621642, 0.9612261904761904)",1,94.75878590527152,46785
"(0.808641975308642, 1.0)",1,94.75873061232872,46786
"(0.953054992365648, 0.9425110627765696)",1,94.75872690941706,46787
"(0.9343434343434344, 0.9488577948293588)",1,94.7586937135451,46788
"(0.8743600217864923, 0.9507857142857142)",1,94.75862442102007,46789
"(0.7840187590187591, 1.0)",2,94.75839540444176,46791
"(0.8608609979240738, 0.961770130454341)",1,94.75833023167058,46792
"(0.8751579520697168, 0.9615343915343916)",1,94.7583104872916,46793
"(0.888013818790316, 0.960607978267748)",1,94.75821576996483,46794
"(0.8067271451483561, 0.9774943735933984)",1,94.75821292886444,46795
"(0.7914840888278387, 0.9992431021625652)",1,94.75790305183564,46796
"(0.8479183866021937, 0.96004600460046)",1,94.75788924167962,46797
"(0.875402576489533, 0.9506818181818182)",1,94.75780895641502,46798
"(0.8743600845228408, 0.9696980777974248)",1,94.7578020286589,46799
"(0.9565217391304348, 0.9841269841269842)",1,94.75778895459162,46800
"(0.8897707231040564, 1.0)",1,94.75773587273706,46801
"(0.7712568385998939, 0.965497521921464)",1,94.75767453095152,46802
"(0.8831064306064307, 1.0)",2,94.75767102878883,46804
"(0.8180947405085336, 0.9506818181818182)",1,94.757487955095,46805
"(0.8679401993355481, 0.9463327370304114)",1,94.75745378586204,46806
"(0.5968992248062015, 0.9552772808586762)",1,94.7574072827279,46807
"(0.8089966546643172, 0.9525113127828196)",1,94.75724804493086,46808
"(0.8599096060965494, 0.9560805836777236)",3,94.75723640891674,46811
"(0.5321195666013089, 0.9751125)",1,94.75722318266642,46812
"(0.8832069892473118, 0.9637433687002652)",1,94.7571853341394,46813
"(0.9211400121926436, 0.9618138828565136)",1,94.75706927212764,46814
"(0.8176097867714723, 0.9966045941123998)",1,94.75701377618488,46815
"(0.8293805058010241, 0.9385876507848104)",1,94.75692469668468,46816
"(0.7844837261503927, 0.9506818181818182)",1,94.75676883820675,46817
"(0.8675595238095238, 0.9506818181818182)",1,94.7567470262048,46818
"(0.9406839414771724, 0.955045504550455)",1,94.7566551571263,46819
"(0.9027274557165862, 1.0)",1,94.7566365766484,46820
"(0.8310470779220779, 0.9507857142857142)",2,94.7566194414328,46822
"(0.8666032691088509, 0.9484080262531626)",1,94.75661617347292,46823
"(0.9586520604621642, 0.9696381743256742)",1,94.75657025896992,46824
"(0.8778976239800449, 0.9574505911522484)",1,94.75647647609792,46825
"(0.8816773504273504, 0.9595374149659864)",1,94.75645009255182,46826
"(0.8731196908559524, 0.9780571219715956)",1,94.7564407763374,46827
"(0.7937832885152319, 0.9724353254820384)",1,94.75636288059832,46828
"(0.9235874607931364, 0.9625936563436563)",5,94.7561822604173,46833
"(0.5502252124275853, 0.9900475297060664)",1,94.75614302719502,46834
"(0.8128693274039858, 0.9605856647968066)",1,94.75599323464712,46835
"(0.9301248598635894, 0.9693047543412175)",1,94.75597488929716,46836
"(0.8316355404640634, 0.9605856647968066)",1,94.75589672526807,46837
"(0.9019607843137254, 0.9748677248677248)",1,94.75574266811238,46838
"(0.8559380045064403, 0.9700462659360056)",4,94.75572849419234,46842
"(0.8604651162790697, 0.9775193798449612)",1,94.75571848381644,46843
"(0.8347148503670244, 0.9647321428571428)",1,94.75571082074237,46844
"(0.8500033239264507, 0.9698430221296206)",1,94.7556495712058,46845
"(0.9586520604621642, 0.9721176108033788)",1,94.75560813657412,46846
"(0.7792936288088643, 0.9667712327175554)",1,94.75558721592417,46847
"(0.812161361179875, 0.9667081046663232)",1,94.75557159053076,46848
"(0.8157794009760454, 0.9527829893683551)",1,94.75555432213748,46849
"(0.7069268971504666, 0.9718796583258928)",1,94.75553147246472,46850
"(0.7824770258980785, 0.9694279341856143)",1,94.75531037089075,46851
"(0.8185680598471297, 0.9552772808586762)",1,94.75512032390188,46852
"(0.8238599925743408, 0.9464496874824032)",1,94.75509292862336,46853
"(0.8661774982529699, 0.9475111877796946)",1,94.75504181004352,46854
"(0.8250479193421631, 0.9981047033236162)",1,94.7549907707964,46855
"(0.6739327546119142, 0.9651951748860688)",1,94.75480791232933,46856
"(0.8434101386909988, 0.969913169748696)",6,94.75476183875452,46862
"(0.9308485656257932, 0.9537087912087912)",1,94.7547355503426,46863
"(0.8683686913500577, 0.9475111877796946)",1,94.75458379955602,46864
"(0.8743600217864923, 0.9507857142857142)",1,94.7545192337314,46865
"(0.9035087719298246, 0.9692634363686996)",1,94.75433892126794,46866
"(0.9203845950797168, 0.9565375499581746)",1,94.7542911760386,46867
"(0.9262759170653908, 0.9563260001856492)",1,94.75428971860362,46868
"(0.7957571580750572, 0.9905531047459042)",2,94.75425128910516,46870
"(0.953054992365648, 0.9526018354129678)",3,94.75423559065447,46873
"(0.7541326857238289, 0.974318839773198)",1,94.75423232272176,46874
"(0.920373952288846, 0.9480488598533204)",3,94.75406417379727,46877
"(0.984504357298475, 0.996078431372549)",4,94.75405374474032,46881
"(0.919687006945461, 0.9748677248677248)",1,94.75401027138324,46882
"(0.688797310706547, 0.9517433954079988)",3,94.75390100976064,46885
"(0.8713213409717444, 0.956140350877193)",1,94.75386868701074,46886
"(0.80625, 0.9506818181818182)",1,94.75374939818909,46887
"(0.8680901759530792, 0.9647321428571428)",1,94.7537257631968,46888
"(0.8122923588039868, 0.9563953488372092)",1,94.75371117575912,46889
"(0.7843798932668649, 0.9692634363686996)",1,94.75361052874334,46890
"(0.8202677043217801, 0.9973463641468688)",2,94.75350925338104,46892
"(0.915494777499728, 0.949318041625734)",1,94.75348405708864,46893
"(0.953054992365648, 0.9501800720288114)",1,94.75345091808686,46894
"(0.87, 0.9506818181818182)",1,94.75344434819075,46895
"(0.952064553093965, 0.9579551650296714)",1,94.7533594904557,46896
"(0.8860640954495006, 0.9541309523809522)",3,94.7533408839579,46899
"(0.8782210007890942, 0.9504053648283456)",1,94.75330291631636,46900
"(0.9649729659305584, 0.920645905420992)",2,94.75323764721448,46902
"(0.93916595083917, 0.9470357142857144)",1,94.75318631984022,46903
"(0.8445548587280515, 0.9632111965554536)",1,94.75299931734853,46904
"(0.9007910628019324, 0.9767241379310344)",1,94.75282555397412,46905
"(0.8248478701825558, 0.9507857142857142)",1,94.75269429770144,46906
"(0.9007910628019324, 0.9767241379310344)",1,94.75268337303253,46907
"(0.97718610251118, 0.9733828034137632)",1,94.75248393771864,46908
"(0.9428823795600112, 0.9651951748860688)",1,94.75247085837024,46909
"(0.8942415173616616, 0.944540304191448)",1,94.75231776959696,46910
"(0.7543008329046703, 0.9853153239308644)",1,94.75217339736312,46911
"(0.8544840720221607, 0.969913169748696)",1,94.75210235410316,46912
"(0.8171393557422969, 0.9743589743589745)",1,94.7520428209956,46913
"(0.8521317829457364, 0.9892665474060824)",1,94.75183648728311,46914
"(0.9201573680323905, 0.962604085919332)",1,94.75173818260556,46915
"(0.8943650793650794, 0.9506818181818182)",1,94.75171060498958,46916
"(0.9485046203796204, 0.951596182326806)",1,94.75166827659892,46917
"(0.9005147621883774, 0.9574505911522484)",2,94.75162560541452,46919
"(0.9551820728291316, 0.9580611248779756)",1,94.7516073919494,46920
"(0.9277375201288244, 0.9554098688819938)",1,94.7515456808754,46921
"(0.8939664986176614, 0.9667774086378738)",1,94.75145215741156,46922
"(0.4432805247702946, 0.9868055555555556)",1,94.7511964861556,46923
"(0.8676666891012699, 0.9563260001856492)",1,94.7510392958178,46924
"(0.9450706646294882, 0.9579551650296714)",2,94.75099377404231,46926
"(0.8888888888888888, 1.0)",1,94.75091387012604,46927
"(0.9263477887938646, 0.950721153846154)",1,94.75090402518012,46928
"(0.854478432131113, 0.9519059481326966)",1,94.75088854015846,46929
"(0.8743600217864923, 0.9507857142857142)",2,94.75086089411823,46931
"(0.8414627506478152, 0.977113947079572)",1,94.75079438319214,46932
"(0.9618138828565136, 0.9541309523809522)",1,94.75077613989124,46933
"(0.754666973475023, 0.9686487952125556)",1,94.7506306748876,46934
"(0.7540175326618132, 0.964787690653894)",2,94.75054447617389,46936
"(0.8372177118327734, 0.9528092667566352)",1,94.75053563379412,46937
"(0.8170400723750731, 0.9774943735933984)",2,94.7504705043776,46939
"(0.9803921568627452, 0.992156862745098)",2,94.75041739121728,46941
"(0.7690274841437632, 0.9563953488372092)",1,94.75038939281926,46942
"(0.8908246225319396, 0.9503404207824095)",1,94.75033840630704,46943
"(0.8475024586783413, 0.9740643495864882)",1,94.75032933462192,46944
"(0.8407589540630476, 0.9563260001856492)",1,94.75032570099084,46945
"(0.8301624660847962, 0.9475111877796946)",1,94.75011527198092,46946
"(0.8495727722191059, 0.9574505911522484)",1,94.74992865588597,46947
"(0.9141369047619048, 0.9543257389162564)",1,94.74986254785934,46948
"(0.839484868820503, 0.9692634363686996)",1,94.74981735016792,46949
"(0.8836091234347048, 0.9667774086378738)",1,94.74973307754112,46950
"(0.8860640954495006, 0.944540304191448)",1,94.74956421138056,46951
"(0.7318087420518645, 0.992787817742847)",1,94.7495090328672,46952
"(0.9150645514501796, 0.95004500450045)",1,94.74934652158927,46953
"(0.8259661835748793, 0.9615343915343916)",1,94.74928068917345,46954
"(0.7701289026364834, 0.9690222459975336)",1,94.74923733013324,46955
"(0.8963392857142857, 0.9767241379310344)",1,94.74910018646042,46956
"(0.9360538014841208, 0.9465769388085848)",1,94.74909258695348,46957
"(0.7686807910158164, 0.959455919058658)",1,94.74906664753796,46958
"(0.8089966546643172, 0.955045504550455)",1,94.74897586688996,46959
"(0.8965217391304348, 0.9734722222222224)",1,94.74897200405488,46960
"(0.8642588614393125, 0.9649122807017544)",1,94.74893402025434,46961
"(0.7325581395348837, 0.9667774086378738)",1,94.748882234558,46962
"(0.9408601779678556, 0.9485046203796204)",1,94.74884647027224,46963
"(0.9111616775696132, 0.9399404761904762)",1,94.74874206528791,46964
"(0.8643650793650794, 0.9615343915343916)",1,94.74870431994376,46965
"(0.9557291666666669, 0.9534181717978908)",1,94.74867428676774,46966
"(0.9526018354129678, 0.9527829893683551)",1,94.74861264016673,46967
"(0.553690348319779, 0.9635619016637234)",1,94.74852248443769,46968
"(0.90304012062677, 0.9516760651629074)",3,94.74851698715392,46971
"(0.9343434343434344, 0.9526018354129678)",1,94.74849174410552,46972
"(0.9584283173426188, 0.9457203293797688)",1,94.74846532511413,46973
"(0.8254715501792114, 0.9506818181818182)",1,94.7484256767717,46974
"(0.7644790288745473, 0.9648977033360302)",1,94.74821073793792,46975
"(0.8570175438596492, 0.9748677248677248)",1,94.7481943885393,46976
"(0.9169201764231004, 0.9737148229943366)",1,94.74812581072838,46977
"(0.8197707811194652, 0.9782702035744222)",1,94.74806744092882,46978
"(0.9020844965568584, 0.9586520604621642)",1,94.74801356693398,46979
"(0.9601840736294516, 0.9575114377859448)",1,94.7479086198657,46980
"(0.8190189403857904, 0.9658154816997468)",1,94.74788140372004,46981
"(0.8831018518518517, 1.0)",1,94.74783870396686,46982
"(0.9370015948963316, 0.9841269841269842)",1,94.7476544319863,46983
"(0.8995660342409569, 0.9528985507246376)",2,94.74764429724009,46985
"(0.7893521376755672, 0.9507857142857142)",1,94.74731414169167,46986
"(0.8124181006978036, 0.9693509597406256)",1,94.74704531612414,46987
"(0.8170400723750731, 0.9774943735933984)",1,94.74700240119368,46988
"(0.8800348809368335, 0.9737148229943366)",3,94.7469911710249,46991
"(0.904439990281827, 0.9586520604621642)",1,94.74671750990233,46992
"(0.8504257246376812, 0.938374125874126)",2,94.74646658826332,46994
"(0.947866344605475, 0.9283674440742504)",1,94.74632460443044,46995
"(0.7779411764705884, 0.9390625)",1,94.74627166263164,46996
"(0.9508739421428176, 0.95)",1,94.74619329044252,46997
"(0.9020844965568584, 0.9509481668773704)",1,94.74606848494894,46998
"(0.8799035686171609, 0.9579551650296714)",2,94.74577937548892,47000
"(0.9047341820740836, 0.944540304191448)",1,94.74573675531164,47001
"(0.95004500450045, 0.947600710159786)",1,94.7456935990755,47002
"(0.906439024390244, 0.9571428571428572)",1,94.74564231299648,47003
"(0.8970388585773201, 0.9516258530710558)",1,94.74562472727764,47004
"(0.7761704669542301, 0.9913970351948792)",2,94.74556085835816,47006
"(0.9247680199941508, 0.944540304191448)",1,94.7455313563843,47007
"(0.8577972192765406, 0.9506818181818182)",1,94.74535729752948,47008
"(0.8871004696987055, 0.9550387596899224)",1,94.7452911794537,47009
"(0.8820043103448276, 0.9647321428571428)",1,94.74527812616309,47010
"(0.904439990281827, 0.9384353741496598)",1,94.74524874031258,47011
"(0.8686141304347826, 0.9767241379310344)",1,94.74520426570876,47012
"(0.7074854651162791, 0.9774943735933984)",1,94.74516269949656,47013
"(0.950682393081946, 0.9642857142857144)",2,94.74504505853795,47015
"(0.9274482758620688, 0.9503723544973544)",1,94.7450204024345,47016
"(0.8752365981200475, 0.9612261904761904)",3,94.74497551651564,47019
"(0.8479967948717948, 0.9615343915343916)",1,94.7449337025296,47020
"(0.8919159544159544, 0.9506818181818182)",1,94.74488620616135,47021
"(0.9011039071107722, 0.9737148229943366)",1,94.74483088849782,47022
"(0.8680075424261471, 0.9667774086378738)",1,94.74482224309612,47023
"(0.9759803921568628, 0.996078431372549)",1,94.74462186492548,47024
"(0.812161361179875, 0.9552772808586762)",1,94.74438150981312,47025
"(0.8993274485077766, 0.9554098688819938)",4,94.7443325151456,47029
"(0.9252501846146012, 0.9580611248779756)",1,94.74426997317804,47030
"(0.9534840838509316, 0.9645607615220874)",1,94.74403623843592,47031
"(0.8660716819433014, 0.9477798624140088)",1,94.74399426040075,47032
"(0.9170528266913808, 0.9525113127828196)",3,94.74390002763442,47035
"(0.8190189403857904, 0.9344023135138864)",1,94.74387633774997,47036
"(0.90625, 0.9580611248779756)",1,94.743828578658,47037
"(0.6867031354725547, 0.9732332049398366)",2,94.74382270795368,47039
"(0.8693120323003425, 0.9476776665722468)",1,94.74375520392655,47040
"(0.947860476880274, 0.9608918659970924)",1,94.74371353449548,47041
"(0.7078583371333029, 0.9552772808586762)",1,94.74364575069929,47042
"(0.9057088744588744, 0.9866666666666666)",1,94.7435295463798,47043
"(0.916096001118324, 0.9535924585381664)",1,94.74352645371518,47044
"(0.9354509320175438, 0.9470125575927753)",1,94.7435133322793,47045
"(0.6732053542472674, 0.9717432542071852)",2,94.74343178592092,47047
"(0.8983081723027375, 0.9868055555555556)",1,94.74342862322816,47048
"(0.8164607007575758, 0.99659375)",3,94.74341071284128,47051
"(0.8816773504273504, 0.9465827539807132)",1,94.74334317841422,47052
"(0.9252046422964788, 0.9612261904761904)",1,94.74324994505812,47053
"(0.9302054863852616, 0.9561403508771932)",1,94.74324183318464,47054
"(0.9436930909314628, 0.9579551650296714)",1,94.74322715845338,47055
"(0.8348214285714286, 0.9580611248779756)",1,94.74310285430693,47056
"(0.7720014764861725, 0.9687425916722964)",1,94.74308009831655,47057
"(0.8392857142857143, 0.9577861163227016)",1,94.74303678282077,47058
"(0.7534237164244011, 0.9689685679211438)",1,94.74303654936482,47059
"(0.8466433806991083, 0.9577861163227016)",1,94.7430058586844,47060
"(0.8504257246376812, 0.9506818181818182)",1,94.74299849660088,47061
"(0.7400546757164405, 1.0)",1,94.74296032310056,47062
"(0.8132390951302638, 0.9611414900888584)",1,94.7428860349702,47063
"(0.883580779054917, 0.9541062801932368)",1,94.74284032446336,47064
"(0.7957571580750572, 0.982000287267778)",1,94.74282721640851,47065
"(0.8997086999609598, 0.9643596441509156)",1,94.74274356713296,47066
"(0.933229459603253, 0.9526018354129678)",1,94.74247701642268,47067
"(0.918078605068401, 0.9571428571428572)",1,94.7423397478876,47068
"(0.8130291548638542, 0.9984839948076338)",2,94.74219714267252,47070
"(0.5151495473659433, 0.9751125)",1,94.7421757815514,47071
"(0.8696895424836601, 0.9506818181818182)",1,94.74207701790472,47072
"(0.8713213409717444, 0.9564964624817116)",1,94.74187831704374,47073
"(0.8860640954495006, 0.9541309523809522)",3,94.74143444919008,47076
"(0.8579309881982901, 0.9689325069680396)",2,94.74138548171425,47078
"(0.8434101386909988, 0.969913169748696)",1,94.7413163524848,47079
"(0.9538729657213072, 0.9575114377859448)",2,94.7412263854025,47081
"(0.9601840736294516, 0.9475111877796946)",1,94.74121691122828,47082
"(0.4996990897464831, 0.9625518762969074)",1,94.74095453203846,47083
"(0.7683919944789509, 0.9492266992266992)",1,94.74084266882043,47084
"(0.807645640445745, 0.9678289165061754)",1,94.74064047255604,47085
"(0.8581349206349206, 0.9541062801932368)",1,94.7406282703754,47086
"(0.7325581395348837, 0.9563953488372092)",1,94.74056983286118,47087
"(0.952503401360544, 0.9618138828565136)",1,94.7405385598495,47088
"(0.8252552284666469, 0.9604697507658034)",1,94.74040300765203,47089
"(0.91775, 0.9507857142857142)",1,94.74034874745897,47090
"(0.7575067199102723, 0.9981085063953896)",1,94.74030755440565,47091
"(0.8126903630604289, 0.9707309941520468)",1,94.7400826302468,47092
"(0.8995660342409569, 0.9557291666666669)",1,94.74003700376888,47093
"(0.8124181006978036, 0.9662704649784072)",4,94.74002606793346,47097
"(0.8872180451127819, 0.94745682548523)",1,94.74002131117018,47098
"(0.689772303098171, 0.9651951748860688)",1,94.74000241893457,47099
"(0.8788323569411767, 0.9652297777949396)",1,94.73999364271673,47100
"(0.9018055555555556, 0.9868055555555556)",1,94.73989702542175,47101
"(0.8198932646301067, 0.9754464285714284)",1,94.73975812811324,47102
"(0.8881381381381382, 0.9748677248677248)",1,94.73975749842536,47103
"(0.8608609979240738, 0.961770130454341)",1,94.7395502347944,47104
"(0.952503401360544, 0.9565375499581746)",1,94.73946019357328,47105
"(0.8986318234610918, 0.9574505911522484)",1,94.73944662722124,47106
"(0.93218671679198, 0.9498577524893316)",1,94.739368280945,47107
"(0.5684298599610403, 0.9863234539870775)",1,94.73936654965355,47108
"(0.8128693274039858, 0.9560805836777236)",1,94.73915458046584,47109
"(0.8721629709087285, 0.9516760651629074)",1,94.73912297145804,47110
"(0.9179206566347468, 0.9563953488372092)",1,94.73906476369574,47111
"(0.899337170765742, 0.9565375499581746)",1,94.73903499370807,47112
"(0.9032873606650292, 0.9463234342650104)",1,94.73857811103024,47113
"(0.8191214470284237, 0.9774943735933984)",1,94.73853464237186,47114
"(0.847123015873016, 0.9868055555555556)",1,94.73841417188282,47115
"(0.944540304191448, 0.9625936563436563)",1,94.73835242685706,47116
"(0.9525862068965518, 0.9767241379310344)",1,94.73822002592958,47117
"(0.8414915458937198, 0.9506818181818182)",1,94.73809598909835,47118
"(0.7633014441837972, 0.9687268768167222)",1,94.7380770941308,47119
"(0.8776804590758078, 0.965497521921464)",1,94.73806265133364,47120
"(0.9504053648283456, 0.9525113127828196)",1,94.73800463038393,47121
"(0.8240047299960582, 0.9552772808586762)",1,94.73794216365152,47122
"(0.8731395923480499, 0.969913169748696)",1,94.73792509764344,47123
"(0.8324299119892755, 0.9747439067467324)",1,94.73788604658554,47124
"(0.7412473241246333, 0.967259533717355)",4,94.73787036034852,47128
"(0.7827659652601814, 0.9461152882205514)",1,94.73778528158702,47129
"(0.8824013157894737, 0.9737148229943366)",3,94.7373747213136,47132
"(0.8783564814814815, 0.9506818181818182)",1,94.73731612018544,47133
"(0.9127579737335836, 0.9576029606661498)",3,94.73730242960649,47136
"(0.8627494993687694, 0.9604697507658034)",2,94.7372795653658,47138
"(0.883580779054917, 0.9541062801932368)",1,94.73721351043012,47139
"(0.9399404761904762, 0.9635619016637234)",1,94.73685266846708,47140
"(0.7821642485119048, 0.9801862281294588)",1,94.73654909787972,47141
"(0.7959305979857629, 0.965497521921464)",1,94.7364816601438,47142
"(0.920419153009064, 0.969913169748696)",1,94.73639592581756,47143
"(0.9523529411764708, 0.95474577471438)",1,94.73624223630482,47144
"(0.8721629709087285, 0.9472634640194172)",1,94.73621563659484,47145
"(0.9226438267614736, 0.9645607615220874)",1,94.73617857088908,47146
"(0.8434005459188165, 0.9557291666666669)",1,94.73612691222408,47147
"(0.8326984126984126, 0.9527829893683551)",1,94.73607231541726,47148
"(0.914963589382194, 0.9767441860465116)",1,94.7359198371852,47149
"(0.5531850419084462, 0.9805987394957985)",1,94.73589426113573,47150
"(0.8278688524590163, 0.9534181717978908)",1,94.7356753364874,47151
"(0.7302123025239838, 0.9689197468594616)",1,94.7356424325719,47152
"(0.8502442440530644, 0.968581280662418)",4,94.73551281601586,47156
"(0.4989185485433555, 0.9925117547018808)",1,94.73545008565036,47157
"(0.9550387596899224, 0.9774943735933984)",2,94.73507703984036,47159
"(0.9551820728291316, 0.9425110627765696)",1,94.73501998200749,47160
"(0.9667774086378738, 0.9774943735933984)",4,94.73496489930812,47164
"(0.8949757492849149, 0.965497521921464)",1,94.73490851181464,47165
"(0.8469839324618735, 1.0)",1,94.73481734847114,47166
"(0.8293805058010241, 0.94745682548523)",2,94.7347664231394,47168
"(0.8047996976568405, 0.9743589743589745)",1,94.7347060068716,47169
"(0.8316355404640634, 0.9516760651629074)",1,94.73468380778868,47170
"(0.8696895424836601, 0.9541062801932368)",2,94.73459068284028,47172
"(0.8179251985756162, 0.9472634640194172)",2,94.73434554079276,47174
"(0.7915451895043732, 0.953054992365648)",1,94.73423286139536,47175
"(0.8785686728395061, 0.9615343915343916)",1,94.73421920636925,47176
"(0.9152165481577246, 0.95474577471438)",1,94.73410080015752,47177
"(0.9312094155844156, 0.9480488598533204)",1,94.7340795728015,47178
"(0.9665714285714284, 0.9463234342650104)",2,94.73401529474916,47180
"(0.899337170765742, 0.9565375499581746)",1,94.73371704874845,47181
"(0.7553827974231563, 0.9670096674001276)",1,94.73357543770474,47182
"(0.7825263949961201, 0.9464496874824032)",1,94.73351749002629,47183
"(0.8956505897276728, 0.9495131982526256)",1,94.73345369645942,47184
"(0.9354509320175438, 0.9737148229943366)",1,94.73332827913656,47185
"(0.8923633969716919, 0.9525113127828196)",1,94.73331537325508,47186
"(0.8787790697674417, 0.9552772808586762)",1,94.73325548087765,47187
"(0.723582267125292, 0.9517433954079988)",3,94.73322208864948,47190
"(0.7606882168925964, 0.962604085919332)",1,94.73316665585436,47191
"(0.817921124237354, 0.9965880249701216)",2,94.73289497364227,47193
"(0.920373952288846, 0.9435931041435628)",1,94.7328695895218,47194
"(0.8919095971175892, 0.9463327370304114)",1,94.73285457713015,47195
"(0.8720649550142637, 0.9586520604621642)",1,94.73285022632696,47196
"(0.7025855842842699, 0.9667774086378738)",1,94.7327999259866,47197
"(0.8454016913319239, 0.9767441860465116)",1,94.73275619737058,47198
"(0.9235874607931364, 0.9595374149659864)",1,94.732740320023,47199
"(0.7824770258980785, 0.9577759872287582)",1,94.73271691939752,47200
"(0.8564749883122954, 0.95004500450045)",1,94.73252036584434,47201
"(0.8357779804428231, 0.9463327370304114)",1,94.73250435565156,47202
"(0.8744995950480157, 0.977638640429338)",1,94.7323811171739,47203
"(0.7529825792983688, 0.9672416482502058)",1,94.73229625630027,47204
"(0.7971925413785879, 0.9563953488372092)",1,94.73229031723366,47205
"(0.9386363636363636, 0.9767241379310344)",1,94.73229015487972,47206
"(0.8274333033699055, 0.9935461110936784)",1,94.73225879238684,47207
"(0.9008444041867956, 0.9640151515151516)",1,94.73222347375462,47208
"(0.8731060606060606, 0.9743589743589745)",1,94.73207172283844,47209
"(0.860587002096436, 0.9525113127828196)",1,94.73192076082304,47210
"(0.8547161442933175, 0.9524250968329916)",1,94.73191280156496,47211
"(0.8831509426561547, 0.9604697507658034)",1,94.73188381322728,47212
"(0.7520143475215834, 0.965497521921464)",1,94.73187275230454,47213
"(0.8426434676434675, 0.9506818181818182)",1,94.73173929588482,47214
"(0.9840686274509804, 0.9882352941176472)",4,94.73142106458832,47218
"(0.7412486629885762, 0.9693662580264932)",1,94.7312775419384,47219
"(0.7732717018431303, 0.9480488598533204)",1,94.7311418191604,47220
"(0.8439484126984128, 1.0)",1,94.73104979835703,47221
"(0.7218007287170375, 0.9992431021625652)",1,94.73092235950536,47222
"(0.8251352813852814, 0.9507857142857142)",1,94.73089289259812,47223
"(0.8067271451483561, 0.9885627144491042)",1,94.73088671570812,47224
"(0.903764513477412, 0.9485046203796204)",1,94.73060813364977,47225
"(0.5795825447735921, 0.9913257023868332)",1,94.73052622316553,47226
"(0.9476776665722468, 0.944540304191448)",1,94.73030604703682,47227
"(0.8126903630604289, 0.961770130454341)",1,94.73026678086384,47228
"(0.8919095971175892, 0.9563953488372092)",1,94.7302603448118,47229
"(0.7574629741006653, 0.9678683010851648)",4,94.73024401883964,47233
"(0.9230769230769232, 0.9841269841269842)",1,94.73008563086918,47234
"(0.904499073566638, 0.9566439181051786)",1,94.7300552584406,47235
"(0.907908163265306, 0.9678053830227744)",1,94.73002607534248,47236
"(0.8128693274039858, 0.9604697507658034)",1,94.72987798227092,47237
"(0.8300222204120055, 0.9965855200233796)",3,94.72980008729532,47240
"(0.9635619016637234, 0.9657079385975222)",1,94.72979524399176,47241
"(0.8089110671730011, 0.9563953488372092)",1,94.72977161734345,47242
"(0.5968992248062015, 0.9552772808586762)",1,94.72976238585044,47243
"(0.8373852304418176, 0.961770130454341)",1,94.72976040884193,47244
"(0.7835917312661498, 0.965497521921464)",2,94.72973577475145,47246
"(0.6817662805944057, 0.9754464285714284)",1,94.72958001076944,47247
"(0.8180947405085336, 0.9506818181818182)",2,94.729538134684,47249
"(0.8882535288785288, 1.0)",1,94.72943247306549,47250
"(0.9171090534979424, 1.0)",1,94.72941887926083,47251
"(0.8887706043956044, 0.9767241379310344)",1,94.72935742870072,47252
"(0.8531211750305999, 0.9774943735933984)",1,94.72931255133015,47253
"(0.9185609025397424, 0.9470357142857144)",1,94.72926506782164,47254
"(0.8627443304887915, 0.9484080262531626)",1,94.72898720653367,47255
"(0.91775, 0.9507857142857142)",2,94.72896512636616,47257
"(0.8960328317373462, 0.9775193798449612)",1,94.7288531511517,47258
"(0.7646229739252995, 0.9774943735933984)",1,94.7288229817084,47259
"(0.9111616775696132, 0.9618610747051114)",2,94.72877159246109,47261
"(0.9534181717978908, 0.947600710159786)",2,94.72866442312517,47263
"(0.9027274557165862, 1.0)",1,94.72856451894224,47264
"(0.8619951040391676, 0.965497521921464)",1,94.72847087494937,47265
"(0.81878722576397, 0.9667774086378738)",1,94.7284082887905,47266
"(0.8160648148148147, 0.9868055555555556)",1,94.7282777152515,47267
"(0.8400808029318731, 0.9711950660350294)",1,94.72822237966112,47268
"(0.942599584906604, 0.9584283173426188)",1,94.72821245621012,47269
"(0.870174510840825, 0.9584283173426188)",1,94.72811975206989,47270
"(0.8639291465378421, 0.9541062801932368)",2,94.72801367394848,47272
"(0.865084633255891, 0.9551820728291316)",1,94.72799368683272,47273
"(0.9272424525365702, 0.9803921568627452)",1,94.72778903847424,47274
"(0.961342940685046, 0.95474577471438)",1,94.72768544212607,47275
"(0.955544662122821, 0.9537087912087912)",1,94.72762787316354,47276
"(0.6865085248332097, 0.951596182326806)",2,94.72750033827064,47278
"(0.8142769320712446, 0.9920262380665614)",3,94.72732747314016,47281
"(0.7365451388888888, 0.9748677248677248)",1,94.727262672669,47282
"(0.8946441155743481, 0.9774943735933984)",1,94.72719245732296,47283
"(0.9555491383616382, 0.95)",1,94.72711006147546,47284
"(0.9498577524893316, 0.9574505911522484)",3,94.72697880945294,47287
"(0.7081939799331105, 1.0)",1,94.72682344903018,47288
"(0.8894967532467533, 0.9398168103448276)",1,94.72668155389684,47289
"(0.8887463343108504, 0.9615343915343916)",1,94.72663565201049,47290
"(0.8427109974424554, 0.9557291666666669)",1,94.72659975775132,47291
"(0.907635752688172, 0.9244464285714288)",1,94.72659861585534,47292
"(0.9259560057540158, 0.9571395713710704)",1,94.726482926542,47293
"(0.8867742272347535, 0.9438484030589294)",1,94.72646046451422,47294
"(0.9001409893736627, 0.942488846547077)",1,94.7263746578088,47295
"(0.8956505897276728, 0.9586520604621642)",1,94.7263190005629,47296
"(0.5779361378128867, 0.9740643495864882)",8,94.7262182079146,47304
"(0.8778976239800449, 0.9612261904761904)",4,94.7261877175262,47308
"(0.947191237061602, 0.947600710159786)",1,94.72617830967992,47309
"(0.92825928025169, 0.9579551650296714)",1,94.72617193524856,47310
"(0.8581349206349206, 0.9407729468599032)",1,94.72616559077908,47311
"(0.9406839414771724, 0.9438426239374108)",1,94.72614388827736,47312
"(0.9318646435925092, 0.9463234342650104)",1,94.72613801094748,47313
"(0.9465827539807132, 0.9440312412261672)",1,94.726011596791,47314
"(0.9618138828565136, 0.9647217861503576)",1,94.72591776810847,47315
"(0.8305244327276152, 0.9667774086378738)",2,94.7259167795004,47317
"(0.7627644938304747, 0.9732332049398366)",2,94.72586880837636,47319
"(0.8515416147530508, 0.9672299579985392)",4,94.72586540130456,47323
"(0.8708731355790179, 0.9748677248677248)",1,94.72574440108122,47324
"(0.8757566103854729, 0.9463327370304114)",1,94.72563160738136,47325
"(0.9274482758620688, 0.9543257389162564)",1,94.7254834891716,47326
"(0.9232966136270908, 0.95004500450045)",2,94.72544730115702,47328
"(0.743708721419064, 0.9700310833187824)",4,94.72540848499386,47332
"(0.8490492285760273, 0.942901126019191)",3,94.72540028187784,47335
"(0.8284936934226033, 0.9526018354129678)",1,94.72536473093894,47336
"(0.906439024390244, 0.9537087912087912)",1,94.72535864980654,47337
"(0.8896920175989945, 0.950721153846154)",1,94.72531663356148,47338
"(0.8533773606766307, 0.960414372935642)",1,94.72522518439096,47339
"(0.8788323569411767, 0.9571415605540404)",1,94.72517105941462,47340
"(0.7761325426968481, 0.971675190563134)",1,94.7250063190234,47341
"(0.8304018976011457, 0.969913169748696)",1,94.72497791562752,47342
"(0.947191237061602, 0.9451780712284916)",1,94.72489377077164,47343
"(0.7987835673811283, 0.9734722222222224)",1,94.72459193868023,47344
"(0.9024242424242424, 0.9803376906318084)",1,94.72455170594668,47345
"(0.8298183642256803, 0.9965855200233796)",3,94.72454656112647,47348
"(0.9003322259136212, 0.9667774086378738)",1,94.72445234497816,47349
"(0.9460618398175734, 0.9571428571428572)",1,94.72443007257996,47350
"(0.8683686913500577, 0.945)",6,94.72430437289889,47356
"(0.8701066607489389, 0.9825319426526432)",1,94.72420661651503,47357
"(0.9133939644481192, 0.9538729657213072)",2,94.72416171543556,47359
"(0.8100693112010285, 0.9689763607865756)",4,94.72407731351298,47363
"(0.8871004696987055, 0.9667774086378738)",1,94.72401595005232,47364
"(0.9516258530710558, 0.9480488598533204)",1,94.72379959538875,47365
"(0.9185588416618146, 0.9574505911522484)",1,94.72379879610432,47366
"(0.8500647757655945, 0.9584283173426188)",1,94.7236770940102,47367
"(0.8629629629629629, 0.9868055555555556)",2,94.72367388229353,47369
"(0.955045504550455, 0.9475111877796946)",3,94.72362555999588,47372
"(0.8775849566152385, 0.9525113127828196)",1,94.72359328399756,47373
"(0.8970388585773201, 0.9461152882205514)",1,94.72323827629646,47374
"(0.884468024900962, 0.9507857142857142)",2,94.72319492675076,47376
"(0.9011039071107722, 0.9747439067467324)",1,94.72310592223936,47377
"(0.9551820728291316, 0.9504053648283456)",1,94.72306864798476,47378
"(0.944540304191448, 0.9565375499581746)",1,94.72301955506812,47379
"(0.836, 0.9415897230028102)",1,94.72284905656628,47380
"(0.8686141304347826, 0.9879464285714284)",1,94.72281091463012,47381
"(0.8896310286935287, 0.9612261904761904)",2,94.7227376645016,47383
"(0.8070189460223449, 0.9517433954079988)",1,94.7226925121378,47384
"(0.8387491609744542, 0.965497521921464)",1,94.72263220522116,47385
"(0.916550925925926, 0.9868055555555556)",1,94.7226152046894,47386
"(0.7778955301210493, 0.95)",1,94.72256788959722,47387
"(0.7423427395649618, 0.9722222222222222)",1,94.72248846883647,47388
"(0.9125701913010372, 0.9610152916073968)",1,94.72248165864356,47389
"(0.8164030073596183, 0.94745682548523)",2,94.722466953948,47391
"(0.9462631140307872, 0.9571428571428572)",1,94.72245415497076,47392
"(0.8330439814814815, 1.0)",2,94.72243445345345,47394
"(0.9071896509184342, 0.9565375499581746)",4,94.72240215441504,47398
"(0.9577861163227016, 0.9411027568922304)",2,94.72236387328748,47400
"(0.8627443304887915, 0.95004500450045)",1,94.72232300359852,47401
"(0.9841269841269842, 1.0)",1,94.72218020059488,47402
"(0.8883076259303203, 0.945)",2,94.72215749012028,47404
"(0.9601840736294516, 0.9630672573903032)",1,94.72211150977638,47405
"(0.8183159722222222, 0.9507857142857142)",1,94.72204099487708,47406
"(0.8600272232304901, 1.0)",2,94.72193995760104,47408
"(0.9003897892597347, 0.9604697507658034)",3,94.7219128715411,47411
"(0.9667774086378738, 0.9774943735933984)",1,94.72186269587976,47412
"(0.9577861163227016, 0.9399748585795098)",1,94.7216861726916,47413
"(0.9354988823409874, 0.9595374149659864)",1,94.72163324872632,47414
"(0.9464079225584776, 0.9537087912087912)",1,94.72142052528235,47415
"(0.8745595489781537, 0.9552772808586762)",1,94.72127654894992,47416
"(0.8920200638394893, 0.9552772808586762)",1,94.7212243204882,47417
"(0.8799035686171609, 0.9665714285714284)",1,94.72109503965326,47418
"(0.8344950967399947, 0.95474577471438)",1,94.7210944304144,47419
"(0.916096001118324, 0.9586520604621642)",1,94.72092506066852,47420
"(0.9595374149659864, 0.9537087912087912)",3,94.7209227999977,47423
"(0.9414843966800374, 0.9484080262531626)",1,94.72088173074197,47424
"(0.8006272988627237, 0.952503401360544)",1,94.7208644355425,47425
"(0.8255047951711248, 0.965497521921464)",1,94.72052005084316,47426
"(0.8908978391208922, 0.9570264651345732)",1,94.72048525425213,47427
"(0.8282752506308395, 0.9667774086378738)",1,94.72022530654507,47428
"(0.9740143369175628, 1.0)",1,94.72012483628754,47429
"(0.9618138828565136, 0.9540538847117792)",1,94.72009555342272,47430
"(0.9008392857142858, 0.9378434065934066)",1,94.72006877745024,47431
"(0.8853349024500907, 0.9507857142857142)",1,94.7200279705478,47432
"(0.91280276816609, 0.9380552220888356)",1,94.71994412750038,47433
"(0.832449494949495, 0.9492266992266992)",2,94.71992536516647,47435
"(0.9185588416618146, 0.9537087912087912)",1,94.7199049863508,47436
"(0.9133939644481192, 0.9561403508771932)",1,94.71975781765492,47437
"(0.7591142927392052, 0.9689685679211438)",1,94.71959849079884,47438
"(0.943792719255964, 0.9374844260560896)",1,94.7195503725298,47439
"(0.9343434343434344, 0.953054992365648)",1,94.7194821360776,47440
"(0.960607978267748, 0.961342940685046)",1,94.71939021981623,47441
"(0.9577861163227016, 0.9575114377859448)",2,94.71918916252332,47443
"(0.8431202227801533, 0.9463327370304114)",1,94.71913358275152,47444
"(0.8567335484304631, 0.9384463443611106)",3,94.7190893347654,47447
"(0.8675595238095238, 0.9541062801932368)",1,94.7190226194453,47448
"(0.8627653708298868, 0.9583928571428572)",1,94.71900366197164,47449
"(0.8500647757655945, 0.9577861163227016)",1,94.71900320284212,47450
"(0.8078308130291714, 0.977638640429338)",2,94.71891127695191,47452
"(0.8697092516251784, 0.9463234342650104)",1,94.71886843346223,47453
"(0.7800259083338473, 0.9774943735933984)",1,94.71877551762046,47454
"(0.8377802144249512, 0.9652297777949396)",1,94.71874104906335,47455
"(0.9371419957793188, 0.9554098688819938)",1,94.71869953290982,47456
"(0.9226542688081152, 0.9475111877796946)",1,94.71860584765176,47457
"(0.8251352813852814, 0.9507857142857142)",2,94.71860464582728,47459
"(0.8601866883116884, 0.9577861163227016)",2,94.71857267375006,47461
"(0.8489948371838136, 0.96)",4,94.71845929388591,47465
"(0.8533333333333333, 0.9506818181818182)",2,94.71817191181188,47467
"(0.9444444444444444, 0.9841269841269842)",1,94.7180009494439,47468
"(0.8605318565948488, 0.9526018354129678)",2,94.71798298874624,47470
"(0.9535924585381664, 0.9625936563436563)",1,94.71784062226754,47471
"(0.8319805194805194, 0.9507857142857142)",2,94.71774592785162,47473
"(0.7578281449973651, 0.9746433379910776)",2,94.717740572481,47475
"(0.8414627506478152, 0.9695954799078136)",4,94.71769391551126,47479
"(0.8798475538617097, 0.9550387596899224)",2,94.717640767964,47481
"(0.8993274485077766, 0.962604085919332)",1,94.7176136302211,47482
"(0.8665866615463389, 0.9615343915343916)",1,94.71758438790194,47483
"(0.9283969998255712, 0.9565375499581746)",1,94.71755333946368,47484
"(0.863200629779577, 0.9694279341856143)",1,94.71753100749712,47485
"(0.9283144321801948, 0.9560805836777236)",1,94.717392359255,47486
"(0.9522158577027434, 0.9527829893683551)",2,94.71731585439548,47488
"(0.8731196908559524, 0.9516760651629074)",3,94.71728264882648,47491
"(0.8665730967886818, 0.9612261904761904)",1,94.71721393149268,47492
"(0.9855521155830752, 0.978144708175668)",2,94.7171591590136,47494
"(0.9526018354129678, 0.9527829893683551)",1,94.7170800405904,47495
"(0.8457575757575757, 0.9868055555555556)",2,94.71707483873708,47497
"(0.8642588614393125, 0.942901126019191)",1,94.7170354976316,47498
"(0.8663406611415462, 0.9574505911522484)",1,94.7169446379451,47499
"(0.8956505897276728, 0.95474577471438)",1,94.71691156575729,47500
"(0.932845238095238, 0.9476776665722468)",1,94.7168858240118,47501
"(0.8368013055895552, 0.9552772808586762)",1,94.71682348486912,47502
"(0.8756479140328698, 0.9541309523809522)",1,94.7168215738225,47503
"(0.7800259083338473, 0.9563953488372092)",1,94.7166567470882,47504
"(0.9003322259136212, 0.9885627144491042)",2,94.7166222094828,47506
"(0.9131182795698924, 0.9637433687002652)",1,94.71654644708752,47507
"(0.8489948371838136, 0.96004600460046)",2,94.71643985931544,47509
"(0.924126984126984, 0.9527829893683551)",1,94.71637847761856,47510
"(0.8831509426561547, 0.956140350877193)",1,94.7163047720488,47511
"(0.8995164281928988, 0.9473039215686276)",3,94.71628928291868,47514
"(0.9618138828565136, 0.941733479105928)",1,94.71628134695436,47515
"(0.8348214285714286, 0.9580611248779756)",6,94.71621566528422,47521
"(0.9724945533769064, 0.996078431372549)",4,94.71615546517194,47525
"(0.8635758097194084, 0.955045504550455)",3,94.71612652050618,47528
"(0.8304018976011457, 0.969913169748696)",3,94.71612437823144,47531
"(0.7490105108647218, 0.9575114377859448)",2,94.71612389851988,47533
"(0.9111616775696132, 0.951596182326806)",1,94.7161120082804,47534
"(0.8427109974424554, 0.9551820728291316)",1,94.71599276726222,47535
"(0.9252046422964788, 0.9657079385975222)",1,94.71590993463356,47536
"(0.8787375415282391, 0.9667774086378738)",1,94.71580305743986,47537
"(0.899997244510117, 0.9571415605540404)",1,94.7157595607386,47538
"(0.8576356621891807, 0.9527829893683551)",1,94.71563637849356,47539
"(0.8864832156597472, 0.9508739421428176)",1,94.71556111507036,47540
"(0.9571428571428572, 0.9688819909986466)",1,94.71541927513614,47541
"(0.8129629629629629, 1.0)",1,94.71523549481928,47542
"(0.952503401360544, 0.9555491383616382)",1,94.7152152290474,47543
"(0.8901450053705692, 0.942901126019191)",1,94.71520580755092,47544
"(0.8282752506308395, 0.9667774086378738)",1,94.71518921800693,47545
"(0.8301220908241457, 0.971000782115116)",1,94.71482864523212,47546
"(0.8681827731092436, 0.9759093915343916)",1,94.7147595709554,47547
"(0.8753462245347001, 0.9554098688819938)",1,94.71466980649426,47548
"(0.927777350854274, 0.9580611248779756)",1,94.71463975082868,47549
"(0.866188587122368, 0.953054992365648)",1,94.71459691715604,47550
"(0.906439024390244, 0.9579551650296714)",1,94.71450889050142,47551
"(0.9343434343434344, 0.9484080262531626)",1,94.7144421611721,47552
"(0.933229459603253, 0.945044504450445)",1,94.71438464001614,47553
"(0.809724025974026, 0.9624656593406592)",1,94.71422877300704,47554
"(0.6950652170389156, 0.987411647222668)",1,94.71418877795912,47555
"(0.9332863195363196, 0.9652790849068246)",4,94.71411838292718,47559
"(0.953054992365648, 0.95)",3,94.71391899036207,47562
"(0.8926559394175094, 0.9571415605540404)",2,94.71391771625996,47564
"(0.8886775717208655, 0.9649122807017544)",1,94.71378759463325,47565
"(0.8956505897276728, 0.9665714285714284)",2,94.71371947143348,47567
"(0.8703288070923577, 0.947866344605475)",1,94.71362223178572,47568
"(0.9320240125035522, 0.9633862433862432)",1,94.7135947002556,47569
"(0.8681827731092436, 0.9543257389162564)",1,94.71356380514447,47570
"(0.8752365981200475, 0.9574505911522484)",1,94.7135294219747,47571
"(0.92710864283235, 0.9563953488372092)",1,94.71336457550628,47572
"(0.8741941654321389, 0.9649122807017544)",3,94.71326513442624,47575
"(0.9577861163227016, 0.9577861163227016)",1,94.71320444235904,47576
"(0.7639558204899114, 0.9741941687642656)",1,94.71315455776492,47577
"(0.8309901221124679, 0.9563953488372092)",1,94.71314471585228,47578
"(0.5259230724076194, 0.975051251281282)",1,94.7130460733561,47579
"(0.9541309523809522, 0.9571428571428572)",1,94.71303461292256,47580
"(0.9769063180827886, 0.9925925925925926)",4,94.71286088993904,47584
"(0.9239583333333332, 0.9658154816997468)",1,94.7128473928792,47585
"(0.946764828738513, 0.9665714285714284)",2,94.7127787348926,47587
"(0.8927951388888888, 0.9866666666666666)",1,94.71277275415588,47588
"(0.888677473913542, 0.9543257389162564)",1,94.71275929631534,47589
"(0.8418571428571429, 0.9647321428571428)",1,94.7127234597249,47590
"(0.95474577471438, 0.9534840838509316)",1,94.71268433658494,47591
"(0.8753462245347001, 0.95004500450045)",1,94.71264841988187,47592
"(0.904499073566638, 0.950721153846154)",2,94.71252094812498,47594
"(0.8888888888888888, 0.9615343915343916)",1,94.71235807352473,47595
"(0.8787790697674417, 0.9552772808586762)",1,94.71207189771258,47596
"(0.7777057245080501, 0.9563953488372092)",1,94.71199332015752,47597
"(0.5689798878835562, 0.9503723544973544)",1,94.711963480881,47598
"(0.5173322840842022, 0.9380552220888356)",1,94.71187382235198,47599
"(0.9185588416618146, 0.9534840838509316)",1,94.71171167551992,47600
"(0.7745765275257108, 0.9560805836777236)",1,94.71164073333271,47601
"(0.7868638623713392, 0.9519059481326966)",3,94.7116152793812,47604
"(0.9504053648283456, 0.9475111877796946)",2,94.71137968203664,47606
"(0.8675136116152449, 1.0)",1,94.71132323803356,47607
"(0.944540304191448, 0.9495131982526256)",1,94.71125654900956,47608
"(0.8912382111347733, 0.9610152916073968)",1,94.71115429482428,47609
"(0.8389982110912344, 0.9563953488372092)",1,94.7111217742403,47610
"(0.8310470779220779, 0.9507857142857142)",1,94.71104246154486,47611
"(0.9584283173426188, 0.9435931041435628)",1,94.71102427598667,47612
"(0.8140638481449526, 0.9554098688819938)",1,94.71100340900668,47613
"(0.6782946827273069, 0.9722222222222222)",1,94.7109570469432,47614
"(0.9245524296675192, 0.95004500450045)",2,94.7109152110793,47616
"(0.9540538847117792, 0.9606615844690656)",1,94.7106878671186,47617
"(0.8240047299960582, 0.9667081046663232)",1,94.71048467685716,47618
"(0.944540304191448, 0.9390638788116482)",1,94.710459615095,47619
"(0.9571428571428572, 0.9595374149659864)",1,94.71035785917144,47620
"(0.9060206664893564, 0.956140350877193)",1,94.71033271809152,47621
"(0.9352667274015588, 0.9457203293797688)",1,94.71023950218328,47622
"(0.8427109974424554, 0.9525113127828196)",1,94.71022677782504,47623
"(0.879400973119566, 0.9535924585381664)",1,94.71008707709964,47624
"(0.8831064306064307, 1.0)",1,94.7099150707911,47625
"(0.984504357298475, 0.9855521155830752)",1,94.70975355380614,47626
"(0.7779411764705884, 0.9535098522167488)",1,94.70973001613709,47627
"(0.9364583333333332, 0.9866666666666666)",1,94.70969386663816,47628
"(0.8923108552631579, 0.9605856647968066)",1,94.70968116144653,47629
"(0.5223765432098765, 0.9868055555555556)",1,94.7095881739766,47630
"(0.9078944034861038, 0.9580611248779756)",3,94.70957369975396,47633
"(0.8722453294915884, 0.9565375499581746)",1,94.70952980181256,47634
"(0.9055383852258851, 0.9565375499581746)",3,94.70934244670038,47637
"(0.9618138828565136, 0.9683214285714286)",1,94.70927455149652,47638
"(0.5297498309668696, 0.9477798624140088)",3,94.70919018735988,47641
"(0.8650018740629685, 0.9541062801932368)",1,94.7091681044822,47642
"(0.9224211423699916, 1.0)",1,94.70914600504604,47643
"(0.8183575715604802, 0.9651951748860688)",1,94.709081613723,47644
"(0.9362824675324676, 0.9534181717978908)",2,94.70903888535996,47646
"(0.8641433305377707, 0.9590069946107098)",1,94.70892046548524,47647
"(0.7913826015816743, 0.9472634640194172)",3,94.7089150552938,47650
"(0.8898792718668495, 0.9538729657213072)",1,94.70879570789003,47651
"(0.8406622751683077, 0.9699326332476572)",4,94.70878133877946,47655
"(0.9203845950797168, 0.9574505911522484)",1,94.7087334217896,47656
"(0.8426434676434675, 0.9506818181818182)",1,94.70841718690144,47657
"(0.8731395923480499, 0.9577759872287582)",1,94.70835702764862,47658
"(0.932845238095238, 0.9586520604621642)",2,94.70834669601815,47660
"(0.7565121572311138, 0.9411027568922304)",1,94.70809523001324,47661
"(0.840845345330562, 0.968940186109574)",2,94.70805696823422,47663
"(0.875869740093878, 0.9583928571428572)",1,94.7080129513707,47664
"(0.7973137973137973, 0.9743589743589745)",1,94.70788889603216,47665
"(0.7869886131820035, 0.9563953488372092)",1,94.7078098995292,47666
"(0.7925825464094582, 0.9694279341856143)",1,94.70778671238055,47667
"(0.87257176828623, 0.9646039048354882)",1,94.7076423366171,47668
"(0.874810606060606, 0.9767241379310344)",2,94.70761569359937,47670
"(0.8756319514661275, 0.965497521921464)",2,94.7075033240112,47672
"(0.8832069892473118, 0.9767241379310344)",1,94.70747014578224,47673
"(0.7567848579216416, 0.9891022285618164)",2,94.70746464295613,47675
"(0.9526018354129678, 0.945044504450445)",1,94.70742782564184,47676
"(0.8603603603603602, 0.9605856647968066)",3,94.70732880941368,47679
"(0.8361410189075631, 0.9507857142857142)",1,94.7073281376498,47680
"(0.9263477887938646, 0.9393939393939392)",2,94.70714747102532,47682
"(0.8361410189075631, 0.9507857142857142)",2,94.70701156542688,47684
"(0.8737236721611722, 0.9579551650296714)",1,94.70698454288691,47685
"(0.8888888888888888, 0.9615343915343916)",2,94.70692351180698,47687
"(0.9688819909986466, 0.9536033163265304)",1,94.70689085031314,47688
"(0.9485046203796204, 0.9439688259385148)",2,94.70688919140156,47690
"(0.807645640445745, 0.966318918797969)",1,94.70684250212088,47691
"(0.9248976608187136, 0.9565375499581746)",1,94.70676212797234,47692
"(0.8683686913500577, 0.9388274530454624)",1,94.70671417887117,47693
"(0.8955165692007796, 0.9473684210526316)",1,94.70664502131568,47694
"(0.8919095971175892, 0.9667774086378738)",1,94.70642122950764,47695
"(0.7827659652601814, 0.9561403508771932)",1,94.7064154819244,47696
"(0.910924131602386, 0.9508739421428176)",1,94.7063631656063,47697
"(0.5861073624231519, 0.9648977033360302)",1,94.70620560584544,47698
"(0.8252552284666469, 0.9563260001856492)",3,94.70620307617752,47701
"(0.689772303098171, 0.969913169748696)",1,94.70615250083848,47702
"(0.8822954822954823, 1.0)",2,94.7061102276448,47704
"(0.6817662805944057, 0.9754464285714284)",2,94.70610645650812,47706
"(0.8067271451483561, 0.9885627144491042)",1,94.70608772544524,47707
"(0.8846153846153847, 0.9550597108736644)",1,94.7059434472358,47708
"(0.8952675231745, 0.9563953488372092)",1,94.7059309024228,47709
"(0.9522158577027434, 0.9516258530710558)",1,94.70590156330898,47710
"(0.8347255546669036, 0.95)",1,94.70571622739124,47711
"(0.9127579737335836, 0.9576029606661498)",1,94.70570562715164,47712
"(0.8774993038150933, 0.9611414900888584)",1,94.70570082660753,47713
"(0.5951421188630491, 1.0)",1,94.70554010918808,47714
"(0.7111723106215151, 0.9563953488372092)",1,94.70552314200752,47715
"(0.8426434676434675, 0.9506818181818182)",1,94.70544547969592,47716
"(0.8450150555413714, 0.94745682548523)",1,94.70504473886916,47717
"(0.8799035686171609, 0.9574505911522484)",1,94.7050157284882,47718
"(0.9077881758764113, 0.956679279899094)",1,94.70497928250886,47719
"(0.9667774086378738, 0.9774943735933984)",1,94.70494935787193,47720
"(0.8457082316070161, 0.9541062801932368)",1,94.70493416502534,47721
"(0.785562382962099, 0.9955010105996078)",3,94.70489912289086,47724
"(0.7982512875968919, 0.9973613237813992)",3,94.70482911232088,47727
"(0.8584326321395287, 0.9657079385975222)",2,94.70481063808062,47729
"(0.7400546757164405, 0.9868055555555556)",1,94.70473063444804,47730
"(0.824225054981075, 0.9582490388195676)",1,94.70456852327833,47731
"(0.8601866883116884, 0.9557291666666669)",1,94.70447795574007,47732
"(0.902896642527979, 0.947600710159786)",1,94.70441532415776,47733
"(0.7918867143005074, 0.9506818181818182)",1,94.70438056092635,47734
"(0.8759339156055981, 0.9563953488372092)",1,94.70432390902884,47735
"(0.8382250174703006, 0.9580611248779756)",1,94.7042263350266,47736
"(0.8752365981200475, 0.9608348284368692)",1,94.7041629436879,47737
"(0.84, 0.955045504550455)",1,94.70411776513576,47738
"(0.9088431305536568, 0.956140350877193)",1,94.7040354413024,47739
"(0.9352667274015588, 0.942599584906604)",3,94.70380637100271,47742
"(0.8823631647905025, 0.9575114377859448)",1,94.70355380965808,47743
"(0.8956505897276728, 0.9635619016637234)",1,94.70343532532443,47744
"(0.8785686728395061, 0.9506818181818182)",1,94.70337846559194,47745
"(0.8282752506308395, 0.9667774086378738)",2,94.703286163331,47747
"(0.6700292397660818, 0.9649122807017544)",2,94.70325006620352,47749
"(0.8406622751683077, 0.9660338987186684)",2,94.70324574513369,47751
"(0.8759722222222223, 0.9759093915343916)",1,94.7032236510572,47752
"(0.9492266992266992, 0.9743589743589745)",1,94.70321011657838,47753
"(0.9263477887938646, 0.9475111877796946)",1,94.70316836235745,47754
"(0.8993274485077766, 0.9554098688819938)",3,94.70301593316296,47757
"(0.8082298900462964, 0.9984875577410224)",3,94.7028986749088,47760
"(0.8567335484304631, 0.960657765442102)",1,94.7028429680711,47761
"(0.900532496919579, 0.953831948291782)",1,94.70281403945,47762
"(0.7597722376115729, 0.9604697507658034)",1,94.7025262460289,47763
"(0.809724025974026, 0.9638392857142858)",1,94.70248428268556,47764
"(0.7682348491460825, 0.9747439067467324)",1,94.70234852065462,47765
"(0.8732558430822417, 0.947600710159786)",1,94.702321064272,47766
"(0.8681827731092436, 0.9248353174603174)",1,94.70222031785076,47767
"(0.8599096060965494, 0.9604697507658034)",3,94.70218391527868,47770
"(0.7526505850065001, 0.9563953488372092)",1,94.70200411486272,47771
"(0.9882352941176472, 0.9614814814814816)",1,94.70199718608586,47772
"(0.8638088157947971, 0.9612261904761904)",3,94.7019954013005,47775
"(0.7597722376115729, 0.956140350877193)",3,94.70188861643562,47778
"(0.8814236111111111, 0.9866666666666666)",1,94.70187226451786,47779
"(0.8240047299960582, 0.9552772808586762)",1,94.70185164519113,47780
"(0.8853349024500907, 0.9507857142857142)",1,94.70143240185868,47781
"(0.8660716819433014, 0.9501800720288114)",1,94.70133563920174,47782
"(0.8584010840108401, 0.9868055555555556)",2,94.70125658923745,47784
"(0.8632677198614513, 0.9575114377859448)",1,94.7012299567798,47785
"(0.8365744453354719, 0.9767441860465116)",1,94.70117339942036,47786
"(0.7534237164244011, 0.9669764295574512)",1,94.70116234978664,47787
"(0.9170528266913808, 0.962604085919332)",1,94.7011081667976,47788
"(0.9462631140307872, 0.9571428571428572)",1,94.70090168084356,47789
"(0.7362044405953198, 0.9681114953105514)",1,94.70089296341646,47790
"(0.9031297003355316, 0.9667774086378738)",1,94.70083080073276,47791
"(0.5248560962846677, 0.9618138828565136)",2,94.70079836178812,47793
"(0.8357101427078324, 0.9667712327175554)",1,94.7006722894044,47794
"(0.8691933668722457, 0.961770130454341)",1,94.70066124523346,47795
"(0.8241758241758242, 0.9575114377859448)",1,94.70064738065824,47796
"(0.84, 0.9526018354129678)",1,94.70053277356728,47797
"(0.8142769320712446, 0.9988651610017888)",3,94.7005116197722,47800
"(0.876818777829583, 0.9619141452665482)",1,94.70041314806603,47801
"(0.992156862745098, 0.996078431372549)",4,94.7003923991629,47805
"(0.688755768539658, 0.993730685598048)",1,94.7002119491252,47806
"(0.6542397660818713, 0.9385964912280702)",1,94.70008131817798,47807
"(0.8571249352499352, 0.9615343915343916)",1,94.70000575380386,47808
"(0.8042242477702636, 0.9604697507658034)",3,94.6999741327256,47811
"(0.8727305120627135, 0.969913169748696)",1,94.69986351825628,47812
"(0.9224211423699916, 1.0)",1,94.69974972044476,47813
"(0.8490492285760273, 0.9563260001856492)",3,94.69972587472964,47816
"(0.895751096491228, 0.9651951748860688)",6,94.6996357276634,47822
"(0.8457082316070161, 0.9541062801932368)",1,94.69957312783755,47823
"(0.8820043103448276, 0.9759093915343916)",1,94.69954830290337,47824
"(0.6988221026049972, 0.961770130454341)",2,94.6994204954848,47826
"(0.919687006945461, 0.9734722222222224)",1,94.69939475891005,47827
"(0.913324175824176, 0.9507857142857142)",1,94.69933926314748,47828
"(0.6000400160064026, 0.96)",4,94.69926637193711,47832
"(0.8018835849313205, 0.9463327370304114)",1,94.69925099080488,47833
"(0.8186504754267384, 0.9774943735933984)",2,94.69918212554931,47835
"(0.8228775853775853, 0.9506818181818182)",1,94.69905685091364,47836
"(0.9522158577027434, 0.9580611248779756)",1,94.69875751219392,47837
"(0.8941062801932367, 0.9868055555555556)",1,94.69858115217112,47838
"(0.6699593128390597, 0.9579551650296714)",1,94.6984028990307,47839
"(0.9283969998255712, 0.9414601023976022)",1,94.6983680418789,47840
"(0.919687006945461, 0.9734722222222224)",1,94.69806303530495,47841
"(0.930343001196812, 0.955)",1,94.69801413881696,47842
"(0.8638088157947971, 0.9612261904761904)",1,94.69798070332692,47843
"(0.9612261904761904, 0.9579551650296714)",1,94.69785362140784,47844
"(0.8252189403088706, 0.998490065707448)",3,94.6978072049244,47847
"(0.8133720930232559, 0.9667774086378738)",1,94.69771877152496,47848
"(0.8487161531279178, 0.9506818181818182)",1,94.69762299278212,47849
"(0.8886775717208655, 0.9473684210526316)",1,94.6975766183032,47850
"(0.9169201764231004, 0.9740643495864882)",2,94.69746475678323,47852
"(0.7238288387399194, 0.9552772808586762)",1,94.69742588224716,47853
"(0.4922900979157565, 0.9475111877796946)",3,94.69731033976404,47856
"(0.8753753753753755, 0.9493987095478396)",1,94.69719205168518,47857
"(0.8483812129502963, 0.9767441860465116)",1,94.69712772852073,47858
"(0.9420000000000002, 0.9507857142857142)",1,94.6971117724868,47859
"(0.7777057245080501, 0.9463327370304114)",1,94.6971109066966,47860
"(0.9385522734146589, 0.9527829893683551)",1,94.69709735337024,47861
"(0.8176097867714723, 0.9950753526030388)",2,94.6970488383669,47863
"(0.850118422407579, 0.950721153846154)",1,94.69702562880993,47864
"(0.7957571580750572, 0.9924426538160936)",2,94.69700532544476,47866
"(0.7652624504810414, 0.9652297777949396)",3,94.69699840799689,47869
"(0.82452636968766, 0.9748677248677248)",2,94.69698091670436,47871
"(0.8466433806991083, 0.937598459653422)",1,94.6967621973206,47872
"(0.906439024390244, 0.944540304191448)",1,94.69670426903562,47873
"(0.8361410189075631, 0.9507857142857142)",2,94.69669568863752,47875
"(0.8327485380116959, 0.9438484030589294)",1,94.69663624060416,47876
"(0.9135802469135802, 1.0)",1,94.69661045196663,47877
"(0.9408601779678556, 0.9688819909986466)",1,94.69652039822674,47878
"(0.9125701913010372, 0.9829335242869076)",1,94.69640569579867,47879
"(0.7896619112761384, 0.9552772808586762)",1,94.69639421116742,47880
"(0.9577861163227016, 0.9407051282051282)",1,94.6963702678056,47881
"(0.910924131602386, 0.9503404207824095)",1,94.69630173994835,47882
"(0.8069104052936311, 0.9992461287693564)",1,94.6962834572419,47883
"(0.7905362633387593, 0.9385964912280702)",1,94.6962193860916,47884
"(0.8232281991085706, 0.9575114377859448)",1,94.69613967739384,47885
"(0.9278900902053612, 0.9574505911522484)",1,94.69591827206304,47886
"(0.8936585789922377, 0.94745682548523)",3,94.69562025516753,47889
"(0.8498740201567748, 0.9428823795600112)",2,94.69555874019665,47891
"(0.8238599925743408, 0.9552772808586762)",1,94.69544039601485,47892
"(0.9308485656257932, 0.95474577471438)",1,94.69540515680316,47893
"(0.8166129441119749, 0.9954658134598168)",1,94.69522931718852,47894
"(0.947191237061602, 0.9380365948286652)",1,94.69519510336676,47895
"(0.9226438267614736, 0.9645607615220874)",1,94.69500699459329,47896
"(0.8952675231745, 0.9365750528541228)",1,94.69499394091388,47897
"(0.8846153846153847, 0.9511278195488724)",1,94.69484469982042,47898
"(0.93916595083917, 0.9571428571428572)",1,94.69482685751544,47899
"(0.7869981325863679, 1.0)",1,94.69477795255438,47900
"(0.8853132832080202, 0.9694279341856143)",2,94.69475817764004,47902
"(0.9464079225584776, 0.9650363879165252)",1,94.69471232437438,47903
"(0.6954252406167535, 0.94745682548523)",1,94.69448545385376,47904
"(0.8439572704081633, 0.95)",1,94.69444259208969,47905
"(0.944540304191448, 0.9476776665722468)",1,94.6943832225377,47906
"(0.803623428272623, 0.9788110478899952)",1,94.69435480597365,47907
"(0.8037953410694374, 0.9931818181818182)",3,94.69417410954992,47910
"(0.8643650793650794, 0.9506818181818182)",1,94.69415614731076,47911
"(0.8765565134099617, 0.9866666666666666)",1,94.6941323710127,47912
"(0.8373852304418176, 0.9651951748860688)",1,94.69405667902171,47913
"(0.79145763692632, 0.9580696547657744)",1,94.69405631531004,47914
"(0.8895225947521866, 0.960607978267748)",1,94.69399134273355,47915
"(0.927777350854274, 0.955045504550455)",1,94.69396771389842,47916
"(0.8361782835467045, 0.960657765442102)",1,94.69394065886272,47917
"(0.8604896273405435, 0.9721403705029532)",1,94.69391079537051,47918
"(0.8732558430822417, 0.953054992365648)",1,94.693892757409,47919
"(0.9612261904761904, 0.9574505911522484)",3,94.69366682849244,47922
"(0.7901692183722804, 0.9380552220888356)",3,94.69362550446888,47925
"(0.7630202530928882, 0.9909110337814906)",1,94.6935741662852,47926
"(0.8298183642256803, 0.995867558667852)",3,94.69356383989148,47929
"(0.9319444444444444, 0.9734722222222224)",1,94.69345459346064,47930
"(0.8679401993355481, 0.9463327370304114)",2,94.69329239553124,47932
"(0.6190405392011101, 0.969913169748696)",8,94.69302554032171,47940
"(0.8063349885408708, 0.9637433687002652)",2,94.69298045577042,47942
"(0.9371419957793188, 0.95004500450045)",1,94.69292264504294,47943
"(0.8714817270851754, 0.9615343915343916)",1,94.692911318962,47944
"(0.8114749579646627, 0.945)",1,94.69290109434182,47945
"(0.9584283173426188, 0.9380365948286652)",1,94.69277429999858,47946
"(0.8524177828082752, 0.9740643495864882)",3,94.69256244592296,47949
"(0.8129629629629629, 1.0)",1,94.69252929122172,47950
"(0.8277423133433764, 0.967999935209182)",1,94.69219014623673,47951
"(0.920373952288846, 0.945713141025641)",1,94.69217874271315,47952
"(0.8344722204371327, 0.969913169748696)",3,94.69197846723434,47955
"(0.8156365239698572, 0.9615343915343916)",1,94.69179388937236,47956
"(0.7815903998732474, 0.9736842105263158)",1,94.6916928934279,47957
"(0.9579966888808584, 0.9606615844690656)",1,94.69157992966808,47958
"(0.9005147621883774, 0.9571428571428572)",1,94.69153673926044,47959
"(0.8774993038150933, 0.9577759872287582)",1,94.69151937369114,47960
"(0.899337170765742, 0.9565375499581746)",2,94.69151077093528,47962
"(0.498048399687744, 0.9774943735933984)",1,94.6913751610444,47963
"(0.8501768299217661, 0.9415378750109974)",1,94.69132342551892,47964
"(0.9033119658119656, 0.9506818181818182)",4,94.69131441112118,47968
"(0.8613034779932287, 0.9782702035744222)",1,94.6912435073336,47969
"(0.8970155460303243, 0.9608348284368692)",1,94.69111648329964,47970
"(0.8716683535762482, 0.9560805836777236)",1,94.69105346192784,47971
"(0.913324175824176, 0.9507857142857142)",1,94.69098445029654,47972
"(0.8686141304347826, 0.9767241379310344)",1,94.69095844425856,47973
"(0.8564171122994653, 0.9624656593406592)",1,94.69092934335032,47974
"(0.8556083495776478, 0.969913169748696)",1,94.69088692779876,47975
"(0.869754330943847, 0.9868055555555556)",2,94.69075374148424,47977
"(0.8995279593318809, 0.95317738791423)",1,94.69062112907716,47978
"(0.9450031426775612, 0.9457203293797688)",1,94.6905613391338,47979
"(0.9386363636363636, 0.9647321428571428)",1,94.69049009532507,47980
"(0.9031297003355316, 0.9667774086378738)",1,94.69037241810231,47981
"(0.9551820728291316, 0.9454008607746972)",1,94.69034111318425,47982
"(0.8156365239698572, 0.9615343915343916)",1,94.69031495425963,47983
"(0.7853136031723004, 0.96004600460046)",2,94.69030023611332,47985
"(0.9032873606650292, 0.9498577524893316)",1,94.6900705163736,47986
"(0.8398027589298449, 0.9516760651629074)",1,94.6900347231979,47987
"(0.9393939393939392, 0.9443774949160202)",3,94.69003205075823,47990
"(0.9033119658119656, 0.9541062801932368)",1,94.68988803193692,47991
"(0.8552672227371022, 0.9551820728291316)",1,94.6897614367084,47992
"(0.8794618055555555, 0.9729166666666668)",1,94.6897388080866,47993
"(0.744850256280111, 0.9694567285055088)",1,94.68969332374564,47994
"(0.8288590711201375, 0.969583368398797)",1,94.6896741696278,47995
"(0.9131182795698924, 0.9767241379310344)",1,94.68963290619848,47996
"(0.8411319862932767, 0.9460611405055848)",1,94.68940751477324,47997
"(0.9523529411764708, 0.9608348284368692)",3,94.68927494104972,48000
"(0.9252501846146012, 0.96)",1,94.68915146608477,48001
"(0.8832069892473118, 0.9637433687002652)",2,94.68907285720456,48003
"(0.9008392857142858, 0.9507857142857142)",2,94.689066728952,48005
"(0.9426994258113802, 0.9586520604621642)",1,94.68898632460068,48006
"(0.8319805194805194, 0.9624821937321938)",1,94.68896797959118,48007
"(0.9252501846146012, 0.9634384628873468)",1,94.68889547741816,48008
"(0.850118422407579, 0.947600710159786)",1,94.68881651865016,48009
"(0.8586291309669523, 0.9774943735933984)",1,94.68880295265922,48010
"(0.9002463054187192, 0.945044504450445)",1,94.68868245514446,48011
"(0.9408601779678556, 0.9608348284368692)",2,94.68846014721528,48013
"(0.8498740201567748, 0.942901126019191)",1,94.68831353595684,48014
"(0.8727305120627135, 0.9605856647968066)",1,94.68831297136369,48015
"(0.8579384746314236, 0.947191237061602)",1,94.68828079813986,48016
"(0.8305244327276152, 0.9774943735933984)",1,94.68783290366171,48017
"(0.8707729468599035, 0.9734722222222224)",1,94.68781027622582,48018
"(0.906188411509657, 0.9563953488372092)",1,94.68776962415356,48019
"(0.7088589984259713, 0.99414905899965)",2,94.6877349762094,48021
"(0.8798869668155956, 0.9774943735933984)",1,94.68763560961924,48022
"(0.9369792725055884, 0.969913169748696)",3,94.6875834488295,48025
"(0.9385522734146589, 0.9427767354596622)",1,94.68755481339164,48026
"(0.8766755371575004, 0.9577759872287582)",2,94.68744817392208,48028
"(0.8146111116459522, 0.9595374149659864)",1,94.6873687656821,48029
"(0.915494777499728, 0.9563063063063064)",1,94.68731403876738,48030
"(0.9499194985912254, 0.9536033163265304)",1,94.6872029801316,48031
"(0.7893847194050033, 0.95004500450045)",1,94.68699994388544,48032
"(0.7862679955703211, 0.9667774086378738)",1,94.68692777825936,48033
"(0.9082265398925176, 0.9576029606661498)",3,94.68691038195524,48036
"(0.8437596183441058, 0.9648977033360302)",1,94.68672299473158,48037
"(0.7913826015816743, 0.9516760651629074)",2,94.68652910279104,48039
"(0.9283965728274174, 0.9601840736294516)",1,94.68652825766544,48040
"(0.8743600217864923, 0.9507857142857142)",1,94.68652308356928,48041
"(0.7069268971504666, 0.98109417303085)",4,94.68649993039062,48045
"(0.9485046203796204, 0.945469387755102)",1,94.68622799943944,48046
"(0.9313933247559224, 0.9577861163227016)",1,94.68595297302458,48047
"(0.947860476880274, 0.9714285714285714)",1,94.68590436898596,48048
"(0.8639291465378421, 0.9506818181818182)",1,94.68585671051272,48049
"(0.6396617032392895, 0.9754464285714284)",2,94.68566213644792,48051
"(0.827728296446098, 0.9833905548990788)",1,94.68563084390904,48052
"(0.883580779054917, 0.9506818181818182)",1,94.6855768232812,48053
"(0.8867478025693036, 0.9480488598533204)",3,94.68554772756524,48056
"(0.947088068181818, 1.0)",1,94.68550956261709,48057
"(0.8908246225319396, 0.9360538014841208)",1,94.68549742289332,48058
"(0.8755813953488372, 0.9667774086378738)",1,94.68548689205292,48059
"(0.8378378378378377, 0.950721153846154)",1,94.68542288774536,48060
"(0.8164607007575758, 0.9916931612050948)",3,94.68541051645128,48063
"(0.9020844965568584, 0.951596182326806)",1,94.68540771602711,48064
"(0.952503401360544, 0.9541309523809522)",2,94.6852978183747,48066
"(0.7792936288088643, 0.9782702035744222)",1,94.6850602563405,48067
"(0.8837244897959183, 0.945469387755102)",1,94.68499441382068,48068
"(0.9606447334368527, 0.9642857142857144)",3,94.6849470295776,48071
"(0.8216135716135716, 0.9506818181818182)",1,94.68492261805548,48072
"(0.9551820728291316, 0.9527829893683551)",1,94.68491277715512,48073
"(0.7760329194065742, 0.9900332675353348)",2,94.68487089559602,48075
"(0.7868638623713392, 0.9473684210526316)",1,94.68483908706824,48076
"(0.9320451606275656, 0.9740643495864882)",1,94.68479939563886,48077
"(0.92710864283235, 0.9774943735933984)",4,94.68466550328688,48081
"(0.9866666666666668, 0.9777777777777776)",2,94.6846378161243,48083
"(0.6054766734279918, 0.9657451923076924)",1,94.68463580309091,48084
"(0.8316355404640634, 0.9694095827515072)",1,94.68461799095547,48085
"(0.8557504873294346, 0.9648977033360302)",1,94.68448015862548,48086
"(0.9229016661449092, 0.9687863141851402)",1,94.68447715791952,48087
"(0.8380601247872943, 0.9552772808586762)",2,94.68430833788187,48089
"(0.913324175824176, 0.9507857142857142)",1,94.68404879033127,48090
"(0.6396617032392895, 0.9754464285714284)",2,94.68400540437334,48092
"(0.8250479193421631, 0.994726749472503)",3,94.6840027480463,48095
"(0.9538729657213072, 0.9428341384863124)",3,94.68375324932678,48098
"(0.8639291465378421, 0.9506818181818182)",1,94.68375204832412,48099
"(0.8668997314688148, 0.9463327370304114)",1,94.6836884495923,48100
"(0.9002770083102493, 0.9651951748860688)",1,94.68363933473036,48101
"(0.5960047704233751, 0.9552772808586762)",1,94.68359362547218,48102
"(0.9296302734822564, 0.9574505911522484)",1,94.68331665092988,48103
"(0.7982512875968919, 0.9962290087680192)",3,94.6830689536416,48106
"(0.902896642527979, 0.9526018354129678)",1,94.68288213539095,48107
"(0.8244159679375627, 0.9552772808586762)",2,94.68286636408205,48109
"(0.874810606060606, 0.9767241379310344)",1,94.68274069037562,48110
"(0.8500055114638447, 0.9615343915343916)",1,94.68259124355176,48111
"(0.9064872325741892, 0.9748677248677248)",1,94.68250745506762,48112
"(0.9214157914304304, 0.9465769388085848)",1,94.68244034270928,48113
"(0.8322048866647042, 0.9774943735933984)",1,94.68243072426728,48114
"(0.9476776665722468, 0.9577081026208932)",2,94.68238150190912,48116
"(0.8988571428571429, 0.9618610747051114)",1,94.68237860495746,48117
"(0.801903073699499, 0.9935546682631315)",3,94.68233958927118,48120
"(0.9259031198686372, 0.9480488598533204)",2,94.68222759816838,48122
"(0.946764828738513, 0.9606447334368527)",1,94.68221620051766,48123
"(0.8798475538617097, 0.9667774086378738)",1,94.68196410829202,48124
"(0.8956505897276728, 0.9570371875635032)",1,94.68194857491608,48125
"(0.9565375499581746, 0.9534623492499265)",1,94.68191771818984,48126
"(0.828819993216278, 0.9694095827515072)",1,94.68190186860232,48127
"(0.7729653996101365, 0.9605856647968066)",2,94.68175541102248,48129
"(0.8786705144198926, 0.9698146682471775)",1,94.68169844019964,48130
"(0.8089966546643172, 0.953054992365648)",1,94.68160085331554,48131
"(0.8255047951711248, 0.965497521921464)",1,94.68142310404848,48132
"(0.8468390938509743, 0.9715186341135926)",1,94.68140329490753,48133
"(0.8500055114638447, 0.9492266992266992)",1,94.6813612813537,48134
"(0.946764828738513, 0.9688819909986466)",1,94.68102768879828,48135
"(0.9485046203796204, 0.9485046203796204)",1,94.68101007246202,48136
"(0.4943390804597701, 0.9737539459290514)",1,94.68072888031058,48137
"(0.8632677198614513, 0.9511278195488724)",1,94.68066314293868,48138
"(0.7958061871683134, 0.9464496874824032)",1,94.68063056252625,48139
"(0.8738126483317046, 0.996078431372549)",1,94.68062322805396,48140
"(0.7687738498092014, 0.9552772808586762)",1,94.6803079404886,48141
"(0.8322048866647042, 0.9774943735933984)",1,94.68020781983004,48142
"(0.8344950967399947, 0.95)",1,94.6801988724674,48143
"(0.8731196908559524, 0.9651951748860688)",1,94.68016662927506,48144
"(0.8887463343108504, 0.9615343915343916)",1,94.6800939072196,48145
"(0.9406839414771724, 0.9527829893683551)",1,94.68006475880328,48146
"(0.8367625143940933, 0.9667712327175554)",1,94.67974710263638,48147
"(0.8607558212871163, 0.9526018354129678)",1,94.67968088825413,48148
"(0.8348214285714286, 0.9584283173426188)",1,94.6796079039519,48149
"(0.942488846547077, 0.9534840838509316)",2,94.67953582156248,48151
"(0.8639291465378421, 0.9506818181818182)",2,94.67944906012411,48153
"(0.8946752284039163, 0.9537087912087912)",1,94.67940940520276,48154
"(0.7072139577594123, 0.9955248409367808)",3,94.6793467289064,48157
"(0.8923108552631579, 0.961770130454341)",1,94.67933063242003,48158
"(0.8448688271604938, 0.9729166666666668)",1,94.67931995998146,48159
"(0.9152165481577246, 0.9423297769451616)",1,94.67917866475688,48160
"(0.7973166368515204, 0.9546136534133534)",1,94.67912380849285,48161
"(0.8315010570824525, 0.9552772808586762)",1,94.67891630423028,48162
"(0.8525234524081565, 0.9723397394452296)",3,94.67887828408172,48165
"(0.865084633255891, 0.954419924179659)",1,94.67879485728686,48166
"(0.917509305210918, 0.9767241379310344)",1,94.678754823375,48167
"(0.5248560962846677, 0.9785714285714284)",1,94.67857710698615,48168
"(0.9342857142857144, 0.9526018354129678)",4,94.67855855781086,48172
"(0.80625, 0.9506818181818182)",2,94.67839532892576,48174
"(0.8547161442933175, 0.9649122807017544)",1,94.67824723156654,48175
"(0.8881381381381382, 0.9868055555555556)",1,94.67814631773324,48176
"(0.918078605068401, 0.9574568288854002)",1,94.67808102780296,48177
"(0.9362824675324676, 0.9534181717978908)",1,94.67806912108588,48178
"(0.944540304191448, 0.9535924585381664)",1,94.6780373103408,48179
"(0.8956505897276728, 0.9465769388085848)",1,94.67801370678754,48180
"(0.9577861163227016, 0.940396356721049)",1,94.67792377513372,48181
"(0.8867478025693036, 0.9411027568922304)",1,94.67781617978405,48182
"(0.9399748585795098, 0.955045504550455)",2,94.677793352373,48184
"(0.8803770478529594, 0.9650363879165252)",1,94.677776279045,48185
"(0.8638791763791764, 0.9541062801932368)",1,94.6777548951332,48186
"(0.7325581395348837, 0.9463327370304114)",2,94.67773863708742,48188
"(0.8783564814814815, 0.9506818181818182)",1,94.67761011717164,48189
"(0.9032873606650292, 0.9498577524893316)",1,94.6775992428759,48190
"(0.8970155460303243, 0.960607978267748)",1,94.67757292563728,48191
"(0.9066840277777778, 0.9866666666666666)",1,94.677555017579,48192
"(0.8714817270851754, 0.9541062801932368)",1,94.67752495293638,48193
"(0.8782163096650154, 0.9568870566527607)",3,94.67735368357964,48196
"(0.9344155844155844, 0.9586520604621642)",1,94.67728561406634,48197
"(0.9465811965811968, 0.986574074074074)",2,94.677191143829,48199
"(0.8661774982529699, 0.9475111877796946)",3,94.67711318477716,48202
"(0.8550741594067247, 0.9885627144491042)",1,94.67709436489004,48203
"(0.8888888888888888, 0.9615343915343916)",1,94.6770665343236,48204
"(0.8552672227371022, 0.9356475535745764)",1,94.676683349361,48205
"(0.9137857142857144, 0.9507857142857142)",1,94.6766555748378,48206
"(0.9007910628019324, 0.9767241379310344)",1,94.67661109785524,48207
"(0.7078583371333029, 0.9552772808586762)",2,94.6766071407338,48209
"(0.8597992596530608, 0.9658154816997468)",1,94.67660452673792,48210
"(0.7971638793175897, 0.994726749472503)",2,94.67652224571636,48212
"(0.8587799123693967, 0.943982716990723)",1,94.6764347505699,48213
"(0.9251027896538732, 0.9506905370843988)",1,94.67640502800909,48214
"(0.925553613053613, 0.9868055555555556)",1,94.67636378547076,48215
"(0.9245524296675192, 0.9475111877796946)",3,94.67635130003356,48218
"(0.8244159679375627, 0.9552772808586762)",1,94.67631788820896,48219
"(0.8378378378378377, 0.950721153846154)",1,94.67617964409314,48220
"(0.8670711156049882, 0.9563953488372092)",1,94.67605030827724,48221
"(0.8778976239800449, 0.9612261904761904)",3,94.6760136896725,48224
"(0.9053333861260692, 0.9414601023976022)",1,94.67599267240152,48225
"(0.8553659393869447, 0.9552772808586762)",1,94.67594534534636,48226
"(0.8807378807378808, 0.9561403508771932)",1,94.67594079035344,48227
"(0.8571249352499352, 0.9506818181818182)",1,94.67576966931934,48228
"(0.9561403508771932, 0.9516258530710558)",1,94.6757179076821,48229
"(0.9433680972830336, 0.9541309523809522)",1,94.675717001188,48230
"(0.9142857142857144, 0.944540304191448)",1,94.67542711870084,48231
"(0.7683919944789509, 0.9492266992266992)",2,94.67538030342148,48233
"(0.919687006945461, 0.9868055555555556)",1,94.675375242134,48234
"(0.8783564814814815, 0.9506818181818182)",2,94.67535034879884,48236
"(0.89246409531063, 0.9595374149659864)",1,94.67534819377576,48237
"(0.8894967532467533, 0.9507857142857142)",2,94.67525271124056,48239
"(0.9142857142857144, 0.951596182326806)",1,94.6752116924614,48240
"(0.9570371875635032, 0.9688819909986466)",1,94.6750680671352,48241
"(0.8471827131238087, 0.9666664091281776)",4,94.67502854923968,48245
"(0.8531211750305999, 0.9774943735933984)",1,94.67497598990852,48246
"(0.9592592592592591, 1.0)",1,94.67494423194216,48247
"(0.8473809523809523, 0.9503723544973544)",1,94.67486588898026,48248
"(0.8887463343108504, 0.9492266992266992)",1,94.67469836527766,48249
"(0.813953488372093, 0.9563953488372092)",1,94.67466837982649,48250
"(0.8576356621891807, 0.947191237061602)",1,94.67453536450644,48251
"(0.875402576489533, 0.9541062801932368)",2,94.67447588234218,48253
"(0.8375771604938271, 1.0)",2,94.6743298441846,48255
"(0.8741582491582491, 0.938374125874126)",1,94.67421979847404,48256
"(0.7141994478951, 1.0)",1,94.67416391754708,48257
"(0.8487390350877192, 0.9516760651629074)",1,94.67389386730775,48258
"(0.8714817270851754, 0.9506818181818182)",2,94.6738089467942,48260
"(0.7797411075256854, 0.9552772808586762)",1,94.67366166077332,48261
"(0.8686141304347826, 0.9646871008939976)",1,94.6736462417692,48262
"(0.8961538461538462, 0.9754464285714284)",1,94.6735539099617,48263
"(0.7495659722222223, 0.9576029606661498)",3,94.67354132169572,48266
"(0.9003787878787879, 0.9759093915343916)",1,94.67343906319084,48267
"(0.9230769230769232, 0.9841269841269842)",1,94.67342034184048,48268
"(0.7682348491460825, 0.969913169748696)",1,94.67336681345768,48269
"(0.794853421848428, 0.9962541039187056)",3,94.6731997941315,48272
"(0.8170400723750731, 0.9667774086378738)",1,94.67305286788906,48273
"(0.8550387596899225, 0.9885627144491042)",1,94.672784203436,48274
"(0.8598257797270954, 0.9517433954079988)",1,94.67269962841208,48275
"(0.865084633255891, 0.9484080262531626)",1,94.67259106750728,48276
"(0.7652624504810414, 0.9649122807017544)",1,94.6725613886883,48277
"(0.9078944034861038, 0.9561403508771932)",1,94.67253749785668,48278
"(0.8238599925743408, 0.9552772808586762)",1,94.67225983002476,48279
"(0.8621651785714286, 0.9571428571428572)",1,94.67224661408252,48280
"(0.7687738498092014, 0.9667081046663232)",1,94.6721867614506,48281
"(0.8660716819433014, 0.9248900062853552)",1,94.671900860175,48282
"(0.8112491373360938, 0.9868055555555556)",2,94.67189412402412,48284
"(0.8421189622802525, 0.9729166666666668)",1,94.67183044918166,48285
"(0.919687006945461, 0.9743589743589745)",1,94.67178609044682,48286
"(0.8547161442933175, 0.969913169748696)",3,94.67178202638742,48289
"(0.9344155844155844, 0.9476776665722468)",1,94.67175269443788,48290
"(0.8883928571428571, 0.9507857142857142)",1,94.6716758697738,48291
"(0.9611528822055138, 0.9504053648283456)",1,94.67161394682142,48292
"(0.8791239816084535, 0.9461152882205514)",1,94.67161134561374,48293
"(0.9364583333333332, 0.9868055555555556)",1,94.67155577957428,48294
"(0.7853026285520565, 0.9692634363686996)",1,94.67141916401414,48295
"(0.6851810692271219, 0.9747439067467324)",1,94.67135687111498,48296
"(0.8311915850750934, 0.9947097503979088)",3,94.6713372342494,48299
"(0.8495892857142856, 0.9507857142857142)",1,94.67117841441772,48300
"(0.9577861163227016, 0.9526018354129678)",1,94.67112333861736,48301
"(0.947866344605475, 0.9528985507246376)",1,94.67110178550888,48302
"(0.8603603603603602, 0.9384463443611106)",1,94.6710982827108,48303
"(0.8414915458937198, 0.9506818181818182)",1,94.67108964846244,48304
"(0.7761690261690262, 0.9506818181818182)",1,94.67098772032908,48305
"(0.883580779054917, 0.9506818181818182)",1,94.67097080464866,48306
"(0.901648307790549, 0.9507857142857142)",1,94.67097009284714,48307
"(0.9555491383616382, 0.9612261904761904)",1,94.67094406814186,48308
"(0.9071896509184342, 0.9565375499581746)",1,94.67092606672972,48309
"(0.9465769388085848, 0.9565375499581746)",1,94.6708709261914,48310
"(0.6513926775780916, 0.969913169748696)",8,94.67086710304116,48318
"(0.8650226969848408, 0.9615343915343916)",1,94.67075503601164,48319
"(0.9432302504125708, 0.944540304191448)",1,94.67058725262166,48320
"(0.8209663503019846, 0.9630672573903032)",1,94.67047426245466,48321
"(0.9428571428571428, 0.9571428571428572)",1,94.67036493250602,48322
"(0.943792719255964, 0.9571428571428572)",1,94.67033084940483,48323
"(0.9406839414771724, 0.95)",1,94.670212700208,48324
"(0.850118422407579, 0.95)",1,94.67000212687944,48325
"(0.9002463054187192, 0.9438426239374108)",1,94.66983048286464,48326
"(0.8411319862932767, 0.9615343915343916)",1,94.66972546614876,48327
"(0.8975847069597069, 0.9574505911522484)",1,94.66971540907204,48328
"(0.8579309881982901, 0.9571862317636473)",1,94.66968754411,48329
"(0.8971203581710827, 0.9868055555555556)",1,94.66940580610913,48330
"(0.8923108552631579, 0.9649122807017544)",1,94.66930460881144,48331
"(0.8348214285714286, 0.9580611248779756)",3,94.66924873674336,48334
"(0.8605318565948488, 0.9511278195488724)",1,94.66914041583983,48335
"(0.9002770083102493, 0.9437087035771248)",1,94.6689028428092,48336
"(0.9630672573903032, 0.945)",2,94.66866493253774,48338
"(0.9406839414771724, 0.95)",2,94.66862787159889,48340
"(0.9525862068965518, 0.9767241379310344)",1,94.66852859772143,48341
"(0.8259661835748793, 0.9615343915343916)",1,94.66834500964605,48342
"(0.9612261904761904, 0.9537087912087912)",2,94.6683249350389,48344
"(0.9283969998255712, 0.9595374149659864)",1,94.66829195944752,48345
"(0.8516815310293571, 0.9506818181818182)",2,94.6682301882614,48347
"(0.8471827131238087, 0.9711399224375468)",1,94.66822889555698,48348
"(0.9577861163227016, 0.9466077880369328)",1,94.66818206382123,48349
"(0.8952675231745, 0.9463327370304114)",1,94.66809685575588,48350
"(0.9189046799105652, 0.9534181717978908)",3,94.6680873402102,48353
"(0.1910789632308619, 0.960414372935642)",1,94.66802451849163,48354
"(0.8114749579646627, 0.950721153846154)",1,94.66793005542618,48355
"(0.9291845493562232, 0.9484080262531626)",1,94.66783447111352,48356
"(0.8743600217864923, 0.9624821937321938)",1,94.6677905086594,48357
"(0.8399595975936993, 0.9729808205740408)",1,94.66778467779636,48358
"(0.9384353741496598, 0.9571395713710704)",1,94.66764259694853,48359
"(0.9385522734146589, 0.95004500450045)",3,94.66723415826242,48362
"(0.9577861163227016, 0.9435931041435628)",1,94.66719921012736,48363
"(0.5542859341335796, 0.9692634363686996)",1,94.6671611346944,48364
"(0.7606882168925964, 0.9577861163227016)",4,94.66707422054156,48368
"(0.7957571580750572, 0.9753680516907008)",1,94.66706357561652,48369
"(0.8457575757575757, 0.9506818181818182)",1,94.6668933260781,48370
"(0.915422077922078, 0.9754464285714284)",1,94.6667017320157,48371
"(0.8683686913500577, 0.95004500450045)",1,94.6666094102171,48372
"(0.899997244510117, 0.9524250968329916)",1,94.6665738274718,48373
"(0.9386363636363636, 0.9646871008939976)",1,94.66638302440788,48374
"(0.930071105365223, 0.9414601023976022)",1,94.66631435187293,48375
"(0.8840890522875817, 0.9748677248677248)",1,94.66627582707883,48376
"(0.5049029126213592, 0.9700132503312582)",1,94.66620070319954,48377
"(0.8661774982529699, 0.95004500450045)",1,94.66608960774624,48378
"(0.6943326608333324, 0.9928142442392058)",1,94.6660848551074,48379
"(0.8209663503019846, 0.96004600460046)",2,94.66596380576084,48381
"(0.7863382439154842, 0.9973454003495162)",3,94.66592389120385,48384
"(0.9540538847117792, 0.9574568288854002)",1,94.66572179691173,48385
"(0.8263429722750363, 0.9576029606661498)",1,94.66562571783248,48386
"(0.8951149425287358, 0.9475111877796946)",3,94.66556255435944,48389
"(0.8890863872430693, 0.95474577471438)",1,94.665432726517,48390
"(0.732130449887094, 0.9472634640194172)",1,94.66534516292288,48391
"(0.9503404207824095, 0.9485046203796204)",1,94.66524527811424,48392
"(0.8170400723750731, 0.9774943735933984)",1,94.66487982010136,48393
"(0.8489948371838136, 0.9484080262531626)",1,94.66477576466627,48394
"(0.8806818181818181, 0.9868055555555556)",1,94.6647748934842,48395
"(0.9601840736294516, 0.9451780712284916)",1,94.66472909031124,48396
"(0.9481474980306196, 0.9642857142857144)",3,94.66465364486127,48399
"(0.9536498942777852, 0.944540304191448)",1,94.66454639221996,48400
"(0.8479183866021937, 0.9576029606661498)",1,94.66444069981154,48401
"(0.8238479252040358, 0.9693729828531906)",1,94.66436373072416,48402
"(0.7823464912280702, 0.9692634363686996)",1,94.6643567276758,48403
"(0.8304387919772535, 0.9575114377859448)",3,94.6643362452122,48406
"(0.9172275641025642, 0.9759093915343916)",1,94.66429140137068,48407
"(0.8357101427078324, 0.9517433954079988)",1,94.66426593572552,48408
"(0.8475024586783413, 0.9782702035744222)",1,94.66420675258522,48409
"(0.7495659722222223, 0.9576029606661498)",1,94.66397250776296,48410
"(0.8157794009760454, 0.9551820728291316)",1,94.66397021261136,48411
"(0.8347694683658232, 0.9560805836777236)",1,94.66393995336742,48412
"(0.8142769320712446, 0.9984848484848484)",1,94.66385704914444,48413
"(0.9201573680323905, 0.9527829893683551)",2,94.66381377502697,48415
"(0.8908978391208922, 0.9712857595464782)",1,94.66377520725382,48416
"(0.8473809523809523, 0.9530326354679802)",1,94.66353372964215,48417
"(0.7827659652601814, 0.9577861163227016)",1,94.66347782434774,48418
"(0.9066840277777778, 0.9866666666666666)",1,94.66341103150329,48419
"(0.8919159544159544, 0.9506818181818182)",1,94.66338378207948,48420
"(0.7466033149795865, 0.964313412738515)",2,94.663312172028,48422
"(0.6923137551625209, 0.9407051282051282)",1,94.6631660124317,48423
"(0.785562382962099, 0.9996213816771112)",1,94.66299281990904,48424
"(0.8577972192765406, 0.9541062801932368)",2,94.66270747467644,48426
"(0.9033119658119656, 0.9541062801932368)",1,94.66254165790386,48427
"(0.8723106060606061, 0.9535098522167488)",1,94.66245736640644,48428
"(0.8564749883122954, 0.9501800720288114)",2,94.66231878111584,48430
"(0.926440329218107, 0.969913169748696)",1,94.66225645590544,48431
"(0.9574568288854002, 0.9537087912087912)",1,94.6621493405512,48432
"(0.6780094316207496, 0.9380552220888356)",2,94.66209798104076,48434
"(0.926045751633987, 0.992156862745098)",1,94.6620964324813,48435
"(0.9047341820740836, 0.9535924585381664)",6,94.66199845322603,48441
"(0.9501800720288114, 0.9501800720288114)",1,94.66186850139968,48442
"(0.8684561965811965, 0.9868055555555556)",1,94.66178526195064,48443
"(0.6000400160064026, 0.96)",3,94.6617813484246,48446
"(0.8531211750305999, 0.9774943735933984)",1,94.66171903467666,48447
"(0.7227553310886644, 0.9615343915343916)",1,94.66169192573018,48448
"(0.9245524296675192, 0.9466077880369328)",1,94.66166589994182,48449
"(0.9354509320175438, 0.9604697507658034)",1,94.66159393274648,48450
"(0.93916595083917, 0.95)",1,94.66142927951228,48451
"(0.8892740936103763, 0.9676092031396972)",1,94.66136106164488,48452
"(0.9477798624140088, 0.9526018354129678)",1,94.66125760128456,48453
"(0.8634436934356743, 0.9667774086378738)",1,94.66123554308722,48454
"(0.9538729657213072, 0.954419924179659)",1,94.66123372566764,48455
"(0.8870934646557915, 0.9628635734072022)",1,94.66110916020016,48456
"(0.9003869969040249, 0.969913169748696)",3,94.66103261985928,48459
"(0.8742045454545455, 0.9767241379310344)",1,94.6609989273496,48460
"(0.8370512373649356, 0.9707309941520468)",1,94.66095551405265,48461
"(0.933229459603253, 0.9525113127828196)",3,94.66072883744906,48464
"(0.9393939393939392, 0.9607371794871794)",1,94.6606993338445,48465
"(0.9333202177191946, 0.9473039215686276)",1,94.66068384249172,48466
"(0.8495892857142856, 0.9624821937321938)",1,94.66050241490927,48467
"(0.8665939529220779, 0.9555491383616382)",1,94.66042543397248,48468
"(0.7967201500483234, 0.9782702035744222)",1,94.6603150951494,48469
"(0.6700292397660818, 0.9658154816997468)",1,94.66030440080252,48470
"(0.9618138828565136, 0.9498577524893316)",1,94.66019787166196,48471
"(0.8259011519881087, 0.9866666666666666)",1,94.66007773258224,48472
"(0.4927573529411765, 0.9713182938347126)",1,94.6599920353824,48473
"(0.7932875667429443, 0.961770130454341)",1,94.65994235404646,48474
"(0.8423371647509579, 1.0)",1,94.65991337155148,48475
"(0.7524552007669335, 0.9652149787869264)",2,94.6598300668164,48477
"(0.946764828738513, 0.9536033163265304)",1,94.65979991938212,48478
"(0.9601840736294516, 0.95004500450045)",3,94.65977891258709,48481
"(0.9618138828565136, 0.9587678773492604)",2,94.6597535514779,48483
"(0.80625, 0.9506818181818182)",1,94.65938687999608,48484
"(0.9522158577027434, 0.9580611248779756)",1,94.6593624697073,48485
"(0.803623428272623, 0.9740643495864882)",1,94.6592505419667,48486
"(0.8502024291497975, 0.9560805836777236)",1,94.65921694129356,48487
"(0.8320261437908496, 0.969913169748696)",1,94.65919967972556,48488
"(0.9111616775696132, 0.9618138828565136)",1,94.65919187009656,48489
"(0.8186504754267384, 0.9774943735933984)",1,94.65916334896178,48490
"(0.9090630853183156, 0.9544687020379472)",1,94.65915908673465,48491
"(0.9391627846790888, 0.9565375499581746)",3,94.65884549780117,48494
"(0.8859337035751476, 0.977638640429338)",1,94.65874398506185,48495
"(0.8887706043956044, 0.9767241379310344)",1,94.6587097775885,48496
"(0.7602353203073469, 0.9692630953065048)",4,94.65864700672935,48500
"(0.640700808625337, 0.9648977033360302)",7,94.65864619299384,48507
"(0.8742045454545455, 0.9767241379310344)",1,94.65860331763454,48508
"(0.8457082316070161, 0.9506818181818182)",4,94.6584044778724,48512
"(0.498048399687744, 0.9774943735933984)",1,94.65814449714676,48513
"(0.8666032691088509, 0.9433978807084348)",1,94.65809785126912,48514
"(0.8821377879681188, 0.9486339348724668)",1,94.65807317719717,48515
"(0.8605318565948488, 0.9475111877796946)",2,94.65805281867527,48517
"(0.8157794009760454, 0.95004500450045)",1,94.65804752092238,48518
"(0.9391627846790888, 0.9595374149659864)",1,94.65789407234584,48519
"(0.7577366425952998, 0.9692539453076214)",1,94.65775450183536,48520
"(0.8638474025974026, 0.9499194985912254)",1,94.65767179099906,48521
"(0.8604651162790697, 0.9667774086378738)",1,94.6576700536934,48522
"(0.9082265398925176, 0.9576029606661498)",1,94.6576636626156,48523
"(0.8731060606060606, 0.9743589743589745)",1,94.65765165798008,48524
"(0.8305244327276152, 0.9667774086378738)",1,94.65756120761968,48525
"(0.9540538847117792, 0.975060054907344)",1,94.65754911454088,48526
"(0.8880350522413213, 0.9667774086378738)",1,94.65750338195942,48527
"(0.888013818790316, 0.9318646435925092)",1,94.65746502817224,48528
"(0.836, 0.9551820728291316)",1,94.65744903665494,48529
"(0.8895225947521866, 0.9647156084656086)",1,94.65743349808912,48530
"(0.8407589540630476, 0.9747439067467324)",1,94.657414240744,48531
"(0.8487390350877192, 0.9604697507658034)",1,94.65727344660536,48532
"(0.9364583333333332, 1.0)",1,94.6572614964683,48533
"(0.822891947476665, 0.9563953488372092)",1,94.65715700155988,48534
"(0.9226438267614736, 0.9657079385975222)",1,94.65708096650393,48535
"(0.873248714145972, 0.9552772808586762)",1,94.65704994903984,48536
"(0.8808345087627107, 0.9590069946107098)",1,94.65702368364694,48537
"(0.885648554482832, 0.9475111877796946)",2,94.65701339777024,48539
"(0.8608609979240738, 0.9568870566527607)",1,94.65699849621464,48540
"(0.9618138828565136, 0.9625936563436563)",1,94.65695161201364,48541
"(0.9263477887938646, 0.9575114377859448)",1,94.65689683562468,48542
"(0.9176086048454468, 0.9495131982526256)",1,94.65688841479523,48543
"(0.8257672120953371, 0.9943030880005692)",1,94.65686759667992,48544
"(0.8786705144198926, 0.9687367007410111)",1,94.65685652083098,48545
"(0.9406839414771724, 0.9527829893683551)",1,94.6568271028258,48546
"(0.8313122923588039, 0.9463327370304114)",1,94.65675635115574,48547
"(0.984504357298475, 0.8400512470873002)",1,94.65647130704151,48548
"(0.952503401360544, 0.9608348284368692)",1,94.65637059737584,48549
"(0.7863382439154842, 0.9965855200233796)",3,94.6560212618488,48552
"(0.7687738498092014, 0.9552772808586762)",1,94.6559309185068,48553
"(0.7490105108647218, 0.9575114377859448)",4,94.65590464694556,48557
"(0.8956505897276728, 0.9574505911522484)",1,94.65576495003047,48558
"(0.9081468615856708, 0.9516760651629074)",1,94.65566441233318,48559
"(0.9386363636363636, 0.9647321428571428)",1,94.65564587376704,48560
"(0.8966049382716049, 0.9868055555555556)",1,94.6556029993096,48561
"(0.917978896103896, 0.9574505911522484)",2,94.6555919620248,48563
"(0.9841269841269842, 1.0)",1,94.6555704954618,48564
"(0.8681827731092436, 0.9390625)",1,94.65554681514756,48565
"(0.9032258064516128, 0.9451780712284916)",1,94.6554464795752,48566
"(0.910986505586216, 0.9658154816997468)",1,94.65543006335795,48567
"(0.8305244327276152, 0.9774943735933984)",1,94.65534710364024,48568
"(0.9351600241545894, 0.9868055555555556)",1,94.6553393198485,48569
"(0.902896642527979, 0.9480488598533204)",1,94.6552420587555,48570
"(0.7536005944279325, 0.9746333356304742)",1,94.65515577876783,48571
"(0.9196428571428572, 0.9543257389162564)",1,94.6550861425926,48572
"(0.9498577524893316, 0.9498577524893316)",1,94.65506817855258,48573
"(0.7687738498092014, 0.9546136534133534)",1,94.6546504613746,48574
"(0.9047341820740836, 0.9647156084656086)",1,94.65434512390988,48575
"(0.9189046799105652, 0.9554098688819938)",4,94.65424652092312,48579
"(0.8995660342409569, 0.9554098688819938)",1,94.65423742672866,48580
"(0.9263477887938646, 0.9627892432770482)",1,94.65410634732773,48581
"(0.8686688472593915, 0.9694279341856143)",2,94.65403653165546,48583
"(0.7971925413785879, 0.9338662790697676)",1,94.65389022870002,48584
"(0.952503401360544, 0.9612261904761904)",3,94.65387393898672,48587
"(0.924126984126984, 0.947191237061602)",1,94.65383658585232,48588
"(0.9643596441509156, 0.950682393081946)",1,94.65380901908972,48589
"(0.8898792718668495, 0.9580611248779756)",1,94.65366042590104,48590
"(0.9002463054187192, 0.9526018354129678)",1,94.65342310219944,48591
"(0.976623544154504, 0.9886710239651416)",4,94.65329001021644,48595
"(0.729495411092376, 0.9939293506780458)",3,94.65315548420838,48598
"(0.8183575715604802, 0.9658154816997468)",2,94.65308210925105,48600
"(0.9283194472668156, 0.944540304191448)",1,94.65300848949346,48601
"(0.9185588416618146, 0.9608348284368692)",1,94.65298114715084,48602
"(0.870174510840825, 0.9580611248779756)",1,94.65277605342544,48603
"(0.9462631140307872, 0.9536033163265304)",1,94.6527046479164,48604
"(0.8882535288785288, 0.9743589743589745)",1,94.65265604232802,48605
"(0.8407589540630476, 0.9628635734072022)",1,94.6526464694206,48606
"(0.8379287658123746, 0.960414372935642)",1,94.65252024160128,48607
"(0.908998988877654, 0.9667774086378738)",1,94.6524549578213,48608
"(0.9343548387096776, 0.9866666666666666)",1,94.6523269457222,48609
"(0.9561403508771932, 0.9575114377859448)",2,94.65224659472808,48611
"(0.8936585789922377, 0.942901126019191)",1,94.65221383879076,48612
"(0.8871004696987055, 0.9774943735933984)",1,94.65219494123214,48613
"(0.8942523459812323, 0.9610152916073968)",1,94.65213409357445,48614
"(0.902896642527979, 0.950721153846154)",1,94.65206015482126,48615
"(0.9493987095478396, 0.9601840736294516)",1,94.65201819444783,48616
"(0.8683686913500577, 0.9425110627765696)",1,94.65200952725212,48617
"(0.7141994478951, 1.0)",2,94.65198536266053,48619
"(0.8069104052936311, 0.9947732051802716)",2,94.65189926452427,48621
"(0.8505727178063172, 0.9563953488372092)",1,94.65159103429282,48622
"(0.8031250538728085, 0.969913169748696)",3,94.65155247690144,48625
"(0.7159090909090909, 0.9506818181818182)",1,94.65139101816906,48626
"(0.8278688524590163, 0.9525113127828196)",1,94.6513718522758,48627
"(0.89246409531063, 0.951596182326806)",1,94.65130367400106,48628
"(0.9125701913010372, 0.9913490623109498)",3,94.65126612474022,48631
"(0.9081468615856708, 0.9519059481326966)",2,94.65121949006696,48633
"(0.8387491609744542, 0.965497521921464)",1,94.6511373776624,48634
"(0.9538729657213072, 0.9438426239374108)",1,94.65088825684926,48635
"(0.7732567104236692, 0.98627581775774)",1,94.65081347428897,48636
"(0.7779411764705884, 0.9646871008939976)",1,94.65055208415528,48637
"(0.9420000000000002, 0.9507857142857142)",1,94.6505477299455,48638
"(0.8504671413325159, 0.94745682548523)",3,94.6505407660098,48641
"(0.8785686728395061, 0.938374125874126)",1,94.65041625179056,48642
"(0.8867478025693036, 0.9625115627890696)",1,94.65038168164511,48643
"(0.7687738498092014, 0.9552772808586762)",1,94.65022422456649,48644
"(0.9611528822055138, 0.9625115627890696)",1,94.65012565837576,48645
"(0.9052521809372952, 0.9615166165923484)",1,94.64997073119947,48646
"(0.7707924493038034, 1.0)",1,94.6499512460627,48647
"(0.8939664986176614, 0.9774943735933984)",1,94.64987768471444,48648
"(0.8703659188034188, 0.9722222222222222)",1,94.64984527122282,48649
"(0.867704307568438, 0.9734722222222224)",1,94.64983080107008,48650
"(0.9754901960784312, 0.996078431372549)",1,94.64976577174802,48651
"(0.8240047299960582, 0.9667081046663232)",1,94.64974906031026,48652
"(0.9625936563436563, 0.9570371875635032)",1,94.64967275163022,48653
"(0.8577972192765406, 0.9506818181818182)",1,94.6496238392718,48654
"(0.8864832156597472, 0.9537087912087912)",1,94.64956964840724,48655
"(0.9090909090909092, 0.9534181717978908)",1,94.64916503032455,48656
"(0.7885647214378558, 0.971279743860592)",1,94.6491130722863,48657
"(0.8180947405085336, 0.9506818181818182)",1,94.64878107289164,48658
"(0.8344950967399947, 0.9586520604621642)",1,94.64876632483916,48659
"(0.9584283173426188, 0.96004600460046)",1,94.64874225286958,48660
"(0.942488846547077, 0.9537087912087912)",1,94.64871485084052,48661
"(0.947866344605475, 0.9407051282051282)",1,94.64863720205211,48662
"(0.8679401993355481, 0.9463327370304114)",1,94.6485646684049,48663
"(0.7792936288088643, 0.9648977033360302)",1,94.64850696058492,48664
"(0.8641929499072356, 0.9535924585381664)",1,94.64832708896157,48665
"(0.8457575757575757, 0.9506818181818182)",1,94.6480376801361,48666
"(0.8879227227021343, 0.9658802458776572)",1,94.64803743370923,48667
"(0.848542995746943, 0.961770130454341)",1,94.64798711949878,48668
"(0.9414843966800374, 0.9550597108736644)",2,94.64796927246084,48670
"(0.908624810464907, 0.950721153846154)",1,94.6479614847299,48671
"(0.7701289026364834, 0.9659905631315204)",1,94.64778199154624,48672
"(0.8525234524081565, 0.9765744863829924)",1,94.64770177995912,48673
"(0.9168478260869564, 1.0)",1,94.64765688446596,48674
"(0.8676666891012699, 0.953831948291782)",1,94.64762009748377,48675
"(0.7574629741006653, 0.9758258629402587)",1,94.64758672586088,48676
"(0.927910199556541, 0.9665714285714284)",3,94.64742257310948,48679
"(0.9081468615856708, 0.9516760651629074)",3,94.64732594724252,48682
"(0.7105621431708389, 0.9729166666666668)",1,94.64731861629714,48683
"(0.8783564814814815, 0.938374125874126)",1,94.6472751698465,48684
"(0.8917391304347826, 0.9507857142857142)",1,94.64718986879478,48685
"(0.846574246867502, 0.9601840736294516)",3,94.64703147501338,48688
"(0.944800323176362, 0.969913169748696)",3,94.6469224970424,48691
"(0.8301220908241457, 0.9657587773656888)",1,94.64689412752624,48692
"(0.8788323569411767, 0.9692634363686996)",1,94.64680036032335,48693
"(0.8318452380952381, 0.9866666666666666)",1,94.64673146206408,48694
"(0.7606882168925964, 0.9577861163227016)",1,94.64668739030184,48695
"(0.827728296446098, 0.9984839948076338)",3,94.64661288123268,48698
"(0.9302579365079364, 0.9868055555555556)",1,94.64660345250118,48699
"(0.8978798708330872, 0.9605856647968066)",1,94.64658058425552,48700
"(0.8387491609744542, 0.9546136534133534)",1,94.646498917141,48701
"(0.8614235882223686, 0.9701391175944156)",1,94.64644229701678,48702
"(0.765625, 0.960414372935642)",1,94.64637603032658,48703
"(0.9088431305536568, 0.9521171349426196)",1,94.64634196522704,48704
"(0.8328310218112851, 0.9507857142857142)",1,94.64619528767152,48705
"(0.8564171122994653, 0.9647321428571428)",1,94.64619481671735,48706
"(0.863200629779577, 0.969913169748696)",2,94.64601048859892,48708
"(0.8703659188034188, 0.9868055555555556)",1,94.64600376205613,48709
"(0.9245524296675192, 0.9526018354129678)",1,94.64596757479926,48710
"(0.9053333861260692, 0.9586520604621642)",1,94.6459395084043,48711
"(0.8934374999999999, 0.9767241379310344)",1,94.64593334072042,48712
"(0.8686141304347826, 0.9767241379310344)",2,94.64592717500474,48714
"(0.822891947476665, 0.9463327370304114)",1,94.64591150922782,48715
"(0.8832713293650792, 0.9436930909314628)",1,94.64579483962174,48716
"(0.7777057245080501, 0.9463327370304114)",1,94.64568419968414,48717
"(0.866188587122368, 0.95004500450045)",1,94.64567879884832,48718
"(0.8100693112010285, 0.9651226777158326)",1,94.64562658276608,48719
"(0.9020844965568584, 0.9565375499581746)",1,94.64559652646514,48720
"(0.8202677043217801, 0.9965880249701216)",3,94.64546426046012,48723
"(0.8234126984126984, 0.9541062801932368)",1,94.64535674481792,48724
"(0.8786454023420848, 0.940327968417856)",1,94.6450800520213,48725
"(0.8785686728395061, 0.9615343915343916)",1,94.64495708729272,48726
"(0.824225054981075, 0.969729836202651)",3,94.64491975116272,48729
"(0.8516362734449852, 0.9560805836777236)",1,94.64489895669412,48730
"(0.8252552284666469, 0.961770130454341)",2,94.64475005353697,48732
"(0.7516797174282857, 0.9519059481326966)",1,94.64472839209938,48733
"(0.9406095584301136, 0.9406095584301136)",1,94.64468723693317,48734
"(0.9348875393612236, 0.9438484030589294)",1,94.64468435415316,48735
"(0.9399404761904762, 0.9535924585381664)",1,94.64466578460517,48736
"(0.9385522734146589, 0.9576029606661498)",3,94.64452535022544,48739
"(0.9577861163227016, 0.9454008607746972)",1,94.64447507074053,48740
"(0.9536498942777852, 0.9541309523809522)",1,94.6444505182732,48741
"(0.9103195488721804, 0.95474577471438)",1,94.64438442609814,48742
"(0.8923108552631579, 0.9428823795600112)",2,94.64437529863643,48744
"(0.9551820728291316, 0.9475111877796946)",1,94.64430082812908,48745
"(0.9420000000000002, 0.9507857142857142)",2,94.64429321704957,48747
"(0.8426812585499316, 0.9774943735933984)",1,94.64422775222074,48748
"(0.4432805247702946, 0.9734722222222224)",1,94.6442186514827,48749
"(0.723582267125292, 0.9563260001856492)",2,94.64404989069098,48751
"(0.8443223443223443, 0.9866666666666666)",1,94.64391950424924,48752
"(0.7523675141216907, 0.9694838014844472)",1,94.64391014644474,48753
"(0.5960047704233751, 0.9552772808586762)",1,94.6438919112496,48754
"(0.9033119658119656, 0.9541062801932368)",2,94.64387570652283,48756
"(0.927777350854274, 0.96)",2,94.64386672257736,48758
"(0.7869886131820035, 0.9463327370304114)",1,94.64375318729614,48759
"(0.7729653996101365, 0.9648977033360302)",1,94.64374818809364,48760
"(0.8607558212871163, 0.955045504550455)",1,94.6435158023428,48761
"(0.8641433305377707, 0.956140350877193)",1,94.64259966198745,48762
"(0.8351555421322864, 0.9553888472118032)",1,94.64256098693362,48763
"(0.9283144321801948, 0.9560805836777236)",4,94.64249527014904,48767
"(0.9847494553376906, 0.9855521155830752)",1,94.6422270139568,48768
"(0.938570380142761, 0.9503404207824095)",1,94.64214383710852,48769
"(0.9233333333333332, 0.9868055555555556)",1,94.64204791152696,48770
"(0.863739209133946, 0.9648977033360302)",1,94.64188733732242,48771
"(0.9555491383616382, 0.9537087912087912)",3,94.64180326509856,48774
"(0.919687006945461, 0.9866666666666666)",1,94.64172250091583,48775
"(0.7507127554383651, 0.9699573458654942)",1,94.64151805705283,48776
"(0.9473838918283362, 0.9584876543209876)",1,94.64135091222616,48777
"(0.8015412944145126, 0.9667774086378738)",1,94.64130768073905,48778
"(0.8487161531279178, 0.9506818181818182)",1,94.64130727283045,48779
"(0.8209663503019846, 0.96004600460046)",1,94.64126994344024,48780
"(0.8753462245347001, 0.96004600460046)",1,94.64125078763614,48781
"(0.8351693186454507, 0.965497521921464)",1,94.6411715692954,48782
"(0.8939103272888103, 0.9537087912087912)",1,94.64102063852084,48783
"(0.8708731355790179, 0.9868055555555556)",1,94.64099384745546,48784
"(0.9142857142857144, 0.960607978267748)",1,94.64078862409217,48785
"(0.9170528266913808, 0.9488577948293588)",1,94.64074881220348,48786
"(0.7663137625606781, 0.9945810366414564)",1,94.64068944780524,48787
"(0.732130449887094, 0.9384463443611106)",3,94.64065988303292,48790
"(0.8431186868686869, 0.9615343915343916)",1,94.64065599630274,48791
"(0.8204161317928969, 0.9604697507658034)",1,94.64058920719532,48792
"(0.8988571428571429, 0.9565375499581746)",3,94.64056026177975,48795
"(0.8632677198614513, 0.9461152882205514)",1,94.640106791046,48796
"(0.8288590711201375, 0.967553824383594)",1,94.64008685035434,48797
"(0.8293805058010241, 0.94745682548523)",3,94.64003584233468,48800
"(0.8173976608187135, 0.9517433954079988)",1,94.6397728812241,48801
"(0.8742045454545455, 0.9767241379310344)",2,94.6397212235788,48803
"(0.8601866883116884, 0.9561403508771932)",1,94.6397023589736,48804
"(0.8791954022988505, 0.9583928571428572)",1,94.63969544265592,48805
"(0.8679401993355481, 0.9463327370304114)",1,94.63966022687347,48806
"(0.9462631140307872, 0.9541309523809522)",4,94.63947517408174,48810
"(0.943792719255964, 0.9574505911522484)",3,94.6394504078519,48813
"(0.9436930909314628, 0.9537087912087912)",1,94.63943884614768,48814
"(0.954682426948052, 0.9570371875635032)",1,94.63919494363452,48815
"(0.8527272727272728, 0.9646871008939976)",1,94.63904963776356,48816
"(0.9612261904761904, 0.9541309523809522)",1,94.63902884205936,48817
"(0.7862679955703211, 0.9667774086378738)",1,94.6389242608978,48818
"(0.9488577948293588, 0.9475111877796946)",2,94.63890311519386,48820
"(0.9033119658119656, 0.9506818181818182)",1,94.6388157587402,48821
"(0.7618767806267807, 0.9543257389162564)",1,94.63867369268034,48822
"(0.8956505897276728, 0.952503401360544)",1,94.63855776160868,48823
"(0.7455669330669331, 1.0)",1,94.63852123461784,48824
"(0.9170528266913808, 0.95004500450045)",3,94.63847071442568,48827
"(0.8925438596491229, 0.9516760651629074)",1,94.63846246475124,48828
"(0.8769958847736625, 0.9506818181818182)",1,94.63845879228126,48829
"(0.8923108552631579, 0.9564964624817116)",1,94.63841458903984,48830
"(0.8577972192765406, 0.9506818181818182)",1,94.6383170599498,48831
"(0.8506610592447548, 0.960657765442102)",1,94.63831407028232,48832
"(0.8812367419630933, 0.9683881705111624)",1,94.63805626472691,48833
"(0.7512330048989927, 0.9726810787629542)",4,94.63785465622946,48837
"(0.6000400160064026, 0.9630672573903032)",1,94.63781094552785,48838
"(0.901648307790549, 0.9507857142857142)",1,94.63779329886344,48839
"(0.5100090081072965, 0.9526018354129678)",3,94.63771717526608,48842
"(0.9111531385231444, 0.9666158777070664)",1,94.6376414501606,48843
"(0.8305244327276152, 0.9774943735933984)",1,94.63756094292243,48844
"(0.7717391304347825, 0.9427767354596622)",1,94.63754647885924,48845
"(0.8320261437908496, 0.953831948291782)",1,94.637442104425,48846
"(0.8610029301583769, 0.9521174134660976)",3,94.63742226933202,48849
"(0.8837244897959183, 0.9536498942777852)",1,94.63738911002994,48850
"(0.8461201079622132, 0.9751996637242538)",3,94.63734734710556,48853
"(0.7739608313289635, 0.9927713569725434)",1,94.63727208116084,48854
"(0.8942415173616616, 0.9537087912087912)",1,94.6372178190401,48855
"(0.9214157914304304, 0.9465827539807132)",1,94.63701794086772,48856
"(0.933229459603253, 0.953054992365648)",3,94.63687499695062,48859
"(0.8503626025507386, 0.9650062105780228)",2,94.63682756719174,48861
"(0.8602750753767079, 0.965643775226546)",1,94.63669104170064,48862
"(0.7193968821875799, 0.9563953488372092)",1,94.63664742986184,48863
"(0.9841269841269842, 1.0)",1,94.6366349699683,48864
"(0.8577972192765406, 0.938374125874126)",2,94.63662706805914,48866
"(0.9220534262485482, 0.9595374149659864)",2,94.6365843479798,48868
"(0.8319805194805194, 0.9507857142857142)",2,94.63622909890056,48870
"(0.7853136031723004, 0.9461152882205514)",1,94.63621951286696,48871
"(0.917531186761956, 0.9388274530454624)",2,94.63612747625244,48873
"(0.8489948371838136, 0.960414372935642)",1,94.63611190414558,48874
"(0.7381210410308627, 0.970080067417387)",1,94.63608608151608,48875
"(0.9399404761904762, 0.9476776665722468)",1,94.6360092697214,48876
"(0.9432302504125708, 0.9565375499581746)",1,94.63597455817523,48877
"(0.9666666666666668, 0.9841269841269842)",1,94.63597069089076,48878
"(0.8975847069597069, 0.9565375499581746)",3,94.6358808903003,48881
"(0.8885119047619048, 0.9734722222222224)",1,94.63582379726952,48882
"(0.8126903630604289, 0.9829335242869076)",1,94.6357621411906,48883
"(0.8761348091033453, 0.9885627144491042)",1,94.63573149118496,48884
"(0.8140638481449526, 0.9576029606661498)",1,94.63570909144336,48885
"(0.732130449887094, 0.9648977033360302)",2,94.63559348112484,48887
"(0.8173611111111111, 0.9492266992266992)",1,94.63553352431975,48888
"(0.8132390951302638, 0.9484405379303888)",1,94.63544884401117,48889
"(0.8731060606060606, 0.9866666666666666)",1,94.6354113587322,48890
"(0.9428823795600112, 0.9780571219715956)",1,94.63538971221848,48891
"(0.9283144321801948, 0.961770130454341)",1,94.6353117410507,48892
"(0.7795420040485829, 0.9694279341856143)",1,94.63529234015186,48893
"(0.9024007936507936, 0.9615343915343916)",1,94.63508633104269,48894
"(0.9002770083102493, 0.9516760651629074)",1,94.63505852351626,48895
"(0.7925825464094582, 0.961770130454341)",1,94.63501491436294,48896
"(0.8755813953488372, 0.9667774086378738)",1,94.6347324559538,48897
"(0.8048816547737346, 0.9677135877764432)",4,94.63466925586754,48901
"(0.8785686728395061, 0.9492266992266992)",1,94.63464975064404,48902
"(0.9476776665722468, 0.9595374149659864)",3,94.63463367263893,48905
"(0.7072139577594123, 0.9934226549412396)",1,94.63453820538912,48906
"(0.8437596183441058, 0.9740643495864882)",1,94.6344952558948,48907
"(0.8787790697674417, 0.9552772808586762)",2,94.63440563386636,48909
"(0.8389982110912344, 0.9774943735933984)",1,94.63427259655694,48910
"(0.9320451606275656, 0.9552005012531328)",1,94.63420878230872,48911
"(0.8379287658123746, 0.9504053648283456)",2,94.63416104457572,48913
"(0.7257988721804511, 0.9610152916073968)",1,94.63386498352769,48914
"(0.8926559394175094, 0.9604697507658034)",1,94.63370091995434,48915
"(0.9450706646294882, 0.9574505911522484)",1,94.63365755421778,48916
"(0.942599584906604, 0.9534181717978908)",1,94.63364531541744,48917
"(0.9351326548694968, 0.9613159515013734)",1,94.63356599110551,48918
"(0.93916595083917, 0.9407503339384184)",1,94.63343000720825,48919
"(0.9385522734146589, 0.9425110627765696)",1,94.63336672798154,48920
"(0.82452636968766, 0.9492266992266992)",1,94.63331116983105,48921
"(0.9630672573903032, 0.9526018354129678)",1,94.63326391436344,48922
"(0.883580779054917, 0.9506818181818182)",1,94.63305196762964,48923
"(0.87, 0.938374125874126)",1,94.63289825462142,48924
"(0.932845238095238, 0.9485046203796204)",1,94.632893260369,48925
"(0.7524552007669335, 0.9709437866415668)",1,94.63286133408587,48926
"(0.8721016904486937, 0.9665714449438042)",1,94.63284291603674,48927
"(0.8887419165196943, 0.9734722222222224)",1,94.63275542725368,48928
"(0.8221900156455976, 0.970373909597316)",1,94.63271872539552,48929
"(0.8301220908241457, 0.9674096199664384)",2,94.63261477119852,48931
"(0.8400808029318731, 0.968244127322576)",1,94.6324173594816,48932
"(0.7857324447417217, 0.9711666318743406)",1,94.63238253856068,48933
"(0.8587799123693967, 0.9774943735933984)",1,94.63229982508696,48934
"(0.8232424833126587, 0.9799875505757858)",1,94.63211760514324,48935
"(0.9216397849462366, 0.9868055555555556)",1,94.63207577660091,48936
"(0.8074963443959057, 0.9605856647968066)",3,94.63195561100582,48939
"(0.730099573257468, 0.9535098522167488)",1,94.63171295482212,48940
"(0.9493987095478396, 0.9538729657213072)",1,94.63158777800152,48941
"(0.8731196908559524, 0.9747439067467324)",1,94.6315541429299,48942
"(0.8976300197498354, 0.96004600460046)",2,94.63152049457254,48944
"(0.9370015948963316, 0.9841269841269842)",1,94.63140473588297,48945
"(0.7979297700593313, 0.960414372935642)",1,94.63137271788234,48946
"(0.8304018976011457, 0.9577759872287582)",1,94.6311599566912,48947
"(0.7700825330700096, 0.9963948463539424)",1,94.63104323857291,48948
"(0.9374844260560896, 0.9696381743256742)",1,94.63097144758876,48949
"(0.8820043103448276, 0.9543257389162564)",1,94.63075933172854,48950
"(0.7318087420518645, 0.9911486350955708)",2,94.63066054457283,48952
"(0.984313725490196, 0.996078431372549)",1,94.63064426872111,48953
"(0.640700808625337, 0.9648977033360302)",1,94.63058253391486,48954
"(0.8743600217864923, 0.9507857142857142)",2,94.63057552375676,48956
"(0.8666032691088509, 0.9551820728291316)",1,94.63047680606768,48957
"(0.9463234342650104, 0.9574505911522484)",3,94.6304327087901,48960
"(1.0, 1.0)",1,94.630409652612,48961
"(0.8579309881982901, 0.9704906500607592)",1,94.63021901436169,48962
"(0.836, 0.9551820728291316)",1,94.63015912958268,48963
"(0.8113181219906367, 0.9868055555555556)",1,94.63014538956092,48964
"(0.8257407407407408, 0.9506818181818182)",1,94.63013645067818,48965
"(0.899997244510117, 0.9532269683871514)",2,94.62998021974909,48967
"(0.8681827731092436, 0.9759093915343916)",1,94.62990418717445,48968
"(0.7863382439154842, 0.9992424242424244)",3,94.62975270227328,48971
"(0.689772303098171, 0.961770130454341)",1,94.6296073012112,48972
"(0.875402576489533, 0.9506818181818182)",1,94.62959569097508,48973
"(0.8326984126984126, 0.95004500450045)",1,94.62923109097504,48974
"(0.919355128199818, 0.9604697507658034)",1,94.62922395032145,48975
"(0.8473280554181098, 0.9463327370304114)",1,94.62922331316258,48976
"(0.9019323671497586, 0.9866666666666666)",1,94.62909618488086,48977
"(0.8857407747009801, 0.9516760651629074)",1,94.62881558900618,48978
"(0.7763012181616833, 0.9463327370304114)",1,94.62881420223016,48979
"(0.8316355404640634, 0.9571415605540404)",1,94.62880081398362,48980
"(0.8639291465378421, 0.9506818181818182)",1,94.6287663217976,48981
"(0.6732790275608831, 0.9774943735933984)",1,94.62876514686482,48982
"(0.91775, 0.9507857142857142)",1,94.6285881231816,48983
"(0.9189046799105652, 0.9522158577027434)",1,94.62856001898506,48984
"(0.7901692183722804, 0.9380552220888356)",1,94.62852072430287,48985
"(0.8157493041213971, 0.965497521921464)",1,94.62849705942284,48986
"(0.8599096060965494, 0.9604697507658034)",3,94.62837646371564,48989
"(0.7159090909090909, 0.9506818181818182)",2,94.62816199874524,48991
"(0.9516258530710558, 0.9475111877796946)",1,94.62811831694086,48992
"(0.952503401360544, 0.9476776665722468)",1,94.62810347802112,48993
"(0.7683919944789509, 0.9615343915343916)",1,94.62806724654445,48994
"(0.8427109974424554, 0.9527829893683551)",1,94.62798328047444,48995
"(0.9643596441509156, 0.9574568288854002)",1,94.62797353898247,48996
"(0.8375147713844195, 0.9605856647968066)",3,94.62777048496562,48999
"(0.936617336210598, 0.953831948291782)",2,94.6277342883804,49001
"(0.8729235880398671, 0.9774943735933984)",2,94.6277003405284,49003
"(0.9367114963691102, 0.9595374149659864)",3,94.62768054086644,49006
"(0.8807378807378808, 0.9493987095478396)",1,94.62762342426588,49007
"(0.9152165481577246, 0.9476776665722468)",1,94.62751772569804,49008
"(0.860587002096436, 0.9477798624140088)",1,94.62745178377251,49009
"(0.8830267268309615, 0.9667774086378738)",1,94.62740779985717,49010
"(0.871437828497372, 0.9463327370304114)",1,94.627375790204,49011
"(0.7797411075256854, 0.9552772808586762)",1,94.62732459049852,49012
"(0.895751096491228, 0.9782702035744222)",1,94.62728828886708,49013
"(0.9245524296675192, 0.9526018354129678)",1,94.62695253633004,49014
"(0.9444444444444444, 1.0)",1,94.62691126856626,49015
"(0.9352667274015588, 0.9516258530710558)",3,94.62684510854936,49018
"(0.8326984126984126, 0.9527829893683551)",1,94.62681462907432,49019
"(0.8551296720061023, 1.0)",1,94.62679465596976,49020
"(0.8379287658123746, 0.9575114377859448)",1,94.62675068960112,49021
"(0.8204161317928969, 0.9694095827515072)",1,94.6264352300332,49022
"(0.9523809523809524, 1.0)",1,94.62639791016144,49023
"(0.8347694683658232, 0.9577759872287582)",1,94.62635803193456,49024
"(0.8634436934356743, 0.965497521921464)",1,94.626114233255,49025
"(0.830982891078167, 0.94745682548523)",1,94.62600035207628,49026
"(0.8821377879681188, 0.9501800720288114)",1,94.62596680124676,49027
"(0.8603013429413692, 0.9526018354129678)",1,94.62566336877292,49028
"(0.8952380952380952, 1.0)",1,94.62549640415212,49029
"(0.8867478025693036, 0.9577861163227016)",1,94.62546519692704,49030
"(0.8791623997269159, 0.9868055555555556)",2,94.62538238136678,49032
"(0.8310470779220779, 0.9507857142857142)",1,94.62535201992252,49033
"(0.8837209302325582, 0.9667774086378738)",1,94.62533399903442,49034
"(0.8831018518518517, 1.0)",1,94.62524397231896,49035
"(0.7770657409472893, 0.9992431021625652)",1,94.625203995804,49036
"(0.8978798708330872, 0.9694095827515072)",1,94.6250664405878,49037
"(0.7687738498092014, 0.9552772808586762)",2,94.6250348456928,49039
"(0.8726622214994307, 0.9546136534133534)",1,94.62501830097048,49040
"(0.7988631272401433, 0.9866666666666666)",1,94.62500096888526,49041
"(0.7043026257645882, 0.960657765442102)",1,94.62493783544213,49042
"(0.9584283173426188, 0.9534181717978908)",2,94.62492182410996,49044
"(0.8445548587280515, 0.965756552006552)",1,94.62490465026912,49045
"(0.8031631097560976, 0.9748677248677248)",1,94.62483322049152,49046
"(0.8686141304347826, 0.9767241379310344)",1,94.6248133764254,49047
"(0.7905362633387593, 0.9473684210526316)",3,94.62474948111024,49050
"(0.8883076259303203, 0.9488577948293588)",2,94.62461895780172,49052
"(0.93218671679198, 0.9465769388085848)",1,94.62450046890056,49053
"(0.8501293103448276, 0.9507857142857142)",2,94.62437512144282,49055
"(0.9343434343434344, 0.947191237061602)",1,94.62423895444246,49056
"(0.875402576489533, 0.9506818181818182)",1,94.62395095878102,49057
"(0.9406839414771724, 0.95)",3,94.62384465080888,49060
"(0.8911151368760064, 0.9507857142857142)",1,94.62383051768234,49061
"(0.9002770083102493, 0.9694095827515072)",1,94.6238073215897,49062
"(0.8240047299960582, 0.9552772808586762)",1,94.6237798314466,49063
"(0.9214157914304304, 0.9618138828565136)",1,94.62352080862836,49064
"(0.8169877890790815, 0.9554098688819938)",2,94.62346782512134,49066
"(0.8533333333333333, 0.9506818181818182)",1,94.6234497039514,49067
"(0.8956505897276728, 0.9465827539807132)",1,94.62317894479511,49068
"(0.9055383852258851, 0.944540304191448)",1,94.6231700734462,49069
"(0.8380601247872943, 0.9552772808586762)",1,94.62294711197865,49070
"(0.8860640954495006, 0.9537087912087912)",1,94.62294212529832,49071
"(0.9465769388085848, 0.944540304191448)",1,94.6228678408846,49072
"(0.8797979797979798, 0.9615343915343916)",1,94.62283933822673,49073
"(0.8798475538617097, 0.9550387596899224)",1,94.62283858565726,49074
"(0.9526018354129678, 0.9475111877796946)",2,94.622785637674,49076
"(0.8495892857142856, 0.9507857142857142)",2,94.62264363273351,49078
"(0.8942523459812323, 0.9694095827515072)",1,94.62260137077992,49079
"(0.769060874119107, 0.9913490623109498)",1,94.6223316027068,49080
"(0.7639558204899114, 0.9729302644113744)",4,94.62224888015592,49084
"(0.833299023307944, 0.9737148229943366)",1,94.62220764089008,49085
"(0.9457203293797688, 0.9454008607746972)",1,94.62212680121576,49086
"(0.8189117422209209, 0.9615343915343916)",1,94.62210561672426,49087
"(0.7677679255082008, 0.9689763607865756)",1,94.62199574904326,49088
"(0.8255813953488372, 0.9774943735933984)",2,94.62178962690928,49090
"(0.8581349206349206, 0.9506818181818182)",2,94.621735943734,49092
"(0.9302579365079364, 0.9734722222222224)",1,94.62168650427124,49093
"(0.91775, 0.9507857142857142)",1,94.6216264654185,49094
"(0.888677473913542, 0.9647321428571428)",1,94.62160763527176,49095
"(0.8627443304887915, 0.9488577948293588)",1,94.62159499512931,49096
"(0.951596182326806, 0.9535924585381664)",3,94.62140602042196,49099
"(0.9179206566347468, 0.9463327370304114)",1,94.62131421685918,49100
"(0.9027617951668586, 0.9575114377859448)",1,94.62123270473154,49101
"(0.906439024390244, 0.9612261904761904)",3,94.6212048994048,49104
"(0.8997086999609598, 0.9642166226376752)",6,94.62119244905804,49110
"(0.883580779054917, 0.9506818181818182)",2,94.62114732406036,49112
"(0.8708731355790179, 0.9868055555555556)",1,94.62114276276334,49113
"(0.9426994258113802, 0.9508739421428176)",1,94.62108234904554,49114
"(0.8753306878306878, 0.9748677248677248)",1,94.62101514533816,49115
"(0.9406839414771724, 0.9575114377859448)",3,94.62082712281138,49118
"(0.8971203581710827, 0.9868055555555556)",2,94.62066671225048,49120
"(0.8816773504273504, 0.9650363879165252)",1,94.62039978892824,49121
"(0.8380601247872943, 0.9552772808586762)",1,94.62034388154729,49122
"(0.920373952288846, 0.9575114377859448)",2,94.62028950152532,49124
"(0.8887419165196943, 0.9615343915343916)",1,94.62022171878456,49125
"(0.919687006945461, 0.9743589743589745)",1,94.6201710577103,49126
"(0.9388029361942404, 0.9612261904761904)",1,94.6201528921898,49127
"(0.8271323663565043, 0.9868055555555556)",2,94.61998364992009,49129
"(0.9152159896840748, 0.940396356721049)",2,94.61997191261857,49131
"(0.9466207660652104, 1.0)",4,94.61992365625416,49135
"(0.4967959483462552, 0.995)",1,94.6198510477234,49136
"(0.955544662122821, 0.9679608656649474)",1,94.6198228953012,49137
"(0.9203845950797168, 0.9571428571428572)",1,94.61980527597493,49138
"(0.866188587122368, 0.9477798624140088)",1,94.61972578980848,49139
"(0.8401785714285713, 0.9507857142857142)",1,94.61969259892348,49140
"(0.7105621431708389, 0.9868055555555556)",1,94.619641780403,49141
"(0.8551296720061023, 1.0)",1,94.61963900945382,49142
"(0.8347084975931793, 0.9939293506780458)",3,94.61959170866504,49145
"(0.8898792718668495, 0.9475111877796946)",3,94.61951522876274,49148
"(0.8680075424261471, 0.9563953488372092)",1,94.6194681609636,49149
"(0.777251375157076, 0.9977340026455404)",3,94.61943502718206,49152
"(0.904499073566638, 0.9527829893683551)",2,94.61938296499886,49154
"(0.901648307790549, 0.9507857142857142)",2,94.61924910114884,49156
"(0.8298183642256803, 0.9847552016302016)",1,94.61905484319423,49157
"(0.9346399099774944, 0.9885627144491042)",1,94.61901942202896,49158
"(0.961342940685046, 0.9608918659970924)",1,94.61895671396586,49159
"(0.9189046799105652, 0.9576029606661498)",1,94.6189375256414,49160
"(0.7664631120627219, 0.9969662414915996)",1,94.61887484667278,49161
"(0.8445548587280515, 0.9681386262446344)",4,94.61876228362418,49165
"(0.7686807910158164, 0.975023283588631)",1,94.6187506285508,49166
"(0.8471501822188321, 0.9605856647968066)",1,94.61855175902674,49167
"(0.9277375201288244, 0.9525113127828196)",1,94.61854612718092,49168
"(0.7962242261245582, 0.9415378750109974)",1,94.61854383448517,49169
"(0.6490250475586558, 0.963972852448756)",1,94.61853384642366,49170
"(0.9571395713710704, 0.952064553093965)",1,94.61852207016015,49171
"(0.9290099096728932, 0.9571428571428572)",1,94.61847940056252,49172
"(0.93916595083917, 0.9612261904761904)",5,94.61845070573742,49177
"(0.813859649122807, 0.9743589743589745)",1,94.6183419462604,49178
"(0.9103195488721804, 0.9555491383616382)",1,94.61811645691051,49179
"(0.8756479140328698, 0.9579551650296714)",1,94.61807079486005,49180
"(0.7078583371333029, 0.9464496874824032)",1,94.6180126258936,49181
"(0.9082265398925176, 0.953054992365648)",1,94.61770084062437,49182
"(0.8209663503019846, 0.960414372935642)",1,94.6176854014363,49183
"(0.8424197513013303, 0.9688819909986466)",1,94.6176652947143,49184
"(0.8576102418207682, 0.969913169748696)",1,94.6176593361984,49185
"(0.901648307790549, 0.9507857142857142)",1,94.61760109948116,49186
"(0.8726622214994307, 0.9415378750109974)",1,94.61759599923197,49187
"(0.7562789357770642, 0.9560805836777236)",1,94.61758734027175,49188
"(0.8616019521984972, 0.9652401973297894)",4,94.6175214557072,49192
"(0.8791208791208792, 1.0)",1,94.61740724905025,49193
"(0.8812432437603437, 0.9463327370304114)",1,94.61739749323668,49194
"(0.9641959064327484, 0.996078431372549)",3,94.61737940233948,49197
"(0.9033119658119656, 0.9506818181818182)",1,94.61730175616216,49198
"(0.6329787234042553, 0.9475111877796946)",3,94.61727402094776,49201
"(0.792108487693958, 0.9909715617946426)",1,94.61721618809064,49202
"(0.8284655061250806, 0.9981085063953896)",3,94.61712222009906,49205
"(0.8240047299960582, 0.9522880720180044)",1,94.6170482792196,49206
"(0.9444444444444444, 0.953054992365648)",1,94.6170100725788,49207
"(0.7662256493506494, 0.9767241379310344)",1,94.6169986037205,49208
"(0.9177054478301016, 0.9552005012531328)",1,94.61692958434224,49209
"(0.8393969239599776, 0.9696381743256742)",2,94.616864265139,49211
"(0.8280790809511087, 0.969913169748696)",1,94.6168608212646,49212
"(0.7627512489833856, 0.942901126019191)",3,94.6168394036129,49215
"(0.8900759734093067, 0.9868055555555556)",2,94.61676967032162,49217
"(0.746242875851373, 0.9714137597619852)",4,94.61676287793884,49221
"(0.927777350854274, 0.9580611248779756)",1,94.61672823314984,49222
"(0.7091759436137276, 0.9380552220888356)",6,94.61663875542062,49228
"(0.944800323176362, 0.9568870566527607)",2,94.61661602372412,49230
"(0.8396971691902567, 0.942599584906604)",1,94.6166068278524,49231
"(0.8100693112010285, 0.9660314754998104)",1,94.61653960081658,49232
"(0.7159090909090909, 0.9541062801932368)",2,94.61646309989516,49234
"(0.8389982110912344, 0.9774943735933984)",4,94.61629128873712,49238
"(0.910924131602386, 0.9537087912087912)",1,94.61627219284172,49239
"(0.7617801047120419, 0.9443774949160202)",1,94.61622240215412,49240
"(0.9064093603582616, 0.955045504550455)",1,94.61596541339586,49241
"(0.8461201079622132, 0.9612535612535612)",3,94.6157123138011,49244
"(0.9450706646294882, 0.9571428571428572)",1,94.61562735439266,49245
"(0.822891947476665, 0.9463327370304114)",1,94.61556390473422,49246
"(0.8040021929824561, 0.9516760651629074)",1,94.61554353997218,49247
"(0.8920200638394893, 0.9552772808586762)",1,94.6154903900933,49248
"(0.8868859958211244, 0.960657765442102)",6,94.6153920150786,49254
"(0.8896310286935287, 0.9612261904761904)",6,94.61538384233262,49260
"(0.926440329218107, 0.9658154816997468)",1,94.61538355674637,49261
"(0.8859337035751476, 0.9885627144491042)",1,94.6152772651679,49262
"(0.8576102418207682, 0.969913169748696)",1,94.61524458262132,49263
"(0.8696895424836601, 0.9541062801932368)",1,94.615227543783,49264
"(0.7664431458036668, 0.970208134774513)",2,94.6151857836797,49266
"(0.8040021929824561, 0.960657765442102)",1,94.61507841869572,49267
"(0.802269579399423, 1.0)",3,94.61505911151266,49270
"(0.7718984962406015, 0.969913169748696)",3,94.6148015385926,49273
"(0.832288597755908, 0.9550387596899224)",1,94.61467749796178,49274
"(0.8607558212871163, 0.9527829893683551)",1,94.61459726016706,49275
"(0.9366629231646204, 0.9612261904761904)",1,94.61459094489308,49276
"(0.8901450053705692, 0.9649122807017544)",1,94.6145547931781,49277
"(0.705230622305965, 0.9563953488372092)",1,94.61449853184412,49278
"(0.9399404761904762, 0.95474577471438)",1,94.61424312670776,49279
"(0.9465769388085848, 0.95)",1,94.6141237236788,49280
"(0.920373952288846, 0.9450031426775612)",1,94.61404208706294,49281
"(0.8946752284039163, 0.9426994258113802)",1,94.61396061249656,49282
"(0.8301220908241457, 0.9693189160658424)",1,94.613913152822,49283
"(0.8670711156049882, 0.9667774086378738)",1,94.61388555055116,49284
"(0.7785515320334262, 0.953054992365648)",1,94.61385787379004,49285
"(0.8556244819380197, 0.955045504550455)",1,94.61383007363706,49286
"(0.8550741594067247, 0.9885627144491042)",1,94.61376878525596,49287
"(0.919355128199818, 0.9649122807017544)",1,94.61348313276272,49288
"(0.8448736477904788, 1.0)",1,94.6134758814946,49289
"(0.899997244510117, 0.965842583177692)",1,94.61342355710288,49290
"(0.9008392857142858, 0.9507857142857142)",2,94.61337071897938,49292
"(0.8537607374816678, 0.9552772808586762)",1,94.61331666053552,49293
"(0.9003869969040249, 0.9577759872287582)",2,94.61326552934712,49295
"(0.9344155844155844, 0.9367114963691102)",1,94.61317411091218,49296
"(0.8387491609744542, 0.965497521921464)",1,94.61315389274624,49297
"(0.8280790809511087, 0.9560805836777236)",4,94.6130789572987,49301
"(0.8827565726955972, 0.9465769388085848)",1,94.61300652029335,49302
"(0.8704970635597233, 0.9868055555555556)",1,94.61298696510109,49303
"(0.8543650793650793, 0.9506818181818182)",1,94.61297569686,49304
"(0.9386363636363636, 0.9647321428571428)",1,94.6129241910824,49305
"(0.945713141025641, 0.945713141025641)",1,94.61269483847816,49306
"(0.9886710239651416, 0.984504357298475)",1,94.61267928485896,49307
"(0.7598733131502533, 0.9660618448649756)",1,94.61243882124994,49308
"(0.8132390951302638, 0.9605856647968066)",1,94.61241870539912,49309
"(0.6190405392011101, 0.969913169748696)",3,94.61236958683584,49312
"(0.951596182326806, 0.9450706646294882)",1,94.61218641534526,49313
"(0.93916595083917, 0.9541309523809522)",4,94.61203450905454,49317
"(0.8995164281928988, 0.9473039215686276)",1,94.61196062914772,49318
"(0.9508739421428176, 0.9541309523809522)",1,94.61182219287755,49319
"(0.6790332474543002, 0.9605856647968066)",1,94.61167131963025,49320
"(0.9465769388085848, 0.952503401360544)",1,94.6116608050504,49321
"(0.8132390951302638, 0.9737148229943366)",1,94.61161361029184,49322
"(0.9523529411764708, 0.9503404207824095)",1,94.61158669334826,49323
"(0.8896920175989945, 0.95)",1,94.61151307003703,49324
"(0.8837209302325582, 0.9667774086378738)",1,94.61147377818824,49325
"(0.9391627846790888, 0.9565375499581746)",2,94.61146313214324,49327
"(0.765625, 0.96004600460046)",1,94.61131633222077,49328
"(0.8966049382716049, 0.9868055555555556)",1,94.61121590485418,49329
"(0.9312094155844156, 0.9576029606661498)",4,94.61120677407465,49333
"(0.8180947405085336, 0.9506818181818182)",1,94.61117099074352,49334
"(0.7885435936143402, 0.9658154816997468)",1,94.61111002177763,49335
"(0.7729691527396689, 0.9590069946107098)",1,94.61101308150523,49336
"(0.95004500450045, 0.950721153846154)",1,94.61100310259476,49337
"(0.710494931425164, 0.9667774086378738)",1,94.61096396375277,49338
"(0.7893521376755672, 0.9507857142857142)",1,94.61091313784576,49339
"(0.9366629231646204, 0.9536033163265304)",1,94.61089913855754,49340
"(0.5662654939315176, 0.9747439067467324)",1,94.61084034163224,49341
"(0.927777350854274, 0.955)",3,94.61070673814488,49344
"(0.8487390350877192, 0.9517433954079988)",2,94.610557898615,49346
"(0.918078605068401, 0.9586520604621642)",2,94.61054863090423,49348
"(0.8956505897276728, 0.9665714285714284)",2,94.61048288717092,49350
"(0.8681827731092436, 0.9647321428571428)",1,94.61043660113,49351
"(0.8785686728395061, 0.9460611405055848)",1,94.6104282563991,49352
"(0.8696895424836601, 0.9506818181818182)",1,94.610416850241,49353
"(0.8926559394175094, 0.9652297777949396)",1,94.61031079431272,49354
"(0.6914339324445751, 0.97302550872407)",1,94.61028120813116,49355
"(0.5229946524064171, 0.9380552220888356)",3,94.61021267449802,49358
"(0.8434846806939831, 0.965497521921464)",1,94.6101122045316,49359
"(0.9595374149659864, 0.9612261904761904)",1,94.60997312656956,49360
"(0.750280826988639, 0.9684558546108968)",1,94.60991579272866,49361
"(0.9484080262531626, 0.9484080262531626)",1,94.60973062991556,49362
"(0.8798869668155956, 0.9774943735933984)",1,94.60971729789507,49363
"(0.8244159679375627, 0.9552772808586762)",1,94.60960713622605,49364
"(0.5, 0.9501800720288114)",3,94.6095959190044,49367
"(0.9527829893683551, 0.9526018354129678)",3,94.60945902770628,49370
"(0.8365744453354719, 0.9440753045404208)",1,94.60942366229018,49371
"(0.7893521376755672, 0.9507857142857142)",2,94.6092119522264,49373
"(0.8387491609744542, 0.977638640429338)",2,94.60916610329863,49375
"(0.7358186627884233, 0.9739862142184276)",1,94.60903670746656,49376
"(0.8203765227021041, 0.9365750528541228)",1,94.6089215435366,49377
"(0.8322259136212625, 0.9433978807084348)",1,94.60888004354472,49378
"(0.8665939529220779, 0.952503401360544)",1,94.60881110288264,49379
"(0.8537607374816678, 0.9552772808586762)",1,94.6087106902136,49380
"(0.82452636968766, 0.9615343915343916)",1,94.60870143293712,49381
"(0.732130449887094, 0.9517433954079988)",3,94.60853291472904,49384
"(0.6988221026049972, 0.9605856647968066)",1,94.60835801721362,49385
"(0.9239583333333332, 0.961770130454341)",1,94.60826922093965,49386
"(0.8300222204120055, 0.9981085063953896)",1,94.60822060026464,49387
"(0.8732174688057041, 0.9388274530454624)",1,94.60816104209532,49388
"(0.8591750613113885, 0.9723523012970328)",4,94.60785649966397,49392
"(0.9047619047619048, 0.9841269841269842)",1,94.60772319467983,49393
"(0.8368686868686868, 1.0)",1,94.607452329761,49394
"(0.7528945327288341, 0.9681905949954912)",1,94.60743676818991,49395
"(0.8080448869922554, 0.94745682548523)",3,94.60743584676212,49398
"(0.875402576489533, 0.9506818181818182)",1,94.60738848968234,49399
"(0.8613034779932287, 0.9344023135138864)",1,94.60730429225488,49400
"(0.6005742750917213, 0.9744644424415788)",2,94.60727439430698,49402
"(0.931038492683086, 0.961770130454341)",1,94.60718476741454,49403
"(0.8457082316070161, 0.9541062801932368)",1,94.60713065215698,49404
"(0.8791239816084535, 0.955045504550455)",6,94.60701894225916,49410
"(0.7537053571428572, 0.9540538847117792)",1,94.60671903080734,49411
"(0.765625, 0.9601840736294516)",1,94.60670129750672,49412
"(0.9383392857142858, 0.9507857142857142)",1,94.60664881248256,49413
"(0.8524177828082752, 0.969913169748696)",3,94.60646323817248,49416
"(0.875, 1.0)",1,94.6064600247658,49417
"(0.865084633255891, 0.9557291666666669)",2,94.60635915131516,49419
"(0.8114749579646627, 0.953054992365648)",1,94.6063454688939,49420
"(0.773034398034398, 1.0)",1,94.60634233321528,49421
"(0.8727305120627135, 0.9590069946107098)",1,94.60629689723554,49422
"(0.851044736028131, 0.9384463443611106)",2,94.60626018209597,49424
"(0.9002463054187192, 0.95)",1,94.60623226949797,49425
"(0.6414409324500031, 0.981606855507761)",1,94.6061464158174,49426
"(0.8157794009760454, 0.9527829893683551)",1,94.6057712177375,49427
"(0.9343434343434344, 0.947600710159786)",1,94.6057198468614,49428
"(0.839875739137942, 0.9699038575502852)",4,94.60571599814972,49432
"(0.8875568416701117, 0.9484080262531626)",1,94.6055161707318,49433
"(0.8864465084279326, 0.9605856647968066)",1,94.6055093798938,49434
"(0.7935569430565972, 0.9927823962956714)",1,94.60536822313937,49435
"(0.8581349206349206, 0.9506818181818182)",4,94.60536273918471,49439
"(0.8714817270851754, 0.9541062801932368)",1,94.60523240857658,49440
"(0.9367114963691102, 0.9535924585381664)",1,94.60495230343552,49441
"(0.8581349206349206, 0.9506818181818182)",1,94.604738890225,49442
"(0.8946752284039163, 0.9508739421428176)",1,94.60455485739313,49443
"(0.93323732718894, 0.9637433687002652)",1,94.60446781806104,49444
"(0.9185588416618146, 0.9570371875635032)",2,94.60419167520595,49446
"(0.8227906976744187, 0.9885627144491042)",1,94.60409711895588,49447
"(0.8311915850750934, 0.9992431021625652)",3,94.60401499958618,49450
"(0.9365750528541228, 0.9667081046663232)",1,94.60397056294477,49451
"(0.839875739137942, 0.970089252455215)",1,94.60394266618027,49452
"(0.9312094155844156, 0.9461152882205514)",1,94.60388563818994,49453
"(0.919355128199818, 0.9667712327175554)",1,94.60385212504517,49454
"(0.8751579520697168, 0.9506818181818182)",1,94.60384120739027,49455
"(0.7797411075256854, 0.9552772808586762)",2,94.60370458397212,49457
"(0.7162037037037038, 1.0)",1,94.6036063949752,49458
"(0.9344155844155844, 0.9485046203796204)",1,94.6035219424058,49459
"(0.8379287658123746, 0.9484080262531626)",1,94.60342113018028,49460
"(0.8209663503019846, 0.955045504550455)",1,94.6033909817591,49461
"(0.8252552284666469, 0.9499369338378628)",1,94.6033772195394,49462
"(0.947866344605475, 0.9484080262531626)",1,94.60337327881008,49463
"(0.870174510840825, 0.960414372935642)",1,94.60331422186998,49464
"(0.7934410061465462, 0.9685863575704832)",2,94.60317978006395,49466
"(0.7957784732756176, 0.9965880249701216)",2,94.60314781751792,49468
"(0.8956505897276728, 0.9565375499581746)",3,94.60291053524598,49471
"(0.9052521809372952, 0.9654257732363524)",1,94.60283537578384,49472
"(0.8420816654009687, 0.9782702035744222)",4,94.60276974386608,49476
"(0.8047996976568405, 0.9743589743589745)",1,94.60275933489255,49477
"(0.7707924493038034, 1.0)",1,94.60264238344573,49478
"(0.9525862068965518, 0.9767241379310344)",1,94.6026228545755,49479
"(0.746242875851373, 0.9698050139404902)",1,94.602581416418,49480
"(0.947866344605475, 0.9526018354129678)",3,94.60248275288212,49483
"(0.9302054863852616, 0.9501800720288114)",1,94.60247226323312,49484
"(0.8787790697674417, 0.965497521921464)",1,94.60244086952513,49485
"(0.8621651785714286, 0.9498577524893316)",2,94.60233835198682,49487
"(0.9586520604621642, 0.9426994258113802)",1,94.60231098408308,49488
"(0.920373952288846, 0.9380365948286652)",2,94.60208208675095,49490
"(0.9383392857142858, 0.9507857142857142)",1,94.60183013149133,49491
"(0.8252552284666469, 0.9667712327175554)",1,94.6015413139195,49492
"(0.7809206517381179, 0.9891263380069352)",2,94.60143538172504,49494
"(0.8324299119892755, 0.9658154816997468)",1,94.6013077197542,49495
"(0.8499336311836312, 0.9506818181818182)",1,94.6010677161952,49496
"(0.5689798878835562, 0.9647321428571428)",1,94.60091296091582,49497
"(0.7490105108647218, 0.945044504450445)",1,94.60083352586932,49498
"(0.8860640954495006, 0.9541309523809522)",1,94.60077596543957,49499
"(0.7495659722222223, 0.950721153846154)",1,94.6007549479386,49500
"(0.689772303098171, 0.9514431239388796)",1,94.60063135299848,49501
"(0.8831509426561547, 0.9707309941520468)",1,94.60057000515194,49502
"(0.9432302504125708, 0.9565375499581746)",1,94.6005274589925,49503
"(0.865084633255891, 0.9484080262531626)",3,94.6004167722934,49506
"(0.8683241252302025, 0.9479586316057752)",1,94.60040298632777,49507
"(0.916096001118324, 0.945469387755102)",1,94.60038589036692,49508
"(0.9023569023569024, 1.0)",1,94.600380086769,49509
"(0.9008392857142858, 0.9507857142857142)",1,94.60036853666156,49510
"(0.8501768299217661, 0.9767441860465116)",1,94.6003249882982,49511
"(0.9476776665722468, 0.9485046203796204)",1,94.60026548364088,49512
"(0.6863066052531656, 0.9992431021625652)",3,94.599702092649,49515
"(0.9283965728274174, 0.9484080262531626)",1,94.59967761232654,49516
"(0.8514810806477473, 0.9506818181818182)",4,94.59953915895346,49520
"(0.8860640954495006, 0.95474577471438)",1,94.5995313468727,49521
"(0.7905362633387593, 0.9517433954079988)",3,94.5994750027937,49524
"(0.984504357298475, 0.988425925925926)",1,94.5993690785125,49525
"(0.8917857142857143, 0.9574505911522484)",1,94.59936488082582,49526
"(0.7675416603341696, 0.9713979295293717)",4,94.5993367461548,49530
"(0.8410218253968254, 0.9511278195488724)",1,94.59905070013566,49531
"(0.875, 0.9647321428571428)",1,94.59904450133747,49532
"(0.8621651785714286, 0.9534840838509316)",1,94.59900507463055,49533
"(0.884468024900962, 0.9507857142857142)",1,94.5989816799708,49534
"(0.8887706043956044, 0.9767241379310344)",1,94.59878789747304,49535
"(0.7159090909090909, 0.9506818181818182)",1,94.59867812776324,49536
"(0.9312094155844156, 0.9551820728291316)",4,94.59864858499202,49540
"(0.8526328502415459, 0.9506818181818182)",1,94.5985884553527,49541
"(0.906765625, 0.9767241379310344)",1,94.59845972248708,49542
"(0.9343548387096776, 0.9734722222222224)",1,94.59836309084106,49543
"(0.8543650793650793, 0.9615343915343916)",1,94.5982707469269,49544
"(0.8504257246376812, 0.9506818181818182)",1,94.59819739485792,49545
"(0.8783564814814815, 0.9541062801932368)",1,94.59808890783177,49546
"(0.8946752284039163, 0.9466198979591838)",1,94.59808303315909,49547
"(0.8791239816084535, 0.9501800720288114)",1,94.59787024486334,49548
"(0.8361410189075631, 0.9507857142857142)",1,94.59785853408086,49549
"(0.9432302504125708, 0.938570380142761)",1,94.59784284762776,49550
"(0.4368933212547288, 0.9775130628265706)",1,94.5977384844767,49551
"(0.7013771468512848, 0.9647321428571428)",1,94.59771054540992,49552
"(0.917978896103896, 0.9657079385975222)",1,94.59762027670456,49553
"(0.9406095584301136, 0.9579551650296714)",1,94.59752886023615,49554
"(0.9393939393939392, 0.9511278195488724)",2,94.59716957195783,49556
"(0.9289529914529916, 1.0)",1,94.5971293766502,49557
"(0.8634436934356743, 0.965497521921464)",1,94.59712382009246,49558
"(0.8293805058010241, 0.9385964912280702)",3,94.5970869014796,49561
"(0.8925438596491229, 0.9563260001856492)",1,94.59707204604254,49562
"(0.7617801047120419, 0.950721153846154)",1,94.59704012081473,49563
"(0.8263429722750363, 0.9461152882205514)",1,94.59703367534055,49564
"(0.8495727722191059, 0.9612261904761904)",1,94.5969407359484,49565
"(0.8743600217864923, 0.9507857142857142)",2,94.59687964041224,49567
"(0.8898792718668495, 0.9554098688819938)",3,94.59685029032326,49570
"(0.8018835849313205, 0.9667774086378738)",1,94.59682672192578,49571
"(0.8070189460223449, 0.9432195353247984)",2,94.59681426670194,49573
"(0.7574629741006653, 0.967368291153035)",1,94.59679165054492,49574
"(0.7779411764705884, 0.9390625)",1,94.59675507953794,49575
"(0.781387254550714, 0.9931818181818182)",1,94.59671233964087,49576
"(0.8190189403857904, 0.969913169748696)",2,94.59665366095332,49578
"(0.8603603603603602, 0.9516760651629074)",1,94.59642501934728,49579
"(0.8864465084279326, 0.9560805836777236)",3,94.59639036108392,49582
"(0.9011130817686992, 0.951596182326806)",1,94.5961795363078,49583
"(0.8641433305377707, 0.969913169748696)",1,94.5960353721313,49584
"(0.9665714285714284, 0.9390638788116482)",1,94.5959804475866,49585
"(0.8952569169960475, 0.9457203293797688)",1,94.59586418480326,49586
"(0.9362824675324676, 0.9484080262531626)",1,94.59578579011377,49587
"(0.8741883116883117, 0.9615343915343916)",1,94.5957587289996,49588
"(0.95, 0.944540304191448)",1,94.595731224724,49589
"(0.9362824675324676, 0.9343350656523812)",1,94.59563793085864,49590
"(0.952064553093965, 0.9608348284368692)",1,94.59557712355574,49591
"(0.9306746031746032, 1.0)",1,94.59543436217464,49592
"(0.919355128199818, 0.9563260001856492)",1,94.5953742966362,49593
"(0.8975847069597069, 0.9678608196882048)",1,94.59521250465691,49594
"(0.8597992596530608, 0.9736842105263158)",1,94.59520024948928,49595
"(0.8445548587280515, 0.9711950660350294)",1,94.5951130861384,49596
"(0.8351555421322864, 0.965497521921464)",1,94.59487719279896,49597
"(0.824949763130715, 0.9992424242424244)",3,94.59478252690596,49600
"(0.8504257246376812, 0.9506818181818182)",2,94.59474939271948,49602
"(0.8471501822188321, 0.9747439067467324)",1,94.59461493443092,49603
"(0.8080448869922554, 0.9560805836777236)",3,94.5946042428428,49606
"(0.8736448679839133, 0.969913169748696)",6,94.59457420504596,49612
"(0.9296302734822564, 0.9574568288854002)",1,94.59456935884816,49613
"(0.8963392857142857, 0.9767241379310344)",1,94.59435579094912,49614
"(0.8503626025507386, 0.9665714449438042)",1,94.59428859612898,49615
"(0.879400973119566, 0.95474577471438)",1,94.59408334438317,49616
"(0.825, 0.9507857142857142)",1,94.5940501033154,49617
"(0.9405634236453204, 0.9754464285714284)",1,94.59403942202964,49618
"(0.8533333333333333, 0.9506818181818182)",1,94.593911795751,49619
"(0.9574568288854002, 0.9571428571428572)",2,94.59378475890628,49621
"(0.8313122923588039, 0.9563953488372092)",1,94.59375634351991,49622
"(0.884468024900962, 0.9507857142857142)",2,94.5936357654682,49624
"(0.6659153671215075, 0.9707309941520468)",1,94.5935447021814,49625
"(0.9052521809372952, 0.9657868904133938)",1,94.5933772307434,49626
"(0.8888888888888888, 0.9460611405055848)",1,94.59337252807843,49627
"(0.903764513477412, 0.944540304191448)",1,94.59326297145604,49628
"(0.637166256762301, 0.9563953488372092)",1,94.593209523302,49629
"(0.93916595083917, 0.9367114963691102)",1,94.59293347977356,49630
"(0.9352667274015588, 0.9393562802842008)",2,94.59275476493762,49632
"(0.8284936934226033, 0.9526018354129678)",1,94.59269718687472,49633
"(0.8498740201567748, 0.9517433954079988)",1,94.59247626502028,49634
"(0.8581587837837837, 0.9754464285714284)",1,94.59247121191608,49635
"(0.8577972192765406, 0.9506818181818182)",1,94.5923964710402,49636
"(0.8048900626716133, 0.942901126019191)",3,94.5923615061524,49639
"(0.8921680266906457, 0.9625936563436563)",3,94.59220187448416,49642
"(0.8697025808408917, 0.9463327370304114)",1,94.59215038354432,49643
"(0.8812432437603437, 0.9563953488372092)",1,94.5920179671871,49644
"(0.8751579520697168, 0.9615343915343916)",1,94.59192105866558,49645
"(0.8729235880398671, 0.9774943735933984)",1,94.59190712966353,49646
"(0.8370512373649356, 0.9692634363686996)",1,94.59183431770067,49647
"(0.9232966136270908, 0.9527829893683551)",1,94.591785742747,49648
"(0.8745595489781537, 0.9464496874824032)",1,94.59177805383798,49649
"(0.7840187590187591, 1.0)",1,94.59156558425911,49650
"(0.8431202227801533, 0.9463327370304114)",2,94.59131397416608,49652
"(0.9320451606275656, 0.969913169748696)",1,94.5913011433082,49653
"(0.8348419614759484, 0.9492266992266992)",1,94.59123648175384,49654
"(0.255916955017301, 0.9380552220888356)",1,94.59118607851788,49655
"(0.801112591511918, 0.9981047033236162)",1,94.59115531859052,49656
"(0.9185588416618146, 0.9485046203796204)",1,94.59111995358354,49657
"(0.888013818790316, 0.952503401360544)",1,94.59100220360268,49658
"(0.8284936934226033, 0.9511278195488724)",1,94.59097562921264,49659
"(0.6852096359961194, 0.990642624689829)",1,94.5909184243943,49660
"(0.8986318234610918, 0.945469387755102)",1,94.590692486027,49661
"(0.933229459603253, 0.9477798624140088)",1,94.59068504311264,49662
"(0.9259560057540158, 0.9586520604621642)",1,94.59057158081166,49663
"(0.9104761904761904, 0.9748677248677248)",1,94.5905138484016,49664
"(0.925, 0.9507857142857142)",1,94.59040881086676,49665
"(0.585140176021449, 0.9648977033360302)",1,94.59031666358534,49666
"(0.8975847069597069, 0.9509481668773704)",1,94.5902890838511,49667
"(0.9352667274015588, 0.9522158577027434)",2,94.59020814550595,49669
"(0.952503401360544, 0.9612261904761904)",1,94.59019628688812,49670
"(0.8731196908559524, 0.9517433954079988)",1,94.59019223369694,49671
"(0.8941062801932367, 0.9748677248677248)",1,94.59002844562552,49672
"(0.8284662867996201, 0.9612535612535612)",2,94.58981633127702,49674
"(0.9033119658119656, 0.9506818181818182)",1,94.58981447928178,49675
"(0.9178557454023738, 0.9473039215686276)",1,94.58980918819952,49676
"(0.7443685754613105, 0.9992431021625652)",1,94.58947952375088,49677
"(0.803623428272623, 0.9517433954079988)",1,94.58936698062088,49678
"(0.9141369047619048, 0.9647321428571428)",1,94.58932723033652,49679
"(0.9333908045977012, 0.9767241379310344)",1,94.5893121804402,49680
"(0.7918867143005074, 0.9506818181818182)",1,94.5892502934673,49681
"(0.8946752284039163, 0.9618138828565136)",2,94.5891724936572,49683
"(0.9484080262531626, 0.9421666164204604)",1,94.58916249517168,49684
"(0.9333908045977012, 0.9767241379310344)",1,94.58911549077138,49685
"(0.919047619047619, 1.0)",1,94.58908771056778,49686
"(0.8254715501792114, 0.9541062801932368)",1,94.5889674778384,49687
"(0.8995660342409569, 0.9435931041435628)",1,94.58891643503732,49688
"(0.8254715501792114, 0.9506818181818182)",1,94.58889709663634,49689
"(0.8140638481449526, 0.9557291666666669)",1,94.58852719674368,49690
"(0.908998988877654, 0.9563953488372092)",1,94.5883288056648,49691
"(0.9527829893683551, 0.9477798624140088)",1,94.58823098334116,49692
"(0.9534840838509316, 0.9595374149659864)",1,94.58818090293327,49693
"(0.9370015948963316, 0.9841269841269842)",1,94.58811469259292,49694
"(0.8816793893129771, 0.9584283173426188)",1,94.58807705668704,49695
"(0.8933695652173913, 0.9390625)",1,94.5880256122824,49696
"(0.8454115226337449, 0.9868055555555556)",2,94.58800968759768,49698
"(0.9114583333333336, 0.9475111877796946)",2,94.58780924461102,49700
"(0.8414915458937198, 0.938374125874126)",1,94.58744825926888,49701
"(0.6513926775780916, 0.9651951748860688)",1,94.5874251210766,49702
"(0.8240090751747853, 0.9615343915343916)",1,94.58733522494391,49703
"(0.8577972192765406, 0.9541062801932368)",1,94.5872557500416,49704
"(0.9170528266913808, 0.9425110627765696)",3,94.58724963051824,49707
"(0.7797411075256854, 0.9552772808586762)",1,94.58721327872858,49708
"(0.8373931623931623, 0.9748677248677248)",1,94.58698036063537,49709
"(1.0, 1.0)",1,94.5868269393346,49710
"(0.9465811965811968, 1.0)",1,94.5867281653333,49711
"(0.9542023172905526, 0.9709803921568628)",1,94.5867129743944,49712
"(0.942488846547077, 0.9618138828565136)",1,94.58658959637717,49713
"(0.8727305120627135, 0.9563260001856492)",1,94.58656792480228,49714
"(0.8434753211629479, 0.9601840736294516)",1,94.5863592734448,49715
"(0.6316636851520572, 0.9667081046663232)",1,94.58629976248102,49716
"(0.7821588855860582, 0.9463327370304114)",1,94.5862896523566,49717
"(0.9444444444444444, 0.9484080262531626)",1,94.58621143273449,49718
"(0.7862679955703211, 0.9667774086378738)",1,94.5860264630868,49719
"(0.9601840736294516, 0.95004500450045)",1,94.58602118387414,49720
"(0.8327485380116959, 0.9605856647968066)",3,94.58601491663796,49723
"(0.9367114963691102, 0.9476776665722468)",1,94.58598593069118,49724
"(0.9595374149659864, 0.9579551650296714)",1,94.58585487030432,49725
"(0.8489948371838136, 0.96)",3,94.58578765672304,49728
"(0.9584283173426188, 0.9504053648283456)",1,94.58576897422569,49729
"(0.8661774982529699, 0.95)",1,94.58552353133052,49730
"(0.9688764394646748, 0.9679454390451832)",1,94.58547003179513,49731
"(0.8791239816084535, 0.95004500450045)",1,94.5854535426757,49732
"(0.8576356621891807, 0.9576029606661498)",1,94.58545214558288,49733
"(0.875, 0.9247241379310346)",1,94.58543839466266,49734
"(0.9611528822055138, 0.955)",1,94.58522811558689,49735
"(0.8421030449216724, 0.9729166666666668)",1,94.58513759151124,49736
"(0.8666032691088509, 0.955045504550455)",1,94.58506764256327,49737
"(0.9352667274015588, 0.9516258530710558)",1,94.58498789001074,49738
"(0.8605318565948488, 0.9399748585795098)",1,94.58497604243932,49739
"(0.9003322259136212, 0.9563953488372092)",1,94.58490567339727,49740
"(0.7244470477201432, 0.9698410305910306)",4,94.58488574151806,49744
"(0.8202416356877325, 1.0)",3,94.58487665969987,49747
"(0.9393939393939392, 0.9575114377859448)",2,94.58483724120752,49749
"(0.932845238095238, 0.9535924585381664)",1,94.58478192780925,49750
"(0.8089966546643172, 0.9526018354129678)",1,94.5846942299281,49751
"(0.9170528266913808, 0.9488577948293588)",1,94.58461055644172,49752
"(0.824949763130715, 0.995478841870824)",1,94.58452345956682,49753
"(0.8872598584428717, 0.9667774086378738)",1,94.58443153351874,49754
"(0.9399404761904762, 0.951596182326806)",2,94.58440768922458,49756
"(0.931038492683086, 0.9564964624817116)",1,94.58439699343644,49757
"(0.9008392857142858, 0.9507857142857142)",1,94.58395540446377,49758
"(0.8923633969716919, 0.9584283173426188)",2,94.58390848959768,49760
"(0.9196428571428572, 0.9647321428571428)",1,94.5838875017124,49761
"(0.9367114963691102, 0.9485046203796204)",1,94.58386091979877,49762
"(0.930343001196812, 0.9504053648283456)",1,94.58381706481924,49763
"(0.6419325213956552, 0.9937784781643968)",1,94.58381115051505,49764
"(1.0, 1.0)",1,94.5837702159416,49765
"(0.8975847069597069, 0.944540304191448)",1,94.58376983695742,49766
"(0.8921680266906457, 0.9586520604621642)",1,94.58367335004436,49767
"(0.947191237061602, 0.9576029606661498)",2,94.5835775313422,49769
"(0.8762481299794732, 1.0)",1,94.58353031255898,49770
"(0.863200629779577, 0.9694279341856143)",1,94.58351524178669,49771
"(0.8650226969848408, 0.9734722222222224)",1,94.58347449057317,49772
"(0.9374844260560896, 0.9463234342650104)",1,94.58343054301191,49773
"(0.82452636968766, 0.9615343915343916)",1,94.58342475645738,49774
"(0.8072002923976609, 0.9648977033360302)",1,94.58340668971825,49775
"(0.8095650919988757, 0.9736521565994136)",4,94.583371168738,49779
"(0.7957784732756176, 0.9992431021625652)",1,94.58331786677272,49780
"(0.850118422407579, 0.945044504450445)",1,94.5832403509753,49781
"(0.905649630541872, 0.9879464285714284)",1,94.583218049863,49782
"(0.8265700981304325, 0.9667774086378738)",2,94.58318755329935,49784
"(0.8217327219128726, 0.9774943735933984)",1,94.58317978950244,49785
"(0.8975847069597069, 0.9574505911522484)",3,94.582984989893,49788
"(0.9235874607931364, 0.9574505911522484)",2,94.58290754813208,49790
"(0.9103195488721804, 0.9508739421428176)",1,94.58289236344856,49791
"(0.9070844099913866, 0.9774943735933984)",1,94.5828773197836,49792
"(0.8955165692007796, 0.9736842105263158)",1,94.58280630517412,49793
"(0.9235874607931364, 0.9535924585381664)",1,94.58271330521896,49794
"(0.8190189403857904, 0.961770130454341)",1,94.5826946487326,49795
"(0.96004600460046, 0.95004500450045)",1,94.58260703651504,49796
"(0.7683919944789509, 0.9492266992266992)",1,94.58250212863511,49797
"(0.7956776428149589, 0.9550387596899224)",1,94.58243279383572,49798
"(0.8537607374816678, 0.9552772808586762)",1,94.58234418751424,49799
"(0.8259661835748793, 0.9615343915343916)",1,94.58231034989016,49800
"(0.961342940685046, 0.9606447334368527)",2,94.58225968889218,49802
"(0.8018835849313205, 0.9463327370304114)",1,94.58222740104983,49803
"(0.7683919944789509, 0.9492266992266992)",1,94.58215723389696,49804
"(0.707971837944664, 0.9862789000631286)",1,94.58207700104448,49805
"(0.9548607757926928, 0.944540304191448)",1,94.58200231236208,49806
"(0.91775, 0.9624821937321938)",1,94.58183558232336,49807
"(0.8601866883116884, 0.953054992365648)",1,94.58182670789247,49808
"(0.9407051282051282, 0.9488577948293588)",1,94.58168260514992,49809
"(0.9354988823409874, 0.952503401360544)",1,94.58165569589828,49810
"(0.822094298245614, 0.9601840736294516)",1,94.58137151929486,49811
"(0.825, 0.9507857142857142)",1,94.58134668128972,49812
"(0.8603013429413692, 0.947600710159786)",2,94.58132805866124,49814
"(0.8426434676434675, 0.9506818181818182)",3,94.58126728645748,49817
"(0.8361910413576099, 0.9645639900584574)",1,94.58118996979074,49818
"(0.9501800720288114, 0.9438426239374108)",1,94.58113113324654,49819
"(0.8753753753753755, 0.9516258530710558)",1,94.58112248662498,49820
"(0.9292946051030736, 0.9534840838509316)",1,94.58110610562254,49821
"(0.6817662805944057, 0.9503723544973544)",1,94.58104781706314,49822
"(0.9041666666666666, 0.9868055555555556)",1,94.5810294404593,49823
"(0.8896256684491979, 0.9473039215686276)",1,94.58083702899116,49824
"(0.944540304191448, 0.9534840838509316)",2,94.58078772776828,49826
"(0.8348419614759484, 0.9615343915343916)",1,94.5802066733086,49827
"(0.9477798624140088, 0.955)",1,94.58015043880545,49828
"(0.733477024915948, 0.9892082622810928)",1,94.58013883649672,49829
"(0.7777057245080501, 0.9463327370304114)",1,94.58000165333704,49830
"(0.9008392857142858, 0.9507857142857142)",1,94.57989995577614,49831
"(0.8576102418207682, 0.9473684210526316)",3,94.5798938051938,49834
"(0.6137222382216005, 0.9762794625947708)",1,94.57985633310392,49835
"(0.9457203293797688, 0.954419924179659)",2,94.57972303043348,49837
"(0.8160542968256786, 0.9898696943456992)",1,94.5795376842961,49838
"(0.4874996874921873, 0.942599584906604)",3,94.57945704451312,49841
"(0.8490492285760273, 0.9384463443611106)",1,94.5794302260667,49842
"(0.7966507177033493, 0.956140350877193)",3,94.57939207007134,49845
"(0.723243075095434, 0.9932524336591584)",1,94.57938398548808,49846
"(0.8783564814814815, 0.938374125874126)",4,94.5792988095283,49850
"(0.8263429722750363, 0.953054992365648)",1,94.5792854658159,49851
"(0.9592592592592591, 1.0)",1,94.57927775256776,49852
"(0.9356632048879978, 0.9648859284531728)",1,94.57925608738668,49853
"(0.8434846806939831, 0.9440753045404208)",1,94.57919890891392,49854
"(0.917509305210918, 0.9767241379310344)",1,94.57917253063064,49855
"(0.688797310706547, 0.9473684210526316)",3,94.57895460821906,49858
"(0.8867478025693036, 0.9577861163227016)",2,94.57895362896558,49860
"(0.7445551864156514, 0.9667081046663232)",1,94.57881697875574,49861
"(0.9630672573903032, 0.9461152882205514)",1,94.57858502190795,49862
"(0.8933695652173913, 0.9543257389162564)",1,94.57857243081295,49863
"(0.4449444444444444, 0.97751081493336)",1,94.57856438415536,49864
"(0.8817204301075269, 1.0)",1,94.57840364189089,49865
"(0.7915451895043732, 0.9438426239374108)",1,94.57833775814224,49866
"(0.8439484126984128, 1.0)",1,94.5783269973996,49867
"(0.8172595660106253, 0.9969711347654386)",1,94.57832320535864,49868
"(0.917509305210918, 0.9646871008939976)",1,94.578234318367,49869
"(0.6316636851520572, 0.9464496874824032)",1,94.57818640885628,49870
"(0.8429058758006126, 0.9590069946107098)",1,94.57800483706065,49871
"(0.8204161317928969, 0.9517433954079988)",2,94.57792025395472,49873
"(0.9414843966800374, 0.953054992365648)",3,94.57788441755535,49876
"(0.7644216248867413, 0.9667774086378738)",1,94.57779339849824,49877
"(0.9625936563436563, 0.9625936563436563)",2,94.57768176546756,49879
"(0.8761478039606152, 0.9575114377859448)",1,94.57759919478153,49880
"(0.908998988877654, 0.9667774086378738)",1,94.57741623063664,49881
"(0.7821588855860582, 0.9463327370304114)",2,94.57720716986272,49883
"(0.8234126984126984, 0.9506818181818182)",1,94.57699953722556,49884
"(0.8686141304347826, 0.9767241379310344)",1,94.57683127457864,49885
"(0.8786624050523235, 0.9676234979973296)",2,94.57674282811853,49887
"(0.925553613053613, 0.9868055555555556)",1,94.57672132185868,49888
"(0.8923633969716919, 0.947866344605475)",1,94.576573088638,49889
"(0.9096474293842716, 0.9552005012531328)",1,94.57646256006338,49890
"(0.8316249623153452, 0.9406839414771724)",1,94.57646013329835,49891
"(0.9462631140307872, 0.944540304191448)",1,94.57641306937414,49892
"(0.9360538014841208, 0.9498577524893316)",1,94.5762568850997,49893
"(0.9041666666666666, 0.9868055555555556)",1,94.57620170337844,49894
"(0.8995164281928988, 0.9473039215686276)",6,94.57612351919046,49900
"(0.9027274557165862, 1.0)",1,94.57605558698832,49901
"(0.8516815310293571, 0.9506818181818182)",1,94.57599388543798,49902
"(0.8130291548638542, 0.9984875577410224)",2,94.5759500877148,49904
"(0.8055555555555555, 1.0)",1,94.57586818719972,49905
"(0.8952020202020202, 1.0)",1,94.5758460486686,49906
"(0.8396845307996157, 0.9651951748860688)",1,94.575772828374,49907
"(0.9625936563436563, 0.9642857142857144)",1,94.57576666813378,49908
"(0.9078944034861038, 0.955045504550455)",2,94.57573801952542,49910
"(0.8604651162790697, 0.9463327370304114)",1,94.5756852352223,49911
"(0.8978798708330872, 0.956140350877193)",1,94.57567514735254,49912
"(0.9259560057540158, 0.9586520604621642)",1,94.57564760437964,49913
"(0.8427109974424554, 0.95)",6,94.57563132252282,49919
"(0.5689798878835562, 0.9647321428571428)",1,94.57562466692444,49920
"(0.8418571428571429, 0.9647321428571428)",1,94.57557399345345,49921
"(0.8815742397137746, 0.9463327370304114)",1,94.57536163955056,49922
"(0.977218782249742, 0.988425925925926)",1,94.57534755701576,49923
"(1.0, 1.0)",1,94.57528223345314,49924
"(0.8821377879681188, 0.9511278195488724)",1,94.57522984822754,49925
"(0.8407589540630476, 0.9563260001856492)",1,94.57522287872916,49926
"(0.9774943735933984, 0.9463327370304114)",1,94.57506419215966,49927
"(0.8870934646557915, 0.969913169748696)",1,94.57493848327,49928
"(0.8581587837837837, 0.9754464285714284)",1,94.57477555869862,49929
"(0.689772303098171, 0.9651951748860688)",1,94.57475698893155,49930
"(0.9230116959064328, 0.9776218323586744)",1,94.57458576695774,49931
"(0.8504257246376812, 0.9541062801932368)",1,94.57448110576692,49932
"(0.7797411075256854, 0.9552772808586762)",1,94.57445461907768,49933
"(0.9020844965568584, 0.9335414502879804)",1,94.57445067763918,49934
"(0.8872598584428717, 0.9667774086378738)",2,94.57441029957243,49936
"(0.906765625, 0.9767241379310344)",1,94.57434611900013,49937
"(0.9476776665722468, 0.9565375499581746)",4,94.5741275544773,49941
"(0.8498740201567748, 0.9652297777949396)",1,94.57403298873754,49942
"(0.9555491383616382, 0.9534840838509316)",1,94.57395375337012,49943
"(0.8635758097194084, 0.95)",1,94.57395304362434,49944
"(0.828819993216278, 0.9694279341856143)",1,94.57393539263008,49945
"(0.9033119658119656, 0.9506818181818182)",1,94.57374829365617,49946
"(0.8647740749525618, 0.9507857142857142)",1,94.57363146789812,49947
"(0.8429085746158916, 1.0)",3,94.57361989849886,49950
"(0.8434101386909988, 0.956140350877193)",1,94.57347377339188,49951
"(0.7971925413785879, 0.9463327370304114)",1,94.57328599841586,49952
"(0.9352667274015588, 0.9427767354596622)",1,94.57309124115396,49953
"(0.9176086048454468, 0.9555491383616382)",1,94.57279968400135,49954
"(0.8553659393869447, 0.9552772808586762)",1,94.57278795747412,49955
"(0.8934374999999999, 0.9767241379310344)",1,94.5727826709928,49956
"(0.8431202227801533, 0.9463327370304114)",1,94.57271487311012,49957
"(0.9064516129032258, 0.9754464285714284)",1,94.57247772010297,49958
"(0.9500314267756128, 0.94004400440044)",1,94.572463685211,49959
"(0.9385522734146589, 0.9475111877796946)",1,94.572398542029,49960
"(0.901648307790549, 0.9507857142857142)",1,94.5722598217837,49961
"(0.5145610787942887, 0.961251430125476)",1,94.57224949453094,49962
"(0.8232281991085706, 0.9634384628873468)",1,94.57219232579322,49963
"(0.8498330413631913, 0.9694279341856143)",1,94.5721703037756,49964
"(0.8202677043217801, 0.998863042500364)",3,94.57216767812716,49967
"(0.8894967532467533, 0.9507857142857142)",2,94.57214812016085,49969
"(0.8214285714285714, 0.9451780712284916)",1,94.5721140618212,49970
"(0.8860693400167085, 0.9604697507658034)",1,94.57210643289714,49971
"(0.883580779054917, 0.9212373737373736)",2,94.57204861880147,49973
"(0.899997244510117, 0.956140350877193)",1,94.57204387209596,49974
"(0.7797411075256854, 0.9552772808586762)",1,94.57196485942214,49975
"(0.9584283173426188, 0.9561403508771932)",1,94.57186099014612,49976
"(0.9176086048454468, 0.9509481668773704)",1,94.57163744582412,49977
"(0.8434846806939831, 0.965497521921464)",1,94.57154186498605,49978
"(0.87257176828623, 0.9686580494878438)",4,94.57132043723196,49982
"(0.3496501670843776, 0.9649122807017544)",1,94.5712773024695,49983
"(0.9385522734146589, 0.95004500450045)",2,94.57126034091662,49985
"(0.9235874607931364, 0.9495131982526256)",1,94.57092496776151,49986
"(0.8587799123693967, 0.9774943735933984)",1,94.57091026813082,49987
"(0.8277537197423939, 0.9736842105263158)",2,94.57087320643944,49989
"(0.8046935824713601, 1.0)",1,94.57082328660267,49990
"(0.854478432131113, 0.9473684210526316)",1,94.57064079348204,49991
"(0.9500314267756128, 0.9477798624140088)",1,94.57062265810254,49992
"(0.8546875, 0.9535098522167488)",1,94.57049103725744,49993
"(0.822094298245614, 0.947600710159786)",1,94.57048429094884,49994
"(0.9115865496621884, 0.9427767354596622)",1,94.5704732106506,49995
"(0.9002463054187192, 0.953054992365648)",1,94.56991549693768,49996
"(0.8898792718668495, 0.9421666164204604)",1,94.56978521137708,49997
"(0.8621651785714286, 0.9574505911522484)",1,94.56955945445766,49998
"(0.9715797169307606, 0.9491921768707484)",1,94.56952184252,49999
"(0.7449440741697866, 0.980067659347226)",1,94.5694050253084,50000
