value,count,total,cumulative_sum
"(1.0, 1.0)",370,100.0,370
"(1.0, 1.0)",105,99.98332291015218,475
"(0.9833229101521784, 1.0)",212,99.98332291015218,687
"(1.0, 1.0)",2,99.96703296703296,689
"(1.0, 1.0)",3,99.96666666666668,692
"(0.9666666666666668, 1.0)",9,99.96666666666668,701
"(0.9666562434855118, 1.0)",33,99.96665624348552,734
"(1.0, 1.0)",14,99.96665624348552,748
"(0.9833229101521784, 1.0)",98,99.96664582030436,846
"(1.0, 1.0)",30,99.96664582030436,876
"(0.9665831244778612, 1.0)",134,99.96658312447786,1010
"(1.0, 1.0)",46,99.96658312447786,1056
"(1.0, 1.0)",3,99.96619597774924,1059
"(0.9580331374974232, 1.0)",1,99.95803313749742,1060
"(1.0, 1.0)",14,99.95065331785038,1074
"(0.9506533178503804, 1.0)",14,99.95065331785038,1088
"(1.0, 1.0)",2,99.95035587718516,1090
"(0.9833229101521784, 1.0)",5,99.95035587718516,1095
"(0.9833229101521784, 1.0)",2,99.94998957681884,1097
"(1.0, 1.0)",2,99.94998957681884,1099
"(0.9666666666666668, 1.0)",4,99.94998957681884,1103
"(0.9833229101521784, 1.0)",2,99.94997915363768,1105
"(0.9666562434855118, 1.0)",19,99.94997915363768,1124
"(0.9499687304565352, 1.0)",12,99.94996873045652,1136
"(1.0, 1.0)",8,99.94996873045652,1144
"(0.9833229101521784, 1.0)",27,99.94996873045652,1171
"(1.0, 1.0)",8,99.94993894993895,1179
"(0.94993894993895, 1.0)",10,99.94993894993895,1189
"(0.9499358151476252, 1.0)",1,99.94993581514764,1190
"(1.0, 1.0)",12,99.94990603463005,1202
"(0.9833229101521784, 1.0)",38,99.94990603463005,1240
"(0.9665831244778612, 1.0)",57,99.94990603463005,1297
"(0.9497171590194848, 1.0)",37,99.94971715901949,1334
"(1.0, 1.0)",27,99.94971715901949,1361
"(0.9497171590194846, 1.0)",72,99.94971715901949,1433
"(0.9833229101521784, 1.0)",1,99.94951888790143,1434
"(1.0, 1.0)",3,99.94951888790143,1437
"(1.0, 1.0)",1,99.94896987579916,1438
"(0.9580331374974232, 1.0)",1,99.94416413960587,1439
"(0.9437903841498612, 1.0)",1,99.94379038414986,1440
"(1.0, 1.0)",2,99.93460925039872,1442
"(1.0, 1.0)",5,99.93412293412294,1447
"(1.0, 1.0)",13,99.93406593406591,1460
"(0.9506533178503804, 1.0)",3,99.93397622800256,1463
"(1.0, 1.0)",5,99.93397622800256,1468
"(0.9666562434855118, 1.0)",1,99.93368921051848,1469
"(0.9833229101521784, 1.0)",2,99.93367878733731,1471
"(1.0, 1.0)",1,99.93367878733731,1472
"(0.9666666666666668, 1.0)",1,99.93333333333334,1473
"(0.9333333333333332, 1.0)",3,99.93333333333334,1476
"(0.9666562434855118, 1.0)",1,99.9333229101522,1477
"(0.9666562434855118, 1.0)",1,99.93331248697102,1478
"(0.9833229101521784, 1.0)",1,99.93331248697102,1479
"(0.9666562434855118, 1.0)",7,99.93330206378988,1486
"(1.0, 1.0)",2,99.93329164060872,1488
"(0.9499687304565352, 1.0)",13,99.93329164060872,1501
"(0.9833229101521784, 1.0)",14,99.93329164060872,1515
"(0.9833229101521784, 1.0)",4,99.93326186009114,1519
"(1.0, 1.0)",1,99.93326186009114,1520
"(0.94993894993895, 1.0)",2,99.93326186009114,1522
"(1.0, 1.0)",3,99.9332587252998,1525
"(0.9666666666666668, 1.0)",1,99.93324979114452,1526
"(0.933249791144528, 1.0)",7,99.93324979114452,1533
"(0.9833229101521784, 1.0)",5,99.93323936796338,1538
"(0.9665831244778612, 1.0)",8,99.93323936796338,1546
"(0.9666562434855118, 1.0)",7,99.93323936796338,1553
"(1.0, 1.0)",1,99.9332289447822,1554
"(0.9833229101521784, 1.0)",15,99.9332289447822,1569
"(0.9665831244778612, 1.0)",13,99.9332289447822,1582
"(1.0, 1.0)",3,99.93316624895571,1585
"(0.9331662489557228, 1.0)",1,99.93316624895571,1586
"(0.9665831244778612, 1.0)",22,99.93316624895571,1608
"(0.9331662489557224, 1.0)",3,99.93316624895571,1611
"(1.0, 1.0)",1,99.93310945820126,1612
"(0.9331094582012576, 1.0)",11,99.93310945820126,1623
"(0.933096859926128, 1.0)",4,99.93309685992612,1627
"(0.9833229101521784, 1.0)",13,99.93304006917168,1640
"(1.0, 1.0)",2,99.93304006917168,1642
"(0.9497171590194848, 1.0)",16,99.93304006917168,1658
"(0.9497171590194846, 1.0)",20,99.93304006917168,1678
"(0.9833229101521784, 1.0)",4,99.9328417980536,1682
"(0.9661959777492511, 1.0)",1,99.93277910222712,1683
"(1.0, 1.0)",1,99.93270971319753,1684
"(0.9326599326599326, 1.0)",81,99.93265993265992,1765
"(1.0, 1.0)",12,99.93265993265992,1777
"(0.9833229101521784, 1.0)",2,99.93229278595132,1779
"(1.0, 1.0)",1,99.93157706770866,1780
"(0.9441792447111594, 1.0)",1,99.93026030413336,1781
"(0.9300671002153482, 1.0)",1,99.93006710021535,1782
"(1.0, 1.0)",2,99.9183920762868,1784
"(0.917469251615593, 1.0)",1,99.9174692516156,1785
"(0.9833229101521784, 1.0)",2,99.91744584427512,1787
"(1.0, 1.0)",2,99.91744584427512,1789
"(1.0, 1.0)",1,99.91737891737893,1790
"(1.0, 1.0)",1,99.91723644232825,1791
"(0.9665831244778612, 1.0)",2,99.91723644232825,1793
"(0.9506533178503804, 1.0)",1,99.91723644232825,1794
"(1.0, 1.0)",2,99.91704190118824,1796
"(0.9666666666666668, 1.0)",1,99.9170225438518,1797
"(0.9499687304565352, 1.0)",1,99.9170016974895,1798
"(0.9665831244778612, 1.0)",1,99.91697920536174,1799
"(0.9583930063253372, 1.0)",2,99.916812878519,1801
"(0.944563492063492, 1.0)",1,99.9167256109079,1802
"(0.9333333333333332, 1.0)",6,99.9166562434855,1808
"(0.9666562434855118, 1.0)",4,99.91662497394204,1812
"(0.9833229101521784, 1.0)",2,99.9166145507609,1814
"(0.9499687304565352, 1.0)",6,99.9166145507609,1820
"(0.9166145507608924, 1.0)",52,99.9166145507609,1872
"(1.0, 1.0)",5,99.9166145507609,1877
"(0.9666562434855118, 1.0)",1,99.91659519342446,1878
"(0.94993894993895, 1.0)",1,99.9165847702433,1879
"(0.9833229101521784, 1.0)",3,99.9165847702433,1882
"(0.933249791144528, 1.0)",6,99.9165727012967,1888
"(1.0, 1.0)",1,99.9165727012967,1889
"(0.9666666666666668, 1.0)",1,99.9165727012967,1890
"(0.9665831244778612, 1.0)",1,99.9165727012967,1891
"(0.9665831244778612, 1.0)",1,99.91656227811556,1892
"(0.9499687304565352, 1.0)",5,99.9165518549344,1897
"(0.9665831244778612, 1.0)",3,99.9165518549344,1900
"(0.9833229101521784, 1.0)",6,99.9165518549344,1906
"(0.9442283950617284, 1.0)",1,99.91652673860068,1907
"(0.9665831244778612, 1.0)",3,99.9165220744168,1910
"(0.94993894993895, 1.0)",1,99.9165220744168,1911
"(1.0, 1.0)",1,99.9165220744168,1912
"(0.9665831244778612, 1.0)",10,99.9164891591079,1922
"(1.0, 1.0)",2,99.9164891591079,1924
"(0.9331662489557228, 1.0)",1,99.9164891591079,1925
"(0.9833229101521784, 1.0)",4,99.9164891591079,1929
"(0.9331662489557224, 1.0)",8,99.9164891591079,1937
"(0.9164652836623464, 1.0)",12,99.91646528366236,1949
"(0.9833229101521784, 1.0)",1,99.91643236835344,1950
"(0.9331094582012576, 1.0)",19,99.91643236835344,1969
"(0.933096859926128, 1.0)",5,99.9164197700783,1974
"(0.9666666666666668, 1.0)",2,99.91638382568615,1976
"(0.9497171590194846, 1.0)",1,99.916373402505,1977
"(0.9833229101521784, 1.0)",2,99.916373402505,1979
"(0.9666562434855118, 1.0)",3,99.916373402505,1982
"(0.9497171590194848, 1.0)",1,99.916373402505,1983
"(0.9497171590194848, 1.0)",4,99.91636297932384,1987
"(0.9833229101521784, 1.0)",14,99.91636297932384,2001
"(0.9497171590194846, 1.0)",1,99.91636297932384,2002
"(0.9497171590194848, 1.0)",1,99.91630028349736,2003
"(1.0, 1.0)",4,99.91630028349736,2007
"(0.9665831244778612, 1.0)",9,99.91630028349736,2016
"(0.9497171590194846, 1.0)",14,99.91630028349736,2030
"(0.9300671002153482, 1.0)",1,99.9161981023238,2031
"(0.9161952650324744, 1.0)",23,99.91619526503248,2054
"(1.0, 1.0)",4,99.91619526503248,2058
"(0.9437903841498612, 1.0)",1,99.91612506701084,2059
"(0.916104916104916, 1.0)",1,99.91610491610491,2060
"(1.0, 1.0)",3,99.91598284281211,2063
"(0.9326599326599326, 1.0)",41,99.91598284281211,2104
"(0.9833229101521784, 1.0)",19,99.91598284281211,2123
"(0.9297812306740878, 1.0)",2,99.91591223278252,2125
"(0.9295946890286512, 1.0)",2,99.9157256911371,2127
"(0.9666562434855118, 1.0)",1,99.91562611928464,2128
"(1.0, 1.0)",12,99.91534391534393,2140
"(0.9153439153439152, 1.0)",32,99.91534391534393,2172
"(0.9153439153439156, 1.0)",10,99.91534391534393,2182
"(0.9833229101521784, 1.0)",1,99.91489997786084,2183
"(0.9833229101521784, 1.0)",1,99.9145398413691,2184
"(0.944563492063492, 1.0)",1,99.90280667033012,2185
"(0.9583930063253372, 1.0)",1,99.90274139219596,2186
"(0.9580331374974232, 1.0)",2,99.90266616389736,2188
"(0.9584987529902784, 1.0)",2,99.90266289259614,2190
"(0.9584987529902784, 1.0)",1,99.90251040034308,2191
"(0.9437903841498612, 1.0)",2,99.90212985356044,2193
"(0.9297812306740878, 1.0)",1,99.90207957421303,2194
"(0.9295946890286512, 1.0)",2,99.90201532394929,2196
"(0.9295946890286512, 1.0)",1,99.9018930325676,2197
"(1.0, 1.0)",1,99.901714986439,2198
"(0.9009287520039462, 1.0)",1,99.90092875200396,2199
"(0.9833229101521784, 1.0)",1,99.90076875442728,2200
"(1.0, 1.0)",1,99.90075195806904,2201
"(0.917415489944373, 1.0)",1,99.90073840009654,2202
"(1.0, 1.0)",1,99.90071175437028,2203
"(1.0, 1.0)",5,99.9007018275311,2208
"(0.9833229101521784, 1.0)",2,99.9007018275311,2210
"(0.9666666666666668, 1.0)",1,99.90064289466925,2211
"(1.0, 1.0)",1,99.90062204830691,2212
"(0.9506533178503804, 1.0)",2,99.90062204830691,2214
"(0.9499687304565352, 1.0)",2,99.90062204830691,2216
"(0.9506533178503804, 1.0)",3,99.90055935248044,2219
"(1.0, 1.0)",1,99.90055935248044,2220
"(0.9497171590194846, 1.0)",1,99.90037047686988,2221
"(0.9506533178503804, 1.0)",1,99.90037047686988,2222
"(1.0, 1.0)",2,99.90036481134042,2224
"(1.0, 1.0)",2,99.90035568296436,2226
"(0.9499687304565352, 1.0)",3,99.90032460764168,2229
"(0.9833229101521784, 1.0)",1,99.90032460764168,2230
"(0.9833229101521784, 1.0)",3,99.9002948271241,2233
"(0.9665831244778612, 1.0)",1,99.9002619118152,2234
"(0.9333333333333332, 1.0)",6,99.89997915363767,2240
"(0.9833229101521784, 1.0)",1,99.89995830727538,2241
"(0.9666562434855118, 1.0)",1,99.89994788409422,2242
"(0.9499687304565352, 1.0)",2,99.89993746091308,2244
"(1.0, 1.0)",1,99.89993746091308,2245
"(0.9166145507608924, 1.0)",23,99.89993746091308,2268
"(0.9833229101521784, 1.0)",4,99.89993746091308,2272
"(0.9333333333333332, 1.0)",1,99.8999164578112,2273
"(1.0, 1.0)",1,99.8999164578112,2274
"(0.9666666666666668, 1.0)",1,99.89989561144888,2275
"(0.9665831244778612, 1.0)",3,99.89987476508658,2278
"(1.0, 1.0)",3,99.89987476508658,2281
"(0.9499687304565352, 1.0)",2,99.89987476508658,2283
"(0.9499687304565352, 1.0)",3,99.89987476508657,2286
"(0.933249791144528, 1.0)",6,99.8998329156224,2292
"(0.9666562434855118, 1.0)",1,99.89982249244125,2293
"(0.9331662489557224, 1.0)",4,99.89981206926008,2297
"(0.9833229101521784, 1.0)",1,99.89981206926008,2298
"(0.9665831244778612, 1.0)",5,99.89981206926008,2303
"(0.9833229101521784, 1.0)",1,99.8997552785056,2304
"(0.8997493734335841, 1.0)",12,99.8997493734336,2316
"(0.9665831244778612, 1.0)",3,99.8997493734336,2319
"(1.0, 1.0)",2,99.89974937343358,2321
"(0.933096859926128, 1.0)",3,99.89974268023047,2324
"(0.9833229101521784, 1.0)",1,99.89970673583832,2325
"(0.9666666666666668, 1.0)",1,99.89970673583832,2326
"(0.9497171590194846, 1.0)",1,99.89970673583832,2327
"(0.9326599326599326, 1.0)",1,99.8996928996929,2328
"(0.9665831244778612, 1.0)",3,99.89969258267912,2331
"(0.9331094582012576, 1.0)",1,99.89969258267912,2332
"(0.9833229101521784, 1.0)",2,99.89968588947602,2334
"(0.9497171590194846, 1.0)",1,99.89968588947602,2335
"(0.9499687304565352, 1.0)",7,99.89968588947602,2342
"(0.9497171590194848, 1.0)",5,99.89968588947602,2347
"(0.9499358151476252, 1.0)",1,99.89965297416713,2348
"(0.9665831244778612, 1.0)",1,99.89962319364952,2349
"(0.9497171590194846, 1.0)",3,99.89962319364952,2352
"(0.9161952650324744, 1.0)",11,99.89951817518464,2363
"(0.9665831244778612, 1.0)",1,99.89943534571262,2364
"(0.9497171590194848, 1.0)",4,99.89943431803896,2368
"(0.9497171590194846, 1.0)",9,99.89943431803896,2377
"(0.916104916104916, 1.0)",1,99.8994278262571,2378
"(0.9833229101521784, 1.0)",2,99.8994278262571,2380
"(0.9326599326599326, 1.0)",1,99.8993265993266,2381
"(0.9666666666666668, 1.0)",1,99.8993265993266,2382
"(0.9666562434855118, 1.0)",1,99.89931617614543,2383
"(0.9833229101521784, 1.0)",5,99.8993057529643,2388
"(0.9326599326599326, 1.0)",8,99.8993057529643,2396
"(0.9665831244778612, 1.0)",9,99.8992430571378,2405
"(0.9326599326599326, 1.0)",14,99.8992430571378,2419
"(1.0, 1.0)",1,99.8992430571378,2420
"(1.0, 1.0)",1,99.8989898989899,2421
"(0.898989898989899, 1.0)",18,99.8989898989899,2439
"(1.0, 1.0)",2,99.8988603988604,2441
"(1.0, 1.0)",2,99.8986668254961,2443
"(0.9153439153439156, 1.0)",3,99.8986668254961,2446
"(0.9833229101521784, 1.0)",12,99.8986668254961,2458
"(0.9153439153439152, 1.0)",11,99.8986668254961,2469
"(1.0, 1.0)",1,99.89848876370056,2470
"(0.9666562434855118, 1.0)",2,99.89787317470244,2472
"(1.0, 1.0)",15,99.89769820971868,2487
"(0.8976982097186702, 1.0)",100,99.89769820971868,2587
"(1.0, 1.0)",1,99.8950004244122,2588
"(0.903667392883079, 1.0)",2,99.88983473431358,2590
"(0.9581458989353726, 1.0)",1,99.8890880478248,2591
"(0.944563492063492, 1.0)",2,99.88888772975233,2593
"(0.9445235834124724, 1.0)",1,99.888816965394,2594
"(0.9441792447111594, 1.0)",1,99.88873270671266,2595
"(0.9441792447111594, 1.0)",5,99.88870282812364,2600
"(0.944073617452092, 1.0)",1,99.88856383078596,2601
"(0.9299507899507898, 1.0)",1,99.8884315354196,2602
"(0.9303715638302106, 1.0)",1,99.88842812292592,2603
"(0.9297812306740878, 1.0)",1,99.88821057632148,2604
"(0.9297812306740878, 1.0)",1,99.88820369056714,2605
"(0.9158007932517735, 1.0)",3,99.88805332401496,2608
"(0.9437903841498612, 1.0)",1,99.8880447638732,2609
"(0.9437903841498612, 1.0)",1,99.88795452375572,2610
"(0.9720813204508856, 1.0)",1,99.88789670792906,2611
"(1.0, 1.0)",2,99.8851917026609,2613
"(0.8845578466141503, 1.0)",2,99.88455784661414,2615
"(1.0, 1.0)",1,99.88442181125107,2616
"(0.917469251615593, 1.0)",2,99.88411507191996,2618
"(1.0, 1.0)",1,99.88409166457949,2619
"(0.9499687304565352, 1.0)",3,99.88409166457949,2622
"(1.0, 1.0)",1,99.88405237609344,2623
"(0.8840455840455841, 1.0)",10,99.88404558404558,2633
"(0.934122934122934, 1.0)",1,99.88402896875296,2634
"(1.0, 1.0)",3,99.88402473768328,2637
"(0.9833229101521784, 1.0)",1,99.88402473768328,2638
"(0.8840048840048841, 1.0)",2,99.88400488400488,2640
"(0.9665831244778612, 1.0)",1,99.88396204185678,2641
"(1.0, 1.0)",1,99.8839449584591,2642
"(0.9499687304565352, 1.0)",5,99.8839449584591,2647
"(0.9497171590194846, 1.0)",1,99.88384009314242,2648
"(0.9331662489557224, 1.0)",1,99.8838195668061,2649
"(0.9331094582012576, 1.0)",2,99.88376277605164,2651
"(1.0, 1.0)",1,99.88369814467376,2652
"(0.9833229101521784, 1.0)",2,99.88369696842098,2654
"(0.9497171590194848, 1.0)",1,99.88369338702203,2655
"(0.9333333333333332, 1.0)",1,99.88368921051848,2656
"(1.0, 1.0)",1,99.8836877214926,2657
"(0.9331662489557224, 1.0)",2,99.88352212614086,2659
"(0.9665831244778612, 1.0)",1,99.88333325053031,2660
"(0.9833229101521784, 1.0)",1,99.88330206378988,2661
"(0.9333333333333332, 1.0)",2,99.88330206378988,2663
"(0.9333333333333332, 1.0)",1,99.88327228327228,2664
"(0.9499687304565352, 1.0)",1,99.8832707942464,2665
"(0.9333333333333332, 1.0)",6,99.88326914848096,2671
"(0.9833229101521784, 1.0)",2,99.88326037106523,2673
"(1.0, 1.0)",2,99.88326037106523,2675
"(0.9166145507608924, 1.0)",6,99.88326037106523,2681
"(0.9499687304565352, 1.0)",4,99.88326037106523,2685
"(0.8832603710652491, 1.0)",10,99.88326037106523,2695
"(0.9166145507608922, 1.0)",2,99.88326037106523,2697
"(0.9666562434855118, 1.0)",1,99.88325143690996,2698
"(0.9665831244778612, 1.0)",1,99.88323936796336,2699
"(0.9333333333333332, 1.0)",4,99.88323936796336,2703
"(0.9666562434855118, 1.0)",1,99.88322894478222,2704
"(0.9666666666666668, 1.0)",1,99.88322894478222,2705
"(0.9665831244778612, 1.0)",1,99.88321852160108,2706
"(0.9666562434855118, 1.0)",1,99.88320809841991,2707
"(0.9833229101521784, 1.0)",2,99.88319767523876,2709
"(0.9665831244778612, 1.0)",2,99.88319767523876,2711
"(1.0, 1.0)",1,99.88319767523876,2712
"(0.9666562434855118, 1.0)",3,99.8831454025934,2715
"(0.9331662489557224, 1.0)",1,99.88313497941226,2716
"(0.9499687304565352, 1.0)",1,99.88313497941226,2717
"(0.9833229101521784, 1.0)",1,99.88313497941226,2718
"(0.9164652836623464, 1.0)",2,99.88311110396673,2720
"(0.9331662489557224, 1.0)",1,99.88310519889468,2721
"(0.9331094582012576, 1.0)",1,99.88309903502012,2722
"(0.9833229101521784, 1.0)",1,99.88307228358576,2723
"(0.9665831244778612, 1.0)",3,99.88307228358576,2726
"(1.0, 1.0)",1,99.88307228358576,2727
"(0.9331662489557224, 1.0)",2,99.88307228358576,2729
"(0.8997493734335841, 1.0)",12,99.88307228358576,2741
"(0.9326599326599326, 1.0)",1,99.88305601354382,2742
"(0.9333333333333332, 1.0)",3,99.88305049235282,2745
"(0.9833229101521784, 1.0)",1,99.88304006917168,2746
"(0.916449550595892, 1.0)",1,99.88303267507376,2747
"(0.9497171590194848, 1.0)",1,99.88301922280937,2748
"(0.9665831244778612, 1.0)",1,99.8830154928313,2749
"(0.9497171590194848, 1.0)",3,99.8830087996282,2752
"(0.9833229101521784, 1.0)",2,99.8830087996282,2754
"(1.0, 1.0)",2,99.8829840719703,2756
"(0.9833229101521784, 1.0)",1,99.88297901911062,2757
"(0.933249791144528, 1.0)",4,99.88296695016402,2761
"(0.9833229101521784, 1.0)",1,99.8829461038017,2762
"(0.9497171590194848, 1.0)",1,99.8829461038017,2763
"(0.9665831244778612, 1.0)",1,99.8828834079752,2764
"(0.9497171590194846, 1.0)",2,99.8828834079752,2766
"(0.9161952650324744, 1.0)",2,99.88284108533684,2768
"(0.9331094582012576, 1.0)",1,99.88282661722074,2769
"(0.9497171590194848, 1.0)",5,99.8828140189456,2774
"(0.9161952650324744, 1.0)",6,99.88277838951034,2780
"(1.0, 1.0)",2,99.88277838951034,2782
"(0.9497171590194846, 1.0)",3,99.88275722819114,2785
"(0.9497171590194848, 1.0)",2,99.88275722819114,2787
"(0.9833229101521784, 1.0)",4,99.88275722819114,2791
"(0.916104916104916, 1.0)",4,99.88275073640926,2795
"(0.916104916104916, 1.0)",1,99.88268804058278,2796
"(0.882673371045464, 1.0)",37,99.88267337104546,2833
"(0.9666666666666668, 1.0)",1,99.88264950947878,2834
"(0.9499687304565352, 1.0)",1,99.88262866311646,2835
"(0.9326599326599326, 1.0)",2,99.88262866311646,2837
"(0.94993894993895, 1.0)",1,99.88259888259888,2838
"(0.9326599326599326, 1.0)",1,99.88259574780756,2839
"(1.0, 1.0)",1,99.88257639047112,2840
"(0.9326599326599326, 1.0)",4,99.88256596728996,2844
"(0.9833229101521784, 1.0)",1,99.88256596728996,2845
"(0.9665831244778612, 1.0)",3,99.88256596728996,2848
"(0.9326599326599326, 1.0)",8,99.88237709167942,2856
"(0.9497171590194848, 1.0)",1,99.88237709167942,2857
"(0.9497171590194846, 1.0)",4,99.88237709167942,2861
"(0.898989898989899, 1.0)",2,99.88231280914208,2863
"(0.9833229101521784, 1.0)",1,99.88231280914208,2864
"(1.0, 1.0)",1,99.88230089385416,2865
"(0.9833229101521784, 1.0)",1,99.88218330901258,2866
"(0.9326599326599326, 1.0)",1,99.88217882056136,2867
"(0.9153439153439156, 1.0)",1,99.88201058201058,2868
"(0.9666666666666668, 1.0)",2,99.88201058201058,2870
"(0.9833229101521784, 1.0)",10,99.88198973564828,2880
"(0.9153439153439152, 1.0)",1,99.88198973564828,2881
"(0.9153439153439156, 1.0)",1,99.88198973564828,2882
"(0.9665831244778612, 1.0)",3,99.88192703982178,2885
"(0.9153439153439152, 1.0)",7,99.88192703982178,2892
"(0.9833229101521784, 1.0)",1,99.8814831023387,2893
"(0.8814814814814814, 1.0)",13,99.88148148148149,2906
"(0.8813080639167598, 1.0)",6,99.88130806391676,2912
"(0.8811945374355704, 1.0)",22,99.88119453743556,2934
"(1.0, 1.0)",1,99.88119453743556,2935
"(0.9833229101521784, 1.0)",1,99.88118566167348,2936
"(0.8976982097186702, 1.0)",41,99.88102111987084,2977
"(1.0, 1.0)",1,99.88102111987084,2978
"(0.9833229101521784, 1.0)",1,99.88102111987084,2979
"(0.9666562434855118, 1.0)",1,99.8806040842626,2980
"(0.9666562434855118, 1.0)",1,99.87990836603996,2981
"(1.0, 1.0)",16,99.879647539222,2997
"(0.8796475392220073, 1.0)",131,99.879647539222,3128
"(0.9833229101521784, 1.0)",2,99.87832333456436,3130
"(1.0, 1.0)",1,99.8757340850364,3131
"(0.9445235834124724, 1.0)",1,99.8751585537749,3132
"(0.944563492063492, 1.0)",1,99.87514807080096,3133
"(0.9583930063253372, 1.0)",1,99.87503587564676,3134
"(0.9581458989353726, 1.0)",1,99.87499511677645,3135
"(0.9445235834124724, 1.0)",1,99.8749288805235,3136
"(0.9303715638302106, 1.0)",1,99.87491531407883,3137
"(0.9584987529902784, 1.0)",1,99.87490431113,3138
"(0.9584987529902784, 1.0)",1,99.87483611272047,3139
"(0.9441792447111594, 1.0)",2,99.87483383023208,3141
"(0.9441792447111594, 1.0)",1,99.87482379619686,3142
"(0.9437903841498612, 1.0)",1,99.87476014494344,3143
"(0.9720813204508856, 1.0)",2,99.87469754166202,3145
"(0.9299507899507898, 1.0)",1,99.87453060236328,3146
"(0.9445235834124724, 1.0)",2,99.87444496967078,3148
"(0.9437903841498612, 1.0)",1,99.8743793901806,3149
"(0.9441792447111594, 1.0)",1,99.87427195148616,3150
"(0.9018806250259218, 1.0)",1,99.87421530788691,3151
"(0.9018806250259218, 1.0)",2,99.87417896856488,3153
"(0.9437903841498612, 1.0)",1,99.87398261255638,3154
"(0.9295946890286512, 1.0)",1,99.8738880710102,3155
"(0.9299507899507898, 1.0)",1,99.87363411027346,3156
"(0.9009287520039462, 1.0)",1,99.87319075622084,3157
"(0.9009287520039462, 1.0)",1,99.87309087084836,3158
"(0.8703703703703703, 1.0)",7,99.87037037037037,3165
"(0.8697983697983697, 1.0)",4,99.86979836979836,3169
"(0.9497171590194848, 1.0)",1,99.86810923530628,3170
"(0.868077055383557, 1.0)",2,99.86807705538357,3172
"(1.0, 1.0)",1,99.86790089100744,3173
"(0.8845578466141503, 1.0)",4,99.86788075676633,3177
"(1.0, 1.0)",3,99.86778386778388,3180
"(1.0, 1.0)",1,99.86765501533988,3181
"(0.9009534009534008, 1.0)",5,99.86759922125776,3186
"(1.0, 1.0)",1,99.86759922125776,3187
"(0.9665831244778612, 1.0)",2,99.86738570942678,3189
"(0.917415489944373, 1.0)",1,99.86738422040092,3190
"(0.917469251615593, 1.0)",1,99.86737528624565,3191
"(0.9665831244778612, 1.0)",1,99.86737528624565,3192
"(1.0, 1.0)",1,99.86737528624565,3193
"(0.8840455840455841, 1.0)",2,99.86736849419776,3195
"(1.0, 1.0)",1,99.86736849419776,3196
"(0.9833229101521784, 1.0)",1,99.86735757467466,3197
"(1.0, 1.0)",1,99.86735757467466,3198
"(0.917415489944373, 1.0)",1,99.86735443988331,3199
"(0.934122934122934, 1.0)",2,99.86735187890515,3201
"(1.0, 1.0)",1,99.86734764783546,3202
"(0.8840048840048841, 1.0)",2,99.86732779415706,3204
"(0.934122934122934, 1.0)",1,99.86728918307864,3205
"(0.9665831244778612, 1.0)",1,99.86728495200896,3206
"(0.9666562434855118, 1.0)",1,99.86704190118824,3207
"(0.9333333333333332, 1.0)",1,99.86701212067068,3208
"(0.9833229101521784, 1.0)",1,99.8670080706666,3209
"(1.0, 1.0)",2,99.86700150326874,3211
"(0.9169719169719168, 1.0)",2,99.86694064742844,3213
"(0.8666666666666667, 1.0)",1,99.86666666666667,3214
"(0.9326599326599326, 1.0)",1,99.8666361606625,3215
"(0.9333333333333332, 1.0)",3,99.86662497394204,3218
"(0.9833229101521784, 1.0)",1,99.86662497394204,3219
"(0.9333333333333332, 1.0)",2,99.86662497394204,3221
"(0.9833229101521784, 1.0)",1,99.86660412757972,3222
"(0.9166145507608924, 1.0)",1,99.86658328121744,3223
"(0.9499687304565352, 1.0)",7,99.86658328121744,3230
"(0.8832603710652491, 1.0)",16,99.86658328121744,3246
"(0.9666562434855118, 1.0)",1,99.8665727012967,3247
"(0.9333333333333332, 1.0)",2,99.86656227811557,3249
"(0.9665831244778612, 1.0)",1,99.86654143175323,3250
"(0.9499687304565352, 1.0)",1,99.86654143175323,3251
"(0.9833229101521784, 1.0)",1,99.86652058539092,3252
"(0.9499358151476252, 1.0)",1,99.86649809326316,3253
"(0.9666666666666668, 1.0)",1,99.86647873592676,3254
"(0.9666562434855118, 1.0)",1,99.8664683127456,3255
"(0.9665831244778612, 1.0)",2,99.86645788956444,3257
"(0.9331662489557224, 1.0)",3,99.86645788956444,3260
"(0.9331662489557224, 1.0)",1,99.86642497425552,3261
"(0.8997493734335841, 1.0)",1,99.86641604010023,3262
"(0.9331094582012576, 1.0)",1,99.86640109880996,3263
"(0.9331662489557224, 1.0)",2,99.86639519373794,3265
"(1.0, 1.0)",2,99.86639519373794,3267
"(0.8997493734335841, 1.0)",1,99.86639519373794,3268
"(0.8663324979114452, 1.0)",2,99.86633249791144,3270
"(0.9665831244778612, 1.0)",1,99.86633249791144,3271
"(0.8997493734335841, 1.0)",9,99.86633249791144,3280
"(1.0, 1.0)",1,99.86633249791144,3281
"(0.9499687304565352, 1.0)",3,99.86633170978038,3284
"(1.0, 1.0)",1,99.86630698212248,3285
"(0.9833229101521784, 1.0)",1,99.86630698212248,3286
"(0.9833229101521784, 1.0)",1,99.86627943713503,3287
"(0.9665831244778612, 1.0)",2,99.86627570715696,3289
"(0.9497171590194846, 1.0)",1,99.86626901395388,3290
"(0.9833229101521784, 1.0)",1,99.86626901395388,3291
"(0.9331662489557224, 1.0)",1,99.86626310888184,3292
"(0.9161952650324744, 1.0)",1,99.86618484185132,3293
"(0.9161952650324744, 1.0)",1,99.86617441867016,3294
"(0.9161952650324744, 1.0)",1,99.86616399548902,3295
"(0.9833229101521784, 1.0)",1,99.86614952737293,3296
"(0.9497171590194848, 1.0)",1,99.8661369290978,3297
"(0.9161952650324744, 1.0)",6,99.86610129966252,3303
"(0.9497171590194848, 1.0)",1,99.86609056152447,3304
"(0.9666562434855118, 1.0)",1,99.86609056152447,3305
"(0.916104916104916, 1.0)",4,99.86607364656146,3309
"(0.9665831244778612, 1.0)",1,99.86601744251683,3310
"(0.9506533178503804, 1.0)",2,99.86599723319428,3312
"(1.0, 1.0)",1,99.86599723319428,3313
"(0.882673371045464, 1.0)",5,99.86599628119764,3318
"(0.9333333333333332, 1.0)",1,99.86599326599328,3319
"(0.9665831244778612, 1.0)",1,99.86597922636972,3320
"(0.9499687304565352, 1.0)",3,99.86595157326865,3323
"(0.9326599326599326, 1.0)",5,99.86595157326865,3328
"(0.9833229101521784, 1.0)",1,99.86592179275108,3329
"(0.9497171590194846, 1.0)",1,99.86591242405196,3330
"(0.9161952650324744, 1.0)",1,99.86591242405196,3331
"(0.9326599326599326, 1.0)",1,99.86589930062333,3332
"(0.9326599326599326, 1.0)",2,99.86588887744216,3334
"(0.9326599326599326, 1.0)",1,99.86582618161566,3335
"(0.9665831244778612, 1.0)",1,99.86582618161566,3336
"(0.9331094582012576, 1.0)",1,99.8657693908612,3337
"(0.9326599326599326, 1.0)",1,99.8657693908612,3338
"(0.9326599326599326, 1.0)",3,99.8657000018316,3341
"(0.9833229101521784, 1.0)",1,99.86563571929426,3342
"(0.898989898989899, 1.0)",2,99.86563571929426,3344
"(0.898989898989899, 1.0)",4,99.86557302346776,3348
"(0.9326599326599326, 1.0)",3,99.86550173071352,3351
"(0.9666666666666668, 1.0)",7,99.86533349216276,3358
"(0.9326599326599326, 1.0)",5,99.86531986531986,3363
"(0.9153439153439152, 1.0)",1,99.86531264580046,3364
"(0.94993894993895, 1.0)",3,99.86528286528286,3367
"(0.9497171590194846, 1.0)",1,99.86527015929649,3368
"(0.9153439153439156, 1.0)",2,99.86524994997396,3370
"(0.9665831244778612, 1.0)",1,99.86524994997396,3371
"(0.9153439153439152, 1.0)",1,99.86524994997396,3372
"(0.8651903651903651, 1.0)",2,99.86519036519036,3374
"(0.9153439153439156, 1.0)",3,99.8650610743634,3377
"(0.9153439153439152, 1.0)",6,99.8650610743634,3383
"(0.9497171590194846, 1.0)",8,99.8650610743634,3391
"(1.0, 1.0)",1,99.8650610743634,3392
"(0.8814814814814814, 1.0)",8,99.86480439163368,3400
"(0.9833229101521784, 1.0)",1,99.86480439163368,3401
"(0.8813080639167598, 1.0)",9,99.86463097406894,3410
"(0.8645971914264597, 1.0)",1,99.86459719142648,3411
"(0.8811945374355704, 1.0)",7,99.86451744758776,3418
"(0.9666562434855118, 1.0)",2,99.8643544532042,3420
"(0.8976982097186702, 1.0)",2,99.8643544532042,3422
"(0.8976982097186702, 1.0)",5,99.86434403002303,3427
"(0.9833229101521784, 1.0)",2,99.86434403002303,3429
"(0.9153439153439152, 1.0)",1,99.86431379114306,3430
"(0.8976982097186702, 1.0)",21,99.86428133419652,3451
"(0.9665831244778612, 1.0)",3,99.86428133419652,3454
"(1.0, 1.0)",1,99.86394422433472,3455
"(0.9326599326599326, 1.0)",2,99.86387686387688,3457
"(0.8635976129582268, 1.0)",14,99.86359761295824,3471
"(0.8633762288330498, 1.0)",16,99.86337622883303,3487
"(0.9665831244778612, 1.0)",1,99.86315815718449,3488
"(0.8796475392220073, 1.0)",36,99.8629704493742,3524
"(0.9833229101521784, 1.0)",9,99.8629704493742,3533
"(1.0, 1.0)",3,99.8629704493742,3536
"(0.8615866942983156, 1.0)",5,99.86158669429832,3541
"(0.9665831244778612, 1.0)",1,99.86158354889004,3542
"(0.9584987529902784, 1.0)",1,99.86121599700444,3543
"(0.9580331374974232, 1.0)",2,99.86120419756226,3545
"(1.0, 1.0)",6,99.86111111111111,3551
"(0.861111111111111, 1.0)",66,99.86111111111111,3617
"(0.9300671002153482, 1.0)",1,99.86107571148712,3618
"(0.8886514719848052, 1.0)",1,99.86090400274796,3619
"(0.9442283950617284, 1.0)",1,99.86088432146856,3620
"(0.9441792447111594, 1.0)",1,99.86086580237516,3621
"(0.9297812306740878, 1.0)",1,99.86054546491576,3622
"(0.9295946890286512, 1.0)",1,99.86043139618116,3623
"(0.9018806250259218, 1.0)",1,99.86030997067331,3624
"(0.9295946890286512, 1.0)",1,99.86019933186331,3625
"(0.9720813204508856, 1.0)",1,99.86019209133796,3626
"(0.9295946890286512, 1.0)",1,99.86017668006671,3627
"(0.9297812306740878, 1.0)",1,99.86013446718334,3628
"(0.9295946890286512, 1.0)",1,99.86005341367913,3629
"(0.9301144010060736, 1.0)",1,99.85998584457816,3630
"(0.9295946890286512, 1.0)",1,99.8597778077224,3631
"(0.9833229101521784, 1.0)",1,99.85970578653506,3632
"(0.9009287520039462, 1.0)",1,99.85922240863874,3633
"(1.0, 1.0)",1,99.85889119529492,3634
"(0.8703703703703703, 1.0)",7,99.85369328052256,3641
"(0.8533622685185187, 1.0)",1,99.85336226851852,3642
"(0.8697983697983697, 1.0)",3,99.85312127995056,3645
"(0.8692185007974482, 1.0)",1,99.85254141094964,3646
"(0.868077055383557, 1.0)",1,99.85139996553572,3647
"(1.0, 1.0)",1,99.85138768041016,3648
"(1.0, 1.0)",1,99.85120366691852,3649
"(0.8845578466141503, 1.0)",2,99.85120366691852,3651
"(0.8845578466141503, 1.0)",1,99.851140971092,3652
"(0.851037851037851, 1.0)",2,99.85103785103786,3654
"(0.9009534009534008, 1.0)",2,99.85092213140992,3656
"(0.9009534009534008, 1.0)",1,99.85085943558344,3657
"(0.9333333333333332, 1.0)",1,99.85077917760844,3658
"(0.8840455840455841, 1.0)",1,99.85071225071223,3659
"(1.0, 1.0)",2,99.85071225071223,3661
"(0.917415489944373, 1.0)",1,99.85070713055308,3662
"(1.0, 1.0)",5,99.85069140434994,3667
"(0.934122934122934, 1.0)",1,99.85067478905734,3668
"(0.9009534009534008, 1.0)",1,99.85067055997288,3669
"(0.8840048840048841, 1.0)",1,99.85065070430925,3670
"(0.917415489944373, 1.0)",2,99.8506444347266,3672
"(0.8840455840455841, 1.0)",2,99.85062870852344,3674
"(0.9665831244778612, 1.0)",1,99.85061778900032,3675
"(0.9331094582012576, 1.0)",1,99.85055530247637,3676
"(1.0, 1.0)",2,99.85052457984789,3678
"(0.917469251615593, 1.0)",1,99.85050932078724,3679
"(0.9331094582012576, 1.0)",1,99.85048837558016,3680
"(0.9666562434855118, 1.0)",1,99.8504758102916,3681
"(0.9665831244778612, 1.0)",1,99.8504505150772,3682
"(0.9497171590194848, 1.0)",1,99.85041898655058,3683
"(0.9333333333333332, 1.0)",1,99.85037523452158,3684
"(0.9003556829643787, 1.0)",1,99.85026171759442,3685
"(0.9169719169719168, 1.0)",2,99.85020086175412,3687
"(0.9665831244778612, 1.0)",2,99.85013816592765,3689
"(0.9326599326599326, 1.0)",1,99.85004877687804,3690
"(0.9333333333333332, 1.0)",7,99.84994788409423,3697
"(0.9833229101521784, 1.0)",1,99.84992703773192,3698
"(0.9161952650324744, 1.0)",1,99.84991425606852,3699
"(0.9499687304565352, 1.0)",1,99.8499061913696,3700
"(0.9166145507608924, 1.0)",1,99.8499061913696,3701
"(0.9166145507608922, 1.0)",1,99.8499061913696,3702
"(0.8832603710652491, 1.0)",1,99.8499061913696,3703
"(0.9506533178503804, 1.0)",1,99.84989637498818,3704
"(0.9333333333333332, 1.0)",2,99.84988518826772,3706
"(0.9833229101521784, 1.0)",1,99.84986434190544,3707
"(0.9665831244778612, 1.0)",1,99.84986434190542,3708
"(0.9166145507608924, 1.0)",1,99.84985391872426,3709
"(0.9665831244778612, 1.0)",1,99.84984349554313,3710
"(1.0, 1.0)",3,99.84984349554313,3713
"(0.9333333333333332, 1.0)",1,99.84982249244123,3714
"(0.9331662489557224, 1.0)",1,99.84980164607892,3715
"(1.0, 1.0)",1,99.8497807997166,3716
"(0.9665831244778612, 1.0)",1,99.8497807997166,3717
"(0.9166145507608924, 1.0)",1,99.8497807997166,3718
"(0.94993894993895, 1.0)",1,99.84976144238018,3719
"(0.9833229101521784, 1.0)",2,99.84971810389013,3721
"(0.9331662489557224, 1.0)",1,99.8496851885812,3722
"(0.9497171590194848, 1.0)",1,99.84967546629488,3723
"(0.9666562434855118, 1.0)",2,99.8496650431137,3725
"(1.0, 1.0)",1,99.84965540806364,3726
"(0.8997493734335841, 1.0)",2,99.84965540806364,3728
"(0.9331662489557224, 1.0)",1,99.84965540806364,3729
"(0.9833229101521784, 1.0)",1,99.84962989227466,3730
"(0.9833229101521784, 1.0)",2,99.84959192410606,3732
"(0.9331662489557224, 1.0)",1,99.84958601903404,3733
"(0.933249791144528, 1.0)",1,99.84955007464188,3734
"(0.9665831244778612, 1.0)",1,99.84955007464188,3735
"(0.9164652836623464, 1.0)",1,99.849505352834,3736
"(0.9833229101521784, 1.0)",1,99.84948961976755,3737
"(0.9161952650324744, 1.0)",2,99.8494869056412,3739
"(0.9833229101521784, 1.0)",2,99.8494724375251,3741
"(0.933096859926128, 1.0)",1,99.84947026243113,3742
"(0.8997493734335841, 1.0)",1,99.84946653245306,3743
"(0.9497171590194848, 1.0)",1,99.84945983924996,3744
"(0.9161952650324744, 1.0)",2,99.849445056177,3746
"(0.9665831244778612, 1.0)",1,99.84942756573052,3747
"(0.9161952650324744, 1.0)",1,99.84942420981469,3748
"(0.916104916104916, 1.0)",1,99.84941740307592,3749
"(0.9666562434855118, 1.0)",1,99.84941347167666,3750
"(0.916104916104916, 1.0)",5,99.84939655671364,3755
"(0.9161952650324744, 1.0)",1,99.8493615139882,3756
"(0.9665831244778612, 1.0)",1,99.849340352669,3757
"(0.9497171590194846, 1.0)",2,99.849340352669,3759
"(0.882673371045464, 1.0)",1,99.84932961453096,3760
"(0.9506533178503804, 1.0)",1,99.84932014334647,3761
"(0.882673371045464, 1.0)",1,99.84931919134982,3762
"(0.9166145507608924, 1.0)",3,99.84927448342084,3765
"(0.9326599326599326, 1.0)",5,99.84927448342084,3770
"(0.9499687304565352, 1.0)",2,99.84927448342084,3772
"(0.882673371045464, 1.0)",6,99.84925649552332,3778
"(0.9161952650324744, 1.0)",2,99.84923533420414,3780
"(0.9666562434855118, 1.0)",1,99.84922221077548,3781
"(0.9331094582012576, 1.0)",2,99.84921437430616,3783
"(0.9499687304565352, 1.0)",1,99.84921178759431,3784
"(0.9326599326599326, 1.0)",2,99.84921178759431,3786
"(1.0, 1.0)",5,99.84919183166993,3791
"(0.8491514770584537, 1.0)",3,99.84915147705846,3794
"(0.9326599326599326, 1.0)",1,99.84914909176784,3795
"(0.916104916104916, 1.0)",1,99.84914498527658,3796
"(0.898989898989899, 1.0)",1,99.84897947580876,3797
"(0.9665831244778612, 1.0)",1,99.84896021615728,3798
"(1.0, 1.0)",1,99.84896021615728,3799
"(0.898989898989899, 1.0)",1,99.84895862944644,3800
"(0.898989898989899, 1.0)",1,99.84889593361994,3801
"(0.9326599326599326, 1.0)",1,99.84885519769242,3802
"(0.9161952650324744, 1.0)",3,99.84885519769242,3805
"(0.9666666666666668, 1.0)",1,99.84884997567924,3806
"(0.9833229101521784, 1.0)",1,99.84876505608212,3807
"(0.9499687304565352, 1.0)",1,99.84876505608212,3808
"(0.916104916104916, 1.0)",2,99.84876484876484,3810
"(0.9326599326599326, 1.0)",2,99.84876484876484,3812
"(0.898989898989899, 1.0)",3,99.84870705800938,3815
"(0.9153439153439152, 1.0)",1,99.84865640231492,3816
"(0.8653198653198653, 1.0)",1,99.84864277547204,3817
"(0.9326599326599326, 1.0)",2,99.84864277547204,3819
"(0.8762860082304527, 1.0)",1,99.84863575159083,3820
"(0.9499687304565352, 1.0)",3,99.84863555595264,3823
"(0.9153439153439152, 1.0)",1,99.84858328330728,3824
"(0.9153439153439156, 1.0)",2,99.84857286012613,3826
"(0.8762860082304527, 1.0)",3,99.8485677542622,3829
"(0.8651903651903651, 1.0)",6,99.84851327534254,3835
"(1.0, 1.0)",1,99.84851327534254,3836
"(0.9833229101521784, 1.0)",2,99.84851327534254,3838
"(0.9153439153439152, 1.0)",1,99.84851016429964,3839
"(0.933096859926128, 1.0)",1,99.84844077527003,3840
"(0.9153439153439152, 1.0)",1,99.84838398451558,3841
"(0.9497171590194846, 1.0)",5,99.84838398451558,3846
"(0.9833229101521784, 1.0)",4,99.84837928676184,3850
"(0.8976982097186702, 1.0)",2,99.84835152756904,3852
"(0.9665831244778612, 1.0)",1,99.84812892264306,3853
"(0.8814814814814814, 1.0)",3,99.84812730178584,3856
"(0.8976982097186702, 1.0)",1,99.84809429060256,3857
"(0.8814814814814814, 1.0)",2,99.84806460595934,3859
"(0.9833229101521784, 1.0)",3,99.84802030426134,3862
"(0.9326599326599326, 1.0)",2,99.84800384800386,3864
"(0.9153439153439156, 1.0)",4,99.84800384800386,3868
"(0.9153439153439152, 1.0)",3,99.84800384800386,3871
"(0.8813080639167598, 1.0)",1,99.84795388422113,3872
"(0.9833229101521784, 1.0)",1,99.84792406877966,3873
"(0.8813080639167598, 1.0)",2,99.8478911883946,3875
"(0.9665831244778612, 1.0)",1,99.8478911883946,3876
"(0.9833229101521784, 1.0)",2,99.84784035773993,3878
"(0.8811945374355704, 1.0)",1,99.84777766191344,3879
"(0.944563492063492, 1.0)",1,99.84775817171608,3880
"(0.9666666666666668, 1.0)",1,99.8476877865375,3881
"(1.0, 1.0)",1,99.8476877865375,3882
"(0.8976982097186702, 1.0)",2,99.84767736335635,3884
"(0.8976982097186702, 1.0)",3,99.8476669401752,3887
"(0.9499687304565352, 1.0)",1,99.8476669401752,3888
"(0.9833229101521784, 1.0)",1,99.8476669401752,3889
"(0.94993894993895, 1.0)",1,99.84763715965762,3890
"(0.8476190476190477, 1.0)",17,99.84761904761903,3907
"(0.9833229101521784, 1.0)",1,99.8476042443487,3908
"(0.8976982097186702, 1.0)",8,99.8476042443487,3916
"(0.930704099821747, 1.0)",1,99.84752959610212,3917
"(0.9497171590194848, 1.0)",1,99.84741536873815,3918
"(1.0, 1.0)",1,99.84741536873815,3919
"(0.9497171590194846, 1.0)",8,99.84741536873815,3927
"(0.8976982097186702, 1.0)",10,99.84741536873815,3937
"(0.944563492063492, 1.0)",2,99.84740225631695,3939
"(0.944563492063492, 1.0)",1,99.84730347203552,3940
"(0.958422459893048, 1.0)",1,99.84728076464567,3941
"(0.9581458989353726, 1.0)",2,99.84719592402864,3943
"(0.944563492063492, 1.0)",1,99.84705559324016,3944
"(0.944563492063492, 1.0)",1,99.84703362868768,3945
"(0.944563492063492, 1.0)",1,99.8470294146097,3946
"(0.8887202421952387, 1.0)",1,99.84702352383968,3947
"(1.0, 1.0)",1,99.84692098305256,3948
"(0.8635976129582268, 1.0)",13,99.8469205231104,3961
"(0.8468951683237397, 1.0)",9,99.84689516832374,3970
"(0.9441792447111594, 1.0)",1,99.84687980674234,3971
"(0.9300671002153482, 1.0)",1,99.84686938183364,3972
"(0.9441792447111594, 1.0)",1,99.84681301055248,3973
"(0.9303715638302106, 1.0)",1,99.84676305833165,3974
"(0.8467532467532467, 1.0)",9,99.84675324675324,3983
"(0.9303715638302106, 1.0)",1,99.84674626626264,3984
"(0.8633762288330498, 1.0)",15,99.84669913898524,3999
"(0.9833229101521784, 1.0)",1,99.84669913898524,4000
"(0.8796475392220073, 1.0)",2,99.84668050625496,4002
"(0.9720813204508856, 1.0)",1,99.84665227732444,4003
"(0.9018806250259218, 1.0)",1,99.84663594280757,4004
"(0.944563492063492, 1.0)",2,99.8465669449598,4006
"(1.0, 1.0)",2,99.84656084656083,4008
"(0.944563492063492, 1.0)",1,99.84641071185531,4009
"(0.9666666666666668, 1.0)",2,99.84631420588867,4011
"(0.8796475392220073, 1.0)",3,99.84631420588867,4014
"(0.9442283950617284, 1.0)",1,99.84631190016444,4015
"(0.8796475392220073, 1.0)",1,99.84630378270752,4016
"(0.9833229101521784, 1.0)",2,99.84629335952636,4018
"(0.8796475392220073, 1.0)",15,99.84629335952636,4033
"(1.0, 1.0)",2,99.84629335952636,4035
"(0.9665831244778612, 1.0)",2,99.84623066369988,4037
"(0.8796475392220073, 1.0)",20,99.84623066369988,4057
"(1.0, 1.0)",1,99.84623066369988,4058
"(0.8879787907565686, 1.0)",1,99.8462219690232,4059
"(0.901575014782562, 1.0)",1,99.84613850684605,4060
"(0.901575014782562, 1.0)",1,99.84604908053012,4061
"(0.9158007932517735, 1.0)",1,99.84604599227984,4062
"(0.944563492063492, 1.0)",2,99.84600721255067,4064
"(0.9299160159815896, 1.0)",1,99.84576490878796,4065
"(0.9497171590194846, 1.0)",1,99.84572651126987,4066
"(0.9584987529902784, 1.0)",1,99.84554311189444,4067
"(0.9009287520039462, 1.0)",2,99.84534340161152,4069
"(0.9009287520039462, 1.0)",1,99.84502668136504,4070
"(0.844988344988345, 1.0)",26,99.84498834498834,4096
"(0.8615866942983156, 1.0)",8,99.84490960445048,4104
"(1.0, 1.0)",3,99.84443402126328,4107
"(0.861111111111111, 1.0)",51,99.84443402126328,4158
"(0.9833229101521784, 1.0)",4,99.84443402126328,4162
"(0.9497171590194846, 1.0)",1,99.84438200170077,4163
"(0.8420013166556946, 1.0)",44,99.8420013166557,4207
"(0.8420013166556947, 1.0)",15,99.8420013166557,4222
"(1.0, 1.0)",1,99.8420013166557,4223
"(1.0, 1.0)",3,99.83954016959524,4226
"(0.8533622685185187, 1.0)",2,99.839529609949,4228
"(0.917849761232425, 1.0)",1,99.83791003331297,4229
"(0.837707400507675, 1.0)",22,99.83770740050768,4251
"(1.0, 1.0)",2,99.83747276688452,4253
"(0.8372053872053872, 1.0)",1,99.8372053872054,4254
"(0.8703703703703703, 1.0)",1,99.83701619067472,4255
"(0.8703703703703703, 1.0)",1,99.83695349484825,4256
"(0.8697983697983697, 1.0)",1,99.83644419010272,4257
"(0.9499687304565352, 1.0)",1,99.83625927632156,4258
"(0.8697983697983697, 1.0)",1,99.83599434754764,4259
"(0.9333333333333332, 1.0)",1,99.8352741757776,4260
"(0.8845578466141503, 1.0)",1,99.83521116446454,4261
"(1.0, 1.0)",1,99.83505142650738,4262
"(0.8349489264123411, 1.0)",17,99.83494892641234,4279
"(0.9665831244778612, 1.0)",5,99.83475355054304,4284
"(0.868077055383557, 1.0)",3,99.83472287568792,4287
"(0.9833229101521784, 1.0)",1,99.83467805553366,4288
"(1.0, 1.0)",1,99.83459827630948,4289
"(0.8845578466141503, 1.0)",2,99.83452657707068,4291
"(0.8845578466141503, 1.0)",1,99.8344967965531,4292
"(0.8845578466141503, 1.0)",2,99.8344638812442,4294
"(0.8845578466141503, 1.0)",1,99.83427500563364,4295
"(0.9009534009534008, 1.0)",2,99.83424504156211,4297
"(0.8341307814992026, 1.0)",2,99.8341307814992,4299
"(0.9333333333333332, 1.0)",1,99.83404508770364,4300
"(0.9333333333333332, 1.0)",1,99.83403939193413,4301
"(0.917469251615593, 1.0)",1,99.83402110654998,4302
"(1.0, 1.0)",2,99.834003394979,4304
"(0.8840048840048841, 1.0)",2,99.83397361446144,4306
"(0.917415489944373, 1.0)",1,99.83388077360672,4307
"(0.8997493734335841, 1.0)",1,99.83387230755652,4308
"(0.9833229101521784, 1.0)",1,99.83384749000008,4309
"(0.9665831244778612, 1.0)",1,99.83374612777246,4310
"(0.9497171590194848, 1.0)",2,99.83374189670276,4312
"(0.9331662489557224, 1.0)",1,99.83372560143614,4313
"(0.9583930063253372, 1.0)",1,99.83365175044544,4314
"(0.930704099821747, 1.0)",1,99.83361065552434,4315
"(0.9331662489557228, 1.0)",1,99.83354148347728,4316
"(0.917469251615593, 1.0)",1,99.83345209442771,4317
"(0.8333333333333334, 1.0)",1,99.83333333333334,4318
"(0.882673371045464, 1.0)",1,99.83332668889584,4319
"(0.8666666666666667, 1.0)",1,99.83331248697102,4320
"(0.930704099821747, 1.0)",1,99.833310344571,4321
"(0.9333333333333332, 1.0)",1,99.8332916406087,4322
"(0.9581458989353726, 1.0)",1,99.83328370106068,4323
"(0.9833229101521784, 1.0)",1,99.8332707942464,4324
"(0.9666562434855118, 1.0)",1,99.83326037106524,4325
"(0.8666666666666667, 1.0)",1,99.83324979114452,4326
"(0.9161952650324744, 1.0)",5,99.83324758940188,4331
"(0.9499687304565352, 1.0)",1,99.8332291015218,4332
"(0.9166145507608924, 1.0)",2,99.83322910152178,4334
"(0.944563492063492, 1.0)",1,99.83322158096637,4335
"(0.9666562434855118, 1.0)",1,99.83319767523876,4336
"(0.9333333333333332, 1.0)",1,99.833175183111,4337
"(0.8832603710652491, 1.0)",1,99.8331664056953,4338
"(0.9166145507608924, 1.0)",1,99.8331664056953,4339
"(0.9666562434855118, 1.0)",1,99.83311413304996,4340
"(0.9499687304565352, 1.0)",1,99.8331037098688,4341
"(0.9303715638302106, 1.0)",1,99.83309246690764,4342
"(0.9333333333333332, 1.0)",2,99.83308270676692,4344
"(0.8997493734335841, 1.0)",1,99.8330618604046,4345
"(0.8997493734335841, 1.0)",1,99.8330410140423,4346
"(0.9331662489557224, 1.0)",1,99.8330410140423,4347
"(0.9833229101521784, 1.0)",1,99.8330410140423,4348
"(0.9442283950617284, 1.0)",1,99.8330263566538,4349
"(0.9441792447111594, 1.0)",2,99.8330002841054,4351
"(0.9499687304565352, 1.0)",1,99.83299837644704,4352
"(0.8832603710652491, 1.0)",1,99.83297753008472,4353
"(0.9441792447111594, 1.0)",1,99.83294401266092,4354
"(0.930124456440246, 1.0)",1,99.8329312710074,4355
"(0.94993894993895, 1.0)",1,99.83292302190924,4356
"(1.0, 1.0)",1,99.83291562238932,4357
"(0.8329156223893065, 1.0)",46,99.83291562238932,4403
"(0.9499687304565352, 1.0)",1,99.83291483425825,4404
"(0.9445235834124724, 1.0)",1,99.83285946845407,4405
"(0.9300671002153482, 1.0)",1,99.8328555554944,4406
"(0.9161952650324744, 1.0)",1,99.832851508518,4407
"(0.9506533178503804, 1.0)",1,99.83283662686296,4408
"(0.9161952650324744, 1.0)",5,99.83280981579335,4413
"(0.9442283950617284, 1.0)",1,99.8328048390302,4414
"(0.9833229101521784, 1.0)",1,99.83278975961905,4415
"(0.8997493734335841, 1.0)",1,99.83278944260525,4416
"(0.9506533178503804, 1.0)",1,99.83277255362816,4417
"(0.9333333333333332, 1.0)",1,99.83276765137232,4418
"(0.9161952650324744, 1.0)",1,99.83274711996688,4419
"(0.9299507899507898, 1.0)",1,99.83273292744916,4420
"(0.9333333333333332, 1.0)",1,99.8327294352252,4421
"(0.9166145507608924, 1.0)",1,99.8327194668658,4422
"(0.916104916104916, 1.0)",1,99.8327194668658,4423
"(0.9833229101521784, 1.0)",1,99.8326961781301,4424
"(0.9161952650324744, 1.0)",1,99.83268442414038,4425
"(0.933249791144528, 1.0)",1,99.8326841091835,4426
"(0.944073617452092, 1.0)",1,99.83268012323002,4427
"(0.9833229101521784, 1.0)",1,99.8326632628212,4428
"(0.9331662489557224, 1.0)",1,99.8326538673137,4429
"(0.9299160159815896, 1.0)",1,99.83260305912437,4430
"(0.9326599326599326, 1.0)",1,99.832597393573,4431
"(0.882673371045464, 1.0)",5,99.8325794056755,4436
"(0.9437903841498612, 1.0)",1,99.83257807670196,4437
"(0.9580331374974232, 1.0)",1,99.8325664893976,4438
"(0.9497171590194848, 1.0)",1,99.83255824435632,4439
"(0.9497171590194848, 1.0)",1,99.8325311779651,4440
"(1.0, 1.0)",1,99.83251474182212,4441
"(0.933249791144528, 1.0)",1,99.83249284828231,4442
"(0.9299507899507898, 1.0)",2,99.8324928401159,4444
"(0.8491514770584537, 1.0)",1,99.83247438721062,4445
"(0.882673371045464, 1.0)",1,99.83239053006494,4446
"(0.9497171590194848, 1.0)",1,99.83236268736462,4447
"(0.9441792447111594, 1.0)",1,99.83232581604872,4448
"(0.9497171590194848, 1.0)",1,99.83228312630943,4449
"(0.9665831244778612, 1.0)",1,99.83228312630943,4450
"(0.9584987529902784, 1.0)",1,99.83220447769438,4451
"(0.9161952650324744, 1.0)",1,99.83217810784458,4452
"(0.8880984643179766, 1.0)",1,99.83216005435702,4453
"(0.898989898989899, 1.0)",1,99.83215614794562,4454
"(0.9331094582012576, 1.0)",1,99.83209935719115,4455
"(0.916104916104916, 1.0)",2,99.83208775891704,4457
"(0.9833229101521784, 1.0)",1,99.83205603455178,4458
"(0.901575014782562, 1.0)",1,99.83200955956411,4459
"(0.9153439153439156, 1.0)",1,99.83200015882944,4460
"(0.9331094582012576, 1.0)",1,99.83196985706168,4461
"(0.9666562434855118, 1.0)",1,99.83196888928596,4462
"(0.8653198653198653, 1.0)",3,99.83196568562424,4465
"(0.9153439153439156, 1.0)",1,99.83191661664064,4466
"(0.9665831244778612, 1.0)",1,99.83190298979773,4467
"(1.0, 1.0)",2,99.83189577027832,4469
"(0.9153439153439156, 1.0)",1,99.83189577027832,4470
"(0.9506533178503804, 1.0)",1,99.83184785528596,4471
"(0.9833229101521784, 1.0)",1,99.83183618549472,4472
"(0.8651903651903651, 1.0)",2,99.83183618549472,4474
"(1.0, 1.0)",1,99.83183307445182,4475
"(0.9665831244778612, 1.0)",1,99.83183307445182,4476
"(0.9665831244778612, 1.0)",1,99.83177348966822,4477
"(0.8651903651903651, 1.0)",3,99.83177348966822,4480
"(0.9497171590194846, 1.0)",1,99.83172710399027,4481
"(0.9497171590194848, 1.0)",1,99.83172710399027,4482
"(0.9833229101521784, 1.0)",1,99.83167829463916,4483
"(0.8316498316498316, 1.0)",1,99.83164983164984,4484
"(0.9008627640703112, 1.0)",1,99.83154722818026,4485
"(0.9161952650324744, 1.0)",5,99.83153918037638,4490
"(0.8814814814814814, 1.0)",4,99.83145021193802,4494
"(0.916104916104916, 1.0)",1,99.83144883144882,4495
"(0.9153439153439156, 1.0)",2,99.83144883144882,4497
"(0.94993894993895, 1.0)",2,99.83142043142044,4499
"(0.8814814814814814, 1.0)",6,99.83138751611152,4505
"(0.9497171590194846, 1.0)",2,99.83134696747857,4507
"(0.9833229101521784, 1.0)",1,99.83132675815602,4508
"(0.9326599326599326, 1.0)",4,99.83132675815602,4512
"(0.8814814814814814, 1.0)",2,99.83119864050096,4514
"(0.8813080639167598, 1.0)",1,99.83102522293623,4515
"(0.8976982097186702, 1.0)",1,99.8310106966897,4516
"(0.8976982097186702, 1.0)",3,99.83098985032738,4519
"(0.933249791144528, 1.0)",3,99.8309480008632,4522
"(0.8476190476190477, 1.0)",2,99.83094195777124,4524
"(0.944563492063492, 1.0)",2,99.83092842342842,4526
"(0.8976982097186702, 1.0)",8,99.83092715450088,4534
"(0.8811945374355704, 1.0)",1,99.83091169645505,4535
"(0.9326599326599326, 1.0)",1,99.83088282067295,4536
"(0.8976982097186702, 1.0)",7,99.8308644586744,4543
"(0.9665831244778612, 1.0)",1,99.8308644586744,4544
"(0.8976982097186702, 1.0)",1,99.83073827889034,4545
"(0.9833229101521784, 1.0)",1,99.83073827889034,4546
"(0.8307349903094585, 1.0)",1,99.83073499030944,4547
"(0.9153439153439152, 1.0)",2,99.83068783068782,4549
"(0.9009287520039462, 1.0)",2,99.8305234410326,4551
"(0.9295946890286512, 1.0)",2,99.83050804582436,4553
"(0.9326599326599326, 1.0)",5,99.8303581423786,4558
"(0.8976982097186702, 1.0)",3,99.8303581423786,4561
"(0.8635976129582268, 1.0)",2,99.83025385644372,4563
"(0.8635976129582268, 1.0)",4,99.83024343326258,4567
"(0.9833229101521784, 1.0)",1,99.83021807847592,4568
"(0.8468951683237397, 1.0)",14,99.83021807847592,4582
"(0.8635976129582268, 1.0)",1,99.83018073743608,4583
"(0.9833229101521784, 1.0)",3,99.83007615690542,4586
"(0.8467532467532467, 1.0)",5,99.83007615690542,4591
"(0.8633762288330498, 1.0)",1,99.83003247231856,4592
"(0.8300265307680562, 1.0)",2,99.83002653076804,4594
"(0.8633762288330498, 1.0)",3,99.8300220491374,4597
"(0.8796475392220073, 1.0)",2,99.83000341640717,4599
"(0.9009287520039462, 1.0)",1,99.82997839670972,4600
"(0.8633762288330498, 1.0)",1,99.82995935331093,4601
"(0.9665831244778612, 1.0)",1,99.82995935331093,4602
"(1.0, 1.0)",1,99.82980397748884,4603
"(0.9666666666666668, 1.0)",2,99.82963711604086,4605
"(0.8796475392220073, 1.0)",1,99.8296266928597,4606
"(0.8796475392220073, 1.0)",3,99.82961626967854,4609
"(0.9833229101521784, 1.0)",1,99.82961626967854,4610
"(0.94993894993895, 1.0)",3,99.82958648916096,4613
"(0.8796475392220073, 1.0)",1,99.82958648916096,4614
"(0.8295839885326742, 1.0)",3,99.82958398853268,4617
"(0.8796475392220073, 1.0)",3,99.82955357385204,4620
"(1.0, 1.0)",2,99.82955357385204,4622
"(0.9665831244778612, 1.0)",4,99.82955357385204,4626
"(0.8294970161977834, 1.0)",15,99.8294970161978,4641
"(0.9497171590194848, 1.0)",1,99.82936469824148,4642
"(0.8796475392220073, 1.0)",14,99.82936469824148,4656
"(0.9497171590194846, 1.0)",1,99.82936469824148,4657
"(0.8976982097186702, 1.0)",1,99.82927527742731,4658
"(0.8452611218568665, 1.0)",1,99.82858403200903,4659
"(0.844988344988345, 1.0)",17,99.82831125514052,4676
"(0.8615866942983156, 1.0)",1,99.82823251460267,4677
"(1.0, 1.0)",2,99.82801213123794,4679
"(0.9666666666666668, 1.0)",1,99.82777777777778,4680
"(0.9666562434855118, 1.0)",2,99.82776735459665,4682
"(0.861111111111111, 1.0)",10,99.82775693141546,4692
"(0.9833229101521784, 1.0)",1,99.82770491185292,4693
"(0.861111111111111, 1.0)",24,99.82769423558898,4717
"(0.9665831244778612, 1.0)",3,99.82769423558898,4720
"(1.0, 1.0)",1,99.82769423558898,4721
"(0.861111111111111, 1.0)",1,99.82730708886037,4722
"(0.9665831244778612, 1.0)",1,99.82628891101292,4723
"(0.8420013166556946, 1.0)",28,99.82532422680788,4751
"(0.8420013166556947, 1.0)",9,99.82532422680788,4760
"(0.9833229101521784, 1.0)",7,99.82532422680788,4767
"(1.0, 1.0)",2,99.82532422680788,4769
"(1.0, 1.0)",1,99.82286307974742,4770
"(0.9833229101521784, 1.0)",1,99.82286307974742,4771
"(0.8222222222222222, 1.0)",26,99.82222222222222,4797
"(1.0, 1.0)",7,99.82222222222222,4804
"(0.837707400507675, 1.0)",5,99.82103031065984,4809
"(0.9833229101521784, 1.0)",1,99.82103031065984,4810
"(0.8374727668845315, 1.0)",2,99.82079567703671,4812
"(0.8703703703703703, 1.0)",2,99.82008752938984,4814
"(0.9299507899507898, 1.0)",2,99.81976786916294,4816
"(0.930704099821747, 1.0)",1,99.8197398607589,4817
"(0.930704099821747, 1.0)",1,99.81965770866108,4818
"(0.9442283950617284, 1.0)",1,99.81960092643928,4819
"(0.9300671002153482, 1.0)",1,99.81957740582996,4820
"(0.9833229101521784, 1.0)",1,99.81957077406965,4821
"(0.8471527473990528, 1.0)",1,99.81948743026004,4822
"(0.9442283950617284, 1.0)",1,99.8194133019233,4823
"(0.8885714285714285, 1.0)",1,99.81940486442272,4824
"(0.9027777777777778, 1.0)",1,99.81934776272182,4825
"(0.9442283950617284, 1.0)",1,99.8193128427914,4826
"(0.8471527473990528, 1.0)",2,99.81923406784996,4828
"(0.9299507899507898, 1.0)",1,99.81907146752972,4829
"(0.9158007932517735, 1.0)",1,99.81897503247288,4830
"(0.9441792447111594, 1.0)",1,99.81896888288884,4831
"(0.944073617452092, 1.0)",1,99.81892335900756,4832
"(0.9442283950617284, 1.0)",1,99.8189170561172,4833
"(0.9299507899507898, 1.0)",1,99.81890026887964,4834
"(0.8880984643179766, 1.0)",2,99.81882505241327,4836
"(0.9299507899507898, 1.0)",1,99.8188121118388,4837
"(0.9295946890286512, 1.0)",1,99.8187595757532,4838
"(0.944073617452092, 1.0)",1,99.81869149815114,4839
"(0.9295946890286512, 1.0)",1,99.81868386932794,4840
"(0.9300671002153482, 1.0)",1,99.81855063605111,4841
"(0.9295946890286512, 1.0)",1,99.81849873912996,4842
"(0.9295946890286512, 1.0)",2,99.81844824927738,4844
"(0.930124456440246, 1.0)",2,99.81842556437832,4846
"(0.930124456440246, 1.0)",1,99.81840667298994,4847
"(0.9665831244778612, 1.0)",4,99.81835795161663,4851
"(0.9158007932517735, 1.0)",2,99.81835751416168,4853
"(0.8349489264123411, 1.0)",13,99.81827183656452,4866
"(0.9295946890286512, 1.0)",1,99.81822201743444,4867
"(0.9027777777777778, 1.0)",1,99.81816103470226,4868
"(0.9441792447111594, 1.0)",1,99.8181553828284,4869
"(1.0, 1.0)",1,99.8181476718062,4870
"(1.0, 1.0)",1,99.81808902598377,4871
"(0.868077055383557, 1.0)",2,99.8180457858401,4873
"(0.9303715638302106, 1.0)",1,99.81800818906186,4874
"(1.0, 1.0)",1,99.81800096568584,4875
"(0.868077055383557, 1.0)",2,99.8179830900136,4877
"(0.9665831244778612, 1.0)",1,99.81794819669852,4878
"(0.9583930063253372, 1.0)",1,99.81793420425036,4879
"(0.9833229101521784, 1.0)",1,99.8179236852564,4880
"(0.8845578466141503, 1.0)",1,99.81785991040402,4881
"(1.0, 1.0)",1,99.81785163532084,4882
"(0.8845578466141503, 1.0)",2,99.81784948722289,4884
"(0.901575014782562, 1.0)",1,99.81783506298804,4885
"(0.868077055383557, 1.0)",1,99.81779421440304,4886
"(0.8845578466141503, 1.0)",2,99.81778679139636,4888
"(0.8678757556806338, 1.0)",1,99.81778179031068,4889
"(0.9583930063253372, 1.0)",2,99.8177525429875,4891
"(0.9581458989353726, 1.0)",1,99.81770821228,4892
"(0.930124456440246, 1.0)",1,99.81769917903588,4893
"(0.8880984643179766, 1.0)",2,99.81769315334662,4895
"(0.9666666666666668, 1.0)",1,99.81764459215871,4896
"(0.901575014782562, 1.0)",1,99.81763263864562,4897
"(0.9009534009534008, 1.0)",1,99.8175679517143,4898
"(0.8341307814992026, 1.0)",3,99.81745369165138,4901
"(1.0, 1.0)",1,99.81745195358354,4902
"(0.9009534009534008, 1.0)",1,99.8174425600613,4903
"(0.9008025849489264, 1.0)",2,99.81741713570982,4905
"(0.9665831244778612, 1.0)",1,99.8173857094268,4906
"(0.9299507899507898, 1.0)",1,99.81735365898724,4907
"(0.8840048840048841, 1.0)",3,99.8172965246136,4910
"(0.9666562434855118, 1.0)",1,99.81728495200896,4911
"(0.917415489944373, 1.0)",1,99.81722755920444,4912
"(0.8840455840455841, 1.0)",1,99.81721183300132,4913
"(0.934122934122934, 1.0)",1,99.8171952177087,4914
"(1.0, 1.0)",1,99.81717390324133,4915
"(0.944073617452092, 1.0)",2,99.8171265938462,4917
"(0.917415489944373, 1.0)",1,99.8171013794204,4918
"(0.9497171590194848, 1.0)",1,99.81706480685494,4919
"(0.9506533178503804, 1.0)",1,99.81698581576184,4920
"(0.917415489944373, 1.0)",1,99.81695686997357,4921
"(0.9665831244778612, 1.0)",1,99.8168777573812,4922
"(0.9003556829643787, 1.0)",1,99.81684484207229,4923
"(0.9331094582012576, 1.0)",1,99.8167880513178,4924
"(0.8840455840455841, 1.0)",1,99.81670551670553,4925
"(0.9169719169719168, 1.0)",1,99.81665780644794,4926
"(0.9, 1.0)",1,99.8166353971232,4927
"(0.9333333333333332, 1.0)",1,99.81659370439858,4928
"(0.9158007932517735, 1.0)",1,99.81658867039656,4929
"(0.8165520116739629, 1.0)",5,99.81655201167396,4934
"(0.9, 1.0)",2,99.8165518549344,4936
"(0.9333333333333332, 1.0)",1,99.81653100857208,4937
"(0.9161952650324744, 1.0)",1,99.81651987267416,4938
"(0.9499687304565352, 1.0)",1,99.81650751988536,4939
"(0.8832603710652491, 1.0)",1,99.81648931584746,4940
"(0.9666562434855118, 1.0)",1,99.81646995851104,4941
"(0.9333333333333332, 1.0)",3,99.8164683127456,4944
"(0.9441792447111594, 1.0)",1,99.81644041280904,4945
"(0.9499687304565352, 1.0)",1,99.81642662002098,4946
"(1.0, 1.0)",1,99.81636392419448,4947
"(0.8997493734335841, 1.0)",1,99.81630122836798,4948
"(0.9499687304565352, 1.0)",1,99.81630044023692,4949
"(0.9333333333333332, 1.0)",1,99.81627943713504,4950
"(0.9499687304565352, 1.0)",1,99.816275712579,4951
"(0.8997493734335841, 1.0)",1,99.81623853254148,4952
"(0.8329156223893065, 1.0)",9,99.81623853254148,4961
"(0.9300671002153482, 1.0)",1,99.81619836660975,4962
"(0.816195709052852, 1.0)",1,99.81619570905283,4963
"(0.9665831244778612, 1.0)",1,99.81613319911972,4964
"(0.9161952650324744, 1.0)",1,99.81613272594556,4965
"(0.9506533178503804, 1.0)",1,99.81611631014265,4966
"(0.8997493734335841, 1.0)",1,99.81611235275744,4967
"(0.9161952650324744, 1.0)",1,99.81611172284369,4968
"(0.9497171590194848, 1.0)",1,99.81610565955432,4969
"(0.9161952650324744, 1.0)",1,99.81609981063664,4970
"(0.9161952650324744, 1.0)",1,99.81607003011904,4971
"(0.934122934122934, 1.0)",1,99.81604997394471,4972
"(1.0, 1.0)",1,99.8160227544053,4973
"(0.9309563801089225, 1.0)",1,99.81597880099248,4974
"(0.9665831244778612, 1.0)",1,99.815878454261,4975
"(0.9326599326599326, 1.0)",2,99.81585760789868,4977
"(0.8997493734335841, 1.0)",3,99.81585428953848,4980
"(0.916104916104916, 1.0)",1,99.81585428953848,4981
"(0.882673371045464, 1.0)",1,99.8158396200012,4982
"(0.9166145507608924, 1.0)",4,99.81574942672503,4986
"(0.8491514770584537, 1.0)",1,99.81573460153632,4987
"(0.9497171590194846, 1.0)",1,99.81573460153632,4988
"(0.882673371045464, 1.0)",4,99.81571344021712,4992
"(0.9153439153439152, 1.0)",1,99.8156995983083,4993
"(1.0, 1.0)",1,99.8156685229856,4994
"(0.9161952650324744, 1.0)",1,99.81562309128957,4995
"(0.9161952650324744, 1.0)",1,99.81550101799677,4996
"(0.916104916104916, 1.0)",1,99.8154106690692,4997
"(0.9331094582012576, 1.0)",1,99.81535382881772,4998
"(0.9833229101521784, 1.0)",1,99.81534818056,4999
"(0.882673371045464, 1.0)",1,99.8153333037054,5000
"(0.9666562434855118, 1.0)",1,99.81529179943814,5001
"(0.898989898989899, 1.0)",1,99.81529018248725,5002
"(0.8653198653198653, 1.0)",2,99.8152885957764,5004
"(0.8811945374355704, 1.0)",1,99.8152604715015,5005
"(0.8653198653198653, 1.0)",1,99.81522589994992,5006
"(0.9833229101521784, 1.0)",1,99.81521868043048,5007
"(0.898989898989899, 1.0)",1,99.81518516402238,5008
"(0.9161952650324744, 1.0)",1,99.81518516402238,5009
"(0.8651903651903651, 1.0)",1,99.8150963998204,5010
"(0.9665831244778612, 1.0)",1,99.81509328877748,5011
"(0.9666562434855118, 1.0)",1,99.8150402280011,5012
"(0.8316498316498316, 1.0)",1,99.814972741802,5013
"(0.8651903651903651, 1.0)",1,99.81490752420984,5014
"(0.9161952650324744, 1.0)",2,99.81486209052856,5016
"(0.9326599326599326, 1.0)",1,99.8148432416725,5017
"(0.8814814814814814, 1.0)",3,99.8147731220902,5020
"(0.9153439153439156, 1.0)",3,99.814771741601,5023
"(0.916104916104916, 1.0)",1,99.814771741601,5024
"(0.8976982097186702, 1.0)",1,99.81476360046828,5025
"(0.9833229101521784, 1.0)",1,99.81468994562704,5026
"(0.8476190476190477, 1.0)",1,99.814652014652,5027
"(0.9326599326599326, 1.0)",1,99.8146496683082,5028
"(0.8814814814814814, 1.0)",2,99.8146477304372,5030
"(0.9833229101521784, 1.0)",1,99.81459970452548,5031
"(0.9153439153439156, 1.0)",1,99.8145869724817,5032
"(0.8814814814814814, 1.0)",1,99.81452155065314,5033
"(0.8811945374355704, 1.0)",1,99.81436078639128,5034
"(0.898989898989899, 1.0)",1,99.81433381433382,5035
"(0.8976982097186702, 1.0)",1,99.81431276047957,5036
"(0.9166145507608924, 1.0)",3,99.81431276047957,5039
"(0.9326599326599326, 1.0)",1,99.814289741119,5040
"(0.8976982097186702, 1.0)",4,99.81425006465308,5044
"(0.8476190476190477, 1.0)",1,99.81420217209693,5045
"(0.9665831244778612, 1.0)",1,99.81418736882657,5046
"(0.8976982097186702, 1.0)",5,99.81418736882657,5051
"(0.9164652836623464, 1.0)",3,99.81416349338102,5054
"(0.9326599326599326, 1.0)",1,99.81414141414142,5055
"(0.8814814814814814, 1.0)",1,99.81414141414142,5056
"(0.9153439153439152, 1.0)",1,99.81414024096952,5057
"(0.9326599326599326, 1.0)",3,99.8140874482338,5060
"(0.8307349903094585, 1.0)",1,99.81405790046163,5061
"(0.8633762288330498, 1.0)",2,99.81402954668344,5063
"(0.9833229101521784, 1.0)",1,99.81402745972709,5064
"(0.9153439153439152, 1.0)",1,99.81401074084002,5065
"(0.9153439153439156, 1.0)",7,99.81401074084002,5072
"(1.0, 1.0)",1,99.8139679965767,5073
"(0.9161952650324744, 1.0)",2,99.81389347475114,5075
"(0.8811945374355704, 1.0)",1,99.8138544700955,5076
"(0.8137566137566138, 1.0)",20,99.8137566137566,5096
"(0.8552744708994707, 1.0)",1,99.81370527368206,5097
"(0.9326599326599326, 1.0)",9,99.81368105253078,5106
"(0.8976982097186702, 1.0)",3,99.81368105253078,5109
"(0.8976982097186702, 1.0)",1,99.8136113464874,5110
"(0.9497171590194848, 1.0)",3,99.8136113464874,5113
"(0.8468951683237397, 1.0)",3,99.81355141180924,5116
"(0.8468951683237397, 1.0)",5,99.81354098862808,5121
"(0.9833229101521784, 1.0)",1,99.81354098862808,5122
"(0.94993894993895, 1.0)",1,99.81353656289718,5123
"(0.8635976129582268, 1.0)",1,99.81350364758826,5124
"(0.8468951683237397, 1.0)",4,99.8134782928016,5128
"(0.8635976129582268, 1.0)",1,99.81331477197772,5129
"(0.8633762288330498, 1.0)",1,99.8132822634631,5130
"(0.8633762288330498, 1.0)",2,99.81309338785252,5132
"(0.9153439153439152, 1.0)",2,99.8130421250626,5134
"(0.8976982097186702, 1.0)",14,99.8130421250626,5148
"(0.8796475392220073, 1.0)",1,99.81296002619302,5149
"(0.8796475392220073, 1.0)",1,99.81293917983072,5150
"(0.933249791144528, 1.0)",3,99.81289733036654,5153
"(0.8796475392220073, 1.0)",7,99.81287648400422,5160
"(1.0, 1.0)",1,99.81287648400422,5161
"(0.8294970161977834, 1.0)",8,99.81281992634996,5169
"(0.8796475392220073, 1.0)",1,99.81281378817772,5170
"(0.933096859926128, 1.0)",1,99.81274439914812,5171
"(0.9497171590194848, 1.0)",1,99.81268760839367,5172
"(0.8796475392220073, 1.0)",6,99.81268760839367,5178
"(0.8796475392220073, 1.0)",3,99.81230747188194,5181
"(0.9161952650324744, 1.0)",1,99.81220461728286,5182
"(0.844988344988345, 1.0)",2,99.81202131202132,5184
"(0.8533622685185187, 1.0)",1,99.81195024486964,5185
"(0.893146638589877, 1.0)",1,99.81189451430984,5186
"(0.861111111111111, 1.0)",1,99.8117644289615,5187
"(0.844988344988345, 1.0)",1,99.811655011655,5188
"(0.844988344988345, 1.0)",4,99.8116341652927,5192
"(0.844988344988345, 1.0)",1,99.8115714694662,5193
"(0.8615866942983156, 1.0)",4,99.81155542475486,5197
"(0.8615866942983156, 1.0)",2,99.81149272892836,5199
"(1.0, 1.0)",2,99.81133504139012,5201
"(0.9833229101521784, 1.0)",1,99.81133504139012,5202
"(0.9499687304565352, 1.0)",1,99.81107984156765,5203
"(0.861111111111111, 1.0)",1,99.81107984156765,5204
"(0.861111111111111, 1.0)",1,99.81105006105004,5205
"(0.94993894993895, 1.0)",1,99.81105006105004,5206
"(0.861111111111111, 1.0)",2,99.81104692625874,5208
"(1.0, 1.0)",1,99.81101714574116,5209
"(0.861111111111111, 1.0)",8,99.81101714574116,5217
"(0.9665831244778612, 1.0)",1,99.81101714574116,5218
"(0.8108747044917258, 1.0)",2,99.81087470449172,5220
"(0.9497171590194846, 1.0)",1,99.8108282701306,5221
"(0.861111111111111, 1.0)",9,99.8108282701306,5230
"(0.861111111111111, 1.0)",2,99.81008098691024,5232
"(0.826388888888889, 1.0)",4,99.80971179904108,5236
"(0.9665831244778612, 1.0)",1,99.8095491253386,5237
"(0.8260618349904064, 1.0)",1,99.80938474514258,5238
"(0.8093386061814339, 1.0)",1,99.80933860618144,5239
"(0.8229870141950848, 1.0)",1,99.80915435562558,5240
"(0.9666666666666668, 1.0)",1,99.80866798332237,5241
"(0.9666562434855118, 1.0)",3,99.8086575601412,5244
"(0.9833229101521784, 1.0)",1,99.80864713696003,5245
"(0.8420013166556946, 1.0)",16,99.80864713696003,5261
"(0.8420013166556946, 1.0)",8,99.80858444113356,5269
"(0.9665831244778612, 1.0)",4,99.80858444113356,5273
"(0.808446455505279, 1.0)",7,99.80844645550528,5280
"(0.8068904981347378, 1.0)",9,99.80689049813472,5289
"(0.8762860082304527, 1.0)",2,99.80678171726024,5291
"(1.0, 1.0)",1,99.80650675489386,5292
"(0.9299507899507898, 1.0)",1,99.8059456936986,5293
"(1.0, 1.0)",1,99.80592887561528,5294
"(0.9300671002153482, 1.0)",2,99.80591698132838,5296
"(0.9299507899507898, 1.0)",1,99.80589887127138,5297
"(0.9192093318943212, 1.0)",1,99.8057430471631,5298
"(0.9027777777777778, 1.0)",1,99.80557183034652,5299
"(0.8471527473990528, 1.0)",2,99.80556549553924,5301
"(1.0, 1.0)",3,99.8055451323744,5304
"(0.8222222222222222, 1.0)",4,99.8055451323744,5308
"(0.9833229101521784, 1.0)",2,99.8055451323744,5310
"(0.8222222222222222, 1.0)",12,99.8055451323744,5322
"(0.9583930063253372, 1.0)",1,99.80551904676592,5323
"(0.9167853751187084, 1.0)",1,99.80549395387416,5324
"(0.944563492063492, 1.0)",1,99.80547411172954,5325
"(0.9583930063253372, 1.0)",1,99.8054633148806,5326
"(0.9297812306740878, 1.0)",1,99.80541736304664,5327
"(0.9167853751187084, 1.0)",2,99.80535305210284,5329
"(0.8887202421952387, 1.0)",1,99.805342823423,5330
"(0.9441792447111594, 1.0)",1,99.80533593988952,5331
"(0.944563492063492, 1.0)",1,99.80529308681116,5332
"(0.8471527473990528, 1.0)",1,99.80527978333151,5333
"(0.9165164082221422, 1.0)",1,99.80527949269607,5334
"(0.9165164082221422, 1.0)",1,99.80514556931496,5335
"(0.9581458989353726, 1.0)",1,99.80497968149166,5336
"(0.9441792447111594, 1.0)",1,99.8049691439175,5337
"(0.930124456440246, 1.0)",2,99.80493920863692,5339
"(0.9167853751187084, 1.0)",1,99.8048966754936,5340
"(0.9441792447111594, 1.0)",1,99.80481176120844,5341
"(0.9158007932517735, 1.0)",1,99.80461131295516,5342
"(0.9300671002153482, 1.0)",1,99.80445152612737,5343
"(0.930704099821747, 1.0)",2,99.8043462784754,5345
"(0.9441792447111594, 1.0)",1,99.80429322311694,5346
"(0.837707400507675, 1.0)",3,99.80429052498552,5349
"(0.9192093318943212, 1.0)",1,99.80406495646216,5350
"(0.9441792447111594, 1.0)",1,99.80402725272408,5351
"(0.859499940327008, 1.0)",3,99.8039145899346,5354
"(0.8372053872053872, 1.0)",1,99.80385120750977,5355
"(0.9666562434855118, 1.0)",1,99.80367243416023,5356
"(0.901575014782562, 1.0)",1,99.80358960304152,5357
"(0.944073617452092, 1.0)",1,99.8033300378869,5358
"(0.9295946890286512, 1.0)",1,99.80324269793982,5359
"(0.901575014782562, 1.0)",1,99.80301095340468,5360
"(0.901575014782562, 1.0)",1,99.8029710198541,5361
"(0.9442283950617284, 1.0)",2,99.8028750724584,5363
"(0.8697983697983697, 1.0)",2,99.80283843897004,5365
"(1.0, 1.0)",1,99.80270655270655,5366
"(0.9167853751187084, 1.0)",1,99.80268669597882,5367
"(0.9506533178503804, 1.0)",1,99.80242814498916,5368
"(0.901575014782562, 1.0)",1,99.80227660991906,5369
"(0.8300265307680562, 1.0)",1,99.80194011101496,5370
"(0.8848000715856217, 1.0)",1,99.80172455577016,5371
"(1.0, 1.0)",9,99.8016677935542,5380
"(0.8016677935542034, 1.0)",28,99.8016677935542,5408
"(0.8349489264123411, 1.0)",2,99.8015947467167,5410
"(0.8349489264123411, 1.0)",1,99.8015320508902,5411
"(0.944563492063492, 1.0)",1,99.80123739541968,5412
"(0.8845578466141503, 1.0)",2,99.80121409009966,5414
"(0.9833229101521784, 1.0)",1,99.80117454547302,5415
"(0.8845578466141503, 1.0)",1,99.80117239737504,5416
"(0.8845578466141503, 1.0)",1,99.80110970154854,5417
"(0.9167853751187084, 1.0)",1,99.8011087878524,5418
"(0.8840455840455841, 1.0)",4,99.801097908415,5422
"(0.8845578466141503, 1.0)",1,99.80099021496758,5423
"(0.9009534009534008, 1.0)",1,99.80089086186646,5424
"(0.8341307814992026, 1.0)",6,99.80077660180356,5430
"(0.8341307814992026, 1.0)",1,99.80071390597706,5431
"(0.934122934122934, 1.0)",1,99.80068521223848,5432
"(0.917415489944373, 1.0)",1,99.80055046935664,5433
"(0.917469251615593, 1.0)",2,99.80054153520136,5435
"(1.0, 1.0)",1,99.80053561800484,5436
"(0.934122934122934, 1.0)",1,99.80045543203438,5437
"(0.9497171590194848, 1.0)",1,99.80038771700713,5438
"(0.9333333333333332, 1.0)",1,99.80034396497813,5439
"(0.9333333333333332, 1.0)",1,99.8002739807618,5440
"(0.9009534009534008, 1.0)",1,99.8001964580912,5441
"(0.882673371045464, 1.0)",2,99.80011921532058,5443
"(0.9331662489557228, 1.0)",1,99.800114184774,5444
"(0.9003556829643787, 1.0)",1,99.80010505639795,5445
"(0.9333333333333332, 1.0)",1,99.7999791536377,5446
"(0.8333333333333334, 1.0)",1,99.7999791536377,5447
"(0.9169719169719168, 1.0)",1,99.79991802077362,5448
"(0.9666562434855118, 1.0)",2,99.79988518826772,5450
"(0.9161952650324744, 1.0)",1,99.79988298652508,5451
"(0.8165520116739629, 1.0)",20,99.79987492182616,5471
"(0.9, 1.0)",1,99.79987476508656,5472
"(0.8814814814814814, 1.0)",1,99.7998735577683,5473
"(0.8552744708994707, 1.0)",2,99.79985428331196,5475
"(0.9161952650324744, 1.0)",1,99.79984278282632,5476
"(0.9666562434855118, 1.0)",1,99.79980164607892,5477
"(1.0, 1.0)",1,99.79978030812434,5478
"(0.9666562434855118, 1.0)",1,99.7996972575278,5479
"(0.8997493734335841, 1.0)",1,99.79968683434666,5480
"(0.9333333333333332, 1.0)",1,99.79966583124478,5481
"(0.9326599326599326, 1.0)",1,99.79966143592868,5482
"(0.9506533178503804, 1.0)",1,99.79965616685324,5483
"(0.8997493734335841, 1.0)",1,99.79963456170132,5484
"(0.9584987529902784, 1.0)",1,99.79963331729968,5485
"(0.8997493734335841, 1.0)",2,99.79962413852016,5487
"(0.849906191369606, 1.0)",1,99.79962335038908,5488
"(0.9331662489557224, 1.0)",1,99.79956144269366,5489
"(0.816195709052852, 1.0)",4,99.79951861920505,5493
"(0.933096859926128, 1.0)",1,99.79951514097856,5494
"(0.8329156223893065, 1.0)",3,99.79949874686716,5497
"(0.7994987468671678, 1.0)",1,99.79949874686716,5498
"(0.9161952650324744, 1.0)",4,99.79945563609772,5502
"(0.9499687304565352, 1.0)",1,99.79945563609772,5503
"(0.9161952650324744, 1.0)",1,99.79939294027125,5504
"(0.8832603710652491, 1.0)",1,99.79936528717016,5505
"(0.9833229101521784, 1.0)",1,99.79931059501666,5506
"(0.9326599326599326, 1.0)",1,99.79928490660198,5507
"(0.9333333333333332, 1.0)",1,99.79927199131308,5508
"(0.9161952650324744, 1.0)",2,99.79926754861825,5510
"(0.9499687304565352, 1.0)",1,99.79926406023966,5511
"(0.9326599326599326, 1.0)",2,99.79924321387736,5513
"(0.9497171590194848, 1.0)",1,99.79922491102296,5514
"(0.9326599326599326, 1.0)",1,99.79919872208876,5515
"(0.9326599326599326, 1.0)",1,99.79911782222436,5516
"(0.9326599326599326, 1.0)",1,99.79905512639787,5517
"(0.9665831244778612, 1.0)",1,99.79903926482874,5518
"(0.9153439153439156, 1.0)",1,99.79903730236596,5519
"(0.9153439153439152, 1.0)",1,99.79903163683652,5520
"(0.9166145507608924, 1.0)",1,99.79899164244031,5521
"(0.9166145507608924, 1.0)",1,99.79899143313776,5522
"(0.9161952650324744, 1.0)",1,99.79895249322362,5523
"(0.9169719169719168, 1.0)",1,99.79889895679368,5524
"(0.8491514770584537, 1.0)",1,99.79886863607794,5525
"(0.9326599326599326, 1.0)",3,99.79876458823829,5528
"(1.0, 1.0)",1,99.79873352972436,5529
"(0.9326599326599326, 1.0)",1,99.79867737517677,5530
"(0.882673371045464, 1.0)",1,99.79865621385758,5531
"(0.9009534009534008, 1.0)",1,99.79865161067208,5532
"(0.9153439153439156, 1.0)",1,99.79860428640916,5533
"(0.9326599326599326, 1.0)",1,99.79854881010208,5534
"(0.8653198653198653, 1.0)",1,99.79854881010208,5535
"(0.9153439153439156, 1.0)",1,99.79841619892969,5536
"(0.9833229101521784, 1.0)",1,99.79840000250783,5537
"(0.9333333333333332, 1.0)",1,99.79839440769672,5538
"(0.8651903651903651, 1.0)",1,99.79835661414609,5539
"(0.8635976129582268, 1.0)",3,99.79820686335697,5542
"(0.9665831244778612, 1.0)",1,99.7981034559982,5543
"(0.8814814814814814, 1.0)",1,99.79809603224236,5544
"(0.8976982097186702, 1.0)",2,99.79805389268304,5546
"(0.9665831244778612, 1.0)",1,99.79803195592667,5547
"(0.8314237582530265, 1.0)",1,99.79800688273087,5548
"(0.9166145507608924, 1.0)",1,99.797992115125,5549
"(0.7979797979797979, 1.0)",7,99.7979797979798,5556
"(0.9665831244778612, 1.0)",1,99.79790988263387,5557
"(0.9833229101521784, 1.0)",1,99.79788404983114,5558
"(0.9326599326599326, 1.0)",1,99.79785029785027,5559
"(0.8651903651903651, 1.0)",4,99.79785029785027,5563
"(0.8533622685185187, 1.0)",1,99.79780053062596,5564
"(0.8814814814814814, 1.0)",1,99.79764618968728,5565
"(0.8635976129582268, 1.0)",1,99.79757384096078,5566
"(0.8976982097186702, 1.0)",1,99.79757297480523,5567
"(0.9153439153439156, 1.0)",1,99.79752722435649,5568
"(0.8976982097186702, 1.0)",1,99.79751027897876,5569
"(0.8814814814814814, 1.0)",1,99.7974643242936,5570
"(0.9326599326599326, 1.0)",3,99.79741035838596,5573
"(0.8476190476190477, 1.0)",2,99.79733620663852,5575
"(1.0, 1.0)",1,99.79727095516569,5576
"(0.9153439153439152, 1.0)",5,99.79727095516569,5581
"(0.917469251615593, 1.0)",1,99.7971167908376,5582
"(0.9833229101521784, 1.0)",1,99.79710943211806,5583
"(0.8976982097186702, 1.0)",1,99.79709431161052,5584
"(0.8137566137566138, 1.0)",4,99.7970795239088,5588
"(0.9833229101521784, 1.0)",1,99.79700396268296,5589
"(0.8796475392220073, 1.0)",1,99.79694667737677,5590
"(0.9326599326599326, 1.0)",1,99.79694126685646,5591
"(0.8635976129582268, 1.0)",3,99.79688925356696,5594
"(0.8796475392220073, 1.0)",1,99.79688398155024,5595
"(0.8468951683237397, 1.0)",1,99.79687432196144,5596
"(0.94993894993895, 1.0)",1,99.79685947304937,5597
"(0.8468951683237397, 1.0)",1,99.7968341182627,5598
"(0.8814814814814814, 1.0)",2,99.7968253968254,5600
"(0.8468951683237397, 1.0)",2,99.7968012029538,5602
"(0.8633762288330498, 1.0)",1,99.79667829262291,5603
"(0.8633762288330498, 1.0)",1,99.79666786944176,5604
"(0.9833229101521784, 1.0)",1,99.79665928138328,5605
"(0.8635976129582268, 1.0)",1,99.7966376821299,5606
"(0.8468951683237397, 1.0)",1,99.79661232734324,5607
"(0.8294970161977834, 1.0)",3,99.79652998323076,5610
"(0.8633762288330498, 1.0)",1,99.7964856870343,5611
"(1.0, 1.0)",1,99.79646571272188,5612
"(0.9153439153439152, 1.0)",1,99.79636503521476,5613
"(0.9833229101521784, 1.0)",3,99.79636503521476,5616
"(0.8976982097186702, 1.0)",1,99.79636503521476,5617
"(0.9333333333333332, 1.0)",1,99.79630378270753,5618
"(0.8796475392220073, 1.0)",2,99.7962829363452,5620
"(0.8467532467532467, 1.0)",1,99.79627213465469,5621
"(0.9166145507608924, 1.0)",3,99.7962620899829,5624
"(0.8635976129582268, 1.0)",2,99.79625754561816,5626
"(0.9253213924599162, 1.0)",1,99.79620176893104,5627
"(0.8796475392220073, 1.0)",5,99.7961993941564,5632
"(0.7961989230281913, 1.0)",1,99.7961989230282,5633
"(0.8294970161977834, 1.0)",8,99.79614283650214,5641
"(0.8796475392220073, 1.0)",1,99.79613669832992,5642
"(1.0, 1.0)",1,99.79613669832992,5643
"(0.8294970161977834, 1.0)",2,99.79608014067564,5645
"(0.8633762288330498, 1.0)",2,99.79603616149298,5647
"(0.8796475392220073, 1.0)",1,99.79601051854584,5648
"(0.8796475392220073, 1.0)",1,99.79594782271936,5649
"(0.916104916104916, 1.0)",1,99.79575245532692,5650
"(0.8796475392220073, 1.0)",2,99.79575245532692,5652
"(0.8294970161977834, 1.0)",1,99.79569299394704,5653
"(0.8796475392220073, 1.0)",4,99.79563038203412,5657
"(0.9326599326599326, 1.0)",2,99.79563038203412,5659
"(0.94993894993895, 1.0)",8,99.79520007179582,5667
"(0.8452611218568665, 1.0)",1,99.79516715648693,5668
"(0.9153439153439156, 1.0)",1,99.79499145456592,5669
"(0.8796475392220073, 1.0)",9,99.79499145456592,5678
"(0.9153439153439152, 1.0)",10,99.79499145456592,5688
"(0.844988344988345, 1.0)",1,99.79495707544488,5689
"(0.844988344988345, 1.0)",2,99.79489437961838,5691
"(0.8615866942983156, 1.0)",2,99.79487833490704,5693
"(0.9666562434855118, 1.0)",1,99.79466837472344,5694
"(1.0, 1.0)",1,99.79466837472344,5695
"(0.8615866942983156, 1.0)",2,99.79462676346998,5697
"(0.861111111111111, 1.0)",1,99.79442359808212,5698
"(0.9833229101521784, 1.0)",1,99.79440275171984,5699
"(0.861111111111111, 1.0)",1,99.79427736006684,5700
"(1.0, 1.0)",1,99.79427736006684,5701
"(0.861111111111111, 1.0)",2,99.79422056931236,5703
"(0.861111111111111, 1.0)",1,99.79415118028275,5704
"(0.861111111111111, 1.0)",9,99.79377104377105,5713
"(0.9326599326599326, 1.0)",4,99.79377104377105,5717
"(0.8976982097186702, 1.0)",1,99.79370756196906,5718
"(0.861111111111111, 1.0)",1,99.79340389706245,5719
"(0.9833229101521784, 1.0)",1,99.79333166817736,5720
"(0.903667392883079, 1.0)",1,99.7931782779374,5721
"(0.826388888888889, 1.0)",2,99.79297201336676,5723
"(0.8762860082304527, 1.0)",1,99.79295998927968,5724
"(0.8796475392220073, 1.0)",1,99.79289966177646,5725
"(0.861111111111111, 1.0)",1,99.79268817881976,5726
"(0.944563492063492, 1.0)",1,99.7923362133786,5727
"(0.8614170116633171, 1.0)",1,99.7922848003358,5728
"(0.8897050022050021, 1.0)",1,99.79215168621634,5729
"(0.8420013166556946, 1.0)",1,99.79199089347456,5730
"(0.9666666666666668, 1.0)",3,99.79199089347456,5733
"(0.8420013166556946, 1.0)",2,99.79197004711224,5735
"(0.8420013166556946, 1.0)",1,99.79194026659464,5736
"(0.8420013166556947, 1.0)",1,99.79190735128574,5737
"(0.8420013166556946, 1.0)",1,99.79190735128574,5738
"(0.9665831244778612, 1.0)",3,99.79190735128572,5741
"(0.8420013166556946, 1.0)",4,99.79190735128572,5745
"(0.9167853751187084, 1.0)",1,99.79187259905451,5746
"(0.9303715638302106, 1.0)",1,99.79186849130458,5747
"(0.808446455505279, 1.0)",14,99.79176936565746,5761
"(0.9497171590194846, 1.0)",1,99.79171847567518,5762
"(0.8420013166556946, 1.0)",8,99.79171847567518,5770
"(0.8420013166556947, 1.0)",1,99.79171847567518,5771
"(0.944563492063492, 1.0)",1,99.79169677816736,5772
"(0.7916666666666666, 1.0)",16,99.79166666666666,5788
"(0.9167853751187084, 1.0)",1,99.7916351166742,5789
"(0.930704099821747, 1.0)",1,99.79160097605212,5790
"(0.9720813204508856, 1.0)",1,99.79155420850896,5791
"(0.9166682405676116, 1.0)",1,99.79154973498694,5792
"(0.9442283950617284, 1.0)",1,99.79154613175774,5793
"(0.8471527473990528, 1.0)",1,99.79152692777411,5794
"(0.9161379295307868, 1.0)",1,99.79151150117758,5795
"(0.9297812306740878, 1.0)",1,99.7914771371691,5796
"(0.8471527473990528, 1.0)",1,99.79147698508788,5797
"(0.9027777777777778, 1.0)",1,99.7914564962074,5798
"(0.9018806250259218, 1.0)",2,99.79143869211929,5800
"(0.9165164082221422, 1.0)",1,99.7911245406357,5801
"(0.8468089381754635, 1.0)",1,99.791102320157,5802
"(0.9158007932517735, 1.0)",1,99.79107938353818,5803
"(0.8880984643179766, 1.0)",1,99.79093722857144,5804
"(0.9720813204508856, 1.0)",1,99.79086469504028,5805
"(0.9442283950617284, 1.0)",1,99.7908074615036,5806
"(0.930704099821747, 1.0)",2,99.790731203602,5808
"(0.9027777777777778, 1.0)",1,99.79070286763267,5809
"(0.9583930063253372, 1.0)",1,99.79065412870833,5810
"(0.9581458989353726, 1.0)",1,99.79065323131783,5811
"(0.9299507899507898, 1.0)",1,99.79052820843262,5812
"(0.9445235834124724, 1.0)",2,99.79040361919527,5814
"(0.9497171590194846, 1.0)",3,99.79035545909576,5817
"(0.9303715638302106, 1.0)",1,99.79035145322186,5818
"(0.944563492063492, 1.0)",1,99.79033969122624,5819
"(0.9444901834607716, 1.0)",1,99.79030608813716,5820
"(0.9165164082221422, 1.0)",1,99.790234092876,5821
"(0.8068904981347378, 1.0)",5,99.79021340828692,5826
"(0.901575014782562, 1.0)",1,99.79019014331806,5827
"(0.8887202421952387, 1.0)",1,99.79016138265942,5828
"(0.901575014782562, 1.0)",1,99.7900848949057,5829
"(0.859499940327008, 1.0)",2,99.79000897980144,5831
"(0.8732774170274171, 1.0)",2,99.7899635443056,5833
"(0.9583930063253372, 1.0)",1,99.78984886596102,5834
"(0.8065067548938516, 1.0)",1,99.78982966504604,5835
"(0.9158007932517735, 1.0)",1,99.78976966265547,5836
"(0.8872426490351017, 1.0)",1,99.78972630414184,5837
"(0.8732774170274171, 1.0)",1,99.78967725441838,5838
"(0.930124456440246, 1.0)",2,99.7894839931024,5840
"(0.9027777777777778, 1.0)",2,99.78935336994029,5842
"(0.9497171590194846, 1.0)",3,99.78925732861472,5845
"(0.9670329670329668, 1.0)",1,99.7892551892552,5846
"(0.9442283950617284, 1.0)",2,99.78899895122046,5848
"(0.9158007932517735, 1.0)",2,99.78891480820975,5850
"(0.9666666666666668, 1.0)",1,99.78888888888888,5851
"(0.9666562434855118, 1.0)",1,99.78887846570774,5852
"(0.8222222222222222, 1.0)",21,99.7888680425266,5873
"(0.9665831244778612, 1.0)",3,99.78880534670007,5876
"(0.8222222222222222, 1.0)",7,99.78880534670007,5883
"(1.0, 1.0)",1,99.78880534670007,5884
"(0.837707400507675, 1.0)",1,99.78836071835806,5885
"(0.9441792447111594, 1.0)",1,99.78792577867829,5886
"(0.8374727668845315, 1.0)",3,99.78744149734106,5889
"(0.8374727668845315, 1.0)",2,99.78737880151456,5891
"(0.8848000715856217, 1.0)",1,99.78672944347528,5892
"(0.8697983697983697, 1.0)",1,99.78641292055926,5893
"(1.0, 1.0)",1,99.78622423328306,5894
"(0.8552744708994707, 1.0)",2,99.78602575465293,5896
"(0.9583930063253372, 1.0)",2,99.78586747608182,5898
"(0.9833229101521784, 1.0)",3,99.78578121261047,5901
"(0.8703703703703703, 1.0)",1,99.78571428571428,5902
"(0.8703703703703703, 1.0)",1,99.7852703482312,5903
"(0.8692185007974482, 1.0)",1,99.78520134360956,5904
"(0.8697983697983697, 1.0)",1,99.78514228514229,5905
"(0.9665831244778612, 1.0)",1,99.78513078647418,5906
"(0.9331662489557224, 1.0)",1,99.78507582185654,5907
"(0.9833229101521784, 1.0)",3,99.78499070370638,5910
"(0.8016677935542034, 1.0)",7,99.78499070370638,5917
"(0.812557599070401, 1.0)",1,99.7848922819314,5918
"(0.917415489944373, 1.0)",1,99.78473701451878,5919
"(0.868077055383557, 1.0)",2,99.78469160614443,5921
"(0.8349489264123411, 1.0)",2,99.78466608543182,5923
"(0.868077055383557, 1.0)",2,99.78462891031796,5925
"(0.868077055383557, 1.0)",1,99.78456621449146,5926
"(0.8341307814992026, 1.0)",1,99.78448665868434,5927
"(1.0, 1.0)",1,99.78447988326036,5928
"(0.8840455840455841, 1.0)",1,99.78442081856716,5929
"(0.917849761232425, 1.0)",1,99.7843149395422,5930
"(0.8341307814992026, 1.0)",5,99.78409951195572,5935
"(0.9009534009534008, 1.0)",1,99.78408838036566,5936
"(0.934122934122934, 1.0)",1,99.78407081821716,5937
"(0.8341307814992026, 1.0)",1,99.78403681612924,5938
"(0.917415489944373, 1.0)",1,99.7838733795088,5939
"(0.8533622685185187, 1.0)",1,99.78373111693216,5940
"(0.8997493734335841, 1.0)",1,99.78371141529036,5941
"(0.9166145507608924, 1.0)",2,99.78358497870693,5943
"(0.8670139869650273, 1.0)",1,99.78356584189942,5944
"(0.9333333333333332, 1.0)",1,99.78356397560506,5945
"(0.917469251615593, 1.0)",1,99.78337897542004,5946
"(0.9666562434855118, 1.0)",1,99.78320825515948,5947
"(0.9161952650324744, 1.0)",2,99.78316569297851,5949
"(0.9666562434855118, 1.0)",1,99.78314555933298,5950
"(0.8165520116739629, 1.0)",2,99.78313513615184,5952
"(0.8497658497658497, 1.0)",1,99.78305749037456,5953
"(0.9666562434855118, 1.0)",2,99.7830410140423,5955
"(0.9331662489557224, 1.0)",1,99.78302794853673,5956
"(0.9333333333333332, 1.0)",1,99.78298874139696,5957
"(0.8997493734335841, 1.0)",1,99.78296789503464,5958
"(0.9499687304565352, 1.0)",1,99.78288356471478,5959
"(0.816195709052852, 1.0)",2,99.7828415293572,5961
"(0.8997493734335841, 1.0)",1,99.78282165701935,5962
"(0.7994987468671678, 1.0)",6,99.78282165701935,5968
"(0.8329156223893065, 1.0)",1,99.78282165701935,5969
"(0.9331662489557224, 1.0)",1,99.78282165701934,5970
"(0.9833229101521784, 1.0)",1,99.78282086888828,5971
"(0.9167853751187084, 1.0)",1,99.7827344491928,5972
"(0.9161952650324744, 1.0)",1,99.7827158504234,5973
"(0.882673371045464, 1.0)",1,99.78267337104546,5974
"(0.9161952650324744, 1.0)",1,99.78265315459691,5975
"(0.8329156223893065, 1.0)",1,99.7826327814088,5976
"(0.8653198653198653, 1.0)",1,99.7826190034746,5977
"(0.882673371045464, 1.0)",1,99.78261083195854,5978
"(0.9333333333333332, 1.0)",1,99.78260781675417,5979
"(0.9161952650324744, 1.0)",1,99.7825904587704,5980
"(0.849906191369606, 1.0)",1,99.78256612402954,5981
"(0.9161952650324744, 1.0)",2,99.78252776294391,5983
"(0.916104916104916, 1.0)",1,99.78249341663977,5984
"(0.9166145507608924, 1.0)",2,99.7823952470294,5986
"(1.0, 1.0)",1,99.78237803655006,5987
"(0.916104916104916, 1.0)",1,99.7823739300588,5988
"(0.8533622685185187, 1.0)",1,99.78237197967373,5989
"(0.8156295830714435, 1.0)",1,99.7822754033758,5990
"(0.8814814814814814, 1.0)",1,99.78225023590878,5991
"(0.9161952650324744, 1.0)",1,99.78224928898123,5992
"(0.9497171590194846, 1.0)",1,99.7820570760834,5993
"(0.9164652836623464, 1.0)",1,99.78203830713012,5994
"(0.9333333333333332, 1.0)",1,99.7820105820106,5995
"(0.9326599326599326, 1.0)",1,99.78200028532892,5996
"(0.933249791144528, 1.0)",1,99.78195684915391,5997
"(0.8653198653198653, 1.0)",1,99.78193441608076,5998
"(0.8653198653198653, 1.0)",2,99.78187172025426,6000
"(0.9665831244778612, 1.0)",1,99.78180902442776,6001
"(0.8651903651903651, 1.0)",1,99.78174222012476,6002
"(0.9153439153439156, 1.0)",1,99.78173910908184,6003
"(0.8976982097186702, 1.0)",1,99.78172294740196,6004
"(0.8997493734335841, 1.0)",1,99.78167641325535,6005
"(0.8316498316498316, 1.0)",3,99.78161856210636,6008
"(0.9153439153439156, 1.0)",1,99.7816129292978,6009
"(0.8316498316498316, 1.0)",1,99.78155586627987,6010
"(0.9161952650324744, 1.0)",1,99.78150791083291,6011
"(0.8229870141950848, 1.0)",2,99.78145269916452,6013
"(0.8976982097186702, 1.0)",1,99.78137680283524,6014
"(0.8814814814814814, 1.0)",1,99.78135624656808,6015
"(0.882673371045464, 1.0)",1,99.78134019654156,6016
"(0.9833229101521784, 1.0)",1,99.78130270813196,6017
"(0.7979797979797979, 1.0)",3,99.78130270813196,6020
"(0.8651903651903651, 1.0)",1,99.78129528129529,6021
"(0.8814814814814814, 1.0)",1,99.7811673709575,6022
"(0.9497171590194846, 1.0)",1,99.78106412649804,6023
"(0.9, 1.0)",1,99.78102111987084,6024
"(0.8976982097186702, 1.0)",1,99.78101146022898,6025
"(0.8976982097186702, 1.0)",1,99.78095858078392,6026
"(0.8976982097186702, 1.0)",3,99.78089588495745,6029
"(0.9166145507608924, 1.0)",2,99.78085155112947,6031
"(0.8976982097186702, 1.0)",1,99.78083318913092,6032
"(0.8814814814814814, 1.0)",1,99.78078723444575,6033
"(0.8476190476190477, 1.0)",1,99.78078529657478,6034
"(0.8997493734335841, 1.0)",1,99.78077049330444,6035
"(0.8976982097186702, 1.0)",1,99.78077049330444,6036
"(0.9499687304565352, 1.0)",1,99.78070700934688,6037
"(0.8976982097186702, 1.0)",1,99.78066515988267,6038
"(0.933249791144528, 1.0)",1,99.78066515988267,6039
"(0.9153439153439152, 1.0)",2,99.78065656114435,6041
"(0.9009534009534008, 1.0)",2,99.7806009401754,6043
"(1.0, 1.0)",1,99.78043234227025,6044
"(0.8137566137566138, 1.0)",1,99.78042328042328,6045
"(0.8137865219658889, 1.0)",1,99.78036964644376,6046
"(0.8137566137566138, 1.0)",1,99.78033973823447,6047
"(0.7802197802197803, 1.0)",47,99.78021978021978,6094
"(1.0, 1.0)",4,99.78021978021978,6098
"(0.8635976129582268, 1.0)",3,99.78021216371911,6101
"(0.8468951683237397, 1.0)",6,99.78018680893246,6107
"(0.94993894993895, 1.0)",3,99.78015702841486,6110
"(0.9326599326599326, 1.0)",1,99.78007530139809,6111
"(0.8635976129582268, 1.0)",1,99.78004716355412,6112
"(0.8635976129582268, 1.0)",1,99.78001738303654,6113
"(0.898989898989899, 1.0)",1,99.78001101886076,6114
"(0.8796475392220073, 1.0)",1,99.7800032221864,6115
"(0.8468951683237397, 1.0)",1,99.77999202824986,6116
"(0.8635976129582268, 1.0)",2,99.77989789645557,6118
"(0.8294970161977834, 1.0)",3,99.77985289338292,6121
"(0.9153439153439152, 1.0)",1,99.77968794536694,6122
"(0.9, 1.0)",1,99.779647539222,6123
"(0.8976982097186702, 1.0)",2,99.77962524954044,6125
"(0.9665831244778612, 1.0)",1,99.77962524954044,6126
"(0.8796475392220073, 1.0)",1,99.77959542331624,6127
"(0.9166145507608924, 1.0)",1,99.77958500013509,6128
"(0.8635976129582268, 1.0)",2,99.77958045577034,6130
"(0.8796475392220073, 1.0)",1,99.7795760659798,6131
"(0.8468951683237397, 1.0)",1,99.77955510098369,6132
"(0.8796475392220073, 1.0)",1,99.77948938899968,6133
"(0.8294970161977834, 1.0)",5,99.77946574665432,6138
"(0.8294970161977834, 1.0)",1,99.77943596613672,6139
"(1.0, 1.0)",1,99.779422853937,6140
"(0.8796475392220073, 1.0)",1,99.77941999997007,6141
"(0.8762860082304527, 1.0)",1,99.77941977821904,6142
"(0.8467532467532467, 1.0)",1,99.77941317941318,6143
"(0.8294970161977834, 1.0)",1,99.77940305082782,6144
"(0.8796475392220073, 1.0)",2,99.7793969126556,6146
"(0.8796475392220073, 1.0)",1,99.7793902194525,6147
"(0.8796475392220073, 1.0)",1,99.7793646982415,6148
"(0.8814814814814814, 1.0)",2,99.77917969120016,6150
"(0.9161952650324744, 1.0)",1,99.77916571440666,6151
"(0.903667392883079, 1.0)",1,99.77911164981,6152
"(0.8796475392220073, 1.0)",3,99.77908185726098,6155
"(0.8796475392220073, 1.0)",1,99.7788905963598,6156
"(0.9167853751187084, 1.0)",1,99.77882081900594,6157
"(0.8976982097186702, 1.0)",4,99.77871932958952,6161
"(0.944563492063492, 1.0)",1,99.7784906927142,6162
"(0.9442283950617284, 1.0)",2,99.7783957897899,6164
"(0.8796475392220073, 1.0)",2,99.7783143647181,6166
"(0.9153439153439152, 1.0)",2,99.7783143647181,6168
"(0.844988344988345, 1.0)",3,99.77825020507947,6171
"(0.844988344988345, 1.0)",1,99.77815459394408,6172
"(0.861111111111111, 1.0)",1,99.7781128086006,6173
"(0.930704099821747, 1.0)",1,99.77811039670678,6174
"(0.9309563801089225, 1.0)",1,99.77804737947685,6175
"(0.9167853751187084, 1.0)",1,99.77804496605636,6176
"(1.0, 1.0)",1,99.77798086169447,6177
"(0.7944219523166891, 1.0)",2,99.77774486246886,6179
"(0.9833229101521784, 1.0)",1,99.77774486246886,6180
"(0.9166145507608924, 1.0)",3,99.777725661872,6183
"(0.861111111111111, 1.0)",1,99.777725661872,6184
"(0.9303715638302106, 1.0)",1,99.77770981725364,6185
"(0.9665831244778612, 1.0)",1,99.77768381240782,6186
"(0.861111111111111, 1.0)",4,99.77766296604553,6190
"(0.9303715638302106, 1.0)",1,99.77766153790114,6191
"(0.9665831244778612, 1.0)",1,99.777600270219,6192
"(0.9295946890286512, 1.0)",1,99.7775639788142,6193
"(0.8471527473990528, 1.0)",1,99.77755804451007,6194
"(0.9720813204508856, 1.0)",1,99.77755367776324,6195
"(0.9720813204508856, 1.0)",1,99.77753221567885,6196
"(0.8887202421952387, 1.0)",1,99.7775189760174,6197
"(0.9167853751187084, 1.0)",1,99.77746368913816,6198
"(0.9165164082221422, 1.0)",2,99.7774488770869,6200
"(0.9445235834124724, 1.0)",1,99.777352160047,6201
"(0.8976982097186702, 1.0)",5,99.77734574894068,6206
"(0.8796475392220073, 1.0)",5,99.77734574894068,6211
"(0.9161379295307868, 1.0)",2,99.77732953931792,6213
"(0.9303715638302106, 1.0)",1,99.77732631745944,6214
"(0.9161952650324744, 1.0)",7,99.77730637614358,6221
"(0.861111111111111, 1.0)",1,99.77718430285078,6222
"(0.9326599326599326, 1.0)",10,99.7770939539232,6232
"(0.861111111111111, 1.0)",3,99.7770939539232,6235
"(0.9583930063253372, 1.0)",2,99.77709155778264,6237
"(0.9442283950617284, 1.0)",1,99.77709039805028,6238
"(0.9584987529902784, 1.0)",1,99.77708070470464,6239
"(0.9720813204508856, 1.0)",1,99.77703653648544,6240
"(0.9442283950617284, 1.0)",1,99.77696637283204,6241
"(0.9299507899507898, 1.0)",1,99.77693670499208,6242
"(0.9166682405676116, 1.0)",1,99.77691899203673,6243
"(0.8468089381754635, 1.0)",1,99.77690164495048,6244
"(0.944073617452092, 1.0)",1,99.7768640387158,6245
"(0.9009287520039462, 1.0)",1,99.77682364148194,6246
"(0.8880984643179766, 1.0)",2,99.77670700614505,6248
"(0.930124456440246, 1.0)",1,99.77665784713972,6249
"(0.9720813204508856, 1.0)",1,99.77665071284366,6250
"(0.8736897274633123, 1.0)",2,99.77655605223252,6252
"(0.9161379295307868, 1.0)",1,99.7765149915056,6253
"(0.776488287126585, 1.0)",18,99.77648828712658,6271
"(0.861111111111111, 1.0)",2,99.77645502645504,6273
"(0.9153439153439152, 1.0)",5,99.77645502645504,6278
"(0.944563492063492, 1.0)",1,99.77641434132188,6279
"(0.893146638589877, 1.0)",1,99.77635103463648,6280
"(0.859499940327008, 1.0)",2,99.7763439859962,6282
"(0.944073617452092, 1.0)",1,99.77634109142345,6283
"(0.94993894993895, 1.0)",3,99.77632783882784,6286
"(0.826388888888889, 1.0)",2,99.77629492351892,6288
"(0.9583930063253372, 1.0)",1,99.77597986806948,6289
"(0.9153439153439152, 1.0)",1,99.7759264852288,6290
"(0.9166682405676116, 1.0)",1,99.77588877808964,6291
"(0.9008627640703112, 1.0)",1,99.77588149593107,6292
"(0.9158007932517735, 1.0)",1,99.77586749316568,6293
"(0.859499940327008, 1.0)",1,99.77560153053574,6294
"(0.9299507899507898, 1.0)",2,99.77558141843184,6296
"(0.901575014782562, 1.0)",1,99.77554851762618,6297
"(0.901575014782562, 1.0)",1,99.77535644825991,6298
"(0.9666562434855118, 1.0)",1,99.77530338044556,6299
"(0.8586166985951469, 1.0)",2,99.77530325625916,6301
"(0.903667392883079, 1.0)",2,99.77530237166091,6303
"(0.8420013166556946, 1.0)",1,99.7752929572644,6304
"(0.9158007932517735, 1.0)",1,99.77529059243749,6305
"(0.9666562434855118, 1.0)",2,99.77524068461906,6307
"(0.8420013166556946, 1.0)",6,99.77523026143793,6313
"(0.8420013166556946, 1.0)",1,99.7751675656114,6314
"(0.9442283950617284, 1.0)",1,99.77514971662336,6315
"(0.8420013166556946, 1.0)",4,99.77511077485696,6319
"(0.9165164082221422, 1.0)",1,99.77510356180927,6320
"(0.808446455505279, 1.0)",1,99.77509227580964,6321
"(0.861111111111111, 1.0)",1,99.7750589518882,6322
"(0.8420013166556946, 1.0)",3,99.77504138582736,6325
"(0.808446455505279, 1.0)",1,99.77502957998314,6326
"(0.7916666666666666, 1.0)",2,99.77498957681884,6328
"(0.944073617452092, 1.0)",1,99.7749886595862,6329
"(0.9303715638302106, 1.0)",1,99.7749121488315,6330
"(0.8420013166556946, 1.0)",4,99.77466124931564,6334
"(0.8420013166556947, 1.0)",3,99.77466124931564,6337
"(0.9326599326599326, 1.0)",1,99.77466124931564,6338
"(0.8300265307680562, 1.0)",1,99.774659557168,6339
"(1.0, 1.0)",1,99.77460317460316,6340
"(0.9442283950617284, 1.0)",1,99.77451662456455,6341
"(0.861111111111111, 1.0)",1,99.77436323366555,6342
"(0.8432903075760217, 1.0)",3,99.77413842468304,6345
"(0.9300671002153482, 1.0)",1,99.77408519245992,6346
"(0.8848000715856217, 1.0)",1,99.77407897277972,6347
"(0.9497171590194846, 1.0)",1,99.77369921561024,6348
"(0.8432903075760217, 1.0)",1,99.77369560468703,6349
"(0.8068904981347378, 1.0)",2,99.7735363184391,6351
"(0.8068904981347378, 1.0)",6,99.7734736226126,6357
"(0.7734344933751168, 1.0)",3,99.77343449337512,6360
"(0.8151249335459861, 1.0)",1,99.7733681118126,6361
"(0.9506533178503804, 1.0)",1,99.7728755400726,6362
"(0.8222222222222222, 1.0)",2,99.77220137585992,6364
"(0.8222222222222222, 1.0)",8,99.77219095267876,6372
"(0.8222222222222222, 1.0)",1,99.77215803736983,6373
"(0.9665831244778612, 1.0)",7,99.77212825685226,6380
"(0.8222222222222222, 1.0)",4,99.77212825685226,6384
"(1.0, 1.0)",2,99.77193938124172,6386
"(0.8222222222222222, 1.0)",1,99.77193938124172,6387
"(0.9497171590194848, 1.0)",1,99.77193938124172,6388
"(0.9445235834124724, 1.0)",1,99.77165840875054,6389
"(1.0, 1.0)",1,99.77141604307288,6390
"(0.9666562434855118, 1.0)",1,99.77140704823633,6391
"(0.8374727668845315, 1.0)",2,99.77078525385556,6393
"(0.9295946890286512, 1.0)",1,99.77072925333805,6394
"(0.8374727668845315, 1.0)",3,99.77070171166676,6397
"(0.8372053872053872, 1.0)",2,99.7704970278141,6399
"(0.9720813204508856, 1.0)",2,99.77049377880694,6401
"(0.8372053872053872, 1.0)",1,99.7704343319876,6402
"(0.837707400507675, 1.0)",3,99.7703673331676,6405
"(0.8374727668845315, 1.0)",1,99.77013269954446,6406
"(0.8697983697983697, 1.0)",1,99.76973583071144,6407
"(0.9333333333333332, 1.0)",1,99.7695811972508,6408
"(1.0, 1.0)",1,99.76954714343525,6409
"(0.8697983697983697, 1.0)",2,99.76910412276266,6411
"(0.8016677935542034, 1.0)",1,99.76870076058717,6412
"(0.8349489264123411, 1.0)",1,99.76867834062956,6413
"(0.9497171590194848, 1.0)",1,99.76866763754444,6414
"(0.8016677935542034, 1.0)",1,99.76832403703972,6415
"(0.8016677935542034, 1.0)",5,99.76831361385857,6420
"(0.8016677935542034, 1.0)",9,99.76825091803208,6429
"(0.9665831244778612, 1.0)",1,99.76825091803208,6430
"(1.0, 1.0)",3,99.76825091803208,6433
"(0.9499687304565352, 1.0)",1,99.7682005022891,6434
"(0.8349489264123411, 1.0)",1,99.767988995584,6435
"(0.868077055383557, 1.0)",2,99.76795182047012,6437
"(0.9497171590194846, 1.0)",1,99.76794478955868,6438
"(0.8845578466141503, 1.0)",1,99.7678182176794,6439
"(0.8177442148030384, 1.0)",1,99.76771294525958,6440
"(0.9833229101521784, 1.0)",1,99.76771294525958,6441
"(0.917849761232425, 1.0)",1,99.76762258562188,6442
"(0.8341307814992026, 1.0)",2,99.76744326847025,6444
"(0.8341307814992026, 1.0)",3,99.76742242210793,6447
"(0.9008025849489264, 1.0)",1,99.76736486306449,6448
"(0.9333333333333332, 1.0)",1,99.76734764783544,6449
"(0.8229870141950848, 1.0)",1,99.76731125188392,6450
"(0.934122934122934, 1.0)",1,99.76720564088986,6451
"(0.7837066533930646, 1.0)",1,99.76702956354524,6452
"(0.9331662489557228, 1.0)",1,99.7670131488369,6453
"(0.917469251615593, 1.0)",1,99.76699847989516,6454
"(0.8165520116739629, 1.0)",3,99.76694809255784,6457
"(0.917415489944373, 1.0)",1,99.76694471822394,6458
"(0.9169719169719168, 1.0)",1,99.76677356305083,6459
"(0.8997493734335841, 1.0)",1,99.76675087670232,6460
"(0.917415489944373, 1.0)",1,99.76665493063976,6461
"(0.9161952650324744, 1.0)",1,99.76654965319172,6462
"(0.8165520116739629, 1.0)",1,99.76653116531163,6463
"(0.9666562434855118, 1.0)",1,99.76653100857207,6464
"(0.9000617225831424, 1.0)",1,99.7664777626834,6465
"(0.9166145507608924, 1.0)",1,99.766458046304,6466
"(0.9666562434855118, 1.0)",1,99.76644746638328,6467
"(1.0, 1.0)",1,99.76637434737565,6468
"(0.8666666666666667, 1.0)",1,99.7662898603162,6469
"(0.9666562434855118, 1.0)",1,99.76625156136603,6470
"(0.9833229101521784, 1.0)",1,99.76624294858765,6471
"(1.0, 1.0)",2,99.76620726299802,6473
"(0.816195709052852, 1.0)",1,99.7661644395094,6474
"(0.9166145507608924, 1.0)",1,99.76614377904043,6475
"(0.816195709052852, 1.0)",1,99.7661017436829,6476
"(0.8666666666666667, 1.0)",1,99.76610098470564,6477
"(0.8997493734335841, 1.0)",2,99.76608187134502,6479
"(0.9331662489557224, 1.0)",1,99.76608187134502,6480
"(0.9161952650324744, 1.0)",1,99.7660804533002,6481
"(0.8997493734335841, 1.0)",1,99.76607517814192,6482
"(0.799275702501509, 1.0)",1,99.76592152280588,6483
"(0.9161952650324744, 1.0)",2,99.7659133689226,6485
"(0.849906191369606, 1.0)",1,99.76588903418173,6486
"(0.9167853751187084, 1.0)",2,99.765786259292,6488
"(0.9161952650324744, 1.0)",1,99.76576246148063,6489
"(0.9497171590194846, 1.0)",1,99.76576012274732,6490
"(0.9506533178503804, 1.0)",1,99.76574163185036,6491
"(1.0, 1.0)",1,99.76563746274466,6492
"(0.7656073923822403, 1.0)",22,99.76560739238224,6514
"(0.8329156223893065, 1.0)",2,99.76557555504924,6516
"(0.9506533178503804, 1.0)",1,99.76553891534468,6517
"(0.8976982097186702, 1.0)",1,99.7654707869292,6518
"(0.9009534009534008, 1.0)",1,99.76529743097645,6519
"(0.8653198653198653, 1.0)",1,99.76525732623294,6520
"(0.8653198653198653, 1.0)",1,99.76519463040644,6521
"(0.930704099821747, 1.0)",1,99.76512777083872,6522
"(0.9326599326599326, 1.0)",2,99.7651160730108,6524
"(0.917469251615593, 1.0)",1,99.7650734959643,6525
"(0.8476190476190477, 1.0)",1,99.76506489189416,6526
"(0.9161952650324744, 1.0)",2,99.7650227601268,6528
"(0.8316498316498316, 1.0)",1,99.76487877643206,6529
"(0.8651903651903651, 1.0)",2,99.76487625466638,6531
"(0.9153439153439156, 1.0)",2,99.76487314362348,6533
"(0.7982894736842105, 1.0)",1,99.76487259816209,6534
"(0.9326599326599326, 1.0)",1,99.76484139642034,6535
"(0.9161952650324744, 1.0)",1,99.76483082098513,6536
"(0.8814814814814814, 1.0)",1,99.76476269890904,6537
"(0.9499687304565352, 1.0)",1,99.76474185254672,6538
"(0.8651903651903651, 1.0)",1,99.76461819144744,6539
"(0.7979797979797979, 1.0)",1,99.76456292245766,6540
"(0.8814814814814814, 1.0)",1,99.76449028110969,6541
"(0.8976982097186702, 1.0)",1,99.76448107650154,6542
"(0.9166145507608924, 1.0)",1,99.7642187951096,6543
"(0.9166145507608924, 1.0)",1,99.76417446128168,6544
"(0.9666562434855118, 1.0)",1,99.76416652246428,6545
"(0.8887202421952387, 1.0)",1,99.7641360516002,6546
"(0.8976982097186702, 1.0)",1,99.76412631876552,6547
"(0.9153439153439156, 1.0)",1,99.76412586040314,6548
"(0.8814814814814814, 1.0)",1,99.76411014459796,6549
"(0.9665831244778612, 1.0)",2,99.76405552889317,6551
"(0.7640454555806062, 1.0)",1,99.7640454555806,6552
"(0.930704099821747, 1.0)",1,99.7640237774041,6553
"(0.944073617452092, 1.0)",1,99.76398931255784,6554
"(0.9303715638302106, 1.0)",1,99.7639828834706,6555
"(0.9166145507608924, 1.0)",3,99.763974496519,6558
"(0.8976982097186702, 1.0)",1,99.76396722367257,6559
"(0.8635976129582268, 1.0)",1,99.7639532959226,6560
"(0.9009534009534008, 1.0)",1,99.7639238503276,6561
"(0.8651903651903651, 1.0)",1,99.76385719068644,6562
"(0.9153439153439156, 1.0)",1,99.76385407964356,6563
"(0.8976982097186702, 1.0)",2,99.76384229333196,6565
"(0.9167853751187084, 1.0)",2,99.76382910427706,6567
"(0.933096859926128, 1.0)",1,99.76378469061396,6568
"(0.8137566137566138, 1.0)",1,99.76372534421316,6569
"(0.9165164082221422, 1.0)",1,99.76369738955688,6570
"(0.8976982097186702, 1.0)",1,99.76369147571194,6571
"(0.8885714285714285, 1.0)",1,99.76368503676774,6572
"(0.9167853751187084, 1.0)",1,99.76365811820382,6573
"(0.9445235834124724, 1.0)",1,99.76364543236548,6574
"(0.8633762288330498, 1.0)",1,99.76363814064824,6575
"(0.8294970161977834, 1.0)",4,99.76361995032072,6579
"(0.9583930063253372, 1.0)",1,99.76360045629023,6580
"(0.8885714285714285, 1.0)",1,99.76359576061644,6581
"(1.0, 1.0)",2,99.76354269037196,6583
"(0.7802197802197803, 1.0)",21,99.76354269037196,6604
"(0.8468951683237397, 1.0)",3,99.76350971908462,6607
"(0.8329050741331443, 1.0)",1,99.76349799576016,6608
"(0.8137566137566138, 1.0)",2,99.7634737727761,6610
"(0.8294970161977834, 1.0)",1,99.76347324420034,6611
"(0.8468951683237397, 1.0)",1,99.76346786962044,6612
"(0.8468951683237397, 1.0)",3,99.76344702325814,6615
"(0.9299160159815896, 1.0)",1,99.76344353486785,6616
"(0.9295946890286512, 1.0)",1,99.76342377503347,6617
"(0.9027777777777778, 1.0)",1,99.76341308171374,6618
"(0.8468951683237397, 1.0)",1,99.76338432743164,6619
"(0.8635976129582268, 1.0)",2,99.7633700737063,6621
"(0.9305983472650138, 1.0)",1,99.76335342458808,6622
"(0.930704099821747, 1.0)",1,99.76333098765974,6623
"(0.8468951683237397, 1.0)",4,99.76332753667717,6627
"(0.9299160159815896, 1.0)",2,99.76332547063164,6629
"(0.9441792447111594, 1.0)",1,99.76332191097404,6630
"(0.9303715638302106, 1.0)",1,99.76332056759304,6631
"(0.8468951683237397, 1.0)",1,99.76325814764758,6632
"(0.9299507899507898, 1.0)",3,99.76324806993036,6635
"(0.9166682405676116, 1.0)",1,99.7632064491184,6636
"(0.9158007932517735, 1.0)",1,99.76316051918688,6637
"(0.9166682405676116, 1.0)",1,99.76316047224684,6638
"(0.8635976129582268, 1.0)",2,99.76311578814288,6640
"(0.9299507899507898, 1.0)",1,99.76309313897832,6641
"(0.8736897274633123, 1.0)",1,99.76309312861838,6642
"(0.9441792447111594, 1.0)",1,99.76308436094234,6643
"(0.8635976129582268, 1.0)",1,99.76302543921533,6644
"(0.9326599326599326, 1.0)",3,99.76301807503852,6647
"(0.9583930063253372, 1.0)",1,99.76301550092904,6648
"(0.9583930063253372, 1.0)",1,99.76298898919607,6649
"(0.9, 1.0)",1,99.7629704493742,6650
"(0.9009287520039462, 1.0)",1,99.76295464359038,6651
"(1.0, 1.0)",1,99.76294815969264,6652
"(0.9583930063253372, 1.0)",1,99.76293587474008,6653
"(0.8468089381754635, 1.0)",1,99.76293400518632,6654
"(0.8635976129582268, 1.0)",1,99.76290336592253,6655
"(0.9027777777777778, 1.0)",1,99.7628649864771,6656
"(0.8796475392220073, 1.0)",1,99.76284521446075,6657
"(0.9581458989353726, 1.0)",2,99.76283177132592,6659
"(0.8796475392220073, 1.0)",2,99.76280336499656,6661
"(0.8880984643179766, 1.0)",1,99.76280226870244,6662
"(0.9166682405676116, 1.0)",2,99.7627813267768,6664
"(0.7903875985986362, 1.0)",1,99.76273734195902,6665
"(0.8137566137566138, 1.0)",2,99.76272648955576,6667
"(0.8796475392220073, 1.0)",2,99.76271982280775,6669
"(0.944563492063492, 1.0)",1,99.76271675362516,6670
"(0.9164652836623464, 1.0)",1,99.76269594736222,6671
"(0.9299160159815896, 1.0)",1,99.76268508242742,6672
"(0.8796475392220073, 1.0)",1,99.76268021429576,6673
"(0.8796475392220073, 1.0)",1,99.76265043377818,6674
"(0.9581458989353726, 1.0)",1,99.76262266184924,6675
"(0.933249791144528, 1.0)",1,99.76261448938602,6676
"(0.944073617452092, 1.0)",1,99.76256203916948,6677
"(0.8294970161977834, 1.0)",1,99.76253708536944,6678
"(0.8796475392220073, 1.0)",1,99.7625309471972,6679
"(0.8879365079365079, 1.0)",1,99.76250134920708,6680
"(0.8976982097186702, 1.0)",2,99.76239560382784,6682
"(0.9299507899507898, 1.0)",1,99.76238625503656,6683
"(0.8635976129582268, 1.0)",1,99.76226443845432,6684
"(0.9153439153439152, 1.0)",1,99.76223908366764,6685
"(0.8976982097186702, 1.0)",2,99.76221565730644,6687
"(0.901575014782562, 1.0)",1,99.76211698501427,6688
"(0.8732774170274171, 1.0)",1,99.76208120407856,6689
"(0.8885714285714285, 1.0)",1,99.76206914887533,6690
"(0.8976982097186702, 1.0)",1,99.7620422397417,6691
"(0.8976982097186702, 1.0)",1,99.7619795439152,6692
"(0.9301144010060736, 1.0)",1,99.76192489842072,6693
"(0.9295946890286512, 1.0)",1,99.76183067429096,6694
"(0.861111111111111, 1.0)",1,99.76175400578032,6695
"(0.9153439153439152, 1.0)",3,99.76164769805143,6698
"(0.844988344988345, 1.0)",2,99.76157311523166,6700
"(0.8586166985951469, 1.0)",1,99.76154180368655,6701
"(0.8615866942983156, 1.0)",2,99.76146145938488,6703
"(0.9169719169719168, 1.0)",1,99.7614059382352,6704
"(0.9665831244778612, 1.0)",1,99.76133497335962,6705
"(1.0, 1.0)",1,99.76133497335962,6706
"(0.7612958226768967, 1.0)",24,99.7612958226769,6730
"(0.8796475392220073, 1.0)",3,99.76116042207828,6733
"(0.9305983472650138, 1.0)",1,99.76112591953172,6734
"(0.861111111111111, 1.0)",1,99.76106941838648,6735
"(0.7944219523166891, 1.0)",1,99.76100507679456,6736
"(0.8813080639167598, 1.0)",1,99.76095560313875,6737
"(1.0, 1.0)",1,99.7609231803712,6738
"(0.859499940327008, 1.0)",1,99.76089371812796,6739
"(0.8796475392220073, 1.0)",1,99.76084207665758,6740
"(0.9497171590194846, 1.0)",1,99.76081784694944,6741
"(0.9497171590194848, 1.0)",1,99.76079700058712,6742
"(0.9665831244778612, 1.0)",1,99.76078092825014,6743
"(0.9833229101521784, 1.0)",1,99.76074724465788,6744
"(0.8300265307680562, 1.0)",1,99.76072102494,6745
"(0.9326599326599326, 1.0)",1,99.7607004262438,6746
"(0.8976982097186702, 1.0)",3,99.76066865909286,6749
"(0.8796475392220073, 1.0)",4,99.76066865909286,6753
"(0.861111111111111, 1.0)",1,99.760582010582,6754
"(0.9161379295307868, 1.0)",2,99.76057410212144,6756
"(0.8300265307680562, 1.0)",1,99.7605705433036,6757
"(0.861111111111111, 1.0)",3,99.76054542915008,6760
"(0.9497171590194846, 1.0)",2,99.76054542915008,6762
"(0.861111111111111, 1.0)",3,99.7605389373682,6765
"(0.9167853751187084, 1.0)",1,99.76050004902764,6766
"(0.8296970789758384, 1.0)",1,99.76046006522284,6767
"(0.861111111111111, 1.0)",1,99.76043771043771,6768
"(0.9666562434855118, 1.0)",1,99.76042728725656,6769
"(0.844988344988345, 1.0)",2,99.76033226033226,6771
"(0.7601281633539698, 1.0)",1,99.76012816335395,6772
"(0.898989898989899, 1.0)",1,99.760101010101,6773
"(0.9158007932517735, 1.0)",1,99.76009679892276,6774
"(0.901575014782562, 1.0)",1,99.760081959227,6775
"(0.8848000715856217, 1.0)",1,99.75997033644472,6776
"(0.8432903075760217, 1.0)",1,99.75995748794676,6777
"(0.776488287126585, 1.0)",8,99.75981119727876,6785
"(0.7764882871265849, 1.0)",1,99.75981119727876,6786
"(0.9153439153439152, 1.0)",1,99.7597779366072,6787
"(0.861111111111111, 1.0)",1,99.7597779366072,6788
"(0.9153439153439156, 1.0)",3,99.7597779366072,6791
"(0.9167853751187084, 1.0)",2,99.75974579815404,6793
"(0.826388888888889, 1.0)",1,99.7596805294976,6794
"(0.826388888888889, 1.0)",1,99.75961783367111,6795
"(0.8151249335459861, 1.0)",1,99.7595895258398,6796
"(0.826388888888889, 1.0)",1,99.7595551378446,6797
"(0.8151249335459861, 1.0)",2,99.75949911392104,6799
"(0.8796475392220073, 1.0)",5,99.759295078444,6804
"(0.9437903841498612, 1.0)",2,99.75889313453926,6806
"(0.861111111111111, 1.0)",7,99.75880932082978,6813
"(0.8976982097186702, 1.0)",3,99.75880932082978,6816
"(0.8420013166556946, 1.0)",2,99.7586367137789,6818
"(0.8420013166556947, 1.0)",1,99.7585531715901,6819
"(0.8420013166556946, 1.0)",1,99.7585531715901,6820
"(0.808446455505279, 1.0)",3,99.7584151859618,6823
"(0.7916666666666666, 1.0)",1,99.75833333333333,6824
"(0.8420013166556946, 1.0)",1,99.75830160015305,6825
"(0.8635976129582268, 1.0)",1,99.75826245563948,6826
"(0.7916666666666666, 1.0)",7,99.75824979114452,6833
"(0.916104916104916, 1.0)",1,99.7581062327606,6834
"(0.8420013166556947, 1.0)",1,99.7581062327606,6835
"(0.9165164082221422, 1.0)",1,99.75807610963848,6836
"(0.8420013166556946, 1.0)",2,99.7579841594678,6838
"(0.9326599326599326, 1.0)",1,99.7579841594678,6839
"(0.9833229101521784, 1.0)",1,99.75796534340672,6840
"(1.0, 1.0)",3,99.75792608475535,6843
"(1.0, 1.0)",3,99.7577451665502,6846
"(0.757745166550198, 1.0)",19,99.7577451665502,6865
"(0.9008627640703112, 1.0)",1,99.75758661011275,6866
"(0.9299160159815896, 1.0)",2,99.75752103194898,6868
"(0.9416450721400784, 1.0)",1,99.75743757715296,6869
"(0.8420013166556946, 1.0)",1,99.7573452319996,6870
"(0.9153439153439156, 1.0)",2,99.7573452319996,6872
"(0.8420013166556947, 1.0)",1,99.7573452319996,6873
"(0.8796475392220073, 1.0)",1,99.75733212634456,6874
"(0.861111111111111, 1.0)",1,99.7571204633615,6875
"(0.812557599070401, 1.0)",1,99.7571110610719,6876
"(0.9165164082221422, 1.0)",2,99.75700218777988,6878
"(0.8068904981347378, 1.0)",1,99.7568800749536,6879
"(0.8068904981347378, 1.0)",3,99.75679653276478,6882
"(0.7734344933751168, 1.0)",7,99.7567574035273,6889
"(0.9497171590194846, 1.0)",4,99.75674970796304,6893
"(0.8068904981347378, 1.0)",2,99.75660765715422,6895
"(0.9153439153439152, 1.0)",1,99.756253006253,6896
"(0.861111111111111, 1.0)",2,99.7561115355233,6898
"(0.8552744708994707, 1.0)",1,99.75597606603596,6899
"(0.944563492063492, 1.0)",1,99.7558553459407,6900
"(0.8222222222222222, 1.0)",1,99.75553470919324,6901
"(0.9666666666666668, 1.0)",1,99.75553470919324,6902
"(0.8222222222222222, 1.0)",2,99.75552428601208,6904
"(0.9833229101521784, 1.0)",1,99.75551386283094,6905
"(0.8222222222222222, 1.0)",5,99.75551386283094,6910
"(1.0, 1.0)",1,99.75548408231336,6911
"(0.9665831244778612, 1.0)",1,99.7554615901856,6912
"(0.9833229101521784, 1.0)",1,99.75545116700444,6913
"(0.8222222222222222, 1.0)",3,99.75545116700444,6916
"(1.0, 1.0)",1,99.75526229139388,6917
"(0.9497171590194846, 1.0)",1,99.75526229139388,6918
"(0.8222222222222222, 1.0)",1,99.75526229139388,6919
"(0.7965746171391332, 1.0)",1,99.75502370460136,6920
"(0.9326599326599326, 1.0)",1,99.75488215488215,6921
"(0.8222222222222222, 1.0)",3,99.75488215488215,6924
"(0.7880931329207191, 1.0)",3,99.75473895322509,6927
"(0.9665831244778612, 1.0)",1,99.7546762573986,6928
"(0.7880931329207191, 1.0)",1,99.7546762573986,6929
"(0.8222222222222222, 1.0)",1,99.75451500817354,6930
"(0.8374727668845315, 1.0)",1,99.75408731764544,6931
"(0.8374727668845315, 1.0)",2,99.75402462181891,6933
"(0.9192093318943212, 1.0)",1,99.75395774297512,6934
"(0.8374727668845315, 1.0)",4,99.75383574620838,6938
"(0.8372053872053872, 1.0)",1,99.75381993796628,6939
"(0.8374727668845315, 1.0)",1,99.75377305038188,6940
"(0.8372053872053872, 1.0)",2,99.75375724213978,6942
"(0.9833229101521784, 1.0)",1,99.75365158779792,6943
"(0.8229870141950848, 1.0)",2,99.75362096705648,6945
"(0.8229870141950848, 1.0)",1,99.75339231130611,6946
"(0.9153439153439152, 1.0)",1,99.7530513158516,6947
"(0.837707400507675, 1.0)",1,99.7530513158516,6948
"(0.8697983697983697, 1.0)",1,99.75293334921062,6949
"(0.7860737114103088, 1.0)",1,99.75271953171466,6950
"(0.9833229101521784, 1.0)",2,99.75250991589832,6952
"(0.8703703703703703, 1.0)",1,99.75236010601864,6953
"(1.0, 1.0)",1,99.75224438382332,6954
"(0.7687400318979267, 1.0)",1,99.7520629420501,6955
"(0.9665831244778612, 1.0)",1,99.75203673895396,6956
"(0.9167853751187084, 1.0)",3,99.7518673187142,6959
"(1.0, 1.0)",1,99.7517377321299,6960
"(0.9499687304565352, 1.0)",1,99.75169088583723,6961
"(0.9833229101521784, 1.0)",1,99.75163652401072,6962
"(0.8016677935542034, 1.0)",1,99.75163652401072,6963
"(0.8840048840048841, 1.0)",1,99.75157919669368,6964
"(0.8016677935542034, 1.0)",12,99.75157382818423,6976
"(0.9497171590194846, 1.0)",1,99.75138495257367,6977
"(0.8016677935542034, 1.0)",3,99.75138495257367,6980
"(0.8692185007974482, 1.0)",1,99.75133773657522,6981
"(0.7511111111111112, 1.0)",1,99.75111111111111,6982
"(0.7511111111111111, 1.0)",27,99.75111111111111,7009
"(0.868077055383557, 1.0)",1,99.75108585501177,7010
"(0.9167853751187084, 1.0)",1,99.7510148174573,7011
"(0.8840048840048841, 1.0)",1,99.75097531195092,7012
"(0.8312205288949474, 1.0)",1,99.75097072619116,7013
"(0.9666562434855118, 1.0)",1,99.75096346353324,7014
"(0.8762860082304527, 1.0)",1,99.75085942985802,7015
"(0.9300671002153482, 1.0)",1,99.75079342991764,7016
"(0.930704099821747, 1.0)",1,99.75078935976472,7017
"(0.9167853751187084, 1.0)",1,99.75078814752555,7018
"(0.8341307814992026, 1.0)",3,99.7507453322601,7021
"(0.868077055383557, 1.0)",1,99.75072656486232,7022
"(0.9008025849489264, 1.0)",1,99.75071919949968,7023
"(0.944563492063492, 1.0)",1,99.7506922492863,7024
"(0.9665831244778612, 1.0)",1,99.75068926224252,7025
"(0.9161952650324744, 1.0)",2,99.75068449952173,7027
"(0.9008025849489264, 1.0)",2,99.75064608049205,7029
"(0.9584987529902784, 1.0)",1,99.75064218090058,7030
"(0.9303715638302106, 1.0)",1,99.75064213509516,7031
"(0.9166145507608924, 1.0)",1,99.750628865263,7032
"(0.917469251615593, 1.0)",1,99.75057296148438,7033
"(0.930704099821747, 1.0)",1,99.75051803113143,7034
"(0.934122934122934, 1.0)",1,99.7504868583174,7035
"(0.917415489944373, 1.0)",1,99.75042672346908,7036
"(0.917415489944373, 1.0)",1,99.75041465452249,7037
"(0.917469251615593, 1.0)",1,99.75038487400492,7038
"(0.7503607503607503, 1.0)",10,99.75036075036076,7048
"(0.9003556829643787, 1.0)",1,99.7500946332168,7049
"(0.917415489944373, 1.0)",1,99.750052638371,7050
"(0.9169719169719168, 1.0)",1,99.75003377737652,7051
"(0.9003556829643787, 1.0)",1,99.750011091028,7052
"(0.8053381731676306, 1.0)",1,99.75000753888963,7053
"(0.8, 1.0)",1,99.74996873045654,7054
"(0.9008025849489264, 1.0)",1,99.74995167671676,7055
"(0.9441792447111594, 1.0)",1,99.74994892054664,7056
"(0.8166903745851114, 1.0)",1,99.74991931936734,7057
"(0.9165164082221422, 1.0)",1,99.74991169313807,7058
"(0.9, 1.0)",1,99.7499061913696,7059
"(0.8468089381754635, 1.0)",2,99.74989817609114,7061
"(0.9445235834124724, 1.0)",1,99.74989361048829,7062
"(0.7498436522826767, 1.0)",1,99.74984365228268,7063
"(0.9166145507608924, 1.0)",1,99.74984365228268,7064
"(0.9165164082221422, 1.0)",1,99.74977030041796,7065
"(0.917469251615593, 1.0)",1,99.74975237792503,7066
"(0.9333333333333332, 1.0)",2,99.7496972575278,7068
"(0.9333333333333332, 1.0)",1,99.7496972575278,7069
"(0.9583930063253372, 1.0)",2,99.74969346751978,7071
"(0.8468089381754635, 1.0)",1,99.74961560850558,7072
"(0.930124456440246, 1.0)",1,99.74955718953606,7073
"(0.9161379295307868, 1.0)",1,99.74954697566945,7074
"(0.9299507899507898, 1.0)",1,99.74951385162848,7075
"(0.9161952650324744, 1.0)",1,99.7495077520035,7076
"(0.944563492063492, 1.0)",1,99.74947866108631,7077
"(0.7994987468671678, 1.0)",2,99.7494674773237,7079
"(0.8796475392220073, 1.0)",1,99.74944590902038,7080
"(0.9161952650324744, 1.0)",1,99.749445056177,7081
"(0.9720813204508856, 1.0)",1,99.74941278172705,7082
"(0.9331662489557224, 1.0)",2,99.7494047814972,7084
"(0.930124456440246, 1.0)",1,99.74939451943212,7085
"(0.9333333333333332, 1.0)",1,99.74938299026428,7086
"(0.9161952650324744, 1.0)",1,99.74938251709008,7087
"(0.9166682405676116, 1.0)",1,99.7493655338758,7088
"(0.9583930063253372, 1.0)",1,99.7493633741434,7089
"(0.9833229101521784, 1.0)",2,99.74935412270376,7091
"(0.816195709052852, 1.0)",1,99.74929256897896,7092
"(0.816195709052852, 1.0)",1,99.74923577822452,7093
"(0.8165520116739629, 1.0)",2,99.7492119443339,7095
"(0.9161952650324744, 1.0)",1,99.7492064985572,7096
"(0.9161952650324744, 1.0)",1,99.74911088742178,7097
"(0.8468089381754635, 1.0)",1,99.74910147135034,7098
"(0.868077055383557, 1.0)",1,99.7490981752544,7099
"(0.9299507899507898, 1.0)",1,99.74909450170198,7100
"(0.9326599326599326, 1.0)",1,99.74904470321673,7101
"(0.944073617452092, 1.0)",1,99.7490273556848,7102
"(0.8653198653198653, 1.0)",1,99.74899845843642,7103
"(0.882673371045464, 1.0)",1,99.74898035316797,7104
"(0.8490736316823273, 1.0)",1,99.7489692431312,7105
"(0.8736897274633123, 1.0)",1,99.74895001777143,7106
"(0.9583930063253372, 1.0)",1,99.7489405818964,7107
"(0.9331662489557224, 1.0)",1,99.74889846520142,7108
"(0.8678757556806338, 1.0)",1,99.74889687555148,7109
"(0.9665831244778612, 1.0)",1,99.74888654624154,7110
"(0.9161952650324744, 1.0)",1,99.7488324134591,7111
"(0.901575014782562, 1.0)",1,99.7488243575628,7112
"(0.7903875985986362, 1.0)",2,99.74869088024306,7114
"(0.7903875985986362, 1.0)",1,99.74865094669248,7115
"(0.8732774170274171, 1.0)",1,99.74859524741922,7116
"(0.8319340617212959, 1.0)",1,99.7484850997579,7117
"(0.9326599326599326, 1.0)",2,99.74843898316298,7119
"(0.9299160159815896, 1.0)",1,99.74843432689454,7120
"(0.7651046271735927, 1.0)",1,99.74842753732575,7121
"(0.9497171590194846, 1.0)",1,99.74838804241438,7122
"(0.9153439153439156, 1.0)",1,99.74838492938622,7123
"(0.859499940327008, 1.0)",1,99.74838452577168,7124
"(0.9441792447111594, 1.0)",1,99.74837455497084,7125
"(0.934122934122934, 1.0)",1,99.748372998776,7126
"(0.9326599326599326, 1.0)",1,99.74835953096824,7127
"(0.9153439153439156, 1.0)",1,99.74834229179096,7128
"(0.9158007932517735, 1.0)",1,99.7482997561571,7129
"(0.8736897274633123, 1.0)",1,99.74829774784128,7130
"(0.8329156223893065, 1.0)",3,99.74825953773322,7133
"(0.8976982097186702, 1.0)",1,99.74824337605332,7134
"(0.8316498316498316, 1.0)",1,99.74813899075772,7135
"(0.9506533178503804, 1.0)",1,99.74812572226568,7136
"(0.9720813204508856, 1.0)",1,99.74810659528742,7137
"(0.8651903651903651, 1.0)",1,99.74803480644304,7138
"(0.7982894736842105, 1.0)",1,99.74800663270368,7139
"(0.9497171590194848, 1.0)",1,99.74795529615363,7140
"(0.7979797979797979, 1.0)",2,99.74794852843632,7142
"(1.0, 1.0)",1,99.74794852843632,7143
"(0.7979797979797979, 1.0)",1,99.74788583260984,7144
"(0.9009287520039462, 1.0)",1,99.74784038716292,7145
"(0.8324561403508771, 1.0)",1,99.7478000556948,7146
"(0.9158007932517735, 1.0)",1,99.7477572363588,7147
"(0.868077055383557, 1.0)",1,99.74772459460556,7148
"(0.7979797979797979, 1.0)",2,99.74769695699928,7150
"(0.9, 1.0)",1,99.7476669401752,7151
"(0.7643097643097643, 1.0)",2,99.74763267446194,7153
"(0.930124456440246, 1.0)",1,99.74761051444835,7154
"(0.8976982097186702, 1.0)",1,99.74760424434872,7155
"(0.8976982097186702, 1.0)",1,99.7475833979864,7156
"(0.8976982097186702, 1.0)",1,99.7475207021599,7157
"(0.8586166985951469, 1.0)",1,99.74746056012806,7158
"(0.8653198653198653, 1.0)",1,99.74743910109764,7159
"(0.8814814814814814, 1.0)",1,99.74743305475012,7160
"(0.8677838677838676, 1.0)",1,99.74743140700588,7161
"(0.9, 1.0)",1,99.74741536873816,7162
"(0.8976982097186702, 1.0)",1,99.74741536873816,7163
"(0.901575014782562, 1.0)",2,99.74737931228064,7165
"(0.944073617452092, 1.0)",1,99.7473559512618,7166
"(0.80285509389987, 1.0)",1,99.74729953834432,7167
"(0.9326599326599326, 1.0)",1,99.74724690514164,7168
"(0.916104916104916, 1.0)",1,99.7470947664323,7169
"(0.8586166985951469, 1.0)",1,99.74708569360024,7170
"(0.8976982097186702, 1.0)",1,99.74707791410032,7171
"(0.8137865219658889, 1.0)",2,99.74701546674812,7173
"(0.859499940327008, 1.0)",1,99.74697477755018,7174
"(0.9166145507608924, 1.0)",1,99.7469726931395,7175
"(0.9581458989353726, 1.0)",1,99.74696957808698,7176
"(0.8814814814814814, 1.0)",1,99.74692362741143,7177
"(0.7802197802197803, 1.0)",2,99.74688644688644,7179
"(1.0, 1.0)",1,99.74686560052412,7180
"(0.7802197802197803, 1.0)",1,99.74686560052412,7181
"(0.9833229101521784, 1.0)",8,99.74686560052412,7189
"(0.9326599326599326, 1.0)",1,99.7468473014865,7190
"(0.7802197802197803, 1.0)",14,99.74680290469765,7204
"(0.8635976129582268, 1.0)",1,99.74673259237048,7205
"(0.8635976129582268, 1.0)",1,99.74669298385848,7206
"(0.8635976129582268, 1.0)",1,99.74663768212989,7207
"(0.8633762288330498, 1.0)",1,99.7466365998983,7208
"(0.9499358151476252, 1.0)",1,99.74659509653092,7209
"(1.0, 1.0)",1,99.74656531601332,7210
"(0.8635976129582268, 1.0)",1,99.74654371675992,7211
"(0.8294970161977834, 1.0)",1,99.74649871368727,7212
"(0.8813080639167598, 1.0)",1,99.74649842910712,7213
"(0.8633762288330498, 1.0)",1,99.7464485124188,7214
"(0.8432903075760217, 1.0)",2,99.7464445179961,7216
"(0.8887202421952387, 1.0)",2,99.74632606230104,7218
"(0.9, 1.0)",1,99.74629335952636,7219
"(0.9303715638302106, 1.0)",1,99.74621634082992,7220
"(0.8651903651903651, 1.0)",1,99.7462114850612,7221
"(0.8976982097186702, 1.0)",2,99.7462114850612,7223
"(0.8848000715856217, 1.0)",1,99.74618477953987,7224
"(0.8976982097186702, 1.0)",1,99.74613898498872,7225
"(0.8294970161977834, 1.0)",5,99.74611156695867,7230
"(0.8976982097186702, 1.0)",1,99.74608219423423,7231
"(0.8432903075760217, 1.0)",1,99.74605496157268,7232
"(0.9666562434855118, 1.0)",1,99.7460531561411,7233
"(0.8796475392220073, 1.0)",1,99.74604273295996,7234
"(0.7460317460317459, 1.0)",1,99.74603174603176,7235
"(0.8796475392220073, 1.0)",1,99.74598003713344,7236
"(0.9499687304565352, 1.0)",1,99.7459792490024,7237
"(0.9666562434855118, 1.0)",4,99.74592697635704,7241
"(0.901575014782562, 1.0)",1,99.74583385721624,7242
"(0.9161952650324744, 1.0)",1,99.745811534711,7243
"(0.8976982097186702, 1.0)",1,99.74575229662248,7244
"(0.8848000715856217, 1.0)",1,99.74574708196872,7245
"(0.9192093318943212, 1.0)",1,99.74568437638985,7246
"(0.8566900022492128, 1.0)",1,99.74559163115865,7247
"(0.8468951683237397, 1.0)",1,99.74556199381983,7248
"(0.8796475392220073, 1.0)",1,99.74553641666417,7249
"(0.8294970161977834, 1.0)",1,99.74547985900988,7250
"(0.844988344988345, 1.0)",3,99.74534402795273,7253
"(0.8151249335459861, 1.0)",1,99.74523177936712,7254
"(0.8872426490351017, 1.0)",2,99.74516833411268,7256
"(0.8840455840455841, 1.0)",1,99.7451566951567,7257
"(1.0, 1.0)",1,99.74497684125411,7258
"(0.9153439153439152, 1.0)",1,99.74497060820362,7259
"(0.8796475392220073, 1.0)",1,99.74496740454188,7260
"(0.8796475392220073, 1.0)",1,99.7447086135854,7261
"(0.8976982097186702, 1.0)",3,99.7446965428486,7264
"(0.8848000715856217, 1.0)",1,99.7446321035488,7265
"(0.7612958226768967, 1.0)",7,99.74461873282908,7272
"(0.8467532467532467, 1.0)",1,99.74445145647192,7273
"(0.844988344988345, 1.0)",1,99.74441617124543,7274
"(0.7944219523166891, 1.0)",5,99.74439068277324,7279
"(0.9192093318943212, 1.0)",1,99.7443891160824,7280
"(0.9331662489557224, 1.0)",1,99.74424609052338,7281
"(0.861111111111111, 1.0)",1,99.74415951925133,7282
"(0.9833229101521784, 1.0)",1,99.74399156924504,7283
"(0.8796475392220073, 1.0)",2,99.74399156924504,7285
"(0.9192093318943212, 1.0)",1,99.7437919899958,7286
"(0.882673371045464, 1.0)",1,99.74378448215656,7287
"(0.8266173510466989, 1.0)",1,99.74375445327078,7288
"(0.9326599326599326, 1.0)",1,99.74373977422758,7289
"(0.9665831244778612, 1.0)",1,99.74367707840108,7290
"(0.9442283950617284, 1.0)",1,99.74367336300926,7291
"(0.7435897435897435, 1.0)",4,99.74358974358977,7295
"(0.9326599326599326, 1.0)",1,99.74348820279052,7296
"(0.861111111111111, 1.0)",1,99.74348820279052,7297
"(0.7601164382773579, 1.0)",1,99.74343934842952,7298
"(0.7711781618000022, 1.0)",1,99.74338662910212,7299
"(0.7713401051412279, 1.0)",2,99.7433860816515,7301
"(0.8635976129582268, 1.0)",3,99.74324515218024,7304
"(0.861111111111111, 1.0)",4,99.7431216931217,7308
"(0.9153439153439156, 1.0)",1,99.74310084675938,7309
"(0.776488287126585, 1.0)",4,99.74307141160445,7313
"(0.8266173510466989, 1.0)",1,99.7430499632688,7314
"(1.0, 1.0)",1,99.74302531849702,7315
"(0.8633762288330498, 1.0)",1,99.74302376805504,7316
"(0.812557599070401, 1.0)",1,99.74301632372084,7317
"(0.826388888888889, 1.0)",1,99.74301386283094,7318
"(0.826388888888889, 1.0)",1,99.74300343964978,7319
"(0.826388888888889, 1.0)",1,99.7429615901856,7320
"(0.9009534009534008, 1.0)",1,99.7429547176091,7321
"(0.826388888888889, 1.0)",1,99.74294074382328,7322
"(0.8615866942983156, 1.0)",1,99.74278123173389,7323
"(0.861111111111111, 1.0)",1,99.7427409195702,7324
"(0.8796475392220073, 1.0)",2,99.7426179885962,7326
"(0.9665831244778612, 1.0)",1,99.74258919451026,7327
"(0.944073617452092, 1.0)",1,99.74238015100624,7328
"(0.861111111111111, 1.0)",1,99.74213223098197,7329
"(0.8976982097186702, 1.0)",5,99.74213223098197,7334
"(0.7421018697614443, 1.0)",1,99.74210186976144,7335
"(0.944563492063492, 1.0)",1,99.74205603255024,7336
"(0.9166145507608924, 1.0)",1,99.74193877756876,7337
"(0.8420013166556946, 1.0)",2,99.74181338591578,7339
"(0.917849761232425, 1.0)",1,99.7417784568328,7340
"(0.8420013166556946, 1.0)",2,99.7417439968862,7342
"(0.808446455505279, 1.0)",1,99.741738096114,7343
"(0.8420013166556946, 1.0)",1,99.74168130105969,7344
"(0.808446455505279, 1.0)",3,99.7416754002875,7347
"(0.7916666666666666, 1.0)",1,99.7416353971232,7348
"(0.7416325017951034, 1.0)",14,99.7416325017951,7362
"(0.808446455505279, 1.0)",1,99.741612704461,7363
"(0.7916666666666666, 1.0)",2,99.7415727012967,7365
"(0.9497171590194846, 1.0)",1,99.74148652467694,7366
"(0.808446455505279, 1.0)",1,99.74148652467694,7367
"(0.7916666666666666, 1.0)",2,99.74138382568614,7369
"(0.861111111111111, 1.0)",2,99.7412979181272,7371
"(0.8420013166556946, 1.0)",2,99.74124437379348,7373
"(0.9665831244778612, 1.0)",1,99.74118629908104,7374
"(0.9326599326599326, 1.0)",1,99.7411063881652,7375
"(0.7965746171391332, 1.0)",1,99.74109424098322,7376
"(1.0, 1.0)",1,99.74106807670238,7377
"(0.757745166550198, 1.0)",11,99.74106807670238,7388
"(0.9833229101521784, 1.0)",4,99.74106807670238,7392
"(0.861111111111111, 1.0)",3,99.74075865033312,7395
"(0.8796475392220073, 1.0)",8,99.74075865033312,7403
"(0.9153439153439156, 1.0)",1,99.7406681421518,7404
"(0.9833229101521784, 1.0)",1,99.74065503649672,7405
"(0.8101143854687974, 1.0)",3,99.74058023417273,7408
"(0.8101143854687974, 1.0)",2,99.74053714293494,7410
"(0.8101143854687974, 1.0)",1,99.74051968257984,7411
"(0.8101143854687974, 1.0)",1,99.74048882687254,7412
"(0.8101143854687974, 1.0)",1,99.74035498905054,7413
"(0.7734344933751168, 1.0)",3,99.74008031367948,7416
"(0.8068904981347378, 1.0)",2,99.74005674709046,7418
"(0.7734344933751168, 1.0)",1,99.74001761785296,7419
"(0.8068904981347378, 1.0)",1,99.7399305673064,7420
"(0.9833229101521784, 1.0)",1,99.73991231516578,7421
"(0.8229870141950848, 1.0)",1,99.7398184987615,7422
"(0.8222222222222222, 1.0)",1,99.73976883860604,7423
"(0.8976982097186702, 1.0)",2,99.73969952637437,7425
"(0.8420013166556946, 1.0)",7,99.73969952637437,7432
"(0.8068904981347378, 1.0)",2,99.73955043079468,7434
"(0.8222222222222222, 1.0)",4,99.73883677298312,7438
"(0.8222222222222222, 1.0)",1,99.73879492351892,7439
"(0.8222222222222222, 1.0)",3,99.73877407715662,7442
"(0.9164652836623464, 1.0)",1,99.73868750588456,7443
"(0.8222222222222222, 1.0)",1,99.73858520154609,7444
"(0.9833229101521784, 1.0)",2,99.7385671249552,7446
"(0.9497171590194848, 1.0)",1,99.73852250571956,7447
"(0.916104916104916, 1.0)",1,99.73832713832714,7448
"(0.8222222222222222, 1.0)",2,99.73820506503434,7450
"(0.7880931329207191, 1.0)",3,99.73806186337724,7453
"(0.7880931329207191, 1.0)",1,99.73799916755075,7454
"(0.9153439153439152, 1.0)",1,99.73756613756612,7455
"(0.8222222222222222, 1.0)",2,99.73756613756612,7457
"(0.8374727668845315, 1.0)",1,99.7374102277976,7458
"(0.8372053872053872, 1.0)",1,99.73708015229197,7459
"(0.9666562434855118, 1.0)",1,99.73707595253086,7460
"(0.9300671002153482, 1.0)",1,99.73703465616283,7461
"(0.7647742788871822, 1.0)",1,99.73695053677773,7462
"(0.8374727668845315, 1.0)",1,99.73686886877638,7463
"(0.9580331374974232, 1.0)",1,99.73658932179168,7464
"(0.9018806250259218, 1.0)",1,99.73631848249008,7465
"(0.7362637362637362, 1.0)",4,99.73626373626374,7469
"(0.8887202421952387, 1.0)",2,99.7362279296803,7471
"(0.9295946890286512, 1.0)",1,99.73621190659284,7472
"(0.868077055383557, 1.0)",1,99.73615411076712,7473
"(0.9442283950617284, 1.0)",1,99.73603020222616,7474
"(0.8339475360293065, 1.0)",1,99.73599110758146,7475
"(0.9166682405676116, 1.0)",1,99.73597725869476,7476
"(0.9027777777777778, 1.0)",2,99.73593080097768,7478
"(0.9165164082221422, 1.0)",1,99.73590886146094,7479
"(0.9299160159815896, 1.0)",1,99.73590854535432,7480
"(0.9167853751187084, 1.0)",1,99.7357564321386,7481
"(0.9157169990503324, 1.0)",1,99.73575595495788,7482
"(0.944073617452092, 1.0)",1,99.73569267989264,7483
"(0.9167853751187084, 1.0)",1,99.73565113239404,7484
"(0.9027777777777778, 1.0)",1,99.73557307855224,7485
"(0.9666562434855118, 1.0)",1,99.73554412106348,7486
"(0.9441792447111594, 1.0)",1,99.73552137882284,7487
"(0.9583930063253372, 1.0)",1,99.73543217316714,7488
"(0.8976982097186702, 1.0)",1,99.73540561022634,7489
"(0.837707400507675, 1.0)",1,99.73540561022634,7490
"(0.7687400318979267, 1.0)",1,99.73538585220228,7491
"(0.8613656783468103, 1.0)",1,99.73538324570552,7492
"(0.930704099821747, 1.0)",1,99.7353775571599,7493
"(0.901575014782562, 1.0)",5,99.735359477865,7498
"(0.944563492063492, 1.0)",1,99.73527159334104,7499
"(0.7686844739476318, 1.0)",1,99.7352675984255,7500
"(1.0, 1.0)",1,99.7352604033514,7501
"(0.9583930063253372, 1.0)",1,99.73524904619944,7502
"(0.8319340617212959, 1.0)",1,99.73509843283294,7503
"(0.9666562434855118, 1.0)",1,99.73496985734408,7504
"(0.8016677935542034, 1.0)",1,99.73495943416292,7505
"(0.9299507899507898, 1.0)",1,99.73495109895497,7506
"(0.8016677935542034, 1.0)",1,99.73492965364534,7507
"(0.9295946890286512, 1.0)",1,99.73492921517384,7508
"(0.933249791144528, 1.0)",1,99.73491758469874,7509
"(0.8736897274633123, 1.0)",1,99.7349092765632,7510
"(0.8840048840048841, 1.0)",1,99.73490210684588,7511
"(0.9009287520039462, 1.0)",1,99.73483548973942,7512
"(0.9299507899507898, 1.0)",1,99.73483309039275,7513
"(0.930124456440246, 1.0)",1,99.73478634838276,7514
"(0.8016677935542034, 1.0)",1,99.73470786272588,7515
"(0.9441792447111594, 1.0)",1,99.7346567107598,7516
"(0.8319340617212959, 1.0)",1,99.7344564113348,7517
"(0.7511111111111111, 1.0)",3,99.7344340212633,7520
"(0.9299507899507898, 1.0)",1,99.73441282531302,7521
"(0.9167853751187084, 1.0)",2,99.73440759515049,7523
"(0.9299507899507898, 1.0)",1,99.7343807570312,7524
"(0.9497171590194846, 1.0)",1,99.73435704525056,7525
"(0.901575014782562, 1.0)",1,99.73434000653327,7526
"(0.9326599326599326, 1.0)",4,99.73432772621412,7530
"(0.9295946890286512, 1.0)",1,99.73429874074168,7531
"(0.8177442148030384, 1.0)",1,99.73423337391094,7532
"(0.9326599326599326, 1.0)",1,99.73419744151452,7533
"(0.9295946890286512, 1.0)",1,99.73418086604104,7534
"(1.0, 1.0)",2,99.7340930674264,7536
"(0.7340930674264007, 1.0)",31,99.7340930674264,7567
"(0.7340930674264006, 1.0)",11,99.7340930674264,7578
"(0.8341307814992026, 1.0)",5,99.73406824241228,7583
"(0.8319340617212959, 1.0)",1,99.7340121965473,7584
"(0.901575014782562, 1.0)",2,99.73396116738834,7586
"(0.9666562434855118, 1.0)",1,99.73395828645404,7587
"(0.9665831244778612, 1.0)",1,99.73394534376116,7588
"(0.8840048840048841, 1.0)",1,99.7339319217368,7589
"(0.8165520116739629, 1.0)",1,99.73393092905287,7590
"(0.8887202421952387, 1.0)",1,99.73389438285552,7591
"(0.917415489944373, 1.0)",1,99.73384210996534,7592
"(0.8736897274633123, 1.0)",1,99.73381566673837,7593
"(0.9720813204508856, 1.0)",1,99.73380655813882,7594
"(0.917469251615593, 1.0)",1,99.73379132634588,7595
"(0.8840048840048841, 1.0)",2,99.73378568372148,7597
"(0.9437903841498612, 1.0)",2,99.73377953267868,7599
"(0.917415489944373, 1.0)",1,99.73377941413884,7600
"(0.917469251615593, 1.0)",2,99.73377047998358,7602
"(0.8796475392220073, 1.0)",1,99.73376696477,7603
"(0.934122934122934, 1.0)",1,99.7336843768166,7604
"(0.7503607503607503, 1.0)",4,99.73368366051292,7608
"(0.8840048840048841, 1.0)",2,99.73365950393745,7610
"(0.934122934122934, 1.0)",1,99.7336216809901,7611
"(0.8976982097186702, 1.0)",1,99.73358394883022,7612
"(0.859499940327008, 1.0)",1,99.73345210062776,7613
"(0.9009534009534008, 1.0)",1,99.73342540287342,7614
"(0.9665831244778612, 1.0)",2,99.7334179667844,7616
"(0.9009534009534008, 1.0)",1,99.73336270704692,7617
"(0.9003556829643787, 1.0)",1,99.73327130535368,7618
"(0.9003556829643787, 1.0)",1,99.73327051722262,7619
"(0.8653198653198653, 1.0)",1,99.73322075632731,7620
"(0.8635976129582268, 1.0)",1,99.73321106897542,7621
"(0.9161952650324744, 1.0)",1,99.7331810807943,7622
"(0.9003556829643787, 1.0)",1,99.73314512556962,7623
"(0.901575014782562, 1.0)",1,99.73305176758826,7624
"(0.8997493734335841, 1.0)",1,99.73302016768,7625
"(0.9437903841498612, 1.0)",1,99.73301438223136,7626
"(0.9333333333333332, 1.0)",1,99.7329991645781,7627
"(0.8579868984630887, 1.0)",1,99.73294408256628,7628
"(0.8016677935542034, 1.0)",1,99.73288472477114,7629
"(0.8997493734335841, 1.0)",1,99.73285308330236,7630
"(0.9161952650324744, 1.0)",1,99.73283066215568,7631
"(0.8997493734335841, 1.0)",1,99.7328112338382,7632
"(0.7994987468671678, 1.0)",1,99.73279038747587,7633
"(0.9666562434855118, 1.0)",1,99.73273811483054,7634
"(0.9720813204508856, 1.0)",1,99.73273158146252,7635
"(0.8997493734335841, 1.0)",1,99.7327276916494,7636
"(0.8997493734335841, 1.0)",1,99.73272690351833,7637
"(0.7326649958228906, 1.0)",1,99.73266499582289,7638
"(0.8997493734335841, 1.0)",1,99.73266499582289,7639
"(0.9161952650324744, 1.0)",2,99.73266357777808,7641
"(0.917849761232425, 1.0)",1,99.73265359643976,7642
"(0.8976982097186702, 1.0)",1,99.7325898982689,7643
"(0.8599206349206349, 1.0)",2,99.73257728650532,7645
"(0.9161952650324744, 1.0)",1,99.73255918922696,7646
"(0.9153439153439156, 1.0)",1,99.73249681548336,7647
"(0.8158879904162925, 1.0)",1,99.73245376154532,7648
"(0.8491918316699293, 1.0)",1,99.73234765744448,7649
"(0.9833229101521784, 1.0)",4,99.73231577167316,7653
"(0.9161952650324744, 1.0)",1,99.73228582655696,7654
"(0.8579868984630887, 1.0)",1,99.73227298899538,7655
"(0.9331662489557224, 1.0)",1,99.73226820961096,7656
"(0.7656073923822403, 1.0)",3,99.7322532126866,7659
"(0.8432903075760217, 1.0)",1,99.732251460295,7660
"(0.917849761232425, 1.0)",1,99.73217906589916,7661
"(0.9666562434855118, 1.0)",1,99.73215245300806,7662
"(0.9018806250259218, 1.0)",1,99.73205143800924,7663
"(0.7485857950974231, 1.0)",1,99.7319087052496,7664
"(0.8653198653198653, 1.0)",1,99.73190314653728,7665
"(0.901575014782562, 1.0)",2,99.73187772747802,7667
"(0.8296970789758384, 1.0)",1,99.73180998777104,7668
"(0.9161952650324744, 1.0)",1,99.73173860566762,7669
"(0.8997493734335841, 1.0)",2,99.7316451437119,7671
"(0.930124456440246, 1.0)",1,99.73163004725043,7672
"(0.8653198653198653, 1.0)",1,99.73162684744236,7673
"(0.882673371045464, 1.0)",1,99.73158056141608,7674
"(0.8653198653198653, 1.0)",1,99.73152618344724,7675
"(0.8316498316498316, 1.0)",1,99.73146190090992,7676
"(0.8476190476190477, 1.0)",1,99.73145914076149,7677
"(0.8432903075760217, 1.0)",1,99.73144272666332,7678
"(0.9326599326599326, 1.0)",4,99.73142640308326,7682
"(0.8814814814814814, 1.0)",1,99.7313249770246,7683
"(0.882673371045464, 1.0)",1,99.7313110733417,7684
"(0.9833229101521784, 1.0)",2,99.73130156289274,7686
"(0.8848000715856217, 1.0)",1,99.73129144278798,7687
"(0.9331662489557224, 1.0)",1,99.7312622811981,7688
"(0.917849761232425, 1.0)",1,99.73124955302856,7689
"(0.9153439153439156, 1.0)",2,99.7312015232426,7691
"(0.9326599326599326, 1.0)",1,99.73114604693552,7692
"(0.8635976129582268, 1.0)",1,99.73110922982052,7693
"(0.8633762288330498, 1.0)",1,99.73102554840344,7694
"(0.8814814814814814, 1.0)",1,99.73090569129616,7695
"(0.8308802308802309, 1.0)",1,99.73079668869144,7696
"(0.9833229101521784, 1.0)",1,99.73069127588496,7697
"(0.7979797979797979, 1.0)",2,99.73063973063972,7699
"(1.0, 1.0)",1,99.7306217329227,7700
"(0.9161952650324744, 1.0)",1,99.73052887187436,7701
"(0.8814814814814814, 1.0)",1,99.73050439346524,7702
"(0.7471116816431321, 1.0)",1,99.7304345917953,7703
"(0.9506533178503804, 1.0)",1,99.73036159755868,7704
"(0.8137865219658889, 1.0)",3,99.73033837690028,7707
"(0.7802197802197803, 1.0)",1,99.73018851067631,7708
"(0.8468951683237397, 1.0)",1,99.73017638575128,7709
"(0.8976982097186702, 1.0)",1,99.73017021163868,7710
"(0.9833229101521784, 1.0)",1,99.73012581484984,7711
"(0.8294970161977834, 1.0)",1,99.73011906450468,7712
"(0.9665831244778612, 1.0)",1,99.73009284356247,7713
"(0.9720813204508856, 1.0)",1,99.73008097764064,7714
"(0.8796475392220073, 1.0)",1,99.73007075684228,7715
"(0.8814814814814814, 1.0)",1,99.73005903936136,7716
"(0.8635976129582268, 1.0)",1,99.73001589401063,7717
"(0.8880984643179766, 1.0)",1,99.72998495388543,7718
"(0.882673371045464, 1.0)",1,99.7299701451715,7719
"(0.8468951683237397, 1.0)",1,99.7299674519095,7720
"(0.9497171590194848, 1.0)",1,99.72993693923928,7721
"(0.7802197802197803, 1.0)",3,99.72993693923928,7724
"(0.8796475392220073, 1.0)",1,99.72991838519246,7725
"(0.9169719169719168, 1.0)",1,99.72991109680264,7726
"(0.8633762288330498, 1.0)",1,99.729896814224,7727
"(0.8635976129582268, 1.0)",1,99.72986662691213,7728
"(0.916104916104916, 1.0)",1,99.72986152986152,7729
"(0.8468951683237397, 1.0)",1,99.72984127212544,7730
"(0.8813080639167598, 1.0)",1,99.7298213392593,7731
"(0.9333333333333332, 1.0)",1,99.7297990460552,7732
"(0.8635976129582268, 1.0)",1,99.72967775130157,7733
"(0.8468951683237397, 1.0)",1,99.72955148454128,7734
"(0.8845578466141503, 1.0)",1,99.7295461916025,7735
"(0.9153439153439156, 1.0)",1,99.72953128417048,7736
"(1.0, 1.0)",1,99.72953128417048,7737
"(0.9326599326599326, 1.0)",1,99.72949687718176,7738
"(0.7711781618000022, 1.0)",1,99.72946768852434,7739
"(0.8294970161977834, 1.0)",1,99.72943447711086,7740
"(0.812557599070401, 1.0)",1,99.72940621404328,7741
"(0.8294970161977834, 1.0)",1,99.72937178128436,7742
"(0.8796475392220073, 1.0)",1,99.72936564311212,7743
"(0.7460317460317459, 1.0)",1,99.72935465618392,7744
"(0.8796475392220073, 1.0)",2,99.72930294728565,7746
"(0.8635976129582268, 1.0)",1,99.72929761478984,7747
"(0.9008627640703112, 1.0)",2,99.72919507329549,7749
"(0.8468951683237397, 1.0)",1,99.7291566847316,7750
"(0.8796475392220073, 1.0)",1,99.72913780077904,7751
"(0.8976982097186702, 1.0)",1,99.7290414241322,7752
"(0.9153439153439156, 1.0)",1,99.72888490397202,7753
"(0.8294970161977834, 1.0)",1,99.72880276916209,7754
"(0.9009534009534008, 1.0)",1,99.72871033236888,7755
"(0.8552744708994707, 1.0)",1,99.7286658136492,7756
"(0.8796475392220073, 1.0)",1,99.72864939977714,7757
"(0.8976982097186702, 1.0)",1,99.7283860404065,7758
"(0.944563492063492, 1.0)",1,99.72830139029809,7759
"(0.8425483191745751, 1.0)",1,99.72826173387809,7760
"(0.861111111111111, 1.0)",1,99.7282535880694,7761
"(0.8796475392220073, 1.0)",1,99.72816081456456,7762
"(0.8976982097186702, 1.0)",1,99.72805635209728,7763
"(0.844988344988345, 1.0)",1,99.72797241695864,7764
"(1.0, 1.0)",2,99.72786232135826,7766
"(0.9833229101521784, 1.0)",1,99.72779191805344,7767
"(0.9, 1.0)",1,99.72775693141548,7768
"(0.7944219523166891, 1.0)",2,99.72773443928772,7770
"(0.7944219523166891, 1.0)",2,99.7277135929254,7772
"(0.861111111111111, 1.0)",1,99.72769439232854,7773
"(0.9326599326599326, 1.0)",1,99.72765138722583,7774
"(0.7944219523166891, 1.0)",1,99.72765089709893,7775
"(0.8452611218568665, 1.0)",1,99.72763821353628,7776
"(0.8449978636391381, 1.0)",1,99.72760298304138,7777
"(0.8247905643738976, 1.0)",1,99.72746661019372,7778
"(0.7944219523166891, 1.0)",1,99.72746202148836,7779
"(0.9833229101521784, 1.0)",1,99.727380125065,7780
"(0.8796475392220073, 1.0)",1,99.72725178357072,7781
"(0.8294970161977834, 1.0)",2,99.72719522591646,7783
"(0.8110673829751791, 1.0)",1,99.72715074038726,7784
"(0.8101143854687974, 1.0)",1,99.72708176478108,7785
"(0.9300671002153482, 1.0)",1,99.72706714318312,7786
"(0.826388888888889, 1.0)",1,99.7270109371958,7787
"(0.8312205288949474, 1.0)",1,99.72700312167824,7788
"(0.8101143854687974, 1.0)",1,99.72692382131518,7789
"(0.917469251615593, 1.0)",1,99.72680785779704,7790
"(0.8101143854687974, 1.0)",1,99.72680723076596,7791
"(0.8101143854687974, 1.0)",2,99.72660861248934,7793
"(0.776488287126585, 1.0)",1,99.72639432175664,7794
"(0.7430253184970165, 1.0)",2,99.7263482286492,7796
"(0.826388888888889, 1.0)",1,99.72622180451128,7797
"(0.776488287126585, 1.0)",2,99.72620544614608,7799
"(0.9497171590194846, 1.0)",1,99.72617218547452,7800
"(0.844988344988345, 1.0)",1,99.7260094648592,7801
"(0.8229870141950848, 1.0)",1,99.72598058694368,7802
"(0.8796475392220073, 1.0)",2,99.72596174511068,7804
"(0.8796475392220073, 1.0)",1,99.72594089874838,7805
"(0.861111111111111, 1.0)",2,99.72580850522029,7807
"(0.8312205288949474, 1.0)",1,99.7257661602033,7808
"(1.0, 1.0)",1,99.72574559366,7809
"(0.8813080639167598, 1.0)",3,99.72574208518004,7812
"(0.8976982097186702, 1.0)",2,99.72545514113412,7814
"(0.861111111111111, 1.0)",1,99.72545514113412,7815
"(0.861111111111111, 1.0)",1,99.72539244530763,7816
"(0.8420013166556946, 1.0)",1,99.72526168772094,7817
"(0.9441792447111594, 1.0)",1,99.7251212133158,7818
"(0.8420013166556946, 1.0)",1,99.72507360024146,7819
"(0.808446455505279, 1.0)",1,99.72506100626616,7820
"(0.9497171590194848, 1.0)",1,99.7250101162839,7821
"(0.808446455505279, 1.0)",3,99.72499831043967,7824
"(0.7416325017951034, 1.0)",4,99.72495541194728,7828
"(0.8420013166556946, 1.0)",1,99.7248847246309,7829
"(0.8635976129582268, 1.0)",1,99.72470872406932,7830
"(0.808446455505279, 1.0)",3,99.7244292983174,7833
"(1.0, 1.0)",1,99.72439098685456,7834
"(0.757745166550198, 1.0)",1,99.72439098685456,7835
"(0.9833229101521784, 1.0)",1,99.72439098685456,7836
"(0.9665831244778612, 1.0)",2,99.72432829102806,7838
"(1.0, 1.0)",4,99.72432829102806,7842
"(0.757745166550198, 1.0)",2,99.72432829102806,7844
"(0.7916666666666666, 1.0)",1,99.7243265993266,7845
"(0.8796475392220073, 1.0)",2,99.7240815604853,7847
"(0.8420013166556946, 1.0)",1,99.72401189866628,7848
"(0.8420013166556946, 1.0)",2,99.72399105230396,7850
"(0.9497171590194846, 1.0)",2,99.72397551147183,7852
"(0.757745166550198, 1.0)",1,99.72394114429945,7853
"(0.9009534009534008, 1.0)",1,99.72381648070082,7854
"(0.8068904981347378, 1.0)",1,99.72344235306912,7855
"(0.8068904981347378, 1.0)",1,99.72337965724265,7856
"(0.8420013166556946, 1.0)",1,99.72330938057246,7857
"(0.8976982097186702, 1.0)",1,99.72302243652656,7858
"(0.8420013166556946, 1.0)",3,99.72302243652656,7861
"(0.8613656783468103, 1.0)",1,99.7228161270468,7862
"(0.944073617452092, 1.0)",1,99.72267975900628,7863
"(0.9295946890286512, 1.0)",1,99.72263302511708,7864
"(0.9665831244778612, 1.0)",1,99.72256858802348,7865
"(0.9192093318943212, 1.0)",1,99.72247882332192,7866
"(0.9161379295307868, 1.0)",1,99.72240870206758,7867
"(0.861111111111111, 1.0)",2,99.72222222222224,7869
"(1.0, 1.0)",1,99.72222222222224,7870
"(0.7222222222222221, 1.0)",2,99.72222222222224,7872
"(0.8053381731676306, 1.0)",1,99.72220300291308,7873
"(0.8222222222222222, 1.0)",3,99.72215968313527,7876
"(0.8222222222222222, 1.0)",1,99.7221178336711,7877
"(0.8222222222222222, 1.0)",3,99.7220969873088,7880
"(0.9167853751187084, 1.0)",1,99.7220821270268,7881
"(0.9167853751187084, 1.0)",1,99.7220678144242,7882
"(0.8222222222222222, 1.0)",1,99.72205513784462,7883
"(0.8222222222222222, 1.0)",2,99.7220342914823,7885
"(0.8222222222222222, 1.0)",1,99.72199468297028,7886
"(0.8222222222222222, 1.0)",1,99.7219715956558,7887
"(0.8222222222222222, 1.0)",2,99.72190811169824,7889
"(0.8468089381754635, 1.0)",1,99.72189566736486,7890
"(0.9581458989353726, 1.0)",1,99.721804429482,7891
"(0.917849761232425, 1.0)",1,99.72169541809096,7892
"(0.9442283950617284, 1.0)",1,99.72166974634123,7893
"(0.930704099821747, 1.0)",1,99.72165337373563,7894
"(0.8796475392220073, 1.0)",5,99.7216488558777,7899
"(0.8420013166556947, 1.0)",5,99.7216488558777,7904
"(0.8053381731676306, 1.0)",1,99.72164079796138,7905
"(0.8471527473990528, 1.0)",1,99.72160813854066,7906
"(0.9027777777777778, 1.0)",1,99.72160009039445,7907
"(0.9161379295307868, 1.0)",1,99.72159237624766,7908
"(0.930704099821747, 1.0)",1,99.7215851552566,7909
"(0.8329050741331443, 1.0)",1,99.72155842585508,7910
"(0.8319340617212959, 1.0)",3,99.72155459743558,7913
"(0.7632275132275131, 1.0)",1,99.72153079487194,7914
"(0.771779679613781, 1.0)",1,99.72149683863329,7915
"(0.9665831244778612, 1.0)",1,99.72146527936002,7916
"(0.9158007932517735, 1.0)",1,99.72145544146892,7917
"(0.8319340617212959, 1.0)",1,99.72143234314666,7918
"(0.7880931329207191, 1.0)",1,99.72138477352944,7919
"(0.9442283950617284, 1.0)",1,99.7213679469522,7920
"(0.917849761232425, 1.0)",1,99.7213097973588,7921
"(0.898989898989899, 1.0)",1,99.72121212121212,7922
"(0.8374727668845315, 1.0)",1,99.7211411310407,7923
"(0.9167853751187084, 1.0)",1,99.7211345438056,7924
"(0.7880931329207191, 1.0)",2,99.72113320209236,7926
"(0.8468089381754635, 1.0)",1,99.72098909003418,7927
"(0.8613656783468103, 1.0)",1,99.72094895260844,7928
"(0.8222222222222222, 1.0)",5,99.72088904771832,7933
"(0.9833229101521784, 1.0)",1,99.72088904771832,7934
"(0.9299507899507898, 1.0)",2,99.72087336394384,7936
"(0.9584987529902784, 1.0)",1,99.7208121550211,7937
"(0.7903875985986362, 1.0)",1,99.72079289570966,7938
"(0.8732774170274171, 1.0)",1,99.720724604197,7939
"(0.8208994708994709, 1.0)",1,99.72071154015956,7940
"(0.7204751921733054, 1.0)",17,99.7204751921733,7957
"(0.8374727668845315, 1.0)",1,99.72045683885484,7958
"(0.933096859926128, 1.0)",1,99.72038347268445,7959
"(0.9295946890286512, 1.0)",1,99.72035508860051,7960
"(0.9158007932517735, 1.0)",1,99.720355044872,7961
"(0.9720813204508856, 1.0)",1,99.72032560126364,7962
"(0.859499940327008, 1.0)",1,99.72031053454909,7963
"(0.9165164082221422, 1.0)",1,99.72030422948266,7964
"(0.73687720936437, 1.0)",1,99.72020011951656,7965
"(0.8372053872053872, 1.0)",1,99.7201723373694,7966
"(0.8976982097186702, 1.0)",2,99.71992043194088,7968
"(0.7198480531813864, 1.0)",12,99.71984805318138,7980
"(0.9299507899507898, 1.0)",1,99.71975794934372,7981
"(0.8420013166556946, 1.0)",1,99.71968590377824,7982
"(0.917415489944373, 1.0)",1,99.71959785002149,7983
"(0.7362637362637362, 1.0)",14,99.7195866464159,7997
"(0.9166682405676116, 1.0)",1,99.71957621281167,7998
"(0.901575014782562, 1.0)",1,99.71943370203502,7999
"(0.9158007932517735, 1.0)",2,99.71942646954976,8001
"(0.9442283950617284, 1.0)",1,99.7193032540038,8002
"(0.9157169990503324, 1.0)",1,99.71929320558334,8003
"(0.8732774170274171, 1.0)",1,99.7191574528102,8004
"(0.9045740456093042, 1.0)",1,99.7190805461963,8005
"(0.9497171590194846, 1.0)",1,99.7190068362039,8006
"(0.8016677935542034, 1.0)",1,99.71890423588243,8007
"(0.8976982097186702, 1.0)",1,99.71872852037852,8008
"(0.746304385688563, 1.0)",1,99.71856638990543,8009
"(0.8432903075760217, 1.0)",1,99.71832018573116,8010
"(1.0, 1.0)",1,99.7182196484886,8011
"(0.8579868984630887, 1.0)",1,99.71819239437347,8012
"(0.9442283950617284, 1.0)",1,99.71812300506336,8013
"(0.9333333333333332, 1.0)",1,99.7181188986067,8014
"(0.8885714285714285, 1.0)",1,99.71804086587905,8015
"(0.903667392883079, 1.0)",1,99.71803138660536,8016
"(0.8432903075760217, 1.0)",2,99.71794452759713,8018
"(0.8151249335459861, 1.0)",1,99.7179338374736,8019
"(0.9295946890286512, 1.0)",1,99.71784122362176,8020
"(0.8300265307680562, 1.0)",2,99.71775988406743,8022
"(0.8566900022492128, 1.0)",1,99.71768677921276,8023
"(0.8177442148030384, 1.0)",1,99.71768167571612,8024
"(0.9326599326599326, 1.0)",3,99.71765063636632,8027
"(1.0, 1.0)",2,99.71748816015692,8029
"(0.7340930674264007, 1.0)",9,99.71741597757858,8038
"(1.0, 1.0)",3,99.71741597757858,8041
"(0.9833229101521784, 1.0)",1,99.7172723867204,8042
"(0.9442283950617284, 1.0)",1,99.71723858976311,8043
"(0.8845578466141503, 1.0)",1,99.71723117697236,8044
"(0.8832603710652491, 1.0)",1,99.71704866832788,8045
"(0.917415489944373, 1.0)",2,99.71703962846452,8047
"(0.9158007932517735, 1.0)",1,99.71701342468576,8048
"(1.0, 1.0)",2,99.71701170889811,8050
"(0.8016677935542034, 1.0)",5,99.71701170889811,8055
"(0.917469251615593, 1.0)",1,99.71696799848276,8056
"(0.7503607503607503, 1.0)",2,99.71694387483862,8058
"(0.9522870228046522, 1.0)",1,99.7168914063941,8059
"(0.9169719169719168, 1.0)",1,99.71682583569618,8060
"(0.9333333333333332, 1.0)",1,99.71653116531164,8061
"(0.7498436522826767, 1.0)",1,99.71648947258704,8062
"(0.7164894725870335, 1.0)",15,99.71648947258704,8077
"(0.9331662489557224, 1.0)",1,99.71644746638329,8078
"(0.9003556829643787, 1.0)",1,99.71640533989532,8079
"(0.7996376811594202, 1.0)",1,99.71631708784663,8080
"(0.9333333333333332, 1.0)",1,99.71615499035268,8081
"(0.7994987468671678, 1.0)",3,99.71611329762806,8084
"(0.8697983697983697, 1.0)",2,99.71609172932472,8086
"(0.9008025849489264, 1.0)",1,99.71608396120592,8087
"(0.7994987468671678, 1.0)",1,99.71605060180156,8088
"(0.9295946890286512, 1.0)",1,99.71604163034192,8089
"(0.9161952650324744, 1.0)",1,99.71600733429256,8090
"(0.8840455840455841, 1.0)",1,99.716006196494,8091
"(0.812557599070401, 1.0)",1,99.71599793747086,8092
"(0.7326649958228906, 1.0)",1,99.71598790597508,8093
"(0.9833229101521784, 1.0)",1,99.71598790597508,8094
"(0.7713401051412279, 1.0)",1,99.71589701022444,8095
"(0.8997493734335841, 1.0)",1,99.71579903036452,8096
"(0.9161952650324744, 1.0)",1,99.71575670772614,8097
"(0.7713401051412279, 1.0)",1,99.71566434283004,8098
"(0.7294281157362763, 1.0)",1,99.71559545716676,8099
"(0.816195709052852, 1.0)",1,99.7155918109447,8100
"(0.7294281157362763, 1.0)",2,99.71555911784472,8102
"(0.7155555555555556, 1.0)",10,99.71555555555555,8112
"(0.9161952650324744, 1.0)",1,99.71554604088264,8113
"(0.9331662489557224, 1.0)",1,99.71552842393665,8114
"(0.8796475392220073, 1.0)",1,99.7154277112694,8115
"(0.8635976129582268, 1.0)",1,99.71521863402724,8116
"(0.8151249335459861, 1.0)",2,99.71520072382016,8118
"(0.8976982097186702, 1.0)",1,99.715158527179,8119
"(0.9153439153439156, 1.0)",1,99.71515614134356,8120
"(0.9326599326599326, 1.0)",1,99.71502210764083,8121
"(0.8976982097186702, 1.0)",1,99.71486860987092,8122
"(0.816195709052852, 1.0)",1,99.71486253454894,8123
"(0.8976982097186702, 1.0)",1,99.71480591404442,8124
"(0.8316498316498316, 1.0)",2,99.7147221152356,8126
"(0.9164652836623464, 1.0)",1,99.71469260698149,8127
"(0.8316498316498316, 1.0)",1,99.71459593545154,8128
"(0.7979797979797979, 1.0)",2,99.71459434874068,8130
"(0.868077055383557, 1.0)",1,99.71437041490992,8131
"(0.9326599326599326, 1.0)",1,99.71434277730364,8132
"(0.8976982097186702, 1.0)",1,99.71431276047956,8133
"(0.9326599326599326, 1.0)",1,99.71428008147714,8134
"(0.8165520116739629, 1.0)",1,99.71425022139265,8135
"(0.7643097643097643, 1.0)",1,99.71424557945738,8136
"(0.7802197802197803, 1.0)",3,99.71419600822232,8139
"(0.8976982097186702, 1.0)",1,99.71418752556612,8140
"(0.9666562434855118, 1.0)",1,99.71415609928312,8141
"(0.8976982097186702, 1.0)",1,99.71412482973965,8142
"(0.8635976129582268, 1.0)",1,99.71412219280612,8143
"(0.8651903651903651, 1.0)",1,99.7139865791984,8144
"(0.9161952650324744, 1.0)",1,99.71394708589084,8145
"(1.0, 1.0)",1,99.71394464307488,8146
"(0.816195709052852, 1.0)",1,99.71389391877152,8147
"(0.8653198653198653, 1.0)",2,99.71383314066242,8149
"(0.8814814814814814, 1.0)",1,99.71380724063653,8150
"(0.8247905643738976, 1.0)",1,99.71373525319638,8151
"(0.8137566137566138, 1.0)",1,99.71369407466968,8152
"(0.8110673829751791, 1.0)",1,99.71367601459696,8153
"(0.8137865219658889, 1.0)",1,99.71355004855867,8154
"(0.8294970161977834, 1.0)",3,99.71352175388104,8157
"(0.7802197802197803, 1.0)",3,99.7133860291755,8160
"(0.8468951683237397, 1.0)",1,99.71337390425047,8161
"(0.7979797979797979, 1.0)",1,99.71332371332372,8162
"(0.7802197802197803, 1.0)",1,99.7133166401459,8163
"(0.7965746171391332, 1.0)",2,99.71326117480314,8165
"(0.7802197802197803, 1.0)",1,99.71325984939143,8166
"(0.8065954953750508, 1.0)",1,99.71323924326782,8167
"(0.8653198653198653, 1.0)",1,99.71298680549506,8168
"(0.8467532467532467, 1.0)",2,99.71289733036652,8170
"(0.7965746171391332, 1.0)",1,99.7128962801431,8171
"(0.7802197802197803, 1.0)",6,99.71287971287973,8177
"(0.9326599326599326, 1.0)",1,99.71287971287973,8178
"(0.7295469912102772, 1.0)",1,99.71286990136244,8179
"(0.9161952650324744, 1.0)",1,99.71285454641576,8180
"(0.8101143854687974, 1.0)",1,99.71282818681034,8181
"(0.8796475392220073, 1.0)",1,99.7128139449173,8182
"(0.8796475392220073, 1.0)",1,99.71281378817773,8183
"(0.8976982097186702, 1.0)",1,99.71279149849616,8184
"(0.8229870141950848, 1.0)",1,99.71276441693784,8185
"(0.8294970161977834, 1.0)",1,99.71275738726304,8186
"(0.8796475392220073, 1.0)",2,99.7127533333034,8188
"(0.7460317460317459, 1.0)",1,99.71267756633613,8189
"(0.9833229101521784, 1.0)",1,99.71266119422673,8190
"(0.8796475392220073, 1.0)",1,99.71264670380012,8191
"(0.8997493734335841, 1.0)",1,99.7126258574378,8192
"(0.8845578466141503, 1.0)",1,99.71258755489814,8193
"(0.8329156223893065, 1.0)",1,99.71256316161131,8194
"(0.9665831244778612, 1.0)",1,99.71256237348024,8195
"(0.868077055383557, 1.0)",1,99.71251107664683,8196
"(0.8294970161977834, 1.0)",1,99.71250581582598,8197
"(0.8124563928135357, 1.0)",1,99.7122684620736,8198
"(0.7121693121693121, 1.0)",20,99.71216931216932,8218
"(0.9665831244778612, 1.0)",1,99.7121451182977,8219
"(0.9009534009534008, 1.0)",1,99.71197054669454,8220
"(0.8633762288330498, 1.0)",1,99.7119490889592,8221
"(0.9665831244778612, 1.0)",1,99.71194827437174,8222
"(0.7119388248146047, 1.0)",11,99.7119388248146,8233
"(0.8615866942983156, 1.0)",1,99.71191110771925,8234
"(0.9166682405676116, 1.0)",1,99.71190680914732,8235
"(0.8976982097186702, 1.0)",1,99.71188557854524,8236
"(0.8229870141950848, 1.0)",1,99.7118841968839,8237
"(0.8840048840048841, 1.0)",3,99.71176181542036,8240
"(0.8813080639167598, 1.0)",1,99.71152614239269,8241
"(0.9333333333333332, 1.0)",1,99.71144614193396,8242
"(0.8425483191745751, 1.0)",1,99.71126620299869,8243
"(0.9192093318943212, 1.0)",1,99.7112597993678,8244
"(0.8814814814814814, 1.0)",1,99.71109775116004,8245
"(0.8280121312379377, 1.0)",1,99.71109031989572,8246
"(0.9331662489557224, 1.0)",1,99.71089191082773,8247
"(1.0, 1.0)",1,99.71074033478126,8248
"(0.8676532769556025, 1.0)",1,99.71072761630106,8249
"(0.903667392883079, 1.0)",2,99.71061183732752,8251
"(0.8796475392220073, 1.0)",1,99.71057469372288,8252
"(0.8796475392220073, 1.0)",2,99.71038581811234,8254
"(0.9497171590194846, 1.0)",1,99.71026258816956,8255
"(0.8651903651903651, 1.0)",1,99.71017871017872,8256
"(0.7601281633539698, 1.0)",1,99.71011774017282,8257
"(0.868077055383557, 1.0)",1,99.71007837203923,8258
"(0.7601164382773579, 1.0)",1,99.7100224729074,8259
"(0.9299160159815896, 1.0)",1,99.71002142922254,8260
"(0.8796475392220073, 1.0)",1,99.70972369612744,8261
"(0.9192093318943212, 1.0)",1,99.70960368944152,8262
"(0.7372334455667788, 1.0)",1,99.70944191286893,8263
"(0.7647742788871822, 1.0)",1,99.7093311839704,8264
"(0.7647742788871822, 1.0)",2,99.70932774088868,8266
"(0.9303715638302106, 1.0)",1,99.70931693296626,8267
"(0.7372334455667788, 1.0)",1,99.70931569731005,8268
"(0.8796475392220073, 1.0)",1,99.70926380890054,8269
"(0.8329050741331443, 1.0)",2,99.7092067598792,8271
"(0.8976982097186702, 1.0)",1,99.70916519801492,8272
"(0.776488287126585, 1.0)",1,99.70914821978651,8273
"(0.826388888888889, 1.0)",1,99.70913962529816,8274
"(0.9153439153439156, 1.0)",1,99.70911495911496,8275
"(0.9326599326599326, 1.0)",1,99.70911495911496,8276
"(1.0, 1.0)",2,99.70909090909092,8278
"(0.7090909090909091, 1.0)",22,99.70909090909092,8300
"(0.8813080639167598, 1.0)",1,99.70906499533224,8301
"(0.8613656783468103, 1.0)",1,99.70892126591912,8302
"(0.917849761232425, 1.0)",1,99.70886893679489,8303
"(0.8339475360293065, 1.0)",1,99.70855591040396,8304
"(0.8420013166556946, 1.0)",1,99.70852190204664,8305
"(0.8420013166556946, 1.0)",1,99.70848005258244,8306
"(0.9522870228046522, 1.0)",1,99.70846277974114,8307
"(0.9331662489557224, 1.0)",1,99.70845920622014,8308
"(0.8420013166556946, 1.0)",1,99.70839651039364,8309
"(0.808446455505279, 1.0)",3,99.70838391641834,8312
"(0.9583930063253372, 1.0)",1,99.70838181108428,8313
"(0.8420013166556946, 1.0)",1,99.70834344961722,8314
"(0.7083333333333334, 1.0)",9,99.70833333333334,8323
"(0.9167853751187084, 1.0)",1,99.70832490823663,8324
"(0.7416325017951034, 1.0)",2,99.70827832209946,8326
"(0.9441792447111594, 1.0)",1,99.70826842347792,8327
"(0.930704099821747, 1.0)",1,99.70826540444644,8328
"(0.808446455505279, 1.0)",1,99.70825852476536,8329
"(0.7416325017951034, 1.0)",3,99.70821562627296,8332
"(0.9161952650324744, 1.0)",1,99.70818615850702,8333
"(0.9027777777777778, 1.0)",1,99.70817291419723,8334
"(0.882673371045464, 1.0)",1,99.70799759785334,8335
"(0.8053381731676306, 1.0)",1,99.70796569250088,8336
"(0.8887202421952387, 1.0)",1,99.70788680307874,8337
"(0.8467532467532467, 1.0)",1,99.70786435786437,8338
"(0.8468089381754635, 1.0)",1,99.70784920564893,8339
"(0.861111111111111, 1.0)",2,99.70781025009634,8341
"(0.81893131227901, 1.0)",1,99.70775531083044,8342
"(0.8887202421952387, 1.0)",1,99.70772271917232,8343
"(1.0, 1.0)",1,99.70771389700673,8344
"(0.9833229101521784, 1.0)",1,99.70771389700673,8345
"(0.757745166550198, 1.0)",3,99.70771389700673,8348
"(0.9499687304565352, 1.0)",1,99.70771389700673,8349
"(0.7632275132275131, 1.0)",2,99.70770157897503,8351
"(0.8329050741331443, 1.0)",1,99.70766385660352,8352
"(0.9299160159815896, 1.0)",1,99.70765806056474,8353
"(0.9665831244778612, 1.0)",1,99.70765120118024,8354
"(0.861111111111111, 1.0)",1,99.70762585476264,8355
"(0.7632275132275131, 1.0)",1,99.70757183327672,8356
"(0.8732774170274171, 1.0)",1,99.70755153071327,8357
"(0.7075023741690408, 1.0)",10,99.70750237416904,8367
"(0.930124456440246, 1.0)",1,99.70745963924222,8368
"(0.9027777777777778, 1.0)",1,99.70745810252842,8369
"(0.8053381731676306, 1.0)",2,99.70741630799364,8371
"(0.861111111111111, 1.0)",1,99.70740447063748,8372
"(0.8796475392220073, 1.0)",1,99.70734177481096,8373
"(0.7632275132275131, 1.0)",1,99.70731946624804,8374
"(0.9295946890286512, 1.0)",1,99.70712977539164,8375
"(0.9167853751187084, 1.0)",1,99.70706420718852,8376
"(0.8040695048423352, 1.0)",1,99.70705545679888,8377
"(0.9581458989353726, 1.0)",1,99.70701157599768,8378
"(0.8319340617212959, 1.0)",1,99.70696685495028,8379
"(0.7069597069597069, 1.0)",13,99.70695970695972,8392
"(0.9581458989353726, 1.0)",1,99.7069556791246,8393
"(0.9326599326599326, 1.0)",1,99.70691828511232,8394
"(0.8053381731676306, 1.0)",1,99.7068645237085,8395
"(0.7903875985986362, 1.0)",1,99.70679315673834,8396
"(0.859499940327008, 1.0)",1,99.70677821933484,8397
"(0.8053381731676306, 1.0)",1,99.70677411178974,8398
"(0.7734344933751168, 1.0)",2,99.70674698034614,8400
"(0.8976982097186702, 1.0)",1,99.70673249340732,8401
"(0.7734344933751168, 1.0)",2,99.70672613398384,8403
"(0.9161379295307868, 1.0)",1,99.7067190633168,8404
"(0.7734344933751168, 1.0)",1,99.70666343815734,8405
"(0.8319340617212959, 1.0)",1,99.706600294595,8406
"(0.8319340617212959, 1.0)",1,99.70653028781156,8407
"(0.9027777777777778, 1.0)",1,99.70650698869709,8408
"(0.8814814814814814, 1.0)",1,99.70644372319876,8409
"(0.8068904981347378, 1.0)",1,99.70639896285502,8410
"(0.8319340617212959, 1.0)",1,99.70632527576971,8411
"(0.8976982097186702, 1.0)",2,99.70628265085224,8413
"(0.930704099821747, 1.0)",2,99.7062221909102,8415
"(0.8319340617212959, 1.0)",1,99.70621097986567,8416
"(0.859499940327008, 1.0)",1,99.70617817230588,8417
"(0.8339475360293065, 1.0)",1,99.70617257969133,8418
"(0.9331662489557224, 1.0)",1,99.70617169879044,8419
"(0.9665831244778612, 1.0)",1,99.70615461539276,8420
"(0.8976982097186702, 1.0)",1,99.70614466522396,8421
"(0.844988344988345, 1.0)",1,99.70609945609944,8422
"(0.9008627640703112, 1.0)",1,99.70603740562647,8423
"(0.9018806250259218, 1.0)",1,99.70582828238608,8424
"(0.8329050741331443, 1.0)",1,99.70576878811406,8425
"(0.8222222222222222, 1.0)",1,99.70574434836308,8426
"(0.859499940327008, 1.0)",1,99.70566538666722,8427
"(0.9159519550217224, 1.0)",1,99.70563800841542,8428
"(0.8635976129582268, 1.0)",1,99.70559892961391,8429
"(0.861111111111111, 1.0)",3,99.7055451323744,8432
"(1.0, 1.0)",1,99.70545016561276,8433
"(0.8222222222222222, 1.0)",1,99.70544967797856,8434
"(0.8222222222222222, 1.0)",1,99.70541989746098,8435
"(0.8222222222222222, 1.0)",2,99.70535720163448,8437
"(0.9331662489557224, 1.0)",1,99.70535720163448,8438
"(0.80285509389987, 1.0)",1,99.7053294320791,8439
"(0.8796475392220073, 1.0)",2,99.70529881992836,8441
"(0.806589620543109, 1.0)",1,99.70529812867684,8442
"(0.8222222222222222, 1.0)",1,99.70529450580798,8443
"(0.8222222222222222, 1.0)",1,99.70525186821271,8444
"(0.8222222222222222, 1.0)",1,99.70516832602392,8445
"(0.8300265307680562, 1.0)",1,99.70514028574932,8446
"(0.8222222222222222, 1.0)",1,99.70504883944297,8447
"(0.8305135146220418, 1.0)",1,99.70499815343418,8448
"(0.8420013166556947, 1.0)",1,99.70497176602989,8449
"(0.882673371045464, 1.0)",1,99.70489559326768,8450
"(0.8579868984630887, 1.0)",1,99.70487562874683,8451
"(0.9326599326599326, 1.0)",1,99.7047881895122,8452
"(1.0, 1.0)",1,99.70476766407,8453
"(0.9158007932517735, 1.0)",1,99.70473538802752,8454
"(0.7880931329207191, 1.0)",1,99.70470768368162,8455
"(0.8300265307680562, 1.0)",1,99.70449068603747,8456
"(0.944073617452092, 1.0)",1,99.70429087195969,8457
"(0.8222222222222222, 1.0)",2,99.7042119578705,8459
"(0.7735205142749102, 1.0)",1,99.70420033912922,8460
"(0.8586166985951469, 1.0)",2,99.7041524685831,8462
"(0.829257487152224, 1.0)",1,99.70414921639878,8463
"(0.9437903841498612, 1.0)",1,99.7040657677664,8464
"(0.930124456440246, 1.0)",2,99.7040071013655,8466
"(0.8158879904162925, 1.0)",2,99.7039483644144,8468
"(0.8449978636391381, 1.0)",1,99.70386247526358,8469
"(0.8432903075760217, 1.0)",1,99.70385649007858,8470
"(0.9166682405676116, 1.0)",1,99.70382453548312,8471
"(0.8374727668845315, 1.0)",1,99.70380526479596,8472
"(0.7204751921733054, 1.0)",20,99.70379810232548,8492
"(0.8372053872053872, 1.0)",1,99.70368412313212,8493
"(0.9192093318943212, 1.0)",1,99.70358116563555,8494
"(0.8372053872053872, 1.0)",1,99.70353788511684,8495
"(0.8880984643179766, 1.0)",2,99.70353126510878,8497
"(0.8813080639167598, 1.0)",2,99.703530286139,8499
"(0.7362637362637362, 1.0)",7,99.7032967032967,8506
"(0.8222222222222222, 1.0)",1,99.70324334209307,8507
"(0.7198480531813864, 1.0)",16,99.70317096333356,8523
"(0.861111111111111, 1.0)",1,99.7031124277668,8524
"(1.0, 1.0)",1,99.7031124277668,8525
"(0.8420013166556947, 1.0)",2,99.7031124277668,8527
"(0.8420013166556946, 1.0)",3,99.7031124277668,8530
"(0.7030539311241066, 1.0)",10,99.7030539311241,8540
"(0.8374727668845315, 1.0)",1,99.70304004765318,8541
"(0.8566900022492128, 1.0)",1,99.70302733397412,8542
"(0.8372053872053872, 1.0)",1,99.70296588454482,8543
"(0.7362637362637362, 1.0)",1,99.7029095565681,8544
"(0.8579868984630887, 1.0)",1,99.70270693766938,8545
"(0.9445235834124724, 1.0)",1,99.70270406285935,8546
"(0.9009534009534008, 1.0)",2,99.7026211945076,8548
"(0.901575014782562, 1.0)",2,99.7026120172724,8550
"(0.8266173510466989, 1.0)",1,99.70249546263908,8551
"(0.7996376811594202, 1.0)",1,99.7024885591876,8552
"(0.8552744708994707, 1.0)",1,99.70243323038954,8553
"(0.837707400507675, 1.0)",1,99.70240479461684,8554
"(0.8016677935542034, 1.0)",2,99.7023696210853,8556
"(0.9499687304565352, 1.0)",1,99.70229989010475,8557
"(0.8016677935542034, 1.0)",1,99.7022569265522,8558
"(0.8016677935542034, 1.0)",2,99.70222714603464,8560
"(0.8547756205106323, 1.0)",1,99.70218997474616,8561
"(0.7687400318979267, 1.0)",1,99.70203167250664,8562
"(0.8449978636391381, 1.0)",1,99.70201991499786,8563
"(0.8976982097186702, 1.0)",1,99.7019887347042,8564
"(0.7687400318979267, 1.0)",3,99.70196897668016,8567
"(0.8552744708994707, 1.0)",1,99.7019243929604,8568
"(0.8552744708994707, 1.0)",2,99.70191373685624,8570
"(0.8796475392220073, 1.0)",6,99.70186976144424,8576
"(0.7713401051412279, 1.0)",1,99.70174540225226,8577
"(1.0, 1.0)",1,99.70172951613736,8578
"(0.8101143854687974, 1.0)",1,99.70161419526926,8579
"(0.9166145507608924, 1.0)",1,99.70160525446728,8580
"(0.8814814814814814, 1.0)",1,99.7011858859099,8581
"(0.806589620543109, 1.0)",1,99.70100881901224,8582
"(0.9326599326599326, 1.0)",1,99.7009735465185,8583
"(0.8177442148030384, 1.0)",2,99.7009418900418,8585
"(0.9295946890286512, 1.0)",1,99.70085680728788,8586
"(0.9161952650324744, 1.0)",1,99.70078649689928,8587
"(0.7340930674264007, 1.0)",1,99.70067619190426,8588
"(0.9665831244778612, 1.0)",3,99.70067619190426,8591
"(0.898989898989899, 1.0)",1,99.7006576925441,8592
"(0.9008025849489264, 1.0)",1,99.70057296148438,8593
"(0.8266173510466989, 1.0)",1,99.70056918972598,8594
"(0.9833229101521784, 1.0)",1,99.70056396072656,8595
"(0.7837735276259866, 1.0)",1,99.70055476110493,8596
"(0.9161952650324744, 1.0)",1,99.70052260431338,8597
"(0.8732774170274171, 1.0)",1,99.700493040759,8598
"(0.917415489944373, 1.0)",1,99.70045814975212,8599
"(1.0, 1.0)",1,99.70039272005036,8600
"(0.9833229101521784, 1.0)",1,99.7003346190503,8601
"(0.917469251615593, 1.0)",1,99.70029090863494,8602
"(0.9166682405676116, 1.0)",1,99.70027990892564,8603
"(0.7503607503607503, 1.0)",1,99.7002667849908,8604
"(0.8653198653198653, 1.0)",1,99.70021155387008,8605
"(0.9003556829643787, 1.0)",1,99.70008421003566,8606
"(0.7503607503607503, 1.0)",1,99.70007790938024,8607
"(0.9169719169719168, 1.0)",1,99.70000156296244,8608
"(0.8552744708994707, 1.0)",1,99.69997222891682,8609
"(0.8840048840048841, 1.0)",1,99.69986249190356,8610
"(0.7164894725870335, 1.0)",21,99.6998123827392,8631
"(0.9166145507608924, 1.0)",1,99.69981125275628,8632
"(0.8177442148030384, 1.0)",1,99.69967125462482,8633
"(0.9333333333333332, 1.0)",1,99.69954059633136,8634
"(0.934122934122934, 1.0)",1,99.69943958832516,8635
"(0.7994987468671678, 1.0)",1,99.69943620778024,8636
"(0.8997493734335841, 1.0)",1,99.69943620778024,8637
"(0.9161952650324744, 1.0)",1,99.6993930970108,8638
"(0.8016677935542034, 1.0)",5,99.69936600327289,8643
"(0.9666562434855118, 1.0)",1,99.69934082436544,8644
"(0.9666666666666668, 1.0)",1,99.69923915965396,8645
"(0.7545469576719577, 1.0)",1,99.69921632339396,8646
"(0.9169719169719168, 1.0)",1,99.69909105267496,8647
"(0.9161952650324744, 1.0)",1,99.69907961787833,8648
"(0.7965746171391332, 1.0)",2,99.69892346338622,8650
"(0.7155555555555556, 1.0)",15,99.69887846570774,8665
"(0.8229870141950848, 1.0)",1,99.69857870918057,8666
"(0.8653198653198653, 1.0)",2,99.69852796373978,8668
"(0.9497171590194846, 1.0)",3,99.6984721679371,8671
"(0.893146638589877, 1.0)",1,99.6984406586069,8672
"(0.8101143854687974, 1.0)",1,99.69839876560496,8673
"(0.9297812306740878, 1.0)",2,99.69837727326126,8675
"(0.8976982097186702, 1.0)",1,99.69836827136434,8676
"(0.7675138481590094, 1.0)",1,99.69836141321728,8677
"(0.7979797979797979, 1.0)",1,99.69833548094418,8678
"(0.8653198653198653, 1.0)",1,99.69831902989796,8679
"(0.7656073923822403, 1.0)",2,99.69826732504217,8681
"(0.8468951683237397, 1.0)",1,99.6982602405444,8682
"(0.9299160159815896, 1.0)",1,99.69816472488378,8683
"(0.7675138481590094, 1.0)",1,99.69814578188333,8684
"(0.9326599326599326, 1.0)",1,99.69806115589172,8685
"(0.8316498316498316, 1.0)",1,99.69804502538776,8686
"(0.8491918316699293, 1.0)",1,99.69801932676424,8687
"(0.8247905643738976, 1.0)",2,99.6979659253865,8689
"(0.9833229101521784, 1.0)",1,99.69784254256656,8690
"(0.8101143854687974, 1.0)",1,99.69781900802909,8691
"(0.7532376017916352, 1.0)",1,99.69780109385512,8692
"(0.8814814814814814, 1.0)",1,99.6977192258919,8693
"(0.9326599326599326, 1.0)",1,99.69764463602718,8694
"(0.8651903651903651, 1.0)",1,99.69753618732632,8695
"(0.8976982097186702, 1.0)",1,99.69753128208065,8696
"(0.9833229101521784, 1.0)",1,99.69745539583792,8697
"(0.9, 1.0)",1,99.69744758315224,8698
"(0.9161952650324744, 1.0)",1,99.69742774080476,8699
"(0.8229870141950848, 1.0)",1,99.69720354973006,8700
"(0.8676532769556025, 1.0)",1,99.69719432751228,8701
"(0.9153439153439156, 1.0)",1,99.69718926804488,8702
"(0.8653198653198653, 1.0)",1,99.69715293977168,8703
"(0.9331662489557224, 1.0)",1,99.69713347262828,8704
"(0.8814814814814814, 1.0)",1,99.6971301507887,8705
"(0.8294970161977834, 1.0)",1,99.69693243729174,8706
"(0.8137865219658889, 1.0)",1,99.69692150137814,8707
"(0.9003556829643787, 1.0)",1,99.69689816075316,8708
"(0.9580331374974232, 1.0)",1,99.6968838331232,8709
"(0.861111111111111, 1.0)",1,99.6968704367962,8710
"(0.9331662489557224, 1.0)",1,99.69685880555164,8711
"(0.7802197802197803, 1.0)",1,99.69683433098066,8712
"(0.8468951683237397, 1.0)",1,99.69680135969335,8713
"(0.8976982097186702, 1.0)",1,99.6967923028391,8714
"(0.9326599326599326, 1.0)",1,99.6967378780707,8715
"(0.7802197802197803, 1.0)",1,99.69670893932768,8716
"(0.8468951683237397, 1.0)",1,99.69667596804037,8717
"(0.9506533178503804, 1.0)",1,99.69666677316616,8718
"(0.8976982097186702, 1.0)",1,99.6966480026948,8719
"(0.9442283950617284, 1.0)",1,99.69654065067311,8720
"(0.9665831244778612, 1.0)",1,99.69652006371712,8721
"(0.8880984643179766, 1.0)",1,99.6964430620096,8722
"(0.8137566137566138, 1.0)",2,99.69642998480208,8724
"(0.9545293471488726, 1.0)",1,99.69641926439544,8725
"(0.7802197802197803, 1.0)",2,99.69641504525224,8727
"(0.916104916104916, 1.0)",1,99.6963246963247,8728
"(0.7802197802197803, 1.0)",1,99.69629297195944,8729
"(0.8468951683237397, 1.0)",1,99.69626000067213,8730
"(1.0, 1.0)",1,99.69623980030134,8731
"(0.9326599326599326, 1.0)",1,99.6962026230319,8732
"(0.8165520116739629, 1.0)",2,99.69619955089595,8734
"(0.8468951683237397, 1.0)",1,99.6961278022804,8735
"(0.8635976129582268, 1.0)",1,99.69607200016884,8736
"(0.8229870141950848, 1.0)",1,99.69601061723432,8737
"(0.8229870141950848, 1.0)",1,99.6959776346857,8738
"(0.8796475392220073, 1.0)",2,99.6958860717635,8740
"(0.8796475392220073, 1.0)",1,99.69586428053054,8741
"(0.8294970161977834, 1.0)",1,99.69580399832026,8742
"(0.7647742788871822, 1.0)",2,99.6957612848831,8744
"(0.8796475392220073, 1.0)",1,99.69575989197943,8745
"(0.7979797979797979, 1.0)",4,99.69567800769846,8749
"(0.9331662489557224, 1.0)",1,99.69566885030804,8750
"(0.8845578466141503, 1.0)",1,99.6956376881818,8751
"(0.8476190476190477, 1.0)",3,99.6956228956229,8754
"(0.8635976129582268, 1.0)",1,99.69557692542534,8755
"(0.7802197802197803, 1.0)",4,99.69556369556368,8759
"(0.7121693121693121, 1.0)",4,99.69549222232148,8763
"(0.8468951683237397, 1.0)",1,99.69546802844988,8764
"(0.8976982097186702, 1.0)",1,99.695419216742,8765
"(0.9497171590194848, 1.0)",1,99.69533424946415,8766
"(0.7786375661375661, 1.0)",1,99.6952224059037,8767
"(0.9161952650324744, 1.0)",1,99.69514855721876,8768
"(0.8247905643738976, 1.0)",1,99.695030581745,8769
"(0.9153439153439152, 1.0)",1,99.69496916488436,8770
"(0.8814814814814814, 1.0)",1,99.69495977428308,8771
"(0.8229870141950848, 1.0)",1,99.69486249555774,8772
"(0.9331094582012576, 1.0)",1,99.69471291133986,8773
"(0.9167853751187084, 1.0)",1,99.69470602739965,8774
"(0.859499940327008, 1.0)",1,99.69469477072278,8775
"(0.8796475392220073, 1.0)",1,99.69467143896992,8776
"(0.9167853751187084, 1.0)",1,99.6946153332578,8777
"(0.8635976129582268, 1.0)",1,99.6945874632856,8778
"(0.8976982097186702, 1.0)",1,99.69456210849894,8779
"(0.9580331374974232, 1.0)",1,99.69448615304708,8780
"(0.8615866942983156, 1.0)",1,99.694417356454,8781
"(0.7944219523166891, 1.0)",1,99.69429671740326,8782
"(0.9299507899507898, 1.0)",2,99.69428886149748,8784
"(0.7944219523166891, 1.0)",1,99.69423402157676,8785
"(0.9437903841498612, 1.0)",1,99.69422769515424,8786
"(0.7637048646619141, 1.0)",2,99.69410060115412,8788
"(0.859499940327008, 1.0)",1,99.69409141997464,8789
"(0.8613656783468103, 1.0)",1,99.69402935847148,8790
"(0.8053381731676306, 1.0)",1,99.69398664854528,8791
"(0.8796475392220073, 1.0)",2,99.69396029970156,8793
"(0.7632275132275131, 1.0)",1,99.69394782368114,8794
"(0.8732774170274171, 1.0)",1,99.69391334959798,8795
"(0.7961989230281913, 1.0)",2,99.69389713274686,8797
"(0.8976982097186702, 1.0)",1,99.6938349080486,8798
"(0.8796475392220073, 1.0)",1,99.6938349080486,8799
"(0.7632275132275131, 1.0)",1,99.6938281964938,8800
"(0.7632275132275131, 1.0)",1,99.69378263839728,8801
"(0.7944219523166891, 1.0)",1,99.6937485516433,8802
"(0.8329050741331443, 1.0)",1,99.6936163010271,8803
"(0.9499687304565352, 1.0)",1,99.69345693324706,8804
"(0.9161379295307868, 1.0)",1,99.6934250874437,8805
"(0.7601164382773579, 1.0)",1,99.69340807888608,8806
"(0.9583930063253372, 1.0)",1,99.69340228689066,8807
"(0.8533622685185187, 1.0)",2,99.69336006195064,8809
"(0.9153439153439152, 1.0)",1,99.69332477703838,8810
"(0.7906452533041516, 1.0)",1,99.6932126692596,8811
"(0.8732774170274171, 1.0)",1,99.69321264311628,8812
"(0.8615866942983156, 1.0)",1,99.69316212215102,8813
"(0.9497171590194848, 1.0)",1,99.69315650744902,8814
"(0.7903875985986362, 1.0)",1,99.69314263907005,8815
"(0.7944219523166891, 1.0)",1,99.6930887778128,8816
"(0.8040695048423352, 1.0)",2,99.69308360100769,8818
"(0.7097211628104076, 1.0)",1,99.69304407296258,8819
"(0.9158007932517735, 1.0)",2,99.69302880659414,8821
"(0.861111111111111, 1.0)",1,99.69301410090884,8822
"(0.8319340617212959, 1.0)",1,99.69301176178917,8823
"(0.7903875985986362, 1.0)",1,99.69295501455407,8824
"(0.8814814814814814, 1.0)",3,99.69294846977776,8827
"(0.859499940327008, 1.0)",2,99.69289507091275,8829
"(0.901575014782562, 1.0)",1,99.69282811074936,8830
"(0.8329050741331443, 1.0)",1,99.69282426187932,8831
"(0.8329050741331443, 1.0)",1,99.69282357602611,8832
"(0.8040695048423352, 1.0)",1,99.69278700988518,8833
"(0.8732774170274171, 1.0)",1,99.69278594067008,8834
"(0.9326599326599326, 1.0)",1,99.69277637093728,8835
"(0.8976982097186702, 1.0)",1,99.69274330798956,8836
"(0.9167853751187084, 1.0)",1,99.69273595516415,8837
"(0.826388888888889, 1.0)",1,99.69272729187236,8838
"(0.776488287126585, 1.0)",2,99.69268355215904,8840
"(0.7344692811916678, 1.0)",1,99.69268259913244,8841
"(0.8813080639167598, 1.0)",1,99.69264310530689,8842
"(0.8703703703703703, 1.0)",1,99.6925925925926,8843
"(0.8613656783468103, 1.0)",1,99.69255572723536,8844
"(0.933249791144528, 1.0)",1,99.69254486958854,8845
"(0.9008627640703112, 1.0)",1,99.69252363263936,8846
"(0.8976982097186702, 1.0)",1,99.69248810816713,8847
"(0.8319340617212959, 1.0)",1,99.69247051228513,8848
"(0.7090909090909091, 1.0)",3,99.69241381924309,8851
"(0.9833229101521784, 1.0)",3,99.69241381924309,8854
"(0.8814814814814814, 1.0)",1,99.69230975161209,8855
"(0.8329050741331443, 1.0)",1,99.69222924897012,8856
"(0.9442283950617284, 1.0)",1,99.69219066584424,8857
"(0.8884778134778135, 1.0)",1,99.692155648818,8858
"(0.8068904981347378, 1.0)",1,99.6921542507312,8859
"(0.861111111111111, 1.0)",1,99.69214265416312,8860
"(0.8736897274633123, 1.0)",1,99.69208718434103,8861
"(0.8068904981347378, 1.0)",1,99.69208220079564,8862
"(0.7421018697614443, 1.0)",1,99.692070600218,8863
"(0.8300265307680562, 1.0)",1,99.6920437533116,8864
"(0.9008627640703112, 1.0)",1,99.69196467061968,8865
"(0.8420013166556946, 1.0)",1,99.69190750802532,8866
"(0.9, 1.0)",1,99.69190735128574,8867
"(0.8547756205106323, 1.0)",1,99.69186726922857,8868
"(0.7421018697614443, 1.0)",1,99.69181902878093,8869
"(0.8420013166556946, 1.0)",1,99.69165672471932,8870
"(0.7083333333333334, 1.0)",10,99.69165624348553,8880
"(0.9166145507608924, 1.0)",1,99.69165593658823,8881
"(0.9192093318943212, 1.0)",1,99.69165215977888,8882
"(0.808446455505279, 1.0)",1,99.69164413074404,8883
"(0.9158007932517735, 1.0)",1,99.69164307309964,8884
"(0.7416325017951034, 1.0)",2,99.69153853642514,8886
"(0.808446455505279, 1.0)",1,99.69151873909104,8887
"(0.9167853751187084, 1.0)",2,99.69151398710224,8889
"(0.861111111111111, 1.0)",1,99.69146925348971,8890
"(0.8165509259259259, 1.0)",2,99.69144057795404,8892
"(0.9192093318943212, 1.0)",2,99.69143938243616,8894
"(0.808446455505279, 1.0)",1,99.691392559307,8895
"(0.7416325017951034, 1.0)",1,99.69134966081458,8896
"(0.9146901709401708, 1.0)",1,99.6913208902928,8897
"(0.80285509389987, 1.0)",1,99.69130689528396,8898
"(0.9441792447111594, 1.0)",1,99.69115536798914,8899
"(0.7077308656256025, 1.0)",3,99.6910537757778,8902
"(0.8040695048423352, 1.0)",2,99.6910216799994,8904
"(0.757745166550198, 1.0)",1,99.69100389185,8905
"(0.757745166550198, 1.0)",1,99.69091141550592,8906
"(0.6908541194255481, 1.0)",1,99.69085411942557,8907
"(0.757745166550198, 1.0)",2,99.69084202647632,8909
"(0.7075023741690408, 1.0)",6,99.69082528432122,8915
"(0.9009287520039462, 1.0)",1,99.69081834480782,8916
"(0.8319340617212959, 1.0)",2,99.69079803673088,8918
"(0.746304385688563, 1.0)",2,99.690748830133,8920
"(0.901575014782562, 1.0)",1,99.69067481030764,8921
"(0.8420013166556946, 1.0)",1,99.69064409212774,8922
"(0.9153439153439156, 1.0)",1,99.69060395729942,8923
"(0.80285509389987, 1.0)",1,99.6905919618924,8924
"(0.8420013166556946, 1.0)",2,99.69057417678184,8926
"(0.9153439153439156, 1.0)",1,99.69057417678184,8927
"(0.808446455505279, 1.0)",1,99.69056569128306,8928
"(0.8796475392220073, 1.0)",1,99.69049837530028,8929
"(0.8432903075760217, 1.0)",1,99.69044408899282,8930
"(0.757745166550198, 1.0)",10,99.69040509921012,8940
"(0.8449978636391381, 1.0)",1,99.69036935105636,8941
"(0.7069597069597069, 1.0)",12,99.69028261711188,8953
"(0.9158007932517735, 1.0)",2,99.69009955413792,8955
"(0.7734344933751168, 1.0)",1,99.690049044136,8956
"(0.8151249335459861, 1.0)",1,99.6899623406197,8957
"(0.8068904981347378, 1.0)",1,99.68987457010503,8958
"(1.0, 1.0)",1,99.68955730476912,8959
"(0.808446455505279, 1.0)",1,99.68946757537611,8960
"(0.8425483191745751, 1.0)",1,99.68944107584528,8961
"(0.7916666666666666, 1.0)",1,99.68936487638534,8962
"(0.8848000715856217, 1.0)",1,99.68921594374,8963
"(0.861111111111111, 1.0)",1,99.6891408193951,8964
"(0.8635976129582268, 1.0)",1,99.6889218397661,8965
"(0.8547756205106323, 1.0)",1,99.68891515393742,8966
"(0.8468951683237397, 1.0)",1,99.68889648497944,8967
"(0.7734344933751168, 1.0)",1,99.68877840871905,8968
"(0.8266173510466989, 1.0)",1,99.68866039984448,8969
"(0.8222222222222222, 1.0)",1,99.68861072275706,8970
"(0.8222222222222222, 1.0)",2,99.68838621771124,8972
"(0.8222222222222222, 1.0)",1,99.68826414441844,8973
"(0.9303715638302106, 1.0)",1,99.6881915379623,8974
"(0.8997493734335841, 1.0)",1,99.68805719187051,8975
"(0.9665831244778612, 1.0)",1,99.68804840383788,8976
"(0.7880931329207191, 1.0)",1,99.6880305938338,8977
"(0.7880931329207191, 1.0)",1,99.68796789800729,8978
"(0.7880931329207191, 1.0)",1,99.6879260485431,8979
"(0.7880931329207191, 1.0)",1,99.68777902239674,8980
"(0.7294281157362763, 1.0)",1,99.68776758514686,8981
"(0.7880931329207191, 1.0)",1,99.68771632657024,8982
"(0.8653198653198653, 1.0)",1,99.68754208754208,8983
"(0.8222222222222222, 1.0)",1,99.68753486802268,8984
"(0.8533622685185187, 1.0)",1,99.68750200630456,8985
"(0.8222222222222222, 1.0)",2,99.68747217219618,8987
"(0.8579868984630887, 1.0)",2,99.68743851896734,8989
"(0.8651903651903651, 1.0)",1,99.68741258741258,8990
"(0.7880931329207191, 1.0)",1,99.68739888588502,8991
"(0.8372053872053872, 1.0)",1,99.686986186922,8992
"(0.8047508047508047, 1.0)",1,99.68697296380223,8993
"(0.8976982097186702, 1.0)",1,99.68694999548612,8994
"(0.9300671002153482, 1.0)",2,99.68692162659296,8996
"(0.8615866942983156, 1.0)",1,99.6869109211062,8997
"(0.73687720936437, 1.0)",1,99.68686678618322,8998
"(0.8016677935542034, 1.0)",1,99.6868594962151,8999
"(0.8222222222222222, 1.0)",1,99.68685319629115,9000
"(0.73687720936437, 1.0)",1,99.6868459398209,9001
"(0.73687720936437, 1.0)",1,99.6867832439944,9002
"(0.8222222222222222, 1.0)",1,99.68673966980997,9003
"(0.917469251615593, 1.0)",1,99.68672407998372,9004
"(0.7362637362637362, 1.0)",1,99.68661961344888,9005
"(0.7711781618000022, 1.0)",2,99.6866193230082,9007
"(0.8372053872053872, 1.0)",1,99.68660843570088,9008
"(0.7030539311241066, 1.0)",3,99.68637684127629,9011
"(0.9720813204508856, 1.0)",1,99.68605034179453,9012
"(0.7277677677677677, 1.0)",1,99.6860109460344,9013
"(0.934122934122934, 1.0)",1,99.68586066625282,9014
"(0.8796475392220073, 1.0)",1,99.6858335291216,9015
"(0.8976982097186702, 1.0)",1,99.6857913426394,9016
"(0.7880931329207191, 1.0)",1,99.6857913426394,9017
"(0.934122934122934, 1.0)",1,99.68569676230716,9018
"(0.8016677935542034, 1.0)",1,99.68569253123748,9019
"(0.917849761232425, 1.0)",1,99.68569213778312,9020
"(0.9833229101521784, 1.0)",1,99.68565205954016,9021
"(0.8633762288330498, 1.0)",3,99.68559845105528,9024
"(0.7687400318979267, 1.0)",3,99.68535458265882,9027
"(0.7687400318979267, 1.0)",2,99.68531273319464,9029
"(0.7687400318979267, 1.0)",1,99.68529188683232,9030
"(0.9833229101521784, 1.0)",1,99.6851926715964,9031
"(0.8222222222222222, 1.0)",1,99.6851926715964,9032
"(0.8101143854687974, 1.0)",1,99.68508416024612,9033
"(0.8101143854687974, 1.0)",1,99.68484392026866,9034
"(0.808446455505279, 1.0)",1,99.68482933188815,9035
"(0.8425483191745751, 1.0)",1,99.68481989389429,9036
"(0.7870865517924341, 1.0)",1,99.68478476151112,9037
"(0.7675138481590094, 1.0)",2,99.68450267912732,9039
"(0.9161952650324744, 1.0)",1,99.68449631382131,9040
"(0.837707400507675, 1.0)",1,99.68446064726092,9041
"(0.7675138481590094, 1.0)",1,99.68438612488524,9042
"(0.882673371045464, 1.0)",2,99.68434116459966,9044
"(0.9326599326599326, 1.0)",2,99.68429645667068,9046
"(0.8177442148030384, 1.0)",1,99.68428564655628,9047
"(0.9253213924599162, 1.0)",1,99.68422723596775,9048
"(0.7675138481590094, 1.0)",1,99.68419325484624,9049
"(0.8177442148030384, 1.0)",1,99.68409980002896,9050
"(0.8618871810094527, 1.0)",1,99.68403065523654,9051
"(0.8420013166556947, 1.0)",1,99.6840026333114,9052
"(0.8420013166556946, 1.0)",1,99.6840026333114,9053
"(0.7340930674264006, 1.0)",4,99.68399910205645,9057
"(0.8101143854687974, 1.0)",1,99.68395457534612,9058
"(0.812557599070401, 1.0)",2,99.6839227990161,9060
"(0.8016677935542034, 1.0)",2,99.68391216417066,9062
"(0.917415489944373, 1.0)",1,99.68381084042188,9063
"(0.7340930674264007, 1.0)",1,99.68381022644589,9064
"(0.8342074592074593, 1.0)",1,99.68373668748704,9065
"(0.7675138481590094, 1.0)",1,99.6837315807019,9066
"(0.7164894725870335, 1.0)",3,99.68352243962,9069
"(0.7530427440018636, 1.0)",1,99.6834868699067,9070
"(0.8697983697983697, 1.0)",1,99.68347942232916,9071
"(0.8845578466141503, 1.0)",1,99.68338448888946,9072
"(0.861111111111111, 1.0)",1,99.68333333333334,9073
"(0.8222222222222222, 1.0)",3,99.68333333333334,9076
"(0.7164894725870335, 1.0)",1,99.6831352928914,9077
"(0.6831352928913905, 1.0)",10,99.6831352928914,9087
"(0.9833229101521784, 1.0)",1,99.68307527486618,9088
"(0.7164894725870335, 1.0)",4,99.68307259706488,9092
"(0.9003556829643787, 1.0)",1,99.68298846437315,9093
"(0.8329156223893065, 1.0)",1,99.68288435284585,9094
"(0.8811945374355704, 1.0)",2,99.68286233098978,9096
"(0.934122934122934, 1.0)",1,99.6827954391763,9097
"(0.9499687304565352, 1.0)",1,99.68277996429472,9098
"(0.7994987468671678, 1.0)",1,99.68269642210592,9099
"(0.9833229101521784, 1.0)",1,99.68268891342504,9100
"(0.8997493734335841, 1.0)",2,99.68263372627942,9102
"(0.8329156223893065, 1.0)",1,99.68257103045292,9103
"(1.0, 1.0)",4,99.68253968253968,9107
"(0.6825396825396824, 1.0)",13,99.68253968253968,9120
"(0.9161952650324744, 1.0)",1,99.68250691658162,9121
"(0.799275702501509, 1.0)",2,99.68241068191377,9123
"(0.9161952650324744, 1.0)",2,99.6824025280305,9125
"(0.8449978636391381, 1.0)",1,99.68240239800392,9126
"(0.8165520116739629, 1.0)",1,99.68237819328962,9127
"(0.8491918316699293, 1.0)",1,99.68235823736522,9128
"(0.799275702501509, 1.0)",1,99.68230534849202,9129
"(0.799275702501509, 1.0)",1,99.682305348492,9130
"(0.9300671002153482, 1.0)",2,99.68227939409432,9132
"(0.9161952650324744, 1.0)",1,99.68227713637752,9133
"(0.816195709052852, 1.0)",1,99.6822693556143,9134
"(0.7155555555555556, 1.0)",1,99.68222222222222,9135
"(0.7155555555555556, 1.0)",2,99.6822013758599,9137
"(0.9506533178503804, 1.0)",1,99.68218188658824,9138
"(0.8997493734335841, 1.0)",1,99.68217211791264,9139
"(0.7155555555555556, 1.0)",1,99.68213868003342,9140
"(0.9333333333333332, 1.0)",1,99.68203564301126,9141
"(0.8435740514075887, 1.0)",1,99.68186279940151,9142
"(0.7372334455667788, 1.0)",1,99.68183158977986,9143
"(0.9297812306740878, 1.0)",1,99.68180544056986,9144
"(0.9497171590194846, 1.0)",1,99.68179507808928,9145
"(0.8997493734335841, 1.0)",1,99.68174311748363,9146
"(0.7786375661375661, 1.0)",1,99.68166950216758,9147
"(0.7150639011104126, 1.0)",1,99.68164702558828,9148
"(0.8425483191745751, 1.0)",1,99.681415831075,9149
"(0.8653198653198653, 1.0)",1,99.6813695222508,9150
"(0.8796475392220073, 1.0)",4,99.6813153327762,9154
"(0.7786375661375661, 1.0)",1,99.6812740117582,9155
"(0.8229870141950848, 1.0)",1,99.68111611899651,9156
"(0.868077055383557, 1.0)",1,99.68101623521429,9157
"(0.917415489944373, 1.0)",1,99.68095818031634,9158
"(0.9720813204508856, 1.0)",1,99.68074784496942,9159
"(0.9165164082221422, 1.0)",1,99.68073210520606,9160
"(0.9665831244778612, 1.0)",1,99.6807320389656,9161
"(0.9442283950617284, 1.0)",1,99.68070863482625,9162
"(0.9027777777777778, 1.0)",1,99.6806156575418,9163
"(0.7802197802197803, 1.0)",1,99.68059025708963,9164
"(0.7802197802197803, 1.0)",1,99.6805845915602,9165
"(0.7632275132275131, 1.0)",1,99.68053063499492,9166
"(0.9300671002153482, 1.0)",1,99.68045697968962,9167
"(0.8796475392220073, 1.0)",1,99.68041670718824,9168
"(0.7306397306397308, 1.0)",1,99.6803568896592,9169
"(0.8976982097186702, 1.0)",1,99.6803302029964,9170
"(0.8613656783468103, 1.0)",1,99.680152682209,9171
"(0.9153439153439156, 1.0)",1,99.68015008457436,9172
"(0.944073617452092, 1.0)",1,99.68013053287812,9173
"(0.8468951683237397, 1.0)",1,99.68012426984552,9174
"(0.7786375661375661, 1.0)",1,99.6801117055009,9175
"(0.9720813204508856, 1.0)",1,99.68008823247744,9176
"(0.7802197802197803, 1.0)",1,99.68003184947986,9177
"(0.8885714285714285, 1.0)",2,99.67994142762,9179
"(0.7802197802197803, 1.0)",1,99.67993693923928,9180
"(0.7632275132275131, 1.0)",1,99.67992380119728,9181
"(0.8329050741331443, 1.0)",1,99.67989926277164,9182
"(0.7802197802197803, 1.0)",1,99.67984297386931,9183
"(0.7632275132275131, 1.0)",1,99.6797664184882,9184
"(0.8053381731676306, 1.0)",2,99.67969948281554,9186
"(0.9333333333333332, 1.0)",1,99.67967431852404,9187
"(0.9158007932517735, 1.0)",1,99.67967311482587,9188
"(0.7632275132275131, 1.0)",1,99.67966653311576,9189
"(0.9166682405676116, 1.0)",1,99.6796664272876,9190
"(0.9169719169719168, 1.0)",1,99.67964910218444,9191
"(0.916104916104916, 1.0)",1,99.67964760647688,9192
"(0.8885714285714285, 1.0)",1,99.6796366694008,9193
"(0.9165164082221422, 1.0)",1,99.67960146787748,9194
"(0.8137566137566138, 1.0)",1,99.679578688881,9195
"(0.9161379295307868, 1.0)",1,99.679565072587,9196
"(0.8613656783468103, 1.0)",1,99.67954588660729,9197
"(0.8796475392220073, 1.0)",1,99.67952246104817,9198
"(0.898989898989899, 1.0)",1,99.67945832515794,9199
"(0.8976982097186702, 1.0)",1,99.67942595074874,9200
"(0.9162596992611264, 1.0)",1,99.67940513377783,9201
"(0.861111111111111, 1.0)",1,99.67934288294369,9202
"(0.8329050741331443, 1.0)",1,99.67933405514763,9203
"(0.8796475392220073, 1.0)",1,99.6793133704668,9204
"(0.8796475392220073, 1.0)",1,99.67927167774216,9205
"(0.898989898989899, 1.0)",3,99.67920967920968,9208
"(0.9153439153439152, 1.0)",1,99.67920410936205,9209
"(0.7460317460317459, 1.0)",1,99.679141204233,9210
"(0.9167853751187084, 1.0)",1,99.67905890621066,9211
"(0.7344692811916678, 1.0)",2,99.67897609203274,9213
"(0.7802197802197803, 1.0)",1,99.67888660571587,9214
"(0.9165164082221422, 1.0)",1,99.67886129815884,9215
"(0.9161379295307868, 1.0)",1,99.6788409952384,9216
"(0.7121693121693121, 1.0)",3,99.67881513247367,9219
"(0.8814814814814814, 1.0)",1,99.67880288484967,9220
"(0.859499940327008, 1.0)",2,99.67875305853934,9222
"(0.7121693121693121, 1.0)",3,99.67875243664716,9225
"(0.8112275321577646, 1.0)",1,99.67866872778671,9226
"(0.9583930063253372, 1.0)",1,99.67858600598532,9227
"(0.7479743867590829, 1.0)",1,99.67857902959376,9228
"(0.861111111111111, 1.0)",1,99.67857142857144,9229
"(0.8762860082304527, 1.0)",1,99.6785449162758,9230
"(0.8963124945246743, 1.0)",1,99.6784981960547,9231
"(0.7060994560994561, 1.0)",1,99.67844919945983,9232
"(0.9326599326599326, 1.0)",1,99.67836819556526,9233
"(0.80285509389987, 1.0)",2,99.67828359600284,9235
"(0.930124456440246, 1.0)",1,99.6782311283815,9236
"(0.8319340617212959, 1.0)",1,99.67817067436764,9237
"(0.859499940327008, 1.0)",1,99.67814972084804,9238
"(0.7119388248146047, 1.0)",1,99.67813480256385,9239
"(0.9583930063253372, 1.0)",1,99.67809283726578,9240
"(0.901575014782562, 1.0)",1,99.67802052228012,9241
"(0.7802197802197803, 1.0)",8,99.67791798993844,9249
"(0.9165164082221422, 1.0)",1,99.67790761481145,9250
"(0.8476190476190477, 1.0)",1,99.67783712609496,9251
"(0.9833229101521784, 1.0)",1,99.67781824867384,9252
"(0.8319340617212959, 1.0)",1,99.67773936902388,9253
"(0.9331662489557224, 1.0)",1,99.67762242052112,9254
"(0.7944219523166891, 1.0)",1,99.67761962755544,9255
"(0.9299507899507898, 1.0)",1,99.67745960800426,9256
"(0.9009287520039462, 1.0)",1,99.67740082798034,9257
"(0.816195709052852, 1.0)",1,99.67730682016396,9258
"(0.7612958226768967, 1.0)",1,99.677278665489,9259
"(0.8796475392220073, 1.0)",1,99.67722051402724,9260
"(0.9833229101521784, 1.0)",1,99.67722051402724,9261
"(0.80285509389987, 1.0)",1,99.67715440792232,9262
"(0.9299160159815896, 1.0)",1,99.67709475651456,9263
"(0.8677838677838676, 1.0)",1,99.6767580586424,9264
"(0.746304385688563, 1.0)",1,99.67672714315472,9265
"(0.7601164382773579, 1.0)",2,99.67666829321176,9267
"(0.8732774170274171, 1.0)",1,99.67666514041514,9268
"(0.7601164382773579, 1.0)",1,99.67660559738526,9269
"(0.8432903075760217, 1.0)",1,99.67657130468235,9270
"(0.7042648709315374, 1.0)",2,99.67654661696328,9272
"(0.746304385688563, 1.0)",1,99.67649526575278,9273
"(0.8840048840048841, 1.0)",1,99.67636207784572,9274
"(0.8814814814814814, 1.0)",1,99.67631158362866,9275
"(0.826388888888889, 1.0)",1,99.67612783914132,9276
"(0.8310777799491891, 1.0)",1,99.67611573232746,9277
"(0.8976982097186702, 1.0)",2,99.67606621814176,9279
"(0.8840048840048841, 1.0)",4,99.67597493111712,9283
"(0.8796475392220073, 1.0)",1,99.67590962920492,9284
"(0.9166682405676116, 1.0)",1,99.67590685131542,9285
"(0.917849761232425, 1.0)",2,99.67583972672378,9287
"(0.9331662489557228, 1.0)",1,99.6758381884705,9288
"(0.8552744708994707, 1.0)",1,99.67580844828524,9289
"(0.901575014782562, 1.0)",1,99.67579190674384,9290
"(0.7090909090909091, 1.0)",4,99.67573672939528,9294
"(0.7090909090909091, 1.0)",2,99.67567403356875,9296
"(0.8796475392220073, 1.0)",1,99.67565805776786,9297
"(0.8151249335459861, 1.0)",1,99.6756234241236,9298
"(0.8732774170274171, 1.0)",1,99.6755675771892,9299
"(0.9326599326599326, 1.0)",1,99.67527792125613,9300
"(0.9027777777777778, 1.0)",1,99.67522510784616,9301
"(0.826388888888889, 1.0)",1,99.67521801820584,9302
"(0.8420013166556946, 1.0)",1,99.67516772235098,9303
"(0.808446455505279, 1.0)",1,99.675050583085,9304
"(0.7083333333333334, 1.0)",1,99.675,9305
"(0.8329156223893065, 1.0)",3,99.674916939045,9308
"(0.8476190476190477, 1.0)",1,99.67486772486772,9309
"(0.7416325017951034, 1.0)",1,99.67486144657732,9310
"(0.80285509389987, 1.0)",2,99.6748339622992,9312
"(0.8491514770584537, 1.0)",1,99.67447570386634,9313
"(0.9442283950617284, 1.0)",1,99.67445146658171,9314
"(0.7077308656256025, 1.0)",4,99.67437668592996,9318
"(0.9166145507608924, 1.0)",1,99.67435971731108,9319
"(0.9833229101521784, 1.0)",2,99.67435971731108,9321
"(0.757745166550198, 1.0)",1,99.67435971731108,9322
"(0.7713401051412279, 1.0)",1,99.6742827701286,9323
"(0.9665831244778612, 1.0)",1,99.67421528374578,9324
"(0.7075023741690408, 1.0)",1,99.67416904083572,9325
"(0.757745166550198, 1.0)",3,99.6741649366285,9328
"(0.7075023741690408, 1.0)",1,99.6741481944734,9329
"(0.8880984643179766, 1.0)",1,99.67413662465626,9330
"(0.9441595441595442, 1.0)",1,99.67412632632433,9331
"(0.9833229101521784, 1.0)",2,99.67410814587404,9333
"(0.7075023741690408, 1.0)",3,99.6740854986469,9336
"(0.8796475392220073, 1.0)",1,99.67406949153867,9337
"(0.757745166550198, 1.0)",1,99.67404545004754,9338
"(0.8420013166556946, 1.0)",1,99.67396700227992,9339
"(0.8420013166556946, 1.0)",1,99.67383750215042,9340
"(0.757745166550198, 1.0)",1,99.67381835828986,9341
"(0.9326599326599326, 1.0)",5,99.6737280093623,9346
"(0.757745166550198, 1.0)",2,99.6737280093623,9348
"(0.868077055383557, 1.0)",1,99.67362218775796,9349
"(0.7069597069597069, 1.0)",1,99.67354283143756,9350
"(0.8552744708994707, 1.0)",1,99.67351763530576,9351
"(0.7673678366541239, 1.0)",1,99.67347682545125,9352
"(0.6734452539330588, 1.0)",1,99.67344525393308,9353
"(0.6733821733821733, 1.0)",12,99.67338217338218,9365
"(0.7734344933751168, 1.0)",2,99.6733092584617,9367
"(0.757745166550198, 1.0)",1,99.67308908189412,9368
"(0.8813080639167598, 1.0)",1,99.67307742957422,9369
"(0.8420013166556946, 1.0)",1,99.6730120133454,9370
"(0.8976982097186702, 1.0)",1,99.67299116698308,9371
"(0.8539212725259236, 1.0)",1,99.6728360062502,9372
"(0.9, 1.0)",1,99.67276911437746,9373
"(0.7734344933751168, 1.0)",1,99.6727402463394,9374
"(0.9018806250259218, 1.0)",2,99.67263667519371,9376
"(0.8266173510466989, 1.0)",1,99.67236820070715,9377
"(0.7222222222222221, 1.0)",1,99.67219095267876,9378
"(0.7222222222222221, 1.0)",2,99.67212825685226,9380
"(0.9161952650324744, 1.0)",1,99.6720928711043,9381
"(0.8703703703703703, 1.0)",1,99.67203816392458,9382
"(0.9497171590194848, 1.0)",1,99.67196845269936,9383
"(0.9166145507608924, 1.0)",2,99.67187684215476,9385
"(0.8222222222222222, 1.0)",1,99.67187684215476,9386
"(0.7545469576719577, 1.0)",1,99.67172291037424,9387
"(0.7965746171391332, 1.0)",1,99.67150349766264,9388
"(0.808446455505279, 1.0)",1,99.67141690487946,9389
"(0.738095238095238, 1.0)",1,99.67132418287746,9390
"(0.7916666666666666, 1.0)",3,99.67131420588868,9393
"(0.7880931329207191, 1.0)",1,99.67129080815948,9394
"(0.9299160159815896, 1.0)",1,99.67117742652454,9395
"(0.8101143854687974, 1.0)",1,99.67098508306869,9396
"(0.9299160159815896, 1.0)",1,99.6709152769793,9397
"(0.8229870141950848, 1.0)",2,99.6707869872984,9399
"(0.8101143854687974, 1.0)",1,99.67070649278229,9400
"(0.8547756205106323, 1.0)",1,99.67066307962467,9401
"(0.7675138481590094, 1.0)",3,99.67053663617617,9404
"(0.7204751921733054, 1.0)",3,99.67044392262984,9407
"(0.7880931329207191, 1.0)",2,99.6704059420628,9409
"(0.7204751921733054, 1.0)",1,99.67038122680334,9410
"(0.9166682405676116, 1.0)",1,99.67036077387972,9411
"(0.8976982097186702, 1.0)",1,99.67035751498668,9412
"(0.9497171590194848, 1.0)",1,99.67032070967812,9413
"(0.8976982097186702, 1.0)",1,99.6702102098118,9414
"(0.7204751921733054, 1.0)",1,99.67019235119278,9415
"(0.8312205288949474, 1.0)",1,99.67017019275669,9416
"(0.8697983697983697, 1.0)",2,99.67012737808896,9418
"(0.73687720936437, 1.0)",1,99.6701270005089,9419
"(0.8372053872053872, 1.0)",1,99.6701210095947,9420
"(0.8229870141950848, 1.0)",1,99.6700008060844,9421
"(0.73687720936437, 1.0)",3,99.66991727853603,9424
"(0.8631546198466533, 1.0)",1,99.6699105106884,9425
"(0.8229870141950848, 1.0)",1,99.66988828136458,9426
"(0.8229870141950848, 1.0)",2,99.6698555707206,9428
"(0.6698155645524068, 1.0)",42,99.6698155645524,9470
"(0.7198480531813864, 1.0)",1,99.66975408781144,9471
"(0.8016677935542034, 1.0)",1,99.66974484893775,9472
"(0.7545469576719577, 1.0)",1,99.66973776517776,9473
"(0.7030539311241066, 1.0)",1,99.66969975142848,9474
"(0.9442283950617284, 1.0)",1,99.66969578488784,9475
"(0.8432903075760217, 1.0)",1,99.66965384894274,9476
"(0.944563492063492, 1.0)",2,99.66957872468744,9478
"(0.933096859926128, 1.0)",2,99.6694247323856,9480
"(0.8887202421952387, 1.0)",1,99.66918358337188,9481
"(0.8635976129582268, 1.0)",1,99.66914274533264,9482
"(0.8633762288330498, 1.0)",2,99.66892136120744,9484
"(0.8016677935542034, 1.0)",1,99.66887296633898,9485
"(0.9161952650324744, 1.0)",2,99.6687730035528,9487
"(0.7687400318979267, 1.0)",4,99.668677492811,9491
"(0.9665831244778612, 1.0)",1,99.6686726481335,9492
"(0.8222222222222222, 1.0)",1,99.66851558174858,9493
"(0.7687400318979267, 1.0)",2,99.66842592137394,9495
"(0.8840048840048841, 1.0)",1,99.66833437565144,9496
"(0.7786375661375661, 1.0)",1,99.66817249849204,9497
"(0.7372334455667788, 1.0)",2,99.6680834261348,9499
"(0.8976982097186702, 1.0)",1,99.66806554288628,9500
"(0.837707400507675, 1.0)",1,99.66806554288628,9501
"(0.8547756205106323, 1.0)",2,99.66795979557584,9503
"(0.7648017586542176, 1.0)",1,99.66793893360216,9504
"(0.9161952650324744, 1.0)",1,99.66783178904322,9505
"(0.8762860082304527, 1.0)",1,99.66780700987862,9506
"(0.7511111111111111, 1.0)",1,99.66768381240782,9507
"(0.8165520116739629, 1.0)",1,99.66752993716602,9508
"(0.9167853751187084, 1.0)",1,99.66745953071909,9509
"(0.7340930674264006, 1.0)",1,99.66738470803512,9510
"(0.8420013166556947, 1.0)",1,99.66732554346356,9511
"(0.8420013166556946, 1.0)",2,99.66732554346356,9513
"(0.9008025849489264, 1.0)",1,99.66728147761523,9514
"(0.7786375661375661, 1.0)",1,99.66728102342418,9515
"(0.8016677935542034, 1.0)",1,99.66723507432285,9516
"(0.8053381731676306, 1.0)",1,99.66721925023384,9517
"(0.8613656783468103, 1.0)",1,99.66720899062338,9518
"(0.9161952650324744, 1.0)",1,99.6672061526356,9519
"(0.934122934122934, 1.0)",1,99.6671641049048,9520
"(0.9161952650324744, 1.0)",1,99.66713661109576,9521
"(0.9497171590194848, 1.0)",2,99.66713313659808,9523
"(0.9833229101521784, 1.0)",1,99.66713313659808,9524
"(0.7340930674264007, 1.0)",1,99.66713313659808,9525
"(0.8467532467532467, 1.0)",1,99.66711371417252,9526
"(0.917469251615593, 1.0)",1,99.6670971201138,9527
"(0.8374727668845315, 1.0)",1,99.66708903656308,9528
"(0.8633762288330498, 1.0)",1,99.66705960640452,9529
"(0.9442283950617284, 1.0)",1,99.66699025471056,9530
"(0.9008025849489264, 1.0)",2,99.66694715212046,9532
"(0.930704099821747, 1.0)",1,99.66692133484452,9533
"(0.944073617452092, 1.0)",1,99.66689895947384,9534
"(0.7164894725870335, 1.0)",2,99.66684534977216,9536
"(0.8222222222222222, 1.0)",2,99.6666562434855,9538
"(0.6831352928913905, 1.0)",15,99.66645820304356,9553
"(0.7164894725870335, 1.0)",1,99.66642842252598,9554
"(0.8329050741331443, 1.0)",1,99.66642331195465,9555
"(0.7164894725870335, 1.0)",2,99.66639550721708,9557
"(0.9, 1.0)",2,99.66635350101332,9559
"(0.901575014782562, 1.0)",1,99.66629211020054,9560
"(0.7164894725870335, 1.0)",2,99.66620663160651,9562
"(0.8613656783468103, 1.0)",1,99.66618723530084,9563
"(0.8016677935542034, 1.0)",1,99.66618524114196,9564
"(0.8468089381754635, 1.0)",1,99.66614047552348,9565
"(0.9027777777777778, 1.0)",1,99.66608174341704,9566
"(0.8613656783468103, 1.0)",1,99.66606375646676,9567
"(0.837707400507675, 1.0)",1,99.66603728318536,9568
"(0.9297812306740878, 1.0)",1,99.66600035426872,9569
"(0.9161952650324744, 1.0)",1,99.66591352566216,9570
"(0.9833229101521784, 1.0)",2,99.66586259269188,9572
"(0.6825396825396824, 1.0)",5,99.66586259269188,9577
"(0.9161952650324744, 1.0)",3,99.66585082983566,9580
"(0.8329050741331443, 1.0)",1,99.6658416376383,9581
"(0.8885714285714285, 1.0)",1,99.665837873836,9582
"(0.8997493734335841, 1.0)",1,99.66583124477862,9583
"(0.6658312447786131, 1.0)",1,99.66583124477862,9584
"(0.7498436522826767, 1.0)",1,99.6658264950948,9585
"(0.9583930063253372, 1.0)",1,99.66582143376444,9586
"(0.799275702501509, 1.0)",2,99.66579628789243,9588
"(0.9161952650324744, 1.0)",1,99.66578813400918,9589
"(0.9161952650324744, 1.0)",1,99.66576634277622,9590
"(0.8613656783468103, 1.0)",1,99.66574732079005,9591
"(0.9161952650324744, 1.0)",1,99.66572543818268,9592
"(0.7503607503607503, 1.0)",1,99.66570466570468,9593
"(0.9161952650324744, 1.0)",1,99.6656619542251,9594
"(0.930704099821747, 1.0)",1,99.66565841947389,9595
"(0.816195709052852, 1.0)",1,99.66563002709182,9596
"(0.816195709052852, 1.0)",1,99.6656197163716,9597
"(0.8653198653198653, 1.0)",1,99.66561300919732,9598
"(0.917849761232425, 1.0)",1,99.66559338093724,9599
"(0.9303715638302106, 1.0)",1,99.6655210709683,9600
"(0.901575014782562, 1.0)",1,99.66543802299653,9601
"(0.9161952650324744, 1.0)",1,99.66537700216402,9602
"(0.916104916104916, 1.0)",1,99.66536172658512,9603
"(0.8796475392220073, 1.0)",1,99.66532013221168,9604
"(0.7155555555555556, 1.0)",1,99.66527271457504,9605
"(0.8053381731676306, 1.0)",1,99.66525654443105,9606
"(0.861111111111111, 1.0)",1,99.6652296983,9607
"(0.9161952650324744, 1.0)",1,99.66521912188688,9608
"(0.8613656783468103, 1.0)",1,99.66517561174226,9609
"(0.8040695048423352, 1.0)",1,99.66516029457031,9610
"(0.8633762288330498, 1.0)",2,99.66504402238724,9612
"(0.917415489944373, 1.0)",1,99.66495719520616,9613
"(0.8316498316498316, 1.0)",1,99.66481623734512,9614
"(0.8319340617212959, 1.0)",1,99.66472304304828,9615
"(0.9833229101521784, 1.0)",1,99.6646382429284,9616
"(0.8796475392220073, 1.0)",2,99.6646382429284,9618
"(0.7982894736842105, 1.0)",1,99.66461527839256,9619
"(0.9299160159815896, 1.0)",1,99.66461344261424,9620
"(0.8736897274633123, 1.0)",1,99.66458934495816,9621
"(0.9326599326599326, 1.0)",1,99.66456625261893,9622
"(0.8762860082304527, 1.0)",1,99.66454517730448,9623
"(0.944563492063492, 1.0)",1,99.66449628600591,9624
"(0.8319340617212959, 1.0)",2,99.66446719847794,9626
"(0.9333333333333332, 1.0)",1,99.66442592118042,9627
"(0.80285509389987, 1.0)",1,99.66429953056088,9628
"(0.8840455840455841, 1.0)",1,99.66426536426536,9629
"(0.8222222222222222, 1.0)",5,99.66422353887792,9634
"(0.8420013166556946, 1.0)",4,99.66422353887792,9638
"(0.8976982097186702, 1.0)",1,99.6641979487473,9639
"(0.9442283950617284, 1.0)",1,99.66418811127144,9640
"(1.0, 1.0)",1,99.6641861161072,9641
"(0.859499940327008, 1.0)",1,99.66413044140256,9642
"(0.9331094582012576, 1.0)",1,99.66402936420828,9643
"(0.9167853751187084, 1.0)",1,99.6640139916513,9644
"(0.9665831244778612, 1.0)",1,99.66398922239745,9645
"(0.80285509389987, 1.0)",1,99.66392090158038,9646
"(0.9441792447111594, 1.0)",2,99.66388327469568,9648
"(0.859499940327008, 1.0)",1,99.66386656743126,9649
"(0.8300265307680562, 1.0)",1,99.66385628136472,9650
"(0.8651903651903651, 1.0)",1,99.66381471458044,9651
"(0.8165509259259259, 1.0)",1,99.66377526081504,9652
"(0.6636745887678723, 1.0)",1,99.66367458876788,9653
"(0.9497171590194846, 1.0)",1,99.66366180209435,9654
"(0.9161952650324744, 1.0)",1,99.66363242500356,9655
"(0.9583930063253372, 1.0)",1,99.66350151678328,9656
"(0.8832603710652491, 1.0)",1,99.66348015128504,9657
"(0.9164652836623464, 1.0)",1,99.66345339784752,9658
"(0.9497171590194846, 1.0)",1,99.66324942621029,9659
"(0.8294970161977834, 1.0)",1,99.66323891290054,9660
"(0.7979797979797979, 1.0)",1,99.66317016317016,9661
"(0.8796475392220073, 1.0)",1,99.66303236150284,9662
"(0.8420013166556946, 1.0)",1,99.66303162731556,9663
"(0.8976982097186702, 1.0)",1,99.6630214051998,9664
"(0.746304385688563, 1.0)",3,99.66296089166366,9667
"(0.882673371045464, 1.0)",1,99.66289315126524,9668
"(0.8796475392220073, 1.0)",1,99.66287648400424,9669
"(0.7183489076634237, 1.0)",1,99.66286076986822,9670
"(0.8296970789758384, 1.0)",1,99.66285945884891,9671
"(0.9833229101521784, 1.0)",1,99.66284844333624,9672
"(0.8997493734335841, 1.0)",1,99.66278130443078,9673
"(0.861111111111111, 1.0)",1,99.66277890466532,9674
"(0.9833229101521784, 1.0)",1,99.66277335354415,9675
"(0.8329050741331443, 1.0)",2,99.66277289845586,9677
"(0.8796475392220073, 1.0)",1,99.66276167227196,9678
"(0.9161952650324744, 1.0)",1,99.66271362700572,9679
"(0.8294970161977834, 1.0)",1,99.6627051146177,9680
"(0.9445235834124724, 1.0)",1,99.66269672770454,9681
"(0.9665831244778612, 1.0)",1,99.66252090513964,9682
"(0.816195709052852, 1.0)",1,99.66250991494152,9683
"(0.746304385688563, 1.0)",1,99.66247444104091,9684
"(0.7802197802197803, 1.0)",1,99.66246415083624,9685
"(0.8635976129582268, 1.0)",1,99.66236408338156,9686
"(0.8963124945246743, 1.0)",1,99.66222781062318,9687
"(0.8579868984630887, 1.0)",2,99.6622089240314,9689
"(0.8294970161977834, 1.0)",1,99.6620944097708,9690
"(0.8261351052048725, 1.0)",1,99.66198243737936,9691
"(0.861111111111111, 1.0)",1,99.6618943387236,9692
"(0.7121693121693121, 1.0)",1,99.6618864711888,9693
"(0.7996376811594202, 1.0)",1,99.6617693275018,9694
"(0.8137566137566138, 1.0)",1,99.66176046176048,9695
"(0.8653198653198653, 1.0)",1,99.66172755120124,9696
"(0.9833229101521784, 1.0)",1,99.66169834870011,9697
"(0.7119388248146047, 1.0)",1,99.6616559838341,9698
"(0.8432903075760217, 1.0)",1,99.66163921523425,9699
"(0.9326599326599326, 1.0)",1,99.66159993325678,9700
"(0.8552744708994707, 1.0)",1,99.66154028640442,9701
"(0.9153439153439152, 1.0)",1,99.66152161776265,9702
"(0.8811945374355704, 1.0)",3,99.66141431765536,9705
"(0.8963124945246743, 1.0)",1,99.66137019410536,9706
"(0.8579868984630887, 1.0)",1,99.66129756364091,9707
"(0.786508365740383, 1.0)",1,99.66126374628382,9708
"(0.8976982097186702, 1.0)",1,99.66124090009065,9709
"(0.8283298826777087, 1.0)",1,99.66111932528295,9710
"(0.7979797979797979, 1.0)",1,99.66095024735398,9711
"(0.80285509389987, 1.0)",1,99.66085382963084,9712
"(0.786508365740383, 1.0)",1,99.66072530232678,9713
"(0.8266173510466989, 1.0)",1,99.66065696605436,9714
"(0.7612958226768967, 1.0)",1,99.66061199882232,9715
"(0.8294970161977834, 1.0)",1,99.66052223913402,9716
"(0.8467532467532467, 1.0)",1,99.66047182791368,9717
"(0.7601164382773579, 1.0)",1,99.66037835009254,9718
"(0.8552744708994707, 1.0)",1,99.6601929353587,9719
"(0.7612958226768967, 1.0)",1,99.66015622153728,9720
"(0.7713401051412279, 1.0)",1,99.66014856926915,9721
"(0.9665831244778612, 1.0)",1,99.660124138451,9722
"(0.7802197802197803, 1.0)",4,99.6598673194418,9726
"(0.8796475392220073, 1.0)",5,99.6598673194418,9731
"(1.0, 1.0)",1,99.6598673194418,9732
"(0.8294970161977834, 1.0)",1,99.6597150946737,9733
"(0.8840048840048841, 1.0)",2,99.6596849879979,9735
"(0.812557599070401, 1.0)",2,99.65949589643162,9737
"(0.9442283950617284, 1.0)",2,99.65932949943615,9739
"(0.882673371045464, 1.0)",2,99.6591283975005,9741
"(0.9665831244778612, 1.0)",1,99.65910714770408,9742
"(0.7979797979797979, 1.0)",2,99.6590909090909,9744
"(0.9297812306740878, 1.0)",1,99.65908281537446,9745
"(0.7601164382773579, 1.0)",1,99.65907589089534,9746
"(0.9833229101521784, 1.0)",1,99.65905963954744,9747
"(0.9833229101521784, 1.0)",1,99.659020993745,9748
"(0.7090909090909091, 1.0)",3,99.65899694372096,9751
"(0.9833229101521784, 1.0)",1,99.65899694372096,9752
"(0.9665831244778612, 1.0)",1,99.65899694372096,9753
"(0.8294970161977834, 1.0)",1,99.65899403239555,9754
"(0.7612958226768967, 1.0)",1,99.65899403239555,9755
"(0.859499940327008, 1.0)",1,99.65893751821989,9756
"(0.9581458989353726, 1.0)",1,99.6589047598147,9757
"(0.9158007932517735, 1.0)",1,99.65884272573338,9758
"(0.8552744708994707, 1.0)",1,99.65884152565891,9759
"(1.0, 1.0)",2,99.6588080681104,9761
"(0.944073617452092, 1.0)",1,99.65867071511914,9762
"(0.861111111111111, 1.0)",1,99.65862139008986,9763
"(0.8420013166556946, 1.0)",1,99.6586158674166,9764
"(0.9158007932517735, 1.0)",1,99.65855992767138,9765
"(0.7711781618000022, 1.0)",1,99.65855084887076,9766
"(0.727840909090909, 1.0)",1,99.6585451150157,9767
"(0.9, 1.0)",1,99.6584904757636,9768
"(0.826388888888889, 1.0)",1,99.65843695334584,9769
"(0.727840909090909, 1.0)",1,99.65839603426066,9770
"(0.8796475392220073, 1.0)",2,99.65836686881153,9772
"(0.7916666666666666, 1.0)",1,99.65833333333332,9773
"(0.8420013166556946, 1.0)",1,99.65832339138598,9774
"(0.7277677677677677, 1.0)",2,99.65832332332332,9776
"(0.8329156223893065, 1.0)",1,99.65823984919716,9777
"(0.7083333333333334, 1.0)",1,99.65823936796338,9778
"(0.7916666666666666, 1.0)",2,99.6581872520576,9780
"(0.7083333333333334, 1.0)",1,99.6580504923528,9781
"(0.9161952650324744, 1.0)",1,99.65794595512176,9782
"(0.8468951683237397, 1.0)",3,99.6579452293738,9785
"(0.7545469576719577, 1.0)",1,99.65793735338616,9786
"(0.7277677677677677, 1.0)",1,99.65786047454276,9787
"(0.8312205288949474, 1.0)",1,99.65778189400196,9788
"(0.808446455505279, 1.0)",1,99.65776263165073,9789
"(0.7077308656256025, 1.0)",1,99.65769959608214,9790
"(0.94993894993895, 1.0)",1,99.6576230664281,9791
"(0.868077055383557, 1.0)",1,99.65752325960884,9792
"(0.7077308656256025, 1.0)",1,99.65744802464508,9793
"(0.757745166550198, 1.0)",1,99.6574310560262,9794
"(0.9437903841498612, 1.0)",1,99.65734961632364,9795
"(0.9497171590194846, 1.0)",2,99.65717948458916,9797
"(0.757745166550198, 1.0)",1,99.65714126844205,9798
"(0.757745166550198, 1.0)",1,99.65705091951448,9799
"(0.9833229101521784, 1.0)",2,99.65705091951448,9801
"(0.9326599326599326, 1.0)",1,99.65705091951448,9802
"(0.7277677677677677, 1.0)",1,99.65704158754546,9803
"(0.8101143854687974, 1.0)",1,99.6570156526383,9804
"(0.7416325017951034, 1.0)",1,99.65697641713902,9805
"(0.7069597069597069, 1.0)",1,99.65692843741624,9806
"(0.8222222222222222, 1.0)",1,99.65678977989631,9807
"(0.8736897274633123, 1.0)",2,99.65675227423286,9809
"(0.6733821733821733, 1.0)",5,99.65670508353436,9814
"(0.7965746171391332, 1.0)",1,99.65669964807972,9815
"(0.7069597069597069, 1.0)",4,99.6566768659792,9819
"(0.757745166550198, 1.0)",1,99.6566055654106,9820
"(0.7675138481590094, 1.0)",1,99.6565884803298,9821
"(1.0, 1.0)",1,99.6565763966339,9822
"(0.7734344933751168, 1.0)",1,99.65656947278735,9823
"(0.757745166550198, 1.0)",1,99.6565414921758,9824
"(0.7675138481590094, 1.0)",2,99.65622467436984,9826
"(0.7675138481590094, 1.0)",2,99.65616232353666,9828
"(0.861111111111111, 1.0)",2,99.65610256567705,9830
"(0.7675138481590094, 1.0)",1,99.65608152514314,9831
"(0.7675138481590094, 1.0)",1,99.65603800793714,9832
"(0.8814814814814814, 1.0)",1,99.65573983393384,9833
"(0.7222222222222221, 1.0)",1,99.65551386283092,9834
"(0.7222222222222221, 1.0)",1,99.65545116700444,9835
"(0.757745166550198, 1.0)",2,99.65544337626886,9837
"(0.7222222222222221, 1.0)",1,99.65526229139388,9838
"(0.8329156223893065, 1.0)",1,99.65513784461152,9839
"(0.9153439153439152, 1.0)",1,99.65504344171828,9840
"(0.8420013166556946, 1.0)",1,99.65494049648642,9841
"(0.8653198653198653, 1.0)",1,99.65457165108734,9842
"(0.7880931329207191, 1.0)",1,99.65455102248517,9843
"(0.7791819291819292, 1.0)",1,99.6544380372756,9844
"(0.9300671002153482, 1.0)",1,99.65422336944224,9845
"(0.6542079837274346, 1.0)",1,99.65420798372745,9846
"(1.0, 1.0)",5,99.65420798372745,9851
"(0.8222222222222222, 1.0)",1,99.65418068832705,9852
"(0.882673371045464, 1.0)",1,99.65408941411836,9853
"(0.7648017586542176, 1.0)",1,99.65407864806534,9854
"(0.844988344988345, 1.0)",1,99.65395137480698,9855
"(0.8222222222222222, 1.0)",1,99.65392911688996,9856
"(0.9299160159815896, 1.0)",1,99.6536903097488,9857
"(0.8372053872053872, 1.0)",1,99.653673699951,9858
"(0.73687720936437, 1.0)",1,99.65353345284989,9859
"(0.7204751921733054, 1.0)",3,99.65351526134496,9862
"(0.73687720936437, 1.0)",1,99.6535021833064,9863
"(0.73687720936437, 1.0)",2,99.65349176012526,9865
"(0.7786375661375661, 1.0)",1,99.65343345082329,9866
"(0.917849761232425, 1.0)",1,99.65341128694187,9867
"(0.8420013166556946, 1.0)",1,99.65335458425,9868
"(0.8372053872053872, 1.0)",1,99.65325504413632,9869
"(0.6698155645524068, 1.0)",28,99.65313847470458,9897
"(1.0, 1.0)",1,99.65313847470458,9898
"(0.8762860082304527, 1.0)",1,99.6530981686246,9899
"(0.7734344933751168, 1.0)",1,99.65308203259713,9900
"(0.933096859926128, 1.0)",1,99.65304340534436,9901
"(1.0, 1.0)",1,99.65301846239684,9902
"(0.796353220536539, 1.0)",1,99.6529899846235,9903
"(0.7030539311241066, 1.0)",1,99.65295996575416,9904
"(0.7198480531813864, 1.0)",1,99.65288812235303,9905
"(0.808446455505279, 1.0)",1,99.65288047676856,9906
"(0.8832603710652491, 1.0)",1,99.65280751450048,9907
"(0.8813080639167598, 1.0)",2,99.65272410698968,9909
"(0.7632275132275131, 1.0)",2,99.65266350983924,9911
"(0.7880931329207191, 1.0)",1,99.65261058050848,9912
"(0.9303715638302106, 1.0)",1,99.6526016642066,9913
"(0.7632275132275131, 1.0)",1,99.65257722783096,9914
"(0.7198480531813864, 1.0)",1,99.65250798584132,9915
"(0.9192093318943212, 1.0)",1,99.65244158645696,9916
"(0.9165164082221422, 1.0)",1,99.6523594605316,9917
"(1.0, 1.0)",1,99.6523271119539,9918
"(0.9436368312757202, 1.0)",1,99.65230864060688,9919
"(0.7632275132275131, 1.0)",1,99.65223350636973,9920
"(0.8222222222222222, 1.0)",1,99.65222563862936,9921
"(0.8319340617212959, 1.0)",1,99.65204930354724,9922
"(0.8177442148030384, 1.0)",1,99.65202209842865,9923
"(0.7632275132275131, 1.0)",3,99.65196640052392,9926
"(0.7687400318979267, 1.0)",1,99.651958553499,9927
"(0.8222222222222222, 1.0)",1,99.65177579607428,9928
"(0.9665831244778612, 1.0)",1,99.65177579607428,9929
"(0.9497171590194848, 1.0)",1,99.65177428418316,9930
"(0.7687400318979267, 1.0)",1,99.65174883152612,9931
"(0.8016677935542034, 1.0)",1,99.65140674380665,9932
"(0.7344692811916678, 1.0)",1,99.65139084772818,9933
"(0.8101143854687974, 1.0)",1,99.6512489497782,9934
"(0.8732774170274171, 1.0)",1,99.6512064943623,9935
"(0.917469251615593, 1.0)",1,99.65115417791928,9936
"(0.7903875985986362, 1.0)",1,99.65113662147763,9937
"(0.7164894725870335, 1.0)",2,99.65109872298576,9939
"(0.8016677935542034, 1.0)",1,99.65109180087296,9940
"(0.8845578466141503, 1.0)",1,99.65103673928049,9941
"(0.8177442148030384, 1.0)",2,99.65103585541176,9943
"(0.7344692811916678, 1.0)",2,99.65095150615132,9945
"(0.7479743867590829, 1.0)",1,99.65093413852986,9946
"(0.9161379295307868, 1.0)",1,99.65092046850464,9947
"(0.7511111111111111, 1.0)",1,99.6508604845447,9948
"(0.8177442148030384, 1.0)",1,99.65084792467184,9949
"(0.9442283950617284, 1.0)",1,99.6507715126119,9950
"(0.837707400507675, 1.0)",2,99.65074952557026,9952
"(0.9331662489557224, 1.0)",1,99.65072253301884,9953
"(0.9441792447111594, 1.0)",1,99.65070960308216,9954
"(0.9497171590194846, 1.0)",1,99.65069677707916,9955
"(0.9161952650324744, 1.0)",1,99.6506925315293,9956
"(0.9665831244778612, 1.0)",1,99.6506449223608,9957
"(0.7164894725870335, 1.0)",1,99.65061240670995,9958
"(0.9158007932517735, 1.0)",1,99.65060152781108,9959
"(0.8703703703703703, 1.0)",3,99.65059015059016,9962
"(0.9008025849489264, 1.0)",1,99.6505835414051,9963
"(0.7340930674264006, 1.0)",1,99.65054261802229,9964
"(0.944073617452092, 1.0)",1,99.65053890368029,9965
"(0.7060994560994561, 1.0)",1,99.65047363647452,9966
"(0.7164894725870335, 1.0)",1,99.6504657005896,9967
"(0.893146638589877, 1.0)",1,99.65043803740416,9968
"(0.8539212725259236, 1.0)",1,99.65038691094745,9969
"(0.9580331374974232, 1.0)",1,99.6503660531198,9970
"(0.917469251615593, 1.0)",2,99.65032233491796,9972
"(0.9326599326599326, 1.0)",2,99.65031056902625,9974
"(0.9161952650324744, 1.0)",1,99.65028833245889,9975
"(0.80285509389987, 1.0)",1,99.6502352903287,9976
"(0.6831352928913905, 1.0)",3,99.65016825992436,9979
"(0.944073617452092, 1.0)",1,99.65010404832968,9980
"(0.9326599326599326, 1.0)",1,99.65007591023851,9981
"(0.8997493734335841, 1.0)",1,99.6499071258923,9982
"(0.6831352928913905, 1.0)",1,99.64979153637692,9983
"(0.6831352928913905, 1.0)",5,99.64978111319574,9988
"(0.844988344988345, 1.0)",1,99.64972940338794,9989
"(0.8165509259259259, 1.0)",1,99.64972824798032,9990
"(0.9158007932517735, 1.0)",1,99.6496873715784,9991
"(0.7164894725870335, 1.0)",1,99.64965572154276,9992
"(0.917463536862289, 1.0)",1,99.64955348277591,9993
"(0.8732774170274171, 1.0)",1,99.64953802802324,9994
"(0.7155555555555556, 1.0)",2,99.64953178355812,9996
"(0.7164894725870335, 1.0)",2,99.6495295417587,9998
"(0.9161952650324744, 1.0)",1,99.6494869056412,9999
"(0.9333333333333332, 1.0)",2,99.6494466309614,10001
"(0.7340930674264007, 1.0)",1,99.64943698277033,10002
"(0.9326599326599326, 1.0)",1,99.64940080959651,10003
"(0.917469251615593, 1.0)",1,99.64937224141332,10004
"(0.9333333333333332, 1.0)",1,99.64936214390195,10005
"(0.8997493734335841, 1.0)",1,99.6493212393084,10006
"(0.7498436522826767, 1.0)",1,99.64923975417452,10007
"(0.9331662489557224, 1.0)",1,99.64921685075728,10008
"(0.6825396825396824, 1.0)",1,99.64920634920637,10009
"(0.9666562434855118, 1.0)",1,99.6491959260252,10010
"(0.7326851851851852, 1.0)",1,99.64919171154564,10011
"(0.8432903075760217, 1.0)",1,99.6491915520651,10012
"(0.6825396825396824, 1.0)",2,99.64918550284403,10014
"(0.8432903075760217, 1.0)",1,99.64917505265868,10015
"(0.6907243513029603, 1.0)",1,99.64916291572484,10016
"(0.9333333333333332, 1.0)",1,99.64913236369784,10017
"(0.6825396825396824, 1.0)",3,99.64912280701756,10020
"(0.9161952650324744, 1.0)",1,99.64902734523298,10021
"(0.8736897274633123, 1.0)",1,99.64899721892904,10022
"(0.9003556829643787, 1.0)",1,99.64899524731878,10023
"(0.9445235834124724, 1.0)",1,99.64886406913504,10024
"(0.7042648709315374, 1.0)",1,99.64885467225508,10025
"(0.8158879904162925, 1.0)",1,99.64881193259777,10026
"(0.9008025849489264, 1.0)",1,99.64880976311404,10027
"(0.9161952650324744, 1.0)",1,99.64866742369205,10028
"(0.8997493734335841, 1.0)",1,99.64864281943424,10029
"(0.7155555555555556, 1.0)",1,99.64859562472722,10030
"(0.799275702501509, 1.0)",1,99.64859187864695,10031
"(0.8468951683237397, 1.0)",1,99.64856296187794,10032
"(0.8848000715856217, 1.0)",1,99.64852052370162,10033
"(0.9158007932517735, 1.0)",1,99.64843505920564,10034
"(0.7820160586118033, 1.0)",1,99.64841125234976,10035
"(0.9295946890286512, 1.0)",2,99.6482663109078,10037
"(1.0, 1.0)",1,99.64825969447278,10038
"(0.6760835913312693, 1.0)",1,99.64824571017569,10039
"(0.7656073923822403, 1.0)",1,99.6482360554987,10040
"(0.8151249335459861, 1.0)",1,99.64820151027972,10041
"(0.8165520116739629, 1.0)",1,99.64816552011676,10042
"(0.8053381731676306, 1.0)",1,99.64813199739083,10043
"(0.9161952650324744, 1.0)",1,99.64809504371256,10044
"(0.7503607503607503, 1.0)",1,99.64805896007942,10045
"(0.8294970161977834, 1.0)",1,99.64787135285734,10046
"(1.0, 1.0)",1,99.64774857719658,10047
"(0.8732774170274171, 1.0)",1,99.647723641586,10048
"(0.8222222222222222, 1.0)",5,99.6475464490301,10053
"(0.8976982097186702, 1.0)",1,99.64750001253717,10054
"(0.9027777777777778, 1.0)",2,99.64747971326918,10056
"(0.944563492063492, 1.0)",1,99.64746772669255,10057
"(0.8178752003946232, 1.0)",1,99.6473809289496,10058
"(0.8432903075760217, 1.0)",1,99.64721333788894,10059
"(0.8310777799491891, 1.0)",1,99.64707845304946,10060
"(0.7903875985986362, 1.0)",2,99.64707760084784,10062
"(0.8137865219658889, 1.0)",1,99.6470573162123,10063
"(0.8848000715856217, 1.0)",2,99.64700008474428,10065
"(0.9161952650324744, 1.0)",1,99.64691094311658,10066
"(0.8137865219658889, 1.0)",1,99.64689023183467,10067
"(0.8420013166556946, 1.0)",1,99.64674168419634,10068
"(0.8468951683237397, 1.0)",1,99.64672824068568,10069
"(0.8976982097186702, 1.0)",1,99.64669107123969,10070
"(0.8663324979114452, 1.0)",1,99.64655227813122,10071
"(0.8997493734335841, 1.0)",1,99.64655227813122,10072
"(0.9192093318943212, 1.0)",1,99.64629696082358,10073
"(0.9153439153439156, 1.0)",1,99.64608313910487,10074
"(0.9003556829643787, 1.0)",1,99.64607686874784,10075
"(0.8653198653198653, 1.0)",1,99.64596417884025,10076
"(0.8796475392220073, 1.0)",1,99.6459353153256,10077
"(0.8796475392220073, 1.0)",2,99.64579210639351,10079
"(0.7802197802197803, 1.0)",1,99.64578706098844,10080
"(0.80285509389987, 1.0)",1,99.64575137718548,10081
"(0.8294970161977834, 1.0)",2,99.64562974214331,10083
"(0.8319340617212959, 1.0)",1,99.64561067333024,10084
"(0.9153439153439152, 1.0)",1,99.64559649925503,10085
"(0.8976982097186702, 1.0)",1,99.64544028775433,10086
"(0.9666562434855118, 1.0)",1,99.6453948490534,10087
"(0.7121693121693121, 1.0)",1,99.64533556112504,10088
"(0.9497171590194848, 1.0)",1,99.645323826283,10089
"(0.893146638589877, 1.0)",1,99.64530478863784,10090
"(0.8976982097186702, 1.0)",1,99.64529203088622,10091
"(0.7656073923822403, 1.0)",1,99.64525493160426,10092
"(0.8840455840455841, 1.0)",4,99.64505066084013,10096
"(0.8668153102935712, 1.0)",1,99.64503260006413,10097
"(0.8814814814814814, 1.0)",1,99.64502417185344,10098
"(0.8633762288330498, 1.0)",1,99.64492646230435,10099
"(0.7675138481590094, 1.0)",1,99.64489094984688,10100
"(0.8814814814814814, 1.0)",1,99.64484927899562,10101
"(0.6612761389202956, 1.0)",1,99.64459904907248,10102
"(0.933096859926128, 1.0)",1,99.64453786508794,10103
"(0.80285509389987, 1.0)",1,99.644508747581,10104
"(0.812557599070401, 1.0)",1,99.64426906383324,10105
"(0.9442283950617284, 1.0)",1,99.64424233634432,10106
"(0.8796475392220073, 1.0)",1,99.64416373332011,10107
"(0.8796475392220073, 1.0)",1,99.644119959847,10108
"(0.8997493734335841, 1.0)",1,99.64407900614576,10109
"(0.861111111111111, 1.0)",1,99.64395264046831,10110
"(0.7994987468671678, 1.0)",1,99.64393276813044,10111
"(0.7802197802197803, 1.0)",2,99.643817393178,10113
"(1.0, 1.0)",2,99.64370015948964,10115
"(0.8420013166556947, 1.0)",1,99.6436691102099,10116
"(0.8420013166556946, 1.0)",2,99.6436691102099,10118
"(0.9326599326599326, 1.0)",1,99.64363423003796,10119
"(0.8653198653198653, 1.0)",1,99.6436184784541,10120
"(0.812557599070401, 1.0)",2,99.6435967353727,10122
"(0.893146638589877, 1.0)",1,99.64352342639503,10123
"(0.7545469576719577, 1.0)",1,99.64347043603944,10124
"(0.861111111111111, 1.0)",1,99.64342645183469,10125
"(0.7430253184970165, 1.0)",1,99.6433810014614,10126
"(0.868077055383557, 1.0)",1,99.64330731682148,10127
"(0.7944219523166891, 1.0)",1,99.64318700839884,10128
"(0.7277677677677677, 1.0)",1,99.64311090502268,10129
"(0.8635976129582268, 1.0)",1,99.64305722144032,10130
"(0.893146638589877, 1.0)",1,99.64301409456878,10131
"(0.9833229101521784, 1.0)",1,99.64296902173892,10132
"(0.8165520116739629, 1.0)",1,99.64294090056283,10133
"(0.8420013166556946, 1.0)",1,99.64278454426818,10134
"(0.8432903075760217, 1.0)",1,99.64270120982076,10135
"(0.8229870141950848, 1.0)",1,99.64265456799288,10136
"(0.903667392883079, 1.0)",1,99.64249212252136,10137
"(0.7090909090909091, 1.0)",1,99.64238254969962,10138
"(0.7090909090909091, 1.0)",1,99.64225715804665,10139
"(0.8533622685185187, 1.0)",1,99.64223314056504,10140
"(0.8976982097186702, 1.0)",1,99.64204314304985,10141
"(0.8468951683237397, 1.0)",1,99.64194728628809,10142
"(0.7675138481590094, 1.0)",1,99.64191453566116,10143
"(0.8165520116739629, 1.0)",1,99.64187623848184,10144
"(0.8420013166556946, 1.0)",2,99.64179253955346,10146
"(0.8840455840455841, 1.0)",1,99.6417907505958,10147
"(0.916104916104916, 1.0)",1,99.64171450408664,10148
"(0.8420013166556946, 1.0)",1,99.64170899736466,10149
"(0.9161952650324744, 1.0)",1,99.6416586149989,10150
"(0.8420013166556946, 1.0)",1,99.64162545517586,10151
"(0.9166145507608924, 1.0)",1,99.6415619712183,10152
"(0.7532376017916352, 1.0)",2,99.64155610589933,10154
"(0.8101143854687974, 1.0)",1,99.64152208463456,10155
"(0.7083333333333334, 1.0)",2,99.641373402505,10157
"(0.844988344988345, 1.0)",1,99.6413533802031,10158
"(0.7802197802197803, 1.0)",3,99.6413308913309,10161
"(0.786508365740383, 1.0)",1,99.64126598932344,10162
"(0.9153439153439152, 1.0)",1,99.64123621512432,10163
"(0.7880931329207191, 1.0)",1,99.64121441287126,10164
"(0.7675138481590094, 1.0)",1,99.64117018339246,10165
"(0.7077308656256025, 1.0)",2,99.64102250623432,10167
"(0.757745166550198, 1.0)",1,99.64081075693286,10168
"(0.861111111111111, 1.0)",1,99.64079905647804,10169
"(0.8229870141950848, 1.0)",2,99.64076731562142,10171
"(0.7075023741690408, 1.0)",1,99.64066862312475,10172
"(0.9326599326599326, 1.0)",1,99.64037382966666,10173
"(0.9833229101521784, 1.0)",1,99.64008780037965,10174
"(0.898989898989899, 1.0)",1,99.64005797569229,10175
"(0.6733821733821733, 1.0)",1,99.64004884004883,10176
"(0.6733821733821733, 1.0)",2,99.64002799368652,10178
"(0.8615866942983156, 1.0)",1,99.6399010590164,10179
"(0.8677248677248677, 1.0)",1,99.63985312457712,10180
"(0.861111111111111, 1.0)",2,99.63983044070062,10182
"(0.8222222222222222, 1.0)",2,99.63968253968254,10184
"(0.930704099821747, 1.0)",1,99.63964189556737,10185
"(0.8053381731676306, 1.0)",1,99.63955393309482,10186
"(0.8840048840048841, 1.0)",1,99.63951874683582,10187
"(0.7965746171391332, 1.0)",1,99.63941831444713,10188
"(0.7734344933751168, 1.0)",1,99.63940691300608,10189
"(0.8229870141950848, 1.0)",1,99.63927714516532,10190
"(0.8848000715856217, 1.0)",2,99.63920143710618,10192
"(0.8294970161977834, 1.0)",1,99.63906995397298,10193
"(0.81893131227901, 1.0)",1,99.63901424543523,10194
"(0.8613656783468103, 1.0)",1,99.63900211973544,10195
"(0.7786375661375661, 1.0)",1,99.63895371518277,10196
"(0.7944219523166891, 1.0)",2,99.63885597357998,10198
"(0.81893131227901, 1.0)",1,99.63884629320208,10199
"(0.7222222222222221, 1.0)",1,99.63883677298313,10200
"(0.7222222222222221, 1.0)",1,99.63877407715664,10201
"(0.9666562434855118, 1.0)",1,99.63877307576496,10202
"(0.757745166550198, 1.0)",3,99.63876628642105,10205
"(0.8976982097186702, 1.0)",2,99.63876628642105,10207
"(0.8222222222222222, 1.0)",1,99.6386488422432,10208
"(0.8053381731676306, 1.0)",2,99.63864153813034,10210
"(0.9027777777777778, 1.0)",1,99.63860940967378,10211
"(0.9158007932517735, 1.0)",1,99.6385978751361,10212
"(0.9158007932517735, 1.0)",1,99.63859755682697,10213
"(0.7372334455667788, 1.0)",1,99.63859537326556,10214
"(0.8732774170274171, 1.0)",2,99.63856164477188,10216
"(0.8065954953750508, 1.0)",1,99.6385246217824,10217
"(0.934122934122934, 1.0)",1,99.6384819833686,10218
"(0.8420013166556946, 1.0)",1,99.63846702937757,10219
"(0.8329156223893065, 1.0)",3,99.63846075476371,10222
"(0.8736897274633123, 1.0)",1,99.63842644893325,10223
"(0.8796475392220073, 1.0)",1,99.6382634066386,10224
"(1.0, 1.0)",2,99.6381100982727,10226
"(0.8887202421952387, 1.0)",1,99.63801362380156,10227
"(0.8533622685185187, 1.0)",1,99.63800172274416,10228
"(0.7632275132275131, 1.0)",1,99.6379171144768,10229
"(0.9583930063253372, 1.0)",1,99.63791359622864,10230
"(0.8635976129582268, 1.0)",1,99.6379099948615,10231
"(0.7916666666666666, 1.0)",1,99.63789733036654,10232
"(0.808446455505279, 1.0)",1,99.63781115374675,10233
"(0.7880931329207191, 1.0)",2,99.63780454360774,10235
"(0.8736897274633123, 1.0)",1,99.63778598564733,10236
"(0.8736897274633123, 1.0)",1,99.6377478084105,10237
"(0.9027777777777778, 1.0)",1,99.6376780248332,10238
"(0.7222222222222221, 1.0)",3,99.63756613756614,10241
"(0.9833229101521784, 1.0)",2,99.6375308938796,10243
"(0.8222222222222222, 1.0)",1,99.63751081799862,10244
"(0.8065954953750508, 1.0)",1,99.63742473266954,10245
"(0.8732774170274171, 1.0)",1,99.63742376365852,10246
"(0.8796475392220073, 1.0)",4,99.6373927057722,10250
"(0.8053381731676306, 1.0)",1,99.6373880637054,10251
"(0.8319340617212959, 1.0)",1,99.63734596600828,10252
"(0.8305135146220418, 1.0)",1,99.63720301698734,10253
"(0.7479743867590829, 1.0)",2,99.6371650260108,10255
"(0.9166682405676116, 1.0)",1,99.63715815224523,10256
"(0.9665831244778612, 1.0)",1,99.63713479502954,10257
"(0.9583930063253372, 1.0)",1,99.63709912692826,10258
"(0.9583930063253372, 1.0)",1,99.6370965794932,10259
"(0.9161379295307868, 1.0)",1,99.63708780993514,10260
"(0.8471527473990528, 1.0)",1,99.63705330600196,10261
"(0.9581458989353726, 1.0)",1,99.63704904072073,10262
"(0.7204751921733054, 1.0)",1,99.6370270471077,10263
"(0.8732774170274171, 1.0)",1,99.63701782805104,10264
"(0.9445235834124724, 1.0)",1,99.63696990421556,10265
"(0.9161379295307868, 1.0)",1,99.63689508236403,10266
"(0.73687720936437, 1.0)",1,99.63685636300208,10267
"(1.0, 1.0)",1,99.63684853158536,10268
"(0.9297812306740878, 1.0)",1,99.6367821247469,10269
"(0.9583930063253372, 1.0)",1,99.63678075298785,10270
"(0.8697983697983697, 1.0)",1,99.6367731983933,10271
"(0.8300265307680562, 1.0)",1,99.63671950669476,10272
"(0.8697983697983697, 1.0)",2,99.6367105025668,10274
"(0.73687720936437, 1.0)",2,99.63668927862444,10276
"(0.9158007932517735, 1.0)",1,99.63664192685454,10277
"(0.8349489264123411, 1.0)",1,99.63661671996654,10278
"(0.8319340617212959, 1.0)",2,99.63657943289388,10280
"(0.73687720936437, 1.0)",1,99.63656309884038,10281
"(0.7887083935918564, 1.0)",1,99.6365487513318,10282
"(0.7060994560994561, 1.0)",2,99.63651436673572,10284
"(0.6698155645524068, 1.0)",1,99.63646138485676,10285
"(0.8310777799491891, 1.0)",1,99.63640795911296,10286
"(0.6698155645524068, 1.0)",3,99.63639868903029,10289
"(0.9008627640703112, 1.0)",1,99.63636095589445,10290
"(0.8976982097186702, 1.0)",1,99.63628341126474,10291
"(0.8300265307680562, 1.0)",1,99.6362633696136,10292
"(0.8586166985951469, 1.0)",1,99.63615515118047,10293
"(0.9665831244778612, 1.0)",1,99.63610782158877,10294
"(0.7030539311241066, 1.0)",1,99.63609400029576,10295
"(0.8374727668845315, 1.0)",1,99.63607705329368,10296
"(0.8885714285714285, 1.0)",1,99.6359532959935,10297
"(0.7880931329207191, 1.0)",1,99.63593349066063,10298
"(0.9497171590194848, 1.0)",1,99.63587145313534,10299
"(0.7362637362637362, 1.0)",2,99.6357819114484,10301
"(0.933096859926128, 1.0)",2,99.63572738802836,10303
"(0.9326599326599326, 1.0)",2,99.63571386378403,10305
"(0.7030539311241066, 1.0)",1,99.63571386378403,10306
"(0.80285509389987, 1.0)",1,99.63570553199035,10307
"(0.7479743867590829, 1.0)",1,99.63566683173327,10308
"(0.9333333333333332, 1.0)",1,99.63558784348258,10309
"(0.8165509259259259, 1.0)",2,99.63550269083632,10311
"(0.8976982097186702, 1.0)",1,99.63547413448646,10312
"(0.746304385688563, 1.0)",2,99.63542422779352,10314
"(0.746304385688563, 1.0)",1,99.63539214470958,10315
"(0.8471527473990528, 1.0)",1,99.63535298850788,10316
"(0.7687400318979267, 1.0)",4,99.63526061728884,10320
"(0.8613656783468103, 1.0)",1,99.63524528922176,10321
"(0.8814814814814814, 1.0)",1,99.63522721293762,10322
"(0.8432903075760217, 1.0)",1,99.63521049327171,10323
"(0.7198480531813864, 1.0)",2,99.6351919685253,10325
"(0.9442283950617284, 1.0)",1,99.63512862474542,10326
"(0.746304385688563, 1.0)",2,99.63503349637844,10328
"(0.7183489076634237, 1.0)",1,99.63501744173848,10329
"(0.7514159241564776, 1.0)",1,99.6349849820902,10330
"(0.9161379295307868, 1.0)",1,99.63496618349076,10331
"(0.7183489076634237, 1.0)",1,99.63493419636828,10332
"(0.9445235834124724, 1.0)",1,99.63485884654897,10333
"(0.8016677935542034, 1.0)",1,99.6347923497853,10334
"(0.893146638589877, 1.0)",1,99.63467475719509,10335
"(0.8165509259259259, 1.0)",1,99.63466782236505,10336
"(0.7042648709315374, 1.0)",1,99.63464947302684,10337
"(0.8840048840048841, 1.0)",1,99.6345710534414,10338
"(0.8732774170274171, 1.0)",1,99.63453073026768,10339
"(0.6760835913312693, 1.0)",1,99.63449933361449,10340
"(0.6907243513029603, 1.0)",2,99.63445073074362,10342
"(0.9003556829643787, 1.0)",1,99.6344487503908,10343
"(0.8586166985951469, 1.0)",1,99.63443083920272,10344
"(0.8449978636391381, 1.0)",1,99.63434819668802,10345
"(0.933096859926128, 1.0)",3,99.63433131346154,10348
"(0.9666562434855118, 1.0)",1,99.63430252821183,10349
"(0.8053381731676306, 1.0)",1,99.63421305681304,10350
"(0.9166682405676116, 1.0)",1,99.63408382993411,10351
"(0.917415489944373, 1.0)",1,99.63403004070528,10352
"(0.8420013166556946, 1.0)",1,99.63397136376793,10353
"(0.9008025849489264, 1.0)",1,99.63391687473845,10354
"(0.8997493734335841, 1.0)",1,99.63384244085998,10355
"(0.8976982097186702, 1.0)",1,99.63383953391266,10356
"(0.8016677935542034, 1.0)",1,99.6338091224863,10357
"(0.808446455505279, 1.0)",1,99.63377068231316,10358
"(0.9161952650324744, 1.0)",1,99.63361124261104,10359
"(0.8997493734335841, 1.0)",1,99.63337026629262,10360
"(0.9169719169719168, 1.0)",1,99.63323050774464,10361
"(0.9326599326599326, 1.0)",1,99.63322389338649,10362
"(0.9506533178503804, 1.0)",1,99.63319300039008,10363
"(0.6831352928913905, 1.0)",1,99.63307424283032,10364
"(0.7903875985986362, 1.0)",1,99.63306176298352,10365
"(0.8065954953750508, 1.0)",1,99.63292721675552,10366
"(0.9, 1.0)",1,99.6329149909978,10367
"(0.9192093318943212, 1.0)",1,99.63274756979725,10368
"(0.8325755070546736, 1.0)",1,99.63268302819792,10369
"(0.9499687304565352, 1.0)",1,99.63250841299622,10370
"(0.944563492063492, 1.0)",1,99.63249935869476,10371
"(0.8848000715856217, 1.0)",1,99.63248996948876,10372
"(0.799275702501509, 1.0)",1,99.63248380092142,10373
"(0.8618871810094527, 1.0)",1,99.6324688264736,10374
"(0.9665831244778612, 1.0)",2,99.63244571716972,10376
"(0.9833229101521784, 1.0)",2,99.63244571716972,10378
"(0.799275702501509, 1.0)",1,99.6323794123703,10379
"(0.7485857950974231, 1.0)",1,99.63234639605508,10380
"(0.6825396825396824, 1.0)",1,99.63225684155915,10381
"(0.7944219523166891, 1.0)",1,99.63212935282436,10382
"(0.8976982097186702, 1.0)",4,99.63179127714508,10386
"(0.9161952650324744, 1.0)",1,99.63169775718956,10387
"(0.9161952650324744, 1.0)",1,99.63141409655428,10388
"(0.9297812306740878, 1.0)",1,99.6313645614062,10389
"(0.837707400507675, 1.0)",2,99.63132219852451,10391
"(0.8880984643179766, 1.0)",1,99.63131931749294,10392
"(0.8796475392220073, 1.0)",1,99.63128406323275,10393
"(0.8165520116739629, 1.0)",1,99.6312717378186,10394
"(0.9165164082221422, 1.0)",1,99.63125767713974,10395
"(0.8579868984630887, 1.0)",1,99.63123100525134,10396
"(0.8294970161977834, 1.0)",1,99.631164809752,10397
"(0.8247905643738976, 1.0)",2,99.63110920327904,10399
"(0.917415489944373, 1.0)",1,99.6310998726364,10400
"(0.7155555555555556, 1.0)",1,99.63089947089946,10401
"(0.8653198653198653, 1.0)",1,99.63089463223804,10402
"(1.0, 1.0)",1,99.63086935918228,10403
"(0.8703703703703703, 1.0)",1,99.630810631528,10404
"(0.8247905643738976, 1.0)",1,99.63054043213872,10405
"(0.7278086237149632, 1.0)",1,99.6305185082152,10406
"(0.7278086237149632, 1.0)",1,99.63049827289898,10407
"(0.7277677677677677, 1.0)",1,99.63048501178191,10408
"(0.9331662489557224, 1.0)",1,99.6304445803804,10409
"(0.8885714285714285, 1.0)",1,99.63038110202773,10410
"(0.8137865219658889, 1.0)",1,99.63038022636448,10411
"(0.9442283950617284, 1.0)",1,99.63032033817218,10412
"(0.7278086237149632, 1.0)",1,99.63029022318584,10413
"(0.8151249335459861, 1.0)",1,99.63024136089246,10414
"(0.930704099821747, 1.0)",1,99.63018829827172,10415
"(0.8294970161977834, 1.0)",2,99.63017730680384,10417
"(0.7503607503607503, 1.0)",1,99.63000828958276,10418
"(0.944073617452092, 1.0)",1,99.62998011389584,10419
"(0.7277677677677677, 1.0)",1,99.6299655297811,10420
"(0.8885714285714285, 1.0)",1,99.62966254617967,10421
"(0.8247905643738976, 1.0)",1,99.62965305892126,10422
"(0.9833229101521784, 1.0)",1,99.62963955646882,10423
"(0.8976982097186702, 1.0)",1,99.62959413673656,10424
"(0.8229870141950848, 1.0)",5,99.6295642545458,10429
"(0.9833229101521784, 1.0)",1,99.62955596478,10430
"(0.808446455505279, 1.0)",2,99.62947676616514,10432
"(0.8796475392220073, 1.0)",1,99.6293031040252,10433
"(0.9497171590194848, 1.0)",1,99.62925496538656,10434
"(0.8997493734335841, 1.0)",1,99.6292404081987,10435
"(0.9497171590194846, 1.0)",1,99.62917999637706,10436
"(0.8796475392220073, 1.0)",1,99.62917692424114,10437
"(0.8068904981347378, 1.0)",1,99.62911272035696,10438
"(0.8796475392220073, 1.0)",1,99.6290523207192,10439
"(0.8468951683237397, 1.0)",1,99.628989600354,10440
"(0.6962148962148962, 1.0)",1,99.62887482887484,10441
"(0.8065954953750508, 1.0)",2,99.62883986992856,10443
"(0.9444901834607716, 1.0)",1,99.62874926132244,10444
"(0.9153439153439156, 1.0)",1,99.62872994451942,10445
"(0.7121693121693121, 1.0)",1,99.6287211671037,10446
"(0.6954156954156954, 1.0)",1,99.6287073360244,10447
"(0.94993894993895, 1.0)",1,99.62867030375742,10448
"(0.7675138481590094, 1.0)",1,99.62860790445382,10449
"(0.7532376017916352, 1.0)",1,99.62848220454649,10450
"(0.903667392883079, 1.0)",1,99.62827733579196,10451
"(0.9326599326599326, 1.0)",1,99.62822362822362,10452
"(0.917849761232425, 1.0)",1,99.62820119018129,10453
"(0.7673678366541239, 1.0)",1,99.62819702228836,10454
"(0.9497171590194846, 1.0)",1,99.62814018287642,10455
"(0.8703703703703703, 1.0)",3,99.62811553692056,10458
"(0.882673371045464, 1.0)",1,99.62809664695656,10459
"(0.6954156954156954, 1.0)",1,99.62807562807563,10460
"(0.808446455505279, 1.0)",1,99.62798077329744,10461
"(0.9003556829643787, 1.0)",1,99.62786198781345,10462
"(0.9442283950617284, 1.0)",1,99.627847225399,10463
"(0.8222222222222222, 1.0)",2,99.6277673545966,10465
"(0.9833229101521784, 1.0)",2,99.6277673545966,10467
"(0.9331662489557224, 1.0)",1,99.6275287969768,10468
"(0.786508365740383, 1.0)",1,99.62752072606888,10469
"(0.7944219523166891, 1.0)",1,99.62708521513788,10470
"(0.9580331374974232, 1.0)",1,99.6270165709396,10471
"(0.9166145507608924, 1.0)",1,99.62696846020724,10472
"(0.724804131054131, 1.0)",1,99.62695044136302,10473
"(0.8633762288330498, 1.0)",4,99.626918919205,10477
"(0.738145558145558, 1.0)",1,99.6268803138684,10478
"(0.738145558145558, 1.0)",1,99.62678425555774,10479
"(0.7083333333333334, 1.0)",1,99.62672540962016,10480
"(0.7656073923822403, 1.0)",7,99.62671850349336,10487
"(0.7601164382773579, 1.0)",1,99.62669971949478,10488
"(0.893146638589877, 1.0)",1,99.62661419292664,10489
"(0.8653198653198653, 1.0)",1,99.62657851838608,10490
"(0.7601164382773579, 1.0)",1,99.6265116320153,10491
"(0.8796475392220073, 1.0)",1,99.62645044391964,10492
"(0.7802197802197803, 1.0)",1,99.62645044391964,10493
"(0.826388888888889, 1.0)",1,99.62641448353806,10494
"(0.8633762288330498, 1.0)",1,99.6264074186935,10495
"(0.8976982097186702, 1.0)",3,99.62633238926352,10498
"(0.9300671002153482, 1.0)",1,99.62607432171444,10499
"(0.8796475392220073, 1.0)",1,99.62601928657392,10500
"(0.9499687304565352, 1.0)",1,99.62598130489332,10501
"(0.7372334455667788, 1.0)",2,99.62597192200856,10503
"(0.8101143854687974, 1.0)",1,99.62594587936832,10504
"(0.7119388248146047, 1.0)",2,99.62588666559172,10506
"(0.8229870141950848, 1.0)",1,99.6257757196198,10507
"(0.7083333333333334, 1.0)",1,99.62571225071224,10508
"(0.7090909090909091, 1.0)",1,99.6256933909052,10509
"(0.844988344988345, 1.0)",3,99.62567062667732,10512
"(0.7090909090909091, 1.0)",1,99.62564276402532,10513
"(0.9295946890286512, 1.0)",1,99.62561416330983,10514
"(0.7880931329207191, 1.0)",1,99.62556589980524,10515
"(0.933096859926128, 1.0)",1,99.62551067916922,10516
"(0.8976982097186702, 1.0)",1,99.6254149374354,10517
"(0.8222222222222222, 1.0)",1,99.62535977415511,10518
"(0.9192093318943212, 1.0)",1,99.62522624971572,10519
"(0.916104916104916, 1.0)",1,99.62519582519582,10520
"(0.7421018697614443, 1.0)",1,99.62508594173175,10521
"(0.9299160159815896, 1.0)",1,99.62484613789177,10522
"(0.8420013166556946, 1.0)",1,99.62482297367504,10523
"(0.8887202421952387, 1.0)",1,99.62481066203284,10524
"(0.6804620726495727, 1.0)",2,99.6247863103384,10526
"(0.8618871810094527, 1.0)",1,99.62469131874826,10527
"(0.8329156223893065, 1.0)",1,99.62468498804677,10528
"(0.9295946890286512, 1.0)",1,99.62468225867316,10529
"(0.8420013166556946, 1.0)",1,99.62440019956806,10530
"(0.8068904981347378, 1.0)",1,99.62435081559504,10531
"(0.7077308656256025, 1.0)",1,99.62434541638648,10532
"(0.9165164082221422, 1.0)",1,99.62431495606756,10533
"(0.8310994560994561, 1.0)",1,99.6241341652927,10534
"(0.9665831244778612, 1.0)",1,99.62400827543205,10535
"(0.9165164082221422, 1.0)",1,99.6239448357058,10536
"(0.9167853751187084, 1.0)",1,99.6239224534622,10537
"(0.8016677935542034, 1.0)",1,99.62389001577642,10538
"(0.8222222222222222, 1.0)",1,99.62389001577642,10539
"(0.9299160159815896, 1.0)",1,99.6238851410438,10540
"(0.930124456440246, 1.0)",1,99.62388053949198,10541
"(0.8887202421952387, 1.0)",1,99.62387686527724,10542
"(0.9008627640703112, 1.0)",1,99.6238435747766,10543
"(0.6238244514106583, 1.0)",1,99.62382445141066,10544
"(1.0, 1.0)",3,99.62382445141066,10547
"(0.8539212725259236, 1.0)",1,99.6238215164039,10548
"(0.9326599326599326, 1.0)",1,99.62363404399235,10549
"(0.8468089381754635, 1.0)",1,99.62358672536466,10550
"(0.9300671002153482, 1.0)",1,99.62353740403228,10551
"(0.7075023741690408, 1.0)",1,99.62348521698117,10552
"(0.757745166550198, 1.0)",2,99.62338088584444,10554
"(0.8053381731676306, 1.0)",2,99.62330953408994,10556
"(0.6733821733821733, 1.0)",1,99.6232882080122,10557
"(0.9833229101521784, 1.0)",2,99.62315335085282,10559
"(0.7077308656256025, 1.0)",1,99.62307478096952,10560
"(0.930124456440246, 1.0)",1,99.6230584396268,10561
"(0.757745166550198, 1.0)",1,99.62305781235064,10562
"(0.7340324228911184, 1.0)",1,99.62302003801592,10563
"(0.8137566137566138, 1.0)",1,99.62301826858784,10564
"(0.8300265307680562, 1.0)",1,99.62297968593926,10565
"(0.8158879904162925, 1.0)",1,99.62284821417867,10566
"(0.8065954953750508, 1.0)",1,99.6228388077925,10567
"(0.901575014782562, 1.0)",1,99.62283504372458,10568
"(0.8319340617212959, 1.0)",1,99.62279097800268,10569
"(0.7060994560994561, 1.0)",1,99.62277343714868,10570
"(0.8762860082304527, 1.0)",1,99.62270755717758,10571
"(1.0, 1.0)",1,99.6226664963507,10572
"(0.8736897274633123, 1.0)",1,99.6226127842024,10573
"(0.8887202421952387, 1.0)",1,99.6225951323911,10574
"(0.7417508417508417, 1.0)",1,99.62254849937776,10575
"(0.80285509389987, 1.0)",1,99.62233950994442,10576
"(0.8420013166556946, 1.0)",1,99.62222109687548,10577
"(0.7802197802197803, 1.0)",1,99.62222109687548,10578
"(0.7222222222222221, 1.0)",1,99.6221805294976,10579
"(0.7222222222222221, 1.0)",1,99.6221596831353,10580
"(0.8613656783468103, 1.0)",1,99.62214062103156,10581
"(0.903667392883079, 1.0)",1,99.62213557671711,10582
"(0.80285509389987, 1.0)",1,99.62212251863345,10583
"(0.6636745887678723, 1.0)",2,99.62210393441526,10585
"(0.7734344933751168, 1.0)",1,99.62207004932776,10586
"(0.7222222222222221, 1.0)",1,99.6220342914823,10587
"(0.8222222222222222, 1.0)",1,99.62199259875769,10588
"(0.8579868984630887, 1.0)",1,99.62197783555362,10589
"(0.8165509259259259, 1.0)",1,99.62180976041893,10590
"(0.8420013166556946, 1.0)",2,99.62178993952976,10592
"(0.8053381731676306, 1.0)",3,99.6217658745591,10595
"(0.9300671002153482, 1.0)",1,99.62175987628513,10596
"(0.7479743867590829, 1.0)",1,99.62174789115548,10597
"(0.917849761232425, 1.0)",1,99.62172637812068,10598
"(0.859499940327008, 1.0)",1,99.62133972486616,10599
"(0.6907243513029603, 1.0)",1,99.62132503456924,10600
"(0.8432903075760217, 1.0)",1,99.6212941471,10601
"(0.9008627640703112, 1.0)",1,99.62125855448704,10602
"(0.7880931329207191, 1.0)",1,99.62121768915182,10603
"(0.8222222222222222, 1.0)",1,99.6211912748498,10604
"(0.8065954953750508, 1.0)",1,99.62106108131798,10605
"(0.8065067548938516, 1.0)",1,99.62099293293814,10606
"(0.8222222222222222, 1.0)",1,99.62098869264554,10607
"(0.8065954953750508, 1.0)",1,99.62093921028526,10608
"(0.757745166550198, 1.0)",1,99.62093700004957,10609
"(0.7183489076634237, 1.0)",1,99.62091632361889,10610
"(0.9326599326599326, 1.0)",1,99.6208919130155,10611
"(0.9666562434855118, 1.0)",1,99.62086422721296,10612
"(0.8832603710652491, 1.0)",1,99.62082650863138,10613
"(1.0, 1.0)",1,99.62079408095668,10614
"(0.8653198653198653, 1.0)",1,99.62077103232431,10615
"(0.8976982097186702, 1.0)",1,99.6207624831755,10616
"(0.746304385688563, 1.0)",1,99.62074516953284,10617
"(0.8676532769556025, 1.0)",1,99.62074216804128,10618
"(0.8165509259259259, 1.0)",1,99.62073645684704,10619
"(0.8651903651903651, 1.0)",1,99.62070422802132,10620
"(0.8425483191745751, 1.0)",1,99.62059455913716,10621
"(0.7198480531813864, 1.0)",1,99.62054988071247,10622
"(0.9305983472650138, 1.0)",1,99.6204597690798,10623
"(0.8374727668845315, 1.0)",2,99.62037796609268,10625
"(0.8372053872053872, 1.0)",1,99.62031952025534,10626
"(0.8374727668845315, 1.0)",1,99.62029442390389,10627
"(0.7060994560994561, 1.0)",1,99.62023086023868,10628
"(0.7198480531813864, 1.0)",1,99.62020373614575,10629
"(0.8736897274633123, 1.0)",1,99.62018778657986,10630
"(0.8374727668845315, 1.0)",1,99.6200187202219,10631
"(0.8374727668845315, 1.0)",1,99.6200159499412,10632
"(0.7222222222222221, 1.0)",1,99.6199204319409,10633
"(0.9833229101521784, 1.0)",1,99.61991755007548,10634
"(0.8697983697983697, 1.0)",1,99.61984453710843,10635
"(0.6698155645524068, 1.0)",1,99.61978429500894,10636
"(1.0, 1.0)",1,99.61972744129356,10637
"(0.6698155645524068, 1.0)",1,99.61972159918244,10638
"(0.9299160159815896, 1.0)",1,99.6195484805798,10639
"(0.6698155645524068, 1.0)",4,99.6195327235719,10643
"(0.9497171590194846, 1.0)",2,99.6195327235719,10645
"(0.7416325017951034, 1.0)",1,99.61931708891764,10646
"(0.9008025849489264, 1.0)",1,99.61928405222577,10647
"(0.9192093318943212, 1.0)",1,99.61928131772534,10648
"(0.8697983697983697, 1.0)",1,99.61924358271494,10649
"(0.8848000715856217, 1.0)",1,99.6192174340199,10650
"(0.8266173510466989, 1.0)",1,99.619159505065,10651
"(0.8676532769556025, 1.0)",1,99.61913579628046,10652
"(0.8813080639167598, 1.0)",3,99.61911835585695,10655
"(0.7691870057461455, 1.0)",1,99.61900949818738,10656
"(0.861111111111111, 1.0)",1,99.61885627766132,10657
"(0.9331662489557224, 1.0)",1,99.61885513694556,10658
"(0.7880931329207191, 1.0)",1,99.61880655825772,10659
"(0.6698155645524068, 1.0)",1,99.61878544035156,10660
"(0.8053381731676306, 1.0)",1,99.6187326140828,10661
"(0.9161952650324744, 1.0)",1,99.61867903818282,10662
"(0.812557599070401, 1.0)",1,99.61863197294328,10663
"(0.861111111111111, 1.0)",1,99.61845634311072,10664
"(0.7503607503607503, 1.0)",1,99.6184378057443,10665
"(0.7030539311241066, 1.0)",1,99.618397846468,10666
"(0.8294970161977834, 1.0)",1,99.61836505872436,10667
"(0.9833229101521784, 1.0)",1,99.61834801863056,10668
"(0.8887202421952387, 1.0)",1,99.6178993367556,10669
"(0.727840909090909, 1.0)",1,99.61766154641154,10670
"(0.8177442148030384, 1.0)",2,99.61761913662916,10672
"(0.8177442148030384, 1.0)",1,99.61759813352732,10673
"(0.617513611615245, 1.0)",5,99.61751361161524,10678
"(0.8697983697983697, 1.0)",1,99.61744384676886,10679
"(0.808446455505279, 1.0)",2,99.6174206463638,10681
"(0.837707400507675, 1.0)",1,99.6173953458746,10682
"(0.6590846340846341, 1.0)",1,99.6173777550375,10683
"(0.9008025849489264, 1.0)",1,99.617333593521,10684
"(0.917849761232425, 1.0)",1,99.61724714235308,10685
"(0.9666562434855118, 1.0)",1,99.6171639823116,10686
"(0.8467532467532467, 1.0)",4,99.61703017198371,10690
"(0.8222222222222222, 1.0)",1,99.61697407110398,10691
"(0.8296970789758384, 1.0)",1,99.61680399551686,10692
"(0.7278086237149632, 1.0)",1,99.61675611767808,10693
"(0.9720813204508856, 1.0)",1,99.61675136033708,10694
"(0.8329050741331443, 1.0)",1,99.61668223966343,10695
"(1.0, 1.0)",1,99.61662497394204,10696
"(0.9833229101521784, 1.0)",1,99.61651591054223,10697
"(0.859499940327008, 1.0)",1,99.61650815483026,10698
"(0.816195709052852, 1.0)",1,99.6164888529303,10699
"(0.7164894725870335, 1.0)",1,99.61642693350012,10700
"(0.816195709052852, 1.0)",1,99.6164261571038,10701
"(0.6831352928913905, 1.0)",1,99.61630154184712,10702
"(0.9, 1.0)",1,99.61625953564337,10703
"(0.7155555555555556, 1.0)",1,99.61625738308663,10704
"(0.8845578466141503, 1.0)",1,99.616168340952,10705
"(0.8997493734335841, 1.0)",1,99.61613430072994,10706
"(0.8065954953750508, 1.0)",1,99.61608663540376,10707
"(0.7994987468671678, 1.0)",1,99.61605075854114,10708
"(0.6825396825396824, 1.0)",2,99.6158313231484,10710
"(0.8613656783468103, 1.0)",1,99.6158068244157,10711
"(0.9009534009534008, 1.0)",1,99.61580249455284,10712
"(0.9161952650324744, 1.0)",2,99.61579855719032,10714
"(0.6825396825396824, 1.0)",2,99.6157686273219,10716
"(0.7294281157362763, 1.0)",1,99.61567124744096,10717
"(0.8653198653198653, 1.0)",1,99.61559422335014,10718
"(0.7734344933751168, 1.0)",1,99.61543581003082,10719
"(0.8468951683237397, 1.0)",1,99.6154134540045,10720
"(0.8101143854687974, 1.0)",1,99.61534325019636,10721
"(0.7503607503607503, 1.0)",1,99.615264555768,10722
"(0.876295504202481, 1.0)",1,99.6152242296518,10723
"(0.9326599326599326, 1.0)",1,99.6151996151996,10724
"(0.7164894725870335, 1.0)",1,99.61515629808312,10725
"(0.8976982097186702, 1.0)",7,99.61511418729724,10732
"(0.917415489944373, 1.0)",1,99.61509120226933,10733
"(0.837707400507675, 1.0)",4,99.61505314944836,10737
"(0.944073617452092, 1.0)",1,99.61491350004002,10738
"(0.861111111111111, 1.0)",1,99.61460429724188,10739
"(0.7675138481590094, 1.0)",1,99.61453332259892,10740
"(0.8425483191745751, 1.0)",1,99.61449208745908,10741
"(0.893146638589877, 1.0)",1,99.61426221862465,10742
"(0.7164894725870335, 1.0)",2,99.6141876823057,10744
"(0.8976982097186702, 1.0)",1,99.61418736882658,10745
"(0.9326599326599326, 1.0)",1,99.6141836312744,10746
"(0.7532376017916352, 1.0)",1,99.61417526601603,10747
"(0.808446455505279, 1.0)",1,99.61399158787968,10748
"(0.9833229101521784, 1.0)",2,99.61399158787968,10750
"(0.7944219523166891, 1.0)",1,99.61395627010884,10751
"(0.8137865219658889, 1.0)",1,99.61395427419036,10752
"(0.8976982097186702, 1.0)",1,99.61393689899973,10753
"(0.9581458989353726, 1.0)",2,99.61393255175938,10755
"(0.7340930674264006, 1.0)",1,99.6137406066484,10756
"(0.8796475392220073, 1.0)",1,99.6137406066484,10757
"(0.8811945374355704, 1.0)",1,99.61362833500954,10758
"(0.8137865219658889, 1.0)",2,99.61347335631254,10760
"(0.7675138481590094, 1.0)",1,99.61344291559412,10761
"(0.8420013166556946, 1.0)",1,99.6134173597286,10762
"(0.9009287520039462, 1.0)",1,99.61339369833986,10763
"(0.738145558145558, 1.0)",2,99.61325046403051,10765
"(0.8615866942983156, 1.0)",2,99.61322321830906,10767
"(0.9300671002153482, 1.0)",1,99.61298767360684,10768
"(0.808446455505279, 1.0)",1,99.61281009949846,10769
"(0.7372334455667788, 1.0)",1,99.61278520700168,10770
"(1.0, 1.0)",1,99.6127667511493,10771
"(0.9326599326599326, 1.0)",1,99.6126917821398,10772
"(0.861111111111111, 1.0)",1,99.61268493929536,10773
"(0.8796475392220073, 1.0)",1,99.612667706902,10774
"(0.9833229101521784, 1.0)",1,99.61266714315497,10775
"(0.7786375661375661, 1.0)",2,99.61255953035142,10777
"(0.738145558145558, 1.0)",1,99.61252915576723,10778
"(0.8229870141950848, 1.0)",2,99.6125131040758,10780
"(0.868077055383557, 1.0)",1,99.61237838581648,10781
"(0.7648017586542176, 1.0)",1,99.61219059518416,10782
"(0.8222222222222222, 1.0)",1,99.6121182690026,10783
"(0.738145558145558, 1.0)",2,99.61201473272192,10785
"(0.903667392883079, 1.0)",1,99.61199967377728,10786
"(0.7786375661375661, 1.0)",1,99.61197554580008,10787
"(0.837707400507675, 1.0)",2,99.61196575296005,10789
"(0.9666562434855118, 1.0)",1,99.6119389311302,10790
"(0.8476190476190477, 1.0)",1,99.61191894805054,10791
"(0.9018806250259218, 1.0)",1,99.6118757478861,10792
"(0.8586166985951469, 1.0)",1,99.6118373321899,10793
"(0.8053381731676306, 1.0)",1,99.611806463858,10794
"(0.8471527473990528, 1.0)",1,99.61167567291923,10795
"(0.8976982097186702, 1.0)",1,99.61165977324188,10796
"(0.9161952650324744, 1.0)",1,99.61152914538287,10797
"(0.8880748880748881, 1.0)",1,99.61145971501638,10798
"(0.7121693121693121, 1.0)",1,99.6114123693071,10799
"(1.0, 1.0)",1,99.61138108595736,10800
"(0.8613656783468103, 1.0)",1,99.6113738420162,10801
"(0.9497171590194848, 1.0)",1,99.6113638881354,10802
"(0.81893131227901, 1.0)",1,99.61134413102953,10803
"(0.9165164082221422, 1.0)",1,99.61133560265596,10804
"(0.9027777777777778, 1.0)",1,99.6112365723826,10805
"(0.7092475655908492, 1.0)",1,99.6110906554722,10806
"(0.8976982097186702, 1.0)",1,99.61108423889416,10807
"(0.8676532769556025, 1.0)",1,99.6110259797638,10808
"(0.7498436522826767, 1.0)",1,99.6109547633938,10809
"(0.8468951683237397, 1.0)",1,99.61094062390436,10810
"(0.9, 1.0)",1,99.61082921500125,10811
"(0.8053381731676306, 1.0)",1,99.61077266119597,10812
"(0.8229870141950848, 1.0)",1,99.61039281789084,10813
"(0.786508365740383, 1.0)",1,99.6103577847937,10814
"(0.7632275132275131, 1.0)",2,99.6102999907093,10816
"(0.8222222222222222, 1.0)",1,99.610286190774,10817
"(0.8329050741331443, 1.0)",1,99.61019683416896,10818
"(0.8653198653198653, 1.0)",1,99.61013890710548,10819
"(0.7656073923822403, 1.0)",1,99.61004141364552,10820
"(0.8547756205106323, 1.0)",1,99.6099596347638,10821
"(0.7632275132275131, 1.0)",1,99.60994928022647,10822
"(0.944073617452092, 1.0)",1,99.60983624569155,10823
"(0.8319340617212959, 1.0)",1,99.60977802334438,10824
"(0.8547756205106323, 1.0)",1,99.60977323056208,10825
"(0.8467532467532467, 1.0)",1,99.60973573905903,10826
"(0.8294970161977834, 1.0)",1,99.60971679641756,10827
"(0.7119388248146047, 1.0)",1,99.60971187027252,10828
"(0.826388888888889, 1.0)",1,99.60956571776534,10829
"(0.8040695048423352, 1.0)",1,99.60956379788352,10830
"(0.8613656783468103, 1.0)",1,99.60954498935035,10831
"(0.917469251615593, 1.0)",1,99.60948984363618,10832
"(0.7479743867590829, 1.0)",1,99.6094133950146,10833
"(0.7503607503607503, 1.0)",1,99.60925194565569,10834
"(0.808446455505279, 1.0)",1,99.60922968311776,10835
"(0.9583930063253372, 1.0)",1,99.6091241330048,10836
"(0.7632275132275131, 1.0)",2,99.6091180927339,10838
"(1.0, 1.0)",1,99.60910154748407,10839
"(0.8476190476190477, 1.0)",1,99.60901466576918,10840
"(0.859499940327008, 1.0)",2,99.60901323683132,10842
"(0.8300265307680562, 1.0)",1,99.60896491540716,10843
"(0.7060994560994561, 1.0)",2,99.60887552685952,10845
"(0.7479743867590829, 1.0)",1,99.6088753928999,10846
"(0.8997493734335841, 1.0)",1,99.6088402825245,10847
"(0.7601164382773579, 1.0)",2,99.6088356875101,10849
"(0.8613656783468103, 1.0)",2,99.60880934903642,10851
"(0.9166682405676116, 1.0)",1,99.60879233568696,10852
"(0.81893131227901, 1.0)",1,99.60877923992862,10853
"(0.9499687304565352, 1.0)",1,99.60877664942706,10854
"(0.8374727668845315, 1.0)",1,99.6087570381688,10855
"(0.8976982097186702, 1.0)",3,99.60873784758758,10858
"(0.7601164382773579, 1.0)",1,99.60868929840348,10859
"(0.7479743867590829, 1.0)",1,99.608668838647,10860
"(0.930124456440246, 1.0)",1,99.60860269221172,10861
"(0.8732774170274171, 1.0)",1,99.60856082047424,10862
"(0.917469251615593, 1.0)",1,99.60850605877452,10863
"(0.8222222222222222, 1.0)",1,99.60846250723851,10864
"(0.9583930063253372, 1.0)",1,99.60844909228638,10865
"(0.7435897435897435, 1.0)",1,99.6083941352234,10866
"(0.8319340617212959, 1.0)",1,99.60836339618488,10867
"(0.9158007932517735, 1.0)",1,99.60829209922528,10868
"(0.837707400507675, 1.0)",1,99.60816783054256,10869
"(0.8420013166556946, 1.0)",1,99.60812409259428,10870
"(0.7479743867590829, 1.0)",1,99.60809757456803,10871
"(0.7090909090909091, 1.0)",1,99.6079668195201,10872
"(0.9297812306740878, 1.0)",1,99.60788656553513,10873
"(0.81893131227901, 1.0)",2,99.60777439763628,10875
"(0.7077308656256025, 1.0)",1,99.607689172901,10876
"(0.7077308656256025, 1.0)",1,99.60766832653869,10877
"(0.8222222222222222, 1.0)",1,99.60765535931222,10878
"(0.8796475392220073, 1.0)",1,99.60762833288598,10879
"(0.9303715638302106, 1.0)",1,99.60757481568128,10880
"(0.7060994560994561, 1.0)",2,99.6074932339004,10882
"(0.8715701474388204, 1.0)",1,99.60748846959824,10883
"(0.7077308656256025, 1.0)",1,99.60735405927512,10884
"(0.746304385688563, 1.0)",1,99.6073200647817,10885
"(0.9476043407479208, 1.0)",1,99.6072998004921,10886
"(0.757745166550198, 1.0)",1,99.60723207219138,10887
"(0.9297812306740878, 1.0)",2,99.60721728737708,10889
"(0.8425483191745751, 1.0)",1,99.60721572448524,10890
"(0.8222222222222222, 1.0)",1,99.6072129259286,10891
"(0.8349489264123411, 1.0)",1,99.60711009857351,10892
"(0.8158879904162925, 1.0)",1,99.60702231356424,10893
"(0.808446455505279, 1.0)",1,99.60699526560737,10894
"(0.7601164382773579, 1.0)",1,99.6068696850306,10895
"(0.7090909090909091, 1.0)",1,99.6067891188096,10896
"(0.8976982097186702, 1.0)",4,99.6067891188096,10900
"(0.8976982097186702, 1.0)",1,99.60672897301498,10901
"(0.6760835913312693, 1.0)",2,99.60672827344654,10903
"(0.6733821733821733, 1.0)",1,99.60667381399088,10904
"(0.882673371045464, 1.0)",1,99.60666442334944,10905
"(0.7844277631252677, 1.0)",1,99.60664998534747,10906
"(0.8374727668845315, 1.0)",1,99.60658745077828,10907
"(0.6733821733821733, 1.0)",1,99.60642224255383,10908
"(0.8165509259259259, 1.0)",1,99.60636263498596,10909
"(0.9665831244778612, 1.0)",1,99.6062656641604,10910
"(0.7222222222222221, 1.0)",2,99.60616718068133,10912
"(0.8151249335459861, 1.0)",1,99.60610232247498,10913
"(0.6733821733821733, 1.0)",3,99.60604210604212,10916
"(0.9331094582012576, 1.0)",1,99.60602945795053,10917
"(0.9299160159815896, 1.0)",1,99.60601261355288,10918
"(0.8697983697983697, 1.0)",1,99.60581972469652,10919
"(0.7944219523166891, 1.0)",1,99.60577457075286,10920
"(0.7222222222222221, 1.0)",1,99.60561816857904,10921
"(0.8848000715856217, 1.0)",1,99.60552552303848,10922
"(0.8796475392220073, 1.0)",1,99.60547530451134,10923
"(0.7222222222222221, 1.0)",1,99.60535720163448,10924
"(0.6747507742934573, 1.0)",1,99.60535584214944,10925
"(0.8976982097186702, 1.0)",1,99.60534941089892,10926
"(0.844988344988345, 1.0)",1,99.6053206053206,10927
"(0.6747507742934573, 1.0)",1,99.60527569859184,10928
"(0.81893131227901, 1.0)",2,99.60526296065837,10930
"(0.9166145507608924, 1.0)",1,99.60523196672104,10931
"(0.6747507742934573, 1.0)",1,99.60513537638876,10932
"(0.6747507742934573, 1.0)",1,99.60502715999432,10933
"(0.8599206349206349, 1.0)",1,99.60483947693062,10934
"(0.8222222222222222, 1.0)",1,99.60472882384695,10935
"(0.8374727668845315, 1.0)",1,99.60463248398004,10936
"(0.7574146783449108, 1.0)",1,99.60460449039952,10937
"(0.901575014782562, 1.0)",1,99.60453555608898,10938
"(0.8294970161977834, 1.0)",1,99.60452659618092,10939
"(0.9833229101521784, 1.0)",1,99.60452502149856,10940
"(0.808446455505279, 1.0)",1,99.60447782041344,10941
"(0.8703703703703703, 1.0)",1,99.60446343779677,10942
"(0.8222222222222222, 1.0)",1,99.60436906052334,10943
"(0.7711781618000022, 1.0)",1,99.60431371851696,10944
"(0.8222222222222222, 1.0)",1,99.60431160279772,10945
"(0.7222222222222221, 1.0)",1,99.60421195787048,10946
"(0.8633762288330498, 1.0)",1,99.60413487916615,10947
"(0.8887202421952387, 1.0)",1,99.60413316032212,10948
"(0.8065954953750508, 1.0)",1,99.60411341470852,10949
"(0.8222222222222222, 1.0)",1,99.60402402713058,10950
"(0.8653198653198653, 1.0)",1,99.60376887542571,10951
"(0.8374727668845315, 1.0)",1,99.60355463822955,10952
"(0.9166145507608924, 1.0)",1,99.60351466611424,10953
"(0.901575014782562, 1.0)",1,99.60345550522872,10954
"(0.8374727668845315, 1.0)",1,99.60344324864448,10955
"(0.8449978636391381, 1.0)",2,99.60317978156628,10957
"(0.8997493734335841, 1.0)",1,99.60314859419438,10958
"(0.6698155645524068, 1.0)",1,99.60304450933462,10959
"(0.8552744708994707, 1.0)",1,99.60302656796236,10960
"(0.6698155645524068, 1.0)",1,99.60298181350814,10961
"(0.8845578466141503, 1.0)",1,99.60296224541072,10962
"(0.7277677677677677, 1.0)",1,99.60295945482687,10963
"(0.8547756205106323, 1.0)",1,99.6029266684481,10964
"(0.8247905643738976, 1.0)",1,99.60263240733728,10965
"(0.8374727668845315, 1.0)",1,99.602542005638,10966
"(0.8310777799491891, 1.0)",1,99.60250774093198,10967
"(0.7278086237149632, 1.0)",2,99.60248222713088,10969
"(0.6698155645524068, 1.0)",2,99.60247549721234,10971
"(0.7802197802197803, 1.0)",4,99.602442002442,10975
"(0.8222222222222222, 1.0)",1,99.602442002442,10976
"(0.8885714285714285, 1.0)",1,99.60227587952484,10977
"(0.861111111111111, 1.0)",1,99.60217918781348,10978
"(0.799275702501509, 1.0)",1,99.60211810330092,10979
"(0.9833229101521784, 1.0)",1,99.60207784092756,10980
"(0.7687400318979267, 1.0)",1,99.60184374176671,10981
"(0.7713401051412279, 1.0)",2,99.60176995259052,10983
"(0.8229870141950848, 1.0)",1,99.60172637339022,10984
"(0.7711781618000022, 1.0)",1,99.60170281993136,10985
"(0.9009534009534008, 1.0)",1,99.60151736167995,10986
"(0.7734344933751168, 1.0)",1,99.6014642016591,10987
"(0.934122934122934, 1.0)",1,99.60144494633155,10988
"(0.8653198653198653, 1.0)",1,99.60122051399236,10989
"(0.7994987468671678, 1.0)",1,99.60108307040272,10990
"(0.7675138481590094, 1.0)",1,99.60096291126996,10991
"(0.7675138481590094, 1.0)",1,99.60086985741196,10992
"(0.617513611615245, 1.0)",6,99.60083652176742,10998
"(0.8420013166556946, 1.0)",1,99.60081063748548,10999
"(0.861111111111111, 1.0)",1,99.60081063748548,11000
"(0.8177442148030384, 1.0)",1,99.60069126347535,11001
"(0.8552744708994707, 1.0)",1,99.60049482292872,11002
"(0.9665831244778612, 1.0)",1,99.60035617630824,11003
"(0.8222222222222222, 1.0)",2,99.60029698125616,11005
"(0.7485857950974231, 1.0)",1,99.6002437965612,11006
"(0.9666562434855118, 1.0)",1,99.6002341655046,11007
"(0.7164894725870335, 1.0)",1,99.6001680657036,11008
"(0.8177442148030384, 1.0)",1,99.60010046012016,11009
"(0.7675138481590094, 1.0)",1,99.60004606481252,11010
"(0.8222222222222222, 1.0)",1,99.59998957681884,11011
"(0.8177442148030384, 1.0)",1,99.5999677390572,11012
"(0.8420013166556946, 1.0)",1,99.59992740141104,11013
"(0.6825396825396824, 1.0)",1,99.59983882069442,11014
"(0.8796475392220073, 1.0)",1,99.59981564552172,11015
"(0.8420013166556946, 1.0)",1,99.59974648320588,11016
"(0.844988344988345, 1.0)",1,99.599734639309,11017
"(0.7687400318979267, 1.0)",1,99.59972988222532,11018
"(0.8261351052048725, 1.0)",1,99.5997222846513,11019
"(0.9009287520039462, 1.0)",1,99.59956103977036,11020
"(0.9169719169719168, 1.0)",1,99.59955888736376,11021
"(0.8065954953750508, 1.0)",1,99.59913946952445,11022
"(0.799275702501509, 1.0)",1,99.59912962122576,11023
"(0.7372334455667788, 1.0)",1,99.59912837672864,11024
"(0.7647742788871822, 1.0)",1,99.59912618429172,11025
"(0.799275702501509, 1.0)",1,99.59910877486348,11026
"(0.9161952650324744, 1.0)",1,99.59907059786052,11027
"(0.8976982097186702, 1.0)",1,99.59906423644136,11028
"(0.8997493734335841, 1.0)",2,99.59903839832788,11030
"(0.9166682405676116, 1.0)",1,99.59902191678094,11031
"(0.8016677935542034, 1.0)",1,99.5990014445464,11032
"(0.8997493734335841, 1.0)",1,99.59893322164572,11033
"(0.7155555555555556, 1.0)",1,99.59876365397548,11034
"(0.738145558145558, 1.0)",1,99.59869649719774,11035
"(0.9153439153439152, 1.0)",1,99.59867724867723,11036
"(0.8976982097186702, 1.0)",1,99.5985907216693,11037
"(0.9584987529902784, 1.0)",2,99.59849172662987,11039
"(0.7767756418742694, 1.0)",1,99.59840423578784,11040
"(0.8976982097186702, 1.0)",1,99.59837440162292,11041
"(0.8697983697983697, 1.0)",1,99.59836155544512,11042
"(0.7155555555555556, 1.0)",1,99.59833394506587,11043
"(0.9161379295307868, 1.0)",2,99.59833127983788,11045
"(0.8316498316498316, 1.0)",1,99.59825395922957,11046
"(0.8677838677838676, 1.0)",1,99.59814201016246,11047
"(0.9720813204508856, 1.0)",1,99.598115571518,11048
"(0.8615866942983156, 1.0)",1,99.59810576623045,11049
"(0.8703703703703703, 1.0)",2,99.59808709808708,11051
"(0.8976982097186702, 1.0)",1,99.59796499470946,11052
"(0.8247905643738976, 1.0)",1,99.59785982588456,11053
"(0.614498219149382, 1.0)",2,99.59782112930156,11055
"(0.893146638589877, 1.0)",1,99.59772649400873,11056
"(0.7647742788871822, 1.0)",1,99.59763617923969,11057
"(0.6825396825396824, 1.0)",1,99.59743966040052,11058
"(0.8547756205106323, 1.0)",1,99.59739271023533,11059
"(0.7791819291819292, 1.0)",1,99.59739144713676,11060
"(0.7362637362637362, 1.0)",2,99.59737484737484,11062
"(0.8324561403508771, 1.0)",1,99.59736343625946,11063
"(0.808446455505279, 1.0)",1,99.59732492121302,11064
"(0.9833229101521784, 1.0)",1,99.59731449803186,11065
"(0.8976982097186702, 1.0)",2,99.59730150187652,11067
"(0.8222222222222222, 1.0)",1,99.59728117411044,11068
"(0.8420013166556946, 1.0)",1,99.59725475586583,11069
"(0.81893131227901, 1.0)",1,99.59714769016436,11070
"(0.8613656783468103, 1.0)",1,99.59703827355077,11071
"(0.8976982097186702, 1.0)",1,99.5969657583369,11072
"(0.9161952650324744, 1.0)",1,99.59684052342348,11073
"(0.7632275132275131, 1.0)",1,99.59671756383712,11074
"(1.0, 1.0)",1,99.59660793793788,11075
"(0.8310777799491891, 1.0)",1,99.59651518413554,11076
"(0.816195709052852, 1.0)",1,99.59641548927264,11077
"(0.9161379295307868, 1.0)",1,99.59640269829612,11078
"(0.8468951683237397, 1.0)",1,99.59640146602838,11079
"(0.8329050741331443, 1.0)",1,99.59634639146996,11080
"(0.9167853751187084, 1.0)",1,99.59632713862425,11081
"(0.8137865219658889, 1.0)",1,99.59626894706706,11082
"(0.9153439153439152, 1.0)",1,99.59602899431756,11083
"(0.944563492063492, 1.0)",1,99.59602315975124,11084
"(0.6378166586499919, 1.0)",1,99.59590376103188,11085
"(0.6961063627730295, 1.0)",1,99.59572955642255,11086
"(0.8329050741331443, 1.0)",1,99.59562177690552,11087
"(0.8312205288949474, 1.0)",1,99.59560951401755,11088
"(0.7511111111111111, 1.0)",1,99.5955451323744,11089
"(0.9326599326599326, 1.0)",1,99.59545795335268,11090
"(0.861111111111111, 1.0)",1,99.59543883732525,11091
"(0.8310777799491891, 1.0)",1,99.59540038752256,11092
"(1.0, 1.0)",1,99.59530342529146,11093
"(0.8329050741331443, 1.0)",1,99.59530150068996,11094
"(0.8374727668845315, 1.0)",1,99.59521793343472,11095
"(0.861111111111111, 1.0)",2,99.59520417853751,11097
"(0.8653198653198653, 1.0)",1,99.59514539565888,11098
"(0.81893131227901, 1.0)",1,99.59494658135912,11099
"(0.9045740456093042, 1.0)",1,99.59490709494524,11100
"(0.8796475392220073, 1.0)",1,99.59487022805428,11101
"(0.930124456440246, 1.0)",1,99.59477055530436,11102
"(0.7532376017916352, 1.0)",2,99.59464307479956,11104
"(0.8294970161977834, 1.0)",1,99.5945882148502,11105
"(0.8533622685185187, 1.0)",1,99.5945868178313,11106
"(0.6636745887678723, 1.0)",1,99.5944583590911,11107
"(0.7183489076634237, 1.0)",5,99.594438988495,11112
"(0.8633762288330498, 1.0)",1,99.59442945111434,11113
"(0.7183489076634237, 1.0)",1,99.59431596273085,11114
"(0.7060994560994561, 1.0)",1,99.59429342431687,11115
"(0.80285509389987, 1.0)",1,99.59426978007666,11116
"(0.8468951683237397, 1.0)",1,99.59426353405652,11117
"(0.7802197802197803, 1.0)",1,99.5942182734358,11118
"(0.9158007932517735, 1.0)",1,99.59412620359171,11119
"(0.8294970161977834, 1.0)",1,99.59411541496252,11120
"(0.8732774170274171, 1.0)",1,99.59397528722712,11121
"(0.9665831244778612, 1.0)",1,99.59385365599591,11122
"(0.8715701474388204, 1.0)",1,99.59382605526596,11123
"(0.8053381731676306, 1.0)",1,99.59378709163218,11124
"(0.8468089381754635, 1.0)",1,99.59371964578078,11125
"(0.8467532467532467, 1.0)",1,99.59370077269593,11126
"(0.7479743867590829, 1.0)",1,99.59364662358291,11127
"(0.746304385688563, 1.0)",1,99.59361297323736,11128
"(0.808446455505279, 1.0)",1,99.59343715921166,11129
"(0.6779618620193896, 1.0)",1,99.59340302322758,11130
"(0.9665831244778612, 1.0)",2,99.59322953833356,11132
"(0.7601164382773579, 1.0)",2,99.59315745231964,11134
"(0.7042648709315374, 1.0)",1,99.59306103727458,11135
"(0.7601164382773579, 1.0)",1,99.59303206066669,11136
"(0.930124456440246, 1.0)",1,99.59302698454762,11137
"(0.746304385688563, 1.0)",1,99.59301230759334,11138
"(0.8261351052048725, 1.0)",1,99.59280878337572,11139
"(0.9153439153439152, 1.0)",2,99.59273741430351,11141
"(0.746304385688563, 1.0)",1,99.59257993538554,11142
"(0.8796475392220073, 1.0)",1,99.59252725210172,11143
"(0.8579868984630887, 1.0)",1,99.592511972859,11144
"(0.859499940327008, 1.0)",1,99.59249657832152,11145
"(0.826388888888889, 1.0)",1,99.59247076023392,11146
"(0.8420013166556946, 1.0)",1,99.59246294080152,11147
"(0.6907243513029603, 1.0)",2,99.59244122562544,11149
"(0.7503607503607503, 1.0)",2,99.59236206701644,11151
"(0.7090909090909091, 1.0)",1,99.59235128015617,11152
"(0.9166682405676116, 1.0)",1,99.59233348719694,11153
"(0.8796475392220073, 1.0)",1,99.59231069406832,11154
"(0.8266173510466989, 1.0)",1,99.59219720337238,11155
"(0.6760835913312693, 1.0)",3,99.59215572151288,11158
"(0.9161952650324744, 1.0)",1,99.59199176077834,11159
"(0.9161952650324744, 1.0)",1,99.59192906495184,11160
"(0.8420013166556946, 1.0)",1,99.59188666166298,11161
"(0.9008025849489264, 1.0)",1,99.59177669628134,11162
"(0.882673371045464, 1.0)",1,99.59176428013636,11163
"(0.9442283950617284, 1.0)",1,99.5917150834414,11164
"(0.9008025849489264, 1.0)",1,99.59171400045484,11165
"(0.8796475392220073, 1.0)",1,99.59153311776726,11166
"(0.7294281157362763, 1.0)",1,99.59153129033945,11167
"(0.8848000715856217, 1.0)",1,99.591515060857,11168
"(0.861111111111111, 1.0)",1,99.59149205079436,11169
"(0.7090909090909091, 1.0)",2,99.59146800077032,11171
"(0.8222222222222222, 1.0)",1,99.59140922796836,11172
"(0.7711781618000022, 1.0)",1,99.59140520776296,11173
"(0.9161952650324744, 1.0)",1,99.59130029155696,11174
"(0.8319340617212959, 1.0)",1,99.5912354700488,11175
"(0.8468951683237397, 1.0)",1,99.59116210520942,11176
"(0.7294281157362763, 1.0)",2,99.59115891089525,11178
"(0.8053381731676306, 1.0)",1,99.59109738059946,11179
"(0.808446455505279, 1.0)",1,99.59107996067412,11180
"(1.0, 1.0)",1,99.59106806564434,11181
"(0.5910680656443368, 1.0)",9,99.59106806564434,11190
"(0.8796475392220073, 1.0)",1,99.59102680147146,11191
"(0.8533622685185187, 1.0)",1,99.59096855198652,11192
"(0.7916666666666666, 1.0)",1,99.59095458847302,11193
"(0.7656073923822403, 1.0)",1,99.59093161919012,11194
"(0.8053381731676306, 1.0)",1,99.59091718192148,11195
"(0.8476190476190477, 1.0)",1,99.59086682971656,11196
"(0.8449978636391381, 1.0)",1,99.59082716479222,11197
"(0.8653198653198653, 1.0)",2,99.5907205194598,11199
"(0.8222222222222222, 1.0)",1,99.5905358360808,11200
"(0.6238244514106583, 1.0)",1,99.59040757588852,11201
"(0.9665831244778612, 1.0)",1,99.59040757588852,11202
"(0.7077308656256025, 1.0)",2,99.59035952874208,11204
"(0.8579868984630887, 1.0)",1,99.5902604625759,11205
"(0.7601164382773579, 1.0)",1,99.59019259518278,11206
"(0.916104916104916, 1.0)",1,99.59009251122023,11207
"(0.7503607503607503, 1.0)",1,99.589900919956,11208
"(0.7075023741690408, 1.0)",1,99.58987946584844,11209
"(0.9295946890286512, 1.0)",2,99.58985056090968,11211
"(0.8651903651903651, 1.0)",2,99.58958135204492,11213
"(0.7075023741690408, 1.0)",1,99.5894294139908,11214
"(0.9441792447111594, 1.0)",1,99.58940978265056,11215
"(0.8579868984630887, 1.0)",1,99.5891468866052,11216
"(0.7222222222222221, 1.0)",1,99.58874280761316,11217
"(0.8796475392220073, 1.0)",4,99.58873844831292,11221
"(0.6733821733821733, 1.0)",1,99.58872608872608,11222
"(0.8732774170274171, 1.0)",1,99.58839671186124,11223
"(0.7417524659802721, 1.0)",1,99.58828602345312,11224
"(0.7767756418742694, 1.0)",1,99.5882121948965,11225
"(0.8885714285714285, 1.0)",1,99.58819085392668,11226
"(0.9153439153439156, 1.0)",1,99.58803306268744,11227
"(0.7083333333333334, 1.0)",1,99.58798087255532,11228
"(0.7562136521052955, 1.0)",1,99.58797855352684,11229
"(0.8101143854687974, 1.0)",2,99.58788071676209,11231
"(0.8547756205106323, 1.0)",1,99.58773484170268,11232
"(0.8329050741331443, 1.0)",1,99.58743823869756,11233
"(0.9326599326599326, 1.0)",1,99.58741063054283,11234
"(1.0, 1.0)",1,99.58737423268316,11235
"(0.9442283950617284, 1.0)",1,99.58714670323288,11236
"(0.861111111111111, 1.0)",1,99.58713920350748,11237
"(0.7277677677677677, 1.0)",1,99.58709194260472,11238
"(0.7562136521052955, 1.0)",1,99.58694657987218,11239
"(0.9326599326599326, 1.0)",1,99.58686791638738,11240
"(0.8222222222222222, 1.0)",1,99.58684690545157,11241
"(1.0, 1.0)",1,99.5868343412498,11242
"(0.8840048840048841, 1.0)",1,99.5868241440024,11243
"(0.8229870141950848, 1.0)",1,99.58674546956152,11244
"(0.73687720936437, 1.0)",1,99.5867415512698,11245
"(0.7675138481590094, 1.0)",1,99.58661345449002,11246
"(0.73687720936437, 1.0)",1,99.58659531325448,11247
"(0.7675138481590094, 1.0)",1,99.58657783287164,11248
"(0.9333333333333332, 1.0)",1,99.58654540588294,11249
"(0.8165509259259259, 1.0)",1,99.58639926984836,11250
"(0.9833229101521784, 1.0)",1,99.58637326159791,11251
"(0.6698155645524068, 1.0)",1,99.5863674194868,11252
"(0.6698155645524068, 1.0)",1,99.5863047236603,11253
"(0.8420013166556946, 1.0)",1,99.58624740717906,11254
"(0.73687720936437, 1.0)",1,99.58620816652588,11255
"(0.8296970789758384, 1.0)",1,99.58615102245192,11256
"(0.6698155645524068, 1.0)",2,99.58611584804976,11258
"(0.868077055383557, 1.0)",1,99.5861078282616,11259
"(0.6698155645524068, 1.0)",4,99.58579840736452,11263
"(0.882673371045464, 1.0)",1,99.58578579881228,11264
"(0.8222222222222222, 1.0)",1,99.5857649125942,11265
"(0.8341307814992026, 1.0)",1,99.5855665797153,11266
"(0.8976982097186702, 1.0)",1,99.58555518229966,11267
"(0.861111111111111, 1.0)",1,99.58550209796569,11268
"(1.0, 1.0)",1,99.58549160188504,11269
"(0.9326599326599326, 1.0)",1,99.5854377104377,11270
"(0.8476190476190477, 1.0)",1,99.58542933955924,11271
"(0.9018806250259218, 1.0)",1,99.58535077953266,11272
"(0.7532376017916352, 1.0)",1,99.5852881923841,11273
"(0.9167853751187084, 1.0)",1,99.58528167279964,11274
"(0.8697983697983697, 1.0)",1,99.58527917134658,11275
"(0.8177442148030384, 1.0)",1,99.58516578581896,11276
"(0.6698155645524068, 1.0)",1,99.58515947989632,11277
"(0.9300671002153482, 1.0)",1,99.5848905447155,11278
"(0.7372334455667788, 1.0)",1,99.5847408793054,11279
"(0.7880931329207191, 1.0)",1,99.5845588456426,11280
"(0.9027777777777778, 1.0)",1,99.58446523328932,11281
"(0.786508365740383, 1.0)",1,99.5844051541944,11282
"(0.7786375661375661, 1.0)",1,99.58433910066736,11283
"(0.8676532769556025, 1.0)",1,99.58433175067968,11284
"(0.617513611615245, 1.0)",1,99.5841594319196,11285
"(0.617513611615245, 1.0)",7,99.5840967360931,11292
"(0.8840455840455841, 1.0)",1,99.5840008090926,11293
"(0.7786375661375661, 1.0)",1,99.58395032431216,11294
"(0.7965746171391332, 1.0)",1,99.5839449764784,11295
"(0.8449978636391381, 1.0)",1,99.58379394999196,11296
"(0.6698155645524068, 1.0)",1,99.58376340532952,11297
"(0.9009534009534008, 1.0)",1,99.58349308349308,11298
"(0.7204751921733054, 1.0)",1,99.58344564154748,11299
"(0.6804620726495727, 1.0)",2,99.58343474220491,11301
"(0.8997493734335841, 1.0)",1,99.58333476567944,11302
"(0.9584987529902784, 1.0)",1,99.58331402065753,11303
"(0.8880748880748881, 1.0)",1,99.5833020737344,11304
"(0.8068635828271864, 1.0)",1,99.58330066615775,11305
"(0.8329050741331443, 1.0)",1,99.58323736190358,11306
"(0.7198480531813864, 1.0)",1,99.58322428201444,11307
"(0.6831352928913905, 1.0)",1,99.58307275380446,11308
"(0.8814814814814814, 1.0)",1,99.58302404012228,11309
"(0.6804620726495727, 1.0)",1,99.58300412281469,11310
"(0.9165164082221422, 1.0)",1,99.58298836515928,11311
"(0.8341307814992026, 1.0)",1,99.58293906445384,11312
"(0.9003556829643787, 1.0)",1,99.5828659554618,11313
"(0.9008627640703112, 1.0)",1,99.58285152660396,11314
"(0.8420013166556946, 1.0)",1,99.58284279358593,11315
"(0.7673678366541239, 1.0)",1,99.58281397713412,11316
"(0.7632275132275131, 1.0)",1,99.58277415478248,11317
"(0.861111111111111, 1.0)",1,99.58271057015676,11318
"(0.8796475392220073, 1.0)",4,99.58270147034612,11322
"(0.8467532467532467, 1.0)",1,99.58266671444954,11323
"(0.7574146783449108, 1.0)",1,99.5826449198842,11324
"(0.9161952650324744, 1.0)",1,99.58256976914768,11325
"(0.8976982097186702, 1.0)",1,99.58250098268512,11326
"(0.799275702501509, 1.0)",1,99.58249438084214,11327
"(0.6825396825396824, 1.0)",2,99.58247714345276,11329
"(0.9166682405676116, 1.0)",1,99.58243956238157,11330
"(0.6825396825396824, 1.0)",1,99.58242487080742,11331
"(0.7632275132275131, 1.0)",1,99.58236866381802,11332
"(0.8997493734335841, 1.0)",1,99.58228905597326,11333
"(0.7277677677677677, 1.0)",1,99.5822817806261,11334
"(0.9444901834607716, 1.0)",1,99.58216185630212,11335
"(0.8885714285714285, 1.0)",1,99.5820031690298,11336
"(0.9497171590194846, 1.0)",1,99.5819711797368,11337
"(0.9833229101521784, 1.0)",1,99.58194066666468,11338
"(0.8016677935542034, 1.0)",2,99.58188757377398,11340
"(1.0, 1.0)",1,99.58188757377398,11341
"(0.9031692062697052, 1.0)",1,99.58186984412475,11342
"(0.7372334455667788, 1.0)",1,99.58179917013432,11343
"(0.7164894725870335, 1.0)",1,99.5816798377774,11344
"(0.7687400318979267, 1.0)",1,99.58167921172864,11345
"(0.9161379295307868, 1.0)",1,99.58158282318134,11346
"(0.9166682405676116, 1.0)",1,99.58153915516596,11347
"(0.8976982097186702, 1.0)",1,99.58150843616455,11348
"(0.9833229101521784, 1.0)",1,99.581412199375,11349
"(0.7060994560994561, 1.0)",1,99.58103764570394,11350
"(0.8222222222222222, 1.0)",1,99.581031543052,11351
"(0.8885714285714285, 1.0)",1,99.58089982337395,11352
"(0.7060994560994561, 1.0)",1,99.58078910710644,11353
"(0.8222222222222222, 1.0)",1,99.58077539381232,11354
"(0.7164894725870335, 1.0)",1,99.58077080678356,11355
"(0.9299507899507898, 1.0)",1,99.5806961302758,11356
"(0.8053381731676306, 1.0)",1,99.58065504850408,11357
"(0.6636745887678723, 1.0)",1,99.58063837385164,11358
"(0.9003556829643787, 1.0)",1,99.58035872086217,11359
"(0.6636745887678723, 1.0)",1,99.58026431552678,11360
"(0.816195709052852, 1.0)",1,99.58024116463346,11361
"(0.8976982097186702, 1.0)",2,99.58023789225837,11363
"(0.9161952650324744, 1.0)",1,99.5800459427374,11364
"(0.9297812306740878, 1.0)",1,99.57993126525152,11365
"(0.7786375661375661, 1.0)",1,99.57985534093208,11366
"(0.9833229101521784, 1.0)",1,99.57984193188842,11367
"(0.7656073923822403, 1.0)",1,99.57981170658655,11368
"(0.930704099821747, 1.0)",1,99.57979439606017,11369
"(0.8137865219658889, 1.0)",1,99.57971724887224,11370
"(0.9166682405676116, 1.0)",2,99.57961661622988,11372
"(0.8349489264123411, 1.0)",1,99.5794883376184,11373
"(0.8471527473990528, 1.0)",1,99.5794800530675,11374
"(1.0, 1.0)",1,99.57945445411885,11375
"(0.7479743867590829, 1.0)",2,99.57937932267411,11377
"(0.7042648709315374, 1.0)",1,99.57935209486736,11378
"(0.786508365740383, 1.0)",1,99.5791611457764,11379
"(0.8676532769556025, 1.0)",1,99.579087526024,11380
"(0.9666562434855118, 1.0)",1,99.57901050170608,11381
"(0.8319340617212959, 1.0)",1,99.579007674921,11382
"(0.6760835913312693, 1.0)",1,99.57894991610048,11383
"(0.8796475392220073, 1.0)",1,99.57887112581774,11384
"(1.0, 1.0)",1,99.57875457875456,11385
"(0.8177442148030384, 1.0)",1,99.57875093736304,11386
"(0.746304385688563, 1.0)",1,99.57870158153762,11387
"(0.8316498316498316, 1.0)",1,99.57859735759249,11388
"(0.8158879904162925, 1.0)",1,99.57855283102911,11389
"(0.8374727668845315, 1.0)",3,99.57854084358692,11392
"(0.9497171590194848, 1.0)",2,99.5784518550078,11394
"(0.6760835913312693, 1.0)",1,99.57844096651752,11395
"(0.8310777799491891, 1.0)",1,99.57841642833552,11396
"(0.9833229101521784, 1.0)",1,99.5783148723412,11397
"(0.8579868984630887, 1.0)",1,99.5782781149056,11398
"(0.8222222222222222, 1.0)",1,99.57825155092536,11399
"(0.8068904981347378, 1.0)",1,99.5782244273634,11400
"(0.9166145507608924, 1.0)",1,99.57820947076748,11401
"(0.8310777799491891, 1.0)",1,99.5780575026329,11402
"(0.6969696969696969, 1.0)",1,99.57799081684055,11403
"(0.930124456440246, 1.0)",1,99.5779432717058,11404
"(0.9497171590194846, 1.0)",1,99.57779630842144,11405
"(0.7294281157362763, 1.0)",1,99.57779349483016,11406
"(0.7916666666666666, 1.0)",1,99.57776531996238,11407
"(0.7903875985986362, 1.0)",1,99.57774671306032,11408
"(0.786508365740383, 1.0)",2,99.57766415557916,11410
"(0.7164894725870335, 1.0)",2,99.57760058369814,11412
"(0.8468951683237397, 1.0)",1,99.5775237483822,11413
"(0.7121693121693121, 1.0)",1,99.57741926214328,11414
"(0.8887202421952387, 1.0)",1,99.57739012142945,11415
"(0.9299507899507898, 1.0)",1,99.57731782344578,11416
"(0.9326599326599326, 1.0)",1,99.57728127950053,11417
"(0.8697983697983697, 1.0)",1,99.57722297120648,11418
"(0.8420013166556946, 1.0)",1,99.57715987378036,11419
"(0.9584987529902784, 1.0)",1,99.57707085931614,11420
"(0.9297812306740878, 1.0)",1,99.577014818174,11421
"(0.7880931329207191, 1.0)",1,99.5769611754473,11422
"(0.8796475392220073, 1.0)",1,99.57685239662256,11423
"(0.8449978636391381, 1.0)",1,99.5767789912138,11424
"(0.808446455505279, 1.0)",1,99.57669737353734,11425
"(0.8796475392220073, 1.0)",1,99.57665670569612,11426
"(0.8840455840455841, 1.0)",1,99.57657228812556,11427
"(0.8703703703703703, 1.0)",1,99.57650588145944,11428
"(0.917849761232425, 1.0)",1,99.57643398252236,11429
"(0.7601164382773579, 1.0)",1,99.57631536230684,11430
"(0.934122934122934, 1.0)",1,99.57619106741912,11431
"(0.8533622685185187, 1.0)",1,99.57612470884295,11432
"(1.0, 1.0)",1,99.5760943840821,11433
"(0.8420013166556947, 1.0)",1,99.5760943840821,11434
"(0.826388888888889, 1.0)",1,99.57608327407304,11435
"(0.9665831244778612, 1.0)",1,99.57606908102264,11436
"(0.9584987529902784, 1.0)",1,99.57603317646088,11437
"(0.8976982097186702, 1.0)",1,99.57602312411744,11438
"(0.917849761232425, 1.0)",1,99.57595284893284,11439
"(0.5925925925925927, 1.0)",1,99.57591550274478,11440
"(0.9445235834124724, 1.0)",1,99.57564468574776,11441
"(0.9666562434855118, 1.0)",1,99.5756423935008,11442
"(0.9331662489557224, 1.0)",1,99.57558756190409,11443
"(0.7545469576719577, 1.0)",1,99.57555230733584,11444
"(0.7802197802197803, 1.0)",2,99.57547206160363,11446
"(0.7944219523166891, 1.0)",1,99.5754658694922,11447
"(0.8796475392220073, 1.0)",1,99.57542369795902,11448
"(0.9833229101521784, 1.0)",1,99.57538776427036,11449
"(0.796353220536539, 1.0)",1,99.57536418590792,11450
"(0.9161952650324744, 1.0)",1,99.57525490457992,11451
"(0.9161952650324744, 1.0)",1,99.57525197510402,11452
"(0.9833229101521784, 1.0)",1,99.57517104743424,11453
"(0.7278086237149632, 1.0)",1,99.57501555536705,11454
"(0.9161952650324744, 1.0)",1,99.575003184003,11455
"(0.837707400507675, 1.0)",1,99.57475095502043,11456
"(0.8796475392220073, 1.0)",1,99.5746997342742,11457
"(0.7944219523166891, 1.0)",1,99.57464173253646,11458
"(0.9833229101521784, 1.0)",1,99.57439097579652,11459
"(0.5910680656443368, 1.0)",7,99.57439097579652,11466
"(0.7278086237149632, 1.0)",1,99.57431800050648,11467
"(0.9326599326599326, 1.0)",1,99.57428783665664,11468
"(0.7944219523166891, 1.0)",1,99.57421057519072,11469
"(0.8796475392220073, 1.0)",1,99.57415440246916,11470
"(0.6238244514106583, 1.0)",1,99.57354161043014,11471
"(0.8976982097186702, 1.0)",1,99.57337224328744,11472
"(0.7511111111111111, 1.0)",1,99.57333333333334,11473
"(0.9299507899507898, 1.0)",1,99.57330514251856,11474
"(0.8468951683237397, 1.0)",3,99.57324339697294,11477
"(0.7880931329207191, 1.0)",1,99.57308383662708,11478
"(0.8247905643738976, 1.0)",1,99.5729685151417,11479
"(0.8229870141950848, 1.0)",1,99.57285821210436,11480
"(0.7734344933751168, 1.0)",1,99.57284828000866,11481
"(0.9665831244778612, 1.0)",1,99.57284177567314,11482
"(0.9027777777777778, 1.0)",2,99.5728412619452,11484
"(0.8112275321577646, 1.0)",1,99.57278934637222,11485
"(0.7075023741690408, 1.0)",1,99.572752324143,11486
"(0.9720813204508856, 1.0)",1,99.5727363243072,11487
"(0.7503607503607503, 1.0)",1,99.57258297258298,11488
"(0.7734344933751168, 1.0)",1,99.5725731619618,11489
"(0.7675138481590094, 1.0)",2,99.57236712103416,11491
"(0.8229870141950848, 1.0)",1,99.57231904488488,11492
"(0.786508365740383, 1.0)",1,99.57214502634676,11493
"(0.8796475392220073, 1.0)",2,99.57206135846508,11495
"(0.8976982097186702, 1.0)",1,99.57201607756558,11496
"(0.7802197802197803, 1.0)",1,99.57193825589496,11497
"(0.8976982097186702, 1.0)",2,99.57193253537676,11499
"(0.8222222222222222, 1.0)",1,99.5718777870254,11500
"(0.8676532769556025, 1.0)",1,99.57166197276992,11501
"(0.7278086237149632, 1.0)",2,99.57155515768208,11503
"(0.8222222222222222, 1.0)",1,99.57122428784368,11504
"(0.8613656783468103, 1.0)",2,99.57121420933642,11506
"(0.8222222222222222, 1.0)",2,99.57118338325014,11508
"(0.8653198653198653, 1.0)",1,99.57110972900446,11509
"(0.8814814814814814, 1.0)",1,99.57108704248589,11510
"(0.8633762288330498, 1.0)",1,99.57102743001327,11511
"(0.8222222222222222, 1.0)",1,99.57097723113984,11512
"(0.7222222222222221, 1.0)",2,99.57085777817484,11514
"(0.8101143854687974, 1.0)",1,99.57084795580708,11515
"(0.8222222222222222, 1.0)",1,99.57080245860732,11516
"(0.7944219523166891, 1.0)",1,99.57075833322786,11517
"(1.0, 1.0)",1,99.57069714283534,11518
"(0.933096859926128, 1.0)",4,99.57062775380574,11522
"(0.7734344933751168, 1.0)",1,99.57056702113276,11523
"(0.9192093318943212, 1.0)",1,99.5704828035663,11524
"(0.7734344933751168, 1.0)",1,99.57026574212745,11525
"(0.9497171590194846, 1.0)",1,99.57005304971582,11526
"(0.8653198653198653, 1.0)",1,99.57002754900148,11527
"(0.73687720936437, 1.0)",1,99.56991822340666,11528
"(0.7503607503607503, 1.0)",2,99.5698950681529,11530
"(0.8476190476190477, 1.0)",1,99.56984126984128,11531
"(0.9165164082221422, 1.0)",1,99.56982774705013,11532
"(0.8420013166556946, 1.0)",1,99.56971804437242,11533
"(0.6884388493583896, 1.0)",1,99.56963338679395,11534
"(0.6698155645524068, 1.0)",1,99.56962763381247,11535
"(0.9297812306740878, 1.0)",1,99.5696248678436,11536
"(0.901575014782562, 1.0)",1,99.5695692691758,11537
"(0.6804620726495727, 1.0)",1,99.56948769993708,11538
"(0.8845578466141503, 1.0)",1,99.5694441617694,11539
"(0.826388888888889, 1.0)",1,99.56941317490096,11540
"(0.81893131227901, 1.0)",1,99.56932611878152,11541
"(0.6804620726495727, 1.0)",1,99.56911054802724,11542
"(0.8222222222222222, 1.0)",1,99.56908782274635,11543
"(0.8887202421952387, 1.0)",1,99.56905097019036,11544
"(0.8420013166556946, 1.0)",1,99.56902470229116,11545
"(0.7916666666666666, 1.0)",1,99.56901241560736,11546
"(0.8736897274633123, 1.0)",1,99.56864726253482,11547
"(0.7075023741690408, 1.0)",1,99.56861348528015,11548
"(0.8997493734335841, 1.0)",1,99.56858647490826,11549
"(0.6698155645524068, 1.0)",2,99.5684823900485,11551
"(0.9326599326599326, 1.0)",1,99.56837379644398,11552
"(0.7647742788871822, 1.0)",1,99.56837349306583,11553
"(0.9720813204508856, 1.0)",1,99.56836468370908,11554
"(0.944073617452092, 1.0)",1,99.5682172636765,11555
"(0.8976982097186702, 1.0)",1,99.56816297871082,11556
"(0.7687400318979267, 1.0)",1,99.56811259898105,11557
"(0.8796475392220073, 1.0)",1,99.5680863885804,11558
"(0.6804620726495727, 1.0)",2,99.56793690987274,11560
"(0.80285509389987, 1.0)",1,99.56785712210156,11561
"(0.7503607503607503, 1.0)",2,99.56782106782109,11563
"(0.8177442148030384, 1.0)",1,99.56769209889728,11564
"(0.8613656783468103, 1.0)",1,99.5675784830605,11565
"(0.8177442148030384, 1.0)",1,99.56752517125922,11566
"(0.6698155645524068, 1.0)",3,99.56751377427108,11569
"(0.9153439153439156, 1.0)",1,99.56751214140024,11570
"(0.8633762288330498, 1.0)",1,99.56745954566146,11571
"(0.617513611615245, 1.0)",1,99.56741964624528,11572
"(0.8814814814814814, 1.0)",1,99.56740067757232,11573
"(0.9326599326599326, 1.0)",1,99.56729093149268,11574
"(0.7994987468671678, 1.0)",2,99.56725426872006,11576
"(0.617513611615245, 1.0)",2,99.56723077063472,11578
"(0.859499940327008, 1.0)",1,99.56722935632646,11579
"(0.8615866942983156, 1.0)",1,99.56716089813035,11580
"(0.8885714285714285, 1.0)",1,99.56710063338969,11581
"(0.9169719169719168, 1.0)",1,99.56708204076624,11582
"(0.786508365740383, 1.0)",1,99.56698593578209,11583
"(0.9161952650324744, 1.0)",1,99.56690288321975,11584
"(0.8177442148030384, 1.0)",1,99.56683076748394,11585
"(0.8420013166556946, 1.0)",1,99.56682573996623,11586
"(0.799275702501509, 1.0)",1,99.56669727351743,11587
"(0.8266173510466989, 1.0)",1,99.56666118009429,11588
"(0.8420013166556947, 1.0)",1,99.56663720086604,11589
"(0.7713401051412279, 1.0)",1,99.5665583117476,11590
"(0.7944219523166891, 1.0)",1,99.56655020916897,11591
"(0.826388888888889, 1.0)",1,99.56633294192945,11592
"(0.6636745887678723, 1.0)",2,99.566332329477,11594
"(0.757745166550198, 1.0)",1,99.56632960768376,11595
"(0.9, 1.0)",1,99.56622747796882,11596
"(0.799275702501509, 1.0)",1,99.56622726945308,11597
"(0.808446455505279, 1.0)",1,99.56619162205548,11598
"(0.9161952650324744, 1.0)",1,99.56600810900729,11599
"(0.9161952650324744, 1.0)",1,99.56591368240171,11600
"(0.9309563801089225, 1.0)",1,99.56590125922732,11601
"(0.799275702501509, 1.0)",1,99.56579628789244,11602
"(0.6825396825396824, 1.0)",1,99.56567466195196,11603
"(0.8976982097186702, 1.0)",1,99.56563501722675,11604
"(0.8814814814814814, 1.0)",1,99.56548058353792,11605
"(1.0, 1.0)",1,99.565445932643,11606
"(0.8615866942983156, 1.0)",1,99.5653868728904,11607
"(0.8468951683237397, 1.0)",1,99.5653683745854,11608
"(0.7164894725870335, 1.0)",1,99.56534467027944,11609
"(0.861111111111111, 1.0)",1,99.5653230689816,11610
"(0.8016677935542034, 1.0)",2,99.56521048392617,11612
"(0.9833229101521784, 1.0)",1,99.56521048392617,11613
"(0.614498219149382, 1.0)",1,99.56515153699976,11614
"(0.9299160159815896, 1.0)",2,99.56514874802336,11616
"(0.9442283950617284, 1.0)",1,99.5650412336353,11617
"(0.7042648709315374, 1.0)",1,99.5648516462976,11618
"(0.6760835913312693, 1.0)",1,99.5648360335566,11619
"(1.0, 1.0)",1,99.56481099402852,11620
"(0.8845578466141503, 1.0)",1,99.56474916397096,11621
"(0.746304385688563, 1.0)",1,99.5646330214542,11622
"(0.7042648709315374, 1.0)",2,99.5646272740356,11624
"(0.8653198653198653, 1.0)",1,99.5645452480393,11625
"(0.7673678366541239, 1.0)",1,99.56453964195916,11626
"(0.9153439153439152, 1.0)",1,99.56446672236146,11627
"(1.0, 1.0)",1,99.56435202376112,11628
"(0.7979797979797979, 1.0)",1,99.56431245263082,11629
"(0.8040695048423352, 1.0)",1,99.56427806016627,11630
"(0.8177442148030384, 1.0)",1,99.56411596215494,11631
"(0.9442283950617284, 1.0)",1,99.56401333531184,11632
"(0.837707400507675, 1.0)",1,99.56398213118446,11633
"(0.7164894725870335, 1.0)",5,99.56390484132518,11638
"(0.8420013166556946, 1.0)",1,99.5638378803437,11639
"(0.8316498316498316, 1.0)",1,99.56380851117692,11640
"(0.8796475392220073, 1.0)",1,99.5636501725334,11641
"(0.8432903075760217, 1.0)",1,99.56361374311857,11642
"(0.8165509259259259, 1.0)",1,99.56361212648152,11643
"(0.816195709052852, 1.0)",1,99.56356407478565,11644
"(0.8976982097186702, 1.0)",2,99.56356080241054,11646
"(0.7155555555555556, 1.0)",1,99.5635594035594,11647
"(0.7916666666666666, 1.0)",1,99.56344634628044,11648
"(0.786508365740383, 1.0)",1,99.56336369800889,11649
"(0.9018806250259218, 1.0)",1,99.56313877842224,11650
"(0.8372053872053872, 1.0)",1,99.56311669468352,11651
"(0.8065067548938516, 1.0)",1,99.56311441204808,11652
"(1.0, 1.0)",1,99.56307787327358,11653
"(0.882673371045464, 1.0)",1,99.56306196646376,11654
"(0.7511111111111111, 1.0)",1,99.56301805327232,11655
"(0.7164894725870335, 1.0)",1,99.56300421623855,11656
"(0.8222222222222222, 1.0)",1,99.56298087255534,11657
"(0.8468951683237397, 1.0)",1,99.5629666164876,11658
"(0.8374727668845315, 1.0)",1,99.56292790801866,11659
"(0.812557599070401, 1.0)",1,99.56292276874758,11660
"(0.9326599326599326, 1.0)",1,99.5628239244358,11661
"(0.9584987529902784, 1.0)",1,99.56275240932943,11662
"(0.8796475392220073, 1.0)",2,99.56268847489451,11664
"(0.8294970161977834, 1.0)",1,99.56266357863264,11665
"(0.8796475392220073, 1.0)",1,99.56263643735852,11666
"(0.6886904761904762, 1.0)",2,99.5625617186106,11668
"(1.0, 1.0)",1,99.56233151139014,11669
"(0.8468951683237397, 1.0)",1,99.56230594463548,11670
"(0.8796475392220073, 1.0)",2,99.56218722176168,11672
"(0.8814814814814814, 1.0)",1,99.56206915684824,11673
"(0.8374727668845315, 1.0)",1,99.56186375373908,11674
"(0.816195709052852, 1.0)",1,99.56184780299265,11675
"(0.7545469576719577, 1.0)",1,99.56176708029643,11676
"(0.786508365740383, 1.0)",1,99.56160773745202,11677
"(0.903667392883079, 1.0)",2,99.56129679289408,11679
"(0.7278086237149632, 1.0)",1,99.56128376722803,11680
"(0.8247905643738976, 1.0)",1,99.5612355988076,11681
"(0.9161952650324744, 1.0)",1,99.56121943688592,11682
"(0.8053381731676306, 1.0)",2,99.561217240669,11684
"(0.7277677677677677, 1.0)",1,99.56117408059475,11685
"(0.8016677935542034, 1.0)",1,99.56102126915331,11686
"(0.8761479805597453, 1.0)",1,99.56083804505006,11687
"(0.7278086237149632, 1.0)",1,99.56063949057058,11688
"(0.7687400318979267, 1.0)",1,99.5605093975554,11689
"(0.7294281157362763, 1.0)",1,99.5605046318128,11690
"(0.7277677677677677, 1.0)",1,99.56049808565366,11691
"(0.7278086237149632, 1.0)",1,99.56025245553454,11692
"(0.8420013166556947, 1.0)",1,99.5602453153875,11693
"(0.808446455505279, 1.0)",1,99.560082979516,11694
"(0.7836699859544369, 1.0)",1,99.5600720083242,11695
"(0.9441595441595442, 1.0)",1,99.55996918611577,11696
"(0.7574146783449108, 1.0)",1,99.5598679851132,11697
"(0.7090909090909091, 1.0)",1,99.55969877125204,11698
"(0.7601164382773579, 1.0)",1,99.55961518514452,11699
"(0.8420013166556946, 1.0)",1,99.55941729423428,11700
"(0.8040695048423352, 1.0)",1,99.55941486411804,11701
"(0.8811945374355704, 1.0)",1,99.55937128168172,11702
"(0.8976982097186702, 1.0)",3,99.5593003684753,11705
"(0.8796475392220073, 1.0)",1,99.55921169299478,11706
"(0.8796475392220073, 1.0)",1,99.55919657485944,11707
"(0.8310777799491891, 1.0)",1,99.55910522128715,11708
"(0.9326599326599326, 1.0)",1,99.55908230488753,11709
"(0.7532376017916352, 1.0)",1,99.5590309082918,11710
"(0.7532376017916352, 1.0)",1,99.55902009570374,11711
"(0.7734344933751168, 1.0)",1,99.558931824442,11712
"(0.8533622685185187, 1.0)",1,99.5588030515124,11713
"(0.738145558145558, 1.0)",1,99.55874495792054,11714
"(0.7532376017916352, 1.0)",1,99.5584109673856,11715
"(0.9833229101521784, 1.0)",1,99.55838071857642,11716
"(0.9008627640703112, 1.0)",1,99.55833638748824,11717
"(1.0, 1.0)",1,99.55815570351942,11718
"(0.944563492063492, 1.0)",1,99.55814689173468,11719
"(0.8310777799491891, 1.0)",1,99.5579262054198,11720
"(0.9008025849489264, 1.0)",1,99.55779080863692,11721
"(0.8653198653198653, 1.0)",2,99.55773368456296,11723
"(0.9833229101521784, 1.0)",1,99.55771388594869,11724
"(0.5910680656443368, 1.0)",1,99.55771388594869,11725
"(0.5910680656443368, 1.0)",2,99.5576511901222,11727
"(0.8651903651903651, 1.0)",2,99.55760418443344,11729
"(0.7155555555555556, 1.0)",1,99.55755687221124,11730
"(0.9499687304565352, 1.0)",1,99.5575139494926,11731
"(0.944073617452092, 1.0)",1,99.55750039077516,11732
"(0.9153439153439152, 1.0)",1,99.55749572269708,11733
"(0.861111111111111, 1.0)",2,99.55738151940616,11735
"(0.7077308656256025, 1.0)",1,99.55732278973169,11736
"(0.9166682405676116, 1.0)",2,99.5573064538664,11738
"(0.9720813204508856, 1.0)",1,99.5571666792644,11739
"(0.893146638589877, 1.0)",1,99.55715827562932,11740
"(0.8814814814814814, 1.0)",1,99.55715551505024,11741
"(0.8976982097186702, 1.0)",1,99.55714499599472,11742
"(0.8848000715856217, 1.0)",1,99.55706204010212,11743
"(0.9331662489557224, 1.0)",1,99.55699070036638,11744
"(0.808446455505279, 1.0)",1,99.55687399283104,11745
"(0.8976982097186702, 1.0)",1,99.55669515343962,11746
"(0.7802197802197803, 1.0)",1,99.5566748066748,11747
"(0.7511111111111111, 1.0)",2,99.55665624348552,11749
"(0.8468951683237397, 1.0)",1,99.55656630712512,11750
"(0.8468951683237397, 1.0)",1,99.5565652746402,11751
"(0.7340930674264006, 1.0)",2,99.55631528964862,11753
"(0.9665831244778612, 1.0)",1,99.55625863778133,11754
"(0.6823744006670837, 1.0)",1,99.55598073704851,11755
"(0.8374727668845315, 1.0)",1,99.55585631931878,11756
"(0.8976982097186702, 1.0)",2,99.5558118791318,11758
"(0.9158007932517735, 1.0)",1,99.55574216589694,11759
"(0.861111111111111, 1.0)",1,99.55569807735492,11760
"(1.0, 1.0)",5,99.55555555555556,11765
"(0.5555555555555555, 1.0)",1,99.55555555555556,11766
"(0.8222222222222222, 1.0)",1,99.55546708348508,11767
"(0.8420013166556946, 1.0)",1,99.55545004165768,11768
"(0.6804620726495727, 1.0)",1,99.5552258960982,11769
"(0.8633762288330498, 1.0)",1,99.55516483732144,11770
"(0.757745166550198, 1.0)",1,99.55507881754238,11771
"(0.8229870141950848, 1.0)",1,99.55507220176428,11772
"(0.7372334455667788, 1.0)",1,99.55502983336824,11773
"(0.901575014782562, 1.0)",1,99.5550234211822,11774
"(0.8374727668845315, 1.0)",3,99.55488874446311,11777
"(0.808446455505279, 1.0)",1,99.55486221347432,11778
"(0.8016677935542034, 1.0)",1,99.55468819363342,11779
"(0.882673371045464, 1.0)",1,99.5546136971578,11780
"(0.9497171590194846, 1.0)",2,99.5545585912706,11782
"(0.8468951683237397, 1.0)",1,99.55453841209858,11783
"(0.917849761232425, 1.0)",1,99.55446100636595,11784
"(0.9161379295307868, 1.0)",1,99.5543703128517,11785
"(0.7632275132275131, 1.0)",1,99.55433836351924,11786
"(0.9665831244778612, 1.0)",2,99.55420153157824,11788
"(0.8040695048423352, 1.0)",1,99.55413336970328,11789
"(0.8547756205106323, 1.0)",1,99.55407636230774,11790
"(0.81893131227901, 1.0)",1,99.55400792183302,11791
"(0.81893131227901, 1.0)",1,99.5539749878396,11792
"(0.7479743867590829, 1.0)",1,99.553912537998,11793
"(0.7802197802197803, 1.0)",1,99.55375609865888,11794
"(0.9161952650324744, 1.0)",3,99.55372615891208,11797
"(0.7479743867590829, 1.0)",1,99.55370783502124,11798
"(0.8796475392220073, 1.0)",1,99.5536910152626,11799
"(0.7944219523166891, 1.0)",1,99.55363140082494,11800
"(0.8449978636391381, 1.0)",1,99.55361742288612,11801
"(0.6784722222222224, 1.0)",1,99.5536123633398,11802
"(0.8349489264123411, 1.0)",1,99.55355055964812,11803
"(0.8065954953750508, 1.0)",1,99.553323958179,11804
"(0.6733821733821733, 1.0)",1,99.55302971260416,11805
"(0.6698155645524068, 1.0)",1,99.55301323979116,11806
"(0.6784722222222224, 1.0)",1,99.55296594497732,11807
"(0.868077055383557, 1.0)",1,99.55288347326028,11808
"(0.8976982097186702, 1.0)",1,99.55282086484132,11809
"(0.7511111111111111, 1.0)",1,99.55277890466532,11810
"(0.9027777777777778, 1.0)",1,99.5527410542106,11811
"(0.7944219523166891, 1.0)",1,99.55273186852132,11812
"(0.9008627640703112, 1.0)",1,99.55267344099062,11813
"(0.7647742788871822, 1.0)",1,99.55262565731918,11814
"(0.73687720936437, 1.0)",1,99.55254594165253,11815
"(0.7183489076634237, 1.0)",1,99.5524573217522,11816
"(0.8222222222222222, 1.0)",1,99.55242115607967,11817
"(0.8040695048423352, 1.0)",1,99.55226701799424,11818
"(0.7479743867590829, 1.0)",1,99.55221246276292,11819
"(0.6698155645524068, 1.0)",5,99.55219265623182,11824
"(0.8420013166556946, 1.0)",1,99.5521741847233,11825
"(0.7802197802197803, 1.0)",1,99.55215916146147,11826
"(0.8703703703703703, 1.0)",1,99.55209953827148,11827
"(0.8871082621082622, 1.0)",3,99.55191458012888,11830
"(0.8420013166556946, 1.0)",4,99.55183491395252,11834
"(0.6779618620193896, 1.0)",1,99.55175530564117,11835
"(0.80285509389987, 1.0)",1,99.55171236497948,11836
"(0.746304385688563, 1.0)",1,99.5516361717452,11837
"(0.9436368312757202, 1.0)",1,99.55160434359124,11838
"(0.861111111111111, 1.0)",1,99.55151621032124,11839
"(0.9, 1.0)",1,99.55146087335436,11840
"(0.7786375661375661, 1.0)",1,99.55143335116338,11841
"(0.7479743867590829, 1.0)",1,99.55131862600292,11842
"(0.6698155645524068, 1.0)",1,99.55129704603388,11843
"(1.0, 1.0)",9,99.55119195259748,11852
"(0.9303715638302106, 1.0)",1,99.5511671105698,11853
"(0.7204751921733054, 1.0)",1,99.55116302286112,11854
"(0.6760835913312693, 1.0)",1,99.55109577798322,11855
"(0.7994987468671678, 1.0)",1,99.5510725750514,11856
"(0.9003556829643787, 1.0)",1,99.55093790949869,11857
"(0.7183489076634237, 1.0)",2,99.5509305956152,11859
"(0.9009534009534008, 1.0)",1,99.55089370455224,11860
"(0.617513611615245, 1.0)",1,99.55067986057097,11861
"(0.7183489076634237, 1.0)",2,99.5506375047873,11863
"(0.9, 1.0)",1,99.5506294798903,11864
"(0.868077055383557, 1.0)",1,99.55061673792324,11865
"(0.617513611615245, 1.0)",2,99.5505536807869,11867
"(0.8653198653198653, 1.0)",1,99.55050237584344,11868
"(0.9333333333333332, 1.0)",1,99.5504986843455,11869
"(0.6760835913312693, 1.0)",2,99.55045818407936,11871
"(0.8732774170274171, 1.0)",1,99.55042098428146,11872
"(0.9, 1.0)",1,99.55029390837672,11873
"(0.816195709052852, 1.0)",1,99.55028877647923,11874
"(0.617513611615245, 1.0)",2,99.55017354427518,11876
"(0.7362637362637362, 1.0)",1,99.5498300796785,11877
"(0.8420013166556946, 1.0)",1,99.54982881492704,11878
"(0.6760835913312693, 1.0)",1,99.54982476543192,11879
"(0.6747507742934573, 1.0)",1,99.54976720897142,11880
"(0.8101143854687974, 1.0)",1,99.54974724168277,11881
"(0.8420013166556946, 1.0)",1,99.54965251783594,11882
"(0.6747507742934573, 1.0)",2,99.54963223542492,11884
"(0.8010054664946871, 1.0)",1,99.54955548320444,11885
"(0.7574146783449108, 1.0)",1,99.54950869182176,11886
"(0.6698155645524068, 1.0)",1,99.5494631037744,11887
"(0.9018806250259218, 1.0)",2,99.54939207191237,11889
"(0.7294281157362763, 1.0)",2,99.54926938557756,11891
"(0.6825396825396824, 1.0)",1,99.54908111429292,11892
"(0.7802197802197803, 1.0)",1,99.54906340272194,11893
"(0.6825396825396824, 1.0)",2,99.5490602679306,11895
"(0.7069597069597069, 1.0)",1,99.5489610236154,11896
"(0.808446455505279, 1.0)",1,99.548905948881,11897
"(0.8697983697983697, 1.0)",1,99.5488895234658,11898
"(0.7562136521052955, 1.0)",1,99.54879389622562,11899
"(0.9165164082221422, 1.0)",1,99.54869816996244,11900
"(0.7713401051412279, 1.0)",1,99.54869687299365,11901
"(0.8676532769556025, 1.0)",1,99.54860664841772,11902
"(0.6886904761904762, 1.0)",2,99.54855043601071,11904
"(0.8016677935542034, 1.0)",1,99.54853339407832,11905
"(0.7944219523166891, 1.0)",1,99.5484923321482,11906
"(0.7183489076634237, 1.0)",1,99.5484850276478,11907
"(0.7042648709315374, 1.0)",1,99.54845485812535,11908
"(0.6747507742934573, 1.0)",1,99.5484089351378,11909
"(0.8432903075760217, 1.0)",1,99.54835258728644,11910
"(0.7801008555725536, 1.0)",1,99.54835177360462,11911
"(0.8420013166556946, 1.0)",1,99.5483466633344,11912
"(0.8294970161977834, 1.0)",1,99.5482418297272,11913
"(0.9584987529902784, 1.0)",1,99.54819529530528,11914
"(0.8579868984630887, 1.0)",1,99.54819105050647,11915
"(0.8312205288949474, 1.0)",1,99.54812110345074,11916
"(0.9326599326599326, 1.0)",1,99.548064564458,11917
"(0.7164894725870335, 1.0)",1,99.54781623074304,11918
"(0.8579868984630887, 1.0)",1,99.547765410212,11919
"(0.8651903651903651, 1.0)",1,99.54773004773006,11920
"(0.8976982097186702, 1.0)",2,99.54768778653752,11922
"(0.8552744708994707, 1.0)",1,99.54752721132542,11923
"(0.746304385688563, 1.0)",2,99.54749255110528,11925
"(0.7711781618000022, 1.0)",1,99.54740360385246,11926
"(1.0, 1.0)",3,99.54734537493158,11929
"(0.9165164082221422, 1.0)",1,99.54732346532349,11930
"(0.8471527473990528, 1.0)",1,99.54728662871166,11931
"(0.7278086237149632, 1.0)",1,99.54725859479528,11932
"(0.8547756205106323, 1.0)",1,99.54724176618042,11933
"(0.8137865219658889, 1.0)",1,99.54722968223832,11934
"(0.8468951683237397, 1.0)",1,99.54722464914104,11935
"(0.8312205288949474, 1.0)",1,99.5472230753988,11936
"(0.81893131227901, 1.0)",1,99.54718501661216,11937
"(0.7673678366541239, 1.0)",1,99.54711304054264,11938
"(0.8840455840455841, 1.0)",1,99.54692500481974,11939
"(0.8976982097186702, 1.0)",1,99.5468837125627,11940
"(0.6825396825396824, 1.0)",1,99.5468837125627,11941
"(0.7545469576719577, 1.0)",1,99.54688312954364,11942
"(0.8814814814814814, 1.0)",1,99.5467107418327,11943
"(0.8653198653198653, 1.0)",1,99.5464853180386,11944
"(0.868077055383557, 1.0)",1,99.5464018432828,11945
"(0.9009287520039462, 1.0)",1,99.54630286340544,11946
"(0.8425483191745751, 1.0)",1,99.54627496595576,11947
"(0.6698155645524068, 1.0)",1,99.54619844093529,11948
"(0.8796475392220073, 1.0)",1,99.54551013191389,11949
"(0.9665831244778612, 1.0)",1,99.5454555346831,11950
"(0.8468951683237397, 1.0)",1,99.54544572187623,11951
"(0.816195709052852, 1.0)",1,99.54522067692756,11952
"(0.7030539311241066, 1.0)",1,99.5450552477798,11953
"(0.8579868984630887, 1.0)",1,99.54489126385178,11954
"(0.8316498316498316, 1.0)",1,99.54473557631452,11955
"(0.8420013166556946, 1.0)",1,99.54465578671518,11956
"(0.9303715638302106, 1.0)",1,99.5440998697149,11957
"(0.9153439153439156, 1.0)",1,99.54403328937435,11958
"(0.7675138481590094, 1.0)",1,99.54387507637936,11959
"(0.8222222222222222, 1.0)",1,99.54387107809993,11960
"(0.9833229101521784, 1.0)",1,99.54381513156228,11961
"(0.9, 1.0)",1,99.54378774782693,11962
"(0.7421018697614443, 1.0)",1,99.54376966331564,11963
"(0.786508365740383, 1.0)",1,99.543732110621,11964
"(0.8425483191745751, 1.0)",1,99.54371593759744,11965
"(0.7675138481590094, 1.0)",1,99.54369606513508,11966
"(0.7532376017916352, 1.0)",1,99.543578543406,11967
"(0.7880931329207191, 1.0)",1,99.54354429992516,11968
"(0.8222222222222222, 1.0)",1,99.54349501318144,11969
"(0.7965746171391332, 1.0)",1,99.54349111525867,11970
"(0.6544644252235129, 1.0)",1,99.54338823475793,11971
"(1.0, 1.0)",2,99.543365559759,11973
"(0.757745166550198, 1.0)",1,99.5433414653795,11974
"(0.8420013166556946, 1.0)",1,99.5432559545554,11975
"(0.8976982097186702, 1.0)",1,99.5432514821012,11976
"(0.8468089381754635, 1.0)",1,99.54320787499174,11977
"(0.7647742788871822, 1.0)",1,99.54315474295144,11978
"(0.9292738197776956, 1.0)",1,99.54307535045008,11979
"(0.6544644252235129, 1.0)",1,99.54303354973035,11980
"(0.8229870141950848, 1.0)",1,99.54285300165049,11981
"(0.7968963105438014, 1.0)",1,99.54284208597495,11982
"(0.9299160159815896, 1.0)",1,99.54281179433956,11983
"(0.9299160159815896, 1.0)",1,99.54279575783974,11984
"(0.9506533178503804, 1.0)",1,99.54274879170038,11985
"(0.8420013166556946, 1.0)",1,99.54274020438646,11986
"(0.8814814814814814, 1.0)",1,99.5427223815721,11987
"(0.9584987529902784, 1.0)",1,99.5427220577123,11988
"(0.7204751921733054, 1.0)",1,99.54269741439552,11989
"(0.7601164382773579, 1.0)",1,99.54265962133402,11990
"(0.7030539311241066, 1.0)",3,99.54259410071936,11993
"(0.9720813204508856, 1.0)",1,99.54253969457932,11994
"(0.5925925925925927, 1.0)",1,99.54249862722264,11995
"(0.7601164382773579, 1.0)",1,99.5422355739804,11996
"(0.9442283950617284, 1.0)",1,99.54223286196532,11997
"(0.81893131227901, 1.0)",1,99.54215047407894,11998
"(0.8976982097186702, 1.0)",1,99.54214265416311,11999
"(0.7090909090909091, 1.0)",1,99.5421319231332,12000
"(0.8796475392220073, 1.0)",1,99.54209993229952,12001
"(0.8374727668845315, 1.0)",1,99.54189451195668,12002
"(0.5910680656443368, 1.0)",1,99.54172138349472,12003
"(0.8976982097186702, 1.0)",1,99.54152068812762,12004
"(0.9300671002153482, 1.0)",1,99.54151723006598,12005
"(0.8976982097186702, 1.0)",1,99.5414859575456,12006
"(0.9027777777777778, 1.0)",1,99.54140931932572,12007
"(0.8065954953750508, 1.0)",1,99.5412246796294,12008
"(0.9665831244778612, 1.0)",1,99.54121058903276,12009
"(0.7601164382773579, 1.0)",1,99.5411375581482,12010
"(1.0, 1.0)",1,99.54112554112554,12011
"(0.6804620726495727, 1.0)",1,99.54110194347857,12012
"(0.81893131227901, 1.0)",1,99.54105686448382,12013
"(0.5910680656443368, 1.0)",2,99.54103679610088,12015
"(0.5910680656443368, 1.0)",1,99.54100701558328,12016
"(0.5910680656443368, 1.0)",2,99.54097410027438,12018
"(0.9833229101521784, 1.0)",1,99.54097410027438,12019
"(0.9326599326599326, 1.0)",1,99.54093365696102,12020
"(0.8653198653198653, 1.0)",2,99.54081984123012,12022
"(0.7083333333333334, 1.0)",1,99.5407894736842,12023
"(0.8997493734335841, 1.0)",1,99.54069221522252,12024
"(0.8880748880748881, 1.0)",2,99.54058964365564,12026
"(0.8222222222222222, 1.0)",1,99.54054307882996,12027
"(0.8312205288949474, 1.0)",1,99.54051929784995,12028
"(0.8536277430109583, 1.0)",1,99.54034198646444,12029
"(0.8137865219658889, 1.0)",1,99.54013371813016,12030
"(0.7344692811916678, 1.0)",1,99.54007849027832,12031
"(0.7545469576719577, 1.0)",2,99.54004372998276,12033
"(0.8633762288330498, 1.0)",1,99.54002773073802,12034
"(0.9161952650324744, 1.0)",1,99.54001971644314,12035
"(0.80285509389987, 1.0)",1,99.5399511771252,12036
"(0.757745166550198, 1.0)",1,99.53993671278032,12037
"(0.7916666666666666, 1.0)",1,99.53980804271502,12038
"(0.7503607503607503, 1.0)",1,99.53980695458604,12039
"(0.8420013166556946, 1.0)",1,99.53941543267446,12040
"(0.8425483191745751, 1.0)",1,99.53941504105435,12041
"(0.893146638589877, 1.0)",2,99.53939992193004,12043
"(0.9441595441595442, 1.0)",1,99.53935973809024,12044
"(0.7612958226768967, 1.0)",1,99.53927668437136,12045
"(0.9009534009534008, 1.0)",1,99.5392376539543,12046
"(0.8374727668845315, 1.0)",1,99.53917922947096,12047
"(0.8736897274633123, 1.0)",1,99.53915922374142,12048
"(0.6784722222222224, 1.0)",1,99.5391332864078,12049
"(0.8885714285714285, 1.0)",1,99.53909492415131,12050
"(0.8976982097186702, 1.0)",1,99.53896805098852,12051
"(0.7532376017916352, 1.0)",1,99.53893879820498,12052
"(0.9297812306740878, 1.0)",1,99.5389262523191,12053
"(0.9833229101521784, 1.0)",5,99.53887846570774,12058
"(0.7479743867590829, 1.0)",2,99.53884101710284,12060
"(0.9666562434855118, 1.0)",1,99.5387176019506,12061
"(0.7164894725870335, 1.0)",2,99.53871169480924,12063
"(0.6733821733821733, 1.0)",1,99.53870203870204,12064
"(0.6733821733821733, 1.0)",1,99.53869481918262,12065
"(0.8997493734335841, 1.0)",1,99.5386919910996,12066
"(0.844988344988345, 1.0)",1,99.53864662505036,12067
"(0.8420013166556946, 1.0)",1,99.53859389532728,12068
"(0.859499940327008, 1.0)",2,99.53857616883134,12070
"(0.8432903075760217, 1.0)",1,99.53836881718294,12071
"(0.6907243513029603, 1.0)",1,99.5383278024494,12072
"(0.7802197802197803, 1.0)",1,99.53820393968758,12073
"(0.6784722222222224, 1.0)",1,99.53803705059347,12074
"(0.861111111111111, 1.0)",1,99.53794513277272,12075
"(0.7183489076634237, 1.0)",2,99.53788757963764,12077
"(0.6779618620193896, 1.0)",1,99.53788023328278,12078
"(0.8635976129582268, 1.0)",1,99.53783193861632,12079
"(0.861111111111111, 1.0)",1,99.53780284043442,12080
"(0.6760835913312693, 1.0)",1,99.53771589117804,12081
"(0.7069597069597069, 1.0)",1,99.53764753764752,12082
"(0.8165520116739629, 1.0)",1,99.53760873273067,12083
"(0.8040695048423352, 1.0)",1,99.53756047287064,12084
"(0.9665831244778612, 1.0)",1,99.5375244417304,12085
"(0.859499940327008, 1.0)",1,99.53751668922364,12086
"(0.8832603710652491, 1.0)",2,99.53746835479268,12088
"(0.9166145507608924, 1.0)",1,99.53740565896618,12089
"(0.799275702501509, 1.0)",1,99.53726334838387,12090
"(0.7183489076634237, 1.0)",1,99.53711433767324,12091
"(0.9161952650324744, 1.0)",1,99.53704906906428,12092
"(0.8312205288949474, 1.0)",1,99.5370225161584,12093
"(0.8165509259259259, 1.0)",1,99.53694049161184,12094
"(0.6760835913312693, 1.0)",2,99.53687802406412,12096
"(0.8449978636391381, 1.0)",1,99.5368406550758,12097
"(0.861111111111111, 1.0)",1,99.53678514467988,12098
"(0.7198480531813864, 1.0)",1,99.53675559108017,12099
"(0.8296970789758384, 1.0)",1,99.5367178677089,12100
"(0.9497171590194846, 1.0)",1,99.53658507540683,12101
"(0.73687720936437, 1.0)",1,99.53637516810048,12102
"(0.7183489076634237, 1.0)",1,99.53614165498888,12103
"(0.7183489076634237, 1.0)",1,99.53610960603172,12104
"(0.7511111111111111, 1.0)",2,99.5361018148175,12106
"(0.786508365740383, 1.0)",1,99.53609651134244,12107
"(0.6698155645524068, 1.0)",2,99.5360218826798,12109
"(0.8425483191745751, 1.0)",2,99.53575927729206,12111
"(0.6698155645524068, 1.0)",2,99.53570444199455,12113
"(0.8420013166556946, 1.0)",1,99.53560782676904,12114
"(0.8266173510466989, 1.0)",1,99.53549574531128,12115
"(0.7944219523166891, 1.0)",1,99.53549002901906,12116
"(0.7077308656256025, 1.0)",1,99.53548779704109,12117
"(0.7075023741690408, 1.0)",1,99.5352593055845,12118
"(0.7416325017951034, 1.0)",1,99.53524729981196,12119
"(0.8796475392220073, 1.0)",1,99.53506643529133,12120
"(0.7030539311241066, 1.0)",1,99.53501961674831,12121
"(0.8319340617212959, 1.0)",1,99.53498307988296,12122
"(0.9665831244778612, 1.0)",1,99.53491077548654,12123
"(0.9008627640703112, 1.0)",1,99.53489045057316,12124
"(0.9833229101521784, 1.0)",1,99.53486208905102,12125
"(0.7734344933751168, 1.0)",1,99.5345039117616,12126
"(0.776488287126585, 1.0)",1,99.5344724465944,12127
"(0.8420013166556946, 1.0)",4,99.53441513589878,12131
"(0.7880931329207191, 1.0)",1,99.53427600466208,12132
"(0.861111111111111, 1.0)",1,99.53420019300523,12133
"(0.8312205288949474, 1.0)",1,99.53418512485244,12134
"(0.8420013166556946, 1.0)",1,99.53400871868278,12135
"(0.868077055383557, 1.0)",2,99.53393964807542,12137
"(0.8016677935542034, 1.0)",1,99.5338659182901,12138
"(0.9008025849489264, 1.0)",1,99.5338646020931,12139
"(0.8796475392220073, 1.0)",3,99.53385552294944,12142
"(0.7713401051412279, 1.0)",1,99.53373134513028,12143
"(0.9497171590194846, 1.0)",1,99.5337147476452,12144
"(0.617513611615245, 1.0)",1,99.53370887664772,12145
"(0.7416325017951034, 1.0)",1,99.53340186745255,12146
"(0.7278086237149632, 1.0)",1,99.53336331849891,12147
"(0.799275702501509, 1.0)",1,99.53334309382178,12148
"(0.9008627640703112, 1.0)",1,99.5332519689952,12149
"(0.8633762288330498, 1.0)",1,99.53319179338546,12150
"(0.6825396825396824, 1.0)",1,99.53287322433664,12151
"(0.799275702501509, 1.0)",1,99.53255613623124,12152
"(0.6825396825396824, 1.0)",1,99.5324875666339,12153
"(0.8319340617212959, 1.0)",2,99.53235273003916,12155
"(0.8651903651903651, 1.0)",1,99.53232350178844,12156
"(0.7880931329207191, 1.0)",1,99.53229696879146,12157
"(0.6825396825396824, 1.0)",2,99.5322577864298,12159
"(0.799275702501509, 1.0)",1,99.53221232799268,12160
"(0.6825396825396824, 1.0)",1,99.53219509060332,12161
"(0.9161952650324744, 1.0)",1,99.53218219698309,12162
"(0.7503607503607503, 1.0)",1,99.53217216007914,12163
"(0.7979797979797979, 1.0)",1,99.5320728654062,12164
"(0.799275702501509, 1.0)",1,99.5317876160147,12165
"(0.7574146783449108, 1.0)",1,99.53161820579771,12166
"(0.7802197802197803, 1.0)",1,99.53160473279348,12167
"(0.9326599326599326, 1.0)",1,99.53146789307976,12168
"(0.6825396825396824, 1.0)",1,99.53140516978772,12169
"(0.8467532467532467, 1.0)",1,99.53139504836906,12170
"(0.8222222222222222, 1.0)",1,99.53131313131314,12171
"(0.7090909090909091, 1.0)",2,99.53131313131314,12173
"(0.8316498316498316, 1.0)",1,99.53126930074332,12174
"(0.9720813204508856, 1.0)",1,99.5309783067543,12175
"(0.7675138481590094, 1.0)",2,99.53092544899984,12177
"(0.9833229101521784, 1.0)",3,99.53066828508376,12180
"(0.861111111111111, 1.0)",1,99.53065656114435,12181
"(0.8468951683237397, 1.0)",1,99.53064331291912,12182
"(0.8814814814814814, 1.0)",1,99.53060428849903,12183
"(0.7503607503607503, 1.0)",1,99.53058053058052,12184
"(0.8813080639167598, 1.0)",1,99.53051230794858,12185
"(0.6544644252235129, 1.0)",1,99.53041941835689,12186
"(0.9, 1.0)",1,99.53036241741049,12187
"(0.8101143854687974, 1.0)",1,99.5302983633606,12188
"(0.9666562434855118, 1.0)",1,99.53011825247248,12189
"(0.8467532467532467, 1.0)",1,99.53008416354672,12190
"(0.8976982097186702, 1.0)",4,99.52995505127784,12194
"(1.0, 1.0)",1,99.52993611922896,12195
"(0.8374727668845315, 1.0)",2,99.52988658612762,12197
"(0.8137865219658889, 1.0)",1,99.52973481942894,12198
"(0.7416325017951034, 1.0)",2,99.52972563471582,12200
"(0.7075023741690408, 1.0)",1,99.52972459639126,12201
"(0.6815232656375146, 1.0)",1,99.52962944401028,12202
"(0.8222222222222222, 1.0)",1,99.5296266928597,12203
"(0.9583930063253372, 1.0)",1,99.5296247560028,12204
"(0.8976982097186702, 1.0)",1,99.52948948686374,12205
"(0.8796475392220073, 1.0)",1,99.52940764931589,12206
"(0.6544644252235129, 1.0)",1,99.52923475754145,12207
"(0.8432903075760217, 1.0)",1,99.52913121794158,12208
"(0.9497171590194848, 1.0)",1,99.5288055753172,12209
"(0.8796475392220073, 1.0)",1,99.52879964619422,12210
"(0.7532376017916352, 1.0)",1,99.52878723075489,12211
"(0.8848000715856217, 1.0)",1,99.52875819204957,12212
"(0.8633762288330498, 1.0)",1,99.52868309268506,12213
"(0.916104916104916, 1.0)",1,99.52868279164366,12214
"(0.9008025849489264, 1.0)",1,99.5284744851497,12215
"(0.9497171590194846, 1.0)",2,99.52847173777404,12217
"(0.9442283950617284, 1.0)",1,99.52836260677743,12218
"(0.738145558145558, 1.0)",1,99.52821654542986,12219
"(0.930124456440246, 1.0)",1,99.52803914212716,12220
"(0.7340930674264007, 1.0)",1,99.52786411119745,12221
"(0.8976982097186702, 1.0)",1,99.52783353823654,12222
"(0.8040695048423352, 1.0)",1,99.52779717206894,12223
"(0.6804620726495727, 1.0)",1,99.52771318742413,12224
"(0.6521663785997688, 1.0)",1,99.52768447350644,12225
"(0.6804620726495727, 1.0)",1,99.52762419149398,12226
"(0.844988344988345, 1.0)",1,99.52752802752804,12227
"(0.7372334455667788, 1.0)",1,99.52731708469916,12228
"(0.8880748880748881, 1.0)",1,99.5272222294794,12229
"(0.8997493734335841, 1.0)",1,99.52686003141268,12230
"(0.8845578466141503, 1.0)",1,99.52668867573684,12231
"(0.9833229101521784, 1.0)",1,99.52668846991118,12232
"(0.9161952650324744, 1.0)",1,99.52666028851164,12233
"(0.9297812306740878, 1.0)",2,99.52661833192296,12235
"(0.9833229101521784, 1.0)",1,99.52661618956014,12236
"(0.8796475392220073, 1.0)",3,99.5264886208457,12239
"(0.9165164082221422, 1.0)",2,99.5263315526122,12241
"(0.8312205288949474, 1.0)",1,99.5261866771866,12242
"(0.9499358151476252, 1.0)",1,99.52603842639834,12243
"(0.934122934122934, 1.0)",1,99.52592052822148,12244
"(0.7030539311241066, 1.0)",1,99.52591701087152,12245
"(0.9584987529902784, 1.0)",1,99.52591067593352,12246
"(0.81893131227901, 1.0)",1,99.5256781129252,12247
"(0.8476190476190477, 1.0)",1,99.52562535353232,12248
"(0.6521663785997688, 1.0)",1,99.52548343172224,12249
"(1.0, 1.0)",1,99.52535468538191,12250
"(0.7090909090909091, 1.0)",1,99.5253294416324,12251
"(0.9581458989353726, 1.0)",1,99.52531990901193,12252
"(0.5910680656443368, 1.0)",1,99.5250442936469,12253
"(0.7090909090909091, 1.0)",1,99.52500499073028,12254
"(0.8796475392220073, 1.0)",1,99.52499493282724,12255
"(0.8547756205106323, 1.0)",2,99.52484286606906,12257
"(0.8329050741331443, 1.0)",1,99.52468543004842,12258
"(0.7183489076634237, 1.0)",1,99.52466740859552,12259
"(0.6804620726495727, 1.0)",1,99.52465121749604,12260
"(0.8222222222222222, 1.0)",1,99.5245882000599,12261
"(0.8420013166556946, 1.0)",1,99.52454099919538,12262
"(0.7183489076634237, 1.0)",1,99.52453666751576,12263
"(0.8420013166556946, 1.0)",1,99.52450807502,12264
"(0.8468089381754635, 1.0)",1,99.5244712379474,12265
"(0.9169719169719168, 1.0)",1,99.52443518741224,12266
"(0.80285509389987, 1.0)",1,99.52433524940692,12267
"(0.9833229101521784, 1.0)",1,99.52432992573546,12268
"(0.7479743867590829, 1.0)",1,99.52430466274885,12269
"(0.8732774170274171, 1.0)",1,99.52430075958604,12270
"(0.859499940327008, 1.0)",1,99.52428111254444,12271
"(0.9497171590194848, 1.0)",1,99.524108134816,12272
"(0.9333333333333332, 1.0)",1,99.52380360504836,12273
"(0.9303715638302106, 1.0)",1,99.52378550843017,12274
"(0.6733821733821733, 1.0)",1,99.52370658680309,12275
"(0.6760835913312693, 1.0)",1,99.52350337810196,12276
"(0.6638632083547339, 1.0)",1,99.5233817467796,12277
"(0.7042648709315374, 1.0)",1,99.52336198369406,12278
"(0.9166145507608924, 1.0)",1,99.52332499794306,12279
"(0.9303715638302106, 1.0)",1,99.52321063629913,12280
"(0.6760835913312693, 1.0)",1,99.5231750157205,12281
"(0.8547756205106323, 1.0)",1,99.5231040107727,12282
"(0.8976982097186702, 1.0)",1,99.52308940230692,12283
"(0.8222222222222222, 1.0)",1,99.52296110995296,12284
"(0.8976982097186702, 1.0)",1,99.52277196162169,12285
"(0.5910680656443368, 1.0)",2,99.522645133353,12287
"(0.7075023741690408, 1.0)",1,99.52260997188532,12288
"(0.7030539311241066, 1.0)",2,99.52258824891626,12290
"(0.9166145507608924, 1.0)",1,99.52256356628438,12291
"(0.6747507742934573, 1.0)",1,99.5225546097835,12292
"(0.7077308656256025, 1.0)",1,99.52254568044042,12293
"(0.808446455505279, 1.0)",1,99.522520958478,12294
"(0.8374727668845315, 1.0)",1,99.52243944379664,12295
"(0.6760835913312693, 1.0)",1,99.52241356363396,12296
"(0.9436368312757202, 1.0)",2,99.52240243535184,12298
"(0.8310777799491891, 1.0)",1,99.5223913646536,12299
"(0.7944219523166891, 1.0)",1,99.52234047849304,12300
"(0.9833229101521784, 1.0)",5,99.52220137585992,12305
"(1.0, 1.0)",1,99.52220137585992,12306
"(0.8165509259259259, 1.0)",1,99.52218149518453,12307
"(0.8053381731676306, 1.0)",1,99.52214640163318,12308
"(1.0, 1.0)",3,99.5221386800334,12311
"(0.9665831244778612, 1.0)",2,99.5221386800334,12313
"(0.8884778134778135, 1.0)",1,99.52210425988947,12314
"(0.9833229101521784, 1.0)",1,99.52204344887272,12315
"(0.572027972027972, 1.0)",1,99.521934006658,12316
"(0.8811945374355704, 1.0)",1,99.52193089808712,12317
"(0.8222222222222222, 1.0)",1,99.5219299029312,12318
"(0.8579868984630887, 1.0)",1,99.52192395472392,12319
"(0.9018806250259218, 1.0)",1,99.521812706833,12320
"(0.7940388012109323, 1.0)",1,99.52179945423217,12321
"(0.8229870141950848, 1.0)",1,99.52179623931028,12322
"(0.7673678366541239, 1.0)",1,99.5217950869812,12323
"(0.7222222222222221, 1.0)",1,99.52178366491589,12324
"(0.6784722222222224, 1.0)",2,99.52177431809936,12326
"(0.8053381731676306, 1.0)",1,99.5215484928686,12327
"(0.8374727668845315, 1.0)",1,99.52153456476746,12328
"(0.861111111111111, 1.0)",1,99.52148777148776,12329
"(0.8471527473990528, 1.0)",1,99.5214649934728,12330
"(0.799275702501509, 1.0)",1,99.52145623199912,12331
"(0.7880931329207191, 1.0)",1,99.52139355094512,12332
"(0.9003556829643787, 1.0)",1,99.52114679116968,12333
"(1.0, 1.0)",1,99.52094969094502,12334
"(0.8471527473990528, 1.0)",1,99.52093661274496,12335
"(0.7090909090909091, 1.0)",2,99.52093515542563,12337
"(0.6179693015417549, 1.0)",1,99.5208793571962,12338
"(0.757745166550198, 1.0)",1,99.52087373635646,12339
"(0.7030539311241066, 1.0)",2,99.52051424858442,12341
"(0.8222222222222222, 1.0)",1,99.52013032372469,12342
"(0.861111111111111, 1.0)",1,99.52010805483206,12343
"(0.6703030303030302, 1.0)",1,99.52008383001964,12344
"(0.8040695048423352, 1.0)",1,99.52001910335946,12345
"(0.8108747044917257, 1.0)",1,99.51996561358264,12346
"(0.840915911819273, 1.0)",1,99.51996452011647,12347
"(0.7090909090909091, 1.0)",1,99.5199191792215,12348
"(0.8016677935542034, 1.0)",1,99.5198874420428,12349
"(0.8887202421952387, 1.0)",1,99.51984260657352,12350
"(0.6886904761904762, 1.0)",1,99.51981965693447,12351
"(0.8374727668845315, 1.0)",1,99.51957105622526,12352
"(0.6698155645524068, 1.0)",1,99.51953366844252,12353
"(0.8633762288330498, 1.0)",1,99.5194600965202,12354
"(0.8247905643738976, 1.0)",1,99.51941329904358,12355
"(0.8016677935542034, 1.0)",1,99.51931842992052,12356
"(0.6636745887678723, 1.0)",1,99.51928352234886,12357
"(0.73687720936437, 1.0)",1,99.51925524591442,12358
"(0.8552744708994707, 1.0)",1,99.5192011792886,12359
"(0.8016677935542034, 1.0)",1,99.51908377113278,12360
"(0.6886904761904762, 1.0)",1,99.5190475316515,12361
"(0.7944219523166891, 1.0)",1,99.51875024334475,12362
"(0.8653198653198653, 1.0)",1,99.51872133443618,12363
"(0.816195709052852, 1.0)",1,99.51856168689054,12364
"(0.9326599326599326, 1.0)",1,99.51835714073135,12365
"(0.8848000715856217, 1.0)",1,99.51814535248138,12366
"(0.7060994560994561, 1.0)",1,99.51814514282556,12367
"(0.8040695048423352, 1.0)",1,99.51806410000292,12368
"(0.8880984643179766, 1.0)",1,99.51789183222726,12369
"(0.9665831244778612, 1.0)",5,99.51777507707536,12374
"(0.7090909090909091, 1.0)",1,99.51773804605097,12375
"(0.8420013166556946, 1.0)",1,99.51773804605097,12376
"(0.7121693121693121, 1.0)",1,99.51771444454371,12377
"(0.808446455505279, 1.0)",1,99.5175373645962,12378
"(0.930704099821747, 1.0)",1,99.51747902080736,12379
"(0.9295946890286512, 1.0)",1,99.51738374936257,12380
"(0.9442283950617284, 1.0)",1,99.51734505101312,12381
"(0.9833229101521784, 1.0)",1,99.51732786504375,12382
"(0.7030539311241066, 1.0)",1,99.51727240491704,12383
"(0.868077055383557, 1.0)",1,99.5172625582276,12384
"(0.868077055383557, 1.0)",1,99.5171998624011,12385
"(0.8294970161977834, 1.0)",1,99.5168959020828,12386
"(0.5502402432393444, 1.0)",1,99.5168233677172,12387
"(0.7574146783449108, 1.0)",1,99.51659792307107,12388
"(0.8976982097186702, 1.0)",1,99.51654312252748,12389
"(0.7077308656256025, 1.0)",1,99.51631530675915,12390
"(0.8468951683237397, 1.0)",1,99.51601963498295,12391
"(0.7344692811916678, 1.0)",1,99.51599105392307,12392
"(0.6666173934466618, 1.0)",1,99.5157664852145,12393
"(0.9161952650324744, 1.0)",1,99.51554651257908,12394
"(0.7786375661375661, 1.0)",1,99.51553507468311,12395
"(0.7277677677677677, 1.0)",1,99.51550051995363,12396
"(0.9445235834124724, 1.0)",2,99.51549803503455,12398
"(0.8247905643738976, 1.0)",1,99.51545290792345,12399
"(0.9169719169719168, 1.0)",1,99.51545096846766,12400
"(0.8796475392220073, 1.0)",1,99.51536182493628,12401
"(0.8997493734335841, 1.0)",1,99.51523033172136,12402
"(0.9442283950617284, 1.0)",1,99.51514281468307,12403
"(0.6825396825396824, 1.0)",1,99.5150116844597,12404
"(0.738145558145558, 1.0)",1,99.51489742555918,12405
"(0.6825396825396824, 1.0)",1,99.51488529537308,12406
"(0.9583930063253372, 1.0)",1,99.51483793116364,12407
"(0.7944920440636475, 1.0)",1,99.51477118751146,12408
"(0.9161952650324744, 1.0)",1,99.5147310736667,12409
"(0.8222222222222222, 1.0)",1,99.51463604146532,12410
"(0.80285509389987, 1.0)",1,99.5144875928902,12411
"(0.933249791144528, 1.0)",1,99.5144393231366,12412
"(0.7503607503607503, 1.0)",1,99.51434744117672,12413
"(0.861111111111111, 1.0)",2,99.51424958581568,12415
"(0.9300671002153482, 1.0)",1,99.5142295316622,12416
"(0.9497171590194846, 1.0)",1,99.51413476081365,12417
"(0.8070855614973262, 1.0)",1,99.51397132475287,12418
"(0.6804620726495727, 1.0)",1,99.51395119706297,12419
"(1.0, 1.0)",1,99.51392849940945,12420
"(0.9665831244778612, 1.0)",3,99.51392849940945,12423
"(0.8814814814814814, 1.0)",1,99.5139271986512,12424
"(0.9027777777777778, 1.0)",1,99.51386597107924,12425
"(0.9162596992611264, 1.0)",1,99.51371693493964,12426
"(0.8312205288949474, 1.0)",1,99.51360492908024,12427
"(0.8137865219658889, 1.0)",1,99.51357790160324,12428
"(0.9497171590194846, 1.0)",1,99.51356319512873,12429
"(0.8976982097186702, 1.0)",1,99.51349975234947,12430
"(0.8137865219658889, 1.0)",1,99.51341066048604,12431
"(0.9497171590194848, 1.0)",1,99.51338003530424,12432
"(1.0, 1.0)",1,99.51322314519626,12433
"(0.8374727668845315, 1.0)",1,99.5132094962798,12434
"(0.8329156223893065, 1.0)",1,99.51310693974612,12435
"(0.9009534009534008, 1.0)",1,99.51300528822163,12436
"(0.8425483191745751, 1.0)",1,99.51297619071832,12437
"(0.6378166586499919, 1.0)",1,99.51286692353077,12438
"(0.6831352928913905, 1.0)",1,99.51275156256992,12439
"(0.8676532769556025, 1.0)",2,99.5125484214836,12441
"(0.8101143854687974, 1.0)",1,99.51235374918409,12442
"(0.816195709052852, 1.0)",1,99.51226986829585,12443
"(0.7601164382773579, 1.0)",1,99.51219539567172,12444
"(0.9299160159815896, 1.0)",1,99.51215453368718,12445
"(0.8653198653198653, 1.0)",1,99.5120602309306,12446
"(0.8976982097186702, 1.0)",1,99.511927584749,12447
"(0.8247905643738976, 1.0)",1,99.51186187475707,12448
"(0.7479743867590829, 1.0)",1,99.51178891830888,12449
"(0.9958292603453894, 0.9958292603453894)",1,99.51178067248286,12450
"(0.8137865219658889, 1.0)",1,99.5117622291814,12451
"(0.9165164082221422, 1.0)",1,99.51171480166248,12452
"(0.7601164382773579, 1.0)",1,99.5116902664616,12453
"(0.8976982097186702, 1.0)",1,99.51167347515482,12454
"(0.861111111111111, 1.0)",1,99.51166321601104,12455
"(0.7574146783449108, 1.0)",1,99.5116374147857,12456
"(0.7121693121693121, 1.0)",1,99.51145723397568,12457
"(0.9326599326599326, 1.0)",1,99.51141451141451,12458
"(0.80285509389987, 1.0)",1,99.51128376288756,12459
"(0.816195709052852, 1.0)",1,99.51111030367484,12460
"(0.9192093318943212, 1.0)",1,99.5110940009719,12461
"(0.7183489076634237, 1.0)",1,99.51102926915844,12462
"(0.7574146783449108, 1.0)",1,99.51102033342526,12463
"(0.9161952650324744, 1.0)",1,99.51096219091232,12464
"(0.7090909090909091, 1.0)",1,99.51075870264512,12465
"(0.8884778134778135, 1.0)",1,99.5107556836016,12466
"(0.9165164082221422, 1.0)",1,99.51072706368782,12467
"(0.776488287126585, 1.0)",1,99.51058135455298,12468
"(0.7340324228911184, 1.0)",1,99.5105317975757,12469
"(0.8300265307680562, 1.0)",1,99.51045872868012,12470
"(0.786508365740383, 1.0)",1,99.51043906741126,12471
"(0.6907243513029603, 1.0)",1,99.51027679312604,12472
"(1.0, 1.0)",1,99.50994868423686,12473
"(0.9665831244778612, 1.0)",3,99.50994868423686,12476
"(0.7090909090909091, 1.0)",1,99.50992935562896,12477
"(0.8653198653198653, 1.0)",1,99.50988828053906,12478
"(0.8468951683237397, 1.0)",1,99.5098372849244,12479
"(0.8796475392220073, 1.0)",1,99.50981153099788,12480
"(0.7183489076634237, 1.0)",1,99.50976100391424,12481
"(0.7944219523166891, 1.0)",1,99.5095910893317,12482
"(0.6760835913312693, 1.0)",1,99.50955788965048,12483
"(0.7077308656256025, 1.0)",1,99.5093986591798,12484
"(0.6521663785997688, 1.0)",1,99.50937778602152,12485
"(0.7204751921733054, 1.0)",1,99.50928053887338,12486
"(0.6760835913312693, 1.0)",1,99.5091726326158,12487
"(0.8222222222222222, 1.0)",1,99.50917221770835,12488
"(0.7075023741690408, 1.0)",2,99.50917016772324,12490
"(0.882673371045464, 1.0)",1,99.50912381496512,12491
"(0.7673678366541239, 1.0)",1,99.50894404374807,12492
"(0.8832603710652491, 1.0)",1,99.50883752793868,12493
"(0.6638632083547339, 1.0)",1,99.50881277658328,12494
"(0.7090909090909091, 1.0)",1,99.50871504761108,12495
"(0.9331662489557224, 1.0)",1,99.50858672648218,12496
"(0.7511111111111111, 1.0)",1,99.50845634311072,12497
"(0.7183489076634237, 1.0)",1,99.50842187309294,12498
"(0.9442283950617284, 1.0)",1,99.5083532708227,12499
"(0.786508365740383, 1.0)",1,99.50828271631178,12500
"(0.8796475392220073, 1.0)",1,99.50819354364543,12501
"(0.8703703703703703, 1.0)",1,99.50790126424998,12502
"(0.6825396825396824, 1.0)",1,99.50786390934756,12503
"(0.6760835913312693, 1.0)",1,99.50785958337042,12504
"(0.8813080639167598, 1.0)",1,99.50783721077111,12505
"(0.8425483191745751, 1.0)",1,99.50780035148163,12506
"(0.7673678366541239, 1.0)",1,99.50776956021184,12507
"(0.9161952650324744, 1.0)",1,99.50772920365924,12508
"(0.7340324228911184, 1.0)",1,99.50771527771984,12509
"(0.9665831244778612, 1.0)",1,99.5077086656034,12510
"(0.7344692811916678, 1.0)",1,99.50763397131108,12511
"(0.9833040078201368, 0.9958292603453894)",1,99.50755213424564,12512
"(0.7734344933751168, 1.0)",1,99.50752756080152,12513
"(0.9008627640703112, 1.0)",1,99.50740782250476,12514
"(0.7994987468671678, 1.0)",1,99.5071499480474,12515
"(0.9333333333333332, 1.0)",1,99.50712651520053,12516
"(0.8349489264123411, 1.0)",1,99.50707734000416,12517
"(0.786508365740383, 1.0)",1,99.50697830192756,12518
"(0.6179693015417549, 1.0)",1,99.50688746505476,12519
"(0.8054298642533937, 1.0)",1,99.50679589097606,12520
"(0.786508365740383, 1.0)",1,99.50678442860332,12521
"(0.8247905643738976, 1.0)",1,99.50673127842956,12522
"(0.8796475392220073, 1.0)",1,99.50662056619504,12523
"(0.9161952650324744, 1.0)",1,99.506602840921,12524
"(0.8372053872053872, 1.0)",2,99.50648464120864,12526
"(0.8222222222222222, 1.0)",1,99.50628402010516,12527
"(0.6907243513029603, 1.0)",1,99.50611285995588,12528
"(0.6907243513029603, 1.0)",1,99.50596593697684,12529
"(0.8247905643738976, 1.0)",1,99.50586526195984,12530
"(0.8222222222222222, 1.0)",1,99.50579528872213,12531
"(0.7278086237149632, 1.0)",1,99.5057633984,12532
"(0.9441792447111594, 1.0)",1,99.50568811163429,12533
"(0.9833229101521784, 1.0)",2,99.50552428601208,12535
"(0.5555555555555555, 1.0)",2,99.50552428601208,12537
"(0.7030539311241066, 1.0)",1,99.5055122335824,12538
"(0.9665831244778612, 1.0)",6,99.5054615901856,12544
"(0.9833229101521784, 1.0)",1,99.5054615901856,12545
"(1.0, 1.0)",1,99.5054615901856,12546
"(0.5555555555555555, 1.0)",1,99.5054615901856,12547
"(0.9499687304565352, 1.0)",1,99.5053529990738,12548
"(0.9665831244778612, 1.0)",1,99.5053036631984,12549
"(0.9584987529902784, 1.0)",1,99.50529756007064,12550
"(0.7961989230281913, 1.0)",1,99.5052898321191,12551
"(1.0, 1.0)",2,99.50527271457504,12553
"(0.9497171590194846, 1.0)",1,99.50527271457504,12554
"(0.5555555555555555, 1.0)",1,99.50527271457504,12555
"(0.9497171590194848, 1.0)",3,99.50527271457504,12558
"(0.8813080639167598, 1.0)",1,99.5051980796932,12559
"(0.8796475392220073, 1.0)",1,99.5050624766574,12560
"(0.8158879904162925, 1.0)",1,99.50505044645728,12561
"(0.8676532769556025, 1.0)",1,99.50498750346269,12562
"(0.7903875985986362, 1.0)",1,99.50494594885608,12563
"(0.8490208544183524, 1.0)",1,99.50443378761256,12564
"(0.8266173510466989, 1.0)",1,99.50403416842316,12565
"(0.7030539311241066, 1.0)",1,99.5038371587366,12566
"(0.7965746171391332, 1.0)",1,99.50360946400448,12567
"(1.0, 1.0)",1,99.50350291405756,12568
"(0.8796475392220073, 1.0)",1,99.50347199063266,12569
"(0.808446455505279, 1.0)",1,99.50338142270344,12570
"(0.8468951683237397, 1.0)",1,99.50334398266727,12571
"(0.8374727668845315, 1.0)",1,99.5033353595764,12572
"(0.7090909090909091, 1.0)",1,99.5032885237348,12573
"(0.73687720936437, 1.0)",1,99.50322976550706,12574
"(0.7277677677677677, 1.0)",1,99.50292277168776,12575
"(0.7574146783449108, 1.0)",1,99.50285913312813,12576
"(0.6698155645524068, 1.0)",1,99.5027938827682,12577
"(0.8177442148030384, 1.0)",1,99.50277358754164,12578
"(0.6698155645524068, 1.0)",1,99.50273118694172,12579
"(0.73687720936437, 1.0)",1,99.50264085189308,12580
"(0.7372334455667788, 1.0)",1,99.50263033823852,12581
"(0.6703030303030302, 1.0)",1,99.50251922971628,12582
"(0.9009534009534008, 1.0)",1,99.50249499868583,12583
"(0.7077308656256025, 1.0)",1,99.50248271450737,12584
"(0.7574146783449108, 1.0)",1,99.50242457335492,12585
"(0.8796475392220073, 1.0)",1,99.5023332293769,12586
"(0.8065954953750508, 1.0)",1,99.5023125660722,12587
"(0.9153439153439152, 1.0)",2,99.50221183173127,12589
"(0.7090909090909091, 1.0)",1,99.50206292245768,12590
"(0.73687720936437, 1.0)",1,99.5020019244249,12591
"(0.8229870141950848, 1.0)",1,99.50197047713004,12592
"(0.8229870141950848, 1.0)",1,99.5019349410479,12593
"(0.8468951683237397, 1.0)",1,99.50190398064964,12594
"(0.8848000715856217, 1.0)",1,99.5016875375959,12595
"(0.868077055383557, 1.0)",1,99.50153400749252,12596
"(0.8420013166556946, 1.0)",2,99.50146295077172,12598
"(0.80285509389987, 1.0)",1,99.50128356365688,12599
"(0.9833229101521784, 1.0)",1,99.5012694280987,12600
"(0.6544644252235129, 1.0)",1,99.5011875837136,12601
"(0.7077308656256025, 1.0)",1,99.50117431522165,12602
"(0.9665831244778612, 1.0)",3,99.50109798722752,12605
"(0.9331662489557228, 1.0)",1,99.50109216803602,12606
"(0.9008025849489264, 1.0)",1,99.50100809664352,12607
"(0.6521663785997688, 1.0)",1,99.5009878352361,12608
"(0.7552298585410389, 1.0)",1,99.50086465554638,12609
"(0.808446455505279, 1.0)",1,99.50086027474836,12610
"(0.6177248677248677, 1.0)",1,99.50085984713712,12611
"(0.6544644252235129, 1.0)",2,99.50085476302596,12613
"(0.6544644252235129, 1.0)",2,99.5008282938198,12615
"(0.8374727668845315, 1.0)",1,99.50076483069007,12616
"(0.8177442148030384, 1.0)",1,99.50075395930187,12617
"(0.9, 1.0)",1,99.50069049035226,12618
"(0.8177442148030384, 1.0)",1,99.5006904753443,12619
"(0.8468951683237397, 1.0)",1,99.50066407737236,12620
"(0.8813080639167598, 1.0)",1,99.50047740350136,12621
"(0.7532376017916352, 1.0)",1,99.50047378327474,12622
"(0.8222222222222222, 1.0)",1,99.5003517672433,12623
"(0.6825396825396824, 1.0)",1,99.50028391235068,12624
"(0.6804620726495727, 1.0)",1,99.50015421598152,12625
"(0.5502402432393444, 1.0)",1,99.5001462778694,12626
"(0.9833229101521784, 1.0)",1,99.50002198484992,12627
"(0.8101143854687974, 1.0)",1,99.50001668093644,12628
"(0.9164652836623464, 1.0)",1,99.49989870375776,12629
"(0.9008025849489264, 1.0)",1,99.4998314265965,12630
"(0.7421018697614443, 1.0)",1,99.499683132366,12631
"(0.9008025849489264, 1.0)",1,99.49961054536875,12632
"(0.8848000715856217, 1.0)",1,99.49954797980853,12633
"(0.8420013166556946, 1.0)",1,99.49952004017332,12634
"(0.9303715638302106, 1.0)",1,99.49936778637944,12635
"(0.6664472240509107, 1.0)",1,99.4991350041071,12636
"(0.6825396825396824, 1.0)",1,99.49894529945878,12637
"(0.73687720936437, 1.0)",1,99.49879457470676,12638
"(0.9528959415746864, 1.0)",1,99.49866342365418,12639
"(0.861111111111111, 1.0)",4,99.49864200499071,12643
"(0.7880931329207191, 1.0)",1,99.4981888971464,12644
"(0.7632275132275131, 1.0)",1,99.4981517360825,12645
"(1.0, 1.0)",1,99.49799869278196,12646
"(0.7734344933751168, 1.0)",1,99.49782548022966,12647
"(0.7673678366541239, 1.0)",1,99.49769017066347,12648
"(0.6521663785997688, 1.0)",1,99.49767358816844,12649
"(0.9833229101521784, 1.0)",1,99.49763575779836,12650
"(0.8547756205106323, 1.0)",1,99.4974676667295,12651
"(0.7479743867590829, 1.0)",1,99.49738720212434,12652
"(0.7183489076634237, 1.0)",1,99.49727958014506,12653
"(0.8468089381754635, 1.0)",1,99.49725332769412,12654
"(0.6378166586499919, 1.0)",2,99.49717619531216,12656
"(0.6784722222222224, 1.0)",1,99.4970466811706,12657
"(0.5807100687237674, 1.0)",1,99.49691558458622,12658
"(0.6760835913312693, 1.0)",1,99.49660153507504,12659
"(0.9584987529902784, 1.0)",1,99.49658220509296,12660
"(0.799275702501509, 1.0)",2,99.49653535491385,12662
"(0.8736897274633123, 1.0)",1,99.4965299665868,12663
"(0.7030539311241066, 1.0)",1,99.49649738072011,12664
"(0.6804620726495727, 1.0)",5,99.49639316771068,12669
"(0.9506533178503804, 1.0)",1,99.49616344976424,12670
"(0.9018806250259218, 1.0)",1,99.49599652374708,12671
"(0.9166145507608924, 1.0)",1,99.49582597342098,12672
"(0.8455704732698088, 1.0)",1,99.49574740453524,12673
"(0.8715701474388204, 1.0)",2,99.4957379158056,12675
"(0.7668348423065404, 1.0)",1,99.49568999799097,12676
"(0.9299160159815896, 1.0)",1,99.49556857961124,12677
"(0.8732774170274171, 1.0)",1,99.49548498195396,12678
"(0.8310777799491891, 1.0)",1,99.49545557648324,12679
"(0.7612958226768967, 1.0)",1,99.4953888901033,12680
"(0.8420013166556946, 1.0)",1,99.49536395608104,12681
"(0.8651903651903651, 1.0)",1,99.49535435696625,12682
"(0.7479743867590829, 1.0)",1,99.4953439930748,12683
"(0.8329050741331443, 1.0)",1,99.49533566975248,12684
"(0.8811945374355704, 1.0)",1,99.49516980287171,12685
"(0.6698155645524068, 1.0)",2,99.49513979136027,12687
"(0.6907243513029603, 1.0)",1,99.49506411589648,12688
"(0.6575398846941737, 1.0)",1,99.49501313310044,12689
"(0.7060994560994561, 1.0)",1,99.49492849703462,12690
"(0.917849761232425, 1.0)",1,99.49490397445508,12691
"(0.8668153102935712, 1.0)",1,99.49476933149144,12692
"(0.8420013166556946, 1.0)",1,99.49466233278636,12693
"(0.80285509389987, 1.0)",1,99.49433313237968,12694
"(0.8703703703703703, 1.0)",1,99.49419482178104,12695
"(0.9958292603453894, 0.9958292603453894)",1,99.49417618904968,12696
"(0.6886904761904762, 1.0)",1,99.49409806722338,12697
"(0.812557599070401, 1.0)",1,99.4938566282556,12698
"(0.6847700625721401, 1.0)",1,99.49374425343068,12699
"(0.9497171590194846, 1.0)",1,99.4937128070543,12700
"(0.8732774170274171, 1.0)",1,99.49368835133174,12701
"(0.7673678366541239, 1.0)",2,99.49367021013066,12703
"(0.8471527473990528, 1.0)",1,99.493665941111,12704
"(0.8165509259259259, 1.0)",1,99.4935921252733,12705
"(0.8420013166556946, 1.0)",1,99.49355995537736,12706
"(0.6179693015417549, 1.0)",2,99.49320337654784,12708
"(0.917849761232425, 1.0)",1,99.49307643724464,12709
"(0.8736897274633123, 1.0)",1,99.49303809033114,12710
"(0.9497171590194846, 1.0)",1,99.49301604775228,12711
"(0.7479743867590829, 1.0)",1,99.49297002835824,12712
"(0.8165520116739629, 1.0)",1,99.49296955098217,12713
"(0.917469251615593, 1.0)",1,99.49293341407164,12714
"(0.6179693015417549, 1.0)",1,99.49276610013452,12715
"(0.826388888888889, 1.0)",1,99.49276323626452,12716
"(0.8633762288330498, 1.0)",1,99.49265776600932,12717
"(0.9833211143695014, 1.0)",1,99.49236208753751,12718
"(0.8137865219658889, 1.0)",1,99.49205919395936,12719
"(0.7601164382773579, 1.0)",1,99.49201621695744,12720
"(0.7612958226768967, 1.0)",1,99.49193555331664,12721
"(0.826388888888889, 1.0)",1,99.49190111672011,12722
"(0.786508365740383, 1.0)",1,99.49187777112128,12723
"(0.7277677677677677, 1.0)",1,99.4918656347584,12724
"(0.7711781618000022, 1.0)",1,99.49185830440916,12725
"(0.6575398846941737, 1.0)",1,99.4918475660981,12726
"(0.6636745887678723, 1.0)",1,99.49161820520986,12727
"(0.8736897274633123, 1.0)",1,99.49161576917442,12728
"(0.9027777777777778, 1.0)",1,99.49146247893432,12729
"(0.9499687304565352, 1.0)",1,99.49135782974037,12730
"(0.944563492063492, 1.0)",1,99.49106495312562,12731
"(0.9003556829643787, 1.0)",2,99.4907632588529,12733
"(0.8796475392220073, 1.0)",1,99.49066089862248,12734
"(0.8374727668845315, 1.0)",1,99.49055392510787,12735
"(0.9008627640703112, 1.0)",1,99.490526197599,12736
"(0.987491854024112, 0.9958292603453894)",1,99.4904602476376,12737
"(0.9153439153439156, 1.0)",1,99.49045108950897,12738
"(0.799275702501509, 1.0)",1,99.49043073203909,12739
"(0.7042648709315374, 1.0)",1,99.4902284523001,12740
"(0.9665831244778612, 1.0)",1,99.49003589601249,12741
"(0.9833229101521784, 1.0)",1,99.48973489114044,12742
"(0.8420013166556946, 1.0)",1,99.4897088961461,12743
"(0.8312205288949474, 1.0)",1,99.48958796612156,12744
"(0.8312205288949474, 1.0)",1,99.4891648659972,12745
"(0.7077308656256025, 1.0)",1,99.48903357375758,12746
"(0.6521663785997688, 1.0)",1,99.48902151548756,12747
"(0.7372334455667788, 1.0)",1,99.48899046991748,12748
"(0.8633762288330498, 1.0)",1,99.48895629703186,12749
"(0.5555555555555555, 1.0)",2,99.48884719616429,12751
"(0.9958292603453894, 1.0)",1,99.48881078057092,12752
"(0.9793747635794354, 0.9958292603453894)",1,99.48856809976036,12753
"(0.8586166985951469, 1.0)",2,99.48848687645172,12755
"(0.9445235834124724, 1.0)",1,99.48827703976464,12756
"(0.7944219523166891, 1.0)",1,99.48825686036528,12757
"(0.9326599326599326, 1.0)",1,99.48821548821547,12758
"(0.6825396825396824, 1.0)",4,99.48808481491407,12762
"(0.8420013166556946, 1.0)",1,99.48807640988524,12763
"(0.8615866942983156, 1.0)",1,99.48798282150744,12764
"(0.7786375661375661, 1.0)",1,99.48774356908736,12765
"(0.9003556829643787, 1.0)",1,99.48772991564752,12766
"(0.975479255167798, 0.9958292603453894)",1,99.4876578245427,12767
"(0.9299507899507898, 1.0)",1,99.4875751999248,12768
"(0.9916585206907788, 0.9958292603453894)",1,99.48756782608768,12769
"(0.8222222222222222, 1.0)",1,99.48750927803648,12770
"(0.8697983697983697, 1.0)",1,99.48749434400744,12771
"(0.6521663785997688, 1.0)",1,99.48745131227128,12772
"(0.7278086237149632, 1.0)",1,99.48662504945524,12773
"(0.6804620726495727, 1.0)",1,99.48633468078194,12774
"(0.9166145507608924, 1.0)",1,99.48607059685196,12775
"(0.6698155645524068, 1.0)",1,99.4860540970939,12776
"(0.903667392883079, 1.0)",1,99.48604237203732,12777
"(0.8880984643179766, 1.0)",1,99.48600314241558,12778
"(0.7713401051412279, 1.0)",1,99.48598532516716,12779
"(0.8070855614973262, 1.0)",1,99.4859640099904,12780
"(0.9153439153439156, 1.0)",1,99.4859148783952,12781
"(0.6804620726495727, 1.0)",1,99.4858656627429,12782
"(0.8222222222222222, 1.0)",1,99.48568598190084,12783
"(0.746304385688563, 1.0)",1,99.48568499513448,12784
"(0.9303715638302106, 1.0)",1,99.48558306639798,12785
"(0.8997493734335841, 1.0)",1,99.48536927184766,12786
"(0.8697983697983697, 1.0)",1,99.48527645896068,12787
"(0.6804620726495727, 1.0)",1,99.48520858654996,12788
"(0.6784722222222224, 1.0)",1,99.48508895358988,12789
"(0.861111111111111, 1.0)",1,99.48505940060276,12790
"(0.8310777799491891, 1.0)",1,99.48505212337344,12791
"(0.6378166586499919, 1.0)",1,99.48464327463796,12792
"(0.7786375661375661, 1.0)",1,99.48462828227552,12793
"(0.8222222222222222, 1.0)",1,99.48456123821978,12794
"(0.8796475392220073, 1.0)",1,99.48451977544666,12795
"(0.8065954953750508, 1.0)",2,99.48440795399527,12797
"(0.7090909090909091, 1.0)",1,99.48438386635532,12798
"(0.8851917026609075, 1.0)",1,99.484283240135,12799
"(0.8468089381754635, 1.0)",2,99.48426174782745,12801
"(0.8016677935542034, 1.0)",3,99.48420747609389,12804
"(0.808446455505279, 1.0)",1,99.48418318490054,12805
"(0.8796475392220073, 1.0)",1,99.48414595252544,12806
"(0.6378166586499919, 1.0)",1,99.48410189977928,12807
"(0.8762860082304527, 1.0)",1,99.48409872529868,12808
"(0.6825396825396824, 1.0)",1,99.48401026449808,12809
"(0.8165520116739629, 1.0)",1,99.48393671970908,12810
"(0.8997493734335841, 1.0)",1,99.4839006063653,12811
"(0.8449978636391381, 1.0)",1,99.48386540114934,12812
"(0.9326599326599326, 1.0)",1,99.48385188525742,12813
"(0.8294970161977834, 1.0)",2,99.48378268203672,12815
"(0.8848000715856217, 1.0)",1,99.48365728597383,12816
"(0.8316498316498316, 1.0)",1,99.48340396916586,12817
"(0.7164894725870335, 1.0)",1,99.48332431489357,12818
"(0.6825396825396824, 1.0)",1,99.48331099794515,12819
"(0.917469251615593, 1.0)",1,99.48321703257518,12820
"(0.6521663785997688, 1.0)",1,99.48320071104511,12821
"(0.7077308656256025, 1.0)",1,99.48302382289,12822
"(0.746304385688563, 1.0)",1,99.48269347662335,12823
"(0.8552744708994707, 1.0)",1,99.48267075715926,12824
"(0.8736897274633123, 1.0)",1,99.4826080736403,12825
"(0.9665831244778612, 1.0)",1,99.48250001914508,12826
"(0.8468089381754635, 1.0)",1,99.48246240750822,12827
"(0.799275702501509, 1.0)",1,99.48230629336264,12828
"(0.799275702501509, 1.0)",1,99.48226460063805,12829
"(0.8832603710652491, 1.0)",1,99.48216303292878,12830
"(0.7994987468671678, 1.0)",1,99.48203842940686,12831
"(1.0, 1.0)",1,99.4819546253303,12832
"(0.6760835913312693, 1.0)",2,99.48189722125674,12834
"(0.9871616776282092, 0.9958292603453894)",1,99.48183752676933,12835
"(0.6825396825396824, 1.0)",1,99.48159480893756,12836
"(0.9169719169719168, 1.0)",1,99.48158273198572,12837
"(0.8840455840455841, 1.0)",1,99.48151261629522,12838
"(0.9299160159815896, 1.0)",1,99.4815077792938,12839
"(0.8222222222222222, 1.0)",1,99.48124894646077,12840
"(0.6638632083547339, 1.0)",1,99.48123304405884,12841
"(0.8552744708994707, 1.0)",1,99.48119640050852,12842
"(0.861111111111111, 1.0)",1,99.481159469464,12843
"(0.8294970161977834, 1.0)",1,99.48115231765884,12844
"(0.7183489076634237, 1.0)",1,99.48109916865032,12845
"(0.8222222222222222, 1.0)",1,99.48103014119276,12846
"(0.8329050741331443, 1.0)",1,99.48101341949564,12847
"(0.8177442148030384, 1.0)",1,99.48091009882452,12848
"(0.8316498316498316, 1.0)",1,99.48083899175042,12849
"(0.8976982097186702, 1.0)",1,99.48076760307674,12850
"(0.9437903841498612, 1.0)",1,99.48071509281296,12851
"(0.8547756205106323, 1.0)",1,99.48063864244972,12852
"(0.8887202421952387, 1.0)",1,99.48057403849508,12853
"(0.7979797979797979, 1.0)",1,99.48051948051948,12854
"(0.933096859926128, 1.0)",1,99.48044223485772,12855
"(0.8796475392220073, 1.0)",1,99.48019849621284,12856
"(0.617513611615245, 1.0)",1,99.48010608834348,12857
"(0.8432903075760217, 1.0)",1,99.48000146337704,12858
"(0.6825396825396824, 1.0)",1,99.47998726569192,12859
"(0.917849761232425, 1.0)",1,99.47987530134188,12860
"(0.8374727668845315, 1.0)",1,99.47979262075764,12861
"(0.7077308656256025, 1.0)",1,99.4796702468673,12862
"(0.8449978636391381, 1.0)",1,99.47935670369478,12863
"(0.6760835913312693, 1.0)",1,99.47927185610678,12864
"(0.6907243513029603, 1.0)",1,99.4792079095466,12865
"(0.8547756205106323, 1.0)",1,99.47920634772431,12866
"(0.8167571527336316, 1.0)",1,99.479178593626,12867
"(0.8137865219658889, 1.0)",1,99.4790577828726,12868
"(0.8796475392220073, 1.0)",1,99.4787599230584,12869
"(0.8796475392220073, 1.0)",1,99.47873907669609,12870
"(0.6907243513029603, 1.0)",1,99.47871572670496,12871
"(0.9441595441595442, 1.0)",1,99.47844690981472,12872
"(0.9300671002153482, 1.0)",1,99.47841722012782,12873
"(0.6698155645524068, 1.0)",1,99.47840000568596,12874
"(0.7601164382773579, 1.0)",1,99.47819892189878,12875
"(0.6521663785997688, 1.0)",1,99.478084359782,12876
"(0.8997493734335841, 1.0)",1,99.47804430710843,12877
"(0.7802197802197803, 1.0)",1,99.47787344717575,12878
"(0.6556183301946014, 1.0)",1,99.47784055241682,12879
"(0.9364685314685316, 0.9958292603453894)",1,99.47780600487424,12880
"(0.8137865219658889, 1.0)",1,99.47765804603311,12881
"(0.4776542240827955, 1.0)",1,99.4776542240828,12882
"(0.7119388248146047, 1.0)",1,99.47764493595464,12883
"(0.8579868984630887, 1.0)",2,99.47758865118044,12885
"(0.987491854024112, 0.9958292603453894)",1,99.47757384315727,12886
"(0.8796475392220073, 1.0)",1,99.47755579746402,12887
"(0.7531792444073147, 1.0)",1,99.47750753543536,12888
"(0.7090909090909091, 1.0)",3,99.4774253693118,12891
"(0.6747507742934573, 1.0)",1,99.477415529655,12892
"(0.8016677935542034, 1.0)",1,99.47740452294948,12893
"(0.944563492063492, 1.0)",1,99.47739805327004,12894
"(0.81893131227901, 1.0)",2,99.47737608892508,12896
"(0.8736897274633123, 1.0)",1,99.4773657400192,12897
"(0.8016677935542034, 1.0)",1,99.47734182712296,12898
"(0.9295946890286512, 1.0)",1,99.47728437372872,12899
"(0.8125031257814453, 1.0)",1,99.47723952729814,12900
"(0.9331094582012576, 1.0)",1,99.477169466636,12901
"(0.6042502004811546, 1.0)",1,99.47710413881624,12902
"(0.8222222222222222, 1.0)",1,99.47710002288214,12903
"(0.9497171590194846, 1.0)",1,99.47703571720648,12904
"(0.7880931329207191, 1.0)",1,99.4769611754473,12905
"(0.8736897274633123, 1.0)",1,99.47675895765602,12906
"(0.8374727668845315, 1.0)",1,99.4766874621605,12907
"(0.6521663785997688, 1.0)",1,99.47663782259248,12908
"(0.7083333333333334, 1.0)",1,99.4765842513654,12909
"(0.7994987468671678, 1.0)",1,99.47655355878568,12910
"(0.8552744708994707, 1.0)",2,99.47652484990265,12912
"(0.7687400318979267, 1.0)",1,99.47645392890466,12913
"(0.9326599326599326, 1.0)",2,99.47602549241893,12915
"(0.6733821733821733, 1.0)",1,99.47602428616696,12916
"(0.8997493734335841, 1.0)",1,99.47601662588826,12917
"(0.9326599326599326, 1.0)",1,99.47601627941036,12918
"(0.7711781618000022, 1.0)",1,99.47601290861584,12919
"(0.7278086237149632, 1.0)",1,99.47598048788772,12920
"(0.808446455505279, 1.0)",1,99.4758311635404,12921
"(0.7416325017951034, 1.0)",2,99.47572556922152,12923
"(0.7090909090909091, 1.0)",1,99.47554895539491,12924
"(0.9009287520039462, 1.0)",1,99.47538619276853,12925
"(0.7109688804604058, 1.0)",1,99.47535146995538,12926
"(0.7675138481590094, 1.0)",1,99.47534370715374,12927
"(0.8374727668845315, 1.0)",1,99.47511587629351,12928
"(0.8976982097186702, 1.0)",1,99.47492796986032,12929
"(0.617513611615245, 1.0)",1,99.47482900153932,12930
"(1.0, 0.9958292603453894)",1,99.47476401313207,12931
"(0.7786375661375661, 1.0)",1,99.4746826319766,12932
"(0.9584987529902784, 1.0)",1,99.4746051955673,12933
"(0.8420013166556946, 1.0)",1,99.47425815821488,12934
"(0.933096859926128, 1.0)",1,99.47420021200509,12935
"(0.6698155645524068, 1.0)",1,99.47410608953794,12936
"(0.6830409356725146, 1.0)",1,99.47383040935672,12937
"(0.9441792447111594, 1.0)",1,99.4738221800645,12938
"(0.6544644252235129, 1.0)",1,99.4738112201718,12939
"(0.9958292603453894, 0.9958292603453894)",1,99.47361815498432,12940
"(0.8615866942983156, 1.0)",1,99.47354068023604,12941
"(0.9297812306740878, 1.0)",1,99.47349101813307,12942
"(0.933096859926128, 1.0)",2,99.47337086193268,12944
"(0.8586166985951469, 1.0)",1,99.47336667509126,12945
"(0.868077055383557, 1.0)",1,99.4732966820616,12946
"(0.930704099821747, 1.0)",1,99.47324183952723,12947
"(0.8976982097186702, 1.0)",2,99.47309098511144,12949
"(0.8635976129582268, 1.0)",1,99.47307663491932,12950
"(0.8310777799491891, 1.0)",1,99.47294689835256,12951
"(0.5555555555555555, 1.0)",5,99.47294439977368,12956
"(0.738145558145558, 1.0)",1,99.47282427201128,12957
"(0.7164894725870335, 1.0)",1,99.47275513674744,12958
"(1.0, 1.0)",1,99.47268110761952,12959
"(0.8317471971585321, 1.0)",1,99.47255197819726,12960
"(0.898989898989899, 1.0)",1,99.47253150942004,12961
"(0.5555555555555555, 1.0)",1,99.47249455721855,12962
"(0.738145558145558, 1.0)",1,99.47245784012534,12963
"(0.5910680656443368, 1.0)",1,99.47236229237248,12964
"(0.9299160159815896, 1.0)",1,99.47224245663948,12965
"(0.9018806250259218, 1.0)",1,99.47222759288286,12966
"(0.8177442148030384, 1.0)",1,99.47217638305634,12967
"(0.9166145507608924, 1.0)",1,99.47217010631644,12968
"(0.5555555555555555, 1.0)",2,99.47217010631644,12970
"(0.7077308656256025, 1.0)",1,99.47215656388734,12971
"(0.8476190476190477, 1.0)",2,99.47214879945972,12973
"(0.9018806250259218, 1.0)",1,99.47214131087456,12974
"(0.5910680656443368, 1.0)",1,99.4720891855152,12975
"(0.9299160159815896, 1.0)",1,99.4720464749436,12976
"(0.8796475392220073, 1.0)",1,99.47204051210278,12977
"(0.9164652836623464, 1.0)",10,99.4720208392179,12987
"(0.9833229101521784, 1.0)",1,99.47192895806054,12988
"(0.9497171590194848, 1.0)",1,99.47185583905288,12989
"(0.933096859926128, 1.0)",1,99.47181739864666,12990
"(0.7164894725870335, 1.0)",1,99.471592062353,12991
"(0.9169719169719168, 1.0)",1,99.4715901911078,12992
"(0.9833229101521784, 1.0)",1,99.47153839836768,12993
"(0.8222222222222222, 1.0)",1,99.47141332019382,12994
"(0.8222222222222222, 1.0)",1,99.47140772506626,12995
"(0.6378166586499919, 1.0)",1,99.47111636348608,12996
"(0.844988344988345, 1.0)",1,99.47102393772498,12997
"(1.0, 1.0)",4,99.47089947089948,13001
"(0.7077308656256025, 1.0)",1,99.47084239865184,13002
"(0.8762860082304527, 1.0)",1,99.4705826041664,13003
"(0.8613656783468103, 1.0)",1,99.47035764417922,13004
"(0.9303715638302106, 1.0)",1,99.47029402192813,13005
"(0.9445235834124724, 1.0)",1,99.47029374823155,13006
"(0.9018806250259218, 1.0)",1,99.47013079051656,13007
"(0.8579868984630887, 1.0)",1,99.47009622779986,13008
"(0.861111111111111, 1.0)",1,99.4700140894621,13009
"(0.81893131227901, 1.0)",1,99.46958599835727,13010
"(0.944073617452092, 1.0)",1,99.46951221289046,13011
"(0.917849761232425, 1.0)",2,99.46945628988806,13013
"(0.9192093318943212, 1.0)",1,99.4694510357493,13014
"(0.81893131227901, 1.0)",1,99.46923931220168,13015
"(0.7994987468671678, 1.0)",1,99.46919015910268,13016
"(1.0, 1.0)",1,99.4691241131484,13017
"(0.7198480531813864, 1.0)",1,99.46891259518392,13018
"(0.901575014782562, 1.0)",1,99.4686624562824,13019
"(0.9873444118605408, 0.9958292603453894)",1,99.46856114415544,13020
"(0.8796475392220073, 1.0)",1,99.4684875183609,13021
"(0.8796475392220073, 1.0)",1,99.46838598753492,13022
"(0.987463247273494, 0.9958292603453894)",1,99.46831269287937,13023
"(0.9873444118605408, 0.9958292603453894)",1,99.46820062343792,13024
"(0.8813080639167598, 1.0)",1,99.4680345990304,13025
"(0.8137566137566138, 1.0)",2,99.46796459748404,13027
"(0.8468951683237397, 1.0)",1,99.4679456350794,13028
"(0.8053381731676306, 1.0)",1,99.46794510841602,13029
"(0.9833229101521784, 1.0)",1,99.4678890362582,13030
"(0.7574146783449108, 1.0)",1,99.46787924640492,13031
"(0.8420013166556946, 1.0)",1,99.4677067765075,13032
"(0.8294970161977834, 1.0)",1,99.46769772700988,13033
"(0.8294970161977834, 1.0)",1,99.46759563844276,13034
"(0.6825396825396824, 1.0)",8,99.46753038624608,13042
"(0.9833229101521784, 1.0)",1,99.46753038624608,13043
"(0.8016677935542034, 1.0)",1,99.46753038624608,13044
"(0.7042648709315374, 1.0)",1,99.46751273768892,13045
"(1.0, 1.0)",1,99.46740701105928,13046
"(0.808446455505279, 1.0)",1,99.4672543744758,13047
"(0.8040695048423352, 1.0)",1,99.46707156286789,13048
"(0.8294970161977834, 1.0)",1,99.4670279100774,13049
"(0.8547756205106323, 1.0)",1,99.46701937128036,13050
"(0.9300671002153482, 1.0)",1,99.46698248010031,13051
"(0.7277677677677677, 1.0)",2,99.466782739363,13053
"(0.7574146783449108, 1.0)",1,99.46673034654351,13054
"(0.8468951683237397, 1.0)",1,99.46656086847725,13055
"(0.6825396825396824, 1.0)",1,99.46631723659516,13056
"(0.7294281157362763, 1.0)",1,99.46629532347376,13057
"(0.8156295830714435, 1.0)",1,99.46627450543224,13058
"(0.944073617452092, 1.0)",2,99.46602004858076,13060
"(0.6698155645524068, 1.0)",1,99.46595226288233,13061
"(0.9832401090007582, 0.9958292603453894)",1,99.4658856480931,13062
"(0.7183489076634237, 1.0)",1,99.4658384921585,13063
"(0.8997493734335841, 1.0)",1,99.4657679175606,13064
"(0.8158879904162925, 1.0)",1,99.46574739652388,13065
"(0.9833211143695014, 0.9958292603453894)",1,99.4656128659459,13066
"(0.812557599070401, 1.0)",1,99.46547736587442,13067
"(0.987491854024112, 0.9958292603453894)",1,99.4654093364292,13068
"(0.757745166550198, 1.0)",1,99.46539636773043,13069
"(0.816195709052852, 1.0)",1,99.4653812118969,13070
"(0.7994987468671678, 1.0)",1,99.46536133955902,13071
"(0.6825396825396824, 1.0)",1,99.46536055142796,13072
"(0.8101143854687974, 1.0)",2,99.46533847319682,13074
"(0.8814814814814814, 1.0)",1,99.465316171598,13075
"(0.7711781618000022, 1.0)",1,99.46527112237465,13076
"(0.8633762288330498, 1.0)",1,99.46526161390884,13077
"(0.6179693015417549, 1.0)",1,99.46522458704553,13078
"(0.8796475392220073, 1.0)",1,99.46513914110704,13079
"(0.6825396825396824, 1.0)",1,99.46508480346736,13080
"(0.7164894725870335, 1.0)",1,99.46507526768444,13081
"(0.6886904761904762, 1.0)",1,99.46507356846168,13082
"(0.8468951683237397, 1.0)",1,99.46505200733615,13083
"(0.6179693015417549, 1.0)",1,99.46503890135574,13084
"(0.6179693015417549, 1.0)",1,99.46494747515928,13085
"(0.617513611615245, 1.0)",1,99.4649289803534,13086
"(0.8676532769556025, 1.0)",1,99.4649275674258,13087
"(0.6760835913312693, 1.0)",1,99.46482073077112,13088
"(0.970619176311776, 0.9958292603453894)",1,99.4646635649182,13089
"(0.7545469576719577, 1.0)",1,99.46459976102234,13090
"(0.6521663785997688, 1.0)",1,99.46452416303288,13091
"(0.861111111111111, 1.0)",1,99.46444669821952,13092
"(0.6804620726495727, 1.0)",1,99.46438297457344,13093
"(0.9300671002153482, 1.0)",1,99.46437414493236,13094
"(0.7802197802197803, 1.0)",1,99.4642188822762,13095
"(0.8997493734335841, 1.0)",1,99.4642158456885,13096
"(0.7545469576719577, 1.0)",1,99.46418129354038,13097
"(0.6804620726495727, 1.0)",1,99.46401593074368,13098
"(0.9833229101521784, 1.0)",1,99.46389722986598,13099
"(0.9833229101521784, 1.0)",1,99.46388330629674,13100
"(0.80285509389987, 1.0)",1,99.46383026216152,13101
"(0.4776542240827955, 1.0)",1,99.46382156551329,13102
"(0.6521663785997688, 1.0)",1,99.46374754734298,13103
"(0.9750943974852894, 0.9958292603453894)",1,99.4637465169017,13104
"(0.7077308656256025, 1.0)",1,99.46350681941796,13105
"(0.6042502004811546, 1.0)",1,99.46347978961865,13106
"(0.6825396825396824, 1.0)",1,99.46295597618898,13107
"(0.917849761232425, 1.0)",1,99.46280563156904,13108
"(0.7802197802197803, 1.0)",3,99.46275946275946,13111
"(0.7416325017951034, 1.0)",1,99.46268922285182,13112
"(0.8420013166556946, 1.0)",1,99.4624590218374,13113
"(0.9834440227703986, 0.9958292603453894)",1,99.46244071450938,13114
"(0.757745166550198, 1.0)",1,99.46239123665308,13115
"(0.7574146783449108, 1.0)",1,99.46227077924408,13116
"(0.8736897274633123, 1.0)",1,99.46220242019768,13117
"(0.9297812306740878, 1.0)",1,99.46180328999878,13118
"(0.8796475392220073, 1.0)",1,99.4617367732323,13119
"(0.8310777799491891, 1.0)",1,99.4616750061892,13120
"(0.81893131227901, 1.0)",1,99.4616288112262,13121
"(0.9295946890286512, 1.0)",1,99.4615901147793,13122
"(0.9832965806068272, 0.9958292603453894)",1,99.46149449057266,13123
"(0.9789546069211384, 0.9958292603453894)",1,99.461339304657,13124
"(0.8266173510466989, 1.0)",1,99.46123106055742,13125
"(0.930124456440246, 1.0)",2,99.46113687345392,13127
"(0.9326599326599326, 1.0)",2,99.461131670434,13129
"(0.6825396825396824, 1.0)",1,99.4610966379259,13130
"(0.7277677677677677, 1.0)",1,99.4609364038227,13131
"(0.9497171590194848, 1.0)",2,99.46092757745132,13133
"(0.9876221896383188, 0.9958292603453894)",1,99.460811167504,13134
"(0.7545469576719577, 1.0)",1,99.46078574541195,13135
"(0.861111111111111, 1.0)",1,99.460679082274,13136
"(0.8676532769556025, 1.0)",1,99.46066226869064,13137
"(0.6575398846941737, 1.0)",1,99.46058786042708,13138
"(0.9916585206907788, 0.9958292603453894)",1,99.46050765699496,13139
"(0.970619176311776, 0.9958292603453894)",1,99.4604928252636,13140
"(0.8016677935542034, 1.0)",1,99.4604758616646,13141
"(0.844988344988345, 1.0)",1,99.4603894763315,13142
"(0.8222222222222222, 1.0)",1,99.46033232049491,13143
"(0.987491854024112, 0.9958292603453894)",1,99.46029895731502,13144
"(0.8732774170274171, 1.0)",1,99.46025785788277,13145
"(0.7767756418742694, 1.0)",1,99.45992549504842,13146
"(0.8653198653198653, 1.0)",1,99.45980716062016,13147
"(0.9833040078201368, 0.9958292603453894)",1,99.45972911929437,13148
"(0.8887202421952387, 1.0)",1,99.45954100324664,13149
"(0.6544644252235129, 1.0)",1,99.45944962513144,13150
"(0.8635976129582268, 1.0)",1,99.45912697398404,13151
"(0.9018806250259218, 1.0)",1,99.45907871633447,13152
"(0.9008627640703112, 1.0)",1,99.459064112918,13153
"(0.7416325017951034, 1.0)",1,99.45904847937368,13154
"(0.7083333333333334, 1.0)",1,99.45897100268668,13155
"(0.826388888888889, 1.0)",1,99.45889884278924,13156
"(0.7090909090909091, 1.0)",1,99.45887186554708,13157
"(0.987463247273494, 0.9958292603453894)",1,99.4588393810722,13158
"(0.6804620726495727, 1.0)",1,99.4587361828353,13159
"(0.808446455505279, 1.0)",1,99.45861763508822,13160
"(0.9584987529902784, 1.0)",1,99.45855551426858,13161
"(0.9750854369118126, 0.9958292603453894)",1,99.45852614920858,13162
"(0.9442283950617284, 1.0)",2,99.45844628359475,13164
"(0.9300671002153482, 1.0)",1,99.45841753736632,13165
"(0.844988344988345, 1.0)",1,99.45841255108988,13166
"(0.9445235834124724, 1.0)",1,99.4583855102742,13167
"(0.8547756205106323, 1.0)",1,99.45832037469988,13168
"(0.9750854369118126, 0.9958292603453894)",1,99.45828008857042,13169
"(0.8325755070546736, 1.0)",1,99.45825670850172,13170
"(0.9672281917443208, 0.9958292603453894)",1,99.4580612675505,13171
"(0.9003556829643787, 1.0)",1,99.45800687308656,13172
"(0.7060994560994561, 1.0)",1,99.45790280692889,13173
"(0.8420013166556946, 1.0)",1,99.4577072481511,13174
"(0.808446455505279, 1.0)",1,99.45763195834932,13175
"(0.8420013166556946, 1.0)",1,99.45758106836703,13176
"(0.8468951683237397, 1.0)",1,99.4574926593513,13177
"(0.9665831244778612, 1.0)",2,99.45742582462287,13179
"(0.9003556829643787, 1.0)",1,99.45734638333076,13180
"(0.7532376017916352, 1.0)",1,99.45712463633662,13181
"(0.757745166550198, 1.0)",1,99.45705598267745,13182
"(0.8300265307680562, 1.0)",1,99.45678131115464,13183
"(0.8329156223893065, 1.0)",3,99.45674007379996,13186
"(0.7077308656256025, 1.0)",1,99.4564858745432,13187
"(0.9153439153439156, 1.0)",1,99.4563180156183,13188
"(0.8165509259259259, 1.0)",1,99.456268764053,13189
"(0.8613656783468103, 1.0)",1,99.45621864718056,13190
"(0.5555555555555555, 1.0)",1,99.45617760386249,13191
"(0.8848000715856217, 1.0)",1,99.45599196883484,13192
"(0.9166682405676116, 1.0)",1,99.45593948639512,13193
"(0.6378166586499919, 1.0)",1,99.45592787017442,13194
"(0.9873891625615764, 0.9958292603453894)",1,99.45583673519288,13195
"(0.8065954953750508, 1.0)",1,99.45575439065028,13196
"(0.6215073982652175, 1.0)",1,99.45575249716228,13197
"(0.9833040078201368, 0.9958292603453894)",1,99.45570838290944,13198
"(0.8294970161977834, 1.0)",1,99.4555896227782,13199
"(0.8676532769556025, 1.0)",2,99.45546786020304,13201
"(0.8177442148030384, 1.0)",1,99.45543659738205,13202
"(0.5910680656443368, 1.0)",1,99.45534939984088,13203
"(0.9164652836623464, 1.0)",2,99.45534374937009,13205
"(0.8420013166556946, 1.0)",2,99.45532480674429,13207
"(0.9303715638302106, 1.0)",1,99.45526368597451,13208
"(0.8222222222222222, 1.0)",1,99.45524254664178,13209
"(0.8997493734335841, 1.0)",1,99.4552202614536,13210
"(0.7687400318979267, 1.0)",1,99.45510853398127,13211
"(0.9161952650324744, 1.0)",1,99.4550737307402,13212
"(0.757745166550198, 1.0)",1,99.45501956691302,13213
"(0.6784722222222224, 1.0)",1,99.45497265047028,13214
"(0.5807100687237674, 1.0)",1,99.45492663296687,13215
"(0.9618291283060416, 0.9958292603453894)",1,99.4548829775771,13216
"(0.7479743867590829, 1.0)",1,99.45477610305088,13217
"(0.6825396825396824, 1.0)",1,99.4547410583996,13218
"(0.987491854024112, 0.9958292603453894)",1,99.45453252260693,13219
"(0.8148308968977662, 1.0)",1,99.45452216334968,13220
"(0.979051756240299, 0.9958292603453894)",1,99.45442953044318,13221
"(0.7090909090909091, 1.0)",1,99.45429368478148,13222
"(0.8732774170274171, 1.0)",1,99.45422654238988,13223
"(0.9161952650324744, 1.0)",1,99.45416021180245,13224
"(0.786508365740383, 1.0)",1,99.4540207504226,13225
"(0.7198480531813864, 1.0)",1,99.4539411206078,13226
"(0.8449978636391381, 1.0)",1,99.45393226932018,13227
"(0.7030539311241066, 1.0)",1,99.45387342079331,13228
"(0.9958292603453894, 0.9958292603453894)",1,99.45379108196944,13229
"(0.6315151515151515, 1.0)",1,99.45373737373735,13230
"(0.9192093318943212, 1.0)",1,99.45354277268858,13231
"(0.8796475392220073, 1.0)",1,99.45350628545496,13232
"(0.978932178932179, 0.9958292603453894)",1,99.45348857692304,13233
"(0.9497171590194848, 1.0)",1,99.45348789808436,13234
"(0.8885714285714285, 1.0)",2,99.45344273055768,13236
"(0.7503607503607503, 1.0)",1,99.45336408740192,13237
"(0.9833211143695014, 0.9958292603453894)",1,99.45332813191544,13238
"(0.73687720936437, 1.0)",1,99.45332483248724,13239
"(0.9580331374974232, 1.0)",1,99.45305326886412,13240
"(0.8158879904162925, 1.0)",1,99.45292461489856,13241
"(0.8976982097186702, 1.0)",1,99.45291589176564,13242
"(0.4943189964157706, 1.0)",1,99.45273174455596,13243
"(0.6698155645524068, 1.0)",1,99.45269991739823,13244
"(0.9791332681655264, 0.9958292603453894)",1,99.45264245798236,13245
"(0.9748850895736324, 0.9958292603453894)",1,99.4526398884291,13246
"(0.972281746031746, 1.0)",1,99.45244295117344,13247
"(0.9958292603453894, 0.9958292603453894)",1,99.4523962614507,13248
"(0.7979797979797979, 1.0)",1,99.45218778170724,13249
"(0.7942771556641777, 1.0)",1,99.45217212760056,13250
"(0.8372053872053872, 1.0)",1,99.4521008040622,13251
"(0.6760835913312693, 1.0)",1,99.4519772976574,13252
"(0.6784722222222224, 1.0)",1,99.45185116859216,13253
"(0.8137865219658889, 1.0)",1,99.4518400673365,13254
"(0.8887202421952387, 1.0)",1,99.45183618323284,13255
"(0.9958292603453894, 0.9958292603453894)",1,99.45177684333127,13256
"(0.9749706744868036, 0.9958292603453894)",1,99.45168700415226,13257
"(0.6698155645524068, 1.0)",1,99.45168006528726,13258
"(0.978932178932179, 0.9958292603453894)",1,99.4514603712168,13259
"(0.9916585206907788, 0.9958292603453894)",1,99.4513832501572,13260
"(0.8137566137566138, 1.0)",1,99.45128750763622,13261
"(0.8547756205106323, 1.0)",1,99.4511555292433,13262
"(0.8222222222222222, 1.0)",2,99.45103570893043,13264
"(0.8420013166556946, 1.0)",1,99.45096699083318,13265
"(0.8329050741331443, 1.0)",1,99.45089515968306,13266
"(0.6825396825396824, 1.0)",1,99.45085329639824,13267
"(0.6825396825396824, 1.0)",1,99.45083666912188,13268
"(0.9618291283060416, 0.9958292603453894)",1,99.45083107333544,13269
"(0.9153439153439152, 1.0)",2,99.45069745069743,13271
"(1.0, 1.0)",1,99.45057100276452,13272
"(0.7077308656256025, 1.0)",1,99.45049594512928,13273
"(0.8305135146220418, 1.0)",1,99.45038449898148,13274
"(0.9442283950617284, 1.0)",1,99.45032086779592,13275
"(0.6907243513029603, 1.0)",1,99.45031739562292,13276
"(0.944563492063492, 1.0)",1,99.450229013193,13277
"(0.9833229101521784, 1.0)",1,99.45015898579328,13278
"(0.7994987468671678, 1.0)",2,99.45014366922796,13280
"(0.4776542240827955, 1.0)",2,99.45007485900342,13282
"(0.97934925289764, 0.9958292603453894)",1,99.45000780370792,13283
"(0.799275702501509, 1.0)",1,99.44996414824026,13284
"(0.757745166550198, 1.0)",1,99.44992223230828,13285
"(0.8653198653198653, 1.0)",1,99.44990492702884,13286
"(0.6831352928913905, 1.0)",1,99.44986387168672,13287
"(0.6179693015417549, 1.0)",1,99.4497589865519,13288
"(0.8222222222222222, 1.0)",1,99.4496566759679,13289
"(0.6215073982652175, 1.0)",2,99.44957371089762,13291
"(1.0, 1.0)",1,99.44953194953194,13292
"(0.868077055383557, 1.0)",1,99.44947713678364,13293
"(0.8552744708994707, 1.0)",1,99.44937303096444,13294
"(0.7372334455667788, 1.0)",1,99.44922719418334,13295
"(0.8653198653198653, 1.0)",1,99.4490155384146,13296
"(0.8468089381754635, 1.0)",1,99.44896681435318,13297
"(0.6698155645524068, 1.0)",1,99.44889742181338,13298
"(0.9915151515151516, 0.9958292603453894)",1,99.44880085250676,13299
"(0.7030539311241066, 1.0)",1,99.44875598884664,13300
"(0.9666562434855118, 1.0)",1,99.44871593262874,13301
"(0.8137865219658889, 1.0)",1,99.44843263373588,13302
"(0.9832925076188832, 0.9958292603453894)",1,99.44818482208424,13303
"(0.7532376017916352, 1.0)",1,99.44813722489992,13304
"(0.9580331374974232, 1.0)",1,99.44805371362912,13305
"(0.7278086237149632, 1.0)",1,99.44803484964592,13306
"(0.9326599326599326, 1.0)",1,99.44797902749848,13307
"(0.9454999712494968, 0.9958292603453894)",1,99.44796666325917,13308
"(0.9161952650324744, 1.0)",1,99.44796611387648,13309
"(0.7090909090909091, 1.0)",1,99.44786498624752,13310
"(0.73687720936437, 1.0)",2,99.4478318160186,13312
"(0.8976982097186702, 1.0)",1,99.4478136284856,13313
"(0.6664472240509107, 1.0)",1,99.44780158359752,13314
"(0.7030539311241066, 1.0)",1,99.44771181463592,13315
"(0.6179693015417549, 1.0)",2,99.44763769566504,13317
"(0.7979797979797979, 1.0)",1,99.44755244755244,13318
"(0.9833229101521784, 1.0)",1,99.44753812575806,13319
"(0.8329050741331443, 1.0)",1,99.4474243099256,13320
"(0.903667392883079, 1.0)",1,99.44739541630804,13321
"(0.6521663785997688, 1.0)",1,99.447360216287,13322
"(0.933096859926128, 1.0)",1,99.44708805516208,13323
"(0.8615866942983156, 1.0)",1,99.4469551097218,13324
"(0.901575014782562, 1.0)",1,99.44692410513878,13325
"(0.978848063174439, 0.9958292603453894)",1,99.44688229018496,13326
"(0.7278086237149632, 1.0)",1,99.44674573398348,13327
"(0.796353220536539, 1.0)",1,99.44625496691458,13328
"(0.987491854024112, 0.9958292603453894)",1,99.4461910432977,13329
"(0.7277677677677677, 1.0)",2,99.44617613285844,13331
"(0.6825396825396824, 1.0)",1,99.4461321802208,13332
"(0.8222222222222222, 1.0)",1,99.44604667363288,13333
"(0.7119388248146047, 1.0)",1,99.446031892241,13334
"(0.7416325017951034, 1.0)",1,99.446012133004,13335
"(0.893146638589877, 1.0)",2,99.4458256141826,13337
"(0.7961989230281913, 1.0)",1,99.44577157260083,13338
"(0.9958292603453894, 0.9958292603453894)",1,99.44556843807317,13339
"(0.9008025849489264, 1.0)",1,99.44552012374936,13340
"(0.9583930063253372, 1.0)",1,99.44541578235189,13341
"(0.975195619792394, 0.9958292603453894)",1,99.4452308482858,13342
"(0.9169719169719168, 1.0)",1,99.44522667937302,13343
"(0.944073617452092, 1.0)",1,99.44520393261016,13344
"(0.6544644252235129, 1.0)",1,99.44517095383227,13345
"(0.8880984643179766, 1.0)",1,99.44509194765476,13346
"(0.8976982097186702, 1.0)",1,99.44504358465024,13347
"(0.9583930063253372, 1.0)",1,99.44504112394152,13348
"(0.8137865219658889, 1.0)",1,99.44498626407706,13349
"(0.9833040078201368, 0.9958292603453894)",1,99.4448001415483,13350
"(0.7601164382773579, 1.0)",1,99.44478204637664,13351
"(0.9018806250259218, 1.0)",1,99.4446482278035,13352
"(0.9460182143215032, 0.9958292603453894)",1,99.44457289284766,13353
"(0.8420013166556946, 1.0)",1,99.4444433190977,13354
"(0.8040695048423352, 1.0)",1,99.44443089631088,13355
"(0.837707400507675, 1.0)",1,99.44436432358712,13356
"(0.6747507742934573, 1.0)",1,99.44435483610248,13357
"(0.6825396825396824, 1.0)",3,99.44435262118188,13360
"(0.987463247273494, 0.9958292603453894)",1,99.44427293830304,13361
"(0.7647742788871822, 1.0)",1,99.44391722578024,13362
"(0.9582389563841176, 0.9958292603453894)",1,99.44389568131976,13363
"(0.8247905643738976, 1.0)",1,99.4438926450103,13364
"(0.9331662489557224, 1.0)",1,99.4438369198221,13365
"(0.6804620726495727, 1.0)",1,99.44365571111152,13366
"(0.7802197802197803, 1.0)",1,99.4435002035002,13367
"(0.6378166586499919, 1.0)",1,99.44344120237476,13368
"(0.9833229101521784, 1.0)",1,99.4434234742919,13369
"(0.9169719169719168, 1.0)",1,99.44335930402826,13370
"(0.6804620726495727, 1.0)",1,99.44316769229113,13371
"(0.9665831244778612, 1.0)",1,99.44311313041965,13372
"(0.9916585206907788, 0.9958292603453894)",1,99.44310130260614,13373
"(0.8533622685185187, 1.0)",1,99.44306304978272,13374
"(0.73687720936437, 1.0)",1,99.4430489081548,13375
"(0.861111111111111, 1.0)",1,99.44281195414118,13376
"(0.6636745887678723, 1.0)",1,99.4427624714058,13377
"(0.746304385688563, 1.0)",1,99.4424319742068,13378
"(0.7090909090909091, 1.0)",1,99.44230958743154,13379
"(0.934122934122934, 1.0)",1,99.44220267132732,13380
"(0.8222222222222222, 1.0)",1,99.44216183867752,13381
"(0.9303715638302106, 1.0)",2,99.441913808078,13383
"(0.8885714285714285, 1.0)",1,99.44179656596675,13384
"(0.9791299139401608, 0.9958292603453894)",1,99.44170756635653,13385
"(0.8845578466141503, 1.0)",1,99.44167393863351,13386
"(0.7786375661375661, 1.0)",1,99.44153565067988,13387
"(0.9192093318943212, 1.0)",1,99.44148868011185,13388
"(0.7673678366541239, 1.0)",1,99.4414881148358,13389
"(0.945878018492034, 0.9958292603453894)",1,99.4414278239469,13390
"(0.917849761232425, 1.0)",1,99.44131595066068,13391
"(0.8887202421952387, 1.0)",1,99.44122316498206,13392
"(0.8976982097186702, 1.0)",1,99.44115429580484,13393
"(0.7204751921733054, 1.0)",1,99.4409503843466,13394
"(0.9326599326599326, 1.0)",1,99.440936064977,13395
"(0.9832184229069656, 0.9958292603453894)",1,99.44090519779482,13396
"(0.8613656783468103, 1.0)",1,99.44086327404754,13397
"(0.6698155645524068, 1.0)",1,99.4407519098423,13398
"(0.9003556829643787, 1.0)",1,99.44066929348294,13399
"(0.9874762808349148, 0.9958292603453894)",1,99.44065627352624,13400
"(0.9792521035784794, 0.9958292603453894)",1,99.4406544279378,13401
"(0.9714797495442656, 0.9958292603453894)",1,99.44061664623966,13402
"(0.8222222222222222, 1.0)",1,99.4405967838195,13403
"(0.5807100687237674, 1.0)",1,99.44056570376031,13404
"(0.8229870141950848, 1.0)",1,99.4405226575187,13405
"(0.9326599326599326, 1.0)",1,99.44044871355528,13406
"(0.9437903841498612, 1.0)",2,99.44042618311369,13408
"(0.9166145507608924, 1.0)",1,99.44037933162387,13409
"(0.812557599070401, 1.0)",1,99.44036670023056,13410
"(0.8312205288949474, 1.0)",1,99.44031834692088,13411
"(0.9791332681655264, 0.9958292603453894)",1,99.44031437332303,13412
"(0.7479743867590829, 1.0)",1,99.44030407126915,13413
"(0.971023600055858, 0.9958292603453894)",2,99.44028630340873,13415
"(0.6215073982652175, 1.0)",1,99.44026295839342,13416
"(0.987463247273494, 0.9958292603453894)",1,99.4400930019764,13417
"(0.9792521035784794, 0.9958292603453894)",1,99.4399817265735,13418
"(0.9916585206907788, 0.9958292603453894)",1,99.43990416074064,13419
"(0.882673371045464, 1.0)",1,99.43978571310404,13420
"(0.5555555555555555, 1.0)",1,99.43943781818815,13421
"(0.8040695048423352, 1.0)",1,99.43936480898896,13422
"(0.5555555555555555, 1.0)",1,99.43920307334942,13423
"(0.4943189964157706, 1.0)",2,99.4390743141974,13425
"(0.944073617452092, 1.0)",1,99.43903119765508,13426
"(0.9750943974852894, 0.9958292603453894)",1,99.43888329849716,13427
"(0.8177442148030384, 1.0)",1,99.4388013569984,13428
"(0.9166145507608924, 1.0)",1,99.4387532307943,13429
"(0.9916585206907788, 0.9958292603453894)",1,99.43868298177364,13430
"(0.9497171590194848, 1.0)",1,99.43836957450117,13431
"(0.9833229101521784, 1.0)",1,99.43831278374672,13432
"(0.8229870141950848, 1.0)",1,99.43819759347136,13433
"(0.9791348015256934, 0.9958292603453894)",1,99.43807127894571,13434
"(0.9665831244778612, 1.0)",1,99.43799084954412,13435
"(0.7077308656256025, 1.0)",1,99.4379673560247,13436
"(0.9832965806068272, 0.9958292603453894)",1,99.43784084730248,13437
"(0.7090909090909091, 1.0)",1,99.43761659493369,13438
"(0.8137566137566138, 1.0)",1,99.43758106516728,13439
"(0.7077308656256025, 1.0)",1,99.437446369492,13440
"(0.8635976129582268, 1.0)",1,99.43739366336467,13441
"(0.9835199925522506, 0.9958292603453894)",1,99.43738012206386,13442
"(0.6698155645524068, 1.0)",1,99.43718191664276,13443
"(0.8703703703703703, 1.0)",1,99.43704167826976,13444
"(0.8814814814814814, 1.0)",1,99.43703703703704,13445
"(0.9873444118605408, 0.9958292603453894)",1,99.4370175206874,13446
"(0.9832925076188832, 0.9958292603453894)",1,99.43690888768845,13447
"(0.9916339869281046, 0.9958292603453894)",1,99.43687498935284,13448
"(0.7711781618000022, 1.0)",1,99.43674952776152,13449
"(0.9874762808349148, 0.9958292603453894)",1,99.436658812538,13450
"(0.6698155645524068, 1.0)",1,99.43665040685894,13451
"(0.6886904761904762, 1.0)",1,99.43660211792204,13452
"(0.9331662489557224, 1.0)",1,99.43659606870072,13453
"(0.8976982097186702, 1.0)",1,99.4365766754264,13454
"(0.8547756205106323, 1.0)",1,99.43652319963954,13455
"(0.9412662901087948, 0.9958292603453894)",1,99.4365114318166,13456
"(0.9833040078201368, 0.9958292603453894)",1,99.43638412458668,13457
"(0.9873444118605408, 0.9958292603453894)",1,99.4363759013234,13458
"(0.6636745887678723, 1.0)",1,99.43632152209862,13459
"(0.6703030303030302, 1.0)",1,99.43616912351187,13460
"(0.4776542240827955, 1.0)",1,99.43615591842564,13461
"(0.987491854024112, 0.9958292603453894)",1,99.4361169596432,13462
"(0.8425483191745751, 1.0)",1,99.43603519450328,13463
"(0.9833040078201368, 0.9958292603453894)",1,99.43598714144944,13464
"(0.8796475392220073, 1.0)",1,99.43596282887064,13465
"(0.73687720936437, 1.0)",1,99.4359324925018,13466
"(0.970619176311776, 0.9958292603453894)",1,99.43590520420528,13467
"(0.7687400318979267, 1.0)",2,99.435873168496,13469
"(0.9437903841498612, 1.0)",1,99.4358126948345,13470
"(0.979051756240299, 0.9958292603453894)",1,99.43580979499706,13471
"(0.7979797979797979, 1.0)",3,99.4355106918594,13474
"(0.8796475392220073, 1.0)",4,99.43549169506616,13478
"(0.73687720936437, 1.0)",1,99.43543980304892,13479
"(0.7880931329207191, 1.0)",1,99.43542847731489,13480
"(0.6734452539330588, 1.0)",1,99.43542479784826,13481
"(0.757745166550198, 1.0)",1,99.43522020185578,13482
"(1.0, 1.0)",2,99.43520309477756,13484
"(0.8796475392220073, 1.0)",3,99.43520309477756,13487
"(0.9916585206907788, 0.9958292603453894)",1,99.43511301153453,13488
"(0.9832184229069656, 0.9958292603453894)",1,99.43508256604257,13489
"(0.7278086237149632, 1.0)",1,99.43505776454325,13490
"(0.8247905643738976, 1.0)",1,99.43492067960598,13491
"(0.9161952650324744, 1.0)",1,99.43488008423076,13492
"(0.6521663785997688, 1.0)",1,99.43475040473167,13493
"(0.8372053872053872, 1.0)",1,99.4346949765614,13494
"(0.8476190476190477, 1.0)",2,99.43455240881426,13496
"(0.9871616776282092, 0.9958292603453894)",1,99.4345027148982,13497
"(0.7802197802197803, 1.0)",4,99.4344277639472,13501
"(0.9707136080238548, 0.9958292603453894)",1,99.43439113935924,13502
"(0.9164652836623464, 1.0)",1,99.43425849363872,13503
"(0.8177442148030384, 1.0)",1,99.43379030391752,13504
"(0.9326599326599326, 1.0)",1,99.43356904427692,13505
"(0.903667392883079, 1.0)",1,99.43356275773856,13506
"(0.9666562434855118, 1.0)",1,99.43342790573794,13507
"(0.8796475392220073, 1.0)",2,99.43325162484128,13509
"(0.7612958226768967, 1.0)",1,99.4332352039186,13510
"(0.7532376017916352, 1.0)",1,99.43309387254028,13511
"(0.961552316099405, 0.9958292603453894)",1,99.43304863854937,13512
"(0.9009534009534008, 1.0)",1,99.432846761977,13513
"(0.8976982097186702, 1.0)",1,99.43270667393811,13514
"(0.971023600055858, 0.9958292603453894)",1,99.43269865082108,13515
"(0.917415489944373, 1.0)",1,99.43268782433483,13516
"(0.9791299139401608, 0.9958292603453894)",1,99.43268370969714,13517
"(0.8651903651903651, 1.0)",1,99.43253839522814,13518
"(0.868077055383557, 1.0)",1,99.43252844746677,13519
"(1.0, 0.9958292603453894)",1,99.43245002888736,13520
"(0.7310532222812924, 1.0)",1,99.43241924900396,13521
"(0.8976982097186702, 1.0)",1,99.43222790382283,13522
"(0.9708855839501, 0.9958292603453894)",1,99.43212602078027,13523
"(0.8177442148030384, 1.0)",1,99.4320976145978,13524
"(0.9791299139401608, 0.9958292603453894)",1,99.4319500143361,13525
"(0.9833229101521784, 1.0)",4,99.43185331242424,13529
"(0.9297812306740878, 1.0)",1,99.43165685864818,13530
"(0.9333333333333332, 1.0)",1,99.4315363685505,13531
"(0.8468951683237397, 1.0)",1,99.43147730015596,13532
"(0.9749436010963526, 0.9958292603453894)",1,99.43140553407156,13533
"(0.7090909090909091, 1.0)",1,99.43127143858852,13534
"(0.9582389563841176, 0.9958292603453894)",1,99.43124416616826,13535
"(0.7979797979797979, 1.0)",2,99.43117279836986,13537
"(0.6698155645524068, 1.0)",1,99.4311668888646,13538
"(0.9331662489557224, 1.0)",1,99.43112485131196,13539
"(1.0, 0.9958292603453894)",1,99.43101596089318,13540
"(0.9272583321169658, 0.9958292603453894)",1,99.43091903784592,13541
"(0.9018806250259218, 1.0)",1,99.43090152129363,13542
"(0.9299160159815896, 1.0)",1,99.43046923640392,13543
"(0.8976982097186702, 1.0)",1,99.43002730230688,13544
"(0.6825396825396824, 1.0)",1,99.42997684251078,13545
"(0.868077055383557, 1.0)",1,99.4297836925619,13546
"(0.7204751921733054, 1.0)",1,99.4295661012642,13547
"(0.9249567554350648, 0.9958292603453894)",1,99.42943177541451,13548
"(0.9665831244778612, 1.0)",1,99.42934258723731,13549
"(0.8247905643738976, 1.0)",1,99.42932703052662,13550
"(0.893146638589877, 1.0)",1,99.42927870399096,13551
"(0.9665831244778612, 1.0)",1,99.42927241475336,13552
"(0.9153439153439152, 1.0)",4,99.42927241475336,13556
"(0.7416325017951034, 1.0)",2,99.42927234732969,13558
"(0.9873444118605408, 0.9958292603453894)",1,99.4290744274763,13559
"(0.987463247273494, 0.9958292603453894)",1,99.4289690053105,13560
"(0.9874762808349148, 0.9958292603453894)",1,99.4289363887444,13561
"(0.786508365740383, 1.0)",1,99.42876958063812,13562
"(0.7060994560994561, 1.0)",1,99.42866659787732,13563
"(0.6378166586499919, 1.0)",1,99.42857861609184,13564
"(0.9018806250259218, 1.0)",1,99.4284786155128,13565
"(0.9437903841498612, 1.0)",1,99.4283729816978,13566
"(0.958227107069612, 0.9958292603453894)",1,99.428359300687,13567
"(0.6575398846941737, 1.0)",1,99.42824249032024,13568
"(0.6378166586499919, 1.0)",2,99.4281841886716,13570
"(0.9874762808349148, 0.9958292603453894)",1,99.42817396405316,13571
"(0.9873891625615764, 0.9958292603453894)",1,99.4281513395334,13572
"(0.7673678366541239, 1.0)",1,99.42813128418749,13573
"(0.9009287520039462, 1.0)",2,99.42809155694606,13575
"(0.7601164382773579, 1.0)",2,99.42804226070233,13577
"(0.9166682405676116, 1.0)",1,99.42798546290538,13578
"(0.6733821733821733, 1.0)",1,99.4278351879978,13579
"(0.6698155645524068, 1.0)",1,99.42779972402022,13580
"(0.9628507148300384, 0.9958292603453894)",1,99.4275583493839,13581
"(0.7601281633539698, 1.0)",1,99.4275337177514,13582
"(0.7612958226768967, 1.0)",1,99.42715841536877,13583
"(0.9833040078201368, 0.9958292603453894)",1,99.4270629050138,13584
"(0.8796475392220073, 1.0)",2,99.4269929141536,13586
"(0.8420013166556946, 1.0)",1,99.42695834835668,13587
"(0.9744745723240348, 0.9958292603453894)",1,99.42672531616007,13588
"(0.9313372164415809, 0.9958292603453894)",1,99.42661372357924,13589
"(1.0, 1.0)",1,99.42650688666949,13590
"(0.8615866942983156, 1.0)",1,99.42649798400151,13591
"(0.893146638589877, 1.0)",1,99.42639961759336,13592
"(0.6767580302172832, 1.0)",2,99.42637566481844,13594
"(0.8552744708994707, 1.0)",1,99.42634733876532,13595
"(0.7090909090909091, 1.0)",1,99.42607819603968,13596
"(0.7278086237149632, 1.0)",1,99.42585162904987,13597
"(0.6636745887678723, 1.0)",1,99.42583421299943,13598
"(0.9833040078201368, 0.9958292603453894)",1,99.42539506508236,13599
"(0.4943189964157706, 1.0)",1,99.42511903429757,13600
"(0.962699692780338, 0.9958292603453894)",1,99.42508229489248,13601
"(0.9833229101521784, 1.0)",1,99.42501676790566,13602
"(0.6521663785997688, 1.0)",1,99.42487892252846,13603
"(0.9833229101521784, 1.0)",1,99.42479502724892,13604
"(0.9833211143695014, 0.9958292603453894)",1,99.42449315636216,13605
"(0.746304385688563, 1.0)",2,99.42434506507324,13607
"(0.7532376017916352, 1.0)",1,99.42430778631706,13608
"(0.8420013166556946, 1.0)",1,99.42426576055416,13609
"(0.9834358767945106, 0.9958292603453894)",1,99.42418534385266,13610
"(0.9916585206907788, 0.9958292603453894)",1,99.42413403008916,13611
"(0.6544644252235129, 1.0)",1,99.42412765456756,13612
"(0.6804620726495727, 1.0)",1,99.424106878261,13613
"(0.9873891625615764, 0.9958292603453894)",1,99.423987229615,13614
"(0.97934925289764, 0.9958292603453894)",1,99.42386947726357,13615
"(0.9835199925522506, 0.9958292603453894)",1,99.42385010986376,13616
"(0.8374727668845315, 1.0)",1,99.42384602848244,13617
"(0.944563492063492, 1.0)",1,99.4237492769794,13618
"(0.8300265307680562, 1.0)",1,99.42365492921984,13619
"(0.8796475392220073, 1.0)",4,99.42364318725684,13623
"(0.6179693015417549, 1.0)",1,99.423551416679,13624
"(0.9916585206907788, 0.9958292603453894)",1,99.4234822068061,13625
"(0.9583930063253372, 1.0)",1,99.42334145410048,13626
"(0.9876221896383188, 0.9958292603453894)",1,99.42333153244373,13627
"(0.9664171122994653, 0.9958292603453894)",1,99.423254749761,13628
"(0.9583930063253372, 1.0)",1,99.42308197507492,13629
"(0.6907243513029603, 1.0)",1,99.4230516569714,13630
"(0.9665831244778612, 1.0)",1,99.42304688966928,13631
"(0.9454999712494968, 0.9958292603453894)",1,99.42296991702425,13632
"(0.987463247273494, 0.9958292603453894)",1,99.4229002874244,13633
"(0.5555555555555555, 1.0)",1,99.42276072834034,13634
"(0.6886904761904762, 1.0)",2,99.42275324781905,13636
"(0.617513611615245, 1.0)",1,99.4226342211274,13637
"(0.7734344933751168, 1.0)",1,99.42261999621915,13638
"(0.987491854024112, 0.9958292603453894)",1,99.42238646889663,13639
"(0.7880931329207191, 1.0)",1,99.42229813184235,13640
"(0.4776542240827955, 1.0)",1,99.42223431365348,13641
"(0.5555555555555555, 1.0)",1,99.422138836773,13642
"(0.9437903841498612, 1.0)",1,99.42211526827847,13643
"(0.8229870141950848, 1.0)",1,99.4220031016878,13644
"(0.8222222222222222, 1.0)",1,99.42199291223682,13645
"(0.9437903841498612, 1.0)",1,99.42194369694296,13646
"(0.9834113430318364, 0.9958292603453894)",1,99.42181134806756,13647
"(0.7786375661375661, 1.0)",1,99.42177140262932,13648
"(0.9164652836623464, 1.0)",1,99.4217379982374,13649
"(0.9665831244778612, 1.0)",1,99.42165131269424,13650
"(0.9497171590194846, 1.0)",1,99.42157299807238,13651
"(0.8222222222222222, 1.0)",1,99.42153839836766,13652
"(0.8065954953750508, 1.0)",1,99.42144901712568,13653
"(0.6825396825396824, 1.0)",1,99.4213346060586,13654
"(0.6825396825396824, 1.0)",1,99.4213137596963,13655
"(0.6825396825396824, 1.0)",1,99.4212510638698,13656
"(0.8065954953750508, 1.0)",1,99.42122333691778,13657
"(0.6961063627730295, 1.0)",1,99.42114035450248,13658
"(0.8736897274633123, 1.0)",2,99.42110971042726,13660
"(0.7675138481590094, 1.0)",1,99.42094571131014,13661
"(0.6215073982652175, 1.0)",1,99.4209405652417,13662
"(0.7090909090909091, 1.0)",1,99.42093950508584,13663
"(0.8137566137566138, 1.0)",1,99.42090397531943,13664
"(0.8615866942983156, 1.0)",1,99.42083575045709,13665
"(0.6636745887678723, 1.0)",1,99.42080595706972,13666
"(0.987463247273494, 0.9958292603453894)",1,99.42068344369588,13667
"(0.8552744708994707, 1.0)",1,99.42067509837752,13668
"(0.8697983697983697, 1.0)",1,99.42063974660084,13669
"(0.8065954953750508, 1.0)",1,99.42063661020585,13670
"(0.799275702501509, 1.0)",1,99.42062947167578,13671
"(0.6698155645524068, 1.0)",1,99.42056752262144,13672
"(0.9192093318943212, 1.0)",1,99.420420064306,13673
"(0.73687720936437, 1.0)",1,99.42040420868084,13674
"(0.8814814814814814, 1.0)",1,99.4203599471892,13675
"(0.987491854024112, 0.9958292603453894)",1,99.42035830516863,13676
"(0.7574146783449108, 1.0)",1,99.42033816711958,13677
"(0.9874762808349148, 0.9958292603453894)",1,99.42028885813036,13678
"(0.9873891625615764, 0.9958292603453894)",1,99.42013827654402,13679
"(0.8976982097186702, 1.0)",1,99.41983688975208,13680
"(1.0, 1.0)",1,99.41975046808813,13681
"(0.987491854024112, 0.9958292603453894)",1,99.41953237566298,13682
"(0.7903875985986362, 1.0)",1,99.4195275558636,13683
"(0.816195709052852, 1.0)",1,99.41924606049858,13684
"(0.9445235834124724, 1.0)",1,99.4190445185886,13685
"(0.8222222222222222, 1.0)",1,99.41897046220336,13686
"(0.9832184229069656, 0.9958292603453894)",1,99.41894340449076,13687
"(0.7979797979797979, 1.0)",1,99.4188336020116,13688
"(0.9665831244778612, 1.0)",1,99.4186442689558,13689
"(0.903667392883079, 1.0)",1,99.41853611740092,13690
"(0.9916585206907788, 0.9958292603453894)",1,99.41853320121685,13691
"(0.8229870141950848, 1.0)",1,99.41853081461008,13692
"(0.9833229101521784, 1.0)",1,99.41852600492976,13693
"(0.9835199925522506, 0.9958292603453894)",1,99.41848539566756,13694
"(0.9876066164491212, 0.9958292603453894)",1,99.4184182288982,13695
"(0.808446455505279, 1.0)",1,99.4181654928666,13696
"(0.9788980434141724, 0.9958292603453894)",1,99.41808097382034,13697
"(0.9750943974852894, 0.9958292603453894)",1,99.41797441979416,13698
"(0.9445235834124724, 1.0)",1,99.4178227402289,13699
"(0.7802197802197803, 1.0)",1,99.4177506740994,13700
"(0.6698155645524068, 1.0)",1,99.41756878598984,13701
"(0.9658790011731188, 0.9958292603453894)",1,99.4173721961372,13702
"(0.917469251615593, 1.0)",1,99.41726156577562,13703
"(0.9623066688389268, 0.9958292603453894)",1,99.41697459425008,13704
"(0.8796475392220073, 1.0)",1,99.4169278065352,13705
"(0.9707136080238548, 0.9958292603453894)",1,99.416835237606,13706
"(0.80285509389987, 1.0)",1,99.41682221960286,13707
"(0.9833040078201368, 0.9958292603453894)",1,99.4167671155314,13708
"(0.9750481776288228, 0.9958292603453894)",1,99.41670145959765,13709
"(0.861111111111111, 1.0)",2,99.41666666666666,13711
"(0.7340930674264006, 1.0)",1,99.41663274996608,13712
"(0.799275702501509, 1.0)",1,99.41660346488705,13713
"(0.9750481776288228, 0.9958292603453894)",1,99.4165126124607,13714
"(0.8420013166556946, 1.0)",2,99.41602340125053,13716
"(0.6698155645524068, 1.0)",1,99.4157321177283,13717
"(0.7601164382773579, 1.0)",1,99.41568021892824,13718
"(0.9705383010048324, 0.9958292603453894)",1,99.41561375850448,13719
"(0.9746535316523212, 0.9958292603453894)",1,99.4155249585904,13720
"(0.7292352225255748, 1.0)",1,99.41549372911308,13721
"(0.9746854694957162, 0.9958292603453894)",1,99.41548834175563,13722
"(0.9835199925522506, 0.9958292603453894)",1,99.41541504766684,13723
"(0.9916585206907788, 0.9958292603453894)",1,99.41523048193191,13724
"(0.9747838672665278, 0.9958292603453894)",1,99.4151793450008,13725
"(0.9583930063253372, 1.0)",1,99.41501407463552,13726
"(0.9721762578905436, 1.0)",1,99.41499071832057,13727
"(0.9832925076188832, 0.9958292603453894)",1,99.4149168231925,13728
"(0.8796475392220073, 1.0)",1,99.41490780952844,13729
"(0.9876221896383188, 0.9958292603453894)",1,99.41473922116732,13730
"(0.8040695048423352, 1.0)",1,99.41471015676171,13731
"(0.868077055383557, 1.0)",1,99.41469026446032,13732
"(0.9747273037595618, 0.9958292603453894)",1,99.41466232277558,13733
"(0.6698155645524068, 1.0)",1,99.414634606338,13734
"(0.9958292603453894, 0.9958292603453894)",1,99.41453261316887,13735
"(0.7979797979797979, 1.0)",1,99.41449570852204,13736
"(0.9299160159815896, 1.0)",1,99.4144934610524,13737
"(0.9788980434141724, 0.9958292603453894)",1,99.41438877886236,13738
"(0.7802197802197803, 1.0)",1,99.4143713736737,13739
"(0.8676532769556025, 1.0)",1,99.41431671849784,13740
"(0.9299160159815896, 1.0)",1,99.41431104080893,13741
"(0.9873891625615764, 0.9958292603453894)",1,99.41425248455356,13742
"(0.8762860082304527, 1.0)",1,99.41418174530848,13743
"(0.9580602951397298, 0.9958292603453894)",1,99.41412489356512,13744
"(0.7880931329207191, 1.0)",1,99.41409477215537,13745
"(0.6636745887678723, 1.0)",1,99.4139310846524,13746
"(0.617513611615245, 1.0)",1,99.41387864683,13747
"(0.6378166586499919, 1.0)",1,99.41373532266395,13748
"(0.9161952650324744, 1.0)",1,99.41366881743332,13749
"(0.8137865219658889, 1.0)",1,99.41357306762302,13750
"(0.9916585206907788, 0.9958292603453894)",1,99.41350920329816,13751
"(0.6784722222222224, 1.0)",1,99.41314018388064,13752
"(0.6804620726495727, 1.0)",1,99.41308770933296,13753
"(0.9916585206907788, 0.9958292603453894)",1,99.413051323472,13754
"(0.9583930063253372, 1.0)",1,99.4126630870798,13755
"(0.8420013166556946, 1.0)",1,99.41236505646744,13756
"(1.0, 1.0)",1,99.4123030637086,13757
"(0.861111111111111, 1.0)",1,99.4123030637086,13758
"(0.9916585206907788, 0.9958292603453894)",1,99.41223207883084,13759
"(0.975195619792394, 0.9958292603453894)",1,99.4120050753004,13760
"(0.826388888888889, 1.0)",1,99.41199194479948,13761
"(0.8736897274633123, 1.0)",1,99.411988542374,13762
"(0.8040695048423352, 1.0)",1,99.41169408675168,13763
"(0.8814814814814814, 1.0)",1,99.41162260229068,13764
"(0.987463247273494, 0.9958292603453894)",1,99.41155641571096,13765
"(0.7075023741690408, 1.0)",1,99.4115546831048,13766
"(0.8316498316498316, 1.0)",1,99.41148940852362,13767
"(0.8887202421952387, 1.0)",1,99.41144489319782,13768
"(0.4943189964157706, 1.0)",1,99.41132304499877,13769
"(0.917849761232425, 1.0)",2,99.41128250237036,13771
"(0.9874747474747476, 0.9958292603453894)",1,99.41124210236404,13772
"(0.8016677935542034, 1.0)",1,99.41119457307023,13773
"(0.738145558145558, 1.0)",1,99.4111228388996,13774
"(0.6825396825396824, 1.0)",2,99.41099844148624,13776
"(0.9498461391725148, 0.9958292603453894)",1,99.41096728195885,13777
"(0.6784722222222224, 1.0)",1,99.41082007181728,13778
"(0.8040695048423352, 1.0)",1,99.410788863614,13779
"(1.0, 1.0)",1,99.41074671419142,13780
"(0.8372053872053872, 1.0)",1,99.41069909601212,13781
"(0.9874877810361682, 0.9958292603453894)",1,99.41063444708264,13782
"(0.9832925076188832, 0.9958292603453894)",1,99.41059456838636,13783
"(0.987463247273494, 0.9958292603453894)",1,99.41056088844988,13784
"(0.9584987529902784, 1.0)",2,99.41053776577408,13786
"(0.8796475392220073, 1.0)",1,99.41049077634707,13787
"(0.9578375055710984, 0.9958292603453894)",1,99.41046290625,13788
"(0.9788980434141724, 0.9958292603453894)",1,99.41042923613765,13789
"(0.8420013166556946, 1.0)",3,99.4103142297962,13792
"(0.7090909090909091, 1.0)",1,99.41013322297708,13793
"(0.9873891625615764, 0.9958292603453894)",1,99.41008174489896,13794
"(0.9876066164491212, 0.9958292603453894)",1,99.41008082257692,13795
"(0.9748524098350704, 0.9958292603453894)",1,99.40993097485703,13796
"(0.9916585206907788, 0.9958292603453894)",1,99.40982155438822,13797
"(0.5070372093557577, 1.0)",1,99.40971713872742,13798
"(0.6733821733821733, 1.0)",2,99.40940352828032,13800
"(0.9580331374974232, 1.0)",1,99.40938345348364,13801
"(1.0, 1.0)",1,99.40936088393715,13802
"(0.6238244514106583, 1.0)",1,99.40925758850064,13803
"(0.9442283950617284, 1.0)",1,99.40917186132712,13804
"(0.9623066688389268, 0.9958292603453894)",1,99.40907722604126,13805
"(0.6698155645524068, 1.0)",1,99.40902230375914,13806
"(0.9192093318943212, 1.0)",1,99.4089969778147,13807
"(0.8312205288949474, 1.0)",1,99.4089806701071,13808
"(0.7090909090909091, 1.0)",1,99.40879874653945,13809
"(0.8848000715856217, 1.0)",1,99.40874183108424,13810
"(0.9326599326599326, 1.0)",1,99.40868542507889,13811
"(0.9010312805474096, 0.9958292603453894)",1,99.40856041439052,13812
"(0.861111111111111, 1.0)",1,99.4084564860427,13813
"(0.6747507742934573, 1.0)",1,99.4083953923362,13814
"(0.8676532769556025, 1.0)",1,99.40837275618392,13815
"(0.9876066164491212, 0.9958292603453894)",1,99.40835426438754,13816
"(0.917849761232425, 1.0)",1,99.40827726356034,13817
"(0.7183489076634237, 1.0)",1,99.4082581417306,13818
"(0.9437903841498612, 1.0)",1,99.40814737769549,13819
"(0.8222222222222222, 1.0)",1,99.40809741592795,13820
"(0.799275702501509, 1.0)",1,99.407896613754,13821
"(0.8887202421952387, 1.0)",1,99.40787397946846,13822
"(0.6804620726495727, 1.0)",1,99.40783623402427,13823
"(0.9583930063253372, 1.0)",1,99.40778536695832,13824
"(0.6215073982652175, 1.0)",1,99.40727909746288,13825
"(0.979273283115788, 0.9958292603453894)",1,99.4069224477732,13826
"(0.8247905643738976, 1.0)",1,99.4065693767446,13827
"(0.9833040078201368, 0.9958292603453894)",1,99.40607551510446,13828
"(0.8065954953750508, 1.0)",1,99.40588837323268,13829
"(0.8848000715856217, 1.0)",1,99.40579262092116,13830
"(0.9166950113378683, 1.0)",1,99.40573776309462,13831
"(0.80285509389987, 1.0)",1,99.40572458780248,13832
"(0.9958292603453894, 0.9958292603453894)",1,99.40567122532508,13833
"(0.5555555555555555, 1.0)",1,99.40550343964978,13834
"(0.893146638589877, 1.0)",2,99.40535775661068,13836
"(0.9665831244778612, 1.0)",1,99.40527365944568,13837
"(0.7075023741690408, 1.0)",1,99.4051387209282,13838
"(0.9169719169719168, 1.0)",1,99.40505603571806,13839
"(0.9746535316523212, 0.9958292603453894)",1,99.4049357019689,13840
"(0.9164652836623464, 1.0)",1,99.40468077187784,13841
"(0.6521663785997688, 1.0)",1,99.40453216472388,13842
"(0.861111111111111, 1.0)",3,99.40447667087012,13845
"(0.9332172991312776, 0.9958292603453894)",2,99.4043637453201,13847
"(0.7119388248146047, 1.0)",1,99.4043526440577,13848
"(0.9504245882013664, 0.9958292603453894)",1,99.40432012228038,13849
"(0.9916585206907788, 0.9958292603453894)",1,99.40427931072044,13850
"(0.987491854024112, 0.9958292603453894)",1,99.40424087719148,13851
"(0.9504245882013664, 0.9958292603453894)",1,99.4041437532867,13852
"(0.9442283950617284, 1.0)",1,99.40413713148696,13853
"(0.7802197802197803, 1.0)",1,99.40404423163044,13854
"(0.8233703746133577, 1.0)",1,99.40397947079666,13855
"(0.9665831244778612, 1.0)",1,99.4036772682131,13856
"(0.8425483191745751, 1.0)",1,99.40343582192084,13857
"(0.73687720936437, 1.0)",1,99.40341879785716,13858
"(0.7242579158812665, 1.0)",1,99.4034012144652,13859
"(0.8887202421952387, 1.0)",1,99.403396467216,13860
"(0.799275702501509, 1.0)",1,99.40338412518076,13861
"(0.8449978636391381, 1.0)",1,99.40323411539714,13862
"(0.8635976129582268, 1.0)",1,99.403211547309,13863
"(0.979273283115788, 0.9958292603453894)",1,99.4032001888232,13864
"(0.8476190476190477, 1.0)",1,99.4031746031746,13865
"(0.9649790647893116, 0.9958292603453894)",1,99.40300976851908,13866
"(0.7294281157362763, 1.0)",1,99.4029230098962,13867
"(0.9582389563841176, 0.9958292603453894)",1,99.4027656008302,13868
"(0.958227107069612, 0.9958292603453894)",1,99.40274824470067,13869
"(0.6698155645524068, 1.0)",1,99.40260453398346,13870
"(0.9750943974852894, 0.9958292603453894)",1,99.40259318903216,13871
"(0.9454999712494968, 0.9958292603453894)",1,99.40237136035502,13872
"(0.9916585206907788, 0.9958292603453894)",1,99.40235350894768,13873
"(0.8467532467532467, 1.0)",2,99.4023088023088,13875
"(0.8533622685185187, 1.0)",1,99.40229765909952,13876
"(0.9580602951397298, 0.9958292603453894)",1,99.40224823667111,13877
"(0.913471232954048, 1.0)",1,99.40199367152653,13878
"(0.8222222222222222, 1.0)",1,99.40172323650584,13879
"(0.9916585206907788, 0.9958292603453894)",1,99.4015769891222,13880
"(0.757745166550198, 1.0)",2,99.401454890315,13882
"(0.8040695048423352, 1.0)",1,99.40144843464716,13883
"(0.8997493734335841, 1.0)",1,99.40121706497894,13884
"(0.8420013166556946, 1.0)",1,99.40118465115442,13885
"(0.9832184229069656, 0.9958292603453894)",1,99.40103464405884,13886
"(0.861111111111111, 1.0)",1,99.40100362868036,13887
"(0.8247905643738976, 1.0)",1,99.4009964545942,13888
"(0.9746535316523212, 0.9958292603453894)",1,99.40076088932636,13889
"(0.9630015205821658, 0.9958292603453894)",1,99.40072195206716,13890
"(0.844988344988345, 1.0)",1,99.40054390054392,13891
"(0.9618291283060416, 0.9958292603453894)",1,99.4005292932744,13892
"(0.8840455840455841, 1.0)",4,99.40051620163364,13896
"(0.942324305015694, 0.9958292603453894)",1,99.40033441277924,13897
"(0.9300590455241422, 0.9958292603453894)",1,99.400309581374,13898
"(0.7077308656256025, 1.0)",1,99.4000845390741,13899
"(0.9008025849489264, 1.0)",1,99.40006026192998,13900
"(0.8796475392220073, 1.0)",1,99.39989744514564,13901
"(0.9326599326599326, 1.0)",1,99.39983472806954,13902
"(0.9750072792119512, 0.9958292603453894)",1,99.39979356434928,13903
"(0.9696986734304888, 0.9958292603453894)",1,99.39976399158296,13904
"(0.9008025849489264, 1.0)",1,99.39954800628183,13905
"(0.6544644252235129, 1.0)",1,99.39950852485968,13906
"(0.9649790647893116, 0.9958292603453894)",1,99.3994529058904,13907
"(0.974731376747506, 0.9958292603453894)",1,99.3993775591994,13908
"(0.8247905643738976, 1.0)",1,99.39932231656071,13909
"(0.9369138996969484, 0.9958292603453894)",1,99.39917558272872,13910
"(0.6784722222222224, 1.0)",1,99.399161334353,13911
"(0.9300671002153482, 1.0)",1,99.39915881097372,13912
"(0.9583178702993204, 0.9958292603453894)",1,99.39912121092888,13913
"(0.6825396825396824, 1.0)",1,99.39896645930024,13914
"(0.9078088212397576, 0.9958292603453894)",1,99.39880636361458,13915
"(0.6760835913312693, 1.0)",1,99.39880085194034,13916
"(0.958095238095238, 0.9958292603453894)",1,99.39880070014314,13917
"(0.9333044546043194, 0.9958292603453894)",1,99.39878146691682,13918
"(0.7944219523166891, 1.0)",1,99.3987397905631,13919
"(0.8266173510466989, 1.0)",1,99.39850834763575,13920
"(0.8420013166556946, 1.0)",1,99.39848570072628,13921
"(0.9623066688389268, 0.9958292603453894)",1,99.39834320896564,13922
"(0.8703703703703703, 1.0)",1,99.39831333584146,13923
"(0.9665831244778612, 1.0)",1,99.39823766195616,13924
"(0.868077055383557, 1.0)",1,99.39822098227197,13925
"(0.8703703703703703, 1.0)",1,99.3980158899023,13926
"(0.9658159033159032, 0.9958292603453894)",1,99.39800598433249,13927
"(0.8467532467532467, 1.0)",1,99.39794519935074,13928
"(0.9584987529902784, 1.0)",1,99.39792224750089,13929
"(0.9832925076188832, 0.9958292603453894)",1,99.39789066457466,13930
"(0.9295946890286512, 1.0)",1,99.39788538950636,13931
"(0.6698155645524068, 1.0)",1,99.397731852747,13932
"(0.6747507742934573, 1.0)",1,99.39763492224094,13933
"(0.8420013166556946, 1.0)",2,99.39755687221124,13935
"(0.8137865219658889, 1.0)",1,99.3975323985756,13936
"(0.4943189964157706, 1.0)",1,99.39749038642928,13937
"(0.9958292603453894, 0.9958292603453894)",1,99.39746960212804,13938
"(0.9164652836623464, 1.0)",1,99.3974447979752,13939
"(0.987463247273494, 0.9958292603453894)",1,99.39733088341616,13940
"(0.9499687304565352, 1.0)",1,99.39719715003828,13941
"(0.9665831244778612, 1.0)",1,99.39715009554456,13942
"(0.9009287520039462, 1.0)",1,99.39711371338248,13943
"(0.7183489076634237, 1.0)",1,99.3971095502354,13944
"(0.7503607503607503, 1.0)",1,99.39704966870652,13945
"(0.944563492063492, 1.0)",1,99.39701386078256,13946
"(0.757745166550198, 1.0)",1,99.39678522701882,13947
"(0.9832965806068272, 0.9958292603453894)",1,99.3966638012242,13948
"(0.8449978636391381, 1.0)",1,99.3966583267534,13949
"(0.933096859926128, 1.0)",2,99.39660002971112,13951
"(0.987491854024112, 0.9958292603453894)",1,99.39652030248668,13952
"(0.9664171122994653, 0.9958292603453894)",1,99.39648761666614,13953
"(0.9707136080238548, 0.9958292603453894)",1,99.39641280863924,13954
"(0.9791348015256934, 0.9958292603453894)",1,99.39630320384424,13955
"(0.9748524098350704, 0.9958292603453894)",1,99.396294737345,13956
"(0.6544644252235129, 1.0)",1,99.3960532115548,13957
"(1.0, 0.9958292603453894)",1,99.3959691974794,13958
"(0.9161952650324744, 1.0)",1,99.39560357108266,13959
"(0.8312205288949474, 1.0)",2,99.39548598954278,13961
"(0.9958292603453894, 0.9958292603453894)",1,99.3954183311678,13962
"(0.9833211143695014, 0.9958292603453894)",1,99.39532150127476,13963
"(0.9623066688389268, 0.9958292603453894)",1,99.39504758431325,13964
"(0.9916339869281046, 0.9958292603453894)",1,99.3948798518419,13965
"(0.9748524098350704, 0.9958292603453894)",1,99.39469625971654,13966
"(0.9832965806068272, 0.9958292603453894)",1,99.39454040362958,13967
"(0.9457018956165067, 0.9958292603453894)",1,99.3945185939905,13968
"(0.8420013166556946, 1.0)",1,99.39447749102536,13969
"(0.97934925289764, 0.9958292603453894)",1,99.39432243348428,13970
"(0.7090909090909091, 1.0)",1,99.39421651301222,13971
"(0.6042502004811546, 1.0)",1,99.3939877298807,13972
"(0.8796475392220073, 1.0)",1,99.3939603868682,13973
"(0.7090909090909091, 1.0)",1,99.39393787268352,13974
"(0.7090909090909091, 1.0)",1,99.39389368205735,13975
"(0.826388888888889, 1.0)",1,99.393884051506,13976
"(0.826388888888889, 1.0)",1,99.39380951485742,13977
"(0.9832184229069656, 0.9958292603453894)",1,99.3935200277242,13978
"(0.8266173510466989, 1.0)",1,99.39347038963092,13979
"(0.9009287520039462, 1.0)",2,99.39342054642336,13981
"(0.9750943974852894, 0.9958292603453894)",1,99.39340947341265,13982
"(0.9649790647893116, 0.9958292603453894)",1,99.39332155054966,13983
"(0.837707400507675, 1.0)",9,99.39326295606324,13992
"(0.9916585206907788, 0.9958292603453894)",1,99.39324633723253,13993
"(0.9166682405676116, 1.0)",1,99.39320647960228,13994
"(0.860331150951135, 0.9958292603453894)",1,99.39320260745156,13995
"(0.9793622864590606, 0.9958292603453894)",1,99.39302178929842,13996
"(0.9584987529902784, 1.0)",1,99.39301750020432,13997
"(0.9164652836623464, 1.0)",1,99.39299528960412,13998
"(0.893146638589877, 1.0)",1,99.39295381300649,13999
"(0.9504245882013664, 0.9958292603453894)",1,99.39277814158116,14000
"(0.97899550533801, 0.9958292603453894)",1,99.39250297669967,14001
"(0.7574146783449108, 1.0)",1,99.39240647581856,14002
"(0.8931552430047053, 0.9958292603453894)",1,99.3922580545206,14003
"(0.8552744708994707, 1.0)",2,99.39225166599604,14005
"(0.861111111111111, 1.0)",2,99.39203778677464,14007
"(0.9133905806764424, 0.9958292603453894)",1,99.39183590654672,14008
"(0.9916585206907788, 0.9958292603453894)",1,99.39164778777486,14009
"(0.9871616776282092, 0.9958292603453894)",1,99.39144322544983,14010
"(0.9832965806068272, 0.9958292603453894)",1,99.3912737120373,14011
"(0.893146638589877, 1.0)",1,99.39104187232708,14012
"(0.7090909090909091, 1.0)",1,99.39103895201455,14013
"(0.9161379295307868, 1.0)",1,99.39103837276434,14014
"(0.6042502004811546, 1.0)",1,99.39098062257932,14015
"(0.975195619792394, 0.9958292603453894)",1,99.39096276491436,14016
"(0.9664171122994653, 0.9958292603453894)",1,99.3908527684977,14017
"(0.9504245882013664, 0.9958292603453894)",1,99.3908293677112,14018
"(0.9442283950617284, 1.0)",1,99.39064064954972,14019
"(0.7362637362637362, 1.0)",2,99.39047171999115,14021
"(0.9369138996969484, 0.9958292603453894)",2,99.39044442141692,14023
"(0.9748524098350704, 0.9958292603453894)",1,99.39040668464898,14024
"(0.7632275132275131, 1.0)",1,99.39031165336948,14025
"(0.934122934122934, 1.0)",1,99.39009669239208,14026
"(0.9665831244778612, 1.0)",1,99.39008575728282,14027
"(0.9958292603453894, 0.9958292603453894)",1,99.39006131342468,14028
"(0.9874762808349148, 0.9958292603453894)",1,99.3897682244726,14029
"(0.9833040078201368, 0.9958292603453894)",1,99.38967693585823,14030
"(0.8468951683237397, 1.0)",1,99.38963103858032,14031
"(0.9497171590194848, 1.0)",1,99.38961733422408,14032
"(0.7656073923822403, 1.0)",1,99.38943184379288,14033
"(0.5555555555555555, 1.0)",1,99.38940654864469,14034
"(0.6825396825396824, 1.0)",1,99.38936764158748,14035
"(0.893146638589877, 1.0)",1,99.38922771141269,14036
"(0.617513611615245, 1.0)",1,99.3890284699947,14037
"(0.9833040078201368, 0.9958292603453894)",1,99.38896244895916,14038
"(0.8139597215036807, 1.0)",1,99.38895740193854,14039
"(0.9297812306740878, 1.0)",1,99.38894812017104,14040
"(0.9624268025880928, 0.9958292603453894)",1,99.3887023288608,14041
"(0.9833040078201368, 0.9958292603453894)",1,99.38865922324923,14042
"(0.8374727668845315, 1.0)",1,99.38855431592307,14043
"(0.7545469576719577, 1.0)",2,99.38854501328608,14045
"(0.987463247273494, 0.9958292603453894)",1,99.3884852526595,14046
"(0.738145558145558, 1.0)",1,99.38841044163706,14047
"(0.987491854024112, 0.9958292603453894)",1,99.38834264302,14048
"(0.8312205288949474, 1.0)",1,99.38820726496928,14049
"(0.8468951683237397, 1.0)",1,99.38812331686896,14050
"(0.6521663785997688, 1.0)",1,99.38806467702238,14051
"(0.9618291283060416, 0.9958292603453894)",1,99.38804164963928,14052
"(0.6575398846941737, 1.0)",1,99.38803272696512,14053
"(0.8928598364786969, 0.9958292603453894)",1,99.38792150205902,14054
"(0.8801870819343937, 0.9958292603453894)",1,99.3878914500941,14055
"(0.8506854148663817, 0.9958292603453894)",1,99.3878357608307,14056
"(0.8533622685185187, 1.0)",1,99.38762884215151,14057
"(0.9751539794803552, 0.9958292603453894)",1,99.387528420113,14058
"(0.9916585206907788, 0.9958292603453894)",1,99.38751772583332,14059
"(0.6825396825396824, 1.0)",1,99.38748091680591,14060
"(0.7090909090909091, 1.0)",1,99.38741560206483,14061
"(0.9435817855979146, 0.9958292603453894)",1,99.38732853893508,14062
"(0.8796475392220073, 1.0)",1,99.38732731855865,14063
"(0.9755096665580536, 0.9958292603453894)",1,99.387316335049,14064
"(0.8613656783468103, 1.0)",1,99.3870832964812,14065
"(0.5910680656443368, 1.0)",1,99.3870785841902,14066
"(0.816195709052852, 1.0)",1,99.38701824354118,14067
"(0.8814814814814814, 1.0)",1,99.38675419605651,14068
"(0.8165509259259259, 1.0)",2,99.38668119557552,14070
"(0.9326599326599326, 1.0)",1,99.38661999542504,14071
"(0.961552316099405, 0.9958292603453894)",1,99.38640566360924,14072
"(0.9501563219469168, 0.9958292603453894)",1,99.38632055233664,14073
"(0.738145558145558, 1.0)",1,99.3863147136411,14074
"(0.9835199925522506, 0.9958292603453894)",1,99.38615692866654,14075
"(0.9746535316523212, 0.9958292603453894)",1,99.3861506924262,14076
"(0.958227107069612, 0.9958292603453894)",1,99.3860448253075,14077
"(0.9326599326599326, 1.0)",2,99.38591369793416,14079
"(0.8703703703703703, 1.0)",1,99.38586070347075,14080
"(0.7075023741690408, 1.0)",1,99.3857015486455,14081
"(0.816195709052852, 1.0)",1,99.3856403093659,14082
"(0.970619176311776, 0.9958292603453894)",1,99.38550172095132,14083
"(0.9658159033159032, 0.9958292603453894)",1,99.38539186789964,14084
"(0.6080315348608032, 1.0)",1,99.38537728380147,14085
"(0.972281746031746, 1.0)",1,99.3853241988724,14086
"(0.8065954953750508, 1.0)",1,99.38525188449935,14087
"(0.970619176311776, 0.9958292603453894)",1,99.38517458999564,14088
"(0.97934925289764, 0.9958292603453894)",1,99.3850252925714,14089
"(0.9442283950617284, 1.0)",1,99.38492230032752,14090
"(0.6767580302172832, 1.0)",1,99.3848884214926,14091
"(0.8222222222222222, 1.0)",1,99.38482708953654,14092
"(0.6784722222222224, 1.0)",1,99.38479221210424,14093
"(0.9958292603453894, 0.9958292603453894)",1,99.38479094088363,14094
"(0.861111111111111, 1.0)",1,99.38474763178183,14095
"(0.8316498316498316, 1.0)",1,99.3846062177256,14096
"(0.9497171590194846, 1.0)",1,99.3846049769776,14097
"(0.8329050741331443, 1.0)",1,99.3845848819452,14098
"(0.9750072792119512, 0.9958292603453894)",1,99.38454237113532,14099
"(0.8769168536069467, 0.9958292603453894)",1,99.38453980567644,14100
"(0.987463247273494, 0.9958292603453894)",1,99.38448303741129,14101
"(0.9749706744868036, 0.9958292603453894)",1,99.38445418446798,14102
"(0.8420013166556946, 1.0)",1,99.38438043164444,14103
"(0.8613656783468103, 1.0)",1,99.38431171905724,14104
"(0.7713401051412279, 1.0)",1,99.38429212361892,14105
"(0.7278086237149632, 1.0)",1,99.38426812190066,14106
"(0.9504245882013664, 0.9958292603453894)",2,99.38408531793009,14108
"(0.934314108830238, 0.9958292603453894)",1,99.38400232134735,14109
"(0.9835199925522506, 0.9958292603453894)",1,99.3837868597878,14110
"(0.8796475392220073, 1.0)",1,99.38369901849256,14111
"(0.9131856219190184, 0.9958292603453894)",1,99.38346674271332,14112
"(0.8420013166556946, 1.0)",1,99.38345346030104,14113
"(0.4943189964157706, 1.0)",1,99.38336074518496,14114
"(0.6215073982652175, 1.0)",1,99.3832321117104,14115
"(0.9833229101521784, 1.0)",1,99.38315455998384,14116
"(0.987463247273494, 0.9958292603453894)",1,99.38314433588712,14117
"(0.9408363037601548, 0.9958292603453894)",1,99.38309470401347,14118
"(0.9153439153439152, 1.0)",1,99.38302502704931,14119
"(0.9749088814411396, 1.0)",1,99.38293762378164,14120
"(0.9166682405676116, 1.0)",1,99.38293214302423,14121
"(0.8468951683237397, 1.0)",1,99.382846986704,14122
"(0.9916585206907788, 0.9958292603453894)",1,99.38274760599737,14123
"(0.9833211143695014, 0.9958292603453894)",1,99.38261380597268,14124
"(0.9876221896383188, 0.9958292603453894)",1,99.38256306355945,14125
"(0.9504245882013664, 0.9958292603453894)",1,99.38255520993576,14126
"(0.8796475392220073, 1.0)",1,99.38232842229505,14127
"(0.9445235834124724, 1.0)",1,99.38231430681178,14128
"(0.9916339869281046, 0.9958292603453894)",1,99.3822661667346,14129
"(0.8887202421952387, 1.0)",1,99.38223306113927,14130
"(0.5070372093557577, 1.0)",1,99.38218800662612,14131
"(0.8676532769556025, 1.0)",1,99.38200273167108,14132
"(0.9832965806068272, 0.9958292603453894)",1,99.38175182182056,14133
"(0.6179693015417549, 1.0)",1,99.38173376392024,14134
"(0.930124456440246, 1.0)",1,99.38170035051816,14135
"(0.9581458989353726, 1.0)",1,99.38160976819948,14136
"(0.9326599326599326, 1.0)",1,99.381550600038,14137
"(0.6698155645524068, 1.0)",1,99.38148975159054,14138
"(0.6886904761904762, 1.0)",1,99.38132823359656,14139
"(0.6575398846941737, 1.0)",1,99.38129993045972,14140
"(0.6042502004811546, 1.0)",1,99.38119419195436,14141
"(0.8547756205106323, 1.0)",1,99.38111077701797,14142
"(0.9833040078201368, 0.9958292603453894)",1,99.38100935314108,14143
"(0.799275702501509, 1.0)",1,99.38097311885876,14144
"(0.9295946890286512, 1.0)",1,99.38082035418472,14145
"(0.7734344933751168, 1.0)",1,99.38064741930371,14146
"(0.8976982097186702, 1.0)",1,99.38058909103376,14147
"(0.9649790647893116, 0.9958292603453894)",1,99.38049623019822,14148
"(0.979051756240299, 0.9958292603453894)",1,99.38041336198384,14149
"(0.6804620726495727, 1.0)",1,99.38037981357502,14150
"(0.8325755070546736, 1.0)",1,99.38029166525747,14151
"(0.8467532467532467, 1.0)",1,99.38027556271048,14152
"(0.4776542240827955, 1.0)",1,99.38015625642068,14153
"(0.9791348015256934, 0.9958292603453894)",1,99.38009053140068,14154
"(0.7811965811965812, 1.0)",1,99.3800602073908,14155
"(0.9609386607489072, 0.9958292603453894)",1,99.37990594570138,14156
"(0.983545503234046, 0.9958292603453894)",1,99.37973788946718,14157
"(0.987463247273494, 0.9958292603453894)",1,99.3796759253923,14158
"(0.93773047895128, 0.9958292603453894)",2,99.37959738502056,14160
"(0.9009287520039462, 1.0)",1,99.37950160584556,14161
"(0.9580602951397298, 0.9958292603453894)",1,99.37948538513064,14162
"(0.9748524098350704, 0.9958292603453894)",1,99.37948470150272,14163
"(0.9916666666666668, 0.9958292603453894)",1,99.37938503832235,14164
"(0.933096859926128, 1.0)",1,99.37928401239512,14165
"(0.9916625936787228, 0.9958292603453894)",1,99.37926197261744,14166
"(0.7278086237149632, 1.0)",1,99.37910430038504,14167
"(0.8579868984630887, 1.0)",2,99.37901578712066,14169
"(0.6698155645524068, 1.0)",1,99.37890647364333,14170
"(0.9665831244778612, 1.0)",1,99.37888618818648,14171
"(0.917655049465296, 0.9958292603453894)",2,99.37885495354944,14173
"(0.8300265307680562, 1.0)",1,99.37869082686484,14174
"(0.6886904761904762, 1.0)",1,99.37866501530478,14175
"(0.9326599326599326, 1.0)",1,99.37865789709852,14176
"(0.93773047895128, 0.9958292603453894)",1,99.37863865777538,14177
"(0.9792406033772258, 0.9958292603453894)",1,99.37861103685292,14178
"(0.7711781618000022, 1.0)",1,99.37859663342714,14179
"(0.97899550533801, 0.9958292603453894)",1,99.37853323471444,14180
"(0.6825396825396824, 1.0)",1,99.37848845012968,14181
"(0.9833040078201368, 0.9958292603453894)",1,99.37842398991236,14182
"(0.7675138481590094, 1.0)",1,99.37810934714253,14183
"(0.958227107069612, 0.9958292603453894)",1,99.37788376442371,14184
"(0.8222222222222222, 1.0)",2,99.37777777777778,14186
"(0.97899550533801, 0.9958292603453894)",1,99.3775716618918,14187
"(0.8349489264123411, 1.0)",1,99.3774571821536,14188
"(0.7786375661375661, 1.0)",1,99.37734877242292,14189
"(0.9609386607489072, 0.9958292603453894)",1,99.37725191611952,14190
"(0.97934925289764, 0.9958292603453894)",1,99.37723756392504,14191
"(0.9161379295307868, 1.0)",1,99.37717350478326,14192
"(0.9832965806068272, 0.9958292603453894)",1,99.37715271489408,14193
"(0.962264663441134, 0.9958292603453894)",1,99.37703113534182,14194
"(0.7532376017916352, 1.0)",1,99.37692101853182,14195
"(0.983545503234046, 0.9958292603453894)",1,99.37686030312732,14196
"(0.7090909090909091, 1.0)",1,99.37673662243624,14197
"(0.6521663785997688, 1.0)",1,99.37650172480154,14198
"(0.8310777799491891, 1.0)",1,99.37649866388584,14199
"(0.8697983697983697, 1.0)",1,99.37641923169976,14200
"(0.6042502004811546, 1.0)",2,99.3763935072602,14202
"(0.8976982097186702, 1.0)",1,99.37638530867324,14203
"(0.8561710500899374, 0.9958292603453894)",1,99.37624047547354,14204
"(0.7647742788871822, 1.0)",1,99.37614252794538,14205
"(0.7786375661375661, 1.0)",1,99.37613217669691,14206
"(0.987463247273494, 0.9958292603453894)",1,99.37598973034588,14207
"(0.8600291387756281, 0.9958292603453894)",1,99.37597107630832,14208
"(0.9297812306740878, 1.0)",1,99.3758573375761,14209
"(0.8229870141950848, 1.0)",1,99.37573851439214,14210
"(0.9126251340467026, 0.9958292603453894)",1,99.3757348931574,14211
"(0.9297812306740878, 1.0)",1,99.37570415148532,14212
"(0.6907243513029603, 1.0)",1,99.3756649712248,14213
"(0.987463247273494, 0.9958292603453894)",1,99.37562402115064,14214
"(0.7802197802197803, 1.0)",1,99.37559187892056,14215
"(0.8887202421952387, 1.0)",1,99.37555709150168,14216
"(0.9707136080238548, 0.9958292603453894)",1,99.37536202141835,14217
"(0.987463247273494, 0.9958292603453894)",1,99.37535711895616,14218
"(0.9871616776282092, 0.9958292603453894)",1,99.37526395992688,14219
"(0.9504245882013664, 0.9958292603453894)",1,99.3752119029317,14220
"(1.0, 1.0)",1,99.37496799658054,14221
"(0.7204751921733054, 1.0)",1,99.37495170030834,14222
"(0.987463247273494, 0.9958292603453894)",1,99.37490956463924,14223
"(0.979055829228243, 0.9958292603453894)",1,99.37470072614607,14224
"(0.979273283115788, 0.9958292603453894)",1,99.37457266173897,14225
"(0.9490213526488036, 0.9958292603453894)",1,99.37436733241331,14226
"(0.8425483191745751, 1.0)",1,99.37426317533338,14227
"(0.9333333333333332, 1.0)",1,99.37425024590708,14228
"(0.979273283115788, 0.9958292603453894)",1,99.37403844681876,14229
"(0.7673678366541239, 1.0)",1,99.37357430834184,14230
"(0.9027777777777778, 1.0)",1,99.37353202836982,14231
"(0.9157097551404952, 0.9958292603453894)",1,99.37341529645292,14232
"(0.80285509389987, 1.0)",1,99.3733159336555,14233
"(0.8266173510466989, 1.0)",1,99.37320089289736,14234
"(0.7344692811916678, 1.0)",1,99.37317369744584,14235
"(0.9331094582012576, 1.0)",1,99.3730883499042,14236
"(0.9609386607489072, 0.9958292603453894)",1,99.37308117646492,14237
"(0.7574146783449108, 1.0)",2,99.37300785030584,14239
"(0.9832965806068272, 0.9958292603453894)",1,99.37268408825338,14240
"(0.9916585206907788, 0.9958292603453894)",1,99.37267361253134,14241
"(0.9454999712494968, 0.9958292603453894)",1,99.37227080727268,14242
"(0.6698155645524068, 1.0)",1,99.37218154239008,14243
"(0.6544644252235129, 1.0)",1,99.372120508843,14244
"(0.6825396825396824, 1.0)",1,99.37210955259737,14245
"(0.8222222222222222, 1.0)",1,99.37210042773864,14246
"(0.6378166586499919, 1.0)",1,99.37209664836232,14247
"(0.5555555555555555, 1.0)",3,99.37204487140302,14250
"(0.8467532467532467, 1.0)",1,99.37204159119052,14251
"(0.9791625936787228, 0.9958292603453894)",1,99.37197773557044,14252
"(0.7075023741690408, 1.0)",1,99.37172591304696,14253
"(0.8329156223893065, 1.0)",1,99.37163764899871,14254
"(0.8675949975949976, 0.9958292603453894)",1,99.37148776780175,14255
"(0.8319340617212959, 1.0)",1,99.3713924647446,14256
"(0.9166145507608924, 1.0)",3,99.3713049822806,14259
"(0.7880931329207191, 1.0)",1,99.3711962808615,14260
"(0.9442283950617284, 1.0)",1,99.37118785844832,14261
"(0.9720813204508856, 1.0)",1,99.3711315230312,14262
"(0.6804620726495727, 1.0)",1,99.37112806182913,14263
"(0.9365496267832196, 0.9958292603453894)",1,99.37111759454984,14264
"(0.7647742788871822, 1.0)",1,99.37107850377024,14265
"(0.7532376017916352, 1.0)",1,99.37107594375443,14266
"(0.8976982097186702, 1.0)",1,99.37086301379834,14267
"(0.9622634791942192, 0.9958292603453894)",2,99.37067457838964,14269
"(0.893146638589877, 1.0)",1,99.3705759415764,14270
"(0.4899315048358174, 1.0)",1,99.3704624700908,14271
"(0.987463247273494, 0.9958292603453894)",1,99.37043077069504,14272
"(0.7294281157362763, 1.0)",1,99.37037194669271,14273
"(0.9749706744868036, 0.9958292603453894)",1,99.37021946781805,14274
"(0.962505246140658, 0.9958292603453894)",1,99.36972357823248,14275
"(0.9153439153439152, 1.0)",1,99.36969579652506,14276
"(0.9365496267832196, 0.9958292603453894)",1,99.36946000661808,14277
"(0.8586166985951469, 1.0)",1,99.36945742047394,14278
"(0.9169719169719168, 1.0)",1,99.3694078038586,14279
"(0.8310777799491891, 1.0)",1,99.36895886439578,14280
"(0.987491854024112, 0.9958292603453894)",1,99.36889152930138,14281
"(0.8552744708994707, 1.0)",1,99.36889125136912,14282
"(0.8312205288949474, 1.0)",1,99.36869915243588,14283
"(0.8420013166556946, 1.0)",2,99.36868978656688,14285
"(0.8570236964835615, 1.0)",1,99.36868279001494,14286
"(0.987463247273494, 0.9958292603453894)",1,99.36864468354106,14287
"(0.979055829228243, 0.9958292603453894)",1,99.36850897886968,14288
"(0.9189396095602992, 0.9958292603453894)",1,99.36849499766416,14289
"(0.7574146783449108, 1.0)",1,99.36838795372287,14290
"(0.9791258409522168, 0.9958292603453894)",1,99.3682831602695,14291
"(0.9326599326599326, 1.0)",1,99.36826818405764,14292
"(1.0, 1.0)",1,99.36792725003704,14293
"(0.8319340617212959, 1.0)",1,99.36788059056512,14294
"(0.9546499948224086, 0.9958292603453894)",1,99.36771802262489,14295
"(0.9746854694957162, 0.9958292603453894)",1,99.3677049595764,14296
"(0.9747273037595618, 0.9958292603453894)",1,99.36752208125108,14297
"(0.73687720936437, 1.0)",1,99.36746940697896,14298
"(0.9750854369118126, 0.9958292603453894)",1,99.36727312947916,14299
"(0.8796475392220073, 1.0)",1,99.36702192864472,14300
"(0.9365496267832196, 0.9958292603453894)",1,99.36694685489525,14301
"(0.6886904761904762, 1.0)",1,99.3667382762049,14302
"(0.757745166550198, 1.0)",1,99.36658544907468,14303
"(0.8329050741331443, 1.0)",1,99.36657668025629,14304
"(0.876295504202481, 1.0)",1,99.36640309039656,14305
"(0.9131856219190184, 0.9958292603453894)",1,99.36623273538136,14306
"(0.978932178932179, 0.9958292603453894)",1,99.36612736140737,14307
"(0.987463247273494, 0.9958292603453894)",1,99.36605580350448,14308
"(0.97495917428555, 0.9958292603453894)",1,99.36604818647508,14309
"(0.9832184229069656, 0.9958292603453894)",1,99.36603621192768,14310
"(0.6215073982652175, 1.0)",1,99.36593341528224,14311
"(0.8059480202337346, 1.0)",1,99.36592612127748,14312
"(0.9833229101521784, 1.0)",1,99.36576551781116,14313
"(0.8494098216335122, 0.9958292603453894)",1,99.36572611550191,14314
"(0.6831352928913905, 1.0)",1,99.36567497543108,14315
"(0.7077308656256025, 1.0)",1,99.36545316388154,14316
"(0.6575398846941737, 1.0)",1,99.36543548828276,14317
"(0.9008025849489264, 1.0)",1,99.36533006526588,14318
"(0.9790972342015986, 0.9958292603453894)",1,99.36531235590054,14319
"(0.7994987468671678, 1.0)",1,99.3652988004721,14320
"(0.9326599326599326, 1.0)",1,99.36527940083128,14321
"(0.8676532769556025, 1.0)",1,99.3651995867664,14322
"(0.9834358767945106, 0.9958292603453894)",1,99.36519176742948,14323
"(1.0, 0.9958292603453894)",1,99.36491389247468,14324
"(0.7344692811916678, 1.0)",2,99.36491148315288,14326
"(0.9916585206907788, 0.9958292603453894)",1,99.36484832951209,14327
"(0.9958292603453894, 0.9958292603453894)",1,99.36484417798086,14328
"(0.958095238095238, 0.9958292603453894)",1,99.36450158300944,14329
"(0.9750780096985032, 0.9958292603453894)",1,99.36449883229768,14330
"(1.0, 0.9958292603453894)",1,99.3644726440297,14331
"(0.9750943974852894, 0.9958292603453894)",1,99.36445426753296,14332
"(0.9161952650324744, 1.0)",1,99.36424557245824,14333
"(0.987463247273494, 0.9958292603453894)",1,99.36417237424116,14334
"(0.6825396825396824, 1.0)",1,99.36410541895268,14335
"(0.9751539794803552, 0.9958292603453894)",1,99.36405636001714,14336
"(0.6886904761904762, 1.0)",1,99.36393250463078,14337
"(0.9610567210567212, 0.9958292603453894)",1,99.36392182301466,14338
"(0.6575398846941737, 1.0)",1,99.3638717597261,14339
"(0.746304385688563, 1.0)",1,99.36377947939856,14340
"(0.9622634791942192, 0.9958292603453894)",1,99.3637667382164,14341
"(0.6575398846941737, 1.0)",1,99.36366466952036,14342
"(0.9835199925522506, 0.9958292603453894)",1,99.36365060032838,14343
"(0.8222222222222222, 1.0)",1,99.36350310038604,14344
"(0.9876066164491212, 0.9958292603453894)",1,99.36341109985186,14345
"(0.799275702501509, 1.0)",1,99.36336670799948,14346
"(0.8137865219658889, 1.0)",1,99.3632603871668,14347
"(0.9746854694957162, 0.9958292603453894)",1,99.3632592739631,14348
"(0.9747273037595618, 0.9958292603453894)",1,99.36301615334348,14349
"(0.97495917428555, 0.9958292603453894)",1,99.36301390786709,14350
"(0.7498436522826767, 1.0)",1,99.36286634630204,14351
"(0.896607872489407, 0.9958292603453894)",1,99.36247858147676,14352
"(0.6825396825396824, 1.0)",1,99.36229417266398,14353
"(0.7090909090909091, 1.0)",1,99.36210937148776,14354
"(0.7498436522826767, 1.0)",1,99.362013429324,14355
"(0.9008025849489264, 1.0)",1,99.36200928285726,14356
"(0.7077308656256025, 1.0)",1,99.36193884935304,14357
"(0.7673678366541239, 1.0)",1,99.36156603546324,14358
"(0.7903875985986362, 1.0)",1,99.36153390158064,14359
"(0.6804620726495727, 1.0)",1,99.36137320114491,14360
"(0.8229870141950848, 1.0)",2,99.36120294096524,14362
"(0.9916585206907788, 0.9958292603453894)",1,99.36116825629854,14363
"(0.8222222222222222, 1.0)",2,99.36110068792996,14365
"(0.8867361313822293, 0.9958292603453894)",2,99.36101436007232,14367
"(0.9333044546043194, 0.9958292603453894)",2,99.36096483373366,14369
"(0.9622634791942192, 0.9958292603453894)",1,99.3608544931948,14370
"(0.9326599326599326, 1.0)",1,99.36082993471804,14371
"(0.9832925076188832, 0.9958292603453894)",1,99.36081045449488,14372
"(0.6042502004811546, 1.0)",1,99.3607792553524,14373
"(0.9435817855979146, 0.9958292603453894)",1,99.3606157810142,14374
"(0.8294970161977834, 1.0)",1,99.36055459908464,14375
"(0.9435817855979146, 0.9958292603453894)",1,99.3604561198868,14376
"(0.987491854024112, 0.9958292603453894)",1,99.36019527413713,14377
"(0.8533622685185187, 1.0)",1,99.36009731048502,14378
"(0.9516794286955578, 0.9958292603453894)",1,99.35987836931707,14379
"(1.0, 1.0)",1,99.35962088121582,14380
"(0.6825396825396824, 1.0)",2,99.35948844562508,14382
"(0.8976982097186702, 1.0)",1,99.35948399930332,14383
"(0.9748524098350704, 0.9958292603453894)",1,99.35942779523286,14384
"(0.9832965806068272, 0.9958292603453894)",1,99.35926918336176,14385
"(0.8796475392220073, 1.0)",1,99.35917974975732,14386
"(0.7344692811916678, 1.0)",1,99.35906025052051,14387
"(0.9333333333333332, 1.0)",1,99.35878109564976,14388
"(0.9146901709401708, 1.0)",1,99.35877472751424,14389
"(0.9490213526488036, 0.9958292603453894)",1,99.35877183777082,14390
"(0.738145558145558, 1.0)",1,99.35873465672104,14391
"(0.8016677935542034, 1.0)",1,99.35871728001544,14392
"(0.6378166586499919, 1.0)",1,99.35868492351145,14393
"(0.9746854694957162, 0.9958292603453894)",1,99.35848061392416,14394
"(0.893146638589877, 1.0)",1,99.35839883666128,14395
"(0.978932178932179, 0.9958292603453894)",1,99.35830486552344,14396
"(0.7503607503607503, 1.0)",1,99.35816756492488,14397
"(0.8177442148030384, 1.0)",1,99.35807952516676,14398
"(0.9790693693461476, 0.9958292603453894)",1,99.35795724413283,14399
"(0.9792521035784794, 0.9958292603453894)",1,99.357711601943,14400
"(0.9749706744868036, 0.9958292603453894)",1,99.3575393459159,14401
"(0.9413496923696164, 0.9958292603453894)",1,99.35752356006948,14402
"(0.9791258409522168, 0.9958292603453894)",1,99.35749488771484,14403
"(0.6042502004811546, 1.0)",1,99.35748125071784,14404
"(0.9750481776288228, 0.9958292603453894)",1,99.35734348613288,14405
"(0.9791258409522168, 0.9958292603453894)",1,99.3573258610671,14406
"(0.9622634791942192, 0.9958292603453894)",1,99.35732575725392,14407
"(0.5555555555555555, 1.0)",1,99.35727771093624,14408
"(0.9582389563841176, 0.9958292603453894)",1,99.35726784918435,14409
"(0.8016677935542034, 1.0)",1,99.35722334910976,14410
"(0.6767580302172832, 1.0)",1,99.3571115753852,14411
"(0.9581458989353726, 1.0)",1,99.35697707617716,14412
"(0.9832925076188832, 0.9958292603453894)",1,99.3568375707256,14413
"(0.9658159033159032, 0.9958292603453894)",1,99.35680309053268,14414
"(0.7632275132275131, 1.0)",1,99.35667995950108,14415
"(0.9834358767945106, 0.9958292603453894)",1,99.35662762308642,14416
"(0.9714797495442656, 0.9958292603453894)",1,99.356611713593,14417
"(0.8533622685185187, 1.0)",1,99.3565886647159,14418
"(0.9332172991312776, 0.9958292603453894)",1,99.35650403375796,14419
"(0.9958292603453894, 0.9958292603453894)",1,99.35638388728302,14420
"(0.987463247273494, 0.9958292603453894)",1,99.35634565411772,14421
"(0.987491854024112, 0.9958292603453894)",1,99.3562770474646,14422
"(0.6191502463054187, 1.0)",1,99.35611412380403,14423
"(0.8016677935542034, 1.0)",2,99.3560293755854,14425
"(0.8449978636391381, 1.0)",1,99.35586714322072,14426
"(1.0, 0.9958292603453894)",1,99.35586610275048,14427
"(0.9835547122074636, 0.9958292603453894)",1,99.35573199300276,14428
"(0.6698155645524068, 1.0)",1,99.3556069071918,14429
"(0.8468951683237397, 1.0)",1,99.3555245755892,14430
"(0.9581458989353726, 1.0)",1,99.3554366278411,14431
"(0.8449978636391381, 1.0)",1,99.35542161606044,14432
"(0.7344692811916678, 1.0)",1,99.3552509032976,14433
"(0.7511111111111111, 1.0)",1,99.35522512946858,14434
"(0.9793747635794354, 0.9958292603453894)",1,99.35483090195396,14435
"(0.8840455840455841, 1.0)",1,99.35476118891194,14436
"(0.8547756205106323, 1.0)",1,99.3546955565126,14437
"(0.9189396095602992, 0.9958292603453894)",2,99.35464903885976,14439
"(0.9873444118605408, 0.9958292603453894)",1,99.35444368995174,14440
"(0.9750854369118126, 0.9958292603453894)",1,99.3543950236832,14441
"(0.9369808292429718, 0.9958292603453894)",1,99.35438956700608,14442
"(0.9791258409522168, 0.9958292603453894)",1,99.35438104511054,14443
"(0.861111111111111, 1.0)",1,99.35434540602036,14444
"(0.9658159033159032, 0.9958292603453894)",1,99.35427644051,14445
"(0.9832965806068272, 0.9958292603453894)",1,99.354240240428,14446
"(0.9747273037595618, 0.9958292603453894)",1,99.35420910753328,14447
"(0.6760835913312693, 1.0)",1,99.35406739793478,14448
"(0.6825396825396824, 1.0)",1,99.3540640412838,14449
"(0.8016677935542034, 1.0)",1,99.35395537525356,14450
"(0.8468089381754635, 1.0)",1,99.35383260424696,14451
"(0.987463247273494, 0.9958292603453894)",1,99.35379089199049,14452
"(0.9153439153439152, 1.0)",1,99.35378287887468,14453
"(0.9303715638302106, 1.0)",1,99.35370387881628,14454
"(0.861111111111111, 1.0)",1,99.35369060775676,14455
"(0.8814814814814814, 1.0)",1,99.35360973833374,14456
"(0.9832401090007582, 0.9958292603453894)",1,99.35349205921476,14457
"(0.9744745723240348, 0.9958292603453894)",1,99.353488688223,14458
"(0.902764590611026, 0.9958292603453894)",1,99.35347562706204,14459
"(1.0, 0.9958292603453894)",1,99.35346932280886,14460
"(0.9832401090007582, 0.9958292603453894)",1,99.35332251496466,14461
"(0.983545503234046, 0.9958292603453894)",1,99.35331099380775,14462
"(0.4776542240827955, 1.0)",1,99.35316376697044,14463
"(0.93773047895128, 0.9958292603453894)",1,99.35314660463791,14464
"(0.9649790647893116, 0.9958292603453894)",1,99.35314029406508,14465
"(0.9704226680823772, 0.9958292603453894)",1,99.35303349778852,14466
"(0.9833211143695014, 0.9958292603453894)",1,99.35302130356624,14467
"(0.979055829228243, 0.9958292603453894)",1,99.3529792781594,14468
"(0.934122934122934, 1.0)",1,99.35294793118274,14469
"(0.81893131227901, 1.0)",1,99.35291510730605,14470
"(0.9618291283060416, 0.9958292603453894)",1,99.35278457192442,14471
"(0.9300671002153482, 1.0)",1,99.3527802969061,14472
"(0.4776542240827955, 1.0)",1,99.3527410229008,14473
"(0.9365496267832196, 0.9958292603453894)",1,99.35273368430974,14474
"(0.7979797979797979, 1.0)",1,99.35267129586116,14475
"(0.6784722222222224, 1.0)",1,99.3523430933073,14476
"(0.9665831244778612, 1.0)",1,99.3522916282437,14477
"(0.9131856219190184, 0.9958292603453894)",1,99.35219825056284,14478
"(0.5131569832583307, 1.0)",1,99.35215188721364,14479
"(0.9720813204508856, 1.0)",1,99.35213523634997,14480
"(0.970607585468542, 0.9958292603453894)",1,99.3518540530686,14481
"(0.962505246140658, 0.9958292603453894)",1,99.35184223765516,14482
"(0.8476190476190477, 1.0)",1,99.35179633868174,14483
"(0.8586166985951469, 1.0)",1,99.35172142408884,14484
"(0.978932178932179, 0.9958292603453894)",1,99.35171343850956,14485
"(0.8796475392220073, 1.0)",1,99.35169225388546,14486
"(0.9874877810361682, 0.9958292603453894)",1,99.35169141007518,14487
"(0.9705906996229576, 0.9958292603453894)",1,99.3516761974737,14488
"(0.9916625936787228, 0.9958292603453894)",1,99.35164930657672,14489
"(1.0, 1.0)",1,99.35164452722748,14490
"(0.786508365740383, 1.0)",1,99.35148985281974,14491
"(0.97934925289764, 0.9958292603453894)",1,99.3513806814432,14492
"(0.6698155645524068, 1.0)",1,99.351268628992,14493
"(0.9665831244778612, 1.0)",4,99.35110841040868,14497
"(0.8796475392220073, 1.0)",1,99.35099256846178,14498
"(0.8800398919491478, 0.9958292603453894)",1,99.3508867060739,14499
"(0.861111111111111, 1.0)",3,99.3504218004218,14502
"(0.9665633291439744, 0.9958292603453894)",1,99.35040661000971,14503
"(0.971023600055858, 0.9958292603453894)",1,99.35025184747992,14504
"(0.8928598364786969, 0.9958292603453894)",1,99.3501577082104,14505
"(0.9916625936787228, 0.9958292603453894)",1,99.35012454501256,14506
"(0.861111111111111, 1.0)",1,99.34994943048883,14507
"(0.8533622685185187, 1.0)",1,99.3498965781298,14508
"(0.9835199925522506, 0.9958292603453894)",1,99.34988700252931,14509
"(0.94993894993895, 1.0)",1,99.34961243024756,14510
"(0.9746535316523212, 0.9958292603453894)",1,99.34939864917106,14511
"(0.8676532769556025, 1.0)",1,99.34895702255696,14512
"(0.97934925289764, 0.9958292603453894)",1,99.34872085124304,14513
"(0.8887202421952387, 1.0)",2,99.34871619062544,14515
"(0.5131569832583307, 1.0)",1,99.34864230202488,14516
"(0.9833229101521784, 1.0)",1,99.34853463080977,14517
"(0.987463247273494, 0.9958292603453894)",2,99.348478298167,14519
"(0.943710724759112, 0.9958292603453894)",1,99.3483308782486,14520
"(0.7711781618000022, 1.0)",1,99.34832044438916,14521
"(0.9792521035784794, 0.9958292603453894)",1,99.34829947215135,14522
"(0.9192093318943212, 1.0)",1,99.34814838065864,14523
"(0.9435817855979146, 0.9958292603453894)",1,99.34804618931558,14524
"(0.9664171122994653, 0.9958292603453894)",1,99.34801533284588,14525
"(0.8425483191745751, 1.0)",1,99.34789040058352,14526
"(0.8294970161977834, 1.0)",1,99.34779460798696,14527
"(0.7503607503607503, 1.0)",1,99.3476749703097,14528
"(0.757745166550198, 1.0)",1,99.34756478576044,14529
"(0.8976982097186702, 1.0)",1,99.34753175918792,14530
"(0.9516794286955578, 0.9958292603453894)",1,99.34742784293866,14531
"(0.9665831244778612, 1.0)",1,99.34726183274276,14532
"(0.8137865219658889, 1.0)",1,99.34724555382309,14533
"(0.8329156223893065, 1.0)",1,99.34722847003547,14534
"(0.9707136080238548, 0.9958292603453894)",1,99.34720295892996,14535
"(0.9873891625615764, 0.9958292603453894)",1,99.346995155403,14536
"(0.9008025849489264, 1.0)",1,99.3469806157886,14537
"(0.8223603132717912, 0.9958292603453894)",1,99.34692043057376,14538
"(0.9833229101521784, 1.0)",1,99.3468242947533,14539
"(0.8040695048423352, 1.0)",1,99.34673403610944,14540
"(0.9331662489557224, 1.0)",1,99.3466789031188,14541
"(0.6544644252235129, 1.0)",1,99.34666902652586,14542
"(0.9326599326599326, 1.0)",1,99.34662779335436,14543
"(0.6042502004811546, 1.0)",2,99.34656937456216,14545
"(0.6575398846941737, 1.0)",1,99.34654420442672,14546
"(0.8762860082304527, 1.0)",1,99.34646686844326,14547
"(0.9206165335472736, 0.9958292603453894)",1,99.34644790888689,14548
"(0.9833229101521784, 1.0)",1,99.3464007532985,14549
"(0.7042648709315374, 1.0)",1,99.34639677515015,14550
"(0.9501563219469168, 0.9958292603453894)",1,99.34631025382129,14551
"(0.9834358767945106, 0.9958292603453894)",1,99.34597494072196,14552
"(0.978932178932179, 0.9958292603453894)",1,99.34577089688167,14553
"(0.7656073923822403, 1.0)",1,99.34557478115464,14554
"(0.8449978636391381, 1.0)",1,99.3453912434667,14555
"(0.9365496267832196, 0.9958292603453894)",1,99.345326224314,14556
"(0.9750854369118126, 0.9958292603453894)",1,99.34524323597242,14557
"(0.903667392883079, 1.0)",1,99.34515123018284,14558
"(0.8016677935542034, 1.0)",2,99.34511699141515,14560
"(0.7532376017916352, 1.0)",1,99.3450710621659,14561
"(0.8016677935542034, 1.0)",1,99.3450333533132,14562
"(0.9791299139401608, 0.9958292603453894)",1,99.34498273534334,14563
"(0.7090909090909091, 1.0)",1,99.34485411994125,14564
"(0.735643158757169, 1.0)",1,99.34467422009588,14565
"(0.9295946890286512, 1.0)",1,99.34455060727836,14566
"(0.8907966222338917, 0.9958292603453894)",1,99.34446467987722,14567
"(0.9490213526488036, 0.9958292603453894)",1,99.34439041327396,14568
"(0.8579868984630887, 1.0)",1,99.34426708101266,14569
"(0.9873444118605408, 0.9958292603453894)",1,99.34415303647404,14570
"(0.6825396825396824, 1.0)",1,99.34414410395522,14571
"(0.9751539794803552, 0.9958292603453894)",1,99.34405296907504,14572
"(0.9583406125452844, 0.9958292603453894)",1,99.34401306181736,14573
"(0.9166682405676116, 1.0)",1,99.3437860903073,14574
"(0.8976982097186702, 1.0)",2,99.3437766410912,14576
"(0.979055829228243, 0.9958292603453894)",1,99.34358318313352,14577
"(0.97934925289764, 0.9958292603453894)",1,99.343541761105,14578
"(0.8065954953750508, 1.0)",1,99.34352339455694,14579
"(0.8247905643738976, 1.0)",2,99.34351030160632,14581
"(0.944563492063492, 1.0)",1,99.34350852162504,14582
"(0.9714797495442656, 0.9958292603453894)",1,99.34340950941758,14583
"(0.859499940327008, 1.0)",1,99.34330891055104,14584
"(0.987463247273494, 0.9958292603453894)",1,99.34293573436788,14585
"(0.916104916104916, 1.0)",1,99.34291413209016,14586
"(0.8312205288949474, 1.0)",1,99.34291097994203,14587
"(0.8717520170461346, 0.9958292603453894)",1,99.34290068381992,14588
"(0.9747838672665278, 0.9958292603453894)",1,99.34288435618784,14589
"(0.947552083649559, 0.9958292603453894)",1,99.34274834030973,14590
"(0.8848000715856217, 1.0)",2,99.3427202769982,14592
"(0.9504245882013664, 0.9958292603453894)",1,99.34266266035117,14593
"(0.9699183291713004, 0.9958292603453894)",1,99.3426295531998,14594
"(0.6636745887678723, 1.0)",1,99.34262251562068,14595
"(0.8137865219658889, 1.0)",1,99.3426009823593,14596
"(0.947552083649559, 0.9958292603453894)",1,99.34257946045228,14597
"(0.979166518665308, 1.0)",1,99.34246865093228,14598
"(0.9871616776282092, 0.9958292603453894)",1,99.34245047338972,14599
"(0.987463247273494, 0.9958292603453894)",1,99.3422873529276,14600
"(0.8579868984630887, 1.0)",1,99.34227143926826,14601
"(0.9721762578905436, 1.0)",1,99.3421204146761,14602
"(0.6215073982652175, 1.0)",1,99.34199117269648,14603
"(0.7944219523166891, 1.0)",1,99.34198346576063,14604
"(0.9279680209218476, 0.9958292603453894)",1,99.34196620084914,14605
"(0.9707136080238548, 0.9958292603453894)",1,99.3416351294427,14606
"(0.8885436799091353, 0.9958292603453894)",1,99.3416263715996,14607
"(0.8420013166556946, 1.0)",1,99.34162451030522,14608
"(0.9581458989353726, 1.0)",1,99.3416039692716,14609
"(0.9873444118605408, 0.9958292603453894)",1,99.34157275851508,14610
"(0.8997493734335841, 1.0)",1,99.3414167435672,14611
"(0.979051756240299, 0.9958292603453894)",1,99.34136246732984,14612
"(0.9916666666666668, 0.9958292603453894)",1,99.34131330445288,14613
"(0.987463247273494, 0.9958292603453894)",1,99.34129023468964,14614
"(0.9669795885118464, 0.9958292603453894)",1,99.34115282617007,14615
"(0.9369808292429718, 0.9958292603453894)",1,99.341094825204,14616
"(0.5910680656443368, 1.0)",1,99.3410269635312,14617
"(0.9748850895736324, 0.9958292603453894)",1,99.34096155233745,14618
"(0.8016677935542034, 1.0)",1,99.34054625926194,14619
"(0.8372053872053872, 1.0)",1,99.3405060356074,14620
"(0.859499940327008, 1.0)",1,99.3404322270693,14621
"(0.9833211143695014, 0.9958292603453894)",1,99.34040122252024,14622
"(0.9791299139401608, 0.9958292603453894)",1,99.3402990850605,14623
"(0.7198480531813864, 1.0)",1,99.34016373455518,14624
"(0.9333333333333332, 1.0)",1,99.3400681976708,14625
"(0.9916585206907788, 0.9958292603453894)",1,99.33988096003104,14626
"(0.902012682657844, 0.9958292603453894)",1,99.339851004355,14627
"(0.9958292603453894, 0.9958292603453894)",1,99.3397552622599,14628
"(0.9454999712494968, 0.9958292603453894)",1,99.33964033180376,14629
"(0.97899550533801, 0.9958292603453894)",1,99.33962439266534,14630
"(0.8420013166556946, 1.0)",2,99.33949037408512,14632
"(0.5555555555555555, 1.0)",1,99.33948613364812,14633
"(0.958227107069612, 0.9958292603453894)",1,99.33925291326732,14634
"(0.9295946890286512, 1.0)",2,99.33924372636666,14636
"(0.9835547122074636, 0.9958292603453894)",1,99.33914282141822,14637
"(0.9581458989353726, 1.0)",1,99.3387883646412,14638
"(0.8717520170461346, 0.9958292603453894)",1,99.33872994416532,14639
"(0.8533622685185187, 1.0)",2,99.3386681637971,14641
"(0.7294281157362763, 1.0)",1,99.3385920768964,14642
"(0.7545469576719577, 1.0)",1,99.33858317355995,14643
"(0.7532376017916352, 1.0)",1,99.3385564450283,14644
"(0.8600291387756281, 0.9958292603453894)",1,99.33848926182772,14645
"(0.5070372093557577, 1.0)",2,99.3384427225282,14647
"(0.94993894993895, 1.0)",1,99.33833445734687,14648
"(0.9834358767945106, 0.9958292603453894)",1,99.33827982018072,14649
"(0.9916585206907788, 0.9958292603453894)",1,99.33820056062254,14650
"(0.987463247273494, 0.9958292603453894)",1,99.3379427984502,14651
"(0.987463247273494, 0.9958292603453894)",1,99.33772197127008,14652
"(0.6179693015417549, 1.0)",1,99.33770256270004,14653
"(0.746304385688563, 1.0)",1,99.33768400323328,14654
"(0.9833229101521784, 1.0)",1,99.3374988092647,14655
"(0.6825396825396824, 1.0)",1,99.33744964726247,14656
"(0.8840455840455841, 1.0)",1,99.33742798665864,14657
"(0.8503982994305574, 0.9958292603453894)",1,99.3371464281378,14658
"(0.9669558693467613, 0.9958292603453894)",1,99.33698696225356,14659
"(0.816195709052852, 1.0)",1,99.33696034911878,14660
"(0.97899550533801, 0.9958292603453894)",1,99.33653989113682,14661
"(0.979055829228243, 0.9958292603453894)",1,99.33643144690568,14662
"(0.6747507742934573, 1.0)",1,99.33641950473564,14663
"(0.9750780096985032, 0.9958292603453894)",1,99.33624554943492,14664
"(0.9153439153439152, 1.0)",1,99.33611699569148,14665
"(0.9791102677630192, 0.9958292603453894)",1,99.33609688680411,14666
"(0.8312205288949474, 1.0)",2,99.33604261580297,14668
"(0.9916585206907788, 0.9958292603453894)",1,99.3360345271322,14669
"(0.9516794286955578, 0.9958292603453894)",1,99.33601306716233,14670
"(0.9791332681655264, 0.9958292603453894)",1,99.33570872277544,14671
"(0.902012682657844, 0.9958292603453894)",1,99.3356802647004,14672
"(0.9665831244778612, 1.0)",1,99.33559369203356,14673
"(0.7030539311241066, 1.0)",1,99.3355884264037,14674
"(0.9835199925522506, 0.9958292603453894)",1,99.33555091427172,14675
"(0.987463247273494, 0.9958292603453894)",1,99.3355258476406,14676
"(0.8552744708994707, 1.0)",1,99.33516371757295,14677
"(0.9835547122074636, 0.9958292603453894)",1,99.33511545093924,14678
"(0.617513611615245, 1.0)",1,99.33492958919382,14679
"(0.9714797495442656, 0.9958292603453894)",1,99.33475675799444,14680
"(0.6042502004811546, 1.0)",1,99.33469880826874,14681
"(0.9706172005998612, 0.9958292603453894)",1,99.33466411786468,14682
"(0.947552083649559, 0.9958292603453894)",1,99.33465918741136,14683
"(0.6747507742934573, 1.0)",1,99.33461501274816,14684
"(0.9874877810361682, 0.9958292603453894)",1,99.3345444696662,14685
"(0.9833229101521784, 1.0)",1,99.33445160601772,14686
"(0.987463247273494, 0.9958292603453894)",1,99.33433205047008,14687
"(0.786508365740383, 1.0)",1,99.33427002245448,14688
"(0.9131856219190184, 0.9958292603453894)",2,99.33426925762448,14690
"(0.4776542240827955, 1.0)",2,99.33418694748582,14692
"(0.9501563219469168, 0.9958292603453894)",1,99.3341481694372,14693
"(0.8247905643738976, 1.0)",1,99.334109554321,14694
"(0.6825396825396824, 1.0)",1,99.333925579984,14695
"(0.987463247273494, 0.9958292603453894)",1,99.33386590279096,14696
"(0.861111111111111, 1.0)",1,99.33374471057398,14697
"(0.9791332681655264, 0.9958292603453894)",1,99.33363996917284,14698
"(0.9833040078201368, 0.9958292603453894)",1,99.3334249463947,14699
"(0.7574146783449108, 1.0)",1,99.33339796601264,14700
"(0.978932178932179, 0.9958292603453894)",1,99.33327578446723,14701
"(0.882673371045464, 1.0)",1,99.33326979654689,14702
"(0.9834358767945106, 0.9958292603453894)",1,99.33321265880572,14703
"(0.6042502004811546, 1.0)",1,99.33321171059588,14704
"(0.9546499948224086, 0.9958292603453894)",1,99.33319699726846,14705
"(0.7802197802197803, 1.0)",1,99.33318156432216,14706
"(0.8137865219658889, 1.0)",2,99.33313748227418,14708
"(0.9873891625615764, 0.9958292603453894)",1,99.3328920703629,14709
"(0.979051756240299, 0.9958292603453894)",1,99.33285958506046,14710
"(0.8814814814814814, 1.0)",1,99.33278556096468,14711
"(0.7344692811916678, 1.0)",1,99.33254652330588,14712
"(0.9250222656674272, 0.9958292603453894)",2,99.33249281953424,14714
"(0.9384174012481092, 0.9958292603453894)",1,99.33245401537488,14715
"(0.9384174012481092, 0.9958292603453894)",1,99.332445869399,14716
"(0.9833211143695014, 0.9958292603453894)",1,99.33218690397842,14717
"(0.6825396825396824, 1.0)",1,99.33217440098056,14718
"(0.9034438470728792, 0.9958292603453894)",1,99.33214746686537,14719
"(0.9829909379735984, 0.9958292603453894)",1,99.33203093493466,14720
"(0.9146901709401708, 1.0)",1,99.3320303070562,14721
"(0.9748524098350704, 0.9958292603453894)",1,99.33178778322056,14722
"(0.8425483191745751, 1.0)",1,99.33171866336444,14723
"(0.9206165335472736, 0.9958292603453894)",1,99.33166148756246,14724
"(0.9829909379735984, 0.9958292603453894)",1,99.3316250914418,14725
"(0.6521663785997688, 1.0)",1,99.33157473657523,14726
"(0.930124456440246, 1.0)",1,99.33142530197644,14727
"(0.7673678366541239, 1.0)",1,99.33136271041704,14728
"(0.97934925289764, 0.9958292603453894)",1,99.3313579282176,14729
"(0.9832965806068272, 0.9958292603453894)",1,99.33134998646256,14730
"(0.8065954953750508, 1.0)",1,99.33133021154786,14731
"(0.9916339869281046, 0.9958292603453894)",1,99.33132327256628,14732
"(0.9833229101521784, 1.0)",1,99.33118670919202,14733
"(0.9714797495442656, 0.9958292603453894)",1,99.33112630638094,14734
"(0.8310777799491891, 1.0)",1,99.33103124383538,14735
"(0.917655049465296, 0.9958292603453894)",1,99.3310095172133,14736
"(0.6378166586499919, 1.0)",1,99.33093030308882,14737
"(0.8976982097186702, 1.0)",1,99.3307675920187,14738
"(0.7802197802197803, 1.0)",1,99.33066418470337,14739
"(0.8222222222222222, 1.0)",1,99.33055634519047,14740
"(0.9750943974852894, 0.9958292603453894)",1,99.33055318135258,14741
"(0.8468089381754635, 1.0)",1,99.33029084097596,14742
"(0.8468089381754635, 1.0)",1,99.33024089828972,14743
"(0.9131856219190184, 0.9958292603453894)",1,99.33023578252072,14744
"(0.9504245882013664, 0.9958292603453894)",1,99.33021923811472,14745
"(0.9829909379735984, 0.9958292603453894)",1,99.32996912110674,14746
"(0.9206165335472736, 0.9958292603453894)",1,99.329949867612,14747
"(1.0, 0.9958292603453894)",1,99.32986689898306,14748
"(0.8633762288330498, 1.0)",1,99.32926872884596,14749
"(0.9873891625615764, 0.9958292603453894)",1,99.32900655890394,14750
"(0.8016677935542034, 1.0)",1,99.3289863517412,14751
"(0.9516794286955578, 0.9958292603453894)",1,99.32894481551452,14752
"(0.930593793370792, 0.9958292603453894)",1,99.32883092352584,14753
"(0.8579868984630887, 1.0)",1,99.3287684551524,14754
"(0.9833229101521784, 1.0)",1,99.32862458997744,14755
"(0.9916666666666668, 0.9958292603453894)",1,99.32862088625924,14756
"(0.7077308656256025, 1.0)",1,99.3285846696574,14757
"(0.9622634791942192, 0.9958292603453894)",1,99.32842336007388,14758
"(0.9791258409522168, 0.9958292603453894)",1,99.3283321173863,14759
"(0.9161379295307868, 1.0)",1,99.32815673281137,14760
"(0.9833229101521784, 1.0)",1,99.32798903042092,14761
"(1.0, 1.0)",1,99.32787354544564,14762
"(0.7711781618000022, 1.0)",1,99.32785213545236,14763
"(0.9581458989353726, 1.0)",1,99.32759113025875,14764
"(0.9958292603453894, 0.9958292603453894)",1,99.32753952755976,14765
"(0.9582389563841176, 0.9958292603453894)",1,99.32747564213064,14766
"(0.7601164382773579, 1.0)",1,99.32731321557256,14767
"(0.7673678366541239, 1.0)",1,99.32727308911652,14768
"(0.9618291283060416, 0.9958292603453894)",1,99.3271969841797,14769
"(0.8425483191745751, 1.0)",1,99.3271358367742,14770
"(0.8468089381754635, 1.0)",1,99.3270550766952,14771
"(0.7532376017916352, 1.0)",1,99.32705200322393,14772
"(0.9832965806068272, 0.9958292603453894)",1,99.32703587763233,14773
"(0.933096859926128, 1.0)",1,99.32698759596644,14774
"(0.9622634791942192, 0.9958292603453894)",1,99.32695393452218,14775
"(0.9832401090007582, 0.9958292603453894)",1,99.32680584116288,14776
"(0.7786375661375661, 1.0)",1,99.32623497748716,14777
"(0.9161952650324744, 1.0)",1,99.3262179619893,14778
"(0.9034438470728792, 0.9958292603453894)",1,99.32603741094564,14779
"(0.9871616776282092, 0.9958292603453894)",1,99.3260363772843,14780
"(0.5131569832583307, 1.0)",1,99.32599994299974,14781
"(0.9182966261114094, 0.9958292603453894)",1,99.32594694058494,14782
"(0.9182966261114094, 0.9958292603453894)",1,99.325942867597,14783
"(0.8885714285714285, 1.0)",1,99.32578266977816,14784
"(0.9166682405676116, 1.0)",1,99.32578107786028,14785
"(0.8880984643179766, 1.0)",1,99.32570374891348,14786
"(0.9623066688389268, 0.9958292603453894)",1,99.32568056280606,14787
"(0.9916585206907788, 0.9958292603453894)",1,99.32564876774072,14788
"(0.6747507742934573, 1.0)",1,99.32526358305344,14789
"(0.9833040078201368, 0.9958292603453894)",1,99.32503679555025,14790
"(0.7574146783449108, 1.0)",1,99.32492398642816,14791
"(0.913942789236907, 0.9958292603453894)",1,99.32472962131136,14792
"(0.799275702501509, 1.0)",1,99.3246886863227,14793
"(0.6042502004811546, 1.0)",1,99.32461253378249,14794
"(0.9791258409522168, 0.9958292603453894)",1,99.32452170855856,14795
"(0.917415489944373, 1.0)",1,99.32446332894185,14796
"(0.7075023741690408, 1.0)",1,99.32440320634028,14797
"(0.799275702501509, 1.0)",1,99.3243857728619,14798
"(0.9279680209218476, 0.9958292603453894)",1,99.32436093126174,14799
"(0.8070855614973262, 1.0)",1,99.32423200048066,14800
"(0.816195709052852, 1.0)",1,99.32412499746994,14801
"(0.6698155645524068, 1.0)",1,99.32402354827984,14802
"(0.8928598364786969, 0.9958292603453894)",1,99.3239262218572,14803
"(0.9744745723240348, 0.9958292603453894)",1,99.32391370774114,14804
"(0.9791332681655264, 0.9958292603453894)",1,99.32385772874603,14805
"(0.9332172991312776, 0.9958292603453894)",1,99.32376043763736,14806
"(0.9618291283060416, 0.9958292603453894)",1,99.32351956198158,14807
"(0.9756244289830628, 0.9958292603453894)",1,99.32346674479494,14808
"(0.8928598364786969, 0.9958292603453894)",1,99.32325819375554,14809
"(0.7090909090909091, 1.0)",1,99.32322048259888,14810
"(0.9832925076188832, 0.9958292603453894)",1,99.3229840408262,14811
"(0.8020892995758788, 0.9958292603453894)",1,99.32282499756955,14812
"(0.8319340617212959, 1.0)",1,99.3227087953788,14813
"(0.9166682405676116, 1.0)",1,99.32255157440127,14814
"(0.8483418730488175, 0.9958292603453894)",1,99.32236303313582,14815
"(0.9157097551404952, 0.9958292603453894)",1,99.32234544214572,14816
"(0.9871616776282092, 0.9958292603453894)",1,99.32224667763124,14817
"(0.8247905643738976, 1.0)",1,99.32223647793349,14818
"(0.9707095350359108, 0.9958292603453894)",1,99.32214537087218,14819
"(0.9384174012481092, 0.9958292603453894)",1,99.3221428590906,14820
"(1.0, 0.9958292603453894)",1,99.3221119279862,14821
"(0.8222222222222222, 1.0)",1,99.32195825141908,14822
"(0.6825396825396824, 1.0)",1,99.32189363851305,14823
"(0.962505246140658, 0.9958292603453894)",1,99.32167426315073,14824
"(0.9792766373411534, 0.9958292603453894)",1,99.32148574446973,14825
"(0.9916666666666668, 0.9958292603453894)",1,99.32135323774024,14826
"(0.9714797495442656, 0.9958292603453894)",1,99.32134476618506,14827
"(0.8600291387756281, 0.9958292603453894)",1,99.32128355813572,14828
"(0.944563492063492, 1.0)",1,99.32125559403713,14829
"(0.7786375661375661, 1.0)",1,99.3212462766812,14830
"(0.8736897274633123, 1.0)",1,99.3212109658106,14831
"(0.9916585206907788, 0.9958292603453894)",1,99.32108900244872,14832
"(0.9157097551404952, 0.9958292603453894)",1,99.32098364959718,14833
"(0.7060994560994561, 1.0)",2,99.32093855282083,14835
"(0.9791258409522168, 0.9958292603453894)",1,99.32082870444012,14836
"(0.7278086237149632, 1.0)",1,99.32079142821486,14837
"(0.9699183291713004, 0.9958292603453894)",1,99.32052085979228,14838
"(0.7077308656256025, 1.0)",1,99.3205163210298,14839
"(0.9792766373411534, 0.9958292603453894)",1,99.32037270448906,14840
"(0.9333044546043194, 0.9958292603453894)",1,99.3203169447557,14841
"(0.9791258409522168, 0.9958292603453894)",1,99.32012596975584,14842
"(0.9622634791942192, 0.9958292603453894)",2,99.3200988846008,14844
"(0.7802197802197803, 1.0)",1,99.32001422211457,14845
"(0.808446455505279, 1.0)",1,99.3199960017092,14846
"(0.9720813204508856, 1.0)",1,99.31989856419816,14847
"(0.9539225495593684, 0.9958292603453894)",1,99.31986477230468,14848
"(0.9008627640703112, 1.0)",1,99.31980252922682,14849
"(0.6215073982652175, 1.0)",1,99.31975648585558,14850
"(0.6747507742934573, 1.0)",1,99.31974356613604,14851
"(0.9580602951397298, 0.9958292603453894)",1,99.31958304707376,14852
"(0.8676532769556025, 1.0)",1,99.31954206957148,14853
"(0.721056721056721, 1.0)",1,99.31951747931114,14854
"(0.9833040078201368, 0.9958292603453894)",1,99.3192085941381,14855
"(0.9665831244778612, 1.0)",1,99.31913111067529,14856
"(1.0, 1.0)",1,99.3190982459275,14857
"(0.6698155645524068, 1.0)",1,99.31893837156994,14858
"(0.9665831244778612, 1.0)",1,99.31891660218577,14859
"(0.6042502004811546, 1.0)",1,99.31887746600655,14860
"(0.853048675610595, 1.0)",1,99.31867295304096,14861
"(0.979051756240299, 0.9958292603453894)",1,99.31848678565896,14862
"(0.9669558693467613, 0.9958292603453894)",1,99.31834368141767,14863
"(0.7362637362637362, 1.0)",1,99.3182909044978,14864
"(0.8796475392220073, 1.0)",1,99.31827537836332,14865
"(0.9623978877963698, 0.9958292603453894)",1,99.31821179932626,14866
"(0.9501563219469168, 0.9958292603453894)",1,99.31799420683112,14867
"(0.8065954953750508, 1.0)",1,99.31795498689422,14868
"(0.9533841533841534, 0.9958292603453894)",1,99.31788208580276,14869
"(0.902764590611026, 0.9958292603453894)",1,99.3174158877488,14870
"(0.9748850895736324, 0.9958292603453894)",1,99.31734384264767,14871
"(0.6042502004811546, 1.0)",1,99.31726877893784,14872
"(0.6760835913312693, 1.0)",1,99.31710624122056,14873
"(0.9580602951397298, 0.9958292603453894)",1,99.31710572087611,14874
"(0.8151249335459861, 1.0)",1,99.3170375410961,14875
"(0.7552298585410389, 1.0)",1,99.31702981016366,14876
"(0.738145558145558, 1.0)",1,99.3169846097268,14877
"(0.9833211143695014, 0.9958292603453894)",1,99.31694987088233,14878
"(0.9157097551404952, 0.9958292603453894)",1,99.31681290994256,14879
"(0.8533622685185187, 1.0)",1,99.31677466626614,14880
"(0.9788980434141724, 0.9958292603453894)",1,99.3167249044364,14881
"(0.9182966261114094, 0.9958292603453894)",1,99.31668963358878,14882
"(0.9300671002153482, 1.0)",1,99.3165720132128,14883
"(0.7802197802197803, 1.0)",1,99.3162916856829,14884
"(0.8222222222222222, 1.0)",1,99.3161349276882,14885
"(0.8040695048423352, 1.0)",1,99.31593552634902,14886
"(0.6575398846941737, 1.0)",2,99.31591606298213,14888
"(0.8312205288949474, 1.0)",1,99.3158163378762,14889
"(0.7340930674264006, 1.0)",1,99.31581630872412,14890
"(0.9206165335472736, 0.9958292603453894)",1,99.31555902404328,14891
"(0.4943189964157706, 1.0)",2,99.31543935814072,14893
"(0.9833211143695014, 0.9958292603453894)",1,99.3152896987508,14894
"(0.9876221896383188, 0.9958292603453894)",1,99.31528406820313,14895
"(0.9666562434855118, 1.0)",1,99.3149899041294,14896
"(0.7277677677677677, 1.0)",2,99.3148088958758,14898
"(0.8928598364786969, 0.9958292603453894)",1,99.314737005236,14899
"(0.9873891625615764, 0.9958292603453894)",1,99.31470276794596,14900
"(0.9157097551404952, 0.9958292603453894)",1,99.31467615710469,14901
"(0.8247905643738976, 1.0)",1,99.31450352466112,14902
"(0.8586166985951469, 1.0)",1,99.31440370031724,14903
"(0.9749436010963526, 0.9958292603453894)",1,99.3142544918926,14904
"(0.9833040078201368, 0.9958292603453894)",1,99.31405941422868,14905
"(0.8885714285714285, 1.0)",1,99.3140553940658,14906
"(0.8613656783468103, 1.0)",2,99.31402310575922,14908
"(0.958095238095238, 0.9958292603453894)",1,99.31400691011252,14909
"(0.9295946890286512, 1.0)",2,99.3138824210289,14911
"(0.9835199925522506, 0.9958292603453894)",1,99.31375410944848,14912
"(0.6042502004811546, 1.0)",1,99.31358757380652,14913
"(0.7632275132275131, 1.0)",1,99.31355327947074,14914
"(0.9791258409522168, 0.9958292603453894)",1,99.31353864064288,14915
"(0.9746535316523212, 0.9958292603453894)",1,99.31353629203832,14916
"(0.9504245882013664, 0.9958292603453894)",1,99.31352680716472,14917
"(0.8310777799491891, 1.0)",1,99.313333653349,14918
"(0.97899550533801, 0.9958292603453894)",1,99.31327260218453,14919
"(0.971023600055858, 0.9958292603453894)",1,99.31320459533435,14920
"(0.974731376747506, 0.9958292603453894)",1,99.31316736114724,14921
"(0.9835199925522506, 0.9958292603453894)",1,99.31316617913552,14922
"(0.8887202421952387, 1.0)",1,99.31314933620608,14923
"(0.8736474927779276, 0.9958292603453894)",1,99.31309081919524,14924
"(0.6378166586499919, 1.0)",1,99.31301017227575,14925
"(0.9835547122074636, 0.9958292603453894)",1,99.31270974873296,14926
"(0.8449978636391381, 1.0)",1,99.31265723007786,14927
"(0.9501563219469168, 0.9958292603453894)",1,99.31259369941375,14928
"(0.9833251873574456, 0.9958292603453894)",1,99.31258793764184,14929
"(0.6179693015417549, 1.0)",1,99.31251488777468,14930
"(0.979055829228243, 0.9958292603453894)",1,99.31234440461972,14931
"(0.930124456440246, 1.0)",1,99.31219012176751,14932
"(0.8600291387756281, 0.9958292603453894)",1,99.31212801176632,14933
"(0.9009287520039462, 1.0)",1,99.31200981142617,14934
"(0.7802197802197803, 1.0)",1,99.31199776953488,14935
"(0.7344692811916678, 1.0)",1,99.3119926370346,14936
"(0.9166682405676116, 1.0)",2,99.31194841929076,14938
"(0.9490213526488036, 0.9958292603453894)",1,99.3118248738156,14939
"(0.9490213526488036, 0.9958292603453894)",1,99.31182487381558,14940
"(0.9833040078201368, 0.9958292603453894)",1,99.31178336435524,14941
"(0.9916585206907788, 0.9958292603453894)",1,99.3116901942626,14942
"(0.5070372093557577, 1.0)",1,99.31168010190912,14943
"(0.5131569832583307, 1.0)",1,99.31167723119523,14944
"(0.903667392883079, 1.0)",1,99.31116435498532,14945
"(0.8310777799491891, 1.0)",2,99.31109177622488,14947
"(0.987463247273494, 0.9958292603453894)",1,99.31107728831007,14948
"(0.9189396095602992, 0.9958292603453894)",1,99.31100829153564,14949
"(0.5910680656443368, 1.0)",1,99.31098849758524,14950
"(0.8483418730488175, 0.9958292603453894)",1,99.3108675530976,14951
"(0.8310777799491891, 1.0)",2,99.31069573715406,14953
"(0.962505246140658, 0.9958292603453894)",1,99.31065172268382,14954
"(0.9189396095602992, 0.9958292603453894)",1,99.31055535772904,14955
"(0.8229870141950848, 1.0)",1,99.31042308716742,14956
"(0.9280317595086728, 0.9958292603453894)",2,99.31035616682048,14958
"(0.930124456440246, 1.0)",1,99.310081161894,14959
"(0.7994987468671678, 1.0)",1,99.30990703776328,14960
"(0.7673678366541239, 1.0)",1,99.30989847542256,14961
"(0.8976982097186702, 1.0)",1,99.30988347332772,14962
"(0.9916585206907788, 0.9958292603453894)",1,99.30985871534038,14963
"(0.97934925289764, 0.9958292603453894)",1,99.30978730225344,14964
"(0.4747763864042934, 1.0)",1,99.30953832992202,14965
"(0.7090909090909091, 1.0)",1,99.3094506397196,14966
"(0.9009287520039462, 1.0)",2,99.30917189076396,14968
"(0.9198255060602112, 0.9958292603453894)",1,99.309127721994,14969
"(0.8310777799491891, 1.0)",1,99.30909325146436,14970
"(0.9299160159815896, 1.0)",1,99.30908938171488,14971
"(0.8533622685185187, 1.0)",1,99.309067943948,14972
"(0.7277677677677677, 1.0)",1,99.30906169489388,14973
"(0.8165509259259259, 1.0)",2,99.30904272034532,14975
"(0.9018806250259218, 1.0)",1,99.30896161511056,14976
"(0.9279680209218476, 0.9958292603453894)",2,99.30892437594524,14978
"(0.8229870141950848, 1.0)",1,99.30887204326086,14979
"(0.9792766373411534, 0.9958292603453894)",1,99.30883473587468,14980
"(0.7673678366541239, 1.0)",1,99.30876857140034,14981
"(0.9333333333333332, 1.0)",1,99.30875729209065,14982
"(0.9581458989353726, 1.0)",1,99.308665579495,14983
"(0.837707400507675, 1.0)",1,99.30860687140716,14984
"(0.903667392883079, 1.0)",1,99.30845267397704,14985
"(1.0, 1.0)",1,99.30841596745486,14986
"(0.8065954953750508, 1.0)",1,99.30839697816668,14987
"(0.6521663785997688, 1.0)",1,99.30805580185644,14988
"(0.9490213526488036, 0.9958292603453894)",1,99.30785238395868,14989
"(0.8310777799491891, 1.0)",1,99.30784373130224,14990
"(0.9500975805767078, 0.9958292603453894)",1,99.30769268659432,14991
"(0.944563492063492, 1.0)",2,99.3076481304169,14993
"(0.9490213526488036, 0.9958292603453894)",1,99.3075371870725,14994
"(0.9369808292429718, 0.9958292603453894)",2,99.3075021155006,14996
"(0.9744745723240348, 0.9958292603453894)",1,99.30712086433525,14997
"(0.7278086237149632, 1.0)",1,99.30688287669328,14998
"(0.9665831244778612, 1.0)",1,99.30677403938948,14999
"(0.8483418730488175, 0.9958292603453894)",1,99.30669681344298,15000
"(1.0, 1.0)",1,99.3065611268426,15001
"(0.9126251340467026, 0.9958292603453894)",1,99.30648510305228,15002
"(0.8547756205106323, 1.0)",1,99.30641214557896,15003
"(0.8929015655249481, 0.9958292603453894)",1,99.30623935842874,15004
"(0.9003556829643787, 1.0)",1,99.30620944979376,15005
"(0.8443691323092412, 0.9958292603453894)",1,99.30600139648888,15006
"(0.9622634791942192, 0.9958292603453894)",1,99.3057952062897,15007
"(0.7647742788871822, 1.0)",1,99.30568748666032,15008
"(0.5910680656443368, 1.0)",1,99.30547180513987,15009
"(0.9490213526488036, 0.9958292603453894)",1,99.30488981692268,15010
"(0.970619176311776, 0.9958292603453894)",1,99.30485799709496,15011
"(0.9791332681655264, 0.9958292603453894)",1,99.30483392409776,15012
"(0.8312205288949474, 1.0)",1,99.30480343039338,15013
"(0.979055829228243, 0.9958292603453894)",1,99.30430441392,15014
"(0.9750481776288228, 0.9958292603453894)",1,99.3041484381173,15015
"(0.8300265307680562, 1.0)",1,99.3039882207072,15016
"(0.9182966261114094, 0.9958292603453894)",1,99.3039872002844,15017
"(0.9504245882013664, 0.9958292603453894)",1,99.30372773576002,15018
"(0.7965746171391332, 1.0)",1,99.30355834966004,15019
"(0.9916585206907788, 0.9958292603453894)",1,99.30353866489536,15020
"(0.987463247273494, 0.9958292603453894)",1,99.30339762189948,15021
"(0.9833229101521784, 1.0)",1,99.30325730213195,15022
"(0.9189396095602992, 0.9958292603453894)",1,99.3031459378887,15023
"(0.8552744708994707, 1.0)",1,99.30302816987708,15024
"(0.9664171122994653, 0.9958292603453894)",1,99.30302087528668,15025
"(0.9182966261114094, 0.9958292603453894)",1,99.30299775230964,15026
"(0.9034438470728792, 0.9958292603453894)",1,99.30276818019254,15027
"(0.6698155645524068, 1.0)",2,99.30254341294136,15029
"(0.9744745723240348, 0.9958292603453894)",1,99.30253287150872,15030
"(0.6042502004811546, 1.0)",1,99.30246504752596,15031
"(0.9126251340467026, 0.9958292603453894)",1,99.30232250937355,15032
"(0.9369138996969484, 0.9958292603453894)",1,99.3022894793846,15033
"(0.987491854024112, 0.9958292603453894)",1,99.30216591204032,15034
"(0.812557599070401, 1.0)",1,99.30198764240374,15035
"(0.9792766373411534, 0.9958292603453894)",1,99.30183008621404,15036
"(0.9280317595086728, 0.9958292603453894)",1,99.30179842129722,15037
"(0.9166145507608924, 1.0)",1,99.30153480455796,15038
"(0.961552316099405, 0.9958292603453894)",1,99.301465108141,15039
"(0.9835199925522506, 0.9958292603453894)",1,99.30131186352249,15040
"(0.9490213526488036, 0.9958292603453894)",2,99.30107045595354,15042
"(0.9369808292429718, 0.9958292603453894)",1,99.30105253531342,15043
"(0.9546499948224086, 0.9958292603453894)",1,99.30101376807951,15044
"(0.6886904761904762, 1.0)",1,99.30084832532198,15045
"(0.812557599070401, 1.0)",1,99.30082616049184,15046
"(0.9332172991312776, 0.9958292603453894)",1,99.30062644194363,15047
"(0.979273283115788, 0.9958292603453894)",1,99.30043283303851,15048
"(0.8300265307680562, 1.0)",1,99.30036904004582,15049
"(0.9750481776288228, 0.9958292603453894)",1,99.3003572248047,15050
"(0.5910680656443368, 1.0)",1,99.30015897473524,15051
"(0.6747507742934573, 1.0)",1,99.30015041918256,15052
"(0.9874762808349148, 0.9958292603453894)",1,99.30013145367374,15053
"(0.8383327637702926, 0.9958292603453894)",1,99.30004648542705,15054
"(0.7711781618000022, 1.0)",1,99.30003026753808,15055
"(0.9332172991312776, 0.9958292603453894)",1,99.29999967556644,15056
"(0.5218438528010998, 1.0)",2,99.29970786094266,15058
"(0.6747507742934573, 1.0)",1,99.299705555908,15059
"(0.9454999712494968, 0.9958292603453894)",1,99.29965175994752,15060
"(0.727840909090909, 1.0)",1,99.29965104081636,15061
"(0.83308011601048, 0.9958292603453894)",1,99.29960592149897,15062
"(0.9792766373411534, 0.9958292603453894)",1,99.29955650094378,15063
"(0.8762860082304527, 1.0)",1,99.2993602903899,15064
"(0.9486619426325308, 1.0)",1,99.29880946907484,15065
"(0.6760835913312693, 1.0)",1,99.29879382934148,15066
"(0.8880984643179766, 1.0)",1,99.29878272746288,15067
"(0.6747507742934573, 1.0)",2,99.2986776314911,15069
"(0.8736897274633123, 1.0)",1,99.29847669668564,15070
"(0.9332172991312776, 0.9958292603453894)",1,99.2981690840042,15071
"(0.5070372093557577, 1.0)",1,99.2981493661352,15072
"(0.8789143848066376, 0.9958292603453894)",1,99.2980913350241,15073
"(0.6784722222222224, 1.0)",1,99.29786998592893,15074
"(0.8929015655249481, 0.9958292603453894)",1,99.2978476331999,15075
"(0.9916585206907788, 0.9958292603453894)",1,99.29780731745,15076
"(0.9279680209218476, 0.9958292603453894)",1,99.29773065080556,15077
"(0.8365328658269835, 0.9958292603453894)",2,99.29754821038117,15079
"(0.8158879904162925, 1.0)",1,99.29752239901217,15080
"(0.9580331374974232, 1.0)",2,99.29741280803074,15082
"(0.8976982097186702, 1.0)",1,99.29735071649657,15083
"(0.9300671002153482, 1.0)",1,99.29729918940647,15084
"(0.6733821733821733, 1.0)",1,99.29720662479284,15085
"(0.9581458989353726, 1.0)",1,99.29700002073407,15086
"(0.9546499948224086, 0.9958292603453894)",1,99.29691492597574,15087
"(0.9581458989353726, 1.0)",1,99.2968989464776,15088
"(0.7090909090909091, 1.0)",1,99.2968199207564,15089
"(0.9131856219190184, 0.9958292603453894)",1,99.29678108815494,15090
"(0.9791332681655264, 0.9958292603453894)",1,99.29669994780753,15091
"(0.9874762808349148, 0.9958292603453894)",1,99.29664327960518,15092
"(0.746304385688563, 1.0)",1,99.29664112567112,15093
"(0.8347775825943863, 0.9958292603453894)",2,99.29662368725678,15095
"(0.9662506012506012, 0.9958292603453894)",1,99.2965553873328,15096
"(0.9791258409522168, 0.9958292603453894)",1,99.29654107881773,15097
"(0.9746535316523212, 0.9958292603453894)",1,99.29647924613737,15098
"(0.9665831244778612, 1.0)",1,99.29626013539962,15099
"(0.9829909379735984, 0.9958292603453894)",1,99.29619171135845,15100
"(0.9583930063253372, 1.0)",1,99.29618791565017,15101
"(0.8633762288330498, 1.0)",1,99.29606250640592,15102
"(0.962505246140658, 0.9958292603453894)",1,99.2959867362116,15103
"(0.9198255060602112, 0.9958292603453894)",1,99.2959290765559,15104
"(0.5910680656443368, 1.0)",1,99.29585625515654,15105
"(0.9295946890286512, 1.0)",1,99.29580175104452,15106
"(0.9168295861844248, 1.0)",1,99.29575635581644,15107
"(0.8158879904162925, 1.0)",1,99.29563828597868,15108
"(0.9791348015256934, 0.9958292603453894)",1,99.29523820138836,15109
"(0.9916666666666668, 0.9958292603453894)",1,99.295041489817,15110
"(0.7532376017916352, 1.0)",1,99.29499760762587,15111
"(0.8907966222338917, 0.9958292603453894)",1,99.29491990136988,15112
"(0.9333044546043194, 0.9958292603453894)",1,99.29490077082755,15113
"(0.9161379295307868, 1.0)",1,99.29487079226244,15114
"(0.983545503234046, 0.9958292603453894)",1,99.29483806613564,15115
"(0.6698155645524068, 1.0)",1,99.29468192808594,15116
"(0.9280317595086728, 0.9958292603453894)",2,99.294649286063,15118
"(0.8586166985951469, 1.0)",3,99.29462692775672,15121
"(0.9622634791942192, 0.9958292603453894)",1,99.29433365219582,15122
"(0.8266173510466989, 1.0)",2,99.2942858813842,15124
"(0.9131856219190184, 0.9958292603453894)",1,99.2941539885202,15125
"(0.7060994560994561, 1.0)",1,99.29393612041298,15126
"(0.9369138996969484, 0.9958292603453894)",2,99.29391119039992,15128
"(0.9250222656674272, 0.9958292603453894)",1,99.29383984713536,15129
"(0.9333044546043194, 0.9958292603453894)",1,99.29374261836976,15130
"(0.6747507742934573, 1.0)",1,99.29365078591408,15131
"(0.9874877810361682, 0.9958292603453894)",1,99.2935328143478,15132
"(0.9749706744868036, 0.9958292603453894)",1,99.2932081278409,15133
"(0.93773047895128, 0.9958292603453894)",1,99.29281681878628,15134
"(0.6698155645524068, 1.0)",1,99.29267270810456,15135
"(0.6733821733821733, 1.0)",1,99.29262402951257,15136
"(0.9750072792119512, 1.0)",1,99.29214709397218,15137
"(0.6575398846941737, 1.0)",2,99.29180978165328,15139
"(0.9504245882013664, 0.9958292603453894)",1,99.29175313785692,15140
"(0.9958292603453894, 1.0)",1,99.2917341225722,15141
"(0.9445972545972546, 1.0)",1,99.29171331926086,15142
"(0.9493072891175358, 0.9958292603453894)",1,99.2916783741432,15143
"(0.9034438470728792, 0.9958292603453894)",2,99.29151825594124,15145
"(0.7880931329207191, 1.0)",1,99.29137320609328,15146
"(0.9165164082221422, 1.0)",1,99.2913394459581,15147
"(0.7375253438078971, 1.0)",1,99.29124831809892,15148
"(0.970619176311776, 0.9958292603453894)",1,99.2911618884553,15149
"(0.721056721056721, 1.0)",1,99.29081410788424,15150
"(0.7647742788871822, 1.0)",1,99.29080582357474,15151
"(0.6804620726495727, 1.0)",1,99.29069595042245,15152
"(0.8329050741331443, 1.0)",2,99.2906136085146,15154
"(0.97495917428555, 0.9958292603453894)",1,99.29049185575772,15155
"(0.6238244514106583, 1.0)",1,99.29044184485733,15156
"(0.8229870141950848, 1.0)",1,99.29041278549872,15157
"(0.9707136080238548, 0.9958292603453894)",1,99.2904063958876,15158
"(0.9504245882013664, 0.9958292603453894)",1,99.290370360439,15159
"(0.7786375661375661, 1.0)",1,99.29035877864796,15160
"(0.73687720936437, 1.0)",1,99.29035737091854,15161
"(0.9157097551404952, 0.9958292603453894)",1,99.29033937336112,15162
"(0.9332172991312776, 0.9958292603453894)",1,99.29009959648184,15163
"(0.9250222656674272, 0.9958292603453894)",1,99.29003441010376,15164
"(0.979051756240299, 0.9958292603453894)",1,99.28998421885794,15165
"(0.7340930674264006, 1.0)",1,99.28964862298196,15166
"(0.9131856219190184, 0.9958292603453894)",1,99.28953251305468,15167
"(0.8633762288330498, 1.0)",1,99.28934223303386,15168
"(0.6544644252235129, 1.0)",1,99.2892514977583,15169
"(0.8845578466141503, 1.0)",1,99.28915151729996,15170
"(0.9009287520039462, 1.0)",1,99.28883897484162,15171
"(0.8468089381754635, 1.0)",1,99.28877327361724,15172
"(0.8468089381754635, 1.0)",1,99.288723330931,15173
"(0.6179693015417549, 1.0)",1,99.288636732274,15174
"(0.8347775825943863, 0.9958292603453894)",1,99.28860245369624,15175
"(0.9749706744868036, 0.9958292603453894)",1,99.2885970127852,15176
"(0.6378166586499919, 1.0)",1,99.28821791891647,15177
"(1.0, 0.9958292603453894)",2,99.2877231061394,15179
"(0.9454999712494968, 0.9958292603453894)",1,99.28768127026665,15180
"(0.4908424908424908, 1.0)",1,99.28755571438498,15181
"(0.8165509259259259, 1.0)",1,99.28745016722372,15182
"(0.7647742788871822, 1.0)",1,99.28734372333165,15183
"(0.7880931329207191, 1.0)",1,99.28734225901744,15184
"(0.970619176311776, 0.9958292603453894)",1,99.28710998421364,15185
"(0.8579868984630887, 1.0)",1,99.2869324595258,15186
"(0.9454999712494968, 0.9958292603453894)",2,99.28693199994402,15188
"(0.6742198370105348, 1.0)",1,99.28678552442534,15189
"(0.8300265307680562, 1.0)",1,99.28653638147632,15190
"(0.8425483191745751, 1.0)",1,99.28642867312632,15191
"(0.9280317595086728, 0.9958292603453894)",1,99.28639146886616,15192
"(0.5131569832583307, 1.0)",1,99.28636100898714,15193
"(0.9747838672665278, 1.0)",1,99.28634599887914,15194
"(0.9250222656674272, 0.9958292603453894)",1,99.28585552447328,15195
"(0.8449978636391381, 1.0)",1,99.28580499713776,15196
"(0.7647742788871822, 1.0)",1,99.28563608714296,15197
"(0.5070372093557577, 1.0)",2,99.2856087310623,15199
"(0.8586166985951469, 1.0)",1,99.2853796073337,15200
"(0.9369138996969484, 0.9958292603453894)",1,99.28524903429545,15201
"(0.7090909090909091, 1.0)",1,99.285185293173,15202
"(0.8315474711586087, 0.9958292603453894)",2,99.28512922512618,15204
"(0.9874762808349148, 0.9958292603453894)",1,99.28512564882762,15205
"(0.9832401090007582, 0.9958292603453894)",1,99.28507249197156,15206
"(0.9131856219190184, 0.9958292603453894)",1,99.28505702042244,15207
"(0.9295946890286512, 1.0)",1,99.28489940846382,15208
"(0.9916585206907788, 0.9958292603453894)",1,99.28473652991624,15209
"(0.9172792561601744, 0.9958292603453894)",1,99.28467171474934,15210
"(0.9009287520039462, 1.0)",1,99.28465506306075,15211
"(0.6575398846941737, 1.0)",1,99.2846013572225,15212
"(0.812557599070401, 1.0)",1,99.28457709887812,15213
"(1.0, 1.0)",1,99.28451069828878,15214
"(0.9669558693467613, 0.9958292603453894)",1,99.2845061786817,15215
"(0.9198255060602112, 0.9958292603453894)",1,99.28446676102988,15216
"(0.8471527473990528, 1.0)",1,99.28439384893164,15217
"(0.9876066164491212, 0.9958292603453894)",1,99.28434928931664,15218
"(0.8600291387756281, 0.9958292603453894)",1,99.28410287830962,15219
"(0.9584987529902784, 1.0)",1,99.2839042941634,15220
"(0.7734344933751168, 1.0)",1,99.28381686203268,15221
"(0.9720813204508856, 1.0)",2,99.28362141587328,15223
"(0.7340930674264006, 1.0)",5,99.2835307179815,15228
"(0.7673678366541239, 1.0)",1,99.28352088226154,15229
"(0.9581458989353726, 1.0)",1,99.28344825690948,15230
"(0.9873891625615764, 1.0)",1,99.28334238598951,15231
"(0.8736212624584717, 1.0)",1,99.28331041075307,15232
"(0.80285509389987, 1.0)",2,99.28329282990794,15234
"(0.9581458989353726, 1.0)",1,99.28324761339177,15235
"(0.6909022710223011, 1.0)",1,99.28324309178252,15236
"(0.8717520170461346, 0.9958292603453894)",1,99.28310413495416,15237
"(0.9280459216361852, 0.9958292603453894)",2,99.28306356655584,15239
"(1.0, 1.0)",1,99.28304923746472,15240
"(0.9835547122074636, 0.9958292603453894)",1,99.28303096016244,15241
"(0.8068904981347378, 1.0)",1,99.2829234466279,15242
"(0.9003556829643787, 1.0)",1,99.28288503219348,15243
"(0.6179693015417549, 1.0)",1,99.28284619248068,15244
"(0.9299160159815896, 1.0)",1,99.28281146759154,15245
"(0.9748850895736324, 0.9958292603453894)",1,99.28277962671966,15246
"(0.9161952650324744, 1.0)",1,99.28257410419675,15247
"(0.9649790647893116, 0.9958292603453894)",1,99.28255032799731,15248
"(0.9126251340467026, 0.9958292603453894)",2,99.28229651555012,15250
"(0.5070372093557577, 1.0)",1,99.28215371250889,15251
"(0.9369138996969484, 0.9958292603453894)",1,99.28204228430516,15252
"(0.902012682657844, 0.9958292603453894)",1,99.28187202487337,15253
"(0.9751539794803552, 0.9958292603453894)",1,99.28183592196991,15254
"(0.9707136080238548, 0.9958292603453894)",1,99.28166976932836,15255
"(0.979051756240299, 0.9958292603453894)",1,99.28155687463824,15256
"(0.9009287520039462, 1.0)",1,99.28142442152712,15257
"(0.7119388248146047, 1.0)",1,99.28138326925904,15258
"(0.9501563219469168, 0.9958292603453894)",1,99.28134698708072,15259
"(0.9009287520039462, 1.0)",1,99.28133400960836,15260
"(0.7077308656256025, 1.0)",1,99.28127247605576,15261
"(0.4943189964157706, 1.0)",1,99.28126223874996,15262
"(0.9748524098350704, 0.9958292603453894)",1,99.28113117076354,15263
"(0.9, 1.0)",1,99.28109431769104,15264
"(0.9500975805767078, 0.9958292603453894)",1,99.2809275983456,15265
"(0.970607585468542, 0.9958292603453894)",1,99.28089672710502,15266
"(0.725278469959321, 1.0)",1,99.28083402551488,15267
"(0.9246029866191156, 0.9958292603453894)",1,99.28072657039004,15268
"(0.8310777799491891, 1.0)",2,99.28055883480437,15270
"(0.8796475392220073, 1.0)",1,99.28049360673474,15271
"(0.93773047895128, 0.9958292603453894)",1,99.28045737042106,15272
"(0.7673678366541239, 1.0)",1,99.28035295096718,15273
"(0.8736897274633123, 1.0)",1,99.2802064496002,15274
"(0.9747273037595618, 0.9958292603453894)",1,99.2801205014923,15275
"(0.9791332681655264, 0.9958292603453894)",1,99.2799857438356,15276
"(0.9333333333333332, 1.0)",1,99.27975772798769,15277
"(0.9369808292429718, 0.9958292603453894)",1,99.27959536539962,15278
"(0.7647742788871822, 1.0)",1,99.27958901893024,15279
"(0.7532376017916352, 1.0)",1,99.27955531669718,15280
"(0.9279680209218476, 0.9958292603453894)",1,99.27944805970417,15281
"(0.9332172991312776, 0.9958292603453894)",1,99.27943994843116,15282
"(0.9369138996969484, 0.9958292603453894)",1,99.2794123307218,15283
"(0.944073617452092, 1.0)",1,99.2792611378939,15284
"(0.9161379295307868, 1.0)",1,99.2792100522366,15285
"(0.9490213526488036, 0.9958292603453894)",1,99.27901427478804,15286
"(0.979273283115788, 0.9958292603453894)",1,99.27894563290994,15287
"(0.816195709052852, 1.0)",1,99.27888499932834,15288
"(0.9504245882013664, 0.9958292603453894)",1,99.27884540741876,15289
"(0.9622634791942192, 0.9958292603453894)",1,99.27872203841736,15290
"(0.9871616776282092, 0.9958292603453894)",1,99.27858998964994,15291
"(0.5131569832583307, 1.0)",1,99.27855095011756,15292
"(0.8928598364786969, 0.9958292603453894)",1,99.2785439701388,15293
"(0.7713401051412279, 1.0)",1,99.27836377121272,15294
"(0.8760238095238095, 0.9958292603453894)",1,99.2783610080461,15295
"(1.0, 0.9958292603453894)",1,99.2780531770553,15296
"(0.9750943974852894, 0.9958292603453894)",1,99.27792415817828,15297
"(0.947552083649559, 0.9958292603453894)",1,99.27790809891876,15298
"(0.7090909090909091, 1.0)",1,99.27781931497488,15299
"(0.7647742788871822, 1.0)",1,99.27781336603954,15300
"(0.9833040078201368, 0.9958292603453894)",1,99.27778706188968,15301
"(0.9750854369118126, 0.9958292603453894)",1,99.27775982415034,15302
"(0.9958292603453894, 0.9958292603453894)",1,99.27762901461745,15303
"(0.8676532769556025, 1.0)",1,99.27744032945056,15304
"(0.97495917428555, 0.9958292603453894)",1,99.27716699491415,15305
"(0.961552316099405, 0.9958292603453894)",2,99.2770897150424,15307
"(0.8976982097186702, 1.0)",1,99.27707213172825,15308
"(0.6747507742934573, 1.0)",1,99.2770640048364,15309
"(0.6698155645524068, 1.0)",1,99.27696292611525,15310
"(0.9874762808349148, 0.9958292603453894)",1,99.27673199160404,15311
"(0.8193928901539049, 1.0)",1,99.27665495556076,15312
"(0.8222222222222222, 1.0)",1,99.2764864655506,15313
"(0.8222222222222222, 1.0)",2,99.27644460327387,15315
"(0.9833211143695014, 0.9958292603453894)",1,99.27632863801196,15316
"(0.8929015655249481, 0.9958292603453894)",1,99.2760891246236,15317
"(0.4747763864042934, 1.0)",1,99.27607242242895,15318
"(0.7090909090909091, 1.0)",1,99.2760278403598,15319
"(0.9516794286955578, 0.9958292603453894)",1,99.27590964230193,15320
"(0.5131569832583307, 1.0)",1,99.27582897846274,15321
"(1.0, 1.0)",1,99.2757989700812,15322
"(0.6215073982652175, 1.0)",1,99.2757457275949,15323
"(0.9916666666666668, 0.9958292603453894)",1,99.27571865424288,15324
"(0.9748076591340348, 1.0)",1,99.2756579336394,15325
"(0.8579868984630887, 1.0)",1,99.27558131709952,15326
"(0.9748076591340348, 1.0)",1,99.27552606466504,15327
"(0.8976982097186702, 1.0)",1,99.27528038798316,15328
"(0.8651903651903651, 1.0)",1,99.27516498394914,15329
"(0.9508264734071186, 0.9958292603453894)",1,99.27515075640632,15330
"(0.7786375661375661, 1.0)",1,99.27497356145312,15331
"(0.4747763864042934, 1.0)",1,99.27492837134332,15332
"(0.9198255060602112, 0.9958292603453894)",1,99.27486015885754,15333
"(0.8635976129582268, 1.0)",1,99.27477212159414,15334
"(0.979051756240299, 0.9958292603453894)",2,99.2745967133818,15336
"(0.9791544477028348, 0.9958292603453894)",1,99.2745917751972,15337
"(0.9618291283060416, 0.9958292603453894)",1,99.27457706898736,15338
"(0.8483418730488175, 0.9958292603453894)",1,99.27442839980108,15339
"(0.9649790647893116, 0.9958292603453894)",1,99.27432768410104,15340
"(0.8341307814992026, 1.0)",1,99.2742615865243,15341
"(0.9126251340467026, 0.9958292603453894)",1,99.27399749653551,15342
"(0.9622634791942192, 0.9958292603453894)",1,99.2739882440048,15343
"(0.9233019263238024, 0.9958292603453894)",1,99.27383588876592,15344
"(0.5910680656443368, 1.0)",1,99.2737569790694,15345
"(0.9707136080238548, 0.9958292603453894)",1,99.27373228482442,15346
"(0.9833211143695014, 0.9958292603453894)",1,99.2736275466035,15347
"(0.8762860082304527, 1.0)",1,99.2733167240141,15348
"(0.8762860082304527, 1.0)",1,99.27328697306356,15349
"(0.9280317595086728, 0.9958292603453894)",1,99.2730802498208,15350
"(0.9580602951397298, 0.9958292603453894)",1,99.27302771630148,15351
"(0.8867361313822293, 0.9958292603453894)",1,99.2729700353527,15352
"(0.9384174012481092, 0.9958292603453894)",1,99.27276129373352,15353
"(0.8958208965097509, 0.9958292603453894)",1,99.27225973371718,15354
"(0.8471527473990528, 1.0)",1,99.27210880433152,15355
"(0.9437903841498612, 1.0)",1,99.27208537792094,15356
"(0.9018806250259218, 1.0)",1,99.27199059050623,15357
"(0.7034009971509971, 1.0)",1,99.27197221085564,15358
"(0.944563492063492, 1.0)",1,99.2718974574918,15359
"(0.8523949169110459, 0.9958292603453894)",1,99.27172710433142,15360
"(0.9369808292429718, 0.9958292603453894)",1,99.271413501868,15361
"(0.9166682405676116, 1.0)",1,99.2712754045052,15362
"(0.9497171590194848, 1.0)",1,99.27082339248152,15363
"(0.8468089381754635, 1.0)",1,99.27076638330972,15364
"(0.8762860082304527, 1.0)",2,99.2706650755592,15366
"(0.7090909090909091, 1.0)",1,99.27049179807295,15367
"(0.6784722222222224, 1.0)",2,99.27030783228751,15369
"(0.9748850895736324, 0.9958292603453894)",1,99.27016878928124,15370
"(0.9504245882013664, 0.9958292603453894)",1,99.27008309676744,15371
"(0.9430479403581872, 0.9958292603453894)",1,99.269937379081,15372
"(0.9750481776288228, 0.9958292603453894)",1,99.26970644176748,15373
"(0.861111111111111, 1.0)",1,99.2696557742836,15374
"(0.917655049465296, 0.9958292603453894)",1,99.26948223662046,15375
"(0.9157097551404952, 0.9958292603453894)",2,99.269472586571,15377
"(0.9332172991312776, 0.9958292603453894)",1,99.26942695399964,15378
"(0.9874762808349148, 0.9958292603453894)",1,99.26941611114364,15379
"(0.8016677935542034, 1.0)",2,99.2693314705202,15381
"(0.6698155645524068, 1.0)",1,99.26932749095586,15382
"(0.9751539794803552, 0.9958292603453894)",1,99.26931168188752,15383
"(0.9581458989353726, 1.0)",1,99.2692336293386,15384
"(0.9333044546043194, 0.9958292603453894)",1,99.2690368875249,15385
"(0.9198255060602112, 0.9958292603453894)",1,99.26891613281688,15386
"(0.8760238095238095, 0.9958292603453894)",1,99.26883293159612,15387
"(0.9032722195880092, 1.0)",1,99.26878694297548,15388
"(0.8885714285714285, 1.0)",1,99.26851068543792,15389
"(0.9744745723240348, 0.9958292603453894)",1,99.26848852442468,15390
"(0.9581458989353726, 1.0)",1,99.26846311578508,15391
"(0.776488287126585, 1.0)",1,99.26832652110318,15392
"(0.9832184229069656, 0.9958292603453894)",1,99.2681763246872,15393
"(0.9876066164491212, 0.9958292603453894)",1,99.2679156976272,15394
"(0.8165509259259259, 1.0)",1,99.2677640802862,15395
"(0.9516794286955578, 0.9958292603453894)",1,99.26768699840564,15396
"(1.0, 0.9958292603453894)",1,99.26764296265628,15397
"(0.9445235834124724, 1.0)",1,99.26740986330044,15398
"(0.8165509259259259, 1.0)",1,99.26729340622263,15399
"(0.9873891625615764, 0.9958292603453894)",1,99.2672267508498,15400
"(0.9748524098350704, 0.9958292603453894)",1,99.26721673096029,15401
"(0.9751539794803552, 0.9958292603453894)",1,99.26721605422736,15402
"(0.837707400507675, 1.0)",2,99.2671087420324,15404
"(0.7711781618000022, 1.0)",1,99.26677155672904,15405
"(0.6636745887678723, 1.0)",1,99.26674256161368,15406
"(0.7786375661375661, 1.0)",1,99.26656844403732,15407
"(0.9034438470728792, 0.9958292603453894)",1,99.26642180384272,15408
"(0.8158879904162925, 1.0)",1,99.2663805277933,15409
"(0.9658159033159032, 0.9958292603453894)",1,99.2663629554755,15410
"(0.6886904761904762, 1.0)",1,99.26626691863297,15411
"(0.987463247273494, 0.9958292603453894)",1,99.26607200898628,15412
"(0.9008627640703112, 1.0)",1,99.2658929136129,15413
"(1.0, 0.9958292603453894)",1,99.2656165722864,15414
"(0.9250222656674272, 0.9958292603453894)",1,99.2654123294408,15415
"(0.9958292603453894, 0.9958292603453894)",1,99.26530566459944,15416
"(0.7075023741690408, 1.0)",1,99.26521626011774,15417
"(0.9490213526488036, 0.9958292603453894)",1,99.2651674715536,15418
"(0.9916585206907788, 0.9958292603453894)",1,99.26513989152046,15419
"(0.8533622685185187, 1.0)",1,99.26506194400598,15420
"(0.9748524098350704, 0.9958292603453894)",1,99.26501676606055,15421
"(0.8137865219658889, 1.0)",1,99.2649001583504,15422
"(0.861111111111111, 1.0)",1,99.26482060747394,15423
"(0.9295946890286512, 1.0)",1,99.26476186930896,15424
"(0.9580331374974232, 1.0)",1,99.26457643935044,15425
"(0.9609386607489072, 0.9958292603453894)",1,99.26457121699066,15426
"(0.6521663785997688, 1.0)",1,99.26446419363728,15427
"(0.9748524098350704, 0.9958292603453894)",1,99.26440121110102,15428
"(0.8929015655249481, 0.9958292603453894)",2,99.2642948264091,15430
"(0.8431623931623932, 1.0)",1,99.26429249520037,15431
"(0.9669795885118464, 0.9958292603453894)",1,99.26427476358126,15432
"(0.844988344988345, 1.0)",1,99.26398939813576,15433
"(0.8229870141950848, 1.0)",1,99.26388260868112,15434
"(0.837707400507675, 1.0)",1,99.26380211435512,15435
"(0.9198255060602112, 0.9958292603453894)",1,99.26370223727427,15436
"(0.9916585206907788, 0.9958292603453894)",1,99.2636735834318,15437
"(0.9332172991312776, 0.9958292603453894)",2,99.26344970779832,15439
"(0.7183489076634237, 1.0)",1,99.26321310779588,15440
"(0.9834440227703986, 0.9958292603453894)",1,99.26319563918652,15441
"(0.7119388248146047, 1.0)",6,99.2631307774121,15447
"(0.9516794286955578, 0.9958292603453894)",1,99.2631074700828,15448
"(0.8347775825943863, 0.9958292603453894)",1,99.2626447027271,15449
"(0.8796475392220073, 1.0)",1,99.26240325306364,15450
"(0.8266173510466989, 1.0)",1,99.2623982139186,15451
"(0.9583406125452844, 0.9958292603453894)",1,99.26237926094996,15452
"(0.8266173510466989, 1.0)",1,99.2622981113964,15453
"(0.9829909379735984, 0.9958292603453894)",1,99.26226844912952,15454
"(0.8547756205106323, 1.0)",1,99.26223675872356,15455
"(0.9280317595086728, 0.9958292603453894)",1,99.26217963872116,15456
"(0.8814814814814814, 1.0)",2,99.26199927875432,15458
"(0.9749706744868036, 0.9958292603453894)",1,99.26197989884623,15459
"(0.9198255060602112, 0.9958292603453894)",2,99.26168572965358,15461
"(0.9833040078201368, 0.9958292603453894)",1,99.2616217937775,15462
"(0.9790755481078062, 0.9958292603453894)",1,99.26142300398674,15463
"(0.945364478411655, 0.9958292603453894)",1,99.2613599414395,15464
"(0.8229870141950848, 1.0)",1,99.26061984087497,15465
"(0.9791625936787228, 0.9958292603453894)",1,99.26061003310669,15466
"(0.9874762808349148, 0.9958292603453894)",1,99.26057966750358,15467
"(0.8016677935542034, 1.0)",1,99.26046090675908,15468
"(0.9192093318943212, 1.0)",1,99.26044233607436,15469
"(0.8495378883833893, 0.9958292603453894)",1,99.26029296355657,15470
"(0.9031692062697052, 1.0)",1,99.26027726985544,15471
"(0.9508264734071186, 0.9958292603453894)",1,99.26002688890496,15472
"(0.9625085772334347, 0.9958292603453894)",1,99.25993422260338,15473
"(0.903667392883079, 1.0)",1,99.2598952509888,15474
"(0.9165164082221422, 1.0)",1,99.2598089874424,15475
"(0.6825396825396824, 1.0)",1,99.25973544672732,15476
"(0.9832184229069656, 0.9958292603453894)",1,99.25972008295297,15477
"(0.8222222222222222, 1.0)",1,99.25970481759956,15478
"(0.572027972027972, 1.0)",1,99.25966781756256,15479
"(0.9279680209218476, 0.9958292603453894)",1,99.25960410116924,15480
"(0.9189396095602992, 0.9958292603453894)",1,99.2595634151997,15481
"(0.8762860082304527, 1.0)",1,99.25943771698688,15482
"(0.8600291387756281, 0.9958292603453894)",1,99.25939523904316,15483
"(0.4943189964157706, 1.0)",1,99.25936555962733,15484
"(0.8762860082304527, 1.0)",1,99.25935691859334,15485
"(0.8717520170461346, 0.9958292603453894)",1,99.25916045969274,15486
"(0.8579868984630887, 1.0)",1,99.2590873158367,15487
"(0.93773047895128, 0.9958292603453894)",1,99.25908527314895,15488
"(0.8736897274633123, 1.0)",1,99.25895922586962,15489
"(0.8222222222222222, 1.0)",2,99.25879889764865,15491
"(0.7786375661375661, 1.0)",1,99.25863433707626,15492
"(1.0, 0.9958292603453894)",1,99.25861749518678,15493
"(0.8976982097186702, 1.0)",1,99.25861355752257,15494
"(0.9182966261114094, 0.9958292603453894)",1,99.25849426573212,15495
"(0.9131856219190184, 0.9958292603453894)",1,99.25835999169104,15496
"(0.944563492063492, 1.0)",1,99.25835112064148,15497
"(0.9546499948224086, 0.9958292603453894)",1,99.25832333097998,15498
"(0.7193191685235748, 1.0)",1,99.25819763423132,15499
"(0.9452448267044004, 0.9958292603453894)",1,99.25771209341498,15500
"(0.8676532769556025, 1.0)",1,99.25767302345582,15501
"(0.9832401090007582, 0.9958292603453894)",1,99.2574529313039,15502
"(0.861111111111111, 1.0)",1,99.25741489381863,15503
"(0.9291343771135042, 0.9958292603453894)",1,99.25738339634114,15504
"(1.0, 1.0)",1,99.25738167721032,15505
"(0.987463247273494, 0.9958292603453894)",1,99.2570214251278,15506
"(0.9506533178503804, 1.0)",1,99.25701745180072,15507
"(0.8468951683237397, 1.0)",1,99.2569564630348,15508
"(0.6444891298012474, 1.0)",2,99.25688898772648,15510
"(0.5131569832583307, 1.0)",1,99.25679148931336,15511
"(0.8471527473990528, 1.0)",1,99.2567219612352,15512
"(0.908707905546986, 0.9958292603453894)",1,99.25656192696891,15513
"(0.9871616776282092, 0.9958292603453894)",1,99.25640102158144,15514
"(0.9250222656674272, 0.9958292603453894)",1,99.25633173849076,15515
"(0.5131569832583307, 1.0)",1,99.25632794609558,15516
"(0.7994987468671678, 1.0)",1,99.25614086716784,15517
"(0.97934925289764, 0.9958292603453894)",1,99.256072203656,15518
"(0.4039045743444857, 1.0)",1,99.25597665976022,15519
"(0.7119388248146047, 1.0)",1,99.25593447284942,15520
"(0.861111111111111, 1.0)",1,99.25576897425636,15521
"(0.983545503234046, 1.0)",1,99.25556568738207,15522
"(0.9157097551404952, 0.9958292603453894)",1,99.25549501829636,15523
"(0.5070372093557577, 1.0)",1,99.25535857060471,15524
"(0.812557599070401, 1.0)",1,99.2552493389405,15525
"(0.8958208965097509, 0.9958292603453894)",1,99.255248483314,15526
"(0.5910680656443368, 1.0)",1,99.25520947978576,15527
"(0.902012682657844, 0.9958292603453894)",2,99.25516702451722,15529
"(0.9876106894370652, 0.9958292603453894)",1,99.25509889714984,15530
"(0.9833080808080809, 0.9958292603453894)",1,99.25506101125409,15531
"(0.8374727668845315, 1.0)",1,99.25497645495368,15532
"(0.9369138996969484, 0.9958292603453894)",1,99.25496806417476,15533
"(0.9131856219190184, 0.9958292603453894)",1,99.25475451558007,15534
"(0.8929015655249481, 0.9958292603453894)",1,99.25472982431398,15535
"(0.8420013166556946, 1.0)",1,99.2546946640758,15536
"(0.6042502004811546, 1.0)",1,99.2546724785838,15537
"(0.9583406125452844, 0.9958292603453894)",1,99.25467075511747,15538
"(0.837707400507675, 1.0)",1,99.25437406717434,15539
"(0.9198255060602112, 0.9958292603453894)",1,99.25437211667662,15540
"(0.8365328658269835, 0.9958292603453894)",1,99.25427199082796,15541
"(0.949977467563772, 0.9958292603453894)",1,99.25415465699643,15542
"(0.9669795885118464, 0.9958292603453894)",1,99.25400892804068,15543
"(0.902012682657844, 0.9958292603453894)",1,99.25399163041637,15544
"(0.9707071808622552, 0.9958292603453894)",1,99.25396798185534,15545
"(0.958095238095238, 0.9958292603453894)",1,99.25365449249236,15546
"(0.9788980434141724, 0.9958292603453894)",1,99.25365067251116,15547
"(0.9034438470728792, 0.9958292603453894)",1,99.25359830832474,15548
"(0.9707136080238548, 0.9958292603453894)",1,99.25359306989154,15549
"(0.9791299139401608, 0.9958292603453894)",1,99.25357912744984,15550
"(0.7090909090909091, 1.0)",1,99.25343096498425,15551
"(0.933249791144528, 1.0)",1,99.25324642459368,15552
"(0.8151249335459861, 1.0)",1,99.25313991020344,15553
"(0.5070372093557577, 1.0)",1,99.2530996173582,15554
"(0.9086695042340204, 0.9958292603453894)",1,99.25301943441818,15555
"(0.9454999712494968, 0.9958292603453894)",2,99.25293515090608,15557
"(0.8222222222222222, 1.0)",1,99.2527262774288,15558
"(0.8467532467532467, 1.0)",1,99.25264807193192,15559
"(0.902012682657844, 0.9958292603453894)",1,99.25262006322234,15560
"(0.9445972545972546, 1.0)",1,99.25254433931158,15561
"(0.9665831244778612, 1.0)",1,99.252451904423,15562
"(0.9384174012481092, 0.9958292603453894)",1,99.25238701738144,15563
"(0.9182966261114094, 0.9958292603453894)",1,99.25232574696471,15564
"(0.6698155645524068, 1.0)",1,99.25225085854098,15565
"(0.8374727668845315, 1.0)",1,99.25220588054952,15566
"(0.9008627640703112, 1.0)",1,99.25220092419038,15567
"(0.9749395281084088, 0.9958292603453894)",1,99.25199713220005,15568
"(0.8247905643738976, 1.0)",1,99.25176236346717,15569
"(0.9582210352371644, 0.9958292603453894)",1,99.25173211920614,15570
"(0.9454999712494968, 0.9958292603453894)",2,99.2515386447661,15572
"(0.8266173510466989, 1.0)",1,99.25146945624344,15573
"(0.8796475392220073, 1.0)",1,99.25143082929796,15574
"(0.9751539794803552, 0.9958292603453894)",1,99.25137134627576,15575
"(0.9442283950617284, 1.0)",1,99.25133329194044,15576
"(0.8016677935542034, 1.0)",1,99.25126293294277,15577
"(0.8420013166556946, 1.0)",1,99.25069626773248,15578
"(0.7601164382773579, 1.0)",1,99.2506825142848,15579
"(0.8300265307680562, 1.0)",1,99.25050124155968,15580
"(0.9384174012481092, 0.9958292603453894)",1,99.2504778203943,15581
"(0.9748850895736324, 0.9958292603453894)",1,99.25031538546278,15582
"(0.5131569832583307, 1.0)",1,99.25029454873528,15583
"(0.602264469605218, 1.0)",1,99.25024275769368,15584
"(0.9198255060602112, 0.9958292603453894)",1,99.250201377022,15585
"(0.9707136080238548, 0.9958292603453894)",1,99.25012409664704,15586
"(0.9206165335472736, 0.9958292603453894)",2,99.25005460213173,15588
"(0.9008627640703112, 1.0)",1,99.24991565492684,15589
"(0.9746854694957162, 0.9958292603453894)",1,99.24930582634876,15590
"(0.9300671002153482, 1.0)",1,99.24921496477953,15591
"(0.9797933639980358, 0.9958292603453894)",1,99.24883447817098,15592
"(0.987463247273494, 0.9958292603453894)",1,99.24881415746398,15593
"(0.8476190476190477, 1.0)",1,99.24872417555343,15594
"(0.7703623385261582, 0.9958292603453894)",1,99.2484942623538,15595
"(0.9280317595086728, 0.9958292603453894)",1,99.24844700508363,15596
"(0.987463247273494, 0.9958292603453894)",1,99.24839435460852,15597
"(0.6825396825396824, 1.0)",1,99.24836903609928,15598
"(0.9665831244778612, 1.0)",1,99.24836865431678,15599
"(0.9365496267832196, 0.9958292603453894)",1,99.24826207779992,15600
"(0.7532376017916352, 1.0)",1,99.2481916250843,15601
"(0.9333333333333332, 1.0)",1,99.24806920024992,15602
"(0.9833229101521784, 1.0)",1,99.24796937479864,15603
"(0.7673678366541239, 1.0)",2,99.24794322367208,15605
"(0.9788980434141724, 0.9958292603453894)",1,99.24784110161325,15606
"(0.9743030741133208, 0.9958292603453894)",1,99.2477443497673,15607
"(0.7946380416968652, 0.9958292603453894)",1,99.24764229116384,15608
"(0.8365328658269835, 0.9958292603453894)",1,99.24755652058396,15609
"(0.9584987529902784, 1.0)",1,99.24752362121696,15610
"(0.949977467563772, 0.9958292603453894)",1,99.2474642486062,15611
"(0.9189396095602992, 0.9958292603453894)",1,99.24714908418068,15612
"(0.8425483191745751, 1.0)",2,99.2471192195188,15614
"(0.8564088034923205, 0.9958292603453894)",1,99.2470070485077,15615
"(0.8600291387756281, 0.9958292603453894)",1,99.24681294320642,15616
"(0.917655049465296, 0.9958292603453894)",1,99.24657372396582,15617
"(0.7903875985986362, 1.0)",1,99.246502319842,15618
"(0.7119388248146047, 1.0)",3,99.24645368756428,15621
"(0.9490213526488036, 0.9958292603453894)",1,99.24642370375936,15622
"(0.9791348015256934, 0.9958292603453894)",1,99.2461170561908,15623
"(0.9291343771135042, 0.9958292603453894)",1,99.2459525110097,15624
"(0.8717520170461346, 0.9958292603453894)",1,99.24588778722216,15625
"(0.9699183291713004, 0.9958292603453894)",1,99.24546334089304,15626
"(0.9408363037601548, 0.9958292603453894)",1,99.24536366937862,15627
"(0.8814814814814814, 1.0)",1,99.2453221889065,15628
"(0.7786375661375661, 1.0)",1,99.24523961855768,15629
"(0.9625085772334347, 0.9958292603453894)",1,99.24519316271392,15630
"(0.6698155645524068, 1.0)",1,99.24512225588646,15631
"(0.8880984643179766, 1.0)",1,99.24505265739607,15632
"(0.9300671002153482, 1.0)",1,99.24497110035954,15633
"(0.8796475392220073, 1.0)",1,99.24472690430136,15634
"(0.916104916104916, 1.0)",1,99.24465008937408,15635
"(0.8329050741331443, 1.0)",1,99.24464090271896,15636
"(0.7277677677677677, 1.0)",2,99.24423777952416,15638
"(0.962505246140658, 0.9958292603453894)",1,99.2442283700286,15639
"(0.8760238095238095, 0.9958292603453894)",1,99.2442149861102,15640
"(0.786508365740383, 1.0)",1,99.24420603272088,15641
"(0.93773047895128, 0.9958292603453894)",1,99.24412990505998,15642
"(0.917655049465296, 0.9958292603453894)",1,99.24390034009087,15643
"(0.5131569832583307, 1.0)",1,99.24380676340444,15644
"(0.8247905643738976, 1.0)",1,99.2437505177666,15645
"(0.983305541180304, 0.9958292603453894)",1,99.2436888876137,15646
"(0.987463247273494, 0.9958292603453894)",1,99.24360315847672,15647
"(0.9497171590194848, 1.0)",1,99.24347777960938,15648
"(0.8483418730488175, 0.9958292603453894)",1,99.24343188785268,15649
"(0.4943189964157706, 1.0)",1,99.24329532865382,15650
"(0.9829909379735984, 0.9958292603453894)",1,99.24321919211958,15651
"(0.9333044546043194, 0.9958292603453894)",1,99.24318561343205,15652
"(0.9198255060602112, 0.9958292603453894)",1,99.24302998281811,15653
"(0.9295946890286512, 1.0)",1,99.2427707492001,15654
"(0.9669795885118464, 0.9958292603453894)",1,99.24275534071818,15655
"(0.6575398846941737, 1.0)",1,99.24256415065553,15656
"(0.9623978877963698, 0.9958292603453894)",1,99.24248637904216,15657
"(0.786508365740383, 1.0)",1,99.24247285876206,15658
"(0.8879252284571921, 0.9958292603453894)",1,99.24218031469016,15659
"(0.9874877810361682, 0.9958292603453894)",1,99.24216074812423,15660
"(0.987463247273494, 0.9958292603453894)",1,99.2420364371506,15661
"(0.9279680209218476, 0.9958292603453894)",1,99.24187308983592,15662
"(0.9874877810361682, 0.9958292603453894)",1,99.24168300847774,15663
"(0.8796475392220073, 1.0)",1,99.24150796124503,15664
"(0.9169719169719168, 1.0)",1,99.24149572826536,15665
"(0.9581458989353726, 1.0)",1,99.24142316299432,15666
"(0.9504245882013664, 0.9958292603453894)",1,99.2413361897044,15667
"(0.9625085772334347, 0.9958292603453894)",1,99.24127616730036,15668
"(0.9369138996969484, 0.9958292603453894)",1,99.24098284944746,15669
"(0.8420013166556946, 1.0)",1,99.24094628227957,15670
"(0.8586166985951469, 1.0)",1,99.2407649815358,15671
"(0.9153439153439152, 1.0)",1,99.24072187092892,15672
"(0.7340930674264006, 1.0)",2,99.24050504841466,15674
"(0.8523949169110459, 0.9958292603453894)",1,99.24048920442468,15675
"(0.8365328658269835, 0.9958292603453894)",1,99.24047188579604,15676
"(0.8319340617212959, 1.0)",1,99.24047042644727,15677
"(0.8958208965097509, 0.9958292603453894)",1,99.2400812143865,15678
"(0.8676532769556025, 1.0)",1,99.23992671810916,15679
"(0.9750943974852894, 0.9958292603453894)",1,99.23981299762995,15680
"(0.8867361313822293, 0.9958292603453894)",1,99.23968616409354,15681
"(0.9791388745136372, 0.9958292603453894)",1,99.23949929472693,15682
"(0.917849761232425, 1.0)",1,99.23947965030328,15683
"(0.975195619792394, 0.9958292603453894)",1,99.23936657274852,15684
"(0.7340930674264006, 1.0)",1,99.23936578200144,15685
"(0.9497171590194848, 1.0)",2,99.23936578200144,15687
"(0.9539225495593684, 0.9958292603453894)",1,99.23935248812236,15688
"(0.5070372093557577, 1.0)",2,99.23934189645368,15690
"(0.8372053872053872, 1.0)",1,99.23915546964326,15691
"(0.949977467563772, 0.9958292603453894)",1,99.23911869630903,15692
"(0.9157097551404952, 0.9958292603453894)",1,99.2390559168238,15693
"(0.80285509389987, 1.0)",1,99.23902662477592,15694
"(0.9008627640703112, 1.0)",1,99.23902477575626,15695
"(0.9916625936787228, 0.9958292603453894)",1,99.23899607659916,15696
"(0.9490213526488036, 0.9958292603453894)",1,99.23891177129912,15697
"(0.9829909379735984, 0.9958292603453894)",1,99.23879643376894,15698
"(0.9003556829643787, 1.0)",1,99.23860959374716,15699
"(0.97934925289764, 0.9958292603453894)",1,99.23858591058286,15700
"(0.6733821733821733, 1.0)",2,99.23858438266932,15702
"(0.9580602951397298, 0.9958292603453894)",1,99.2385775079749,15703
"(0.617513611615245, 1.0)",1,99.23830471982056,15704
"(0.987463247273494, 0.9958292603453894)",1,99.23817281208083,15705
"(0.8372053872053872, 1.0)",1,99.23810739060312,15706
"(0.9147764646501256, 0.9958292603453894)",1,99.23784495115164,15707
"(0.9189396095602992, 0.9958292603453894)",2,99.23781805318828,15709
"(0.8880984643179766, 1.0)",1,99.23755875456774,15710
"(0.9189396095602992, 0.9958292603453894)",1,99.2374955247455,15711
"(0.9832184229069656, 0.9958292603453894)",2,99.2374225271308,15713
"(0.8732774170274171, 1.0)",1,99.23715757130954,15714
"(0.9250222656674272, 0.9958292603453894)",1,99.23703170914544,15715
"(0.8329050741331443, 1.0)",1,99.23679702747285,15716
"(0.9189396095602992, 0.9958292603453894)",1,99.23676813626136,15717
"(0.934122934122934, 1.0)",1,99.23649470358345,15718
"(0.9835199925522506, 0.9958292603453894)",1,99.23636775740816,15719
"(0.983545503234046, 0.9958292603453894)",1,99.23633230889756,15720
"(0.9413496923696164, 0.9958292603453894)",1,99.23626782992568,15721
"(0.5910680656443368, 1.0)",1,99.2361346410958,15722
"(0.812557599070401, 1.0)",1,99.2361255769862,15723
"(0.8222222222222222, 1.0)",1,99.23607301147068,15724
"(0.9126251340467026, 0.9958292603453894)",1,99.23604723449284,15725
"(0.9280317595086728, 0.9958292603453894)",1,99.236020453223,15726
"(0.8533622685185187, 1.0)",2,99.2355295423086,15728
"(0.7802197802197803, 1.0)",1,99.23524060243768,15729
"(0.8300265307680562, 1.0)",1,99.23513021556867,15730
"(0.8222222222222222, 1.0)",1,99.2351228716003,15731
"(0.9622634791942192, 0.9958292603453894)",1,99.23510310464934,15732
"(0.987491854024112, 0.9958292603453894)",1,99.23506366610646,15733
"(0.7362637362637362, 1.0)",1,99.2350384093266,15734
"(0.9369138996969484, 0.9958292603453894)",1,99.23493901592772,15735
"(0.8266173510466989, 1.0)",2,99.23479633926618,15737
"(0.9496744347787992, 0.9958292603453894)",1,99.23475767528258,15738
"(0.8845424223473003, 1.0)",1,99.23468940582204,15739
"(0.9034438470728792, 0.9958292603453894)",1,99.23468469972944,15740
"(0.9874877810361682, 0.9958292603453894)",1,99.23467521483713,15741
"(0.9748524098350704, 0.9958292603453894)",2,99.23453330792852,15743
"(0.5131569832583307, 1.0)",1,99.2345286564527,15744
"(0.9669558693467613, 0.9958292603453894)",1,99.23435592202418,15745
"(0.6733821733821733, 1.0)",1,99.23411269180212,15746
"(0.6825396825396824, 1.0)",1,99.2340928211012,15747
"(0.9832401090007582, 0.9958292603453894)",1,99.23407943154392,15748
"(0.902012682657844, 0.9958292603453894)",1,99.23405657905816,15749
"(0.9748524098350704, 0.9958292603453894)",1,99.23401578902048,15750
"(0.9750780096985032, 0.9958292603453894)",1,99.2339959173246,15751
"(0.8613656783468103, 1.0)",1,99.23390225160556,15752
"(0.9583930063253372, 1.0)",1,99.23380428820217,15753
"(0.4776542240827955, 1.0)",1,99.2337210408639,15754
"(0.944073617452092, 1.0)",1,99.23360503606231,15755
"(0.9369138996969484, 0.9958292603453894)",1,99.2336011882326,15756
"(0.9622634791942192, 0.9958292603453894)",1,99.23349449497842,15757
"(0.8997493734335841, 1.0)",1,99.23330308383488,15758
"(0.7278086237149632, 1.0)",1,99.23323714342278,15759
"(0.9791332681655264, 0.9958292603453894)",1,99.23323029388168,15760
"(0.8958208965097509, 0.9958292603453894)",1,99.23311036637038,15761
"(0.9369808292429718, 0.9958292603453894)",1,99.23295438869364,15762
"(0.7479743867590829, 1.0)",1,99.2327022716889,15763
"(0.8929015655249481, 0.9958292603453894)",1,99.23260684464364,15764
"(0.8467532467532467, 1.0)",1,99.23258834189068,15765
"(0.9609386607489072, 0.9958292603453894)",1,99.23254878327508,15766
"(0.9202911589118484, 0.9958292603453894)",1,99.23251490060962,15767
"(0.8928598364786969, 0.9958292603453894)",1,99.23247466967828,15768
"(0.9198255060602112, 0.9958292603453894)",1,99.23241774742868,15769
"(0.746304385688563, 1.0)",1,99.23239812437927,15770
"(0.8736897274633123, 1.0)",1,99.23201033482468,15771
"(0.7647742788871822, 1.0)",1,99.2319728255544,15772
"(0.9369138996969484, 0.9958292603453894)",1,99.23188767037794,15773
"(0.7097211628104076, 1.0)",1,99.23185984284382,15774
"(0.9189396095602992, 0.9958292603453894)",1,99.23170761854206,15775
"(0.8229870141950848, 1.0)",2,99.23140857472902,15777
"(0.8229870141950848, 1.0)",1,99.23127519113928,15778
"(0.965648083497546, 0.9958292603453894)",1,99.2310803028298,15779
"(0.9153439153439156, 1.0)",1,99.23084285286228,15780
"(0.9873891625615764, 0.9958292603453894)",1,99.23075547855726,15781
"(0.4943189964157706, 1.0)",2,99.2305598292819,15783
"(0.9622634791942192, 0.9958292603453894)",1,99.23026817412436,15784
"(0.93773047895128, 0.9958292603453894)",2,99.229772093815,15786
"(0.7075023741690408, 1.0)",2,99.22964105420246,15788
"(0.9665831244778612, 1.0)",1,99.22954609340978,15789
"(0.8222222222222222, 1.0)",1,99.22909019578996,15790
"(0.8151249335459861, 1.0)",1,99.22904828836788,15791
"(0.974772367065274, 0.9958292603453894)",1,99.22903999740446,15792
"(0.9008627640703112, 1.0)",1,99.22900097252648,15793
"(0.9303715638302106, 1.0)",1,99.22893271426804,15794
"(0.8016677935542034, 1.0)",1,99.22874688729996,15795
"(0.7479743867590829, 1.0)",1,99.22857065073056,15796
"(0.97934925289764, 0.9958292603453894)",1,99.22854037482476,15797
"(0.9662506012506012, 0.9958292603453894)",1,99.22847537521908,15798
"(0.6444891298012474, 1.0)",1,99.22843653265484,15799
"(0.8796475392220073, 1.0)",2,99.22804981445356,15801
"(0.930593793370792, 0.9958292603453894)",1,99.22801668282588,15802
"(0.8310777799491891, 1.0)",1,99.22796375825926,15803
"(0.9280459216361852, 0.9958292603453894)",1,99.227907347437,15804
"(0.983545503234046, 0.9958292603453894)",1,99.22772862499976,15805
"(0.8365328658269835, 0.9958292603453894)",1,99.22766216626776,15806
"(0.8717520170461346, 0.9958292603453894)",1,99.22763917201146,15807
"(0.9791258409522168, 0.9958292603453894)",1,99.22763842700128,15808
"(0.8586166985951469, 1.0)",1,99.22722456113628,15809
"(0.9358935587920408, 0.9958292603453894)",1,99.22719253086142,15810
"(0.958095238095238, 0.9958292603453894)",1,99.22712898450791,15811
"(0.6179693015417549, 1.0)",1,99.22701780456552,15812
"(0.9791258409522168, 0.9958292603453894)",1,99.22698253384875,15813
"(0.8165509259259259, 1.0)",1,99.22696902899884,15814
"(0.9748850895736324, 0.9958292603453894)",1,99.22689496699944,15815
"(0.9792766373411534, 0.9958292603453894)",1,99.22680161885864,15816
"(1.0, 1.0)",1,99.22673234069596,15817
"(0.903667392883079, 1.0)",1,99.2266039850631,15818
"(0.9297812306740878, 1.0)",1,99.22653287259514,15819
"(0.9169719169719168, 1.0)",2,99.22647339110752,15821
"(0.8347775825943863, 0.9958292603453894)",1,99.22644227789134,15822
"(0.9499687304565352, 1.0)",1,99.22605728919814,15823
"(0.9347674066329982, 0.9958292603453894)",1,99.22590214829764,15824
"(0.9958292603453894, 0.9958292603453894)",1,99.225891460995,15825
"(0.949977467563772, 0.9958292603453894)",1,99.22569244955253,15826
"(0.97934925289764, 0.9958292603453894)",1,99.22557811378653,15827
"(0.983545503234046, 0.9958292603453894)",1,99.2255383203498,15828
"(0.9322127672355596, 0.9958292603453894)",1,99.22553160702788,15829
"(0.9369808292429718, 0.9958292603453894)",1,99.2254921916096,15830
"(0.9833229101521784, 1.0)",1,99.22546235183889,15831
"(0.9916585206907788, 0.9958292603453894)",1,99.22544442928212,15832
"(0.9916585206907788, 0.9958292603453894)",1,99.22477055562064,15833
"(0.917655049465296, 0.9958292603453894)",2,99.2247662794023,15835
"(0.7946380416968652, 0.9958292603453894)",2,99.22468759874872,15837
"(0.9833211143695014, 0.9958292603453894)",1,99.22464062305689,15838
"(0.9332172991312776, 0.9958292603453894)",1,99.22462937767332,15839
"(0.5502402432393444, 1.0)",1,99.2246169291693,15840
"(0.9369808292429718, 0.9958292603453894)",1,99.22450367892552,15841
"(0.9790755481078062, 0.9958292603453894)",1,99.2243974213117,15842
"(0.9874877810361682, 0.9958292603453894)",1,99.22438140206052,15843
"(0.8760238095238095, 0.9958292603453894)",1,99.2243104881019,15844
"(0.961552316099405, 0.9958292603453894)",1,99.22400837738596,15845
"(0.9153439153439156, 1.0)",1,99.22400060465242,15846
"(0.8443691323092412, 0.9958292603453894)",1,99.2238508040553,15847
"(0.4039045743444857, 1.0)",1,99.22382319773854,15848
"(0.8347775825943863, 0.9958292603453894)",1,99.2237515660139,15849
"(0.9280459216361852, 0.9958292603453894)",1,99.2237366077824,15850
"(0.7713401051412279, 1.0)",1,99.22367573143931,15851
"(0.9916585206907788, 0.9958292603453894)",1,99.22366499160292,15852
"(0.7713401051412279, 1.0)",1,99.22350316742272,15853
"(0.975195619792394, 0.9958292603453894)",1,99.22346990727068,15854
"(0.9279680209218476, 0.9958292603453894)",2,99.22296656155942,15856
"(0.9442283950617284, 1.0)",1,99.22256416895434,15857
"(0.9369808292429718, 0.9958292603453894)",1,99.22249753946552,15858
"(0.9384174012481092, 0.9958292603453894)",1,99.22213911754628,15859
"(0.97899550533801, 0.9958292603453894)",1,99.22213085198086,15860
"(0.816195709052852, 1.0)",1,99.22176051136212,15861
"(0.8976982097186702, 1.0)",1,99.22175138350852,15862
"(0.9332172991312776, 0.9958292603453894)",1,99.22165510893366,15863
"(0.8958208965097509, 0.9958292603453894)",1,99.22153699809073,15864
"(0.8483418730488175, 0.9958292603453894)",1,99.22148359327473,15865
"(0.9182966261114094, 0.9958292603453894)",1,99.22136712093769,15866
"(0.9504245882013664, 0.9958292603453894)",2,99.22133079721472,15868
"(0.987463247273494, 0.9958292603453894)",1,99.22129737141456,15869
"(0.9916585206907788, 0.9958292603453894)",1,99.22124354256292,15870
"(0.9916585206907788, 0.9958292603453894)",1,99.22124001749124,15871
"(0.962264663441134, 0.9958292603453894)",1,99.22120197450022,15872
"(0.987463247273494, 0.9958292603453894)",1,99.2208553709045,15873
"(0.8736897274633123, 1.0)",1,99.22072390145098,15874
"(0.9365496267832196, 0.9958292603453894)",2,99.22061000804324,15876
"(0.970619176311776, 0.9958292603453894)",1,99.22043195607404,15877
"(0.9516794286955578, 0.9958292603453894)",1,99.22017107608023,15878
"(0.9326599326599326, 1.0)",1,99.2199406735992,15879
"(0.961552316099405, 0.9958292603453894)",1,99.21983763773136,15880
"(0.8443691323092412, 0.9958292603453894)",1,99.21968006440068,15881
"(0.617513611615245, 1.0)",1,99.21951041346004,15882
"(0.7362637362637362, 1.0)",1,99.21938017415616,15883
"(0.9333044546043194, 0.9958292603453894)",1,99.2192464225084,15884
"(0.8796475392220073, 1.0)",1,99.2191475246877,15885
"(0.8867361313822293, 0.9958292603453894)",1,99.21910881032194,15886
"(0.8796475392220073, 1.0)",1,99.21904819454583,15887
"(0.9189396095602992, 0.9958292603453894)",1,99.21883134598122,15888
"(0.9295946890286512, 1.0)",1,99.21845987732738,15889
"(0.6575398846941737, 1.0)",1,99.218444916401,15890
"(0.7647742788871822, 1.0)",2,99.21834508485722,15892
"(0.9832965806068272, 0.9958292603453894)",1,99.21822890114969,15893
"(0.9454999712494968, 0.9958292603453894)",1,99.21814671192595,15894
"(0.7647742788871822, 1.0)",1,99.2181401669849,15895
"(0.902012682657844, 0.9958292603453894)",1,99.21807587449436,15896
"(0.8468951683237397, 1.0)",1,99.21786788473035,15897
"(0.971023600055858, 0.9958292603453894)",1,99.21785710227908,15898
"(0.93773047895128, 0.9958292603453894)",1,99.21784236746218,15899
"(0.9086695042340204, 0.9958292603453894)",1,99.21782207920248,15900
"(0.6784722222222224, 1.0)",1,99.21781007312552,15901
"(0.9665831244778612, 1.0)",1,99.21775577047808,15902
"(0.9832925076188832, 0.9958292603453894)",1,99.21767496802708,15903
"(0.8760238095238095, 0.9958292603453894)",1,99.21741072736206,15904
"(0.8552744708994707, 1.0)",1,99.217271869636,15905
"(0.7164894725870335, 1.0)",1,99.21725995763424,15906
"(0.9279680209218476, 0.9958292603453894)",1,99.21706548828044,15907
"(0.9916625936787228, 0.9958292603453894)",1,99.21700753422805,15908
"(0.8471527473990528, 1.0)",1,99.21700419680316,15909
"(0.9623978877963698, 0.9958292603453894)",1,99.21688757324064,15910
"(0.8300265307680562, 1.0)",1,99.21675676234476,15911
"(0.9580331374974232, 1.0)",1,99.21664125950882,15912
"(0.8929015655249481, 0.9958292603453894)",1,99.21647312732244,15913
"(1.0, 1.0)",1,99.21640835021134,15914
"(0.7278086237149632, 1.0)",2,99.21640026834932,15916
"(0.9916585206907788, 0.9958292603453894)",1,99.21626029500776,15917
"(0.7069597069597069, 1.0)",1,99.21624024583308,15918
"(0.8832603710652491, 1.0)",1,99.21617573156682,15919
"(0.9018806250259218, 1.0)",1,99.21578812903844,15920
"(0.8907966222338917, 0.9958292603453894)",2,99.21527082179668,15922
"(0.6215073982652175, 1.0)",2,99.21526368935572,15924
"(0.8928598364786969, 0.9958292603453894)",2,99.21509886337935,15926
"(0.8310777799491891, 1.0)",1,99.21505745878976,15927
"(0.7965746171391332, 1.0)",2,99.21504817943018,15929
"(0.7802197802197803, 1.0)",1,99.21498903955045,15930
"(0.882673371045464, 1.0)",1,99.21494109993368,15931
"(0.917655049465296, 0.9958292603453894)",1,99.21483011488615,15932
"(0.4039045743444857, 1.0)",1,99.21476684359376,15933
"(0.9008025849489264, 1.0)",1,99.21470829277496,15934
"(1.0, 1.0)",1,99.21460855653038,15935
"(0.7574146783449108, 1.0)",1,99.214520615555,15936
"(0.7060994560994561, 1.0)",1,99.21420201254315,15937
"(0.979051756240299, 1.0)",1,99.2140121670284,15938
"(0.7673678366541239, 1.0)",1,99.21392395663064,15939
"(0.97899550533801, 0.9958292603453894)",1,99.2135719187841,15940
"(0.8319340617212959, 1.0)",1,99.21357030176353,15941
"(0.9748524098350704, 0.9958292603453894)",1,99.2134392301406,15942
"(0.8365328658269835, 0.9958292603453894)",1,99.21318694909358,15943
"(0.5910680656443368, 1.0)",1,99.21309456639106,15944
"(0.9714797495442656, 0.9958292603453894)",1,99.21298613382385,15945
"(0.9874747474747476, 0.9958292603453894)",1,99.21278600632324,15946
"(0.9916585206907788, 0.9958292603453894)",1,99.2126656803032,15947
"(0.9161952650324744, 1.0)",1,99.21262537678292,15948
"(0.5884497537136874, 1.0)",1,99.21227420512434,15949
"(0.8760238095238095, 0.9958292603453894)",1,99.2122603154891,15950
"(0.9454999712494968, 0.9958292603453894)",1,99.21195683127382,15951
"(0.6544644252235129, 1.0)",1,99.21181865696528,15952
"(0.8300265307680562, 1.0)",1,99.21170273630392,15953
"(0.8266173510466989, 1.0)",2,99.211693259383,15955
"(0.9748850895736324, 0.9958292603453894)",1,99.21163331716878,15956
"(0.8958208965097509, 0.9958292603453894)",1,99.21162196057917,15957
"(0.9299160159815896, 1.0)",1,99.21153272197452,15958
"(0.9369138996969484, 0.9958292603453894)",1,99.2112766690568,15959
"(0.949977467563772, 0.9958292603453894)",1,99.21117132557625,15960
"(0.9833211143695014, 0.9958292603453894)",1,99.21115275613198,15961
"(0.8907966222338917, 0.9958292603453894)",1,99.2108110834265,15962
"(0.8315474711586087, 0.9958292603453894)",1,99.21073047460536,15963
"(0.6804620726495727, 1.0)",1,99.21059382504735,15964
"(0.987491854024112, 0.9958292603453894)",1,99.21058451326924,15965
"(0.7802197802197803, 1.0)",1,99.2105715462118,15966
"(0.7164894725870335, 1.0)",1,99.21057108538432,15967
"(0.9009287520039462, 1.0)",2,99.21049646348143,15969
"(0.97934925289764, 0.9958292603453894)",1,99.21043720622971,15970
"(0.7545469576719577, 1.0)",2,99.2103137040922,15972
"(0.8736897274633123, 1.0)",1,99.21028805894775,15973
"(0.9332172991312776, 0.9958292603453894)",1,99.21026418581144,15974
"(0.8443691323092412, 0.9958292603453894)",1,99.21006976204936,15975
"(0.7903875985986362, 1.0)",2,99.20976093033752,15977
"(0.6179693015417549, 1.0)",1,99.209714497225,15978
"(0.8880984643179766, 1.0)",1,99.20968426996052,15979
"(0.8796475392220073, 1.0)",1,99.20959998362471,15980
"(0.97899550533801, 0.9958292603453894)",2,99.2095167661488,15982
"(0.987463247273494, 0.9958292603453894)",1,99.20948659308004,15983
"(0.9369138996969484, 0.9958292603453894)",1,99.209132070976,15984
"(0.8887202421952387, 1.0)",1,99.2090661020745,15985
"(0.7278086237149632, 1.0)",1,99.2090108391898,15986
"(0.8762860082304527, 1.0)",1,99.20897093382816,15987
"(0.9873891625615764, 0.9958292603453894)",1,99.2087311252175,15988
"(0.987463247273494, 0.9958292603453894)",2,99.20870987100773,15990
"(0.9834440227703986, 0.9958292603453894)",1,99.2086708399383,15991
"(0.9832965806068272, 0.9958292603453894)",1,99.20859798259846,15992
"(0.9792521035784794, 0.9958292603453894)",1,99.20857964478424,15993
"(0.987491854024112, 0.9958292603453894)",1,99.20835061116324,15994
"(0.9280459216361852, 0.9958292603453894)",1,99.20828802908667,15995
"(1.0, 1.0)",1,99.2082642892356,15996
"(0.8151249335459861, 1.0)",2,99.20809577626488,15998
"(0.9279680209218476, 0.9958292603453894)",1,99.20795169054966,15999
"(0.8613656783468103, 1.0)",1,99.20772825487788,16000
"(0.8928598364786969, 0.9958292603453894)",1,99.20770278963792,16001
"(0.9282083232965586, 0.9958292603453894)",1,99.2075863001289,16002
"(0.8494167439328729, 0.9958292603453894)",1,99.2075180423078,16003
"(0.9916339869281046, 0.9958292603453894)",1,99.207249114896,16004
"(0.8266173510466989, 1.0)",1,99.20714608262656,16005
"(0.9788980434141724, 0.9958292603453894)",1,99.20706406548496,16006
"(0.7786375661375661, 1.0)",1,99.20703259789823,16007
"(0.6575398846941737, 1.0)",1,99.20701980971398,16008
"(0.8266173510466989, 1.0)",1,99.20684231577644,16009
"(0.8907966222338917, 0.9958292603453894)",2,99.20660667197434,16011
"(0.9583930063253372, 1.0)",1,99.2065189981022,16012
"(0.6378166586499919, 1.0)",2,99.20642636468271,16014
"(0.757745166550198, 1.0)",1,99.20629694193124,16015
"(0.9618291283060416, 0.9958292603453894)",1,99.20625575866556,16016
"(0.9832925076188832, 0.9958292603453894)",1,99.20623274000516,16017
"(0.9748850895736324, 0.9958292603453894)",1,99.20613557037666,16018
"(0.738145558145558, 1.0)",1,99.206106891018,16019
"(0.902012682657844, 0.9958292603453894)",1,99.20574613299634,16020
"(0.8832603710652491, 1.0)",1,99.20557967805082,16021
"(0.9280317595086728, 0.9958292603453894)",1,99.20553090360282,16022
"(0.8065954953750508, 1.0)",1,99.20536957403158,16023
"(0.9442283950617284, 1.0)",1,99.20529830223492,16024
"(0.8016677935542034, 1.0)",1,99.20528086783892,16025
"(0.9874877810361682, 0.9958292603453894)",2,99.20513422885344,16027
"(0.4943189964157706, 1.0)",1,99.20506456625242,16028
"(0.9833040078201368, 0.9958292603453894)",1,99.20485715811064,16029
"(0.786508365740383, 1.0)",1,99.20471512581916,16030
"(0.9369808292429718, 0.9958292603453894)",1,99.2046594816152,16031
"(0.6734452539330588, 1.0)",1,99.20464775347752,16032
"(0.7903875985986362, 1.0)",1,99.20461475702884,16033
"(0.8229870141950848, 1.0)",1,99.20460175175762,16034
"(0.9003556829643787, 1.0)",1,99.20443015780354,16035
"(0.9832965806068272, 1.0)",1,99.20442386606176,16036
"(0.7903875985986362, 1.0)",1,99.20439055605684,16037
"(0.9958292603453894, 0.9958292603453894)",1,99.20438251130795,16038
"(0.9916585206907788, 0.9958292603453894)",1,99.20434313005693,16039
"(0.979273283115788, 0.9958292603453894)",1,99.20431409362722,16040
"(0.9504245882013664, 0.9958292603453894)",1,99.20431387324324,16041
"(0.9916339869281046, 0.9958292603453894)",1,99.20424633441549,16042
"(0.9916625936787228, 0.9958292603453894)",1,99.20419781860686,16043
"(0.903667392883079, 1.0)",1,99.20418118429087,16044
"(0.9206165335472736, 0.9958292603453894)",1,99.20416701332766,16045
"(0.975195619792394, 0.9958292603453894)",1,99.20412228416028,16046
"(0.7372334455667788, 1.0)",1,99.20401891534246,16047
"(0.9189396095602992, 0.9958292603453894)",1,99.20382883714052,16048
"(0.8229870141950848, 1.0)",1,99.20376599526188,16049
"(0.975195619792394, 0.9958292603453894)",1,99.20368803944072,16050
"(0.9280317595086728, 0.9958292603453894)",1,99.2032636707586,16051
"(0.9326599326599326, 1.0)",1,99.2032008879249,16052
"(0.4943189964157706, 1.0)",1,99.20319739068034,16053
"(0.4747763864042934, 1.0)",1,99.20309820892962,16054
"(0.9034438470728792, 0.9958292603453894)",2,99.20305938660889,16056
"(0.9368376974614298, 0.9958292603453894)",1,99.20303368459696,16057
"(0.9299160159815896, 1.0)",1,99.20286475334812,16058
"(0.8928598364786969, 0.9958292603453894)",1,99.20278841698553,16059
"(0.9280317595086728, 0.9958292603453894)",2,99.20257875913792,16061
"(0.8483418730488175, 0.9958292603453894)",1,99.20254318440436,16062
"(0.9791332681655264, 0.9958292603453894)",2,99.2024750184302,16064
"(0.9206165335472736, 0.9958292603453894)",1,99.20238649995548,16065
"(0.6521663785997688, 1.0)",1,99.20233365352902,16066
"(0.97934925289764, 0.9958292603453894)",1,99.20228555741475,16067
"(0.9916585206907788, 0.9958292603453894)",1,99.2022583049992,16068
"(0.9206165335472736, 0.9958292603453894)",1,99.20216974651116,16069
"(0.6698155645524068, 1.0)",1,99.20195153426224,16070
"(0.958319976073035, 0.9958292603453894)",1,99.20136784158052,16071
"(0.9958292603453894, 0.9958292603453894)",1,99.20129958890324,16072
"(0.8564088034923205, 0.9958292603453894)",1,99.20124294696748,16073
"(0.9835547122074636, 0.9958292603453894)",1,99.20113984347398,16074
"(0.9832965806068272, 0.9958292603453894)",1,99.20107129118524,16075
"(0.6042502004811546, 1.0)",1,99.2010414348531,16076
"(0.7946380416968652, 0.9958292603453894)",1,99.20102455872131,16077
"(0.917849761232425, 1.0)",1,99.20074389023443,16078
"(0.8762860082304527, 1.0)",1,99.20058929732556,16079
"(0.7121693121693121, 1.0)",1,99.20028757688333,16080
"(0.6042502004811546, 1.0)",1,99.200172201942,16081
"(0.983545503234046, 0.9958292603453894)",1,99.20012679738252,16082
"(0.6444891298012474, 1.0)",1,99.20000998376686,16083
"(0.9157097551404952, 0.9958292603453894)",1,99.19999032813142,16084
"(0.958095238095238, 0.9958292603453894)",1,99.19984172425644,16085
"(0.9707802886550516, 0.9958292603453894)",1,99.19979606322036,16086
"(0.9791332681655264, 0.9958292603453894)",1,99.19972766876715,16087
"(0.9333044546043194, 0.9958292603453894)",1,99.19971012987628,16088
"(0.9279680209218476, 0.9958292603453894)",2,99.19966841137504,16090
"(0.8976982097186702, 1.0)",1,99.19959149405946,16091
"(0.7372334455667788, 1.0)",1,99.199471925005,16092
"(0.8796475392220073, 1.0)",1,99.19926185072272,16093
"(0.8586166985951469, 1.0)",1,99.19920006080976,16094
"(0.8148308968977662, 1.0)",1,99.199046784662,16095
"(0.8796475392220073, 1.0)",1,99.19899068300067,16096
"(0.9126251340467026, 0.9958292603453894)",1,99.19897728005589,16097
"(0.979273283115788, 0.9958292603453894)",1,99.19893866672462,16098
"(0.8294970161977834, 1.0)",1,99.19867046835478,16099
"(0.903667392883079, 1.0)",1,99.19866335006542,16100
"(0.8467532467532467, 1.0)",1,99.19862300819749,16101
"(0.7372334455667788, 1.0)",1,99.19862118411842,16102
"(0.9788980434141724, 0.9958292603453894)",1,99.1985963783624,16103
"(0.9791348015256934, 0.9958292603453894)",1,99.1985918425797,16104
"(0.8347775825943863, 0.9958292603453894)",1,99.19851445217505,16105
"(0.8697983697983697, 1.0)",1,99.19845951424898,16106
"(0.9744745723240348, 0.9958292603453894)",1,99.1984224645839,16107
"(0.8845578466141503, 1.0)",1,99.19830765065974,16108
"(0.9233019263238024, 0.9958292603453894)",1,99.19814194358466,16109
"(0.8315474711586087, 0.9958292603453894)",1,99.19811242304104,16110
"(0.9295946890286512, 1.0)",1,99.1981054506787,16111
"(0.8907966222338917, 0.9958292603453894)",1,99.1980118327882,16112
"(0.9442283950617284, 1.0)",1,99.19795652017828,16113
"(0.9669795885118464, 0.9958292603453894)",1,99.1978126151729,16114
"(0.8811945374355704, 1.0)",1,99.19775172357862,16115
"(0.9280317595086728, 0.9958292603453894)",1,99.19772518595232,16116
"(0.9504245882013664, 0.9958292603453894)",1,99.1977212946574,16117
"(0.738145558145558, 1.0)",1,99.19768073533264,16118
"(0.9034438470728792, 0.9958292603453894)",1,99.19766642565754,16119
"(0.6886904761904762, 1.0)",1,99.1972035123346,16120
"(0.8210319542875959, 0.9992416608232524)",1,99.19720258597822,16121
"(0.9131856219190184, 0.9958292603453894)",1,99.19697792005066,16122
"(0.8372053872053872, 1.0)",1,99.19696960260222,16123
"(0.8760238095238095, 0.9958292603453894)",2,99.19690309132562,16125
"(0.7416325017951034, 1.0)",1,99.19683473772824,16126
"(0.970772861441742, 0.9958292603453894)",1,99.19657368067304,16127
"(0.8300265307680562, 1.0)",1,99.19645517668133,16128
"(0.9958292603453894, 0.9958292603453894)",1,99.19644539153808,16129
"(0.4039045743444857, 1.0)",1,99.19636065207013,16130
"(0.8848000715856217, 1.0)",1,99.19634734457811,16131
"(0.979055829228243, 0.9958292603453894)",1,99.19630552557224,16132
"(0.8760238095238095, 0.9958292603453894)",1,99.19616833864224,16133
"(0.9746854694957162, 1.0)",1,99.19615148065031,16134
"(0.8425483191745751, 1.0)",1,99.19611534418785,16135
"(0.7119388248146047, 1.0)",3,99.19579071007205,16138
"(0.7713401051412279, 1.0)",1,99.1957556981859,16139
"(0.9539225495593684, 0.9958292603453894)",1,99.1956911688086,16140
"(0.9490213526488036, 0.9958292603453894)",1,99.19568065583482,16141
"(0.4747763864042934, 1.0)",1,99.19533292501336,16142
"(0.7278086237149632, 1.0)",1,99.19532170038852,16143
"(0.987463247273494, 0.9958292603453894)",1,99.19525555655564,16144
"(0.9835547122074636, 0.9958292603453894)",1,99.19503300838022,16145
"(0.9749706744868036, 0.9958292603453894)",1,99.1950128543953,16146
"(0.9835547122074636, 0.9958292603453894)",1,99.19491417296726,16147
"(0.4039045743444857, 1.0)",1,99.1948219447294,16148
"(0.9189396095602992, 0.9958292603453894)",1,99.1944643973038,16149
"(0.902764590611026, 0.9958292603453894)",1,99.1944543414682,16150
"(0.7372334455667788, 1.0)",1,99.19442541720696,16151
"(0.9720813204508856, 1.0)",1,99.19439126086276,16152
"(0.9714797495442656, 0.9958292603453894)",1,99.19430557325596,16153
"(0.861111111111111, 1.0)",1,99.19420289855071,16154
"(0.93773047895128, 0.9958292603453894)",2,99.19389688159164,16156
"(0.8928598364786969, 0.9958292603453894)",1,99.19388026673695,16157
"(0.9019681633904184, 1.0)",1,99.1938783854212,16158
"(0.903667392883079, 1.0)",1,99.1938532060952,16159
"(0.917655049465296, 0.9958292603453894)",1,99.19367399905651,16160
"(0.9299160159815896, 1.0)",1,99.19358068525209,16161
"(0.9206165335472736, 0.9958292603453894)",1,99.19350717737578,16162
"(0.9665831244778612, 1.0)",1,99.19347298176768,16163
"(0.9442283950617284, 1.0)",1,99.1932462358626,16164
"(0.9157097551404952, 0.9958292603453894)",2,99.19323999443914,16166
"(0.6907243513029603, 1.0)",1,99.19312701868613,16167
"(0.9508264734071186, 0.9958292603453894)",1,99.19312362943506,16168
"(0.9280459216361852, 0.9958292603453894)",1,99.19271555270298,16169
"(0.962505246140658, 0.9958292603453894)",1,99.19257312566562,16170
"(0.8867361313822293, 0.9958292603453894)",1,99.1923245103467,16171
"(0.9666562434855118, 1.0)",1,99.19213210672626,16172
"(0.6544644252235129, 1.0)",1,99.19205207783968,16173
"(0.9198255060602112, 0.9958292603453894)",1,99.19188216356868,16174
"(0.7965746171391332, 1.0)",1,99.19180639027844,16175
"(0.8312205288949474, 1.0)",2,99.19178621972704,16177
"(0.93773047895128, 0.9958292603453894)",1,99.19174714982972,16178
"(0.9126251340467026, 0.9958292603453894)",1,99.19168768499436,16179
"(0.7532376017916352, 1.0)",1,99.19155137482836,16180
"(0.9746535316523212, 0.9958292603453894)",1,99.1915063733733,16181
"(0.7121693121693121, 1.0)",1,99.19127017375864,16182
"(0.971023600055858, 0.9958292603453894)",1,99.19108588708596,16183
"(0.844988344988345, 1.0)",1,99.19103501862122,16184
"(0.9326599326599326, 1.0)",1,99.1909995162165,16185
"(0.7903875985986362, 1.0)",1,99.1909782443271,16186
"(0.9832965806068272, 0.9958292603453894)",1,99.19085449310413,16187
"(0.9182966261114094, 0.9958292603453894)",1,99.1907790254136,16188
"(0.9369808292429718, 0.9958292603453894)",1,99.1905633373123,16189
"(0.8315474711586087, 0.9958292603453894)",1,99.19048010983248,16190
"(0.961552316099405, 0.9958292603453894)",1,99.19044809204772,16191
"(0.9916585206907788, 0.9958292603453894)",1,99.1903424162121,16192
"(0.9623066688389268, 0.9958292603453894)",1,99.19033988233568,16193
"(0.8315474711586087, 0.9958292603453894)",1,99.19028050797732,16194
"(0.9369808292429718, 0.9958292603453894)",1,99.19020176560706,16195
"(0.917655049465296, 0.9958292603453894)",1,99.18972234341273,16196
"(0.9126251340467026, 0.9958292603453894)",1,99.18937462407584,16197
"(0.6825396825396824, 1.0)",1,99.18931023775204,16198
"(0.9161379295307868, 1.0)",1,99.18926411513736,16199
"(0.8229870141950848, 1.0)",1,99.1891607945844,16200
"(0.8929015655249481, 0.9958292603453894)",1,99.1888954584187,16201
"(0.9490213526488036, 0.9958292603453894)",1,99.18861725186127,16202
"(0.9622634791942192, 0.9958292603453894)",2,99.188563703703,16204
"(0.9746854694957162, 0.9958292603453894)",2,99.18845529909316,16206
"(0.9876066164491212, 0.9958292603453894)",1,99.18833130026071,16207
"(0.7277677677677677, 1.0)",1,99.18806494001798,16208
"(0.9250222656674272, 0.9958292603453894)",1,99.18800933355418,16209
"(0.7545469576719577, 1.0)",1,99.18793135288226,16210
"(0.5077525425843888, 1.0)",1,99.18792514618872,16211
"(0.9746854694957162, 1.0)",1,99.18777804036512,16212
"(0.8151249335459861, 1.0)",1,99.18752208587986,16213
"(0.9250222656674272, 0.9958292603453894)",1,99.18736472121684,16214
"(0.9497171590194848, 1.0)",1,99.18720540342731,16215
"(0.9746854694957162, 0.9958292603453894)",1,99.18718626550456,16216
"(0.837707400507675, 1.0)",1,99.18713734827335,16217
"(0.4776542240827955, 1.0)",1,99.1871174137935,16218
"(0.9365496267832196, 0.9958292603453894)",1,99.18696872118788,16219
"(0.7713401051412279, 1.0)",1,99.18671793793828,16220
"(0.979051756240299, 0.9958292603453894)",1,99.186203549498,16221
"(1.0, 1.0)",1,99.18601703307586,16222
"(0.9333044546043194, 0.9958292603453894)",1,99.18597626192523,16223
"(0.987463247273494, 0.9958292603453894)",1,99.1857972946484,16224
"(0.8247905643738976, 1.0)",1,99.18575471607431,16225
"(0.8717520170461346, 0.9958292603453894)",1,99.1856124919297,16226
"(0.8760238095238095, 0.9958292603453894)",1,99.18503409029384,16227
"(0.8848000715856217, 1.0)",1,99.18487899524769,16228
"(0.9279680209218476, 0.9958292603453894)",1,99.18478955284048,16229
"(0.9291343771135042, 0.9958292603453894)",1,99.18471865956909,16230
"(0.9034438470728792, 0.9958292603453894)",1,99.18467938239894,16231
"(0.5070372093557577, 1.0)",1,99.18437202316724,16232
"(0.8867361313822293, 0.9958292603453894)",1,99.18415910612566,16233
"(0.8420013166556946, 1.0)",1,99.18413822458209,16234
"(0.9916339869281046, 0.9958292603453894)",1,99.18409594310351,16235
"(0.8600291387756281, 0.9958292603453894)",1,99.18382934332556,16236
"(0.7294281157362763, 1.0)",1,99.1837603079167,16237
"(0.8443691323092412, 0.9958292603453894)",1,99.18371341964026,16238
"(0.8222222222222222, 1.0)",2,99.18370665339307,16240
"(0.987463247273494, 0.9958292603453894)",1,99.18356350971013,16241
"(0.6907243513029603, 1.0)",2,99.18355493313842,16243
"(0.8867361313822293, 0.9958292603453894)",1,99.18347225129496,16244
"(0.9206165335472736, 0.9958292603453894)",1,99.18345886790368,16245
"(0.9365496267832196, 0.9958292603453894)",1,99.18329211481148,16246
"(1.0, 1.0)",1,99.18294005424448,16247
"(0.6521663785997688, 1.0)",1,99.18244278230956,16248
"(0.9792521035784794, 0.9958292603453894)",2,99.1823755764857,16250
"(0.7802197802197803, 1.0)",2,99.18236427188371,16252
"(0.8300265307680562, 1.0)",1,99.18201643246456,16253
"(0.9182966261114094, 0.9958292603453894)",1,99.18200427253804,16254
"(0.9435817855979146, 0.9958292603453894)",1,99.18149398560432,16255
"(0.9322127672355596, 0.9958292603453894)",1,99.18148732325608,16256
"(0.8150750769839252, 0.9958292603453894)",1,99.18148551527656,16257
"(0.5910680656443368, 1.0)",2,99.18147564153286,16259
"(0.8222222222222222, 1.0)",1,99.18130309285635,16260
"(0.9008627640703112, 1.0)",1,99.18121904805967,16261
"(0.9792766373411534, 0.9958292603453894)",1,99.18117036141636,16262
"(0.9666562434855118, 1.0)",1,99.18101986715146,16263
"(0.9669795885118464, 0.9958292603453894)",1,99.18061852933864,16264
"(0.9198255060602112, 0.9958292603453894)",1,99.18051167141546,16265
"(0.8892949503417051, 0.9958292603453894)",1,99.180417792213,16266
"(0.9295946890286512, 1.0)",1,99.18033719255789,16267
"(0.9744745723240348, 0.9958292603453894)",1,99.18003282140404,16268
"(0.9410852767304382, 0.9958292603453894)",1,99.17989151830506,16269
"(1.0, 1.0)",1,99.1798337862854,16270
"(0.4039045743444857, 1.0)",1,99.17957333569012,16271
"(0.945364478411655, 0.9958292603453894)",1,99.17956062739226,16272
"(0.9916625936787228, 0.9958292603453894)",1,99.1795028611647,16273
"(0.9326599326599326, 1.0)",1,99.17916681331316,16274
"(0.7946380416968652, 0.9958292603453894)",1,99.17916191914762,16275
"(0.9182966261114094, 0.9958292603453894)",1,99.17905697569088,16276
"(0.8929015655249481, 0.9958292603453894)",1,99.1790018648508,16277
"(0.9873444118605408, 0.9958292603453894)",1,99.17880948626434,16278
"(0.8885714285714285, 1.0)",1,99.178726084535,16279
"(0.9279680209218476, 0.9958292603453894)",1,99.17864210909458,16280
"(0.9750481776288228, 0.9958292603453894)",1,99.17860069762308,16281
"(0.8676532769556025, 1.0)",1,99.17854481906262,16282
"(0.9182966261114094, 0.9958292603453894)",2,99.17851024327024,16284
"(0.8762860082304527, 1.0)",1,99.17840442373034,16285
"(0.8907966222338917, 0.9958292603453894)",1,99.17824842741116,16286
"(0.9833040078201368, 0.9958292603453894)",1,99.17817078267716,16287
"(0.7430253184970165, 1.0)",1,99.1780106520275,16288
"(0.9165164082221422, 1.0)",1,99.17790679892016,16289
"(0.9873891625615764, 0.9958292603453894)",1,99.17759031562478,16290
"(0.9833040078201368, 0.9958292603453894)",2,99.1775342638642,16292
"(0.7060994560994561, 1.0)",1,99.17746944473356,16293
"(0.8976982097186702, 1.0)",1,99.17726689037292,16294
"(0.8867361313822293, 0.9958292603453894)",1,99.17701395413565,16295
"(0.7946380416968652, 0.9958292603453894)",1,99.17701042792125,16296
"(0.8053381731676306, 1.0)",1,99.1769568476171,16297
"(0.9584987529902784, 1.0)",1,99.17668373370093,16298
"(0.8600291387756281, 0.9958292603453894)",1,99.17662530879184,16299
"(0.902012682657844, 0.9958292603453894)",1,99.17651690768268,16300
"(0.9832965806068272, 0.9958292603453894)",2,99.17649479918124,16302
"(0.9384174012481092, 0.9958292603453894)",2,99.17636304751946,16304
"(0.9833229101521784, 1.0)",1,99.17624908803882,16305
"(0.8907966222338917, 0.9958292603453894)",1,99.17624129105364,16306
"(0.9009287520039462, 1.0)",1,99.17615460386916,16307
"(0.913942789236907, 0.9958292603453894)",1,99.1760530813599,16308
"(0.9437903841498612, 1.0)",2,99.17596051753952,16310
"(0.9833040078201368, 0.9958292603453894)",1,99.17583130423616,16311
"(0.9437903841498612, 1.0)",1,99.17582713394977,16312
"(0.9442283950617284, 1.0)",1,99.17578225815284,16313
"(0.902012682657844, 0.9958292603453894)",1,99.17559773731936,16314
"(1.0, 1.0)",1,99.17555526016793,16315
"(0.9166145507608924, 1.0)",2,99.17541344840951,16317
"(0.8315474711586087, 0.9958292603453894)",1,99.17540277147614,16318
"(0.9504245882013664, 0.9958292603453894)",1,99.17525342547624,16319
"(0.8347775825943863, 0.9958292603453894)",1,99.17520361712872,16320
"(0.8717520170461346, 0.9958292603453894)",1,99.17518259068676,16321
"(0.617513611615245, 1.0)",1,99.17516480173744,16322
"(0.7069597069597069, 1.0)",1,99.17514584181252,16323
"(0.9791258409522168, 0.9958292603453894)",1,99.1750382470277,16324
"(0.7278086237149632, 1.0)",1,99.17494648111068,16325
"(0.9250222656674272, 0.9958292603453894)",1,99.1748254382332,16326
"(0.9280317595086728, 0.9958292603453894)",1,99.17479424814788,16327
"(0.9751539794803552, 0.9958292603453894)",1,99.1747713573937,16328
"(0.8165520116739629, 1.0)",1,99.17461523605706,16329
"(0.8347775825943863, 0.9958292603453894)",1,99.1744305835564,16330
"(0.816195709052852, 1.0)",1,99.17430976373302,16331
"(0.9268079211169572, 0.9958292603453894)",1,99.17421467155354,16332
"(0.812557599070401, 1.0)",1,99.17404267201884,16333
"(0.9157097551404952, 0.9958292603453894)",1,99.17401078972584,16334
"(0.4860837462761431, 1.0)",1,99.17395405373426,16335
"(0.958095238095238, 0.9958292603453894)",2,99.1738041105328,16337
"(0.961552316099405, 0.9958292603453894)",1,99.1737253130333,16338
"(0.6544644252235129, 1.0)",1,99.17359032303884,16339
"(0.4714849648217822, 1.0)",1,99.1734833830703,16340
"(0.9279680209218476, 0.9958292603453894)",1,99.17325268830398,16341
"(0.9916666666666668, 0.9958292603453894)",1,99.17323024956092,16342
"(0.9497171590194846, 1.0)",1,99.1731667712709,16343
"(0.979273283115788, 0.9958292603453894)",1,99.17295230270727,16344
"(0.9835199925522506, 0.9958292603453894)",2,99.17285362691804,16346
"(0.9834358767945106, 0.9958292603453894)",1,99.17260191515452,16347
"(0.6825396825396824, 1.0)",1,99.17242017242016,16348
"(0.9332172991312776, 0.9958292603453894)",1,99.17237426588744,16349
"(0.9916666666666668, 0.9958292603453894)",1,99.17232652851274,16350
"(0.9746854694957162, 1.0)",1,99.17227196996907,16351
"(0.6444891298012474, 1.0)",1,99.17187940668204,16352
"(0.7340930674264007, 1.0)",1,99.17135709818636,16353
"(0.8483418730488175, 0.9958292603453894)",1,99.17113343861016,16354
"(0.9333044546043194, 0.9958292603453894)",1,99.17098937526124,16355
"(0.8040695048423352, 1.0)",1,99.17093465084972,16356
"(0.7545469576719577, 1.0)",1,99.17079621006432,16357
"(0.6215073982652175, 1.0)",1,99.17078644658648,16358
"(0.8151249335459861, 1.0)",1,99.17078283323389,16359
"(0.93795454842108, 0.9958292603453894)",2,99.17063459145136,16361
"(0.7060994560994561, 1.0)",1,99.1704916603963,16362
"(0.7430253184970165, 1.0)",1,99.1703889847104,16363
"(0.6544644252235129, 1.0)",1,99.17032068125678,16364
"(0.837707400507675, 1.0)",1,99.17020066423224,16365
"(0.8600291387756281, 0.9958292603453894)",1,99.170186498197,16366
"(1.0, 1.0)",1,99.16995881911114,16367
"(0.9437903841498612, 1.0)",1,99.16980711230474,16368
"(0.8579868984630887, 1.0)",1,99.16977819664798,16369
"(0.5910680656443368, 1.0)",1,99.16963209155296,16370
"(0.617513611615245, 1.0)",1,99.16922757247951,16371
"(0.9750780096985032, 0.9958292603453894)",1,99.16876665712152,16372
"(0.7687400318979267, 1.0)",1,99.16874410712666,16373
"(0.8349489264123411, 1.0)",1,99.16863166215008,16374
"(0.9581423242435478, 0.9958292603453894)",1,99.16845694866812,16375
"(0.9833229101521784, 1.0)",1,99.16810969714908,16376
"(0.7786375661375661, 1.0)",1,99.16802711727966,16377
"(0.7119388248146047, 1.0)",5,99.16787276170771,16382
"(0.7278086237149632, 1.0)",1,99.16779943571082,16383
"(1.0, 1.0)",1,99.16751624367812,16384
"(0.9873891625615764, 0.9958292603453894)",1,99.1674777135944,16385
"(0.7946380416968652, 0.9958292603453894)",1,99.16743802058842,16386
"(0.9333044546043194, 0.9958292603453894)",1,99.16743222085243,16387
"(0.9034438470728792, 0.9958292603453894)",1,99.16735824011288,16388
"(0.9916625936787228, 0.9958292603453894)",1,99.16728405855564,16389
"(0.917655049465296, 0.9958292603453894)",1,99.16706957281087,16390
"(0.9182966261114094, 0.9958292603453894)",1,99.16703257166849,16391
"(0.8586166985951469, 1.0)",1,99.16691321307724,16392
"(0.7574146783449108, 1.0)",1,99.16684366979698,16393
"(0.9333333333333332, 1.0)",1,99.16667516965694,16394
"(0.9833211143695014, 0.9958292603453894)",1,99.16656478670824,16395
"(0.902012682657844, 0.9958292603453894)",1,99.16638479303636,16396
"(0.7835695636831266, 0.9958292603453894)",1,99.166265441183,16397
"(0.8158879904162925, 1.0)",2,99.16621810099076,16399
"(0.916687675070028, 0.9958292603453894)",1,99.16593122162274,16400
"(0.9501563219469168, 0.9958292603453894)",1,99.1657784714788,16401
"(0.8495378883833893, 0.9958292603453894)",1,99.16555555414338,16402
"(0.9384174012481092, 0.9958292603453894)",1,99.16535309015028,16403
"(0.5070372093557577, 1.0)",1,99.1653000542552,16404
"(0.8065954953750508, 1.0)",1,99.16517797691743,16405
"(0.9958292603453894, 1.0)",1,99.16517686332772,16406
"(0.9747273037595618, 0.9958292603453894)",1,99.1650437244932,16407
"(0.9658159033159032, 0.9958292603453894)",1,99.1650266920294,16408
"(0.9206165335472736, 0.9958292603453894)",1,99.16499442454231,16409
"(0.9832401090007582, 0.9958292603453894)",1,99.16481669420163,16410
"(0.9835547122074636, 0.9958292603453894)",1,99.16474500749776,16411
"(0.949977467563772, 0.9958292603453894)",1,99.16468330572788,16412
"(0.9832401090007582, 0.9958292603453894)",1,99.16441328125282,16413
"(0.7965746171391332, 1.0)",1,99.16428528924573,16414
"(0.9833211143695014, 0.9958292603453894)",1,99.16388168128786,16415
"(0.9200043551329178, 0.9958292603453894)",1,99.16377909050448,16416
"(0.837707400507675, 1.0)",1,99.16372338609813,16417
"(0.9669558693467613, 0.9958292603453894)",1,99.16370847780992,16418
"(0.9665831244778612, 1.0)",1,99.16365478085184,16419
"(0.9250222656674272, 0.9958292603453894)",1,99.1635000397079,16420
"(0.9189396095602992, 0.9958292603453894)",1,99.16320241414525,16421
"(0.9835199925522506, 0.9958292603453894)",1,99.16303669695372,16422
"(0.944563492063492, 1.0)",1,99.16273807110764,16423
"(0.9704226680823772, 0.9958292603453894)",1,99.16259956497572,16424
"(0.8813080639167598, 1.0)",1,99.16236973913942,16425
"(1.0, 0.9958292603453894)",1,99.16216048813422,16426
"(0.9437903841498612, 1.0)",1,99.16212785897,16427
"(0.8613656783468103, 1.0)",1,99.16209088440338,16428
"(0.975195619792394, 0.9958292603453894)",1,99.1617394843689,16429
"(0.9437903841498612, 1.0)",1,99.16157337276618,16430
"(0.8928598364786969, 0.9958292603453894)",1,99.16144876754076,16431
"(0.8907966222338917, 0.9958292603453894)",1,99.16136678022076,16432
"(1.0, 1.0)",1,99.16128746792076,16433
"(0.9279680209218476, 0.9958292603453894)",1,99.16112857185487,16434
"(0.9437903841498612, 1.0)",1,99.16097870824068,16435
"(0.9829909379735984, 0.9958292603453894)",1,99.16089629012504,16436
"(0.6747507742934573, 1.0)",2,99.16079693805368,16438
"(0.8600291387756281, 0.9958292603453894)",1,99.1607743340069,16439
"(0.9958292603453894, 0.9958292603453894)",1,99.1606478905047,16440
"(0.5910680656443368, 1.0)",1,99.16061996471568,16441
"(0.8247905643738976, 1.0)",1,99.16030995424386,16442
"(0.8247905643738976, 1.0)",1,99.16019290301702,16443
"(0.9916585206907788, 0.9958292603453894)",1,99.16016969703,16444
"(0.746304385688563, 1.0)",1,99.16016927989943,16445
"(0.8929015655249481, 0.9958292603453894)",2,99.1601292363814,16447
"(0.8547756205106323, 1.0)",1,99.16012271999703,16448
"(0.9744745723240348, 0.9958292603453894)",1,99.15994828877454,16449
"(0.8399588504703595, 0.9958292603453894)",1,99.15991360794128,16450
"(0.9504245882013664, 0.9958292603453894)",1,99.15959752379396,16451
"(0.7503607503607503, 1.0)",1,99.15917590547778,16452
"(0.6747507742934573, 1.0)",1,99.1591599456989,16453
"(0.617513611615245, 1.0)",1,99.15896943798072,16454
"(0.7903875985986362, 1.0)",1,99.15888780851564,16455
"(0.8997493734335841, 1.0)",1,99.15864349186116,16456
"(0.9279680209218476, 0.9958292603453894)",1,99.15863894327262,16457
"(0.9916585206907788, 0.9958292603453894)",1,99.15851317464788,16458
"(0.9792766373411534, 0.9958292603453894)",1,99.15831496340506,16459
"(0.8929015655249481, 0.9958292603453894)",1,99.15829971613245,16460
"(0.6747507742934573, 1.0)",1,99.158299263804,16461
"(0.8365328658269835, 0.9958292603453894)",1,99.15826498502202,16462
"(0.9126251340467026, 0.9958292603453894)",1,99.15825442024436,16463
"(0.8420013166556946, 1.0)",1,99.15823958730944,16464
"(1.0, 1.0)",1,99.1581827674851,16465
"(0.9288423094874708, 0.9958292603453894)",1,99.1581673706234,16466
"(0.9583930063253372, 1.0)",1,99.15802755577414,16467
"(0.9873444118605408, 0.9958292603453894)",1,99.15798411301007,16468
"(0.9749088814411396, 1.0)",1,99.15784969938376,16469
"(0.887309073841332, 0.9958292603453894)",1,99.1577746268562,16470
"(0.8222222222222222, 1.0)",1,99.15761827481327,16471
"(0.5131569832583307, 1.0)",2,99.15761694357536,16473
"(0.975195619792394, 0.9958292603453894)",1,99.15750639701838,16474
"(0.8633762288330498, 1.0)",1,99.15750371054672,16475
"(0.9746535316523212, 0.9958292603453894)",1,99.15738140210075,16476
"(0.799275702501509, 1.0)",1,99.15733289624455,16477
"(0.7372334455667788, 1.0)",1,99.1572951125292,16478
"(0.5070372093557577, 1.0)",1,99.15726375275555,16479
"(0.9916585206907788, 0.9958292603453894)",1,99.15715930583616,16480
"(0.808446455505279, 1.0)",1,99.15714735216882,16481
"(0.8695210904700781, 0.9958292603453894)",1,99.1571328392384,16482
"(0.9008627640703112, 1.0)",1,99.15701645293612,16483
"(0.9750780096985032, 0.9958292603453894)",1,99.15687705567036,16484
"(0.9369138996969484, 0.9958292603453894)",1,99.15673276552776,16485
"(0.6544644252235129, 1.0)",1,99.1566710190146,16486
"(0.6886904761904762, 1.0)",1,99.15659214275642,16487
"(0.9616410906733488, 0.9958292603453894)",1,99.15651258571292,16488
"(0.6544644252235129, 1.0)",1,99.15615287213284,16489
"(0.958227107069612, 0.9958292603453894)",1,99.15595419812996,16490
"(0.9280459216361852, 0.9958292603453894)",1,99.1554771615898,16491
"(0.8312205288949474, 1.0)",1,99.15546437014476,16492
"(1.0, 1.0)",1,99.15537673399216,16493
"(0.8300265307680562, 1.0)",1,99.15518831062596,16494
"(0.9445235834124724, 1.0)",1,99.15511706752127,16495
"(0.7372334455667788, 1.0)",2,99.15498637883664,16497
"(1.0, 1.0)",1,99.15493331953108,16498
"(0.6698155645524068, 1.0)",1,99.15493036008698,16499
"(0.9295946890286512, 1.0)",2,99.15486512340377,16501
"(0.9504245882013664, 0.9958292603453894)",1,99.15471836293464,16502
"(0.7713401051412279, 1.0)",1,99.1546281854174,16503
"(0.97495917428555, 0.9958292603453894)",1,99.154593886672,16504
"(0.8365328658269835, 0.9958292603453894)",1,99.15454138773462,16505
"(0.9369138996969484, 0.9958292603453894)",1,99.15449334126272,16506
"(0.8158879904162925, 1.0)",1,99.15431148255448,16507
"(0.8929015655249481, 0.9958292603453894)",1,99.15389905756936,16508
"(0.8347775825943863, 0.9958292603453894)",1,99.1538195369209,16509
"(0.8471527473990528, 1.0)",1,99.15347138493074,16510
"(0.8564088034923205, 0.9958292603453894)",1,99.15325961363702,16511
"(0.8483418730488175, 0.9958292603453894)",1,99.15312343111935,16512
"(0.6612761389202956, 1.0)",1,99.1531143728969,16513
"(0.8165509259259259, 1.0)",1,99.15305103101367,16514
"(0.7965746171391332, 1.0)",1,99.15293658091176,16515
"(0.8310777799491891, 1.0)",1,99.15293600361608,16516
"(0.9442283950617284, 1.0)",1,99.152786928303,16517
"(0.9583930063253372, 1.0)",1,99.1527778083519,16518
"(0.8483418730488175, 0.9958292603453894)",2,99.15274705254676,16520
"(0.8796475392220073, 1.0)",1,99.15266036201598,16521
"(0.93773047895128, 0.9958292603453894)",1,99.15258874994676,16522
"(0.6760835913312693, 1.0)",1,99.15254318845363,16523
"(0.9165164082221422, 1.0)",1,99.15252441492908,16524
"(0.9031692062697052, 1.0)",1,99.15251022047369,16525
"(0.861111111111111, 1.0)",1,99.15242846919584,16526
"(0.9333333333333332, 1.0)",1,99.15241343294264,16527
"(0.6215073982652175, 1.0)",1,99.15219041943458,16528
"(0.9874762808349148, 0.9916666666666668)",1,99.1520763142482,16529
"(0.9747273037595618, 0.9958292603453894)",1,99.15199088654472,16530
"(0.7802197802197803, 1.0)",2,99.15198073956694,16532
"(0.9198255060602112, 0.9958292603453894)",1,99.15183902163696,16533
"(0.7946380416968652, 0.9958292603453894)",1,99.15179875468014,16534
"(0.8365328658269835, 0.9958292603453894)",1,99.15176497826276,16535
"(0.9280459216361852, 0.9958292603453894)",1,99.15167365914309,16536
"(0.7344692811916678, 1.0)",2,99.15146637894688,16538
"(0.9506533178503804, 1.0)",1,99.15140508940762,16539
"(0.9916585206907788, 0.9958292603453894)",1,99.15136588323344,16540
"(0.7916666666666666, 1.0)",1,99.15132481600688,16541
"(0.9833211143695014, 0.9958292603453894)",1,99.15129945060004,16542
"(0.97934925289764, 0.9958292603453894)",1,99.15125411189908,16543
"(0.9198255060602112, 0.9958292603453894)",1,99.15107870244536,16544
"(0.8128971639097002, 1.0)",1,99.15087757767417,16545
"(0.8151249335459861, 1.0)",1,99.1507422266375,16546
"(0.8420013166556946, 1.0)",1,99.15065165847544,16547
"(0.8600291387756281, 0.9958292603453894)",2,99.15056825338335,16549
"(0.8425483191745751, 1.0)",1,99.15049394090843,16550
"(0.9034438470728792, 0.9958292603453894)",1,99.15019556100177,16551
"(0.978932178932179, 0.9958292603453894)",2,99.15012083376423,16553
"(0.9583930063253372, 1.0)",1,99.149995879017,16554
"(0.9580331374974232, 1.0)",1,99.14988334479762,16555
"(0.6911324786324786, 1.0)",1,99.1496220918125,16556
"(0.7711781618000022, 1.0)",1,99.1495078860854,16557
"(0.9916585206907788, 0.9958292603453894)",1,99.1493739102662,16558
"(0.933096859926128, 1.0)",1,99.14931212920968,16559
"(0.9750481776288228, 0.9958292603453894)",1,99.14917026715824,16560
"(0.9958292603453894, 1.0)",1,99.14907185022189,16561
"(0.9750780096985032, 0.9958292603453894)",1,99.14898611462314,16562
"(0.9720813204508856, 1.0)",1,99.14894347060316,16563
"(0.7372334455667788, 1.0)",1,99.14879061344398,16564
"(0.9791348015256934, 0.9958292603453894)",1,99.14877392939891,16565
"(0.987491854024112, 0.9958292603453894)",1,99.14875897266325,16566
"(0.6378166586499919, 1.0)",1,99.14873327351896,16567
"(0.9497171590194846, 1.0)",1,99.14857758183352,16568
"(0.9166145507608924, 1.0)",1,99.14837985112936,16569
"(0.8420013166556946, 1.0)",1,99.14836545060604,16570
"(0.9958292603453894, 1.0)",1,99.14835053553368,16571
"(0.8760238095238095, 0.9958292603453894)",2,99.147924350082,16573
"(0.81893131227901, 1.0)",1,99.14788650255775,16574
"(0.9419962019593964, 0.9958292603453894)",1,99.1475849156006,16575
"(0.812557599070401, 1.0)",1,99.1474858199694,16576
"(0.9189396095602992, 0.9958292603453894)",1,99.14735417631714,16577
"(0.8443691323092412, 0.9958292603453894)",1,99.14716191807013,16578
"(0.9454999712494968, 0.9958292603453894)",1,99.14685983997852,16579
"(0.7277677677677677, 1.0)",1,99.14645375739276,16580
"(0.9279680209218476, 0.9958292603453894)",1,99.14644271689026,16581
"(0.9873891625615764, 0.9958292603453894)",1,99.1463801112872,16582
"(0.826388888888889, 1.0)",1,99.14636102671392,16583
"(0.9750780096985032, 0.9958292603453894)",1,99.1462042306665,16584
"(0.9916585206907788, 0.9958292603453894)",1,99.14620075441071,16585
"(0.7965746171391332, 1.0)",1,99.1461139782765,16586
"(0.4747763864042934, 1.0)",1,99.14600447125072,16587
"(0.6830409356725146, 1.0)",1,99.14596872338656,16588
"(0.9665831244778612, 1.0)",1,99.14596313144408,16589
"(0.7786375661375661, 1.0)",1,99.14592248229609,16590
"(0.97934925289764, 0.9958292603453894)",1,99.14592056876032,16591
"(0.9833211143695014, 0.9958292603453894)",1,99.14561654294852,16592
"(0.7000013129045387, 1.0)",3,99.14542254729304,16595
"(0.8976982097186702, 1.0)",1,99.1454140924432,16596
"(0.8885714285714285, 1.0)",1,99.14536858111104,16597
"(0.7946380416968652, 0.9958292603453894)",1,99.14525361437695,16598
"(0.9750854369118126, 0.9958292603453894)",1,99.1451526734002,16599
"(0.9445235834124724, 1.0)",1,99.1450771623668,16600
"(0.861111111111111, 1.0)",1,99.14503624359696,16601
"(0.6733821733821733, 1.0)",1,99.1450131196675,16602
"(0.9437903841498612, 1.0)",1,99.14487364398688,16603
"(0.8586166985951469, 1.0)",1,99.14471711853444,16604
"(0.9198255060602112, 0.9958292603453894)",1,99.14449028096242,16605
"(0.4860837462761431, 1.0)",1,99.1444077353401,16606
"(0.8958208965097509, 0.9958292603453894)",1,99.1443641751746,16607
"(0.9873444118605408, 0.9958292603453894)",1,99.14435945671372,16608
"(0.9833040078201368, 0.9958292603453894)",1,99.14430802525446,16609
"(0.9131856219190184, 0.9958292603453894)",1,99.14412269862127,16610
"(0.9250222656674272, 0.9958292603453894)",1,99.1440661841484,16611
"(0.9833040078201368, 0.9958292603453894)",1,99.14406468839611,16612
"(0.9280317595086728, 0.9958292603453894)",1,99.14393626558622,16613
"(0.4039045743444857, 1.0)",1,99.14371727489204,16614
"(0.9622634791942192, 0.9958292603453894)",1,99.14335957175052,16615
"(0.7294281157362763, 1.0)",1,99.14322811428204,16616
"(0.6636745887678723, 1.0)",1,99.14307030512032,16617
"(0.4747763864042934, 1.0)",1,99.14302234284906,16618
"(0.9437903841498612, 1.0)",1,99.14236113081512,16619
"(0.9958292603453894, 0.9958292603453894)",1,99.14229082539148,16620
"(0.7164894725870335, 1.0)",1,99.14216550441564,16621
"(0.8732774170274171, 1.0)",1,99.14210491154452,16622
"(0.8151249335459861, 1.0)",1,99.142039812145,16623
"(0.9658159033159032, 0.9958292603453894)",1,99.14203899838,16624
"(0.7713401051412279, 1.0)",1,99.14191118825188,16625
"(0.975195619792394, 0.9958292603453894)",1,99.141652157621,16626
"(0.958319976073035, 0.9958292603453894)",1,99.1414789855815,16627
"(0.9454999712494968, 0.9958292603453894)",1,99.1414586287543,16628
"(0.6540728266539656, 1.0)",1,99.14141181558637,16629
"(0.9369808292429718, 0.9958292603453894)",1,99.14129238698966,16630
"(0.8372053872053872, 1.0)",1,99.14121533049088,16631
"(0.9755096665580536, 0.9958292603453894)",1,99.14106083191044,16632
"(0.9792521035784794, 0.9958292603453894)",1,99.1410034315668,16633
"(0.7545469576719577, 1.0)",1,99.14094870249582,16634
"(0.7278086237149632, 1.0)",1,99.14082860608592,16635
"(0.9490213526488036, 0.9958292603453894)",2,99.14082192733292,16637
"(0.8796475392220073, 1.0)",1,99.14029856888548,16638
"(0.9189396095602992, 0.9958292603453894)",1,99.14020728097044,16639
"(0.9034438470728792, 0.9958292603453894)",1,99.14010213053116,16640
"(0.9008627640703112, 1.0)",1,99.13988422413,16641
"(0.9198255060602112, 0.9958292603453894)",1,99.1397336156524,16642
"(0.9792766373411534, 0.9958292603453894)",1,99.13970965985922,16643
"(0.9250222656674272, 0.9958292603453894)",1,99.13951475726708,16644
"(0.6179693015417549, 1.0)",1,99.13930210459274,16645
"(0.8495378883833893, 0.9958292603453894)",1,99.1392591350406,16646
"(0.978932178932179, 0.9958292603453894)",1,99.1392349671475,16647
"(0.8958208965097509, 0.9958292603453894)",1,99.1390467633034,16648
"(0.9622634791942192, 0.9958292603453894)",1,99.13888951965032,16649
"(0.9280459216361852, 0.9958292603453894)",1,99.13883781829507,16650
"(0.9333044546043194, 0.9958292603453894)",1,99.13867359489288,16651
"(0.9792521035784794, 0.9958292603453894)",1,99.13843513112224,16652
"(0.9916339869281046, 0.9958292603453894)",1,99.1383940707306,16653
"(0.6575398846941737, 1.0)",1,99.13827924112228,16654
"(0.812557599070401, 1.0)",1,99.13827684510215,16655
"(0.9749088814411396, 1.0)",1,99.1381473059432,16656
"(0.812557599070401, 1.0)",1,99.13806827171216,16657
"(0.9958292603453894, 0.9958292603453894)",2,99.13802830001164,16659
"(0.8468951683237397, 1.0)",1,99.13782840694184,16660
"(0.8365328658269835, 0.9958292603453894)",2,99.1376771843986,16662
"(0.944073617452092, 1.0)",1,99.13756522872148,16663
"(0.9282083232965586, 0.9958292603453894)",1,99.13753799197885,16664
"(0.970619176311776, 0.9958292603453894)",1,99.13731227999412,16665
"(0.8158879904162925, 1.0)",2,99.13727672565486,16667
"(0.9126251340467026, 0.9958292603453894)",1,99.13714543063992,16668
"(0.7278086237149632, 1.0)",1,99.1371308371753,16669
"(0.8329050741331443, 1.0)",1,99.13707951869328,16670
"(0.6521663785997688, 1.0)",1,99.13668966474812,16671
"(0.9412172027494607, 0.9958292603453894)",1,99.13663987340614,16672
"(0.6747507742934573, 1.0)",1,99.13644978870664,16673
"(0.9157097551404952, 0.9958292603453894)",1,99.13643831969992,16674
"(0.917655049465296, 0.9958292603453894)",1,99.13641567394458,16675
"(0.9034438470728792, 0.9958292603453894)",1,99.13629400953836,16676
"(0.8717520170461346, 0.9958292603453894)",1,99.13620975702194,16677
"(0.9833040078201368, 0.9958292603453894)",1,99.1360940631959,16678
"(0.9504816667625016, 0.9958292603453894)",1,99.135968560007,16679
"(0.7532376017916352, 1.0)",2,99.13575596420723,16681
"(0.9126251340467026, 0.9958292603453894)",1,99.1357023402912,16682
"(0.9280317595086728, 0.9958292603453894)",1,99.13526642956369,16683
"(0.738145558145558, 1.0)",2,99.13523474539062,16685
"(0.9835199925522506, 0.9958292603453894)",1,99.1352263356651,16686
"(0.9835199925522506, 0.9958292603453894)",1,99.13520994787832,16687
"(0.9326599326599326, 1.0)",1,99.13500747064175,16688
"(0.7711781618000022, 1.0)",1,99.1348935054194,16689
"(0.6544644252235129, 1.0)",1,99.13471994690204,16690
"(0.5131569832583307, 1.0)",1,99.13448268698392,16691
"(0.572027972027972, 1.0)",1,99.13431753431752,16692
"(0.7574146783449108, 1.0)",2,99.13427142588398,16694
"(0.8974984433303618, 0.9958292603453894)",1,99.13422013784624,16695
"(0.7574146783449108, 1.0)",1,99.13414328654682,16696
"(0.617513611615245, 1.0)",1,99.13397933265544,16697
"(0.7372334455667788, 1.0)",1,99.133460272733,16698
"(0.6609152288072019, 1.0)",1,99.13342226578968,16699
"(0.9666562434855118, 1.0)",1,99.1334153243776,16700
"(0.6042502004811546, 1.0)",1,99.13299057967328,16701
"(0.9295946890286512, 1.0)",1,99.13281116959791,16702
"(0.5170126379596272, 1.0)",1,99.13271856945504,16703
"(0.958227107069612, 0.9958292603453894)",1,99.13269165794338,16704
"(0.8592711301044633, 1.0)",1,99.1322090085984,16705
"(0.8887202421952387, 1.0)",1,99.13215961387542,16706
"(0.9916585206907788, 0.9958292603453894)",1,99.13195407239866,16707
"(0.9279680209218476, 0.9958292603453894)",1,99.1317341310257,16708
"(0.7340930674264006, 1.0)",1,99.13164993963764,16709
"(0.9288423094874708, 0.9958292603453894)",1,99.13152974999667,16710
"(0.81893131227901, 1.0)",1,99.13141541992825,16711
"(0.8372053872053872, 1.0)",1,99.13137132270252,16712
"(0.902012682657844, 0.9958292603453894)",1,99.13114787822184,16713
"(0.8762860082304527, 1.0)",1,99.13108241358682,16714
"(0.4747763864042934, 1.0)",1,99.13099917328276,16715
"(0.7264363208807655, 1.0)",1,99.13087799872712,16716
"(0.8483418730488175, 0.9958292603453894)",1,99.13035518758484,16717
"(0.837707400507675, 1.0)",1,99.130306510576,16718
"(0.9157097551404952, 0.9958292603453894)",1,99.13029300332671,16719
"(0.9791258409522168, 0.9958292603453894)",1,99.12999881954232,16720
"(0.9583178702993204, 0.9958292603453894)",1,99.12996435618297,16721
"(0.9833040078201368, 0.9958292603453894)",1,99.12957884245604,16722
"(0.9157097551404952, 0.9958292603453894)",1,99.12951605045714,16723
"(0.73687720936437, 1.0)",1,99.12941448957444,16724
"(0.8703703703703703, 1.0)",1,99.12934135252276,16725
"(0.9490213526488036, 0.9958292603453894)",1,99.12929588025486,16726
"(0.9365496267832196, 0.9958292603453894)",1,99.12925652707868,16727
"(0.7372334455667788, 1.0)",1,99.12886311915132,16728
"(0.8222222222222222, 1.0)",1,99.12878400033236,16729
"(0.837707400507675, 1.0)",1,99.12861436637958,16730
"(0.917655049465296, 0.9958292603453894)",1,99.12839931827602,16731
"(0.757745166550198, 1.0)",1,99.1283725226585,16732
"(0.9662506012506012, 0.9958292603453894)",1,99.12831245408302,16733
"(0.902012682657844, 0.9958292603453894)",1,99.12825275876308,16734
"(0.8151249335459861, 1.0)",2,99.12807927350843,16736
"(0.7687400318979267, 1.0)",1,99.12798318386272,16737
"(0.9835199925522506, 0.9958292603453894)",1,99.12796735611052,16738
"(0.8315474711586087, 0.9958292603453894)",1,99.12786923919808,16739
"(0.8732774170274171, 1.0)",2,99.12729637014505,16741
"(0.9748524098350704, 0.9958292603453894)",1,99.12726597179685,16742
"(0.9873891625615764, 0.9958292603453894)",1,99.12721976850337,16743
"(0.947552083649559, 0.9958292603453894)",1,99.12712040901278,16744
"(0.9669558693467613, 0.9958292603453894)",1,99.12706831153356,16745
"(0.8600291387756281, 0.9958292603453894)",1,99.12686900278337,16746
"(0.9229651974750014, 0.9958292603453894)",1,99.12678883219428,16747
"(0.9126251340467026, 0.9958292603453894)",1,99.12678210348574,16748
"(0.9332172991312776, 0.9958292603453894)",1,99.12672605870117,16749
"(0.9182966261114094, 0.9958292603453894)",1,99.12660342940512,16750
"(0.9788980434141724, 0.9958292603453894)",1,99.1263915890102,16751
"(0.8958208965097509, 0.9958292603453894)",1,99.12623945531593,16752
"(0.9454999712494968, 0.9958292603453894)",1,99.12623012884276,16753
"(0.9034438470728792, 0.9958292603453894)",1,99.12623008926477,16754
"(0.93773047895128, 0.9958292603453894)",1,99.12613885966122,16755
"(0.979273283115788, 0.9958292603453894)",1,99.1259581552083,16756
"(0.8600291387756281, 0.9958292603453894)",1,99.1258358495338,16757
"(0.5131569832583307, 1.0)",1,99.12574405084584,16758
"(0.8796475392220073, 1.0)",1,99.12570351109164,16759
"(0.9369808292429718, 0.9958292603453894)",1,99.12562569519974,16760
"(0.97495917428555, 0.9958292603453894)",1,99.12544732355208,16761
"(0.9833229101521784, 1.0)",1,99.1253722811933,16762
"(0.9916339869281046, 0.9958292603453894)",1,99.12522615775244,16763
"(0.7713401051412279, 1.0)",1,99.12487916131468,16764
"(0.8579868984630887, 1.0)",1,99.1247742344313,16765
"(0.9198255060602112, 0.9958292603453894)",1,99.12458327784042,16766
"(0.8420013166556946, 1.0)",1,99.12456872724113,16767
"(0.9161952650324744, 1.0)",1,99.1245650249166,16768
"(0.979273283115788, 0.9958292603453894)",1,99.12445441790489,16769
"(0.6784722222222224, 1.0)",1,99.12443407169285,16770
"(0.8587708587708588, 1.0)",1,99.12433690786976,16771
"(0.9280459216361852, 0.9958292603453894)",1,99.12418262724786,16772
"(0.9876221896383188, 0.9958292603453894)",1,99.1240663156898,16773
"(0.9086695042340204, 0.9958292603453894)",1,99.12404777936206,16774
"(0.9873444118605408, 0.9958292603453894)",1,99.12398457394303,16775
"(0.9369138996969484, 0.9958292603453894)",1,99.12384742563546,16776
"(0.812557599070401, 1.0)",1,99.12382524478988,16777
"(0.9580331374974232, 1.0)",1,99.12339984174986,16778
"(0.9500975805767078, 0.9958292603453894)",1,99.1233916087593,16779
"(0.987463247273494, 0.9958292603453894)",1,99.12291347235492,16780
"(0.7965746171391332, 1.0)",1,99.12286853246604,16781
"(0.9153439153439152, 1.0)",1,99.12268998114462,16782
"(0.8717520170461346, 0.9958292603453894)",1,99.12258468936102,16783
"(0.9308677886724928, 1.0)",1,99.12256458646324,16784
"(0.7965746171391332, 1.0)",1,99.1224476691188,16785
"(0.8760238095238095, 0.9958292603453894)",1,99.1224246301831,16786
"(0.9347674066329982, 0.9958292603453894)",1,99.12223817340993,16787
"(0.9250222656674272, 0.9958292603453894)",1,99.12222146071176,16788
"(0.8374727668845315, 1.0)",1,99.12217694695576,16789
"(0.4039045743444857, 1.0)",1,99.12215777181008,16790
"(0.8958208965097509, 0.9958292603453894)",2,99.12204588420532,16792
"(0.5836449308405534, 1.0)",1,99.12199680719146,16793
"(0.9280459216361852, 0.9958292603453894)",1,99.12192722989248,16794
"(0.8347775825943863, 0.9958292603453894)",1,99.12174753333252,16795
"(0.9916585206907788, 0.9958292603453894)",1,99.12169354412327,16796
"(0.7164894725870335, 1.0)",1,99.1216420616671,16797
"(0.8443691323092412, 0.9958292603453894)",2,99.12139035162906,16799
"(0.975195619792394, 0.9958292603453894)",1,99.12124216437442,16800
"(0.8653198653198653, 1.0)",1,99.12120638661408,16801
"(0.8600291387756281, 0.9958292603453894)",1,99.12120312595124,16802
"(0.983545503234046, 0.9958292603453894)",1,99.12065981980602,16803
"(0.8929015655249481, 0.9958292603453894)",1,99.12049159863464,16804
"(0.7916666666666666, 1.0)",1,99.12031446659174,16805
"(0.8040695048423352, 1.0)",2,99.12026846446273,16807
"(0.9833229101521784, 1.0)",1,99.12006235539188,16808
"(0.8329050741331443, 1.0)",1,99.11999159697513,16809
"(0.9326599326599326, 1.0)",1,99.11986993014824,16810
"(0.983545503234046, 0.9958292603453894)",2,99.11962735888989,16812
"(0.8814814814814814, 1.0)",1,99.11906368783283,16813
"(0.9582389563841176, 0.9958292603453894)",1,99.11900699907244,16814
"(0.9750780096985032, 0.9958292603453894)",1,99.11897802405362,16815
"(0.812557599070401, 1.0)",1,99.11886241777364,16816
"(0.9008627640703112, 1.0)",1,99.11876739101685,16817
"(0.9504245882013664, 0.9958292603453894)",1,99.11866215043938,16818
"(0.9490213526488036, 0.9958292603453894)",1,99.11847037561516,16819
"(0.8796475392220073, 1.0)",1,99.1184367879732,16820
"(0.9665831244778612, 1.0)",1,99.11841148560856,16821
"(0.9161952650324744, 1.0)",1,99.11821306222336,16822
"(0.6575398846941737, 1.0)",1,99.11813568807852,16823
"(0.9206165335472736, 0.9958292603453894)",1,99.11807258534756,16824
"(0.9916625936787228, 0.9958292603453894)",1,99.11804584486408,16825
"(0.9831777451938742, 0.9958292603453894)",1,99.11804241521024,16826
"(0.8976982097186702, 1.0)",1,99.11797579176404,16827
"(0.9835199925522506, 0.9958292603453894)",1,99.11792484936284,16828
"(0.927984303278421, 0.9958292603453894)",1,99.11781049406092,16829
"(0.8796475392220073, 1.0)",1,99.11763682399656,16830
"(0.9746854694957162, 1.0)",1,99.11763495734188,16831
"(0.9546499948224086, 0.9958292603453894)",1,99.11760555835792,16832
"(0.9326599326599326, 1.0)",1,99.11743565356724,16833
"(0.9206165335472736, 0.9958292603453894)",1,99.11738344054412,16834
"(0.9916585206907788, 0.9958292603453894)",1,99.117372451891,16835
"(0.7515432098765432, 1.0)",1,99.11720911196196,16836
"(0.9750780096985032, 0.9958292603453894)",1,99.1171944117842,16837
"(0.9581458989353726, 1.0)",1,99.11684452068668,16838
"(0.8040695048423352, 1.0)",1,99.11655721936536,16839
"(0.9279680209218476, 0.9958292603453894)",1,99.11654202265372,16840
"(0.9189396095602992, 0.9958292603453894)",1,99.1165202966332,16841
"(0.7294281157362763, 1.0)",1,99.11649976701324,16842
"(0.7042648709315374, 1.0)",1,99.11623874858518,16843
"(0.9131856219190184, 0.9958292603453894)",2,99.11605434546932,16845
"(0.9791332681655264, 0.9958292603453894)",1,99.1159885637199,16846
"(0.8942622047218923, 0.9958292603453894)",2,99.11595657395556,16848
"(0.8929015655249481, 0.9958292603453894)",1,99.11565582996404,16849
"(0.6042502004811546, 1.0)",1,99.11535077910524,16850
"(0.8495378883833893, 0.9958292603453894)",1,99.11530766485215,16851
"(0.8600291387756281, 0.9958292603453894)",1,99.11515782677894,16852
"(0.8587708587708588, 1.0)",3,99.11502775358348,16855
"(0.9916585206907788, 0.9958292603453894)",1,99.11502285546744,16856
"(0.9250222656674272, 0.9958292603453894)",1,99.11467376127597,16857
"(0.5131569832583307, 1.0)",1,99.11442457168236,16858
"(0.8907966222338917, 0.9958292603453894)",1,99.11403937794236,16859
"(0.9832925076188832, 0.9958292603453894)",1,99.11390283968812,16860
"(0.9791332681655264, 0.9958292603453894)",1,99.11384064430344,16861
"(0.81893131227901, 1.0)",1,99.11382733832347,16862
"(0.8958208965097509, 0.9958292603453894)",1,99.11360192596987,16863
"(0.9454999712494968, 0.9958292603453894)",1,99.1134285481682,16864
"(0.8151249335459861, 1.0)",1,99.11340308186728,16865
"(0.9622634791942192, 0.9958292603453894)",1,99.11333952312272,16866
"(0.9791258409522168, 0.9958292603453894)",1,99.11321807426522,16867
"(0.9958292603453894, 0.9958292603453894)",2,99.11292402312456,16869
"(0.9493072891175358, 0.9958292603453894)",1,99.11286641745151,16870
"(0.903667392883079, 1.0)",1,99.11282091311324,16871
"(0.8165509259259259, 1.0)",1,99.11275503358593,16872
"(0.979051756240299, 0.9958292603453894)",1,99.11213309876608,16873
"(0.9369138996969484, 0.9958292603453894)",1,99.11199192244864,16874
"(0.5131569832583307, 1.0)",1,99.11176923023316,16875
"(0.8494167439328729, 0.9958292603453894)",1,99.11169253811794,16876
"(0.826388888888889, 1.0)",1,99.11133294993115,16877
"(0.9490213526488036, 0.9958292603453894)",1,99.1110931357222,16878
"(0.8347775825943863, 0.9958292603453894)",1,99.1105439859868,16879
"(0.9182966261114094, 0.9958292603453894)",1,99.11050131866246,16880
"(0.80285509389987, 1.0)",1,99.11040043989462,16881
"(0.8247905643738976, 1.0)",1,99.11023280566133,16882
"(0.9744745723240348, 0.9958292603453894)",1,99.11022227727378,16883
"(0.882361916533899, 0.9916585206907788)",1,99.11008701167664,16884
"(0.9131856219190184, 0.9958292603453894)",1,99.11005472534389,16885
"(0.9365496267832196, 0.9958292603453894)",1,99.11001537468098,16886
"(0.9206165335472736, 0.9958292603453894)",1,99.10976922979772,16887
"(0.6636745887678723, 1.0)",1,99.10972959380452,16888
"(0.6907243513029603, 1.0)",1,99.1095337930597,16889
"(0.9791332681655264, 0.9958292603453894)",1,99.10924665192172,16890
"(0.9369808292429718, 0.9958292603453894)",2,99.1092008262824,16892
"(0.9750481776288228, 0.9958292603453894)",1,99.10906169314954,16893
"(0.8468951683237397, 1.0)",1,99.10902565215234,16894
"(0.6521663785997688, 1.0)",1,99.1089244338745,16895
"(0.5512311153969784, 1.0)",1,99.10888230551916,16896
"(0.8840455840455841, 1.0)",1,99.10883035897092,16897
"(0.7060994560994561, 1.0)",1,99.10829219008876,16898
"(0.9295946890286512, 1.0)",1,99.10828676716912,16899
"(0.9832184229069656, 0.9958292603453894)",1,99.10808912053756,16900
"(0.81893131227901, 1.0)",1,99.10772252876598,16901
"(0.987463247273494, 0.9958292603453894)",1,99.1077167312884,16902
"(0.917655049465296, 0.9958292603453894)",2,99.10767196358056,16904
"(0.931200007971039, 0.9958292603453894)",1,99.10714309375064,16905
"(0.9958292603453894, 0.9958292603453894)",1,99.10714199874776,16906
"(0.9147764646501256, 0.9958292603453894)",1,99.10684888387668,16907
"(1.0, 1.0)",1,99.10674750815303,16908
"(0.8425483191745751, 1.0)",1,99.1065862353252,16909
"(0.8117190416961583, 1.0)",1,99.10657230218192,16910
"(0.9161379295307868, 1.0)",1,99.10649579564208,16911
"(0.7946380416968652, 0.9958292603453894)",1,99.10641383532406,16912
"(0.9332172991312776, 0.9958292603453894)",1,99.10638700200244,16913
"(0.93773047895128, 0.9958292603453894)",1,99.10606674936103,16914
"(0.9384174012481092, 0.9958292603453894)",1,99.10604494713156,16915
"(0.9707136080238548, 0.9958292603453894)",1,99.10604042596329,16916
"(0.9833229101521784, 1.0)",1,99.105768528541,16917
"(0.8695210904700781, 0.9958292603453894)",1,99.1057525939941,16918
"(0.9189396095602992, 0.9916585206907788)",2,99.1057215090145,16920
"(0.7779212514298108, 1.0)",1,99.10542677472952,16921
"(0.8222222222222222, 1.0)",1,99.10532256846626,16922
"(0.9384174012481092, 0.9958292603453894)",1,99.10531604012624,16923
"(0.812557599070401, 1.0)",1,99.1052490948535,16924
"(0.971023600055858, 0.9958292603453894)",1,99.10508237963164,16925
"(0.961552316099405, 0.9958292603453894)",1,99.10503724292175,16926
"(0.6521663785997688, 1.0)",1,99.1050045730715,16927
"(0.9916585206907788, 0.9958292603453894)",1,99.10497058480132,16928
"(0.7687400318979267, 1.0)",1,99.1048633191661,16929
"(0.8613656783468103, 1.0)",1,99.1047592608733,16930
"(0.8867361313822293, 0.9958292603453894)",1,99.10471706188842,16931
"(0.5070372093557577, 1.0)",1,99.10467573190816,16932
"(0.9280459216361852, 0.9958292603453894)",1,99.10460960725972,16933
"(0.8374727668845315, 1.0)",1,99.10440287402912,16934
"(0.934122934122934, 1.0)",1,99.10417159250603,16935
"(0.9147764646501256, 0.9958292603453894)",1,99.10390881591805,16936
"(0.8942622047218923, 0.9958292603453894)",1,99.10375988042443,16937
"(0.9665831244778612, 1.0)",1,99.1036425988587,16938
"(0.8443691323092412, 0.9958292603453894)",2,99.10343476633902,16940
"(0.9172792561601744, 0.9958292603453894)",1,99.10328767659196,16941
"(0.9333044546043194, 0.9958292603453894)",1,99.10300268666435,16942
"(0.9198255060602112, 0.9958292603453894)",1,99.10285213959187,16943
"(0.9649790647893116, 0.9958292603453894)",1,99.10279206549076,16944
"(1.0, 1.0)",1,99.10270816291872,16945
"(0.917655049465296, 0.9958292603453894)",1,99.1026043692995,16946
"(0.9835199925522506, 0.9958292603453894)",1,99.10257588634612,16947
"(0.9332172991312776, 0.9958292603453894)",1,99.10252306686657,16948
"(0.9705196174266384, 0.9958292603453894)",1,99.10242382664184,16949
"(0.947552083649559, 0.9958292603453894)",1,99.10241788029523,16950
"(1.0, 1.0)",1,99.10238390519498,16951
"(0.9832965806068272, 0.9958292603453894)",1,99.10236218493522,16952
"(0.9490213526488036, 0.9916585206907788)",1,99.10221766473492,16953
"(0.9658159033159032, 0.9958292603453894)",1,99.10220560253622,16954
"(0.8717520170461346, 0.9958292603453894)",1,99.10210394378484,16955
"(0.9622634791942192, 0.9958292603453894)",1,99.10201380047536,16956
"(0.9543883398911862, 0.9958292603453894)",1,99.10186047851774,16957
"(0.9410852767304382, 0.9958292603453894)",1,99.10178877675008,16958
"(0.8929015655249481, 0.9958292603453894)",1,99.1017635117146,16959
"(0.8222222222222222, 1.0)",1,99.10167039640724,16960
"(0.9791299139401608, 0.9958292603453894)",1,99.10134743819462,16961
"(0.6636745887678723, 1.0)",1,99.10126868622896,16962
"(0.979273283115788, 0.9958292603453894)",1,99.10107233121144,16963
"(0.6825396825396824, 1.0)",1,99.10106568746944,16964
"(1.0, 0.9958292603453894)",1,99.10106482313084,16965
"(0.9498370804822418, 0.9958292603453894)",1,99.10062364841644,16966
"(0.9126251340467026, 0.9958292603453894)",1,99.10026436678714,16967
"(1.0, 1.0)",1,99.09993598033915,16968
"(0.9412172027494607, 0.9958292603453894)",1,99.09972029856948,16969
"(0.940002899623393, 0.9958292603453894)",1,99.09929940424252,16970
"(0.9669795885118464, 0.9958292603453894)",1,99.09924706488886,16971
"(1.0, 1.0)",1,99.09892111531455,16972
"(0.6215073982652175, 1.0)",1,99.09869767593467,16973
"(0.940002899623393, 0.9958292603453894)",1,99.09849715962756,16974
"(0.970772861441742, 0.9958292603453894)",1,99.09846170811326,16975
"(0.9126251340467026, 0.9958292603453894)",1,99.09814435389004,16976
"(0.947552083649559, 0.9958292603453894)",1,99.09812190660584,16977
"(0.5131569832583307, 1.0)",1,99.09797024343052,16978
"(0.8158879904162925, 1.0)",1,99.09787196572324,16979
"(0.9326599326599326, 1.0)",1,99.09779391526313,16980
"(0.8579868984630887, 1.0)",1,99.097552384543,16981
"(0.5910680656443368, 1.0)",1,99.0974800466326,16982
"(0.816195709052852, 1.0)",1,99.0974629335428,16983
"(0.8579868984630887, 1.0)",1,99.09745370884806,16984
"(0.6575398846941737, 1.0)",1,99.0970296949506,16985
"(0.9206165335472736, 0.9958292603453894)",1,99.09680240724424,16986
"(0.8443691323092412, 0.9958292603453894)",1,99.09661482084375,16987
"(0.8068904981347378, 1.0)",1,99.09641814276875,16988
"(0.9748461391725148, 1.0)",1,99.0961573778086,16989
"(0.975195619792394, 0.9958292603453894)",1,99.09612607519728,16990
"(0.9323035861460908, 0.9958292603453894)",1,99.09590886757977,16991
"(0.9874762808349148, 0.9958292603453894)",1,99.09590174610165,16992
"(0.9008025849489264, 1.0)",1,99.09583408862652,16993
"(0.902012682657844, 0.9958292603453894)",1,99.0958082811624,16994
"(0.8760238095238095, 0.9958292603453894)",1,99.09569455676264,16995
"(0.8365328658269835, 0.9958292603453894)",1,99.0956756893694,16996
"(0.975195619792394, 0.9958292603453894)",1,99.09552441251532,16997
"(0.6886904761904762, 1.0)",1,99.09536906106618,16998
"(0.6238244514106583, 1.0)",1,99.09516948065044,16999
"(0.9916585206907788, 0.9958292603453894)",1,99.0950454473921,17000
"(0.8907966222338917, 0.9958292603453894)",1,99.09484884972557,17001
"(1.0, 1.0)",2,99.09469074986316,17003
"(1.0, 1.0)",1,99.09455751235647,17004
"(0.8315474711586087, 0.9958292603453894)",1,99.09453886114822,17005
"(0.9198255060602112, 0.9958292603453894)",1,99.09453802147932,17006
"(0.9358935587920408, 0.9958292603453894)",1,99.09446703753495,17007
"(0.9833229101521784, 1.0)",3,99.09443402126328,17010
"(0.9369138996969484, 0.9958292603453894)",1,99.09441035748335,17011
"(0.8613656783468103, 1.0)",1,99.09439216180442,17012
"(0.9874762808349148, 0.9958292603453894)",1,99.09428802976994,17013
"(0.9131856219190184, 0.9958292603453894)",2,99.09409965168388,17015
"(0.958095238095238, 0.9958292603453894)",1,99.09406768924646,17016
"(0.6521663785997688, 1.0)",1,99.09394175244144,17017
"(0.944563492063492, 1.0)",1,99.09375565003694,17018
"(0.8347775825943863, 0.9958292603453894)",1,99.09369076237768,17019
"(0.9435817855979146, 0.9916666666666668)",1,99.0936515515607,17020
"(0.8907966222338917, 0.9916585206907788)",2,99.09356533137186,17022
"(0.978932178932179, 0.9958292603453894)",1,99.0934970923581,17023
"(0.97934925289764, 0.9958292603453894)",1,99.09340875470612,17024
"(0.8158879904162925, 1.0)",2,99.09311753290396,17026
"(0.8420013166556946, 1.0)",1,99.0930545806026,17027
"(0.7647742788871822, 1.0)",1,99.09287998876373,17028
"(0.7532376017916352, 1.0)",1,99.09276806425676,17029
"(0.9131856219190184, 0.9958292603453894)",1,99.09272979223807,17030
"(0.9832965806068272, 0.9958292603453894)",2,99.09229930761262,17032
"(0.8523949169110459, 0.9958292603453894)",1,99.09213411482337,17033
"(0.9916585206907788, 0.9958292603453894)",1,99.0919474326903,17034
"(0.9384174012481092, 0.9916585206907788)",1,99.09193333025416,17035
"(0.812557599070401, 1.0)",1,99.09186648431552,17036
"(0.8552744708994707, 1.0)",1,99.09160523462904,17037
"(0.9490213526488036, 0.9958292603453894)",1,99.09136110665531,17038
"(0.8970129352925051, 0.9958292603453894)",1,99.091217044708,17039
"(0.7855494505494506, 1.0)",1,99.09117276138868,17040
"(0.7532376017916352, 1.0)",1,99.09105438633254,17041
"(0.829257487152224, 1.0)",1,99.09094827157188,17042
"(0.5131569832583307, 1.0)",1,99.0901658514998,17043
"(0.9707136080238548, 0.9958292603453894)",2,99.09013716362664,17045
"(0.9874762808349148, 0.9916666666666668)",1,99.08984223763302,17046
"(0.8476190476190477, 1.0)",1,99.08967815959336,17047
"(0.8128971639097002, 1.0)",6,99.08948720796866,17053
"(0.8016677935542034, 1.0)",1,99.08942147384566,17054
"(0.8796475392220073, 1.0)",1,99.089411078505,17055
"(0.786508365740383, 1.0)",1,99.08925273053777,17056
"(0.8907966222338917, 0.9958292603453894)",1,99.08887201344082,17057
"(0.7344692811916678, 1.0)",1,99.0886710729518,17058
"(1.0, 0.9958292603453894)",1,99.08858743951382,17059
"(0.917655049465296, 0.9958292603453894)",1,99.08827649720844,17060
"(0.9126251340467026, 0.9958292603453894)",1,99.08796728786768,17061
"(0.9834440227703986, 0.9958292603453894)",1,99.08762865026247,17062
"(0.812557599070401, 1.0)",1,99.08752824762368,17063
"(0.8443691323092412, 0.9958292603453894)",1,99.08749370650534,17064
"(0.6886904761904762, 1.0)",1,99.08735919251347,17065
"(0.8928598364786969, 0.9958292603453894)",1,99.08724151081464,17066
"(0.6747507742934573, 1.0)",1,99.08708413709483,17067
"(0.4039045743444857, 1.0)",2,99.08679270122768,17069
"(0.8796475392220073, 1.0)",1,99.08672822095708,17070
"(0.9669795885118464, 0.9958292603453894)",1,99.0866050619031,17071
"(1.0, 1.0)",1,99.08645222290392,17072
"(0.7042648709315374, 1.0)",1,99.08626365162992,17073
"(0.81893131227901, 1.0)",1,99.08596725689196,17074
"(0.9326599326599326, 1.0)",1,99.08588828284142,17075
"(0.6825396825396824, 1.0)",1,99.08577152312152,17076
"(1.0, 1.0)",1,99.08570681534717,17077
"(0.958095238095238, 0.9958292603453894)",1,99.08540834834018,17078
"(0.8832603710652491, 1.0)",1,99.08527147310946,17079
"(0.9707136080238548, 0.9958292603453894)",1,99.08514047124788,17080
"(0.9437903841498612, 1.0)",1,99.08510198641758,17081
"(0.6575398846941737, 1.0)",1,99.08509686844477,17082
"(0.9280317595086728, 0.9916585206907788)",1,99.08506828992743,17083
"(0.950297813353496, 0.9958292603453894)",1,99.08491680894466,17084
"(0.9876221896383188, 0.9958292603453894)",1,99.08453036892604,17085
"(0.9664171122994653, 0.9958292603453894)",1,99.08435187233552,17086
"(0.9916625936787228, 0.9958292603453894)",1,99.08435083552548,17087
"(0.9707136080238548, 0.9958292603453894)",1,99.0840118956184,17088
"(0.7042648709315374, 1.0)",2,99.08399065419688,17090
"(0.9018806250259218, 1.0)",1,99.08393966826652,17091
"(0.9410852767304382, 0.9958292603453894)",1,99.0838434787565,17092
"(0.8158879904162925, 1.0)",1,99.083750600803,17093
"(0.4747763864042934, 1.0)",1,99.08362542984185,17094
"(0.8907966222338917, 0.9958292603453894)",1,99.08342791321948,17095
"(0.6825396825396824, 1.0)",1,99.08306094615186,17096
"(0.9873444118605408, 0.9958292603453894)",1,99.08298934890658,17097
"(0.8181654379194883, 1.0)",1,99.08293575580596,17098
"(0.9832401090007582, 0.9958292603453894)",1,99.082850697603,17099
"(0.9915151515151516, 0.9958292603453894)",1,99.08279438665068,17100
"(0.7344692811916678, 1.0)",1,99.0824386508966,17101
"(0.8880984643179766, 1.0)",1,99.08228372022688,17102
"(0.9876066164491212, 0.9958292603453894)",1,99.0821935887158,17103
"(0.7344692811916678, 1.0)",1,99.08218718237887,17104
"(1.0, 1.0)",1,99.08203518972256,17105
"(0.9833229101521784, 1.0)",1,99.08186023768124,17106
"(0.6544644252235129, 1.0)",1,99.08161339357224,17107
"(0.9200043551329178, 0.9958292603453894)",1,99.08159066099456,17108
"(0.7362637362637362, 1.0)",1,99.08129708957694,17109
"(0.9009534009534008, 1.0)",1,99.08125060780664,17110
"(0.9280317595086728, 0.9958292603453894)",1,99.08104417734224,17111
"(0.8420013166556946, 1.0)",1,99.08102538326597,17112
"(0.90616388000495, 0.9958292603453894)",1,99.08095720853476,17113
"(0.9333044546043194, 0.9958292603453894)",1,99.08093219682152,17114
"(0.902012682657844, 0.9958292603453894)",1,99.08087002017336,17115
"(0.9580602951397298, 0.9958292603453894)",1,99.08080873987149,17116
"(0.9332172991312776, 0.9958292603453894)",1,99.0806384779433,17117
"(0.8495378883833893, 0.9958292603453894)",1,99.0804661530499,17118
"(0.7060994560994561, 1.0)",1,99.08045430893318,17119
"(0.7060994560994561, 1.0)",1,99.08030646830066,17120
"(0.9958292603453894, 0.9958292603453894)",1,99.08018931794042,17121
"(0.8600291387756281, 0.9916585206907788)",1,99.08017006415837,17122
"(0.7372334455667788, 1.0)",1,99.08000997065,17123
"(0.9874762808349148, 0.9958292603453894)",1,99.07986765439392,17124
"(0.9873444118605408, 0.9958292603453894)",1,99.07960693010834,17125
"(0.978932178932179, 0.9958292603453894)",1,99.07960105321146,17126
"(0.7042648709315374, 1.0)",1,99.07942100933492,17127
"(0.9333333333333332, 1.0)",1,99.0792964647774,17128
"(0.9625757575757576, 0.9958292603453894)",1,99.07899158725373,17129
"(0.9791258409522168, 0.9958292603453894)",1,99.07882607350884,17130
"(0.9833229101521784, 1.0)",1,99.07876326874609,17131
"(0.8929015655249481, 0.9958292603453894)",1,99.07873818857904,17132
"(0.8958208965097509, 0.9958292603453894)",1,99.0785083987269,17133
"(0.93773047895128, 0.9958292603453894)",1,99.07847851230646,17134
"(0.8495378883833893, 0.9958292603453894)",1,99.07845483560712,17135
"(0.9279680209218476, 0.9958292603453894)",1,99.0783763786911,17136
"(0.9454999712494968, 0.9916585206907788)",1,99.07832789152674,17137
"(0.8065954953750508, 1.0)",2,99.07813706646368,17139
"(0.9833229101521784, 1.0)",1,99.07775693141546,17140
"(0.9665831244778612, 1.0)",3,99.07769423558898,17143
"(1.0, 1.0)",1,99.07759900442828,17144
"(0.6575398846941737, 1.0)",1,99.07741086306596,17145
"(0.9747838672665278, 1.0)",1,99.07714531567623,17146
"(0.8365328658269835, 0.9958292603453894)",1,99.07702641350282,17147
"(0.6636745887678723, 1.0)",1,99.0769887439897,17148
"(0.9833251873574456, 0.9958292603453894)",1,99.0767672416638,17149
"(0.9916339869281046, 0.9958292603453894)",1,99.07628795341184,17150
"(0.9583930063253372, 1.0)",1,99.07619332830284,17151
"(0.8600291387756281, 0.9916585206907788)",1,99.0761181599167,17152
"(0.97934925289764, 0.9958292603453894)",1,99.07608618975664,17153
"(0.9833251873574456, 0.9958292603453894)",1,99.07594897702128,17154
"(0.7687400318979267, 1.0)",1,99.0758393013762,17155
"(0.9490213526488036, 0.9958292603453894)",1,99.07568928110064,17156
"(0.6238244514106583, 1.0)",1,99.07561896231849,17157
"(0.8365328658269835, 0.9958292603453894)",2,99.07550836830032,17159
"(0.9280459216361852, 0.9958292603453894)",1,99.07546619013462,17160
"(0.8796475392220073, 1.0)",1,99.07537184439906,17161
"(0.9384174012481092, 0.9958292603453894)",1,99.07522340398349,17162
"(0.4943189964157706, 1.0)",1,99.07475468975468,17163
"(0.8928598364786969, 0.9958292603453894)",2,99.07470230696909,17165
"(0.9833229101521784, 1.0)",1,99.07466393311856,17166
"(0.9707136080238548, 0.9916666666666668)",1,99.07444578670216,17167
"(0.8266173510466989, 1.0)",1,99.07438876315229,17168
"(0.9126251340467026, 0.9958292603453894)",1,99.0742732997582,17169
"(0.9332172991312776, 0.9958292603453894)",1,99.07422161360984,17170
"(0.9916585206907788, 0.9958292603453894)",1,99.0742048630421,17171
"(0.7090909090909091, 1.0)",1,99.07417027417029,17172
"(0.9332172991312776, 0.9916585206907788)",1,99.07411604169504,17173
"(0.8347775825943863, 0.9958292603453894)",1,99.0740081117208,17174
"(0.7687400318979267, 1.0)",1,99.0740050635172,17175
"(0.812557599070401, 1.0)",1,99.07391492470356,17176
"(0.7720986603035019, 0.9988619159967322)",1,99.0737068787839,17177
"(0.9166682405676116, 1.0)",1,99.07327535819527,17178
"(0.7545469576719577, 1.0)",1,99.07323659795956,17179
"(0.9791258409522168, 0.9958292603453894)",1,99.07281149060876,17180
"(0.9279680209218476, 0.9916585206907788)",1,99.0725601853472,17181
"(0.9282083232965586, 0.9958292603453894)",1,99.0725518818502,17182
"(0.8266173510466989, 1.0)",1,99.0725399014744,17183
"(0.987491854024112, 0.9958292603453894)",1,99.07233857372776,17184
"(0.9182966261114094, 0.9958292603453894)",1,99.0722128781665,17185
"(0.9747838672665278, 1.0)",1,99.0721122239002,17186
"(0.6575398846941737, 1.0)",1,99.07171469434368,17187
"(0.8796475392220073, 1.0)",1,99.07157993605384,17188
"(0.9384174012481092, 0.9958292603453894)",1,99.0712963833821,17189
"(1.0, 1.0)",1,99.07094212355362,17190
"(0.9750481776288228, 0.9958292603453894)",1,99.07086170743698,17191
"(0.9369138996969484, 0.9958292603453894)",1,99.07082123154083,17192
"(0.9333044546043194, 0.9958292603453894)",1,99.07064037055368,17193
"(0.8887202421952387, 1.0)",1,99.07061513441496,17194
"(0.9833040078201368, 0.9958292603453894)",1,99.07056666470422,17195
"(1.0, 1.0)",1,99.07052054061288,17196
"(0.9384174012481092, 0.9958292603453894)",2,99.07024521078672,17198
"(0.9126251340467026, 0.9958292603453894)",1,99.07020089951324,17199
"(0.7155555555555556, 1.0)",1,99.07016631157184,17200
"(0.8399588504703595, 0.9958292603453894)",1,99.07003843229722,17201
"(0.9750780096985032, 0.9958292603453894)",1,99.06990723020668,17202
"(0.7344692811916678, 1.0)",1,99.06981485480016,17203
"(0.9131856219190184, 0.9916585206907788)",1,99.06979955477698,17204
"(0.617513611615245, 1.0)",1,99.0697294714398,17205
"(0.9833229101521784, 1.0)",1,99.0697217028328,17206
"(0.9454999712494968, 0.9916585206907788)",1,99.069656200791,17207
"(1.0, 0.9958292603453894)",1,99.06960334267698,17208
"(0.987491854024112, 1.0)",1,99.0695896371816,17209
"(0.9009534009534008, 1.0)",1,99.06944070887602,17210
"(0.9034438470728792, 0.9958292603453894)",1,99.06928691180038,17211
"(0.4039045743444857, 1.0)",1,99.06924687003756,17212
"(0.9161379295307868, 1.0)",1,99.06921682677908,17213
"(0.7119388248146047, 1.0)",1,99.06916217392435,17214
"(1.0, 1.0)",1,99.069138470544,17215
"(0.9618291283060416, 0.9958292603453894)",2,99.06895516436046,17217
"(0.8760238095238095, 0.9958292603453894)",2,99.0688232205288,17219
"(0.9280317595086728, 0.9958292603453894)",1,99.06856707342222,17220
"(0.975195619792394, 0.9958292603453894)",1,99.06835961461223,17221
"(0.9365496267832196, 0.9916585206907788)",1,99.06823703861696,17222
"(0.9748524098350704, 0.9958292603453894)",1,99.0679593950642,17223
"(0.9412964149491664, 0.9958292603453894)",1,99.06770047314802,17224
"(0.957630187612848, 0.9958292603453894)",1,99.06659336276807,17225
"(0.9707136080238548, 0.9958292603453894)",1,99.06649343368817,17226
"(1.0, 0.9958292603453894)",1,99.06613391415426,17227
"(0.8158879904162925, 1.0)",1,99.06607129068652,17228
"(0.6831352928913905, 1.0)",1,99.0659727241932,17229
"(0.917655049465296, 0.9958292603453894)",1,99.0657919083952,17230
"(0.7711781618000022, 1.0)",1,99.06571800220152,17231
"(0.9833229101521784, 1.0)",1,99.06557399240326,17232
"(0.9833040078201368, 0.9958292603453894)",1,99.065165035693,17233
"(0.9506533178503804, 1.0)",1,99.06503563592648,17234
"(0.861111111111111, 1.0)",1,99.06481968751042,17235
"(0.958227107069612, 0.9958292603453894)",1,99.06458251007685,17236
"(0.8495378883833893, 0.9958292603453894)",1,99.0645409243775,17237
"(0.6215073982652175, 1.0)",2,99.06435609438368,17239
"(0.9750780096985032, 0.9958292603453894)",1,99.06429986954606,17240
"(0.979273283115788, 0.9958292603453894)",2,99.06396649729064,17242
"(0.9792773561037318, 1.0)",1,99.06338118573518,17243
"(1.0, 1.0)",1,99.06325857527904,17244
"(0.944073617452092, 1.0)",1,99.06315426900522,17245
"(0.983305541180304, 0.9958292603453894)",1,99.06314019998968,17246
"(0.9280459216361852, 0.9958292603453894)",1,99.06303001207752,17247
"(0.6042502004811546, 1.0)",2,99.06300753590104,17249
"(0.7532376017916352, 1.0)",1,99.06290012533964,17250
"(0.8587708587708588, 1.0)",1,99.06283807674608,17251
"(0.9580331374974232, 1.0)",1,99.06275210352884,17252
"(0.9664171122994653, 0.9958292603453894)",1,99.06268329942598,17253
"(0.8600291387756281, 0.9958292603453894)",1,99.06262868739954,17254
"(0.8329156223893065, 1.0)",1,99.0625804553312,17255
"(0.4039045743444857, 1.0)",1,99.06257851311352,17256
"(0.8717520170461346, 0.9958292603453894)",1,99.06248129102129,17257
"(0.9665831244778612, 1.0)",1,99.06199329377613,17258
"(0.9454999712494968, 0.9958292603453894)",1,99.0617735561344,17259
"(1.0, 1.0)",1,99.06176868157024,17260
"(0.7673678366541239, 1.0)",1,99.06163681341472,17261
"(0.8016677935542034, 1.0)",1,99.06162359899096,17262
"(0.979051756240299, 1.0)",1,99.06141889481168,17263
"(0.9658159033159032, 0.9958292603453894)",1,99.06125158253506,17264
"(0.9916625936787228, 0.9958292603453894)",2,99.06123795841232,17266
"(0.3660238527416034, 1.0)",1,99.06102599692234,17267
"(0.9833229101521784, 1.0)",2,99.06101714574116,17269
"(0.9497171590194848, 1.0)",2,99.0608282701306,17271
"(0.9623066688389268, 0.9958292603453894)",2,99.06045744771104,17273
"(0.9279680209218476, 0.9958292603453894)",1,99.0603831935706,17274
"(1.0, 1.0)",1,99.0601851851852,17275
"(0.9228120179844318, 0.9958292603453894)",2,99.0599451850751,17277
"(0.991777356103732, 0.9958292603453894)",1,99.05944217365298,17278
"(0.7545469576719577, 1.0)",1,99.05940393939004,17279
"(0.9442283950617284, 1.0)",1,99.05914145599826,17280
"(0.5555555555555555, 1.0)",1,99.05835644563037,17281
"(0.8997493734335841, 1.0)",1,99.05815817181976,17282
"(0.8365328658269835, 0.9958292603453894)",1,99.05815665815533,17283
"(0.9749706744868036, 0.9958292603453894)",1,99.05789416482529,17284
"(0.9750854369118126, 0.9958292603453894)",2,99.05783398552964,17286
"(0.979051756240299, 1.0)",1,99.05779659895356,17287
"(0.9833229101521784, 1.0)",2,99.05778178461104,17289
"(0.7946380416968652, 0.9958292603453894)",1,99.05735588558082,17290
"(0.9916585206907788, 0.9958292603453894)",1,99.0570632439026,17291
"(0.8976982097186702, 1.0)",1,99.05693812034926,17292
"(0.902012682657844, 0.9958292603453894)",1,99.05663663426888,17293
"(0.8026839479876169, 0.9916585206907788)",1,99.05650920242944,17294
"(0.9497171590194848, 1.0)",2,99.05646466717252,17296
"(0.9131856219190184, 0.9958292603453894)",1,99.05638816155688,17297
"(0.7713401051412279, 1.0)",2,99.05636742092707,17299
"(0.8151249335459861, 1.0)",1,99.05614916033484,17300
"(0.8527663604197443, 0.9916585206907788)",1,99.05612992261734,17301
"(0.9198255060602112, 0.9958292603453894)",1,99.05611806383511,17302
"(1.0, 1.0)",1,99.05582158222713,17303
"(0.9829909379735984, 0.9958292603453894)",1,99.055662200874,17304
"(0.8158879904162925, 1.0)",1,99.05548973709853,17305
"(0.9833229101521784, 1.0)",1,99.0553518331693,17306
"(0.8177442148030384, 1.0)",1,99.05535003908804,17307
"(0.9333044546043194, 0.9958292603453894)",1,99.05531958927884,17308
"(0.979166518665308, 1.0)",1,99.05486470198518,17309
"(0.5131569832583307, 1.0)",1,99.05464604477228,17310
"(0.7944219523166891, 1.0)",1,99.0545904816997,17311
"(0.7083333333333334, 1.0)",1,99.05428355385982,17312
"(0.7647742788871822, 1.0)",1,99.05415708802283,17313
"(0.8483418730488175, 0.9958292603453894)",1,99.05399290717666,17314
"(0.8471527473990528, 1.0)",1,99.05378615977222,17315
"(0.9958292603453894, 0.9958292603453894)",1,99.0534495256666,17316
"(0.9707136080238548, 0.9958292603453894)",1,99.05327068125244,17317
"(0.9748524098350704, 0.9958292603453894)",1,99.05325571373278,17318
"(0.9665831244778612, 1.0)",1,99.0530070433728,17319
"(0.9834358767945106, 0.9958292603453894)",2,99.05298134719634,17321
"(0.9916585206907788, 0.9958292603453894)",1,99.05232211509656,17322
"(0.9442283950617284, 1.0)",1,99.05230891479876,17323
"(0.9665831244778612, 1.0)",1,99.05228993982502,17324
"(0.7946380416968652, 0.9958292603453894)",1,99.05219967711804,17325
"(0.9189396095602992, 0.9916585206907788)",1,99.05218937051556,17326
"(0.8040695048423352, 1.0)",1,99.0520566230146,17327
"(0.9791258409522168, 0.9958292603453894)",1,99.05199790483312,17328
"(0.9792766373411534, 0.9958292603453894)",1,99.05177189087968,17329
"(0.9610567210567212, 0.9958292603453894)",1,99.05131048736038,17330
"(0.9665831244778612, 1.0)",1,99.05129047399085,17331
"(0.8840048840048841, 1.0)",1,99.05125315105016,17332
"(0.8928598364786969, 0.9958292603453894)",1,99.05095855810164,17333
"(0.9873891625615764, 0.9958292603453894)",2,99.05081561501564,17335
"(0.939906877971394, 0.9958292603453894)",1,99.0506445463247,17336
"(0.868077055383557, 1.0)",1,99.05018698480336,17337
"(0.8347775825943863, 0.9958292603453894)",1,99.05017304520511,17338
"(0.9792521035784794, 0.9958292603453894)",1,99.049769826149,17339
"(0.9748524098350704, 0.9958292603453894)",1,99.04963773469898,17340
"(0.9498370804822418, 0.9916339869281046)",1,99.04945007086452,17341
"(0.8600291387756281, 0.9958292603453894)",1,99.0493500284314,17342
"(0.987463247273494, 0.9958292603453894)",1,99.04915831120763,17343
"(0.6747507742934573, 1.0)",1,99.04871073475942,17344
"(0.9051976597090448, 0.9958292603453894)",1,99.04870823936685,17345
"(0.9497171590194848, 1.0)",1,99.04863827433404,17346
"(0.9280317595086728, 0.9916585206907788)",1,99.04851634949192,17347
"(0.9503122778456484, 0.9958292603453894)",1,99.04818211975883,17348
"(0.987491854024112, 0.9958292603453894)",1,99.04799414395006,17349
"(0.5131569832583307, 1.0)",1,99.04775125849524,17350
"(0.7371074312749817, 1.0)",1,99.04772763170602,17351
"(0.9832965806068272, 0.9958292603453894)",1,99.04746846851324,17352
"(0.9792766373411534, 0.9958292603453894)",1,99.04727246077576,17353
"(0.8845424223473003, 1.0)",1,99.0472200871393,17354
"(0.8372053872053872, 1.0)",1,99.04719752773836,17355
"(0.9876221896383188, 0.9958292603453894)",1,99.0471317667786,17356
"(0.8928598364786969, 0.9958292603453894)",1,99.04691198810224,17357
"(0.9384174012481092, 0.9958292603453894)",1,99.04690885323512,17358
"(0.9280317595086728, 0.9958292603453894)",1,99.04690145264944,17359
"(0.9832925076188832, 0.9958292603453894)",1,99.04682142471364,17360
"(0.8420013166556946, 1.0)",1,99.04651200013954,17361
"(0.9369808292429718, 0.9958292603453894)",2,99.04629375114465,17363
"(0.9250222656674272, 0.9958292603453894)",1,99.04604668642996,17364
"(0.9369808292429718, 0.9958292603453894)",1,99.04538577433976,17365
"(0.917655049465296, 0.9958292603453894)",1,99.04526915601858,17366
"(0.9916339869281046, 0.9958292603453894)",1,99.04501590599426,17367
"(0.9833229101521784, 1.0)",1,99.04495924649534,17368
"(0.9833229101521784, 1.0)",1,99.044834432361,17369
"(0.3660238527416034, 1.0)",1,99.04445676222414,17370
"(0.7903875985986362, 1.0)",1,99.04428646737536,17371
"(0.9707136080238548, 0.9958292603453894)",1,99.04360432489348,17372
"(0.902012682657844, 0.9958292603453894)",1,99.04357038681692,17373
"(0.6747507742934573, 1.0)",1,99.04346934804803,17374
"(0.917655049465296, 0.9958292603453894)",1,99.04345744940532,17375
"(0.9333044546043194, 0.9958292603453894)",1,99.04289379757816,17376
"(0.4747763864042934, 1.0)",2,99.04258999260468,17378
"(0.958227107069612, 0.9958292603453894)",1,99.04237070997758,17379
"(0.8880984643179766, 1.0)",1,99.04230464595057,17380
"(0.8316498316498316, 1.0)",1,99.04228726283036,17381
"(0.9237918388227986, 0.9958292603453894)",1,99.04216180402862,17382
"(0.9280459216361852, 0.9958292603453894)",1,99.04191027941168,17383
"(0.9454999712494968, 0.9958292603453894)",1,99.0417169864066,17384
"(0.9916585206907788, 0.9958292603453894)",1,99.0415393923148,17385
"(0.9250222656674272, 0.9916585206907788)",1,99.04130893079812,17386
"(0.9665831244778612, 1.0)",1,99.04124705759644,17387
"(0.8016677935542034, 1.0)",1,99.04103357555564,17388
"(0.9916585206907788, 0.9958292603453894)",1,99.04086451853156,17389
"(0.8266173510466989, 1.0)",1,99.04084469919611,17390
"(0.9497171590194846, 1.0)",1,99.0408250716935,17391
"(0.9665831244778612, 1.0)",1,99.04061696932062,17392
"(0.9437903841498612, 1.0)",1,99.04056224800397,17393
"(0.9833229101521784, 1.0)",1,99.04055929502036,17394
"(0.861111111111111, 1.0)",1,99.04049111807733,17395
"(0.6636745887678723, 1.0)",1,99.0404676068698,17396
"(0.8958208965097509, 0.9958292603453894)",1,99.04029610247052,17397
"(0.9916666666666668, 0.9958292603453894)",1,99.04029290836678,17398
"(0.8907966222338917, 0.9958292603453894)",1,99.04022470883848,17399
"(0.9666562434855118, 1.0)",1,99.0401583169876,17400
"(0.9833040078201368, 0.9958292603453894)",1,99.0399116761069,17401
"(0.9832965806068272, 0.9958292603453894)",1,99.03982697887396,17402
"(0.8443691323092412, 0.9958292603453894)",1,99.03951199300364,17403
"(0.979051756240299, 0.9958292603453894)",1,99.03937559011509,17404
"(0.979051756240299, 0.9958292603453894)",1,99.03937151712712,17405
"(0.7647742788871822, 1.0)",1,99.0393452005316,17406
"(0.7371074312749817, 1.0)",1,99.0393155296041,17407
"(0.9833229101521784, 1.0)",2,99.03914449237932,17409
"(0.942324305015694, 0.9958292603453894)",1,99.0388609943373,17410
"(0.9454999712494968, 0.9958292603453894)",1,99.03885711627474,17411
"(0.9832965806068272, 0.9958292603453894)",1,99.03873703271232,17412
"(0.7946380416968652, 0.9958292603453894)",1,99.0384996336906,17413
"(0.9580602951397298, 0.9958292603453894)",1,99.03842166491798,17414
"(0.7711781618000022, 1.0)",1,99.03841695738176,17415
"(0.8495378883833893, 0.9958292603453894)",1,99.03787424965272,17416
"(0.9034438470728792, 0.9916666666666668)",1,99.0375569220002,17417
"(0.8762860082304527, 1.0)",1,99.03737650408016,17418
"(0.8300265307680562, 1.0)",1,99.03729589610872,17419
"(0.947552083649559, 0.9958292603453894)",1,99.03719748139645,17420
"(0.8443691323092412, 0.9958292603453894)",1,99.037124647328,17421
"(0.7362637362637362, 1.0)",1,99.03708514816591,17422
"(0.7250237826596757, 1.0)",1,99.03683107306978,17423
"(0.7532376017916352, 1.0)",1,99.0366041798186,17424
"(0.7545469576719577, 1.0)",1,99.03652952301398,17425
"(0.4747763864042934, 1.0)",1,99.0363530266169,17426
"(0.8468089381754635, 1.0)",1,99.03608275795315,17427
"(0.7545469576719577, 1.0)",1,99.03604012487108,17428
"(0.9126251340467026, 0.9958292603453894)",1,99.03597282315664,17429
"(0.947552083649559, 0.9958292603453894)",1,99.03588648273048,17430
"(0.903667392883079, 1.0)",1,99.0357972837849,17431
"(0.9874762808349148, 0.9958292603453894)",2,99.03577950449086,17433
"(0.9833040078201368, 0.9958292603453894)",1,99.03574093645229,17434
"(0.9326599326599326, 1.0)",1,99.03556086314708,17435
"(0.9916585206907788, 0.9958292603453894)",1,99.0354798292781,17436
"(0.8717520170461346, 0.9958292603453894)",1,99.03488976311932,17437
"(0.971023600055858, 0.9958292603453894)",1,99.03483992342862,17438
"(0.5070372093557577, 1.0)",1,99.03428693613664,17439
"(0.9658159033159032, 0.9958292603453894)",2,99.03397806414814,17441
"(0.9497171590194846, 1.0)",1,99.0337244523291,17442
"(0.8760238095238095, 0.9958292603453894)",1,99.03325407547904,17443
"(0.8495378883833893, 0.9958292603453894)",1,99.03315630514636,17444
"(0.9835199925522506, 0.9958292603453894)",1,99.03312187137402,17445
"(0.9744745723240348, 0.9958292603453894)",1,99.0330611819566,17446
"(0.9748850895736324, 0.9958292603453894)",1,99.03300860916332,17447
"(0.8468089381754635, 1.0)",1,99.03263402389108,17448
"(0.9008627640703112, 1.0)",1,99.03248896052006,17449
"(0.9669795885118464, 0.9958292603453894)",1,99.03212296976888,17450
"(1.0, 1.0)",1,99.03208556149733,17451
"(0.9658790011731188, 0.9958292603453894)",1,99.03195382463392,17452
"(0.8483418730488175, 0.9958292603453894)",1,99.03183442505068,17453
"(0.9326599326599326, 1.0)",1,99.0315810479745,17454
"(0.6521663785997688, 1.0)",1,99.03157109248772,17455
"(0.93773047895128, 0.9958292603453894)",1,99.03131803581483,17456
"(0.9835547122074636, 0.9958292603453894)",2,99.03098272578832,17458
"(0.9829909379735984, 0.9958292603453894)",1,99.03087925145324,17459
"(0.9835547122074636, 0.9958292603453894)",1,99.0308097323694,17460
"(1.0, 1.0)",1,99.03079624017462,17461
"(0.917655049465296, 0.9958292603453894)",1,99.03065331508354,17462
"(0.6378166586499919, 1.0)",1,99.03063911386111,17463
"(0.8845424223473003, 1.0)",1,99.03054299729148,17464
"(0.9876221896383188, 0.9958292603453894)",1,99.03046510011195,17465
"(0.8533622685185187, 1.0)",1,99.03041550078008,17466
"(0.8040695048423352, 1.0)",1,99.03022626037838,17467
"(0.933096859926128, 1.0)",1,99.03019860945416,17468
"(0.8796475392220073, 1.0)",1,99.02998983121752,17469
"(0.93773047895128, 0.9958292603453894)",1,99.0299517443136,17470
"(0.9748461391725148, 1.0)",1,99.02977832787496,17471
"(0.8717520170461346, 0.9958292603453894)",1,99.02963639864532,17472
"(0.9034438470728792, 0.9958292603453894)",1,99.0292135290692,17473
"(0.9738477269913072, 0.9958292603453894)",1,99.0291486616048,17474
"(0.9622634791942192, 0.9958292603453894)",1,99.02894320266788,17475
"(0.9833040078201368, 0.9958292603453894)",1,99.02887945174844,17476
"(0.9189396095602992, 0.9958292603453894)",1,99.0288173915528,17477
"(0.8928598364786969, 0.9958292603453894)",1,99.02875935976104,17478
"(0.7042648709315374, 1.0)",1,99.028758597054,17479
"(0.8653198653198653, 1.0)",1,99.02860471266598,17480
"(0.9746854694957162, 1.0)",1,99.02847226533927,17481
"(0.9584987529902784, 1.0)",1,99.02814104905092,17482
"(0.8347775825943863, 0.9958292603453894)",1,99.02808913810848,17483
"(0.9322127672355596, 0.9958292603453894)",1,99.02793514702898,17484
"(1.0, 0.9958292603453894)",1,99.02790299966225,17485
"(0.9166145507608924, 1.0)",1,99.027725661872,17486
"(0.9674564520532262, 0.9958292603453894)",1,99.02761219862924,17487
"(0.9326599326599326, 1.0)",1,99.02735068252308,17488
"(0.7340930674264006, 1.0)",2,99.02723683514644,17490
"(0.8266173510466989, 1.0)",1,99.02712265058676,17491
"(0.8468951683237397, 1.0)",1,99.02690248651936,17492
"(0.7204751921733054, 1.0)",1,99.02683932612364,17493
"(0.8717520170461346, 0.9958292603453894)",2,99.02665199539337,17495
"(0.9788980434141724, 0.9958292603453894)",1,99.02652049578236,17496
"(0.93773047895128, 0.9958292603453894)",1,99.02641969803636,17497
"(0.9295538313113396, 0.9958292603453894)",1,99.02622917076832,17498
"(0.8907966222338917, 0.9958292603453894)",1,99.0261956018477,17499
"(0.6042502004811546, 1.0)",1,99.02618026622204,17500
"(0.6784722222222224, 1.0)",1,99.0261777040798,17501
"(0.8247905643738976, 1.0)",1,99.0261613844502,17502
"(0.9365496267832196, 0.9916585206907788)",1,99.02612530801608,17503
"(0.8717520170461346, 0.9958292603453894)",1,99.02605132075276,17504
"(0.9958292603453894, 0.9958292603453894)",1,99.0258557557113,17505
"(0.9750854369118126, 0.9958292603453894)",1,99.02574072783705,17506
"(0.8316498316498316, 1.0)",1,99.02561017298254,17507
"(0.9916585206907788, 0.9958292603453894)",1,99.0255490848664,17508
"(0.9829909379735984, 0.9958292603453894)",1,99.02546810210931,17509
"(0.7430253184970165, 1.0)",1,99.0248176002893,17510
"(0.8347775825943863, 0.9958292603453894)",1,99.02469094164394,17511
"(0.9625114955760116, 0.9958292603453894)",1,99.02458871356444,17512
"(0.9333044546043194, 0.9916585206907788)",2,99.02440171324862,17514
"(0.9665831244778612, 1.0)",1,99.024338362964,17515
"(0.9829909379735984, 0.9958292603453894)",2,99.02428254052266,17517
"(0.9788283442948758, 0.9958292603453894)",1,99.0242555980685,17518
"(0.9365496267832196, 0.9958292603453894)",2,99.02421999229574,17520
"(0.9205517358458536, 0.9958292603453894)",1,99.02415346513224,17521
"(0.7030539311241066, 1.0)",1,99.02396196198065,17522
"(0.9365496267832196, 0.9916666666666668)",1,99.02391612436462,17523
"(0.987463247273494, 0.9916666666666668)",1,99.02368041604048,17524
"(0.9166145507608924, 1.0)",1,99.02336205891392,17525
"(0.9497171590194848, 1.0)",1,99.02325446444084,17526
"(0.944563492063492, 1.0)",1,99.02266643180737,17527
"(0.9206165335472736, 0.9958292603453894)",1,99.02231021459264,17528
"(0.9008025849489264, 1.0)",1,99.02214666366312,17529
"(0.8016677935542034, 1.0)",1,99.0220814065056,17530
"(0.8310777799491891, 1.0)",1,99.02206443141306,17531
"(0.8347775825943863, 0.9958292603453894)",1,99.02186343883436,17532
"(0.8958208965097509, 0.9958292603453894)",1,99.02184319803452,17533
"(1.0, 1.0)",1,99.02176475378292,17534
"(0.9457018956165067, 0.9958292603453894)",1,99.02141160189969,17535
"(0.9131856219190184, 0.9958292603453894)",1,99.0212967511664,17536
"(0.9206165335472736, 0.9958292603453894)",1,99.02126496544425,17537
"(0.9748461391725148, 1.0)",1,99.02101180952148,17538
"(0.978932178932179, 0.9958292603453894)",1,99.0202857482254,17539
"(0.7097211628104076, 1.0)",1,99.02011778522748,17540
"(0.8495378883833893, 0.9958292603453894)",1,99.02006610019836,17541
"(0.8586166985951469, 1.0)",1,99.02004598186092,17542
"(0.8732774170274171, 1.0)",1,99.0197501210554,17543
"(0.7372334455667788, 1.0)",1,99.01971711157626,17544
"(0.8341307814992026, 1.0)",1,99.01968928462767,17545
"(0.5131569832583307, 1.0)",1,99.01966159698516,17546
"(0.9958292603453894, 1.0)",1,99.0195875060846,17547
"(0.808446455505279, 1.0)",1,99.01923197992495,17548
"(0.7511968744445381, 0.9988619159967322)",1,99.01900197886911,17549
"(0.7042648709315374, 1.0)",1,99.01892561585562,17550
"(0.9384174012481092, 0.9958292603453894)",1,99.01837208838032,17551
"(0.8867361313822293, 0.9916585206907788)",1,99.01826286573306,17552
"(0.974772367065274, 0.9958292603453894)",1,99.01822681080208,17553
"(0.9792766373411534, 0.9958292603453894)",1,99.01813943059396,17554
"(0.9501563219469168, 0.9958292603453894)",1,99.01793450129102,17555
"(0.6378166586499919, 1.0)",1,99.01786830266504,17556
"(0.7157482018564546, 1.0)",1,99.01777841579889,17557
"(0.8193928901539049, 1.0)",1,99.01744627966517,17558
"(0.9200043551329178, 0.9958292603453894)",1,99.01739559859678,17559
"(0.8247905643738976, 1.0)",1,99.01735330443157,17560
"(0.9833040078201368, 0.9958292603453894)",1,99.01701174545911,17561
"(0.943710724759112, 0.9958292603453894)",1,99.01698323239692,17562
"(0.8976982097186702, 1.0)",1,99.01647217467016,17563
"(0.6445974707185653, 1.0)",1,99.01644819199232,17564
"(0.4039045743444857, 1.0)",1,99.01639915132569,17565
"(0.812557599070401, 1.0)",1,99.01627636380402,17566
"(0.9300671002153482, 1.0)",1,99.015932087739,17567
"(0.97495917428555, 0.9958292603453894)",2,99.01588908055751,17569
"(0.9664171122994653, 0.9958292603453894)",1,99.01586381278184,17570
"(0.4943189964157706, 1.0)",1,99.01552011914129,17571
"(0.7183489076634237, 1.0)",1,99.015470184878,17572
"(0.9833229101521784, 1.0)",2,99.01540847164952,17574
"(0.8600291387756281, 0.9958292603453894)",1,99.01518632818934,17575
"(0.9916585206907788, 0.9958292603453894)",1,99.01503417989704,17576
"(0.9445235834124724, 1.0)",1,99.01497128659608,17577
"(0.8907966222338917, 0.9958292603453894)",1,99.01493457356872,17578
"(0.9835547122074636, 0.9958292603453894)",1,99.01490205033495,17579
"(0.9288423094874708, 0.9958292603453894)",1,99.01460871254632,17580
"(0.5925925925925927, 1.0)",1,99.01460603771258,17581
"(0.9749625285109156, 0.9958292603453894)",1,99.01457403621262,17582
"(0.8760238095238095, 0.9958292603453894)",1,99.01430529695682,17583
"(0.7545469576719577, 1.0)",1,99.01407679054292,17584
"(0.9705906996229576, 0.9958292603453894)",1,99.01363336270832,17585
"(0.9958292603453894, 0.9958292603453894)",2,99.01354036278516,17587
"(0.8483418730488175, 0.9958292603453894)",1,99.013306168301,17588
"(0.8760238095238095, 0.9958292603453894)",1,99.01312867128443,17589
"(0.7946380416968652, 0.9958292603453894)",1,99.0128093157108,17590
"(0.7371074312749817, 1.0)",1,99.01263389226617,17591
"(0.8315474711586087, 0.9958292603453894)",1,99.01260534913304,17592
"(0.8247905643738976, 1.0)",1,99.01254051302767,17593
"(0.9622634791942192, 0.9916585206907788)",1,99.01229317492135,17594
"(0.9161952650324744, 1.0)",1,99.01227855567356,17595
"(0.9833040078201368, 0.9958292603453894)",1,99.0118418439034,17596
"(0.9206165335472736, 0.9958292603453894)",1,99.0115151347559,17597
"(0.9280459216361852, 0.9958292603453894)",1,99.01136224739848,17598
"(0.7277677677677677, 1.0)",1,99.0111241855492,17599
"(0.9665831244778612, 1.0)",1,99.01109725365824,17600
"(0.9832965806068272, 0.9958292603453894)",1,99.01104992473826,17601
"(0.9166145507608924, 1.0)",1,99.01104857202418,17602
"(0.9833211143695014, 0.9958292603453894)",1,99.010841031101,17603
"(0.9365496267832196, 0.9958292603453894)",1,99.00998476256852,17604
"(0.9749088814411396, 1.0)",1,99.00976251965386,17605
"(0.9430479403581872, 0.9958292603453894)",1,99.00968533028404,17606
"(0.6378166586499919, 1.0)",1,99.00944910398664,17607
"(0.9157097551404952, 0.9916585206907788)",1,99.00938098387374,17608
"(0.6544644252235129, 1.0)",2,99.00932591120342,17610
"(0.9490213526488036, 0.9958292603453894)",1,99.00928831404153,17611
"(0.9748850895736324, 0.9958292603453894)",2,99.00896547027062,17613
"(0.9876066164491212, 0.9958292603453894)",1,99.00877197800816,17614
"(0.8885714285714285, 1.0)",1,99.00873842685212,17615
"(0.9748461391725148, 1.0)",1,99.00849551756968,17616
"(0.9665831244778612, 1.0)",1,99.00841407764092,17617
"(0.9751539794803552, 0.9958292603453894)",1,99.0081839473606,17618
"(0.9300671002153482, 1.0)",2,99.00818154123706,17620
"(0.9546499948224086, 0.9958292603453894)",1,99.00811598718025,17621
"(0.4039045743444857, 1.0)",1,99.00785544995632,17622
"(0.861111111111111, 1.0)",1,99.007734732311,17623
"(0.9916585206907788, 0.9958292603453894)",1,99.00717040767992,17624
"(0.9250222656674272, 0.9958292603453894)",1,99.00705402289314,17625
"(0.9876221896383188, 0.9958292603453894)",1,99.0067386672351,17626
"(0.9609386607489072, 0.9958292603453894)",1,99.0067109672677,17627
"(0.9018806250259218, 1.0)",1,99.00658615287412,17628
"(0.826388888888889, 1.0)",1,99.00651584632897,17629
"(0.8040695048423352, 1.0)",1,99.00641967256036,17630
"(0.8760238095238095, 0.9958292603453894)",1,99.00630349121552,17631
"(0.8958208965097509, 0.9958292603453894)",1,99.00615370885365,17632
"(0.8315474711586087, 0.9958292603453894)",1,99.00612354315037,17633
"(0.9040606114111948, 0.9958292603453894)",1,99.00600854882404,17634
"(0.6784722222222224, 1.0)",2,99.00575753425228,17636
"(0.8158879904162925, 1.0)",1,99.00568814452078,17637
"(0.8796475392220073, 1.0)",1,99.00557362177368,17638
"(0.7042648709315374, 1.0)",1,99.00500667527784,17639
"(0.9580602951397298, 0.9958292603453894)",1,99.00493612215416,17640
"(0.8420013166556946, 1.0)",1,99.00489181950805,17641
"(0.8420013166556946, 1.0)",1,99.00485759177003,17642
"(0.7946380416968652, 0.9958292603453894)",2,99.00474077791864,17644
"(0.9791332681655264, 0.9958292603453894)",1,99.00473639920938,17645
"(0.9497171590194846, 1.0)",1,99.00470252602533,17646
"(0.9916625936787228, 0.9958292603453894)",1,99.00461040750795,17647
"(0.7965746171391332, 1.0)",2,99.00452564369446,17649
"(0.9916585206907788, 0.9958292603453894)",1,99.00423888336644,17650
"(0.7965746171391332, 1.0)",2,99.00423075663925,17652
"(0.8483418730488175, 0.9958292603453894)",1,99.00395065062648,17653
"(0.9835199925522506, 0.9958292603453894)",1,99.00383780749836,17654
"(0.826388888888889, 1.0)",1,99.00367214037377,17655
"(0.9250222656674272, 0.9958292603453894)",1,99.0035708708528,17656
"(0.7372334455667788, 1.0)",1,99.0032086336877,17657
"(0.8347775825943863, 0.9958292603453894)",2,99.00319284210084,17659
"(0.945364478411655, 0.9916585206907788)",1,99.00262551858128,17660
"(0.9788980434141724, 0.9958292603453894)",1,99.0025216127802,17661
"(0.7647742788871822, 1.0)",1,99.00239222100925,17662
"(0.7647742788871822, 1.0)",1,99.00220639424556,17663
"(0.9114218054477384, 0.9916339869281046)",1,99.0021557798278,17664
"(0.5131569832583307, 1.0)",1,99.00213309392912,17665
"(0.6961063627730295, 1.0)",1,99.00188833142428,17666
"(0.6636745887678723, 1.0)",2,99.00186310239796,17668
"(0.9486619426325308, 1.0)",1,99.00169600763286,17669
"(0.9182966261114094, 0.9958292603453894)",1,99.00166001059571,17670
"(0.6179693015417549, 1.0)",2,99.00156018124764,17672
"(0.9916625936787228, 0.9958292603453894)",1,99.00154321144836,17673
"(0.962699692780338, 0.9958292603453894)",1,99.00151383518738,17674
"(0.8468089381754635, 1.0)",1,99.00133081409103,17675
"(0.8316498316498316, 1.0)",1,99.00127916444887,17676
"(0.947552083649559, 0.9958292603453894)",1,99.0012750781614,17677
"(0.9705906996229576, 0.9958292603453894)",1,99.0009282236196,17678
"(0.9873891625615764, 0.9958292603453894)",1,99.00075609206004,17679
"(0.7000013129045387, 1.0)",1,99.0005605973026,17680
"(0.9750854369118126, 0.9958292603453894)",1,99.00015113716208,17681
"(0.5131569832583307, 1.0)",1,99.00011579311388,17682
"(0.8958208965097509, 0.9916585206907788)",2,99.00006065191968,17684
"(0.8745860467551234, 0.9958292603453894)",1,98.99983226779445,17685
"(0.9791348015256934, 0.9958292603453894)",1,98.99934602565254,17686
"(0.9295946890286512, 1.0)",1,98.9992369850893,17687
"(0.4776542240827955, 1.0)",1,98.99921179844112,17688
"(0.9454999712494968, 0.9958292603453894)",1,98.99912708533712,17689
"(0.8907966222338917, 0.9958292603453894)",1,98.99910451220173,17690
"(0.9182966261114094, 0.9958292603453894)",1,98.99901592005143,17691
"(0.6747507742934573, 1.0)",1,98.99887675094848,17692
"(1.0, 0.9958292603453894)",2,98.9986631524798,17694
"(0.8495378883833893, 0.9958292603453894)",1,98.99864427287096,17695
"(0.8813080639167598, 1.0)",1,98.99832078487265,17696
"(0.8151249335459861, 1.0)",1,98.99820037385072,17697
"(0.6215073982652175, 1.0)",1,98.99807545541876,17698
"(0.987463247273494, 0.9958292603453894)",1,98.99799264498378,17699
"(0.9369808292429718, 0.9958292603453894)",1,98.99761519251292,17700
"(0.8587708587708588, 1.0)",1,98.99721378601949,17701
"(0.9916585206907788, 0.9958292603453894)",1,98.9970947842282,17702
"(0.9618291283060416, 0.9958292603453894)",1,98.99707233949624,17703
"(0.9250222656674272, 0.9958292603453894)",1,98.99689062936922,17704
"(0.6215073982652175, 1.0)",1,98.99677545516369,17705
"(0.9369808292429718, 0.9958292603453894)",1,98.9963806072588,17706
"(0.9454999712494968, 0.9958292603453894)",1,98.99619047271996,17707
"(0.9051976597090448, 0.9958292603453894)",1,98.99603814309302,17708
"(0.6378166586499919, 1.0)",1,98.9957534155822,17709
"(0.9791332681655264, 0.9958292603453894)",1,98.99574170940294,17710
"(0.9792773561037318, 1.0)",1,98.99543861630436,17711
"(0.9791348015256934, 0.9958292603453894)",2,98.99529154274556,17713
"(0.9791332681655264, 0.9958292603453894)",1,98.99475747935271,17714
"(0.9791299139401608, 0.9958292603453894)",1,98.9945377700889,17715
"(0.9622213554582854, 0.9916339869281046)",1,98.9945240687034,17716
"(0.8068635828271864, 1.0)",1,98.99437640100425,17717
"(0.9486619426325308, 1.0)",1,98.99436392997096,17718
"(0.9504245882013664, 0.9958292603453894)",1,98.99433017962416,17719
"(0.9435817855979146, 0.9958292603453894)",1,98.9943186922912,17720
"(0.9665831244778612, 1.0)",1,98.99430508301712,17721
"(0.6639781000006315, 0.9988619159967322)",1,98.99392340714816,17722
"(0.8016677935542034, 1.0)",1,98.9933951639247,17723
"(0.9384174012481092, 0.9958292603453894)",1,98.99335927972648,17724
"(0.958319976073035, 0.9958292603453894)",1,98.99316982147376,17725
"(0.902012682657844, 0.9958292603453894)",1,98.99309153335902,17726
"(0.9157097551404952, 0.9958292603453894)",1,98.99281007328614,17727
"(0.8315474711586087, 0.9958292603453894)",1,98.99273200109832,17728
"(0.9833040078201368, 0.9958292603453894)",1,98.99270872046328,17729
"(0.9501563219469168, 0.9958292603453894)",1,98.99266974484348,17730
"(0.9916666666666668, 0.9958292603453894)",1,98.9926379523918,17731
"(0.9833229101521784, 1.0)",1,98.99257279397833,17732
"(0.9034438470728792, 0.9958292603453894)",1,98.99256268157488,17733
"(0.979055829228243, 0.9958292603453894)",2,98.9922844253135,17735
"(0.917724660397074, 0.9958292603453894)",1,98.99208133432816,17736
"(0.7083333333333334, 1.0)",1,98.99207682637916,17737
"(0.7946380416968652, 0.9958292603453894)",1,98.99177512736132,17738
"(0.4943189964157706, 1.0)",1,98.99133191812554,17739
"(0.9835199925522506, 0.9958292603453894)",1,98.99131251467855,17740
"(0.6636745887678723, 1.0)",1,98.99113204103136,17741
"(0.9250222656674272, 0.9958292603453894)",1,98.99109771743292,17742
"(0.861111111111111, 1.0)",4,98.99105764246318,17746
"(0.6636745887678723, 1.0)",1,98.99104608897171,17747
"(0.4943189964157706, 1.0)",1,98.99094199553676,17748
"(0.9157097551404952, 0.9958292603453894)",1,98.99060431245904,17749
"(0.962505246140658, 0.9958292603453894)",1,98.9905413902862,17750
"(0.9504245882013664, 0.9958292603453894)",1,98.99051265020398,17751
"(0.9792766373411534, 0.9958292603453894)",1,98.99043607196772,17752
"(0.8633762288330498, 1.0)",1,98.99042728684852,17753
"(0.7786375661375661, 1.0)",1,98.99042001781196,17754
"(0.9189396095602992, 0.9916585206907788)",1,98.99004584765092,17755
"(0.917006172839506, 1.0)",1,98.99003136525664,17756
"(0.9206165335472736, 0.9916585206907788)",1,98.98995248526722,17757
"(0.9034438470728792, 0.9958292603453894)",1,98.98994672625996,17758
"(0.6179693015417549, 1.0)",1,98.98993434485686,17759
"(0.7250237826596757, 1.0)",1,98.98959974232044,17760
"(0.8558955563806776, 0.9958292603453894)",1,98.98945462418608,17761
"(0.9161952650324744, 1.0)",1,98.98944712403753,17762
"(0.9279680209218476, 0.9958292603453894)",1,98.9892317604154,17763
"(0.7630560946847559, 1.0)",1,98.98898319956652,17764
"(0.7880931329207191, 1.0)",1,98.98895833805535,17765
"(0.8229870141950848, 1.0)",1,98.98868009846667,17766
"(0.8976982097186702, 1.0)",1,98.98840914440925,17767
"(0.8814814814814814, 1.0)",4,98.98822898963454,17771
"(0.9157097551404952, 0.9916585206907788)",1,98.98819724485246,17772
"(0.9131856219190184, 0.9958292603453894)",1,98.98808770837762,17773
"(0.9365496267832196, 0.9916666666666668)",1,98.9880277603374,17774
"(0.8365328658269835, 0.9958292603453894)",1,98.9879363672277,17775
"(0.9873891625615764, 0.9958292603453894)",1,98.98776621760024,17776
"(0.8867361313822293, 0.9958292603453894)",1,98.98770687490152,17777
"(0.9791299139401608, 0.9958292603453894)",2,98.98739121839684,17779
"(0.4943189964157706, 1.0)",1,98.98720048003032,17780
"(0.97934925289764, 0.9916666666666668)",1,98.98708414122166,17781
"(0.9791258409522168, 0.9958292603453894)",1,98.98697549660778,17782
"(0.9297812306740878, 1.0)",1,98.98685599534694,17783
"(0.983545503234046, 1.0)",1,98.986663848067,17784
"(0.8329050741331443, 1.0)",1,98.98655407057396,17785
"(0.8786901405005916, 0.9958292603453894)",1,98.98631592729728,17786
"(0.8420013166556946, 1.0)",1,98.9863097096238,17787
"(0.944563492063492, 1.0)",1,98.98616557162332,17788
"(0.6886904761904762, 1.0)",1,98.98613312955888,17789
"(0.7965746171391332, 1.0)",1,98.9860351268252,17790
"(0.7344692811916678, 1.0)",1,98.98595439969806,17791
"(0.9157097551404952, 0.9958292603453894)",1,98.98593704469046,17792
"(0.9791258409522168, 0.9958292603453894)",1,98.985597233297,17793
"(0.7042648709315374, 1.0)",1,98.98558447725114,17794
"(0.9295946890286512, 1.0)",1,98.98512469924678,17795
"(0.903667392883079, 1.0)",1,98.9846584698962,17796
"(0.902012682657844, 0.9958292603453894)",1,98.98461413825548,17797
"(0.4039045743444857, 1.0)",1,98.98449736919432,17798
"(0.9958292603453894, 0.9958292603453894)",1,98.98420674270449,17799
"(0.9437903841498612, 1.0)",1,98.98415762445244,17800
"(0.6179693015417549, 1.0)",1,98.98399158808544,17801
"(0.8867361313822293, 0.9958292603453894)",1,98.9837803065556,17802
"(0.6146899224806203, 1.0)",1,98.9837415672561,17803
"(0.8928598364786969, 0.9958292603453894)",1,98.9837047808167,17804
"(0.6575398846941737, 1.0)",1,98.983536650971,17805
"(0.7376124238869338, 1.0)",1,98.98310614453068,17806
"(0.8717520170461346, 0.9958292603453894)",1,98.98305733332388,17807
"(0.9791258409522168, 0.9958292603453894)",1,98.98280475695316,17808
"(0.9583930063253372, 1.0)",1,98.98216692530978,17809
"(0.6907243513029603, 1.0)",1,98.98215002094447,17810
"(0.9747838672665278, 1.0)",1,98.98210879409248,17811
"(0.9665831244778612, 1.0)",1,98.98206801108915,17812
"(0.9665755481078062, 1.0)",1,98.98200831463603,17813
"(0.9833229101521784, 1.0)",1,98.98194268315112,17814
"(0.8300265307680562, 1.0)",1,98.98193183055356,17815
"(0.8347775825943863, 0.9958292603453894)",1,98.98186840304469,17816
"(0.8315474711586087, 0.9958292603453894)",2,98.98153571747164,17818
"(0.7734344933751168, 1.0)",1,98.9814729730565,17819
"(0.9326599326599326, 1.0)",1,98.98141748545666,17820
"(0.9452448267044004, 0.9916585206907788)",1,98.98118600850694,17821
"(0.987463247273494, 0.9958292603453894)",1,98.98111284809924,17822
"(0.958227107069612, 0.9958292603453894)",2,98.98104447168988,17824
"(0.9832965806068272, 1.0)",1,98.98102657355813,17825
"(0.9365496267832196, 0.9958292603453894)",1,98.9806846287317,17826
"(0.902012682657844, 0.9958292603453894)",1,98.98037729708936,17827
"(0.8040695048423352, 1.0)",1,98.9802214214339,17828
"(0.9958292603453894, 0.9958292603453894)",1,98.98003600304988,17829
"(0.9546499948224086, 0.9958292603453894)",1,98.9800166162774,17830
"(0.9365496267832196, 0.9958292603453894)",1,98.9799866300381,17831
"(0.9748524098350704, 0.9958292603453894)",1,98.97970388013528,17832
"(0.8867361313822293, 0.9958292603453894)",1,98.97957165343514,17833
"(0.9874762808349148, 0.9958292603453894)",1,98.97940982408522,17834
"(0.9750943974852894, 0.9958292603453894)",1,98.97936580662063,17835
"(0.9874877810361682, 0.9958292603453894)",1,98.97914914707825,17836
"(0.9297812306740878, 1.0)",1,98.9791455463664,17837
"(0.7673678366541239, 1.0)",1,98.9789410746279,17838
"(0.6215073982652175, 1.0)",1,98.97888937444807,17839
"(0.4039045743444857, 1.0)",2,98.97883484537378,17841
"(0.8151249335459861, 1.0)",1,98.9781279624548,17842
"(0.812557599070401, 1.0)",1,98.9779678294968,17843
"(0.9958292603453894, 0.9958292603453894)",1,98.97790463111454,17844
"(0.97495917428555, 0.9958292603453894)",1,98.97775142269852,17845
"(0.962505246140658, 0.9916666666666668)",1,98.97771057204169,17846
"(0.9497171590194846, 1.0)",1,98.97743911755876,17847
"(0.6215073982652175, 1.0)",1,98.97738806451292,17848
"(0.8676532769556025, 1.0)",1,98.97730262077091,17849
"(0.8495378883833893, 0.9958292603453894)",1,98.97710649138854,17850
"(0.8587708587708588, 1.0)",1,98.976952689476,17851
"(0.9751539794803552, 0.9958292603453894)",1,98.97693099913252,17852
"(1.0, 1.0)",1,98.97666927007646,17853
"(0.9280459216361852, 0.9958292603453894)",1,98.9765666780524,17854
"(0.8315474711586087, 0.9958292603453894)",1,98.97624035661345,17855
"(0.8760238095238095, 0.9958292603453894)",1,98.97608916795978,17856
"(0.738145558145558, 1.0)",1,98.9760891171856,17857
"(0.9279680209218476, 0.9958292603453894)",1,98.97599827572505,17858
"(0.9871616776282092, 0.9958292603453894)",1,98.97593337906928,17859
"(0.9003556829643787, 1.0)",1,98.97576936595168,17860
"(0.5981266189834885, 0.9996210215628012)",3,98.97558800930484,17863
"(0.8316498316498316, 1.0)",1,98.97545351178609,17864
"(0.9333044546043194, 0.9958292603453894)",1,98.97532818875632,17865
"(0.9876066164491212, 0.9958292603453894)",1,98.97507374139852,17866
"(0.9365496267832196, 0.9958292603453894)",1,98.97491128286693,17867
"(0.978932178932179, 0.9958292603453894)",1,98.97484484770378,17868
"(0.7713401051412279, 1.0)",1,98.9747195554051,17869
"(0.7946380416968652, 0.9958292603453894)",1,98.97461947006651,17870
"(0.8815906251265802, 0.9916585206907788)",1,98.974454371891,17871
"(0.9833211143695014, 0.9958292603453894)",1,98.974450741477,17872
"(0.9583930063253372, 1.0)",1,98.9744009541002,17873
"(0.9546499948224086, 0.9958292603453894)",1,98.9742093551237,17874
"(0.987463247273494, 0.9958292603453894)",1,98.97403166823298,17875
"(0.978932178932179, 0.9958292603453894)",1,98.97316423412336,17876
"(0.9126251340467026, 0.9958292603453894)",1,98.97307429284622,17877
"(0.9744745723240348, 0.9958292603453894)",1,98.97290011216964,17878
"(0.9536653605723816, 0.9958292603453894)",1,98.97271644989274,17879
"(0.8420013166556946, 1.0)",1,98.9725666544738,17880
"(0.9189396095602992, 0.9958292603453894)",1,98.97244874015088,17881
"(0.8586166985951469, 1.0)",1,98.97239268780824,17882
"(0.8483418730488175, 0.9958292603453894)",1,98.972345866022,17883
"(0.882246838129191, 0.9958292603453894)",1,98.97222284740016,17884
"(0.9873891625615764, 0.9958292603453894)",1,98.97216671886018,17885
"(0.7535998328459235, 0.9984817852901372)",1,98.97204623437985,17886
"(0.962505246140658, 0.9958292603453894)",1,98.97200623107388,17887
"(0.9166145507608924, 1.0)",1,98.97191419822649,17888
"(0.8443691323092412, 0.9958292603453894)",1,98.9718879749262,17889
"(0.7946380416968652, 0.9958292603453894)",2,98.97175133520152,17891
"(0.7042648709315374, 1.0)",1,98.9717154793596,17892
"(0.7042648709315374, 1.0)",1,98.97166553667336,17893
"(0.979051756240299, 0.9958292603453894)",1,98.97118664574316,17894
"(0.8760238095238095, 0.9958292603453894)",1,98.97101815094248,17895
"(0.8431623931623932, 1.0)",1,98.97095670862905,17896
"(0.978932178932179, 0.9958292603453894)",1,98.97091177887508,17897
"(0.9791585206907788, 0.9958292603453894)",1,98.97085069846204,17898
"(0.9788980434141724, 0.9958292603453894)",1,98.97071934067054,17899
"(0.757745166550198, 1.0)",1,98.97052691119112,17900
"(0.97495917428555, 0.9958292603453894)",1,98.97026596928876,17901
"(0.7000013129045387, 1.0)",1,98.96983183666134,17902
"(0.9749706744868036, 0.9958292603453894)",1,98.96981072905226,17903
"(0.9584987529902784, 1.0)",1,98.96968702266084,17904
"(0.9833229101521784, 1.0)",1,98.9696748480604,17905
"(0.8974984433303618, 0.9958292603453894)",1,98.9696201870799,17906
"(0.7278086237149632, 1.0)",1,98.96955551491786,17907
"(0.9454999712494968, 0.9958292603453894)",1,98.96952941836696,17908
"(0.9791258409522168, 0.9958292603453894)",2,98.96940209475233,17910
"(0.812557599070401, 1.0)",1,98.96900760083646,17911
"(0.9834358767945106, 0.9958292603453894)",1,98.96894463336204,17912
"(0.987463247273494, 0.9958292603453894)",1,98.96860302819591,17913
"(0.9916585206907788, 0.9958292603453894)",1,98.9682532580376,17914
"(0.9665831244778612, 1.0)",1,98.96821711140596,17915
"(0.9018806250259218, 1.0)",1,98.967918134849,17916
"(0.9326599326599326, 1.0)",1,98.96766078024498,17917
"(0.7611780174940991, 1.0)",1,98.96759507102809,17918
"(0.987463247273494, 0.9958292603453894)",1,98.96753717375614,17919
"(0.9625114955760116, 0.9958292603453894)",1,98.96729316800656,17920
"(0.971023600055858, 0.9958292603453894)",1,98.96722353199206,17921
"(0.944563492063492, 1.0)",1,98.96714468155956,17922
"(0.9876221896383188, 0.9958292603453894)",1,98.96703423964505,17923
"(0.9153439153439156, 1.0)",1,98.96701716922728,17924
"(0.5642422164950636, 1.0)",1,98.96697955167798,17925
"(0.8483418730488175, 0.9958292603453894)",1,98.96697096014655,17926
"(0.9034438470728792, 0.9958292603453894)",1,98.9668367935515,17927
"(0.7134615384615385, 1.0)",1,98.96676318483978,17928
"(0.9916625936787228, 0.9958292603453894)",1,98.96651103160634,17929
"(0.6575398846941737, 1.0)",1,98.9661373420286,17930
"(0.9874877810361682, 0.9958292603453894)",1,98.96585096083994,17931
"(0.8916052423523688, 0.9916339869281046)",1,98.96577182401252,17932
"(0.9833040078201368, 0.9958292603453894)",2,98.9657567857668,17934
"(0.979051756240299, 0.9958292603453894)",1,98.965739545123,17935
"(0.7946380416968652, 0.9958292603453894)",1,98.96539160694846,17936
"(0.9157097551404952, 0.9916585206907788)",1,98.96504155318824,17937
"(0.9833229101521784, 1.0)",1,98.96465774514556,17938
"(0.6042502004811546, 1.0)",1,98.96462606672983,17939
"(0.9126251340467026, 0.9958292603453894)",1,98.96456305784368,17940
"(0.9228120179844318, 0.9958292603453894)",1,98.96429010910803,17941
"(0.837707400507675, 1.0)",1,98.96380735419385,17942
"(1.0, 1.0)",1,98.96378428950317,17943
"(0.8928598364786969, 0.9958292603453894)",1,98.96369417924812,17944
"(0.9833229101521784, 1.0)",1,98.96335146609852,17945
"(0.9198255060602112, 0.9958292603453894)",1,98.96333889223531,17946
"(0.8600291387756281, 0.9958292603453894)",2,98.96300354435724,17948
"(0.7711781618000022, 1.0)",1,98.96295568748462,17949
"(0.8796475392220073, 1.0)",1,98.9628341136354,17950
"(0.9126251340467026, 0.9958292603453894)",1,98.96247596517289,17951
"(0.8347775825943863, 0.9958292603453894)",1,98.9620553996698,17952
"(0.9832925076188832, 0.9958292603453894)",1,98.96202824634672,17953
"(0.9365496267832196, 0.9958292603453894)",1,98.96171314226228,17954
"(0.983545503234046, 1.0)",1,98.96155901757083,17955
"(0.9369808292429718, 0.9958292603453894)",1,98.96154126628102,17956
"(0.9747273037595618, 0.9958292603453894)",1,98.96153276813683,17957
"(0.9958292603453894, 0.9958292603453894)",1,98.96103478903288,17958
"(0.8495378883833893, 0.9958292603453894)",1,98.96096296660124,17959
"(0.9206165335472736, 0.9958292603453894)",2,98.96095900591108,17961
"(0.8635976129582268, 1.0)",1,98.9608705188422,17962
"(0.9161952650324744, 1.0)",1,98.96065316341216,17963
"(0.9791299139401608, 0.9958292603453894)",1,98.96059051393094,17964
"(0.6784722222222224, 1.0)",1,98.96028952538222,17965
"(0.9916585206907788, 0.9958292603453894)",2,98.96020913592712,17967
"(0.9873891625615764, 0.9958292603453894)",1,98.96016047212322,17968
"(0.9750780096985032, 0.9958292603453894)",1,98.96010517386216,17969
"(0.958095238095238, 0.9958292603453894)",1,98.96009663318506,17970
"(0.9584987529902784, 1.0)",1,98.9600826203085,17971
"(0.861111111111111, 1.0)",1,98.96003222642568,17972
"(0.92383799227569, 0.9958292603453894)",1,98.95988100993316,17973
"(0.987463247273494, 0.9958292603453894)",1,98.95980300873885,17974
"(0.987463247273494, 0.9958292603453894)",1,98.95974102870431,17975
"(0.7802197802197803, 1.0)",1,98.959599787186,17976
"(0.4776542240827955, 1.0)",1,98.95949442665528,17977
"(0.9435817855979146, 0.9958292603453894)",1,98.95914373152787,17978
"(0.9916585206907788, 0.9958292603453894)",1,98.95883062676226,17979
"(0.9445235834124724, 1.0)",1,98.95873253589686,17980
"(0.8476190476190477, 1.0)",1,98.95873015873016,17981
"(0.8880984643179766, 1.0)",2,98.95871020409028,17983
"(0.6784722222222224, 1.0)",1,98.9584442742581,17984
"(0.8760238095238095, 0.9916585206907788)",1,98.95812790314396,17985
"(0.8976982097186702, 1.0)",1,98.95788339490386,17986
"(0.8467532467532467, 1.0)",4,98.95786435786437,17990
"(0.4776542240827955, 1.0)",1,98.95777540419392,17991
"(0.8495378883833893, 0.9958292603453894)",1,98.95774130276092,17992
"(0.8880984643179766, 1.0)",2,98.9577407603786,17994
"(0.9832965806068272, 0.9958292603453894)",1,98.95768931205488,17995
"(0.9707136080238548, 0.9958292603453894)",1,98.95766047134158,17996
"(0.8229870141950848, 1.0)",1,98.95762843814084,17997
"(0.9874877810361682, 0.9958292603453894)",1,98.9574964479693,17998
"(0.8431623931623932, 1.0)",1,98.95669471167894,17999
"(0.9331662489557224, 1.0)",1,98.95665797520304,18000
"(0.8703703703703703, 1.0)",1,98.95662634802538,18001
"(0.9832965806068272, 0.9958292603453894)",1,98.9566172555106,18002
"(0.8315474711586087, 0.9958292603453894)",1,98.95648922807452,18003
"(0.9873891625615764, 0.9958292603453894)",1,98.95638424478422,18004
"(0.8867361313822293, 0.9958292603453894)",1,98.9563735302715,18005
"(0.9333044546043194, 0.9958292603453894)",1,98.95627898280564,18006
"(0.9876066164491212, 0.9958292603453894)",2,98.95592552300178,18008
"(0.950297813353496, 0.9958292603453894)",1,98.9557658514009,18009
"(0.9792521035784794, 0.9958292603453894)",1,98.95575543813344,18010
"(0.8796475392220073, 1.0)",1,98.9557048703434,18011
"(0.9791348015256934, 0.9958292603453894)",1,98.95565366857024,18012
"(0.8976982097186702, 1.0)",1,98.95547999432972,18013
"(0.8976982097186702, 1.0)",1,98.95528409554532,18014
"(0.6378166586499919, 1.0)",1,98.95502776175132,18015
"(0.9792406033772258, 0.9958292603453894)",1,98.95452642682385,18016
"(0.9369808292429718, 0.9958292603453894)",1,98.95438153658692,18017
"(0.9873891625615764, 1.0)",1,98.95415065463776,18018
"(0.8796475392220073, 1.0)",1,98.95410641368088,18019
"(0.9583930063253372, 1.0)",1,98.95379691147345,18020
"(0.9669558693467613, 0.9958292603453894)",2,98.95354518074213,18022
"(0.8495378883833893, 0.9958292603453894)",1,98.95331623059349,18023
"(1.0, 1.0)",1,98.95302594880806,18024
"(0.7294281157362763, 1.0)",1,98.95289183729284,18025
"(0.9791299139401608, 0.9958292603453894)",1,98.95270415933516,18026
"(0.9166145507608924, 1.0)",1,98.95235172571034,18027
"(0.9916585206907788, 0.9958292603453894)",1,98.95222711292884,18028
"(0.987491854024112, 0.9958292603453894)",1,98.95216204603187,18029
"(0.9833229101521784, 1.0)",1,98.9518396164926,18030
"(0.8483418730488175, 0.9958292603453894)",1,98.9516951762806,18031
"(0.9280317595086728, 0.9958292603453894)",1,98.9516526284078,18032
"(0.9873891625615764, 1.0)",1,98.9516341639881,18033
"(0.738145558145558, 1.0)",1,98.95143730234388,18034
"(0.9916339869281046, 0.9958292603453894)",1,98.9513957251811,18035
"(0.9009287520039462, 1.0)",1,98.95129757105563,18036
"(0.8717520170461346, 0.9958292603453894)",2,98.95117653011329,18038
"(0.9669558693467613, 0.9958292603453894)",1,98.95114490748624,18039
"(0.8266173510466989, 1.0)",1,98.95112471743867,18040
"(0.9664171122994653, 0.9958292603453894)",1,98.95098420161474,18041
"(0.8796475392220073, 1.0)",1,98.95096174544382,18042
"(0.6747507742934573, 1.0)",1,98.95089980816432,18043
"(0.9182966261114094, 0.9958292603453894)",1,98.95066389880976,18044
"(0.917655049465296, 0.9916585206907788)",1,98.95057740456043,18045
"(0.9873891625615764, 0.9958292603453894)",1,98.95055045196384,18046
"(0.8040695048423352, 1.0)",1,98.95038457437953,18047
"(0.9793747635794354, 0.9958292603453894)",1,98.95024932770004,18048
"(0.9664171122994653, 0.9958292603453894)",1,98.95021991660666,18049
"(0.8928598364786969, 0.9958292603453894)",1,98.95021203380398,18050
"(0.4747763864042934, 1.0)",1,98.95018174331965,18051
"(0.8796475392220073, 1.0)",1,98.95016807983488,18052
"(0.979051756240299, 0.9958292603453894)",1,98.9499228651672,18053
"(0.7042648709315374, 1.0)",1,98.94982689990208,18054
"(0.861111111111111, 1.0)",1,98.94958202716823,18055
"(0.9280459216361852, 0.9916585206907788)",1,98.94955392854004,18056
"(0.9916666666666668, 0.9958292603453894)",1,98.94952910535235,18057
"(0.8586166985951469, 1.0)",2,98.949520837336,18059
"(0.4747763864042934, 1.0)",1,98.9493838206668,18060
"(0.8732774170274171, 1.0)",1,98.94938025399956,18061
"(0.9622634791942192, 0.9958292603453894)",1,98.94930241193248,18062
"(0.978932178932179, 0.9958292603453894)",1,98.94928887981196,18063
"(0.7372334455667788, 1.0)",1,98.94913941759296,18064
"(0.9833040078201368, 0.9958292603453894)",1,98.94912335698072,18065
"(0.808446455505279, 1.0)",1,98.94897995417628,18066
"(0.983545503234046, 1.0)",1,98.94894818013242,18067
"(0.837707400507675, 1.0)",3,98.94881851161878,18070
"(0.9747838672665278, 1.0)",1,98.94877891081951,18071
"(0.9332172991312776, 0.9958292603453894)",1,98.94850942424472,18072
"(0.9833211143695014, 0.9958292603453894)",1,98.94843757723496,18073
"(0.9751539794803552, 0.9958292603453894)",1,98.94841859692846,18074
"(0.9751539794803552, 0.9958292603453894)",1,98.94833448117072,18075
"(0.913942789236907, 0.9916585206907788)",1,98.9482211284244,18076
"(0.9250222656674272, 0.9958292603453894)",1,98.94796368813697,18077
"(0.808446455505279, 1.0)",1,98.94795732068262,18078
"(0.9707802886550516, 0.9958292603453894)",1,98.94789068471012,18079
"(0.8443691323092412, 0.9958292603453894)",1,98.94747730816152,18080
"(0.9445235834124724, 1.0)",1,98.94744336613267,18081
"(0.9958292603453894, 1.0)",1,98.94734812477589,18082
"(1.0, 1.0)",1,98.9473472048334,18083
"(0.958095238095238, 0.9958292603453894)",1,98.947182749299,18084
"(0.9621616286938868, 0.9958292603453894)",1,98.94711341791044,18085
"(0.9279680209218476, 0.9916585206907788)",1,98.94709402500044,18086
"(0.9873891625615764, 1.0)",1,98.94670936793696,18087
"(0.9833229101521784, 1.0)",1,98.94650617336856,18088
"(0.9018806250259218, 1.0)",1,98.94644166798214,18089
"(0.9916585206907788, 0.9958292603453894)",1,98.94636336125286,18090
"(0.9873891625615764, 0.9958292603453894)",1,98.9462363431336,18091
"(0.8717520170461346, 0.9958292603453894)",1,98.94616077642938,18092
"(0.958095238095238, 0.9958292603453894)",1,98.94610032503792,18093
"(1.0, 0.9958292603453894)",1,98.94593707750974,18094
"(0.7198480531813864, 1.0)",1,98.94579124452446,18095
"(0.4776542240827955, 1.0)",1,98.94562930770827,18096
"(0.9669558693467613, 0.9958292603453894)",1,98.94551655484145,18097
"(0.9280317595086728, 0.9958292603453894)",1,98.94533311548594,18098
"(0.9250222656674272, 0.9916585206907788)",1,98.94531166118026,18099
"(0.93795454842108, 0.9916339869281046)",1,98.9452428835204,18100
"(0.9189396095602992, 0.9958292603453894)",1,98.94517492819897,18101
"(0.8600291387756281, 0.9916585206907788)",1,98.94498840008366,18102
"(0.9958292603453894, 0.9958292603453894)",1,98.9449656177952,18103
"(0.9665831244778612, 1.0)",1,98.94467566540624,18104
"(0.93773047895128, 0.9958292603453894)",1,98.94458532968116,18105
"(0.9835199925522506, 0.9958292603453894)",1,98.94430827915156,18106
"(0.8907966222338917, 0.9916585206907788)",1,98.9442939295847,18107
"(0.9280459216361852, 0.9958292603453894)",1,98.94404091562345,18108
"(0.8880984643179766, 1.0)",1,98.94387176248706,18109
"(0.634045584045584, 1.0)",2,98.9438350615488,18111
"(0.8880984643179766, 1.0)",1,98.94362847453613,18112
"(0.9835199925522506, 0.9958292603453894)",1,98.94351448462398,18113
"(0.9018806250259218, 1.0)",1,98.94324240913554,18114
"(0.829257487152224, 1.0)",1,98.9427209706846,18115
"(0.958227107069612, 0.9958292603453894)",1,98.942631514588,18116
"(0.8848000715856217, 1.0)",1,98.94207128711176,18117
"(0.8483418730488175, 0.9916585206907788)",1,98.94183354679448,18118
"(0.7340930674264006, 1.0)",2,98.9416831826252,18120
"(0.8365328658269835, 0.9958292603453894)",1,98.94161388825052,18121
"(1.0, 0.9958292603453894)",1,98.94153390638049,18122
"(0.5935341164785914, 0.9992416608232524)",1,98.94148822782124,18123
"(0.9744745723240348, 0.9958292603453894)",1,98.9410863129877,18124
"(0.8420013166556946, 1.0)",1,98.94092243197024,18125
"(0.6179693015417549, 1.0)",1,98.94071416076318,18126
"(0.9707136080238548, 0.9958292603453894)",1,98.9406961600162,18127
"(0.9832965806068272, 0.9958292603453894)",1,98.9403144834799,18128
"(0.9580331374974232, 1.0)",1,98.94022296267964,18129
"(0.9622634791942192, 0.9958292603453894)",1,98.94001466771162,18130
"(0.8315474711586087, 0.9958292603453894)",1,98.939974718852,18131
"(0.9442283950617284, 1.0)",1,98.9399684111966,18132
"(0.8276889808079367, 0.9958292603453894)",1,98.9396443398605,18133
"(0.6907243513029603, 1.0)",1,98.9392643969157,18134
"(0.987463247273494, 0.9958292603453894)",1,98.93902584125225,18135
"(0.9161952650324744, 1.0)",1,98.9388352883197,18136
"(0.9, 1.0)",1,98.93882760961016,18137
"(0.4776542240827955, 1.0)",2,98.93862175612703,18139
"(0.987463247273494, 0.9958292603453894)",1,98.93857598476502,18140
"(0.9916585206907788, 0.9958292603453894)",1,98.93855209656964,18141
"(0.902012682657844, 0.9958292603453894)",2,98.93821434534163,18143
"(0.9833211143695014, 1.0)",1,98.938144566121,18144
"(0.8315474711586087, 0.9916585206907788)",1,98.93746375577535,18145
"(0.9293300445873568, 0.9916339869281046)",2,98.9373254424094,18147
"(0.9582210352371644, 0.9958292603453894)",1,98.93729197703252,18148
"(0.8495378883833893, 0.9958292603453894)",1,98.93729008834474,18149
"(0.7687400318979267, 1.0)",1,98.93702329238936,18150
"(0.987491854024112, 1.0)",1,98.93685159005491,18151
"(0.9384174012481092, 0.9958292603453894)",1,98.93660335437288,18152
"(0.8976982097186702, 1.0)",1,98.9358927865271,18153
"(0.9789546069211384, 0.9958292603453894)",1,98.93575679903653,18154
"(0.9874762808349148, 0.9958292603453894)",1,98.93573835215108,18155
"(0.9280317595086728, 0.9916585206907788)",1,98.93567048837298,18156
"(0.9198255060602112, 0.9916585206907788)",1,98.93540826109366,18157
"(0.8443691323092412, 0.9958292603453894)",1,98.9351738857036,18158
"(0.9280317595086728, 0.9958292603453894)",1,98.93515268418004,18159
"(0.861111111111111, 1.0)",1,98.93514495595387,18160
"(0.8193928901539049, 1.0)",1,98.9351421540363,18161
"(0.8310777799491891, 1.0)",1,98.93502795336008,18162
"(0.8128971639097002, 1.0)",1,98.93496953413909,18163
"(0.9792406033772258, 0.9958292603453894)",1,98.93487121498556,18164
"(0.4039045743444857, 1.0)",1,98.93441654147448,18165
"(0.949977467563772, 0.9958292603453894)",2,98.93434717244644,18167
"(0.5070372093557577, 1.0)",1,98.93415359011594,18168
"(0.9622634791942192, 0.9958292603453894)",1,98.93407388276164,18169
"(0.8315474711586087, 0.9916585206907788)",1,98.93396826666822,18170
"(0.8431623931623932, 1.0)",1,98.9339619082338,18171
"(0.8976982097186702, 1.0)",1,98.93387674359306,18172
"(0.8867361313822293, 0.9958292603453894)",1,98.9338659947878,18173
"(0.9206165335472736, 0.9958292603453894)",1,98.93342293181104,18174
"(0.9326599326599326, 1.0)",1,98.93338383478935,18175
"(0.861111111111111, 1.0)",1,98.93293445758884,18176
"(0.9454999712494968, 0.9958292603453894)",1,98.93289688991352,18177
"(0.9198255060602112, 0.9958292603453894)",1,98.93269041376853,18178
"(0.8294970161977834, 1.0)",1,98.9326094439646,18179
"(0.8928598364786969, 0.9958292603453894)",1,98.9325804551377,18180
"(0.9018806250259218, 1.0)",2,98.9325726700906,18182
"(0.9164652836623464, 1.0)",1,98.9324425425474,18183
"(0.837707400507675, 1.0)",1,98.93214142177096,18184
"(0.9746535316523212, 0.9958292603453894)",1,98.9314870453482,18185
"(0.9546499948224086, 0.9958292603453894)",1,98.93132499383094,18186
"(0.5070372093557577, 1.0)",1,98.93130253195696,18187
"(0.9131856219190184, 0.9916585206907788)",1,98.93121020132835,18188
"(0.9206165335472736, 0.9958292603453894)",1,98.93113050349808,18189
"(0.9832184229069656, 0.9958292603453894)",1,98.93110257243654,18190
"(0.6784722222222224, 1.0)",1,98.93108324104034,18191
"(0.8471527473990528, 1.0)",2,98.930794782431,18193
"(0.6886904761904762, 1.0)",1,98.93070454981492,18194
"(0.8347775825943863, 0.9958292603453894)",2,98.93058383281414,18196
"(0.9369138996969484, 0.9958292603453894)",1,98.9305257844856,18197
"(0.9720813204508856, 1.0)",1,98.93042852305176,18198
"(1.0, 0.9958292603453894)",1,98.9302398169894,18199
"(0.9295946890286512, 1.0)",1,98.92995438543632,18200
"(0.949977467563772, 0.9958292603453894)",1,98.9297542508293,18201
"(0.9669558693467613, 0.9958292603453894)",1,98.92909891120058,18202
"(0.9707136080238548, 0.9958292603453894)",1,98.92898498520324,18203
"(0.9182966261114094, 0.9958292603453894)",2,98.9286145569024,18205
"(0.8420013166556946, 1.0)",1,98.92840010933632,18206
"(0.9326599326599326, 1.0)",1,98.9280811780812,18207
"(0.9368376974614298, 0.9958292603453894)",1,98.92807869209258,18208
"(0.8533622685185187, 1.0)",1,98.92801201270332,18209
"(1.0, 1.0)",1,98.927793396809,18210
"(0.6215073982652175, 1.0)",1,98.92765212682,18211
"(0.7083333333333334, 1.0)",1,98.9275429735956,18212
"(0.6378166586499919, 1.0)",1,98.92715027699384,18213
"(0.9250222656674272, 0.9958292603453894)",1,98.92686887074488,18214
"(0.957630187612848, 0.9916339869281046)",1,98.92684873677614,18215
"(0.9873444118605408, 0.9958292603453894)",1,98.92674266828728,18216
"(0.9131856219190184, 0.9958292603453894)",1,98.92650330658512,18217
"(0.9958292603453894, 0.9958292603453894)",1,98.92648443656168,18218
"(0.8885714285714285, 1.0)",1,98.92639502921344,18219
"(0.902012682657844, 0.9958292603453894)",1,98.9263252666252,18220
"(0.4747763864042934, 1.0)",1,98.926216670532,18221
"(0.9833211143695014, 0.9958292603453894)",1,98.92613013838792,18222
"(0.9714797495442656, 0.9958292603453894)",1,98.926077145688,18223
"(0.73687720936437, 1.0)",1,98.92601233291671,18224
"(0.9916585206907788, 0.9958292603453894)",1,98.9258965084302,18225
"(0.8315474711586087, 0.9958292603453894)",1,98.92581261064328,18226
"(0.9665755481078062, 1.0)",1,98.92533012020914,18227
"(0.8976982097186702, 1.0)",1,98.92530956257436,18228
"(0.9874762808349148, 0.9958292603453894)",1,98.92527433246072,18229
"(0.9748524098350704, 0.9958292603453894)",1,98.92511207617656,18230
"(0.9582389563841176, 0.9958292603453894)",1,98.9250799626087,18231
"(0.8467532467532467, 1.0)",1,98.92476690676858,18232
"(0.8907966222338917, 0.9958292603453894)",1,98.9245657304848,18233
"(0.8929015655249481, 0.9958292603453894)",2,98.9244565034438,18235
"(0.9665755481078062, 1.0)",1,98.92423628227743,18236
"(0.5540293040293041, 1.0)",3,98.9241907483089,18239
"(0.9369138996969484, 0.9916585206907788)",1,98.9240473817798,18240
"(0.9025186657697726, 0.9958292603453894)",1,98.92391875213796,18241
"(0.974833726256876, 0.9958292603453894)",1,98.92376870103628,18242
"(0.9303715638302106, 1.0)",1,98.92358786555214,18243
"(0.837707400507675, 1.0)",1,98.92341421585483,18244
"(0.9333044546043194, 0.9958292603453894)",1,98.92335891469703,18245
"(0.9747273037595618, 0.9958292603453894)",1,98.92323067732194,18246
"(0.958095238095238, 0.9958292603453894)",1,98.92312427744666,18247
"(0.9384174012481092, 0.9958292603453894)",1,98.92299257632028,18248
"(0.917469251615593, 1.0)",1,98.92278695729674,18249
"(0.9832965806068272, 0.9958292603453894)",1,98.9226755252567,18250
"(0.958227107069612, 0.9958292603453894)",1,98.92265821619048,18251
"(0.9747273037595618, 0.9958292603453894)",1,98.92248297202973,18252
"(0.8165509259259259, 1.0)",1,98.9224825525983,18253
"(0.9623066688389268, 0.9958292603453894)",1,98.92244661637822,18254
"(0.7946380416968652, 0.9958292603453894)",1,98.92243943612864,18255
"(0.9791258409522168, 0.9958292603453894)",1,98.92215766773192,18256
"(0.9034438470728792, 0.9916585206907788)",1,98.92201326233008,18257
"(0.9583930063253372, 1.0)",1,98.92185368549094,18258
"(0.8976982097186702, 1.0)",1,98.92183565766304,18259
"(0.9916666666666668, 0.9958292603453894)",1,98.92174463661388,18260
"(0.9792521035784794, 0.9958292603453894)",1,98.92152279945984,18261
"(0.8222222222222222, 1.0)",1,98.92114333753678,18262
"(0.8443691323092412, 0.9958292603453894)",1,98.9210368461309,18263
"(0.9280459216361852, 0.9958292603453894)",1,98.92091055333832,18264
"(0.9034438470728792, 0.9958292603453894)",1,98.92080471535624,18265
"(0.958227107069612, 0.9958292603453894)",1,98.92072490265711,18266
"(0.983545503234046, 0.9958292603453894)",1,98.92028273154786,18267
"(0.8471527473990528, 1.0)",1,98.91982624022074,18268
"(0.8365328658269835, 0.9958292603453894)",1,98.9198173202111,18269
"(0.9280459216361852, 0.9916585206907788)",1,98.91966872640944,18270
"(0.8796475392220073, 1.0)",1,98.91934063699,18271
"(0.9034438470728792, 0.9958292603453894)",1,98.91931498547898,18272
"(0.9748524098350704, 0.9958292603453894)",1,98.91895520775768,18273
"(0.9182966261114094, 0.9958292603453894)",1,98.91888204240963,18274
"(0.903667392883079, 1.0)",2,98.9188095002385,18276
"(1.0, 1.0)",1,98.91875626676187,18277
"(0.9748524098350704, 0.9958292603453894)",1,98.91844395221568,18278
"(0.9958292603453894, 0.9958292603453894)",1,98.91799958807682,18279
"(0.7513013302486987, 1.0)",1,98.91791941632334,18280
"(0.9876066164491212, 0.9958292603453894)",1,98.91779885589712,18281
"(0.4747763864042934, 1.0)",1,98.91776801336928,18282
"(0.9748850895736324, 0.9958292603453894)",1,98.91764378439277,18283
"(0.9666562434855118, 1.0)",1,98.91758142194465,18284
"(0.9504245882013664, 0.9958292603453894)",1,98.91751095417972,18285
"(0.7000013129045387, 1.0)",1,98.91725756915186,18286
"(0.9791299139401608, 0.9958292603453894)",1,98.91721831027844,18287
"(0.9749706744868036, 0.9958292603453894)",1,98.91720774507056,18288
"(0.947552083649559, 0.9958292603453894)",1,98.91714444471594,18289
"(0.9874877810361682, 0.9958292603453894)",1,98.9170896748743,18290
"(0.8471527473990528, 1.0)",1,98.91692578453946,18291
"(0.6784722222222224, 1.0)",1,98.91688740835254,18292
"(0.8552744708994707, 1.0)",1,98.91662975513744,18293
"(0.738145558145558, 1.0)",1,98.91658413345914,18294
"(0.8040695048423352, 1.0)",1,98.9165829403421,18295
"(0.979055829228243, 0.9916666666666668)",1,98.91643234013632,18296
"(0.8468951683237397, 1.0)",1,98.91632176187316,18297
"(0.4943189964157706, 1.0)",1,98.9162948911944,18298
"(0.9832184229069656, 0.9958292603453894)",1,98.91617875476948,18299
"(0.9580331374974232, 1.0)",1,98.91616196497834,18300
"(0.979055829228243, 0.9958292603453894)",1,98.91573509301396,18301
"(0.8760238095238095, 0.9958292603453894)",1,98.9154470044569,18302
"(0.9832401090007582, 0.9958292603453894)",2,98.91543756359152,18304
"(0.9157097551404952, 0.9958292603453894)",1,98.91515727822204,18305
"(0.9674564520532262, 0.9958292603453894)",1,98.91479268113582,18306
"(0.7647742788871822, 1.0)",1,98.91475125538857,18307
"(0.9297812306740878, 1.0)",1,98.9145900129939,18308
"(0.9873891625615764, 1.0)",1,98.91443205219066,18309
"(0.7294281157362763, 1.0)",1,98.914425185911,18310
"(0.7294281157362763, 1.0)",1,98.91438220586278,18311
"(0.9250222656674272, 0.9916585206907788)",1,98.91406649431674,18312
"(0.9876221896383188, 0.9958292603453894)",2,98.9138815469972,18314
"(0.9293300445873568, 0.9916339869281046)",1,98.9138553130744,18315
"(0.8229870141950848, 1.0)",1,98.91339153152694,18316
"(0.6544644252235129, 1.0)",1,98.91301278213976,18317
"(0.987463247273494, 0.9958292603453894)",1,98.91256831455988,18318
"(0.8885714285714285, 1.0)",1,98.91252603132187,18319
"(0.9833229101521784, 1.0)",1,98.91214289906767,18320
"(0.8867361313822293, 0.9916585206907788)",1,98.91208902161968,18321
"(0.9412964149491664, 0.9958292603453894)",1,98.91178253640484,18322
"(0.9835199925522506, 0.9958292603453894)",1,98.9116102552898,18323
"(0.9300671002153482, 1.0)",1,98.91155852399808,18324
"(0.9295946890286512, 1.0)",1,98.911315815926,18325
"(0.7475497813384121, 1.0)",1,98.91126225016627,18326
"(0.9445235834124724, 1.0)",1,98.91099104725949,18327
"(0.9707136080238548, 0.9958292603453894)",1,98.9109090290922,18328
"(0.9832401090007582, 0.9958292603453894)",1,98.9105936098727,18329
"(0.8347775825943863, 0.9958292603453894)",1,98.91056418387566,18330
"(0.9165164082221422, 1.0)",1,98.91033352937598,18331
"(0.8494167439328729, 0.9958292603453894)",1,98.9100820062646,18332
"(0.4776542240827955, 1.0)",1,98.91004273198251,18333
"(0.4747763864042934, 1.0)",1,98.90999295941025,18334
"(0.979166518665308, 1.0)",1,98.90994022746212,18335
"(0.4039045743444857, 1.0)",1,98.90977291185872,18336
"(0.8495378883833893, 0.9958292603453894)",1,98.90964657877004,18337
"(0.9172792561601744, 0.9958292603453894)",1,98.90949634821006,18338
"(0.81893131227901, 1.0)",1,98.90947517763692,18339
"(0.8420013166556946, 1.0)",1,98.909439898987,18340
"(0.8177442148030384, 1.0)",1,98.90932535762128,18341
"(0.8600291387756281, 0.9958292603453894)",1,98.90927111588616,18342
"(0.861111111111111, 1.0)",1,98.90924809523167,18343
"(0.9131856219190184, 0.9958292603453894)",1,98.90919660761928,18344
"(0.738145558145558, 1.0)",1,98.90904779872643,18345
"(0.9916585206907788, 0.9958292603453894)",1,98.90888580502448,18346
"(0.9583930063253372, 1.0)",1,98.90876709706154,18347
"(0.8976982097186702, 1.0)",1,98.9087114669474,18348
"(0.9832401090007582, 0.9958292603453894)",1,98.90867457185033,18349
"(0.9274252484800152, 0.9958292603453894)",1,98.90830925800576,18350
"(0.9830687830687832, 0.9958292603453894)",1,98.90803072429354,18351
"(0.9279680209218476, 0.9958292603453894)",1,98.90767380846624,18352
"(0.8471527473990528, 1.0)",1,98.90727572860806,18353
"(0.9365496267832196, 0.9958292603453894)",1,98.90718716990166,18354
"(0.979055829228243, 0.9958292603453894)",1,98.90712398190286,18355
"(0.9228120179844318, 0.9916339869281046)",1,98.90709940527924,18356
"(0.5131569832583307, 1.0)",1,98.90701875068378,18357
"(0.9295946890286512, 1.0)",1,98.90698802233156,18358
"(0.9833040078201368, 0.9958292603453894)",1,98.90695564306088,18359
"(0.9750943974852894, 0.9958292603453894)",1,98.90686475799608,18360
"(0.9674564520532262, 0.9958292603453894)",1,98.90656392433496,18361
"(0.9057330122004186, 0.991206314397104)",3,98.90634304271262,18364
"(0.9435817855979146, 0.9958292603453894)",1,98.9062909905518,18365
"(0.9199973910846122, 0.9916339869281046)",1,98.90624674649727,18366
"(0.8880984643179766, 1.0)",1,98.90590776952124,18367
"(0.9243707071934514, 0.9916339869281046)",1,98.905822982465,18368
"(0.6544644252235129, 1.0)",1,98.9056577710326,18369
"(0.9128978937629072, 0.9958292603453894)",1,98.90510337678936,18370
"(0.8942622047218923, 0.9916339869281046)",1,98.905088426122,18371
"(0.8347775825943863, 0.9916585206907788)",1,98.90504559378792,18372
"(0.903667392883079, 1.0)",1,98.90494050234692,18373
"(0.987463247273494, 0.9958292603453894)",1,98.9046695071054,18374
"(0.9833229101521784, 1.0)",1,98.90446624768896,18375
"(0.9871616776282092, 0.9958292603453894)",2,98.90414581259463,18377
"(0.7250237826596757, 1.0)",1,98.90397080168972,18378
"(0.9658159033159032, 0.9958292603453894)",1,98.9038922504069,18379
"(0.4776542240827955, 1.0)",1,98.90373602577104,18380
"(0.9497171590194848, 1.0)",1,98.90360818129,18381
"(0.8928598364786969, 0.9958292603453894)",1,98.9032950704003,18382
"(0.9153439153439152, 1.0)",1,98.90313734257396,18383
"(0.8471527473990528, 1.0)",1,98.90292604556814,18384
"(0.8420013166556946, 1.0)",1,98.90286053540964,18385
"(0.9750943974852894, 0.9958292603453894)",1,98.90284146050504,18386
"(0.8431623931623932, 1.0)",1,98.90270258130352,18387
"(0.837707400507675, 1.0)",1,98.90269191147038,18388
"(0.8158879904162925, 1.0)",1,98.90234499206126,18389
"(0.9669795885118464, 0.9958292603453894)",1,98.90220462636282,18390
"(0.8399588504703595, 0.9958292603453894)",1,98.902091990117,18391
"(0.9791348015256934, 0.9958292603453894)",1,98.90200921304674,18392
"(0.7994987468671678, 1.0)",1,98.90191886415217,18393
"(0.9384174012481092, 0.9916666666666668)",1,98.9014978222718,18394
"(0.949977467563772, 0.9958292603453894)",1,98.90137898803684,18395
"(0.987463247273494, 0.9958292603453894)",1,98.9013419854132,18396
"(0.9580331374974232, 1.0)",1,98.9012194331044,18397
"(0.6544644252235129, 1.0)",1,98.90119031723948,18398
"(0.9791258409522168, 0.9958292603453894)",1,98.90080997417115,18399
"(0.9792521035784794, 0.9958292603453894)",1,98.90076340283706,18400
"(0.8579868984630887, 1.0)",1,98.90071634767844,18401
"(0.8760238095238095, 0.9958292603453894)",1,98.90063429814444,18402
"(0.9833229101521784, 1.0)",1,98.90053710950806,18403
"(0.6962461114805364, 0.9981012669018314)",2,98.90048059176912,18405
"(0.9582389563841176, 0.9958292603453894)",1,98.900416645679,18406
"(0.8600291387756281, 0.9958292603453894)",1,98.9004007754242,18407
"(0.9916339869281046, 0.9958292603453894)",1,98.90035021981925,18408
"(0.9384174012481092, 0.9916585206907788)",1,98.90014465327884,18409
"(0.9295946890286512, 1.0)",1,98.90006312534348,18410
"(0.8907966222338917, 0.9958292603453894)",1,98.89990953793708,18411
"(0.902012682657844, 0.9916585206907788)",1,98.89989151763176,18412
"(0.8717520170461346, 0.9958292603453894)",1,98.89989018081508,18413
"(0.8229870141950848, 1.0)",1,98.89977820860682,18414
"(0.6907243513029603, 1.0)",1,98.8995717941783,18415
"(0.9268079211169572, 0.9958292603453894)",1,98.89953185449691,18416
"(0.9751539794803552, 0.9958292603453894)",1,98.89948945622196,18417
"(0.8857958672840706, 0.9958292603453894)",1,98.89941749161704,18418
"(1.0, 1.0)",1,98.89920584210287,18419
"(0.9125533644430458, 0.9958292603453894)",1,98.89916490917784,18420
"(0.6544644252235129, 1.0)",1,98.89912718674098,18421
"(0.9126251340467026, 0.9958292603453894)",2,98.89864183714738,18423
"(0.8483418730488175, 0.9958292603453894)",1,98.89854455385957,18424
"(0.9833229101521784, 1.0)",1,98.89849283813282,18425
"(0.9832401090007582, 0.9958292603453894)",1,98.89814097290396,18426
"(0.9182966261114094, 0.9958292603453894)",1,98.89798685567484,18427
"(0.6784722222222224, 1.0)",1,98.89722985679468,18428
"(0.9874762808349148, 0.9958292603453894)",1,98.8968053575112,18429
"(0.6804620726495727, 1.0)",1,98.89667703758477,18430
"(0.9618291283060416, 0.9958292603453894)",1,98.89623958303238,18431
"(0.9498370804822418, 0.9916339869281046)",1,98.89615294570687,18432
"(0.5131569832583307, 1.0)",1,98.89577250710218,18433
"(0.9672281917443208, 0.9958292603453894)",1,98.8956454213844,18434
"(0.6784722222222224, 1.0)",1,98.89555680121656,18435
"(0.8329156223893065, 1.0)",1,98.89531782534134,18436
"(0.9583930063253372, 1.0)",1,98.89522766351682,18437
"(0.9280459216361852, 0.9958292603453894)",1,98.89484336666683,18438
"(0.6575398846941737, 1.0)",1,98.89452987343722,18439
"(0.9384174012481092, 0.9916585206907788)",1,98.89355679540994,18440
"(0.971023600055858, 0.9958292603453894)",1,98.89350705820144,18441
"(0.8471527473990528, 1.0)",1,98.893447199949,18442
"(0.8900605062175889, 0.9958292603453894)",1,98.8929491885595,18443
"(0.944073617452092, 1.0)",1,98.89273796233014,18444
"(0.9206165335472736, 0.9958292603453894)",1,98.89253318055526,18445
"(0.9008627640703112, 1.0)",1,98.89231301664384,18446
"(0.4747763864042934, 1.0)",1,98.89218916666393,18447
"(0.5665422026431718, 1.0)",1,98.89218005082614,18448
"(0.94291309888229, 0.991206314397104)",1,98.89214889123816,18449
"(0.8266173510466989, 1.0)",1,98.89203574098973,18450
"(0.9665831244778612, 1.0)",1,98.8920032927358,18451
"(0.947552083649559, 0.9958292603453894)",1,98.89195679859358,18452
"(0.8165509259259259, 1.0)",1,98.89184722612964,18453
"(0.7713401051412279, 1.0)",1,98.8915014318748,18454
"(0.9034438470728792, 0.9916666666666668)",1,98.89126591667122,18455
"(0.8867361313822293, 0.9958292603453894)",1,98.89109554958158,18456
"(0.987491854024112, 0.9958292603453894)",1,98.89080305645255,18457
"(0.9793622864590606, 0.9958292603453894)",1,98.89075888283682,18458
"(0.902012682657844, 0.9958292603453894)",1,98.89051151045206,18459
"(0.8762860082304527, 1.0)",2,98.89049496071485,18461
"(0.944563492063492, 1.0)",1,98.89032986674778,18462
"(0.6378166586499919, 1.0)",1,98.89010436460616,18463
"(0.8468089381754635, 1.0)",1,98.8900625705394,18464
"(0.970619176311776, 0.9958292603453894)",1,98.8897993121458,18465
"(0.9669795885118464, 0.9958292603453894)",1,98.88969240739898,18466
"(0.8468089381754635, 1.0)",1,98.8895685882622,18467
"(0.949977467563772, 0.9958292603453894)",1,98.88933309719728,18468
"(0.7119388248146047, 1.0)",1,98.88932441846217,18469
"(0.7979797979797979, 1.0)",1,98.8890257218876,18470
"(0.902012682657844, 0.9916585206907788)",1,98.88862668666972,18471
"(0.9490213526488036, 0.9958292603453894)",1,98.88858915370064,18472
"(0.4943189964157706, 1.0)",1,98.88847332224628,18473
"(0.8796475392220073, 1.0)",1,98.88839601451129,18474
"(0.7416325017951034, 1.0)",1,98.88836887036014,18475
"(0.8016677935542034, 1.0)",1,98.8882788836296,18476
"(0.7632275132275131, 1.0)",1,98.88807442525189,18477
"(0.9297812306740878, 1.0)",1,98.88806145340652,18478
"(0.7278086237149632, 1.0)",1,98.88804079216273,18479
"(0.7372334455667788, 1.0)",1,98.8876126766911,18480
"(0.9792773561037318, 1.0)",1,98.88717802268084,18481
"(0.9133907842517408, 0.9958292603453894)",1,98.8871464504041,18482
"(0.8158879904162925, 1.0)",1,98.88692561494054,18483
"(0.7371074312749817, 1.0)",6,98.88677300122085,18489
"(0.9833040078201368, 0.9958292603453894)",1,98.88643649698258,18490
"(0.9876221896383188, 0.9958292603453894)",1,98.88618063306411,18491
"(0.9748076591340348, 1.0)",1,98.88612699426196,18492
"(0.9958292603453894, 0.9958292603453894)",1,98.88609375300956,18493
"(0.9750943974852894, 0.9958292603453894)",1,98.88577561672136,18494
"(0.9874762808349148, 0.9958292603453894)",1,98.88570915779395,18495
"(0.9280459216361852, 0.9958292603453894)",2,98.8855276473002,18497
"(0.8495378883833893, 0.9958292603453894)",1,98.8853726209706,18498
"(0.9746535316523212, 0.9958292603453894)",1,98.88521313807318,18499
"(0.9833211143695014, 0.9958292603453894)",2,98.88518523884905,18501
"(0.9126251340467026, 0.9958292603453894)",1,98.88502775483134,18502
"(0.8885714285714285, 1.0)",1,98.88478761051746,18503
"(0.9791102677630192, 0.9958292603453894)",1,98.88461559027704,18504
"(0.9228120179844318, 0.9916339869281046)",1,98.88447121566377,18505
"(0.9157169990503324, 1.0)",1,98.88442586524428,18506
"(0.8443691323092412, 0.9958292603453894)",1,98.88440478593614,18507
"(0.7083333333333334, 1.0)",1,98.88436098401536,18508
"(0.9452448267044004, 0.9958292603453894)",1,98.88381592861931,18509
"(0.9169719169719168, 1.0)",1,98.88376758513968,18510
"(0.920238255356524, 0.987463247273494)",1,98.88370913860328,18511
"(0.9669558693467613, 0.9958292603453894)",1,98.88346404538008,18512
"(0.4776542240827955, 1.0)",1,98.8831887533764,18513
"(0.9793622864590606, 0.9958292603453894)",1,98.88300750760445,18514
"(0.8885714285714285, 1.0)",1,98.88277165061646,18515
"(0.8222222222222222, 1.0)",2,98.8824074074074,18517
"(0.979055829228243, 0.9958292603453894)",1,98.88191367279212,18518
"(0.7294281157362763, 1.0)",2,98.88186517613764,18520
"(0.9832965806068272, 0.9916666666666668)",1,98.88178458769386,18521
"(0.9497171590194846, 1.0)",1,98.88171417434984,18522
"(0.9126251340467026, 0.9916585206907788)",1,98.88135755004228,18523
"(0.93773047895128, 0.9916585206907788)",1,98.88128324443,18524
"(0.93773047895128, 0.9916585206907788)",1,98.88113862380088,18525
"(0.9034438470728792, 0.9916585206907788)",2,98.88091655992594,18527
"(0.9490213526488036, 0.9916585206907788)",1,98.88087445195114,18528
"(0.8495378883833893, 0.9958292603453894)",1,98.88066467653746,18529
"(0.8970129352925051, 0.9916339869281046)",1,98.88015999913856,18530
"(0.6591395909303083, 0.9996210215628012)",1,98.87966031923976,18531
"(0.9916339869281046, 0.9958292603453894)",2,98.8793671725619,18533
"(0.8128971639097002, 1.0)",1,98.87920160923332,18534
"(0.7802197802197803, 1.0)",1,98.87914089553432,18535
"(0.8633762288330498, 1.0)",1,98.87900778740732,18536
"(0.7513013302486987, 1.0)",1,98.87841362149032,18537
"(0.8420013166556946, 1.0)",1,98.8783760013641,18538
"(0.94291309888229, 0.991206314397104)",1,98.87834967666114,18539
"(0.9916585206907788, 0.9958292603453894)",1,98.87829797058046,18540
"(0.8908679049871878, 0.9958292603453894)",1,98.87801165258938,18541
"(0.97495917428555, 0.9958292603453894)",1,98.8779890276845,18542
"(0.6544644252235129, 1.0)",1,98.87793951706436,18543
"(0.8762860082304527, 1.0)",1,98.8777488664115,18544
"(0.8848000715856217, 1.0)",1,98.87771964962047,18545
"(0.9490213526488036, 0.9958292603453894)",1,98.87770258569032,18546
"(0.9496114574862204, 0.9916339869281046)",1,98.87760469860405,18547
"(0.7713401051412279, 1.0)",1,98.87758249129698,18548
"(0.9280317595086728, 0.9958292603453894)",1,98.87757543432087,18549
"(0.9874762808349148, 0.9958292603453894)",1,98.8774826227369,18550
"(0.9665831244778612, 1.0)",1,98.87731745725756,18551
"(0.9377148530109056, 0.991206314397104)",1,98.87660997883162,18552
"(0.9326599326599326, 1.0)",1,98.87651653936932,18553
"(0.6636745887678723, 1.0)",1,98.8763886298811,18554
"(0.8483418730488175, 0.9958292603453894)",1,98.87633877985094,18555
"(0.9958292603453894, 0.9958292603453894)",1,98.8763192994478,18556
"(0.7323849002849002, 0.9988619159967322)",1,98.87629484567807,18557
"(0.8907966222338917, 0.9958292603453894)",1,98.87616852263452,18558
"(0.8016677935542034, 1.0)",1,98.87612666801309,18559
"(0.972281746031746, 1.0)",1,98.87611249516696,18560
"(0.6747507742934573, 1.0)",1,98.87607818670956,18561
"(1.0, 1.0)",1,98.87570013063788,18562
"(0.9873444118605408, 0.9958292603453894)",1,98.87562376895382,18563
"(0.4776877676981033, 1.0)",3,98.87551735447686,18566
"(0.9749706744868036, 0.9958292603453894)",1,98.87537674649838,18567
"(0.7965746171391332, 1.0)",1,98.8752758098901,18568
"(0.9268079211169572, 0.9958292603453894)",1,98.87516645859225,18569
"(0.5981266189834885, 0.9992416608232524)",1,98.87487099389276,18570
"(0.8586166985951469, 1.0)",1,98.874760056472,18571
"(0.8158879904162925, 1.0)",1,98.87419049409472,18572
"(0.9365496267832196, 0.9958292603453894)",1,98.87417472759964,18573
"(0.6877902557095289, 0.9992416608232524)",1,98.87411319559864,18574
"(0.7294281157362763, 1.0)",1,98.8738079359602,18575
"(0.970619176311776, 0.9958292603453894)",1,98.87340666308428,18576
"(0.8958208965097509, 0.9916585206907788)",1,98.87322596062168,18577
"(0.9873444118605408, 0.9958292603453894)",1,98.87303529971808,18578
"(0.9182966261114094, 0.9958292603453894)",1,98.87298912070295,18579
"(0.944563492063492, 1.0)",1,98.8729889647402,18580
"(0.9580331374974232, 1.0)",1,98.87298267960446,18581
"(0.9008627640703112, 1.0)",1,98.87281570254798,18582
"(0.8099445157447847, 0.9996210215628012)",1,98.8726811032589,18583
"(0.8193928901539049, 1.0)",1,98.87266343649586,18584
"(0.8586166985951469, 1.0)",1,98.87250016172388,18585
"(0.9157097551404952, 0.9916585206907788)",1,98.87244893356944,18586
"(0.7647742788871822, 1.0)",1,98.87224640821228,18587
"(0.9295946890286512, 1.0)",1,98.87215455948636,18588
"(0.9250222656674272, 0.9916585206907788)",1,98.87213020415976,18589
"(0.8158879904162925, 1.0)",1,98.87192165143584,18590
"(0.9, 1.0)",1,98.8717301853628,18591
"(0.9504245882013664, 0.9958292603453894)",1,98.87169660437915,18592
"(0.9720813204508856, 1.0)",1,98.87156015242644,18593
"(0.9126251340467026, 0.9916585206907788)",1,98.8713809210601,18594
"(0.6872735507246376, 1.0)",3,98.87132770989284,18597
"(0.8443691323092412, 0.9958292603453894)",1,98.87121349989982,18598
"(0.94291309888229, 0.991206314397104)",1,98.8709903641628,18599
"(0.8885714285714285, 1.0)",1,98.8709186126259,18600
"(0.94291309888229, 0.991206314397104)",1,98.87026911132376,18601
"(0.94291309888229, 0.991206314397104)",1,98.8702021614222,18602
"(0.9041196741854636, 0.991206314397104)",1,98.87014874649168,18603
"(0.94291309888229, 0.991206314397104)",1,98.87013056809607,18604
"(0.9833040078201368, 0.9958292603453894)",1,98.86979553863353,18605
"(0.8633762288330498, 1.0)",1,98.86974790919602,18606
"(0.7000013129045387, 1.0)",1,98.8694785984356,18607
"(0.7470459434759006, 0.9996210215628012)",1,98.86945242061586,18608
"(0.9035493827160492, 0.9958292603453894)",1,98.8690758935435,18609
"(0.8040695048423352, 1.0)",1,98.86901253672134,18610
"(0.8483418730488175, 0.9958292603453894)",1,98.86877553739578,18611
"(0.902012682657844, 0.9916666666666668)",1,98.86862567626623,18612
"(0.9057330122004186, 0.991206314397104)",1,98.8685587095208,18613
"(0.8796475392220073, 1.0)",1,98.86854171387576,18614
"(1.0, 1.0)",1,98.86832679515608,18615
"(0.7060994560994561, 1.0)",1,98.8677817360516,18616
"(0.9714797495442656, 0.9958292603453894)",1,98.8677097869748,18617
"(0.7903875985986362, 1.0)",1,98.86745551824778,18618
"(0.917655049465296, 0.9958292603453894)",1,98.8674449959184,18619
"(0.8329050741331443, 1.0)",1,98.867401244837,18620
"(0.7371074312749817, 1.0)",1,98.86732451073117,18621
"(0.8996392387758612, 0.9958292603453894)",1,98.86730214819818,18622
"(0.4747763864042934, 1.0)",1,98.86714833098225,18623
"(0.9384174012481092, 0.9958292603453894)",1,98.86655462304654,18624
"(0.8974984433303618, 0.9916339869281046)",1,98.86650968805068,18625
"(0.8315474711586087, 0.9958292603453894)",2,98.86650314974578,18627
"(0.8867361313822293, 0.9958292603453894)",1,98.8664663993228,18628
"(0.8483418730488175, 0.9958292603453894)",1,98.86641664738342,18629
"(0.9874762808349148, 0.9958292603453894)",1,98.8663967952012,18630
"(0.4943189964157706, 1.0)",1,98.86626172036524,18631
"(0.9665755481078062, 1.0)",1,98.86622472988164,18632
"(0.5131569832583307, 1.0)",1,98.86610588991697,18633
"(0.979051756240299, 0.9958292603453894)",1,98.86604712115884,18634
"(0.9412964149491664, 0.9916339869281046)",1,98.86596772873642,18635
"(0.7042648709315374, 1.0)",1,98.8656133558038,18636
"(0.9153439153439152, 1.0)",1,98.86558944985366,18637
"(0.8796475392220073, 1.0)",1,98.8655119951788,18638
"(0.8796475392220073, 1.0)",1,98.86540558382052,18639
"(0.8347775825943863, 0.9958292603453894)",1,98.86520844380654,18640
"(0.8840455840455841, 1.0)",1,98.86520521961698,18641
"(0.8848000715856217, 1.0)",1,98.86504188116744,18642
"(0.4039045743444857, 1.0)",1,98.86503147083998,18643
"(0.9873891625615764, 0.9958292603453894)",1,98.86500286872035,18644
"(0.9189396095602992, 0.9916585206907788)",1,98.86493041557836,18645
"(0.8867361313822293, 0.9916585206907788)",1,98.86490815828924,18646
"(0.983305541180304, 0.9958292603453894)",1,98.864652601053,18647
"(0.8867361313822293, 0.9916666666666668)",1,98.8645341541385,18648
"(0.987491854024112, 1.0)",1,98.86445374382906,18649
"(0.9834358767945106, 0.9958292603453894)",1,98.86428244810594,18650
"(0.8796475392220073, 1.0)",1,98.8642058830816,18651
"(0.9166145507608924, 1.0)",1,98.86418548259704,18652
"(0.9916666666666668, 0.9958292603453894)",1,98.86415074752524,18653
"(0.9916585206907788, 0.9958292603453894)",1,98.8637192165129,18654
"(0.5981266189834885, 0.9992416608232524)",1,98.86351667823192,18655
"(0.7903875985986362, 1.0)",1,98.8632549289678,18656
"(0.930124456440246, 1.0)",1,98.86316009863248,18657
"(0.8471527473990528, 1.0)",2,98.86311030484136,18659
"(0.9833040078201368, 0.9958292603453894)",1,98.86271781890936,18660
"(0.8942622047218923, 0.9916339869281046)",1,98.8626509742762,18661
"(0.8443691323092412, 0.9916666666666668)",1,98.86261813592644,18662
"(0.617513611615245, 1.0)",1,98.86257562710011,18663
"(0.9625114955760116, 0.9958292603453894)",1,98.86240022712929,18664
"(0.931200007971039, 0.9916339869281046)",1,98.86215239157742,18665
"(0.944073617452092, 1.0)",1,98.8620356153245,18666
"(0.9126251340467026, 0.9958292603453894)",1,98.86197671557056,18667
"(0.9332172991312776, 0.9958292603453894)",1,98.8618904633241,18668
"(0.4747763864042934, 1.0)",1,98.86183280414886,18669
"(0.8533622685185187, 1.0)",1,98.86160121295067,18670
"(0.4039045743444857, 1.0)",1,98.86153898796628,18671
"(0.8916052423523688, 0.9916339869281046)",2,98.8613305986904,18673
"(0.9034438470728792, 0.9958292603453894)",1,98.8612766056676,18674
"(0.8786901405005916, 0.9958292603453894)",1,98.8611052341267,18675
"(0.9916585206907788, 0.9958292603453894)",2,98.86091791058077,18677
"(0.958095238095238, 0.9916666666666668)",1,98.860811591164,18678
"(0.6179693015417549, 1.0)",1,98.86081036447514,18679
"(0.9009287520039462, 1.0)",1,98.86076469417029,18680
"(1.0, 1.0)",1,98.86045332946892,18681
"(0.8760238095238095, 0.9958292603453894)",1,98.86037776884056,18682
"(0.9916585206907788, 0.9958292603453894)",1,98.86013950187848,18683
"(0.9347674066329982, 0.9958292603453894)",1,98.85970477726742,18684
"(0.816195709052852, 1.0)",1,98.8596517414102,18685
"(0.8907966222338917, 0.9916585206907788)",1,98.85935412309595,18686
"(0.7090909090909091, 1.0)",1,98.85932989687804,18687
"(0.8158879904162925, 1.0)",1,98.85914162278024,18688
"(0.8165509259259259, 1.0)",1,98.8588866042957,18689
"(0.9791388745136372, 0.9958292603453894)",1,98.85884429637863,18690
"(0.91326516498939, 0.9916339869281046)",1,98.85878927991205,18691
"(0.8579868984630887, 1.0)",1,98.85839645713752,18692
"(0.9009287520039462, 1.0)",1,98.85828484080102,18693
"(0.9791258409522168, 0.9958292603453894)",1,98.85799532281789,18694
"(0.9832925076188832, 0.9958292603453894)",1,98.85786794976444,18695
"(0.8997493734335841, 1.0)",1,98.85757089262398,18696
"(0.9009287520039462, 1.0)",1,98.85751549263745,18697
"(1.0, 1.0)",1,98.8569424664501,18698
"(0.81893131227901, 1.0)",1,98.85670497023476,18699
"(0.9835199925522506, 0.9958292603453894)",1,98.85656999963966,18700
"(0.9835199925522506, 0.9958292603453894)",1,98.85637830483388,18701
"(0.8880984643179766, 1.0)",1,98.85630222654795,18702
"(0.8880984643179766, 1.0)",1,98.85625228386172,18703
"(0.5070372093557577, 1.0)",3,98.85625131222588,18706
"(0.5070372093557577, 1.0)",1,98.8562149729038,18707
"(0.95305342208568, 0.9916339869281046)",1,98.8561536053694,18708
"(0.6886904761904762, 1.0)",1,98.85592891420124,18709
"(0.7946380416968652, 0.9958292603453894)",1,98.8558849088498,18710
"(0.8885714285714285, 1.0)",1,98.85552924623136,18711
"(0.7362637362637362, 1.0)",1,98.85548000744492,18712
"(0.8365328658269835, 0.9958292603453894)",1,98.85506431025392,18713
"(0.9333044546043194, 0.9958292603453894)",1,98.8549916946308,18714
"(0.738145558145558, 1.0)",1,98.85492404576443,18715
"(0.6907243513029603, 1.0)",1,98.8547600016334,18716
"(0.9157097551404952, 0.9958292603453894)",1,98.85437933943165,18717
"(0.6636745887678723, 1.0)",1,98.85437771287802,18718
"(0.8916052423523688, 0.9958292603453894)",1,98.85434656338796,18719
"(0.987491854024112, 1.0)",1,98.85414238875288,18720
"(0.9832965806068272, 0.9958292603453894)",1,98.85405051775284,18721
"(0.7060994560994561, 1.0)",1,98.8538627954738,18722
"(0.93773047895128, 0.9916585206907788)",1,98.85343151520507,18723
"(0.6636745887678723, 1.0)",1,98.85329559048424,18724
"(0.8996392387758612, 0.9916339869281046)",1,98.85275588301354,18725
"(0.6907243513029603, 1.0)",1,98.85259472293106,18726
"(0.370255348516218, 1.0)",1,98.85203189018388,18727
"(0.6179693015417549, 1.0)",1,98.85198846163448,18728
"(0.94291309888229, 0.991206314397104)",1,98.85186349974929,18729
"(0.8958208965097509, 0.9958292603453894)",1,98.8518430565412,18730
"(0.987463247273494, 0.9958292603453894)",1,98.8518153818696,18731
"(0.8495378883833893, 0.9958292603453894)",1,98.85162253052684,18732
"(0.8483418730488175, 0.9958292603453894)",1,98.85145825865374,18733
"(0.9125533644430458, 0.9916339869281046)",2,98.85105573438196,18735
"(0.7294281157362763, 1.0)",1,98.8503965324497,18736
"(0.903667392883079, 1.0)",1,98.85023668139344,18737
"(0.9748850895736324, 0.9958292603453894)",1,98.84996122339597,18738
"(0.7903875985986362, 1.0)",1,98.8494056728911,18739
"(0.7903875985986362, 1.0)",1,98.84917860568096,18740
"(0.9628507148300384, 0.9916585206907788)",1,98.8489070098481,18741
"(0.7855494505494506, 1.0)",1,98.84864980583302,18742
"(0.5780660682584178, 0.9992416608232524)",3,98.84850621791206,18745
"(0.8468951683237397, 1.0)",1,98.84832751495216,18746
"(0.9834113430318364, 0.9958292603453894)",1,98.84817353079724,18747
"(0.9609386607489072, 0.9958292603453894)",1,98.8479615935158,18748
"(0.6378166586499919, 1.0)",1,98.84793004327204,18749
"(0.9164652836623464, 1.0)",1,98.84768221487928,18750
"(0.8471527473990528, 1.0)",1,98.8474395949454,18751
"(0.9744745723240348, 0.9958292603453894)",2,98.84729546516012,18753
"(0.4009727434617732, 0.9996210215628012)",1,98.84714117241964,18754
"(0.9365496267832196, 0.9958292603453894)",1,98.84680828445188,18755
"(0.7601164382773579, 1.0)",1,98.84672605727808,18756
"(0.9750943974852894, 0.9958292603453894)",1,98.84647097465192,18757
"(0.9018806250259218, 1.0)",1,98.84644115227728,18758
"(0.9658159033159032, 0.9958292603453894)",1,98.84643713489206,18759
"(0.9206165335472736, 0.9958292603453894)",1,98.84611592642554,18760
"(0.97899550533801, 0.9958292603453894)",1,98.84549931014026,18761
"(0.8587708587708588, 1.0)",1,98.8454559622718,18762
"(0.8158879904162925, 1.0)",1,98.84527262488868,18763
"(0.7858609875265303, 0.9988619159967322)",1,98.84516201182264,18764
"(0.9504245882013664, 0.9958292603453894)",1,98.8449625723812,18765
"(0.6886904761904762, 1.0)",1,98.8449413814627,18766
"(0.9876066164491212, 0.9958292603453894)",1,98.84474814926232,18767
"(0.7277677677677677, 1.0)",1,98.84456342485096,18768
"(0.6179693015417549, 1.0)",1,98.84448337010151,18769
"(0.6544644252235129, 1.0)",1,98.84434873946503,18770
"(0.7030539311241066, 1.0)",1,98.84423350494126,18771
"(0.94291309888229, 0.991206314397104)",1,98.84418230240291,18772
"(0.9580602951397298, 0.9958292603453894)",1,98.84410969564658,18773
"(0.4747763864042934, 1.0)",1,98.84409918840356,18774
"(0.8443691323092412, 0.9958292603453894)",1,98.8438712534033,18775
"(0.9788980434141724, 0.9958292603453894)",1,98.8435881665444,18776
"(0.9250222656674272, 0.9916585206907788)",1,98.84352697263272,18777
"(0.6579298927459657, 1.0)",1,98.8435083605074,18778
"(0.8300265307680562, 1.0)",1,98.84337325495262,18779
"(0.6544644252235129, 1.0)",1,98.84316782530168,18780
"(0.8443691323092412, 0.9958292603453894)",1,98.84312496344371,18781
"(0.7994987468671678, 1.0)",1,98.84309223423548,18782
"(0.991777356103732, 0.9958292603453894)",1,98.84290869979375,18783
"(0.9916339869281046, 0.9958292603453894)",1,98.84247145439952,18784
"(0.9057330122004186, 0.991206314397104)",1,98.84230016467734,18785
"(0.5845989468748872, 0.9996210215628012)",1,98.84227054266206,18786
"(0.6786000457875457, 1.0)",1,98.84218429488058,18787
"(0.9280459216361852, 0.9916585206907788)",1,98.8421694368992,18788
"(0.9504245882013664, 0.9958292603453894)",1,98.84211852515864,18789
"(0.6108760330578512, 0.9988619159967322)",1,98.84174224545734,18790
"(0.9413496923696164, 0.9916585206907788)",1,98.8416944464911,18791
"(0.7083333333333334, 1.0)",2,98.84166666666668,18793
"(0.8431623931623932, 1.0)",1,98.84143681190218,18794
"(0.8478418336329888, 0.991206314397104)",1,98.84136385746083,18795
"(0.9131856219190184, 0.9958292603453894)",1,98.84112241165391,18796
"(0.634045584045584, 1.0)",6,98.8411215606128,18802
"(0.7713401051412279, 1.0)",2,98.84111314228164,18804
"(0.9958292603453894, 0.9958292603453894)",1,98.8410256063478,18805
"(0.93773047895128, 0.9958292603453894)",1,98.84097441523336,18806
"(0.844988344988345, 1.0)",1,98.8409506295973,18807
"(0.9586562930696936, 0.9876066164491212)",1,98.84085012334413,18808
"(0.8222222222222222, 1.0)",1,98.84078106979966,18809
"(0.9018806250259218, 1.0)",1,98.84077155766002,18810
"(0.9466127311522048, 0.991206314397104)",1,98.84059481573124,18811
"(0.8579868984630887, 1.0)",1,98.84038830572484,18812
"(0.6215073982652175, 1.0)",1,98.84034213877472,18813
"(0.7711781618000022, 1.0)",1,98.8403127769766,18814
"(0.8997493734335841, 1.0)",1,98.84025935294798,18815
"(0.8266173510466989, 1.0)",1,98.8402578145858,18816
"(0.8151249335459861, 1.0)",1,98.84017278053302,18817
"(0.97934925289764, 0.9958292603453894)",1,98.8401488484872,18818
"(0.9437903841498612, 1.0)",1,98.84013088575352,18819
"(0.9669795885118464, 0.9958292603453894)",1,98.83995827061514,18820
"(0.9916666666666668, 0.9958292603453894)",1,98.83994830044412,18821
"(0.9791299139401608, 0.9958292603453894)",1,98.83981635791322,18822
"(0.9874747474747476, 0.9958292603453894)",1,98.83973469548754,18823
"(0.983305541180304, 0.9958292603453894)",1,98.83944798304157,18824
"(0.9516794286955578, 0.9958292603453894)",1,98.83937755706962,18825
"(0.9280317595086728, 0.9958292603453894)",1,98.83912701018583,18826
"(0.8916052423523688, 0.9958292603453894)",1,98.8390954038297,18827
"(0.9788980434141724, 0.9958292603453894)",2,98.8388036797174,18829
"(0.6052212368618619, 0.9992416608232524)",3,98.83818504418936,18832
"(0.9486619426325308, 1.0)",1,98.8380137337558,18833
"(0.9738477269913072, 0.9958292603453894)",1,98.83778910006971,18834
"(0.9583930063253372, 1.0)",1,98.83747556856206,18835
"(0.8958208965097509, 0.9958292603453894)",1,98.83711510083016,18836
"(0.9833040078201368, 0.9958292603453894)",1,98.83703779940964,18837
"(0.8929015655249481, 0.9916666666666668)",1,98.83701759233324,18838
"(0.932230823034112, 0.9958292603453894)",1,98.83677615538512,18839
"(0.9199973910846122, 0.9916339869281046)",1,98.83557719934652,18840
"(0.97934925289764, 0.9958292603453894)",1,98.83522928813905,18841
"(0.9835199925522506, 0.9958292603453894)",1,98.83480651073208,18842
"(0.9435817855979146, 0.9958292603453894)",1,98.83479858787196,18843
"(0.93795454842108, 0.9958292603453894)",1,98.83473955088064,18844
"(0.7574146783449108, 1.0)",1,98.83452420304116,18845
"(0.9832965806068272, 1.0)",1,98.83444568815824,18846
"(0.9300671002153482, 1.0)",1,98.83399621347596,18847
"(0.9958292603453894, 0.9958292603453894)",1,98.83392689413894,18848
"(0.4747763864042934, 1.0)",1,98.83377009681767,18849
"(0.9099563673769218, 0.9958292603453894)",1,98.83357015792394,18850
"(0.8880984643179766, 1.0)",1,98.8335398115886,18851
"(0.9873444118605408, 0.9958292603453894)",2,98.83343265762088,18853
"(0.8365328658269835, 0.9916585206907788)",1,98.8329074547494,18854
"(0.6179693015417549, 1.0)",1,98.83256763463469,18855
"(0.987491854024112, 0.9958292603453894)",1,98.83230686912448,18856
"(0.6179693015417549, 1.0)",1,98.83215539624098,18857
"(0.8483418730488175, 0.9958292603453894)",1,98.8320896378748,18858
"(0.9365496267832196, 0.9958292603453894)",1,98.83193340251886,18859
"(0.9748524098350704, 0.9958292603453894)",1,98.83178663764048,18860
"(0.8885714285714285, 1.0)",1,98.83173092848122,18861
"(0.9497171590194846, 1.0)",1,98.83167447383734,18862
"(0.9714797495442656, 0.9958292603453894)",1,98.83151562090528,18863
"(0.8929015655249481, 0.9958292603453894)",1,98.83101188203476,18864
"(0.9297812306740878, 1.0)",1,98.83091313681535,18865
"(0.9916585206907788, 0.9958292603453894)",1,98.83088920643132,18866
"(0.9916585206907788, 0.9958292603453894)",1,98.83088711079498,18867
"(0.9262130464282252, 0.991206314397104)",1,98.83047390954162,18868
"(0.9874762808349148, 0.9958292603453894)",1,98.83037356069416,18869
"(0.9282083232965586, 0.9916339869281046)",1,98.83032300825612,18870
"(0.934122934122934, 1.0)",1,98.829979442948,18871
"(0.7946380416968652, 0.9958292603453894)",1,98.82989561213962,18872
"(0.9706172005998612, 0.9958292603453894)",1,98.8298653167552,18873
"(0.9833229101521784, 1.0)",1,98.82949723359188,18874
"(0.9833229101521784, 1.0)",1,98.82920332389696,18875
"(0.9958292603453894, 0.9958292603453894)",1,98.8291979304314,18876
"(0.987491854024112, 0.9958292603453894)",1,98.82915672215644,18877
"(0.987463247273494, 0.9958292603453894)",1,98.82911411919352,18878
"(0.9157097551404952, 0.9958292603453894)",1,98.829057703292,18879
"(0.4747763864042934, 1.0)",2,98.8290505907161,18881
"(0.9916666666666668, 0.9916666666666668)",1,98.82893718482228,18882
"(0.8929015655249481, 0.9958292603453894)",1,98.82891132507596,18883
"(0.9958292603453894, 1.0)",1,98.8283919433142,18884
"(0.9445235834124724, 1.0)",1,98.82828504353996,18885
"(0.9746854694957162, 0.9958292603453894)",1,98.828036391402,18886
"(0.5131569832583307, 1.0)",1,98.8279569382006,18887
"(0.602662742458966, 0.9992416608232524)",2,98.82751536209574,18889
"(0.9791348015256934, 0.9958292603453894)",1,98.8274453857194,18890
"(0.9131856219190184, 0.9958292603453894)",1,98.8273533896334,18891
"(0.7713401051412279, 1.0)",1,98.82726388620492,18892
"(0.9496114574862204, 0.9916339869281046)",1,98.8272333995116,18893
"(0.7713401051412279, 1.0)",1,98.8272043623954,18894
"(0.5854597249132409, 0.9992416608232524)",1,98.82718804460455,18895
"(0.8247905643738976, 1.0)",1,98.8270552142105,18896
"(0.987463247273494, 0.9958292603453894)",2,98.82690843334564,18898
"(0.97934925289764, 0.9958292603453894)",2,98.8264069303125,18900
"(0.9833229101521784, 1.0)",1,98.82637284135237,18901
"(0.738145558145558, 1.0)",1,98.82606387277436,18902
"(0.51223726242967, 1.0)",1,98.82589853127554,18903
"(0.7083333333333334, 1.0)",1,98.82539899856468,18904
"(0.8365328658269835, 0.9916585206907788)",1,98.82522059165504,18905
"(0.9705906996229576, 0.9958292603453894)",1,98.82509028440384,18906
"(0.987491854024112, 0.9958292603453894)",1,98.82498598250184,18907
"(0.9582389563841176, 0.9958292603453894)",1,98.82465365460877,18908
"(0.7340930674264006, 1.0)",1,98.824528445971,18909
"(0.8468089381754635, 1.0)",1,98.82444942725508,18910
"(0.9009287520039462, 1.0)",1,98.82438589152147,18911
"(0.7673678366541239, 1.0)",2,98.82438445204885,18913
"(0.5005466528962331, 0.9996210215628012)",3,98.82429019962808,18916
"(0.9198255060602112, 0.9958292603453894)",2,98.82408629865334,18918
"(0.8065954953750508, 1.0)",1,98.82392946494558,18919
"(0.9792406033772258, 0.9958292603453894)",1,98.82346649289536,18920
"(0.9228120179844318, 0.9873891625615764)",1,98.8234568260664,18921
"(0.865581803207783, 0.991206314397104)",1,98.82323748464636,18922
"(0.9279680209218476, 0.9958292603453894)",1,98.82313598450284,18923
"(1.0, 0.9958292603453894)",1,98.82300200515796,18924
"(0.9791348015256934, 0.9958292603453894)",1,98.82281438245464,18925
"(0.5981266189834885, 0.9973390598305516)",1,98.82263007078278,18926
"(0.917655049465296, 0.9958292603453894)",1,98.82231900714052,18927
"(0.8165509259259259, 1.0)",2,98.82176427719274,18929
"(0.9749706744868036, 0.9958292603453894)",2,98.82175616623456,18931
"(0.7944219523166891, 1.0)",1,98.82174361093432,18932
"(0.7903875985986362, 1.0)",1,98.82162731554504,18933
"(0.983545503234046, 0.9958292603453894)",1,98.8214404859266,18934
"(0.9437903841498612, 1.0)",1,98.8213100606594,18935
"(0.9750943974852894, 0.9958292603453894)",1,98.8207250883399,18936
"(0.6215073982652175, 1.0)",1,98.82062212397835,18937
"(0.9707071808622552, 0.9958292603453894)",1,98.82038391476934,18938
"(0.9705196174266384, 0.9958292603453894)",1,98.82027261915252,18939
"(0.917655049465296, 0.9958292603453894)",1,98.82011471662788,18940
"(0.8880984643179766, 1.0)",2,98.81980227597606,18942
"(0.9369808292429718, 0.9958292603453894)",1,98.81942358299617,18943
"(0.9041196741854636, 0.991206314397104)",1,98.8192259414213,18944
"(0.9018806250259218, 1.0)",1,98.81891095874174,18945
"(0.7294281157362763, 1.0)",1,98.81857550958064,18946
"(0.7362637362637362, 1.0)",3,98.81850776173049,18949
"(0.8365328658269835, 0.9958292603453894)",1,98.81835141017903,18950
"(0.8885714285714285, 1.0)",1,98.81781198790344,18951
"(0.9398099650133386, 0.9916339869281046)",1,98.81775317070546,18952
"(0.9916339869281046, 0.9958292603453894)",1,98.81759100857506,18953
"(0.9280317595086728, 0.9916585206907788)",1,98.81759090186836,18954
"(0.8928598364786969, 0.9958292603453894)",1,98.8171749855424,18955
"(0.9365496267832196, 0.9916585206907788)",1,98.81694007606004,18956
"(0.9792521035784794, 0.9958292603453894)",1,98.8167995635506,18957
"(0.7372334455667788, 1.0)",1,98.81668737642256,18958
"(0.8974984433303618, 0.9916339869281046)",1,98.81652883222188,18959
"(0.8533622685185187, 1.0)",1,98.81614818400074,18960
"(0.6017315220343602, 1.0)",1,98.81556075239185,18961
"(0.7278086237149632, 1.0)",1,98.81554312546984,18962
"(0.9790972342015986, 0.9958292603453894)",1,98.81508779824084,18963
"(0.7580478365689632, 0.9996210215628012)",1,98.81489645538106,18964
"(0.944120583717358, 0.9876066164491212)",1,98.81485840560012,18965
"(0.9833211143695014, 0.9958292603453894)",2,98.8148406999249,18967
"(0.9833211143695014, 0.9958292603453894)",1,98.81476889127644,18968
"(0.975195619792394, 0.9958292603453894)",1,98.81473524671496,18969
"(0.7119388248146047, 1.0)",1,98.8143227300096,18970
"(0.6636745887678723, 1.0)",1,98.814247499364,18971
"(0.8420013166556946, 1.0)",1,98.8141410554952,18972
"(0.7135473163103189, 0.9992416608232524)",1,98.81387909753418,18973
"(0.94291309888229, 0.991206314397104)",1,98.81382505118567,18974
"(0.9403679612329746, 0.9916339869281046)",1,98.81382153634642,18975
"(0.7562136521052955, 1.0)",1,98.81365698388002,18976
"(0.9833211143695014, 0.9958292603453894)",1,98.81343260176814,18977
"(0.9280459216361852, 0.9916585206907788)",1,98.81324617523384,18978
"(0.9738477269913072, 0.9958292603453894)",1,98.81313590777404,18979
"(0.9835199925522506, 0.9958292603453894)",2,98.81298564943394,18981
"(0.6907243513029603, 1.0)",1,98.81296670908569,18982
"(0.9041196741854636, 0.991206314397104)",3,98.81290020643478,18985
"(0.9623066688389268, 0.9958292603453894)",1,98.81253501583052,18986
"(0.8360150146960627, 0.9958292603453894)",1,98.81236248057448,18987
"(0.6460231360441068, 0.9988619159967322)",3,98.81224042903644,18990
"(0.9244721788975638, 0.9916339869281046)",1,98.81193101283851,18991
"(0.7340930674264007, 1.0)",1,98.81190881039588,18992
"(0.7916666666666666, 1.0)",1,98.811793980053,18993
"(0.9182966261114094, 0.9916585206907788)",1,98.81112296036449,18994
"(0.9833251873574456, 0.9958292603453894)",1,98.81100468640392,18995
"(0.8374727668845315, 1.0)",1,98.81093653438086,18996
"(0.8315474711586087, 0.9958292603453894)",1,98.81091109664374,18997
"(0.60813728824501, 1.0)",1,98.81075937429743,18998
"(0.9916585206907788, 0.9958292603453894)",1,98.81062786517064,18999
"(0.9114218054477384, 0.9916339869281046)",1,98.8103681173016,19000
"(0.8651903651903651, 1.0)",1,98.8099136635722,19001
"(0.9279680209218476, 0.9958292603453894)",1,98.80974101756064,19002
"(0.9295946890286512, 1.0)",1,98.80925099310883,19003
"(0.9041196741854636, 0.991206314397104)",2,98.80925095783547,19005
"(0.9437903841498612, 1.0)",1,98.80899008842364,19006
"(0.844988344988345, 1.0)",1,98.80889081905342,19007
"(0.9369808292429718, 0.9958292603453894)",1,98.8087044156735,19008
"(0.9792773561037318, 1.0)",1,98.80868644383705,19009
"(0.9749706744868036, 0.9958292603453894)",1,98.8080599269305,19010
"(0.8165509259259259, 1.0)",1,98.80793161862324,19011
"(0.97934925289764, 0.9958292603453894)",2,98.8077102804479,19013
"(0.950297813353496, 0.9958292603453894)",1,98.80749828852466,19014
"(0.9747273037595618, 0.9958292603453894)",1,98.8073811420928,19015
"(1.0, 1.0)",1,98.80717402476418,19016
"(0.6179693015417549, 1.0)",1,98.80665747099548,19017
"(0.8996392387758612, 0.9916339869281046)",1,98.80652000350504,19018
"(0.9377148530109056, 0.991206314397104)",3,98.80590873825308,19021
"(0.9125533644430458, 0.9916339869281046)",1,98.8055746329543,19022
"(0.7278086237149632, 1.0)",1,98.80557020178918,19023
"(0.9205517358458536, 0.9916339869281046)",1,98.80521140302164,19024
"(0.861111111111111, 1.0)",1,98.80517992164503,19025
"(0.6907243513029603, 1.0)",1,98.8050105862868,19026
"(0.6179693015417549, 1.0)",1,98.80482963885156,19027
"(0.9748850895736324, 0.9958292603453894)",1,98.8046685658955,19028
"(0.8365328658269835, 0.9916585206907788)",1,98.80466193914404,19029
"(0.8181654379194883, 1.0)",1,98.80433025347484,19030
"(0.9198255060602112, 0.9916585206907788)",1,98.80394815963204,19031
"(0.8848000715856217, 1.0)",1,98.80383230093037,19032
"(0.8760238095238095, 0.9958292603453894)",1,98.80355742195306,19033
"(0.9580331374974232, 1.0)",1,98.80319197436212,19034
"(0.93773047895128, 0.9958292603453894)",1,98.8030187209832,19035
"(0.9182966261114094, 0.9916585206907788)",1,98.80282868371576,19036
"(0.8495378883833893, 0.9958292603453894)",1,98.80264750651376,19037
"(0.7198480531813864, 1.0)",1,98.80250726868942,19038
"(0.9871616776282092, 0.9958292603453894)",1,98.8024822444968,19039
"(0.5070372093557577, 1.0)",1,98.80243686498449,19040
"(0.8533622685185187, 1.0)",1,98.80222924342294,19041
"(0.9707095350359108, 0.9958292603453894)",1,98.80191758777718,19042
"(0.7532376017916352, 1.0)",1,98.80181810351112,19043
"(0.917655049465296, 0.9916585206907788)",1,98.80172076547872,19044
"(0.9280459216361852, 0.9958292603453894)",1,98.80162609508328,19045
"(0.9744745723240348, 0.9958292603453894)",1,98.8015453785556,19046
"(0.9476043407479208, 1.0)",1,98.80102184978826,19047
"(0.93773047895128, 0.9958292603453894)",1,98.80087952663212,19048
"(0.9832925076188832, 0.9958292603453894)",1,98.8008447490814,19049
"(0.9658159033159032, 0.9958292603453894)",1,98.80081026151116,19050
"(0.8810064268049709, 0.991206314397104)",1,98.80057332649092,19051
"(0.80285509389987, 1.0)",1,98.80046356066092,19052
"(0.7802197802197803, 1.0)",1,98.79990287990022,19053
"(0.9788283442948758, 0.9958292603453894)",1,98.7997246863428,19054
"(0.6378166586499919, 1.0)",1,98.79953657370586,19055
"(0.9609386607489072, 0.9958292603453894)",1,98.79950845361532,19056
"(0.9609386607489072, 0.9958292603453894)",1,98.79930550244464,19057
"(0.8867361313822293, 0.9958292603453894)",1,98.7992838936857,19058
"(0.9295946890286512, 1.0)",1,98.79921080390793,19059
"(0.9748524098350704, 0.9958292603453894)",1,98.7991298621515,19060
"(0.9714797495442656, 0.9958292603453894)",1,98.79873452951476,19061
"(0.9748076591340348, 1.0)",1,98.798600136532,19062
"(0.8449978636391381, 1.0)",1,98.79835341029606,19063
"(0.9876066164491212, 0.9958292603453894)",1,98.7983321353991,19064
"(1.0, 0.9958292603453894)",1,98.79829210195926,19065
"(0.7372334455667788, 1.0)",1,98.79812219547992,19066
"(0.9791102677630192, 0.9958292603453894)",1,98.79802033492656,19067
"(0.8840455840455841, 1.0)",1,98.79786515227693,19068
"(0.8181654379194883, 1.0)",2,98.79760400156498,19070
"(0.9295946890286512, 1.0)",1,98.7975157566788,19071
"(0.971023600055858, 0.9958292603453894)",1,98.79699177535348,19072
"(0.9916585206907788, 0.9958292603453894)",1,98.79689001044582,19073
"(0.9435817855979146, 0.9958292603453894)",1,98.79676464493596,19074
"(0.4039045743444857, 1.0)",1,98.79665886857607,19075
"(0.9009287520039462, 1.0)",1,98.7964241286794,19076
"(0.8483418730488175, 0.9916585206907788)",2,98.79612716590113,19078
"(0.7344692811916678, 1.0)",1,98.79602128677432,19079
"(0.9664171122994653, 0.9958292603453894)",1,98.79598801115417,19080
"(0.8586166985951469, 1.0)",1,98.79592679302756,19081
"(0.8586166985951469, 1.0)",1,98.79576365030024,19082
"(0.4039045743444857, 1.0)",1,98.7957598847072,19083
"(0.987463247273494, 0.9958292603453894)",1,98.79547912179422,19084
"(0.9280459216361852, 0.9916585206907788)",1,98.79477322057149,19085
"(0.8996392387758612, 0.9916339869281046)",1,98.7940928781461,19086
"(0.9503122778456484, 0.9916585206907788)",2,98.79406477170312,19088
"(0.9876066164491212, 0.9958292603453894)",1,98.79406277726989,19089
"(0.9250222656674272, 0.9958292603453894)",1,98.79378203534718,19090
"(0.7946380416968652, 0.9958292603453894)",1,98.79373980218006,19091
"(0.7134615384615385, 1.0)",1,98.79332686947892,19092
"(0.738145558145558, 1.0)",1,98.793205270898,19093
"(0.9750854369118126, 0.9958292603453894)",1,98.79296460098747,19094
"(0.8929015655249481, 0.9916585206907788)",1,98.79285519886834,19095
"(0.7000013129045387, 1.0)",1,98.7926253026847,19096
"(0.8165509259259259, 1.0)",1,98.79260579626836,19097
"(0.6155278427792774, 0.9996210215628012)",1,98.79251836712564,19098
"(0.9833229101521784, 1.0)",2,98.79220586566387,19100
"(0.9916585206907788, 0.9958292603453894)",1,98.79217240224862,19101
"(0.9706172005998612, 0.9958292603453894)",1,98.79212357294136,19102
"(0.4943189964157706, 1.0)",1,98.79200130034164,19103
"(0.9041196741854636, 0.991206314397104)",3,98.79189225110817,19106
"(0.9916585206907788, 0.9958292603453894)",1,98.79150341413867,19107
"(0.94291309888229, 0.991206314397104)",1,98.7914850205162,19108
"(1.0, 0.9958292603453894)",1,98.79142158553412,19109
"(0.9437903841498612, 1.0)",1,98.79130851534866,19110
"(0.6907243513029603, 1.0)",1,98.79109164570905,19111
"(0.9580331374974232, 1.0)",1,98.79057335917022,19112
"(0.9546499948224086, 0.9958292603453894)",1,98.79051895585282,19113
"(0.9580331374974232, 1.0)",1,98.79043997558048,19114
"(0.983305541180304, 0.9958292603453894)",1,98.79032880957377,19115
"(0.987463247273494, 0.9958292603453894)",1,98.79023514849996,19116
"(1.0, 1.0)",1,98.79019027521758,19117
"(0.5891971035837016, 1.0)",1,98.79016713625415,19118
"(0.6336863589341304, 1.0)",1,98.79004721339597,19119
"(0.903667392883079, 1.0)",1,98.78992641880691,19120
"(0.7361988647484831, 1.0)",1,98.78948413307896,19121
"(0.9916585206907788, 0.9958292603453894)",1,98.78911715420595,19122
"(0.6825396825396824, 1.0)",1,98.78884442194456,19123
"(0.8996392387758612, 0.9916339869281046)",1,98.78848874608308,19124
"(0.9198255060602112, 0.9958292603453894)",1,98.7877020850602,19125
"(0.908657698678324, 0.9958292603453894)",1,98.78757607326716,19126
"(0.8796475392220073, 1.0)",1,98.78681186114486,19127
"(0.8579868984630887, 1.0)",1,98.7867585592932,19128
"(0.8315474711586087, 0.9958292603453894)",1,98.78669662054487,19129
"(0.8867361313822293, 0.9916666666666668)",1,98.78648049107407,19130
"(0.8867361313822293, 0.9958292603453894)",1,98.78636689708485,19131
"(0.8810064268049709, 0.991206314397104)",1,98.7863577398773,19132
"(0.9435817855979146, 0.9958292603453894)",1,98.7862712351625,19133
"(0.9580331374974232, 1.0)",2,98.7860131407823,19135
"(0.8471527473990528, 1.0)",1,98.78590839069602,19136
"(0.8471527473990528, 1.0)",1,98.78582921621486,19137
"(0.975195619792394, 0.9958292603453894)",1,98.78563437078296,19138
"(0.9583930063253372, 1.0)",1,98.78558133041616,19139
"(0.9916585206907788, 0.9958292603453894)",1,98.78554882658166,19140
"(0.9833080808080809, 0.9958292603453894)",1,98.7853780685834,19141
"(0.9435817855979146, 0.9958292603453894)",2,98.78530282507536,19143
"(0.9009141059441464, 0.9958292603453894)",1,98.78514636874962,19144
"(0.9408363037601548, 0.9958292603453894)",1,98.78504968626946,19145
"(0.4864161875237363, 0.9992416608232524)",3,98.78501754025136,19148
"(0.8929015655249481, 0.9958292603453894)",1,98.78487407378248,19149
"(0.9008627640703112, 1.0)",1,98.784837238035,19150
"(0.4776542240827955, 1.0)",1,98.78447259809556,19151
"(0.8300265307680562, 1.0)",1,98.78434890582592,19152
"(0.8151249335459861, 1.0)",1,98.78401406853186,19153
"(0.9649790647893116, 0.9958292603453894)",1,98.78394670900336,19154
"(0.7647742788871822, 1.0)",1,98.78391287443245,19155
"(0.9616410906733488, 0.9958292603453894)",1,98.78389071256666,19156
"(0.8300265307680562, 1.0)",1,98.78340864463956,19157
"(0.8266173510466989, 1.0)",1,98.78326959523764,19158
"(0.6378166586499919, 1.0)",1,98.78313412788634,19159
"(0.9748524098350704, 0.9958292603453894)",1,98.78277469360005,19160
"(0.9522870228046522, 0.9882048106149588)",1,98.78276737440656,19161
"(0.987463247273494, 0.9958292603453894)",1,98.78252008688654,19162
"(0.9876066164491212, 0.9958292603453894)",1,98.78210247843288,19163
"(0.94291309888229, 0.991206314397104)",1,98.78204938598076,19164
"(0.9435817855979146, 0.9958292603453894)",1,98.78197931441898,19165
"(0.8880984643179766, 1.0)",1,98.78187087289736,19166
"(0.6215073982652175, 1.0)",1,98.78171706008476,19167
"(0.8867361313822293, 0.9958292603453894)",2,98.78116957480644,19169
"(0.9293300445873568, 0.9916339869281046)",1,98.7808781887336,19170
"(0.9199973910846122, 0.9916339869281046)",2,98.78079130766716,19172
"(0.974772367065274, 0.9958292603453894)",1,98.78065610930793,19173
"(0.8552744708994707, 1.0)",1,98.78027258272095,19174
"(0.9332172991312776, 0.9958292603453894)",1,98.78000982963158,19175
"(0.9791585206907788, 0.9958292603453894)",1,98.7798323797706,19176
"(0.9332172991312776, 0.9916585206907788)",1,98.7795173020451,19177
"(0.9873444118605408, 0.9958292603453894)",1,98.77951391625092,19178
"(0.9192093318943212, 0.9882048106149588)",1,98.77940447955494,19179
"(0.7545469576719577, 1.0)",1,98.77930390411564,19180
"(0.8300265307680562, 1.0)",1,98.7792440148341,19181
"(1.0, 0.9958292603453894)",1,98.77914938919515,19182
"(0.97934925289764, 0.9958292603453894)",1,98.77907596259617,19183
"(0.7294281157362763, 1.0)",1,98.77902750970036,19184
"(0.9834358767945106, 0.9958292603453894)",1,98.7788930886788,19185
"(0.9748524098350704, 0.9958292603453894)",1,98.77874732312104,19186
"(0.9788980434141724, 0.9958292603453894)",1,98.77871691354208,19187
"(0.7545469576719577, 1.0)",1,98.77849208696868,19188
"(0.9665633291439744, 0.9958292603453894)",1,98.77847793321926,19189
"(0.931200007971039, 0.9916339869281046)",1,98.77846142738144,19190
"(0.9746854694957162, 0.9958292603453894)",1,98.77842427732254,19191
"(0.9437903841498612, 1.0)",1,98.7784147164256,19192
"(0.9609386607489072, 0.9958292603453894)",1,98.77806653870788,19193
"(0.8717520170461346, 0.9958292603453894)",1,98.77762391768609,19194
"(0.917415489944373, 1.0)",1,98.77741909972912,19195
"(0.7155555555555556, 1.0)",1,98.77731265420118,19196
"(0.6907243513029603, 1.0)",1,98.77717270513122,19197
"(0.8586166985951469, 1.0)",1,98.77704096552053,19198
"(0.8717520170461346, 0.9958292603453894)",1,98.77689616654136,19199
"(0.5752595275257699, 1.0)",1,98.77666790751188,19200
"(0.8552744708994707, 1.0)",1,98.7766400685347,19201
"(0.837707400507675, 1.0)",1,98.7765110205426,19202
"(0.8676532769556025, 1.0)",1,98.7764244739349,19203
"(0.9707136080238548, 0.9958292603453894)",1,98.77589287994547,19204
"(0.9707095350359108, 0.9958292603453894)",1,98.77587039195464,19205
"(0.6611650515775019, 0.9992416608232524)",1,98.77586196855628,19206
"(0.987463247273494, 0.9958292603453894)",1,98.77579471406776,19207
"(0.8885714285714285, 1.0)",1,98.77544223509577,19208
"(0.9793747635794354, 0.9958292603453894)",1,98.77488990383182,19209
"(0.944563492063492, 1.0)",1,98.77484025837992,19210
"(0.7416325017951034, 1.0)",1,98.77459953476212,19211
"(0.8929015655249481, 0.9916666666666668)",1,98.7745877288866,19212
"(0.97934925289764, 0.9958292603453894)",1,98.7745272042319,19213
"(0.987463247273494, 0.9958292603453894)",1,98.7744552984288,19214
"(0.9206165335472736, 0.9958292603453894)",1,98.77444168566116,19215
"(0.8151249335459861, 1.0)",1,98.77437467044956,19216
"(0.8633762288330498, 1.0)",1,98.77435020260268,19217
"(0.9490213526488036, 0.9958292603453894)",1,98.77422506953842,19218
"(0.933249791144528, 1.0)",1,98.77399616674404,19219
"(0.9189396095602992, 0.9958292603453894)",1,98.77375017957404,19220
"(0.9705196174266384, 0.9958292603453894)",1,98.7737436628323,19221
"(1.0, 1.0)",1,98.77373737373738,19222
"(0.7532376017916352, 1.0)",1,98.77368056849409,19223
"(0.8970129352925051, 0.9916339869281046)",1,98.77365839452176,19224
"(0.8300265307680562, 1.0)",1,98.77346351432404,19225
"(0.9876221896383188, 0.9958292603453894)",1,98.7727815944874,19226
"(0.81893131227901, 1.0)",1,98.77274145370008,19227
"(0.9958292603453894, 0.9958292603453894)",1,98.7726670994938,19228
"(0.9384174012481092, 0.9958292603453894)",1,98.772526335058,19229
"(0.8982888105990573, 0.991777356103732)",1,98.77224281217894,19230
"(0.602662742458966, 0.9973390598305516)",1,98.77215619000116,19231
"(0.9916585206907788, 0.9958292603453894)",1,98.77203791000628,19232
"(0.8495378883833893, 0.9916585206907788)",1,98.77195446674872,19233
"(0.8229870141950848, 1.0)",1,98.77185398909953,19234
"(0.9583930063253372, 1.0)",1,98.77174867184668,19235
"(0.9788980434141724, 0.9958292603453894)",1,98.77172373418465,19236
"(0.7090909090909091, 1.0)",1,98.77170722483706,19237
"(0.5070372093557577, 1.0)",1,98.7715778840411,19238
"(0.9916585206907788, 0.9958292603453894)",1,98.77153035481705,19239
"(0.9707071808622552, 0.9958292603453894)",1,98.7712762517878,19240
"(0.9790693693461476, 0.9958292603453894)",1,98.77104467640758,19241
"(0.8347775825943863, 0.9958292603453894)",1,98.77100872281868,19242
"(0.9750481776288228, 0.9958292603453894)",2,98.77082714212987,19244
"(0.987491854024112, 0.9958292603453894)",1,98.77064701165996,19245
"(0.8315474711586087, 0.9958292603453894)",1,98.77064144069188,19246
"(0.6108738933623663, 1.0)",1,98.77054188064392,19247
"(0.97934925289764, 0.9958292603453894)",1,98.77035646457728,19248
"(0.9874762808349148, 0.9958292603453894)",1,98.77026679378014,19249
"(0.5592114375870831, 1.0)",3,98.77017056938278,19252
"(0.9297812306740878, 1.0)",1,98.76992410770032,19253
"(0.9916585206907788, 0.9958292603453894)",1,98.7697847385666,19254
"(0.634045584045584, 1.0)",1,98.76971646772137,19255
"(0.9412964149491664, 0.9916339869281046)",1,98.76909950300448,19256
"(0.7946380416968652, 0.9958292603453894)",1,98.76904529255806,19257
"(0.97495917428555, 0.9958292603453894)",1,98.76896143102344,19258
"(0.8958208965097509, 0.9916585206907788)",1,98.76884649889996,19259
"(0.7372334455667788, 1.0)",1,98.76860015667464,19260
"(0.8717520170461346, 0.9958292603453894)",1,98.76843205692172,19261
"(0.983545503234046, 1.0)",1,98.7680264283202,19262
"(0.514585158944719, 0.9988619159967322)",3,98.76784507545273,19265
"(0.4039045743444857, 1.0)",1,98.76763779719737,19266
"(0.9580331374974232, 1.0)",1,98.76739421423623,19267
"(0.9916585206907788, 0.9958292603453894)",1,98.76731006421318,19268
"(0.9707071808622552, 0.9958292603453894)",1,98.7671055121332,19269
"(0.7965746171391332, 1.0)",1,98.76705316714596,19270
"(0.9199973910846122, 0.9873891625615764)",1,98.76681992939976,19271
"(0.7545469576719577, 1.0)",1,98.76643395540032,19272
"(0.9916585206907788, 0.9958292603453894)",1,98.76618873009365,19273
"(0.4943189964157706, 1.0)",1,98.76595593115636,19274
"(0.9377148530109056, 0.991206314397104)",1,98.76590394361538,19275
"(0.7416325017951034, 1.0)",1,98.76546616871052,19276
"(0.4039045743444857, 1.0)",1,98.76524174132952,19277
"(0.9624268025880928, 0.9958292603453894)",1,98.76507565338342,19278
"(0.9833229101521784, 1.0)",2,98.76494512655266,19280
"(0.8996392387758612, 0.9916339869281046)",1,98.76480510088484,19281
"(0.9750780096985032, 0.9958292603453894)",2,98.7646824262668,19283
"(0.9182966261114094, 0.9916585206907788)",1,98.76454510256336,19284
"(0.9057330122004186, 0.991206314397104)",1,98.76420464083176,19285
"(0.9958292603453894, 1.0)",1,98.76399082974498,19286
"(0.5083135416096426, 0.9984817852901372)",1,98.76386105015308,19287
"(0.9916585206907788, 0.9958292603453894)",1,98.76381827494887,19288
"(0.9199973910846122, 0.9873891625615764)",1,98.76377479821782,19289
"(0.8468089381754635, 1.0)",1,98.76357382921296,19290
"(0.7903875985986362, 1.0)",1,98.76355315323303,19291
"(0.7214747213672065, 0.9996210215628012)",1,98.76340636089353,19292
"(0.9790693693461476, 0.9958292603453894)",1,98.7632526234621,19293
"(0.7371074312749817, 1.0)",1,98.7631900119406,19294
"(0.8695210904700781, 0.9916585206907788)",1,98.7630526819863,19295
"(0.8471527473990528, 1.0)",1,98.76301701262432,19296
"(0.8885714285714285, 1.0)",1,98.76301272424256,19297
"(0.8762860082304527, 1.0)",1,98.7629601556493,19298
"(0.8937718863178524, 0.991777356103732)",2,98.76257639489371,19300
"(0.971023600055858, 0.9958292603453894)",1,98.76249107236966,19301
"(0.9262130464282252, 0.991206314397104)",2,98.76246854955278,19303
"(0.9832965806068272, 1.0)",1,98.7622488533132,19304
"(0.7277677677677677, 1.0)",1,98.76190602969864,19305
"(1.0, 1.0)",1,98.76170899859753,19306
"(0.8552744708994707, 1.0)",1,98.7614608993035,19307
"(0.97495917428555, 0.9958292603453894)",1,98.76089030227868,19308
"(0.9466127311522048, 0.991206314397104)",2,98.76064159780104,19310
"(0.9041196741854636, 0.991206314397104)",3,98.76060009204046,19313
"(0.9412964149491664, 0.9916339869281046)",1,98.76026099321857,19314
"(0.738145558145558, 1.0)",1,98.76018168624412,19315
"(0.930124456440246, 1.0)",1,98.76005122364658,19316
"(0.6219687519109642, 1.0)",1,98.75986480635176,19317
"(0.8848000715856217, 1.0)",1,98.75929980542224,19318
"(0.9876221896383188, 0.9958292603453894)",1,98.75902940642024,19319
"(0.9501563219469168, 0.9958292603453894)",1,98.75902138971612,19320
"(0.7377975062704127, 1.0)",1,98.75810909383452,19321
"(0.7340930674264006, 1.0)",1,98.7579702510727,19322
"(0.738145558145558, 1.0)",1,98.75796357639058,19323
"(0.9790693693461476, 0.9958292603453894)",1,98.75786314534308,19324
"(0.9253213924599162, 0.9882048106149588)",1,98.75777949217712,19325
"(0.8151249335459861, 1.0)",1,98.75763094358751,19326
"(0.8760238095238095, 0.9958292603453894)",1,98.75752387855162,19327
"(0.9114218054477384, 0.9916339869281046)",1,98.75731731729138,19328
"(1.0, 0.9958292603453894)",1,98.7573104932241,19329
"(0.94291309888229, 0.991206314397104)",1,98.75718312071444,19330
"(0.8996392387758612, 0.9916339869281046)",1,98.75695876742212,19331
"(0.6387464387464387, 1.0)",6,98.75560342234331,19337
"(0.9876106894370652, 0.9958292603453894)",1,98.75528452683632,19338
"(0.962505246140658, 0.9958292603453894)",1,98.75524398424793,19339
"(0.7371074312749817, 1.0)",1,98.75519734198951,19340
"(0.6042502004811546, 1.0)",1,98.75490914372136,19341
"(0.8907966222338917, 0.9958292603453894)",1,98.75480629332692,19342
"(0.9199973910846122, 0.9958292603453894)",1,98.75467549541592,19343
"(0.7069597069597069, 1.0)",1,98.75435349649186,19344
"(0.9832184229069656, 0.9958292603453894)",1,98.7542824415282,19345
"(0.987491854024112, 0.9958292603453894)",1,98.75401555973438,19346
"(0.4943189964157706, 1.0)",1,98.75393511129504,19347
"(0.9669795885118464, 0.9958292603453894)",1,98.75366070427188,19348
"(0.7344692811916678, 1.0)",1,98.75337215112268,19349
"(0.7647742788871822, 1.0)",1,98.75330167669324,19350
"(0.9057330122004186, 0.991206314397104)",1,98.75322060196272,19351
"(0.9326599326599326, 1.0)",1,98.75308169849625,19352
"(0.94291309888229, 0.991206314397104)",1,98.7525546080628,19353
"(0.9057330122004186, 0.991206314397104)",2,98.752381971931,19355
"(0.9377148530109056, 0.991206314397104)",1,98.75235547838328,19356
"(0.9747273037595618, 0.9958292603453894)",1,98.75215025977184,19357
"(0.9369808292429718, 0.9874877810361682)",1,98.75210579417642,19358
"(0.9229651974750014, 0.9916339869281046)",1,98.7514449830192,19359
"(0.94291309888229, 0.991206314397104)",1,98.7510836734458,19360
"(0.8907966222338917, 0.9958292603453894)",1,98.7510290171676,19361
"(0.987491854024112, 1.0)",1,98.75088232527828,19362
"(0.7221365682542256, 0.9988619159967322)",1,98.75059120767664,19363
"(0.6747507742934573, 1.0)",1,98.75031086261208,19364
"(0.8996392387758612, 0.9916339869281046)",2,98.75005315942845,19366
"(0.9262130464282252, 0.991206314397104)",1,98.74965194145604,19367
"(0.9665633291439744, 0.9958292603453894)",1,98.74956858355566,19368
"(0.9751539794803552, 0.9958292603453894)",1,98.74949177923456,19369
"(0.8804215399610136, 0.991206314397104)",1,98.74914924359028,19370
"(0.94291309888229, 0.991206314397104)",2,98.74914765727716,19372
"(0.9333044546043194, 0.9958292603453894)",1,98.74903595499514,19373
"(0.9157097551404952, 0.9916585206907788)",1,98.74894511669304,19374
"(0.8885714285714285, 1.0)",1,98.7488973356629,19375
"(0.7786375661375661, 1.0)",1,98.74840555411024,19376
"(0.9157097551404952, 0.9958292603453894)",1,98.74771541169542,19377
"(0.8506653943511476, 0.991206314397104)",1,98.74756409034164,19378
"(0.9490213526488036, 0.9916585206907788)",1,98.74745845464054,19379
"(0.9326599326599326, 1.0)",1,98.74667114785989,19380
"(0.8165520116739629, 1.0)",1,98.74666575763726,19381
"(0.6907243513029603, 1.0)",1,98.7464477067858,19382
"(0.9788980434141724, 0.9958292603453894)",1,98.7463432965746,19383
"(0.9622634791942192, 0.9916666666666668)",1,98.74614273231276,19384
"(0.91326516498939, 0.9916339869281046)",1,98.74589549371422,19385
"(0.930124456440246, 1.0)",1,98.74573851222324,19386
"(0.4747763864042934, 1.0)",1,98.74528205798242,19387
"(0.8467532467532467, 1.0)",1,98.74516835447068,19388
"(0.9665831244778612, 1.0)",1,98.74510236376672,19389
"(0.7713401051412279, 1.0)",1,98.7443489650196,19390
"(0.8762860082304527, 1.0)",1,98.74375058373536,19391
"(0.9833251873574456, 0.9958292603453894)",1,98.74341842957034,19392
"(0.4195358585602487, 1.0)",1,98.74329880764134,19393
"(0.5070372093557577, 1.0)",1,98.74315623881282,19394
"(0.9369138996969484, 0.9958292603453894)",1,98.74313153301183,19395
"(0.5070372093557577, 1.0)",1,98.74307554159368,19396
"(0.9583930063253372, 1.0)",1,98.74251272169992,19397
"(0.7077308656256025, 1.0)",1,98.74246430035905,19398
"(0.9581458989353726, 1.0)",1,98.74234874417348,19399
"(0.961552316099405, 0.9958292603453894)",1,98.7416872089074,19400
"(0.9749706744868036, 0.9958292603453894)",1,98.74144634881964,19401
"(0.9157097551404952, 0.9958292603453894)",1,98.74121180555346,19402
"(0.8365328658269835, 0.9916585206907788)",1,98.74108700755347,19403
"(0.7965746171391332, 1.0)",1,98.74103101794432,19404
"(0.94291309888229, 0.991206314397104)",1,98.7409481920169,19405
"(0.950297813353496, 0.9958292603453894)",1,98.74085643887685,19406
"(0.9466127311522048, 0.991206314397104)",1,98.74082505200676,19407
"(0.8165509259259259, 1.0)",1,98.74069374418806,19408
"(0.9243707071934514, 0.9916339869281046)",1,98.74013185799272,19409
"(0.844988344988345, 1.0)",1,98.73996964163356,19410
"(0.8880984643179766, 1.0)",1,98.73994962823542,19411
"(0.9666562434855118, 1.0)",1,98.73988933025224,19412
"(0.9501563219469168, 0.9958292603453894)",2,98.73983500909765,19414
"(0.9331662489557224, 1.0)",1,98.73946678200348,19415
"(0.9916585206907788, 0.9958292603453894)",1,98.73939057940149,19416
"(0.9829909379735984, 0.9958292603453894)",1,98.73937226757212,19417
"(0.9833040078201368, 0.9958292603453894)",1,98.73929524092485,19418
"(0.701311097281492, 1.0)",1,98.7391635724344,19419
"(0.9622634791942192, 0.9958292603453894)",1,98.73889858759274,19420
"(0.8137865219658889, 1.0)",1,98.73875977137912,19421
"(0.8996392387758612, 0.9916339869281046)",1,98.73872885216863,19422
"(0.5775969264976549, 0.9996210215628012)",1,98.73870884044652,19423
"(0.9280459216361852, 0.9958292603453894)",1,98.73869343741434,19424
"(0.9365496267832196, 0.9916585206907788)",1,98.73865497915092,19425
"(0.8810064268049709, 0.991206314397104)",1,98.7379326169654,19426
"(0.9131856219190184, 0.9958292603453894)",1,98.73791157875552,19427
"(0.9501563219469168, 0.9958292603453894)",1,98.73783205890513,19428
"(0.7545469576719577, 1.0)",1,98.73772790621976,19429
"(0.9583930063253372, 1.0)",1,98.73752281356218,19430
"(0.7294281157362763, 1.0)",1,98.73747045716678,19431
"(0.81893131227901, 1.0)",1,98.7372753175174,19432
"(0.6886904761904762, 1.0)",1,98.73704756971036,19433
"(0.7492637423027605, 1.0)",1,98.73642402338636,19434
"(0.9377148530109056, 0.991206314397104)",3,98.73625942109248,19437
"(0.9369808292429718, 0.9958292603453894)",1,98.7359226091329,19438
"(0.8761383419447936, 0.9916339869281046)",1,98.73591545680826,19439
"(0.9609386607489072, 0.9958292603453894)",1,98.73579752641344,19440
"(0.975195619792394, 0.9958292603453894)",1,98.735601557375,19441
"(0.9833040078201368, 0.9958292603453894)",1,98.73553514891012,19442
"(0.9546499948224086, 0.9958292603453894)",1,98.7354925352508,19443
"(0.9166145507608924, 1.0)",1,98.73546903405988,19444
"(0.94291309888229, 0.991206314397104)",1,98.73497969130835,19445
"(0.8974984433303618, 0.9873891625615764)",2,98.73484552291768,19447
"(0.8885714285714285, 1.0)",1,98.73479757438125,19448
"(0.97934925289764, 0.9958292603453894)",1,98.73446605817094,19449
"(0.7372334455667788, 1.0)",2,98.7340329159818,19451
"(0.9045740456093042, 0.9882048106149588)",1,98.73400355000506,19452
"(0.8970129352925051, 0.9916339869281046)",2,98.7339622510367,19454
"(0.9618291283060416, 0.9958292603453894)",1,98.73384066362917,19455
"(0.4195358585602487, 1.0)",1,98.73370570615548,19456
"(0.91326516498939, 0.9916339869281046)",1,98.7335857082256,19457
"(0.9958292603453894, 0.9958292603453894)",1,98.73341714375672,19458
"(0.5832694035524224, 0.9988619159967322)",3,98.73331936732669,19461
"(0.9498370804822418, 0.9916339869281046)",1,98.73274107471354,19462
"(0.6907243513029603, 1.0)",1,98.73252876620802,19463
"(0.6215073982652175, 1.0)",1,98.73199846846408,19464
"(0.979055829228243, 0.9958292603453894)",1,98.73177884309816,19465
"(0.9658159033159032, 0.9958292603453894)",1,98.73142853727946,19466
"(0.8586166985951469, 1.0)",1,98.7313358244047,19467
"(0.6042502004811546, 1.0)",1,98.731302825536,19468
"(0.9333044546043194, 0.9958292603453894)",1,98.7312101048926,19469
"(0.9377148530109056, 0.991206314397104)",1,98.73114827789568,19470
"(0.979055829228243, 0.9958292603453894)",1,98.73092779977742,19471
"(0.9161379295307868, 1.0)",1,98.7308190268081,19472
"(0.9106847145222836, 0.9882048106149588)",1,98.73074183770136,19473
"(0.9748461391725148, 1.0)",1,98.730678640793,19474
"(0.9580331374974232, 1.0)",1,98.7296525151656,19475
"(0.9368376974614298, 0.9916585206907788)",1,98.72964223010244,19476
"(0.917849761232425, 0.9882048106149588)",1,98.72923638449706,19477
"(0.9750072792119512, 1.0)",1,98.7288996321129,19478
"(0.9708582256511328, 0.9873891625615764)",1,98.72879667272866,19479
"(0.7371074312749817, 1.0)",1,98.72812167216772,19480
"(0.9916339869281046, 0.9958292603453894)",1,98.72805653914466,19481
"(0.979166518665308, 1.0)",1,98.72803626704558,19482
"(0.9536653605723816, 0.9958292603453894)",1,98.72784334478202,19483
"(0.4776542240827955, 1.0)",1,98.72776254406268,19484
"(0.9916585206907788, 0.9958292603453894)",1,98.7276386042005,19485
"(0.8867361313822293, 0.9958292603453894)",1,98.72743853057332,19486
"(0.9750943974852894, 0.9873891625615764)",1,98.726968343477,19487
"(0.9466127311522048, 0.991206314397104)",1,98.72626416948476,19488
"(0.903667392883079, 1.0)",1,98.72615368036132,19489
"(0.8443691323092412, 0.9958292603453894)",1,98.72607321310508,19490
"(0.6886904761904762, 1.0)",1,98.72599804149304,19491
"(0.6886904761904762, 1.0)",1,98.72582993733556,19492
"(0.8312205288949474, 1.0)",1,98.72579268462844,19493
"(0.9205517358458536, 0.9916339869281046)",1,98.72551222425754,19494
"(0.9282083232965586, 0.9873891625615764)",2,98.72514095466808,19496
"(0.9791258409522168, 0.9958292603453894)",1,98.7241439161968,19497
"(0.9205517358458536, 0.9873891625615764)",1,98.723916380492,19498
"(0.81893131227901, 1.0)",1,98.72367258642316,19499
"(0.7047489872685186, 1.0)",1,98.72366458175478,19500
"(0.7294281157362763, 1.0)",1,98.72363779859728,19501
"(0.9874877810361682, 0.9958292603453894)",1,98.723227747805,19502
"(0.81893131227901, 1.0)",1,98.72310852040246,19503
"(0.9834358767945106, 0.9958292603453894)",1,98.72298042243196,19504
"(0.7340930674264006, 1.0)",1,98.72297428819168,19505
"(0.9665831244778612, 1.0)",1,98.72283442391802,19506
"(0.9916585206907788, 0.9958292603453894)",1,98.72280639536324,19507
"(0.8958208965097509, 0.9958292603453894)",1,98.72240674884556,19508
"(0.9377148530109056, 0.991206314397104)",1,98.72220302182032,19509
"(0.8717520170461346, 0.9958292603453894)",1,98.72216952678863,19510
"(0.7042648709315374, 1.0)",1,98.72192241024702,19511
"(0.987491854024112, 0.9958292603453894)",1,98.72188867285676,19512
"(0.9871616776282092, 0.9958292603453894)",1,98.72163333587451,19513
"(0.94291309888229, 0.991206314397104)",2,98.72158785153049,19515
"(0.829593594810986, 1.0)",1,98.72150706458922,19516
"(0.7374768177381903, 0.991206314397104)",1,98.72122972774368,19517
"(0.9182966261114094, 0.9958292603453894)",1,98.72086711510067,19518
"(0.9873444118605408, 0.9958292603453894)",1,98.72080832922236,19519
"(0.9445235834124724, 1.0)",1,98.72053540689184,19520
"(0.9916585206907788, 0.9958292603453894)",1,98.72012543403017,19521
"(0.9114218054477384, 0.9916339869281046)",1,98.720119271736,19522
"(0.9916585206907788, 0.9958292603453894)",1,98.71970985825666,19523
"(0.8315474711586087, 0.9958292603453894)",1,98.71963304729113,19524
"(0.9835199925522506, 0.9958292603453894)",1,98.71929519968302,19525
"(0.93795454842108, 0.9916339869281046)",1,98.7191552799972,19526
"(0.9916339869281046, 0.9958292603453894)",1,98.7188324104288,19527
"(0.8365328658269835, 0.9958292603453894)",1,98.71872660891754,19528
"(0.9546499948224086, 0.9958292603453894)",1,98.71859021582448,19529
"(0.7651777469990767, 0.991206314397104)",1,98.71858734639729,19530
"(0.5118812113070996, 0.9987500214884376)",1,98.71849878450516,19531
"(0.6460231360441068, 0.9950429441987424)",1,98.7179503374862,19532
"(0.564922563324656, 0.996575280197092)",1,98.71768585406298,19533
"(0.8478418336329888, 0.991206314397104)",1,98.71768577793596,19534
"(0.90650529457547, 0.9916339869281046)",1,98.71743651575942,19535
"(0.861111111111111, 1.0)",1,98.7170946867683,19536
"(0.9013741688985591, 0.9958292603453894)",1,98.71662980146428,19537
"(0.9466127311522048, 0.991206314397104)",1,98.71658483492762,19538
"(0.4039045743444857, 1.0)",1,98.71652163128267,19539
"(0.9834358767945106, 0.9958292603453894)",1,98.71613660772604,19540
"(0.8717520170461346, 0.9916585206907788)",1,98.71612408491237,19541
"(0.9873891625615764, 0.9958292603453894)",2,98.71559304945036,19543
"(0.8467532467532467, 1.0)",1,98.7155684891495,19544
"(0.8552744708994707, 1.0)",1,98.71551516745131,19545
"(0.8347775825943863, 0.9958292603453894)",1,98.715330711132,19546
"(0.9666562434855118, 1.0)",1,98.71516509068964,19547
"(0.9131856219190184, 0.9958292603453894)",1,98.71479674949934,19548
"(0.9581458989353726, 1.0)",1,98.7147308174134,19549
"(0.8506653943511476, 0.991206314397104)",3,98.7146323452231,19552
"(0.8229870141950848, 1.0)",1,98.714582546965,19553
"(0.974833726256876, 0.9958292603453894)",1,98.71457164777058,19554
"(0.9958292603453894, 0.9958292603453894)",1,98.71430986764383,19555
"(0.93773047895128, 0.9958292603453894)",1,98.71420913479524,19556
"(0.9873891625615764, 0.9958292603453894)",1,98.71420699889234,19557
"(0.8478418336329888, 0.991206314397104)",2,98.71405511910852,19559
"(0.944563492063492, 1.0)",1,98.71383328069174,19560
"(0.6636745887678723, 1.0)",1,98.71367654072274,19561
"(0.9377148530109056, 0.991206314397104)",2,98.71360414476842,19563
"(0.9674564520532262, 0.9958292603453894)",1,98.7123398861323,19564
"(0.9626794901621506, 0.9916585206907788)",1,98.71223419955122,19565
"(0.9793747635794354, 0.9958292603453894)",1,98.71223182867394,19566
"(0.9262130464282252, 0.991206314397104)",1,98.71219740096156,19567
"(0.9873444118605408, 0.9958292603453894)",1,98.7121525580522,19568
"(0.949977467563772, 0.9958292603453894)",1,98.7120294129504,19569
"(0.931200007971039, 0.9916339869281046)",1,98.71199256577052,19570
"(0.7498057498057498, 1.0)",1,98.71166541391496,19571
"(0.6050868628167587, 0.9996210215628012)",3,98.71152085454638,19574
"(0.9791388745136372, 0.9958292603453894)",1,98.71133104081964,19575
"(0.965648083497546, 0.9958292603453894)",1,98.71106325450408,19576
"(0.8867361313822293, 0.9916585206907788)",1,98.71092167624506,19577
"(0.958095238095238, 0.9958292603453894)",1,98.71081278218848,19578
"(0.9445235834124724, 1.0)",1,98.71068326045254,19579
"(0.7651777469990767, 0.991206314397104)",1,98.71054022440424,19580
"(0.5961857774666546, 0.9992416608232524)",1,98.71052310940912,19581
"(0.7647742788871822, 1.0)",1,98.71049667261464,19582
"(0.9522870228046522, 0.9882048106149588)",1,98.71024369297749,19583
"(0.6786000457875457, 1.0)",1,98.71021100146224,19584
"(0.5734466317588319, 0.9984817852901372)",2,98.71014560846857,19586
"(0.8165509259259259, 1.0)",1,98.70972763833612,19587
"(0.7612958226768967, 1.0)",1,98.70957556367016,19588
"(0.9707136080238548, 0.9958292603453894)",1,98.70950465856563,19589
"(0.9454999712494968, 0.9916585206907788)",1,98.7094278127288,19590
"(0.5675807533251369, 1.0)",1,98.7094204098686,19591
"(0.8310777799491891, 0.9882048106149588)",1,98.70924151827204,19592
"(0.8266173510466989, 1.0)",1,98.70919864071952,19593
"(0.975479255167798, 0.9958292603453894)",1,98.70898783063572,19594
"(0.903667392883079, 1.0)",1,98.70890294164502,19595
"(0.5208957469413343, 0.9981012669018314)",1,98.70865281220904,19596
"(0.8165509259259259, 1.0)",1,98.70861961586698,19597
"(0.9958292603453894, 0.9958292603453894)",1,98.70837627980012,19598
"(0.7545469576719577, 1.0)",2,98.70832969978989,19600
"(0.949977467563772, 0.9958292603453894)",1,98.70815877378566,19601
"(0.987463247273494, 0.9958292603453894)",1,98.70813058811414,19602
"(0.7000013129045387, 1.0)",1,98.70748957261137,19603
"(0.4039045743444857, 1.0)",1,98.70740739945649,19604
"(0.7294281157362763, 1.0)",1,98.70723093379311,19605
"(0.9333152311646936, 0.9873891625615764)",1,98.7069168672774,19606
"(0.9412964149491664, 0.9916339869281046)",1,98.70688206150022,19607
"(0.9833251873574456, 0.9958292603453894)",1,98.70680315102209,19608
"(0.9833229101521784, 1.0)",1,98.70642746159236,19609
"(0.8315474711586087, 0.9958292603453894)",1,98.70633238414096,19610
"(0.9791332681655264, 0.9958292603453894)",1,98.70592442384564,19611
"(0.6050868628167587, 0.9992416608232524)",2,98.7057822178884,19613
"(0.8478418336329888, 0.991206314397104)",1,98.70577992870408,19614
"(0.4525211933060535, 0.9992416608232524)",3,98.7057723355521,19617
"(0.8495378883833893, 0.9958292603453894)",1,98.70562350633789,19618
"(0.7524760273298283, 0.991206314397104)",1,98.70537046182856,19619
"(0.9707095350359108, 0.9958292603453894)",1,98.70513389989937,19620
"(0.9018806250259218, 1.0)",1,98.70501395128366,19621
"(0.9206165335472736, 0.9958292603453894)",1,98.7047283389169,19622
"(0.8796475392220073, 1.0)",1,98.7045564325104,19623
"(0.8745860467551234, 0.9916585206907788)",1,98.70427755673678,19624
"(0.7711781618000022, 1.0)",1,98.70389203383046,19625
"(0.8587708587708588, 1.0)",1,98.70388523363395,19626
"(0.9131856219190184, 0.9958292603453894)",1,98.70380761077097,19627
"(0.9280459216361852, 0.9958292603453894)",1,98.70370540879829,19628
"(0.7000013129045387, 1.0)",1,98.70365391395336,19629
"(0.987491854024112, 0.9958292603453894)",1,98.7034472106423,19630
"(0.9228120179844318, 0.9873891625615764)",1,98.7033279160643,19631
"(0.9834113430318364, 0.9958292603453894)",1,98.70331243860927,19632
"(0.8996392387758612, 0.9873891625615764)",1,98.70239604905078,19633
"(0.738145558145558, 1.0)",1,98.70216353535776,19634
"(0.8761383419447936, 0.9916339869281046)",1,98.70204770057936,19635
"(0.9161379295307868, 1.0)",1,98.7019752030893,19636
"(0.9618291283060416, 0.9958292603453894)",1,98.70195726227874,19637
"(0.9018806250259218, 1.0)",2,98.70186548170932,19639
"(0.9377148530109056, 0.991206314397104)",1,98.70179265529686,19640
"(0.9916585206907788, 0.9958292603453894)",1,98.70107560493416,19641
"(0.9916585206907788, 0.9958292603453894)",1,98.70081645865376,19642
"(0.6886904761904762, 1.0)",1,98.70080657278557,19643
"(0.91326516498939, 0.9916339869281046)",1,98.70073936213342,19644
"(0.91326516498939, 0.9916339869281046)",1,98.70069040801263,19645
"(0.961552316099405, 0.9958292603453894)",1,98.70068010834188,19646
"(0.8796475392220073, 1.0)",1,98.70036093825016,19647
"(0.916110211619383, 0.9916339869281046)",1,98.70035641165327,19648
"(0.8449978636391381, 0.9882048106149588)",1,98.70005292975137,19649
"(0.8996392387758612, 0.9916339869281046)",1,98.70003828952582,19650
"(0.9166682405676116, 1.0)",1,98.69997853861128,19651
"(0.4743478079735079, 0.9992416608232524)",3,98.69982702426869,19654
"(0.9582210352371644, 0.9958292603453894)",1,98.6997374596796,19655
"(0.8929015655249481, 0.9916666666666668)",1,98.69969793540432,19656
"(0.861111111111111, 1.0)",1,98.69958642592836,19657
"(0.9490213526488036, 0.9916585206907788)",1,98.6995741029364,19658
"(0.9714797495442656, 0.9958292603453894)",2,98.6990255788779,19660
"(0.9198255060602112, 0.9916585206907788)",1,98.69894523205392,19661
"(0.6886904761904762, 1.0)",1,98.69883216218628,19662
"(0.97495917428555, 0.9958292603453894)",1,98.69848939522798,19663
"(0.6886904761904762, 1.0)",1,98.69833272435402,19664
"(0.701112807238778, 1.0)",1,98.69805731651466,19665
"(0.944563492063492, 1.0)",1,98.69801559434671,19666
"(0.5642422164950636, 1.0)",1,98.69793549492336,19667
"(0.93773047895128, 0.9958292603453894)",1,98.69750368519564,19668
"(0.9874877810361682, 0.9958292603453894)",1,98.69749671230348,19669
"(0.8916052423523688, 0.9873891625615764)",1,98.69740454764748,19670
"(0.8761383419447936, 0.9916339869281046)",1,98.69714118976296,19671
"(0.8928598364786969, 0.9958292603453894)",1,98.69708401249837,19672
"(0.9466127311522048, 0.991206314397104)",1,98.6968280403685,19673
"(0.987463247273494, 0.9958292603453894)",2,98.69671585480424,19675
"(0.5443142824598124, 1.0)",1,98.69594039902393,19676
"(0.5035807326063234, 0.9992416608232524)",3,98.6956217708453,19679
"(0.991777356103732, 0.9958292603453894)",1,98.69531544072936,19680
"(0.94291309888229, 0.991206314397104)",1,98.6952606065072,19681
"(0.6747507742934573, 1.0)",1,98.69516233178312,19682
"(0.9293300445873568, 0.9873891625615764)",1,98.69500550097864,19683
"(0.97899550533801, 0.9958292603453894)",1,98.6949720504976,19684
"(0.9008627640703112, 1.0)",1,98.6947455196504,19685
"(0.8478418336329888, 0.991206314397104)",1,98.6945558919689,19686
"(0.9300671002153482, 1.0)",1,98.69452780427086,19687
"(0.7545469576719577, 1.0)",1,98.69448044371316,19688
"(0.9756244289830628, 0.9958292603453894)",1,98.69442050910456,19689
"(0.7453091184935634, 0.991206314397104)",1,98.69388547438813,19690
"(0.9435817855979146, 0.9958292603453894)",1,98.69376706796108,19691
"(0.9916585206907788, 0.9958292603453894)",1,98.6933036690955,19692
"(0.9747273037595618, 0.9958292603453894)",1,98.69282900207268,19693
"(0.9916585206907788, 0.9958292603453894)",1,98.69252891691168,19694
"(0.961552316099405, 0.9958292603453894)",1,98.69245663388304,19695
"(0.9793747635794354, 0.9958292603453894)",1,98.69239440441338,19696
"(0.3930894945067609, 0.9987499746026686)",1,98.69232078364094,19697
"(0.5452310701354139, 0.9973390598305516)",1,98.69222276635053,19698
"(0.8312205288949474, 1.0)",1,98.69204287661938,19699
"(0.8506653943511476, 0.991206314397104)",3,98.69175557322345,19702
"(0.9743030741133208, 0.9958292603453894)",1,98.69170115337194,19703
"(0.978932178932179, 0.9958292603453894)",1,98.69167348702572,19704
"(1.0, 0.9958292603453894)",1,98.69167126265124,19705
"(0.9835199925522506, 0.9958292603453894)",1,98.691666506463,19706
"(0.9793747635794354, 0.9958292603453894)",1,98.69151902948842,19707
"(0.8315474711586087, 0.9958292603453894)",1,98.69124023235791,19708
"(0.949977467563772, 0.9958292603453894)",1,98.69079906877772,19709
"(0.979051756240299, 0.9958292603453894)",1,98.69078643019598,19710
"(0.9377148530109056, 0.991206314397104)",1,98.6907764690868,19711
"(0.961552316099405, 0.9958292603453894)",1,98.690500592281,19712
"(0.8315474711586087, 0.9958292603453894)",1,98.6904613834568,19713
"(0.5005466528962331, 0.9988619159967322)",1,98.69045384237783,19714
"(0.9041196741854636, 0.991206314397104)",3,98.69027136842378,19717
"(1.0, 1.0)",1,98.69022803817586,19718
"(0.9609386607489072, 0.9958292603453894)",1,98.69021831522149,19719
"(0.5125574921326554, 1.0)",3,98.6901811425444,19722
"(0.7711781618000022, 1.0)",1,98.69005937526096,19723
"(0.3067412107187314, 0.9992416608232524)",3,98.69001025014413,19726
"(0.954238558835333, 0.9916339869281046)",1,98.6899652862098,19727
"(0.485879976270526, 0.9992416608232524)",3,98.68983549244702,19730
"(0.9916585206907788, 0.9958292603453894)",1,98.68968480995711,19731
"(0.9516794286955578, 0.9958292603453894)",1,98.689440697131,19732
"(0.9664178541946324, 0.9873891625615764)",1,98.68943170863356,19733
"(0.9009287520039462, 1.0)",1,98.68933144136346,19734
"(0.933249791144528, 1.0)",1,98.689193043149,19735
"(0.7524760273298283, 0.991206314397104)",3,98.68911688361352,19738
"(0.5485994340225477, 0.9996210215628012)",1,98.68909176599628,19739
"(0.9161379295307868, 1.0)",1,98.68904914459031,19740
"(0.971023600055858, 0.9958292603453894)",1,98.68883046864968,19741
"(0.987491854024112, 0.9958292603453894)",1,98.6887934958086,19742
"(0.9792521035784794, 0.9958292603453894)",1,98.68866474638388,19743
"(0.93795454842108, 0.9916339869281046)",1,98.68848539280262,19744
"(0.931200007971039, 0.9873891625615764)",1,98.68842481152244,19745
"(0.5361367504335325, 0.9988619159967322)",3,98.68834123515184,19748
"(0.738145558145558, 1.0)",1,98.68805690352995,19749
"(0.8552744708994707, 1.0)",1,98.68792637137297,19750
"(0.4994316028798788, 1.0)",1,98.68738981025687,19751
"(0.9788980434141724, 0.9958292603453894)",1,98.68731062811956,19752
"(0.6784722222222224, 1.0)",1,98.6872171029868,19753
"(0.865581803207783, 0.991206314397104)",1,98.68719120785308,19754
"(0.987491854024112, 0.9958292603453894)",1,98.68685775598344,19755
"(0.8506653943511476, 0.991206314397104)",1,98.6866716613502,19756
"(0.6784722222222224, 1.0)",1,98.68664566662588,19757
"(0.9009534009534008, 1.0)",1,98.68663891393436,19758
"(0.7222222222222221, 1.0)",1,98.68661737153766,19759
"(0.4776877676981033, 0.9988619159967322)",3,98.68652383754863,19762
"(0.8907966222338917, 0.9958292603453894)",1,98.68651277171593,19763
"(0.9297326845255915, 0.9916585206907788)",1,98.68616618371168,19764
"(0.4606973696770164, 0.9975000781372088)",1,98.68561719145008,19765
"(0.8867361313822293, 0.9958292603453894)",1,98.6854212600104,19766
"(0.5131569832583307, 1.0)",1,98.68489220000156,19767
"(0.9333044546043194, 0.9958292603453894)",2,98.68451832686824,19769
"(0.6886904761904762, 1.0)",1,98.68448100408511,19770
"(0.4897415065188988, 0.9992416608232524)",3,98.68417152280304,19773
"(0.386131416575074, 1.0)",1,98.68343915901409,19774
"(0.5118812113070996, 1.0)",1,98.68337797204543,19775
"(0.9374843410636878, 0.9916339869281046)",1,98.68331658461226,19776
"(0.944563492063492, 1.0)",1,98.6832443821682,19777
"(0.7946380416968652, 0.9958292603453894)",1,98.68318704792642,19778
"(0.8907966222338917, 0.9958292603453894)",1,98.68299246313694,19779
"(0.9746535316523212, 0.9958292603453894)",1,98.6829792081638,19780
"(0.917849761232425, 1.0)",1,98.68272636602438,19781
"(0.8506653943511476, 0.991206314397104)",1,98.68261637848492,19782
"(0.954238558835333, 0.9916339869281046)",1,98.68259178636411,19783
"(0.9218558227888856, 0.9916339869281046)",1,98.68226181868788,19784
"(0.7372334455667788, 1.0)",1,98.68223245977067,19785
"(0.8229870141950848, 1.0)",1,98.68181898398127,19786
"(0.5450348040348041, 0.9977203590215908)",1,98.68176746099026,19787
"(0.9454999712494968, 0.9958292603453894)",1,98.6812118629541,19788
"(0.4755355605353038, 0.9977203590215908)",1,98.68117146759003,19789
"(0.6575398846941737, 1.0)",1,98.68111515844431,19790
"(0.8165509259259259, 1.0)",1,98.68107367056234,19791
"(0.971023600055858, 0.9958292603453894)",2,98.68085143306398,19793
"(0.81893131227901, 1.0)",1,98.68074819207052,19794
"(0.9916585206907788, 0.9958292603453894)",1,98.67995584967086,19795
"(0.8929015655249481, 0.9958292603453894)",1,98.67981109531571,19796
"(0.9262130464282252, 0.991206314397104)",1,98.67946568098937,19797
"(0.9496114574862204, 0.9873891625615764)",1,98.679275956304,19798
"(0.9833040078201368, 0.9958292603453894)",1,98.67899289814284,19799
"(0.812557599070401, 1.0)",1,98.67897749306384,19800
"(0.9747838672665278, 1.0)",1,98.67892082271506,19801
"(0.9466127311522048, 0.991206314397104)",1,98.67865606586074,19802
"(0.9331602474692836, 0.9958292603453894)",1,98.67840494361892,19803
"(0.9289899460589116, 0.9873891625615764)",1,98.6781278874346,19804
"(0.9497171590194846, 1.0)",1,98.67808028131464,19805
"(0.7042648709315374, 1.0)",1,98.6779402433868,19806
"(0.9580602951397298, 0.9958292603453894)",1,98.67767695405117,19807
"(0.5684333674913385, 1.0)",1,98.67753572479069,19808
"(0.9228120179844318, 0.9916339869281046)",1,98.6769373574088,19809
"(0.987463247273494, 0.9958292603453894)",1,98.6768593512824,19810
"(0.9153439153439152, 1.0)",1,98.67680424228756,19811
"(0.8916052423523688, 0.9916339869281046)",1,98.67645879584904,19812
"(0.599744651595403, 1.0)",2,98.67613136100628,19814
"(0.8495378883833893, 0.9916585206907788)",1,98.67601179923484,19815
"(0.9797933639980358, 0.9958292603453894)",1,98.67594961927315,19816
"(0.8786901405005916, 0.9916666666666668)",1,98.6758280349736,19817
"(0.9293300445873568, 0.9916339869281046)",1,98.67573870454189,19818
"(0.7374768177381903, 0.991206314397104)",1,98.67544798175162,19819
"(0.9706172005998612, 0.9958292603453894)",1,98.67538775485396,19820
"(0.9398731501057084, 0.988167361639188)",1,98.67536933555468,19821
"(0.9916585206907788, 0.9958292603453894)",1,98.675220278052,19822
"(0.7372334455667788, 1.0)",1,98.67514053809714,19823
"(0.8065954953750508, 0.9885557944107872)",1,98.67466986445116,19824
"(0.9293300445873568, 0.9873891625615764)",2,98.67461567131522,19826
"(0.94291309888229, 0.991206314397104)",1,98.67444211467004,19827
"(0.8300265307680562, 1.0)",1,98.67435838924084,19828
"(0.9008025849489264, 1.0)",1,98.67431210062983,19829
"(0.961552316099405, 0.9958292603453894)",1,98.6741154756043,19830
"(0.9667018107340688, 0.987463247273494)",1,98.67407535377929,19831
"(0.9834113430318364, 0.9958292603453894)",1,98.67393470093596,19832
"(0.930200260788496, 0.9873891625615764)",1,98.67368597344056,19833
"(0.7168719671519223, 0.991206314397104)",1,98.67352068188916,19834
"(0.6179693015417549, 1.0)",1,98.67350527569975,19835
"(0.9916585206907788, 0.9958292603453894)",1,98.67340575645626,19836
"(0.9833040078201368, 0.9958292603453894)",1,98.67338591303351,19837
"(0.8974984433303618, 0.9916339869281046)",1,98.67333419006704,19838
"(0.8506653943511476, 0.991206314397104)",3,98.67329732187255,19841
"(0.9057330122004186, 0.991206314397104)",2,98.67328696408391,19843
"(0.9057330122004186, 0.991206314397104)",1,98.67322765222464,19844
"(0.9916585206907788, 0.9958292603453894)",1,98.67317754197454,19845
"(0.4631616549920088, 1.0)",3,98.67238732112102,19848
"(0.433281060850566, 0.9992416608232524)",3,98.67231782639765,19851
"(0.979051756240299, 1.0)",1,98.67228326732808,19852
"(0.4943189964157706, 1.0)",1,98.67228301753718,19853
"(0.7000013129045387, 1.0)",1,98.67207705674493,19854
"(0.7545469576719577, 1.0)",1,98.6720712283592,19855
"(0.987491854024112, 0.9958292603453894)",1,98.67182379883889,19856
"(0.5496037453183521, 1.0)",3,98.67178975962892,19859
"(0.9649790647893116, 0.9958292603453894)",1,98.67163148882796,19860
"(0.8974984433303618, 0.9916339869281046)",1,98.67162233344916,19861
"(0.935159910332324, 0.9873891625615764)",1,98.67080539846862,19862
"(0.5361367504335325, 0.9988619159967322)",3,98.67078480728384,19865
"(0.9161379295307868, 1.0)",1,98.6705072176062,19866
"(0.5286751006005854, 0.9992416608232524)",2,98.66976473912835,19868
"(0.9916625936787228, 0.9958292603453894)",1,98.66973605774344,19869
"(0.4076247491511041, 0.9992416608232524)",3,98.66973589178806,19872
"(0.5328475640808013, 1.0)",2,98.6695758638298,19874
"(0.7545469576719577, 1.0)",1,98.66942849905512,19875
"(0.8804215399610136, 0.991206314397104)",1,98.66922981157722,19876
"(0.8736897274633123, 1.0)",1,98.66905964938678,19877
"(0.9788283442948758, 0.9958292603453894)",1,98.66905885270786,19878
"(0.9578375055710984, 0.9958292603453894)",1,98.66882575226794,19879
"(0.8929015655249481, 0.9958292603453894)",1,98.66877440458572,19880
"(0.7545469576719577, 1.0)",1,98.6687459180882,19881
"(0.9750780096985032, 0.9958292603453894)",1,98.6687368292986,19882
"(0.9833229101521784, 1.0)",1,98.66800421162624,19883
"(0.5642422164950636, 1.0)",1,98.66768560154205,19884
"(0.8495378883833893, 0.9916585206907788)",1,98.6676703199256,19885
"(0.9418479305417444, 0.988167361639188)",1,98.66765014925952,19886
"(0.9750854369118126, 0.9958292603453894)",1,98.66747503024963,19887
"(0.514585158944719, 0.9981012669018314)",1,98.6674262962896,19888
"(0.8717520170461346, 0.9958292603453894)",1,98.66741947507128,19889
"(0.5380858033626137, 0.9988619159967322)",2,98.66728983838132,19891
"(0.8336922162804515, 0.9958292603453894)",1,98.6672206735192,19892
"(0.8552744708994707, 1.0)",1,98.66696592662797,19893
"(0.917655049465296, 0.9958292603453894)",1,98.66663035626377,19894
"(0.7168719671519223, 0.991206314397104)",1,98.66652063473104,19895
"(0.94291309888229, 0.991206314397104)",1,98.66645592517445,19896
"(0.97495917428555, 0.9958292603453894)",1,98.66636155206366,19897
"(0.9665633291439744, 0.9958292603453894)",1,98.66635016434682,19898
"(0.9743030741133208, 0.9958292603453894)",1,98.66631693519795,19899
"(0.943875558870815, 0.987463247273494)",1,98.66589647052834,19900
"(0.991777356103732, 0.9958292603453894)",1,98.66580592431283,19901
"(0.9199973910846122, 0.9873891625615764)",1,98.66576692908257,19902
"(0.9498461391725148, 0.9958292603453894)",1,98.66570344126438,19903
"(0.9834113430318364, 0.9958292603453894)",1,98.66541717271257,19904
"(0.7075825156110616, 0.991206314397104)",1,98.66516637190848,19905
"(0.7479743867590829, 1.0)",1,98.66489684955933,19906
"(0.5450348040348041, 1.0)",3,98.66488109446274,19909
"(0.8315474711586087, 0.9958292603453894)",1,98.66482595985066,19910
"(0.7060994560994561, 1.0)",1,98.66452898124234,19911
"(0.893146638589877, 0.9882048106149588)",1,98.66446972550764,19912
"(0.9412964149491664, 0.9916339869281046)",1,98.6644337165021,19913
"(0.7204751921733054, 1.0)",1,98.66437022000326,19914
"(0.9243707071934514, 0.9916339869281046)",1,98.66432422460775,19915
"(0.9403679612329746, 0.9916339869281046)",1,98.66422412913673,19916
"(0.7042648709315374, 1.0)",1,98.664021302809,19917
"(0.9749088814411396, 1.0)",1,98.66390042985968,19918
"(0.9497171590194848, 1.0)",1,98.66380979289642,19919
"(0.8552744708994707, 1.0)",1,98.66380908025032,19920
"(0.9333044546043194, 0.9916585206907788)",1,98.66380710935744,19921
"(0.9377148530109056, 0.991206314397104)",3,98.66375992791023,19924
"(0.9, 1.0)",1,98.66289693301034,19925
"(0.8310777799491891, 0.9882048106149588)",1,98.6627896337146,19926
"(0.8443691323092412, 0.9958292603453894)",1,98.66276295207436,19927
"(0.9206165335472736, 0.9958292603453894)",1,98.6622749562514,19928
"(0.97899550533801, 0.9958292603453894)",1,98.66224680005956,19929
"(0.9791258409522168, 0.9958292603453894)",1,98.66210830314525,19930
"(0.9584987529902784, 1.0)",1,98.66198042565458,19931
"(0.9205517358458536, 0.9873891625615764)",1,98.66194340993574,19932
"(0.8810064268049709, 0.991206314397104)",1,98.66169207378982,19933
"(0.837707400507675, 1.0)",1,98.6615868951261,19934
"(0.9876106894370652, 0.9958292603453894)",1,98.66139522918824,19935
"(0.9392241745182922, 0.9873891625615764)",1,98.66122565472052,19936
"(0.8958208965097509, 0.9916666666666668)",1,98.6606472236006,19937
"(0.8587708587708588, 1.0)",2,98.66063467556609,19939
"(0.974833726256876, 0.9958292603453894)",1,98.66031722361578,19940
"(0.9916625936787228, 0.9958292603453894)",1,98.66026125198827,19941
"(0.5066418935372837, 0.9992416608232524)",3,98.6601339001704,19944
"(0.4923104882535888, 1.0)",1,98.65990748248024,19945
"(0.9664171122994653, 0.9958292603453894)",1,98.65984294730622,19946
"(0.7168719671519223, 0.991206314397104)",3,98.65939098740104,19949
"(0.8796475392220073, 1.0)",1,98.65924445959622,19950
"(0.8420013166556946, 1.0)",1,98.65912719130992,19951
"(0.8266173510466989, 1.0)",1,98.65901406953948,19952
"(0.7119388248146047, 1.0)",1,98.65882527170103,19953
"(0.8653198653198653, 1.0)",1,98.6587775986454,19954
"(0.564922563324656, 0.9984817852901372)",3,98.65857473822052,19957
"(0.4497336854186499, 0.9977203590215908)",3,98.6584634593847,19960
"(0.8804215399610136, 0.991206314397104)",1,98.65817419047426,19961
"(0.738145558145558, 1.0)",1,98.65813171801408,19962
"(0.6886904761904762, 1.0)",1,98.65795710022944,19963
"(0.8745860467551234, 0.9916585206907788)",1,98.65788244870122,19964
"(0.93773047895128, 0.9916585206907788)",1,98.65787201270828,19965
"(0.9749666014988596, 0.9873891625615764)",1,98.65767707699084,19966
"(0.9309821833269412, 0.988167361639188)",2,98.65714377922475,19968
"(0.9707095350359108, 0.9958292603453894)",1,98.65714112704416,19969
"(0.9332172991312776, 0.9958292603453894)",1,98.65696578725074,19970
"(0.9243707071934514, 0.9873891625615764)",2,98.65652178860864,19972
"(0.9669558693467613, 0.9958292603453894)",1,98.65643493176532,19973
"(0.8478418336329888, 0.991206314397104)",1,98.65636651846192,19974
"(0.944120583717358, 0.9874877810361682)",1,98.65564152146352,19975
"(0.5131569832583307, 1.0)",1,98.65554584052995,19976
"(0.9412964149491664, 0.9873891625615764)",1,98.65529130957331,19977
"(0.5974076556127228, 0.9988619159967322)",3,98.6551808379398,19980
"(0.9829909379735984, 0.9958292603453894)",1,98.6551538300961,19981
"(0.5314564773657704, 1.0)",1,98.65469948363136,19982
"(0.838225667527993, 0.9882048106149588)",1,98.65459499489734,19983
"(0.9057330122004186, 0.991206314397104)",1,98.65422565754824,19984
"(0.893146638589877, 0.9882048106149588)",1,98.65421425383936,19985
"(0.9750072792119512, 1.0)",1,98.65372542770037,19986
"(0.950175761409158, 0.9876066164491212)",1,98.65353116447577,19987
"(0.8958208965097509, 0.9916585206907788)",1,98.65338678139148,19988
"(0.4685764979375635, 0.9981012669018314)",3,98.6532852381452,19991
"(0.4369316957552253, 1.0)",1,98.65308536981344,19992
"(0.9228120179844318, 0.9916339869281046)",1,98.6528585698537,19993
"(0.94291309888229, 0.991206314397104)",3,98.6522054492622,19996
"(0.94291309888229, 0.991206314397104)",1,98.65213428193762,19997
"(0.931200007971039, 0.9916339869281046)",1,98.65211980073089,19998
"(0.987491854024112, 0.9958292603453894)",1,98.6519661514765,19999
"(0.5450348040348041, 0.9977203590215908)",1,98.65194805488,20000
"(0.9243707071934514, 0.9873891625615764)",1,98.6519357615405,20001
"(0.8810064268049709, 0.991206314397104)",2,98.65158269480972,20003
"(0.9916585206907788, 0.9958292603453894)",1,98.65112456821234,20004
"(0.9228120179844318, 0.9873891625615764)",1,98.65043721802977,20005
"(0.472908496732026, 0.9988619159967322)",1,98.65033978990148,20006
"(0.9454999712494968, 0.9916585206907788)",1,98.6502429281308,20007
"(0.9833229101521784, 1.0)",1,98.64998957681884,20008
"(0.987463247273494, 0.9958292603453894)",1,98.64988156859482,20009
"(0.9227432552922749, 0.9873891625615764)",1,98.64985531965468,20010
"(0.927082576248316, 0.987463247273494)",2,98.64980965078196,20012
"(0.9750072792119512, 1.0)",1,98.64961525341484,20013
"(0.4935897435897436, 1.0)",1,98.64934970413212,20014
"(0.9916625936787228, 0.9958292603453894)",1,98.64923886570924,20015
"(0.9377148530109056, 0.991206314397104)",1,98.64882986939725,20016
"(0.9377148530109056, 0.991206314397104)",3,98.64879264829348,20019
"(0.476193313409349, 0.9962501582231502)",1,98.64872178609386,20020
"(0.9034438470728792, 0.9958292603453894)",1,98.6484596047201,20021
"(0.9738477269913072, 0.9958292603453894)",1,98.6480369073702,20022
"(0.3860590631364562, 0.9973390598305516)",1,98.648032450336,20023
"(0.8506653943511476, 0.991206314397104)",2,98.64802975788602,20025
"(0.9916585206907788, 0.9958292603453894)",1,98.64795474641454,20026
"(0.9834113430318364, 0.9958292603453894)",1,98.6477491822054,20027
"(0.4268899127926591, 0.9973390598305516)",1,98.64771641205712,20028
"(0.987491854024112, 0.9958292603453894)",1,98.64755085588024,20029
"(0.9041196741854636, 0.991206314397104)",1,98.64740903641766,20030
"(0.9309821833269412, 0.988167361639188)",1,98.64739638517258,20031
"(0.9412964149491664, 0.9873891625615764)",1,98.64732314128224,20032
"(0.9160443135108448, 0.9873891625615764)",1,98.64710584031124,20033
"(0.7168719671519223, 0.991206314397104)",3,98.6471020050172,20036
"(0.9916585206907788, 0.9958292603453894)",1,98.64699185143202,20037
"(0.9041196741854636, 0.991206314397104)",1,98.64685582823442,20038
"(0.9833211143695014, 0.9958292603453894)",1,98.64673296052038,20039
"(0.91326516498939, 0.9916339869281046)",2,98.6466538034794,20041
"(0.9360096343193032, 0.9873891625615764)",1,98.64651144195076,20042
"(1.0, 1.0)",1,98.64643715773374,20043
"(0.8996392387758612, 0.9873891625615764)",2,98.6464077223994,20045
"(0.902012682657844, 0.9958292603453894)",1,98.64623430564548,20046
"(0.738145558145558, 1.0)",1,98.64598151511998,20047
"(0.94291309888229, 0.991206314397104)",3,98.64585014842984,20050
"(0.9833040078201368, 0.9958292603453894)",1,98.64583440945908,20051
"(0.8928598364786969, 0.9916585206907788)",1,98.6456901866907,20052
"(0.8760238095238095, 0.9958292603453894)",1,98.64546976753576,20053
"(0.9583930063253372, 1.0)",1,98.64543283843211,20054
"(0.9309821833269412, 0.988167361639188)",1,98.6453990065888,20055
"(0.9326599326599326, 1.0)",1,98.64539017864884,20056
"(0.9832925076188832, 0.9958292603453894)",1,98.64523405022788,20057
"(0.9493072891175358, 0.9958292603453894)",1,98.64517751224236,20058
"(0.8425483191745751, 0.9882048106149588)",1,98.64492558677864,20059
"(0.7378937728937729, 1.0)",1,98.64428466089942,20060
"(0.7277677677677677, 1.0)",1,98.64416417503196,20061
"(0.7042648709315374, 1.0)",1,98.64365911022064,20062
"(0.6000014702169422, 0.9988619159967322)",1,98.64358232454612,20063
"(0.3385486111111111, 0.9988619159967322)",1,98.64335111731064,20064
"(0.3302862574369368, 0.9977203590215908)",3,98.64303509300493,20067
"(0.8468089381754635, 1.0)",2,98.64288179942984,20069
"(0.9871616776282092, 0.9958292603453894)",1,98.6428413509104,20070
"(0.962505246140658, 0.9958292603453894)",1,98.64263442013836,20071
"(0.8266173510466989, 1.0)",1,98.6425991056736,20072
"(0.9243707071934514, 0.9916339869281046)",1,98.64246466230328,20073
"(0.94291309888229, 0.991206314397104)",1,98.64233478077446,20074
"(0.6740805942215464, 0.9996210215628012)",3,98.6422379241512,20077
"(0.987491854024112, 0.9958292603453894)",1,98.64221603345098,20078
"(0.931200007971039, 0.9873891625615764)",1,98.64209816918542,20079
"(0.9293300445873568, 0.9873891625615764)",1,98.64176823913404,20080
"(0.94291309888229, 0.991206314397104)",1,98.6416704626972,20081
"(0.8947046219773493, 0.988167361639188)",2,98.64142717561124,20083
"(0.9835199925522506, 0.9958292603453894)",1,98.6413682679105,20084
"(0.9398099650133386, 0.9873891625615764)",1,98.64134457089206,20085
"(0.9466127311522048, 0.991206314397104)",1,98.641082856826,20086
"(0.7802197802197803, 1.0)",1,98.64106597649528,20087
"(0.9833080808080809, 0.9958292603453894)",1,98.64094934146384,20088
"(0.9833080808080809, 0.9958292603453894)",1,98.64077251471072,20089
"(0.9153439153439152, 1.0)",1,98.64074520744498,20090
"(0.9398731501057084, 0.988167361639188)",1,98.64066569771823,20091
"(0.9057330122004186, 0.991206314397104)",1,98.64063788453302,20092
"(0.5491255359932153, 0.9992416608232524)",3,98.64046543223029,20095
"(0.7453091184935634, 0.991206314397104)",1,98.640353862382,20096
"(0.398562919363056, 1.0)",3,98.63998033258017,20099
"(0.7713401051412279, 1.0)",1,98.63982801109712,20100
"(0.9398731501057084, 0.988167361639188)",1,98.63980299472824,20101
"(0.5169410170491575, 0.9977203590215908)",1,98.63968338334163,20102
"(0.9792773561037318, 1.0)",1,98.6396493782734,20103
"(0.6460231360441068, 0.9973390598305516)",3,98.6395324857358,20106
"(0.949977467563772, 0.9958292603453894)",1,98.63942670025826,20107
"(0.9748524098350704, 0.9958292603453894)",1,98.63937880472928,20108
"(0.8579868984630887, 1.0)",1,98.63936392002353,20109
"(0.8928598364786969, 0.9916585206907788)",1,98.63918541907648,20110
"(0.9496114574862204, 0.9873891625615764)",1,98.63913580708495,20111
"(0.7168719671519223, 0.991206314397104)",1,98.63906686038344,20112
"(0.8165509259259259, 1.0)",1,98.63883304310168,20113
"(0.9707071808622552, 0.9958292603453894)",1,98.63883082817112,20114
"(0.6250292965423266, 0.9987499746026686)",1,98.63878005089006,20115
"(0.9699183291713004, 0.9958292603453894)",1,98.63850832693684,20116
"(0.9384174012481092, 0.9958292603453894)",1,98.63849137394308,20117
"(0.6440664873253734, 1.0)",3,98.63836643778168,20120
"(0.9041196741854636, 0.991206314397104)",1,98.63828798887928,20121
"(0.4912575527045726, 0.9962499238080056)",1,98.6382570809793,20122
"(0.8796475392220073, 1.0)",1,98.63824203114984,20123
"(0.738145558145558, 1.0)",1,98.63821069651824,20124
"(0.9033578224210402, 0.9873891625615764)",1,98.63815435902852,20125
"(0.7651777469990767, 0.991206314397104)",1,98.63778326394224,20126
"(0.9293300445873568, 0.9873891625615764)",1,98.63764263067168,20127
"(0.9228120179844318, 0.9873891625615764)",2,98.63751889477072,20129
"(0.8958208965097509, 0.9958292603453894)",1,98.63738118597772,20130
"(0.9199973910846122, 0.9873891625615764)",1,98.63732226262904,20131
"(0.6907243513029603, 1.0)",1,98.63707895004612,20132
"(0.8996392387758612, 0.9916339869281046)",1,98.6370373151926,20133
"(0.5974752315218187, 0.9992416608232524)",1,98.63699072582963,20134
"(0.7060994560994561, 1.0)",1,98.63684092814547,20135
"(0.8814814814814814, 1.0)",1,98.63670163469014,20136
"(0.861111111111111, 1.0)",1,98.63650478958328,20137
"(0.947552083649559, 0.9958292603453894)",2,98.63648024997744,20139
"(0.9705196174266384, 0.9958292603453894)",1,98.6360729869046,20140
"(0.9580602951397298, 0.9958292603453894)",1,98.63595794714304,20141
"(0.4936062160591765, 0.9996210215628012)",3,98.63590469664234,20144
"(0.861111111111111, 1.0)",1,98.63590310135596,20145
"(0.902012682657844, 0.9958292603453894)",1,98.635630503608,20146
"(0.9301144010060736, 0.986081059422206)",1,98.6355867276232,20147
"(0.7168719671519223, 0.991206314397104)",1,98.6355698962832,20148
"(0.865581803207783, 0.991206314397104)",2,98.635326088819,20150
"(0.8804215399610136, 0.991206314397104)",2,98.63522795073314,20152
"(0.987491854024112, 0.9958292603453894)",1,98.63500052749475,20153
"(0.7374768177381903, 0.991206314397104)",1,98.63491370349612,20154
"(0.987491854024112, 0.9958292603453894)",1,98.634873581647,20155
"(0.8810064268049709, 0.991206314397104)",1,98.6347325900187,20156
"(0.8848000715856217, 1.0)",1,98.63467594257332,20157
"(0.9829909379735984, 0.9958292603453894)",1,98.63462191840668,20158
"(0.987463247273494, 0.9958292603453894)",1,98.6343300455369,20159
"(0.9829909379735984, 0.9958292603453894)",1,98.63417112499506,20160
"(0.9250222656674272, 0.9958292603453894)",1,98.63407578228608,20161
"(0.9418479305417444, 0.988167361639188)",1,98.63407511124178,20162
"(0.9309821833269412, 0.988167361639188)",1,98.6338771304459,20163
"(0.9833040078201368, 0.9958292603453894)",1,98.63386039263824,20164
"(0.9243707071934514, 0.9916339869281046)",1,98.6337334467606,20165
"(0.4076314260692632, 0.9992416608232524)",3,98.63351802640064,20168
"(0.5896957700576321, 1.0)",1,98.63255521286622,20169
"(0.8804215399610136, 0.991206314397104)",1,98.6325415118162,20170
"(0.738145558145558, 1.0)",1,98.63246150607958,20171
"(0.9377148530109056, 0.991206314397104)",1,98.6323421473024,20172
"(0.918885978605481, 0.9916339869281046)",1,98.63211869403982,20173
"(0.7802197802197803, 1.0)",1,98.6319156704769,20174
"(0.9416450721400784, 0.9882048106149588)",1,98.6317469918472,20175
"(0.9874747474747476, 0.9958292603453894)",1,98.63164197016506,20176
"(0.8425483191745751, 0.9882048106149588)",1,98.63112991737545,20177
"(0.958095238095238, 0.9958292603453894)",1,98.6308892408358,20178
"(0.9625114955760116, 0.9958292603453894)",1,98.63067623619452,20179
"(0.7374768177381903, 0.991206314397104)",1,98.63058954529384,20180
"(0.9791388745136372, 0.9958292603453894)",1,98.63048457808986,20181
"(0.7277677677677677, 1.0)",1,98.63039323912588,20182
"(0.8656578256578257, 0.9873891625615764)",1,98.63016234260245,20183
"(0.9309821833269412, 0.988167361639188)",2,98.6296895788499,20185
"(0.7374768177381903, 0.991206314397104)",3,98.62925238577849,20188
"(0.9009287520039462, 1.0)",1,98.62903006705076,20189
"(0.8506653943511476, 0.991206314397104)",1,98.62898239603976,20190
"(0.7060994560994561, 1.0)",1,98.62892449053888,20191
"(0.8916052423523688, 0.9916339869281046)",1,98.62880398899448,20192
"(0.91326516498939, 0.9873891625615764)",2,98.62863846964552,20194
"(0.7946380416968652, 0.9958292603453894)",1,98.6280403285239,20195
"(0.9580331374974232, 1.0)",1,98.62796887102964,20196
"(0.8315416458960965, 0.988167361639188)",1,98.62784380898664,20197
"(0.9580602951397298, 0.9958292603453894)",1,98.6275960070591,20198
"(0.93795454842108, 0.9873891625615764)",1,98.62730848620008,20199
"(0.4936062160591765, 0.9981012669018314)",1,98.627151772943,20200
"(0.8146183925150791, 1.0)",1,98.6266598337647,20201
"(0.9583930063253372, 1.0)",1,98.62663305877506,20202
"(0.8552744708994707, 1.0)",1,98.62660852760402,20203
"(1.0, 1.0)",1,98.6266014442115,20204
"(0.4337472035794183, 0.9992416608232524)",3,98.62655361673022,20207
"(0.7651777469990767, 0.991206314397104)",2,98.62613081253971,20209
"(0.8976982097186702, 1.0)",1,98.62578895509944,20210
"(0.9041196741854636, 0.991206314397104)",1,98.62578205883024,20211
"(0.8676532769556025, 0.9882048106149588)",1,98.62493854798636,20212
"(0.9412964149491664, 0.9873891625615764)",1,98.6248447759688,20213
"(0.9665831244778612, 1.0)",1,98.62482942807796,20214
"(0.7277677677677677, 1.0)",1,98.62476993226991,20215
"(0.6698155645524068, 1.0)",1,98.62468852878098,20216
"(0.4961453064375241, 0.9974998905914936)",1,98.624490877257,20217
"(0.9496114574862204, 0.9873891625615764)",1,98.624151119267,20218
"(0.7574146783449108, 1.0)",1,98.62376219642653,20219
"(0.8587862333021126, 0.9958292603453894)",1,98.62341899114064,20220
"(0.7617216117216117, 1.0)",1,98.6232537808433,20221
"(0.97934925289764, 0.9958292603453894)",1,98.62319963553723,20222
"(0.5735975683158782, 0.9996210215628012)",1,98.62314107470756,20223
"(0.6238255567452281, 1.0)",1,98.62305412618286,20224
"(0.5046617565500936, 0.9996210215628012)",1,98.62274209686144,20225
"(0.8533622685185187, 1.0)",1,98.62258489859958,20226
"(0.94291309888229, 0.991206314397104)",2,98.62251119654262,20228
"(0.9958292603453894, 1.0)",1,98.62221665414124,20229
"(0.4345640839445211, 1.0)",1,98.62219250806366,20230
"(0.9535432351387988, 0.9873891625615764)",1,98.62218171078166,20231
"(0.931200007971039, 0.9873891625615764)",1,98.62216458602126,20232
"(0.9496114574862204, 0.9873891625615764)",2,98.62204373616623,20234
"(0.865581803207783, 0.991206314397104)",1,98.62192229012092,20235
"(0.9958292603453894, 0.9958292603453894)",1,98.62185542229054,20236
"(0.9916666666666668, 0.9916666666666668)",1,98.6215875727716,20237
"(0.8010410641989589, 1.0)",1,98.6214721321368,20238
"(0.518883018547448, 0.9996210215628012)",3,98.62144859739192,20241
"(0.9498370804822418, 0.9873891625615764)",2,98.62128606057004,20243
"(0.9301144010060736, 0.986081059422206)",1,98.62120013315436,20244
"(0.8796475392220073, 1.0)",1,98.62112683997174,20245
"(0.97934925289764, 0.9958292603453894)",1,98.6211139078541,20246
"(0.5734466317588319, 0.996575280197092)",1,98.62104354722707,20247
"(0.9501563219469168, 0.9958292603453894)",1,98.62071098828824,20248
"(0.8476190476190477, 1.0)",1,98.6206732743318,20249
"(0.8814814814814814, 1.0)",1,98.62063018933932,20250
"(0.4858175570582923, 0.9992416608232524)",2,98.62059273110046,20252
"(0.9041196741854636, 0.991206314397104)",1,98.6204453238244,20253
"(0.9228120179844318, 0.9873891625615764)",1,98.62039686112846,20254
"(0.8600291387756281, 0.9958292603453894)",1,98.62017392041574,20255
"(0.503442416215342, 0.9992416608232524)",1,98.61995807371552,20256
"(0.9408664065499008, 0.988167361639188)",1,98.61989778422604,20257
"(0.9205517358458536, 0.9873891625615764)",1,98.6195806943952,20258
"(0.7083333333333334, 1.0)",2,98.61937679688822,20260
"(0.9498370804822418, 0.9873891625615764)",1,98.6192219798762,20261
"(0.8506653943511476, 0.991206314397104)",1,98.61889989147993,20262
"(0.837707400507675, 1.0)",1,98.61845556722076,20263
"(0.7168719671519223, 0.991206314397104)",1,98.61840065402951,20264
"(0.8449978636391381, 0.9882048106149588)",1,98.61827927187842,20265
"(0.835848883169409, 0.988167361639188)",1,98.61806540267222,20266
"(0.4229828165539535, 0.9996210215628012)",1,98.618032979785,20267
"(0.9625114955760116, 0.9958292603453894)",1,98.61794712206596,20268
"(0.9398731501057084, 0.988167361639188)",2,98.61774935621114,20270
"(0.9791258409522168, 0.9958292603453894)",1,98.61735661785625,20271
"(0.9398731501057084, 0.988167361639188)",1,98.6168058230576,20272
"(0.9125533644430458, 0.9873891625615764)",1,98.6167815523866,20273
"(0.9269606362629618, 0.988167361639188)",1,98.61669909400328,20274
"(0.7513013302486987, 1.0)",1,98.616619940286,20275
"(0.9041196741854636, 0.991206314397104)",1,98.61642409737377,20276
"(0.8158879904162925, 1.0)",1,98.61625601701012,20277
"(0.8848000715856217, 1.0)",1,98.6160941222715,20278
"(0.6962461114805364, 0.9988619159967322)",3,98.61595575981192,20281
"(0.6886904761904762, 1.0)",1,98.61568124585682,20282
"(0.8547756205106323, 0.9885557944107872)",1,98.61562140751464,20283
"(0.8676532769556025, 0.9882048106149588)",1,98.61557711992069,20284
"(0.9496114574862204, 0.9916339869281046)",1,98.615536638322,20285
"(0.9750943974852894, 0.9958292603453894)",1,98.61543984059544,20286
"(0.9114218054477384, 0.9873891625615764)",2,98.61535419290186,20288
"(0.488746700064167, 0.9992416608232524)",1,98.61533616319882,20289
"(0.81893131227901, 1.0)",1,98.61510098039756,20290
"(0.4971911339651811, 1.0)",3,98.61506111890104,20293
"(0.9199973910846122, 0.9873891625615764)",1,98.61501744430196,20294
"(0.876295504202481, 0.9882048106149588)",1,98.6147134323634,20295
"(0.8996392387758612, 0.9873891625615764)",1,98.6142382417314,20296
"(0.9620528801064364, 0.9873891625615764)",1,98.61411632921164,20297
"(0.9398731501057084, 0.988167361639188)",1,98.61402557138148,20298
"(0.9161379295307868, 1.0)",1,98.61401888113456,20299
"(0.7277677677677677, 1.0)",1,98.61385223517176,20300
"(0.7277677677677677, 1.0)",1,98.61378289235348,20301
"(0.9228120179844318, 0.9873891625615764)",1,98.61369737777464,20302
"(0.7673678366541239, 0.9882048106149588)",1,98.6136020007561,20303
"(0.9303715638302106, 1.0)",1,98.61299775412806,20304
"(0.9057330122004186, 0.991206314397104)",1,98.61294295972174,20305
"(0.8917140396210165, 0.9882048106149588)",1,98.61292419863352,20306
"(0.9293300445873568, 0.9916339869281046)",2,98.612734524606,20308
"(0.8996392387758612, 0.9873891625615764)",1,98.61229671341836,20309
"(0.9061764476533613, 0.9916339869281046)",1,98.6121312500296,20310
"(0.8880984643179766, 1.0)",1,98.61188838855035,20311
"(0.9738477269913072, 0.9958292603453894)",1,98.61187687914558,20312
"(0.9833040078201368, 0.9958292603453894)",1,98.61153369001468,20313
"(0.9792766373411534, 0.9958292603453894)",1,98.611532142644,20314
"(0.8980858408005299, 0.988167361639188)",1,98.61150452414336,20315
"(0.9833229101521784, 1.0)",1,98.6114003164046,20316
"(0.9262130464282252, 0.991206314397104)",1,98.6112998838898,20317
"(0.8804215399610136, 0.991206314397104)",1,98.61127375137652,20318
"(0.4822651515151516, 0.9981012669018314)",1,98.61120028728676,20319
"(0.9833040078201368, 0.9958292603453894)",1,98.6111001578418,20320
"(0.9309821833269412, 0.988167361639188)",1,98.61105565831964,20321
"(0.75644561279016, 0.9882048106149588)",1,98.61082796906778,20322
"(0.7651777469990767, 0.991206314397104)",3,98.6107684981591,20325
"(0.8980858408005299, 0.988167361639188)",1,98.61075550321692,20326
"(0.9243707071934514, 0.9873891625615764)",1,98.61072135591328,20327
"(0.9452474337657768, 0.9874762808349148)",2,98.61049290136108,20329
"(0.9282083232965586, 0.9873891625615764)",1,98.61038598635643,20330
"(0.962505246140658, 0.9958292603453894)",2,98.61000247502028,20332
"(0.9408664065499008, 0.988167361639188)",1,98.60998668827216,20333
"(0.9369138996969484, 0.9874877810361682)",1,98.60987800475976,20334
"(0.9916666666666668, 0.9916666666666668)",1,98.609812959681,20335
"(0.8547756205106323, 0.9882048106149588)",1,98.60979514766912,20336
"(0.9498370804822418, 0.9916339869281046)",2,98.60969228318336,20338
"(0.9358935587920408, 0.9916585206907788)",1,98.6096451945369,20339
"(0.4755355605353038, 0.9977203590215908)",2,98.60964107491318,20341
"(0.786508365740383, 0.9882048106149588)",1,98.60962524670715,20342
"(0.7000013129045387, 1.0)",5,98.609229966374,20347
"(0.9581458989353726, 1.0)",1,98.60922940681836,20348
"(0.9496114574862204, 0.9873891625615764)",1,98.60914731230343,20349
"(0.9384174012481092, 0.9916585206907788)",1,98.6090815135508,20350
"(0.7277677677677677, 1.0)",3,98.6090521601689,20353
"(0.9293300445873568, 0.9873891625615764)",1,98.60852283771064,20354
"(0.9027777777777778, 0.986081059422206)",3,98.60849299796986,20357
"(0.9269606362629618, 0.988167361639188)",1,98.60848709878084,20358
"(0.8478418336329888, 0.991206314397104)",1,98.60785925441884,20359
"(0.940928587432546, 0.987463247273494)",1,98.60782673525296,20360
"(0.9282083232965586, 0.9873891625615764)",1,98.6077834914878,20361
"(0.9189396095602992, 0.9876066164491212)",1,98.60775114218188,20362
"(0.8600291387756281, 0.9916585206907788)",1,98.60770045711018,20363
"(0.9792766373411534, 0.9958292603453894)",1,98.60734569817488,20364
"(0.8810064268049709, 0.991206314397104)",1,98.60709472976292,20365
"(0.8347775825943863, 0.9916585206907788)",1,98.6070045888058,20366
"(0.9546499948224086, 0.9958292603453894)",1,98.60685682328224,20367
"(0.9835199925522506, 0.9958292603453894)",1,98.6068089442664,20368
"(0.7377975062704127, 1.0)",2,98.60674409593852,20370
"(0.7155555555555556, 1.0)",1,98.60674196806475,20371
"(0.8947046219773493, 0.988167361639188)",1,98.60664439475131,20372
"(0.8947046219773493, 0.988167361639188)",1,98.60661925751056,20373
"(0.9309821833269412, 0.988167361639188)",2,98.60661477869924,20375
"(0.738145558145558, 1.0)",1,98.6065781840546,20376
"(0.8924228430110782, 0.9873891625615764)",1,98.6065557267518,20377
"(0.9282083232965586, 0.9873891625615764)",1,98.6064428496853,20378
"(0.9297812306740878, 1.0)",1,98.60640716042288,20379
"(0.8804215399610136, 0.991206314397104)",1,98.6063104067921,20380
"(0.9398731501057084, 0.988167361639188)",1,98.60627388118678,20381
"(0.9833229101521784, 1.0)",1,98.60622267519032,20382
"(0.8947046219773493, 0.988167361639188)",1,98.6059563232134,20383
"(0.9744745723240348, 0.9958292603453894)",1,98.60586254449336,20384
"(0.8937718863178524, 0.9916585206907788)",1,98.60495446052606,20385
"(0.9584987529902784, 1.0)",1,98.60484021640492,20386
"(0.7168719671519223, 0.991206314397104)",3,98.60458929191014,20389
"(0.9286305533870366, 0.9873891625615764)",1,98.60454275612744,20390
"(0.9791585206907788, 0.9958292603453894)",1,98.60450144019028,20391
"(0.786508365740383, 0.9882048106149588)",1,98.6039653935874,20392
"(0.7060994560994561, 1.0)",2,98.60388942595252,20394
"(0.9377148530109056, 0.991206314397104)",2,98.6037902347168,20396
"(0.8974984433303618, 0.9873891625615764)",1,98.60328956970794,20397
"(0.9476043407479208, 1.0)",1,98.6029402833203,20398
"(0.9916585206907788, 0.9958292603453894)",2,98.60292839604732,20400
"(0.9790972342015986, 0.9958292603453894)",1,98.60286438903336,20401
"(0.9666666666666668, 1.0)",1,98.60249869681203,20402
"(0.4337472035794183, 0.9992416608232524)",3,98.60247381215515,20405
"(0.9262130464282252, 0.991206314397104)",1,98.60228001548808,20406
"(0.9916585206907788, 0.9958292603453894)",1,98.6021072184649,20407
"(0.5899355242465301, 1.0)",1,98.6019739206656,20408
"(0.8425483191745751, 0.9882048106149588)",1,98.60184352219568,20409
"(0.9791544477028348, 0.9958292603453894)",1,98.60181857439784,20410
"(0.6050868628167587, 0.9977203590215908)",1,98.60176489936264,20411
"(0.9705383010048324, 0.9958292603453894)",1,98.6017002483348,20412
"(0.917655049465296, 0.9958292603453894)",1,98.60162168534072,20413
"(0.7946380416968652, 0.9958292603453894)",1,98.60124874167543,20414
"(0.6962461114805364, 0.9984817852901372)",3,98.6009812194812,20417
"(0.931200007971039, 0.9873891625615764)",1,98.60084234867188,20418
"(0.4590791029805835, 0.9950001562744178)",1,98.60067898549856,20419
"(0.9738477269913072, 0.9958292603453894)",1,98.6005406817078,20420
"(0.9418479305417444, 0.988167361639188)",1,98.60051895631504,20421
"(0.8443691323092412, 0.9916585206907788)",1,98.60048353285644,20422
"(0.9205517358458536, 0.9916339869281046)",1,98.60021667895408,20423
"(0.8506653943511476, 0.991206314397104)",1,98.60019130339904,20424
"(0.7673678366541239, 0.9882048106149588)",1,98.60010220413218,20425
"(0.9192093318943212, 0.9882048106149588)",1,98.59998376652617,20426
"(0.987463247273494, 0.9958292603453894)",1,98.59962305401557,20427
"(0.8016677935542034, 1.0)",1,98.5993555730464,20428
"(0.8310777799491891, 0.9882048106149588)",1,98.59913995781444,20429
"(0.8300265307680562, 1.0)",1,98.59907100243387,20430
"(0.9501563219469168, 0.9958292603453894)",1,98.59904574880424,20431
"(0.9791258409522168, 0.9958292603453894)",1,98.59894411348768,20432
"(0.8997493734335841, 1.0)",1,98.5988277920384,20433
"(0.4897415065188988, 1.0)",3,98.59866232952106,20436
"(0.8347775825943863, 0.9958292603453894)",1,98.5985777778899,20437
"(0.5169410170491575, 0.9981012669018314)",1,98.59857149959524,20438
"(0.9408664065499008, 0.988167361639188)",1,98.5985112132478,20439
"(0.7075023741690408, 1.0)",1,98.59849338554125,20440
"(0.9057330122004186, 0.991206314397104)",1,98.59807752433802,20441
"(0.8937718863178524, 0.987463247273494)",2,98.59761400091963,20443
"(0.8476190476190477, 1.0)",1,98.59753740774798,20444
"(0.7168719671519223, 0.991206314397104)",3,98.59746568635506,20447
"(0.9418479305417444, 0.988167361639188)",1,98.59737254321958,20448
"(0.4943189964157706, 1.0)",1,98.59703898760348,20449
"(0.9205517358458536, 0.9873891625615764)",1,98.59671159642213,20450
"(0.4724538701233134, 0.9975000781372088)",1,98.59659142518748,20451
"(0.6544644252235129, 1.0)",1,98.59658959885245,20452
"(0.9206165335472736, 0.9874877810361682)",1,98.59597425911991,20453
"(0.4817463236342279, 0.9996210215628012)",2,98.59584361263212,20455
"(0.9309821833269412, 0.988167361639188)",1,98.59577083722952,20456
"(0.97934925289764, 0.9958292603453894)",1,98.59541331969876,20457
"(0.5200348032289219, 0.9988619159967322)",1,98.59497770822011,20458
"(0.93795454842108, 0.9916339869281046)",1,98.5947616526705,20459
"(0.8947046219773493, 0.988167361639188)",1,98.594656878461,20460
"(0.9125533644430458, 0.9916339869281046)",2,98.59454447859792,20462
"(0.9167853751187084, 0.986081059422206)",1,98.59449563375338,20463
"(0.9958292603453894, 0.9958292603453894)",1,98.59446523283026,20464
"(0.9699183291713004, 0.9958292603453894)",1,98.59446306071712,20465
"(0.9441792447111594, 0.986081059422206)",2,98.59442390599696,20467
"(0.9365069868128822, 0.987463247273494)",1,98.59436800604207,20468
"(0.9041196741854636, 0.991206314397104)",1,98.594306898028,20469
"(0.903667392883079, 1.0)",1,98.59406172987552,20470
"(1.0, 1.0)",1,98.59400372203454,20471
"(0.9114218054477384, 0.9873891625615764)",1,98.59393079719575,20472
"(0.9205517358458536, 0.9873891625615764)",2,98.5939252962,20474
"(0.94291309888229, 0.991206314397104)",1,98.5937151575406,20475
"(0.9756244289830628, 0.9958292603453894)",1,98.59369655412132,20476
"(0.9293300445873568, 0.9873891625615764)",1,98.59337675261342,20477
"(0.8970129352925051, 0.9873891625615764)",1,98.59327210930071,20478
"(0.8687499999999999, 0.988167361639188)",4,98.59318071922706,20482
"(0.8586166985951469, 1.0)",1,98.5931442986034,20483
"(0.4847252958987063, 0.9962497362353954)",1,98.59295335579074,20484
"(0.917655049465296, 0.9916585206907788)",1,98.5928526576008,20485
"(0.987491854024112, 0.9958292603453894)",1,98.59252086613638,20486
"(0.93795454842108, 0.9873891625615764)",1,98.59245672441462,20487
"(0.94291309888229, 0.991206314397104)",2,98.59184176129276,20489
"(0.9708855839501, 0.9958292603453894)",1,98.59173233949808,20490
"(0.970619176311776, 0.9958292603453894)",1,98.59170191212256,20491
"(0.9874877810361682, 0.9958292603453894)",1,98.5916665410068,20492
"(0.6786000457875457, 1.0)",1,98.59157969939204,20493
"(0.8687499999999999, 0.988167361639188)",2,98.59108999283744,20495
"(0.983545503234046, 0.9958292603453894)",1,98.59106270310602,20496
"(0.6735455459483788, 0.9996210215628012)",1,98.59095484242336,20497
"(0.9466127311522048, 0.991206314397104)",2,98.59071540170405,20499
"(0.7075023741690408, 1.0)",1,98.59071051565704,20500
"(0.9498370804822418, 0.9873891625615764)",1,98.59070077259383,20501
"(0.8468089381754635, 1.0)",1,98.59068834957723,20502
"(0.7000013129045387, 1.0)",1,98.59052394121984,20503
"(0.8615866942983156, 1.0)",1,98.5904633168009,20504
"(0.8315416458960965, 0.988167361639188)",1,98.59044501181818,20505
"(0.5485418203425949, 0.9992416608232524)",3,98.5902945720718,20508
"(0.9705196174266384, 0.9958292603453894)",1,98.5902884468441,20509
"(0.8879608405415911, 0.988167361639188)",1,98.59015759698836,20510
"(0.9623066688389268, 0.9958292603453894)",1,98.59011275770315,20511
"(0.3690581214322782, 0.9977203590215908)",1,98.5898107180571,20512
"(0.8916052423523688, 0.9873891625615764)",1,98.58972473992368,20513
"(0.7168719671519223, 0.991206314397104)",2,98.58972419725784,20515
"(0.8158879904162925, 1.0)",1,98.58970030226337,20516
"(0.9833229101521784, 1.0)",1,98.5895614593465,20517
"(0.4345640839445211, 0.9973390598305516)",1,98.58944976190912,20518
"(0.8761383419447936, 0.9873891625615764)",2,98.58941267147378,20520
"(0.8449978636391381, 1.0)",1,98.5892467199091,20521
"(0.7651777469990767, 0.991206314397104)",2,98.58914532072902,20523
"(0.8329050741331443, 1.0)",1,98.5888040540155,20524
"(0.4566269759061861, 0.9992416608232524)",3,98.58870507997766,20527
"(0.8929015655249481, 0.9958292603453894)",1,98.58854701540253,20528
"(0.9293300445873568, 0.9916339869281046)",1,98.58849935113136,20529
"(0.9498370804822418, 0.9873891625615764)",1,98.5883132262796,20530
"(0.8937718863178524, 0.987463247273494)",1,98.58820598734796,20531
"(0.8885714285714285, 1.0)",1,98.5880968634867,20532
"(0.97934925289764, 0.9958292603453894)",1,98.5879131622577,20533
"(0.8365328658269835, 0.9958292603453894)",1,98.58769396699157,20534
"(0.9377148530109056, 0.991206314397104)",1,98.58746732747348,20535
"(0.9665755481078062, 1.0)",1,98.58728847787368,20536
"(0.9161379295307868, 1.0)",1,98.58728086198109,20537
"(0.8181654379194883, 1.0)",1,98.58709010126816,20538
"(0.9496114574862204, 0.9873891625615764)",1,98.58694211249018,20539
"(0.8229870141950848, 1.0)",1,98.5868380185542,20540
"(0.9496114574862204, 0.9873891625615764)",1,98.5866209407442,20541
"(0.9581458989353726, 1.0)",1,98.58632797575476,20542
"(0.7277677677677677, 1.0)",1,98.58611155699352,20543
"(0.962505246140658, 0.9958292603453894)",1,98.58601937401372,20544
"(0.812557599070401, 1.0)",1,98.5858677320111,20545
"(0.7651777469990767, 0.991206314397104)",1,98.5858344983474,20546
"(0.96220700758815, 0.9873891625615764)",1,98.5858067742887,20547
"(0.9297326845255915, 0.987463247273494)",1,98.58569217530412,20548
"(0.9916625936787228, 0.9958292603453894)",1,98.58566829594372,20549
"(0.6179693015417549, 1.0)",1,98.5856677436264,20550
"(0.419237903544084, 0.9996210215628012)",3,98.58552822945484,20553
"(0.8443691323092412, 0.9916585206907788)",1,98.58531300596827,20554
"(0.8065954953750508, 0.9882048106149588)",1,98.58527883949458,20555
"(0.4776542240827955, 1.0)",1,98.58500921587728,20556
"(0.7259777259777259, 1.0)",1,98.58478344072732,20557
"(0.436911946168762, 0.9973390598305516)",1,98.58473699605106,20558
"(0.9744745723240348, 0.9958292603453894)",1,98.5845319464234,20559
"(0.94291309888229, 0.991206314397104)",3,98.58444094648844,20562
"(0.8804215399610136, 0.991206314397104)",1,98.58430739150168,20563
"(0.9749625285109156, 0.9958292603453894)",1,98.58408248195464,20564
"(0.96220700758815, 0.9873891625615764)",1,98.58391469093512,20565
"(0.9125533644430458, 0.9916339869281046)",1,98.5837138790445,20566
"(0.8471527473990528, 1.0)",1,98.5836706692243,20567
"(0.6942027443208516, 0.9988619159967322)",1,98.58349077859052,20568
"(0.3584486416678197, 0.9984817852901372)",1,98.58342770746044,20569
"(0.4867288782831281, 0.9981012669018314)",3,98.5832987632484,20572
"(0.9664171122994653, 0.9958292603453894)",2,98.58317017725383,20574
"(0.8249504969211211, 0.988167361639188)",1,98.58294843951911,20575
"(0.9958292603453894, 0.9958292603453894)",1,98.58284642658938,20576
"(0.94291309888229, 0.991206314397104)",3,98.58283830921512,20579
"(0.4943189964157706, 1.0)",2,98.58265968188248,20581
"(0.94291309888229, 0.991206314397104)",1,98.58264011175496,20582
"(0.865581803207783, 0.991206314397104)",1,98.58256405889014,20583
"(0.944653051926493, 0.987463247273494)",1,98.5824773692124,20584
"(0.503442416215342, 0.9988619159967322)",3,98.58244678162228,20587
"(0.4937125269096371, 0.9996210215628012)",3,98.58241468511154,20590
"(0.9114218054477384, 0.9873891625615764)",1,98.58238401990856,20591
"(0.918885978605481, 0.9873891625615764)",1,98.58197550337826,20592
"(0.9205517358458536, 0.9873891625615764)",1,98.5817531652838,20593
"(0.944563492063492, 1.0)",1,98.58152910882912,20594
"(0.8974984433303618, 0.9873891625615764)",1,98.58148148451374,20595
"(0.8687499999999999, 0.988167361639188)",1,98.5814800528631,20596
"(0.6460231360441068, 0.9992416608232524)",1,98.5814571758152,20597
"(0.7083333333333334, 1.0)",1,98.5812381330674,20598
"(0.738145558145558, 1.0)",1,98.58111004750543,20599
"(0.9282083232965586, 0.9916339869281046)",2,98.58092549529891,20601
"(0.9262130464282252, 0.991206314397104)",1,98.58089072023569,20602
"(0.9370337013190184, 0.9916339869281046)",1,98.58083760302472,20603
"(0.9442283950617284, 0.986081059422206)",1,98.58061038255936,20604
"(0.7277677677677677, 1.0)",1,98.5805832435088,20605
"(0.9165164082221422, 0.986081059422206)",1,98.5804400632376,20606
"(0.9169719169719168, 1.0)",1,98.58040308017686,20607
"(0.9125533644430458, 0.9873891625615764)",1,98.58039671867408,20608
"(0.7802197802197803, 1.0)",1,98.5802622967736,20609
"(0.8942622047218923, 0.9873891625615764)",1,98.579997931514,20610
"(0.8112275321577646, 0.9882048106149588)",1,98.57999362075684,20611
"(0.8660327643487228, 0.988167361639188)",1,98.57998445502636,20612
"(0.9243707071934514, 0.9873891625615764)",1,98.57994334849668,20613
"(0.806589620543109, 0.9882048106149588)",1,98.57990173897652,20614
"(0.9418479305417444, 0.988167361639188)",1,98.57987117338872,20615
"(0.861111111111111, 1.0)",1,98.5797561514187,20616
"(0.9403679612329746, 0.9873891625615764)",1,98.5797042980348,20617
"(0.901575014782562, 0.986081059422206)",1,98.57919724837105,20618
"(0.4268899127926591, 0.9992416608232524)",3,98.57918747418428,20621
"(0.8760238095238095, 0.9958292603453894)",1,98.57918200956294,20622
"(0.8970129352925051, 0.9873891625615764)",1,98.57912625065586,20623
"(0.93795454842108, 0.9873891625615764)",1,98.5789190371368,20624
"(0.93795454842108, 0.9873891625615764)",1,98.57848390563092,20625
"(0.8483418730488175, 0.9958292603453894)",1,98.5784793166332,20626
"(0.934052618378994, 0.9873891625615764)",1,98.57847597470212,20627
"(0.865581803207783, 0.991206314397104)",1,98.57825095405532,20628
"(0.9293300445873568, 0.9873891625615764)",1,98.57816444356102,20629
"(0.9057330122004186, 0.991206314397104)",1,98.57802639155626,20630
"(0.7903875985986362, 1.0)",1,98.57802120929182,20631
"(0.987491854024112, 0.9958292603453894)",1,98.57796091325793,20632
"(0.940928587432546, 0.987463247273494)",2,98.57778206202084,20634
"(0.6544644252235129, 1.0)",1,98.57776392607772,20635
"(0.7713401051412279, 1.0)",1,98.5776234974666,20636
"(0.9309821833269412, 0.988167361639188)",1,98.57760282741576,20637
"(0.9498370804822418, 0.9873891625615764)",1,98.57755188616876,20638
"(0.6544644252235129, 1.0)",1,98.577475219727,20639
"(0.3974337753332183, 0.9996210215628012)",3,98.57740187207432,20642
"(0.8506653943511476, 0.991206314397104)",1,98.57731514310056,20643
"(0.7453091184935634, 0.991206314397104)",1,98.57724356811303,20644
"(0.961552316099405, 0.9958292603453894)",1,98.57720728134736,20645
"(0.3690581214322782, 0.9996210215628012)",3,98.57714127301412,20648
"(0.7711781618000022, 1.0)",1,98.57693223615595,20649
"(0.9584987529902784, 1.0)",1,98.5769215368558,20650
"(0.9199973910846122, 0.9873891625615764)",2,98.57686188523624,20652
"(0.9958292603453894, 0.9958292603453894)",1,98.57655608706897,20653
"(0.9205517358458536, 0.9873891625615764)",2,98.57628079770669,20655
"(0.8158879904162925, 1.0)",1,98.5762265101533,20656
"(0.5005466528962331, 0.9996210215628012)",3,98.57613065574188,20659
"(0.9377148530109056, 0.991206314397104)",1,98.57603120805902,20660
"(0.3262466548275309, 0.9996210215628012)",3,98.57576303132478,20663
"(0.7545469576719577, 1.0)",1,98.57571681266391,20664
"(0.9958292603453894, 0.9958292603453894)",1,98.57571140229948,20665
"(0.9068759224041408, 0.9916339869281046)",1,98.57567004671677,20666
"(0.8804215399610136, 0.991206314397104)",1,98.57562632322042,20667
"(0.9295946890286512, 1.0)",1,98.57549453955995,20668
"(0.972281746031746, 0.9861673414304992)",1,98.57503772404162,20669
"(0.9498370804822418, 0.9873891625615764)",1,98.5749873527849,20670
"(0.9114218054477384, 0.9873891625615764)",1,98.57496015723122,20671
"(0.9332172991312776, 0.9916585206907788)",1,98.5749355916348,20672
"(0.9262130464282252, 0.991206314397104)",1,98.57485284764228,20673
"(0.8587708587708588, 1.0)",1,98.574615868706,20674
"(0.987463247273494, 0.9958292603453894)",1,98.5746045691277,20675
"(0.93795454842108, 0.9873891625615764)",2,98.57439448364512,20677
"(0.6056395293929532, 0.9992416608232524)",1,98.57433345357326,20678
"(0.4943189964157706, 1.0)",1,98.57427895994432,20679
"(0.979051756240299, 1.0)",1,98.57395919396892,20680
"(0.9293300445873568, 0.9873891625615764)",1,98.57389098459062,20681
"(0.8449978636391381, 0.9882048106149588)",1,98.5738140807036,20682
"(0.9230468061350414, 0.987463247273494)",2,98.57366475450232,20684
"(0.9436368312757202, 0.9861673414304992)",2,98.57348683924616,20686
"(0.7075825156110616, 0.991206314397104)",1,98.57329541245768,20687
"(0.836047207956091, 0.988167361639188)",2,98.5730761225836,20689
"(0.9665831244778612, 1.0)",1,98.57306542773426,20690
"(0.9750072792119512, 1.0)",1,98.57300601295468,20691
"(0.9958292603453894, 1.0)",1,98.57274784512892,20692
"(0.812557599070401, 1.0)",1,98.57269384534298,20693
"(0.7168719671519223, 0.991206314397104)",1,98.57255659302425,20694
"(0.9833211143695014, 1.0)",1,98.5724196419842,20695
"(0.920238255356524, 0.9916339869281046)",1,98.57235609844123,20696
"(0.9622634791942192, 0.987495927012056)",1,98.57221688399147,20697
"(0.9269606362629618, 0.988167361639188)",1,98.57181706036867,20698
"(0.8942622047218923, 0.9873891625615764)",1,98.5715350517982,20699
"(0.835848883169409, 0.988167361639188)",1,98.5711922326812,20700
"(0.975479255167798, 0.9958292603453894)",1,98.57115133877002,20701
"(0.8947046219773493, 0.988167361639188)",2,98.57111258672596,20703
"(0.9436368312757202, 0.9861310021084456)",1,98.57105538529214,20704
"(0.934052618378994, 0.9873891625615764)",1,98.57104339339274,20705
"(0.4037090566294931, 0.9981012669018314)",1,98.57088492458604,20706
"(0.987463247273494, 0.9958292603453894)",1,98.57058898125368,20707
"(0.4776542240827955, 1.0)",1,98.57053810517272,20708
"(0.7545469576719577, 1.0)",1,98.57052871229888,20709
"(0.9916625936787228, 0.9958292603453894)",1,98.57044600722892,20710
"(0.4495135398715946, 0.9973390598305516)",1,98.57044436168972,20711
"(0.5073536286909905, 0.9996210215628012)",3,98.57034817781154,20714
"(0.8970129352925051, 0.9873891625615764)",1,98.56945662622304,20715
"(0.9746535316523212, 0.9958292603453894)",1,98.56945515041778,20716
"(0.8315416458960965, 0.988167361639188)",1,98.5692955297942,20717
"(0.8222222222222222, 1.0)",1,98.56912304181796,20718
"(0.5049504801920769, 0.9975000781372088)",1,98.56908430371888,20719
"(0.8974984433303618, 0.9873891625615764)",1,98.56866364909676,20720
"(0.8976982097186702, 1.0)",1,98.56861410492569,20721
"(0.9114218054477384, 0.9873891625615764)",1,98.56861265290588,20722
"(0.9664171122994653, 0.9958292603453894)",1,98.5684462201347,20723
"(0.8478418336329888, 0.991206314397104)",1,98.5683621921938,20724
"(0.738145558145558, 1.0)",1,98.5679190222274,20725
"(0.9418479305417444, 0.988167361639188)",1,98.56788392713864,20726
"(0.7042648709315374, 1.0)",1,98.56753367392967,20727
"(0.7574146783449108, 0.9882048106149588)",1,98.56746750141552,20728
"(0.8942622047218923, 0.9873891625615764)",1,98.5674670161439,20729
"(0.503442416215342, 0.9981012669018314)",1,98.56743529350524,20730
"(0.9916585206907788, 0.9958292603453894)",1,98.56741687147488,20731
"(0.9466127311522048, 0.991206314397104)",1,98.56741598990811,20732
"(0.555320102908265, 0.9984817852901372)",3,98.56735904119628,20735
"(0.9309821833269412, 0.988167361639188)",1,98.56735155097924,20736
"(0.94291309888229, 0.991206314397104)",1,98.56726353018644,20737
"(0.9205517358458536, 0.9873891625615764)",1,98.56709614486692,20738
"(0.8879608405415911, 0.988167361639188)",2,98.5670750582152,20740
"(0.8533622685185187, 1.0)",1,98.56695548314364,20741
"(0.9192093318943212, 0.9882048106149588)",1,98.56655705115568,20742
"(0.9309821833269412, 0.988167361639188)",1,98.56648682246096,20743
"(0.966870220228854, 0.9873891625615764)",1,98.56614187437948,20744
"(0.837707400507675, 1.0)",1,98.56613116581995,20745
"(0.7965746171391332, 1.0)",1,98.56599331476924,20746
"(0.8810064268049709, 0.991206314397104)",1,98.56588440449842,20747
"(0.2372024545510323, 0.9988619159967322)",3,98.56585991671588,20750
"(0.8947046219773493, 0.988167361639188)",1,98.56582873667114,20751
"(0.893146638589877, 0.9882048106149588)",1,98.5658254352311,20752
"(0.8064997018485391, 0.988167361639188)",1,98.5655178988346,20753
"(0.4514795008912656, 0.9987499746026686)",1,98.56529231849852,20754
"(0.8947046219773493, 0.988167361639188)",1,98.56528888684475,20755
"(0.8974984433303618, 0.9873891625615764)",1,98.56523158171,20756
"(0.9412964149491664, 0.9873891625615764)",2,98.56504968068276,20758
"(0.9008627640703112, 0.986081059422206)",2,98.56495294891184,20760
"(0.962505246140658, 0.9958292603453894)",1,98.5646558788913,20761
"(0.9441792447111594, 0.986081059422206)",1,98.5644981957488,20762
"(0.9504245882013664, 0.9916585206907788)",1,98.56448252366567,20763
"(0.6907243513029603, 1.0)",1,98.56435941999192,20764
"(0.9262130464282252, 0.991206314397104)",1,98.5639928102874,20765
"(0.6544644252235129, 1.0)",1,98.56393126750822,20766
"(0.930704099821747, 0.986081059422206)",3,98.56373334354276,20769
"(0.9756244289830628, 0.9958292603453894)",1,98.56360469207624,20770
"(0.8942622047218923, 0.9873891625615764)",1,98.56346991241108,20771
"(0.9418479305417444, 0.988167361639188)",2,98.5632535506116,20773
"(0.7524760273298283, 0.991206314397104)",1,98.56305661862542,20774
"(0.9412964149491664, 0.9873891625615764)",1,98.56285984960516,20775
"(0.786508365740383, 1.0)",1,98.56281145469735,20776
"(0.8694224991654613, 0.988167361639188)",1,98.56248360416308,20777
"(0.5073536286909905, 0.9981012669018314)",1,98.56247690113166,20778
"(0.91326516498939, 0.9916339869281046)",2,98.56213747492892,20780
"(0.7545469576719577, 1.0)",1,98.56188415409444,20781
"(0.97495917428555, 0.9958292603453894)",1,98.56156431802997,20782
"(0.983305541180304, 0.9958292603453894)",1,98.56153873002928,20783
"(0.9114218054477384, 0.9873891625615764)",1,98.56144977085056,20784
"(0.7965746171391332, 1.0)",1,98.56142086691284,20785
"(0.9831777451938742, 0.9958292603453894)",1,98.56135105197912,20786
"(0.3317695658368551, 0.9988619159967322)",3,98.56114468505557,20789
"(0.8928598364786969, 0.9916585206907788)",1,98.56107815913929,20790
"(0.6052212368618619, 0.9992416608232524)",3,98.56102027262855,20793
"(0.4039045743444857, 1.0)",1,98.56101171941415,20794
"(0.5070372093557577, 1.0)",1,98.5609841868205,20795
"(0.9444901834607716, 0.9861673414304992)",1,98.560862941516,20796
"(0.972281746031746, 0.9861673414304992)",1,98.5608469739674,20797
"(0.9916585206907788, 0.9958292603453894)",1,98.56081628777596,20798
"(0.9876066164491212, 0.9958292603453894)",1,98.56076464083102,20799
"(0.8249504969211211, 0.988167361639188)",1,98.56033819411208,20800
"(0.4369316957552253, 1.0)",2,98.5603195557714,20802
"(0.9300671002153482, 0.9861673414304992)",1,98.56030885616212,20803
"(0.9876221896383188, 0.9958292603453894)",1,98.56027205452776,20804
"(0.9436368312757202, 0.9861673414304992)",1,98.55993691068684,20805
"(0.9874762808349148, 0.9958292603453894)",1,98.55990463611766,20806
"(0.9466127311522048, 0.991206314397104)",1,98.55968996328151,20807
"(0.9412964149491664, 0.9873891625615764)",1,98.55930802150702,20808
"(0.8942622047218923, 0.9873891625615764)",1,98.55923835795096,20809
"(0.8817656528001355, 0.9916339869281046)",1,98.55918533436792,20810
"(0.9916585206907788, 0.9958292603453894)",1,98.55905822660183,20811
"(0.9516794286955578, 0.9958292603453894)",1,98.55904086709576,20812
"(0.835848883169409, 0.988167361639188)",1,98.5590189481841,20813
"(0.8495378883833893, 0.9916585206907788)",1,98.55896330678664,20814
"(0.8506653943511476, 0.991206314397104)",1,98.55889195258897,20815
"(0.7524760273298283, 0.991206314397104)",1,98.55882533567237,20816
"(0.9833211143695014, 1.0)",1,98.55839915260432,20817
"(0.9584987529902784, 1.0)",2,98.55824723059928,20819
"(0.9791102677630192, 0.9958292603453894)",1,98.55817064657283,20820
"(0.90650529457547, 0.9873891625615764)",1,98.55816281048534,20821
"(0.9833080808080809, 0.9958292603453894)",1,98.55807643535675,20822
"(0.4495135398715946, 0.9992416608232524)",1,98.5578777449616,20823
"(0.9444901834607716, 0.9861310021084456)",1,98.55761513848904,20824
"(0.91326516498939, 0.9873891625615764)",1,98.55749466894666,20825
"(0.9916585206907788, 0.9958292603453894)",1,98.5573850752106,20826
"(0.94291309888229, 0.991206314397104)",1,98.55738386328449,20827
"(0.9834358767945106, 0.9958292603453894)",1,98.55731882643252,20828
"(0.9125533644430458, 0.9873891625615764)",1,98.55728298288425,20829
"(0.9243707071934514, 0.9916339869281046)",1,98.55718917772624,20830
"(0.9496114574862204, 0.9873891625615764)",1,98.55705957468948,20831
"(0.9583930063253372, 1.0)",1,98.55697604109208,20832
"(0.9041196741854636, 0.991206314397104)",1,98.55690061979006,20833
"(0.9436368312757202, 0.9861310021084456)",1,98.55684806831226,20834
"(0.8471527473990528, 1.0)",1,98.55641614972822,20835
"(0.5981266189834885, 0.9992416608232524)",3,98.5564078210214,20838
"(0.893146638589877, 0.9882048106149588)",1,98.55617616463891,20839
"(0.7903875985986362, 1.0)",1,98.5553537954914,20840
"(0.640026163990047, 0.9992416608232524)",1,98.55521505533774,20841
"(0.4943189964157706, 1.0)",1,98.55521370039286,20842
"(0.8879608405415911, 0.988167361639188)",1,98.55512029512516,20843
"(0.8687499999999999, 0.988167361639188)",1,98.5550128167154,20844
"(0.8879608405415911, 0.988167361639188)",1,98.55497928253432,20845
"(0.9831777451938742, 0.9958292603453894)",1,98.5549498633559,20846
"(0.8495378883833893, 0.9958292603453894)",1,98.55494511242952,20847
"(0.569526627218935, 1.0)",3,98.55486390673694,20850
"(0.9412964149491664, 0.9873891625615764)",1,98.55473240200908,20851
"(0.9228120179844318, 0.9873891625615764)",1,98.55464522827106,20852
"(0.9412964149491664, 0.9873891625615764)",1,98.55463529438664,20853
"(0.4822651515151516, 0.9996210215628012)",3,98.5546043479754,20856
"(0.987491854024112, 0.9958292603453894)",1,98.55419177197052,20857
"(0.8879608405415911, 0.988167361639188)",1,98.554132002195,20858
"(0.738145558145558, 1.0)",2,98.55408636365787,20860
"(0.9243707071934514, 0.9873891625615764)",1,98.55403226910606,20861
"(0.8761383419447936, 0.9873891625615764)",1,98.55377891824328,20862
"(0.5244713025029905, 0.9992416608232524)",2,98.55376067183344,20864
"(0.9331662489557224, 1.0)",1,98.55290172490812,20865
"(0.7278086237149632, 1.0)",1,98.5528164327596,20866
"(0.975479255167798, 0.9958292603453894)",1,98.55273040544424,20867
"(0.8065954953750508, 0.9882048106149588)",1,98.55244257560692,20868
"(0.8761383419447936, 0.9873891625615764)",1,98.55243946590112,20869
"(0.8974984433303618, 0.9873891625615764)",1,98.55237573405336,20870
"(0.7060994560994561, 1.0)",1,98.55228523366132,20871
"(0.93795454842108, 0.9873891625615764)",1,98.55220785430988,20872
"(0.9282083232965586, 0.9873891625615764)",2,98.55197485663334,20874
"(0.944073617452092, 0.986081059422206)",1,98.55191338910085,20875
"(0.8796354494028912, 0.988167361639188)",1,98.55191310789746,20876
"(0.987491854024112, 0.9958292603453894)",1,98.55182777144702,20877
"(0.9496114574862204, 0.9873891625615764)",1,98.55181382083973,20878
"(0.2184301094356221, 0.9977203590215908)",2,98.5517300899314,20880
"(0.9791544477028348, 0.9958292603453894)",1,98.55164242964864,20881
"(0.8726893261776982, 0.988167361639188)",1,98.55158801029756,20882
"(0.835848883169409, 0.988167361639188)",1,98.55158274314635,20883
"(0.957630187612848, 0.9873891625615764)",1,98.55129914303554,20884
"(0.8947046219773493, 0.988167361639188)",2,98.55123248691194,20886
"(0.4546676605521106, 1.0)",3,98.55113299650536,20889
"(0.8471527473990528, 1.0)",1,98.55097450882792,20890
"(0.8478418336329888, 0.991206314397104)",1,98.55095138075428,20891
"(0.7344692811916678, 1.0)",1,98.55083824457444,20892
"(0.9370337013190184, 0.9873891625615764)",1,98.55081806566668,20893
"(0.6733821733821733, 1.0)",1,98.55079233620778,20894
"(0.8726893261776982, 0.988167361639188)",1,98.55069813692008,20895
"(0.9262130464282252, 0.991206314397104)",1,98.55064299276584,20896
"(0.5070372093557577, 1.0)",1,98.55046205203196,20897
"(0.9262130464282252, 0.991206314397104)",1,98.55040186211107,20898
"(0.4790513120764785, 0.9950001562744178)",1,98.55016636583092,20899
"(0.8996392387758612, 0.9873891625615764)",1,98.55016238569588,20900
"(0.8478418336329888, 0.991206314397104)",1,98.55014887850172,20901
"(0.7453091184935634, 0.991206314397104)",1,98.55006140555318,20902
"(0.9791102677630192, 0.9958292603453894)",1,98.54985432395388,20903
"(0.9707136080238548, 0.9958292603453894)",1,98.54980534072013,20904
"(0.8600291387756281, 0.9958292603453894)",1,98.54961376244562,20905
"(0.835848883169409, 0.988167361639188)",1,98.54950646913694,20906
"(0.8879608405415911, 0.988167361639188)",1,98.54931013521087,20907
"(0.9543883398911862, 0.9958292603453894)",1,98.54911986344244,20908
"(0.9269606362629618, 0.9882048106149588)",1,98.54904837258606,20909
"(0.9412172027494607, 0.9958292603453894)",1,98.5489375710346,20910
"(0.7377975062704127, 1.0)",2,98.54871455042112,20912
"(0.7545469576719577, 1.0)",1,98.54813744758457,20913
"(0.9161952650324744, 1.0)",1,98.54811563602468,20914
"(0.9792773561037318, 1.0)",1,98.54797762750866,20915
"(0.9418479305417444, 0.988167361639188)",1,98.5478986824804,20916
"(0.972281746031746, 0.9861673414304992)",1,98.54778064723568,20917
"(0.9834358767945106, 0.9958292603453894)",1,98.54776694494376,20918
"(0.94291309888229, 0.991206314397104)",1,98.54745597971336,20919
"(0.835848883169409, 0.988167361639188)",2,98.54745417876454,20921
"(0.9444901834607716, 0.9861673414304992)",1,98.54736171628048,20922
"(0.972281746031746, 0.9861673414304992)",1,98.5473159007444,20923
"(0.972420634920635, 0.9861673414304992)",1,98.54725164700646,20924
"(0.4777955536474655, 0.9996210215628012)",3,98.54697087816966,20927
"(0.972281746031746, 0.9861673414304992)",2,98.54693882683792,20929
"(0.9299160159815896, 0.9861673414304992)",1,98.54690801521058,20930
"(0.9262130464282252, 0.991206314397104)",1,98.54678525332751,20931
"(0.9418479305417444, 0.988167361639188)",1,98.54660374035568,20932
"(0.4951406509253605, 0.9992416608232524)",1,98.54639338643268,20933
"(0.9436368312757202, 0.9861673414304992)",2,98.5463365789662,20935
"(0.9243707071934514, 0.9873891625615764)",1,98.54630739357032,20936
"(0.987491854024112, 1.0)",1,98.54619854320084,20937
"(0.893146638589877, 0.9882048106149588)",1,98.54619520473352,20938
"(0.972281746031746, 0.9861673414304992)",1,98.54595084957668,20939
"(0.7075825156110616, 0.991206314397104)",3,98.5459387237326,20942
"(0.8942622047218923, 0.9873891625615764)",1,98.5458112532709,20943
"(0.9418479305417444, 0.988167361639188)",2,98.54559070901064,20945
"(0.9309821833269412, 0.988167361639188)",2,98.54555089904416,20947
"(0.7259777259777259, 1.0)",1,98.54541478862032,20948
"(0.876169430204998, 0.988167361639188)",1,98.54530460550455,20949
"(0.9750481776288228, 0.9958292603453894)",1,98.54529268250698,20950
"(0.9153127183787562, 0.9861673414304992)",1,98.54511774186376,20951
"(0.9041196741854636, 0.991206314397104)",1,98.5450345823179,20952
"(0.9041196741854636, 0.991206314397104)",2,98.54502512364763,20954
"(0.9293300445873568, 0.9873891625615764)",1,98.54490077916036,20955
"(0.94291309888229, 0.991206314397104)",1,98.54465855666317,20956
"(0.9496114574862204, 0.9873891625615764)",1,98.54461627884731,20957
"(0.8879608405415911, 0.988167361639188)",2,98.54453764101667,20959
"(0.975479255167798, 0.9958292603453894)",1,98.54436439237232,20960
"(0.9584987529902784, 1.0)",1,98.54424749162794,20961
"(0.9309563801089225, 0.9861310021084456)",1,98.5441758772809,20962
"(0.9199973910846122, 0.9873891625615764)",1,98.5440701866994,20963
"(0.8365328658269835, 0.9958292603453894)",1,98.54396892359348,20964
"(0.93795454842108, 0.9916339869281046)",2,98.54382564614404,20966
"(0.4994316028798788, 1.0)",1,98.54381946343636,20967
"(0.8572505238994517, 0.988167361639188)",1,98.54371372335588,20968
"(0.8942622047218923, 0.9873891625615764)",2,98.54349756160764,20970
"(0.9300671002153482, 0.9861310021084456)",1,98.54311991228144,20971
"(0.9833080808080809, 0.9958292603453894)",1,98.54310899778142,20972
"(0.987463247273494, 0.9958292603453894)",1,98.54296844290006,20973
"(0.4776542240827955, 1.0)",1,98.54295874009335,20974
"(0.9228120179844318, 0.9873891625615764)",1,98.54277186113588,20975
"(0.9466127311522048, 0.991206314397104)",1,98.54272705982868,20976
"(0.4012260196502799, 0.9984817852901372)",2,98.5424323974277,20978
"(0.8694224991654613, 0.988167361639188)",2,98.5421064643724,20980
"(0.7340930674264006, 1.0)",1,98.54210509183189,20981
"(1.0, 1.0)",1,98.54198342683384,20982
"(0.7075825156110616, 0.991206314397104)",3,98.54190054972612,20985
"(0.93795454842108, 0.9873891625615764)",1,98.54179996422268,20986
"(0.786508365740383, 0.9882048106149588)",1,98.541761979548,20987
"(0.4566269759061861, 0.9992416608232524)",2,98.54174927359728,20989
"(0.9791585206907788, 0.9958292603453894)",1,98.54172475342092,20990
"(0.9788283442948758, 0.9958292603453894)",1,98.54171920372204,20991
"(0.4525211933060535, 0.9988630646884038)",3,98.54145025729768,20994
"(0.8726893261776982, 0.988167361639188)",1,98.54111978356836,20995
"(0.5746422104819308, 0.9981012669018314)",3,98.54098566895192,20998
"(0.8687499999999999, 0.988167361639188)",1,98.54094586287816,20999
"(0.9293300445873568, 0.9873891625615764)",1,98.54092958578796,21000
"(0.457262827025654, 0.9996210215628012)",3,98.54086925621064,21003
"(0.9332172991312776, 0.9916585206907788)",1,98.54074749009176,21004
"(0.8483418730488175, 0.9958292603453894)",1,98.5405347372164,21005
"(0.9228120179844318, 0.9873891625615764)",1,98.54041145621314,21006
"(0.7075825156110616, 0.991206314397104)",1,98.54030638649216,21007
"(0.95305342208568, 0.9873891625615764)",1,98.54029775362191,21008
"(0.931200007971039, 0.9873891625615764)",1,98.54015467285149,21009
"(0.8572505238994517, 0.988167361639188)",1,98.5401039317056,21010
"(0.94291309888229, 0.991206314397104)",1,98.54009627022889,21011
"(0.8249504969211211, 0.988167361639188)",2,98.54004158652036,21013
"(0.947552083649559, 0.9958292603453894)",1,98.54000927190114,21014
"(0.93795454842108, 0.9873891625615764)",1,98.53974340510084,21015
"(0.4937125269096371, 0.9981012669018314)",1,98.5394895306404,21016
"(0.9262130464282252, 0.991206314397104)",1,98.5392663971472,21017
"(0.9748524098350704, 0.9958292603453894)",1,98.53917319462384,21018
"(0.917849761232425, 0.9882048106149588)",1,98.53894449103537,21019
"(0.835848883169409, 0.988167361639188)",2,98.53877501688515,21021
"(0.8804215399610136, 0.991206314397104)",1,98.53872026570735,21022
"(0.8053381731676306, 0.986081059422206)",1,98.53871458058826,21023
"(0.7075825156110616, 0.991206314397104)",1,98.53851297592932,21024
"(0.8879608405415911, 0.988167361639188)",1,98.5384692269928,21025
"(0.8879608405415911, 0.988167361639188)",1,98.53825790843804,21026
"(0.93795454842108, 0.9873891625615764)",1,98.53819168229327,21027
"(0.9303715638302106, 0.986081059422206)",2,98.53816584857124,21029
"(0.835848883169409, 0.988167361639188)",1,98.5380679300826,21030
"(0.8478418336329888, 0.991206314397104)",1,98.5380034887922,21031
"(0.620130835563485, 0.991206314397104)",1,98.53798911889858,21032
"(0.931200007971039, 0.9873891625615764)",1,98.53791921790769,21033
"(0.9788283442948758, 0.9958292603453894)",1,98.53771636700571,21034
"(0.5734466317588319, 0.9996210215628012)",3,98.53757510423416,21037
"(0.8600291387756281, 0.9916585206907788)",1,98.5375683020438,21038
"(0.7168719671519223, 0.991206314397104)",1,98.53756243564854,21039
"(0.901575014782562, 0.986081059422206)",1,98.53755693683117,21040
"(0.9498370804822418, 0.9873891625615764)",1,98.5375067938186,21041
"(0.9293300445873568, 0.9873891625615764)",1,98.53734817815952,21042
"(0.7075825156110616, 0.991206314397104)",3,98.53732637874388,21045
"(0.4919916866987179, 0.9987499746026686)",1,98.53719893204678,21046
"(0.94291309888229, 0.991206314397104)",1,98.53715079405302,21047
"(0.3571517423754762, 0.9984817852901372)",2,98.53708564089636,21049
"(0.859499940327008, 0.986081059422206)",1,98.53705158863345,21050
"(0.4606973696770164, 0.9975000781372088)",1,98.53701534634055,21051
"(0.944120583717358, 0.9832925076188832)",1,98.53691774849293,21052
"(0.564922563324656, 0.9988619159967322)",1,98.53685976038416,21053
"(0.837707400507675, 1.0)",1,98.53675360709312,21054
"(0.5371072475911186, 0.9992416608232524)",3,98.53668409418026,21057
"(0.6636745887678723, 1.0)",1,98.53664953437458,21058
"(0.5066418935372837, 0.9992416608232524)",3,98.53653603463866,21061
"(0.9496114574862204, 0.9873891625615764)",1,98.53653119175526,21062
"(0.8733799478600891, 0.987463247273494)",2,98.53647235575404,21064
"(0.931200007971039, 0.9873891625615764)",2,98.53644835174184,21066
"(0.6907243513029603, 1.0)",1,98.5362961809027,21067
"(0.9282083232965586, 0.9873891625615764)",1,98.5362829815199,21068
"(0.6636745887678723, 1.0)",1,98.5362748759642,21069
"(0.8928598364786969, 0.987495927012056)",1,98.53604692750098,21070
"(0.9125533644430458, 0.9873891625615764)",1,98.5359073366003,21071
"(0.9543883398911862, 0.9958292603453894)",1,98.53577514443408,21072
"(0.9205517358458536, 0.9873891625615764)",1,98.53572691217,21073
"(0.6962461114805364, 0.9961927960732532)",1,98.5355989521206,21074
"(0.9164652836623464, 1.0)",1,98.5355021278896,21075
"(0.974772367065274, 0.9958292603453894)",1,98.53541747492297,21076
"(0.5005466528962331, 0.9996210215628012)",1,98.53527298316337,21077
"(0.954238558835333, 0.9873891625615764)",1,98.53511185383292,21078
"(0.8935211759471547, 0.9916339869281046)",1,98.53507679734476,21079
"(0.961552316099405, 0.9958292603453894)",1,98.53501707554926,21080
"(0.9623066688389268, 0.9958292603453894)",1,98.53495482717064,21081
"(0.3525464877615415, 1.0)",1,98.53439407746224,21082
"(0.9584987529902784, 1.0)",1,98.5341140361826,21083
"(0.9788980434141724, 0.9958292603453894)",1,98.53383251921112,21084
"(0.972281746031746, 0.9861673414304992)",1,98.53373245641328,21085
"(0.972420634920635, 0.9861673414304992)",3,98.53370609742576,21088
"(0.972281746031746, 0.9861673414304992)",1,98.53370401736956,21089
"(0.9788980434141724, 0.9958292603453894)",1,98.53367013101813,21090
"(0.9418479305417444, 0.988167361639188)",1,98.53358456587765,21091
"(0.9444901834607716, 0.9861673414304992)",1,98.53345329934842,21092
"(0.8694224991654613, 0.988167361639188)",1,98.53321288165732,21093
"(0.9228120179844318, 0.9873891625615764)",1,98.53303362676009,21094
"(0.9496114574862204, 0.9873891625615764)",1,98.532880287179,21095
"(0.9300671002153482, 0.9861673414304992)",1,98.532823433141,21096
"(0.972281746031746, 0.9861673414304992)",1,98.5327431317167,21097
"(0.9916585206907788, 0.9958292603453894)",2,98.532706125474,21099
"(0.9665755481078062, 1.0)",1,98.53267112162564,21100
"(0.8229870141950848, 1.0)",1,98.53251492536424,21101
"(0.4670357941834451, 0.9984817852901372)",1,98.532461737786,21102
"(0.9436368312757202, 0.9861673414304992)",1,98.53241695083604,21103
"(0.8660327643487228, 0.988167361639188)",1,98.53236814070222,21104
"(0.9744745723240348, 0.9958292603453894)",1,98.53234007985928,21105
"(0.9436368312757202, 0.9861673414304992)",1,98.53222017288552,21106
"(0.9436368312757202, 0.9861673414304992)",1,98.53218383356348,21107
"(0.9436368312757202, 0.9861673414304992)",1,98.53205289701836,21108
"(0.7836974395113928, 0.988167361639188)",1,98.53193980562445,21109
"(0.8703703703703703, 1.0)",1,98.53172301575202,21110
"(0.930124456440246, 1.0)",1,98.5317146594092,21111
"(0.8879608405415911, 0.988167361639188)",2,98.53159659165702,21113
"(0.9874762808349148, 0.9958292603453894)",1,98.53119804289884,21114
"(0.9583930063253372, 1.0)",1,98.53107815419445,21115
"(0.9665633291439744, 0.9958292603453894)",1,98.5309765408692,21116
"(0.93773047895128, 0.9958292603453894)",1,98.53082570101556,21117
"(0.786508365740383, 0.9882048106149588)",1,98.5305622149589,21118
"(0.9205517358458536, 0.9873891625615764)",1,98.53045745235652,21119
"(0.9583930063253372, 1.0)",1,98.53042322996608,21120
"(0.9833229101521784, 1.0)",1,98.53039685013393,21121
"(0.9584987529902784, 1.0)",1,98.5303784937364,21122
"(0.7344692811916678, 1.0)",1,98.53022927955402,21123
"(0.8726893261776982, 0.988167361639188)",1,98.53002831861936,21124
"(0.987491854024112, 0.9958292603453894)",2,98.53001050929994,21126
"(0.8879608405415911, 0.988167361639188)",2,98.52997097290628,21128
"(0.9620528801064364, 0.9873891625615764)",1,98.52996147860566,21129
"(0.8443691323092412, 0.9958292603453894)",1,98.52991989703568,21130
"(0.835848883169409, 0.988167361639188)",2,98.52989448424222,21132
"(0.91326516498939, 0.9873891625615764)",1,98.5295215151159,21133
"(0.514585158944719, 0.9996210215628012)",2,98.52938312775083,21135
"(0.7075825156110616, 0.991206314397104)",2,98.52935548139271,21137
"(0.9833040078201368, 0.9958292603453894)",1,98.52931444015807,21138
"(0.9332172991312776, 0.9958292603453894)",1,98.52925365303425,21139
"(0.8249504969211211, 0.988167361639188)",1,98.52920709158188,21140
"(0.9309821833269412, 0.988167361639188)",1,98.52913126880024,21141
"(0.5049504801920769, 0.9975000781372088)",1,98.52911219681378,21142
"(0.4609816352782865, 1.0)",2,98.52906017536436,21144
"(0.8249504969211211, 0.988167361639188)",1,98.5290248041537,21145
"(0.8974984433303618, 0.9873891625615764)",1,98.52895340059082,21146
"(0.7075825156110616, 0.991206314397104)",2,98.52887003821596,21148
"(0.8064997018485391, 0.988167361639188)",1,98.52876631087312,21149
"(0.8730304179305696, 0.988167361639188)",1,98.52862195424588,21150
"(0.835848883169409, 0.988167361639188)",1,98.5285855714757,21151
"(0.5070372093557577, 1.0)",1,98.52838268587551,21152
"(0.8249504969211211, 0.988167361639188)",1,98.52835193041764,21153
"(0.9295946890286512, 1.0)",1,98.52815098063223,21154
"(0.7139609159313594, 1.0)",1,98.52813530577023,21155
"(0.8916052423523688, 0.9873891625615764)",1,98.52812612586824,21156
"(0.7513013302486987, 1.0)",1,98.5280828502314,21157
"(0.9748524098350704, 0.9958292603453894)",2,98.52775079792232,21159
"(0.8880984643179766, 1.0)",1,98.52772463203932,21160
"(0.9205517358458536, 0.9916339869281046)",1,98.52771203824024,21161
"(0.9228120179844318, 0.9873891625615764)",1,98.52771169455806,21162
"(0.8947046219773493, 0.988167361639188)",1,98.52768912955972,21163
"(0.8468089381754635, 1.0)",1,98.52766424662752,21164
"(0.917849761232425, 0.9882048106149588)",1,98.5276496665098,21165
"(0.9916339869281046, 0.9958292603453894)",1,98.52758061053956,21166
"(0.7965746171391332, 1.0)",3,98.52751797379923,21169
"(0.9958292603453894, 0.9958292603453894)",1,98.52739630184016,21170
"(0.9791258409522168, 0.9958292603453894)",1,98.52730757474951,21171
"(0.8976982097186702, 1.0)",1,98.5272345743012,21172
"(0.6784722222222224, 1.0)",1,98.52715924781626,21173
"(0.918885978605481, 0.9873891625615764)",1,98.52688940656726,21174
"(0.5070372093557577, 1.0)",1,98.5266051543826,21175
"(0.9418479305417444, 0.988167361639188)",2,98.52652080003222,21177
"(0.979051756240299, 0.9958292603453894)",1,98.5264542434761,21178
"(0.8942622047218923, 0.9873891625615764)",1,98.52622937732797,21179
"(0.7344692811916678, 1.0)",1,98.5261550737885,21180
"(0.9114218054477384, 0.9873891625615764)",1,98.52614122554212,21181
"(0.9228120179844318, 0.9873891625615764)",1,98.5260800712715,21182
"(0.9369138996969484, 0.9958292603453894)",1,98.52593169231776,21183
"(0.9412964149491664, 0.9873891625615764)",1,98.52592651720124,21184
"(0.9496114574862204, 0.9873891625615764)",1,98.52579534762476,21185
"(0.5118261627427276, 0.9977203590215908)",1,98.52553170316644,21186
"(0.514585158944719, 0.9988619159967322)",1,98.52529964555156,21187
"(0.9205517358458536, 0.9873891625615764)",1,98.52512496958728,21188
"(0.9303715638302106, 0.986081059422206)",1,98.52511181077658,21189
"(0.8947046219773493, 0.988167361639188)",1,98.5251032939136,21190
"(0.7060994560994561, 1.0)",1,98.52496697700543,21191
"(0.91326516498939, 0.9873891625615764)",1,98.52495067467056,21192
"(0.9665755481078062, 1.0)",1,98.52486469934688,21193
"(0.7000013129045387, 1.0)",1,98.52483017893206,21194
"(0.9027777777777778, 0.986081059422206)",1,98.52481765239888,21195
"(0.9250222656674272, 0.9958292603453894)",1,98.52454873291954,21196
"(0.9166145507608924, 1.0)",1,98.52454208336113,21197
"(0.507482960719107, 0.9987499746026686)",1,98.52453817612869,21198
"(0.9309821833269412, 0.988167361639188)",1,98.52447628966311,21199
"(0.9747273037595618, 0.9958292603453894)",1,98.52426044437432,21200
"(0.8726893261776982, 0.988167361639188)",2,98.52412426268816,21202
"(0.7818150074652026, 0.9988619159967322)",1,98.52412075345556,21203
"(0.9369138996969484, 0.9958292603453894)",1,98.52401053433984,21204
"(0.9365496267832196, 0.9874877810361682)",1,98.52400326485451,21205
"(0.5073536286909905, 0.9992416608232524)",1,98.52399786201003,21206
"(0.987463247273494, 0.9958292603453894)",1,98.52394869033331,21207
"(0.4955558486584263, 0.9950001562744178)",1,98.5236652310712,21208
"(0.7962102115226081, 0.988167361639188)",1,98.5236462796326,21209
"(0.4957093292502148, 0.9992416608232524)",1,98.52362304130168,21210
"(0.813515418166581, 0.988167361639188)",1,98.5235460852283,21211
"(0.8443691323092412, 0.9916585206907788)",1,98.52345057278916,21212
"(0.9830687830687832, 0.9958292603453894)",1,98.52322638268734,21213
"(0.9669795885118464, 0.9958292603453894)",1,98.52316693953942,21214
"(0.8970129352925051, 0.9873891625615764)",1,98.52314278548567,21215
"(0.9299507899507898, 0.986081059422206)",2,98.52314084736604,21217
"(0.4955558486584263, 0.9975)",1,98.52308959378313,21218
"(0.8916052423523688, 0.9873891625615764)",1,98.52294052740385,21219
"(0.9958292603453894, 1.0)",1,98.52291500626016,21220
"(0.9586562930696936, 0.9832925076188832)",1,98.52289903536294,21221
"(0.8694224991654613, 0.988167361639188)",1,98.52283093667468,21222
"(0.5910166282704363, 0.9988619159967322)",1,98.52277275993676,21223
"(0.9166682405676116, 1.0)",1,98.52275118745249,21224
"(0.91326516498939, 0.9873891625615764)",1,98.52262901412666,21225
"(0.8804215399610136, 0.991206314397104)",1,98.522499779297,21226
"(0.4790513120764785, 0.9987499746026686)",1,98.52240807189564,21227
"(0.8547756205106323, 0.9882048106149588)",2,98.52240294000268,21229
"(0.8970129352925051, 0.9873891625615764)",1,98.52234351987212,21230
"(0.9746854694957162, 0.9958292603453894)",1,98.52195199185373,21231
"(0.979055829228243, 0.9958292603453894)",1,98.52178481887516,21232
"(0.4747763864042934, 1.0)",1,98.52155056643086,21233
"(0.91326516498939, 0.9916339869281046)",1,98.52146939849804,21234
"(0.457262827025654, 0.9988619159967322)",3,98.52146665737182,21237
"(0.8810064268049709, 0.991206314397104)",1,98.5214603817164,21238
"(0.8425483191745751, 0.9882048106149588)",1,98.52096598753674,21239
"(0.9876066164491212, 0.9958292603453894)",1,98.52092373353894,21240
"(0.972281746031746, 0.9861673414304992)",1,98.52072466750111,21241
"(0.9398731501057084, 0.988167361639188)",1,98.52068889759283,21242
"(0.8312205288949474, 0.9882048106149588)",1,98.520685536865,21243
"(0.9876106894370652, 0.9958292603453894)",1,98.52063512412695,21244
"(0.9623066688389268, 0.9958292603453894)",1,98.52050080509612,21245
"(0.9037258879440732, 0.9861673414304992)",1,98.52047330440968,21246
"(0.3921761406909921, 1.0)",1,98.52044021898392,21247
"(0.81893131227901, 1.0)",1,98.52043256864827,21248
"(1.0, 1.0)",1,98.52036816446731,21249
"(0.7545469576719577, 1.0)",1,98.52005067518158,21250
"(0.8916052423523688, 0.9873891625615764)",1,98.51987624917967,21251
"(0.4525211933060535, 0.9996210215628012)",1,98.51987619465848,21252
"(0.9444901834607716, 0.9861673414304992)",1,98.5195895610956,21253
"(0.9832965806068272, 0.9958292603453894)",1,98.51951938748353,21254
"(0.7946380416968652, 0.9958292603453894)",1,98.51949717370243,21255
"(0.9699183291713004, 0.9958292603453894)",1,98.5194512348156,21256
"(0.9398731501057084, 0.988167361639188)",1,98.5193988290544,21257
"(0.8222222222222222, 1.0)",1,98.51937457552717,21258
"(0.7962102115226081, 0.988167361639188)",1,98.51925060998,21259
"(0.9125533644430458, 0.9873891625615764)",1,98.51911892379188,21260
"(0.9444901834607716, 0.9861673414304992)",2,98.51910113456223,21262
"(0.4845066627893052, 0.9984817852901372)",1,98.5190724337548,21263
"(0.9300671002153482, 0.9861673414304992)",1,98.51903685748412,21264
"(0.9581458989353726, 1.0)",1,98.51858021039008,21265
"(0.7962102115226081, 0.988167361639188)",1,98.51857651635882,21266
"(0.9444901834607716, 0.9861673414304992)",1,98.51850891952851,21267
"(0.9205517358458536, 0.9873891625615764)",1,98.5184922781238,21268
"(0.9830687830687832, 0.9958292603453894)",1,98.51846520110466,21269
"(0.961552316099405, 0.9958292603453894)",1,98.51845504731814,21270
"(0.9398731501057084, 0.988167361639188)",1,98.51844019618709,21271
"(0.9282083232965586, 0.9873891625615764)",1,98.51834986377762,21272
"(0.9440529448756316, 0.9861673414304992)",1,98.51830268985763,21273
"(0.2537048100490196, 0.9981012669018314)",1,98.5182584946931,21274
"(0.991777356103732, 0.9958292603453894)",1,98.51797416228052,21275
"(0.9583930063253372, 1.0)",1,98.51796865754412,21276
"(0.5734466317588319, 0.9969573675011548)",3,98.51786321912331,21279
"(0.8996392387758612, 0.9873891625615764)",1,98.51784434865992,21280
"(0.8697983697983697, 1.0)",1,98.51781903439148,21281
"(0.9496114574862204, 0.9916339869281046)",1,98.51780619117864,21282
"(0.9153127183787562, 0.9861673414304992)",1,98.5177089767432,21283
"(0.8726893261776982, 0.988167361639188)",1,98.5176865478107,21284
"(0.492807005588115, 0.9987499746026686)",1,98.51768002317584,21285
"(0.9440529448756316, 0.9861673414304992)",1,98.517615874597,21286
"(0.7075825156110616, 0.991206314397104)",1,98.51745105671571,21287
"(0.8970129352925051, 0.9873891625615764)",1,98.51732518665987,21288
"(0.9874762808349148, 0.9958292603453894)",1,98.51719841208492,21289
"(0.9125533644430458, 0.9873891625615764)",1,98.5170778595502,21290
"(0.9833251873574456, 0.9958292603453894)",1,98.51700761466708,21291
"(0.5697493278919207, 0.9988619159967322)",3,98.51696729797176,21294
"(0.7344692811916678, 1.0)",1,98.51685360229216,21295
"(0.831031066037186, 0.988167361639188)",2,98.51671809023216,21297
"(0.91326516498939, 0.9873891625615764)",1,98.51667949648908,21298
"(0.831031066037186, 0.988167361639188)",2,98.51649936063582,21300
"(0.8974984433303618, 0.9873891625615764)",1,98.51607099484984,21301
"(0.902898027898028, 0.9861310021084456)",1,98.51601798055758,21302
"(0.7498057498057498, 1.0)",1,98.51592338238402,21303
"(0.9125533644430458, 0.9873891625615764)",1,98.51568335255848,21304
"(0.91326516498939, 0.9873891625615764)",1,98.51549839996348,21305
"(0.9466127311522048, 0.991206314397104)",1,98.51537333886216,21306
"(0.94291309888229, 0.991206314397104)",1,98.51508584125158,21307
"(0.9750072792119512, 1.0)",1,98.51487377928962,21308
"(0.962699692780338, 0.9958292603453894)",1,98.5148087663238,21309
"(0.4598735113246818, 1.0)",1,98.5148026260084,21310
"(0.8847822547822548, 0.9861673414304992)",1,98.51477762004092,21311
"(0.457262827025654, 0.9981012669018314)",1,98.5147705073938,21312
"(0.6831352928913905, 1.0)",1,98.51461060132203,21313
"(0.979055829228243, 0.9958292603453894)",1,98.51459830290888,21314
"(0.813515418166581, 0.988167361639188)",1,98.5145546913037,21315
"(0.8229870141950848, 0.986081059422206)",2,98.5145258014888,21317
"(0.9916585206907788, 0.9958292603453894)",2,98.51452315563408,21319
"(0.93795454842108, 0.9873891625615764)",1,98.51383221327126,21320
"(0.8065954953750508, 0.9882048106149588)",1,98.51364224981104,21321
"(0.7999088007295942, 0.988167361639188)",1,98.51355153624122,21322
"(0.6215073982652175, 0.9882048106149588)",1,98.51334743117984,21323
"(0.8916052423523688, 0.9873891625615764)",1,98.51323095857182,21324
"(0.8249504969211211, 0.988167361639188)",1,98.51319667463072,21325
"(0.8506653943511476, 0.991206314397104)",1,98.51316900068667,21326
"(0.6384521701955596, 0.991206314397104)",1,98.51301902977306,21327
"(0.9749625285109156, 0.9958292603453894)",1,98.51283148355782,21328
"(0.9792766373411534, 0.9958292603453894)",2,98.51279834682596,21330
"(0.9262130464282252, 0.991206314397104)",1,98.51269277903944,21331
"(0.4782989297130066, 0.9996210215628012)",3,98.51244526284869,21334
"(0.8249504969211211, 0.988167361639188)",1,98.51232524855642,21335
"(0.7075825156110616, 0.991206314397104)",1,98.51202787604292,21336
"(0.8586166985951469, 1.0)",1,98.5118069980033,21337
"(0.9326599326599326, 1.0)",1,98.51158270429224,21338
"(0.9165164082221422, 0.986081059422206)",1,98.51154462531056,21339
"(0.9282083232965586, 0.9873891625615764)",1,98.51152935149123,21340
"(0.602662742458966, 1.0)",3,98.5114586710274,21343
"(0.9630015205821658, 0.9958292603453894)",1,98.5114426737234,21344
"(0.8312205288949474, 0.9882048106149588)",1,98.51123016145372,21345
"(0.9153439153439152, 1.0)",1,98.5111326524346,21346
"(0.893146638589877, 0.9882048106149588)",1,98.51104824306574,21347
"(0.8158879904162925, 1.0)",1,98.51104135359118,21348
"(0.9198255060602112, 0.9958292603453894)",1,98.51100709264864,21349
"(0.94291309888229, 0.991206314397104)",1,98.5109520328522,21350
"(0.8390424521630195, 0.9861673414304992)",1,98.51094527469569,21351
"(0.7374768177381903, 0.991206314397104)",1,98.51089703495006,21352
"(0.4776542240827955, 1.0)",1,98.51068414346054,21353
"(0.9262130464282252, 0.991206314397104)",1,98.51064362875526,21354
"(0.5958288378267684, 0.9992416608232524)",3,98.51050943578224,21357
"(0.9746535316523212, 0.9958292603453894)",2,98.51024095061436,21359
"(0.930704099821747, 0.986081059422206)",1,98.5102354244576,21360
"(0.8762860082304527, 1.0)",1,98.50995771708727,21361
"(0.6886904761904762, 1.0)",1,98.50987367499457,21362
"(0.931200007971039, 0.9873891625615764)",1,98.5098524791311,21363
"(0.8333192389006343, 0.988167361639188)",2,98.50980007827948,21365
"(0.893146638589877, 0.9885557944107872)",1,98.50974851145412,21366
"(0.8687499999999999, 0.988167361639188)",2,98.50958328524987,21368
"(0.8732774170274171, 0.986081059422206)",1,98.50957009190348,21369
"(0.9833040078201368, 0.9958292603453894)",2,98.5094701168296,21371
"(0.4076247491511041, 0.9992416608232524)",1,98.5094565459448,21372
"(0.9916585206907788, 0.9958292603453894)",1,98.5091036523968,21373
"(0.9158007932517735, 0.986081059422206)",2,98.5090200659356,21375
"(0.9303715638302106, 0.986081059422206)",1,98.50894390252762,21376
"(0.9377148530109056, 0.991206314397104)",1,98.5089434530753,21377
"(0.8333192389006343, 0.988167361639188)",1,98.50889763220252,21378
"(0.8916052423523688, 0.9873891625615764)",1,98.50835816436523,21379
"(0.882673371045464, 1.0)",1,98.50831645599088,21380
"(0.9228120179844318, 0.9873891625615764)",1,98.50813764378246,21381
"(0.9580602951397298, 0.9958292603453894)",1,98.5079055588225,21382
"(0.9834358767945106, 0.9958292603453894)",1,98.50770299690473,21383
"(0.4806879036961406, 0.9912488373656227)",1,98.50704908027564,21384
"(0.8970129352925051, 0.9873891625615764)",1,98.50688167886838,21385
"(0.7374768177381903, 0.991206314397104)",1,98.50670743857228,21386
"(0.8761383419447936, 0.9873891625615764)",1,98.50669525952864,21387
"(0.4897415065188988, 0.9977203590215908)",1,98.50668388385736,21388
"(0.9199973910846122, 0.9873891625615764)",1,98.50657505559737,21389
"(0.8300265307680562, 1.0)",1,98.50655184108288,21390
"(0.8880984643179766, 1.0)",1,98.5065212481835,21391
"(0.7060994560994561, 1.0)",1,98.50650186201366,21392
"(0.9228120179844318, 0.9873891625615764)",1,98.50630280511996,21393
"(0.6760014179369018, 1.0)",2,98.50627755885776,21395
"(0.972420634920635, 0.9861673414304992)",1,98.50624064574308,21396
"(0.9833229101521784, 1.0)",1,98.5060607303914,21397
"(0.9365116126406448, 0.9916339869281046)",1,98.50604527728926,21398
"(0.485879976270526, 0.9981012669018314)",1,98.5060439849414,21399
"(0.8449978636391381, 0.9882048106149588)",1,98.50584799749431,21400
"(0.972420634920635, 0.9861673414304992)",1,98.50581311477846,21401
"(0.8942622047218923, 0.9873891625615764)",1,98.50571495533516,21402
"(0.9029281534808432, 0.9861673414304992)",1,98.5056410555968,21403
"(0.9125533644430458, 0.9873891625615764)",2,98.50555900363328,21405
"(0.9543883398911862, 0.9958292603453894)",1,98.50552871948196,21406
"(0.9496114574862204, 0.9873891625615764)",2,98.5053290244319,21408
"(0.9114218054477384, 0.9873891625615764)",1,98.50525335310007,21409
"(0.972281746031746, 0.9861673414304992)",1,98.50514687134503,21410
"(0.8942622047218923, 0.9873891625615764)",1,98.5049935823412,21411
"(0.4971911339651811, 0.9981012669018314)",3,98.50495771279252,21414
"(0.7168719671519223, 0.991206314397104)",1,98.50484921894872,21415
"(0.9873891625615764, 1.0)",1,98.50480881681766,21416
"(0.9300671002153482, 0.9861673414304992)",1,98.50473645944814,21417
"(0.8942622047218923, 0.9873891625615764)",1,98.5046335676372,21418
"(0.9444901834607716, 0.9861673414304992)",1,98.50459453364984,21419
"(0.9442283950617284, 1.0)",1,98.50456834404172,21420
"(0.9436368312757202, 0.9861673414304992)",1,98.50456604443252,21421
"(0.972281746031746, 0.9861673414304992)",1,98.50445391602364,21422
"(0.8726893261776982, 0.988167361639188)",1,98.5043706889332,21423
"(0.9746854694957162, 0.9958292603453894)",1,98.50434537008042,21424
"(0.9436368312757202, 0.9861673414304992)",1,98.50429991192954,21425
"(0.4566269759061861, 0.9992416608232524)",3,98.5042804528303,21428
"(0.8877034517510707, 0.9861673414304992)",1,98.50411254912837,21429
"(0.9436368312757202, 0.9861673414304992)",1,98.50400146310167,21430
"(0.9705906996229576, 0.9958292603453894)",1,98.5039931814707,21431
"(0.7075825156110616, 0.991206314397104)",1,98.50397619451876,21432
"(0.9916585206907788, 0.9958292603453894)",1,98.50395295178768,21433
"(0.9297326845255915, 0.987463247273494)",1,98.50393772626954,21434
"(0.9299160159815896, 0.9861673414304992)",1,98.50392049069109,21435
"(0.9293598200132946, 0.9861673414304992)",1,98.50376620762472,21436
"(0.8513842746400886, 0.9885557944107872)",1,98.50373898016088,21437
"(0.9153127183787562, 0.9861673414304992)",1,98.50366442069205,21438
"(0.9412964149491664, 0.9873891625615764)",2,98.5035885034903,21440
"(0.9303715638302106, 0.986081059422206)",2,98.50343509113068,21442
"(0.972281746031746, 0.9861673414304992)",1,98.50343137915044,21443
"(0.9300671002153482, 0.9861673414304992)",2,98.50333193541432,21445
"(0.9436368312757202, 0.9861673414304992)",1,98.5033295705198,21446
"(0.8879608405415911, 0.988167361639188)",1,98.50308013981,21447
"(0.9293300445873568, 0.9873891625615764)",1,98.50295725188128,21448
"(0.3812518212810579, 0.9992416608232524)",1,98.5026039320493,21449
"(0.9874762808349148, 0.9958292603453894)",1,98.50242821548834,21450
"(0.9873891625615764, 0.9958292603453894)",1,98.50238252071703,21451
"(0.831031066037186, 0.988167361639188)",1,98.50231893583442,21452
"(0.8694224991654613, 0.988167361639188)",1,98.5022644322188,21453
"(0.4525211933060535, 0.9992416608232524)",3,98.50222503090676,21456
"(0.7453091184935634, 0.991206314397104)",1,98.5017953302864,21457
"(0.6766917293233082, 1.0)",1,98.5017278781534,21458
"(0.8425483191745751, 0.9882048106149588)",1,98.50142905943169,21459
"(0.9153127183787562, 0.9861310021084456)",1,98.50139665862764,21460
"(0.93795454842108, 0.9873891625615764)",1,98.50131591323404,21461
"(0.8847822547822548, 0.9861673414304992)",1,98.50128442858716,21462
"(0.8847822547822548, 0.9861673414304992)",2,98.50125755180744,21464
"(0.94291309888229, 0.991206314397104)",1,98.50118737931383,21465
"(0.9153127183787562, 0.9861310021084456)",1,98.50110735126464,21466
"(0.96220700758815, 0.9873891625615764)",1,98.50108501607836,21467
"(0.9300671002153482, 0.9861310021084456)",1,98.50102874473914,21468
"(0.9205517358458536, 0.9873891625615764)",1,98.5009392357406,21469
"(0.8579868984630887, 1.0)",1,98.50084471849765,21470
"(0.3817304812095882, 1.0)",3,98.50072985734629,21473
"(0.9414878248464588, 0.9958292603453894)",1,98.50072802397992,21474
"(0.485092970675409, 1.0)",3,98.50040368207222,21477
"(0.9749625285109156, 0.9958292603453894)",1,98.5003919554494,21478
"(0.8312205288949474, 0.9882048106149588)",1,98.5003564936746,21479
"(0.813515418166581, 0.988167361639188)",1,98.50033473436768,21480
"(0.8947046219773493, 0.988167361639188)",1,98.50019096071838,21481
"(0.7673678366541239, 0.9882048106149588)",1,98.5001248931581,21482
"(0.7453091184935634, 0.991206314397104)",2,98.4999879462288,21484
"(0.5070372093557577, 1.0)",1,98.49987976286864,21485
"(0.9262130464282252, 0.991206314397104)",1,98.49972694111808,21486
"(0.8916052423523688, 0.9873891625615764)",2,98.4996048239077,21488
"(0.7673678366541239, 0.9882048106149588)",1,98.49944594494562,21489
"(0.9916585206907788, 0.9958292603453894)",1,98.49940303716626,21490
"(0.7647742788871822, 1.0)",1,98.49909628447922,21491
"(0.8694224991654613, 0.988167361639188)",1,98.49886795431652,21492
"(0.8315416458960965, 0.988167361639188)",2,98.49856986107882,21494
"(0.9649790647893116, 0.9958292603453894)",1,98.49849536017516,21495
"(0.5070372093557577, 1.0)",2,98.4983684008827,21497
"(0.8333192389006343, 0.988167361639188)",2,98.49832460325511,21499
"(0.8847822547822548, 0.9861310021084456)",3,98.4982659555781,21502
"(0.8974984433303618, 0.9873891625615764)",1,98.4982537507005,21503
"(0.6825396825396824, 1.0)",1,98.49806247661054,21504
"(0.9466127311522048, 0.991206314397104)",1,98.49791736834496,21505
"(0.8586166985951469, 1.0)",1,98.49784812387492,21506
"(0.4923104882535888, 0.9987499746026686)",1,98.49781156180524,21507
"(0.7344692811916678, 1.0)",1,98.49749149042913,21508
"(0.9309821833269412, 0.988167361639188)",1,98.49746570464556,21509
"(0.5009421228446381, 0.9974998905914936)",1,98.49740471295624,21510
"(0.5132679944801238, 0.9981012669018314)",1,98.49740436133013,21511
"(0.97934925289764, 0.9958292603453894)",1,98.49710521212631,21512
"(0.5450348040348041, 0.9984817852901372)",3,98.49702500700964,21515
"(0.3565880743185461, 1.0)",3,98.4970040015442,21518
"(0.7999088007295942, 0.988167361639188)",1,98.49697162826853,21519
"(0.917849761232425, 0.9882048106149588)",1,98.49688778479454,21520
"(0.9027777777777778, 0.986081059422206)",1,98.49684959251218,21521
"(0.8817656528001355, 0.9916339869281046)",1,98.4967347617528,21522
"(0.9665831244778612, 1.0)",1,98.49657010769964,21523
"(0.4987398156700754, 0.9987499746026686)",1,98.49652635768476,21524
"(0.9756244289830628, 0.9958292603453894)",1,98.49647117842706,21525
"(0.930704099821747, 0.986081059422206)",1,98.49643987964862,21526
"(0.4776542240827955, 1.0)",1,98.49631887909528,21527
"(0.9586562930696936, 0.987463247273494)",1,98.4961601888634,21528
"(0.8333192389006343, 0.988167361639188)",1,98.49608457426012,21529
"(0.7824110326372048, 0.988167361639188)",1,98.4960213374586,21530
"(0.9027777777777778, 0.986081059422206)",2,98.4960136479688,21532
"(0.94291309888229, 0.991206314397104)",1,98.49589865994146,21533
"(0.8165509259259259, 1.0)",1,98.4958174964932,21534
"(0.4747763864042934, 1.0)",1,98.49576337872672,21535
"(0.4553345256344744, 0.9987500214884376)",1,98.49560870628795,21536
"(0.3618298321342925, 0.9981012669018314)",1,98.4955698331799,21537
"(0.7651777469990767, 0.991206314397104)",1,98.49553410686896,21538
"(0.8694224991654613, 0.988167361639188)",1,98.49532395720678,21539
"(0.9295946890286512, 1.0)",1,98.49513490742508,21540
"(0.8970129352925051, 0.9873891625615764)",1,98.4950678995842,21541
"(0.6521663785997688, 0.9882048106149588)",1,98.49500718412835,21542
"(0.9299507899507898, 0.986081059422206)",1,98.49484543161262,21543
"(0.9582389563841176, 0.9958292603453894)",1,98.4948398301465,21544
"(0.4990204708059675, 0.9988619159967322)",3,98.49460425165996,21547
"(0.9581458989353726, 1.0)",1,98.49460149816682,21548
"(0.8804215399610136, 0.991206314397104)",1,98.49457816554111,21549
"(0.7651777469990767, 0.991206314397104)",3,98.49445045626328,21552
"(0.3464973708160582, 0.9996210215628012)",3,98.49428440400943,21555
"(0.8804215399610136, 0.991206314397104)",1,98.49423444753856,21556
"(0.979166518665308, 1.0)",1,98.49418383848868,21557
"(0.94291309888229, 0.991206314397104)",1,98.4941149017989,21558
"(0.9230854791003976, 0.9873891625615764)",1,98.49394947050833,21559
"(0.9649790647893116, 0.9958292603453894)",1,98.49376725529976,21560
"(0.9228120179844318, 0.9873891625615764)",2,98.49361535167962,21562
"(0.8432903075760217, 0.986081059422206)",1,98.4934657488712,21563
"(0.94291309888229, 0.991206314397104)",1,98.49344752299956,21564
"(0.7344692811916678, 1.0)",1,98.49337090889844,21565
"(0.7965746171391332, 1.0)",1,98.4933445530862,21566
"(0.9377148530109056, 0.991206314397104)",1,98.49331134387104,21567
"(0.961552316099405, 0.9958292603453894)",1,98.49318709966968,21568
"(0.9649790647893116, 0.9958292603453894)",1,98.4931645412499,21569
"(0.8726893261776982, 0.988167361639188)",1,98.49301316716594,21570
"(0.8495378883833893, 0.9958292603453894)",1,98.49285154668388,21571
"(0.7323695788812067, 0.988167361639188)",2,98.49266204212827,21573
"(0.972420634920635, 0.9861673414304992)",1,98.49265220491354,21574
"(0.9037258879440732, 0.9861673414304992)",1,98.4925171961904,21575
"(0.4957093292502148, 0.9996210215628012)",3,98.49245991806364,21578
"(0.599744651595403, 0.9992416608232524)",1,98.49245489207668,21579
"(0.5208957469413343, 0.9977203590215908)",1,98.49240256665516,21580
"(0.987463247273494, 0.9958292603453894)",1,98.49237547758604,21581
"(0.7673678366541239, 0.9882048106149588)",1,98.49225127297302,21582
"(0.94484126984127, 0.9861673414304992)",1,98.4921816131381,21583
"(0.9438271604938272, 0.9861673414304992)",1,98.49205054957729,21584
"(0.8805377184744008, 0.987463247273494)",1,98.4919401534874,21585
"(0.6238255567452281, 1.0)",1,98.49187289946762,21586
"(0.9454999712494968, 0.9958292603453894)",1,98.4917485999617,21587
"(0.9295946890286512, 1.0)",3,98.49166122751352,21590
"(0.4987398156700754, 1.0)",1,98.49145349164276,21591
"(0.9205517358458536, 0.9873891625615764)",1,98.4914394795513,21592
"(0.9438271604938272, 0.9861673414304992)",1,98.49141935222104,21593
"(0.9749395281084088, 0.9958292603453894)",1,98.49132323696742,21594
"(0.4133101229894375, 0.9992416608232524)",1,98.49120352602992,21595
"(0.9444901834607716, 0.9861673414304992)",1,98.49118878740836,21596
"(0.9029281534808432, 0.9861673414304992)",1,98.49111377077374,21597
"(0.9444901834607716, 0.9861673414304992)",1,98.49103378304682,21598
"(0.6907243513029603, 1.0)",1,98.49100282900731,21599
"(0.6052212368618619, 0.9984817852901372)",1,98.490891461845,21600
"(0.9916585206907788, 0.9958292603453894)",1,98.4907854054986,21601
"(0.972420634920635, 0.9861673414304992)",1,98.4907454138502,21602
"(0.9958292603453894, 0.9958292603453894)",1,98.49072443350708,21603
"(0.1843201651472994, 1.0)",3,98.49071658699556,21606
"(0.861111111111111, 1.0)",1,98.49064747569363,21607
"(0.9444901834607716, 0.9861673414304992)",1,98.49064254607448,21608
"(0.9444901834607716, 0.9861673414304992)",1,98.49059603948449,21609
"(0.9158409985615868, 0.9861673414304992)",1,98.49043724504676,21610
"(0.931200007971039, 0.9873891625615764)",1,98.49041298850852,21611
"(0.9436368312757202, 0.9861673414304992)",1,98.49017204905168,21612
"(0.9153127183787562, 0.9861673414304992)",2,98.49007999892623,21614
"(0.9153127183787562, 0.9861673414304992)",2,98.4900436596042,21616
"(0.8877034517510707, 0.9861673414304992)",1,98.49003349987072,21617
"(0.8877034517510707, 0.9861673414304992)",1,98.48999716054868,21618
"(0.9300671002153482, 0.9861673414304992)",1,98.48989367262664,21619
"(0.9153127183787562, 0.9861673414304992)",1,98.48977469506832,21620
"(0.9444901834607716, 0.9861673414304992)",2,98.48975240772016,21622
"(0.8877034517510707, 0.9861673414304992)",2,98.48961053780212,21624
"(0.8347775825943863, 0.9958292603453894)",1,98.48960515337848,21625
"(0.970619176311776, 0.9958292603453894)",1,98.48946370861312,21626
"(0.9916585206907788, 0.9958292603453894)",1,98.48933284498614,21627
"(0.5082177015724898, 0.9975)",1,98.4892234950203,21628
"(0.7344692811916678, 1.0)",1,98.48918828515318,21629
"(0.9623066688389268, 0.9958292603453894)",1,98.48912161728386,21630
"(0.9243707071934514, 0.9873891625615764)",1,98.48902850520314,21631
"(0.8860455063826657, 0.9861673414304992)",2,98.4889800060936,21633
"(0.4845066627893052, 0.9992416608232524)",3,98.48892975983252,21636
"(0.7999088007295942, 0.988167361639188)",1,98.48889608772858,21637
"(0.7962102115226081, 0.988167361639188)",1,98.48882946667112,21638
"(0.4971911339651811, 0.9977203590215908)",3,98.48870109855416,21641
"(0.9114218054477384, 0.9873891625615764)",1,98.48845741291028,21642
"(0.8885714285714285, 1.0)",1,98.48841426306848,21643
"(0.9832965806068272, 0.9958292603453894)",1,98.48821811522475,21644
"(0.9068759224041408, 0.9873891625615764)",1,98.48796670601328,21645
"(0.8847822547822548, 0.9861673414304992)",1,98.48790326619287,21646
"(0.8711095549330844, 0.9861673414304992)",1,98.48782063207663,21647
"(0.91326516498939, 0.9873891625615764)",1,98.48781710580478,21648
"(0.8101143854687974, 0.986081059422206)",2,98.4878040332553,21650
"(0.9243707071934514, 0.9873891625615764)",1,98.48772417529004,21651
"(0.9444901834607716, 0.9861673414304992)",1,98.48758123129969,21652
"(0.4117984546686067, 0.9975000781372088)",3,98.48747873686426,21655
"(0.8847822547822548, 0.9861673414304992)",1,98.48746416632268,21656
"(0.9199973910846122, 0.9873891625615764)",1,98.48733696609752,21657
"(0.9301209372637944, 0.9861310021084456)",1,98.48726683843236,21658
"(0.5070372093557577, 1.0)",1,98.48719429511053,21659
"(0.4937125269096371, 1.0)",3,98.4871901380531,21662
"(0.4345640839445211, 1.0)",3,98.48713468486504,21665
"(0.934052618378994, 0.9873891625615764)",1,98.487130957179,21666
"(0.4722366884143547, 0.9974998905914936)",1,98.487122188449,21667
"(0.7999088007295942, 0.988167361639188)",1,98.48708330317685,21668
"(0.8976982097186702, 1.0)",1,98.4869032609156,21669
"(0.9436368312757202, 0.9861310021084456)",1,98.48686011627544,21670
"(0.9444901834607716, 0.9861310021084456)",3,98.48648186873532,21673
"(0.9300671002153482, 0.9861310021084456)",1,98.48647081583468,21674
"(0.9205517358458536, 0.9873891625615764)",1,98.48634843907853,21675
"(0.931200007971039, 0.9873891625615764)",1,98.48620101316313,21676
"(0.5070372093557577, 1.0)",1,98.48608529299334,21677
"(0.940928587432546, 0.9873891625615764)",1,98.4860678007676,21678
"(0.9833251873574456, 0.9958292603453894)",1,98.48606618900722,21679
"(0.9398731501057084, 0.988167361639188)",1,98.485760000476,21680
"(0.9792406033772258, 0.9958292603453894)",1,98.48568557876855,21681
"(1.0, 1.0)",1,98.48556013491374,21682
"(0.9125533644430458, 0.9873891625615764)",1,98.4855379028536,21683
"(0.3860590631364562, 0.9981012669018314)",3,98.48544067686282,21686
"(0.8726893261776982, 0.988167361639188)",1,98.48536904261964,21687
"(0.9790693693461476, 0.9958292603453894)",1,98.48536433830164,21688
"(0.3865130008203705, 0.9996210215628012)",3,98.4852102035384,21691
"(0.8847822547822548, 0.9861310021084456)",1,98.4851987684884,21692
"(0.9293300445873568, 0.9873891625615764)",1,98.4851526910334,21693
"(0.9384174012481092, 0.9916585206907788)",1,98.48491405514336,21694
"(0.7250237826596757, 1.0)",1,98.48483757816928,21695
"(0.9744745723240348, 0.9958292603453894)",1,98.484607548492,21696
"(0.978932178932179, 0.9958292603453894)",1,98.48451977114463,21697
"(0.8916052423523688, 0.9873891625615764)",1,98.48445559663082,21698
"(0.9748076591340348, 1.0)",1,98.48432038689263,21699
"(0.9832965806068272, 0.9958292603453894)",1,98.48421682199722,21700
"(0.8847822547822548, 0.9861310021084456)",1,98.48410789642004,21701
"(0.9788980434141724, 0.9958292603453894)",1,98.4839417399272,21702
"(0.9829909379735984, 0.9958292603453894)",1,98.48391095437722,21703
"(0.893146638589877, 1.0)",1,98.4836636029726,21704
"(0.8064997018485391, 0.988167361639188)",1,98.4834303550959,21705
"(0.97899550533801, 0.9958292603453894)",1,98.48303699813626,21706
"(0.7962102115226081, 0.988167361639188)",2,98.48279975110644,21708
"(0.9833040078201368, 0.9958292603453894)",1,98.48279173603466,21709
"(0.8547756205106323, 0.9882048106149588)",1,98.4826148822753,21710
"(0.6713315879864084, 1.0)",3,98.4825742064013,21713
"(0.8887202421952387, 0.986081059422206)",1,98.48255640849575,21714
"(0.7294281157362763, 1.0)",1,98.48242486894408,21715
"(0.8733799478600891, 0.987463247273494)",1,98.4824101192708,21716
"(1.0, 0.9833229101521784)",1,98.48238482384828,21717
"(0.8736897274633123, 0.986081059422206)",1,98.48229424650356,21718
"(0.8848000715856217, 1.0)",1,98.482238241441,21719
"(0.9398731501057084, 0.988167361639188)",1,98.48222573475522,21720
"(0.8456659619450317, 0.988167361639188)",1,98.48212661086669,21721
"(0.8907966222338917, 0.9958292603453894)",1,98.48210769086108,21722
"(0.813515418166581, 0.988167361639188)",1,98.4817225814574,21723
"(0.9057330122004186, 0.991206314397104)",1,98.48168741696318,21724
"(0.8694224991654613, 0.988167361639188)",1,98.48166024757548,21725
"(0.8762860082304527, 1.0)",1,98.48164520132738,21726
"(0.9114218054477384, 0.9873891625615764)",1,98.48113186677416,21727
"(0.8065954953750508, 0.9882048106149588)",1,98.4810297900199,21728
"(0.9243707071934514, 0.9873891625615764)",1,98.4810271147326,21729
"(0.8942622047218923, 0.9873891625615764)",1,98.48094644422572,21730
"(0.1639212100182649, 0.9996210215628012)",3,98.4807730102837,21733
"(0.4961453064375241, 0.9975)",1,98.48070042883396,21734
"(0.9958292603453894, 0.9958292603453894)",1,98.4804184506859,21735
"(0.598886017848201, 0.9992416608232524)",1,98.48041074261192,21736
"(0.7323695788812067, 0.988167361639188)",1,98.4803449619791,21737
"(0.91326516498939, 0.9873891625615764)",1,98.47996542503572,21738
"(0.8947046219773493, 0.988167361639188)",2,98.47991263631084,21740
"(0.831031066037186, 0.988167361639188)",1,98.47989231644004,21741
"(0.8942622047218923, 0.9873891625615764)",1,98.47976091138048,21742
"(0.8471527473990528, 1.0)",1,98.4795752702359,21743
"(0.7651777469990767, 0.991206314397104)",1,98.47956452979776,21744
"(0.8478418336329888, 0.991206314397104)",2,98.4795438245115,21746
"(0.4845066627893052, 1.0)",1,98.47949960755246,21747
"(0.3217323575783004, 1.0)",1,98.47934302379764,21748
"(0.4590791029805835, 0.9987500214884376)",3,98.47933049701912,21751
"(0.5096884338097788, 0.9992416608232524)",3,98.47919988208636,21754
"(0.9228120179844318, 0.9873891625615764)",1,98.47918751194216,21755
"(0.5361367504335325, 0.9992416608232524)",1,98.47909879891256,21756
"(0.3984101488896291, 1.0)",1,98.47887335838196,21757
"(0.9088918165958012, 0.9873891625615764)",1,98.47882397909892,21758
"(0.9126251340467026, 0.9916666666666668)",1,98.47880600236334,21759
"(0.9037258879440732, 0.9861673414304992)",1,98.47875930099454,21760
"(0.91326516498939, 0.9873891625615764)",1,98.47875058012524,21761
"(0.8687499999999999, 0.988167361639188)",2,98.47861829684702,21763
"(0.398436071148475, 0.9996210215628012)",1,98.47855351385428,21764
"(0.9504245882013664, 0.9958292603453894)",1,98.4785043346016,21765
"(0.91326516498939, 0.9873891625615764)",1,98.47848687591348,21766
"(0.9438271604938272, 0.9861673414304992)",1,98.4783038430674,21767
"(0.831031066037186, 0.988167361639188)",1,98.47820570926686,21768
"(0.8694224991654613, 0.988167361639188)",2,98.47800878632069,21770
"(0.9029281534808432, 0.9861673414304992)",1,98.47797904640056,21771
"(0.9581458989353726, 1.0)",1,98.47796835858028,21772
"(0.4923104882535888, 0.9975)",1,98.47795268855472,21773
"(0.9310483384791604, 0.9861673414304992)",1,98.477856005643,21774
"(0.972420634920635, 0.9861673414304992)",1,98.47777827462782,21775
"(0.9029281534808432, 0.9861673414304992)",1,98.47777824380542,21776
"(0.9750481776288228, 0.9958292603453894)",1,98.47762751237316,21777
"(0.7962102115226081, 0.988167361639188)",1,98.47727478941492,21778
"(0.9444901834607716, 0.9861673414304992)",1,98.47724152178615,21779
"(0.9300671002153482, 0.9861673414304992)",1,98.47719875476255,21780
"(0.9029281534808432, 0.9861673414304992)",1,98.47718282390106,21781
"(0.6474192096347017, 0.9996210215628012)",1,98.4771219904429,21782
"(0.9228120179844318, 0.9873891625615764)",1,98.4770256880754,21783
"(0.9160264866799612, 0.9861673414304992)",1,98.47689211355762,21784
"(0.8602631935965268, 0.9861673414304992)",1,98.47688439450326,21785
"(0.8435517970401691, 0.9882048106149588)",1,98.47687801710208,21786
"(0.8877034517510707, 0.9861673414304992)",2,98.47682189039972,21788
"(0.972281746031746, 0.9861673414304992)",1,98.47673113499695,21789
"(0.8877034517510707, 0.9861673414304992)",2,98.47671934083289,21791
"(0.9160264866799612, 0.9861673414304992)",1,98.47654607013202,21792
"(0.5070372093557577, 1.0)",1,98.47646548196737,21793
"(0.9311507936507936, 0.9861673414304992)",1,98.47637213862971,21794
"(0.9444901834607716, 0.9861673414304992)",1,98.47636166905818,21795
"(0.9153127183787562, 0.9861673414304992)",1,98.47634250591244,21796
"(0.9153127183787562, 0.9861673414304992)",1,98.47633329241638,21797
"(0.8916052423523688, 0.9873891625615764)",1,98.47633127778477,21798
"(0.972420634920635, 0.9861673414304992)",1,98.47631393234856,21799
"(0.9444901834607716, 0.9861673414304992)",2,98.47614072833514,21801
"(0.987463247273494, 0.9958292603453894)",1,98.47605184021852,21802
"(0.9153127183787562, 0.9861673414304992)",1,98.47600854754278,21803
"(0.8877034517510707, 0.9861673414304992)",1,98.47585695676796,21804
"(0.9293598200132946, 0.9861673414304992)",1,98.47583959978624,21805
"(0.7999088007295942, 0.988167361639188)",1,98.47569441586003,21806
"(0.9438271604938272, 0.9861673414304992)",1,98.475682461225,21807
"(0.9436368312757202, 0.9861673414304992)",3,98.47562659444542,21810
"(0.9282083232965586, 0.9873891625615764)",1,98.47553915924776,21811
"(0.9153127183787562, 0.9861673414304992)",2,98.47550945150796,21813
"(0.8586166985951469, 0.9861673414304992)",1,98.47532956282257,21814
"(0.9155669599217986, 0.9861673414304992)",1,98.47526485309484,21815
"(0.972281746031746, 0.9861673414304992)",2,98.47523096497255,21817
"(0.8586166985951469, 0.9861673414304992)",1,98.47521875777254,21818
"(0.7999088007295942, 0.988167361639188)",1,98.47506961971536,21819
"(0.4936062160591765, 0.9992416608232524)",2,98.47498760793482,21821
"(0.9833040078201368, 0.9958292603453894)",1,98.47485583048964,21822
"(0.9744745723240348, 0.9958292603453894)",1,98.47481547813996,21823
"(0.97495917428555, 0.9958292603453894)",1,98.47478098978254,21824
"(0.9199973910846122, 0.9916339869281046)",1,98.47457235357432,21825
"(0.8694224991654613, 0.988167361639188)",1,98.4743365328048,21826
"(0.8586166985951469, 0.9861673414304992)",2,98.47420928923276,21828
"(0.9438271604938272, 0.9861673414304992)",1,98.47419764225856,21829
"(0.9309563801089225, 0.9861310021084456)",1,98.47413186446872,21830
"(0.7962102115226081, 0.988167361639188)",2,98.47411829738589,21832
"(0.8847822547822548, 0.9861673414304992)",1,98.47410039469392,21833
"(0.9309821833269412, 0.988167361639188)",1,98.47403540076056,21834
"(0.94291309888229, 0.991206314397104)",1,98.47403195870884,21835
"(0.8110673829751791, 0.986081059422206)",1,98.47394444666938,21836
"(0.7962102115226081, 0.988167361639188)",2,98.47393076670812,21838
"(0.8748200797381125, 0.9861310021084456)",1,98.47392576437022,21839
"(0.9398731501057084, 0.988167361639188)",1,98.47388068370452,21840
"(0.8687499999999999, 0.988167361639188)",1,98.4737141097696,21841
"(0.9750943974852894, 0.9958292603453894)",1,98.47357861908196,21842
"(0.7651777469990767, 0.991206314397104)",1,98.473567092806,21843
"(0.8726893261776982, 0.988167361639188)",1,98.47355909041649,21844
"(0.3919717474763624, 0.9992416608232524)",3,98.47355101317076,21847
"(0.9301209372637944, 0.9861310021084456)",1,98.4734203432268,21848
"(0.9665831244778612, 1.0)",1,98.4732772628947,21849
"(0.865581803207783, 0.991206314397104)",1,98.47323485961522,21850
"(0.90224161204236, 0.9861310021084456)",1,98.4732232098098,21851
"(0.97934925289764, 0.9958292603453894)",1,98.47317559366122,21852
"(0.8333192389006343, 0.988167361639188)",1,98.4731336242114,21853
"(0.8249504969211211, 0.988167361639188)",2,98.47312101894197,21855
"(0.7836974395113928, 0.988167361639188)",1,98.47307695340534,21856
"(0.9412957478808424, 0.987463247273494)",1,98.47307385422228,21857
"(0.9301209372637944, 0.9861310021084456)",1,98.47302318838278,21858
"(0.91326516498939, 0.9873891625615764)",1,98.47300565633964,21859
"(0.4990204708059675, 1.0)",2,98.47291824476316,21861
"(0.987463247273494, 0.9958292603453894)",1,98.47283951153987,21862
"(0.8847822547822548, 0.9861673414304992)",1,98.47278666752364,21863
"(0.8533622685185187, 1.0)",1,98.4726794046624,21864
"(0.8847822547822548, 0.9861673414304992)",2,98.472550974506,21866
"(0.5476876946142314, 1.0)",1,98.4725344108646,21867
"(0.786508365740383, 0.9882048106149588)",1,98.47243608634484,21868
"(0.9916585206907788, 0.9958292603453894)",1,98.4723198251513,21869
"(0.9609386607489072, 0.9958292603453894)",1,98.47231913485402,21870
"(0.3618298321342925, 0.9981012669018314)",1,98.4720371295897,21871
"(0.9958292603453894, 0.9958292603453894)",1,98.47200362059668,21872
"(0.4609816352782865, 0.9988619159967322)",2,98.47187051594712,21874
"(0.8761383419447936, 0.9873891625615764)",1,98.4717063207742,21875
"(0.6784722222222224, 1.0)",1,98.4712705835044,21876
"(0.835848883169409, 0.988167361639188)",1,98.47105905844246,21877
"(0.9665831244778612, 1.0)",1,98.4710581099936,21878
"(0.7791819291819292, 0.986081059422206)",1,98.4709217216248,21879
"(0.9165164082221422, 0.986081059422206)",1,98.47090751010862,21880
"(0.4603282383880727, 0.9987499746026686)",1,98.47033389534938,21881
"(0.9958292603453894, 0.9958292603453894)",1,98.4702516774889,21882
"(0.8586166985951469, 1.0)",1,98.47005017626992,21883
"(0.9833229101521784, 1.0)",1,98.46979305621022,21884
"(0.6215073982652175, 1.0)",1,98.46966930410656,21885
"(0.7524760273298283, 0.991206314397104)",1,98.46959349252148,21886
"(0.8929015655249481, 0.9958292603453894)",1,98.46951399053611,21887
"(0.8390424521630195, 0.9861673414304992)",1,98.46946389649436,21888
"(0.9749088814411396, 1.0)",1,98.46924692276104,21889
"(0.7673678366541239, 0.9882048106149588)",1,98.46918832038148,21890
"(0.7637048646619141, 0.986081059422206)",1,98.46918735197062,21891
"(0.9832184229069656, 0.9958292603453894)",1,98.46913857731175,21892
"(0.8266173510466989, 1.0)",1,98.46905692176333,21893
"(0.9418479305417444, 0.988167361639188)",1,98.46903722098544,21894
"(0.9916585206907788, 0.9958292603453894)",1,98.46898400737822,21895
"(0.564922563324656, 1.0)",2,98.46894665707217,21897
"(0.7632275132275131, 0.986081059422206)",3,98.46891586755127,21900
"(0.8065954953750508, 0.9882048106149588)",1,98.46885515092391,21901
"(0.7139609159313594, 1.0)",1,98.46883635291027,21902
"(0.9873444118605408, 0.9958292603453894)",1,98.46881227734362,21903
"(0.9792406033772258, 0.9958292603453894)",1,98.46876240969644,21904
"(0.7962102115226081, 0.988167361639188)",1,98.46874557019532,21905
"(0.8974984433303618, 0.9873891625615764)",1,98.46871246824324,21906
"(0.97495917428555, 0.9958292603453894)",1,98.46869036731977,21907
"(0.9282083232965586, 0.9873891625615764)",1,98.4686677736178,21908
"(0.9158007932517735, 0.986081059422206)",1,98.46863035635754,21909
"(0.9791258409522168, 0.9958292603453894)",1,98.46860191975216,21910
"(0.8613656783468103, 0.986081059422206)",1,98.46845860497072,21911
"(0.514585158944719, 0.9988619159967322)",3,98.46844281418667,21914
"(0.4776542240827955, 1.0)",1,98.46840119492758,21915
"(0.9516794286955578, 0.9958292603453894)",1,98.46836054874316,21916
"(0.4772368473497005, 0.9987499746026686)",1,98.46833249541304,21917
"(0.7323695788812067, 0.988167361639188)",2,98.46832889448548,21919
"(0.9114218054477384, 0.9873891625615764)",1,98.4683205977978,21920
"(0.9503122778456484, 0.987463247273494)",1,98.46814443859571,21921
"(0.979055829228243, 0.9958292603453894)",1,98.46799981425195,21922
"(0.436083926037933, 1.0)",3,98.46797310572312,21925
"(0.8040695048423352, 0.986081059422206)",1,98.46741724120751,21926
"(0.9280459216361852, 0.9916585206907788)",1,98.46733460529964,21927
"(0.9125533644430458, 0.9873891625615764)",1,98.46725594374024,21928
"(0.8761383419447936, 0.9873891625615764)",1,98.46678987903672,21929
"(0.9707802886550516, 0.9958292603453894)",1,98.46662961089676,21930
"(0.9412964149491664, 0.9873891625615764)",1,98.46648747451675,21931
"(0.9616410906733488, 0.9958292603453894)",1,98.46648654944948,21932
"(0.9791585206907788, 0.9958292603453894)",1,98.46644986286798,21933
"(0.8867361313822293, 0.9916585206907788)",1,98.46637511910484,21934
"(0.9243707071934514, 0.9873891625615764)",2,98.46630548272222,21936
"(0.3974337753332183, 0.9981012669018314)",1,98.4662349981773,21937
"(0.8817656528001355, 0.9873891625615764)",1,98.46622632475494,21938
"(0.9418479305417444, 0.988167361639188)",2,98.46613674900838,21940
"(0.5910680656443368, 1.0)",1,98.46606857788504,21941
"(0.9750943974852894, 0.9958292603453894)",1,98.46603084421716,21942
"(0.9623066688389268, 0.9958292603453894)",1,98.4658121481966,21943
"(0.6384521701955596, 0.991206314397104)",1,98.46580907211867,21944
"(0.9300671002153482, 0.9861673414304992)",1,98.4656372140792,21945
"(0.4571140259616066, 0.9949997811829872)",1,98.46560486283111,21946
"(0.9125533644430458, 0.9873891625615764)",1,98.46557886252216,21947
"(0.931200007971039, 0.9873891625615764)",1,98.46554436608922,21948
"(0.9665831244778612, 1.0)",1,98.46551783712462,21949
"(0.9504245882013664, 0.9958292603453894)",1,98.46547698905604,21950
"(0.9295946890286512, 1.0)",1,98.46527256381682,21951
"(0.9498370804822418, 0.9873891625615764)",1,98.46526689702898,21952
"(0.3024053266749896, 0.9977203590215908)",3,98.46524989293243,21955
"(0.3152377687779569, 1.0)",3,98.4651928123292,21958
"(0.9311507936507936, 0.9861673414304992)",1,98.46519253002316,21959
"(0.9114218054477384, 0.9873891625615764)",1,98.46503034253338,21960
"(0.9114218054477384, 0.9873891625615764)",1,98.46493402154212,21961
"(0.3984101488896291, 0.9984817852901372)",1,98.46473351840166,21962
"(0.9172008547008548, 0.9861673414304992)",1,98.46459583560662,21963
"(0.972281746031746, 0.9861673414304992)",1,98.46457251165384,21964
"(0.917283950617284, 0.9861673414304992)",1,98.46445767564298,21965
"(0.861111111111111, 1.0)",1,98.46428057654208,21966
"(0.9311507936507936, 0.9861673414304992)",1,98.4642568480566,21967
"(0.7729389061386163, 0.988167361639188)",1,98.46424070368042,21968
"(0.975195619792394, 0.9958292603453894)",1,98.4642221899927,21969
"(0.9162596992611264, 0.9861673414304992)",1,98.46408485698596,21970
"(0.9161379295307868, 1.0)",1,98.4640116917768,21971
"(0.9295946890286512, 1.0)",1,98.46397169674664,21972
"(0.9412964149491664, 0.9873891625615764)",1,98.4639080009382,21973
"(0.7075825156110616, 0.991206314397104)",1,98.46386013504468,21974
"(0.7374768177381903, 0.991206314397104)",1,98.46380697756638,21975
"(0.4957093292502148, 0.9988619159967322)",3,98.46377793907774,21978
"(0.9026337658413128, 0.9861673414304992)",1,98.4637404421356,21979
"(0.9032855633136024, 0.9861673414304992)",1,98.46348604294242,21980
"(0.8804215399610136, 0.991206314397104)",1,98.46336825604644,21981
"(0.8687499999999999, 0.988167361639188)",1,98.4633618263434,21982
"(0.972281746031746, 0.9861673414304992)",5,98.46327763587678,21987
"(0.5153209052589321, 0.9974998905914936)",1,98.46311041951095,21988
"(0.8443691323092412, 0.9958292603453894)",1,98.46308510806122,21989
"(0.8533622685185187, 1.0)",1,98.462928127538,21990
"(0.9438271604938272, 0.9861673414304992)",1,98.4629042043257,21991
"(0.9026337658413128, 0.9861673414304992)",1,98.4628872167904,21992
"(0.9438271604938272, 0.9861673414304992)",2,98.46288417107776,21994
"(0.9160264866799612, 0.9861673414304992)",1,98.46284309548444,21995
"(0.8976982097186702, 1.0)",1,98.46276416334295,21996
"(0.9029281534808432, 0.9861673414304992)",1,98.46268537578312,21997
"(0.987463247273494, 0.9958292603453894)",1,98.46254312428826,21998
"(0.9498370804822418, 0.9873891625615764)",1,98.4622549313174,21999
"(0.9019292060258446, 0.9861673414304992)",1,98.46220239878976,22000
"(0.972281746031746, 0.9861673414304992)",1,98.46218890378964,22001
"(0.972281746031746, 0.9861673414304992)",1,98.46212147759886,22002
"(0.9543883398911862, 0.9958292603453894)",1,98.46210001922196,22003
"(0.9436368312757202, 0.9861673414304992)",1,98.4620802203933,22004
"(0.8877034517510707, 0.9861673414304992)",1,98.46202465486728,22005
"(0.6760014179369018, 1.0)",1,98.46197823827131,22006
"(0.9153127183787562, 0.9861673414304992)",2,98.46180358201262,22008
"(0.9412964149491664, 0.9873891625615764)",1,98.4617723713534,22009
"(0.9444901834607716, 0.9861673414304992)",1,98.46176998032276,22010
"(0.9791258409522168, 0.9958292603453894)",1,98.4617474269542,22011
"(0.6544644252235129, 1.0)",1,98.46160045112816,22012
"(0.8586166985951469, 0.9861673414304992)",1,98.4614547232061,22013
"(0.9015592112551236, 0.9861673414304992)",1,98.4614117737887,22014
"(0.8877034517510707, 0.9861673414304992)",1,98.46134039239578,22015
"(0.8899966931216932, 0.9861310021084456)",1,98.46126051824366,22016
"(0.987463247273494, 0.9958292603453894)",1,98.46124157408498,22017
"(0.8734313112361893, 0.9861673414304992)",1,98.46119651178348,22018
"(0.9749625285109156, 0.9958292603453894)",1,98.46118513456705,22019
"(0.4925733396357239, 0.9975000781372088)",1,98.46110570592666,22020
"(0.8308201058201059, 0.9861673414304992)",2,98.4610972057075,22022
"(0.8762860082304527, 1.0)",1,98.46103542021656,22023
"(0.9153127183787562, 0.9861673414304992)",1,98.46103095541534,22024
"(0.9582389563841176, 0.9958292603453894)",1,98.4610038198804,22025
"(0.9162596992611264, 0.9861310021084456)",1,98.4608602548831,22026
"(0.5363990257063117, 0.9988619159967322)",3,98.46082510789743,22029
"(0.8916052423523688, 0.9873891625615764)",1,98.46078398172394,22030
"(0.9011810599946194, 0.9861673414304992)",1,98.46065886705073,22031
"(0.8847822547822548, 0.9861673414304992)",1,98.4604589446814,22032
"(0.4553345256344744, 0.9950001562744178)",1,98.46020524047825,22033
"(0.9699183291713004, 0.9958292603453894)",1,98.46010893911088,22034
"(0.8748200797381125, 0.9861310021084456)",1,98.46006294881568,22035
"(0.8478418336329888, 0.991206314397104)",1,98.4599723959338,22036
"(0.5452310701354139, 1.0)",3,98.45987379020156,22039
"(0.4957093292502148, 1.0)",3,98.45979752238904,22042
"(0.7962102115226081, 0.988167361639188)",1,98.45973692756436,22043
"(0.9705196174266384, 0.9958292603453894)",1,98.4596203662831,22044
"(0.6384521701955596, 0.991206314397104)",2,98.45960538960789,22046
"(0.8847822547822548, 0.9861673414304992)",1,98.45954856604848,22047
"(0.8743078626799556, 0.9861310021084456)",1,98.45946245398127,22048
"(0.7955284187842329, 0.988167361639188)",2,98.45936062724446,22050
"(0.8229870141950848, 0.986081059422206)",1,98.45916694763817,22051
"(0.9301209372637944, 0.9861310021084456)",1,98.4590542376246,22052
"(0.8847822547822548, 0.9861673414304992)",1,98.45892972287628,22053
"(0.7503607503607503, 1.0)",1,98.4589207648696,22054
"(0.8687499999999999, 0.988167361639188)",1,98.45886842823768,22055
"(0.8449978636391381, 0.9882048106149588)",1,98.45860358606144,22056
"(0.8947046219773493, 0.988167361639188)",1,98.45843791021298,22057
"(0.7060994560994561, 1.0)",1,98.45834019256174,22058
"(0.3929204539802519, 0.9984817852901372)",3,98.45832523542548,22061
"(0.7374768177381903, 0.991206314397104)",1,98.45831302452868,22062
"(0.8315416458960965, 0.988167361639188)",2,98.45826925543288,22064
"(0.972281746031746, 0.9861310021084456)",1,98.45818675018376,22065
"(0.6460231360441068, 0.9988619159967322)",3,98.45816599266772,22068
"(0.8871082621082622, 0.9861310021084456)",1,98.45798001726818,22069
"(0.8552744708994707, 0.9861673414304992)",1,98.45797320108892,22070
"(0.7453091184935634, 0.991206314397104)",1,98.45789641636397,22071
"(0.7836974395113928, 0.988167361639188)",1,98.45780575392736,22072
"(0.492807005588115, 0.9987500214884376)",1,98.45762566598056,22073
"(0.9444901834607716, 0.9861310021084456)",2,98.4576068102881,22075
"(0.813515418166581, 0.988167361639188)",2,98.45750333615048,22077
"(0.8810064268049709, 0.991206314397104)",1,98.45749863933,22078
"(0.7647742788871822, 1.0)",1,98.45748211547274,22079
"(0.9466127311522048, 0.991206314397104)",1,98.45728805847654,22080
"(0.8602994826284275, 0.988167361639188)",1,98.45715760399722,22081
"(0.9582389563841176, 0.9958292603453894)",1,98.45703603139648,22082
"(0.7836974395113928, 0.988167361639188)",2,98.45696315326602,22084
"(0.7836974395113928, 0.988167361639188)",2,98.45691693164407,22086
"(0.5473183118671051, 1.0)",3,98.4568493326314,22089
"(0.930704099821747, 0.986081059422206)",1,98.45651607690225,22090
"(0.7786375661375661, 0.986081059422206)",1,98.45645841800264,22091
"(0.8762860082304527, 1.0)",1,98.45630634990565,22092
"(0.9746854694957162, 0.9958292603453894)",1,98.45628623584534,22093
"(0.8449978636391381, 0.9882048106149588)",1,98.45623415904912,22094
"(0.8694224991654613, 0.988167361639188)",1,98.4559364360466,22095
"(0.813515418166581, 0.988167361639188)",1,98.45579999688904,22096
"(0.8390424521630195, 0.9861673414304992)",2,98.4557877838991,22098
"(0.4912575527045726, 0.9975000781372088)",1,98.45578260374934,22099
"(0.6760014179369018, 1.0)",1,98.45575257873728,22100
"(0.8390424521630195, 0.9861673414304992)",2,98.45575144457705,22102
"(0.9374843410636878, 0.987463247273494)",1,98.45569198385196,22103
"(0.831031066037186, 0.988167361639188)",1,98.45566767376148,22104
"(0.9299507899507898, 0.986081059422206)",1,98.45550402748296,22105
"(0.8315416458960965, 0.988167361639188)",1,98.45547407515735,22106
"(0.7729389061386163, 0.988167361639188)",1,98.45530149031876,22107
"(0.9300671002153482, 0.9861673414304992)",3,98.4552746412125,22110
"(0.916110211619383, 0.9873891625615764)",1,98.45525818974556,22111
"(0.7532376017916352, 1.0)",1,98.4551981644373,22112
"(0.9418479305417444, 0.988167361639188)",1,98.45504087032204,22113
"(0.5738039048389373, 0.9992416608232524)",3,98.45496719483748,22116
"(0.9057330122004186, 0.991206314397104)",1,98.45492558216448,22117
"(0.94291309888229, 0.991206314397104)",1,98.45491235794854,22118
"(0.8390424521630195, 0.9861673414304992)",1,98.45489338659492,22119
"(0.7077308656256025, 1.0)",1,98.45483387852482,22120
"(0.9503122778456484, 0.9832925076188832)",1,98.45469133731996,22121
"(0.9027777777777778, 0.986081059422206)",1,98.4546428324266,22122
"(0.9666666666666668, 1.0)",1,98.45455945127392,22123
"(0.9244721788975638, 0.9873891625615764)",1,98.45451054044024,22124
"(0.8726893261776982, 0.988167361639188)",1,98.45435828412413,22125
"(0.9177366931314298, 0.9832184229069656)",1,98.45434572520892,22126
"(0.9791258409522168, 0.9958292603453894)",1,98.4543341977154,22127
"(0.8732774170274171, 0.986081059422206)",1,98.45432022149322,22128
"(0.8996392387758612, 0.9873891625615764)",1,98.45422974215572,22129
"(0.8761383419447936, 0.9873891625615764)",1,98.45413846785782,22130
"(0.9873891625615764, 0.9958292603453894)",1,98.45410423008197,22131
"(0.8970129352925051, 0.9873891625615764)",1,98.45407453663633,22132
"(0.835848883169409, 0.988167361639188)",1,98.45401408038316,22133
"(0.966870220228854, 0.9873891625615764)",1,98.45394798529034,22134
"(0.9833040078201368, 0.9958292603453894)",1,98.45378732879426,22135
"(0.8947046219773493, 0.988167361639188)",2,98.45372761003011,22137
"(0.9442283950617284, 0.986081059422206)",1,98.453542552313,22138
"(0.944563492063492, 1.0)",1,98.45342320998566,22139
"(0.4049163909196675, 0.9992416608232524)",3,98.45326397741825,22142
"(0.8547756205106323, 0.9882048106149588)",1,98.45325670432108,22143
"(0.9833251873574456, 0.9958292603453894)",1,98.45313125403688,22144
"(0.9445235834124724, 1.0)",1,98.4529545217469,22145
"(0.8468089381754635, 1.0)",1,98.4528427973156,22146
"(0.9916585206907788, 0.9958292603453894)",1,98.45284232123564,22147
"(0.979051756240299, 0.9958292603453894)",1,98.45281552747744,22148
"(0.8315416458960965, 0.988167361639188)",2,98.45262854853128,22150
"(0.9297326845255915, 0.9876066164491212)",1,98.4525154394033,22151
"(0.9300671002153482, 0.9861673414304992)",2,98.45221966369502,22153
"(0.8468089381754635, 1.0)",1,98.45217829196396,22154
"(0.8687499999999999, 0.988167361639188)",1,98.45179514060216,22155
"(0.944563492063492, 1.0)",5,98.45177350501126,22160
"(0.8916052423523688, 0.9873891625615764)",1,98.4516723860672,22161
"(0.9311507936507936, 0.9861673414304992)",1,98.451668602096,22162
"(0.8902783631946863, 0.9861673414304992)",1,98.45158191360112,22163
"(0.9295946890286512, 1.0)",1,98.45157477623756,22164
"(0.94484126984127, 0.9861673414304992)",1,98.45133831900534,22165
"(0.4631616549920088, 0.9992416608232524)",3,98.45130212160088,22168
"(0.94484126984127, 0.9861673414304992)",1,98.45127398859924,22169
"(0.5121025528037597, 1.0)",1,98.4511567740864,22170
"(0.8315416458960965, 0.988167361639188)",1,98.45105585918245,22171
"(0.7552298585410389, 0.9882048106149588)",1,98.45099882204828,22172
"(0.9168478260869564, 0.9861673414304992)",1,98.45097899048106,22173
"(0.8547756205106323, 0.9882048106149588)",1,98.45087284355785,22174
"(0.476193313409349, 0.9975000781372088)",1,98.45078069332811,22175
"(0.7729389061386163, 0.988167361639188)",1,98.4507486580934,22176
"(0.8970129352925051, 0.9873891625615764)",1,98.45066272961304,22177
"(0.94484126984127, 0.9861673414304992)",2,98.4504023935771,22179
"(0.9162596992611264, 0.9861673414304992)",1,98.450291868934,22180
"(0.94484126984127, 0.9861673414304992)",1,98.45019438931158,22181
"(0.950175761409158, 0.9834113430318364)",1,98.45017442325968,22182
"(0.8432903075760217, 0.986081059422206)",1,98.450106414218,22183
"(0.8533622685185187, 1.0)",1,98.45005817882269,22184
"(0.972420634920635, 0.9861673414304992)",2,98.4499338329935,22186
"(0.8249504969211211, 0.988167361639188)",2,98.44989057772963,22188
"(0.602662742458966, 0.9988619159967322)",1,98.44984316630648,22189
"(0.9916585206907788, 0.9958292603453894)",1,98.44957584409148,22190
"(0.902350121335084, 0.9861673414304992)",1,98.44950498432068,22191
"(0.8315416458960965, 0.988167361639188)",1,98.44918697311336,22192
"(0.224271508570455, 0.9996210215628012)",3,98.44915132152155,22195
"(0.9438271604938272, 0.9861673414304992)",2,98.44913098923668,22197
"(0.9300671002153482, 0.9861673414304992)",1,98.44905518452084,22198
"(0.9833229101521784, 0.9833229101521784)",1,98.44903064415264,22199
"(0.9026337658413128, 0.9861673414304992)",2,98.44899291908033,22201
"(0.8871966240387292, 0.9861673414304992)",1,98.44897394764548,22202
"(0.865581803207783, 0.991206314397104)",1,98.44886019901074,22203
"(0.9262130464282252, 0.991206314397104)",1,98.44856821415044,22204
"(0.8890432098765432, 0.9861673414304992)",1,98.44854234068936,22205
"(0.835848883169409, 0.988167361639188)",1,98.44851371369592,22206
"(0.91326516498939, 0.9873891625615764)",1,98.44836423063514,22207
"(0.9019292060258446, 0.9861673414304992)",1,98.44836411619865,22208
"(0.9026337658413128, 0.9861673414304992)",1,98.4481068043596,22209
"(0.9444901834607716, 0.9861673414304992)",1,98.44808900211343,22210
"(0.9166145507608924, 1.0)",1,98.44800979698768,22211
"(0.865581803207783, 0.991206314397104)",2,98.44792468957536,22213
"(0.7259777259777259, 1.0)",1,98.44790798275852,22214
"(0.7955284187842329, 0.988167361639188)",1,98.44787508829032,22215
"(0.9486619426325308, 1.0)",1,98.44786475289663,22216
"(0.8877034517510707, 0.9861673414304992)",1,98.44779210738731,22217
"(0.6544644252235129, 1.0)",1,98.44776779255864,22218
"(0.9057330122004186, 0.991206314397104)",1,98.4476552372738,22219
"(0.5108109682957471, 1.0)",1,98.44763253734229,22220
"(0.8899966931216932, 0.9861310021084456)",1,98.4476206140352,22221
"(0.3841590381665586, 0.9996210215628012)",1,98.44743069233252,22222
"(0.9299160159815896, 0.9861673414304992)",2,98.44735804184694,22224
"(0.8586166985951469, 0.9861673414304992)",1,98.44726625044972,22225
"(0.9438271604938272, 0.9861673414304992)",1,98.44725205479942,22226
"(0.8333192389006343, 0.988167361639188)",1,98.4472489103523,22227
"(0.9438271604938272, 0.9861673414304992)",1,98.44705425946442,22228
"(0.9170333674010144, 0.9861310021084456)",1,98.4470380417855,22229
"(0.8586166985951469, 0.9861673414304992)",1,98.44702854740628,22230
"(0.9792766373411534, 0.9958292603453894)",1,98.4466998723661,22231
"(0.8158879904162925, 1.0)",1,98.44657840659494,22232
"(0.9008627640703112, 1.0)",1,98.44642655455112,22233
"(0.9243707071934514, 0.9873891625615764)",1,98.4464094574799,22234
"(0.9262130464282252, 0.991206314397104)",1,98.44638126176837,22235
"(0.4992091380105255, 0.9988619159967322)",3,98.44633428786814,22238
"(0.8577501780626781, 0.9861673414304992)",1,98.44627793059432,22239
"(0.94291309888229, 0.991206314397104)",1,98.44613704302944,22240
"(0.4337472035794183, 0.9988619159967322)",1,98.44599455410372,22241
"(0.8748200797381125, 0.9861310021084456)",1,98.44594066119716,22242
"(0.902898027898028, 0.9861310021084456)",1,98.44584062969916,22243
"(0.9041196741854636, 0.991206314397104)",1,98.44569366886216,22244
"(0.902192297684101, 0.9861310021084456)",1,98.44563856303364,22245
"(0.8495378883833893, 0.9916585206907788)",1,98.44563753449394,22246
"(0.8860455063826657, 0.9861673414304992)",1,98.44546865980972,22247
"(0.9833211143695014, 0.9958292603453894)",1,98.44545836622456,22248
"(0.9916585206907788, 0.9958292603453894)",1,98.44539721438936,22249
"(0.4039045743444857, 1.0)",1,98.44522130724702,22250
"(0.8761383419447936, 0.9916339869281046)",1,98.44520046539998,22251
"(0.8880748880748881, 0.9861310021084456)",2,98.44515371305356,22253
"(0.7836974395113928, 0.988167361639188)",1,98.44513132245484,22254
"(0.7294281157362763, 1.0)",1,98.4450564682756,22255
"(0.9301209372637944, 0.9861310021084456)",1,98.44457430564772,22256
"(0.835848883169409, 0.988167361639188)",1,98.44451247449976,22257
"(0.8847822547822548, 0.9861673414304992)",1,98.4444599685424,22258
"(0.94291309888229, 0.991206314397104)",3,98.44443831417227,22261
"(0.8847822547822548, 0.9861673414304992)",1,98.44430118770153,22262
"(0.4504195472150979, 1.0)",1,98.44427409942286,22263
"(0.9244352123384382, 0.9876066164491212)",2,98.44427269657044,22265
"(0.8329156223893065, 1.0)",1,98.44422001971635,22266
"(0.6384521701955596, 0.991206314397104)",1,98.4441847791018,22267
"(0.9370337013190184, 0.9873891625615764)",1,98.4441657768688,22268
"(0.9665831244778612, 1.0)",1,98.4441583457739,22269
"(0.9536653605723816, 0.9958292603453894)",1,98.44412189074414,22270
"(0.9008273252543846, 0.9861310021084456)",1,98.44405101456528,22271
"(0.8308201058201059, 0.9861310021084456)",1,98.44396392385126,22272
"(0.812557599070401, 1.0)",1,98.44394456124824,22273
"(0.8847822547822548, 0.9861673414304992)",1,98.44389139101447,22274
"(0.8586166985951469, 0.9861310021084456)",1,98.44386056604776,22275
"(0.7713401051412279, 1.0)",1,98.44380538298942,22276
"(0.8158879904162925, 1.0)",1,98.4437203529855,22277
"(0.974772367065274, 0.9958292603453894)",1,98.44360174092716,22278
"(0.5070372093557577, 1.0)",2,98.44337017438151,22280
"(0.3929204539802519, 0.9973390598305516)",1,98.44311706445149,22281
"(0.3865130008203705, 1.0)",1,98.44282042092712,22282
"(0.987491854024112, 0.9958292603453894)",1,98.44271994216211,22283
"(0.8053381731676306, 0.986081059422206)",1,98.44235247938784,22284
"(0.7323695788812067, 0.988167361639188)",1,98.4422829605976,22285
"(0.8229870141950848, 0.986081059422206)",1,98.44215784355616,22286
"(0.7824110326372048, 0.988167361639188)",1,98.44212617678346,22287
"(0.8249504969211211, 0.988167361639188)",1,98.44210083249423,22288
"(0.6575398846941737, 0.9882048106149588)",1,98.4418866804846,22289
"(0.91326516498939, 0.9873891625615764)",1,98.4418174160556,22290
"(0.8390424521630195, 0.9861673414304992)",2,98.4417984301729,22292
"(0.5286751006005854, 1.0)",1,98.441746238971,22293
"(0.8390424521630195, 0.9861673414304992)",1,98.44170484303044,22294
"(0.972281746031746, 0.9861673414304992)",1,98.44168374479948,22295
"(0.9747273037595618, 0.9958292603453894)",1,98.44165870915786,22296
"(0.9832965806068272, 0.9958292603453894)",1,98.44161426223069,22297
"(0.813515418166581, 0.988167361639188)",2,98.44139900003248,22299
"(0.7453091184935634, 0.991206314397104)",1,98.44123499103982,22300
"(0.7729389061386163, 0.988167361639188)",1,98.44110704728054,22301
"(0.9377148530109056, 0.991206314397104)",1,98.44109103004902,22302
"(0.9649790647893116, 0.9958292603453894)",1,98.44105610687608,22303
"(0.9057330122004186, 0.991206314397104)",1,98.44102397865748,22304
"(0.970619176311776, 0.9958292603453894)",2,98.44099098660506,22306
"(0.9262130464282252, 0.991206314397104)",1,98.44075033616124,22307
"(0.8974984433303618, 0.9873891625615764)",1,98.44072206261558,22308
"(0.9205517358458536, 0.9873891625615764)",1,98.44025550518217,22309
"(0.7999088007295942, 0.988167361639188)",1,98.44018038994275,22310
"(0.8478418336329888, 0.991206314397104)",1,98.43992120319716,22311
"(0.6636745887678723, 1.0)",1,98.4399074446596,22312
"(0.7651777469990767, 0.991206314397104)",1,98.43990503464336,22313
"(0.930124456440246, 1.0)",1,98.43985926598648,22314
"(0.4499384836938269, 0.9975000781372088)",1,98.43982771496762,22315
"(0.4527941410181702, 0.9987499746026686)",1,98.43962697286136,22316
"(0.944563492063492, 1.0)",1,98.43950426940788,22317
"(0.9027777777777778, 0.986081059422206)",1,98.43941856857514,22318
"(0.9114218054477384, 0.9873891625615764)",1,98.43934497758907,22319
"(0.836047207956091, 0.988167361639188)",1,98.4393158588398,22320
"(0.7836974395113928, 0.988167361639188)",2,98.43912126517284,22322
"(0.8958208965097509, 0.9958292603453894)",1,98.43903512063468,22323
"(0.94993894993895, 1.0)",1,98.43900253522185,22324
"(0.6384521701955596, 0.991206314397104)",1,98.43853223280637,22325
"(0.8726893261776982, 0.988167361639188)",1,98.4384136216244,22326
"(0.9498370804822418, 0.9873891625615764)",1,98.43839410765956,22327
"(0.4590791029805835, 0.9987499746026686)",2,98.43832183190584,22329
"(0.9282083232965586, 0.9873891625615764)",1,98.4383114125266,22330
"(0.8506653943511476, 0.991206314397104)",1,98.43829674834453,22331
"(0.7962102115226081, 0.988167361639188)",1,98.43821503770752,22332
"(0.9442283950617284, 0.986081059422206)",1,98.43814727417218,22333
"(0.8432903075760217, 0.986081059422206)",1,98.43813195528682,22334
"(0.8717520170461346, 0.9958292603453894)",1,98.43791116487306,22335
"(0.5454038430374508, 0.9996210215628012)",3,98.43779550500972,22338
"(0.979051756240299, 0.9958292603453894)",1,98.43775784781272,22339
"(0.9916585206907788, 0.9958292603453894)",1,98.43774750638312,22340
"(0.94484126984127, 0.9861673414304992)",1,98.43773458501916,22341
"(0.9445235834124724, 1.0)",1,98.43773385738892,22342
"(0.5592035399158047, 0.9996210215628012)",1,98.43766625454325,22343
"(0.8333192389006343, 0.988167361639188)",1,98.43745009735984,22344
"(0.9300671002153482, 0.9861673414304992)",1,98.43723318471216,22345
"(0.9310483384791604, 0.9861673414304992)",2,98.4372283911397,22347
"(0.8694224991654613, 0.988167361639188)",1,98.43717247415672,22348
"(0.8811945374355704, 1.0)",1,98.43709513522258,22349
"(0.3860590631364562, 0.9996210215628012)",3,98.43706595452264,22352
"(0.930124456440246, 0.9861673414304992)",2,98.4370584361838,22354
"(0.9172008547008548, 0.9861673414304992)",1,98.4369305184676,22355
"(0.4845066627893052, 0.9992416608232524)",3,98.4368367686851,22358
"(0.8063017146213757, 0.9861673414304992)",1,98.4368321769189,22359
"(0.8063017146213757, 0.9861673414304992)",1,98.43679583759685,22360
"(0.9310483384791604, 0.9861673414304992)",1,98.43668077093032,22361
"(0.9029281534808432, 0.9861673414304992)",1,98.43650979744338,22362
"(0.7999088007295942, 0.988167361639188)",1,98.43643295472202,22363
"(0.3690581214322782, 0.9992416608232524)",3,98.43620213965067,22366
"(0.94291309888229, 0.991206314397104)",1,98.43619707648216,22367
"(0.9300671002153482, 0.9861673414304992)",2,98.43619052440695,22369
"(0.8533622685185187, 1.0)",2,98.43618918093112,22371
"(0.9162596992611264, 0.9861673414304992)",1,98.43613860810194,22372
"(0.617513611615245, 1.0)",1,98.4360758822138,22373
"(0.4553345256344744, 1.0)",1,98.43606316053244,22374
"(0.9300671002153482, 0.9861673414304992)",2,98.43595298421258,22376
"(0.94484126984127, 0.9861673414304992)",1,98.43592189828604,22377
"(0.7000013129045387, 1.0)",1,98.43559646467462,22378
"(0.8425483191745751, 0.9882048106149588)",1,98.43551701138075,22379
"(0.4987711467817516, 0.9975000781372088)",1,98.43546856106474,22380
"(0.987463247273494, 0.9958292603453894)",1,98.4354585904761,22381
"(0.8947046219773493, 0.988167361639188)",1,98.43544034973542,22382
"(0.81893131227901, 1.0)",1,98.43542603333644,22383
"(0.8876473063973064, 0.9861673414304992)",2,98.43538784812074,22385
"(0.9438271604938272, 0.9861673414304992)",2,98.43533016507436,22387
"(0.972420634920635, 0.9861673414304992)",1,98.43523350540934,22388
"(0.8877034517510707, 0.9861673414304992)",1,98.4349680188466,22389
"(0.9444901834607716, 0.9861673414304992)",1,98.43493168605468,22390
"(0.8756441223832527, 0.9861673414304992)",1,98.43487716960432,22391
"(0.9026337658413128, 0.9861673414304992)",1,98.43483026077638,22392
"(0.8315416458960965, 0.988167361639188)",1,98.43463385313024,22393
"(0.9444901834607716, 0.9861673414304992)",1,98.43462234507574,22394
"(0.7060994560994561, 1.0)",1,98.434513862565,22395
"(0.8547756205106323, 0.9882048106149588)",1,98.43449424811392,22396
"(0.8726893261776982, 0.988167361639188)",2,98.4344251370464,22398
"(0.9041196741854636, 0.991206314397104)",1,98.43441057745176,22399
"(0.8151249335459861, 1.0)",1,98.43435312453448,22400
"(0.9916585206907788, 0.9958292603453894)",1,98.43429113881986,22401
"(0.7930390639214249, 0.988167361639188)",1,98.43428848161273,22402
"(0.6050868628167587, 0.9969573675011548)",1,98.43421750220666,22403
"(0.9609386607489072, 0.9958292603453894)",2,98.4341099759496,22405
"(0.9834358767945106, 0.9958292603453894)",1,98.43408546318872,22406
"(0.9011810599946194, 0.9861673414304992)",1,98.4339783017572,22407
"(0.3690581214322782, 0.9984817852901372)",1,98.4338372908529,22408
"(0.8899966931216932, 0.9861310021084456)",1,98.43362224009763,22409
"(0.8892193005355779, 0.9916339869281046)",1,98.43356394046886,22410
"(0.8151249335459861, 1.0)",1,98.4335477174115,22411
"(0.8579868984630887, 0.9861673414304992)",1,98.43348092198356,22412
"(0.7212492118244873, 0.988167361639188)",1,98.43347980318444,22413
"(0.94484126984127, 0.9861673414304992)",1,98.433363859457,22414
"(0.972281746031746, 0.9861673414304992)",2,98.43317100359198,22416
"(0.7651777469990767, 0.991206314397104)",1,98.4331667445126,22417
"(0.8899966931216932, 0.9861310021084456)",1,98.43313036813518,22418
"(0.8308201058201059, 0.9861673414304992)",1,98.4330714989551,22419
"(0.831031066037186, 0.988167361639188)",1,98.43278297236424,22420
"(0.8899966931216932, 0.9861310021084456)",1,98.43270765162224,22421
"(0.9192093318943212, 0.9882048106149588)",2,98.43270722266956,22423
"(0.835848883169409, 0.988167361639188)",2,98.4327067986898,22425
"(0.8586166985951469, 0.9861673414304992)",1,98.43259499890816,22426
"(0.9665633291439744, 0.9958292603453894)",1,98.43258123017924,22427
"(0.9793622864590606, 0.9958292603453894)",1,98.43239936274551,22428
"(0.8733888292158969, 0.9861673414304992)",1,98.43239714420392,22429
"(0.9300671002153482, 1.0)",1,98.43238343291732,22430
"(0.9833229101521784, 0.9833229101521784)",1,98.4323535543048,22431
"(0.8748200797381125, 0.9861310021084456)",1,98.4323248038501,22432
"(0.902898027898028, 0.9861310021084456)",1,98.4323113553892,22433
"(0.9665831244778612, 0.9833229101521784)",1,98.43229085847832,22434
"(0.9031584325039068, 0.9861310021084456)",1,98.43223696982008,22435
"(0.8748200797381125, 0.9861310021084456)",1,98.43218831845672,22436
"(0.9162596992611264, 0.9861310021084456)",2,98.43218586923273,22438
"(0.8229870141950848, 0.986081059422206)",1,98.43200127587464,22439
"(0.902192297684101, 0.9861310021084456)",1,98.43196858858336,22440
"(0.8716153127917834, 0.9861673414304992)",1,98.43190786898732,22441
"(0.8478418336329888, 0.991206314397104)",1,98.43178654911436,22442
"(0.90224161204236, 0.9861310021084456)",1,98.43171861651948,22443
"(0.4933386447129642, 0.9975000781372088)",1,98.431672695631,22444
"(0.9834113430318364, 0.9958292603453894)",1,98.43164070985384,22445
"(0.9665831244778612, 1.0)",2,98.43159464530667,22447
"(0.9916339869281046, 0.9958292603453894)",1,98.4315746377195,22448
"(0.8748200797381125, 0.9861310021084456)",1,98.43156710603412,22449
"(0.8495378883833893, 0.9958292603453894)",1,98.43155100416024,22450
"(0.4925733396357239, 0.9975000781372088)",1,98.43154999713296,22451
"(0.8880748880748881, 0.9861310021084456)",1,98.43154969995209,22452
"(0.9079075500409146, 0.987463247273494)",1,98.43149566084422,22453
"(0.9057330122004186, 0.991206314397104)",1,98.43146636236156,22454
"(0.8704017212945784, 0.9861673414304992)",1,98.43146237812604,22455
"(0.7323695788812067, 0.988167361639188)",1,98.43136363616276,22456
"(0.9436368312757202, 0.9861673414304992)",1,98.4313047761326,22457
"(0.9441468253968254, 0.9861673414304992)",1,98.43123194926623,22458
"(0.893146638589877, 0.9882048106149588)",1,98.43121811491658,22459
"(0.94484126984127, 0.9861673414304992)",1,98.43120046068472,22460
"(0.9791585206907788, 0.9958292603453894)",1,98.4311949394833,22461
"(0.5902403539563832, 1.0)",3,98.4311195136642,22464
"(0.8883034087952121, 0.9861310021084456)",1,98.43108731835557,22465
"(0.9301209372637944, 0.9861310021084456)",1,98.43106397252504,22466
"(0.9374843410636878, 0.9832184229069656)",1,98.43103797662884,22467
"(0.9153127183787562, 0.9861673414304992)",1,98.43099098431216,22468
"(0.9301209372637944, 0.9861310021084456)",1,98.43098883420323,22469
"(0.8883034087952121, 0.9861310021084456)",1,98.43092960569784,22470
"(0.5891971035837016, 1.0)",2,98.4307166308708,22472
"(0.8877034517510707, 0.9861310021084456)",1,98.43069877994886,22473
"(0.2954225865399132, 0.9977203590215908)",1,98.43065081812414,22474
"(0.8760238095238095, 0.9916585206907788)",1,98.43060489950552,22475
"(0.7000013129045387, 1.0)",1,98.43055043236372,22476
"(0.9833040078201368, 0.9958292603453894)",1,98.43046842624476,22477
"(0.9444901834607716, 0.9861673414304992)",2,98.43042986775356,22479
"(0.8847822547822548, 0.9861673414304992)",1,98.43038774918278,22480
"(0.9832925076188832, 0.9958292603453894)",2,98.43033464862336,22482
"(0.6215073982652175, 0.9882048106149588)",1,98.43026325952344,22483
"(0.8333192389006343, 0.988167361639188)",1,98.43006753215975,22484
"(0.8696744280367974, 0.9861673414304992)",1,98.42992644970812,22485
"(0.6384521701955596, 0.991206314397104)",1,98.4297867549364,22486
"(0.813515418166581, 0.988167361639188)",1,98.42973233646748,22487
"(0.9498370804822418, 0.9873891625615764)",1,98.42956631924676,22488
"(0.91326516498939, 0.9873891625615764)",1,98.42902984280865,22489
"(0.9835199925522506, 0.9958292603453894)",1,98.42878432325064,22490
"(0.9079075500409146, 0.991777356103732)",1,98.42870553999629,22491
"(0.8715701474388204, 0.9861310021084456)",1,98.42846499201237,22492
"(0.9243707071934514, 0.9873891625615764)",1,98.428076646213,22493
"(0.6886904761904762, 1.0)",1,98.42803511526232,22494
"(0.8249504969211211, 0.988167361639188)",1,98.427862792018,22495
"(0.7729389061386163, 0.988167361639188)",1,98.4278531255565,22496
"(0.9282083232965586, 0.9873891625615764)",1,98.42782884464174,22497
"(0.8390424521630195, 0.9861673414304992)",2,98.42780476545556,22499
"(0.5073536286909905, 0.9996210215628012)",3,98.4275230882406,22502
"(0.8390424521630195, 0.9861673414304992)",1,98.42751677580664,22503
"(0.9309821833269412, 0.988167361639188)",1,98.42749707679344,22504
"(0.9916585206907788, 0.9958292603453894)",1,98.42742623960666,22505
"(0.9300671002153482, 0.9861673414304992)",3,98.42740287325614,22508
"(0.859499940327008, 0.986081059422206)",1,98.42719994796433,22509
"(0.9244352123384382, 0.987463247273494)",1,98.4271436681732,22510
"(0.8053381731676306, 0.986081059422206)",1,98.42700811391414,22511
"(0.9435817855979146, 0.9916666666666668)",1,98.426938742245,22512
"(0.9790972342015986, 0.9958292603453894)",1,98.42691970727344,22513
"(0.831031066037186, 0.988167361639188)",1,98.4265731687616,22514
"(0.9126251340467026, 0.9958292603453894)",1,98.42653618363668,22515
"(0.8053381731676306, 0.986081059422206)",1,98.4262916820104,22516
"(0.930704099821747, 0.986081059422206)",1,98.42616975474506,22517
"(0.9743030741133208, 0.9958292603453894)",1,98.42610630225894,22518
"(0.9746854694957162, 1.0)",1,98.42590594610718,22519
"(0.8867361313822293, 0.987495927012056)",1,98.42583076248494,22520
"(0.9166682405676116, 1.0)",1,98.42575451513318,22521
"(0.813515418166581, 0.988167361639188)",2,98.425630848189,22523
"(0.9586562930696936, 0.9834113430318364)",1,98.42556113145358,22524
"(0.8040695048423352, 0.986081059422206)",1,98.42552540530842,22525
"(0.9496114574862204, 0.9916339869281046)",2,98.4252107142815,22527
"(0.7374768177381903, 0.991206314397104)",1,98.42518937435712,22528
"(0.831031066037186, 0.988167361639188)",1,98.4251742016463,22529
"(0.8329050741331443, 0.986081059422206)",1,98.42508307456433,22530
"(0.9831777451938742, 0.9958292603453894)",1,98.42490982866184,22531
"(0.6544644252235129, 1.0)",1,98.42481831811637,22532
"(0.8249504969211211, 0.988167361639188)",1,98.42481143897976,22533
"(0.9205517358458536, 0.9873891625615764)",1,98.42477381493244,22534
"(0.8970129352925051, 0.9873891625615764)",1,98.42475605287471,22535
"(0.9061764476533613, 0.9876066164491212)",1,98.42473572921853,22536
"(0.8249504969211211, 0.988167361639188)",1,98.4244413705034,22537
"(0.9412957478808424, 0.987463247273494)",1,98.42439798980284,22538
"(0.8432903075760217, 0.986081059422206)",1,98.42438184795884,22539
"(0.8887202421952387, 0.986081059422206)",1,98.42405423451544,22540
"(0.9041196741854636, 0.991206314397104)",1,98.42402849271518,22541
"(0.5089864109567541, 1.0)",3,98.42400047453631,22544
"(0.944563492063492, 1.0)",1,98.42393562385568,22545
"(0.9445235834124724, 1.0)",1,98.42381491681112,22546
"(0.94291309888229, 0.991206314397104)",1,98.42379751887032,22547
"(0.9791544477028348, 0.9958292603453894)",1,98.42363260070174,22548
"(0.2573753482290067, 0.9984817852901372)",3,98.42361740302118,22551
"(0.8676532769556025, 0.9882048106149588)",1,98.42350176402692,22552
"(0.7075825156110616, 0.991206314397104)",1,98.42350053795194,22553
"(0.8974984433303618, 0.9916339869281046)",1,98.42336419177056,22554
"(0.8476190476190477, 1.0)",1,98.42319597297713,22555
"(0.4976057427443008, 0.9962501582231502)",1,98.42310457366312,22556
"(0.8333192389006343, 0.988167361639188)",2,98.4230475594572,22558
"(0.9793747635794354, 0.9958292603453894)",1,98.4228033119696,22559
"(0.9153127183787562, 0.9861310021084456)",2,98.42266076501264,22561
"(0.9019292060258446, 0.9861673414304992)",1,98.42262746758682,22562
"(0.9293300445873568, 0.9873891625615764)",1,98.42237416981574,22563
"(0.9114218054477384, 0.9873891625615764)",2,98.42231062477256,22565
"(0.7837967210499023, 0.988167361639188)",1,98.42227965394464,22566
"(0.9177366931314298, 0.9832925076188832)",1,98.4222552114297,22567
"(0.8432903075760217, 0.986081059422206)",1,98.42220111886438,22568
"(0.8982888105990573, 0.9834113430318364)",2,98.42215833934704,22570
"(0.882673371045464, 1.0)",1,98.42208328408049,22571
"(0.9444901834607716, 0.9861673414304992)",1,98.42196653436405,22572
"(0.6636745887678723, 1.0)",1,98.4218428678294,22573
"(0.9019292060258446, 0.9861673414304992)",1,98.4218211281162,22574
"(0.917849761232425, 1.0)",1,98.42175729106214,22575
"(0.9029281534808432, 0.9861673414304992)",2,98.42172966269068,22577
"(0.9438271604938272, 0.9861673414304992)",1,98.42172552254551,22578
"(0.972281746031746, 0.9861673414304992)",1,98.42156736909904,22579
"(0.9282083232965586, 0.9873891625615764)",1,98.42154752184152,22580
"(0.972420634920635, 0.9861673414304992)",1,98.42132147676097,22581
"(0.9041196741854636, 0.991206314397104)",1,98.42129407047872,22582
"(0.9199973910846122, 0.9873891625615764)",1,98.42122309245832,22583
"(0.8761383419447936, 0.9873891625615764)",1,98.42117091826842,22584
"(0.4925733396357239, 0.9975000781372088)",1,98.42112747551072,22585
"(0.916104916104916, 1.0)",1,98.42098183769647,22586
"(0.9440529448756316, 0.9861673414304992)",1,98.42091272210055,22587
"(0.8840455840455841, 1.0)",1,98.42076077517254,22588
"(0.9029281534808432, 0.9861673414304992)",1,98.4207214429754,22589
"(0.8151249335459861, 1.0)",2,98.42043418395669,22591
"(0.786508365740383, 0.9882048106149588)",1,98.42035094364068,22592
"(0.9011810599946194, 0.9861673414304992)",1,98.42033117333308,22593
"(0.8899966931216932, 0.9861310021084456)",1,98.42022932073556,22594
"(0.8734313112361893, 0.9861673414304992)",1,98.42018262334712,22595
"(0.4943189964157706, 1.0)",1,98.42007403534812,22596
"(0.9438271604938272, 0.9861673414304992)",1,98.4200130620726,22597
"(0.7168719671519223, 0.991206314397104)",1,98.4199363683824,22598
"(0.8315995778682346, 0.9861673414304992)",1,98.4198753742668,22599
"(0.9438271604938272, 0.9861673414304992)",1,98.41984058836184,22600
"(0.9162596992611264, 0.9861673414304992)",1,98.41980786746042,22601
"(0.4076247491511041, 0.9973390598305516)",1,98.41972995435164,22602
"(0.2214665086585351, 0.9996210215628012)",3,98.41967843258044,22605
"(0.9011810599946194, 0.9861673414304992)",1,98.4196561710718,22606
"(0.8151249335459861, 1.0)",1,98.41962877683372,22607
"(0.4236037190698367, 0.9996210215628012)",3,98.4194950864983,22610
"(0.8308201058201059, 0.9861673414304992)",1,98.4194655086088,22611
"(0.8899966931216932, 0.9861310021084456)",1,98.41945864653512,22612
"(0.8899966931216932, 0.9861310021084456)",1,98.4194271234034,22613
"(0.8308201058201059, 0.9861673414304992)",1,98.41942167307782,22614
"(0.4921211569947243, 0.9962501582231502)",1,98.41933185785834,22615
"(0.8733888292158969, 0.9861673414304992)",1,98.41930882939484,22616
"(0.8761383419447936, 0.9873891625615764)",2,98.41930684273318,22618
"(0.8899966931216932, 0.9861310021084456)",1,98.41930115223828,22619
"(0.4775277477297871, 0.9984817852901372)",3,98.4191038333002,22622
"(0.9243707071934514, 0.9873891625615764)",1,98.41906404735089,22623
"(0.9300671002153482, 0.9861673414304992)",1,98.41904128766002,22624
"(0.9625114955760116, 0.9958292603453894)",1,98.41899957172453,22625
"(0.8879608405415911, 0.988167361639188)",1,98.41880713063271,22626
"(0.7946380416968652, 0.9958292603453894)",1,98.4186401861852,22627
"(0.8716153127917834, 0.9861673414304992)",1,98.41860015615296,22628
"(0.620130835563485, 0.991206314397104)",1,98.4185193640743,22629
"(0.8586166985951469, 0.9861673414304992)",1,98.41851878612688,22630
"(0.8586166985951469, 0.9861673414304992)",1,98.41843292180666,22631
"(0.902898027898028, 0.9861310021084456)",1,98.41821330522912,22632
"(0.902898027898028, 0.9861310021084456)",1,98.41821120792828,22633
"(0.920238255356524, 0.9832184229069656)",1,98.41814342996578,22634
"(0.8748200797381125, 0.9861310021084456)",1,98.41813232618016,22635
"(0.9301209372637944, 0.9861310021084456)",1,98.4181223927228,22636
"(0.8883034087952121, 0.9861310021084456)",1,98.41804975653888,22637
"(0.4337472035794183, 0.9996210215628012)",3,98.41790352123668,22640
"(0.7999088007295942, 0.988167361639188)",1,98.41784055895144,22641
"(0.2520817505905556, 0.9992416608232524)",3,98.41773185920296,22644
"(0.6521663785997688, 0.9882048106149588)",1,98.41772574117364,22645
"(0.8880748880748881, 0.9861310021084456)",1,98.41764646845206,22646
"(0.8743078626799556, 0.9861310021084456)",2,98.4175401267958,22648
"(0.9015592112551236, 0.9861673414304992)",1,98.4175360390084,22649
"(0.8743078626799556, 0.9861310021084456)",1,98.4175349539003,22650
"(0.9301209372637944, 0.9861310021084456)",1,98.41753478297078,22651
"(0.7729389061386163, 0.988167361639188)",1,98.4175264029104,22652
"(0.8148308968977662, 0.9861673414304992)",1,98.41749337523204,22653
"(0.9496114574862204, 0.9873891625615764)",1,98.41747009485402,22654
"(0.8315416458960965, 0.988167361639188)",1,98.41732924225347,22655
"(0.9125533644430458, 0.9873891625615764)",1,98.41723864970496,22656
"(0.8883034087952121, 0.9861310021084456)",1,98.41720973543448,22657
"(0.920238255356524, 0.9834113430318364)",2,98.41695273816718,22659
"(0.7374768177381903, 0.991206314397104)",2,98.41694789361316,22661
"(0.813515418166581, 0.988167361639188)",1,98.41690395538814,22662
"(0.8970129352925051, 0.9873891625615764)",1,98.41689415849766,22663
"(0.8847822547822548, 0.9861673414304992)",1,98.41686437701487,22664
"(0.4994316028798788, 1.0)",1,98.41684965260627,22665
"(0.9705906996229576, 0.9958292603453894)",1,98.41681037983054,22666
"(0.81893131227901, 1.0)",1,98.41676581881904,22667
"(0.8249504969211211, 0.988167361639188)",2,98.41674367278048,22669
"(0.9243707071934514, 0.9873891625615764)",1,98.41674075875432,22670
"(0.835848883169409, 0.988167361639188)",1,98.41669483195896,22671
"(0.920238255356524, 0.9834113430318364)",1,98.4166235579073,22672
"(0.9791332681655264, 0.9958292603453894)",1,98.41661885753012,22673
"(0.9161379295307868, 1.0)",1,98.41659756926671,22674
"(0.8804215399610136, 0.991206314397104)",1,98.41656107567732,22675
"(0.90224161204236, 0.9861310021084456)",1,98.41655721366102,22676
"(0.8333192389006343, 0.988167361639188)",1,98.41650415099346,22677
"(0.8717520170461346, 0.9958292603453894)",1,98.4163963063245,22678
"(1.0, 0.9833229101521784)",1,98.41636105185084,22679
"(0.8847822547822548, 0.9861673414304992)",1,98.41631202593511,22680
"(0.8879608405415911, 0.988167361639188)",2,98.41610279921584,22682
"(0.8315416458960965, 0.988167361639188)",1,98.41607757352084,22683
"(0.7168719671519223, 0.991206314397104)",1,98.4160544906806,22684
"(0.8552744708994707, 0.9861673414304992)",1,98.41587631350022,22685
"(0.9499687304565352, 0.9833229101521784)",1,98.415676464457,22686
"(0.9499687304565352, 0.9833229101521784)",1,98.41567646445698,22687
"(0.8456659619450317, 0.988167361639188)",1,98.4156632576777,22688
"(0.9125533644430458, 0.9873891625615764)",1,98.41566003479204,22689
"(0.9665831244778612, 0.9833229101521784)",1,98.4156137686305,22690
"(0.8996392387758612, 0.9873891625615764)",1,98.41556489245086,22691
"(0.6387464387464387, 1.0)",1,98.41550889555162,22692
"(1.0, 0.9833229101521784)",1,98.41542489301992,22693
"(0.7999088007295942, 0.988167361639188)",1,98.4153734293668,22694
"(0.8586166985951469, 0.9861310021084456)",1,98.41512188426528,22695
"(0.927082576248316, 0.9832925076188832)",2,98.41511815563334,22697
"(0.6384521701955596, 0.991206314397104)",1,98.41504105026723,22698
"(0.9377148530109056, 0.991206314397104)",1,98.4150252759684,22699
"(0.8151249335459861, 1.0)",1,98.414873411155,22700
"(0.7374768177381903, 0.991206314397104)",1,98.41473079815955,22701
"(0.8796475392220073, 1.0)",1,98.41460459804104,22702
"(0.4961453064375241, 0.9962497362353954)",1,98.41447829991806,22703
"(0.8613656783468103, 1.0)",1,98.41427896691611,22704
"(0.8390424521630195, 0.9861673414304992)",1,98.41423336702957,22705
"(0.8676532769556025, 0.9882048106149588)",1,98.41413540057908,22706
"(0.7632275132275131, 0.986081059422206)",1,98.41399745433432,22707
"(0.8390424521630195, 0.9861673414304992)",1,98.41384795986131,22708
"(0.9280317595086728, 0.9916585206907788)",1,98.4137839670637,22709
"(0.8390424521630195, 0.9861673414304992)",1,98.41338092871028,22710
"(0.7524760273298283, 0.991206314397104)",1,98.41327065164688,22711
"(0.9616410906733488, 0.9958292603453894)",1,98.41310515177574,22712
"(0.8416827657517105, 0.9861310021084456)",1,98.41297969702995,22713
"(0.835848883169409, 0.988167361639188)",1,98.4127368343626,22714
"(0.9412964149491664, 0.9873891625615764)",2,98.41267896329371,22716
"(0.6387464387464387, 1.0)",1,98.41263578051613,22717
"(0.8416827657517105, 0.9861310021084456)",1,98.4125319672558,22718
"(0.7479743867590829, 0.986081059422206)",1,98.41216491553898,22719
"(0.987491854024112, 0.9958292603453894)",1,98.41213564045472,22720
"(0.9665831244778612, 1.0)",1,98.41210380977762,22721
"(0.9299160159815896, 0.9861673414304992)",1,98.41203245066689,22722
"(0.7479743867590829, 0.986081059422206)",2,98.41201906722608,22724
"(0.8468089381754635, 1.0)",1,98.41196041237038,22725
"(0.5642422164950636, 1.0)",1,98.411806198869,22726
"(0.94291309888229, 0.991206314397104)",1,98.41174814757376,22727
"(0.7479743867590829, 0.986081059422206)",3,98.41155941729718,22730
"(0.7323695788812067, 0.988167361639188)",2,98.41130073937452,22732
"(0.7729389061386163, 0.988167361639188)",2,98.4112548066833,22734
"(0.6825396825396824, 1.0)",1,98.41124109657852,22735
"(0.4363355778830426, 0.9987499746026686)",1,98.41120229201422,22736
"(0.6013560288779866, 0.9937501074421884)",1,98.41110014542004,22737
"(0.8902783631946863, 0.9861673414304992)",2,98.41102405628575,22739
"(0.7212492118244873, 0.988167361639188)",1,98.41079398698524,22740
"(0.7574146783449108, 0.9882048106149588)",2,98.41078738486335,22742
"(0.9958292603453894, 1.0)",2,98.41063050544308,22744
"(0.930124456440246, 1.0)",1,98.41058539394976,22745
"(0.917283950617284, 0.9861673414304992)",1,98.41048439052838,22746
"(0.9331094582012576, 1.0)",1,98.41033957267156,22747
"(0.8449978636391381, 0.9882048106149588)",1,98.41026090558492,22748
"(0.9756244289830628, 0.9958292603453894)",1,98.4099565420806,22749
"(0.7999088007295942, 0.988167361639188)",1,98.40986053861378,22750
"(0.9172008547008548, 0.9861673414304992)",1,98.40953573664878,22751
"(0.8726893261776982, 0.988167361639188)",1,98.40948392114596,22752
"(0.8315416458960965, 0.988167361639188)",1,98.40944658076424,22753
"(0.4603282383880727, 0.9974998905914936)",1,98.4094218972292,22754
"(0.8804215399610136, 0.991206314397104)",1,98.40941472114596,22755
"(0.8208353559736048, 0.9861673414304992)",1,98.40922052700716,22756
"(0.8879608405415911, 0.988167361639188)",1,98.40916283667552,22757
"(0.9027777777777778, 0.986081059422206)",1,98.40893163578164,22758
"(0.944120583717358, 0.987463247273494)",1,98.40891643988662,22759
"(0.9172008547008548, 0.9861673414304992)",1,98.4088117878982,22760
"(0.9032855633136024, 0.9861673414304992)",1,98.40877424337602,22761
"(0.8687499999999999, 0.988167361639188)",1,98.40866736077068,22762
"(0.4937776876667119, 0.9974998905914936)",1,98.40838618995072,22763
"(0.9172008547008548, 0.9861673414304992)",1,98.40823393471712,22764
"(0.7075825156110616, 0.991206314397104)",1,98.40813481836152,22765
"(0.8249504969211211, 0.988167361639188)",1,98.40802198552603,22766
"(0.4037090566294931, 0.9996210215628012)",3,98.4080073399728,22769
"(0.8694224991654613, 0.988167361639188)",1,98.4079893404944,22770
"(0.8349489264123411, 1.0)",1,98.40798178612005,22771
"(0.7999088007295942, 0.988167361639188)",1,98.4079536324126,22772
"(0.865581803207783, 0.991206314397104)",1,98.4079503107206,22773
"(0.5452310701354139, 0.9992416608232524)",1,98.40788445338777,22774
"(0.9160264866799612, 0.9861673414304992)",1,98.4078596167177,22775
"(0.9019292060258446, 0.9861673414304992)",1,98.40781075638048,22776
"(0.8874191651969431, 0.9861673414304992)",1,98.4077855178157,22777
"(0.8315416458960965, 0.988167361639188)",1,98.40773440124951,22778
"(0.9029281534808432, 0.9861673414304992)",1,98.40768363149564,22779
"(0.9017715617715616, 0.9861673414304992)",1,98.4074586174132,22780
"(0.813515418166581, 0.988167361639188)",1,98.40741055668296,22781
"(0.8623978252122906, 0.9861673414304992)",1,98.40734856035326,22782
"(0.9172008547008548, 0.9861673414304992)",1,98.40734744561892,22783
"(0.5046467914998901, 0.9996210215628012)",3,98.40723018873878,22786
"(0.9486619426325308, 1.0)",1,98.40721081906015,22787
"(0.7344692811916678, 1.0)",1,98.4071919838643,22788
"(0.93795454842108, 0.9873891625615764)",1,98.40696365691896,22789
"(0.9835547122074636, 0.9958292603453894)",1,98.40685132716152,22790
"(0.8490208544183524, 0.9861310021084456)",1,98.4066797110247,22791
"(0.7711781618000022, 1.0)",1,98.40666999927076,22792
"(0.8596618357487924, 0.9861673414304992)",1,98.40660723706858,22793
"(0.8899966931216932, 0.9861310021084456)",1,98.40648249173692,22794
"(0.9916625936787228, 0.9958292603453894)",1,98.40642890355072,22795
"(0.9017715617715616, 0.9861673414304992)",1,98.40626717043872,22796
"(0.972420634920635, 0.9861673414304992)",1,98.4062624244906,22797
"(0.8586166985951469, 0.9861673414304992)",1,98.40619405858136,22798
"(0.3860590631364562, 0.9992416608232524)",2,98.40618904348644,22800
"(0.8420013166556946, 1.0)",1,98.40609485470424,22801
"(0.7729389061386163, 0.988167361639188)",1,98.40603191543832,22802
"(0.9162596992611264, 0.9861673414304992)",1,98.4060051556988,22803
"(0.8734313112361893, 0.9861673414304992)",1,98.4059441682076,22804
"(0.8877034517510707, 0.9861673414304992)",2,98.40589954722616,22806
"(0.94484126984127, 0.9861673414304992)",1,98.40571104459114,22807
"(0.9377148530109056, 0.991206314397104)",1,98.40566964085971,22808
"(0.8308201058201059, 0.9861673414304992)",1,98.405620401598,22809
"(0.8445669351307097, 0.9861673414304992)",1,98.40544240167674,22810
"(0.917849761232425, 0.9882048106149588)",1,98.40541168210252,22811
"(0.8687499999999999, 0.988167361639188)",1,98.40532702599666,22812
"(0.8586166985951469, 0.9861673414304992)",2,98.40527410551584,22814
"(0.9498370804822418, 0.9873891625615764)",1,98.40523418614995,22815
"(0.4936062160591765, 0.9996210215628012)",3,98.40521579340404,22818
"(0.2309709141375595, 0.9988619159967322)",3,98.40518085067858,22821
"(0.9436368312757202, 0.9861673414304992)",1,98.40514085439855,22822
"(0.9832965806068272, 0.9958292603453894)",1,98.40511435876194,22823
"(0.9291998088543592, 0.9861673414304992)",1,98.4050822481298,22824
"(0.8586166985951469, 0.9861673414304992)",1,98.40506873276816,22825
"(0.8899966931216932, 0.9861310021084456)",1,98.40499964615668,22826
"(0.8733888292158969, 0.9861673414304992)",1,98.4049682989275,22827
"(0.8734313112361893, 0.9861673414304992)",1,98.40493715518024,22828
"(0.9153127183787562, 0.9861673414304992)",2,98.4049131009398,22830
"(0.813515418166581, 0.988167361639188)",1,98.4049012812666,22831
"(0.8877034517510707, 0.9861673414304992)",1,98.40484572548073,22832
"(0.94291309888229, 0.991206314397104)",1,98.40482051270848,22833
"(0.6238255567452281, 1.0)",1,98.40481735996306,22834
"(0.8899966931216932, 0.9861310021084456)",1,98.40481460781147,22835
"(0.2520817505905556, 1.0)",1,98.4048096116842,22836
"(0.8586166985951469, 0.9861673414304992)",3,98.40479925949988,22839
"(0.9436368312757202, 0.9861673414304992)",2,98.40473118796965,22841
"(0.9444901834607716, 0.9861673414304992)",1,98.40468105242536,22842
"(0.8753086419753084, 0.9861310021084456)",1,98.40467291764112,22843
"(0.874450386215092, 0.9861310021084456)",1,98.40422955943924,22844
"(0.828966378966379, 0.9861673414304992)",1,98.40421396025523,22845
"(0.987463247273494, 0.9916666666666668)",1,98.4041411351507,22846
"(0.902898027898028, 0.9861310021084456)",1,98.40413346316788,22847
"(0.8877034517510707, 0.9861310021084456)",3,98.4041249291961,22850
"(0.8586166985951469, 0.9861673414304992)",2,98.40412427659986,22852
"(0.8743078626799556, 0.9861310021084456)",1,98.404101880124,22853
"(0.8840455840455841, 1.0)",1,98.40408368532472,22854
"(0.9015592112551236, 0.9861673414304992)",1,98.4040766300436,22855
"(0.8315416458960965, 0.988167361639188)",1,98.40387874536192,22856
"(0.8813457860512559, 0.9874762808349148)",2,98.40386618720883,22858
"(0.9293300445873568, 0.9873891625615764)",1,98.40370793471332,22859
"(0.8942622047218923, 0.9916339869281046)",1,98.40366038874105,22860
"(0.8883034087952121, 0.9861310021084456)",1,98.40353365861668,22861
"(0.7962102115226081, 0.988167361639188)",1,98.40352858677728,22862
"(0.8586166985951469, 0.9861673414304992)",1,98.40350364866292,22863
"(0.8567210567210567, 0.9861673414304992)",1,98.4033944531753,22864
"(0.9436368312757202, 0.9861673414304992)",1,98.40329918464435,22865
"(0.7729389061386163, 0.988167361639188)",1,98.40315294224612,22866
"(0.8726893261776982, 0.988167361639188)",1,98.4030556871096,22867
"(0.8982888105990573, 0.9834113430318364)",1,98.40296184727248,22868
"(0.3841590381665586, 1.0)",3,98.40293556223703,22871
"(0.81893131227901, 1.0)",1,98.40291656274236,22872
"(0.828966378966379, 0.9861673414304992)",1,98.40288026654984,22873
"(0.9444901834607716, 0.9861673414304992)",1,98.4027937656135,22874
"(0.7675138481590094, 0.986081059422206)",1,98.40277781533612,22875
"(0.9720813204508856, 0.986081059422206)",1,98.40267169924276,22876
"(0.9873891625615764, 0.9958292603453894)",1,98.40266971945718,22877
"(0.9442283950617284, 1.0)",1,98.40263977372344,22878
"(0.9309821833269412, 0.988167361639188)",1,98.40253939056068,22879
"(0.8567210567210567, 0.9861673414304992)",1,98.40236356844711,22880
"(0.9282083232965586, 0.9873891625615764)",1,98.40206192550816,22881
"(0.9503122778456484, 0.987463247273494)",1,98.40185119907125,22882
"(0.7524760273298283, 0.991206314397104)",1,98.40173992014888,22883
"(0.8586166985951469, 0.9861310021084456)",1,98.40169143282834,22884
"(0.902192297684101, 0.9861310021084456)",1,98.40152370818316,22885
"(0.8552744708994707, 0.9861673414304992)",1,98.40152075621336,22886
"(0.7708796965987909, 0.9861673414304992)",1,98.40138709298978,22887
"(0.8586166985951469, 0.9861310021084456)",2,98.4013751777554,22889
"(0.9114218054477384, 0.9873891625615764)",1,98.40134038725913,22890
"(0.8552744708994707, 0.9861673414304992)",1,98.40132730235447,22891
"(0.9835199925522506, 0.9958292603453894)",1,98.40129733433233,22892
"(0.965725087128596, 0.9958292603453894)",1,98.40120381989054,22893
"(0.9792766373411534, 0.9958292603453894)",1,98.40119214640806,22894
"(0.8151249335459861, 1.0)",3,98.4009544705772,22897
"(0.9125533644430458, 0.9873891625615764)",1,98.40064571913491,22898
"(0.9498370804822418, 0.9873891625615764)",1,98.40040626287907,22899
"(0.5891971035837016, 1.0)",3,98.40033418332112,22902
"(0.9209008696342662, 0.9876066164491212)",1,98.40022504382034,22903
"(0.9153127183787562, 0.9861310021084456)",1,98.40013975116727,22904
"(0.8676532769556025, 0.9882048106149588)",1,98.40011279957388,22905
"(0.9664171122994653, 0.9958292603453894)",1,98.39992940340822,22906
"(0.7651777469990767, 0.991206314397104)",1,98.39976431550092,22907
"(0.9301209372637944, 0.9861310021084456)",1,98.3997200445836,22908
"(0.9791332681655264, 0.9958292603453894)",1,98.39971608783608,22909
"(0.9057330122004186, 0.991206314397104)",1,98.39966875919848,22910
"(0.9309821833269412, 0.988167361639188)",1,98.3996189028189,22911
"(0.9750481776288228, 0.9958292603453894)",1,98.39956550190782,22912
"(0.9790693693461476, 0.9958292603453894)",1,98.39942906557437,22913
"(0.8416827657517105, 0.9861310021084456)",1,98.39942820690452,22914
"(0.9876066164491212, 0.9958292603453894)",1,98.39929637845786,22915
"(0.8416827657517105, 0.9861310021084456)",1,98.3991811583442,22916
"(0.8229870141950848, 0.986081059422206)",1,98.39915724583892,22917
"(0.9476043407479208, 1.0)",1,98.39908695890946,22918
"(0.9499687304565352, 0.9833229101521784)",1,98.39899937460916,22919
"(0.9166145507608924, 0.9833229101521784)",1,98.39899937460916,22920
"(1.0, 0.9833229101521784)",2,98.39899937460916,22922
"(0.7729389061386163, 0.988167361639188)",2,98.3989954995135,22924
"(0.9299507899507898, 0.986081059422206)",1,98.3989619485882,22925
"(0.9665831244778612, 0.9833229101521784)",1,98.39893667878268,22926
"(1.0, 0.9833229101521784)",1,98.39893667878268,22927
"(0.7323695788812067, 0.988167361639188)",1,98.39892429719224,22928
"(0.9665831244778612, 0.9833229101521784)",1,98.39887398295618,22929
"(1.0, 0.9833229101521784)",1,98.39887398295618,22930
"(0.7524760273298283, 0.991206314397104)",1,98.39883470183702,22931
"(0.7836974395113928, 0.988167361639188)",1,98.3987259376772,22932
"(0.9452474337657768, 0.9874762808349148)",1,98.39848757597028,22933
"(0.7374768177381903, 0.991206314397104)",1,98.39844078102716,22934
"(0.7479743867590829, 0.986081059422206)",1,98.39840690970546,22935
"(0.7711781618000022, 1.0)",1,98.3983682948685,22936
"(0.9326599326599326, 0.9833229101521784)",1,98.39836766666038,22937
"(0.812557599070401, 1.0)",1,98.39830633770808,22938
"(0.9199973910846122, 0.9873891625615764)",1,98.39816579052508,22939
"(0.8319340617212959, 0.986081059422206)",1,98.39795689189206,22940
"(0.5070372093557577, 1.0)",1,98.39778146563458,22941
"(0.917283950617284, 0.9861673414304992)",1,98.39741398041696,22942
"(0.7647742788871822, 1.0)",1,98.39724674441028,22943
"(0.7673678366541239, 0.9885557944107872)",1,98.3971943527918,22944
"(0.8165509259259259, 1.0)",1,98.39690054121772,22945
"(0.8810064268049709, 0.991206314397104)",1,98.39669371002084,22946
"(0.920238255356524, 0.9832925076188832)",1,98.39655347930632,22947
"(0.9835199925522506, 0.9958292603453894)",1,98.39650720067404,22948
"(0.94484126984127, 0.9861673414304992)",1,98.39647911968429,22949
"(0.8902783631946863, 0.9861673414304992)",1,98.39647605058788,22950
"(0.9230468061350414, 0.9832925076188832)",1,98.39631019719582,22951
"(0.94484126984127, 0.9861673414304992)",1,98.39621158342442,22952
"(0.8249504969211211, 0.988167361639188)",1,98.39613090975412,22953
"(0.9438271604938272, 0.9861673414304992)",1,98.39600786206135,22954
"(0.8736212624584717, 0.9882048106149588)",1,98.39599779971104,22955
"(0.9311507936507936, 0.9861673414304992)",1,98.39599505863475,22956
"(0.5066418935372837, 0.9988619159967322)",1,98.39598198375536,22957
"(0.8432903075760217, 0.986081059422206)",2,98.39593084930766,22959
"(0.835848883169409, 0.988167361639188)",1,98.39583879545262,22960
"(0.9412964149491664, 0.9873891625615764)",1,98.39581115783112,22961
"(0.5208957469413343, 1.0)",1,98.39552041886806,22962
"(0.8063017146213757, 0.9861673414304992)",1,98.39534732544344,22963
"(0.9438271604938272, 0.9861673414304992)",1,98.39525154020782,22964
"(0.9018806250259218, 1.0)",1,98.39522164008211,22965
"(0.9658159033159032, 0.9958292603453894)",1,98.3951536407357,22966
"(0.859499940327008, 0.986081059422206)",1,98.39511131456308,22967
"(0.9609386607489072, 0.9958292603453894)",1,98.3950981351336,22968
"(0.9205517358458536, 0.9873891625615764)",1,98.39505258133264,22969
"(0.9310483384791604, 0.9861673414304992)",1,98.39477765375324,22970
"(0.4775277477297871, 0.9984817852901372)",3,98.39473796914857,22973
"(0.9580331374974232, 1.0)",1,98.39463725758948,22974
"(0.8883678678403513, 0.9861673414304992)",1,98.39460384873465,22975
"(0.8165509259259259, 1.0)",1,98.39454115118129,22976
"(0.9707136080238548, 0.9958292603453894)",1,98.39443908293204,22977
"(0.4319035504296698, 0.9975000781372088)",1,98.39437224337316,22978
"(0.97899550533801, 0.9958292603453894)",1,98.39432169246864,22979
"(0.8604306971015356, 0.9861673414304992)",1,98.3943057273874,22980
"(0.813515418166581, 0.988167361639188)",1,98.39411480995965,22981
"(0.8937718863178524, 0.987463247273494)",1,98.39394760449116,22982
"(0.9017715617715616, 0.9861673414304992)",1,98.39383368198231,22983
"(0.7999088007295942, 0.988167361639188)",2,98.39381233208717,22985
"(0.8879608405415911, 0.988167361639188)",1,98.3937058043785,22986
"(0.9011810599946194, 0.9861673414304992)",1,98.39354452359882,22987
"(0.9032855633136024, 0.9861673414304992)",2,98.3935299884874,22989
"(0.9011810599946194, 0.9861673414304992)",1,98.39344176905794,22990
"(0.9029281534808432, 0.9861673414304992)",1,98.3933419685943,22991
"(0.8310777799491891, 0.9882048106149588)",1,98.39330499371783,22992
"(0.8192305107526882, 0.9861673414304992)",1,98.39328534368715,22993
"(0.7453091184935634, 0.991206314397104)",1,98.39322961472664,22994
"(0.8687499999999999, 0.988167361639188)",1,98.3930461275568,22995
"(0.930124456440246, 0.9861673414304992)",1,98.39301871056551,22996
"(0.972281746031746, 0.9861673414304992)",1,98.39290005799693,22997
"(0.8974984433303618, 0.9873891625615764)",1,98.39284742056536,22998
"(0.9228120179844318, 0.9873891625615764)",1,98.39283863209587,22999
"(0.8860455063826657, 0.9861673414304992)",1,98.39274914889972,23000
"(0.8322510822510822, 0.9861673414304992)",1,98.39271940132056,23001
"(0.8318290279074593, 0.9861673414304992)",1,98.39265376909344,23002
"(0.8814814814814814, 1.0)",1,98.3926291266539,23003
"(0.9620528801064364, 0.9873891625615764)",1,98.39252856537962,23004
"(0.8322510822510822, 0.9861673414304992)",1,98.3924706622619,23005
"(0.8596618357487924, 0.9861673414304992)",1,98.39240098407492,23006
"(0.9017715617715616, 0.9861673414304992)",1,98.39239979085036,23007
"(0.9160264866799612, 0.9861673414304992)",1,98.3923677893978,23008
"(0.9160264866799612, 0.9861673414304992)",1,98.3923422521124,23009
"(0.8996392387758612, 0.9873891625615764)",1,98.39232163056064,23010
"(0.8450980392156864, 0.9861673414304992)",1,98.39231103024647,23011
"(0.7999088007295942, 0.988167361639188)",2,98.39228505558182,23013
"(0.9017715617715616, 0.9861673414304992)",1,98.39227718743416,23014
"(0.8322510822510822, 0.9861673414304992)",1,98.3921893031786,23015
"(0.9503122778456484, 0.9916585206907788)",1,98.39210145234688,23016
"(0.3506832674571805, 0.9977203590215908)",1,98.39209467433392,23017
"(0.8579868984630887, 0.9861673414304992)",1,98.3920688983347,23018
"(0.9958292603453894, 0.9958292603453894)",1,98.39203690919844,23019
"(0.8621031746031745, 0.9861310021084456)",1,98.39193913849442,23020
"(0.8308201058201059, 0.9861673414304992)",2,98.3918731385193,23022
"(0.4894591128631123, 0.9975000781372088)",1,98.39184049644504,23023
"(0.8506653943511476, 0.991206314397104)",1,98.39162513598966,23024
"(0.8315995778682346, 0.9861673414304992)",1,98.39161989687808,23025
"(0.983545503234046, 0.9958292603453894)",1,98.39156187109478,23026
"(0.8860455063826657, 0.9861673414304992)",1,98.39154286602384,23027
"(0.813515418166581, 0.988167361639188)",1,98.39153614252147,23028
"(0.9282083232965586, 0.9873891625615764)",1,98.39148200380284,23029
"(0.9160264866799612, 0.9861673414304992)",1,98.39133910254952,23030
"(0.9199973910846122, 0.9873891625615764)",1,98.39131931299724,23031
"(0.9300671002153482, 0.9861673414304992)",1,98.3913082823921,23032
"(0.9153127183787562, 0.9861673414304992)",1,98.39129938611138,23033
"(0.9172008547008548, 0.9861673414304992)",1,98.3911973309343,23034
"(0.8895414907809527, 0.9861310021084456)",1,98.39119161476827,23035
"(0.8586166985951469, 0.9861673414304992)",2,98.39117342758058,23037
"(0.8315416458960965, 0.988167361639188)",1,98.39116150388377,23038
"(0.8308201058201059, 0.9861673414304992)",2,98.39110626459323,23040
"(0.6384521701955596, 0.991206314397104)",1,98.39105668508932,23041
"(0.8753086419753084, 0.9861310021084456)",1,98.39103665335658,23042
"(0.7651777469990767, 0.991206314397104)",1,98.3910054543303,23043
"(0.8308201058201059, 0.9861673414304992)",1,98.39100189562608,23044
"(0.9243707071934514, 0.9873891625615764)",1,98.39097643089292,23045
"(0.8333192389006343, 0.988167361639188)",1,98.39097275100453,23046
"(0.8586166985951469, 0.9861673414304992)",1,98.390964500705,23047
"(0.4603282383880727, 0.9975)",1,98.39091070309,23048
"(0.8899966931216932, 0.9861310021084456)",2,98.39087468724132,23050
"(0.9466127311522048, 0.991206314397104)",1,98.39080754307632,23051
"(0.8468089381754635, 1.0)",1,98.39063841365912,23052
"(0.331262443438914, 0.9977203590215908)",1,98.3905563504111,23053
"(0.8308201058201059, 0.9861673414304992)",1,98.39054696514089,23054
"(0.8753086419753084, 0.9861310021084456)",1,98.39053392881723,23055
"(0.902898027898028, 0.9861310021084456)",1,98.3905093248604,23056
"(0.9916585206907788, 0.9958292603453894)",1,98.39049662580396,23057
"(0.902192297684101, 0.9861310021084456)",2,98.39048946051676,23059
"(0.887135749940628, 0.9861673414304992)",1,98.3904800919202,23060
"(0.835848883169409, 0.988167361639188)",1,98.39047041986396,23061
"(0.8860455063826657, 0.9861673414304992)",1,98.39045807506744,23062
"(0.8890432098765432, 0.9861673414304992)",1,98.39040513088408,23063
"(0.9299160159815896, 0.9861673414304992)",1,98.39037795026906,23064
"(0.9299160159815896, 0.9861673414304992)",1,98.39032109444236,23065
"(0.9243707071934514, 0.9873891625615764)",2,98.3902462684374,23067
"(0.8101143854687974, 0.986081059422206)",1,98.3902342327555,23068
"(0.6384521701955596, 0.991206314397104)",1,98.39021555902367,23069
"(0.8586166985951469, 0.9861673414304992)",1,98.39017903209354,23070
"(0.902192297684101, 0.9861310021084456)",1,98.39015728636238,23071
"(0.9444901834607716, 0.9861673414304992)",1,98.39012320643889,23072
"(0.6521663785997688, 0.9882048106149588)",1,98.39004315399316,23073
"(0.8883034087952121, 0.9861310021084456)",1,98.38994882024896,23074
"(0.8753086419753084, 0.9861310021084456)",1,98.38994325076152,23075
"(0.813515418166581, 0.988167361639188)",1,98.3898913597279,23076
"(0.8748200797381125, 0.9861310021084456)",1,98.38980074209458,23077
"(0.9438271604938272, 0.9861673414304992)",1,98.3897564793069,23078
"(0.8152898027898028, 0.9861673414304992)",1,98.38974622055431,23079
"(0.8726893261776982, 0.988167361639188)",1,98.3897119342184,23080
"(0.902898027898028, 0.9861310021084456)",1,98.3896854880714,23081
"(0.8883034087952121, 0.9861310021084456)",1,98.38960267942772,23082
"(0.9436368312757202, 0.9861310021084456)",1,98.38943860977498,23083
"(0.8743078626799556, 0.9861310021084456)",1,98.38943353558294,23084
"(0.9301209372637944, 0.9861310021084456)",1,98.3893978918604,23085
"(0.9301209372637944, 0.9861310021084456)",1,98.38938934240409,23086
"(0.9436368312757202, 0.9861673414304992)",1,98.38937724992356,23087
"(0.7999088007295942, 0.988167361639188)",2,98.38932352451208,23089
"(0.94484126984127, 0.9861673414304992)",1,98.3892416862018,23090
"(0.9000757902741809, 0.9861673414304992)",1,98.3892352359918,23091
"(0.8567210567210567, 0.9861673414304992)",1,98.38919213343848,23092
"(0.9398731501057084, 0.988167361639188)",1,98.38917680087218,23093
"(0.9436368312757202, 0.9861310021084456)",2,98.38916221881875,23095
"(0.9301209372637944, 0.9861310021084456)",1,98.3891068758565,23096
"(0.8567210567210567, 0.9861673414304992)",1,98.38910227615423,23097
"(0.8947046219773493, 0.988167361639188)",1,98.38905010654923,23098
"(0.7999088007295942, 0.988167361639188)",1,98.38902978348412,23099
"(0.81893131227901, 1.0)",1,98.38899762216457,23100
"(0.8883034087952121, 0.9861310021084456)",1,98.38884650231694,23101
"(0.8148308968977662, 0.9861673414304992)",1,98.38880848050894,23102
"(0.9658159033159032, 0.9958292603453894)",1,98.38877869828464,23103
"(0.8848000715856217, 0.9861673414304992)",1,98.3886936711784,23104
"(0.9301209372637944, 0.9861310021084456)",1,98.38863305812356,23105
"(0.8010054664946871, 0.9861673414304992)",1,98.3884373941076,23106
"(0.902898027898028, 0.9861310021084456)",2,98.38837577574022,23108
"(0.8879608405415911, 0.988167361639188)",1,98.38835857966689,23109
"(0.950175761409158, 0.987463247273494)",1,98.38831625835869,23110
"(0.4990204708059675, 0.9969573675011548)",1,98.3880484242587,23111
"(0.569178737928738, 0.9996210215628012)",3,98.38797680288128,23114
"(0.8333192389006343, 0.988167361639188)",2,98.38788758927794,23116
"(0.931200007971039, 0.9873891625615764)",1,98.38786431704035,23117
"(0.972281746031746, 0.9861310021084456)",1,98.38783207664588,23118
"(0.8581022152450725, 0.9861310021084456)",1,98.38774425730593,23119
"(0.859499940327008, 0.986081059422206)",1,98.3876786638246,23120
"(0.7708796965987909, 0.9861673414304992)",2,98.38762890014824,23122
"(0.7999088007295942, 0.988167361639188)",1,98.38720574824028,23123
"(0.940928587432546, 0.9832184229069656)",1,98.38711115339602,23124
"(0.837707400507675, 1.0)",1,98.3870734694162,23125
"(0.8947046219773493, 0.988167361639188)",1,98.38691703419988,23126
"(0.8552744708994707, 0.9861673414304992)",1,98.38690062913292,23127
"(0.9833211143695014, 0.9958292603453894)",1,98.38688822218266,23128
"(0.966870220228854, 0.9873891625615764)",1,98.38687790265806,23129
"(0.9498370804822418, 0.9873891625615764)",1,98.38672891977777,23130
"(0.9153127183787562, 0.9861310021084456)",1,98.38660976627366,23131
"(0.813515418166581, 0.988167361639188)",1,98.38655635747928,23132
"(0.620130835563485, 0.991206314397104)",1,98.38654769532955,23133
"(0.4994316028798788, 1.0)",1,98.3864883982065,23134
"(0.893146638589877, 0.9882048106149588)",1,98.38607604190824,23135
"(0.940928587432546, 0.9832925076188832)",2,98.38598127638832,23137
"(0.826014261810135, 0.9861673414304992)",1,98.38588704610764,23138
"(0.8726893261776982, 0.988167361639188)",1,98.38587377355071,23139
"(0.8390424521630195, 0.9861673414304992)",1,98.38574815948732,23140
"(0.553156146179402, 0.9882048106149588)",1,98.38570989058012,23141
"(0.8390424521630195, 0.9861673414304992)",2,98.38542955556188,23143
"(0.6441596240332035, 1.0)",2,98.38534929963946,23145
"(1.0, 0.9958292603453894)",1,98.38530034116654,23146
"(0.8319340617212959, 0.986081059422206)",2,98.38494075635532,23148
"(0.9445235834124724, 1.0)",1,98.3848784442955,23149
"(0.8416827657517105, 0.9861310021084456)",1,98.38462583801676,23150
"(0.8552744708994707, 0.9861310021084456)",2,98.38459684945046,23152
"(0.9301209372637944, 0.9861310021084456)",1,98.38456679894192,23153
"(0.80285509389987, 0.986081059422206)",1,98.38454380437432,23154
"(0.8810064268049709, 0.991206314397104)",1,98.3845358294547,23155
"(0.8416827657517105, 0.9861310021084456)",1,98.38446093611718,23156
"(0.7404350561362756, 0.9861673414304992)",1,98.38443679200844,23157
"(0.7404350561362756, 0.9861673414304992)",1,98.3844004526864,23158
"(0.7479743867590829, 0.986081059422206)",1,98.38431054595048,23159
"(0.4495135398715946, 0.9984817852901372)",3,98.38419889124428,23162
"(0.94291309888229, 0.991206314397104)",1,98.38403414003032,23163
"(0.7323695788812067, 0.988167361639188)",1,98.38397925026992,23164
"(0.9747273037595618, 0.9958292603453894)",2,98.3838754919938,23166
"(0.7524760273298283, 0.991206314397104)",2,98.3838201895024,23168
"(0.932201731346617, 0.988167361639188)",1,98.38378317269331,23169
"(0.7404350561362756, 0.9861673414304992)",1,98.38332673868976,23170
"(0.9230468061350414, 0.9834113430318364)",2,98.38327496460217,23172
"(0.9833229101521784, 0.9833229101521784)",1,98.38315357827555,23173
"(0.934122934122934, 0.9833229101521784)",1,98.38309088244908,23174
"(0.8872426490351017, 0.986081059422206)",1,98.38287060592056,23175
"(1.0, 0.9833229101521784)",1,98.38274963518867,23176
"(1.0, 0.9833229101521784)",1,98.38270943148996,23177
"(0.224271508570455, 0.9977203590215908)",1,98.3826126318398,23178
"(1.0, 0.9958292603453894)",1,98.3826049537436,23179
"(0.9331662489557224, 0.9833229101521784)",1,98.38258403983696,23180
"(0.6384521701955596, 0.991206314397104)",1,98.3825538138734,23181
"(0.7323695788812067, 0.988167361639188)",1,98.382411985814,23182
"(0.7999088007295942, 0.988167361639188)",2,98.3823368570628,23184
"(1.0, 0.9833229101521784)",2,98.38232228476134,23186
"(0.9665831244778612, 0.9833229101521784)",3,98.38228043529716,23189
"(0.4049163909196675, 0.9996210215628012)",1,98.38223170770772,23190
"(1.0, 0.9833229101521784)",1,98.38219689310836,23191
"(0.4567442396313363, 0.9987499746026686)",1,98.38194795278844,23192
"(0.9384174012481092, 0.9916666666666668)",1,98.38191002483778,23193
"(0.7999088007295942, 0.988167361639188)",1,98.38188062663842,23194
"(0.751080181203132, 0.9861673414304992)",1,98.38169659556029,23195
"(0.9326599326599326, 0.9833229101521784)",4,98.38169057681256,23199
"(0.5928990683056109, 1.0)",1,98.381542915338,23200
"(0.9498370804822418, 0.9873891625615764)",1,98.38151394631338,23201
"(0.8459898961734945, 0.9882048106149588)",1,98.3814136301156,23202
"(0.8506653943511476, 0.991206314397104)",1,98.38140446235047,23203
"(0.7999088007295942, 0.988167361639188)",1,98.38123601529468,23204
"(0.8333192389006343, 0.988167361639188)",1,98.38112490606628,23205
"(1.0, 0.9833229101521784)",1,98.38105164934436,23206
"(0.9153439153439156, 0.9833229101521784)",1,98.38105164934436,23207
"(0.7729389061386163, 0.988167361639188)",1,98.38097933806802,23208
"(0.8751897860593512, 0.9861673414304992)",1,98.38092935674769,23209
"(0.8194074731341813, 0.9861673414304992)",1,98.38091785691684,23210
"(0.8751897860593512, 0.9861673414304992)",1,98.38084308085212,23211
"(0.9262130464282252, 0.991206314397104)",1,98.3807758738034,23212
"(0.9496114574862204, 0.9916339869281046)",1,98.38068139315254,23213
"(0.7999088007295942, 0.988167361639188)",1,98.38059757290496,23214
"(0.8432903075760217, 0.986081059422206)",2,98.38051071531466,23216
"(0.6784722222222224, 1.0)",1,98.3803795585958,23217
"(0.4009727434617732, 0.9992416608232524)",3,98.38031379543858,23220
"(0.9153127183787562, 0.9861673414304992)",1,98.3801243381017,23221
"(0.972420634920635, 0.9861673414304992)",2,98.38005061474948,23223
"(0.7449564180930641, 0.986081059422206)",1,98.3799747200588,23224
"(0.8596618357487924, 0.9861673414304992)",1,98.37982341992792,23225
"(0.7449564180930641, 0.986081059422206)",1,98.37976982707916,23226
"(0.4590791029805835, 1.0)",1,98.37971343071806,23227
"(0.9441468253968254, 0.9861673414304992)",1,98.37968877483716,23228
"(0.9019292060258446, 0.9861673414304992)",2,98.3795442601448,23230
"(0.94291309888229, 0.991206314397104)",1,98.37942411310708,23231
"(0.7168719671519223, 0.991206314397104)",2,98.37941528735408,23233
"(0.9311507936507936, 0.9861673414304992)",1,98.37937534137404,23234
"(0.4795837122630575, 0.9988619159967322)",1,98.37929460086694,23235
"(0.9029281534808432, 0.9861673414304992)",1,98.37925714077352,23236
"(0.7772049591964847, 0.9861673414304992)",1,98.37913130665868,23237
"(0.9580331374974232, 1.0)",1,98.37906796154527,23238
"(0.8877034517510707, 0.9861673414304992)",1,98.37906582561044,23239
"(0.9412964149491664, 0.9873891625615764)",1,98.37906181539064,23240
"(0.9162596992611264, 0.9861673414304992)",1,98.37899391205356,23241
"(0.7651777469990767, 0.991206314397104)",1,98.37891471624616,23242
"(0.7999088007295942, 0.988167361639188)",1,98.37887940329396,23243
"(0.7962102115226081, 0.988167361639188)",1,98.37880636361484,23244
"(0.9705196174266384, 0.9958292603453894)",1,98.37874337928304,23245
"(0.9300671002153482, 0.9861673414304992)",1,98.37873718419635,23246
"(0.9444901834607716, 0.9861673414304992)",1,98.37863954693044,23247
"(0.9177366931314298, 0.9832184229069656)",2,98.37861788445188,23249
"(0.9299160159815896, 0.9861673414304992)",1,98.37849338808492,23250
"(0.6384521701955596, 0.991206314397104)",1,98.37840678961462,23251
"(0.9916625936787228, 0.9958292603453894)",1,98.3783076773317,23252
"(0.987491854024112, 0.9958292603453894)",2,98.37819408953496,23254
"(0.9011810599946194, 0.9861673414304992)",1,98.37817248497608,23255
"(0.8579868984630887, 0.9861673414304992)",1,98.37816803576392,23256
"(0.8899966931216932, 0.9861310021084456)",1,98.37800651392205,23257
"(0.9412964149491664, 0.9873891625615764)",1,98.37790207875771,23258
"(0.8877034517510707, 0.9861673414304992)",1,98.37787943371812,23259
"(0.7000013129045387, 1.0)",2,98.37786760639916,23261
"(0.9026337658413128, 0.9861673414304992)",1,98.37785363702424,23262
"(0.7999088007295942, 0.988167361639188)",2,98.37784804948772,23264
"(0.81893131227901, 1.0)",1,98.37782685851047,23265
"(0.8065954953750508, 0.9882048106149588)",1,98.37777061428038,23266
"(0.9299160159815896, 0.9861673414304992)",1,98.37772548520138,23267
"(0.9262130464282252, 0.991206314397104)",1,98.37760007704892,23268
"(0.9153127183787562, 0.9861673414304992)",1,98.37759931931504,23269
"(0.978848063174439, 0.9958292603453894)",1,98.37742175274236,23270
"(0.9299160159815896, 0.9861673414304992)",1,98.37733419185406,23271
"(0.9440529448756316, 0.9861673414304992)",1,98.37733181004586,23272
"(0.8308201058201059, 0.9861673414304992)",1,98.37729932417916,23273
"(0.9299160159815896, 0.9861673414304992)",2,98.37723593515018,23275
"(0.8586166985951469, 0.9861673414304992)",1,98.37715020833843,23276
"(0.8734313112361893, 0.9861673414304992)",2,98.3770976372928,23278
"(0.7673678366541239, 0.9882048106149588)",1,98.3770383536574,23279
"(0.4937776876667119, 0.9974998905914936)",1,98.3770161124968,23280
"(0.9536653605723816, 0.9958292603453894)",1,98.3769956906388,23281
"(0.6061667529199264, 0.9996210215628012)",3,98.37683544576876,23284
"(0.8621031746031745, 0.9861310021084456)",1,98.3768158208,23285
"(0.9301209372637944, 0.9861310021084456)",1,98.37680797475126,23286
"(0.902898027898028, 0.9861310021084456)",1,98.37680083744262,23287
"(0.8586166985951469, 0.9861673414304992)",1,98.37674433480588,23288
"(0.93795454842108, 0.9873891625615764)",1,98.37673469475986,23289
"(0.8874191651969431, 0.9861673414304992)",2,98.3765753946527,23291
"(0.8445669351307097, 0.9861673414304992)",1,98.37647486441033,23292
"(0.7323695788812067, 0.988167361639188)",1,98.37646256425946,23293
"(0.8567210567210567, 0.9861673414304992)",1,98.37633919798508,23294
"(0.8716153127917834, 0.9861673414304992)",1,98.37616199519312,23295
"(0.8056354979267693, 0.9861310021084456)",1,98.37613231772724,23296
"(0.902192297684101, 0.9861310021084456)",1,98.37612778353508,23297
"(0.4847252958987063, 0.9987499746026686)",1,98.37612772033486,23298
"(0.828966378966379, 0.9861673414304992)",1,98.37608170960772,23299
"(0.8874191651969431, 0.9861673414304992)",1,98.3759823360264,23300
"(0.8552744708994707, 0.9861673414304992)",1,98.37579417065363,23301
"(0.8567210567210567, 0.9861673414304992)",1,98.3757715919738,23302
"(0.5078921924099589, 0.9996210215628012)",1,98.37574525364224,23303
"(0.9243707071934514, 0.9873891625615764)",1,98.37570414657291,23304
"(0.8883034087952121, 0.9861310021084456)",1,98.37558955679576,23305
"(0.4585755850187953, 0.9974998905914936)",1,98.37545331695608,23306
"(0.8148308968977662, 0.9861673414304992)",1,98.3753978010308,23307
"(0.8694224991654613, 0.988167361639188)",1,98.37537689773396,23308
"(0.9497171590194846, 1.0)",1,98.37535518520278,23309
"(0.5004274455385378, 0.9975000781372088)",1,98.37530305552886,23310
"(0.9301209372637944, 0.9861310021084456)",1,98.37528898858795,23311
"(0.8743078626799556, 0.9861310021084456)",2,98.37522009694544,23313
"(0.828966378966379, 0.9861673414304992)",1,98.3752130715666,23314
"(0.9301209372637944, 0.9861310021084456)",2,98.3751934034316,23316
"(0.7524760273298283, 0.991206314397104)",2,98.37513092899282,23318
"(0.8871082621082622, 0.9861310021084456)",1,98.37507297799104,23319
"(0.8748200797381125, 0.9861310021084456)",1,98.37504604146794,23320
"(0.940928587432546, 0.987463247273494)",1,98.37498346883002,23321
"(0.8592711301044633, 0.9861310021084456)",1,98.37494438820264,23322
"(0.8996392387758612, 0.9873891625615764)",1,98.37486388881706,23323
"(0.9418479305417444, 0.988167361639188)",1,98.3748079994513,23324
"(0.8308201058201059, 0.9861310021084456)",3,98.37478237846358,23327
"(0.8847822547822548, 0.9861673414304992)",1,98.37475948414162,23328
"(0.8586166985951469, 0.9861673414304992)",2,98.3746487617198,23330
"(0.9436368312757202, 0.9861673414304992)",1,98.37458619875405,23331
"(0.90650529457547, 0.9873891625615764)",1,98.37456809143546,23332
"(0.2954225865399132, 0.9992416608232524)",3,98.37443533873122,23335
"(0.8734313112361893, 0.9861673414304992)",1,98.37439142843628,23336
"(0.7856964763329513, 0.9861673414304992)",1,98.37437740867004,23337
"(0.7647742788871822, 1.0)",1,98.37434013790664,23338
"(0.7729389061386163, 0.988167361639188)",1,98.3742976427858,23339
"(0.304184857695496, 0.9961927960732532)",1,98.37425123516115,23340
"(0.8743078626799556, 0.9861310021084456)",1,98.37422683162588,23341
"(0.8880748880748881, 0.9861310021084456)",1,98.37422368145144,23342
"(0.81893131227901, 1.0)",1,98.37409104733314,23343
"(0.8552744708994707, 0.9861673414304992)",1,98.3740347024376,23344
"(0.7856964763329513, 0.9861673414304992)",1,98.37385891969258,23345
"(0.7708796965987909, 0.9861673414304992)",1,98.37384406723248,23346
"(0.9831777451938742, 0.9958292603453894)",1,98.37361493349596,23347
"(0.8552744708994707, 0.9861673414304992)",2,98.3735640598824,23349
"(0.8552744708994707, 0.9861673414304992)",1,98.37346629891286,23350
"(0.7977749180480272, 0.9861673414304992)",1,98.37344975668834,23351
"(0.8586166985951469, 0.9861673414304992)",2,98.37337988554444,23353
"(0.8552744708994707, 0.9861673414304992)",1,98.3733774991718,23354
"(0.940928587432546, 0.9834113430318364)",1,98.37335947117508,23355
"(0.9199973910846122, 0.9873891625615764)",1,98.37333448752922,23356
"(0.8715701474388204, 0.9861310021084456)",1,98.37327306683922,23357
"(0.8587195484254307, 0.9861310021084456)",1,98.37325601767556,23358
"(0.8586166985951469, 0.9861310021084456)",1,98.37286816520636,23359
"(0.902898027898028, 0.9861310021084456)",1,98.37280831216854,23360
"(0.7965746171391332, 1.0)",2,98.37264089459534,23362
"(0.6050868628167587, 0.9996210215628012)",1,98.3726271500936,23363
"(0.8937718863178524, 0.9874877810361682)",1,98.37260514817312,23364
"(0.826014261810135, 0.9861673414304992)",1,98.37219170684736,23365
"(0.8478418336329888, 0.991206314397104)",1,98.3721791092295,23366
"(0.7647742788871822, 1.0)",1,98.37203475022608,23367
"(0.972281746031746, 0.9861673414304992)",1,98.37199132529972,23368
"(0.9017715617715616, 0.9861673414304992)",1,98.37159545133244,23369
"(0.9476043407479208, 1.0)",1,98.37153280900648,23370
"(0.8736897274633123, 0.986081059422206)",1,98.3715310222019,23371
"(0.8165509259259259, 1.0)",1,98.37134232529073,23372
"(0.826014261810135, 0.9861673414304992)",1,98.37127648606952,23373
"(0.3506832674571805, 0.9992416608232524)",3,98.37122816631693,23376
"(0.6575398846941737, 0.9882048106149588)",1,98.3710659049937,23377
"(0.7524760273298283, 0.991206314397104)",1,98.37104815131752,23378
"(0.9445235834124724, 1.0)",1,98.37100944640396,23379
"(0.8390424521630195, 0.9861673414304992)",1,98.37098046272686,23380
"(0.7404350561362756, 0.9861673414304992)",1,98.370919705658,23381
"(0.7404350561362756, 0.9861673414304992)",1,98.37074849534574,23382
"(0.7632275132275131, 0.986081059422206)",1,98.37064604903487,23383
"(0.7802197802197803, 1.0)",1,98.37061340652497,23384
"(0.9301209372637944, 0.9861310021084456)",1,98.37061129671638,23385
"(0.8942622047218923, 0.9873891625615764)",1,98.37059863463249,23386
"(0.8390424521630195, 0.9861673414304992)",1,98.37038858587958,23387
"(0.931200007971039, 0.9873891625615764)",1,98.3703049982432,23388
"(0.9205517358458536, 0.9873891625615764)",1,98.3701466162449,23389
"(0.7574146783449108, 0.9882048106149588)",1,98.37014338586252,23390
"(0.8694224991654613, 0.988167361639188)",2,98.3698403323861,23392
"(0.8586166985951469, 0.9861673414304992)",1,98.36978513020544,23393
"(0.8218185392856778, 0.9861673414304992)",1,98.36970973769664,23394
"(0.7323695788812067, 0.988167361639188)",2,98.36952935729148,23396
"(0.7183489076634237, 0.986081059422206)",1,98.36937723296543,23397
"(0.7323695788812067, 0.988167361639188)",1,98.369140790103,23398
"(0.9026337658413128, 0.9861673414304992)",1,98.36908364597907,23399
"(0.9498370804822418, 0.9873891625615764)",1,98.3687432980814,23400
"(0.8083006382088302, 0.9861673414304992)",1,98.3685825000184,23401
"(0.9282083232965586, 0.9873891625615764)",1,98.36848573378342,23402
"(0.8432903075760217, 0.986081059422206)",2,98.36821396347024,23404
"(0.751080181203132, 0.9861673414304992)",3,98.36799732058051,23407
"(0.751080181203132, 0.9861673414304992)",1,98.36766208121064,23408
"(0.8071948928825261, 0.9861673414304992)",1,98.36753127514888,23409
"(0.950175761409158, 0.987463247273494)",1,98.36752343144964,23410
"(0.3841590381665586, 0.9981012669018314)",1,98.36746138995048,23411
"(0.9309821833269412, 0.988167361639188)",1,98.3674197644079,23412
"(0.751080181203132, 0.9861673414304992)",1,98.3673701557326,23413
"(0.3024053266749896, 1.0)",1,98.3673109862645,23414
"(0.751080181203132, 0.9861673414304992)",1,98.36730758197014,23415
"(0.8315416458960965, 0.988167361639188)",1,98.36706576156784,23416
"(0.8751897860593512, 0.9861673414304992)",1,98.36704086553466,23417
"(0.7673678366541239, 0.9882048106149588)",1,98.3668165993222,23418
"(0.917283950617284, 0.9861673414304992)",1,98.36666340433813,23419
"(0.9041196741854636, 0.991206314397104)",1,98.36665437092464,23420
"(0.9168478260869564, 0.9861673414304992)",1,98.3665978428041,23421
"(1.0, 0.9833229101521784)",1,98.36649989576824,23422
"(0.7436755530346001, 0.986081059422206)",1,98.36648476116645,23423
"(1.0, 0.9833229101521784)",1,98.36647648842774,23424
"(0.7075825156110616, 0.991206314397104)",1,98.36643108364876,23425
"(1.0, 0.9833229101521784)",3,98.36640956153154,23428
"(0.91326516498939, 0.9873891625615764)",1,98.366011919734,23429
"(0.9665831244778612, 0.9833229101521784)",1,98.36600984951436,23430
"(0.7729389061386163, 0.988167361639188)",2,98.36589393853176,23432
"(0.9916625936787228, 0.9958292603453894)",1,98.36569574951386,23433
"(0.9333333333333332, 0.9833229101521784)",1,98.36568688763812,23434
"(0.9172008547008548, 0.9861673414304992)",2,98.36567329522666,23436
"(0.835848883169409, 0.988167361639188)",1,98.3656635710564,23437
"(1.0, 0.9833229101521784)",4,98.36564519491353,23441
"(0.9499687304565352, 0.9833229101521784)",1,98.36564519491353,23442
"(0.9166145507608924, 0.9833229101521784)",1,98.36564519491353,23443
"(0.9333333333333332, 0.9833229101521784)",2,98.36562419181163,23445
"(0.9017715617715616, 0.9861673414304992)",1,98.36560368555551,23446
"(0.9665831244778612, 0.9833229101521784)",2,98.36560334544932,23448
"(0.9499687304565352, 0.9833229101521784)",1,98.36558249908704,23449
"(0.9665831244778612, 0.9833229101521784)",1,98.36554064962284,23450
"(0.9032855633136024, 0.9861673414304992)",1,98.36552887758216,23451
"(0.9791388745136372, 0.9958292603453894)",1,98.36552168718876,23452
"(0.9499687304565352, 0.9833229101521784)",1,98.36539362347646,23453
"(0.9262130464282252, 0.991206314397104)",1,98.36539237326622,23454
"(0.9172008547008548, 0.9861673414304992)",1,98.36522753196898,23455
"(0.8193419055822156, 0.9861673414304992)",1,98.36520648678528,23456
"(0.9161952650324744, 0.9833229101521784)",1,98.3651632133586,23457
"(0.751080181203132, 0.9861310021084456)",1,98.36479946023978,23458
"(0.9029281534808432, 0.9861673414304992)",1,98.3647988000089,23459
"(0.9177366931314298, 0.987463247273494)",1,98.36475500603837,23460
"(0.765692887308966, 0.9861310021084456)",1,98.3646675194184,23461
"(0.9374843410636878, 0.9832925076188832)",2,98.36464969471952,23463
"(0.8860455063826657, 0.9861673414304992)",1,98.36459806493616,23464
"(0.620130835563485, 0.991206314397104)",1,98.36449572611332,23465
"(0.6790046775554023, 1.0)",1,98.36445095965573,23466
"(0.7612958226768967, 1.0)",1,98.3643247082549,23467
"(0.97495917428555, 0.9958292603453894)",1,98.36430746363378,23468
"(0.8308201058201059, 0.9861673414304992)",1,98.3642732314012,23469
"(0.9748524098350704, 0.9958292603453894)",1,98.36419449676764,23470
"(0.8490208544183524, 0.9861310021084456)",2,98.36417936339588,23472
"(0.9026337658413128, 0.9861673414304992)",1,98.36417825541226,23473
"(0.9017715617715616, 0.9861673414304992)",2,98.36416561454293,23475
"(0.8308201058201059, 0.9861673414304992)",2,98.36403511959604,23477
"(0.987463247273494, 0.9958292603453894)",1,98.3639921825813,23478
"(0.8308201058201059, 0.9861673414304992)",1,98.363980376544,23479
"(0.9008025849489264, 1.0)",1,98.3637451094656,23480
"(0.9041196741854636, 0.991206314397104)",1,98.36372267905884,23481
"(0.8876473063973064, 0.9861673414304992)",1,98.36371556019122,23482
"(0.91326516498939, 0.9873891625615764)",1,98.36369207475929,23483
"(0.9011810599946194, 0.9861673414304992)",1,98.36363780411966,23484
"(0.8860455063826657, 0.9861673414304992)",1,98.36349890220824,23485
"(0.9832965806068272, 0.9958292603453894)",1,98.36349612788064,23486
"(0.9309563801089225, 0.9861310021084456)",1,98.36343153875636,23487
"(0.8734313112361893, 0.9861673414304992)",1,98.36342619347744,23488
"(0.9011810599946194, 0.9861673414304992)",1,98.36328716249474,23489
"(0.8586166985951469, 0.9861673414304992)",1,98.3632658709792,23490
"(0.8860455063826657, 0.9861673414304992)",1,98.36323635273254,23491
"(0.9546499948224086, 0.9958292603453894)",1,98.36322092567626,23492
"(0.6042502004811546, 0.9882048106149588)",1,98.36321207955936,23493
"(0.972281746031746, 0.9861673414304992)",1,98.36314138510612,23494
"(0.8621031746031745, 0.9861310021084456)",1,98.36309552302434,23495
"(0.8609273664420722, 0.9861310021084456)",1,98.36309113090756,23496
"(0.9153127183787562, 0.9861673414304992)",1,98.36308797292106,23497
"(0.7524760273298283, 0.991206314397104)",1,98.36302895779347,23498
"(0.7374768177381903, 0.991206314397104)",1,98.36301557360204,23499
"(0.7323695788812067, 0.988167361639188)",1,98.3630110894459,23500
"(0.8753086419753084, 0.9861310021084456)",1,98.36296835277425,23501
"(0.8308201058201059, 0.9861673414304992)",1,98.3629403647404,23502
"(0.2372024545510323, 0.9992416608232524)",3,98.36292918040056,23505
"(0.8567210567210567, 0.9861673414304992)",1,98.36283513758995,23506
"(0.9916585206907788, 0.9958292603453894)",1,98.36282063132803,23507
"(0.972281746031746, 0.9861673414304992)",1,98.36277474060158,23508
"(0.8586166985951469, 0.9861673414304992)",1,98.36273646013512,23509
"(0.8586166985951469, 0.9861673414304992)",1,98.36273182990088,23510
"(0.8743078626799556, 0.9861310021084456)",1,98.3626466074104,23511
"(0.9017715617715616, 0.9861673414304992)",1,98.36260345096072,23512
"(0.8880748880748881, 0.9861310021084456)",1,98.3625093022486,23513
"(0.9436368312757202, 0.9861673414304992)",1,98.36250105617184,23514
"(0.9311507936507936, 0.9861673414304992)",1,98.3624941865622,23515
"(0.828966378966379, 0.9861673414304992)",1,98.36246496903932,23516
"(0.8567210567210567, 0.9861673414304992)",1,98.36243547603668,23517
"(0.9146901709401708, 0.9861310021084456)",2,98.36234668543338,23519
"(0.8970129352925051, 0.9873891625615764)",1,98.3622644310264,23520
"(0.8308201058201059, 0.9861673414304992)",1,98.3622574993028,23521
"(0.7168719671519223, 0.991206314397104)",1,98.36212877662348,23522
"(0.8716153127917834, 0.9861673414304992)",1,98.36211602073242,23523
"(0.8547756205106323, 1.0)",1,98.36210698248216,23524
"(0.8586166985951469, 0.9861673414304992)",1,98.36180707815996,23525
"(0.8753086419753084, 0.9861310021084456)",1,98.36179233843802,23526
"(0.902898027898028, 0.9861310021084456)",1,98.36178606133504,23527
"(0.8044914258149553, 0.9861310021084456)",1,98.36161324218904,23528
"(0.8879608405415911, 0.988167361639188)",1,98.36154343891825,23529
"(0.507482960719107, 0.9950001562744178)",1,98.36153793025396,23530
"(0.8586166985951469, 0.9861673414304992)",2,98.36153164479974,23532
"(0.9460547122074636, 0.9874762808349148)",1,98.36146737251062,23533
"(0.8847822547822548, 0.9861673414304992)",2,98.36139512702606,23535
"(0.9199973910846122, 0.9873891625615764)",1,98.36129853944092,23536
"(0.8445669351307097, 0.9861673414304992)",1,98.3612952923416,23537
"(0.972281746031746, 0.9861310021084456)",1,98.36120690414874,23538
"(0.8743078626799556, 0.9861310021084456)",1,98.36117610927984,23539
"(0.8847822547822548, 0.9861673414304992)",2,98.36114813973376,23541
"(0.2811816899753203, 1.0)",3,98.361082259831,23544
"(0.9501005812039314, 0.9832925076188832)",1,98.36107605508924,23545
"(0.8847822547822548, 0.9861673414304992)",1,98.36101277763176,23546
"(0.972420634920635, 0.9861673414304992)",1,98.36097832440429,23547
"(0.436911946168762, 0.9984817852901372)",3,98.36089512950716,23550
"(0.8753086419753084, 0.9861310021084456)",1,98.36088841155446,23551
"(0.9057330122004186, 0.991206314397104)",1,98.36080481959496,23552
"(0.427353566183177, 0.9962500644653132)",3,98.36079229621416,23555
"(0.7374768177381903, 0.991206314397104)",1,98.36064538952436,23556
"(0.8552744708994707, 0.9861673414304992)",1,98.36062267855968,23557
"(0.8877034517510707, 0.9861673414304992)",1,98.3605198213674,23558
"(0.8743078626799556, 0.9861310021084456)",1,98.36046877220384,23559
"(0.9301209372637944, 0.9861310021084456)",1,98.3603133473104,23560
"(0.9230468061350414, 0.987463247273494)",1,98.36005010979348,23561
"(0.8229870141950848, 1.0)",1,98.35976541166636,23562
"(0.6378166586499919, 1.0)",1,98.35975654968291,23563
"(0.8883034087952121, 0.9861310021084456)",1,98.359614614646,23564
"(0.874450386215092, 0.9861310021084456)",1,98.35952153792272,23565
"(0.8935211759471547, 0.9873891625615764)",1,98.35942728339715,23566
"(0.8124923632552741, 0.9861673414304992)",2,98.35931627048984,23568
"(0.9034438470728792, 0.9958292603453894)",1,98.35929109755143,23569
"(0.91326516498939, 0.9873891625615764)",1,98.35919869606842,23570
"(0.6636745887678723, 1.0)",1,98.35879411198468,23571
"(0.4743478079735079, 0.9992416608232524)",1,98.35869404756475,23572
"(0.5137804501709824, 0.9996210215628012)",3,98.35858556654564,23575
"(0.9579305879305878, 0.9861310021084456)",1,98.3585522671426,23576
"(0.9860411258716344, 0.9861310021084456)",2,98.35853298912902,23578
"(0.902192297684101, 0.9861310021084456)",1,98.35847198712068,23579
"(0.7000013129045387, 1.0)",1,98.3584413591444,23580
"(0.8970129352925051, 0.9873891625615764)",1,98.35843050565812,23581
"(0.8390424521630195, 0.9861673414304992)",1,98.35825147031017,23582
"(0.8552744708994707, 0.9861673414304992)",1,98.35820618937872,23583
"(0.7837606837606838, 0.9861673414304992)",2,98.3580512225526,23585
"(0.8390424521630195, 0.9861673414304992)",2,98.35794952586116,23587
"(0.4976057427443008, 0.9975000781372088)",1,98.3578946395848,23588
"(0.6804620726495727, 0.986081059422206)",1,98.3577082105988,23589
"(0.7999088007295942, 0.988167361639188)",1,98.3573887576288,23590
"(0.4012260196502799, 0.9988619159967322)",3,98.35683973142714,23593
"(0.4673343159733596, 0.9974998905914936)",1,98.35679200571651,23594
"(0.5126865457302712, 0.9977203590215908)",1,98.35662938844514,23595
"(0.7962102115226081, 0.988167361639188)",1,98.35658747406158,23596
"(0.4268899127926591, 1.0)",3,98.35655304402978,23599
"(0.7372334455667788, 1.0)",1,98.3565115792415,23600
"(0.7479743867590829, 0.986081059422206)",1,98.3564595731231,23601
"(0.8288781777971894, 0.9861673414304992)",1,98.35640308874542,23602
"(0.8416827657517105, 0.9861310021084456)",1,98.35636977519242,23603
"(0.5891971035837016, 1.0)",3,98.35635395815837,23606
"(0.7404350561362756, 0.9861673414304992)",1,98.3563090564747,23607
"(0.9706172005998612, 0.9958292603453894)",1,98.356192633746,23608
"(0.9301209372637944, 0.9861310021084456)",2,98.35611137773957,23610
"(0.3188477500068535, 0.9981012669018314)",3,98.35597657204778,23613
"(0.93795454842108, 0.9873891625615764)",1,98.35597174071032,23614
"(0.8761383419447936, 0.9873891625615764)",1,98.3558678343079,23615
"(0.983545503234046, 1.0)",1,98.35583226303235,23616
"(0.9832965806068272, 1.0)",1,98.35577812652278,23617
"(0.8733799478600891, 0.9834113430318364)",1,98.35575037857416,23618
"(0.9440529448756316, 0.9861673414304992)",1,98.3556038913306,23619
"(0.8947046219773493, 0.988167361639188)",1,98.3554202330422,23620
"(0.9916585206907788, 0.9958292603453894)",1,98.35534954356557,23621
"(0.8761383419447936, 0.9873891625615764)",1,98.3551220721134,23622
"(0.7833537331701346, 0.988167361639188)",1,98.35490900170176,23623
"(0.9720813204508856, 0.986081059422206)",1,98.3547005654004,23624
"(0.9018806250259218, 1.0)",1,98.35449711469826,23625
"(0.9310483384791604, 0.9861673414304992)",1,98.35444939122604,23626
"(0.9017715617715616, 0.9861673414304992)",1,98.35443949833552,23627
"(0.518883018547448, 0.9973390598305516)",3,98.35441609020928,23630
"(0.9543883398911862, 0.9958292603453894)",1,98.3543788939688,23631
"(0.9028964862298196, 0.9861673414304992)",2,98.35435734525949,23633
"(0.8982888105990573, 0.9832925076188832)",1,98.35431196761944,23634
"(0.9079075500409146, 0.9834113430318364)",1,98.35425190322913,23635
"(0.9707136080238548, 0.9958292603453894)",2,98.3541194740951,23637
"(0.8344065656565657, 0.9861673414304992)",1,98.35403482252106,23638
"(0.8877034517510707, 0.9861673414304992)",1,98.35394428344792,23639
"(0.9748524098350704, 0.9958292603453894)",1,98.35392683339424,23640
"(0.6886904761904762, 1.0)",1,98.35389309823766,23641
"(0.8997493734335841, 1.0)",1,98.35388591102952,23642
"(0.476767449342614, 0.9988619159967322)",3,98.35335196002738,23645
"(0.7075825156110616, 0.991206314397104)",1,98.35312635537106,23646
"(0.9310483384791604, 0.9861673414304992)",1,98.35308725294782,23647
"(0.8432903075760217, 0.986081059422206)",1,98.35303405788656,23648
"(0.8249504969211211, 0.988167361639188)",1,98.35301131207534,23649
"(0.9834358767945106, 0.9958292603453894)",1,98.35298337349651,23650
"(0.9198255060602112, 0.9916585206907788)",1,98.35272975397883,23651
"(0.8432903075760217, 0.986081059422206)",1,98.3527238331474,23652
"(0.8942622047218923, 0.9873891625615764)",1,98.35247287675531,23653
"(0.6747507742934573, 0.986081059422206)",1,98.35245031464616,23654
"(0.9028964862298196, 0.9861673414304992)",1,98.35243430716103,23655
"(0.9311507936507936, 0.9861673414304992)",1,98.35212569770586,23656
"(0.7632275132275131, 0.9861673414304992)",1,98.35207599195886,23657
"(0.8974984433303618, 0.9873891625615764)",1,98.35199222341764,23658
"(0.7772049591964847, 0.9861673414304992)",1,98.3519419390088,23659
"(0.7632275132275131, 0.9861673414304992)",1,98.35170896092464,23660
"(0.8318290279074593, 0.9861673414304992)",1,98.35167523309076,23661
"(0.7453091184935634, 0.991206314397104)",2,98.35163813872772,23663
"(0.8318290279074593, 0.9861673414304992)",2,98.35145134377052,23665
"(0.972420634920635, 0.9861673414304992)",1,98.35143006320796,23666
"(0.7323695788812067, 0.988167361639188)",1,98.35125341295144,23667
"(0.9026337658413128, 0.9861673414304992)",1,98.3512253133616,23668
"(0.8860455063826657, 0.9861673414304992)",2,98.35118441893704,23670
"(0.8883678678403513, 0.9861673414304992)",1,98.35116163715108,23671
"(0.9160264866799612, 0.9861673414304992)",1,98.35106732813888,23672
"(0.7348436174331348, 0.9861673414304992)",3,98.3510063241223,23675
"(0.765692887308966, 0.9861310021084456)",1,98.35099198670592,23676
"(0.9125533644430458, 0.9873891625615764)",1,98.3509819214642,23677
"(0.4049163909196675, 0.9996210215628012)",1,98.35089131269191,23678
"(0.8876473063973064, 0.9861673414304992)",1,98.35073266075392,23679
"(0.8593554593554595, 0.9861673414304992)",1,98.3506837238055,23680
"(0.8322510822510822, 0.9861673414304992)",1,98.35066846791484,23681
"(0.8593554593554595, 0.9861673414304992)",1,98.35061425445534,23682
"(0.9466127311522048, 0.991206314397104)",1,98.3505976805196,23683
"(0.4777955536474655, 0.996575280197092)",1,98.35025404016844,23684
"(0.8621031746031745, 0.9861310021084456)",1,98.35017731211352,23685
"(0.8734313112361893, 0.9861673414304992)",1,98.34995928062143,23686
"(0.8308201058201059, 0.9861673414304992)",2,98.34993404561818,23688
"(0.8899966931216932, 0.9861310021084456)",1,98.3498703126101,23689
"(0.9374843410636878, 0.9832925076188832)",1,98.349803762411,23690
"(0.8586166985951469, 0.9861673414304992)",1,98.3498033818734,23691
"(1.0, 0.9833229101521784)",1,98.34979939857992,23692
"(0.8579868984630887, 0.9861673414304992)",1,98.3497713162434,23693
"(1.0, 0.9833229101521784)",1,98.34973247168372,23694
"(0.978932178932179, 0.9958292603453894)",1,98.34970501911005,23695
"(0.8748200797381125, 0.9861310021084456)",1,98.34968640680384,23696
"(0.934122934122934, 0.9833229101521784)",1,98.34967400692692,23697
"(0.8586166985951469, 0.9861673414304992)",1,98.34965517348716,23698
"(0.9788283442948758, 0.9958292603453894)",1,98.34956186401118,23699
"(0.8716153127917834, 0.9861673414304992)",1,98.34947072062316,23700
"(0.8716153127917834, 0.9861673414304992)",1,98.34944094184937,23701
"(0.8621031746031745, 0.9861310021084456)",1,98.34942942175871,23702
"(0.8753086419753084, 0.9861310021084456)",1,98.34940732979882,23703
"(0.8621031746031745, 0.9861310021084456)",1,98.34939732149772,23704
"(0.9299160159815896, 0.9861673414304992)",1,98.34937911632616,23705
"(0.9230854791003976, 0.9873891625615764)",1,98.3493714728917,23706
"(0.846098299557419, 0.9861673414304992)",2,98.34927095979585,23708
"(1.0, 1.0)",1,98.34913955335615,23709
"(0.7374768177381903, 0.991206314397104)",1,98.34912320632804,23710
"(0.8593554593554595, 0.9861673414304992)",1,98.3490972745421,23711
"(0.9031437031437032, 0.9861310021084456)",1,98.34906507456544,23712
"(0.9916585206907788, 0.9958292603453894)",1,98.34903223535066,23713
"(0.9333333333333332, 0.9833229101521784)",3,98.34900979779032,23716
"(0.9166145507608924, 0.9833229101521784)",2,98.3489681050657,23718
"(1.0, 0.9833229101521784)",7,98.3489681050657,23725
"(0.9833229101521784, 0.9833229101521784)",1,98.3489681050657,23726
"(0.9793622864590606, 0.9958292603453894)",1,98.34894942985764,23727
"(0.9665831244778612, 0.9833229101521784)",1,98.34894710196384,23728
"(0.9665831244778612, 0.9833229101521784)",1,98.3489054092392,23729
"(0.9665831244778612, 0.9833229101521784)",2,98.34884271341272,23731
"(0.972281746031746, 0.9861673414304992)",1,98.3487604170074,23732
"(0.8753086419753084, 0.9861310021084456)",1,98.34874624454878,23733
"(0.738145558145558, 1.0)",1,98.34873859972252,23734
"(0.9166145507608924, 0.9833229101521784)",1,98.34871653362865,23735
"(0.828966378966379, 0.9861673414304992)",1,98.34868257666704,23736
"(0.9452474337657768, 0.9874762808349148)",1,98.34864252582788,23737
"(0.6575398846941737, 0.9882048106149588)",1,98.3485906853247,23738
"(0.3973106393408187, 0.9992416608232524)",3,98.34854561627662,23741
"(0.9299160159815896, 0.9861673414304992)",1,98.3485125957291,23742
"(0.8621031746031745, 0.9861310021084456)",2,98.34849829656808,23744
"(0.9790972342015986, 0.9958292603453894)",1,98.3484832550248,23745
"(0.9436368312757202, 0.9861673414304992)",1,98.34838491654142,23746
"(0.9499687304565352, 0.9833229101521784)",5,98.34833639711692,23751
"(0.9326599326599326, 0.9833229101521784)",1,98.34833639711692,23752
"(0.828966378966379, 0.9861673414304992)",1,98.34827453279324,23753
"(0.9326599326599326, 0.9833229101521784)",1,98.34827370129042,23754
"(0.9032855633136024, 0.9861673414304992)",1,98.34821885571496,23755
"(0.786508365740383, 0.9882048106149588)",1,98.34818785163095,23756
"(0.9874877810361682, 0.9958292603453894)",1,98.3481315928165,23757
"(0.9300671002153482, 0.9861673414304992)",1,98.34809437666412,23758
"(0.835848883169409, 0.988167361639188)",1,98.34806213196482,23759
"(0.902898027898028, 0.9861310021084456)",1,98.34798705221552,23760
"(0.93795454842108, 0.9873891625615764)",1,98.34795532035324,23761
"(0.902898027898028, 0.9861310021084456)",1,98.34793352737807,23762
"(0.8586166985951469, 0.9861673414304992)",2,98.34791510138992,23764
"(0.9958292603453894, 0.9958292603453894)",1,98.34789024353518,23765
"(0.975195619792394, 0.9958292603453894)",1,98.34784442764976,23766
"(0.8586166985951469, 0.9861673414304992)",1,98.3477947918644,23767
"(0.8315995778682346, 0.9861673414304992)",1,98.3477674206759,23768
"(0.8748200797381125, 0.9861310021084456)",1,98.34773295976169,23769
"(0.9326599326599326, 0.9833229101521784)",1,98.34770468916814,23770
"(0.9205517358458536, 0.9873891625615764)",2,98.34768757330428,23772
"(0.8587195484254307, 0.9861310021084456)",1,98.34765051523416,23773
"(0.930124456440246, 0.9861310021084456)",1,98.3475237681522,23774
"(0.8753086419753084, 0.9861310021084456)",1,98.34747353343812,23775
"(0.8753086419753084, 0.9861310021084456)",1,98.3474626365927,23776
"(0.8899966931216932, 0.9861310021084456)",1,98.34743831741632,23777
"(0.9699183291713004, 0.9958292603453894)",1,98.34728728646556,23778
"(0.9300671002153482, 0.9861310021084456)",1,98.34728323855369,23779
"(0.9436368312757202, 0.9861673414304992)",2,98.34726099247916,23781
"(0.8249504969211211, 0.988167361639188)",1,98.34723433585528,23782
"(0.8044914258149553, 0.9861310021084456)",1,98.34722664507284,23783
"(0.8871082621082622, 0.9861310021084456)",1,98.34718618265622,23784
"(0.4990204708059675, 1.0)",1,98.34715431078426,23785
"(0.8587195484254307, 0.9861310021084456)",1,98.34714555591208,23786
"(0.9146901709401708, 0.9861310021084456)",1,98.34712481670434,23787
"(0.9299160159815896, 0.9861673414304992)",1,98.34703946155128,23788
"(0.8148308968977662, 0.9861673414304992)",1,98.34698006433403,23789
"(0.902192297684101, 0.9861310021084456)",1,98.34683927650671,23790
"(0.9916585206907788, 0.9958292603453894)",1,98.34669998453286,23791
"(0.9581458989353726, 1.0)",1,98.34669331663436,23792
"(0.9496114574862204, 0.9873891625615764)",1,98.34665855168048,23793
"(0.8743078626799556, 0.9861310021084456)",1,98.34662253750264,23794
"(0.7871822062702233, 1.0)",1,98.34659003428544,23795
"(0.8229870141950848, 1.0)",1,98.3465211371318,23796
"(0.8587195484254307, 0.9861310021084456)",1,98.34651781854468,23797
"(0.9436368312757202, 0.9861673414304992)",1,98.34650704691136,23798
"(0.9218558227888856, 0.9873891625615764)",1,98.34639611561455,23799
"(0.9580331374974232, 1.0)",1,98.34638108881516,23800
"(0.8899966931216932, 0.9861310021084456)",2,98.34631234831564,23802
"(0.6186518419144107, 0.9996210215628012)",2,98.34621802950504,23804
"(0.8148308968977662, 0.9861673414304992)",1,98.34618682823525,23805
"(0.7836974395113928, 0.988167361639188)",2,98.346078483171,23807
"(0.8715701474388204, 0.9861310021084456)",1,98.34600855457592,23808
"(0.8552744708994707, 0.9861673414304992)",1,98.34590485748636,23809
"(0.8124923632552741, 0.9861673414304992)",1,98.34587161191222,23810
"(0.8883034087952121, 0.9861310021084456)",1,98.3458230285518,23811
"(0.9498370804822418, 0.9873891625615764)",1,98.34575069601225,23812
"(0.9374843410636878, 0.9834113430318364)",1,98.3456880732936,23813
"(0.9061764476533613, 0.9873891625615764)",1,98.34567843110788,23814
"(0.8847822547822548, 0.9861673414304992)",2,98.34547355033769,23816
"(0.902898027898028, 0.9861310021084456)",1,98.34547029831758,23817
"(0.8877034517510707, 0.9861310021084456)",2,98.34543175598112,23819
"(0.2184301094356221, 1.0)",3,98.34539612950276,23822
"(0.8308201058201059, 0.9861310021084456)",1,98.34535471739696,23823
"(0.9301209372637944, 0.9861310021084456)",1,98.3453259440332,23824
"(0.902898027898028, 0.9861310021084456)",1,98.34524038865602,23825
"(0.8148308968977662, 0.9861673414304992)",1,98.34523090846544,23826
"(0.8916052423523688, 0.9873891625615764)",1,98.34522517844717,23827
"(0.7786375661375661, 0.986081059422206)",1,98.34521229290496,23828
"(0.331262443438914, 0.9992416608232524)",2,98.34516805333854,23830
"(0.7708796965987909, 0.9861673414304992)",1,98.34509358450146,23831
"(0.6449018154421952, 0.9988619159967322)",2,98.3450635838689,23833
"(0.7647742788871822, 1.0)",1,98.34492147779991,23834
"(0.9834358767945106, 0.9958292603453894)",1,98.3448110297661,23835
"(0.8296970789758384, 0.986081059422206)",1,98.3448009845464,23836
"(0.8883034087952121, 0.9861310021084456)",2,98.34461906398916,23838
"(0.8552744708994707, 0.9861673414304992)",1,98.34451332265247,23839
"(0.979051756240299, 0.9958292603453894)",1,98.34445344162587,23840
"(0.9833229101521784, 1.0)",1,98.34435984658678,23841
"(0.831031066037186, 0.988167361639188)",1,98.34408633436516,23842
"(0.9436368312757202, 0.9861310021084456)",2,98.34402848195413,23844
"(0.9746854694957162, 1.0)",1,98.34361378457602,23845
"(0.419237903544084, 0.9984817852901372)",1,98.34360434904607,23846
"(0.8996392387758612, 0.9873891625615764)",1,98.34347286617228,23847
"(0.846098299557419, 0.9861673414304992)",1,98.34339132492076,23848
"(0.7404350561362756, 0.9861673414304992)",1,98.34336955584725,23849
"(0.492807005588115, 0.9975)",1,98.3432311188991,23850
"(0.4611605493121345, 0.9987499746026686)",1,98.34314801539146,23851
"(0.9751539794803552, 0.9958292603453894)",1,98.34302852905265,23852
"(0.8390424521630195, 0.9861673414304992)",1,98.34289502274297,23853
"(0.7479743867590829, 0.986081059422206)",2,98.34286811124232,23855
"(0.4755355605353038, 0.9958099132756668)",1,98.3428285244591,23856
"(0.7404350561362756, 0.9861673414304992)",2,98.34277378222514,23858
"(0.9873891625615764, 1.0)",2,98.34264105797484,23860
"(0.9282083232965586, 0.9873891625615764)",1,98.3425554745856,23861
"(0.8312205288949474, 0.9882048106149588)",1,98.34248831803416,23862
"(0.9301209372637944, 0.9861310021084456)",1,98.34248164010928,23863
"(0.8810064268049709, 0.991206314397104)",1,98.34207687394112,23864
"(0.950175761409158, 0.987463247273494)",1,98.34183947170573,23865
"(0.9412964149491664, 0.9916339869281046)",1,98.34161738367068,23866
"(0.8416827657517105, 0.9861310021084456)",1,98.3415463689498,23867
"(0.3584486416678197, 0.9988619159967322)",3,98.34148322404316,23870
"(0.9162596992611264, 0.9861673414304992)",1,98.34143947452652,23871
"(0.4724538701233134, 0.9975000781372088)",1,98.34142733219986,23872
"(0.9498370804822418, 0.9873891625615764)",2,98.34123988275428,23874
"(0.509769203919892, 1.0)",3,98.34122857044032,23877
"(0.9501563219469168, 0.9958292603453894)",1,98.3412044337745,23878
"(0.7000013129045387, 1.0)",1,98.34110456505329,23879
"(0.3302862574369368, 0.996575280197092)",1,98.34103061816184,23880
"(0.931200007971039, 0.9873891625615764)",2,98.34096794295374,23882
"(0.9017715617715616, 0.9861673414304992)",1,98.34089120452408,23883
"(0.7277677677677677, 1.0)",1,98.34087036440371,23884
"(0.9299160159815896, 0.9861673414304992)",1,98.34084117708056,23885
"(0.5169410170491575, 0.9984817852901372)",3,98.34077367766798,23888
"(0.9061764476533613, 0.9832184229069656)",2,98.34065510928887,23890
"(0.9490213526488036, 0.9958292603453894)",1,98.34061849746767,23891
"(0.983545503234046, 1.0)",1,98.34055759160438,23892
"(0.751080181203132, 0.9861673414304992)",2,98.340501917634,23894
"(0.962699692780338, 0.9958292603453894)",1,98.34025941691483,23895
"(0.7371074312749817, 1.0)",1,98.34020855039964,23896
"(0.8796475392220073, 1.0)",1,98.3400145276198,23897
"(0.8902783631946863, 0.9861673414304992)",1,98.33989941956207,23898
"(0.6575398846941737, 0.9882048106149588)",1,98.33977672545556,23899
"(0.8194074731341813, 0.9861673414304992)",2,98.3397671323802,23901
"(0.979051756240299, 1.0)",1,98.33964285383652,23902
"(0.9282083232965586, 0.9873891625615764)",1,98.33956926922082,23903
"(0.6760835913312693, 0.986081059422206)",2,98.3394510695113,23905
"(0.484646846010113, 0.9949997811829872)",1,98.33939728213625,23906
"(0.8552744708994707, 0.9861310021084456)",1,98.33938836184235,23907
"(0.9011810599946194, 0.9861673414304992)",1,98.33935928394628,23908
"(0.8208353559736048, 0.9861673414304992)",1,98.33931230856724,23909
"(0.6179693015417549, 1.0)",1,98.33928090092353,23910
"(0.9583930063253372, 1.0)",1,98.3391890912859,23911
"(0.93795454842108, 0.9873891625615764)",1,98.3391873173728,23912
"(0.9416450721400784, 0.9882048106149588)",1,98.33913506651854,23913
"(0.7962102115226081, 0.988167361639188)",1,98.33910794491511,23914
"(0.8902783631946863, 0.9861673414304992)",1,98.33904020048796,23915
"(0.8208353559736048, 0.9861673414304992)",2,98.33900291743986,23917
"(0.9230468061350414, 0.9834113430318364)",1,98.33891898686896,23918
"(0.9791388745136372, 0.9958292603453894)",1,98.3388798473009,23919
"(0.7453091184935634, 0.991206314397104)",1,98.33879036615792,23920
"(0.8751897860593512, 0.9861673414304992)",1,98.3387652157925,23921
"(0.9028964862298196, 0.9861673414304992)",1,98.33855558270233,23922
"(0.8432903075760217, 0.986081059422206)",1,98.3385547238447,23923
"(0.835848883169409, 0.988167361639188)",1,98.33850984320752,23924
"(0.4585384595277654, 0.9912488373656227)",1,98.33832430913807,23925
"(0.8533622685185187, 1.0)",1,98.33830767513244,23926
"(0.7651777469990767, 0.991206314397104)",1,98.33800365612932,23927
"(0.931200007971039, 0.9873891625615764)",1,98.33794899879028,23928
"(0.8193419055822156, 0.9861673414304992)",1,98.33793976079887,23929
"(0.8726893261776982, 0.988167361639188)",1,98.3378800505262,23930
"(0.4049163909196675, 0.9996210215628012)",1,98.33783390953208,23931
"(0.8593554593554595, 0.9861673414304992)",1,98.3377642681255,23932
"(0.8726893261776982, 0.988167361639188)",1,98.33756713049335,23933
"(0.3584486416678197, 0.9996210215628012)",3,98.33732208154422,23936
"(0.8579868984630887, 0.9861673414304992)",1,98.33730485087791,23937
"(0.7348436174331348, 0.9861673414304992)",1,98.33728948853516,23938
"(0.8734313112361893, 0.9861673414304992)",1,98.33728695117628,23939
"(0.7348436174331348, 0.9861673414304992)",2,98.33713732623076,23941
"(0.8860455063826657, 0.9861673414304992)",1,98.337131342772,23942
"(0.9026337658413128, 0.9861673414304992)",1,98.3369660510434,23943
"(0.4925733396357239, 0.9975000781372088)",1,98.33695548421974,23944
"(0.9300671002153482, 0.9861673414304992)",1,98.3369502372678,23945
"(0.945878018492034, 0.9958292603453894)",1,98.33689465793964,23946
"(0.900983347688774, 0.9861673414304992)",1,98.336889126956,23947
"(0.9581458989353726, 1.0)",1,98.336783679828,23948
"(0.7344692811916678, 0.9861673414304992)",1,98.33676298998928,23949
"(0.8552744708994707, 1.0)",2,98.33651133841424,23951
"(0.8899966931216932, 0.9861310021084456)",1,98.33641282618656,23952
"(0.9011810599946194, 0.9861673414304992)",1,98.33637579768744,23953
"(0.9831777451938742, 0.9958292603453894)",1,98.33637337175684,23954
"(0.917283950617284, 0.9861673414304992)",1,98.33632542040225,23955
"(0.9041196741854636, 0.991206314397104)",1,98.33625215663886,23956
"(0.6544644252235129, 1.0)",1,98.3362110271623,23957
"(0.4133101229894375, 0.9992416608232524)",3,98.33620565928652,23960
"(0.9041196741854636, 0.991206314397104)",1,98.33620372132984,23961
"(0.844988344988345, 1.0)",1,98.33620211884246,23962
"(0.8586166985951469, 0.9861673414304992)",1,98.33605025400752,23963
"(0.8761383419447936, 0.9873891625615764)",1,98.33602553246016,23964
"(0.8621031746031745, 0.9861310021084456)",1,98.33598113108084,23965
"(0.6378166586499919, 1.0)",1,98.33589806700368,23966
"(0.920238255356524, 0.9834113430318364)",1,98.33586335235962,23967
"(0.8621031746031745, 0.9861310021084456)",2,98.33573408297458,23969
"(0.4567442396313363, 0.9975000781372088)",1,98.3356991906752,23970
"(0.331262443438914, 0.9992416608232524)",1,98.33569900224704,23971
"(0.9029281534808432, 0.9861673414304992)",1,98.33567346963795,23972
"(0.8175446168757694, 0.9861673414304992)",1,98.3356647702094,23973
"(0.8726893261776982, 0.988167361639188)",2,98.33556188176382,23975
"(0.900983347688774, 0.9861673414304992)",1,98.33554268555794,23976
"(0.8761383419447936, 0.9873891625615764)",1,98.33552821500686,23977
"(0.4530386103743641, 0.9937491695468736)",1,98.33552514488257,23978
"(0.2806699331680662, 0.9996210215628012)",1,98.33550210482164,23979
"(0.9621616286938868, 0.9958292603453894)",1,98.33544244449156,23980
"(0.9398099650133386, 0.9873891625615764)",1,98.33537512625574,23981
"(0.9309563801089225, 0.9861310021084456)",1,98.3353374125574,23982
"(0.902898027898028, 0.9861310021084456)",1,98.3353359179094,23983
"(0.9300671002153482, 0.9861673414304992)",1,98.33528757767492,23984
"(0.8056354979267693, 0.9861310021084456)",1,98.33526392314278,23985
"(0.8318290279074593, 0.9861673414304992)",1,98.3351531025179,23986
"(0.9146901709401708, 0.9861310021084456)",1,98.33505473145438,23987
"(0.7374768177381903, 0.991206314397104)",1,98.3349680006701,23988
"(0.8567210567210567, 0.9861673414304992)",2,98.33496313627909,23990
"(0.8935211759471547, 0.9873891625615764)",1,98.33479087447226,23991
"(0.7574146783449108, 0.9882048106149588)",1,98.33471930279076,23992
"(0.8748200797381125, 0.9861310021084456)",1,98.33460918126066,23993
"(0.8716153127917834, 0.9861673414304992)",1,98.33460442899246,23994
"(0.7348436174331348, 0.9861310021084456)",1,98.3345969025137,23995
"(0.8449978636391381, 0.9882048106149588)",2,98.33445719559754,23997
"(0.4288789484784908, 0.9987499746026686)",1,98.33437714161826,23998
"(0.9299160159815896, 0.9861673414304992)",1,98.3343590309814,23999
"(0.8883034087952121, 0.9861310021084456)",1,98.33417394780464,24000
"(0.8751897860593512, 0.9861673414304992)",1,98.33409863551084,24001
"(0.8883034087952121, 0.9861310021084456)",1,98.33407057620224,24002
"(0.8586166985951469, 0.9861673414304992)",2,98.33402618147448,24004
"(0.9297326845255915, 0.9832184229069656)",2,98.33402201243996,24006
"(0.8010054664946871, 0.9861673414304992)",1,98.33402030344764,24007
"(0.8044914258149553, 0.9861310021084456)",2,98.3337892991896,24009
"(0.8552744708994707, 0.9861673414304992)",1,98.3337122273878,24010
"(0.9377308530249706, 0.987463247273494)",1,98.33367201797157,24011
"(0.90224161204236, 0.9861310021084456)",1,98.33364904361234,24012
"(0.9309563801089225, 0.9861310021084456)",1,98.3335746504573,24013
"(0.9466127311522048, 0.991206314397104)",1,98.33348910272748,24014
"(0.8010054664946871, 0.9861673414304992)",1,98.33348104741394,24015
"(0.9282083232965586, 0.9873891625615764)",1,98.3334721496197,24016
"(0.8753086419753084, 0.9861310021084456)",1,98.33342063373424,24017
"(0.9017715617715616, 0.9861673414304992)",1,98.33341264246836,24018
"(0.7580266955266955, 0.9861673414304992)",1,98.33340961551993,24019
"(0.8148308968977662, 0.9861673414304992)",1,98.3333566116035,24020
"(0.8148308968977662, 0.9861673414304992)",1,98.3332533496728,24021
"(0.7301587301587301, 0.9861673414304992)",1,98.33319577943652,24022
"(0.3841590381665586, 0.9977203590215908)",1,98.33314021040437,24023
"(0.917415489944373, 0.9833229101521784)",2,98.33309195440135,24025
"(0.934122934122934, 0.9833229101521784)",2,98.3330596129056,24027
"(0.8455704732698088, 0.9861310021084456)",2,98.33299336801367,24029
"(0.9243707071934514, 0.9873891625615764)",1,98.3328901577823,24030
"(0.9333333333333332, 0.9833229101521784)",1,98.33276005836984,24031
"(0.944563492063492, 1.0)",1,98.33271713891692,24032
"(1.0, 0.9833229101521784)",1,98.3327092372692,24033
"(0.8877034517510707, 0.9861673414304992)",1,98.33269538175756,24034
"(0.9665831244778612, 0.9833229101521784)",1,98.3325856856024,24035
"(0.8148308968977662, 0.9861673414304992)",1,98.33257663954528,24036
"(0.8333192389006343, 0.988167361639188)",1,98.33253583655689,24037
"(0.8455704732698088, 0.9861310021084456)",1,98.33247113353494,24038
"(0.8883034087952121, 0.9861310021084456)",1,98.3324629207894,24039
"(0.433281060850566, 0.9981012669018314)",1,98.33244699942462,24040
"(0.9032855633136024, 0.9861673414304992)",1,98.33239449340482,24041
"(0.8847822547822548, 0.9861673414304992)",1,98.33233302996918,24042
"(0.9666666666666668, 0.9833229101521784)",1,98.3323118615802,24043
"(0.9833229101521784, 0.9833229101521784)",1,98.33230143839904,24044
"(0.8312205288949474, 0.9882048106149588)",1,98.332301338361,24045
"(0.9833229101521784, 0.9833229101521784)",4,98.33229101521788,24049
"(0.9499687304565352, 0.9833229101521784)",2,98.33229101521788,24051
"(0.9166145507608924, 0.9833229101521784)",1,98.33229101521788,24052
"(1.0, 0.9833229101521784)",2,98.3322491657537,24054
"(1.0, 0.9833229101521784)",2,98.33222831939138,24056
"(0.9665831244778612, 0.9833229101521784)",3,98.33222831939138,24059
"(0.9009287520039462, 1.0)",1,98.33221476317055,24060
"(0.9333333333333332, 0.9833229101521784)",1,98.33220731628953,24061
"(0.8333192389006343, 0.988167361639188)",1,98.33217948077004,24062
"(0.9331662489557224, 0.9833229101521784)",2,98.3321029277384,24064
"(0.8997493734335841, 0.9833229101521784)",1,98.3321029277384,24065
"(0.9331662489557224, 0.9833229101521784)",1,98.33204023191188,24066
"(0.9499687304565352, 0.9833229101521784)",1,98.33203944378084,24067
"(0.9497171590194846, 0.9833229101521784)",1,98.33203944378084,24068
"(1.0, 0.9833229101521784)",1,98.33203944378084,24069
"(0.9161952650324744, 0.9833229101521784)",1,98.33180903366296,24070
"(0.8743078626799556, 0.9861310021084456)",1,98.3317669739972,24071
"(0.476193313409349, 0.9975000781372088)",1,98.33170787676676,24072
"(0.9166145507608924, 0.9833229101521784)",1,98.33165930726908,24073
"(0.9326599326599326, 0.9833229101521784)",2,98.33165930726908,24075
"(0.94291309888229, 0.991206314397104)",1,98.33137342794438,24076
"(0.8552744708994707, 0.9861673414304992)",1,98.33133925117954,24077
"(0.9586562930696936, 0.9832184229069656)",1,98.33129542941845,24078
"(0.756927123330562, 0.9861673414304992)",1,98.33129323688854,24079
"(0.6490278254578825, 0.986249032863116)",1,98.33127559821644,24080
"(0.831031066037186, 0.988167361639188)",1,98.3311266917894,24081
"(0.7708796965987909, 0.9861673414304992)",1,98.3309961558382,24082
"(0.9791544477028348, 0.9958292603453894)",1,98.33095138801175,24083
"(0.8365328658269835, 0.9958292603453894)",1,98.33084479317138,24084
"(0.7708796965987909, 0.9861673414304992)",1,98.33080278919633,24085
"(0.7075825156110616, 0.991206314397104)",1,98.3307499685285,24086
"(0.8148308968977662, 0.9861310021084456)",1,98.33074107223035,24087
"(0.9244352123384382, 0.9834113430318364)",1,98.3307223884149,24088
"(0.7999088007295942, 0.988167361639188)",1,98.3306471910696,24089
"(0.7372334455667788, 1.0)",1,98.33062491901411,24090
"(0.9871616776282092, 0.9958292603453894)",1,98.3306067525972,24091
"(0.7372334455667788, 1.0)",1,98.33057497632788,24092
"(0.8814814814814814, 0.9833229101521784)",1,98.33053297199642,24093
"(0.8148308968977662, 0.9861310021084456)",1,98.33049662097524,24094
"(0.3302862574369368, 0.9992416608232524)",3,98.33045335822251,24097
"(0.9301209372637944, 0.9861310021084456)",1,98.33040734058848,24098
"(0.1357209660560048, 1.0)",1,98.33035835811742,24099
"(0.8937718863178524, 0.9832925076188832)",1,98.33034938980308,24100
"(0.9061764476533613, 0.9834113430318364)",1,98.33034306933958,24101
"(0.8976982097186702, 0.9833229101521784)",2,98.32998906819698,24103
"(0.6804620726495727, 0.986081059422206)",1,98.3298703294432,24104
"(0.8871918136624019, 0.9861673414304992)",1,98.32963172918372,24105
"(0.9833040078201368, 0.9958292603453894)",1,98.32960109969925,24106
"(0.7999088007295942, 0.988167361639188)",1,98.32955755113386,24107
"(0.8942622047218923, 0.9873891625615764)",1,98.32953005151128,24108
"(0.8416827657517105, 0.9861310021084456)",1,98.32944173257135,24109
"(0.9496114574862204, 0.9873891625615764)",1,98.3293491939724,24110
"(0.7453091184935634, 0.991206314397104)",1,98.32930389658485,24111
"(0.7404350561362756, 0.9861673414304992)",3,98.32924719554556,24114
"(0.4603282383880727, 0.9987500214884376)",3,98.32920817805852,24117
"(0.7837606837606838, 0.9861673414304992)",1,98.32909881158956,24118
"(0.8852161738351254, 0.9861310021084456)",1,98.3289804505454,24119
"(0.7404350561362756, 0.9861673414304992)",2,98.32890887645723,24121
"(0.8974984433303618, 0.9873891625615764)",2,98.32883444238892,24123
"(0.9019292060258446, 0.9861673414304992)",1,98.3288111921185,24124
"(0.8390424521630195, 0.9861673414304992)",1,98.3288099971448,24125
"(0.8552744708994707, 0.9861673414304992)",2,98.3286861446082,24127
"(0.979055829228243, 0.9958292603453894)",1,98.32855520015802,24128
"(0.97495917428555, 0.9958292603453894)",1,98.32842365708102,24129
"(0.7323695788812067, 0.988167361639188)",1,98.32841672059229,24130
"(0.8416827657517105, 0.9861310021084456)",1,98.32836417805352,24131
"(0.8869412702469182, 0.9861310021084456)",1,98.32827960489286,24132
"(0.9666463017269468, 0.9832184229069656)",1,98.32820719256698,24133
"(0.9125533644430458, 0.9873891625615764)",1,98.32805409105627,24134
"(0.8390424521630195, 0.9861673414304992)",1,98.3279365164284,24135
"(0.4935897435897436, 1.0)",1,98.32784830083786,24136
"(0.8586166985951469, 0.9861673414304992)",1,98.32772597390102,24137
"(0.9792406033772258, 0.9958292603453894)",1,98.32762868124496,24138
"(0.8425483191745751, 0.9882048106149588)",1,98.32752524004373,24139
"(0.9377308530249706, 0.9834113430318364)",1,98.3275059446029,24140
"(0.776488287126585, 1.0)",1,98.32743994101622,24141
"(0.4937125269096371, 0.9992416608232524)",3,98.32741240846066,24144
"(0.9017715617715616, 0.9861673414304992)",1,98.3271444980142,24145
"(0.746304385688563, 0.986081059422206)",1,98.32702163256464,24146
"(0.746304385688563, 0.986081059422206)",1,98.3269812710017,24147
"(0.8552744708994707, 0.9861673414304992)",1,98.32661163937024,24148
"(0.9743030741133208, 0.9958292603453894)",1,98.32660738505294,24149
"(0.9293300445873568, 0.9873891625615764)",1,98.32651232064585,24150
"(0.917283950617284, 0.9861673414304992)",1,98.32597443316575,24151
"(0.8796475392220073, 1.0)",1,98.32586064559771,24152
"(0.974833726256876, 0.9958292603453894)",2,98.32577563749643,24154
"(0.6052212368618619, 0.9977203590215908)",1,98.32574263035536,24155
"(0.6179693015417549, 1.0)",1,98.32571294211402,24156
"(0.8390424521630195, 0.9861310021084456)",1,98.32570026562776,24157
"(0.4919916866987179, 0.9987499746026686)",1,98.3255782175246,24158
"(0.8329339143064635, 0.9861673414304992)",1,98.32554672305804,24159
"(0.9172008547008548, 0.9861673414304992)",2,98.32553764403988,24161
"(0.9228120179844318, 0.9873891625615764)",1,98.32547943860172,24162
"(0.8071948928825261, 0.9861673414304992)",1,98.3254161160168,24163
"(0.8874191651969431, 0.9861673414304992)",1,98.32541544916216,24164
"(0.9583930063253372, 1.0)",2,98.32538977789544,24166
"(0.7574146783449108, 0.9885557944107872)",1,98.32533442644215,24167
"(0.8751897860593512, 0.9861673414304992)",1,98.32531185669104,24168
"(0.3661516333053486, 1.0)",3,98.32522140169714,24171
"(0.940928587432546, 0.9832925076188832)",2,98.3251886977292,24173
"(0.8593554593554595, 0.9861673414304992)",1,98.32511432640707,24174
"(0.9790972342015986, 0.9958292603453894)",1,98.32492668688762,24175
"(0.9160264866799612, 0.9861673414304992)",1,98.32486145634304,24176
"(0.7323695788812067, 0.988167361639188)",1,98.32479241693976,24177
"(0.9017715617715616, 0.9861673414304992)",1,98.32462638207356,24178
"(0.8874191651969431, 0.9861673414304992)",1,98.32460823223988,24179
"(0.9019292060258446, 0.9861673414304992)",1,98.32454907158365,24180
"(0.920238255356524, 0.9834113430318364)",1,98.32451877881518,24181
"(0.9017715617715616, 0.9861673414304992)",1,98.32442158376978,24182
"(0.9916625936787228, 0.9958292603453894)",1,98.3243953919256,24183
"(0.5078294820353964, 0.9962497362353954)",3,98.3243917580927,24186
"(0.9496114574862204, 0.9873891625615764)",1,98.32427948031815,24187
"(0.8229870141950848, 0.9861310021084456)",1,98.32417965803324,24188
"(0.958227107069612, 0.9958292603453894)",1,98.32408427525102,24189
"(0.6238255567452281, 1.0)",1,98.32406948902197,24190
"(0.7632275132275131, 0.9861673414304992)",1,98.32401147178368,24191
"(0.8194074731341813, 0.9861673414304992)",1,98.3239816834284,24192
"(0.8874191651969431, 0.9861673414304992)",2,98.3239298950267,24194
"(0.8193419055822156, 0.9861673414304992)",1,98.32391601150984,24195
"(0.8478418336329888, 0.991206314397104)",1,98.3239005462057,24196
"(0.8584175084175085, 0.9861673414304992)",1,98.32387013700593,24197
"(0.9793622864590606, 0.9958292603453894)",1,98.32379066016696,24198
"(0.8193419055822156, 0.9861673414304992)",1,98.32377021427756,24199
"(0.9412964149491664, 0.9873891625615764)",1,98.32368465193616,24200
"(0.8586166985951469, 0.9861673414304992)",1,98.32363929772612,24201
"(0.9114218054477384, 0.9873891625615764)",1,98.32348260269936,24202
"(0.9032855633136024, 0.9861673414304992)",2,98.32323854466594,24204
"(0.9282083232965586, 0.9873891625615764)",1,98.32323623832248,24205
"(0.8318290279074593, 0.9861673414304992)",1,98.32317416735168,24206
"(0.7772049591964847, 0.9861673414304992)",1,98.323116775381,24207
"(0.8596618357487924, 0.9861673414304992)",1,98.32311554859405,24208
"(0.9029281534808432, 0.9861673414304992)",2,98.3230456252388,24210
"(0.8974984433303618, 0.9873891625615764)",1,98.32296314170644,24211
"(0.7042648709315374, 1.0)",1,98.32284178723266,24212
"(0.484731353858467, 0.9975000781372088)",1,98.32273724220232,24213
"(0.8322510822510822, 0.9861673414304992)",1,98.32268530952526,24214
"(0.8490208544183524, 0.9861310021084456)",1,98.32268306033131,24215
"(0.7833537331701346, 0.988167361639188)",1,98.3226672525998,24216
"(0.765692887308966, 0.9861310021084456)",1,98.32265768559908,24217
"(0.8229870141950848, 0.9861310021084456)",1,98.32263899690923,24218
"(0.4937125269096371, 0.9969573675011548)",1,98.3225527301858,24219
"(0.9833040078201368, 0.9958292603453894)",1,98.32247636713092,24220
"(0.9160264866799612, 0.9861673414304992)",2,98.32245304744876,24222
"(0.8621031746031745, 0.9861310021084456)",1,98.32238317514746,24223
"(0.979273283115788, 0.9958292603453894)",1,98.32238179505542,24224
"(0.8619291086321716, 0.9861310021084456)",1,98.3221969854616,24225
"(0.8315995778682346, 0.9861673414304992)",1,98.3221612494806,24226
"(0.9309563801089225, 0.9861310021084456)",1,98.32216042217745,24227
"(0.9032855633136024, 0.9861673414304992)",1,98.32209504785916,24228
"(0.9746854694957162, 1.0)",1,98.32208810154738,24229
"(0.7323695788812067, 0.988167361639188)",1,98.3220463037577,24230
"(0.8490208544183524, 0.9861310021084456)",1,98.32198957151311,24231
"(0.8596618357487924, 0.9861673414304992)",1,98.32196730885516,24232
"(0.828966378966379, 0.9861673414304992)",1,98.32187110849031,24233
"(0.9873891625615764, 0.9958292603453894)",1,98.32183752241905,24234
"(0.9153127183787562, 0.9861673414304992)",1,98.32176843598316,24235
"(0.8947046219773493, 0.988167361639188)",1,98.32170121146385,24236
"(0.8586166985951469, 0.9861673414304992)",1,98.32152804969331,24237
"(0.7892960774346593, 0.9861673414304992)",1,98.32148112145096,24238
"(0.9833211143695014, 1.0)",1,98.3214099139044,24239
"(0.8056354979267693, 0.9861310021084456)",1,98.3213527604293,24240
"(0.97934925289764, 0.9958292603453894)",1,98.3212145334068,24241
"(0.9833040078201368, 0.9958292603453894)",1,98.3211795776202,24242
"(0.2214665086585351, 1.0)",1,98.32115170412612,24243
"(0.9160264866799612, 0.9861673414304992)",1,98.321062070619,24244
"(0.8748200797381125, 0.9861310021084456)",1,98.32104722429388,24245
"(0.90224161204236, 0.9861310021084456)",1,98.32095480490936,24246
"(0.8056354979267693, 0.9861310021084456)",1,98.32094511014176,24247
"(0.8877034517510707, 0.9861673414304992)",1,98.32093591696604,24248
"(0.9114218054477384, 0.9873891625615764)",1,98.32090957372984,24249
"(0.507482960719107, 0.9975000781372088)",1,98.320874592857,24250
"(0.8734313112361893, 0.9861673414304992)",1,98.32075994225777,24251
"(0.8586166985951469, 0.9861673414304992)",1,98.32074608648152,24252
"(0.9835199925522506, 0.9958292603453894)",1,98.32066195447648,24253
"(0.950297813353496, 0.9958292603453894)",1,98.3206523712316,24254
"(0.9916585206907788, 0.9958292603453894)",1,98.32058918419447,24255
"(0.7962102115226081, 0.988167361639188)",2,98.32058790204609,24257
"(0.9041196741854636, 0.991206314397104)",1,98.32032962511674,24258
"(0.8152898027898028, 0.9861673414304992)",1,98.32029551185452,24259
"(0.9830687830687832, 0.9958292603453894)",1,98.3202331962592,24260
"(0.8748200797381125, 0.9861310021084456)",1,98.32017063020598,24261
"(0.8567210567210567, 0.9861673414304992)",1,98.32014964530585,24262
"(0.9311507936507936, 0.9861673414304992)",1,98.31995734059517,24263
"(0.4514795008912656, 0.9987499746026686)",1,98.3199192070254,24264
"(0.9162596992611264, 0.9861310021084456)",2,98.31974823802884,24266
"(0.831031066037186, 0.988167361639188)",1,98.31971435801896,24267
"(0.8586166985951469, 0.9861673414304992)",3,98.319566626468,24270
"(0.9436368312757202, 0.9861310021084456)",1,98.31952645147234,24271
"(0.8152898027898028, 0.9861673414304992)",2,98.31952226605696,24273
"(0.8883034087952121, 0.9861310021084456)",1,98.31943874675396,24274
"(0.9153127183787562, 0.9861673414304992)",1,98.31939883031524,24275
"(0.8148308968977662, 0.9861673414304992)",1,98.319205317678,24276
"(0.7524760273298283, 0.991206314397104)",1,98.31910783352907,24277
"(0.8506653943511476, 0.991206314397104)",1,98.31910739025756,24278
"(0.9279680209218476, 0.9958292603453894)",1,98.31900900974624,24279
"(0.5896957700576321, 0.9992416608232524)",3,98.31900769777076,24282
"(0.8459744503862151, 0.9861310021084456)",1,98.318988361657,24283
"(0.9164652836623464, 1.0)",1,98.3189628576941,24284
"(0.9664171122994653, 0.9958292603453894)",1,98.3189548340062,24285
"(0.835848883169409, 0.988167361639188)",1,98.31894637983416,24286
"(0.8877034517510707, 0.9861673414304992)",1,98.31894308797142,24287
"(0.8148308968977662, 0.9861673414304992)",1,98.31876652636925,24288
"(0.8621031746031745, 0.9861310021084456)",2,98.31862868025804,24290
"(0.8860455063826657, 0.9861673414304992)",2,98.31862131051936,24292
"(0.7205302554139764, 0.988167361639188)",1,98.3185837874274,24293
"(0.3929204539802519, 0.9984817852901372)",3,98.31833800429106,24296
"(0.3965551056192914, 1.0)",3,98.31827234269578,24299
"(0.9377148530109056, 0.991206314397104)",1,98.31823666264944,24300
"(0.2200027398216297, 0.9996210215628012)",1,98.31822053269131,24301
"(0.8071948928825261, 0.9861673414304992)",1,98.3181486726961,24302
"(0.5073536286909905, 0.9988619159967322)",1,98.31806708273416,24303
"(0.8715701474388204, 0.9861310021084456)",1,98.31792465677904,24304
"(0.4921512824029625, 0.9887476607899144)",1,98.31785049962984,24305
"(0.9022759891180944, 0.9861310021084456)",1,98.31781453344136,24306
"(0.8694224991654613, 0.988167361639188)",1,98.31781117109456,24307
"(0.8148308968977662, 0.9861673414304992)",1,98.3177304934115,24308
"(0.9334130158956764, 0.9832184229069656)",1,98.31770685324236,24309
"(0.9032855633136024, 0.9861673414304992)",1,98.31769360510796,24310
"(0.90224161204236, 0.9861310021084456)",1,98.31762909311396,24311
"(0.8288781777971894, 0.9861673414304992)",1,98.3175558322948,24312
"(0.3703280442697561, 0.9981012669018314)",1,98.31745470814992,24313
"(0.7372334455667788, 1.0)",1,98.31743058716576,24314
"(0.8242618274196235, 0.9861673414304992)",1,98.31729601317512,24315
"(0.8110682791635173, 0.9861673414304992)",1,98.3171020271617,24316
"(0.7708796965987909, 0.9861673414304992)",1,98.31705608268643,24317
"(0.9244352123384382, 0.9834113430318364)",1,98.3170228554104,24318
"(0.9300671002153482, 0.9861673414304992)",1,98.31693764653744,24319
"(0.861111111111111, 1.0)",1,98.31672454030686,24320
"(0.7823116219667945, 0.9861673414304992)",1,98.31665147801732,24321
"(0.9790972342015986, 0.9958292603453894)",1,98.31663865056925,24322
"(0.4724538701233134, 0.9962501582231502)",1,98.31663416626274,24323
"(0.8010054664946871, 0.9861673414304992)",1,98.31645883587676,24324
"(0.620130835563485, 0.991206314397104)",1,98.3164509159126,24325
"(0.7280584513944579, 0.9861673414304992)",1,98.31642777895566,24326
"(0.2954225865399132, 1.0)",3,98.31641916003458,24329
"(0.8883034087952121, 0.9861310021084456)",1,98.31638656093104,24330
"(0.8840048840048841, 0.9833229101521784)",1,98.31635843830968,24331
"(0.9665831244778612, 0.9833229101521784)",1,98.31632552300078,24332
"(0.8416827657517105, 0.9861310021084456)",1,98.31628974136105,24333
"(0.7280584513944579, 0.9861673414304992)",1,98.31625035638127,24334
"(0.9079075500409146, 0.9832925076188832)",1,98.31621655419652,24335
"(0.8871082621082622, 0.9861310021084456)",1,98.31619316890752,24336
"(0.8148308968977662, 0.9861673414304992)",1,98.31616693841676,24337
"(0.9057330122004186, 0.991206314397104)",1,98.31612088020503,24338
"(0.9333333333333332, 0.9833229101521784)",2,98.31609339170318,24340
"(0.9333333333333332, 0.9833229101521784)",1,98.31604276482328,24341
"(0.8148308968977662, 0.9861310021084456)",2,98.31603830545691,24343
"(0.9833229101521784, 0.9833229101521784)",1,98.31600107209869,24344
"(0.9665831244778612, 0.9833229101521784)",1,98.31598424550036,24345
"(0.9583930063253372, 1.0)",1,98.3159539819351,24346
"(0.9791348015256934, 0.9958292603453894)",1,98.31573888784028,24347
"(0.9299160159815896, 0.986081059422206)",1,98.3157171522521,24348
"(0.9666666666666668, 0.9833229101521784)",5,98.31563477173236,24353
"(0.9166145507608924, 0.9833229101521784)",2,98.31561392537006,24355
"(0.9499687304565352, 0.9833229101521784)",2,98.31561392537006,24357
"(1.0, 0.9833229101521784)",2,98.31557207590588,24359
"(0.9665831244778612, 0.9833229101521784)",7,98.31555122954356,24366
"(0.9499687304565352, 0.9833229101521784)",1,98.31555122954356,24367
"(0.9833229101521784, 0.9833229101521784)",2,98.31555122954356,24369
"(1.0, 0.9833229101521784)",1,98.31548853371709,24370
"(0.9833229101521784, 0.9833229101521784)",1,98.31548853371709,24371
"(0.8497658497658497, 0.9833229101521784)",1,98.3154735837663,24372
"(0.9832925076188832, 0.9958292603453894)",1,98.31539464398874,24373
"(0.8996392387758612, 0.9873891625615764)",1,98.31537701316704,24374
"(1.0, 0.9833229101521784)",1,98.315362353933,24375
"(0.9497171590194846, 0.9833229101521784)",3,98.315362353933,24378
"(0.9833229101521784, 0.9833229101521784)",1,98.315362353933,24379
"(0.9497171590194848, 0.9833229101521784)",2,98.315362353933,24381
"(0.9665831244778612, 0.9833229101521784)",1,98.31529965810653,24382
"(0.8734313112361893, 0.9861673414304992)",1,98.31529584120824,24383
"(0.9161952650324744, 0.9833229101521784)",2,98.31519463964165,24385
"(0.8110682791635173, 0.9861673414304992)",1,98.31508180855172,24386
"(0.9161952650324744, 0.9833229101521784)",1,98.31506924798865,24387
"(0.4976057427443008, 0.9975000781372088)",1,98.31496373481534,24388
"(0.9074007530174516, 0.987463247273494)",1,98.31493357946133,24389
"(0.7404350561362756, 0.9861673414304992)",1,98.31486069350376,24390
"(0.4822651515151516, 0.9981012669018314)",1,98.31480319311038,24391
"(0.9079075500409146, 0.9834113430318364)",2,98.31457099321273,24393
"(0.8148308968977662, 0.9861673414304992)",1,98.31444434828266,24394
"(0.9162596992611264, 0.9861673414304992)",1,98.31444319159584,24395
"(0.7942038054814895, 0.9861673414304992)",1,98.3144286412194,24396
"(0.7479743867590829, 0.986081059422206)",1,98.31440960835744,24397
"(0.8653198653198653, 0.9833229101521784)",2,98.31435050947248,24399
"(0.3262466548275309, 0.9996210215628012)",1,98.31428140998462,24400
"(0.8085259100433108, 0.9861673414304992)",1,98.31426940577232,24401
"(0.5126865457302712, 0.9992416608232524)",3,98.31408213606566,24404
"(0.8942622047218923, 0.9873891625615764)",1,98.31403939742464,24405
"(0.9009287520039462, 1.0)",1,98.31403515868988,24406
"(0.9199973910846122, 0.9873891625615764)",1,98.31401681943024,24407
"(0.8416827657517105, 0.9861310021084456)",1,98.3138373609111,24408
"(0.8814814814814814, 0.9833229101521784)",1,98.3137723399598,24409
"(0.9430530709600476, 0.988167361639188)",1,98.31361412764194,24410
"(0.5734466317588319, 0.9954313552879036)",1,98.31355081718772,24411
"(0.8416827657517105, 0.9861310021084456)",1,98.3134564775726,24412
"(0.8687499999999999, 0.988167361639188)",1,98.31344911727422,24413
"(0.945878018492034, 0.9958292603453894)",1,98.31337249674225,24414
"(0.8491340807583629, 0.9861673414304992)",1,98.31316079753502,24415
"(0.9162596992611264, 0.9861673414304992)",1,98.31310325075042,24416
"(0.7183489076634237, 0.986081059422206)",2,98.3130997522762,24418
"(0.8974984433303618, 0.9873891625615764)",1,98.31305580478026,24419
"(0.8071948928825261, 0.9861673414304992)",1,98.31305374667733,24420
"(0.7935553056804932, 0.9861673414304992)",1,98.3130507901027,24421
"(0.7729389061386163, 0.988167361639188)",1,98.31298256753286,24422
"(0.8543547774492897, 0.9861310021084456)",1,98.31297965829468,24423
"(0.8475002808673183, 0.9861673414304992)",1,98.31288712513896,24424
"(0.9536653605723816, 0.9958292603453894)",1,98.31256275212812,24425
"(0.8726893261776982, 0.988167361639188)",1,98.31254246510233,24426
"(0.865581803207783, 0.991206314397104)",1,98.31245790240816,24427
"(0.8552744708994707, 0.9861310021084456)",1,98.31245745604144,24428
"(0.7374768177381903, 0.991206314397104)",2,98.31241502867891,24430
"(0.9166145507608924, 1.0)",1,98.31220154315518,24431
"(0.751080181203132, 0.9861673414304992)",1,98.3120866047782,24432
"(0.8715701474388204, 0.9861310021084456)",1,98.31205803067829,24433
"(0.9666562434855118, 1.0)",1,98.31199004247785,24434
"(0.7404350561362756, 0.9861310021084456)",1,98.31198063929412,24435
"(0.930704099821747, 0.986081059422206)",1,98.31188605012753,24436
"(0.8294970161977834, 0.9833229101521784)",1,98.31188184004606,24437
"(0.8475002808673183, 0.9861673414304992)",1,98.3118378006949,24438
"(0.8016677935542034, 1.0)",1,98.3118318302114,24439
"(0.9162596992611264, 0.9861673414304992)",2,98.31182992964516,24441
"(0.6179693015417549, 1.0)",1,98.3115853964893,24442
"(0.3112459555295891, 1.0)",1,98.31153253604909,24443
"(0.831031066037186, 0.988167361639188)",2,98.31152194361816,24445
"(0.9230468061350414, 0.9832184229069656)",1,98.3114949392504,24446
"(0.7780625367430922, 0.9861673414304992)",1,98.311397155341,24447
"(0.6384521701955596, 0.991206314397104)",2,98.3113535090292,24449
"(0.8194074731341813, 0.9861673414304992)",1,98.31101840633151,24450
"(0.8194074731341813, 0.9861673414304992)",1,98.31095760450138,24451
"(0.7836974395113928, 0.988167361639188)",1,98.31092222159704,24452
"(0.8308201058201059, 0.9861673414304992)",1,98.3108994055642,24453
"(0.751080181203132, 0.9861673414304992)",1,98.31075344042588,24454
"(0.7711781618000022, 1.0)",1,98.31071858775158,24455
"(0.751080181203132, 0.9861673414304992)",1,98.31069859024625,24456
"(0.8193419055822156, 0.9861673414304992)",1,98.31060658186271,24457
"(0.436911946168762, 0.9988619159967322)",1,98.31035810663546,24458
"(0.8318290279074593, 0.9861673414304992)",1,98.3102588908346,24459
"(0.9153127183787562, 0.9861673414304992)",1,98.30969200016376,24460
"(0.8490208544183524, 0.9861310021084456)",1,98.30968940105532,24461
"(0.9300671002153482, 0.9861673414304992)",1,98.30962704220362,24462
"(0.8229870141950848, 0.9861310021084456)",2,98.30955810031068,24464
"(0.8490208544183524, 0.9861310021084456)",1,98.30953004829632,24465
"(0.1500716412252043, 0.9984817852901372)",3,98.30940876551502,24468
"(0.9293300445873568, 0.9873891625615764)",1,98.3094079652104,24469
"(0.9749088814411396, 1.0)",2,98.3093025664976,24471
"(0.9832965806068272, 0.9958292603453894)",1,98.30927033820548,24472
"(0.9057330122004186, 0.991206314397104)",3,98.3092528392219,24475
"(0.4743478079735079, 0.9984817852901372)",1,98.30912710703598,24476
"(0.9791258409522168, 0.9958292603453894)",1,98.30904007176636,24477
"(0.7348436174331348, 0.9861673414304992)",2,98.30894420912784,24479
"(0.7348436174331348, 0.9861673414304992)",1,98.30885776500944,24480
"(0.9160264866799612, 0.9861673414304992)",1,98.30880536794976,24481
"(0.7348436174331348, 0.9861673414304992)",1,98.3087287486847,24482
"(0.8902783631946863, 0.9861673414304992)",1,98.3087066902366,24483
"(0.7344692811916678, 0.9861673414304992)",1,98.30866512537824,24484
"(0.9262130464282252, 0.991206314397104)",1,98.30861832023774,24485
"(0.4037090566294931, 1.0)",1,98.30857991838568,24486
"(0.8805377184744008, 0.9832184229069656)",1,98.30856078065447,24487
"(0.4795837122630575, 0.9988619159967322)",2,98.3085450503604,24489
"(0.2806699331680662, 0.9981012669018314)",1,98.30844366220136,24490
"(0.8315995778682346, 0.9861673414304992)",1,98.30835829279124,24491
"(0.94291309888229, 0.991206314397104)",1,98.308300182316,24492
"(0.751080181203132, 0.9861310021084456)",1,98.30827694410992,24493
"(0.9011810599946194, 0.9861673414304992)",1,98.3081810697897,24494
"(0.8490208544183524, 0.9861310021084456)",1,98.30814031543642,24495
"(0.8586166985951469, 0.9861673414304992)",1,98.30810395044078,24496
"(0.3464973708160582, 0.9996210215628012)",3,98.3080752432878,24499
"(0.8621031746031745, 0.9861310021084456)",1,98.3080111105081,24500
"(0.9586562930696936, 0.9832925076188832)",1,98.30796483959551,24501
"(0.9011810599946194, 0.9861673414304992)",1,98.3079352255612,24502
"(0.8883034087952121, 0.9861310021084456)",1,98.30778345692002,24503
"(0.8621031746031745, 0.9861310021084456)",1,98.30773833366196,24504
"(0.8308201058201059, 0.9861673414304992)",1,98.30764268104508,24505
"(0.8152898027898028, 0.9861673414304992)",1,98.30764111226046,24506
"(0.8767018960460375, 0.9861673414304992)",1,98.30760975254694,24507
"(0.8976982097186702, 1.0)",1,98.3074762739122,24508
"(0.9160264866799612, 0.9861673414304992)",1,98.30745549978175,24509
"(0.8734313112361893, 0.9861673414304992)",1,98.3073742059217,24510
"(0.8010054664946871, 0.9861673414304992)",1,98.30737364259512,24511
"(0.8748200797381125, 0.9861310021084456)",1,98.30730806768594,24512
"(0.9310483384791604, 0.9861673414304992)",1,98.3072229785277,24513
"(0.9032855633136024, 0.9861673414304992)",1,98.30711225562727,24514
"(0.5070372093557577, 1.0)",1,98.30707396467004,24515
"(0.9436368312757202, 0.9861673414304992)",1,98.30706424493503,24516
"(0.8734313112361893, 0.9861673414304992)",1,98.30705183677912,24517
"(0.9310483384791604, 0.9861673414304992)",1,98.3069315273944,24518
"(0.6042502004811546, 0.9882048106149588)",1,98.30687617335369,24519
"(0.8056354979267693, 0.9861310021084456)",1,98.30680948553176,24520
"(0.4747763864042934, 0.9882048106149588)",1,98.30679928256556,24521
"(0.931200007971039, 0.9873891625615764)",1,98.30676446583882,24522
"(0.9301209372637944, 0.9861310021084456)",1,98.30665590821718,24523
"(0.90224161204236, 0.9861310021084456)",2,98.30642409504308,24525
"(0.7647742788871822, 1.0)",1,98.30636898972853,24526
"(0.9309563801089225, 0.9861310021084456)",2,98.3063301133869,24528
"(0.8748200797381125, 0.9861310021084456)",1,98.3062837891754,24529
"(0.7348436174331348, 0.9861310021084456)",1,98.306274148751,24530
"(0.8044914258149553, 0.9861310021084456)",1,98.30620255192372,24531
"(0.962699692780338, 0.9958292603453894)",1,98.3061019043455,24532
"(0.7348436174331348, 0.9861310021084456)",2,98.30607139445988,24534
"(0.828966378966379, 0.9861673414304992)",1,98.3060690589836,24535
"(0.8044914258149553, 0.9861310021084456)",1,98.30606173124816,24536
"(0.8148308968977662, 0.9861673414304992)",1,98.30603447891026,24537
"(0.7348436174331348, 0.9861310021084456)",1,98.3058833649995,24538
"(0.8996392387758612, 0.9873891625615764)",1,98.30587846993006,24539
"(0.9750481776288228, 0.9958292603453894)",1,98.30577819264408,24540
"(0.874450386215092, 0.9861310021084456)",1,98.3057633575044,24541
"(0.8748200797381125, 0.9861310021084456)",1,98.30574418995744,24542
"(0.8315995778682346, 0.9861673414304992)",1,98.3057196870431,24543
"(0.9833229101521784, 1.0)",1,98.30570943812052,24544
"(0.7222222222222221, 1.0)",1,98.30551910905176,24545
"(0.6784722222222224, 1.0)",1,98.30543094664672,24546
"(0.9436368312757202, 0.9861673414304992)",1,98.30543091061372,24547
"(0.484731353858467, 0.9975000781372088)",3,98.30539565298128,24550
"(0.9503122778456484, 0.9834113430318364)",1,98.3050452814296,24551
"(0.944563492063492, 1.0)",1,98.30499888494866,24552
"(0.6042502004811546, 0.9882048106149588)",1,98.3049566462313,24553
"(0.861621814331256, 0.9861310021084456)",1,98.30495281025848,24554
"(0.9748076591340348, 1.0)",1,98.3048926455182,24555
"(0.979051756240299, 0.9958292603453894)",1,98.30484586055904,24556
"(0.972281746031746, 0.9861673414304992)",1,98.30483039837029,24557
"(0.8567210567210567, 0.9861673414304992)",1,98.304797457496,24558
"(0.8152898027898028, 0.9861673414304992)",1,98.30475967642948,24559
"(0.7675138481590094, 0.986081059422206)",1,98.30474162689536,24560
"(0.8753086419753084, 0.9861310021084456)",1,98.30473887990432,24561
"(0.902192297684101, 0.9861310021084456)",1,98.30472157003878,24562
"(0.7574146783449108, 0.9882048106149588)",1,98.30470790155404,24563
"(0.8124923632552741, 0.9861673414304992)",1,98.3046686976287,24564
"(0.3464973708160582, 0.9992416608232524)",1,98.30466259618282,24565
"(0.8148308968977662, 0.9861673414304992)",2,98.3046234301224,24567
"(0.9916585206907788, 0.9958292603453894)",1,98.30450571685586,24568
"(0.8743078626799556, 0.9861310021084456)",1,98.30440782389118,24569
"(0.7977749180480272, 0.9861673414304992)",1,98.30426361268388,24570
"(0.8586166985951469, 0.9861673414304992)",1,98.3041568891034,24571
"(0.902898027898028, 0.9861310021084456)",1,98.30397176713286,24572
"(0.8761383419447936, 0.9873891625615764)",1,98.3039406860664,24573
"(0.3434871832287562, 0.9975000781372088)",1,98.30388204826562,24574
"(0.9125533644430458, 0.9873891625615764)",1,98.30387419774706,24575
"(0.9429505641273102, 0.9834113430318364)",1,98.30386482823856,24576
"(0.6521663785997688, 0.9885557944107872)",1,98.30377427861067,24577
"(0.8715701474388204, 0.9861310021084456)",1,98.30374197712538,24578
"(0.9032855633136024, 0.9861673414304992)",1,98.30365171232408,24579
"(0.8358530587380517, 0.9832925076188832)",1,98.30356827316244,24580
"(0.4790513120764785, 0.9975)",1,98.3034695666842,24581
"(0.9160264866799612, 0.9861673414304992)",2,98.30335523215837,24583
"(0.8110682791635173, 0.9861673414304992)",2,98.303294579601,24585
"(0.902898027898028, 0.9861310021084456)",1,98.30320912004248,24586
"(0.8743078626799556, 0.9861310021084456)",1,98.3031990467122,24587
"(0.9262130464282252, 0.991206314397104)",1,98.3031957227794,24588
"(0.7708796965987909, 0.9861673414304992)",1,98.30304101666752,24589
"(0.8587195484254307, 0.9861310021084456)",2,98.30301965975812,24591
"(0.5836197591348022, 0.986081059422206)",1,98.3029964275841,24592
"(0.7280584513944579, 0.9861673414304992)",2,98.30289710015242,24594
"(0.9192093318943212, 0.9882048106149588)",1,98.30282232841006,24595
"(0.9416255449494996, 0.9834113430318364)",1,98.30281332710967,24596
"(0.8552744708994707, 0.9861673414304992)",1,98.30269470184491,24597
"(0.972281746031746, 0.9861673414304992)",1,98.3026505704325,24598
"(0.7837606837606838, 0.9861673414304992)",1,98.30255154438444,24599
"(0.920238255356524, 0.9832184229069656)",1,98.30236439185984,24600
"(0.5153209052589321, 0.9949997811829872)",1,98.30227881612572,24601
"(0.8743078626799556, 0.9861310021084456)",1,98.30224082496474,24602
"(0.9498626915626196, 0.9873891625615764)",1,98.30220340180216,24603
"(0.7323695788812067, 0.988167361639188)",1,98.30218937730204,24604
"(0.5004274455385378, 0.9975000781372088)",1,98.3020872712321,24605
"(0.8148308968977662, 0.9861673414304992)",1,98.3019381257382,24606
"(0.8748200797381125, 0.9861310021084456)",1,98.30191754854624,24607
"(0.8847822547822548, 0.9861310021084456)",1,98.301815219072,24608
"(0.902192297684101, 0.9861310021084456)",1,98.3017682516056,24609
"(0.7404350561362756, 0.9861673414304992)",1,98.30176633384836,24610
"(0.8743078626799556, 0.9861310021084456)",1,98.30175209376485,24611
"(0.9832965806068272, 0.9958292603453894)",1,98.30173788841915,24612
"(0.8471527473990528, 1.0)",1,98.30173215034644,24613
"(0.8810064268049709, 0.991206314397104)",1,98.30142534050852,24614
"(0.8416827657517105, 0.9861310021084456)",1,98.30139617649452,24615
"(0.6521663785997688, 0.9882048106149588)",1,98.3013298866832,24616
"(0.9833040078201368, 0.9958292603453894)",1,98.3011254271695,24617
"(0.8897212867434523, 0.9832925076188832)",1,98.3010846748698,24618
"(0.9412964149491664, 0.9873891625615764)",1,98.30108453265208,24619
"(0.5452310701354139, 0.9996210215628012)",3,98.3007997077029,24622
"(0.4897415065188988, 0.9992416608232524)",3,98.30072622431427,24625
"(0.4708333333333333, 0.9996210215628012)",3,98.3006501020724,24628
"(0.7404350561362756, 0.9861673414304992)",2,98.30063862011158,24630
"(0.8584175084175085, 0.9861673414304992)",1,98.3005942595596,24631
"(0.8916052423523688, 0.9873891625615764)",1,98.30053842145338,24632
"(0.9533841533841534, 0.9958292603453894)",1,98.30040823134118,24633
"(0.8920217788143652, 0.9832462877624168)",1,98.30040364244138,24634
"(0.7404350561362756, 0.9861673414304992)",1,98.30032995001282,24635
"(0.7404350561362756, 0.9861673414304992)",1,98.30019178637976,24636
"(0.8942622047218923, 0.9873891625615764)",2,98.29999099248224,24638
"(0.8416827657517105, 0.9861310021084456)",1,98.29994591605804,24639
"(0.8416827657517105, 0.9861310021084456)",1,98.2999311011924,24640
"(0.9162596992611264, 0.9861673414304992)",1,98.2997929738823,24641
"(0.8587195484254307, 0.9861310021084456)",1,98.29976742859466,24642
"(0.8840048840048841, 0.9833229101521784)",1,98.29968134846187,24643
"(0.917469251615593, 0.9833229101521784)",1,98.29960344889744,24644
"(0.7823116219667945, 0.9861673414304992)",2,98.29959337568728,24646
"(0.9218558227888856, 0.9873891625615764)",1,98.29956082394318,24647
"(0.8823536650710564, 0.9834113430318364)",1,98.29951182598973,24648
"(0.6815232656375146, 0.986081059422206)",1,98.29939811203496,24649
"(0.1523541666666666, 0.9996210215628012)",3,98.29938977678827,24652
"(0.9333333333333332, 0.9833229101521784)",1,98.29938652133778,24653
"(0.9003556829643787, 0.9833229101521784)",2,98.29935505757356,24655
"(0.9792773561037318, 1.0)",2,98.29931460782954,24657
"(0.8322510822510822, 0.9861673414304992)",1,98.2993010935714,24658
"(0.9665831244778612, 0.9833229101521784)",1,98.29926128642435,24659
"(0.9833229101521784, 0.9833229101521784)",3,98.29926128642435,24662
"(0.2556641773221635, 0.9973390598305516)",1,98.29917264369624,24663
"(0.9301209372637944, 0.9861310021084456)",1,98.29906446213704,24664
"(0.9293300445873568, 0.9873891625615764)",1,98.2990337996355,24665
"(0.9, 0.9833229101521784)",1,98.29902022097149,24666
"(0.9161952650324744, 0.9833229101521784)",1,98.29895532340232,24667
"(0.9161952650324744, 0.9833229101521784)",2,98.29894490022116,24669
"(0.9499687304565352, 0.9833229101521784)",2,98.29893683552224,24671
"(1.0, 0.9833229101521784)",2,98.29891583242036,24673
"(0.9666562434855118, 0.9833229101521784)",1,98.2989054092392,24674
"(0.1833909490886235, 0.9984817852901372)",1,98.29884812892962,24675
"(0.539275629206987, 0.9996210215628012)",1,98.29884383506224,24676
"(0.9665831244778612, 0.9833229101521784)",5,98.29881144386924,24681
"(0.8071948928825261, 0.9861673414304992)",1,98.29874956962206,24682
"(0.9665831244778612, 0.9833229101521784)",2,98.29874874804275,24684
"(0.933096859926128, 0.9833229101521784)",1,98.29874205483964,24685
"(0.9497171590194848, 0.9833229101521784)",8,98.29868526408518,24693
"(0.9833229101521784, 0.9833229101521784)",3,98.29868526408518,24696
"(0.9497171590194846, 0.9833229101521784)",2,98.29868526408518,24698
"(0.9497171590194848, 0.9833229101521784)",1,98.2986225682587,24699
"(0.9497171590194846, 0.9833229101521784)",1,98.2986225682587,24700
"(0.9169719169719168, 0.9833229101521784)",1,98.29859979795798,24701
"(0.8390424521630195, 0.9861673414304992)",1,98.298575977276,24702
"(0.9300671002153482, 0.9861310021084456)",1,98.29846418147504,24703
"(0.9161952650324744, 0.9833229101521784)",1,98.29845485396731,24704
"(0.8804215399610136, 0.991206314397104)",1,98.29836918581408,24705
"(0.6784722222222224, 1.0)",1,98.29836234623303,24706
"(0.882673371045464, 0.9833229101521784)",1,98.29834983550244,24707
"(0.9916585206907788, 0.9958292603453894)",1,98.2983249983809,24708
"(1.0, 0.9833229101521784)",1,98.29830512757346,24709
"(0.9326599326599326, 0.9833229101521784)",2,98.29830512757346,24711
"(0.751080181203132, 0.9861673414304992)",1,98.29828929151806,24712
"(0.9300671002153482, 0.9861310021084456)",1,98.29826475127562,24713
"(0.4268899127926591, 0.9977203590215908)",3,98.29815585109228,24716
"(0.8344065656565657, 0.9861673414304992)",1,98.2981417204378,24717
"(0.8734313112361893, 0.9861673414304992)",1,98.29801735642712,24718
"(0.6962461114805364, 0.9969573675011548)",1,98.29786622384998,24719
"(0.8208353559736048, 0.9861673414304992)",1,98.29775040167196,24720
"(0.8310777799491891, 0.9882048106149588)",1,98.29767066859718,24721
"(0.6760835913312693, 0.986081059422206)",1,98.2976557243748,24722
"(0.8229870141950848, 0.9861310021084456)",1,98.29755411900346,24723
"(0.751080181203132, 0.9861673414304992)",1,98.29754912625806,24724
"(0.4631616549920088, 0.9988619159967322)",3,98.29745130443692,24727
"(0.8604306971015356, 0.9861673414304992)",1,98.29735105769302,24728
"(0.6338192362445959, 0.9962501582231502)",1,98.29733821148696,24729
"(0.9746854694957162, 1.0)",1,98.2973173471002,24730
"(0.927082576248316, 0.9834113430318364)",1,98.2972948853904,24731
"(0.9583930063253372, 1.0)",1,98.2972059612248,24732
"(0.9916585206907788, 0.9958292603453894)",1,98.29719963284975,24733
"(0.6747507742934573, 0.986081059422206)",1,98.29718891260649,24734
"(0.9029281534808432, 0.9861673414304992)",1,98.29718182331548,24735
"(0.8814814814814814, 0.9833229101521784)",3,98.29717879230078,24738
"(0.9496114574862204, 0.9873891625615764)",1,98.29712880492036,24739
"(0.9621616286938868, 0.9958292603453894)",1,98.29711421589327,24740
"(0.751080181203132, 0.9861673414304992)",1,98.29694012648778,24741
"(0.7836974395113928, 0.988167361639188)",2,98.2968962507094,24743
"(0.9282083232965586, 0.9873891625615764)",1,98.2968515830746,24744
"(0.6742198370105348, 0.9882048106149588)",1,98.29684666247694,24745
"(0.8312205288949474, 0.9882048106149588)",1,98.29678532819932,24746
"(0.9199973910846122, 0.9873891625615764)",1,98.2967648541924,24747
"(0.94484126984127, 0.9861673414304992)",1,98.2967248292023,24748
"(0.789994229453279, 0.9861673414304992)",1,98.29671292859368,24749
"(0.9499687304565352, 0.9833229101521784)",1,98.29669758432784,24750
"(0.94291309888229, 0.991206314397104)",1,98.29669685224567,24751
"(0.8916052423523688, 0.9873891625615764)",2,98.29648884208642,24753
"(0.8208353559736048, 0.9861673414304992)",1,98.29644430178048,24754
"(0.846098299557419, 0.9861673414304992)",1,98.29636740180034,24755
"(0.789994229453279, 0.9861673414304992)",1,98.2963578950276,24756
"(0.765692887308966, 0.9861310021084456)",1,98.29623268363837,24757
"(0.7999088007295942, 0.988167361639188)",1,98.29613506665284,24758
"(0.9028964862298196, 0.9861673414304992)",1,98.29609783426729,24759
"(0.9026337658413128, 0.9861673414304992)",1,98.29606303114662,24760
"(0.6179693015417549, 1.0)",1,98.29604351384602,24761
"(0.8175446168757694, 0.9861673414304992)",1,98.29601382156464,24762
"(0.8468951683237397, 0.9833229101521784)",1,98.29592581247636,24763
"(0.8318290279074593, 0.9861673414304992)",1,98.29555743430863,24764
"(0.9160264866799612, 0.9861673414304992)",1,98.29554018838304,24765
"(0.9072899678389874, 0.987463247273494)",1,98.295304204753,24766
"(0.8687499999999999, 0.988167361639188)",1,98.29529208530194,24767
"(0.8796475392220073, 0.9833229101521784)",1,98.2952613078525,24768
"(0.972420634920635, 0.9861673414304992)",1,98.29515372207496,24769
"(0.8193419055822156, 0.9861673414304992)",2,98.29515284964307,24771
"(0.485879976270526, 0.9992416608232524)",3,98.29505056927866,24774
"(0.8586166985951469, 0.9861673414304992)",1,98.29498598140732,24775
"(0.751080181203132, 0.9861310021084456)",1,98.29498225989626,24776
"(0.4525211933060535, 0.9981012669018314)",1,98.29496730243828,24777
"(0.9009287520039462, 1.0)",1,98.29491916881288,24778
"(0.7348436174331348, 0.9861673414304992)",1,98.29491809669948,24779
"(0.7042648709315374, 1.0)",1,98.29484977364147,24780
"(0.2517239928426216, 0.9996210215628012)",1,98.29466957313264,24781
"(0.7348436174331348, 0.9861673414304992)",1,98.29466421350386,24782
"(0.9026337658413128, 0.9861673414304992)",1,98.29460494615228,24783
"(0.9444901834607716, 0.9861310021084456)",1,98.29454153640164,24784
"(0.1725451185121838, 0.9996210215628012)",3,98.29453814987436,24787
"(0.7344692811916678, 0.9861673414304992)",1,98.29452492159751,24788
"(0.4847252958987063, 0.9937501074421884)",1,98.29445415909863,24789
"(0.8579868984630887, 0.9861673414304992)",1,98.2944455386999,24790
"(0.8877034517510707, 0.9861673414304992)",1,98.29431451270676,24791
"(0.751080181203132, 0.9861310021084456)",1,98.29424224795116,24792
"(0.8175446168757694, 0.9861673414304992)",1,98.29406300132877,24793
"(0.8734313112361893, 0.9861673414304992)",2,98.29405688227544,24795
"(0.9019292060258446, 0.9861673414304992)",1,98.29405634163057,24796
"(0.8621031746031745, 0.9861310021084456)",1,98.29391577755312,24797
"(0.9160264866799612, 0.9861673414304992)",1,98.29386743593211,24798
"(0.944120583717358, 0.9834113430318364)",1,98.29386205081884,24799
"(0.8916052423523688, 0.9873891625615764)",1,98.29379621385635,24800
"(0.8477163887996607, 0.9861310021084456)",1,98.2937583010165,24801
"(0.975195619792394, 0.9958292603453894)",1,98.29370510292168,24802
"(0.5286751006005854, 0.9996210215628012)",3,98.29348172708345,24805
"(0.9707802886550516, 0.9958292603453894)",1,98.29344501484792,24806
"(0.9125533644430458, 0.9873891625615764)",1,98.29339451756766,24807
"(0.9873444118605408, 0.9958292603453894)",1,98.29337638362952,24808
"(0.8443691323092412, 0.9958292603453894)",1,98.29328423441515,24809
"(0.4724538701233134, 0.9975000781372088)",1,98.29326338152477,24810
"(0.8193419055822156, 0.9861673414304992)",1,98.29322848322832,24811
"(0.8877034517510707, 0.9861673414304992)",1,98.29316960184306,24812
"(0.8056354979267693, 0.9861310021084456)",1,98.29316228957022,24813
"(0.90224161204236, 0.9861310021084456)",1,98.2927147142825,24814
"(0.8152898027898028, 0.9861673414304992)",1,98.29271283143248,24815
"(0.9160264866799612, 0.9861673414304992)",1,98.29269857587886,24816
"(0.8567210567210567, 0.9861673414304992)",1,98.29269068650662,24817
"(0.484646846010113, 0.9949997811829872)",1,98.2926679931252,24818
"(0.8748200797381125, 0.9861310021084456)",1,98.29258808054196,24819
"(0.8552744708994707, 0.9861673414304992)",1,98.29256165817765,24820
"(0.8753086419753084, 0.9861310021084456)",1,98.29255832715872,24821
"(0.9582389563841176, 0.9958292603453894)",1,98.2925307697314,24822
"(0.9436368312757202, 0.9861673414304992)",1,98.29251555678545,24823
"(0.927082576248316, 0.9832184229069656)",1,98.29251507188737,24824
"(0.5891971035837016, 0.9988619159967322)",1,98.29250043456312,24825
"(0.920238255356524, 0.9834113430318364)",1,98.29238314378718,24826
"(0.920238255356524, 0.9832925076188832)",2,98.2923596742548,24828
"(0.8318290279074593, 0.9861673414304992)",1,98.29226890277968,24829
"(0.9146901709401708, 0.9861310021084456)",1,98.29217264952996,24830
"(0.5361367504335325, 0.9988619159967322)",3,98.29215459004844,24833
"(0.90224161204236, 0.9861310021084456)",1,98.2921389387654,24834
"(0.828966378966379, 0.9861673414304992)",1,98.2920611728425,24835
"(0.900983347688774, 0.9861673414304992)",1,98.29204684910414,24836
"(0.8547756205106323, 0.9882048106149588)",1,98.2919636651928,24837
"(0.4495135398715946, 1.0)",3,98.29193922375902,24840
"(0.9011810599946194, 0.9861673414304992)",1,98.2919371135758,24841
"(0.8848000715856217, 1.0)",1,98.2919349531634,24842
"(0.8506653943511476, 0.991206314397104)",1,98.29190028090612,24843
"(0.746304385688563, 0.986081059422206)",1,98.29186239634984,24844
"(0.902898027898028, 0.9861310021084456)",1,98.29184181994184,24845
"(0.9297326845255915, 0.9832184229069656)",1,98.29178814184772,24846
"(0.8716153127917834, 0.9861673414304992)",2,98.29171800899113,24848
"(0.3841590381665586, 0.9984817852901372)",3,98.2916998608576,24851
"(0.7997685185185185, 0.9861673414304992)",1,98.29169369338828,24852
"(0.4611605493121345, 0.9975)",1,98.29162170513364,24853
"(0.7580266955266955, 0.9861673414304992)",1,98.29138471721645,24854
"(0.8621031746031745, 0.9861310021084456)",1,98.29137804892956,24855
"(0.8148308968977662, 0.9861673414304992)",1,98.29132629409516,24856
"(0.9017715617715616, 0.9861673414304992)",1,98.29132425006772,24857
"(0.8152898027898028, 0.9861673414304992)",1,98.29118701264932,24858
"(0.8621031746031745, 0.9861310021084456)",1,98.2910608766061,24859
"(0.8847822547822548, 0.9861673414304992)",1,98.29103628598736,24860
"(0.8158591060930126, 0.9861673414304992)",1,98.29103051673192,24861
"(0.8124923632552741, 0.9861673414304992)",1,98.29094259710818,24862
"(0.9172768036761748, 0.9861673414304992)",1,98.29092904617292,24863
"(0.8748200797381125, 0.9861310021084456)",1,98.2908858200996,24864
"(0.8847822547822548, 0.9861673414304992)",1,98.29083476494706,24865
"(0.90224161204236, 0.9861310021084456)",1,98.29079273462972,24866
"(0.8586166985951469, 0.9861673414304992)",1,98.2907797607633,24867
"(0.8478418336329888, 0.991206314397104)",1,98.29077780973526,24868
"(0.9160264866799612, 0.9861673414304992)",1,98.29076538345618,24869
"(0.828966378966379, 0.9861673414304992)",1,98.29073862559382,24870
"(0.8748200797381125, 0.9861310021084456)",1,98.29070191080096,24871
"(0.8753086419753084, 0.9861310021084456)",1,98.29060105836982,24872
"(0.8065954953750508, 0.9882048106149588)",1,98.2905698732296,24873
"(0.8010054664946871, 0.9861673414304992)",2,98.2905608967638,24875
"(0.8996392387758612, 0.9873891625615764)",1,98.29044923661652,24876
"(0.828966378966379, 0.9861673414304992)",1,98.29039288205684,24877
"(0.90224161204236, 0.9861310021084456)",2,98.2903617480111,24879
"(0.8010054664946871, 0.9861673414304992)",1,98.29015508010872,24880
"(0.4921211569947243, 0.9975000781372088)",1,98.29012796726856,24881
"(0.8621031746031745, 0.9861310021084456)",1,98.29002895820548,24882
"(0.902192297684101, 0.9861310021084456)",1,98.29000187756456,24883
"(0.8587195484254307, 0.9861310021084456)",1,98.2899793580333,24884
"(0.828966378966379, 0.9861673414304992)",1,98.28984420249115,24885
"(0.9621616286938868, 0.9958292603453894)",1,98.28974272569889,24886
"(0.8743078626799556, 0.9861310021084456)",1,98.28951701825412,24887
"(0.8715701474388204, 0.9861310021084456)",1,98.2891588311505,24888
"(0.9374843410636878, 0.9832184229069656)",1,98.28910853159032,24889
"(0.620130835563485, 0.991206314397104)",1,98.28906937353248,24890
"(0.8581022152450725, 0.9861310021084456)",1,98.28901391063056,24891
"(0.987491854024112, 0.9958292603453894)",1,98.28891723971748,24892
"(0.9301209372637944, 0.9861310021084456)",1,98.28868108761858,24893
"(0.972281746031746, 0.9861673414304992)",1,98.288579093181,24894
"(0.8877034517510707, 0.9861673414304992)",1,98.2882418983849,24895
"(0.9831777451938742, 0.9958292603453894)",2,98.28821021030168,24897
"(0.8420013166556947, 1.0)",1,98.28818898720078,24898
"(0.7837606837606838, 0.9861673414304992)",1,98.28814217968994,24899
"(0.7404350561362756, 0.9861673414304992)",1,98.28805601839936,24900
"(0.8110682791635173, 0.9861673414304992)",1,98.28804377933274,24901
"(0.8587195484254307, 0.9861310021084456)",1,98.28790055242705,24902
"(0.6042502004811546, 0.9882048106149588)",1,98.287826250487,24903
"(0.7837606837606838, 0.9861673414304992)",1,98.28779652199071,24904
"(0.6992775742775743, 0.9861673414304992)",1,98.28772574992922,24905
"(0.9243707071934514, 0.9873891625615764)",1,98.2876471745811,24906
"(0.9041196741854636, 0.991206314397104)",1,98.28761450996878,24907
"(0.6698155645524068, 1.0)",1,98.28761391737166,24908
"(0.5208957469413343, 0.9988619159967322)",3,98.28761179846089,24911
"(0.902192297684101, 0.9861310021084456)",1,98.2875721772999,24912
"(0.8753086419753084, 0.9861310021084456)",2,98.2875324171259,24914
"(0.6992775742775743, 0.9861673414304992)",1,98.2873947399724,24915
"(0.6052212368618619, 1.0)",2,98.28738948161818,24917
"(0.8085259100433108, 0.9861673414304992)",1,98.2873628760812,24918
"(0.7404350561362756, 0.9861673414304992)",1,98.28731216244732,24919
"(0.966586548597934, 0.9874762808349148)",1,98.2872432060503,24920
"(0.503442416215342, 0.9961927960732532)",1,98.28706330611702,24921
"(0.8748200797381125, 0.9861310021084456)",2,98.28703238972987,24923
"(0.9621616286938868, 0.9958292603453894)",1,98.28693534451769,24924
"(0.7404350561362756, 0.9861673414304992)",1,98.28685970952536,24925
"(0.9436368312757202, 0.9861310021084456)",1,98.28679673561314,24926
"(0.7404350561362756, 0.9861673414304992)",1,98.28674197119616,24927
"(0.7404350561362756, 0.9861673414304992)",1,98.28671079057446,24928
"(0.8390424521630195, 0.9861673414304992)",1,98.28669852480016,24929
"(0.7168719671519223, 0.991206314397104)",1,98.28641960777954,24930
"(0.7632275132275131, 0.986081059422206)",1,98.28633565893956,24931
"(0.8715701474388204, 0.9861310021084456)",1,98.28628786601944,24932
"(0.8071948928825261, 0.9861673414304992)",1,98.28605416925862,24933
"(0.8704277165411618, 0.9861310021084456)",1,98.2860439561918,24934
"(0.9436368312757202, 0.9861673414304992)",1,98.28603387066666,24935
"(0.7404350561362756, 0.9861673414304992)",2,98.28596057524275,24937
"(0.6869123470719676, 0.9861310021084456)",1,98.28584564064792,24938
"(0.7374768177381903, 0.991206314397104)",1,98.28574343596549,24939
"(0.9442283950617284, 0.986081059422206)",1,98.28572409608402,24940
"(0.8218185392856778, 0.9861673414304992)",2,98.28556375007716,24942
"(0.7929952283943881, 0.9861673414304992)",1,98.2854633240558,24943
"(0.7708796965987909, 0.9861310021084456)",1,98.28543362512508,24944
"(0.8761383419447936, 0.9873891625615764)",2,98.28515999793906,24946
"(0.9444901834607716, 0.9861673414304992)",1,98.28491889833724,24947
"(0.9466127311522048, 0.991206314397104)",1,98.28488208236396,24948
"(0.9057330122004186, 0.991206314397104)",1,98.28486324757108,24949
"(0.8085259100433108, 0.9861673414304992)",1,98.28477024241074,24950
"(0.9916585206907788, 0.9958292603453894)",1,98.28471991924516,24951
"(0.3784594749952097, 1.0)",1,98.28460157393847,24952
"(0.506032156862745, 0.9962501582231502)",1,98.2845358957782,24953
"(0.8475002808673183, 0.9861673414304992)",1,98.2844502633196,24954
"(0.8329339143064635, 0.9861673414304992)",1,98.28441888862076,24955
"(0.3690581214322782, 1.0)",1,98.2843926110133,24956
"(0.6760835913312693, 0.986081059422206)",1,98.28405970969531,24957
"(0.8732774170274171, 0.986081059422206)",1,98.28404695348053,24958
"(0.900983347688774, 0.9861673414304992)",1,98.28379614724848,24959
"(0.7962102115226081, 0.988167361639188)",1,98.28378931929646,24960
"(0.9459160985885124, 0.9873891625615764)",1,98.28377108018542,24961
"(0.8475002808673183, 0.9861673414304992)",1,98.28370165901464,24962
"(0.975479255167798, 0.9958292603453894)",1,98.28367193353677,24963
"(0.9834358767945106, 0.9958292603453894)",1,98.28366137397984,24964
"(0.9079075500409146, 0.9834113430318364)",1,98.28363758245692,24965
"(0.8916052423523688, 0.9873891625615764)",1,98.2835870589639,24966
"(0.4925733396357239, 0.9962501582231502)",1,98.28342937936816,24967
"(0.5284898548762047, 1.0)",2,98.28336262411678,24969
"(0.8552744708994707, 0.9861673414304992)",2,98.2832606262698,24971
"(0.8874191651969431, 0.9861673414304992)",1,98.28323536117318,24972
"(0.9958292603453894, 1.0)",1,98.2831948147216,24973
"(0.8341307814992026, 0.9833229101521784)",1,98.28316142565184,24974
"(0.751080181203132, 0.9861673414304992)",1,98.2830973442112,24975
"(0.9833229101521784, 0.9833229101521784)",1,98.28309103918863,24976
"(0.917415489944373, 0.9833229101521784)",1,98.2830606848579,24977
"(0.8751897860593512, 0.9861673414304992)",2,98.2830453610182,24979
"(0.934065934065934, 0.9833229101521784)",4,98.28303403913164,24983
"(0.789994229453279, 0.9861673414304992)",1,98.28294155153222,24984
"(0.6760835913312693, 0.986081059422206)",1,98.28290653051612,24985
"(0.7962102115226081, 0.988167361639188)",1,98.28288622034847,24986
"(0.9665831244778612, 0.9833229101521784)",2,98.28288163724176,24988
"(0.8416827657517105, 0.9861310021084456)",2,98.282865260158,24990
"(0.9665831244778612, 0.9833229101521784)",2,98.28281894141529,24992
"(0.9114218054477384, 0.9873891625615764)",1,98.28276051228583,24993
"(0.4049163909196675, 0.9996210215628012)",2,98.28270891212443,24995
"(0.9665831244778612, 0.9833229101521784)",1,98.28260504293884,24996
"(0.4747763864042934, 1.0)",1,98.28246356017178,24997
"(0.7524760273298283, 0.991206314397104)",3,98.28243118235213,25000
"(0.9916585206907788, 0.9958292603453894)",1,98.28240504345943,25001
"(0.9666562434855118, 0.9833229101521784)",1,98.28229101521788,25002
"(0.9499687304565352, 0.9833229101521784)",1,98.28228059203671,25003
"(0.9310483384791604, 0.9861673414304992)",1,98.28226368761226,25004
"(0.9166145507608924, 0.9833229101521784)",1,98.2822597456744,25005
"(0.902192297684101, 0.9861310021084456)",1,98.2822510865776,25006
"(0.9666562434855118, 0.9833229101521784)",1,98.28222831939138,25007
"(0.8596618357487924, 0.9861673414304992)",2,98.2821992620027,25009
"(0.9499687304565352, 0.9833229101521784)",1,98.28219704984792,25010
"(0.9665831244778612, 0.9833229101521784)",2,98.282164134539,25012
"(0.9666666666666668, 0.9833229101521784)",2,98.28215520038373,25014
"(0.789994229453279, 0.9861673414304992)",1,98.28208285824316,25015
"(0.9665831244778612, 0.9833229101521784)",3,98.28207165819492,25018
"(0.9026337658413128, 0.9861673414304992)",1,98.2820645538105,25019
"(0.6042502004811546, 0.9882048106149588)",1,98.28205477238288,25020
"(0.9666666666666668, 0.9833229101521784)",1,98.28202902059968,25021
"(0.9497171590194848, 0.9833229101521784)",2,98.28202902059968,25023
"(0.9665831244778612, 0.9833229101521784)",1,98.28200226916532,25024
"(0.9497171590194846, 0.9833229101521784)",2,98.28194547841086,25026
"(0.9833229101521784, 0.9833229101521784)",1,98.28194547841086,25027
"(0.9665831244778612, 0.9833229101521784)",9,98.28194547841086,25036
"(0.903667392883079, 1.0)",1,98.2819160893575,25037
"(0.8860455063826657, 0.9861673414304992)",1,98.28190297061744,25038
"(0.7994987468671678, 0.9833229101521784)",1,98.28188357071544,25039
"(0.9497171590194846, 0.9833229101521784)",1,98.28188278258438,25040
"(0.9497171590194848, 0.9833229101521784)",2,98.28188278258438,25042
"(0.9674564520532262, 0.9958292603453894)",1,98.28180521380214,25043
"(0.9161952650324744, 0.9833229101521784)",1,98.2817986104818,25044
"(0.9243707071934514, 0.9873891625615764)",1,98.28179044326993,25045
"(0.9167853751187084, 0.986081059422206)",1,98.2817616695502,25046
"(0.9161952650324744, 0.9833229101521784)",1,98.281715068293,25047
"(1.0, 0.9833229101521784)",1,98.28164888408794,25048
"(0.9666666666666668, 0.9833229101521784)",3,98.28164888408794,25051
"(0.9326599326599326, 0.9833229101521784)",5,98.28162803772564,25056
"(0.9326599326599326, 0.9833229101521784)",2,98.28156534189914,25058
"(0.8586166985951469, 1.0)",3,98.28155760576688,25061
"(0.882673371045464, 0.9833229101521784)",1,98.28154735400165,25062
"(0.7999088007295942, 0.988167361639188)",1,98.28153087482954,25063
"(0.9199973910846122, 0.9873891625615764)",1,98.28148529375136,25064
"(0.8874191651969431, 0.9861673414304992)",1,98.28145916972568,25065
"(0.9744745723240348, 0.9958292603453894)",1,98.28138440431825,25066
"(0.765692887308966, 0.9861310021084456)",1,98.28134699469692,25067
"(0.9310483384791604, 0.9861673414304992)",2,98.28126808248214,25069
"(0.789994229453279, 0.9861673414304992)",1,98.28125947143876,25070
"(0.9161952650324744, 0.9833229101521784)",1,98.2812087519972,25071
"(0.8916052423523688, 0.9873891625615764)",1,98.28113032409802,25072
"(0.4037090566294931, 0.9981012669018314)",3,98.28112218224952,25075
"(0.9153439153439156, 0.9833229101521784)",2,98.28098911025744,25077
"(0.6460231360441068, 0.996575280197092)",1,98.28092207392427,25078
"(0.7348436174331348, 0.9861673414304992)",1,98.28090124117443,25079
"(0.9153439153439156, 0.9833229101521784)",1,98.28086371860444,25080
"(0.930124456440246, 0.9861673414304992)",1,98.28085272398243,25081
"(0.8653198653198653, 0.9833229101521784)",1,98.2808141473694,25082
"(0.477671768371638, 0.9992416608232524)",3,98.2808115642001,25085
"(0.7348436174331348, 0.9861673414304992)",1,98.2807681811659,25086
"(0.8902783631946863, 0.9861673414304992)",1,98.28068618925236,25087
"(0.8316498316498316, 0.9833229101521784)",1,98.28061777997596,25088
"(0.8604306971015356, 0.9861673414304992)",2,98.28041725325804,25090
"(0.900983347688774, 0.9861673414304992)",1,98.28031888090092,25091
"(0.8318290279074593, 0.9861673414304992)",2,98.28021281839683,25093
"(0.765692887308966, 0.9861310021084456)",1,98.2801017566357,25094
"(0.9333333333333332, 0.9833229101521784)",1,98.28006218720463,25095
"(0.8315995778682346, 0.9861673414304992)",1,98.2800572635347,25096
"(0.8976982097186702, 0.9833229101521784)",1,98.28002049448,25097
"(0.8557525637073444, 0.9874877810361682)",1,98.27998808632437,25098
"(0.8877034517510707, 0.9861673414304992)",1,98.27992916654678,25099
"(0.8874191651969431, 0.9861673414304992)",2,98.27990659910968,25101
"(0.9331662489557224, 0.9833229101521784)",1,98.27983240700053,25102
"(0.7348436174331348, 0.9861673414304992)",1,98.27981188364214,25103
"(0.8876473063973064, 0.9861673414304992)",1,98.27975131400396,25104
"(0.4705899148246182, 0.9962497362353954)",3,98.27952007688326,25107
"(0.9032855633136024, 0.9861673414304992)",1,98.27932490768352,25108
"(0.4009727434617732, 0.9996210215628012)",3,98.27930935288116,25111
"(0.9160264866799612, 0.9861673414304992)",1,98.2791511095055,25112
"(0.9374843410636878, 0.987463247273494)",1,98.27914257534292,25113
"(0.9791388745136372, 0.9958292603453894)",1,98.27913822545078,25114
"(0.7574146783449108, 0.9882048106149588)",1,98.27911758446486,25115
"(0.8883034087952121, 0.9861310021084456)",1,98.27903904692472,25116
"(0.4553345256344744, 0.9987499746026686)",1,98.27901346039012,25117
"(0.8056354979267693, 0.9861310021084456)",1,98.27896255499918,25118
"(0.8586166985951469, 0.9861673414304992)",1,98.2788653179283,25119
"(0.90224161204236, 0.9861310021084456)",1,98.27882819241294,25120
"(0.7999088007295942, 0.988167361639188)",1,98.27882030446465,25121
"(0.7348436174331348, 0.9861310021084456)",1,98.27875362903124,25122
"(0.9029281534808432, 0.9861673414304992)",1,98.2786692868092,25123
"(0.9166145507608924, 0.9833229101521784)",1,98.27864691383115,25124
"(0.503442416215342, 0.9996210215628012)",3,98.2786117465009,25127
"(0.8294970161977834, 0.9833229101521784)",1,98.2785276603504,25128
"(0.4943189964157706, 1.0)",1,98.27850169851584,25129
"(0.8455704732698088, 0.9861310021084456)",1,98.27842201181195,25130
"(0.8552744708994707, 0.9861673414304992)",1,98.27834885134904,25131
"(0.8567210567210567, 0.9861673414304992)",1,98.27831245176722,25132
"(0.8056354979267693, 0.9861310021084456)",1,98.27827718744608,25133
"(0.5452310701354139, 1.0)",3,98.27820512391312,25136
"(0.7348436174331348, 0.9861310021084456)",1,98.2781682553389,25137
"(0.4971911339651811, 0.9973390598305516)",1,98.2779366983993,25138
"(0.917283950617284, 0.9861673414304992)",2,98.2778984693396,25140
"(0.9061764476533613, 0.9832184229069656)",2,98.27787030063244,25142
"(0.5450348040348041, 1.0)",1,98.2778688141548,25143
"(0.9616410906733488, 0.9958292603453894)",1,98.27785060878428,25144
"(0.92132700797001, 0.9834113430318364)",1,98.27777424267671,25145
"(0.8547756205106323, 0.9882048106149588)",1,98.27772706945872,25146
"(0.90224161204236, 0.9861310021084456)",1,98.2776886680989,25147
"(0.7350777099102015, 1.0)",3,98.27765857247316,25150
"(0.8308201058201059, 0.9861673414304992)",1,98.27765361177627,25151
"(0.8044914258149553, 0.9861310021084456)",1,98.2775440488395,25152
"(0.8804215399610136, 0.991206314397104)",2,98.27748517130355,25154
"(0.828966378966379, 0.9861673414304992)",1,98.27726381808976,25155
"(0.8124923632552741, 0.9861673414304992)",1,98.27712230865342,25156
"(0.8010054664946871, 0.9861673414304992)",1,98.27704054106005,25157
"(0.902192297684101, 0.9861310021084456)",1,98.27695993034428,25158
"(0.95305342208568, 0.9873891625615764)",1,98.27688376948596,25159
"(0.9578073654603132, 0.9958292603453894)",1,98.2766973038574,25160
"(0.6179693015417549, 1.0)",1,98.2766370902906,25161
"(0.7348436174331348, 0.9861310021084456)",1,98.27657768397934,25162
"(0.6460231360441068, 0.9961927960732532)",1,98.27652287381584,25163
"(0.8110682791635173, 0.9861673414304992)",1,98.27640476348505,25164
"(0.6886904761904762, 1.0)",1,98.27634305884068,25165
"(0.97495917428555, 0.9958292603453894)",1,98.2763091042252,25166
"(0.9793747635794354, 0.9958292603453894)",1,98.27629215791188,25167
"(0.8596618357487924, 0.9861310021084456)",2,98.2762615636329,25169
"(0.972281746031746, 0.9861673414304992)",1,98.27596806602487,25170
"(0.8581022152450725, 0.9861310021084456)",1,98.27589522228428,25171
"(0.9162596992611264, 0.9861673414304992)",1,98.27582872763551,25172
"(0.9436368312757202, 0.9861673414304992)",1,98.27581335775687,25173
"(0.7075825156110616, 0.991206314397104)",1,98.2757729530849,25174
"(0.927082576248316, 0.9834113430318364)",1,98.27575192451702,25175
"(0.9496114574862204, 0.9873891625615764)",1,98.27572179744264,25176
"(0.8871082621082622, 0.9861310021084456)",1,98.27571851324514,25177
"(0.8388048698116161, 0.9861673414304992)",1,98.2757122441818,25178
"(0.7708796965987909, 0.9861673414304992)",1,98.27570100077232,25179
"(0.9832401090007582, 0.9958292603453894)",1,98.275662409466,25180
"(0.9583930063253372, 1.0)",1,98.2756463776606,25181
"(0.9829909379735984, 0.9958292603453894)",1,98.2754849118898,25182
"(0.8249504969211211, 0.988167361639188)",1,98.27536374339267,25183
"(0.9293300445873568, 0.9873891625615764)",1,98.27529068411486,25184
"(0.9832184229069656, 0.9958292603453894)",1,98.27526629285556,25185
"(0.8761383419447936, 0.9873891625615764)",1,98.27504602789236,25186
"(0.9665831244778612, 1.0)",1,98.2749837094345,25187
"(0.7708796965987909, 0.9861673414304992)",1,98.27484736786296,25188
"(0.7708796965987909, 0.9861673414304992)",1,98.2745431550457,25189
"(0.2520817505905556, 0.9984817852901372)",1,98.27447580215556,25190
"(0.9707136080238548, 0.9958292603453894)",1,98.27446501346456,25191
"(0.7999088007295942, 0.988167361639188)",1,98.27437015481652,25192
"(0.8937718863178524, 0.9832184229069656)",1,98.27422363842828,25193
"(0.90224161204236, 0.9861310021084456)",1,98.27414145025809,25194
"(0.8916052423523688, 0.9873891625615764)",1,98.27408560739346,25195
"(0.9412964149491664, 0.9873891625615764)",1,98.27400368571791,25196
"(0.8085259100433108, 0.9861673414304992)",2,98.27396484806609,25198
"(0.4822651515151516, 0.9992416608232524)",1,98.27396309976017,25199
"(0.304184857695496, 0.9973390598305516)",3,98.27368951332028,25202
"(0.7401844059863599, 0.9861673414304992)",1,98.27364019005964,25203
"(0.5009421228446381, 0.9962497362353954)",1,98.27350636886094,25204
"(0.8333192389006343, 0.988167361639188)",1,98.27347906942106,25205
"(0.8694224991654613, 0.988167361639188)",1,98.27346480010772,25206
"(0.7837606837606838, 0.9861673414304992)",1,98.27342349056876,25207
"(0.7404350561362756, 0.9861673414304992)",1,98.27335106531808,25208
"(0.8506653943511476, 0.991206314397104)",1,98.27334919400224,25209
"(0.8490208544183524, 0.9861310021084456)",1,98.27314792384688,25210
"(0.5169410170491575, 0.9984817852901372)",1,98.27302710656912,25211
"(0.7708796965987909, 0.9861673414304992)",2,98.27301921096588,25213
"(0.9164187516971112, 0.983305541180304)",1,98.2729276230284,25214
"(0.8594632507090886, 0.9861310021084456)",1,98.27286494456143,25215
"(0.7404350561362756, 0.9861673414304992)",1,98.27270617552249,25216
"(0.9374843410636878, 0.9834113430318364)",1,98.27265736923418,25217
"(0.7837606837606838, 0.9861673414304992)",1,98.27257213803752,25218
"(0.8726893261776982, 0.988167361639188)",1,98.2724410217841,25219
"(0.7999088007295942, 0.988167361639188)",1,98.27232713607197,25220
"(0.476767449342614, 0.9958099132756668)",1,98.27214699266725,25221
"(0.8506653943511476, 0.991206314397104)",1,98.27211180374206,25222
"(0.8390424521630195, 0.9861673414304992)",2,98.27203191104836,25224
"(0.7837606837606838, 0.9861673414304992)",1,98.27196116336968,25225
"(0.3434871832287562, 0.9975000781372088)",1,98.27195681162176,25226
"(0.2214665086585351, 0.9984817852901372)",1,98.27181929448402,25227
"(0.7999088007295942, 0.988167361639188)",2,98.27173709806864,25229
"(0.7794241245535004, 0.9861673414304992)",1,98.27169198303254,25230
"(0.8390424521630195, 0.9861673414304992)",1,98.2716851492227,25231
"(0.9032855633136024, 0.9861673414304992)",1,98.27166933896356,25232
"(0.9300671002153482, 1.0)",1,98.27161326617264,25233
"(0.518883018547448, 0.9977203590215908)",1,98.27140736497677,25234
"(0.8586166985951469, 0.9861310021084456)",1,98.27133276960058,25235
"(0.4722366884143547, 0.9974998905914936)",1,98.2713324673948,25236
"(1.0, 0.9833229101521784)",1,98.27125286637484,25237
"(0.9300671002153482, 0.9861673414304992)",1,98.27117597658751,25238
"(0.4943189964157706, 1.0)",1,98.27115452692033,25239
"(0.9310483384791604, 0.9861673414304992)",1,98.27111330850796,25240
"(0.8753086419753084, 0.9861310021084456)",1,98.2710730215204,25241
"(0.8733799478600891, 0.987463247273494)",1,98.27092000980946,25242
"(0.4957093292502148, 0.9992416608232524)",1,98.2708732676913,25243
"(0.9079075500409146, 0.9834113430318364)",2,98.27065471580562,25245
"(0.9476043407479208, 1.0)",1,98.27062463533804,25246
"(0.930124456440246, 0.9861673414304992)",1,98.27062042385458,25247
"(0.8475002808673183, 0.9861673414304992)",1,98.27054952343128,25248
"(0.6804620726495727, 0.986081059422206)",2,98.2705123834264,25250
"(0.5521709560790242, 1.0)",3,98.2704763052244,25253
"(0.9301209372637944, 0.9861310021084456)",1,98.27046648549349,25254
"(0.419237903544084, 1.0)",1,98.27042103204728,25255
"(0.8552744708994707, 0.9861673414304992)",3,98.27038089904016,25258
"(0.4049163909196675, 0.9992416608232524)",3,98.27035888804338,25261
"(0.9297326845255915, 0.9834113430318364)",1,98.27033523723978,25262
"(0.9293300445873568, 0.9873891625615764)",1,98.27018711095172,25263
"(0.8322510822510822, 0.9861673414304992)",1,98.26994193768437,25264
"(0.6575398846941737, 0.9885557944107872)",1,98.2698543420026,25265
"(0.8733799478600891, 0.9832925076188832)",1,98.269814532992,25266
"(0.9017715617715616, 0.9861673414304992)",1,98.26976268114532,25267
"(0.8876473063973064, 0.9861673414304992)",1,98.26974170803447,25268
"(0.6813936996863826, 0.9861673414304992)",1,98.26973631293517,25269
"(0.751080181203132, 0.9861673414304992)",1,98.26968105482796,25270
"(0.8883678678403513, 0.9861673414304992)",1,98.26965037911268,25271
"(0.950175761409158, 0.9832184229069656)",2,98.26963903682092,25273
"(0.7713401051412279, 1.0)",1,98.2696372749336,25274
"(0.8874191651969431, 0.9861673414304992)",1,98.2696137258564,25275
"(0.7404350561362756, 0.9861310021084456)",1,98.2695898513928,25276
"(0.8874191651969431, 0.9861673414304992)",1,98.26950325865108,25277
"(0.6042502004811546, 0.9882048106149588)",1,98.26929533027392,25278
"(0.751080181203132, 0.9861673414304992)",2,98.26914260651456,25280
"(0.8876473063973064, 0.9861673414304992)",1,98.26913891716444,25281
"(0.4933386447129642, 0.9962501582231502)",1,98.269130690135,25282
"(0.930124456440246, 0.9861673414304992)",1,98.26896275837764,25283
"(0.9791258409522168, 0.9958292603453894)",1,98.26890050518796,25284
"(0.8587195484254307, 0.9861310021084456)",1,98.26882997181188,25285
"(0.4594704236610712, 0.9962499238080056)",1,98.26879032317082,25286
"(0.9436368312757202, 0.9861673414304992)",1,98.2687061667601,25287
"(0.751080181203132, 0.9861673414304992)",2,98.2686300811312,25289
"(0.8218185392856778, 0.9861673414304992)",2,98.26855527953634,25291
"(0.8596618357487924, 0.9861673414304992)",1,98.2682942042776,25292
"(0.917283950617284, 0.9861673414304992)",1,98.26818556946472,25293
"(0.8587195484254307, 0.9861310021084456)",1,98.26801976768353,25294
"(0.8593554593554595, 0.9861673414304992)",2,98.2678708550194,25296
"(0.7772049591964847, 0.9861673414304992)",1,98.26782309266484,25297
"(0.8883678678403513, 0.9861673414304992)",1,98.2677776425174,25298
"(0.7323695788812067, 0.988167361639188)",1,98.26761477406812,25299
"(0.8543547774492897, 0.9861673414304992)",1,98.26752373595995,25300
"(0.8883678678403513, 0.9861673414304992)",2,98.26745960778632,25302
"(0.9026337658413128, 0.9861673414304992)",1,98.26734775886638,25303
"(0.8193419055822156, 0.9861673414304992)",1,98.26731200700324,25304
"(1.0, 0.9833229101521784)",1,98.26729748552602,25305
"(0.8970129352925051, 0.9958292603453894)",1,98.26718348833052,25306
"(0.9017715617715616, 0.9861673414304992)",2,98.26716262148508,25308
"(0.7711781618000022, 1.0)",1,98.26713937701552,25309
"(0.8676532769556025, 0.9882048106149588)",1,98.26703830890922,25310
"(0.7651777469990767, 0.991206314397104)",1,98.26701012696664,25311
"(0.8182746938899523, 0.9861673414304992)",1,98.26697223858498,25312
"(0.8322510822510822, 0.9861673414304992)",1,98.26688713652078,25313
"(0.765692887308966, 0.9861310021084456)",1,98.26686675500524,25314
"(0.8584175084175085, 0.9861673414304992)",2,98.26684619855452,25316
"(0.8845578466141503, 0.9833229101521784)",1,98.2668382819113,25317
"(0.8322510822510822, 0.9861673414304992)",1,98.2667823983471,25318
"(0.8552744708994707, 0.9861673414304992)",1,98.26664564600031,25319
"(0.9032855633136024, 0.9861673414304992)",1,98.26655796153756,25320
"(0.9833229101521784, 0.9833229101521784)",1,98.26651472144952,25321
"(0.8341307814992026, 0.9833229101521784)",1,98.26650518216633,25322
"(0.940928587432546, 0.9832925076188832)",1,98.26643352350366,25323
"(0.8315995778682346, 0.9861673414304992)",2,98.26635504804678,25325
"(0.7344692811916678, 0.9861673414304992)",2,98.2663546080471,25327
"(0.9333044546043194, 0.9958292603453894)",1,98.2663093504278,25328
"(0.934065934065934, 0.9833229101521784)",1,98.26629425345732,25329
"(0.917415489944373, 0.9833229101521784)",1,98.26625820335708,25330
"(0.917415489944373, 0.9833229101521784)",1,98.26619550753058,25331
"(0.7121693121693121, 1.0)",1,98.26616567615945,25332
"(0.8982888105990573, 0.9876066164491212)",1,98.26616233389674,25333
"(0.9665831244778612, 0.9833229101521784)",1,98.26614185156744,25334
"(0.8974984433303618, 0.9873891625615764)",1,98.26610646736034,25335
"(0.9497171590194848, 0.9833229101521784)",1,98.2660156717834,25336
"(0.8726893261776982, 0.988167361639188)",2,98.26596815064768,25338
"(0.765692887308966, 0.9861310021084456)",1,98.2659606499006,25339
"(0.9161952650324744, 0.9833229101521784)",1,98.26594858307853,25340
"(0.9161952650324744, 0.9833229101521784)",1,98.2659277367162,25341
"(0.944120583717358, 0.987463247273494)",1,98.26588327996356,25342
"(0.9161952650324744, 0.9833229101521784)",1,98.265847957492,25343
"(0.8899966931216932, 0.9861310021084456)",1,98.26582838268716,25344
"(0.4971911339651811, 0.9973390598305516)",1,98.26582738673882,25345
"(0.9003556829643787, 0.9833229101521784)",1,98.2658127903984,25346
"(0.943875558870815, 0.987463247273494)",1,98.26579897776666,25347
"(0.8490208544183524, 0.9861310021084456)",1,98.26575844353415,25348
"(0.9000617225831424, 0.9833229101521784)",1,98.26572776385898,25349
"(0.9749088814411396, 1.0)",1,98.26571172160344,25350
"(0.9000617225831424, 0.9833229101521784)",1,98.26570691749666,25351
"(0.599744651595403, 0.9981012669018314)",1,98.26567628344122,25352
"(0.751080181203132, 0.9861310021084456)",2,98.26566020160324,25354
"(0.9750072792119512, 1.0)",1,98.26554985979828,25355
"(0.9666666666666668, 0.9833229101521784)",2,98.26549895689824,25357
"(0.8997493734335841, 0.9833229101521784)",2,98.2654154147094,25359
"(0.933096859926128, 0.9833229101521784)",1,98.26540872150632,25360
"(0.8997493734335841, 0.9833229101521784)",1,98.2653945683471,25361
"(0.9666666666666668, 0.9833229101521784)",2,98.26537277711417,25363
"(0.933096859926128, 0.9833229101521784)",1,98.26533560249868,25364
"(0.9665831244778612, 0.9833229101521784)",3,98.2653318725206,25367
"(0.933096859926128, 0.9833229101521784)",3,98.26532517931751,25370
"(0.933096859926128, 0.9833229101521784)",1,98.265262483491,25371
"(0.7994987468671678, 0.9833229101521784)",2,98.26520648086762,25373
"(0.9497171590194848, 0.9833229101521784)",1,98.26520569273656,25374
"(0.9833229101521784, 0.9833229101521784)",2,98.26520569273654,25376
"(0.9665831244778612, 0.9833229101521784)",1,98.26520569273654,25377
"(0.9583930063253372, 1.0)",1,98.26512797238158,25378
"(0.9326599326599326, 0.9833229101521784)",1,98.26508652316936,25379
"(0.9497171590194848, 0.9833229101521784)",6,98.2650795129525,25385
"(0.9497171590194846, 0.9833229101521784)",1,98.2650795129525,25386
"(0.9282083232965586, 0.9873891625615764)",1,98.26503508834853,25387
"(0.9665831244778612, 0.9833229101521784)",1,98.265016817126,25388
"(0.9160264866799612, 0.9861673414304992)",1,98.2649986441131,25389
"(0.9333333333333332, 0.9833229101521784)",1,98.26499264060244,25390
"(1.0, 0.9833229101521784)",3,98.26499264060244,25393
"(0.8883034087952121, 0.9861310021084456)",1,98.2649888529708,25394
"(0.9326599326599326, 0.9833229101521784)",1,98.26496137105896,25395
"(0.7374768177381903, 0.991206314397104)",1,98.26481274931815,25396
"(0.9161952650324744, 0.9833229101521784)",1,98.26478640700812,25397
"(0.9582389563841176, 0.9958292603453894)",1,98.26475092435456,25398
"(0.8148308968977662, 0.9861673414304992)",1,98.26471790147345,25399
"(0.9833229101521784, 0.9833229101521784)",1,98.26469937644076,25400
"(0.8156295830714435, 0.9833229101521784)",1,98.26466022722408,25401
"(0.7918894458368143, 0.9861310021084456)",1,98.26463833755932,25402
"(0.8148308968977662, 0.9861673414304992)",1,98.26462986258323,25403
"(0.331262443438914, 0.9977203590215908)",1,98.26445454693736,25404
"(0.7374768177381903, 0.991206314397104)",1,98.26444660150126,25405
"(0.789994229453279, 0.9861673414304992)",1,98.26434461812194,25406
"(0.9153439153439156, 0.9833229101521784)",8,98.26431202040962,25414
"(0.8056354979267693, 0.9861310021084456)",1,98.26426304565196,25415
"(0.9153439153439156, 0.9833229101521784)",2,98.26424932458312,25417
"(0.950175761409158, 0.9834113430318364)",1,98.26401866187986,25418
"(0.8148308968977662, 0.9861673414304992)",1,98.26399985471042,25419
"(0.4514795008912656, 0.9987499746026686)",1,98.26394627181156,25420
"(0.8165509259259259, 1.0)",1,98.2638687282712,25421
"(0.8753086419753084, 0.9861310021084456)",1,98.26377848836034,25422
"(0.8814814814814814, 0.9833229101521784)",2,98.26374107041632,25424
"(0.8579868984630887, 0.9861673414304992)",1,98.26349376882833,25425
"(0.9476043407479208, 1.0)",1,98.2634492200622,25426
"(0.8459744503862151, 0.9861310021084456)",3,98.26338852995929,25429
"(0.8976982097186702, 0.9833229101521784)",2,98.2633434046322,25431
"(0.7962102115226081, 0.988167361639188)",1,98.26328655260971,25432
"(0.8916052423523688, 0.9873891625615764)",1,98.26328370159602,25433
"(0.8976982097186702, 0.9833229101521784)",1,98.2632807088057,25434
"(0.765692887308966, 0.9861310021084456)",2,98.26322531867608,25436
"(0.8976982097186702, 0.9833229101521784)",1,98.2632180129792,25437
"(0.8071948928825261, 0.9861673414304992)",1,98.26321486479026,25438
"(0.8010054664946871, 0.9861673414304992)",2,98.26316363825327,25440
"(0.902192297684101, 0.9861310021084456)",1,98.26314360298228,25441
"(0.9162596992611264, 0.9861310021084456)",1,98.26300779216194,25442
"(0.8010054664946871, 0.9861673414304992)",1,98.26300107322729,25443
"(0.8388048698116161, 0.9861673414304992)",2,98.26294885453258,25445
"(0.8621031746031745, 0.9861310021084456)",1,98.26291910403994,25446
"(0.6815232656375146, 0.986081059422206)",1,98.26291037337909,25447
"(0.2537048100490196, 0.9988619159967322)",3,98.2628846443144,25450
"(0.6050868628167587, 0.9992416608232524)",3,98.2627421552969,25453
"(0.620130835563485, 0.991206314397104)",1,98.26273924435483,25454
"(0.7532376017916352, 0.986081059422206)",1,98.26266512166504,25455
"(0.5073536286909905, 0.9996210215628012)",3,98.2624288997366,25458
"(0.8871966240387292, 0.9861673414304992)",1,98.26242553437116,25459
"(0.8044914258149553, 0.9861310021084456)",1,98.2622892383724,25460
"(0.7977749180480272, 0.9861673414304992)",2,98.26224347556683,25462
"(0.828966378966379, 0.9861673414304992)",1,98.26197308292038,25463
"(0.8294970161977834, 0.9833229101521784)",2,98.2618505705026,25465
"(0.8294970161977834, 0.9833229101521784)",1,98.2617878746761,25466
"(0.5087400188487272, 0.9937491695468736)",1,98.2616462203844,25467
"(0.9146901709401708, 0.9861310021084456)",1,98.26151458840845,25468
"(0.8883034087952121, 0.9861310021084456)",1,98.26150971649002,25469
"(0.8942622047218923, 0.9873891625615764)",1,98.2614312526866,25470
"(0.8388048698116161, 0.9861673414304992)",1,98.26141191766708,25471
"(0.8010054664946871, 0.9861673414304992)",1,98.2613307355426,25472
"(0.9749625285109156, 0.9958292603453894)",1,98.26124077791836,25473
"(0.9437903841498612, 1.0)",1,98.2610997578324,25474
"(0.9153127183787562, 0.9861673414304992)",1,98.26106376067212,25475
"(0.9958292603453894, 0.9958292603453894)",1,98.2610461962072,25476
"(0.9874762808349148, 0.9958292603453894)",2,98.2610128469246,25478
"(0.9153127183787562, 0.9861673414304992)",1,98.26099108202804,25479
"(0.7708796965987909, 0.9861673414304992)",1,98.26088608808035,25480
"(0.6907243513029603, 1.0)",1,98.26084645825028,25481
"(0.8593554593554595, 0.9861673414304992)",1,98.26075192615728,25482
"(0.9873444118605408, 0.9958292603453894)",1,98.26073941606596,25483
"(0.6992775742775743, 0.9861673414304992)",2,98.260621199869,25485
"(0.9098759089802734, 0.9832462877624168)",1,98.26060735751868,25486
"(0.9032855633136024, 0.9861673414304992)",1,98.26052164362706,25487
"(0.7404350561362756, 0.9861673414304992)",1,98.26035649264011,25488
"(0.9707802886550516, 0.9958292603453894)",1,98.26035263766884,25489
"(0.5169410170491575, 0.9992416608232524)",3,98.26031385982368,25492
"(0.8416827657517105, 0.9861310021084456)",1,98.26029398216822,25493
"(0.7837606837606838, 0.9861673414304992)",1,98.26028715444184,25494
"(0.7280584513944579, 0.9861673414304992)",1,98.26025847137656,25495
"(0.9498370804822418, 0.9873891625615764)",1,98.26016037110338,25496
"(0.7280584513944579, 0.9861673414304992)",1,98.26007858383262,25497
"(0.477671768371638, 0.9984817852901372)",1,98.25996889882298,25498
"(0.7453091184935634, 0.991206314397104)",1,98.25993334242727,25499
"(0.8148308968977662, 0.9861673414304992)",1,98.25973901950992,25500
"(0.5126865457302712, 0.9981012669018314)",3,98.25971823521913,25503
"(0.7999088007295942, 0.988167361639188)",2,98.25969522500836,25505
"(0.9074007530174516, 0.9834113430318364)",1,98.25961572568592,25506
"(0.8218185392856778, 0.9861673414304992)",1,98.25957432381884,25507
"(0.7837606837606838, 0.9861673414304992)",1,98.2594550916612,25508
"(0.8491340807583629, 0.9861673414304992)",1,98.25944674748295,25509
"(0.9625114955760116, 0.9958292603453894)",1,98.2592981512021,25510
"(0.7651777469990767, 0.991206314397104)",1,98.2592517257454,25511
"(0.7711781618000022, 1.0)",1,98.25909875505091,25512
"(0.902192297684101, 0.9861310021084456)",2,98.25892407145462,25514
"(0.9177366931314298, 0.9834113430318364)",1,98.2588986411842,25515
"(0.5061654456041751, 0.9962501582231502)",1,98.2587679712407,25516
"(0.826388888888889, 0.9833229101521784)",1,98.2586797473672,25517
"(0.92132700797001, 0.9876066164491212)",1,98.258434607962,25518
"(0.9153127183787562, 0.9861673414304992)",1,98.25816587124376,25519
"(0.865581803207783, 0.991206314397104)",1,98.25814444750304,25520
"(0.8877034517510707, 0.9861673414304992)",1,98.25805722233932,25521
"(0.9832401090007582, 0.9958292603453894)",1,98.25797276270404,25522
"(0.8883678678403513, 0.9861673414304992)",1,98.25792365192402,25523
"(0.6042502004811546, 0.9885557944107872)",1,98.2578110856738,25524
"(0.8010054664946871, 0.9861673414304992)",1,98.25764066821932,25525
"(0.8416827657517105, 0.9861310021084456)",1,98.25747431630114,25526
"(0.8883678678403513, 0.9861673414304992)",1,98.25724135643556,25527
"(0.8315995778682346, 0.9861673414304992)",1,98.25712056184524,25528
"(0.9041196741854636, 0.991206314397104)",1,98.25702104129373,25529
"(0.9876066164491212, 0.9958292603453894)",1,98.25697100731944,25530
"(0.8085259100433108, 0.9861673414304992)",1,98.256970913653,25531
"(0.8604306971015356, 0.9861673414304992)",1,98.25683299432798,25532
"(0.7836974395113928, 0.988167361639188)",1,98.25633523109371,25533
"(0.9536653605723816, 0.9958292603453894)",1,98.25632760846804,25534
"(0.4987711467817516, 0.9950002500250024)",1,98.25632000770212,25535
"(0.7979797979797979, 1.0)",1,98.25624927486116,25536
"(0.8420013166556946, 1.0)",1,98.25622956496916,25537
"(0.7374768177381903, 0.991206314397104)",1,98.25610718989564,25538
"(0.8902783631946863, 0.9861673414304992)",1,98.25602284268128,25539
"(0.7711781618000022, 1.0)",1,98.25602277126794,25540
"(0.8876473063973064, 0.9861673414304992)",1,98.25599593134312,25541
"(0.8194074731341813, 0.9861673414304992)",2,98.25592440179815,25543
"(0.9244352123384382, 0.9832184229069656)",1,98.25580309998304,25544
"(0.6813936996863826, 0.9861673414304992)",1,98.2556433921411,25545
"(0.6526770767943084, 0.9861673414304992)",3,98.25555534618589,25548
"(0.8593554593554595, 0.9861673414304992)",1,98.2555464820756,25549
"(0.8874191651969431, 0.9861673414304992)",1,98.2554423431866,25550
"(0.751080181203132, 0.9861673414304992)",1,98.25539410461728,25551
"(0.927082576248316, 0.9834113430318364)",1,98.25539151164156,25552
"(0.8587195484254307, 0.9861310021084456)",2,98.25532021915636,25554
"(0.7093938149972633, 0.9861673414304992)",1,98.25529762533388,25555
"(0.917283950617284, 0.9861673414304992)",1,98.25524354052156,25556
"(0.518883018547448, 0.9958099132756668)",1,98.25523655532577,25557
"(0.7708796965987909, 0.9861310021084456)",1,98.25520277226984,25558
"(0.987491854024112, 1.0)",1,98.25505094582688,25559
"(0.4566269759061861, 0.9996210215628012)",1,98.25488484459748,25560
"(0.8208353559736048, 0.9861673414304992)",1,98.25485813113669,25561
"(0.8796475392220073, 1.0)",1,98.25474245466302,25562
"(0.8322510822510822, 0.9861673414304992)",1,98.25460494478055,25563
"(0.846098299557419, 0.9861673414304992)",1,98.25442644254912,25564
"(0.930124456440246, 0.9861673414304992)",1,98.25436661036692,25565
"(0.9160264866799612, 0.9861673414304992)",1,98.2543443427658,25566
"(0.8175446168757694, 0.9861673414304992)",1,98.25430955354692,25567
"(0.97495917428555, 0.9958292603453894)",1,98.25430136694038,25568
"(0.9161952650324744, 1.0)",1,98.25422811909267,25569
"(0.9748461391725148, 1.0)",2,98.25415084040162,25571
"(1.0, 1.0)",1,98.2541266553154,25572
"(0.8175446168757694, 0.9861673414304992)",1,98.25408653662991,25573
"(0.9310483384791604, 0.9861673414304992)",1,98.25397323131834,25574
"(0.9205517358458536, 0.9873891625615764)",1,98.2537299470928,25575
"(0.9293300445873568, 0.9873891625615764)",1,98.25359946768748,25576
"(0.7999088007295942, 0.988167361639188)",1,98.25340871707704,25577
"(0.765692887308966, 0.9861310021084456)",1,98.25338078674264,25578
"(0.7711781618000022, 1.0)",1,98.25334006362506,25579
"(0.8604306971015356, 0.9861673414304992)",1,98.25330304525644,25580
"(0.8390424521630195, 0.9861310021084456)",1,98.25325392081614,25581
"(0.5642422164950636, 1.0)",1,98.25309646520654,25582
"(0.8860455063826657, 0.9861673414304992)",2,98.25298350167884,25584
"(0.8753086419753084, 0.9861310021084456)",1,98.2528540361082,25585
"(0.765692887308966, 0.9861310021084456)",1,98.25251768521252,25586
"(0.9125533644430458, 0.983545503234046)",1,98.25243742226756,25587
"(0.9707136080238548, 0.9958292603453894)",1,98.25234731674188,25588
"(0.8193419055822156, 0.9861673414304992)",1,98.25233063771104,25589
"(0.9184901612842788, 0.9873891625615764)",1,98.25217100901446,25590
"(0.7656073923822403, 1.0)",1,98.25214246225065,25591
"(0.7344692811916678, 1.0)",2,98.25210818758966,25593
"(0.9146901709401708, 0.9861310021084456)",1,98.25210353338424,25594
"(0.9079075500409146, 0.9832925076188832)",1,98.25203025399568,25595
"(0.9916625936787228, 0.9958292603453894)",2,98.25198449524504,25597
"(0.8883034087952121, 0.9861310021084456)",1,98.25186388759523,25598
"(0.7965746171391332, 1.0)",1,98.25181783120412,25599
"(0.9032855633136024, 0.9861673414304992)",1,98.25175739759187,25600
"(0.7772049591964847, 0.9861673414304992)",1,98.25173286610207,25601
"(0.9501563219469168, 0.9958292603453894)",1,98.2517037005032,25602
"(0.8970129352925051, 0.9873891625615764)",1,98.25169412671052,25603
"(0.9032855633136024, 0.9861673414304992)",1,98.2516890220884,25604
"(0.8586166985951469, 0.9861673414304992)",1,98.2516150543192,25605
"(0.8056354979267693, 0.9861310021084456)",1,98.25155194559144,25606
"(0.930124456440246, 0.9861673414304992)",1,98.25151731996554,25607
"(0.8877034517510707, 0.9861673414304992)",1,98.2514422069038,25608
"(0.902898027898028, 0.9861310021084456)",1,98.2513193890074,25609
"(0.6384521701955596, 0.991206314397104)",1,98.25128418846244,25610
"(0.8358530587380517, 0.9832925076188832)",1,98.25127743496944,25611
"(0.8865237997241394, 0.9832925076188832)",1,98.251234025848,25612
"(0.3584486416678197, 0.9984817852901372)",1,98.25118763306624,25613
"(0.7999088007295942, 0.988167361639188)",2,98.25111143031025,25615
"(0.9024676850763808, 0.9833229101521784)",1,98.25105882705203,25616
"(0.8761383419447936, 0.9873891625615764)",1,98.2509864597884,25617
"(0.7492637423027605, 1.0)",1,98.25095255653588,25618
"(0.9143824518347512, 0.9834113430318364)",1,98.2509145515118,25619
"(0.8586166985951469, 0.9861673414304992)",1,98.25088784330526,25620
"(0.5837905717470935, 0.9900003125488358)",1,98.25078904918404,25621
"(0.917283950617284, 0.9861673414304992)",1,98.25074551536896,25622
"(0.4775277477297871, 0.9954266299414484)",1,98.2507349693272,25623
"(0.8586166985951469, 0.9861673414304992)",2,98.2507044883765,25625
"(0.4775277477297871, 0.9992416608232524)",1,98.25070245613313,25626
"(0.5153209052589321, 0.9974998905914936)",1,98.2506431342822,25627
"(0.874450386215092, 0.9861310021084456)",1,98.25051733447646,25628
"(0.4012260196502799, 0.9992416608232524)",1,98.25046864143982,25629
"(0.9161379295307868, 1.0)",1,98.25040259185737,25630
"(0.9582389563841176, 0.9958292603453894)",1,98.25027166982564,25631
"(0.91326516498939, 0.9873891625615764)",1,98.2502293220957,25632
"(0.9539751547184644, 0.9832462877624168)",2,98.25006887271928,25634
"(0.9583930063253372, 1.0)",1,98.24983633762662,25635
"(0.8341307814992026, 0.9833229101521784)",1,98.2498072459562,25636
"(0.6050868628167587, 0.9988630646884038)",1,98.24979925652733,25637
"(0.8056354979267693, 0.9861310021084456)",1,98.24975494838976,25638
"(0.9499687304565352, 0.9833229101521784)",2,98.249736859493,25640
"(0.9497171590194848, 0.9833229101521784)",2,98.24972572866416,25642
"(0.4775277477297871, 0.9973390598305516)",1,98.24969256541108,25643
"(0.4611605493121345, 0.9987499746026686)",1,98.249677892405,25644
"(0.8810064268049709, 0.991206314397104)",1,98.249663153503,25645
"(0.9665831244778612, 0.9833229101521784)",1,98.24964380933577,25646
"(0.934065934065934, 0.9833229101521784)",1,98.249554467783,25647
"(0.9299160159815896, 0.9861673414304992)",1,98.24952599193782,25648
"(0.8148308968977662, 0.9861673414304992)",1,98.24952317109114,25649
"(0.9011810599946194, 0.9861673414304992)",2,98.24920583038592,25651
"(0.9621616286938868, 0.9958292603453894)",1,98.24919347397524,25652
"(0.8751897860593512, 0.9861673414304992)",1,98.24912049115652,25653
"(0.9228120179844318, 0.9873891625615764)",1,98.24908955746102,25654
"(0.917283950617284, 0.9861673414304992)",2,98.24906304251331,25656
"(0.9000617225831424, 0.9833229101521784)",4,98.24902982764884,25660
"(0.846098299557419, 0.9861673414304992)",1,98.24900399837054,25661
"(0.9499687304565352, 0.9833229101521784)",1,98.24892641234108,25662
"(0.6326954876802936, 0.9861673414304992)",1,98.2488960674775,25663
"(0.9665831244778612, 0.9833229101521784)",2,98.24884287015227,25665
"(0.9497171590194848, 0.9833229101521784)",1,98.24878956983328,25666
"(0.9, 0.9833229101521784)",1,98.2487800175862,25667
"(0.7439393939393939, 1.0)",1,98.24876177150904,25668
"(0.4495135398715946, 0.9996210215628012)",3,98.2487317551164,25671
"(0.3434871832287562, 0.9975000781372088)",1,98.2487071181777,25672
"(0.304184857695496, 0.9977203590215908)",3,98.24868552303823,25675
"(0.8871966240387292, 0.9861673414304992)",1,98.24867153011284,25676
"(0.9666562434855118, 0.9833229101521784)",1,98.24866520585394,25677
"(0.9331662489557224, 0.9833229101521784)",1,98.2486250021552,25678
"(0.9436368312757202, 0.9861310021084456)",1,98.24860289453912,25679
"(0.9665831244778612, 0.9833229101521784)",1,98.24859208684629,25680
"(0.7856964763329513, 0.9861673414304992)",1,98.24858483160776,25681
"(0.7994987468671678, 0.9833229101521784)",4,98.2485293910198,25685
"(0.874047619047619, 0.9861310021084456)",1,98.24847931232976,25686
"(1.0, 0.9833229101521784)",2,98.2484666951933,25688
"(0.9497171590194846, 0.9833229101521784)",2,98.24846590706224,25690
"(0.933096859926128, 0.9833229101521784)",3,98.24845921385914,25693
"(0.7836974395113928, 0.988167361639188)",1,98.248405449312,25694
"(0.9666562434855118, 0.9833229101521784)",1,98.2483746301387,25695
"(0.9442283950617284, 0.986081059422206)",1,98.24836108281288,25696
"(0.9497171590194848, 0.9833229101521784)",3,98.24833972727818,25699
"(0.9497171590194846, 0.9833229101521784)",1,98.24833972727818,25700
"(0.9707802886550516, 0.9958292603453894)",1,98.24832553250587,25701
"(0.9300671002153482, 0.9861673414304992)",1,98.24831596510062,25702
"(0.9019709919709918, 0.9861310021084456)",1,98.24822930185746,25703
"(0.8344065656565657, 0.9861673414304992)",1,98.24810410259748,25704
"(0.9326599326599326, 0.9833229101521784)",2,98.24802228659294,25706
"(0.9497171590194848, 0.9833229101521784)",2,98.24802228659294,25708
"(0.9153439153439156, 0.9833229101521784)",1,98.2480220772904,25709
"(0.331262443438914, 1.0)",3,98.24790053072012,25712
"(0.8587195484254307, 0.9861310021084456)",1,98.24785606763515,25713
"(0.8506653943511476, 0.991206314397104)",1,98.247749359991,25714
"(0.9205517358458536, 0.9873891625615764)",1,98.2477051825028,25715
"(0.9, 0.9833229101521784)",1,98.24769746964871,25716
"(0.9153439153439156, 0.9833229101521784)",1,98.2476557769241,25717
"(0.8883678678403513, 0.9861673414304992)",1,98.24765571998944,25718
"(0.9153439153439156, 0.9833229101521784)",2,98.2475722347353,25720
"(0.8883678678403513, 0.9861673414304992)",1,98.247457307291,25721
"(0.9310483384791604, 0.9861673414304992)",1,98.24742764189102,25722
"(0.8958208965097509, 0.9916585206907788)",1,98.2473710376007,25723
"(0.4609816352782865, 1.0)",1,98.2473254786658,25724
"(0.8482801751094435, 0.9833229101521784)",1,98.2472795497186,25725
"(0.8316498316498316, 0.9833229101521784)",1,98.24726360028032,25726
"(0.8814814814814814, 0.9833229101521784)",1,98.24725093806508,25727
"(0.9835199925522506, 0.9958292603453894)",1,98.24724512162229,25728
"(0.8316498316498316, 0.9833229101521784)",1,98.24720090445382,25729
"(0.8814814814814814, 0.9833229101521784)",2,98.247126676395,25731
"(0.7856964763329513, 0.9861673414304992)",1,98.24711699609853,25732
"(0.874450386215092, 0.9861310021084456)",1,98.24711580007838,25733
"(0.8435859678647274, 0.9861673414304992)",1,98.24709564826712,25734
"(0.8743078626799556, 0.9861310021084456)",1,98.24698804912916,25735
"(0.7348436174331348, 0.9861673414304992)",2,98.24685070714192,25737
"(0.90224161204236, 0.9861310021084456)",1,98.24676293887914,25738
"(0.8976982097186702, 0.9833229101521784)",3,98.24666631478438,25741
"(0.8976982097186702, 0.9833229101521784)",1,98.24666631478436,25742
"(0.8805377184744008, 0.9834113430318364)",1,98.24666287737502,25743
"(0.8976982097186702, 0.9833229101521784)",1,98.24660361895788,25744
"(0.8587195484254307, 0.9861310021084456)",1,98.2465451965704,25745
"(0.8085259100433108, 0.9861673414304992)",1,98.2465409964662,25746
"(0.5061654456041751, 0.9962501582231502)",2,98.24652138716222,25748
"(0.8552744708994707, 0.9861673414304992)",2,98.24648787388948,25750
"(0.8567210567210567, 0.9861673414304992)",1,98.24641150124909,25751
"(0.6215073982652175, 0.9882048106149588)",1,98.24609279641982,25752
"(0.8587195484254307, 0.9861310021084456)",1,98.24596619792192,25753
"(0.9228120179844318, 0.9873891625615764)",1,98.24594965723615,25754
"(0.7837606837606838, 0.9861673414304992)",1,98.24594900674911,25755
"(0.7708796965987909, 0.9861673414304992)",1,98.24582990756444,25756
"(0.8756049960967994, 0.9861673414304992)",1,98.245652221115,25757
"(0.7713401051412279, 1.0)",1,98.24559861589606,25758
"(0.9295946890286512, 1.0)",1,98.24548791184162,25759
"(0.436253398861698, 0.9996210215628012)",2,98.24546195930846,25761
"(0.9009287520039462, 1.0)",1,98.24536351686436,25762
"(0.8085259100433108, 0.9861673414304992)",2,98.24534774660536,25764
"(0.9750943974852894, 0.9958292603453894)",1,98.24532180014047,25765
"(0.8883034087952121, 0.9861310021084456)",2,98.24531595605828,25767
"(0.987491854024112, 0.9958292603453894)",1,98.24520910614667,25768
"(0.8294970161977834, 0.9833229101521784)",2,98.24517348065476,25770
"(0.8796475392220073, 0.9833229101521784)",1,98.24516734248252,25771
"(0.8796475392220073, 0.9833229101521784)",1,98.24510464665605,25772
"(0.8997493734335841, 0.9833229101521784)",1,98.24510464665605,25773
"(0.7404350561362756, 0.9861673414304992)",2,98.24502499314175,25775
"(0.8814814814814814, 0.9833229101521784)",1,98.2448874252006,25776
"(0.436911946168762, 0.9984817852901372)",1,98.24470319183963,25777
"(0.9310483384791604, 0.9861673414304992)",1,98.24468155033712,25778
"(0.7516483516483518, 0.9861673414304992)",1,98.24463480343456,25779
"(0.9125533644430458, 0.9873891625615764)",1,98.244625396612,25780
"(0.620130835563485, 0.991206314397104)",1,98.24453189454128,25781
"(0.8506653943511476, 0.991206314397104)",1,98.24452098892814,25782
"(0.9153127183787562, 0.9861673414304992)",1,98.24450655311075,25783
"(0.8753086419753084, 0.9861310021084456)",2,98.2444446450353,25785
"(0.8567210567210567, 0.9861673414304992)",2,98.24441847747782,25787
"(0.7708796965987909, 0.9861673414304992)",2,98.24439470978942,25789
"(0.900983347688774, 0.9861673414304992)",1,98.24426449861652,25790
"(0.7168719671519223, 0.991206314397104)",1,98.24422171172468,25791
"(0.7344692811916678, 1.0)",1,98.24421038306691,25792
"(0.8372053872053872, 1.0)",1,98.24411654630246,25793
"(0.8561103441223091, 0.9861310021084456)",1,98.24402886839314,25794
"(0.8148308968977662, 0.9861673414304992)",1,98.24397997166608,25795
"(0.902898027898028, 0.9861310021084456)",2,98.24393368288024,25797
"(0.7042648709315374, 1.0)",1,98.24392388996438,25798
"(0.5082177015724898, 0.9975000781372088)",1,98.24388105331984,25799
"(0.9916585206907788, 0.9958292603453894)",1,98.24379870629024,25800
"(0.5592924417056326, 1.0)",1,98.24379170936383,25801
"(0.8715701474388204, 0.9861310021084456)",1,98.24370053560943,25802
"(0.9793622864590606, 0.9958292603453894)",1,98.24368642045204,25803
"(0.9166145507608924, 0.9833229101521784)",2,98.24343339587246,25805
"(0.4994316028798788, 1.0)",1,98.24326758828828,25806
"(0.8085259100433108, 0.9861673414304992)",1,98.24317295865664,25807
"(0.9068759224041408, 0.9873891625615764)",1,98.24309551280732,25808
"(0.8085259100433108, 0.9861673414304992)",1,98.24304452185577,25809
"(0.9029281534808432, 0.9861673414304992)",1,98.24291187975324,25810
"(0.8016677935542034, 1.0)",1,98.24284510196374,25811
"(0.8874191651969431, 0.9861673414304992)",1,98.24284080521966,25812
"(0.8071948928825261, 0.9861673414304992)",1,98.24277404807547,25813
"(0.9743030741133208, 0.9958292603453894)",1,98.24276808880968,25814
"(0.8687499999999999, 0.988167361639188)",1,98.24267133184654,25815
"(0.8229870141950848, 1.0)",1,98.24261608298733,25816
"(0.8552744708994707, 0.9861673414304992)",1,98.24259910961835,25817
"(0.8322510822510822, 0.9861673414304992)",1,98.24252446016314,25818
"(0.846098299557419, 0.9861673414304992)",1,98.24248936648416,25819
"(0.8883678678403513, 0.9861673414304992)",1,98.24234804335092,25820
"(0.418728666447884, 0.9962500644653132)",1,98.24228342897707,25821
"(0.831031066037186, 0.988167361639188)",1,98.24222533778074,25822
"(0.6760835913312693, 0.986081059422206)",1,98.24219098023504,25823
"(0.6053616175733575, 0.9996210215628012)",3,98.24216052527288,25826
"(0.7772049591964847, 0.9861673414304992)",2,98.24206368137912,25828
"(0.9792406033772258, 0.9958292603453894)",2,98.24205458623813,25830
"(0.812557599070401, 1.0)",3,98.241832025108,25833
"(0.6813936996863826, 0.9861673414304992)",2,98.24178724113624,25835
"(0.8333192389006343, 0.988167361639188)",1,98.24178066614893,25836
"(0.7651777469990767, 0.991206314397104)",1,98.24174972701044,25837
"(0.8751897860593512, 0.9861673414304992)",2,98.24162699158634,25839
"(0.7780625367430922, 0.9861673414304992)",1,98.24162033693592,25840
"(0.8874191651969431, 0.9861673414304992)",1,98.2415675587476,25841
"(0.8329339143064635, 0.9861673414304992)",1,98.24154059797016,25842
"(0.8175446168757694, 0.9861673414304992)",1,98.24152009312245,25843
"(0.9873891625615764, 1.0)",1,98.2415123340786,25844
"(0.846098299557419, 0.9861673414304992)",1,98.2415060735361,25845
"(0.4937776876667119, 0.9962497362353954)",1,98.24143368788476,25846
"(0.590912874120593, 0.9912504785522642)",1,98.24140816175368,25847
"(0.6813936996863826, 0.9861673414304992)",1,98.2412866277789,25848
"(0.9311507936507936, 0.9861673414304992)",1,98.24122913994056,25849
"(0.8876473063973064, 0.9861673414304992)",1,98.24118241360446,25850
"(0.8883034087952121, 0.9861310021084456)",1,98.2411475459294,25851
"(0.6886904761904762, 1.0)",1,98.24112933330112,25852
"(0.8329339143064635, 0.9861673414304992)",1,98.24107910591422,25853
"(0.8329050741331443, 0.986081059422206)",1,98.24105574924216,25854
"(0.789994229453279, 0.9861673414304992)",1,98.24104198633788,25855
"(0.8229870141950848, 0.9861310021084456)",1,98.24102806856456,25856
"(0.8593554593554595, 0.9861673414304992)",1,98.24085625509784,25857
"(0.5512873845845042, 0.9874987494998)",1,98.24082104452287,25858
"(0.5487040682414698, 1.0)",1,98.24077989048762,25859
"(0.8208353559736048, 0.9861673414304992)",1,98.2405663660525,25860
"(0.900838851006521, 0.9832462877624168)",1,98.2403765559681,25861
"(0.9297326845255915, 0.9832925076188832)",1,98.24025533385915,25862
"(0.8193419055822156, 0.9861673414304992)",2,98.24024343762434,25864
"(0.846098299557419, 0.9861673414304992)",1,98.24011953004944,25865
"(0.9017715617715616, 0.9861673414304992)",1,98.24008589738928,25866
"(0.4845066627893052, 0.9992416608232524)",2,98.24007687456704,25868
"(0.7729389061386163, 0.988167361639188)",1,98.24005799067687,25869
"(0.8579868984630887, 0.9861673414304992)",1,98.24004889585352,25870
"(0.8883678678403513, 0.9861673414304992)",1,98.23998594099228,25871
"(0.8942622047218923, 0.9873891625615764)",1,98.23958933793752,25872
"(0.7772049591964847, 0.9861673414304992)",1,98.23955005119342,25873
"(0.8860455063826657, 0.9861673414304992)",1,98.23950860862509,25874
"(0.7711781618000022, 1.0)",1,98.23947818978698,25875
"(0.9750854369118126, 0.9958292603453894)",1,98.2394647174887,25876
"(0.93795454842108, 0.9873891625615764)",1,98.2393709788337,25877
"(0.4631616549920088, 0.9973390598305516)",1,98.23927628321115,25878
"(0.9125533644430458, 0.9873891625615764)",1,98.23903491404693,25879
"(0.931200007971039, 0.9873891625615764)",1,98.23887092547685,25880
"(0.5107650386663254, 0.9984817852901372)",3,98.23876907691132,25883
"(0.8586166985951469, 1.0)",1,98.23875010509371,25884
"(0.476193313409349, 0.9975000781372088)",1,98.23865974236008,25885
"(0.7836974395113928, 0.988167361639188)",1,98.23849560123624,25886
"(0.620130835563485, 0.991206314397104)",1,98.23846537923048,25887
"(0.6760014179369018, 1.0)",1,98.23819482180107,25888
"(0.8329339143064635, 0.9861673414304992)",1,98.23801477027943,25889
"(0.7344692811916678, 1.0)",1,98.23798064196492,25890
"(0.8587195484254307, 0.9861310021084456)",1,98.23797375527472,25891
"(0.9177366931314298, 0.979166518665308)",1,98.23792100982172,25892
"(0.8871966240387292, 0.9861673414304992)",1,98.23791785930412,25893
"(0.8490208544183524, 0.9861310021084456)",1,98.23788419448286,25894
"(0.8475002808673183, 0.9861673414304992)",1,98.23787374302708,25895
"(0.8506653943511476, 0.991206314397104)",1,98.23786808960756,25896
"(0.8222222222222222, 0.9833229101521784)",1,98.23783599085272,25897
"(0.8604306971015356, 0.9861673414304992)",1,98.23782111109723,25898
"(0.6544644252235129, 1.0)",1,98.23760762435558,25899
"(0.8805377184744008, 0.9832184229069656)",1,98.23759169652108,25900
"(0.8175446168757694, 0.9861673414304992)",1,98.23757087270911,25901
"(0.7772049591964847, 0.9861673414304992)",2,98.23746560911836,25903
"(0.4937125269096371, 0.9984817852901372)",1,98.23745287093246,25904
"(0.9744745723240348, 0.9958292603453894)",1,98.2374309806305,25905
"(0.9160264866799612, 0.9861673414304992)",1,98.23731953748096,25906
"(0.9011810599946194, 0.9861673414304992)",1,98.23728796829668,25907
"(0.9876066164491212, 0.9958292603453894)",1,98.23723103619008,25908
"(0.8584175084175085, 0.9861673414304992)",1,98.23703762187364,25909
"(0.8044914258149553, 0.9861310021084456)",1,98.23696664896237,25910
"(0.9229651974750014, 0.9873891625615764)",1,98.23691890609548,25911
"(0.9486619426325308, 1.0)",1,98.23691193166331,25912
"(0.9041196741854636, 0.991206314397104)",1,98.23690833638209,25913
"(0.8068635828271864, 0.9882048106149588)",1,98.23685730423982,25914
"(0.9160264866799612, 0.9861673414304992)",1,98.23676433349723,25915
"(0.4211083426076231, 1.0)",3,98.23668503547836,25918
"(0.8748200797381125, 0.9861310021084456)",1,98.23660973882036,25919
"(0.2520817505905556, 0.9988619159967322)",3,98.23657631784954,25922
"(0.828966378966379, 0.9861673414304992)",1,98.2365432154513,25923
"(0.4514795008912656, 0.9987499746026686)",1,98.23652738625442,25924
"(0.4987398156700754, 0.9987499746026686)",1,98.23649036291262,25925
"(0.8193419055822156, 0.9861673414304992)",1,98.23646718918556,25926
"(0.8586166985951469, 0.9861673414304992)",1,98.2364356626478,25927
"(0.900983347688774, 0.9861673414304992)",1,98.236412573601,25928
"(0.903667392883079, 1.0)",1,98.2363829957192,25929
"(0.8152898027898028, 0.9861673414304992)",1,98.23634827818606,25930
"(0.8374727668845315, 0.9833229101521784)",1,98.2363467498407,25931
"(0.7545469576719577, 1.0)",1,98.2360130413682,25932
"(0.8715701474388204, 0.9861310021084456)",1,98.23598065248363,25933
"(0.7123661482125354, 1.0)",1,98.23595387976724,25934
"(0.9958292603453894, 0.9958292603453894)",2,98.2359175871855,25936
"(0.7545469576719577, 1.0)",1,98.23587965777844,25937
"(0.861111111111111, 1.0)",1,98.23581803652294,25938
"(0.899766806868672, 0.9861673414304992)",1,98.23579312104684,25939
"(0.8315995778682346, 0.9861673414304992)",1,98.2356045012862,25940
"(0.7348436174331348, 0.9861310021084456)",1,98.23560087723918,25941
"(0.8587195484254307, 0.9861310021084456)",1,98.23555303630287,25942
"(0.509688959052258, 0.9912488373656227)",1,98.23550952289897,25943
"(0.8044914258149553, 0.9861310021084456)",1,98.23542581232404,25944
"(0.828966378966379, 0.9861673414304992)",1,98.2354244607706,25945
"(0.3865130008203705, 0.9992416608232524)",3,98.23538797585074,25948
"(0.8694224991654613, 0.988167361639188)",1,98.23523612785375,25949
"(0.8124923632552741, 0.9861673414304992)",1,98.2351157048002,25950
"(0.8101143854687974, 0.986081059422206)",1,98.23506553647796,25951
"(0.776488287126585, 1.0)",1,98.23506506201068,25952
"(0.9026337658413128, 0.9861673414304992)",1,98.2350367417795,25953
"(0.7713401051412279, 1.0)",1,98.23503405486132,25954
"(0.6521663785997688, 0.9882048106149588)",2,98.23497659586124,25956
"(0.6326954876802936, 0.9861673414304992)",1,98.23493719334914,25957
"(0.9707802886550516, 0.9958292603453894)",1,98.23474864060138,25958
"(0.8056354979267693, 0.9861310021084456)",1,98.23461656278138,25959
"(0.6052212368618619, 0.9996210215628012)",1,98.2345492342913,25960
"(0.7708796965987909, 0.9861673414304992)",1,98.23451640577136,25961
"(0.9418479305417444, 0.988167361639188)",1,98.23448667071564,25962
"(0.8247905643738976, 0.986081059422206)",1,98.23446449055272,25963
"(0.7687400318979267, 0.9833229101521784)",1,98.23444776589838,25964
"(0.8044914258149553, 0.9861310021084456)",1,98.23421381634572,25965
"(0.8266173510466989, 1.0)",1,98.2342056939146,25966
"(0.9153127183787562, 0.9861310021084456)",1,98.23417518310563,25967
"(0.5131569832583307, 0.9882048106149588)",1,98.23413347358526,25968
"(0.6736022307473716, 0.9861673414304992)",1,98.23409901646514,25969
"(0.4076247491511041, 1.0)",3,98.23408289071897,25972
"(0.7453091184935634, 0.991206314397104)",1,98.23399350422294,25973
"(0.8871082621082622, 0.9861310021084456)",1,98.23384539893208,25974
"(0.8308201058201059, 0.9861310021084456)",1,98.23381949697546,25975
"(0.7708796965987909, 0.9861673414304992)",1,98.23376197710964,25976
"(0.9444901834607716, 0.9861673414304992)",1,98.2337167730864,25977
"(0.9299160159815896, 0.9861673414304992)",1,98.23368658750653,25978
"(0.9665831244778612, 0.9833229101521784)",1,98.23366486485426,25979
"(0.874450386215092, 0.9861310021084456)",1,98.23347600426312,25980
"(0.7344692811916678, 0.9861310021084456)",1,98.23334838045857,25981
"(0.8840048840048841, 0.9833229101521784)",1,98.2333285152954,25982
"(0.7772049591964847, 0.9861673414304992)",1,98.23328612618174,25983
"(0.8388048698116161, 0.9861673414304992)",1,98.23318473885918,25984
"(0.7708796965987909, 0.9861673414304992)",1,98.23309856892512,25985
"(0.8010054664946871, 0.9861673414304992)",1,98.23304723704324,25986
"(0.9166145507608924, 0.9833229101521784)",1,98.23299284274896,25987
"(0.8152898027898028, 0.9861673414304992)",1,98.23298504129085,25988
"(0.8883034087952121, 0.9861310021084456)",1,98.23293503466452,25989
"(0.917469251615593, 0.9833229101521784)",1,98.23289508950616,25990
"(0.9291998088543592, 0.9861673414304992)",1,98.23284416907995,25991
"(0.934065934065934, 0.9833229101521784)",2,98.23281468210868,25993
"(0.9499687304565352, 0.9833229101521784)",3,98.23280819820812,25996
"(0.6992775742775743, 0.9861673414304992)",1,98.23273645438576,25997
"(0.9747838672665278, 1.0)",1,98.2326697464226,25998
"(0.9161952650324744, 0.9833229101521784)",1,98.23257355702056,25999
"(0.9665831244778612, 0.9833229101521784)",1,98.23255392446669,26000
"(0.9169719169719168, 0.9833229101521784)",2,98.23246045068898,26002
"(0.7401844059863599, 0.9861673414304992)",1,98.23244301497942,26003
"(0.9000617225831424, 0.9833229101521784)",3,98.23237358416333,26006
"(0.9750943974852894, 0.9958292603453894)",1,98.23234288630216,26007
"(0.9234894220441888, 0.9832462877624168)",1,98.23231146157156,26008
"(0.9000617225831424, 0.9833229101521784)",2,98.23229004197452,26010
"(0.8751159006478155, 0.9861310021084456)",1,98.23219123678028,26011
"(0.7708796965987909, 0.9861673414304992)",2,98.23218506775896,26013
"(0.9666666666666668, 0.9833229101521784)",1,98.23212393084027,26014
"(0.9, 0.9833229101521784)",1,98.23197674795432,26015
"(0.9499687304565352, 0.9833229101521784)",3,98.23185151304092,26018
"(0.8218185392856778, 0.9861673414304992)",1,98.23181995663457,26019
"(0.9666666666666668, 0.9833229101521784)",1,98.23180966357673,26020
"(0.8743078626799556, 0.9861310021084456)",1,98.2317688544931,26021
"(0.6749447402728794, 0.9861310021084456)",1,98.2317512903784,26022
"(0.920238255356524, 0.9834113430318364)",1,98.23174659736593,26023
"(0.9499687304565352, 0.9833229101521784)",2,98.23172533325685,26025
"(0.933096859926128, 0.9833229101521784)",2,98.23171942818482,26027
"(0.8653198653198653, 0.9833229101521784)",3,98.23164964762724,26030
"(0.865581803207783, 0.991206314397104)",1,98.23159721069578,26031
"(0.9166145507608924, 0.9833229101521784)",1,98.23159676818216,26032
"(0.4268899127926591, 0.9977203590215908)",1,98.23152101037506,26033
"(0.9161952650324744, 0.9833229101521784)",1,98.23149571127006,26034
"(0.9497171590194848, 0.9833229101521784)",1,98.2314737618198,26035
"(0.1500716412252043, 0.9984817852901372)",1,98.23144398249732,26036
"(0.9161952650324744, 0.9833229101521784)",1,98.2314322273125,26037
"(0.9153439153439156, 0.9833229101521784)",1,98.23138519114131,26038
"(0.8653198653198653, 0.9833229101521784)",2,98.231352206962,26040
"(0.8110682791635173, 0.9861673414304992)",1,98.23133856775092,26041
"(0.9114218054477384, 0.9873891625615764)",1,98.2313347638244,26042
"(0.4363355778830426, 1.0)",1,98.2313291438252,26043
"(0.9665831244778612, 0.9833229101521784)",1,98.23128250091862,26044
"(0.9497171590194848, 0.9833229101521784)",1,98.23128250091862,26045
"(0.8124923632552741, 0.9861673414304992)",1,98.2311130923619,26046
"(0.9666666666666668, 0.9833229101521784)",1,98.2309995334386,26047
"(0.9326599326599326, 0.9833229101521784)",2,98.2309650602334,26049
"(0.8653198653198653, 0.9833229101521784)",1,98.2309650602334,26050
"(0.4955558486584263, 0.9987499746026686)",1,98.23094403770884,26051
"(0.8970129352925051, 0.9873891625615764)",1,98.2308386514084,26052
"(0.9536653605723816, 0.9958292603453894)",2,98.2307816165814,26054
"(0.8653198653198653, 0.9833229101521784)",2,98.2307769727539,26056
"(0.8552744708994707, 0.9861310021084456)",1,98.23069894605776,26057
"(0.945878018492034, 0.9958292603453894)",1,98.23062172696696,26058
"(0.8877034517510707, 0.9861673414304992)",1,98.23051816874458,26059
"(0.8976982097186702, 0.9833229101521784)",1,98.23037637166516,26060
"(0.9295946890286512, 1.0)",1,98.23031469900656,26061
"(0.950175761409158, 0.9834113430318364)",1,98.23030421705413,26062
"(0.7837606837606838, 0.9861673414304992)",1,98.23019489483022,26063
"(0.9244721788975638, 0.9873891625615764)",1,98.23003399611709,26064
"(0.8976982097186702, 0.9833229101521784)",1,98.22986383328356,26065
"(0.7516483516483518, 0.9861673414304992)",2,98.22986293060238,26067
"(0.9299160159815896, 0.9861673414304992)",1,98.22980801266804,26068
"(0.9418479305417444, 0.988167361639188)",1,98.22980627078526,26069
"(0.7532376017916352, 0.986081059422206)",1,98.2296038217526,26070
"(0.8586166985951469, 0.9861310021084456)",2,98.22945281667864,26072
"(0.9017715617715616, 0.9861673414304992)",1,98.22942665890264,26073
"(0.2309709141375595, 0.9973390598305516)",3,98.22939946347122,26076
"(0.92132700797001, 0.9832184229069656)",2,98.2293561413844,26078
"(0.7802197802197803, 0.9833229101521784)",1,98.2292504243724,26079
"(0.9280459216361852, 0.9958292603453894)",1,98.22922105078533,26080
"(0.3865130008203705, 0.9984817852901372)",2,98.2291848513988,26082
"(0.9791299139401608, 0.9958292603453894)",1,98.22917546990708,26083
"(0.8468951683237397, 0.9833229101521784)",1,98.22915475725858,26084
"(0.3860590631364562, 0.9992416608232524)",1,98.2289768906371,26085
"(0.9438271604938272, 0.9861673414304992)",1,98.22888995531387,26086
"(0.5896957700576321, 0.9992416608232524)",1,98.22888838839354,26087
"(0.9438271604938272, 0.9861673414304992)",1,98.22884243723762,26088
"(0.8631918334993627, 0.9833229101521784)",1,98.22883702841288,26089
"(0.6813936996863826, 0.9861673414304992)",2,98.22874146470346,26091
"(0.9833211143695014, 1.0)",1,98.22872346108764,26092
"(0.8974984433303618, 0.9873891625615764)",1,98.2287155683946,26093
"(0.8085259100433108, 0.9861673414304992)",1,98.22866416155811,26094
"(0.8796475392220073, 0.9833229101521784)",7,98.22861564428771,26101
"(0.6526770767943084, 0.9861673414304992)",1,98.22858697573066,26102
"(0.8315995778682346, 0.9861673414304992)",1,98.22857266243366,26103
"(0.9748076591340348, 1.0)",1,98.22847651733495,26104
"(0.979051756240299, 1.0)",1,98.22838501245823,26105
"(0.9299160159815896, 0.986081059422206)",1,98.22834667404568,26106
"(0.8814814814814814, 0.9833229101521784)",1,98.22823118171507,26107
"(0.5011825360822144, 0.9984817852901372)",1,98.22817959966032,26108
"(0.8883678678403513, 0.9861673414304992)",1,98.22816329943925,26109
"(0.6526770767943084, 0.9861673414304992)",1,98.22812436949296,26110
"(0.6813936996863826, 0.9861673414304992)",1,98.22794295850524,26111
"(0.7093938149972633, 0.9861673414304992)",1,98.22779013115688,26112
"(0.6813936996863826, 0.9861673414304992)",1,98.22772147244288,26113
"(0.8208353559736048, 0.9861673414304992)",1,98.22764883170602,26114
"(0.6747507742934573, 0.986081059422206)",1,98.22760920417076,26115
"(0.6813936996863826, 0.9861673414304992)",1,98.22759784219706,26116
"(0.8716153127917834, 0.9861673414304992)",1,98.22753791482477,26117
"(0.6526770767943084, 0.9861673414304992)",1,98.22752005350644,26118
"(0.931200007971039, 0.9873891625615764)",1,98.2275189993236,26119
"(0.8937718863178524, 0.987463247273494)",1,98.22751553020096,26120
"(0.8329339143064635, 0.9861673414304992)",2,98.2272325790358,26122
"(0.6526770767943084, 0.9861673414304992)",1,98.22720099342362,26123
"(0.8874191651969431, 0.9861673414304992)",1,98.2271669356682,26124
"(0.6526770767943084, 0.9861673414304992)",1,98.22711090974774,26125
"(0.4987398156700754, 0.9975)",1,98.22707298474484,26126
"(0.5066418935372837, 0.9977203590215908)",3,98.22703345396631,26129
"(0.476767449342614, 0.9988619159967322)",3,98.227018312191,26132
"(1.0, 0.9833229101521784)",1,98.22677715238694,26133
"(0.861111111111111, 0.9833229101521784)",1,98.22675630602464,26134
"(0.5061654456041751, 0.9962501582231502)",1,98.2266148056739,26135
"(0.7404350561362756, 0.9861673414304992)",1,98.22650571020488,26136
"(0.979166518665308, 1.0)",1,98.22641078166409,26137
"(0.7524760273298283, 0.991206314397104)",1,98.22630153914236,26138
"(0.809910701215049, 0.9861310021084456)",1,98.22627321725936,26139
"(0.6154433311277057, 1.0)",1,98.22620209162696,26140
"(0.9705906996229576, 0.9958292603453894)",1,98.22617343580244,26141
"(0.8883678678403513, 0.9861673414304992)",1,98.22611900252215,26142
"(0.9832965806068272, 1.0)",1,98.22589726504432,26143
"(0.8208353559736048, 0.9861673414304992)",1,98.22589180004604,26144
"(0.8621031746031745, 0.9861310021084456)",1,98.22586508227106,26145
"(0.9621616286938868, 0.9958292603453894)",1,98.22585990421024,26146
"(0.7344692811916678, 1.0)",1,98.22573460286314,26147
"(0.901010212966322, 0.9834113430318364)",1,98.2256549865733,26148
"(0.8193419055822156, 0.9861673414304992)",1,98.22547404438558,26149
"(0.9297326845255915, 0.9832184229069656)",1,98.2254111664384,26150
"(0.8970129352925051, 0.9873891625615764)",1,98.22538729747006,26151
"(0.828966378966379, 0.9861673414304992)",1,98.22537386798216,26152
"(0.9369808292429718, 0.9958292603453894)",1,98.22522369931268,26153
"(0.9061764476533613, 0.9834113430318364)",1,98.22520467481968,26154
"(0.8876473063973064, 0.9861673414304992)",1,98.22516878833864,26155
"(0.7711781618000022, 1.0)",1,98.2251562469544,26156
"(0.8193419055822156, 0.9861673414304992)",1,98.2250590138323,26157
"(0.789994229453279, 0.9861673414304992)",1,98.22505772570736,26158
"(1.0, 1.0)",1,98.22502859240024,26159
"(0.846098299557419, 0.9861673414304992)",1,98.2250233516809,26160
"(0.620130835563485, 0.991206314397104)",1,98.22500579587846,26161
"(0.7839229024943309, 0.9861673414304992)",1,98.22486907634004,26162
"(0.7837606837606838, 0.9861673414304992)",1,98.22480880199956,26163
"(0.9586562930696936, 0.9832184229069656)",2,98.22469239515765,26165
"(0.8899966931216932, 0.9861310021084456)",1,98.22468593609489,26166
"(0.9026337658413128, 0.9861673414304992)",1,98.22464832157856,26167
"(0.7042648709315374, 1.0)",1,98.22458181620372,26168
"(0.8734313112361893, 0.9861673414304992)",1,98.22455117719872,26169
"(0.9832965806068272, 0.9958292603453894)",1,98.22453881839188,26170
"(0.8976982097186702, 0.9833229101521784)",1,98.22451705483024,26171
"(0.8653198653198653, 1.0)",1,98.22412829676703,26172
"(0.8899966931216932, 0.9861310021084456)",1,98.22383782113904,26173
"(0.8175446168757694, 0.9861673414304992)",1,98.2237932777358,26174
"(0.8490208544183524, 0.9861310021084456)",1,98.22369756150952,26175
"(0.8085259100433108, 0.9861673414304992)",1,98.22360449617469,26176
"(0.8621031746031745, 0.9861310021084456)",1,98.22331407699426,26177
"(0.9172768036761748, 0.9861673414304992)",1,98.2232600903438,26178
"(0.7997685185185185, 0.9861673414304992)",1,98.22304883265244,26179
"(0.9916625936787228, 0.9958292603453894)",1,98.22301879767312,26180
"(0.9172008547008548, 0.9861673414304992)",1,98.22280582693436,26181
"(0.8308201058201059, 0.9861673414304992)",1,98.22272067708968,26182
"(0.80285509389987, 0.986081059422206)",1,98.22266461219002,26183
"(0.9407053706191636, 0.987463247273494)",1,98.22263565738656,26184
"(0.7349394055364205, 0.9861673414304992)",1,98.22259532948354,26185
"(0.7997685185185185, 0.9861673414304992)",1,98.2225016061395,26186
"(0.738145558145558, 1.0)",1,98.22246519057389,26187
"(0.7997685185185185, 0.9861673414304992)",1,98.22238076748523,26188
"(0.8847822547822548, 0.9861673414304992)",1,98.22234218787425,26189
"(0.8734313112361893, 0.9861673414304992)",1,98.22231998911336,26190
"(0.9161379295307868, 1.0)",1,98.22231617210426,26191
"(0.4743478079735079, 0.9996210215628012)",1,98.22222989810436,26192
"(0.8044914258149553, 0.9861310021084456)",1,98.2221510769939,26193
"(0.4917872264629592, 0.9996210215628012)",3,98.22214490259243,26196
"(0.5009421228446381, 0.9962497362353954)",1,98.22196593672028,26197
"(0.7042648709315374, 1.0)",1,98.22195206932058,26198
"(0.8943954262056729, 0.9834113430318364)",1,98.22189518897858,26199
"(0.9230468061350414, 0.987463247273494)",1,98.2218775359016,26200
"(0.7856964763329513, 0.9861673414304992)",1,98.22176037825548,26201
"(0.9177366931314298, 0.9834113430318364)",1,98.22174705772711,26202
"(0.9160264866799612, 0.9861673414304992)",1,98.22171660981886,26203
"(0.4009727434617732, 0.9996210215628012)",3,98.22150134861096,26206
"(0.8044914258149553, 0.9861310021084456)",2,98.2214578003159,26208
"(0.8761383419447936, 0.9873891625615764)",1,98.22139855512552,26209
"(0.94291309888229, 0.991206314397104)",1,98.22135187482672,26210
"(0.8388048698116161, 0.9861673414304992)",1,98.22129459743309,26211
"(0.7574146783449108, 0.9882048106149588)",1,98.22128368119893,26212
"(0.6326954876802936, 0.9861673414304992)",1,98.221273206276,26213
"(0.9436368312757202, 0.9861673414304992)",1,98.22125420889182,26214
"(0.9301209372637944, 0.9861310021084456)",1,98.22120753510347,26215
"(0.8193419055822156, 0.9861673414304992)",1,98.22112376192746,26216
"(0.8715701474388204, 0.9861310021084456)",1,98.22109939347396,26217
"(0.8805377184744008, 0.9834113430318364)",1,98.2210876432282,26218
"(0.9172768036761748, 0.9861673414304992)",1,98.22107658889529,26219
"(0.828966378966379, 0.9861673414304992)",1,98.22107158911996,26220
"(0.9153127183787562, 0.9861673414304992)",1,98.22104033253046,26221
"(0.9255016105325704, 0.9834113430318364)",1,98.22092121798856,26222
"(0.4822651515151516, 0.9981012669018314)",1,98.220914092982,26223
"(0.9199973910846122, 0.9873891625615764)",1,98.22083876229046,26224
"(0.8322510822510822, 0.9861673414304992)",1,98.22079000224508,26225
"(0.8883678678403513, 0.9861673414304992)",1,98.22073802966828,26226
"(0.7374768177381903, 0.991206314397104)",1,98.22073214768696,26227
"(0.828966378966379, 0.9861673414304992)",1,98.2206962342808,26228
"(0.902192297684101, 0.9861310021084456)",1,98.2206236342105,26229
"(0.8762860082304527, 1.0)",1,98.22053030646556,26230
"(0.8110682791635173, 0.9861673414304992)",2,98.22044107364847,26232
"(0.7083333333333334, 1.0)",1,98.22017983706624,26233
"(0.4935897435897436, 1.0)",2,98.22017743559508,26235
"(0.9300671002153482, 0.9861310021084456)",1,98.22017214341496,26236
"(0.7348436174331348, 0.9861310021084456)",1,98.22014806787529,26237
"(0.9029281534808432, 0.9861673414304992)",1,98.2201187264163,26238
"(0.8311329582337986, 0.9861310021084456)",1,98.22004555518222,26239
"(0.9499631719745572, 0.979166518665308)",1,98.22004141433662,26240
"(0.961552316099405, 0.9958292603453894)",1,98.21992869806236,26241
"(0.983545503234046, 1.0)",1,98.21983053105932,26242
"(0.7121693121693121, 1.0)",1,98.2197965609856,26243
"(0.2806699331680662, 0.9988619159967322)",2,98.2196505644866,26245
"(0.828966378966379, 0.9861673414304992)",1,98.21957516375784,26246
"(0.940928587432546, 0.9834113430318364)",1,98.21921694487614,26247
"(0.8316498316498316, 1.0)",1,98.21919079785174,26248
"(0.8848000715856217, 1.0)",1,98.21907072522367,26249
"(0.9398731501057084, 0.988167361639188)",1,98.21903188677084,26250
"(0.7524760273298283, 0.991206314397104)",1,98.21901610900277,26251
"(0.9834358767945106, 0.9958292603453894)",1,98.21895879702907,26252
"(0.8425483191745751, 0.9882048106149588)",1,98.2188237618952,26253
"(0.9833229101521784, 0.9833229101521784)",1,98.21876619784028,26254
"(0.6749447402728794, 0.9861310021084456)",1,98.21867130591188,26255
"(0.7837606837606838, 0.9861673414304992)",1,98.21859181530748,26256
"(0.8982888105990573, 0.987463247273494)",1,98.21858074531794,26257
"(0.902192297684101, 0.9861310021084456)",1,98.21840810019052,26258
"(0.902192297684101, 0.9861310021084456)",1,98.21830488601375,26259
"(0.8455704732698088, 0.9861310021084456)",1,98.2182024850208,26260
"(0.5061654456041751, 0.9987500214884376)",1,98.21819010834275,26261
"(0.8796475392220073, 1.0)",1,98.21812387259982,26262
"(0.7632275132275131, 0.986081059422206)",1,98.21809074659818,26263
"(0.7673678366541239, 0.9882048106149588)",1,98.21805867781124,26264
"(0.9499687304565352, 0.9833229101521784)",2,98.2180134992029,26266
"(0.7722169562433654, 0.9861673414304992)",1,98.21792126093122,26267
"(0.7708796965987909, 0.9861673414304992)",1,98.21788061205854,26268
"(0.8587195484254307, 0.9861310021084456)",1,98.21778436291928,26269
"(0.7687400318979267, 0.9833229101521784)",1,98.21777067605056,26270
"(0.8322510822510822, 0.9861673414304992)",1,98.21767336465244,26271
"(0.902192297684101, 0.9861310021084456)",1,98.21767303588842,26272
"(0.8751418857787044, 0.9832925076188832)",1,98.21760066090911,26273
"(0.7280584513944579, 0.9861673414304992)",1,98.2175896656556,26274
"(0.7856964763329513, 0.9861673414304992)",1,98.2175404363383,26275
"(0.476193313409349, 0.9975000781372088)",1,98.21746762107664,26276
"(0.9061764476533613, 0.9832184229069656)",1,98.21746651454306,26277
"(0.9333333333333332, 0.9833229101521784)",1,98.2173859507358,26278
"(0.9499687304565352, 0.9833229101521784)",1,98.21729599650014,26279
"(0.3317695658368551, 0.9988619159967322)",1,98.21722712510972,26280
"(0.8308201058201059, 0.9861673414304992)",1,98.217121828904,26281
"(0.9011810599946194, 0.9861673414304992)",1,98.216941251332,26282
"(0.9874877810361682, 0.9958292603453894)",1,98.21689771682384,26283
"(0.7708796965987909, 0.9861673414304992)",1,98.21677797006016,26284
"(0.433281060850566, 1.0)",1,98.21676599066495,26285
"(0.9452474337657768, 0.9874762808349148)",1,98.21672039551656,26286
"(0.596010533010056, 0.9887476607899144)",1,98.21671503340409,26287
"(0.9230468061350414, 0.9832184229069656)",1,98.21668795610547,26288
"(0.7837606837606838, 0.9861673414304992)",1,98.21663768075436,26289
"(0.9299160159815896, 0.9861673414304992)",1,98.21662646319582,26290
"(0.8587195484254307, 0.9861310021084456)",1,98.21661897370224,26291
"(0.9153127183787562, 0.9861673414304992)",1,98.21651522871517,26292
"(0.8341307814992026, 0.9833229101521784)",1,98.21645306626054,26293
"(0.2375441394922753, 1.0)",2,98.21635322429178,26295
"(0.7368760064412239, 0.9861673414304992)",1,98.21635262144429,26296
"(0.9497171590194848, 0.9833229101521784)",1,98.21620410477476,26297
"(0.7516483516483518, 0.9861673414304992)",1,98.216180179533,26298
"(0.7404350561362756, 0.9861673414304992)",1,98.21613375981912,26299
"(0.9166145507608924, 0.9833229101521784)",1,98.2160850278264,26300
"(0.9311507936507936, 0.9861673414304992)",1,98.21603653294852,26301
"(0.9199973910846122, 0.9873891625615764)",1,98.2159136066968,26302
"(0.934065934065934, 0.9833229101521784)",1,98.21590639401192,26303
"(0.2806699331680662, 0.9981012669018314)",1,98.21590030993748,26304
"(0.934065934065934, 0.9833229101521784)",2,98.21582253686624,26306
"(0.9169719169719168, 0.9833229101521784)",1,98.21571972014404,26307
"(0.765692887308966, 0.9861310021084456)",1,98.21570861597272,26308
"(0.987491854024112, 1.0)",2,98.21568438285858,26310
"(0.9666562434855118, 0.9833229101521784)",1,98.21560334544934,26311
"(0.8586166985951469, 0.9861310021084456)",1,98.21552098516985,26312
"(0.8358530587380517, 0.9834113430318364)",2,98.21547661815325,26314
"(0.9000617225831424, 0.9833229101521784)",1,98.21544492287846,26315
"(0.4889834829195941, 0.9996210215628012)",3,98.21542582633408,26318
"(0.9000617225831424, 0.9833229101521784)",2,98.21542407651614,26320
"(0.9747838672665278, 1.0)",1,98.21541091192177,26321
"(0.933096859926128, 0.9833229101521784)",1,98.21535644886096,26322
"(0.9499687304565352, 0.9833229101521784)",1,98.2153415075707,26323
"(0.9499687304565352, 0.9833229101521784)",1,98.21523790715064,26324
"(0.7994987468671678, 0.9833229101521784)",1,98.21517521132417,26325
"(0.9153439153439156, 0.9833229101521784)",1,98.21511204438038,26326
"(0.9476043407479208, 1.0)",1,98.21505322863015,26327
"(0.933096859926128, 0.9833229101521784)",1,98.2149796425105,26328
"(0.9497171590194848, 0.9833229101521784)",2,98.21488388503349,26330
"(0.9326599326599326, 0.9833229101521784)",1,98.21485384771653,26331
"(0.7075825156110616, 0.991206314397104)",1,98.21477051000087,26332
"(0.9017715617715616, 0.9861673414304992)",2,98.21455243020938,26334
"(0.7962102115226081, 0.988167361639188)",1,98.21454871256992,26335
"(0.9497171590194848, 0.9833229101521784)",1,98.21441653546024,26336
"(0.8796475392220073, 0.9833229101521784)",1,98.2144060827767,26337
"(0.9326599326599326, 0.9833229101521784)",3,98.21430881674787,26340
"(0.9666666666666668, 0.9833229101521784)",1,98.21426868191956,26341
"(0.8208353559736048, 0.9861673414304992)",1,98.21415875690164,26342
"(0.6042502004811546, 0.9882048106149588)",1,98.2141119990514,26343
"(0.92132700797001, 0.9834113430318364)",1,98.2140818113104,26344
"(0.9026337658413128, 0.9861673414304992)",2,98.21406325517636,26346
"(0.8543547774492897, 0.9861673414304992)",1,98.2140337787102,26347
"(0.440594458995568, 0.9962501582231502)",1,98.21399024970488,26348
"(0.9153439153439156, 0.9833229101521784)",3,98.2139664836026,26351
"(0.4747763864042934, 0.9882048106149588)",1,98.21387654018038,26352
"(0.3024053266749896, 0.9973390598305516)",3,98.21378500374291,26355
"(0.861111111111111, 1.0)",1,98.21376240186426,26356
"(0.8976982097186702, 0.9833229101521784)",1,98.21373948551609,26357
"(0.8929015655249481, 0.9958292603453894)",1,98.21372290659316,26358
"(0.8874191651969431, 0.9861673414304992)",1,98.21370661083878,26359
"(0.9169719169719168, 0.9833229101521784)",1,98.21369034766208,26360
"(0.8814814814814814, 0.9833229101521784)",1,98.21364710504636,26361
"(0.7837606837606838, 0.9861673414304992)",1,98.2135538375131,26362
"(0.9497171590194846, 0.9833229101521784)",1,98.21346695935468,26363
"(0.6526770767943084, 0.9861673414304992)",1,98.21346591646278,26364
"(0.9125533644430458, 0.9873891625615764)",1,98.21337716499303,26365
"(0.8315416458960965, 0.988167361639188)",1,98.21336263239633,26366
"(0.8976982097186702, 0.9833229101521784)",1,98.21331213508871,26367
"(0.6526770767943084, 0.9861673414304992)",1,98.2132469896858,26368
"(0.8976982097186702, 0.9833229101521784)",2,98.21318674343574,26370
"(0.8860455063826657, 0.9861673414304992)",1,98.21317096204082,26371
"(0.8976982097186702, 0.9833229101521784)",2,98.21306056365168,26373
"(0.5896957700576321, 0.9996210215628012)",1,98.2130516983488,26374
"(0.865581803207783, 0.991206314397104)",1,98.21304994321144,26375
"(0.8208353559736048, 0.9861673414304992)",1,98.212997218965,26376
"(0.9034438470728792, 0.9958292603453894)",1,98.21289103005516,26377
"(0.9539751547184644, 0.9832462877624168)",1,98.21284028960608,26378
"(0.9377148530109056, 0.991206314397104)",1,98.21268349609755,26379
"(0.8840048840048841, 0.9833229101521784)",1,98.21268306737952,26380
"(0.9061764476533613, 0.9832184229069656)",2,98.21265140481742,26382
"(0.958095238095238, 0.9958292603453894)",1,98.2125677048921,26383
"(0.931200007971039, 0.9873891625615764)",1,98.2125441996556,26384
"(0.8596618357487924, 0.9861673414304992)",1,98.212371286191,26385
"(0.8193419055822156, 0.9861673414304992)",1,98.21236664699948,26386
"(0.9310483384791604, 0.9861673414304992)",1,98.21220431552187,26387
"(0.8631918334993627, 0.9833229101521784)",1,98.21215993856508,26388
"(0.8071948928825261, 0.9861673414304992)",2,98.21213560623504,26390
"(0.8449978636391381, 0.9882048106149588)",1,98.21209717555888,26391
"(0.9829909379735984, 0.9958292603453894)",1,98.21191974010318,26392
"(0.8796475392220073, 0.9833229101521784)",4,98.2118758586134,26396
"(0.8796475392220073, 0.9833229101521784)",1,98.2118131627869,26397
"(0.8970129352925051, 0.9873891625615764)",1,98.2118070592175,26398
"(0.927082576248316, 0.9832925076188832)",1,98.21179329687122,26399
"(0.8294970161977834, 0.9833229101521784)",1,98.21175660513263,26400
"(0.8974984433303618, 0.9873891625615764)",1,98.21171521373306,26401
"(0.8676532769556025, 0.9882048106149588)",1,98.21158198032238,26402
"(0.861111111111111, 0.9833229101521784)",1,98.2115200902033,26403
"(0.8605083900600204, 0.9861310021084456)",1,98.21149854432028,26404
"(0.1751566951566951, 1.0)",1,98.21142774491445,26405
"(0.6760835913312693, 0.986081059422206)",1,98.21141758365148,26406
"(0.9184901612842788, 0.987491854024112)",2,98.2113470948467,26408
"(0.8596618357487924, 0.9861673414304992)",1,98.21129348279572,26409
"(0.9958292603453894, 0.9958292603453894)",1,98.21120762037188,26410
"(0.8294970161977834, 0.9833229101521784)",1,98.21118759301037,26411
"(0.4935497074925994, 0.9962497362353954)",1,98.21111192902018,26412
"(0.7075825156110616, 0.991206314397104)",1,98.21098237092004,26413
"(0.8822918375448964, 0.9832925076188832)",1,98.21085789156623,26414
"(0.7348436174331348, 0.9861673414304992)",2,98.21081913486351,26416
"(0.8899966931216932, 0.9861310021084456)",1,98.21078505328344,26417
"(0.945878018492034, 0.9958292603453894)",1,98.21078043965731,26418
"(0.949977467563772, 0.9958292603453894)",1,98.21076219340068,26419
"(0.8976982097186702, 1.0)",1,98.21072267554908,26420
"(0.916110211619383, 0.9832184229069656)",1,98.21070918115372,26421
"(0.9301209372637944, 0.9861310021084456)",1,98.21067537419026,26422
"(0.8584175084175085, 0.9861673414304992)",1,98.21064407885872,26423
"(0.7772049591964847, 0.9861673414304992)",1,98.21053183772317,26424
"(0.865581803207783, 0.991206314397104)",1,98.21050386730109,26425
"(0.9026337658413128, 0.9861673414304992)",1,98.2101304955,26426
"(0.9649790647893116, 0.9958292603453894)",1,98.21008851390424,26427
"(0.861111111111111, 0.9833229101521784)",4,98.2100792161768,26431
"(0.7347448804741066, 1.0)",1,98.21003160943476,26432
"(0.9791544477028348, 0.9958292603453894)",1,98.20977833554603,26433
"(0.6625484626417463, 0.9861673414304992)",1,98.20968982030956,26434
"(0.4894591128631123, 0.9975000781372088)",1,98.20965888903076,26435
"(0.4795837122630575, 0.9992416608232524)",3,98.20963913784986,26438
"(0.8876473063973064, 0.9861673414304992)",1,98.20961695798664,26439
"(0.7580266955266955, 0.9861673414304992)",1,98.20960393138132,26440
"(0.9282083232965586, 0.9873891625615764)",1,98.20957214034328,26441
"(0.8390424521630195, 0.9861673414304992)",1,98.20950477063502,26442
"(0.8604306971015356, 0.9861673414304992)",1,98.2093431622063,26443
"(0.5896957700576321, 0.9996210215628012)",3,98.20930048953754,26446
"(0.3618298321342925, 0.9996210215628012)",1,98.20915847590568,26447
"(0.7601164382773579, 0.9833229101521784)",1,98.20914708243,26448
"(0.9300671002153482, 0.9861673414304992)",1,98.20899419991248,26449
"(0.4925733396357239, 0.9975000781372088)",1,98.20874391776128,26450
"(0.4935497074925994, 0.9949997811829872)",1,98.20871636663702,26451
"(0.8761383419447936, 0.9873891625615764)",1,98.20864135244354,26452
"(0.8879641577459414, 0.9834113430318364)",1,98.20854095586328,26453
"(0.7348436174331348, 0.9861310021084456)",2,98.20850630826388,26455
"(0.9748461391725148, 1.0)",1,98.2082862229152,26456
"(0.7294281157362763, 1.0)",1,98.2082583828106,26457
"(0.457262827025654, 0.9992416608232524)",1,98.20823529842104,26458
"(0.8877034517510707, 0.9861673414304992)",1,98.20785956596296,26459
"(0.477671768371638, 0.9977203590215908)",1,98.2077489699334,26460
"(0.9748850895736324, 0.9958292603453894)",1,98.20759297085382,26461
"(0.7997685185185185, 0.9861673414304992)",1,98.20756821176852,26462
"(0.8388048698116161, 0.9861673414304992)",2,98.20755221780308,26464
"(0.8899966931216932, 0.9861310021084456)",1,98.20724260576192,26465
"(0.8010054664946871, 0.9861673414304992)",1,98.20712924683625,26466
"(0.9230468061350414, 0.9832925076188832)",1,98.20696387179336,26467
"(0.8880748880748881, 0.9861310021084456)",1,98.20677231890376,26468
"(0.6767580302172832, 0.9861310021084456)",1,98.20674234691784,26469
"(0.7524760273298283, 0.991206314397104)",2,98.20673614602116,26471
"(0.5153209052589321, 0.9974998905914936)",1,98.2066928606336,26472
"(0.8676532769556025, 0.9882048106149588)",1,98.20664441827805,26473
"(0.8308201058201059, 0.9861673414304992)",1,98.20659437777988,26474
"(0.2573753482290067, 0.9988619159967322)",1,98.20657305783206,26475
"(0.8506653943511476, 0.991206314397104)",1,98.2064575399526,26476
"(0.831031066037186, 0.988167361639188)",2,98.20643014279808,26478
"(0.8124923632552741, 0.9861673414304992)",1,98.20631307657656,26479
"(0.8148308968977662, 0.9861673414304992)",2,98.20630893818152,26481
"(0.8883678678403513, 0.9861673414304992)",1,98.20629492783247,26482
"(0.8322510822510822, 0.9861673414304992)",1,98.20623329321928,26483
"(0.502001702724359, 0.9975000781372088)",1,98.2062280074376,26484
"(0.7836974395113928, 0.988167361639188)",1,98.20616869984347,26485
"(0.9032855633136024, 0.9861673414304992)",1,98.20612369951547,26486
"(0.983545503234046, 1.0)",2,98.20610023931624,26488
"(0.97495917428555, 0.9958292603453894)",2,98.20605946540704,26490
"(0.7348436174331348, 0.9861310021084456)",1,98.20605466295508,26491
"(0.7735205142749102, 0.9861673414304992)",1,98.20593407852787,26492
"(0.9958292603453894, 1.0)",1,98.20591589391267,26493
"(0.9057330122004186, 0.991206314397104)",1,98.20591309622084,26494
"(0.433281060850566, 0.9984817852901372)",1,98.2058691192531,26495
"(0.9374843410636878, 0.9832925076188832)",1,98.20585594472514,26496
"(0.4933386447129642, 0.9962501582231502)",1,98.2057595861678,26497
"(0.5890629581827016, 0.9861673414304992)",1,98.20574416440353,26498
"(0.7856964763329513, 0.9861673414304992)",1,98.20574163766624,26499
"(0.7580975849121009, 0.9861673414304992)",1,98.20572086585943,26500
"(0.9958292603453894, 1.0)",1,98.20561560938953,26501
"(0.5004274455385378, 0.9975000781372088)",1,98.20539331552597,26502
"(0.2573753482290067, 0.9984817852901372)",1,98.20539079209566,26503
"(0.2672914952175105, 0.9996210215628012)",3,98.20538602746696,26506
"(0.8587195484254307, 0.9861310021084456)",1,98.20537687442184,26507
"(0.6215073982652175, 1.0)",1,98.20535054706534,26508
"(0.902898027898028, 0.9861310021084456)",1,98.20531741957237,26509
"(0.8085259100433108, 0.9861673414304992)",1,98.20530493063453,26510
"(0.7856964763329513, 0.9861673414304992)",2,98.20526659320376,26512
"(0.8567210567210567, 0.9861673414304992)",1,98.20514597734216,26513
"(0.944120583717358, 0.9834113430318364)",1,98.20514243773928,26514
"(0.8056354979267693, 0.9861310021084456)",1,98.20509395874952,26515
"(0.9792773561037318, 1.0)",1,98.20504824341526,26516
"(0.4776877676981033, 0.9992416608232524)",1,98.20493298009644,26517
"(0.506032156862745, 0.9975000781372088)",1,98.20491025171698,26518
"(0.9750943974852894, 0.9958292603453894)",1,98.20480492174968,26519
"(0.8899966931216932, 0.9861310021084456)",1,98.20473268323455,26520
"(0.4407055363375315, 0.9962497362353954)",3,98.20460808290817,26523
"(0.7362637362637362, 1.0)",1,98.20458771130482,26524
"(0.9230468061350414, 0.9834113430318364)",1,98.2045795340836,26525
"(0.9748076591340348, 1.0)",1,98.20453423696829,26526
"(0.7280584513944579, 0.9861673414304992)",1,98.20450937015754,26527
"(0.4369316957552253, 1.0)",1,98.20448940214374,26528
"(0.7280584513944579, 0.9861673414304992)",1,98.20447323217968,26529
"(0.8810064268049709, 0.991206314397104)",1,98.20441141872668,26530
"(0.8491340807583629, 0.9861673414304992)",1,98.20414380797328,26531
"(0.9871616776282092, 0.9958292603453894)",1,98.20403603879782,26532
"(0.6749447402728794, 0.9861310021084456)",1,98.20402567518563,26533
"(0.8229870141950848, 1.0)",1,98.20378309915566,26534
"(0.6179693015417549, 1.0)",1,98.2036893963594,26535
"(0.6611718926579557, 0.9861310021084456)",1,98.2036309478051,26536
"(0.4894044061023979, 0.9996210215628012)",1,98.2036202096942,26537
"(0.7708796965987909, 0.9861673414304992)",1,98.20357232308127,26538
"(0.8218185392856778, 0.9861673414304992)",1,98.20355352386892,26539
"(0.9301209372637944, 0.9861310021084456)",1,98.20350448728824,26540
"(0.8344065656565657, 0.9861673414304992)",1,98.203486887628,26541
"(0.5048749137169142, 0.9992416608232524)",1,98.20348680728604,26542
"(0.9230468061350414, 0.9834113430318364)",1,98.20342865385793,26543
"(0.7708796965987909, 0.9861673414304992)",1,98.20322528555378,26544
"(0.620130835563485, 0.991206314397104)",1,98.20314880257769,26545
"(0.3382742450859052, 0.9988619159967322)",3,98.2031279260449,26548
"(0.8229870141950848, 1.0)",1,98.20310843311243,26549
"(0.9873891625615764, 1.0)",1,98.20308569099942,26550
"(0.1808771236817465, 0.9977203590215908)",1,98.20305951793996,26551
"(0.8552744708994707, 0.9861673414304992)",1,98.20305375581184,26552
"(0.9832184229069656, 0.9958292603453894)",1,98.20303269546598,26553
"(0.9026337658413128, 0.9861673414304992)",1,98.2029426583172,26554
"(0.9293300445873568, 0.9873891625615764)",1,98.2028705966582,26555
"(0.991777356103732, 0.9958292603453894)",1,98.2028547104342,26556
"(0.9114218054477384, 0.9873891625615764)",1,98.20264129145272,26557
"(0.8937718863178524, 0.9832184229069656)",1,98.20260684293685,26558
"(0.8110682791635173, 0.9861673414304992)",1,98.20256842624332,26559
"(0.8308201058201059, 0.9861673414304992)",1,98.20253125360853,26560
"(0.6886904761904762, 1.0)",1,98.20246644169592,26561
"(0.4609816352782865, 1.0)",3,98.20244338712143,26564
"(0.7075825156110616, 0.991206314397104)",1,98.20232804227678,26565
"(0.8942622047218923, 0.9873891625615764)",1,98.20220260498976,26566
"(0.6179693015417549, 1.0)",1,98.20188076340656,26567
"(1.0, 0.9833229101521784)",1,98.2018378135792,26568
"(0.6182998752190132, 0.9912498222186796)",1,98.20183196150988,26569
"(0.975195619792394, 0.9958292603453894)",1,98.2017609268563,26570
"(0.6521663785997688, 1.0)",1,98.20175579393036,26571
"(0.5796659333752356, 0.9912498222186796)",1,98.2016841490723,26572
"(0.8449978636391381, 0.9882048106149588)",1,98.20154012068764,26573
"(0.9438271604938272, 0.9861673414304992)",1,98.20153556272363,26574
"(0.7516483516483518, 0.9861673414304992)",1,98.20147922673132,26575
"(0.9499687304565352, 0.9833229101521784)",2,98.20133640935508,26577
"(0.9707095350359108, 0.9958292603453894)",1,98.20128703842036,26578
"(0.940928587432546, 0.987463247273494)",1,98.20125626713148,26579
"(0.8148308968977662, 0.9861673414304992)",1,98.20107147943936,26580
"(0.9833211143695014, 0.9958292603453894)",1,98.2010227400318,26581
"(0.7686844739476318, 0.9833229101521784)",1,98.20097533242594,26582
"(0.9499687304565352, 0.9833229101521784)",1,98.20081498214002,26583
"(0.8016677935542034, 0.9833229101521784)",1,98.20068801452568,26584
"(0.4369316957552253, 1.0)",1,98.20062607895532,26585
"(0.8416827657517105, 0.9861310021084456)",1,98.2006020727536,26586
"(0.7368760064412239, 0.9861673414304992)",1,98.200598965011,26587
"(0.934065934065934, 0.9833229101521784)",1,98.2005769255374,26588
"(0.9017715617715616, 0.9861673414304992)",1,98.20057674895568,26589
"(0.6544644252235129, 1.0)",1,98.2005287820918,26590
"(0.9497171590194846, 0.9833229101521784)",1,98.20049136076742,26591
"(0.6526770767943084, 0.9861673414304992)",1,98.20042571952432,26592
"(0.789994229453279, 0.9861673414304992)",1,98.20041681771691,26593
"(0.7516483516483518, 0.9861673414304992)",1,98.2004155373652,26594
"(0.9665831244778612, 0.9833229101521784)",1,98.20040726074106,26595
"(0.934065934065934, 0.9833229101521784)",1,98.20035026068406,26596
"(0.902192297684101, 0.9861310021084456)",1,98.20033208390171,26597
"(0.9165164082221422, 0.986081059422206)",1,98.20032521745084,26598
"(0.8194074731341813, 0.9861673414304992)",1,98.20026816978414,26599
"(0.9699183291713004, 0.9958292603453894)",1,98.20025529661925,26600
"(0.8416827657517105, 0.9861310021084456)",1,98.20013980139755,26601
"(0.9205517358458536, 0.9873891625615764)",1,98.20008214708363,26602
"(0.8175446168757694, 0.9861673414304992)",1,98.1999507245374,26603
"(0.9833229101521784, 0.9833229101521784)",1,98.19984195337216,26604
"(0.934122934122934, 0.9833229101521784)",1,98.19978897539876,26605
"(0.8860455063826657, 0.9861673414304992)",1,98.19970980628328,26606
"(0.7516483516483518, 0.9861673414304992)",1,98.19965889744932,26607
"(0.934065934065934, 0.9833229101521784)",2,98.19964843315296,26609
"(0.90224161204236, 0.9861310021084456)",1,98.19964124718254,26610
"(0.8175446168757694, 0.9861673414304992)",1,98.1996232024027,26611
"(0.6526770767943084, 0.9861673414304992)",1,98.19962039335012,26612
"(0.9665831244778612, 0.9833229101521784)",2,98.19961296726385,26614
"(0.6526770767943084, 0.9861673414304992)",1,98.19948572384098,26615
"(0.6526770767943084, 0.9861673414304992)",2,98.19947447800703,26617
"(0.6526770767943084, 0.9861673414304992)",1,98.19944125413257,26618
"(0.934065934065934, 0.9833229101521784)",1,98.1994387111801,26619
"(0.7453091184935634, 0.991206314397104)",1,98.19943577726558,26620
"(0.9262130464282252, 0.991206314397104)",1,98.19939805140108,26621
"(1.0, 0.9833229101521784)",1,98.19928228952622,26622
"(0.9326599326599326, 0.9833229101521784)",1,98.19926880902494,26623
"(0.9497171590194848, 0.9833229101521784)",1,98.19922974453236,26624
"(0.6526770767943084, 0.9861673414304992)",1,98.199212232094,26625
"(0.9871616776282092, 0.9958292603453894)",1,98.19919249970614,26626
"(0.930124456440246, 0.9861673414304992)",1,98.19918773418024,26627
"(0.9958292603453894, 0.9958292603453894)",1,98.19911317606837,26628
"(0.6813936996863826, 0.9861673414304992)",2,98.19906158387695,26630
"(0.9832401090007582, 0.9958292603453894)",1,98.19902075129416,26631
"(0.8175446168757694, 0.9861673414304992)",1,98.19898397556372,26632
"(0.9153439153439156, 0.9833229101521784)",1,98.19897283580602,26633
"(0.8475002808673183, 0.9861673414304992)",1,98.1989592341626,26634
"(0.9000617225831424, 0.9833229101521784)",1,98.19893586227889,26635
"(0.944563492063492, 1.0)",1,98.19887641009932,26636
"(0.5734466317588319, 0.9981012669018314)",1,98.19884823845734,26637
"(0.934065934065934, 0.9833229101521784)",1,98.1987653105067,26638
"(0.4943189964157706, 1.0)",1,98.1987611185377,26639
"(0.9000617225831424, 0.9833229101521784)",2,98.19868429084184,26641
"(0.8653198653198653, 0.9833229101521784)",1,98.1986826146602,26642
"(0.9331662489557224, 0.9833229101521784)",1,98.19849812147632,26643
"(0.8315995778682346, 0.9861673414304992)",1,98.1984908538345,26644
"(0.6526770767943084, 0.9861673414304992)",1,98.19843889465884,26645
"(0.8751897860593512, 0.9861673414304992)",1,98.19842262909216,26646
"(0.5056778729738882, 0.9937491695468736)",1,98.19834249699652,26647
"(0.9169719169719168, 0.9833229101521784)",1,98.198285687434,26648
"(0.933096859926128, 0.9833229101521784)",1,98.19823985683618,26649
"(0.799275702501509, 0.9833229101521784)",1,98.19821238128418,26650
"(0.5499164415948582, 0.9912501504190636)",1,98.19804871075289,26651
"(0.6042502004811546, 0.9882048106149588)",1,98.19799505375364,26652
"(0.9665831244778612, 0.9833229101521784)",1,98.19792241615094,26653
"(0.3506832674571805, 0.9992416608232524)",3,98.19784109560526,26656
"(0.4847252958987063, 0.9987499746026686)",2,98.19781830445726,26658
"(0.933096859926128, 0.9833229101521784)",2,98.19779623636688,26660
"(0.5087400188487272, 0.9974998905914936)",1,98.19777324643886,26661
"(0.8208353559736048, 0.9861673414304992)",1,98.19776970667267,26662
"(0.8883678678403513, 0.9861673414304992)",1,98.19770356193897,26663
"(0.9497171590194848, 0.9833229101521784)",1,98.19767674978593,26664
"(0.90224161204236, 0.9861310021084456)",1,98.19763011468903,26665
"(0.7280584513944579, 0.9861673414304992)",1,98.1976211125644,26666
"(0.9833229101521784, 0.9833229101521784)",1,98.19741868458176,26667
"(0.765692887308966, 0.9861310021084456)",1,98.19736495154235,26668
"(0.564922563324656, 0.9981012669018314)",2,98.19736142505587,26670
"(0.9498370804822418, 0.9873891625615764)",1,98.19729211664522,26671
"(0.8194074731341813, 0.9861673414304992)",1,98.19723735143316,26672
"(0.828966378966379, 0.9861673414304992)",2,98.19720324303522,26674
"(0.9586562930696936, 0.9832184229069656)",1,98.19694156606953,26675
"(0.9665831244778612, 0.9833229101521784)",1,98.19690925724304,26676
"(0.4508193203901878, 0.9962497362353954)",1,98.19689655908844,26677
"(0.8208353559736048, 0.9861673414304992)",1,98.19672647593232,26678
"(0.930124456440246, 1.0)",1,98.19662734891168,26679
"(0.8976982097186702, 0.9833229101521784)",2,98.1965723494144,26681
"(0.6521663785997688, 0.9885557944107872)",1,98.19653588163038,26682
"(0.8976982097186702, 0.9833229101521784)",1,98.19644695776142,26683
"(0.8976982097186702, 0.9833229101521784)",1,98.19632077797736,26684
"(0.8890432098765432, 0.9861673414304992)",1,98.19631566545424,26685
"(0.8805377184744008, 0.9832184229069656)",1,98.19629493697671,26686
"(0.7758629554289019, 0.9861673414304992)",1,98.19620642407492,26687
"(0.7344692811916678, 0.9861673414304992)",1,98.1959565267873,26688
"(0.4009727434617732, 1.0)",1,98.19577571110966,26689
"(0.8468951683237397, 0.9833229101521784)",1,98.195653394677,26690
"(0.950175761409158, 0.979166518665308)",1,98.19556927945192,26691
"(0.8631918334993627, 0.9833229101521784)",1,98.19550369507957,26692
"(0.3354976707716434, 1.0)",3,98.1954845612509,26695
"(0.8322510822510822, 0.9861673414304992)",2,98.1954320203622,26697
"(0.8631918334993627, 0.9833229101521784)",2,98.19542015289076,26699
"(0.8631918334993627, 0.9833229101521784)",1,98.19535745706423,26700
"(0.987491854024112, 0.9958292603453894)",1,98.19528927303551,26701
"(0.97934925289764, 0.9958292603453894)",1,98.19518910581368,26702
"(0.8294970161977834, 0.9833229101521784)",2,98.19516305747362,26704
"(0.8796475392220073, 0.9833229101521784)",1,98.19513607293908,26705
"(0.4407055363375315, 0.99499949979992)",1,98.19511491164472,26706
"(0.8329339143064635, 0.9861673414304992)",1,98.19510997479856,26707
"(0.8294970161977834, 0.9833229101521784)",1,98.19507951528482,26708
"(0.4943189964157706, 1.0)",1,98.19503778500304,26709
"(0.8796475392220073, 0.9833229101521784)",1,98.19500989315502,26710
"(0.9916585206907788, 0.9958292603453894)",1,98.1949318836158,26711
"(0.7473705264801155, 0.9861673414304992)",1,98.19464694922814,26712
"(0.874450386215092, 0.9861310021084456)",1,98.194586104584,26713
"(0.6326954876802936, 0.9861673414304992)",2,98.19457618828064,26715
"(0.5131569832583307, 0.9882048106149588)",1,98.19435892031714,26716
"(0.7280584513944579, 0.9861673414304992)",1,98.19434887525404,26717
"(0.7580266955266955, 0.9861673414304992)",1,98.19428213943392,26718
"(0.8587195484254307, 0.9861310021084456)",1,98.19425824332708,26719
"(0.9299160159815896, 0.9861673414304992)",1,98.1942354469022,26720
"(0.9833040078201368, 0.9958292603453894)",1,98.19417042380472,26721
"(0.8734313112361893, 0.9861673414304992)",1,98.1940349778445,26722
"(0.8653198653198653, 0.9833229101521784)",1,98.193935352868,26723
"(0.6521663785997688, 0.9882048106149588)",2,98.19380462758276,26725
"(0.8148308968977662, 0.9861673414304992)",1,98.19367951570828,26726
"(0.8333192389006343, 0.988167361639188)",1,98.19360885822816,26727
"(0.8388048698116161, 0.9861673414304992)",1,98.19358127727214,26728
"(0.2977672162584903, 1.0)",1,98.1935751745898,26729
"(0.6384521701955596, 0.991206314397104)",1,98.193536801148,26730
"(0.6326954876802936, 0.9861673414304992)",1,98.19342703755132,26731
"(0.861111111111111, 0.9833229101521784)",2,98.1934229726913,26733
"(0.861111111111111, 0.9833229101521784)",3,98.19333943050248,26736
"(0.9497171590194846, 0.9833229101521784)",1,98.19304694105556,26737
"(0.8452611218568665, 0.9833229101521784)",1,98.1929585915056,26738
"(0.8586166985951469, 0.9861673414304992)",1,98.19293235743233,26739
"(0.7673678366541239, 1.0)",1,98.19285804787587,26740
"(0.8175446168757694, 0.9861673414304992)",1,98.19284200523724,26741
"(0.6813936996863826, 0.9861673414304992)",3,98.1928181948516,26744
"(0.7903875985986362, 1.0)",1,98.19265353129455,26745
"(0.7651777469990767, 0.991206314397104)",1,98.19256476691884,26746
"(0.9916585206907788, 0.9958292603453894)",1,98.19246279968466,26747
"(0.7823116219667945, 0.9861673414304992)",1,98.19245231373868,26748
"(0.7601164382773579, 0.9833229101521784)",1,98.19240729675568,26749
"(0.7374768177381903, 0.991206314397104)",1,98.19239437510272,26750
"(0.8805377184744008, 0.9832925076188832)",2,98.19231164668848,26752
"(0.7075825156110616, 0.991206314397104)",1,98.19227774390266,26753
"(0.3929204539802519, 0.9992416608232524)",1,98.1922696888972,26754
"(0.950175761409158, 0.9834113430318364)",1,98.19224341962624,26755
"(0.7069597069597069, 1.0)",1,98.1921906102412,26756
"(0.224271508570455, 1.0)",1,98.19211634971798,26757
"(0.8814814814814814, 0.9833229101521784)",2,98.19201038347384,26759
"(0.9674564520532262, 0.9958292603453894)",1,98.19190191010402,26760
"(0.9125533644430458, 0.9873891625615764)",1,98.19174367878952,26761
"(0.746304385688563, 0.986081059422206)",1,98.1917197999966,26762
"(0.8455704732698088, 0.9861310021084456)",1,98.19170764653552,26763
"(0.5087400188487272, 0.9924987337339528)",1,98.19163667145912,26764
"(0.8593554593554595, 0.9861673414304992)",2,98.19157658605953,26766
"(0.7823116219667945, 0.9861673414304992)",1,98.19155832733392,26767
"(0.8388048698116161, 0.9861673414304992)",1,98.19154143794692,26768
"(0.6736022307473716, 0.9861673414304992)",1,98.19153548129852,26769
"(0.7856964763329513, 0.9861673414304992)",1,98.19152737774247,26770
"(0.8596618357487924, 0.9861673414304992)",2,98.19129810386266,26772
"(0.5417100692802794, 0.9912488373656227)",1,98.19118863831106,26773
"(0.6813936996863826, 0.9861673414304992)",1,98.19111633564474,26774
"(0.4925733396357239, 0.9962501582231502)",2,98.19103422796532,26776
"(0.7823116219667945, 0.9861673414304992)",1,98.19095153970665,26777
"(0.9297812306740878, 1.0)",1,98.19084607711416,26778
"(0.8148308968977662, 0.9861673414304992)",1,98.1908294932388,26779
"(0.6198039215686275, 0.992499671774481)",1,98.19066005015176,26780
"(0.940928587432546, 0.9832925076188832)",1,98.19065903533588,26781
"(0.7580266955266955, 0.9861673414304992)",2,98.19043959459752,26783
"(0.8567210567210567, 0.9861673414304992)",1,98.1903942141494,26784
"(0.9234894220441888, 0.9832462877624168)",1,98.19037334597236,26785
"(0.8852161738351254, 0.9861310021084456)",1,98.19024998171662,26786
"(0.9026337658413128, 0.9861673414304992)",1,98.19023646427353,26787
"(0.8586166985951469, 0.9861673414304992)",1,98.19015957594183,26788
"(0.9444901834607716, 0.9861673414304992)",1,98.19011543769278,26789
"(0.7942038054814895, 0.9861673414304992)",1,98.1900930274224,26790
"(0.8477163887996607, 0.9861310021084456)",1,98.18999885292436,26791
"(0.418728666447884, 0.9962497362353954)",1,98.18990600382776,26792
"(0.8883678678403513, 0.9861673414304992)",1,98.18959181691504,26793
"(0.8056354979267693, 0.9861310021084456)",1,98.18946771619022,26794
"(0.94484126984127, 0.9861673414304992)",1,98.18944535813272,26795
"(0.4795837122630575, 0.9977203590215908)",1,98.1893882220638,26796
"(0.6992775742775743, 0.9861673414304992)",1,98.1892949309116,26797
"(0.8902783631946863, 0.9861673414304992)",1,98.18928350564964,26798
"(0.9750072792119512, 1.0)",1,98.1891669483801,26799
"(0.6992775742775743, 0.9861673414304992)",1,98.18895347195904,26800
"(0.7153850158254207, 0.9861310021084456)",1,98.1889518058303,26801
"(0.6575398846941737, 0.9882048106149588)",1,98.18893553976254,26802
"(0.3865130008203705, 0.9992416608232524)",1,98.18885000619969,26803
"(0.7999088007295942, 0.988167361639188)",1,98.188829224787,26804
"(0.9153127183787562, 0.9861673414304992)",1,98.1888112154524,26805
"(0.7942038054814895, 0.9861673414304992)",2,98.188797920546,26807
"(0.8218185392856778, 0.9861673414304992)",1,98.18875695457491,26808
"(0.503514376678064, 0.9996210215628012)",2,98.18872877686272,26810
"(0.2184301094356221, 0.9954266299414484)",1,98.18857572417087,26811
"(0.6992775742775743, 0.9861673414304992)",1,98.18856486716038,26812
"(0.972420634920635, 0.9861673414304992)",1,98.18851887612072,26813
"(0.7780625367430922, 0.9861673414304992)",1,98.18843375155576,26814
"(0.4133101229894375, 0.9996210215628012)",3,98.18839773752144,26817
"(0.6992775742775743, 0.9861673414304992)",1,98.18835804786345,26818
"(0.940928587432546, 0.9876066164491212)",1,98.188314757424,26819
"(0.8308201058201059, 0.9861673414304992)",1,98.18831049473556,26820
"(0.8676532769556025, 0.9882048106149588)",1,98.18828211418388,26821
"(0.9310483384791604, 0.9861673414304992)",1,98.18821655480176,26822
"(0.7368760064412239, 0.9861673414304992)",1,98.18808668489928,26823
"(0.8315416458960965, 0.988167361639188)",2,98.1879473619454,26825
"(0.8592978613894666, 0.9861673414304992)",1,98.18794680380115,26826
"(0.7222222222222221, 0.9833229101521784)",3,98.18792995622267,26829
"(0.828966378966379, 0.9861673414304992)",2,98.18792506133153,26831
"(0.6962461114805364, 0.9969573675011548)",1,98.18783313121727,26832
"(0.6870644599303137, 0.9861310021084456)",1,98.18766121546766,26833
"(0.6813936996863826, 0.9861673414304992)",1,98.1876329889553,26834
"(0.4958617797724284, 0.9974998905914936)",1,98.18761109572156,26835
"(0.9438271604938272, 0.9861673414304992)",1,98.18757646902604,26836
"(0.5081207721319008, 0.9988619159967322)",3,98.18750202709234,26839
"(0.7823116219667945, 0.9861673414304992)",1,98.1874683185165,26840
"(0.930124456440246, 0.9861673414304992)",1,98.18740414760154,26841
"(0.6760835913312693, 0.986081059422206)",1,98.1873213437976,26842
"(0.8860455063826657, 0.9861673414304992)",1,98.18729314864636,26843
"(0.5981266189834885, 0.9996210215628012)",1,98.187269435839,26844
"(0.7368760064412239, 0.9861673414304992)",1,98.18723343191049,26845
"(0.8443691323092412, 0.9958292603453894)",1,98.18714977913012,26846
"(0.9154520780570968, 0.9832184229069656)",1,98.18712906588952,26847
"(0.9374843410636878, 0.9790476832523552)",1,98.18706038381563,26848
"(0.8308201058201059, 0.9861673414304992)",1,98.18683668973496,26849
"(0.9581458989353726, 1.0)",1,98.18666796249671,26850
"(0.7344692811916678, 1.0)",1,98.1866536107874,26851
"(0.6526770767943084, 0.9861673414304992)",2,98.18662995127364,26853
"(0.8533622685185187, 0.9861673414304992)",1,98.18651530984366,26854
"(0.9586562930696936, 0.9834113430318364)",1,98.186447924852,26855
"(0.9297326845255915, 0.9832925076188832)",1,98.18628327889672,26856
"(0.8543547774492897, 0.9861673414304992)",1,98.18624016826568,26857
"(0.7168719671519223, 0.991206314397104)",1,98.18609170819649,26858
"(0.900983347688774, 0.9861673414304992)",1,98.18594347674566,26859
"(0.3071435299563478, 0.9996210215628012)",3,98.1859391347759,26862
"(0.73687720936437, 0.9833229101521784)",1,98.185907853517,26863
"(0.8584175084175085, 0.9861673414304992)",1,98.1858805504385,26864
"(0.9244352123384382, 0.9834113430318364)",1,98.1856476069324,26865
"(0.8761383419447936, 0.9873891625615764)",1,98.18552673787175,26866
"(0.8937718863178524, 0.9832925076188832)",2,98.18534229534202,26868
"(0.6813936996863826, 0.9861673414304992)",1,98.18532040897269,26869
"(0.8716153127917834, 0.9861673414304992)",1,98.18523531347005,26870
"(0.5298383152258895, 0.9912488373656227)",1,98.18522790695506,26871
"(0.7892960774346593, 0.9861673414304992)",1,98.18496430179545,26872
"(0.8982888105990573, 0.9832925076188832)",1,98.1848342380226,26873
"(0.930124456440246, 0.9861673414304992)",1,98.18471316629012,26874
"(0.8592657752039796, 0.9861310021084456)",1,98.18470569898815,26875
"(0.8208353559736048, 0.9861673414304992)",1,98.1846907585422,26876
"(0.9018806250259218, 1.0)",1,98.18467374674633,26877
"(0.7109688804604058, 0.9861310021084456)",2,98.18464006579968,26879
"(0.8208353559736048, 0.9861673414304992)",1,98.18456544518546,26880
"(0.900983347688774, 0.9861673414304992)",2,98.18456045226104,26882
"(0.6813936996863826, 0.9861673414304992)",1,98.18455704207604,26883
"(0.751080181203132, 0.9861673414304992)",1,98.1845024647994,26884
"(0.6215073982652175, 0.9882048106149588)",1,98.18443175220428,26885
"(0.6108314263920671, 0.9861673414304992)",1,98.1844306954355,26886
"(0.7687400318979267, 0.9833229101521784)",1,98.18441649635491,26887
"(0.6813936996863826, 0.9861673414304992)",1,98.18421721174244,26888
"(0.6526770767943084, 0.9861673414304992)",1,98.18415104134904,26889
"(0.9297326845255915, 0.9834113430318364)",1,98.1841502695776,26890
"(0.944120583717358, 0.9832925076188832)",1,98.18410549144411,26891
"(0.8193419055822156, 0.9861673414304992)",1,98.18401626019076,26892
"(0.1036822132246005, 0.9973390598305516)",1,98.18397426895208,26893
"(0.931200007971039, 0.9873891625615764)",1,98.18397160547607,26894
"(0.8621031746031745, 0.9861310021084456)",1,98.18397153671734,26895
"(0.9372650231764934, 0.983305541180304)",1,98.18395995426737,26896
"(1.0, 1.0)",1,98.18388287524736,26897
"(0.8579868984630887, 0.9861673414304992)",2,98.18387755571516,26899
"(0.4133101229894375, 0.9984817852901372)",1,98.18386399156785,26900
"(0.934065934065934, 0.9833229101521784)",2,98.18375671302503,26902
"(0.9310483384791604, 0.9861673414304992)",1,98.18371001511647,26903
"(0.4345640839445211, 0.9981012669018314)",1,98.1836326886143,26904
"(0.8322510822510822, 0.9861673414304992)",1,98.18349119135448,26905
"(0.8879608405415911, 0.988167361639188)",1,98.18345657454556,26906
"(0.9017715617715616, 0.9861673414304992)",1,98.18340180196869,26907
"(0.900983347688774, 0.9861673414304992)",2,98.18337834492355,26909
"(0.9497171590194848, 0.9833229101521784)",2,98.18337473548392,26911
"(0.7348436174331348, 0.9861673414304992)",1,98.1833006528248,26912
"(0.8883678678403513, 0.9861673414304992)",1,98.18329649692632,26913
"(0.8874191651969431, 0.9861673414304992)",1,98.18323913651103,26914
"(0.9497171590194848, 0.9833229101521784)",1,98.18308722165789,26915
"(0.8193419055822156, 0.9861673414304992)",1,98.1830181723872,26916
"(0.8208353559736048, 0.9861673414304992)",1,98.18289246266836,26917
"(0.9333333333333332, 0.9833229101521784)",1,98.18282510528984,26918
"(0.9499687304565352, 0.9833229101521784)",1,98.18281559506576,26919
"(0.7401844059863599, 0.9861673414304992)",2,98.18273668117604,26921
"(0.7323695788812067, 0.988167361639188)",1,98.18264562909832,26922
"(0.7729389061386163, 0.988167361639188)",1,98.1826132397045,26923
"(0.8056354979267693, 0.9861310021084456)",1,98.18253262815524,26924
"(0.6800130179603725, 1.0)",1,98.18234980180988,26925
"(0.8229870141950848, 1.0)",1,98.18233513698456,26926
"(0.7999088007295942, 0.988167361639188)",1,98.182292516053,26927
"(0.8208353559736048, 0.9861673414304992)",1,98.1822686909044,26928
"(0.4937776876667119, 0.9974998905914936)",1,98.18224884406966,26929
"(0.9, 0.9833229101521784)",1,98.18221789621025,26930
"(0.9398731501057084, 0.988167361639188)",2,98.18215904702716,26932
"(0.9000617225831424, 0.9833229101521784)",1,98.18207690703738,26933
"(0.9333333333333332, 0.9833229101521784)",1,98.182049866962,26934
"(0.8491340807583629, 0.9861673414304992)",1,98.18202708008069,26935
"(0.934065934065934, 0.9833229101521784)",1,98.18202552483238,26936
"(0.9000617225831424, 0.9833229101521784)",1,98.18181832538346,26937
"(0.4590791029805835, 0.9975000781372088)",1,98.1817808978074,26938
"(0.933096859926128, 0.9833229101521784)",2,98.18172612680996,26940
"(0.3974337753332183, 0.9984817852901372)",3,98.18166234799224,26943
"(0.9028964862298196, 0.9861673414304992)",1,98.1816296069768,26944
"(0.8056354979267693, 0.9861310021084456)",2,98.1815647602113,26946
"(0.6813936996863826, 0.9861673414304992)",1,98.18154928455044,26947
"(0.8840048840048841, 0.9833229101521784)",1,98.18154569245716,26948
"(0.6813936996863826, 0.9861310021084456)",1,98.18153936217864,26949
"(0.4822651515151516, 0.9988619159967322)",1,98.18146158693204,26950
"(0.9435817855979146, 0.9958292603453894)",1,98.18142825425402,26951
"(0.8753086419753084, 0.9861310021084456)",1,98.181338909645,26952
"(0.9497171590194848, 0.9833229101521784)",1,98.18124771159374,26953
"(0.9032855633136024, 0.9861673414304992)",1,98.18122161819343,26954
"(0.9000617225831424, 0.9833229101521784)",1,98.18107167920289,26955
"(0.7348436174331348, 0.9861673414304992)",1,98.18107036406202,26956
"(0.9666666666666668, 0.9833229101521784)",1,98.18101424558424,26957
"(0.987463247273494, 0.9958292603453894)",1,98.18096101399028,26958
"(0.8322510822510822, 0.9861673414304992)",1,98.18093089908798,26959
"(0.8748200797381125, 0.9861310021084456)",1,98.18092189883878,26960
"(0.4897415065188988, 0.9984817852901372)",1,98.18084250591389,26961
"(0.9437903841498612, 0.9861310021084456)",1,98.18082050565091,26962
"(0.9497171590194846, 0.9833229101521784)",1,98.18081334530572,26963
"(0.9160264866799612, 0.9861673414304992)",1,98.18079258753818,26964
"(0.692829206701158, 0.9861310021084456)",1,98.18074208398065,26965
"(0.9153439153439156, 0.9833229101521784)",1,98.18071669245808,26966
"(0.9665831244778612, 0.9833229101521784)",1,98.18067910820996,26967
"(0.933096859926128, 0.9833229101521784)",1,98.18048021905088,26968
"(0.9166145507608924, 1.0)",1,98.1804703077118,26969
"(0.8743078626799556, 0.9861310021084456)",1,98.1803914105904,26970
"(0.945878018492034, 0.9958292603453894)",1,98.18030405975296,26971
"(0.9326599326599326, 0.9833229101521784)",1,98.18030208274114,26972
"(0.6341009759759758, 0.9874994529574682)",1,98.1802472797891,26973
"(0.7708796965987909, 0.9861673414304992)",1,98.18021975482296,26974
"(0.90224161204236, 0.9861310021084456)",1,98.18019858047336,26975
"(0.7348436174331348, 0.9861310021084456)",1,98.18015758244672,26976
"(0.8976982097186702, 0.9833229101521784)",2,98.1801337343834,26978
"(0.6813936996863826, 0.9861673414304992)",2,98.18010474839134,26980
"(0.9029281534808432, 0.9861673414304992)",1,98.18006467818132,26981
"(0.9153439153439156, 0.9833229101521784)",1,98.18004329178468,26982
"(0.4594704236610712, 0.99499949979992)",1,98.17994625339654,26983
"(0.7997685185185185, 0.9861673414304992)",2,98.17994141082865,26985
"(0.902898027898028, 0.9861310021084456)",1,98.17972799580946,26986
"(0.9499687304565352, 0.9833229101521784)",1,98.17970638395605,26987
"(0.933096859926128, 0.9833229101521784)",1,98.179700478884,26988
"(0.9666666666666668, 0.9833229101521784)",2,98.17966453449183,26990
"(0.9114218054477384, 0.9873891625615764)",2,98.1795728181938,26992
"(0.7374768177381903, 0.991206314397104)",1,98.17948956496532,26993
"(0.9497171590194848, 0.9833229101521784)",1,98.17945481251898,26994
"(0.7323695788812067, 0.988167361639188)",1,98.1793324490172,26995
"(0.9790972342015986, 0.9958292603453894)",2,98.17928228527792,26997
"(0.8871966240387292, 0.9861673414304992)",1,98.17927594445676,26998
"(0.9833229101521784, 0.9833229101521784)",1,98.1792635516178,26999
"(0.8148308968977662, 0.9861673414304992)",1,98.17925409594754,27000
"(0.8056354979267693, 0.9861310021084456)",1,98.1791453835839,27001
"(0.9536653605723816, 0.9958292603453894)",1,98.17908929237804,27002
"(0.9297326845255915, 0.9832184229069656)",1,98.17904462597411,27003
"(0.7977749180480272, 0.9861673414304992)",1,98.17888873756957,27004
"(0.9017715617715616, 0.9861673414304992)",1,98.17884219371902,27005
"(0.9153439153439156, 0.9833229101521784)",1,98.1786873199761,27006
"(0.8010054664946871, 0.9861673414304992)",1,98.1785873778448,27007
"(0.8631918334993627, 0.9833229101521784)",2,98.17855418743235,27009
"(0.7453091184935634, 0.991206314397104)",1,98.17834823033688,27010
"(0.7977749180480272, 0.9861673414304992)",2,98.1783473799857,27012
"(0.8148308968977662, 0.9861673414304992)",1,98.17833965097684,27013
"(0.9497171590194846, 0.9833229101521784)",7,98.1782701074807,27020
"(0.9665831244778612, 0.9833229101521784)",1,98.1782701074807,27021
"(0.9497171590194848, 0.9833229101521784)",3,98.1782701074807,27024
"(0.92132700797001, 0.9832184229069656)",1,98.17820250755464,27025
"(0.8814814814814814, 0.9833229101521784)",1,98.17817906580932,27026
"(0.9230468061350414, 0.9834113430318364)",1,98.1781768524814,27027
"(0.9832965806068272, 0.9958292603453894)",1,98.17800485808624,27028
"(0.8148308968977662, 0.9861673414304992)",1,98.17781753161816,27029
"(0.9377148530109056, 0.991206314397104)",1,98.17773997432518,27030
"(0.5890629581827016, 0.9861673414304992)",1,98.17772717402254,27031
"(0.8615866942983156, 0.9833229101521784)",1,98.17761884171968,27032
"(0.8840048840048841, 0.9833229101521784)",1,98.1774695494208,27033
"(0.8322510822510822, 0.9861673414304992)",1,98.17742820021051,27034
"(0.8587195484254307, 0.9861310021084456)",1,98.17734128174496,27035
"(0.9790693693461476, 0.9958292603453894)",1,98.17732140547456,27036
"(0.2672914952175105, 1.0)",1,98.17726280063114,27037
"(0.902898027898028, 0.9861310021084456)",1,98.17715060547464,27038
"(0.9829909379735984, 0.9958292603453894)",1,98.1771064041564,27039
"(0.7772049591964847, 0.9861673414304992)",1,98.17705773809008,27040
"(0.7942038054814895, 0.9861673414304992)",1,98.17705656644472,27041
"(0.9750481776288228, 0.9958292603453894)",1,98.17691792454733,27042
"(0.762701480112259, 1.0)",3,98.17676534699854,27045
"(0.7713401051412279, 1.0)",1,98.17669502203056,27046
"(0.7942038054814895, 0.9861673414304992)",1,98.1766616089482,27047
"(0.9291998088543592, 0.9861673414304992)",1,98.17665746332148,27048
"(0.9172008547008548, 0.9861673414304992)",1,98.176655548237,27049
"(0.6736022307473716, 0.9861673414304992)",1,98.17653498499604,27050
"(0.8883678678403513, 0.9861673414304992)",1,98.17652993640124,27051
"(0.861111111111111, 0.9833229101521784)",1,98.17647346504413,27052
"(0.9497171590194846, 0.9833229101521784)",1,98.17647346504413,27053
"(0.5056778729738882, 0.9987499746026686)",1,98.176164852312,27054
"(0.9153439153439152, 0.9833229101521784)",1,98.17609674761528,27055
"(0.9243707071934514, 0.9873891625615764)",1,98.17599260831248,27056
"(0.6992775742775743, 0.9861673414304992)",1,98.17598506092632,27057
"(0.8754251916804338, 0.9861310021084456)",1,98.17598115159082,27058
"(0.6611718926579557, 0.9861310021084456)",1,98.17586234283522,27059
"(0.502001702724359, 0.9975000781372088)",1,98.1757877190915,27060
"(0.9057330122004186, 0.991206314397104)",1,98.17569481294892,27061
"(0.4674467486687166, 0.98999899959984)",1,98.17555329044605,27062
"(0.8653198653198653, 0.9833229101521784)",1,98.1754616205836,27063
"(0.7823116219667945, 0.9861673414304992)",1,98.17517813528576,27064
"(0.8687499999999999, 0.988167361639188)",1,98.17512613146096,27065
"(0.8840048840048841, 0.9833229101521784)",2,98.1750368448132,27067
"(0.6831352928913905, 1.0)",1,98.17485144746033,27068
"(0.9792521035784794, 0.9958292603453894)",1,98.17482313460036,27069
"(0.917283950617284, 0.9861673414304992)",1,98.17444353662547,27070
"(0.947552083649559, 0.9958292603453894)",1,98.1744205689544,27071
"(0.987491854024112, 1.0)",1,98.1743678261004,27072
"(0.457262827025654, 0.9992416608232524)",2,98.1743148617941,27074
"(0.8182746938899523, 0.9861673414304992)",1,98.17430012457604,27075
"(0.7942038054814895, 0.9861673414304992)",2,98.17426328721184,27077
"(0.4822651515151516, 0.9996210215628012)",3,98.1742550630315,27080
"(0.8715701474388204, 0.9861310021084456)",1,98.17418592826104,27081
"(0.8976982097186702, 1.0)",1,98.17417040920624,27082
"(0.9791544477028348, 0.9958292603453894)",1,98.1741157941344,27083
"(0.7404350561362756, 0.9861673414304992)",1,98.173885428096,27084
"(0.6870644599303137, 0.9861310021084456)",1,98.17385409987337,27085
"(0.6215073982652175, 0.9882048106149588)",1,98.1738470543072,27086
"(0.8848000715856217, 1.0)",1,98.17383365175544,27087
"(0.9182966261114094, 0.9958292603453894)",1,98.17381406286134,27088
"(0.6992775742775743, 0.9861673414304992)",1,98.173597000175,27089
"(0.9374843410636878, 0.9834113430318364)",2,98.17351812501045,27091
"(0.9153127183787562, 0.9861673414304992)",1,98.17322635044924,27092
"(0.8996392387758612, 0.9873891625615764)",1,98.17321529418824,27093
"(0.8193419055822156, 0.9861673414304992)",1,98.17313421741008,27094
"(0.4724538701233134, 0.9975000781372088)",1,98.17313352607164,27095
"(0.8193419055822156, 0.9861673414304992)",2,98.17308417474162,27097
"(0.7368760064412239, 0.9861673414304992)",2,98.1730359513078,27099
"(0.8860455063826657, 0.9861673414304992)",1,98.17273466823106,27100
"(0.8884797556713653, 0.9874762808349148)",2,98.17229352855796,27102
"(0.8860455063826657, 0.9861673414304992)",1,98.1722008607238,27103
"(0.6813936996863826, 0.9861673414304992)",1,98.1721531647411,27104
"(0.8877034517510707, 0.9861673414304992)",1,98.17212683996954,27105
"(0.8761383419447936, 0.9873891625615764)",1,98.17210123056977,27106
"(0.5004274455385378, 0.9975000781372088)",1,98.17189903045156,27107
"(0.8567210567210567, 0.9861673414304992)",1,98.17187340717204,27108
"(0.6526770767943084, 0.9861673414304992)",1,98.17167570309844,27109
"(0.9295946890286512, 1.0)",1,98.1716674491502,27110
"(0.8183569364584247, 0.9861673414304992)",1,98.17164635982206,27111
"(0.9705196174266384, 0.9958292603453894)",2,98.17162881386488,27113
"(0.7109688804604058, 0.9861310021084456)",1,98.1716277153445,27114
"(0.8506653943511476, 0.991206314397104)",1,98.1716215745076,27115
"(0.503442416215342, 0.9996210215628012)",3,98.17128586072612,27118
"(0.8847822547822548, 0.9861673414304992)",1,98.1709214146664,27119
"(0.9057330122004186, 0.991206314397104)",1,98.17088734996412,27120
"(0.6992775742775743, 0.9861673414304992)",1,98.17081417294776,27121
"(0.6384521701955596, 0.991206314397104)",1,98.17073729585682,27122
"(0.9299160159815896, 0.9861673414304992)",1,98.17072198215423,27123
"(0.9958292603453894, 1.0)",1,98.17070970148006,27124
"(0.9476043407479208, 1.0)",2,98.17057941721043,27126
"(0.9916625936787228, 0.9958292603453894)",2,98.17055831138116,27128
"(0.8687499999999999, 0.988167361639188)",1,98.1702938978192,27129
"(0.902192297684101, 0.9861310021084456)",1,98.17018838001648,27130
"(0.9536653605723816, 0.9958292603453894)",2,98.17008698090144,27132
"(0.8506653943511476, 0.991206314397104)",1,98.17006945060363,27133
"(0.8056354979267693, 0.9861310021084456)",1,98.16983972415332,27134
"(0.9032855633136024, 0.9861673414304992)",1,98.1698076966714,27135
"(0.4670357941834451, 0.9992416608232524)",3,98.16954253027475,27138
"(0.4776877676981033, 0.9984817852901372)",1,98.16952773792288,27139
"(0.9665831244778612, 0.9833229101521784)",1,98.16931888922716,27140
"(0.8613482996991135, 0.9873891625615764)",1,98.16917154729398,27141
"(0.765692887308966, 0.9861310021084456)",1,98.16897683753226,27142
"(0.6384521701955596, 0.991206314397104)",1,98.16893500000047,27143
"(0.8222222222222222, 0.9833229101521784)",1,98.16888838026702,27144
"(0.9665633291439744, 0.9958292603453894)",1,98.16885690318428,27145
"(0.9162596992611264, 0.9861673414304992)",1,98.16878652915652,27146
"(0.9160264866799612, 0.9861673414304992)",1,98.1687144827907,27147
"(0.9666666666666668, 0.9833229101521784)",1,98.16850448024586,27148
"(0.7997685185185185, 0.9861673414304992)",1,98.16848522550195,27149
"(0.4936062160591765, 0.9984817852901372)",1,98.1684503599307,27150
"(0.4319035504296698, 0.9975000781372088)",1,98.1683537085334,27151
"(0.8823536650710564, 0.987463247273494)",1,98.16831754715578,27152
"(0.5315938119639068, 1.0)",1,98.16794708873516,27153
"(0.8355992355992357, 0.9833229101521784)",1,98.16782755499062,27154
"(0.7524760273298283, 0.991206314397104)",1,98.16749420838433,27155
"(0.5857046145872647, 1.0)",1,98.16732923528448,27156
"(0.8016677935542034, 0.9833229101521784)",1,98.16731298846771,27157
"(0.8322510822510822, 0.9861673414304992)",1,98.16721457664448,27158
"(0.7348436174331348, 0.9861310021084456)",1,98.16719522830924,27159
"(0.8175446168757694, 0.9861673414304992)",2,98.1670017229387,27161
"(0.93795454842108, 0.9873891625615764)",1,98.16664108033088,27162
"(0.92132700797001, 0.9832184229069656)",1,98.16655379957196,27163
"(0.8322510822510822, 0.9861673414304992)",1,98.166546418208,27164
"(0.8242618274196235, 0.9861673414304992)",1,98.16653192952909,27165
"(0.724804131054131, 0.986081059422206)",1,98.16645395979332,27166
"(0.9497171590194848, 0.9833229101521784)",2,98.16639489526617,27168
"(0.7532376017916352, 0.986081059422206)",1,98.1662463380899,27169
"(0.4971911339651811, 0.9992416608232524)",1,98.16615907939745,27170
"(0.5713589452420405, 0.9988619159967322)",3,98.16614360552184,27173
"(0.9162596992611264, 0.9861673414304992)",2,98.16610162022252,27175
"(0.9398731501057084, 0.988167361639188)",1,98.1660883381767,27176
"(0.970619176311776, 0.9958292603453894)",1,98.166077228702,27177
"(0.6326954876802936, 0.9861673414304992)",1,98.16606931621745,27178
"(0.7997685185185185, 0.9861673414304992)",1,98.16602404071588,27179
"(0.8916052423523688, 0.9873891625615764)",1,98.16601570674813,27180
"(0.6324707692241994, 0.9861673414304992)",1,98.16596250456378,27181
"(0.6324707692241994, 0.9861673414304992)",1,98.16589541296533,27182
"(0.962699692780338, 0.9958292603453894)",1,98.16587539108671,27183
"(0.7485755465708296, 0.9861310021084456)",1,98.16570189053564,27184
"(0.9169719169719168, 0.9833229101521784)",1,98.16564675787596,27185
"(0.8586166985951469, 0.9861673414304992)",1,98.16556778634708,27186
"(0.6324707692241994, 0.9861673414304992)",1,98.16551703936798,27187
"(0.6736022307473716, 0.9861673414304992)",2,98.16550979719716,27189
"(0.6324707692241994, 0.9861673414304992)",1,98.1654990839285,27190
"(0.6526770767943084, 0.9861310021084456)",1,98.1654620225324,27191
"(0.4987398156700754, 0.9987499746026686)",1,98.16541500026196,27192
"(0.5169664781532898, 0.9912488373656227)",1,98.16535813165642,27193
"(0.9499687304565352, 0.9833229101521784)",1,98.16526933343368,27194
"(0.9748461391725148, 1.0)",1,98.16525378522454,27195
"(0.518883018547448, 0.9977203590215908)",3,98.16522329254992,27198
"(0.8997493734335841, 0.9833229101521784)",1,98.1650812459542,27199
"(0.4747763864042934, 0.9885557944107872)",1,98.1650380089522,27200
"(0.8110682791635173, 0.9861673414304992)",1,98.16501985677344,27201
"(0.8997493734335841, 0.9833229101521784)",1,98.1649558543012,27202
"(0.8586166985951469, 0.9861673414304992)",1,98.16494301227748,27203
"(0.9000617225831424, 0.9833229101521784)",2,98.16488727880795,27205
"(0.765692887308966, 0.9861310021084456)",2,98.16486028627504,27207
"(0.9153439153439156, 0.9833229101521784)",1,98.16485650085676,27208
"(0.7903875985986362, 1.0)",1,98.16473485174544,27209
"(0.933096859926128, 0.9833229101521784)",2,98.16463410570348,27211
"(0.979273283115788, 0.9958292603453894)",1,98.16454740055728,27212
"(0.8976982097186702, 0.9833229101521784)",1,98.16453950948684,27213
"(0.8796475392220073, 1.0)",1,98.16452718571352,27214
"(0.9310483384791604, 0.9861673414304992)",1,98.16448248707728,27215
"(0.9153439153439156, 0.9833229101521784)",1,98.16444906688812,27216
"(0.975479255167798, 0.9958292603453894)",1,98.1643276934813,27217
"(0.5981266189834885, 0.9996210215628012)",3,98.16425506882896,27220
"(0.6736022307473716, 0.9861673414304992)",2,98.16413222943984,27222
"(0.9326599326599326, 0.9833229101521784)",1,98.16400591753612,27223
"(0.224271508570455, 0.9988619159967322)",3,98.1639932127753,27226
"(0.7942038054814895, 0.9861673414304992)",1,98.16398671538089,27227
"(0.6384521701955596, 0.991206314397104)",1,98.1639293582708,27228
"(0.8316498316498316, 0.9833229101521784)",1,98.16375275938822,27229
"(0.7673678366541239, 0.9882048106149588)",1,98.16362511564311,27230
"(0.8734313112361893, 0.9861673414304992)",1,98.16359399628706,27231
"(0.6611718926579557, 0.9861310021084456)",2,98.16349094322209,27233
"(0.9000617225831424, 0.9833229101521784)",1,98.16342597357765,27234
"(0.8388048698116161, 0.9861673414304992)",1,98.16338756410453,27235
"(0.944120583717358, 0.9832925076188832)",1,98.1633751065516,27236
"(0.9153439153439156, 0.9833229101521784)",2,98.16334515050822,27238
"(0.9153439153439156, 0.9833229101521784)",1,98.16330350611037,27239
"(0.9032855633136024, 0.9861673414304992)",1,98.16327507597116,27240
"(0.7302352759285533, 0.9861673414304992)",1,98.16324628903838,27241
"(0.7280584513944579, 0.9861673414304992)",1,98.1631867207546,27242
"(0.8322510822510822, 0.9861673414304992)",1,98.16303394787292,27243
"(0.8976982097186702, 0.9833229101521784)",1,98.1629673864128,27244
"(0.9497171590194848, 0.9833229101521784)",1,98.16290390245524,27245
"(0.5466913226573362, 1.0)",1,98.16287691730932,27246
"(0.9153439153439156, 0.9833229101521784)",1,98.16285345425273,27247
"(0.9177366931314298, 0.9834113430318364)",1,98.16285140074844,27248
"(0.8874191651969431, 0.9861673414304992)",1,98.16283569350443,27249
"(0.8294970161977834, 1.0)",1,98.16277593038976,27250
"(0.8124923632552741, 0.9861673414304992)",1,98.16277098447542,27251
"(0.4338421858976735, 0.9924987337339528)",1,98.16233880225228,27252
"(0.6736022307473716, 0.9861673414304992)",1,98.16233346957272,27253
"(0.7075825156110616, 0.991206314397104)",1,98.1623207887802,27254
"(0.7280584513944579, 0.9861673414304992)",1,98.16231222927586,27255
"(0.5004274455385378, 0.9975000781372088)",1,98.1622391257878,27256
"(0.1833909490886235, 0.9988619159967322)",1,98.16222689355072,27257
"(0.902192297684101, 0.9861310021084456)",1,98.16220233479454,27258
"(0.7856964763329513, 0.9861673414304992)",1,98.1621674956237,27259
"(0.8753086419753084, 0.9861310021084456)",1,98.16216728467045,27260
"(0.9227366759055564, 0.9873891625615764)",1,98.16206337842088,27261
"(0.9501563219469168, 0.9958292603453894)",1,98.16188554993936,27262
"(0.970619176311776, 0.9958292603453894)",1,98.1618486143978,27263
"(0.828966378966379, 0.9861673414304992)",1,98.1617759918224,27264
"(0.9146901709401708, 0.9861310021084456)",1,98.16172723145444,27265
"(0.94484126984127, 0.9861673414304992)",1,98.161705835098,27266
"(0.4775277477297871, 0.9996210215628012)",3,98.16170417477034,27269
"(0.3302862574369368, 1.0)",3,98.1615398461415,27272
"(0.8294970161977834, 0.9833229101521784)",1,98.1615364599786,27273
"(0.8871966240387292, 0.9861673414304992)",1,98.16151714258702,27274
"(0.8796475392220073, 0.9833229101521784)",1,98.161487999168,27275
"(0.6992775742775743, 0.9861673414304992)",1,98.16146936128982,27276
"(0.8322510822510822, 0.9861673414304992)",2,98.16146175487368,27278
"(0.6384521701955596, 0.991206314397104)",1,98.16131678627956,27279
"(0.6992775742775743, 0.9861673414304992)",2,98.16127285851218,27281
"(0.7708796965987909, 0.9861673414304992)",1,98.16107068273143,27282
"(0.6992775742775743, 0.9861673414304992)",1,98.1609811540202,27283
"(0.9503122778456484, 0.9832925076188832)",2,98.16094499815688,27285
"(0.8344065656565657, 0.9861673414304992)",1,98.16085336913387,27286
"(0.8152898027898028, 0.9861673414304992)",1,98.16082901438868,27287
"(0.8877034517510707, 0.9861673414304992)",1,98.16080733898993,27288
"(0.7856964763329513, 0.9861673414304992)",1,98.16078396420254,27289
"(0.7780625367430922, 0.9861673414304992)",1,98.16075917196866,27290
"(0.812557599070401, 1.0)",1,98.1607435783654,27291
"(0.9916585206907788, 0.9958292603453894)",1,98.16067166354874,27292
"(0.861111111111111, 0.9833229101521784)",1,98.16066983820068,27293
"(0.940928587432546, 0.9790476832523552)",1,98.16058395964704,27294
"(0.6870644599303137, 0.9861310021084456)",1,98.16055924373016,27295
"(0.966586548597934, 0.9832462877624168)",2,98.16045167191729,27297
"(0.617608039964183, 0.9987499746026686)",1,98.1603774384402,27298
"(0.8329339143064635, 0.9861673414304992)",1,98.16035870442872,27299
"(0.8491340807583629, 0.9861673414304992)",1,98.16030252301304,27300
"(0.8082530156998243, 0.9861310021084456)",1,98.16028430944328,27301
"(0.8604306971015356, 0.9861673414304992)",1,98.16017959893378,27302
"(0.9958292603453894, 0.9958292603453894)",1,98.16017350678676,27303
"(0.8883678678403513, 0.9861673414304992)",1,98.16014989392356,27304
"(0.7401844059863599, 0.9861673414304992)",1,98.16014779183269,27305
"(0.9026337658413128, 0.9861673414304992)",1,98.16005102791225,27306
"(0.2372024545510323, 1.0)",1,98.1599584438931,27307
"(0.9666666666666668, 0.9833229101521784)",1,98.15994340134266,27308
"(0.92132700797001, 0.9790476832523552)",2,98.15992606729884,27310
"(0.9747838672665278, 1.0)",2,98.1598834486156,27312
"(0.865581803207783, 0.991206314397104)",1,98.1598797680547,27313
"(0.8344065656565657, 0.9861673414304992)",1,98.1596360721055,27314
"(0.4631616549920088, 0.9984817852901372)",1,98.15960509895032,27315
"(0.7404350561362756, 0.9861673414304992)",1,98.15950672298295,27316
"(0.92132700797001, 0.9834113430318364)",1,98.15949345592776,27317
"(0.7837606837606838, 0.9861673414304992)",1,98.1593289867514,27318
"(0.8871966240387292, 0.9861673414304992)",1,98.15926885484248,27319
"(0.8604306971015356, 0.9861673414304992)",1,98.15923588428564,27320
"(0.9262130464282252, 0.991206314397104)",1,98.15919607929364,27321
"(0.7414327813014084, 1.0)",3,98.15917579472338,27324
"(0.7837606837606838, 0.9861673414304992)",1,98.15908457949884,27325
"(0.746304385688563, 0.986081059422206)",1,98.1590692814366,27326
"(0.9916625936787228, 0.9958292603453894)",1,98.15900149215844,27327
"(0.8344065656565657, 0.9861673414304992)",1,98.15894695265813,27328
"(0.7772049591964847, 0.9861673414304992)",1,98.15889730132128,27329
"(0.8621031746031745, 0.9861310021084456)",1,98.158684292626,27330
"(0.923837153686616, 0.9873891625615764)",1,98.15844888412198,27331
"(0.6813936996863826, 0.9861673414304992)",1,98.15844015474994,27332
"(0.8148308968977662, 0.9861673414304992)",2,98.1583644960516,27334
"(0.8840048840048841, 0.9833229101521784)",2,98.1583597549654,27336
"(0.8158879904162925, 1.0)",1,98.15831483975316,27337
"(0.7836974395113928, 0.988167361639188)",1,98.1582662860961,27338
"(0.6813936996863826, 0.9861673414304992)",1,98.15817420236895,27339
"(0.846098299557419, 0.9861673414304992)",2,98.15808109832618,27341
"(0.826388888888889, 0.9833229101521784)",2,98.15798550033148,27343
"(0.8970129352925051, 0.9873891625615764)",1,98.15797688678136,27344
"(0.2556205894487595, 0.9988619159967322)",2,98.15784563270836,27346
"(0.8883034087952121, 0.9861310021084456)",1,98.15774161302171,27347
"(0.7856964763329513, 0.9861673414304992)",1,98.15767413236776,27348
"(0.440594458995568, 0.9962501582231502)",1,98.15755520479163,27349
"(0.8420013166556946, 0.9833229101521784)",2,98.15742715454628,27351
"(0.8420013166556946, 0.9833229101521784)",1,98.15736445871975,27352
"(0.9497171590194846, 0.9833229101521784)",1,98.1573636705887,27353
"(0.8753086419753084, 0.9861310021084456)",1,98.15736087422064,27354
"(0.950175761409158, 0.9834113430318364)",1,98.15733853316486,27355
"(0.8734313112361893, 0.9861673414304992)",1,98.1573344482626,27356
"(0.9665755481078062, 1.0)",1,98.15729113603516,27357
"(0.7301587301587301, 0.9861310021084456)",1,98.15721174181505,27358
"(0.958095238095238, 0.9958292603453894)",1,98.15715839594908,27359
"(0.6526770767943084, 0.9861673414304992)",1,98.1571128230696,27360
"(0.8085259100433108, 0.9861673414304992)",2,98.15693677575898,27362
"(0.6526770767943084, 0.9861673414304992)",1,98.15682533181436,27363
"(0.4847252958987063, 0.9974998905914936)",1,98.1568103977018,27364
"(0.9441468253968254, 0.9861673414304992)",1,98.15660778314763,27365
"(0.4958617797724284, 0.9962499238080056)",1,98.15645280821904,27366
"(0.6526770767943084, 0.9861673414304992)",1,98.15645266405922,27367
"(0.8753086419753084, 0.9861310021084456)",1,98.15644847678684,27368
"(0.5005466528962331, 0.9984817852901372)",1,98.15636760592768,27369
"(0.789994229453279, 0.9861673414304992)",1,98.15634552547924,27370
"(0.8736897274633123, 0.986081059422206)",1,98.15618254278183,27371
"(0.987463247273494, 0.9958292603453894)",1,98.15610228614544,27372
"(0.9172008547008548, 0.9861673414304992)",1,98.15592153460588,27373
"(0.7965746171391332, 1.0)",2,98.15588746070506,27375
"(0.7277677677677677, 1.0)",1,98.15580936433378,27376
"(0.484646846010113, 0.9962497362353954)",2,98.1557939276529,27378
"(0.8390424521630195, 0.9861673414304992)",1,98.15574328157945,27379
"(0.7280584513944579, 0.9861673414304992)",1,98.15572369968014,27380
"(0.6992775742775743, 0.9861673414304992)",1,98.1555872842877,27381
"(0.8587195484254307, 0.9861310021084456)",1,98.15547865794004,27382
"(0.6215073982652175, 0.9882048106149588)",1,98.15538411087532,27383
"(0.8506653943511476, 0.991206314397104)",1,98.15534659862575,27384
"(0.6742198370105348, 0.9882048106149588)",1,98.15528322499894,27385
"(0.8885714285714285, 1.0)",1,98.15523559468986,27386
"(0.7524760273298283, 0.991206314397104)",1,98.15519318131255,27387
"(0.9788283442948758, 0.9958292603453894)",1,98.1551368695343,27388
"(0.9832965806068272, 0.9958292603453894)",1,98.15504810540484,27389
"(0.6870644599303137, 0.9861310021084456)",1,98.15498422215374,27390
"(0.8804215399610136, 0.991206314397104)",1,98.15498200252894,27391
"(0.6636745887678723, 1.0)",1,98.15493991043934,27392
"(0.8871966240387292, 0.9861673414304992)",1,98.15472756037953,27393
"(0.8743078626799556, 0.9861310021084456)",1,98.15471780301492,27394
"(0.765692887308966, 0.9861310021084456)",1,98.15465680094653,27395
"(0.9452474337657768, 0.987463247273494)",1,98.1546259265276,27396
"(0.3930894945067609, 0.9987499746026686)",3,98.15456355293114,27399
"(0.7222222222222221, 0.9833229101521784)",2,98.15451308070054,27401
"(0.9833229101521784, 0.9833229101521784)",4,98.15426166600304,27405
"(0.8753086419753084, 0.9861310021084456)",1,98.15420155938824,27406
"(0.974833726256876, 0.9958292603453894)",1,98.1539283309286,27407
"(0.6892156862745098, 0.9861673414304992)",1,98.15392106465754,27408
"(0.518883018547448, 0.9988619159967322)",1,98.15383214408456,27409
"(0.4363355778830426, 1.0)",2,98.15372445327726,27411
"(0.5652391975308642, 0.9861673414304992)",1,98.15366176245732,27412
"(0.9833080808080809, 0.9958292603453894)",2,98.15364105801356,27414
"(0.7348436174331348, 0.9861673414304992)",1,98.15340266379803,27415
"(0.9873891625615764, 0.9958292603453894)",1,98.1533352445706,27416
"(0.8322510822510822, 0.9861673414304992)",1,98.15310314679128,27417
"(0.9452474337657768, 0.9832462877624168)",1,98.15291187106531,27418
"(0.8475002808673183, 0.9861673414304992)",1,98.15275261480318,27419
"(0.9164187516971112, 0.9832462877624168)",1,98.15272450443167,27420
"(0.746304385688563, 0.986081059422206)",1,98.1526590851138,27421
"(0.9377148530109056, 0.991206314397104)",1,98.1525921908366,27422
"(0.8388048698116161, 0.9861673414304992)",1,98.15243653699451,27423
"(0.7977749180480272, 0.9861673414304992)",1,98.15223175202792,27424
"(0.979051756240299, 1.0)",1,98.15223035919772,27425
"(0.9369138996969484, 0.9958292603453894)",1,98.15200435359688,27426
"(0.9916585206907788, 0.9958292603453894)",1,98.15189008048456,27427
"(0.6326954876802936, 0.9861673414304992)",1,98.15178016368696,27428
"(0.8003813092161745, 0.9832462877624168)",1,98.15169323928694,27429
"(0.8110682791635173, 0.9861673414304992)",1,98.15166999029832,27430
"(0.7977749180480272, 0.9861673414304992)",2,98.15166908704664,27432
"(0.9079075500409146, 0.9832925076188832)",1,98.15133093505057,27433
"(0.4497336854186499, 0.9969573675011548)",1,98.1512882613374,27434
"(0.828966378966379, 0.9861673414304992)",1,98.15115950450053,27435
"(0.9061764476533613, 0.9834113430318364)",1,98.15113719170331,27436
"(0.9333333333333332, 0.9833229101521784)",1,98.15110124622323,27437
"(0.8193928901539049, 0.9870601047071634)",5,98.15100275793364,27442
"(0.9499687304565352, 0.9833229101521784)",1,98.1508381648305,27443
"(0.675924061824263, 0.9861310021084456)",1,98.15079359783894,27444
"(0.9834440227703986, 0.9958292603453894)",1,98.15076676314696,27445
"(0.8358530587380517, 0.9832925076188832)",1,98.15070949876402,27446
"(0.7060994560994561, 1.0)",1,98.15070489110693,27447
"(0.5011026113306201, 0.9899995623659744)",1,98.1506538686028,27448
"(0.9157097551404952, 0.9916585206907788)",1,98.1506411952992,27449
"(0.8016677935542034, 0.9833229101521784)",2,98.15063589861992,27451
"(0.8056354979267693, 0.9861310021084456)",1,98.15059767581704,27452
"(0.9667018107340688, 0.9832925076188832)",1,98.15054077496654,27453
"(0.9028964862298196, 0.9861673414304992)",1,98.15046163978243,27454
"(0.9791258409522168, 0.9958292603453894)",1,98.15013256254686,27455
"(0.9230468061350414, 0.9834113430318364)",1,98.15003806664645,27456
"(0.8840048840048841, 1.0)",1,98.15002561361322,27457
"(0.6915482942087353, 1.0)",1,98.14997291184751,27458
"(0.846098299557419, 0.9861673414304992)",1,98.14989767318568,27459
"(0.55444661276833, 0.9996210215628012)",3,98.1498769025099,27462
"(0.8315995778682346, 0.9861673414304992)",1,98.149864559725,27463
"(0.9958292603453894, 0.9958292603453894)",2,98.14985268894613,27465
"(0.4330451959188837, 0.9912488373656227)",1,98.1493773572369,27466
"(0.934065934065934, 0.9833229101521784)",2,98.14933771640344,27468
"(0.9326599326599326, 0.9833229101521784)",1,98.14933766890664,27469
"(0.8491340807583629, 0.9861673414304992)",1,98.14913992955778,27470
"(0.9452474337657768, 0.9832462877624168)",1,98.14912353032216,27471
"(0.9699183291713004, 0.9958292603453894)",1,98.1491183287583,27472
"(0.9075545189097284, 0.9832184229069656)",1,98.14910774664976,27473
"(0.933096859926128, 0.9833229101521784)",3,98.14886161485876,27476
"(0.9, 0.9833229101521784)",1,98.1488218670504,27477
"(0.8315995778682346, 0.9861673414304992)",1,98.14879225508454,27478
"(0.8567210567210567, 0.9861673414304992)",1,98.14869735529076,27479
"(0.8880748880748881, 0.9861310021084456)",1,98.14866931281114,27480
"(0.6384521701955596, 0.991206314397104)",1,98.14863235245596,27481
"(0.9833080808080809, 0.9958292603453894)",1,98.14862434844746,27482
"(0.7580266955266955, 0.9861673414304992)",2,98.14860702288784,27484
"(0.6611718926579557, 0.9861310021084456)",1,98.14860334367536,27485
"(0.7348436174331348, 0.9861310021084456)",1,98.14855082331482,27486
"(0.934065934065934, 0.9833229101521784)",1,98.14854595348376,27487
"(0.4497336854186499, 0.9992416608232524)",3,98.14849151486936,27490
"(0.828966378966379, 0.9861673414304992)",1,98.14843246790802,27491
"(0.9161952650324744, 0.9833229101521784)",2,98.14834004223503,27493
"(0.6825396825396824, 0.9833229101521784)",2,98.14824741654012,27495
"(0.7977749180480272, 0.9861673414304992)",1,98.1481752518619,27496
"(0.7711781618000022, 1.0)",2,98.14814669702491,27498
"(0.799275702501509, 0.9833229101521784)",1,98.14813926227652,27499
"(0.8358530587380517, 0.9832925076188832)",1,98.1479493646428,27500
"(0.9958292603453894, 0.9958292603453894)",1,98.14791951165806,27501
"(0.6992775742775743, 0.9861673414304992)",1,98.1478839738522,27502
"(0.8218185392856778, 0.9861673414304992)",1,98.14787599329988,27503
"(0.9114218054477384, 0.9873891625615764)",1,98.14782317903696,27504
"(0.8976982097186702, 0.9833229101521784)",1,98.14779972381253,27505
"(0.8137865219658889, 0.9833229101521784)",1,98.1477923668832,27506
"(0.6137744395063228, 1.0)",1,98.14773122088856,27507
"(0.8148308968977662, 0.9861673414304992)",1,98.14771206506892,27508
"(0.9153439153439156, 0.9833229101521784)",1,98.14770505014413,27509
"(0.6472942352413201, 0.9937498730133428)",1,98.14766727772964,27510
"(0.7999088007295942, 0.988167361639188)",1,98.14748540088772,27511
"(0.6992775742775743, 0.9861673414304992)",1,98.14736472889062,27512
"(0.8233927907840951, 0.9861310021084456)",1,98.1473471847878,27513
"(0.5478924718653392, 1.0)",3,98.1472858994332,27516
"(0.9486619426325308, 1.0)",1,98.1470095585718,27517
"(0.7729389061386163, 0.988167361639188)",1,98.1469884490186,27518
"(0.8085259100433108, 0.9861673414304992)",1,98.14681185640455,27519
"(0.8937718863178524, 0.979166518665308)",1,98.14677164957584,27520
"(0.9497171590194848, 0.9833229101521784)",1,98.14675498133722,27521
"(0.6870644599303137, 0.9861310021084456)",1,98.14674424076898,27522
"(0.8344065656565657, 0.9861673414304992)",1,98.14665735600508,27523
"(0.2520817505905556, 0.9977203590215908)",1,98.1465746700152,27524
"(0.9790972342015986, 0.9958292603453894)",1,98.14645475537486,27525
"(0.9497171590194848, 0.9833229101521784)",1,98.146437540652,27526
"(0.9543883398911862, 0.9958292603453894)",1,98.14640330528798,27527
"(0.4533332829105934, 1.0)",3,98.14632709078528,27530
"(0.9003556829643787, 0.9833229101521784)",2,98.14628319718462,27532
"(0.8322510822510822, 0.9861673414304992)",1,98.14626106438006,27533
"(0.9153439153439156, 0.9833229101521784)",1,98.1462462797508,27534
"(0.8751897860593512, 0.9861673414304992)",1,98.14618318247535,27535
"(0.8404355452872972, 0.9861310021084456)",1,98.14612413951048,27536
"(0.7250237826596757, 1.0)",1,98.146117672665,27537
"(0.8358530587380517, 0.9832184229069656)",2,98.1460644774964,27539
"(0.6992775742775743, 0.9861673414304992)",2,98.14605144325814,27541
"(0.8715701474388204, 0.9861310021084456)",1,98.14603032010106,27542
"(0.9499687304565352, 0.9833229101521784)",1,98.14600448850582,27543
"(0.4897415065188988, 0.9977203590215908)",1,98.145936324728,27544
"(0.5208957469413343, 0.9996210215628012)",1,98.14584728384666,27545
"(0.503442416215342, 0.9973390598305516)",1,98.145596199511,27546
"(1.0, 1.0)",1,98.14551538591532,27547
"(0.9416255449494996, 0.9832925076188832)",1,98.14541488441336,27548
"(0.8976982097186702, 0.9833229101521784)",1,98.14520774862748,27549
"(0.7524760273298283, 0.991206314397104)",1,98.14505202597508,27550
"(0.944120583717358, 0.9834113430318364)",1,98.14504941192772,27551
"(0.8621031746031745, 0.9861310021084456)",1,98.14504552257031,27552
"(0.6813936996863826, 0.9861673414304992)",1,98.14498170986208,27553
"(0.6813936996863826, 0.9861673414304992)",1,98.1449801790444,27554
"(0.8631918334993627, 0.9833229101521784)",1,98.14494843629969,27555
"(0.8631918334993627, 0.9833229101521784)",2,98.1447571753985,27557
"(0.8294970161977834, 0.9833229101521784)",2,98.14460130691188,27559
"(0.8344065656565657, 0.9861673414304992)",1,98.14457417623602,27560
"(0.9669558693467613, 0.9958292603453894)",1,98.14452489992637,27561
"(0.8733799478600891, 0.9832925076188832)",1,98.14436209525476,27562
"(0.9061764476533613, 0.9834113430318364)",1,98.14432104454448,27563
"(0.8631918334993627, 0.9833229101521784)",1,98.1441809437568,27564
"(0.7651777469990767, 0.991206314397104)",1,98.14415315966964,27565
"(0.8796475392220073, 0.9833229101521784)",2,98.14415313299592,27567
"(0.861111111111111, 0.9833229101521784)",1,98.14413522340357,27568
"(0.7404350561362756, 0.9861673414304992)",1,98.14411073228172,27569
"(0.9295946890286512, 1.0)",1,98.14374876960107,27570
"(0.4631616549920088, 0.9996210215628012)",1,98.14374876763988,27571
"(0.9516794286955578, 0.9958292603453894)",2,98.14371006572112,27573
"(0.6886904761904762, 1.0)",1,98.14366921659216,27574
"(0.8193419055822156, 0.9861673414304992)",1,98.1436327022388,27575
"(0.8152898027898028, 0.9861673414304992)",1,98.14359256920388,27576
"(0.8880748880748881, 0.9861310021084456)",1,98.14357523012713,27577
"(0.4845066627893052, 0.9984817852901372)",1,98.14347028871308,27578
"(0.8148308968977662, 0.9861310021084456)",1,98.14320539645892,27579
"(0.2806699331680662, 0.9988619159967322)",3,98.14317530630416,27582
"(0.8229870141950848, 0.9861310021084456)",1,98.14316563468785,27583
"(0.8391399552284038, 0.9885557944107872)",1,98.14310668578196,27584
"(0.861111111111111, 0.9833229101521784)",1,98.14299389369548,27585
"(0.9234894220441888, 0.9832462877624168)",1,98.14298910786708,27586
"(0.7347448804741066, 1.0)",1,98.14253917071828,27587
"(0.4603282383880727, 0.9987499746026686)",1,98.14252840062235,27588
"(0.9436368312757202, 0.9861673414304992)",1,98.14251542263295,27589
"(0.4670357941834451, 0.9984833216465048)",1,98.14239249107658,27590
"(0.9017715617715616, 0.9861673414304992)",1,98.14233037909752,27591
"(0.7601164382773579, 0.9833229101521784)",2,98.14231333138572,27593
"(0.8902783631946863, 0.9861673414304992)",1,98.14229914778412,27594
"(0.8572048611111112, 0.9861673414304992)",1,98.14218787812564,27595
"(0.7601164382773579, 0.9833229101521784)",1,98.14212445577516,27596
"(0.861111111111111, 0.9833229101521784)",1,98.14210022136857,27597
"(0.7903875985986362, 1.0)",1,98.14193942703706,27598
"(0.826388888888889, 0.9833229101521784)",2,98.14189826896826,27600
"(0.94291309888229, 0.991206314397104)",1,98.14183073870392,27601
"(0.8976982097186702, 0.9833229101521784)",2,98.1417739521422,27603
"(0.9744745723240348, 0.9958292603453894)",1,98.1415968520338,27604
"(0.5951711142105386, 1.0)",1,98.14147475135098,27605
"(0.3929204539802519, 0.9988619159967322)",2,98.14142987922644,27607
"(0.9029281534808432, 0.9861673414304992)",1,98.14123306297196,27608
"(0.9146901709401708, 0.9861310021084456)",1,98.14119092652643,27609
"(0.8860455063826657, 0.9861673414304992)",1,98.14117521878828,27610
"(0.6636745887678723, 1.0)",1,98.14109065436264,27611
"(0.9177366931314298, 0.9834113430318364)",1,98.14103983306508,27612
"(0.6992775742775743, 0.9861673414304992)",1,98.1410029717095,27613
"(0.7580266955266955, 0.9861673414304992)",1,98.140911386027,27614
"(0.765692887308966, 0.9861310021084456)",1,98.14070088363198,27615
"(0.765692887308966, 0.9861310021084456)",1,98.14069109187665,27616
"(0.3024053266749896, 0.9973390598305516)",1,98.14065797885536,27617
"(0.9199973910846122, 0.9873891625615764)",1,98.14063879310206,27618
"(0.9299160159815896, 0.9861673414304992)",1,98.1406372213824,27619
"(0.6526770767943084, 0.9861673414304992)",2,98.14041069801478,27621
"(0.7574146783449108, 0.9882048106149588)",1,98.140405312786,27622
"(0.9377148530109056, 0.991206314397104)",1,98.14037479607008,27623
"(0.4865876628104142, 1.0)",1,98.1402708055682,27624
"(0.9958292603453894, 0.9958292603453894)",2,98.14022662915625,27626
"(0.9706172005998612, 0.9958292603453894)",1,98.14021433660128,27627
"(0.7580266955266955, 0.9861673414304992)",1,98.14014060405056,27628
"(0.8860455063826657, 0.9861673414304992)",1,98.14009882745066,27629
"(0.8193419055822156, 0.9861673414304992)",1,98.1400425961468,27630
"(0.9497171590194846, 1.0)",1,98.1399855385807,27631
"(0.8997493734335841, 0.9833229101521784)",1,98.13987936383204,27632
"(0.4755355605353038, 0.9958142313520018)",1,98.13967128779537,27633
"(0.9153439153439156, 0.9833229101521784)",1,98.13966751676097,27634
"(0.8874191651969431, 0.9861673414304992)",2,98.13951067817584,27636
"(0.5286751006005854, 0.9992416608232524)",3,98.13936830510276,27639
"(0.5135815048525069, 1.0)",3,98.13934626860568,27642
"(0.9713569510454938, 0.9958292603453894)",1,98.13864306354984,27643
"(0.9029281534808432, 0.9861673414304992)",1,98.13862426356351,27644
"(0.7999088007295942, 0.988167361639188)",1,98.1385270148278,27645
"(0.6326954876802936, 0.9861673414304992)",1,98.1384024781642,27646
"(0.9326599326599326, 1.0)",1,98.13820506503431,27647
"(0.8584175084175085, 0.9861673414304992)",1,98.13817433589968,27648
"(0.8587195484254307, 0.9861310021084456)",1,98.1380332593576,27649
"(0.7772049591964847, 0.9861673414304992)",1,98.13799524188173,27650
"(0.4590791029805835, 0.9987500214884376)",1,98.1379744859598,27651
"(0.4049163909196675, 0.9973390598305516)",1,98.1377924875617,27652
"(0.7222222222222221, 0.9833229101521784)",1,98.13764711524216,27653
"(0.92132700797001, 0.9834113430318364)",1,98.13759535811248,27654
"(0.9017715617715616, 0.9861673414304992)",1,98.13758207309786,27655
"(0.8890344426058713, 0.9861310021084456)",1,98.13752821890328,27656
"(0.7977749180480272, 0.9861673414304992)",1,98.13748371711957,27657
"(0.8942622047218923, 0.9873891625615764)",1,98.13745566898848,27658
"(0.8761383419447936, 0.9873891625615764)",1,98.13740658720184,27659
"(0.931200007971039, 0.9873891625615764)",2,98.13722156761136,27661
"(0.6992775742775743, 0.9861673414304992)",1,98.13721760765009,27662
"(0.8586166985951469, 0.9861673414304992)",1,98.13709830387052,27663
"(0.7348436174331348, 0.9861673414304992)",1,98.13698594767604,27664
"(0.8874191651969431, 0.9861673414304992)",2,98.13677493476628,27666
"(0.9377308530249706, 0.9832184229069656)",1,98.13668976029358,27667
"(0.8148308968977662, 0.9861310021084456)",1,98.13650655754856,27668
"(0.8604306971015356, 0.9861673414304992)",1,98.13647835806384,27669
"(0.7977749180480272, 0.9861673414304992)",1,98.13641348157977,27670
"(0.7294281157362763, 1.0)",1,98.13641251441943,27671
"(0.8587195484254307, 0.9861310021084456)",1,98.13640965723734,27672
"(0.9438271604938272, 0.9861673414304992)",1,98.13632008385072,27673
"(0.9586562930696936, 0.979166518665308)",2,98.1362180763153,27675
"(0.9665831244778612, 1.0)",1,98.13618007287435,27676
"(0.8715701474388204, 0.9861310021084456)",1,98.1357263960359,27677
"(0.7742295620819575, 1.0)",3,98.13566009847376,27680
"(0.8876473063973064, 0.9861673414304992)",1,98.13564228031882,27681
"(0.5286751006005854, 0.9992416608232524)",1,98.1356203583792,27682
"(0.7942038054814895, 0.9861673414304992)",1,98.1355812318387,27683
"(0.9230468061350414, 0.9832184229069656)",1,98.13549450558727,27684
"(0.9199973910846122, 0.9873891625615764)",1,98.1354840344925,27685
"(0.5171117027693051, 0.9925)",1,98.1354466351429,27686
"(0.8110682791635173, 0.9861673414304992)",1,98.13536190767982,27687
"(0.6307273362048251, 0.9862481730031216)",1,98.13535292555048,27688
"(0.4776877676981033, 0.9996210215628012)",3,98.1353135787997,27691
"(0.8586166985951469, 0.9861673414304992)",1,98.13518947815837,27692
"(0.9230468061350414, 0.9832184229069656)",1,98.13517537969624,27693
"(0.9032855633136024, 0.9861673414304992)",1,98.13514506911382,27694
"(0.7999088007295942, 0.988167361639188)",1,98.1350377375562,27695
"(0.6611718926579557, 0.9861310021084456)",1,98.1348412449484,27696
"(1.0, 0.9833229101521784)",1,98.13483220065967,27697
"(0.8871918136624019, 0.9861673414304992)",1,98.13471825663429,27698
"(1.0, 0.9833229101521784)",1,98.13471185011176,27699
"(0.4743478079735079, 0.9992416608232524)",2,98.13471030513882,27701
"(0.3024053266749896, 0.9984817852901372)",1,98.13469426043788,27702
"(0.6870644599303137, 0.9861310021084456)",2,98.13468550726472,27704
"(0.9497171590194846, 0.9833229101521784)",1,98.1346815565656,27705
"(0.9, 0.9833229101521784)",1,98.13466876393709,27706
"(0.8053381731676306, 0.9861673414304992)",1,98.1346293808724,27707
"(0.5890629581827016, 0.9861673414304992)",1,98.13460444540895,27708
"(0.9000617225831424, 0.9833229101521784)",1,98.13456885144036,27709
"(0.7977749180480272, 0.9861673414304992)",1,98.13442854535204,27710
"(0.9310483384791604, 0.9861673414304992)",1,98.13437983849876,27711
"(0.9452474337657768, 0.9832462877624168)",1,98.13437475011548,27712
"(0.8016677935542034, 0.9833229101521784)",4,98.13434595550068,27716
"(0.9536730927581872, 0.9834113430318364)",1,98.1343365109786,27717
"(0.8085259100433108, 0.9861673414304992)",1,98.13429779735502,27718
"(0.8604306971015356, 0.9861673414304992)",1,98.134258951244,27719
"(0.950175761409158, 0.9832184229069656)",1,98.13408594695892,27720
"(0.8388048698116161, 0.9861673414304992)",1,98.13388892114992,27721
"(0.8016677935542034, 0.9833229101521784)",1,98.13383341711908,27722
"(0.9026337658413128, 0.9861673414304992)",1,98.13371239079176,27723
"(0.4076247491511041, 0.9992416608232524)",3,98.13359301471442,27726
"(0.987491854024112, 0.9958292603453894)",1,98.1335079960939,27727
"(0.9029281534808432, 0.9861673414304992)",2,98.13330717579404,27729
"(0.252738269539148, 0.9996210215628012)",3,98.13329638081724,27732
"(0.9032855633136024, 0.9861673414304992)",1,98.1332751209911,27733
"(0.878066846066846, 0.9874877810361682)",1,98.1329675344432,27734
"(0.6749447402728794, 0.9861310021084456)",1,98.13285612098238,27735
"(0.5005466528962331, 1.0)",3,98.132827370292,27738
"(0.8552744708994707, 0.9861673414304992)",1,98.13277396806384,27739
"(0.8110682791635173, 0.9861673414304992)",1,98.13269849030898,27740
"(0.8182746938899523, 0.9861673414304992)",1,98.13260253393106,27741
"(0.9326599326599326, 0.9833229101521784)",2,98.13256131066684,27743
"(0.9504245882013664, 0.9916585206907788)",1,98.13255493152664,27744
"(0.6992775742775743, 0.9861673414304992)",1,98.1325151135171,27745
"(0.8044914258149553, 0.9861310021084456)",1,98.132508375745,27746
"(0.9153439153439156, 0.9833229101521784)",1,98.13250329283709,27747
"(0.90224161204236, 0.9861310021084456)",1,98.13245000965286,27748
"(0.831031066037186, 0.988167361639188)",1,98.13219739099269,27749
"(0.9017715617715616, 0.9861673414304992)",1,98.13202574249055,27750
"(0.8805377184744008, 0.9834113430318364)",1,98.13198637859408,27751
"(0.9442283950617284, 0.986081059422206)",2,98.13183329537291,27753
"(0.9497171590194846, 0.9833229101521784)",1,98.13183303277944,27754
"(0.8982888105990573, 0.9834113430318364)",2,98.13171632099788,27756
"(0.9874877810361682, 0.9958292603453894)",1,98.13165257725544,27757
"(0.9157169990503324, 0.9861310021084456)",1,98.13160822167424,27758
"(0.94484126984127, 0.9861673414304992)",1,98.13156501034292,27759
"(0.8552744708994707, 0.9861673414304992)",1,98.131521812664,27760
"(0.4514795008912656, 0.9987499746026686)",2,98.1314622874877,27762
"(0.4530386103743641, 0.9937491695468736)",1,98.13140494708315,27763
"(0.8218185392856778, 0.9861673414304992)",1,98.13124776519454,27764
"(0.6813936996863826, 0.9861673414304992)",1,98.13123347253456,27765
"(0.7856964763329513, 0.9861673414304992)",1,98.13115634939112,27766
"(0.9032855633136024, 0.9861673414304992)",1,98.13104202278495,27767
"(0.9230468061350414, 0.987463247273494)",1,98.13096175471756,27768
"(0.828966378966379, 0.9861673414304992)",1,98.13093690605352,27769
"(0.7344692811916678, 1.0)",1,98.13089042903738,27770
"(0.6432772815188069, 0.9861310021084456)",1,98.13083732986672,27771
"(0.9153439153439156, 0.9833229101521784)",1,98.1303932638978,27772
"(0.7060994560994561, 1.0)",1,98.13036482542788,27773
"(0.930124456440246, 1.0)",1,98.13030101452642,27774
"(0.5080392961876832, 0.9862497206293536)",1,98.13029885247734,27775
"(0.8976982097186702, 0.9833229101521784)",1,98.13015866040766,27776
"(0.7742295620819575, 1.0)",1,98.1301082568262,27777
"(0.6992775742775743, 0.9861673414304992)",1,98.13009654798128,27778
"(0.8567210567210567, 0.9861673414304992)",1,98.12999146935272,27779
"(0.8876473063973064, 0.9861673414304992)",1,98.12984894764595,27780
"(0.9315291971321268, 0.9873891625615764)",1,98.12974107895558,27781
"(0.8631918334993627, 0.9833229101521784)",1,98.1297274013112,27782
"(0.8152898027898028, 0.9861673414304992)",1,98.1296474499956,27783
"(0.930124456440246, 0.9861673414304992)",1,98.12939978125516,27784
"(0.7109688804604058, 0.9861310021084456)",1,98.129223299678,27785
"(0.8552744708994707, 0.9861673414304992)",1,98.12913016942728,27786
"(0.9079075500409146, 0.9834113430318364)",1,98.12901732516544,27787
"(0.4508193203901878, 0.9937491695468736)",1,98.12899414803708,27788
"(0.9154520780570968, 0.9832462877624168)",1,98.12898385408012,27789
"(0.8631918334993627, 0.9833229101521784)",2,98.12889875099604,27791
"(0.9916585206907788, 0.9958292603453894)",1,98.1288238307948,27792
"(0.8762860082304527, 1.0)",2,98.12880269083,27794
"(0.9444901834607716, 0.9861673414304992)",1,98.1287976650558,27795
"(0.4897415065188988, 0.9981012669018314)",1,98.12877451332233,27796
"(0.7109688804604058, 0.9861310021084456)",1,98.12876987439334,27797
"(0.751080181203132, 0.9861673414304992)",1,98.12871712562344,27798
"(0.5056778729738882, 0.9974998905914936)",3,98.12849112124772,27801
"(0.8847822547822548, 0.9861673414304992)",1,98.128345671935,27802
"(0.8871966240387292, 0.9861673414304992)",1,98.12831412370804,27803
"(0.7368760064412239, 0.9861673414304992)",1,98.12820393298053,27804
"(0.8796475392220073, 0.9833229101521784)",1,98.12817614211072,27805
"(0.4987711467817516, 0.9975000781372088)",1,98.12806974669137,27806
"(0.6526770767943084, 0.9861673414304992)",2,98.12806149721207,27808
"(0.7772049591964847, 0.9861673414304992)",1,98.12791976696644,27809
"(0.8631918334993627, 0.9833229101521784)",1,98.12789120994012,27810
"(0.7323695788812067, 0.988167361639188)",1,98.12786038900154,27811
"(0.9299160159815896, 0.9861673414304992)",1,98.12785081582388,27812
"(0.9172008547008548, 0.9861673414304992)",1,98.1278080896118,27813
"(0.6198039215686275, 0.995)",1,98.12768671230542,27814
"(0.7280584513944579, 0.9861673414304992)",1,98.12758695469564,27815
"(0.9499687304565352, 0.9833229101521784)",3,98.12746806039492,27818
"(0.9497171590194848, 0.9833229101521784)",2,98.12743586321815,27820
"(0.8621031746031745, 0.9861310021084456)",1,98.12721858275724,27821
"(0.9058747619658436, 0.9874762808349148)",2,98.12710541558836,27823
"(0.9058747619658436, 0.9874762808349148)",1,98.12709950557948,27824
"(0.9586562930696936, 0.9832925076188832)",1,98.12697245379668,27825
"(0.900983347688774, 0.9861673414304992)",1,98.12696096671664,27826
"(0.8876473063973064, 0.9861673414304992)",1,98.12696007244278,27827
"(0.503442416215342, 0.9981031933278868)",1,98.12674514740053,27828
"(0.4724538701233134, 0.9975000781372088)",1,98.12668294981088,27829
"(0.9586562930696936, 0.9790476832523552)",1,98.12664171322274,27830
"(0.7580266955266955, 0.9861673414304992)",1,98.12663829394666,27831
"(0.9791299139401608, 0.9958292603453894)",1,98.12660673051772,27832
"(0.8734313112361893, 0.9861673414304992)",2,98.1263937893736,27834
"(0.930124456440246, 0.9861673414304992)",1,98.1263623744065,27835
"(0.9792521035784794, 0.9958292603453894)",1,98.12601657474296,27836
"(0.2509635371805914, 1.0)",2,98.12582497221072,27838
"(0.765692887308966, 0.9861310021084456)",1,98.12579977266864,27839
"(0.2710113076866549, 1.0)",3,98.12577959572226,27842
"(0.940928587432546, 0.9832184229069656)",1,98.1257766342087,27843
"(0.861111111111111, 0.9833229101521784)",3,98.12544397788304,27846
"(0.8294970161977834, 0.9833229101521784)",1,98.12519661202376,27847
"(0.8208353559736048, 0.9861673414304992)",1,98.12514000102216,27848
"(0.917006172839506, 0.9861673414304992)",1,98.12506598363166,27849
"(0.2309709141375595, 0.9969573675011548)",1,98.1250223014519,27850
"(0.8010054664946871, 0.9861673414304992)",1,98.12501593883496,27851
"(0.9374843410636878, 0.9832184229069656)",1,98.12499465966764,27852
"(0.7306729085863257, 1.0)",1,98.12472043831455,27853
"(0.6326954876802936, 0.9861673414304992)",1,98.12460435534426,27854
"(0.9017715617715616, 0.9861673414304992)",1,98.12447116082492,27855
"(0.6326954876802936, 0.9861673414304992)",1,98.12445735895594,27856
"(0.7977749180480272, 0.9861673414304992)",1,98.12402140343794,27857
"(0.902192297684101, 0.9861310021084456)",1,98.12385876833376,27858
"(0.7772049591964847, 0.9861673414304992)",1,98.12371594671946,27859
"(0.991777356103732, 0.9958292603453894)",1,98.12340730894134,27860
"(0.765692887308966, 0.9861310021084456)",1,98.12328510328096,27861
"(0.8044914258149553, 0.9861310021084456)",1,98.12307385165128,27862
"(0.8580422642491607, 0.9832184229069656)",1,98.12305312941204,27863
"(0.9154520780570968, 0.9832462877624168)",1,98.12296109832384,27864
"(0.874450386215092, 0.9861310021084456)",1,98.12284309900468,27865
"(0.9299160159815896, 0.9861673414304992)",1,98.12282946449514,27866
"(0.9832965806068272, 0.9958292603453894)",1,98.12265174524254,27867
"(0.8390424521630195, 0.9861673414304992)",1,98.12260278724612,27868
"(0.8218185392856778, 0.9861673414304992)",1,98.1221691830012,27869
"(0.8715701474388204, 0.9861310021084456)",1,98.12214802753924,27870
"(0.9835199925522506, 0.9958292603453894)",1,98.12201435253148,27871
"(0.8148308968977662, 0.9861310021084456)",1,98.12200293392654,27872
"(0.8124923632552741, 0.9861673414304992)",1,98.12185765924968,27873
"(0.7823116219667945, 0.9861673414304992)",1,98.12184072665588,27874
"(0.9503122778456484, 0.9834113430318364)",1,98.12174321449136,27875
"(0.7823116219667945, 0.9861673414304992)",1,98.1216441184304,27876
"(0.8322510822510822, 0.9861673414304992)",1,98.12159359441686,27877
"(0.8322510822510822, 0.9861673414304992)",1,98.12152380866328,27878
"(0.4925285484808521, 0.9962497362353954)",1,98.12141142172304,27879
"(0.8823536650710564, 0.987463247273494)",1,98.12137884642576,27880
"(0.940928587432546, 0.9832925076188832)",1,98.12135541794451,27881
"(0.8491340807583629, 0.9861673414304992)",1,98.12123817584508,27882
"(0.6813936996863826, 0.9861673414304992)",1,98.12122789706342,27883
"(0.7222222222222221, 0.9833229101521784)",2,98.1212215968314,27885
"(0.5056778729738882, 0.9962499238080056)",1,98.12118784870302,27886
"(0.7222222222222221, 0.9833229101521784)",1,98.12115890100488,27887
"(0.8085259100433108, 0.9861673414304992)",1,98.12107371868588,27888
"(0.4187009383699279, 0.9992416608232524)",3,98.12103707714482,27891
"(0.3304298445783633, 1.0)",3,98.12102857207444,27894
"(0.7222222222222221, 0.9833229101521784)",2,98.12097002539434,27896
"(0.9666666666666668, 0.9833229101521784)",1,98.12092833266972,27897
"(0.8871082621082622, 0.9861310021084456)",1,98.12092645683244,27898
"(0.917469251615593, 1.0)",1,98.12087481425124,27899
"(0.9497171590194848, 0.9833229101521784)",1,98.12084479048092,27900
"(0.9833229101521784, 0.9833229101521784)",2,98.1207712948672,27902
"(0.9916585206907788, 0.9958292603453894)",1,98.12068144855115,27903
"(0.6611718926579557, 0.9861310021084456)",1,98.12063813113674,27904
"(0.902898027898028, 0.9861310021084456)",1,98.12061408233072,27905
"(0.6749447402728794, 0.9861310021084456)",1,98.12060156308122,27906
"(0.9244352123384382, 0.9832925076188832)",2,98.12051892632928,27908
"(0.765692887308966, 0.9861310021084456)",1,98.1204878854681,27909
"(0.8344065656565657, 0.9861673414304992)",1,98.12045831675417,27910
"(0.6430200463634697, 1.0)",3,98.12042622820374,27913
"(0.5466837142306626, 0.9861673414304992)",1,98.12038169475812,27914
"(0.57448235722491, 0.9912488373656227)",1,98.12017631899116,27915
"(0.5750629311033884, 1.0)",1,98.11999578905636,27916
"(0.9496114574862204, 0.9873891625615764)",1,98.119995635658,27917
"(0.6749447402728794, 0.9861310021084456)",1,98.11998701884283,27918
"(0.846098299557419, 0.9861673414304992)",1,98.1198869439043,27919
"(0.8860455063826657, 0.9861673414304992)",1,98.11983007621934,27920
"(0.7708796965987909, 0.9861673414304992)",1,98.11974788124743,27921
"(0.602662742458966, 0.9977203590215908)",1,98.11971911227825,27922
"(0.7722169562433654, 0.9861673414304992)",1,98.11963093797524,27923
"(0.7713401051412279, 1.0)",1,98.1195458393731,27924
"(0.8344065656565657, 0.9861673414304992)",1,98.11933796170344,27925
"(0.492807005588115, 0.9937502637052502)",2,98.11912527056364,27927
"(0.8653198653198653, 0.9833229101521784)",2,98.11912073224104,27929
"(0.9832965806068272, 0.9958292603453894)",1,98.11900372576936,27930
"(0.765692887308966, 0.9861310021084456)",1,98.11897808886506,27931
"(0.9616410906733488, 0.9958292603453894)",1,98.11893785867574,27932
"(0.8751897860593512, 0.9861673414304992)",1,98.11892338631408,27933
"(0.9830687830687832, 0.9958292603453894)",1,98.1188928960332,27934
"(0.6992775742775743, 0.9861673414304992)",1,98.11883857569131,27935
"(0.5056778729738882, 0.9975)",1,98.11878892155345,27936
"(0.7368760064412239, 0.9861673414304992)",1,98.11857806022692,27937
"(0.9192093318943212, 1.0)",1,98.11853684159443,27938
"(0.6870644599303137, 0.9861310021084456)",1,98.11849687416986,27939
"(0.6813936996863826, 0.9861673414304992)",1,98.11841917931793,27940
"(0.6870644599303137, 0.9861310021084456)",1,98.11841584677688,27941
"(0.8883678678403513, 0.9861673414304992)",1,98.11838573826851,27942
"(0.8974984433303618, 0.9873891625615764)",1,98.118330288919,27943
"(0.4737094237094237, 0.9861673414304992)",1,98.1182321959136,27944
"(0.902898027898028, 0.9861310021084456)",1,98.11817611215712,27945
"(0.8586166985951469, 0.9861673414304992)",1,98.11810271142396,27946
"(0.8871966240387292, 0.9861673414304992)",1,98.1180578786335,27947
"(0.8016677935542034, 0.9833229101521784)",1,98.11805601238147,27948
"(0.9499631719745572, 0.9832925076188832)",1,98.11781225642638,27949
"(0.979166518665308, 1.0)",1,98.11778579864198,27950
"(0.6813936996863826, 0.9861673414304992)",1,98.11751496902096,27951
"(0.9032855633136024, 0.9861673414304992)",1,98.11751291345716,27952
"(0.8997493734335841, 0.9833229101521784)",1,98.1174807781734,27953
"(0.9199973910846122, 0.9873891625615764)",1,98.11741677153148,27954
"(0.861952861952862, 0.9861310021084456)",1,98.11719672816488,27955
"(0.9438271604938272, 0.9861673414304992)",1,98.11710299616894,27956
"(0.8016677935542034, 0.9833229101521784)",4,98.1170301474872,27960
"(0.9243707071934514, 0.9916339869281046)",1,98.1170064629342,27961
"(0.8726893261776982, 0.988167361639188)",1,98.11700380279277,27962
"(0.9958292603453894, 1.0)",1,98.11696982763372,27963
"(0.7348436174331348, 0.9861673414304992)",1,98.11659687277262,27964
"(0.4514795008912656, 0.9950001562744178)",2,98.11655988766076,27966
"(0.8344065656565657, 0.9861673414304992)",1,98.11655000158248,27967
"(0.4530386103743641, 0.9962497362353954)",1,98.1164997817127,27968
"(0.9153439153439156, 0.9833229101521784)",1,98.11645553968602,27969
"(0.9098759089802734, 0.9916625936787228)",1,98.11643434779764,27970
"(0.8177442148030384, 0.9833229101521784)",2,98.1164302670193,27972
"(0.987463247273494, 0.9958292603453894)",1,98.11640950815536,27973
"(0.9498370804822418, 0.9873891625615764)",1,98.11640117632555,27974
"(0.8751897860593512, 0.9861673414304992)",1,98.11639970044902,27975
"(0.4170386488874046, 0.9996210215628012)",3,98.1163418344218,27978
"(0.664091471262014, 1.0)",3,98.11629220449832,27981
"(0.9008025849489264, 0.9833229101521784)",1,98.11622857957906,27982
"(0.9029281534808432, 0.9861673414304992)",1,98.11599385856722,27983
"(0.9438271604938272, 0.9861673414304992)",1,98.1158304873789,27984
"(0.224271508570455, 0.9981012669018314)",1,98.11579394071413,27985
"(0.9665755481078062, 1.0)",2,98.11576816575304,27987
"(0.9438271604938272, 0.9861673414304992)",1,98.11567263957627,27988
"(0.9003556829643787, 0.9833229101521784)",1,98.11563528283963,27989
"(0.9003556829643787, 0.9833229101521784)",2,98.11559359011504,27991
"(0.9169719169719168, 0.9833229101521784)",1,98.11553273427474,27992
"(0.9916585206907788, 0.9958292603453894)",1,98.11551314437044,27993
"(0.6049474374542553, 1.0)",1,98.11547106809118,27994
"(0.9153439153439156, 0.9833229101521784)",1,98.11501364680672,27995
"(0.9331662489557224, 0.9833229101521784)",2,98.11496627748237,27997
"(0.1820732552439869, 1.0)",1,98.11495182084582,27998
"(0.6825396825396824, 0.9833229101521784)",1,98.1148932368445,27999
"(0.9161952650324744, 0.9833229101521784)",1,98.11488147398828,28000
"(0.602662742458966, 1.0)",3,98.1147079776253,28003
"(0.1808771236817465, 0.9992416608232524)",3,98.11434093330892,28006
"(0.9172008547008548, 0.9861673414304992)",1,98.11420441766948,28007
"(0.5135815048525069, 1.0)",1,98.11388177043486,28008
"(0.6636745887678723, 1.0)",1,98.11382789442332,28009
"(0.9440529448756316, 0.9861673414304992)",1,98.113749623706,28010
"(0.6813936996863826, 0.9861673414304992)",1,98.11366582548456,28011
"(0.8341307814992026, 1.0)",1,98.113645909854,28012
"(0.9079075500409146, 0.9834113430318364)",1,98.11355175337825,28013
"(0.9019292060258446, 0.9861673414304992)",1,98.11349839981834,28014
"(0.7997685185185185, 0.9861673414304992)",1,98.1134566966834,28015
"(0.2573753482290067, 0.9992416608232524)",3,98.11343773867938,28018
"(0.6636745887678723, 1.0)",1,98.1134345549096,28019
"(0.8796475392220073, 0.9833229101521784)",1,98.11333927361534,28020
"(0.9019292060258446, 0.9861673414304992)",1,98.11332385713222,28021
"(0.765692887308966, 0.9861310021084456)",1,98.1133094146686,28022
"(0.8621031746031745, 0.9861310021084456)",1,98.11329246109774,28023
"(0.868170426065163, 0.9833229101521784)",1,98.1132750727212,28024
"(0.7997685185185185, 0.9861673414304992)",1,98.1130810778278,28025
"(0.8631918334993627, 0.9833229101521784)",1,98.11299123207928,28026
"(0.9244352123384382, 0.9832184229069656)",1,98.11298566120291,28027
"(0.8584175084175085, 0.9861673414304992)",1,98.11289526907828,28028
"(0.930124456440246, 0.9861673414304992)",1,98.11289178364422,28029
"(0.6215073982652175, 0.9882048106149588)",1,98.11288100259848,28030
"(0.7580266955266955, 0.9861673414304992)",1,98.1127915235932,28031
"(0.9017715617715616, 0.9861673414304992)",1,98.11269191451476,28032
"(0.8860455063826657, 0.9861673414304992)",1,98.11265284596104,28033
"(0.9916339869281046, 0.9958292603453894)",1,98.11258351516696,28034
"(0.8044914258149553, 0.9861310021084456)",1,98.11248296714751,28035
"(0.7580266955266955, 0.9861673414304992)",2,98.11238433390314,28037
"(0.7708796965987909, 0.9861673414304992)",1,98.11235295693184,28038
"(0.9833040078201368, 0.9958292603453894)",1,98.11218708345996,28039
"(0.7708796965987909, 0.9861673414304992)",1,98.11193125838469,28040
"(0.950297813353496, 0.9958292603453894)",1,98.11187545635032,28041
"(0.8124923632552741, 0.9861673414304992)",1,98.1118748537633,28042
"(0.8110682791635173, 0.9861673414304992)",1,98.1118489880584,28043
"(0.8883034087952121, 0.9861310021084456)",1,98.11179056057564,28044
"(0.7109688804604058, 0.9861310021084456)",1,98.11166897930438,28045
"(0.5463455725995242, 0.989997498436523)",1,98.11155519521084,28046
"(0.7823116219667945, 0.9861673414304992)",1,98.11153856475534,28047
"(0.7168719671519223, 0.991206314397104)",1,98.11152947126608,28048
"(0.4345640839445211, 0.9996210215628012)",3,98.11138867458293,28051
"(0.8388048698116161, 0.9861673414304992)",1,98.11137373183514,28052
"(0.6384521701955596, 0.991206314397104)",1,98.11136304851492,28053
"(0.765692887308966, 0.9861310021084456)",1,98.11133026356254,28054
"(0.8533622685185187, 0.9861673414304992)",1,98.111216522288,28055
"(0.9497171590194846, 0.9833229101521784)",1,98.11116516907336,28056
"(0.90224161204236, 0.9861310021084456)",1,98.11112193589403,28057
"(0.8804215399610136, 0.991206314397104)",1,98.11094717567364,28058
"(0.8976982097186702, 0.9833229101521784)",1,98.1108849531544,28059
"(0.1357209660560048, 1.0)",1,98.11082846551332,28060
"(0.9876066164491212, 0.9958292603453894)",1,98.1108106593334,28061
"(0.7856964763329513, 0.9861673414304992)",1,98.11077869883071,28062
"(0.8478418336329888, 0.991206314397104)",3,98.11074771186512,28065
"(0.4961453064375241, 0.9950001562744178)",2,98.1100897135359,28067
"(0.9495139679449044, 0.979166518665308)",1,98.10999832990368,28068
"(0.4777955536474655, 0.9984817852901372)",1,98.10998700010484,28069
"(0.8899966931216932, 0.9861310021084456)",1,98.10983209929918,28070
"(0.934065934065934, 0.9833229101521784)",1,98.10981007474912,28071
"(0.9311507936507936, 0.9861673414304992)",1,98.10979994456328,28072
"(0.7772049591964847, 0.9861673414304992)",1,98.10973705930924,28073
"(0.9372650231764934, 0.9832184229069656)",1,98.10963460784971,28074
"(0.649621212121212, 0.9861310021084456)",1,98.10962981751211,28075
"(0.9705196174266384, 0.9958292603453894)",1,98.10951725463654,28076
"(0.950175761409158, 0.9834113430318364)",1,98.1094079925372,28077
"(0.8899966931216932, 0.9861310021084456)",1,98.10926872221526,28078
"(0.8976982097186702, 0.9833229101521784)",1,98.10925980106852,28079
"(0.9916666666666668, 0.9958292603453894)",1,98.10919676415362,28080
"(0.4990204708059675, 0.9969573675011548)",1,98.10917294117375,28081
"(0.8748200797381125, 0.9861310021084456)",1,98.10909394792232,28082
"(0.9153439153439156, 0.9833229101521784)",2,98.10900124149538,28084
"(0.4009727434617732, 0.9992416608232524)",1,98.10899311693326,28085
"(0.9916625936787228, 0.9958292603453894)",1,98.10896868328322,28086
"(0.6326954876802936, 0.9861673414304992)",1,98.10892583430464,28087
"(0.9516794286955578, 0.9958292603453894)",1,98.10892433178738,28088
"(0.8148308968977662, 0.9861673414304992)",1,98.1088207802915,28089
"(0.9280317595086728, 0.9958292603453894)",1,98.10880534539224,28090
"(0.485879976270526, 0.9988619159967322)",3,98.10879723614704,28093
"(0.2520817505905556, 0.9973390598305516)",1,98.1087883413923,28094
"(0.9466127311522048, 0.991206314397104)",1,98.10869528418613,28095
"(0.8175446168757694, 0.9861673414304992)",1,98.10860705716986,28096
"(0.765692887308966, 0.9861310021084456)",1,98.1085644319442,28097
"(0.8552744708994707, 0.9861673414304992)",1,98.10847637192904,28098
"(0.4772368473497005, 0.9962497362353954)",1,98.10846420808032,28099
"(0.6326954876802936, 0.9861673414304992)",1,98.10843720559424,28100
"(0.8318290279074593, 0.9861673414304992)",1,98.10827373175904,28101
"(0.7836974395113928, 0.988167361639188)",1,98.10816442080638,28102
"(0.9331662489557224, 0.9833229101521784)",1,98.10802465839768,28103
"(0.4919916866987179, 0.9987499746026686)",2,98.10787835751007,28105
"(0.9615232921668722, 0.987491854024112)",1,98.1078551199694,28106
"(0.8810064268049709, 0.991206314397104)",1,98.10785196289667,28107
"(0.3067412107187314, 0.9984817852901372)",3,98.10784790012906,28110
"(0.7708796965987909, 0.9861673414304992)",1,98.10777351156754,28111
"(0.6767580302172832, 0.9861310021084456)",1,98.10755062219889,28112
"(0.940928587432546, 0.9832184229069656)",1,98.10745339912928,28113
"(0.6813936996863826, 0.9861310021084456)",1,98.10709898690664,28114
"(0.7348436174331348, 0.9861673414304992)",1,98.10708712838388,28115
"(0.4919916866987179, 0.9987499746026686)",1,98.10707054234648,28116
"(0.9154520780570968, 0.987463247273494)",1,98.1069976180044,28117
"(0.8416827657517105, 0.9861310021084456)",1,98.10673422498355,28118
"(0.8044914258149553, 0.9861310021084456)",1,98.10671716440578,28119
"(0.8218185392856778, 0.9861673414304992)",1,98.10661990447632,28120
"(0.6736022307473716, 0.9861673414304992)",1,98.10654986158546,28121
"(0.6736022307473716, 0.9861673414304992)",1,98.10648754627404,28122
"(0.8310307178060801, 0.9861673414304992)",1,98.10632877864352,28123
"(0.9791258409522168, 0.9958292603453894)",1,98.10630759913587,28124
"(0.8604306971015356, 0.9861673414304992)",1,98.10622845600982,28125
"(0.8874191651969431, 0.9861673414304992)",1,98.1061424789663,28126
"(0.7780625367430922, 0.9861673414304992)",1,98.10598205282427,28127
"(0.5592924417056326, 1.0)",1,98.10596619328604,28128
"(0.4670357941834451, 0.9996210215628012)",3,98.10596223497306,28131
"(0.9244352123384382, 0.9832925076188832)",1,98.10595154138232,28132
"(0.9029281534808432, 0.9861673414304992)",1,98.10583488989936,28133
"(0.6338192362445959, 0.9925)",1,98.10578469638128,28134
"(0.7368760064412239, 0.9861673414304992)",1,98.10578165142196,28135
"(0.8344065656565657, 0.9861673414304992)",2,98.10574704642396,28137
"(0.6992775742775743, 0.9861673414304992)",1,98.10567693753404,28138
"(0.9874762808349148, 0.9958292603453894)",1,98.10566274015817,28139
"(0.4847252958987063, 0.9987499746026686)",2,98.1056328142376,28141
"(0.8071948928825261, 0.9861673414304992)",1,98.1055167504082,28142
"(0.8056354979267693, 0.9861310021084456)",1,98.10549700290936,28143
"(0.7368760064412239, 0.9861673414304992)",1,98.10548638916372,28144
"(0.3974337753332183, 0.9988619159967322)",1,98.1054021036983,28145
"(0.8751897860593512, 0.9861673414304992)",1,98.10532368042313,28146
"(0.8876473063973064, 0.9861673414304992)",1,98.10528065030458,28147
"(0.7729389061386163, 0.988167361639188)",1,98.10505662388964,28148
"(0.4495135398715946, 0.9996210215628012)",1,98.1050021269442,28149
"(0.8814814814814814, 0.9833229101521784)",1,98.10493438203213,28150
"(0.7780625367430922, 0.9861673414304992)",1,98.10488189851053,28151
"(0.476193313409349, 0.9975000781372088)",1,98.10481223934636,28152
"(0.7651777469990767, 0.991206314397104)",3,98.1047989774166,28155
"(0.8883678678403513, 0.9861673414304992)",1,98.10479411169364,28156
"(0.8056354979267693, 0.9861310021084456)",2,98.10477742966928,28158
"(0.97934925289764, 0.9958292603453894)",1,98.10460392677098,28159
"(0.898989898989899, 1.0)",1,98.10447610857184,28160
"(0.958227107069612, 0.9958292603453894)",1,98.10441597698464,28161
"(0.5450348040348041, 1.0)",3,98.104319368149,28164
"(0.902192297684101, 0.9861673414304992)",1,98.1043093788074,28165
"(0.9466127311522048, 0.991206314397104)",1,98.1042077063562,28166
"(0.9616410906733488, 0.9958292603453894)",2,98.10417911806633,28168
"(0.8175446168757694, 0.9861673414304992)",1,98.10416825573952,28169
"(0.7780625367430922, 0.9861673414304992)",1,98.10402239999326,28170
"(0.9234894220441888, 0.9832462877624168)",1,98.1039239043854,28171
"(0.7856964763329513, 0.9861673414304992)",1,98.10380574589436,28172
"(0.974772367065274, 0.9958292603453894)",1,98.10377882425428,28173
"(0.8860455063826657, 0.9861673414304992)",1,98.10351175122248,28174
"(0.8344065656565657, 0.9861673414304992)",1,98.10349684576614,28175
"(0.4776542240827955, 1.0)",1,98.10334553562096,28176
"(0.902192297684101, 0.9861310021084456)",1,98.10332705758056,28177
"(0.8148308968977662, 0.9861310021084456)",1,98.10329238253874,28178
"(0.4571140259616066, 0.9987499746026686)",1,98.1032530507683,28179
"(0.9230468061350414, 0.983149138443256)",1,98.10321208847115,28180
"(0.9750481776288228, 0.9958292603453894)",1,98.10315015628773,28181
"(0.8743078626799556, 0.9861310021084456)",1,98.1030679935913,28182
"(0.874450386215092, 0.9861310021084456)",1,98.10304465716936,28183
"(0.8374727668845315, 0.9833229101521784)",1,98.10293003105814,28184
"(0.6444891298012474, 0.9861310021084456)",1,98.10285879451769,28185
"(0.8748200797381125, 0.9861310021084456)",1,98.10274735072896,28186
"(0.8316498316498316, 0.9833229101521784)",1,98.10274304908997,28187
"(0.8586166985951469, 0.9861673414304992)",1,98.10267485142994,28188
"(0.8344065656565657, 0.9861673414304992)",2,98.10261595370892,28190
"(0.8071948928825261, 0.9861673414304992)",1,98.10261485931328,28191
"(0.2184301094356221, 0.9984817852901372)",2,98.10243172455075,28193
"(0.7823116219667945, 0.9861673414304992)",1,98.10224802315255,28194
"(0.9274303852156144, 0.9832679738562092)",1,98.10212266895924,28195
"(0.6698155645524068, 0.9833229101521784)",1,98.10210642303072,28196
"(0.3012645528335599, 0.9996210215628012)",1,98.10199675967364,28197
"(0.765692887308966, 0.9861310021084456)",1,98.10187565688273,28198
"(0.7708796965987909, 0.9861673414304992)",1,98.10185282211434,28199
"(0.5032117384111402, 0.9874994529574682)",1,98.10171598634128,28200
"(0.6526770767943084, 0.9861673414304992)",1,98.10165838253327,28201
"(0.8016677935542034, 0.9833229101521784)",1,98.10143592259064,28202
"(0.6749447402728794, 0.9861310021084456)",1,98.10138227703766,28203
"(0.9310483384791604, 0.9861673414304992)",1,98.10110811503812,28204
"(0.4747763864042934, 0.9882048106149588)",1,98.10092288587312,28205
"(0.9022759891180944, 0.9861310021084456)",1,98.10083056244142,28206
"(0.5282663316582914, 0.9992431829362568)",3,98.10083009326168,28209
"(0.7856964763329513, 0.9861673414304992)",1,98.10080716938272,28210
"(0.8208353559736048, 0.9861673414304992)",1,98.100686804064,28211
"(0.945878018492034, 0.9958292603453894)",1,98.10059382820356,28212
"(0.8127312328440149, 0.9861673414304992)",1,98.10055604968508,28213
"(0.9331662489557224, 0.9833229101521784)",1,98.1005177497161,28214
"(0.7708796965987909, 0.9861673414304992)",1,98.10038675879456,28215
"(0.8016677935542034, 0.9833229101521784)",1,98.10035384577046,28216
"(0.8016677935542034, 0.9833229101521784)",1,98.1002903618129,28217
"(0.6813936996863826, 0.9861673414304992)",1,98.10024839745527,28218
"(0.8813457860512559, 0.9832462877624168)",1,98.1001804618623,28219
"(0.8308201058201059, 0.9861673414304992)",1,98.10012323184046,28220
"(0.9497171590194848, 0.9833229101521784)",1,98.10010148620232,28221
"(0.9017715617715616, 0.9861673414304992)",1,98.10006006906796,28222
"(0.8970129352925051, 0.9873891625615764)",2,98.0999819753396,28224
"(0.4955558486584263, 0.9987499746026686)",2,98.09988090519872,28226
"(0.6992775742775743, 0.9861673414304992)",5,98.09963437115935,28231
"(0.90224161204236, 0.9861310021084456)",1,98.09958935677888,28232
"(0.503514376678064, 0.9981012669018314)",3,98.0993835230258,28235
"(0.816195709052852, 1.0)",1,98.09932749086292,28236
"(0.8743078626799556, 0.9861310021084456)",1,98.0993072015884,28237
"(0.930124456440246, 0.9861673414304992)",1,98.09916141900062,28238
"(0.765692887308966, 0.9861310021084456)",1,98.09893834197813,28239
"(0.8860455063826657, 0.9861673414304992)",1,98.09889635871602,28240
"(0.9153439153439156, 0.9833229101521784)",1,98.09884409780352,28241
"(0.3354976707716434, 0.9992416608232524)",3,98.09876195583595,28244
"(0.8218185392856778, 0.9861673414304992)",1,98.09844435956605,28245
"(0.950175761409158, 0.9834113430318364)",1,98.09840244961607,28246
"(0.931200007971039, 0.9873891625615764)",1,98.0983110558467,28247
"(0.6825396825396824, 0.9833229101521784)",1,98.09821614699666,28248
"(0.8871966240387292, 0.9861673414304992)",1,98.0981862099808,28249
"(0.4722366884143547, 0.9949997811829872)",1,98.09816849839488,28250
"(0.7008726156973109, 0.9861673414304992)",1,98.0981659604062,28251
"(0.8860455063826657, 0.9861673414304992)",1,98.09813852685376,28252
"(0.9177366931314298, 0.9834113430318364)",1,98.09805391102375,28253
"(0.931159364670003, 0.9861673414304992)",1,98.09802328093328,28254
"(0.2251133304715785, 0.9996210215628012)",3,98.09801413322435,28257
"(0.8110682791635173, 0.9861673414304992)",1,98.09793037742926,28258
"(0.927082576248316, 0.9790476832523552)",1,98.09785823607336,28259
"(0.8322510822510822, 0.9861673414304992)",1,98.09783758442228,28260
"(0.9000617225831424, 0.9833229101521784)",1,98.09756917136686,28261
"(0.751080181203132, 0.9861673414304992)",1,98.09753408410174,28262
"(0.8805377184744008, 0.9834113430318364)",1,98.09740303239728,28263
"(0.9916585206907788, 0.9958292603453894)",1,98.0973871477228,28264
"(0.8871966240387292, 0.9861673414304992)",1,98.09726645951636,28265
"(0.7997685185185185, 0.9861673414304992)",1,98.09723788834042,28266
"(0.4912575527045726, 0.9987500214884376)",2,98.09721160184584,28268
"(0.944563492063492, 1.0)",1,98.09712730770288,28269
"(0.7823116219667945, 0.9861673414304992)",1,98.09703511977348,28270
"(0.4896359390280644, 0.9974998905914936)",1,98.09700176045207,28271
"(0.9153439153439156, 0.9833229101521784)",1,98.09690946147946,28272
"(0.6526770767943084, 0.9861310021084456)",1,98.09690689655056,28273
"(0.987491854024112, 0.9958292603453894)",1,98.0968622484099,28274
"(0.4609816352782865, 0.9984817852901372)",1,98.09685185399437,28275
"(0.9833229101521784, 1.0)",1,98.09673593587542,28276
"(0.9114218054477384, 0.9873891625615764)",1,98.0966315371132,28277
"(0.8194074731341813, 0.9861673414304992)",1,98.096597056803,28278
"(0.9032855633136024, 0.9861673414304992)",1,98.09658824611364,28279
"(0.9499687304565352, 0.9833229101521784)",2,98.09656933199024,28281
"(0.8128971639097002, 0.9872890642121412)",1,98.09653663055126,28282
"(0.8175446168757694, 0.9861673414304992)",2,98.09611230113646,28284
"(0.5981148005233523, 0.99249924969988)",1,98.09609648904032,28285
"(0.8876473063973064, 0.9861673414304992)",1,98.09601220714826,28286
"(0.9244352123384382, 0.9790476832523552)",2,98.09599685864264,28288
"(0.987463247273494, 0.9958292603453894)",1,98.09599342701142,28289
"(0.9199973910846122, 0.9873891625615764)",1,98.09592659342248,28290
"(0.9311507936507936, 0.9861673414304992)",1,98.09570506662148,28291
"(0.900838851006521, 0.9832462877624168)",1,98.09570085389714,28292
"(0.6324707692241994, 0.9861673414304992)",1,98.09558652563516,28293
"(0.979051756240299, 0.9958292603453894)",2,98.09554223201744,28295
"(0.9153439153439156, 0.9833229101521784)",1,98.09551338691266,28296
"(0.9586562930696936, 0.9832184229069656)",1,98.0954748913285,28297
"(0.8604306971015356, 0.9861673414304992)",1,98.09528567006436,28298
"(0.8124923632552741, 0.9861673414304992)",1,98.09526853585224,28299
"(0.4670357941834451, 0.9996210215628012)",1,98.09515220699592,28300
"(0.8997493734335841, 0.9833229101521784)",1,98.09511378325752,28301
"(0.865581803207783, 0.991206314397104)",1,98.09509301774118,28302
"(0.7453091184935634, 0.991206314397104)",1,98.09502142877248,28303
"(0.9833040078201368, 0.9958292603453894)",1,98.09484312458484,28304
"(0.4943189964157706, 1.0)",1,98.09468260906893,28305
"(0.9262130464282252, 0.991206314397104)",1,98.09458400844326,28306
"(0.7401844059863599, 0.9861673414304992)",1,98.09454307854357,28307
"(0.7942038054814895, 0.9861673414304992)",1,98.09451570247748,28308
"(0.9788980434141724, 0.9958292603453894)",1,98.09439243528348,28309
"(0.8796475392220073, 0.9833229101521784)",1,98.09437913007687,28310
"(0.8431623931623932, 0.9870601047071634)",1,98.09437153463531,28311
"(0.975195619792394, 0.9958292603453894)",1,98.0943675518477,28312
"(0.8148308968977662, 0.9861673414304992)",1,98.0942321648696,28313
"(0.8471527473990528, 1.0)",1,98.09419183981856,28314
"(0.8467467233807103, 0.9861673414304992)",1,98.09415115990888,28315
"(0.966586548597934, 0.9832462877624168)",1,98.09386814225854,28316
"(0.9079075500409146, 0.9832184229069656)",1,98.09385391386544,28317
"(0.9162596992611264, 0.9861673414304992)",1,98.0937916740052,28318
"(0.979166518665308, 1.0)",2,98.09378901116024,28320
"(0.8796475392220073, 0.9833229101521784)",1,98.09374020260869,28321
"(0.9580331374974232, 1.0)",1,98.09362688661652,28322
"(0.8491340807583629, 0.9861673414304992)",1,98.09362334380552,28323
"(0.7823116219667945, 0.9861673414304992)",1,98.093593489221,28324
"(0.7294281157362763, 1.0)",1,98.0934984560836,28325
"(0.8044914258149553, 0.9861310021084456)",1,98.09348929626506,28326
"(0.8455704732698088, 0.9861310021084456)",2,98.0934673693544,28328
"(0.5286751006005854, 0.9984817852901372)",1,98.09345970398188,28329
"(0.5103469782909699, 0.9924987337339528)",1,98.09341532652968,28330
"(0.9372650231764934, 0.9790755481078062)",1,98.0933135752497,28331
"(0.6611718926579557, 0.9861310021084456)",1,98.0932379247654,28332
"(0.979273283115788, 0.9958292603453894)",1,98.09307802630806,28333
"(0.8751897860593512, 0.9861673414304992)",1,98.09298198793452,28334
"(0.9153439153439156, 0.9833229101521784)",2,98.09290024533932,28336
"(0.8584175084175085, 0.9861673414304992)",2,98.09276285095125,28338
"(0.8748200797381125, 0.9861310021084456)",1,98.09264706955496,28339
"(0.8976982097186702, 0.9833229101521784)",1,98.0926454070472,28340
"(0.9705906996229576, 0.9958292603453894)",2,98.09262066982654,28342
"(0.5466837142306626, 0.9861673414304992)",1,98.092586111402,28343
"(0.8388048698116161, 0.9861673414304992)",2,98.09249586899212,28345
"(0.9497171590194846, 0.9833229101521784)",2,98.0924820472256,28347
"(0.6645551610887285, 0.9885557944107872)",1,98.09246729716412,28348
"(0.9833040078201368, 0.9958292603453894)",1,98.0923782115647,28349
"(0.9580602951397298, 0.9958292603453894)",1,98.09233569193223,28350
"(0.8218185392856778, 0.9861673414304992)",1,98.0923280940226,28351
"(0.9497171590194846, 0.9833229101521784)",1,98.09216460654036,28352
"(0.9444901834607716, 0.9861673414304992)",1,98.09215817711512,28353
"(0.8631918334993627, 0.9833229101521784)",1,98.09202886191224,28354
"(0.5070372093557577, 0.9861310021084456)",1,98.0920239256258,28355
"(0.9374843410636878, 0.9832925076188832)",1,98.0919819275023,28356
"(0.4631616549920088, 0.9984817852901372)",1,98.09197053990164,28357
"(0.9665831244778612, 0.9833229101521784)",1,98.0919507796915,28358
"(0.826388888888889, 0.9833229101521784)",1,98.09171997327844,28359
"(0.9746854694957162, 0.9958292603453894)",1,98.09171004781147,28360
"(0.3865130008203705, 0.9973390598305516)",1,98.09166638438208,28361
"(0.9503122778456484, 0.9832925076188832)",1,98.09161035647637,28362
"(0.9032855633136024, 0.9861673414304992)",1,98.09157304743265,28363
"(0.9916585206907788, 0.9958292603453894)",1,98.09143581107284,28364
"(0.6444891298012474, 0.9861310021084456)",1,98.09133829895052,28365
"(0.8175446168757694, 0.9861673414304992)",1,98.09117938974406,28366
"(0.8193928901539049, 0.9870601047071634)",1,98.09109826766289,28367
"(0.7516483516483518, 0.9861673414304992)",1,98.09098570174004,28368
"(0.9466127311522048, 0.991206314397104)",3,98.09089780172113,28371
"(0.7439393939393939, 1.0)",1,98.09074960290587,28372
"(0.789994229453279, 0.9861673414304992)",1,98.0907449521144,28373
"(0.6384521701955596, 0.991206314397104)",1,98.09073028216253,28374
"(0.7453091184935634, 0.991206314397104)",1,98.09058969331105,28375
"(0.6870644599303137, 0.9861310021084456)",1,98.09048508281332,28376
"(0.9032855633136024, 0.9861673414304992)",1,98.09039475670642,28377
"(0.6870644599303137, 0.9861310021084456)",1,98.09029163403552,28378
"(0.7516483516483518, 0.9861673414304992)",1,98.09011312532452,28379
"(0.944120583717358, 0.9790476832523552)",1,98.09010792400788,28380
"(0.8266173510466989, 1.0)",1,98.09000659921732,28381
"(0.9372650231764934, 0.9832462877624168)",2,98.08999045969544,28383
"(0.9750072792119512, 1.0)",2,98.08994218642444,28385
"(0.8322510822510822, 0.9861673414304992)",2,98.08976646606185,28387
"(0.6384521701955596, 0.991206314397104)",1,98.08951815130546,28388
"(0.8420013166556946, 0.9833229101521784)",1,98.08945537925742,28389
"(0.9153439153439156, 0.9833229101521784)",1,98.08938467578044,28390
"(0.8056354979267693, 0.9861310021084456)",1,98.0893486049308,28391
"(0.8318290279074593, 0.9861673414304992)",1,98.08929775295542,28392
"(0.8883678678403513, 0.9861673414304992)",1,98.08922167907316,28393
"(0.917283950617284, 0.9861673414304992)",1,98.08918544514016,28394
"(0.7786375661375661, 0.986081059422206)",1,98.08904265648144,28395
"(0.8175446168757694, 0.9861673414304992)",1,98.0890407459092,28396
"(0.7780625367430922, 0.9861673414304992)",1,98.08882407935944,28397
"(0.9153439153439156, 0.9833229101521784)",1,98.0887655463511,28398
"(0.9079075500409146, 0.987463247273494)",1,98.08869617897976,28399
"(0.4510894164249752, 0.9988642062668746)",1,98.08865909116712,28400
"(0.8175446168757694, 0.9861673414304992)",2,98.0883919156584,28402
"(0.8071948928825261, 0.9861673414304992)",1,98.08837402259104,28403
"(0.4896359390280644, 0.99499949979992)",1,98.08823055988516,28404
"(0.9833211143695014, 1.0)",2,98.0882073404675,28406
"(0.6526770767943084, 0.9861673414304992)",1,98.0881879890794,28407
"(0.828966378966379, 0.9861673414304992)",1,98.08805039095694,28408
"(0.9310483384791604, 0.9861673414304992)",1,98.0880500851225,28409
"(0.7786375661375661, 0.986081059422206)",1,98.08789725646142,28410
"(0.7222222222222221, 0.9833229101521784)",1,98.08786741713574,28411
"(0.8222222222222222, 0.9833229101521784)",1,98.08774202548275,28412
"(0.9374843410636878, 0.9832925076188832)",1,98.08754322138311,28413
"(0.8751897860593512, 0.9861673414304992)",1,98.08746445867104,28414
"(0.9665831244778612, 0.9833229101521784)",1,98.08744414375614,28415
"(1.0, 0.9833229101521784)",1,98.08731489715352,28416
"(0.4407055363375315, 0.9962497362353954)",1,98.08700240004738,28417
"(0.6992775742775743, 0.9861673414304992)",1,98.08693587287227,28418
"(0.8175446168757694, 0.9861673414304992)",1,98.08676375104602,28419
"(0.8733799478600891, 0.9834113430318364)",2,98.08675669747562,28421
"(0.9019292060258446, 0.9861673414304992)",1,98.0865802485486,28422
"(0.5342296694992609, 0.988750193395939)",1,98.08636771740348,28423
"(0.518883018547448, 0.996575280197092)",1,98.08634938961498,28424
"(0.8374727668845315, 0.9833229101521784)",1,98.0862529412103,28425
"(0.6992775742775743, 0.9861673414304992)",1,98.08612344635311,28426
"(0.9916339869281046, 0.9958292603453894)",1,98.08604294721336,28427
"(0.944563492063492, 1.0)",1,98.08603478204964,28428
"(0.9539751547184644, 0.9832462877624168)",1,98.08592782255096,28429
"(0.5145696010475885, 0.9861310021084456)",1,98.08584516439537,28430
"(0.9172008547008548, 0.9861673414304992)",1,98.08581900658793,28431
"(0.90224161204236, 0.9861310021084456)",1,98.08577507229526,28432
"(0.6042502004811546, 1.0)",1,98.0856001264289,28433
"(0.934065934065934, 0.9833229101521784)",1,98.08557975258776,28434
"(0.9307008053852626, 0.9861673414304992)",1,98.08549773638389,28435
"(0.8193419055822156, 0.9861673414304992)",1,98.0854337677428,28436
"(0.8010054664946871, 0.9861673414304992)",1,98.08542800076933,28437
"(0.8743078626799556, 0.9861310021084456)",1,98.08533691647229,28438
"(0.8874191651969431, 0.9861673414304992)",1,98.08533224177236,28439
"(0.8318290279074593, 0.9861673414304992)",1,98.08531273332686,28440
"(0.620130835563485, 0.991206314397104)",1,98.08527756213785,28441
"(0.9017715617715616, 0.9861673414304992)",1,98.08489379492768,28442
"(0.7999088007295942, 0.988167361639188)",1,98.08486452734935,28443
"(0.9445972545972546, 0.986081059422206)",1,98.08482076043032,28444
"(0.9000617225831424, 0.9833229101521784)",1,98.084512854239,28445
"(0.5320180604331844, 1.0)",1,98.08445963672544,28446
"(0.7999088007295942, 0.988167361639188)",2,98.08414267687182,28448
"(0.8218185392856778, 0.9861673414304992)",1,98.0839763397218,28449
"(0.8464596949891068, 0.986081059422206)",1,98.08374390262688,28450
"(0.7977749180480272, 0.9861673414304992)",1,98.0836622775984,28451
"(0.9503122778456484, 0.9832925076188832)",1,98.08358527388232,28452
"(0.97934925289764, 0.9958292603453894)",1,98.0835652236657,28453
"(0.4650595238095238, 0.99)",1,98.08354743516352,28454
"(0.9177366931314298, 0.9832184229069656)",1,98.08351980148107,28455
"(0.8175446168757694, 0.9861673414304992)",1,98.08348307807972,28456
"(0.8604328321018774, 0.9861673414304992)",1,98.08330450115028,28457
"(0.9079075500409146, 0.9834113430318364)",1,98.08325205624205,28458
"(0.9748076591340348, 1.0)",2,98.0831803556163,28460
"(0.6733821733821733, 1.0)",1,98.08316345639672,28461
"(0.419237903544084, 1.0)",3,98.08302124855346,28464
"(0.419237903544084, 0.9996210215628012)",2,98.08290052752328,28466
"(0.9000617225831424, 0.9833229101521784)",2,98.082801412892,28468
"(0.8810064268049709, 0.991206314397104)",3,98.0826292616392,28471
"(0.9301209372637944, 0.9861310021084456)",1,98.08257011322318,28472
"(0.949977467563772, 0.9958292603453894)",1,98.08255572541272,28473
"(0.9029281534808432, 0.9861673414304992)",1,98.08246321457176,28474
"(0.9466127311522048, 0.991206314397104)",3,98.08231718449927,28477
"(0.8044914258149553, 0.9861310021084456)",1,98.08225939474642,28478
"(0.8587195484254307, 0.9861310021084456)",1,98.08210842429312,28479
"(0.9658790011731188, 0.9958292603453894)",1,98.08204814135544,28480
"(0.4363355778830426, 0.9987499746026686)",2,98.08203744320572,28482
"(0.6870644599303137, 0.9861310021084456)",1,98.08200637794606,28483
"(0.4566269759061861, 0.9992416608232524)",1,98.08195589815162,28484
"(0.5082177015724898, 0.9987499746026686)",1,98.08169250417473,28485
"(0.6611718926579557, 0.9861310021084456)",2,98.0816606732012,28487
"(0.8810064268049709, 0.991206314397104)",1,98.08163104717354,28488
"(0.6825396825396824, 0.9833229101521784)",2,98.08153905714885,28490
"(0.8044914258149553, 0.9861310021084456)",1,98.08153560800312,28491
"(0.7856964763329513, 0.9861673414304992)",1,98.08152887997076,28492
"(0.9000617225831424, 0.9833229101521784)",1,98.08151465531236,28493
"(0.9496114574862204, 0.9873891625615764)",1,98.08143987221996,28494
"(0.4780938228629602, 0.9937498730133428)",1,98.08129722771258,28495
"(0.8468089381754635, 1.0)",1,98.08098541600484,28496
"(0.9834113430318364, 0.9958292603453894)",2,98.08095557054553,28498
"(0.9000617225831424, 0.9833229101521784)",1,98.08091292788134,28499
"(0.9750943974852894, 0.9958292603453894)",2,98.0808370558658,28501
"(0.8653198653198653, 0.9833229101521784)",2,98.08079016487235,28503
"(0.902192297684101, 0.9861310021084456)",1,98.08074688128497,28504
"(0.4896359390280644, 0.9962497362353954)",1,98.08072940968044,28505
"(0.5137191166071107, 1.0)",1,98.08050971125472,28506
"(0.7401844059863599, 0.9861673414304992)",1,98.08047496330504,28507
"(0.9832925076188832, 0.9958292603453894)",1,98.08031664576652,28508
"(0.8942622047218923, 0.9873891625615764)",1,98.08029584331808,28509
"(0.8358530587380517, 0.9832184229069656)",1,98.08021447365972,28510
"(0.8471527473990528, 1.0)",1,98.08019210084724,28511
"(0.950175761409158, 0.9790476832523552)",1,98.08015775594896,28512
"(0.934122934122934, 0.9833229101521784)",1,98.0801336984264,28513
"(0.828966378966379, 0.9861673414304992)",1,98.08010582429952,28514
"(0.6049474374542553, 1.0)",3,98.07986290131102,28517
"(0.9503122778456484, 0.9790476832523552)",1,98.07983677681844,28518
"(0.7772049591964847, 0.9861673414304992)",1,98.07977432278436,28519
"(0.9499687304565352, 0.9833229101521784)",1,98.07970336653186,28520
"(0.8852629578963369, 0.9861673414304992)",1,98.07961632119569,28521
"(0.928597171408726, 0.9873891625615764)",1,98.07961264583378,28522
"(0.4673343159733596, 0.9974998905914936)",1,98.07946959333675,28523
"(0.9497171590194846, 0.9833229101521784)",1,98.07944110075697,28524
"(0.4369316957552253, 1.0)",1,98.07943087825788,28525
"(0.931200007971039, 0.9873891625615764)",1,98.07937513988053,28526
"(0.6736022307473716, 0.9861673414304992)",1,98.07936120850128,28527
"(0.9297326845255915, 0.9834113430318364)",1,98.07907399796407,28528
"(0.8468951683237397, 0.9833229101521784)",2,98.078893707511,28530
"(0.4590791029805835, 0.9987499746026686)",2,98.07885376545694,28532
"(0.9000617225831424, 0.9833229101521784)",2,98.07877035899746,28534
"(0.8587195484254307, 0.9861310021084456)",1,98.0787455057576,28535
"(0.8152898027898028, 0.9861673414304992)",1,98.07872989615586,28536
"(0.9153439153439156, 0.9833229101521784)",1,98.07871733680018,28537
"(0.6611718926579557, 0.9861310021084456)",1,98.07868447794912,28538
"(0.7962102115226081, 0.988167361639188)",1,98.0785816362768,28539
"(0.917283950617284, 0.9861673414304992)",1,98.07851116018492,28540
"(0.9079075500409146, 0.9790476832523552)",1,98.07828969120104,28541
"(0.8848000715856217, 0.9861673414304992)",1,98.07828396717866,28542
"(0.751080181203132, 0.9861310021084456)",1,98.07825922113366,28543
"(0.920238255356524, 0.9832925076188832)",1,98.07821474701532,28544
"(0.9242940544664684, 0.9832184229069656)",1,98.0780929567732,28545
"(0.4925733396357239, 0.9975000781372088)",1,98.07802203494651,28546
"(0.4571140259616066, 0.9962497362353954)",1,98.07793649974374,28547
"(0.8860455063826657, 0.9861673414304992)",1,98.07785833122898,28548
"(0.6611718926579557, 0.9861310021084456)",1,98.07774609023282,28549
"(0.8796475392220073, 0.9833229101521784)",2,98.07774373295366,28551
"(0.9177366931314298, 0.979166518665308)",1,98.07762660028162,28552
"(0.8876473063973064, 0.9861673414304992)",1,98.07735942173234,28553
"(0.8148308968977662, 0.9861673414304992)",1,98.0772343576166,28554
"(0.8796475392220073, 0.9833229101521784)",1,98.07722239340794,28555
"(0.8524016298728943, 0.9874762808349148)",1,98.0772197859164,28556
"(0.7235864321914881, 1.0)",1,98.07720242844192,28557
"(0.7348436174331348, 0.9861310021084456)",1,98.07714928639328,28558
"(0.8044914258149553, 0.9861310021084456)",1,98.07714199660975,28559
"(0.8344065656565657, 0.9861673414304992)",1,98.0771139242632,28560
"(0.5070372093557577, 1.0)",1,98.07702418178692,28561
"(0.7401844059863599, 0.9861673414304992)",1,98.07694015800952,28562
"(0.9297326845255915, 0.9790476832523552)",1,98.07691870743037,28563
"(0.920238255356524, 0.9832925076188832)",1,98.07690191680116,28564
"(0.9916585206907788, 0.9958292603453894)",1,98.07688894454378,28565
"(0.7780625367430922, 0.9861673414304992)",1,98.07680046133612,28566
"(0.9333333333333332, 0.9833229101521784)",1,98.0767300566464,28567
"(0.4737094237094237, 0.9861673414304992)",1,98.0767212258732,28568
"(0.8475002808673183, 0.9861673414304992)",1,98.07663587975328,28569
"(0.7516483516483518, 0.9861673414304992)",1,98.07643094427988,28570
"(0.7368760064412239, 0.9861673414304992)",2,98.07638825442388,28572
"(0.8847822547822548, 0.9861673414304992)",1,98.07625164278546,28573
"(0.8883678678403513, 0.9861673414304992)",2,98.075978330146,28575
"(0.900983347688774, 0.9861673414304992)",1,98.07589690492968,28576
"(0.4525211933060535, 0.9996210215628012)",1,98.0758719573584,28577
"(0.933096859926128, 0.9833229101521784)",1,98.0758594058451,28578
"(0.9160264866799612, 0.9861673414304992)",1,98.07583745090852,28579
"(0.9705906996229576, 0.9958292603453894)",1,98.07578329399568,28580
"(0.90224161204236, 0.9861310021084456)",1,98.07575744256516,28581
"(0.8344065656565657, 0.9861673414304992)",1,98.07553970927788,28582
"(0.9311507936507936, 0.9861673414304992)",1,98.07537480153208,28583
"(0.7997685185185185, 0.9861673414304992)",1,98.07533505343886,28584
"(0.8804215399610136, 0.991206314397104)",1,98.0753146734402,28585
"(0.7516483516483518, 0.9861673414304992)",1,98.07528124044576,28586
"(0.7942038054814895, 0.9861673414304992)",1,98.07523872387404,28587
"(0.9295946890286512, 1.0)",1,98.07521596861466,28588
"(0.564922563324656, 0.9958099132756668)",1,98.07517973473836,28589
"(0.9466127311522048, 0.991206314397104)",1,98.07513843060116,28590
"(0.9583930063253372, 1.0)",1,98.0750498102708,28591
"(0.436911946168762, 0.9996210215628012)",3,98.0749308811863,28594
"(0.8587195484254307, 0.9861310021084456)",1,98.07481674863313,28595
"(0.7090909090909091, 0.9833229101521784)",2,98.07461071235144,28597
"(0.3506832674571805, 0.9988619159967322)",1,98.0745643722207,28598
"(0.6870644599303137, 0.9861310021084456)",1,98.07454652686268,28599
"(0.944120583717358, 0.979166518665308)",1,98.07447777359916,28600
"(0.861111111111111, 0.9833229101521784)",1,98.07423515872036,28601
"(0.9307008053852626, 0.9861673414304992)",1,98.07416073719182,28602
"(0.8883678678403513, 0.9861673414304992)",1,98.07391418870117,28603
"(0.8743078626799556, 0.9861310021084456)",1,98.0738468338322,28604
"(0.9303715638302106, 0.986081059422206)",1,98.0738373059702,28605
"(0.944653051926493, 0.9832184229069656)",1,98.07359545552588,28606
"(0.8810064268049709, 0.991206314397104)",3,98.07345038663632,28609
"(0.4997347908306813, 0.9861673414304992)",1,98.07329772055206,28610
"(0.97495917428555, 0.9958292603453894)",2,98.07313887767936,28612
"(0.5082177015724898, 0.9987499746026686)",3,98.07303809840296,28615
"(0.9299160159815896, 0.9861673414304992)",1,98.07295832486273,28616
"(0.5123851706036745, 1.0)",1,98.0728889883159,28617
"(0.8810064268049709, 0.991206314397104)",3,98.07284704722912,28620
"(0.4724538701233134, 0.9975000781372088)",1,98.07284682975596,28621
"(0.9244352123384382, 0.9832925076188832)",1,98.0727101272205,28622
"(0.971023600055858, 0.9958292603453894)",1,98.07269713574176,28623
"(0.6444891298012474, 0.9861310021084456)",1,98.07262612715763,28624
"(0.6444891298012474, 0.9861310021084456)",2,98.0725335880774,28626
"(0.9057330122004186, 0.991206314397104)",1,98.07251683110384,28627
"(0.8732774170274171, 0.986081059422206)",1,98.0723294236186,28628
"(0.9616410906733488, 0.9958292603453894)",1,98.07231799835698,28629
"(0.5070372093557577, 1.0)",1,98.07215239214452,28630
"(0.8874191651969431, 0.9861673414304992)",1,98.0721243926528,28631
"(0.927082576248316, 0.9832184229069656)",1,98.07207184857508,28632
"(0.923664469066768, 0.9873891625615764)",1,98.0720144955802,28633
"(0.975195619792394, 0.9958292603453894)",2,98.0718063169425,28635
"(0.9536653605723816, 0.9958292603453894)",1,98.07167385533248,28636
"(0.9466127311522048, 0.991206314397104)",1,98.07147650467492,28637
"(0.944120583717358, 0.9834113430318364)",1,98.07132324534906,28638
"(0.8318290279074593, 0.9861673414304992)",1,98.07121388871954,28639
"(0.7580266955266955, 0.9861673414304992)",1,98.07109619394842,28640
"(0.6813936996863826, 0.9861673414304992)",2,98.0710359761262,28642
"(0.8883034087952121, 0.9861310021084456)",1,98.07095788191364,28643
"(0.4571140259616066, 0.9974998905914936)",1,98.07094183060288,28644
"(0.8982888105990573, 0.9832925076188832)",1,98.07081369624731,28645
"(0.9153439153439156, 0.9833229101521784)",1,98.07071990617528,28646
"(0.8071948928825261, 0.9861673414304992)",1,98.07062751124184,28647
"(0.9706172005998612, 0.9958292603453894)",2,98.07061924206994,28649
"(0.9466127311522048, 0.991206314397104)",3,98.07043656592414,28652
"(0.9244352123384382, 0.9834113430318364)",1,98.07029865377748,28653
"(0.6526770767943084, 0.9861673414304992)",1,98.070094284709,28654
"(0.9017715617715616, 0.9861673414304992)",1,98.070014063044,28655
"(0.9029281534808432, 0.9861673414304992)",1,98.06990444954036,28656
"(0.900838851006521, 0.9832925076188832)",1,98.06977550196332,28657
"(0.7772049591964847, 0.9861673414304992)",1,98.06976337114224,28658
"(0.8753086419753084, 0.9861310021084456)",1,98.06975461649658,28659
"(0.9028964862298196, 0.9861673414304992)",1,98.0695681369486,28660
"(0.9153439153439152, 1.0)",1,98.0695034015947,28661
"(0.7524760273298283, 0.991206314397104)",1,98.06937545033124,28662
"(0.9669558693467613, 0.9958292603453894)",1,98.06935203761206,28663
"(0.9666463017269468, 0.9834113430318364)",1,98.0692921504154,28664
"(0.7223947550034506, 0.9861310021084456)",1,98.0691861057094,28665
"(0.765692887308966, 0.9861310021084456)",1,98.0691692092443,28666
"(0.1523541666666666, 0.9988619159967322)",3,98.0691456551759,28669
"(0.8734313112361893, 0.9861673414304992)",1,98.06911952236756,28670
"(0.9079075500409146, 0.9832925076188832)",1,98.0690250650905,28671
"(0.9026337658413128, 0.9861673414304992)",2,98.068947161461,28673
"(0.476767449342614, 0.9984817852901372)",3,98.0686767261891,28676
"(0.7516483516483518, 0.9861673414304992)",1,98.0684495850038,28677
"(0.7903875985986362, 1.0)",1,98.06842537523856,28678
"(0.4407055363375315, 0.9949997811829872)",1,98.06838609511044,28679
"(0.9295946890286512, 1.0)",1,98.06836039486753,28680
"(0.9503122778456484, 0.9790476832523552)",1,98.06830892420616,28681
"(0.8124923632552741, 0.9861673414304992)",1,98.06825427765769,28682
"(0.9792773561037318, 1.0)",1,98.06793789971684,28683
"(0.8735553405364725, 0.9861310021084456)",1,98.06788178526874,28684
"(0.5143013281486798, 0.9899995623659744)",1,98.06768842184763,28685
"(0.5169410170491575, 1.0)",3,98.06744851321798,28688
"(0.3974337753332183, 1.0)",3,98.06739343417284,28691
"(0.6870644599303137, 0.9861310021084456)",1,98.06735691269496,28692
"(0.7401844059863599, 0.9861673414304992)",1,98.06701262849566,28693
"(0.2710113076866549, 0.9992416608232524)",3,98.06691854063966,28696
"(0.9833229101521784, 0.9833229101521784)",1,98.06681079046426,28697
"(0.944120583717358, 0.9790476832523552)",1,98.06679785253424,28698
"(0.8218185392856778, 0.9861673414304992)",1,98.06657771200446,28699
"(0.4499384836938269, 0.9962501582231502)",1,98.06638174413506,28700
"(0.8016677935542034, 0.9833229101521784)",1,98.06636716999496,28701
"(0.4994316028798788, 1.0)",1,98.06615437602548,28702
"(0.9874762808349148, 0.9958292603453894)",1,98.06608868955328,28703
"(0.4790513120764785, 0.9987499746026686)",1,98.06596340789235,28704
"(0.4508193203901878, 0.9962497362353954)",1,98.06580689241235,28705
"(0.7294281157362763, 1.0)",1,98.06578020211536,28706
"(0.8449978636391381, 0.9882048106149588)",1,98.06573568438608,28707
"(0.979166518665308, 1.0)",1,98.0656687450446,28708
"(0.8475002808673183, 0.9861673414304992)",1,98.06547817588644,28709
"(0.4987711467817516, 0.9962501582231502)",2,98.06533884312844,28711
"(0.6767580302172832, 0.9861310021084456)",1,98.0653276862259,28712
"(0.9153439153439156, 0.9833229101521784)",3,98.06523834667084,28715
"(0.7280584513944579, 0.9861673414304992)",1,98.065088691347,28716
"(0.8860455063826657, 0.9861673414304992)",1,98.06497767231052,28717
"(0.8687499999999999, 0.988167361639188)",1,98.06493592185612,28718
"(0.6736022307473716, 0.9861673414304992)",1,98.06479856421925,28719
"(0.9026337658413128, 0.9861673414304992)",1,98.06474083664769,28720
"(0.5466837142306626, 0.9861673414304992)",2,98.06471297680892,28722
"(0.94291309888229, 0.991206314397104)",1,98.06456381785276,28723
"(0.6870644599303137, 0.9861310021084456)",1,98.0644235509236,28724
"(0.6892156862745098, 0.9861673414304992)",1,98.06439659527727,28725
"(0.8085259100433108, 0.9861673414304992)",1,98.06438878949758,28726
"(0.8743078626799556, 0.9861310021084456)",1,98.06438057258389,28727
"(0.9833229101521784, 1.0)",1,98.06430774044674,28728
"(0.7651777469990767, 0.991206314397104)",1,98.06423062995418,28729
"(0.8810064268049709, 0.991206314397104)",2,98.06422837893308,28731
"(0.7368760064412239, 0.9861673414304992)",1,98.06413678726769,28732
"(0.9230468061350414, 0.979166518665308)",2,98.0640831510069,28734
"(0.6049474374542553, 1.0)",3,98.06392483741446,28737
"(0.4923104882535888, 0.9950001562744178)",2,98.06381087819652,28739
"(0.9172008547008548, 0.9861673414304992)",1,98.0637574615262,28740
"(0.7280584513944579, 0.9861673414304992)",1,98.06367731796344,28741
"(0.6870644599303137, 0.9861310021084456)",1,98.0636612803201,28742
"(0.8733799478600891, 0.9834113430318364)",1,98.06357441214271,28743
"(0.8579868984630887, 0.9861673414304992)",1,98.06353147571832,28744
"(0.9539751547184644, 0.9832462877624168)",1,98.06352598018536,28745
"(0.8871966240387292, 0.9861673414304992)",1,98.06319639347726,28746
"(0.9008025849489264, 0.9833229101521784)",1,98.06315656245056,28747
"(0.7823116219667945, 0.9861673414304992)",1,98.06307371615068,28748
"(0.8733799478600891, 0.9832925076188832)",1,98.06301499669212,28749
"(0.9244352123384382, 0.9834113430318364)",1,98.06293071457806,28750
"(0.8247905643738976, 0.986081059422206)",1,98.0628253824393,28751
"(0.9750780096985032, 0.9958292603453894)",1,98.06270867808362,28752
"(0.7516483516483518, 0.9861673414304992)",1,98.06243071340096,28753
"(0.6749447402728794, 0.9861310021084456)",1,98.06235727871258,28754
"(0.7401844059863599, 0.9861673414304992)",1,98.06225389376831,28755
"(0.8288781777971894, 0.9861673414304992)",1,98.06220501703612,28756
"(0.8308201058201059, 0.9861673414304992)",1,98.06182215259034,28757
"(0.9439903127537536, 0.9832184229069656)",1,98.06159001065583,28758
"(0.934065934065934, 0.9833229101521784)",1,98.06154491398398,28759
"(0.927082576248316, 0.9790476832523552)",2,98.06152544350932,28761
"(0.9250222656674272, 0.9958292603453894)",1,98.06149992427171,28762
"(0.7823116219667945, 0.9861673414304992)",1,98.06127380809538,28763
"(0.8294970161977834, 0.9833229101521784)",1,98.061243983948,28764
"(0.5066927083333332, 0.99249924969988)",1,98.06120493613548,28765
"(0.8631918334993627, 0.9833229101521784)",1,98.06099714835996,28766
"(0.9582210352371644, 0.9958292603453894)",1,98.0609043252372,28767
"(0.902898027898028, 0.9861310021084456)",1,98.06085138106867,28768
"(0.4925285484808521, 0.9962497362353954)",1,98.06070205057571,28769
"(0.6870644599303137, 0.9861310021084456)",1,98.06045793587634,28770
"(0.506032156862745, 0.9962501582231502)",2,98.0604203958537,28772
"(0.8796475392220073, 0.9833229101521784)",1,98.06032332708654,28773
"(0.8874191651969431, 0.9861673414304992)",1,98.06026480662474,28774
"(0.8152898027898028, 0.9861673414304992)",1,98.06024942331874,28775
"(0.9623066688389268, 0.9958292603453894)",1,98.0601917381726,28776
"(0.6427519820376963, 1.0)",3,98.0600857367273,28779
"(0.9658159033159032, 0.9958292603453894)",1,98.05995928400708,28780
"(0.9750943974852894, 0.9958292603453894)",1,98.05987210160652,28781
"(0.7280584513944579, 0.9861673414304992)",1,98.05984604316698,28782
"(0.4997347908306813, 0.9861673414304992)",1,98.05965154234764,28783
"(0.9153439153439156, 0.9833229101521784)",1,98.0596281351802,28784
"(0.920238255356524, 0.9832184229069656)",2,98.05958333005984,28786
"(0.9154520780570968, 0.9832462877624168)",1,98.05954838059483,28787
"(0.7204751921733054, 1.0)",1,98.05948801375013,28788
"(0.4743478079735079, 0.9988619159967322)",1,98.05947639313894,28789
"(0.5061654456041751, 0.9975000781372088)",1,98.05942966578452,28790
"(0.4407055363375315, 0.9974998905914936)",1,98.05938323242624,28791
"(0.8193928901539049, 0.9870601047071634)",1,98.0593808093794,28792
"(0.7372334455667788, 1.0)",1,98.05918084050916,28793
"(0.8491340807583629, 0.9861673414304992)",2,98.05910941509902,28795
"(0.950175761409158, 0.9834113430318364)",1,98.05904026824574,28796
"(0.8148308968977662, 0.9861673414304992)",1,98.05902463243928,28797
"(0.8716153127917834, 0.9861673414304992)",1,98.05897513083823,28798
"(0.7823116219667945, 0.9861673414304992)",1,98.0589069179207,28799
"(0.7997685185185185, 0.9861673414304992)",1,98.0588478605884,28800
"(0.8475002808673183, 0.9861673414304992)",2,98.05883581980125,28802
"(0.3929204539802519, 0.9992416608232524)",1,98.05877963470653,28803
"(0.8579868984630887, 0.9861673414304992)",1,98.0587660505314,28804
"(0.4997347908306813, 0.9861673414304992)",1,98.0587517433158,28805
"(0.8010054664946871, 0.9861673414304992)",1,98.058582706283,28806
"(0.4560299578482537, 0.9899983116452704)",1,98.05857561312077,28807
"(0.9017715617715616, 0.9861673414304992)",1,98.05847190108295,28808
"(0.8533622685185187, 1.0)",1,98.05836977261774,28809
"(0.8871966240387292, 0.9861673414304992)",2,98.05832316918064,28811
"(0.5145696010475885, 0.9861310021084456)",2,98.05828831913088,28813
"(0.6892156862745098, 0.9861673414304992)",1,98.05819490558588,28814
"(0.8937718863178524, 0.9832184229069656)",1,98.05813291789288,28815
"(0.9834113430318364, 0.9958292603453894)",1,98.05803531209604,28816
"(0.7090909090909091, 0.9833229101521784)",1,98.0579336225036,28817
"(0.5082177015724898, 0.9987499746026686)",2,98.0577470727777,28819
"(0.8128971639097002, 0.9870601047071634)",3,98.05761566555267,28822
"(0.6636745887678723, 1.0)",1,98.05752383910728,28823
"(1.0, 0.9833229101521784)",1,98.05748995279276,28824
"(0.9155669599217986, 0.9861310021084456)",1,98.05721979539054,28825
"(0.440594458995568, 0.9975000781372088)",1,98.05721366601932,28826
"(0.6813936996863826, 0.9861673414304992)",1,98.0571805617068,28827
"(0.8734313112361893, 0.9861673414304992)",1,98.057131810859,28828
"(0.8044630192412094, 0.9834113430318364)",1,98.0570771293405,28829
"(0.9029281534808432, 0.9861673414304992)",1,98.05703468092692,28830
"(0.9582210352371644, 0.9958292603453894)",2,98.0567825574859,28832
"(0.8425483191745751, 0.9882048106149588)",1,98.0562387714634,28833
"(0.5450348040348041, 0.9977203590215908)",1,98.05607823344975,28834
"(0.871086138858059, 0.9861310021084456)",1,98.0559914189015,28835
"(0.8148308968977662, 0.9861673414304992)",2,98.05594084814167,28837
"(0.944563492063492, 1.0)",2,98.05580702670656,28839
"(0.987463247273494, 0.9958292603453894)",1,98.05565471346598,28840
"(0.8315995778682346, 0.9861673414304992)",1,98.0556072870402,28841
"(0.4921211569947243, 0.9975000781372088)",1,98.05560082192548,28842
"(0.7580266955266955, 0.9861673414304992)",1,98.05536678180783,28843
"(0.7802197802197803, 1.0)",1,98.0553631639095,28844
"(0.975195619792394, 0.9958292603453894)",1,98.05527621019873,28845
"(0.5469648740045486, 0.9984817852901372)",1,98.05520471636274,28846
"(0.97495917428555, 0.9958292603453894)",1,98.05513552061537,28847
"(0.9748076591340348, 1.0)",1,98.0548929021925,28848
"(0.9244352123384382, 0.9834113430318364)",1,98.05489179313528,28849
"(0.5123851706036745, 1.0)",3,98.05473150635116,28852
"(0.8596618357487924, 0.9861673414304992)",1,98.0545918674518,28853
"(0.8958208965097509, 0.9916585206907788)",1,98.05444819606195,28854
"(0.9440529448756316, 0.9861673414304992)",1,98.0543733038574,28855
"(0.5316580479583238, 0.9912498222186796)",1,98.0543321900781,28856
"(0.9958292603453894, 0.9958292603453894)",1,98.05432891635904,28857
"(0.8208353559736048, 0.9861673414304992)",1,98.0542522324868,28858
"(0.751080181203132, 0.9861673414304992)",1,98.05412631849757,28859
"(0.7997685185185185, 0.9861673414304992)",1,98.05409902126088,28860
"(0.9150951439170806, 0.9832925076188832)",1,98.05384103618414,28861
"(0.9372650231764934, 0.9832462877624168)",2,98.05381649204604,28863
"(0.950175761409158, 0.979166518665308)",1,98.05380898420654,28864
"(0.8344065656565657, 0.9861673414304992)",2,98.05380541070504,28866
"(0.9177366931314298, 0.9832184229069656)",1,98.05377325176356,28867
"(0.4935497074925994, 0.99499949979992)",2,98.05337933478076,28869
"(0.8880748880748881, 0.9861310021084456)",1,98.0533322503436,28870
"(0.5312235853879125, 0.9912493845492556)",1,98.05331320325814,28871
"(0.9000617225831424, 0.9833229101521784)",1,98.05315232338612,28872
"(0.9000617225831424, 0.9833229101521784)",1,98.05306878119733,28873
"(0.4776877676981033, 0.9992416608232524)",1,98.05281014741362,28874
"(0.927082576248316, 0.9834113430318364)",1,98.05279377775064,28875
"(0.9008627640703112, 0.986081059422206)",1,98.0527252075278,28876
"(0.6749447402728794, 0.9861310021084456)",1,98.05267148035618,28877
"(0.8467467233807103, 0.9861673414304992)",1,98.05266314357358,28878
"(0.8374727668845315, 0.9833229101521784)",1,98.05264797820868,28879
"(0.765692887308966, 0.9861310021084456)",1,98.05255518917812,28880
"(0.9622634791942192, 0.9958292603453894)",1,98.05251504536984,28881
"(0.8491340807583629, 0.9861673414304992)",1,98.05248902062952,28882
"(0.8358530587380517, 0.9790476832523552)",2,98.0524524826675,28884
"(0.8622520112492773, 0.983305541180304)",1,98.05241547627122,28885
"(0.962699692780338, 0.9958292603453894)",1,98.05239595686292,28886
"(0.73687720936437, 0.9833229101521784)",1,98.05232389361726,28887
"(0.492807005588115, 0.9987499746026686)",2,98.05226460078468,28889
"(0.9017715617715616, 0.9861673414304992)",1,98.0522240586385,28890
"(0.9497171590194846, 1.0)",1,98.05218317912812,28891
"(0.8871966240387292, 0.9861673414304992)",1,98.05214195054994,28892
"(0.9299160159815896, 1.0)",1,98.05191298658198,28893
"(0.9674564520532262, 0.9958292603453894)",1,98.051846249728,28894
"(0.8016677935542034, 0.9833229101521784)",4,98.0518424266557,28898
"(0.3354976707716434, 0.9984817852901372)",3,98.05178343573286,28901
"(0.8128971639097002, 0.9870601047071634)",1,98.0517786249212,28902
"(0.7348436174331348, 0.9861673414304992)",1,98.05156444630232,28903
"(0.9622634791942192, 0.9958292603453894)",1,98.05153139972695,28904
"(0.92132700797001, 0.9832184229069656)",1,98.05152348517564,28905
"(0.8044914258149553, 0.9861310021084456)",1,98.05139385297836,28906
"(0.5691285978493195, 0.9925)",1,98.051232168093,28907
"(0.934065934065934, 0.9833229101521784)",1,98.0512065089122,28908
"(0.3434871832287562, 0.9975000781372088)",3,98.05114110059282,28911
"(0.9503122778456484, 0.9834113430318364)",1,98.05107101619672,28912
"(0.8874191651969431, 0.9861673414304992)",1,98.05105329007768,28913
"(0.9042972684892356, 0.9873891625615764)",1,98.051017888764,28914
"(0.8805377184744008, 0.9832184229069656)",1,98.0509805800832,28915
"(0.8016677935542034, 0.9833229101521784)",2,98.05067915430696,28917
"(0.8751897860593512, 0.9861673414304992)",1,98.05067216574186,28918
"(0.927082576248316, 0.9832184229069656)",1,98.05063752152272,28919
"(0.4603282383880727, 0.9987499746026686)",1,98.05060922983402,28920
"(0.5522792022792022, 1.0)",1,98.0505565189442,28921
"(0.9019292060258446, 0.9861673414304992)",2,98.05047687849438,28923
"(0.8056354979267693, 0.9861310021084456)",1,98.05038232315182,28924
"(0.7368760064412239, 0.9861673414304992)",1,98.05032188267096,28925
"(0.7368760064412239, 0.9861673414304992)",1,98.05029953506616,28926
"(0.4925285484808521, 0.9949997811829872)",1,98.05023034662142,28927
"(0.8902783631946863, 0.9861673414304992)",1,98.05019219975152,28928
"(0.90224161204236, 0.9861310021084456)",1,98.05011813703494,28929
"(0.8687499999999999, 0.988167361639188)",1,98.05008822703697,28930
"(0.9160868648534682, 0.9861310021084456)",1,98.05008728460882,28931
"(0.5135815048525069, 1.0)",3,98.04990523846656,28934
"(0.9154520780570968, 0.9832184229069656)",1,98.04978799876,28935
"(0.97934925289764, 0.9958292603453894)",1,98.04966111321912,28936
"(0.5031664774226227, 1.0)",1,98.04953821175346,28937
"(0.9310483384791604, 0.9861673414304992)",1,98.04947466707708,28938
"(0.9497171590194848, 0.9833229101521784)",1,98.0494554213594,28939
"(0.5004274455385378, 0.9975000781372088)",1,98.04941738544925,28940
"(0.8318290279074593, 0.9861673414304992)",1,98.04912955191232,28941
"(0.8753086419753084, 0.9861310021084456)",1,98.04902265189509,28942
"(0.7742295620819575, 1.0)",3,98.04897656292512,28945
"(0.8871966240387292, 0.9861673414304992)",1,98.04896600051364,28946
"(0.7772049591964847, 0.9861673414304992)",1,98.04895714716382,28947
"(0.9459160985885124, 0.979166518665308)",1,98.04889342194916,28948
"(0.5187734941865547, 0.9861310021084456)",1,98.04885575693264,28949
"(0.6749447402728794, 0.9861310021084456)",1,98.04859514712112,28950
"(0.893146638589877, 1.0)",1,98.04845127939618,28951
"(0.7404350561362756, 0.9861673414304992)",1,98.04842621118462,28952
"(0.861111111111111, 0.9833229101521784)",1,98.04841830415722,28953
"(0.492807005588115, 0.9987499746026686)",1,98.04820070449811,28954
"(0.7042648709315374, 1.0)",2,98.0479069059635,28956
"(0.7374768177381903, 0.991206314397104)",1,98.04788967717936,28957
"(0.7855494505494506, 0.9870601047071634)",1,98.04780327458684,28958
"(0.8218185392856778, 0.9861673414304992)",1,98.0477720469844,28959
"(0.6430200463634697, 1.0)",1,98.04767078775438,28960
"(0.8222222222222222, 0.9833229101521784)",1,98.04762369701125,28961
"(0.865581803207783, 0.991206314397104)",1,98.04757972563266,28962
"(0.3930894945067609, 0.9987499746026686)",3,98.04750845098356,28965
"(0.6444891298012474, 0.9861310021084456)",1,98.0474815310222,28966
"(0.92132700797001, 0.9790476832523552)",1,98.04746495248963,28967
"(0.8653198653198653, 0.9833229101521784)",1,98.0473748787641,28968
"(0.7708796965987909, 0.9861673414304992)",1,98.0473449809004,28969
"(0.4737094237094237, 0.9861673414304992)",1,98.04730869275284,28970
"(0.9707136080238548, 0.9958292603453894)",1,98.04726252038228,28971
"(0.9751539794803552, 0.9958292603453894)",1,98.04712715666804,28972
"(0.846098299557419, 0.9861673414304992)",1,98.04710912455973,28973
"(0.7823116219667945, 0.9861673414304992)",1,98.04708336887232,28974
"(0.8329339143064635, 0.9861673414304992)",2,98.04702606208524,28976
"(0.3222746438026621, 0.9996210215628012)",3,98.0470022362071,28979
"(0.828966378966379, 0.9861673414304992)",1,98.04692101706888,28980
"(0.4684544892656223, 0.9912493845492556)",1,98.046903992744,28981
"(0.8604306971015356, 0.9861673414304992)",1,98.04665227691652,28982
"(0.65904316963639, 0.9861673414304992)",1,98.04664594408236,28983
"(0.6444891298012474, 0.9861310021084456)",1,98.04659391562652,28984
"(0.9000617225831424, 0.9833229101521784)",1,98.04659033990022,28985
"(0.9831777451938742, 0.9958292603453894)",1,98.0465425916346,28986
"(0.9751539794803552, 0.9958292603453894)",1,98.0464974532416,28987
"(0.789994229453279, 0.9861673414304992)",1,98.04646494625318,28988
"(0.9154520780570968, 0.9832184229069656)",1,98.04645010952125,28989
"(0.9369808292429718, 0.9958292603453894)",1,98.04643606279755,28990
"(0.507482960719107, 0.9987499746026686)",2,98.04639660778903,28992
"(0.4923104882535888, 0.9974998905914936)",1,98.04637684025332,28993
"(0.987491854024112, 0.9958292603453894)",1,98.04634627040797,28994
"(0.6435039149365576, 1.0)",1,98.04632979115208,28995
"(0.9460547122074636, 0.9832462877624168)",1,98.04630155434413,28996
"(0.6050868628167587, 0.9973390598305516)",1,98.04620159013794,28997
"(0.4737094237094237, 0.9861673414304992)",1,98.04617716177272,28998
"(0.9748850895736324, 0.9958292603453894)",1,98.0461359653364,28999
"(0.5653720867261718, 1.0)",3,98.04607999564404,29002
"(0.9164187516971112, 0.9790755481078062)",1,98.04591826094313,29003
"(0.930124456440246, 0.9861673414304992)",1,98.04583663906222,29004
"(0.4594704236610712, 0.9962497362353954)",1,98.0457990145124,29005
"(0.9153439153439156, 0.9833229101521784)",2,98.04578800154526,29007
"(0.4969142454915911, 0.9987499746026686)",3,98.04574427786632,29010
"(0.4497336854186499, 0.9984817852901372)",1,98.04572641423964,29011
"(0.8468951683237397, 0.9833229101521784)",1,98.04556037417768,29012
"(0.8976982097186702, 0.9833229101521784)",1,98.0453700893812,29013
"(0.9102539775554236, 0.9832184229069656)",1,98.04535955996118,29014
"(0.991777356103732, 0.9958292603453894)",1,98.04517068831554,29015
"(0.902898027898028, 0.9861310021084456)",2,98.04516237910832,29017
"(0.5125482777789916, 0.9861673414304992)",1,98.04507784283052,29018
"(0.9153439153439156, 0.9833229101521784)",2,98.0448726350016,29020
"(0.8468951683237397, 0.9833229101521784)",1,98.04484274919818,29021
"(0.8175446168757694, 0.9861673414304992)",1,98.04476511609003,29022
"(0.950297813353496, 0.9958292603453894)",2,98.04471538940892,29024
"(0.7401844059863599, 0.9861673414304992)",1,98.04453926340526,29025
"(0.8653198653198653, 0.9833229101521784)",1,98.04447632432232,29026
"(0.6992775742775743, 0.9861673414304992)",1,98.0444098748861,29027
"(0.8148308968977662, 0.9861673414304992)",1,98.0443325519371,29028
"(0.9310483384791604, 0.9861673414304992)",1,98.04422696065068,29029
"(0.8883678678403513, 0.9861673414304992)",2,98.04408837219708,29031
"(0.9153439153439156, 0.9833229101521784)",2,98.04407040763002,29033
"(0.7401844059863599, 0.9861673414304992)",1,98.04397370887024,29034
"(0.9580331374974232, 1.0)",1,98.04394363509928,29035
"(0.9751539794803552, 0.9958292603453894)",2,98.04392745427562,29037
"(0.8344065656565657, 0.9861673414304992)",1,98.04385520849114,29038
"(0.9019292060258446, 0.9861673414304992)",1,98.043834697543,29039
"(0.8318290279074593, 0.9861673414304992)",1,98.0437204756998,29040
"(0.8796475392220073, 0.9833229101521784)",1,98.04365584204876,29041
"(0.6992775742775743, 0.9861673414304992)",2,98.04365338757214,29043
"(0.9026337658413128, 0.9861673414304992)",1,98.04361034368394,29044
"(0.6326954876802936, 0.9861673414304992)",2,98.04333695911778,29046
"(0.987463247273494, 0.9958292603453894)",1,98.04333184532736,29047
"(0.9832965806068272, 1.0)",1,98.0430289848195,29048
"(0.8947046219773493, 0.988167361639188)",1,98.04276622072013,29049
"(0.97934925289764, 0.9958292603453894)",1,98.04264449523356,29050
"(0.523180676451683, 1.0)",1,98.04253838501027,29051
"(0.8315995778682346, 0.9861673414304992)",1,98.04253549937326,29052
"(0.8976982097186702, 1.0)",1,98.04250152830778,29053
"(0.6324707692241994, 0.9861673414304992)",1,98.04245166880304,29054
"(0.8567929292929293, 0.9861310021084456)",1,98.0424404808272,29055
"(0.6130383867255785, 1.0)",1,98.04242630966598,29056
"(0.6576105142655866, 0.9996210215628012)",1,98.0424078808228,29057
"(0.5153209052589321, 0.9962497362353954)",2,98.04237880749568,29059
"(0.4935497074925994, 0.9975)",1,98.04222887691058,29060
"(0.7348436174331348, 0.9861673414304992)",1,98.04221916118156,29061
"(0.2556151641612986, 0.9992416608232524)",3,98.04208132006846,29064
"(0.9050734423340914, 0.979166518665308)",1,98.04190245732852,29065
"(0.9029281534808432, 0.9861673414304992)",1,98.04179818457396,29066
"(0.8883678678403513, 0.9861673414304992)",1,98.04175689381104,29067
"(0.9707071808622552, 0.9958292603453894)",1,98.04175506077848,29068
"(0.5240189293380408, 1.0)",1,98.0416260131634,29069
"(0.6215073982652175, 0.9882048106149588)",1,98.04150098912956,29070
"(0.4553345256344744, 0.9987499746026686)",1,98.04113432396348,29071
"(0.6515958472021928, 0.9912498222186796)",1,98.0411106528127,29072
"(0.8885714285714285, 1.0)",1,98.04103848325012,29073
"(0.8753086419753084, 0.9861310021084456)",1,98.04103021753764,29074
"(0.966586548597934, 0.9832462877624168)",1,98.04100316034692,29075
"(0.4936062160591765, 0.9996210215628012)",1,98.04069494479089,29076
"(0.8420013166556946, 0.9833229101521784)",1,98.04062482978502,29077
"(0.8420013166556946, 0.9833229101521784)",1,98.04054113085664,29078
"(0.9580331374974232, 1.0)",1,98.04036116763928,29079
"(0.8876473063973064, 0.9861673414304992)",1,98.04035899805083,29080
"(0.944120583717358, 0.9832925076188832)",1,98.04031638249204,29081
"(0.6049474374542553, 1.0)",1,98.04026307459584,29082
"(0.8579868984630887, 0.9861673414304992)",1,98.04016634851452,29083
"(0.6870644599303137, 0.9861310021084456)",2,98.03994032500631,29085
"(0.7344692811916678, 1.0)",1,98.0399155812277,29086
"(0.9230468061350414, 0.9832184229069656)",1,98.03969346348572,29087
"(0.8804215399610136, 0.991206314397104)",1,98.03959416394994,29088
"(0.9666666666666668, 0.9833229101521784)",1,98.03957905082314,29089
"(0.9497171590194848, 0.9833229101521784)",1,98.03919234298124,29090
"(0.8344065656565657, 0.9861673414304992)",1,98.03913179226063,29091
"(0.3317695658368551, 0.9992416608232524)",1,98.03908271869156,29092
"(0.8976982097186702, 0.9833229101521784)",1,98.0390799772879,29093
"(0.940928587432546, 0.979166518665308)",1,98.03905599115456,29094
"(0.4777955536474655, 0.9977203590215908)",1,98.03883374239192,29095
"(0.9153439153439156, 0.9833229101521784)",3,98.03873427680765,29098
"(0.8733799478600891, 0.9832925076188832)",1,98.03869433439816,29099
"(0.8425483191745751, 0.9882048106149588)",1,98.0386333251048,29100
"(0.90224161204236, 0.9861310021084456)",1,98.03840586471772,29101
"(0.7280584513944579, 0.9861673414304992)",1,98.03818735178488,29102
"(0.599744651595403, 1.0)",3,98.03818623356752,29105
"(0.8491340807583629, 0.9861673414304992)",1,98.03777153038384,29106
"(0.9586562930696936, 0.9790476832523552)",2,98.03773537289648,29108
"(0.5123851706036745, 0.9992431829362568)",3,98.03765027744504,29111
"(0.5398840942160625, 1.0)",2,98.03764979911622,29113
"(0.8478418336329888, 0.991206314397104)",3,98.03760253197228,29116
"(0.5511377115558892, 1.0)",3,98.03746632413032,29119
"(0.9833229101521784, 0.9833229101521784)",1,98.03743776731312,29120
"(0.8753086419753084, 0.9861310021084456)",1,98.0371246833013,29121
"(0.940928587432546, 0.9790476832523552)",1,98.03705620836682,29122
"(0.934122934122934, 0.9833229101521784)",1,98.03696546315292,29123
"(1.0, 0.9958292603453894)",1,98.03693238309332,29124
"(0.4921211569947243, 0.9975000781372088)",1,98.0368971599708,29125
"(0.8882639452834942, 0.9834113430318364)",1,98.0368724497295,29126
"(0.8716153127917834, 0.9861673414304992)",2,98.03686997286704,29128
"(0.5466837142306626, 0.9861673414304992)",1,98.0368654144269,29129
"(0.9789546069211384, 0.9916666666666668)",1,98.03680705508106,29130
"(0.9669795885118464, 0.9958292603453894)",1,98.03660772948734,29131
"(0.8897212867434523, 0.9834113430318364)",1,98.0365844158218,29132
"(0.7368760064412239, 0.9861673414304992)",1,98.03657223067866,29133
"(0.4724538701233134, 0.9962501582231502)",1,98.036543721395,29134
"(0.9011810599946194, 0.9861673414304992)",1,98.03653674053244,29135
"(0.846098299557419, 0.9861673414304992)",1,98.03648438094451,29136
"(0.5466837142306626, 0.9861673414304992)",1,98.036471512877,29137
"(0.8175446168757694, 0.9861673414304992)",1,98.03645974121758,29138
"(0.902192297684101, 0.9861310021084456)",1,98.03644270766983,29139
"(0.8300265307680562, 1.0)",1,98.03636318388976,29140
"(0.9177366931314298, 0.987463247273494)",1,98.0361303627393,29141
"(0.9153439153439156, 0.9833229101521784)",1,98.03608368735996,29142
"(0.5478924718653392, 1.0)",1,98.03606441675105,29143
"(0.8666666666666667, 0.9833229101521784)",1,98.03596343862148,29144
"(0.5466837142306626, 0.9861673414304992)",1,98.03585415820277,29145
"(0.8753086419753084, 0.9861310021084456)",1,98.0358243388232,29146
"(0.917283950617284, 0.9861673414304992)",1,98.03577971754603,29147
"(0.865581803207783, 0.991206314397104)",1,98.03545626921148,29148
"(0.9958292603453894, 0.9958292603453894)",2,98.03543355826676,29150
"(0.9057330122004186, 0.991206314397104)",3,98.03523659837752,29153
"(0.8604306971015356, 0.9861673414304992)",2,98.0351994172106,29155
"(0.9230468061350414, 0.9832925076188832)",1,98.03508822185124,29156
"(0.9384174012481092, 0.9958292603453894)",1,98.03507974185872,29157
"(0.944120583717358, 0.9790476832523552)",2,98.034875373775,29159
"(0.8124923632552741, 0.9861673414304992)",1,98.0348390062734,29160
"(0.7280584513944579, 0.9861673414304992)",1,98.03477801802956,29161
"(0.8194074731341813, 0.9861673414304992)",1,98.03477276535384,29162
"(0.8937718863178524, 0.9832184229069656)",1,98.03476335374462,29163
"(0.8344065656565657, 0.9861673414304992)",1,98.03475124355778,29164
"(0.8358530587380517, 0.9832925076188832)",1,98.03460886353103,29165
"(0.6992775742775743, 0.9861673414304992)",1,98.03451985332636,29166
"(0.8491340807583629, 0.9861673414304992)",1,98.034424609333,29167
"(0.7780625367430922, 0.9861673414304992)",1,98.03437114465387,29168
"(0.8016677935542034, 0.9833229101521784)",1,98.03408813738604,29169
"(0.8390424521630195, 0.9861673414304992)",1,98.03402077712678,29170
"(0.4737094237094237, 0.9861673414304992)",1,98.0338939015212,29171
"(0.8193928901539049, 0.9870601047071634)",1,98.0338872096186,29172
"(0.9019292060258446, 0.9861673414304992)",1,98.03377667233391,29173
"(0.5187734941865547, 0.9861310021084456)",1,98.03357972257182,29174
"(0.8478418336329888, 0.991206314397104)",3,98.03356043845008,29177
"(0.8175446168757694, 0.9861673414304992)",1,98.03348779760069,29178
"(0.8804215399610136, 0.991206314397104)",3,98.03336708793157,29181
"(0.8137865219658889, 0.9833229101521784)",1,98.03318449928612,29182
"(0.9057330122004186, 0.991206314397104)",1,98.03317869746203,29183
"(0.8883678678403513, 0.9861673414304992)",1,98.03314797379258,29184
"(0.7027027066179156, 1.0)",3,98.033061488613,29187
"(0.9499687304565352, 0.9833229101521784)",1,98.03305074931096,29188
"(0.8653198653198653, 0.9833229101521784)",1,98.0329498955182,29189
"(0.7837606837606838, 0.9861673414304992)",1,98.03289544080936,29190
"(0.933096859926128, 0.9833229101521784)",1,98.03283512226604,29191
"(0.5325664251207729, 0.9912501504190636)",1,98.03277357783018,29192
"(0.9244352123384382, 0.9834113430318364)",1,98.03254637389972,29193
"(0.6444891298012474, 0.9861310021084456)",1,98.03240917821354,29194
"(0.9017715617715616, 0.9861673414304992)",1,98.03236158174543,29195
"(0.8344065656565657, 0.9861673414304992)",1,98.0322601122857,29196
"(0.620130835563485, 0.991206314397104)",1,98.0321930334782,29197
"(0.7780625367430922, 0.9861673414304992)",2,98.03195467137142,29199
"(0.4826454099840705, 0.98999899959984)",1,98.0317316199886,29200
"(0.8942622047218923, 0.9873891625615764)",1,98.03144676112336,29201
"(0.8593554593554595, 0.9861673414304992)",1,98.03139182202548,29202
"(0.5145696010475885, 0.9861310021084456)",1,98.0313194751989,29203
"(0.8358530587380517, 0.9790476832523552)",1,98.03109613857708,29204
"(0.4737094237094237, 0.9861673414304992)",1,98.0308329612431,29205
"(0.7453091184935634, 0.991206314397104)",1,98.03079760775022,29206
"(0.9334130158956764, 0.9834113430318364)",1,98.03079371609036,29207
"(0.3584486416678197, 0.9984817852901372)",1,98.03075696368676,29208
"(0.8148308968977662, 0.9861673414304992)",1,98.03058584542724,29209
"(0.8003813092161745, 0.9832462877624168)",2,98.03055566531194,29211
"(0.4737094237094237, 0.9861310021084456)",1,98.03054535511316,29212
"(0.9374843410636878, 0.9790476832523552)",1,98.03052968323246,29213
"(0.7837606837606838, 0.9861673414304992)",1,98.03040222089447,29214
"(0.9026337658413128, 0.9861673414304992)",1,98.0302902330776,29215
"(0.927082576248316, 0.9790476832523552)",1,98.02992244138076,29216
"(0.5145696010475885, 0.9861310021084456)",1,98.02990736522004,29217
"(0.546013779527559, 1.0)",3,98.02973324898126,29220
"(0.8572048611111112, 0.9861673414304992)",1,98.02956580052096,29221
"(0.5145696010475885, 0.9861310021084456)",1,98.0295504453616,29222
"(0.4933386447129642, 0.9975000781372088)",1,98.02948518047296,29223
"(0.9029281534808432, 0.9861673414304992)",1,98.02944656914276,29224
"(0.6526770767943084, 0.9861673414304992)",1,98.02942316972326,29225
"(0.90224161204236, 0.9861310021084456)",1,98.02932665681072,29226
"(0.6749447402728794, 0.9861310021084456)",1,98.0292947483824,29227
"(0.6825396825396824, 0.9833229101521784)",1,98.02926853641098,29228
"(0.5659049245699329, 0.9912493845492556)",1,98.02909945724244,29229
"(0.94291309888229, 0.991206314397104)",1,98.02908443007584,29230
"(0.9162596992611264, 0.9861673414304992)",1,98.02907634162749,29231
"(0.9790693693461476, 0.9958292603453894)",1,98.0289645370422,29232
"(0.6636745887678723, 1.0)",1,98.02895529780018,29233
"(0.8631918334993627, 0.9833229101521784)",1,98.02893508898818,29234
"(0.6992775742775743, 0.9861673414304992)",1,98.02873625785524,29235
"(0.9177366931314298, 0.9834113430318364)",1,98.02873036171876,29236
"(0.4037090566294931, 0.9977203590215908)",1,98.02863723826358,29237
"(0.8316498316498316, 0.9833229101521784)",1,98.02859643271653,29238
"(0.8810064268049709, 0.991206314397104)",1,98.02831774930544,29239
"(0.8796475392220073, 0.9833229101521784)",1,98.02813444938612,29240
"(0.4772368473497005, 0.9962497362353954)",2,98.0281301668155,29242
"(0.97495917428555, 0.9958292603453894)",1,98.02810797563208,29243
"(0.8416827657517105, 0.9861310021084456)",1,98.0280921093886,29244
"(0.9029281534808432, 0.9861673414304992)",1,98.0280656176598,29245
"(0.789994229453279, 0.9861673414304992)",1,98.02805530733184,29246
"(0.9616410906733488, 0.9958292603453894)",1,98.0278180244953,29247
"(0.9833251873574456, 0.9958292603453894)",2,98.02760239529805,29249
"(0.6790911536674249, 0.9833229101521784)",1,98.02754672035152,29250
"(0.900838851006521, 0.9874762808349148)",1,98.0273918207404,29251
"(0.9665831244778612, 0.9833229101521784)",1,98.02736085760937,29252
"(0.5951215675790986, 1.0)",3,98.02732459989588,29255
"(0.2806699331680662, 0.9988619159967322)",1,98.02711817355144,29256
"(0.8810064268049709, 0.991206314397104)",1,98.0270692004726,29257
"(0.7280584513944579, 0.9861673414304992)",1,98.02704291280376,29258
"(0.503514376678064, 0.9981012669018314)",1,98.0269806593584,29259
"(0.8743078626799556, 0.9861310021084456)",1,98.02690897373915,29260
"(0.8567210567210567, 0.9861673414304992)",1,98.0268937224027,29261
"(0.8734313112361893, 0.9861673414304992)",1,98.02683020786704,29262
"(0.4567442396313363, 0.9987499746026686)",2,98.02667897345374,29264
"(0.9665633291439744, 0.9958292603453894)",2,98.0266454869172,29266
"(0.6324707692241994, 0.9861673414304992)",1,98.02664254661256,29267
"(0.9177366931314298, 0.9834113430318364)",1,98.0265336638508,29268
"(0.502001702724359, 0.9975000781372088)",1,98.02647467975372,29269
"(0.7280584513944579, 0.9861673414304992)",1,98.02641706359331,29270
"(0.8883034087952121, 0.9861310021084456)",1,98.02639462119056,29271
"(0.6767580302172832, 0.9861310021084456)",1,98.0261271251386,29272
"(0.7344692811916678, 1.0)",1,98.0260829226582,29273
"(0.1036822132246005, 0.9984817852901372)",3,98.02601064262971,29276
"(0.8631918334993627, 0.9833229101521784)",1,98.0259873285286,29277
"(0.6184921599362788, 0.9937501074421884)",1,98.02584371818632,29278
"(0.861952861952862, 0.9861310021084456)",1,98.02580260382904,29279
"(0.5128821335028014, 1.0)",3,98.02571520793902,29282
"(0.861111111111111, 0.9833229101521784)",1,98.02552277644796,29283
"(0.8459744503862151, 0.9861310021084456)",1,98.0253555033591,29284
"(0.4407055363375315, 0.9937491695468736)",1,98.0253027806922,29285
"(0.9412957478808424, 0.9834113430318364)",1,98.02524585976468,29286
"(0.979051756240299, 0.9958292603453894)",1,98.0251937532929,29287
"(0.702867567752065, 1.0)",3,98.02517370162263,29290
"(0.5361367504335325, 0.9996210215628012)",1,98.02510547050603,29291
"(0.8229870141950848, 1.0)",1,98.02509632664793,29292
"(0.8193419055822156, 0.9861673414304992)",1,98.02503087996122,29293
"(0.8733799478600891, 0.9834113430318364)",1,98.0249872791219,29294
"(0.4567442396313363, 0.9950001562744178)",1,98.0249377504468,29295
"(0.4499384836938269, 0.9975000781372088)",1,98.02492973941484,29296
"(0.9019292060258446, 0.9861673414304992)",1,98.0248464240144,29297
"(0.5129137710809465, 1.0)",1,98.02478400944791,29298
"(0.9793747635794354, 0.9958292603453894)",1,98.0246829018118,29299
"(0.8085259100433108, 0.9861673414304992)",1,98.0243342260445,29300
"(0.9153439153439156, 0.9833229101521784)",2,98.0243095987566,29302
"(0.7823116219667945, 0.9861673414304992)",1,98.02425740240328,29303
"(0.8804215399610136, 0.991206314397104)",3,98.02417545641818,29306
"(0.950175761409158, 0.979166518665308)",2,98.0241319784176,29308
"(0.8579868984630887, 0.9861673414304992)",1,98.02395002785468,29309
"(0.4611605493121345, 0.9987499746026686)",2,98.02379297714803,29311
"(0.7278086237149632, 0.986081059422206)",1,98.02377346952252,29312
"(0.7516483516483518, 0.9861673414304992)",1,98.02358944748153,29313
"(0.8970129352925051, 0.9916339869281046)",1,98.02356245559064,29314
"(0.8071948928825261, 0.9861673414304992)",1,98.02349151929458,29315
"(0.6326954876802936, 0.9861673414304992)",1,98.02344904661804,29316
"(0.8586166985951469, 0.9861673414304992)",1,98.02321612675928,29317
"(0.7942038054814895, 0.9861673414304992)",1,98.023137216813,29318
"(0.6736022307473716, 0.9861673414304992)",1,98.02309682442234,29319
"(0.5466837142306626, 0.9861673414304992)",1,98.0230150903178,29320
"(0.8733799478600891, 0.9834113430318364)",1,98.02298855773564,29321
"(0.8743078626799556, 0.9861310021084456)",1,98.02281180679483,29322
"(0.7401844059863599, 0.9861673414304992)",1,98.02263903037203,29323
"(0.7222222222222221, 0.9833229101521784)",1,98.02251307327884,29324
"(0.8813457860512559, 0.9832184229069656)",1,98.02251075642626,29325
"(0.789994229453279, 0.9861673414304992)",1,98.02237014120358,29326
"(0.5477955228250537, 1.0)",1,98.02228628271423,29327
"(0.6749447402728794, 0.9861310021084456)",1,98.02225484045576,29328
"(0.8329339143064635, 0.9861673414304992)",1,98.02220803169176,29329
"(0.5466837142306626, 0.9861673414304992)",1,98.02206777273749,29330
"(0.9153439153439156, 0.9833229101521784)",1,98.02199449113331,29331
"(0.6870644599303137, 0.9861310021084456)",1,98.0218474158978,29332
"(0.865581803207783, 0.991206314397104)",1,98.02176689159673,29333
"(0.4039045743444857, 0.9882048106149588)",1,98.02172007858267,29334
"(0.4737094237094237, 0.9861673414304992)",1,98.0213933292866,29335
"(0.9748524098350704, 0.9958292603453894)",1,98.02129595355436,29336
"(0.5118812113070996, 1.0)",1,98.02128101072984,29337
"(0.9833229101521784, 0.9833229101521784)",1,98.02116718153032,29338
"(0.6444891298012474, 0.9861310021084456)",1,98.02085089099396,29339
"(0.3690581214322782, 0.9969573675011548)",1,98.02072929962486,29340
"(0.7513138206634794, 0.9861310021084456)",1,98.02055166487574,29341
"(0.8581086546083114, 0.9861310021084456)",1,98.02046438271272,29342
"(0.8871966240387292, 0.9861673414304992)",1,98.0203474526965,29343
"(0.8579868984630887, 0.9861673414304992)",2,98.02031112030492,29345
"(0.9833040078201368, 0.9958292603453894)",1,98.02019374552803,29346
"(0.7977749180480272, 0.9861673414304992)",1,98.02005489197089,29347
"(0.712083517595137, 1.0)",1,98.0199489660068,29348
"(0.8976982097186702, 0.9833229101521784)",3,98.01972002085438,29351
"(0.9706172005998612, 0.9958292603453894)",1,98.01957379553488,29352
"(0.4772368473497005, 0.9962497362353954)",1,98.01929154518142,29353
"(0.8183569364584247, 0.9861673414304992)",1,98.0192907308315,29354
"(0.4919916866987179, 0.9950001562744178)",2,98.01927689133402,29356
"(0.900983347688774, 0.9861673414304992)",1,98.01927448175812,29357
"(0.664091471262014, 1.0)",2,98.01924375671602,29359
"(0.9297326845255915, 0.9790476832523552)",1,98.0192094626607,29360
"(0.4737094237094237, 0.9861673414304992)",1,98.01917448881976,29361
"(0.9958292603453894, 0.9958292603453894)",1,98.01917185651908,29362
"(0.9580331374974232, 1.0)",2,98.01913413660556,29364
"(0.6526770767943084, 0.9861673414304992)",1,98.0190937899233,29365
"(0.738145558145558, 1.0)",1,98.019068595897,29366
"(0.7780625367430922, 0.9861673414304992)",2,98.01905560312422,29368
"(0.5209072341900949, 0.9984817852901372)",1,98.01893585104348,29369
"(0.9398731501057084, 0.988167361639188)",1,98.01885234672824,29370
"(0.6090651266678423, 0.9992431829362568)",3,98.01847439887852,29373
"(0.8416827657517105, 0.9861310021084456)",1,98.01817981958706,29374
"(0.9057330122004186, 0.991206314397104)",1,98.0180167062654,29375
"(0.9497171590194848, 0.9833229101521784)",1,98.01799741332904,29376
"(0.8982888105990573, 0.987463247273494)",1,98.01796491637272,29377
"(0.8344065656565657, 0.9861673414304992)",1,98.01789046686986,29378
"(0.7280584513944579, 0.9861673414304992)",1,98.01777153469348,29379
"(0.6326954876802936, 0.9861673414304992)",1,98.01770287332278,29380
"(0.94291309888229, 0.991206314397104)",3,98.01758558663134,29383
"(0.5891971035837016, 0.9996210215628012)",1,98.01750151389332,29384
"(0.7294281157362763, 1.0)",1,98.01742757217166,29385
"(0.9666463017269468, 0.9832925076188832)",1,98.01734255121116,29386
"(0.94291309888229, 0.991206314397104)",1,98.01729779694456,29387
"(0.9390553961421968, 0.9834113430318364)",1,98.01702173122476,29388
"(1.0, 0.9958292603453894)",1,98.0168556274724,29389
"(0.8899966931216932, 0.9861310021084456)",1,98.0167800025843,29390
"(0.8010054664946871, 0.9861673414304992)",1,98.01672739763144,29391
"(0.9000617225831424, 0.9833229101521784)",1,98.01647707477088,29392
"(0.8567210567210567, 0.9861673414304992)",1,98.0164329746195,29393
"(0.9669558693467613, 0.9958292603453894)",1,98.01636008586128,29394
"(0.8266173510466989, 1.0)",1,98.016305072452,29395
"(0.1036822132246005, 1.0)",1,98.01625658308711,29396
"(0.933096859926128, 0.9833229101521784)",1,98.01609533659172,29397
"(0.930124456440246, 0.9861673414304992)",1,98.01608944140514,29398
"(0.865581803207783, 0.991206314397104)",1,98.01600832647443,29399
"(0.8128971639097002, 0.9870601047071634)",1,98.01600138275414,29400
"(0.7008726156973109, 0.9861673414304992)",1,98.01589846286616,29401
"(0.6252214409217766, 0.9992431829362568)",3,98.0158919544111,29404
"(0.6673610726891261, 1.0)",3,98.01585917925892,29407
"(0.7278086237149632, 0.986081059422206)",1,98.01569741204084,29408
"(0.9442283950617284, 0.986081059422206)",1,98.01565351549324,29409
"(0.5145696010475885, 0.9861310021084456)",1,98.01562119377456,29410
"(0.9498370804822418, 0.9873891625615764)",1,98.0156161306662,29411
"(0.7524760273298283, 0.991206314397104)",2,98.01558503730018,29413
"(0.751080181203132, 0.9861673414304992)",1,98.01527915535324,29414
"(0.9305555555555556, 0.986081059422206)",1,98.015236694787,29415
"(0.8478418336329888, 0.991206314397104)",1,98.01522514090448,29416
"(0.962699692780338, 0.9958292603453894)",1,98.01521887734856,29417
"(0.8194074731341813, 0.9861673414304992)",1,98.0151660422933,29418
"(0.917283950617284, 0.9861673414304992)",1,98.015089680686,29419
"(0.7350777099102015, 1.0)",1,98.01506638631824,29420
"(0.8761383419447936, 0.9873891625615764)",1,98.01503160158968,29421
"(0.902192297684101, 0.9861310021084456)",1,98.01495192951448,29422
"(0.900838851006521, 0.9832462877624168)",1,98.01494683217814,29423
"(0.9874877810361682, 0.9958292603453894)",2,98.0146142187197,29425
"(0.4737094237094237, 0.9861310021084456)",3,98.01460515178232,29428
"(0.6324707692241994, 0.9861673414304992)",1,98.01424537940996,29429
"(0.8814814814814814, 0.9833229101521784)",2,98.01394221556826,29431
"(0.8524016298728943, 0.9832462877624168)",1,98.0138637870309,29432
"(0.4933386447129642, 0.9975000781372088)",1,98.01383726710354,29433
"(0.8358530587380517, 0.9834113430318364)",1,98.01367801133986,29434
"(0.933249791144528, 1.0)",1,98.01353234600336,29435
"(0.9234894220441888, 0.9874762808349148)",1,98.01327012558372,29436
"(0.902898027898028, 0.9861310021084456)",1,98.013069382878,29437
"(0.751080181203132, 0.9861673414304992)",1,98.01305439361904,29438
"(0.6324707692241994, 0.9861673414304992)",1,98.0130247261846,29439
"(0.944120583717358, 0.9832925076188832)",1,98.01297301514587,29440
"(0.6430200463634697, 1.0)",1,98.01295130264856,29441
"(0.7708796965987909, 0.9861673414304992)",1,98.01287339873564,29442
"(0.9669795885118464, 0.9958292603453894)",1,98.01269444026188,29443
"(0.9299160159815896, 0.9861673414304992)",1,98.01254088977896,29444
"(0.2309709141375595, 0.9961927960732532)",1,98.01241343568692,29445
"(0.861111111111111, 1.0)",1,98.0121757844737,29446
"(0.8593554593554595, 0.9861673414304992)",1,98.01206600694154,29447
"(0.8044914258149553, 0.9861310021084456)",1,98.01191763592368,29448
"(0.8208353559736048, 0.9861673414304992)",1,98.0119111619736,29449
"(0.9874877810361682, 0.9958292603453894)",1,98.01162372054604,29450
"(0.6749447402728794, 0.9861310021084456)",1,98.01145362070912,29451
"(0.906853649612864, 0.9916339869281046)",1,98.0114405164756,29452
"(0.9666666666666668, 0.9833229101521784)",2,98.0112223713636,29454
"(0.4955558486584263, 0.9987499746026686)",1,98.01117438472193,29455
"(0.5169664781532898, 0.9912488373656227)",1,98.01104524209693,29456
"(0.5260227547809246, 1.0)",3,98.0110426921652,29459
"(0.4925733396357239, 0.9975000781372088)",1,98.010993156452,29460
"(0.8579868984630887, 0.9861673414304992)",1,98.01091625392311,29461
"(0.3471124103309341, 1.0)",1,98.0104702610023,29462
"(0.7401844059863599, 0.9861673414304992)",1,98.01044472885,29463
"(1.0, 1.0)",1,98.01021992025242,29464
"(0.944563492063492, 1.0)",1,98.01015218180186,29465
"(0.7516483516483518, 0.9861673414304992)",1,98.01005925096196,29466
"(0.4987398156700754, 0.9987499746026686)",1,98.01003584483844,29467
"(0.8218185392856778, 0.9861673414304992)",2,98.0099003385258,29469
"(0.8358530587380517, 0.9832925076188832)",1,98.00976798525066,29470
"(0.9665831244778612, 0.9833229101521784)",1,98.0097151519841,29471
"(0.92132700797001, 0.979166518665308)",1,98.00968899542076,29472
"(0.4958617797724284, 0.9962497362353954)",1,98.00959687786694,29473
"(0.9832925076188832, 0.9958292603453894)",1,98.00940845491652,29474
"(0.8874191651969431, 0.9861673414304992)",1,98.0093561373963,29475
"(0.917283950617284, 0.9861673414304992)",1,98.00920496641032,29476
"(0.3841590381665586, 0.9973390598305516)",1,98.00917478942986,29477
"(0.7164894725870335, 1.0)",1,98.00879501900651,29478
"(0.7601164382773579, 0.9833229101521784)",2,98.00866667565948,29480
"(0.3262466548275309, 0.9996210215628012)",3,98.0085553354458,29483
"(0.9079075500409146, 0.979166518665308)",1,98.00851556988576,29484
"(0.4389376893726854, 0.9975000781372088)",2,98.0084862754341,29486
"(0.8478418336329888, 0.991206314397104)",1,98.00846833316018,29487
"(0.9008627640703112, 0.986081059422206)",1,98.00831701507232,29488
"(0.9586562930696936, 0.9834113430318364)",1,98.00828022889688,29489
"(0.9008627640703112, 0.986081059422206)",1,98.008190500752,29490
"(0.950175761409158, 0.9832184229069656)",1,98.00818421673884,29491
"(0.9543883398911862, 0.9958292603453894)",1,98.00816183210873,29492
"(0.485018619948721, 0.9900003125488358)",1,98.0080711890135,29493
"(0.8762678865937208, 0.9861310021084456)",1,98.00806703577014,29494
"(0.934122934122934, 0.9833229101521784)",1,98.0079729444147,29495
"(0.664091471262014, 1.0)",1,98.00792042822452,29496
"(0.5261709490066349, 1.0)",1,98.00769775443722,29497
"(0.8982888105990573, 0.9832925076188832)",1,98.00768265048374,29498
"(0.4585755850187953, 0.9949997811829872)",2,98.00750810514204,29500
"(0.826388888888889, 0.9833229101521784)",1,98.0073781502376,29501
"(0.6870644599303137, 0.9861310021084456)",1,98.00734190692856,29502
"(0.7453091184935634, 0.991206314397104)",1,98.00724161132644,29503
"(0.4925733396357239, 0.9975000781372088)",1,98.0071778242095,29504
"(0.987463247273494, 0.9958292603453894)",1,98.0071223841232,29505
"(0.8874191651969431, 0.9861673414304992)",1,98.00711877055224,29506
"(0.4961453064375241, 0.9987499746026686)",1,98.00688545807851,29507
"(0.8804215399610136, 0.991206314397104)",1,98.00686498648236,29508
"(0.94101763751309, 0.9832462877624168)",1,98.006853983748,29509
"(0.6444891298012474, 0.9861310021084456)",1,98.0067884767618,29510
"(0.6444891298012474, 0.9861310021084456)",1,98.00657836552227,29511
"(0.9791388745136372, 0.9958292603453894)",2,98.00642295949602,29513
"(0.90224161204236, 0.9861310021084456)",1,98.00634615394848,29514
"(0.2400803455031719, 1.0)",3,98.0060787942212,29517
"(0.4758030117256981, 0.9996210215628012)",1,98.00599078174004,29518
"(0.9744745723240348, 0.9958292603453894)",2,98.00580137778364,29520
"(0.765692887308966, 0.9861310021084456)",1,98.00573325422424,29521
"(0.5290733844468785, 0.9924987337339528)",1,98.0057063191404,29522
"(0.9665831244778612, 0.9833229101521784)",1,98.00570475731664,29523
"(0.8056354979267693, 0.9861310021084456)",1,98.0055281729314,29524
"(0.485879976270526, 0.9984817852901372)",1,98.0055192576615,29525
"(0.865581803207783, 0.991206314397104)",3,98.00549373482116,29528
"(0.8524016298728943, 0.9832462877624168)",1,98.00548294266498,29529
"(0.8344065656565657, 0.9861673414304992)",1,98.00537281731762,29530
"(0.7280584513944579, 0.9861673414304992)",1,98.00533825679628,29531
"(0.979051756240299, 0.9958292603453894)",1,98.00532977644704,29532
"(0.7294281157362763, 1.0)",1,98.00528728850549,29533
"(0.8124923632552741, 0.9861673414304992)",1,98.0052586607664,29534
"(0.8329339143064635, 0.9861673414304992)",1,98.00520377093848,29535
"(0.4737094237094237, 0.9861673414304992)",2,98.00518798635566,29537
"(0.8388048698116161, 0.9861673414304992)",1,98.0051157654681,29538
"(0.8622520112492773, 0.987463247273494)",1,98.0050588860969,29539
"(0.9546499948224086, 0.9958292603453894)",1,98.00502444658598,29540
"(0.4737094237094237, 0.9861673414304992)",2,98.00487191934803,29542
"(0.2672914952175105, 0.9996210215628012)",3,98.00485124816235,29545
"(0.5668351162239414, 1.0)",1,98.00484868202166,29546
"(0.476193313409349, 0.9950002500250024)",1,98.00462015671486,29547
"(0.499965598215334, 0.9937501074421884)",1,98.0045255726356,29548
"(0.3930894945067609, 0.9987499746026686)",1,98.00444325856172,29549
"(0.9452474337657768, 0.9832184229069656)",1,98.00417053360502,29550
"(0.8982888105990573, 0.9834113430318364)",1,98.00416510814756,29551
"(0.9374843410636878, 0.979166518665308)",1,98.00410743855758,29552
"(0.7856964763329513, 0.9861673414304992)",1,98.0040849109201,29553
"(0.927082576248316, 0.9790476832523552)",1,98.00408144965468,29554
"(0.9297326845255915, 0.9832184229069656)",2,98.00374749430404,29556
"(0.7516483516483518, 0.9861673414304992)",1,98.00354828316618,29557
"(0.5082177015724898, 0.9987499746026686)",2,98.00353062381544,29559
"(0.8208353559736048, 0.9861673414304992)",1,98.00338735810408,29560
"(0.7439393939393939, 1.0)",3,98.00337292907255,29563
"(0.9438271604938272, 0.9861673414304992)",1,98.0033583489465,29564
"(0.5145696010475885, 0.9861310021084456)",1,98.0031974632376,29565
"(0.9244352123384382, 0.9834113430318364)",1,98.0029793718906,29566
"(0.4566269759061861, 0.9973390598305516)",1,98.00291770055016,29567
"(0.6611718926579557, 0.9861310021084456)",1,98.00277726700156,29568
"(0.9618291283060416, 0.9958292603453894)",1,98.00273586448822,29569
"(0.8916052423523688, 0.9873891625615764)",1,98.00271066912148,29570
"(0.7999088007295942, 0.988167361639188)",1,98.00257904783795,29571
"(0.4039045743444857, 0.9885557944107872)",1,98.00256577360372,29572
"(0.5450348040348041, 0.9973390598305516)",1,98.00247381209904,29573
"(0.9162596992611264, 0.9861673414304992)",1,98.00239722224715,29574
"(0.8016677935542034, 0.9833229101521784)",1,98.00233496171757,29575
"(0.6907243513029603, 1.0)",1,98.0023054932557,29576
"(0.7892960774346593, 0.9861673414304992)",1,98.00221998053726,29577
"(0.9409523809523808, 0.979166518665308)",1,98.00210083349084,29578
"(0.5340832420591457, 0.9899995623659744)",1,98.00209672355874,29579
"(0.979055829228243, 0.9958292603453894)",1,98.00206805690291,29580
"(0.4924777967362296, 0.9899983116452704)",1,98.00206452929449,29581
"(0.6698155645524068, 0.9833229101521784)",1,98.0019184922908,29582
"(0.73687720936437, 0.9833229101521784)",1,98.00189553838148,29583
"(0.92132700797001, 0.9832184229069656)",1,98.0017687808826,29584
"(0.6324707692241994, 0.9861673414304992)",1,98.00164132128776,29585
"(0.6698155645524068, 0.9833229101521784)",1,98.00157732250162,29586
"(0.6324707692241994, 0.9861673414304992)",1,98.00151593104472,29587
"(0.8996392387758612, 0.9873891625615764)",1,98.00149289886892,29588
"(0.4701128221244499, 0.9912501504190636)",1,98.00126108530436,29589
"(0.6749447402728794, 0.9861310021084456)",1,98.00107450057548,29590
"(0.7999088007295942, 0.988167361639188)",1,98.00107181712816,29591
"(0.5398840942160625, 1.0)",1,98.00105320787384,29592
"(0.9833080808080809, 0.9958292603453894)",2,98.00104644425257,29594
"(0.5465607854790808, 0.9988642062668746)",1,98.000893122366,29595
"(0.7075825156110616, 0.991206314397104)",1,98.00088699115447,29596
"(0.8937718863178524, 0.9832925076188832)",1,98.00085479340392,29597
"(0.979273283115788, 0.9958292603453894)",1,98.0008032492719,29598
"(0.9873891625615764, 1.0)",1,98.00078335503568,29599
"(0.6184921599362788, 0.9887497714240168)",1,98.00074939821071,29600
"(0.9061764476533613, 0.9832184229069656)",1,98.00073899794803,29601
"(0.9438271604938272, 0.9861673414304992)",1,98.00012105065863,29602
"(0.5320180604331844, 1.0)",1,98.00006072560006,29603
"(0.5492115341293085, 0.9975)",1,98.0000225458584,29604
"(0.1036822132246005, 0.9984817852901372)",1,98.00001221843688,29605
"(0.9000617225831424, 0.9833229101521784)",1,97.99979998492306,29606
"(0.9019292060258446, 0.9861673414304992)",1,97.99978867199545,29607
"(0.4847252958987063, 0.9950001562744178)",1,97.9997757868664,29608
"(0.5137024199841741, 0.9984817852901372)",1,97.9995028715794,29609
"(0.820360467419291, 0.9833229101521784)",1,97.99945423059523,29610
"(0.7075825156110616, 0.991206314397104)",1,97.9994309066089,29611
"(0.4423707251851418, 0.9861310021084456)",1,97.99942363039293,29612
"(0.8874191651969431, 0.9861673414304992)",1,97.99941714779705,29613
"(0.9102539775554236, 0.9832462877624168)",1,97.99931733939526,29614
"(0.9262130464282252, 0.991206314397104)",3,97.99928022518256,29617
"(0.6825396825396824, 0.9833229101521784)",1,97.99914463938111,29618
"(0.8341307814992026, 0.9833229101521784)",1,97.99836395747376,29619
"(0.9749625285109156, 0.9958292603453894)",1,97.99829623106037,29620
"(0.8208353559736048, 0.9861673414304992)",1,97.99828555424378,29621
"(0.7545469576719577, 1.0)",1,97.99824176359051,29622
"(0.6108314263920671, 0.9861673414304992)",1,97.99824074697918,29623
"(0.4407055363375315, 0.9974998905914936)",3,97.99820810092962,29626
"(0.920238255356524, 0.9832184229069656)",1,97.99812088758928,29627
"(0.4925285484808521, 0.9974998905914936)",2,97.99791059593878,29629
"(0.5952874206793579, 1.0)",1,97.99786593226672,29630
"(0.9057330122004186, 0.991206314397104)",3,97.99769802032486,29633
"(0.2309709141375595, 0.9996210215628012)",3,97.99769198801836,29636
"(0.6526770767943084, 0.9861673414304992)",1,97.99757711887456,29637
"(0.6324707692241994, 0.9861673414304992)",2,97.99751825021067,29639
"(0.93795454842108, 0.9873891625615764)",1,97.99746082429932,29640
"(0.8733799478600891, 0.9834113430318364)",1,97.99745384113646,29641
"(0.2537048100490196, 0.9988619159967322)",3,97.997395526936,29644
"(0.7060994560994561, 1.0)",1,97.99739400126929,29645
"(0.8805377184744008, 0.9834113430318364)",1,97.99734358560022,29646
"(0.4407055363375315, 0.9949997811829872)",2,97.99728444461196,29648
"(0.987463247273494, 0.9958292603453894)",1,97.99725369073828,29649
"(0.8322510822510822, 0.9861673414304992)",1,97.99723119207064,29650
"(0.9582210352371644, 0.9958292603453894)",1,97.9971428935691,29651
"(0.8316498316498316, 0.9833229101521784)",2,97.99696085780812,29653
"(0.9244352123384382, 0.9834113430318364)",1,97.9967307803679,29654
"(0.4590791029805835, 0.9987499746026686)",1,97.99672087990552,29655
"(0.7647742788871822, 1.0)",1,97.99655411371096,29656
"(0.898989898989899, 1.0)",1,97.99644513617515,29657
"(0.933096859926128, 1.0)",1,97.9963763117674,29658
"(0.8308201058201059, 0.9861673414304992)",1,97.9963172256402,29659
"(0.4958617797724284, 0.9974998905914936)",1,97.99626875776136,29660
"(0.9230468061350414, 0.9790476832523552)",1,97.9959964299348,29661
"(0.3930894945067609, 0.9987499746026686)",1,97.99598328098992,29662
"(0.5218438528010998, 0.9861310021084456)",1,97.99592985903948,29663
"(0.917283950617284, 0.9861673414304992)",1,97.9956518695909,29664
"(0.9372650231764934, 0.9832462877624168)",1,97.99558819998217,29665
"(0.5255324262157274, 0.9984817852901372)",1,97.9955731873651,29666
"(0.4844841746794872, 0.9912488373656227)",1,97.99536260337965,29667
"(0.7780625367430922, 0.9861673414304992)",1,97.9952897475132,29668
"(0.3067412107187314, 0.9981012669018314)",1,97.995259833564,29669
"(0.5218438528010998, 0.9861310021084456)",1,97.99512527844377,29670
"(0.8587708587708588, 0.9870601047071634)",1,97.99500024850754,29671
"(0.3024053266749896, 0.9996210215628012)",3,97.99499231697942,29674
"(0.9169719169719168, 0.9833229101521784)",1,97.99495879008076,29675
"(0.5131569832583307, 0.9882048106149588)",1,97.99480339535172,29676
"(0.9791258409522168, 0.9958292603453894)",1,97.9946366292928,29677
"(0.7855494505494506, 0.9870601047071634)",6,97.99459001452492,29683
"(0.6490278254578825, 0.988750193395939)",1,97.99458867423556,29684
"(0.8322510822510822, 0.9861673414304992)",1,97.99439087958838,29685
"(0.8734313112361893, 0.9861673414304992)",1,97.99422240291652,29686
"(0.9746535316523212, 0.9958292603453894)",1,97.99406943434968,29687
"(0.5219311273566756, 0.9887492087061858)",1,97.99403688063498,29688
"(0.8587708587708588, 0.9870601047071634)",1,97.99385552105778,29689
"(0.8883678678403513, 0.9861673414304992)",1,97.99376261324552,29690
"(0.8010054664946871, 0.9861673414304992)",1,97.9935266473447,29691
"(0.9832965806068272, 0.9958292603453894)",1,97.99343767334186,29692
"(0.9791388745136372, 0.9958292603453894)",1,97.99343055507724,29693
"(0.3660238527416034, 0.9882048106149588)",1,97.993384284787,29694
"(0.6992775742775743, 0.9861673414304992)",1,97.99336250958262,29695
"(0.4912575527045726, 0.9950001562744178)",1,97.9933617362318,29696
"(0.8751897860593512, 0.9861673414304992)",1,97.99298735261029,29697
"(0.8970129352925051, 0.9873891625615764)",1,97.99280527239276,29698
"(0.8085259100433108, 0.9861673414304992)",1,97.99270550837812,29699
"(0.9452474337657768, 0.9790476832523552)",2,97.99256908391054,29701
"(0.8461316551891829, 0.9861673414304992)",1,97.9922517872058,29702
"(0.7280584513944579, 0.9861673414304992)",1,97.99224205282746,29703
"(0.8127312328440149, 0.9861673414304992)",1,97.99209327402195,29704
"(0.4012260196502799, 0.9992416608232524)",3,97.9920663502283,29707
"(0.6049474374542553, 1.0)",3,97.99200681342758,29710
"(0.4822651515151516, 0.9992416608232524)",2,97.99194942866936,29712
"(0.8826621311505033, 0.9873891625615764)",1,97.99192006768634,29713
"(0.8491340807583629, 0.9861673414304992)",1,97.99152626190872,29714
"(0.7772049591964847, 0.9861673414304992)",1,97.9915013700391,29715
"(0.8193419055822156, 0.9861673414304992)",1,97.99149761208298,29716
"(0.5562558356676003, 0.9861673414304992)",1,97.99143530454576,29717
"(0.9244352123384382, 0.9832184229069656)",1,97.99142724899502,29718
"(0.8813457860512559, 0.9832462877624168)",1,97.9907544960074,29719
"(0.6560520437793165, 1.0)",1,97.99067103643596,29720
"(0.940928587432546, 0.9832925076188832)",1,97.99059656780176,29721
"(0.8902783631946863, 0.9861673414304992)",1,97.99050743036236,29722
"(0.5120492664500825, 1.0)",3,97.99045215114836,29725
"(0.8871082621082622, 0.9861310021084456)",1,97.99021442456932,29726
"(0.9098759089802734, 0.9832679738562092)",1,97.99017114546132,29727
"(0.5910680656443368, 0.9833229101521784)",1,97.9900674402535,29728
"(0.9621616286938868, 0.9958292603453894)",1,97.99003866956008,29729
"(0.7374768177381903, 0.991206314397104)",1,97.98999891645092,29730
"(0.987491854024112, 0.9958292603453894)",2,97.98997969059302,29732
"(0.7711781618000022, 1.0)",1,97.98992512104194,29733
"(0.4924777967362296, 0.992499671774481)",1,97.98986022190694,29734
"(0.8743078626799556, 0.9861310021084456)",1,97.98980461103608,29735
"(0.4737094237094237, 0.9861673414304992)",1,97.989777982553,29736
"(0.8804215399610136, 0.991206314397104)",1,97.98958873963628,29737
"(0.4737094237094237, 0.9861673414304992)",2,97.98954736257382,29739
"(0.8873503342457592, 0.9861673414304992)",1,97.98949699258291,29740
"(0.7708796965987909, 0.9861673414304992)",1,97.9894783403455,29741
"(0.7347448804741066, 1.0)",2,97.98940521391906,29743
"(0.987491854024112, 0.9958292603453894)",1,97.98939700837838,29744
"(0.9580331374974232, 1.0)",1,97.98934054166016,29745
"(0.8193928901539049, 0.9870601047071634)",1,97.98932171271537,29746
"(0.649671983199115, 0.998107010444791)",1,97.98923155026934,29747
"(0.9832965806068272, 1.0)",2,97.98919641761208,29749
"(0.5750629311033884, 1.0)",1,97.9891232394108,29750
"(0.8524016298728943, 0.9832462877624168)",1,97.9890822510765,29751
"(0.9019292060258446, 0.9861673414304992)",2,97.98902340394196,29753
"(0.8315995778682346, 0.9861673414304992)",1,97.98898885468888,29754
"(0.8958208965097509, 0.9958292603453894)",1,97.9889425979977,29755
"(0.9876066164491212, 0.9958292603453894)",1,97.98892516571566,29756
"(0.4039045743444857, 0.9882048106149588)",1,97.98885122912064,29757
"(0.8420013166556946, 0.9833229101521784)",1,97.9888335056687,29758
"(0.8796475392220073, 0.9833229101521784)",1,97.9887991272092,29759
"(0.5478924718653392, 1.0)",1,97.988639317648,29760
"(0.5555555555555555, 0.9833229101521784)",2,97.9885936972542,29762
"(0.934065934065934, 0.9833229101521784)",1,97.98856943070206,29763
"(0.8148308968977662, 0.9861673414304992)",1,97.98850717926284,29764
"(0.4012260196502799, 0.9981012669018314)",1,97.98822372305996,29765
"(0.9830687830687832, 0.9958292603453894)",1,97.98818957082634,29766
"(0.5126865457302712, 0.9992416608232524)",1,97.988111974548,29767
"(0.8329339143064635, 0.9861673414304992)",1,97.9879762506673,29768
"(0.8974984433303618, 0.9832184229069656)",1,97.98778155954842,29769
"(0.664091471262014, 1.0)",1,97.98777196556432,29770
"(0.6179693015417549, 1.0)",1,97.9877590958989,29771
"(0.7222222222222221, 0.9833229101521784)",1,97.98759499933638,29772
"(0.920238255356524, 0.9834113430318364)",1,97.98755852673484,29773
"(0.4737094237094237, 0.9861673414304992)",1,97.98751413672692,29774
"(0.930124456440246, 0.9861673414304992)",1,97.98748122393278,29775
"(0.9788283442948758, 0.9958292603453894)",1,97.98745694505529,29776
"(0.4957093292502148, 0.9984817852901372)",1,97.98740603378674,29777
"(0.8579868984630887, 0.9861673414304992)",1,97.98739403453705,29778
"(0.8883678678403513, 0.9861673414304992)",1,97.98736419997265,29779
"(0.9028964862298196, 0.9861673414304992)",1,97.98712608184086,29780
"(0.9916585206907788, 0.9958292603453894)",2,97.98707562426468,29782
"(0.2129589331764703, 1.0)",3,97.98681498541544,29785
"(0.8889879095872683, 0.979166518665308)",1,97.98680392647844,29786
"(0.8478418336329888, 0.991206314397104)",1,97.98678975160684,29787
"(0.8751897860593512, 0.9861673414304992)",1,97.98670882461708,29788
"(0.6886904761904762, 1.0)",1,97.9865559657744,29789
"(0.4606973696770164, 0.9975000781372088)",1,97.98643341917762,29790
"(0.9019292060258446, 0.9861673414304992)",1,97.9863871994208,29791
"(0.6892156862745098, 0.9861673414304992)",1,97.98632193912027,29792
"(0.9019292060258446, 0.9861673414304992)",3,97.98630812891965,29795
"(0.9916585206907788, 0.9958292603453894)",1,97.986271253461,29796
"(0.8584175084175085, 0.9861673414304992)",1,97.9862391405363,29797
"(0.9665831244778612, 0.9833229101521784)",1,97.9862132202368,29798
"(0.8796475392220073, 0.9833229101521784)",1,97.98598868864217,29799
"(0.972420634920635, 0.9861673414304992)",1,97.98597356476218,29800
"(0.9790972342015986, 0.9958292603453894)",1,97.9858632496731,29801
"(0.7580266955266955, 0.9861673414304992)",1,97.98580564687305,29802
"(0.9445235834124724, 1.0)",1,97.9857360023258,29803
"(0.8584175084175085, 0.9861673414304992)",1,97.98549800448174,29804
"(0.8621031746031745, 0.9861310021084456)",1,97.98549407361004,29805
"(0.9751539794803552, 0.9958292603453894)",1,97.98522775854836,29806
"(0.7453091184935634, 0.991206314397104)",1,97.9849977185194,29807
"(0.9539751547184644, 0.9832184229069656)",1,97.98498952977272,29808
"(0.6011178661408698, 1.0)",1,97.98495121622864,29809
"(0.9916339869281046, 0.9958292603453894)",1,97.98480778865512,29810
"(0.8587195484254307, 0.9861310021084456)",1,97.984636502954,29811
"(0.7651777469990767, 0.991206314397104)",1,97.9846228628836,29812
"(0.7309417380104554, 1.0)",3,97.98443242238912,29815
"(0.6526770767943084, 0.9861673414304992)",1,97.98423732875936,29816
"(0.8725676897516909, 0.983305541180304)",1,97.98393835039668,29817
"(0.9098759089802734, 0.9832462877624168)",1,97.98389401164832,29818
"(0.9874762808349148, 0.9958292603453894)",1,97.98372245867604,29819
"(0.9499687304565352, 0.9833229101521784)",1,97.98354743958085,29820
"(0.7823116219667945, 0.9861673414304992)",2,97.98345989502128,29822
"(0.9750854369118126, 0.9958292603453894)",1,97.98344113385753,29823
"(0.8478418336329888, 0.991206314397104)",1,97.98322410885434,29824
"(0.9026337658413128, 0.9861673414304992)",1,97.9831940637391,29825
"(0.8586166985951469, 0.9861310021084456)",1,97.98299829073407,29826
"(0.9916585206907788, 0.9958292603453894)",1,97.98293001811624,29827
"(0.7977749180480272, 0.9861673414304992)",1,97.98277880305204,29828
"(0.6611718926579557, 0.9861310021084456)",1,97.98262799156664,29829
"(0.7856964763329513, 0.9861673414304992)",1,97.98248129833884,29830
"(0.4955558486584263, 0.9987500214884376)",1,97.98234656189044,29831
"(0.7368760064412239, 0.9861673414304992)",1,97.9821869285606,29832
"(0.3974337753332183, 0.9992416608232524)",1,97.98215956831764,29833
"(0.7942038054814895, 0.9861673414304992)",1,97.98215864129496,29834
"(0.8016677935542034, 0.9833229101521784)",1,97.98209844137004,29835
"(0.5730351811691473, 0.9844586079229916)",1,97.98205262843967,29836
"(0.8483418730488175, 0.9958292603453894)",1,97.98201296363288,29837
"(0.9326599326599326, 0.9833229101521784)",1,97.9818637825823,29838
"(0.8322510822510822, 0.9861673414304992)",1,97.98184649341512,29839
"(0.7942038054814895, 0.9861673414304992)",1,97.98177935231386,29840
"(0.9244352123384382, 0.9834113430318364)",1,97.9817529486386,29841
"(0.8010054664946871, 0.9861673414304992)",2,97.98171968969169,29843
"(0.4737094237094237, 0.9861673414304992)",1,97.98170234184133,29844
"(0.4847252958987063, 0.9937491695468736)",1,97.9816634583694,29845
"(0.8110682791635173, 0.9861673414304992)",1,97.98165530121624,29846
"(0.8003813092161745, 0.9832462877624168)",1,97.98163707662052,29847
"(0.8416827657517105, 0.9861310021084456)",1,97.9816367830031,29848
"(0.6825396825396824, 0.9833229101521784)",1,97.98141366549584,29849
"(0.9706172005998612, 0.9958292603453894)",2,97.9812984084428,29851
"(0.476193313409349, 0.992500421898732)",1,97.98124586706442,29852
"(0.7368760064412239, 0.9861673414304992)",1,97.98121209893507,29853
"(0.6825396825396824, 0.9833229101521784)",1,97.98120021896698,29854
"(0.9177366931314298, 0.9834113430318364)",1,97.98114702606745,29855
"(0.9497171590194848, 0.9833229101521784)",1,97.98097337518782,29856
"(0.979051756240299, 1.0)",2,97.98096337857764,29858
"(0.8344065656565657, 0.9861673414304992)",1,97.98095348576076,29859
"(0.9749088814411396, 1.0)",1,97.98092038502182,29860
"(0.5070372093557577, 0.9861310021084456)",3,97.98089112515032,29863
"(0.8056354979267693, 0.9861310021084456)",1,97.98088085238776,29864
"(0.8478418336329888, 0.991206314397104)",3,97.98071767287524,29867
"(0.5081592004685413, 0.9988642062668746)",1,97.9807047636573,29868
"(0.6736022307473716, 0.9861673414304992)",1,97.98070376360393,29869
"(0.7401844059863599, 0.9861673414304992)",2,97.98029917765896,29871
"(0.8318290279074593, 0.9861673414304992)",1,97.98015188540286,29872
"(0.1357209660560048, 1.0)",1,97.98010639192188,29873
"(0.9460547122074636, 0.9791102677630192)",1,97.98005982303032,29874
"(0.789994229453279, 0.9861673414304992)",1,97.98005156045178,29875
"(0.8804215399610136, 0.991206314397104)",3,97.9799871064095,29878
"(0.5466837142306626, 0.9861673414304992)",1,97.97995277402742,29879
"(0.7997685185185185, 0.9861673414304992)",1,97.97990052447992,29880
"(0.8016677935542034, 0.9833229101521784)",1,97.9798752052084,29881
"(0.8315474711586087, 0.9958292603453894)",1,97.97983290651632,29882
"(0.4468328406505846, 0.9861673414304992)",1,97.97938155584151,29883
"(0.9486619426325308, 1.0)",1,97.97923914553888,29884
"(0.765692887308966, 0.9861310021084456)",1,97.97923035325896,29885
"(0.8085259100433108, 0.9861673414304992)",1,97.97910366806342,29886
"(0.8579868984630887, 0.9861673414304992)",1,97.97910015290384,29887
"(0.9665831244778612, 1.0)",1,97.97908057386384,29888
"(0.7218114213846213, 1.0)",1,97.979056714694,29889
"(0.8579868984630887, 0.9861673414304992)",1,97.97887143166449,29890
"(0.6749447402728794, 0.9861310021084456)",1,97.97882806918491,29891
"(0.4514795008912656, 0.9987499746026686)",1,97.97881932834004,29892
"(0.7513138206634794, 0.9861310021084456)",1,97.9783976773832,29893
"(0.8491340807583629, 0.9861673414304992)",1,97.97838981552763,29894
"(0.4878472222222222, 0.9861673414304992)",1,97.97833167791596,29895
"(0.9244352123384382, 0.9832925076188832)",1,97.97825897187896,29896
"(0.4925733396357239, 0.9975000781372088)",3,97.97824108081092,29899
"(0.927082576248316, 0.9832184229069656)",1,97.97813628246377,29900
"(0.9833251873574456, 0.9958292603453894)",1,97.977989576606,29901
"(0.5478924718653392, 1.0)",3,97.97796205434598,29904
"(0.893146638589877, 0.9882048106149588)",1,97.9778588582804,29905
"(0.8976982097186702, 0.9833229101521784)",1,97.97784203394468,29906
"(0.4737094237094237, 0.9861673414304992)",1,97.97753655723383,29907
"(0.6611718926579557, 0.9861310021084456)",1,97.97729537005364,29908
"(0.9230468061350414, 0.9834113430318364)",1,97.97708404147942,29909
"(0.6506175903370293, 1.0)",1,97.9769327158283,29910
"(0.9061764476533613, 0.9832925076188832)",1,97.97689296062566,29911
"(0.940928587432546, 0.9790476832523552)",1,97.9766627062006,29912
"(0.9297812306740878, 1.0)",1,97.97658181034552,29913
"(0.8902783631946863, 0.9861673414304992)",1,97.9765623111541,29914
"(0.9791299139401608, 0.9958292603453894)",1,97.97653223137442,29915
"(0.4777955536474655, 0.9984817852901372)",3,97.97638495374656,29918
"(0.8953070234345595, 0.979166518665308)",1,97.97637837245826,29919
"(0.9832965806068272, 1.0)",1,97.97614485748116,29920
"(0.8876473063973064, 0.9861673414304992)",1,97.97609365944398,29921
"(0.6736022307473716, 0.9861673414304992)",1,97.97607862657632,29922
"(0.9749706744868036, 0.9958292603453894)",1,97.9760629428808,29923
"(0.90224161204236, 0.9861310021084456)",1,97.97600175357664,29924
"(0.8810064268049709, 0.991206314397104)",1,97.9759725042112,29925
"(0.8315995778682346, 0.9861673414304992)",2,97.975777276931,29927
"(0.9284571698606786, 0.9832462877624168)",1,97.97567058351144,29928
"(0.5562558356676003, 0.9861673414304992)",1,97.97562503795912,29929
"(0.9154520780570968, 0.9832925076188832)",1,97.97545106769806,29930
"(0.4747763864042934, 0.9882048106149588)",1,97.97517682922415,29931
"(0.9161952650324744, 0.9833229101521784)",1,97.97515245581886,29932
"(0.9177366931314298, 0.9834113430318364)",1,97.9750524665806,29933
"(0.5645385516935667, 1.0)",1,97.97498695933386,29934
"(0.9369138996969484, 0.9958292603453894)",1,97.9748247663171,29935
"(0.8315995778682346, 0.9861673414304992)",1,97.9748022732857,29936
"(0.5993386243386243, 0.9861310021084456)",1,97.97472206936946,29937
"(0.3067412107187314, 0.9996210215628012)",1,97.97472170197226,29938
"(0.5037765037765038, 0.9861673414304992)",1,97.9746486332696,29939
"(0.8110682791635173, 0.9861673414304992)",1,97.97463740480414,29940
"(0.9497171590194848, 0.9833229101521784)",1,97.97423390600096,29941
"(0.9031820158724008, 0.9861310021084456)",1,97.97399348023364,29942
"(0.9297812306740878, 1.0)",1,97.9739905783958,29943
"(0.9916585206907788, 0.9958292603453894)",1,97.97383809040544,29944
"(0.4737094237094237, 0.9861673414304992)",1,97.97368214697852,29945
"(0.7837606837606838, 0.9861673414304992)",1,97.97350737406047,29946
"(0.8753086419753084, 0.9861310021084456)",1,97.97350390308311,29947
"(0.4924642862429867, 0.9887476607899144)",1,97.97333734329402,29948
"(0.9666666666666668, 0.9833229101521784)",2,97.9732600669272,29950
"(0.8587708587708588, 0.9870601047071634)",1,97.97320472057118,29951
"(0.9586562930696936, 0.987463247273494)",1,97.97309995570753,29952
"(0.9916585206907788, 0.9958292603453894)",1,97.97307364494644,29953
"(0.9499687304565352, 0.9833229101521784)",1,97.97304498139628,29954
"(0.4776877676981033, 0.9984817852901372)",1,97.9728175520234,29955
"(0.4319035504296698, 0.9962501582231502)",2,97.97277996092832,29957
"(0.987491854024112, 0.9958292603453894)",2,97.97244183372436,29959
"(0.7164894725870335, 1.0)",1,97.97236954896113,29960
"(0.5111533646322378, 0.9988642062668746)",1,97.97234791383084,29961
"(0.9105639975723868, 0.9873891625615764)",1,97.9722491633171,29962
"(0.9061764476533613, 0.9834113430318364)",1,97.97221376238213,29963
"(0.3188477500068535, 0.996575280197092)",1,97.97208528713104,29964
"(0.7580266955266955, 0.9861673414304992)",1,97.97205894036315,29965
"(0.8152898027898028, 0.9861673414304992)",1,97.9718820011021,29966
"(0.8874191651969431, 0.9861673414304992)",1,97.97187718045272,29967
"(0.4737094237094237, 0.9861310021084456)",1,97.97185410457092,29968
"(0.9029281534808432, 0.9861673414304992)",1,97.97173219368902,29969
"(0.8366899508203856, 0.9861310021084456)",1,97.97161046218636,29970
"(0.6992775742775743, 0.9861673414304992)",1,97.9715259362363,29971
"(0.4423707251851418, 0.9861310021084456)",1,97.97150654719786,29972
"(0.4987711467817516, 0.9975000781372088)",1,97.97149663389268,29973
"(0.4943189964157706, 1.0)",1,97.97148653459816,29974
"(1.0, 0.9958292603453894)",1,97.97147880655857,29975
"(0.4943189964157706, 1.0)",1,97.97140058253852,29976
"(0.9153439153439156, 0.9833229101521784)",1,97.97129720531868,29977
"(0.5292931359082562, 1.0)",1,97.97126657984931,29978
"(0.5555555555555555, 0.9833229101521784)",1,97.97125286637484,29979
"(0.9041196741854636, 0.991206314397104)",1,97.97114963780534,29980
"(0.8879608405415911, 0.988167361639188)",1,97.97109858643984,29981
"(0.8056354979267693, 0.9861310021084456)",1,97.9708614083398,29982
"(0.6962461114805364, 0.9969573675011548)",1,97.9707450787936,29983
"(0.9874877810361682, 0.9958292603453894)",2,97.97058973922606,29985
"(0.8743078626799556, 0.9861310021084456)",1,97.9705729373415,29986
"(0.7997685185185185, 0.9861673414304992)",1,97.97050473582225,29987
"(0.8587708587708588, 0.9870601047071634)",1,97.97048553231534,29988
"(0.9876106894370652, 0.9958292603453894)",1,97.97047679933893,29989
"(0.7708276936959106, 0.9861310021084456)",1,97.97038159732703,29990
"(0.3930894945067609, 0.9987499746026686)",1,97.9703075588466,29991
"(0.9161952650324744, 0.9833229101521784)",1,97.97020206602458,29992
"(0.457262827025654, 0.9981012669018314)",1,97.97008083762276,29993
"(0.9374843410636878, 0.9834113430318364)",1,97.97003819768258,29994
"(0.485879976270526, 0.9977203590215908)",1,97.96984263466004,29995
"(0.902898027898028, 0.9861310021084456)",1,97.96980809844236,29996
"(0.9791348015256934, 0.9958292603453894)",1,97.9697957784001,29997
"(0.7368760064412239, 0.9861673414304992)",1,97.9697337333148,29998
"(0.7837606837606838, 0.9861673414304992)",1,97.96972624333284,29999
"(0.974833726256876, 0.9958292603453894)",1,97.96970560136351,30000
"(0.484646846010113, 0.99499949979992)",2,97.96943810426052,30002
"(0.9061764476533613, 0.9834113430318364)",1,97.96942636374304,30003
"(0.8315995778682346, 0.9861673414304992)",1,97.96939967338842,30004
"(0.9746535316523212, 0.9958292603453894)",1,97.96937847868402,30005
"(0.8533622685185187, 0.9861673414304992)",1,97.96936790052838,30006
"(0.9539751547184644, 0.9832462877624168)",1,97.96919755581725,30007
"(0.9793622864590606, 0.9958292603453894)",2,97.9691613036673,30009
"(0.4737094237094237, 0.9861673414304992)",2,97.96898864100088,30011
"(0.7342711301044634, 0.9872890642121412)",3,97.96897507670224,30014
"(0.9372650231764934, 0.9874762808349148)",1,97.96896035542056,30015
"(0.8676532769556025, 0.9885557944107872)",1,97.96878694537205,30016
"(0.928246646317542, 0.9790476832523552)",1,97.96875324812248,30017
"(0.4530386103743641, 0.9974998905914936)",2,97.96864819217966,30019
"(1.0, 0.9833229101521784)",1,97.96858651736704,30020
"(0.950175761409158, 0.9790476832523552)",1,97.96855600403087,30021
"(0.8194074731341813, 0.9861673414304992)",1,97.9685489991431,30022
"(0.6070991828496547, 1.0)",1,97.96806490674138,30023
"(0.9707071808622552, 0.9958292603453894)",1,97.96779672910672,30024
"(0.7837606837606838, 0.9861673414304992)",1,97.96746202261907,30025
"(1.0, 0.9958292603453894)",1,97.96744523769138,30026
"(0.6992775742775743, 0.9861673414304992)",1,97.96743570012612,30027
"(0.5668351162239414, 1.0)",3,97.967053219768,30030
"(0.6526770767943084, 0.9861310021084456)",2,97.96680694706136,30032
"(0.5218438528010998, 0.9861310021084456)",1,97.9667855288028,30033
"(0.8388048698116161, 0.9861673414304992)",1,97.96676396246924,30034
"(0.5466837142306626, 0.9861673414304992)",2,97.96671926746104,30036
"(0.7090909090909091, 0.9833229101521784)",1,97.9667059943771,30037
"(0.9372650231764934, 0.9832462877624168)",1,97.96662858963872,30038
"(0.9750943974852894, 0.9958292603453894)",1,97.9664403117154,30039
"(0.4935497074925994, 0.9962497362353954)",1,97.96627482276318,30040
"(0.5153209052589321, 0.9962497362353954)",1,97.96619268823422,30041
"(0.7492637423027605, 0.9870601047071634)",1,97.96614503712064,30042
"(0.4921512824029625, 0.9912488373656227)",1,97.96608979005563,30043
"(0.8358530587380517, 0.9832184229069656)",1,97.96602017851838,30044
"(0.7772049591964847, 0.9861673414304992)",1,97.96599222865744,30045
"(0.5512873845845042, 0.986249032863116)",1,97.96581230444068,30046
"(0.484646846010113, 0.9974998905914936)",1,97.96562397384132,30047
"(0.5187734941865547, 0.9861310021084456)",1,97.96553911024192,30048
"(0.7837606837606838, 0.9861673414304992)",1,97.96553818695983,30049
"(0.813515418166581, 0.988167361639188)",1,97.96551114971096,30050
"(0.4925285484808521, 0.9949997811829872)",1,97.96530682248095,30051
"(0.934065934065934, 0.9833229101521784)",2,97.96526026910487,30053
"(0.5466837142306626, 0.9861673414304992)",1,97.96510614254044,30054
"(0.4965663004560743, 0.9900005000500052)",1,97.9649624679862,30055
"(0.94291309888229, 0.991206314397104)",1,97.96489098743356,30056
"(0.4609162804468383, 0.9912488373656227)",1,97.9647638622755,30057
"(0.6825396825396824, 0.9833229101521784)",1,97.96471572928571,30058
"(0.5891971035837016, 1.0)",1,97.96437536169164,30059
"(0.8587708587708588, 0.9870601047071634)",1,97.96436029071776,30060
"(0.9497171590194848, 0.9833229101521784)",4,97.96429628534,30064
"(0.8899966931216932, 0.9861310021084456)",1,97.9641965652994,30065
"(0.4795837122630575, 0.9988630646884038)",1,97.9641768404516,30066
"(0.8734313112361893, 0.9861673414304992)",1,97.96405769768084,30067
"(0.4737094237094237, 0.9861673414304992)",1,97.96403505838674,30068
"(0.9497171590194848, 0.9833229101521784)",1,97.96391614882826,30069
"(0.8874191651969431, 0.9861673414304992)",1,97.96388524773003,30070
"(0.8874191651969431, 0.9861673414304992)",1,97.96385556185152,30071
"(0.8976982097186702, 0.9833229101521784)",2,97.9638307209259,30073
"(0.940928587432546, 0.9832184229069656)",1,97.96378850202116,30074
"(0.8358530587380517, 0.9832184229069656)",1,97.9636788914207,30075
"(0.1712250342729518, 1.0)",1,97.96309594589258,30076
"(0.8344065656565657, 0.9861673414304992)",1,97.96308754849376,30077
"(0.9791258409522168, 0.9958292603453894)",2,97.96306723281604,30079
"(0.8010054664946871, 0.9861673414304992)",1,97.9630332179696,30080
"(0.6825396825396824, 0.9833229101521784)",1,97.962978399071,30081
"(0.5466837142306626, 0.9861673414304992)",1,97.96290936816008,30082
"(0.5734466317588319, 0.9969573675011548)",1,97.96287467313373,30083
"(0.7401844059863599, 0.9861673414304992)",1,97.96280476951324,30084
"(0.765692887308966, 0.9861310021084456)",1,97.9627519976207,30085
"(0.9017715617715616, 0.9861673414304992)",1,97.96264859082324,30086
"(0.7177557566527076, 1.0)",1,97.96260152330548,30087
"(0.8982888105990573, 0.9832184229069656)",1,97.96246952531858,30088
"(0.8388048698116161, 0.9861673414304992)",1,97.9624128286648,30089
"(0.4686395911561979, 0.9887492087061858)",1,97.9621842156704,30090
"(0.9586562930696936, 0.979166518665308)",1,97.962147749142,30091
"(0.5126865457302712, 0.9996210215628012)",1,97.96189374504311,30092
"(0.9916625936787228, 0.9958292603453894)",1,97.96151649233478,30093
"(0.9017715617715616, 0.9861673414304992)",2,97.96134424709936,30095
"(0.5951215675790986, 1.0)",3,97.96131020029524,30098
"(0.7109688804604058, 0.9861310021084456)",1,97.96102660158816,30099
"(0.9580602951397298, 0.9958292603453894)",1,97.96100385635933,30100
"(0.5208957469413343, 0.9988619159967322)",3,97.96099664007164,30103
"(0.503514376678064, 0.9950429441987424)",1,97.96081313620358,30104
"(0.8733799478600891, 0.979166518665308)",1,97.96070073643703,30105
"(0.4737094237094237, 0.9861310021084456)",1,97.96053669675528,30106
"(0.6324707692241994, 0.9861673414304992)",1,97.96041531579102,30107
"(0.8899966931216932, 0.9861310021084456)",1,97.9603933494728,30108
"(0.9041196741854636, 0.991206314397104)",1,97.96037422487868,30109
"(0.8897212867434523, 0.9832184229069656)",1,97.96035489422094,30110
"(0.4039045743444857, 0.9885557944107872)",1,97.9602863852346,30111
"(0.9743030741133208, 0.9958292603453894)",1,97.9602780202341,30112
"(0.9791585206907788, 0.9958292603453894)",2,97.96025877480528,30114
"(0.9244352123384382, 0.979166518665308)",1,97.95956072663554,30115
"(0.4737094237094237, 0.9861673414304992)",1,97.95951021911333,30116
"(0.8596618357487924, 0.9861673414304992)",1,97.95947112981332,30117
"(0.865581803207783, 0.991206314397104)",2,97.95915024779012,30119
"(0.8947046219773493, 0.988167361639188)",1,97.95902179456792,30120
"(0.4961453064375241, 0.9987499746026686)",2,97.95885514321702,30122
"(0.927082576248316, 0.9834113430318364)",1,97.95879643361506,30123
"(0.3354976707716434, 0.9977203590215908)",1,97.95876792909314,30124
"(0.9102539775554236, 0.9832462877624168)",1,97.95864714228033,30125
"(0.7453091184935634, 0.991206314397104)",2,97.95835373166842,30127
"(0.6011178661408698, 1.0)",2,97.95826065426724,30129
"(0.987463247273494, 0.9958292603453894)",2,97.9582160321078,30131
"(0.94484126984127, 0.9861673414304992)",2,97.95817142571542,30133
"(0.5056778729738882, 0.9974998905914936)",1,97.9581335318417,30134
"(0.4405426821487814, 0.9988619159967322)",1,97.95813028520892,30135
"(0.4992218132083787, 0.9996210215628012)",3,97.95810302279816,30138
"(0.8974984433303618, 0.9916339869281046)",1,97.95776112274052,30139
"(0.8431623931623932, 0.9870601047071634)",1,97.95775514313928,30140
"(0.5548787272151094, 0.9984863658725142)",1,97.95755832282062,30141
"(0.7368760064412239, 0.9861673414304992)",2,97.95747270040762,30143
"(0.7090909090909091, 0.9833229101521784)",2,97.95743142450014,30145
"(0.4423707251851418, 0.9861310021084456)",1,97.95732484385124,30146
"(0.8455704732698088, 0.9861310021084456)",1,97.95729775250165,30147
"(0.6749447402728794, 0.9861310021084456)",1,97.9572736356188,30148
"(0.8899478657543174, 0.9861673414304992)",1,97.95715272032652,30149
"(0.5290733844468785, 0.9887476607899144)",1,97.95709196508444,30150
"(0.8478418336329888, 0.991206314397104)",1,97.95683991445236,30151
"(0.6825396825396824, 0.9833229101521784)",1,97.95683185767368,30152
"(0.6575398846941737, 0.9882048106149588)",1,97.95666501349557,30153
"(0.5137024199841741, 0.9984817852901372)",1,97.95664246320614,30154
"(0.6142380146189402, 1.0)",1,97.95656000654964,30155
"(0.620130835563485, 0.991206314397104)",1,97.95648466932931,30156
"(0.8333192389006343, 0.988167361639188)",1,97.95643051844738,30157
"(0.979051756240299, 1.0)",1,97.95633995013306,30158
"(0.2573753482290067, 0.9992416608232524)",3,97.95611929562116,30161
"(0.9665831244778612, 0.9833229101521784)",1,97.95605277080205,30162
"(0.9958292603453894, 0.9958292603453894)",1,97.95589240935604,30163
"(0.7090909090909091, 1.0)",1,97.95586669882246,30164
"(0.8558506308506308, 0.9861673414304992)",1,97.9557739478688,30165
"(0.9503122778456484, 0.9832925076188832)",1,97.9557277010216,30166
"(0.476767449342614, 0.9992416608232524)",1,97.955682248593,30167
"(0.8177442148030384, 0.9833229101521784)",1,97.95555935929345,30168
"(0.8085259100433108, 0.9861673414304992)",1,97.95553566242548,30169
"(0.9582210352371644, 0.9958292603453894)",1,97.95549323424513,30170
"(0.9011810599946194, 0.9861673414304992)",2,97.95547394908225,30172
"(0.9916585206907788, 0.9958292603453894)",1,97.95547131048356,30173
"(0.9497171590194846, 0.9833229101521784)",1,97.9553476188996,30174
"(0.3991357684021978, 1.0)",1,97.95532221179684,30175
"(0.8899966931216932, 0.9861310021084456)",1,97.95500010008178,30176
"(0.9177366931314298, 0.979166518665308)",2,97.9549639638364,30178
"(0.5218438528010998, 0.9861310021084456)",1,97.95479014921058,30179
"(0.5478924718653392, 1.0)",3,97.95476486152089,30182
"(0.975479255167798, 0.9958292603453894)",2,97.95468110183292,30184
"(0.502001702724359, 0.9975000781372088)",1,97.95463758042274,30185
"(0.8796475392220073, 0.9833229101521784)",1,97.95459679244144,30186
"(0.5555555555555555, 0.9833229101521784)",2,97.95455493016472,30188
"(0.4925285484808521, 0.9962499238080056)",1,97.95454049098409,30189
"(0.7222222222222221, 0.9833229101521784)",1,97.95445069835316,30190
"(0.9707071808622552, 0.9958292603453894)",1,97.9543640547328,30191
"(0.5218438528010998, 0.9861310021084456)",1,97.95428824718611,30192
"(0.8208353559736048, 0.9861673414304992)",1,97.95415332834358,30193
"(0.9153439153439156, 0.9833229101521784)",1,97.9537500677924,30194
"(0.9833080808080809, 0.9958292603453894)",1,97.9531396520264,30195
"(0.8599687349687349, 0.9861310021084456)",1,97.95305683380386,30196
"(0.5466837142306626, 0.9861673414304992)",1,97.95300240291182,30197
"(0.5668351162239414, 1.0)",3,97.95292030566443,30200
"(0.5218438528010998, 0.9861310021084456)",1,97.95278818204363,30201
"(0.865581803207783, 0.991206314397104)",1,97.9527648533878,30202
"(0.485879976270526, 0.9984817852901372)",1,97.95270972917224,30203
"(0.979051756240299, 0.9958292603453894)",1,97.95269915402626,30204
"(0.8016677935542034, 0.9833229101521784)",1,97.95268443371916,30205
"(0.9750072792119512, 1.0)",1,97.95259553415076,30206
"(0.6800130179603725, 1.0)",1,97.95246321917568,30207
"(0.9079075500409146, 0.9790476832523552)",1,97.95245003252096,30208
"(0.8733799478600891, 0.9832184229069656)",1,97.9524057530935,30209
"(0.6784722222222224, 1.0)",1,97.95235031373736,30210
"(0.711778806550463, 1.0)",3,97.95233770442316,30213
"(0.5103469782909699, 0.9912488373656227)",1,97.95232968081204,30214
"(0.5466837142306626, 0.9861673414304992)",1,97.95232509100728,30215
"(0.9586562930696936, 0.9834113430318364)",1,97.95226547991476,30216
"(0.5316580479583238, 0.99249924969988)",1,97.95219714822436,30217
"(0.940928587432546, 0.979166518665308)",1,97.95217413643384,30218
"(0.9832965806068272, 0.9958292603453894)",1,97.95209001202592,30219
"(0.861952861952862, 0.9861310021084456)",1,97.9519650237781,30220
"(0.7183489076634237, 0.986081059422206)",1,97.9518862199491,30221
"(0.6972497837982629, 0.999621402088958)",1,97.95184439412796,30222
"(0.5466837142306626, 0.9861673414304992)",1,97.9517945052256,30223
"(0.5218438528010998, 0.9861310021084456)",1,97.9517713472567,30224
"(0.8567210567210567, 0.9861673414304992)",1,97.9517579317202,30225
"(0.5466837142306626, 0.9861673414304992)",1,97.95167066087686,30226
"(0.6698155645524068, 0.9833229101521784)",1,97.95163565131028,30227
"(0.6749447402728794, 0.9861310021084456)",1,97.95159172725884,30228
"(0.7837606837606838, 0.9861673414304992)",1,97.95147151349254,30229
"(0.5277652279377781, 1.0)",1,97.95128771904848,30230
"(0.4987398156700754, 0.9987499746026686)",1,97.95107934520736,30231
"(0.7368760064412239, 0.9861673414304992)",1,97.9507136721997,30232
"(0.9162596992611264, 0.9861673414304992)",1,97.95069919141848,30233
"(0.4943189964157706, 1.0)",1,97.95053413086292,30234
"(0.5066418935372837, 0.996575280197092)",1,97.95048740415425,30235
"(0.3991357684021978, 1.0)",3,97.9503856317355,30238
"(0.5942040059498339, 0.9912501504190636)",1,97.95030570874974,30239
"(0.4737094237094237, 0.9861673414304992)",1,97.95002208208987,30240
"(0.4906641414141414, 0.9899995623659744)",1,97.94997984450968,30241
"(0.7997685185185185, 0.9861673414304992)",1,97.94993555738624,30242
"(0.7997685185185185, 0.9861673414304992)",1,97.949877876896,30243
"(0.4755355605353038, 0.9988619159967322)",3,97.94980690805572,30246
"(0.6749447402728794, 0.9861310021084456)",1,97.94970105190548,30247
"(0.6576105142655866, 1.0)",1,97.9495732115818,30248
"(0.6749447402728794, 0.9861310021084456)",1,97.94946043963496,30249
"(0.7856964763329513, 0.9861673414304992)",1,97.94933747930564,30250
"(0.8751897860593512, 0.9861673414304992)",1,97.94930437708436,30251
"(0.9311507936507936, 0.9861673414304992)",1,97.9492214268412,30252
"(0.9832965806068272, 0.9958292603453894)",2,97.94904452148468,30254
"(0.4037090566294931, 0.9984817852901372)",1,97.94885828240189,30255
"(0.4076247491511041, 0.9984817852901372)",1,97.94883328918942,30256
"(0.7277677677677677, 1.0)",1,97.94867127421948,30257
"(0.828966378966379, 0.9861673414304992)",2,97.94865383629258,30259
"(0.2672914952175105, 0.9996210215628012)",3,97.94861895325732,30262
"(0.7109439652598261, 0.9996210215628012)",1,97.9484007165593,30263
"(0.8388048698116161, 0.9861673414304992)",1,97.94831398405748,30264
"(0.5172159656435519, 0.9988642062668746)",1,97.94831374735604,30265
"(0.5951215675790986, 1.0)",3,97.94821124291217,30268
"(0.7358297048863086, 0.9872890642121412)",1,97.948203461465,30269
"(0.5145696010475885, 0.9861310021084456)",1,97.94820065018352,30270
"(0.8810064268049709, 0.991206314397104)",1,97.94817272628032,30271
"(0.6324707692241994, 0.9861673414304992)",2,97.94813754219705,30273
"(0.9297812306740878, 1.0)",1,97.94811289368543,30274
"(0.4737094237094237, 0.9861310021084456)",1,97.94810669442052,30275
"(0.8344065656565657, 0.9861673414304992)",1,97.9480668683512,30276
"(0.8604306971015356, 0.9861673414304992)",2,97.9479003498566,30278
"(0.8312205288949474, 0.9882048106149588)",1,97.9477352327104,30279
"(0.9665831244778612, 0.9833229101521784)",3,97.94744878095332,30282
"(0.8329339143064635, 0.9861673414304992)",1,97.9473117706738,30283
"(0.8431623931623932, 0.9870601047071634)",1,97.94730604235905,30284
"(0.8344065656565657, 0.9861673414304992)",1,97.94730587443432,30285
"(0.8177442148030384, 0.9833229101521784)",1,97.94723993068192,30286
"(0.933096859926128, 0.9833229101521784)",1,97.94721042183254,30287
"(0.4530386103743641, 0.9949997811829872)",2,97.94718574942418,30289
"(0.8976982097186702, 0.9833229101521784)",1,97.94709093525158,30290
"(0.974833726256876, 0.9958292603453894)",2,97.94699686187778,30292
"(0.789994229453279, 0.9861673414304992)",1,97.94688335883632,30293
"(0.9833229101521784, 1.0)",1,97.94676708909508,30294
"(0.8974984433303618, 0.9873891625615764)",1,97.9466984630334,30295
"(0.8148308968977662, 0.9861310021084456)",1,97.9464653596128,30296
"(0.7977749180480272, 0.9861673414304992)",1,97.94635950530127,30297
"(0.9707802886550516, 0.9958292603453894)",1,97.94632012729554,30298
"(0.9665831244778612, 1.0)",1,97.94627522710226,30299
"(0.9674564520532262, 0.9958292603453894)",1,97.94601221489016,30300
"(0.7168719671519223, 0.991206314397104)",1,97.94559404518483,30301
"(0.379260207853821, 0.9992416608232524)",3,97.9455580238405,30304
"(0.8315995778682346, 0.9861673414304992)",1,97.94552070427716,30305
"(0.620130835563485, 0.991206314397104)",1,97.94549757140042,30306
"(0.9161379295307868, 1.0)",1,97.94545833599892,30307
"(0.7460630399100241, 1.0)",3,97.94545168161612,30310
"(0.6324707692241994, 0.9861673414304992)",1,97.9453213143664,30311
"(0.2214665086585351, 0.9984817852901372)",1,97.94523693231378,30312
"(0.7280584513944579, 0.9861673414304992)",1,97.9452202999824,30313
"(0.9499687304565352, 0.9833229101521784)",2,97.9451808591732,30315
"(0.9791102677630192, 0.9958292603453894)",1,97.9450954050024,30316
"(0.3984101488896291, 0.9996210215628012)",3,97.94504228958874,30319
"(0.9460547122074636, 0.9832184229069656)",1,97.94500710397313,30320
"(0.702867567752065, 1.0)",1,97.94483271652328,30321
"(0.4923104882535888, 0.9987499746026686)",1,97.94450932928808,30322
"(0.8152898027898028, 0.9861673414304992)",1,97.94425761900688,30323
"(0.4423707251851418, 0.9861310021084456)",1,97.94423961495522,30324
"(0.6472942352413201, 0.9887485051843724)",1,97.94388586469891,30325
"(0.8608241028356948, 0.9832462877624168)",1,97.94386192789138,30326
"(0.4755355605353038, 0.9977203590215908)",3,97.9438139366698,30329
"(0.9153439153439156, 0.9833229101521784)",1,97.94367965542104,30330
"(0.94484126984127, 0.9861673414304992)",1,97.94364239831076,30331
"(0.8044914258149553, 0.9861310021084456)",1,97.94341498633568,30332
"(0.8152898027898028, 0.9861673414304992)",2,97.94335037357676,30334
"(0.6090651266678423, 1.0)",3,97.9432338857983,30337
"(0.8085259100433108, 0.9861673414304992)",1,97.94318862377663,30338
"(0.5250909268039229, 0.9988642062668746)",1,97.94313619590008,30339
"(0.7164894725870335, 1.0)",1,97.9429895157672,30340
"(0.7997685185185185, 0.9861673414304992)",1,97.94283115270645,30341
"(0.4775277477297871, 0.996575280197092)",1,97.94281667348903,30342
"(0.846098299557419, 0.9861673414304992)",1,97.94279437758122,30343
"(0.7376124238869338, 0.9872890642121412)",1,97.94216494094373,30344
"(0.8124923632552741, 0.9861673414304992)",1,97.94205474760084,30345
"(0.8587708587708588, 0.9870601047071634)",3,97.94205126499136,30348
"(0.9756244289830628, 0.9958292603453894)",1,97.9419496412873,30349
"(0.8315995778682346, 0.9861673414304992)",1,97.9419170013658,30350
"(0.789994229453279, 0.9861673414304992)",2,97.94187565225891,30352
"(0.9061764476533613, 0.9832925076188832)",1,97.94187286038886,30353
"(0.9623066688389268, 0.9958292603453894)",1,97.94167750006278,30354
"(0.5778206440811193, 1.0)",1,97.941597707328,30355
"(0.9707095350359108, 0.9958292603453894)",2,97.94155633040492,30357
"(0.8208353559736048, 0.9861673414304992)",1,97.9414817512374,30358
"(0.5680245864444272, 0.9984817852901372)",1,97.94141002946718,30359
"(0.8124923632552741, 0.9861673414304992)",1,97.94134054116532,30360
"(0.966586548597934, 0.9832462877624168)",1,97.94113686070268,30361
"(0.97934925289764, 0.9958292603453894)",1,97.94099615354808,30362
"(0.9788980434141724, 0.9958292603453894)",1,97.94094898643324,30363
"(0.9499687304565352, 0.9833229101521784)",1,97.94087972630533,30364
"(0.6749447402728794, 0.9861310021084456)",1,97.94081691366702,30365
"(0.4743478079735079, 1.0)",3,97.94052010067692,30368
"(0.8810064268049709, 0.991206314397104)",1,97.9404975233338,30369
"(0.7942038054814895, 0.9861673414304992)",1,97.94042660380764,30370
"(0.5715397013354384, 0.9981012669018314)",1,97.9403195273134,30371
"(0.8604306971015356, 0.9861673414304992)",1,97.94031098070484,30372
"(0.8071948928825261, 0.9861673414304992)",1,97.94023171172044,30373
"(0.5928342620051786, 1.0)",1,97.94016170536553,30374
"(0.7439393939393939, 1.0)",1,97.9400117901554,30375
"(0.6611718926579557, 0.9861310021084456)",2,97.93996976242217,30377
"(1.0, 1.0)",2,97.93995743695152,30379
"(0.440594458995568, 0.9975000781372088)",1,97.93984443897962,30380
"(0.9019292060258446, 0.9861673414304992)",1,97.93982855367328,30381
"(0.9707095350359108, 0.9958292603453894)",1,97.9397857853813,30382
"(0.92132700797001, 0.979166518665308)",1,97.93975683053073,30383
"(0.9503122778456484, 0.9832184229069656)",1,97.93966731229592,30384
"(0.8056354979267693, 0.9861310021084456)",1,97.93941182078213,30385
"(0.8478418336329888, 0.991206314397104)",1,97.93940105360583,30386
"(0.9665831244778612, 0.9833229101521784)",1,97.93931298512771,30387
"(0.5562558356676003, 0.9861673414304992)",1,97.9392839760394,30388
"(0.5145696010475885, 0.9861310021084456)",2,97.93923656464744,30390
"(0.5187734941865547, 0.9861310021084456)",1,97.93921967745628,30391
"(0.861111111111111, 0.9833229101521784)",1,97.93899709143616,30392
"(0.8589064384650125, 0.9832462877624168)",1,97.9389771225238,30393
"(0.9154520780570968, 0.9832462877624168)",1,97.9388764122101,30394
"(0.7516483516483518, 0.9861673414304992)",1,97.93881475728354,30395
"(0.9326599326599326, 0.9833229101521784)",1,97.93880666883192,30396
"(0.8524016298728943, 0.9832679738562092)",2,97.93877335809316,30398
"(0.4631616549920088, 0.9954266299414484)",1,97.93871092580882,30399
"(0.9792521035784794, 0.9958292603453894)",1,97.93866949987805,30400
"(0.5555555555555555, 0.9833229101521784)",3,97.93856242771076,30403
"(0.5555555555555555, 0.9833229101521784)",1,97.93849973188424,30404
"(0.4606973696770164, 0.9975000781372088)",1,97.9384770688667,30405
"(0.8587708587708588, 0.9870601047071634)",1,97.93837434090533,30406
"(0.5218438528010998, 0.9861310021084456)",2,97.93820453749126,30408
"(0.596010533010056, 0.98999899959984)",1,97.93809092112096,30409
"(0.8796475392220073, 0.9833229101521784)",1,97.93772739974092,30410
"(0.987463247273494, 0.9958292603453894)",2,97.93756724918993,30412
"(0.4423707251851418, 0.9861310021084456)",2,97.93756370926222,30414
"(0.4468328406505846, 0.9861673414304992)",1,97.93754654330954,30415
"(0.7000013129045387, 0.9870601047071634)",1,97.93753030455689,30416
"(0.5187734941865547, 0.9861310021084456)",1,97.93716095664996,30417
"(0.8593554593554595, 0.9861673414304992)",1,97.93706936824316,30418
"(0.8175446168757694, 0.9861673414304992)",1,97.93699201557664,30419
"(0.4468328406505846, 0.9861673414304992)",1,97.93696385945888,30420
"(0.5082177015724898, 0.9987500214884376)",1,97.93681593313946,30421
"(0.7977749180480272, 0.9861673414304992)",1,97.93660485307548,30422
"(0.8589064384650125, 0.9832462877624168)",1,97.93651169984793,30423
"(0.9501005812039314, 0.9834113430318364)",1,97.93649282909423,30424
"(0.4912575527045726, 0.9987499746026686)",1,97.93642718801895,30425
"(0.4779320987654321, 0.9861310021084456)",1,97.93629762873822,30426
"(0.9539751547184644, 0.9832462877624168)",1,97.93625858331424,30427
"(0.5169664781532898, 0.9912488373656227)",2,97.93624574957826,30429
"(0.5049504801920769, 0.9962501582231502)",2,97.93618301352832,30431
"(0.7997685185185185, 0.9861673414304992)",1,97.93608126952137,30432
"(0.6784791526961461, 1.0)",3,97.93603393512136,30435
"(0.835848883169409, 0.988167361639188)",1,97.93571665925022,30436
"(0.5417100692802794, 0.9887466754435478)",1,97.9356745829608,30437
"(0.4345640839445211, 0.9981031933278868)",1,97.93567378172916,30438
"(0.4955558486584263, 0.9987499746026686)",2,97.93565435748164,30440
"(0.9466127311522048, 0.991206314397104)",3,97.93557781778392,30443
"(0.7855494505494506, 0.9870601047071634)",1,97.93554899333056,30444
"(0.5277652279377781, 0.9992431829362568)",1,97.93554222631772,30445
"(0.6611718926579557, 0.9861310021084456)",1,97.93545107239598,30446
"(0.8604306971015356, 0.9861673414304992)",1,97.93542213251249,30447
"(0.2214665086585351, 0.9984817852901372)",2,97.93523225319092,30449
"(0.564922563324656, 0.9961927960732532)",1,97.93520165065353,30450
"(0.987463247273494, 0.9958292603453894)",1,97.93515154464365,30451
"(0.8587195484254307, 0.9861310021084456)",1,97.93510668048154,30452
"(0.7090909090909091, 0.9833229101521784)",1,97.93484935656709,30453
"(0.9177366931314298, 0.979166518665308)",2,97.93481071255684,30455
"(0.4345640839445211, 0.9984817852901372)",1,97.93478445935388,30456
"(0.8589064384650125, 0.9832462877624168)",1,97.93477573620191,30457
"(0.7946380416968652, 0.9958292603453894)",1,97.93474525851978,30458
"(0.8593554593554595, 0.9861673414304992)",1,97.9347107391842,30459
"(0.4933386447129642, 0.9975000781372088)",3,97.9346102184541,30462
"(0.746304385688563, 0.986081059422206)",1,97.93459333350717,30463
"(0.8358530587380517, 0.9790476832523552)",1,97.93456403483474,30464
"(0.7837606837606838, 0.9861673414304992)",1,97.93442139376154,30465
"(0.9539751547184644, 0.9832462877624168)",1,97.93437522430732,30466
"(0.7856964763329513, 0.9861673414304992)",1,97.9342218954976,30467
"(0.8884797556713653, 0.9832462877624168)",1,97.9342188855063,30468
"(0.4957093292502148, 0.9973390598305516)",1,97.93407622081996,30469
"(0.8152898027898028, 0.9861673414304992)",1,97.93407412217564,30470
"(0.7856964763329513, 0.9861673414304992)",1,97.93405294449532,30471
"(0.6636745887678723, 1.0)",1,97.93305761530948,30472
"(0.8175446168757694, 0.9861673414304992)",1,97.93289883229818,30473
"(0.974833726256876, 0.9958292603453894)",2,97.932878196842,30475
"(0.5128086146849515, 0.999621402088958)",1,97.93275895879312,30476
"(0.8056354979267693, 0.9861310021084456)",1,97.93275709077486,30477
"(0.9503122778456484, 0.979166518665308)",1,97.9327493631209,30478
"(0.8016677935542034, 0.9833229101521784)",1,97.93247370775836,30479
"(0.8805377184744008, 0.9834113430318364)",1,97.9323513743148,30480
"(0.7823116219667945, 0.9861673414304992)",1,97.93234902434556,30481
"(0.9586562930696936, 0.979166518665308)",1,97.93232178877338,30482
"(0.6786000457875457, 0.9870601047071634)",1,97.93228729647116,30483
"(0.4407055363375315, 0.9974998905914936)",1,97.93227054925585,30484
"(0.8593554593554595, 0.9861673414304992)",1,97.93217388118715,30485
"(0.4943189964157706, 1.0)",1,97.93210704618632,30486
"(0.1523541666666666, 0.9984817852901372)",3,97.93199664460911,30489
"(0.8874191651969431, 0.9861673414304992)",2,97.93189631268012,30491
"(0.3703280442697561, 1.0)",3,97.93178158226306,30494
"(0.9706172005998612, 0.9958292603453894)",1,97.93176854762632,30495
"(0.5696789203510515, 0.9837478408218712)",1,97.93137467917477,30496
"(0.9057330122004186, 0.991206314397104)",1,97.93128553768996,30497
"(0.944073617452092, 0.986081059422206)",1,97.9312757052568,30498
"(0.8604306971015356, 0.9861673414304992)",1,97.9311436157292,30499
"(0.9831777451938742, 0.9958292603453894)",1,97.93101976348548,30500
"(0.6907243513029603, 1.0)",1,97.93092576794132,30501
"(0.9297812306740878, 1.0)",1,97.93079182224888,30502
"(0.6870644599303137, 0.9861310021084456)",1,97.93076958525496,30503
"(0.8733799478600891, 0.9790476832523552)",2,97.93062214902554,30505
"(0.6324707692241994, 0.9861673414304992)",1,97.9305775772339,30506
"(0.7772049591964847, 0.9861673414304992)",1,97.93044955851556,30507
"(0.6784722222222224, 1.0)",1,97.93039121982554,30508
"(0.944120583717358, 0.9832925076188832)",1,97.93039025091396,30509
"(0.4499384836938269, 0.9975000781372088)",1,97.93025806589692,30510
"(0.73687720936437, 0.9833229101521784)",1,97.93023748622916,30511
"(0.8593554593554595, 0.9861673414304992)",1,97.93020542473091,30512
"(0.9667018107340688, 0.979166518665308)",1,97.9300967851999,30513
"(0.6371362732694741, 0.9887492087061858)",1,97.92999548902452,30514
"(0.7109688804604058, 0.9861310021084456)",1,97.92995499902835,30515
"(0.7516483516483518, 0.9861673414304992)",1,97.92977179000992,30516
"(0.4423707251851418, 0.9861310021084456)",1,97.92962305600902,30517
"(0.2954225865399132, 0.9996210215628012)",1,97.92959756445096,30518
"(0.9102539775554236, 0.9832462877624168)",1,97.92951288787528,30519
"(0.9198255060602112, 0.9958292603453894)",1,97.92950457917868,30520
"(0.945878018492034, 0.9958292603453894)",2,97.92938060401184,30522
"(0.966586548597934, 0.9790755481078062)",1,97.92930000396484,30523
"(0.933096859926128, 0.9833229101521784)",3,97.92915975133587,30526
"(0.484731353858467, 0.9975000781372088)",1,97.92912864221316,30527
"(0.8887419165196944, 0.9861310021084456)",1,97.92885730316486,30528
"(0.4330451959188837, 0.9912488373656227)",1,97.92868987506236,30529
"(0.9262130464282252, 0.991206314397104)",1,97.92865255364664,30530
"(0.5260227547809246, 1.0)",1,97.9286510276448,30531
"(0.6387464387464387, 0.9870601047071634)",1,97.92862918323368,30532
"(0.6049474374542553, 1.0)",1,97.92856645439234,30533
"(0.927082576248316, 0.9834113430318364)",1,97.92853141645868,30534
"(0.5450348040348041, 0.9988630646884038)",1,97.92851879455463,30535
"(0.5171117027693051, 0.9937502637052502)",1,97.92848906408749,30536
"(0.3860590631364562, 0.9992424242424244)",1,97.92845486777414,30537
"(0.9011810599946194, 0.9861673414304992)",1,97.9284116187318,30538
"(0.6281749655085914, 0.9962500644653132)",1,97.92819862971297,30539
"(0.8358530587380517, 0.9832925076188832)",1,97.92818951364168,30540
"(0.9666299139401606, 0.9790755481078062)",1,97.92815306264288,30541
"(0.8752738232213936, 0.979166518665308)",1,97.92795322116795,30542
"(0.9916585206907788, 0.9958292603453894)",1,97.92751429902972,30543
"(0.5925967029473983, 0.9887492087061858)",1,97.9274707145072,30544
"(0.503514376678064, 0.9984817852901372)",1,97.92743888928511,30545
"(0.7261814100818125, 1.0)",1,97.92739138335668,30546
"(0.9539751547184644, 0.9832184229069656)",1,97.92731913561748,30547
"(0.7742295620819575, 1.0)",1,97.927234068157,30548
"(0.6915482942087353, 1.0)",1,97.92721134497614,30549
"(0.974772367065274, 0.9958292603453894)",1,97.92704395262672,30550
"(0.8805377184744008, 0.9790476832523552)",1,97.92681451096055,30551
"(0.900983347688774, 0.9861673414304992)",2,97.92675742429486,30553
"(0.5562558356676003, 0.9861673414304992)",2,97.92671211119536,30555
"(0.8604306971015356, 0.9861673414304992)",1,97.92656427419496,30556
"(0.476193313409349, 0.9950002500250024)",1,97.92649645377593,30557
"(0.7651777469990767, 0.991206314397104)",1,97.92647151286498,30558
"(0.829593594810986, 0.9870601047071634)",1,97.92640882904404,30559
"(0.8748200797381125, 0.9861310021084456)",1,97.92639619040904,30560
"(0.7521214129188376, 1.0)",1,97.92632100202582,30561
"(0.7823116219667945, 0.9861673414304992)",1,97.92619644008742,30562
"(0.9102539775554236, 0.9832462877624168)",2,97.92611747318487,30564
"(0.8790496325380046, 0.9832462877624168)",1,97.92600840069704,30565
"(0.8902783631946863, 0.9861673414304992)",1,97.92586324455192,30566
"(0.9297326845255915, 0.9832184229069656)",1,97.92586303016806,30567
"(0.5562558356676003, 0.9861673414304992)",2,97.92571440851545,30569
"(0.9665831244778612, 0.9833229101521784)",1,97.92559090218086,30570
"(0.9100820826864472, 0.9834113430318364)",1,97.92558827518104,30571
"(0.9699183291713004, 0.9958292603453894)",1,97.92558537477268,30572
"(0.94291309888229, 0.991206314397104)",1,97.9255643600427,30573
"(0.9365069868128822, 0.9832184229069656)",1,97.9254934683806,30574
"(0.4912575527045726, 0.9987499746026686)",1,97.92535451703408,30575
"(0.9834358767945106, 0.9958292603453894)",1,97.9253379740867,30576
"(0.8475002808673183, 0.9861673414304992)",1,97.92518395210328,30577
"(0.8976982097186702, 0.9833229101521784)",1,97.9251533489152,30578
"(0.4755355605353038, 0.996575280197092)",1,97.92515332911832,30579
"(0.5562558356676003, 0.9861673414304992)",1,97.9251293242628,30580
"(0.5132225849922759, 0.9962501582231502)",1,97.92491478292725,30581
"(0.933975345196146, 0.9958292603453894)",1,97.9248839596569,30582
"(0.8920217788143652, 0.9832462877624168)",1,97.92487368283612,30583
"(0.4606973696770164, 0.9975000781372088)",1,97.92478394510192,30584
"(0.5891971035837016, 0.9984817852901372)",1,97.92466802718906,30585
"(0.8044914258149553, 0.9861310021084456)",1,97.92465116098616,30586
"(0.7855494505494506, 0.9870601047071634)",1,97.92451174798688,30587
"(0.5798336713995943, 0.9874968730456536)",1,97.92448706060712,30588
"(0.3984101488896291, 0.9992416608232524)",3,97.92442217223063,30591
"(0.3860590631364562, 0.9977203590215908)",1,97.92441828167124,30592
"(0.91326516498939, 0.9916339869281046)",1,97.92423420342618,30593
"(0.7401844059863599, 0.9861673414304992)",1,97.92412706215858,30594
"(0.8914652384261202, 0.9832462877624168)",1,97.92394783390692,30595
"(0.634045584045584, 0.9870601047071634)",1,97.92394594877798,30596
"(0.5292931359082562, 1.0)",3,97.9237385448848,30599
"(0.9876221896383188, 0.9958292603453894)",1,97.92354716831812,30600
"(0.9873444118605408, 0.9958292603453894)",1,97.92351961412548,30601
"(0.8148308968977662, 0.9861673414304992)",1,97.923471459607,30602
"(0.4737094237094237, 0.9861673414304992)",1,97.92331019526522,30603
"(0.6011178661408698, 1.0)",3,97.92304613163712,30606
"(0.9154084476633496, 0.9832184229069656)",1,97.92293489809418,30607
"(0.9374843410636878, 0.9834113430318364)",1,97.92288895601062,30608
"(0.7042648709315374, 1.0)",1,97.92271461871256,30609
"(0.6636745887678723, 1.0)",1,97.92239834708109,30610
"(0.8055555555555556, 0.9861310021084456)",1,97.92229900693911,30611
"(0.7453091184935634, 0.991206314397104)",3,97.92228402124952,30614
"(0.9098759089802734, 0.983305541180304)",1,97.92226432101866,30615
"(0.3930894945067609, 0.9987499746026686)",2,97.92222791034575,30617
"(0.5555555555555555, 0.9833229101521784)",1,97.9220320439833,30618
"(0.4987398156700754, 0.9987499746026686)",3,97.92198171939732,30621
"(0.931200007971039, 0.9873891625615764)",1,97.92196561748727,30622
"(0.9297326845255915, 0.9832184229069656)",1,97.9218979344877,30623
"(0.5328058922602792, 1.0)",3,97.92186272237473,30626
"(0.7222222222222221, 0.9833229101521784)",1,97.92176228625765,30627
"(0.9460547122074636, 0.983305541180304)",1,97.92175443128464,30628
"(0.9310483384791604, 0.9861673414304992)",2,97.921729792978,30630
"(0.8478418336329888, 0.991206314397104)",1,97.92165102310864,30631
"(0.6736022307473716, 0.9861673414304992)",1,97.92140799029202,30632
"(0.979273283115788, 0.9958292603453894)",1,97.92116686137952,30633
"(0.702867567752065, 1.0)",1,97.9211481073221,30634
"(0.8165509259259259, 1.0)",1,97.92062698504309,30635
"(0.6907243513029603, 1.0)",1,97.92054924040936,30636
"(0.6825396825396824, 0.9833229101521784)",1,97.9203756733924,30637
"(0.9791332681655264, 0.9958292603453894)",1,97.92036112202848,30638
"(0.9438271604938272, 0.9861673414304992)",1,97.92013613048414,30639
"(0.5259912686183872, 1.0)",1,97.92003835660536,30640
"(0.9582210352371644, 0.9958292603453894)",1,97.91986349441213,30641
"(0.8805377184744008, 0.9832184229069656)",1,97.91981856585652,30642
"(0.7008726156973109, 0.9861673414304992)",1,97.919743691243,30643
"(0.9621616286938868, 0.9958292603453894)",2,97.91959224572892,30645
"(0.4603282383880727, 0.9987500214884376)",1,97.91958283658234,30646
"(0.3930894945067609, 0.9987500214884376)",1,97.9194122801188,30647
"(0.6378166586499919, 1.0)",1,97.9194009859261,30648
"(0.5892852345838203, 0.9981012669018314)",1,97.9193938425495,30649
"(0.9833040078201368, 0.9958292603453894)",1,97.91938780886336,30650
"(0.5131569832583307, 0.9882048106149588)",2,97.9192827367718,30652
"(0.4847252958987063, 0.9937491695468736)",1,97.91912359108028,30653
"(0.3067412107187314, 0.9992416608232524)",2,97.9190585894522,30655
"(0.5238567852824784, 0.9912488373656227)",2,97.91892437584748,30657
"(0.7261814100818125, 1.0)",3,97.91888277109058,30660
"(0.6265585526703644, 1.0)",1,97.9188675307892,30661
"(0.6870644599303137, 0.9861310021084456)",1,97.91878406389588,30662
"(0.4596238107081551, 1.0)",3,97.91859448797636,30665
"(0.9835199925522506, 0.9958292603453894)",1,97.9185169250826,30666
"(0.8593554593554595, 0.9861673414304992)",1,97.9184271746773,30667
"(0.5145696010475885, 0.9861310021084456)",1,97.91840405703694,30668
"(0.7854212454212455, 0.9861310021084456)",1,97.91828622381897,30669
"(0.526258954346199, 1.0)",1,97.91815437557432,30670
"(0.8874191651969431, 0.9861673414304992)",1,97.91815035315364,30671
"(0.8796475392220073, 0.9833229101521784)",1,97.91805369167052,30672
"(0.7348436174331348, 0.9861310021084456)",1,97.91775079464335,30673
"(0.4722366884143547, 0.9974998905914936)",1,97.91771168277928,30674
"(0.8587195484254307, 0.9861310021084456)",1,97.9176242615295,30675
"(0.4737094237094237, 0.9861673414304992)",1,97.91748174938571,30676
"(0.649621212121212, 0.9861310021084456)",1,97.9174503327996,30677
"(0.9666666666666668, 0.9833229101521784)",1,97.91736725178208,30678
"(0.9082523002684292, 0.9832184229069656)",1,97.91733615620782,30679
"(0.6892156862745098, 0.9861673414304992)",2,97.91732989539722,30681
"(0.828966378966379, 0.9861673414304992)",1,97.91726392253364,30682
"(0.519475743201844, 0.992499671774481)",1,97.91715132704456,30683
"(0.7397465592662823, 0.9988642062668746)",1,97.91699425317064,30684
"(0.9372650231764934, 0.9832925076188832)",1,97.91688324830268,30685
"(1.0, 0.9833229101521784)",2,97.91683714751102,30687
"(0.492807005588115, 0.9987499746026686)",1,97.91680569317592,30688
"(0.5123851706036745, 0.999621402088958)",1,97.91672497626816,30689
"(0.9372650231764934, 0.9791102677630192)",1,97.91640584301295,30690
"(0.927082576248316, 0.979166518665308)",1,97.9163746168678,30691
"(0.8374727668845315, 0.9833229101521784)",1,97.9161330406668,30692
"(0.9916585206907788, 0.9958292603453894)",1,97.91613092268568,30693
"(0.6784791526961461, 1.0)",1,97.91612227938202,30694
"(0.6907243513029603, 1.0)",1,97.91601859474528,30695
"(0.7236877162411294, 1.0)",3,97.9159081797229,30698
"(0.634045584045584, 0.9870601047071634)",1,97.91555152171564,30699
"(0.9832401090007582, 0.9958292603453894)",1,97.9155127635812,30700
"(0.620130835563485, 0.991206314397104)",1,97.91522641222552,30701
"(0.8524016298728943, 0.9832462877624168)",1,97.9151803808469,30702
"(0.5370179311865358, 1.0)",1,97.91496536322292,30703
"(0.8146183925150791, 0.9870601047071634)",3,97.91493597141908,30706
"(0.9674564520532262, 0.9958292603453894)",2,97.91482897114147,30708
"(0.4919916866987179, 0.9987499746026686)",1,97.91478226499063,30709
"(0.4799413873705827, 0.986148261270131)",1,97.91464677310336,30710
"(0.4594704236610712, 0.9974998905914936)",1,97.91461370807797,30711
"(0.5118812113070996, 0.9937502637052502)",2,97.91442995263009,30713
"(0.8884797556713653, 0.9832462877624168)",1,97.91441503874373,30714
"(0.9028964862298196, 0.9861673414304992)",1,97.91429822090596,30715
"(0.9499687304565352, 0.9833229101521784)",1,97.9142787714938,30716
"(0.930124456440246, 0.9861673414304992)",1,97.91426903788292,30717
"(0.5145696010475885, 0.9861310021084456)",1,97.91424951115204,30718
"(0.94484126984127, 0.9861673414304992)",1,97.91420044076308,30719
"(0.8982888105990573, 0.9832925076188832)",1,97.91399983753482,30720
"(0.9876221896383188, 0.9958292603453894)",1,97.91384304667233,30721
"(0.5159978271811663, 1.0)",3,97.91374702860816,30724
"(0.7651777469990767, 0.991206314397104)",1,97.91369639260488,30725
"(0.9497171590194848, 0.9833229101521784)",1,97.91363330784776,30726
"(0.7000013129045387, 0.9870601047071634)",1,97.9135591069245,30727
"(0.7855494505494506, 0.9870601047071634)",1,97.91349330579185,30728
"(0.950297813353496, 0.9958292603453894)",1,97.91333056198908,30729
"(0.4737094237094237, 0.9861673414304992)",1,97.91312389845132,30730
"(0.8056354979267693, 0.9861310021084456)",1,97.91309645191846,30731
"(0.8322510822510822, 0.9861673414304992)",1,97.9130110002373,30732
"(0.8152898027898028, 0.9861673414304992)",1,97.91294981821312,30733
"(0.5130229932669931, 0.9981012669018314)",1,97.91290841696876,30734
"(0.8467467233807103, 0.9861673414304992)",1,97.91281210037955,30735
"(0.9834358767945106, 0.9958292603453894)",1,97.9128012213602,30736
"(0.9274303852156144, 0.9832925076188832)",1,97.91265925033136,30737
"(0.9830687830687832, 0.9958292603453894)",2,97.91264834817164,30739
"(0.9299160159815896, 0.9861673414304992)",1,97.91261401304116,30740
"(0.9169719169719168, 0.9833229101521784)",1,97.9125627056417,30741
"(0.5459165183258022, 1.0)",1,97.91233738006969,30742
"(0.4845066627893052, 0.9988619159967322)",1,97.91229439964708,30743
"(0.8071948928825261, 0.9861673414304992)",1,97.91189008378984,30744
"(0.4937776876667119, 0.9962497362353954)",2,97.91181584528316,30746
"(0.934065934065934, 0.9833229101521784)",1,97.91166421275835,30747
"(0.900983347688774, 0.9861673414304992)",1,97.91151513993144,30748
"(0.5070372093557577, 0.9861310021084456)",2,97.91145671076788,30750
"(0.5562558356676003, 0.9861673414304992)",1,97.9113966770906,30751
"(0.9665633291439744, 0.9958292603453894)",1,97.9110196743036,30752
"(0.6813936996863826, 0.9861673414304992)",1,97.91099314738804,30753
"(0.9791102677630192, 0.9958292603453894)",1,97.91082710100352,30754
"(0.7280584513944579, 0.9861673414304992)",1,97.91048631752558,30755
"(0.7997685185185185, 0.9861673414304992)",2,97.910460300211,30757
"(0.920238255356524, 0.979166518665308)",1,97.91041343327616,30758
"(0.97495917428555, 0.9958292603453894)",1,97.91032451594376,30759
"(0.5187734941865547, 0.9861310021084456)",2,97.9103239483288,30761
"(0.3188477500068535, 0.9981012669018314)",3,97.91013550802526,30764
"(0.8194074731341813, 0.9861673414304992)",1,97.90994526012403,30765
"(0.4737094237094237, 0.9861673414304992)",1,97.90993581883926,30766
"(0.4468328406505846, 0.9861673414304992)",1,97.909920798761,30767
"(0.8491340807583629, 0.9861673414304992)",2,97.90989479515156,30769
"(0.2184301094356221, 0.9988619159967322)",1,97.90987163089156,30770
"(0.4737094237094237, 0.9861673414304992)",1,97.90986314019516,30771
"(0.5562558356676003, 0.9861673414304992)",2,97.90977214929784,30773
"(0.304184857695496, 0.9992416608232524)",3,97.90974448826968,30776
"(0.4567442396313363, 0.9987499746026686)",2,97.90972052397012,30778
"(0.4560299578482537, 0.9887485051843724)",1,97.90962334165636,30779
"(0.9791585206907788, 0.9958292603453894)",2,97.90959758674283,30781
"(0.711778806550463, 1.0)",1,97.90931873445808,30782
"(0.3262466548275309, 0.9992416608232524)",3,97.9091897860538,30785
"(0.5562558356676003, 0.9861673414304992)",1,97.90910326724696,30786
"(0.5521709560790242, 1.0)",1,97.90893304696988,30787
"(0.9234894220441888, 0.9832462877624168)",1,97.90874424381434,30788
"(0.8976982097186702, 0.9833229101521784)",2,97.90847625906736,30790
"(0.9028964862298196, 0.9861673414304992)",1,97.9083370197142,30791
"(0.9333044546043194, 0.9958292603453894)",1,97.90822845799026,30792
"(0.97934925289764, 0.9958292603453894)",1,97.9082233584762,30793
"(0.940928587432546, 0.979166518665308)",1,97.90801352073008,30794
"(0.9192093318943212, 1.0)",1,97.90799186870908,30795
"(0.9580331374974232, 1.0)",1,97.9079426057632,30796
"(0.5413458981722867, 0.9949997811829872)",1,97.9076689113666,30797
"(0.8805377184744008, 0.9832925076188832)",1,97.90732137829838,30798
"(0.987463247273494, 0.9958292603453894)",2,97.90713250915702,30800
"(0.8860455063826657, 0.9861673414304992)",1,97.9069492179974,30801
"(0.7780625367430922, 0.9861673414304992)",2,97.90682698758388,30803
"(0.7580266955266955, 0.9861673414304992)",1,97.90666748368334,30804
"(0.8044914258149553, 0.9861310021084456)",1,97.90662370754646,30805
"(0.8805377184744008, 0.9832925076188832)",1,97.9065457571206,30806
"(0.9874762808349148, 0.9958292603453894)",1,97.90649930262376,30807
"(0.93795454842108, 0.9873891625615764)",1,97.9064478583478,30808
"(0.9916666666666668, 0.9958292603453894)",1,97.90638054376306,30809
"(0.5145696010475885, 0.9861310021084456)",1,97.9062166630358,30810
"(0.4495135398715946, 0.9973390598305516)",1,97.90620119554283,30811
"(0.8884797556713653, 0.9832462877624168)",1,97.90618176127104,30812
"(0.8733799478600891, 0.9790476832523552)",1,97.90618126003064,30813
"(0.711778806550463, 1.0)",1,97.90578961029738,30814
"(0.8584175084175085, 0.9861673414304992)",1,97.90574013336922,30815
"(0.4787519493971895, 0.98999899959984)",1,97.90565544822644,30816
"(0.6378166586499919, 1.0)",1,97.9055683273566,30817
"(0.8840048840048841, 0.9833229101521784)",1,97.9052114338379,30818
"(0.3930894945067609, 0.9987499746026686)",1,97.9051754352242,30819
"(0.6736022307473716, 0.9861673414304992)",1,97.90497930142058,30820
"(0.5235735740769297, 1.0)",1,97.90492428224144,30821
"(0.5145696010475885, 0.9861310021084456)",1,97.90487290698596,30822
"(0.7513013302486987, 0.9870601047071634)",1,97.90446631632771,30823
"(0.7368760064412239, 0.9861673414304992)",1,97.90446345525712,30824
"(0.4632547082040988, 1.0)",1,97.90434686103444,30825
"(0.3506832674571805, 0.9996210215628012)",3,97.90423744489432,30828
"(0.9164187516971112, 0.9832462877624168)",1,97.90391976828072,30829
"(0.9162596992611264, 0.9861673414304992)",2,97.90376024800184,30831
"(0.4987398156700754, 0.9950001562744178)",1,97.90373683639956,30832
"(0.4987711467817516, 0.9975000781372088)",1,97.90369765133146,30833
"(0.5798336713995943, 0.9912493845492556)",1,97.90356344206404,30834
"(0.9669558693467613, 0.9958292603453894)",1,97.90354913041648,30835
"(0.4925733396357239, 0.9975000781372088)",1,97.90352207012548,30836
"(0.6435039149365576, 1.0)",3,97.90347703722934,30839
"(0.7377975062704127, 0.9872890642121412)",1,97.90347541700714,30840
"(0.9073006242305464, 0.9832462877624168)",1,97.90344068358128,30841
"(0.4673343159733596, 0.9962497362353954)",2,97.90334339766912,30843
"(0.8715701474388204, 0.9861310021084456)",1,97.90317350080836,30844
"(0.9748802746905214, 0.9958292603453894)",1,97.90314594384536,30845
"(0.4955558486584263, 0.9987499746026686)",1,97.90312603446873,30846
"(0.8997493734335841, 1.0)",1,97.9030969105172,30847
"(0.9791585206907788, 0.9958292603453894)",1,97.90283879443749,30848
"(0.419237903544084, 0.9988619159967322)",1,97.90273793124268,30849
"(0.8631918334993627, 0.9833229101521784)",1,97.9026055606058,30850
"(0.7075825156110616, 0.991206314397104)",1,97.90259155520356,30851
"(0.5061654456041751, 0.9975000781372088)",1,97.9025579560173,30852
"(0.987491854024112, 1.0)",1,97.90213532098136,30853
"(0.776717683694428, 0.9870601047071634)",3,97.9020907248586,30856
"(0.4787519493971895, 0.98999899959984)",1,97.90180859484656,30857
"(0.4994868246125761, 1.0)",1,97.90171961500644,30858
"(0.3426837286127219, 1.0)",1,97.9016828719601,30859
"(0.975479255167798, 0.9958292603453894)",2,97.90154777670764,30861
"(0.7686844739476318, 0.9833229101521784)",1,97.90152534454614,30862
"(0.5009421228446381, 0.9974998905914936)",1,97.90140657799743,30863
"(0.6052212368618619, 0.9973390598305516)",1,97.90139015600587,30864
"(0.9916585206907788, 0.9958292603453894)",1,97.90120269550906,30865
"(0.900983347688774, 0.9861673414304992)",1,97.90119365260104,30866
"(0.7742295620819575, 1.0)",1,97.90115825836529,30867
"(0.5123851706036745, 1.0)",1,97.90111584974862,30868
"(0.8622520112492773, 0.9832462877624168)",1,97.9010298327,30869
"(0.8567210567210567, 0.9861673414304992)",1,97.9009960697769,30870
"(0.9747273037595618, 0.9958292603453894)",1,97.90086707779344,30871
"(0.7511111111111111, 1.0)",1,97.90085519257022,30872
"(0.6049854216218278, 1.0)",1,97.9008124174067,30873
"(0.8044914258149553, 0.9861310021084456)",1,97.90061218448082,30874
"(0.94484126984127, 0.9861673414304992)",1,97.9004537342532,30875
"(0.6088071867185179, 1.0)",1,97.90044564352434,30876
"(0.4777955536474655, 0.9961927960732532)",1,97.90020379485648,30877
"(0.9666666666666668, 0.9833229101521784)",1,97.9001809040255,30878
"(0.8885129548758333, 0.9834113430318364)",1,97.90008776920632,30879
"(0.765692887308966, 0.9861310021084456)",1,97.90005592400745,30880
"(0.6182998752190132, 0.9937495603923254)",1,97.90002107544994,30881
"(0.949977467563772, 0.9958292603453894)",1,97.89987984417264,30882
"(0.4894591128631123, 0.9962501582231502)",2,97.8997821523218,30884
"(0.9829909379735984, 0.9958292603453894)",1,97.8995992131436,30885
"(0.4423707251851418, 0.9861310021084456)",1,97.89952401860766,30886
"(0.8175446168757694, 0.9861673414304992)",1,97.89940873005015,30887
"(0.9792406033772258, 0.9958292603453894)",1,97.89938672166318,30888
"(0.664091471262014, 1.0)",1,97.8993801892704,30889
"(0.4268899127926591, 0.9958099132756668)",1,97.8992422451356,30890
"(0.5135815048525069, 1.0)",1,97.89923546058148,30891
"(0.7942038054814895, 0.9861673414304992)",1,97.89910299952363,30892
"(0.4133101229894375, 0.9981012669018314)",1,97.89905228739735,30893
"(0.4553345256344744, 0.9987499746026686)",2,97.8987103691165,30895
"(0.8877034517510707, 0.9861673414304992)",1,97.89856798992616,30896
"(0.8567210567210567, 0.9861673414304992)",1,97.89848000563616,30897
"(0.7342711301044634, 0.9870601047071634)",1,97.89847737500423,30898
"(0.8862373737373738, 0.9861673414304992)",1,97.89847531829244,30899
"(0.940928587432546, 0.9790476832523552)",1,97.89844746445472,30900
"(0.9102539775554236, 0.9791102677630192)",1,97.89819775328576,30901
"(0.9609386607489072, 0.9958292603453894)",1,97.89811179868114,30902
"(0.8920217788143652, 0.9832462877624168)",1,97.89801245350289,30903
"(0.7280584513944579, 0.9861673414304992)",1,97.89764792507158,30904
"(0.526258954346199, 1.0)",1,97.8975587467036,30905
"(0.8128971639097002, 0.9870601047071634)",1,97.89749140355258,30906
"(0.789994229453279, 0.9861673414304992)",1,97.89748686332456,30907
"(0.9916339869281046, 0.9958292603453894)",1,97.8973731657914,30908
"(0.8805377184744008, 0.979166518665308)",1,97.8973594643535,30909
"(0.6870644599303137, 0.9861310021084456)",1,97.89731799020352,30910
"(0.9832965806068272, 0.9958292603453894)",2,97.8970795150285,30912
"(0.7280584513944579, 0.9861673414304992)",1,97.8970576993326,30913
"(0.9497171590194848, 0.9833229101521784)",1,97.89701970195748,30914
"(0.9580331374974232, 1.0)",1,97.89700210516104,30915
"(0.900838851006521, 0.9790755481078062)",2,97.89697719077432,30917
"(0.9582389563841176, 0.9958292603453894)",1,97.89693730775268,30918
"(0.9326599326599326, 0.9833229101521784)",1,97.8966787704878,30919
"(0.4933386447129642, 0.9975000781372088)",1,97.89654000787787,30920
"(0.8814814814814814, 0.9833229101521784)",1,97.89647412208392,30921
"(0.5218438528010998, 0.9861310021084456)",1,97.8964033960897,30922
"(0.4423707251851418, 0.9861310021084456)",1,97.89630541442511,30923
"(0.9444444444444444, 0.9861673414304992)",1,97.89625135470176,30924
"(0.9830687830687832, 0.9958292603453894)",2,97.89604625496604,30926
"(0.4468328406505846, 0.9861673414304992)",1,97.89603517131428,30927
"(0.5466837142306626, 0.9861673414304992)",1,97.89603364411197,30928
"(0.9398731501057084, 0.988167361639188)",1,97.89598598006044,30929
"(0.4776542240827955, 1.0)",1,97.89564492899984,30930
"(0.5070372093557577, 0.9861310021084456)",1,97.89560153615788,30931
"(0.8970129352925051, 0.9873891625615764)",1,97.8955605783052,30932
"(0.304184857695496, 0.996575280197092)",1,97.89541819264709,30933
"(0.9958292603453894, 0.9958292603453894)",1,97.89538810469178,30934
"(0.9079075500409146, 0.979166518665308)",1,97.89519593927912,30935
"(0.4790513120764785, 0.9987499746026686)",2,97.89501630172336,30937
"(0.5685989470330658, 1.0)",1,97.89495103907797,30938
"(0.1523541666666666, 0.9984817852901372)",1,97.89491796665698,30939
"(0.6049474374542553, 1.0)",1,97.8948935925724,30940
"(0.91552980722551, 0.9861673414304992)",1,97.8947366093316,30941
"(0.4847252958987063, 0.9987499746026686)",2,97.89467147289577,30943
"(0.8589064384650125, 0.9832462877624168)",1,97.89437587438258,30944
"(0.9916585206907788, 0.9958292603453894)",2,97.89426159620108,30946
"(0.9625114955760116, 0.9958292603453894)",1,97.89407788136864,30947
"(0.902898027898028, 0.9861310021084456)",1,97.89399858003524,30948
"(0.6387464387464387, 0.9870601047071634)",1,97.89388042084806,30949
"(0.8796475392220073, 0.9833229101521784)",4,97.89376110112842,30953
"(0.7371074312749817, 0.9870601047071634)",2,97.89370624842373,30955
"(0.9833229101521784, 0.9833229101521784)",1,97.89369752036204,30956
"(0.8810064268049709, 0.991206314397104)",1,97.89356898798157,30957
"(0.9102539775554236, 0.9832462877624168)",1,97.89344777231922,30958
"(0.4900255006375159, 0.988750193395939)",1,97.89343312864796,30959
"(0.987463247273494, 0.9958292603453894)",1,97.89337623311712,30960
"(0.861111111111111, 0.9833229101521784)",2,97.8933736994713,30962
"(0.944120583717358, 0.9832925076188832)",1,97.89312873974129,30963
"(0.6611718926579557, 0.9861310021084456)",1,97.89308950863418,30964
"(0.9833040078201368, 0.9958292603453894)",1,97.89308301099835,30965
"(0.8016677935542034, 0.9833229101521784)",1,97.89308098740644,30966
"(0.8622520112492773, 0.9832925076188832)",2,97.89293230380568,30968
"(0.9876106894370652, 0.9958292603453894)",1,97.89292091211516,30969
"(0.5419880352402767, 1.0)",1,97.89281405989742,30970
"(0.5176279025155472, 1.0)",1,97.89260797334116,30971
"(0.9916625936787228, 0.9958292603453894)",1,97.89259621404436,30972
"(0.7498057498057498, 0.9870601047071634)",1,97.8925611142757,30973
"(0.5277652279377781, 1.0)",1,97.8925250484668,30974
"(0.9833040078201368, 0.9958292603453894)",1,97.89247507075608,30975
"(0.8584175084175085, 0.9861673414304992)",1,97.89230571861984,30976
"(0.5707944720139841, 0.9861310021084456)",1,97.89226512841896,30977
"(0.8598028335431436, 0.9861310021084456)",1,97.89218194170748,30978
"(0.9747838672665278, 1.0)",1,97.89213621662952,30979
"(0.9791258409522168, 0.9958292603453894)",2,97.89208082643631,30981
"(0.8589064384650125, 0.9790755481078062)",1,97.89201116187174,30982
"(0.966586548597934, 0.9790476832523552)",1,97.89197481890268,30983
"(0.9706172005998612, 0.9958292603453894)",2,97.89188211897704,30985
"(0.9916585206907788, 0.9958292603453894)",1,97.89186551562828,30986
"(0.789994229453279, 0.9861673414304992)",1,97.89182513343016,30987
"(0.9311507936507936, 0.9861673414304992)",1,97.89175496982246,30988
"(0.8982888105990573, 0.9834113430318364)",1,97.89167846352858,30989
"(0.9079075500409146, 0.9790476832523552)",1,97.8915791736922,30990
"(0.8360274837900623, 0.9832184229069656)",1,97.89157360927524,30991
"(0.5463455725995242, 0.9912498222186796)",1,97.891537598085,30992
"(0.9582210352371644, 0.9958292603453894)",1,97.89122041137269,30993
"(0.900983347688774, 0.9861673414304992)",1,97.89102396872568,30994
"(0.8416827657517105, 0.9861310021084456)",1,97.89096609956624,30995
"(0.9153439153439156, 0.9833229101521784)",1,97.89082770748044,30996
"(0.4912575527045726, 0.9987499746026686)",2,97.89075780426111,30998
"(0.4724538701233134, 0.9975000781372088)",3,97.8907394220532,31001
"(0.5707944720139841, 0.9861310021084456)",1,97.89065846918987,31002
"(0.7348436174331348, 0.9861673414304992)",1,97.89062063115458,31003
"(0.6022961136704902, 0.9981012669018314)",1,97.89058355969198,31004
"(0.9499687304565352, 0.9833229101521784)",1,97.89029626551374,31005
"(0.9833229101521784, 0.9833229101521784)",1,97.89009364619125,31006
"(0.4590791029805835, 0.9987499746026686)",1,97.89003105430348,31007
"(0.9374843410636878, 0.9790476832523552)",1,97.88994102397533,31008
"(0.8874191651969431, 0.9861673414304992)",1,97.88993606743936,31009
"(0.9102539775554236, 0.9791102677630192)",1,97.88983174021384,31010
"(0.4958617797724284, 0.9962497362353954)",1,97.88963669043872,31011
"(0.8890344426058713, 0.9861310021084456)",1,97.88960780030148,31012
"(0.702867567752065, 1.0)",1,97.889474280661,31013
"(0.4906095585257189, 0.9912501504190636)",1,97.88935341522736,31014
"(0.8982888105990573, 0.979166518665308)",1,97.8893458248067,31015
"(0.5370179311865358, 0.9992431829362568)",2,97.88930660313213,31017
"(0.950175761409158, 0.9790476832523552)",1,97.88901805517288,31018
"(0.534690119157406, 1.0)",1,97.8889345387317,31019
"(0.9665831244778612, 0.9833229101521784)",1,97.8888033624113,31020
"(0.4423707251851418, 0.9861310021084456)",1,97.88878158480156,31021
"(0.930124456440246, 1.0)",1,97.88874898093844,31022
"(0.927082576248316, 0.979166518665308)",1,97.88870445135493,31023
"(0.9326599326599326, 0.9833229101521784)",1,97.8887030458375,31024
"(0.4790513120764785, 0.9987499746026686)",2,97.88858076108806,31026
"(0.8194074731341813, 0.9861673414304992)",1,97.88845334676108,31027
"(0.4788541666666667, 0.98249824929972)",1,97.88842112073388,31028
"(0.6307273362048251, 0.9875006250625062)",1,97.88841335158426,31029
"(0.9164187516971112, 0.983305541180304)",1,97.88805373670868,31030
"(0.6611718926579557, 0.9861310021084456)",1,97.8879579834514,31031
"(0.9790693693461476, 0.9958292603453894)",1,97.88794298767714,31032
"(0.8339878565062389, 0.9861310021084456)",1,97.887896230357,31033
"(0.4648065695791297, 0.9988642062668746)",1,97.88784148479994,31034
"(0.9665831244778612, 0.9833229101521784)",1,97.88762594795976,31035
"(0.7280584513944579, 0.9861673414304992)",1,97.88755952059074,31036
"(0.476193313409349, 0.993750341823046)",2,97.8875067707941,31038
"(0.933096859926128, 0.9833229101521784)",1,97.88741780732607,31039
"(0.7513013302486987, 0.9870601047071634)",1,97.88722038933632,31040
"(0.974772367065274, 0.9958292603453894)",1,97.88701131003693,31041
"(0.9516794286955578, 0.9958292603453894)",1,97.8869723619684,31042
"(0.5361367504335325, 0.9996210215628012)",1,97.88665991923536,31043
"(0.8604306971015356, 0.9861673414304992)",1,97.88655017806758,31044
"(0.7453091184935634, 0.991206314397104)",1,97.88654180915842,31045
"(0.9297326845255915, 0.9790476832523552)",1,97.88652992348293,31046
"(0.4971911339651811, 0.9992416608232524)",1,97.88644886670478,31047
"(0.5315938119639068, 1.0)",1,97.8862393639499,31048
"(0.5028268474667493, 0.9925)",1,97.88615383490546,31049
"(0.978848063174439, 0.9958292603453894)",1,97.88608877799967,31050
"(0.3690581214322782, 1.0)",3,97.88599274186686,31053
"(0.3930894945067609, 0.9950001562744178)",2,97.88596987144126,31055
"(0.433281060850566, 0.9988619159967322)",3,97.88590628067776,31058
"(0.7374768177381903, 0.991206314397104)",3,97.88585214705044,31061
"(0.933096859926128, 0.9833229101521784)",1,97.88562116488949,31062
"(0.9172008547008548, 0.9861673414304992)",1,97.88539608798432,31063
"(0.8552744708994707, 0.9861673414304992)",1,97.88529515490184,31064
"(0.6870644599303137, 0.9861310021084456)",1,97.88518013705124,31065
"(0.8604306971015356, 0.9861673414304992)",1,97.88481667760736,31066
"(0.9916585206907788, 0.9958292603453894)",1,97.88481066370709,31067
"(0.4594704236610712, 0.9962497362353954)",2,97.88469124719218,31069
"(0.8567210567210567, 0.9861673414304992)",1,97.88464388856944,31070
"(0.5112838915470493, 0.9958099132756668)",3,97.88460085366394,31073
"(0.9832965806068272, 0.9958292603453894)",1,97.88445565942892,31074
"(0.8218185392856778, 0.9861673414304992)",1,97.884453127933,31075
"(0.9835547122074636, 0.9958292603453894)",1,97.88440961726606,31076
"(0.8805377184744008, 0.9834113430318364)",1,97.88417718528856,31077
"(0.900983347688774, 0.9861673414304992)",1,97.88406915844185,31078
"(0.7742295620819575, 1.0)",1,97.88395696940174,31079
"(0.9157097551404952, 0.9958292603453894)",1,97.88366801490804,31080
"(0.8805377184744008, 0.9834113430318364)",1,97.883526781853,31081
"(0.9665831244778612, 0.9833229101521784)",1,97.88342027198888,31082
"(0.9497171590194846, 0.9833229101521784)",1,97.88323139637832,31083
"(0.9705906996229576, 0.9958292603453894)",1,97.8830393918652,31084
"(0.544915263097564, 1.0)",1,97.88303789674092,31085
"(0.6011178661408698, 1.0)",3,97.8830198244151,31088
"(0.5034451916861793, 0.9988642062668746)",1,97.88301719058728,31089
"(0.9833040078201368, 0.9958292603453894)",1,97.8829156669743,31090
"(0.6025384620441595, 1.0)",1,97.88290796978796,31091
"(0.5187734941865547, 0.9861310021084456)",1,97.8828997219073,31092
"(0.7516483516483518, 0.9861673414304992)",1,97.88283475327722,31093
"(0.987491854024112, 0.9958292603453894)",1,97.88253905561352,31094
"(0.8613482996991135, 0.9874762808349148)",1,97.88203962673867,31095
"(0.5070372093557577, 0.9861310021084456)",1,97.88200527314643,31096
"(0.5398840942160625, 1.0)",3,97.88198446707317,31099
"(1.0, 1.0)",2,97.88187729472548,31101
"(0.3262466548275309, 0.9996210215628012)",1,97.88172502670032,31102
"(0.9058747619658436, 0.9790476832523552)",1,97.8816001542412,31103
"(0.8416827657517105, 0.9861310021084456)",1,97.88147829804466,31104
"(0.5928342620051786, 1.0)",1,97.8813248774388,31105
"(0.4673343159733596, 0.99499949979992)",2,97.88117340267218,31107
"(0.8587195484254307, 0.9861310021084456)",1,97.88098404614706,31108
"(0.8884797556713653, 0.9832462877624168)",1,97.8809656217488,31109
"(0.3188477500068535, 0.996575280197092)",1,97.88093356363716,31110
"(0.8044914258149553, 0.9861310021084456)",1,97.88087894888548,31111
"(0.7647742788871822, 1.0)",1,97.8807925157618,31112
"(0.5347926731078905, 0.998107010444791)",1,97.88069392263614,31113
"(0.8604306971015356, 0.9861673414304992)",1,97.88055036519324,31114
"(0.987463247273494, 0.9958292603453894)",2,97.8804988192855,31116
"(0.9738477269913072, 0.9958292603453894)",1,97.88047797798986,31117
"(0.4468328406505846, 0.9861673414304992)",1,97.88047756839674,31118
"(0.8193419055822156, 0.9861673414304992)",1,97.88047164529094,31119
"(0.7368760064412239, 0.9861673414304992)",1,97.88034222057291,31120
"(0.7277677677677677, 1.0)",1,97.880181074071,31121
"(0.3991357684021978, 1.0)",2,97.88003851955511,31123
"(0.9791258409522168, 0.9958292603453894)",1,97.88001419409407,31124
"(0.8085259100433108, 0.9861673414304992)",1,97.8799889214444,31125
"(0.9102539775554236, 0.9832184229069656)",1,97.8798643832654,31126
"(0.7280584513944579, 0.9861673414304992)",2,97.87985547280626,31128
"(0.9665831244778612, 1.0)",1,97.8796738077904,31129
"(0.902192297684101, 0.9861310021084456)",1,97.8794290464596,31130
"(0.9166145507608924, 1.0)",1,97.87912752770106,31131
"(0.9374843410636878, 0.9790476832523552)",1,97.87877522645536,31132
"(0.9460547122074636, 0.9832462877624168)",1,97.87863821067968,31133
"(0.6611718926579557, 0.9861310021084456)",1,97.87839359816972,31134
"(0.7368760064412239, 0.9861673414304992)",1,97.87830805937318,31135
"(0.5264711064129669, 0.9984817852901372)",1,97.87825975643104,31136
"(0.9916585206907788, 0.9958292603453894)",1,97.87804984697068,31137
"(0.4737094237094237, 0.9861673414304992)",1,97.8773452973952,31138
"(0.9586562930696936, 0.979166518665308)",1,97.87719686061982,31139
"(0.5484374999999999, 0.9861310021084456)",1,97.87717692587088,31140
"(0.8148308968977662, 0.9861673414304992)",1,97.87695847781266,31141
"(0.5207596250837986, 1.0)",1,97.87693779603114,31142
"(0.8208353559736048, 0.9861673414304992)",1,97.87685734423384,31143
"(0.5642422164950636, 1.0)",1,97.87675116441856,31144
"(0.8478418336329888, 0.991206314397104)",1,97.87673194518452,31145
"(0.7371074312749817, 0.9870601047071634)",1,97.87669284159132,31146
"(0.6026986018870644, 0.9937501074421884)",1,97.87666225353674,31147
"(0.9792406033772258, 0.9958292603453894)",1,97.87662569060906,31148
"(0.544915263097564, 1.0)",3,97.8765005478783,31151
"(0.8695493050511758, 0.9790476832523552)",1,97.87633520790304,31152
"(0.97934925289764, 0.9958292603453894)",2,97.87626824356478,31154
"(0.4423707251851418, 0.9861310021084456)",1,97.8761160572383,31155
"(0.9750481776288228, 0.9958292603453894)",1,97.87606978263211,31156
"(0.9497171590194848, 0.9833229101521784)",1,97.87582314545926,31157
"(0.9244352123384382, 0.979166518665308)",1,97.8758134252929,31158
"(0.975195619792394, 0.9958292603453894)",1,97.8756205993062,31159
"(0.917655049465296, 0.9958292603453894)",1,97.87560560336708,31160
"(0.8593554593554595, 0.9861673414304992)",2,97.87550260090184,31162
"(0.1357209660560048, 1.0)",1,97.87550178802562,31163
"(0.9916585206907788, 0.9958292603453894)",2,97.87549406503466,31165
"(0.861111111111111, 0.9833229101521784)",1,97.87542374907252,31166
"(0.4168399821364511, 0.9912488373656227)",1,97.87528206599208,31167
"(0.4795837122630575, 1.0)",1,97.87507283201676,31168
"(0.9177366931314298, 0.9832925076188832)",1,97.87504897069218,31169
"(0.4624982513588544, 1.0)",1,97.87500263922088,31170
"(1.0, 1.0)",1,97.87488411439372,31171
"(0.7362637362637362, 1.0)",1,97.8748790168807,31172
"(0.4961453064375241, 0.9950001562744178)",1,97.87476708721805,31173
"(0.9017715617715616, 0.9861673414304992)",1,97.87469996031294,31174
"(0.8976982097186702, 0.9833229101521784)",1,97.87467924703353,31175
"(0.6090651266678423, 1.0)",1,97.87456357289008,31176
"(0.5145696010475885, 0.9861310021084456)",1,97.8743553427832,31177
"(0.5332214830187948, 0.9862481730031216)",1,97.87434937530637,31178
"(0.8874191651969431, 0.9861673414304992)",1,97.87419734898164,31179
"(0.8315995778682346, 0.9861673414304992)",1,97.87415469895268,31180
"(0.4670357941834451, 0.9977203590215908)",1,97.87413725086518,31181
"(0.9234894220441888, 0.9791102677630192)",1,97.87409860289613,31182
"(0.4423707251851418, 0.9861310021084456)",1,97.87400753973984,31183
"(0.940928587432546, 0.9790476832523552)",1,97.87393353340973,31184
"(0.4961453064375241, 0.9987499746026686)",1,97.87390524080196,31185
"(0.9452474337657768, 0.9832462877624168)",1,97.87389647774754,31186
"(0.7453091184935634, 0.991206314397104)",1,97.87380865372988,31187
"(0.9791102677630192, 0.9958292603453894)",2,97.87358182284862,31189
"(0.6611718926579557, 0.9861310021084456)",1,97.87332088008657,31190
"(0.813515418166581, 0.988167361639188)",1,97.87330201401151,31191
"(0.5932092007364075, 1.0)",1,97.873219463601,31192
"(0.900838851006521, 0.9790755481078062)",1,97.87317387795984,31193
"(0.9017715617715616, 0.9861673414304992)",1,97.87290875756575,31194
"(0.7471500462154668, 0.9870601047071634)",1,97.87283677072186,31195
"(0.5068751374411753, 0.9974998905914936)",3,97.87281728974956,31198
"(0.8489708141321045, 0.9790476832523552)",1,97.87262821024876,31199
"(0.71150412917389, 0.998107010444791)",1,97.87241114882669,31200
"(0.8621031746031745, 0.9861310021084456)",1,97.87229619051293,31201
"(0.711778806550463, 1.0)",3,97.87228377481571,31204
"(0.917283950617284, 0.9861673414304992)",1,97.87223371694476,31205
"(0.7580266955266955, 0.9861673414304992)",1,97.87210166807004,31206
"(0.8902783631946863, 0.9861673414304992)",1,97.87193875368864,31207
"(0.4806879036961406, 0.98999899959984)",1,97.8718931252886,31208
"(0.940928587432546, 0.979166518665308)",1,97.87180692657796,31209
"(0.5145696010475885, 0.9861310021084456)",1,97.8716301397563,31210
"(0.944120583717358, 0.9832925076188832)",1,97.87162587486164,31211
"(0.9707802886550516, 0.9958292603453894)",1,97.87145676041824,31212
"(0.8524016298728943, 0.9832462877624168)",1,97.87141019602988,31213
"(0.7871822062702233, 0.9870601047071634)",3,97.87134729615396,31216
"(0.5562558356676003, 0.9861673414304992)",1,97.87125018444117,31217
"(0.987491854024112, 0.9958292603453894)",1,97.87117697774038,31218
"(0.8593554593554595, 0.9861673414304992)",1,97.87114346564212,31219
"(0.9297326845255915, 0.9790476832523552)",1,97.87097684075388,31220
"(0.9079075500409146, 0.9790476832523552)",1,97.8707054824896,31221
"(0.4976057427443008, 0.9950002500250024)",1,97.87038074197947,31222
"(0.933096859926128, 0.9833229101521784)",1,97.87018680875748,31223
"(0.9377148530109056, 0.991206314397104)",1,97.87015108239436,31224
"(0.8491340807583629, 0.9861673414304992)",1,97.87012370491482,31225
"(0.8621031746031745, 0.9861310021084456)",1,97.8701129897134,31226
"(0.4831900452488687, 0.9899995623659744)",1,97.86992330450572,31227
"(0.48668270621225, 0.9992431829362568)",1,97.86988730650984,31228
"(0.950175761409158, 0.979166518665308)",1,97.86983353883753,31229
"(0.7651777469990767, 0.991206314397104)",1,97.8697246011406,31230
"(0.987463247273494, 0.9958292603453894)",1,97.8696097754276,31231
"(0.8388048698116161, 0.9861673414304992)",1,97.8695657735308,31232
"(0.8127312328440149, 0.9861673414304992)",1,97.8695589870083,31233
"(0.9412964149491664, 0.9916339869281046)",1,97.8693696856942,31234
"(0.8751897860593512, 0.9861673414304992)",1,97.86930459285183,31235
"(0.4847252958987063, 0.9987499746026686)",1,97.8692990875107,31236
"(0.9326599326599326, 0.9833229101521784)",1,97.86913746783291,31237
"(0.7524760273298283, 0.991206314397104)",1,97.86913604100452,31238
"(0.962699692780338, 0.9958292603453894)",2,97.86905413344049,31240
"(0.7855494505494506, 0.9870601047071634)",1,97.86901276939273,31241
"(0.9028964862298196, 0.9861673414304992)",2,97.86894449322372,31243
"(0.4776542240827955, 1.0)",1,97.86884517165582,31244
"(0.9497171590194848, 0.9833229101521784)",1,97.86880809649152,31245
"(0.8796475392220073, 0.9833229101521784)",3,97.86875894279294,31248
"(0.4530386103743641, 0.9974998905914936)",1,97.86854750623932,31249
"(0.8044914258149553, 0.9861310021084456)",1,97.8685350705102,31250
"(0.4737094237094237, 0.9861673414304992)",1,97.86848120514874,31251
"(0.5070372093557577, 0.9861310021084456)",1,97.8684685113009,31252
"(0.944120583717358, 0.9832184229069656)",1,97.86844707823236,31253
"(0.8279428904428904, 0.9870601047071634)",1,97.86840956369268,31254
"(0.5218438528010998, 0.9861310021084456)",1,97.86823529499408,31255
"(0.9714797495442656, 0.9958292603453894)",1,97.86818818163296,31256
"(0.9833229101521784, 1.0)",1,97.86805826655868,31257
"(0.8420013166556947, 1.0)",1,97.86791536204235,31258
"(0.9699183291713004, 0.9958292603453894)",1,97.86789960237628,31259
"(0.8344065656565657, 0.9861673414304992)",1,97.86787800181938,31260
"(0.4363355778830426, 0.9962500644653132)",3,97.8678418841252,31263
"(0.5592924417056326, 0.9992431829362568)",3,97.86779093749988,31266
"(0.9830687830687832, 0.9958292603453894)",2,97.8677586358143,31268
"(0.4039045743444857, 0.9882048106149588)",1,97.86775421737666,31269
"(0.826388888888889, 0.9833229101521784)",1,97.8677475521988,31270
"(0.9714797495442656, 0.9958292603453894)",1,97.86770446488288,31271
"(0.7997685185185185, 0.9861673414304992)",1,97.86761010565164,31272
"(0.94484126984127, 0.9861673414304992)",1,97.8675366669354,31273
"(0.8715701474388204, 0.9861310021084456)",1,97.86751378780356,31274
"(0.5315938119639068, 1.0)",3,97.8674925866526,31277
"(0.9297326845255915, 0.9832925076188832)",1,97.86745363950676,31278
"(0.8589064384650125, 0.9832462877624168)",2,97.86728231056112,31280
"(0.7294281157362763, 1.0)",1,97.86724317884308,31281
"(0.8524016298728943, 0.9790755481078062)",1,97.867068849521,31282
"(0.9873444118605408, 0.9958292603453894)",1,97.86690288443504,31283
"(0.7780625367430922, 0.9861673414304992)",1,97.86687771964397,31284
"(0.9616410906733488, 0.9958292603453894)",1,97.86682898438106,31285
"(0.9665831244778612, 0.9833229101521784)",1,97.86668048631456,31286
"(1.0, 0.9833229101521784)",1,97.86668048631456,31287
"(0.7368760064412239, 0.9861673414304992)",1,97.86659551406304,31288
"(0.4468328406505846, 0.9861673414304992)",1,97.8665693815318,31289
"(0.9497171590194848, 0.9833229101521784)",1,97.8665543065305,31290
"(0.9833040078201368, 0.9958292603453894)",2,97.86647844013858,31292
"(0.4844841746794872, 0.9912493845492556)",1,97.86593858402492,31293
"(0.7977749180480272, 0.9861673414304992)",1,97.86581149780712,31294
"(0.7977749180480272, 0.9861673414304992)",1,97.86557870190695,31295
"(0.8716153127917834, 0.9861673414304992)",1,97.8654185893959,31296
"(0.7280584513944579, 0.9861673414304992)",1,97.86534144697148,31297
"(0.6736022307473716, 0.9861673414304992)",1,97.86530078170377,31298
"(0.9372650231764934, 0.9832462877624168)",1,97.8651006426131,31299
"(0.477671768371638, 0.9988619159967322)",3,97.86503363283944,31302
"(0.9790972342015986, 0.9958292603453894)",1,97.86458644832469,31303
"(0.970918770245146, 0.9958292603453894)",1,97.86457598201235,31304
"(0.4614278960439026, 0.9988619159967322)",3,97.86447629714024,31307
"(0.3388635816579241, 0.9969573675011548)",3,97.86436111741888,31310
"(0.4795837122630575, 0.9977203590215908)",1,97.86433321026074,31311
"(0.8193928901539049, 0.9870601047071634)",2,97.86424822965384,31313
"(0.9019292060258446, 0.9861673414304992)",1,97.8641708756155,31314
"(0.9372650231764934, 0.9832184229069656)",1,97.86409830944288,31315
"(0.934065934065934, 0.9833229101521784)",2,97.8639343141204,31317
"(0.9625114955760116, 0.9958292603453894)",2,97.86373582848928,31319
"(0.5056778729738882, 0.9962497362353954)",3,97.86371571195792,31322
"(0.9586562930696936, 0.9832925076188832)",1,97.8633785463852,31323
"(0.5691285978493195, 0.9912493845492556)",1,97.86331945470798,31324
"(0.5192461542064125, 0.9984817852901372)",1,97.86329455526273,31325
"(0.9061764476533613, 0.9832925076188832)",1,97.863248822855,31326
"(0.8128971639097002, 0.9870601047071634)",1,97.86318202171444,31327
"(0.9301209372637944, 0.9861310021084456)",1,97.86304112295352,31328
"(0.979051756240299, 1.0)",1,97.8628885052828,31329
"(0.5928342620051786, 1.0)",1,97.86280523303826,31330
"(0.9580602951397298, 0.9958292603453894)",1,97.8625793519366,31331
"(0.9707095350359108, 0.9958292603453894)",1,97.86252295186291,31332
"(0.9098759089802734, 0.9790755481078062)",1,97.86251520502748,31333
"(0.944563492063492, 1.0)",1,97.86236932407768,31334
"(0.9586562930696936, 0.979166518665308)",1,97.86236348985136,31335
"(0.9326599326599326, 0.9833229101521784)",1,97.86232759235286,31336
"(0.9749625285109156, 0.9958292603453894)",2,97.86232142190508,31338
"(0.9751539794803552, 0.9958292603453894)",1,97.8622911868838,31339
"(0.8874191651969431, 0.9861673414304992)",1,97.8622442417212,31340
"(0.991777356103732, 0.9958292603453894)",1,97.862225276707,31341
"(0.9791102677630192, 0.9958292603453894)",2,97.86215611776338,31343
"(0.7524760273298283, 0.991206314397104)",1,97.86205618231428,31344
"(0.4423707251851418, 0.9861310021084456)",2,97.86185173166317,31346
"(0.4859888563049853, 0.9899983116452704)",1,97.86163904505948,31347
"(0.9792406033772258, 0.9958292603453894)",1,97.86163529823838,31348
"(0.9705906996229576, 0.9958292603453894)",1,97.86153734504428,31349
"(0.7164894725870335, 1.0)",1,97.8615328042271,31350
"(0.8621031746031745, 0.9861310021084456)",1,97.86152767965824,31351
"(0.8976982097186702, 0.9833229101521784)",1,97.86147848244208,31352
"(0.9035493827160496, 0.9861673414304992)",1,97.86144072018324,31353
"(0.5277652279377781, 0.999621402088958)",3,97.86140896059018,31356
"(0.4603282383880727, 0.9975)",2,97.86121684199524,31358
"(0.4894591128631123, 0.9962501582231502)",1,97.8611571826028,31359
"(0.9230468061350414, 0.979166518665308)",1,97.86097782003668,31360
"(0.4912575527045726, 0.9987499746026686)",1,97.8609427162053,31361
"(0.7134615384615385, 0.9870601047071634)",1,97.86080788416812,31362
"(0.4673343159733596, 0.9974998905914936)",1,97.86070990802862,31363
"(0.927082576248316, 0.9790476832523552)",1,97.86058337407556,31364
"(0.4553345256344744, 0.9987500214884376)",2,97.86049866860073,31366
"(0.9166682405676116, 1.0)",1,97.86044066292278,31367
"(0.8193419055822156, 0.9861673414304992)",1,97.860218209214,31368
"(0.9017715617715616, 0.9861673414304992)",1,97.86020432677462,31369
"(0.4967706652322037, 0.9887504746694504)",1,97.86016630515496,31370
"(0.8425483191745751, 0.9885557944107872)",2,97.8601479080506,31372
"(0.9079075500409146, 0.979166518665308)",1,97.86012056968929,31373
"(0.3930894945067609, 0.9975)",1,97.86001277741472,31374
"(0.5259912686183872, 1.0)",3,97.859991868952,31377
"(0.9750943974852894, 0.9958292603453894)",1,97.85999132941538,31378
"(0.7580266955266955, 0.9861673414304992)",1,97.85992610895342,31379
"(0.9756244289830628, 0.9958292603453894)",1,97.85958818143617,31380
"(0.9792446763651698, 0.9790972342015986)",1,97.859544719226,31381
"(0.9665831244778612, 0.9833229101521784)",1,97.85930393603118,31382
"(0.4906095585257189, 0.9899983116452704)",1,97.85927134285564,31383
"(0.9916625936787228, 0.9958292603453894)",1,97.8592455719353,31384
"(0.92132700797001, 0.9832184229069656)",1,97.85920224444996,31385
"(0.7651777469990767, 0.991206314397104)",1,97.85912037970104,31386
"(0.9916339869281046, 0.9958292603453894)",1,97.85892678612606,31387
"(0.9098759089802734, 0.9832184229069656)",1,97.8588391454951,31388
"(0.9793747635794354, 0.9958292603453894)",1,97.85879245429008,31389
"(1.0, 1.0)",1,97.85858910145036,31390
"(0.947552083649559, 0.9958292603453894)",1,97.85851663074504,31391
"(0.4499384836938269, 0.9975000781372088)",1,97.85832193635048,31392
"(0.711778806550463, 1.0)",1,97.85829491022776,31393
"(0.5113955160358922, 1.0)",1,97.85818610339784,31394
"(0.5715397013354384, 0.9981012669018314)",1,97.8579166233173,31395
"(0.9621616286938868, 0.9958292603453894)",2,97.85783782950192,31397
"(0.7250237826596757, 0.9870601047071634)",2,97.85783716560157,31399
"(0.9788283442948758, 0.9958292603453894)",1,97.8578350627407,31400
"(0.846098299557419, 0.9861673414304992)",1,97.85771749016644,31401
"(0.4747763864042934, 0.9882048106149588)",1,97.8572915208036,31402
"(0.9300671002153482, 0.9861673414304992)",1,97.85721565105888,31403
"(0.5153508771929824, 1.0)",3,97.85709853890766,31406
"(0.6870644599303137, 0.9861310021084456)",1,97.85707123764196,31407
"(0.8593554593554595, 0.9861673414304992)",2,97.85704462103482,31409
"(0.7451754993161283, 1.0)",1,97.8569856029994,31410
"(0.8148308968977662, 0.9861673414304992)",1,97.85694741922732,31411
"(0.987491854024112, 0.9958292603453894)",1,97.85693800990262,31412
"(0.975479255167798, 0.9958292603453894)",1,97.8568792617529,31413
"(0.8085259100433108, 0.9861673414304992)",1,97.85681293338666,31414
"(0.4667544811866356, 0.982768513738492)",1,97.85676708995734,31415
"(0.8871966240387292, 0.9861673414304992)",1,97.85676607601084,31416
"(0.5087400188487272, 0.9974998905914936)",1,97.85676234225087,31417
"(0.9152126952475904, 0.9861673414304992)",1,97.85675893931656,31418
"(0.9503122778456484, 0.979166518665308)",1,97.85673548509511,31419
"(0.4919916866987179, 0.9950001562744178)",1,97.85664440497428,31420
"(0.5153209052589321, 0.9987499746026686)",1,97.8563600557004,31421
"(0.9017715617715616, 0.9861673414304992)",2,97.85610865381176,31423
"(0.5315938119639068, 1.0)",3,97.85602868635556,31426
"(0.7524760273298283, 0.991206314397104)",1,97.85579579957084,31427
"(0.4363355778830426, 0.9987499746026686)",3,97.85559450221376,31430
"(0.3067412107187314, 0.9981012669018314)",1,97.8555503822514,31431
"(0.9326599326599326, 0.9833229101521784)",1,97.85551450720024,31432
"(0.8871966240387292, 0.9861673414304992)",2,97.85541175149288,31434
"(0.5951215675790986, 1.0)",1,97.85533263953933,31435
"(0.9705383010048324, 0.9958292603453894)",1,97.85502864359144,31436
"(0.6611718926579557, 0.9861310021084456)",1,97.85494994936072,31437
"(0.5402602244482939, 0.990000187501172)",1,97.85478722017606,31438
"(0.702867567752065, 1.0)",3,97.85465931534456,31441
"(0.8621031746031745, 0.9861310021084456)",1,97.85458767828769,31442
"(0.5070372093557577, 0.9861310021084456)",1,97.8544517878628,31443
"(0.8604306971015356, 0.9861673414304992)",1,97.85439524576674,31444
"(0.4525144676897589, 0.995)",1,97.85421866881924,31445
"(0.2372024545510323, 0.9977203590215908)",1,97.85417527258232,31446
"(0.9153439153439156, 0.9833229101521784)",1,97.8540919021628,31447
"(0.4737094237094237, 0.9861673414304992)",1,97.853939438717,31448
"(0.8982888105990573, 0.987463247273494)",1,97.85391228562216,31449
"(0.7218114213846213, 1.0)",1,97.85376901126168,31450
"(0.8621031746031745, 0.9861310021084456)",1,97.85351325469,31451
"(0.9791102677630192, 0.9958292603453894)",1,97.85338476083678,31452
"(0.7942038054814895, 0.9861673414304992)",2,97.8533837681499,31454
"(0.8937718863178524, 0.979166518665308)",1,97.85324350341784,31455
"(0.4937625125125124, 0.9861310021084456)",1,97.85318458203425,31456
"(0.7823116219667945, 0.9861673414304992)",1,97.85305230522668,31457
"(0.506032156862745, 0.9975000781372088)",1,97.85294781812168,31458
"(0.6636745887678723, 1.0)",1,97.85276263000624,31459
"(0.5145696010475885, 0.9861310021084456)",1,97.85276196564617,31460
"(0.5466837142306626, 0.9861673414304992)",1,97.85271232146071,31461
"(0.5642422164950636, 0.9870601047071634)",1,97.85267627332748,31462
"(0.979051756240299, 0.9958292603453894)",1,97.85230722170937,31463
"(0.57448235722491, 0.9874994529574682)",1,97.85215977210532,31464
"(0.7580266955266955, 0.9861673414304992)",1,97.85214434616626,31465
"(0.4760120083755897, 0.9899995623659744)",1,97.85188653581908,31466
"(0.7837606837606838, 0.9861673414304992)",1,97.85163925202706,31467
"(0.5466837142306626, 0.9861673414304992)",1,97.8516006795259,31468
"(0.8920217788143652, 0.9790755481078062)",1,97.85150856533794,31469
"(0.9791258409522168, 0.9958292603453894)",1,97.85149615254818,31470
"(0.8475002808673183, 0.9861673414304992)",1,97.85140179900483,31471
"(0.4585755850187953, 0.9974998905914936)",1,97.85135952806668,31472
"(0.8604306971015356, 0.9861673414304992)",3,97.85125427023506,31475
"(0.8871966240387292, 0.9861673414304992)",1,97.8512385116569,31476
"(0.4890731859530187, 0.9887504746694504)",1,97.85113268068824,31477
"(0.650138830416391, 1.0)",1,97.8511182470739,31478
"(0.7218114213846213, 1.0)",3,97.85110348580656,31481
"(0.9234894220441888, 0.9790755481078062)",2,97.85094020985106,31483
"(0.5981266189834885, 0.9992416608232524)",1,97.8509249647586,31484
"(0.4923104882535888, 0.9987499746026686)",1,97.85087694134457,31485
"(0.544915263097564, 1.0)",1,97.85086185427949,31486
"(0.7264314632735687, 0.9870601047071634)",3,97.85067030746336,31489
"(0.8631918334993627, 0.9833229101521784)",1,97.85058661130498,31490
"(0.5208957469413343, 0.9954266299414484)",1,97.85057637425076,31491
"(0.9543883398911862, 0.9958292603453894)",2,97.8505613754117,31493
"(0.950175761409158, 0.979166518665308)",1,97.85044983908531,31494
"(0.8587708587708588, 0.9870601047071634)",1,97.85036401130203,31495
"(0.9666666666666668, 0.9833229101521784)",1,97.85019132720666,31496
"(0.9161952650324744, 0.9833229101521784)",1,97.8501717594877,31497
"(0.900838851006521, 0.9832462877624168)",1,97.85006618335976,31498
"(0.7000013129045387, 0.9870601047071634)",6,97.85004512104854,31504
"(0.5087400188487272, 0.9949997811829872)",1,97.84998519037036,31505
"(0.8358530587380517, 0.9832925076188832)",1,97.84998480216832,31506
"(0.7498057498057498, 0.9870601047071634)",3,97.8499514642902,31509
"(0.8796475392220073, 0.9833229101521784)",1,97.84993648570249,31510
"(0.9497171590194846, 0.9833229101521784)",1,97.8498145208562,31511
"(0.8016677935542034, 0.9833229101521784)",1,97.84978997518093,31512
"(0.8467532467532467, 1.0)",1,97.84973719621362,31513
"(0.9876106894370652, 0.9958292603453894)",1,97.8496087049985,31514
"(0.9374843410636878, 0.979166518665308)",1,97.84954213986256,31515
"(0.8040695048423352, 0.986081059422206)",1,97.84932650705142,31516
"(0.493185354223825, 1.0)",1,97.8492508903578,31517
"(0.8358530587380517, 0.979166518665308)",1,97.84918360605884,31518
"(0.6786000457875457, 0.9870601047071634)",1,97.8491095613237,31519
"(0.9501005812039314, 0.979166518665308)",1,97.84905533566852,31520
"(0.6870644599303137, 0.9861310021084456)",1,97.84872498680672,31521
"(0.8860455063826657, 0.9861673414304992)",1,97.84868156456125,31522
"(0.9310483384791604, 0.9861673414304992)",1,97.84861559139328,31523
"(0.9199973910846122, 0.9916339869281046)",1,97.8485637020277,31524
"(0.6324707692241994, 0.9861673414304992)",1,97.84851520118134,31525
"(0.6675629468295134, 1.0)",3,97.84848423273056,31528
"(0.5466837142306626, 0.9861673414304992)",1,97.8482301647503,31529
"(0.6892156862745098, 0.9861673414304992)",1,97.84819220469144,31530
"(0.5066927083333332, 0.98999899959984)",1,97.84811693116129,31531
"(0.9958292603453894, 0.9958292603453894)",1,97.84780389511278,31532
"(0.3841590381665586, 0.9996210215628012)",3,97.84772533279931,31535
"(0.8874191651969431, 0.9861673414304992)",1,97.84769703708903,31536
"(0.8631918334993627, 0.9833229101521784)",2,97.84760526383012,31538
"(0.6324707692241994, 0.9861673414304992)",1,97.84758205630676,31539
"(0.6784791526961461, 1.0)",1,97.8474827147044,31540
"(0.9372650231764934, 0.9832462877624168)",1,97.84729581120482,31541
"(0.9586562930696936, 0.979166518665308)",1,97.84721876905076,31542
"(0.5009421228446381, 0.9962497362353954)",2,97.84712708917856,31544
"(0.9154520780570968, 0.9832184229069656)",1,97.8471135801492,31545
"(0.9874762808349148, 0.9958292603453894)",1,97.84707527975074,31546
"(0.6193159845618537, 1.0)",1,97.8469773548153,31547
"(0.4590791029805835, 0.9962500644653132)",2,97.84696224766178,31549
"(0.9503122778456484, 0.9790476832523552)",1,97.84663382003872,31550
"(0.4609162804468383, 0.9887492087061858)",1,97.84661898504704,31551
"(0.9497171590194848, 0.9833229101521784)",2,97.84661278941964,31553
"(0.7219078347127128, 0.9861673414304992)",1,97.84657454293897,31554
"(0.8475002808673183, 0.9861673414304992)",1,97.8464869864166,31555
"(0.9466127311522048, 0.991206314397104)",1,97.8464756829012,31556
"(0.7780625367430922, 0.9861673414304992)",1,97.8462686065938,31557
"(0.1357209660560048, 1.0)",1,97.84620986248964,31558
"(0.3980793293293293, 0.9861673414304992)",1,97.84611371315412,31559
"(0.9297326845255915, 0.9834113430318364)",1,97.84588920202476,31560
"(0.920238255356524, 0.979166518665308)",1,97.84546527649924,31561
"(0.8044914258149553, 0.9861310021084456)",1,97.84545702355015,31562
"(0.934065934065934, 0.9833229101521784)",1,97.845402079501,31563
"(0.5145696010475885, 0.9861310021084456)",1,97.84534245774049,31564
"(0.5685989470330658, 1.0)",1,97.84533131816356,31565
"(0.6813936996863826, 0.9861673414304992)",1,97.84529853970152,31566
"(0.927082576248316, 0.979166518665308)",1,97.84525718208567,31567
"(0.7453091184935634, 0.991206314397104)",1,97.84525065967604,31568
"(0.8796475392220073, 1.0)",1,97.84523532120323,31569
"(0.5118812113070996, 0.9987499746026686)",1,97.84522669395872,31570
"(0.903667392883079, 1.0)",1,97.84519098037276,31571
"(0.9833229101521784, 1.0)",1,97.8451179548574,31572
"(0.987491854024112, 0.9958292603453894)",1,97.84504211023958,31573
"(0.9793622864590606, 0.9958292603453894)",2,97.84499791302288,31575
"(0.900983347688774, 0.9861673414304992)",3,97.84498585889386,31578
"(0.8146183925150791, 0.9870601047071634)",1,97.844876428403,31579
"(0.4673343159733596, 0.9962497362353954)",1,97.8448738912881,31580
"(0.6345442757231281, 1.0)",1,97.8448659287647,31581
"(0.8884797556713653, 0.9791102677630192)",1,97.8447381347435,31582
"(0.7453091184935634, 0.991206314397104)",1,97.84469882814896,31583
"(0.4987398156700754, 1.0)",1,97.84409863102898,31584
"(0.9372650231764934, 0.9748802746905214)",1,97.84407310441064,31585
"(0.9916585206907788, 0.9958292603453894)",2,97.84407109777156,31587
"(0.8902783631946863, 0.9861673414304992)",1,97.8440531429226,31588
"(0.9061764476533613, 0.979166518665308)",1,97.84391695313911,31589
"(0.9153439153439156, 0.9833229101521784)",1,97.84353919481546,31590
"(0.7453091184935634, 0.991206314397104)",1,97.84350870785764,31591
"(0.5762240792806925, 0.9950429441987424)",3,97.84341782654208,31594
"(0.7965746171391332, 1.0)",1,97.84310977196384,31595
"(0.8902783631946863, 0.9861673414304992)",1,97.8430344462492,31596
"(0.2806699331680662, 0.9996210215628012)",3,97.84299742169384,31599
"(0.9161379295307868, 1.0)",1,97.84287735115726,31600
"(0.5081592004685413, 0.9988642062668746)",1,97.8428537732839,31601
"(0.3545856375860411, 1.0)",1,97.84278593322794,31602
"(0.9788980434141724, 0.9958292603453894)",1,97.84269750954353,31603
"(0.5398840942160625, 1.0)",1,97.84252501038424,31604
"(0.927082576248316, 0.9790476832523552)",1,97.84223996539488,31605
"(0.9665571503823156, 0.9916666666666668)",1,97.84221795920688,31606
"(0.4553345256344744, 0.9987499746026686)",1,97.84217939869896,31607
"(0.9625114955760116, 0.9958292603453894)",1,97.84188610673364,31608
"(0.4337472035794183, 0.9988619159967322)",1,97.84183477847331,31609
"(0.9751539794803552, 0.9958292603453894)",1,97.84182736584722,31610
"(0.9154520780570968, 0.983305541180304)",1,97.8418104160851,31611
"(0.492807005588115, 0.9987499746026686)",3,97.84172461997812,31614
"(0.7823116219667945, 0.9861673414304992)",1,97.84157060683758,31615
"(0.9301209372637944, 0.9861310021084456)",1,97.84147983090466,31616
"(0.5796659333752356, 0.9912488373656227)",1,97.84144281914357,31617
"(0.711778806550463, 1.0)",1,97.8413760468575,31618
"(0.7823116219667945, 0.9861673414304992)",2,97.8411022917009,31620
"(0.5187734941865547, 0.9861310021084456)",1,97.84107340269296,31621
"(0.9756244289830628, 0.9958292603453894)",2,97.84078420219932,31623
"(0.5005466528962331, 0.9988619159967322)",1,97.84078325243586,31624
"(0.9707071808622552, 0.9958292603453894)",2,97.84072243315802,31626
"(0.9916585206907788, 0.9958292603453894)",1,97.84066369366477,31627
"(0.7492637423027605, 0.9870601047071634)",3,97.84064280575924,31630
"(0.9177366931314298, 0.9790476832523552)",1,97.840609841297,31631
"(0.7780625367430922, 0.9861673414304992)",2,97.8406005737428,31633
"(0.8976982097186702, 0.9833229101521784)",1,97.84054398183277,31634
"(0.4468328406505846, 0.9861673414304992)",1,97.84019629919014,31635
"(0.9177366931314298, 0.9832925076188832)",1,97.8397610378308,31636
"(0.8071948928825261, 0.9861673414304992)",1,97.83974444559624,31637
"(0.331262443438914, 0.9988619159967322)",1,97.8394735570288,31638
"(0.8805377184744008, 0.979166518665308)",1,97.83928236514976,31639
"(0.5187734941865547, 0.9861310021084456)",1,97.83899274121742,31640
"(0.590912874120593, 0.9925002344116268)",1,97.83885951246198,31641
"(0.861111111111111, 1.0)",1,97.83882674630011,31642
"(0.9874877810361682, 0.9958292603453894)",2,97.83879259050664,31644
"(0.8085259100433108, 0.9861673414304992)",1,97.83858806463564,31645
"(0.4921512824029625, 0.9899983116452704)",1,97.83850332146116,31646
"(0.9098759089802734, 0.9832184229069656)",1,97.83846066238507,31647
"(0.7687400318979267, 0.9833229101521784)",1,97.8383729086453,31648
"(0.5159978271811663, 1.0)",1,97.83835764136452,31649
"(0.4468328406505846, 0.9861673414304992)",1,97.8382724005862,31650
"(0.9452474337657768, 0.9832462877624168)",1,97.83777932445057,31651
"(0.5696789203510515, 0.9862497206293536)",1,97.83763127068978,31652
"(0.4525211933060535, 0.9996210215628012)",1,97.83749015376952,31653
"(0.5315938119639068, 1.0)",2,97.83737307170136,31655
"(0.9166682405676116, 0.9861310021084456)",1,97.83733260799276,31656
"(0.9497171590194846, 0.9833229101521784)",1,97.83731215835589,31657
"(0.5004274455385378, 0.992500421898732)",1,97.8370691418048,31658
"(0.4685034316109736, 0.9847961778883958)",1,97.8369738373668,31659
"(0.8874191651969431, 0.9861673414304992)",1,97.83682307483087,31660
"(0.650138830416391, 1.0)",3,97.83674601550716,31663
"(0.8358530587380517, 0.979166518665308)",1,97.83638405623633,31664
"(0.90224161204236, 0.9861310021084456)",1,97.83632722879624,31665
"(0.8625419597186702, 0.9861673414304992)",1,97.83619466864934,31666
"(0.9749625285109156, 0.9958292603453894)",1,97.83601348188124,31667
"(0.927082576248316, 0.979166518665308)",1,97.8359004161142,31668
"(0.5418599142431635, 0.9984863658725142)",1,97.83582522360584,31669
"(0.8631918334993627, 0.9833229101521784)",4,97.83573281853867,31673
"(0.5218438528010998, 0.9861310021084456)",1,97.8355987218837,31674
"(0.8976982097186702, 0.9833229101521784)",2,97.83557605003556,31676
"(0.9792521035784794, 0.9958292603453894)",1,97.83538940892244,31677
"(0.9262130464282252, 0.991206314397104)",1,97.83533479570114,31678
"(0.8229870141950848, 1.0)",1,97.83514695226384,31679
"(0.4777955536474655, 0.9996210215628012)",3,97.8351279188204,31682
"(0.7942038054814895, 0.9861673414304992)",1,97.834699152437,31683
"(0.9747838672665278, 1.0)",1,97.83456350614624,31684
"(0.4772368473497005, 0.9924987337339528)",1,97.83440641040796,31685
"(0.6326954876802936, 0.9861673414304992)",1,97.83428478969309,31686
"(0.9665831244778612, 0.9833229101521784)",1,97.83413441000218,31687
"(0.224271508570455, 0.9977203590215908)",1,97.83401861760176,31688
"(0.9666666666666668, 0.9833229101521784)",1,97.83400950758276,31689
"(0.933096859926128, 0.9833229101521784)",1,97.83400232514607,31690
"(0.8796475392220073, 0.9833229101521784)",1,97.83396848662196,31691
"(0.4468328406505846, 0.9861673414304992)",1,97.83390479785604,31692
"(0.8743078626799556, 0.9861310021084456)",1,97.8336969198305,31693
"(0.8016677935542034, 0.9833229101521784)",1,97.83335859700202,31694
"(0.9416255449494996, 0.979166518665308)",1,97.83318873473034,31695
"(0.8016677935542034, 0.9833229101521784)",1,97.8330501895066,31696
"(0.9666666666666668, 0.9833229101521784)",1,97.83302583687043,31697
"(0.4468328406505846, 0.9861673414304992)",1,97.83300076722554,31698
"(0.9707802886550516, 0.9958292603453894)",1,97.8328124843111,31699
"(0.7997685185185185, 0.9861673414304992)",1,97.83275699960654,31700
"(0.7651777469990767, 0.991206314397104)",1,97.83247018371858,31701
"(0.7997685185185185, 0.9861673414304992)",1,97.83243874789942,31702
"(0.4523958281268222, 0.9861310021084456)",1,97.8322886952129,31703
"(0.6736022307473716, 0.9861673414304992)",1,97.83227177954122,31704
"(0.8887202421952387, 0.986081059422206)",1,97.8319355150761,31705
"(0.6749447402728794, 0.9861310021084456)",1,97.83182404171124,31706
"(0.4039045743444857, 0.9882048106149588)",1,97.83171812172448,31707
"(0.9876066164491212, 0.9958292603453894)",1,97.8317114719629,31708
"(0.7713401051412279, 1.0)",1,97.8315925042673,31709
"(0.6082593877857035, 1.0)",1,97.83157483032343,31710
"(0.8152898027898028, 0.9861673414304992)",2,97.83146905915056,31712
"(0.92132700797001, 0.9832925076188832)",1,97.83106924351982,31713
"(0.5659049245699329, 0.9849974674679056)",1,97.83103195860517,31714
"(0.5159978271811663, 1.0)",3,97.83063196076972,31717
"(0.8016677935542034, 0.9833229101521784)",1,97.8305816980779,31718
"(0.6430200463634697, 1.0)",3,97.83043915871863,31721
"(0.9497171590194846, 0.9833229101521784)",1,97.83036779152592,31722
"(0.4269360269360269, 0.9861310021084456)",1,97.83032460377076,31723
"(0.80917267191777, 0.9870601047071634)",1,97.8300242717615,31724
"(0.9743030741133208, 0.9958292603453894)",1,97.82995996472872,31725
"(0.4795837122630575, 1.0)",3,97.82989113264884,31728
"(0.8883034087952121, 0.9861310021084456)",1,97.82986664731423,31729
"(0.6088071867185179, 1.0)",1,97.82963816166762,31730
"(0.9749706744868036, 0.9958292603453894)",1,97.82943416871872,31731
"(0.6825396825396824, 0.9833229101521784)",1,97.82923601414814,31732
"(0.9916585206907788, 0.9958292603453894)",1,97.82916132948056,31733
"(0.846098299557419, 0.9861673414304992)",1,97.82877096503128,31734
"(0.8193928901539049, 0.9870601047071634)",1,97.82861281175816,31735
"(0.9079075500409146, 0.979166518665308)",1,97.82853759100344,31736
"(0.5196405816427424, 1.0)",1,97.8284460431176,31737
"(0.5932092007364075, 1.0)",3,97.82841657674992,31740
"(0.5153209052589321, 0.9974998905914936)",3,97.82839402264408,31743
"(0.7404350561362756, 0.9861673414304992)",1,97.8283726283083,31744
"(1.0, 1.0)",1,97.82835130431629,31745
"(0.507482960719107, 0.9987499746026686)",1,97.828251508232,31746
"(0.8586166985951469, 1.0)",1,97.82817779040182,31747
"(0.9017715617715616, 0.9861673414304992)",1,97.828154707162,31748
"(0.9377148530109056, 0.991206314397104)",2,97.82815048242658,31750
"(0.9073006242305464, 0.9832184229069656)",1,97.82798783559409,31751
"(0.6759040330903159, 1.0)",1,97.82783725100713,31752
"(0.5685296942699924, 0.9817555321873668)",1,97.82779649699552,31753
"(0.987491854024112, 0.9958292603453894)",1,97.82774179901968,31754
"(0.8733799478600891, 0.9832925076188832)",1,97.82770144560828,31755
"(0.9916585206907788, 0.9958292603453894)",2,97.82752507501156,31757
"(0.6611718926579557, 0.9861310021084456)",1,97.8274901737113,31758
"(0.4514795008912656, 0.9962501582231502)",1,97.82747203704676,31759
"(0.5009421228446381, 0.9974998905914936)",1,97.82730031923398,31760
"(0.3865130008203705, 0.9984817852901372)",1,97.82716507448212,31761
"(0.9662908496732026, 0.9790476832523552)",1,97.82707530177606,31762
"(0.5459165183258022, 1.0)",3,97.82684949596718,31765
"(0.5896957700576321, 0.9988619159967322)",3,97.82674874151982,31768
"(0.8860455063826657, 0.9861673414304992)",1,97.82659710360198,31769
"(0.6892156862745098, 0.9861673414304992)",1,97.82657729476284,31770
"(0.9032855633136024, 0.9861673414304992)",1,97.82651092277708,31771
"(0.9830687830687832, 0.9958292603453894)",1,97.82646138326564,31772
"(0.5004274455385378, 0.9975000781372088)",1,97.82633802193904,31773
"(0.9829909379735984, 0.9958292603453894)",1,97.8260851206538,31774
"(0.920238255356524, 0.979166518665308)",1,97.82583911832658,31775
"(0.4701128221244499, 0.9912498222186796)",1,97.82582388614004,31776
"(0.1500716412252043, 0.9992416608232524)",1,97.8254970170174,31777
"(0.4900255006375159, 0.9875003906274415)",1,97.82542975651354,31778
"(0.8748200797381125, 0.9861310021084456)",1,97.82534687261578,31779
"(1.0, 1.0)",1,97.82526455199874,31780
"(0.6611718926579557, 0.9861310021084456)",1,97.82521540260154,31781
"(0.418728666447884, 0.99499949979992)",1,97.82520975332304,31782
"(0.3188477500068535, 0.9996210215628012)",3,97.825139594322,31785
"(0.9916585206907788, 0.9958292603453894)",1,97.82512406501732,31786
"(0.5191356753598758, 1.0)",3,97.82511581590232,31789
"(0.6384521701955596, 0.991206314397104)",1,97.82492625008956,31790
"(0.8920217788143652, 0.9832184229069656)",2,97.82484025513996,31792
"(0.4961453064375241, 0.9987499746026686)",1,97.8248125590288,31793
"(0.4338421858976735, 0.98999899959984)",1,97.82474618170444,31794
"(0.9834358767945106, 0.9958292603453894)",2,97.82474566378588,31796
"(0.9153439153439156, 0.9833229101521784)",1,97.82457720808172,31797
"(0.7977749180480272, 0.9861673414304992)",1,97.8244528283123,31798
"(0.8874191651969431, 0.9861673414304992)",1,97.8241597194246,31799
"(0.7168719671519223, 0.991206314397104)",1,97.8241577845108,31800
"(0.9750780096985032, 0.9958292603453894)",1,97.8239405542269,31801
"(0.5119662237091893, 0.9984817852901372)",1,97.82388319767894,31802
"(0.7742295620819575, 0.9988642062668746)",1,97.82386698897396,31803
"(0.987491854024112, 0.9958292603453894)",1,97.8237055821915,31804
"(0.7377975062704127, 0.9872890642121412)",1,97.8236608779629,31805
"(0.8916052423523688, 0.9873891625615764)",1,97.82364626358788,31806
"(0.8622520112492773, 0.9832462877624168)",1,97.82351710263224,31807
"(0.5305164278521484, 0.9984863658725142)",1,97.82320389366792,31808
"(1.0, 1.0)",1,97.82301334550188,31809
"(0.6784791526961461, 1.0)",1,97.82299295024484,31810
"(0.90224161204236, 0.9861310021084456)",1,97.82292066257467,31811
"(0.7075825156110616, 0.991206314397104)",1,97.82276796945914,31812
"(0.4933386447129642, 0.9962501582231502)",1,97.82239953469552,31813
"(0.8044914258149553, 0.9861310021084456)",1,97.8223116020187,31814
"(0.8871966240387292, 0.9861673414304992)",1,97.82205534760077,31815
"(0.5207596250837986, 1.0)",3,97.82204956400142,31818
"(0.5145696010475885, 0.9861310021084456)",1,97.82196041309328,31819
"(0.9154520780570968, 0.9791102677630192)",1,97.82193036326576,31820
"(0.4489727317392728, 0.9912488373656227)",1,97.82191127236683,31821
"(0.2537048100490196, 0.9988630646884038)",1,97.82188117724414,31822
"(0.476193313409349, 0.9975000781372088)",1,97.82167509697948,31823
"(0.484646846010113, 0.9962497362353954)",1,97.82161966992982,31824
"(0.5915486782249667, 1.0)",3,97.82148827804453,31827
"(0.945878018492034, 0.9958292603453894)",2,97.82145232469044,31829
"(0.4919916866987179, 0.9987500214884376)",1,97.82139384011616,31830
"(0.8193419055822156, 0.9861673414304992)",1,97.82126821384348,31831
"(0.9000617225831424, 0.9833229101521784)",1,97.82126247305224,31832
"(0.7578527705282009, 1.0)",1,97.82125919375528,31833
"(0.8756093271018643, 0.9861310021084456)",1,97.82122209747706,31834
"(0.6825396825396824, 0.9833229101521784)",1,97.8211501235892,31835
"(0.8982888105990573, 0.979166518665308)",1,97.82114736139522,31836
"(0.7344692811916678, 1.0)",1,97.82109620424896,31837
"(0.7942038054814895, 0.9861673414304992)",1,97.82095244592712,31838
"(0.7075825156110616, 0.991206314397104)",1,97.82082265383168,31839
"(0.7823116219667945, 0.9861673414304992)",1,97.82077986974365,31840
"(0.7134615384615385, 0.9870601047071634)",1,97.82060793425656,31841
"(0.9102539775554236, 0.9832184229069656)",1,97.82059046565928,31842
"(0.9326599326599326, 0.9833229101521784)",2,97.82050650343336,31844
"(0.476767449342614, 0.9969573675011548)",1,97.82046887885828,31845
"(0.3302862574369368, 0.9969573675011548)",1,97.82044849213096,31846
"(0.9444901834607716, 0.9861673414304992)",1,97.8204436182799,31847
"(0.8318290279074593, 0.9861673414304992)",1,97.82015036584656,31848
"(0.8813457860512559, 0.9832462877624168)",1,97.82012381563888,31849
"(0.9079075500409146, 0.9832925076188832)",1,97.82011991754482,31850
"(0.9834113430318364, 0.9958292603453894)",1,97.81993296813803,31851
"(0.620130835563485, 0.991206314397104)",1,97.8198218609348,31852
"(0.5303843494657449, 0.9824970453792232)",1,97.81981958403163,31853
"(0.5332214830187948, 0.984996247654784)",1,97.81953534796509,31854
"(0.8208353559736048, 0.9861673414304992)",1,97.81943741636796,31855
"(0.8937718863178524, 0.979166518665308)",1,97.819366219759,31856
"(0.8631918334993627, 0.9833229101521784)",3,97.81905572869086,31859
"(0.900838851006521, 0.987463247273494)",1,97.81892214499872,31860
"(0.7997685185185185, 0.9861673414304992)",1,97.81888161095932,31861
"(0.7977749180480272, 0.9861673414304992)",1,97.81880120138791,31862
"(0.5123851706036745, 1.0)",1,97.81869296177534,31863
"(0.5465607854790808, 0.9988642062668746)",1,97.8185940142328,31864
"(0.8344065656565657, 0.9861673414304992)",1,97.81850796848764,31865
"(0.8148308968977662, 0.9861673414304992)",2,97.81841931671616,31867
"(0.6049854216218278, 1.0)",1,97.81832839386686,31868
"(0.3584486416678197, 0.9988619159967322)",1,97.81832594219044,31869
"(0.7439393939393939, 1.0)",3,97.81822484756154,31872
"(0.9310483384791604, 0.9861673414304992)",1,97.81809631495344,31873
"(0.9157097551404952, 0.9916585206907788)",1,97.8178592150812,31874
"(0.546013779527559, 1.0)",1,97.81782158511086,31875
"(0.9958292603453894, 0.9958292603453894)",1,97.817492945441,31876
"(0.7772049591964847, 0.9861673414304992)",1,97.81740696195588,31877
"(0.4133101229894375, 0.9977203590215908)",1,97.81730365361672,31878
"(0.4919916866987179, 0.9987500214884376)",1,97.8172881741896,31879
"(0.8431623931623932, 0.9870601047071634)",1,97.8172145871246,31880
"(0.8874191651969431, 0.9861673414304992)",1,97.81711895714696,31881
"(0.9028964862298196, 0.9861673414304992)",1,97.8168576811718,31882
"(0.9244352123384382, 0.979166518665308)",1,97.8168349561207,31883
"(0.5087400188487272, 0.9974998905914936)",1,97.81675692855428,31884
"(0.4670357941834451, 0.9977203590215908)",1,97.81646345383946,31885
"(0.4423707251851418, 0.9861310021084456)",1,97.81645498450185,31886
"(1.0, 0.9833229101521784)",1,97.81641849169635,31887
"(0.1357209660560048, 1.0)",1,97.81626743683228,31888
"(0.9153439153439156, 0.9833229101521784)",1,97.81624938056387,31889
"(0.9497171590194848, 0.9833229101521784)",2,97.81624691987471,31891
"(0.4345640839445211, 0.9988619159967322)",3,97.8162133088433,31894
"(0.4860887005222129, 0.99249924969988)",1,97.8161481974497,31895
"(0.9000617225831424, 0.9833229101521784)",1,97.816119601352,31896
"(0.945878018492034, 0.9958292603453894)",1,97.8160935976564,31897
"(0.7401844059863599, 0.9861673414304992)",1,97.8160249330723,31898
"(0.9674564520532262, 0.9958292603453894)",1,97.81571905445008,31899
"(0.987463247273494, 0.9958292603453894)",1,97.81566643735486,31900
"(0.861111111111111, 0.9833229101521784)",1,97.81566604127585,31901
"(0.8937718863178524, 0.9790476832523552)",1,97.81560946481343,31902
"(0.8748200797381125, 0.9861310021084456)",1,97.81560780323277,31903
"(0.9098759089802734, 0.9832184229069656)",1,97.81559017670344,31904
"(0.6591407524714463, 0.999621402088958)",3,97.81533022898805,31907
"(0.8315995778682346, 0.9861673414304992)",1,97.81518997354875,31908
"(0.5685989470330658, 1.0)",2,97.81503553415916,31910
"(0.9177366931314298, 0.979166518665308)",1,97.81480689098709,31911
"(0.8181654379194883, 0.9870601047071634)",1,97.81476790904372,31912
"(0.4921211569947243, 0.9950002500250024)",2,97.81475851191917,31914
"(0.5070372093557577, 0.9861310021084456)",1,97.8146925594679,31915
"(0.506032156862745, 0.9950002500250024)",1,97.81462638902316,31916
"(0.8584175084175085, 0.9861673414304992)",2,97.81458145300076,31918
"(0.8976982097186702, 0.9833229101521784)",1,97.81453535722969,31919
"(0.4845066627893052, 0.9981012669018314)",1,97.81439699537302,31920
"(0.5112838915470493, 1.0)",1,97.81418900758209,31921
"(0.6096721354739468, 1.0)",1,97.81412939781757,31922
"(0.4776542240827955, 1.0)",1,97.81398068371348,31923
"(0.9916585206907788, 0.9958292603453894)",1,97.81387618953129,31924
"(0.4049163909196675, 0.9931328125)",1,97.81382199556538,31925
"(0.4776542240827955, 1.0)",1,97.8136864414971,31926
"(0.6892156862745098, 0.9861673414304992)",1,97.81355532675096,31927
"(0.6749447402728794, 0.9861310021084456)",1,97.81328805814742,31928
"(0.8358530587380517, 0.9747335744221172)",1,97.81324260975404,31929
"(0.9184901612842788, 0.9832462877624168)",1,97.813157010287,31930
"(0.5103469782909699, 0.9912488373656227)",3,97.81306216552376,31933
"(0.5004274455385378, 0.9975000781372088)",1,97.81303347775628,31934
"(0.5186495449197397, 0.9992416608232524)",1,97.81294890977124,31935
"(0.1833909490886235, 0.9992416608232524)",3,97.81277909030126,31938
"(0.8753086419753084, 0.9861310021084456)",1,97.81269932309036,31939
"(0.5942040059498339, 0.9874987494998)",1,97.81219536539878,31940
"(0.4523958281268222, 0.9861310021084456)",1,97.8120885757946,31941
"(0.8622520112492773, 0.987463247273494)",1,97.81207500618356,31942
"(0.8876473063973064, 0.9861673414304992)",1,97.81203668457434,31943
"(0.829593594810986, 0.9872890642121412)",3,97.81202204308916,31946
"(0.514585158944719, 0.9977203590215908)",1,97.81192347086886,31947
"(0.4933386447129642, 0.9962501582231502)",1,97.81190431953928,31948
"(0.3703280442697561, 0.9992416608232524)",3,97.81183470822234,31951
"(0.8018345291072564, 0.9870601047071634)",3,97.81183437747596,31954
"(0.9744745723240348, 0.9958292603453894)",1,97.81177364724194,31955
"(0.888425800230205, 0.978378082241002)",1,97.8117187243107,31956
"(0.7580266955266955, 0.9861673414304992)",1,97.81148776769494,31957
"(0.4319035504296698, 0.9962501582231502)",1,97.8114250734152,31958
"(0.418728666447884, 0.9974998905914936)",1,97.81140991372273,31959
"(0.6384521701955596, 0.991206314397104)",1,97.81126834683428,31960
"(0.7350777099102015, 1.0)",1,97.81116531211777,31961
"(0.6698155645524068, 0.9833229101521784)",1,97.81107449050054,31962
"(0.9746854694957162, 1.0)",1,97.81106831434334,31963
"(0.7977749180480272, 0.9861673414304992)",1,97.81099775830022,31964
"(0.9705196174266384, 0.9958292603453894)",1,97.8109315060009,31965
"(0.8315995778682346, 0.9861673414304992)",1,97.81086481637143,31966
"(0.6892156862745098, 0.9861673414304992)",1,97.81083565199329,31967
"(0.476767449342614, 0.996575280197092)",1,97.8107428067729,31968
"(0.9876066164491212, 0.9958292603453894)",2,97.81066145594076,31970
"(0.9098759089802734, 0.9790755481078062)",1,97.8103879574783,31971
"(0.8902783631946863, 0.9861673414304992)",1,97.81034773854957,31972
"(0.8218185392856778, 0.9861673414304992)",1,97.8100445948017,31973
"(0.8468089381754635, 1.0)",1,97.810015355819,31974
"(0.6825396825396824, 0.9833229101521784)",1,97.8099761224308,31975
"(0.7000013129045387, 0.9870601047071634)",3,97.8099744578242,31978
"(0.8902783631946863, 0.9861673414304992)",1,97.80997257030872,31979
"(0.5145696010475885, 0.9861310021084456)",1,97.80979759105888,31980
"(0.8622520112492773, 0.9874762808349148)",1,97.8096467585928,31981
"(0.9833040078201368, 0.9958292603453894)",1,97.80946927346498,31982
"(0.9833229101521784, 1.0)",1,97.8094476007516,31983
"(0.8596618357487924, 0.9861673414304992)",1,97.8093790670709,31984
"(0.517228150797548, 0.9988642062668746)",1,97.80925507031928,31985
"(0.5916005291005291, 1.0)",1,97.80907936787725,31986
"(0.9102539775554236, 0.9832462877624168)",1,97.8088936848352,31987
"(0.8064732142857144, 0.9861673414304992)",1,97.80873212269056,31988
"(0.4319035504296698, 0.992500421898732)",1,97.808224825483,31989
"(0.9390553961421968, 0.9834113430318364)",1,97.80820244814636,31990
"(0.1500716412252043, 0.9988619159967322)",1,97.80818694943464,31991
"(0.5477955228250537, 1.0)",3,97.80813901094012,31994
"(0.9177366931314298, 0.979166518665308)",1,97.8081032977788,31995
"(0.92132700797001, 0.9790476832523552)",1,97.80781199998026,31996
"(0.5209072341900949, 0.9984817852901372)",1,97.80774235685529,31997
"(0.7323695788812067, 0.988167361639188)",2,97.80772441335286,31999
"(0.5259912686183872, 1.0)",1,97.80761479601884,32000
"(0.7401844059863599, 0.9861673414304992)",1,97.80758792656302,32001
"(0.8920217788143652, 0.9790755481078062)",2,97.80754284372024,32003
"(0.3506832674571805, 0.9996210215628012)",1,97.80748375002688,32004
"(0.5557279069543348, 1.0)",1,97.8073515513635,32005
"(0.5459165183258022, 1.0)",3,97.80698262225452,32008
"(0.5169664781532898, 0.9912493845492556)",1,97.80695360860884,32009
"(0.940928587432546, 0.9832184229069656)",1,97.80682040090564,32010
"(1.0, 1.0)",1,97.80679406723851,32011
"(0.8584175084175085, 0.9861673414304992)",1,97.8067756029902,32012
"(0.902192297684101, 0.9861310021084456)",1,97.80677143283069,32013
"(0.9244352123384382, 0.9834113430318364)",1,97.80672208131791,32014
"(0.983305541180304, 0.9958292603453894)",1,97.80657041922883,32015
"(0.8388048698116161, 0.9861673414304992)",1,97.80646637469286,32016
"(0.8010054664946871, 0.9861673414304992)",1,97.80620418696074,32017
"(0.5466837142306626, 0.9861673414304992)",1,97.80618519277157,32018
"(0.915225485035732, 0.9834113430318364)",1,97.80615911557548,32019
"(0.8920217788143652, 0.9832462877624168)",1,97.80611206325456,32020
"(0.9164187516971112, 0.9832462877624168)",1,97.80595097420942,32021
"(0.4958617797724284, 0.9974998905914936)",2,97.805832596433,32023
"(0.7977749180480272, 0.9861673414304992)",1,97.80578902672468,32024
"(0.5203553504225632, 0.9984817852901372)",1,97.80564753069464,32025
"(0.7377975062704127, 0.9870601047071634)",3,97.80554113296608,32028
"(0.9466127311522048, 0.991206314397104)",1,97.80548720601617,32029
"(0.5005466528962331, 0.9996210215628012)",1,97.8052500358624,32030
"(0.934065934065934, 0.9833229101521784)",2,97.80515449419028,32032
"(0.5145696010475885, 0.9861310021084456)",1,97.80498533208728,32033
"(0.8085259100433108, 0.9861673414304992)",1,97.8048836330158,32034
"(0.8124923632552741, 0.9861673414304992)",2,97.80472830323828,32036
"(0.499965598215334, 0.9925)",1,97.8046658204112,32037
"(0.900983347688774, 0.9861673414304992)",1,97.80465350305708,32038
"(0.4508193203901878, 0.99499949979992)",2,97.8044188463848,32040
"(0.6090651266678423, 0.9992431829362568)",1,97.80428495456204,32041
"(0.9162596992611264, 0.9861673414304992)",1,97.80414637343854,32042
"(0.9665633291439744, 0.9958292603453894)",2,97.80406686761364,32044
"(0.9164187516971112, 0.9790755481078062)",1,97.80405779437643,32045
"(0.8128971639097002, 0.9870601047071634)",1,97.80395715471028,32046
"(0.4933386447129642, 0.9962501582231502)",2,97.80393577772368,32048
"(0.987491854024112, 0.9958292603453894)",2,97.80385498213738,32050
"(0.4609162804468383, 0.9949997811829872)",1,97.80376584412464,32051
"(0.1751566951566951, 1.0)",1,97.8035832179982,32052
"(0.9326599326599326, 0.9833229101521784)",1,97.8035778421485,32053
"(0.5070372093557577, 1.0)",1,97.80335818378336,32054
"(0.9326599326599326, 0.9833229101521784)",1,97.80328805456432,32055
"(0.9326599326599326, 0.9833229101521784)",2,97.80319770563676,32057
"(0.9497171590194848, 0.9833229101521784)",1,97.80319559741004,32058
"(0.4894591128631123, 0.9975000781372088)",1,97.80319373392396,32059
"(0.9498370804822418, 0.9873891625615764)",1,97.8029103422529,32060
"(0.8796475392220073, 0.9833229101521784)",1,97.80275504864716,32061
"(0.5951711142105386, 1.0)",1,97.80262640957449,32062
"(0.8976982097186702, 0.9833229101521784)",1,97.80260901706852,32063
"(0.9748076591340348, 1.0)",1,97.80258795015786,32064
"(0.5153209052589321, 0.995)",1,97.8025219316108,32065
"(0.6784722222222224, 1.0)",1,97.80244234839694,32066
"(0.9586562930696936, 0.979166518665308)",1,97.802410452004,32067
"(0.3302862574369368, 0.9969573675011548)",1,97.80230735737156,32068
"(0.634045584045584, 0.9870601047071634)",1,97.80226984986962,32069
"(0.979051756240299, 0.9958292603453894)",2,97.80209408563135,32071
"(0.5005466528962331, 0.994274357955255)",1,97.8020115775011,32072
"(0.5153209052589321, 0.9962499238080056)",1,97.80200192196162,32073
"(0.8146183925150791, 0.9870601047071634)",1,97.8019501215812,32074
"(0.8175446168757694, 0.9861673414304992)",1,97.80187297454978,32075
"(0.4790513120764785, 0.9987499746026686)",2,97.8018319853457,32077
"(0.5459165183258022, 1.0)",1,97.80183035482244,32078
"(0.6800130179603725, 0.9992431829362568)",1,97.8016150520809,32079
"(0.3592666181139386, 0.9885557944107872)",1,97.80157827396371,32080
"(0.9326599326599326, 0.9833229101521784)",1,97.80128170296744,32081
"(0.8085259100433108, 0.9861673414304992)",1,97.80124017796405,32082
"(0.8318290279074593, 0.9861673414304992)",1,97.80122677497128,32083
"(0.9830687830687832, 0.9958292603453894)",1,97.80121841344096,32084
"(0.861111111111111, 0.9833229101521784)",2,97.80108458599466,32086
"(0.8128971639097002, 0.9870601047071634)",1,97.80099812999676,32087
"(0.8796475392220073, 0.9833229101521784)",1,97.80084828969107,32088
"(0.5678747591522157, 0.9937498730133428)",1,97.80083724557296,32089
"(0.7000013129045387, 0.9870601047071634)",1,97.8007922558087,32090
"(0.8315995778682346, 0.9861673414304992)",2,97.8006113877106,32092
"(0.9205517358458536, 0.9873891625615764)",1,97.80055198806816,32093
"(0.8860455063826657, 0.9861673414304992)",1,97.80039031887046,32094
"(0.9074007530174516, 0.9790476832523552)",1,97.80027256365544,32095
"(0.5340832420591457, 0.9912493845492556)",1,97.8002666920388,32096
"(0.9833229101521784, 0.9833229101521784)",1,97.80008717724876,32097
"(0.6698155645524068, 0.9833229101521784)",1,97.79999111040132,32098
"(0.9497171590194846, 0.9833229101521784)",1,97.79998536405256,32099
"(0.944563492063492, 1.0)",1,97.79991584451253,32100
"(0.9017715617715616, 0.9861673414304992)",1,97.79968753797544,32101
"(0.4130211680123674, 1.0)",1,97.799486398841,32102
"(0.9666666666666668, 0.9833229101521784)",1,97.79942008573776,32103
"(0.7711781618000022, 1.0)",1,97.79940966092644,32104
"(0.4674467486687166, 0.991248180614378)",1,97.79938996615024,32105
"(0.9705196174266384, 0.9958292603453894)",1,97.7992710189654,32106
"(0.7060994560994561, 1.0)",1,97.79924394455465,32107
"(0.7000013129045387, 0.9870601047071634)",1,97.79918925621672,32108
"(0.4565541127187228, 0.9912488373656227)",3,97.79911303152012,32111
"(0.9372650231764934, 0.9790476832523552)",1,97.79879687624384,32112
"(0.8937718863178524, 0.9834113430318364)",1,97.79874517959,32113
"(0.8085259100433108, 0.9861673414304992)",1,97.79870736000684,32114
"(0.6892156862745098, 0.9861673414304992)",1,97.79867916597676,32115
"(0.6096721354739468, 1.0)",1,97.79861347354247,32116
"(0.5094440332946544, 1.0)",1,97.7986096885686,32117
"(0.5730351811691473, 0.9820927691792174)",1,97.79858800440878,32118
"(0.4958617797724284, 0.9962499238080056)",1,97.79858541700096,32119
"(0.9833211143695014, 0.9958292603453894)",1,97.7981428359234,32120
"(0.7350777099102015, 0.9984848484848484)",1,97.7978996775077,32121
"(0.5496794449929138, 0.9981012669018314)",1,97.79781155544026,32122
"(0.5778206440811193, 1.0)",1,97.79765683928446,32123
"(0.5477955228250537, 1.0)",1,97.79747910729724,32124
"(0.9873891625615764, 0.9958292603453894)",1,97.7974726897022,32125
"(0.5762240792806925, 1.0)",1,97.79735557789412,32126
"(0.7977749180480272, 0.9861673414304992)",1,97.79729848332046,32127
"(0.9153439153439156, 0.9833229101521784)",1,97.79721714124798,32128
"(0.6611718926579557, 0.9861310021084456)",1,97.79712321265646,32129
"(0.975479255167798, 0.9958292603453894)",1,97.7971139440384,32130
"(0.7000013129045387, 0.9870601047071634)",1,97.79700859318112,32131
"(0.7696762213646852, 0.9872890642121412)",3,97.79692523216146,32134
"(0.9000617225831424, 0.9833229101521784)",1,97.7967329608062,32135
"(0.8813457860512559, 0.9791102677630192)",1,97.79666588944872,32136
"(0.8044914258149553, 0.9861310021084456)",1,97.79660800749048,32137
"(0.8524016298728943, 0.9832462877624168)",1,97.79654800208507,32138
"(0.9460547122074636, 0.9790755481078062)",2,97.79642942143305,32140
"(0.5040227752743499, 0.9900003125488358)",1,97.7964028699718,32141
"(0.3262466548275309, 0.9984817852901372)",1,97.79634321305628,32142
"(0.7371074312749817, 0.9870601047071634)",1,97.7962601957406,32143
"(0.5041116118411525, 0.9984817852901372)",1,97.79622955790988,32144
"(0.4976057427443008, 0.9975000781372088)",1,97.79603297187882,32145
"(0.9791585206907788, 0.9958292603453894)",1,97.79571023497984,32146
"(0.6784791526961461, 1.0)",1,97.7955923750384,32147
"(0.8604306971015356, 0.9861673414304992)",1,97.79558693214388,32148
"(0.4897415065188988, 0.9977203590215908)",1,97.79548814408405,32149
"(0.5430875999065339, 0.9988642062668746)",1,97.7953537549808,32150
"(0.9835199925522506, 0.9958292603453894)",2,97.79528036887493,32152
"(0.8181654379194883, 0.9870601047071634)",3,97.79509784728404,32155
"(0.8146183925150791, 0.9870601047071634)",1,97.79509595978422,32156
"(0.8202973497091143, 0.9870601047071634)",3,97.79506788774296,32159
"(0.9017715617715616, 0.9861673414304992)",2,97.79506523686878,32161
"(0.8579868984630887, 1.0)",1,97.79497492728896,32162
"(0.6870644599303137, 0.9861310021084456)",1,97.79488109743843,32163
"(0.620130835563485, 0.991206314397104)",1,97.79481407231526,32164
"(0.8016677935542034, 0.9833229101521784)",1,97.79470998171838,32165
"(1.0, 0.9833229101521784)",1,97.79462534846996,32166
"(0.9750943974852894, 0.9958292603453894)",1,97.79453072498382,32167
"(0.9497171590194848, 0.9833229101521784)",1,97.79427214579152,32168
"(0.7347448804741066, 1.0)",1,97.79416229876492,32169
"(0.8883678678403513, 0.9861673414304992)",1,97.79411403641168,32170
"(0.4085833743236595, 1.0)",1,97.79391884606724,32171
"(0.987491854024112, 0.9958292603453894)",1,97.7938844668219,32172
"(0.7580266955266955, 0.9861673414304992)",1,97.79374031663454,32173
"(0.8046854998719919, 0.9861673414304992)",1,97.79367239765044,32174
"(0.9916585206907788, 0.9958292603453894)",1,97.79365827262752,32175
"(0.8805377184744008, 0.9790476832523552)",2,97.79362247770884,32177
"(0.4955558486584263, 1.0)",2,97.79360399562982,32179
"(0.92132700797001, 0.979166518665308)",2,97.79338386773875,32181
"(0.8372053872053872, 0.9833229101521784)",1,97.79313276635445,32182
"(0.6800130179603725, 0.9992431829362568)",1,97.79300339003088,32183
"(0.7580266955266955, 0.9861673414304992)",1,97.79279637634458,32184
"(0.9160264866799612, 0.9861673414304992)",1,97.7927339829394,32185
"(0.966586548597934, 0.9791102677630192)",1,97.79270709837304,32186
"(0.6760014179369018, 0.9870601047071634)",3,97.79269893523389,32189
"(0.5807528241902687, 0.9984863658725142)",1,97.79264208225852,32190
"(0.9284571698606786, 0.9832462877624168)",1,97.7926217356716,32191
"(0.8567210567210567, 0.9861673414304992)",1,97.79259841154,32192
"(0.6337011494252874, 0.992499671774481)",1,97.79259146577871,32193
"(0.6870644599303137, 0.9861310021084456)",1,97.79243188300264,32194
"(0.4468328406505846, 0.9861673414304992)",1,97.79239749772142,32195
"(0.7401844059863599, 0.9861673414304992)",1,97.79236783835664,32196
"(0.9234894220441888, 0.9790755481078062)",2,97.79220770583552,32198
"(0.8388048698116161, 0.9861673414304992)",1,97.7920967938682,32199
"(0.595675585284281, 0.9937502637052502)",1,97.79207108681626,32200
"(0.7580266955266955, 0.9861673414304992)",1,97.79201727960792,32201
"(0.5260227547809246, 1.0)",1,97.79188127209184,32202
"(0.4737094237094237, 0.9861673414304992)",1,97.791678586143,32203
"(0.789900844850423, 0.9870601047071634)",3,97.79164229558576,32206
"(0.5909030435404882, 1.0)",1,97.79151817775674,32207
"(0.4495135398715946, 0.9981031933278868)",1,97.79141099364932,32208
"(0.3984101488896291, 0.9988619159967322)",3,97.79138674898788,32211
"(0.8874191651969431, 0.9861673414304992)",1,97.79132772744336,32212
"(0.9873444118605408, 0.9958292603453894)",1,97.79118688608926,32213
"(0.4423707251851418, 0.9861310021084456)",1,97.7911748253265,32214
"(0.2372024545510323, 0.9984817852901372)",3,97.79115375317716,32217
"(0.6766917293233082, 0.9872890642121412)",1,97.79102322037993,32218
"(0.9297326845255915, 0.979166518665308)",1,97.79096141609077,32219
"(0.7498057498057498, 0.9870601047071634)",3,97.790844819436,32222
"(0.8796475392220073, 0.9833229101521784)",1,97.79055129461236,32223
"(0.5011026113306201, 0.9887506152814826)",1,97.7904569134916,32224
"(0.5126865457302712, 0.9984817852901372)",3,97.7902581761619,32227
"(0.5778206440811193, 1.0)",1,97.790210153771,32228
"(0.9707071808622552, 0.9958292603453894)",1,97.79011880618276,32229
"(0.6892156862745098, 0.9861673414304992)",1,97.79002238917896,32230
"(0.902192297684101, 0.9861310021084456)",1,97.78988321946832,32231
"(0.3991357684021978, 1.0)",1,97.78977853239424,32232
"(0.5070372093557577, 1.0)",1,97.78951863945952,32233
"(0.9792521035784794, 0.9958292603453894)",1,97.78936220734,32234
"(0.8208353559736048, 0.9861673414304992)",2,97.78931537423168,32236
"(0.7378937728937729, 0.9872890642121412)",1,97.78920972457414,32237
"(0.9184901612842788, 0.9832184229069656)",1,97.78910315722553,32238
"(0.8044914258149553, 0.9861310021084456)",1,97.78895432758392,32239
"(1.0, 0.9958292603453894)",1,97.7889309769038,32240
"(0.8431623931623932, 0.9870601047071634)",1,97.78889086434576,32241
"(0.4571140259616066, 0.9962499238080056)",1,97.7888721611328,32242
"(0.7376124238869338, 0.9870601047071634)",1,97.7886864007213,32243
"(0.5191356753598758, 1.0)",1,97.78863344039328,32244
"(0.440594458995568, 0.9962501582231502)",1,97.78852567542444,32245
"(0.9586562930696936, 0.9832184229069656)",1,97.78843902153729,32246
"(0.5455927836262255, 0.99249924969988)",1,97.7884325141196,32247
"(0.751080181203132, 0.9861673414304992)",1,97.7883200805512,32248
"(0.9262130464282252, 0.991206314397104)",3,97.78831199860856,32251
"(0.492807005588115, 0.9987499746026686)",1,97.78806432134851,32252
"(0.7492637423027605, 0.9870601047071634)",3,97.78802963602192,32255
"(0.9326599326599326, 0.9833229101521784)",1,97.78791669035576,32256
"(0.9495139679449044, 0.9834113430318364)",1,97.78785470090853,32257
"(0.8175446168757694, 0.9861673414304992)",1,97.78766247011905,32258
"(0.1808771236817465, 0.9996210215628012)",3,97.78761645564651,32261
"(0.6786000457875457, 1.0)",3,97.78749147504946,32264
"(0.8726893261776982, 0.988167361639188)",1,97.78728829444928,32265
"(0.4168399821364511, 0.9912488373656227)",1,97.78712789060546,32266
"(0.9503122778456484, 0.9832184229069656)",1,97.78699970511629,32267
"(0.9326599326599326, 0.9833229101521784)",1,97.78690075230068,32268
"(0.9666666666666668, 0.9833229101521784)",1,97.78672646233626,32269
"(0.6067444386888832, 1.0)",1,97.78665263466397,32270
"(0.7368760064412239, 0.9861673414304992)",1,97.78656055428696,32271
"(0.9326599326599326, 0.9833229101521784)",1,97.78654146215126,32272
"(0.8478418336329888, 0.991206314397104)",1,97.78654129265132,32273
"(0.5082177015724898, 1.0)",1,97.7864101595324,32274
"(0.9958292603453894, 0.9958292603453894)",1,97.7862940596324,32275
"(0.7024127592418583, 1.0)",1,97.7862919504038,32276
"(0.9058747619658436, 0.9832462877624168)",1,97.78625784083468,32277
"(0.602662742458966, 0.9988619159967322)",1,97.7861372157,32278
"(0.5015191675794085, 0.9874994529574682)",1,97.78607234718184,32279
"(0.8318290279074593, 0.9861673414304992)",1,97.78606582432046,32280
"(0.8876473063973064, 0.9861673414304992)",2,97.78601301095009,32282
"(0.5959779257772208, 1.0)",1,97.78594508091412,32283
"(0.6026666666666667, 0.9981012669018314)",1,97.78593551057442,32284
"(0.8181654379194883, 0.9870601047071634)",1,97.78576463731083,32285
"(0.6429276433769509, 0.9937501074421884)",1,97.78546271671824,32286
"(0.8085259100433108, 0.9861673414304992)",1,97.78539887927472,32287
"(0.8715701474388204, 0.9861310021084456)",1,97.78504220706364,32288
"(0.8315995778682346, 0.9861673414304992)",1,97.78489604176715,32289
"(0.5958939347843234, 0.9925003750375038)",1,97.78485687678103,32290
"(0.7376124238869338, 0.9870601047071634)",1,97.78465719110324,32291
"(0.620130835563485, 0.991206314397104)",1,97.78456234146218,32292
"(0.2931523504561579, 0.9992416608232524)",3,97.7845332544202,32295
"(0.861111111111111, 0.9833229101521784)",2,97.78447019197333,32297
"(0.8524016298728943, 0.9832462877624168)",1,97.78441911949598,32298
"(0.9098759089802734, 0.9748802746905214)",1,97.78405535092058,32299
"(0.9666299139401606, 0.9790755481078062)",1,97.78398071303886,32300
"(0.7780625367430922, 0.9861673414304992)",1,97.78385328548738,32301
"(0.9916585206907788, 0.9958292603453894)",1,97.78383764431192,32302
"(0.8318290279074593, 0.9861673414304992)",1,97.7838356675608,32303
"(0.4890731859530187, 0.9887504746694504)",1,97.78381834278744,32304
"(0.9503122778456484, 0.9832925076188832)",1,97.78364688660224,32305
"(0.6384521701955596, 0.991206314397104)",1,97.7836118277653,32306
"(0.933096859926128, 0.9833229101521784)",1,97.78360527954028,32307
"(0.8976982097186702, 0.9833229101521784)",1,97.78354852597262,32308
"(0.4879844209168711, 0.9831067505341314)",1,97.78342406409053,32309
"(0.4588597051863134, 0.9912503691873502)",1,97.7834204859142,32310
"(0.9833211143695014, 0.9958292603453894)",1,97.78324187226949,32311
"(0.9438271604938272, 0.9861673414304992)",1,97.78302764845044,32312
"(0.9497171590194848, 0.9833229101521784)",1,97.78264116874202,32313
"(0.861111111111111, 0.9833229101521784)",1,97.78230082882484,32314
"(0.979051756240299, 1.0)",1,97.78226938844604,32315
"(0.6962461114805364, 0.9935109390159556)",1,97.78210707482329,32316
"(0.9791544477028348, 0.9958292603453894)",2,97.78197457142392,32318
"(0.71150412917389, 0.998107010444791)",1,97.78190795259503,32319
"(0.8621031746031745, 0.9861310021084456)",1,97.78188086192245,32320
"(0.4437501725645391, 0.9862481730031216)",1,97.78181651438182,32321
"(0.9310391447174572, 0.9766891492806656)",1,97.78170874778527,32322
"(0.6070991828496547, 1.0)",3,97.78167283139068,32325
"(0.7977749180480272, 0.9861673414304992)",2,97.78160962241198,32327
"(0.7513013302486987, 0.9870601047071634)",1,97.78139802633484,32328
"(0.7361988647484831, 0.9870601047071634)",1,97.78137427522326,32329
"(0.9172008547008548, 0.9861673414304992)",1,97.78132699643824,32330
"(0.5668351162239414, 1.0)",1,97.78111423894217,32331
"(0.5951215675790986, 1.0)",1,97.78093565456712,32332
"(0.930124456440246, 0.9861673414304992)",1,97.78085794249424,32333
"(0.6784791526961461, 1.0)",2,97.78085529709236,32335
"(0.4590791029805835, 0.9975)",1,97.78071485585215,32336
"(0.930124456440246, 1.0)",1,97.78070071992796,32337
"(0.8431623931623932, 0.9870601047071634)",1,97.7801520477891,32338
"(0.7513013302486987, 0.9870601047071634)",1,97.78002935812572,32339
"(0.9061764476533613, 0.9832184229069656)",1,97.77999365206443,32340
"(0.4423707251851418, 0.9861310021084456)",1,97.7798883010746,32341
"(0.5048992116671296, 1.0)",3,97.7798490050598,32344
"(0.9184901612842788, 0.9790755481078062)",1,97.77978231672316,32345
"(0.900983347688774, 0.9861673414304992)",1,97.77971408107068,32346
"(0.7780625367430922, 0.9861673414304992)",1,97.77960087176392,32347
"(0.8596618357487924, 0.9861673414304992)",2,97.77940640169044,32349
"(0.9916585206907788, 0.9958292603453894)",2,97.77928152629627,32351
"(0.5413458981722867, 0.9912493845492556)",1,97.77884552356348,32352
"(0.9297326845255915, 0.979166518665308)",1,97.77874057444689,32353
"(0.971023600055858, 0.9958292603453894)",1,97.77864116911528,32354
"(0.8813457860512559, 0.9790755481078062)",1,97.7786237949502,32355
"(0.5370179311865358, 1.0)",3,97.77850721406918,32358
"(0.6784722222222224, 1.0)",1,97.77838498522635,32359
"(0.5260227547809246, 1.0)",1,97.77827115978076,32360
"(0.6154433311277057, 1.0)",1,97.77814524662612,32361
"(0.9299160159815896, 0.9861673414304992)",1,97.77814399228684,32362
"(0.9061764476533613, 0.9832925076188832)",1,97.77801855886136,32363
"(0.9098759089802734, 0.9832462877624168)",1,97.77800014596806,32364
"(0.8491340807583629, 0.9861673414304992)",1,97.77799819634896,32365
"(0.6892156862745098, 0.9861673414304992)",1,97.77774490345158,32366
"(0.8622520112492773, 0.9791102677630192)",1,97.77774473273216,32367
"(0.6387464387464387, 0.9870601047071634)",1,97.77758806560152,32368
"(0.8805377184744008, 0.979166518665308)",1,97.77742577263422,32369
"(0.8344065656565657, 0.9861673414304992)",1,97.77737296097835,32370
"(0.9374843410636878, 0.9832925076188832)",1,97.77716773532696,32371
"(0.1523541666666666, 1.0)",1,97.77709725756816,32372
"(0.7942038054814895, 0.9861673414304992)",1,97.7769753931696,32373
"(0.7492637423027605, 0.9870601047071634)",3,97.7764871074571,32376
"(0.9098759089802734, 0.9832462877624168)",1,97.77646067972384,32377
"(0.9958292603453894, 0.9958292603453894)",1,97.77645679529392,32378
"(0.5466837142306626, 0.9861673414304992)",1,97.77616927521996,32379
"(0.8805377184744008, 0.9790476832523552)",1,97.77606433137052,32380
"(0.7361988647484831, 0.9870601047071634)",1,97.77595503857307,32381
"(0.5191356753598758, 1.0)",1,97.77590692866356,32382
"(0.6008953168044077, 1.0)",3,97.77589243893082,32385
"(0.9466127311522048, 0.991206314397104)",1,97.77588296396368,32386
"(0.9916625936787228, 0.9958292603453894)",1,97.77585812832672,32387
"(0.8874191651969431, 0.9861673414304992)",1,97.7756867503411,32388
"(0.4585755850187953, 0.9974998905914936)",1,97.77561669523423,32389
"(0.9374843410636878, 0.979166518665308)",1,97.77557196527042,32390
"(0.837707400507675, 1.0)",1,97.775540101954,32391
"(0.2214665086585351, 0.9981012669018314)",1,97.77499065598192,32392
"(0.93795454842108, 0.9873891625615764)",1,97.77496247652536,32393
"(0.4790513120764785, 0.9987500214884376)",1,97.77495661139989,32394
"(0.6766917293233082, 0.9872890642121412)",1,97.77473402832692,32395
"(0.4423707251851418, 0.9861310021084456)",1,97.77471203915508,32396
"(0.92132700797001, 0.9834113430318364)",1,97.7745569253792,32397
"(0.5070618239256853, 0.9900001875105474)",1,97.7744779655332,32398
"(0.4923104882535888, 0.9987499746026686)",2,97.77439405956322,32400
"(0.4039045743444857, 0.9882048106149588)",1,97.77400166286417,32401
"(0.4925285484808521, 0.9962499238080056)",1,97.77381915784736,32402
"(0.9958292603453894, 0.9958292603453894)",2,97.77373138981226,32404
"(0.650138830416391, 1.0)",3,97.77363232355488,32407
"(0.4847252958987063, 0.9987499746026686)",2,97.77355508853164,32409
"(0.7294281157362763, 1.0)",1,97.77351124789914,32410
"(0.9452474337657768, 0.9832462877624168)",1,97.77328455886637,32411
"(0.8796475392220073, 1.0)",1,97.77316991302092,32412
"(0.7614658398972124, 0.9870601047071634)",3,97.77297580670498,32415
"(0.8982888105990573, 0.9834113430318364)",1,97.77272077985316,32416
"(0.5220028318627908, 1.0)",1,97.77250969614258,32417
"(0.4955203630891704, 0.9900003125488358)",1,97.772366040635,32418
"(0.9497171590194846, 0.9833229101521784)",1,97.77228084108228,32419
"(0.944120583717358, 0.9790476832523552)",1,97.77218999592216,32420
"(0.4133101229894375, 0.9992416608232524)",3,97.77190770018692,32423
"(0.917655049465296, 0.9958292603453894)",1,97.77180035460562,32424
"(0.5685296942699924, 0.9817552905768618)",1,97.77166834485122,32425
"(0.5070372093557577, 0.9861310021084456)",1,97.77138295512452,32426
"(0.8315995778682346, 0.9861673414304992)",1,97.77124616820171,32427
"(0.9833040078201368, 0.9958292603453894)",1,97.77123067157494,32428
"(0.4949779061119132, 0.9900003125488358)",1,97.77122488958491,32429
"(0.402589364275477, 0.9981012669018314)",1,97.77095322922187,32430
"(0.6435039149365576, 1.0)",1,97.7708828279338,32431
"(0.5555555555555555, 0.9833229101521784)",1,97.77078575993409,32432
"(0.5455927836262255, 0.9874968730456536)",1,97.77073143972792,32433
"(0.9000617225831424, 0.9833229101521784)",1,97.77059949555998,32434
"(0.3703280442697561, 0.9981012669018314)",1,97.77044158453243,32435
"(0.7916666666666666, 1.0)",1,97.770389564228,32436
"(0.7347448804741066, 1.0)",3,97.77037933927222,32439
"(0.7371074312749817, 0.9870601047071634)",1,97.77036695817318,32440
"(0.4497336854186499, 0.997341773662564)",1,97.77025880928892,32441
"(0.7453091184935634, 0.991206314397104)",1,97.7701050438607,32442
"(0.4925733396357239, 0.9975000781372088)",1,97.77010298446424,32443
"(0.4403449749235543, 1.0)",1,97.76994917864926,32444
"(0.4936062160591765, 1.0)",1,97.76980388716616,32445
"(0.5009421228446381, 0.9962497362353954)",1,97.76974459765536,32446
"(0.9790972342015986, 0.9958292603453894)",2,97.7697318946147,32448
"(0.5048560421735604, 0.9912488373656227)",1,97.76968588381958,32449
"(0.9833080808080809, 0.9958292603453894)",1,97.76945271730972,32450
"(0.9438271604938272, 0.9861673414304992)",1,97.76943543361872,32451
"(0.987491854024112, 0.9958292603453894)",1,97.76936183814568,32452
"(0.97495917428555, 0.9958292603453894)",1,97.76929676445282,32453
"(0.9244352123384382, 0.979166518665308)",1,97.7691470323734,32454
"(0.4062043881623584, 1.0)",1,97.7690741494865,32455
"(0.7916666666666666, 0.9833229101521784)",1,97.76889980057506,32456
"(0.5388719656191158, 0.998107010444791)",1,97.76880677189018,32457
"(0.9705196174266384, 0.9958292603453894)",2,97.76869162724496,32459
"(0.5235735740769297, 1.0)",3,97.7686112098547,32462
"(0.1833909490886235, 0.9996210215628012)",3,97.76855738649743,32465
"(0.4205819197458105, 0.9912488373656227)",1,97.76853944737049,32466
"(0.974833726256876, 0.9958292603453894)",1,97.76850309767896,32467
"(0.679403773242835, 0.9988642062668746)",1,97.7684656406553,32468
"(0.9466127311522048, 0.991206314397104)",1,97.76843843472274,32469
"(0.5166972147349506, 1.0)",3,97.76841448981168,32472
"(0.789994229453279, 0.9861673414304992)",1,97.76839607881058,32473
"(0.8631918334993627, 0.9833229101521784)",1,97.7683927511986,32474
"(0.8805377184744008, 0.979166518665308)",2,97.76827362310016,32476
"(0.4468328406505846, 0.9861673414304992)",1,97.7682349965976,32477
"(0.4933386447129642, 0.9975000781372088)",3,97.76815284401324,32480
"(0.6760014179369018, 0.9872890642121412)",1,97.76809753882964,32481
"(0.950297813353496, 0.9958292603453894)",2,97.76799224352104,32483
"(0.8619291086321716, 0.9861310021084456)",1,97.76793584653306,32484
"(0.7963369963369963, 0.9870601047071634)",1,97.76789215776448,32485
"(0.6070991828496547, 1.0)",1,97.76772175170072,32486
"(0.6011178661408698, 1.0)",1,97.7676339581877,32487
"(0.97899550533801, 0.9958292603453894)",1,97.76745777568648,32488
"(0.6011178661408698, 1.0)",1,97.76743286919256,32489
"(0.8865237997241394, 0.9834113430318364)",1,97.7672977175315,32490
"(0.7439393939393939, 1.0)",1,97.76729484989436,32491
"(0.649621212121212, 0.9861310021084456)",1,97.7672902602472,32492
"(0.7492637423027605, 0.9872890642121412)",1,97.76728005636596,32493
"(0.7772049591964847, 0.9861673414304992)",1,97.76717602985671,32494
"(0.8431623931623932, 0.9870601047071634)",1,97.76703808888436,32495
"(0.933096859926128, 0.9833229101521784)",2,97.76686549386596,32497
"(0.3354976707716434, 0.9981012669018314)",1,97.76682904061036,32498
"(0.4724538701233134, 0.9987500214884376)",1,97.76658567037384,32499
"(0.6154433311277057, 1.0)",3,97.76654156980796,32502
"(0.4896359390280644, 0.9974998905914936)",1,97.76653966673148,32503
"(0.8082530156998243, 0.9861310021084456)",1,97.76651927134296,32504
"(0.4514795008912656, 0.9987499746026686)",1,97.76621107200263,32505
"(0.2475001317523056, 1.0)",3,97.76620762867216,32508
"(0.7580266955266955, 0.9861673414304992)",1,97.7661705995816,32509
"(0.9791388745136372, 0.9958292603453894)",1,97.76614683551378,32510
"(0.544915263097564, 1.0)",3,97.7660512584339,32513
"(0.4407055363375315, 0.99499949979992)",2,97.76600341292078,32515
"(0.4590791029805835, 0.9987500214884376)",1,97.7657456445349,32516
"(0.8796475392220073, 1.0)",1,97.7654767576891,32517
"(0.9164187516971112, 0.9832462877624168)",1,97.7653767603858,32518
"(0.9916585206907788, 0.9958292603453894)",1,97.76532424015828,32519
"(0.4965663004560743, 0.9900003125488358)",1,97.76531670834746,32520
"(0.712083517595137, 1.0)",1,97.7653055907435,32521
"(0.8388048698116161, 0.9861673414304992)",1,97.76525805993673,32522
"(0.8491340807583629, 0.9861673414304992)",1,97.76513614867795,32523
"(0.7153850158254207, 0.9861310021084456)",1,97.7649657548144,32524
"(0.92132700797001, 0.9832925076188832)",1,97.76496348733949,32525
"(0.5477955228250537, 1.0)",1,97.76494984058112,32526
"(0.5246969860687765, 1.0)",3,97.764887889193,32529
"(0.991777356103732, 0.9958292603453894)",1,97.76475927052256,32530
"(0.8003813092161745, 0.9791102677630192)",1,97.76468602684484,32531
"(0.7377975062704127, 0.9870601047071634)",1,97.76464408501676,32532
"(0.477671768371638, 0.9984817852901372)",3,97.76448044963044,32535
"(0.9621616286938868, 0.9958292603453894)",1,97.76446461455916,32536
"(0.972420634920635, 0.9861673414304992)",1,97.76445197239678,32537
"(0.4790513120764785, 0.9950001562744178)",1,97.76425775195034,32538
"(0.5451899418331657, 0.9988642062668746)",1,97.76413454765468,32539
"(0.8840455840455841, 1.0)",1,97.7641045764648,32540
"(0.8631918334993627, 0.9833229101521784)",1,97.76409729871932,32541
"(0.8726893261776982, 0.988167361639188)",1,97.76406892010058,32542
"(0.2184301094356221, 0.9958099132756668)",1,97.76390378198036,32543
"(0.6870644599303137, 0.9861310021084456)",1,97.76380598644268,32544
"(0.6892156862745098, 0.9861673414304992)",1,97.76375325134237,32545
"(0.8085259100433108, 0.9861673414304992)",1,97.7637063110028,32546
"(0.501667548613375, 0.9900005000500052)",1,97.76357993979158,32547
"(0.5153209052589321, 0.9937491695468736)",1,97.7635277308268,32548
"(0.5499164415948582, 0.9937501074421884)",1,97.76351142139318,32549
"(0.8762860082304527, 1.0)",1,97.76341925597252,32550
"(0.9017715617715616, 0.9861673414304992)",1,97.763402750019,32551
"(0.6070991828496547, 1.0)",3,97.76340075464432,32554
"(0.9748461391725148, 1.0)",1,97.76294968136628,32555
"(0.900983347688774, 0.9861673414304992)",1,97.76282524806278,32556
"(0.2954225865399132, 0.9969573675011548)",1,97.76274795615676,32557
"(0.5977047503478421, 0.9962500644653132)",1,97.76266952519852,32558
"(0.6892156862745098, 0.9861673414304992)",1,97.76242376384286,32559
"(0.829593594810986, 0.9870601047071634)",1,97.76236321927244,32560
"(0.6070991828496547, 1.0)",1,97.76229870493091,32561
"(0.7855494505494506, 0.9872890642121412)",1,97.76225225327536,32562
"(0.7513013302486987, 0.9870601047071634)",3,97.7621233135742,32565
"(0.8596618357487924, 0.9861673414304992)",1,97.76211755131452,32566
"(0.861111111111111, 0.9833229101521784)",1,97.76201657633108,32567
"(0.9832965806068272, 0.9958292603453894)",1,97.7618798388978,32568
"(0.900838851006521, 0.9748802746905214)",1,97.7618018383294,32569
"(0.4423707251851418, 0.9861310021084456)",1,97.76178723164124,32570
"(0.8716153127917834, 0.9861673414304992)",1,97.7616863188352,32571
"(0.5915486782249667, 1.0)",1,97.7615256991552,32572
"(0.9544229046996828, 0.9790476832523552)",1,97.76148360413404,32573
"(0.9746854694957162, 1.0)",2,97.76143457605129,32575
"(0.4423707251851418, 0.9861310021084456)",1,97.76134219787812,32576
"(0.9543883398911862, 0.9958292603453894)",2,97.76130205067984,32578
"(0.4946461141636722, 0.9900003125488358)",1,97.76114656407124,32579
"(0.5837905717470935, 0.9925002344116268)",1,97.76107353789811,32580
"(0.944653051926493, 0.979166518665308)",1,97.76101178054768,32581
"(0.9301209372637944, 0.9861310021084456)",1,97.76095798940872,32582
"(0.9102539775554236, 0.9832462877624168)",1,97.76092038230394,32583
"(0.4827612185184173, 0.9981012669018314)",1,97.76071604588304,32584
"(0.5277652279377781, 1.0)",3,97.76065527251625,32587
"(0.6575398846941737, 0.9882048106149588)",1,97.760408859424,32588
"(0.8476190476190477, 1.0)",1,97.7602463690514,32589
"(0.902633568047102, 0.9861310021084456)",1,97.76024363622103,32590
"(1.0, 0.9833229101521784)",1,97.76010006253912,32591
"(0.4735757638457825, 1.0)",1,97.75989993338771,32592
"(0.6142380146189402, 1.0)",3,97.75987994146416,32595
"(0.8128971639097002, 0.9870601047071634)",1,97.75987195727032,32596
"(0.4499384836938269, 0.9962501582231502)",2,97.75952804009133,32598
"(0.9665755481078062, 1.0)",1,97.75952265306448,32599
"(0.7977749180480272, 0.9861673414304992)",1,97.759460485978,32600
"(0.944532832626228, 0.9861310021084456)",1,97.75925789154478,32601
"(0.7580266955266955, 0.9861673414304992)",1,97.75924287363918,32602
"(0.7250237826596757, 0.9870601047071634)",3,97.758441611753,32605
"(0.8920217788143652, 0.9832462877624168)",1,97.75843693620804,32606
"(0.8085259100433108, 0.9861673414304992)",2,97.75810795096906,32608
"(0.6384521701955596, 0.991206314397104)",1,97.75808927607063,32609
"(0.5159978271811663, 1.0)",2,97.7579269600349,32611
"(0.9834113430318364, 0.9958292603453894)",2,97.7578412329148,32613
"(0.6870644599303137, 0.9861310021084456)",1,97.7576343014182,32614
"(0.9153439153439156, 0.9833229101521784)",1,97.75730159378088,32615
"(0.7837606837606838, 0.9861673414304992)",1,97.75725342494694,32616
"(0.9790972342015986, 0.9958292603453894)",1,97.75724471370528,32617
"(0.8587708587708588, 0.9870601047071634)",1,97.75710056673266,32618
"(0.6090651266678423, 0.999621402088958)",3,97.75706317574152,32621
"(0.6736022307473716, 0.9861673414304992)",1,97.75698244950152,32622
"(0.6096721354739468, 1.0)",1,97.756943508637,32623
"(0.6096721354739468, 1.0)",3,97.75682220232386,32626
"(0.9876066164491212, 0.9958292603453894)",1,97.75677790357122,32627
"(0.6435039149365576, 1.0)",3,97.75669656977396,32630
"(0.966586548597934, 0.9748802746905214)",1,97.75664861273016,32631
"(0.7218114213846213, 1.0)",3,97.756449741799,32634
"(0.702867567752065, 1.0)",3,97.75632942134374,32637
"(0.950175761409158, 0.979166518665308)",1,97.75627919500891,32638
"(0.246895032051282, 0.9992416608232524)",2,97.75623448314042,32640
"(0.7780625367430922, 0.9861673414304992)",2,97.7561879683484,32642
"(0.8879608405415911, 0.988167361639188)",1,97.7561591460628,32643
"(0.7742295620819575, 1.0)",3,97.75613260277947,32646
"(0.9666666666666668, 0.9833229101521784)",1,97.7560185419564,32647
"(0.7168719671519223, 0.991206314397104)",1,97.75598929726804,32648
"(0.507482960719107, 0.9962501582231502)",1,97.75598841854996,32649
"(0.8026748971193415, 0.9861673414304992)",1,97.75591606962485,32650
"(0.5236314760508309, 1.0)",3,97.75576945087218,32653
"(0.5192461542064125, 0.9984817852901372)",1,97.75576281371006,32654
"(0.59638347550428, 1.0)",1,97.75574428354686,32655
"(0.975195619792394, 0.9958292603453894)",2,97.7556220390935,32657
"(0.4497336854186499, 0.9958099132756668)",1,97.7555002905246,32658
"(0.7729389061386163, 0.988167361639188)",1,97.755467484461,32659
"(0.4009727434617732, 0.9927550722904696)",1,97.75521725505436,32660
"(0.9539751547184644, 0.9790755481078062)",1,97.75521127086948,32661
"(0.4168399821364511, 0.9887485051843724)",1,97.75519136422383,32662
"(0.5562558356676003, 0.9861673414304992)",1,97.7551707056486,32663
"(0.3772961266071451, 1.0)",1,97.75503668091233,32664
"(0.1808771236817465, 0.9996210215628012)",3,97.75494064201295,32667
"(0.7090909090909091, 0.9833229101521784)",1,97.75480202970826,32668
"(0.8010054664946871, 0.9861673414304992)",1,97.75477667387509,32669
"(0.7802197802197803, 1.0)",1,97.75463342520132,32670
"(0.8358530587380517, 0.9834113430318364)",1,97.75453967526887,32671
"(0.8604306971015356, 0.9861673414304992)",1,97.75450341897935,32672
"(0.6915482942087353, 0.9992431829362568)",1,97.75429191718288,32673
"(0.4794373036867545, 0.9831071825249909)",1,97.75423315775586,32674
"(0.4609162804468383, 0.9912488373656227)",1,97.75415623833211,32675
"(0.4407055363375315, 0.9974998905914936)",1,97.75407230174056,32676
"(0.2214665086585351, 0.9981012669018314)",3,97.75400371207728,32679
"(0.829593594810986, 0.9870601047071634)",2,97.75397751843217,32681
"(0.4987398156700754, 0.9987499746026686)",2,97.75397726290514,32683
"(0.8622520112492773, 0.9832462877624168)",1,97.75394281632023,32684
"(0.7580266955266955, 0.9861673414304992)",1,97.75387966508504,32685
"(0.8755737752517938, 0.9790972342015986)",1,97.75378478943246,32686
"(0.362211854979326, 0.9841213225600222)",1,97.75362958164206,32687
"(0.5137021801662022, 1.0)",3,97.75353220077103,32690
"(0.5303843494657449, 0.9887497714240168)",1,97.75334682313472,32691
"(0.2372024545510323, 0.9996210215628012)",1,97.75329487815677,32692
"(0.9835199925522506, 0.9958292603453894)",1,97.75321131578428,32693
"(0.9916585206907788, 0.9958292603453894)",1,97.7532064104788,32694
"(0.8804215399610136, 0.991206314397104)",1,97.75315251426724,32695
"(0.7837606837606838, 0.9861673414304992)",2,97.75308839474803,32697
"(0.9873891625615764, 0.9958292603453894)",1,97.75290222611751,32698
"(0.8318290279074593, 0.9861673414304992)",2,97.75280319214058,32700
"(0.92132700797001, 0.979166518665308)",1,97.7526539663884,32701
"(0.987463247273494, 0.9958292603453894)",1,97.7526185472006,32702
"(0.8874191651969431, 0.9861673414304992)",1,97.75254239865848,32703
"(0.4946461141636722, 0.9900003125488358)",1,97.75234737437845,32704
"(0.5353461588384578, 0.9984863658725142)",1,97.75232007220728,32705
"(0.5973423423423424, 0.9950001562744178)",1,97.7522276410576,32706
"(0.920238255356524, 0.979166518665308)",1,97.75218948584934,32707
"(0.9791299139401608, 0.9958292603453894)",1,97.7520546570654,32708
"(0.4205819197458105, 0.9912488373656227)",1,97.75198423627852,32709
"(0.776717683694428, 0.9870601047071634)",1,97.75190475087258,32710
"(0.9153439153439156, 0.9833229101521784)",1,97.75189580067632,32711
"(0.4603282383880727, 0.9987500214884376)",2,97.75185699187892,32713
"(0.5247494937654748, 1.0)",1,97.75183566596118,32714
"(0.8937718863178524, 0.9790476832523552)",1,97.75170426105042,32715
"(0.8631918334993627, 0.9833229101521784)",1,97.75132830531965,32716
"(0.4772368473497005, 0.9962499238080056)",1,97.75122500175516,32717
"(0.1751566951566951, 1.0)",1,97.75122284913736,32718
"(0.920238255356524, 0.9790476832523552)",1,97.75119011071492,32719
"(0.2954225865399132, 0.9984817852901372)",1,97.75107012782162,32720
"(0.5320180604331844, 1.0)",3,97.75104562896652,32723
"(0.4912575527045726, 0.9987500214884376)",1,97.750923521405,32724
"(0.9459160985885124, 0.9790476832523552)",1,97.75086221127025,32725
"(0.7742295620819575, 1.0)",1,97.75061141494194,32726
"(0.6154433311277057, 1.0)",1,97.7501314091622,32727
"(0.4967706652322037, 0.9900003125488358)",1,97.7499878595559,32728
"(0.7000013129045387, 0.9870601047071634)",2,97.7499079173197,32730
"(0.5642422164950636, 0.9870601047071634)",3,97.74980075881372,32733
"(0.9000617225831424, 0.9833229101521784)",1,97.74977122497444,32734
"(0.7134615384615385, 0.9870601047071634)",3,97.74965642935484,32737
"(0.5349448432585369, 0.998107010444791)",1,97.7495042762324,32738
"(0.7125811731165197, 0.9870601047071634)",1,97.74942386332717,32739
"(0.950297813353496, 0.9958292603453894)",1,97.74941138426854,32740
"(0.972420634920635, 0.9861673414304992)",1,97.74924947026054,32741
"(0.7780625367430922, 0.9861673414304992)",1,97.74893394054988,32742
"(0.5166972147349506, 1.0)",1,97.74883324702444,32743
"(0.4957093292502148, 0.9954266299414484)",1,97.74877568240058,32744
"(0.861111111111111, 0.9833229101521784)",1,97.74869507769212,32745
"(0.9503122778456484, 0.9832925076188832)",1,97.74868404783685,32746
"(0.4935497074925994, 0.9974998905914936)",1,97.74844346484068,32747
"(0.6870644599303137, 0.9861310021084456)",1,97.74837485125168,32748
"(0.8071948928825261, 0.9861673414304992)",1,97.74820116802678,32749
"(0.7942038054814895, 0.9861673414304992)",1,97.74819874036795,32750
"(0.9834358767945106, 0.9958292603453894)",1,97.74817180201842,32751
"(0.7250237826596757, 0.9870601047071634)",2,97.74814792607393,32753
"(0.7511111111111111, 1.0)",1,97.74781074390816,32754
"(0.7250237826596757, 0.9870601047071634)",1,97.74766762467772,32755
"(0.983545503234046, 1.0)",1,97.74755559573184,32756
"(0.5405172403210167, 0.9988642062668746)",1,97.74724200389538,32757
"(0.8733799478600891, 0.9876066164491212)",1,97.7471606814086,32758
"(0.9061764476533613, 0.979166518665308)",1,97.7470653584407,32759
"(0.599744651595403, 0.9992416608232524)",3,97.74685498542324,32762
"(0.7000013129045387, 0.9870601047071634)",1,97.7467638254685,32763
"(0.8341307814992026, 0.9833229101521784)",1,97.74674645905168,32764
"(0.6784791526961461, 1.0)",3,97.746545720925,32767
"(0.8622520112492773, 0.9832462877624168)",1,97.74654143567471,32768
"(0.7083333333333334, 1.0)",1,97.74571044236824,32769
"(0.7713401051412279, 1.0)",1,97.74552332971044,32770
"(0.4585755850187953, 0.99249924969988)",1,97.74546730123214,32771
"(0.5539273971673796, 1.0)",1,97.74529274694,32772
"(0.620130835563485, 0.991206314397104)",1,97.74526121526752,32773
"(0.546013779527559, 1.0)",1,97.74522375148872,32774
"(0.6326954876802936, 0.9861673414304992)",1,97.74500177071428,32775
"(0.9707136080238548, 0.9958292603453894)",1,97.74496458127678,32776
"(0.9748524098350704, 0.9958292603453894)",1,97.74493673767874,32777
"(0.4937776876667119, 0.9962499238080056)",1,97.74487030272554,32778
"(0.8883034087952121, 0.9861310021084456)",1,97.74457373953196,32779
"(0.6736022307473716, 0.9861673414304992)",1,97.74453210484718,32780
"(0.6238255567452281, 0.9870601047071634)",1,97.74444747216847,32781
"(0.9707095350359108, 0.9958292603453894)",2,97.7444154964427,32783
"(0.6122976080997202, 0.99249924969988)",1,97.7442791923986,32784
"(0.5145696010475885, 0.9861310021084456)",1,97.74427643625724,32785
"(0.9748524098350704, 0.9958292603453894)",1,97.74421697994968,32786
"(0.9172008547008548, 0.9861673414304992)",1,97.74417774108,32787
"(0.6050868628167587, 0.9958185225908668)",1,97.74409716765553,32788
"(0.3991357684021978, 1.0)",3,97.74388965811244,32791
"(0.8583493343573989, 0.9861673414304992)",1,97.74384340928503,32792
"(0.5141118717493827, 0.9981012669018314)",1,97.74372360953885,32793
"(0.92132700797001, 0.979166518665308)",1,97.74309562597784,32794
"(0.9102539775554236, 0.9790755481078062)",1,97.74299702652031,32795
"(0.4896359390280644, 0.9962497362353954)",1,97.7428215480102,32796
"(0.4830767364322945, 0.9912488373656227)",1,97.7427740060198,32797
"(0.7617216117216117, 0.9870601047071634)",1,97.74266358561388,32798
"(0.5292931359082562, 1.0)",1,97.7426370815394,32799
"(0.9707802886550516, 0.9958292603453894)",2,97.74261493390556,32801
"(0.8218185392856778, 0.9861673414304992)",1,97.74244873815836,32802
"(0.7250237826596757, 0.9872890642121412)",2,97.74244209435771,32804
"(0.7780625367430922, 0.9861673414304992)",1,97.74244126183852,32805
"(0.8085259100433108, 0.9861673414304992)",1,97.74237281440354,32806
"(0.5145696010475885, 0.9861310021084456)",1,97.74235415065834,32807
"(0.2537048100490196, 0.9996210215628012)",1,97.74233638032833,32808
"(0.5137024199841741, 0.9984817852901372)",1,97.74228297996868,32809
"(0.983305541180304, 0.9958292603453894)",1,97.74218295504606,32810
"(0.7492637423027605, 0.9872890642121412)",1,97.7421476390948,32811
"(1.0, 0.9833229101521784)",1,97.7420359826659,32812
"(0.7168719671519223, 0.991206314397104)",1,97.74196745344844,32813
"(0.8491340807583629, 0.9861673414304992)",1,97.74187442094184,32814
"(0.3434871832287562, 0.9975000781372088)",1,97.7418651726694,32815
"(0.9279680209218476, 0.9958292603453894)",1,97.74185454331985,32816
"(0.8010054664946871, 0.9861673414304992)",1,97.74182422345731,32817
"(0.620130835563485, 0.991206314397104)",1,97.74178937643072,32818
"(0.5153209052589321, 0.9987499746026686)",1,97.74176478554882,32819
"(0.5170981146622483, 1.0)",1,97.74172851463004,32820
"(0.5388719656191158, 0.9954266299414484)",3,97.74147652501551,32823
"(0.9791102677630192, 0.9958292603453894)",1,97.7414684315422,32824
"(0.7347448804741066, 1.0)",2,97.74135848035422,32826
"(0.5082177015724898, 0.9987499746026686)",1,97.74135516372613,32827
"(0.8810064268049709, 0.991206314397104)",2,97.74132806082557,32829
"(0.945878018492034, 0.9958292603453894)",1,97.74115993643362,32830
"(0.4468328406505846, 0.9861673414304992)",1,97.7411135850511,32831
"(0.9300655321826798, 0.97736482611311)",1,97.7408550512439,32832
"(0.9750854369118126, 0.9958292603453894)",1,97.74061548797631,32833
"(0.9372650231764934, 0.9748802746905214)",1,97.74054759267322,32834
"(0.9743030741133208, 0.9958292603453894)",1,97.740317741017,32835
"(0.9616410906733488, 0.9958292603453894)",1,97.74024035460111,32836
"(0.4363355778830426, 0.9987499746026686)",1,97.7401900240006,32837
"(0.8587195484254307, 0.9861310021084456)",1,97.74014640613824,32838
"(0.4590791029805835, 0.9912504785343176)",1,97.73982678366724,32839
"(0.8056354979267693, 0.9861310021084456)",1,97.73978715619492,32840
"(0.5156094862280662, 0.9981012669018314)",1,97.73948149324498,32841
"(0.73687720936437, 0.9833229101521784)",1,97.73940886143347,32842
"(1.0, 1.0)",1,97.73928267313964,32843
"(0.9244352123384382, 0.979166518665308)",1,97.7391668637766,32844
"(0.3434871832287562, 0.9975000781372088)",1,97.73910526096238,32845
"(0.8584175084175085, 0.9861673414304992)",1,97.7390095680874,32846
"(0.9738477269913072, 0.9958292603453894)",1,97.73873760187652,32847
"(0.920238255356524, 0.9790476832523552)",1,97.73851001605378,32848
"(0.5981148005233523, 0.9937495603923254)",1,97.73842321048724,32849
"(0.9098759089802734, 0.9832184229069656)",1,97.73839018163044,32850
"(0.9503122778456484, 0.987463247273494)",1,97.738259194778,32851
"(0.9582210352371644, 0.9958292603453894)",1,97.73819382094084,32852
"(0.9079075500409146, 0.9834113430318364)",1,97.738085914935,32853
"(0.4530386103743641, 0.9962497362353954)",1,97.73807407993168,32854
"(0.5015191675794085, 0.9849974674679056)",1,97.73783677593268,32855
"(0.8490208544183524, 0.9861310021084456)",1,97.737802492405,32856
"(0.4567442396313363, 0.9987499746026686)",1,97.7376583847749,32857
"(0.80285509389987, 0.986081059422206)",1,97.73756859388988,32858
"(0.4468328406505846, 0.9861673414304992)",1,97.73744131280984,32859
"(0.8152898027898028, 0.9861673414304992)",1,97.7373427456715,32860
"(0.711778806550463, 1.0)",3,97.7371755804504,32863
"(0.7497195873433498, 0.9870601047071634)",1,97.7371224354894,32864
"(0.9177366931314298, 0.979166518665308)",1,97.73697951640244,32865
"(0.6090651266678423, 1.0)",1,97.73695185021236,32866
"(0.5153209052589321, 0.9987499746026686)",1,97.7369451846578,32867
"(0.4565775668109984, 0.9887492087061858)",1,97.73686910367957,32868
"(0.627448384214016, 0.9992431829362568)",1,97.7367881412751,32869
"(0.6915482942087353, 1.0)",3,97.7366012692084,32872
"(0.9831777451938742, 0.9958292603453894)",1,97.73658184244164,32873
"(0.9326599326599326, 0.9833229101521784)",1,97.73642982384068,32874
"(0.5432362516696061, 1.0)",3,97.73626130729112,32877
"(0.4806879036961406, 0.9912488373656227)",2,97.73621392184803,32879
"(0.4987711467817516, 0.9975000781372088)",1,97.73617012345382,32880
"(0.8326463161021985, 0.9861673414304992)",1,97.73615912672068,32881
"(0.8874191651969431, 0.9861673414304992)",1,97.73612668278092,32882
"(0.4831900452488687, 0.9912498222186796)",1,97.73602248252146,32883
"(0.620130835563485, 0.991206314397104)",3,97.73600905164368,32886
"(0.7000013129045387, 0.9870601047071634)",1,97.7358828945312,32887
"(0.9199973910846122, 0.9916339869281046)",1,97.73561201765118,32888
"(0.6560520437793165, 1.0)",3,97.73549071498246,32891
"(0.5166535087719297, 0.9937495603923254)",1,97.7352973943192,32892
"(1.0, 0.9833229101521784)",1,97.73507624888066,32893
"(0.65048971456559, 0.9937501074421884)",1,97.73489145767093,32894
"(0.5128312922867378, 1.0)",1,97.73463066256645,32895
"(0.9788283442948758, 0.9958292603453894)",2,97.73460232018616,32897
"(0.5040227752743499, 0.9900003125488358)",1,97.73450753318151,32898
"(0.8621031746031745, 0.9861310021084456)",1,97.73449480427928,32899
"(0.920238255356524, 0.979166518665308)",1,97.7344630833595,32900
"(0.634045584045584, 0.9870601047071634)",1,97.73429659152411,32901
"(0.4423707251851418, 0.9861310021084456)",1,97.73427423962433,32902
"(0.9835547122074636, 0.9958292603453894)",1,97.7338915902222,32903
"(0.983305541180304, 0.9958292603453894)",2,97.73365458310649,32905
"(0.933096859926128, 0.9833229101521784)",1,97.73360096286928,32906
"(0.4685034316109736, 0.9831071825249909)",1,97.73356224234924,32907
"(0.7350777099102015, 1.0)",2,97.7333949602714,32909
"(0.3918495706148258, 0.9954266299414484)",3,97.73330070704142,32912
"(0.5119662237091893, 0.9984817852901372)",1,97.73329596616026,32913
"(0.4776542240827955, 1.0)",1,97.73324148931918,32914
"(0.8388048698116161, 0.9861673414304992)",1,97.73308415946236,32915
"(0.5187265478394772, 1.0)",1,97.73284809645982,32916
"(0.2309709141375595, 0.9961927960732532)",1,97.73280438040884,32917
"(0.8600291387756281, 0.9958292603453894)",1,97.7324571216738,32918
"(0.8871966240387292, 0.9861673414304992)",1,97.7324527816333,32919
"(0.9172008547008548, 0.9861673414304992)",1,97.73242648311228,32920
"(0.4567442396313363, 0.9987499746026686)",1,97.73218049053052,32921
"(0.634045584045584, 0.9870601047071634)",1,97.7320461814744,32922
"(0.7000013129045387, 0.9870601047071634)",1,97.73204074455792,32923
"(0.5398840942160625, 0.9992416608232524)",1,97.73196968618508,32924
"(0.7780625367430922, 0.9861673414304992)",1,97.73194554295674,32925
"(0.8733799478600891, 0.9832925076188832)",1,97.73184416838572,32926
"(0.5218438528010998, 0.9861310021084456)",1,97.73150057138145,32927
"(0.900983347688774, 0.9861673414304992)",1,97.7314111092451,32928
"(0.6397933055933888, 0.9987499746026686)",1,97.73140218546848,32929
"(0.4230961584008337, 0.9887504746694504)",1,97.73136157817652,32930
"(0.6049854216218278, 1.0)",1,97.7313426317842,32931
"(0.5047973564110316, 1.0)",1,97.73122134598655,32932
"(0.7401844059863599, 0.9861673414304992)",1,97.7311631199796,32933
"(0.9011810599946194, 0.9861673414304992)",1,97.73083316852356,32934
"(0.7250237826596757, 0.9870601047071634)",2,97.7308180682648,32936
"(0.9665831244778612, 0.9833229101521784)",1,97.73077988936586,32937
"(0.8329339143064635, 0.9861673414304992)",1,97.73077423149974,32938
"(0.9460547122074636, 0.9790755481078062)",1,97.73069436897478,32939
"(0.6088071867185179, 1.0)",3,97.73025338852378,32942
"(0.922738357223577, 0.988167361639188)",1,97.73018104458473,32943
"(0.9000617225831424, 0.9833229101521784)",2,97.7300905204002,32945
"(0.814608559473172, 0.9861673414304992)",1,97.72999813771844,32946
"(0.8937718863178524, 0.987463247273494)",1,97.72987420781578,32947
"(0.6999125188004703, 1.0)",1,97.72925735772318,32948
"(0.7377975062704127, 0.9872890642121412)",3,97.72924959691451,32951
"(0.8315995778682346, 0.9861673414304992)",1,97.72900892932778,32952
"(0.6515958472021928, 0.99)",1,97.72899940671262,32953
"(0.5418599142431635, 0.998107010444791)",1,97.7287592515391,32954
"(0.546900826446281, 1.0)",1,97.7285901395008,32955
"(0.6813936996863826, 0.9861673414304992)",1,97.72858487929248,32956
"(0.7397465592662823, 0.9888476816656392)",3,97.72856969094008,32959
"(0.8587195484254307, 0.9861310021084456)",1,97.728535596134,32960
"(0.503442416215342, 0.9896280208292386)",1,97.7284957656154,32961
"(0.8128971639097002, 0.9870601047071634)",1,97.72845552660088,32962
"(0.5082177015724898, 0.9987499746026686)",1,97.72828937885348,32963
"(0.9835199925522506, 0.9958292603453894)",2,97.72828328070378,32965
"(0.6736022307473716, 0.9861673414304992)",1,97.72823835240658,32966
"(0.9131755270308844, 0.9783783191517684)",1,97.7280269280413,32967
"(0.405080183803588, 0.9861673414304992)",1,97.72770252296564,32968
"(0.4987398156700754, 0.9974998905914936)",1,97.72762718012945,32969
"(0.8068351665307889, 0.9861673414304992)",1,97.72751088668927,32970
"(0.5352462289124051, 0.9937502637052502)",1,97.72744638346042,32971
"(0.6020563821990421, 1.0)",3,97.72743998353084,32974
"(0.9790972342015986, 0.9958292603453894)",1,97.72729745226373,32975
"(0.9916625936787228, 0.9958292603453894)",1,97.72720763592515,32976
"(0.7617216117216117, 0.9870601047071634)",3,97.72716360657392,32979
"(0.4935497074925994, 0.9962497362353954)",1,97.72713599260707,32980
"(0.6049854216218278, 1.0)",2,97.72712833779606,32982
"(0.4268899127926591, 0.996575280197092)",1,97.72648323129911,32983
"(0.5240189293380408, 1.0)",1,97.72634874983012,32984
"(0.6324707692241994, 0.9861673414304992)",1,97.72629800436938,32985
"(0.6825396825396824, 0.9833229101521784)",1,97.72627432280186,32986
"(0.6008953168044077, 1.0)",1,97.72600669163192,32987
"(0.6766917293233082, 0.9870601047071634)",3,97.72587297837684,32990
"(0.5305164278521484, 0.998107010444791)",1,97.72575536249924,32991
"(0.7521214129188376, 1.0)",1,97.7256818135101,32992
"(0.5292931359082562, 1.0)",1,97.72547417178347,32993
"(0.9499631719745572, 0.979166518665308)",1,97.7253680621931,32994
"(0.509688959052258, 0.9912488373656227)",1,97.72536108014938,32995
"(0.4508193203901878, 0.9974998905914936)",1,97.72531232132104,32996
"(0.979273283115788, 0.9958292603453894)",1,97.72505543054471,32997
"(0.97495917428555, 0.9958292603453894)",1,97.7249296035196,32998
"(0.8937718863178524, 0.979166518665308)",1,97.724820412242,32999
"(0.9017715617715616, 0.9861673414304992)",1,97.72470483060856,33000
"(0.531353757109443, 0.99499949979992)",1,97.72468966383218,33001
"(0.6049854216218278, 1.0)",3,97.72460788433894,33004
"(0.7942038054814895, 0.9861673414304992)",1,97.72401494702116,33005
"(0.9586562930696936, 0.979166518665308)",1,97.72387272965965,33006
"(0.6154433311277057, 1.0)",3,97.72379841449626,33009
"(0.457262827025654, 0.9954266299414484)",1,97.72368394690284,33010
"(0.4489727317392728, 0.9912488373656227)",1,97.72348219114568,33011
"(0.3445871414842349, 0.9841208440231176)",1,97.72347392747672,33012
"(0.702867567752065, 1.0)",1,97.72342885410066,33013
"(0.5173573838463876, 0.9988642062668746)",1,97.7231487453299,33014
"(0.950175761409158, 0.979166518665308)",1,97.72314159577518,33015
"(0.9374843410636878, 0.9832184229069656)",1,97.72305301696063,33016
"(0.8884797556713653, 0.9748802746905214)",1,97.7228628672433,33017
"(0.5323233762778854, 1.0)",3,97.72279399271996,33020
"(0.4594704236610712, 0.9974998905914936)",1,97.72262974686548,33021
"(0.7823116219667945, 0.9861673414304992)",1,97.72252432695797,33022
"(0.8937718863178524, 0.979166518665308)",1,97.72248055461309,33023
"(0.8579868984630887, 0.9861673414304992)",2,97.72243476188928,33025
"(0.7513013302486987, 0.9870601047071634)",1,97.72241052081247,33026
"(0.507482960719107, 0.9987499746026686)",1,97.72203118601298,33027
"(0.4517222778047475, 0.9820932761796662)",1,97.72188056057252,33028
"(0.9916585206907788, 0.9958292603453894)",1,97.72175303187475,33029
"(0.5173573838463876, 0.9988642062668746)",1,97.72155684637752,33030
"(0.58585292908676, 0.9950000937552737)",1,97.72152522325428,33031
"(0.8733799478600891, 0.979166518665308)",1,97.72141101745387,33032
"(0.900983347688774, 0.9861673414304992)",1,97.72140597488294,33033
"(0.7780625367430922, 0.9861673414304992)",1,97.72137250862777,33034
"(0.8887937668949022, 0.9832462877624168)",1,97.7213344001035,33035
"(0.9586562930696936, 0.9834113430318364)",1,97.72133231759749,33036
"(0.92132700797001, 0.9832925076188832)",1,97.72131639523852,33037
"(0.436911946168762, 0.9981012669018314)",1,97.72091689095583,33038
"(0.5143013281486798, 0.9912498222186796)",1,97.72075629398954,33039
"(0.4656077375766958, 0.9900003125488358)",1,97.72037126185116,33040
"(0.8151249335459861, 1.0)",1,97.71986388537374,33041
"(0.8805377184744008, 0.979166518665308)",1,97.71981906272342,33042
"(0.6049474374542553, 1.0)",1,97.7197459820949,33043
"(0.9707802886550516, 0.9958292603453894)",2,97.7196946475897,33045
"(0.5145696010475885, 0.9861310021084456)",1,97.71964817129802,33046
"(0.9098759089802734, 0.9748802746905214)",1,97.71955325771306,33047
"(0.5916573432219518, 0.9981012669018314)",1,97.71951303195536,33048
"(0.4585384595277654, 0.9899983116452704)",1,97.71944104318226,33049
"(0.5680245864444272, 0.9984817852901372)",1,97.71920527833598,33050
"(0.6154433311277057, 1.0)",1,97.7191984402084,33051
"(0.5642422164950636, 0.9870601047071634)",1,97.7191395156446,33052
"(0.9437903841498612, 1.0)",1,97.71907630695344,33053
"(0.4633466015586465, 1.0)",3,97.7190098145608,33056
"(0.7997685185185185, 0.9861673414304992)",1,97.71896678419458,33057
"(0.5361367504335325, 0.9996210215628012)",1,97.71886668994463,33058
"(0.6915482942087353, 1.0)",1,97.7187619978859,33059
"(1.0, 1.0)",1,97.71843775574116,33060
"(0.4162177798306099, 0.98499849939976)",1,97.71841180030572,33061
"(0.7856964763329513, 0.9861673414304992)",1,97.71829342108072,33062
"(0.7617216117216117, 0.9870601047071634)",1,97.71818274290548,33063
"(0.90263033902971, 0.9861310021084456)",1,97.71801031920708,33064
"(0.9377148530109056, 0.991206314397104)",1,97.71782140376578,33065
"(0.6013560288779866, 0.9862505800862826)",1,97.7178192173051,33066
"(0.4804731351668838, 0.9837478408218712)",1,97.71764101745892,33067
"(0.9234894220441888, 0.9832462877624168)",2,97.7176078152158,33069
"(0.865581803207783, 0.991206314397104)",1,97.7174148371452,33070
"(0.8883034087952121, 0.9861310021084456)",1,97.7172687977409,33071
"(0.7498057498057498, 0.9870601047071634)",1,97.71724732379931,33072
"(0.5103469782909699, 0.9912488373656227)",1,97.7171998804046,33073
"(0.57225576978211, 1.0)",3,97.71694632522308,33076
"(0.97934925289764, 0.9958292603453894)",1,97.71677665424238,33077
"(0.9791299139401608, 0.9958292603453894)",1,97.7165998577088,33078
"(0.2573753482290067, 0.9984817852901372)",1,97.71656278020424,33079
"(0.5562558356676003, 0.9861673414304992)",1,97.71654612129429,33080
"(0.9674564520532262, 0.9958292603453894)",1,97.71647079969924,33081
"(0.8056354979267693, 0.9861310021084456)",1,97.71646659017844,33082
"(0.4590791029805835, 0.9987499746026686)",1,97.71639339130364,33083
"(0.7780625367430922, 0.9861673414304992)",1,97.71630505264162,33084
"(0.6047607547714982, 1.0)",1,97.7160337855571,33085
"(0.1833909490886235, 1.0)",3,97.71585951781296,33088
"(0.6576105142655866, 1.0)",1,97.71568076969253,33089
"(0.9916585206907788, 0.9958292603453894)",2,97.71555863643935,33091
"(0.776960076960077, 0.9861310021084456)",1,97.7155510543797,33092
"(0.7306729085863257, 1.0)",1,97.71553637699414,33093
"(0.9098759089802734, 0.9748802746905214)",1,97.71536694486925,33094
"(0.9452474337657768, 0.9790755481078062)",1,97.7153353331515,33095
"(0.9276343133138456, 0.9773648261130392)",1,97.71510811660757,33096
"(0.4987398156700754, 1.0)",1,97.71500294372576,33097
"(0.9958292603453894, 0.9958292603453894)",1,97.71499207924884,33098
"(0.9153439153439156, 0.9833229101521784)",1,97.7147088308892,33099
"(0.9334130158956764, 0.9834113430318364)",1,97.71465475185624,33100
"(0.5191356753598758, 1.0)",3,97.7146540866566,33103
"(0.9017715617715616, 0.9861673414304992)",1,97.71464766400976,33104
"(0.7347448804741066, 1.0)",1,97.71445632935456,33105
"(0.9172008547008548, 0.9861673414304992)",1,97.71441140793462,33106
"(0.8840048840048841, 0.9833229101521784)",1,97.71415855891608,33107
"(0.9028964862298196, 0.9861673414304992)",1,97.71382006132863,33108
"(0.4405458494775155, 0.97999799919968)",1,97.713698093999,33109
"(0.927082576248316, 0.9790476832523552)",1,97.71363727568084,33110
"(0.9916585206907788, 0.9958292603453894)",2,97.71347971720976,33112
"(0.4684544892656223, 0.992499671774481)",1,97.71347732019224,33113
"(0.8805377184744008, 0.979166518665308)",1,97.71336863778188,33114
"(0.3974337753332183, 0.9992416608232524)",1,97.71327111168182,33115
"(0.9665831244778612, 0.9833229101521784)",1,97.7132629060898,33116
"(0.9746854694957162, 0.9958292603453894)",1,97.71317304697962,33117
"(0.9916339869281046, 0.9958292603453894)",2,97.7130116088496,33119
"(0.6800130179603725, 1.0)",3,97.71279157602964,33122
"(0.6259562980551786, 0.99)",1,97.71262282445204,33123
"(0.6011178661408698, 0.9992416608232524)",1,97.7124450255194,33124
"(0.8996392387758612, 0.9873891625615764)",1,97.71241612046867,33125
"(0.5118812113070996, 0.9987499746026686)",3,97.71223284405164,33128
"(0.8796475392220073, 0.9833229101521784)",1,97.71215167557077,33129
"(0.9584987529902784, 1.0)",1,97.71206313489616,33130
"(0.8273133814929481, 0.9861673414304992)",1,97.7120554564342,33131
"(0.5352462289124051, 0.9887492087061858)",1,97.7119813488277,33132
"(0.757745166550198, 1.0)",1,97.7116420333174,33133
"(0.484731353858467, 0.9975000781372088)",1,97.71157208986897,33134
"(0.4897415065188988, 0.9961927960732532)",1,97.71145228474022,33135
"(0.9286882692704548, 0.9873891625615764)",1,97.71104702046716,33136
"(0.5196889482452458, 0.9981012669018314)",1,97.71097961048808,33137
"(0.5219311273566756, 0.9937498730133428)",1,97.71097505873576,33138
"(0.7371074312749817, 0.9870601047071634)",1,97.71092146859658,33139
"(0.9833229101521784, 0.9833229101521784)",1,97.71072539014804,33140
"(0.9756244289830628, 0.9958292603453894)",2,97.71067423643404,33142
"(0.7000013129045387, 0.9870601047071634)",1,97.7103296219005,33143
"(0.4860887005222129, 0.9912493845492556)",1,97.71032648487524,33144
"(0.4673343159733596, 0.9962499238080056)",1,97.71021165960371,33145
"(0.8148308968977662, 0.9861673414304992)",1,97.71014250323408,33146
"(0.7378937728937729, 0.9870601047071634)",1,97.71013804772365,33147
"(0.757745166550198, 1.0)",1,97.71008439756142,33148
"(0.5207596250837986, 1.0)",3,97.70995875047628,33151
"(0.7513013302486987, 0.9870601047071634)",1,97.70985836423584,33152
"(0.8491340807583629, 0.9861673414304992)",1,97.70974684459824,33153
"(0.9830687830687832, 0.9958292603453894)",1,97.70971502997602,33154
"(0.97899550533801, 0.9958292603453894)",1,97.70969191808882,33155
"(0.4468328406505846, 0.9861673414304992)",1,97.70942341814964,33156
"(0.5466837142306626, 0.9861673414304992)",1,97.70916464564972,33157
"(0.900838851006521, 0.9832462877624168)",1,97.70887449659892,33158
"(0.6611718926579557, 0.9861310021084456)",1,97.7088439385358,33159
"(0.5353700689511449, 0.9984817852901372)",1,97.70852814539565,33160
"(0.634045584045584, 0.9870601047071634)",1,97.70843840682753,33161
"(0.7460062031313067, 0.9861310021084456)",1,97.7084153787156,33162
"(0.477671768371638, 0.9988619159967322)",1,97.70840244942548,33163
"(0.944120583717358, 0.9834113430318364)",1,97.7083732496264,33164
"(0.9102539775554236, 0.9748802746905214)",1,97.70836799720637,33165
"(0.5255324262157274, 0.9984817852901372)",1,97.7080932797396,33166
"(0.5128086146849515, 0.9992431829362568)",3,97.70793235057292,33169
"(0.9958292603453894, 0.9958292603453894)",1,97.70774550890118,33170
"(0.5302041096685234, 0.9984817852901372)",1,97.70756944566168,33171
"(0.4987398156700754, 0.9987499746026686)",1,97.70747784099986,33172
"(0.9792446763651698, 0.9790231494896808)",1,97.70740055708546,33173
"(0.4468328406505846, 0.9861673414304992)",1,97.7072935773037,33174
"(0.972420634920635, 0.9861673414304992)",1,97.70728048625044,33175
"(0.9164652836623464, 1.0)",1,97.7070490947384,33176
"(0.8621031746031745, 0.9861310021084456)",1,97.70697956980472,33177
"(0.9309821833269412, 0.988167361639188)",1,97.7069164150282,33178
"(0.9326599326599326, 0.9833229101521784)",1,97.70674455944042,33179
"(0.944120583717358, 0.9834113430318364)",1,97.70656574608394,33180
"(0.5610466727247883, 1.0)",3,97.7065497157173,33183
"(0.4936062160591765, 0.9961927960732532)",1,97.706519227958,33184
"(0.92132700797001, 0.9790476832523552)",1,97.7055164424145,33185
"(0.9164187516971112, 0.9748802746905214)",1,97.70550224254438,33186
"(0.8883678678403513, 0.9861673414304992)",1,97.70542291672146,33187
"(0.9009287520039462, 1.0)",1,97.70534495106192,33188
"(0.5145696010475885, 0.9861310021084456)",1,97.7052351756788,33189
"(0.5118812113070996, 0.9987499746026686)",2,97.70516546707763,33191
"(0.7368760064412239, 0.9861673414304992)",1,97.70514609749708,33192
"(0.8279428904428904, 0.9872890642121412)",1,97.70510199172227,33193
"(0.9834358767945106, 0.9958292603453894)",1,97.70503234280496,33194
"(0.8181654379194883, 0.9870601047071634)",1,97.7048498737154,33195
"(0.8860455063826657, 0.9861673414304992)",1,97.70477496078088,33196
"(0.9164187516971112, 0.9790231494896808)",1,97.70476879153996,33197
"(0.5353461588384578, 0.998107010444791)",1,97.70471602205888,33198
"(0.4935897435897436, 0.9870601047071634)",1,97.70464771924333,33199
"(1.0, 1.0)",1,97.70463253221874,33200
"(0.9289131460479254, 0.979166518665308)",1,97.704469270335,33201
"(0.8148308968977662, 0.9861673414304992)",1,97.70446692942748,33202
"(0.5324853883419285, 0.9950001250031252)",1,97.70434385836585,33203
"(0.7306729085863257, 1.0)",1,97.7043037713625,33204
"(0.484646846010113, 0.9974998905914936)",1,97.70409695861538,33205
"(0.8016677935542034, 0.9833229101521784)",1,97.7040816411784,33206
"(0.9543883398911862, 0.9958292603453894)",1,97.70394984757372,33207
"(0.9707071808622552, 0.9958292603453894)",1,97.70394743250364,33208
"(0.991777356103732, 0.9958292603453894)",2,97.70380348106106,33210
"(0.930124456440246, 0.9861673414304992)",2,97.70374058878288,33212
"(0.6323301162090802, 1.0)",1,97.70367499088704,33213
"(0.7218114213846213, 1.0)",3,97.70359780139452,33216
"(0.5147068703695182, 0.98999899959984)",1,97.70354984399911,33217
"(0.8593554593554595, 0.9861673414304992)",1,97.703503592989,33218
"(0.7361988647484831, 0.9870601047071634)",1,97.70350199759028,33219
"(0.9669795885118464, 0.9958292603453894)",1,97.70347506516394,33220
"(0.9372650231764934, 0.9790972342015986)",2,97.70343952380784,33222
"(0.7350777099102015, 1.0)",3,97.70342874487127,33225
"(1.0, 1.0)",1,97.70330999913575,33226
"(0.9058747619658436, 0.9748802746905214)",1,97.70284477351788,33227
"(0.8181654379194883, 0.9870601047071634)",1,97.70264124044174,33228
"(0.523180676451683, 1.0)",1,97.7025410804763,33229
"(0.4205819197458105, 0.9912488373656227)",2,97.70245189818874,33231
"(0.9707095350359108, 0.9958292603453894)",2,97.70237080746664,33233
"(0.598883501626719, 0.9887497714240168)",1,97.70229757808389,33234
"(0.9833040078201368, 0.9958292603453894)",1,97.70212353065553,33235
"(0.8475002808673183, 0.9861673414304992)",1,97.7020926692408,33236
"(0.4686395911561979, 0.9874994529574682)",1,97.70202861944816,33237
"(0.8152898027898028, 0.9861673414304992)",1,97.70199411699426,33238
"(0.599744651595403, 0.9973498146227074)",1,97.70167350846096,33239
"(0.4990204708059675, 0.9911835359684772)",1,97.70160799878953,33240
"(0.94484126984127, 0.9861673414304992)",2,97.7015800398541,33242
"(0.9244352123384382, 0.9790476832523552)",1,97.70153790071193,33243
"(0.5118812113070996, 0.9987499746026686)",1,97.70103951792748,33244
"(0.975195619792394, 0.9958292603453894)",1,97.7009187491406,33245
"(0.7168719671519223, 0.991206314397104)",1,97.7009041608858,33246
"(0.3918495706148258, 0.9984817852901372)",1,97.7009008401484,33247
"(0.9833040078201368, 0.9958292603453894)",1,97.7007610629103,33248
"(0.4844841746794872, 0.9912488373656227)",1,97.70050180265208,33249
"(0.97495917428555, 0.9958292603453894)",1,97.70049550550608,33250
"(0.5082177015724898, 0.9987499746026686)",2,97.70033272732525,33252
"(0.4896359390280644, 0.9949997811829872)",1,97.70014816458648,33253
"(0.7460630399100241, 1.0)",1,97.6998130835736,33254
"(0.9791258409522168, 0.9958292603453894)",1,97.69973221907824,33255
"(0.433281060850566, 0.9984817852901372)",1,97.69970076248843,33256
"(0.6583271386230533, 0.9887492087061858)",1,97.699332097043,33257
"(0.9019292060258446, 0.9861673414304992)",1,97.69923295851926,33258
"(0.920238255356524, 0.979166518665308)",1,97.69880473500936,33259
"(0.8175446168757694, 0.9861673414304992)",1,97.69863110466906,33260
"(0.6194163158907553, 0.992499671774481)",1,97.69855031095588,33261
"(0.7516483516483518, 0.9861673414304992)",1,97.69843171456208,33262
"(0.8279428904428904, 0.9870601047071634)",3,97.69834351686472,33265
"(0.5762240792806925, 1.0)",1,97.69828990504465,33266
"(0.5988067525686905, 1.0)",1,97.69825936239418,33267
"(0.7250237826596757, 0.9870601047071634)",1,97.69802084067707,33268
"(0.8128971639097002, 0.9870601047071634)",1,97.69793699240066,33269
"(0.5301498316498315, 1.0)",1,97.6979277260958,33270
"(0.983545503234046, 1.0)",1,97.69789915523276,33271
"(0.5623030806931559, 0.9912498222186796)",1,97.697766812635,33272
"(0.8920217788143652, 0.9790476832523552)",1,97.69767909725708,33273
"(0.9297326845255915, 0.9790476832523552)",1,97.69758172343344,33274
"(0.6736022307473716, 0.9861673414304992)",1,97.69742545098468,33275
"(0.4946461141636722, 0.9900003125488358)",1,97.6973853598938,33276
"(0.7250237826596757, 0.9870601047071634)",1,97.69733664081312,33277
"(0.4602518639752682, 0.98999899959984)",1,97.69731371549597,33278
"(0.4742126742126741, 1.0)",3,97.69725767223798,33281
"(0.5986257833623191, 0.9875)",1,97.6972030537561,33282
"(0.5175094049755407, 0.998107010444791)",1,97.6969457408945,33283
"(0.8475002808673183, 0.9861673414304992)",2,97.6969066417459,33285
"(0.6101652468899568, 0.9887497714240168)",1,97.69681351135148,33286
"(0.974772367065274, 0.9958292603453894)",1,97.6967758299034,33287
"(0.7942038054814895, 0.9861673414304992)",1,97.69675673495168,33288
"(0.8315995778682346, 0.9861673414304992)",1,97.69666859615168,33289
"(0.4566269759061861, 0.9973390598305516)",1,97.6965438562538,33290
"(0.8148308968977662, 0.9861673414304992)",1,97.69645530445568,33291
"(0.712083517595137, 0.9996210215628012)",1,97.69638278981655,33292
"(0.4990204708059675, 0.9992416608232524)",2,97.69637359117768,33294
"(0.9028964862298196, 0.9861310021084456)",1,97.69629180507056,33295
"(0.7075825156110616, 0.991206314397104)",3,97.6962206050985,33298
"(0.902898027898028, 0.9861310021084456)",1,97.69608594382144,33299
"(0.8622520112492773, 0.9790476832523552)",1,97.6959474255484,33300
"(0.917283950617284, 0.9861673414304992)",1,97.69589705171236,33301
"(0.987491854024112, 0.9958292603453894)",1,97.69581124484203,33302
"(0.5087400188487272, 0.9987499746026686)",1,97.695752879116,33303
"(0.3618298321342925, 0.9984817852901372)",1,97.6957246414179,33304
"(0.9198341746820448, 0.979166518665308)",1,97.69547382979005,33305
"(0.5124565972222223, 0.9981012669018314)",1,97.69528093797692,33306
"(0.8318290279074593, 0.9861673414304992)",1,97.69515346422416,33307
"(0.5005466528962331, 0.9962044632253434)",1,97.694991345468,33308
"(0.8733799478600891, 0.979166518665308)",1,97.694929805228,33309
"(0.7042648709315374, 1.0)",1,97.69456706097384,33310
"(0.599744651595403, 0.995048079325788)",1,97.69456226602796,33311
"(0.484646846010113, 0.9962499238080056)",1,97.69434214247325,33312
"(0.4039045743444857, 0.9882048106149588)",1,97.69428782578817,33313
"(0.8071948928825261, 0.9861673414304992)",1,97.69418168899914,33314
"(0.5203553504225632, 0.9946588541666668)",3,97.69407411039288,33317
"(0.8124923632552741, 0.9861673414304992)",1,97.69391419964256,33318
"(0.4925733396357239, 0.9975000781372088)",1,97.69379429724373,33319
"(0.9297326845255915, 0.979166518665308)",1,97.69377678652012,33320
"(0.4937125269096371, 0.9958099132756668)",1,97.69375863736128,33321
"(0.972420634920635, 0.9861673414304992)",1,97.69363715902342,33322
"(0.6384521701955596, 0.991206314397104)",3,97.69346576845165,33325
"(0.4860887005222129, 0.9912488373656227)",1,97.69341591235806,33326
"(0.9061764476533613, 0.9790476832523552)",1,97.69340512455912,33327
"(0.9032855633136024, 0.9861673414304992)",1,97.69323651429384,33328
"(0.9539751547184644, 0.9790755481078062)",1,97.69309231928824,33329
"(0.9280317595086728, 0.9916585206907788)",1,97.6930879066283,33330
"(0.5173573838463876, 0.9988642062668746)",1,97.69308660416854,33331
"(0.9460547122074636, 0.9748802746905214)",1,97.6929891377398,33332
"(0.8152898027898028, 0.9861673414304992)",1,97.69293988986983,33333
"(0.5061654456041751, 0.9962501582231502)",1,97.69293891321853,33334
"(0.4787519493971895, 0.9912488373656227)",1,97.6927188183914,33335
"(0.9791585206907788, 0.9958292603453894)",1,97.69259792171712,33336
"(0.9098759089802734, 0.9832462877624168)",1,97.69242917198544,33337
"(0.8010054664946871, 0.9861673414304992)",1,97.69239981877554,33338
"(0.6397933055933888, 0.9962500644653132)",1,97.6922674299812,33339
"(0.6435039149365576, 1.0)",1,97.692187452302,33340
"(0.5451899418331657, 0.9988642062668746)",1,97.69213312980142,33341
"(0.6892156862745098, 0.9861673414304992)",1,97.69207650582298,33342
"(0.4523958281268222, 0.9861310021084456)",1,97.69158479705274,33343
"(0.6460231360441068, 0.996575280197092)",1,97.69125549042208,33344
"(0.8208353559736048, 0.9861673414304992)",1,97.6912349225116,33345
"(0.5080392961876832, 0.9874994529574682)",1,97.69120341938252,33346
"(0.9497171590194848, 0.9833229101521784)",1,97.6910054386196,33347
"(0.318398033126294, 1.0)",3,97.69069428112029,33350
"(0.9916585206907788, 0.9958292603453894)",1,97.69067793006158,33351
"(0.4230961584008337, 0.9912503691873502)",1,97.6904639178162,33352
"(0.5260227547809246, 1.0)",3,97.69040739556164,33355
"(0.9372650231764934, 0.9790755481078062)",1,97.69023582012213,33356
"(0.789994229453279, 0.9861673414304992)",1,97.69018187555945,33357
"(0.9164187516971112, 0.9832462877624168)",1,97.69017705045208,33358
"(0.962699692780338, 0.9958292603453894)",2,97.69004957458876,33360
"(0.8587708587708588, 0.9872890642121412)",1,97.69004189832594,33361
"(0.9876106894370652, 0.9958292603453894)",1,97.6899721893204,33362
"(0.9452474337657768, 0.9748802746905214)",1,97.6898438877394,33363
"(0.5685989470330658, 1.0)",1,97.68982695532448,33364
"(0.8899966931216932, 0.9861310021084456)",1,97.68977241886394,33365
"(0.8596618357487924, 0.9861673414304992)",1,97.6897004325084,33366
"(0.5277652279377781, 1.0)",1,97.68944654981613,33367
"(0.3991357684021978, 1.0)",1,97.68940952572883,33368
"(0.6870644599303137, 0.9861310021084456)",1,97.68939171527828,33369
"(0.90146750524109, 0.9861673414304992)",1,97.68929238865032,33370
"(0.4925733396357239, 0.9975000781372088)",1,97.6891135312208,33371
"(0.5464650406504065, 1.0)",1,97.68910223178273,33372
"(0.4957093292502148, 0.9977203590215908)",1,97.68901909980376,33373
"(0.8733799478600891, 0.9832184229069656)",1,97.68898722721444,33374
"(0.9621616286938868, 0.9958292603453894)",1,97.688979557429,33375
"(0.8732774170274171, 0.986081059422206)",1,97.68880093332164,33376
"(0.4319035504296698, 0.9975000781372088)",1,97.68859095481643,33377
"(0.6326954876802936, 0.9861673414304992)",1,97.6884936121048,33378
"(0.8152898027898028, 0.9861673414304992)",1,97.688383025436,33379
"(0.5938024587948153, 1.0)",3,97.68829764550566,33382
"(0.5320180604331844, 1.0)",3,97.6880831870786,33385
"(0.5066418935372837, 0.9973390598305516)",1,97.6880414465679,33386
"(0.5959779257772208, 1.0)",1,97.68799974130206,33387
"(0.8622520112492773, 0.9790755481078062)",1,97.687983371651,33388
"(0.1500716412252043, 0.9977203590215908)",1,97.68792370218006,33389
"(0.4958617797724284, 0.9974998905914936)",1,97.6879112571736,33390
"(0.8567210567210567, 0.9861673414304992)",1,97.68779282811782,33391
"(0.9748076591340348, 1.0)",1,97.6877754567637,33392
"(0.488134593288165, 0.988750193395939)",1,97.68773746869977,33393
"(0.8175446168757694, 0.9861673414304992)",1,97.687483873237,33394
"(0.5562558356676003, 0.9861673414304992)",1,97.68737990837398,33395
"(0.9916585206907788, 0.9958292603453894)",2,97.6870279451407,33397
"(0.8884797556713653, 0.9748802746905214)",2,97.6869931361756,33399
"(0.6447432598773244, 0.9899995623659744)",1,97.68686051028824,33400
"(0.4606973696770164, 0.9975000781372088)",1,97.68671292592244,33401
"(0.6194163158907553, 0.9949997811829872)",1,97.68663162630564,33402
"(0.92132700797001, 0.9832184229069656)",1,97.68661317334528,33403
"(0.9162596992611264, 0.9861673414304992)",1,97.68645634118468,33404
"(0.5087400188487272, 0.9962497362353954)",1,97.68644619967748,33405
"(0.8235880398671096, 0.988167361639188)",1,97.6861893662628,33406
"(0.9674564520532262, 0.9958292603453894)",2,97.68618304330276,33408
"(0.5452310701354139, 0.9988630646884038)",1,97.68616255289136,33409
"(0.6324707692241994, 0.9861673414304992)",1,97.68607564828174,33410
"(0.5009421228446381, 0.9962499238080056)",1,97.68603230010058,33411
"(0.6759040330903159, 1.0)",1,97.68573887687153,33412
"(0.8158879904162925, 1.0)",1,97.68573321208238,33413
"(0.9616410906733488, 0.9958292603453894)",2,97.68561883522844,33415
"(0.7000013129045387, 0.9870601047071634)",1,97.68552457359571,33416
"(0.90224161204236, 0.9861310021084456)",1,97.68538176322116,33417
"(0.950297813353496, 0.9958292603453894)",1,97.68532890284747,33418
"(0.916225749559083, 0.9861673414304992)",1,97.68532165739462,33419
"(0.5119662237091893, 0.9984817852901372)",1,97.68522310757884,33420
"(0.564922563324656, 0.9977203590215908)",1,97.68520080132456,33421
"(0.5592924417056326, 0.9992431829362568)",1,97.68510240370318,33422
"(0.6238255567452281, 0.9872890642121412)",3,97.6847455808097,33425
"(0.702867567752065, 1.0)",1,97.68474297556278,33426
"(0.5466837142306626, 0.9861673414304992)",1,97.68465135900044,33427
"(0.9829909379735984, 0.9958292603453894)",2,97.68457775551104,33429
"(0.7997685185185185, 0.9861673414304992)",1,97.6845548084873,33430
"(0.503514376678064, 1.0)",3,97.6845305241668,33433
"(0.7491410270263361, 1.0)",1,97.68426938549638,33434
"(0.9749625285109156, 0.9958292603453894)",1,97.68404902096827,33435
"(0.4830767364322945, 0.98999899959984)",1,97.68400538583826,33436
"(0.9958292603453894, 0.9958292603453894)",1,97.68384603437416,33437
"(0.6825396825396824, 0.9833229101521784)",1,97.68377388494268,33438
"(0.9916585206907788, 0.9958292603453894)",1,97.6837520434326,33439
"(0.4590791029805835, 0.9987500214884376)",1,97.68358252398576,33440
"(0.97899550533801, 0.9958292603453894)",1,97.68354731261306,33441
"(0.9374843410636878, 0.979166518665308)",1,97.68352693107074,33442
"(0.5361367504335325, 0.9946588541666668)",1,97.68351950791512,33443
"(0.5277652279377781, 0.9992431829362568)",2,97.68349739634093,33445
"(0.8110682791635173, 0.9861673414304992)",1,97.68314688951084,33446
"(0.3545856375860411, 1.0)",1,97.68304893752422,33447
"(0.5191356753598758, 1.0)",1,97.68293064468804,33448
"(0.4925285484808521, 0.9974998905914936)",3,97.68292083611496,33451
"(0.6418116964826663, 0.9962500644653132)",1,97.68264702089832,33452
"(0.8491340807583629, 0.9861673414304992)",1,97.68264084609636,33453
"(0.9833211143695014, 1.0)",1,97.68261024153324,33454
"(0.4407055363375315, 0.9987499746026686)",1,97.68259350666342,33455
"(0.9058747619658436, 0.9832462877624168)",1,97.68257046333736,33456
"(0.8937718863178524, 0.987463247273494)",1,97.68239462317663,33457
"(0.8982888105990573, 0.979166518665308)",2,97.68236419202532,33459
"(0.6025384620441595, 1.0)",1,97.68234439633072,33460
"(0.9707802886550516, 0.9958292603453894)",1,97.6823407341945,33461
"(0.5651410959149837, 1.0)",1,97.68233543822583,33462
"(0.5477028146490622, 1.0)",1,97.6823037565712,33463
"(0.6892156862745098, 0.9861673414304992)",1,97.682215512553,33464
"(0.3823454664699131, 1.0)",1,97.68211123764256,33465
"(0.5680245864444272, 0.9984817852901372)",1,97.68206857564893,33466
"(0.4921211569947243, 0.993750341823046)",1,97.68206391167848,33467
"(0.97495917428555, 0.9958292603453894)",1,97.68202675031011,33468
"(0.94484126984127, 0.9861673414304992)",1,97.68194374659146,33469
"(0.8475002808673183, 0.9861673414304992)",1,97.68193976383598,33470
"(0.5521709560790242, 1.0)",3,97.68192519373248,33473
"(0.5762240792806925, 1.0)",1,97.68185190362492,33474
"(0.506032156862745, 0.9975000781372088)",1,97.6816979262359,33475
"(0.9536653605723816, 0.9958292603453894)",1,97.68162267760316,33476
"(0.9452474337657768, 0.9832462877624168)",1,97.6815293833336,33477
"(0.9164187516971112, 0.9748802746905214)",1,97.68127260042633,33478
"(0.6675629468295134, 1.0)",1,97.68117496103352,33479
"(0.6096721354739468, 1.0)",2,97.6811258563408,33481
"(0.8466020359004198, 0.9861673414304992)",1,97.68081716785484,33482
"(0.3464973708160582, 0.9988619159967322)",1,97.68081464041892,33483
"(0.5320180604331844, 1.0)",3,97.6807453551804,33486
"(1.0, 1.0)",1,97.68068034255576,33487
"(0.8982888105990573, 0.9790476832523552)",1,97.68062888257944,33488
"(0.8871966240387292, 0.9861673414304992)",2,97.68011283851943,33490
"(0.9017715617715616, 0.9861673414304992)",1,97.67988719729968,33491
"(0.9011810599946194, 0.9861673414304992)",1,97.6797966166388,33492
"(0.6872735507246376, 0.9870601047071634)",3,97.6795093150487,33495
"(0.966586548597934, 0.9748524098350704)",1,97.67944888813072,33496
"(0.4860887005222129, 0.9912488373656227)",1,97.67928063315182,33497
"(0.8874191651969431, 0.9861673414304992)",1,97.67923592039116,33498
"(0.685349565251526, 0.9861673414304992)",1,97.6791943362157,33499
"(0.900983347688774, 0.9861673414304992)",1,97.67901737973096,33500
"(0.9958292603453894, 1.0)",1,97.67874009939226,33501
"(0.9184901612842788, 0.9790755481078062)",1,97.6786691662214,33502
"(0.8294970161977834, 0.9833229101521784)",1,97.67848332046869,33503
"(0.3865130008203705, 0.9969573675011548)",1,97.678472390615,33504
"(0.59638347550428, 1.0)",1,97.67812734571928,33505
"(0.3701287531347074, 0.9841208440231176)",1,97.67799129205618,33506
"(0.5496794449929138, 0.9981012669018314)",1,97.67798894158835,33507
"(0.4139252838240179, 0.9831059867621844)",1,97.6779233382422,33508
"(0.4423707251851418, 0.9861310021084456)",1,97.67788626829332,33509
"(0.7374768177381903, 0.991206314397104)",1,97.67779612520911,33510
"(0.3434871832287562, 0.9975000781372088)",3,97.67761161460264,33513
"(0.452037812892777, 0.9987499746026686)",1,97.67756650169014,33514
"(0.9164652836623464, 1.0)",1,97.6775659715923,33515
"(0.5259912686183872, 1.0)",3,97.67733735642337,33518
"(0.6088071867185179, 1.0)",1,97.67723923256617,33519
"(0.4780938228629602, 0.9912498222186796)",1,97.67715811159266,33520
"(0.8194074731341813, 0.9861673414304992)",1,97.67703496660332,33521
"(0.6026666666666667, 0.9981012669018314)",1,97.67701827052542,33522
"(0.9834113430318364, 0.9958292603453894)",1,97.67701776359388,33523
"(0.650138830416391, 1.0)",3,97.67678390889353,33526
"(0.9155004135649296, 0.9790476832523552)",1,97.67666866416523,33527
"(0.5142655348168222, 1.0)",1,97.67659513474308,33528
"(0.440594458995568, 0.9962501582231502)",2,97.67649144252889,33530
"(0.4585755850187953, 0.9962499238080056)",1,97.67641410820865,33531
"(0.8344065656565657, 0.9861673414304992)",1,97.67635779200394,33532
"(0.983305541180304, 0.9958292603453894)",1,97.67607146840557,33533
"(0.9916585206907788, 0.9958292603453894)",1,97.67599356233504,33534
"(1.0, 1.0)",1,97.67595057789224,33535
"(0.9529708395262274, 0.9766918866148322)",1,97.67578522007588,33536
"(0.8884797556713653, 0.9748802746905214)",1,97.6757417609286,33537
"(0.6020287404902789, 0.9870601047071634)",2,97.67573374747276,33539
"(0.7942038054814895, 0.9861673414304992)",1,97.67557799628392,33540
"(0.9833251873574456, 0.9958292603453894)",1,97.675471222407,33541
"(0.950508044522963, 0.9832462877624168)",1,97.67529678754904,33542
"(0.5175094049755407, 0.998107010444791)",1,97.67509944665682,33543
"(0.5477955228250537, 1.0)",3,97.67508293703386,33546
"(0.6430200463634697, 1.0)",1,97.67480353744524,33547
"(0.9916585206907788, 0.9958292603453894)",1,97.6747865849305,33548
"(0.9497171590194848, 0.9833229101521784)",1,97.67466952888074,33549
"(0.8358530587380517, 0.9834113430318364)",1,97.67463246264312,33550
"(0.2184301094356221, 0.9973390598305516)",1,97.67458358857655,33551
"(0.943875558870815, 0.979166518665308)",1,97.67456567309613,33552
"(0.4525211933060535, 0.9954360512517318)",1,97.67439984225206,33553
"(0.8085259100433108, 0.9861673414304992)",1,97.67426077439757,33554
"(0.7294281157362763, 1.0)",1,97.67425194948518,33555
"(0.501667548613375, 0.988750193395939)",1,97.67414531981564,33556
"(0.4076247491511041, 0.9915713507625272)",1,97.67408929393244,33557
"(0.4667544811866356, 0.983445135258144)",1,97.6739921503518,33558
"(0.4508193203901878, 0.9962497362353954)",2,97.67395216803048,33560
"(0.492807005588115, 0.9987499746026686)",1,97.67381894956694,33561
"(0.8506653943511476, 0.991206314397104)",1,97.6736200385108,33562
"(0.5034451916861793, 0.9988642062668746)",1,97.6734964802846,33563
"(0.8902783631946863, 0.9861673414304992)",1,97.67347559127847,33564
"(0.9916585206907788, 0.9958292603453894)",2,97.67335906536955,33566
"(0.5465607854790808, 0.9988642062668746)",1,97.67327775295004,33567
"(0.9177366931314298, 0.979166518665308)",1,97.67308370137454,33568
"(0.711778806550463, 1.0)",1,97.67279621362114,33569
"(0.4229346333263246, 1.0)",1,97.67251326839636,33570
"(0.9153439153439152, 1.0)",1,97.67250941033213,33571
"(0.987463247273494, 0.9958292603453894)",1,97.67243443101891,33572
"(0.4571140259616066, 0.9962497362353954)",2,97.67230381596796,33574
"(0.4924143545574438, 0.988750193395939)",1,97.67212415366122,33575
"(0.4925733396357239, 0.9962501582231502)",1,97.67195136876155,33576
"(0.5061654456041751, 0.9975000781372088)",2,97.6719240093456,33578
"(0.9452474337657768, 0.9748802746905214)",1,97.67190848329952,33579
"(0.3987913031507923, 0.9834449387093708)",1,97.6718668909124,33580
"(0.8524016298728943, 0.9790755481078062)",1,97.67185786064252,33581
"(0.7999088007295942, 0.988167361639188)",1,97.67181862013778,33582
"(0.7401844059863599, 0.9861673414304992)",1,97.6715469228604,33583
"(0.9186752981185384, 0.9790755481078062)",1,97.67151576828024,33584
"(0.8976982097186702, 0.9833229101521784)",1,97.67139951467357,33585
"(0.9874762808349148, 0.9958292603453894)",1,97.67126504855314,33586
"(0.3703280442697561, 0.9954266299414484)",1,97.67115234387158,33587
"(0.9790972342015986, 0.9958292603453894)",1,97.67114255574155,33588
"(0.4990204708059675, 0.9969573675011548)",1,97.67111112563492,33589
"(0.8524016298728943, 0.9832462877624168)",1,97.67100501353062,33590
"(0.4847252958987063, 0.9987499746026686)",1,97.67085868349184,33591
"(0.7997685185185185, 0.9861673414304992)",1,97.67080810197744,33592
"(0.6384521701955596, 0.991206314397104)",3,97.6705915678598,33595
"(0.9916585206907788, 0.9958292603453894)",1,97.6705304709008,33596
"(0.9746535316523212, 0.9958292603453894)",1,97.67046996894987,33597
"(0.9783434781537248, 0.9832925076188832)",1,97.67044704277406,33598
"(0.7997685185185185, 0.9861673414304992)",1,97.67011889459536,33599
"(0.4844841746794872, 0.98999899959984)",1,97.66997479475452,33600
"(0.9184901612842788, 0.983305541180304)",1,97.6697183452508,33601
"(0.5145696010475885, 0.9861310021084456)",1,97.66971283808158,33602
"(0.5147068703695182, 0.9962499238080056)",1,97.6696695823536,33603
"(0.8372053872053872, 0.9833229101521784)",1,97.66942312667604,33604
"(0.7942038054814895, 0.9861673414304992)",1,97.66930961535688,33605
"(0.4958617797724284, 0.9974998905914936)",3,97.66926042284229,33608
"(0.664091471262014, 1.0)",1,97.669201886254,33609
"(0.4611605493121345, 0.9987499746026686)",1,97.66917241780403,33610
"(0.4919916866987179, 0.9937502637052502)",1,97.66910474953598,33611
"(0.6049854216218278, 1.0)",3,97.6690771208319,33614
"(0.8318290279074593, 0.9861673414304992)",1,97.66892719451316,33615
"(0.9028964862298196, 0.9861673414304992)",1,97.66890731381822,33616
"(0.484731353858467, 0.993750341823046)",2,97.66885527342866,33618
"(0.6749447402728794, 0.9861310021084456)",1,97.66875591764804,33619
"(0.9916339869281046, 0.9958292603453894)",1,97.66870919283824,33620
"(0.7139609159313594, 0.9870601047071634)",1,97.66870873277568,33621
"(0.9665831244778612, 0.9833229101521784)",1,97.6686823812919,33622
"(0.9665831244778612, 0.9833229101521784)",1,97.66868091224472,33623
"(0.9230468061350414, 0.9874877810361682)",1,97.66867056184024,33624
"(0.7513013302486987, 0.9870601047071634)",1,97.66865626452268,33625
"(0.7580266955266955, 0.9861673414304992)",1,97.66862640964668,33626
"(0.9058747619658436, 0.9748524098350704)",1,97.66860241284088,33627
"(0.6759040330903159, 1.0)",1,97.66835927208253,33628
"(0.8016677935542034, 0.9833229101521784)",1,97.66834827986877,33629
"(0.419237903544084, 0.9996210215628012)",1,97.66802507733952,33630
"(0.9792406033772258, 0.9958292603453894)",1,97.66796810292618,33631
"(0.6611718926579557, 0.9861310021084456)",1,97.6679572805592,33632
"(0.934065934065934, 0.9833229101521784)",1,97.66795171639814,33633
"(0.8478418336329888, 0.991206314397104)",1,97.66743234045056,33634
"(0.5218438528010998, 0.9861310021084456)",1,97.6673956881496,33635
"(0.4976057427443008, 0.9975000781372088)",1,97.66714079861788,33636
"(0.5142655348168222, 1.0)",1,97.66682939323232,33637
"(0.966586548597934, 0.9748802746905214)",1,97.6667671566959,33638
"(0.900983347688774, 0.9861673414304992)",1,97.6666652129888,33639
"(0.4588597051863134, 0.9912503691873502)",1,97.66661107465949,33640
"(0.7082621082621083, 0.986081059422206)",1,97.66645721910908,33641
"(0.5951215675790986, 1.0)",1,97.66643419293368,33642
"(0.8388048698116161, 0.9861673414304992)",1,97.66604981343764,33643
"(0.983305541180304, 0.9958292603453894)",2,97.66573769763896,33645
"(0.5292931359082562, 1.0)",2,97.66572066828506,33647
"(0.6892156862745098, 0.9861673414304992)",1,97.6656968233555,33648
"(0.933096859926128, 0.9833229101521784)",2,97.66562196806105,33650
"(0.4468328406505846, 0.9861673414304992)",1,97.66555766422864,33651
"(0.944120583717358, 0.979166518665308)",1,97.66552793817084,33652
"(0.9164187516971112, 0.9748802746905214)",2,97.66516629949128,33654
"(0.966586548597934, 0.9748802746905214)",1,97.66513615912528,33655
"(0.488134593288165, 0.988750193395939)",1,97.66498566215114,33656
"(0.4468328406505846, 0.9861673414304992)",2,97.66495151244834,33658
"(0.501667548613375, 0.9887504746694504)",1,97.66473860091536,33659
"(0.9743030741133208, 0.9958292603453894)",1,97.66470985682292,33660
"(0.5925967029473983, 0.9925)",1,97.66468078201304,33661
"(0.8279428904428904, 0.9870601047071634)",1,97.66465869924752,33662
"(0.8982888105990573, 0.979166518665308)",1,97.66460559973176,33663
"(0.5209072341900949, 0.9984817852901372)",1,97.66450288006628,33664
"(0.5952874206793579, 0.9996210215628012)",1,97.66431827361768,33665
"(0.9699183291713004, 0.9958292603453894)",1,97.6640496627099,33666
"(0.4517222778047475, 0.9827679628749876)",1,97.66398392546188,33667
"(0.9041196741854636, 0.991206314397104)",1,97.66381400305625,33668
"(0.5169470317739897, 1.0)",1,97.66374989885512,33669
"(0.9297326845255915, 0.9834113430318364)",1,97.6636709745506,33670
"(1.0, 1.0)",1,97.66361052299956,33671
"(0.5199916235817086, 1.0)",3,97.66360934986444,33674
"(0.9750943974852894, 0.9958292603453894)",1,97.66346766526472,33675
"(0.8716153127917834, 0.9861673414304992)",1,97.66343831117234,33676
"(0.4633466015586465, 1.0)",3,97.6633543520779,33679
"(0.620130835563485, 0.991206314397104)",1,97.66333967751784,33680
"(0.6611718926579557, 0.9861310021084456)",1,97.66332436582222,33681
"(0.8506653943511476, 0.991206314397104)",1,97.66330252850068,33682
"(0.8883678678403513, 0.9861673414304992)",1,97.66325501214826,33683
"(0.4673343159733596, 0.9962497362353954)",1,97.66322250633768,33684
"(0.9749706744868036, 0.9958292603453894)",1,97.66303387713133,33685
"(0.5061994035863332, 0.9988642062668746)",1,97.66298522137738,33686
"(0.8003813092161745, 0.9832462877624168)",1,97.66287018310337,33687
"(0.4794373036867545, 0.9824292873665916)",1,97.6627765267006,33688
"(0.6759040330903159, 1.0)",3,97.66271220844835,33691
"(0.6008953168044077, 1.0)",3,97.66258539293896,33694
"(0.8175446168757694, 0.9861673414304992)",1,97.66248609197446,33695
"(0.6532908563969824, 0.9870601047071634)",3,97.66238222241698,33698
"(0.2710113076866549, 0.9981012669018314)",1,97.66228123181595,33699
"(0.5066098655342575, 0.9900005000500052)",1,97.6619947234374,33700
"(0.9058747619658436, 0.9832184229069656)",1,97.66163523464736,33701
"(0.5353700689511449, 0.9981012669018314)",1,97.6616255694108,33702
"(0.4423707251851418, 0.9861310021084456)",1,97.66155914917891,33703
"(0.8567210567210567, 0.9861673414304992)",1,97.66151581498843,33704
"(0.947552083649559, 0.9958292603453894)",1,97.66148267628454,33705
"(0.915225485035732, 0.9790476832523552)",1,97.66127198474786,33706
"(0.8431623931623932, 0.9870601047071634)",1,97.6611783198799,33707
"(0.8152898027898028, 0.9861673414304992)",1,97.6608092957282,33708
"(0.7942038054814895, 0.9861673414304992)",1,97.66076568918376,33709
"(0.6907243513029603, 1.0)",1,97.66066746980908,33710
"(0.6417826357070746, 0.9925002344116268)",1,97.66061584013175,33711
"(0.9497171590194848, 1.0)",1,97.6601548694572,33712
"(0.4924642862429867, 0.9912488373656227)",1,97.66008336942645,33713
"(0.3833824487181557, 1.0)",3,97.65995365902634,33716
"(0.6915482942087353, 1.0)",3,97.65988924904204,33719
"(0.9102539775554236, 0.9790755481078062)",1,97.6598242924114,33720
"(0.4747763864042934, 0.9882048106149588)",1,97.65962037763532,33721
"(0.4912575527045726, 0.9987500214884376)",1,97.65961457187804,33722
"(0.4923104882535888, 0.9987499746026686)",1,97.65949111249736,33723
"(0.7453091184935634, 0.991206314397104)",2,97.6593822332622,33725
"(0.6341009759759758, 0.9824970453792232)",1,97.65929257076937,33726
"(0.8890344426058713, 0.9861310021084456)",1,97.65886450841036,33727
"(0.3890296591900422, 1.0)",3,97.6587926749007,33730
"(0.4923104882535888, 0.9950001562744178)",1,97.65864779280191,33731
"(0.5118812113070996, 0.9987499746026686)",1,97.6585607592222,33732
"(0.4012260196502799, 0.9927322731957676)",1,97.65847714686728,33733
"(0.8137566137566138, 1.0)",1,97.65842566931508,33734
"(0.7617216117216117, 0.9872890642121412)",1,97.65832157783208,33735
"(0.4961453064375241, 0.9987499746026686)",1,97.65798376068824,33736
"(0.5151897052695996, 0.9988642062668746)",1,97.65796289442966,33737
"(0.9490213526488036, 0.9958292603453894)",1,97.657840930618,33738
"(0.4799413873705827, 0.982092491130321)",1,97.65781903702972,33739
"(0.4986472607029235, 0.9900003125488358)",1,97.6577260198521,33740
"(0.6387464387464387, 0.9872890642121412)",1,97.65769830916511,33741
"(0.3703280442697561, 0.9981012669018314)",1,97.65766724250352,33742
"(0.4585755850187953, 0.9962497362353954)",1,97.65757667950172,33743
"(0.9153439153439156, 0.9833229101521784)",1,97.65733248858606,33744
"(0.4770251883589129, 0.9837830803531414)",1,97.65728958287782,33745
"(0.7977749180480272, 0.9861673414304992)",1,97.65720795675117,33746
"(0.8110682791635173, 0.9861673414304992)",1,97.65699447286444,33747
"(0.7580266955266955, 0.9861673414304992)",1,97.6564753811844,33748
"(0.4830767364322945, 0.9937495603923254)",1,97.65641136173166,33749
"(0.9916625936787228, 0.9958292603453894)",1,97.65635951597255,33750
"(0.9311507936507936, 0.9861673414304992)",1,97.656333216796,33751
"(0.7401844059863599, 0.9861673414304992)",2,97.65632394636908,33753
"(0.5320180604331844, 1.0)",1,97.65618764362456,33754
"(0.8148308968977662, 0.9861673414304992)",1,97.65600102447684,33755
"(0.620130835563485, 0.991206314397104)",1,97.6559235362355,33756
"(0.9166145507608924, 1.0)",1,97.65589722390052,33757
"(0.7372334455667788, 1.0)",1,97.6557610025324,33758
"(0.8524016298728943, 0.9790755481078062)",1,97.65572265731537,33759
"(0.5646425140758221, 0.9925002344116268)",1,97.65568055185054,33760
"(0.5169664781532898, 0.9912488373656227)",1,97.6556512205328,33761
"(0.4961453064375241, 0.9987499746026686)",1,97.65560441693827,33762
"(0.8622520112492773, 0.9791102677630192)",1,97.6555398013939,33763
"(0.9749625285109156, 0.9958292603453894)",2,97.65552586469155,33765
"(0.5207596250837986, 1.0)",1,97.65541483069067,33766
"(0.650138830416391, 1.0)",1,97.65519936078942,33767
"(0.8426040866925729, 0.9780402924115932)",1,97.6550919754456,33768
"(0.3823454664699131, 1.0)",3,97.65508817810206,33771
"(0.9581203836912794, 0.9790476832523552)",1,97.65507822551886,33772
"(0.9452474337657768, 0.9748524098350704)",1,97.65506108367327,33773
"(0.240611928037625, 0.998107010444791)",1,97.65497136058012,33774
"(0.5459165183258022, 1.0)",3,97.65470526718678,33777
"(0.9030683555945836, 0.9790540349287944)",1,97.65463850105895,33778
"(0.9184901612842788, 0.9832462877624168)",1,97.6543982977202,33779
"(0.966586548597934, 0.9748802746905214)",1,97.65436520466363,33780
"(0.7997685185185185, 0.9861673414304992)",1,97.65431554056654,33781
"(0.4894591128631123, 0.9975000781372088)",1,97.6543030080606,33782
"(0.8596618357487924, 0.9861673414304992)",1,97.6542710935812,33783
"(0.5172159656435519, 0.9988642062668746)",1,97.65426081547224,33784
"(0.4403449749235543, 0.9973524618256112)",1,97.65415334421078,33785
"(0.861318046800503, 0.9791102677630192)",1,97.65408828345004,33786
"(0.7134615384615385, 0.9870601047071634)",1,97.65404157152682,33787
"(0.484731353858467, 0.9975000781372088)",1,97.65399955598774,33788
"(0.8071948928825261, 0.9861673414304992)",2,97.65384348521206,33790
"(0.6384521701955596, 0.991206314397104)",3,97.6537484334482,33793
"(0.8589064384650125, 0.9790755481078062)",1,97.65373575483422,33794
"(0.9398731501057084, 0.9766918866148322)",2,97.6537278796123,33796
"(0.5126865457302712, 0.988469358635942)",1,97.6537203018329,33797
"(0.5145696010475885, 0.9861310021084456)",1,97.65369703779832,33798
"(1.0, 1.0)",1,97.65365797270611,33799
"(0.9234894220441888, 0.9790972342015986)",1,97.65347180131116,33800
"(0.1808771236817465, 0.9981012669018314)",1,97.65340800586247,33801
"(0.7397465592662823, 0.999621402088958)",1,97.65335380482324,33802
"(0.5928342620051786, 0.9950429441987424)",3,97.65331449977474,33805
"(0.8552744708994707, 1.0)",1,97.6532156312292,33806
"(0.5147068703695182, 0.9912488373656227)",1,97.65310627723886,33807
"(0.9058747619658436, 0.9748802746905214)",1,97.65283834076516,33808
"(0.5111533646322378, 0.9988642062668746)",1,97.65253860551114,33809
"(0.974772367065274, 0.9958292603453894)",1,97.65242708925516,33810
"(0.9466127311522048, 0.991206314397104)",2,97.65239728430583,33812
"(0.9061764476533613, 0.979166518665308)",1,97.65215729340892,33813
"(0.885975826905705, 0.9861673414304992)",1,97.65210074593186,33814
"(0.7000013129045387, 0.9870601047071634)",1,97.65209625820395,33815
"(0.436582475645901, 0.9841202349151364)",1,97.65186742214406,33816
"(0.9958292603453894, 0.9958292603453894)",2,97.65181321832532,33818
"(0.9460547122074636, 0.9790755481078062)",1,97.65180323071714,33819
"(0.476767449342614, 0.9981012669018314)",1,97.6517614089558,33820
"(0.71150412917389, 0.998107010444791)",1,97.6517264222537,33821
"(0.8716153127917834, 0.9861673414304992)",1,97.65167125716316,33822
"(0.4508193203901878, 0.9949997811829872)",1,97.6515121807151,33823
"(0.1523541666666666, 0.9992416608232524)",1,97.65151133571176,33824
"(0.8596618357487924, 0.9861673414304992)",1,97.6514717125868,33825
"(0.4987711467817516, 0.9975000781372088)",1,97.65139077729174,33826
"(0.8491340807583629, 0.9861673414304992)",1,97.65130872023956,33827
"(0.5061994035863332, 0.9992424242424244)",1,97.65110465170696,33828
"(0.932201731346617, 0.9764666952752286)",1,97.65109476025656,33829
"(0.2634891538334161, 0.9962497362353954)",1,97.65108313691913,33830
"(0.5215858358413837, 1.0)",3,97.65106184326228,33833
"(0.9019292060258446, 0.9861673414304992)",2,97.65099298467528,33835
"(0.4468328406505846, 0.9861673414304992)",1,97.65077416190768,33836
"(0.5477955228250537, 0.9981012669018314)",1,97.65075122216496,33837
"(0.8716153127917834, 0.9861673414304992)",2,97.65049382987532,33839
"(0.9793747635794354, 0.9958292603453894)",2,97.65035235599724,33841
"(0.5169470317739897, 1.0)",1,97.6502884235518,33842
"(0.9164187516971112, 0.9748802746905214)",1,97.65024960233708,33843
"(0.9079075500409146, 0.9834113430318364)",1,97.65021385702428,33844
"(0.9058747619658436, 0.9791102677630192)",2,97.65009401324292,33846
"(0.419237903544084, 0.9931184132078772)",1,97.65008825865924,33847
"(0.9539751547184644, 0.9790972342015986)",1,97.65007812138543,33848
"(0.506032156862745, 0.9962501582231502)",1,97.64999233035093,33849
"(0.8388048698116161, 0.9861673414304992)",1,97.64979769808129,33850
"(0.9746854694957162, 0.9958292603453894)",1,97.64961800449748,33851
"(0.4722366884143547, 0.9962499238080056)",1,97.64952325054873,33852
"(0.8567210567210567, 0.9861673414304992)",1,97.64945734490747,33853
"(0.5028268474667493, 0.9900003125488358)",1,97.64934779739974,33854
"(0.4603282383880727, 0.9950001562744178)",1,97.6492900097979,33855
"(0.8416827657517105, 0.9861310021084456)",1,97.6492492578772,33856
"(0.4844841746794872, 0.991248180614378)",1,97.64919280043677,33857
"(0.9747838672665278, 1.0)",1,97.64898362719464,33858
"(0.8524016298728943, 0.9832462877624168)",1,97.6487404977585,33859
"(0.7997685185185185, 0.9861673414304992)",1,97.64870251581328,33860
"(0.940928587432546, 0.9790476832523552)",1,97.6486784429135,33861
"(0.4366033352371548, 0.9827697884091876)",1,97.64866332926472,33862
"(0.2821631448874142, 0.998107010444791)",1,97.64864805330323,33863
"(0.5066098655342575, 0.9900003125488358)",2,97.64862694491276,33865
"(0.6141682785299807, 0.98999899959984)",1,97.6485540534632,33866
"(0.589427845212159, 0.9937496776734352)",1,97.64852758538564,33867
"(0.5430875999065339, 0.9988642062668746)",1,97.6485251510578,33868
"(0.9582210352371644, 0.9958292603453894)",1,97.64847497969322,33869
"(0.3618298321342925, 0.9984817852901372)",1,97.64838977649664,33870
"(0.8733799478600891, 0.9790476832523552)",1,97.64832057580485,33871
"(0.9069146290816338, 0.9791102677630192)",1,97.64807836449135,33872
"(0.7780625367430922, 0.9861673414304992)",1,97.64785375570789,33873
"(0.9871616776282092, 0.9958292603453894)",1,97.64772539199944,33874
"(0.8194074731341813, 0.9861673414304992)",1,97.64762327655684,33875
"(0.8848000715856217, 0.9861673414304992)",1,97.64752922747984,33876
"(0.7000013129045387, 0.9870601047071634)",1,97.6474908587672,33877
"(0.7000013129045387, 0.9870601047071634)",1,97.64743735173134,33878
"(0.9790693693461476, 0.9958292603453894)",2,97.64735338373625,33880
"(0.9783434781537248, 0.9748802746905214)",1,97.64735096963462,33881
"(0.983545503234046, 0.9958292603453894)",1,97.64726760050854,33882
"(0.466284859744202, 0.9974998905914936)",1,97.64724146027726,33883
"(0.4933386447129642, 0.9950002500250024)",1,97.64716445925156,33884
"(0.8860455063826657, 0.9861673414304992)",1,97.64712988621132,33885
"(0.6154433311277057, 1.0)",1,97.64707292683622,33886
"(0.950297813353496, 0.9958292603453894)",1,97.64706447995717,33887
"(0.8279428904428904, 0.9870601047071634)",1,97.64685089102394,33888
"(0.9643944553313464, 0.9764666952752286)",1,97.64681590425462,33889
"(0.6020287404902789, 0.9872890642121412)",1,97.64663616576206,33890
"(0.8003813092161745, 0.9748802746905214)",1,97.64645916258864,33891
"(0.7323695788812067, 0.988167361639188)",1,97.64629061149526,33892
"(0.5548787272151094, 0.998107010444791)",1,97.64624782707826,33893
"(0.966586548597934, 0.9790755481078062)",1,97.6462218661255,33894
"(0.9643944553313464, 0.9764666952752286)",1,97.64621904652547,33895
"(0.6049854216218278, 1.0)",1,97.64610493938778,33896
"(0.4787519493971895, 0.9912488373656227)",1,97.64570488904326,33897
"(0.8024695068301698, 0.9780405330215434)",1,97.64570109314684,33898
"(0.9747838672665278, 1.0)",2,97.64567953842302,33900
"(0.7999088007295942, 0.988167361639188)",1,97.64551299617956,33901
"(0.8388048698116161, 0.9861673414304992)",1,97.64543535843372,33902
"(0.606993006993007, 1.0)",1,97.64541652393348,33903
"(0.9011810599946194, 0.9861673414304992)",1,97.64535198901642,33904
"(0.4845066627893052, 0.9958099132756668)",1,97.64524285093808,33905
"(0.436911946168762, 0.9946588541666668)",1,97.64488616813728,33906
"(0.6766917293233082, 0.9870601047071634)",3,97.6443767353926,33909
"(0.6430200463634697, 1.0)",1,97.64426107187538,33910
"(0.5004274455385378, 0.9975000781372088)",1,97.64423112145816,33911
"(0.966586548597934, 0.9748802746905214)",1,97.64409834397031,33912
"(0.9276343133138456, 0.9793915555359406)",1,97.64401038118068,33913
"(0.6154433311277057, 1.0)",1,97.6438227405643,33914
"(0.6736022307473716, 0.9861673414304992)",1,97.64363729608988,33915
"(0.7498057498057498, 0.9872890642121412)",2,97.64353039217886,33917
"(0.8478418336329888, 0.991206314397104)",1,97.6434879680281,33918
"(0.3222365390902591, 0.9992431829362568)",3,97.64346103678464,33921
"(0.9791544477028348, 0.9958292603453894)",1,97.64338210955512,33922
"(0.966586548597934, 0.9790476832523552)",2,97.64321087906224,33924
"(0.5353700689511449, 0.9984817852901372)",1,97.64316783028262,33925
"(0.5592924417056326, 1.0)",3,97.64316713723991,33928
"(0.7119388248146047, 1.0)",1,97.64309087190868,33929
"(0.7368760064412239, 0.9861673414304992)",1,97.6428915791073,33930
"(0.571770893512421, 0.9899996874511642)",1,97.64279868962144,33931
"(0.8193419055822156, 0.9861673414304992)",1,97.6427150029122,33932
"(0.8796475392220073, 1.0)",1,97.64270920435185,33933
"(0.5466837142306626, 0.9861673414304992)",2,97.64266864748711,33935
"(0.4826454099840705, 0.9912488373656227)",2,97.64249799399477,33937
"(0.9153439153439156, 0.9833229101521784)",1,97.64209842174824,33938
"(0.5562558356676003, 0.9861673414304992)",1,97.64208876764374,33939
"(0.5451899418331657, 0.9988642062668746)",1,97.64208727661232,33940
"(0.8622520112492773, 0.9748802746905214)",1,97.64200006703672,33941
"(0.9958292603453894, 0.9958292603453894)",1,97.64175964275192,33942
"(0.4611605493121345, 0.9987500214884376)",2,97.6416801619764,33944
"(0.8193928901539049, 0.9870601047071634)",1,97.6415595535914,33945
"(0.4775277477297871, 0.996575280197092)",1,97.6415533010902,33946
"(0.8193928901539049, 0.9870601047071634)",1,97.6414166081685,33947
"(0.5118812113070996, 0.9987499746026686)",1,97.64124829299844,33948
"(0.492807005588115, 0.9987499746026686)",1,97.64087896773376,33949
"(0.4407055363375315, 0.9962499238080056)",1,97.64082638644535,33950
"(0.8928598364786969, 0.9958292603453894)",1,97.64074507703052,33951
"(0.9460547122074636, 0.9790755481078062)",1,97.64072613771737,33952
"(0.4772368473497005, 0.9962497362353954)",2,97.64069735772924,33954
"(0.5004274455385378, 0.9962501582231502)",2,97.64064072558364,33956
"(0.4746453255640638, 0.981418212601928)",1,97.64060792738896,33957
"(0.8883678678403513, 0.9861673414304992)",1,97.6406020236772,33958
"(0.9876221896383188, 0.9958292603453894)",1,97.64058969166842,33959
"(0.5680245864444272, 0.9984817852901372)",1,97.64049869710615,33960
"(0.6870644599303137, 0.9861310021084456)",1,97.64036789035843,33961
"(0.900838851006521, 0.9790476832523552)",1,97.63997359444642,33962
"(0.6049854216218278, 1.0)",1,97.63975249564848,33963
"(0.502001702724359, 0.9975000781372088)",1,97.6396075220655,33964
"(0.8411857639615443, 0.9777027027027028)",1,97.6394806810016,33965
"(0.5012820344246796, 0.9900003125488358)",1,97.63943999831488,33966
"(0.7000013129045387, 0.9870601047071634)",1,97.6394324185122,33967
"(0.9833211143695014, 1.0)",1,97.63942488396218,33968
"(0.7907680396814234, 0.9787162089285796)",1,97.63940442610422,33969
"(0.6049474374542553, 0.9988642062668746)",1,97.63939137660208,33970
"(0.966586548597934, 0.9748802746905214)",1,97.6391016861403,33971
"(0.4976057427443008, 0.9975000781372088)",1,97.63898350526144,33972
"(0.5370179311865358, 1.0)",3,97.63888667942456,33975
"(0.6430200463634697, 1.0)",1,97.63888620820244,33976
"(0.9916585206907788, 0.9958292603453894)",1,97.63881360193687,33977
"(0.9699183291713004, 0.9958292603453894)",1,97.63873588905967,33978
"(0.9916339869281046, 0.9958292603453894)",2,97.63835396555696,33980
"(0.9873444118605408, 0.9958292603453894)",1,97.63833535088584,33981
"(0.9191824727471146, 0.9873891625615764)",1,97.638324539956,33982
"(0.5694024864713222, 1.0)",3,97.63831550880776,33985
"(0.9792773561037318, 1.0)",1,97.63826363283054,33986
"(0.6096321789112688, 1.0)",1,97.63818655451868,33987
"(0.9372650231764934, 0.983305541180304)",1,97.6381624014757,33988
"(0.4859888563049853, 0.9874987494998)",1,97.63725776247402,33989
"(0.9706491384432562, 0.9958292603453894)",1,97.63720790967254,33990
"(0.6141682785299807, 0.9875)",1,97.6370448995298,33991
"(0.8193928901539049, 0.9870601047071634)",1,97.63699171991378,33992
"(0.8902783631946863, 0.9861673414304992)",1,97.6369871983404,33993
"(0.6047607547714982, 1.0)",1,97.6369551533768,33994
"(0.5169470317739897, 1.0)",1,97.63685072513296,33995
"(0.5204993238647946, 0.9992416608232524)",1,97.63683124663083,33996
"(0.9276343133138456, 0.9790540349287944)",1,97.6364533644332,33997
"(0.5603718601578007, 1.0)",3,97.63640016995572,34000
"(0.6800130179603725, 1.0)",1,97.63633124350515,34001
"(0.9643944553313464, 0.9764666952752286)",1,97.63627765363547,34002
"(0.966586548597934, 0.983305541180304)",1,97.63620757051972,34003
"(0.8874191651969431, 0.9861673414304992)",2,97.63591218302388,34005
"(0.6031177317792814, 1.0)",1,97.63590634318216,34006
"(0.7780625367430922, 0.9861673414304992)",1,97.6359033454883,34007
"(0.9309821833269412, 0.9766918866148322)",1,97.63586295710624,34008
"(0.433281060850566, 0.9988619159967322)",3,97.6355955887187,34011
"(0.8880984643179766, 1.0)",1,97.63547044015856,34012
"(0.5823216767679061, 0.9837506856336506)",1,97.6354388497049,34013
"(0.5952874206793579, 1.0)",1,97.63543694068572,34014
"(0.7000013129045387, 0.9870601047071634)",1,97.6350784106292,34015
"(0.418728666447884, 0.9962499238080056)",1,97.63506871983569,34016
"(0.5169664781532898, 0.9912488373656227)",1,97.63487506622992,34017
"(0.5103469782909699, 0.9912488373656227)",3,97.63452863065486,34020
"(0.9372650231764934, 0.9832462877624168)",1,97.63452304583387,34021
"(0.975195619792394, 0.9958292603453894)",1,97.6343611540611,34022
"(0.4525211933060535, 0.9988619159967322)",1,97.63432845656244,34023
"(0.8586125966511082, 0.9783782599248878)",1,97.63424715938444,34024
"(0.8491340807583629, 0.9861673414304992)",1,97.63416645011104,34025
"(0.9098759089802734, 0.9790755481078062)",1,97.63411240689064,34026
"(0.7855494505494506, 0.9870601047071634)",1,97.6340806805559,34027
"(0.8409376195417385, 0.9861673414304992)",1,97.63406811675272,34028
"(0.5778206440811193, 1.0)",1,97.63396708559937,34029
"(0.664091471262014, 1.0)",1,97.63372157328683,34030
"(0.8584175084175085, 0.9861673414304992)",1,97.63341006344535,34031
"(0.8976982097186702, 0.9833229101521784)",1,97.63333894427645,34032
"(0.4772368473497005, 0.9962497362353954)",1,97.63333541457578,34033
"(0.9756244289830628, 0.9958292603453894)",1,97.63319375613187,34034
"(0.4567442396313363, 0.9987499746026686)",1,97.63285541768384,34035
"(0.9418479305417444, 0.9766918866148322)",1,97.63259253145304,34036
"(0.5166972147349506, 1.0)",3,97.63251411955984,34039
"(0.6759040330903159, 1.0)",3,97.6322970074897,34042
"(0.6384521701955596, 0.991206314397104)",3,97.63201791291256,34045
"(0.5315938119639068, 1.0)",1,97.63201728847656,34046
"(0.5153209052589321, 0.9974998905914936)",3,97.63196871205729,34049
"(0.4621671984517209, 0.9987499746026686)",3,97.6319250798656,34052
"(0.5999697010533882, 1.0)",3,97.63177394249549,34055
"(0.5553137530257395, 1.0)",3,97.6317669732607,34058
"(0.8891825109620656, 0.9777026416251218)",2,97.63170473373296,34060
"(0.8751897860593512, 0.9861673414304992)",1,97.63163529513102,34061
"(0.7350777099102015, 1.0)",1,97.6316046902979,34062
"(0.4532564083081243, 0.98249824929972)",1,97.631579261738,34063
"(0.7772049591964847, 0.9861673414304992)",1,97.63156331412073,34064
"(0.6813936996863826, 0.9861673414304992)",1,97.631552985317,34065
"(0.4611605493121345, 0.9987499746026686)",1,97.631504214707,34066
"(0.9230468061350414, 0.9832184229069656)",1,97.6313294895653,34067
"(0.94291309888229, 0.991206314397104)",2,97.63126258180873,34069
"(0.4830440999894311, 0.9996210215628012)",3,97.6312468245315,34072
"(0.8947046219773493, 0.9766918866148322)",2,97.6311821496109,34074
"(0.4804731351668838, 0.986249032863116)",1,97.63117076599949,34075
"(0.5347926731078905, 0.998107010444791)",1,97.63103794920002,34076
"(0.5009421228446381, 0.995)",1,97.63091079208306,34077
"(0.9418479305417444, 0.9766918866148322)",1,97.63086804624474,34078
"(0.5286751006005854, 0.9977203590215908)",1,97.63084853626174,34079
"(0.5292931359082562, 1.0)",1,97.63066996209967,34080
"(0.4976057427443008, 0.9950002500250024)",1,97.6306246252571,34081
"(0.5221840311996069, 1.0)",1,97.6305880754138,34082
"(0.9916585206907788, 0.9958292603453894)",1,97.63031938077364,34083
"(0.5009421228446381, 0.9962497362353954)",2,97.63018131445524,34085
"(0.9833040078201368, 0.9958292603453894)",1,97.6300042882139,34086
"(0.9621616286938868, 0.9958292603453894)",1,97.62982389203496,34087
"(0.3823454664699131, 1.0)",1,97.62981296226744,34088
"(0.900983347688774, 0.9861673414304992)",1,97.62980285661006,34089
"(0.7000013129045387, 0.9870601047071634)",1,97.6294605703872,34090
"(0.2463156555806346, 0.9984863658725142)",1,97.62945828196683,34091
"(0.8593554593554595, 0.9861673414304992)",1,97.629326087369,34092
"(0.9297326845255915, 0.979166518665308)",1,97.62925851451496,34093
"(0.4530386103743641, 0.9962499238080056)",1,97.62920866301867,34094
"(0.7855494505494506, 0.9870601047071634)",1,97.62915772034762,34095
"(0.4650595238095238, 0.99)",1,97.62911047117032,34096
"(0.7134615384615385, 0.9870601047071634)",2,97.62907865887075,34098
"(0.7823116219667945, 0.9861673414304992)",1,97.62907071951209,34099
"(0.7401844059863599, 0.9861673414304992)",1,97.6287899767323,34100
"(0.3984101488896291, 0.9984817852901372)",1,97.62875170067328,34101
"(0.664091471262014, 1.0)",3,97.6287236817255,34104
"(0.4460735930735931, 0.9912503691873502)",1,97.6285286453952,34105
"(0.9793747635794354, 0.9958292603453894)",1,97.62848491329522,34106
"(0.9476043407479208, 1.0)",1,97.62823073684469,34107
"(0.6786000457875457, 0.9870601047071634)",1,97.62820706655224,34108
"(0.5989995627127022, 0.9887494198121832)",1,97.62816240756386,34109
"(0.5204993238647946, 1.0)",1,97.6280544182562,34110
"(0.4826454099840705, 0.9912488373656227)",1,97.627932664029,34111
"(0.5389525353004732, 1.0)",2,97.62746763486362,34113
"(0.9280317595086728, 0.9958292603453894)",1,97.62742228326606,34114
"(0.7350777099102015, 1.0)",1,97.627407091597,34115
"(0.5370743366666813, 1.0)",3,97.62737842167012,34118
"(0.4976057427443008, 0.9950002500250024)",2,97.62721345702624,34120
"(0.6025384620441595, 1.0)",1,97.62711147315603,34121
"(0.5973423423423424, 0.9987499746026686)",1,97.62688749499536,34122
"(0.6650297619047618, 0.9861310021084456)",1,97.62673189582532,34123
"(0.932201731346617, 0.9764666952752286)",1,97.62669907104328,34124
"(0.8874191651969431, 0.9861673414304992)",1,97.6266346629972,34125
"(0.8865237997241394, 0.9790476832523552)",1,97.62663387045284,34126
"(0.6142380146189402, 1.0)",1,97.62660920075338,34127
"(0.5346702987058592, 1.0)",3,97.62660557729436,34130
"(0.4946461141636722, 0.9887504746694504)",1,97.62648735456852,34131
"(0.7942038054814895, 0.9861673414304992)",1,97.62640575654086,34132
"(0.9059042300766844, 0.9766918866148322)",1,97.62634137609986,34133
"(0.5370179311865358, 1.0)",1,97.62621908780554,34134
"(0.4468328406505846, 0.9861673414304992)",2,97.62615622232528,34136
"(0.7250237826596757, 0.9870601047071634)",1,97.6260563472402,34137
"(0.7513013302486987, 0.9870601047071634)",1,97.6259828619408,34138
"(0.9916625936787228, 0.9958292603453894)",1,97.6259162326212,34139
"(0.9539751547184644, 0.9748524098350704)",1,97.6258936700277,34140
"(0.8587708587708588, 0.9870601047071634)",1,97.62585755887096,34141
"(0.8316498316498316, 0.9833229101521784)",1,97.62585257412914,34142
"(0.5430891625993728, 0.9925)",1,97.6258509978722,34143
"(0.620130835563485, 0.991206314397104)",1,97.62582329980404,34144
"(0.8920217788143652, 0.9790476832523552)",1,97.62568787357792,34145
"(0.4746453255640638, 0.985134320621992)",1,97.62568064733364,34146
"(0.9744745723240348, 0.9958292603453894)",1,97.62562081995614,34147
"(0.6747507742934573, 0.986081059422206)",1,97.62558732279057,34148
"(0.5260227547809246, 1.0)",3,97.6254659810927,34151
"(0.5056778729738882, 0.9974998905914936)",2,97.6252931419518,34153
"(0.9309821833269412, 0.9766918866148322)",1,97.62526759184304,34154
"(0.9309821833269412, 0.9766918866148322)",1,97.62522668615551,34155
"(0.9748076591340348, 1.0)",1,97.62521241389028,34156
"(0.7977749180480272, 0.9861673414304992)",1,97.62515896959071,34157
"(0.5176279025155472, 1.0)",1,97.62514008878888,34158
"(0.9041196741854636, 0.991206314397104)",1,97.62513318512556,34159
"(0.4423707251851418, 0.9861310021084456)",1,97.625129392007,34160
"(0.5056778729738882, 0.9962497362353954)",1,97.6247112712756,34161
"(0.4553345256344744, 0.9987499746026686)",1,97.62461762826784,34162
"(0.7000013129045387, 0.9870601047071634)",1,97.62460426933434,34163
"(0.7780625367430922, 0.9861673414304992)",1,97.62445338786166,34164
"(0.8051131865246951, 0.9861310021084456)",1,97.6242073334484,34165
"(0.8883678678403513, 0.9861673414304992)",1,97.62409629435824,34166
"(0.8388048698116161, 0.9861673414304992)",1,97.62407788294452,34167
"(0.5113955160358922, 1.0)",1,97.62402656952304,34168
"(0.5521709560790242, 1.0)",1,97.62398173606988,34169
"(0.9835199925522506, 0.9958292603453894)",1,97.62391522920896,34170
"(0.8491340807583629, 0.9861673414304992)",1,97.62386273874992,34171
"(0.6315992319172109, 1.0)",3,97.62333807379508,34174
"(0.5668351162239414, 0.9984848484848484)",1,97.6232062327838,34175
"(0.5824792033805166, 0.9874987494998)",1,97.623054759844,34176
"(0.8716153127917834, 0.9861673414304992)",1,97.6230004168556,34177
"(0.5521709560790242, 1.0)",3,97.6229167211775,34180
"(0.5119662237091893, 0.9984817852901372)",1,97.6229084248572,34181
"(0.8491340807583629, 0.9861673414304992)",1,97.62289400606748,34182
"(0.987491854024112, 0.9958292603453894)",2,97.6228676556594,34184
"(0.8716153127917834, 0.9861673414304992)",1,97.62283231269814,34185
"(0.8039926069480333, 0.9861673414304992)",1,97.62280021733991,34186
"(0.813515418166581, 0.988167361639188)",1,97.62266779605052,34187
"(0.5004274455385378, 0.9962501582231502)",2,97.6226541161975,34189
"(0.9262130464282252, 0.991206314397104)",2,97.62257092912532,34191
"(0.9535144014828052, 0.9786694888904832)",1,97.62253870782736,34192
"(0.502001702724359, 0.9975000781372088)",1,97.6224521845339,34193
"(0.9539751547184644, 0.9790755481078062)",1,97.6223744909488,34194
"(0.786508365740383, 0.976761412575366)",1,97.62220194692732,34195
"(0.5592924417056326, 1.0)",1,97.62208423855655,34196
"(0.5477955228250537, 1.0)",3,97.6219291044733,34199
"(0.4363355778830426, 0.9987499746026686)",1,97.62185281239933,34200
"(0.8110682791635173, 0.9861673414304992)",1,97.6218118256922,34201
"(0.6560520437793165, 0.9992431829362568)",1,97.62179718713531,34202
"(0.519281985185043, 0.9981012669018314)",1,97.62172572893176,34203
"(0.8344065656565657, 0.9861673414304992)",1,97.62166820728982,34204
"(0.97934925289764, 0.9958292603453894)",2,97.62161857166,34206
"(0.902012682657844, 0.9958292603453894)",1,97.62159652043866,34207
"(0.8426040866925729, 0.979054054054054)",1,97.6215824858534,34208
"(0.4497336854186499, 0.9981012669018314)",3,97.62148507680448,34211
"(0.9154520780570968, 0.9791102677630192)",2,97.62132609229806,34213
"(0.5321723486270682, 0.986247140965451)",1,97.6213129698948,34214
"(0.8358530587380517, 0.9832925076188832)",1,97.62119248310846,34215
"(0.3974337753332183, 0.9931328125)",1,97.62108736639972,34216
"(0.9310483384791604, 0.9861673414304992)",1,97.6207095900122,34217
"(0.974833726256876, 0.9958292603453894)",1,97.62067819420548,34218
"(0.94484126984127, 0.9861673414304992)",1,97.62064618993132,34219
"(0.4775277477297871, 0.9969635705802744)",1,97.6205446037644,34220
"(0.502001702724359, 0.9975000781372088)",1,97.62039251667544,34221
"(0.9398731501057084, 0.9766918866148322)",1,97.62012263467516,34222
"(0.8656595443322052, 0.978377292499192)",2,97.62000468795355,34224
"(0.8947046219773493, 0.9766918866148322)",1,97.61973467400544,34225
"(0.7942038054814895, 0.9861673414304992)",1,97.61962839087349,34226
"(0.8279428904428904, 0.9870601047071634)",1,97.61951419908098,34227
"(0.7580266955266955, 0.9861673414304992)",1,97.61941133484537,34228
"(0.484646846010113, 0.9974998905914936)",1,97.61913981569366,34229
"(0.5074605502024857, 1.0)",3,97.61900848023532,34232
"(0.4896359390280644, 0.9974998905914936)",1,97.6189743562964,34233
"(0.9830687830687832, 0.9958292603453894)",1,97.61896446832615,34234
"(0.5839682329833044, 0.9950001562744178)",1,97.61886317931744,34235
"(0.3584486416678197, 0.9977203590215908)",1,97.61886180906188,34236
"(0.9017715617715616, 0.9861673414304992)",1,97.61881297917158,34237
"(0.4987711467817516, 0.9975000781372088)",1,97.61875302104792,34238
"(0.8148308968977662, 0.9861673414304992)",1,97.61868845998892,34239
"(0.5958939347843234, 0.99)",1,97.61868807779916,34240
"(0.4611605493121345, 0.9962499238080056)",1,97.61868627822687,34241
"(0.92132700797001, 0.9790476832523552)",1,97.61857823958242,34242
"(0.9418479305417444, 0.9766918866148322)",1,97.61856876476855,34243
"(0.3944271295930922, 0.9984817852901372)",1,97.61830309761524,34244
"(0.4590791029805835, 0.9975)",1,97.61806642074392,34245
"(0.991777356103732, 0.9958292603453894)",1,97.61781124399286,34246
"(0.8753086419753084, 0.9861310021084456)",1,97.61778296166308,34247
"(0.9280459216361852, 0.9958292603453894)",1,97.61749497768496,34248
"(0.8491340807583629, 0.9861673414304992)",1,97.61727190308346,34249
"(0.5222068099340543, 0.9988642062668746)",1,97.6171368206734,34250
"(0.9833251873574456, 0.9958292603453894)",1,97.61713403401698,34251
"(0.9269606362629618, 0.9766918866148322)",1,97.61700560788768,34252
"(0.4772368473497005, 0.9962497362353954)",1,97.616909287,34253
"(0.5032117384111402, 0.9862497206293536)",1,97.61646236237904,34254
"(0.5643457045368262, 0.9984817852901372)",1,97.61646171231482,34255
"(0.6364654667574965, 0.9812496190400276)",1,97.6163969535328,34256
"(0.846098299557419, 0.9861673414304992)",1,97.616340262819,34257
"(0.9916625936787228, 0.9958292603453894)",2,97.616302130344,34259
"(0.4955558486584263, 0.9987499746026686)",1,97.61625471067438,34260
"(0.9230468061350414, 0.987463247273494)",1,97.61620463903104,34261
"(0.9162596992611264, 0.9861673414304992)",1,97.61615265915256,34262
"(0.5928342620051786, 1.0)",1,97.61601412959529,34263
"(0.2710113076866549, 0.9988619159967322)",3,97.6159977139958,34266
"(0.865581803207783, 0.991206314397104)",2,97.6158408436523,34268
"(0.2869390650039579, 0.9984863658725142)",1,97.61554786302356,34269
"(0.3618298321342925, 0.9988619159967322)",3,97.6154614150298,34272
"(0.9369138996969484, 0.9958292603453894)",1,97.61530762685597,34273
"(0.920238255356524, 0.979166518665308)",1,97.61522380051537,34274
"(0.9791544477028348, 0.9958292603453894)",2,97.61521664948516,34276
"(0.5956346925351994, 1.0)",1,97.61517835444408,34277
"(0.7261814100818125, 1.0)",1,97.61515425467816,34278
"(0.492807005588115, 0.9975)",1,97.6151323671548,34279
"(0.3941579628653293, 1.0)",1,97.61509778523708,34280
"(0.4847252958987063, 0.9975)",1,97.61492300220362,34281
"(0.7342711301044634, 0.9870601047071634)",1,97.61464170047888,34282
"(0.7168719671519223, 0.991206314397104)",1,97.61447646652542,34283
"(0.9058747619658436, 0.9832184229069656)",1,97.61398718036588,34284
"(0.9374843410636878, 0.979166518665308)",1,97.61382454044252,34285
"(0.5353461588384578, 0.998107010444791)",1,97.61378970854705,34286
"(0.5073536286909905, 0.9984817852901372)",1,97.61376356963954,34287
"(0.9184901612842788, 0.9748802746905214)",1,97.6137449695816,34288
"(0.5849536348181821, 1.0)",3,97.61373438391156,34291
"(0.8318290279074593, 0.9861673414304992)",1,97.61372815639498,34292
"(0.9223799456357596, 0.9764666952752286)",1,97.6135958016269,34293
"(0.477671768371638, 0.9981012669018314)",1,97.61341191285102,34294
"(0.8736897274633123, 0.986081059422206)",1,97.61309031916282,34295
"(0.9833229101521784, 0.9833229101521784)",1,97.61302474420812,34296
"(0.5318703819174632, 0.998107010444791)",1,97.61283976250388,34297
"(0.4403449749235543, 1.0)",1,97.61279279358264,34298
"(0.8835857110930401, 0.9764666952752286)",1,97.61253080381516,34299
"(0.9665831244778612, 0.9833229101521784)",1,97.6124160037861,34300
"(0.9833040078201368, 0.9958292603453894)",2,97.61240361787286,34302
"(0.4879844209168711, 0.9831065113831772)",1,97.61236686370005,34303
"(0.7580266955266955, 0.9861673414304992)",1,97.61221379748388,34304
"(0.4851912943871705, 0.9912501504190636)",1,97.6120340234628,34305
"(0.8884797556713653, 0.9748802746905214)",1,97.61192226675014,34306
"(0.4776542240827955, 1.0)",1,97.61191251439053,34307
"(0.3823454664699131, 1.0)",3,97.61174828226912,34310
"(0.9705906996229576, 0.9958292603453894)",1,97.61155922246108,34311
"(0.933096859926128, 0.9833229101521784)",1,97.61141501288876,34312
"(0.934065934065934, 0.9833229101521784)",1,97.61136492310632,34313
"(0.4790513120764785, 0.9974998905914936)",1,97.61116435797403,34314
"(0.9792406033772258, 0.9958292603453894)",1,97.61110167453708,34315
"(0.8817475948844137, 0.979166518665308)",1,97.61106613805484,34316
"(0.4937776876667119, 0.9962497362353954)",1,97.61093497714609,34317
"(0.4205819197458105, 0.9912488373656227)",1,97.61080307497076,34318
"(0.5562558356676003, 0.9861673414304992)",2,97.61079403257366,34320
"(0.9253213924599162, 0.9764666952752286)",1,97.61068452228044,34321
"(0.7371074312749817, 0.9870601047071634)",1,97.6106601605468,34322
"(0.8315416458960965, 0.988167361639188)",1,97.6106513459341,34323
"(0.634045584045584, 0.9870601047071634)",1,97.61051964415876,34324
"(0.3434871832287562, 0.9975000781372088)",1,97.61042324838849,34325
"(0.8016677935542034, 0.9833229101521784)",1,97.61037624143496,34326
"(0.9502288074111276, 0.9786694888904832)",1,97.61034588821605,34327
"(0.8701068324360797, 0.9763513513513512)",1,97.61028986414846,34328
"(0.9916585206907788, 0.9958292603453894)",1,97.6102348406854,34329
"(0.1036822132246005, 0.9981012669018314)",1,97.60971404753924,34330
"(0.9516794286955578, 0.9958292603453894)",1,97.60965908773709,34331
"(0.6583271386230533, 0.986247140965451)",1,97.60964237104642,34332
"(0.3434871832287562, 0.9962501582231502)",1,97.60963197176656,34333
"(0.7176897176897177, 1.0)",3,97.60956618441146,34336
"(0.9033101988083369, 0.9790972342015986)",1,97.60955969459008,34337
"(0.4489727317392728, 0.9912488373656227)",1,97.60952608654505,34338
"(0.7000013129045387, 0.9870601047071634)",1,97.60935541656804,34339
"(0.9253213924599162, 0.9764666952752286)",1,97.60913339672484,34340
"(0.8589064384650125, 0.9748802746905214)",1,97.60909287615868,34341
"(0.9253213924599162, 0.9764666952752286)",1,97.60908868519569,34342
"(0.9788283442948758, 0.9958292603453894)",2,97.60901542056116,34344
"(0.8814814814814814, 1.0)",1,97.60897641827874,34345
"(0.6211534794826514, 1.0)",1,97.6089078433114,34346
"(0.7377975062704127, 0.9870601047071634)",1,97.60884581135984,34347
"(0.8589064384650125, 0.9832462877624168)",1,97.6087572057091,34348
"(0.5306450880554778, 0.9938894536653996)",3,97.60870160719494,34351
"(0.4468328406505846, 0.9861673414304992)",1,97.60867409525784,34352
"(0.7376124238869338, 0.9870601047071634)",3,97.60854129444648,34355
"(0.5951711142105386, 1.0)",1,97.60847880218932,34356
"(0.7977749180480272, 0.9861673414304992)",1,97.60847358797922,34357
"(0.6576105142655866, 1.0)",3,97.6084285853809,34360
"(0.4423707251851418, 0.9861310021084456)",1,97.60842659186356,34361
"(0.8146183925150791, 0.9870601047071634)",1,97.60833303866004,34362
"(0.9791348015256934, 0.9958292603453894)",1,97.60832816167542,34363
"(0.9674564520532262, 0.9958292603453894)",1,97.60826640352172,34364
"(0.4736801046915894, 0.9874987494998)",1,97.60814459866393,34365
"(0.9111482937118004, 0.976351329758346)",1,97.60807929858944,34366
"(0.9831777451938742, 0.9958292603453894)",1,97.60806789190109,34367
"(0.7492637423027605, 0.9870601047071634)",2,97.6079558677528,34369
"(0.865581803207783, 0.991206314397104)",1,97.60787330320056,34370
"(0.9223799456357596, 0.9764666952752286)",1,97.60786439292993,34371
"(0.4571140259616066, 0.9962497362353954)",2,97.60774604139276,34373
"(0.6022961136704902, 0.9981012669018314)",1,97.60769365348038,34374
"(0.5204993238647946, 1.0)",3,97.60757238121032,34377
"(0.4606973696770164, 0.9962501582231502)",1,97.60729800751407,34378
"(0.7999088007295942, 0.988167361639188)",1,97.60707707219709,34379
"(0.5716060913523577, 1.0)",1,97.60703942172368,34380
"(0.9831777451938742, 0.9958292603453894)",2,97.60674379162278,34382
"(0.901028965681318, 0.9764666952752286)",1,97.60667133528791,34383
"(0.4614606379865379, 0.9899983116452704)",1,97.60634590959832,34384
"(0.6326954876802936, 0.9861673414304992)",1,97.6063339117276,34385
"(0.930124456440246, 0.9861673414304992)",1,97.60611916321923,34386
"(0.5135615168591435, 1.0)",1,97.60608731245247,34387
"(0.4585384595277654, 0.9912488373656227)",2,97.60607820530008,34389
"(0.9502288074111276, 0.9786694888904832)",3,97.60582545960683,34392
"(0.6611718926579557, 0.9861310021084456)",1,97.60551753734732,34393
"(0.5452310701354139, 0.9984817852901372)",1,97.6053745611811,34394
"(0.9835199925522506, 0.9958292603453894)",1,97.60530954189602,34395
"(0.700227926478475, 0.9861310021084456)",1,97.60526222228064,34396
"(0.9615232921668722, 0.9748802746905214)",1,97.60514303552966,34397
"(0.8085259100433108, 0.9861673414304992)",1,97.60499454500172,34398
"(0.6324707692241994, 0.9861673414304992)",1,97.60496230411366,34399
"(0.5235735740769297, 0.9992431829362568)",1,97.60488507469368,34400
"(0.8152898027898028, 0.9861673414304992)",1,97.60482643226275,34401
"(0.9665755481078062, 1.0)",1,97.60446814132948,34402
"(0.8879608405415911, 0.9766918866148322)",1,97.60427333212924,34403
"(0.9832965806068272, 1.0)",1,97.6041346573448,34404
"(0.9057330122004186, 0.991206314397104)",2,97.60392120235277,34406
"(0.6281749655085914, 0.9950001562744178)",1,97.60382020687116,34407
"(0.9832965806068272, 0.9958292603453894)",1,97.6037917938943,34408
"(0.837707400507675, 1.0)",1,97.60352571552056,34409
"(0.9230468061350414, 0.9790476832523552)",1,97.6034368123254,34410
"(0.8976982097186702, 1.0)",1,97.60332591534636,34411
"(0.9276343133138456, 0.9777026823435832)",1,97.60327813105395,34412
"(0.5049504801920769, 0.9837496699213591)",1,97.60324027248342,34413
"(0.7374768177381903, 0.991206314397104)",1,97.60319697151712,34414
"(0.8431623931623932, 0.9870601047071634)",1,97.6031369322173,34415
"(0.9234894220441888, 0.9790755481078062)",1,97.60305296672216,34416
"(0.9643944553313464, 0.9764666952752286)",1,97.60257628553978,34417
"(0.9502288074111276, 0.9786694888904832)",3,97.60246621000002,34420
"(0.4865876628104142, 1.0)",6,97.60241364074778,34426
"(0.7275593800322061, 0.9861673414304992)",1,97.60233832972902,34427
"(0.9643944553313464, 0.9764666952752286)",1,97.60228739391178,34428
"(0.6004570202950361, 0.9950001562744178)",1,97.60225836771568,34429
"(0.9793622864590606, 0.9958292603453894)",1,97.60225175647594,34430
"(0.9172008547008548, 0.9861673414304992)",1,97.60213608668263,34431
"(0.4614606379865379, 0.9912488373656227)",1,97.60211614687744,34432
"(0.507482960719107, 0.9987499746026686)",2,97.60208209210064,34434
"(0.9609357631051972, 0.9786694888904832)",1,97.60202147926296,34435
"(0.983545503234046, 1.0)",1,97.60195405179314,34436
"(0.9958292603453894, 0.9958292603453894)",1,97.60173899006804,34437
"(0.7306729085863257, 0.9946588541666668)",3,97.60171002881364,34440
"(0.7997685185185185, 0.9861673414304992)",1,97.6007987562829,34441
"(0.4468328406505846, 0.9861673414304992)",1,97.60042155353706,34442
"(0.8796475392220073, 0.9833229101521784)",1,97.60012620089026,34443
"(0.9643944553313464, 0.9764666952752286)",1,97.60004726482792,34444
"(0.4724538701233134, 0.9962501582231502)",1,97.60003263293144,34445
"(0.9153439153439156, 0.9833229101521784)",1,97.59995243115505,34446
"(0.440594458995568, 0.9975000781372088)",1,97.59983313558604,34447
"(0.8733799478600891, 0.9790476832523552)",1,97.59967915561876,34448
"(0.8003813092161745, 0.9790755481078062)",1,97.59946843036708,34449
"(0.9538370349708868, 0.9764666952752286)",1,97.59917083865416,34450
"(0.4012260196502799, 0.9981012669018314)",1,97.59902755755115,34451
"(0.8579868984630887, 0.9861673414304992)",1,97.59896901777056,34452
"(0.650138830416391, 1.0)",1,97.5988900721698,34453
"(0.8813457860512559, 0.9790755481078062)",1,97.59877341748928,34454
"(0.8596618357487924, 0.9861673414304992)",1,97.5985706835386,34455
"(0.7580266955266955, 0.9861673414304992)",1,97.59846842601472,34456
"(0.50760582010582, 0.9861673414304992)",1,97.5984062819073,34457
"(0.4015189621923474, 0.9834445002306742)",1,97.59824774756515,34458
"(0.3729832026666541, 0.9827694264931702)",1,97.59815859453734,34459
"(0.6418116964826663, 0.9962497362353954)",1,97.59794969727189,34460
"(0.5477955228250537, 1.0)",1,97.59793779921922,34461
"(0.8044914258149553, 0.9861310021084456)",1,97.59791252342194,34462
"(0.8552744708994707, 0.9861673414304992)",1,97.5978814943679,34463
"(0.9309821833269412, 0.9766918866148322)",2,97.59787491699656,34465
"(0.8596618357487924, 0.9861673414304992)",1,97.59775613081445,34466
"(0.2591774672459652, 0.9992416608232524)",3,97.59773411578288,34469
"(0.8733799478600891, 0.9790476832523552)",1,97.5974977135759,34470
"(0.5491553142067925, 0.9824956222639148)",1,97.59690967951984,34471
"(0.8218185392856778, 0.9861673414304992)",1,97.59687252562628,34472
"(0.927082576248316, 0.979166518665308)",1,97.59682381970887,34473
"(0.6040339402207299, 1.0)",1,97.59670508573416,34474
"(0.9253213924599162, 0.9764666952752286)",1,97.5965640419872,34475
"(1.0, 1.0)",1,97.59645043788268,34476
"(0.5147795224342026, 1.0)",1,97.596445887792,34477
"(0.9916585206907788, 0.9958292603453894)",2,97.59641774473576,34479
"(0.493185354223825, 1.0)",2,97.59618204246422,34481
"(0.8883678678403513, 0.9861673414304992)",1,97.5961760673363,34482
"(0.4168399821364511, 0.9912488373656227)",3,97.59605213063162,34485
"(0.9705906996229576, 0.9958292603453894)",2,97.59589689774305,34487
"(0.9503122778456484, 0.979166518665308)",1,97.59589210797309,34488
"(0.9110813074094206, 0.9764666952752286)",1,97.59573913128492,34489
"(0.8884797556713653, 0.9790755481078062)",1,97.59571655331624,34490
"(0.4847252958987063, 0.9987499746026686)",1,97.59570330540367,34491
"(0.8358530587380517, 0.9790476832523552)",1,97.59543278885056,34492
"(0.5208957469413343, 0.9981012669018314)",1,97.59541271106262,34493
"(0.5172164351851852, 0.9984817852901372)",1,97.59541119231156,34494
"(0.7377975062704127, 0.9872890642121412)",1,97.59534337091112,34495
"(0.9792406033772258, 0.9958292603453894)",1,97.59528978409492,34496
"(0.5562558356676003, 0.9861673414304992)",1,97.59525050821398,34497
"(0.861111111111111, 0.9833229101521784)",1,97.59504767879794,34498
"(0.4407055363375315, 0.9962497362353954)",1,97.59485030829876,34499
"(0.5896957700576321, 0.9981012669018314)",1,97.5948352708486,34500
"(0.8151249335459861, 1.0)",1,97.59479409973017,34501
"(0.5199025857487102, 1.0)",1,97.59458874891352,34502
"(0.8085259100433108, 0.9861673414304992)",1,97.59457051594936,34503
"(0.979051756240299, 1.0)",1,97.59445406375887,34504
"(0.8110682791635173, 0.9861673414304992)",1,97.5942397718209,34505
"(0.8579868984630887, 0.9861673414304992)",1,97.5941533638259,34506
"(0.6435039149365576, 1.0)",1,97.59411092260822,34507
"(0.8381537928082643, 0.9790755481078062)",1,97.5940432966567,34508
"(0.9110813074094206, 0.9764666952752286)",2,97.59402695382808,34510
"(0.502001702724359, 0.9962501582231502)",1,97.59399482152504,34511
"(0.8937718863178524, 0.9790476832523552)",1,97.59385816471708,34512
"(0.9460547122074636, 0.9790755481078062)",2,97.593451912054,34514
"(0.3930894945067609, 0.9950001562744178)",1,97.59343238448074,34515
"(0.7168719671519223, 0.991206314397104)",1,97.59324546740469,34516
"(0.3929204539802519, 0.9904270760994376)",1,97.59307967265836,34517
"(0.8656595443322052, 0.9790540349287944)",1,97.59307668775789,34518
"(0.8589064384650125, 0.9748802746905214)",1,97.59298108931478,34519
"(0.5405172403210167, 0.9988642062668746)",1,97.5928223248318,34520
"(0.7516483516483518, 0.9861673414304992)",1,97.59281860473008,34521
"(0.9744745723240348, 0.9958292603453894)",1,97.5927387961933,34522
"(0.4921211569947243, 0.9975000781372088)",1,97.59260000845156,34523
"(0.4896359390280644, 0.9962497362353954)",2,97.59239661103084,34525
"(0.9582210352371644, 0.9958292603453894)",2,97.59230617425432,34527
"(0.9791585206907788, 0.9958292603453894)",1,97.5919853437491,34528
"(0.7045138786538933, 0.998107010444791)",1,97.59194356175412,34529
"(0.932201731346617, 0.9764666952752286)",1,97.59190866302778,34530
"(0.932201731346617, 0.9764666952752286)",1,97.5919074019002,34531
"(0.846224760385985, 0.9790540349287944)",1,97.59171043681312,34532
"(0.5169664781532898, 0.9912488373656227)",1,97.59157974021794,34533
"(0.6825396825396824, 0.9833229101521784)",1,97.59153149229522,34534
"(0.8128971639097002, 0.9870601047071634)",1,97.59138088898108,34535
"(0.933096859926128, 0.9833229101521784)",1,97.59114255657892,34536
"(0.6238255567452281, 0.9870601047071634)",1,97.59102047175833,34537
"(0.932201731346617, 0.9764666952752286)",2,97.59094551440968,34539
"(0.2520817505905556, 0.9900175419960736)",1,97.59091583567177,34540
"(0.6800130179603725, 1.0)",3,97.59086995489533,34543
"(0.9833040078201368, 0.9958292603453894)",1,97.59066456545,34544
"(0.6810552190549457, 0.998107010444791)",1,97.59056587051344,34545
"(0.8656595443322052, 0.975675542415073)",1,97.59028706252424,34546
"(0.5070372093557577, 0.9861310021084456)",1,97.59023342392268,34547
"(0.4571140259616066, 0.9974998905914936)",1,97.59016858574128,34548
"(0.3860590631364562, 0.9984817852901372)",1,97.5900000314651,34549
"(0.4724538701233134, 0.9975000781372088)",1,97.58990989047066,34550
"(0.9460547122074636, 0.9832462877624168)",1,97.58990686831731,34551
"(0.932201731346617, 0.9764666952752286)",1,97.58988926578184,34552
"(0.979051756240299, 0.9958292603453894)",1,97.58960815378164,34553
"(0.4755355605353038, 0.9969573675011548)",1,97.58931094527236,34554
"(0.7275593800322061, 0.9861673414304992)",1,97.58923100578238,34555
"(0.7348436174331348, 0.9861310021084456)",1,97.58879263925368,34556
"(0.8110682791635173, 0.9861673414304992)",1,97.58877931139422,34557
"(0.4896359390280644, 0.9962497362353954)",1,97.58867538653018,34558
"(0.4567442396313363, 0.9987499746026686)",1,97.58827048381072,34559
"(0.4946461141636722, 0.9900003125488358)",2,97.58824362978396,34561
"(0.6404368533365645, 0.9975)",1,97.58824073434066,34562
"(0.4590791029805835, 0.9987499746026686)",1,97.58804931259472,34563
"(0.4363355778830426, 0.992500421898732)",1,97.5879622343627,34564
"(0.5103469782909699, 0.9912488373656227)",1,97.58792742556834,34565
"(0.9497171590194848, 0.9833229101521784)",1,97.58786997278207,34566
"(0.8622520112492773, 0.9748524098350704)",1,97.5877553953966,34567
"(0.8507442506184189, 0.979166518665308)",1,97.58774937484768,34568
"(0.4366033352371548, 0.982768513738492)",1,97.5877050912016,34569
"(0.8085259100433108, 0.9861673414304992)",1,97.587551469984,34570
"(0.9535144014828052, 0.9786694888904832)",3,97.58735854105156,34573
"(0.7580266955266955, 0.9861673414304992)",1,97.58725940976936,34574
"(0.9539751547184644, 0.9748802746905214)",1,97.58722318945466,34575
"(0.4337472035794183, 0.9981012669018314)",1,97.58718498133324,34576
"(0.5699300729280296, 0.9899992498312122)",1,97.58712752455486,34577
"(0.8071948928825261, 0.9861673414304992)",1,97.586875741888,34578
"(0.8670292954258683, 0.9766918866148322)",1,97.58659767498293,34579
"(0.9643944553313464, 0.9764666952752286)",1,97.58657536316994,34580
"(0.4925285484808521, 0.9962497362353954)",2,97.58654532586628,34582
"(0.7376124238869338, 0.9870601047071634)",1,97.5864884687293,34583
"(0.8810064268049709, 0.991206314397104)",1,97.58637647688296,34584
"(0.4851912943871705, 0.9887504746694504)",2,97.58615208125752,34586
"(0.8491340807583629, 0.9861673414304992)",1,97.58588570481945,34587
"(0.544915263097564, 1.0)",2,97.58587020778754,34589
"(0.3941579628653293, 1.0)",1,97.5857535731993,34590
"(0.5562558356676003, 0.9861673414304992)",1,97.58563517343524,34591
"(0.3067412107187314, 0.9864961425868656)",1,97.58551462998942,34592
"(0.9028964862298196, 0.9861673414304992)",1,97.58522902193536,34593
"(0.9958292603453894, 0.9958292603453894)",1,97.58522801045213,34594
"(0.8884797556713653, 0.9748802746905214)",1,97.58509838928248,34595
"(0.7460630399100241, 1.0)",1,97.58504872792736,34596
"(0.9833229101521784, 0.9833229101521784)",4,97.58491012807484,34600
"(0.9958292603453894, 1.0)",1,97.5848997264355,34601
"(0.6387464387464387, 0.9870601047071634)",1,97.58487086646645,34602
"(0.5928342620051786, 0.9946588541666668)",2,97.58480185412915,34604
"(0.9230468061350414, 0.979166518665308)",1,97.58452286628597,34605
"(0.9061764476533613, 0.979166518665308)",1,97.58451689217888,34606
"(0.7060994560994561, 1.0)",1,97.5844444016637,34607
"(0.8456659619450317, 0.9764666952752286)",1,97.58432277070106,34608
"(0.9793747635794354, 0.9958292603453894)",1,97.58429806531316,34609
"(0.9153439153439156, 0.9833229101521784)",1,97.58416471746392,34610
"(0.5459165183258022, 1.0)",1,97.584057570998,34611
"(0.4631616549920088, 0.9946588541666668)",1,97.58399589786178,34612
"(0.5176663811175343, 0.9984817852901372)",1,97.5838913615282,34613
"(0.4594704236610712, 0.9962499238080056)",1,97.5838231691502,34614
"(0.8596618357487924, 0.9861673414304992)",1,97.58381101160616,34615
"(0.4990204708059675, 0.9958099132756668)",1,97.58375372150884,34616
"(0.9418479305417444, 0.9766918866148322)",2,97.58369977518736,34618
"(0.5176663811175343, 0.9984817852901372)",1,97.5835673033837,34619
"(0.503514376678064, 0.988091431322459)",1,97.58343476136758,34620
"(0.5118812113070996, 0.9987499746026686)",1,97.5832986593512,34621
"(0.9184901612842788, 0.9748802746905214)",1,97.5831720816279,34622
"(0.6326954876802936, 0.9861673414304992)",1,97.5831564827022,34623
"(0.4489727317392728, 0.9912488373656227)",1,97.5830094451144,34624
"(0.7977749180480272, 0.9861673414304992)",1,97.58298375288626,34625
"(0.8947046219773493, 0.9766918866148322)",1,97.58296624934732,34626
"(0.9310391447174572, 0.9787160631744458)",1,97.5829431620656,34627
"(0.4624105982957163, 0.9912495487428092)",1,97.58276607932514,34628
"(0.8533622685185187, 1.0)",1,97.5826829191642,34629
"(0.917655049465296, 0.9958292603453894)",1,97.58266223792651,34630
"(0.8687499999999999, 0.9766918866148322)",1,97.5824380033528,34631
"(0.932201731346617, 0.9764666952752286)",1,97.58241633647174,34632
"(0.5112838915470493, 1.0)",1,97.58239246437084,34633
"(0.9192093318943212, 0.976761412575366)",1,97.58221051835044,34634
"(0.7453091184935634, 0.991206314397104)",2,97.58210870172218,34636
"(0.4614606379865379, 0.9912488373656227)",2,97.5820720723889,34638
"(0.9833251873574456, 0.9958292603453894)",2,97.58204312650956,34640
"(0.6786000457875457, 0.9870601047071634)",1,97.58191440498416,34641
"(0.4631616549920088, 0.9977203590215908)",1,97.5817042425112,34642
"(0.9437692826216588, 0.9764666952752286)",3,97.58120380043292,34645
"(0.7460630399100241, 0.9992431829362568)",1,97.58103674991116,34646
"(0.9030683555945836, 0.976688510722604)",1,97.58099304664364,34647
"(0.8589064384650125, 0.9832462877624168)",1,97.58082909146994,34648
"(0.8687499999999999, 0.9766918866148322)",1,97.58075520885927,34649
"(0.9873444118605408, 0.9958292603453894)",2,97.5806551905649,34651
"(0.97934925289764, 0.9958292603453894)",1,97.58050503647983,34652
"(0.3600029483220985, 0.9984817852901372)",1,97.5804783855769,34653
"(0.4788541666666667, 0.9874994529574682)",1,97.580288264044,34654
"(0.484646846010113, 0.9962497362353954)",1,97.5801290276312,34655
"(0.4489727317392728, 0.9912488373656227)",2,97.58010182693698,34657
"(0.9788980434141724, 0.9958292603453894)",1,97.58004609434114,34658
"(0.8344065656565657, 0.9861673414304992)",1,97.58003720649798,34659
"(0.9791102677630192, 0.9958292603453894)",1,97.57999737042658,34660
"(0.5240189293380408, 1.0)",3,97.57985462598788,34663
"(0.3942553050785419, 0.9984817852901372)",1,97.5798360214455,34664
"(0.7258833575665259, 0.9870601047071634)",1,97.5798309831888,34665
"(0.9750072792119512, 1.0)",1,97.5797078598141,34666
"(0.6011771227337942, 0.9981012669018314)",1,97.57935717125496,34667
"(0.9873444118605408, 0.9958292603453894)",1,97.57894107000436,34668
"(0.8016677935542034, 0.9833229101521784)",1,97.57860401521332,34669
"(0.8194074731341813, 0.9861673414304992)",1,97.57845635605152,34670
"(0.5730351811691473, 0.9827694264931702)",1,97.57836664371035,34671
"(0.902898027898028, 0.9861310021084456)",1,97.57819642101072,34672
"(0.4437501725645391, 0.98499849939976)",1,97.57809605166634,34673
"(0.7259777259777259, 0.9872890642121412)",1,97.5776532465992,34674
"(0.5009421228446381, 0.9974998905914936)",1,97.57759470855788,34675
"(0.94484126984127, 0.9861673414304992)",1,97.5775547759155,34676
"(0.9916585206907788, 0.9958292603453894)",1,97.57752534561308,34677
"(0.4921211569947243, 0.9975000781372088)",1,97.57746654128437,34678
"(0.8518001818001818, 0.9773647021061568)",2,97.57744204866806,34680
"(0.4633466015586465, 1.0)",3,97.57738100646982,34683
"(0.776960076960077, 0.9861310021084456)",1,97.57734207365402,34684
"(0.5240189293380408, 1.0)",3,97.57730716322858,34687
"(0.927109440267335, 0.9786694888904832)",1,97.57715208118348,34688
"(0.4585384595277654, 0.9912488373656227)",2,97.57708731208253,34690
"(0.9459285785969274, 0.9786694888904832)",1,97.57676480153896,34691
"(0.418728666447884, 0.9949997811829872)",1,97.57674007666024,34692
"(0.5131512597416512, 1.0)",1,97.57671403497284,34693
"(0.6070991828496547, 1.0)",1,97.57664469071428,34694
"(0.4606973696770164, 0.9962501582231502)",1,97.5764237244852,34695
"(0.9427148033126296, 0.9786694888904832)",1,97.57635390305435,34696
"(0.6006380389026112, 0.9975)",1,97.5763145470666,34697
"(0.4369316957552253, 0.9870601047071634)",1,97.57621670699535,34698
"(0.9539751547184644, 0.9832462877624168)",1,97.57617889566566,34699
"(0.4937776876667119, 0.9962499238080056)",1,97.5761339382602,34700
"(0.4830767364322945, 0.9912488373656227)",1,97.5760050272702,34701
"(0.4822651515151516, 0.9923697916666666)",1,97.57588834811348,34702
"(0.518883018547448, 0.9961927960732532)",1,97.57580721818506,34703
"(0.8920217788143652, 0.9790972342015986)",1,97.57573623937252,34704
"(0.9418479305417444, 0.988167361639188)",1,97.57563362075066,34705
"(0.9058747619658436, 0.9791102677630192)",1,97.575609265442,34706
"(0.4826454099840705, 0.9912488373656227)",1,97.57509201164424,34707
"(0.5123851706036745, 1.0)",1,97.57492127061032,34708
"(0.3317695658368551, 0.9992416608232524)",1,97.57484735261856,34709
"(0.6870644599303137, 0.9861310021084456)",1,97.5745460539692,34710
"(0.5734466317588319, 0.9984817852901372)",1,97.57438065008222,34711
"(0.9011810599946194, 0.9861673414304992)",1,97.57437388327926,34712
"(0.9008627640703112, 0.986081059422206)",1,97.5743335864944,34713
"(0.4363355778830426, 0.9987499746026686)",1,97.5742270904876,34714
"(0.927082576248316, 0.979166518665308)",1,97.57410831095558,34715
"(0.9418479305417444, 0.9766918866148322)",1,97.57388995518636,34716
"(0.7361988647484831, 0.9870601047071634)",2,97.57374662984368,34718
"(0.5066098655342575, 0.9887504746694504)",1,97.57358320144095,34719
"(0.8292352872388802, 0.976688808720982)",1,97.57313527002437,34720
"(0.5520863732888565, 1.0)",1,97.57308939719962,34721
"(0.4747763864042934, 0.9882048106149588)",1,97.57305842467991,34722
"(0.9643944553313464, 0.9764666952752286)",1,97.57300559510018,34723
"(0.8937718863178524, 0.9790476832523552)",1,97.57290127654176,34724
"(0.8694224991654613, 0.9766918866148322)",1,97.57287437998004,34725
"(0.8717520170461346, 0.9958292603453894)",1,97.57284330948704,34726
"(0.6020287404902789, 0.9870601047071634)",1,97.57283243168334,34727
"(0.5939549490228829, 1.0)",3,97.57268811517508,34730
"(0.901028965681318, 0.9764666952752286)",1,97.57263682078212,34731
"(0.8071948928825261, 0.9861673414304992)",1,97.57258080261676,34732
"(0.9535144014828052, 0.9786694888904832)",1,97.57258050702912,34733
"(0.4247160784313725, 0.9912488373656227)",1,97.57247418844848,34734
"(0.4826454099840705, 0.9899983116452704)",1,97.5722215584472,34735
"(0.4937125269096371, 0.9996210215628012)",1,97.57221018188976,34736
"(0.901608756801166, 0.9763512865720988)",1,97.5721983452974,34737
"(0.7742295620819575, 0.9988653407824049)",1,97.57216162429516,34738
"(0.6070991828496547, 1.0)",1,97.5720138684128,34739
"(0.960666032023912, 0.978518051242236)",3,97.5719510816796,34742
"(0.5343325619084822, 1.0)",1,97.57171223265692,34743
"(0.5221840311996069, 1.0)",1,97.57169785868234,34744
"(0.9916585206907788, 0.9958292603453894)",1,97.57162153557708,34745
"(0.6047607547714982, 1.0)",1,97.57159162782116,34746
"(0.9223799456357596, 0.9764666952752286)",2,97.57135750750976,34748
"(0.932201731346617, 0.9764666952752286)",1,97.57129106639688,34749
"(0.4319035504296698, 0.9975000781372088)",1,97.57117983493164,34750
"(0.7371074312749817, 0.9870601047071634)",1,97.57106339491985,34751
"(0.3317695658368551, 1.0)",1,97.57085903156384,34752
"(0.6962461114805364, 0.9958099132756668)",1,97.5708442756275,34753
"(0.9102539775554236, 0.9748802746905214)",1,97.57071020985532,34754
"(0.4525144676897589, 0.9912498222186796)",1,97.57065860940764,34755
"(0.9643944553313464, 0.9764666952752286)",1,97.5704871045182,34756
"(0.966586548597934, 0.9790755481078062)",1,97.5704866371382,34757
"(0.7524760273298283, 0.991206314397104)",1,97.57046167403564,34758
"(0.5496794449929138, 0.9981012669018314)",1,97.57034967380515,34759
"(0.9744745723240348, 0.9958292603453894)",1,97.57013955874235,34760
"(0.4614606379865379, 0.9912488373656227)",1,97.57006834993926,34761
"(0.71150412917389, 0.9988653407824049)",1,97.57000293436222,34762
"(0.5004274455385378, 0.9975000781372088)",1,97.56995602897638,34763
"(0.5082177015724898, 0.9987500214884376)",1,97.56977612540231,34764
"(0.7000013129045387, 0.9870601047071634)",2,97.5696566009556,34766
"(0.5789621735329116, 1.0)",1,97.56949711960831,34767
"(0.5049504801920769, 0.9975000781372088)",1,97.56949446306528,34768
"(0.8687499999999999, 0.9766918866148322)",1,97.56946685000388,34769
"(0.6760014179369018, 0.9870601047071634)",1,97.56943482018548,34770
"(0.9958292603453894, 1.0)",1,97.56936187395505,34771
"(0.7977749180480272, 0.9861673414304992)",1,97.56927601079744,34772
"(0.5028268474667493, 0.9900003125488358)",1,97.5691478671198,34773
"(1.0, 0.9833229101521784)",1,97.56904760486798,34774
"(0.8315416458960965, 0.9766918866148322)",1,97.56902564510324,34775
"(0.506032156862745, 0.9975000781372088)",1,97.56872757099006,34776
"(0.8805377184744008, 0.9832925076188832)",1,97.5685493906756,34777
"(0.8344065656565657, 0.9861673414304992)",1,97.56847292864413,34778
"(0.6040339402207299, 1.0)",1,97.5683319800564,34779
"(0.8660327643487228, 0.9766918866148322)",1,97.56825113464107,34780
"(0.9172008547008548, 0.9861673414304992)",2,97.56819840561624,34782
"(0.5166972147349506, 1.0)",1,97.5680782967684,34783
"(0.9625114955760116, 0.9958292603453894)",1,97.56797298725832,34784
"(0.9184901612842788, 0.9748802746905214)",1,97.56782428577516,34785
"(0.5237466575255753, 1.0)",1,97.56777590531492,34786
"(0.9581203836912794, 0.9791102677630192)",1,97.56748471682728,34787
"(0.5551007186962243, 0.9887494198121832)",1,97.56729676995116,34788
"(0.932201731346617, 0.9764666952752286)",1,97.5672723402905,34789
"(0.9874877810361682, 0.9958292603453894)",1,97.56723872275003,34790
"(0.9058747619658436, 0.9748802746905214)",2,97.56721927604546,34792
"(0.9792773561037318, 1.0)",1,97.56718229778647,34793
"(0.4423707251851418, 0.9861310021084456)",1,97.56717467820972,34794
"(0.4468328406505846, 0.9861673414304992)",1,97.567159377546,34795
"(0.5175813659509312, 0.998107010444791)",1,97.5671414681196,34796
"(0.6766917293233082, 0.9870601047071634)",1,97.567135583932,34797
"(0.5909030435404882, 0.999621402088958)",1,97.56711776074712,34798
"(0.4489727317392728, 0.9962499238080056)",1,97.56706705956846,34799
"(0.6006380389026112, 0.9962497362353954)",1,97.56695293211595,34800
"(0.8010054664946871, 0.9861673414304992)",1,97.56694380982064,34801
"(0.900838851006521, 0.9748802746905214)",1,97.56689191828224,34802
"(0.5261709490066349, 1.0)",1,97.56685325263736,34803
"(0.9643944553313464, 0.9764666952752286)",2,97.56684808906866,34805
"(0.8967778972053937, 0.9764666952752286)",1,97.56683434721288,34806
"(0.331262443438914, 0.9961927960732532)",1,97.56662274414974,34807
"(0.927082576248316, 0.9790476832523552)",1,97.56658655584054,34808
"(0.8584528897028897, 0.9861673414304992)",1,97.5665768434817,34809
"(0.831031066037186, 0.9766918866148322)",1,97.56645461997287,34810
"(0.3353614038484588, 1.0)",2,97.56641434193104,34812
"(0.8013184398461819, 0.9764666952752286)",1,97.56636670643805,34813
"(0.8751897860593512, 0.9861673414304992)",2,97.5662548603758,34815
"(0.9131755270308844, 0.9760135162511973)",1,97.56620155103016,34816
"(0.4860887005222129, 0.9912488373656227)",1,97.5661372541316,34817
"(0.492807005588115, 0.9987500214884376)",1,97.56610297194138,34818
"(0.8193928901539049, 0.9870601047071634)",1,97.56593752587868,34819
"(0.502001702724359, 0.9975000781372088)",1,97.56589127262173,34820
"(0.8013184398461819, 0.9764666952752286)",1,97.56587219911373,34821
"(0.94484126984127, 0.9861673414304992)",1,97.56579081423698,34822
"(0.987491854024112, 0.9958292603453894)",1,97.5657193425454,34823
"(0.3942192041290018, 0.9887504746694504)",1,97.56556024007902,34824
"(0.6418116964826663, 0.9962500644653132)",1,97.5653929530624,34825
"(0.8218185392856778, 0.9861673414304992)",1,97.5653105495576,34826
"(0.7780625367430922, 0.9861673414304992)",1,97.56527757187526,34827
"(0.4955558486584263, 0.9987500214884376)",1,97.5651872339225,34828
"(0.5938024587948153, 1.0)",1,97.5649642644178,34829
"(0.5943528693528694, 1.0)",1,97.56493945605266,34830
"(0.4566269759061861, 0.9876873169196504)",1,97.56488337325106,34831
"(0.5915486782249667, 1.0)",3,97.56480012191918,34834
"(0.8762860082304527, 1.0)",1,97.56478731049508,34835
"(0.546013779527559, 1.0)",3,97.5645804058535,34838
"(0.9452474337657768, 0.9790755481078062)",1,97.564417521372,34839
"(0.9665633291439744, 0.9958292603453894)",1,97.56430279804992,34840
"(0.8813457860512559, 0.9790755481078062)",1,97.5642365172776,34841
"(0.5172164351851852, 0.9984817852901372)",1,97.56417973458645,34842
"(0.94484126984127, 0.9861673414304992)",1,97.56387124023412,34843
"(0.507482960719107, 1.0)",2,97.563870176158,34845
"(0.8340799485585682, 0.9764666952752286)",1,97.56378411883507,34846
"(0.4489727317392728, 0.9912488373656227)",1,97.56370669835307,34847
"(0.9184901612842788, 0.9748802746905214)",1,97.56367807988325,34848
"(0.738145558145558, 1.0)",1,97.56332242127571,34849
"(0.5237466575255753, 1.0)",1,97.5631984976192,34850
"(0.5145696010475885, 0.9861310021084456)",1,97.56305607582848,34851
"(0.8920217788143652, 0.9790755481078062)",1,97.56304255500648,34852
"(0.4423707251851418, 0.9861310021084456)",1,97.56296006158398,34853
"(0.8579868984630887, 0.9861673414304992)",1,97.56295811318836,34854
"(0.5405172403210167, 0.9988642062668746)",1,97.56293983216445,34855
"(0.8685314685314685, 0.9764666952752286)",1,97.56284058140956,34856
"(0.5274042854593919, 1.0)",1,97.562712900706,34857
"(0.5562558356676003, 0.9861673414304992)",1,97.56224126556688,34858
"(0.5521709560790242, 1.0)",1,97.56222226950682,34859
"(0.9253213924599162, 0.9764666952752286)",1,97.5622194732922,34860
"(0.9834358767945106, 0.9958292603453894)",1,97.56219954986744,34861
"(0.492807005588115, 0.9987499746026686)",1,97.56209567347148,34862
"(0.6760014179369018, 0.9872890642121412)",1,97.5620861600384,34863
"(0.546013779527559, 1.0)",1,97.56207508518118,34864
"(0.7361988647484831, 0.9870601047071634)",1,97.5620704773149,34865
"(0.94484126984127, 0.9861673414304992)",1,97.5620653808316,34866
"(0.5194724675222732, 0.9800010001000098)",1,97.56190710396189,34867
"(0.901028965681318, 0.9764666952752286)",4,97.56178493396531,34871
"(0.8902783631946863, 0.9861673414304992)",1,97.56177797239904,34872
"(0.8733799478600891, 0.987463247273494)",1,97.56149536938533,34873
"(0.7696762213646852, 0.9870601047071634)",1,97.56140665002954,34874
"(0.901028965681318, 0.9764666952752286)",1,97.56140407724664,34875
"(0.9624268025880928, 0.9958292603453894)",1,97.56136570564745,34876
"(0.8557264819266099, 0.9764666952752286)",1,97.56133588197144,34877
"(0.94291309888229, 0.991206314397104)",2,97.56109015712184,34879
"(0.9643944553313464, 0.9764666952752286)",1,97.56108848162168,34880
"(0.546013779527559, 1.0)",3,97.5608460940236,34883
"(0.4049163909196675, 0.9977203590215908)",1,97.56064545549592,34884
"(0.9372650231764934, 0.9790755481078062)",1,97.5605622568299,34885
"(0.6101652468899568, 0.9887497714240168)",1,97.56048554467168,34886
"(0.5259912686183872, 1.0)",1,97.56039063893732,34887
"(0.8813457860512559, 0.9790755481078062)",2,97.56027544563128,34889
"(0.5145696010475885, 0.9861310021084456)",1,97.56014600011572,34890
"(0.6892156862745098, 0.9861673414304992)",1,97.5601443640596,34891
"(0.8016677935542034, 1.0)",1,97.5601402567635,34892
"(0.932201731346617, 0.9764666952752286)",1,97.56004545117824,34893
"(0.8003813092161745, 0.9748802746905214)",1,97.55973994202394,34894
"(0.2537048100490196, 0.9977203590215908)",1,97.55969464202464,34895
"(0.6611718926579557, 0.9861310021084456)",1,97.55960403702832,34896
"(0.9234894220441888, 0.9791102677630192)",1,97.5594283510207,34897
"(0.9438271604938272, 0.9861673414304992)",1,97.55906955455944,34898
"(0.7250237826596757, 0.9870601047071634)",3,97.5590215746648,34901
"(0.4961453064375241, 0.9987499746026686)",1,97.55886429600068,34902
"(0.507482960719107, 0.9987499746026686)",1,97.5585103535207,34903
"(0.8631546198466533, 0.9764666952752286)",1,97.55840496378056,34904
"(0.5562558356676003, 0.9861673414304992)",1,97.55839995977682,34905
"(0.8194074731341813, 0.9861673414304992)",1,97.55838895911356,34906
"(0.8631546198466533, 0.9764666952752286)",1,97.55837368748506,34907
"(0.9011810599946194, 0.9861673414304992)",1,97.55828428356809,34908
"(0.433281060850566, 0.9977203590215908)",1,97.55807515072,34909
"(0.9790693693461476, 0.9958292603453894)",2,97.55803234045608,34911
"(0.8589064384650125, 0.9791102677630192)",2,97.5578438179098,34913
"(0.8716153127917834, 0.9861673414304992)",2,97.55778893047248,34915
"(0.9788980434141724, 0.9958292603453894)",1,97.5577403545561,34916
"(0.5466837142306626, 0.9861673414304992)",1,97.5575701441743,34917
"(0.92132700797001, 0.9834113430318364)",1,97.55756340409698,34918
"(0.932201731346617, 0.9764666952752286)",1,97.557516978638,34919
"(0.6070991828496547, 1.0)",2,97.55728464795205,34921
"(0.7907680396814234, 0.9790539966782754)",2,97.55709021827845,34923
"(0.6047607547714982, 1.0)",2,97.55705292782976,34925
"(0.7250237826596757, 0.9870601047071634)",1,97.55701662540932,34926
"(0.5153209052589321, 0.9937501074421884)",1,97.55698300134094,34927
"(0.9331814008429188, 0.9764666952752286)",1,97.55692481180174,34928
"(0.6759040330903159, 1.0)",3,97.5567446612153,34931
"(0.509688959052258, 0.9912488373656227)",1,97.55672168194644,34932
"(0.9079075500409146, 0.9834113430318364)",1,97.55667376837862,34933
"(0.4986472607029235, 0.9900003125488358)",1,97.55654123802782,34934
"(0.8884797556713653, 0.9748802746905214)",2,97.55652415307678,34936
"(0.5260227547809246, 1.0)",1,97.55648888606017,34937
"(0.5939549490228829, 1.0)",3,97.55644105105816,34940
"(0.304184857695496, 0.9954266299414484)",1,97.55642380867924,34941
"(0.987491854024112, 1.0)",1,97.55640545091352,34942
"(0.8843764852418178, 0.9764666952752286)",1,97.55633734040975,34943
"(0.939055706563049, 0.9786694888904832)",3,97.55631610482514,34946
"(0.7294281157362763, 1.0)",1,97.5562454863409,34947
"(0.9743030741133208, 0.9958292603453894)",2,97.55622646885178,34949
"(0.8920217788143652, 0.9748802746905214)",1,97.55607903094776,34950
"(0.3545856375860411, 1.0)",3,97.5559457679705,34953
"(0.5066418935372837, 0.9961927960732532)",1,97.55593904165512,34954
"(0.4776542240827955, 1.0)",1,97.5559238357558,34955
"(0.5949150182078973, 0.9984817852901372)",1,97.55585942142798,34956
"(0.4076247491511041, 0.9973390598305516)",1,97.55585794234447,34957
"(0.477671768371638, 0.9996210215628012)",1,97.55578703482423,34958
"(0.932201731346617, 0.9764666952752286)",1,97.55571215250542,34959
"(0.5073536286909905, 0.9935041393887948)",1,97.55556503212765,34960
"(0.8586125966511082, 0.9777027027027028)",1,97.55555377867712,34961
"(0.1751566951566951, 0.9870601047071634)",1,97.55534973764996,34962
"(0.9164187516971112, 0.9748802746905214)",1,97.55525508405243,34963
"(0.5061994035863332, 0.9988642062668746)",1,97.55521132552724,34964
"(0.7473705264801155, 0.9861673414304992)",1,97.55520305192675,34965
"(0.8288092915955513, 0.9770267123826446)",1,97.55513141698889,34966
"(0.8593554593554595, 0.9861673414304992)",1,97.55504844957376,34967
"(0.5204993238647946, 1.0)",3,97.55472933419996,34970
"(0.9388917411828462, 0.9786694888904832)",3,97.55462500014804,34973
"(0.9017715617715616, 0.9861673414304992)",1,97.55457994979544,34974
"(0.888425800230205, 0.9770265865200648)",2,97.55453480007291,34976
"(0.6025384620441595, 1.0)",1,97.5544139562286,34977
"(0.4609162804468383, 0.9912488373656227)",1,97.5540993640001,34978
"(0.6414869944621582, 0.9949997811829872)",2,97.55408768329907,34980
"(0.7497195873433498, 0.9872890642121412)",1,97.55399031914028,34981
"(0.5169410170491575, 0.9996210215628012)",1,97.55393803727692,34982
"(0.6025384620441595, 0.9984817852901372)",1,97.55385092896532,34983
"(0.4958617797724284, 0.9962497362353954)",2,97.5538266840634,34985
"(0.8218185392856778, 0.9861673414304992)",1,97.55381859814996,34986
"(0.5087400188487272, 0.9962499238080056)",2,97.55369699361532,34988
"(0.4961383480529907, 0.9975000781372088)",3,97.55360206170928,34991
"(0.395353552234017, 0.9987499746026686)",1,97.5534670728206,34992
"(0.8085259100433108, 0.9861673414304992)",1,97.5532684374794,34993
"(0.3545856375860411, 1.0)",3,97.55314097632564,34996
"(0.9418479305417444, 0.9766918866148322)",2,97.5529541193794,34998
"(0.950297813353496, 0.9958292603453894)",1,97.5528108455372,34999
"(0.690124325592306, 0.9870601047071634)",1,97.55280025887772,35000
"(0.962699692780338, 0.9958292603453894)",1,97.55260049318024,35001
"(0.6096721354739468, 1.0)",1,97.55252977379516,35002
"(0.2806699331680662, 0.9977203590215908)",1,97.55238957481478,35003
"(0.4606973696770164, 0.9975000781372088)",1,97.55237378573858,35004
"(0.4925733396357239, 0.9962501582231502)",1,97.55191854161924,35005
"(0.531353757109443, 0.9975)",1,97.55184115798848,35006
"(0.4130211680123674, 1.0)",1,97.5518398490045,35007
"(0.6122976080997202, 0.9975)",1,97.55175850236098,35008
"(0.9028964862298196, 0.9861673414304992)",1,97.55169321774108,35009
"(0.5909030435404882, 1.0)",1,97.55167807747148,35010
"(0.4799413873705827, 0.982093913961858)",1,97.551640610268,35011
"(0.9586562930696936, 0.979166518665308)",1,97.55159947888252,35012
"(0.4994316028798788, 0.9870601047071634)",1,97.55154307618628,35013
"(0.4724538701233134, 0.9975000781372088)",1,97.55149708747832,35014
"(0.8194074731341813, 0.9861673414304992)",1,97.5514761025512,35015
"(0.9746854694957162, 1.0)",1,97.5514714301069,35016
"(0.8249504969211211, 0.9766918866148322)",2,97.55130530571974,35018
"(0.5169410170491575, 0.9961927960732532)",1,97.5505294930774,35019
"(0.901028965681318, 0.9764666952752286)",3,97.55047301179384,35022
"(0.9536653605723816, 0.9958292603453894)",1,97.55033531045996,35023
"(0.9876106894370652, 0.9958292603453894)",1,97.55027400169767,35024
"(0.991777356103732, 0.9958292603453894)",2,97.55026405896628,35026
"(0.9538370349708868, 0.9764666952752286)",1,97.55025095834708,35027
"(0.9041196741854636, 0.991206314397104)",2,97.55022302949423,35029
"(0.934065934065934, 0.9833229101521784)",1,97.55020341642457,35030
"(0.7376124238869338, 0.9870601047071634)",1,97.5501293706755,35031
"(0.5137024199841741, 0.9950429441987424)",3,97.54999771526924,35034
"(0.5952874206793579, 1.0)",1,97.5497967536402,35035
"(0.9876106894370652, 0.9958292603453894)",2,97.54963210655858,35037
"(0.362211854979326, 0.9844586079229916)",1,97.5491230365234,35038
"(0.6560520437793165, 1.0)",1,97.5491031115014,35039
"(0.8589064384650125, 0.9748802746905214)",1,97.54909849239318,35040
"(0.9535144014828052, 0.9786694888904832)",1,97.54906862087162,35041
"(0.5153209052589321, 0.9962497362353954)",2,97.54883452601356,35043
"(0.7903875985986362, 1.0)",1,97.54869791995456,35044
"(0.484731353858467, 0.993750341823046)",1,97.54869323736034,35045
"(0.6238255567452281, 0.9870601047071634)",1,97.54858670141208,35046
"(0.9460547122074636, 0.9748802746905214)",1,97.5485105617734,35047
"(0.9753814644137224, 0.9958292603453894)",1,97.54845914337326,35048
"(0.932201731346617, 0.9764666952752286)",1,97.5483612106539,35049
"(0.8631546198466533, 0.9764666952752286)",3,97.548102233485,35052
"(0.5260227547809246, 1.0)",1,97.54803626892122,35053
"(0.8315416458960965, 0.9766918866148322)",1,97.5479782526266,35054
"(0.8148308968977662, 0.9861673414304992)",1,97.5478536376467,35055
"(0.974833726256876, 0.9958292603453894)",1,97.54778599107796,35056
"(0.5292931359082562, 1.0)",3,97.54773434148512,35059
"(0.9833251873574456, 0.9958292603453894)",1,97.54754621049156,35060
"(0.8929015655249481, 0.9958292603453894)",1,97.54747148932948,35061
"(0.5592924417056326, 1.0)",1,97.54746286262124,35062
"(0.9792406033772258, 0.9958292603453894)",1,97.54737334674265,35063
"(0.8194074731341813, 0.9861673414304992)",2,97.54730313718858,35065
"(0.9438271604938272, 0.9861673414304992)",1,97.54711484715712,35066
"(0.5118812113070996, 0.9987499746026686)",1,97.5470414606947,35067
"(0.9452474337657768, 0.9791102677630192)",1,97.54693869054056,35068
"(0.4049163909196675, 0.9996210215628012)",1,97.5468258385526,35069
"(0.8804215399610136, 0.991206314397104)",1,97.546707679331,35070
"(0.831031066037186, 0.9766918866148322)",1,97.54666797942312,35071
"(0.888425800230205, 0.9790540349287944)",1,97.54657194202724,35072
"(0.616232113786308, 0.9912488373656227)",1,97.5463208217165,35073
"(0.5056778729738882, 0.9962497362353954)",3,97.5461730913784,35076
"(0.8879608405415911, 0.9766918866148322)",2,97.5461713138978,35078
"(0.932201731346617, 0.9764666952752286)",2,97.546135530506,35080
"(0.861111111111111, 0.9833229101521784)",1,97.54590253167493,35081
"(0.7548199009255377, 0.9807432366496612)",1,97.54587454689468,35082
"(0.901239146999796, 0.979166518665308)",1,97.54574723394704,35083
"(0.9833040078201368, 0.9958292603453894)",1,97.54561060257689,35084
"(0.9365496267832196, 0.9958292603453894)",1,97.54559898214684,35085
"(0.4865876628104142, 0.9870601047071634)",1,97.5455281905884,35086
"(0.9643944553313464, 0.9764666952752286)",1,97.5455160498366,35087
"(0.6915482942087353, 0.999621402088958)",1,97.54549698366472,35088
"(0.987491854024112, 0.9958292603453894)",1,97.54543752659332,35089
"(0.9184901612842788, 0.9748524098350704)",1,97.54543263605638,35090
"(0.8879608405415911, 0.9766918866148322)",1,97.54527849298192,35091
"(0.4423707251851418, 0.9861310021084456)",1,97.54524733766604,35092
"(0.932201731346617, 0.9764666952752286)",1,97.54515126099484,35093
"(0.8003813092161745, 0.9790476832523552)",1,97.54514698726555,35094
"(0.932201731346617, 0.9764666952752286)",1,97.5450088928504,35095
"(0.7371074312749817, 0.9870601047071634)",1,97.5449648077359,35096
"(0.5192461542064125, 0.9984817852901372)",1,97.54492818258716,35097
"(0.90224161204236, 0.9861310021084456)",1,97.54492710583766,35098
"(0.9643944553313464, 0.9764666952752286)",2,97.54490132096124,35100
"(0.9538370349708868, 0.9764666952752286)",1,97.5448772545985,35101
"(0.3684790170303113, 0.9987499746026686)",1,97.54474347785936,35102
"(0.9452474337657768, 0.9790755481078062)",1,97.5445523022522,35103
"(0.9460547122074636, 0.9790755481078062)",1,97.54453677602402,35104
"(0.888425800230205, 0.9777023973110331)",1,97.5444823422599,35105
"(0.5418599142431635, 0.998107010444791)",1,97.54446132586602,35106
"(0.983545503234046, 0.9958292603453894)",1,97.54438314856851,35107
"(0.7168719671519223, 0.991206314397104)",1,97.54437784408256,35108
"(0.8726893261776982, 0.9766918866148322)",4,97.54430263246512,35112
"(0.9327510896243466, 0.9763512865720988)",1,97.54421806926727,35113
"(0.7965746171391332, 1.0)",1,97.54420663326768,35114
"(0.5685989470330658, 1.0)",3,97.54411957981156,35117
"(0.8329339143064635, 0.9861673414304992)",1,97.5440575313515,35118
"(0.8726893261776982, 0.9764666952752286)",1,97.54388545562156,35119
"(0.4865876628104142, 0.9870601047071634)",1,97.54382148273476,35120
"(0.4844841746794872, 0.99249924969988)",1,97.54372896647376,35121
"(0.9833040078201368, 0.9958292603453894)",1,97.54371685850876,35122
"(0.7855494505494506, 0.9870601047071634)",1,97.54370291504031,35123
"(0.4724538701233134, 0.9975000781372088)",1,97.54366893180172,35124
"(0.8843764852418178, 0.9764666952752286)",1,97.54354113091831,35125
"(0.7997685185185185, 0.9861673414304992)",1,97.54353757067696,35126
"(0.4648065695791297, 0.9988642062668746)",1,97.5435326404634,35127
"(0.5668351162239414, 1.0)",1,97.5433313323867,35128
"(0.4423707251851418, 0.9861310021084456)",1,97.5432654899963,35129
"(0.9574285714285714, 0.9786694888904832)",1,97.54315393084772,35130
"(0.6576105142655866, 1.0)",1,97.54315209985832,35131
"(0.9586741069110368, 0.9790755481078062)",1,97.54314608940774,35132
"(0.8090208511560183, 0.9790539393018683)",1,97.54311538841148,35133
"(0.3860590631364562, 0.9981012669018314)",1,97.54310540514108,35134
"(0.6786000457875457, 0.9870601047071634)",2,97.5430958559143,35136
"(0.4370117125672681, 0.9870601047071634)",1,97.542981075675,35137
"(0.9058747619658436, 0.9832462877624168)",1,97.54297597974131,35138
"(0.8967778972053937, 0.9764666952752286)",1,97.54283624956544,35139
"(0.8389313963994772, 0.9777002593239336)",2,97.54279393095148,35141
"(0.5555555555555555, 0.9833229101521784)",1,97.54255114647816,35142
"(0.5685989470330658, 1.0)",1,97.54245567422556,35143
"(0.8982888105990573, 0.979166518665308)",1,97.5424224152886,35144
"(0.5240189293380408, 1.0)",1,97.54234623077863,35145
"(0.7250237826596757, 0.9870601047071634)",1,97.54230365282928,35146
"(0.4611605493121345, 0.9987499746026686)",1,97.54201384013768,35147
"(0.7492637423027605, 0.9870601047071634)",1,97.54196677268736,35148
"(0.9791388745136372, 0.9958292603453894)",2,97.541925321412,35150
"(0.8733799478600891, 0.979166518665308)",1,97.5415408859722,35151
"(0.987463247273494, 0.9958292603453894)",1,97.54121198512313,35152
"(0.932201731346617, 0.9764666952752286)",2,97.5411844446954,35154
"(0.8902783631946863, 0.9861673414304992)",1,97.5411222516579,35155
"(0.1751566951566951, 1.0)",1,97.54106403948774,35156
"(0.8524016298728943, 0.9790755481078062)",1,97.54092342631476,35157
"(0.9028964862298196, 0.9861673414304992)",1,97.5409044663894,35158
"(0.8043167829966709, 0.97736482611311)",1,97.54076806803718,35159
"(0.97899550533801, 0.9958292603453894)",1,97.54070248084366,35160
"(0.8701068324360797, 0.9773647744439382)",1,97.54066678235768,35161
"(0.9154520780570968, 0.9790755481078062)",1,97.54056706573722,35162
"(0.8705155862492784, 0.9777025805471502)",1,97.54042552024178,35163
"(0.8761383419447936, 0.9873891625615764)",1,97.54039128848264,35164
"(0.8193928901539049, 0.9870601047071634)",1,97.54034581377228,35165
"(0.4921512824029625, 0.9912488373656227)",1,97.54025098248518,35166
"(0.9110813074094206, 0.9764666952752286)",1,97.53998621490176,35167
"(0.8871966240387292, 0.9861673414304992)",1,97.5399852455343,35168
"(0.7617216117216117, 0.9870601047071634)",1,97.53968587747252,35169
"(0.9643944553313464, 0.9764666952752286)",1,97.53967267247256,35170
"(0.8902783631946863, 0.9861673414304992)",1,97.53954031590284,35171
"(0.4229346333263246, 1.0)",1,97.53953415629864,35172
"(0.9916339869281046, 0.9958292603453894)",1,97.53936866149289,35173
"(0.8813457860512559, 0.9791102677630192)",1,97.53929739295492,35174
"(0.9538370349708868, 0.9764666952752286)",1,97.53927045416933,35175
"(0.8589064384650125, 0.9748802746905214)",1,97.53912940622683,35176
"(0.9110813074094206, 0.9764666952752286)",1,97.53895521940493,35177
"(0.9791258409522168, 0.9958292603453894)",1,97.53894675632722,35178
"(0.4614606379865379, 0.9912488373656227)",1,97.53840307955842,35179
"(0.8799206023655463, 0.9756746761828256)",1,97.53828640528003,35180
"(0.9164187516971112, 0.9748802746905214)",1,97.53821095644813,35181
"(0.5685989470330658, 1.0)",3,97.53808473935518,35184
"(0.5028268474667493, 0.9900003125488358)",1,97.53805404219,35185
"(0.546013779527559, 1.0)",1,97.53800530362696,35186
"(0.6560520437793165, 1.0)",1,97.53794536845214,35187
"(0.6088842547573518, 1.0)",1,97.53792778808292,35188
"(0.861111111111111, 0.9833229101521784)",1,97.53774735660724,35189
"(0.8110682791635173, 0.9861673414304992)",1,97.53772862700224,35190
"(0.9705906996229576, 0.9958292603453894)",1,97.537596067707,35191
"(0.4514795008912656, 0.9987499746026686)",1,97.5373962928816,35192
"(0.9110813074094206, 0.9764666952752286)",1,97.53727226834364,35193
"(0.6430200463634697, 1.0)",3,97.53721697439502,35196
"(0.8734313112361893, 0.9861673414304992)",1,97.53707209789238,35197
"(0.8622520112492773, 0.9790755481078062)",1,97.5370397714648,35198
"(0.9223799456357596, 0.9764666952752286)",1,97.53692953731858,35199
"(0.9398731501057084, 0.9766918866148322)",1,97.53684844796229,35200
"(0.73687720936437, 0.9833229101521784)",1,97.53669049891982,35201
"(0.9788980434141724, 0.9958292603453894)",1,97.53657778080536,35202
"(0.846224760385985, 0.9777026416252612)",1,97.53637406269765,35203
"(0.9452474337657768, 0.9748802746905214)",1,97.53636310321464,35204
"(0.7439393939393939, 1.0)",3,97.53624284273768,35207
"(0.9110813074094206, 0.9764666952752286)",1,97.53623819962836,35208
"(0.4912575527045726, 0.9987499746026686)",2,97.53617351920504,35210
"(0.2104254576695934, 1.0)",1,97.53612490664614,35211
"(0.7965746171391332, 1.0)",1,97.53612151143896,35212
"(0.8874191651969431, 0.9861673414304992)",1,97.5359325002204,35213
"(0.3618298321342925, 0.9996210215628012)",3,97.53587270092316,35216
"(0.9643944553313464, 0.9764666952752286)",2,97.53585854447932,35218
"(0.7772049591964847, 0.9861673414304992)",1,97.53556570703742,35219
"(0.4162177798306099, 0.988750193395939)",1,97.5354599820434,35220
"(0.8920217788143652, 0.9748802746905214)",1,97.53520592598794,35221
"(0.7855494505494506, 0.9870601047071634)",1,97.53517968109873,35222
"(0.8631546198466533, 0.9764666952752286)",1,97.5351589828113,35223
"(0.8726893261776982, 0.9764666952752286)",1,97.53506037788098,35224
"(0.8879608405415911, 0.9766918866148322)",1,97.53490473823176,35225
"(0.477671768371638, 0.9884817792262388)",1,97.53485002238637,35226
"(0.8726893261776982, 0.9764666952752286)",1,97.53483095251114,35227
"(0.9874877810361682, 0.9958292603453894)",1,97.53479830685411,35228
"(0.5951711142105386, 0.9935041393887948)",3,97.5347523875554,35231
"(0.8050115655679925, 0.9790540349287944)",1,97.53466561278802,35232
"(0.9184901612842788, 0.9748802746905214)",1,97.53461522384684,35233
"(0.8128971639097002, 0.9870601047071634)",1,97.53456323610928,35234
"(0.932201731346617, 0.9764666952752286)",4,97.53445128998165,35238
"(0.861111111111111, 0.9833229101521784)",1,97.53443868687776,35239
"(0.6543756204625482, 0.9937495603923254)",2,97.53442351378978,35241
"(0.9476043407479208, 1.0)",1,97.53441000163072,35242
"(0.617608039964183, 0.9975)",1,97.5342895532948,35243
"(0.4965663004560743, 0.9900005000500052)",2,97.5342460687157,35245
"(0.8694224991654613, 0.9766918866148322)",2,97.53423394427548,35247
"(0.3833435083435083, 0.9872890642121412)",1,97.53422979543026,35248
"(0.5135815048525069, 1.0)",3,97.53392669135474,35251
"(0.5070372093557577, 1.0)",1,97.53392149512528,35252
"(0.9418479305417444, 0.9766918866148322)",1,97.53386562869926,35253
"(0.1884619155493628, 1.0)",1,97.53356299649214,35254
"(0.831031066037186, 0.9766918866148322)",2,97.5335534926847,35256
"(0.4958617797724284, 0.9962499238080056)",1,97.5335030822347,35257
"(0.9643944553313464, 0.9764666952752286)",1,97.53348592315362,35258
"(0.8843764852418178, 0.9764666952752286)",2,97.53330090520213,35260
"(0.5952874206793579, 1.0)",1,97.53329729111016,35261
"(0.8506653943511476, 0.991206314397104)",2,97.53323337679666,35263
"(0.8631546198466533, 0.9764666952752286)",1,97.53300273770624,35264
"(0.900838851006521, 0.9748802746905214)",1,97.53294051843174,35265
"(0.8292352872388802, 0.9783783191516332)",2,97.53288126783924,35267
"(0.974772367065274, 0.9958292603453894)",2,97.53288054991444,35269
"(0.509688959052258, 0.9912488373656227)",1,97.53265591929254,35270
"(0.4772368473497005, 0.9962497362353954)",1,97.53257241072686,35271
"(0.7119388248146047, 1.0)",1,97.53252568072,35272
"(0.671021505413943, 1.0)",3,97.53243318756488,35275
"(0.9442283950617284, 1.0)",1,97.5324255326119,35276
"(0.8843764852418178, 0.9764666952752286)",1,97.5323991763986,35277
"(0.6324707692241994, 0.9861673414304992)",1,97.53239617009037,35278
"(0.620130835563485, 0.991206314397104)",1,97.53238917958778,35279
"(0.3067412107187314, 0.9984817852901372)",1,97.53235886335142,35280
"(0.966586548597934, 0.9748524098350704)",1,97.53230864454734,35281
"(0.8705155862492784, 0.9790540349287944)",1,97.5322045846988,35282
"(0.9164187516971112, 0.9790755481078062)",1,97.53175289373772,35283
"(0.9154520780570968, 0.9748802746905214)",2,97.5316100181139,35285
"(0.4935497074925994, 0.9974998905914936)",1,97.53139167994252,35286
"(0.4933386447129642, 0.9975000781372088)",1,97.53116049919836,35287
"(0.765692887308966, 0.9861310021084456)",1,97.53105208176302,35288
"(0.6387464387464387, 0.9870601047071634)",3,97.53092752549377,35291
"(0.9916585206907788, 0.9958292603453894)",1,97.53050097910253,35292
"(0.8579868984630887, 0.9861673414304992)",1,97.53045837698492,35293
"(0.8916052423523688, 0.9916339869281046)",1,97.53042552878088,35294
"(0.9293300445873568, 0.9873891625615764)",1,97.53025656000916,35295
"(0.8730304179305696, 0.9766918866148322)",1,97.530255627127,35296
"(0.5261709490066349, 0.9996210215628012)",1,97.53015374111398,35297
"(0.9486619426325308, 1.0)",1,97.53013938900746,35298
"(0.831031066037186, 0.988167361639188)",1,97.53009844910704,35299
"(0.2861923618111422, 1.0)",3,97.52980632229864,35302
"(0.9161952650324744, 0.9833229101521784)",1,97.52979890516764,35303
"(0.7920005526388505, 0.9861673414304992)",1,97.52966297413752,35304
"(0.8761383419447936, 0.9873891625615764)",1,97.52940755114112,35305
"(0.9036271334014516, 0.9756756534657274)",1,97.52928702734374,35306
"(0.436911946168762, 0.9958099132756668)",1,97.52924076402402,35307
"(0.8685314685314685, 0.9764666952752286)",1,97.5292393261894,35308
"(0.5207596250837986, 1.0)",1,97.52918841615912,35309
"(0.3464973708160582, 1.0)",3,97.52912307507206,35312
"(0.9110813074094206, 0.9764666952752286)",1,97.52896623009224,35313
"(0.6019854338794117, 1.0)",1,97.5288491896189,35314
"(0.8874191651969431, 0.9861673414304992)",1,97.52879751212208,35315
"(0.3703280442697561, 1.0)",2,97.52877752269735,35317
"(0.8090208511560183, 0.9790540349287944)",1,97.52872738282456,35318
"(0.9538370349708868, 0.9764666952752286)",1,97.52855961436204,35319
"(0.440594458995568, 0.9975000781372088)",2,97.52853359556336,35321
"(0.526258954346199, 1.0)",1,97.52845639154276,35322
"(0.9212396972760978, 0.9764666952752286)",1,97.52845137971346,35323
"(0.7498057498057498, 0.9870601047071634)",1,97.5283460501188,35324
"(0.932201731346617, 0.9764666952752286)",1,97.528256624511,35325
"(0.5562558356676003, 0.9861673414304992)",1,97.52803237798192,35326
"(0.5370179311865358, 1.0)",1,97.5278304978404,35327
"(0.8411857639615443, 0.9783782599248878)",2,97.52759315986953,35329
"(0.8165509259259259, 1.0)",1,97.52758863941963,35330
"(0.71150412917389, 0.9935443074662268)",1,97.5275071647203,35331
"(0.5668351162239414, 1.0)",1,97.52750509225096,35332
"(0.6760014179369018, 0.9870601047071634)",1,97.52739843600756,35333
"(0.6326954876802936, 0.9861673414304992)",1,97.5273643161044,35334
"(0.8804215399610136, 0.991206314397104)",2,97.52725617937844,35336
"(0.8557264819266099, 0.9764666952752286)",1,97.527181399307,35337
"(0.5543525394441815, 0.9950000937552737)",1,97.52715711066024,35338
"(0.7000013129045387, 0.9870601047071634)",1,97.52713717809716,35339
"(0.776960076960077, 0.9861310021084456)",1,97.52707277603592,35340
"(0.8813457860512559, 0.9791102677630192)",1,97.52700928096314,35341
"(0.9749625285109156, 0.9958292603453894)",2,97.5269315724373,35343
"(0.7397465592662823, 0.9884568596121724)",2,97.52638658408674,35345
"(0.9916585206907788, 0.9958292603453894)",2,97.52637506248996,35347
"(0.901028965681318, 0.9764666952752286)",1,97.52634866598018,35348
"(0.9058747619658436, 0.9790755481078062)",1,97.52631010397918,35349
"(0.9017715617715616, 0.9861673414304992)",1,97.52625466730056,35350
"(0.8044914258149553, 0.9861310021084456)",1,97.52620694635584,35351
"(0.5729834553363965, 0.9870601047071634)",3,97.52614441593656,35354
"(0.4894591128631123, 0.9975000781372088)",1,97.52607136516356,35355
"(0.9538370349708868, 0.9764666952752286)",1,97.52587327485098,35356
"(0.440594458995568, 0.9975000781372088)",1,97.52584318460688,35357
"(0.4609816352782865, 0.9996210215628012)",1,97.5257632620778,35358
"(0.5949150182078973, 0.9911929100114824)",1,97.52573631957256,35359
"(0.8884797556713653, 0.9832925076188832)",1,97.5257312322897,35360
"(0.6892156862745098, 0.9861673414304992)",1,97.5256599266631,35361
"(0.6211534794826514, 1.0)",1,97.52551816771413,35362
"(0.5938024587948153, 1.0)",1,97.52541156748794,35363
"(0.813515418166581, 0.9766918866148322)",2,97.5252076128544,35365
"(0.8518774267621343, 0.9764666952752286)",1,97.52514959151112,35366
"(0.4407055363375315, 0.995)",1,97.52507537961388,35367
"(0.711778806550463, 0.9969573675011548)",1,97.52495303948903,35368
"(0.6387464387464387, 0.9870601047071634)",1,97.52492864040444,35369
"(0.8687499999999999, 0.9766918866148322)",1,97.52489268396616,35370
"(0.9310391447174572, 0.9793909533590868)",1,97.52481449087313,35371
"(0.5562558356676003, 0.9861673414304992)",1,97.52480407675108,35372
"(0.901028965681318, 0.9764666952752286)",1,97.52478892468132,35373
"(0.7340930674264007, 1.0)",1,97.5247413420096,35374
"(0.9486619426325308, 1.0)",2,97.52464701139392,35376
"(0.5130229932669931, 0.9981012669018314)",1,97.52462677513748,35377
"(0.4976057427443008, 0.9975000781372088)",1,97.5246192200088,35378
"(0.9572437766315318, 0.9786694888904832)",1,97.52460114898942,35379
"(0.4925285484808521, 0.9937495603923254)",1,97.52439352029752,35380
"(0.6011178661408698, 0.9992416608232524)",1,97.52427098431848,35381
"(0.9164187516971112, 0.9791102677630192)",1,97.52421515216338,35382
"(0.4722366884143547, 0.9962497362353954)",1,97.52415384686344,35383
"(0.5908364220961908, 0.992499671774481)",1,97.52400985191522,35384
"(0.962699692780338, 0.9958292603453894)",1,97.52398500048972,35385
"(0.932201731346617, 0.9764666952752286)",1,97.52398030145912,35386
"(0.9297326845255915, 0.9916585206907788)",1,97.5239212814798,35387
"(0.9749088814411396, 1.0)",1,97.52387042119392,35388
"(0.920238255356524, 0.9834113430318364)",1,97.52352962742422,35389
"(0.6560520437793165, 0.999621402088958)",3,97.523516285658,35392
"(0.9374843410636878, 0.9790476832523552)",1,97.52345264713328,35393
"(0.9375304270799264, 0.9790476832523552)",1,97.52338966125768,35394
"(0.911234030893585, 0.9785714285714284)",1,97.52332985446183,35395
"(0.9581203836912794, 0.9748802746905214)",1,97.52328905573265,35396
"(0.4648065695791297, 0.9988642062668746)",1,97.52312554814615,35397
"(0.8694224991654613, 0.9766918866148322)",1,97.52309294642995,35398
"(0.5118812113070996, 0.9987500214884376)",1,97.5229503478452,35399
"(0.4062043881623584, 1.0)",1,97.52294790047812,35400
"(0.7772049591964847, 0.9861673414304992)",1,97.52289442359488,35401
"(0.4009727434617732, 0.9988619159967322)",1,97.52283400450318,35402
"(0.7377975062704127, 0.9870601047071634)",1,97.52264952178132,35403
"(0.9643944553313464, 0.9764666952752286)",1,97.52259856497264,35404
"(0.5261709490066349, 1.0)",1,97.52258450864343,35405
"(0.8572505238994517, 0.9766918866148322)",1,97.52244266781024,35406
"(0.8318916467605246, 0.9770267123810644)",1,97.52238708470132,35407
"(0.8221871747362275, 0.9777026823435556)",1,97.5221584060452,35408
"(0.9017827237858572, 0.9786694888904832)",1,97.5220665130618,35409
"(0.8726893261776982, 0.9764666952752286)",1,97.5220106772122,35410
"(0.8874191651969431, 0.9861673414304992)",1,97.52181711164071,35411
"(0.5118812113070996, 1.0)",1,97.52172551010226,35412
"(0.8813457860512559, 0.9832462877624168)",1,97.52171800384298,35413
"(0.9643944553313464, 0.9764666952752286)",1,97.52168629077794,35414
"(0.7962102115226081, 0.9766918866148322)",1,97.52164367585024,35415
"(0.9398731501057084, 0.988167361639188)",1,97.52160551037656,35416
"(0.634045584045584, 0.9870601047071634)",1,97.52131111061829,35417
"(0.5678747591522157, 0.9937491695468736)",1,97.52121841871778,35418
"(0.9253213924599162, 0.9764666952752286)",1,97.52117801717051,35419
"(0.9164187516971112, 0.9748802746905214)",2,97.52115822036286,35421
"(0.9643944553313464, 0.9764666952752286)",1,97.52108479896091,35422
"(0.8733799478600891, 0.979166518665308)",1,97.52098862511302,35423
"(0.5111055664919109, 0.9887497714240168)",1,97.52085667477286,35424
"(0.983545503234046, 0.9958292603453894)",1,97.52085341559176,35425
"(0.9019292060258446, 0.9861673414304992)",1,97.52079884517096,35426
"(0.8631546198466533, 0.9764666952752286)",1,97.5207690012825,35427
"(0.9212328545548654, 0.9786694888904832)",1,97.5207082214506,35428
"(0.9743030741133208, 0.9958292603453894)",1,97.52025189166712,35429
"(0.5082177015724898, 0.9950001562744178)",1,97.52024075081415,35430
"(0.9539751547184644, 0.9748802746905214)",1,97.52018178160792,35431
"(0.5004274455385378, 0.9975000781372088)",1,97.5200326858905,35432
"(0.932201731346617, 0.9764666952752286)",1,97.5199382101962,35433
"(0.9665831244778612, 0.9833229101521784)",1,97.51991532485312,35434
"(0.4363355778830426, 0.9975)",1,97.51989525893856,35435
"(0.4722366884143547, 0.9974998905914936)",1,97.51981976042686,35436
"(0.6800130179603725, 1.0)",3,97.51975515128922,35439
"(0.3941579628653293, 1.0)",1,97.51966819647512,35440
"(0.943552974917135, 0.9785714285714284)",1,97.51950990029896,35441
"(0.9388917411828462, 0.9786694888904832)",3,97.51944639601602,35444
"(0.6052212368618619, 0.9915802891578352)",1,97.5193185622494,35445
"(0.9102539775554236, 0.9790231494896808)",1,97.51880506209328,35446
"(0.431109474393926, 1.0)",3,97.51871017932274,35449
"(0.3317695658368551, 0.9992416608232524)",3,97.51865278032,35452
"(0.485018619948721, 0.9912503691873502)",1,97.5186248794862,35453
"(0.9788980434141724, 0.9958292603453894)",1,97.51850461632446,35454
"(0.9790972342015986, 0.9958292603453894)",2,97.51831145830404,35456
"(0.901028965681318, 0.9764666952752286)",1,97.51825918924654,35457
"(0.9460547122074636, 0.9748802746905214)",1,97.518033088607,35458
"(0.5255324262157274, 0.9984817852901372)",1,97.51798146207766,35459
"(0.4407055363375315, 0.9962499238080056)",1,97.51777443420424,35460
"(0.5685989470330658, 1.0)",1,97.51756507869182,35461
"(0.5197173479691473, 1.0)",3,97.51755794825104,35464
"(0.6675629468295134, 1.0)",1,97.51754378653258,35465
"(0.6747507742934573, 1.0)",1,97.51743588328146,35466
"(0.5225149242069073, 0.9787415926601832)",1,97.51727376811424,35467
"(0.588673387882185, 1.0)",3,97.51726634462838,35470
"(0.9958292603453894, 0.9958292603453894)",1,97.5169208843432,35471
"(0.9460547122074636, 0.9790231494896808)",1,97.51689555919714,35472
"(0.9294412186464184, 0.9786694888904832)",3,97.51682609501788,35475
"(0.5261709490066349, 1.0)",1,97.51679608379452,35476
"(0.7348436174331348, 0.9861673414304992)",1,97.51677496246276,35477
"(0.6022961136704902, 0.9900175419960736)",3,97.51674594248064,35480
"(0.9743030741133208, 0.9958292603453894)",1,97.51671517253764,35481
"(0.1500716412252043, 0.9988619159967322)",3,97.5166168166496,35484
"(0.5951215675790986, 0.999621402088958)",1,97.51655620735184,35485
"(0.9538370349708868, 0.9764666952752286)",1,97.51649276856692,35486
"(0.8056354979267693, 0.9861310021084456)",1,97.51635396066987,35487
"(0.932201731346617, 0.9764666952752286)",1,97.5163522288148,35488
"(0.987491854024112, 0.9958292603453894)",1,97.51624365702638,35489
"(0.905473433544398, 0.9791102677630192)",1,97.51620906096728,35490
"(0.5951711142105386, 0.9958099132756668)",3,97.5161870966255,35493
"(0.8249504969211211, 0.9766918866148322)",2,97.51613407449746,35495
"(0.8557264819266099, 0.9764666952752286)",1,97.516077403981,35496
"(0.6226233514747549, 0.998107010444791)",1,97.515993856932,35497
"(0.5642422164950636, 0.9870601047071634)",1,97.51591085902224,35498
"(0.9154520780570968, 0.9790755481078062)",1,97.51574011309822,35499
"(0.8662474476427967, 0.9764666952752286)",1,97.51564218338136,35500
"(0.9017715617715616, 0.9861673414304992)",1,97.51556198347517,35501
"(0.4614606379865379, 0.9912488373656227)",1,97.51550365097631,35502
"(0.5277652279377781, 0.9981051078140064)",1,97.51549494453197,35503
"(0.861111111111111, 0.9833229101521784)",1,97.51545218166208,35504
"(0.5951711142105386, 1.0)",1,97.51540248604044,35505
"(0.9791388745136372, 0.9958292603453894)",1,97.51538379727263,35506
"(0.8557264819266099, 0.9764666952752286)",2,97.51537103034808,35508
"(0.9110813074094206, 0.9764666952752286)",1,97.5153632033416,35509
"(0.9114218054477384, 0.9873891625615764)",1,97.51531725723804,35510
"(0.9223799456357596, 0.9764666952752286)",1,97.51527414832717,35511
"(0.8687499999999999, 0.9766918866148322)",1,97.51509089570465,35512
"(0.1523541666666666, 0.9984817852901372)",1,97.5150698543374,35513
"(0.8557264819266099, 0.9764666952752286)",1,97.51504044307096,35514
"(0.901028965681318, 0.9764666952752286)",2,97.51480709946163,35516
"(0.3471124103309341, 1.0)",1,97.51478308716456,35517
"(0.606993006993007, 1.0)",1,97.51477572778064,35518
"(0.4037090566294931, 0.9958142313520018)",1,97.51460666535112,35519
"(0.8694224991654613, 0.9766918866148322)",1,97.51441497184074,35520
"(0.8110682791635173, 0.9861673414304992)",1,97.5143644190874,35521
"(0.9460547122074636, 0.9748802746905214)",1,97.51435283713562,35522
"(0.8066742741368069, 0.9790540349287944)",1,97.51426339751784,35523
"(0.9223799456357596, 0.9764666952752286)",1,97.51423841612755,35524
"(0.4986472607029235, 0.9900005000500052)",1,97.51422248530857,35525
"(0.5959779257772208, 1.0)",1,97.51417157779052,35526
"(0.8292352872388802, 0.976351027451096)",1,97.51400970387246,35527
"(0.8177442148030384, 0.9833229101521784)",1,97.5137971334888,35528
"(0.8631546198466533, 0.9764666952752286)",1,97.51365184665764,35529
"(0.546013779527559, 1.0)",1,97.51361523740172,35530
"(0.8631546198466533, 0.9764666952752286)",1,97.51361177140828,35531
"(0.9110813074094206, 0.9764666952752286)",1,97.5135474870918,35532
"(0.9539751547184644, 0.9790755481078062)",1,97.5134492887713,35533
"(0.5147068703695182, 0.9912488373656227)",2,97.5133535393547,35535
"(0.8843764852418178, 0.9764666952752286)",1,97.51331556974128,35536
"(0.9643944553313464, 0.9764666952752286)",1,97.51331029449118,35537
"(0.9253213924599162, 0.9764666952752286)",1,97.51324179562673,35538
"(0.9110813074094206, 0.9764666952752286)",2,97.51297361173114,35540
"(0.89012458343021, 0.9832184229069656)",1,97.5128728457987,35541
"(0.9750943974852894, 0.9958292603453894)",1,97.51286022419684,35542
"(0.8916052423523688, 0.9916339869281046)",1,97.51282712250088,35543
"(0.6090651266678423, 1.0)",1,97.51271120990396,35544
"(0.8518774267621343, 0.9764666952752286)",1,97.51264793188162,35545
"(0.5312235853879125, 0.9937498730133428)",1,97.51264440546402,35546
"(0.484731353858467, 0.9975000781372088)",1,97.51240142929052,35547
"(0.9017715617715616, 0.9861673414304992)",1,97.51226144197858,35548
"(0.9738477269913072, 0.9958292603453894)",2,97.51220031110688,35550
"(0.5012820344246796, 0.988750193395939)",1,97.5120660302346,35551
"(0.7729389061386163, 0.9766918866148322)",1,97.5119359708261,35552
"(0.9833251873574456, 0.9958292603453894)",1,97.51187795358852,35553
"(0.9833040078201368, 0.9958292603453894)",1,97.51171021054434,35554
"(0.9958292603453894, 0.9958292603453894)",2,97.51159585810692,35556
"(0.7729389061386163, 0.9766918866148322)",2,97.51142722778089,35558
"(0.9829909379735984, 0.9958292603453894)",1,97.51137532208264,35559
"(0.4508193203901878, 0.9974998905914936)",1,97.51136063028876,35560
"(0.9098759089802734, 0.9748524098350704)",1,97.5112520953876,35561
"(0.7837606837606838, 0.9861673414304992)",1,97.51115845089726,35562
"(0.6042502004811546, 1.0)",1,97.51111987365977,35563
"(0.9707071808622552, 0.9958292603453894)",2,97.51094693017563,35565
"(0.9643944553313464, 0.9764666952752286)",2,97.51091402568252,35567
"(0.9172008547008548, 0.9861673414304992)",1,97.5108757233422,35568
"(0.944120583717358, 0.9832925076188832)",1,97.51086005737103,35569
"(0.9017715617715616, 0.9861673414304992)",1,97.5107823496962,35570
"(0.4935497074925994, 0.9962497362353954)",2,97.51071007318546,35572
"(0.8524016298728943, 0.9790755481078062)",1,97.51062227153126,35573
"(0.8218185392856778, 0.9861673414304992)",1,97.5106211381672,35574
"(0.8333192389006343, 0.9766918866148322)",1,97.51053130508366,35575
"(0.4935497074925994, 0.9974998905914936)",1,97.5104899695134,35576
"(0.8003813092161745, 0.9791102677630192)",1,97.51031790449,35577
"(0.5009421228446381, 0.9962499238080056)",1,97.51022877007384,35578
"(0.7000013129045387, 0.9870601047071634)",1,97.51005546414204,35579
"(0.9643944553313464, 0.9764666952752286)",1,97.5100036044031,35580
"(0.4495135398715946, 0.9965822804232966)",1,97.50994684548824,35581
"(0.7376124238869338, 0.9870601047071634)",1,97.50978000505332,35582
"(0.5466837142306626, 0.9861673414304992)",1,97.50933696102886,35583
"(0.5138165509259259, 0.9988642062668746)",1,97.50919142580771,35584
"(0.9791258409522168, 0.9958292603453894)",1,97.50916892397998,35585
"(0.4830767364322945, 0.9912488373656227)",1,97.5091099521603,35586
"(0.9154520780570968, 0.9790755481078062)",1,97.50907431729549,35587
"(0.6047607547714982, 1.0)",1,97.50904511817534,35588
"(0.6194163158907553, 0.9950001562744178)",1,97.5090353420931,35589
"(0.6088842547573518, 1.0)",1,97.5089882219261,35590
"(0.4603282383880727, 0.9987500214884376)",1,97.50890792941593,35591
"(0.813515418166581, 0.9766918866148322)",1,97.5087577618266,35592
"(0.9539751547184644, 0.9748524098350704)",1,97.50873959242006,35593
"(0.9609357631051972, 0.9786694888904832)",3,97.5086944987124,35596
"(0.900838851006521, 0.9791102677630192)",2,97.50847508979196,35598
"(0.4949779061119132, 0.9887504746694504)",1,97.50840601557344,35599
"(0.4923104882535888, 0.9987500214884376)",1,97.50809885340988,35600
"(0.4069389693383772, 0.981081081081081)",1,97.50808179285671,35601
"(0.5952874206793579, 1.0)",3,97.50792073753576,35604
"(0.92132700797001, 0.979166518665308)",1,97.50775823686868,35605
"(0.8722751392320632, 0.9760133410378676)",1,97.50770265085016,35606
"(0.5041116118411525, 0.9984817852901372)",1,97.50768286521884,35607
"(0.8557264819266099, 0.9764666952752286)",1,97.50750883537329,35608
"(0.7962102115226081, 0.9766918866148322)",2,97.50739134574164,35610
"(0.4460735930735931, 0.9887504746694504)",1,97.50735207548504,35611
"(0.9244352123384382, 0.979166518665308)",1,97.50725694020925,35612
"(0.418728666447884, 0.9974998905914936)",1,97.50716035883312,35613
"(0.8726893261776982, 0.9764666952752286)",1,97.50714674436246,35614
"(0.5118812113070996, 0.9987499746026686)",1,97.50714550772572,35615
"(0.8596618357487924, 0.9861673414304992)",1,97.50712421257126,35616
"(0.831031066037186, 0.9766918866148322)",2,97.5069302436817,35618
"(0.9791585206907788, 0.9958292603453894)",1,97.50674853064204,35619
"(0.8685314685314685, 0.9764666952752286)",1,97.5067018978832,35620
"(0.5642422164950636, 0.9872890642121412)",2,97.50670150624896,35622
"(0.8884797556713653, 0.9748802746905214)",1,97.5066801104528,35623
"(0.978932178932179, 0.9958292603453894)",1,97.50666835109152,35624
"(0.7598451862602805, 0.9870601047071634)",1,97.50666472294732,35625
"(0.9110813074094206, 0.9764666952752286)",1,97.5066611517546,35626
"(0.9832965806068272, 0.9958292603453894)",2,97.5065324018734,35628
"(1.0, 1.0)",1,97.5065003259642,35629
"(0.3701287531347074, 0.9810804591108104)",1,97.50643837688588,35630
"(0.9707071808622552, 0.9958292603453894)",1,97.50640648402656,35631
"(0.7376124238869338, 0.9870601047071634)",1,97.50640007787476,35632
"(0.8374874819183264, 0.9764666952752286)",1,97.50622459209004,35633
"(0.9876106894370652, 0.9958292603453894)",1,97.50619000644764,35634
"(0.8604306971015356, 0.9861673414304992)",1,97.50618176119008,35635
"(0.901028965681318, 0.9764666952752286)",1,97.5061148090802,35636
"(0.4921211569947243, 0.9975000781372088)",1,97.50584269812046,35637
"(0.8593554593554595, 0.9861673414304992)",1,97.50582867843528,35638
"(0.5109151964357009, 1.0)",3,97.50521757538996,35641
"(0.9253213924599162, 0.9764666952752286)",1,97.50511391999144,35642
"(0.8557264819266099, 0.9764666952752286)",1,97.50510561197032,35643
"(0.8557264819266099, 0.9764666952752286)",1,97.50506928416458,35644
"(0.940928587432546, 0.979166518665308)",1,97.504847411462,35645
"(0.49682489346054, 1.0)",1,97.50476029418505,35646
"(0.5932092007364075, 1.0)",1,97.50469411107538,35647
"(0.8685314685314685, 0.9764666952752286)",2,97.50465036542158,35649
"(0.8557264819266099, 0.9764666952752286)",1,97.50463258847562,35650
"(0.9184901612842788, 0.9832184229069656)",1,97.50462781754511,35651
"(0.4497336854186499, 0.9977203590215908)",1,97.504530195202,35652
"(0.9793747635794354, 0.9958292603453894)",2,97.50429160110524,35654
"(0.7903875985986362, 1.0)",1,97.5042590918884,35655
"(0.5970429628112865, 1.0)",1,97.50424373417422,35656
"(0.5451899418331657, 0.9988642062668746)",1,97.50381915450112,35657
"(0.9398731501057084, 0.9766918866148322)",1,97.5038182774541,35658
"(0.8557264819266099, 0.9764666952752286)",2,97.50380304789876,35660
"(0.5153209052589321, 0.9974998905914936)",1,97.50370366158296,35661
"(0.7615072500907597, 0.9764666952752286)",1,97.50363645425,35662
"(0.756001848808409, 0.9780405029455544)",1,97.5035532489152,35663
"(0.5196889482452458, 0.9981012669018314)",1,97.50345936114309,35664
"(0.8587708587708588, 0.9870601047071634)",1,97.50325299688352,35665
"(0.9223799456357596, 0.9764666952752286)",1,97.50320522180743,35666
"(0.9665755481078062, 1.0)",2,97.5030974151222,35668
"(0.8557264819266099, 0.9764666952752286)",2,97.5030112158049,35670
"(0.6736022307473716, 0.9861673414304992)",1,97.50297820763886,35671
"(0.8315416458960965, 0.9766918866148322)",1,97.50293381462184,35672
"(0.5315938119639068, 1.0)",1,97.50284414364025,35673
"(0.5922305451363773, 1.0)",2,97.5027065074191,35675
"(0.7617216117216117, 0.9870601047071634)",1,97.50267336277498,35676
"(0.4195358585602487, 0.9870601047071634)",1,97.50255376097432,35677
"(0.9019154091522512, 0.9790755481078062)",1,97.50249014148866,35678
"(0.4937776876667119, 0.9962499238080056)",2,97.50241824592176,35680
"(0.6743871513102283, 0.9870601047071634)",3,97.50234896811816,35683
"(1.0, 0.9958292603453894)",1,97.50226784060924,35684
"(0.7377975062704127, 0.9872890642121412)",1,97.50198963204195,35685
"(0.9309821833269412, 0.9766918866148322)",1,97.50170363793404,35686
"(0.8152898027898028, 0.9861673414304992)",1,97.50140032658403,35687
"(0.71150412917389, 0.992345717416214)",3,97.50138049811822,35690
"(0.8726893261776982, 0.9764666952752286)",1,97.50131364594608,35691
"(0.6326954876802936, 0.9861673414304992)",1,97.50128329308048,35692
"(0.5196889482452458, 0.9981012669018314)",1,97.50113670985294,35693
"(0.4195358585602487, 0.9872890642121412)",1,97.50108410009186,35694
"(0.8596618357487924, 0.9861673414304992)",1,97.50095655362068,35695
"(0.4919916866987179, 0.9987500214884376)",1,97.50073151741223,35696
"(0.932201731346617, 0.9764666952752286)",1,97.50071339815317,35697
"(0.5951711142105386, 0.9950429441987424)",3,97.50055349984196,35700
"(0.8947046219773493, 0.9766918866148322)",1,97.50052087489168,35701
"(0.6090651266678423, 0.999621402088958)",1,97.5002904508704,35702
"(0.679403773242835, 0.9935508573148152)",1,97.50024354469264,35703
"(0.8016677935542034, 0.9833229101521784)",1,97.5001656531428,35704
"(0.8587195484254307, 0.9861310021084456)",1,97.5000491856002,35705
"(0.9182966261114094, 0.9958292603453894)",1,97.50002283499008,35706
"(0.4338421858976735, 0.9912488373656227)",2,97.49995681807948,35708
"(0.7729389061386163, 0.9766918866148322)",2,97.49995175275652,35710
"(0.8843764852418178, 0.9764666952752286)",1,97.49984066361569,35711
"(0.8279428904428904, 0.9870601047071634)",2,97.4997864383346,35713
"(0.6084354171454838, 0.9950001562744178)",1,97.49972462547508,35714
"(0.6015289559276157, 1.0)",1,97.4996924252146,35715
"(0.8322510822510822, 0.9861673414304992)",1,97.49912500817418,35716
"(0.9499687304565352, 0.9833229101521784)",1,97.49891014282947,35717
"(0.5132225849922759, 0.9799966232905408)",1,97.49873786516191,35718
"(0.8685314685314685, 0.9764666952752286)",1,97.49860118118744,35719
"(0.947035873779261, 0.9786694888904832)",3,97.49854262398708,35722
"(0.8249504969211211, 0.9766918866148322)",1,97.49826081230091,35723
"(0.5130229932669931, 0.9981012669018314)",1,97.49823951748375,35724
"(0.4337472035794183, 0.9992416608232524)",1,97.49823661919598,35725
"(0.8572048611111112, 0.9861673414304992)",1,97.49821393288394,35726
"(0.8003813092161745, 0.9748802746905214)",1,97.49811267609682,35727
"(0.9017715617715616, 0.9861673414304992)",1,97.49801791380064,35728
"(0.8518774267621343, 0.9764666952752286)",1,97.4978088301934,35729
"(0.4514795008912656, 1.0)",1,97.4976327422111,35730
"(0.4468328406505846, 0.9861673414304992)",1,97.49735768969852,35731
"(0.7374768177381903, 0.991206314397104)",1,97.49733376972765,35732
"(0.831031066037186, 0.9766918866148322)",1,97.49690604304917,35733
"(0.5910655737704917, 0.9962498066040608)",1,97.49673261382084,35734
"(0.966586548597934, 0.9748802746905214)",1,97.4966377989462,35735
"(0.9259740526337398, 0.9785714285714284)",1,97.49663721984156,35736
"(0.9017715617715616, 0.9861673414304992)",3,97.49658665457495,35739
"(0.9069146290816338, 0.9748802746905214)",1,97.49643731168236,35740
"(0.59638347550428, 1.0)",3,97.49637457239388,35743
"(0.8726893261776982, 0.9766918866148322)",1,97.49631706751434,35744
"(0.6675629468295134, 1.0)",3,97.49615580874526,35747
"(0.7713401051412279, 1.0)",1,97.49600408188252,35748
"(0.4687790549588952, 0.9912488373656227)",1,97.49573085887602,35749
"(0.5324853883419285, 0.994999843725582)",1,97.49571132341153,35750
"(0.484646846010113, 0.9962497362353954)",1,97.49566226368866,35751
"(0.9110813074094206, 0.9764666952752286)",1,97.49559619777564,35752
"(0.4139252838240179, 0.9831059867621844)",1,97.49558800973377,35753
"(0.9327510896243466, 0.9760135053004548)",1,97.4955675515726,35754
"(0.6536497879589078, 0.991248180614378)",1,97.4955288412907,35755
"(0.240611928037625, 0.998107010444791)",1,97.49550943398592,35756
"(0.4937555371180266, 0.9924997655883732)",1,97.4953676357184,35757
"(0.930124456440246, 1.0)",1,97.4952246689799,35758
"(0.5685296942699924, 0.9827694264931702)",1,97.49514946969713,35759
"(0.9643944553313464, 0.9764666952752286)",2,97.49514108455236,35761
"(0.9712822597033124, 0.9785714285714284)",3,97.49452579538892,35764
"(0.3987913031507923, 0.9820935051346258)",1,97.49451408668314,35765
"(0.6776248115321206, 0.9872890642121412)",1,97.49450694728598,35766
"(0.901608756801166, 0.9793909533590868)",1,97.4943352813947,35767
"(0.9454999712494968, 0.9916585206907788)",1,97.49422313530344,35768
"(0.484646846010113, 0.9962497362353954)",1,97.49413285620874,35769
"(0.6736022307473716, 0.9861673414304992)",1,97.49402041688468,35770
"(0.2385869877579171, 1.0)",2,97.493943611696,35772
"(0.9643944553313464, 0.9764666952752286)",1,97.49393630738912,35773
"(0.567296739984289, 0.9900003125488358)",1,97.49389532021074,35774
"(0.901608756801166, 0.9763512865722463)",1,97.4938265405152,35775
"(0.6040339402207299, 1.0)",1,97.49377986328273,35776
"(0.5909030435404882, 0.999621402088958)",3,97.49371348006048,35779
"(0.6006380389026112, 0.9962500644653132)",1,97.49364617464632,35780
"(0.4553345256344744, 0.9987499746026686)",1,97.49363406866436,35781
"(0.5469587499213985, 0.9984817852901372)",1,97.49351969568018,35782
"(0.7393955720057585, 0.975675542415073)",1,97.49342280030022,35783
"(0.8557264819266099, 0.9764666952752286)",1,97.49329817848896,35784
"(0.9019292060258446, 0.9861673414304992)",2,97.49313988174036,35786
"(0.8557264819266099, 0.9764666952752286)",2,97.4930356871515,35788
"(0.831031066037186, 0.9766918866148322)",1,97.49300146434553,35789
"(0.8148308968977662, 0.9861673414304992)",3,97.49279350796952,35792
"(0.6675629468295134, 1.0)",1,97.49262488068408,35793
"(0.484731353858467, 0.9975000781372088)",1,97.49261478886868,35794
"(0.5056778729738882, 0.9962497362353954)",1,97.49259547139184,35795
"(0.9011810599946194, 0.9861673414304992)",1,97.49254098664944,35796
"(0.8726893261776982, 0.9766918866148322)",1,97.492493338735,35797
"(0.9019292060258446, 0.9861673414304992)",1,97.4924288992736,35798
"(0.94484126984127, 0.9861673414304992)",2,97.49230722559577,35800
"(0.987491854024112, 0.9958292603453894)",1,97.4921539343579,35801
"(0.974772367065274, 0.9958292603453894)",2,97.49206969716232,35803
"(0.8557264819266099, 0.9764666952752286)",1,97.49200254929934,35804
"(0.4609162804468383, 0.98999899959984)",1,97.49199845064292,35805
"(0.9253213924599162, 0.9764666952752286)",1,97.49192213110666,35806
"(0.9333333333333332, 0.9833229101521784)",1,97.49190561768292,35807
"(0.9536653605723816, 0.9958292603453894)",1,97.49183740854473,35808
"(0.901028965681318, 0.9764666952752286)",3,97.49182661783244,35811
"(0.8884797556713653, 0.9748802746905214)",1,97.49176275532692,35812
"(0.932201731346617, 0.9764666952752286)",1,97.49162002729204,35813
"(0.9223799456357596, 0.9764666952752286)",1,97.49157536158076,35814
"(0.8662474476427967, 0.9764666952752286)",1,97.49149963071687,35815
"(0.9486619426325308, 1.0)",1,97.49140941008493,35816
"(0.7250237826596757, 0.9870601047071634)",1,97.491390062024,35817
"(0.8622520112492773, 0.9790755481078062)",1,97.4913134792248,35818
"(0.5715397013354384, 0.9981012669018314)",1,97.49131073360736,35819
"(0.8701068324360797, 0.9770269011701934)",2,97.49128548263882,35821
"(0.9253213924599162, 0.9764666952752286)",1,97.49110727536424,35822
"(0.8716153127917834, 0.9861673414304992)",1,97.49098805473368,35823
"(0.9712822597033124, 0.9785714285714284)",1,97.49058610350578,35824
"(0.4860887005222129, 0.9912488373656227)",1,97.4905641188592,35825
"(0.8589064384650125, 0.9790755481078062)",1,97.490464724416,35826
"(0.4933386447129642, 0.9975000781372088)",1,97.4904370149187,35827
"(0.4743478079735079, 0.9981012669018314)",1,97.49039730127538,35828
"(0.8580559516200404, 0.9764666952752286)",1,97.49033217826904,35829
"(0.5349448432585369, 0.9969573675011548)",3,97.49028659251172,35832
"(0.5939549490228829, 1.0)",1,97.4902284053166,35833
"(0.8003813092161745, 0.9832462877624168)",1,97.49011059644216,35834
"(0.9749625285109156, 0.9958292603453894)",1,97.49010725979342,35835
"(0.6084354171454838, 0.9937495603923254)",1,97.49003731150232,35836
"(0.634045584045584, 0.9872890642121412)",1,97.48997304079472,35837
"(0.8726893261776982, 0.9764666952752286)",1,97.48955205465424,35838
"(0.7498057498057498, 0.9870601047071634)",2,97.48950853572944,35840
"(0.9459285785969274, 0.9822435286841809)",1,97.4894800740748,35841
"(0.843730230395311, 0.9764666952752286)",1,97.48937843846964,35842
"(0.911880676018607, 0.9873891625615764)",1,97.48937499721607,35843
"(0.9110813074094206, 0.9764666952752286)",1,97.489372864278,35844
"(0.8518774267621343, 0.9764666952752286)",1,97.48933332564826,35845
"(0.9744745723240348, 0.9958292603453894)",1,97.48923708071749,35846
"(0.6226233514747549, 0.998107010444791)",1,97.48922012082971,35847
"(0.9153439153439156, 0.9833229101521784)",1,97.48918611151242,35848
"(0.9184901612842788, 0.9748802746905214)",1,97.4890664557091,35849
"(0.5856986174790536, 1.0)",3,97.48904611446564,35852
"(0.2672914952175105, 0.9988619159967322)",1,97.48887942952516,35853
"(0.8958208965097509, 0.9958292603453894)",1,97.48877008739534,35854
"(0.8716153127917834, 0.9861673414304992)",1,97.48873371873871,35855
"(0.5778206440811193, 0.9935041393887948)",3,97.48869543854572,35858
"(0.8279428904428904, 0.9870601047071634)",1,97.48863992930198,35859
"(0.8518774267621343, 0.9764666952752286)",1,97.4885980290689,35860
"(0.7833537331701346, 0.9764666952752286)",1,97.4885819023114,35861
"(0.526258954346199, 1.0)",1,97.4883849634546,35862
"(0.8631546198466533, 0.9764666952752286)",1,97.4883469983023,35863
"(0.7617216117216117, 0.9870601047071634)",1,97.48831783521632,35864
"(0.599744651595403, 0.9988619159967322)",1,97.4882802314185,35865
"(0.8152898027898028, 0.9861673414304992)",3,97.48812927140148,35868
"(0.4919916866987179, 0.9987499746026686)",1,97.48810984575508,35869
"(0.97934925289764, 0.9958292603453894)",1,97.48803667059966,35870
"(0.493185354223825, 1.0)",3,97.48776226920332,35873
"(0.7376124238869338, 0.9870601047071634)",2,97.48775356556546,35875
"(0.6800130179603725, 0.9977249824697576)",1,97.48771009671918,35876
"(0.4845066627893052, 0.9981012669018314)",1,97.48766545871234,35877
"(0.813515418166581, 0.9766918866148322)",1,97.48765765828604,35878
"(0.5094440332946544, 1.0)",1,97.48765182545452,35879
"(0.7377975062704127, 0.9872890642121412)",2,97.48742751943864,35881
"(0.94484126984127, 0.9861673414304992)",1,97.48723222319909,35882
"(0.5159978271811663, 1.0)",1,97.48722988185716,35883
"(0.5209072341900949, 0.9984817852901372)",1,97.48711304516884,35884
"(0.8694224991654613, 0.9766918866148322)",1,97.48706337670303,35885
"(0.8631546198466533, 0.9764666952752286)",1,97.486970447856,35886
"(0.9874877810361682, 0.9958292603453894)",1,97.48693563438722,35887
"(0.7923306301473605, 0.9764666952752286)",1,97.48690981893265,35888
"(0.5978053951367237, 0.9981012669018314)",1,97.4868337328698,35889
"(1.0, 0.9958292603453894)",1,97.48680897839571,35890
"(0.9253213924599162, 0.9764666952752286)",1,97.48666166557942,35891
"(0.493185354223825, 1.0)",1,97.48664521699963,35892
"(0.8739697232246253, 0.9790476832523552)",1,97.48645393329627,35893
"(0.9153294623757022, 0.9785714285714284)",3,97.48643480104136,35896
"(0.9586741069110368, 0.9748802746905214)",1,97.486376292796,35897
"(0.776717683694428, 0.9870601047071634)",1,97.4863094295948,35898
"(0.7617216117216117, 0.9870601047071634)",1,97.4862774603122,35899
"(0.7824110326372048, 0.9766918866148322)",1,97.48617953531534,35900
"(0.4585384595277654, 0.9912488373656227)",1,97.4861694297099,35901
"(0.9134717985546716, 0.9770269011697912)",1,97.48607793774929,35902
"(0.8843764852418178, 0.9764666952752286)",1,97.485943133173,35903
"(0.8518774267621343, 0.9764666952752286)",1,97.48583968820502,35904
"(0.8456659619450317, 0.9764666952752286)",1,97.48582387291796,35905
"(0.1808771236817465, 0.9977226779352056)",1,97.48575396113164,35906
"(0.8621031746031745, 0.9861310021084456)",1,97.48574495991276,35907
"(0.5286751006005854, 0.9919587439235272)",1,97.48564092474142,35908
"(0.5135815048525069, 1.0)",1,97.48555376174976,35909
"(0.8604306971015356, 0.9861673414304992)",1,97.48553749733148,35910
"(0.6766917293233082, 0.9870601047071634)",2,97.48533609024012,35912
"(0.9131755270308844, 0.9793909533590868)",1,97.48531555900848,35913
"(0.5087400188487272, 0.99499949979992)",2,97.48526420913062,35915
"(0.8726893261776982, 0.9764666952752286)",1,97.4852136829675,35916
"(0.7713401051412279, 1.0)",1,97.48521159843098,35917
"(0.8013184398461819, 0.9764666952752286)",1,97.48515922061723,35918
"(0.9460547122074636, 0.9748802746905214)",1,97.48509488128406,35919
"(0.9791332681655264, 0.9958292603453894)",1,97.48496025458624,35920
"(0.5959779257772208, 1.0)",1,97.4849350139301,35921
"(0.9058747619658436, 0.9748802746905214)",1,97.48487492958364,35922
"(0.6154433311277057, 1.0)",3,97.48485337343604,35925
"(0.900838851006521, 0.9748802746905214)",1,97.48480045392256,35926
"(0.6387464387464387, 0.9870601047071634)",1,97.48467134235794,35927
"(0.4319035504296698, 0.9962501582231502)",1,97.48432478612544,35928
"(0.2897050380843664, 0.9912488373656227)",1,97.4841022904663,35929
"(0.8333192389006343, 0.9766918866148322)",1,97.48401451782806,35930
"(0.9873444118605408, 0.9958292603453894)",2,97.483991331748,35932
"(0.8013184398461819, 0.9764666952752286)",1,97.48396057669405,35933
"(0.6766917293233082, 0.9870601047071634)",1,97.48382736291884,35934
"(0.6238255567452281, 0.9870601047071634)",1,97.48378843211432,35935
"(0.8694224991654613, 0.9766918866148322)",1,97.48375231540454,35936
"(0.2821631448874142, 0.998107010444791)",1,97.48361018026306,35937
"(0.8557264819266099, 0.9764666952752286)",1,97.48360736055376,35938
"(0.6736022307473716, 0.9861673414304992)",1,97.4835667931212,35939
"(0.8813457860512559, 0.9748802746905214)",1,97.48343781609714,35940
"(0.4722366884143547, 0.9974998905914936)",2,97.48339426830071,35942
"(0.9643944553313464, 0.9764666952752286)",1,97.48324796113042,35943
"(0.9110813074094206, 0.9764666952752286)",1,97.48311754728952,35944
"(0.8687499999999999, 0.9766918866148322)",1,97.48307803481622,35945
"(0.4585384595277654, 0.9912488373656227)",1,97.48283658786843,35946
"(0.9497171590194846, 1.0)",1,97.4827942730124,35947
"(0.7884092310206264, 0.9764666952752286)",1,97.4827818003143,35948
"(0.9309821833269412, 0.9766918866148322)",1,97.48274390490604,35949
"(0.8584175084175085, 0.9861673414304992)",1,97.48268030790452,35950
"(0.9110813074094206, 0.9764666952752286)",1,97.48260419181884,35951
"(0.888425800230205, 0.9790540349287944)",1,97.48255816255428,35952
"(0.519281985185043, 0.9981012669018314)",1,97.48233672646585,35953
"(0.8018345291072564, 0.9870601047071634)",1,97.48227690341092,35954
"(0.9618291283060416, 0.9958292603453894)",1,97.48219685581611,35955
"(0.8685314685314685, 0.9764666952752286)",1,97.48216182475224,35956
"(0.8524016298728943, 0.9790755481078062)",1,97.48201181539224,35957
"(0.5353461588384578, 0.9950429441987424)",3,97.48188388432456,35960
"(0.6892156862745098, 0.9861673414304992)",1,97.48183540709589,35961
"(0.5222068099340543, 0.9988642062668746)",1,97.4818058403384,35962
"(0.8813457860512559, 0.9748524098350704)",1,97.48169814557696,35963
"(0.9223799456357596, 0.9764666952752286)",1,97.48164329943016,35964
"(0.9832925076188832, 0.9958292603453894)",1,97.4815586224625,35965
"(0.8557264819266099, 0.9764666952752286)",1,97.48154249886808,35966
"(0.8557264819266099, 0.9764666952752286)",2,97.4814921118972,35968
"(0.9538370349708868, 0.9764666952752286)",1,97.4814036477252,35969
"(0.5320180604331844, 0.9996210215628012)",1,97.48129077662156,35970
"(0.8024695068301698, 0.9780405029454858)",2,97.48121722192026,35972
"(0.5237466575255753, 1.0)",3,97.48117783924748,35975
"(0.9707071808622552, 0.9958292603453894)",1,97.4811476901471,35976
"(0.8716153127917834, 0.9861673414304992)",2,97.48102472647764,35978
"(0.9788283442948758, 0.9958292603453894)",1,97.48081302560836,35979
"(0.8631546198466533, 0.9764666952752286)",1,97.4807569658578,35980
"(0.901028965681318, 0.9764666952752286)",2,97.4806674130398,35982
"(0.8557264819266099, 0.9764666952752286)",1,97.48054894120904,35983
"(0.5915486782249667, 1.0)",3,97.48051075409164,35986
"(0.6397933055933888, 0.9975)",1,97.48041814485116,35987
"(0.8662474476427967, 0.9764666952752286)",1,97.48006101480276,35988
"(0.5203553504225632, 0.9984817852901372)",1,97.47994758751352,35989
"(0.4468328406505846, 0.9861673414304992)",1,97.47993871294996,35990
"(0.9707071808622552, 0.9958292603453894)",1,97.4798046430376,35991
"(0.5465579710144928, 0.99)",1,97.4797947237478,35992
"(0.900838851006521, 0.9748524098350704)",1,97.47973578971232,35993
"(0.6759040330903159, 1.0)",1,97.47966685646811,35994
"(0.813515418166581, 0.9766918866148322)",2,97.479665290528,35996
"(0.5592924417056326, 1.0)",1,97.47960104243066,35997
"(0.9539751547184644, 0.9748802746905214)",1,97.47950903118893,35998
"(0.8579868984630887, 0.9861673414304992)",1,97.47943691688022,35999
"(0.8726893261776982, 0.9764666952752286)",1,97.47942062576092,36000
"(0.5469587499213985, 0.9981012669018314)",1,97.47922647660654,36001
"(0.7250237826596757, 0.9870601047071634)",1,97.4788889274412,36002
"(0.4468328406505846, 0.9861673414304992)",1,97.478874125021,36003
"(0.7780625367430922, 0.9861673414304992)",1,97.47884044096206,36004
"(0.8221871747362275, 0.9783783191516332)",2,97.47883301697053,36006
"(0.9497171590194848, 0.9833229101521784)",1,97.47879884453413,36007
"(0.6238255567452281, 0.9872890642121412)",1,97.4787445820705,36008
"(0.7521214129188376, 1.0)",1,97.47862494182112,36009
"(0.9916585206907788, 0.9958292603453894)",2,97.4785215220165,36011
"(0.4223412897011674, 1.0)",1,97.47852008599902,36012
"(0.4673343159733596, 0.9974998905914936)",1,97.47844988934536,36013
"(0.509688959052258, 0.9912488373656227)",2,97.47831946941652,36015
"(0.846224760385985, 0.9783778255815424)",2,97.47825711239972,36017
"(0.8518774267621343, 0.9764666952752286)",2,97.47811786351252,36019
"(0.5087400188487272, 0.9962497362353954)",2,97.47800892690724,36021
"(0.415019773520844, 0.9987499746026686)",1,97.47793525927209,36022
"(0.8292352872388802, 0.9790540349287944)",1,97.47792512299884,36023
"(0.6451734539969834, 0.9870601047071634)",3,97.47792207155724,36026
"(0.5151897052695996, 0.9992431829362568)",1,97.47780165158744,36027
"(0.476193313409349, 0.9975000781372088)",2,97.47779919896584,36029
"(0.9058747619658436, 0.9748802746905214)",1,97.4777845978726,36030
"(0.8694224991654613, 0.988167361639188)",1,97.47767828787178,36031
"(0.5916005291005291, 1.0)",1,97.477673290529,36032
"(0.5112838915470493, 1.0)",1,97.47764582055242,36033
"(0.4794373036867545, 0.9827694264931702)",1,97.47754749276162,36034
"(0.8518774267621343, 0.9764666952752286)",2,97.47751787763887,36036
"(0.9833040078201368, 0.9958292603453894)",1,97.47749140812574,36037
"(0.6784722222222224, 1.0)",1,97.47715394274466,36038
"(0.9666299139401606, 0.9748802746905214)",1,97.47685053302912,36039
"(0.4553345256344744, 0.9987499746026686)",1,97.4767756217722,36040
"(0.8716153127917834, 0.9861673414304992)",1,97.47677015040856,36041
"(0.5111533646322378, 0.9988642062668746)",1,97.47674389869437,36042
"(0.3188477500068535, 0.996575280197092)",1,97.47672722407846,36043
"(0.8631918334993627, 0.9833229101521784)",3,97.47642323540772,36046
"(0.7453091184935634, 0.991206314397104)",1,97.47631019137016,36047
"(0.9036271334014516, 0.9777019697476376)",1,97.47622613050038,36048
"(0.5325664251207729, 0.9850008437974636)",1,97.47602645725055,36049
"(0.3434871832287562, 0.9975000781372088)",1,97.47596957208582,36050
"(0.7942038054814895, 0.9861673414304992)",1,97.47592230299514,36051
"(0.9749088814411396, 1.0)",1,97.47587265542856,36052
"(0.951892755797645, 0.9764666952752286)",1,97.47586120160018,36053
"(1.0, 0.9833229101521784)",1,97.47581000155633,36054
"(0.9253213924599162, 0.9764666952752286)",2,97.47561553047832,36056
"(0.8218185392856778, 0.9861673414304992)",1,97.47557235845444,36057
"(0.3930894945067609, 0.9987500214884376)",1,97.47556894864682,36058
"(0.6324707692241994, 0.9861673414304992)",1,97.47546383408314,36059
"(0.901028965681318, 0.9764666952752286)",1,97.475346527149,36060
"(0.958492593181136, 0.9748802746905214)",1,97.47531821556512,36061
"(0.8730304179305696, 0.9766918866148322)",1,97.47523598021876,36062
"(0.8388048698116161, 0.9861673414304992)",1,97.47521556608054,36063
"(0.9310391447174572, 0.978040382640878)",2,97.47521105048462,36065
"(0.4585755850187953, 0.9962497362353954)",2,97.47517890411528,36067
"(0.524828125, 1.0)",3,97.47514945531506,36070
"(0.595675585284281, 0.9912498222186796)",1,97.4750485239303,36071
"(0.4776877676981033, 0.9977203590215908)",1,97.47503165530055,36072
"(0.7498057498057498, 0.9872890642121412)",1,97.4746169781716,36073
"(0.2672914952175105, 0.9984817852901372)",1,97.47428325447515,36074
"(0.8928598364786969, 0.9958292603453894)",1,97.47416486073976,36075
"(0.9466127311522048, 0.991206314397104)",1,97.47407793984353,36076
"(0.4407055363375315, 0.9962499238080056)",1,97.47392796775648,36077
"(0.6642127566941382, 1.0)",1,97.4737041865226,36078
"(0.5642422164950636, 0.9870601047071634)",1,97.47363239735832,36079
"(0.7962102115226081, 0.9766918866148322)",2,97.4735285018868,36081
"(0.440594458995568, 0.9975000781372088)",1,97.47350160939855,36082
"(0.5978053951367237, 0.9981012669018314)",1,97.47338087574728,36083
"(0.664091471262014, 0.9981012669018314)",1,97.47330334342352,36084
"(0.476193313409349, 0.9950002500250024)",1,97.47327207803524,36085
"(0.8411857639615443, 0.9760134176943226)",2,97.47322113054176,36087
"(0.888425800230205, 0.9787161797779323)",1,97.47315514921851,36088
"(0.8491340807583629, 0.9861673414304992)",1,97.473103669985,36089
"(0.5951215675790986, 1.0)",1,97.47310201989876,36090
"(0.7884092310206264, 0.9764666952752286)",1,97.47309135158928,36091
"(0.7323695788812067, 0.9766918866148322)",1,97.47308768451563,36092
"(0.4955203630891704, 0.9912503691873502)",1,97.47305999958655,36093
"(0.4943189964157706, 1.0)",1,97.472993233392,36094
"(0.9792773561037318, 1.0)",2,97.47297261228172,36096
"(0.8874191651969431, 0.9861673414304992)",1,97.47287228593169,36097
"(0.2204230963407635, 1.0)",1,97.47282440184075,36098
"(0.8013184398461819, 0.9764666952752286)",1,97.4726235025546,36099
"(0.9398731501057084, 0.9766918866148322)",1,97.47261891738772,36100
"(0.8596618357487924, 0.9861673414304992)",1,97.47260575130498,36101
"(0.7124941087515932, 0.9783782599248878)",1,97.47260244591644,36102
"(0.831031066037186, 0.9766918866148322)",1,97.47258931855286,36103
"(0.8705155862492784, 0.9790540349287944)",3,97.47257844883298,36106
"(0.9435817855979146, 0.9958292603453894)",1,97.47256195046168,36107
"(0.9468391231269042, 0.9786694888904832)",1,97.4724087873778,36108
"(0.8777008472715792, 0.9790540349287944)",1,97.47230702257418,36109
"(0.6784722222222224, 1.0)",1,97.47217146504136,36110
"(0.9643944553313464, 0.9764666952752286)",1,97.47207787240578,36111
"(0.8175446168757694, 0.9861673414304992)",1,97.47207235406331,36112
"(0.9788980434141724, 0.9958292603453894)",2,97.47193012787966,36114
"(0.5762240792806925, 1.0)",1,97.47185436236204,36115
"(0.9126251340467026, 0.9958292603453894)",1,97.47183724960298,36116
"(0.9829909379735984, 0.9958292603453894)",1,97.47157565648064,36117
"(0.9643944553313464, 0.9764666952752286)",1,97.47156372060606,36118
"(0.2126776177409088, 0.9872890642121412)",3,97.47151376563488,36121
"(0.4826454099840705, 0.9924987337339528)",1,97.47151359910804,36122
"(0.829593594810986, 0.9870601047071634)",1,97.4715080965402,36123
"(0.9398731501057084, 0.9766918866148322)",1,97.47148799606904,36124
"(0.7962102115226081, 0.9766918866148322)",1,97.47147468852286,36125
"(0.9154520780570968, 0.9748524098350704)",1,97.47134848684388,36126
"(0.224271508570455, 0.9931256353735743)",1,97.47128895443606,36127
"(0.8557264819266099, 0.9764666952752286)",1,97.47102189622484,36128
"(0.7513013302486987, 0.9870601047071634)",1,97.4709277064144,36129
"(0.5592924417056326, 1.0)",3,97.47086287381356,36132
"(0.9916625936787228, 0.9958292603453894)",1,97.47069894977751,36133
"(0.3954797542367857, 1.0)",1,97.4706210458246,36134
"(0.4468328406505846, 0.9861673414304992)",1,97.47057115085808,36135
"(0.5277652279377781, 0.999621402088958)",1,97.47052494246418,36136
"(0.8726893261776982, 0.9764666952752286)",1,97.47050250293086,36137
"(0.7725182451236846, 0.9764666952752286)",1,97.47042631464502,36138
"(0.9282083232965586, 0.9916339869281046)",1,97.4703349985198,36139
"(0.8333192389006343, 0.9766918866148322)",2,97.47010284502493,36141
"(0.8557264819266099, 0.9764666952752286)",2,97.47006849609208,36143
"(0.503442416215342, 0.9996210215628012)",1,97.4700038782062,36144
"(0.7124941087515932, 0.9780405029455544)",1,97.46991460599446,36145
"(0.331262443438914, 0.9984817852901372)",1,97.46991328215992,36146
"(0.9643944553313464, 0.9764666952752286)",1,97.46983682333084,36147
"(0.7250237826596757, 0.9870601047071634)",1,97.4698183843468,36148
"(0.8902783631946863, 0.9861673414304992)",1,97.46969179466343,36149
"(0.7580266955266955, 0.9861673414304992)",1,97.46953009298416,36150
"(0.8835857110930401, 0.9764666952752286)",1,97.46944778301392,36151
"(0.9061764476533613, 0.979166518665308)",1,97.46940323087438,36152
"(0.7460630399100241, 1.0)",3,97.46928618827644,36155
"(0.9154520780570968, 0.9748802746905214)",1,97.469016827649,36156
"(0.5056778729738882, 0.9974998905914936)",2,97.46884853093472,36158
"(0.9714797495442656, 0.9958292603453894)",1,97.46879887810982,36159
"(0.8557264819266099, 0.9764666952752286)",1,97.46867481084465,36160
"(0.8602650098786556, 0.9780405029454858)",1,97.46865120952828,36161
"(0.4933386447129642, 0.993750341823046)",1,97.46852995560064,36162
"(0.3842723744546207, 1.0)",1,97.46846786187716,36163
"(0.3012339302112029, 0.9996210215628012)",2,97.4684421193542,36165
"(0.8518001818001818, 0.977027027027027)",1,97.46834355463798,36166
"(0.8112275321577646, 0.9764666952752286)",1,97.46831176522645,36167
"(0.8736212624584717, 0.9764666952752286)",1,97.46807493943808,36168
"(0.8175446168757694, 0.9861673414304992)",1,97.46803490697052,36169
"(0.623477294836411, 1.0)",3,97.46801102390178,36172
"(0.979051756240299, 1.0)",1,97.46797738720568,36173
"(0.5172159656435519, 0.9946588541666668)",3,97.46796757755968,36176
"(0.8631546198466533, 0.9764666952752286)",1,97.46781274325336,36177
"(0.506032156862745, 0.9975000781372088)",3,97.4677780010341,36180
"(0.4180703955911389, 0.9924997655883732)",1,97.46766007599258,36181
"(0.4894591128631123, 0.9975000781372088)",1,97.46765366828338,36182
"(0.4611605493121345, 0.9987500214884376)",1,97.46758495526537,36183
"(0.4468328406505846, 0.9861673414304992)",1,97.4675275591588,36184
"(0.6142380146189402, 0.9977226779352056)",1,97.4675152224433,36185
"(0.930124456440246, 1.0)",1,97.46750641501164,36186
"(0.9326218294308656, 0.9832462877624168)",1,97.46744033640168,36187
"(0.8726893261776982, 0.9764666952752286)",1,97.4672891314298,36188
"(0.5151897052695996, 0.9988642062668746)",1,97.4671891943437,36189
"(0.4330451959188837, 0.9899983116452704)",2,97.46711700583728,36191
"(0.7580266955266955, 0.9861673414304992)",1,97.46703481269574,36192
"(0.9834113430318364, 0.9958292603453894)",1,97.46700652155668,36193
"(0.8418648749956689, 0.9764666952752286)",1,97.46698212162433,36194
"(0.4912575527045726, 0.9987499746026686)",1,97.46693125554896,36195
"(0.8716153127917834, 0.9861673414304992)",2,97.4669033615574,36197
"(0.8418648749956689, 0.9764666952752286)",1,97.46688848693026,36198
"(0.7342711301044634, 0.9870601047071634)",1,97.46675798285771,36199
"(0.8418648749956689, 0.9764666952752286)",1,97.46675693028472,36200
"(0.9958292603453894, 0.9958292603453894)",1,97.4667278930569,36201
"(0.8050115655679925, 0.9780401821284612)",1,97.46670761287044,36202
"(0.6536497879589078, 0.9924987337339528)",1,97.46665541858444,36203
"(0.901028965681318, 0.9764666952752286)",1,97.46663704637476,36204
"(0.7377975062704127, 0.9872890642121412)",1,97.46657711649148,36205
"(0.5668351162239414, 1.0)",1,97.4664154755645,36206
"(0.987463247273494, 0.9958292603453894)",1,97.46622352557962,36207
"(0.7250237826596757, 0.9870601047071634)",1,97.46598972253734,36208
"(0.5668351162239414, 1.0)",3,97.46584957022463,36211
"(0.843730230395311, 0.9764666952752286)",1,97.4656441028676,36212
"(0.7836974395113928, 0.9766918866148322)",1,97.46563431461018,36213
"(0.7962102115226081, 0.9766918866148322)",1,97.4655989308189,36214
"(0.6088842547573518, 1.0)",3,97.46553223497727,36217
"(0.9017715617715616, 0.9861673414304992)",2,97.46550632702704,36219
"(0.9110813074094206, 0.9764666952752286)",1,97.46549068878136,36220
"(0.9916585206907788, 0.9958292603453894)",2,97.4654844179293,36222
"(0.5548787272151094, 0.998107010444791)",1,97.46541339394862,36223
"(0.6521663785997688, 0.976761412575366)",1,97.46530942850951,36224
"(0.4450218830366153, 1.0)",3,97.46527153398512,36227
"(0.65048971456559, 0.988750193395939)",1,97.46508489106157,36228
"(0.9497171590194848, 0.9833229101521784)",1,97.4650520343034,36229
"(0.8579868984630887, 0.9861673414304992)",1,97.46503763430994,36230
"(0.5070618239256853, 0.9899996874511642)",1,97.46500623286346,36231
"(0.8558852999963277, 0.9764666952752286)",1,97.46467554116732,36232
"(0.3262466548275309, 0.992747520076656)",1,97.46462035185338,36233
"(0.8128971639097002, 0.9870601047071634)",1,97.46458715352708,36234
"(0.4567442396313363, 0.9987499746026686)",1,97.4644625656712,36235
"(0.9643944553313464, 0.9764666952752286)",1,97.46442605476363,36236
"(0.4345640839445211, 0.9958142313520018)",1,97.46435655094716,36237
"(0.7999088007295942, 0.9766918866148322)",1,97.46429338841146,36238
"(0.5009421228446381, 0.9962497362353954)",1,97.46429039758408,36239
"(0.4590791029805835, 0.9987499746026686)",2,97.46425209571306,36241
"(0.6870644599303137, 0.9861310021084456)",1,97.46418915079596,36242
"(0.8071948928825261, 0.9861673414304992)",1,97.46403564021952,36243
"(0.9609386607489072, 0.9958292603453894)",1,97.46396593373797,36244
"(0.8218185392856778, 0.9861673414304992)",1,97.46386945268016,36245
"(0.8229870141950848, 1.0)",1,97.4638330418419,36246
"(0.4611605493121345, 0.9962501582231502)",1,97.4638058044888,36247
"(0.8229870141950848, 1.0)",1,97.46378309915563,36248
"(0.9916585206907788, 0.9958292603453894)",1,97.46366221351268,36249
"(0.6429276433769509, 0.9949997811829872)",1,97.46354586194124,36250
"(0.9134717985546716, 0.9766886703655904)",1,97.46341861739602,36251
"(0.6008953168044077, 1.0)",1,97.46337614534266,36252
"(0.4369316957552253, 0.9870601047071634)",1,97.46337184177672,36253
"(0.8518774267621343, 0.9764666952752286)",1,97.4633605812949,36254
"(0.6088842547573518, 1.0)",1,97.46316323453782,36255
"(0.829593594810986, 0.9872890642121412)",2,97.46300139729549,36257
"(0.9705196174266384, 0.9958292603453894)",1,97.46289097981646,36258
"(0.4508193203901878, 0.9962499238080056)",1,97.46288781840232,36259
"(0.5469648740045486, 0.9984817852901372)",1,97.46281330816076,36260
"(0.9295946890286512, 1.0)",1,97.46280206159862,36261
"(0.971023600055858, 0.9958292603453894)",1,97.4627398626211,36262
"(0.3022368284830889, 0.9981012669018314)",1,97.46262541691718,36263
"(0.5418599142431635, 0.9988653407824049)",1,97.46245888105452,36264
"(0.8128971639097002, 0.9870601047071634)",1,97.4624461982792,36265
"(0.901028965681318, 0.9764666952752286)",1,97.46239993096526,36266
"(0.987491854024112, 0.9958292603453894)",1,97.46228631774235,36267
"(0.8110682791635173, 0.9861673414304992)",1,97.46225914974984,36268
"(0.2672914952175105, 0.9920089871265484)",1,97.46216429474173,36269
"(0.987463247273494, 0.9958292603453894)",1,97.46210192615168,36270
"(0.8152898027898028, 0.9861673414304992)",1,97.46205344926489,36271
"(0.5082177015724898, 0.9987499746026686)",1,97.46194587397196,36272
"(0.8685314685314685, 0.9764666952752286)",1,97.46184071716752,36273
"(0.8596618357487924, 0.9861673414304992)",1,97.46177917410304,36274
"(0.9649790647893116, 0.9958292603453894)",1,97.4617624459064,36275
"(0.7884092310206264, 0.9764666952752286)",1,97.46164284950603,36276
"(0.9749088814411396, 1.0)",1,97.46164281702548,36277
"(0.9582210352371644, 0.9958292603453894)",1,97.46162169805942,36278
"(0.8813457860512559, 0.9790476832523552)",1,97.4616199275616,36279
"(0.8238947099412214, 0.9764666952752286)",1,97.46158498956886,36280
"(0.4994316028798788, 0.9870601047071634)",1,97.46154803794808,36281
"(0.8777008472715792, 0.9773646091000128)",1,97.46144689530836,36282
"(0.9502288074111276, 0.9751409401578528)",1,97.46141573393862,36283
"(0.5361367504335325, 0.9981012669018314)",1,97.46139789413216,36284
"(0.4851912943871705, 0.9900003125488358)",1,97.46136464402808,36285
"(0.7157482018564546, 0.9872890642121412)",1,97.4613148619277,36286
"(0.8013184398461819, 0.9764666952752286)",1,97.46122103128644,36287
"(0.835848883169409, 0.9766918866148322)",1,97.46120252461589,36288
"(0.7548199009255377, 0.97736482611311)",1,97.46117506961494,36289
"(0.5255324262157274, 0.9984817852901372)",1,97.46115056326032,36290
"(0.7250237826596757, 0.9870601047071634)",1,97.4610602959286,36291
"(0.4069389693383772, 0.9810783854433192)",1,97.46102957695078,36292
"(0.9503122778456484, 0.979166518665308)",1,97.46093990002652,36293
"(0.6387464387464387, 0.9870601047071634)",1,97.4609210560691,36294
"(0.8013184398461819, 0.9764666952752286)",1,97.4608748908124,36295
"(0.8013184398461819, 0.9764666952752286)",1,97.46082912071918,36296
"(0.8456659619450317, 0.9766918866148322)",1,97.46080933369907,36297
"(0.8518774267621343, 0.9764666952752286)",1,97.46065176896884,36298
"(0.4837588747247526, 0.9949997811829872)",1,97.4606489669315,36299
"(0.8272165916646247, 0.9770267123810644)",1,97.4606262172826,36300
"(0.9017715617715616, 0.9861673414304992)",1,97.46031965198212,36301
"(0.563035225158132, 1.0)",1,97.46023136800142,36302
"(0.9958292603453894, 1.0)",1,97.4601382364218,36303
"(0.8631546198466533, 0.9764666952752286)",1,97.46006509325152,36304
"(0.7368760064412239, 0.9861673414304992)",1,97.45992628816671,36305
"(0.484731353858467, 0.9975000781372088)",1,97.45979380032443,36306
"(0.5058474231263439, 1.0)",1,97.45967203887604,36307
"(0.7060994560994561, 1.0)",1,97.45962766006122,36308
"(0.4319035504296698, 0.9975000781372088)",1,97.4596079632999,36309
"(0.8631918334993627, 0.9833229101521784)",1,97.45955726994931,36310
"(0.8016677935542034, 0.9833229101521784)",1,97.45942296362844,36311
"(0.8467368572432814, 0.9773648571145208)",1,97.4593299357786,36312
"(0.9017715617715616, 0.9861673414304992)",1,97.45927479003012,36313
"(0.945878018492034, 0.9958292603453894)",1,97.45920631887688,36314
"(0.9835547122074636, 0.9958292603453894)",1,97.45919068232922,36315
"(0.4514795008912656, 0.9987499746026686)",1,97.4591594860578,36316
"(0.9503338806787082, 0.9748802746905214)",1,97.45898068232252,36317
"(0.8491340807583629, 0.9861673414304992)",1,97.4587817271524,36318
"(0.900838851006521, 0.9790476832523552)",1,97.45875616560448,36319
"(0.711778806550463, 0.9996210215628012)",1,97.45869942073789,36320
"(0.5028268474667493, 0.9887504746694504)",2,97.45869147187408,36322
"(0.5562558356676003, 0.9861673414304992)",1,97.45866198579256,36323
"(0.9223799456357596, 0.9764666952752286)",2,97.45863154659084,36325
"(0.8518001818001818, 0.9793909533590868)",1,97.4584458525984,36326
"(0.7377975062704127, 0.9870601047071634)",1,97.45836940231902,36327
"(0.2372024545510323, 0.9973390598305516)",1,97.4582228115579,36328
"(0.8777008472715792, 0.978378082241002)",2,97.45817578928478,36330
"(0.4879844209168711, 0.9827694264931702)",1,97.4581458722102,36331
"(0.9253213924599162, 0.9764666952752286)",1,97.45811795198638,36332
"(0.560515701017249, 0.98999799919968)",1,97.45808778193984,36333
"(0.2214665086585351, 0.9984817852901372)",1,97.45797116414484,36334
"(0.4851912943871705, 0.9900005000500052)",1,97.45793897358963,36335
"(0.9747838672665278, 1.0)",2,97.45793726128784,36337
"(0.6052212368618619, 0.9977203590215908)",1,97.4579202211548,36338
"(0.3921761406909921, 0.9870601047071634)",1,97.45762339644482,36339
"(0.4363355778830426, 0.9987499746026686)",1,97.4575917862013,36340
"(0.5222068099340543, 0.9988642062668746)",1,97.45752461536073,36341
"(0.7615072500907597, 0.9764666952752286)",1,97.45749449290976,36342
"(0.4937776876667119, 0.9974998905914936)",1,97.45735315360407,36343
"(0.9832965806068272, 1.0)",1,97.45727542757264,36344
"(0.7574146783449108, 0.976761412575366)",1,97.4572419061346,36345
"(0.7713401051412279, 1.0)",1,97.4571251786779,36346
"(0.5430875999065339, 0.9988642062668746)",1,97.4570775477698,36347
"(0.8902783631946863, 0.9861673414304992)",1,97.45706836741928,36348
"(0.8947046219773493, 0.9766918866148322)",1,97.45698893587696,36349
"(0.4955558486584263, 0.9987499746026686)",1,97.45691940741128,36350
"(0.4896359390280644, 0.9974998905914936)",1,97.45682883448916,36351
"(0.5642422164950636, 0.9870601047071634)",1,97.45679447269433,36352
"(0.8884797556713653, 0.9748802746905214)",1,97.45661959724958,36353
"(0.7000013129045387, 0.9870601047071634)",1,97.45651153500478,36354
"(0.650138830416391, 1.0)",1,97.4565011892376,36355
"(0.9110813074094206, 0.9764666952752286)",1,97.45644993915266,36356
"(0.3984101488896291, 0.9992416608232524)",1,97.45641777547064,36357
"(0.8687499999999999, 0.9766918866148322)",1,97.4564136200874,36358
"(0.8518774267621343, 0.9764666952752286)",1,97.45640296028172,36359
"(0.8631546198466533, 0.9764666952752286)",4,97.45610468403426,36363
"(0.9372650231764934, 0.9832462877624168)",1,97.45605837647078,36364
"(0.5623030806931559, 0.9837466211409872)",1,97.45603129318636,36365
"(0.6414869944621582, 0.9937495603923254)",1,97.45587548182952,36366
"(0.4369316957552253, 0.9870601047071634)",1,97.45585071260206,36367
"(0.4460735930735931, 0.9900003125488358)",2,97.45565253869026,36369
"(0.9017715617715616, 0.9861673414304992)",1,97.45556388318312,36370
"(0.3942192041290018, 0.9900003125488358)",1,97.4553282963752,36371
"(0.4949779061119132, 0.9875006250625062)",2,97.45531447834657,36373
"(0.8175446168757694, 0.9861673414304992)",2,97.4551649582552,36375
"(0.8090204369274137, 0.9764666952752286)",1,97.45507878928748,36376
"(0.9111482937118004, 0.9783779637835908)",3,97.45506509605126,36379
"(0.5965723797858123, 1.0)",1,97.45486424962252,36380
"(0.8631546198466533, 0.9764666952752286)",2,97.45486073500182,36382
"(0.9153439153439156, 0.9833229101521784)",1,97.45481286783684,36383
"(0.4987711467817516, 0.9975000781372088)",2,97.45467792349405,36385
"(0.3434871832287562, 0.9975000781372088)",1,97.45464345935896,36386
"(0.8579868984630887, 0.9861673414304992)",1,97.4546040648405,36387
"(0.8475002808673183, 0.9861673414304992)",1,97.45456348027916,36388
"(0.5191356753598758, 1.0)",1,97.45454583776451,36389
"(0.9538370349708868, 0.9764666952752286)",1,97.45452931576908,36390
"(0.4076247491511041, 0.996575280197092)",1,97.45450998021164,36391
"(0.711778806550463, 1.0)",1,97.45444372013772,36392
"(0.5156094862280662, 0.9981012669018314)",1,97.4544150950655,36393
"(0.9253213924599162, 0.9764666952752286)",1,97.4543635426104,36394
"(0.8175446168757694, 0.9861673414304992)",1,97.45428820046064,36395
"(0.951892755797645, 0.9764666952752286)",1,97.45428132279751,36396
"(0.835848883169409, 0.9766918866148322)",2,97.45425575743762,36398
"(0.8876473063973064, 0.9861673414304992)",1,97.45425089640148,36399
"(0.8726893261776982, 0.9764666952752286)",1,97.45418666883296,36400
"(0.8518774267621343, 0.9764666952752286)",4,97.45414886400516,36404
"(0.9238400660955778, 0.9749692931061258)",1,97.45409343096728,36405
"(0.4015189621923474, 0.9820932761796662)",1,97.45405533109977,36406
"(0.4338421858976735, 0.9899983116452704)",1,97.45395968480864,36407
"(0.9746854694957162, 1.0)",2,97.4539479435709,36409
"(0.7856964763329513, 0.9861673414304992)",1,97.45357879398344,36410
"(0.966586548597934, 0.9748802746905214)",1,97.4535037238376,36411
"(0.8622520112492773, 0.9748802746905214)",1,97.4532815445454,36412
"(0.8947046219773493, 0.9766918866148322)",1,97.45319881040092,36413
"(0.4925733396357239, 0.9975000781372088)",1,97.45315334827184,36414
"(0.6049854216218278, 0.9988619159967322)",1,97.45313671726711,36415
"(0.8128971639097002, 0.9870601047071634)",1,97.45312309449392,36416
"(0.5129137710809465, 1.0)",1,97.45312265834096,36417
"(0.831031066037186, 0.988167361639188)",1,97.45301894689294,36418
"(0.5094440332946544, 1.0)",1,97.45301301100116,36419
"(0.9916585206907788, 0.9958292603453894)",1,97.45294739280176,36420
"(0.5327774282946737, 0.988750193395939)",1,97.45291412815357,36421
"(0.9253213924599162, 0.9764666952752286)",1,97.45282606873398,36422
"(0.6447432598773244, 0.988750193395939)",1,97.45280684220516,36423
"(0.983305541180304, 0.9958292603453894)",1,97.45279631349533,36424
"(0.7313293623054037, 0.978039730962648)",2,97.4527871722014,36426
"(0.4924143545574438, 0.988750193395939)",1,97.45261414393606,36427
"(0.6786000457875457, 0.9870601047071634)",1,97.452569815318,36428
"(0.8003813092161745, 0.9748802746905214)",1,97.45253859646164,36429
"(0.8518774267621343, 0.9764666952752286)",1,97.45245581841036,36430
"(0.9017715617715616, 0.9861673414304992)",1,97.45245146059352,36431
"(0.9285714285714286, 0.9786694888904832)",3,97.4522195294261,36434
"(0.9253213924599162, 0.9764666952752286)",1,97.45219592189268,36435
"(0.6444577505269209, 0.9887492087061858)",1,97.45213358559158,36436
"(0.4722366884143547, 0.9974998905914936)",1,97.45213313012624,36437
"(0.5175813659509312, 0.998107010444791)",1,97.45210140346656,36438
"(0.4891052631578947, 0.9874987494998)",1,97.45200843381986,36439
"(0.8071948928825261, 0.9861673414304992)",1,97.45194101369104,36440
"(0.9398731501057084, 0.9766918866148322)",1,97.45193901764011,36441
"(0.9121882418656614, 0.9748802746905214)",1,97.451884962471,36442
"(0.9372650231764934, 0.9748802746905214)",1,97.45185426402794,36443
"(0.8218185392856778, 0.9861673414304992)",1,97.45175811161428,36444
"(0.9643944553313464, 0.9764666952752286)",1,97.45172875962278,36445
"(0.9372650231764934, 0.9790755481078062)",1,97.45169137892152,36446
"(0.9538370349708868, 0.9764666952752286)",1,97.4512475368307,36447
"(0.8796475392220073, 0.9833229101521784)",1,97.45119782895732,36448
"(0.4530386103743641, 0.995)",1,97.4510553577635,36449
"(0.6324707692241994, 0.9861673414304992)",1,97.45090704710422,36450
"(0.8218185392856778, 0.9861673414304992)",1,97.45088263443016,36451
"(0.9665831244778612, 0.9833229101521784)",2,97.45074905882986,36453
"(0.3545856375860411, 1.0)",3,97.45074751913076,36456
"(0.8687499999999999, 0.9766918866148322)",1,97.45072159702907,36457
"(0.4369316957552253, 0.9870601047071634)",1,97.4506923713496,36458
"(0.506032156862745, 0.9962501582231502)",1,97.45060279763868,36459
"(0.9783434781537248, 0.9748802746905214)",1,97.45053660449156,36460
"(0.7907680396814234, 0.9777026416252612)",2,97.45052486013893,36462
"(0.9874877810361682, 0.9958292603453894)",1,97.45048150384474,36463
"(0.5199775369458128, 0.9899996874511642)",1,97.45044663010758,36464
"(0.8891825109620656, 0.9790540349287944)",1,97.45033614930897,36465
"(0.8478418336329888, 0.991206314397104)",1,97.4502929555147,36466
"(0.5349448432585369, 0.9984863658725142)",1,97.45023913980744,36467
"(0.4603282383880727, 0.9987499746026686)",1,97.45020195517324,36468
"(0.4168399821364511, 0.9912488373656227)",1,97.4501992526394,36469
"(0.930124456440246, 0.9861673414304992)",1,97.45010940898564,36470
"(0.8593554593554595, 0.9861673414304992)",1,97.45008932619432,36471
"(0.8835857110930401, 0.9764666952752286)",2,97.45004070247326,36473
"(0.846224760385985, 0.9763512865720988)",1,97.44989976463346,36474
"(0.8043167829966709, 0.9787162089285796)",1,97.44986810794128,36475
"(0.8887937668949022, 0.9748802746905214)",1,97.44985301139266,36476
"(0.9621616286938868, 0.9958292603453894)",2,97.44977750422616,36478
"(0.5081592004685413, 0.9988642062668746)",1,97.44975583163716,36479
"(0.8467368572432814, 0.9773648571145208)",1,97.4497461851375,36480
"(0.5172164351851852, 0.9984817852901372)",1,97.44970594565,36481
"(0.8249504969211211, 0.9766918866148322)",1,97.44968540721874,36482
"(0.9793747635794354, 0.9958292603453894)",2,97.44967733944574,36484
"(0.8843764852418178, 0.9764666952752286)",1,97.44963604768066,36485
"(0.7492429792429793, 0.9861310021084456)",1,97.44959761849135,36486
"(0.5012820344246796, 0.9862507520107008)",2,97.44957452050076,36488
"(0.8013184398461819, 0.9764666952752286)",1,97.44954138805866,36489
"(0.7548199009255377, 0.978040452818746)",2,97.44952544735224,36491
"(0.8218185392856778, 0.9861673414304992)",1,97.44944887038604,36492
"(0.6760014179369018, 0.9870601047071634)",2,97.4494082268256,36494
"(0.9253213924599162, 0.9764666952752286)",2,97.44940639479898,36496
"(0.7884092310206264, 0.9764666952752286)",1,97.4493370908483,36497
"(0.8879608405415911, 0.9766918866148322)",1,97.44933125496809,36498
"(0.9172008547008548, 0.9861673414304992)",1,97.44928125009608,36499
"(0.9058747619658436, 0.9791102677630192)",1,97.44908731856692,36500
"(0.7884092310206264, 0.9764666952752286)",1,97.44906230991776,36501
"(0.4363355778830426, 0.9975)",1,97.44897019757292,36502
"(0.4770251883589129, 0.9820930308617498)",1,97.4486723443622,36503
"(0.8013184398461819, 0.9764666952752286)",1,97.44866555698415,36504
"(0.4827612185184173, 0.9981012669018314)",1,97.44864712924348,36505
"(0.8013184398461819, 0.9764666952752286)",2,97.448554312181,36507
"(0.8110682791635173, 0.9861673414304992)",1,97.44851244323998,36508
"(0.634045584045584, 0.9870601047071634)",1,97.44831582223092,36509
"(0.7962102115226081, 0.9766918866148322)",1,97.44828970878032,36510
"(0.9223799456357596, 0.9764666952752286)",1,97.4481650471798,36511
"(0.9019292060258446, 0.9861673414304992)",1,97.44795531276824,36512
"(0.7962102115226081, 0.988167361639188)",1,97.44764326658482,36513
"(0.598883501626719, 0.9900003125488358)",1,97.44755806456564,36514
"(0.8879608405415911, 0.988167361639188)",1,97.4474225125349,36515
"(0.7884092310206264, 0.9764666952752286)",1,97.44737820542328,36516
"(0.7837967210499023, 0.9766918866148322)",1,97.44686427687446,36517
"(0.9110813074094206, 0.9764666952752286)",1,97.44677789552318,36518
"(0.901028965681318, 0.9764666952752286)",1,97.44675001504484,36519
"(0.6749447402728794, 0.9861310021084456)",1,97.44674660526624,36520
"(0.4746453255640638, 0.9827694264931702)",1,97.44667791023628,36521
"(0.59638347550428, 1.0)",1,97.44667302723876,36522
"(0.8518001818001818, 0.9790539966782754)",2,97.4466336737669,36524
"(0.5260227547809246, 0.9981012669018314)",1,97.446569490123,36525
"(0.9791102677630192, 0.9958292603453894)",2,97.44651127286274,36527
"(0.7000013129045387, 0.9870601047071634)",1,97.44649476976946,36528
"(0.7677237478025478, 0.9790540349287944)",1,97.44632247401348,36529
"(0.966586548597934, 0.9748802746905214)",1,97.44622565516052,36530
"(0.8883678678403513, 0.9861673414304992)",1,97.4462138291219,36531
"(0.4085833743236595, 1.0)",3,97.44614255115232,36534
"(0.4844841746794872, 0.9912488373656227)",1,97.44610195977327,36535
"(0.4489727317392728, 0.9899983116452704)",1,97.44596571810602,36536
"(0.8518774267621343, 0.9764666952752286)",1,97.44596140221012,36537
"(0.8736212624584717, 0.9764666952752286)",1,97.4458414049733,36538
"(0.9223799456357596, 0.9764666952752286)",1,97.44575029080856,36539
"(0.9418479305417444, 0.9766918866148322)",1,97.44570948664396,36540
"(0.4925285484808521, 0.9974998905914936)",1,97.44559061394348,36541
"(0.6776248115321206, 0.9872890642121412)",2,97.44557066642436,36543
"(0.901028965681318, 0.9764666952752286)",1,97.44547454479626,36544
"(0.6071106020508698, 1.0)",1,97.44545653521098,36545
"(0.8835857110930401, 0.9764666952752286)",1,97.44537318289652,36546
"(0.9790972342015986, 0.9958292603453894)",1,97.44528662832546,36547
"(0.9460547122074636, 0.9748802746905214)",1,97.4452321451464,36548
"(0.4085833743236595, 0.999621402088958)",1,97.44522559838371,36549
"(0.7729389061386163, 0.9766918866148322)",1,97.44522459052033,36550
"(0.7615072500907597, 0.9764666952752286)",1,97.4451037156915,36551
"(0.9833229101521784, 0.9833229101521784)",1,97.44507504891192,36552
"(0.5004274455385378, 0.9975000781372088)",1,97.44468668681002,36553
"(0.7615072500907597, 0.9764666952752286)",1,97.44462488454776,36554
"(0.8726893261776982, 0.9764666952752286)",2,97.44447554384536,36556
"(0.8622520112492773, 0.9748802746905214)",1,97.44437891476572,36557
"(0.9748076591340348, 1.0)",1,97.44433161723528,36558
"(0.8701068324360797, 0.9793909533590868)",1,97.4442682810159,36559
"(0.4961453064375241, 0.9975)",1,97.4442599800444,36560
"(0.5145696010475885, 0.9861310021084456)",1,97.44416064430726,36561
"(0.5169410170491575, 0.9896280208292386)",1,97.4440927267686,36562
"(0.2537048100490196, 0.9984817852901372)",1,97.44404498914945,36563
"(0.8656595443322052, 0.9763512217924322)",1,97.4440106053994,36564
"(0.8586125966511082, 0.9773648571145208)",1,97.443985282021,36565
"(0.5145696010475885, 0.9861310021084456)",1,97.44390252070912,36566
"(0.9300655321826798, 0.9760131220172424)",1,97.44371105214516,36567
"(0.9172008547008548, 0.9861673414304992)",1,97.44368680472478,36568
"(0.4912575527045726, 0.9987499746026686)",1,97.44366329081927,36569
"(0.8687499999999999, 0.988167361639188)",1,97.44366112278458,36570
"(0.5207596250837986, 0.9988619159967322)",1,97.4435778116166,36571
"(0.4603282383880727, 0.9987499746026686)",1,97.44355518468168,36572
"(0.9223799456357596, 0.9764666952752286)",1,97.44352711417274,36573
"(0.3918495706148258, 0.9984817852901372)",1,97.44351642884314,36574
"(0.5235735740769297, 1.0)",1,97.4434754515815,36575
"(0.4967706652322037, 0.9887504746694504)",1,97.44336442864756,36576
"(0.9019154091522512, 0.9748802746905214)",1,97.44335963863222,36577
"(0.5204993238647946, 1.0)",1,97.4433504972378,36578
"(0.7943622269203664, 0.9764666952752286)",1,97.44326309620315,36579
"(0.8920217788143652, 0.9832462877624168)",1,97.44322059641698,36580
"(0.9788980434141724, 0.9958292603453894)",1,97.44307656334875,36581
"(0.7453091184935634, 0.991206314397104)",3,97.44305893233168,36584
"(0.8716153127917834, 0.9861673414304992)",1,97.44303335171766,36585
"(0.8777008472715792, 0.9790540349287944)",3,97.44299280124326,36588
"(0.7729389061386163, 0.9766918866148322)",1,97.44292342651282,36589
"(0.8221871747362275, 0.9790540349287944)",1,97.44290618532064,36590
"(0.7378937728937729, 0.9872890642121412)",1,97.44290323729342,36591
"(0.8694224991654613, 0.9766918866148322)",2,97.44287585960174,36593
"(0.9958292603453894, 1.0)",2,97.44274729253034,36595
"(0.8726893261776982, 0.9764666952752286)",1,97.4427276196482,36596
"(0.8579868984630887, 0.9861673414304992)",1,97.44264827477252,36597
"(0.6008953168044077, 1.0)",1,97.44264631918752,36598
"(0.8431623931623932, 0.9870601047071634)",1,97.4425155496124,36599
"(0.5049504801920769, 0.9975000781372088)",1,97.44245627724538,36600
"(0.8631546198466533, 0.9764666952752286)",1,97.44237470294074,36601
"(0.4921211569947243, 0.9975000781372088)",1,97.44221800031563,36602
"(0.8456659619450317, 0.9764666952752286)",1,97.44216176523103,36603
"(0.4862716741329175, 0.9949997811829872)",1,97.44204871481593,36604
"(0.5037771407498387, 0.9825005469604624)",1,97.44202113807891,36605
"(0.4865876628104142, 0.9870601047071634)",1,97.4419768540902,36606
"(0.9253213924599162, 0.9764666952752286)",1,97.4416379679372,36607
"(0.9501225071212966, 0.9748802746905214)",1,97.44156361966505,36608
"(0.9643944553313464, 0.9764666952752286)",1,97.4415079563941,36609
"(0.8087623896023756, 0.9764666952752286)",1,97.44150465368024,36610
"(0.4510894164249752, 0.9931399449121724)",1,97.44145437420482,36611
"(0.8558852999963277, 0.9764666952752286)",1,97.44125036191087,36612
"(0.5142655348168222, 1.0)",3,97.44102144155876,36615
"(0.843730230395311, 0.9764666952752286)",1,97.44097911639852,36616
"(0.944120583717358, 0.979166518665308)",1,97.44094516136576,36617
"(0.484646846010113, 0.9962499238080056)",1,97.44092657101292,36618
"(0.8518774267621343, 0.9764666952752286)",1,97.440870778711,36619
"(0.6444577505269209, 0.9937495603923254)",1,97.4408316415476,36620
"(0.962699692780338, 0.9958292603453894)",2,97.44069317026316,36622
"(0.8024695068301698, 0.9793909533590868)",1,97.44053209189352,36623
"(0.8835857110930401, 0.9764666952752286)",1,97.44051168229588,36624
"(0.8315416458960965, 0.9766918866148322)",1,97.44044023515866,36625
"(0.9643944553313464, 0.9764666952752286)",1,97.44041410522112,36626
"(0.5235735740769297, 1.0)",1,97.44039242907516,36627
"(0.9230627959463646, 0.9785714285714284)",1,97.44036216291792,36628
"(0.5469587499213985, 0.9984817852901372)",1,97.44035581897302,36629
"(0.8087623896023756, 0.9764666952752286)",2,97.44021988294406,36631
"(0.8557264819266099, 0.9764666952752286)",1,97.4400748273144,36632
"(0.962699692780338, 0.9958292603453894)",1,97.44000763505431,36633
"(0.2573753482290067, 0.9977203590215908)",1,97.43993396809498,36634
"(0.9110813074094206, 0.9764666952752286)",1,97.4399243299494,36635
"(0.8418648749956689, 0.9764666952752286)",1,97.43982962558108,36636
"(0.5916005291005291, 1.0)",1,97.43974414546652,36637
"(0.8374874819183264, 0.9764666952752286)",1,97.43970794317669,36638
"(1.0, 1.0)",2,97.43969540028108,36640
"(0.7977749180480272, 0.9861673414304992)",1,97.4395608559187,36641
"(0.9154520780570968, 0.9790755481078062)",1,97.43944159946116,36642
"(0.835848883169409, 0.9766918866148322)",1,97.43936719359203,36643
"(0.8208353559736048, 0.9861673414304992)",1,97.43915354023808,36644
"(0.8013184398461819, 0.9764666952752286)",1,97.43911569441012,36645
"(0.7580266955266955, 0.9861673414304992)",1,97.43893831785002,36646
"(0.4585755850187953, 0.9950001562744178)",1,97.43888181555918,36647
"(0.8013184398461819, 0.9764666952752286)",1,97.4388644636024,36648
"(0.650138830416391, 1.0)",1,97.43880112805174,36649
"(0.5218438528010998, 0.9861310021084456)",1,97.4387787318394,36650
"(0.4514795008912656, 0.9987499746026686)",2,97.43863514293196,36652
"(0.3584486416678197, 0.9880655998564108)",1,97.4386309558396,36653
"(0.8249504969211211, 0.9766918866148322)",1,97.43855738632234,36654
"(0.7884092310206264, 0.9764666952752286)",1,97.438510547267,36655
"(0.6142380146189402, 1.0)",3,97.43827646109648,36658
"(0.436582475645901, 0.98243167038257)",1,97.43826421326472,36659
"(0.5949150182078973, 0.9950429441987424)",3,97.43822561049151,36662
"(0.9398731501057084, 0.9766918866148322)",1,97.43781872753011,36663
"(0.9172008547008548, 0.9861673414304992)",1,97.43781797536018,36664
"(0.7664480222619757, 0.9764666952752286)",1,97.43779435135708,36665
"(0.493185354223825, 1.0)",3,97.43778004944087,36668
"(0.7665484369555701, 0.9764666952752286)",1,97.4377054144513,36669
"(0.9110813074094206, 0.9764666952752286)",1,97.43767866328028,36670
"(0.9223799456357596, 0.9764666952752286)",2,97.43766390146284,36672
"(0.7780625367430922, 0.9861673414304992)",1,97.43764775296258,36673
"(0.7677237478025478, 0.9783783191516332)",1,97.43762795714883,36674
"(0.7780625367430922, 0.9861673414304992)",1,97.43760032143248,36675
"(0.7884092310206264, 0.9764666952752286)",1,97.4375683242544,36676
"(0.9643944553313464, 0.9764666952752286)",1,97.43748896909344,36677
"(0.7999088007295942, 0.988167361639188)",1,97.43744496808054,36678
"(0.9223799456357596, 0.9764666952752286)",1,97.43738641069154,36679
"(0.1808771236817465, 0.9992416608232524)",1,97.4373667850383,36680
"(0.8920217788143652, 0.9790755481078062)",1,97.43726313166869,36681
"(0.9916585206907788, 0.9958292603453894)",1,97.43720050526258,36682
"(0.9153439153439156, 0.9833229101521784)",1,97.4371671622116,36683
"(0.9438271604938272, 0.9861673414304992)",1,97.43708148257817,36684
"(0.6211534794826514, 1.0)",1,97.43707253561118,36685
"(0.4933386447129642, 0.9975000781372088)",2,97.4370267020576,36687
"(0.9223799456357596, 0.9764666952752286)",2,97.4369166265215,36689
"(0.987463247273494, 0.9958292603453894)",1,97.43687106391492,36690
"(0.3984101488896291, 0.9973390598305516)",1,97.43686988697922,36691
"(0.7665484369555701, 0.9764666952752286)",1,97.43684650414228,36692
"(0.9643944553313464, 0.9764666952752286)",1,97.43684437847976,36693
"(0.5171673062654388, 1.0)",3,97.43674924250578,36696
"(0.7884092310206264, 0.9764666952752286)",1,97.43665711351704,36697
"(0.9750072792119512, 1.0)",1,97.43663755452928,36698
"(0.7884092310206264, 0.9764666952752286)",2,97.4365085908388,36700
"(0.402589364275477, 0.9981012669018314)",1,97.43638781609188,36701
"(0.7884092310206264, 0.9764666952752286)",1,97.43631014606736,36702
"(0.901608756801166, 0.9766890960688752)",1,97.43630894511648,36703
"(0.9503122778456484, 0.9790476832523552)",1,97.4362525802342,36704
"(0.9030683555945836, 0.9790540349287944)",3,97.43620844549235,36707
"(0.5916005291005291, 1.0)",3,97.43620528996922,36710
"(0.5061654456041751, 0.9975000781372088)",1,97.43613381441644,36711
"(0.4965663004560743, 0.9900003125488358)",1,97.4361106187313,36712
"(0.8891825109620656, 0.9760131220193872)",1,97.43610373651433,36713
"(0.9916585206907788, 0.9958292603453894)",1,97.43586349076963,36714
"(0.5405172403210167, 0.9988642062668746)",1,97.43581277225336,36715
"(0.7780625367430922, 0.9861673414304992)",1,97.43579068087044,36716
"(0.4606973696770164, 0.9975000781372088)",2,97.43578089902368,36718
"(0.7000013129045387, 0.9870601047071634)",1,97.4357422854318,36719
"(0.7725182451236846, 0.9764666952752286)",1,97.4357027700904,36720
"(0.4614606379865379, 0.9912488373656227)",1,97.43559051256103,36721
"(0.9876106894370652, 0.9958292603453894)",1,97.43557998556032,36722
"(0.7212492118244873, 0.9766918866148322)",1,97.43551289917988,36723
"(0.5173573838463876, 0.9988642062668746)",1,97.43543291482716,36724
"(0.5642422164950636, 0.9870601047071634)",1,97.4353597168964,36725
"(0.5103469782909699, 0.9912488373656227)",1,97.43512183242171,36726
"(0.602662742458966, 0.9919587439235272)",1,97.43509922389846,36727
"(0.8128971639097002, 0.9870601047071634)",1,97.43504752592916,36728
"(0.8947046219773493, 0.9766918866148322)",1,97.43493367554396,36729
"(0.9223799456357596, 0.9764666952752286)",1,97.43481294968548,36730
"(0.8384307029790694, 0.9760134176940602)",1,97.43470176579068,36731
"(0.6892156862745098, 0.9861673414304992)",2,97.43465547815474,36733
"(0.9666666666666668, 0.9833229101521784)",1,97.43463307094868,36734
"(0.9643944553313464, 0.9764666952752286)",1,97.43462772421223,36735
"(0.5295994275347542, 1.0)",3,97.43459145751758,36738
"(0.4924143545574438, 0.9887506152814826)",2,97.43457200406068,36740
"(0.9262130464282252, 0.991206314397104)",3,97.43453290834854,36743
"(0.8891825109620656, 0.9790540349287944)",3,97.43432815526928,36746
"(0.7615072500907597, 0.9764666952752286)",1,97.43426799340452,36747
"(0.9110813074094206, 0.9764666952752286)",1,97.43423145314492,36748
"(0.9829909379735984, 0.9958292603453894)",2,97.43421498373776,36750
"(0.8456659619450317, 0.9764666952752286)",1,97.43420616950424,36751
"(0.4923104882535888, 0.9987499746026686)",2,97.43411501150496,36753
"(0.8003813092161745, 0.9748802746905214)",1,97.43398802862042,36754
"(0.4955558486584263, 0.9987499746026686)",1,97.43393323130708,36755
"(0.975195619792394, 0.9958292603453894)",2,97.43390008097404,36757
"(0.8207953412961668, 0.977027006050936)",1,97.43387275806934,36758
"(0.8374874819183264, 0.9764666952752286)",1,97.43356135969582,36759
"(0.9603476243044132, 0.9785714285714284)",1,97.4335504750501,36760
"(0.7942038054814895, 0.9861673414304992)",1,97.43348277483464,36761
"(0.4912575527045726, 0.9987499746026686)",1,97.43340184746388,36762
"(0.8952438710847427, 0.9763513513513512)",1,97.43337853692336,36763
"(0.8967778972053937, 0.9764666952752286)",1,97.43332717089086,36764
"(0.931200007971039, 0.9873891625615764)",1,97.43317611293664,36765
"(0.8467368572432814, 0.9783783783783784)",2,97.43315480186044,36767
"(0.4603282383880727, 0.9987499746026686)",1,97.43314775431348,36768
"(0.5207596250837986, 1.0)",2,97.433061237136,36770
"(0.679403773242835, 0.9935041393887948)",3,97.43297636468442,36773
"(0.4139252838240179, 0.9827694264931702)",1,97.432867437914,36774
"(0.4338421858976735, 0.9912488373656227)",1,97.43271817184726,36775
"(0.6766917293233082, 0.9870601047071634)",1,97.43269551941952,36776
"(0.763830245642582, 0.9787162089285796)",1,97.43268524766448,36777
"(0.6259562980551786, 0.9874994529574682)",1,97.43246151585424,36778
"(0.9110813074094206, 0.9764666952752286)",1,97.43240588408511,36779
"(0.8208353559736048, 0.9861673414304992)",1,97.4322748625622,36780
"(0.5965863222235036, 0.9870601047071634)",3,97.43226524174725,36783
"(0.9379369827374928, 0.9749692931061258)",1,97.43218352447776,36784
"(0.6456925128205129, 0.9875003906860448)",1,97.43213853387935,36785
"(0.813515418166581, 0.9766918866148322)",2,97.43207397042688,36787
"(0.6560520437793165, 0.998108901304008)",1,97.43197886760426,36788
"(0.9572437766315318, 0.9786694888904832)",1,97.43196280803257,36789
"(0.8491340807583629, 0.9861673414304992)",1,97.4319489904936,36790
"(0.4608953690953811, 1.0)",3,97.43193328423236,36793
"(0.7999088007295942, 0.988167361639188)",1,97.43176655587531,36794
"(0.8835857110930401, 0.9764666952752286)",4,97.43174771115348,36798
"(0.8318290279074593, 0.9861673414304992)",1,97.4317280079594,36799
"(0.9017715617715616, 0.9861673414304992)",1,97.43161582659953,36800
"(0.835848883169409, 0.9766918866148322)",1,97.43160749372784,36801
"(0.4847252958987063, 0.9987499746026686)",1,97.43160233180176,36802
"(0.979166518665308, 1.0)",1,97.4315980402454,36803
"(0.983305541180304, 0.9958292603453894)",2,97.43158662389637,36805
"(0.8518774267621343, 0.9764666952752286)",1,97.43136217189884,36806
"(0.9110813074094206, 0.9764666952752286)",2,97.4313258848072,36808
"(0.9188863189008992, 0.9767441860465116)",1,97.43119914386509,36809
"(0.4432931526850991, 1.0)",1,97.43114793226556,36810
"(0.9666666666666668, 0.9833229101521784)",1,97.43102414115056,36811
"(0.8524016298728943, 0.9748802746905214)",1,97.43102000639932,36812
"(0.5892852345838203, 0.9981012669018314)",1,97.43094335265576,36813
"(0.9225446428571428, 0.9749656593406592)",1,97.4308829960143,36814
"(0.5577532679738562, 0.9937491695468736)",1,97.43082570376797,36815
"(0.8705155862492784, 0.9766890960688752)",2,97.4307861593544,36817
"(0.9223799456357596, 0.9764666952752286)",1,97.43067921094722,36818
"(0.634045584045584, 0.9870601047071634)",1,97.43065553134775,36819
"(0.7781407751391581, 0.9760133410378676)",1,97.43046263398644,36820
"(0.7729389061386163, 0.9766918866148322)",1,97.4304408796634,36821
"(0.9234894220441888, 0.9748802746905214)",1,97.4303351542572,36822
"(0.9643944553313464, 0.9764666952752286)",1,97.43027511466126,36823
"(0.2954225865399132, 0.9977203590215908)",1,97.42998200634403,36824
"(0.7884092310206264, 0.9764666952752286)",1,97.4299084776771,36825
"(0.9365069868128822, 0.9790476832523552)",1,97.42976989673453,36826
"(0.8777008472715792, 0.9753372889375088)",1,97.42967120719862,36827
"(0.8518774267621343, 0.9764666952752286)",1,97.4296456594068,36828
"(0.6760014179369018, 0.9870601047071634)",1,97.42959034144948,36829
"(0.8835857110930401, 0.9764666952752286)",2,97.42951065604848,36831
"(0.9640038239043044, 0.97502985598876)",1,97.42950347852054,36832
"(0.8558852999963277, 0.9764666952752286)",1,97.4294430979888,36833
"(0.4937776876667119, 0.9937491695468736)",1,97.4293448551782,36834
"(0.8631546198466533, 0.9764666952752286)",1,97.42919996174577,36835
"(0.4139252838240179, 0.9814170246199424)",1,97.42918945478571,36836
"(0.8835857110930401, 0.9764666952752286)",1,97.42914946750774,36837
"(0.3942553050785419, 0.9981012669018314)",1,97.42912637771065,36838
"(0.9131755270308844, 0.9790539393022352)",2,97.4288777262636,36840
"(0.8947046219773493, 0.9766918866148322)",1,97.42884114748666,36841
"(0.8218185392856778, 0.9861673414304992)",1,97.42874397721224,36842
"(0.9110813074094206, 0.9764666952752286)",1,97.42863912043892,36843
"(0.9874877810361682, 0.9958292603453894)",1,97.4286380554676,36844
"(0.8694224991654613, 0.9766918866148322)",1,97.42856883787798,36845
"(0.8318290279074593, 0.9861673414304992)",1,97.42856386370494,36846
"(0.8467368572432814, 0.9763513513513512)",1,97.42846796722176,36847
"(0.4363355778830426, 0.9987499746026686)",1,97.42846131011738,36848
"(0.5750629311033884, 1.0)",2,97.42840976106424,36850
"(0.7665484369555701, 0.9764666952752286)",1,97.42823493764284,36851
"(0.7439393939393939, 1.0)",1,97.42822534390557,36852
"(0.6746811878062335, 0.9787161797779323)",1,97.42822476556432,36853
"(0.8685314685314685, 0.9764666952752286)",1,97.42818829019323,36854
"(0.8024695068301698, 0.9770269640986102)",1,97.428133329675,36855
"(0.7664480222619757, 0.9764666952752286)",4,97.42809668081216,36859
"(0.7677237478025478, 0.9783782599248878)",1,97.4278174080648,36860
"(0.9102539775554236, 0.9748802746905214)",1,97.42780257201636,36861
"(0.5123851706036745, 0.9988642062668746)",1,97.42777415100858,36862
"(0.8631546198466533, 0.9764666952752286)",1,97.42771829611054,36863
"(0.9538370349708868, 0.9764666952752286)",1,97.42763773847082,36864
"(0.5915486782249667, 1.0)",1,97.42754512352988,36865
"(0.4369316957552253, 0.9870601047071634)",1,97.42735325170844,36866
"(0.8622520112492773, 0.9790476832523552)",2,97.4272591457346,36868
"(0.8426040866925729, 0.977027027027027)",1,97.42723364000769,36869
"(0.4633466015586465, 1.0)",1,97.42721865922223,36870
"(0.6084354171454838, 0.9987499746026686)",1,97.42692449161513,36871
"(0.7435897435897436, 0.9872890642121412)",1,97.42691017554924,36872
"(0.8374874819183264, 0.9764666952752286)",1,97.42687229493048,36873
"(0.3471124103309341, 1.0)",1,97.42684862883834,36874
"(0.4955558486584263, 0.9987500214884376)",1,97.42682174196912,36875
"(0.9172008547008548, 0.9861673414304992)",1,97.42677993876256,36876
"(0.3545856375860411, 1.0)",1,97.42676064637163,36877
"(0.4602518639752682, 0.9824956222639148)",1,97.42668700151636,36878
"(0.8374874819183264, 0.9764666952752286)",1,97.42662929486912,36879
"(0.8518774267621343, 0.9764666952752286)",1,97.42662219937644,36880
"(0.8835857110930401, 0.9764666952752286)",1,97.42658086019016,36881
"(0.8238947099412214, 0.9764666952752286)",1,97.42646920377848,36882
"(0.649671983199115, 0.9931184132078772)",3,97.42601124569288,36885
"(0.7884092310206264, 0.9764666952752286)",1,97.42593738352596,36886
"(0.7823116219667945, 0.9861673414304992)",1,97.4258387743514,36887
"(0.4790513120764785, 0.9987500214884376)",1,97.42582047970916,36888
"(0.6679894179894181, 0.9861673414304992)",1,97.42564862782854,36889
"(0.9398731501057084, 0.9766918866148322)",1,97.42556304937202,36890
"(0.4937776876667119, 0.9962500644653132)",1,97.42553125522856,36891
"(0.8374874819183264, 0.9764666952752286)",2,97.42550226337384,36893
"(0.4937776876667119, 0.9962497362353954)",1,97.4254694718228,36894
"(0.4965663004560743, 0.9900003125488358)",1,97.42542191898298,36895
"(0.9706172005998612, 0.9958292603453894)",1,97.42541061740224,36896
"(0.7665484369555701, 0.9764666952752286)",1,97.42535460327832,36897
"(0.4632547082040988, 1.0)",1,97.42523205695169,36898
"(0.763830245642582, 0.9793918566104434)",2,97.42519453481276,36900
"(0.7042648709315374, 1.0)",1,97.42507521638412,36901
"(0.8716153127917834, 0.9861673414304992)",1,97.42498997541,36902
"(0.7884092310206264, 0.9764666952752286)",1,97.42494914675524,36903
"(0.8384307029790694, 0.9783779637835908)",2,97.42477085046777,36905
"(0.4806879036961406, 0.9899983116452704)",2,97.42469275131738,36907
"(0.945878018492034, 0.9958292603453894)",1,97.42422765648796,36908
"(0.9036271334014516, 0.9783779637835908)",3,97.42422612071788,36911
"(0.9184901612842788, 0.9748802746905214)",1,97.4241720815475,36912
"(0.8456659619450317, 0.9764666952752286)",1,97.42406966212644,36913
"(0.6502676810369118, 0.9872890642121412)",1,97.42406401092396,36914
"(0.5151897052695996, 0.9988642062668746)",1,97.42405023833916,36915
"(0.987463247273494, 0.9958292603453894)",1,97.42402760672796,36916
"(0.8374874819183264, 0.9764666952752286)",1,97.42399927244897,36917
"(0.8931381861853628, 0.9748802746905214)",1,97.42395377729514,36918
"(0.9184901612842788, 0.9791102677630192)",1,97.42379347573822,36919
"(0.9131755270308844, 0.9773648571145208)",1,97.42358488125366,36920
"(0.4770251883589129, 0.9827694264931702)",1,97.42355529262444,36921
"(0.8426040866925729, 0.9793909533590868)",1,97.42351227322168,36922
"(0.8557264819266099, 0.9764666952752286)",1,97.42343142360892,36923
"(0.9669795885118464, 0.9958292603453894)",1,97.42336718004768,36924
"(0.5103469782909699, 0.9912488373656227)",1,97.42305616699964,36925
"(0.9289227371549232, 0.9832462877624168)",1,97.42303005766516,36926
"(0.861111111111111, 0.9833229101521784)",1,97.42281340283868,36927
"(0.563035225158132, 0.9977318108142762)",1,97.4227239987106,36928
"(0.4567442396313363, 0.9987500214884376)",1,97.4227072330173,36929
"(0.8835857110930401, 0.9764666952752286)",1,97.42252984690757,36930
"(0.4865876628104142, 0.9870601047071634)",1,97.42251144437864,36931
"(0.9916585206907788, 0.9958292603453894)",1,97.4224673136576,36932
"(0.8425483191745751, 0.9882048106149588)",1,97.42222124505074,36933
"(0.4935897435897436, 0.9870601047071634)",1,97.42216207921662,36934
"(0.9873891625615764, 1.0)",1,97.42194875596998,36935
"(0.9373666512059368, 0.9749910873440284)",1,97.42193077462606,36936
"(0.8557264819266099, 0.9764666952752286)",1,97.42192387514687,36937
"(0.901028965681318, 0.9764666952752286)",1,97.4219209535183,36938
"(0.9172008547008548, 0.9861673414304992)",1,97.42188824116305,36939
"(0.9501225071212966, 0.9748802746905214)",1,97.42182598043112,36940
"(0.8631546198466533, 0.9764666952752286)",1,97.42162171604312,36941
"(0.966586548597934, 0.9748802746905214)",1,97.4215725372518,36942
"(0.8288092915955513, 0.9793918848356086)",1,97.42156270365214,36943
"(0.9331814008429188, 0.9764666952752286)",1,97.42155248374648,36944
"(0.8726893261776982, 0.9764666952752286)",1,97.42149873205844,36945
"(0.8411857639615443, 0.9793909533590868)",1,97.42147314701388,36946
"(0.8112275321577646, 0.9764666952752286)",1,97.42141972051915,36947
"(0.9503338806787082, 0.9748802746905214)",1,97.42128005906544,36948
"(0.9640038239043044, 0.9749692931061258)",1,97.42117791943274,36949
"(0.7725182451236846, 0.9764666952752286)",1,97.4211720587515,36950
"(0.7460630399100241, 1.0)",1,97.42104877133784,36951
"(0.9538370349708868, 0.9764666952752286)",1,97.42091256626632,36952
"(0.6142380146189402, 1.0)",3,97.42090997114056,36955
"(0.4806879036961406, 0.9912488373656227)",1,97.42087802647468,36956
"(0.8589064384650125, 0.9748802746905214)",1,97.42086559964198,36957
"(0.5055195491370201, 0.986246711405619)",1,97.4208109902632,36958
"(0.8194074731341813, 0.9861673414304992)",1,97.42075364704252,36959
"(0.8395301149279116, 0.9764666952752286)",1,97.42072042512166,36960
"(0.9154520780570968, 0.9748802746905214)",1,97.42071801428332,36961
"(0.3841590381665586, 0.9950429441987424)",1,97.4207024720772,36962
"(0.9172008547008548, 0.9861673414304992)",2,97.4206488862971,36964
"(0.9153439153439156, 0.9833229101521784)",1,97.42054832212192,36965
"(0.9876066164491212, 0.9958292603453894)",1,97.42049688906022,36966
"(0.8518774267621343, 0.9764666952752286)",2,97.42048970456143,36968
"(0.9832965806068272, 0.9958292603453894)",1,97.42044436475842,36969
"(0.9792446763651698, 0.9748802746905214)",1,97.42030478378636,36970
"(0.7261814100818125, 1.0)",2,97.42023464038915,36972
"(0.492807005588115, 0.9987499746026686)",2,97.4200008004693,36974
"(0.8395301149279116, 0.9764666952752286)",1,97.41999477990132,36975
"(0.8843764852418178, 0.9764666952752286)",1,97.41966585788484,36976
"(0.7218114213846213, 1.0)",1,97.41962891994132,36977
"(0.7458851447555765, 0.9764666952752286)",1,97.41957250313276,36978
"(0.5176663811175343, 0.9984817852901372)",1,97.41948900395904,36979
"(0.8920217788143652, 0.9748802746905214)",1,97.41945634578688,36980
"(0.59638347550428, 1.0)",3,97.41941838825512,36983
"(0.9535144014828052, 0.9786694888904832)",1,97.41934557401709,36984
"(0.95, 0.9751409401578528)",1,97.41929660289463,36985
"(0.4585755850187953, 0.9962497362353954)",1,97.4192918298982,36986
"(0.978621888315766, 0.978518051242236)",1,97.41921768853928,36987
"(0.8796475392220073, 0.9833229101521784)",1,97.41920321360324,36988
"(0.485018619948721, 0.9875006250625062)",2,97.41899260417294,36990
"(0.8292352872388802, 0.9790540349287944)",1,97.41891449517112,36991
"(0.4787519493971895, 0.99249924969988)",1,97.41888015877562,36992
"(0.8395301149279116, 0.9764666952752286)",1,97.4188182393681,36993
"(0.8685314685314685, 0.9764666952752286)",1,97.41877824932676,36994
"(0.8518774267621343, 0.9764666952752286)",1,97.41873293880734,36995
"(0.4921211569947243, 0.9975000781372088)",1,97.41869666507723,36996
"(0.9223799456357596, 0.9764666952752286)",1,97.41868297307046,36997
"(0.8518774267621343, 0.9764666952752286)",2,97.41865107182174,36999
"(0.3071065091877812, 1.0)",1,97.41859184025527,37000
"(0.8456659619450317, 0.9764666952752286)",1,97.41851678707982,37001
"(0.9706172005998612, 0.9958292603453894)",1,97.41830111010457,37002
"(0.4517222778047475, 0.9827694264931702)",1,97.41813700137892,37003
"(0.8705155862492784, 0.9773643610796312)",1,97.41809190888598,37004
"(0.5245686342987251, 0.9981051078140064)",1,97.41801069685238,37005
"(0.987463247273494, 0.9958292603453894)",1,97.4177723348434,37006
"(0.9327510896243466, 0.9783779637835908)",1,97.41766800187916,37007
"(0.5196192999992734, 0.9810780484151964)",1,97.41731427624448,37008
"(0.8743078626799556, 0.9861310021084456)",1,97.41727901747404,37009
"(0.4976057427443008, 0.9950002500250024)",1,97.41722953908264,37010
"(0.5643457045368262, 0.9984817852901372)",1,97.4172167425416,37011
"(0.9833229101521784, 0.9833229101521784)",1,97.41698787038531,37012
"(0.5137024199841741, 0.9984817852901372)",1,97.41692862046536,37013
"(0.7664480222619757, 0.9764666952752286)",1,97.41691052167936,37014
"(0.6238255567452281, 0.9870601047071634)",1,97.41688829044918,37015
"(0.6025384620441595, 1.0)",1,97.41688321119943,37016
"(0.9098759089802734, 0.9748802746905214)",1,97.41681989392538,37017
"(0.8879608405415911, 0.9766918866148322)",1,97.41663451341918,37018
"(0.4594704236610712, 0.9974998905914936)",1,97.41658003299194,37019
"(0.5312756357670222, 0.99249924969988)",1,97.41654660340517,37020
"(0.9792773561037318, 1.0)",1,97.41641723803654,37021
"(0.6052212368618619, 0.9950429441987424)",1,97.4162712936344,37022
"(0.751080181203132, 0.9861673414304992)",1,97.41625815554148,37023
"(0.4363355778830426, 0.9950001562744178)",1,97.41618643242072,37024
"(0.813515418166581, 0.9766918866148322)",1,97.41616541168956,37025
"(0.974772367065274, 0.9958292603453894)",2,97.4161439885045,37027
"(0.8013184398461819, 0.9764666952752286)",1,97.41606276164995,37028
"(0.7962102115226081, 0.9766918866148322)",1,97.41597614689316,37029
"(0.8586125966511082, 0.9773648571145208)",1,97.41589619552563,37030
"(0.9188863189008992, 0.9767441860465116)",1,97.41567941860744,37031
"(0.8218185392856778, 0.9861673414304992)",1,97.41564592110348,37032
"(0.9223799456357596, 0.9764666952752286)",2,97.4155127184834,37034
"(0.8835857110930401, 0.9764666952752286)",1,97.4154724821551,37035
"(0.5932092007364075, 1.0)",1,97.415332561301,37036
"(0.8726893261776982, 0.9764666952752286)",1,97.41531065813116,37037
"(0.7458851447555765, 0.9764666952752286)",2,97.41529795907796,37039
"(0.9134717985546716, 0.9770268172641052)",1,97.415254561206,37040
"(0.4722366884143547, 0.9962497362353954)",2,97.41506522772256,37042
"(0.9665831244778612, 0.9833229101521784)",2,97.41505268270797,37044
"(0.7997685185185185, 0.9861673414304992)",1,97.41504903556506,37045
"(0.8586125966511082, 0.9773648571145208)",1,97.41496894173636,37046
"(0.9223799456357596, 0.9764666952752286)",2,97.41489043031729,37048
"(0.9712822597033124, 0.9785714285714284)",3,97.41487889639431,37051
"(0.987463247273494, 0.9958292603453894)",1,97.41483813008436,37052
"(0.8238947099412214, 0.9764666952752286)",1,97.41478496325412,37053
"(0.8622520112492773, 0.9748802746905214)",1,97.41463359523846,37054
"(0.9253213924599162, 0.9764666952752286)",1,97.4144550436894,37055
"(0.5915486782249667, 1.0)",1,97.4144358192698,37056
"(0.8374874819183264, 0.9764666952752286)",1,97.41433965824986,37057
"(0.9712822597033124, 0.97502985598876)",1,97.414298555132,37058
"(0.9300655321826798, 0.9756746761828256)",2,97.41429313366386,37060
"(0.7884092310206264, 0.9764666952752286)",2,97.41427460485384,37062
"(0.8456659619450317, 0.9764666952752286)",1,97.41415625051674,37063
"(0.7498057498057498, 0.9870601047071634)",1,97.41414399670938,37064
"(0.4632547082040988, 1.0)",1,97.41409218033203,37065
"(0.7836974395113928, 0.9766918866148322)",2,97.41407175218852,37067
"(0.4896359390280644, 0.9962497362353954)",1,97.4139744461883,37068
"(0.8711611700834614, 0.9764666952752286)",1,97.41395692056778,37069
"(0.8622520112492773, 0.9790755481078062)",1,97.41394063665722,37070
"(0.7962102115226081, 0.9766918866148322)",1,97.41385247896594,37071
"(0.7884092310206264, 0.9764666952752286)",1,97.4138020793648,37072
"(0.9377148530109056, 0.991206314397104)",1,97.41371441092414,37073
"(0.9017715617715616, 0.9861673414304992)",1,97.41357245029184,37074
"(0.683178560611297, 0.9777024991101152)",1,97.41354114041194,37075
"(0.9538370349708868, 0.9764666952752286)",1,97.41348388099212,37076
"(0.9665633291439744, 0.9958292603453894)",2,97.41344756930128,37078
"(0.8622520112492773, 0.9748802746905214)",1,97.41340617877954,37079
"(0.8518001818001818, 0.9773648571145208)",1,97.41336853909418,37080
"(0.4363355778830426, 1.0)",1,97.41336346363497,37081
"(0.5159978271811663, 1.0)",1,97.41327859954734,37082
"(0.8288092915955513, 0.9793909533590868)",1,97.41314391288137,37083
"(0.987463247273494, 0.9958292603453894)",1,97.41314193675105,37084
"(0.8586125966511082, 0.9793909533590868)",1,97.41306348340149,37085
"(0.7907680396814234, 0.9766891812074846)",1,97.4130578007072,37086
"(0.7884092310206264, 0.9764666952752286)",1,97.41300876116544,37087
"(0.4571140259616066, 0.9962497362353954)",1,97.41291892529904,37088
"(0.5208957469413343, 0.9981012669018314)",1,97.41284661632312,37089
"(0.514585158944719, 0.9981012669018314)",1,97.41279374433805,37090
"(0.8796475392220073, 1.0)",1,97.41272465321492,37091
"(0.488134593288165, 0.9862507520107008)",2,97.41269814009712,37093
"(0.4603282383880727, 1.0)",1,97.41265124743072,37094
"(0.5166972147349506, 1.0)",1,97.41254873805023,37095
"(0.5916005291005291, 0.9992416608232524)",1,97.4124637914478,37096
"(0.599744651595403, 0.9992416608232524)",1,97.41239575861454,37097
"(0.7513013302486987, 0.9870601047071634)",1,97.41236388347818,37098
"(0.8835857110930401, 0.9764666952752286)",1,97.41230145283204,37099
"(0.7615072500907597, 0.9764666952752286)",1,97.41228855967096,37100
"(0.4195358585602487, 0.9870601047071634)",1,97.41225778700338,37101
"(0.7139609159313594, 0.9870601047071634)",1,97.4122019385064,37102
"(0.8907966222338917, 0.9958292603453894)",1,97.41201773660327,37103
"(0.8340799485585682, 0.9764666952752286)",2,97.41182897317242,37105
"(0.8395301149279116, 0.9764666952752286)",1,97.41174238471751,37106
"(0.6784791526961461, 0.9984863658725142)",1,97.41158815305695,37107
"(0.7909263030043223, 0.9764666952752286)",1,97.41153368769687,37108
"(0.2779782213428167, 0.9912488373656227)",1,97.41152442199105,37109
"(0.9154520780570968, 0.9790755481078062)",1,97.4115137339268,37110
"(0.4912575527045726, 0.9987499746026686)",1,97.41144633954964,37111
"(0.9749088814411396, 1.0)",1,97.41128562466324,37112
"(0.900983347688774, 0.9861673414304992)",3,97.4112196457558,37115
"(0.8622520112492773, 0.9748802746905214)",1,97.41109865720304,37116
"(0.888425800230205, 0.9790540349287944)",1,97.41109066997096,37117
"(0.9628689175769612, 0.9749910873440284)",2,97.41101700760186,37119
"(0.8874191651969431, 0.9861673414304992)",1,97.4109684015678,37120
"(0.8411857639615443, 0.9773648571145208)",3,97.41095367603036,37123
"(0.9916585206907788, 0.9958292603453894)",2,97.41089559987444,37125
"(0.6088842547573518, 1.0)",3,97.41089411183307,37128
"(0.8843764852418178, 0.9764666952752286)",1,97.41077438505272,37129
"(0.8701068324360797, 0.9773648571145208)",1,97.41075176882298,37130
"(0.4609162804468383, 0.9912488373656227)",1,97.41061367786416,37131
"(0.8226023448010763, 0.9764666952752286)",1,97.41043027768316,37132
"(0.9131755270308844, 0.9783783783783784)",1,97.4104146430208,37133
"(0.8395301149279116, 0.9764666952752286)",1,97.41036252552507,37134
"(0.9310391447174572, 0.9773648571145208)",3,97.41031090650252,37137
"(0.9916585206907788, 0.9958292603453894)",2,97.4102631864804,37139
"(0.8579868984630887, 0.9861673414304992)",1,97.41026115027452,37140
"(0.8602650098786556, 0.9760132424791182)",1,97.41022044589567,37141
"(0.831031066037186, 0.9766918866148322)",1,97.41017197078244,37142
"(0.401652976500311, 0.9870601047071634)",1,97.4100711132386,37143
"(0.4553345256344744, 1.0)",2,97.41005901726489,37145
"(0.4553345256344744, 0.9987499746026686)",3,97.41004093457586,37148
"(0.8467368572432814, 0.9793909533590868)",1,97.4099938937362,37149
"(0.8374874819183264, 0.9764666952752286)",1,97.40999360286688,37150
"(0.5222068099340543, 0.9988642062668746)",1,97.40983082404124,37151
"(0.8411857639615443, 0.9793909533590868)",1,97.40982179808606,37152
"(0.501667548613375, 0.9900003125488358)",1,97.4097402164455,37153
"(0.8395301149279116, 0.9764666952752286)",2,97.40965499297008,37155
"(0.8631546198466533, 0.9764666952752286)",1,97.40961642103451,37156
"(0.9240041208791208, 0.9749910873440284)",1,97.40959057258664,37157
"(0.5916005291005291, 0.9996210215628012)",1,97.4095287906036,37158
"(0.4603282383880727, 0.9987499746026686)",2,97.40944760584246,37160
"(0.4499384836938269, 0.9975000781372088)",1,97.40943993667952,37161
"(0.4571140259616066, 0.9962497362353954)",1,97.40943462852916,37162
"(0.6387464387464387, 0.9870601047071634)",1,97.40938225758276,37163
"(0.9749706744868036, 0.9958292603453894)",1,97.40929189648324,37164
"(0.947035873779261, 0.9751409401578528)",1,97.40925553423456,37165
"(0.485879976270526, 0.995053182506911)",1,97.40909074952916,37166
"(0.5685989470330658, 0.997341773662564)",1,97.40888096444505,37167
"(0.7361988647484831, 0.9872890642121412)",1,97.40884494181304,37168
"(0.7368760064412239, 0.9861673414304992)",1,97.40880634610537,37169
"(0.7665484369555701, 0.9764666952752286)",1,97.40876576348134,37170
"(0.843845350684385, 0.9786694888904832)",3,97.40865304535102,37173
"(0.9131755270308844, 0.9766886703689064)",1,97.40859658238838,37174
"(0.8395301149279116, 0.9764666952752286)",2,97.4085302181988,37176
"(0.7833537331701346, 0.9764666952752286)",2,97.40839075036564,37178
"(0.8148308968977662, 0.9861673414304992)",1,97.40826738558256,37179
"(0.9871616776282092, 0.9958292603453894)",1,97.40821439740692,37180
"(0.519475743201844, 0.9862481730031216)",1,97.40798678781158,37181
"(0.6933160650937552, 0.9764666952752286)",1,97.40791126704816,37182
"(0.9538370349708868, 0.9764666952752286)",2,97.40788680940872,37184
"(0.8110682791635173, 0.9861673414304992)",2,97.40771988938778,37186
"(0.9184901612842788, 0.9748802746905214)",1,97.4077019193813,37187
"(0.5004274455385378, 0.9962501582231502)",2,97.40767738740745,37189
"(0.9427148033126296, 0.9751409401578528)",3,97.40767628743014,37192
"(0.8003813092161745, 0.9748802746905214)",1,97.40762841941124,37193
"(0.8860455063826657, 0.9861673414304992)",1,97.40760925143309,37194
"(0.7250237826596757, 0.9870601047071634)",1,97.4074777644253,37195
"(0.9110813074094206, 0.9764666952752286)",1,97.40739960439416,37196
"(0.5123851706036745, 0.999621402088958)",3,97.40739364485896,37199
"(0.8340799485585682, 0.9764666952752286)",1,97.40732636391354,37200
"(0.9110813074094206, 0.9764666952752286)",1,97.40723281855708,37201
"(0.9223799456357596, 0.9764666952752286)",1,97.40721980870704,37202
"(0.9011810599946194, 0.9861673414304992)",1,97.40710989924794,37203
"(0.8736212624584717, 0.9764666952752286)",1,97.4071014176702,37204
"(0.8374874819183264, 0.9764666952752286)",1,97.40708533393315,37205
"(0.8835857110930401, 0.9764666952752286)",1,97.40700772757972,37206
"(0.5668351162239414, 0.9977318108142762)",1,97.40696153165877,37207
"(0.8499431760854415, 0.9760131220172424)",1,97.4069406681447,37208
"(0.5466837142306626, 0.9861673414304992)",1,97.40690663061656,37209
"(0.8874191651969431, 0.9861673414304992)",1,97.40689300816176,37210
"(0.8148308968977662, 0.9861673414304992)",1,97.4068098995204,37211
"(0.8701068324360797, 0.980066832719942)",1,97.40679720754868,37212
"(0.8090204369274137, 0.9764666952752286)",2,97.40678982951194,37214
"(0.7709171448706333, 0.9764666952752286)",1,97.40674282956417,37215
"(0.5680110729159855, 1.0)",1,97.4067151092242,37216
"(0.8685314685314685, 0.9764666952752286)",1,97.4066375379244,37217
"(0.5173573838463876, 0.9992431829362568)",2,97.40662337240906,37219
"(0.506032156862745, 0.9975000781372088)",1,97.40650679582376,37220
"(0.7139609159313594, 0.9870601047071634)",3,97.40649922483968,37223
"(0.5302041096685234, 0.9981012669018314)",1,97.40639475328724,37224
"(0.6025384620441595, 1.0)",3,97.40637087384827,37227
"(0.901028965681318, 0.9764666952752286)",2,97.40631311903184,37229
"(0.6341009759759758, 0.983748857020046)",3,97.4062163316636,37232
"(0.7342711301044634, 0.9870601047071634)",2,97.40619933693742,37234
"(0.8799206023655463, 0.9777019697476376)",2,97.4061625434222,37236
"(0.861111111111111, 0.9833229101521784)",1,97.40607361716437,37237
"(0.7678405315614618, 0.9764666952752286)",1,97.40605268842232,37238
"(0.7999088007295942, 0.9766918866148322)",1,97.40592730294875,37239
"(0.9110813074094206, 0.9764666952752286)",1,97.40590110257811,37240
"(0.7836974395113928, 0.9766918866148322)",1,97.40586571814748,37241
"(0.6736022307473716, 0.9861673414304992)",1,97.40582213709594,37242
"(0.8374874819183264, 0.9764666952752286)",1,97.40578949447408,37243
"(0.4921211569947243, 0.9975000781372088)",1,97.40573588857494,37244
"(0.8567210567210567, 0.9861673414304992)",2,97.405720993026,37246
"(0.8066742741368069, 0.9773646091000128)",1,97.40557653715344,37247
"(0.9300655321826798, 0.9780401821284612)",1,97.40548009488988,37248
"(0.8518001818001818, 0.9773648571145208)",3,97.40539981925454,37251
"(0.6870644599303137, 0.9861310021084456)",1,97.40535191780737,37252
"(0.4860887005222129, 0.9912488373656227)",2,97.4053459493747,37254
"(0.900838851006521, 0.9748802746905214)",1,97.40527717226512,37255
"(0.4955203630891704, 0.9900003125488358)",1,97.4052462122113,37256
"(0.3584486416678197, 1.0)",3,97.40519207501104,37259
"(0.7745791245791245, 0.9861673414304992)",1,97.4050278955646,37260
"(0.900983347688774, 0.9861673414304992)",1,97.4050266258222,37261
"(0.5123300801673056, 1.0)",1,97.4049800346677,37262
"(0.8602650098786556, 0.9790536524153534)",1,97.4047730181488,37263
"(0.5318703819174632, 0.9911835359684772)",3,97.40472972296824,37266
"(0.5750629311033884, 1.0)",3,97.40465474484893,37269
"(0.7458851447555765, 0.9764666952752286)",1,97.40459263366635,37270
"(0.7836974395113928, 0.9766918866148322)",1,97.4045492068173,37271
"(0.8013184398461819, 0.9764666952752286)",4,97.40450684584832,37275
"(0.8249504969211211, 0.9766918866148322)",1,97.40450255073964,37276
"(0.8835857110930401, 0.9764666952752286)",1,97.40444975628698,37277
"(0.8891825109620656, 0.9790540349287944)",3,97.4043227374044,37280
"(0.502001702724359, 0.993750341823046)",2,97.40427429706294,37282
"(0.9494594905410846, 0.97502985598876)",1,97.40419019376718,37283
"(0.9538370349708868, 0.9764666952752286)",2,97.40416678938708,37285
"(0.987463247273494, 0.9958292603453894)",1,97.40403098779908,37286
"(0.9223799456357596, 0.9764666952752286)",1,97.40394604034871,37287
"(0.7361988647484831, 0.9870601047071634)",1,97.40388188007664,37288
"(0.9184901612842788, 0.9748802746905214)",1,97.40373761592662,37289
"(0.8013184398461819, 0.9764666952752286)",1,97.4036745366513,37290
"(0.8226023448010763, 0.9764666952752286)",1,97.4036217970249,37291
"(0.9223799456357596, 0.9764666952752286)",1,97.40346883010828,37292
"(0.9829909379735984, 0.9958292603453894)",1,97.4034411868627,37293
"(0.7323695788812067, 0.9766918866148322)",1,97.4033941385485,37294
"(0.7000013129045387, 0.9870601047071634)",1,97.40329450950836,37295
"(0.8389313963994772, 0.9790540349287944)",1,97.4032162036144,37296
"(0.987463247273494, 0.9958292603453894)",1,97.40320560111569,37297
"(0.7781407751391581, 0.9773646091000128)",1,97.4030946753456,37298
"(0.8456659619450317, 0.9764666952752286)",1,97.4028265545223,37299
"(0.4670357941834451, 0.9946588541666668)",1,97.402734583426,37300
"(0.5172164351851852, 0.9984817852901372)",1,97.40272412059932,37301
"(0.842200034135518, 0.9785714285714284)",1,97.40251588734549,37302
"(0.4787519493971895, 0.9912488373656227)",2,97.4024455947512,37304
"(0.7884092310206264, 0.9764666952752286)",1,97.40244277404264,37305
"(0.485018619948721, 0.9900003125488358)",1,97.40243666107348,37306
"(0.4925285484808521, 0.9962497362353954)",1,97.40227934714764,37307
"(0.6090651266678423, 0.9977340588428304)",1,97.40227624338183,37308
"(0.4168399821364511, 0.9899983116452704)",1,97.4022715244774,37309
"(0.7884092310206264, 0.9764666952752286)",2,97.40220236490995,37311
"(0.8013184398461819, 0.9764666952752286)",1,97.40218921960594,37312
"(0.6760014179369018, 0.9870601047071634)",1,97.4019685510428,37313
"(0.5166972147349506, 1.0)",1,97.4019437578113,37314
"(0.8835857110930401, 0.9764666952752286)",1,97.40184763546112,37315
"(0.927082576248316, 0.9876066164491212)",1,97.40182021026492,37316
"(0.6250748921647628, 0.9974998905914936)",1,97.40179973385986,37317
"(0.6800130179603725, 0.9992431829362568)",1,97.4017183411173,37318
"(0.9750943974852894, 0.9958292603453894)",1,97.40170444856813,37319
"(0.9030683555945836, 0.9777026416252612)",1,97.40169431986592,37320
"(0.8920217788143652, 0.9748802746905214)",1,97.40142825845862,37321
"(0.9098759089802734, 0.9748802746905214)",2,97.40133802080908,37323
"(0.7042648709315374, 1.0)",1,97.40120551707462,37324
"(0.7884092310206264, 0.9764666952752286)",1,97.40102898876997,37325
"(0.82315815174266, 0.9764666952752286)",2,97.4010040384189,37327
"(0.4865876628104142, 0.9870601047071634)",1,97.40085965727124,37328
"(0.8333192389006343, 0.9766918866148322)",1,97.40085137252132,37329
"(0.4667544811866356, 0.9827694264931702)",1,97.40080058305178,37330
"(0.7615072500907597, 0.9764666952752286)",1,97.40060911730912,37331
"(0.9172008547008548, 0.9861673414304992)",1,97.40048804857786,37332
"(0.9326599326599326, 0.9833229101521784)",1,97.4003622042068,37333
"(0.9543883398911862, 0.9958292603453894)",1,97.40031142167128,37334
"(0.3506832674571805, 1.0)",1,97.4001761549696,37335
"(0.8318290279074593, 0.9861673414304992)",1,97.40016776179188,37336
"(0.9372650231764934, 0.9790476832523552)",1,97.40003025226156,37337
"(0.8589064384650125, 0.9748802746905214)",1,97.39999617909056,37338
"(0.8181654379194883, 0.9870601047071634)",1,97.39999463771387,37339
"(0.418728666447884, 0.9962497362353954)",1,97.39998827010008,37340
"(0.7615072500907597, 0.9764666952752286)",1,97.39989685693835,37341
"(0.5138165509259259, 0.9988642062668746)",1,97.39977770630908,37342
"(0.7000013129045387, 0.9870601047071634)",1,97.39972950741728,37343
"(0.8604306971015356, 0.9861673414304992)",1,97.39969689012574,37344
"(0.8524016298728943, 0.9790755481078062)",1,97.3995642875432,37345
"(0.771686936872398, 0.9764666952752286)",1,97.39947468460672,37346
"(0.6026666666666667, 0.9981012669018314)",1,97.39940093451924,37347
"(0.7458851447555765, 0.9764666952752286)",1,97.39937053804049,37348
"(0.4955558486584263, 0.9987499746026686)",1,97.39934858691286,37349
"(0.888425800230205, 0.9766890215720122)",1,97.39926798847937,37350
"(0.4390890767753137, 0.9874974989996)",1,97.39916349272283,37351
"(0.7884092310206264, 0.9764666952752286)",1,97.39914346757442,37352
"(0.5142655348168222, 1.0)",3,97.39881938881798,37355
"(0.5951215675790986, 1.0)",1,97.39875222812478,37356
"(0.5203553504225632, 0.9984817852901372)",1,97.39867365530004,37357
"(0.775651722678174, 0.9764666952752286)",1,97.39866326184487,37358
"(0.8596618357487924, 0.9861673414304992)",1,97.39857976507189,37359
"(0.7374768177381903, 0.991206314397104)",2,97.39824713139858,37361
"(0.3278479231548534, 1.0)",1,97.39824296378268,37362
"(0.4685034316109736, 0.9827694264931702)",1,97.398206472475,37363
"(0.4495135398715946, 0.9935109390159556)",1,97.39816170940333,37364
"(0.6324707692241994, 0.9861673414304992)",1,97.39809825085015,37365
"(0.8622520112492773, 0.9790476832523552)",1,97.39792920457714,37366
"(0.4168399821364511, 0.9912488373656227)",1,97.3976872464414,37367
"(0.8460636535055139, 0.9764666952752286)",1,97.3976514143684,37368
"(0.5080392961876832, 0.983748857020046)",1,97.39754064711344,37369
"(0.9712822597033124, 0.97502985598876)",1,97.39752315625624,37370
"(0.1884619155493628, 1.0)",3,97.39746014829626,37373
"(0.5412991362594748, 0.9837461134793682)",1,97.39745537999222,37374
"(0.9253213924599162, 0.9764666952752286)",1,97.3973123610612,37375
"(0.9153439153439156, 0.9833229101521784)",1,97.39724740378496,37376
"(0.6019854338794117, 1.0)",1,97.39723461473096,37377
"(0.8687499999999999, 0.9766918866148322)",1,97.3971687486928,37378
"(0.8589064384650125, 0.9748802746905214)",1,97.39716201586708,37379
"(0.4925733396357239, 0.9975000781372088)",2,97.39711688795836,37381
"(0.5141118717493827, 0.9981012669018314)",1,97.3970074749099,37382
"(0.8891825109620656, 0.9790540349287944)",3,97.3969551151313,37385
"(0.4229346333263246, 1.0)",1,97.39695193053062,37386
"(0.9756244289830628, 0.9958292603453894)",2,97.39692445828332,37388
"(0.9497171590194848, 0.9833229101521784)",1,97.39691660941492,37389
"(0.8340799485585682, 0.9764666952752286)",1,97.39678917663514,37390
"(0.9110813074094206, 0.9764666952752286)",1,97.396785929173,37391
"(0.8374874819183264, 0.9764666952752286)",1,97.39675175770034,37392
"(0.5245686342987251, 1.0)",1,97.39672611414946,37393
"(0.9030683555945836, 0.9783781809544524)",2,97.39660658338376,37395
"(0.9309821833269412, 0.9766918866148322)",1,97.39659227287194,37396
"(0.5198751043097375, 1.0)",3,97.39658666758784,37399
"(0.4468328406505846, 0.9861673414304992)",1,97.39629792556444,37400
"(0.9102539775554236, 0.9748802746905214)",1,97.39628254720591,37401
"(0.5172164351851852, 0.9961927960732532)",3,97.3962637194496,37404
"(0.7780625367430922, 0.9861673414304992)",1,97.39617717543116,37405
"(0.4946461141636722, 0.9900003125488358)",1,97.39612224526834,37406
"(0.9259740526337398, 0.9749692931061258)",3,97.39604395867708,37409
"(0.5469648740045486, 0.9984817852901372)",1,97.3960035845216,37410
"(0.2214590876870318, 1.0)",1,97.39592378923206,37411
"(0.8288092915955513, 0.9800675698425442)",1,97.39586130959748,37412
"(0.8557264819266099, 0.9764666952752286)",1,97.3957668511358,37413
"(0.4924642862429867, 0.9912488373656227)",1,97.39576399952452,37414
"(0.5118812113070996, 0.9987499746026686)",2,97.39550772022992,37416
"(0.8842859019839705, 0.9764666952752286)",1,97.39529884882636,37417
"(0.8631546198466533, 0.9764666952752286)",1,97.3952937418545,37418
"(0.9110813074094206, 0.9764666952752286)",1,97.39517221944172,37419
"(0.8557264819266099, 0.9764666952752286)",1,97.39513055904663,37420
"(0.9540153992631536, 0.9751409401578528)",1,97.39497740065588,37421
"(0.7368760064412239, 0.9861673414304992)",1,97.3949293582152,37422
"(0.8813457860512559, 0.9748802746905214)",1,97.39481455837426,37423
"(0.9372650231764934, 0.9748802746905214)",1,97.3945779709303,37424
"(0.7545469576719577, 1.0)",1,97.39443995973004,37425
"(0.4994316028798788, 0.9870601047071634)",6,97.39443238017944,37431
"(0.9110813074094206, 0.9764666952752286)",1,97.39437309562962,37432
"(0.8395301149279116, 0.9764666952752286)",1,97.39432470074097,37433
"(0.4925733396357239, 0.9950002500250024)",1,97.39428039282193,37434
"(0.7524760273298283, 0.991206314397104)",1,97.39419717598442,37435
"(0.6085242154650133, 0.9937495603923254)",1,97.39410471028596,37436
"(0.7665484369555701, 0.9764666952752286)",1,97.39407226770292,37437
"(0.4606973696770164, 0.9975000781372088)",1,97.39395619221172,37438
"(0.4319035504296698, 0.9975000781372088)",1,97.39388478670072,37439
"(0.564721361881677, 1.0)",3,97.39381082739656,37442
"(0.970619176311776, 0.9958292603453894)",1,97.39370601090845,37443
"(0.8456659619450317, 0.9764666952752286)",1,97.39361631396808,37444
"(0.6122976080997202, 0.992499671774481)",1,97.39358583598572,37445
"(0.9050734423340914, 0.979166518665308)",1,97.3935622647149,37446
"(0.5750629311033884, 0.9996210215628012)",1,97.3934459787326,37447
"(0.7706774519716887, 0.9764666952752286)",1,97.3934229838236,37448
"(0.9234894220441888, 0.9832462877624168)",1,97.39342225142153,37449
"(0.8374874819183264, 0.9764666952752286)",1,97.39333896386393,37450
"(0.7218114213846213, 1.0)",1,97.39330886321142,37451
"(0.902192297684101, 0.9861310021084456)",1,97.39324015842064,37452
"(0.5750629311033884, 1.0)",2,97.39303975721462,37454
"(0.4407055363375315, 0.9937491695468736)",1,97.39290576849068,37455
"(0.7261814100818125, 1.0)",1,97.39289255561783,37456
"(0.4921211569947243, 0.9975000781372088)",1,97.39288207287416,37457
"(0.7665484369555701, 0.9764666952752286)",1,97.39287057408346,37458
"(0.8604306971015356, 0.9861673414304992)",1,97.39284001627414,37459
"(0.7665484369555701, 0.9764666952752286)",1,97.39283757102616,37460
"(0.9327510896243466, 0.9766879040584532)",1,97.3928338106908,37461
"(0.9539751547184644, 0.9748524098350704)",2,97.39272820989228,37463
"(0.4633466015586465, 1.0)",1,97.39270160373223,37464
"(0.9873444118605408, 0.9958292603453894)",1,97.39267846939671,37465
"(0.3701287531347074, 0.9827694264931702)",1,97.39236006970336,37466
"(0.6749447402728794, 0.9861310021084456)",1,97.3923537687306,37467
"(0.8374874819183264, 0.9764666952752286)",1,97.39222821665444,37468
"(0.8071948928825261, 0.9861673414304992)",1,97.39212380420062,37469
"(0.5750629311033884, 1.0)",1,97.39199826031818,37470
"(0.9494594905410846, 0.9785714285714284)",1,97.39197729698068,37471
"(0.9916585206907788, 0.9958292603453894)",1,97.39194690353588,37472
"(0.9019292060258446, 0.9861673414304992)",1,97.39186999225078,37473
"(0.4937776876667119, 0.9962500644653132)",1,97.39183201567816,37474
"(0.5407758700406877, 0.9861310021084456)",1,97.3916847669109,37475
"(0.8567210567210567, 0.9861673414304992)",1,97.39166589558876,37476
"(0.6324707692241994, 0.9861673414304992)",1,97.39165762234988,37477
"(0.9017715617715616, 0.9861673414304992)",1,97.3916080893605,37478
"(0.9574285714285714, 0.9751409401578528)",1,97.39157348474274,37479
"(0.763830245642582, 0.9753378293934332)",1,97.39152355451964,37480
"(0.8937718863178524, 0.9790476832523552)",1,97.39146836295666,37481
"(0.8315416458960965, 0.9766918866148322)",2,97.3914195006842,37483
"(0.3446576499998455, 1.0)",3,97.39140897381829,37486
"(0.488134593288165, 0.9900003125488358)",1,97.3911673314772,37487
"(0.9535144014828052, 0.9751409401578528)",1,97.39111186206958,37488
"(0.4716594097726173, 0.9870601047071634)",1,97.3910862171836,37489
"(0.8884797556713653, 0.9748802746905214)",1,97.39098265473623,37490
"(0.8300265307680562, 1.0)",1,97.39091655017256,37491
"(0.9502288074111276, 0.9751409401578528)",1,97.39073062252866,37492
"(0.7000013129045387, 0.9870601047071634)",1,97.39072637532028,37493
"(0.8726893261776982, 0.9764666952752286)",1,97.3905977512943,37494
"(0.966586548597934, 0.9748524098350704)",1,97.3905356932298,37495
"(0.4830767364322945, 0.9899983116452704)",1,97.39040447002412,37496
"(0.8374874819183264, 0.9764666952752286)",2,97.39008169186567,37498
"(0.94291309888229, 0.991206314397104)",3,97.38981497569782,37501
"(0.9300655321826798, 0.9790536524153534)",1,97.3897765316027,37502
"(0.5342296694992609, 0.986249032863116)",1,97.3897354033486,37503
"(0.4423707251851418, 0.9861310021084456)",1,97.38970365591734,37504
"(0.457262827025654, 0.9992416608232524)",1,97.38959007313916,37505
"(0.6387464387464387, 0.9870601047071634)",1,97.38957265103188,37506
"(0.932201731346617, 0.9764666952752286)",1,97.38954899804212,37507
"(0.5169664781532898, 0.9912488373656227)",1,97.38952878396232,37508
"(0.6088842547573518, 1.0)",3,97.38944834264794,37511
"(0.8810064268049709, 0.991206314397104)",1,97.38944600438188,37512
"(0.8960650488709133, 0.9764666952752286)",1,97.38937194854115,37513
"(0.7907680396814234, 0.9790530021085924)",1,97.38929288720932,37514
"(0.8340799485585682, 0.9764666952752286)",2,97.38927299414335,37516
"(0.8491340807583629, 0.9861673414304992)",1,97.38926557725038,37517
"(0.7909263030043223, 0.9764666952752286)",2,97.38923080050046,37519
"(0.5235735740769297, 1.0)",1,97.38919656392926,37520
"(0.8835857110930401, 0.9764666952752286)",1,97.38917144446984,37521
"(0.436582475645901, 0.9800660998981192)",1,97.389060988011,37522
"(0.8694224991654613, 0.9766918866148322)",1,97.3889720305728,37523
"(0.6026666666666667, 0.9981012669018314)",1,97.38888683782854,37524
"(0.9640038239043044, 0.97502985598876)",1,97.38886345383456,37525
"(0.7615072500907597, 0.9764666952752286)",1,97.3887233292947,37526
"(0.507482960719107, 0.9987499746026686)",1,97.3886933748902,37527
"(0.9223799456357596, 0.9764666952752286)",1,97.38865244401632,37528
"(0.9748524098350704, 0.9958292603453894)",1,97.38863712771128,37529
"(0.7371074312749817, 0.9870601047071634)",1,97.38862135639891,37530
"(0.8288092915955513, 0.9756756090457394)",1,97.38858935982012,37531
"(0.9539751547184644, 0.9748802746905214)",1,97.38848726806371,37532
"(0.8300265307680562, 1.0)",1,97.388470978373,37533
"(0.7376124238869338, 0.9870601047071634)",1,97.3883856870054,37534
"(0.2710113076866549, 0.9988619159967322)",1,97.3883655778612,37535
"(0.5212761826633853, 0.992499671774481)",1,97.38833493706304,37536
"(0.4571140259616066, 0.99499949979992)",2,97.38826628003784,37538
"(0.8013184398461819, 0.9764666952752286)",1,97.38821618758924,37539
"(0.7884092310206264, 0.9764666952752286)",1,97.38814111760225,37540
"(0.8518001818001818, 0.9773648571145208)",1,97.38807973049278,37541
"(0.5125776356048668, 1.0)",3,97.38787984349122,37544
"(0.1357209660560048, 0.9870601047071634)",1,97.38783376682844,37545
"(0.6435039149365576, 1.0)",1,97.38782174489832,37546
"(0.5436902443051231, 1.0)",3,97.38776334539564,37549
"(0.9540153992631536, 0.9751409401578528)",3,97.3876124344732,37552
"(0.9030323840191014, 0.9748802746905214)",1,97.38748900895165,37553
"(0.9628689175769612, 0.9749910873440284)",1,97.38748809850884,37554
"(0.95, 0.9751409401578528)",1,97.38722434916568,37555
"(0.4844841746794872, 0.9912488373656227)",1,97.38719908372089,37556
"(0.8631546198466533, 0.9764666952752286)",1,97.38709936203398,37557
"(0.6022961136704902, 0.9981012669018314)",1,97.38707489873114,37558
"(0.4337472035794183, 0.994274357955255)",1,97.38700472587836,37559
"(0.7884092310206264, 0.9764666952752286)",1,97.3869786629377,37560
"(0.9788980434141724, 0.9958292603453894)",1,97.38697609989022,37561
"(0.4130211680123674, 1.0)",3,97.38674283675678,37564
"(0.7313293623054037, 0.9763505739747672)",1,97.38667336496891,37565
"(0.4611605493121345, 0.9975)",1,97.38661481206164,37566
"(0.4925733396357239, 0.9962501582231502)",1,97.38659705166334,37567
"(0.9348222545262322, 0.9751409401578528)",1,97.38659470348728,37568
"(0.4844841746794872, 0.9912488373656227)",2,97.38658856682724,37570
"(0.8705155862492784, 0.9787161797779323)",1,97.3864859522339,37571
"(0.7997685185185185, 0.9861673414304992)",1,97.3864596846386,37572
"(0.9643944553313464, 0.9764666952752286)",1,97.38641047063692,37573
"(0.974772367065274, 0.9958292603453894)",1,97.38635418564076,37574
"(0.9609357631051972, 0.9751409401578528)",1,97.38611925926426,37575
"(0.59638347550428, 1.0)",1,97.3860444665117,37576
"(0.6417826357070746, 0.988750193395939)",1,97.3859749708433,37577
"(0.8340799485585682, 0.9764666952752286)",1,97.3859233854611,37578
"(0.509688959052258, 0.9949997811829872)",1,97.3858135073587,37579
"(0.771686936872398, 0.9764666952752286)",1,97.38576469631708,37580
"(0.9665831244778612, 0.9833229101521784)",1,97.38574525919982,37581
"(0.8937718863178524, 0.979166518665308)",1,97.38566579697704,37582
"(0.7578328648096089, 0.9764666952752286)",1,97.38542144544418,37583
"(0.4039045743444857, 0.9882048106149588)",1,97.38533949093828,37584
"(0.8110682791635173, 0.9861673414304992)",1,97.38531096330452,37585
"(0.9373666512059368, 0.9749910873440284)",1,97.38519851973405,37586
"(0.9162596992611264, 0.9861673414304992)",1,97.38517772047352,37587
"(0.494115166078446, 0.9900003125488358)",3,97.3851715565198,37590
"(0.8835857110930401, 0.9764666952752286)",1,97.3851378996852,37591
"(0.8813457860512559, 0.9790755481078062)",1,97.38509246352316,37592
"(0.8374874819183264, 0.9764666952752286)",1,97.38505944996388,37593
"(0.8050115655679925, 0.977027006050936)",1,97.38505826789674,37594
"(0.9310391447174572, 0.9780403826403014)",2,97.38497959141144,37596
"(0.5049504801920769, 0.9962501582231502)",2,97.38482316163632,37598
"(0.9310391447174572, 0.9777026823435832)",1,97.3847704590192,37599
"(0.5342296694992609, 0.9862497206293536)",2,97.38469940798171,37601
"(0.7864381427049374, 0.9756753425211272)",1,97.38467894751712,37602
"(0.9372650231764934, 0.9832462877624168)",1,97.38465212753518,37603
"(0.4646956255353202, 0.9937501074421884)",1,97.38463470623198,37604
"(0.4338421858976735, 0.9912488373656227)",2,97.38454569275682,37606
"(0.8374874819183264, 0.9764666952752286)",1,97.38440779320776,37607
"(0.5398840942160625, 1.0)",1,97.38426737542444,37608
"(0.405080183803588, 0.9861673414304992)",1,97.38424038695462,37609
"(0.8596618357487924, 0.9861673414304992)",1,97.38420138786203,37610
"(0.9916585206907788, 0.9958292603453894)",2,97.38411762765789,37612
"(0.5685296942699924, 0.9790506964596818)",1,97.38411013169464,37613
"(0.7999088007295942, 0.9766918866148322)",2,97.38403863017388,37615
"(0.9712822597033124, 0.97502985598876)",1,97.38403008532497,37616
"(0.5235735740769297, 1.0)",1,97.38401080244329,37617
"(0.8685314685314685, 0.9764666952752286)",2,97.38395071909324,37619
"(0.9628689175769612, 0.9749910873440284)",1,97.38384003059062,37620
"(0.8685314685314685, 0.9764666952752286)",1,97.38375531154864,37621
"(0.8315416458960965, 0.9766918866148322)",1,97.38373462506227,37622
"(0.9832965806068272, 1.0)",1,97.38365846833076,37623
"(0.5320180604331844, 1.0)",1,97.3834511931942,37624
"(0.7304742252709461, 0.9764666952752286)",1,97.3833358482705,37625
"(0.9110813074094206, 0.9764666952752286)",4,97.38326278757776,37629
"(0.8292352872388802, 0.9763513297583164)",1,97.38324409847522,37630
"(0.8340799485585682, 0.9764666952752286)",1,97.38324212691911,37631
"(0.4609162804468383, 0.9912488373656227)",1,97.38317366445044,37632
"(0.2806699331680662, 0.9950429441987424)",1,97.38312610480853,37633
"(0.7780625367430922, 0.9861673414304992)",1,97.38311286977068,37634
"(0.9110813074094206, 0.9764666952752286)",1,97.38310411240872,37635
"(0.9609357631051972, 0.9751409401578528)",1,97.38309502040504,37636
"(0.5916005291005291, 1.0)",3,97.38304766226524,37639
"(0.991777356103732, 0.9958292603453894)",1,97.38294660827786,37640
"(0.5234848484848486, 1.0)",1,97.38293600104927,37641
"(0.9539751547184644, 0.9748802746905214)",1,97.38280110771332,37642
"(0.7943622269203664, 0.9764666952752286)",2,97.3827459689674,37644
"(0.5465607854790808, 0.9988642062668746)",1,97.38257476024404,37645
"(0.7665484369555701, 0.9764666952752286)",1,97.38254870057116,37646
"(0.8920217788143652, 0.9748802746905214)",1,97.38250502300824,37647
"(0.8723335483607131, 0.9748802746905214)",1,97.38249987749604,37648
"(0.813515418166581, 0.9766918866148322)",1,97.3823482635346,37649
"(0.7664480222619757, 0.9764666952752286)",2,97.3823053554018,37651
"(0.8013184398461819, 0.9764666952752286)",1,97.38221515775165,37652
"(0.8013184398461819, 0.9764666952752286)",2,97.38220068847885,37654
"(0.9791388745136372, 0.9958292603453894)",1,97.38201883002586,37655
"(0.4772368473497005, 0.9974998905914936)",1,97.3819771757334,37656
"(0.4976057427443008, 0.9962501582231502)",1,97.38196014485702,37657
"(0.8110682791635173, 0.9861673414304992)",1,97.38185173547345,37658
"(0.8843764852418178, 0.9764666952752286)",1,97.38173295518553,37659
"(0.8726893261776982, 0.9764666952752286)",1,97.38170102406244,37660
"(0.4567442396313363, 0.9887506152584083)",1,97.38160204490708,37661
"(0.7186738340996477, 0.9787162089285796)",1,97.38150142728604,37662
"(0.1036822132246005, 0.9984817852901372)",3,97.38147395061888,37665
"(0.8891825109620656, 0.9790540349287944)",1,97.38143927259564,37666
"(0.3984101488896291, 0.9984817852901372)",1,97.38139604649524,37667
"(0.8066742741368069, 0.9773642060639776)",1,97.38136959231804,37668
"(0.8524016298728943, 0.9748802746905214)",1,97.38120951510254,37669
"(0.6238255567452281, 0.9870601047071634)",1,97.38120402932356,37670
"(0.5137024199841741, 0.9919841011373568)",1,97.38114000395466,37671
"(0.8883034087952121, 0.9861310021084456)",1,97.38106929399784,37672
"(0.951892755797645, 0.9764666952752286)",1,97.38100171221222,37673
"(0.901028965681318, 0.9764666952752286)",1,97.38096178271093,37674
"(0.5152179588582159, 0.9837506856336506)",1,97.38071349562804,37675
"(0.4224295010845988, 0.9874996093139552)",1,97.3805991597154,37676
"(0.900983347688774, 0.9861673414304992)",3,97.3805911389485,37679
"(0.7665484369555701, 0.9764666952752286)",1,97.38052418409492,37680
"(0.2710113076866549, 0.996575280197092)",1,97.38046316592136,37681
"(0.509688959052258, 0.9912488373656227)",1,97.3803563389094,37682
"(0.9540153992631536, 0.9751409401578528)",1,97.38034503940264,37683
"(0.7084717607973421, 0.9764666952752286)",1,97.3801823717541,37684
"(0.8750583443290422, 0.9770268172641052)",1,97.38017633358008,37685
"(0.8860455063826657, 0.9861673414304992)",2,97.3801487007009,37687
"(0.8484583260465807, 0.9780401821284612)",1,97.3800403626572,37688
"(0.5106413449715057, 1.0)",1,97.38001533147926,37689
"(0.5646425140758221, 0.99)",1,97.37989967973806,37690
"(0.4826454099840705, 0.99249924969988)",1,97.37979501178584,37691
"(0.9643944553313464, 0.9764666952752286)",1,97.37975944615204,37692
"(0.7942038054814895, 0.9861673414304992)",1,97.37969996193212,37693
"(0.5342296694992609, 0.9862497206293536)",1,97.37969840366485,37694
"(0.7884092310206264, 0.9764666952752286)",1,97.3795877398904,37695
"(0.8586125966511082, 0.9777026823435832)",1,97.37953715917268,37696
"(0.7664480222619757, 0.9764666952752286)",1,97.37951244865631,37697
"(0.7084717607973421, 0.9764666952752286)",1,97.37948921898504,37698
"(0.8518001818001818, 0.9773648571145208)",1,97.37942955045388,37699
"(0.9392111404005912, 0.9751409401578528)",3,97.37942591969583,37702
"(0.7884092310206264, 0.9764666952752286)",2,97.3793625485508,37704
"(0.4971911339651811, 0.9977203590215908)",1,97.3792996895345,37705
"(0.5952874206793579, 1.0)",3,97.37922923781446,37708
"(0.7639004270430678, 0.9787161797779323)",1,97.3790876147362,37709
"(0.8604306971015356, 0.9861673414304992)",1,97.37889394015164,37710
"(0.97495917428555, 0.9958292603453894)",2,97.37885578404727,37712
"(0.9666666666666668, 0.9833229101521784)",1,97.37878155015396,37713
"(0.8340799485585682, 0.9764666952752286)",1,97.37870933398538,37714
"(0.9538370349708868, 0.9764666952752286)",1,97.37853943727735,37715
"(0.5142655348168222, 1.0)",1,97.37852946055384,37716
"(0.4405458494775155, 0.9899995623659744)",1,97.378518231071,37717
"(0.9665831244778612, 0.9833229101521784)",1,97.37850118343896,37718
"(0.9916585206907788, 0.9958292603453894)",2,97.37846399832014,37720
"(0.8813457860512559, 0.9748802746905214)",1,97.37832873571672,37721
"(0.8388048698116161, 0.9861673414304992)",1,97.37829289537952,37722
"(0.8374874819183264, 0.9764666952752286)",1,97.3782817559271,37723
"(0.8340799485585682, 0.9764666952752286)",3,97.37819861397809,37726
"(0.5551007186962243, 0.9937501464900972)",1,97.37807879262355,37727
"(0.8726893261776982, 0.9764666952752286)",1,97.37807255346846,37728
"(0.9030683555945836, 0.9749999771730772)",1,97.37803960124845,37729
"(0.8426040866925729, 0.9780404528185058)",2,97.37781124136274,37731
"(0.4037090566294931, 1.0)",3,97.37755492162312,37734
"(0.7615072500907597, 0.9764666952752286)",1,97.37743764426084,37735
"(0.8279428904428904, 0.9870601047071634)",1,97.37740068893407,37736
"(0.7361988647484831, 0.9870601047071634)",2,97.37736012624282,37738
"(0.4921512824029625, 0.99249924969988)",1,97.37734444920936,37739
"(0.8456659619450317, 0.9764666952752286)",1,97.37716607327198,37740
"(0.5451899418331657, 0.9916241513611568)",1,97.3771656141358,37741
"(0.8013184398461819, 0.9764666952752286)",1,97.37708775402128,37742
"(0.9253213924599162, 0.9764666952752286)",1,97.37695646527789,37743
"(0.8660545355265853, 0.9749910873440284)",1,97.37672435913606,37744
"(0.7664480222619757, 0.9764666952752286)",1,97.37665479280138,37745
"(0.8027044799462303, 0.9756750537792352)",1,97.37663355057464,37746
"(0.95, 0.9751409401578528)",1,97.37644990539675,37747
"(0.8456659619450317, 0.9764666952752286)",1,97.37644935097109,37748
"(0.7458851447555765, 0.9764666952752286)",1,97.37639601133304,37749
"(0.7458851447555765, 0.9764666952752286)",1,97.37633132342756,37750
"(0.4912575527045726, 0.9987499746026686)",1,97.37632235086777,37751
"(0.8656595443322052, 0.9743241836608044)",1,97.37629665176556,37752
"(0.8112275321577646, 0.9764666952752286)",1,97.37621655896798,37753
"(0.9357142857142856, 0.9751409401578528)",3,97.37620176330492,37756
"(0.8455917807202996, 0.9764666952752286)",1,97.37619085664086,37757
"(0.4967706652322037, 0.9887504746694504)",2,97.37609130478396,37759
"(0.8920217788143652, 0.9748524098350704)",1,97.37601355892632,37760
"(0.8589064384650125, 0.9748524098350704)",1,97.37598388113176,37761
"(0.9538370349708868, 0.9764666952752286)",1,97.37597569868392,37762
"(0.9110813074094206, 0.9764666952752286)",1,97.37591479430216,37763
"(0.5172159656435519, 0.9988642062668746)",1,97.37591004294296,37764
"(0.9916625936787228, 0.9958292603453894)",2,97.37589972334656,37766
"(0.7361988647484831, 0.9870601047071634)",1,97.37577240177431,37767
"(0.3038309737760596, 0.9992431829362568)",1,97.37568287543188,37768
"(0.7923306301473605, 0.9764666952752286)",1,97.37555852383244,37769
"(0.9079075500409146, 0.9790476832523552)",1,97.37554245929252,37770
"(0.7935498742420971, 0.9824126287942077)",1,97.37550712597904,37771
"(0.4363355778830426, 0.9975)",1,97.37540560789574,37772
"(0.2214590876870318, 1.0)",1,97.37538142439946,37773
"(0.8604306971015356, 0.9861673414304992)",1,97.37529345955696,37774
"(0.9327510896243466, 0.9763513297583164)",1,97.37526482381112,37775
"(0.900838851006521, 0.9748802746905214)",1,97.37504681855758,37776
"(0.8805377184744008, 0.9790476832523552)",1,97.3747940577411,37777
"(0.7313293623054037, 0.9790540349287944)",1,97.374687452162,37778
"(0.8066742741368069, 0.9756756534656972)",1,97.37455074663664,37779
"(0.6025384620441595, 1.0)",3,97.3743776321236,37782
"(0.6211534794826514, 1.0)",3,97.37426683662731,37785
"(0.8395301149279116, 0.9764666952752286)",4,97.37415060499724,37789
"(0.4085833743236595, 1.0)",2,97.37410275774124,37791
"(0.771686936872398, 0.9764666952752286)",1,97.37408045579272,37792
"(0.2309709141375595, 0.9961927960732532)",1,97.37401244104684,37793
"(0.950508044522963, 0.9748802746905214)",1,97.37390256926236,37794
"(0.9253213924599162, 0.9764666952752286)",2,97.3738851697987,37796
"(0.9460547122074636, 0.9748802746905214)",1,97.37385393771578,37797
"(0.9300655321826798, 0.9783779637835908)",1,97.3737805076804,37798
"(0.1751566951566951, 1.0)",1,97.37372525875595,37799
"(0.7664480222619757, 0.9764666952752286)",1,97.37372425983092,37800
"(0.9164187516971112, 0.9748802746905214)",1,97.373702481955,37801
"(0.974772367065274, 0.9958292603453894)",1,97.37352965245026,37802
"(0.8884797556713653, 0.9748802746905214)",1,97.37351099314442,37803
"(0.9011810599946194, 0.9861673414304992)",1,97.37349255365449,37804
"(0.8374874819183264, 0.9764666952752286)",1,97.37343329052524,37805
"(0.5166535087719297, 0.9900003125488358)",1,97.37336508041672,37806
"(0.9832965806068272, 0.9958292603453894)",1,97.37333689804716,37807
"(0.5642422164950636, 0.9870601047071634)",1,97.37332225906226,37808
"(0.9750072792119512, 1.0)",2,97.3732872110566,37810
"(0.6784722222222224, 1.0)",1,97.37326747705218,37811
"(0.975479255167798, 0.9958292603453894)",1,97.37319252029688,37812
"(0.7997685185185185, 0.9861673414304992)",1,97.37310725057188,37813
"(0.8879331046312178, 0.9749656593406592)",1,97.3730014319752,37814
"(0.9240041208791208, 0.9749910873440284)",1,97.37291633752312,37815
"(0.7665484369555701, 0.9764666952752286)",1,97.37260251238136,37816
"(0.8711611700834614, 0.9764666952752286)",1,97.3725386062532,37817
"(0.8224631915554647, 0.9764666952752286)",1,97.37252706550792,37818
"(0.4319035504296698, 0.9975000781372088)",2,97.37245976708184,37820
"(0.7704419291286595, 0.9764666952752286)",2,97.37236758117577,37822
"(0.9712822597033124, 0.97502985598876)",1,97.3723314227252,37823
"(0.8024695068301698, 0.9787155967467254)",1,97.37232550092106,37824
"(0.9212328545548654, 0.9751409401578528)",1,97.37228431790042,37825
"(0.4085833743236595, 1.0)",1,97.37217125877676,37826
"(0.9240041208791208, 0.9749910873440284)",1,97.3721120467703,37827
"(0.6455628637210324, 0.9899983116452704)",1,97.37209279707623,37828
"(0.8883678678403513, 0.9861673414304992)",1,97.3720854378759,37829
"(0.9110813074094206, 0.9764666952752286)",1,97.37184424836312,37830
"(0.7729389061386163, 0.9766918866148322)",1,97.37184268732211,37831
"(0.9452474337657768, 0.9748802746905214)",1,97.37177642715938,37832
"(0.6238255567452281, 0.9870601047071634)",1,97.37174163755948,37833
"(0.9240041208791208, 0.9749910873440284)",1,97.3717108785814,37834
"(0.8685314685314685, 0.9764666952752286)",1,97.37159861401642,37835
"(0.8685314685314685, 0.9764666952752286)",1,97.3714751752752,37836
"(0.418728666447884, 0.9962497362353954)",1,97.37142680404192,37837
"(0.7664480222619757, 0.9764666952752286)",1,97.37141455479676,37838
"(0.9326599326599326, 0.9833229101521784)",1,97.37138418876732,37839
"(0.9833040078201368, 0.9958292603453894)",1,97.371317509655,37840
"(0.7492637423027605, 0.9870601047071634)",1,97.37130011310636,37841
"(0.9829909379735984, 0.9958292603453894)",2,97.37120908747237,37843
"(0.835848883169409, 0.9766918866148322)",1,97.37118412892974,37844
"(0.9122507070492478, 0.9749656593406592)",1,97.3711138847585,37845
"(0.5237466575255753, 1.0)",1,97.37107244083852,37846
"(0.9792406033772258, 0.9958292603453894)",2,97.370981761659,37848
"(0.9253777472527472, 0.9749656593406592)",1,97.37097762329756,37849
"(0.6766917293233082, 0.9870601047071634)",1,97.37097615691026,37850
"(0.2184301094356221, 0.9969573675011548)",1,97.3709648199924,37851
"(0.8395301149279116, 0.9764666952752286)",1,97.37092381209564,37852
"(0.8884797556713653, 0.9748802746905214)",1,97.37083503829427,37853
"(0.3434871832287562, 0.9975000781372088)",1,97.3708318060606,37854
"(0.8221871747362275, 0.9790540349287944)",1,97.3707689413274,37855
"(0.831031066037186, 0.9766918866148322)",1,97.37052412780504,37856
"(0.5578924994108273, 1.0)",1,97.37052119844446,37857
"(0.4851912943871705, 0.9912503691873502)",3,97.37050159157826,37860
"(0.7999088007295942, 0.9766918866148322)",1,97.37045581547687,37861
"(0.3434871832287562, 0.9975000781372088)",1,97.37043828916362,37862
"(0.7179548459289354, 0.9787160631744458)",1,97.37043145378593,37863
"(0.9224996008939976, 0.9749910873440284)",2,97.37041505771889,37865
"(0.9224996008939976, 0.9749910873440284)",1,97.37039955171072,37866
"(0.9459285785969274, 0.9786694888904832)",1,97.37013448279708,37867
"(0.6142380146189402, 1.0)",1,97.37010341520092,37868
"(0.8455917807202996, 0.9764666952752286)",1,97.370100454759,37869
"(0.9131755270308844, 0.9773648571145208)",1,97.37006007491426,37870
"(0.9609357631051972, 0.9751409401578528)",1,97.37003317098328,37871
"(0.7179548459289354, 0.9756756756756756)",1,97.36992812001652,37872
"(0.5056778729738882, 0.9974998905914936)",1,97.3698708236962,37873
"(0.8596618357487924, 0.9861673414304992)",1,97.3698018844302,37874
"(0.6324707692241994, 0.9861673414304992)",1,97.3698009988842,37875
"(0.8687499999999999, 0.9766918866148322)",1,97.36978985304684,37876
"(0.7665484369555701, 0.9764666952752286)",1,97.36978359052954,37877
"(0.9750072792119512, 1.0)",1,97.36976485648604,37878
"(0.8312205288949474, 0.9882048106149588)",1,97.36974401199872,37879
"(0.7350777099102015, 1.0)",1,97.36963053339448,37880
"(0.7665484369555701, 0.9764666952752286)",1,97.36956050394085,37881
"(0.5097897756911841, 1.0)",3,97.36954279491376,37884
"(0.4205819197458105, 0.9899983116452704)",1,97.36948119993131,37885
"(0.9427148033126296, 0.9751409401578528)",3,97.36928504061596,37888
"(0.8748200797381125, 0.9861310021084456)",1,97.3692745712298,37889
"(0.501667548613375, 0.9887504746694504)",1,97.36920164665624,37890
"(0.8090208511560183, 0.9773647021061568)",1,97.36912266736664,37891
"(0.9253777472527472, 0.9749656593406592)",1,97.36907848633052,37892
"(0.763830245642582, 0.9783783586362022)",1,97.3690492829644,37893
"(0.7907680396814234, 0.9766889257907682)",1,97.3690096675688,37894
"(0.7884092310206264, 0.9764666952752286)",1,97.36894026873028,37895
"(0.7578328648096089, 0.9764666952752286)",1,97.36893716301208,37896
"(0.5340832420591457, 0.986245936653225)",3,97.36887905714975,37899
"(0.8340799485585682, 0.9764666952752286)",1,97.3688293567512,37900
"(0.8249504969211211, 0.988167361639188)",1,97.36869883943815,37901
"(0.4865876628104142, 0.9870601047071634)",1,97.36868090021125,37902
"(0.5909030435404882, 1.0)",1,97.36861559160776,37903
"(0.7134615384615385, 0.9870601047071634)",1,97.36860880744932,37904
"(0.7665484369555701, 0.9764666952752286)",1,97.36860332199822,37905
"(0.8087623896023756, 0.9764666952752286)",2,97.3684511597667,37907
"(0.8029092456511812, 0.9777026416252612)",1,97.36842136440724,37908
"(0.7678405315614618, 0.9764666952752286)",1,97.36839915919936,37909
"(0.8455917807202996, 0.9764666952752286)",1,97.36828388566374,37910
"(0.9958292603453894, 1.0)",2,97.3682575719364,37912
"(0.9073006242305464, 0.9791102677630192)",1,97.36824868345708,37913
"(0.7891673497098101, 0.9780434995701116)",1,97.36819419256707,37914
"(0.7780625367430922, 0.9861673414304992)",1,97.36817138764172,37915
"(0.7709171448706333, 0.9764666952752286)",1,97.36803846899788,37916
"(0.7836974395113928, 0.9766918866148322)",1,97.3679324329649,37917
"(0.9538370349708868, 0.9764666952752286)",1,97.36787446603245,37918
"(0.7871822062702233, 0.9870601047071634)",1,97.36782440524,37919
"(0.7458851447555765, 0.9764666952752286)",1,97.36781721636692,37920
"(0.9030683555945836, 0.9746612280338248)",2,97.3678011486192,37922
"(0.8694224991654613, 0.9766918866148322)",1,97.36769348336628,37923
"(0.8610715260301386, 0.9764666952752286)",1,97.36768473918974,37924
"(0.8340799485585682, 0.9764666952752286)",1,97.36758493172984,37925
"(0.4845066627893052, 0.9988619159967322)",1,97.36752218056398,37926
"(0.4790513120764785, 0.9975)",1,97.36748478618158,37927
"(0.8755737752517938, 0.9790755481078062)",1,97.36733742454317,37928
"(0.5915486782249667, 1.0)",1,97.3673121603342,37929
"(0.440594458995568, 0.9975000781372088)",1,97.36726013982384,37930
"(0.9497171590194848, 0.9833229101521784)",1,97.36715743594814,37931
"(0.901028965681318, 0.9764666952752286)",1,97.36709407121027,37932
"(0.8013184398461819, 0.9764666952752286)",1,97.36708702808704,37933
"(0.7833537331701346, 0.9766918866148322)",1,97.36691573245544,37934
"(0.8835857110930401, 0.9764666952752286)",2,97.366875361441,37936
"(0.5203553504225632, 0.9984817852901372)",1,97.36686960804506,37937
"(0.8726893261776982, 0.9764666952752286)",1,97.3668386956233,37938
"(0.5159978271811663, 1.0)",1,97.3668011696563,37939
"(0.900838851006521, 0.9748802746905214)",1,97.3667680360832,37940
"(0.9102539775554236, 0.9748802746905214)",1,97.36669409342538,37941
"(0.5056778729738882, 0.992499671774481)",2,97.36668426439113,37943
"(0.5094440332946544, 1.0)",1,97.36663186276914,37944
"(0.5938024587948153, 1.0)",1,97.36648307668366,37945
"(0.3984101488896291, 0.9961967093764432)",1,97.36640964527756,37946
"(0.4958617797724284, 0.9962497362353954)",1,97.36637403449396,37947
"(0.6198039215686275, 0.986245936653225)",3,97.366231121877,37950
"(0.9177366931314298, 0.9790476832523552)",1,97.36622809426692,37951
"(0.7851227464298004, 0.9753374353135024)",1,97.3661567342537,37952
"(0.9677353740627908, 0.9749692931061258)",3,97.36594371328572,37955
"(0.5315938119639068, 0.9988653407824049)",1,97.36590313479634,37956
"(0.987491854024112, 1.0)",2,97.36578586713726,37958
"(0.7498057498057498, 0.9870601047071634)",1,97.36575052660774,37959
"(0.7261814100818125, 0.999621402088958)",1,97.3656209615296,37960
"(0.8013184398461819, 0.9764666952752286)",1,97.36561062450428,37961
"(0.901028965681318, 0.9764666952752286)",1,97.3653294957482,37962
"(0.8631546198466533, 0.9764666952752286)",1,97.3651697269632,37963
"(0.7873366943134386, 0.9764666952752286)",1,97.36499312015934,37964
"(0.8726893261776982, 0.9764666952752286)",2,97.36495813956428,37966
"(0.9230627959463646, 0.97502985598876)",2,97.36489669839484,37968
"(0.7665484369555701, 0.9764666952752286)",1,97.36485636767092,37969
"(0.2463156555806346, 0.998107010444791)",1,97.36484101982516,37970
"(0.9609357631051972, 0.9751409401578528)",3,97.36480603806692,37973
"(0.843730230395311, 0.9764666952752286)",1,97.3647719683654,37974
"(0.8726893261776982, 0.9764666952752286)",2,97.36473253146892,37976
"(0.6560520437793165, 1.0)",1,97.3647098816767,37977
"(0.7368760064412239, 0.9861673414304992)",1,97.36464319874028,37978
"(0.5142655348168222, 1.0)",1,97.36458688185655,37979
"(0.4330451959188837, 0.9912488373656227)",1,97.36458615556546,37980
"(0.5359733205257426, 1.0)",3,97.36455852730792,37983
"(0.8388048698116161, 0.9861673414304992)",1,97.36454618886964,37984
"(0.97934925289764, 0.9958292603453894)",1,97.36442263029492,37985
"(0.8631546198466533, 0.9764666952752286)",1,97.36440645500406,37986
"(0.9130963393683096, 0.9751409401578528)",1,97.36433223598743,37987
"(0.7373397435897436, 0.9870601047071634)",1,97.364317195808,37988
"(0.9750780096985032, 0.9958292603453894)",1,97.36430623014058,37989
"(0.8087623896023756, 0.9764666952752286)",1,97.36425100913962,37990
"(0.5463455725995242, 0.986245936653225)",3,97.36423603506763,37993
"(0.8867361313822293, 0.9958292603453894)",1,97.3642288153549,37994
"(0.8622520112492773, 0.9832184229069656)",1,97.36419856292387,37995
"(0.563035225158132, 0.9988630646884038)",1,97.36408405382812,37996
"(0.4130211680123674, 1.0)",3,97.3640604096776,37999
"(0.8016677935542034, 0.9833229101521784)",1,97.36395444756684,38000
"(0.960666032023912, 0.97502985598876)",1,97.36393518799493,38001
"(0.979051756240299, 1.0)",2,97.36380346679766,38003
"(0.6417826357070746, 0.988750193395939)",2,97.36368888235256,38005
"(0.5261709490066349, 1.0)",3,97.36358515055149,38008
"(0.8586125966511082, 0.9777027027027028)",1,97.36353824115804,38009
"(0.8491340807583629, 0.9861673414304992)",2,97.36331899152688,38011
"(0.5061994035863332, 0.9988642062668746)",1,97.36328377109034,38012
"(0.9788980434141724, 0.9958292603453894)",2,97.36315181904484,38014
"(0.9916625936787228, 0.9958292603453894)",1,97.36293911680536,38015
"(0.1884619155493628, 1.0)",3,97.36286427819822,38018
"(0.8586125966511082, 0.9777027027027028)",2,97.36284692890293,38020
"(0.4508193203901878, 0.9974998905914936)",3,97.36283272739313,38023
"(0.8942622047218923, 0.9873891625615764)",1,97.3626843190227,38024
"(0.7000013129045387, 0.9870601047071634)",1,97.36266607918007,38025
"(0.4594704236610712, 0.9962497362353954)",1,97.36262140623349,38026
"(0.4743478079735079, 0.9992416608232524)",1,97.36252383635158,38027
"(0.7460630399100241, 1.0)",1,97.36245058511749,38028
"(0.8003813092161745, 0.9748802746905214)",1,97.36243478559494,38029
"(0.4230961584008337, 0.9887504746694504)",1,97.36243007473858,38030
"(0.9288982963016116, 0.9751409401578528)",1,97.36223183928624,38031
"(0.5209072341900949, 0.992345717416214)",3,97.36210849111174,38034
"(0.8431623931623932, 0.9870601047071634)",2,97.36206069791096,38036
"(0.907220808200551, 0.9764666952752286)",1,97.36178189758608,38037
"(0.5090364521224462, 1.0)",1,97.36173819296374,38038
"(0.7830369357045144, 0.9764666952752286)",1,97.36173675310906,38039
"(0.4860887005222129, 0.9912488373656227)",1,97.3617024629745,38040
"(0.8484583260465807, 0.9760135162511973)",1,97.36158830769878,38041
"(0.4195358585602487, 0.9870601047071634)",1,97.36155714710748,38042
"(0.9712822597033124, 0.9749692931061258)",1,97.36155486864789,38043
"(0.7750729499528326, 0.9760132424803556)",1,97.36153094646416,38044
"(0.8736212624584717, 0.9764666952752286)",1,97.36148593305764,38045
"(0.4735764365139616, 0.991249111093398)",1,97.36147879946334,38046
"(0.934065934065934, 0.9833229101521784)",1,97.36145084760386,38047
"(0.9640038239043044, 0.97502985598876)",1,97.3614060545106,38048
"(0.8460636535055139, 0.9764666952752286)",2,97.36129638365786,38050
"(0.9212328545548654, 0.9751409401578528)",1,97.36120521893508,38051
"(0.7639004270430678, 0.976013472448221)",1,97.36118233880424,38052
"(0.4205819197458105, 0.9912488373656227)",1,97.36116275295988,38053
"(0.9833040078201368, 0.9958292603453894)",1,97.36099681579914,38054
"(0.8843764852418178, 0.9764666952752286)",1,97.36093390388844,38055
"(0.8395301149279116, 0.9764666952752286)",2,97.36086301742375,38057
"(0.9288982963016116, 0.9751409401578528)",1,97.36068285744103,38058
"(0.8218185392856778, 0.9861673414304992)",1,97.3606165205446,38059
"(0.506032156862745, 0.9975000781372088)",1,97.36059920241895,38060
"(0.6384521701955596, 0.991206314397104)",2,97.36056193078753,38062
"(0.8087623896023756, 0.9764666952752286)",2,97.36051810738596,38064
"(0.8835857110930401, 0.9764666952752286)",1,97.36051130519002,38065
"(0.4987398156700754, 0.9987499746026686)",1,97.36045210095756,38066
"(0.476193313409349, 0.9962501582231502)",1,97.36042485340444,38067
"(0.9738477269913072, 0.9958292603453894)",1,97.3603474697448,38068
"(0.9373666512059368, 0.9749910873440284)",1,97.3602854878431,38069
"(0.7134615384615385, 0.9870601047071634)",2,97.36021848949598,38071
"(0.9223799456357596, 0.9764666952752286)",1,97.36016887083711,38072
"(0.9645938855657314, 0.9751409401578528)",1,97.36015556533286,38073
"(0.7999088007295942, 0.9766918866148322)",1,97.36008118222064,38074
"(0.9240041208791208, 0.9749910873440284)",1,97.36001932285636,38075
"(0.9419883368792288, 0.9832462877624168)",1,97.3598951039833,38076
"(0.4571140259616066, 0.9974998905914936)",1,97.3598738917537,38077
"(0.5081592004685413, 0.9988642062668746)",1,97.35986190013044,38078
"(0.947035873779261, 0.9751409401578528)",1,97.3598455300448,38079
"(0.9110813074094206, 0.9764666952752286)",1,97.35979352925052,38080
"(0.9240041208791208, 0.9749910873440284)",1,97.35977018755663,38081
"(0.9110813074094206, 0.9764666952752286)",1,97.35976150855026,38082
"(0.7999088007295942, 0.9766918866148322)",2,97.35975623532156,38084
"(0.4924642862429867, 0.99249924969988)",2,97.3597180781004,38086
"(0.8218185392856778, 0.9861673414304992)",1,97.35963751889489,38087
"(0.7602193829089683, 0.9764666952752286)",2,97.35955890251104,38089
"(0.975195619792394, 0.9958292603453894)",1,97.35954078390743,38090
"(0.3987913031507923, 0.982093913961858)",1,97.3594425247512,38091
"(0.5176279025155472, 1.0)",1,97.35939334066003,38092
"(0.7664480222619757, 0.9764666952752286)",1,97.3593760301414,38093
"(0.9110813074094206, 0.9764666952752286)",2,97.35932037405652,38095
"(0.5332214830187948, 0.9849993435489618)",2,97.35931859924833,38097
"(0.8799206023655463, 0.9753376605037232)",1,97.35927853049428,38098
"(0.8995772689779955, 0.9749656593406592)",1,97.35917636824249,38099
"(0.9234894220441888, 0.9791102677630192)",1,97.35910945317865,38100
"(0.6759495516512356, 0.9764666952752286)",1,97.3590956529164,38101
"(0.8340799485585682, 0.9764666952752286)",1,97.35903841435444,38102
"(0.9603476243044132, 0.97502985598876)",1,97.35897886731232,38103
"(0.476193313409349, 0.9962501582231502)",1,97.35887643964936,38104
"(0.9069647153947764, 0.9749692931061258)",2,97.35882101965198,38106
"(0.925438675470188, 0.9749656593406592)",1,97.35877523880352,38107
"(0.7709171448706333, 0.9764666952752286)",1,97.35872347175076,38108
"(0.5087400188487272, 0.9962497362353954)",3,97.35868050200796,38111
"(0.8631546198466533, 0.9764666952752286)",2,97.35855389907776,38113
"(0.4772368473497005, 0.9949997811829872)",1,97.35828721964128,38114
"(0.8221871747362275, 0.9736486486486486)",1,97.35823385592292,38115
"(0.5047616009607266, 0.9862455072314228)",1,97.35821557258558,38116
"(0.812418383596075, 0.9767441860465116)",1,97.35818260019272,38117
"(0.908421874225862, 0.9766890215726244)",1,97.35802423447686,38118
"(0.7992282793924381, 0.9764666952752286)",1,97.3579655907704,38119
"(0.5135815048525069, 1.0)",1,97.3579041655778,38120
"(0.5129137710809465, 1.0)",1,97.35759035960804,38121
"(0.7261814100818125, 1.0)",1,97.35757938244782,38122
"(0.8315416458960965, 0.9766918866148322)",1,97.35743704757748,38123
"(0.7458851447555765, 0.9764666952752286)",1,97.35733585513752,38124
"(0.5418599142431635, 0.9950429441987424)",3,97.35726907399253,38127
"(0.4594704236610712, 0.9974998905914936)",3,97.35715158023584,38130
"(0.9224996008939976, 0.9749910873440284)",1,97.35701487946577,38131
"(0.6026986018870644, 0.9937501074421884)",1,97.35697288529283,38132
"(0.8995772689779955, 0.9749656593406592)",1,97.35692829199397,38133
"(0.6736022307473716, 0.9861673414304992)",1,97.35684936448946,38134
"(0.6784791526961461, 1.0)",1,97.35674871857172,38135
"(0.8603047812742307, 0.9748802746905214)",1,97.35674742313913,38136
"(0.4085833743236595, 0.9981107804746002)",1,97.35672740716146,38137
"(0.9609357631051972, 0.9751409401578528)",1,97.3567015742802,38138
"(0.6025384620441595, 1.0)",3,97.3565874241973,38141
"(0.3930894945067609, 0.9987499746026686)",1,97.35654842575993,38142
"(0.7651777469990767, 0.991206314397104)",2,97.35625742024766,38144
"(0.7458851447555765, 0.9764666952752286)",1,97.3562512011436,38145
"(0.7513013302486987, 0.9870601047071634)",2,97.3561532284644,38147
"(0.8374874819183264, 0.9764666952752286)",2,97.35611900663947,38149
"(0.8340799485585682, 0.9764666952752286)",1,97.35604967209504,38150
"(0.4666099856929945, 0.98999899959984)",1,97.35594230183212,38151
"(0.4571140259616066, 0.9962499238080056)",1,97.35587522852452,38152
"(0.8716153127917834, 0.9861673414304992)",1,97.35585854870494,38153
"(0.8475002808673183, 0.9861673414304992)",1,97.3557853154142,38154
"(0.8726893261776982, 0.9766918866148322)",1,97.3557748856685,38155
"(0.9187883397948668, 0.9751409401578528)",3,97.35573461712109,38158
"(0.789994229453279, 0.9861673414304992)",1,97.35572641305836,38159
"(0.8426040866925729, 0.978378082242489)",2,97.35567511381409,38161
"(0.7045138786538933, 0.9988653407824049)",1,97.3554694755452,38162
"(0.7665484369555701, 0.9764666952752286)",1,97.35542121056754,38163
"(0.4977026992639528, 0.9787485053339066)",1,97.35523269205451,38164
"(0.9057330122004186, 0.991206314397104)",1,97.355136700483,38165
"(0.8456659619450317, 0.9764666952752286)",1,97.35511188282926,38166
"(0.7361988647484831, 0.9870601047071634)",1,97.354861029893,38167
"(0.7943622269203664, 0.9764666952752286)",1,97.35484449041036,38168
"(0.861111111111111, 0.9833229101521784)",1,97.3548344080304,38169
"(0.7873366943134386, 0.9764666952752286)",1,97.35477816040311,38170
"(0.95, 0.9751409401578528)",1,97.354662216795,38171
"(0.9019292060258446, 0.9861673414304992)",2,97.35458850196996,38173
"(0.4611605493121345, 0.9987499746026686)",1,97.35450812251644,38174
"(0.7725182451236846, 0.9764666952752286)",2,97.35449069525352,38176
"(0.7884092310206264, 0.9764666952752286)",1,97.3544864297228,38177
"(0.7458851447555765, 0.9764666952752286)",1,97.3544654386102,38178
"(0.4787519493971895, 0.9912488373656227)",1,97.35446038477176,38179
"(0.6088842547573518, 1.0)",1,97.35442757920482,38180
"(0.987463247273494, 0.9958292603453894)",1,97.354347015863,38181
"(0.5332214830187948, 0.9849993435489618)",1,97.3543168720297,38182
"(0.7168719671519223, 0.991206314397104)",2,97.354256329625,38184
"(0.756001848808409, 0.9793909533590868)",1,97.35419466744176,38185
"(0.7873366943134386, 0.9764666952752286)",1,97.35404820216962,38186
"(0.9030683555945836, 0.9790540349287944)",3,97.35399088778668,38189
"(0.4958617797724284, 0.9974998905914936)",1,97.35395930638248,38190
"(0.8340799485585682, 0.9764666952752286)",1,97.3539551944927,38191
"(0.7943622269203664, 0.9764666952752286)",1,97.3538468702256,38192
"(0.4330451959188837, 0.9912488373656227)",1,97.35384402884576,38193
"(0.7524760273298283, 0.991206314397104)",2,97.35382178203538,38195
"(0.8050115655679925, 0.9790540349287944)",1,97.35376572433074,38196
"(0.4872962708536243, 0.9862497206293536)",1,97.35362743059004,38197
"(0.7304742252709461, 0.9764666952752286)",1,97.35361028762212,38198
"(0.9026714414744694, 0.9751409401578528)",3,97.35360441303474,38201
"(0.9164187516971112, 0.9748802746905214)",1,97.35355117868816,38202
"(0.7187807755293061, 0.9770268172641052)",1,97.35353051984954,38203
"(0.4670357941834451, 0.9996210215628012)",3,97.35351850226468,38206
"(0.987491854024112, 0.9958292603453894)",1,97.35336955156654,38207
"(0.9269284534248317, 0.9764666952752286)",1,97.35333548319402,38208
"(0.3841590381665586, 0.9900388690829868)",1,97.3533158511381,38209
"(0.8631546198466533, 0.9764666952752286)",1,97.35324212311944,38210
"(0.4588597051863134, 0.9900003125488358)",1,97.3532058302216,38211
"(0.8518001818001818, 0.9770269640987536)",1,97.3531222864102,38212
"(0.7458851447555765, 0.9764666952752286)",1,97.353073369368,38213
"(0.5388719656191158, 0.9896280208292386)",3,97.35306415363894,38216
"(0.4614606379865379, 0.9912488373656227)",1,97.35304900293774,38217
"(0.9110813074094206, 0.9764666952752286)",1,97.3530489274486,38218
"(0.8090204369274137, 0.9764666952752286)",1,97.3529516883152,38219
"(0.507482960719107, 0.9987499746026686)",1,97.35278190843594,38220
"(0.509688959052258, 0.9899983116452704)",1,97.35265362331036,38221
"(0.8456659619450317, 0.9764666952752286)",1,97.35258237882611,38222
"(0.4935897435897436, 0.9870601047071634)",1,97.35257456847378,38223
"(0.9788283442948758, 0.9958292603453894)",1,97.35253156565354,38224
"(0.8518001818001818, 0.9777019697476376)",1,97.35247137027784,38225
"(0.843730230395311, 0.9764666952752286)",1,97.3523789239875,38226
"(0.3944271295930922, 0.9984817852901372)",1,97.35233925021878,38227
"(0.7665484369555701, 0.9764666952752286)",1,97.35224202385886,38228
"(0.7830369357045144, 0.9764666952752286)",1,97.35221452838348,38229
"(0.8087623896023756, 0.9764666952752286)",1,97.3522075892298,38230
"(0.4977203506577059, 1.0)",3,97.35214864114252,38233
"(0.7923306301473605, 0.9764666952752286)",1,97.35214303580844,38234
"(0.8395301149279116, 0.9764666952752286)",1,97.35208477311464,38235
"(0.6326954876802936, 0.9861673414304992)",2,97.3520816982267,38237
"(0.6142380146189402, 0.9996210215628012)",1,97.35206602012931,38238
"(0.8796475392220073, 0.9833229101521784)",1,97.35197754646208,38239
"(0.7943622269203664, 0.9764666952752286)",3,97.35193394348016,38242
"(0.943552974917135, 0.97502985598876)",1,97.3518950138288,38243
"(0.8475002808673183, 0.9861673414304992)",1,97.35175277784296,38244
"(0.7261814100818125, 1.0)",3,97.3515538418044,38247
"(0.8056354979267693, 0.9861310021084456)",1,97.35154258582278,38248
"(0.5799866638500031, 0.9887498417768498)",1,97.35133908186292,38249
"(0.8224713709935384, 0.9786694888904832)",1,97.35133444010656,38250
"(0.9792773561037318, 1.0)",1,97.35130802923054,38251
"(0.900983347688774, 0.9861673414304992)",1,97.35103467245568,38252
"(0.65048971456559, 0.9912503691873502)",2,97.35101383727584,38254
"(1.0, 1.0)",1,97.35096987117218,38255
"(0.6515958472021928, 0.986249032863116)",2,97.35096950182168,38257
"(0.9288982963016116, 0.9751409401578528)",1,97.3508710363572,38258
"(0.789994229453279, 0.9861673414304992)",1,97.35082914342128,38259
"(0.8631546198466533, 0.9764666952752286)",1,97.3507788907612,38260
"(0.9665831244778612, 1.0)",1,97.35073094183404,38261
"(0.7548199009255377, 0.979054054054054)",1,97.35069129578386,38262
"(0.6746811878062335, 0.9780405029454858)",2,97.35058313873007,38264
"(0.8087623896023756, 0.9764666952752286)",4,97.35053965693494,38268
"(0.7323695788812067, 0.9766918866148322)",1,97.3504960370035,38269
"(0.6008953168044077, 0.9992416608232524)",1,97.3504715814724,38270
"(0.5286751006005854, 0.9992416608232524)",1,97.3504691831902,38271
"(0.9131755270308844, 0.9780403826403014)",2,97.3503980243293,38273
"(0.5967737200007578, 1.0)",3,97.35039612616391,38276
"(0.8395301149279116, 0.9764666952752286)",2,97.35031473473184,38278
"(0.2031628178184312, 1.0)",1,97.35021048791516,38279
"(0.93773047895128, 0.9958292603453894)",1,97.35020426421,38280
"(0.8194074731341813, 0.9861673414304992)",1,97.35015493053965,38281
"(0.6011178661408698, 1.0)",1,97.3500506537236,38282
"(0.7725182451236846, 0.9764666952752286)",4,97.3500476166692,38286
"(0.8835857110930401, 0.9764666952752286)",1,97.34993470807092,38287
"(0.9528533742496432, 0.97502985598876)",1,97.34987038923722,38288
"(0.8982888105990573, 0.9790476832523552)",1,97.34979114942328,38289
"(0.8976982097186702, 0.9833229101521784)",1,97.34973293170962,38290
"(0.8602650098786556, 0.9780401821284612)",1,97.3496352208489,38291
"(0.5943528693528694, 0.9965994048542804)",1,97.34953760224576,38292
"(0.8622520112492773, 0.9748802746905214)",1,97.34951251638664,38293
"(0.6050868628167587, 0.9984833216465048)",1,97.34948314923682,38294
"(0.7923306301473605, 0.9764666952752286)",1,97.34947834526106,38295
"(0.4632547082040988, 1.0)",1,97.34936974681582,38296
"(0.7885047499939597, 0.9764666952752286)",1,97.34927288823208,38297
"(0.8813457860512559, 0.9748802746905214)",1,97.34912984859726,38298
"(0.5261709490066349, 1.0)",3,97.3489685856912,38301
"(0.9012059369202228, 0.9749910873440284)",1,97.34891883537938,38302
"(0.3942192041290018, 0.9887504746694504)",2,97.34889281063514,38304
"(0.8340799485585682, 0.9764666952752286)",1,97.34884087570197,38305
"(0.8395301149279116, 0.9764666952752286)",2,97.34883367661534,38307
"(0.987463247273494, 0.9958292603453894)",1,97.34871697859282,38308
"(0.7729742929217565, 0.9746614246984826)",1,97.34862926029636,38309
"(0.9640038239043044, 0.97502985598876)",3,97.3485345919575,38312
"(0.4994316028798788, 0.9870601047071634)",1,97.348500693353,38313
"(0.5973694779116466, 0.9937495603923254)",1,97.34847637692518,38314
"(0.8207953412961668, 0.9780403826403014)",1,97.34845177410226,38315
"(0.9628689175769612, 0.9749910873440284)",1,97.34840018295284,38316
"(0.3833435083435083, 0.9870601047071634)",3,97.34826656873744,38319
"(0.7678405315614618, 0.9764666952752286)",2,97.34822525522038,38321
"(0.7458851447555765, 0.9764666952752286)",1,97.34808339486422,38322
"(0.6759495516512356, 0.9764666952752286)",1,97.34801728559322,38323
"(0.813515418166581, 0.9766918866148322)",1,97.34801002236922,38324
"(0.901028965681318, 0.9764666952752286)",1,97.3479848226,38325
"(0.8835857110930401, 0.9764666952752286)",1,97.34774930907273,38326
"(0.419237903544084, 0.9977203590215908)",1,97.34773708347316,38327
"(0.8996408045977011, 0.9749910873440284)",1,97.34760483327976,38328
"(0.9427148033126296, 0.9751409401578528)",3,97.34755948942424,38331
"(0.9628689175769612, 0.9749910873440284)",1,97.3475437414581,38332
"(0.492807005588115, 0.9987499746026686)",1,97.3474183053726,38333
"(0.950392857142857, 0.9749656593406592)",1,97.34724419587974,38334
"(0.9916585206907788, 0.9958292603453894)",1,97.34722942165357,38335
"(0.4923104882535888, 0.9975)",1,97.34722447952508,38336
"(0.3930894945067609, 0.9937502637052502)",1,97.3471784096326,38337
"(0.9240041208791208, 0.9749910873440284)",1,97.34712644631,38338
"(0.8456659619450317, 0.9764666952752286)",1,97.34707394687612,38339
"(0.8218185392856778, 0.9861673414304992)",1,97.34693406925652,38340
"(0.5240189293380408, 1.0)",3,97.346931571364,38343
"(0.6910881126324849, 0.9764666952752286)",1,97.34693137744698,38344
"(0.3584486416678197, 0.9880655998564108)",1,97.34681085681156,38345
"(0.9528533742496432, 0.97502985598876)",1,97.34679215908469,38346
"(0.987491854024112, 1.0)",1,97.3467421609567,38347
"(0.763830245642582, 0.9790531933796556)",1,97.34670999625388,38348
"(0.9240041208791208, 0.9749910873440284)",2,97.34664422832056,38350
"(0.9452474337657768, 0.9748802746905214)",1,97.34663581708644,38351
"(0.9791388745136372, 0.9958292603453894)",1,97.34663480817996,38352
"(0.8003813092161745, 0.9748802746905214)",2,97.34660401671871,38354
"(0.5337345244266642, 0.98874730933187)",1,97.34641933180548,38355
"(0.7885047499939597, 0.9764666952752286)",1,97.34621698143356,38356
"(0.7084717607973421, 0.9764666952752286)",1,97.34617337267944,38357
"(0.5169664781532898, 0.9912488373656227)",1,97.34613257865313,38358
"(0.2967541510152975, 1.0)",3,97.34607556605891,38361
"(0.5272795757995163, 1.0)",1,97.34593529608298,38362
"(0.7458851447555765, 0.9764666952752286)",1,97.34591049667536,38363
"(0.9098759089802734, 0.9748802746905214)",1,97.34585034160423,38364
"(0.9628689175769612, 0.9749910873440284)",1,97.34584669421916,38365
"(0.8389313963994772, 0.9787161797779323)",1,97.34583268938404,38366
"(0.8395301149279116, 0.9764666952752286)",1,97.3458003478382,38367
"(0.3024053266749896, 0.9908051099227568)",1,97.3457737759611,38368
"(0.8395301149279116, 0.9764666952752286)",1,97.34572897991676,38369
"(0.8736212624584717, 0.9764666952752286)",1,97.34564406745778,38370
"(0.5111533646322378, 0.9988642062668746)",1,97.34557019750312,38371
"(0.4489727317392728, 0.9887492087061858)",1,97.3455542309825,38372
"(0.509688959052258, 0.9912488373656227)",3,97.3455330038772,38375
"(0.7458851447555765, 0.9764666952752286)",4,97.34549973248008,38379
"(0.7677237478025478, 0.9793918848356086)",1,97.3452780617956,38380
"(0.5049504801920769, 0.9962501582231502)",1,97.3452713294218,38381
"(0.8333192389006343, 0.9766918866148322)",1,97.34513962374616,38382
"(0.9628689175769612, 0.9749910873440284)",1,97.34508686800156,38383
"(0.7497195873433498, 0.9870601047071634)",1,97.34507978364832,38384
"(0.9705906996229576, 0.9958292603453894)",1,97.34504726146208,38385
"(0.9494594905410846, 0.97502985598876)",2,97.34485990047216,38387
"(0.5259912686183872, 1.0)",1,97.344857138726,38388
"(0.5353461588384578, 0.9915713507625272)",3,97.34481216365738,38391
"(0.9098759089802734, 0.9748524098350704)",1,97.3448017980536,38392
"(0.5921903608218824, 1.0)",1,97.34477140202544,38393
"(0.9234894220441888, 0.9748802746905214)",1,97.34461913957966,38394
"(0.872151605428666, 0.9749656593406592)",1,97.34460705869996,38395
"(0.8685314685314685, 0.9764666952752286)",1,97.3444482723696,38396
"(0.8087623896023756, 0.9764666952752286)",1,97.3443788285593,38397
"(0.846224760385985, 0.9787161797779323)",1,97.34430750038548,38398
"(0.6070991828496547, 0.999621402088958)",1,97.34428422731868,38399
"(0.6759495516512356, 0.9764666952752286)",1,97.34427598296668,38400
"(0.6281749655085914, 0.9912498222186796)",1,97.34423924335027,38401
"(0.900838851006521, 0.9748802746905214)",1,97.34419245796605,38402
"(0.5087400188487272, 0.991248180614378)",1,97.34411667237528,38403
"(0.8995772689779955, 0.9749656593406592)",1,97.34399691053152,38404
"(0.9188863189008992, 0.9767441860465116)",1,97.343986332545,38405
"(0.7678405315614618, 0.9764666952752286)",2,97.34390955171624,38407
"(0.7580266955266955, 0.9861673414304992)",1,97.34389042230802,38408
"(0.7665484369555701, 0.9764666952752286)",1,97.34386483484772,38409
"(0.7665484369555701, 0.9764666952752286)",1,97.34370360299997,38410
"(0.9102539775554236, 0.9748802746905214)",1,97.34360260515253,38411
"(0.4987711467817516, 0.9975000781372088)",2,97.3435772430718,38413
"(0.5459165183258022, 1.0)",1,97.34347316605412,38414
"(0.4912575527045726, 0.9987499746026686)",3,97.34341729984791,38417
"(0.503514376678064, 0.9984817852901372)",1,97.34332000066074,38418
"(0.8148308968977662, 0.9861673414304992)",1,97.3432449007685,38419
"(0.9712822597033124, 0.9785714285714284)",1,97.34313175550226,38420
"(0.8813457860512559, 0.9748802746905214)",1,97.34309604568944,38421
"(0.2104254576695934, 0.9992431829362568)",1,97.34308683245266,38422
"(0.6404368533365645, 0.9950001562744178)",1,97.34297677381444,38423
"(0.9505232430050672, 0.9751409401578528)",3,97.34287738596736,38426
"(0.8596618357487924, 0.9861673414304992)",1,97.34277033542476,38427
"(0.9460547122074636, 0.9791102677630192)",1,97.34273709671945,38428
"(0.6760014179369018, 0.9870601047071634)",1,97.34266593382128,38429
"(0.9154520780570968, 0.9748802746905214)",1,97.34259591476258,38430
"(0.8879608405415911, 0.9766918866148322)",1,97.34259373294272,38431
"(0.9253213924599162, 0.9764666952752286)",1,97.34257406184314,38432
"(0.5521709560790242, 0.9984817852901372)",1,97.342561852766,38433
"(0.8631546198466533, 0.9764666952752286)",1,97.34246973044372,38434
"(0.9327510896243466, 0.9783779637835908)",3,97.34246556200247,38437
"(0.7615072500907597, 0.9764666952752286)",1,97.3423797784853,38438
"(0.9034438470728792, 0.9958292603453894)",1,97.3423449061973,38439
"(0.5090364521224462, 1.0)",1,97.34220165445824,38440
"(0.9121882418656614, 0.9748802746905214)",1,97.34213273915992,38441
"(0.8456659619450317, 0.9764666952752286)",1,97.34203239463544,38442
"(0.9131755270308844, 0.9773648571145208)",1,97.3419769122539,38443
"(0.9958292603453894, 1.0)",1,97.34171277890152,38444
"(0.7725182451236846, 0.9764666952752286)",1,97.34166326252245,38445
"(0.8739697232246253, 0.9748802746905214)",1,97.34162040978346,38446
"(0.7885047499939597, 0.9764666952752286)",1,97.34160551338616,38447
"(0.6759040330903159, 0.9996210215628012)",1,97.34156623083192,38448
"(0.8518001818001818, 0.9777026823435832)",1,97.34147196872874,38449
"(0.8726893261776982, 0.9764666952752286)",2,97.34144712906829,38451
"(0.9230627959463646, 0.97502985598876)",1,97.341423919735,38452
"(0.8902783631946863, 0.9861673414304992)",2,97.34109137247349,38454
"(0.4822651515151516, 0.9965787912107092)",1,97.34107973898304,38455
"(0.7942038054814895, 0.9861673414304992)",1,97.34102299210474,38456
"(0.8456659619450317, 0.9764666952752286)",1,97.34080806543544,38457
"(0.4994316028798788, 0.9870601047071634)",2,97.34078303013597,38459
"(0.7725182451236846, 0.9764666952752286)",1,97.34076505896871,38460
"(0.6430200463634697, 0.9992431829362568)",1,97.34063091038884,38461
"(0.8835857110930401, 0.9764666952752286)",1,97.340608436648,38462
"(0.7677237478025478, 0.9790540349287944)",1,97.34050636796242,38463
"(0.8955173107890498, 0.9749910873440284)",1,97.34036437101494,38464
"(0.9110813074094206, 0.9764666952752286)",1,97.3403281529542,38465
"(0.5562558356676003, 0.9861673414304992)",1,97.3403261848662,38466
"(0.7833537331701346, 0.9764666952752286)",1,97.3403140695704,38467
"(0.888425800230205, 0.9790540349287944)",1,97.3402262130442,38468
"(0.4407055363375315, 0.99499949979992)",2,97.3402011837446,38470
"(0.9262130464282252, 0.991206314397104)",3,97.34018379679593,38473
"(0.9234894220441888, 0.9748802746905214)",1,97.34017417910708,38474
"(0.9102539775554236, 0.9748802746905214)",1,97.34017281301232,38475
"(0.9110813074094206, 0.9764666952752286)",1,97.34006666683104,38476
"(0.4609162804468383, 0.98999899959984)",1,97.34003640493398,38477
"(0.3987913031507923, 0.98378225092785)",1,97.3399704482806,38478
"(0.7780625367430922, 0.9861673414304992)",1,97.33996126681296,38479
"(0.8835857110930401, 0.9764666952752286)",1,97.33988249820604,38480
"(0.3703280442697561, 0.9981012669018314)",1,97.33961304580691,38481
"(0.9645938855657314, 0.9786694888904832)",1,97.33959619935612,38482
"(0.4468328406505846, 0.9861673414304992)",1,97.3395864133088,38483
"(0.8513842746400886, 0.9767441860465116)",1,97.3394225104053,38484
"(0.7023478891305559, 0.9764666952752286)",1,97.33937159745012,38485
"(0.3921761406909921, 0.9870601047071634)",1,97.33928674446358,38486
"(0.4130211680123674, 1.0)",1,97.33926721241832,38487
"(0.5892852345838203, 0.9981012669018314)",1,97.3390596924879,38488
"(0.5240189293380408, 1.0)",1,97.33891155256605,38489
"(0.7578328648096089, 0.9764666952752286)",1,97.33890838085811,38490
"(0.7725182451236846, 0.9764666952752286)",1,97.3387530707606,38491
"(0.7780625367430922, 0.9861673414304992)",1,97.33867388173849,38492
"(0.9187883397948668, 0.9750870495448254)",1,97.33863729420986,38493
"(0.8064223848169835, 0.9764666952752286)",1,97.338602623945,38494
"(0.7923306301473605, 0.9764666952752286)",1,97.33853443198142,38495
"(0.8374874819183264, 0.9764666952752286)",1,97.33845131432544,38496
"(0.925438675470188, 0.9749656593406592)",2,97.33842656435168,38498
"(0.812418383596075, 0.9767441860465116)",1,97.33842442874555,38499
"(0.9502288074111276, 0.9751409401578528)",2,97.33823402120056,38501
"(0.4967706652322037, 0.9887504746694504)",1,97.3382055363912,38502
"(0.4603282383880727, 0.9987499746026686)",1,97.33810177983725,38503
"(0.7492637423027605, 0.9870601047071634)",1,97.3379740348786,38504
"(0.9503122778456484, 0.9834113430318364)",1,97.33794866609593,38505
"(0.9034438470728792, 0.9958292603453894)",1,97.33792806048535,38506
"(0.9288982963016116, 0.9751409401578528)",1,97.3378729380874,38507
"(0.9164187516971112, 0.9748524098350704)",1,97.33785883047057,38508
"(0.5807528241902687, 0.998107010444791)",1,97.33783185315198,38509
"(0.843730230395311, 0.9764666952752286)",1,97.33781698437106,38510
"(0.5295994275347542, 1.0)",3,97.33771980941276,38513
"(0.4865876628104142, 0.9870601047071634)",1,97.33770534862448,38514
"(0.9586741069110368, 0.9748802746905214)",1,97.33763377417482,38515
"(0.4130211680123674, 1.0)",3,97.33760659145136,38518
"(0.7943622269203664, 0.9764666952752286)",4,97.33745809393751,38522
"(0.8027044799462303, 0.974662153486404)",1,97.33744917696872,38523
"(0.9184901612842788, 0.9832679738562092)",1,97.3374130868421,38524
"(0.8884797556713653, 0.9748802746905214)",1,97.33738441637612,38525
"(0.8087623896023756, 0.9764666952752286)",1,97.33730898172438,38526
"(0.9640038239043044, 0.97502985598876)",1,97.33723128493148,38527
"(0.8043167829966709, 0.9787152469118432)",1,97.33722141291764,38528
"(0.8374874819183264, 0.9764666952752286)",1,97.33721706320767,38529
"(0.7833537331701346, 0.9764666952752286)",2,97.33715310104029,38531
"(0.4553345256344744, 0.9987500214884376)",1,97.33708702774668,38532
"(0.5112838915470493, 1.0)",1,97.33705950270546,38533
"(0.4366033352371548, 0.982093913961858)",1,97.33690870362106,38534
"(0.457262827025654, 0.9988619159967322)",1,97.33680334603967,38535
"(0.4508193203901878, 0.9962497362353954)",1,97.33676439229578,38536
"(0.5119662237091893, 0.9958099132756668)",3,97.33660223977236,38539
"(0.8090208511560183, 0.9790540349287944)",1,97.336586867613,38540
"(0.8996408045977011, 0.9749910873440284)",1,97.33648953439824,38541
"(0.932201731346617, 0.9764666952752286)",1,97.3364307826212,38542
"(0.8976982097186702, 0.9833229101521784)",1,97.33642246582605,38543
"(0.917545955938243, 0.9751409401578528)",1,97.33638126252428,38544
"(0.756001848808409, 0.9777027027027028)",1,97.33632368142416,38545
"(0.9677353740627908, 0.97502985598876)",1,97.33630788831644,38546
"(0.8194074731341813, 0.9861673414304992)",1,97.33620981133136,38547
"(0.9253777472527472, 0.9749656593406592)",1,97.3360860536513,38548
"(0.9249732620320856, 0.9749910873440284)",1,97.3359579417529,38549
"(0.5469648740045486, 0.9984817852901372)",1,97.3358724922304,38550
"(0.7833537331701346, 0.9764666952752286)",1,97.33587181623452,38551
"(0.8374874819183264, 0.9764666952752286)",1,97.33572709433555,38552
"(0.6736022307473716, 0.9861673414304992)",1,97.3356992426911,38553
"(0.9677353740627908, 0.97502985598876)",1,97.33552507487212,38554
"(0.9247023809523808, 0.9749910873440284)",1,97.33549066654032,38555
"(0.9036271334014516, 0.9780401821284612)",1,97.33544458244576,38556
"(0.7943622269203664, 0.9764666952752286)",2,97.33543797459632,38558
"(0.9300655321826798, 0.9787158688322009)",1,97.33538975334604,38559
"(0.9372650231764934, 0.9790755481078062)",1,97.33537774111916,38560
"(0.5562558356676003, 0.9861673414304992)",1,97.33535637793784,38561
"(0.6088071867185179, 1.0)",3,97.3352822926932,38564
"(0.5478924718653392, 0.9984863658725142)",1,97.33506690036128,38565
"(0.9572437766315318, 0.9751409401578528)",1,97.3349092679134,38566
"(0.9628689175769612, 0.9749910873440284)",1,97.3348788420929,38567
"(0.4925733396357239, 0.9962501582231502)",1,97.33485661303668,38568
"(0.7458851447555765, 0.9764666952752286)",1,97.33483611651008,38569
"(0.8701068324360797, 0.9777027027027028)",1,97.33479572727757,38570
"(0.8596618357487924, 0.9861673414304992)",1,97.33471519584852,38571
"(0.6064516441005803, 0.9762495174507018)",1,97.33457209121693,38572
"(0.7602193829089683, 0.9764666952752286)",1,97.33453375440187,38573
"(0.8087623896023756, 0.9764666952752286)",1,97.33445043286152,38574
"(0.8596618357487924, 0.9861673414304992)",2,97.33437594644153,38576
"(0.9373666512059368, 0.9749910873440284)",1,97.33417650007756,38577
"(0.925438675470188, 0.9749656593406592)",1,97.33413482309253,38578
"(0.9224996008939976, 0.9749910873440284)",2,97.33400122386816,38580
"(0.8442988787957741, 0.9770268172641052)",1,97.33394218166796,38581
"(0.8395301149279116, 0.9764666952752286)",1,97.3339309291876,38582
"(0.901028965681318, 0.9764666952752286)",1,97.33392245636374,38583
"(0.8736212624584717, 0.9764666952752286)",1,97.33371978154524,38584
"(0.8456659619450317, 0.9764666952752286)",1,97.33360029761046,38585
"(0.8389313963994772, 0.9790540349287944)",1,97.33357375595808,38586
"(0.9184901612842788, 0.9790755481078062)",1,97.33344628138649,38587
"(0.8685314685314685, 0.9764666952752286)",1,97.33331078965357,38588
"(0.9369891588710956, 0.9749910873440284)",1,97.33326475111076,38589
"(0.8384307029790694, 0.9760131220172424)",2,97.3332637199032,38591
"(0.9253777472527472, 0.9749656593406592)",1,97.33316144844432,38592
"(0.8631546198466533, 0.9764666952752286)",1,97.33301567070994,38593
"(0.9224996008939976, 0.9749910873440284)",1,97.33297432594684,38594
"(0.901608756801166, 0.9743238319930138)",1,97.33294922257552,38595
"(0.8090208511560183, 0.9790540349287944)",1,97.33293100647478,38596
"(0.8395301149279116, 0.9764666952752286)",1,97.33285037930952,38597
"(0.861111111111111, 0.9833229101521784)",1,97.3327597494866,38598
"(0.7084717607973421, 0.9764666952752286)",1,97.3325942471762,38599
"(0.8090204369274137, 0.9764666952752286)",1,97.33257146105048,38600
"(0.8456659619450317, 0.9764666952752286)",1,97.33254767681898,38601
"(0.8860455063826657, 0.9861673414304992)",1,97.33249148098,38602
"(0.4722366884143547, 0.9962500644653132)",1,97.33247432556551,38603
"(0.925438675470188, 0.9749656593406592)",1,97.33246575171955,38604
"(0.8374874819183264, 0.9764666952752286)",1,97.33243780239934,38605
"(0.8860455063826657, 0.9861673414304992)",1,97.33243380048978,38606
"(0.7665484369555701, 0.9764666952752286)",1,97.33232316690844,38607
"(0.5147068703695182, 0.9912488373656227)",1,97.33231697317235,38608
"(0.5141118717493827, 0.9915713507625272)",3,97.33229538584963,38611
"(0.517228150797548, 0.9988642062668746)",1,97.33229315908598,38612
"(0.488134593288165, 0.9900003125488358)",3,97.33227453863196,38615
"(0.9628689175769612, 0.9749910873440284)",1,97.33220747394424,38616
"(0.9791332681655264, 0.9958292603453894)",1,97.33217853356088,38617
"(0.9224996008939976, 0.9749910873440284)",1,97.33216965750044,38618
"(0.9225446428571428, 0.9749656593406592)",1,97.33184183473676,38619
"(0.7458851447555765, 0.9764666952752286)",1,97.3318079650309,38620
"(0.9224996008939976, 0.9749910873440284)",1,97.3317852185062,38621
"(0.9224996008939976, 0.9749910873440284)",1,97.33175810190023,38622
"(0.9707071808622552, 0.9958292603453894)",1,97.33161539355108,38623
"(0.950392857142857, 0.9749656593406592)",1,97.3315880263042,38624
"(0.5977047503478421, 0.9925)",1,97.33157709206417,38625
"(0.7376124238869338, 0.9870601047071634)",1,97.331521122145,38626
"(0.9122507070492478, 0.9749656593406592)",1,97.33149513469064,38627
"(0.6238255567452281, 0.9870601047071634)",2,97.3313909145536,38629
"(0.5301125703564727, 1.0)",3,97.3313173349203,38632
"(0.7906364749082007, 0.9767441860465116)",1,97.33131408826794,38633
"(0.8843764852418178, 0.9764666952752286)",1,97.33130447748552,38634
"(0.8456659619450317, 0.9764666952752286)",1,97.3313019232974,38635
"(0.9540153992631536, 0.9750870495448254)",1,97.33123929736078,38636
"(0.3188477500068535, 0.9981012669018314)",1,97.33116438558866,38637
"(0.7665484369555701, 0.9764666952752286)",2,97.33097860264364,38639
"(0.9131755270308844, 0.9773648571145208)",1,97.33087968278052,38640
"(0.9224996008939976, 0.9749910873440284)",1,97.3308101628809,38641
"(0.905473433544398, 0.9748802746905214)",1,97.33074992675849,38642
"(0.8726893261776982, 0.9764666952752286)",1,97.33073177065978,38643
"(0.8589064384650125, 0.9748802746905214)",1,97.33068920897117,38644
"(0.598883501626719, 0.9912501504190636)",1,97.3305891108344,38645
"(0.983545503234046, 1.0)",1,97.3305863009072,38646
"(0.5973694779116466, 0.9912498222186796)",1,97.3303477131744,38647
"(0.9276343133138456, 0.9793914332217538)",2,97.32996595905146,38649
"(0.8340799485585682, 0.9764666952752286)",1,97.32987064082612,38650
"(0.9102539775554236, 0.9748802746905214)",1,97.32984678424204,38651
"(0.503442416215342, 0.9935109390159556)",1,97.32967631871846,38652
"(0.8596618357487924, 0.9861673414304992)",1,97.32964657954872,38653
"(0.634045584045584, 0.9870601047071634)",1,97.32963766940918,38654
"(0.9184901612842788, 0.9748802746905214)",1,97.32960716461837,38655
"(0.8518774267621343, 0.9764666952752286)",1,97.329520800691,38656
"(0.9212328545548654, 0.9751409401578528)",3,97.3294764845281,38659
"(0.5250909268039229, 0.9988642062668746)",1,97.32940948405368,38660
"(0.915887675849288, 0.9753376605043708)",1,97.32936066269512,38661
"(0.9835199925522506, 0.9958292603453894)",2,97.32930441650176,38663
"(0.5240189293380408, 1.0)",1,97.32927314492515,38664
"(0.7999088007295942, 0.988167361639188)",1,97.32919412579172,38665
"(0.9133591266418593, 0.9751409401578528)",3,97.32916895275174,38668
"(0.5147068703695182, 0.9912488373656227)",1,97.32915576838498,38669
"(0.4936062160591765, 0.9988619159967322)",1,97.3290926663459,38670
"(0.8066742741368069, 0.9790540349287944)",1,97.3290419506696,38671
"(0.8518001818001818, 0.9773648571145208)",3,97.3290238200779,38674
"(0.903667392883079, 1.0)",1,97.32902128374188,38675
"(0.8158879904162925, 1.0)",1,97.32898047930108,38676
"(0.846224760385985, 0.9790540349287944)",3,97.328962185038,38679
"(0.7602536997885835, 0.9764666952752286)",1,97.32896030676254,38680
"(0.7833537331701346, 0.9764666952752286)",2,97.32881057761564,38682
"(0.8013184398461819, 0.9764666952752286)",1,97.32880902786847,38683
"(0.8456659619450317, 0.9764666952752286)",1,97.32872621110556,38684
"(0.4229346333263246, 1.0)",1,97.328494044091,38685
"(0.7376124238869338, 0.9870601047071634)",1,97.32829444326728,38686
"(0.9505232430050672, 0.9751409401578528)",3,97.32809914489258,38689
"(0.531353757109443, 0.9949997811829872)",1,97.3280757745626,38690
"(0.950392857142857, 0.9749656593406592)",1,97.3280050965087,38691
"(0.9499687304565352, 0.9833229101521784)",1,97.32798564882184,38692
"(0.511612180189574, 1.0)",2,97.3278382329026,38694
"(0.7943622269203664, 0.9764666952752286)",1,97.3277167340119,38695
"(0.5696789203510515, 0.9862497206293536)",1,97.32767532298838,38696
"(0.8087623896023756, 0.9764666952752286)",1,97.327640652431,38697
"(0.5041116118411525, 0.9984817852901372)",1,97.3276010740801,38698
"(0.947035873779261, 0.9751409401578528)",1,97.32758420531114,38699
"(0.6027034427212865, 0.9981012669018314)",1,97.32727570557824,38700
"(0.9572437766315318, 0.9786694888904832)",1,97.32727061558964,38701
"(0.9223799456357596, 0.9764666952752286)",1,97.32723885369332,38702
"(0.9528533742496432, 0.97502985598876)",1,97.327167769176,38703
"(0.8631546198466533, 0.9764666952752286)",1,97.32708718590136,38704
"(0.8716153127917834, 0.9861673414304992)",1,97.32693387644878,38705
"(0.5949150182078973, 0.9984817852901372)",1,97.3268329878457,38706
"(0.6022961136704902, 0.9981012669018314)",1,97.3266149262208,38707
"(0.9164187516971112, 0.9748802746905214)",1,97.32657576193672,38708
"(0.8804215399610136, 0.991206314397104)",1,97.32649036442962,38709
"(0.5398840942160625, 1.0)",1,97.3264849331371,38710
"(0.5696789203510515, 0.9862497206293536)",2,97.326424945908,38712
"(0.8586125966511082, 0.9780403826403014)",2,97.32631680795564,38714
"(0.4133101229894375, 0.9977203590215908)",1,97.32631397744456,38715
"(0.4949779061119132, 0.9900003125488358)",1,97.3262462365312,38716
"(0.9536268754076972, 0.97502985598876)",3,97.32624540137432,38719
"(0.8910737344870472, 0.9748524098350704)",1,97.3262368599828,38720
"(0.4330451959188837, 0.9912488373656227)",1,97.32622509344894,38721
"(0.7458851447555765, 0.9764666952752286)",1,97.326031903585,38722
"(0.7833537331701346, 0.9764666952752286)",1,97.32602844385734,38723
"(0.8843764852418178, 0.9764666952752286)",1,97.32593183885552,38724
"(0.6746811878062335, 0.9780405330215434)",2,97.32591767826626,38726
"(0.7548199009255377, 0.976351027451096)",1,97.32580613924168,38727
"(0.9791585206907788, 0.9958292603453894)",1,97.32579830853608,38728
"(0.8467368572432814, 0.9777027027027028)",3,97.32570963911871,38731
"(0.8843764852418178, 0.9764666952752286)",1,97.3257066475159,38732
"(0.822766217870257, 0.9766918866148322)",1,97.3256497051918,38733
"(0.7729389061386163, 0.9766918866148322)",1,97.3256481482973,38734
"(0.6429276433769509, 0.9900003125488358)",1,97.32564494155704,38735
"(0.8952438710847427, 0.9753378406526394)",1,97.32557459830396,38736
"(0.8402876991030895, 0.9767441860465116)",1,97.32551131130109,38737
"(0.4730875285978567, 0.9899995623659744)",1,97.32548993448724,38738
"(0.9712822597033124, 0.97502985598876)",1,97.32543893686056,38739
"(0.831031066037186, 0.9766918866148322)",1,97.32541979084002,38740
"(0.6766917293233082, 0.9870601047071634)",2,97.32537741629211,38742
"(0.4603282383880727, 0.9987499746026686)",1,97.32529162309191,38743
"(0.6555978046721082, 0.98999899959984)",1,97.3251956461147,38744
"(0.947035873779261, 0.9751409401578528)",3,97.32518212253484,38747
"(0.8456659619450317, 0.9764666952752286)",1,97.32517108224518,38748
"(0.966586548597934, 0.9748802746905214)",1,97.32509916046422,38749
"(0.8050115655679925, 0.978040051793672)",2,97.32505750377624,38751
"(0.5208957469413343, 0.9984817852901372)",1,97.32505161548056,38752
"(0.7980310463463742, 0.9763513297583164)",1,97.32503920796492,38753
"(0.620130835563485, 0.991206314397104)",2,97.32501734175024,38755
"(0.8148308968977662, 0.9861673414304992)",1,97.3249845111282,38756
"(0.6759495516512356, 0.9764666952752286)",2,97.32483516152898,38758
"(0.8895939931776995, 0.9749910873440284)",1,97.3247576177358,38759
"(0.7943622269203664, 0.9764666952752286)",1,97.324753880269,38760
"(0.8460636535055139, 0.9764666952752286)",1,97.32463775179755,38761
"(0.8888709036742801, 0.9749910873440284)",1,97.3245892402369,38762
"(0.4085833743236595, 1.0)",3,97.32456054017206,38765
"(0.8112275321577646, 0.9764666952752286)",1,97.3244560525523,38766
"(0.9061764476533613, 0.979166518665308)",1,97.32428974537682,38767
"(0.7548199009255377, 0.9793909533590868)",1,97.32426246991749,38768
"(0.4965663004560743, 0.9900003125488358)",2,97.32421410674468,38770
"(0.9382963205525124, 0.9749910873440284)",1,97.32411711447,38771
"(0.8518001818001818, 0.9780403826403014)",2,97.32407605244016,38773
"(0.5837905717470935, 0.9862497206293536)",3,97.32386329534698,38776
"(0.9712822597033124, 0.97502985598876)",1,97.32383015723684,38777
"(0.901608756801166, 0.9777026823435832)",1,97.32370715876036,38778
"(0.8340799485585682, 0.9764666952752286)",1,97.32353131894487,38779
"(0.9110813074094206, 0.9764666952752286)",1,97.32348308273608,38780
"(0.8146183925150791, 0.9872890642121412)",1,97.32348095968,38781
"(0.9628689175769612, 0.9749910873440284)",1,97.32347434232793,38782
"(0.5853182863855046, 0.979054054054054)",1,97.32346066987904,38783
"(0.8333192389006343, 0.9766918866148322)",1,97.32334621611396,38784
"(0.9392111404005912, 0.9751409401578528)",1,97.32316928329006,38785
"(0.8589064384650125, 0.9748802746905214)",1,97.32313472271576,38786
"(0.9628689175769612, 0.9749910873440284)",1,97.32312892076884,38787
"(0.9146901709401708, 0.972281746031746)",2,97.32312474634388,38789
"(0.8768488063660478, 0.9749656593406592)",1,97.3231162707808,38790
"(0.4955203630891704, 0.9900003125488358)",1,97.32307508178047,38791
"(0.4015189621923474, 0.9827694264931702)",1,97.323074556222,38792
"(0.8631918334993627, 0.9833229101521784)",1,97.32305651832966,38793
"(0.4826454099840705, 0.9899983116452704)",1,97.32298278949574,38794
"(0.8768488063660478, 0.9749656593406592)",1,97.3227673183235,38795
"(0.9454999712494968, 0.9958292603453894)",1,97.3227366835126,38796
"(0.4632547082040988, 1.0)",3,97.3226984799763,38799
"(0.7837967210499023, 0.9766918866148322)",1,97.32239274138897,38800
"(0.7578328648096089, 0.9764666952752286)",4,97.32239225900302,38804
"(0.8768488063660478, 0.9749656593406592)",1,97.32234482931796,38805
"(0.9712822597033124, 0.97502985598876)",1,97.3223044662765,38806
"(0.4946461141636722, 0.9900005000500052)",1,97.32226303335256,38807
"(0.4987398156700754, 0.9987500214884376)",1,97.32211861180096,38808
"(0.966586548597934, 0.9748802746905214)",1,97.32202809449105,38809
"(0.7729389061386163, 0.9766918866148322)",1,97.32199235030066,38810
"(0.8884797556713653, 0.9748524098350704)",1,97.32198142687275,38811
"(0.7942038054814895, 0.9861673414304992)",1,97.32194501611936,38812
"(0.5936371189058957, 1.0)",1,97.3219448450484,38813
"(0.8090204369274137, 0.9764666952752286)",1,97.32185469031494,38814
"(0.9227792207792208, 0.97502985598876)",1,97.32184715303502,38815
"(0.8395301149279116, 0.9764666952752286)",1,97.3218161206434,38816
"(0.492807005588115, 0.9962500644653132)",1,97.32161237076878,38817
"(0.4609816352782865, 0.9992416608232524)",1,97.3216002360157,38818
"(0.5452310701354139, 0.9938894536653996)",1,97.32158836821044,38819
"(0.9373666512059368, 0.9749910873440284)",2,97.32137995372008,38821
"(0.8685314685314685, 0.9764666952752286)",2,97.32129101104832,38823
"(0.5398840942160625, 0.9988653407824049)",1,97.32128886039489,38824
"(0.9253777472527472, 0.9749656593406592)",1,97.32117998065992,38825
"(0.3703280442697561, 0.9969604786954545)",1,97.32116963482726,38826
"(0.9494594905410846, 0.97502985598876)",1,97.32102184098608,38827
"(0.8027044799462303, 0.9783779637835908)",3,97.32100653649854,38830
"(0.4998933054926027, 0.9900003125488358)",3,97.32095002553518,38833
"(0.9240041208791208, 0.9749910873440284)",1,97.32090875547604,38834
"(0.8631546198466533, 0.9764666952752286)",1,97.32085383860876,38835
"(0.950392857142857, 0.9749656593406592)",1,97.32084457209984,38836
"(0.5342296694992609, 0.9862497206293536)",1,97.32078406934414,38837
"(0.6707941587931741, 0.9753378293934332)",1,97.32075045611174,38838
"(0.8616465603190429, 0.9749656593406592)",1,97.32071282013196,38839
"(0.7885047499939597, 0.9764666952752286)",1,97.32063943525,38840
"(0.8616465603190429, 0.9749656593406592)",2,97.3205637282166,38842
"(0.5292931359082562, 1.0)",1,97.3205552483308,38843
"(0.9240041208791208, 0.9749910873440284)",1,97.32051386314068,38844
"(0.8384307029790694, 0.9780401821284612)",1,97.320477567063,38845
"(0.9432380952380952, 0.9751409401578528)",1,97.32041134123835,38846
"(0.9788980434141724, 0.9958292603453894)",1,97.3204069222276,38847
"(0.4923104882535888, 0.9987499746026686)",1,97.32026814149792,38848
"(0.4787519493971895, 0.9899983116452704)",1,97.32021496090144,38849
"(0.5562558356676003, 0.9861673414304992)",1,97.32002328141512,38850
"(0.9224996008939976, 0.9749910873440284)",1,97.31999972361572,38851
"(0.5250280969784772, 0.9774990153234429)",1,97.31992905387156,38852
"(0.8315995778682346, 0.9861673414304992)",1,97.31989699141228,38853
"(0.95, 0.9751409401578528)",3,97.31988008730664,38856
"(0.8315995778682346, 0.9861673414304992)",1,97.31987262557676,38857
"(0.3506832674571805, 0.9992416608232524)",1,97.31986037356326,38858
"(0.9746854694957162, 1.0)",1,97.31976828381644,38859
"(0.9327510896243466, 0.9749997717295232)",2,97.3197559902653,38861
"(0.9224996008939976, 0.9749910873440284)",1,97.31966428426848,38862
"(0.683178560611297, 0.9793918566103792)",1,97.31960305621244,38863
"(0.8459266053144301, 0.9749910873440284)",1,97.3195682008868,38864
"(0.7664480222619757, 0.9764666952752286)",1,97.31951750060264,38865
"(0.7678405315614618, 0.9764666952752286)",1,97.31951349299702,38866
"(0.5939549490228829, 0.9984833216465048)",1,97.31946554112598,38867
"(0.8967778972053937, 0.9764666952752286)",1,97.31945292671728,38868
"(0.9098519670814934, 0.9749910873440284)",1,97.31932833169266,38869
"(0.3833435083435083, 0.9870601047071634)",1,97.31927663829028,38870
"(0.8411857639615443, 0.9777026823435832)",1,97.31923261802352,38871
"(0.9243707071934514, 0.9916339869281046)",1,97.31916626792176,38872
"(0.4499384836938269, 0.9975000781372088)",1,97.31915923114384,38873
"(0.9131755270308844, 0.9777027027027028)",2,97.319070491667,38875
"(0.8087623896023756, 0.9764666952752286)",2,97.31906125757556,38877
"(0.4859247782423509, 0.9812496190400276)",1,97.31900659768527,38878
"(0.7664480222619757, 0.9764666952752286)",1,97.3189953035454,38879
"(0.4890731859530187, 0.9900003125488358)",1,97.31891447505332,38880
"(0.7664480222619757, 0.9764666952752286)",1,97.31890682660736,38881
"(0.3930894945067609, 0.9987499746026686)",1,97.3188819874673,38882
"(0.7304742252709461, 0.9764666952752286)",1,97.31883158228928,38883
"(0.5191356753598758, 0.9992431829362568)",1,97.31880409502332,38884
"(0.8967778972053937, 0.9764666952752286)",1,97.3187910104169,38885
"(0.601399019885025, 1.0)",3,97.31874208717883,38888
"(0.8416827657517105, 0.9861310021084456)",1,97.31871856437336,38889
"(0.7725182451236846, 0.9764666952752286)",1,97.3187089047892,38890
"(0.9288982963016116, 0.9751409401578528)",3,97.3186569757699,38893
"(0.7481666755361609, 0.9764666952752286)",1,97.31848743734444,38894
"(0.9188863189008992, 0.9767441860465116)",1,97.3184634300215,38895
"(0.7084717607973421, 0.9764666952752286)",1,97.31831113689417,38896
"(0.7999088007295942, 0.9766918866148322)",1,97.3181267597964,38897
"(0.9300655321826798, 0.9783779637835908)",1,97.31807994734696,38898
"(0.5235735740769297, 1.0)",3,97.31804211687904,38901
"(0.888425800230205, 0.9766889257907682)",1,97.31802674526,38902
"(0.8066742741368069, 0.9787161797779323)",1,97.31781017721212,38903
"(0.5578924994108273, 1.0)",1,97.31772439585588,38904
"(0.9539751547184644, 0.9748802746905214)",1,97.31771821060455,38905
"(0.4847252958987063, 0.9987499746026686)",1,97.31767394391288,38906
"(0.861957198953386, 0.9764666952752286)",1,97.31752134926036,38907
"(0.546013779527559, 0.9984878738761844)",1,97.31752125500624,38908
"(0.7639004270430678, 0.9783779637835908)",1,97.31745476301674,38909
"(0.9497171590194846, 0.9833229101521784)",2,97.31739085409716,38911
"(0.7521214129188376, 0.9988653407824049)",1,97.31731118509956,38912
"(0.8110682791635173, 0.9861673414304992)",3,97.31730852360204,38915
"(0.8288092915955513, 0.9777026823435832)",1,97.31715023285588,38916
"(0.5342296694992609, 0.9862497206293536)",1,97.31703313352249,38917
"(0.7368760064412239, 0.9861673414304992)",1,97.3169318583,38918
"(0.6020449077786688, 0.9764666952752286)",1,97.3169212911844,38919
"(0.4919916866987179, 1.0)",1,97.31688456083036,38920
"(0.4925733396357239, 0.9962501582231502)",2,97.31684205938473,38922
"(0.9225446428571428, 0.9749656593406592)",1,97.31684199811744,38923
"(0.9225446428571428, 0.9749656593406592)",1,97.31681657294229,38924
"(0.8384307029790694, 0.9783779637835908)",3,97.31670797792574,38927
"(0.987491854024112, 0.9958292603453894)",1,97.3166852794016,38928
"(0.9230627959463646, 0.97502985598876)",1,97.3166604755354,38929
"(0.4609816352782865, 0.9977203590215908)",1,97.31657352016526,38930
"(0.9228120179844318, 0.9916339869281046)",1,97.31653446520916,38931
"(0.950392857142857, 0.9749656593406592)",1,97.31653371325736,38932
"(0.7376124238869338, 0.9870601047071634)",1,97.31644649410195,38933
"(0.983545503234046, 0.9958292603453894)",1,97.31643581949692,38934
"(0.8656595443322052, 0.9790540349287944)",1,97.31641283255524,38935
"(0.9505232430050672, 0.9751409401578528)",1,97.31628989537988,38936
"(0.5981266189834885, 0.99084375)",1,97.3162822469124,38937
"(0.7833537331701346, 0.9764666952752286)",1,97.31622464813182,38938
"(0.8455917807202996, 0.9764666952752286)",1,97.31616216924516,38939
"(0.8306479779411763, 0.9749910873440284)",1,97.31612476707409,38940
"(0.972420634920635, 0.9861673414304992)",2,97.31603621313852,38942
"(0.6031177317792814, 1.0)",1,97.31592640997974,38943
"(0.9628689175769612, 0.9749910873440284)",1,97.31590425848624,38944
"(0.4965663004560743, 0.9900003125488358)",1,97.31586201645727,38945
"(0.2104254576695934, 1.0)",3,97.31579156297684,38948
"(0.5169470317739897, 0.9984833216465048)",1,97.31578955603428,38949
"(0.8685314685314685, 0.9764666952752286)",1,97.31577645507542,38950
"(0.7578328648096089, 0.9764666952752286)",2,97.31577375471817,38952
"(0.8467368572432814, 0.9773648571145208)",3,97.31575809358826,38955
"(0.7371074312749817, 0.9870601047071634)",1,97.31572086867143,38956
"(0.9212328545548654, 0.9751409401578528)",1,97.31549930218212,38957
"(0.6759495516512356, 0.9764666952752286)",1,97.31547139250392,38958
"(0.436911946168762, 0.9977203590215908)",1,97.31543399805288,38959
"(0.7923306301473605, 0.9764666952752286)",1,97.31533559916306,38960
"(0.7923306301473605, 0.9764666952752286)",1,97.3151435763688,38961
"(0.5677461891139935, 0.9912501504190636)",1,97.3151394163722,38962
"(0.484731353858467, 0.9975000781372088)",1,97.31511481352145,38963
"(0.4476200063179831, 0.9874983588724048)",1,97.31510930727606,38964
"(0.9738477269913072, 0.9958292603453894)",1,97.3150156937903,38965
"(0.901608756801166, 0.9780405029455544)",2,97.31499430584503,38967
"(0.9415317925801796, 0.9790755481078062)",1,97.31481386236432,38968
"(0.9829909379735984, 0.9958292603453894)",1,97.31476933750174,38969
"(0.4894591128631123, 0.9962501582231502)",1,97.31471560302418,38970
"(0.5153209052589321, 0.9962497362353954)",1,97.3146519501184,38971
"(0.9110813074094206, 0.9764666952752286)",1,97.3146413306076,38972
"(0.7836974395113928, 0.9766918866148322)",1,97.31456024412404,38973
"(0.843730230395311, 0.9764666952752286)",1,97.31439077750537,38974
"(0.7042648709315374, 1.0)",1,97.3143476671037,38975
"(0.8813457860512559, 0.9790755481078062)",1,97.31424351622344,38976
"(0.8340799485585682, 0.9764666952752286)",1,97.3140600154656,38977
"(0.843730230395311, 0.9764666952752286)",1,97.31386757325728,38978
"(0.8374874819183264, 0.9764666952752286)",1,97.31374934084086,38979
"(0.9098759089802734, 0.9748802746905214)",1,97.31366363446936,38980
"(0.8395301149279116, 0.9764666952752286)",1,97.31364621458636,38981
"(0.5922908221721781, 0.988750193395939)",1,97.3135394661782,38982
"(0.9791258409522168, 0.9958292603453894)",1,97.31336729873355,38983
"(0.7943622269203664, 0.9764666952752286)",2,97.31333228006002,38985
"(0.4553345256344744, 0.9987499746026686)",1,97.31321246419994,38986
"(0.7218114213846213, 1.0)",1,97.313200462142,38987
"(0.8586125966511082, 0.9773648571145208)",3,97.31315609966158,38990
"(0.4844841746794872, 0.9899983116452704)",1,97.31315188693463,38991
"(0.991777356103732, 0.9958292603453894)",1,97.31302831142293,38992
"(0.8884797556713653, 0.9748802746905214)",1,97.3129796771516,38993
"(0.8660545355265853, 0.9749910873440284)",1,97.31292342169128,38994
"(0.5891971035837016, 0.9896502378760386)",1,97.31287398837766,38995
"(0.8580559516200404, 0.9764666952752286)",1,97.3128442726534,38996
"(0.9254228204735588, 0.9751409401578528)",1,97.31266369549388,38997
"(0.9098759089802734, 0.9748802746905214)",2,97.31262003154237,38999
"(0.8388048698116161, 0.9861673414304992)",1,97.3126124675486,39000
"(0.8426040866925729, 0.9783783783783784)",1,97.31259130440496,39001
"(0.9184901612842788, 0.9748802746905214)",1,97.31254251597323,39002
"(0.4790513120764785, 1.0)",1,97.31254094518442,39003
"(0.8358530587380517, 0.9834113430318364)",1,97.31252982167707,39004
"(0.4633466015586465, 1.0)",1,97.31251811574404,39005
"(0.8097000243032949, 0.974662060944707)",1,97.31238238244856,39006
"(0.4366033352371548, 0.982768513738492)",1,97.31234441022946,39007
"(0.4967706652322037, 0.9887506152814826)",2,97.31225570425951,39009
"(0.6576105142655866, 0.9988653407824049)",1,97.3122262471333,39010
"(0.9744745723240348, 0.9958292603453894)",1,97.31221147487037,39011
"(0.901608756801166, 0.976351329758346)",2,97.31220825548522,39013
"(0.5056778729738882, 0.9974998905914936)",1,97.3121613854454,39014
"(0.4955203630891704, 0.9912498222186796)",1,97.31214976028052,39015
"(0.900838851006521, 0.9832462877624168)",1,97.312121990235,39016
"(0.7615072500907597, 0.9764666952752286)",1,97.31205110010175,39017
"(0.7481666755361609, 0.9764666952752286)",1,97.3118869505732,39018
"(0.7578328648096089, 0.9764666952752286)",1,97.31186786441528,39019
"(0.5643457045368262, 0.994274357955255)",3,97.31172276270736,39022
"(0.9751539794803552, 0.9958292603453894)",1,97.31161838355314,39023
"(0.4865876628104142, 1.0)",1,97.31154525364131,39024
"(0.798857609139127, 0.9764666952752286)",2,97.31151000603404,39026
"(0.4826454099840705, 0.9912488373656227)",1,97.31144295049126,39027
"(0.7084717607973421, 0.9764666952752286)",1,97.31142686237078,39028
"(0.5204993238647946, 0.9954545454545456)",1,97.31139038565613,39029
"(0.7323163951070927, 0.9764666952752286)",1,97.3113800117721,39030
"(0.9535144014828052, 0.9751409401578528)",2,97.31137281912874,39032
"(0.8467368572432814, 0.9753376605037232)",1,97.31118401086596,39033
"(0.8813457860512559, 0.9790476832523552)",1,97.31111816087596,39034
"(0.6260123507862112, 0.9764666952752286)",1,97.31110831868826,39035
"(0.5049504801920769, 0.9975000781372088)",1,97.31109361907168,39036
"(0.9253213924599162, 0.9764666952752286)",2,97.31091785965228,39038
"(0.9110813074094206, 0.9764666952752286)",1,97.31089759783764,39039
"(0.9392111404005912, 0.9751409401578528)",1,97.31084052097542,39040
"(0.8589064384650125, 0.9748802746905214)",1,97.31082981948646,39041
"(0.9388917411828462, 0.9786694888904832)",1,97.31079350481424,39042
"(0.664091471262014, 0.9981012669018314)",1,97.31078272185376,39043
"(0.5418599142431635, 0.9904066335741472)",3,97.31069181782776,39046
"(0.7084717607973421, 0.9764666952752286)",1,97.31065920455582,39047
"(0.401652976500311, 0.9872890642121412)",1,97.31052053160626,39048
"(0.756001848808409, 0.9763510274527222)",1,97.31051048455384,39049
"(0.5235735740769297, 1.0)",3,97.31042609133614,39052
"(0.9452474337657768, 0.9748802746905214)",1,97.31041188006134,39053
"(0.8799206023655463, 0.9783779637835908)",1,97.31037078155242,39054
"(0.812418383596075, 0.976761412575366)",1,97.310257469865,39055
"(0.950392857142857, 0.9749656593406592)",1,97.31018058024335,39056
"(0.9436368312757202, 0.972281746031746)",1,97.31012815958483,39057
"(0.8996408045977011, 0.9749910873440284)",2,97.31007619574646,39059
"(0.9833251873574456, 0.9958292603453894)",1,97.30993028949402,39060
"(0.831031066037186, 0.9766918866148322)",1,97.30987643669896,39061
"(0.9122507070492478, 0.9749656593406592)",1,97.3098565604995,39062
"(0.8685314685314685, 0.9764666952752286)",2,97.30983196186357,39064
"(0.9253213924599162, 0.9764666952752286)",2,97.30976992991792,39066
"(0.7923306301473605, 0.9764666952752286)",2,97.30972984885122,39068
"(0.9331814008429188, 0.9764666952752286)",1,97.30972368217846,39069
"(0.6329443208101642, 0.9780359546412908)",1,97.30970981554752,39070
"(0.7780625367430922, 0.9861673414304992)",1,97.30968195622864,39071
"(0.4976057427443008, 0.9912504785343176)",1,97.30965534718358,39072
"(0.8685314685314685, 0.9764666952752286)",1,97.3096009447278,39073
"(0.9240041208791208, 0.9749910873440284)",1,97.30956842003182,39074
"(0.8024695068301698, 0.974662153486404)",1,97.30956143617082,39075
"(0.6248773887392587, 0.9937495603923254)",1,97.30955704253496,39076
"(0.5082177015724898, 0.9950001562744178)",1,97.30953734330964,39077
"(0.7943622269203664, 0.9764666952752286)",1,97.30944120085128,39078
"(0.8011433416753454, 0.9770268172641052)",1,97.30943445459408,39079
"(0.8685314685314685, 0.9764666952752286)",1,97.30942805281988,39080
"(0.511612180189574, 1.0)",1,97.30918445421496,39081
"(0.7725182451236846, 0.9764666952752286)",1,97.30911075173424,39082
"(0.5191356753598758, 0.9996210215628012)",1,97.30910675755364,39083
"(0.4085833743236595, 1.0)",1,97.30910454602414,39084
"(0.9310391447174572, 0.9773648571145208)",1,97.30909520309238,39085
"(0.864057359093178, 0.9770268172641052)",1,97.30882959384716,39086
"(0.9665633291439744, 0.9958292603453894)",1,97.30875107656884,39087
"(0.5062737076776085, 0.9837502793496896)",1,97.30870907352153,39088
"(0.8879331046312178, 0.9749656593406592)",1,97.30857179946952,39089
"(0.9916585206907788, 0.9958292603453894)",1,97.30855876151632,39090
"(0.9373666512059368, 0.9749910873440284)",1,97.30843032540002,39091
"(0.9373666512059368, 0.9749910873440284)",1,97.30832739053226,39092
"(0.945878018492034, 0.9958292603453894)",1,97.30828253572489,39093
"(0.9418479305417444, 0.9766918866148322)",1,97.30826191485004,39094
"(0.8467368572432814, 0.9773648571145208)",3,97.3081953262116,39097
"(0.6250748921647628, 0.9899995623659744)",1,97.30819074412987,39098
"(0.7866279069767441, 0.9764666952752286)",1,97.30816309478035,39099
"(0.9958292603453894, 1.0)",1,97.30810866361163,39100
"(0.4230961584008337, 0.9900003125488358)",1,97.30810739711067,39101
"(0.9161379295307868, 1.0)",1,97.308092679755,39102
"(0.4790513120764785, 0.9987499746026686)",1,97.30806095963555,39103
"(0.9373666512059368, 0.9749910873440284)",1,97.307998950775,39104
"(0.9269284534248317, 0.9764666952752286)",1,97.30772949837414,39105
"(0.9628689175769612, 0.9749910873440284)",1,97.30772353732692,39106
"(0.9122507070492478, 0.9749656593406592)",2,97.30760529749034,39108
"(0.511612180189574, 1.0)",1,97.30757521354168,39109
"(0.5123851706036745, 0.9988630646884038)",1,97.30756801559804,39110
"(0.9253213924599162, 0.9764666952752286)",1,97.30748734440034,39111
"(0.8616465603190429, 0.9749656593406592)",1,97.30746098634071,39112
"(0.9609357631051972, 0.9751409401578528)",1,97.30744714165044,39113
"(0.7119388248146047, 1.0)",1,97.3074387573973,39114
"(0.7999088007295942, 0.9766918866148322)",1,97.30741786432864,39115
"(0.8995772689779955, 0.9749656593406592)",1,97.307382048755,39116
"(0.4955558486584263, 0.9950002500250024)",1,97.30729526829244,39117
"(0.5555555555555555, 0.9833229101521784)",1,97.3071925652754,39118
"(0.8701068324360797, 0.9773648571145208)",3,97.30718880258536,39121
"(0.7304742252709461, 0.9764666952752286)",1,97.3070033745806,39122
"(0.7923306301473605, 0.9764666952752286)",1,97.30699707494904,39123
"(0.8996408045977011, 0.9749910873440284)",1,97.30691163324632,39124
"(0.7075825156110616, 0.991206314397104)",1,97.30689623973092,39125
"(0.9916339869281046, 0.9958292603453894)",1,97.30684215938794,39126
"(0.9333044546043194, 0.9958292603453894)",1,97.30683521739006,39127
"(0.5626274989800081, 0.9764666952752286)",1,97.30674424592544,39128
"(0.7725182451236846, 0.9764666952752286)",1,97.30664353633992,39129
"(0.94291309888229, 0.991206314397104)",3,97.3065890453674,39132
"(0.8395301149279116, 0.9764666952752286)",1,97.30624177523566,39133
"(0.8112275321577646, 0.9764666952752286)",1,97.3061602512053,39134
"(0.5562558356676003, 0.9861673414304992)",1,97.3061084707478,39135
"(0.9102539775554236, 0.9748802746905214)",1,97.30608871359982,39136
"(0.3464973708160582, 0.9981012669018314)",1,97.30599785383838,39137
"(0.972420634920635, 0.9861673414304992)",1,97.30598901559816,39138
"(0.6786000457875457, 0.9870601047071634)",1,97.30597621398576,39139
"(0.9224996008939976, 0.9749910873440284)",1,97.30597038818402,39140
"(0.8975764647467728, 0.9749656593406592)",1,97.30593521874503,39141
"(0.7833537331701346, 0.9764666952752286)",1,97.30585923969764,39142
"(0.7304742252709461, 0.9764666952752286)",1,97.30574661968517,39143
"(0.4956415591907371, 1.0)",3,97.3056956144031,39146
"(0.6020449077786688, 0.9764666952752286)",1,97.3055926029969,39147
"(0.4994316028798788, 0.9870601047071634)",1,97.30557582112507,39148
"(0.8955173107890498, 0.9749910873440284)",1,97.30555574881885,39149
"(0.5004274455385378, 0.992500421898732)",1,97.3055445223343,39150
"(0.7836974395113928, 0.9766918866148322)",1,97.30552502897837,39151
"(0.9058747619658436, 0.9748802746905214)",1,97.305278025777,39152
"(0.8835857110930401, 0.9764666952752286)",1,97.30523811116448,39153
"(0.8848000715856217, 1.0)",1,97.3051398207988,39154
"(0.4195358585602487, 0.9870601047071634)",1,97.30507159813315,39155
"(0.8948142000428356, 0.9749656593406592)",1,97.30502856002336,39156
"(0.7923306301473605, 0.9764666952752286)",1,97.30492944919916,39157
"(0.8955173107890498, 0.9749910873440284)",2,97.30465457471284,39159
"(0.4567442396313363, 0.9950001562744178)",1,97.3045776477568,39160
"(0.901608756801166, 0.9780403826403014)",2,97.30455477028322,39162
"(0.3506832674571805, 0.9981012669018314)",1,97.30454601798134,39163
"(0.9288982963016116, 0.9751409401578528)",1,97.30452713484097,39164
"(0.8751897860593512, 0.9861673414304992)",1,97.30446617048337,39165
"(0.8631546198466533, 0.9764666952752286)",1,97.3044294198289,39166
"(0.7139609159313594, 0.9872890642121412)",1,97.30436171450305,39167
"(0.7578328648096089, 0.9764666952752286)",1,97.30435215450916,39168
"(0.7458851447555765, 0.9764666952752286)",1,97.30419874754864,39169
"(0.7678405315614618, 0.9764666952752286)",1,97.30413065076036,39170
"(0.861111111111111, 1.0)",1,97.30403966482108,39171
"(0.9122507070492478, 0.9749656593406592)",1,97.30397212813502,39172
"(0.9628689175769612, 0.9749910873440284)",1,97.30389451284692,39173
"(0.5147068703695182, 0.9899983116452704)",1,97.30375941003967,39174
"(0.5138165509259259, 0.990824550943836)",1,97.30371857543614,39175
"(0.763830245642582, 0.977027027027027)",1,97.30368878394532,39176
"(0.4606973696770164, 0.9950002500250024)",1,97.30364390657957,39177
"(0.7836974395113928, 0.9766918866148322)",1,97.30364235447507,39178
"(0.9916585206907788, 0.9958292603453894)",2,97.30350504878308,39180
"(0.9327510896243466, 0.9790536524153534)",1,97.30348639345408,39181
"(0.7729389061386163, 0.9766918866148322)",1,97.30342319138089,39182
"(0.813515418166581, 0.9766918866148322)",1,97.30341827613698,39183
"(0.5349448432585369, 0.9988653407824049)",1,97.30339202577882,39184
"(0.9228120179844318, 0.9873891625615764)",1,97.3033449889851,39185
"(0.4363355778830426, 0.9950001562744178)",1,97.30323519686002,39186
"(0.5286751006005854, 0.9977203590215908)",1,97.30320292520857,39187
"(0.8967778972053937, 0.9764666952752286)",1,97.3031978519805,39188
"(0.9225446428571428, 0.9749656593406592)",2,97.303099121334,39190
"(0.90224161204236, 0.9861310021084456)",1,97.30304303138836,39191
"(0.7580266955266955, 0.9861673414304992)",1,97.30295857356025,39192
"(0.9665755481078062, 1.0)",1,97.30285166534117,39193
"(0.7833537331701346, 0.9764666952752286)",1,97.30280299390448,39194
"(0.7923306301473605, 0.9764666952752286)",2,97.30279303598886,39196
"(0.7179548459289354, 0.9783779637835908)",2,97.3027656040065,39198
"(0.4987398156700754, 0.9987499746026686)",1,97.30268254493862,39199
"(0.8218185392856778, 0.9861673414304992)",1,97.3026819112026,39200
"(0.8340799485585682, 0.9764666952752286)",1,97.30266594437828,39201
"(0.5315938119639068, 1.0)",1,97.30249371291154,39202
"(0.9310391447174572, 0.9773642060639776)",1,97.30234221187536,39203
"(0.7729742929217565, 0.9743243243243244)",1,97.30233915569528,39204
"(0.8843764852418178, 0.9764666952752286)",1,97.30229176958107,39205
"(0.8426040866925729, 0.9780403826403014)",2,97.30215463818152,39207
"(0.9750072792119512, 1.0)",1,97.30208238125071,39208
"(0.9833040078201368, 0.9958292603453894)",2,97.30196186702815,39210
"(0.8805377184744008, 0.9790476832523552)",1,97.30192263317156,39211
"(0.4923104882535888, 0.9987499746026686)",1,97.30191204241711,39212
"(0.5037771407498387, 0.9887492087061858)",1,97.30187643659782,39213
"(0.6759495516512356, 0.9764666952752286)",1,97.301874202762,39214
"(0.8029092456511812, 0.974662153486396)",1,97.30185662953286,39215
"(0.7458851447555765, 0.9764666952752286)",2,97.30178610870868,39217
"(0.9603476243044132, 0.9749692931061258)",2,97.30166892450214,39219
"(0.9300655321826798, 0.9780401821284612)",1,97.30165791954327,39220
"(0.4724538701233134, 0.9962501582231502)",1,97.3015751800016,39221
"(0.4860887005222129, 0.9899983116452704)",1,97.30143671715196,39222
"(0.9259740526337398, 0.97502985598876)",1,97.30142425471938,39223
"(0.7578328648096089, 0.9764666952752286)",1,97.30139401576275,39224
"(0.8750583443290422, 0.9749987444521908)",1,97.30133778741568,39225
"(0.9738477269913072, 0.9958292603453894)",2,97.30118892130292,39227
"(0.5231811942852683, 0.9992431829362568)",1,97.30100332251538,39228
"(0.4648065695791297, 0.992345717416214)",3,97.30092346640215,39231
"(0.6141682785299807, 0.987497889556588)",1,97.3008624762289,39232
"(0.9058747619658436, 0.9748802746905214)",1,97.30082480121293,39233
"(0.7186738340996477, 0.9793909533590868)",1,97.3007673103851,39234
"(0.6020287404902789, 0.9870601047071634)",1,97.30073409766322,39235
"(0.5696789203510515, 0.9862497206293536)",3,97.30055766622766,39238
"(0.9223799456357596, 0.9764666952752286)",1,97.30053514332002,39239
"(0.5478924718653392, 1.0)",1,97.3005206272737,39240
"(0.9535144014828052, 0.9749692931061258)",1,97.30051604074278,39241
"(0.5915486782249667, 1.0)",1,97.30042627465052,39242
"(0.8895939931776995, 0.9749910873440284)",1,97.30024929175006,39243
"(0.8891350546176764, 0.9749910873440284)",1,97.30020464059945,39244
"(0.9348222545262322, 0.9751409401578528)",1,97.30017671697333,39245
"(0.8685314685314685, 0.9764666952752286)",1,97.30010118855348,39246
"(0.4633850039213374, 0.9793883978257292)",1,97.30003723781958,39247
"(0.8160331384015596, 0.9824126287942077)",1,97.30001220363329,39248
"(0.8895939931776995, 0.9749910873440284)",1,97.2999820973043,39249
"(0.8751897860593512, 0.9861673414304992)",1,97.29986492420744,39250
"(0.9154520780570968, 0.9748802746905214)",1,97.29986063162268,39251
"(0.852, 0.9749910873440284)",1,97.29985858523438,39252
"(0.4879844209168711, 0.9854714919755916)",2,97.29985719263054,39254
"(0.2104254576695934, 1.0)",1,97.29981075490583,39255
"(0.492807005588115, 0.9987500214884376)",1,97.29973665184782,39256
"(0.595675585284281, 0.9912501504190636)",1,97.29968324358984,39257
"(0.6260123507862112, 0.9764666952752286)",1,97.2996579054718,39258
"(0.9253777472527472, 0.9749656593406592)",1,97.29961991910596,39259
"(0.9958292603453894, 1.0)",1,97.2995973657856,39260
"(0.7439393939393939, 0.9977249824697576)",1,97.29958151264488,39261
"(0.9012059369202228, 0.9749910873440284)",1,97.2995190147644,39262
"(0.6851668669379734, 0.9764666952752286)",1,97.29951296677376,39263
"(0.8947046219773493, 0.9766918866148322)",1,97.29950449528089,39264
"(0.8272165916646247, 0.9770268172641052)",1,97.2994725505806,39265
"(0.8884797556713653, 0.9748524098350704)",1,97.29925543929576,39266
"(0.9098759089802734, 0.9748524098350704)",1,97.2991570114532,39267
"(0.7999088007295942, 0.9766918866148322)",1,97.29909987772194,39268
"(0.9230627959463646, 0.97502985598876)",1,97.2990399159954,39269
"(0.5459165183258022, 1.0)",1,97.29892957449366,39270
"(0.7999088007295942, 0.9766918866148322)",1,97.29884677403396,39271
"(0.8916138279602192, 0.97502985598876)",1,97.2987709234158,39272
"(0.9253777472527472, 0.9749656593406592)",1,97.29872957479988,39273
"(0.901608756801166, 0.9777027027027028)",3,97.2985102685209,39276
"(0.9571428571428572, 0.97502985598876)",3,97.298408198319,39279
"(0.9388917411828462, 0.9786694888904832)",2,97.2983889740768,39281
"(0.7907680396814234, 0.9773648571145208)",1,97.29830475297643,39282
"(0.9240041208791208, 0.9749910873440284)",2,97.29822860720236,39284
"(0.8374874819183264, 0.9764666952752286)",1,97.29810709707807,39285
"(0.6361158710730316, 0.9764666952752286)",1,97.29794759833143,39286
"(0.8996408045977011, 0.9749910873440284)",1,97.29790183430076,39287
"(0.8996408045977011, 0.9749910873440284)",1,97.29765272004484,39288
"(0.8995772689779955, 0.9749656593406592)",1,97.29762186599996,39289
"(0.798857609139127, 0.9764666952752286)",1,97.29760992052256,39290
"(0.9628689175769612, 0.9749910873440284)",1,97.2973731032332,39291
"(0.7042648709315374, 1.0)",1,97.29734234492877,39292
"(0.6211534794826514, 0.9988619159967322)",1,97.2973337877548,39293
"(0.7725182451236846, 0.9764666952752286)",1,97.29731755538896,39294
"(0.9326599326599326, 0.9833229101521784)",1,97.29724347178032,39295
"(0.4499384836938269, 0.9950002500250024)",1,97.2971648231322,39296
"(0.517228150797548, 0.9992431829362568)",1,97.29711627749192,39297
"(0.888622291021672, 0.9749656593406592)",1,97.29710799804194,39298
"(0.7084717607973421, 0.9764666952752286)",2,97.29709154429936,39300
"(0.7833537331701346, 0.9764666952752286)",2,97.29707938744016,39302
"(0.9373666512059368, 0.9749910873440284)",1,97.29705503043806,39303
"(0.7836974395113928, 0.988167361639188)",1,97.29702915533689,39304
"(0.9224996008939976, 0.9749910873440284)",1,97.29702685301196,39305
"(0.9240041208791208, 0.9749910873440284)",1,97.29702007772931,39306
"(0.8884797556713653, 0.9748802746905214)",1,97.29701175776636,39307
"(0.8456659619450317, 0.9764666952752286)",1,97.29700210637186,39308
"(0.900838851006521, 0.9748802746905214)",1,97.29699111730066,39309
"(0.5012820344246796, 0.9875003906860448)",1,97.29698392739752,39310
"(0.3302862574369368, 0.9958099132756668)",1,97.29697590300758,39311
"(0.9036271334014516, 0.9790536524153534)",1,97.2969683409384,39312
"(0.8411857639615443, 0.9790538627996256)",1,97.2969608435373,39313
"(0.5332214830187948, 0.9862497206293536)",3,97.296948380848,39316
"(0.5477955228250537, 1.0)",1,97.2969085001232,39317
"(0.5142655348168222, 0.9996210215628012)",1,97.29686526649311,39318
"(0.9224996008939976, 0.9749910873440284)",1,97.2968649320032,39319
"(0.9162596992611264, 0.972281746031746)",1,97.29672506368216,39320
"(0.8456659619450317, 0.9764666952752286)",1,97.29670078377454,39321
"(0.493185354223825, 1.0)",1,97.29664241106448,39322
"(0.6008953168044077, 0.9988619159967322)",1,97.2966245750758,39323
"(0.9505232430050672, 0.9786694888904832)",1,97.29653395013445,39324
"(0.4935897435897436, 0.9870601047071634)",2,97.29648433986333,39326
"(0.5824792033805166, 0.9799949968730456)",1,97.29644475290198,39327
"(0.8967778972053937, 0.9764666952752286)",1,97.29643611440956,39328
"(0.537168438406003, 0.99374991209825)",1,97.29643472801972,39329
"(0.9628689175769612, 0.9749910873440284)",1,97.29624364962942,39330
"(0.8656512412692597, 0.9767441860465116)",1,97.29616065350076,39331
"(0.502001702724359, 0.9975000781372088)",1,97.29601350616254,39332
"(0.9438271604938272, 0.9861673414304992)",1,97.29578044920204,39333
"(0.9958292603453894, 0.9958292603453894)",1,97.29573435398996,39334
"(0.5685989470330658, 0.9973524618256112)",1,97.29572366035303,39335
"(0.8937718863178524, 0.979166518665308)",1,97.29570757567213,39336
"(0.9373666512059368, 0.9749910873440284)",1,97.29558607675806,39337
"(0.7943622269203664, 0.9764666952752286)",1,97.29555962123398,39338
"(0.8871082621082622, 0.972281746031746)",2,97.29544562491476,39340
"(0.6543756204625482, 0.9987499746026686)",1,97.29541772706168,39341
"(0.9373666512059368, 0.9749910873440284)",1,97.29529541773302,39342
"(0.8610715260301386, 0.9764666952752286)",2,97.29520700031284,39344
"(0.6326954876802936, 0.9861673414304992)",1,97.29513530809844,39345
"(0.950392857142857, 0.9749656593406592)",1,97.29506261955883,39346
"(0.5643457045368262, 0.9981012669018314)",1,97.29502683261052,39347
"(0.8755737752517938, 0.9748524098350704)",1,97.29499481868451,39348
"(0.8455917807202996, 0.9764666952752286)",1,97.29488924379912,39349
"(0.6006380389026112, 0.99249924969988)",1,97.29484978331637,39350
"(0.3317695658368551, 0.9992416608232524)",3,97.29475476772126,39353
"(0.979273283115788, 0.9958292603453894)",1,97.29474947745386,39354
"(0.9224996008939976, 0.9749910873440284)",1,97.29473344728044,39355
"(0.5302041096685234, 0.9984817852901372)",1,97.29471819164344,39356
"(0.514585158944719, 0.9907952975670266)",1,97.2945839744138,39357
"(0.960851077856154, 0.9749692931061258)",3,97.29447857827827,39360
"(0.4994316028798788, 0.9870601047071634)",1,97.29444191543386,39361
"(0.7833537331701346, 0.9764666952752286)",1,97.29443763948863,39362
"(0.5320180604331844, 1.0)",1,97.29442508091076,39363
"(0.7304742252709461, 0.9764666952752286)",1,97.2943931733649,39364
"(0.9234894220441888, 0.9748802746905214)",1,97.29437450386328,39365
"(0.911234030893585, 0.97502985598876)",1,97.29431539043397,39366
"(0.8395301149279116, 0.9764666952752286)",1,97.29418790046466,39367
"(0.8843764852418178, 0.9764666952752286)",1,97.29413758087682,39368
"(0.831031066037186, 0.9766918866148322)",1,97.29411499846086,39369
"(0.9122507070492478, 0.9749656593406592)",1,97.29391959035058,39370
"(0.8044914258149553, 0.9861310021084456)",1,97.29381097057264,39371
"(0.8995772689779955, 0.9749656593406592)",1,97.2937749142737,39372
"(0.9707095350359108, 0.9958292603453894)",1,97.2937534181709,39373
"(0.8579868984630887, 0.9861673414304992)",2,97.29367797970198,39375
"(0.8975764647467728, 0.9749656593406592)",1,97.2935796146741,39376
"(0.8736212624584717, 0.9764666952752286)",1,97.29348900418312,39377
"(0.4925733396357239, 0.9962501582231502)",1,97.29346448088124,39378
"(0.8879331046312178, 0.9749656593406592)",1,97.29345764722495,39379
"(0.5169470317739897, 0.9992416608232524)",1,97.29344741015674,39380
"(0.9699183291713004, 0.9958292603453894)",2,97.2933286444255,39382
"(0.888945374800638, 0.9749656593406592)",1,97.2932871130432,39383
"(0.9645938855657314, 0.9786694888904832)",1,97.29321442634834,39384
"(0.8374874819183264, 0.9764666952752286)",1,97.29320882474356,39385
"(0.9603476243044132, 0.9749692931061258)",1,97.29314394862124,39386
"(0.5056778729738882, 0.9962497362353954)",1,97.2931182392362,39387
"(0.756001848808409, 0.9773648571145208)",1,97.29304867290814,39388
"(0.9832965806068272, 0.9958292603453894)",1,97.29304178413273,39389
"(0.9012059369202228, 0.9749910873440284)",1,97.29301883779934,39390
"(0.3187076329609559, 1.0)",3,97.29280493115029,39393
"(0.7923306301473605, 0.9764666952752286)",1,97.2927153002527,39394
"(0.4673343159733596, 0.9962497362353954)",1,97.29264309586668,39395
"(0.4330451959188837, 0.9912488373656227)",1,97.29263294633654,39396
"(0.9111482937118004, 0.978040051793672)",1,97.29238600549776,39397
"(0.9669558693467613, 0.9958292603453894)",1,97.2923791128472,39398
"(0.7725182451236846, 0.9764666952752286)",1,97.29230445579532,39399
"(0.8013184398461819, 0.9764666952752286)",2,97.29229801206618,39401
"(0.9790972342015986, 0.9958292603453894)",1,97.29227317507149,39402
"(0.5118812113070996, 0.9987499746026686)",1,97.29214974080064,39403
"(0.7250237826596757, 0.9872890642121412)",1,97.29208920803416,39404
"(0.960666032023912, 0.97502985598876)",1,97.29204995742154,39405
"(0.9017715617715616, 0.9861673414304992)",3,97.29203497072125,39408
"(0.6211534794826514, 1.0)",1,97.29202479944443,39409
"(0.7368760064412239, 0.9861673414304992)",1,97.29192375463964,39410
"(0.901028965681318, 0.9764666952752286)",1,97.29190833923644,39411
"(0.5212761826633853, 0.9899995623659744)",1,97.29171983657284,39412
"(0.4937555371180266, 0.9975)",1,97.2916772777671,39413
"(0.7723766429648783, 0.9872890642121412)",1,97.2915955578809,39414
"(0.8513842746400886, 0.9767441860465116)",1,97.29157710969494,39415
"(0.4996495707241371, 0.9937501074421884)",1,97.29137876677352,39416
"(0.6759495516512356, 0.9764666952752286)",1,97.29137642272752,39417
"(0.8701068324360797, 0.9773648571145208)",1,97.29135668067684,39418
"(0.9398731501057084, 0.9766918866148322)",1,97.2913232967212,39419
"(0.6982501766359495, 0.9767441860465116)",1,97.29129665235108,39420
"(0.4925285484808521, 0.9937501074421884)",1,97.2912863575055,39421
"(0.433281060850566, 0.9981012669018314)",1,97.29128431266967,39422
"(0.5028268474667493, 0.9862507520107008)",2,97.29123230914117,39424
"(0.8955173107890498, 0.9749910873440284)",1,97.2911069095638,39425
"(0.8467135862913097, 0.9749656593406592)",1,97.29106174718612,39426
"(0.7602536997885835, 0.9764666952752286)",1,97.29101578811944,39427
"(0.943552974917135, 0.97502985598876)",1,97.29081266312215,39428
"(0.8843764852418178, 0.9764666952752286)",1,97.29075174258216,39429
"(0.8902783631946863, 0.9861673414304992)",1,97.29069550824808,39430
"(0.7304742252709461, 0.9764666952752286)",2,97.29044351721602,39432
"(0.9497171590194846, 0.9833229101521784)",1,97.29042951150863,39433
"(0.979051756240299, 0.9958292603453894)",1,97.29042374566929,39434
"(0.3918495706148258, 0.9946588541666668)",3,97.29040848692458,39437
"(0.5166535087719297, 0.99)",1,97.29030554033302,39438
"(0.7578328648096089, 0.9764666952752286)",1,97.29018264214396,39439
"(0.9645938855657314, 0.9751409401578528)",3,97.29013059717585,39442
"(0.7778393157470125, 0.9767441860465116)",1,97.29007229041318,39443
"(0.5739636219249954, 0.9763466530709386)",1,97.2900460219774,39444
"(0.6085242154650133, 0.9925)",1,97.28999511623796,39445
"(0.7521214129188376, 0.9981107804746002)",1,97.28976596079184,39446
"(0.8843764852418178, 0.9764666952752286)",2,97.2897629430683,39448
"(0.4609816352782865, 0.9996210215628012)",1,97.28975521380444,39449
"(0.7833537331701346, 0.9764666952752286)",1,97.2896547033114,39450
"(0.9102539775554236, 0.9748802746905214)",2,97.289596377523,39452
"(0.8547756205106323, 0.9882048106149588)",1,97.28957934109832,39453
"(0.8066487122350412, 0.9767441860465116)",1,97.289571759867,39454
"(0.5159978271811663, 1.0)",1,97.28948304211336,39455
"(0.7956835535720512, 0.9767441860465116)",1,97.28918133538312,39456
"(0.2204230963407635, 1.0)",1,97.28912009590366,39457
"(0.7615072500907597, 0.9764666952752286)",4,97.28907637081562,39461
"(0.8499431760854415, 0.9777021326309656)",1,97.28905030981362,39462
"(0.3991357684021978, 0.9977203590215908)",1,97.28898030654678,39463
"(0.8456659619450317, 0.9764666952752286)",1,97.2888052852104,39464
"(0.6759495516512356, 0.9764666952752286)",1,97.28875169190484,39465
"(0.9640038239043044, 0.97502985598876)",3,97.28857525392036,39468
"(0.8701068324360797, 0.9773647744439382)",1,97.28856879771172,39469
"(0.6851668669379734, 0.9764666952752286)",1,97.28854204042035,39470
"(0.8586125966511082, 0.9773648571145208)",2,97.28848145676164,39472
"(0.8499431760854415, 0.9770268172641052)",1,97.2883754083764,39473
"(0.7725182451236846, 0.9764666952752286)",1,97.2882912322435,39474
"(0.7186738340996477, 0.9787159757209076)",1,97.28824756420546,39475
"(0.9640038239043044, 0.97502985598876)",3,97.28809901281438,39478
"(0.7665484369555701, 0.9764666952752286)",1,97.28806813559598,39479
"(0.7304742252709461, 0.9764666952752286)",2,97.2879938789944,39481
"(0.8660545355265853, 0.9749910873440284)",4,97.28799243333076,39485
"(0.8768488063660478, 0.9749656593406592)",1,97.28777907205529,39486
"(0.8087623896023756, 0.9764666952752286)",1,97.28771869619332,39487
"(0.5840612548892117, 0.977023753752602)",1,97.28771119505303,39488
"(0.6326954876802936, 0.9861673414304992)",2,97.2876874661262,39490
"(0.7664480222619757, 0.9764666952752286)",1,97.28766922861791,39491
"(0.7030725566042162, 0.9764666952752286)",1,97.28759797120584,39492
"(0.7134615384615385, 0.9870601047071634)",1,97.28759031879032,39493
"(0.9187883397948668, 0.9751409401578528)",1,97.28756469475452,39494
"(0.5250909268039229, 0.9988642062668746)",1,97.28748226006569,39495
"(0.8318916467605246, 0.9783779637835908)",3,97.28744793697297,39498
"(0.5340832420591457, 0.986245936653225)",3,97.28739898994696,39501
"(0.9609357631051972, 0.9751409401578528)",3,97.28734210914187,39504
"(0.8417410714285716, 0.9749656593406592)",1,97.28723528371358,39505
"(0.8895939931776995, 0.9749910873440284)",1,97.28722810601258,39506
"(0.6247430365077425, 0.9870601047071634)",1,97.28720752395446,39507
"(0.3942553050785419, 0.9984817852901372)",1,97.2871805627112,39508
"(0.895578231292517, 0.97502985598876)",1,97.28712250965624,39509
"(0.5986257833623191, 0.9887485051843724)",1,97.28708818189138,39510
"(0.6191106030653526, 0.9862477433472704)",1,97.28698937805066,39511
"(0.9699183291713004, 0.9958292603453894)",1,97.28692084050992,39512
"(0.5949150182078973, 0.992345717416214)",3,97.28682934650116,39515
"(0.4946461141636722, 0.9900003125488358)",1,97.28682682746673,39516
"(0.4130211680123674, 1.0)",1,97.28670463437182,39517
"(0.6544644252235129, 1.0)",1,97.28664202965054,39518
"(0.6260123507862112, 0.9764666952752286)",1,97.2865809036138,39519
"(0.9374843410636878, 0.9832925076188832)",1,97.28654974815164,39520
"(0.9012059369202228, 0.9749910873440284)",1,97.2865485067294,39521
"(0.8888709036742801, 0.9749910873440284)",1,97.2865397162249,39522
"(0.9188863189008992, 0.9764666952752286)",1,97.28651914811071,39523
"(0.7186738340996477, 0.9777026823435832)",1,97.28651862261228,39524
"(0.7942038054814895, 0.9861673414304992)",1,97.28642384497138,39525
"(0.9373666512059368, 0.9749910873440284)",1,97.28636447422237,39526
"(0.7481666755361609, 0.9764666952752286)",1,97.28633623725771,39527
"(0.331262443438914, 0.9992416608232524)",3,97.28619717946316,39530
"(0.9300655321826798, 0.9783779637835908)",3,97.28612508434412,39533
"(0.8996408045977011, 0.9749910873440284)",1,97.28605791293852,39534
"(0.3930894945067609, 0.9987499746026686)",2,97.28597899541376,39536
"(0.5082177015724898, 0.9987500214884376)",1,97.28592612374707,39537
"(0.9748850895736324, 0.9958292603453894)",1,97.28591774065384,39538
"(0.932201731346617, 0.9764666952752286)",1,97.28590891686666,39539
"(0.9154520780570968, 0.9748802746905214)",1,97.28582078849308,39540
"(0.1833909490886235, 0.9996210215628012)",1,97.28578841649858,39541
"(0.7498057498057498, 0.9870601047071634)",1,97.28574061523528,39542
"(0.9012059369202228, 0.9749910873440284)",1,97.28569992967924,39543
"(0.9253213924599162, 0.9764666952752286)",1,97.28555335129636,39544
"(0.4924642862429867, 0.9887485051843724)",1,97.28552789330983,39545
"(0.7039428320692033, 0.9764666952752286)",1,97.28533130500789,39546
"(0.9240041208791208, 0.9749910873440284)",1,97.28528050609836,39547
"(0.9833251873574456, 0.9958292603453894)",2,97.28521219845526,39549
"(0.789994229453279, 0.9861673414304992)",1,97.28520817571132,39550
"(0.9012059369202228, 0.9749910873440284)",2,97.28508027285464,39552
"(0.9373666512059368, 0.9749910873440284)",1,97.28503926382292,39553
"(0.888425800230205, 0.9790540349287944)",1,97.28496408737244,39554
"(0.9539751547184644, 0.9748802746905214)",2,97.28493094473706,39556
"(0.4205819197458105, 0.9912488373656227)",2,97.28487304763958,39558
"(0.8996408045977011, 0.9749910873440284)",1,97.28487079064271,39559
"(0.7668537890977591, 0.9773646091000128)",1,97.28486144694465,39560
"(0.8451096027595416, 0.9767441860465116)",1,97.284702052905,39561
"(0.9122507070492478, 0.9749656593406592)",1,97.28466529207866,39562
"(0.8701068324360797, 0.9780405029455544)",1,97.28455200623031,39563
"(0.4826454099840705, 0.9912488373656227)",1,97.2845386993886,39564
"(0.8685314685314685, 0.9764666952752286)",1,97.28452707636944,39565
"(0.7304742252709461, 0.9764666952752286)",1,97.28444117531691,39566
"(0.9379369827374928, 0.97502985598876)",2,97.28443853510522,39568
"(0.9224996008939976, 0.9749910873440284)",1,97.2844141667711,39569
"(0.9834113430318364, 0.9958292603453894)",1,97.28439266494516,39570
"(0.9012059369202228, 0.9749910873440284)",2,97.2843030219886,39572
"(0.7885047499939597, 0.9764666952752286)",1,97.2841343863109,39573
"(0.4925733396357239, 0.9975000781372088)",1,97.28407795943642,39574
"(0.9253777472527472, 0.9749656593406592)",1,97.28405580620354,39575
"(0.5004274455385378, 0.9962501582231502)",1,97.28400547332257,39576
"(0.8456659619450317, 0.9764666952752286)",1,97.28391981300368,39577
"(0.756001848808409, 0.9777026416252612)",2,97.28391677713672,39579
"(0.4369316957552253, 0.9870601047071634)",1,97.28385312376504,39580
"(0.5521709560790242, 1.0)",1,97.28384981651672,39581
"(0.9030683555945836, 0.9787161797779323)",1,97.28384193725746,39582
"(0.7907680396814234, 0.9773648571145208)",2,97.2837852720106,39584
"(0.8340799485585682, 0.9764666952752286)",2,97.28377165704327,39586
"(0.9505232430050672, 0.9751409401578528)",1,97.28365342316305,39587
"(0.7907680396814234, 0.9773648571145208)",3,97.28359918199293,39590
"(0.4787519493971895, 0.9887485051843724)",1,97.28358639106708,39591
"(0.9309563801089225, 0.972281746031746)",2,97.28350790619416,39593
"(0.7615072500907597, 0.9764666952752286)",1,97.28350533452765,39594
"(0.9641028246291404, 0.97502985598876)",3,97.28350239573469,39597
"(0.8916138279602192, 0.97502985598876)",3,97.28346238709015,39600
"(0.8442988787957741, 0.9756744540615908)",1,97.28341815724404,39601
"(0.8340166019865393, 0.9749910873440284)",1,97.28332918032297,39602
"(0.925438675470188, 0.9749656593406592)",1,97.28326712797728,39603
"(0.901608756801166, 0.9773648571145208)",3,97.28319553112952,39606
"(0.5103469782909699, 0.9912488373656227)",1,97.28316064337892,39607
"(0.8770575330421131, 0.9753378293934332)",1,97.28312171329618,39608
"(0.8835857110930401, 0.9764666952752286)",1,97.2831167168824,39609
"(0.9712822597033124, 0.97502985598876)",1,97.28307289278554,39610
"(0.6800964201047871, 0.9962497362353954)",1,97.28294887953592,39611
"(0.9269284534248317, 0.9764666952752286)",1,97.28290442158504,39612
"(0.4869710843825643, 0.9937500683646092)",1,97.2827945760227,39613
"(0.6088842547573518, 1.0)",1,97.28274674834176,39614
"(0.8902783631946863, 0.9861673414304992)",1,97.28270816963864,39615
"(0.7368760064412239, 0.9861673414304992)",1,97.2826708099341,39616
"(0.5145298790921191, 1.0)",3,97.28264207475917,39619
"(0.8631918334993627, 0.9833229101521784)",1,97.28262353487403,39620
"(0.9628689175769612, 0.9749910873440284)",1,97.28254806256972,39621
"(0.8859424165932371, 0.9748802746905214)",1,97.28245765355724,39622
"(0.8701068324360797, 0.9790537671709704)",2,97.28239517515082,39624
"(0.9832965806068272, 1.0)",2,97.28238228905072,39626
"(0.900838851006521, 0.9748802746905214)",1,97.28238004840978,39627
"(0.8685314685314685, 0.9764666952752286)",1,97.28225243420138,39628
"(0.888622291021672, 0.9749656593406592)",1,97.28218882666576,39629
"(0.925438675470188, 0.9749656593406592)",2,97.28218501756145,39631
"(0.5478924718653392, 1.0)",1,97.28216340675148,39632
"(0.8137861130877186, 0.9764666952752286)",2,97.28214648754238,39634
"(0.4137299999469419, 0.9790506964596818)",1,97.28210323853558,39635
"(0.8340799485585682, 0.9764666952752286)",1,97.2819439856624,39636
"(0.9628689175769612, 0.9749910873440284)",1,97.28180627662138,39637
"(0.8098502304147466, 0.9749910873440284)",1,97.28179614485082,39638
"(0.8736212624584717, 0.9764666952752286)",1,97.28178833781917,39639
"(0.8016677935542034, 0.9833229101521784)",1,97.2817025841826,39640
"(0.9122507070492478, 0.9749656593406592)",1,97.28160634362496,39641
"(0.4553345256344744, 0.9987499746026686)",1,97.28159415543831,39642
"(0.9707136080238548, 0.9958292603453894)",1,97.28157331725586,39643
"(0.5087400188487272, 0.991248180614378)",1,97.28153360939042,39644
"(0.5012820344246796, 0.9900003125488358)",2,97.28153044846944,39646
"(0.8975764647467728, 0.9749656593406592)",1,97.28150068514138,39647
"(0.4890731859530187, 0.9912503691873502)",1,97.28143572641586,39648
"(0.8845244231527244, 0.9764666952752286)",1,97.28134408444346,39649
"(0.4826454099840705, 0.9899983116452704)",1,97.2813391646662,39650
"(0.9234894220441888, 0.9748802746905214)",1,97.28132463696592,39651
"(0.9603476243044132, 0.97502985598876)",1,97.28130486799736,39652
"(0.5132074724703812, 0.9899992498312122)",1,97.28130024212147,39653
"(0.6460231360441068, 0.9973390598305516)",1,97.28127222081096,39654
"(0.5169664781532898, 0.98999899959984)",1,97.28123781587236,39655
"(0.6008953168044077, 1.0)",3,97.28113479378356,39658
"(0.8374874819183264, 0.9764666952752286)",1,97.2811334671864,39659
"(0.5028268474667493, 0.9900003125488358)",1,97.28107185643078,39660
"(0.9427148033126296, 0.9751409401578528)",1,97.28095626667115,39661
"(0.418728666447884, 0.99499949979992)",1,97.28095262404996,39662
"(0.8456659619450317, 0.9764666952752286)",2,97.28092627269594,39664
"(0.59638347550428, 0.9988630646884038)",1,97.28085260526233,39665
"(0.7578328648096089, 0.9764666952752286)",1,97.2807718618418,39666
"(0.7472307467415887, 0.9767441860465116)",1,97.28075352268054,39667
"(0.9792766373411534, 0.9958292603453894)",1,97.2806974386016,39668
"(0.7756320245634175, 0.9777025805471502)",1,97.28062948757996,39669
"(0.8955173107890498, 0.9749910873440284)",2,97.28059312146388,39671
"(0.972420634920635, 0.9861673414304992)",1,97.28056550137131,39672
"(0.9622634791942192, 0.9958292603453894)",1,97.2805544292204,39673
"(0.8975764647467728, 0.9749656593406592)",2,97.2805522425516,39675
"(0.4949779061119132, 0.9912501504190636)",1,97.28050711437427,39676
"(0.4965663004560743, 0.9887504746694504)",2,97.28049926083732,39678
"(0.7664480222619757, 0.9764666952752286)",1,97.28049413336548,39679
"(0.9460547122074636, 0.9748802746905214)",1,97.28045455614826,39680
"(0.7578328648096089, 0.9764666952752286)",1,97.28042890102128,39681
"(0.8955173107890498, 0.9749910873440284)",2,97.28039314416752,39683
"(0.8817334547662418, 0.9749910873440284)",1,97.28032879904475,39684
"(0.9958292603453894, 0.9958292603453894)",1,97.28024254610636,39685
"(0.8218185392856778, 0.9861673414304992)",1,97.28023118606887,39686
"(0.7394745529782975, 0.9780401821284612)",1,97.2801879803633,39687
"(0.8110682791635173, 0.9861673414304992)",1,97.28017903910424,39688
"(0.5342296694992609, 0.9862497206293536)",3,97.28015805484708,39691
"(0.7665484369555701, 0.9764666952752286)",1,97.28011012217334,39692
"(0.8750583443290422, 0.9753372889375088)",1,97.2800619697373,39693
"(0.812418383596075, 0.9767441860465116)",1,97.28005921983906,39694
"(0.7871822062702233, 0.9872890642121412)",1,97.28004203352091,39695
"(0.492807005588115, 0.9950001562744178)",1,97.28001067346965,39696
"(0.8843764852418178, 0.9764666952752286)",2,97.27992227436155,39698
"(0.872151605428666, 0.9749656593406592)",1,97.27990270201148,39699
"(0.9874877810361682, 0.9958292603453894)",1,97.2798664707368,39700
"(0.9574285714285714, 0.9786694888904832)",1,97.2797621718587,39701
"(0.958095238095238, 0.9958292603453894)",1,97.27974561222702,39702
"(0.6759495516512356, 0.9764666952752286)",1,97.27966720534812,39703
"(0.7664480222619757, 0.9764666952752286)",1,97.27966337520492,39704
"(0.4338421858976735, 0.9912488373656227)",1,97.27957124405964,39705
"(0.8589064384650125, 0.9748524098350704)",1,97.27956272090248,39706
"(0.484731353858467, 0.9975000781372088)",1,97.2794414300382,39707
"(0.7283553674089667, 0.976688510722604)",1,97.2793401648109,39708
"(0.8558852999963277, 0.9764666952752286)",1,97.27929813234807,39709
"(0.5129137710809465, 1.0)",1,97.2791984834459,39710
"(0.7368760064412239, 0.9861673414304992)",1,97.2791675998202,39711
"(0.4933386447129642, 0.9975000781372088)",1,97.27913054903438,39712
"(0.6560520437793165, 0.9965857479901964)",1,97.27910589689932,39713
"(0.8750583443290422, 0.9749997717285854)",2,97.27909999960144,39715
"(0.9756244289830628, 0.9958292603453894)",1,97.27884657864932,39716
"(0.7617216117216117, 0.9870601047071634)",1,97.27881417546692,39717
"(0.7678405315614618, 0.9764666952752286)",1,97.278806107229,39718
"(0.8660545355265853, 0.9749910873440284)",1,97.27878678406374,39719
"(0.7498057498057498, 0.9870601047071634)",1,97.2787824555991,39720
"(0.5235735740769297, 0.9988653407824049)",1,97.2786697095675,39721
"(0.8090204369274137, 0.9764666952752286)",1,97.27846960179193,39722
"(0.3686966747214257, 0.9783760086951576)",1,97.2783870703363,39723
"(0.9504245882013664, 0.9916585206907788)",1,97.27832862642197,39724
"(0.7218114213846213, 1.0)",1,97.27826266926388,39725
"(0.4776542240827955, 1.0)",1,97.27818496410984,39726
"(0.763830245642582, 0.9777026823435832)",1,97.27814377281676,39727
"(0.5978053951367237, 0.9981012669018314)",1,97.27813242872716,39728
"(0.6759495516512356, 0.9764666952752286)",1,97.27807439098594,39729
"(0.4806879036961406, 0.9912488373656227)",1,97.27803740272144,39730
"(0.8411857639615443, 0.9773648571145208)",3,97.27796272508856,39733
"(0.6226174561728305, 0.995)",1,97.27793768418182,39734
"(0.8899966931216932, 0.9861310021084456)",1,97.27791711595349,39735
"(0.8726893261776982, 0.9766918866148322)",1,97.2778995926436,39736
"(0.563035225158132, 1.0)",3,97.27788703172354,39739
"(0.57448235722491, 0.986245936653225)",3,97.27783067378049,39742
"(0.7678405315614618, 0.9764666952752286)",1,97.27771840385164,39743
"(0.5915486782249667, 0.9992416608232524)",1,97.27769443307776,39744
"(0.6675629468295134, 0.9992431829362568)",1,97.27760292662572,39745
"(0.846224760385985, 0.9770267123810644)",2,97.2775539968369,39747
"(0.8152898027898028, 0.9861673414304992)",1,97.27750097947634,39748
"(0.8207953412961668, 0.9760135053004548)",2,97.2773995567311,39750
"(0.7923306301473605, 0.9764666952752286)",1,97.27739217784602,39751
"(0.8975764647467728, 0.9749656593406592)",1,97.2772402706195,39752
"(0.8843764852418178, 0.9764666952752286)",2,97.2771314187954,39754
"(0.7304742252709461, 0.9764666952752286)",4,97.27705462159334,39758
"(0.5853182863855046, 0.9766886703689064)",2,97.27702995411946,39760
"(0.8805377184744008, 0.9832184229069656)",1,97.27699508161749,39761
"(0.987491854024112, 0.9958292603453894)",1,97.27698870522208,39762
"(0.5388719656191158, 0.9988653407824049)",1,97.2769787833568,39763
"(0.9019292060258446, 0.9861673414304992)",1,97.27695261489124,39764
"(0.8895939931776995, 0.9749910873440284)",1,97.27690711215556,39765
"(0.8024695068301698, 0.9777026416252612)",2,97.2768675556442,39767
"(0.7923306301473605, 0.9764666952752286)",1,97.2768423118644,39768
"(0.9609357631051972, 0.9786694888904832)",1,97.27679283350088,39769
"(0.6910881126324849, 0.9764666952752286)",1,97.27678526527312,39770
"(0.905473433544398, 0.9748802746905214)",1,97.27674343202584,39771
"(0.4921512824029625, 0.9912488373656227)",1,97.27669924820334,39772
"(0.7304742252709461, 0.9764666952752286)",1,97.27666595454131,39773
"(0.7665484369555701, 0.9764666952752286)",1,97.276542008551,39774
"(0.7885047499939597, 0.9764666952752286)",1,97.2764068838468,39775
"(0.7084717607973421, 0.9764666952752286)",1,97.27613479305438,39776
"(0.907220808200551, 0.9764666952752286)",1,97.2761066465646,39777
"(0.9153439153439156, 0.9833229101521784)",2,97.27608096643743,39779
"(0.8389313963994772, 0.9790540349287944)",3,97.27607054503872,39782
"(0.7304742252709461, 0.9764666952752286)",1,97.2760436663752,39783
"(0.9643944553313464, 0.9764666952752286)",1,97.2760421696822,39784
"(0.9916339869281046, 0.9958292603453894)",1,97.27576882654668,39785
"(0.934065934065934, 0.9833229101521784)",1,97.27569687189028,39786
"(0.7833537331701346, 0.9764666952752286)",1,97.27568658254177,39787
"(0.6910881126324849, 0.9764666952752286)",1,97.2754297960648,39788
"(0.9012059369202228, 0.9749910873440284)",1,97.27541798420395,39789
"(0.9536653605723816, 0.9958292603453894)",2,97.27535882352782,39791
"(0.4195358585602487, 0.9870601047071634)",1,97.2753529430446,39792
"(0.7833537331701346, 0.9764666952752286)",2,97.27521697393875,39794
"(0.8087623896023756, 0.9764666952752286)",1,97.27520229302618,39795
"(0.4924143545574438, 0.9900003125488358)",1,97.27518418913878,39796
"(0.852, 0.9749910873440284)",1,97.275178174368,39797
"(0.7994682965613199, 0.9764666952752286)",1,97.27510475568523,39798
"(0.852, 0.9749910873440284)",2,97.27503957230132,39800
"(0.6817988023198066, 1.0)",1,97.27501025904915,39801
"(0.8884797556713653, 0.9748802746905214)",1,97.2749800684079,39802
"(0.8374874819183264, 0.9764666952752286)",1,97.27476159540213,39803
"(0.7124941087515932, 0.9793909533590868)",1,97.274761141756,39804
"(0.5478924718653392, 1.0)",1,97.27471945784828,39805
"(0.683178560611297, 0.9766890960691303)",1,97.27466328113243,39806
"(0.5138165509259259, 0.9988642062668746)",1,97.27460365664632,39807
"(0.7943622269203664, 0.9764666952752286)",1,97.27458116670763,39808
"(0.4955558486584263, 0.9987499746026686)",1,97.27454639951011,39809
"(0.8916138279602192, 0.97502985598876)",1,97.2745155473263,39810
"(0.8685314685314685, 0.9764666952752286)",1,97.27448715190856,39811
"(0.9643944553313464, 0.9764666952752286)",1,97.2744736875285,39812
"(0.8477957771158952, 0.9729728989395412)",1,97.2744634977136,39813
"(0.8996408045977011, 0.9749910873440284)",1,97.27445351718234,39814
"(0.6238255567452281, 0.9870601047071634)",2,97.2743850818702,39816
"(0.7923306301473605, 0.9764666952752286)",1,97.27432347005626,39817
"(0.9452474337657768, 0.9748802746905214)",1,97.27416183104204,39818
"(0.8895939931776995, 0.9749910873440284)",1,97.2741191704883,39819
"(0.7725182451236846, 0.9764666952752286)",1,97.27391030943058,39820
"(0.7756320245634175, 0.9770268172641052)",1,97.2738382746058,39821
"(0.8888709036742801, 0.9749910873440284)",1,97.2738084916596,39822
"(0.7453091184935634, 0.991206314397104)",1,97.2737051727256,39823
"(0.943552974917135, 0.9749692931061258)",3,97.27368812869204,39826
"(0.8996408045977011, 0.9749910873440284)",1,97.27346237759596,39827
"(0.9539751547184644, 0.9748802746905214)",1,97.27340668894108,39828
"(0.9746535316523212, 0.9958292603453894)",1,97.27335400650108,39829
"(0.9354654378932672, 0.9726350258202836)",1,97.27326872859396,39830
"(0.7668537890977591, 0.9749999771730772)",1,97.2732579973388,39831
"(0.9452474337657768, 0.9748802746905214)",1,97.27316804857767,39832
"(0.4958617797724284, 0.9962497362353954)",1,97.2731275709575,39833
"(0.9259740526337398, 0.97502985598876)",1,97.27307620049484,39834
"(0.6675629468295134, 1.0)",3,97.27301901403476,39837
"(0.9958292603453894, 0.9958292603453894)",1,97.2730111835506,39838
"(0.8701068324360797, 0.9773648571145208)",3,97.27299975465873,39841
"(0.9502288074111276, 0.9751409401578528)",3,97.2728979923682,39844
"(0.8874679030103783, 0.9716215957100152)",1,97.27288566958612,39845
"(0.8090208511560183, 0.9790540349287944)",3,97.27272434833392,39848
"(0.5040227752743499, 0.9900003125488358)",1,97.27271747040888,39849
"(0.94484126984127, 0.9861673414304992)",1,97.27271555817576,39850
"(0.9012059369202228, 0.9749910873440284)",1,97.27251809062112,39851
"(0.7866279069767441, 0.9764666952752286)",1,97.2724901496948,39852
"(0.4764446924603174, 0.9987499746026686)",1,97.27238650919602,39853
"(0.7187807755293061, 0.9783779637835908)",1,97.27234071742708,39854
"(0.4847252958987063, 1.0)",1,97.27229773124644,39855
"(0.7179548459289354, 0.9790540349287944)",1,97.27229212042776,39856
"(0.9012059369202228, 0.9749910873440284)",2,97.27224297834088,39858
"(0.7833537331701346, 0.9764666952752286)",1,97.27216176742868,39859
"(0.9110813074094206, 0.9764666952752286)",1,97.27213127747684,39860
"(0.7615072500907597, 0.9764666952752286)",1,97.27208998512369,39861
"(0.5478924718653392, 0.9981051078140064)",1,97.27206397255372,39862
"(0.8685314685314685, 0.9764666952752286)",1,97.27204463118804,39863
"(0.4611605493121345, 1.0)",1,97.27195584129068,39864
"(0.436911946168762, 0.9992416608232524)",3,97.27193307709906,39867
"(0.7580266955266955, 0.9861673414304992)",1,97.27183328899008,39868
"(0.5169470317739897, 1.0)",3,97.27183276695388,39871
"(0.7833537331701346, 0.9764666952752286)",1,97.27182589354064,39872
"(0.812418383596075, 0.9767441860465116)",1,97.27178503583728,39873
"(0.843730230395311, 0.9764666952752286)",1,97.27174928339667,39874
"(0.842200034135518, 0.9749692931061258)",1,97.27168804811843,39875
"(0.4585384595277654, 0.9912488373656227)",1,97.27166575881648,39876
"(0.5118812113070996, 0.9974998905914936)",1,97.27163443266546,39877
"(0.8586125966511082, 0.9773648571145208)",3,97.27156402740265,39880
"(0.2372024545510323, 0.9931184132078772)",1,97.27156181802752,39881
"(0.8768488063660478, 0.9749656593406592)",1,97.27155439102891,39882
"(0.8379987406578985, 0.9767441860465116)",1,97.2714532386973,39883
"(0.9230627959463646, 0.97502985598876)",1,97.27134299463977,39884
"(0.9224996008939976, 0.9749910873440284)",1,97.27132931866024,39885
"(0.501667548613375, 0.9912503691873502)",1,97.27129426727755,39886
"(0.8726893261776982, 0.9764666952752286)",2,97.27126750681263,39888
"(0.9012059369202228, 0.9749910873440284)",1,97.27125351679634,39889
"(0.9154520780570968, 0.9748524098350704)",1,97.27123726654692,39890
"(0.8631546198466533, 0.9764666952752286)",1,97.27122868548298,39891
"(0.9628689175769612, 0.9749910873440284)",1,97.27116254881815,39892
"(0.3506832674571805, 0.9935109390159556)",1,97.27111645794254,39893
"(0.8996408045977011, 0.9749910873440284)",1,97.27107601345703,39894
"(0.8207953412961668, 0.9783779637835908)",1,97.27106853110293,39895
"(0.9230627959463646, 0.9749692931061258)",1,97.27106325107349,39896
"(0.9609357631051972, 0.9750870495448254)",1,97.27100518137668,39897
"(0.5469587499213985, 0.9912114827024868)",1,97.27082161941564,39898
"(0.9873444118605408, 0.9958292603453894)",1,97.27071316874564,39899
"(0.7458851447555765, 0.9764666952752286)",1,97.27066946070772,39900
"(0.3729832026666541, 0.9827694264931702)",1,97.27064644036514,39901
"(0.8995772689779955, 0.9749656593406592)",1,97.27063465240768,39902
"(0.5916005291005291, 1.0)",1,97.27063179080372,39903
"(0.5015191675794085, 0.9862497206293536)",3,97.27061561962437,39906
"(0.4897415065188988, 0.9981012669018314)",1,97.27057697324236,39907
"(0.4830767364322945, 0.99249924969988)",1,97.270428843052,39908
"(0.9628689175769612, 0.9749910873440284)",1,97.2703619917149,39909
"(0.9916585206907788, 0.9958292603453894)",2,97.27036197084328,39911
"(0.7368760064412239, 0.9861673414304992)",1,97.27034265652328,39912
"(0.8653198653198653, 0.9833229101521784)",1,97.270273774584,39913
"(0.5412991362594748, 0.9824977024213666)",1,97.27023951117144,39914
"(0.4894591128631123, 0.9962501582231502)",1,97.27017568364612,39915
"(0.9373666512059368, 0.9749910873440284)",1,97.27017110612756,39916
"(0.927109440267335, 0.9751409401578528)",1,97.27014246503737,39917
"(0.4648065695791297, 0.9919924483210456)",1,97.2699981245368,39918
"(0.3939923627868152, 0.9925)",1,97.269973498413,39919
"(0.7361988647484831, 0.9870601047071634)",1,97.2698322061652,39920
"(0.8395301149279116, 0.9764666952752286)",1,97.26975166622051,39921
"(0.9603476243044132, 0.9749692931061258)",3,97.26970021633448,39924
"(0.9707802886550516, 0.9958292603453894)",1,97.26966743517384,39925
"(0.9310391447174572, 0.9760134176943226)",1,97.26962149569049,39926
"(0.7458851447555765, 0.9764666952752286)",1,97.2696207652763,39927
"(0.5259912686183872, 1.0)",1,97.26956077533146,39928
"(0.932201731346617, 0.9764666952752286)",1,97.26952941182807,39929
"(0.9790693693461476, 0.9958292603453894)",2,97.2695072778888,39931
"(0.7139609159313594, 0.9870601047071634)",1,97.2694767029732,39932
"(0.6248773887392587, 0.988750193395939)",1,97.26938811516052,39933
"(0.3944271295930922, 0.9984817852901372)",1,97.26933349727749,39934
"(0.9240041208791208, 0.9749910873440284)",1,97.26933152543891,39935
"(0.5041116118411525, 0.9912114827024868)",1,97.26932771599236,39936
"(0.7836974395113928, 0.9766918866148322)",1,97.26922538621288,39937
"(0.911234030893585, 0.9749692931061258)",3,97.26918515722268,39940
"(0.8449978636391381, 0.9882048106149588)",1,97.26916878218408,39941
"(0.9230627959463646, 0.97502985598876)",1,97.26911434179576,39942
"(0.7458851447555765, 0.9764666952752286)",1,97.269080933458,39943
"(0.874450386215092, 0.972281746031746)",1,97.26905153185156,39944
"(0.6019854338794117, 1.0)",1,97.26898012634958,39945
"(0.9311507936507936, 0.972420634920635)",2,97.26880441239432,39947
"(0.8074780204479453, 0.9749910873440284)",2,97.26873383589576,39949
"(0.6417826357070746, 0.993750341823046)",1,97.26869418823236,39950
"(0.8459266053144301, 0.9749910873440284)",4,97.2686433026256,39954
"(0.9916585206907788, 0.9958292603453894)",1,97.26845065290158,39955
"(0.4686395911561979, 0.983748857020046)",1,97.26830382417305,39956
"(0.7830369357045144, 0.9764666952752286)",1,97.26826212011188,39957
"(0.7347448804741066, 1.0)",1,97.26825227181712,39958
"(0.962699692780338, 0.9958292603453894)",1,97.2682366604068,39959
"(0.82315815174266, 0.9764666952752286)",1,97.26816184856791,39960
"(0.812418383596075, 0.9767441860465116)",1,97.26815873508144,39961
"(0.8843764852418178, 0.9764666952752286)",1,97.26810924288962,39962
"(0.9459285785969274, 0.9751409401578528)",1,97.26809990072786,39963
"(0.888425800230205, 0.9790540349287944)",3,97.26808271676798,39966
"(0.4360641976185765, 0.9912488373656227)",3,97.26800016136713,39969
"(0.7124941087515932, 0.9783783191517684)",2,97.26791578521528,39971
"(0.8395301149279116, 0.9764666952752286)",1,97.26787485234544,39972
"(0.8024695068301698, 0.9777024991101152)",1,97.26786624443656,39973
"(0.5739636219249954, 0.9780354931549928)",1,97.26784762234088,39974
"(0.8768488063660478, 0.9749656593406592)",1,97.26759927995658,39975
"(0.4319035504296698, 0.9975000781372088)",1,97.26752686043092,39976
"(0.8604306971015356, 0.9861673414304992)",1,97.26751675696896,39977
"(0.979166518665308, 1.0)",2,97.26740197925454,39979
"(0.6226233514747549, 0.9900703622062742)",1,97.26736567250616,39980
"(0.5680245864444272, 0.9958099132756668)",3,97.26725354479971,39983
"(0.4062043881623584, 1.0)",1,97.26714637946174,39984
"(0.9146901709401708, 0.972281746031746)",1,97.2671300111665,39985
"(0.7304742252709461, 0.9764666952752286)",1,97.26695584451708,39986
"(0.8306479779411763, 0.9749910873440284)",1,97.26695067410267,39987
"(0.2104254576695934, 1.0)",3,97.2669357030302,39990
"(0.4924642862429867, 0.9912488373656227)",1,97.26691357007228,39991
"(0.8344065656565657, 0.9861673414304992)",1,97.26683512213202,39992
"(0.6142380146189402, 1.0)",1,97.26679519813194,39993
"(0.6226174561728305, 0.9887497714240168)",1,97.2667283016099,39994
"(0.6759495516512356, 0.9764666952752286)",2,97.26671724742825,39996
"(0.8395301149279116, 0.9764666952752286)",1,97.26666994693431,39997
"(0.763830245642582, 0.9773648571145208)",1,97.26666218587567,39998
"(0.888622291021672, 0.9749656593406592)",1,97.26652430923554,39999
"(0.4921211569947243, 0.9962501582231502)",1,97.2665076569735,40000
"(0.8467135862913097, 0.9749656593406592)",1,97.26640334304363,40001
"(0.8221871747362275, 0.9783779637835908)",2,97.26634089223842,40003
"(0.7084717607973421, 0.9764666952752286)",1,97.26619359703692,40004
"(0.7725182451236846, 0.9764666952752286)",1,97.26614200739124,40005
"(0.5169664781532898, 0.9912488373656227)",2,97.26604447410276,40007
"(0.5592924417056326, 0.996200598369318)",1,97.2659628184898,40008
"(0.9225446428571428, 0.9749656593406592)",1,97.2659164539386,40009
"(0.7678405315614618, 0.9764666952752286)",1,97.26582049801472,40010
"(0.9058747619658436, 0.9748524098350704)",1,97.26577376185868,40011
"(0.8087623896023756, 0.9764666952752286)",1,97.26564747204166,40012
"(0.8116470752541504, 0.9736485042829958)",1,97.26564569369916,40013
"(0.5562558356676003, 0.9861673414304992)",1,97.26558712717365,40014
"(0.7045138786538933, 0.994274357955255)",3,97.2655186968808,40017
"(0.7725182451236846, 0.9764666952752286)",1,97.26550442299084,40018
"(0.6759495516512356, 0.9764666952752286)",1,97.26549810092524,40019
"(0.8660545355265853, 0.9749910873440284)",1,97.2654113831738,40020
"(0.9743030741133208, 0.9958292603453894)",2,97.26534354179704,40022
"(0.5370179311865358, 1.0)",1,97.26519983837598,40023
"(0.7943622269203664, 0.9764666952752286)",1,97.26516545724635,40024
"(0.9640038239043044, 0.9749692931061258)",2,97.26515759643353,40026
"(0.8333192389006343, 0.9766918866148322)",1,97.26515752424272,40027
"(0.9225446428571428, 0.9749656593406592)",1,97.26508920071512,40028
"(0.8955173107890498, 0.9749910873440284)",1,97.26506864333614,40029
"(0.8456659619450317, 0.9764666952752286)",2,97.26505154386972,40031
"(0.9916585206907788, 0.9958292603453894)",1,97.2648946912291,40032
"(0.6591398510479036, 0.9783779637835908)",1,97.264791607267,40033
"(0.9643944553313464, 0.9764666952752286)",1,97.26476149512472,40034
"(0.8726893261776982, 0.9764666952752286)",1,97.26470984923604,40035
"(0.8306479779411763, 0.9749910873440284)",1,97.26463673779226,40036
"(0.9230627959463646, 0.97502985598876)",1,97.26463388613574,40037
"(0.7664480222619757, 0.9764666952752286)",1,97.26462532388064,40038
"(0.9873444118605408, 0.9958292603453894)",1,97.26461625086554,40039
"(0.4955558486584263, 0.9987500214884376)",1,97.2644823537226,40040
"(0.8558852999963277, 0.9764666952752286)",1,97.2644511895945,40041
"(0.925438675470188, 0.9749656593406592)",1,97.26444919323092,40042
"(0.9029281534808432, 0.9722222222222222)",1,97.2643457576756,40043
"(0.8455917807202996, 0.9764666952752286)",1,97.2643426902628,40044
"(0.8402876991030895, 0.9767441860465116)",1,97.2643343566527,40045
"(0.6759495516512356, 0.9764666952752286)",1,97.26427660142356,40046
"(0.362211854979326, 0.9827694264931702)",1,97.26422557313816,40047
"(0.4924777967362296, 0.9900003125488358)",2,97.26422139312967,40049
"(0.7678405315614618, 0.9764666952752286)",2,97.26405416360744,40051
"(0.9747838672665278, 1.0)",1,97.26398980278697,40052
"(0.8955173107890498, 0.9749910873440284)",1,97.26390757881504,40053
"(0.8066487122350412, 0.9767441860465116)",1,97.26390549513832,40054
"(0.8455917807202996, 0.9764666952752286)",1,97.26384614023412,40055
"(0.7725182451236846, 0.9764666952752286)",1,97.26379766823052,40056
"(0.8602650098786556, 0.9753371200398564)",2,97.26378437632744,40058
"(0.8272165916646247, 0.973985301781142)",2,97.26374576088246,40060
"(0.7943622269203664, 0.9764666952752286)",1,97.26369200835909,40061
"(0.4961453064375241, 0.9987499746026686)",1,97.26364449612444,40062
"(0.4804731351668838, 0.9862497206293536)",3,97.26362031112627,40065
"(0.8948142000428356, 0.9749656593406592)",2,97.26356088446656,40067
"(0.2821631448874142, 0.998107010444791)",1,97.26355214115937,40068
"(0.5949150182078973, 0.9984817852901372)",1,97.26340231342644,40069
"(0.5466837142306626, 0.9861673414304992)",1,97.26333593822636,40070
"(0.9750943974852894, 0.9958292603453894)",1,97.26325988072712,40071
"(0.8224713709935384, 0.9751409401578528)",1,97.26324445861034,40072
"(0.8066487122350412, 0.9767441860465116)",1,97.26320346226456,40073
"(0.4162177798306099, 0.9849993435489618)",2,97.26319053654537,40075
"(0.4921211569947243, 0.9975000781372088)",1,97.26317019221268,40076
"(0.4804731351668838, 0.9862497206293536)",3,97.26303220246508,40079
"(0.8193928901539049, 0.9870601047071634)",1,97.26302610321817,40080
"(0.6759495516512356, 0.9764666952752286)",1,97.26302320126068,40081
"(0.9327510896243466, 0.9773633792764796)",1,97.26296811272572,40082
"(0.8065954953750508, 0.9882048106149588)",1,97.262876016366,40083
"(0.852, 0.9749910873440284)",1,97.26286843462208,40084
"(0.7578328648096089, 0.9764666952752286)",1,97.26274556970068,40085
"(0.9832925076188832, 0.9958292603453894)",1,97.2626312859779,40086
"(0.605805865805747, 1.0)",3,97.26260926478012,40089
"(0.9540153992631536, 0.9786694888904832)",1,97.26256066443192,40090
"(0.7678405315614618, 0.9764666952752286)",1,97.2625077300804,40091
"(0.8066487122350412, 0.9767441860465116)",1,97.26249800353642,40092
"(0.7980310463463742, 0.9777024991092788)",1,97.26239663975612,40093
"(0.8455917807202996, 0.9764666952752286)",1,97.26234526640266,40094
"(0.9705196174266384, 0.9958292603453894)",1,97.26230044746887,40095
"(0.8843764852418178, 0.9764666952752286)",1,97.26227718558135,40096
"(0.852, 0.9749910873440284)",2,97.26227047647124,40098
"(0.5126865457302712, 0.9973390598305516)",1,97.26226937767714,40099
"(0.8660545355265853, 0.9749910873440284)",1,97.26215122447692,40100
"(0.915887675849288, 0.9722972972972974)",1,97.26213975075484,40101
"(0.7084717607973421, 0.9764666952752286)",1,97.26202574570712,40102
"(0.8768488063660478, 0.9749656593406592)",1,97.26188904687028,40103
"(0.5192654074004637, 0.9790498927199744)",1,97.26179758024976,40104
"(0.9958292603453894, 0.9958292603453894)",1,97.26159218091524,40105
"(0.8967778972053937, 0.9764666952752286)",1,97.26148144491783,40106
"(0.9131856219190184, 0.9958292603453894)",1,97.2614719943113,40107
"(0.8417410714285716, 0.9749656593406592)",1,97.26140627537622,40108
"(0.8456659619450317, 0.9764666952752286)",1,97.26134821905288,40109
"(0.485879976270526, 0.9984817852901372)",1,97.2612943181057,40110
"(0.9012059369202228, 0.9749910873440284)",1,97.26125256724696,40111
"(0.7578328648096089, 0.9764666952752286)",1,97.26120225552566,40112
"(0.7186738340996477, 0.9763508978909936)",1,97.2611672238666,40113
"(0.8895939931776995, 0.9749910873440284)",1,97.2611652003896,40114
"(0.4894591128631123, 0.9962501582231502)",2,97.2610755572284,40116
"(0.7866279069767441, 0.9764666952752286)",1,97.2610685494858,40117
"(0.8391399552284038, 0.9767441860465116)",1,97.26103241689452,40118
"(0.7884092310206264, 0.9764666952752286)",1,97.26102786346546,40119
"(0.5040227752743499, 0.9887506152814826)",2,97.2607764610657,40121
"(0.8411857639615443, 0.9773648571145208)",3,97.2607754243046,40124
"(0.8333192389006343, 0.9766918866148322)",1,97.26069359280558,40125
"(0.4162177798306099, 0.9862497206293536)",1,97.26068967293604,40126
"(0.7864381427049374, 0.9783779637835908)",3,97.26067784437032,40129
"(0.7347448804741066, 1.0)",1,97.2606070559234,40130
"(0.9314912029239976, 0.9764666952752286)",1,97.26057632470426,40131
"(0.8768488063660478, 0.9749656593406592)",2,97.26051525994272,40133
"(0.960666032023912, 0.9749692931061258)",1,97.26041872537436,40134
"(0.7780625367430922, 0.9861673414304992)",1,97.2603177521964,40135
"(0.9833040078201368, 0.9958292603453894)",1,97.26009997526586,40136
"(0.7678405315614618, 0.9764666952752286)",1,97.26009731658571,40137
"(0.8685314685314685, 0.9764666952752286)",1,97.26008676341858,40138
"(0.4285502445105754, 0.994999843725582)",1,97.26007109570352,40139
"(0.7830369357045144, 0.9764666952752286)",1,97.26004666788673,40140
"(0.9061764476533613, 0.9834113430318364)",1,97.25992536155272,40141
"(0.7458851447555765, 0.9764666952752286)",2,97.25991256205172,40143
"(0.3991357684021978, 1.0)",1,97.25989963503623,40144
"(0.4851912943871705, 0.9900005000500052)",2,97.25981744940545,40146
"(0.8426040866925729, 0.9773648571145208)",1,97.25976368872088,40147
"(0.8751897860593512, 0.9861673414304992)",1,97.25952385930746,40148
"(0.1036822132246005, 0.9996210215628012)",3,97.25948995585206,40151
"(0.5061654456041751, 0.9975000781372088)",1,97.25944403548684,40152
"(0.9354654378932672, 0.9746621650540817)",1,97.25934378758096,40153
"(0.7548199009255377, 0.9773648571145208)",2,97.25934193371587,40155
"(0.4585755850187953, 0.9962497362353954)",1,97.25910894319888,40156
"(0.8701068324360797, 0.9777027027027028)",1,97.25902333182653,40157
"(0.4460735930735931, 0.9875006250625062)",2,97.25892080802612,40159
"(0.6760014179369018, 0.9872890642121412)",1,97.25886226358728,40160
"(0.6122976080997202, 0.9937501074421884)",1,97.25881849976837,40161
"(0.7615072500907597, 0.9764666952752286)",1,97.25877502190497,40162
"(0.8456659619450317, 0.9764666952752286)",1,97.25874179108904,40163
"(0.9224996008939976, 0.9749910873440284)",1,97.25864409619692,40164
"(0.8116470752541504, 0.9770268172641052)",1,97.2585856669557,40165
"(0.589427845212159, 0.9887501230470672)",1,97.25857114654976,40166
"(0.9958292603453894, 0.9958292603453894)",1,97.25840174851008,40167
"(0.8090208511560183, 0.9790540349287944)",3,97.25839900848212,40170
"(0.8995772689779955, 0.9749656593406592)",1,97.25833840037264,40171
"(0.517228150797548, 0.9988642062668746)",1,97.25819271127472,40172
"(0.7678405315614618, 0.9764666952752286)",1,97.25810473723742,40173
"(0.8743238369996394, 0.9749910873440284)",1,97.25809142728022,40174
"(0.95, 0.9751409401578528)",1,97.25808543982848,40175
"(0.4961453064375241, 0.9987499746026686)",1,97.25800685826832,40176
"(0.888945374800638, 0.9749656593406592)",1,97.25799886887694,40177
"(0.8920217788143652, 0.9748802746905214)",1,97.25799743551435,40178
"(0.4168399821364511, 0.9912488373656227)",1,97.25797833117156,40179
"(0.7458851447555765, 0.9764666952752286)",1,97.25795926535044,40180
"(0.8074780204479453, 0.9749910873440284)",1,97.25793782391209,40181
"(0.9746854694957162, 0.9958292603453894)",1,97.25771926142416,40182
"(0.7665484369555701, 0.9764666952752286)",1,97.25769837348936,40183
"(0.966586548597934, 0.9748802746905214)",1,97.2576722814508,40184
"(0.4724538701233134, 0.9975000781372088)",1,97.25760676937772,40185
"(0.8996408045977011, 0.9749910873440284)",1,97.25758427319172,40186
"(0.7851227464298004, 0.9780401821284612)",1,97.25749591764443,40187
"(0.4606973696770164, 0.993750341823046)",1,97.2574838794302,40188
"(0.8835857110930401, 0.9764666952752286)",1,97.25745256020213,40189
"(0.7709171448706333, 0.9764666952752286)",1,97.25729024696076,40190
"(0.9535144014828052, 0.9751409401578528)",1,97.25717640641962,40191
"(0.6707941587931741, 0.9783779637835908)",1,97.2571044108298,40192
"(0.8891825109620656, 0.975)",1,97.25702532357226,40193
"(0.8490208544183524, 0.972281746031746)",1,97.25693068116608,40194
"(0.8484583260465807, 0.9756756090455873)",1,97.2568773698136,40195
"(0.7725182451236846, 0.9764666952752286)",1,97.25674255582928,40196
"(0.7866279069767441, 0.9764666952752286)",1,97.2567373578446,40197
"(0.7615072500907597, 0.9764666952752286)",1,97.25671399033467,40198
"(0.9223799456357596, 0.9764666952752286)",1,97.25670845739867,40199
"(0.4594704236610712, 0.995)",1,97.25670342742336,40200
"(0.7665484369555701, 0.9764666952752286)",1,97.25669984660188,40201
"(0.6611718926579557, 0.9861310021084456)",1,97.25669896291802,40202
"(0.9528533742496432, 0.97502985598876)",1,97.25668229546764,40203
"(0.8340799485585682, 0.9764666952752286)",1,97.2565843486646,40204
"(0.6759495516512356, 0.9764666952752286)",2,97.2565815992524,40206
"(0.866525722339676, 0.9764666952752286)",1,97.25654707775628,40207
"(0.5977047503478421, 0.9949997811829872)",1,97.256527417643,40208
"(0.991777356103732, 0.9958292603453894)",1,97.25640658895487,40209
"(0.8208353559736048, 0.9861673414304992)",1,97.25633648504194,40210
"(0.8613482996991135, 0.9748802746905214)",1,97.2563108606647,40211
"(0.5175094049755407, 0.9984863658725142)",1,97.25630964244613,40212
"(0.8891825109620656, 0.9760113697016682)",1,97.25616821896595,40213
"(0.7187807755293061, 0.9790536524153534)",1,97.25615407870164,40214
"(0.3821719537723012, 0.978708795562522)",1,97.25611727399875,40215
"(0.9110813074094206, 0.9764666952752286)",1,97.25602663670033,40216
"(0.9098759089802734, 0.9748802746905214)",1,97.2560097251091,40217
"(0.8810064268049709, 0.991206314397104)",1,97.25567946824071,40218
"(0.9459285785969274, 0.9750870495448254)",1,97.25567224780352,40219
"(0.9036271334014516, 0.9783779637835908)",1,97.2556715271702,40220
"(0.7664480222619757, 0.9764666952752286)",1,97.2556326192886,40221
"(0.843730230395311, 0.9764666952752286)",1,97.25554333126892,40222
"(0.925438675470188, 0.9749656593406592)",2,97.25545631620972,40224
"(0.5066098655342575, 0.988750193395939)",1,97.25544135606808,40225
"(0.9225446428571428, 0.9749656593406592)",1,97.25534246112692,40226
"(0.712083517595137, 1.0)",1,97.25532362830693,40227
"(0.8456272791248162, 0.97502985598876)",1,97.2552964810185,40228
"(0.9028964862298196, 0.972420634920635)",1,97.25523891808146,40229
"(0.6088071867185179, 1.0)",1,97.255193354914,40230
"(0.9311507936507936, 0.972420634920635)",1,97.25516877434588,40231
"(0.4949779061119132, 0.9900005000500052)",2,97.25509867561225,40233
"(0.6759495516512356, 0.9764666952752286)",1,97.25509607112116,40234
"(0.8340166019865393, 0.9749910873440284)",1,97.25508185432872,40235
"(0.6341009759759758, 0.9862497206293536)",2,97.25506862785625,40237
"(0.7725182451236846, 0.9764666952752286)",1,97.25504884283148,40238
"(0.9300655321826798, 0.976687659254882)",1,97.25500479614657,40239
"(0.7578328648096089, 0.9764666952752286)",1,97.25499645659954,40240
"(0.7923306301473605, 0.9764666952752286)",2,97.25483916716296,40242
"(0.4865876628104142, 0.9870601047071634)",1,97.25480682452768,40243
"(0.4919916866987179, 0.9987499746026686)",1,97.2547273452565,40244
"(0.947035873779261, 0.9751409401578528)",1,97.25465985453098,40245
"(0.6260123507862112, 0.9764666952752286)",1,97.2545816468432,40246
"(0.4532564083081243, 0.9849974674679056)",1,97.25454694064032,40247
"(0.7578328648096089, 0.9764666952752286)",1,97.2544195405968,40248
"(0.8402876991030895, 0.9767441860465116)",1,97.25439275966062,40249
"(0.8455917807202996, 0.9764666952752286)",1,97.25434057276536,40250
"(0.8631546198466533, 0.9764666952752286)",1,97.25433367175584,40251
"(0.8955173107890498, 0.9749910873440284)",1,97.2541485681932,40252
"(0.7906364749082007, 0.9767441860465116)",1,97.253986229693,40253
"(0.6583271386230533, 0.9874994529574682)",2,97.25394782974448,40255
"(0.440594458995568, 0.9975000781372088)",1,97.25387802493393,40256
"(0.9300655321826798, 0.9773633792764796)",1,97.25387039063824,40257
"(0.8967778972053937, 0.9764666952752286)",1,97.25386873329823,40258
"(0.950392857142857, 0.9749656593406592)",1,97.2537990743439,40259
"(0.8995772689779955, 0.9749656593406592)",1,97.25372072229378,40260
"(0.8456659619450317, 0.9764666952752286)",2,97.25353308159832,40262
"(0.7045138786538933, 0.9907952975670266)",3,97.25352539361803,40265
"(0.9114218054477384, 0.9958292603453894)",1,97.2534473972505,40266
"(0.57448235722491, 0.986245936653225)",3,97.25334667290056,40269
"(0.8137861130877186, 0.9764666952752286)",1,97.2532724957174,40270
"(0.8456659619450317, 0.9764666952752286)",2,97.25318586155464,40272
"(0.7664480222619757, 0.9764666952752286)",1,97.25316627469589,40273
"(0.4946461141636722, 0.9900005000500052)",1,97.2531043099224,40274
"(0.8459266053144301, 0.9749910873440284)",1,97.2530406273059,40275
"(0.8491340807583629, 0.9861673414304992)",1,97.25298462938886,40276
"(0.9830687830687832, 0.9958292603453894)",1,97.25280655040676,40277
"(0.6759495516512356, 0.9764666952752286)",1,97.2527417199522,40278
"(0.9102539775554236, 0.9748802746905214)",1,97.2527197745594,40279
"(0.8391399552284038, 0.9767441860465116)",1,97.2526733165056,40280
"(0.9269284534248317, 0.9764666952752286)",1,97.25265308403986,40281
"(0.4611605493121345, 0.9987499746026686)",2,97.25265299679668,40283
"(0.5853182863855046, 0.9790540349287944)",1,97.25257805510086,40284
"(0.9792773561037318, 1.0)",1,97.25246453509908,40285
"(0.9645938855657314, 0.9751409401578528)",1,97.25244445843988,40286
"(0.7481666755361609, 0.9764666952752286)",1,97.25242216123692,40287
"(0.7668537890977591, 0.9729729482952189)",1,97.25231313803046,40288
"(0.8739697232246253, 0.9748524098350704)",1,97.25228988219858,40289
"(0.8152898027898028, 0.9861673414304992)",1,97.25222969950072,40290
"(0.9832925076188832, 0.9958292603453894)",1,97.25219622390964,40291
"(0.8333192389006343, 0.9766918866148322)",1,97.25217852901868,40292
"(0.852, 0.9749910873440284)",1,97.2520625310161,40293
"(0.7833537331701346, 0.9764666952752286)",1,97.25194845020562,40294
"(0.6410208556964654, 0.9912503691873502)",1,97.2518153995219,40295
"(0.8455917807202996, 0.9764666952752286)",1,97.25177390029025,40296
"(0.91326516498939, 0.9873891625615764)",1,97.2517715643593,40297
"(0.8491340807583629, 0.9861673414304992)",1,97.25170335338304,40298
"(0.9502288074111276, 0.9751409401578528)",1,97.25159534805027,40299
"(0.852, 0.9749910873440284)",1,97.2515235341651,40300
"(0.8043167829966709, 0.9773648571145208)",1,97.25151961951406,40301
"(0.5237466575255753, 0.9981051078140064)",1,97.25146149786131,40302
"(0.9045708198051948, 0.97502985598876)",1,97.2513618659758,40303
"(0.4890731859530187, 0.9900003125488358)",1,97.25135522204413,40304
"(0.6361158710730316, 0.9764666952752286)",2,97.25119479726666,40306
"(0.6361158710730316, 0.9764666952752286)",1,97.25111986362784,40307
"(0.503514376678064, 0.9958099132756668)",1,97.25110389580284,40308
"(0.4925733396357239, 0.9962501582231502)",1,97.251075779457,40309
"(0.8705155862492784, 0.9783781809544524)",1,97.25104886782292,40310
"(0.9225446428571428, 0.9749656593406592)",1,97.2510476502594,40311
"(0.7885047499939597, 0.9764666952752286)",1,97.25090693475072,40312
"(0.8586125966511082, 0.9773648571145208)",3,97.25083865510304,40315
"(0.852, 0.9749910873440284)",1,97.25077005900486,40316
"(0.7394745529782975, 0.976351135418932)",1,97.25059954783391,40317
"(0.484731353858467, 0.9975000781372088)",1,97.25059068309052,40318
"(0.6933160650937552, 0.9764666952752286)",1,97.25055221069792,40319
"(0.4530386103743641, 0.9962497362353954)",1,97.25038355710844,40320
"(0.8777335856148074, 0.9736842105263158)",1,97.25030215259956,40321
"(0.9643944553313464, 0.9764666952752286)",1,97.25016421763152,40322
"(0.7889683447749809, 0.9749910873440284)",1,97.2501491304682,40323
"(0.9026337658413128, 0.9861673414304992)",1,97.25014324045328,40324
"(0.7999088007295942, 0.9766918866148322)",1,97.2501276764525,40325
"(0.5477955228250537, 1.0)",1,97.25009745426227,40326
"(0.9192093318943212, 0.976761412575366)",2,97.25007086962891,40328
"(0.9058747619658436, 0.9748802746905214)",1,97.24993512111378,40329
"(0.8318916467605246, 0.9790536524153534)",1,97.24993465557176,40330
"(0.9225446428571428, 0.9749656593406592)",1,97.24990050705252,40331
"(0.9012059369202228, 0.9749910873440284)",1,97.24988520558696,40332
"(0.8097000243032949, 0.9770268172641052)",1,97.24976611238966,40333
"(0.650138830416391, 0.9981012669018314)",1,97.24953504201488,40334
"(0.7943622269203664, 0.9764666952752286)",1,97.2495200815728,40335
"(0.4514795008912656, 0.9974998905914936)",1,97.24950212204465,40336
"(0.7943622269203664, 0.9764666952752286)",1,97.24949131177546,40337
"(0.8660545355265853, 0.9749910873440284)",1,97.24945795043584,40338
"(0.476193313409349, 0.9975000781372088)",1,97.24942975062532,40339
"(0.8996408045977011, 0.9749910873440284)",1,97.24936057669582,40340
"(0.9583291850464526, 0.9748802746905214)",1,97.2492785573109,40341
"(0.8660545355265853, 0.9749910873440284)",1,97.24923886312746,40342
"(0.7796429467887724, 0.9767441860465116)",1,97.24916260343412,40343
"(0.6933160650937552, 0.9764666952752286)",1,97.24915113189208,40344
"(0.9834358767945106, 0.9958292603453894)",1,97.2489691709362,40345
"(0.5153209052589321, 0.9962497362353954)",1,97.24889233806005,40346
"(0.5015191675794085, 0.9862497206293536)",3,97.24867290686748,40349
"(0.7533190736731886, 0.9780434995701116)",3,97.24866777526962,40352
"(0.8948142000428356, 0.9749656593406592)",1,97.24852508439972,40353
"(0.8799206023655463, 0.9746612280338248)",1,97.24850865674956,40354
"(0.5952874206793579, 1.0)",1,97.24849188582031,40355
"(0.9012059369202228, 0.9749910873440284)",1,97.24836886276536,40356
"(0.9073492428586464, 0.9749692931061258)",2,97.24832089199684,40358
"(0.8685314685314685, 0.9764666952752286)",2,97.24828815252266,40360
"(0.4759674324558893, 0.9849969987995196)",1,97.24826463643709,40361
"(0.7250237826596757, 0.9870601047071634)",1,97.24826143610348,40362
"(0.8417410714285716, 0.9749656593406592)",1,97.24816459658602,40363
"(0.943552974917135, 0.9749692931061258)",1,97.24794103224332,40364
"(0.8249504969211211, 0.9766918866148322)",1,97.24785864291556,40365
"(0.4925733396357239, 0.9975000781372088)",3,97.24784734844478,40368
"(0.8318916467605246, 0.9739859075094268)",1,97.2477242234604,40369
"(0.4609816352782865, 0.9900282390309454)",1,97.24765396313278,40370
"(0.7578328648096089, 0.9764666952752286)",1,97.2475892237396,40371
"(0.7030725566042162, 0.9764666952752286)",1,97.2475288012668,40372
"(0.7458851447555765, 0.9764666952752286)",1,97.24748793795,40373
"(0.9831777451938742, 0.9958292603453894)",1,97.24745263591444,40374
"(0.7992282793924381, 0.9764666952752286)",1,97.24730641359857,40375
"(0.888622291021672, 0.9749656593406592)",1,97.24726254052833,40376
"(0.8456659619450317, 0.9764666952752286)",1,97.2472491637418,40377
"(0.9379369827374928, 0.9785714285714284)",1,97.24709827477167,40378
"(0.41852003452854, 0.9912503691873502)",1,97.24707331111732,40379
"(0.9012857142857144, 0.9749910873440284)",1,97.24703526758242,40380
"(0.5172164351851852, 0.9896721776992492)",1,97.24692225732588,40381
"(0.7678405315614618, 0.9764666952752286)",2,97.24692046182062,40383
"(0.8708303571428571, 0.97502985598876)",1,97.24690302742724,40384
"(0.9916585206907788, 0.9958292603453894)",1,97.2468747927035,40385
"(0.4859247782423509, 0.9825)",1,97.24680802290855,40386
"(0.8393264911275135, 0.9777027027027028)",1,97.2467156289205,40387
"(0.7313293623054037, 0.9787161797779323)",1,97.24651773532172,40388
"(0.962505246140658, 0.9958292603453894)",1,97.24608353296838,40389
"(0.8417410714285716, 0.9749656593406592)",1,97.24601874241743,40390
"(0.5172159656435519, 0.9988642062668746)",1,97.24598948131371,40391
"(0.8456659619450317, 0.9764666952752286)",1,97.24594313590386,40392
"(0.484646846010113, 0.9937495603923254)",1,97.24587300576508,40393
"(0.1833909490886235, 0.9984817852901372)",1,97.24583775203628,40394
"(0.9834113430318364, 0.9958292603453894)",1,97.24578964096943,40395
"(0.8996408045977011, 0.9749910873440284)",1,97.24578113311942,40396
"(0.925438675470188, 0.9749656593406592)",1,97.2457171049136,40397
"(0.7313293623054037, 0.9790540349287944)",1,97.2456859381596,40398
"(0.7168719671519223, 0.991206314397104)",1,97.24559950455637,40399
"(0.5135815048525069, 1.0)",1,97.2454697501278,40400
"(0.7368760064412239, 0.9861673414304992)",1,97.24538726052933,40401
"(0.4205819197458105, 0.99249924969988)",1,97.24531830109969,40402
"(0.8043167829966709, 0.9780403826403014)",2,97.24529116194114,40404
"(0.6238255567452281, 0.9872890642121412)",1,97.24526992225424,40405
"(0.5080392961876832, 0.9862497206293536)",3,97.24516664029298,40408
"(0.5203553504225632, 0.9911835359684772)",3,97.24515099215814,40411
"(0.7393955720057585, 0.9770265865200648)",1,97.24504253478136,40412
"(0.7617216117216117, 0.9872890642121412)",1,97.24492512439404,40413
"(0.927109440267335, 0.9751409401578528)",1,97.2448999999488,40414
"(0.517228150797548, 0.9927848142269592)",1,97.24480137958744,40415
"(0.4987711467817516, 0.9975000781372088)",1,97.24472101639422,40416
"(0.7250237826596757, 0.9870601047071634)",2,97.24469185976837,40418
"(0.4935897435897436, 0.9870601047071634)",1,97.24468010526664,40419
"(0.9011810599946194, 0.9861673414304992)",1,97.244666878358,40420
"(0.4912575527045726, 0.9937502637052502)",1,97.2446612898004,40421
"(0.7045138786538933, 0.998107010444791)",1,97.24462013935508,40422
"(0.925438675470188, 0.9749656593406592)",1,97.24438910748938,40423
"(0.8701068324360797, 0.9773648571145208)",3,97.24436568100133,40426
"(0.9309821833269412, 0.9766918866148322)",1,97.24435178562148,40427
"(0.802949627368232, 0.9767441860465116)",1,97.2443135514751,40428
"(0.507482960719107, 0.9975)",1,97.24429100809417,40429
"(0.8411857639615443, 0.9780403826403014)",2,97.24426747393385,40431
"(0.927109440267335, 0.9751409401578528)",3,97.24416861229554,40434
"(0.8506653943511476, 0.991206314397104)",3,97.2441568255744,40437
"(0.9574285714285714, 0.9751409401578528)",1,97.24409968646626,40438
"(0.4925733396357239, 0.993750341823046)",2,97.24409235825289,40440
"(0.509688959052258, 0.9912488373656227)",1,97.24401582163529,40441
"(0.4553345256344744, 0.9987499746026686)",1,97.24392226707934,40442
"(0.6933160650937552, 0.9764666952752286)",1,97.2437354538754,40443
"(0.4986472607029235, 0.9862507520107008)",2,97.24369199510586,40445
"(0.8995772689779955, 0.9749656593406592)",1,97.24366818587649,40446
"(0.8459266053144301, 0.9749910873440284)",2,97.24366637738092,40448
"(0.8955173107890498, 0.9749910873440284)",1,97.24366202123711,40449
"(0.9110813074094206, 0.9764666952752286)",1,97.24360783557722,40450
"(0.4965663004560743, 0.98375088870659)",1,97.24352770117844,40451
"(0.950297813353496, 0.9958292603453894)",2,97.24351723260118,40453
"(0.8074780204479453, 0.9749910873440284)",1,97.243469890826,40454
"(0.9017715617715616, 0.9861673414304992)",1,97.24343870389636,40455
"(0.6049474374542553, 0.9992431829362568)",1,97.24341747126678,40456
"(0.9603476243044132, 0.9749692931061258)",1,97.24340905138268,40457
"(0.7394745529782975, 0.9780401821284612)",1,97.2433986115693,40458
"(0.7014662756598241, 0.9764666952752286)",1,97.24336647793407,40459
"(0.7923306301473605, 0.9764666952752286)",1,97.24333256021144,40460
"(0.9833211143695014, 0.9958292603453894)",1,97.24327481625804,40461
"(0.8459266053144301, 0.9749910873440284)",1,97.24326109072908,40462
"(0.9916585206907788, 0.9958292603453894)",2,97.24324425226015,40464
"(0.5759145483358532, 1.0)",1,97.24321083710522,40465
"(0.6759495516512356, 0.9764666952752286)",1,97.24307540581916,40466
"(0.502001702724359, 0.9975000781372088)",2,97.2430190137548,40468
"(0.8152898027898028, 0.9861673414304992)",1,97.24299119658782,40469
"(0.8391399552284038, 0.9767441860465116)",1,97.24299093870978,40470
"(0.9111482937118004, 0.9773633792764796)",1,97.24274119601536,40471
"(0.9098519670814934, 0.9749910873440284)",1,97.24270820274975,40472
"(0.987491854024112, 0.9958292603453894)",2,97.24267553678914,40474
"(0.9224996008939976, 0.9749910873440284)",1,97.24265956248446,40475
"(0.5156094862280662, 0.9984817852901372)",1,97.2425980788049,40476
"(0.9373666512059368, 0.9749910873440284)",2,97.24250507838391,40478
"(0.8116470752541504, 0.9749997717285854)",1,97.24237816945144,40479
"(0.5949150182078973, 0.9984817852901372)",1,97.2423422954283,40480
"(0.6126816816816817, 0.99)",1,97.24231357685127,40481
"(0.7980310463463742, 0.9760134176940602)",1,97.24227121536734,40482
"(0.9748461391725148, 1.0)",2,97.2422620086171,40484
"(0.7665484369555701, 0.9764666952752286)",2,97.24211394005128,40486
"(0.9269284534248317, 0.9764666952752286)",1,97.24206263051543,40487
"(0.9540153992631536, 0.9751409401578528)",1,97.24204818004895,40488
"(0.8616465603190429, 0.9749656593406592)",1,97.24182064061937,40489
"(0.8967778972053937, 0.9764666952752286)",1,97.24179649335436,40490
"(0.9224996008939976, 0.9749910873440284)",1,97.24178403528782,40491
"(0.7075825156110616, 0.991206314397104)",2,97.24174402849766,40493
"(0.7781407751391581, 0.9770268172641052)",1,97.24172646201184,40494
"(0.8843764852418178, 0.9764666952752286)",1,97.24169759897696,40495
"(0.8395301149279116, 0.9764666952752286)",1,97.24166403441826,40496
"(0.7725182451236846, 0.9764666952752286)",1,97.24163616999192,40497
"(0.9205517358458536, 0.9873891625615764)",1,97.24162619760403,40498
"(0.7376124238869338, 0.9870601047071634)",1,97.24158540613855,40499
"(0.8456659619450317, 0.9764666952752286)",1,97.24158068166248,40500
"(0.509688959052258, 0.9912493845492556)",1,97.24157729260445,40501
"(0.7665484369555701, 0.9764666952752286)",2,97.2415698419006,40503
"(0.5142655348168222, 1.0)",3,97.24140985619468,40506
"(0.9230627959463646, 0.9785714285714284)",1,97.24138594787352,40507
"(0.9122507070492478, 0.9749656593406592)",1,97.24122548461932,40508
"(0.7186738340996477, 0.9773648571145208)",1,97.24119195656668,40509
"(0.7923306301473605, 0.9764666952752286)",1,97.24109747700504,40510
"(0.9304496233521656, 0.972420634920635)",1,97.24106493129412,40511
"(0.8455917807202996, 0.9764666952752286)",1,97.24106116049845,40512
"(0.9131755270308844, 0.9777027027027028)",3,97.24103344212676,40515
"(0.4609162804468383, 0.9912488373656227)",1,97.24087039615584,40516
"(0.9168478260869564, 0.972420634920635)",1,97.24081947342746,40517
"(0.8003813092161745, 0.9706816701804596)",1,97.24075946411408,40518
"(0.8891825109620656, 0.9773646091000128)",2,97.24065957431448,40520
"(0.8024695068301698, 0.976013472448146)",1,97.24061811032382,40521
"(0.8955173107890498, 0.9749910873440284)",1,97.2406150087193,40522
"(0.7602536997885835, 0.9764666952752286)",1,97.24058308378032,40523
"(0.763830245642582, 0.9773648571145208)",1,97.24046668337914,40524
"(0.5135815048525069, 1.0)",1,97.24040900945754,40525
"(0.8491340807583629, 0.9861673414304992)",1,97.24038883405132,40526
"(0.9354654378932672, 0.9756756090455873)",2,97.24036775228312,40528
"(0.9791388745136372, 0.9958292603453894)",1,97.24031717276064,40529
"(0.7472307467415887, 0.976761412575366)",1,97.24029541902168,40530
"(0.9436368312757202, 0.972281746031746)",1,97.24028666634148,40531
"(0.6151059085841694, 0.9870601047071634)",1,97.24026874132755,40532
"(0.8602650098786556, 0.9783779637835908)",3,97.24024455345013,40535
"(0.5109864405455044, 0.9862477433472704)",1,97.24018667600016,40536
"(0.7851227464298004, 0.9749999771730772)",1,97.24016111037103,40537
"(0.8011433416753454, 0.974661008228385)",2,97.24011940225122,40539
"(0.842200034135518, 0.97502985598876)",1,97.23978470984828,40540
"(0.9436368312757202, 0.972281746031746)",1,97.23977783382637,40541
"(0.9916585206907788, 0.9958292603453894)",1,97.23974560340056,40542
"(0.9348222545262322, 0.9751409401578528)",1,97.23973912084924,40543
"(0.4633466015586465, 1.0)",1,97.23973326780124,40544
"(0.7283553674089667, 0.9780401821284612)",1,97.23972076990594,40545
"(0.978621888315766, 0.9749052909377262)",1,97.2396886812659,40546
"(0.7830369357045144, 0.9764666952752286)",1,97.2396299897892,40547
"(0.5430891625993728, 0.9900003125488358)",1,97.23959754507872,40548
"(0.5172159656435519, 0.9954590976175416)",1,97.23947381181156,40549
"(0.8602650098786556, 0.9749997717285854)",1,97.23946049151238,40550
"(0.7124941087515932, 0.9770270060509648)",2,97.23944217661388,40552
"(0.9674564520532262, 0.9958292603453894)",1,97.23940945787211,40553
"(0.571926987789272, 0.9812507911157504)",1,97.23934815771692,40554
"(0.4862716741329175, 0.9975)",1,97.2393281935307,40555
"(0.4777955536474655, 0.996575280197092)",1,97.23930553296772,40556
"(0.5986257833623191, 0.99)",1,97.23927118710638,40557
"(0.9705906996229576, 0.9958292603453894)",1,97.23926724871772,40558
"(0.4510894164249752, 0.9981012669018314)",3,97.239131469329,40561
"(0.3833435083435083, 0.9872890642121412)",1,97.2391017591992,40562
"(0.8455917807202996, 0.9764666952752286)",1,97.23896970435489,40563
"(0.5250909268039229, 0.9992431829362568)",1,97.23893676681897,40564
"(0.8221871747362275, 0.9787161797779323)",1,97.23892349341286,40565
"(0.8770575330421131, 0.9749997717285854)",2,97.2388996344559,40567
"(0.6361158710730316, 0.9764666952752286)",2,97.23874005863028,40569
"(0.972281746031746, 0.972420634920635)",1,97.2387320244118,40570
"(0.7885047499939597, 0.9764666952752286)",1,97.23872336804853,40571
"(0.7423856773080242, 0.9749656593406592)",1,97.2386014204141,40572
"(0.9300655321826798, 0.9783779637835908)",3,97.23840218928255,40575
"(0.9743030741133208, 0.9958292603453894)",1,97.23826907996204,40576
"(0.9188863189008992, 0.9764666952752286)",1,97.23818758404744,40577
"(0.843730230395311, 0.9764666952752286)",1,97.23806010332756,40578
"(0.8580559516200404, 0.9764666952752286)",1,97.23803512730426,40579
"(0.6173424881070915, 0.9975000781372088)",1,97.23801718848271,40580
"(0.3865130008203705, 0.9988619159967322)",1,97.2380150851561,40581
"(0.9259740526337398, 0.9785714285714284)",1,97.23795430412127,40582
"(0.8701068324360797, 0.9783783783783784)",1,97.23773222294112,40583
"(0.8995772689779955, 0.9749656593406592)",2,97.23764134035244,40585
"(0.5874751891549204, 0.9780434995701116)",3,97.23759460056404,40588
"(0.8686559598432304, 0.9764666952752286)",1,97.2375613246206,40589
"(0.7943622269203664, 0.9764666952752286)",2,97.23749084263204,40591
"(0.927109440267335, 0.9751409401578528)",3,97.23740772025836,40594
"(0.9788980434141724, 0.9958292603453894)",1,97.23717919513317,40595
"(0.4770251883589129, 0.9854720890714888)",2,97.23705196366072,40597
"(0.8996408045977011, 0.9749910873440284)",1,97.23703804340995,40598
"(0.852, 0.9749910873440284)",1,97.23698450067212,40599
"(0.4935897435897436, 0.9870601047071634)",1,97.2368598957986,40600
"(0.6049474374542553, 1.0)",1,97.23674783592652,40601
"(0.8456659619450317, 0.9764666952752286)",2,97.2367335883574,40603
"(0.7187807755293061, 0.9770269011697912)",1,97.2365843694758,40604
"(0.9026337658413128, 0.9722222222222222)",1,97.23648817499436,40605
"(0.8660545355265853, 0.9749910873440284)",2,97.23639293995409,40607
"(0.9111482937118004, 0.9783779637835908)",1,97.2361871119181,40608
"(0.8895939931776995, 0.9749910873440284)",1,97.23614146856303,40609
"(0.7578328648096089, 0.9764666952752286)",1,97.23608914841944,40610
"(0.9417481358674188, 0.9748802746905214)",1,97.2360604666648,40611
"(0.5318703819174632, 0.998107010444791)",1,97.23587706625548,40612
"(0.8518001818001818, 0.9773648571145208)",1,97.23582929975908,40613
"(0.900838851006521, 0.9748802746905214)",1,97.23577329794902,40614
"(0.4585755850187953, 0.9949997811829872)",1,97.2356171950876,40615
"(0.8768488063660478, 0.9749656593406592)",1,97.23553748928084,40616
"(0.7830369357045144, 0.9764666952752286)",1,97.23553062088294,40617
"(0.9373666512059368, 0.9749910873440284)",1,97.23552771984096,40618
"(0.9110813074094206, 0.9764666952752286)",1,97.23552645375857,40619
"(0.9460547122074636, 0.9748802746905214)",1,97.2354857417624,40620
"(0.9012059369202228, 0.9749910873440284)",1,97.23547285337602,40621
"(0.5169470317739897, 1.0)",3,97.2353964190998,40624
"(0.485018619948721, 0.9900003125488358)",1,97.23531675430443,40625
"(0.7639004270430678, 0.9780401821284612)",1,97.2352800110533,40626
"(0.4847252958987063, 0.9900003125488358)",1,97.23527885643507,40627
"(0.4844841746794872, 0.9912488373656227)",1,97.23522355313806,40628
"(0.6101652468899568, 0.986249032863116)",2,97.23519840906128,40630
"(0.5176279025155472, 1.0)",1,97.2350873845957,40631
"(0.9032855633136024, 0.9861673414304992)",1,97.23502291453715,40632
"(0.8456659619450317, 0.9764666952752286)",1,97.23501426873725,40633
"(0.8996408045977011, 0.9749910873440284)",2,97.23493215227953,40635
"(0.7615072500907597, 0.9764666952752286)",1,97.2349188243065,40636
"(0.4571140259616066, 0.9962497362353954)",1,97.23485419487044,40637
"(0.846224760385985, 0.9736477824290262)",1,97.234848245696,40638
"(0.4337472035794183, 0.9981012669018314)",1,97.23483117621436,40639
"(0.4924143545574438, 0.9900003125488358)",1,97.23482706633786,40640
"(0.8456659619450317, 0.9764666952752286)",1,97.23474213097388,40641
"(0.4242657966120985, 0.9912498222186796)",1,97.2346766564388,40642
"(0.6047607547714982, 1.0)",1,97.23467379719074,40643
"(0.602662742458966, 0.9977203590215908)",1,97.23463759135052,40644
"(0.8518001818001818, 0.9773648571145208)",2,97.2346092861666,40646
"(0.8340799485585682, 0.9764666952752286)",1,97.23458972656138,40647
"(0.9277363565171916, 0.9832462877624168)",1,97.23447298857532,40648
"(0.2204230963407635, 1.0)",1,97.23442813754676,40649
"(0.6560520437793165, 1.0)",3,97.23442772419423,40652
"(0.9792406033772258, 0.9958292603453894)",1,97.23441962948418,40653
"(0.888945374800638, 0.9749656593406592)",2,97.2344031592278,40655
"(0.7045138786538933, 0.9931184132078772)",2,97.23439320505037,40657
"(0.7458851447555765, 0.9764666952752286)",1,97.23436566371012,40658
"(0.87675, 0.9749910873440284)",1,97.23436014348404,40659
"(0.7833537331701346, 0.9764666952752286)",1,97.23435264830684,40660
"(0.485018619948721, 0.9887504746694504)",1,97.23431997012204,40661
"(0.5986257833623191, 0.988750193395939)",1,97.23422211765208,40662
"(0.8616465603190429, 0.9749656593406592)",1,97.2342052129412,40663
"(0.9916339869281046, 0.9958292603453894)",1,97.2341708045954,40664
"(0.4987398156700754, 0.9925003750375038)",1,97.23407650845148,40665
"(0.864057359093178, 0.9753374353135024)",1,97.23396772002594,40666
"(0.4967706652322037, 0.987500703164553)",1,97.23387546403458,40667
"(0.872151605428666, 0.9749656593406592)",1,97.23384208840544,40668
"(0.9253777472527472, 0.9749656593406592)",2,97.23383965930726,40670
"(0.972281746031746, 0.972045976510262)",1,97.23377010437372,40671
"(0.4955203630891704, 0.9900005000500052)",2,97.23376791534662,40673
"(0.8071948928825261, 0.9861673414304992)",1,97.23373459739084,40674
"(0.5318703819174632, 0.9927322731957676)",3,97.2337252635446,40677
"(0.6933160650937552, 0.9764666952752286)",1,97.2337128560034,40678
"(0.8395301149279116, 0.9764666952752286)",1,97.2335969201932,40679
"(0.6040339402207299, 1.0)",1,97.23350706955183,40680
"(0.9916625936787228, 0.9958292603453894)",1,97.23349647222724,40681
"(0.9834358767945106, 0.9958292603453894)",1,97.23349621833655,40682
"(0.563035225158132, 1.0)",3,97.2334925491778,40685
"(0.6933160650937552, 0.9764666952752286)",1,97.2334905446991,40686
"(0.7943622269203664, 0.9764666952752286)",1,97.2334203826679,40687
"(0.9916585206907788, 0.9958292603453894)",2,97.23340132487532,40689
"(0.620130835563485, 0.991206314397104)",1,97.2333966104156,40690
"(0.888622291021672, 0.9749656593406592)",1,97.23339026579951,40691
"(0.4772368473497005, 0.9962499238080056)",1,97.2332451029494,40692
"(0.6746811878062335, 0.9780405430468708)",1,97.23307819055876,40693
"(0.8895939931776995, 0.9749910873440284)",1,97.23303469005351,40694
"(0.620130835563485, 0.991206314397104)",1,97.23301823347025,40695
"(0.6213418231016951, 0.9812419964381708)",1,97.23299708568956,40696
"(0.9348222545262322, 0.9751409401578528)",1,97.23293682193602,40697
"(0.8098502304147466, 0.9749910873440284)",1,97.23291838461256,40698
"(0.4012260196502799, 0.996575280197092)",1,97.23290667924137,40699
"(0.6933160650937552, 0.9764666952752286)",2,97.2328928095706,40701
"(0.5142655348168222, 1.0)",1,97.23289150126227,40702
"(0.785056584180393, 0.9770268172641052)",1,97.23279770689756,40703
"(0.7729742929217565, 0.9770268172641052)",1,97.23273285649776,40704
"(0.9253777472527472, 0.9749656593406592)",2,97.23273020562544,40706
"(0.9876106894370652, 0.9958292603453894)",2,97.23267836482871,40708
"(0.6910881126324849, 0.9764666952752286)",2,97.2325917584858,40710
"(0.5452310701354139, 0.9893065439144492)",1,97.23257221275836,40711
"(0.4806879036961406, 0.9887492087061858)",1,97.23245069534624,40712
"(0.7578328648096089, 0.9764666952752286)",2,97.2324239112224,40714
"(0.8087623896023756, 0.9764666952752286)",1,97.23240138194748,40715
"(0.7304742252709461, 0.9764666952752286)",1,97.2323697896228,40716
"(0.888945374800638, 0.9749656593406592)",1,97.23232488967196,40717
"(0.2821631448874142, 0.9935041393887948)",3,97.23230212019514,40720
"(0.5370179311865358, 0.9973550926644404)",1,97.23223698297812,40721
"(0.519281985185043, 0.9981012669018314)",1,97.23223446603971,40722
"(0.4890731859530187, 0.9900005000500052)",1,97.23219486759147,40723
"(0.8459266053144301, 0.9749910873440284)",1,97.23219292496394,40724
"(0.5548787272151094, 0.9946588541666668)",3,97.23216758796912,40727
"(0.9379369827374928, 0.9749692931061258)",1,97.23216533331696,40728
"(0.4130211680123674, 1.0)",1,97.2321187329185,40729
"(0.9958292603453894, 1.0)",1,97.23209923355944,40730
"(0.8534255683423739, 0.9824126287942077)",3,97.23205874118678,40733
"(0.8783601281703749, 0.9873891625615764)",1,97.23194215977983,40734
"(0.7833537331701346, 0.9764666952752286)",1,97.23190104374254,40735
"(0.872151605428666, 0.9749656593406592)",1,97.23187036878734,40736
"(0.8499431760854415, 0.976688127570114)",1,97.23169533318564,40737
"(0.4205819197458105, 0.9912488373656227)",1,97.23164332492368,40738
"(0.5061994035863332, 0.9915713507625272)",3,97.23157450274005,40741
"(0.8616465603190429, 0.9749656593406592)",1,97.23155291441648,40742
"(0.8090204369274137, 0.9764666952752286)",1,97.23151902152686,40743
"(0.8090208511560183, 0.9790540349287944)",1,97.2314644750844,40744
"(0.9111482937118004, 0.9780401821284612)",1,97.23125941295646,40745
"(0.9143342172934747, 0.9749910873440284)",1,97.23109961771178,40746
"(0.9240041208791208, 0.9749910873440284)",1,97.23106775751307,40747
"(0.5951711142105386, 0.9927322731957676)",3,97.23101186470257,40750
"(0.8833362311282396, 0.9832462877624168)",1,97.23091747857876,40751
"(0.8288092915955513, 0.9780403826403014)",2,97.230783609228,40753
"(0.7651777469990767, 0.991206314397104)",1,97.23048693324196,40754
"(0.1808771236817465, 0.9992416608232524)",1,97.23040108316502,40755
"(0.8087623896023756, 0.9764666952752286)",1,97.23038054710216,40756
"(0.8395301149279116, 0.9764666952752286)",1,97.23021759656709,40757
"(0.8701068324360797, 0.975675542415073)",2,97.230211905102,40759
"(0.926397848615755, 0.9736842105263158)",1,97.23014839253646,40760
"(0.9110813074094206, 0.9764666952752286)",1,97.23010483856186,40761
"(0.912710442783671, 0.9749910873440284)",1,97.23008513928582,40762
"(0.9122507070492478, 0.9749656593406592)",1,97.23005407138952,40763
"(0.9916625936787228, 0.9958292603453894)",1,97.2299989042159,40764
"(0.6933160650937552, 0.9764666952752286)",1,97.22995753242806,40765
"(0.9835199925522506, 0.9958292603453894)",1,97.22967344838196,40766
"(0.8879331046312178, 0.9749656593406592)",1,97.229630407677,40767
"(0.91326516498939, 0.9916339869281046)",1,97.22957971755534,40768
"(0.7923306301473605, 0.9764666952752286)",2,97.2295532126908,40770
"(0.8393264911275135, 0.9770268172641052)",1,97.2294632284701,40771
"(0.6050868628167587, 0.9984817852901372)",1,97.22941072522266,40772
"(0.5943528693528694, 0.9992431829362568)",1,97.22936180171382,40773
"(0.5430875999065339, 0.9881546071207432)",1,97.22930310612884,40774
"(0.4986472607029235, 0.9900003125488358)",1,97.22920612805284,40775
"(0.5469587499213985, 0.9919587439235272)",3,97.22917297082694,40778
"(0.8300961741952172, 0.9767441860465116)",1,97.22907972136412,40779
"(0.9122507070492478, 0.9749656593406592)",1,97.22906500434534,40780
"(0.7397465592662823, 0.996972731745028)",1,97.22879943707616,40781
"(0.9153439153439156, 0.9833229101521784)",3,97.22876854688316,40784
"(0.4896359390280644, 0.9974998905914936)",1,97.2285892499626,40785
"(0.5492115341293085, 0.9974998905914936)",1,97.22857517890624,40786
"(0.2372024545510323, 0.9984817852901372)",1,97.22855210416172,40787
"(0.4775277477297871, 0.996575280197092)",1,97.22847470090257,40788
"(0.8964174641148326, 0.9749910873440284)",1,97.22845531641532,40789
"(0.8456659619450317, 0.9764666952752286)",1,97.22836633842265,40790
"(0.9309563801089225, 0.972281746031746)",1,97.22834785701868,40791
"(0.9665633291439744, 0.9958292603453894)",1,97.2282450494321,40792
"(0.9643944553313464, 0.9764666952752286)",1,97.22817737347268,40793
"(0.6472942352413201, 0.986245936653225)",3,97.22812529974482,40796
"(0.8389313963994772, 0.9753378293934256)",1,97.22809254299813,40797
"(0.4508193203901878, 0.9974998905914936)",1,97.22797046856824,40798
"(0.9746854694957162, 1.0)",1,97.2279370859903,40799
"(0.4009727434617732, 0.9984817852901372)",1,97.22789971361333,40800
"(0.888425800230205, 0.9790540349287944)",3,97.2278534232392,40803
"(0.9058747619658436, 0.9832184229069656)",1,97.227781240749,40804
"(0.7665484369555701, 0.9764666952752286)",1,97.22777421857616,40805
"(0.8456659619450317, 0.9764666952752286)",1,97.22759935453112,40806
"(0.94484126984127, 0.9861673414304992)",1,97.22747492837236,40807
"(0.4804731351668838, 0.983748857020046)",1,97.22744881639572,40808
"(0.9436368312757202, 0.972281746031746)",1,97.22733047828638,40809
"(0.9791585206907788, 0.9958292603453894)",1,97.2273196246042,40810
"(0.5082177015724898, 0.9987499746026686)",1,97.2272482490915,40811
"(0.4514795008912656, 1.0)",1,97.22720905850515,40812
"(0.872151605428666, 0.9749656593406592)",1,97.22719475522749,40813
"(0.9269284534248317, 0.9764666952752286)",1,97.22713039554516,40814
"(0.8955173107890498, 0.9749910873440284)",1,97.22707209479516,40815
"(0.485018619948721, 0.9900005000500052)",2,97.22704858805749,40817
"(0.8804215399610136, 0.991206314397104)",3,97.22696846899235,40820
"(0.8948142000428356, 0.9749656593406592)",1,97.22692374464266,40821
"(0.488134593288165, 0.9900005000500052)",1,97.22689231730152,40822
"(0.440594458995568, 0.9975000781372088)",1,97.22688183950694,40823
"(0.8955173107890498, 0.9749910873440284)",1,97.22675673324258,40824
"(0.8389313963994772, 0.9749987444521908)",1,97.2267140877882,40825
"(0.1523541666666666, 0.9977203590215908)",1,97.22665236740508,40826
"(0.8975764647467728, 0.9749656593406592)",2,97.22662833949148,40828
"(0.8043167829966709, 0.9773648571145208)",3,97.22660837123304,40831
"(0.8716153127917834, 0.9861673414304992)",1,97.22659404867406,40832
"(0.7313293623054037, 0.9763508978883022)",1,97.22655587604166,40833
"(0.4860887005222129, 0.9937491695468736)",1,97.22654505216376,40834
"(0.4530386103743641, 0.9962497362353954)",1,97.22648024051412,40835
"(0.7923306301473605, 0.9764666952752286)",2,97.22646925630796,40837
"(0.6243024607372301, 0.9764666952752286)",1,97.22646685516554,40838
"(0.962699692780338, 0.9958292603453894)",1,97.22625076025412,40839
"(0.9164187516971112, 0.9748802746905214)",1,97.22623779737766,40840
"(0.4925733396357239, 0.9975000781372088)",2,97.22621878862076,40842
"(0.6743871513102283, 0.9870601047071634)",1,97.22610964544958,40843
"(0.925438675470188, 0.9749656593406592)",1,97.22601817777976,40844
"(0.8891825109620656, 0.9770269011697912)",1,97.22592610660472,40845
"(0.8456659619450317, 0.9764666952752286)",1,97.22585073574088,40846
"(0.8879331046312178, 0.9749656593406592)",1,97.225808012309,40847
"(0.9184901612842788, 0.9748524098350704)",1,97.22565987518894,40848
"(0.6387464387464387, 0.9870601047071634)",1,97.22560703713656,40849
"(0.4412239583333333, 0.9874996093139552)",1,97.2256021299716,40850
"(0.7664480222619757, 0.9764666952752286)",1,97.22555465219368,40851
"(0.872151605428666, 0.9749656593406592)",1,97.22547287037176,40852
"(0.9436368312757202, 0.972281746031746)",1,97.22545485300866,40853
"(0.6784722222222224, 1.0)",1,97.2254351256096,40854
"(0.9111482937118004, 0.9766886703655904)",2,97.2254255648814,40856
"(0.4923104882535888, 0.9975)",1,97.2253833489228,40857
"(0.5040227752743499, 0.9900003125488358)",1,97.225316864526,40858
"(0.8895939931776995, 0.9749910873440284)",1,97.22519592663365,40859
"(0.6020287404902789, 0.9870601047071634)",1,97.22510055396651,40860
"(0.92132700797001, 0.9832184229069656)",1,97.22506031870924,40861
"(0.888425800230205, 0.9790540349287944)",3,97.22493230899332,40864
"(0.3921761406909921, 0.9872890642121412)",1,97.22492942366604,40865
"(0.927109440267335, 0.9751409401578528)",1,97.2249151205577,40866
"(0.3833435083435083, 0.9870601047071634)",1,97.22486117941251,40867
"(0.7923306301473605, 0.9764666952752286)",1,97.22484448239996,40868
"(0.8895939931776995, 0.9749910873440284)",1,97.22478094613194,40869
"(0.7923306301473605, 0.9764666952752286)",1,97.22463417488363,40870
"(0.9314912029239976, 0.9764666952752286)",1,97.22463415318244,40871
"(0.8580559516200404, 0.9764666952752286)",1,97.22460331506603,40872
"(0.9528533742496432, 0.9714285714285714)",1,97.22454944166864,40873
"(0.8874191651969431, 0.9861673414304992)",1,97.2244924943356,40874
"(0.6759495516512356, 0.9764666952752286)",1,97.22444277712964,40875
"(0.8750583443290422, 0.973309059146894)",1,97.22435078138652,40876
"(0.5147068703695182, 0.9912488373656227)",1,97.22434516023826,40877
"(0.6456925128205129, 0.9937495603923254)",1,97.22428614568534,40878
"(0.6933160650937552, 0.9764666952752286)",1,97.22419900374688,40879
"(0.9531381014506703, 0.9749052909377262)",1,97.22411312270982,40880
"(0.4935497074925994, 0.9962497362353954)",1,97.22409128926527,40881
"(0.8484583260465807, 0.9783779637835908)",1,97.22403808301172,40882
"(0.476193313409349, 0.9975000781372088)",1,97.22398085004708,40883
"(0.5192461542064125, 0.9981012669018314)",1,97.22396554852918,40884
"(0.8589064384650125, 0.9748802746905214)",1,97.22394859752438,40885
"(0.5261709490066349, 1.0)",1,97.22386039623476,40886
"(0.7923306301473605, 0.9764666952752286)",1,97.22383906004474,40887
"(0.8715701474388204, 0.972281746031746)",1,97.22376254603144,40888
"(0.3067412107187314, 0.9981012669018314)",1,97.2237159418408,40889
"(0.8097000243032949, 0.973985301781142)",1,97.22348186116456,40890
"(0.765692887308966, 0.9861310021084456)",1,97.2234752021409,40891
"(0.9748076591340348, 1.0)",1,97.22336983258214,40892
"(0.6194163158907553, 0.9950001562744178)",1,97.22333077286048,40893
"(0.4330451959188837, 0.9924987337339528)",1,97.22332969304516,40894
"(0.7785493660236764, 0.9764666952752286)",1,97.2232216812638,40895
"(0.5578924994108273, 1.0)",3,97.22302739941466,40898
"(0.5192654074004637, 0.977697335722542)",1,97.22299756579604,40899
"(0.8895939931776995, 0.9749910873440284)",1,97.2229298980186,40900
"(0.6084354171454838, 0.9949997811829872)",2,97.22292149833385,40902
"(0.9011810599946194, 0.9861673414304992)",1,97.22287442605108,40903
"(0.979166518665308, 1.0)",2,97.22282539789416,40905
"(0.5715397013354384, 0.9981012669018314)",1,97.2227938325424,40906
"(0.9540153992631536, 0.9716190476190476)",1,97.22266620850694,40907
"(0.488134593288165, 0.9887506152814826)",2,97.22264899348264,40909
"(0.9373666512059368, 0.9749910873440284)",1,97.22261223371862,40910
"(0.852, 0.9749910873440284)",1,97.22258662622866,40911
"(0.4648065695791297, 0.9904066335741472)",3,97.22257971163656,40914
"(0.4925733396357239, 0.9975000781372088)",1,97.22252261552518,40915
"(0.6933160650937552, 0.9764666952752286)",3,97.2224973861716,40918
"(0.8491999910545297, 0.974662153486396)",1,97.22245435534452,40919
"(0.7907680396814234, 0.9773648571145208)",1,97.2223768017586,40920
"(0.6933160650937552, 0.9764666952752286)",1,97.2222912557944,40921
"(0.9253777472527472, 0.9749656593406592)",1,97.22227322611812,40922
"(0.8456659619450317, 0.9764666952752286)",2,97.22221714008126,40924
"(0.8768488063660478, 0.9749656593406592)",1,97.22214842642778,40925
"(0.418728666447884, 0.9962497362353954)",1,97.2218173368577,40926
"(0.5066098655342575, 0.9875006250625062)",2,97.22175402905712,40928
"(0.683178560611297, 0.9793909533590868)",1,97.22173070851692,40929
"(0.9916585206907788, 0.9958292603453894)",1,97.22165366675344,40930
"(0.8845244231527244, 0.9764666952752286)",1,97.22157559921072,40931
"(0.852, 0.9749910873440284)",1,97.2215027459176,40932
"(0.9379369827374928, 0.9785714285714284)",1,97.22139481426412,40933
"(0.9253777472527472, 0.9749656593406592)",1,97.22137629020575,40934
"(0.8750583443290422, 0.9749993608286583)",1,97.22125780882791,40935
"(0.6496381380870513, 0.976013472448146)",1,97.221224564022,40936
"(0.9012059369202228, 0.9749910873440284)",1,97.2212167123206,40937
"(0.5685989470330658, 1.0)",1,97.2210383383434,40938
"(0.6329443208101642, 0.974653976475153)",1,97.22096703983811,40939
"(0.5259912686183872, 0.9988619159967322)",1,97.22089854354726,40940
"(0.3942192041290018, 0.9887506152814826)",2,97.22078811697662,40942
"(0.943552974917135, 0.9749692931061258)",1,97.2207067385254,40943
"(0.4924642862429867, 0.9899983116452704)",1,97.22070105865816,40944
"(0.8090204369274137, 0.9764666952752286)",1,97.2206647238852,40945
"(0.8868677229932935, 0.9736842105263158)",1,97.2206329239923,40946
"(0.7992282793924381, 0.9764666952752286)",1,97.22060647753464,40947
"(0.5103469782909699, 0.9912488373656227)",2,97.22055356801066,40949
"(0.9069647153947764, 0.9785714285714284)",1,97.22053375153226,40950
"(0.4919916866987179, 0.9987499746026686)",1,97.22050982836711,40951
"(0.9666666666666668, 0.9833229101521784)",1,97.22050320501698,40952
"(0.8098502304147466, 0.9749910873440284)",1,97.22043701620323,40953
"(0.8622520112492773, 0.9748802746905214)",1,97.22041851590178,40954
"(0.7023478891305559, 0.9764666952752286)",1,97.22039184040192,40955
"(0.6707941587931741, 0.9763505739747672)",1,97.22037857342296,40956
"(0.6026666666666667, 0.9931399449121724)",1,97.2202299140596,40957
"(0.8207953412961668, 0.9783779637835908)",1,97.22001656729788,40958
"(0.1751566951566951, 0.9870601047071634)",1,97.21997441745393,40959
"(0.872151605428666, 0.9749656593406592)",1,97.21988085093648,40960
"(0.6766917293233082, 0.9870601047071634)",2,97.21977761845612,40962
"(0.501667548613375, 0.9900003125488358)",1,97.2197639140234,40963
"(0.8224631915554647, 0.9764666952752286)",1,97.21974013047206,40964
"(0.8152898027898028, 0.9861673414304992)",1,97.21947662744256,40965
"(0.7323695788812067, 0.9766918866148322)",1,97.21936461507428,40966
"(0.8425483191745751, 1.0)",1,97.21932998527367,40967
"(0.7668537890977591, 0.9770268172641052)",1,97.21931011904968,40968
"(0.8895939931776995, 0.9749910873440284)",1,97.21915921681196,40969
"(0.7830369357045144, 0.9764666952752286)",1,97.21909769385466,40970
"(0.5295994275347542, 1.0)",1,97.21907930406036,40971
"(0.3930894945067609, 0.9987499746026686)",1,97.21902581835634,40972
"(0.888622291021672, 0.9749656593406592)",1,97.21899076930674,40973
"(0.9110813074094206, 0.9764666952752286)",1,97.2189114064206,40974
"(0.7497195873433498, 0.9870601047071634)",1,97.21875816031468,40975
"(0.9082051469489508, 0.9736189431913116)",2,97.21857920223634,40977
"(0.8982888105990573, 0.9790476832523552)",1,97.21854816602897,40978
"(0.9288982963016116, 0.9716190476190476)",1,97.21854788154369,40979
"(0.8860455063826657, 0.9861673414304992)",1,97.21852341393632,40980
"(0.785056584180393, 0.9739863825696145)",1,97.21847694347956,40981
"(0.9147108205622834, 0.9735486410250802)",1,97.21840617264154,40982
"(0.5009421228446381, 0.99499949979992)",2,97.21840273591906,40984
"(0.9240041208791208, 0.9749910873440284)",1,97.218348660501,40985
"(0.5243576204957546, 0.9877300613496932)",1,97.21825636663344,40986
"(0.8920217788143652, 0.9790755481078062)",1,97.21824190214936,40987
"(0.6933160650937552, 0.9764666952752286)",1,97.21824056092872,40988
"(0.9392111404005912, 0.9751409401578528)",1,97.21819843811986,40989
"(0.3545856375860411, 0.9984878738761844)",1,97.2180157437296,40990
"(0.7393955720057585, 0.97601281538123)",2,97.21801538833851,40992
"(0.9628689175769612, 0.9749910873440284)",1,97.21795720705472,40993
"(0.9036271334014516, 0.9773633792764796)",1,97.21793274828886,40994
"(0.3991357684021978, 1.0)",1,97.2178519081398,40995
"(0.5450348040348041, 0.9988619159967322)",1,97.21783412112724,40996
"(0.8472645812528676, 0.9751409401578528)",3,97.2178309449052,40999
"(0.507482960719107, 0.9987499746026686)",1,97.21780981706634,41000
"(0.7885047499939597, 0.9764666952752286)",1,97.21756855395472,41001
"(0.6759495516512356, 0.9764666952752286)",2,97.21751885212122,41003
"(0.5916005291005291, 1.0)",1,97.21748497155578,41004
"(0.433281060850566, 0.9946588541666668)",1,97.21742418866424,41005
"(0.8955173107890498, 0.9749910873440284)",1,97.21732600406877,41006
"(0.8043167829966709, 0.9787161797779989)",2,97.2173161982094,41008
"(0.8616465603190429, 0.9749656593406592)",1,97.21727857509278,41009
"(0.8996408045977011, 0.9749910873440284)",1,97.21725280422004,41010
"(0.6675629468295134, 0.9988630646884038)",1,97.21723527693378,41011
"(0.8716153127917834, 0.9861673414304992)",1,97.21721661076003,41012
"(0.5578924994108273, 1.0)",3,97.21716246255832,41015
"(0.8955173107890498, 0.9749910873440284)",1,97.21715417979304,41016
"(0.304184857695496, 0.9969573675011548)",1,97.21713006018084,41017
"(0.7943622269203664, 0.9764666952752286)",1,97.2170888371643,41018
"(0.7304742252709461, 0.9764666952752286)",1,97.21702193800556,41019
"(0.4804731351668838, 0.9862497206293536)",3,97.2169782439061,41022
"(0.7179548459289354, 0.9787161797779323)",1,97.21687657016828,41023
"(0.888622291021672, 0.9749656593406592)",2,97.21686250701585,41025
"(0.8459266053144301, 0.9749910873440284)",1,97.21682264206272,41026
"(0.8955173107890498, 0.9749910873440284)",1,97.2167646365885,41027
"(0.7943622269203664, 0.9764666952752286)",1,97.2167103469992,41028
"(0.6591398510479036, 0.9766890960688752)",2,97.21663665883972,41030
"(0.9224996008939976, 0.9749910873440284)",1,97.21648126296785,41031
"(0.9224996008939976, 0.9749910873440284)",2,97.21642356218354,41033
"(0.7678405315614618, 0.9764666952752286)",1,97.21642289182704,41034
"(1.0, 1.0)",1,97.21627398252224,41035
"(0.8955173107890498, 0.9749910873440284)",1,97.21598343985904,41036
"(0.4924642862429867, 0.9912488373656227)",1,97.21590397014766,41037
"(0.8306479779411763, 0.9749910873440284)",1,97.2158407388087,41038
"(0.2672914952175105, 0.9996210215628012)",1,97.2158183606818,41039
"(0.6361158710730316, 0.9764666952752286)",1,97.21581041806132,41040
"(0.925438675470188, 0.9749656593406592)",1,97.2157953221464,41041
"(0.912710442783671, 0.9749910873440284)",1,97.2157626342826,41042
"(0.8417410714285716, 0.9749656593406592)",1,97.21575928258356,41043
"(0.5166972147349506, 1.0)",1,97.21569244379484,41044
"(0.8726893261776982, 0.9766918866148322)",1,97.21563642848048,41045
"(0.5081592004685413, 0.9977203590215908)",3,97.21557019116034,41048
"(0.6611718926579557, 0.9861310021084456)",1,97.21551199734591,41049
"(0.8995772689779955, 0.9749656593406592)",1,97.21534465295828,41050
"(0.8799206023655463, 0.9773633792764796)",1,97.21523756081174,41051
"(0.4585755850187953, 0.99499949979992)",2,97.21516874141236,41053
"(0.6933160650937552, 0.9764666952752286)",2,97.21512718175217,41055
"(0.9535144014828052, 0.9750870495448254)",1,97.21502543211584,41056
"(0.9582389563841176, 0.9958292603453894)",1,97.21486696365582,41057
"(0.6290913377428313, 0.9912498222186796)",1,97.21485146976582,41058
"(0.8686559598432304, 0.9764666952752286)",1,97.21480515231404,41059
"(0.6243024607372301, 0.9764666952752286)",1,97.21476618880158,41060
"(0.8306479779411763, 0.9749910873440284)",1,97.21467694913832,41061
"(0.9311507936507936, 0.972420634920635)",1,97.21459117949824,41062
"(0.779286067193676, 0.9749910873440284)",1,97.2145656626103,41063
"(0.5073536286909905, 0.9977203590215908)",1,97.2145338447547,41064
"(0.9170333674010144, 0.972281746031746)",1,97.21446396271182,41065
"(0.401652976500311, 0.9870601047071634)",1,97.21445777170116,41066
"(0.8622520112492773, 0.9748802746905214)",1,97.21445383353922,41067
"(0.8874679030103783, 0.9739864775793748)",1,97.21445064003233,41068
"(0.8456659619450317, 0.9764666952752286)",1,97.21440886621924,41069
"(0.8455917807202996, 0.9764666952752286)",1,97.21424451077648,41070
"(0.9793622864590606, 0.9958292603453894)",1,97.21422075723488,41071
"(0.8467368572432814, 0.9787160631744458)",2,97.21409635107248,41073
"(0.8389313963994772, 0.9787161797779323)",1,97.21406326999274,41074
"(0.5305164278521484, 0.9988653407824049)",1,97.214026669049,41075
"(0.8384307029790694, 0.9790536524153534)",1,97.21400438341011,41076
"(0.7261814100818125, 0.9992431829362568)",1,97.2139982330106,41077
"(0.6746811878062335, 0.9790530021085924)",1,97.21398374462844,41078
"(0.8685314685314685, 0.9764666952752286)",1,97.21396243652316,41079
"(0.5548787272151094, 0.9984863658725142)",1,97.21392396411277,41080
"(0.9309563801089225, 0.972281746031746)",1,97.21382981967392,41081
"(0.8442988787957741, 0.9770268172641052)",1,97.2137062984442,41082
"(0.9276343133138456, 0.9770269011697912)",1,97.21367355588418,41083
"(0.5126865457302712, 0.9973390598305516)",1,97.21358909516417,41084
"(0.4722366884143547, 0.9962497362353954)",1,97.2135419787843,41085
"(0.917283950617284, 0.972420634920635)",1,97.2135215980556,41086
"(0.9019292060258446, 0.9861673414304992)",1,97.21351838282747,41087
"(0.5153209052589321, 0.9974998905914936)",1,97.21322192024074,41088
"(0.5361367504335325, 0.9977203590215908)",1,97.21320848257824,41089
"(0.6429276433769509, 0.9875003906860448)",1,97.21318347302962,41090
"(0.5562558356676003, 0.9861673414304992)",3,97.21315855313526,41093
"(0.8777335856148074, 0.9736842105263158)",1,97.21315691370994,41094
"(0.8333192389006343, 0.9766918866148322)",1,97.21315627515284,41095
"(0.6361158710730316, 0.9764666952752286)",1,97.2131163152226,41096
"(0.7767441860465116, 0.9764666952752286)",1,97.2130445092088,41097
"(0.5142275217487904, 1.0)",3,97.21302753648814,41100
"(0.8975764647467728, 0.9749656593406592)",1,97.21301083255108,41101
"(0.9225446428571428, 0.9749656593406592)",2,97.21296684241726,41103
"(0.9304496233521656, 0.972420634920635)",1,97.21290804350168,41104
"(0.7830369357045144, 0.9764666952752286)",1,97.21275860427107,41105
"(0.8011433416753454, 0.9777025805471502)",1,97.21258870560072,41106
"(0.6026666666666667, 0.9872817590137402)",3,97.21238809130784,41109
"(0.9501225071212966, 0.9748802746905214)",1,97.21238619428568,41110
"(0.9436368312757202, 0.972281746031746)",2,97.21237666031456,41112
"(0.8768488063660478, 0.9749656593406592)",1,97.21229173891945,41113
"(0.8475002808673183, 0.9861673414304992)",1,97.21227111818976,41114
"(0.5318703819174632, 0.9931184132078772)",3,97.21219220749404,41117
"(0.3865130008203705, 0.9923537924531968)",1,97.21216113650476,41118
"(0.8660545355265853, 0.9749910873440284)",2,97.21208613890684,41120
"(0.7084717607973421, 0.9764666952752286)",2,97.212053145849,41122
"(0.8895939931776995, 0.9749910873440284)",1,97.2120452221822,41123
"(0.4510894164249752, 0.9907952975670266)",3,97.2120013518448,41126
"(0.9146901709401708, 0.972281746031746)",1,97.21190473854436,41127
"(0.8128971639097002, 0.9870601047071634)",1,97.21190089769212,41128
"(0.8948142000428356, 0.9749656593406592)",1,97.211830412409,41129
"(0.8967778972053937, 0.9764666952752286)",1,97.21182942526951,41130
"(0.4230961584008337, 0.9862507520107008)",2,97.2117782349674,41132
"(0.8916138279602192, 0.97502985598876)",1,97.21177793356044,41133
"(0.8726893261776982, 0.9764666952752286)",1,97.21166915886208,41134
"(0.5142655348168222, 0.9996210215628012)",1,97.21165264798844,41135
"(0.950392857142857, 0.9749656593406592)",2,97.2116461873757,41137
"(0.8455917807202996, 0.9764666952752286)",1,97.21160933041445,41138
"(0.6969051878354204, 0.9764666952752286)",1,97.21154063993968,41139
"(0.8967778972053937, 0.9764666952752286)",1,97.21147231594496,41140
"(0.9143342172934747, 0.9749910873440284)",1,97.21142238494998,41141
"(0.7304742252709461, 0.9764666952752286)",1,97.21138547443356,41142
"(0.865581803207783, 0.991206314397104)",3,97.21125637298064,41145
"(0.7923306301473605, 0.9764666952752286)",1,97.21122273381316,41146
"(0.6933160650937552, 0.9764666952752286)",1,97.21119205201504,41147
"(0.9436368312757202, 0.972281746031746)",1,97.2111878949359,41148
"(0.5090364521224462, 1.0)",3,97.21111708298488,41151
"(0.5685296942699924, 0.9837811843558824)",2,97.21110664704332,41153
"(0.9916625936787228, 0.9958292603453894)",1,97.2110266513148,41154
"(0.9012059369202228, 0.9749910873440284)",1,97.21102424938428,41155
"(0.5203553504225632, 0.9931184132078772)",3,97.21089673465636,41158
"(0.5318703819174632, 0.9984863658725142)",1,97.2108025447242,41159
"(0.8768488063660478, 0.9749656593406592)",1,97.21079052946698,41160
"(0.9373666512059368, 0.9749910873440284)",1,97.2107328660555,41161
"(0.9134717985546716, 0.9770268172641052)",1,97.21071791086234,41162
"(0.8880748880748881, 0.972281746031746)",1,97.210551748139,41163
"(0.9146901709401708, 0.972281746031746)",1,97.21054703104136,41164
"(0.9146901709401708, 0.972281746031746)",1,97.2105272892265,41165
"(0.960666032023912, 0.9749692931061258)",1,97.21048886476171,41166
"(0.8116470752541504, 0.975675542415073)",2,97.21048558070744,41168
"(0.4908934803575872, 0.9777005950257937)",1,97.2103166277006,41169
"(0.9012059369202228, 0.9749910873440284)",1,97.21016534054418,41170
"(0.9373666512059368, 0.9749910873440284)",1,97.21005140739535,41171
"(0.8660545355265853, 0.9749910873440284)",1,97.21001489440796,41172
"(0.7374768177381903, 0.991206314397104)",3,97.20999733914644,41175
"(0.6020449077786688, 0.9764666952752286)",1,97.20995494670778,41176
"(0.7304742252709461, 0.9764666952752286)",1,97.20991479203704,41177
"(0.8491340807583629, 0.9861673414304992)",1,97.20969865285431,41178
"(0.8024695068301698, 0.9773648571145208)",1,97.2096917823583,41179
"(0.8050115655679925, 0.9790540349287944)",3,97.20964880399627,41182
"(0.8996408045977011, 0.9749910873440284)",2,97.20959742609892,41184
"(0.9447665056360708, 0.972420634920635)",1,97.20947042149535,41185
"(0.8589064384650125, 0.9790476832523552)",1,97.20939805362102,41186
"(0.9916339869281046, 0.9958292603453894)",1,97.20912330145455,41187
"(0.7371074312749817, 0.9870601047071634)",1,97.20905864599074,41188
"(0.7602379596828609, 0.9749910873440284)",1,97.2089292413544,41189
"(0.5237466575255753, 1.0)",1,97.20888798167336,41190
"(0.6821277559649651, 0.9764666952752286)",1,97.2088775918523,41191
"(0.9641028246291404, 0.9749052909377262)",1,97.20884888703516,41192
"(0.5090364521224462, 1.0)",1,97.2088244877476,41193
"(0.4586050724637681, 0.9862492908815574)",1,97.20875024101694,41194
"(0.5015191675794085, 0.9862497206293536)",3,97.20874992642936,41197
"(0.8895939931776995, 0.9749910873440284)",1,97.20865473644322,41198
"(0.4611605493121345, 0.9987499746026686)",1,97.20863000623216,41199
"(0.8098502304147466, 0.9749910873440284)",1,97.20862198740666,41200
"(0.917283950617284, 0.9861673414304992)",1,97.20862048897452,41201
"(0.6031177317792814, 1.0)",3,97.20858455003808,41204
"(0.5156094862280662, 0.9981012669018314)",1,97.20844260948158,41205
"(0.9134717985546716, 0.9753374353135024)",2,97.2083689119427,41207
"(0.9791299139401608, 0.9958292603453894)",1,97.2083670336456,41208
"(0.8224713709935384, 0.9751409401578528)",1,97.20824362828635,41209
"(1.0, 1.0)",1,97.2082205870766,41210
"(0.861957198953386, 0.9764666952752286)",1,97.20818662833928,41211
"(0.8895939931776995, 0.9749910873440284)",2,97.20815144383452,41213
"(0.8202692648965939, 0.9749910873440284)",1,97.20814493007268,41214
"(0.7515659237557959, 0.9767441860465116)",1,97.20811347701016,41215
"(0.9609357631051972, 0.9751409401578528)",1,97.20806897014104,41216
"(0.7304742252709461, 0.9764666952752286)",1,97.20806044659302,41217
"(0.4925285484808521, 0.9962500644653132)",1,97.20805487084309,41218
"(0.6260123507862112, 0.9764666952752286)",1,97.20800488407944,41219
"(0.8484583260465807, 0.9790536524153534)",1,97.20800253500964,41220
"(0.5131569832583307, 1.0)",1,97.20796591447647,41221
"(0.927109440267335, 0.9751409401578528)",1,97.20791280649333,41222
"(0.911234030893585, 0.9749692931061258)",1,97.20789857094712,41223
"(0.8590419444620981, 0.9832462877624168)",1,97.20785650238916,41224
"(0.944120583717358, 0.9832184229069656)",1,97.20780287438586,41225
"(0.5124565972222223, 0.9981012669018314)",1,97.20771068123332,41226
"(0.7860908385707727, 0.9767441860465116)",1,97.207692564877,41227
"(0.4912575527045726, 1.0)",1,97.20761152289155,41228
"(0.4735764365139616, 0.9950000937552737)",1,97.20753717387012,41229
"(0.9958292603453894, 1.0)",1,97.2075238768247,41230
"(0.450438812334675, 0.9862477433472704)",1,97.2075147959543,41231
"(0.9538370349708868, 0.9764666952752286)",1,97.20738778066011,41232
"(0.3434871832287562, 0.9975000781372088)",2,97.20735053443136,41234
"(0.9131755270308844, 0.9753375591699432)",1,97.20730537921258,41235
"(0.9012857142857144, 0.9749910873440284)",1,97.20723358610296,41236
"(0.8895939931776995, 0.9749910873440284)",1,97.20715435224648,41237
"(0.7678405315614618, 0.9764666952752286)",1,97.20676283740566,41238
"(0.7665484369555701, 0.9764666952752286)",1,97.20670966281412,41239
"(0.8995772689779955, 0.9749656593406592)",2,97.20669204628472,41241
"(0.7578328648096089, 0.9764666952752286)",2,97.20660369492194,41243
"(0.9288982963016116, 0.9751409401578528)",1,97.2064659351394,41244
"(0.9029281534808432, 0.9861673414304992)",1,97.20642038805931,41245
"(0.9628689175769612, 0.9749910873440284)",1,97.20641680069802,41246
"(0.6260123507862112, 0.9764666952752286)",1,97.20639928912549,41247
"(0.4590791029805835, 0.9987499746026686)",1,97.20622259783386,41248
"(0.9087309077569532, 0.9749910873440284)",1,97.20621049693322,41249
"(0.8955173107890498, 0.9749910873440284)",1,97.2061808499409,41250
"(0.9098519670814934, 0.9749910873440284)",1,97.20615459362448,41251
"(0.9460547122074636, 0.9748802746905214)",1,97.20611758909666,41252
"(0.9122507070492478, 0.9749656593406592)",1,97.20603539845698,41253
"(0.5691285978493195, 0.9900003125488358)",2,97.2060008168527,41255
"(0.1820732552439869, 0.9872890642121412)",1,97.20598351161722,41256
"(0.8879331046312178, 0.9749656593406592)",2,97.20595153350648,41258
"(0.4919916866987179, 0.9974998905914936)",1,97.20588536285425,41259
"(0.8340166019865393, 0.9749910873440284)",1,97.20567565861606,41260
"(0.5060945463556422, 1.0)",1,97.20565476824686,41261
"(0.9436368312757202, 0.972045976510262)",1,97.20558977987324,41262
"(0.7124941087515932, 0.9780403826403014)",2,97.20551805919855,41264
"(0.7187807755293061, 0.9780401821284612)",1,97.205500681398,41265
"(0.8227768765625336, 0.9736485764662176)",1,97.20545900450016,41266
"(0.9224996008939976, 0.9749910873440284)",1,97.2053502005501,41267
"(0.5895873916995974, 0.9849969987995196)",1,97.2053269609659,41268
"(0.5009421228446381, 0.9987499746026686)",1,97.20530781866348,41269
"(0.7186738340996477, 0.9773648571145208)",1,97.20521258724077,41270
"(0.872151605428666, 0.9749656593406592)",1,97.20513545141516,41271
"(0.7664480222619757, 0.9764666952752286)",1,97.20512031031912,41272
"(0.4770251883589129, 0.9793887743676531)",1,97.2050974002502,41273
"(0.7665484369555701, 0.9764666952752286)",1,97.20505120832291,41274
"(0.8074780204479453, 0.9749910873440284)",1,97.20501186894168,41275
"(0.4724538701233134, 0.9975000781372088)",1,97.2049946628564,41276
"(0.775651722678174, 0.9764666952752286)",1,97.20496910720408,41277
"(0.9712822597033124, 0.97502985598876)",1,97.20493042058963,41278
"(0.4847252958987063, 0.986245936653225)",2,97.20490767107738,41280
"(0.9253213924599162, 0.9764666952752286)",1,97.20483443859032,41281
"(0.8090204369274137, 0.9764666952752286)",1,97.20482901793184,41282
"(0.8024695068301698, 0.9780403826403014)",2,97.20476704329994,41284
"(0.5175094049755407, 0.9931184132078772)",3,97.20467080112957,41287
"(0.3899787286884722, 1.0)",1,97.20455562526696,41288
"(0.5914320685434518, 0.9887494198121832)",1,97.204510791778,41289
"(0.8948142000428356, 0.9749656593406592)",2,97.20445335265654,41291
"(0.9788980434141724, 0.9958292603453894)",1,97.20443667734234,41292
"(0.950392857142857, 0.9749656593406592)",1,97.20441885939005,41293
"(0.5041116118411525, 0.9984817852901372)",1,97.20433498686182,41294
"(0.4937776876667119, 0.995)",1,97.20432984736608,41295
"(0.8074780204479453, 0.9749910873440284)",2,97.20425622561037,41297
"(0.8467135862913097, 0.9749656593406592)",2,97.20422557057424,41299
"(0.9832965806068272, 1.0)",1,97.20412057668042,41300
"(0.5342296694992609, 0.9862497206293536)",1,97.20394865015696,41301
"(0.8467135862913097, 0.9749656593406592)",1,97.2038793360695,41302
"(0.4085833743236595, 1.0)",1,97.20380985953328,41303
"(0.8660545355265853, 0.9749910873440284)",1,97.203805958665,41304
"(0.9240041208791208, 0.9749910873440284)",1,97.2037962058324,41305
"(0.5942040059498339, 0.9862497206293536)",3,97.20361718011978,41308
"(0.8456659619450317, 0.9764666952752286)",1,97.20350092276767,41309
"(0.4363355778830426, 0.9987499746026686)",1,97.2033581601667,41310
"(0.8306479779411763, 0.9749910873440284)",1,97.20330334621124,41311
"(0.912710442783671, 0.9749910873440284)",1,97.20329484761947,41312
"(0.9643944553313464, 0.9764666952752286)",1,97.20317832615146,41313
"(0.8879331046312178, 0.9749656593406592)",1,97.20312596370968,41314
"(0.861111111111111, 0.9833229101521784)",1,97.20294362881212,41315
"(0.779286067193676, 0.9749910873440284)",1,97.20281351576438,41316
"(0.779286067193676, 0.9749910873440284)",1,97.20252097751104,41317
"(0.4872962708536243, 0.9825005469604624)",1,97.2025012647881,41318
"(0.6020449077786688, 0.9764666952752286)",2,97.20248546452952,41320
"(0.4667544811866356, 0.9837820065213682)",2,97.20237801152088,41322
"(0.843730230395311, 0.9764666952752286)",1,97.20225491959836,41323
"(0.6324707692241994, 0.9861673414304992)",1,97.2022098886914,41324
"(0.4531581058197915, 0.9937491695468736)",1,97.2021701549584,41325
"(0.4338421858976735, 0.9899983116452704)",1,97.2021405956698,41326
"(0.812418383596075, 0.9767441860465116)",1,97.20209406412064,41327
"(0.2573753482290067, 0.9919587439235272)",1,97.20205825178546,41328
"(0.6784791526961461, 1.0)",1,97.20203193883695,41329
"(0.8895939931776995, 0.9749910873440284)",1,97.20201121669868,41330
"(0.4517222778047475, 0.9776927707398736)",1,97.20192665310924,41331
"(0.8722751392320632, 0.9743239726611898)",1,97.20190097485272,41332
"(0.842200034135518, 0.9751409401578528)",1,97.2018509642486,41333
"(0.779286067193676, 0.9749910873440284)",1,97.201834438045,41334
"(0.6933160650937552, 0.9764666952752286)",1,97.20176903678296,41335
"(0.842200034135518, 0.97502985598876)",1,97.2017492283086,41336
"(0.9916585206907788, 0.9958292603453894)",1,97.20167849100088,41337
"(0.5321723486270682, 0.9824970453792232)",1,97.20150595550108,41338
"(0.9756244289830628, 0.9958292603453894)",1,97.20138213092646,41339
"(0.846224760385985, 0.9790540349287944)",3,97.20136728322228,41342
"(0.7304742252709461, 0.9764666952752286)",1,97.20134456780124,41343
"(0.7304742252709461, 0.9764666952752286)",1,97.20130434692352,41344
"(0.3860590631364562, 0.9931184132078772)",1,97.20127277740576,41345
"(0.8442988787957741, 0.9770268172641052)",3,97.20126101501268,41348
"(0.6020449077786688, 0.9764666952752286)",1,97.2011913902184,41349
"(0.8318290279074593, 0.9861673414304992)",1,97.201132026818,41350
"(0.8467368572432814, 0.9773648571145208)",3,97.20101501109625,41353
"(0.5952874206793579, 1.0)",3,97.2009836361778,41356
"(0.8975764647467728, 0.9749656593406592)",1,97.20097031423788,41357
"(0.4830767364322945, 0.9899983116452704)",1,97.20086020093152,41358
"(0.843730230395311, 0.9764666952752286)",1,97.2008457578806,41359
"(0.7124941087515932, 0.9773648571145208)",1,97.20083351741393,41360
"(0.8411857639615443, 0.9773648571145208)",3,97.20079682848188,41363
"(0.9309563801089225, 0.972281746031746)",1,97.20066783389106,41364
"(0.5680245864444272, 0.994274357955255)",3,97.20059689321955,41367
"(0.888945374800638, 0.9749656593406592)",1,97.20057849000284,41368
"(0.917283950617284, 0.972420634920635)",1,97.20057756303812,41369
"(0.9311507936507936, 0.972420634920635)",1,97.20051357632038,41370
"(0.9873891625615764, 1.0)",1,97.20038893003284,41371
"(0.8948142000428356, 0.9749656593406592)",2,97.2003144826771,41373
"(0.7709171448706333, 0.9764666952752286)",1,97.20020633049567,41374
"(0.8660545355265853, 0.9749910873440284)",1,97.20011766412355,41375
"(0.4794373036867545, 0.9810756628640428)",1,97.20009001814805,41376
"(0.560342812101241, 0.9875)",1,97.20008639592976,41377
"(0.9603476243044132, 0.9749052909377262)",1,97.20005770484812,41378
"(0.8835087719298246, 0.9736842105263158)",3,97.2000409861259,41381
"(0.9309563801089225, 0.972281746031746)",1,97.19987594321069,41382
"(0.5320180604331844, 0.9977203590215908)",1,97.1997982977235,41383
"(0.7833537331701346, 0.9764666952752286)",1,97.19964117739724,41384
"(0.8879331046312178, 0.9749656593406592)",2,97.1995293376649,41386
"(0.8391399552284038, 0.9767441860465116)",1,97.1995249225251,41387
"(0.4924642862429867, 0.9912488373656227)",1,97.19951772011196,41388
"(0.9234894220441888, 0.9748802746905214)",1,97.1994916940998,41389
"(0.9790693693461476, 0.9958292603453894)",1,97.19945163362208,41390
"(0.3600029483220985, 0.9984817852901372)",1,97.1994333744797,41391
"(0.8660545355265853, 0.9749910873440284)",1,97.199356611353,41392
"(0.8967778972053937, 0.9764666952752286)",1,97.19932858674696,41393
"(0.511612180189574, 1.0)",1,97.1992427982565,41394
"(0.9160264866799612, 0.9861673414304992)",1,97.19916431808925,41395
"(0.8895939931776995, 0.9749910873440284)",1,97.19913934398784,41396
"(0.9311507936507936, 0.972420634920635)",2,97.19911110182264,41398
"(0.9625114955760116, 0.9958292603453894)",1,97.19900250657408,41399
"(0.8716153127917834, 0.9861673414304992)",1,97.19890222295592,41400
"(0.4517222778047475, 0.9827679628749876)",2,97.19887133790344,41402
"(0.8003813092161745, 0.9790972342015986)",1,97.1988281908574,41403
"(0.8384307029790694, 0.9753376605037232)",1,97.19880510421012,41404
"(0.852, 0.9749910873440284)",1,97.19870899759152,41405
"(0.6260123507862112, 0.9764666952752286)",1,97.19870643072282,41406
"(0.9110813074094206, 0.9764666952752286)",1,97.1986636186619,41407
"(0.8395301149279116, 0.9764666952752286)",1,97.19863745569646,41408
"(0.7664480222619757, 0.9764666952752286)",1,97.19855651819844,41409
"(0.9609357631051972, 0.9751409401578528)",1,97.19847320494584,41410
"(0.9628689175769612, 0.9749910873440284)",1,97.1984204025016,41411
"(0.7578328648096089, 0.9764666952752286)",1,97.19825363331157,41412
"(0.8467135862913097, 0.9749656593406592)",1,97.19823919781668,41413
"(0.852, 0.9749910873440284)",1,97.19814032852172,41414
"(0.9012059369202228, 0.9749910873440284)",2,97.19811779625974,41416
"(0.974772367065274, 0.9958292603453894)",1,97.19808833817264,41417
"(0.930124456440246, 0.972420634920635)",1,97.19799602160148,41418
"(0.925438675470188, 0.9749656593406592)",1,97.19791653785413,41419
"(0.9749625285109156, 0.9958292603453894)",1,97.19789785179404,41420
"(0.5158881303156945, 0.977698710888366)",1,97.19789750367616,41421
"(0.8895939931776995, 0.9749910873440284)",4,97.19778785623686,41425
"(0.8656512412692597, 0.9767441860465116)",1,97.19773269005984,41426
"(0.9373666512059368, 0.9749910873440284)",1,97.19773246737068,41427
"(0.5342296694992609, 0.9862497206293536)",2,97.19769801122172,41429
"(0.9225446428571428, 0.9749656593406592)",1,97.19754909076468,41430
"(0.5129137710809465, 0.9919587439235272)",3,97.19748785772532,41433
"(0.4847252958987063, 0.986245936653225)",1,97.19740599820692,41434
"(0.8160079573535582, 0.9753377393192448)",1,97.19740004605836,41435
"(0.9392111404005912, 0.9751409401578528)",1,97.19729921686252,41436
"(0.5496794449929138, 0.9900175419960736)",3,97.19729723683416,41439
"(0.972420634920635, 0.9861673414304992)",1,97.19722513292449,41440
"(0.9240041208791208, 0.9749910873440284)",1,97.19718548947168,41441
"(0.9756244289830628, 0.9958292603453894)",1,97.19698694809406,41442
"(0.775651722678174, 0.9764666952752286)",1,97.19695084580636,41443
"(0.9369891588710956, 0.9749910873440284)",1,97.19693025227468,41444
"(0.8087623896023756, 0.9764666952752286)",1,97.19685927469403,41445
"(0.846098299557419, 0.972420634920635)",1,97.19680478957564,41446
"(0.9436368312757202, 0.972281746031746)",1,97.19677266148688,41447
"(0.8340799485585682, 0.9764666952752286)",1,97.19673082294568,41448
"(0.9615232921668722, 0.9748802746905214)",1,97.19670517508888,41449
"(0.8518774267621343, 0.9764666952752286)",1,97.19660656192345,41450
"(0.5986257833623191, 0.9887497714240168)",1,97.19660017235816,41451
"(0.8715701474388204, 0.972281746031746)",1,97.19658468233592,41452
"(0.4497336854186499, 0.9904066335741472)",1,97.19649683564408,41453
"(0.9373666512059368, 0.9749910873440284)",1,97.19638964804356,41454
"(0.8584175084175085, 0.972420634920635)",1,97.19637673090378,41455
"(0.405080183803588, 0.9861673414304992)",1,97.19631121956115,41456
"(0.571770893512421, 0.9899992498312122)",1,97.19628673846952,41457
"(0.5717959790198108, 0.9773610271200632)",1,97.19628283983587,41458
"(0.6933160650937552, 0.9764666952752286)",1,97.19626812106723,41459
"(0.8996408045977011, 0.9749910873440284)",1,97.19623314286598,41460
"(0.8525454545454545, 0.9749910873440284)",1,97.19619247247051,41461
"(0.8633407843934159, 0.9736842105263158)",1,97.19612248289232,41462
"(0.7084717607973421, 0.9764666952752286)",2,97.19605931678248,41464
"(0.9628689175769612, 0.9749910873440284)",1,97.19604735074029,41465
"(0.872151605428666, 0.9749656593406592)",1,97.19581790874643,41466
"(0.5696789203510515, 0.9862497206293536)",3,97.19581589860992,41469
"(0.4046363636363637, 0.9849969987995196)",1,97.19578420347152,41470
"(0.8899966931216932, 0.9722222222222222)",1,97.19558371608292,41471
"(0.9122507070492478, 0.9749656593406592)",1,97.1955636778637,41472
"(0.7179548459289354, 0.9766886703655904)",1,97.19556189481683,41473
"(0.8050115655679925, 0.9790540349287944)",1,97.1955613999163,41474
"(0.4567442396313363, 0.9987499746026686)",1,97.195444707746,41475
"(0.9126251340467026, 0.9958292603453894)",1,97.19541501843976,41476
"(0.8569370609099162, 0.9733102167991828)",1,97.19537784775498,41477
"(0.8334750774705025, 0.9767441860465116)",1,97.19532159013028,41478
"(0.8736212624584717, 0.9764666952752286)",1,97.19526839560166,41479
"(0.6019854338794117, 0.9984817852901372)",1,97.19525148397128,41480
"(0.7830369357045144, 0.9764666952752286)",1,97.1952347461742,41481
"(0.9240041208791208, 0.9749910873440284)",2,97.19513071559702,41483
"(0.5562558356676003, 0.9861673414304992)",1,97.19510368067544,41484
"(0.8593554593554595, 0.9861673414304992)",1,97.19509317917286,41485
"(0.6096721354739468, 0.9992431829362568)",1,97.19489695411984,41486
"(0.8027044799462303, 0.9753372889375088)",2,97.19487987870578,41488
"(0.3779476270528901, 0.9780368173552854)",1,97.19478236578064,41489
"(0.4585384595277654, 0.9912488373656227)",1,97.19474142790924,41490
"(0.5626274989800081, 0.9764666952752286)",1,97.1947073143416,41491
"(0.9302688539530646, 0.9735486410250802)",1,97.19467122443218,41492
"(0.95, 0.9786694888904832)",1,97.19464455187584,41493
"(0.9240041208791208, 0.9749910873440284)",1,97.19450314089111,41494
"(0.9012857142857144, 0.9749910873440284)",1,97.19450236153769,41495
"(0.9154520780570968, 0.9748802746905214)",1,97.1944861364132,41496
"(0.4925285484808521, 0.9937491695468736)",2,97.1944413501813,41498
"(0.6760014179369018, 0.9870601047071634)",1,97.19443999774838,41499
"(0.8580559516200404, 0.9764666952752286)",1,97.1943776593879,41500
"(0.7885047499939597, 0.9764666952752286)",1,97.19437569758516,41501
"(0.6611718926579557, 0.9861310021084456)",1,97.19437413622842,41502
"(0.9459285785969274, 0.9751409401578528)",1,97.19414442708208,41503
"(0.7651832971857668, 0.9870601047071634)",1,97.19411299980452,41504
"(0.3930894945067609, 0.9987499746026686)",1,97.19397028610354,41505
"(0.8098502304147466, 0.9749910873440284)",1,97.19396565114388,41506
"(0.9373666512059368, 0.9749910873440284)",1,97.1939487296126,41507
"(0.507482960719107, 0.9987500214884376)",1,97.1938456077938,41508
"(0.6933160650937552, 0.9764666952752286)",1,97.19375891211614,41509
"(0.6019854338794117, 1.0)",1,97.19374416524286,41510
"(0.8883034087952121, 0.9722222222222222)",1,97.19374021509684,41511
"(0.8843764852418178, 0.9764666952752286)",1,97.19373663083664,41512
"(0.4673343159733596, 0.9925)",1,97.1937150839346,41513
"(0.8340166019865393, 0.9749910873440284)",1,97.19362974940633,41514
"(0.8199566964749151, 0.9779870235853187)",1,97.19353278053345,41515
"(0.7664480222619757, 0.9764666952752286)",1,97.19346207465794,41516
"(0.9012059369202228, 0.9749910873440284)",1,97.19343360645136,41517
"(0.6378166586499919, 1.0)",1,97.19338193639916,41518
"(0.8087623896023756, 0.9764666952752286)",1,97.19336424582234,41519
"(0.8272165916646247, 0.9770268172641052)",1,97.19324532370916,41520
"(0.7678405315614618, 0.9764666952752286)",1,97.19322935511306,41521
"(0.8835857110930401, 0.9764666952752286)",1,97.1932226866194,41522
"(0.9873444118605408, 0.9958292603453894)",1,97.19319466150772,41523
"(0.9253213924599162, 0.9764666952752286)",1,97.193166459476,41524
"(0.941687552213868, 0.9785714285714284)",3,97.19314033061174,41527
"(0.8027044799462303, 0.9780401821284612)",1,97.1930910995095,41528
"(0.9916585206907788, 0.9958292603453894)",1,97.19306957009384,41529
"(0.4986472607029235, 0.9900005000500052)",2,97.19292951157313,41531
"(0.7923306301473605, 0.9764666952752286)",2,97.1928770640719,41533
"(0.8860455063826657, 0.9861673414304992)",1,97.19286510355325,41534
"(0.6851668669379734, 0.9764666952752286)",1,97.19285785176942,41535
"(0.7024127592418583, 1.0)",1,97.19275190968612,41536
"(0.4865876628104142, 0.9870601047071634)",1,97.19274568583592,41537
"(0.9225446428571428, 0.9749656593406592)",1,97.1927359423282,41538
"(0.5451899418331657, 0.9907952975670266)",3,97.19271479588603,41541
"(0.5608274616256255, 0.9962497362353954)",1,97.19253956016338,41542
"(0.6418116964826663, 0.9974998905914936)",1,97.19248658301056,41543
"(0.9087309077569532, 0.9749910873440284)",2,97.1924509278352,41545
"(0.8411857639615443, 0.9773648571145208)",1,97.19242412250112,41546
"(0.9450323339212228, 0.972045976510262)",1,97.19240081151996,41547
"(0.5916573432219518, 0.9981012669018314)",1,97.19235094777542,41548
"(0.888622291021672, 0.9749656593406592)",1,97.19210794889833,41549
"(0.5353461588384578, 0.998107010444791)",1,97.1920416692676,41550
"(0.5318703819174632, 0.998107010444791)",1,97.19198111291836,41551
"(0.6020449077786688, 0.9764666952752286)",2,97.19192242366968,41553
"(0.8955173107890498, 0.9749910873440284)",1,97.19188017379268,41554
"(0.9282083232965586, 0.9873891625615764)",1,97.1918571404781,41555
"(0.888945374800638, 0.9749656593406592)",1,97.1917670148007,41556
"(0.2214665086585351, 0.9950429441987424)",1,97.1917371372226,41557
"(0.4338421858976735, 0.9912488373656227)",1,97.19149184162508,41558
"(0.7980310463463742, 0.9770268172641052)",1,97.19148866484132,41559
"(0.6591398510479036, 0.9783779637835908)",1,97.19140752281147,41560
"(0.3445871414842349, 0.9827694264931702)",1,97.19139713625869,41561
"(0.8306479779411763, 0.9749910873440284)",1,97.1913296725743,41562
"(0.5369041386906238, 1.0)",3,97.19131399868084,41565
"(0.6031177317792814, 0.9992416608232524)",1,97.19125649507372,41566
"(0.8112275321577646, 0.9764666952752286)",1,97.19124840545672,41567
"(0.8027044799462303, 0.9783779637835908)",3,97.1911465484652,41570
"(0.8222222222222222, 1.0)",1,97.19106806564434,41571
"(0.9833211143695014, 0.9958292603453894)",1,97.19087823785809,41572
"(0.5626274989800081, 0.9764666952752286)",2,97.19082320210616,41574
"(0.6414869944621582, 0.9962499238080056)",1,97.19079479675732,41575
"(0.775651722678174, 0.9764666952752286)",1,97.1907152181245,41576
"(0.9388917411828462, 0.9751409401578528)",1,97.1905512266797,41577
"(0.9486619426325308, 1.0)",1,97.19053992196044,41578
"(0.7943622269203664, 0.9764666952752286)",1,97.19052298635636,41579
"(0.8003813092161745, 0.9748802746905214)",1,97.19052086784669,41580
"(0.4756499920067283, 0.990000187501172)",1,97.19042317046876,41581
"(0.8996408045977011, 0.9749910873440284)",1,97.19038748151674,41582
"(0.9459285785969274, 0.9716190476190476)",1,97.1903309530652,41583
"(0.8777335856148074, 0.9736842105263158)",1,97.19030262880815,41584
"(0.6907243513029603, 1.0)",1,97.19028886176172,41585
"(0.8975764647467728, 0.9749656593406592)",1,97.19028644592136,41586
"(0.7664480222619757, 0.9764666952752286)",1,97.19026182318784,41587
"(0.6447432598773244, 0.99)",1,97.19014376607576,41588
"(0.8845244231527244, 0.9764666952752286)",1,97.19014318342649,41589
"(0.4319035504296698, 0.9975000781372088)",1,97.1901266257861,41590
"(0.8579868984630887, 0.9861673414304992)",1,97.19011781368648,41591
"(0.888425800230205, 0.9770269011697912)",1,97.1900171764559,41592
"(0.8393264911275135, 0.9733106189012892)",1,97.18998133843225,41593
"(0.9466127311522048, 0.991206314397104)",1,97.18993481540208,41594
"(0.514585158944719, 0.9973390598305516)",1,97.18982660804495,41595
"(0.5053993577226708, 0.9770198914032128)",1,97.18976453685028,41596
"(0.4924143545574438, 0.9900005000500052)",1,97.1897509569517,41597
"(0.4407055363375315, 0.9962497362353954)",1,97.18973080339468,41598
"(0.4976057427443008, 0.9962501582231502)",1,97.18969509622929,41599
"(0.9628689175769612, 0.9749910873440284)",1,97.1896132285534,41600
"(0.9860411258716344, 0.972045976510262)",1,97.1895005884155,41601
"(0.8975764647467728, 0.9749656593406592)",2,97.1894958397765,41603
"(0.4168399821364511, 0.9912488373656227)",2,97.1894153591881,41605
"(0.9110813074094206, 0.9764666952752286)",1,97.18935749271296,41606
"(0.8340799485585682, 0.9764666952752286)",1,97.18932315748752,41607
"(0.8868677229932935, 0.9736842105263158)",2,97.18929512632458,41609
"(0.8306479779411763, 0.9749910873440284)",1,97.18915788690308,41610
"(0.779286067193676, 0.9749910873440284)",1,97.18908162982022,41611
"(0.7548199009255377, 0.9777026823435832)",1,97.18907455139616,41612
"(0.947035873779261, 0.9751409401578528)",1,97.18901158448152,41613
"(0.6746811878062335, 0.9773648571145208)",1,97.18892540411944,41614
"(0.9253777472527472, 0.9749656593406592)",1,97.18889532124749,41615
"(0.9749625285109156, 0.9958292603453894)",1,97.1888291118231,41616
"(0.9712822597033124, 0.9714285714285714)",1,97.18881389966214,41617
"(0.9311507936507936, 0.9861673414304992)",1,97.18878753899992,41618
"(0.7833537331701346, 0.9764666952752286)",1,97.18871677007446,41619
"(0.4338421858976735, 0.9899983116452704)",1,97.18861380477252,41620
"(0.9628689175769612, 0.9749910873440284)",2,97.1886075835788,41622
"(0.4180703955911389, 0.9887498417768498)",1,97.188558839586,41623
"(0.9916585206907788, 0.9958292603453894)",1,97.18828567744424,41624
"(0.7696762213646852, 0.9870601047071634)",1,97.18820147744516,41625
"(0.4837588747247526, 0.9975)",1,97.18812356773395,41626
"(0.7725182451236846, 0.9764666952752286)",1,97.18808794243088,41627
"(0.4609162804468383, 0.9912488373656227)",1,97.18807450664404,41628
"(0.5087400188487272, 0.9962497362353954)",1,97.188067610162,41629
"(0.9110813074094206, 0.9764666952752286)",1,97.18802960729782,41630
"(0.6149570953085021, 0.9887485051843724)",1,97.18795571405748,41631
"(0.779286067193676, 0.9749910873440284)",1,97.18795209893588,41632
"(0.9348222545262322, 0.9751409401578528)",1,97.18787151847852,41633
"(0.8660545355265853, 0.9749910873440284)",1,97.1878489399586,41634
"(0.8201767124753505, 0.9736842105263158)",1,97.18773746774582,41635
"(0.8768488063660478, 0.9749656593406592)",1,97.18772496797864,41636
"(0.7678405315614618, 0.9764666952752286)",2,97.18771094366336,41638
"(0.4976057427443008, 0.9975000781372088)",2,97.18765761968808,41640
"(0.4606973696770164, 0.9975000781372088)",2,97.18762197671492,41642
"(0.8224631915554647, 0.9764666952752286)",1,97.18754362393209,41643
"(0.8043167829966709, 0.975675542415073)",1,97.18751441904116,41644
"(0.8524016298728943, 0.9748802746905214)",1,97.18743878847052,41645
"(0.4404857596132053, 0.9950000937552737)",1,97.18740246848976,41646
"(0.4724538701233134, 0.9975000781372088)",2,97.18729538048063,41648
"(0.852, 0.9749910873440284)",1,97.18728371717457,41649
"(0.484646846010113, 0.9962497362353954)",1,97.18728179582948,41650
"(0.5312756357670222, 0.9912498222186796)",1,97.18712739702984,41651
"(0.9253777472527472, 0.9749656593406592)",2,97.18702275386416,41653
"(0.5015191675794085, 0.9862497206293536)",1,97.18688783734464,41654
"(0.9677353740627908, 0.9712822597033124)",1,97.18688225599703,41655
"(0.5196192999992734, 0.9773610271200632)",1,97.18676855871108,41656
"(0.5087400188487272, 0.9974998905914936)",1,97.1867349932005,41657
"(0.6238255567452281, 0.9870601047071634)",1,97.18670621951294,41658
"(0.8097000243032949, 0.9770268172641052)",1,97.1867021379647,41659
"(0.8087623896023756, 0.9764666952752286)",1,97.1866841225012,41660
"(0.6555978046721082, 0.9874968730456536)",1,97.18667115415668,41661
"(0.683178560611297, 0.9770270060509648)",2,97.1866324434318,41663
"(0.5221840311996069, 0.994274357955255)",3,97.18662982570729,41666
"(0.9309563801089225, 0.972281746031746)",1,97.1864788326707,41667
"(0.8996408045977011, 0.9749910873440284)",1,97.18632092765615,41668
"(0.7725182451236846, 0.9764666952752286)",1,97.18630588158054,41669
"(0.9110813074094206, 0.9764666952752286)",1,97.18615366909307,41670
"(0.4830767364322945, 0.9912488373656227)",1,97.18615333352233,41671
"(0.7907680396814234, 0.9783782599245092)",2,97.18608038710316,41673
"(0.7394745529782975, 0.9760135053004548)",1,97.18607334231191,41674
"(0.8777008472715792, 0.9770269011697912)",1,97.18605005769116,41675
"(0.4588597051863134, 0.9887504746694504)",2,97.18600863691488,41677
"(0.7423856773080242, 0.9749656593406592)",1,97.18596712990475,41678
"(0.917283950617284, 0.972420634920635)",1,97.1859102983165,41679
"(0.8660545355265853, 0.9749910873440284)",1,97.18586514406977,41680
"(0.7294281157362763, 1.0)",1,97.18582942234944,41681
"(0.8879331046312178, 0.9749656593406592)",1,97.1857734442934,41682
"(0.5909030435404882, 0.9984878738761844)",1,97.18576655202467,41683
"(0.4567442396313363, 0.9987499746026686)",1,97.1857585164483,41684
"(0.8389313963994772, 0.9783783586361752)",3,97.1856596788296,41687
"(0.9311507936507936, 0.972420634920635)",1,97.18561351753652,41688
"(0.9309563801089225, 0.972281746031746)",1,97.18558388919116,41689
"(0.9110813074094206, 0.9764666952752286)",1,97.18554593632162,41690
"(0.8449978636391381, 0.9882048106149588)",1,97.18551657461244,41691
"(0.4890731859530187, 0.9875006250625062)",2,97.18547696697296,41693
"(0.9327510896243466, 0.9756746761828256)",2,97.1854545736186,41695
"(0.8777335856148074, 0.9736842105263158)",3,97.18538661449844,41698
"(0.6019854338794117, 1.0)",1,97.1853667990637,41699
"(0.888945374800638, 0.9749656593406592)",1,97.18528718658398,41700
"(0.9205517358458536, 0.9916339869281046)",1,97.18519223385408,41701
"(0.7725182451236846, 0.9764666952752286)",1,97.18516538808804,41702
"(0.8456659619450317, 0.9764666952752286)",1,97.18510074485428,41703
"(0.908421874225862, 0.9743239726629556)",1,97.18503112908212,41704
"(0.852, 0.9749910873440284)",1,97.18497707579375,41705
"(0.8656595443322052, 0.9787162186454283)",1,97.18491720123636,41706
"(0.5222068099340543, 0.9958395828688178)",1,97.18491162949982,41707
"(0.7348436174331348, 0.972281746031746)",1,97.18474750468178,41708
"(0.6872735507246376, 0.9870601047071634)",1,97.18472832006088,41709
"(0.240611928037625, 0.9938894536653996)",3,97.18471278873248,41712
"(0.7602379596828609, 0.9749910873440284)",1,97.18462655816076,41713
"(0.8456659619450317, 0.9764666952752286)",2,97.18457981643633,41715
"(0.6126816816816817, 0.9912503691873502)",2,97.18450088792125,41717
"(0.5015191675794085, 0.9862497206293536)",2,97.1843851880476,41719
"(0.9538370349708868, 0.9764666952752286)",1,97.1843832963477,41720
"(0.8871082621082622, 0.972281746031746)",1,97.18433942721964,41721
"(0.9369808292429718, 0.9916585206907788)",1,97.18432778241164,41722
"(0.8916138279602192, 0.9749692931061258)",1,97.18417741685492,41723
"(0.7084717607973421, 0.9764666952752286)",1,97.18410313065483,41724
"(0.8442988787957741, 0.9756753425211272)",1,97.18409918481676,41725
"(0.7615072500907597, 0.9764666952752286)",1,97.18404265389958,41726
"(0.5496794449929138, 0.9981012669018314)",1,97.18398703491508,41727
"(0.5512873845845042, 0.9874968730456536)",1,97.18394685322832,41728
"(0.8996392387758612, 0.9873891625615764)",1,97.1838592647231,41729
"(0.484646846010113, 0.9974998905914936)",1,97.18377844322124,41730
"(0.5112838915470493, 0.9884568596121724)",3,97.18376297174528,41733
"(0.8456659619450317, 0.9764666952752286)",1,97.18371356128378,41734
"(0.9279680209218476, 0.9958292603453894)",1,97.18369220073372,41735
"(0.925438675470188, 0.9749656593406592)",1,97.18365610913838,41736
"(0.3982631321131616, 0.9912488373656227)",1,97.18365432189324,41737
"(0.4585755850187953, 0.9974998905914936)",1,97.18361209193328,41738
"(0.7602379596828609, 0.9749910873440284)",1,97.18353516678856,41739
"(0.8467135862913097, 0.9749656593406592)",1,97.18340466384883,41740
"(0.8207953412961668, 0.9773633792764796)",1,97.18339425202709,41741
"(0.8975764647467728, 0.9749656593406592)",1,97.1833060222488,41742
"(0.8705155862492784, 0.9770269011697912)",1,97.18325614054528,41743
"(0.488134593288165, 0.9912503691873502)",1,97.18324974785398,41744
"(0.8097000243032949, 0.9770268172641052)",3,97.18318566374656,41747
"(0.484731353858467, 0.9975000781372088)",1,97.18312658426277,41748
"(0.950392857142857, 0.9749656593406592)",1,97.18308122868667,41749
"(0.5578924994108273, 1.0)",1,97.1830718083551,41750
"(0.8098502304147466, 0.9749910873440284)",1,97.18305448928672,41751
"(0.8098502304147466, 0.9749910873440284)",1,97.18303734591262,41752
"(0.8097000243032949, 0.979053518532119)",2,97.18289850419052,41754
"(0.8631546198466533, 0.9764666952752286)",1,97.18282594611888,41755
"(0.9161952650324744, 0.9833229101521784)",1,97.18282249884696,41756
"(0.8602650098786556, 0.9773633792764796)",1,97.18272916606044,41757
"(0.5153209052589321, 0.9974998905914936)",3,97.18267946181624,41760
"(0.9677353740627908, 0.9714285714285714)",1,97.18257158480468,41761
"(0.9373666512059368, 0.9749910873440284)",1,97.18256459800972,41762
"(0.5056778729738882, 0.9962497362353954)",1,97.1825638386898,41763
"(0.9162596992611264, 0.972281746031746)",1,97.18255560020202,41764
"(0.8411857639615443, 0.9773648571145208)",1,97.18245746489352,41765
"(0.9392111404005912, 0.9716190476190476)",3,97.1824195807432,41768
"(0.4553345256344744, 0.9987499746026686)",1,97.18231732956517,41769
"(0.8340166019865393, 0.9749910873440284)",1,97.18227795187346,41770
"(0.8365328658269835, 0.9958292603453894)",1,97.1822560772984,41771
"(0.9224996008939976, 0.9749910873440284)",1,97.1822399184781,41772
"(0.9505232430050672, 0.9716190476190476)",1,97.1822332155817,41773
"(0.9019154091522512, 0.9748802746905214)",1,97.182227070871,41774
"(0.925438675470188, 0.9749656593406592)",1,97.18213131997388,41775
"(0.7885047499939597, 0.9764666952752286)",1,97.18211860272716,41776
"(0.519281985185043, 0.9981012669018314)",1,97.18197676262022,41777
"(0.2869390650039579, 0.998107010444791)",1,97.1819412165343,41778
"(0.502001702724359, 0.9975000781372088)",1,97.18189987703406,41779
"(0.865581803207783, 0.991206314397104)",3,97.18177710319208,41782
"(0.8726893261776982, 0.9764666952752286)",2,97.18158138150076,41784
"(0.8221871747362275, 0.9787161797779323)",1,97.18149535624674,41785
"(0.7547920901036461, 0.9824126287942077)",1,97.18147855666766,41786
"(0.9609357631051972, 0.9751409401578528)",1,97.18142569549192,41787
"(0.947035873779261, 0.9751409401578528)",1,97.18140818968575,41788
"(0.8499431760854415, 0.9770268172641052)",1,97.1812990986279,41789
"(0.9274303852156144, 0.9748802746905214)",1,97.18127767205256,41790
"(0.6020449077786688, 0.9764666952752286)",1,97.18123097902478,41791
"(0.8890123456790123, 0.9722222222222222)",1,97.18105621790896,41792
"(0.6591398510479036, 0.9753376605037232)",1,97.18103942517256,41793
"(0.5166535087719297, 0.9912498222186796)",2,97.18103759401303,41795
"(0.9502288074111276, 0.9751409401578528)",1,97.18100023797672,41796
"(0.2537048100490196, 0.9988619159967322)",1,97.18099541919776,41797
"(0.6290913377428313, 0.9874987494998)",1,97.18093849615931,41798
"(0.9392111404005912, 0.9751409401578528)",2,97.18093515062884,41800
"(0.8890123456790123, 0.9722222222222222)",1,97.1807478474706,41801
"(0.81893131227901, 1.0)",1,97.1807392572452,41802
"(0.7179548459289354, 0.9790540349287944)",1,97.18067552402178,41803
"(0.4936062160591765, 0.9981012669018314)",1,97.18063374258138,41804
"(0.3833435083435083, 0.9870601047071634)",2,97.18061781746792,41806
"(0.888945374800638, 0.9749656593406592)",1,97.1805971013982,41807
"(0.9102539775554236, 0.9748524098350704)",1,97.18038659461742,41808
"(0.5175813659509312, 0.9927322731957676)",3,97.18033854807264,41811
"(0.5892852345838203, 0.9981012669018314)",1,97.18033157846682,41812
"(0.9833080808080809, 0.9958292603453894)",2,97.18028094654564,41814
"(0.9834358767945106, 0.9958292603453894)",2,97.18021254733937,41816
"(0.593224625483241, 0.9780434995701116)",3,97.17998028916294,41819
"(0.8306479779411763, 0.9749910873440284)",1,97.17987446738606,41820
"(0.2573753482290067, 0.9950582539710244)",1,97.1798404487719,41821
"(0.6031177317792814, 0.9981012669018314)",1,97.17981977364992,41822
"(0.9230627959463646, 0.97502985598876)",1,97.17979011513856,41823
"(0.8221871747362275, 0.9790540349287944)",1,97.17977597426948,41824
"(0.8955173107890498, 0.9749910873440284)",1,97.1797363518564,41825
"(0.9240041208791208, 0.9749910873440284)",1,97.17972179552514,41826
"(0.5466837142306626, 0.9861673414304992)",1,97.17967527402558,41827
"(0.8484583260465807, 0.9773633792764796)",1,97.17966257174768,41828
"(0.4363355778830426, 0.9987500214884376)",1,97.1794778121923,41829
"(0.9643944553313464, 0.9764666952752286)",1,97.17940541984362,41830
"(0.4925733396357239, 0.9975000781372088)",1,97.17939281931255,41831
"(0.9791388745136372, 0.9958292603453894)",2,97.17934597033305,41833
"(0.679403773242835, 0.9988642062668746)",1,97.17916559201002,41834
"(0.8616465603190429, 0.9749656593406592)",1,97.17915725366043,41835
"(0.8459266053144301, 0.9749910873440284)",1,97.179095413588,41836
"(0.9225446428571428, 0.9749656593406592)",1,97.17903723448951,41837
"(0.9916585206907788, 0.9958292603453894)",1,97.17902036014836,41838
"(0.6128103629529902, 0.9760135053004548)",1,97.17900317580089,41839
"(0.9574285714285714, 0.9751409401578528)",1,97.17877493192628,41840
"(0.7851227464298004, 0.9787158688322009)",1,97.1787556259908,41841
"(0.9708855839501, 0.9958292603453894)",1,97.1787551267388,41842
"(0.9392111404005912, 0.9716190476190476)",1,97.17872126681448,41843
"(0.9459285785969274, 0.9716190476190476)",3,97.17871618188714,41846
"(0.9958292603453894, 1.0)",1,97.1786948232144,41847
"(0.5370179311865358, 1.0)",1,97.17852201015408,41848
"(0.9134717985546716, 0.9729729482952526)",1,97.1784650997132,41849
"(0.987463247273494, 0.9958292603453894)",1,97.17845959427338,41850
"(0.6933160650937552, 0.9764666952752286)",1,97.17844439871894,41851
"(0.5191356753598758, 1.0)",3,97.17842140361203,41854
"(0.8656595443322052, 0.9770269011697912)",1,97.17839179866276,41855
"(0.9223799456357596, 0.9764666952752286)",1,97.17837356987135,41856
"(0.1833909490886235, 0.9984817852901372)",1,97.17837301878262,41857
"(0.8467368572432814, 0.9777026823435832)",1,97.1783479560106,41858
"(0.436582475645901, 0.983443441705164)",2,97.17815338895824,41860
"(0.9609357631051972, 0.9751409401578528)",1,97.1780973841576,41861
"(0.6983464132286942, 0.9767441860465116)",1,97.17802365706648,41862
"(0.8716153127917834, 0.9861673414304992)",1,97.17786462584525,41863
"(0.8477957771158952, 0.9726351257653078)",1,97.17783636673424,41864
"(0.8411857639615443, 0.9766888087230664)",1,97.17780862824245,41865
"(0.7453765521802005, 0.9733106189012892)",1,97.17775684727108,41866
"(0.4205819197458105, 0.98999899959984)",1,97.17764260520372,41867
"(0.9540153992631536, 0.9751409401578528)",1,97.17761235387384,41868
"(0.1808771236817465, 0.9961967093764432)",1,97.1775135177676,41869
"(0.8011433416753454, 0.9770268172641052)",1,97.17750435954213,41870
"(0.779286067193676, 0.9749910873440284)",1,97.17750194210956,41871
"(0.5908364220961908, 0.9912488373656227)",1,97.1773437605246,41872
"(0.5087400188487272, 0.9962497362353954)",3,97.17732966128352,41875
"(0.5492115341293085, 0.9950001562744178)",1,97.17726184201636,41876
"(0.7453765521802005, 0.9770268172641052)",1,97.17725806984578,41877
"(0.5696789203510515, 0.9862497206293536)",3,97.1771789919353,41880
"(0.9160264866799612, 0.972045976510262)",1,97.17693205360632,41881
"(0.9584385644218804, 0.972045976510262)",1,97.17688594884648,41882
"(0.683046375628995, 0.9764666952752286)",1,97.1768775672223,41883
"(0.2632996632996633, 0.9870601047071634)",1,97.17670146425858,41884
"(0.5103469782909699, 0.9912488373656227)",1,97.17665894434576,41885
"(0.8221871747362275, 0.9787161797779323)",1,97.17658308292069,41886
"(0.8734313112361893, 0.972045976510262)",1,97.17653006338335,41887
"(0.7423856773080242, 0.9749656593406592)",1,97.17651823654576,41888
"(0.9122507070492478, 0.9749656593406592)",2,97.1763927115502,41890
"(0.5341558396530313, 0.9962497362353954)",3,97.1761117938933,41893
"(0.7665484369555701, 0.9764666952752286)",1,97.17611173639548,41894
"(0.9502288074111276, 0.9715593185206444)",1,97.17607887906571,41895
"(0.8610715260301386, 0.9764666952752286)",1,97.17602872204829,41896
"(0.8459266053144301, 0.9749910873440284)",1,97.17592675227156,41897
"(0.6324707692241994, 0.9861673414304992)",1,97.1758336726882,41898
"(0.9860411258716344, 0.972045976510262)",1,97.17582164818978,41899
"(0.8229870141950848, 0.972281746031746)",1,97.17581734485864,41900
"(0.9452474337657768, 0.9748802746905214)",1,97.17575902708248,41901
"(0.966586548597934, 0.9832462877624168)",1,97.17571797038968,41902
"(0.4935897435897436, 0.9870601047071634)",1,97.17567976588288,41903
"(0.9427148033126296, 0.9716190476190476)",1,97.17567779763326,41904
"(0.5402602244482939, 0.9924997655883732)",1,97.17564172962696,41905
"(0.8768488063660478, 0.9749656593406592)",1,97.17563841341897,41906
"(0.9225446428571428, 0.9749656593406592)",1,97.17560292463163,41907
"(0.8388048698116161, 0.9861673414304992)",1,97.17557041032504,41908
"(0.9392111404005912, 0.9716190476190476)",1,97.17549294378172,41909
"(0.6933160650937552, 0.9764666952752286)",1,97.1753456108379,41910
"(0.9223799456357596, 0.9764666952752286)",1,97.17531935839104,41911
"(0.8224631915554647, 0.9764666952752286)",1,97.17531527025405,41912
"(0.9110813074094206, 0.9764666952752286)",2,97.17503167852487,41914
"(0.3354976707716434, 0.9992416608232524)",1,97.17489812263238,41915
"(0.4894591128631123, 0.9975000781372088)",2,97.1748633760477,41917
"(0.911021218587008, 0.9779870235853187)",1,97.1744478071724,41918
"(0.7394745529782975, 0.9787158688322009)",1,97.17443782133752,41919
"(0.5939549490228829, 1.0)",1,97.17442590081929,41920
"(0.8389313963994772, 0.9787161797779323)",1,97.17442416831038,41921
"(0.9212328545548654, 0.9716190476190476)",3,97.17440694135794,41924
"(0.8098502304147466, 0.9749910873440284)",2,97.17439554298548,41926
"(0.4924143545574438, 0.9900003125488358)",1,97.17437857978712,41927
"(0.8098502304147466, 0.9749910873440284)",1,97.17436245478414,41928
"(0.8379987406578985, 0.9767441860465116)",1,97.17429791718182,41929
"(0.8087623896023756, 0.9764666952752286)",1,97.17428490898456,41930
"(0.8455917807202996, 0.9764666952752286)",1,97.17426331033126,41931
"(0.978621888315766, 0.9749052909377262)",3,97.17425169289427,41934
"(0.756001848808409, 0.9760132424803556)",1,97.17414647658237,41935
"(0.9110813074094206, 0.9764666952752286)",1,97.1740814291492,41936
"(0.9331814008429188, 0.9764666952752286)",2,97.17407938171996,41938
"(0.9188863189008992, 0.9767441860465116)",1,97.17404112007011,41939
"(0.5318703819174632, 0.9893507862540408)",1,97.17403258846096,41940
"(0.95, 0.9715593185206444)",1,97.17403095614117,41941
"(0.6933160650937552, 0.9764666952752286)",1,97.17403034685788,41942
"(0.8456659619450317, 0.9764666952752286)",2,97.17400054143572,41944
"(0.7864381427049374, 0.9777023973110331)",2,97.17383409974543,41946
"(0.9958292603453894, 1.0)",1,97.17364990837342,41947
"(0.8097000243032949, 0.9770268172641052)",1,97.17362484072169,41948
"(0.5172164351851852, 0.994274357955255)",3,97.1736144890564,41951
"(0.8467135862913097, 0.9749656593406592)",1,97.1735600461622,41952
"(0.8456659619450317, 0.9764666952752286)",2,97.17351732245962,41954
"(0.8490208544183524, 0.972281746031746)",1,97.17348482550504,41955
"(0.8955173107890498, 0.9749910873440284)",1,97.17348392104886,41956
"(0.5235735740769297, 1.0)",1,97.1731961411682,41957
"(0.4489727317392728, 0.9912488373656227)",2,97.173090909368,41959
"(0.926397848615755, 0.9736842105263158)",1,97.17309025419398,41960
"(0.9603476243044132, 0.9749692931061258)",3,97.17304652745656,41963
"(0.8701068324360797, 0.9777027027027028)",1,97.1730000720662,41964
"(0.8426192275313588, 0.9743241836608044)",1,97.17297258759169,41965
"(0.4804731351668838, 0.9862497206293536)",3,97.17292733160264,41968
"(0.9017715617715616, 0.9861673414304992)",1,97.17291840652052,41969
"(0.7756320245634175, 0.9749996575911584)",1,97.17289280865664,41970
"(0.8467368572432814, 0.9773648571145208)",1,97.17275043903489,41971
"(0.9916625936787228, 0.9958292603453894)",1,97.17245875019276,41972
"(0.509688959052258, 0.9912488373656227)",1,97.17244920955083,41973
"(0.7030725566042162, 0.9764666952752286)",1,97.17241106349428,41974
"(0.7602379596828609, 0.9749910873440284)",1,97.17241058253308,41975
"(0.9012059369202228, 0.9749910873440284)",1,97.17221701878852,41976
"(0.8524016298728943, 0.9748802746905214)",1,97.1722066890843,41977
"(0.8656595443322052, 0.976351135418932)",1,97.17217244521392,41978
"(0.9332172991312776, 0.9958292603453894)",1,97.17214613589456,41979
"(0.8996664258511047, 0.9736189431913116)",1,97.17214054208976,41980
"(0.9535144014828052, 0.9716190476190476)",1,97.1720877842102,41981
"(0.5562558356676003, 0.9861673414304992)",1,97.1720274339455,41982
"(0.8384307029790694, 0.9773633792764796)",1,97.1720242514834,41983
"(0.4499384836938269, 0.9975000781372088)",2,97.17200946511764,41985
"(0.596010533010056, 0.986245936653225)",3,97.1719792484726,41988
"(0.7602379596828609, 0.9749910873440284)",1,97.17181498123516,41989
"(0.5939549490228829, 1.0)",3,97.17180595263484,41992
"(0.1839353819928183, 1.0)",1,97.17178990936084,41993
"(0.926397848615755, 0.9736842105263158)",3,97.17177684858952,41996
"(0.8227768765625336, 0.9760135053004548)",2,97.17177387265762,41998
"(0.9162596992611264, 0.972281746031746)",1,97.17175325673666,41999
"(0.8455917807202996, 0.9764666952752286)",1,97.17172389164472,42000
"(0.8340166019865393, 0.9749910873440284)",1,97.17166859889926,42001
"(0.7458851447555765, 0.9764666952752286)",1,97.17162751310616,42002
"(0.95, 0.9751409401578528)",2,97.17157121675724,42004
"(0.852, 0.9749910873440284)",1,97.17154876506495,42005
"(0.9122507070492478, 0.9749656593406592)",1,97.17154241640787,42006
"(0.6361158710730316, 0.9764666952752286)",1,97.17152718562984,42007
"(0.874450386215092, 0.972281746031746)",1,97.17140885137827,42008
"(0.9162596992611264, 0.972281746031746)",1,97.17126983043852,42009
"(0.5169470317739897, 1.0)",3,97.17126337178048,42012
"(0.4976057427443008, 0.9975000781372088)",2,97.17122459731762,42014
"(0.8087623896023756, 0.9764666952752286)",1,97.17120012256736,42015
"(0.846224760385985, 0.9790540349287944)",3,97.1711476230941,42018
"(0.2869390650039579, 0.998107010444791)",1,97.17111795452271,42019
"(0.8087623896023756, 0.9764666952752286)",1,97.17109488446675,42020
"(0.6361158710730316, 0.9764666952752286)",1,97.17106206935075,42021
"(0.8456659619450317, 0.9764666952752286)",1,97.17105235975347,42022
"(0.917283950617284, 0.972420634920635)",1,97.17102749059455,42023
"(0.9436368312757202, 0.972281746031746)",1,97.17102064414313,42024
"(0.9314912029239976, 0.9764666952752286)",1,97.17099803333603,42025
"(0.9009133567957098, 0.972281746031746)",1,97.1708698732903,42026
"(0.9535144014828052, 0.9751409401578528)",1,97.170826087495,42027
"(0.8043167829966709, 0.9787161797779323)",2,97.17080541037814,42029
"(0.7397465592662823, 0.9911835359684772)",3,97.17079895387378,42032
"(0.9436368312757202, 0.972281746031746)",1,97.17076302066536,42033
"(0.5578924994108273, 0.9969573675011548)",1,97.1705990549955,42034
"(0.9874762808349148, 0.9958292603453894)",1,97.17059715871537,42035
"(0.4908934803575872, 0.9776968365366157)",1,97.17057848103256,42036
"(0.9184901612842788, 0.9748802746905214)",1,97.17056703248944,42037
"(0.9582389563841176, 0.9958292603453894)",1,97.17055305833712,42038
"(0.9304496233521656, 0.972420634920635)",1,97.17047775408416,42039
"(0.8459266053144301, 0.9749910873440284)",1,97.17038790138062,42040
"(0.4345640839445211, 0.9931184132078772)",1,97.17032405086005,42041
"(0.8895939931776995, 0.9749910873440284)",1,97.17030279312009,42042
"(0.5175094049755407, 0.998107010444791)",1,97.1702837385025,42043
"(0.5352462289124051, 0.9875)",1,97.17014661899444,42044
"(0.8467135862913097, 0.9749656593406592)",1,97.17012171548986,42045
"(0.7885047499939597, 0.9764666952752286)",1,97.17001117020048,42046
"(0.9223799456357596, 0.9764666952752286)",1,97.16999667008304,42047
"(0.9436368312757202, 0.972281746031746)",1,97.16999504330133,42048
"(0.8224713709935384, 0.9786694888904832)",1,97.16997201774676,42049
"(0.9309563801089225, 0.972281746031746)",2,97.1699711335585,42051
"(0.9026337658413128, 0.972420634920635)",1,97.16996604982346,42052
"(0.911577306111922, 0.9735486410250802)",1,97.1698628528882,42053
"(0.8411857639615443, 0.9773648571145208)",1,97.1698041327944,42054
"(0.7885047499939597, 0.9764666952752286)",1,97.16972614607754,42055
"(0.9574285714285714, 0.9716190476190476)",1,97.16968810784444,42056
"(0.7885047499939597, 0.9764666952752286)",1,97.16961690319349,42057
"(0.7725182451236846, 0.9764666952752286)",1,97.16959306795776,42058
"(0.5451899418331657, 0.9907952975670266)",3,97.16956723631124,42061
"(0.418728666447884, 0.9962497362353954)",1,97.16946673520096,42062
"(0.9447665056360708, 0.972420634920635)",1,97.16945013994568,42063
"(0.8513842746400886, 0.9767441860465116)",1,97.16944773013036,42064
"(0.9162596992611264, 0.972420634920635)",1,97.16933023171784,42065
"(0.7756320245634175, 0.9770268172641052)",1,97.1692720770437,42066
"(0.8895939931776995, 0.9749910873440284)",1,97.16926346906187,42067
"(0.8996408045977011, 0.9749910873440284)",2,97.16922582506623,42069
"(0.4924642862429867, 0.9912488373656227)",1,97.16921603691286,42070
"(0.8224713709935384, 0.9751409401578528)",3,97.16911944422716,42073
"(0.9392111404005912, 0.9716190476190476)",1,97.16903035732904,42074
"(0.9574285714285714, 0.9716190476190476)",2,97.16902405984769,42076
"(0.590912874120593, 0.986245936653225)",3,97.16897401353177,42079
"(0.917283950617284, 0.972420634920635)",1,97.16895742059216,42080
"(0.9494594905410846, 0.9749692931061258)",1,97.1688704893297,42081
"(0.7992282793924381, 0.9764666952752286)",2,97.16886389493597,42083
"(0.8098502304147466, 0.9749910873440284)",1,97.16879930379716,42084
"(0.3821719537723012, 0.9787140463828432)",1,97.16879267051888,42085
"(0.4896359390280644, 0.9962497362353954)",1,97.16876641594176,42086
"(0.9574285714285714, 0.9716190476190476)",3,97.16874675574157,42089
"(0.9259740526337398, 0.97502985598876)",2,97.16871262729804,42091
"(0.5158881303156945, 0.977020983098331)",1,97.1687119234246,42092
"(0.8098502304147466, 0.9749910873440284)",1,97.16869521512206,42093
"(0.5840612548892117, 0.9756698207882276)",1,97.16868953599328,42094
"(0.4865876628104142, 0.9870601047071634)",1,97.16863193398676,42095
"(0.8656595443322052, 0.975675542415073)",1,97.16859926736124,42096
"(0.9540153992631536, 0.9716190476190476)",2,97.16859920863796,42098
"(0.9505232430050672, 0.9716190476190476)",1,97.1685979164792,42099
"(0.3464973708160582, 0.9988619159967322)",1,97.16859339249665,42100
"(0.9712822597033124, 0.9714285714285714)",1,97.16858595635168,42101
"(0.888945374800638, 0.9749656593406592)",1,97.16852483329684,42102
"(0.888622291021672, 0.9749656593406592)",1,97.16838446085757,42103
"(0.8098502304147466, 0.9749910873440284)",2,97.1683203564655,42105
"(0.59638347550428, 0.9996210215628012)",1,97.16827267912876,42106
"(0.8074780204479453, 0.9749910873440284)",1,97.16825103404072,42107
"(0.8770575330421131, 0.9766891918497548)",1,97.16824088780848,42108
"(0.7665484369555701, 0.9764666952752286)",1,97.16822828767464,42109
"(0.7602379596828609, 0.9749910873440284)",1,97.16817622588876,42110
"(0.6226174561728305, 0.99)",2,97.1681501100266,42112
"(0.6088071867185179, 1.0)",1,97.16808166927144,42113
"(0.6759495516512356, 0.9764666952752286)",1,97.16797365621126,42114
"(0.8768488063660478, 0.9749656593406592)",1,97.16790230430392,42115
"(0.8631546198466533, 0.9764666952752286)",1,97.16789629345124,42116
"(0.8715701474388204, 0.972281746031746)",2,97.1678435633303,42118
"(0.4890731859530187, 0.9875006250625062)",2,97.16777898703828,42120
"(0.8758315541941273, 0.9735486410250802)",1,97.1677354614494,42121
"(0.8777335856148074, 0.9736842105263158)",1,97.16771855646108,42122
"(0.4585755850187953, 0.9974998905914936)",1,97.16754562646896,42123
"(0.8929525217803214, 0.9786694888904832)",1,97.16754207727293,42124
"(0.8715701474388204, 0.972281746031746)",1,97.16745511671878,42125
"(0.8148308968977662, 0.972281746031746)",1,97.16739898195598,42126
"(0.8087623896023756, 0.9764666952752286)",1,97.1673711439948,42127
"(0.8890123456790123, 0.9722222222222222)",1,97.1673148678119,42128
"(0.7084717607973421, 0.9764666952752286)",1,97.16726483478168,42129
"(0.8340166019865393, 0.9749910873440284)",1,97.16724165071784,42130
"(0.9225446428571428, 0.9749656593406592)",1,97.16701212700632,42131
"(0.9528533742496432, 0.97502985598876)",1,97.1669116138241,42132
"(0.9712822597033124, 0.9714285714285714)",1,97.16689873075607,42133
"(0.8112275321577646, 0.9764666952752286)",1,97.1668865288936,42134
"(0.4330451959188837, 0.9912488373656227)",2,97.16688259464696,42136
"(0.5358225632551378, 0.98)",1,97.1667732838782,42137
"(0.9224996008939976, 0.9749910873440284)",1,97.16667824997737,42138
"(0.8871966240387292, 0.9861673414304992)",1,97.16667664473007,42139
"(0.3464973708160582, 0.9973390598305516)",1,97.16666544112,42140
"(0.8306479779411763, 0.9749910873440284)",1,97.16659463127492,42141
"(0.8029092456511812, 0.9739864894555236)",2,97.16657413935424,42143
"(0.8955173107890498, 0.9749910873440284)",1,97.166493889405,42144
"(0.852, 0.9749910873440284)",1,97.16643980319752,42145
"(0.9873891625615764, 0.9958292603453894)",1,97.16626077976792,42146
"(0.6054204941400063, 0.9837506856336506)",1,97.16622561796022,42147
"(0.3823454664699131, 1.0)",1,97.16602372224808,42148
"(0.7885047499939597, 0.9764666952752286)",1,97.166008716541,42149
"(0.5209072341900949, 0.9911835359684772)",3,97.16600570348496,42152
"(0.9240041208791208, 0.9749910873440284)",1,97.16598858530612,42153
"(0.8207953412961668, 0.9790536524153534)",1,97.16596014659856,42154
"(0.8716153127917834, 0.9861673414304992)",1,97.16591200109022,42155
"(0.7179548459289354, 0.9790540349287944)",1,97.16590443369012,42156
"(0.640941499241254, 0.9899983116452704)",1,97.1658756549072,42157
"(0.9240041208791208, 0.9749910873440284)",1,97.1657939026303,42158
"(0.9314912029239976, 0.9764666952752286)",1,97.16569983838755,42159
"(0.7513013302486987, 0.9870601047071634)",1,97.16551610359642,42160
"(0.401652976500311, 0.9870601047071634)",1,97.16541962524217,42161
"(0.4673343159733596, 0.9974998905914936)",1,97.16539850132824,42162
"(0.8868677229932935, 0.9780434995701116)",1,97.16516952965418,42163
"(0.9030683555945836, 0.9790540349287944)",3,97.16495431146788,42166
"(0.8768488063660478, 0.9749656593406592)",1,97.16492595365318,42167
"(0.8306479779411763, 0.9749910873440284)",1,97.16485161871609,42168
"(0.9160264866799612, 0.9722222222222222)",1,97.16483558867532,42169
"(0.4933386447129642, 0.9975000781372088)",1,97.16482323321404,42170
"(0.8455917807202996, 0.9764666952752286)",1,97.16471406959234,42171
"(0.3618298321342925, 0.9950429441987424)",1,97.16469355756828,42172
"(0.8318916467605246, 0.9780401821284612)",1,97.16468663327323,42173
"(0.90224161204236, 0.9722222222222222)",1,97.1646744969263,42174
"(0.6011178661408698, 1.0)",1,97.16461251411444,42175
"(0.5896957700576321, 0.9984817852901372)",1,97.16456414123503,42176
"(0.5398840942160625, 1.0)",3,97.16446607956516,42179
"(0.8306479779411763, 0.9749910873440284)",1,97.16440049293703,42180
"(0.9834113430318364, 0.9958292603453894)",1,97.16437920455922,42181
"(0.9860411258716344, 0.972045976510262)",1,97.16426629144526,42182
"(0.8306479779411763, 0.9749910873440284)",1,97.16424482728992,42183
"(0.8587195484254307, 0.9722222222222222)",1,97.16423024172268,42184
"(0.8686559598432304, 0.9764666952752286)",1,97.163905410393,42185
"(0.9085605849871624, 0.9736189431913116)",3,97.16387135802688,42188
"(0.8455917807202996, 0.9764666952752286)",1,97.16382864075148,42189
"(0.9427148033126296, 0.9751409401578528)",2,97.16373902163802,42191
"(0.9833211143695014, 1.0)",2,97.16371042190988,42193
"(0.8175446168757694, 0.9861673414304992)",1,97.16368124962514,42194
"(0.5066927083333332, 0.986245936653225)",3,97.16366378231528,42197
"(0.6122976080997202, 0.9950001562744178)",2,97.16361428646005,42199
"(0.9335837499903572, 0.9736189431913116)",1,97.16358030962752,42200
"(0.5932092007364075, 0.9965787912107092)",1,97.16327987313196,42201
"(0.5000532648893304, 0.9861673414304992)",1,97.16303434150277,42202
"(0.8845244231527244, 0.9764666952752286)",1,97.16302849440788,42203
"(0.6892156862745098, 0.9861673414304992)",1,97.16297285081104,42204
"(0.8920217788143652, 0.9748524098350704)",1,97.1629320539814,42205
"(0.8883034087952121, 0.972045976510262)",1,97.16289637396127,42206
"(0.8467135862913097, 0.9749656593406592)",1,97.162878707151,42207
"(0.9609357631051972, 0.9751409401578528)",1,97.16277543373629,42208
"(0.9301209372637944, 0.9722222222222222)",1,97.16242228081931,42209
"(0.6707941587931741, 0.9783779637835908)",1,97.16241728809524,42210
"(0.8335871777048247, 0.97502985598876)",1,97.16240281212583,42211
"(0.9645938855657314, 0.9716190476190476)",3,97.16237956012304,42214
"(0.9392111404005912, 0.9716190476190476)",1,97.16237341877856,42215
"(0.9603476243044132, 0.9714285714285714)",1,97.16234907391184,42216
"(0.9427148033126296, 0.9716190476190476)",1,97.16225872321324,42217
"(0.813515418166581, 0.9766918866148322)",1,97.16223650417288,42218
"(0.779286067193676, 0.9749910873440284)",1,97.16220737747332,42219
"(0.4743478079735079, 0.995053182506911)",1,97.16214467043564,42220
"(0.9164187516971112, 0.9748802746905214)",1,97.16166520924034,42221
"(0.9012059369202228, 0.9749910873440284)",2,97.16163582299266,42223
"(0.5916573432219518, 0.9876739003448344)",3,97.16159387832408,42226
"(0.888622291021672, 0.9749656593406592)",1,97.16151925777628,42227
"(0.8066742741368069, 0.9760134176940602)",1,97.16126084994671,42228
"(0.8098502304147466, 0.9749910873440284)",1,97.16095242539208,42229
"(0.8895939931776995, 0.9749910873440284)",1,97.1608891369296,42230
"(0.852, 0.9749910873440284)",1,97.16084670171658,42231
"(0.7602379596828609, 0.9749910873440284)",1,97.16062023822283,42232
"(0.7179548459289354, 0.9790540349287944)",1,97.16054464841032,42233
"(0.8459266053144301, 0.9749910873440284)",1,97.16048384967192,42234
"(0.925438675470188, 0.9749656593406592)",1,97.16048050743436,42235
"(0.4768807437940118, 0.9766890215720122)",1,97.16023823192842,42236
"(0.8996664258511047, 0.9736189431913116)",1,97.16022551406896,42237
"(0.911234030893585, 0.97502985598876)",1,97.16020848363564,42238
"(0.4776542240827955, 1.0)",1,97.16020797045628,42239
"(0.7084717607973421, 0.9764666952752286)",1,97.1601995016302,42240
"(0.7138200339558575, 0.9749656593406592)",1,97.1601785044399,42241
"(0.8013184398461819, 0.9764666952752286)",1,97.16016891579366,42242
"(0.8340166019865393, 0.9749910873440284)",1,97.1600519290274,42243
"(0.8393264911275135, 0.9770268172641052)",1,97.16002922774962,42244
"(0.8459266053144301, 0.9749910873440284)",2,97.15995152164076,42246
"(0.4965663004560743, 0.9900003125488358)",1,97.15987297305594,42247
"(0.9308697752778572, 0.9716190476190476)",1,97.15985893133778,42248
"(0.4949779061119132, 0.9887504746694504)",1,97.15985761521172,42249
"(0.7864381427049374, 0.9783779637835908)",3,97.15978958507586,42252
"(0.8558852999963277, 0.9764666952752286)",1,97.1597880006673,42253
"(0.7907680396814234, 0.9773648571145208)",3,97.15973189324916,42256
"(0.7250237826596757, 0.9872890642121412)",1,97.15968840097489,42257
"(0.8071948928825261, 0.9861673414304992)",1,97.15963833834088,42258
"(0.362211854979326, 0.981755032293831)",1,97.15961753871484,42259
"(0.9073492428586464, 0.97502985598876)",3,97.15956531922002,42262
"(0.9540153992631536, 0.9751409401578528)",1,97.1595591064473,42263
"(0.8090204369274137, 0.9764666952752286)",1,97.15947604980936,42264
"(0.7620265151515151, 0.9749656593406592)",1,97.1594363159638,42265
"(0.5496794449929138, 0.9889419524433486)",1,97.159435331058,42266
"(0.5221840311996069, 1.0)",1,97.1593892776904,42267
"(0.8768488063660478, 0.9749656593406592)",1,97.15935194934788,42268
"(0.5024914569366774, 0.9975000781372088)",3,97.15931346852608,42271
"(0.7615072500907597, 0.9764666952752286)",1,97.1592888992164,42272
"(0.8770575330421131, 0.9739863825698992)",1,97.15926559297188,42273
"(0.3690581214322782, 0.995822787184029)",1,97.15925322668596,42274
"(0.7678405315614618, 0.9764666952752286)",1,97.1591950970336,42275
"(0.8288092915955513, 0.9780402924104606)",1,97.1591185751019,42276
"(0.5145696010475885, 0.9861310021084456)",1,97.15911785294328,42277
"(0.5028268474667493, 0.9887504746694504)",1,97.15904674597476,42278
"(0.5973423423423424, 0.9975)",1,97.15902813107984,42279
"(0.9788980434141724, 0.9958292603453894)",1,97.1590269166233,42280
"(0.8027044799462303, 0.9783779637835908)",1,97.15889575246268,42281
"(0.8768488063660478, 0.9749656593406592)",2,97.158829620531,42283
"(0.3262466548275309, 0.9984817852901372)",1,97.15872295452532,42284
"(0.9170333674010144, 0.972281746031746)",1,97.15871790175456,42285
"(0.9309563801089225, 0.972281746031746)",1,97.15871054673954,42286
"(0.4686395911561979, 0.9862497206293536)",3,97.15870418593391,42289
"(0.987463247273494, 0.9958292603453894)",1,97.15866534173726,42290
"(0.9677353740627908, 0.97502985598876)",1,97.1586349320048,42291
"(0.5562558356676003, 0.9861673414304992)",1,97.15863113757553,42292
"(0.8467135862913097, 0.9749656593406592)",1,97.1586237033199,42293
"(0.9311507936507936, 0.972420634920635)",1,97.15857403349028,42294
"(0.9122507070492478, 0.9749656593406592)",1,97.15850006107908,42295
"(0.4924143545574438, 0.9900003125488358)",2,97.15846796088796,42297
"(0.9122507070492478, 0.9749656593406592)",1,97.1584103846586,42298
"(0.9224996008939976, 0.9749910873440284)",2,97.15835709739716,42300
"(0.9310483384791604, 0.972420634920635)",1,97.15824969955568,42301
"(0.5403813281251223, 0.9900001875105474)",1,97.15822701054294,42302
"(0.842200034135518, 0.9785714285714284)",1,97.15820816558096,42303
"(0.8456659619450317, 0.9764666952752286)",1,97.15818624342528,42304
"(0.8417410714285716, 0.9749656593406592)",1,97.1581428664048,42305
"(0.8768488063660478, 0.9749656593406592)",1,97.15813642745736,42306
"(0.874450386215092, 0.972281746031746)",2,97.15799194345452,42308
"(0.6337011494252874, 0.9937502637052502)",1,97.15783545507276,42309
"(0.4921211569947243, 0.9975000781372088)",2,97.15780481656977,42311
"(0.5943528693528694, 0.999621402088958)",1,97.15778888723572,42312
"(0.3262466548275309, 0.9984817852901372)",1,97.15775463084006,42313
"(0.5430891625993728, 0.9912498222186796)",1,97.15772955156687,42314
"(0.9436368312757202, 0.972281746031746)",1,97.15772592477568,42315
"(0.6259562980551786, 0.9925002344116268)",1,97.15766810488584,42316
"(0.8558852999963277, 0.9764666952752286)",1,97.15764599965404,42317
"(0.523180676451683, 1.0)",1,97.1576338116206,42318
"(0.5061654456041751, 0.993750341823046)",1,97.15752026061386,42319
"(0.8442988787957741, 0.9770268172641052)",1,97.15749339898052,42320
"(0.7907680396814234, 0.978715742507713)",1,97.15746979480716,42321
"(0.6746811878062335, 0.9773648571145208)",3,97.15731873799956,42324
"(0.8685314685314685, 0.9764666952752286)",1,97.15726474993824,42325
"(0.9184901612842788, 0.9748802746905214)",1,97.157253616174,42326
"(0.9162596992611264, 0.972420634920635)",1,97.15707577376465,42327
"(0.9300671002153482, 0.972281746031746)",1,97.1570534122012,42328
"(0.8871966240387292, 0.9861673414304992)",1,97.15704245626452,42329
"(0.8340166019865393, 0.9749910873440284)",1,97.15699314626625,42330
"(0.9436368312757202, 0.972281746031746)",1,97.15694353646552,42331
"(0.58585292908676, 0.9887494198121832)",1,97.15685592354816,42332
"(0.915887675849288, 0.9753374353135024)",1,97.1568124222348,42333
"(0.92975135975136, 0.972281746031746)",1,97.15677798206605,42334
"(0.917283950617284, 0.972420634920635)",1,97.15664805162017,42335
"(0.9436368312757202, 0.972281746031746)",2,97.15663637617804,42337
"(0.8868677229932935, 0.9736842105263158)",3,97.15660755298364,42340
"(0.7602379596828609, 0.9749910873440284)",1,97.15659706294817,42341
"(0.5909030435404882, 1.0)",1,97.15658083340088,42342
"(0.8751897860593512, 0.972420634920635)",1,97.15654083395668,42343
"(0.5439418946866578, 0.9753298704358156)",1,97.15645813772444,42344
"(0.9436368312757202, 0.972281746031746)",2,97.15641063671856,42346
"(0.9146901709401708, 0.972281746031746)",1,97.15640495206712,42347
"(0.9674564520532262, 0.9958292603453894)",1,97.15633214556776,42348
"(0.8881475667189953, 0.972420634920635)",1,97.15628882653532,42349
"(0.8306479779411763, 0.9749910873440284)",1,97.1562873431448,42350
"(0.9705196174266384, 0.9958292603453894)",2,97.15628261200764,42352
"(0.8871082621082622, 0.972281746031746)",1,97.15626059578112,42353
"(0.9833080808080809, 0.9958292603453894)",1,97.15619006760755,42354
"(0.9069647153947764, 0.9714285714285714)",1,97.1560641817568,42355
"(0.509688959052258, 0.9912488373656227)",1,97.15601155115922,42356
"(0.4921512824029625, 0.9912488373656227)",1,97.1558799074499,42357
"(0.4514795008912656, 0.9987499746026686)",1,97.15587441993974,42358
"(0.5166972147349506, 0.9973498146227074)",1,97.1557605263172,42359
"(0.888945374800638, 0.9749656593406592)",1,97.1557476997858,42360
"(0.5151897052695996, 0.9928066396902058)",1,97.15566833306704,42361
"(0.974772367065274, 0.9958292603453894)",1,97.15566010164152,42362
"(0.3974337753332183, 0.9988619159967322)",1,97.15564576944892,42363
"(0.8112275321577646, 0.9764666952752286)",1,97.1556447856741,42364
"(0.9276343133138456, 0.976013472448221)",1,97.1555908656888,42365
"(0.8920944650062507, 0.9764666952752286)",1,97.15555134112886,42366
"(0.846098299557419, 0.972420634920635)",1,97.15553954875412,42367
"(0.930124456440246, 0.972420634920635)",1,97.15551015939393,42368
"(0.4168399821364511, 0.9912488373656227)",1,97.15539985491488,42369
"(0.8442988787957741, 0.9777024991092788)",1,97.15537688107636,42370
"(0.3024053266749896, 0.9992424242424244)",1,97.1553438866687,42371
"(0.8074780204479453, 0.9749910873440284)",1,97.1553379002488,42372
"(0.4609162804468383, 0.9912488373656227)",1,97.15528672636827,42373
"(0.5199775369458128, 0.9899992498312122)",1,97.1552726994723,42374
"(0.6460231360441068, 0.9900282390309454)",1,97.15525558927074,42375
"(0.5129137710809465, 0.994274357955255)",2,97.15525145428916,42377
"(0.8340166019865393, 0.9749910873440284)",1,97.1552283707145,42378
"(0.5212761826633853, 0.9899983116452704)",1,97.15515537495226,42379
"(0.4460735930735931, 0.9900003125488358)",1,97.15510428855714,42380
"(0.7615072500907597, 0.9764666952752286)",2,97.15482835948217,42382
"(0.5081592004685413, 0.9943095799836608)",1,97.15473582039856,42383
"(0.8715701474388204, 0.972281746031746)",2,97.15471183483788,42385
"(0.7283553674089667, 0.9746618758582236)",1,97.15465691979055,42386
"(0.6361158710730316, 0.9764666952752286)",1,97.15460068636258,42387
"(0.8459266053144301, 0.9749910873440284)",1,97.15455985919714,42388
"(0.4778749419158613, 0.9925)",1,97.1545053878554,42389
"(0.1833909490886235, 1.0)",1,97.15447777054324,42390
"(0.9288982963016116, 0.9716190476190476)",3,97.15441823060206,42393
"(0.9748850895736324, 0.9958292603453894)",1,97.1542942150586,42394
"(0.9348222545262322, 0.9716190476190476)",1,97.1542810224,42395
"(0.5734860695371862, 0.9764666952752286)",1,97.1542682503084,42396
"(0.2537048100490196, 0.994669914502554)",1,97.15421206338075,42397
"(0.7615072500907597, 0.9764666952752286)",2,97.1541161316256,42399
"(0.9162596992611264, 0.972281746031746)",2,97.15402088949398,42401
"(0.4986472607029235, 0.9900003125488358)",1,97.15398968573376,42402
"(0.6933160650937552, 0.9764666952752286)",1,97.15398785795612,42403
"(0.9187883397948668, 0.9751409401578528)",1,97.15398390349804,42404
"(0.9535144014828052, 0.9716190476190476)",3,97.15394802163644,42407
"(0.4739473684210526, 0.9937500683646092)",1,97.15383711735548,42408
"(0.5066098655342575, 0.9900003125488358)",1,97.15380273496804,42409
"(0.5562558356676003, 0.9861673414304992)",1,97.15375679840284,42410
"(0.7186738340996477, 0.9773648571145208)",3,97.1537417956449,42413
"(0.7394745529782975, 0.9783778255815424)",1,97.15372249637385,42414
"(0.3686966747214257, 0.9783740828077154)",1,97.1536426616064,42415
"(0.8456659619450317, 0.9764666952752286)",1,97.15361689382536,42416
"(0.8340166019865393, 0.9749910873440284)",1,97.15357680074078,42417
"(0.5823216767679061, 0.9837502793496896)",1,97.15340613038998,42418
"(0.4648065695791297, 0.9988642062668746)",1,97.1533370458145,42419
"(0.950392857142857, 0.9749656593406592)",2,97.15331632637802,42421
"(0.4195358585602487, 0.9870601047071634)",1,97.15329644060384,42422
"(0.95, 0.9751409401578528)",1,97.15327017720423,42423
"(0.5465607854790808, 0.9962044632253434)",1,97.15322772797222,42424
"(0.6088071867185179, 0.9992431829362568)",3,97.15305135129444,42427
"(0.888622291021672, 0.9749656593406592)",1,97.15291135139512,42428
"(0.8895939931776995, 0.9749910873440284)",1,97.15289442052551,42429
"(0.4955203630891704, 0.9862507520107008)",1,97.15279674005352,42430
"(0.9154520780570968, 0.9748802746905214)",1,97.15274819977462,42431
"(0.8937718863178524, 0.979166518665308)",1,97.15269911967044,42432
"(0.4605548955203019, 0.9937501464900972)",1,97.15268089106428,42433
"(0.8426192275313588, 0.9743240898843752)",2,97.15263886041268,42435
"(0.7885047499939597, 0.9764666952752286)",1,97.15261900973128,42436
"(0.785056584180393, 0.9736486486486486)",1,97.15260045563195,42437
"(0.8456659619450317, 0.9764666952752286)",1,97.1525823819681,42438
"(0.5312235853879125, 0.986245936653225)",1,97.15252868719344,42439
"(0.4830767364322945, 0.9912488373656227)",3,97.15252430815326,42442
"(0.9300655321826798, 0.9756746761828256)",2,97.1524810868622,42444
"(0.5012820344246796, 0.988750193395939)",1,97.15244680123548,42445
"(0.6415148305084746, 0.9749910873440284)",1,97.152443269901,42446
"(0.9032855633136024, 0.9722222222222222)",1,97.15239032431076,42447
"(0.6933160650937552, 0.9764666952752286)",1,97.15236571227202,42448
"(0.6415148305084746, 0.9749910873440284)",1,97.15233058906536,42449
"(0.8883034087952121, 0.9722222222222222)",2,97.15224772318892,42451
"(0.7548199009255377, 0.9780403826403014)",2,97.15218265702148,42453
"(0.7304742252709461, 0.9764666952752286)",1,97.15216875749952,42454
"(0.5626274989800081, 0.9764666952752286)",1,97.1521435433749,42455
"(0.987463247273494, 0.9958292603453894)",1,97.1520758744001,42456
"(0.8995772689779955, 0.9749656593406592)",1,97.15201275595032,42457
"(0.2954225865399132, 0.9996210215628012)",3,97.1519920873722,42460
"(0.9791544477028348, 0.9958292603453894)",1,97.15183071236308,42461
"(0.5730351811691473, 0.9787098654314624)",1,97.15178757272652,42462
"(0.779286067193676, 0.9749910873440284)",1,97.15175054915996,42463
"(0.8602650098786556, 0.9780401821284612)",1,97.15164372472744,42464
"(0.7374768177381903, 0.991206314397104)",3,97.15161972605983,42467
"(0.7830369357045144, 0.9764666952752286)",1,97.1514804385158,42468
"(0.8685314685314685, 0.9764666952752286)",1,97.1514175365929,42469
"(0.972420634920635, 0.9861673414304992)",1,97.1514014954152,42470
"(0.402589364275477, 0.9981012669018314)",1,97.15127212560148,42471
"(0.7980310463463742, 0.9770268172641052)",1,97.15122086267932,42472
"(0.8845244231527244, 0.9764666952752286)",1,97.1511234178603,42473
"(0.9494594905410846, 0.97502985598876)",1,97.15101909076265,42474
"(0.8334750774705025, 0.9767441860465116)",2,97.15099927935644,42476
"(0.9259740526337398, 0.9714285714285714)",1,97.15090492030352,42477
"(0.943552974917135, 0.9714285714285714)",1,97.1507938087908,42478
"(0.9572437766315318, 0.9751409401578528)",1,97.1507919554059,42479
"(0.8777008472715792, 0.9790540349287944)",1,97.1506510049186,42480
"(0.8868677229932935, 0.9736842105263158)",1,97.15049507849544,42481
"(0.7756320245634175, 0.9739844822198308)",2,97.15041759682256,42483
"(0.9450323339212228, 0.972045976510262)",1,97.15032692098252,42484
"(0.8777008472715792, 0.9790540349287944)",1,97.15023862769247,42485
"(0.8389313963994772, 0.9763513297583164)",1,97.15021865465408,42486
"(0.4594704236610712, 0.99499949979992)",2,97.1501751747112,42488
"(0.9833040078201368, 0.9958292603453894)",2,97.15016589204204,42490
"(0.9528533742496432, 0.9714285714285714)",2,97.15011888737855,42492
"(0.9860411258716344, 0.972045976510262)",1,97.15011666246906,42493
"(0.9645938855657314, 0.9715593185206444)",1,97.15009985303745,42494
"(0.5312235853879125, 0.986245936653225)",1,97.15003032963614,42495
"(0.8743078626799556, 0.972045976510262)",1,97.15002895261983,42496
"(0.3892988407371969, 0.9776968365366157)",1,97.14996089817004,42497
"(0.5347926731078905, 0.9924242424242424)",1,97.14980822655858,42498
"(0.979166518665308, 1.0)",1,97.14973981972702,42499
"(0.4794373036867545, 0.9824289422812688)",2,97.149718058202,42501
"(0.8631546198466533, 0.9764666952752286)",1,97.14967984449773,42502
"(0.9230627959463646, 0.97502985598876)",1,97.14948300132012,42503
"(0.779286067193676, 0.9749910873440284)",2,97.14937107065874,42505
"(0.7909392097264437, 0.9749910873440284)",1,97.14935810799514,42506
"(0.5577532679738562, 0.98999899959984)",1,97.149290669252,42507
"(0.6472942352413201, 0.9874968730456536)",1,97.14928035757605,42508
"(0.5578721277457231, 0.98999899959984)",1,97.14917922628926,42509
"(0.7980310463463742, 0.9770268172641052)",3,97.14911317185415,42512
"(0.7423856773080242, 0.9749656593406592)",2,97.14880906055193,42514
"(0.7138200339558575, 0.9749656593406592)",1,97.14879542349207,42515
"(0.5169470317739897, 1.0)",1,97.1487814072934,42516
"(0.5312235853879125, 0.986245936653225)",1,97.14877829056924,42517
"(0.4743478079735079, 0.9988619159967322)",1,97.1487318127641,42518
"(0.7138200339558575, 0.9749656593406592)",1,97.14861511242177,42519
"(0.925438675470188, 0.9749656593406592)",1,97.14856513712292,42520
"(0.9234894220441888, 0.9748802746905214)",1,97.14855641574653,42521
"(0.5087400188487272, 0.9974998905914936)",1,97.14853381601483,42522
"(0.6782260590400124, 0.9767441860465116)",1,97.14850469107849,42523
"(0.9288982963016116, 0.9751409401578528)",1,97.14850309609444,42524
"(0.8952438710847427, 0.9756756756756756)",1,97.14849810250662,42525
"(0.7084717607973421, 0.9764666952752286)",1,97.14841748659803,42526
"(0.6361158710730316, 0.9764666952752286)",1,97.1483636160828,42527
"(0.9572437766315318, 0.9716190476190476)",1,97.14821799981466,42528
"(0.8813457860512559, 0.9790972342015986)",1,97.14817398078029,42529
"(0.8645256232686982, 0.9736842105263158)",1,97.14808200658848,42530
"(0.8589064384650125, 0.9748802746905214)",1,97.1480554308798,42531
"(0.861111111111111, 0.9833229101521784)",2,97.14788318345296,42533
"(0.9259740526337398, 0.9714285714285714)",1,97.14763912711194,42534
"(0.9134717985546716, 0.9733095953338988)",1,97.14761110660234,42535
"(0.8777335856148074, 0.9736842105263158)",1,97.1475546790936,42536
"(0.9540153992631536, 0.9716190476190476)",3,97.14748828954012,42539
"(0.5626274989800081, 0.9764666952752286)",1,97.1474380228122,42540
"(0.4069389693383772, 0.9807392217623628)",2,97.14742910551644,42542
"(0.9640038239043044, 0.9785714285714284)",1,97.14736936981453,42543
"(0.9212328545548654, 0.9751409401578528)",1,97.14736141747848,42544
"(0.7602379596828609, 0.9749910873440284)",1,97.14723209716148,42545
"(0.960666032023912, 0.9714285714285714)",1,97.14710575983742,42546
"(0.683178560611297, 0.9780405330215504)",1,97.14709474376002,42547
"(0.4403449749235543, 1.0)",1,97.14706674732878,42548
"(0.6182998752190132, 0.9887506152584083)",3,97.14704752542548,42551
"(0.4799413873705827, 0.9841189294722832)",2,97.14703968463373,42553
"(0.5049504801920769, 0.9962501582231502)",1,97.14702332829194,42554
"(0.3471124103309341, 0.9981012669018314)",3,97.1468244512938,42557
"(0.6226233514747549, 0.9984863658725142)",1,97.14680018148762,42558
"(0.4162177798306099, 0.986249032863116)",2,97.14679586547528,42560
"(0.5176663811175343, 0.9981012669018314)",1,97.14673200705818,42561
"(0.8050115655679925, 0.9773647744436904)",1,97.14673191422048,42562
"(0.9528533742496432, 0.9714285714285714)",3,97.14671624729604,42565
"(0.9712822597033124, 0.9714285714285714)",3,97.14669720795057,42568
"(0.7856964763329513, 0.9722222222222222)",1,97.14667383496086,42569
"(0.8948142000428356, 0.9749656593406592)",1,97.14666120262332,42570
"(0.5250909268039229, 0.9919587439235272)",3,97.14664741884287,42573
"(0.9301209372637944, 0.9722222222222222)",1,97.14661458806812,42574
"(0.7186738340996477, 0.9780403826403014)",1,97.14643902226148,42575
"(0.8003813092161745, 0.9748802746905214)",1,97.1463531248709,42576
"(0.5049504801920769, 0.9950002500250024)",1,97.14632419470686,42577
"(0.7891673497098101, 0.9780434995701116)",1,97.1462957185025,42578
"(0.7943622269203664, 0.9764666952752286)",1,97.14625430906736,42579
"(0.8487869319267668, 0.972281746031746)",1,97.14624729911442,42580
"(0.6707941587931741, 0.9780401821284612)",1,97.14623877511158,42581
"(0.8050115655679925, 0.9790540349287944)",1,97.14621428030564,42582
"(0.7665484369555701, 0.9764666952752286)",1,97.1461944889626,42583
"(0.6384521701955596, 0.991206314397104)",1,97.146130849576,42584
"(0.1820732552439869, 0.9870601047071634)",1,97.14602812874696,42585
"(0.7296277808577878, 0.9763507467298118)",2,97.1460043247931,42587
"(0.8920217788143652, 0.9748802746905214)",1,97.1459887430252,42588
"(0.4076247491511041, 0.9984817852901372)",1,97.14594278439718,42589
"(0.9645238095238096, 0.9749052909377262)",1,97.14593496425726,42590
"(0.4795837122630575, 0.9988619159967322)",1,97.14574025606932,42591
"(0.9331814008429188, 0.9764666952752286)",1,97.14571269513118,42592
"(0.9140194694749032, 0.9735486410250802)",1,97.14553180042734,42593
"(0.9640038239043044, 0.9714285714285714)",1,97.14547828955104,42594
"(0.7885047499939597, 0.9764666952752286)",1,97.1454724233057,42595
"(0.9916585206907788, 0.9958292603453894)",1,97.14543650587208,42596
"(0.8272165916646247, 0.9729728249056364)",1,97.14542495629634,42597
"(0.7283553674089667, 0.9783779637835908)",1,97.14536932505716,42598
"(0.9640038239043044, 0.9714285714285714)",1,97.14531873309984,42599
"(0.8098502304147466, 0.9749910873440284)",1,97.1452155504119,42600
"(0.4585384595277654, 0.9899983116452704)",1,97.14517275853368,42601
"(0.5166972147349506, 1.0)",3,97.1451615344271,42604
"(0.4949779061119132, 0.9912503691873502)",1,97.14516043334044,42605
"(0.5302041096685234, 0.9896612421873924)",1,97.14499133572056,42606
"(0.8490208544183524, 0.972281746031746)",2,97.14490921825984,42608
"(0.563035225158132, 1.0)",1,97.14488296101888,42609
"(0.8895939931776995, 0.9749910873440284)",1,97.14483308887068,42610
"(0.7602379596828609, 0.9749910873440284)",1,97.14475394437264,42611
"(0.9309563801089225, 0.972281746031746)",1,97.1447516297344,42612
"(0.9574285714285714, 0.9716190476190476)",3,97.14471153510956,42615
"(0.9122507070492478, 0.9749656593406592)",1,97.14464721307048,42616
"(0.8916138279602192, 0.9749692931061258)",1,97.14454696874736,42617
"(0.5951711142105386, 0.9950429441987424)",1,97.14438353081349,42618
"(0.6020449077786688, 0.9764666952752286)",1,97.14435204761908,42619
"(0.9110813074094206, 0.9764666952752286)",1,97.14432142598926,42620
"(0.8201767124753505, 0.9736842105263158)",1,97.14431314005832,42621
"(0.4437501725645391, 0.983748857020046)",1,97.14421776494022,42622
"(0.484646846010113, 0.9974998905914936)",1,97.14417980479146,42623
"(0.4935497074925994, 0.99499949979992)",2,97.14411705850723,42625
"(0.9172008547008548, 0.9861673414304992)",1,97.1441127667115,42626
"(0.9705196174266384, 0.9958292603453894)",1,97.14410852233354,42627
"(0.4684544892656223, 0.9900003125488358)",2,97.14405287825976,42629
"(0.9574285714285714, 0.9751409401578528)",1,97.14405018773968,42630
"(0.9028964862298196, 0.972420634920635)",1,97.14403127215137,42631
"(0.9712822597033124, 0.9714285714285714)",1,97.14399548315612,42632
"(0.6194163158907553, 0.9937491695468736)",1,97.14392440242246,42633
"(0.874450386215092, 0.972281746031746)",1,97.14372885980144,42634
"(0.8467135862913097, 0.9749656593406592)",1,97.1436965532566,42635
"(0.874450386215092, 0.972281746031746)",1,97.14360522878874,42636
"(0.8389313963994772, 0.9763511354198192)",1,97.14355569366263,42637
"(0.874450386215092, 0.972281746031746)",1,97.14355274074582,42638
"(0.888622291021672, 0.9749656593406592)",1,97.14355235161098,42639
"(0.9309563801089225, 0.972281746031746)",1,97.14352133960767,42640
"(0.9712822597033124, 0.9714285714285714)",1,97.1434725294038,42641
"(0.8569370609099162, 0.9722972972972974)",1,97.14340551922476,42642
"(0.8459266053144301, 0.9749910873440284)",1,97.14340040300958,42643
"(0.8292352872388802, 0.9770269011697912)",1,97.14333120046004,42644
"(0.7617216117216117, 0.9870601047071634)",1,97.14330577545095,42645
"(0.888945374800638, 0.9749656593406592)",2,97.1431742228664,42647
"(0.9379369827374928, 0.9714285714285714)",1,97.14315556969602,42648
"(0.8395301149279116, 0.9764666952752286)",1,97.14314822416638,42649
"(0.9134717985546716, 0.9770268172641052)",1,97.14314272199212,42650
"(0.6915482942087353, 0.9954681176856612)",1,97.14313611164565,42651
"(0.9146901709401708, 0.972281746031746)",1,97.14309430009602,42652
"(0.8112275321577646, 0.9764666952752286)",1,97.14308066107344,42653
"(0.9572437766315318, 0.9715593185206444)",1,97.14297039251409,42654
"(0.8098502304147466, 0.9749910873440284)",1,97.14296889112973,42655
"(0.4666099856929945, 0.9962500644653132)",1,97.14287152569952,42656
"(0.9146901709401708, 0.972281746031746)",1,97.14277488428029,42657
"(0.9373666512059368, 0.9749910873440284)",1,97.14269029635842,42658
"(0.7394745529782975, 0.9763513513513512)",2,97.14263021991658,42660
"(0.3434871832287562, 0.9962501582231502)",1,97.14260579350103,42661
"(0.8770575330421131, 0.975)",1,97.1425451712366,42662
"(0.7615072500907597, 0.9764666952752286)",1,97.14253337354914,42663
"(0.8148308968977662, 0.9861673414304992)",1,97.14238856755382,42664
"(0.8876473063973064, 0.972420634920635)",1,97.14236754574053,42665
"(0.828966378966379, 0.9861673414304992)",1,97.14232953104312,42666
"(0.8442988787957741, 0.9777024991092788)",1,97.14232606274182,42667
"(0.8112275321577646, 0.9764666952752286)",1,97.14231807285834,42668
"(0.7039428320692033, 0.9764666952752286)",1,97.14227747200566,42669
"(0.8874191651969431, 0.972420634920635)",1,97.14227380478196,42670
"(0.95, 0.9751409401578528)",1,97.14220024991424,42671
"(0.8340166019865393, 0.9749910873440284)",1,97.14217126245654,42672
"(0.888945374800638, 0.9749656593406592)",1,97.14216583515214,42673
"(0.440594458995568, 0.9975000781372088)",2,97.14213075234476,42675
"(0.902192297684101, 0.972281746031746)",1,97.14211072797043,42676
"(0.7401844059863599, 0.9861673414304992)",1,97.14185562482416,42677
"(0.7186738340996477, 0.9773648571145208)",3,97.14171238410512,42680
"(0.9134717985546716, 0.9773647021061568)",1,97.14169361957308,42681
"(0.5306450880554778, 1.0)",1,97.14167649295368,42682
"(0.7431039136302294, 0.9749910873440284)",1,97.1416602937589,42683
"(0.7430884778239842, 0.9749997717295232)",1,97.14165481111982,42684
"(0.960666032023912, 0.9714285714285714)",1,97.14163185934947,42685
"(0.7665484369555701, 0.9764666952752286)",2,97.14161092024392,42687
"(0.8074780204479453, 0.9749910873440284)",1,97.14156118542272,42688
"(0.7084717607973421, 0.9764666952752286)",1,97.1415605479194,42689
"(0.872151605428666, 0.9749656593406592)",2,97.1415213128849,42691
"(0.8417410714285716, 0.9749656593406592)",1,97.14149990333172,42692
"(0.5332214830187948, 0.983748857020046)",1,97.14141007832076,42693
"(0.6759495516512356, 0.9764666952752286)",1,97.1413758145158,42694
"(0.5353461588384578, 0.9912206821980571)",1,97.14133533555813,42695
"(0.9436368312757202, 0.972281746031746)",1,97.14129443355957,42696
"(0.8459266053144301, 0.9749910873440284)",1,97.14125752346412,42697
"(0.7665484369555701, 0.9764666952752286)",2,97.14111437021523,42699
"(0.9111482937118004, 0.973309059146894)",2,97.14107411486248,42701
"(0.8098502304147466, 0.9749910873440284)",1,97.14104767757016,42702
"(0.8750583443290422, 0.9773642060639776)",2,97.14100778978184,42704
"(0.8296618357487922, 0.972281746031746)",1,97.14095124970667,42705
"(0.9712822597033124, 0.9713574016563148)",1,97.1408102124908,42706
"(0.7186738340996477, 0.9773648674483127)",2,97.14080457987838,42708
"(0.419237903544084, 0.9969635705802744)",1,97.14079346783872,42709
"(0.477671768371638, 1.0)",1,97.14051810136796,42710
"(0.9164187516971112, 0.9748802746905214)",1,97.14047516649735,42711
"(0.962505246140658, 0.9958292603453894)",1,97.1404662702645,42712
"(0.962505246140658, 0.9958292603453894)",1,97.14039901887207,42713
"(0.7394745529782975, 0.9783779637835908)",1,97.14039057807764,42714
"(0.4514795008912656, 0.9987499746026686)",1,97.1403418231411,42715
"(0.7833537331701346, 0.9764666952752286)",1,97.14033052323256,42716
"(0.6070991828496547, 1.0)",1,97.1400535337053,42717
"(0.8456659619450317, 0.9764666952752286)",1,97.14003088030428,42718
"(0.3783557682332193, 0.9912488373656227)",1,97.13999058924765,42719
"(0.8715701474388204, 0.972281746031746)",1,97.13998890679365,42720
"(0.9392111404005912, 0.9716190476190476)",3,97.1399630504264,42723
"(0.902898027898028, 0.9722222222222222)",1,97.1399563137353,42724
"(0.8456659619450317, 0.9764666952752286)",1,97.13988299027297,42725
"(0.95, 0.9716190476190476)",3,97.13984154772594,42728
"(0.664091471262014, 1.0)",1,97.13981810244684,42729
"(0.8459266053144301, 0.9749910873440284)",1,97.13981034878172,42730
"(0.8660545355265853, 0.9749910873440284)",1,97.13980206819902,42731
"(0.9645938855657314, 0.9716190476190476)",1,97.1397862094908,42732
"(0.8726893261776982, 0.988167361639188)",1,97.13977583796292,42733
"(0.846224760385985, 0.9770269011697912)",1,97.13970657629469,42734
"(0.911234030893585, 0.9714285714285714)",1,97.13965824466013,42735
"(0.5119662237091893, 0.9938894536653996)",3,97.1395922398096,42738
"(0.843730230395311, 0.9764666952752286)",1,97.139511460969,42739
"(0.8810064268049709, 0.991206314397104)",1,97.13942396187566,42740
"(0.8829656107481818, 0.9736189431913116)",1,97.13941924311209,42741
"(0.861957198953386, 0.9764666952752286)",2,97.13939885770218,42743
"(0.8459266053144301, 0.9749910873440284)",1,97.13933965249969,42744
"(0.5734860695371862, 0.9764666952752286)",1,97.13930164319346,42745
"(0.5994410151073721, 0.9763514917166516)",1,97.13917610570984,42746
"(0.7639004270430678, 0.975675542415073)",2,97.13913790233744,42748
"(0.5892852345838203, 0.992345717416214)",3,97.13898869806086,42751
"(0.6456925128205129, 0.9912503691873502)",1,97.13898103670302,42752
"(0.8748200797381125, 0.9722222222222222)",2,97.13894228727514,42754
"(0.2204230963407635, 1.0)",1,97.1389105296735,42755
"(0.8148308968977662, 0.972281746031746)",1,97.1389073747385,42756
"(0.9833040078201368, 0.9958292603453894)",1,97.1389012588955,42757
"(0.5778206440811193, 0.9931184132078772)",3,97.13887838094402,42760
"(0.90224161204236, 0.9722222222222222)",1,97.13887526652856,42761
"(0.8845244231527244, 0.9764666952752286)",2,97.1388682778332,42763
"(0.5626274989800081, 0.9764666952752286)",1,97.13882830027856,42764
"(0.4862716741329175, 0.9937501074421884)",1,97.1387555814317,42765
"(0.4514795008912656, 0.9962500644653132)",1,97.13875052412816,42766
"(0.9161379295307868, 1.0)",1,97.13872549805204,42767
"(0.8148308968977662, 0.972281746031746)",1,97.13869290866032,42768
"(0.8995772689779955, 0.9749656593406592)",1,97.1386876580781,42769
"(0.4896359390280644, 0.9937501074421884)",1,97.1386641920771,42770
"(0.843730230395311, 0.9764666952752286)",1,97.13857329876802,42771
"(0.506032156862745, 0.9975000781372088)",3,97.13856110656522,42774
"(0.9306013489647758, 0.9735486410250802)",1,97.13848346393046,42775
"(0.8748200797381125, 0.9722222222222222)",1,97.13841896185012,42776
"(0.864057359093178, 0.9729729482952526)",1,97.13840742643066,42777
"(0.8748200797381125, 0.9722222222222222)",1,97.13838340579126,42778
"(0.7602379596828609, 0.9749910873440284)",1,97.1383179106232,42779
"(0.9603476243044132, 0.971495851087688)",1,97.13829839167671,42780
"(0.9111482937118004, 0.9783779637835908)",2,97.13823290874376,42782
"(0.5646425140758221, 0.9875003906860448)",2,97.13821242596175,42784
"(0.8372053872053872, 0.9833229101521784)",1,97.13819811035027,42785
"(0.9575913511472004, 0.9749052909377262)",1,97.13819359244812,42786
"(0.9644491481508056, 0.9716190476190476)",1,97.13814677356112,42787
"(0.9791258409522168, 0.9958292603453894)",1,97.13808575736046,42788
"(0.7453765521802005, 0.9743227769302348)",1,97.13807625695084,42789
"(0.4286108159239762, 0.978712996478068)",1,97.13796862297676,42790
"(0.9261858974358974, 0.9747507916611692)",1,97.1377054007878,42791
"(0.8975764647467728, 0.9749656593406592)",1,97.13770535829158,42792
"(0.9026337658413128, 0.9722222222222222)",1,97.13770509141094,42793
"(0.6521663785997688, 0.976761412575366)",1,97.13764297941512,42794
"(0.8148308968977662, 0.9861673414304992)",1,97.13760089259024,42795
"(0.4611605493121345, 0.9987499746026686)",1,97.13751555555145,42796
"(0.5040227752743499, 0.9862507520107008)",2,97.13751443685976,42798
"(0.8455917807202996, 0.9764666952752286)",1,97.13748749669612,42799
"(0.8715701474388204, 0.972281746031746)",1,97.13744997344187,42800
"(0.831031066037186, 0.988167361639188)",1,97.13742883853509,42801
"(0.8130477958637364, 0.9736842105263158)",1,97.13741326142454,42802
"(0.9012059369202228, 0.9749910873440284)",1,97.13740927456618,42803
"(0.8660545355265853, 0.9749910873440284)",1,97.13740666945928,42804
"(0.6361158710730316, 0.9764666952752286)",1,97.13734143842493,42805
"(0.9225446428571428, 0.9749656593406592)",1,97.13730736161676,42806
"(0.9110813074094206, 0.9764666952752286)",1,97.13725138599136,42807
"(0.5082177015724898, 0.9987499746026686)",1,97.13716640461966,42808
"(0.5062737076776085, 0.98)",1,97.13705980453804,42809
"(0.8467135862913097, 0.9749656593406592)",1,97.13698775390074,42810
"(0.5730351811691473, 0.9807374972951326)",1,97.13670068006346,42811
"(0.8340166019865393, 0.9749910873440284)",1,97.13650624875356,42812
"(0.9422394177612392, 0.9749052909377262)",1,97.1363639821105,42813
"(0.6933160650937552, 0.9764666952752286)",1,97.13634356178518,42814
"(0.9502288074111276, 0.9716190476190476)",1,97.13612636704792,42815
"(0.9860411258716344, 0.972045976510262)",1,97.13607311065697,42816
"(0.9056521696628445, 0.9764666952752286)",1,97.13604713114556,42817
"(0.888945374800638, 0.9749656593406592)",1,97.13588304891356,42818
"(0.7578328648096089, 0.9764666952752286)",2,97.13586662140712,42820
"(0.5332214830187948, 0.9862497206293536)",2,97.1358442021304,42822
"(0.9833211143695014, 1.0)",1,97.13580949043276,42823
"(0.9649790647893116, 0.9958292603453894)",1,97.1357735676512,42824
"(0.7296277808577878, 0.9766891492806656)",1,97.13568849629264,42825
"(0.8201767124753505, 0.9736842105263158)",2,97.1356124276782,42827
"(0.4933386447129642, 0.9975000781372088)",2,97.13559805630746,42829
"(0.987463247273494, 0.9958292603453894)",1,97.13557695114898,42830
"(0.9572437766315318, 0.9715593185206444)",1,97.13552238090946,42831
"(0.3833435083435083, 0.9870601047071634)",1,97.1354859158376,42832
"(0.4530386103743641, 0.9925)",1,97.13546283721752,42833
"(0.5061654456041751, 0.9962501582231502)",2,97.13534775244452,42835
"(0.9640038239043044, 0.9713574016563148)",1,97.13530131795338,42836
"(0.5459165183258022, 0.9984833216465048)",1,97.13527452953528,42837
"(0.9017715617715616, 0.9861673414304992)",1,97.13515275074904,42838
"(0.930124456440246, 0.972045976510262)",3,97.13511734495238,42841
"(0.8920944650062507, 0.9764666952752286)",1,97.13507466546484,42842
"(0.9459285785969274, 0.9751409401578528)",1,97.13488603073776,42843
"(0.865587044534413, 0.9736842105263158)",1,97.13481132091584,42844
"(0.9719135802469137, 0.972045976510262)",1,97.1347144426689,42845
"(0.7615072500907597, 0.9764666952752286)",2,97.13471051762572,42847
"(0.9860411258716344, 0.972045976510262)",1,97.13468246961634,42848
"(0.9916339869281046, 0.9958292603453894)",1,97.13455330608886,42849
"(0.4553345256344744, 1.0)",1,97.13443279332174,42850
"(0.9310483384791604, 0.9861673414304992)",1,97.1343405826224,42851
"(0.9012059369202228, 0.9749910873440284)",1,97.13420398336162,42852
"(0.5277652279377781, 0.9988642062668746)",1,97.13415058433252,42853
"(0.7830369357045144, 0.9764666952752286)",1,97.1337712189089,42854
"(0.8843764852418178, 0.9764666952752286)",1,97.1337427075358,42855
"(0.9860411258716344, 0.972045976510262)",1,97.13371518009647,42856
"(0.5028268474667493, 0.9925)",1,97.13370771918802,42857
"(0.7778533896115083, 0.9736842105263158)",1,97.1337073293462,42858
"(0.6786000457875457, 0.9870601047071634)",1,97.13370565027246,42859
"(0.9540153992631536, 0.9786694888904832)",1,97.13369720505504,42860
"(0.8098502304147466, 0.9749910873440284)",1,97.13366380335104,42861
"(0.5295994275347542, 1.0)",1,97.13362799599317,42862
"(0.1523541666666666, 0.9961927960732532)",1,97.1336028846245,42863
"(0.9793622864590606, 0.9958292603453894)",1,97.1335605080927,42864
"(0.418728666447884, 0.9974998905914936)",2,97.13348151312768,42866
"(0.852, 0.9749910873440284)",1,97.1334620290939,42867
"(0.5853182863855046, 0.9777026416251218)",1,97.1334366610759,42868
"(0.9187883397948668, 0.9716190476190476)",1,97.13335221304462,42869
"(0.7117488269507486, 0.9767441860465116)",1,97.13331928551251,42870
"(0.4603282383880727, 0.9987499746026686)",1,97.13325733748876,42871
"(0.5418599142431635, 0.98539452093886)",1,97.13325702199472,42872
"(0.8891350546176764, 0.9749910873440284)",1,97.13324053623307,42873
"(0.8074780204479453, 0.9749910873440284)",1,97.13323196679346,42874
"(0.8395301149279116, 0.9764666952752286)",1,97.13314138055462,42875
"(0.9188863189008992, 0.9767441860465116)",2,97.1331018697218,42877
"(0.6430200463634697, 1.0)",1,97.1330059283666,42878
"(0.5730351811691473, 0.9820904790340712)",1,97.13293190343252,42879
"(0.8616465603190429, 0.9749656593406592)",1,97.13289776720046,42880
"(0.8483418730488175, 0.9958292603453894)",1,97.13287556326335,42881
"(0.901028965681318, 0.9764666952752286)",1,97.1328415596526,42882
"(0.9259740526337398, 0.9714285714285714)",3,97.1328069566815,42885
"(0.983545503234046, 1.0)",2,97.13280166441844,42887
"(0.7602379596828609, 0.9749910873440284)",1,97.13270415481232,42888
"(0.8112275321577646, 0.9764666952752286)",1,97.13268795899177,42889
"(0.9000617225831424, 0.9833229101521784)",1,97.1326829113469,42890
"(0.7992282793924381, 0.9764666952752286)",1,97.13254159735588,42891
"(0.9012059369202228, 0.9749910873440284)",1,97.13238397578448,42892
"(0.8416827657517105, 0.9722222222222222)",1,97.13238360698304,42893
"(0.7885047499939597, 0.9764666952752286)",1,97.1323308659768,42894
"(0.4508193203901878, 0.9962497362353954)",1,97.13224465502614,42895
"(0.7992282793924381, 0.9764666952752286)",1,97.13223421416949,42896
"(0.9535144014828052, 0.9716190476190476)",1,97.13211047715708,42897
"(0.7620265151515151, 0.9749656593406592)",1,97.13201919323926,42898
"(0.484731353858467, 0.9975000781372088)",1,97.13196421942249,42899
"(0.9373666512059368, 0.9749910873440284)",1,97.13196119577468,42900
"(0.8221871747362275, 0.9770269011697912)",1,97.13187451239035,42901
"(0.9225446428571428, 0.9749656593406592)",1,97.13185442654928,42902
"(0.5717959790198108, 0.9773591657810632)",1,97.13177911739568,42903
"(0.4468328406505846, 0.9861673414304992)",1,97.13162061500697,42904
"(0.3892988407371969, 0.9787113241348392)",1,97.13152692886922,42905
"(0.9156086605607608, 0.9735486410250802)",1,97.1315159045902,42906
"(0.6410208556964654, 0.9937501074421884)",1,97.13141725805444,42907
"(0.9677353740627908, 0.9714285714285714)",1,97.1313188769998,42908
"(0.9058747619658436, 0.9748802746905214)",1,97.13126640675117,42909
"(0.95, 0.9715593185206444)",1,97.13120045853064,42910
"(0.4787519493971895, 0.9912488373656227)",2,97.131183348866,42912
"(0.9123573595262168, 0.9751409401578528)",3,97.1311773087559,42915
"(0.9073492428586464, 0.97502985598876)",1,97.13115506154288,42916
"(0.7704419291286595, 0.9764666952752286)",1,97.131136375555,42917
"(0.9309563801089225, 0.972281746031746)",3,97.13104048307588,42920
"(0.3600029483220985, 0.9958099132756668)",3,97.13100975919802,42923
"(0.6085242154650133, 0.99)",1,97.1309218510795,42924
"(0.7602379596828609, 0.9749910873440284)",1,97.13084379098376,42925
"(0.6361158710730316, 0.9764666952752286)",1,97.13079331827876,42926
"(0.7833537331701346, 0.9764666952752286)",1,97.13076946693133,42927
"(0.9706172005998612, 0.9958292603453894)",1,97.130755629654,42928
"(0.8417410714285716, 0.9749656593406592)",2,97.1307227629111,42930
"(0.5994410151073721, 0.9773637563733804)",1,97.1306281104861,42931
"(0.926397848615755, 0.9736842105263158)",1,97.13062691482524,42932
"(0.7891673497098101, 0.9736842105263158)",1,97.13061334462842,42933
"(0.9172008547008548, 0.9861673414304992)",1,97.13053840877927,42934
"(0.8768488063660478, 0.9749656593406592)",2,97.1304965365102,42936
"(0.8751897860593512, 0.972420634920635)",1,97.13040971907893,42937
"(0.5153209052589321, 0.9962497362353954)",2,97.13033821604148,42939
"(0.9749088814411396, 1.0)",2,97.13033038250174,42941
"(0.8719725743599862, 0.9736189431913116)",1,97.13032875978897,42942
"(0.8459266053144301, 0.9749910873440284)",1,97.13029549609216,42943
"(0.9162596992611264, 0.972281746031746)",1,97.1302396876585,42944
"(0.6361158710730316, 0.9764666952752286)",1,97.13017726582436,42945
"(0.9640038239043044, 0.9714285714285714)",1,97.1301741420782,42946
"(0.9309563801089225, 0.972281746031746)",2,97.13016260265876,42948
"(0.9224996008939976, 0.9749910873440284)",1,97.13012682932992,42949
"(0.8768488063660478, 0.9749656593406592)",1,97.13012270714378,42950
"(0.4937125269096371, 0.9961927960732532)",1,97.13011795739432,42951
"(0.4901583010700104, 0.9793917437085906)",2,97.13011658570048,42953
"(0.9436368312757202, 0.972281746031746)",1,97.1300482183814,42954
"(0.4632547082040988, 1.0)",3,97.13002687007264,42957
"(0.4746453255640638, 0.9807383947689644)",1,97.13001076453855,42958
"(0.9288982963016116, 0.9716190476190476)",1,97.12995847374528,42959
"(0.6031177317792814, 1.0)",1,97.12994755702375,42960
"(0.8475002808673183, 0.972420634920635)",1,97.12994709597808,42961
"(0.9309563801089225, 0.972281746031746)",1,97.12990392644352,42962
"(0.476193313409349, 0.9975000781372088)",2,97.12989546994606,42964
"(0.4366033352371548, 0.9847957474163168)",2,97.12989058668342,42966
"(0.5287021260301549, 0.9824915717511368)",1,97.12980137122744,42967
"(0.9447665056360708, 0.972420634920635)",1,97.129790228696,42968
"(0.8417378917378917, 0.972045976510262)",1,97.12976136013212,42969
"(0.874450386215092, 0.972281746031746)",3,97.12966949000004,42972
"(0.4921211569947243, 0.9975000781372088)",1,97.1296199951025,42973
"(0.5303843494657449, 0.983748857020046)",1,97.12961567917456,42974
"(0.9230627959463646, 0.971495851087688)",1,97.1295474821322,42975
"(0.8453177368288579, 0.9736189431913116)",2,97.12954626119074,42977
"(0.779286067193676, 0.9749910873440284)",1,97.12953415059528,42978
"(0.9162596992611264, 0.972281746031746)",1,97.12951525011908,42979
"(0.9030683555945836, 0.976013472448221)",1,97.12949541022788,42980
"(0.9184901612842788, 0.9748524098350704)",1,97.12948173991452,42981
"(0.2954225865399132, 0.9981012669018314)",1,97.1294164812398,42982
"(0.1751566951566951, 0.9870601047071634)",1,97.12939201307664,42983
"(0.5019450111046807, 0.9793887743676531)",1,97.12937950570706,42984
"(0.8845244231527244, 0.9764666952752286)",1,97.12935500465044,42985
"(0.8995772689779955, 0.9749656593406592)",1,97.12932687494904,42986
"(0.9335837499903572, 0.9736189431913116)",1,97.12927149320775,42987
"(0.908421874225862, 0.9756756756756756)",2,97.12907380535508,42989
"(0.7620265151515151, 0.9749656593406592)",1,97.1290068077377,42990
"(0.8456659619450317, 0.9764666952752286)",1,97.12895650013898,42991
"(0.8996392387758612, 0.9873891625615764)",1,97.1289339505071,42992
"(0.9162596992611264, 0.972281746031746)",1,97.12884011259062,42993
"(0.7348436174331348, 0.972281746031746)",2,97.1288306504288,42995
"(0.5169664781532898, 0.9912488373656227)",1,97.12875034168717,42996
"(0.9153127183787562, 0.972281746031746)",1,97.12874166037192,42997
"(0.9572437766315318, 0.9716190476190476)",1,97.12871230922634,42998
"(0.4656077375766958, 0.9912488373656227)",1,97.12870657571872,42999
"(0.5277652279377781, 1.0)",1,97.12868696323577,43000
"(0.5626274989800081, 0.9764666952752286)",1,97.12863840825412,43001
"(0.5244344349951165, 1.0)",1,97.1286278944269,43002
"(0.9436368312757202, 0.972281746031746)",1,97.12861378333584,43003
"(0.6404368533365645, 0.9975)",1,97.12860334152856,43004
"(0.9502288074111276, 0.9716190476190476)",1,97.12856848933006,43005
"(0.8329339143064635, 0.972420634920635)",1,97.12853699463868,43006
"(0.8098502304147466, 0.9749910873440284)",1,97.12853208924064,43007
"(0.925438675470188, 0.9749656593406592)",2,97.1284585870236,43009
"(0.3929204539802519, 0.9984817852901372)",1,97.12844352012596,43010
"(0.8074780204479453, 0.9749910873440284)",2,97.12842747386736,43012
"(0.8871082621082622, 0.972281746031746)",1,97.12830323811512,43013
"(0.8876473063973064, 0.972420634920635)",1,97.12828990846822,43014
"(0.6260123507862112, 0.9764666952752286)",1,97.12821587164008,43015
"(0.6759495516512356, 0.9764666952752286)",1,97.12820330153922,43016
"(0.7348436174331348, 0.972281746031746)",1,97.1281884556441,43017
"(0.511612180189574, 1.0)",1,97.12812017355483,43018
"(0.779286067193676, 0.9749910873440284)",1,97.12805487511643,43019
"(0.9069647153947764, 0.97502985598876)",1,97.1278291345786,43020
"(0.8340166019865393, 0.9749910873440284)",1,97.12782719224192,43021
"(0.9665633291439744, 0.9958292603453894)",1,97.12775421406783,43022
"(0.843730230395311, 0.9764666952752286)",1,97.1276868057803,43023
"(0.9300655321826798, 0.9736485042829958)",1,97.12752038264544,43024
"(0.5401582714010459, 0.9887497714240168)",1,97.12747922278416,43025
"(0.8701817267182292, 0.9736189431913116)",1,97.12747410498108,43026
"(0.7377975062704127, 0.9872890642121412)",1,97.12744951234598,43027
"(0.7943622269203664, 0.9764666952752286)",1,97.1274270510153,43028
"(0.8715701474388204, 0.972281746031746)",1,97.12736344546464,43029
"(0.8185482336956522, 0.9749910873440284)",1,97.12732589114016,43030
"(0.9494594905410846, 0.9714285714285714)",1,97.12730246539702,43031
"(0.8605691443799373, 0.9736189431913116)",1,97.1272944699581,43032
"(0.866525722339676, 0.9764666952752286)",1,97.12728016310956,43033
"(0.9238400660955778, 0.9714285714285714)",3,97.1271960457369,43036
"(0.874450386215092, 0.972281746031746)",1,97.12705260550884,43037
"(0.4530386103743641, 0.99499949979992)",2,97.12705256885216,43039
"(0.8631546198466533, 0.9764666952752286)",1,97.12698768539629,43040
"(0.4363355778830426, 0.9950001562744178)",1,97.1269817229688,43041
"(0.8003813092161745, 0.9748802746905214)",1,97.12698070897744,43042
"(0.8456659619450317, 0.9764666952752286)",1,97.12696255223386,43043
"(0.9574285714285714, 0.9716190476190476)",1,97.12686820718724,43044
"(0.4976057427443008, 0.9962501582231502)",1,97.12676448311058,43045
"(0.4847252958987063, 0.986245936653225)",3,97.12669431960676,43048
"(0.9476043407479208, 1.0)",1,97.12662500301992,43049
"(0.3905365287038095, 0.9776968365366157)",1,97.12658603843632,43050
"(0.4835654773292069, 0.9783721861303348)",1,97.1263110217096,43051
"(0.6910881126324849, 0.9764666952752286)",1,97.12628755772178,43052
"(0.9916585206907788, 0.9958292603453894)",1,97.1262686620708,43053
"(0.8318916467605246, 0.9773633792764796)",1,97.126253708491,43054
"(0.8306479779411763, 0.9749910873440284)",1,97.12625034341184,43055
"(0.779286067193676, 0.9749910873440284)",1,97.12624720143688,43056
"(0.9609357631051972, 0.9749052909377262)",3,97.12623619046538,43059
"(0.3464973708160582, 0.9950429441987424)",1,97.12621590483327,43060
"(0.7423856773080242, 0.9749656593406592)",1,97.12617728704592,43061
"(0.4195358585602487, 0.9870601047071634)",1,97.1261312044714,43062
"(0.950392857142857, 0.9749656593406592)",1,97.12592784524544,43063
"(0.8027044799462303, 0.9773633792764796)",1,97.1258046644633,43064
"(0.5295994275347542, 0.9977272727272728)",1,97.12564142571838,43065
"(0.9582389563841176, 0.9958292603453894)",1,97.12562865447384,43066
"(0.779286067193676, 0.9749910873440284)",1,97.12559324689616,43067
"(0.5034451916861793, 0.9988642062668746)",1,97.12552580049822,43068
"(0.4513662280005281, 0.976686450716833)",1,97.12539348311608,43069
"(0.8459266053144301, 0.9749910873440284)",1,97.12538876041278,43070
"(0.8715701474388204, 0.972281746031746)",1,97.12536063754384,43071
"(0.8871082621082622, 0.972281746031746)",1,97.12523146944596,43072
"(0.8097000243032949, 0.9770268172641052)",1,97.12519361003191,43073
"(0.9379369827374928, 0.9749692931061258)",1,97.12515096781998,43074
"(0.8622520112492773, 0.9748802746905214)",1,97.12514947182456,43075
"(0.9032855633136024, 0.9722222222222222)",2,97.12491853313556,43077
"(0.4586050724637681, 0.9912495487428092)",1,97.12491520027842,43078
"(0.950297813353496, 0.9958292603453894)",1,97.1248970227988,43079
"(0.8056354979267693, 0.9722222222222222)",1,97.12485528596284,43080
"(0.8417410714285716, 0.9749656593406592)",1,97.124716693324,43081
"(0.9230468061350414, 0.979166518665308)",1,97.12468207715736,43082
"(0.9111482937118004, 0.9739862994361173)",1,97.12462819158203,43083
"(0.8955173107890498, 0.9749910873440284)",1,97.12449175486516,43084
"(0.7725182451236846, 0.9764666952752286)",2,97.12443089208526,43086
"(0.888945374800638, 0.9749656593406592)",1,97.12430904707456,43087
"(0.9750943974852894, 0.9958292603453894)",1,97.1242105775373,43088
"(0.4588597051863134, 0.9862507520107008)",2,97.12417654474942,43090
"(0.7668537890977591, 0.9749982193659026)",2,97.1241708225674,43092
"(0.991777356103732, 0.9958292603453894)",1,97.12416193111478,43093
"(0.5126865457302712, 0.9981012669018314)",1,97.12404926513253,43094
"(0.9677353740627908, 0.9714285714285714)",1,97.1240396387633,43095
"(0.9288982963016116, 0.9716190476190476)",3,97.12403372039068,43098
"(0.8569370609099162, 0.9729728249056364)",2,97.1240156304225,43100
"(0.6020449077786688, 0.9764666952752286)",1,97.1240014204338,43101
"(0.9026337658413128, 0.9722222222222222)",1,97.12395237023132,43102
"(0.97934925289764, 0.9958292603453894)",1,97.1239486320424,43103
"(0.5275402576489533, 0.9837502793496896)",1,97.123815096075,43104
"(0.5255324262157274, 0.9896938443194588)",1,97.1237606755856,43105
"(0.888425800230205, 0.976013472448221)",1,97.1236460601976,43106
"(0.506032156862745, 0.9962501582231502)",2,97.1236403021228,43108
"(0.6260123507862112, 0.9764666952752286)",2,97.12346910615044,43110
"(0.7750729499528326, 0.9743243008804898)",2,97.12346534007185,43112
"(0.7084717607973421, 0.9764666952752286)",1,97.1234285795312,43113
"(0.7377975062704127, 0.9872890642121412)",1,97.1234147063703,43114
"(0.6707941587931741, 0.9787158688322009)",1,97.12339435642598,43115
"(0.8995772689779955, 0.9749656593406592)",1,97.12332316993306,43116
"(0.9032855633136024, 0.9722222222222222)",1,97.12326185404866,43117
"(0.7980310463463742, 0.9770268172641052)",1,97.12325724933342,43118
"(0.902898027898028, 0.972045976510262)",1,97.12324717413964,43119
"(0.8050115655679925, 0.9787161797779323)",1,97.12323848379044,43120
"(0.9640038239043044, 0.9714285714285714)",1,97.1231578089344,43121
"(0.7602379596828609, 0.9749910873440284)",1,97.12292136417004,43122
"(0.8090208511560183, 0.9760135053004548)",1,97.12289277272087,43123
"(0.7423856773080242, 0.9749656593406592)",1,97.12280713925,43124
"(0.9299160159815896, 0.9722222222222222)",1,97.12280047349029,43125
"(0.8193928901539049, 0.9870601047071634)",1,97.12275078577706,43126
"(0.4925733396357239, 0.9975000781372088)",2,97.12260243562416,43128
"(0.4168399821364511, 0.9899983116452704)",2,97.12259447477238,43130
"(0.9450323339212228, 0.972045976510262)",2,97.12252817577108,43132
"(0.9539751547184644, 0.9832462877624168)",1,97.12250378824884,43133
"(0.8996408045977011, 0.9749910873440284)",1,97.12241780248908,43134
"(0.8557264819266099, 0.9764666952752286)",1,97.12232009585944,43135
"(0.9162596992611264, 0.972045976510262)",1,97.12229425667024,43136
"(0.9153439153439156, 0.9833229101521784)",1,97.12229424040883,43137
"(0.9012059369202228, 0.9749910873440284)",1,97.1222499433801,43138
"(0.8955173107890498, 0.9749910873440284)",1,97.12221712289212,43139
"(0.4437501725645391, 0.983748857020046)",1,97.12221667011664,43140
"(0.8952438710847427, 0.9739864775793668)",2,97.1222119709056,43142
"(0.7833537331701346, 0.9764666952752286)",1,97.12218689488073,43143
"(0.888945374800638, 0.9749656593406592)",1,97.1221356154056,43144
"(0.7296277808577878, 0.9753369286195892)",1,97.12211548464413,43145
"(0.9712822597033124, 0.9714285714285714)",3,97.12200898193342,43148
"(0.888425800230205, 0.9756748760883316)",1,97.12190559119992,43149
"(0.553544630547395, 0.9912488373656227)",1,97.12187328263644,43150
"(0.8467135862913097, 0.9749656593406592)",1,97.1218248366112,43151
"(0.5626274989800081, 0.9764666952752286)",1,97.1218229248427,43152
"(0.8221871747362275, 0.9763513297583164)",1,97.1218195042763,43153
"(0.902012682657844, 0.9916585206907788)",1,97.12171524580312,43154
"(0.9609357631051972, 0.9716190476190476)",1,97.12170840559531,43155
"(0.4242657966120985, 0.9925)",1,97.12167122908212,43156
"(0.563035225158132, 1.0)",3,97.1216158872501,43159
"(0.8995772689779955, 0.9749656593406592)",1,97.12160261578684,43160
"(0.8518774267621343, 0.9764666952752286)",1,97.12144782192011,43161
"(0.9056521696628445, 0.9764666952752286)",1,97.1214217395342,43162
"(0.6011771227337942, 0.9981012669018314)",1,97.12137124719948,43163
"(0.8768488063660478, 0.9749656593406592)",1,97.12129503924672,43164
"(0.9860411258716344, 0.972045976510262)",2,97.12114466740856,43166
"(0.7668537890977591, 0.9770268172641052)",3,97.12112370471978,43169
"(0.5778206440811193, 0.9931184132078772)",3,97.120994021561,43172
"(0.6090651266678423, 0.9992431829362568)",1,97.12096648709138,43173
"(0.978621888315766, 0.9749052909377262)",2,97.12096419978134,43175
"(0.9486619426325308, 1.0)",2,97.12085196799684,43177
"(0.8074780204479453, 0.9749910873440284)",1,97.12084501434016,43178
"(0.9373666512059368, 0.9749910873440284)",1,97.12081789868856,43179
"(0.8229870141950848, 0.972281746031746)",1,97.12079782177138,43180
"(0.6746811878062335, 0.9773648571145208)",3,97.12077575285824,43183
"(0.9640038239043044, 0.9785714285714284)",1,97.12063288406188,43184
"(0.8288092915955513, 0.975675542415073)",2,97.12056854150322,43186
"(0.8229870141950848, 0.972281746031746)",1,97.12043735132076,43187
"(0.6278178796228419, 0.9887476607899144)",1,97.12039665649031,43188
"(0.8467135862913097, 0.9749656593406592)",1,97.12034177142512,43189
"(0.8799206023655463, 0.9763507467298118)",2,97.1203109419822,43191
"(0.927109440267335, 0.9751409401578528)",2,97.12025906865776,43193
"(0.9538370349708868, 0.9764666952752286)",1,97.12020528275204,43194
"(0.9677353740627908, 0.971495851087688)",1,97.12018268519738,43195
"(0.8902783631946863, 0.9861673414304992)",1,97.12015809502552,43196
"(0.8074780204479453, 0.9749910873440284)",1,97.12013517147092,43197
"(0.5455927836262255, 0.9862481730031216)",2,97.12009857889242,43199
"(0.8996408045977011, 0.9749910873440284)",1,97.1200922520137,43200
"(0.595675585284281, 0.988750193395939)",1,97.12000449432983,43201
"(0.7678405315614618, 0.9764666952752286)",1,97.11979858484185,43202
"(0.7545918011034292, 0.9767441860465116)",1,97.1197695333362,43203
"(0.4896359390280644, 0.9962497362353954)",1,97.11973482528866,43204
"(0.4724538701233134, 0.9975000781372088)",3,97.11963908127017,43207
"(0.6088842547573518, 0.9988642062668746)",1,97.11963069276273,43208
"(0.8334750774705025, 0.9767441860465116)",1,97.11961091682416,43209
"(0.8389313963994772, 0.9770269011697912)",1,97.11955993067669,43210
"(0.5489738730640235, 0.9766816583571408)",1,97.1195149503608,43211
"(0.9259740526337398, 0.9714285714285714)",3,97.119487071699,43214
"(0.7772049591964847, 0.9861673414304992)",1,97.11946243855029,43215
"(0.9835199925522506, 0.9958292603453894)",1,97.11942529151273,43216
"(0.861957198953386, 0.9764666952752286)",1,97.11941408358372,43217
"(0.4646956255353202, 0.9912503691873502)",1,97.1192458540067,43218
"(0.9502288074111276, 0.9716190476190476)",1,97.11918708218872,43219
"(0.4937776876667119, 0.9937491695468736)",2,97.11918588475554,43221
"(0.7138200339558575, 0.9749656593406592)",1,97.119163515468,43222
"(0.7980310463463742, 0.9770268172641052)",3,97.11909647832763,43225
"(0.4609162804468383, 0.9912488373656227)",2,97.11905172455278,43227
"(0.4205819197458105, 0.9912488373656227)",1,97.11904681984151,43228
"(0.7250237826596757, 0.9870601047071634)",1,97.11897975898697,43229
"(0.9860411258716344, 0.972045976510262)",1,97.11895532269288,43230
"(0.4673343159733596, 0.99499949979992)",2,97.118949463964,43232
"(0.3434871832287562, 0.9975000781372088)",1,97.11889070133653,43233
"(0.7903875985986362, 1.0)",1,97.11880993882778,43234
"(0.9019292060258446, 0.9861673414304992)",1,97.1188086907368,43235
"(0.656307097369308, 0.9764666952752286)",1,97.11879024792728,43236
"(0.5261709490066349, 0.999621402088958)",1,97.11866054371008,43237
"(0.9225446428571428, 0.9749656593406592)",2,97.11865474339928,43239
"(0.5032117384111402, 0.9875)",1,97.1186435627364,43240
"(0.8160331384015596, 0.9824126287942077)",3,97.1184006268342,43243
"(0.9240041208791208, 0.9749910873440284)",1,97.11838720269915,43244
"(0.4508193203901878, 0.9974998905914936)",1,97.11827933070025,43245
"(0.8490208544183524, 0.972281746031746)",1,97.11827077736616,43246
"(0.7620265151515151, 0.9749656593406592)",1,97.11807355133467,43247
"(0.763830245642582, 0.9756754535737588)",1,97.1180703172181,43248
"(0.9502288074111276, 0.9716190476190476)",1,97.1180413866592,43249
"(0.8879331046312178, 0.9749656593406592)",2,97.11797164985268,43251
"(0.7545918011034292, 0.9767441860465116)",1,97.11793163073256,43252
"(0.7179548459289354, 0.9787161797779323)",1,97.11781163166648,43253
"(0.8098502304147466, 0.9749910873440284)",2,97.11778516052938,43255
"(0.8902783631946863, 0.9861673414304992)",1,97.11771701173532,43256
"(0.9459285785969274, 0.9751409401578528)",1,97.11770991507166,43257
"(0.5677461891139935, 0.9887492087061858)",1,97.11761645508102,43258
"(0.497102057514807, 0.977356373074362)",1,97.1175686456789,43259
"(0.8490208544183524, 0.972281746031746)",1,97.11752160981176,43260
"(0.5450348040348041, 0.9849195159500196)",1,97.11749281612325,43261
"(0.8340166019865393, 0.9749910873440284)",4,97.1172682549958,43265
"(0.9164187516971112, 0.9748802746905214)",1,97.11717448958946,43266
"(0.9238400660955778, 0.9714285714285714)",1,97.11716496571547,43267
"(0.9712822597033124, 0.9714285714285714)",1,97.11683870450416,43268
"(0.8610715260301386, 0.9764666952752286)",1,97.1168350912757,43269
"(0.8955173107890498, 0.9749910873440284)",1,97.11679620757243,43270
"(0.6809855026116619, 0.9749910873440284)",1,97.11678779425549,43271
"(0.6933160650937552, 0.9764666952752286)",1,97.11674697722432,43272
"(0.5638826889384886, 0.9764666952752286)",1,97.11673727744132,43273
"(0.8130477958637364, 0.9736842105263158)",1,97.11672162478368,43274
"(0.8417410714285716, 0.9749656593406592)",1,97.11668920751526,43275
"(0.5401582714010459, 0.9812503223265648)",1,97.11668346471126,43276
"(0.517228150797548, 0.9992424242424244)",1,97.11666016613738,43277
"(0.8288092915955513, 0.9773648571145208)",3,97.1166052603942,43280
"(0.8609273664420722, 0.972281746031746)",1,97.11659426897371,43281
"(0.901608756801166, 0.9777027027027028)",3,97.1165932158077,43284
"(0.6333118819585527, 0.9767441860465116)",1,97.1165371035306,43285
"(0.950392857142857, 0.9749656593406592)",1,97.11642179600317,43286
"(0.9156086605607608, 0.9735486410250802)",1,97.11637999775454,43287
"(0.5853182863855046, 0.9790540349287944)",1,97.11635438717832,43288
"(0.8610715260301386, 0.9764666952752286)",2,97.11631336008269,43290
"(0.4437501725645391, 0.9862497206293536)",1,97.1162984537737,43291
"(0.9505232430050672, 0.9786694888904832)",1,97.1162535037844,43292
"(0.9392111404005912, 0.9751409401578528)",1,97.11608831359042,43293
"(0.6324707692241994, 0.9861673414304992)",1,97.11604495606886,43294
"(0.8887937668949022, 0.9748802746905214)",1,97.115931346943,43295
"(0.4757785089725587, 0.9756743428359868)",1,97.11592161060994,43296
"(0.6324707692241994, 0.9861673414304992)",1,97.11591164963616,43297
"(0.945878018492034, 0.9958292603453894)",1,97.1158416671467,43298
"(0.8110682791635173, 0.9861673414304992)",1,97.1157795905006,43299
"(0.679403773242835, 0.9992424242424244)",1,97.11573940268347,43300
"(0.8074780204479453, 0.9749910873440284)",1,97.11569624930203,43301
"(0.8194074731341813, 0.9861673414304992)",1,97.1156895444784,43302
"(0.8066487122350412, 0.9767441860465116)",1,97.11568410480784,43303
"(0.9011810599946194, 0.9861673414304992)",1,97.11560299702316,43304
"(0.812557599070401, 1.0)",1,97.11559701015436,43305
"(0.865587044534413, 0.9736842105263158)",1,97.11556128057124,43306
"(0.874450386215092, 0.972281746031746)",1,97.11553362769544,43307
"(0.8066487122350412, 0.9767441860465116)",1,97.11551422273956,43308
"(0.9438271604938272, 0.9861673414304992)",1,97.11548389258812,43309
"(0.9162596992611264, 0.972281746031746)",1,97.11544072022008,43310
"(0.908421874225862, 0.9739857293571088)",2,97.11538574934552,43312
"(0.9540153992631536, 0.9751409401578528)",1,97.1153165847116,43313
"(0.7907680396814234, 0.9777026823435832)",1,97.11526604201782,43314
"(0.6425819672131148, 0.9749910873440284)",1,97.11524821569915,43315
"(0.9140194694749032, 0.9735486410250802)",1,97.11518528953548,43316
"(0.775651722678174, 0.9764666952752286)",1,97.11511575151177,43317
"(0.9028964862298196, 0.972420634920635)",1,97.11510182868848,43318
"(0.6024144838825073, 0.9799924953095684)",1,97.11507897260338,43319
"(0.7678405315614618, 0.9764666952752286)",1,97.11507098138829,43320
"(0.5798336713995943, 0.986245936653225)",3,97.11505093497924,43323
"(0.5734860695371862, 0.9764666952752286)",1,97.11500589931924,43324
"(0.9746854694957162, 1.0)",1,97.11499646799268,43325
"(0.8880748880748881, 0.972281746031746)",1,97.11498974037934,43326
"(0.598883501626719, 0.9862502363728142)",1,97.11495382949388,43327
"(0.9640038239043044, 0.97502985598876)",1,97.11494933467388,43328
"(0.4291821217468887, 0.9937496776734352)",1,97.1149041037535,43329
"(0.9392111404005912, 0.9716190476190476)",1,97.11489236511946,43330
"(0.8743078626799556, 0.972281746031746)",2,97.11488778680884,43332
"(0.606993006993007, 0.999621402088958)",1,97.1148656021856,43333
"(0.7232509195619923, 0.97466206094443)",1,97.11477822164144,43334
"(0.8306479779411763, 0.9749910873440284)",1,97.11464835879812,43335
"(0.4919916866987179, 0.9987499746026686)",1,97.1145360103946,43336
"(0.7836974395113928, 0.9766918866148322)",1,97.11448331534848,43337
"(0.92975135975136, 0.972281746031746)",1,97.11443736410747,43338
"(0.5492115341293085, 0.9962499238080056)",1,97.11442071629104,43339
"(0.9876106894370652, 0.9958292603453894)",1,97.11436244883257,43340
"(0.917283950617284, 0.9861673414304992)",1,97.11434859194956,43341
"(0.9110813074094206, 0.9764666952752286)",1,97.11433545345596,43342
"(0.8455704732698088, 0.972281746031746)",1,97.11430280609972,43343
"(0.5592924417056326, 0.9996210215628012)",1,97.11428717247804,43344
"(0.4403449749235543, 1.0)",3,97.11419850146557,43347
"(0.4790513120764785, 0.9987499746026686)",1,97.1141515248247,43348
"(0.9505232430050672, 0.9751409401578528)",1,97.11410075911807,43349
"(0.8310777799491891, 1.0)",1,97.11396994834026,43350
"(0.8417410714285716, 0.9749656593406592)",1,97.1139653141436,43351
"(0.9640038239043044, 0.9714285714285714)",2,97.1139383689587,43353
"(0.930124456440246, 0.972420634920635)",2,97.11392038058142,43355
"(0.8880748880748881, 0.972281746031746)",1,97.11390051193835,43356
"(0.6910881126324849, 0.9764666952752286)",1,97.11384374419798,43357
"(0.8891825109620656, 0.976013472448221)",1,97.11379488119638,43358
"(0.5315840982557501, 0.9760085043004868)",1,97.1137867603548,43359
"(0.8871082621082622, 0.972281746031746)",2,97.11377904368506,43361
"(0.9210526315789472, 0.9736189431913116)",1,97.11376520898928,43362
"(0.8996664258511047, 0.9736189431913116)",2,97.1137194970494,43364
"(0.506032156862745, 0.9962501582231502)",1,97.11367174039869,43365
"(0.9436368312757202, 0.972281746031746)",1,97.1136663457178,43366
"(0.9306354512948452, 0.971495851087688)",1,97.11366613538208,43367
"(0.8455704732698088, 0.972281746031746)",1,97.11360835317078,43368
"(0.9540153992631536, 0.9751409401578528)",1,97.11357360946066,43369
"(0.9146901709401708, 0.972281746031746)",1,97.11356075825014,43370
"(0.3833435083435083, 0.9870601047071634)",2,97.11354802721048,43372
"(0.9791544477028348, 0.9958292603453894)",1,97.11329011728004,43373
"(0.7304742252709461, 0.9764666952752286)",1,97.11327352225004,43374
"(0.3942192041290018, 0.9887504746694504)",1,97.11319461700803,43375
"(0.9049688873143666, 0.9736189431913116)",1,97.11314150569989,43376
"(0.8027044799462303, 0.9722934266430244)",1,97.11308166370053,43377
"(0.9146901709401708, 0.972281746031746)",1,97.11303875831528,43378
"(0.4609162804468383, 0.9899983116452704)",1,97.11297720567072,43379
"(0.7781407751391581, 0.9729728989395412)",1,97.1128548401352,43380
"(0.3905025872055431, 1.0)",3,97.11265103387026,43383
"(0.4994316028798788, 0.9870601047071634)",1,97.11250115032138,43384
"(0.8208353559736048, 0.9722222222222222)",1,97.1123001575188,43385
"(0.947035873779261, 0.9751915907925552)",1,97.1122767783256,43386
"(0.8148308968977662, 0.972281746031746)",1,97.11227152227058,43387
"(0.3593082318976406, 0.9800648982279268)",1,97.11216860665958,43388
"(0.7084717607973421, 0.9764666952752286)",2,97.11211815210682,43390
"(0.5173573838463876, 0.9931328125)",1,97.11202354999833,43391
"(0.4967706652322037, 0.9900003125488358)",3,97.11202147558284,43394
"(0.9156086605607608, 0.9735486410250802)",1,97.1119864326888,43395
"(0.9436368312757202, 0.972281746031746)",1,97.1119461383938,43396
"(0.9528533742496432, 0.9714285714285714)",1,97.11193264751206,43397
"(0.4514795008912656, 0.9987499746026686)",1,97.11192680671073,43398
"(0.9466127311522048, 0.991206314397104)",1,97.11192589923216,43399
"(0.9916625936787228, 0.9958292603453894)",2,97.11189947984955,43401
"(0.8948142000428356, 0.9749656593406592)",1,97.11185407500368,43402
"(0.7999088007295942, 0.9766918866148322)",1,97.11176184839196,43403
"(0.864057359093178, 0.9770268172641052)",1,97.1116632232746,43404
"(0.8411857639615443, 0.9773647744436904)",1,97.1116514404372,43405
"(0.9463627709416984, 0.9716190476190476)",1,97.11164350629517,43406
"(0.8428883536673643, 0.9736842105263158)",1,97.1116277361012,43407
"(0.9362689940183164, 0.9749052909377262)",3,97.11159850121126,43410
"(0.8224713709935384, 0.9751409401578528)",1,97.1115620354559,43411
"(0.8148308968977662, 0.972281746031746)",1,97.1114126680306,43412
"(0.8680947159565582, 0.9735486410250802)",1,97.1112735789052,43413
"(0.8593554593554595, 0.9861673414304992)",3,97.1112471823737,43416
"(0.9354654378932672, 0.975)",1,97.11121531172144,43417
"(0.4830767364322945, 0.9912488373656227)",2,97.1111666415164,43419
"(0.8194074731341813, 0.9861673414304992)",1,97.11113227426168,43420
"(0.3823454664699131, 1.0)",1,97.1109704375968,43421
"(0.7864381427049374, 0.9773633792764796)",1,97.110926034804,43422
"(0.95, 0.9716190476190476)",1,97.11090840394615,43423
"(0.8558852999963277, 0.9764666952752286)",1,97.11084303387504,43424
"(0.3471124103309341, 1.0)",1,97.11083667535624,43425
"(0.9603476243044132, 0.9749692931061258)",3,97.11074557095182,43428
"(0.861621814331256, 0.9722222222222222)",1,97.11073118101598,43429
"(0.9224996008939976, 0.9749910873440284)",1,97.11065867875172,43430
"(0.550520150523011, 0.9924994373734088)",1,97.1105738280228,43431
"(0.9301209372637944, 0.9861310021084456)",1,97.11055745165729,43432
"(0.9154520780570968, 0.9748802746905214)",1,97.11055171185993,43433
"(0.8218185392856778, 0.9861673414304992)",1,97.110541724635,43434
"(0.4229346333263246, 0.9950429441987424)",3,97.11044816223936,43437
"(0.9603476243044132, 0.9749052909377262)",1,97.11042088949274,43438
"(0.6516906262613718, 0.9767441860465116)",1,97.110366827405,43439
"(0.9677353740627908, 0.97502985598876)",1,97.11028841280968,43440
"(0.7615072500907597, 0.9764666952752286)",1,97.11004195019612,43441
"(0.9572437766315318, 0.9716190476190476)",3,97.11004052662688,43444
"(0.756001848808409, 0.9780403826403014)",2,97.11000938316594,43446
"(0.94484126984127, 0.9861673414304992)",1,97.1099073196685,43447
"(0.7602379596828609, 0.9749910873440284)",1,97.10990417016215,43448
"(0.8417410714285716, 0.9749656593406592)",1,97.1098399347656,43449
"(0.9535144014828052, 0.9716190476190476)",3,97.10983303878822,43452
"(0.9535144014828052, 0.9751409401578528)",1,97.10981402472974,43453
"(0.8829656107481818, 0.9736189431913116)",1,97.10980572643852,43454
"(0.9452474337657768, 0.9748524098350704)",1,97.10966663093656,43455
"(0.3942192041290018, 0.9900003125488358)",1,97.1096589717984,43456
"(0.9582210352371644, 0.9958292603453894)",1,97.1096269700041,43457
"(0.7665484369555701, 0.9764666952752286)",1,97.10960547295257,43458
"(0.9746854694957162, 1.0)",1,97.1095263413342,43459
"(0.5638826889384886, 0.9764666952752286)",1,97.10936086335724,43460
"(0.7313293623054037, 0.9790540349287944)",3,97.10933261152044,43463
"(0.9834113430318364, 0.9958292603453894)",1,97.1093059653924,43464
"(0.4722366884143547, 0.9974998905914936)",1,97.1092069607336,43465
"(0.8705155862492784, 0.976013472448221)",1,97.10915725607624,43466
"(0.8050115655679925, 0.9790540349287944)",1,97.10907304805438,43467
"(0.8995772689779955, 0.9749656593406592)",1,97.10902085737496,43468
"(0.8417410714285716, 0.9749656593406592)",2,97.10893041402517,43470
"(0.1500716412252043, 0.9988619159967322)",3,97.1088211847219,43473
"(0.8227768765625336, 0.9756756756756756)",1,97.10879892508446,43474
"(0.9748461391725148, 1.0)",1,97.10879849099636,43475
"(0.682074987159733, 0.9764666952752286)",1,97.10879549718872,43476
"(0.4437501725645391, 0.9862497206293536)",3,97.10876992048894,43479
"(0.497102057514807, 0.977361833580866)",1,97.1086519035719,43480
"(0.8876249860960186, 0.9832462877624168)",1,97.10861555667287,43481
"(0.3930894945067609, 0.9987499746026686)",1,97.10860456632156,43482
"(0.8587195484254307, 0.9722222222222222)",1,97.1085516530032,43483
"(0.8288092915955513, 0.9773648571145208)",1,97.10855077356258,43484
"(0.9306013489647758, 0.9735486410250802)",1,97.1085296651903,43485
"(0.8393264911275135, 0.9766889257895656)",2,97.1084258770706,43487
"(0.8130477958637364, 0.9736842105263158)",1,97.10829472857252,43488
"(0.930124456440246, 0.972045976510262)",2,97.10821342879407,43490
"(0.9011810599946194, 0.9861673414304992)",2,97.10816532911758,43492
"(0.960666032023912, 0.9714285714285714)",1,97.10816064558236,43493
"(0.947035873779261, 0.9716190476190476)",1,97.1081071989589,43494
"(0.9082051469489508, 0.9736189431913116)",1,97.1080128616133,43495
"(0.9427148033126296, 0.9751409401578528)",1,97.10799898488315,43496
"(0.865587044534413, 0.9736842105263158)",1,97.1078572950809,43497
"(0.8868677229932935, 0.9736842105263158)",1,97.10775886581348,43498
"(0.4896359390280644, 0.9962497362353954)",1,97.10775137296456,43499
"(0.5750629311033884, 1.0)",1,97.1077208493234,43500
"(0.9011810599946194, 0.9861673414304992)",1,97.1077030980941,43501
"(0.7423856773080242, 0.9749656593406592)",2,97.1077004744166,43503
"(0.8645256232686982, 0.9736842105263158)",1,97.10768472499085,43504
"(0.930124456440246, 0.972045976510262)",1,97.10767298663514,43505
"(0.9102539775554236, 0.9748802746905214)",1,97.10756098341756,43506
"(0.9085605849871624, 0.9736189431913116)",1,97.10747636859648,43507
"(0.9162596992611264, 0.972045976510262)",1,97.10740757429036,43508
"(0.9029281534808432, 0.9722222222222222)",1,97.10739204927252,43509
"(0.5959779257772208, 0.9927322731957676)",3,97.10731695809648,43512
"(0.5677461891139935, 0.9874994529574682)",2,97.10727816769968,43514
"(0.8726893261776982, 0.9764666952752286)",1,97.1072685570808,43515
"(0.8442988787957741, 0.9770268172641052)",1,97.10726724583832,43516
"(0.7602379596828609, 0.9749910873440284)",2,97.10724170568172,43518
"(0.8876473063973064, 0.9861673414304992)",1,97.10720558149283,43519
"(0.8902783631946863, 0.9861673414304992)",2,97.10719860645628,43521
"(0.5028268474667493, 0.9887504746694504)",1,97.10713361271029,43522
"(0.8467135862913097, 0.9749656593406592)",1,97.10708788860846,43523
"(0.9162596992611264, 0.972045976510262)",2,97.10700416074629,43525
"(0.9212328545548654, 0.9716190476190476)",1,97.1069728261692,43526
"(0.9699183291713004, 0.9958292603453894)",1,97.10696958169666,43527
"(0.9300655321826798, 0.9749999771731088)",1,97.1069541226523,43528
"(0.4795837122630575, 0.9969573675011548)",1,97.10690428272116,43529
"(0.8627397499800719, 0.9736189431913116)",1,97.10689352659786,43530
"(0.7615072500907597, 0.9764666952752286)",1,97.10686520268828,43531
"(0.7615072500907597, 0.9764666952752286)",1,97.106820586871,43532
"(0.8112275321577646, 0.9764666952752286)",1,97.10679355607618,43533
"(0.9574285714285714, 0.9751409401578528)",2,97.1067546326002,43535
"(0.7992282793924381, 0.9764666952752286)",1,97.10665854388404,43536
"(0.9172008547008548, 0.9861673414304992)",1,97.10662717121512,43537
"(0.9412964149491664, 0.9873891625615764)",1,97.10660900423774,43538
"(0.2204230963407635, 0.9938894536653996)",2,97.10653673534998,43540
"(0.9162596992611264, 0.972045976510262)",1,97.10651863194867,43541
"(0.7992282793924381, 0.9764666952752286)",1,97.10640466462742,43542
"(0.7431039136302294, 0.9749910873440284)",1,97.10637725851906,43543
"(0.7000013129045387, 0.9870601047071634)",1,97.10628246365116,43544
"(0.9640038239043044, 0.9714285714285714)",1,97.10625452634989,43545
"(0.9502288074111276, 0.9716190476190476)",3,97.10622005498584,43548
"(0.7602379596828609, 0.9749910873440284)",1,97.10621494007698,43549
"(0.8261738954323147, 0.975)",1,97.1062113564022,43550
"(0.4588597051863134, 0.9900003125488358)",1,97.10618543695584,43551
"(0.5094440332946544, 0.9946588541666668)",3,97.10615154083926,43554
"(0.8633407843934159, 0.9736842105263158)",1,97.10609997350676,43555
"(0.9860411258716344, 0.972045976510262)",1,97.10586832978484,43556
"(0.8768488063660478, 0.9749656593406592)",1,97.10583018346044,43557
"(0.9497439544807966, 0.9716190476190476)",1,97.10581160292676,43558
"(0.9348222545262322, 0.9716190476190476)",1,97.1057472820405,43559
"(0.5942040059498339, 0.9849993435489618)",3,97.10565038490608,43562
"(0.3519903938996441, 0.9793871551146855)",1,97.10564106003277,43563
"(0.852, 0.9749910873440284)",1,97.10559805158918,43564
"(0.5318703819174632, 0.9931184132078772)",3,97.10552506755312,43567
"(0.8261738954323147, 0.9733108016723456)",1,97.10549476725149,43568
"(0.979051756240299, 1.0)",1,97.10546036210502,43569
"(0.8719725743599862, 0.9736189431913116)",1,97.10523939663348,43570
"(0.8066742741368069, 0.9770269011697912)",1,97.10523694776144,43571
"(0.3188477500068535, 0.9931256353735743)",1,97.1052151408992,43572
"(0.595675585284281, 0.9912503691873502)",1,97.1051743534396,43573
"(0.6361158710730316, 0.9764666952752286)",1,97.10511862288185,43574
"(0.8891350546176764, 0.9749910873440284)",1,97.10510523194112,43575
"(0.702867567752065, 0.997729548808771)",1,97.10498791070238,43576
"(0.8340166019865393, 0.9749910873440284)",1,97.10496478997388,43577
"(0.8581022152450725, 0.972045976510262)",1,97.10495063582265,43578
"(0.5626274989800081, 0.9764666952752286)",1,97.1049346388204,43579
"(0.3905365287038095, 0.9787137158718908)",1,97.10490137086556,43580
"(0.8996664258511047, 0.9736189431913116)",1,97.10488425049714,43581
"(0.9134717985546716, 0.9770268172641052)",1,97.10485362150116,43582
"(0.544915263097564, 1.0)",1,97.10468223348091,43583
"(0.9860411258716344, 0.972045976510262)",1,97.1046775240492,43584
"(0.9082051469489508, 0.9736189431913116)",1,97.10465758620344,43585
"(0.9609357631051972, 0.9716190476190476)",1,97.10451022320164,43586
"(0.4433486178189539, 0.9962497362353954)",1,97.10450976918813,43587
"(0.7668537890977591, 0.9770268172641052)",1,97.1045084523126,43588
"(0.8455917807202996, 0.9764666952752286)",2,97.1044164876488,43590
"(0.9833040078201368, 0.9958292603453894)",1,97.10437443810092,43591
"(0.888945374800638, 0.9749656593406592)",1,97.1043228610777,43592
"(0.7211566091954024, 0.9749910873440284)",1,97.1042588198982,43593
"(0.7999088007295942, 0.9766918866148322)",1,97.10424944845562,43594
"(0.9331814008429188, 0.9764666952752286)",1,97.10424413416982,43595
"(0.9543883398911862, 0.9958292603453894)",1,97.10411358603469,43596
"(0.9114218054477384, 0.9916339869281046)",1,97.10408016194803,43597
"(0.8734313112361893, 0.9722222222222222)",1,97.1040333191924,43598
"(0.9712822597033124, 0.9714285714285714)",1,97.104002274043,43599
"(0.5626274989800081, 0.9764666952752286)",2,97.10395895422864,43601
"(0.9238400660955778, 0.9713574016563148)",1,97.10395488651922,43602
"(0.9873444118605408, 0.9958292603453894)",1,97.10386925619363,43603
"(0.9833211143695014, 1.0)",1,97.10384281853626,43604
"(0.872151605428666, 0.9749656593406592)",1,97.10383430127337,43605
"(0.8306479779411763, 0.9749910873440284)",1,97.10378431290928,43606
"(0.943552974917135, 0.9714285714285714)",1,97.10378244976178,43607
"(0.9958292603453894, 1.0)",2,97.10376756149708,43609
"(0.6255381557986917, 0.98499849939976)",1,97.10372784179816,43610
"(0.5118812113070996, 0.9987499746026686)",1,97.10362436343786,43611
"(0.8456659619450317, 0.9764666952752286)",1,97.10362251248588,43612
"(0.8902783631946863, 0.9861673414304992)",1,97.10360876030413,43613
"(0.8475002808673183, 0.972420634920635)",1,97.10359730281756,43614
"(0.8561103441223091, 0.972045976510262)",1,97.1035244076364,43615
"(0.9259740526337398, 0.9714285714285714)",1,97.1035052152388,43616
"(0.947035873779261, 0.9716190476190476)",1,97.10337153001149,43617
"(0.7729742929217565, 0.9770268172641052)",1,97.10332611058016,43618
"(0.943552974917135, 0.9714285714285714)",3,97.10331780416668,43621
"(0.5896957700576321, 0.9973390598305516)",1,97.10328668953755,43622
"(0.8948142000428356, 0.9749656593406592)",1,97.103262469911,43623
"(0.6361158710730316, 0.9764666952752286)",1,97.10323701434125,43624
"(0.8633407843934159, 0.9736842105263158)",1,97.10322948726748,43625
"(0.5056778729738882, 0.9974998905914936)",1,97.10299445661384,43626
"(0.8098502304147466, 0.9749910873440284)",1,97.10299334157,43627
"(0.8428883536673643, 0.9736842105263158)",1,97.10296567000348,43628
"(0.5320180604331844, 1.0)",1,97.10287451158514,43629
"(0.6969051878354204, 0.9764666952752286)",1,97.10284595629184,43630
"(0.7304742252709461, 0.9764666952752286)",2,97.10282925648028,43632
"(0.7885047499939597, 0.9764666952752286)",1,97.10277831929751,43633
"(0.4901583010700104, 0.9790540349287944)",1,97.10262983517391,43634
"(0.5626274989800081, 0.9764666952752286)",1,97.10261595494032,43635
"(0.8768488063660478, 0.9749656593406592)",1,97.10261474387022,43636
"(0.8574513162639741, 0.9747507916611692)",1,97.10261148374911,43637
"(0.8621197352815, 0.972281746031746)",1,97.10260104475417,43638
"(0.8384307029790694, 0.9783779637835908)",1,97.10257817515308,43639
"(0.7472307467415887, 0.9767441860465116)",1,97.10249527459663,43640
"(0.8475002808673183, 0.972420634920635)",1,97.10249465865164,43641
"(0.9028964862298196, 0.972420634920635)",1,97.10246656509136,43642
"(0.9210526315789472, 0.9736189431913116)",1,97.10239758882398,43643
"(0.8524016298728943, 0.9748802746905214)",1,97.10238853867617,43644
"(0.4788541666666667, 0.9862497206293536)",3,97.10227262013424,43647
"(0.8468089381754635, 1.0)",1,97.10227210915646,43648
"(0.9738477269913072, 0.9958292603453894)",1,97.1022224502232,43649
"(0.8456659619450317, 0.9764666952752286)",1,97.1022022505614,43650
"(0.7620265151515151, 0.9749656593406592)",1,97.10219988339836,43651
"(0.5942040059498339, 0.9862497206293536)",1,97.1021437371357,43652
"(0.4468328406505846, 0.9861673414304992)",1,97.1020880191725,43653
"(0.9146901709401708, 0.972281746031746)",3,97.10206438245343,43656
"(0.9146901709401708, 0.972281746031746)",2,97.10202447380242,43658
"(0.9476043407479208, 1.0)",1,97.10187129660834,43659
"(0.8050115655679925, 0.9770269011697912)",1,97.10183534286888,43660
"(0.7304742252709461, 0.9764666952752286)",1,97.10179425644144,43661
"(0.9494594905410846, 0.9714285714285714)",1,97.10178980251204,43662
"(0.4924143545574438, 0.9887504746694504)",1,97.10174571470613,43663
"(0.874450386215092, 0.972281746031746)",1,97.10170910939914,43664
"(0.6085487618529295, 0.9767441860465116)",1,97.10167083120184,43665
"(0.9540153992631536, 0.9751409401578528)",1,97.101588174757,43666
"(0.5061994035863332, 0.9908341804980992)",1,97.10113297289918,43667
"(0.9707071808622552, 0.9958292603453894)",1,97.1011292300122,43668
"(0.7348436174331348, 0.972281746031746)",1,97.10112260396969,43669
"(0.2214590876870318, 1.0)",1,97.10110361788767,43670
"(0.9269284534248317, 0.9764666952752286)",2,97.10109842334312,43672
"(0.6415148305084746, 0.9749910873440284)",1,97.10105575203596,43673
"(0.842200034135518, 0.9714285714285714)",1,97.100988524231,43674
"(0.4585384595277654, 0.9912488373656227)",1,97.10096608968524,43675
"(0.4510894164249752, 0.9988642062668746)",1,97.10088767315708,43676
"(0.3987913031507923, 0.9783760086951576)",1,97.10084839106209,43677
"(0.901608756801166, 0.9773648571145208)",1,97.10081250245584,43678
"(0.9502288074111276, 0.9751409401578528)",1,97.10078679896492,43679
"(0.8393264911275135, 0.9729729482952526)",1,97.10064290653624,43680
"(0.8584175084175085, 0.972420634920635)",1,97.10064234282092,43681
"(0.5009421228446381, 0.9962497362353954)",1,97.10053669633167,43682
"(0.9111482937118004, 0.9780401821284612)",1,97.1005195762175,43683
"(0.4590791029805835, 0.9987499746026686)",1,97.10051898902798,43684
"(0.5012820344246796, 0.9887504746694504)",2,97.10049371290452,43686
"(0.9309563801089225, 0.972281746031746)",1,97.10040963186576,43687
"(0.8884797556713653, 0.9748524098350704)",1,97.10033605307756,43688
"(0.7665484369555701, 0.9764666952752286)",1,97.10031231586493,43689
"(0.550520150523011, 0.9925001406329104)",1,97.10028503673352,43690
"(0.8605691443799373, 0.9736189431913116)",1,97.10022089642698,43691
"(0.9284571698606786, 0.9748524098350704)",1,97.10016791537272,43692
"(0.4965663004560743, 0.9887504746694504)",1,97.10015732219944,43693
"(0.9712822597033124, 0.97502985598876)",1,97.10015653861215,43694
"(0.9311507936507936, 0.972420634920635)",1,97.10010916505928,43695
"(0.864057359093178, 0.9770268172641052)",1,97.1000734858531,43696
"(0.9640038239043044, 0.9714285714285714)",3,97.09997539057755,43699
"(0.6404450973668964, 0.98)",1,97.09991048195528,43700
"(0.8347775825943863, 0.9958292603453894)",1,97.09987844490075,43701
"(0.93773047895128, 0.9958292603453894)",1,97.0998358675144,43702
"(0.943552974917135, 0.9714285714285714)",1,97.09980125374018,43703
"(0.927109440267335, 0.9751409401578528)",1,97.09978375911098,43704
"(0.8318290279074593, 0.9861673414304992)",1,97.09969489557814,43705
"(0.9098759089802734, 0.9748524098350704)",1,97.09966908673982,43706
"(0.8715701474388204, 0.972281746031746)",3,97.09965490324925,43709
"(0.8715701474388204, 0.972281746031746)",2,97.09963516143438,43711
"(0.95, 0.9751409401578528)",1,97.09962442559365,43712
"(0.789994229453279, 0.972420634920635)",2,97.09961961883285,43714
"(0.9916585206907788, 0.9958292603453894)",1,97.0995985616217,43715
"(0.7664480222619757, 0.9764666952752286)",2,97.09951757993446,43717
"(0.908421874225862, 0.9756756756756756)",3,97.09942511249947,43720
"(0.9253777472527472, 0.9749656593406592)",1,97.099374559946,43721
"(0.2520817505905556, 0.9981012669018314)",1,97.0993607278929,43722
"(0.9427148033126296, 0.9751409401578528)",1,97.09923940845282,43723
"(0.9916339869281046, 0.9958292603453894)",1,97.09919061220496,43724
"(0.8879331046312178, 0.9749656593406592)",1,97.09916402349482,43725
"(0.702867567752065, 1.0)",1,97.09915104344611,43726
"(0.902192297684101, 0.972281746031746)",2,97.099122815632,43728
"(0.765692887308966, 0.9861310021084456)",1,97.09907484008582,43729
"(0.8567210567210567, 0.9861673414304992)",1,97.09904969655835,43730
"(0.8074780204479453, 0.9749910873440284)",1,97.09897743578952,43731
"(0.779286067193676, 0.9749910873440284)",1,97.09886738381933,43732
"(0.7665484369555701, 0.9764666952752286)",1,97.098852848901,43733
"(0.8201767124753505, 0.9736842105263158)",1,97.09883642362308,43734
"(0.5915486782249667, 0.9977226779352056)",1,97.098577317868,43735
"(0.5730351811691473, 0.98175313236901)",2,97.0985606176077,43737
"(0.8584175084175085, 0.972420634920635)",1,97.09849454775308,43738
"(0.9640038239043044, 0.97502985598876)",1,97.09840946510496,43739
"(0.8879331046312178, 0.9749656593406592)",1,97.09826419342906,43740
"(0.8602650098786556, 0.9783779637835908)",3,97.09823527831536,43743
"(0.8593554593554595, 0.9861673414304992)",1,97.09823047086162,43744
"(0.7923306301473605, 0.9764666952752286)",1,97.09820599645997,43745
"(0.7615072500907597, 0.9764666952752286)",1,97.09817380965892,43746
"(0.8777008472715792, 0.9790540349287944)",1,97.09809438807892,43747
"(0.7665484369555701, 0.9764666952752286)",1,97.09805565493365,43748
"(0.4230961584008337, 0.987500703164553)",2,97.09804026884156,43750
"(0.5685296942699924, 0.9783716624971414)",1,97.09800603619148,43751
"(0.888945374800638, 0.9749656593406592)",1,97.0979343891721,43752
"(0.9308697752778572, 0.9749052909377262)",1,97.0979244952338,43753
"(0.9628689175769612, 0.9749910873440284)",1,97.09792136893512,43754
"(0.9210526315789472, 0.9736189431913116)",1,97.09791462092474,43755
"(0.5489738730640235, 0.976682233567792)",1,97.0979063397155,43756
"(0.9058747619658436, 0.9748802746905214)",1,97.09787031766592,43757
"(0.7472307467415887, 0.9767441860465116)",1,97.09786581505188,43758
"(0.9575913511472004, 0.9749052909377262)",1,97.09778268939324,43759
"(0.812418383596075, 0.9767441860465116)",1,97.09777778087232,43760
"(0.7138200339558575, 0.9749656593406592)",1,97.09777542896502,43761
"(0.9834113430318364, 0.9958292603453894)",1,97.09770512433046,43762
"(0.8777008472715792, 0.9787161797779323)",1,97.09760469385016,43763
"(0.9261858974358974, 0.9747507916611692)",1,97.09759017104096,43764
"(0.8524016298728943, 0.9748802746905214)",2,97.09757788772257,43766
"(0.7677237478025478, 0.9773648571145208)",1,97.09757121267776,43767
"(0.7138200339558575, 0.9749656593406592)",2,97.0974554088472,43769
"(0.9288982963016116, 0.9786694888904832)",1,97.09738752835496,43770
"(0.9011810599946194, 0.9861673414304992)",4,97.09736352099571,43774
"(0.911577306111922, 0.9735486410250802)",1,97.09730876418276,43775
"(0.8686559598432304, 0.9764666952752286)",1,97.09721940947487,43776
"(0.9505232430050672, 0.9750870495448254)",1,97.09721181630702,43777
"(0.8148308968977662, 0.972281746031746)",1,97.0970134451965,43778
"(0.947035873779261, 0.9716190476190476)",2,97.09698713677903,43780
"(0.8813457860512559, 0.9748802746905214)",1,97.0968219369427,43781
"(0.4921512824029625, 0.9912488373656227)",1,97.09676560890472,43782
"(0.8734313112361893, 0.9722222222222222)",1,97.0966867702719,43783
"(0.4837588747247526, 0.9962499238080056)",1,97.09660025206928,43784
"(0.7709171448706333, 0.9764666952752286)",1,97.0965879528191,43785
"(0.8393264911275135, 0.9770268172641052)",1,97.0965200162668,43786
"(0.9793622864590606, 0.9958292603453894)",1,97.09649782878527,43787
"(0.9348222545262322, 0.9786694888904832)",1,97.09649421655782,43788
"(0.5172159656435519, 0.9996210215628012)",1,97.09646493902672,43789
"(0.6020449077786688, 0.9764666952752286)",1,97.09642839687888,43790
"(0.9085605849871624, 0.9736189431913116)",1,97.09638649686312,43791
"(0.9230627959463646, 0.9714285714285714)",1,97.09635026040571,43792
"(0.9146901709401708, 0.972281746031746)",1,97.09630550665716,43793
"(0.9677353740627908, 0.971495851087688)",1,97.09627747663691,43794
"(0.8569370609099162, 0.9756756756756756)",1,97.09626664750364,43795
"(0.9301209372637944, 0.9722222222222222)",2,97.09621673220713,43797
"(0.9833040078201368, 0.9958292603453894)",1,97.09613867180268,43798
"(0.9574285714285714, 0.9751409401578528)",1,97.09611265504734,43799
"(0.7548199009255377, 0.9773648571145208)",1,97.09603174391184,43800
"(0.6969051878354204, 0.9764666952752286)",1,97.09598538301938,43801
"(0.8791645439245395, 0.9735486410250802)",1,97.09596290935706,43802
"(0.5910655737704917, 0.9912495487428092)",1,97.09577366733085,43803
"(0.6387464387464387, 0.9870601047071634)",2,97.09577182764984,43805
"(0.6260123507862112, 0.9764666952752286)",1,97.095702521452,43806
"(0.4896359390280644, 0.9962497362353954)",1,97.09558458899366,43807
"(0.7885047499939597, 0.9764666952752286)",1,97.09553880785708,43808
"(0.843730230395311, 0.9764666952752286)",1,97.09549438515856,43809
"(0.7851227464298004, 0.9760113697016682)",1,97.09538036339502,43810
"(0.5169664781532898, 0.98999899959984)",1,97.09533523937236,43811
"(0.9299160159815896, 0.972045976510262)",1,97.0952688788794,43812
"(0.4195358585602487, 0.9870601047071634)",1,97.09524904201098,43813
"(0.9505232430050672, 0.9751409401578528)",1,97.095223488837,43814
"(0.8194074731341813, 0.9861673414304992)",1,97.0952079923606,43815
"(0.8194074731341813, 0.9861673414304992)",1,97.09516449623848,43816
"(0.9738477269913072, 0.9958292603453894)",1,97.0951515983742,43817
"(0.9131755270308844, 0.9773648571145208)",1,97.09511516629222,43818
"(0.9643944553313464, 0.9764666952752286)",1,97.0951116127704,43819
"(0.8124923632552741, 0.972420634920635)",1,97.0951103048382,43820
"(0.9276343133138456, 0.9790540349287944)",1,97.09498246454568,43821
"(0.8995772689779955, 0.9749656593406592)",1,97.0949771694521,43822
"(0.5730351811691473, 0.9820927691792174)",1,97.0949064505112,43823
"(0.8891825109620656, 0.975)",1,97.09480568177628,43824
"(0.7709171448706333, 0.9764666952752286)",1,97.09479256325388,43825
"(0.7977749180480272, 0.9861673414304992)",1,97.0947534274116,43826
"(0.775651722678174, 0.9764666952752286)",1,97.0947515089158,43827
"(0.7677237478025478, 0.9790540349287944)",1,97.0947456579164,43828
"(0.9134717985546716, 0.9770268172641052)",3,97.0947113916394,43831
"(0.9036271334014516, 0.976351221792846)",1,97.09470150234924,43832
"(0.5352462289124051, 0.9862497206293536)",1,97.09464621215912,43833
"(0.5986257833623191, 0.9875)",1,97.0945961062703,43834
"(0.9535144014828052, 0.9751409401578528)",1,97.0945501648264,43835
"(0.9486619426325308, 1.0)",1,97.09448617969896,43836
"(0.9707095350359108, 0.9958292603453894)",1,97.09444541355715,43837
"(0.6260123507862112, 0.9764666952752286)",1,97.0944372757847,43838
"(0.925438675470188, 0.9749656593406592)",1,97.09425215619946,43839
"(0.8768488063660478, 0.9749656593406592)",1,97.0942373020443,43840
"(0.7678405315614618, 0.9764666952752286)",1,97.09423610328396,43841
"(0.4684544892656223, 0.986245936653225)",3,97.09417774714436,43844
"(0.8868677229932935, 0.9736842105263158)",1,97.0941742652004,43845
"(0.950392857142857, 0.9749656593406592)",1,97.09394258684333,43846
"(0.4912575527045726, 0.9937502637052502)",1,97.09391700304003,43847
"(0.4787282598676327, 1.0)",3,97.09389633418532,43850
"(0.9450323339212228, 0.972045976510262)",1,97.09387173303617,43851
"(0.930124456440246, 0.972045976510262)",1,97.09375898656646,43852
"(0.7709171448706333, 0.9764666952752286)",2,97.09370607542856,43854
"(0.8715701474388204, 0.972281746031746)",2,97.0937031065712,43856
"(0.5147068703695182, 0.9937495603923254)",1,97.09363107062904,43857
"(0.9233339198521971, 0.9714285714285714)",2,97.0935374896041,43859
"(0.852, 0.9749910873440284)",1,97.0934930336896,43860
"(0.4901583010700104, 0.9770265865200648)",1,97.09346438860926,43861
"(0.5171058300492589, 1.0)",3,97.09339641429906,43864
"(0.9958292603453894, 0.9958292603453894)",1,97.09337762653657,43865
"(0.4772368473497005, 0.99499949979992)",1,97.09337460611054,43866
"(0.9259740526337398, 0.9714285714285714)",1,97.09335905686814,43867
"(0.7075825156110616, 0.991206314397104)",1,97.09330708711008,43868
"(0.930124456440246, 0.972045976510262)",1,97.0932897669406,43869
"(0.5349448432585369, 0.998107010444791)",1,97.09326900478416,43870
"(0.930124456440246, 0.972045976510262)",1,97.09320231083956,43871
"(0.9572437766315318, 0.9751409401578528)",1,97.09318247934851,43872
"(0.3545856375860411, 1.0)",1,97.09315289256568,43873
"(0.7980310463463742, 0.9753371200398564)",2,97.09313088677555,43875
"(0.9017715617715616, 0.9861673414304992)",1,97.09311640737248,43876
"(0.8308201058201059, 0.972045976510262)",1,97.09306611055862,43877
"(0.9153127183787562, 0.972045976510262)",1,97.0930542664368,43878
"(0.4955558486584263, 0.9950001562744178)",1,97.09304441929557,43879
"(0.8098502304147466, 0.9749910873440284)",1,97.09303095674262,43880
"(0.8340166019865393, 0.9749910873440284)",1,97.09299550314137,43881
"(0.4935897435897436, 0.9870601047071634)",1,97.09298950430087,43882
"(0.9111482937118004, 0.9790536524153534)",1,97.09298490991966,43883
"(0.8513842746400886, 0.9767441860465116)",1,97.09291794410696,43884
"(0.6496381380870513, 0.9770268172641052)",1,97.09291302152968,43885
"(0.8734313112361893, 0.9722222222222222)",1,97.0929038421868,43886
"(0.8112275321577646, 0.9764666952752286)",1,97.09284566659818,43887
"(0.9162596992611264, 0.972045976510262)",1,97.09284520985436,43888
"(0.925438675470188, 0.9749656593406592)",1,97.0927191753498,43889
"(0.8384307029790694, 0.9756746761828256)",2,97.09271520520328,43891
"(0.6435039149365576, 1.0)",3,97.0926158635176,43894
"(0.9916585206907788, 0.9958292603453894)",1,97.09257743874213,43895
"(0.9022292915996296, 0.972045976510262)",1,97.09256464640306,43896
"(0.8883034087952121, 0.9722222222222222)",1,97.09254964227682,43897
"(0.9528533742496432, 0.97502985598876)",1,97.09245289856126,43898
"(0.8066487122350412, 0.9767441860465116)",1,97.09242158128184,43899
"(0.9122507070492478, 0.9749656593406592)",2,97.09240083666182,43901
"(0.7211566091954024, 0.9749910873440284)",1,97.0923875131877,43902
"(0.9156086605607608, 0.9735486410250802)",1,97.09232819927944,43903
"(0.4724538701233134, 0.9975000781372088)",2,97.0923070097762,43905
"(0.5130229932669931, 0.9884568596121724)",3,97.09228778802552,43908
"(0.888622291021672, 0.9749656593406592)",1,97.09228172385392,43909
"(0.8768488063660478, 0.9749656593406592)",1,97.09225412806548,43910
"(0.8340166019865393, 0.9749910873440284)",1,97.09216365902395,43911
"(0.6759495516512356, 0.9764666952752286)",1,97.09208435733444,43912
"(0.930124456440246, 0.972045976510262)",1,97.09205273768984,43913
"(0.9111482937118004, 0.9756746761828256)",2,97.09197850763346,43915
"(0.9450323339212228, 0.972045976510262)",3,97.09197704601644,43918
"(0.9069647153947764, 0.9714285714285714)",1,97.09196023156832,43919
"(0.4573473980309424, 0.9912498769375496)",1,97.09195753526934,43920
"(0.8453177368288579, 0.9736189431913116)",1,97.09193057846116,43921
"(0.8451478848040399, 0.972045976510262)",3,97.09189717664678,43924
"(0.9505232430050672, 0.9751409401578528)",1,97.09183370832964,43925
"(0.8722751392320632, 0.9756756756756756)",1,97.09183270631752,43926
"(0.8631546198466533, 0.9764666952752286)",1,97.09175284324115,43927
"(0.9860411258716344, 0.972045976510262)",1,97.0917015060556,43928
"(0.8777008472715792, 0.9790540349287944)",3,97.09169172002956,43931
"(0.8920217788143652, 0.9748802746905214)",1,97.09157443301606,43932
"(0.7677237478025478, 0.9770267123810644)",1,97.091494321544,43933
"(0.6341009759759758, 0.986249032863116)",2,97.09148911011776,43935
"(0.9069647153947764, 0.9714285714285714)",1,97.09140569836352,43936
"(0.3545856375860411, 0.9988653407824049)",1,97.09132703092476,43937
"(0.6456925128205129, 0.9912498222186796)",1,97.0912947035658,43938
"(0.7620265151515151, 0.9749656593406592)",1,97.09122826482356,43939
"(0.59638347550428, 1.0)",3,97.09117083478948,43942
"(0.5009421228446381, 0.9937498730133428)",1,97.09115189683472,43943
"(0.9310391447174572, 0.9773648571145208)",1,97.0911365599955,43944
"(0.8982905982905984, 0.9716190476190476)",3,97.09108353574888,43947
"(0.8459266053144301, 0.9749910873440284)",1,97.09104565252365,43948
"(0.8199566964749151, 0.9779870235853187)",3,97.09103139377038,43951
"(0.9450323339212228, 0.972045976510262)",2,97.09099753397378,43953
"(0.987491854024112, 0.9958292603453894)",1,97.09099255161442,43954
"(0.8995772689779955, 0.9749656593406592)",1,97.09085629761891,43955
"(0.9230627959463646, 0.9714285714285714)",2,97.0908058918463,43957
"(0.9874877810361682, 0.9958292603453894)",1,97.0907901024774,43958
"(0.9348222545262322, 0.9751409401578528)",1,97.09076036555209,43959
"(0.8003813092161745, 0.9748802746905214)",1,97.09073910887922,43960
"(0.7639004270430678, 0.9773633792764796)",1,97.09073092904896,43961
"(0.6415148305084746, 0.9749910873440284)",1,97.09064467584705,43962
"(0.5080392961876832, 0.9862497206293536)",3,97.09060393507887,43965
"(0.987463247273494, 0.9958292603453894)",2,97.09057928996822,43967
"(0.8010054664946871, 0.972045976510262)",1,97.09048775460458,43968
"(0.8876903814630851, 0.972045976510262)",1,97.09040363636912,43969
"(0.888945374800638, 0.9749656593406592)",1,97.09024470708884,43970
"(0.9172008547008548, 0.9861673414304992)",1,97.09020362018876,43971
"(0.828966378966379, 0.9722222222222222)",1,97.09009995245457,43972
"(0.8499431760854415, 0.9729729482952526)",1,97.09004442731649,43973
"(0.9640038239043044, 0.97502985598876)",1,97.09002655384104,43974
"(0.9715593185206444, 0.9749692931061258)",3,97.0900231874186,43977
"(0.5332214830187948, 0.983748857020046)",2,97.09000315573648,43979
"(0.9310483384791604, 0.972420634920635)",1,97.08997085476985,43980
"(0.9486619426325308, 1.0)",1,97.08995527405132,43981
"(0.7423856773080242, 0.9749656593406592)",1,97.08977908292655,43982
"(0.8686559598432304, 0.9764666952752286)",1,97.08976848807164,43983
"(0.9225446428571428, 0.9749656593406592)",1,97.08966841797364,43984
"(0.9450323339212228, 0.972045976510262)",1,97.08955319904696,43985
"(0.7677237478025478, 0.9787162089285728)",1,97.08950556372818,43986
"(0.7439393939393939, 1.0)",1,97.08944880070965,43987
"(0.5245686342987251, 1.0)",1,97.08944165166456,43988
"(0.8490208544183524, 0.972281746031746)",1,97.0894232646869,43989
"(0.8085259100433108, 0.9861673414304992)",1,97.08932797762434,43990
"(0.8610715260301386, 0.9764666952752286)",1,97.08931479389678,43991
"(0.9253777472527472, 0.9749656593406592)",1,97.08920870824063,43992
"(0.5295994275347542, 1.0)",1,97.08912818669204,43993
"(0.9073492428586464, 0.9714285714285714)",1,97.08897289699472,43994
"(0.9253777472527472, 0.9749656593406592)",1,97.0889240757796,43995
"(0.8098502304147466, 0.9749910873440284)",1,97.08884797112732,43996
"(0.5626274989800081, 0.9764666952752286)",1,97.08882134120618,43997
"(0.517228150797548, 0.9988642062668746)",1,97.0887999228844,43998
"(0.4162177798306099, 0.9862497206293536)",3,97.08876385676488,44001
"(0.8920217788143652, 0.9748802746905214)",1,97.0887537200649,44002
"(0.9302688539530646, 0.9735486410250802)",1,97.08873778266152,44003
"(0.4983681052446587, 0.99)",1,97.08868720275584,44004
"(0.9259740526337398, 0.9714285714285714)",1,97.08865002120402,44005
"(0.9429917021753756, 0.9749052909377262)",1,97.08859850877928,44006
"(0.9162596992611264, 0.972420634920635)",1,97.08859636316612,44007
"(0.8333192389006343, 0.9766918866148322)",1,97.08859180831648,44008
"(0.9832184229069656, 0.9958292603453894)",1,97.08857855025845,44009
"(0.9174699604767228, 0.972281746031746)",1,97.08826374972716,44010
"(0.6011178661408698, 1.0)",1,97.0882445441045,44011
"(0.7186738340996477, 0.9749999315190758)",2,97.0882408211587,44013
"(0.5888137650974399, 0.9767441860465116)",1,97.0881317639704,44014
"(0.5306450880554778, 1.0)",1,97.0881155267378,44015
"(0.6324707692241994, 0.9861673414304992)",1,97.08800494682738,44016
"(0.8916138279602192, 0.97502985598876)",1,97.0879146321627,44017
"(0.9162596992611264, 0.972281746031746)",3,97.08787710860813,44020
"(0.9019292060258446, 0.9861673414304992)",1,97.08778919960704,44021
"(0.4787519493971895, 0.98999899959984)",1,97.08760556778836,44022
"(0.9860411258716344, 0.972045976510262)",2,97.0876048049197,44024
"(0.8459266053144301, 0.9749910873440284)",1,97.08759607594914,44025
"(0.9012059369202228, 0.9749910873440284)",1,97.08756040411564,44026
"(0.7435897435897436, 0.9872890642121412)",1,97.0875216591667,44027
"(0.9187883397948668, 0.9751409401578528)",1,97.08749251466364,44028
"(0.9276343133138456, 0.9790540349287944)",1,97.08740827033256,44029
"(0.8937718863178524, 0.991777356103732)",1,97.0873582990962,44030
"(0.9238400660955778, 0.9714285714285714)",1,97.08730384046008,44031
"(0.7323163951070927, 0.9764666952752286)",1,97.08729142962854,44032
"(0.9085605849871624, 0.9736189431913116)",2,97.08726714131696,44034
"(0.5203553504225632, 0.9935041393887948)",3,97.08723945729596,44037
"(0.8631918334993627, 0.9833229101521784)",1,97.08720107024016,44038
"(0.7885047499939597, 0.9764666952752286)",1,97.08720025260304,44039
"(0.5959779257772208, 0.9950429441987424)",3,97.08718736027647,44042
"(0.927109440267335, 0.9751409401578528)",1,97.08707087606768,44043
"(0.8329339143064635, 0.972420634920635)",1,97.08706050519667,44044
"(0.1036822132246005, 0.9992416608232524)",1,97.08705868524105,44045
"(0.8333192389006343, 0.9766918866148322)",1,97.08703738967026,44046
"(0.9162596992611264, 0.972281746031746)",1,97.08694367833358,44047
"(0.501667548613375, 0.9900003125488358)",1,97.08690272911076,44048
"(0.9791388745136372, 0.9958292603453894)",1,97.0868847641469,44049
"(0.8506653943511476, 0.991206314397104)",1,97.08686598353862,44050
"(0.401652976500311, 0.9870601047071634)",1,97.08680694623976,44051
"(0.888622291021672, 0.9749656593406592)",1,97.08679897136004,44052
"(0.9146901709401708, 0.972281746031746)",1,97.08674028480092,44053
"(0.9188863189008992, 0.9767441860465116)",1,97.0866452516981,44054
"(0.8130477958637364, 0.9736842105263158)",3,97.0866310990646,44057
"(0.7668537890977591, 0.9770268172641052)",1,97.08659718419872,44058
"(0.7394745529782975, 0.9790536524153534)",1,97.08658705036116,44059
"(0.551795203568387, 0.9874974989996)",1,97.08658560922666,44060
"(0.8098502304147466, 0.9749910873440284)",1,97.08657706508706,44061
"(0.9162596992611264, 0.972281746031746)",1,97.08647978219147,44062
"(0.6020449077786688, 0.9764666952752286)",2,97.08646609132091,44064
"(0.8116470752541504, 0.9770268172641052)",1,97.0864352343772,44065
"(0.9540153992631536, 0.9716190476190476)",1,97.08643037025575,44066
"(0.779286067193676, 0.9749910873440284)",1,97.08640455367788,44067
"(0.7348436174331348, 0.972281746031746)",1,97.08637094633468,44068
"(0.9609357631051972, 0.9751409401578528)",1,97.08633517238732,44069
"(0.7864381427049374, 0.9790536524153534)",1,97.08625165745424,44070
"(0.8322510822510822, 0.9861673414304992)",1,97.08625042346738,44071
"(0.8455704732698088, 0.972281746031746)",1,97.08623901604132,44072
"(0.9388917411828462, 0.9751409401578528)",1,97.08619403914288,44073
"(0.6746811878062335, 0.9790538627996256)",2,97.0861810646087,44075
"(0.9234894220441888, 0.9748802746905214)",1,97.08616070462632,44076
"(0.8871966240387292, 0.972420634920635)",1,97.08608591830672,44077
"(0.5642422164950636, 0.9870601047071634)",1,97.0860786659999,44078
"(0.9309563801089225, 0.972281746031746)",1,97.08603141248524,44079
"(0.8751897860593512, 0.972420634920635)",1,97.08602218438632,44080
"(0.4996495707241371, 0.9887497714240168)",2,97.08593884406294,44082
"(0.8715701474388204, 0.972281746031746)",1,97.08592714815352,44083
"(0.9162596992611264, 0.972281746031746)",2,97.08592446840156,44085
"(0.8512737540052664, 0.9736189431913116)",1,97.08589943223316,44086
"(0.7187807755293061, 0.978040051793672)",1,97.08583440655076,44087
"(0.8344065656565657, 0.9861673414304992)",1,97.08578963062456,44088
"(0.9212328545548654, 0.9716190476190476)",1,97.08577387292172,44089
"(0.9916585206907788, 0.9958292603453894)",1,97.0857267975143,44090
"(0.8656595443322052, 0.976013472448221)",1,97.08567982036884,44091
"(0.9876106894370652, 0.9958292603453894)",1,97.08555099750382,44092
"(0.6361158710730316, 0.9764666952752286)",1,97.08554037052488,44093
"(0.5080392961876832, 0.9862497206293536)",3,97.08546949755956,44096
"(0.8569370609099162, 0.9756756756756756)",3,97.08544193945409,44099
"(0.9146901709401708, 0.972281746031746)",1,97.08542009202009,44100
"(0.6020449077786688, 0.9764666952752286)",1,97.08541925498126,44101
"(0.7864381427049374, 0.9739863825698992)",1,97.08539234160968,44102
"(0.8455704732698088, 0.972281746031746)",3,97.0852956795915,44105
"(0.7602379596828609, 0.9749910873440284)",1,97.08527184158363,44106
"(0.3941579628653293, 1.0)",1,97.08524989430872,44107
"(0.8884778134778135, 0.972281746031746)",1,97.08524086302602,44108
"(0.6324614334795292, 0.9767441860465116)",1,97.08523730048768,44109
"(0.9528533742496432, 0.9714285714285714)",1,97.08520125222442,44110
"(0.8715701474388204, 0.972281746031746)",1,97.08519527926867,44111
"(0.911234030893585, 0.9714285714285714)",1,97.08516908658054,44112
"(0.4345640839445211, 0.9996210215628012)",1,97.08515481607208,44113
"(0.9743030741133208, 0.9958292603453894)",1,97.08505436537868,44114
"(0.7453091184935634, 0.991206314397104)",1,97.08500130218351,44115
"(0.9028964862298196, 0.972420634920635)",2,97.08499777439468,44117
"(0.8455704732698088, 0.972281746031746)",2,97.08492528085968,44119
"(0.960666032023912, 0.9714285714285714)",3,97.08491596623064,44122
"(0.8306479779411763, 0.9749910873440284)",1,97.08481025386544,44123
"(0.4837588747247526, 0.9937495603923254)",1,97.08478975835476,44124
"(0.9134717985546716, 0.9770268172641052)",3,97.08473588542928,44127
"(0.9427148033126296, 0.9751409401578528)",1,97.08442861703482,44128
"(0.8201767124753505, 0.9736842105263158)",1,97.08438632957052,44129
"(0.9238400660955778, 0.9785714285714284)",1,97.08435615204192,44130
"(0.4338421858976735, 0.9912488373656227)",1,97.08435474647295,44131
"(0.5937062237855465, 1.0)",3,97.08433743108452,44134
"(0.8748200797381125, 0.9722222222222222)",1,97.08418694220666,44135
"(0.8750583443290422, 0.9729729482952526)",1,97.08415962317116,44136
"(0.8224713709935384, 0.9786694888904832)",1,97.08415742776722,44137
"(0.8701817267182292, 0.9736189431913116)",1,97.08408676773163,44138
"(0.950392857142857, 0.9749656593406592)",1,97.08405592379695,44139
"(0.8090208511560183, 0.9773648261130392)",1,97.08385007023348,44140
"(0.4804731351668838, 0.983748857020046)",1,97.08382653357918,44141
"(0.8148308968977662, 0.972281746031746)",1,97.0838155784596,44142
"(0.7665484369555701, 0.9764666952752286)",1,97.0838120309462,44143
"(0.5245686342987251, 1.0)",3,97.08370172107816,44146
"(0.9110813074094206, 0.9764666952752286)",1,97.08369034636044,44147
"(0.7602379596828609, 0.9749910873440284)",2,97.08367315751836,44149
"(0.987463247273494, 0.9958292603453894)",1,97.08366521574996,44150
"(0.8777008472715792, 0.9749997717285854)",1,97.083656690531,44151
"(0.8435010386583575, 0.972281746031746)",1,97.08364286175612,44152
"(0.911234030893585, 0.9713574016563148)",1,97.08360149547978,44153
"(0.911577306111922, 0.9735486410250802)",1,97.0835478293274,44154
"(0.9276343133138456, 0.9787161797779323)",1,97.08352942819631,44155
"(0.8996408045977011, 0.9749910873440284)",2,97.0835261865371,44157
"(0.874450386215092, 0.972281746031746)",2,97.08332344204273,44159
"(0.3600029483220985, 0.9984817852901372)",1,97.08332323527527,44160
"(0.8880748880748881, 0.972281746031746)",1,97.08327284720556,44161
"(0.8768488063660478, 0.9749656593406592)",1,97.0832217189906,44162
"(0.8887868801004395, 0.9722222222222222)",1,97.0831524369424,44163
"(0.6759495516512356, 0.9764666952752286)",1,97.08311701914064,44164
"(0.7024127592418583, 0.9984833216465048)",1,97.08305969288662,44165
"(0.9476043407479208, 1.0)",2,97.08304601361766,44167
"(0.3729832026666541, 0.9841202349151364)",2,97.08298837077562,44169
"(0.9835547122074636, 0.9958292603453894)",1,97.08296687617282,44170
"(0.7296277808577878, 0.9770268172641052)",1,97.08294690235668,44171
"(0.510124419309014, 0.977358648675653)",1,97.08287880862618,44172
"(0.8567929292929293, 0.972281746031746)",1,97.0828651654297,44173
"(0.8715701474388204, 0.972281746031746)",1,97.08285582569331,44174
"(0.8580559516200404, 0.9764666952752286)",1,97.08277472813498,44175
"(0.5539162487178357, 0.9937501074421884)",1,97.08275575533054,44176
"(0.4632547082040988, 1.0)",1,97.08267967391974,44177
"(0.9017715617715616, 0.9861673414304992)",1,97.08260937964656,44178
"(0.8686559598432304, 0.9764666952752286)",1,97.08258987172752,44179
"(0.842200034135518, 0.9714285714285714)",1,97.0825861926749,44180
"(0.8616465603190429, 0.9749656593406592)",2,97.08258052287728,44182
"(0.9874877810361682, 0.9958292603453894)",1,97.08255672335486,44183
"(0.6070991828496547, 0.9969573675011548)",1,97.08253721344384,44184
"(0.8880748880748881, 0.972281746031746)",2,97.0824734703115,44186
"(0.507482960719107, 1.0)",1,97.08245686817608,44187
"(0.4794373036867545, 0.9847947197075052)",1,97.08236893741322,44188
"(0.5081592004685413, 0.9927848142269592)",1,97.08226654112288,44189
"(0.4286514639639639, 0.9787133659043964)",1,97.08225262774292,44190
"(0.8224713709935384, 0.9751409401578528)",1,97.08210507627244,44191
"(0.9147108205622834, 0.9735486410250802)",1,97.08207056435631,44192
"(0.7578328648096089, 0.9764666952752286)",1,97.08204828598136,44193
"(0.9645938855657314, 0.9716190476190476)",1,97.08200083409966,44194
"(0.6515958472021928, 0.983748857020046)",1,97.08192831491787,44195
"(0.8874679030103783, 0.9753378406526394)",2,97.08189165800796,44197
"(0.8897839506172838, 0.9722222222222222)",1,97.08180917458732,44198
"(0.5212761826633853, 0.9849993435489618)",1,97.08180569747302,44199
"(0.829593594810986, 0.9870601047071634)",1,97.0815630811176,44200
"(0.7211566091954024, 0.9749910873440284)",1,97.08144129673512,44201
"(0.8074780204479453, 0.9749910873440284)",1,97.08143383865476,44202
"(0.8428883536673643, 0.9736842105263158)",1,97.0814178997274,44203
"(0.8194074731341813, 0.9861673414304992)",2,97.0814177897286,44205
"(0.4510894164249752, 0.9912834959444288)",1,97.08141503250488,44206
"(0.7891673497098101, 0.9736842105263158)",1,97.081398504595,44207
"(0.4904033495004767, 0.9764666952752286)",1,97.0813933272824,44208
"(0.7620265151515151, 0.9749656593406592)",1,97.08136879558948,44209
"(0.5452310701354139, 0.9996210215628012)",1,97.08128882191494,44210
"(0.911234030893585, 0.9785714285714284)",1,97.08115249894423,44211
"(0.9535144014828052, 0.9786694888904832)",1,97.0811059325744,44212
"(0.8124923632552741, 0.972420634920635)",1,97.08104531237252,44213
"(0.902192297684101, 0.972045976510262)",1,97.0810411713317,44214
"(0.5626274989800081, 0.9764666952752286)",1,97.08103080908852,44215
"(0.9354654378932672, 0.97297282490611)",1,97.08102436587146,44216
"(0.930124456440246, 0.972045976510262)",1,97.08097960042824,44217
"(0.9225446428571428, 0.9749656593406592)",1,97.08097598587622,44218
"(0.842200034135518, 0.97502985598876)",1,97.08090916267444,44219
"(0.9645938855657314, 0.9716190476190476)",1,97.0808453869926,44220
"(0.5306450880554778, 0.9907952975670266)",3,97.0808328323995,44223
"(0.8660545355265853, 0.9749910873440284)",1,97.08078755281257,44224
"(0.9873891625615764, 1.0)",2,97.08072741146992,44226
"(0.8315995778682346, 0.9722222222222222)",1,97.08069636941448,44227
"(0.488134593288165, 0.9900003125488358)",1,97.08069348286354,44228
"(0.3701287531347074, 0.9807403301468236)",1,97.08064350726195,44229
"(0.8768488063660478, 0.9749656593406592)",1,97.08063560906768,44230
"(0.9749088814411396, 1.0)",1,97.08060961797663,44231
"(0.763830245642582, 0.9780403826403014)",2,97.08057060140976,44233
"(0.7651777469990767, 0.991206314397104)",1,97.08041901174484,44234
"(0.4890240875451667, 0.9753366300784596)",1,97.08040324578616,44235
"(0.6088842547573518, 0.9984848484848484)",1,97.08039913385164,44236
"(0.7348436174331348, 0.972045976510262)",1,97.08037218765136,44237
"(0.9300671002153482, 0.972045976510262)",1,97.08037044134058,44238
"(0.7296277808577878, 0.9770268172641052)",1,97.08030561867092,44239
"(0.9166666666666666, 0.972045976510262)",1,97.08019983184435,44240
"(0.8201767124753505, 0.9736842105263158)",1,97.08018760265932,44241
"(0.9253777472527472, 0.9749656593406592)",1,97.07997710655803,44242
"(0.7639004270430678, 0.9790536524153534)",1,97.0799546712954,44243
"(0.9833080808080809, 0.9958292603453894)",1,97.07989641640891,44244
"(0.6809855026116619, 0.9749910873440284)",1,97.0798317677042,44245
"(0.4986472607029235, 0.9875003906860448)",1,97.07982466645836,44246
"(0.7304742252709461, 0.9764666952752286)",1,97.07972963985728,44247
"(0.8874191651969431, 0.9861673414304992)",1,97.07971546608805,44248
"(0.7803195571784078, 0.9736842105263158)",1,97.0796959112782,44249
"(0.6983464132286942, 0.9767441860465116)",1,97.07968473531956,44250
"(0.240611928037625, 0.9935041393887948)",3,97.07967981145336,44253
"(0.947035873779261, 0.9716190476190476)",3,97.07967618006118,44256
"(0.7325800052772601, 0.9767441860465116)",1,97.07966623209116,44257
"(0.7578328648096089, 0.9764666952752286)",1,97.07966436601129,44258
"(0.4935497074925994, 0.9949997811829872)",1,97.07966164093872,44259
"(0.6128103629529902, 0.9770268172641052)",1,97.07959636551794,44260
"(0.9538370349708868, 0.9764666952752286)",1,97.07952263505172,44261
"(0.7481666755361609, 0.9764666952752286)",1,97.07947059896368,44262
"(0.9160652508866794, 0.972045976510262)",1,97.07946612539372,44263
"(0.6020449077786688, 0.9764666952752286)",1,97.07943425026068,44264
"(0.8459744503862151, 0.972045976510262)",2,97.07934216956136,44266
"(0.9162596992611264, 0.972045976510262)",1,97.07929248762264,44267
"(0.5156094862280662, 0.9927774481114972)",1,97.07925437434147,44268
"(0.9379369827374928, 0.9714285714285714)",1,97.07922120573352,44269
"(0.9860411258716344, 0.972045976510262)",1,97.07914557340816,44270
"(0.9022759891180944, 0.972045976510262)",1,97.07913845420556,44271
"(0.9259740526337398, 0.9714285714285714)",1,97.07905219511532,44272
"(0.4925733396357239, 0.9975000781372088)",1,97.0789617863334,44273
"(0.7856964763329513, 0.9861673414304992)",1,97.0789417788638,44274
"(0.8791645439245395, 0.9735486410250802)",1,97.07892785747052,44275
"(0.9022759891180944, 0.972045976510262)",1,97.07890387107471,44276
"(0.9645238095238096, 0.9716190476190476)",1,97.0788086622926,44277
"(0.7453765521802005, 0.9770268172641052)",1,97.07879578936392,44278
"(0.8579868984630887, 0.9861673414304992)",2,97.07877642965308,44280
"(0.8340166019865393, 0.9749910873440284)",1,97.07875618360058,44281
"(0.5965299555357001, 0.9975000468776368)",1,97.0787239424196,44282
"(0.6084354171454838, 0.9950001562744178)",1,97.07870426433864,44283
"(0.6020449077786688, 0.9764666952752286)",1,97.07870108518934,44284
"(0.4109734561054151, 0.9776978145078168)",1,97.07869892445628,44285
"(0.4788541666666667, 0.9862497206293536)",2,97.07860535571903,44287
"(0.828966378966379, 0.9722222222222222)",1,97.07845277428942,44288
"(0.8705155862492784, 0.9773647021061568)",1,97.07840379579366,44289
"(0.9162596992611264, 0.972045976510262)",1,97.07831960495196,44290
"(0.683178560611297, 0.9780403826403014)",2,97.0782942599898,44292
"(0.9253777472527472, 0.9749656593406592)",1,97.07814577938302,44293
"(0.8592657752039796, 0.972045976510262)",1,97.07811984011046,44294
"(0.7677237478025478, 0.9790540349287944)",1,97.0781149436679,44295
"(0.7393955720057585, 0.9773633792764796)",1,97.07810809731006,44296
"(0.6179693015417549, 1.0)",1,97.07810618098053,44297
"(0.8451478848040399, 0.972045976510262)",1,97.07804291381257,44298
"(0.846098299557419, 0.972420634920635)",1,97.0780137094282,44299
"(0.5943528693528694, 0.9992431829362568)",3,97.07799460847244,44302
"(0.8813457860512559, 0.9748802746905214)",1,97.0779750713628,44303
"(0.8391399552284038, 0.9767441860465116)",1,97.07792792187593,44304
"(0.511612180189574, 0.9981012669018314)",1,97.07792146271088,44305
"(0.9299160159815896, 0.9722222222222222)",1,97.0779008484356,44306
"(0.8451478848040399, 0.972045976510262)",2,97.0778950859022,44308
"(0.8340166019865393, 0.9749910873440284)",1,97.07784021909188,44309
"(0.8451478848040399, 0.972045976510262)",1,97.07781686126228,44310
"(0.8306479779411763, 0.9749910873440284)",1,97.0777669775618,44311
"(0.5290733844468785, 0.986245936653225)",1,97.07770052074083,44312
"(0.9603476243044132, 0.97502985598876)",1,97.07744528247402,44313
"(0.5680245864444272, 0.990457263258758)",1,97.0774344284657,44314
"(0.9916339869281046, 0.9958292603453894)",2,97.0774259723462,44316
"(0.7458851447555765, 0.9764666952752286)",1,97.07741022825032,44317
"(0.5643457045368262, 0.9877006492116716)",1,97.07738465863932,44318
"(0.3921761406909921, 0.9870601047071634)",1,97.07735507719867,44319
"(0.5166972147349506, 0.998107010444791)",1,97.0772373692109,44320
"(0.8645256232686982, 0.9736842105263158)",1,97.07721363979844,44321
"(0.4403449749235543, 1.0)",3,97.07717558236446,44324
"(0.9210526315789472, 0.9736189431913116)",3,97.07715852886416,44327
"(0.8490208544183524, 0.972281746031746)",1,97.07706239980394,44328
"(0.8456272791248162, 0.97502985598876)",1,97.07683829508014,44329
"(0.7665484369555701, 0.9764666952752286)",1,97.07680316954612,44330
"(0.930124456440246, 0.972045976510262)",2,97.07675866879266,44332
"(0.8829656107481818, 0.9779870235853187)",1,97.07671524759468,44333
"(0.8701817267182292, 0.9736189431913116)",2,97.07670510256004,44335
"(0.7994564678905576, 0.9764666952752286)",1,97.07667321206203,44336
"(0.785056584180393, 0.9766879040584532)",2,97.07663994224146,44338
"(0.9706172005998612, 0.9958292603453894)",1,97.07655727399676,44339
"(0.8475002808673183, 0.9861673414304992)",1,97.07653144653833,44340
"(0.7578328648096089, 0.9764666952752286)",1,97.07650422429836,44341
"(0.9860411258716344, 0.972045976510262)",1,97.076436017561,44342
"(0.9916625936787228, 0.9958292603453894)",1,97.07639518003724,44343
"(0.4776542240827955, 1.0)",1,97.07634737011053,44344
"(0.8715701474388204, 0.972045976510262)",1,97.07628109195218,44345
"(0.8813457860512559, 0.9748802746905214)",1,97.07621968498434,44346
"(0.8490208544183524, 0.972281746031746)",3,97.0761380000128,44349
"(0.8996664258511047, 0.9736189431913116)",3,97.07600443511964,44352
"(0.927109440267335, 0.9751409401578528)",1,97.07599282328738,44353
"(0.5169664781532898, 0.99249924969988)",1,97.0759478560584,44354
"(0.8561103441223091, 0.972045976510262)",1,97.07594311107567,44355
"(0.9162596992611264, 0.9721762578905436)",1,97.07594153067016,44356
"(0.9288982963016116, 0.9751409401578528)",1,97.07589737010478,44357
"(0.6126816816816817, 0.9937498730133428)",1,97.07585267120284,44358
"(0.2954225865399132, 0.9996210215628012)",1,97.07584053032444,44359
"(0.9160323884095494, 0.9716190476190476)",3,97.07579402546718,44362
"(0.8062845268711453, 0.972420634920635)",1,97.07578576433056,44363
"(0.6020449077786688, 0.9764666952752286)",1,97.07569295794605,44364
"(0.9238400660955778, 0.9714285714285714)",1,97.0756789030566,44365
"(0.9450323339212228, 0.972045976510262)",1,97.0754681734488,44366
"(0.4949779061119132, 0.9900003125488358)",3,97.0753812035074,44369
"(0.7323163951070927, 0.9764666952752286)",1,97.0753517120902,44370
"(0.5715397013354384, 0.9931328125)",1,97.07521960836893,44371
"(0.5695633155937887, 0.9764666952752286)",1,97.0751642916205,44372
"(0.8874191651969431, 0.9861673414304992)",1,97.0750972493872,44373
"(0.943552974917135, 0.9714285714285714)",1,97.0749122511208,44374
"(0.8116470752541504, 0.9729729482952526)",1,97.07486109941624,44375
"(0.9073492428586464, 0.971495851087688)",1,97.07473836573428,44376
"(0.5049504801920769, 0.9962501582231502)",1,97.07470831556938,44377
"(0.7943622269203664, 0.9764666952752286)",1,97.0746831664,44378
"(0.8318916467605246, 0.9783779637835908)",1,97.07467882241092,44379
"(0.8074780204479453, 0.9749910873440284)",1,97.07462773312696,44380
"(0.917283950617284, 0.972420634920635)",1,97.07462587451276,44381
"(0.9049688873143666, 0.9736189431913116)",1,97.07461983062072,44382
"(0.4654984465942193, 0.9766868127050188)",1,97.0745770429815,44383
"(0.9494594905410846, 0.9714285714285714)",1,97.07456738529945,44384
"(0.3729832026666541, 0.982427401230897)",1,97.07453713834155,44385
"(0.9009133567957098, 0.972281746031746)",2,97.0744300811628,44387
"(0.979055829228243, 0.9958292603453894)",1,97.07440893147142,44388
"(0.3833435083435083, 0.9870601047071634)",1,97.07440083110468,44389
"(0.6460231360441068, 0.9973390598305516)",1,97.07437363777758,44390
"(0.865581803207783, 0.991206314397104)",1,97.0743449222161,44391
"(0.9584385644218804, 0.972045976510262)",1,97.07433367170276,44392
"(0.9049688873143666, 0.9736189431913116)",1,97.07431604142504,44393
"(0.7401844059863599, 0.9861673414304992)",1,97.07429880603668,44394
"(0.6969051878354204, 0.9764666952752286)",1,97.07429539685548,44395
"(0.9712822597033124, 0.9714285714285714)",3,97.07425742766448,44398
"(0.5762240792806925, 0.992345717416214)",3,97.07416830133796,44401
"(0.8428883536673643, 0.9736842105263158)",1,97.07410792489028,44402
"(0.9746854694957162, 1.0)",2,97.07401170283124,44404
"(0.7447170736590969, 0.9736842105263158)",1,97.07400838722664,44405
"(0.9082051469489508, 0.9736189431913116)",1,97.07399468622827,44406
"(0.911577306111922, 0.9735486410250802)",1,97.0739669713102,44407
"(0.8860455063826657, 0.9861673414304992)",1,97.07383869023224,44408
"(0.7280584513944579, 0.9861673414304992)",1,97.073834138903,44409
"(0.8010054664946871, 0.9722222222222222)",1,97.07380532021348,44410
"(0.6345398428731762, 0.9861310021084456)",1,97.07380279773886,44411
"(0.8411857639615443, 0.9773648571145208)",1,97.07372682914,44412
"(0.6759495516512356, 0.9764666952752286)",1,97.07371727630228,44413
"(0.9450323339212228, 0.972045976510262)",2,97.07369588251056,44415
"(0.9436368312757202, 0.972281746031746)",1,97.07348058834155,44416
"(0.8871082621082622, 0.972281746031746)",1,97.0734777075471,44417
"(0.874450386215092, 0.972281746031746)",2,97.07346388059597,44419
"(0.917283950617284, 0.972420634920635)",1,97.0734258668278,44420
"(0.7602379596828609, 0.9749910873440284)",1,97.0732585683498,44421
"(0.911234030893585, 0.9714285714285714)",3,97.07325340618512,44424
"(0.9085605849871624, 0.9736189431913116)",3,97.07314473047728,44427
"(0.553986707369508, 1.0)",3,97.07312973482068,44430
"(0.943552974917135, 0.9714285714285714)",1,97.07310118816832,44431
"(0.9162596992611264, 0.972420634920635)",1,97.07300712589492,44432
"(0.8074780204479453, 0.9749910873440284)",1,97.0729992921061,44433
"(0.6766917293233082, 0.9870601047071634)",1,97.07291376042392,44434
"(0.7481666755361609, 0.9764666952752286)",2,97.07287621194988,44436
"(0.972420634920635, 0.9861673414304992)",1,97.07287365930412,44437
"(0.7423856773080242, 0.9749656593406592)",2,97.0728726469412,44439
"(0.960666032023912, 0.971495851087688)",1,97.07274649852393,44440
"(0.6020449077786688, 0.9764666952752286)",1,97.07273045183038,44441
"(0.4632547082040988, 1.0)",3,97.07268731446185,44444
"(0.8306479779411763, 0.9749910873440284)",1,97.07265226849437,44445
"(0.9540153992631536, 0.9716190476190476)",1,97.07261059298816,44446
"(0.9085605849871624, 0.9736189431913116)",1,97.0725947953941,44447
"(0.9535144014828052, 0.9751409401578528)",1,97.0725250788286,44448
"(0.506032156862745, 0.9975000781372088)",1,97.07251735288024,44449
"(0.8455704732698088, 0.972281746031746)",1,97.07249288463342,44450
"(0.9162596992611264, 0.972281746031746)",1,97.07244583829598,44451
"(0.8227768765625336, 0.9736486245878384)",1,97.0724309722109,44452
"(0.9140194694749032, 0.9735486410250802)",1,97.07238469152092,44453
"(0.8455704732698088, 0.972281746031746)",2,97.07237613613968,44455
"(0.6333118819585527, 0.9767441860465116)",1,97.0723466491448,44456
"(0.4686395911561979, 0.9862497206293536)",2,97.07228235882324,44458
"(0.8887868801004395, 0.9722222222222222)",1,97.0722819287342,44459
"(0.8871966240387292, 0.972420634920635)",1,97.07228160609336,44460
"(0.8874191651969431, 0.972420634920635)",1,97.07227007411788,44461
"(0.4633850039213374, 0.976686067419101)",1,97.07225762309604,44462
"(0.852, 0.9749910873440284)",1,97.0722402637647,44463
"(0.3317695658368551, 0.9958099132756668)",1,97.07215396730088,44464
"(0.432719711566191, 0.9756730097820524)",1,97.07207663451088,44465
"(0.4062043881623584, 0.9908627105758072)",1,97.07202405989254,44466
"(0.5332214830187948, 0.9887506152814826)",2,97.07200305071444,44468
"(0.3931166197649245, 0.9770224629831974)",1,97.07199544768211,44469
"(0.7992282793924381, 0.9764666952752286)",1,97.07190604087876,44470
"(0.779286067193676, 0.9749910873440284)",1,97.07188771071692,44471
"(0.9502288074111276, 0.9716190476190476)",1,97.07187600691572,44472
"(0.9146901709401708, 0.972281746031746)",2,97.07186492490492,44474
"(0.9388917411828462, 0.9786694888904832)",1,97.07179891441282,44475
"(0.927109440267335, 0.9716190476190476)",1,97.07176304117142,44476
"(0.8428883536673643, 0.9736842105263158)",1,97.0717382807645,44477
"(0.6969051878354204, 0.9764666952752286)",1,97.07172890453457,44478
"(0.8455704732698088, 0.972281746031746)",1,97.07165210468612,44479
"(0.8090208511560183, 0.9773647744436904)",1,97.07164374272672,44480
"(0.8558852999963277, 0.9764666952752286)",1,97.07160766302952,44481
"(0.8880748880748881, 0.972281746031746)",1,97.07155201753164,44482
"(0.8715701474388204, 0.972281746031746)",1,97.07145715642272,44483
"(0.4958617797724284, 0.9937491695468736)",2,97.07134253378844,44485
"(1.0, 1.0)",1,97.0712989114861,44486
"(0.9791585206907788, 0.9958292603453894)",1,97.0712044362392,44487
"(0.5169410170491575, 0.9992416608232524)",1,97.07105100408468,44488
"(0.888622291021672, 0.9749656593406592)",2,97.07099444675669,44490
"(0.901028965681318, 0.9764666952752286)",1,97.07090693867632,44491
"(0.8340166019865393, 0.9749910873440284)",1,97.07083334873006,44492
"(0.6020449077786688, 0.9764666952752286)",1,97.07081125276852,44493
"(0.8296618357487922, 0.972281746031746)",1,97.07080709894512,44494
"(0.5260227547809246, 1.0)",1,97.07078752109126,44495
"(0.6230074657754748, 0.9764666952752286)",1,97.0707401590172,44496
"(0.9111482937118004, 0.9783779637835908)",3,97.0707064264688,44499
"(0.8459266053144301, 0.9749910873440284)",1,97.07068336486998,44500
"(0.7907680396814234, 0.9773648571145208)",3,97.07063127474896,44503
"(0.911577306111922, 0.9735486410250802)",1,97.07061294210408,44504
"(0.8288092915955513, 0.9777027027027028)",1,97.07056046098668,44505
"(0.9210526315789472, 0.9736189431913116)",2,97.07055162027048,44507
"(0.8715701474388204, 0.972281746031746)",1,97.0705114328943,44508
"(0.7992282793924381, 0.9764666952752286)",1,97.0704832785865,44509
"(0.9028964862298196, 0.9861673414304992)",1,97.07047853330934,44510
"(0.8829656107481818, 0.9736189431913116)",1,97.07037943070728,44511
"(0.8631546198466533, 0.9764666952752286)",1,97.07037642629828,44512
"(0.8484583260465807, 0.9756746761828256)",2,97.07037396802728,44514
"(0.779286067193676, 0.9749910873440284)",1,97.07037231326494,44515
"(0.975195619792394, 0.9958292603453894)",1,97.07034684446242,44516
"(0.8047323751083839, 0.9749910873440284)",2,97.07031492871978,44518
"(0.8558852999963277, 0.9764666952752286)",1,97.07020795977954,44519
"(0.911577306111922, 0.9735486410250802)",2,97.07019747672835,44521
"(0.5172159656435519, 0.992345717416214)",3,97.07018299973907,44524
"(0.8003813092161745, 0.9748802746905214)",1,97.07013523402148,44525
"(0.9833040078201368, 0.9958292603453894)",1,97.07012611210456,44526
"(0.8685314685314685, 0.9764666952752286)",1,97.0701190076661,44527
"(0.9151002758947376, 0.971495851087688)",1,97.07002736210944,44528
"(0.7289193040024178, 0.9736842105263158)",1,97.06999780902515,44529
"(0.7661660447761194, 0.9749910873440284)",1,97.0699484006636,44530
"(0.5626274989800081, 0.9764666952752286)",1,97.06990592426708,44531
"(0.8148308968977662, 0.972281746031746)",1,97.06985915023382,44532
"(0.7778533896115083, 0.9736842105263158)",1,97.0698246685817,44533
"(0.9640038239043044, 0.9678176625650188)",2,97.06972701010442,44535
"(0.842200034135518, 0.971495851087688)",1,97.06968361014188,44536
"(0.8715701474388204, 0.972281746031746)",2,97.069542276118,44538
"(0.6226174561728305, 0.9887476607899144)",1,97.06946938530344,44539
"(0.7935498742420971, 0.9779870235853187)",1,97.06946664944776,44540
"(0.927109440267335, 0.9716190476190476)",1,97.06944975721574,44541
"(0.95, 0.9751409401578528)",1,97.06938829965016,44542
"(0.8288092915955513, 0.9773648571145208)",1,97.06930684849894,44543
"(0.2463156555806346, 0.998107010444791)",1,97.0692874749059,44544
"(0.8148308968977662, 0.972281746031746)",1,97.06926153492574,44545
"(0.8605083900600204, 0.9722222222222222)",1,97.06923875661258,44546
"(0.8895939931776995, 0.9749910873440284)",2,97.06921180501004,44548
"(0.6085487618529295, 0.9767441860465116)",1,97.06919190846948,44549
"(0.8097000243032949, 0.9729729482952526)",1,97.06916038686472,44550
"(0.8318290279074593, 0.9861673414304992)",2,97.06908113124364,44552
"(0.8899966931216932, 0.972045976510262)",1,97.06903363145582,44553
"(0.9253777472527472, 0.9749656593406592)",2,97.0690001368011,44555
"(0.5892852345838203, 0.9896280208292386)",3,97.06890874718468,44558
"(0.9064143587480232, 0.9735486410250802)",1,97.06882824594038,44559
"(0.9111482937118004, 0.9787158688322009)",1,97.06876119014828,44560
"(0.8829656107481818, 0.9736189431913116)",3,97.0687504548542,44563
"(0.8112275321577646, 0.9764666952752286)",1,97.0686382560055,44564
"(0.9831777451938742, 0.9958292603453894)",1,97.0685065664607,44565
"(0.5512873845845042, 0.9912503691873502)",2,97.06846632315192,44567
"(0.4787519493971895, 0.99249924969988)",1,97.06844834171784,44568
"(0.4772368473497005, 0.99499949979992)",2,97.0684328605082,44570
"(0.925438675470188, 0.9749656593406592)",1,97.06842815015798,44571
"(0.902898027898028, 0.972045976510262)",1,97.068396239215,44572
"(0.9225446428571428, 0.9749656593406592)",1,97.06839135221315,44573
"(0.7304742252709461, 0.9764666952752286)",1,97.06826153576716,44574
"(0.8579868984630887, 0.9861673414304992)",1,97.06825802437406,44575
"(0.8596618357487924, 0.9861673414304992)",1,97.068248358441,44576
"(0.8829656107481818, 0.9736189431913116)",1,97.06816126674237,44577
"(0.9019292060258446, 0.9861673414304992)",1,97.06810735996768,44578
"(0.7980310463463742, 0.9729729482952526)",1,97.0680549620348,44579
"(0.8777008472715792, 0.9756750537792352)",2,97.06802464453116,44581
"(0.9225446428571428, 0.9749656593406592)",1,97.06799554896246,44582
"(0.9750072792119512, 1.0)",1,97.06794050187575,44583
"(0.8621031746031745, 0.972045976510262)",1,97.0678021303236,44584
"(0.7823116219667945, 0.9861673414304992)",1,97.06779856609786,44585
"(0.9082051469489508, 0.9736189431913116)",1,97.06775231108782,44586
"(0.8027044799462303, 0.9790536524153534)",1,97.06774953567935,44587
"(0.6260123507862112, 0.9764666952752286)",1,97.06770223364592,44588
"(0.8845244231527244, 0.9764666952752286)",1,97.06757015801844,44589
"(0.9069647153947764, 0.9714285714285714)",1,97.06742802933076,44590
"(0.9230627959463646, 0.9785714285714284)",1,97.06740518010102,44591
"(0.4844841746794872, 0.9912488373656227)",1,97.06725658135572,44592
"(0.8719725743599862, 0.9736189431913116)",2,97.06719185685392,44594
"(0.4609162804468383, 0.9924987337339528)",1,97.06718415614256,44595
"(0.8459266053144301, 0.9749910873440284)",1,97.06712091578817,44596
"(0.5973694779116466, 0.9937498730133428)",1,97.06710836931828,44597
"(0.8315995778682346, 0.9722222222222222)",1,97.06699784453548,44598
"(0.8879331046312178, 0.9749656593406592)",1,97.0669454866716,44599
"(0.9791258409522168, 0.9958292603453894)",2,97.06692892543292,44601
"(0.9436368312757202, 0.972281746031746)",1,97.06692179905652,44602
"(0.5173573838463876, 0.9939147350023092)",1,97.06692172638968,44603
"(0.6809855026116619, 0.9749910873440284)",1,97.06685616626162,44604
"(0.846224760385985, 0.976013472448221)",1,97.06678365338948,44605
"(0.8768488063660478, 0.9749656593406592)",1,97.06676875600128,44606
"(0.7992282793924381, 0.9764666952752286)",1,97.06675759696734,44607
"(0.8996664258511047, 0.9736189431913116)",1,97.06660372026934,44608
"(0.6154433311277057, 1.0)",1,97.06659048731696,44609
"(0.8887419165196944, 0.972045976510262)",2,97.0665259111245,44611
"(0.6013560288779866, 0.9887506152584083)",3,97.06649980860676,44614
"(0.9073492428586464, 0.9714285714285714)",1,97.06646234560176,44615
"(0.9505232430050672, 0.9751409401578528)",1,97.0663873095094,44616
"(0.8124923632552741, 0.972420634920635)",1,97.066313147264,44617
"(0.4594704236610712, 0.9974998905914936)",1,97.0663087732232,44618
"(0.8512737540052664, 0.9736189431913116)",2,97.06626972291392,44620
"(0.8602650098786556, 0.978040051793672)",1,97.06621998913856,44621
"(0.900983347688774, 0.9861673414304992)",1,97.0662114173195,44622
"(0.9212328545548654, 0.9751409401578528)",1,97.06610097337932,44623
"(0.8074780204479453, 0.9749910873440284)",1,97.06604908019378,44624
"(0.7481666755361609, 0.9764666952752286)",1,97.06589748518834,44625
"(0.5260227547809246, 1.0)",1,97.06575435947954,44626
"(0.8602650098786556, 0.9787158688322009)",3,97.06572501221262,44629
"(0.8090208511560183, 0.9790540349287944)",1,97.06559357445556,44630
"(0.9029281534808432, 0.972045976510262)",1,97.06551881942946,44631
"(0.8499431760854415, 0.974661748609763)",1,97.06549653806584,44632
"(0.4946461141636722, 0.988750193395939)",1,97.06548483862726,44633
"(0.9792406033772258, 0.9958292603453894)",1,97.06543323115068,44634
"(0.8306479779411763, 0.9749910873440284)",2,97.06537789260776,44636
"(0.4560299578482537, 0.986245936653225)",1,97.0653700266324,44637
"(0.7431039136302294, 0.9749910873440284)",1,97.06533174310408,44638
"(0.9162596992611264, 0.972045976510262)",1,97.06532856485664,44639
"(0.9609357631051972, 0.9750870495448254)",1,97.0652418534673,44640
"(0.4119671069671069, 0.9861310021084456)",1,97.06519171173748,44641
"(0.6003561059603759, 0.9764666952752286)",1,97.06516958790172,44642
"(0.7750729499528326, 0.9746621650540817)",1,97.06516583299882,44643
"(0.8513842746400886, 0.9767441860465116)",1,97.06515396296456,44644
"(0.9160652508866794, 0.972045976510262)",1,97.06509612668371,44645
"(0.9160264866799612, 0.9722222222222222)",1,97.0650728573661,44646
"(0.6361158710730316, 0.9764666952752286)",2,97.06492839893812,44648
"(0.5562558356676003, 0.9861673414304992)",2,97.06482913654354,44650
"(0.4585384595277654, 0.9899983116452704)",1,97.0647081486462,44651
"(0.943552974917135, 0.9749692931061258)",1,97.06469373431965,44652
"(0.9253213924599162, 0.9764666952752286)",1,97.0646936878211,44653
"(0.8887419165196944, 0.972045976510262)",1,97.06468566013204,44654
"(0.950392857142857, 0.9749656593406592)",1,97.06463514042744,44655
"(0.9026337658413128, 0.9722222222222222)",1,97.06462647301774,44656
"(0.7453765521802005, 0.9766889257895656)",3,97.064609331506,44659
"(0.7830369357045144, 0.9764666952752286)",1,97.06454962362496,44660
"(0.874047619047619, 0.972045976510262)",1,97.06449961263536,44661
"(0.7138200339558575, 0.9749656593406592)",1,97.06449383117818,44662
"(0.911577306111922, 0.9735486410250802)",1,97.06448145626668,44663
"(0.888622291021672, 0.9749656593406592)",1,97.0644703058337,44664
"(0.4330451959188837, 0.9912488373656227)",2,97.0644612853671,44666
"(0.8098502304147466, 0.9749910873440284)",1,97.06432874035808,44667
"(0.7796371070789676, 0.9764666952752286)",1,97.06424315303506,44668
"(0.5315938119639068, 0.9992416608232524)",1,97.0641173260202,44669
"(0.9501177394034536, 0.9715593185206444)",3,97.06409999771468,44672
"(0.8066742741368069, 0.976013472448221)",1,97.06404036018944,44673
"(0.9276343133138456, 0.978040051793672)",1,97.0640168453245,44674
"(0.6910881126324849, 0.9764666952752286)",1,97.06399759682073,44675
"(0.9032855633136024, 0.9722222222222222)",1,97.06399447994636,44676
"(0.943552974917135, 0.97502985598876)",1,97.0639301138936,44677
"(0.9073492428586464, 0.9714285714285714)",1,97.0637827069799,44678
"(0.8581022152450725, 0.972045976510262)",1,97.06368511582338,44679
"(0.7481666755361609, 0.9764666952752286)",1,97.0636618954422,44680
"(0.8569370609099162, 0.9756756756756756)",3,97.06363204525948,44683
"(0.5169470317739897, 1.0)",1,97.0636257898303,44684
"(0.4319035504296698, 0.9975000781372088)",1,97.06351369869722,44685
"(0.6415148305084746, 0.9749910873440284)",2,97.06350299212886,44687
"(0.832843137254902, 0.9722222222222222)",1,97.06346790724876,44688
"(0.8719725743599862, 0.9736189431913116)",1,97.06344433138362,44689
"(0.888945374800638, 0.9749656593406592)",1,97.06340452803188,44690
"(0.8596618357487924, 0.9861673414304992)",2,97.06339850877164,44692
"(0.3475588091206078, 0.9793857427193524)",1,97.06334493899776,44693
"(0.8229870141950848, 0.972281746031746)",1,97.06334165291705,44694
"(0.9140194694749032, 0.9735486410250802)",1,97.06332004470482,44695
"(0.8224631915554647, 0.9764666952752286)",1,97.0632961484395,44696
"(0.4896359390280644, 0.99499949979992)",2,97.0632209311353,44698
"(0.8627397499800719, 0.9736189431913116)",1,97.06321580524968,44699
"(0.9162596992611264, 0.972045976510262)",1,97.06321565920868,44700
"(0.5977047503478421, 0.9987499746026686)",1,97.06319122038258,44701
"(0.8586125966511082, 0.9773648571145208)",1,97.06301045276928,44702
"(0.7109688804604058, 0.972281746031746)",1,97.0629124542966,44703
"(0.7665484369555701, 0.9764666952752286)",2,97.06289846953464,44705
"(0.8715701474388204, 0.972045976510262)",1,97.06283108710808,44706
"(0.5034451916861793, 0.9912298243516212)",1,97.06278496306508,44707
"(0.6198039215686275, 0.986245936653225)",3,97.06275505006012,44710
"(0.4319035504296698, 0.9962501582231502)",2,97.06274902797786,44712
"(0.925438675470188, 0.9749656593406592)",1,97.06273876725092,44713
"(0.8722751392320632, 0.9739863825696145)",2,97.06269602557512,44715
"(0.9494594905410846, 0.9713574016563148)",3,97.0626279117606,44718
"(0.9230627959463646, 0.9714285714285714)",3,97.06261781044265,44721
"(0.5626274989800081, 0.9764666952752286)",1,97.0625837700056,44722
"(0.9388917411828462, 0.9751409401578528)",1,97.06253865934714,44723
"(0.5032117384111402, 0.9862497206293536)",1,97.06242286202551,44724
"(0.8318290279074593, 0.9861673414304992)",1,97.0623807688539,44725
"(0.8391399552284038, 0.9767441860465116)",1,97.06231955852542,44726
"(0.6435039149365576, 0.9977318108142762)",1,97.06230026209272,44727
"(0.8426192275313588, 0.9743242539927248)",1,97.06226878920005,44728
"(0.779286067193676, 0.9749910873440284)",2,97.06225446499084,44730
"(0.8306479779411763, 0.9749910873440284)",1,97.06210567922756,44731
"(0.7023478891305559, 0.9764666952752286)",1,97.06202454831384,44732
"(0.9028964862298196, 0.972420634920635)",1,97.0619724875716,44733
"(0.8845244231527244, 0.9764666952752286)",1,97.0618401248012,44734
"(0.9302688539530646, 0.9735486410250802)",1,97.06181832883128,44735
"(0.4946461141636722, 0.9900003125488358)",3,97.06174021387582,44738
"(0.8561103441223091, 0.972045976510262)",1,97.06170319681506,44739
"(0.9309563801089225, 0.972281746031746)",1,97.06154673772126,44740
"(0.4949779061119132, 0.988750193395939)",1,97.06152192875317,44741
"(0.7677237478025478, 0.9787161797779323)",1,97.06144317712408,44742
"(0.4423707251851418, 0.9861310021084456)",1,97.06141151498204,44743
"(0.2573753482290067, 0.9981012669018314)",1,97.0613315415412,44744
"(0.8201767124753505, 0.9780434995701116)",1,97.0613230094112,44745
"(0.911234030893585, 0.9714285714285714)",2,97.06129484238532,44747
"(0.9429917021753756, 0.9749052909377262)",1,97.06116612375736,44748
"(0.8880748880748881, 0.972281746031746)",1,97.06115470152972,44749
"(0.5028268474667493, 0.9887504746694504)",1,97.06111828352029,44750
"(0.9348222545262322, 0.9751409401578528)",1,97.06098034057038,44751
"(0.9085605849871624, 0.9736189431913116)",1,97.06092120491104,44752
"(0.9640038239043044, 0.9749692931061258)",1,97.06091227747947,44753
"(0.9004206187154333, 0.9779870235853187)",1,97.06084945595096,44754
"(0.8010054664946871, 0.9861673414304992)",1,97.06080482655145,44755
"(0.8876473063973064, 0.972420634920635)",1,97.06077550458448,44756
"(0.8621197352815, 0.972281746031746)",1,97.06073878991576,44757
"(0.927109440267335, 0.9716190476190476)",1,97.06069424320648,44758
"(0.8645256232686982, 0.9736842105263158)",3,97.06060009573584,44761
"(0.7615072500907597, 0.9764666952752286)",1,97.0605757660793,44762
"(0.9436368312757202, 0.972281746031746)",1,97.06046355717442,44763
"(0.7885047499939597, 0.9764666952752286)",1,97.06042860081314,44764
"(0.9310391447174572, 0.9773648571145208)",1,97.06042559285984,44765
"(0.7602379596828609, 0.9749910873440284)",2,97.06033056395984,44767
"(0.418728666447884, 0.99499949979992)",2,97.06031032353468,44769
"(0.3929204539802519, 0.9977203590215908)",1,97.06030822354276,44770
"(0.8315416458960965, 0.9766918866148322)",1,97.06029823018618,44771
"(0.7103786816269286, 0.9736842105263158)",1,97.06029142431191,44772
"(0.8201767124753505, 0.9736842105263158)",1,97.06024621729864,44773
"(0.9299160159815896, 0.9861673414304992)",1,97.06022166561334,44774
"(0.865587044534413, 0.9736842105263158)",3,97.06018984643195,44777
"(0.8395301149279116, 0.9764666952752286)",1,97.06017586973871,44778
"(0.4633466015586465, 1.0)",1,97.06013822063925,44779
"(0.8417410714285716, 0.9749656593406592)",1,97.06006458215916,44780
"(0.8871966240387292, 0.972420634920635)",1,97.06005778074083,44781
"(0.9665755481078062, 1.0)",1,97.06005495431,44782
"(0.5695633155937887, 0.9764666952752286)",1,97.05988015630038,44783
"(0.7992282793924381, 0.9764666952752286)",1,97.05983380093488,44784
"(0.8224713709935384, 0.9751409401578528)",1,97.05980766589208,44785
"(0.506032156862745, 0.9950002500250024)",1,97.05966571013327,44786
"(0.9206165335472736, 0.9958292603453894)",1,97.05964552784368,44787
"(1.0, 0.9833229101521784)",1,97.05959039299928,44788
"(0.846098299557419, 0.972420634920635)",1,97.05953721979408,44789
"(0.5847323217044007, 1.0)",1,97.05940693300968,44790
"(0.6324707692241994, 0.9861673414304992)",1,97.05938093968469,44791
"(0.9225446428571428, 0.9749656593406592)",1,97.05934632511124,44792
"(0.95, 0.9751409401578528)",1,97.05929857296906,44793
"(0.8558852999963277, 0.9764666952752286)",1,97.05929222378866,44794
"(0.6230074657754748, 0.9764666952752286)",1,97.05928110983244,44795
"(0.9184901612842788, 0.9748802746905214)",1,97.05923209589784,44796
"(0.7756320245634175, 0.976688510722604)",1,97.05917934477436,44797
"(0.8294970161977834, 0.9833229101521784)",1,97.05914544809563,44798
"(0.8455704732698088, 0.972281746031746)",1,97.05909142112588,44799
"(0.915887675849288, 0.9756756756756756)",1,97.05908592968233,44800
"(0.8318916467605246, 0.9783779637835908)",3,97.05906919496624,44803
"(0.8871082621082622, 0.972281746031746)",1,97.05904419942829,44804
"(0.8098502304147466, 0.9749910873440284)",2,97.0589406155753,44806
"(0.9162596992611264, 0.972420634920635)",1,97.05892633508776,44807
"(0.9187883397948668, 0.9751409401578528)",1,97.05889954924706,44808
"(0.8229870141950848, 0.972281746031746)",2,97.05882832191809,44810
"(0.5413458981722867, 0.9900003125488358)",1,97.05882331720844,44811
"(0.789994229453279, 0.972420634920635)",1,97.05881642683948,44812
"(0.8428883536673643, 0.9736842105263158)",1,97.0587587952552,44813
"(0.859680733364944, 0.972281746031746)",1,97.05867813106022,44814
"(0.8871082621082622, 0.972281746031746)",1,97.05860043279144,44815
"(0.960666032023912, 0.97502985598876)",1,97.05850363261467,44816
"(0.7423856773080242, 0.9749656593406592)",1,97.05849330907544,44817
"(0.9146901709401708, 0.972281746031746)",1,97.0584763097611,44818
"(0.8880748880748881, 0.972281746031746)",1,97.05842314548094,44819
"(0.8467135862913097, 0.9749656593406592)",1,97.05837615263032,44820
"(0.3944271295930922, 0.9907952975670266)",3,97.05833056562064,44823
"(0.9790693693461476, 0.9958292603453894)",1,97.05830201366818,44824
"(0.8871082621082622, 0.972281746031746)",1,97.05828805421964,44825
"(0.9205517358458536, 0.9873891625615764)",1,97.05824580804963,44826
"(0.8477957771158952, 0.975)",1,97.0582356942717,44827
"(0.9748461391725148, 1.0)",1,97.05822510722624,44828
"(0.911577306111922, 0.9735486410250802)",1,97.05818692031178,44829
"(0.6707941587931741, 0.9743241836608044)",2,97.05815729211524,44831
"(0.8650180064096209, 0.9735486410250802)",1,97.05815408150944,44832
"(0.9261858974358974, 0.9747507916611692)",1,97.05811483955918,44833
"(0.9082051469489508, 0.9736189431913116)",1,97.05806200291778,44834
"(0.2372024545510323, 0.9969573675011548)",1,97.05805965049,44835
"(0.859680733364944, 0.972281746031746)",1,97.05804094082536,44836
"(0.8584175084175085, 0.972420634920635)",1,97.05797895992634,44837
"(0.1808771236817465, 0.9935109390159556)",1,97.05788829728957,44838
"(0.4994316028798788, 0.9870601047071634)",1,97.05788159449892,44839
"(0.8047323751083839, 0.9749910873440284)",1,97.05784714205666,44840
"(0.8715701474388204, 0.972281746031746)",2,97.05781057639967,44842
"(0.9028964862298196, 0.972420634920635)",1,97.05774535331524,44843
"(0.9566795633209296, 0.9749052909377262)",1,97.0577336925206,44844
"(0.9082051469489508, 0.9736189431913116)",3,97.0577325004556,44847
"(0.5908364220961908, 0.987497889556588)",1,97.05762576235504,44848
"(0.838301471154743, 0.972045976510262)",2,97.05758040667465,44850
"(0.9162596992611264, 0.972281746031746)",1,97.05747517594874,44851
"(0.5685296942699924, 0.9831071825249909)",1,97.05745625983752,44852
"(0.926397848615755, 0.9736842105263158)",1,97.05744778485936,44853
"(0.842200034135518, 0.9714285714285714)",2,97.0574161909953,44855
"(0.1357209660560048, 0.9870601047071634)",1,97.0573081377784,44856
"(0.683046375628995, 0.9764666952752286)",1,97.05724444105084,44857
"(0.8895939931776995, 0.9749910873440284)",1,97.05717089618727,44858
"(0.927109440267335, 0.9751409401578528)",1,97.05704322960008,44859
"(0.8296618357487922, 0.972281746031746)",1,97.05700368054374,44860
"(0.9502288074111276, 0.9751409401578528)",1,97.0568912296589,44861
"(0.9450323339212228, 0.972045976510262)",1,97.056742005775,44862
"(0.8867361313822293, 0.9958292603453894)",1,97.05672113498066,44863
"(0.6020449077786688, 0.9764666952752286)",1,97.05671469603328,44864
"(0.9069146290816338, 0.9748802746905214)",1,97.05659915246068,44865
"(0.779286067193676, 0.9749910873440284)",2,97.05654651436352,44867
"(0.8306479779411763, 0.9749910873440284)",2,97.05649361401888,44869
"(0.7187807755293061, 0.9773633792764796)",1,97.0564430705992,44870
"(0.9306013489647758, 0.9735486410250802)",1,97.0564387749488,44871
"(0.927109440267335, 0.9716190476190476)",3,97.05635570921132,44874
"(0.8770575330421131, 0.9756756756756756)",1,97.0563220637296,44875
"(0.842200034135518, 0.97502985598876)",1,97.05629380864038,44876
"(0.5061654456041751, 0.9975000781372088)",1,97.0562722762378,44877
"(0.8424311354727423, 0.972281746031746)",1,97.05616447685532,44878
"(0.7665484369555701, 0.9764666952752286)",2,97.05612104511587,44880
"(0.7602379596828609, 0.9749910873440284)",1,97.05607766839243,44881
"(0.8768488063660478, 0.9749656593406592)",1,97.0559074031378,44882
"(0.8880748880748881, 0.972281746031746)",1,97.05589773122657,44883
"(0.8435010386583575, 0.972281746031746)",1,97.0558966724122,44884
"(0.9064143587480232, 0.9735486410250802)",1,97.05589011968463,44885
"(0.6981216457960644, 0.9767441860465116)",1,97.05587599607314,44886
"(0.8435010386583575, 0.972281746031746)",1,97.05587110571838,44887
"(0.95, 0.9786694888904832)",1,97.05580597312546,44888
"(0.8753086419753084, 0.9722222222222222)",1,97.0558058464938,44889
"(0.8499431760854415, 0.9746619799695784)",2,97.0557806470802,44891
"(0.4987711467817516, 0.9975000781372088)",1,97.05575228601133,44892
"(0.8880748880748881, 0.972281746031746)",1,97.05574635488988,44893
"(0.8467368572432814, 0.9777025805471502)",2,97.05569771956968,44895
"(0.9832401090007582, 0.9958292603453894)",1,97.0556882465902,44896
"(0.8087623896023756, 0.9764666952752286)",1,97.05560297880714,44897
"(0.8110275515107306, 0.9764666952752286)",1,97.05558256646184,44898
"(0.6472942352413201, 0.9874968730456536)",1,97.055576798519,44899
"(0.8221762134805614, 0.972045976510262)",1,97.0554760113961,44900
"(0.8879331046312178, 0.9749656593406592)",1,97.05537130810718,44901
"(0.9750943974852894, 0.9958292603453894)",1,97.05535007599478,44902
"(0.7668537890977591, 0.9777024991092788)",1,97.05516815659064,44903
"(0.8995772689779955, 0.9749656593406592)",1,97.05515986377188,44904
"(0.8874679030103783, 0.9743239726611898)",2,97.05514928426408,44906
"(0.9049688873143666, 0.9736189431913116)",2,97.05513434308703,44908
"(0.888945374800638, 0.9749656593406592)",1,97.0551074384995,44909
"(0.685541383296858, 0.974323831995936)",1,97.05507894336404,44910
"(0.7756320245634175, 0.9770268172641052)",3,97.05505561645356,44913
"(0.5465579710144928, 0.9912498222186796)",1,97.0550489489836,44914
"(0.865587044534413, 0.9736842105263158)",1,97.05495232181596,44915
"(0.785056584180393, 0.9729729482952526)",1,97.05495138750172,44916
"(0.9310483384791604, 0.9861673414304992)",1,97.05491901932368,44917
"(0.4770251883589129, 0.9827699457566198)",3,97.05491590767352,44920
"(0.9503122778456484, 0.9832925076188832)",1,97.05485725185092,44921
"(0.9131755270308844, 0.9773625420906372)",1,97.05483598145813,44922
"(0.6020449077786688, 0.9764666952752286)",1,97.05472073783372,44923
"(0.656307097369308, 0.9764666952752286)",1,97.05470631010476,44924
"(0.5153209052589321, 0.9962497362353954)",1,97.05469474629702,44925
"(0.8340166019865393, 0.9749910873440284)",1,97.0546741769286,44926
"(0.8871082621082622, 0.972281746031746)",2,97.054673853978,44928
"(0.8567929292929293, 0.972281746031746)",1,97.05465472118983,44929
"(0.5451899418331657, 0.994321031334373)",1,97.0546519035784,44930
"(0.8627397499800719, 0.9736189431913116)",1,97.05452340086374,44931
"(0.6933160650937552, 0.9764666952752286)",1,97.05440097740664,44932
"(0.71150412917389, 0.9907952975670266)",3,97.05430962859631,44935
"(0.5798336713995943, 0.9900003125488358)",2,97.05430165500395,44937
"(0.8791645439245395, 0.9735486410250802)",1,97.05417136086768,44938
"(0.8753086419753084, 0.9722222222222222)",1,97.0541536954848,44939
"(0.6516906262613718, 0.9767441860465116)",1,97.05413651026994,44940
"(0.5019450111046807, 0.9756703430994365)",1,97.05411014547938,44941
"(0.8261738954323147, 0.9722970443489312)",1,97.05408255067856,44942
"(0.4624105982957163, 0.9899996874511642)",1,97.0540361572597,44943
"(0.4921512824029625, 0.98999899959984)",1,97.05394418144742,44944
"(0.9082051469489508, 0.9736189431913116)",1,97.05381654561056,44945
"(0.5315840982557501, 0.9770198914032128)",1,97.05372914645449,44946
"(0.7138200339558575, 0.9749656593406592)",1,97.05362873802255,44947
"(0.4933386447129642, 0.9950002500250024)",1,97.0535750100636,44948
"(0.9162596992611264, 0.972045976510262)",1,97.05357373492326,44949
"(0.926397848615755, 0.9736842105263158)",1,97.05356904255412,44950
"(0.9268570420108744, 0.971495851087688)",1,97.0535392597792,44951
"(0.8148308968977662, 0.972281746031746)",1,97.0534971322879,44952
"(0.9253777472527472, 0.9749656593406592)",1,97.05341876049891,44953
"(0.9122507070492478, 0.9749656593406592)",2,97.05338583065124,44955
"(0.8193419055822156, 0.9722222222222222)",1,97.05327901264477,44956
"(0.6194163158907553, 0.9937501074421884)",2,97.05324061372822,44958
"(0.3022368284830889, 0.9904066335741472)",3,97.05323540184943,44961
"(0.852, 0.9749910873440284)",1,97.05322115989014,44962
"(0.950392857142857, 0.9749656593406592)",1,97.05318637325792,44963
"(0.5942040059498339, 0.9862497206293536)",3,97.05316651526078,44966
"(0.7516483516483518, 0.9861673414304992)",1,97.0531581068985,44967
"(0.8066742741368069, 0.9760119392332844)",1,97.05313147736932,44968
"(0.983545503234046, 1.0)",1,97.05312901286352,44969
"(0.8609273664420722, 0.972281746031746)",1,97.05308153172824,44970
"(0.9528533742496432, 0.9714285714285714)",1,97.05301306784126,44971
"(0.8334750774705025, 0.9767441860465116)",1,97.05287607298922,44972
"(0.9280459216361852, 0.9958292603453894)",1,97.05282825815472,44973
"(0.8428883536673643, 0.9736842105263158)",1,97.05276767346643,44974
"(0.812418383596075, 0.9767441860465116)",1,97.0527628834711,44975
"(0.6910881126324849, 0.9764666952752286)",1,97.05272183144083,44976
"(0.927109440267335, 0.9716190476190476)",1,97.052720052289,44977
"(0.8631546198466533, 0.9764666952752286)",1,97.05271711345638,44978
"(0.8593554593554595, 0.9861673414304992)",1,97.05250574254684,44979
"(0.7725182451236846, 0.9764666952752286)",1,97.05249072569364,44980
"(0.8593554593554595, 0.9861673414304992)",1,97.05247818864548,44981
"(0.5306450880554778, 0.9904066335741472)",2,97.05241954689872,44983
"(0.6809855026116619, 0.9749910873440284)",2,97.05232994684494,44985
"(0.8948142000428356, 0.9749656593406592)",1,97.05231805884702,44986
"(0.8777335856148074, 0.9736842105263158)",1,97.05229977092375,44987
"(0.5169664781532898, 0.9899983116452704)",1,97.05222105472204,44988
"(0.9494594905410846, 0.9714285714285714)",1,97.0522003280946,44989
"(0.7423856773080242, 0.9749656593406592)",1,97.05214683474462,44990
"(0.6361158710730316, 0.9764666952752286)",1,97.05210925250437,44991
"(0.7030725566042162, 0.9764666952752286)",1,97.05208590940644,44992
"(0.874047619047619, 0.972045976510262)",1,97.05207682879752,44993
"(0.4830767364322945, 0.9924987337339528)",1,97.05205767582086,44994
"(0.8852161738351254, 0.9722222222222222)",1,97.05205639840295,44995
"(0.8491999910545297, 0.9739864419508062)",2,97.05205507844067,44997
"(0.6809855026116619, 0.9749910873440284)",1,97.05204107976432,44998
"(0.943552974917135, 0.9713574016563148)",1,97.05199314862998,44999
"(0.8024695068301698, 0.9773648571145208)",3,97.05190842741624,45002
"(0.9916585206907788, 0.9958292603453894)",1,97.05186455558112,45003
"(0.7283553674089667, 0.9773633792764796)",1,97.05185808949916,45004
"(0.9162596992611264, 0.972045976510262)",1,97.05181662692604,45005
"(0.6378166586499919, 1.0)",1,97.05174311487042,45006
"(0.8777008472715792, 0.976013472448221)",1,97.05172170131291,45007
"(0.3152377687779569, 0.9870601047071634)",1,97.05170983897014,45008
"(0.7377975062704127, 0.9870601047071634)",1,97.0515603547691,45009
"(0.6198039215686275, 0.9900003125488358)",2,97.0515593719769,45011
"(0.4648065695791297, 0.9912298243516212)",1,97.0515180777505,45012
"(0.4423707251851418, 0.9861310021084456)",1,97.05150573303762,45013
"(0.7394745529782975, 0.9773633792764796)",1,97.05147699154912,45014
"(0.5762240792806925, 0.9938894536653996)",3,97.05147624255834,45017
"(0.6933160650937552, 0.9764666952752286)",2,97.05144657785806,45019
"(0.6415148305084746, 0.9749910873440284)",1,97.05139028339434,45020
"(0.9677353740627908, 0.9713574016563148)",2,97.05138457795488,45022
"(0.874047619047619, 0.972045976510262)",1,97.05132818627,45023
"(0.9225446428571428, 0.9749656593406592)",1,97.05127896626912,45024
"(0.9535144014828052, 0.9786694888904832)",1,97.05124426679888,45025
"(0.6141682785299807, 0.986249032863116)",1,97.0512154635643,45026
"(0.9085605849871624, 0.9736189431913116)",1,97.051187569698,45027
"(0.9392111404005912, 0.9751409401578528)",1,97.0511478208368,45028
"(0.8194074731341813, 0.9861673414304992)",1,97.05114634413228,45029
"(0.8199566964749151, 0.9779870235853187)",1,97.05114005849488,45030
"(0.3930894945067609, 0.9987499746026686)",1,97.05111089161906,45031
"(0.828966378966379, 0.9722222222222222)",1,97.05110260450569,45032
"(0.874047619047619, 0.972045976510262)",1,97.05108877937803,45033
"(0.8459744503862151, 0.972045976510262)",1,97.05104413524892,45034
"(0.8124923632552741, 0.972420634920635)",1,97.0509729335491,45035
"(0.7578328648096089, 0.9764666952752286)",1,97.05094476404918,45036
"(0.9505232430050672, 0.9715593185206444)",2,97.0508755615983,45038
"(0.9184901612842788, 0.9748524098350704)",1,97.05086380609934,45039
"(0.3354976707716434, 0.994280320229318)",1,97.0506790073285,45040
"(0.518883018547448, 0.9938894536653996)",1,97.05061930006298,45041
"(0.9572437766315318, 0.9716190476190476)",3,97.05061030159276,45044
"(0.6361158710730316, 0.9764666952752286)",2,97.05060144057994,45046
"(0.5469648740045486, 0.9950429441987424)",3,97.05053992903773,45049
"(0.874047619047619, 0.972045976510262)",1,97.05041458703718,45050
"(0.9641028246291404, 0.9749052909377262)",1,97.0503930378228,45051
"(0.9833040078201368, 0.9958292603453894)",1,97.0503870450273,45052
"(0.523180676451683, 0.9996210215628012)",1,97.05021001851114,45053
"(0.846098299557419, 0.972420634920635)",1,97.05019850688002,45054
"(0.9162596992611264, 0.972045976510262)",2,97.05017920564283,45056
"(0.9162596992611264, 0.972045976510262)",3,97.05008026289153,45059
"(0.8871082621082622, 0.972281746031746)",1,97.0500579414257,45060
"(0.8442988787957741, 0.974999863037714)",2,97.05005626851371,45062
"(0.930124456440246, 0.972045976510262)",2,97.0500351806821,45064
"(0.8916138279602192, 0.9714285714285714)",1,97.04997928319403,45065
"(0.6122976080997202, 0.9937501074421884)",1,97.0499428679689,45066
"(0.5626274989800081, 0.9764666952752286)",1,97.049939323512,45067
"(0.8451478848040399, 0.972045976510262)",1,97.04993361524336,45068
"(0.6020449077786688, 0.9764666952752286)",1,97.04977254699298,45069
"(0.8884797556713653, 0.9790755481078062)",1,97.04958100922082,45070
"(0.7481666755361609, 0.9764666952752286)",1,97.0495650319641,45071
"(0.911577306111922, 0.9735486410250802)",3,97.04950321975883,45074
"(0.9187883397948668, 0.9751409401578528)",1,97.04949873983335,45075
"(0.6361158710730316, 0.9764666952752286)",1,97.04937097729037,45076
"(0.9073492428586464, 0.97502985598876)",1,97.04930753472831,45077
"(0.8098502304147466, 0.9749910873440284)",1,97.04928743412673,45078
"(0.8579868984630887, 0.9861673414304992)",1,97.04928589867426,45079
"(0.1500716412252043, 0.9958142313520018)",1,97.04918570623508,45080
"(0.756001848808409, 0.9756756090455873)",2,97.04907947380782,45082
"(0.4924777967362296, 0.986245936653225)",3,97.04902991675344,45085
"(0.3974337753332183, 0.9965787912107092)",1,97.04899225301652,45086
"(0.7304742252709461, 0.9764666952752286)",2,97.04896003948292,45088
"(0.3354976707716434, 0.995827025321351)",1,97.04883524174257,45089
"(0.7856964763329513, 0.9722222222222222)",1,97.0487870760708,45090
"(0.5169664781532898, 0.98999899959984)",1,97.04869552907697,45091
"(0.8627397499800719, 0.9736189431913116)",1,97.04868290309744,45092
"(0.90224161204236, 0.9722222222222222)",2,97.04861669137088,45094
"(0.4594704236610712, 0.9962497362353954)",1,97.04856796728964,45095
"(0.4588597051863134, 0.9900003125488358)",2,97.04856247970989,45097
"(0.9348222545262322, 0.9716190476190476)",1,97.04854091581652,45098
"(0.9259740526337398, 0.9749692931061258)",1,97.0485345072761,45099
"(0.962699692780338, 0.9958292603453894)",1,97.04847558448228,45100
"(0.9832401090007582, 0.9958292603453894)",1,97.048461318501,45101
"(0.8751897860593512, 0.972420634920635)",1,97.04842775259316,45102
"(0.8876903814630851, 0.972045976510262)",1,97.04842744965607,45103
"(0.9172008547008548, 0.9861673414304992)",1,97.04841551846935,45104
"(0.9876106894370652, 0.9958292603453894)",2,97.04838732429688,45106
"(0.4804731351668838, 0.983748857020046)",1,97.0483844832512,45107
"(0.7516483516483518, 0.972420634920635)",1,97.04833828814132,45108
"(0.9073492428586464, 0.9714285714285714)",1,97.04833480304303,45109
"(0.8432786157941438, 0.972045976510262)",1,97.0482388169047,45110
"(0.5491553142067925, 0.9812486811769764)",1,97.04821821057628,45111
"(0.8633407843934159, 0.9736842105263158)",1,97.04808360221806,45112
"(0.4168399821364511, 0.9912488373656227)",1,97.04799646878368,45113
"(0.8011433416753454, 0.9722953241622162)",1,97.04796114613144,45114
"(0.4330451959188837, 0.9899983116452704)",1,97.0479013284586,45115
"(0.6020449077786688, 0.9764666952752286)",2,97.0478859252719,45117
"(0.9528533742496432, 0.9714285714285714)",3,97.04782834256888,45120
"(0.8879331046312178, 0.9749656593406592)",1,97.0477765673413,45121
"(0.9269284534248317, 0.9764666952752286)",1,97.0477615484818,45122
"(0.6707941587931741, 0.9790536524153534)",1,97.047708264287,45123
"(0.5209072341900949, 0.9931256353735743)",1,97.04766450116124,45124
"(0.6736022307473716, 0.9861673414304992)",1,97.04763180037578,45125
"(0.8621197352815, 0.972281746031746)",1,97.04762351387625,45126
"(0.9188863189008992, 0.9767441860465116)",1,97.04753293524038,45127
"(0.8329339143064635, 0.972420634920635)",1,97.0474883987868,45128
"(0.7602379596828609, 0.9749910873440284)",1,97.04738163989668,45129
"(0.8852629578963369, 0.972045976510262)",1,97.04725341829796,45130
"(0.9159777547692708, 0.9764666952752286)",1,97.04722845385304,45131
"(0.9572437766315318, 0.9751409401578528)",1,97.04722158626473,45132
"(0.987463247273494, 0.9958292603453894)",1,97.04721571213048,45133
"(0.8477957771158952, 0.9756756756756756)",1,97.04713525087168,45134
"(0.874450386215092, 0.972281746031746)",1,97.04709180936244,45135
"(0.8719725743599862, 0.9736189431913116)",1,97.04709017074074,45136
"(0.9259740526337398, 0.9749692931061258)",1,97.04708689269808,45137
"(0.9460547122074636, 0.9748802746905214)",1,97.04703306945297,45138
"(0.865587044534413, 0.9736842105263158)",1,97.04701361705098,45139
"(0.7084717607973421, 0.9764666952752286)",2,97.04700470539468,45141
"(0.5090364521224462, 1.0)",1,97.04686509333015,45142
"(0.9348222545262322, 0.9715593185206444)",1,97.04684804564762,45143
"(0.5312235853879125, 0.986245936653225)",3,97.04678102847578,45146
"(0.4499384836938269, 0.9975000781372088)",2,97.0465231971182,45148
"(0.5626274989800081, 0.9764666952752286)",1,97.0465052108841,45149
"(0.6194163158907553, 0.9975)",1,97.04649158344743,45150
"(0.9873444118605408, 0.9958292603453894)",1,97.04635879115352,45151
"(0.4029068322981367, 0.9874983588724048)",1,97.04631272321168,45152
"(0.7430884778239842, 0.974662060944707)",2,97.04627018334554,45154
"(0.9582210352371644, 0.9958292603453894)",1,97.04617956860112,45155
"(0.9085605849871624, 0.9736189431913116)",1,97.04615888371283,45156
"(0.7348436174331348, 0.972281746031746)",1,97.04613373718178,45157
"(0.8880748880748881, 0.972281746031746)",1,97.04613033223836,45158
"(0.8455704732698088, 0.972281746031746)",1,97.0460784140647,45159
"(0.8404355452872972, 0.972045976510262)",1,97.04600706284296,45160
"(0.8490208544183524, 0.972281746031746)",2,97.04598523958748,45162
"(0.8768488063660478, 0.9749656593406592)",1,97.04593573787352,45163
"(0.3921761406909921, 0.9870601047071634)",1,97.04592688318544,45164
"(0.888945374800638, 0.9749656593406592)",1,97.04583834688196,45165
"(0.4614606379865379, 0.9949997811829872)",1,97.04570543489768,45166
"(0.9146901709401708, 0.972281746031746)",1,97.04566117040775,45167
"(0.7348436174331348, 0.972281746031746)",1,97.04565133867304,45168
"(0.5203553504225632, 0.9984817852901372)",1,97.04562585772594,45169
"(0.4921512824029625, 0.991248180614378)",1,97.04556570399322,45170
"(0.97934925289764, 0.9958292603453894)",1,97.04544678076824,45171
"(0.8751897860593512, 0.972420634920635)",1,97.04540642949442,45172
"(0.9528533742496432, 0.97502985598876)",1,97.04540158148802,45173
"(0.9098759089802734, 0.9748802746905214)",1,97.0452764216772,45174
"(0.5677461891139935, 0.9875003906860448)",1,97.04525243426966,45175
"(0.930124456440246, 0.972420634920635)",1,97.04524130871918,45176
"(0.8716153127917834, 0.9861673414304992)",1,97.04521852508286,45177
"(0.913060207336523, 0.9747507916611692)",1,97.04519490101724,45178
"(0.9450323339212228, 0.972045976510262)",1,97.04515376902366,45179
"(0.7830369357045144, 0.9764666952752286)",2,97.04502957119654,45181
"(0.9187883397948668, 0.9716190476190476)",1,97.04502455876369,45182
"(0.6211534794826514, 1.0)",2,97.04500677920294,45184
"(0.4847252958987063, 0.986245936653225)",3,97.04498316439351,45187
"(0.7620265151515151, 0.9749656593406592)",2,97.0449629243072,45189
"(1.0, 0.9958292603453894)",1,97.04492362908404,45190
"(0.6384521701955596, 0.991206314397104)",1,97.0446690181912,45191
"(0.9335837499903572, 0.9736189431913116)",1,97.04460903260238,45192
"(0.911234030893585, 0.9714285714285714)",3,97.04456802175976,45195
"(0.4530386103743641, 0.995)",1,97.04456198155064,45196
"(0.852, 0.9749910873440284)",1,97.0445576837248,45197
"(0.7781407751391581, 0.9753362192116868)",2,97.0445561202313,45199
"(0.911234030893585, 0.9714285714285714)",1,97.0444615567082,45200
"(0.789994229453279, 0.972420634920635)",1,97.04440271452223,45201
"(0.4865876628104142, 0.9870601047071634)",1,97.04422314102104,45202
"(0.5659491210913012, 0.9962500410187656)",1,97.0441940782799,45203
"(0.8442988787957741, 0.9729729482952526)",1,97.04418451627345,45204
"(0.8455704732698088, 0.972281746031746)",1,97.04411063914176,45205
"(0.902192297684101, 0.9722222222222222)",1,97.0440865664242,45206
"(0.6518518518518519, 0.9767441860465116)",1,97.04406093967238,45207
"(0.7677237478025478, 0.9790540349287944)",3,97.04400513605526,45210
"(0.8874679030103783, 0.9729728989395412)",2,97.04397343857649,45212
"(0.8426040866925729, 0.9773648571145208)",1,97.04395738075728,45213
"(0.4806879036961406, 0.99249924969988)",1,97.0438755859919,45214
"(0.656307097369308, 0.9764666952752286)",1,97.04382393346756,45215
"(0.8467135862913097, 0.9749656593406592)",1,97.04379192294792,45216
"(0.974772367065274, 0.9958292603453894)",1,97.04377921390449,45217
"(0.6910881126324849, 0.9764666952752286)",1,97.04373858519708,45218
"(0.544915263097564, 1.0)",1,97.04365081825206,45219
"(0.960666032023912, 0.97502985598876)",1,97.04356549480345,45220
"(0.775651722678174, 0.9764666952752286)",1,97.0435574907147,45221
"(0.6020449077786688, 0.9764666952752286)",1,97.04349894376774,45222
"(0.8602650098786556, 0.9787158688322009)",1,97.0433655486224,45223
"(0.945878018492034, 0.9958292603453894)",1,97.04309079701233,45224
"(0.9134717985546716, 0.9777024991092788)",1,97.04301652431243,45225
"(0.7678405315614618, 0.9764666952752286)",1,97.04300487922492,45226
"(0.9162596992611264, 0.972420634920635)",1,97.0429051679102,45227
"(0.9238400660955778, 0.9714285714285714)",3,97.04287426973126,45230
"(0.5159978271811663, 0.9988642062668746)",1,97.04283224792827,45231
"(0.8148308968977662, 0.972281746031746)",1,97.04282330036776,45232
"(0.8389313963994772, 0.976013472448221)",1,97.04281878877116,45233
"(0.8874191651969431, 0.972420634920635)",1,97.04262913602864,45234
"(0.4585384595277654, 0.9924987337339528)",1,97.04259582370176,45235
"(0.888945374800638, 0.9749656593406592)",1,97.04257738600482,45236
"(0.8071948928825261, 0.9861673414304992)",1,97.04255281489183,45237
"(0.8871082621082622, 0.972281746031746)",1,97.04241920072946,45238
"(0.7296277808577878, 0.9770268172641052)",1,97.04238800933484,45239
"(0.9225446428571428, 0.9749656593406592)",1,97.04236890613358,45240
"(0.484646846010113, 0.99499949979992)",2,97.04230295457124,45242
"(0.7729742929217565, 0.9743239726611898)",2,97.04229761224134,45244
"(0.5562558356676003, 0.9861673414304992)",1,97.04225510003228,45245
"(0.3942192041290018, 0.9887504746694504)",1,97.04220079099724,45246
"(0.888622291021672, 0.9749656593406592)",1,97.04212590349596,45247
"(0.9162596992611264, 0.972281746031746)",1,97.04207985218534,45248
"(0.6260123507862112, 0.9764666952752286)",1,97.04207411849876,45249
"(0.5356100633781995, 0.9764666952752286)",1,97.04195212985788,45250
"(0.6020449077786688, 0.9764666952752286)",1,97.0417891454871,45251
"(0.1523541666666666, 0.9988619159967322)",1,97.04175809546284,45252
"(0.8920217788143652, 0.9748802746905214)",1,97.04175271940912,45253
"(0.4924642862429867, 0.9899983116452704)",1,97.04171357795768,45254
"(0.6786000457875457, 0.9870601047071634)",1,97.04164926585158,45255
"(0.8879331046312178, 0.9749656593406592)",1,97.04162559109508,45256
"(0.9162596992611264, 0.972281746031746)",1,97.04157470911332,45257
"(0.9427148033126296, 0.9751409401578528)",1,97.04156048495736,45258
"(0.8879331046312178, 0.9749656593406592)",1,97.04153769684648,45259
"(0.9373666512059368, 0.9749910873440284)",1,97.04147982771472,45260
"(0.4906095585257189, 0.9862497206293536)",2,97.04142887256336,45262
"(0.5689813425711245, 1.0)",1,97.0414048727902,45263
"(0.5908364220961908, 0.9875003906860448)",1,97.04137973520524,45264
"(0.8221762134805614, 0.972045976510262)",1,97.0413538078929,45265
"(0.8871082621082622, 0.972281746031746)",2,97.04135084948427,45267
"(0.5922908221721781, 0.9875003906860448)",2,97.04133228635624,45269
"(0.8567929292929293, 0.972281746031746)",1,97.0413073671376,45270
"(0.6415148305084746, 0.9749910873440284)",1,97.04126802160852,45271
"(0.6415148305084746, 0.9749910873440284)",1,97.04101165470084,45272
"(0.9749625285109156, 0.9958292603453894)",1,97.0409946818266,45273
"(0.960666032023912, 0.9714285714285714)",1,97.04093855170238,45274
"(0.6260123507862112, 0.9764666952752286)",2,97.04091339267944,45276
"(0.7855494505494506, 0.9870601047071634)",1,97.040743811759,45277
"(0.8722751392320632, 0.9756756756756756)",3,97.0407348815429,45280
"(0.8417410714285716, 0.9749656593406592)",1,97.04052503327324,45281
"(0.8148308968977662, 0.972281746031746)",1,97.04031197682274,45282
"(0.5643457045368262, 0.9900494326410778)",1,97.04025724585064,45283
"(0.7124941087515932, 0.9777027027027028)",1,97.04011374567912,45284
"(0.9584385644218804, 0.972045976510262)",1,97.0399424447453,45285
"(0.930124456440246, 0.972420634920635)",1,97.03993657050744,45286
"(0.9162596992611264, 0.9861673414304992)",1,97.03993525708384,45287
"(0.6013560288779866, 0.9887506152584083)",1,97.03993359978,45288
"(0.8207953412961668, 0.9783779637835908)",3,97.03977722805791,45291
"(0.4925285484808521, 0.9962497362353954)",1,97.03972065357112,45292
"(0.925438675470188, 0.9749656593406592)",1,97.0396527147782,45293
"(0.8116470752541504, 0.9770268172641052)",1,97.03955149108286,45294
"(0.779286067193676, 0.9749910873440284)",1,97.03951588911023,45295
"(0.9189396095602992, 0.9958292603453894)",1,97.03951349199843,45296
"(0.511612180189574, 1.0)",1,97.0394618357032,45297
"(0.5015191675794085, 0.983748857020046)",1,97.0394535497903,45298
"(0.9916585206907788, 0.9958292603453894)",1,97.03940739465462,45299
"(0.966586548597934, 0.9748802746905214)",1,97.03937484726414,45300
"(0.8887868801004395, 0.9722222222222222)",1,97.03935912131324,45301
"(0.947035873779261, 0.9751409401578528)",1,97.03929081740974,45302
"(0.9308669192717862, 0.972045976510262)",1,97.0392860822284,45303
"(0.8455917807202996, 0.9764666952752286)",1,97.0391685649678,45304
"(0.7803195571784078, 0.9736842105263158)",1,97.03910417052258,45305
"(0.8580559516200404, 0.9764666952752286)",1,97.03883939430376,45306
"(0.8887419165196944, 0.972045976510262)",1,97.03874416170902,45307
"(0.6013560288779866, 0.9887506152584083)",2,97.0386836095372,45309
"(0.930124456440246, 0.972045976510262)",1,97.03857273011914,45310
"(0.5090364521224462, 1.0)",1,97.03845473969912,45311
"(0.8467135862913097, 0.9749656593406592)",1,97.03845130951272,45312
"(0.872151605428666, 0.9749656593406592)",1,97.0384376598535,45313
"(0.8426192275313588, 0.9756756756756756)",1,97.03841463916788,45314
"(0.9574285714285714, 0.9751409401578528)",1,97.03836014716612,45315
"(0.8868677229932935, 0.9736842105263158)",1,97.03833899457555,45316
"(0.5208957469413343, 0.9981012669018314)",1,97.03828399966584,45317
"(0.7933961978108608, 0.9767441860465116)",1,97.03824035963542,45318
"(0.962699692780338, 0.9958292603453894)",1,97.03821219969072,45319
"(0.5141491228070175, 0.9899995623659744)",1,97.03817293399466,45320
"(0.930124456440246, 0.9861673414304992)",1,97.03816117251893,45321
"(0.6003561059603759, 0.9764666952752286)",1,97.0381283042589,45322
"(0.9574285714285714, 0.9751409401578528)",1,97.0380778037472,45323
"(0.8899966931216932, 0.9722222222222222)",1,97.03801587294171,45324
"(0.5192461542064125, 0.9938894536653996)",3,97.03801019785986,45327
"(0.4437501725645391, 0.983748857020046)",1,97.03788418483845,45328
"(0.8074780204479453, 0.9749910873440284)",2,97.03771501965736,45330
"(0.9162596992611264, 0.972420634920635)",1,97.0377088427625,45331
"(0.9860411258716344, 0.972045976510262)",1,97.03768663414957,45332
"(0.8455704732698088, 0.972281746031746)",2,97.0375984621866,45334
"(0.8459744503862151, 0.972045976510262)",1,97.03749847801112,45335
"(0.8194074731341813, 0.9861673414304992)",1,97.03742614620155,45336
"(0.9162596992611264, 0.972045976510262)",2,97.03735938069894,45338
"(0.9073492428586464, 0.971495851087688)",1,97.03730782940814,45339
"(0.987491854024112, 1.0)",1,97.03730511080558,45340
"(0.7524760273298283, 0.991206314397104)",1,97.03729250790605,45341
"(0.9160652508866794, 0.972045976510262)",1,97.03728361085432,45342
"(0.8995772689779955, 0.9749656593406592)",1,97.0372818114604,45343
"(0.7430884778239842, 0.97601281538123)",1,97.03725731698653,45344
"(0.6760014179369018, 0.9870601047071634)",1,97.03724764154585,45345
"(0.7754356452726017, 0.972045976510262)",1,97.03716492706748,45346
"(0.874047619047619, 0.972045976510262)",1,97.0370903530729,45347
"(0.6085242154650133, 0.9912498222186796)",1,97.03707527146064,45348
"(0.8887419165196944, 0.972045976510262)",1,97.03703603877769,45349
"(0.9476043407479208, 1.0)",1,97.03700477875732,45350
"(0.9609357631051972, 0.9751409401578528)",1,97.03698018864443,45351
"(0.9327510896243466, 0.9743221907454552)",2,97.03695611428404,45353
"(0.8307565789473685, 0.9735486410250802)",1,97.0368926773592,45354
"(0.9616410906733488, 0.9958292603453894)",1,97.03686462827709,45355
"(0.874047619047619, 0.972045976510262)",1,97.0368599707563,45356
"(0.9240041208791208, 0.9749910873440284)",1,97.03685471692972,45357
"(0.4508193203901878, 0.9975)",1,97.03681398548188,45358
"(0.7423856773080242, 0.9749656593406592)",1,97.03680070377344,45359
"(0.8876473063973064, 0.972420634920635)",1,97.03673886981268,45360
"(0.8627397499800719, 0.9735486410250802)",1,97.03672274653928,45361
"(0.8596618357487924, 0.9861673414304992)",1,97.03666156648342,45362
"(0.9022759891180944, 0.972045976510262)",1,97.03655589692193,45363
"(0.5626274989800081, 0.9764666952752286)",2,97.03653575514758,45365
"(0.4585384595277654, 0.9912488373656227)",1,97.03652238044089,45366
"(0.930124456440246, 0.972045976510262)",1,97.0362599928137,45367
"(0.9162596992611264, 0.972045976510262)",1,97.03625458416808,45368
"(0.9640038239043044, 0.9714285714285714)",1,97.03611744979146,45369
"(0.7313293623054037, 0.9790540349287944)",3,97.03598274835214,45372
"(0.8750020493421985, 0.9824126287942077)",1,97.03597015391048,45373
"(0.9744745723240348, 0.9958292603453894)",1,97.03592984504604,45374
"(0.8605691443799373, 0.9736189431913116)",1,97.03585650511994,45375
"(0.7393955720057585, 0.97466206094443)",1,97.03582049494146,45376
"(0.9058747619658436, 0.9748802746905214)",1,97.03582034657867,45377
"(0.6361158710730316, 0.9764666952752286)",1,97.03579851126904,45378
"(0.930124456440246, 0.972420634920635)",1,97.03574938153672,45379
"(0.926397848615755, 0.9736842105263158)",1,97.03570408482304,45380
"(0.5680245864444272, 0.994274357955255)",3,97.03565454003513,45383
"(0.9860411258716344, 0.972045976510262)",1,97.03564966933506,45384
"(0.9240041208791208, 0.9749910873440284)",1,97.0355770877106,45385
"(0.8895939931776995, 0.9749910873440284)",1,97.03555075970496,45386
"(0.9450323339212228, 0.972045976510262)",1,97.03553703128055,45387
"(0.5347077260617458, 0.986246711405619)",1,97.03544445190794,45388
"(0.9435817855979146, 0.9958292603453894)",1,97.03527877375424,45389
"(0.9835199925522506, 0.9958292603453894)",1,97.03523135921968,45390
"(0.4844841746794872, 0.98999899959984)",1,97.03518673828523,45391
"(0.930124456440246, 0.972045976510262)",1,97.03507803867856,45392
"(0.8868677229932935, 0.9824561403508772)",1,97.03503517330228,45393
"(0.8581022152450725, 0.972045976510262)",1,97.034993227373,45394
"(0.5349448432585369, 0.9935041393887948)",2,97.0349682093165,45396
"(0.7943622269203664, 0.9764666952752286)",1,97.03493399660964,45397
"(0.4571140259616066, 0.9962497362353954)",1,97.03479243381376,45398
"(0.974833726256876, 0.9958292603453894)",1,97.03477181593462,45399
"(0.7665484369555701, 0.9764666952752286)",1,97.03471480006957,45400
"(0.5175813659509312, 0.9984863658725142)",1,97.03462234324124,45401
"(0.9058747619658436, 0.9748802746905214)",1,97.0345969602467,45402
"(0.4865876628104142, 0.9870601047071634)",1,97.03454405592709,45403
"(0.9311507936507936, 0.972420634920635)",1,97.03453186068045,45404
"(0.7992282793924381, 0.9764666952752286)",1,97.03451295324092,45405
"(0.7447170736590969, 0.9736842105263158)",1,97.03442617231794,45406
"(0.8395301149279116, 0.9764666952752286)",1,97.03437379038854,45407
"(0.8068351665307889, 0.972420634920635)",1,97.03431088224563,45408
"(0.8768488063660478, 0.9749656593406592)",1,97.0340350895233,45409
"(0.4865876628104142, 0.9870601047071634)",1,97.03396114104908,45410
"(0.7977749180480272, 0.9861673414304992)",1,97.03393980863969,45411
"(0.6020287404902789, 0.9870601047071634)",1,97.03392702167234,45412
"(0.9450323339212228, 0.972045976510262)",1,97.03374969783262,45413
"(0.5192654074004637, 0.9749922347623196)",2,97.03373305241088,45415
"(0.9750854369118126, 0.9958292603453894)",1,97.03371610802792,45416
"(0.4319035504296698, 0.993750341823046)",1,97.03368342131544,45417
"(0.682074987159733, 0.9764666952752286)",1,97.03365457691552,45418
"(0.6138929469209408, 0.9767441860465116)",1,97.0336444530764,45419
"(0.9309563801089225, 0.972281746031746)",1,97.03358025992742,45420
"(0.874047619047619, 0.972045976510262)",1,97.03352592552407,45421
"(0.7980310463463742, 0.9736486245878384)",2,97.03349598602232,45423
"(0.8181654379194883, 0.9747789566755084)",1,97.03349172489858,45424
"(0.4530386103743641, 0.9974998905914936)",1,97.03348813861066,45425
"(0.2821631448874142, 0.9988653407824049)",1,97.03333087881283,45426
"(0.9162596992611264, 0.972281746031746)",1,97.0333095118184,45427
"(0.7159105664664828, 1.0)",2,97.03328590327703,45429
"(0.8758315541941273, 0.9735486410250802)",3,97.0332828786547,45432
"(0.8490208544183524, 0.972281746031746)",1,97.03327238120472,45433
"(0.8561103441223091, 0.972045976510262)",1,97.03321351132048,45434
"(0.8852629578963369, 0.972045976510262)",1,97.03320413418572,45435
"(0.4499384836938269, 0.9975000781372088)",1,97.03319211759754,45436
"(0.8404355452872972, 0.972045976510262)",1,97.03310870340164,45437
"(0.8513842746400886, 0.9767441860465116)",1,97.0330555555584,45438
"(0.8130477958637364, 0.9736842105263158)",1,97.03297654693588,45439
"(0.8318290279074593, 0.9861673414304992)",1,97.0329532715437,45440
"(0.9240041208791208, 0.9749910873440284)",1,97.03291948597013,45441
"(0.5158618019587937, 0.9887498417768498)",1,97.03290491573708,45442
"(0.8561103441223091, 0.972045976510262)",2,97.03290077571172,45444
"(0.8374874819183264, 0.9764666952752286)",1,97.03289219293367,45445
"(0.549813159936279, 0.9767441860465116)",1,97.03287298814988,45446
"(0.9834358767945106, 0.9958292603453894)",1,97.03281634235088,45447
"(0.6198039215686275, 0.986245936653225)",1,97.03276110157512,45448
"(0.9580602951397298, 0.9958292603453894)",1,97.03274925790272,45449
"(0.8404355452872972, 0.972045976510262)",1,97.03258514564784,45450
"(0.5730351811691473, 0.9837828952239912)",1,97.03258185514647,45451
"(0.6211534794826514, 1.0)",1,97.03257280153902,45452
"(0.9835199925522506, 0.9958292603453894)",1,97.03252801964489,45453
"(0.8592657752039796, 0.972045976510262)",1,97.03244016259436,45454
"(0.8627397499800719, 0.9736189431913116)",2,97.03242931119756,45456
"(0.6260123507862112, 0.9764666952752286)",1,97.03242695076068,45457
"(0.7837606837606838, 0.972045976510262)",1,97.03240573228608,45458
"(0.8148308968977662, 0.9722222222222222)",1,97.0323182284684,45459
"(0.8455704732698088, 0.972281746031746)",1,97.03220941617316,45460
"(0.5176663811175343, 0.994280320229318)",1,97.03219222812514,45461
"(0.5370179311865358, 0.997357707254175)",1,97.0321748053812,45462
"(0.8292352872388802, 0.976013472448221)",1,97.03214495475348,45463
"(0.8404355452872972, 0.972045976510262)",2,97.03213833427203,45465
"(0.8389313963994772, 0.9777026416251218)",1,97.03210638706744,45466
"(0.8876473063973064, 0.972420634920635)",1,97.03209408498124,45467
"(0.8455704732698088, 0.972281746031746)",1,97.03194751321897,45468
"(0.8404355452872972, 0.972045976510262)",1,97.03190370992384,45469
"(0.5167206104706105, 0.9749959925486524)",1,97.03188661087444,45470
"(0.8493268538892306, 0.9736842105263158)",3,97.03188067950823,45473
"(0.8477957771158952, 0.9749998630381516)",2,97.0318342953397,45475
"(0.9069647153947764, 0.971495851087688)",2,97.03181388229788,45477
"(0.9348222545262322, 0.9716190476190476)",3,97.0317827683339,45480
"(0.932912106787064, 0.9713574016563148)",3,97.03171577663215,45483
"(0.3445871414842349, 0.9807415614928252)",1,97.0317124069471,45484
"(0.9276343133138456, 0.9753375591686708)",2,97.03170827481244,45486
"(0.978621888315766, 0.9712822597033124)",1,97.0316894987956,45487
"(0.8758315541941273, 0.9735486410250802)",2,97.03151963395317,45489
"(0.8715701474388204, 0.972281746031746)",1,97.03150769773566,45490
"(0.8219317364145453, 0.9735486410250802)",1,97.03147616989683,45491
"(0.9707802886550516, 0.9958292603453894)",1,97.03142842037272,45492
"(0.8160331384015596, 0.9780434995701116)",1,97.03141375555664,45493
"(0.7187807755293061, 0.9787158688322009)",1,97.03137440765724,45494
"(0.9450323339212228, 0.972045976510262)",1,97.03128923887954,45495
"(0.6746811878062335, 0.9763507467298118)",1,97.03121508544112,45496
"(0.5715397013354384, 0.9880655998564108)",3,97.03121418339036,45499
"(0.8829656107481818, 0.9736189431913116)",1,97.03120410251086,45500
"(0.5626274989800081, 0.9764666952752286)",2,97.03117662744587,45502
"(0.5696789203510515, 0.9862497206293536)",1,97.03115074817524,45503
"(0.7871822062702233, 0.9870601047071634)",3,97.03112730431428,45506
"(0.685541383296858, 0.97331037520467)",1,97.03110187268985,45507
"(0.888622291021672, 0.9749656593406592)",1,97.03109175549947,45508
"(0.4327102149190147, 0.9749976368471018)",1,97.03105925652,45509
"(0.9309563801089225, 0.972281746031746)",1,97.03104744538908,45510
"(0.8715701474388204, 0.972281746031746)",1,97.0309572131107,45511
"(0.9609357631051972, 0.9715593185206444)",2,97.0309119744348,45513
"(0.9645938855657314, 0.9751409401578528)",1,97.03088702634145,45514
"(0.9187883397948668, 0.9716190476190476)",1,97.03079318088594,45515
"(0.9225446428571428, 0.9749656593406592)",1,97.03077916323508,45516
"(0.911577306111922, 0.9735486410250802)",1,97.03077628664944,45517
"(0.8715701474388204, 0.972045976510262)",3,97.0307221723942,45520
"(0.9791102677630192, 0.9958292603453894)",1,97.03062547127723,45521
"(0.6260123507862112, 0.9764666952752286)",2,97.03060970833796,45523
"(0.7348436174331348, 0.972281746031746)",1,97.03059717667836,45524
"(0.8404355452872972, 0.972045976510262)",1,97.03046916391764,45525
"(0.8660545355265853, 0.9749910873440284)",1,97.03043145363787,45526
"(0.4901583010700104, 0.9790540349287944)",1,97.03041435376343,45527
"(0.9643944553313464, 0.9764666952752286)",1,97.03039726185416,45528
"(0.8592657752039796, 0.972045976510262)",1,97.03037690219216,45529
"(0.9832965806068272, 1.0)",1,97.0303012881701,45530
"(0.5807528241902687, 0.9901215557602272)",1,97.03021473093422,45531
"(0.8602650098786556, 0.976012629205354)",2,97.03014016051628,45533
"(0.6583271386230533, 0.99)",1,97.02999719849063,45534
"(0.927109440267335, 0.9751409401578528)",1,97.0299948369938,45535
"(0.7187807755293061, 0.9780401821284612)",1,97.02996027544782,45536
"(0.9299160159815896, 0.9722222222222222)",2,97.0299209406264,45538
"(0.8249003583443031, 0.972045976510262)",1,97.02979548503338,45539
"(0.9348222545262322, 0.9751409401578528)",1,97.02974579926712,45540
"(0.7545918011034292, 0.9767441860465116)",1,97.02967725401588,45541
"(0.3980793293293293, 0.9861673414304992)",1,97.02961736526508,45542
"(0.8715701474388204, 0.972281746031746)",1,97.02956791078635,45543
"(0.8148308968977662, 0.972281746031746)",1,97.02956375033376,45544
"(0.9392111404005912, 0.9716190476190476)",1,97.0295415724605,45545
"(0.8442988787957741, 0.9756754535737588)",1,97.02951598287387,45546
"(0.9300671002153482, 0.972281746031746)",1,97.02947329118707,45547
"(0.5922908221721781, 0.988750193395939)",1,97.0293845674858,45548
"(0.8261738954323147, 0.9756756756756756)",1,97.02934534028732,45549
"(0.9835199925522506, 0.9958292603453894)",1,97.02932469772068,45550
"(0.4162177798306099, 0.9862497206293536)",3,97.02930040266254,45553
"(0.765692887308966, 0.9722222222222222)",1,97.0292920408707,45554
"(0.8558852999963277, 0.9764666952752286)",1,97.02926657818908,45555
"(0.8221762134805614, 0.972045976510262)",1,97.02911925882844,45556
"(0.9069647153947764, 0.9713574016563148)",1,97.02901266481138,45557
"(0.6198039215686275, 0.986245936653225)",1,97.02900930876474,45558
"(0.4788541666666667, 0.9862497206293536)",3,97.02900677014448,45561
"(0.9876066164491212, 0.9958292603453894)",1,97.02895556975282,45562
"(0.7296277808577878, 0.9777024991092788)",1,97.0289425987658,45563
"(0.9958292603453894, 0.9958292603453894)",1,97.02884208023156,45564
"(0.8221762134805614, 0.972045976510262)",1,97.02879992609668,45565
"(0.846224760385985, 0.9790540349287944)",1,97.02873465226332,45566
"(0.9348222545262322, 0.9716190476190476)",2,97.02868789406789,45568
"(0.4139252838240179, 0.9797239244971888)",2,97.02864791431315,45570
"(0.8748200797381125, 0.972281746031746)",2,97.0285617498612,45572
"(0.9162596992611264, 0.972281746031746)",1,97.0285287995112,45573
"(0.861957198953386, 0.9764666952752286)",1,97.02846394390257,45574
"(0.7580266955266955, 0.9861673414304992)",1,97.02841698901112,45575
"(0.9572437766315318, 0.9751409401578528)",1,97.02837056899386,45576
"(0.7138200339558575, 0.9749656593406592)",1,97.02836812663516,45577
"(0.888622291021672, 0.9749656593406592)",1,97.02835686273724,45578
"(0.6364654667574965, 0.9824970453792232)",1,97.02834803766746,45579
"(0.9505232430050672, 0.9751409401578528)",1,97.02833988673116,45580
"(0.9122507070492478, 0.9749656593406592)",1,97.02830731345894,45581
"(0.682074987159733, 0.9764666952752286)",1,97.02828021508331,45582
"(0.6260123507862112, 0.9764666952752286)",2,97.0282158161602,45584
"(0.8056354979267693, 0.9722222222222222)",1,97.02821401081378,45585
"(0.8003813092161745, 0.9748802746905214)",1,97.02808701178142,45586
"(0.5130229932669931, 0.9876739003448344)",3,97.02796185931288,45589
"(0.6809855026116619, 0.9749910873440284)",1,97.02794669880264,45590
"(0.94291309888229, 0.991206314397104)",1,97.0278821625315,45591
"(0.683178560611297, 0.9773648571145208)",1,97.0277992229645,45592
"(0.950392857142857, 0.9749656593406592)",1,97.02779180906526,45593
"(0.8207953412961668, 0.9763507467298118)",2,97.02774539542398,45595
"(0.8871082621082622, 0.972281746031746)",1,97.0276799772572,45596
"(0.6818181818181819, 0.9767441860465116)",1,97.02758677215704,45597
"(0.4799413873705827, 0.9783716624971414)",1,97.02752571187496,45598
"(0.8879331046312178, 0.9749656593406592)",1,97.02738694386036,45599
"(0.6969051878354204, 0.9764666952752286)",1,97.02728229222308,45600
"(0.8610715260301386, 0.9764666952752286)",1,97.02726261702624,45601
"(0.8318916467605246, 0.9756746761828256)",2,97.0272354601888,45603
"(0.8148308968977662, 0.972281746031746)",1,97.02716500139832,45604
"(0.8770575330421131, 0.975)",1,97.02715463829644,45605
"(0.683046375628995, 0.9764666952752286)",1,97.0271465855202,45606
"(0.9609357631051972, 0.9712822597033124)",1,97.02709926365344,45607
"(0.8426192275313588, 0.9733100340157348)",1,97.0269943737722,45608
"(0.8680947159565582, 0.9735486410250802)",1,97.02692894460704,45609
"(0.5739636219249954, 0.976683319983483)",1,97.02692867702724,45610
"(0.8098502304147466, 0.9749910873440284)",1,97.02689967557708,45611
"(0.9306882936240858, 0.9736842105263158)",3,97.02675915150571,45614
"(0.8871082621082622, 0.972281746031746)",2,97.02673957230311,45616
"(0.9162596992611264, 0.972420634920635)",1,97.0267293336034,45617
"(0.6198039215686275, 0.9874968730456536)",1,97.02672404273456,45618
"(0.8152898027898028, 0.9861673414304992)",1,97.02666097416964,45619
"(0.888945374800638, 0.9749656593406592)",1,97.02654436033944,45620
"(0.683178560611297, 0.9773648571145208)",1,97.02648952334516,45621
"(0.9379369827374928, 0.9714285714285714)",1,97.02644332581104,45622
"(0.7325800052772601, 0.9767441860465116)",1,97.02643499765972,45623
"(0.785056584180393, 0.9777026416251218)",1,97.0264249085812,45624
"(0.3434871832287562, 0.9962501582231502)",1,97.02639713447276,45625
"(0.8975764647467728, 0.9749656593406592)",1,97.02636398754156,45626
"(0.8518001818001818, 0.9773648571145208)",3,97.0263429458544,45629
"(0.3600029483220985, 0.9931184132078772)",3,97.02632237082295,45632
"(0.8417410714285716, 0.9749656593406592)",1,97.02624375749534,45633
"(0.9628689175769612, 0.9749910873440284)",1,97.02622033133876,45634
"(0.8887419165196944, 0.972045976510262)",1,97.02605625351843,45635
"(0.947035873779261, 0.9716190476190476)",1,97.0260249337248,45636
"(0.8504382366909891, 0.9735486410250802)",1,97.02596342038332,45637
"(0.8455704732698088, 0.972281746031746)",1,97.02593591387948,45638
"(0.6026986018870644, 0.988750193395939)",1,97.0259133365168,45639
"(0.8777008472715792, 0.9726351257653164)",1,97.02590208399307,45640
"(0.8427153815234141, 0.9747507916611692)",1,97.0258449685005,45641
"(0.9253777472527472, 0.9749656593406592)",1,97.02549841226728,45642
"(0.9712822597033124, 0.9749692931061258)",1,97.02547637987082,45643
"(0.501667548613375, 0.9900003125488358)",1,97.0254220742986,45644
"(0.4925733396357239, 0.9962501582231502)",1,97.02537284889644,45645
"(0.7997685185185185, 0.9861673414304992)",1,97.02534457118956,45646
"(0.8627397499800719, 0.9736189431913116)",1,97.02532239670305,45647
"(0.9032855633136024, 0.9722222222222222)",1,97.02530599780602,45648
"(0.734047550570415, 0.9722222222222222)",1,97.02524240926384,45649
"(0.8758315541941273, 0.9735486410250802)",1,97.02523623540438,45650
"(0.4956908031836671, 0.9749959925486524)",1,97.02502731004375,45651
"(0.8627397499800719, 0.9736189431913116)",1,97.02502159432215,45652
"(0.779286067193676, 0.9749910873440284)",1,97.02501764418508,45653
"(0.9162596992611264, 0.972281746031746)",1,97.02498236210438,45654
"(0.9187883397948668, 0.9716190476190476)",1,97.02493079048,45655
"(0.972281746031746, 0.972045976510262)",1,97.02485736027978,45656
"(0.8340166019865393, 0.9749910873440284)",1,97.02480802860228,45657
"(0.9164187516971112, 0.9748802746905214)",1,97.024799002694,45658
"(0.8148308968977662, 0.972281746031746)",2,97.0246185277749,45660
"(0.7620265151515151, 0.9749656593406592)",1,97.02461525064116,45661
"(0.5943528693528694, 1.0)",3,97.02460138785982,45664
"(0.6591398510479036, 0.9783779637835908)",3,97.0245909155842,45667
"(0.8558852999963277, 0.9764666952752286)",1,97.0245032770086,45668
"(0.8660545355265853, 0.9749910873440284)",1,97.02450180238117,45669
"(0.5191356753598758, 1.0)",1,97.02440008451208,45670
"(0.8393264911275135, 0.9760133410378676)",1,97.02436162332847,45671
"(0.4517222778047475, 0.977358110855682)",1,97.02433971221362,45672
"(0.9490213526488036, 0.9958292603453894)",1,97.02433136602345,45673
"(0.8887419165196944, 0.972045976510262)",1,97.02432031235423,45674
"(0.9540153992631536, 0.9716190476190476)",1,97.02422880837334,45675
"(0.7750729499528326, 0.9756756756756756)",1,97.02408235456268,45676
"(0.8596618357487924, 0.972045976510262)",1,97.02400264726984,45677
"(0.6260123507862112, 0.9764666952752286)",1,97.02399869198273,45678
"(0.4560299578482537, 0.9900003125488358)",2,97.0239976712512,45680
"(0.8592657752039796, 0.972045976510262)",1,97.0239963024343,45681
"(0.5463455725995242, 0.986245936653225)",3,97.02384873913516,45684
"(0.4847252958987063, 0.9987499746026686)",1,97.02373394565736,45685
"(0.874047619047619, 0.972045976510262)",2,97.02367519427148,45687
"(0.6026666666666667, 0.9904066335741472)",3,97.02367236888904,45690
"(0.987491854024112, 0.9958292603453894)",2,97.02356040056904,45692
"(0.7781407751391581, 0.9729729482952526)",1,97.02349758552914,45693
"(0.9082051469489508, 0.9736189431913116)",3,97.02342396614898,45696
"(0.9873891625615764, 1.0)",2,97.02333309170652,45698
"(0.8318290279074593, 0.972045976510262)",1,97.02331091294636,45699
"(0.5492115341293085, 0.9937495603923254)",1,97.02318685685256,45700
"(0.9162596992611264, 0.972045976510262)",2,97.02304989947274,45702
"(0.8975764647467728, 0.9749656593406592)",1,97.02298946241244,45703
"(0.8887419165196944, 0.972045976510262)",1,97.02289953388924,45704
"(0.5130229932669931, 0.9981012669018314)",1,97.02281377592485,45705
"(0.9140194694749032, 0.9735486410250802)",3,97.02277445315748,45708
"(0.8996664258511047, 0.9736189431913116)",3,97.02264785536936,45711
"(0.9110813074094206, 0.9764666952752286)",1,97.02250719763424,45712
"(0.4525211933060535, 0.9992416608232524)",1,97.0225038652338,45713
"(0.8402876991030895, 0.9767441860465116)",1,97.02249006719904,45714
"(0.8596618357487924, 0.972045976510262)",1,97.02246316092771,45715
"(0.5798336713995943, 0.986245936653225)",3,97.02226989602104,45718
"(0.6575398846941737, 0.9882048106149588)",1,97.0222117737463,45719
"(0.9743030741133208, 0.9958292603453894)",1,97.022200442797,45720
"(0.8459744503862151, 0.972045976510262)",1,97.02217624447974,45721
"(0.7313293623054037, 0.9770269011697912)",1,97.02211095540734,45722
"(0.4232341065158651, 0.976688047608407)",1,97.02194563332392,45723
"(0.5295994275347542, 1.0)",1,97.02194120752613,45724
"(0.7665484369555701, 0.9764666952752286)",2,97.02194016341409,45726
"(0.9162596992611264, 0.972045976510262)",1,97.02190165387448,45727
"(0.7109688804604058, 0.972281746031746)",1,97.02188304570674,45728
"(0.7952215608465608, 0.972281746031746)",1,97.02181480604018,45729
"(0.6040339402207299, 0.9984878738761844)",1,97.02180987185208,45730
"(0.8902783631946863, 0.9861673414304992)",1,97.02178781055788,45731
"(0.5638826889384886, 0.9764666952752286)",1,97.02178255741669,45732
"(0.6447432598773244, 0.989997498436523)",1,97.02177553643268,45733
"(0.4894996226853196, 0.9912495487428092)",1,97.02176172852982,45734
"(0.3317695658368551, 0.9988619159967322)",1,97.02175038686096,45735
"(0.7943622269203664, 0.9764666952752286)",1,97.0216654008042,45736
"(0.220415709252451, 1.0)",1,97.02163187562796,45737
"(0.8829656107481818, 0.9736189431913116)",1,97.02159851183109,45738
"(0.8311329582337986, 0.972045976510262)",1,97.02147210036688,45739
"(0.9311507936507936, 0.972420634920635)",1,97.0214271650954,45740
"(0.8451478848040399, 0.972045976510262)",1,97.02140746312486,45741
"(0.8310777799491891, 0.9882048106149588)",1,97.0211514761952,45742
"(0.4936062160591765, 0.9988619159967322)",1,97.0211288279244,45743
"(0.8451478848040399, 0.972045976510262)",2,97.02105772143292,45745
"(0.983545503234046, 1.0)",1,97.02103127567077,45746
"(0.962505246140658, 0.9958292603453894)",1,97.02100907944968,45747
"(0.9259740526337398, 0.97502985598876)",1,97.02100254288712,45748
"(0.5034451916861793, 0.9907952975670266)",3,97.0209329320728,45751
"(0.8451478848040399, 0.972045976510262)",1,97.02086397424932,45752
"(0.5167206104706105, 0.9777002589668812)",1,97.0208557116262,45753
"(0.9172008547008548, 0.9861673414304992)",1,97.0208345770842,45754
"(0.7665484369555701, 0.9764666952752286)",1,97.0208272850412,45755
"(0.8491999910545297, 0.9716215957100152)",1,97.02079214068488,45756
"(0.5245686342987251, 0.9973471509396088)",1,97.0207293722215,45757
"(0.563035225158132, 1.0)",1,97.02065655668046,45758
"(0.8592657752039796, 0.972045976510262)",2,97.02049513692494,45760
"(0.7851227464298004, 0.9756746761828256)",2,97.02048905744826,45762
"(0.7864381427049374, 0.9777021326309656)",1,97.0204646174443,45763
"(0.9750072792119512, 1.0)",1,97.0204415814644,45764
"(0.9392111404005912, 0.9751409401578528)",1,97.0203910481534,45765
"(0.8340166019865393, 0.9749910873440284)",1,97.02024283616906,45766
"(0.983545503234046, 1.0)",1,97.02023429666885,45767
"(0.5439418946866578, 0.9749968604080328)",1,97.02005543438018,45768
"(0.8725285568772964, 0.972045976510262)",1,97.02002889601536,45769
"(0.8920217788143652, 0.9748802746905214)",1,97.01988244160692,45770
"(0.7980310463463742, 0.9770268172641052)",1,97.01984419449832,45771
"(0.8616465603190429, 0.9749656593406592)",1,97.019818137592,45772
"(0.2214590876870318, 0.9965787912107092)",1,97.01978545507916,45773
"(0.9187883397948668, 0.9786694888904832)",1,97.0197112355792,45774
"(0.8311329582337986, 0.972045976510262)",1,97.01961926522458,45775
"(0.9259740526337398, 0.97502985598876)",1,97.01958158619068,45776
"(0.4230961584008337, 0.9900003125488358)",1,97.0195327011902,45777
"(0.7323163951070927, 0.9764666952752286)",1,97.0195297195436,45778
"(0.5942040059498339, 0.983748857020046)",1,97.01951989068708,45779
"(0.8660545355265853, 0.9749910873440284)",1,97.0194454075726,45780
"(0.7521214129188376, 1.0)",1,97.01934671646472,45781
"(0.9036271334014516, 0.9756746761828256)",2,97.0192682454268,45783
"(0.960666032023912, 0.9749692931061258)",1,97.01921514586182,45784
"(0.3152377687779569, 0.9870601047071634)",1,97.01912981310142,45785
"(0.3930894945067609, 0.9987499746026686)",1,97.018967655802,45786
"(0.8224631915554647, 0.9764666952752286)",1,97.01879313492564,45787
"(0.8734313112361893, 0.9861673414304992)",1,97.0186014290666,45788
"(0.7047619047619047, 0.9749910873440284)",1,97.01850277797143,45789
"(0.8705155862492784, 0.9773647021061568)",1,97.0184923009165,45790
"(0.6981216457960644, 0.9767441860465116)",1,97.01839704945014,45791
"(0.4859888563049853, 0.9900003125488358)",2,97.01839650007894,45793
"(0.9744745723240348, 0.9958292603453894)",1,97.01838515177668,45794
"(0.5340832420591457, 0.986245936653225)",2,97.01828772327616,45796
"(0.8384307029790694, 0.978040051793672)",1,97.01826084296592,45797
"(0.9450323339212228, 0.972045976510262)",1,97.0182326925986,45798
"(0.5056778729738882, 0.99249924969988)",1,97.0181937757952,45799
"(0.9212328545548654, 0.9716190476190476)",2,97.01817880822158,45801
"(0.8455704732698088, 0.972281746031746)",1,97.01812900043603,45802
"(0.7472307467415887, 0.9767441860465116)",1,97.018028090091,45803
"(0.8902783631946863, 0.9861673414304992)",1,97.0179610875532,45804
"(0.8074780204479453, 0.9749910873440284)",1,97.01792215383244,45805
"(0.9749088814411396, 1.0)",1,97.01771552106489,45806
"(0.9022759891180944, 0.972045976510262)",1,97.0175918314581,45807
"(0.9609357631051972, 0.9751409401578528)",1,97.01754472691258,45808
"(0.8404355452872972, 0.972045976510262)",1,97.01750383284195,45809
"(0.7909392097264437, 0.9749910873440284)",1,97.0174653379324,45810
"(0.9641028246291404, 0.9712822597033124)",1,97.01742968749858,45811
"(0.6515958472021928, 0.9862497206293536)",1,97.01721749299894,45812
"(0.9146901709401708, 0.972281746031746)",1,97.01721139101082,45813
"(0.6809855026116619, 0.9749910873440284)",1,97.01718757603784,45814
"(0.9310483384791604, 0.972420634920635)",1,97.0171869075127,45815
"(0.5340832420591457, 0.986245936653225)",1,97.017036974685,45816
"(0.8218185392856778, 0.9861673414304992)",1,97.01702581965742,45817
"(0.8306479779411763, 0.9749910873440284)",1,97.01702168959922,45818
"(0.8261738954323147, 0.9749998630381516)",1,97.01701301016443,45819
"(0.8417410714285716, 0.9749656593406592)",1,97.01696337834925,45820
"(0.5209072341900949, 0.9984817852901372)",1,97.01692766986088,45821
"(0.4924777967362296, 0.986245936653225)",1,97.01684215160914,45822
"(0.9146901709401708, 0.972281746031746)",1,97.01680369103312,45823
"(0.5352462289124051, 0.9862497206293536)",3,97.01671710592193,45826
"(0.874450386215092, 0.972281746031746)",1,97.01665823600972,45827
"(0.8219317364145453, 0.9735486410250802)",1,97.0166476865755,45828
"(0.9348222545262322, 0.9751409401578528)",1,97.01657749105118,45829
"(0.6415148305084746, 0.9749910873440284)",1,97.01650377604356,45830
"(0.8224713709935384, 0.9716190476190476)",1,97.01649582613776,45831
"(0.838301471154743, 0.972045976510262)",1,97.01649486450104,45832
"(0.3519903938996441, 0.9787117714215586)",1,97.01645070850462,45833
"(0.7665484369555701, 0.9764666952752286)",1,97.01640408491488,45834
"(0.9388917411828462, 0.9716190476190476)",1,97.01639369179608,45835
"(0.5138165509259259, 0.9988642062668746)",1,97.01638730384114,45836
"(0.838301471154743, 0.972045976510262)",1,97.0163212097126,45837
"(0.8942622047218923, 0.9873891625615764)",1,97.01624094853904,45838
"(0.4948385939474455, 0.977361833580866)",1,97.01619484045364,45839
"(0.8868677229932935, 0.9736842105263158)",1,97.0161417851356,45840
"(0.8097000243032949, 0.9749995206247766)",1,97.01609463612068,45841
"(0.8660545355265853, 0.9749910873440284)",1,97.0159621286879,45842
"(0.927109440267335, 0.9716190476190476)",1,97.01595374994427,45843
"(0.4319035504296698, 0.9975000781372088)",1,97.0158327560278,45844
"(0.4835654773292069, 0.9749909552035904)",1,97.01579457315135,45845
"(0.4788541666666667, 0.983748857020046)",2,97.01579351973008,45847
"(0.9572437766315318, 0.9716190476190476)",1,97.01579266446495,45848
"(0.9140194694749032, 0.9735486410250802)",3,97.01579205629945,45851
"(0.947035873779261, 0.9751409401578528)",1,97.01571453236936,45852
"(0.5356100633781995, 0.9764666952752286)",1,97.01564107744151,45853
"(0.838301471154743, 0.972045976510262)",1,97.01562156741792,45854
"(0.7678405315614618, 0.9764666952752286)",1,97.01562041146892,45855
"(0.656307097369308, 0.9764666952752286)",1,97.01560025105896,45856
"(0.7805215455557322, 0.9735486410250802)",1,97.01554040582606,45857
"(0.596010533010056, 0.9912503691873502)",2,97.0155311577029,45859
"(0.5103469782909699, 0.9912488373656227)",1,97.01548631863454,45860
"(0.6782260590400124, 0.9767441860465116)",1,97.01544251524984,45861
"(0.4760264338395676, 0.9837461134793682)",1,97.01541482324188,45862
"(0.9505232430050672, 0.9751409401578528)",1,97.01540355610474,45863
"(0.8491999910545297, 0.9756756756756756)",2,97.01537628483072,45865
"(0.838301471154743, 0.972045976510262)",2,97.01535539555192,45867
"(0.8736212624584717, 0.9764666952752286)",1,97.01533557115076,45868
"(0.3302862574369368, 0.9969573675011548)",1,97.01524656524836,45869
"(0.6809855026116619, 0.9749910873440284)",1,97.01521595125782,45870
"(0.8456659619450317, 0.9764666952752286)",1,97.01519281432611,45871
"(0.8148308968977662, 0.9861673414304992)",1,97.01515173946412,45872
"(0.5908501759006558, 0.994999843725582)",1,97.01508071877242,45873
"(0.8705155862492784, 0.9783782599245092)",1,97.01498514128237,45874
"(0.8185482336956522, 0.9749910873440284)",1,97.01498205759704,45875
"(0.4924642862429867, 0.9899983116452704)",2,97.01496500381752,45877
"(0.5578721277457231, 0.9912498222186796)",1,97.01486124886236,45878
"(0.8050115655679925, 0.9756756090457394)",1,97.014854753103,45879
"(0.838301471154743, 0.972045976510262)",1,97.01481914327724,45880
"(0.8221762134805614, 0.972045976510262)",1,97.01481766763496,45881
"(0.8584175084175085, 0.972420634920635)",1,97.01467803286792,45882
"(0.6981216457960644, 0.9767441860465116)",1,97.0146515227844,45883
"(0.6003561059603759, 0.9764666952752286)",1,97.01464904441532,45884
"(0.5245686342987251, 1.0)",1,97.01456303656944,45885
"(0.8580559516200404, 0.9764666952752286)",1,97.01451270321276,45886
"(0.4788541666666667, 0.986249032863116)",2,97.0145097796259,45888
"(0.4055005521435353, 0.977358648675653)",1,97.01445843673896,45889
"(0.6496381380870513, 0.9753378293934256)",1,97.01443574264933,45890
"(0.5034451916861793, 0.9919587439235272)",3,97.01442592522464,45893
"(0.6809855026116619, 0.9749910873440284)",2,97.0143801286129,45895
"(0.9645938855657314, 0.9716190476190476)",1,97.01437340168717,45896
"(0.4924777967362296, 0.986245936653225)",2,97.01434064267067,45898
"(0.4976057427443008, 0.9975000781372088)",1,97.01426132307245,45899
"(0.8455704732698088, 0.972281746031746)",1,97.0141346365778,45900
"(0.6415148305084746, 0.9749910873440284)",1,97.01412273861126,45901
"(0.3833435083435083, 0.9872890642121412)",1,97.01408701930912,45902
"(0.7651777469990767, 0.991206314397104)",1,97.01407024273138,45903
"(0.950392857142857, 0.9749656593406592)",1,97.01404354598108,45904
"(0.9582210352371644, 0.9958292603453894)",2,97.01403521628784,45906
"(0.9122507070492478, 0.9749656593406592)",1,97.01402947797344,45907
"(0.9212328545548654, 0.9751409401578528)",1,97.01397874305236,45908
"(0.640941499241254, 0.9912493845492556)",1,97.01397258102588,45909
"(0.8558852999963277, 0.9764666952752286)",1,97.01396717418672,45910
"(0.6809855026116619, 0.9749910873440284)",2,97.01394046597152,45912
"(0.9640038239043044, 0.9713574016563148)",3,97.01393048196311,45915
"(0.950392857142857, 0.9749656593406592)",1,97.01374792590344,45916
"(0.4137299999469419, 0.9763445785800536)",1,97.01369041231835,45917
"(0.8272165916646247, 0.9729729482952526)",1,97.0136136594404,45918
"(0.9792773561037318, 1.0)",1,97.01351996228011,45919
"(0.94484126984127, 0.9861673414304992)",1,97.01351191449672,45920
"(0.8221762134805614, 0.972045976510262)",1,97.01346578302622,45921
"(0.962699692780338, 0.9958292603453894)",1,97.01340883154418,45922
"(0.4955203630891704, 0.9900003125488358)",1,97.0132305221796,45923
"(0.9625114955760116, 0.9958292603453894)",1,97.0131938811574,45924
"(0.8090208511560183, 0.976013472448221)",1,97.01315106795538,45925
"(0.5347926731078905, 0.9988653407824049)",1,97.01314784047256,45926
"(0.900838851006521, 0.9748802746905214)",1,97.01314446207962,45927
"(0.5175813659509312, 0.9896830449116152)",1,97.01311615450452,45928
"(0.8148308968977662, 0.972281746031746)",3,97.01310479999523,45931
"(0.8660545355265853, 0.9749910873440284)",1,97.0130945903382,45932
"(0.9748076591340348, 1.0)",2,97.01308673724908,45934
"(0.9335837499903572, 0.9736189431913116)",1,97.01307455485534,45935
"(0.8750583443290422, 0.9760133410378676)",1,97.01291348378636,45936
"(0.6591398510479036, 0.9783779637835908)",1,97.01285624747273,45937
"(0.3779476270528901, 0.9783745075281124)",1,97.01283709415154,45938
"(0.7138200339558575, 0.9749656593406592)",1,97.01281818597369,45939
"(0.4673343159733596, 0.9962497362353954)",1,97.01280870747952,45940
"(0.8887419165196944, 0.972045976510262)",2,97.0126713932909,45942
"(0.5839682329833044, 0.9950001562744178)",1,97.01260308077951,45943
"(0.5916573432219518, 0.9981012669018314)",1,97.01259426238612,45944
"(0.7885047499939597, 0.9764666952752286)",1,97.01251121461752,45945
"(0.8477163887996607, 0.9722222222222222)",1,97.01241235490556,45946
"(0.6809855026116619, 0.9749910873440284)",1,97.01236516304591,45947
"(0.7639004270430678, 0.9736482877330336)",1,97.01227659541496,45948
"(0.9494594905410846, 0.97502985598876)",1,97.01208180360292,45949
"(0.8491340807583629, 0.9861673414304992)",1,97.01200811703104,45950
"(0.480394460898479, 0.9837496698346908)",1,97.01197464623444,45951
"(0.5626274989800081, 0.9764666952752286)",1,97.0119017501845,45952
"(0.9082051469489508, 0.9736189431913116)",3,97.01186524865903,45955
"(0.8224713709935384, 0.9716190476190476)",1,97.01184434314308,45956
"(0.9450323339212228, 0.972045976510262)",1,97.0118155292597,45957
"(0.93795454842108, 0.9873891625615764)",1,97.01179596682827,45958
"(0.9603476243044132, 0.9712822597033124)",1,97.01175364620325,45959
"(0.9030369290573372, 0.971495851087688)",1,97.01173740139642,45960
"(0.888622291021672, 0.9749656593406592)",1,97.01172443979902,45961
"(0.4460735930735931, 0.9900003125488358)",1,97.0117045769924,45962
"(0.6281749655085914, 0.9987499746026686)",2,97.01162783228342,45964
"(0.8884797556713653, 0.9748802746905214)",1,97.01157557743748,45965
"(0.8027044799462303, 0.9756746761828256)",2,97.01149059407685,45967
"(0.944120583717358, 0.9834113430318364)",1,97.01139194674526,45968
"(0.8467135862913097, 0.9749656593406592)",1,97.01137853234782,45969
"(0.485018619948721, 0.9900003125488358)",1,97.011341945049,45970
"(0.9026337658413128, 0.9722222222222222)",1,97.01126797987486,45971
"(0.8603682325904547, 0.972045976510262)",1,97.01123457854273,45972
"(0.843730230395311, 0.9764666952752286)",2,97.01121943501416,45974
"(0.8829656107481818, 0.9736189431913116)",1,97.01120717681955,45975
"(0.4632547082040988, 0.9977249824697576)",1,97.01119825814288,45976
"(0.6415148305084746, 0.9749910873440284)",2,97.01109975935532,45978
"(0.5037771407498387, 0.9874994529574682)",1,97.01106010650548,45979
"(0.8631546198466533, 0.9764666952752286)",1,97.01092627235812,45980
"(0.6880636496410006, 0.9764666952752286)",1,97.01089414320369,45981
"(0.8318916467605246, 0.9753378293934332)",2,97.01088092451243,45983
"(0.9373666512059368, 0.9749910873440284)",2,97.01085982014892,45985
"(0.4921211569947243, 0.9975000781372088)",1,97.01085790065623,45986
"(0.9082051469489508, 0.9736189431913116)",3,97.01084247862164,45989
"(0.8056354979267693, 0.972045976510262)",1,97.01079691907148,45990
"(0.5066927083333332, 0.988750193395939)",2,97.01075952455722,45992
"(0.2869390650039579, 0.9911835359684772)",3,97.01067152947849,45995
"(0.8680947159565582, 0.9735486410250802)",1,97.01063370834402,45996
"(0.563035225158132, 1.0)",1,97.010561445874,45997
"(0.97934925289764, 0.9958292603453894)",1,97.01056100582204,45998
"(0.8158879904162925, 1.0)",1,97.01050573724356,45999
"(0.4790513120764785, 0.9987499746026686)",1,97.01041424575824,46000
"(0.7179548459289354, 0.9770269011697912)",1,97.01037317448602,46001
"(0.9392111404005912, 0.9751409401578528)",1,97.01029547525972,46002
"(0.8887419165196944, 0.972045976510262)",1,97.01022729073672,46003
"(0.8995772689779955, 0.9749656593406592)",1,97.0102129095762,46004
"(0.949977467563772, 0.9958292603453894)",1,97.01011420506522,46005
"(0.5496794449929138, 0.9981012669018314)",1,97.0100961325512,46006
"(0.8453177368288579, 0.9736189431913116)",1,97.0100111417454,46007
"(0.8995772689779955, 0.9749656593406592)",1,97.0100055381386,46008
"(0.5141118717493827, 0.9981012669018314)",1,97.00999676215145,46009
"(0.9162596992611264, 0.972045976510262)",1,97.00997109925724,46010
"(0.4673343159733596, 0.9962497362353954)",1,97.00997065837204,46011
"(0.4423707251851418, 0.9861310021084456)",1,97.0099616689785,46012
"(0.9134717985546716, 0.9760134176940602)",1,97.00994564572098,46013
"(0.712083517595137, 1.0)",1,97.00991864863607,46014
"(0.5049504801920769, 0.9975000781372088)",2,97.00991856203468,46016
"(0.6000823138988796, 0.9736485042834572)",1,97.00984149430808,46017
"(0.9643944553313464, 0.9764666952752286)",1,97.0096057054452,46018
"(0.8011433416753454, 0.9739864894555236)",1,97.00955898406568,46019
"(0.930124456440246, 0.972045976510262)",1,97.00955437280604,46020
"(0.5192461542064125, 0.9981012669018314)",1,97.00943576037866,46021
"(0.852, 0.9749910873440284)",1,97.00943232742505,46022
"(0.8887419165196944, 0.972045976510262)",1,97.00940762107074,46023
"(0.8751159006478155, 0.972045976510262)",1,97.00937069253956,46024
"(0.6604435625738927, 0.9767441860465116)",1,97.0093560309889,46025
"(0.763830245642582, 0.9773648571145208)",3,97.009337400337,46028
"(0.8596618357487924, 0.972045976510262)",2,97.00923131417126,46030
"(0.8160079573535582, 0.9746621187832528)",1,97.00921767785556,46031
"(0.900983347688774, 0.9861673414304992)",1,97.009166476077,46032
"(0.9450323339212228, 0.972045976510262)",1,97.00914429927003,46033
"(0.874047619047619, 0.972045976510262)",1,97.00912687240022,46034
"(0.6725024794709796, 0.9764666952752286)",1,97.00905191652458,46035
"(0.8592657752039796, 0.972045976510262)",2,97.00896127703332,46037
"(0.4667544811866356, 0.979389790942118)",1,97.00895115768738,46038
"(0.917283950617284, 0.972420634920635)",1,97.00894684343096,46039
"(0.8887419165196944, 0.972045976510262)",2,97.00891654762172,46041
"(0.9916585206907788, 0.9958292603453894)",1,97.00886726688364,46042
"(0.8229870141950848, 0.972281746031746)",1,97.00886081021312,46043
"(0.5274812314295818, 1.0)",3,97.00882229989692,46046
"(0.7545918011034292, 0.9767441860465116)",1,97.00880241733633,46047
"(0.590912874120593, 0.986245936653225)",1,97.0087479107683,46048
"(0.812418383596075, 0.9767441860465116)",1,97.00874270782012,46049
"(0.9160264866799612, 0.9722222222222222)",1,97.00873338367391,46050
"(0.9022759891180944, 0.972045976510262)",1,97.00867896916117,46051
"(0.7423856773080242, 0.9749656593406592)",1,97.00865076401138,46052
"(0.6149570953085021, 0.98999899959984)",1,97.00846217757028,46053
"(0.9505232430050672, 0.9750870495448254)",1,97.0083959396001,46054
"(0.8451478848040399, 0.972045976510262)",1,97.0083900970332,46055
"(0.8829656107481818, 0.9736189431913116)",3,97.0083814667298,46058
"(0.1751566951566951, 0.9870601047071634)",2,97.00836537064392,46060
"(0.8098502304147466, 0.9749910873440284)",1,97.00836090385243,46061
"(0.8592657752039796, 0.972045976510262)",1,97.00834928390944,46062
"(0.7725182451236846, 0.9764666952752286)",1,97.0082728927915,46063
"(0.8451478848040399, 0.972045976510262)",1,97.00821023956418,46064
"(0.7729742929217565, 0.9749998630381516)",1,97.0082044853831,46065
"(0.8311329582337986, 0.972045976510262)",1,97.00818120060138,46066
"(0.8596618357487924, 0.972045976510262)",1,97.00815434760196,46067
"(0.9756244289830628, 0.9958292603453894)",1,97.00814136310926,46068
"(0.8887419165196944, 0.972045976510262)",1,97.0081226770884,46069
"(0.7109688804604058, 0.972281746031746)",1,97.00811917134176,46070
"(0.8680947159565582, 0.9735486410250802)",1,97.0081183657643,46071
"(0.9791332681655264, 0.9958292603453894)",1,97.008092069631,46072
"(0.9225446428571428, 0.9749656593406592)",1,97.0080197536692,46073
"(0.8229870141950848, 0.972281746031746)",2,97.00799094897884,46075
"(0.4722366884143547, 0.99499949979992)",2,97.00797925727504,46077
"(0.8307565789473685, 0.9735486410250802)",1,97.00786852049264,46078
"(0.3317695658368551, 0.995822787184029)",1,97.00786375597168,46079
"(0.8581022152450725, 0.972045976510262)",1,97.00784011827224,46080
"(0.4770251883589129, 0.9780339881435722)",1,97.00783816896708,46081
"(0.843730230395311, 0.9764666952752286)",1,97.0078259284988,46082
"(0.8311329582337986, 0.972045976510262)",1,97.00781305705914,46083
"(0.4986472607029235, 0.9887504746694504)",1,97.0077792398214,46084
"(0.8274062797908469, 0.9735486410250802)",1,97.00771490001917,46085
"(0.8829656107481818, 0.9736189431913116)",1,97.00765014644578,46086
"(0.842200034135518, 0.9714285714285714)",1,97.00758463563491,46087
"(0.8701817267182292, 0.9736189431913116)",1,97.00751510345566,46088
"(0.8561103441223091, 0.972045976510262)",1,97.00746987491324,46089
"(0.8343125868233473, 0.9722222222222222)",1,97.00746443584472,46090
"(0.8719725743599862, 0.9736189431913116)",1,97.00746185929802,46091
"(0.8758315541941273, 0.9735486410250802)",3,97.00739023286802,46094
"(0.5539792194659304, 1.0)",3,97.0073664904761,46097
"(0.4879844209168711, 0.9783716624971414)",1,97.00733084527968,46098
"(0.8853240740740742, 0.972045976510262)",1,97.00723111578596,46099
"(0.9860411258716344, 0.972045976510262)",1,97.00720512031816,46100
"(0.8451478848040399, 0.972045976510262)",1,97.0071961828334,46101
"(0.4987711467817516, 0.9962501582231502)",1,97.0071050466714,46102
"(0.7856964763329513, 0.9722222222222222)",2,97.00709359842573,46104
"(0.6333118819585527, 0.9767441860465116)",1,97.00703939146128,46105
"(0.8547143556631046, 0.9736842105263158)",1,97.00701238125042,46106
"(0.59638347550428, 1.0)",1,97.00695484043176,46107
"(0.9335837499903572, 0.9736189431913116)",1,97.0068736077738,46108
"(0.9494594905410846, 0.9714285714285714)",1,97.00682548400556,46109
"(0.9645938855657314, 0.9716190476190476)",2,97.00680345334492,46111
"(0.9860411258716344, 0.972045976510262)",1,97.00677067342424,46112
"(0.240611928037625, 0.9927774481114972)",1,97.00669751169885,46113
"(0.3354976707716434, 0.9961927960732532)",1,97.0066114377505,46114
"(0.8218185392856778, 0.9861673414304992)",1,97.0065074143784,46115
"(0.8734313112361893, 0.9722222222222222)",1,97.00650462807889,46116
"(0.9392111404005912, 0.9751409401578528)",1,97.00650265784346,46117
"(0.8869412702469182, 0.972045976510262)",1,97.00645172348176,46118
"(0.9335837499903572, 0.9736189431913116)",2,97.0064307156153,46120
"(0.888945374800638, 0.9749656593406592)",1,97.00642584657705,46121
"(0.5459165183258022, 1.0)",1,97.00638402468634,46122
"(0.9308697752778572, 0.9712822597033124)",1,97.00638078787983,46123
"(0.5973423423423424, 0.9974998905914936)",1,97.00633405256048,46124
"(0.5643457045368262, 0.9919587439235272)",3,97.00619849748136,46127
"(0.9156086605607608, 0.9735486410250802)",1,97.0061256156666,46128
"(0.5303843494657449, 0.986249032863116)",2,97.0060706007143,46130
"(0.8879331046312178, 0.9749656593406592)",1,97.00607008363424,46131
"(0.9502288074111276, 0.9751409401578528)",1,97.00601063856404,46132
"(0.9156086605607608, 0.9735486410250802)",1,97.00598436172746,46133
"(0.6164277827081168, 0.9767441860465116)",1,97.00583109248684,46134
"(0.8148308968977662, 0.9861673414304992)",1,97.00580664793534,46135
"(0.71150412917389, 0.9938894536653996)",3,97.00571971247174,46138
"(0.8148308968977662, 0.9861673414304992)",1,97.00560823523692,46139
"(0.8011433416753454, 0.9736485042829958)",1,97.00560369454584,46140
"(0.8725285568772964, 0.972045976510262)",1,97.00557396143964,46141
"(0.7296277808577878, 0.9770268172641052)",1,97.00551860009485,46142
"(0.7306729085863257, 0.9927322731957676)",3,97.00549712325412,46145
"(0.8160079573535582, 0.9739862994361173)",1,97.00546158540972,46146
"(0.8315995778682346, 0.9722222222222222)",1,97.00544203925186,46147
"(0.785056584180393, 0.9770268172641052)",1,97.00524420735084,46148
"(0.9373666512059368, 0.9749910873440284)",1,97.005185079665,46149
"(0.9162596992611264, 0.972045976510262)",1,97.0051731998818,46150
"(0.8715701474388204, 0.972045976510262)",1,97.00513375696144,46151
"(0.5973694779116466, 0.99)",1,97.00512968776556,46152
"(0.9440529448756316, 0.972281746031746)",1,97.00512941188975,46153
"(0.8513842746400886, 0.9767441860465116)",1,97.00511594096372,46154
"(0.7304742252709461, 0.9764666952752286)",1,97.00505152665995,46155
"(0.9030683555945836, 0.9766890215720122)",1,97.005033646979,46156
"(0.3944271295930922, 0.9946588541666668)",3,97.00500480728184,46159
"(0.8561103441223091, 0.972045976510262)",2,97.00493985969092,46161
"(0.6707941587931741, 0.9783779637835908)",3,97.00487565623584,46164
"(0.975195619792394, 0.9958292603453894)",1,97.0047653273463,46165
"(0.8174207783595256, 0.9767441860465116)",1,97.00472847408857,46166
"(0.4901583010700104, 0.9790540349287944)",3,97.00468696906832,46169
"(0.9017715617715616, 0.9861673414304992)",2,97.0045650389158,46171
"(0.8791645439245395, 0.9735486410250802)",1,97.004559408647,46172
"(0.8871966240387292, 0.972420634920635)",1,97.00454270451944,46173
"(0.763830245642582, 0.9763513513513512)",2,97.00452719807126,46175
"(0.457084982252866, 0.995)",1,97.00437336280032,46176
"(0.8475002808673183, 0.972420634920635)",1,97.00436021424596,46177
"(0.960666032023912, 0.97502985598876)",1,97.00423116933416,46178
"(0.9309563801089225, 0.972281746031746)",1,97.00416278446856,46179
"(0.683178560611297, 0.9777022751543653)",1,97.0041604060717,46180
"(0.5147068703695182, 0.9924987337339528)",1,97.00413082708486,46181
"(0.5041116118411525, 0.9981012669018314)",1,97.00400626840424,46182
"(0.8916138279602192, 0.9749692931061258)",1,97.00397155673518,46183
"(0.8871082621082622, 0.972281746031746)",1,97.00390477473547,46184
"(0.9829909379735984, 0.9958292603453894)",1,97.0038630721898,46185
"(0.9309563801089225, 0.972281746031746)",1,97.00382868279782,46186
"(0.9300655321826798, 0.9790537671709704)",1,97.00381593682825,46187
"(0.9677353740627908, 0.9712822597033124)",1,97.0037966346456,46188
"(0.9791585206907788, 0.9958292603453894)",1,97.00379086383217,46189
"(0.8995772689779955, 0.9749656593406592)",1,97.00376743001584,46190
"(0.6404450973668964, 0.9812496190400276)",1,97.0036365578442,46191
"(0.9225446428571428, 0.9749656593406592)",1,97.00356141246984,46192
"(0.972420634920635, 0.9861673414304992)",1,97.00355688364556,46193
"(0.7856964763329513, 0.9722222222222222)",2,97.00349641482477,46195
"(0.9162596992611264, 0.972045976510262)",1,97.00349518781836,46196
"(0.9494594905410846, 0.9714285714285714)",1,97.00349122261623,46197
"(0.9450323339212228, 0.972045976510262)",1,97.0034496369421,46198
"(0.5004274455385378, 0.9975000781372088)",1,97.00342025974552,46199
"(0.8224713709935384, 0.9787142857142856)",1,97.0032029187786,46200
"(0.8404355452872972, 0.972045976510262)",1,97.00313204903506,46201
"(0.4804731351668838, 0.9875006250625062)",2,97.00307967779727,46203
"(0.5895873916995974, 0.9887488571200832)",1,97.00307484363002,46204
"(0.9459285785969274, 0.9716190476190476)",1,97.00305243042366,46205
"(0.926397848615755, 0.9736842105263158)",1,97.00304997665027,46206
"(0.8404355452872972, 0.972045976510262)",1,97.00304599804792,46207
"(0.7481666755361609, 0.9764666952752286)",1,97.00304158337444,46208
"(0.6164277827081168, 0.9767441860465116)",1,97.00300759694638,46209
"(0.4935497074925994, 0.9962497362353954)",1,97.00295817519094,46210
"(0.517228150797548, 0.9935244114260304)",1,97.00293160169618,46211
"(0.8467135862913097, 0.9749656593406592)",2,97.00291140488436,46213
"(0.4890731859530187, 0.9900005000500052)",1,97.00290998713758,46214
"(0.8384307029790694, 0.9783779637835908)",1,97.0028958830233,46215
"(0.8722751392320632, 0.9716214661509184)",2,97.00287330872342,46217
"(0.9140194694749032, 0.9735486410250802)",1,97.0028185518761,46218
"(0.9111482937118004, 0.9783779637835908)",3,97.00269104030372,46221
"(0.911577306111922, 0.9735486410250802)",3,97.00268212198988,46224
"(0.8490208544183524, 0.972281746031746)",1,97.00262742085094,46225
"(0.5943528693528694, 1.0)",3,97.00258065116732,46228
"(0.5321723486270682, 0.9787495682453646)",1,97.00256530359006,46229
"(0.8874191651969431, 0.9861673414304992)",1,97.00221242511874,46230
"(0.812418383596075, 0.9767441860465116)",1,97.00205754070755,46231
"(0.842200034135518, 0.9714285714285714)",1,97.00203979535614,46232
"(0.8880748880748881, 0.972281746031746)",1,97.0020275458724,46233
"(0.9164187516971112, 0.9748802746905214)",1,97.00201316604458,46234
"(0.8758315541941273, 0.9735486410250802)",3,97.00200298622988,46237
"(0.8191170968948748, 0.9735486410250802)",1,97.00198120336198,46238
"(0.6983464132286942, 0.976761412575366)",1,97.00194820700328,46239
"(0.9309563801089225, 0.972281746031746)",2,97.00194261838377,46241
"(0.9790693693461476, 0.9958292603453894)",1,97.00185227271882,46242
"(0.8605691443799373, 0.9736189431913116)",1,97.00177694160952,46243
"(0.8584175084175085, 0.972420634920635)",1,97.00176697627046,46244
"(0.775651722678174, 0.9764666952752286)",1,97.00175902512684,46245
"(0.7668537890977591, 0.9729729482952526)",1,97.0017150879878,46246
"(0.5113955160358922, 0.9938894536653996)",3,97.00155909673649,46249
"(0.8715701474388204, 0.972281746031746)",1,97.00153675989644,46250
"(0.4363355778830426, 0.9987499746026686)",1,97.00145827038892,46251
"(0.9028964862298196, 0.972420634920635)",1,97.00143717238696,46252
"(0.809910701215049, 0.972045976510262)",1,97.00142981231048,46253
"(0.7280701754385965, 0.9736842105263158)",1,97.00134836525145,46254
"(0.4403449749235543, 0.9992431829362568)",3,97.00133175689732,46257
"(0.4788541666666667, 0.9825008750218756)",1,97.00122999284268,46258
"(0.8777335856148074, 0.9736842105263158)",2,97.00119841350316,46260
"(0.9028964862298196, 0.972420634920635)",1,97.00118854699645,46261
"(0.6767580302172832, 0.972281746031746)",1,97.00118402746055,46262
"(0.5469648740045486, 0.9935041393887948)",3,97.00110913501112,46265
"(0.8003813092161745, 0.9832462877624168)",1,97.0010943984116,46266
"(0.9228120179844318, 0.9873891625615764)",1,97.00105861571464,46267
"(0.5040227752743499, 0.9900003125488358)",1,97.00101635171616,46268
"(0.8584175084175085, 0.972420634920635)",1,97.00087475480952,46269
"(0.9388917411828462, 0.9751409401578528)",1,97.00086213100808,46270
"(0.8090208511560183, 0.9790540349287944)",3,97.00080603272778,46273
"(0.5312756357670222, 0.9925)",1,97.00079394616483,46274
"(0.7308029243083128, 0.972281746031746)",1,97.00071953215188,46275
"(0.9230627959463646, 0.9714285714285714)",1,97.00069688945516,46276
"(0.9543883398911862, 0.9958292603453894)",2,97.0005518699308,46278
"(0.8660545355265853, 0.9749910873440284)",1,97.00049101863216,46279
"(0.8899966931216932, 0.9722222222222222)",1,97.0002799253783,46280
"(0.7864381427049374, 0.9753349579382644)",1,97.00027909642304,46281
"(0.846224760385985, 0.9770269011697912)",1,97.00023577313073,46282
"(0.8224316126353314, 0.972045976510262)",1,97.0000825077508,46283
"(0.544915263097564, 1.0)",1,97.0000545408767,46284
"(0.8705155862492784, 0.9756748760883316)",1,97.00005187487672,46285
"(0.9082051469489508, 0.9736189431913116)",1,96.99997546947674,46286
"(0.8229870141950848, 0.972281746031746)",1,96.99995538901626,46287
"(0.8221871747362275, 0.976013472448221)",1,96.99984853404968,46288
"(0.697096111304504, 0.9736842105263158)",3,96.99982032601832,46291
"(0.4776542240827955, 1.0)",1,96.99978571831954,46292
"(0.6496381380870513, 0.9770268172641052)",1,96.99969857460763,46293
"(0.8417410714285716, 0.9749656593406592)",1,96.99961991129535,46294
"(0.4847252958987063, 0.9874968730456536)",1,96.99960706186904,46295
"(0.8933617810760668, 0.9714285714285714)",1,96.99953069737356,46296
"(0.485879976270526, 0.995440718043182)",1,96.99931990618272,46297
"(0.960666032023912, 0.9714285714285714)",1,96.9992022501777,46298
"(0.4685034316109736, 0.9831047521935276)",2,96.99919192898705,46300
"(0.8208353559736048, 0.9722222222222222)",2,96.9991762996616,46302
"(0.8504382366909891, 0.9735486410250802)",1,96.99915883957868,46303
"(0.8221762134805614, 0.972045976510262)",1,96.99914358147215,46304
"(0.7665484369555701, 0.9764666952752286)",1,96.99911239896656,46305
"(0.5959779257772208, 0.9888476816656392)",3,96.99908346543936,46308
"(0.8680947159565582, 0.9735486410250802)",3,96.9990600820082,46311
"(0.559869109332481, 0.9874974989996)",1,96.9990006459386,46312
"(0.3944271295930922, 0.9961927960732532)",3,96.9989454273648,46315
"(0.5069956513518623, 0.9767441860465116)",1,96.99885412067326,46316
"(0.911577306111922, 0.9735486410250802)",1,96.99879370799546,46317
"(0.5099356838822183, 0.9899992498312122)",1,96.99875639050988,46318
"(0.8868677229932935, 0.9736842105263158)",1,96.99863093771832,46319
"(0.7851227464298004, 0.9736482877312208)",2,96.9985062759336,46321
"(0.1884619155493628, 1.0)",1,96.99843436215482,46322
"(0.8715701474388204, 0.972281746031746)",1,96.99826821301158,46323
"(0.5141118717493827, 0.9892380680602126)",3,96.99818613418849,46326
"(0.9122507070492478, 0.9749656593406592)",1,96.9980254763585,46327
"(0.8288092915955513, 0.9773648571145208)",1,96.99799364233262,46328
"(0.812418383596075, 0.9767441860465116)",1,96.99794259732262,46329
"(0.9450323339212228, 0.972045976510262)",1,96.99787911236275,46330
"(0.3823454664699131, 1.0)",1,96.99778907710032,46331
"(0.7675031231329097, 0.9736189431913116)",1,96.99774498050375,46332
"(0.779286067193676, 0.9749910873440284)",2,96.99765563109864,46334
"(0.7186738340996477, 0.9773648571145208)",1,96.99763037307898,46335
"(0.4925285484808521, 0.9974998905914936)",1,96.99754508073303,46336
"(0.9643944553313464, 0.9764666952752286)",1,96.99753346550132,46337
"(0.5699800109079549, 0.9912488373656227)",1,96.99747557927512,46338
"(0.5685296942699924, 0.9841202349151364)",1,96.99741312794887,46339
"(0.7620265151515151, 0.9749656593406592)",1,96.99738036657428,46340
"(0.8829656107481818, 0.9736189431913116)",1,96.99735530657529,46341
"(0.746671365914787, 0.9824561403508772)",1,96.99729065935172,46342
"(0.5905974183326343, 0.9812419964381708)",1,96.99726311602043,46343
"(0.685541383296858, 0.9739864775793748)",2,96.99722823563472,46345
"(0.8459744503862151, 0.972045976510262)",1,96.99706789056306,46346
"(0.4685034316109736, 0.981754157391772)",1,96.99701082950972,46347
"(0.4851912943871705, 0.9900003125488358)",1,96.99687204597522,46348
"(0.8868677229932935, 0.9736842105263158)",1,96.99685703748692,46349
"(0.8311329582337986, 0.972045976510262)",2,96.99681215481384,46351
"(0.8589064384650125, 0.9748802746905214)",1,96.9967928011297,46352
"(0.9161952650324744, 0.9833229101521784)",1,96.99674007810384,46353
"(0.8604306971015356, 0.9861673414304992)",3,96.99673639079882,46356
"(0.9873891625615764, 1.0)",1,96.99672777809678,46357
"(0.9603476243044132, 0.9714285714285714)",1,96.99670826972816,46358
"(0.7803195571784078, 0.9736842105263158)",2,96.99670120475758,46360
"(0.9022759891180944, 0.972045976510262)",1,96.9966750324523,46361
"(0.2632996632996633, 0.9870601047071634)",1,96.9966708462028,46362
"(0.846098299557419, 0.972420634920635)",1,96.99659783208014,46363
"(0.9535144014828052, 0.9715593185206444)",1,96.99638721610846,46364
"(0.9309821833269412, 0.988167361639188)",1,96.9963763315646,46365
"(0.8191170968948748, 0.9735486410250802)",1,96.99633693121464,46366
"(0.9253777472527472, 0.9749656593406592)",1,96.9963367144248,46367
"(0.925438675470188, 0.9749656593406592)",1,96.99611998923632,46368
"(0.8124923632552741, 0.972420634920635)",1,96.99606095771742,46369
"(0.6417826357070746, 0.988750193395939)",1,96.99605348341836,46370
"(0.4996495707241371, 0.9887476607899144)",1,96.99588356071308,46371
"(0.9049688873143666, 0.9736189431913116)",1,96.99581151019704,46372
"(0.8318290279074593, 0.972045976510262)",1,96.99579352812776,46373
"(0.874047619047619, 0.972045976510262)",1,96.9957887780923,46374
"(0.8334750774705025, 0.9767441860465116)",1,96.99576591134225,46375
"(0.9528533742496432, 0.97502985598876)",1,96.9957403392932,46376
"(0.874047619047619, 0.972045976510262)",5,96.9956955292572,46381
"(0.5240189293380408, 0.9992431829362568)",1,96.9956626772276,46382
"(0.7823116219667945, 0.972420634920635)",1,96.99562402140369,46383
"(0.8777008472715792, 0.9790540349287944)",3,96.99559838260284,46386
"(0.8596618357487924, 0.972045976510262)",1,96.99558546246168,46387
"(0.402589364275477, 0.9981012669018314)",1,96.99557422087268,46388
"(0.9225446428571428, 0.9749656593406592)",1,96.99556504222411,46389
"(0.874047619047619, 0.972045976510262)",1,96.99554213018996,46390
"(0.4967706652322037, 0.988750193395939)",1,96.9954740702475,46391
"(0.4956908031836671, 0.9756743428359868)",1,96.99518676860262,46392
"(0.8887419165196944, 0.972045976510262)",1,96.99511665857204,46393
"(0.5082177015724898, 0.9974998905914936)",1,96.9950184902469,46394
"(0.9335837499903572, 0.9736189431913116)",1,96.99498019908258,46395
"(0.8193419055822156, 0.9861673414304992)",1,96.99490120516788,46396
"(0.8229870141950848, 0.972281746031746)",1,96.994890186576,46397
"(0.9162596992611264, 0.972045976510262)",2,96.99486123187828,46399
"(0.6910881126324849, 0.9764666952752286)",1,96.99482101580142,46400
"(0.8725285568772964, 0.972045976510262)",1,96.99478910204176,46401
"(0.8596618357487924, 0.972045976510262)",1,96.99471429139464,46402
"(0.8229870141950848, 0.972281746031746)",1,96.994704196764,46403
"(0.8459744503862151, 0.972045976510262)",1,96.9946940469969,46404
"(0.8813457860512559, 0.9748802746905214)",1,96.99466279436474,46405
"(0.8229870141950848, 0.972281746031746)",3,96.99461375826527,46408
"(0.812418383596075, 0.9767441860465116)",2,96.99460121492945,46410
"(0.8451478848040399, 0.972045976510262)",1,96.99459300951828,46411
"(0.8224713709935384, 0.9751409401578528)",2,96.99456545015111,46413
"(0.8311329582337986, 0.972045976510262)",1,96.99453954066524,46414
"(0.9680383516315252, 0.9749052909377262)",1,96.99449292058,46415
"(0.7453765521802005, 0.9770268172641052)",3,96.9944795931165,46418
"(0.930124456440246, 0.972045976510262)",1,96.99439848348436,46419
"(0.9212328545548654, 0.9786694888904832)",1,96.99432562929412,46420
"(0.8148308968977662, 0.972281746031746)",2,96.99430173924654,46422
"(0.8581022152450725, 0.972045976510262)",1,96.99424525025618,46423
"(0.8592657752039796, 0.972045976510262)",1,96.99415229544364,46424
"(0.8592657752039796, 0.972045976510262)",2,96.99412956323997,46426
"(0.4369316957552253, 0.9872890642121412)",1,96.99404339801228,46427
"(0.4338421858976735, 0.9962499238080056)",1,96.994036095367,46428
"(0.8451478848040399, 0.972045976510262)",1,96.99402707435031,46429
"(0.7084717607973421, 0.9764666952752286)",1,96.99399360763188,46430
"(0.8770575330421131, 0.974999931519232)",1,96.9939786504696,46431
"(0.8098502304147466, 0.9749910873440284)",1,96.9938704788243,46432
"(0.8596618357487924, 0.9721762578905436)",2,96.99386624045007,46434
"(0.8715701474388204, 0.972045976510262)",1,96.99383224212475,46435
"(0.9535144014828052, 0.9751409401578528)",1,96.99376495926028,46436
"(0.8307565789473685, 0.9735486410250802)",1,96.99376413239403,46437
"(0.6414869944621582, 0.9962499238080056)",1,96.99370962603837,46438
"(0.8715701474388204, 0.972045976510262)",1,96.99368700038752,46439
"(0.9156086605607608, 0.9735486410250802)",1,96.99367194667764,46440
"(0.4950094692826471, 0.9850003750093752)",1,96.99361766754546,46441
"(0.8996408045977011, 0.9749910873440284)",1,96.99361349896188,46442
"(0.6020449077786688, 0.9764666952752286)",1,96.99346903787767,46443
"(0.7942038054814895, 0.9861673414304992)",1,96.99341999463968,46444
"(0.531676585713205, 0.9749983218863916)",1,96.9934041229108,46445
"(0.4514795008912656, 0.9987499746026686)",1,96.9934032648892,46446
"(0.9210526315789472, 0.9736189431913116)",1,96.99338210783635,46447
"(0.9022759891180944, 0.972045976510262)",1,96.9932865006598,46448
"(0.9535144014828052, 0.9751409401578528)",1,96.9932367495337,46449
"(0.6707941587931741, 0.9773633792764796)",1,96.9932126012876,46450
"(0.507482960719107, 0.9975)",1,96.99313106589284,46451
"(0.4127533358159737, 0.977021497411104)",1,96.99306775493172,46452
"(0.9707095350359108, 0.9958292603453894)",1,96.99304555354264,46453
"(0.7447170736590969, 0.9736842105263158)",3,96.9930116648239,46456
"(0.492807005588115, 0.9950001562744178)",1,96.992973089676,46457
"(0.7124941087515932, 0.9777026823435832)",1,96.9928711066504,46458
"(0.888425800230205, 0.9756753425211272)",2,96.99277905831144,46460
"(0.620130835563485, 0.991206314397104)",1,96.99275473841055,46461
"(0.8191170968948748, 0.9735486410250802)",1,96.99275094520893,46462
"(0.7280701754385965, 0.9736842105263158)",2,96.9926482523962,46464
"(0.8758315541941273, 0.9735486410250802)",1,96.99256902792148,46465
"(0.7946380416968652, 0.9958292603453894)",1,96.99248601111591,46466
"(0.9876066164491212, 0.9958292603453894)",1,96.99245172458949,46467
"(0.57448235722491, 0.986245936653225)",2,96.99244380080928,46469
"(0.617608039964183, 0.9837502793496896)",1,96.99232780856194,46470
"(0.4897415065188988, 0.9984817852901372)",1,96.99228559928603,46471
"(0.4879844209168711, 0.9827699457566198)",3,96.99219754476186,46474
"(0.7296277808577878, 0.9766890215720122)",1,96.99218465368628,46475
"(0.8148308968977662, 0.9861673414304992)",1,96.99212771476488,46476
"(0.8975764647467728, 0.9749656593406592)",1,96.99208421197716,46477
"(0.5430535357401028, 0.9837483491734536)",1,96.9919919833106,46478
"(0.517228150797548, 0.9988642062668746)",1,96.99189009328312,46479
"(0.6809855026116619, 0.9749910873440284)",1,96.99188387826938,46480
"(0.8734313112361893, 0.972045976510262)",1,96.99186981515544,46481
"(0.7103786816269286, 0.9736842105263158)",1,96.9918087358822,46482
"(0.4879844209168711, 0.9837828952239912)",1,96.99180442374242,46483
"(0.3929204539802519, 0.9969573675011548)",1,96.99178609440548,46484
"(0.8561103441223091, 0.972045976510262)",2,96.99178304438746,46486
"(0.983305541180304, 0.9958292603453894)",1,96.9917650093106,46487
"(0.8475002808673183, 0.972420634920635)",1,96.99172145143169,46488
"(0.947035873779261, 0.9751409401578528)",1,96.99168180795236,46489
"(0.8148308968977662, 0.9861673414304992)",1,96.99166311602866,46490
"(0.7030725566042162, 0.9764666952752286)",1,96.99147266346976,46491
"(0.4794373036867545, 0.9827699457566198)",1,96.99142731137904,46492
"(0.4806879036961406, 0.9899983116452704)",1,96.99141065287412,46493
"(0.8224631915554647, 0.9764666952752286)",1,96.99132540471248,46494
"(0.9049688873143666, 0.9736189431913116)",1,96.9913156308957,46495
"(0.8561103441223091, 0.972045976510262)",1,96.991277561952,46496
"(0.7187807755293061, 0.9733108016723456)",1,96.9912726128103,46497
"(0.564922563324656, 0.9981012669018314)",1,96.99125713542097,46498
"(0.9162596992611264, 0.972420634920635)",1,96.99121114176393,46499
"(0.8760238095238095, 0.9958292603453894)",1,96.99102898545824,46500
"(0.7348436174331348, 0.972281746031746)",3,96.99102697919804,46503
"(0.6809855026116619, 0.9749910873440284)",1,96.99102582058278,46504
"(0.8876903814630851, 0.972045976510262)",1,96.99097545981942,46505
"(0.4740308729851539, 0.9849969987995196)",1,96.99091889253364,46506
"(0.8311329582337986, 0.972045976510262)",2,96.99088734599565,46508
"(0.8475002808673183, 0.972420634920635)",1,96.9908767473108,46509
"(0.5536430525672695, 0.9764666952752286)",1,96.99083071013398,46510
"(0.4890731859530187, 0.9912503691873502)",1,96.99080596533156,46511
"(0.8758315541941273, 0.9735486410250802)",1,96.99066743709028,46512
"(0.9017715617715616, 0.9861673414304992)",2,96.99065022824848,46514
"(0.9833040078201368, 0.9958292603453894)",1,96.99054166849535,46515
"(0.6415148305084746, 0.9749910873440284)",1,96.99052672704308,46516
"(0.8880748880748881, 0.972281746031746)",1,96.99051594788445,46517
"(0.9674564520532262, 0.9958292603453894)",2,96.99048767021226,46519
"(0.596010533010056, 0.986245936653225)",3,96.99043915439638,46522
"(0.8090204369274137, 0.9764666952752286)",1,96.99032645407462,46523
"(0.5103469782909699, 0.9899983116452704)",1,96.9903151677677,46524
"(0.8948142000428356, 0.9749656593406592)",1,96.99025468656528,46525
"(0.702867567752065, 0.9992416608232524)",1,96.99015388969131,46526
"(0.9388917411828462, 0.9716190476190476)",1,96.99015155312316,46527
"(0.7833537331701346, 0.9764666952752286)",1,96.99005430650372,46528
"(0.9749088814411396, 1.0)",1,96.99003189803209,46529
"(0.9494594905410846, 0.9714285714285714)",1,96.98996328778316,46530
"(0.57448235722491, 0.986245936653225)",1,96.9899437112414,46531
"(0.8948142000428356, 0.9749656593406592)",1,96.98992015681068,46532
"(0.8455704732698088, 0.972281746031746)",1,96.98981625169844,46533
"(0.7992282793924381, 0.9764666952752286)",1,96.98970192136716,46534
"(0.775651722678174, 0.9764666952752286)",1,96.98968678518295,46535
"(0.8404355452872972, 0.972045976510262)",1,96.9896793534464,46536
"(0.9302688539530646, 0.9735486410250802)",1,96.98962604498588,46537
"(0.9640038239043044, 0.9714285714285714)",1,96.9895139670229,46538
"(0.8874679030103783, 0.9733106189019902)",1,96.98949428901602,46539
"(0.874450386215092, 0.972281746031746)",1,96.98941578080388,46540
"(0.4585384595277654, 0.9912488373656227)",1,96.9894084722542,46541
"(0.8871082621082622, 0.972281746031746)",1,96.98936334967594,46542
"(0.9665633291439744, 0.9958292603453894)",1,96.9892880403895,46543
"(0.5539162487178357, 0.98499849939976)",1,96.98924947960082,46544
"(0.9450323339212228, 0.972045976510262)",1,96.9891723523124,46545
"(0.5596227234238088, 0.9876734993299412)",1,96.98912835319798,46546
"(0.4896359390280644, 0.9974998905914936)",1,96.98910438929404,46547
"(0.8340166019865393, 0.9749910873440284)",1,96.98905047241388,46548
"(0.8306479779411763, 0.9749910873440284)",2,96.98896552463872,46550
"(0.9831777451938742, 0.9958292603453894)",1,96.9889046529746,46551
"(0.4168399821364511, 0.9924987337339528)",1,96.98881275182512,46552
"(0.567976261839108, 0.9874990622890152)",1,96.98879763086678,46553
"(0.5356100633781995, 0.9764666952752286)",1,96.98877924227614,46554
"(0.5695633155937887, 0.9764666952752286)",1,96.98877638581962,46555
"(0.7709171448706333, 0.9764666952752286)",1,96.9887365418933,46556
"(0.6746811878062335, 0.9777026823435832)",1,96.98871215698196,46557
"(0.4673343159733596, 0.9962497362353954)",1,96.98862871554108,46558
"(0.4986472607029235, 0.9875003906860448)",1,96.98861696739068,46559
"(0.8404355452872972, 0.972045976510262)",1,96.98859557094268,46560
"(0.9574285714285714, 0.9715593185206444)",1,96.98846530445375,46561
"(0.9748076591340348, 1.0)",1,96.98846346499448,46562
"(0.8221762134805614, 0.972045976510262)",1,96.98837793729476,46563
"(0.7837606837606838, 0.9722222222222222)",1,96.98836921619952,46564
"(0.838301471154743, 0.972045976510262)",2,96.98829210173996,46566
"(0.9288982963016116, 0.9680383516315252)",2,96.98826683613564,46568
"(0.8417410714285716, 0.9749656593406592)",1,96.98817380835928,46569
"(0.9085605849871624, 0.9736189431913116)",1,96.98815806140172,46570
"(0.4948385939474455, 0.9770260305002836)",1,96.98809913960072,46571
"(0.8112275321577646, 0.9764666952752286)",1,96.98806237338154,46572
"(0.8715701474388204, 0.972281746031746)",1,96.9879711703155,46573
"(0.8880748880748881, 0.972281746031746)",1,96.98796074765866,46574
"(0.6260123507862112, 0.9764666952752286)",1,96.98794232066447,46575
"(0.9019709919709918, 0.972281746031746)",1,96.98792725706268,46576
"(0.874450386215092, 0.972281746031746)",2,96.98778358697344,46578
"(0.9427148033126296, 0.9751409401578528)",1,96.98778032279316,46579
"(0.6767580302172832, 0.972281746031746)",1,96.98772639581895,46580
"(0.4436235877652245, 0.984995779113176)",1,96.9876110470786,46581
"(0.5951711142105386, 0.9992416608232524)",1,96.98759880782264,46582
"(0.9429917021753756, 0.9749052909377262)",3,96.9875656954938,46585
"(0.865587044534413, 0.9736842105263158)",1,96.98709948746652,46586
"(0.9019709919709918, 0.972281746031746)",1,96.98699326344112,46587
"(0.9791585206907788, 0.9958292603453894)",1,96.98698473225804,46588
"(0.859680733364944, 0.972281746031746)",1,96.98697116599884,46589
"(0.7756320245634175, 0.9729729482952526)",1,96.98696895552052,46590
"(0.864057359093178, 0.9736481433612512)",2,96.9869055144212,46592
"(0.9206165335472736, 0.9958292603453894)",1,96.98684975816629,46593
"(0.7955393345846944, 0.972045976510262)",1,96.98662346677266,46594
"(0.8148308968977662, 0.972281746031746)",1,96.98660690062852,46595
"(0.9436368312757202, 0.972281746031746)",1,96.98656035224462,46596
"(0.9645238095238096, 0.9712822597033124)",1,96.98645684596929,46597
"(0.838301471154743, 0.972045976510262)",1,96.9863357029856,46598
"(0.9134717985546716, 0.9716215957100152)",1,96.9862540324478,46599
"(0.8148308968977662, 0.972281746031746)",2,96.98624392831066,46601
"(0.8224713709935384, 0.9751409401578528)",1,96.9861560863002,46602
"(0.4837588747247526, 0.99499949979992)",1,96.98615381722696,46603
"(0.7323163951070927, 0.9764666952752286)",1,96.98613952046298,46604
"(0.7803195571784078, 0.9736842105263158)",1,96.9861086221822,46605
"(0.7423856773080242, 0.9749656593406592)",1,96.9860870735616,46606
"(0.9531381014506703, 0.9749052909377262)",1,96.98599228038468,46607
"(0.7461621541348561, 0.9736189431913116)",1,96.98590153749431,46608
"(0.8221762134805614, 0.972045976510262)",1,96.98588621549784,46609
"(0.6000823138988796, 0.9766891492805928)",1,96.98587893333593,46610
"(0.5082177015724898, 0.9975)",1,96.98580967182372,46611
"(0.5141491228070175, 0.9912493845492556)",1,96.98574566701431,46612
"(0.4042348186801185, 0.9766868127050188)",1,96.98548157974928,46613
"(0.2104254576695934, 1.0)",1,96.98545998842324,46614
"(0.5778206440811193, 0.9923934187528864)",1,96.98527109223208,46615
"(0.8975764647467728, 0.9749656593406592)",1,96.984978640687,46616
"(0.4584512045970383, 0.97769521654307)",1,96.9849689220588,46617
"(0.9746854694957162, 1.0)",1,96.98492363869175,46618
"(0.4768807437940118, 0.9733103752022836)",1,96.98492161694162,46619
"(0.502001702724359, 0.9975000781372088)",2,96.98488368023284,46621
"(0.6543756204625482, 0.9912498222186796)",1,96.98487457616145,46622
"(0.8891825109620656, 0.9753375591686708)",2,96.98484355610488,46624
"(0.544915263097564, 0.9988653407824049)",1,96.98483008877932,46625
"(0.8768488063660478, 0.9749656593406592)",1,96.9848228776621,46626
"(0.9677353740627908, 0.9678176625650188)",1,96.98478777835328,46627
"(0.7665484369555701, 0.9764666952752286)",1,96.98462738529616,46628
"(0.6397933055933888, 0.9962497362353954)",1,96.98454468557446,46629
"(0.863869697334692, 0.9735486410250802)",1,96.98452256556024,46630
"(0.8610715260301386, 0.9764666952752286)",1,96.9844787131772,46631
"(0.8592657752039796, 0.972045976510262)",1,96.98444179863309,46632
"(0.3942192041290018, 0.9900003125488358)",1,96.98440970745106,46633
"(0.6326954876802936, 0.9861673414304992)",1,96.98437140652258,46634
"(0.8078761490082246, 0.9738603988603988)",3,96.98435519808292,46637
"(0.7453765521802005, 0.9770268172641052)",3,96.98427597160948,46640
"(0.6011771227337942, 0.9981012669018314)",1,96.98426807688948,46641
"(0.8869412702469182, 0.972045976510262)",1,96.98418490545,46642
"(0.7155865061590146, 0.972281746031746)",1,96.98416916376928,46643
"(0.926316819384534, 0.9714285714285714)",3,96.9841675547479,46646
"(0.8011433416753454, 0.9760134176940602)",1,96.98412292740224,46647
"(0.5493055535199869, 0.9912493845492556)",1,96.98408851500822,46648
"(0.5626274989800081, 0.9764666952752286)",1,96.98408350454356,46649
"(0.8221762134805614, 0.972045976510262)",1,96.98403850952506,46650
"(0.5081592004685413, 0.9938894536653996)",3,96.98396193670531,46653
"(0.9609357631051972, 0.9751409401578528)",1,96.9838265667322,46654
"(0.5356100633781995, 0.9764666952752286)",1,96.98362126008855,46655
"(0.9162596992611264, 0.972045976510262)",1,96.98357316750376,46656
"(0.7103786816269286, 0.9736842105263158)",1,96.98350511230576,46657
"(0.8224713709935384, 0.9716190476190476)",1,96.98350198809808,46658
"(0.8592657752039796, 0.972045976510262)",1,96.98342989988446,46659
"(0.4746453255640638, 0.9824292873665916)",2,96.9832754296099,46661
"(0.9335837499903572, 0.9736189431913116)",1,96.9832373042986,46662
"(0.8311329582337986, 0.972045976510262)",1,96.9832365105748,46663
"(0.7453765521802005, 0.9770268172641052)",1,96.98317305379334,46664
"(0.8715701474388204, 0.972281746031746)",1,96.98313967294072,46665
"(0.9022759891180944, 0.972045976510262)",1,96.9830960810929,46666
"(0.9299160159815896, 0.9722222222222222)",1,96.98301874297096,46667
"(0.9609357631051972, 0.9715593185206444)",1,96.98301661284894,46668
"(0.2214590876870318, 1.0)",3,96.98301373409724,46671
"(0.9224996008939976, 0.9749910873440284)",1,96.98283151652674,46672
"(0.9916585206907788, 0.9958292603453894)",1,96.98281336663035,46673
"(0.4921512824029625, 0.9912488373656227)",1,96.98280575435308,46674
"(0.8686559598432304, 0.9764666952752286)",2,96.9828009096399,46676
"(0.8130477958637364, 0.9736842105263158)",1,96.9827942404624,46677
"(0.6444891298012474, 0.972281746031746)",2,96.98278995665456,46679
"(0.8193419055822156, 0.972045976510262)",1,96.9826985827858,46680
"(0.5261709490066349, 1.0)",3,96.98263666609202,46683
"(0.6933160650937552, 0.9764666952752286)",1,96.98263523004978,46684
"(0.9348222545262322, 0.9716190476190476)",3,96.98251867841172,46687
"(0.5040227752743499, 0.9900003125488358)",1,96.9824029965694,46688
"(0.911577306111922, 0.9735486410250802)",1,96.98225648917136,46689
"(0.4726175748649976, 0.9887481536477668)",1,96.98213357887226,46690
"(0.8596618357487924, 0.972045976510262)",1,96.98208888136526,46691
"(0.4585755850187953, 0.9962497362353954)",1,96.98208228701566,46692
"(0.930124456440246, 0.972045976510262)",1,96.98205322828848,46693
"(0.8417410714285716, 0.9749656593406592)",1,96.98195723971293,46694
"(0.8596618357487924, 0.972045976510262)",1,96.98194727718686,46695
"(0.7602379596828609, 0.9749910873440284)",1,96.98183930503824,46696
"(0.8311329582337986, 0.972045976510262)",1,96.98182819271,46697
"(0.8459744503862151, 0.972045976510262)",1,96.98181813654644,46698
"(0.8459744503862151, 0.972045976510262)",1,96.98181652644756,46699
"(0.9299160159815896, 0.9722222222222222)",1,96.98177174626112,46700
"(0.5053302894007542, 0.9987499746026686)",3,96.98174964611316,46703
"(0.8451478848040399, 0.972045976510262)",1,96.98169831510424,46704
"(0.4790513120764785, 0.9975)",1,96.9815989582953,46705
"(0.8459744503862151, 0.972045976510262)",1,96.98156442752284,46706
"(0.6020449077786688, 0.9764666952752286)",1,96.98153267414166,46707
"(0.8087623896023756, 0.9764666952752286)",1,96.98152346579108,46708
"(0.911234030893585, 0.97502985598876)",1,96.98151376558764,46709
"(0.5028268474667493, 0.9900005000500052)",1,96.98151239613058,46710
"(0.8887419165196944, 0.972045976510262)",1,96.9814781221528,46711
"(0.8581022152450725, 0.972045976510262)",1,96.9814487865002,46712
"(0.9022759891180944, 0.972045976510262)",1,96.98135307505648,46713
"(0.9147108205622834, 0.9735486410250802)",1,96.98134151865112,46714
"(0.8592657752039796, 0.972045976510262)",1,96.9812673099246,46715
"(0.8581022152450725, 0.972045976510262)",1,96.98121737299672,46716
"(0.6085487618529295, 0.9767441860465116)",1,96.98120051312686,46717
"(0.9645938855657314, 0.9751409401578528)",1,96.98115965400244,46718
"(0.5626274989800081, 0.9764666952752286)",1,96.98108193767114,46719
"(0.9085605849871624, 0.9736189431913116)",1,96.98094143735914,46720
"(0.8877576671694318, 0.972045976510262)",1,96.98090101642472,46721
"(0.7453765521802005, 0.9770268172641052)",1,96.98080837048458,46722
"(0.9429917021753756, 0.9749052909377262)",1,96.98071748351948,46723
"(0.9348222545262322, 0.9716190476190476)",2,96.9806739260519,46725
"(0.7547619047619047, 0.972281746031746)",1,96.98062109671665,46726
"(0.5139020215681815, 0.9767441860465116)",1,96.98060731861452,46727
"(0.9833211143695014, 1.0)",1,96.9805839762274,46728
"(1.0, 0.9958292603453894)",1,96.98057020318666,46729
"(0.7401844059863599, 0.972420634920635)",1,96.98055100342576,46730
"(0.7289193040024178, 0.9736842105263158)",2,96.98045621858851,46732
"(0.7393955720057585, 0.9753375591686708)",1,96.98038668407143,46733
"(0.4553345256344744, 0.9987499746026686)",1,96.98038624445164,46734
"(0.9064143587480232, 0.9735486410250802)",1,96.98037429064452,46735
"(0.6429276433769509, 0.9875003906860448)",1,96.98036901078288,46736
"(0.8311329582337986, 0.972045976510262)",2,96.98034922221954,46738
"(0.8558852999963277, 0.9764666952752286)",1,96.98029180848336,46739
"(0.8952438710847427, 0.974323831995936)",1,96.9802833700268,46740
"(0.4755355605353038, 0.9888476816656392)",1,96.98023051943886,46741
"(0.8467135862913097, 0.9749656593406592)",1,96.9800648296187,46742
"(0.41505979606205, 0.976005150554588)",1,96.98004160194256,46743
"(0.8701817267182292, 0.9736189431913116)",1,96.97996628345008,46744
"(0.8417410714285716, 0.9749656593406592)",1,96.97992953305904,46745
"(0.8581022152450725, 0.972045976510262)",1,96.97992800672374,46746
"(0.947035873779261, 0.9751409401578528)",1,96.97987179376707,46747
"(0.9022759891180944, 0.972045976510262)",2,96.9798431710989,46749
"(0.5049009603841538, 0.982500328143458)",1,96.97982411289532,46750
"(0.8996664258511047, 0.9736189431913116)",1,96.97982157768624,46751
"(0.1751566951566951, 0.9870601047071634)",1,96.97974069935816,46752
"(0.7885047499939597, 0.9764666952752286)",1,96.97968496865433,46753
"(0.9302688539530646, 0.9735486410250802)",2,96.97960958575524,46755
"(0.872151605428666, 0.9749656593406592)",1,96.97957525230288,46756
"(0.7232509195619923, 0.9736486245878384)",1,96.97954298653148,46757
"(0.6809855026116619, 0.9749910873440284)",1,96.97952022440305,46758
"(0.9162596992611264, 0.972045976510262)",1,96.979510862646,46759
"(0.8680947159565582, 0.9735486410250802)",1,96.9794573908166,46760
"(0.9459285785969274, 0.9751409401578528)",1,96.9794194084107,46761
"(0.9748076591340348, 1.0)",1,96.97935314942104,46762
"(0.7677237478025478, 0.9756756090455873)",1,96.9793129709844,46763
"(0.9572437766315318, 0.9751409401578528)",1,96.9793045176495,46764
"(0.8432786157941438, 0.972045976510262)",1,96.97924694468986,46765
"(0.6415148305084746, 0.9749910873440284)",1,96.97922853953624,46766
"(0.8451478848040399, 0.972045976510262)",1,96.9792212951124,46767
"(0.874047619047619, 0.972045976510262)",1,96.97898748710436,46768
"(0.6415148305084746, 0.9749910873440284)",1,96.9789366200501,46769
"(0.8581022152450725, 0.972045976510262)",1,96.9787147658409,46770
"(0.6798831586782259, 0.9767441860465116)",1,96.97862528680078,46771
"(0.8311329582337986, 0.972045976510262)",1,96.97851641696413,46772
"(0.7109688804604058, 0.972281746031746)",1,96.97845665364817,46773
"(0.94484126984127, 0.9861673414304992)",1,96.97842592667524,46774
"(0.4363355778830426, 0.9987499746026686)",2,96.9783505164723,46776
"(0.9603476243044132, 0.9749052909377262)",1,96.97834033441968,46777
"(0.6415148305084746, 0.9749910873440284)",1,96.97833930390574,46778
"(0.5465579710144928, 0.9912498222186796)",1,96.97830014528056,46779
"(0.8194074731341813, 0.9861673414304992)",1,96.97826149867576,46780
"(0.7047619047619047, 0.9749910873440284)",2,96.97816297287532,46782
"(0.9188863189008992, 0.9764666952752286)",1,96.97807751871774,46783
"(0.6870644599303137, 0.9722222222222222)",1,96.97807298403671,46784
"(0.3262466548275309, 0.9981012669018314)",1,96.97797097502674,46785
"(0.779286067193676, 0.9749910873440284)",1,96.97780910610928,46786
"(0.5204993238647946, 1.0)",1,96.97775308261268,46787
"(0.8722751392320632, 0.9756756756756756)",3,96.97763511368838,46790
"(0.6260123507862112, 0.9764666952752286)",1,96.9776196108948,46791
"(0.97934925289764, 0.9958292603453894)",2,96.97759984937274,46793
"(0.4594704236610712, 0.9974998905914936)",1,96.97757432005444,46794
"(0.8758315541941273, 0.9735486410250802)",1,96.97750627062388,46795
"(0.5103469782909699, 0.9887485051843724)",1,96.97740923494244,46796
"(0.8288092915955513, 0.9773648571145208)",1,96.97738690424858,46797
"(0.8090204369274137, 0.9764666952752286)",1,96.97736355988326,46798
"(0.8996664258511047, 0.9736189431913116)",1,96.97732844503876,46799
"(0.930124456440246, 0.972045976510262)",1,96.97730815785974,46800
"(0.6809855026116619, 0.9749910873440284)",1,96.9772848176894,46801
"(0.8224713709935384, 0.9716190476190476)",1,96.97727766259484,46802
"(0.8592657752039796, 0.972045976510262)",1,96.9772761634924,46803
"(0.8329339143064635, 0.972420634920635)",1,96.97727365889452,46804
"(0.8743078626799556, 0.9722222222222222)",1,96.97727276740774,46805
"(0.8403320842836972, 0.9747507916611692)",1,96.97726198953713,46806
"(0.5137024199841741, 0.9981012669018314)",1,96.9772101481589,46807
"(0.9022759891180944, 0.972045976510262)",2,96.9771001412181,46809
"(0.8777335856148074, 0.9736842105263158)",3,96.9770953040438,46812
"(0.8455704732698088, 0.972281746031746)",1,96.97708779309448,46813
"(0.9253777472527472, 0.9749656593406592)",1,96.97706362130452,46814
"(0.5942040059498339, 0.9875)",1,96.9770107056396,46815
"(0.9640038239043044, 0.971495851087688)",1,96.9769534092366,46816
"(0.8561103441223091, 0.972045976510262)",1,96.97683752784155,46817
"(0.9019292060258446, 0.9861673414304992)",1,96.97683244475354,46818
"(0.9122507070492478, 0.9749656593406592)",1,96.97680147271824,46819
"(0.5223113993157693, 0.973985212548512)",1,96.97676466877692,46820
"(0.8799206023655463, 0.974324183660355)",1,96.97667248643164,46821
"(0.6182998752190132, 0.9887506152584083)",3,96.97664377336136,46824
"(0.7348436174331348, 0.972281746031746)",1,96.97656990265112,46825
"(0.9288982963016116, 0.9751409401578528)",1,96.97651708716852,46826
"(0.7977749180480272, 0.9861673414304992)",1,96.9764719935862,46827
"(1.0, 1.0)",1,96.97641957671624,46828
"(0.9073492428586464, 0.9714285714285714)",1,96.9764006776521,46829
"(0.4777955536474655, 0.990101269790458)",1,96.976384746918,46830
"(0.9450323339212228, 0.972045976510262)",1,96.97632698531926,46831
"(0.8715701474388204, 0.972045976510262)",1,96.97627876098124,46832
"(0.4976057427443008, 0.9962501582231502)",1,96.97622613500477,46833
"(0.6414869944621582, 0.9974998905914936)",1,96.97622107653238,46834
"(0.7348436174331348, 0.972281746031746)",1,96.976193481282,46835
"(0.9082051469489508, 0.9736189431913116)",1,96.97619064377804,46836
"(0.5340832420591457, 0.986245936653225)",1,96.97613386022012,46837
"(0.7289193040024178, 0.9736842105263158)",1,96.97610616216087,46838
"(0.8426040866925729, 0.974999931519232)",1,96.97609438895806,46839
"(0.8455704732698088, 0.972281746031746)",1,96.97602148850136,46840
"(0.8112275321577646, 0.9764666952752286)",1,96.97599013343766,46841
"(0.6090338127294983, 0.9874994529574682)",1,96.97590285991276,46842
"(0.9348222545262322, 0.9716190476190476)",1,96.97584474723368,46843
"(0.8584175084175085, 0.9861673414304992)",1,96.97560292937274,46844
"(0.9140194694749032, 0.9735486410250802)",1,96.97559362711824,46845
"(0.9829909379735984, 0.9958292603453894)",1,96.97554338715096,46846
"(0.7347448804741066, 0.998108901304008)",1,96.97551545599342,46847
"(0.8887419165196944, 0.972045976510262)",1,96.9755107200646,46848
"(0.4924642862429867, 0.9899983116452704)",1,96.97548586595856,46849
"(0.506032156862745, 0.9975000781372088)",2,96.97540689940476,46851
"(0.9459285785969274, 0.9751409401578528)",1,96.9753278411866,46852
"(0.4330451959188837, 0.9937498730133428)",1,96.97526895309092,46853
"(0.9011810599946194, 0.9861673414304992)",1,96.9752555992996,46854
"(0.8602650098786556, 0.9790537671709704)",1,96.97522870764934,46855
"(0.5049504801920769, 0.9962501582231502)",1,96.9752224964508,46856
"(0.9572437766315318, 0.9680383516315252)",1,96.97502149340518,46857
"(0.9015293238507524, 0.972281746031746)",1,96.97499253232743,46858
"(0.9162596992611264, 0.972420634920635)",1,96.9749184853347,46859
"(0.4055005521435353, 0.97634616690223)",1,96.97490938910182,46860
"(0.8491999910545297, 0.974662153486396)",1,96.9748597747172,46861
"(0.8455704732698088, 0.972281746031746)",1,96.97485584270795,46862
"(0.7138200339558575, 0.9749656593406592)",1,96.97485404694692,46863
"(0.9036271334014516, 0.9790537671709704)",1,96.97482953830578,46864
"(0.925438675470188, 0.9749656593406592)",1,96.97478141610064,46865
"(0.9243707071934514, 0.9873891625615764)",1,96.9747766833418,46866
"(0.8272165916646247, 0.974999863037714)",1,96.97457908538507,46867
"(0.9140194694749032, 0.9735486410250802)",1,96.97447564244531,46868
"(0.5029069767441862, 0.9767441860465116)",1,96.97446512868824,46869
"(0.9748461391725148, 1.0)",1,96.97446305694986,46870
"(0.8512737540052664, 0.9736189431913116)",1,96.97434257573204,46871
"(0.8581022152450725, 0.972045976510262)",3,96.97426936160748,46874
"(0.8404355452872972, 0.972045976510262)",1,96.97425222312734,46875
"(0.8224713709935384, 0.9716190476190476)",3,96.97418719608034,46878
"(0.987463247273494, 0.9958292603453894)",1,96.9740904475264,46879
"(0.4514795008912656, 0.9987499746026686)",1,96.97400189506313,46880
"(0.8722751392320632, 0.9739864419508876)",1,96.9739229109312,46881
"(0.6707941587931741, 0.9783779637835908)",3,96.97385657576169,46884
"(0.8307565789473685, 0.9735486410250802)",1,96.97366978901071,46885
"(0.8160079573535582, 0.9756756756756756)",1,96.97366765126404,46886
"(0.8887419165196944, 0.972045976510262)",1,96.9736238575546,46887
"(0.779286067193676, 0.9749910873440284)",1,96.97360092380794,46888
"(0.5778206440811193, 0.9935041393887948)",3,96.9735984394176,46891
"(0.9187883397948668, 0.9716190476190476)",1,96.9735541921002,46892
"(0.872151605428666, 0.9749656593406592)",1,96.97351394636212,46893
"(0.8340166019865393, 0.9749910873440284)",2,96.97351214950976,46895
"(0.7002945207922506, 0.9736842105263158)",1,96.9734354586712,46896
"(0.7232509195619923, 0.9736485042834572)",2,96.97332252894536,46898
"(0.925438675470188, 0.9749656593406592)",1,96.97332051356196,46899
"(0.838301471154743, 0.972045976510262)",3,96.97332004679058,46902
"(0.9064143587480232, 0.9735486410250802)",2,96.97329429360524,46904
"(0.9373666512059368, 0.9749910873440284)",1,96.97327177299532,46905
"(0.6767580302172832, 0.972281746031746)",1,96.97321459335603,46906
"(0.5521709560790242, 0.999621402088958)",1,96.97316545222456,46907
"(0.874450386215092, 0.972281746031746)",1,96.97307440035142,46908
"(0.8194074731341813, 0.9861673414304992)",1,96.9729961254719,46909
"(0.7980310463463742, 0.9777024991092788)",1,96.97294314640476,46910
"(0.874450386215092, 0.972281746031746)",1,96.9729174812892,46911
"(0.6784791526961461, 0.9988630646884038)",1,96.97291704174448,46912
"(0.8715701474388204, 0.972045976510262)",1,96.97289309969518,46913
"(0.4826454099840705, 0.9912488373656227)",2,96.9728716802598,46915
"(0.7204649554921787, 0.9779870235853187)",3,96.97284414068868,46918
"(0.8970129352925051, 0.9873891625615764)",1,96.97266500866986,46919
"(0.6040339402207299, 1.0)",1,96.9726648998386,46920
"(0.4772368473497005, 0.99499949979992)",1,96.972449798423,46921
"(0.846224760385985, 0.9783783586361752)",1,96.9724351855804,46922
"(0.4293005092235618, 0.974999417837726)",1,96.9724268436769,46923
"(0.9003351064851267, 0.9712822597033124)",1,96.9723932135449,46924
"(0.5908501759006558, 0.9887501230562964)",1,96.9723430726964,46925
"(0.8715701474388204, 0.972281746031746)",1,96.97233730705406,46926
"(0.7923306301473605, 0.9764666952752286)",1,96.97231189581098,46927
"(0.5977047503478421, 0.9974998905914936)",1,96.97223125333774,46928
"(0.9538370349708868, 0.9764666952752286)",1,96.97218765020938,46929
"(0.9210526315789472, 0.9736189431913116)",1,96.97217394338531,46930
"(0.8124923632552741, 0.972420634920635)",1,96.9720510454276,46931
"(0.564231844088987, 0.9987499746026686)",1,96.97190117198735,46932
"(0.8112275321577646, 0.9764666952752286)",2,96.9718666932965,46934
"(0.9645238095238096, 0.9712822597033124)",3,96.97186631023872,46937
"(0.8871082621082622, 0.972281746031746)",1,96.9718284155286,46938
"(0.8071948928825261, 0.9861673414304992)",1,96.9718183360318,46939
"(0.8027044799462303, 0.976688127570114)",2,96.97180626732586,46941
"(0.4746453255640638, 0.9783716624971414)",1,96.97167720618356,46942
"(0.8506653943511476, 0.991206314397104)",1,96.9716668675617,46943
"(0.8750583443290422, 0.9770268172641052)",3,96.9715910718484,46946
"(0.5977047503478421, 0.9962499238080056)",2,96.97158618839318,46948
"(0.7138200339558575, 0.9749656593406592)",2,96.97157062203672,46950
"(0.8656595443322052, 0.9790540349287944)",1,96.97154754235166,46951
"(0.6707941587931741, 0.9756748760883316)",1,96.97148290005096,46952
"(0.863869697334692, 0.9735486410250802)",1,96.97142151722451,46953
"(0.7885399405560378, 0.9736842105263158)",3,96.971416508094,46956
"(0.8604872251931075, 0.972045976510262)",1,96.97141532306031,46957
"(0.6730510127402202, 0.9736842105263158)",1,96.97140246193976,46958
"(0.7935498742420971, 0.9779870235853187)",1,96.97139652404222,46959
"(0.8758315541941273, 0.9735486410250802)",1,96.97132839084996,46960
"(0.5090364521224462, 1.0)",3,96.97131117803424,46963
"(0.950297813353496, 0.9958292603453894)",1,96.97121072159626,46964
"(0.8829656107481818, 0.9779870235853187)",1,96.9712018991308,46965
"(0.8491999910545297, 0.9756756756756756)",1,96.97113934638249,46966
"(0.5798336713995943, 0.986245936653225)",3,96.97113606198134,46969
"(0.8110682791635173, 0.9861673414304992)",1,96.97109522680203,46970
"(0.4776542240827955, 1.0)",1,96.97108384813254,46971
"(0.8627397499800719, 0.9736189431913116)",3,96.97099628961232,46974
"(0.8513842746400886, 0.9767441860465116)",1,96.97098140933194,46975
"(0.5489738730640235, 0.97769521654307)",2,96.97092111992166,46977
"(0.8393264911275135, 0.972972972972973)",1,96.97091574114718,46978
"(0.842200034135518, 0.9714285714285714)",3,96.97090418705776,46981
"(0.6766917293233082, 0.9870601047071634)",1,96.9708365714392,46982
"(0.8952438710847427, 0.975)",1,96.97079106090192,46983
"(0.9017715617715616, 0.9861673414304992)",1,96.97078921740066,46984
"(0.9540153992631536, 0.9751409401578528)",1,96.97067206657148,46985
"(0.8680947159565582, 0.9735486410250802)",1,96.9706617468486,46986
"(0.7461621541348561, 0.9736189431913116)",3,96.97064892298565,46989
"(0.8013184398461819, 0.9764666952752286)",1,96.9704473529116,46990
"(0.9335837499903572, 0.9736189431913116)",1,96.9704018783267,46991
"(0.8074780204479453, 0.9749910873440284)",1,96.97035045905538,46992
"(0.6591398510479036, 0.9793914332217538)",1,96.97034416848491,46993
"(0.9268570420108744, 0.9714285714285714)",2,96.97031243526936,46995
"(0.5040227752743499, 0.9900003125488358)",1,96.9702988948198,46996
"(0.9335837499903572, 0.9736189431913116)",1,96.9702850677738,46997
"(0.5853182863855046, 0.9787161797779323)",1,96.970276522503,46998
"(0.9261858974358974, 0.9747507916611692)",1,96.9702397927061,46999
"(0.8790212083344412, 0.97502985598876)",1,96.9701183352628,47000
"(0.9064143587480232, 0.9735486410250802)",1,96.97010796353337,47001
"(0.6892156862745098, 0.9861673414304992)",1,96.9701057528904,47002
"(0.9022292915996296, 0.972045976510262)",1,96.9700506870903,47003
"(0.3593082318976406, 0.9756753202751272)",1,96.9700023398432,47004
"(0.7729742929217565, 0.9773643610796312)",2,96.9699672005933,47006
"(0.7778533896115083, 0.9736842105263158)",1,96.9699179921743,47007
"(0.8680947159565582, 0.9735486410250802)",3,96.96979351780764,47010
"(0.6026986018870644, 0.9937501074421884)",1,96.96971711373702,47011
"(0.9126363636363636, 0.9747507916611692)",1,96.9696654349623,47012
"(0.9293300445873568, 0.9916339869281046)",1,96.9696318813743,47013
"(0.8272165916646247, 0.9749999771730772)",1,96.96951555202274,47014
"(0.8705155862492784, 0.9756753425211272)",2,96.96951144838384,47016
"(0.6250748921647628, 0.9937501074421884)",1,96.96944980754324,47017
"(0.8193419055822156, 0.9722222222222222)",1,96.9694084802833,47018
"(0.8622520112492773, 0.9748524098350704)",1,96.96930606204108,47019
"(0.8633407843934159, 0.9736842105263158)",1,96.96924764979636,47020
"(0.911577306111922, 0.9735486410250802)",1,96.9692263623122,47021
"(0.4229346333263246, 0.9889071538251194)",1,96.969079287236,47022
"(0.7453765521802005, 0.9770268172641052)",1,96.969061855049,47023
"(0.8656595443322052, 0.979391884835602)",1,96.96903199731784,47024
"(0.5958939347843234, 0.9887506152584083)",1,96.96893858564198,47025
"(0.9438271604938272, 0.9861673414304992)",1,96.96893063662624,47026
"(0.1357209660560048, 0.9870601047071634)",1,96.96892797328611,47027
"(0.8524016298728943, 0.9748802746905214)",1,96.9689264121176,47028
"(0.4933386447129642, 0.993750341823046)",1,96.96887209492758,47029
"(0.9306013489647758, 0.9735486410250802)",3,96.9687391622798,47032
"(0.9494594905410846, 0.97502985598876)",1,96.96872738321416,47033
"(0.7778533896115083, 0.9736842105263158)",1,96.96868477156866,47034
"(0.975479255167798, 0.9958292603453894)",1,96.9685856678778,47035
"(0.9030369290573372, 0.9713574016563148)",3,96.96857609835315,47038
"(0.8307565789473685, 0.9735486410250802)",1,96.968565740377,47039
"(0.8887419165196944, 0.972045976510262)",1,96.96846786180738,47040
"(0.8887419165196944, 0.972045976510262)",1,96.96833758042708,47041
"(0.8747562283652673, 0.972045976510262)",1,96.96832887090297,47042
"(0.9707095350359108, 0.9958292603453894)",1,96.9683150247234,47043
"(0.4937776876667119, 0.9974998905914936)",1,96.9683099476119,47044
"(0.7410141554411331, 0.972281746031746)",1,96.96826379768125,47045
"(0.987463247273494, 0.9958292603453894)",1,96.9682600179825,47046
"(0.9625114955760116, 0.9958292603453894)",1,96.96816425378223,47047
"(0.7772049591964847, 0.972045976510262)",2,96.96807263554248,47049
"(0.9388917411828462, 0.9751409401578528)",1,96.96802421460345,47050
"(0.9705906996229576, 0.9958292603453894)",1,96.96801380265376,47051
"(0.5080392961876832, 0.9862497206293536)",3,96.96791456097992,47054
"(0.829593594810986, 0.9743589743589745)",1,96.96786218304754,47055
"(0.9156086605607608, 0.9735486410250802)",1,96.9678401719556,47056
"(0.8112275321577646, 0.9764666952752286)",1,96.9678235790464,47057
"(0.7410141554411331, 0.972281746031746)",1,96.96781743002458,47058
"(0.8229870141950848, 0.972281746031746)",1,96.96771797253702,47059
"(0.9026337658413128, 0.9722222222222222)",1,96.9676714828667,47060
"(0.7393955720057585, 0.9756746761828256)",2,96.96767135197908,47062
"(0.9876066164491212, 0.9958292603453894)",1,96.96759950454968,47063
"(0.5141491228070175, 0.9887466754435478)",1,96.96751181642472,47064
"(0.888945374800638, 0.9749656593406592)",1,96.96744965739136,47065
"(0.9022759891180944, 0.972045976510262)",1,96.96743795717444,47066
"(0.7222399416093426, 0.9749910873440284)",1,96.96731388992168,47067
"(1.0, 1.0)",1,96.96730499959762,47068
"(0.874047619047619, 0.972045976510262)",1,96.9672720305572,47069
"(0.7729742929217565, 0.9729729482952526)",1,96.96725411683668,47070
"(0.8995772689779955, 0.9749656593406592)",1,96.96715703012708,47071
"(0.8322510822510822, 0.972045976510262)",1,96.96706401092058,47072
"(0.872151605428666, 0.9749656593406592)",1,96.966993493891,47073
"(0.4037090566294931, 0.995053182506911)",1,96.966981603822,47074
"(0.9429917021753756, 0.9749052909377262)",3,96.96697387275124,47077
"(0.5113955160358922, 1.0)",1,96.9669717340124,47078
"(0.7855494505494506, 0.9870601047071634)",1,96.96696987226348,47079
"(0.888425800230205, 0.9770269011697912)",1,96.9669570831021,47080
"(0.950175761409158, 0.9790476832523552)",1,96.96690422486483,47081
"(0.8417410714285716, 0.9749656593406592)",2,96.96679165533486,47083
"(0.6128103629529902, 0.9770268172641052)",3,96.96676847046062,47086
"(0.9379369827374928, 0.9678176625650188)",1,96.9667473096952,47087
"(0.8417410714285716, 0.9749656593406592)",2,96.9666226783375,47089
"(0.9502288074111276, 0.9786694888904832)",1,96.96659870114578,47090
"(0.9234894220441888, 0.9748802746905214)",1,96.9665607889864,47091
"(0.9082051469489508, 0.9736189431913116)",1,96.9665419571848,47092
"(0.9748524098350704, 0.9958292603453894)",1,96.96653519393278,47093
"(0.8459744503862151, 0.972045976510262)",1,96.96652730934063,47094
"(0.8596618357487924, 0.972045976510262)",1,96.96651005190633,47095
"(0.7677237478025478, 0.9770269011697912)",1,96.96642059353223,47096
"(0.5696789203510515, 0.9812503222661286)",1,96.96639123830948,47097
"(0.8567210567210567, 0.9861673414304992)",1,96.96633141470704,47098
"(0.9916585206907788, 0.9958292603453894)",1,96.96632950026688,47099
"(0.8451478848040399, 0.972045976510262)",2,96.96629237511132,47101
"(0.8581022152450725, 0.972045976510262)",1,96.96625098077146,47102
"(0.8879787907565686, 0.972281746031746)",1,96.9662307405099,47103
"(0.5012820344246796, 0.9900003125488358)",1,96.96622671224866,47104
"(0.9022759891180944, 0.972045976510262)",2,96.96619084016672,47106
"(0.6749447402728794, 0.9722222222222222)",1,96.9661805685662,47107
"(0.95, 0.9716190476190476)",1,96.96615234290977,47108
"(0.8592657752039796, 0.972045976510262)",1,96.96611253443588,47109
"(0.4614606379865379, 0.9899983116452704)",1,96.96608553224652,47110
"(0.9230627959463646, 0.9714285714285714)",1,96.96602865536693,47111
"(0.9269284534248317, 0.9764666952752286)",1,96.9660270841296,47112
"(0.7109688804604058, 0.972281746031746)",3,96.9658756524608,47115
"(0.2869390650039579, 0.9988653407824049)",1,96.96587468336271,47116
"(0.7109688804604058, 0.972281746031746)",1,96.96585591064596,47117
"(0.930124456440246, 0.972420634920635)",1,96.96579092056064,47118
"(0.8477957771158952, 0.9739864419508876)",1,96.96573690929787,47119
"(0.9022759891180944, 0.972045976510262)",1,96.96563800501886,47120
"(0.3980793293293293, 0.9861673414304992)",1,96.96552462821292,47121
"(0.7665484369555701, 0.9764666952752286)",2,96.96550030366092,47123
"(0.9450323339212228, 0.972045976510262)",1,96.96547154945578,47124
"(0.8974984433303618, 0.9873891625615764)",1,96.9654240208694,47125
"(0.4894591128631123, 0.9975000781372088)",1,96.96540391064646,47126
"(0.5973694779116466, 0.99)",1,96.96537494215649,47127
"(0.343096079834135, 0.978375663055596)",1,96.96530437012716,47128
"(0.8160079573535582, 0.975)",1,96.96523314552994,47129
"(0.4760264338395676, 0.988750263682175)",1,96.96522464039856,47130
"(0.8475002808673183, 0.972420634920635)",1,96.96521157281718,47131
"(0.7024127592418583, 0.9984848484848484)",1,96.9651847652423,47132
"(0.8148308968977662, 0.9861673414304992)",1,96.96515262195646,47133
"(0.4994316028798788, 0.9870601047071634)",1,96.9651512780316,47134
"(0.5626274989800081, 0.9764666952752286)",1,96.96513263589615,47135
"(0.3833435083435083, 0.9870601047071634)",1,96.96503239362706,47136
"(0.4794373036867545, 0.982769615321788)",1,96.96499892172578,47137
"(0.3972371170981162, 0.9746578661791756)",1,96.96495979563984,47138
"(0.8467135862913097, 0.9749656593406592)",1,96.964885270687,47139
"(0.5539162487178357, 0.987497889556588)",1,96.96483917134913,47140
"(0.5166535087719297, 0.9925002344116268)",1,96.96481068992922,47141
"(0.960666032023912, 0.971495851087688)",1,96.96479333379244,47142
"(0.7002945207922506, 0.9736842105263158)",2,96.96474397890726,47144
"(0.8751159006478155, 0.972045976510262)",1,96.96468754164468,47145
"(0.9916585206907788, 0.9958292603453894)",1,96.96466265345772,47146
"(0.9064143587480232, 0.9735486410250802)",1,96.96460664288558,47147
"(0.7707647794714906, 0.9735486410250802)",1,96.96458738461487,47148
"(0.852, 0.9749910873440284)",2,96.96436134088869,47150
"(0.4685034316109736, 0.9783716624971414)",1,96.96435323942266,47151
"(0.4666770839198904, 0.9875)",1,96.96432562619772,47152
"(0.476767449342614, 0.9981012669018314)",1,96.96431474523648,47153
"(0.6226233514747549, 0.9915713507625272)",3,96.96425583628708,47156
"(0.8027044799462303, 0.9790537671709704)",1,96.9642467883478,47157
"(0.8317215137803373, 0.9747507916611692)",1,96.96422243121124,47158
"(0.917283950617284, 0.972420634920635)",1,96.96418253199336,47159
"(0.8561103441223091, 0.972045976510262)",1,96.9640998238274,47160
"(0.7313293623054037, 0.976013472448221)",1,96.96401617660732,47161
"(0.8455704732698088, 0.972281746031746)",1,96.96396439960476,47162
"(0.6049854216218278, 0.9988619159967322)",1,96.9639170042533,47163
"(0.9111482937118004, 0.9790537671709704)",1,96.9639001653469,47164
"(0.5821138211382112, 0.9767441860465116)",1,96.9638997745562,47165
"(0.8880748880748881, 0.972281746031746)",1,96.96377699172848,47166
"(0.8596618357487924, 0.972045976510262)",1,96.9637402695129,47167
"(0.8153535353535353, 0.972045976510262)",1,96.96371673979274,47168
"(0.9064143587480232, 0.9735486410250802)",1,96.9637158378603,47169
"(0.8579868984630887, 0.9861673414304992)",1,96.96364478418477,47170
"(0.9210526315789472, 0.9736189431913116)",1,96.96336272470955,47171
"(0.620130835563485, 0.991206314397104)",2,96.9633516177962,47173
"(0.872151605428666, 0.9749656593406592)",2,96.96330964373966,47175
"(0.7750729499528326, 0.9736485764662176)",1,96.96330393049286,47176
"(0.911234030893585, 0.9713574016563148)",1,96.96321592494068,47177
"(0.685541383296858, 0.9746621650540817)",1,96.96317581525086,47178
"(0.8384307029790694, 0.9790537671709704)",1,96.96314379415256,47179
"(0.3793588847294121, 0.9787143574394384)",1,96.96308982129558,47180
"(0.7668537890977591, 0.9770268172641052)",3,96.963075578347,47183
"(0.7138200339558575, 0.9749656593406592)",1,96.96307334703822,47184
"(0.8561103441223091, 0.972045976510262)",1,96.96305880422436,47185
"(0.6591398510479036, 0.9777015828897916)",1,96.96302964109302,47186
"(0.1716734420921106, 0.9870601047071634)",1,96.96301198447284,47187
"(0.874047619047619, 0.972045976510262)",1,96.96292784360902,47188
"(0.9184901612842788, 0.9748524098350704)",1,96.96285131247376,47189
"(0.7109688804604058, 0.972281746031746)",2,96.96284934278214,47191
"(0.5210456423879579, 0.9812438734973944)",1,96.9628123071905,47192
"(0.5039318308271491, 0.9849969987995196)",1,96.96277503884312,47193
"(0.4508193203901878, 0.9962497362353954)",1,96.962759441119,47194
"(0.8561103441223091, 0.972045976510262)",1,96.9627260021515,47195
"(0.7030725566042162, 0.9764666952752286)",1,96.9627250170976,47196
"(0.8751897860593512, 0.972420634920635)",1,96.96263492957574,47197
"(0.8715701474388204, 0.972045976510262)",1,96.96258572385425,47198
"(0.874450386215092, 0.972281746031746)",1,96.96258453752948,47199
"(0.501667548613375, 0.9900003125488358)",1,96.96245361393282,47200
"(0.789994229453279, 0.972420634920635)",1,96.96234123874731,47201
"(0.7602379596828609, 0.9749910873440284)",1,96.96232035599988,47202
"(0.987463247273494, 0.9958292603453894)",1,96.96195315038806,47203
"(0.7283553674089667, 0.9756746761828256)",2,96.96185589777144,47205
"(0.926397848615755, 0.9736842105263158)",1,96.9618118068439,47206
"(0.9022759891180944, 0.972045976510262)",1,96.9616129888926,47207
"(0.4976057427443008, 0.9900003125488358)",1,96.96159464484391,47208
"(0.5504267290194268, 0.9987500214884376)",1,96.96155988821758,47209
"(0.8451478848040399, 0.972045976510262)",1,96.96148617374492,47210
"(0.7348436174331348, 0.972281746031746)",1,96.96144104465073,47211
"(0.8627397499800719, 0.9736189431913116)",3,96.96141007808902,47214
"(0.4687790549588952, 0.9862481730031216)",1,96.9613649871564,47215
"(0.6415148305084746, 0.9749910873440284)",1,96.96135938809653,47216
"(0.8074780204479453, 0.9749910873440284)",1,96.96135385348984,47217
"(0.5695633155937887, 0.9764666952752286)",1,96.96123692217684,47218
"(0.7423856773080242, 0.9749656593406592)",1,96.9612191732211,47219
"(0.8715701474388204, 0.972281746031746)",1,96.96117894051676,47220
"(0.8996664258511047, 0.9736189431913116)",1,96.96106287494332,47221
"(0.5919369683447218, 0.9874996093139552)",1,96.96100741797704,47222
"(0.7851227464298004, 0.9783779637835908)",1,96.96098693545686,47223
"(0.7548199009255377, 0.9777027027027028)",1,96.96096181854494,47224
"(0.4806879036961406, 0.9912488373656227)",1,96.96092267967356,47225
"(0.8887419165196944, 0.972045976510262)",1,96.9608772725808,47226
"(0.8880748880748881, 0.972281746031746)",1,96.960841174025,47227
"(0.5463455725995242, 0.9900003125488358)",2,96.96083840289214,47229
"(0.9309563801089225, 0.972281746031746)",1,96.96082938304592,47230
"(0.865587044534413, 0.9736842105263158)",1,96.96076531510052,47231
"(0.8975764647467728, 0.9749656593406592)",1,96.96074363955444,47232
"(0.4567442396313363, 0.9987499746026686)",1,96.96067502404222,47233
"(0.987491854024112, 0.9958292603453894)",1,96.9606570800386,47234
"(0.8722751392320632, 0.9756756756756756)",3,96.96063827800656,47237
"(0.4109734561054151, 0.977697335722542)",1,96.96062182972452,47238
"(0.492807005588115, 0.9987499746026686)",1,96.9605958012806,47239
"(0.9140194694749032, 0.9735486410250802)",1,96.96054829891654,47240
"(0.8975764647467728, 0.9749656593406592)",1,96.96048127845556,47241
"(0.846098299557419, 0.9861673414304992)",1,96.96046245152029,47242
"(0.8417410714285716, 0.9749656593406592)",1,96.96045170872532,47243
"(0.7045138786538933, 0.994274357955255)",2,96.9604124507412,47245
"(0.8592657752039796, 0.972045976510262)",1,96.960397600305,47246
"(0.5340832420591457, 0.986245936653225)",3,96.9603910058595,47249
"(0.6707941587931741, 0.9787158688322009)",3,96.96032210443325,47252
"(0.8404355452872972, 0.972045976510262)",1,96.9602988422252,47253
"(0.7280584513944579, 0.9722222222222222)",1,96.96029418941043,47254
"(0.8003813092161745, 0.9790755481078062)",1,96.96021850131513,47255
"(0.4924777967362296, 0.986245936653225)",2,96.9602068642495,47257
"(0.5345536229727782, 0.975337576032611)",1,96.96015692074972,47258
"(0.7002945207922506, 0.9736842105263158)",1,96.96007157613734,47259
"(0.8871966240387292, 0.972420634920635)",1,96.9600674785532,47260
"(0.5696789203510515, 0.983748857020046)",1,96.96001105944204,47261
"(0.8715701474388204, 0.972281746031746)",1,96.95992934120046,47262
"(0.1500716412252043, 0.9961927960732532)",1,96.95979426002889,47263
"(0.9146901709401708, 0.972281746031746)",1,96.95974244484684,47264
"(0.8777008472715792, 0.9756753425211272)",2,96.95965753618768,47266
"(0.6243024607372301, 0.9764666952752286)",1,96.95934521583256,47267
"(0.5305164278521484, 0.989757243970589)",1,96.95931542977462,47268
"(0.304184857695496, 0.9845242232292056)",1,96.95930233758224,47269
"(0.6767580302172832, 0.972281746031746)",2,96.95929776730456,47271
"(0.4925285484808521, 0.9962497362353954)",1,96.95929369211376,47272
"(0.6767580302172832, 0.972281746031746)",1,96.95928993447878,47273
"(0.8221762134805614, 0.972045976510262)",2,96.95919980166973,47275
"(0.9212328545548654, 0.9680383516315252)",3,96.95916946395332,47278
"(0.5138165509259259, 0.9864961425868656)",3,96.9591657122363,47281
"(0.8221871747362275, 0.9760133410378676)",1,96.95911834717542,47282
"(0.9311507936507936, 0.972420634920635)",1,96.95911508963724,47283
"(0.8619023359137593, 0.9735486410250802)",3,96.9590921320574,47286
"(0.9640038239043044, 0.967895529128406)",1,96.959043119773,47287
"(0.8948142000428356, 0.9749656593406592)",1,96.95900872759022,47288
"(0.5049504801920769, 0.9975000781372088)",1,96.95899415972892,47289
"(0.9712822597033124, 0.9678176625650188)",1,96.95898764469206,47290
"(0.8948142000428356, 0.9749656593406592)",1,96.95898329958683,47291
"(0.8490208544183524, 0.972281746031746)",1,96.95889204809328,47292
"(0.8871082621082622, 0.972281746031746)",1,96.95883248044466,47293
"(0.979051756240299, 0.9958292603453894)",1,96.95874895650309,47294
"(0.8975764647467728, 0.9749656593406592)",1,96.95868410881316,47295
"(0.9640038239043044, 0.9714285714285714)",1,96.95867958271124,47296
"(0.9276343133138456, 0.9777024991092788)",2,96.95864806741814,47298
"(0.4949779061119132, 0.9900005000500052)",1,96.95858019638298,47299
"(0.9388917411828462, 0.9786694888904832)",1,96.95857166150584,47300
"(0.838301471154743, 0.972045976510262)",1,96.95852664455754,47301
"(0.8895939931776995, 0.9749910873440284)",1,96.95849450466363,47302
"(0.9641028246291404, 0.9712822597033124)",1,96.95844639275604,47303
"(0.6892156862745098, 0.972420634920635)",2,96.95835065312102,47305
"(0.8656595443322052, 0.9787161797779323)",1,96.95828699671398,47306
"(0.506190861938997, 0.9767441860465116)",1,96.95802237623266,47307
"(0.4865876628104142, 0.9870601047071634)",1,96.95791611409258,47308
"(0.9153439153439156, 0.9833229101521784)",1,96.95786053295792,47309
"(0.4437501725645391, 0.9862497206293536)",1,96.95783548961349,47310
"(0.7348436174331348, 0.972281746031746)",2,96.95781659707109,47312
"(0.7472307467415887, 0.9767441860465116)",1,96.95781226859218,47313
"(0.7296277808577878, 0.9770268172641052)",1,96.9577811872184,47314
"(0.9073492428586464, 0.9714285714285714)",1,96.95768954659486,47315
"(0.8218185392856778, 0.9861673414304992)",1,96.9576858360364,47316
"(0.4701128221244499, 0.9887506152584083)",1,96.95757498671452,47317
"(0.9311507936507936, 0.972420634920635)",1,96.95754520624062,47318
"(0.950392857142857, 0.9749656593406592)",1,96.95753620535386,47319
"(0.9645938855657314, 0.9751409401578528)",1,96.95753608238158,47320
"(0.987491854024112, 1.0)",1,96.95750374990584,47321
"(0.3942553050785419, 0.9931184132078772)",3,96.95734673676492,47324
"(0.9082051469489508, 0.9736189431913116)",2,96.95733195535486,47326
"(0.8098502304147466, 0.9749910873440284)",1,96.95727981670146,47327
"(0.8484583260465807, 0.9790537671709704)",1,96.9572376670014,47328
"(0.6027034427212865, 0.9888716949460108)",1,96.95720534051402,47329
"(0.6892156862745098, 0.972420634920635)",1,96.95719744957968,47330
"(0.5916573432219518, 0.9864961425868656)",3,96.9571681328779,47333
"(0.4224295010845988, 0.9887501230562964)",1,96.95710981858583,47334
"(0.8715701474388204, 0.972045976510262)",1,96.95709630017116,47335
"(0.874047619047619, 0.972045976510262)",2,96.9570845558,47337
"(0.8221762134805614, 0.972045976510262)",1,96.95706935048815,47338
"(0.5943528693528694, 1.0)",1,96.9570412201896,47339
"(0.943552974917135, 0.97502985598876)",1,96.95703471074135,47340
"(0.4847252958987063, 0.9987500214884376)",1,96.95702909915084,47341
"(0.9575913511472004, 0.9712822597033124)",1,96.95694811481567,47342
"(0.8221762134805614, 0.972045976510262)",1,96.95693330297888,47343
"(0.8318916467605246, 0.9746621650540817)",1,96.95690914648418,47344
"(0.8029092456511812, 0.9733108016723372)",1,96.95688122899983,47345
"(0.2126776177409088, 0.9870601047071634)",1,96.95684030428724,47346
"(0.8499431760854415, 0.9770268172641052)",3,96.956833785967,47349
"(0.8148308968977662, 0.972281746031746)",1,96.95675317305648,47350
"(0.2537048100490196, 0.9981012669018314)",3,96.95669977887002,47353
"(0.9362689940183164, 0.9712822597033124)",1,96.95668693013812,47354
"(0.9109491978609624, 0.9747507916611692)",1,96.95664212153169,47355
"(0.9706172005998612, 0.9958292603453894)",1,96.95660853860169,47356
"(0.6809855026116619, 0.9749910873440284)",1,96.95639036535232,47357
"(0.4510894164249752, 0.9988642062668746)",1,96.9563826585346,47358
"(0.9528533742496432, 0.9714285714285714)",1,96.95630305885037,47359
"(0.846224760385985, 0.974324089883412)",1,96.95621049251253,47360
"(0.9140194694749032, 0.9735486410250802)",1,96.95617763036778,47361
"(0.9156086605607608, 0.9735486410250802)",3,96.9561578332266,47364
"(0.8221762134805614, 0.972045976510262)",2,96.9561564778143,47366
"(0.4795837122630575, 0.992747520076656)",1,96.9561436070439,47367
"(0.9641028246291404, 0.9749692931061258)",1,96.95583603790786,47368
"(0.8996664258511047, 0.9736189431913116)",1,96.95582455298197,47369
"(0.838301471154743, 0.972045976510262)",1,96.95581568766988,47370
"(0.7423856773080242, 0.9749656593406592)",1,96.9557834826304,47371
"(0.987491854024112, 0.9958292603453894)",1,96.95575726654572,47372
"(0.9110813074094206, 0.9764666952752286)",1,96.95559577537313,47373
"(0.9833211143695014, 1.0)",1,96.95558028579153,47374
"(0.9750943974852894, 0.9958292603453894)",1,96.95553861384089,47375
"(0.8426192275313588, 0.9739864894555236)",1,96.95548469726096,47376
"(0.9712822597033124, 0.9714285714285714)",1,96.9554369820052,47377
"(0.2520817505905556, 0.9992416608232524)",3,96.9553538097449,47380
"(0.8404355452872972, 0.972045976510262)",2,96.95532058921268,47382
"(0.8868677229932935, 0.9736842105263158)",1,96.95516700968103,47383
"(0.6444891298012474, 0.972281746031746)",1,96.95514698252568,47384
"(0.9645938855657314, 0.9716190476190476)",1,96.95512503958848,47385
"(0.950392857142857, 0.9749656593406592)",1,96.95510889600268,47386
"(0.950392857142857, 0.9749656593406592)",1,96.9550724449824,47387
"(0.7942038054814895, 0.9861673414304992)",1,96.95478133563066,47388
"(0.8627397499800719, 0.9736189431913116)",3,96.9547769136636,47391
"(0.846224760385985, 0.9787161797779323)",1,96.95473741263436,47392
"(0.888945374800638, 0.9749656593406592)",1,96.95472879815988,47393
"(0.9618291283060416, 0.9958292603453894)",1,96.9546459413058,47394
"(0.6428642754038717, 0.9974998905914936)",1,96.95453478985354,47395
"(0.4851912943871705, 0.9900003125488358)",1,96.95451213775954,47396
"(0.5137024199841741, 0.9897152416766364)",1,96.95448788165184,47397
"(0.947035873779261, 0.9716190476190476)",1,96.95447779837512,47398
"(0.864057359093178, 0.9736481433612512)",1,96.95443382867586,47399
"(0.4935897435897436, 0.9870601047071634)",1,96.9544241203139,47400
"(0.7781407751391581, 0.9770268172641052)",1,96.95433266880984,47401
"(0.9546254630884612, 0.9748802746905214)",1,96.95428863982764,47402
"(0.7923306301473605, 0.9764666952752286)",1,96.9541432589519,47403
"(0.6361158710730316, 0.9764666952752286)",1,96.95406226397796,47404
"(0.7011915690388763, 0.9735486410250802)",1,96.95380487434804,47405
"(0.8272165916646247, 0.97128373462102)",1,96.95375298256154,47406
"(0.975195619792394, 0.9958292603453894)",1,96.95374363172668,47407
"(0.835943054212425, 0.9735486410250802)",1,96.95373250388992,47408
"(0.9572437766315318, 0.9681034738761426)",2,96.95370965245952,47410
"(0.8090204369274137, 0.9764666952752286)",1,96.9536454221812,47411
"(0.9860411258716344, 0.972045976510262)",1,96.9536242020518,47412
"(0.8318290279074593, 0.972045976510262)",1,96.95361490858872,47413
"(0.9327510896243466, 0.9790537671709704)",1,96.95356115057804,47414
"(0.5839682329833044, 0.9912498222186796)",2,96.95354279382488,47416
"(0.9640038239043044, 0.9678176625650188)",1,96.95345828744328,47417
"(0.8221762134805614, 0.972045976510262)",1,96.95337361284916,47418
"(0.8581022152450725, 0.972045976510262)",1,96.95334453920285,47419
"(0.9069647153947764, 0.971495851087688)",1,96.95331009191642,47420
"(0.9335837499903572, 0.9736189431913116)",1,96.9532892422394,47421
"(0.8561103441223091, 0.972045976510262)",1,96.95325063379384,47422
"(0.4685034316109736, 0.9820912152329848)",1,96.95322993639066,47423
"(0.8829656107481818, 0.9736189431913116)",3,96.95320692394442,47426
"(0.3942553050785419, 0.9927322731957676)",3,96.95318403576556,47429
"(0.4948385939474455, 0.977361833580866)",1,96.95316157238726,47430
"(0.978621888315766, 0.9712822597033124)",1,96.95315233406129,47431
"(0.8845244231527244, 0.9764666952752286)",1,96.95308952986868,47432
"(0.6472942352413201, 0.986245936653225)",1,96.953050020515,47433
"(0.874047619047619, 0.972045976510262)",1,96.95298263217065,47434
"(0.6760014179369018, 0.9870601047071634)",1,96.95288219891816,47435
"(0.7124465811965812, 0.972281746031746)",1,96.95284899146516,47436
"(0.7678405315614618, 0.9764666952752286)",1,96.95280584442312,47437
"(0.888945374800638, 0.9749656593406592)",1,96.95278375437078,47438
"(0.9377148530109056, 0.991206314397104)",1,96.95272568626744,47439
"(0.6983464132286942, 0.9767441860465116)",1,96.95272342144088,47440
"(0.8660545355265853, 0.9749910873440284)",1,96.95271769237922,47441
"(0.8459266053144301, 0.9749910873440284)",1,96.95264075051077,47442
"(0.8685314685314685, 0.9764666952752286)",1,96.95262842880332,47443
"(0.8229870141950848, 0.972281746031746)",1,96.95255766616874,47444
"(0.8736897274633123, 0.972045976510262)",1,96.95252459615324,47445
"(0.6415148305084746, 0.9749910873440284)",2,96.9525090115315,47447
"(0.7977749180480272, 0.9861673414304992)",1,96.95250847810956,47448
"(0.874047619047619, 0.972045976510262)",1,96.95236317621216,47449
"(0.3593082318976406, 0.9773601378610228)",1,96.95232052917176,47450
"(0.9064143587480232, 0.9735486410250802)",1,96.9522400512066,47451
"(0.7882395382395383, 0.972045976510262)",1,96.95222843033832,47452
"(0.8876473063973064, 0.972420634920635)",1,96.95221716234,47453
"(0.9140194694749032, 0.9735486410250802)",1,96.9521815745825,47454
"(0.8758315541941273, 0.9735486410250802)",3,96.95217577923135,47457
"(0.9155669599217986, 0.9722222222222222)",1,96.95214541774229,47458
"(0.7481666755361609, 0.9764666952752286)",1,96.95212721417091,47459
"(0.9210526315789472, 0.9736189431913116)",2,96.95197134966004,47461
"(0.9494594905410846, 0.97502985598876)",1,96.95185260472952,47462
"(0.8656595443322052, 0.9753374353135024)",2,96.95184740967063,47464
"(0.7516483516483518, 0.972420634920635)",1,96.95182519143368,47465
"(0.8558852999963277, 0.9764666952752286)",1,96.95180597364065,47466
"(0.7516483516483518, 0.972420634920635)",1,96.95172795676102,47467
"(0.6981216457960644, 0.9767441860465116)",1,96.95165184863716,47468
"(0.8272165916646247, 0.9743239726611898)",2,96.95161790530936,47470
"(0.595675585284281, 0.9937495603923254)",1,96.9515957231886,47471
"(0.8459744503862151, 0.972045976510262)",2,96.95158261930958,47473
"(0.4590791029805835, 0.9950001562744178)",1,96.951416168147,47474
"(0.9240041208791208, 0.9749910873440284)",1,96.9513028522797,47475
"(0.8490208544183524, 0.972281746031746)",1,96.95119292163044,47476
"(0.7516483516483518, 0.972420634920635)",1,96.95110325187235,47477
"(0.874047619047619, 0.972045976510262)",1,96.95107863633802,47478
"(0.8426192275313588, 0.9712829479977187)",1,96.95097824669917,47479
"(0.4894591128631123, 0.9975000781372088)",1,96.95095915038355,47480
"(0.6101652468899568, 0.9862497206293536)",1,96.95095452612766,47481
"(0.5191356753598758, 1.0)",1,96.9508822922254,47482
"(0.9712822597033124, 0.971495851087688)",1,96.95086862600836,47483
"(0.7325800052772601, 0.9767441860465116)",1,96.95086624268411,47484
"(0.8680947159565582, 0.9735486410250802)",1,96.95083776353889,47485
"(0.8459744503862151, 0.972045976510262)",1,96.95072118398114,47486
"(0.8592657752039796, 0.972045976510262)",2,96.950699955788,47488
"(0.9327510896243466, 0.9783779637835908)",3,96.9505042106949,47491
"(0.828966378966379, 0.9722222222222222)",1,96.9505008443663,47492
"(0.9162596992611264, 0.972045976510262)",1,96.95043883466184,47493
"(0.8633407843934159, 0.9736842105263158)",1,96.95031864881146,47494
"(0.9064143587480232, 0.9735486410250802)",1,96.95023889666211,47495
"(0.9860411258716344, 0.972045976510262)",2,96.9501722327375,47497
"(0.971023600055858, 0.9958292603453894)",1,96.9500804833529,47498
"(0.5695633155937887, 0.9764666952752286)",1,96.95003742143156,47499
"(0.8874191651969431, 0.972420634920635)",1,96.94996798745636,47500
"(0.978621888315766, 0.9712822597033124)",2,96.94985964426004,47502
"(0.8877034517510707, 0.972420634920635)",1,96.94980739797178,47503
"(0.9450323339212228, 0.972045976510262)",1,96.94969274067869,47504
"(0.947035873779261, 0.9681034738761426)",1,96.94962500932964,47505
"(0.3875802750555293, 0.9760085043004868)",1,96.94950127288928,47506
"(0.7187807755293061, 0.975336714675628)",2,96.94947494864304,47508
"(0.6128103629529902, 0.9770268172641052)",1,96.9493694027174,47509
"(0.7002945207922506, 0.9736842105263158)",1,96.94935949028914,47510
"(0.8581022152450725, 0.972045976510262)",1,96.94930314496892,47511
"(0.9575913511472004, 0.9712822597033124)",1,96.94927741552318,47512
"(0.8490208544183524, 0.972281746031746)",1,96.94925394059604,47513
"(0.9422394177612392, 0.9749052909377262)",1,96.9491463278718,47514
"(0.8011433416753454, 0.9770268172641052)",3,96.94911470813068,47517
"(0.502001702724359, 0.9962501582231502)",1,96.9490945134656,47518
"(0.9876106894370652, 0.9958292603453894)",1,96.94903927140552,47519
"(0.3931166197649245, 0.979051758423434)",1,96.94892516448982,47520
"(0.6809855026116619, 0.9749910873440284)",1,96.94888347534533,47521
"(0.8874679030103783, 0.9733108016723456)",1,96.94877274016612,47522
"(0.6260123507862112, 0.9764666952752286)",1,96.94876308679162,47523
"(0.8627397499800719, 0.9736189431913116)",1,96.94875340208137,47524
"(0.3921761406909921, 0.9870601047071634)",1,96.9487248250766,47525
"(0.2672914952175105, 0.9988619159967322)",1,96.94869937898204,47526
"(0.5539162487178357, 0.988750193395939)",1,96.94869405839158,47527
"(0.7864381427049374, 0.9783779637835908)",1,96.94867995212915,47528
"(0.8584175084175085, 0.972420634920635)",1,96.94866316806316,47529
"(0.2672914952175105, 0.9973390598305516)",1,96.94864124814433,47530
"(0.7348436174331348, 0.972281746031746)",2,96.94859793858684,47532
"(0.5292931359082562, 1.0)",1,96.9485509650195,47533
"(0.6397933055933888, 0.9925)",1,96.94851948026904,47534
"(0.5730351811691473, 0.9827699457566198)",1,96.9484933037265,47535
"(0.865587044534413, 0.9736842105263158)",1,96.94847319973836,47536
"(0.8580559516200404, 0.9764666952752286)",1,96.94841799085306,47537
"(0.4894996226853196, 0.9862492908815574)",1,96.9482853702666,47538
"(0.7778533896115083, 0.9736842105263158)",1,96.94819732101722,47539
"(0.8627397499800719, 0.9735486410250802)",3,96.948182889068,47542
"(0.5094440332946544, 0.9992416608232524)",1,96.9481156761898,47543
"(0.846098299557419, 0.972420634920635)",1,96.94802570950384,47544
"(0.8561103441223091, 0.972045976510262)",1,96.94788818042332,47545
"(0.5874751891549204, 0.9736842105263158)",1,96.94788540700964,47546
"(0.9833040078201368, 0.9958292603453894)",1,96.94788166181256,47547
"(0.7516483516483518, 0.9861673414304992)",1,96.9477587426862,47548
"(0.8404355452872972, 0.972045976510262)",1,96.94775560500376,47549
"(0.8736212624584717, 0.9764666952752286)",2,96.94772231933857,47551
"(0.8097000243032949, 0.975675542415073)",1,96.94765500957207,47552
"(0.8318290279074593, 0.9861673414304992)",1,96.9476392165638,47553
"(0.6047607547714982, 1.0)",3,96.94758980442336,47556
"(0.8619023359137593, 0.9735486410250802)",3,96.9475428829924,47559
"(0.6962461114805364, 0.9911835359684772)",1,96.94753326566658,47560
"(0.5151897052695996, 0.9938894536653996)",3,96.94751208364198,47563
"(0.8715701474388204, 0.972281746031746)",1,96.94748281477564,47564
"(0.8846362470895226, 0.9712822597033124)",1,96.94744688135084,47565
"(0.8975764647467728, 0.9749656593406592)",1,96.94732665863752,47566
"(0.9835199925522506, 0.9958292603453894)",1,96.94728977065962,47567
"(0.5240189293380408, 0.9996210215628012)",1,96.94726799999634,47568
"(0.5356100633781995, 0.9764666952752286)",1,96.94712855745232,47569
"(0.8581022152450725, 0.972045976510262)",1,96.94708948888623,47570
"(0.4921211569947243, 0.9962501582231502)",2,96.94704668425102,47572
"(0.8148308968977662, 0.972281746031746)",2,96.94702532187608,47574
"(0.7837606837606838, 0.9722222222222222)",1,96.94701621885436,47575
"(0.9210526315789472, 0.9736189431913116)",1,96.94701485036344,47576
"(0.888622291021672, 0.9749656593406592)",1,96.94698342339406,47577
"(0.571926987789272, 0.9812496190400276)",1,96.94697552926498,47578
"(0.9916625936787228, 0.9958292603453894)",1,96.94696299390591,47579
"(0.4967706652322037, 0.987500703164553)",1,96.94691422077378,47580
"(0.8795903283708161, 0.9749052909377262)",1,96.946903755814,47581
"(0.9022759891180944, 0.972045976510262)",3,96.94690247704324,47584
"(0.9230627959463646, 0.9714285714285714)",1,96.94688870740592,47585
"(0.4879844209168711, 0.9831078613021718)",3,96.9468686257761,47588
"(0.9712822597033124, 0.97502985598876)",1,96.94684601260698,47589
"(0.9036271334014516, 0.9733093394292436)",2,96.94681524607908,47591
"(0.9574285714285714, 0.9680383516315252)",1,96.94680499447136,47592
"(0.8880748880748881, 0.972281746031746)",1,96.946735993921,47593
"(0.8145048060975228, 0.9735486410250802)",1,96.9467107698706,47594
"(0.8616465603190429, 0.9749656593406592)",1,96.94670096622234,47595
"(0.4009542951846135, 0.9783705558517536)",1,96.94659325272973,47596
"(0.240611928037625, 0.9984863658725142)",1,96.94653265609873,47597
"(0.6707941587931741, 0.978040051793672)",1,96.9464942211202,47598
"(0.8619023359137593, 0.9735486410250802)",3,96.94642541120548,47601
"(0.9187883397948668, 0.9751409401578528)",1,96.946422982648,47602
"(0.9791348015256934, 0.9958292603453894)",1,96.94637642301586,47603
"(0.9160264866799612, 0.9722222222222222)",1,96.94630943562952,47604
"(0.6333118819585527, 0.9767441860465116)",1,96.9462917994339,47605
"(0.8871082621082622, 0.972281746031746)",1,96.94620829559304,47606
"(0.9677353740627908, 0.9713574016563148)",1,96.9461852453544,47607
"(0.8880748880748881, 0.972281746031746)",3,96.94613013444348,47610
"(0.7943622269203664, 0.9764666952752286)",1,96.946084097181,47611
"(0.7778533896115083, 0.9736842105263158)",1,96.94594672780252,47612
"(0.8777008472715792, 0.9766890960688752)",1,96.94592274727113,47613
"(0.8404355452872972, 0.972045976510262)",1,96.94587154763484,47614
"(0.4614606379865379, 0.9912488373656227)",3,96.9458500058271,47617
"(0.9288982963016116, 0.9751409401578528)",2,96.94572236382564,47619
"(0.4770251883589129, 0.9831071825249909)",1,96.94569924749504,47620
"(0.8404355452872972, 0.972045976510262)",1,96.94561836180628,47621
"(0.8768488063660478, 0.9749656593406592)",1,96.94560162521002,47622
"(0.7232509195619923, 0.9756756756756756)",1,96.94556058901328,47623
"(0.8499431760854415, 0.9770268172641052)",3,96.94547183650168,47626
"(0.8750583443290422, 0.9770268172641052)",1,96.94522638336004,47627
"(0.5040227752743499, 0.9887504746694504)",1,96.94522470678191,47628
"(0.888945374800638, 0.9749656593406592)",1,96.94520473850744,47629
"(0.917283950617284, 0.972420634920635)",1,96.9450401169367,47630
"(0.9082051469489508, 0.9736189431913116)",1,96.94503355554026,47631
"(0.8748200797381125, 0.9722222222222222)",1,96.94499059315102,47632
"(0.8970129352925051, 0.9873891625615764)",1,96.94478616794736,47633
"(0.6047607547714982, 1.0)",1,96.94474719391918,47634
"(0.4407055363375315, 0.9925)",1,96.9446130040806,47635
"(0.6025384620441595, 0.9984863658725142)",1,96.94436113070026,47636
"(0.4947951273532668, 0.9767441860465116)",1,96.94435778427447,47637
"(0.5061654456041751, 0.9975000781372088)",1,96.94428113255638,47638
"(0.7348436174331348, 0.972281746031746)",1,96.94425237446306,47639
"(0.7966390247792806, 0.9735486410250802)",3,96.94407095219236,47642
"(0.6020449077786688, 0.9764666952752286)",1,96.94401427078486,47643
"(0.8592657752039796, 0.972045976510262)",3,96.9439967275992,47646
"(0.4540991902834007, 0.9870601047071634)",1,96.94387242503056,47647
"(0.8112275321577646, 0.9764666952752286)",1,96.94377482272554,47648
"(0.8874191651969431, 0.972252530763169)",1,96.94373563192308,47649
"(0.8602650098786556, 0.9780401821284612)",1,96.94371936134598,47650
"(0.9032855633136024, 0.9722222222222222)",1,96.94369384933886,47651
"(0.8011433416753454, 0.9766890215720122)",3,96.9436826962079,47654
"(0.927109440267335, 0.9751409401578528)",1,96.94362259128904,47655
"(0.9714797495442656, 0.9958292603453894)",1,96.9436067695314,47656
"(0.9162596992611264, 0.972281746031746)",2,96.94354009636942,47658
"(0.864057359093178, 0.9729728249056364)",1,96.94348231792203,47659
"(0.501667548613375, 0.9887504746694504)",1,96.94347882091948,47660
"(0.8716153127917834, 0.9861673414304992)",1,96.94346258911555,47661
"(0.9699183291713004, 0.9958292603453894)",1,96.94343630907794,47662
"(0.7677237478025478, 0.9760135053004624)",1,96.94342946444009,47663
"(0.9574285714285714, 0.9681034738761426)",3,96.94337271529218,47666
"(0.9431186370412892, 0.9751409401578528)",3,96.94336120556716,47669
"(0.8871082621082622, 0.972281746031746)",1,96.94331495768456,47670
"(0.926397848615755, 0.9736842105263158)",1,96.94328607776276,47671
"(0.4921512824029625, 0.98999899959984)",1,96.94328320198288,47672
"(0.8309403153153152, 0.9735486410250802)",1,96.9432829611675,47673
"(0.9162596992611264, 0.972045976510262)",1,96.94322672114724,47674
"(0.9502288074111276, 0.9786694888904832)",1,96.94316953489272,47675
"(0.9028964862298196, 0.972420634920635)",1,96.94312032702778,47676
"(0.9748461391725148, 1.0)",1,96.94310768257536,47677
"(0.4139252838240179, 0.9783716624971414)",1,96.94305982919578,47678
"(0.6154433311277057, 1.0)",1,96.94296841146488,47679
"(0.864057359093178, 0.975675542415073)",1,96.94285390865288,47680
"(0.7781407751391581, 0.9760133410378676)",2,96.94283434059824,47682
"(0.8475002808673183, 0.972420634920635)",1,96.9428060428738,47683
"(0.4130640425070805, 0.9746578661791756)",1,96.94266660150656,47684
"(0.8428883536673643, 0.9736842105263158)",1,96.9426564968778,47685
"(0.9225446428571428, 0.9749656593406592)",1,96.94258744658931,47686
"(0.9140194694749032, 0.9735486410250802)",1,96.9424216765771,47687
"(0.987463247273494, 0.9958292603453894)",1,96.94240213259562,47688
"(0.9427148033126296, 0.9716190476190476)",1,96.94238977843584,47689
"(0.838301471154743, 0.972045976510262)",1,96.94238412156008,47690
"(0.7461621541348561, 0.9736189431913116)",3,96.94230761006284,47693
"(0.3929204539802519, 0.9988619159967322)",1,96.9422716347912,47694
"(0.8846362470895226, 0.9713574016563148)",1,96.94223574842688,47695
"(0.5130229932669931, 0.9981012669018314)",1,96.94223478454252,47696
"(0.8071948928825261, 0.9861673414304992)",1,96.94221590314687,47697
"(0.6933160650937552, 0.9764666952752286)",2,96.9422131905104,47699
"(0.7620265151515151, 0.9749656593406592)",2,96.94217891049404,47701
"(0.930124456440246, 0.972045976510262)",1,96.942142950873,47702
"(0.8948142000428356, 0.9749656593406592)",1,96.94212236842976,47703
"(0.8490208544183524, 0.972281746031746)",1,96.94210215509376,47704
"(0.9712822597033124, 0.9714285714285714)",1,96.94208076292006,47705
"(0.8958208965097509, 0.9958292603453894)",1,96.94200877520564,47706
"(0.9302688539530646, 0.9735486410250802)",1,96.94200041749338,47707
"(0.9746535316523212, 0.9958292603453894)",1,96.94188869090152,47708
"(0.9958292603453894, 1.0)",1,96.94188395289848,47709
"(0.8701817267182292, 0.9736189431913116)",1,96.94171545772645,47710
"(0.4787519493971895, 0.9899983116452704)",1,96.94170834545332,47711
"(0.9603476243044132, 0.97502985598876)",1,96.94169895613524,47712
"(0.8071948928825261, 0.9861673414304992)",1,96.94166473474354,47713
"(0.7453765521802005, 0.9770268172641052)",1,96.94165586511188,47714
"(0.5685296942699924, 0.9827699457566198)",1,96.9414982125064,47715
"(0.8996408045977011, 0.9749910873440284)",1,96.9414874126944,47716
"(0.4860887005222129, 0.9899983116452704)",1,96.94144889172706,47717
"(0.8491999910545297, 0.9753378406526394)",3,96.94138737608851,47720
"(0.3793588847294121, 0.977361833580866)",1,96.94138203697162,47721
"(0.9665633291439744, 0.9958292603453894)",1,96.94138059536472,47722
"(0.9162596992611264, 0.972420634920635)",1,96.94131253672948,47723
"(0.7103786816269286, 0.9736842105263158)",1,96.94125931830344,47724
"(0.7439465140123034, 0.9747507916611692)",1,96.9412050363554,47725
"(0.4670357941834451, 0.994669914502554)",1,96.9411915732466,47726
"(0.8221762134805614, 0.972045976510262)",1,96.94113071498202,47727
"(0.8593554593554595, 0.9861673414304992)",1,96.94110748513938,47728
"(0.9354654378932672, 0.9756756756756756)",3,96.94108615869462,47731
"(0.8743078626799556, 0.972045976510262)",1,96.94104119976456,47732
"(0.8311329582337986, 0.972045976510262)",1,96.94093156703936,47733
"(0.436582475645901, 0.9783716624971414)",1,96.94087757613644,47734
"(0.9309563801089225, 0.972281746031746)",1,96.94080513895337,47735
"(0.5015191675794085, 0.986249032863116)",1,96.94079679301106,47736
"(0.8044914258149553, 0.972045976510262)",1,96.94071985899728,47737
"(0.842200034135518, 0.9714285714285714)",3,96.94066753404354,47740
"(0.4996495707241371, 0.99249924969988)",1,96.9406644840698,47741
"(0.8791645439245395, 0.9735486410250802)",3,96.94062510598694,47744
"(0.5112838915470493, 0.992345717416214)",3,96.94051074545,47747
"(0.8311329582337986, 0.972045976510262)",1,96.94041567673024,47748
"(0.3471124103309341, 0.9935041393887948)",2,96.9403928178076,47750
"(0.5147068703695182, 0.9899983116452704)",1,96.94035732752008,47751
"(0.8604872251931075, 0.972045976510262)",1,96.94025481182123,47752
"(0.9188863189008992, 0.9767441860465116)",1,96.9402015729863,47753
"(0.8955173107890498, 0.9749910873440284)",2,96.94011319353112,47755
"(0.5004274455385378, 0.9975000781372088)",1,96.94010406196854,47756
"(0.7665484369555701, 0.9764666952752286)",1,96.94009887225806,47757
"(0.7045138786538933, 0.9973471509396088)",1,96.93999762100604,47758
"(0.4330451959188837, 0.9912488373656227)",3,96.93998060895466,47761
"(0.809910701215049, 0.972045976510262)",1,96.93995571662607,47762
"(0.7296277808577878, 0.9729729482952526)",1,96.93989367324824,47763
"(0.874047619047619, 0.972045976510262)",2,96.93982221860436,47765
"(0.9036271334014516, 0.973644533579391)",1,96.93981274555424,47766
"(0.9791388745136372, 0.9958292603453894)",1,96.93971613355468,47767
"(0.8596618357487924, 0.972045976510262)",1,96.93966177715724,47768
"(0.9427148033126296, 0.9715593185206444)",1,96.9396551168835,47769
"(0.9335837499903572, 0.9736189431913116)",1,96.93963318272084,47770
"(0.4925285484808521, 0.9974998905914936)",1,96.93962158897686,47771
"(0.5176663811175343, 0.992345717416214)",3,96.9396162771316,47774
"(0.8512737540052664, 0.9736189431913116)",1,96.93956757535372,47775
"(0.3052315202063375, 0.9981012669018314)",1,96.93955120202315,47776
"(0.8227768765625336, 0.9756756756756756)",1,96.93945138325256,47777
"(0.4860887005222129, 0.9899983116452704)",2,96.93943513459963,47779
"(0.9210526315789472, 0.9736189431913116)",1,96.9394122800168,47780
"(0.8996392387758612, 0.9873891625615764)",1,96.93935316957852,47781
"(0.7261814100818125, 1.0)",1,96.9393444106934,47782
"(0.3987913031507923, 0.9770254849766842)",1,96.93931728512035,47783
"(0.8948142000428356, 0.9749656593406592)",1,96.93928417034392,47784
"(0.1622580530787919, 0.9981012669018314)",1,96.93927854492368,47785
"(0.2184301094356221, 0.9969573675011548)",1,96.93927119386156,47786
"(0.4955203630891704, 0.9912503691873502)",1,96.93926640322172,47787
"(0.8715701474388204, 0.972281746031746)",1,96.93923282911074,47788
"(0.6611718926579557, 0.9722222222222222)",1,96.9391604267887,47789
"(0.8887419165196944, 0.972045976510262)",1,96.93913798980482,47790
"(0.8876473063973064, 0.972420634920635)",1,96.93907490451518,47791
"(0.8318290279074593, 0.9861673414304992)",1,96.93906817103888,47792
"(0.779286067193676, 0.9749910873440284)",1,96.93905152015532,47793
"(0.8887419165196944, 0.972045976510262)",1,96.93894978787397,47794
"(0.6730510127402202, 0.9736842105263158)",1,96.9388849443384,47795
"(0.8148308968977662, 0.9861673414304992)",1,96.938833540969,47796
"(0.4319035504296698, 0.9962501582231502)",1,96.93882506814764,47797
"(0.4009727434617732, 0.9958099132756668)",1,96.93872329450652,47798
"(0.9832925076188832, 0.9958292603453894)",1,96.93869187698436,47799
"(0.9874877810361682, 0.9958292603453894)",1,96.93859086998668,47800
"(0.8596618357487924, 0.972045976510262)",1,96.93855396167598,47801
"(0.925438675470188, 0.9749656593406592)",1,96.9384522346808,47802
"(0.7373912573159345, 0.9722222222222222)",1,96.9384278983825,47803
"(0.8715701474388204, 0.972045976510262)",2,96.9383524867936,47805
"(0.8451478848040399, 0.972045976510262)",1,96.93832327535512,47806
"(0.6020449077786688, 0.9764666952752286)",1,96.93823820899966,47807
"(0.8592657752039796, 0.972045976510262)",1,96.93822214217602,47808
"(0.9388917411828462, 0.9680383516315252)",1,96.93818602001932,47809
"(0.9140194694749032, 0.9735486410250802)",2,96.93815051914716,47811
"(0.8221762134805614, 0.972045976510262)",2,96.9381325373784,47813
"(0.3629356836243083, 0.9763487595103286)",1,96.93813083720204,47814
"(0.9790693693461476, 0.9958292603453894)",1,96.93806148691957,47815
"(0.8043167829966709, 0.9773648571145208)",3,96.93805918453847,47818
"(0.5111055664919109, 0.9799991247319492)",1,96.93803838650987,47819
"(0.9064143587480232, 0.9735486410250802)",1,96.93798617638676,47820
"(0.8605691443799373, 0.9736189431913116)",1,96.93796227290058,47821
"(0.3828732626211156, 0.9763451296600468)",1,96.93772771366557,47822
"(0.8581022152450725, 0.972045976510262)",2,96.93767932555504,47824
"(0.9140194694749032, 0.9735486410250802)",1,96.93765903356936,47825
"(0.842200034135518, 0.9714285714285714)",1,96.93760270891175,47826
"(0.4085833743236595, 0.9973471509396088)",1,96.93754742422588,47827
"(0.9069647153947764, 0.9714285714285714)",1,96.93749691201792,47828
"(0.8451478848040399, 0.972045976510262)",1,96.93749062128174,47829
"(0.8596618357487924, 0.972045976510262)",1,96.93744379563071,47830
"(0.8680947159565582, 0.9735486410250802)",1,96.93738176641062,47831
"(0.7002945207922506, 0.9736842105263158)",3,96.93733413133356,47834
"(0.9505232430050672, 0.9681034738761426)",1,96.93732886371798,47835
"(0.5009421228446381, 0.9962497362353954)",1,96.93729753328216,47836
"(0.7401844059863599, 0.972420634920635)",1,96.93729545063702,47837
"(0.8318290279074593, 0.9861673414304992)",2,96.93712081128476,47839
"(0.8791645439245395, 0.9735486410250802)",1,96.93711330723112,47840
"(0.531676585713205, 0.9746587689338054)",1,96.937090017421,47841
"(0.4901583010700104, 0.9743238319930138)",1,96.9370697804064,47842
"(0.9502288074111276, 0.9751409401578528)",1,96.93706276378862,47843
"(0.8055362654320989, 0.972420634920635)",1,96.93706191881093,47844
"(0.8604306971015356, 0.9861673414304992)",1,96.93692897594278,47845
"(0.9122507070492478, 0.9749656593406592)",1,96.93683121317918,47846
"(0.6090338127294983, 0.9825005469604624)",1,96.9367708758,47847
"(0.7280701754385965, 0.9736842105263158)",1,96.93670397935156,47848
"(0.9573389777809668, 0.9681034738761426)",3,96.93657672145004,47851
"(0.5353461588384578, 0.992345717416214)",2,96.93648857246568,47853
"(0.4987398156700754, 0.9987499746026686)",1,96.93643646624804,47854
"(0.8715701474388204, 0.972045976510262)",1,96.9364265401522,47855
"(0.843730230395311, 0.9764666952752286)",1,96.936414413927,47856
"(0.8751897860593512, 0.972420634920635)",1,96.93641204924091,47857
"(0.5103469782909699, 0.9899983116452704)",1,96.93639021757508,47858
"(0.8568754545843494, 0.972045976510262)",1,96.93623554291584,47859
"(0.9645938855657314, 0.9751409401578528)",1,96.9361630720229,47860
"(0.683178560611297, 0.9787161311933212)",1,96.9361453243567,47861
"(0.930124456440246, 0.972045976510262)",1,96.93603883161724,47862
"(0.5315840982557501, 0.9760074741859026)",1,96.93602389647695,47863
"(0.5715397013354384, 0.9915979987899244)",1,96.93600733385256,47864
"(0.6543756204625482, 0.9962497362353954)",1,96.93598632142871,47865
"(0.650138830416391, 0.9961927960732532)",1,96.93598483062134,47866
"(0.9640038239043044, 0.9714285714285714)",1,96.9359754261891,47867
"(0.9603476243044132, 0.97502985598876)",1,96.9358448402625,47868
"(0.901608756801166, 0.9773648571145208)",1,96.93583125152688,47869
"(0.4656077375766958, 0.9875)",1,96.9358217626924,47870
"(0.6809855026116619, 0.9749910873440284)",1,96.93572846738324,47871
"(0.4489727317392728, 0.9912488373656227)",1,96.93569747425823,47872
"(0.7179548459289354, 0.9756756756756756)",1,96.93565634793582,47873
"(0.8318916467605246, 0.9790538627996256)",1,96.93565344511391,47874
"(0.9539272400433172, 0.9680383516315252)",1,96.935511645759,47875
"(0.4806879036961406, 0.9937495603923254)",1,96.93538438648552,47876
"(0.9082051469489508, 0.9736189431913116)",1,96.9352826791568,47877
"(0.930124456440246, 0.972045976510262)",1,96.93526822466274,47878
"(0.7545918011034292, 0.9767441860465116)",1,96.93522923886694,47879
"(0.7778533896115083, 0.9736842105263158)",1,96.93521583546836,47880
"(0.3987913031507923, 0.9783716624971414)",1,96.93514371236932,47881
"(0.8014720606467073, 0.9790755481078062)",1,96.93513200395256,47882
"(0.8567210567210567, 0.9861673414304992)",4,96.93508131791894,47886
"(0.4366033352371548, 0.9783716624971414)",1,96.93503797568016,47887
"(0.5099356838822183, 0.9887498417768498)",1,96.93502055589504,47888
"(0.7992282793924381, 0.9764666952752286)",2,96.93498159550144,47890
"(0.6446866018103213, 0.9912493845492556)",1,96.93497877659102,47891
"(0.9210526315789472, 0.9736189431913116)",2,96.93490795318851,47893
"(0.6910881126324849, 0.9764666952752286)",1,96.93488591632745,47894
"(0.874047619047619, 0.972045976510262)",2,96.93486515288006,47896
"(0.9641028246291404, 0.9712822597033124)",1,96.93465163930114,47897
"(0.939055706563049, 0.9715593185206444)",1,96.93461429196556,47898
"(0.9876066164491212, 0.9958292603453894)",1,96.9345723053779,47899
"(0.560515701017249, 0.9837446903644088)",1,96.93455527022364,47900
"(0.7453765521802005, 0.972972972972973)",1,96.93454207250043,47901
"(0.8660316000154361, 0.9735486410250802)",1,96.93451967411038,47902
"(0.9916625936787228, 0.9958292603453894)",1,96.93446454306418,47903
"(0.9481583433433528, 0.9748802746905214)",1,96.93445782013562,47904
"(0.7805215455557322, 0.9735486410250802)",1,96.93435505379206,47905
"(0.8311329582337986, 0.972045976510262)",2,96.93434917091282,47907
"(0.8561103441223091, 0.972045976510262)",1,96.93432510893992,47908
"(0.8948142000428356, 0.9749656593406592)",1,96.93431911074865,47909
"(0.786508365740383, 0.9882048106149588)",1,96.9343076747725,47910
"(0.9603476243044132, 0.9714285714285714)",1,96.93427663659696,47911
"(0.9543883398911862, 0.9958292603453894)",1,96.9340244303969,47912
"(0.7378937728937729, 0.9870601047071634)",1,96.9340017177949,47913
"(0.6404368533365645, 0.9974998905914936)",1,96.93394005602856,47914
"(0.9677353740627908, 0.9713574016563148)",3,96.933928470359,47917
"(0.5908364220961908, 0.9874994529574682)",1,96.93385822471136,47918
"(0.331262443438914, 0.9908051099227568)",1,96.93381361338136,47919
"(0.8952438710847427, 0.9753378406526394)",3,96.9337283007159,47922
"(0.5922323439296439, 1.0)",3,96.93369955609695,47925
"(0.8770575330421131, 0.9756756756756756)",1,96.93363963121604,47926
"(0.917283950617284, 0.972420634920635)",1,96.93363620447931,47927
"(0.8581022152450725, 0.972045976510262)",1,96.93361641159056,47928
"(0.8627397499800719, 0.9736189431913116)",1,96.93356325961696,47929
"(0.502001702724359, 0.9975000781372088)",1,96.93352041217456,47930
"(0.9388917411828462, 0.9751409401578528)",1,96.933505174003,47931
"(0.7856964763329513, 0.972045976510262)",1,96.93346738974722,47932
"(0.9276343133138456, 0.9790540349287944)",3,96.9332868340861,47935
"(0.8074780204479453, 0.9749910873440284)",1,96.93324679598432,47936
"(0.8916138279602192, 0.9749692931061258)",1,96.93319383284658,47937
"(0.3701287531347074, 0.9817519571663216)",2,96.93313584951603,47939
"(0.8181654379194883, 0.9743589743589745)",1,96.93309813142837,47940
"(0.8758315541941273, 0.9735486410250802)",1,96.93297884532316,47941
"(0.502001702724359, 0.9962501582231502)",1,96.9329321631296,47942
"(0.915887675849288, 0.9726348259268816)",2,96.93287008529909,47944
"(0.888622291021672, 0.9749656593406592)",2,96.93285736207474,47946
"(0.5223113993157693, 0.9760128426873)",1,96.9328551808381,47947
"(0.9665633291439744, 0.9958292603453894)",1,96.93276401964935,47948
"(0.8996664258511047, 0.9736189431913116)",1,96.93275575891172,47949
"(0.9535144014828052, 0.9751409401578528)",1,96.93275115944432,47950
"(0.8995772689779955, 0.9749656593406592)",1,96.93274673953616,47951
"(0.9288982963016116, 0.9715593185206444)",1,96.93273966975168,47952
"(0.8715701474388204, 0.972281746031746)",1,96.93259454177776,47953
"(0.7805215455557322, 0.9735486410250802)",1,96.93256471896623,47954
"(0.1820732552439869, 0.9870601047071634)",1,96.93254340106832,47955
"(0.9156086605607608, 0.9735486410250802)",2,96.9325153920779,47957
"(0.4417550225252648, 0.9862486031467684)",1,96.9325078447425,47958
"(0.950392857142857, 0.9749656593406592)",1,96.93245581724432,47959
"(0.950392857142857, 0.9749656593406592)",1,96.93244271155484,47960
"(0.9372650231764934, 0.9748524098350704)",1,96.93243154292205,47961
"(0.6022961136704902, 0.9805457075637216)",3,96.93238334919462,47964
"(0.6767580302172832, 0.972281746031746)",1,96.93225733120518,47965
"(0.6085487618529295, 0.9767441860465116)",1,96.93214132873948,47966
"(0.7907680396814234, 0.9766891918497548)",1,96.93203318558388,47967
"(0.4168399821364511, 0.9899983116452704)",1,96.93201353452628,47968
"(0.8645256232686982, 0.9736842105263158)",1,96.93190754985352,47969
"(0.8631546198466533, 0.9764666952752286)",1,96.93174387079512,47970
"(0.8880748880748881, 0.972281746031746)",2,96.93161046646728,47972
"(0.9677353740627908, 0.967895529128406)",2,96.93154372484427,47974
"(0.838301471154743, 0.972045976510262)",1,96.93154103085888,47975
"(0.6767580302172832, 0.972281746031746)",2,96.93150814469467,47977
"(0.4787519493971895, 0.9912488373656227)",2,96.93143857501266,47979
"(0.8829656107481818, 0.9735486410250802)",2,96.93140830500452,47981
"(0.5715397013354384, 0.9888476816656392)",3,96.93140667714846,47984
"(0.8561103441223091, 0.972045976510262)",1,96.93129678818632,47985
"(0.9140194694749032, 0.9735486410250802)",2,96.9312865012492,47987
"(0.9085605849871624, 0.9736189431913116)",1,96.93124895623646,47988
"(0.675924061824263, 0.972281746031746)",1,96.93124647154576,47989
"(0.9147108205622834, 0.9735486410250802)",1,96.93121856810563,47990
"(0.6910881126324849, 0.9764666952752286)",1,96.9311987120518,47991
"(0.7665484369555701, 0.9764666952752286)",1,96.93117383306247,47992
"(0.7675031231329097, 0.9736189431913116)",1,96.9311082102193,47993
"(0.8829656107481818, 0.9736189431913116)",1,96.93108467030642,47994
"(0.8701817267182292, 0.9736189431913116)",1,96.9310538989004,47995
"(0.5626274989800081, 0.9764666952752286)",1,96.93099254983667,47996
"(0.902192297684101, 0.9722222222222222)",1,96.93093557908664,47997
"(0.9609357631051972, 0.9751409401578528)",1,96.93087262013591,47998
"(0.8395301149279116, 0.9764666952752286)",1,96.93085509226162,47999
"(0.4826454099840705, 0.9912488373656227)",2,96.93082878880472,48001
"(0.8074780204479453, 0.9749910873440284)",1,96.93082323209885,48002
"(0.8715701474388204, 0.972281746031746)",1,96.93077545172544,48003
"(0.6361158710730316, 0.9764666952752286)",1,96.93070931483108,48004
"(0.874047619047619, 0.972045976510262)",1,96.93069903415277,48005
"(0.899240792038576, 0.9736842105263158)",3,96.93068243783674,48008
"(0.7977749180480272, 0.9861673414304992)",1,96.93067032963296,48009
"(0.7729742929217565, 0.975675542415073)",1,96.93061375234724,48010
"(0.7803195571784078, 0.9736842105263158)",2,96.93058161965186,48012
"(0.8428883536673643, 0.9736842105263158)",1,96.93057769602508,48013
"(0.8716153127917834, 0.9861673414304992)",1,96.93046228944242,48014
"(0.8627397499800719, 0.9735486410250802)",1,96.93042795058054,48015
"(0.9916585206907788, 0.9958292603453894)",1,96.93040067377044,48016
"(0.2573753482290067, 0.9977203590215908)",1,96.93030029662954,48017
"(0.7935498742420971, 0.9779870235853187)",1,96.93026227084265,48018
"(0.9309563801089225, 0.972281746031746)",1,96.93025553672202,48019
"(0.8891825109620656, 0.9790540349287944)",1,96.93008461360036,48020
"(0.5562558356676003, 0.9861673414304992)",1,96.93008033845707,48021
"(0.7602379596828609, 0.9749910873440284)",1,96.9300579589369,48022
"(0.7668537890977591, 0.9770268172641052)",1,96.93004128722391,48023
"(0.3600029483220985, 0.9881169397836)",1,96.9299696976453,48024
"(0.1751566951566951, 0.9870601047071634)",1,96.92987375891528,48025
"(0.6526770767943084, 0.972045976510262)",1,96.92985402914648,48026
"(0.6194163158907553, 0.9937495603923254)",1,96.92970599079251,48027
"(0.5942040059498339, 0.9862497206293536)",3,96.92969420524533,48030
"(0.9392111404005912, 0.9715593185206444)",1,96.9296816009466,48031
"(0.7794241245535004, 0.972420634920635)",1,96.92957109634604,48032
"(0.4495135398715946, 0.9981012669018314)",1,96.9295066827424,48033
"(0.9643944553313464, 0.9764666952752286)",2,96.92948342279374,48035
"(0.1751566951566951, 0.9870601047071634)",1,96.92942249041742,48036
"(0.9916585206907788, 0.9958292603453894)",1,96.9294148886618,48037
"(0.8453177368288579, 0.9736189431913116)",3,96.92941209901495,48040
"(0.9049688873143666, 0.9736189431913116)",1,96.92939241580387,48041
"(0.6260123507862112, 0.9764666952752286)",1,96.92935150684872,48042
"(0.4040852415236651, 0.9870601047071634)",1,96.92928347243848,48043
"(0.911577306111922, 0.9735486410250802)",3,96.92925166523102,48046
"(0.8389313963994772, 0.977027027027027)",2,96.9291169074456,48048
"(0.865587044534413, 0.9736842105263158)",1,96.92906846681002,48049
"(0.9110813074094206, 0.9764666952752286)",1,96.92900541768223,48050
"(0.4935497074925994, 0.9937501074421884)",1,96.92898502615434,48051
"(0.9064143587480232, 0.9735486410250802)",2,96.928949875681,48053
"(0.6415148305084746, 0.9749910873440284)",1,96.92885940977628,48054
"(0.4508193203901878, 0.9962497362353954)",1,96.9288560595134,48055
"(0.6496381380870513, 0.9770268172641052)",1,96.9288143276118,48056
"(0.6415148305084746, 0.9749910873440284)",1,96.92876962857405,48057
"(0.7002945207922506, 0.9736842105263158)",1,96.92873231088996,48058
"(0.838301471154743, 0.972045976510262)",1,96.9286156897557,48059
"(0.9750072792119512, 0.9958292603453894)",1,96.92860690745243,48060
"(0.8592657752039796, 0.972045976510262)",1,96.92847005338685,48061
"(0.785056584180393, 0.9770268172641052)",1,96.92843060196856,48062
"(0.6260123507862112, 0.9764666952752286)",1,96.9281855578552,48063
"(0.4994316028798788, 0.9872890642121412)",1,96.92809204575477,48064
"(0.6983464132286942, 0.9767441860465116)",1,96.92808210992428,48065
"(0.9122507070492478, 0.9749656593406592)",1,96.9279951496855,48066
"(0.9505232430050672, 0.9680383516315252)",1,96.92795415742374,48067
"(0.9276343133138456, 0.9787161797779323)",1,96.92792964693555,48068
"(0.5236119402985074, 0.9899996874511642)",1,96.92788170149326,48069
"(0.835943054212425, 0.9735486410250802)",1,96.92780181058365,48070
"(0.843730230395311, 0.9764666952752286)",1,96.92776719801356,48071
"(0.943552974917135, 0.9714285714285714)",1,96.92772929334512,48072
"(0.514585158944719, 0.9988619159967322)",1,96.92764695703409,48073
"(0.5356100633781995, 0.9764666952752286)",1,96.9275194665412,48074
"(0.6981216457960644, 0.9767441860465116)",1,96.92751238864108,48075
"(0.8722751392320632, 0.9719590017973118)",1,96.92747991469956,48076
"(0.8715701474388204, 0.972045976510262)",2,96.9274775070967,48078
"(0.9238400660955778, 0.9678176625650188)",2,96.92747062309986,48080
"(1.0, 0.9958292603453894)",1,96.9274692331726,48081
"(0.8160331384015596, 0.9779870235853187)",1,96.92744732246082,48082
"(0.6910881126324849, 0.9764666952752286)",1,96.92742723962496,48083
"(0.7289193040024178, 0.9736842105263158)",1,96.9273013663464,48084
"(0.7668537890977591, 0.9766879040584532)",1,96.92729407750824,48085
"(0.7481666755361609, 0.9764666952752286)",1,96.92728450284042,48086
"(0.4489727317392728, 0.9899983116452704)",1,96.92728128340194,48087
"(0.418728666447884, 0.9962497362353954)",1,96.9272793150946,48088
"(0.9609357631051972, 0.9716190476190476)",1,96.92727749704372,48089
"(0.4778749419158613, 0.9900001875105474)",1,96.92724841530055,48090
"(0.8589064384650125, 0.9748802746905214)",1,96.9270724103313,48091
"(0.8829656107481818, 0.9736189431913116)",1,96.92695675477866,48092
"(0.9669558693467613, 0.9958292603453894)",1,96.9269554977698,48093
"(0.9958292603453894, 1.0)",1,96.92688309051329,48094
"(0.9958292603453894, 0.9958292603453894)",1,96.92687229968324,48095
"(0.8442988787957741, 0.9739850523550856)",1,96.92686673549498,48096
"(0.5747990867579909, 0.99249924969988)",1,96.92683469752976,48097
"(0.8619023359137593, 0.9735486410250802)",1,96.92668890655322,48098
"(0.9916585206907788, 0.9958292603453894)",1,96.92660452676208,48099
"(0.8874191651969431, 0.972420634920635)",1,96.92658997974831,48100
"(0.7885047499939597, 0.9764666952752286)",2,96.92646003043826,48102
"(0.9308697752778572, 0.9712822597033124)",1,96.9264411604034,48103
"(0.5827601051042656, 0.984995779113176)",1,96.92642878079232,48104
"(0.8194074731341813, 0.9861673414304992)",1,96.92638567352984,48105
"(0.9082051469489508, 0.9736189431913116)",1,96.9263387732683,48106
"(0.8499431760854415, 0.9760133410378676)",1,96.926292070084,48107
"(0.947035873779261, 0.9786694888904832)",1,96.9262770215701,48108
"(0.9876221896383188, 0.9958292603453894)",1,96.92624066409472,48109
"(0.842200034135518, 0.9714285714285714)",1,96.92620081836272,48110
"(0.8887419165196944, 0.972045976510262)",1,96.92609703155124,48111
"(0.6198039215686275, 0.986245936653225)",1,96.92609189750743,48112
"(0.8402876991030895, 0.9767441860465116)",1,96.92604739055218,48113
"(0.2104254576695934, 1.0)",1,96.9259598730092,48114
"(0.4844841746794872, 0.9899983116452704)",2,96.92592126253037,48116
"(0.8309403153153152, 0.9735486410250802)",1,96.92591922251276,48117
"(0.946492548547343, 0.9680383516315252)",1,96.92588833379516,48118
"(0.7665484369555701, 0.9764666952752286)",1,96.92581260583562,48119
"(0.8777008472715792, 0.974324089883412)",1,96.9257307540422,48120
"(0.9712822597033124, 0.9678176625650188)",1,96.92569735022695,48121
"(0.8891825109620656, 0.9746614246984826)",1,96.9256914444148,48122
"(0.8996664258511047, 0.9736189431913116)",1,96.92566301423508,48123
"(0.9162596992611264, 0.972045976510262)",1,96.92564315490826,48124
"(0.9643944553313464, 0.9764666952752286)",1,96.92559113122358,48125
"(0.6415148305084746, 0.9749910873440284)",1,96.9255143914101,48126
"(0.8948142000428356, 0.9749656593406592)",1,96.9254470406028,48127
"(0.5678747591522157, 0.9962497362353954)",1,96.92526269393431,48128
"(0.9860411258716344, 0.972045976510262)",1,96.92520018135085,48129
"(0.8152898027898028, 0.9861673414304992)",1,96.92518545367628,48130
"(0.7736869137404373, 0.9735486410250802)",1,96.92518139800504,48131
"(0.9064143587480232, 0.9735486410250802)",1,96.92516526857666,48132
"(0.8791645439245395, 0.9735486410250802)",2,96.92504900958896,48134
"(0.3545856375860411, 1.0)",1,96.92504645683552,48135
"(0.4935497074925994, 0.9974998905914936)",1,96.92503919566758,48136
"(0.606993006993007, 1.0)",1,96.925030577647,48137
"(0.8592657752039796, 0.972045976510262)",1,96.92500123281452,48138
"(0.9212328545548654, 0.9751409401578528)",1,96.92498512660887,48139
"(0.6809855026116619, 0.9749910873440284)",1,96.92496188669372,48140
"(0.8581022152450725, 0.972045976510262)",2,96.92489884291564,48142
"(0.9505232430050672, 0.9751409401578528)",1,96.92488732505367,48143
"(0.9210526315789472, 0.9736189431913116)",1,96.92488558277851,48144
"(0.4921512824029625, 0.9924987337339528)",2,96.92473139591772,48146
"(0.8596618357487924, 0.972045976510262)",1,96.92461753221944,48147
"(0.9122507070492478, 0.9749656593406592)",1,96.92460412721456,48148
"(0.8715701474388204, 0.972045976510262)",1,96.92452869496078,48149
"(0.7481666755361609, 0.9764666952752286)",1,96.9243989076029,48150
"(0.6730510127402202, 0.9736842105263158)",1,96.92436932104326,48151
"(0.4216104635189764, 0.9987499746026686)",1,96.92433877057294,48152
"(0.5012820344246796, 0.9900003125488358)",1,96.92429691848906,48153
"(0.6164277827081168, 0.9767441860465116)",1,96.92426721684951,48154
"(0.3751155993044512, 0.9773596621751468)",1,96.92423276238122,48155
"(0.5730351811691473, 0.9827699457566198)",1,96.92420536084074,48156
"(0.9049688873143666, 0.9736189431913116)",1,96.92418288901816,48157
"(0.983305541180304, 0.9958292603453894)",1,96.9241695865456,48158
"(0.8512737540052664, 0.9736189431913116)",1,96.924106299285,48159
"(0.4460735930735931, 0.9900003125488358)",3,96.92401199688916,48162
"(0.9958292603453894, 1.0)",1,96.92398948687354,48163
"(0.943552974917135, 0.9713574016563148)",1,96.92398854736608,48164
"(0.8326036088194143, 0.972045976510262)",1,96.92394599785376,48165
"(0.8916138279602192, 0.97502985598876)",1,96.92391575321744,48166
"(0.4906095585257189, 0.9862497206293536)",3,96.92358597706374,48169
"(0.9750072792119512, 1.0)",1,96.9234950323654,48170
"(0.2104254576695934, 0.9992431829362568)",3,96.92344441657843,48173
"(0.8592657752039796, 0.972045976510262)",1,96.9232681602551,48174
"(0.9064143587480232, 0.9735486410250802)",1,96.92321550580924,48175
"(0.4776877676981033, 0.9861179487179488)",1,96.92321223852056,48176
"(0.8715701474388204, 0.972045976510262)",2,96.92319566152936,48178
"(0.9311507936507936, 0.9861673414304992)",1,96.923169844969,48179
"(0.7280701754385965, 0.9736842105263158)",1,96.92314995072148,48180
"(0.7516483516483518, 0.972420634920635)",1,96.92314420037737,48181
"(0.9073492428586464, 0.9714285714285714)",1,96.92310825669,48182
"(0.7304742252709461, 0.9764666952752286)",1,96.92299185806458,48183
"(0.915887675849288, 0.9753378406526394)",1,96.9229596685196,48184
"(0.8596618357487924, 0.9861673414304992)",1,96.92294582185514,48185
"(0.9450323339212228, 0.972045976510262)",1,96.92286659478208,48186
"(0.7882395382395383, 0.972045976510262)",1,96.92284259545958,48187
"(0.7942038054814895, 0.9861673414304992)",1,96.9228126871184,48188
"(0.5166535087719297, 0.99)",1,96.92270629918272,48189
"(0.8627397499800719, 0.9736189431913116)",3,96.92268509683856,48192
"(0.8199566964749151, 0.9780434995701116)",1,96.9225978904344,48193
"(0.9502288074111276, 0.9751409401578528)",1,96.92259312442113,48194
"(0.4730875285978567, 0.9912488373656227)",1,96.92258266453167,48195
"(0.874047619047619, 0.972045976510262)",1,96.92256747291604,48196
"(0.835943054212425, 0.9735486410250802)",1,96.92251846769452,48197
"(0.5221840311996069, 1.0)",1,96.92249297004372,48198
"(0.4847252958987063, 0.9987499746026686)",1,96.922484652083,48199
"(0.8071948928825261, 0.9861673414304992)",1,96.92236322293236,48200
"(0.9750481776288228, 0.9958292603453894)",1,96.9221905444631,48201
"(0.6456925128205129, 0.9937498730133428)",1,96.92214870236909,48202
"(0.8226023448010763, 0.9764666952752286)",1,96.92212127651126,48203
"(0.8478418336329888, 0.991206314397104)",1,96.92211222817016,48204
"(0.9259740526337398, 0.9714285714285714)",1,96.92198822313767,48205
"(0.9310391447174572, 0.9773648571145208)",1,96.92192700270192,48206
"(0.4806879036961406, 0.9899983116452704)",1,96.92185344759108,48207
"(0.8207953412961668, 0.9790537671709704)",1,96.921756100154,48208
"(0.911577306111922, 0.9735486410250802)",1,96.92172647016072,48209
"(0.8288092915955513, 0.9773648571145208)",3,96.92150687758485,48212
"(0.872151605428666, 0.9749656593406592)",1,96.92149503644023,48213
"(0.9743030741133208, 0.9958292603453894)",1,96.92147604860683,48214
"(0.492807005588115, 0.9975)",1,96.9214510516152,48215
"(0.8191170968948748, 0.9735486410250802)",1,96.92144576896574,48216
"(0.5056778729738882, 0.995)",1,96.9214219297845,48217
"(0.6969051878354204, 0.9764666952752286)",1,96.92139148362246,48218
"(0.3490394448502557, 0.9780368173552854)",1,96.9213770875308,48219
"(0.8719725743599862, 0.9736189431913116)",3,96.92137501479168,48222
"(0.8074780204479453, 0.9749910873440284)",1,96.92133889762124,48223
"(0.8404355452872972, 0.972045976510262)",1,96.92105058605522,48224
"(0.9427148033126296, 0.9680383516315252)",1,96.92103197030173,48225
"(0.9369891588710956, 0.9749910873440284)",1,96.9209749573385,48226
"(0.8581022152450725, 0.972045976510262)",1,96.92093519377184,48227
"(0.8616465603190429, 0.9749656593406592)",2,96.92076975454634,48229
"(0.4489727317392728, 0.987497889556588)",1,96.92073915264712,48230
"(0.8619023359137593, 0.9735486410250802)",1,96.92068004101732,48231
"(0.6730510127402202, 0.9736842105263158)",2,96.9206743926647,48233
"(0.5459165183258022, 0.999621402088958)",1,96.9206428187687,48234
"(0.960666032023912, 0.9678176625650188)",2,96.92060067009402,48236
"(0.8340166019865393, 0.9749910873440284)",1,96.9205737017412,48237
"(0.8227768765625336, 0.9753378406526394)",1,96.92054937908064,48238
"(0.5959779257772208, 0.9939021732552644)",1,96.92054271552792,48239
"(0.9916585206907788, 0.9958292603453894)",1,96.92032597829242,48240
"(0.4566269759061861, 0.9958142313520018)",1,96.92024389130744,48241
"(0.9012059369202228, 0.9749910873440284)",1,96.92019113976086,48242
"(0.97934925289764, 0.9958292603453894)",1,96.92018152209155,48243
"(0.9609357631051972, 0.9716190476190476)",1,96.92013464780516,48244
"(0.888945374800638, 0.9749656593406592)",1,96.92009292760088,48245
"(0.8868677229932935, 0.9736842105263158)",1,96.9199838553362,48246
"(0.7186738340996477, 0.9777027027027028)",1,96.919965337934,48247
"(0.6333118819585527, 0.9767441860465116)",1,96.91987271305328,48248
"(0.960666032023912, 0.967895529128406)",2,96.91984543254212,48250
"(0.8602650098786556, 0.9753377956157766)",1,96.91972547545512,48251
"(0.852, 0.9749910873440284)",1,96.91968772928182,48252
"(0.8795903283708161, 0.9712822597033124)",1,96.91967044212342,48253
"(0.5081592004685413, 0.9992424242424244)",1,96.91964418736804,48254
"(0.418728666447884, 0.995)",1,96.91958334238652,48255
"(0.8871966240387292, 0.972420634920635)",1,96.9195372850636,48256
"(0.8003813092161745, 0.9748802746905214)",1,96.91949236773884,48257
"(0.586479797979798, 0.9837506856336506)",1,96.91939683107832,48258
"(0.4904033495004767, 0.9764666952752286)",1,96.91934496400624,48259
"(0.7304742252709461, 0.9764666952752286)",1,96.91934418594694,48260
"(0.829593594810986, 0.9743589743589745)",1,96.91913001147624,48261
"(0.865587044534413, 0.969334154098697)",1,96.91897386868304,48262
"(0.9192093318943212, 0.9882048106149588)",1,96.91896149379446,48263
"(0.8193419055822156, 0.9722222222222222)",1,96.91893743482576,48264
"(0.7348436174331348, 0.972281746031746)",1,96.91891290364975,48265
"(0.8604306971015356, 0.9861673414304992)",1,96.9188129856718,48266
"(0.7434518366201162, 0.9734731918335766)",1,96.91871457795804,48267
"(0.9357803803339516, 0.9747507916611692)",1,96.91852642775552,48268
"(0.8384307029790694, 0.9787158688322009)",1,96.91846440374172,48269
"(0.4530386103743641, 0.9987499746026686)",1,96.91842335536576,48270
"(0.8715701474388204, 0.972281746031746)",1,96.91834714038274,48271
"(0.8758315541941273, 0.9735486410250802)",1,96.91832690159168,48272
"(0.7348436174331348, 0.972281746031746)",1,96.91827846783836,48273
"(0.4826454099840705, 0.98999899959984)",1,96.91822955607924,48274
"(0.8467135862913097, 0.9749656593406592)",1,96.91812776246972,48275
"(0.789994229453279, 0.972420634920635)",1,96.91811755471656,48276
"(0.7833537331701346, 0.9764666952752286)",1,96.91808987861153,48277
"(0.4330451959188837, 0.9912488373656227)",1,96.91805104804824,48278
"(0.9022759891180944, 0.972045976510262)",1,96.9180299670075,48279
"(0.598883501626719, 0.9887485051843724)",1,96.91794301396268,48280
"(0.8499431760854415, 0.9766889257895656)",3,96.91793660371316,48283
"(0.7002945207922506, 0.9736842105263158)",1,96.91786959148058,48284
"(0.4919916866987179, 0.9987499746026686)",2,96.9178588282857,48286
"(0.5064492753623188, 0.9837461134793682)",1,96.91784931199116,48287
"(0.9085605849871624, 0.9736189431913116)",3,96.9177588722514,48290
"(0.7306729085863257, 0.9919841011373568)",1,96.91773602357026,48291
"(0.9369138996969484, 0.9958292603453894)",1,96.9176703334063,48292
"(0.8340166019865393, 0.9749910873440284)",1,96.91763067172958,48293
"(0.4667544811866356, 0.9820912152329848)",1,96.91760666463044,48294
"(0.917849761232425, 0.9882048106149588)",1,96.91760192313257,48295
"(0.7308029243083128, 0.972281746031746)",1,96.91757448199998,48296
"(0.9003351064851267, 0.9712822597033124)",3,96.91755841276851,48299
"(0.5677961121688645, 0.9876734993299412)",1,96.91751270103192,48300
"(0.5176279025155472, 0.9900175419960736)",2,96.91744891004733,48302
"(0.8561103441223091, 0.972045976510262)",3,96.91736037128938,48305
"(0.8334750774705025, 0.976761412575366)",2,96.9173154217393,48307
"(0.8119035685645549, 0.9764666952752286)",1,96.9172409736166,48308
"(0.8746747225950852, 0.9736842105263158)",1,96.91721141282255,48309
"(0.9354654378932672, 0.9722972720025992)",2,96.9171941915062,48311
"(0.9379369827374928, 0.9678176625650188)",1,96.91715103524756,48312
"(0.4921512824029625, 0.9912488373656227)",1,96.9171457189129,48313
"(0.8066487122350412, 0.9767441860465116)",1,96.91713164327903,48314
"(0.519281985185043, 0.9892726282432164)",1,96.91712152311332,48315
"(0.4901583010700104, 0.9790540349287944)",1,96.91704026859416,48316
"(0.3918495706148258, 0.9984817852901372)",1,96.91689433574815,48317
"(0.7434518366201162, 0.9735486410250802)",1,96.91664602375684,48318
"(0.8145048060975228, 0.9735486410250802)",1,96.91662398734287,48319
"(0.8561103441223091, 0.972045976510262)",1,96.91645426238864,48320
"(0.9494594905410846, 0.967895529128406)",1,96.91641340210708,48321
"(0.7677237478025478, 0.9770268172641052)",1,96.9163556541096,48322
"(0.8043167829966709, 0.9777024991101152)",1,96.91632396803692,48323
"(0.8146183925150791, 0.9743589743589745)",1,96.91630195272737,48324
"(0.8715701474388204, 0.972281746031746)",1,96.91629207598936,48325
"(0.6415148305084746, 0.9749910873440284)",1,96.91626339864456,48326
"(0.4933386447129642, 0.9975000781372088)",1,96.9161672033634,48327
"(0.8459266053144301, 0.9749910873440284)",1,96.91615646024022,48328
"(0.7243716931216932, 0.972045976510262)",1,96.91611948621768,48329
"(0.9540153992631536, 0.9751409401578528)",1,96.91607025990416,48330
"(0.7430884778239842, 0.9699322162313562)",1,96.91599910811742,48331
"(0.7756320245634175, 0.975675542415073)",1,96.91599710335431,48332
"(0.6753328883574485, 0.972281746031746)",1,96.91594851706198,48333
"(0.9022759891180944, 0.972045976510262)",1,96.91573488165017,48334
"(0.8715701474388204, 0.972281746031746)",1,96.91570724118016,48335
"(0.7361988647484831, 0.9743589743589745)",1,96.91563715874236,48336
"(0.8616465603190429, 0.9749656593406592)",1,96.91563314594714,48337
"(0.7481666755361609, 0.9764666952752286)",1,96.915547805298,48338
"(0.7481666755361609, 0.9764666952752286)",1,96.91553495705776,48339
"(0.9490213526488036, 0.9958292603453894)",1,96.91550658034316,48340
"(0.7283553674089667, 0.975674676191496)",1,96.91549270311432,48341
"(0.9156086605607608, 0.9735486410250802)",1,96.91545047768244,48342
"(0.354927677182248, 0.9776995257010548)",1,96.91538513453416,48343
"(0.2214665086585351, 0.9931184132078772)",1,96.91534816650444,48344
"(0.846098299557419, 0.972420634920635)",1,96.91512734467256,48345
"(0.6415148305084746, 0.9749910873440284)",1,96.9148106091378,48346
"(0.9017715617715616, 0.9861673414304992)",1,96.91476573886727,48347
"(0.8768488063660478, 0.9749656593406592)",1,96.91468928121068,48348
"(0.4921211569947243, 0.9912504785343176)",1,96.9146345709399,48349
"(0.8490208544183524, 0.972281746031746)",2,96.91454766098084,48351
"(0.9309563801089225, 0.972281746031746)",1,96.91453200703444,48352
"(0.842200034135518, 0.9714285714285714)",1,96.9145138833534,48353
"(0.7639004270430678, 0.9756746761828256)",2,96.9144812642963,48355
"(0.5175813659509312, 0.9915713507625272)",3,96.91447720279352,48358
"(0.8221762134805614, 0.972045976510262)",2,96.91440486171822,48360
"(0.8317601729721721, 0.9779870235853187)",1,96.91439849050782,48361
"(0.4799413873705827, 0.9837828952239912)",1,96.91438679080598,48362
"(0.9516794286955578, 0.9958292603453894)",1,96.91438337139684,48363
"(0.8883678678403513, 0.9861673414304992)",1,96.91434722096282,48364
"(0.9225446428571428, 0.9749656593406592)",1,96.91432365865394,48365
"(0.838301471154743, 0.972045976510262)",2,96.91427045684648,48367
"(0.5049504801920769, 0.9975000781372088)",1,96.91418196846288,48368
"(0.930124456440246, 0.972045976510262)",1,96.9141341948691,48369
"(0.7772049591964847, 0.9722222222222222)",1,96.9140563345106,48370
"(0.7280701754385965, 0.9736842105263158)",1,96.9140077576398,48371
"(0.6415148305084746, 0.9749910873440284)",1,96.91390181399136,48372
"(0.8491340807583629, 0.9861673414304992)",1,96.91379984029813,48373
"(0.7243716931216932, 0.972045976510262)",1,96.91368678899042,48374
"(0.7084717607973421, 0.9764666952752286)",1,96.91359443763376,48375
"(0.8770575330421131, 0.974662153486404)",1,96.91343573948517,48376
"(0.9111482937118004, 0.9763503796221916)",1,96.9134101140162,48377
"(0.9574285714285714, 0.9716190476190476)",1,96.91335351454067,48378
"(0.4168399821364511, 0.9912488373656227)",2,96.91331501611806,48380
"(0.8592657752039796, 0.972045976510262)",1,96.91316353890046,48381
"(0.8680947159565582, 0.9735486410250802)",3,96.91309127052644,48384
"(0.5204993238647946, 1.0)",1,96.91308678102902,48385
"(0.3022368284830889, 0.9981012669018314)",1,96.91291908004118,48386
"(0.8207953412961668, 0.9783779637835908)",3,96.91285251374916,48389
"(0.6444891298012474, 0.972281746031746)",1,96.91278775862062,48390
"(0.8593554593554595, 0.9861673414304992)",1,96.9127852375018,48391
"(0.8208353559736048, 0.9722222222222222)",1,96.9127459143881,48392
"(0.9609357631051972, 0.9751409401578528)",1,96.91272146602448,48393
"(0.7980310463463742, 0.9770268172641052)",3,96.91266816132683,48396
"(0.9309563801089225, 0.972281746031746)",1,96.9126543451794,48397
"(0.8777335856148074, 0.9736842105263158)",1,96.91261375470523,48398
"(0.4590791029805835, 0.9975)",1,96.91254825492786,48399
"(0.8633407843934159, 0.9736842105263158)",1,96.91251202177818,48400
"(0.8229870141950848, 0.972281746031746)",1,96.91249746992672,48401
"(0.4611605493121345, 0.9987499746026686)",3,96.91247334600224,48404
"(0.6767580302172832, 0.972281746031746)",1,96.91246901075168,48405
"(0.8605691443799373, 0.9736189431913116)",1,96.9124487088032,48406
"(0.9502288074111276, 0.9751409401578528)",1,96.91243734706735,48407
"(0.7891673497098101, 0.9736842105263158)",1,96.9124029719756,48408
"(0.960666032023912, 0.9749692931061258)",1,96.9123882750092,48409
"(0.9253777472527472, 0.9749656593406592)",1,96.91238432819708,48410
"(0.9282083232965586, 0.9873891625615764)",1,96.91237480734756,48411
"(0.8459744503862151, 0.972045976510262)",1,96.91229563923186,48412
"(0.9064143587480232, 0.9735486410250802)",3,96.9122789848456,48415
"(0.8596618357487924, 0.972045976510262)",1,96.91222391409887,48416
"(0.9459285785969274, 0.9751409401578528)",1,96.9121315105452,48417
"(0.9004206187154333, 0.9691818330194464)",1,96.91206973615728,48418
"(0.863869697334692, 0.9735486410250802)",1,96.91202813149648,48419
"(0.8829656107481818, 0.9736189431913116)",1,96.91198418402207,48420
"(0.9712822597033124, 0.967895529128406)",2,96.91197260676556,48422
"(0.9210526315789472, 0.9736189431913116)",3,96.91184542438975,48425
"(0.9022759891180944, 0.972045976510262)",1,96.91175231311422,48426
"(0.8493268538892306, 0.9735486410250802)",3,96.91166023999683,48429
"(0.4776877676981033, 0.9958142313520018)",1,96.91163882764874,48430
"(0.8777008472715792, 0.9787161797779323)",1,96.91162321556936,48431
"(0.9354654378932672, 0.9726346885009908)",1,96.91160620102563,48432
"(0.7313829340058848, 0.9747507916611692)",1,96.91160212170058,48433
"(0.9835199925522506, 0.9958292603453894)",1,96.91154836250898,48434
"(0.947035873779261, 0.9751409401578528)",1,96.91145935705194,48435
"(0.8890021498999184, 0.972045976510262)",1,96.91141618365512,48436
"(0.987491854024112, 0.9958292603453894)",1,96.9113879729068,48437
"(0.4925733396357239, 0.9975000781372088)",1,96.91137134765368,48438
"(0.549813159936279, 0.9767441860465116)",1,96.91133916615048,48439
"(0.8493268538892306, 0.9735486410250802)",3,96.91122247983682,48442
"(0.9873444118605408, 0.9958292603453894)",1,96.91120293918368,48443
"(0.4706533101045296, 0.9974999218627912)",1,96.91112927877128,48444
"(0.8586166985951469, 0.972420634920635)",1,96.9110656695784,48445
"(0.8207953412961668, 0.9749976029312728)",1,96.91102347669325,48446
"(0.617608039964183, 0.9812496190400276)",1,96.91092956385114,48447
"(0.9450323339212228, 0.972045976510262)",1,96.91090948243674,48448
"(0.9134717985546716, 0.9753369286195892)",1,96.91087566723871,48449
"(0.8411857639615443, 0.9773648571145208)",1,96.9108617156191,48450
"(0.9860411258716344, 0.972045976510262)",2,96.9107994170606,48452
"(0.8751897860593512, 0.972420634920635)",1,96.91071175304369,48453
"(0.4739473684210526, 0.994999843725582)",1,96.91069339422366,48454
"(0.8459744503862151, 0.972045976510262)",1,96.91068178436652,48455
"(0.900838851006521, 0.9748802746905214)",1,96.91062210328448,48456
"(0.5922908221721781, 0.9912501504190636)",1,96.91060141563244,48457
"(0.8011433416753454, 0.9753374353135024)",2,96.91057390492092,48459
"(0.8428883536673643, 0.9736842105263158)",1,96.91045458501397,48460
"(0.9350193449813944, 0.9681034738761426)",3,96.9104190912431,48463
"(0.8715701474388204, 0.972045976510262)",1,96.91038757711608,48464
"(0.6458122469635628, 0.9736189431913116)",1,96.91026568350982,48465
"(0.8311329582337986, 0.972045976510262)",1,96.91021906344751,48466
"(0.8581022152450725, 0.972045976510262)",1,96.91017044179686,48467
"(0.8846362470895226, 0.9712822597033124)",1,96.91015548334006,48468
"(0.5685296942699924, 0.9827699457566198)",1,96.91011946783506,48469
"(0.8148308968977662, 0.972281746031746)",1,96.9100710915624,48470
"(0.8518001818001818, 0.9773648571145208)",1,96.91007056573524,48471
"(0.8416827657517105, 0.9722222222222222)",1,96.9100315133974,48472
"(0.8596618357487924, 0.972045976510262)",1,96.91001576073994,48473
"(0.9749625285109156, 0.9958292603453894)",1,96.90998207919012,48474
"(0.3939892055021426, 0.9780363960404532)",1,96.90991000341752,48475
"(0.8629617537954066, 0.9764666952752286)",1,96.90990205019148,48476
"(0.5305164278521484, 0.9865109565297244)",1,96.90989147946698,48477
"(0.8791645439245395, 0.9735486410250802)",1,96.90985974841996,48478
"(0.6329443208101642, 0.9780323022363212)",1,96.90985097732391,48479
"(0.4127533358159737, 0.9770204477634806)",1,96.90979663707776,48480
"(0.4937776876667119, 0.9937501074421884)",1,96.90976457172584,48481
"(0.8561103441223091, 0.972045976510262)",1,96.90971478233465,48482
"(0.679403773242835, 0.9923777165690804)",1,96.90951831244804,48483
"(0.4330451959188837, 0.99249924969988)",1,96.90948771841008,48484
"(0.6211534794826514, 1.0)",3,96.90948192240302,48487
"(0.9182966261114094, 0.9958292603453894)",1,96.90945207009912,48488
"(0.8491340807583629, 0.9861673414304992)",1,96.90930137439612,48489
"(0.9641028246291404, 0.9712822597033124)",1,96.90924178870551,48490
"(0.8318290279074593, 0.9861673414304992)",1,96.9092305728682,48491
"(0.9643944553313464, 0.9764666952752286)",2,96.90921273269969,48493
"(0.497102057514807, 0.97769521654307)",3,96.90919659700867,48496
"(0.6583271386230533, 0.9887497714240168)",1,96.90912703536274,48497
"(0.476767449342614, 0.9958142313520018)",1,96.90903691340762,48498
"(0.865587044534413, 0.9736842105263158)",2,96.90898733062586,48500
"(0.8451478848040399, 0.972045976510262)",1,96.90889253021128,48501
"(0.9791544477028348, 0.9958292603453894)",1,96.90883051105952,48502
"(0.828966378966379, 0.9722222222222222)",1,96.90880275766636,48503
"(0.8207953412961668, 0.9780401821284612)",1,96.9087546987752,48504
"(0.9712822597033124, 0.9713574016563148)",1,96.90873228716652,48505
"(0.6496381380870513, 0.977026271861202)",1,96.90872302418543,48506
"(0.911577306111922, 0.9735486410250802)",1,96.90867781496344,48507
"(0.8874191651969431, 0.9861673414304992)",1,96.90866781306748,48508
"(0.8050115655679925, 0.9790540349287944)",2,96.9086540418402,48510
"(0.6326954876802936, 0.9861673414304992)",1,96.90857976011988,48511
"(0.8201767124753505, 0.9736842105263158)",2,96.90848730242637,48513
"(0.9110813074094206, 0.9764666952752286)",2,96.90843717102358,48515
"(0.511612180189574, 1.0)",1,96.90831974752626,48516
"(0.8193928901539049, 0.9738603988603988)",1,96.90830188111188,48517
"(0.8596618357487924, 0.972045976510262)",1,96.90828603747912,48518
"(0.8307565789473685, 0.9735486410250802)",1,96.90820624283832,48519
"(0.9073492428586464, 0.971495851087688)",1,96.90810132965754,48520
"(0.8631546198466533, 0.9764666952752286)",2,96.90798914776984,48522
"(0.8768488063660478, 0.9749656593406592)",1,96.9079656260654,48523
"(0.4780938228629602, 0.9887506152584083)",3,96.90790778662252,48526
"(0.8311329582337986, 0.972045976510262)",1,96.90789485440048,48527
"(0.8455917807202996, 0.9764666952752286)",2,96.90783213022937,48529
"(0.9958292603453894, 0.9958292603453894)",1,96.90779059751922,48530
"(0.7578667911609088, 0.971495851087688)",1,96.9077501976314,48531
"(0.8734313112361893, 0.9722222222222222)",1,96.90759388868985,48532
"(0.4567442396313363, 0.9987499746026686)",2,96.90754408006092,48534
"(0.7348436174331348, 0.972281746031746)",1,96.9074915469979,48535
"(0.8799206023655463, 0.9790537671709704)",1,96.90747851785515,48536
"(0.9146901709401708, 0.972281746031746)",1,96.90743076701692,48537
"(0.8097000243032949, 0.9753378406526394)",2,96.90740209647726,48539
"(0.8050115655679925, 0.9743234803154612)",1,96.90728294587105,48540
"(0.7283553674089667, 0.9746618758582236)",1,96.90723367746226,48541
"(0.9791544477028348, 0.9958292603453894)",2,96.90722079443664,48543
"(0.9704226680823772, 0.9958292603453894)",1,96.9070248392237,48544
"(0.4330451959188837, 0.9899983116452704)",1,96.90695082254932,48545
"(0.3981075328134981, 0.9776978145078168)",1,96.906904307327,48546
"(0.4961453064375241, 0.9987499746026686)",2,96.90689442032529,48548
"(0.4946461141636722, 0.9900003125488358)",1,96.90685561328633,48549
"(0.9379369827374928, 0.9749692931061258)",3,96.90679581121528,48552
"(0.4627097155913258, 0.9753379138437942)",1,96.90660894687711,48553
"(0.8633407843934159, 0.9736842105263158)",1,96.90656143411282,48554
"(0.8475002808673183, 0.972420634920635)",1,96.90646355231806,48555
"(0.4499384836938269, 0.9975000781372088)",1,96.90639910422836,48556
"(0.9677353740627908, 0.9714285714285714)",1,96.90638115750995,48557
"(0.8148308968977662, 0.9722222222222222)",1,96.90637993331056,48558
"(0.9073492428586464, 0.97502985598876)",1,96.90636797798447,48559
"(0.2463156555806346, 0.9950429441987424)",3,96.90631792403316,48562
"(0.9609357631051972, 0.9712822597033124)",1,96.90627764131344,48563
"(0.598883501626719, 0.9887492087061858)",1,96.90627674795437,48564
"(0.947035873779261, 0.9716190476190476)",1,96.90608476622492,48565
"(0.5061994035863332, 0.9892380680602126)",3,96.90605301938712,48568
"(0.9958292603453894, 0.9958292603453894)",1,96.90603530642144,48569
"(0.5680245864444272, 0.9869877196075634)",1,96.90600898307538,48570
"(0.9528533742496432, 0.9678176625650188)",1,96.90600039759724,48571
"(0.8871966240387292, 0.972420634920635)",1,96.9059464704438,48572
"(0.8090208511560183, 0.9790540349287944)",1,96.9059387375741,48573
"(0.8996664258511047, 0.9736189431913116)",1,96.905879850449,48574
"(0.4770606415449292, 0.9899996874511642)",1,96.90586562917083,48575
"(0.8453177368288579, 0.9736189431913116)",1,96.90577769837392,48576
"(0.9041196741854636, 0.991206314397104)",1,96.90575639612956,48577
"(0.4919916866987179, 1.0)",1,96.90574606174954,48578
"(0.9916585206907788, 0.9958292603453894)",1,96.90573692284975,48579
"(0.8451478848040399, 0.972045976510262)",1,96.90570717950968,48580
"(0.6435039149365576, 0.996972731745028)",1,96.9056749404822,48581
"(0.9029270917406512, 0.972420634920635)",1,96.9056039016114,48582
"(0.8995772689779955, 0.9749656593406592)",1,96.9055590555995,48583
"(0.480394460898479, 0.98499849939976)",1,96.9054017972974,48584
"(0.846098299557419, 0.972420634920635)",1,96.90539027585936,48585
"(0.872151605428666, 0.9749656593406592)",1,96.90533628708542,48586
"(0.8393264911275135, 0.9753378406526394)",2,96.90532853040136,48588
"(0.6260123507862112, 0.9764666952752286)",1,96.90526745948569,48589
"(0.5633892584990641, 0.9876734993299412)",1,96.90525287414108,48590
"(0.6749447402728794, 0.9722222222222222)",2,96.90513623811022,48592
"(0.4847252958987063, 0.9874968730456536)",1,96.90507211136446,48593
"(0.9546499948224086, 0.9958292603453894)",1,96.905005248161,48594
"(0.8581022152450725, 0.972045976510262)",2,96.90489991377464,48596
"(0.865581803207783, 0.991206314397104)",1,96.90483989396344,48597
"(0.930124456440246, 0.972420634920635)",1,96.90471875405044,48598
"(0.95, 0.9716190476190476)",3,96.90450000041244,48601
"(0.9030683555945836, 0.9756753425211272)",2,96.90448812843093,48603
"(0.4806879036961406, 0.9899983116452704)",1,96.90431473775465,48604
"(0.7778533896115083, 0.9736842105263158)",2,96.90431263936908,48606
"(0.852, 0.9749910873440284)",1,96.90426680930273,48607
"(0.675924061824263, 0.972281746031746)",1,96.90425128206276,48608
"(0.5019450111046807, 0.9763451296600468)",1,96.90421765747612,48609
"(0.8016677935542034, 0.9833229101521784)",1,96.90415345494442,48610
"(0.5560019430987173, 0.9870601047071634)",1,96.90413460056556,48611
"(0.4559266852550434, 0.9900003125488358)",1,96.90406141289031,48612
"(0.9528533742496432, 0.9678176625650188)",2,96.90396091579112,48614
"(0.6767580302172832, 0.972281746031746)",1,96.90393152119488,48615
"(0.3434871832287562, 0.9975000781372088)",2,96.90392022141567,48617
"(0.4946461141636722, 0.9900003125488358)",3,96.90388113710338,48620
"(0.5147068703695182, 0.98999899959984)",1,96.9038222889687,48621
"(0.9916585206907788, 0.9958292603453894)",1,96.90372984841906,48622
"(0.7678405315614618, 0.9764666952752286)",1,96.90371413151315,48623
"(0.9833211143695014, 0.9958292603453894)",1,96.9036534159217,48624
"(0.8627397499800719, 0.9736189431913116)",1,96.90365127665874,48625
"(0.6085487618529295, 0.9767441860465116)",1,96.90362825440307,48626
"(0.9004206187154333, 0.9690968282937898)",1,96.90339098055416,48627
"(0.8227768765625336, 0.9756754535746712)",1,96.90332384781073,48628
"(0.7124497289735967, 0.9767441860465116)",1,96.90330077833728,48629
"(0.4687790549588952, 0.987497889556588)",1,96.90323034226786,48630
"(0.6064516441005803, 0.9787495682453646)",1,96.90312070282636,48631
"(0.6515958472021928, 0.9862497206293536)",3,96.90310483978018,48634
"(0.7885047499939597, 0.9764666952752286)",1,96.90306565408656,48635
"(0.915887675849288, 0.9729729482952189)",2,96.90299414680588,48637
"(0.4830767364322945, 0.9887485051843724)",1,96.9029491234798,48638
"(0.8701817267182292, 0.9736189431913116)",3,96.90292474969984,48641
"(0.8701817267182292, 0.9736189431913116)",1,96.90278418800224,48642
"(0.8524016298728943, 0.9748802746905214)",1,96.9027649811864,48643
"(0.518883018547448, 0.9958099132756668)",1,96.90273662218436,48644
"(0.5172164351851852, 0.9935041393887948)",3,96.90260643836504,48647
"(0.8645256232686982, 0.9736842105263158)",1,96.90259858448955,48648
"(0.4860887005222129, 0.9912488373656227)",1,96.9025412074146,48649
"(0.8110682791635173, 0.9861673414304992)",1,96.90253868756726,48650
"(0.7851227464298004, 0.9790537671709704)",1,96.90252787043528,48651
"(0.4983681052446587, 0.9937502637052502)",1,96.90248735652833,48652
"(0.9707095350359108, 0.9958292603453894)",1,96.90247865885824,48653
"(0.5032117384111402, 0.9849993435489618)",1,96.90244939794842,48654
"(0.6013560288779866, 0.9875006250156256)",3,96.90241069316114,48657
"(0.8602650098786556, 0.9760129796515497)",2,96.90234001711254,48659
"(0.511612180189574, 1.0)",3,96.90231780612264,48662
"(0.9306013489647758, 0.9735486410250802)",2,96.90221369012588,48664
"(0.9640038239043044, 0.9714285714285714)",1,96.90209026466852,48665
"(0.5388719656191158, 0.9893507862540408)",1,96.90202639525472,48666
"(0.926397848615755, 0.969334154098697)",3,96.90192983347588,48669
"(0.509688959052258, 0.98999899959984)",1,96.90189677929648,48670
"(0.7280701754385965, 0.9736842105263158)",1,96.90188217619652,48671
"(0.4666099856929945, 0.987497889556588)",1,96.90185130028932,48672
"(0.6730510127402202, 0.9736842105263158)",1,96.90181524049402,48673
"(0.8116470752541504, 0.9743243243243244)",1,96.9017953912852,48674
"(0.9225446428571428, 0.9749656593406592)",1,96.90179360615927,48675
"(0.8221762134805614, 0.972045976510262)",1,96.9017020058181,48676
"(0.7347448804741066, 0.9988642062668746)",1,96.90168627458524,48677
"(0.4956908031836671, 0.976686450716833)",2,96.90144050824834,48679
"(0.9335837499903572, 0.9736189431913116)",1,96.90135604455568,48680
"(0.5119662237091893, 0.9931749474092728)",1,96.901314473183,48681
"(0.8743078626799556, 0.9722222222222222)",1,96.90120556601627,48682
"(0.8868677229932935, 0.9736842105263158)",2,96.901185651396,48684
"(0.5175094049755407, 0.9916154882259886)",1,96.9011499646392,48685
"(0.7453765521802005, 0.9739857293571088)",2,96.90113100427044,48687
"(0.8569370609099162, 0.9716215438865184)",2,96.90108955960427,48689
"(0.6333118819585527, 0.9767441860465116)",1,96.90103506260628,48690
"(0.9536653605723816, 0.9958292603453894)",1,96.90103131980004,48691
"(0.8491340807583629, 0.9861673414304992)",1,96.90096857066526,48692
"(0.9297564829445116, 0.9715593185206444)",2,96.90096505334958,48694
"(0.8003813092161745, 0.9748802746905214)",1,96.900961772938,48695
"(0.7472307467415887, 0.9767441860465116)",2,96.90096143391897,48697
"(0.9707136080238548, 0.9958292603453894)",1,96.90095430873956,48698
"(0.7836974395113928, 0.988167361639188)",1,96.90085684812983,48699
"(0.8763566013566013, 0.972045976510262)",1,96.90076627581956,48700
"(0.7736869137404373, 0.9735486410250802)",3,96.90068281479503,48703
"(0.8459744503862151, 0.972045976510262)",1,96.90068103857146,48704
"(0.888945374800638, 0.9749656593406592)",1,96.90060122788776,48705
"(0.8715701474388204, 0.972281746031746)",1,96.90059317304946,48706
"(0.8810064268049709, 0.991206314397104)",1,96.9005905063634,48707
"(0.9505232430050672, 0.9716190476190476)",1,96.9005327987202,48708
"(0.5287021260301549, 0.9874964825943136)",1,96.9004849876956,48709
"(0.8741703888762713, 0.972281746031746)",1,96.90043874282154,48710
"(0.9022759891180944, 0.972045976510262)",1,96.90037825287898,48711
"(0.9677353740627908, 0.967895529128406)",1,96.9003772992461,48712
"(0.8705155862492784, 0.9753371200398564)",2,96.9003211014596,48714
"(0.5144246169578527, 0.9739820759439534)",1,96.90029989423944,48715
"(0.4772368473497005, 0.9937491695468736)",1,96.90028895982852,48716
"(0.8224713709935384, 0.9751409401578528)",1,96.9001919065215,48717
"(0.9225446428571428, 0.9749656593406592)",1,96.90011954015924,48718
"(0.8315995778682346, 0.9722222222222222)",1,96.90007960704294,48719
"(0.3592666181139386, 0.9767441860465116)",1,96.89995966999332,48720
"(0.4684544892656223, 0.986245936653225)",3,96.89993559911562,48723
"(0.9603476243044132, 0.9714285714285714)",1,96.89980780370011,48724
"(0.6003561059603759, 0.9764666952752286)",1,96.89980382833046,48725
"(0.9603476243044132, 0.9678176625650188)",1,96.89970771142936,48726
"(0.4143158038414955, 0.9739854976426991)",1,96.8996899421525,48727
"(0.8627397499800719, 0.9735486410250802)",1,96.8996731109927,48728
"(0.4987398156700754, 0.9987499746026686)",1,96.8995895407982,48729
"(0.9350193449813944, 0.9716190476190476)",1,96.89951463991088,48730
"(0.6444891298012474, 0.972281746031746)",1,96.8994448851986,48731
"(0.6000823138988796, 0.974662153486404)",2,96.89941120289332,48733
"(0.915887675849288, 0.9719594114535542)",1,96.89933120704164,48734
"(0.8715701474388204, 0.972281746031746)",1,96.89931601238378,48735
"(0.6248773887392587, 0.9912498222186796)",1,96.89927563455426,48736
"(0.930124456440246, 0.972420634920635)",1,96.89924888013722,48737
"(0.4133101229894375, 0.9958099132756668)",1,96.89910230404875,48738
"(0.4037090566294931, 0.9984817852901372)",1,96.89887841338695,48739
"(0.4286108159239762, 0.9756708431586798)",1,96.89886795604689,48740
"(0.6031177317792814, 1.0)",3,96.89886625949632,48743
"(0.9004206187154333, 0.9736189431913116)",1,96.89885246671108,48744
"(0.4924642862429867, 0.9912488373656227)",1,96.89883189614226,48745
"(0.8829656107481818, 0.9736189431913116)",1,96.8987756324244,48746
"(0.9916585206907788, 0.9958292603453894)",1,96.89876381818824,48747
"(0.9535144014828052, 0.9715593185206444)",1,96.89875672434444,48748
"(0.8428883536673643, 0.9736842105263158)",1,96.8986846326794,48749
"(0.8229870141950848, 0.972281746031746)",1,96.89865571789696,48750
"(0.9162596992611264, 0.972281746031746)",1,96.8985748989642,48751
"(0.6004570202950361, 0.9937498730133428)",1,96.89849246547168,48752
"(0.7668537890977591, 0.9770268172641052)",3,96.89847352593772,48755
"(0.4958617797724284, 0.9974998905914936)",1,96.89843592087156,48756
"(0.7024127592418583, 1.0)",1,96.89837018549136,48757
"(0.4130640425070805, 0.9760103012573358)",1,96.898295126538,48758
"(0.9003351064851267, 0.9712822597033124)",1,96.89826310406384,48759
"(0.8307565789473685, 0.9735486410250802)",1,96.89796024686945,48760
"(0.6085487618529295, 0.9767441860465116)",1,96.89792329134956,48761
"(0.874047619047619, 0.972045976510262)",1,96.89783678378092,48762
"(0.930124456440246, 0.972420634920635)",1,96.89777809644094,48763
"(0.8229870141950848, 0.972281746031746)",1,96.89773849908894,48764
"(0.9712822597033124, 0.9714285714285714)",1,96.89769359929724,48765
"(0.4606973696770164, 0.9962501582231502)",1,96.89766025174332,48766
"(0.9603476243044132, 0.9713574016563148)",1,96.89761729455064,48767
"(0.960666032023912, 0.9714285714285714)",2,96.89757610190152,48769
"(0.7430884778239842, 0.9756756756756756)",1,96.89756936673336,48770
"(0.9310483384791604, 0.972420634920635)",1,96.89753258528066,48771
"(0.9276343133138456, 0.9790540349287944)",3,96.89751505347624,48774
"(0.485879976270526, 0.9988619159967322)",1,96.89751251317048,48775
"(0.4890731859530187, 0.9900003125488358)",1,96.897507770407,48776
"(0.863869697334692, 0.9735486410250802)",3,96.89749887478656,48779
"(0.8596618357487924, 0.972045976510262)",3,96.897427566411,48782
"(0.9450323339212228, 0.972045976510262)",1,96.8973062987044,48783
"(0.7138200339558575, 0.9749656593406592)",1,96.89726273513844,48784
"(0.987491854024112, 0.9958292603453894)",1,96.8972118135172,48785
"(0.5840612548892117, 0.9746497378499646)",2,96.8971265794959,48787
"(0.685541383296858, 0.975)",1,96.89711007419636,48788
"(0.8512737540052664, 0.9736189431913116)",1,96.89708942783,48789
"(0.6809855026116619, 0.9749910873440284)",2,96.89708579393528,48791
"(0.9572437766315318, 0.9716190476190476)",1,96.89701145900828,48792
"(0.8329339143064635, 0.972420634920635)",1,96.89697004007026,48793
"(0.640941499241254, 0.9887497714240168)",1,96.89695957476322,48794
"(0.9860411258716344, 0.972045976510262)",3,96.8967143914624,48797
"(0.6730510127402202, 0.9736842105263158)",1,96.8966955241557,48798
"(0.8605691443799373, 0.9736189431913116)",2,96.89669355150588,48800
"(0.8311329582337986, 0.972045976510262)",1,96.89655673590715,48801
"(0.8596618357487924, 0.972045976510262)",1,96.89653736981948,48802
"(0.7781407751391581, 0.974999863037714)",1,96.89653554796917,48803
"(0.930124456440246, 0.972045976510262)",1,96.89649481695484,48804
"(0.593224625483241, 0.9736842105263158)",1,96.89640220079951,48805
"(0.8719725743599862, 0.9736189431913116)",1,96.89639408285989,48806
"(0.240611928037625, 0.9950429441987424)",3,96.89639255071796,48809
"(0.8715701474388204, 0.972045976510262)",1,96.8963555508017,48810
"(0.7394745529782975, 0.9749991782018964)",2,96.8963197064847,48812
"(0.9640038239043044, 0.967895529128406)",1,96.89621567644876,48813
"(0.497102057514807, 0.97769521654307)",1,96.8962106885655,48814
"(0.6749447402728794, 0.9722222222222222)",1,96.89618168491845,48815
"(0.8229870141950848, 0.972281746031746)",1,96.8961134740138,48816
"(0.8715701474388204, 0.972045976510262)",1,96.89605362651808,48817
"(0.7138200339558575, 0.9749656593406592)",2,96.8960200072384,48819
"(0.861957198953386, 0.9764666952752286)",1,96.89598886962604,48820
"(0.8313174792337382, 0.9735486410250802)",1,96.8959731976785,48821
"(0.8451478848040399, 0.972045976510262)",2,96.89592154035232,48823
"(0.4230961584008337, 0.9900005000500052)",1,96.89585107503731,48824
"(0.9028964862298196, 0.972420634920635)",1,96.89583018953547,48825
"(0.8596618357487924, 0.972045976510262)",1,96.89578050366153,48826
"(0.7423856773080242, 0.9749656593406592)",1,96.89571667012665,48827
"(0.3354976707716434, 0.9992416608232524)",1,96.895679051615,48828
"(0.8416827657517105, 0.9722222222222222)",1,96.8956711798829,48829
"(0.8512737540052664, 0.9736189431913116)",1,96.89565197740764,48830
"(0.930124456440246, 0.972045976510262)",1,96.89558039701966,48831
"(0.5943528693528694, 1.0)",1,96.8955444513909,48832
"(0.8715701474388204, 0.972281746031746)",1,96.89548385765836,48833
"(0.7620265151515151, 0.9749656593406592)",2,96.89542655952565,48835
"(0.3475588091206078, 0.9780345099092154)",1,96.89540821268574,48836
"(0.8229870141950848, 0.972281746031746)",1,96.89540344605578,48837
"(0.8490208544183524, 0.972281746031746)",1,96.89540025772922,48838
"(0.828966378966379, 0.9722222222222222)",1,96.89537896693348,48839
"(0.4528076427536273, 0.9962497362353954)",1,96.89526571004238,48840
"(0.8596618357487924, 0.972045976510262)",1,96.89521775429922,48841
"(0.9609357631051972, 0.9715593185206444)",1,96.89521137633558,48842
"(0.7280701754385965, 0.9736842105263158)",1,96.89508394072304,48843
"(0.9580602951397298, 0.9958292603453894)",1,96.8949572399478,48844
"(0.8365328658269835, 0.9958292603453894)",1,96.8948724190134,48845
"(0.8605691443799373, 0.9736189431913116)",1,96.894855156779,48846
"(0.874450386215092, 0.972281746031746)",1,96.89468660287274,48847
"(0.8311329582337986, 0.972045976510262)",1,96.8946820703002,48848
"(0.7280584513944579, 0.9722222222222222)",1,96.8946521219322,48849
"(0.8726893261776982, 0.9764666952752286)",1,96.89457450780856,48850
"(0.5312756357670222, 0.98999899959984)",1,96.89455716130246,48851
"(0.4460735930735931, 0.9900003125488358)",1,96.89446640960284,48852
"(0.4686395911561979, 0.9862497206293536)",1,96.89413390261343,48853
"(0.5973423423423424, 0.9925)",1,96.8940832486714,48854
"(0.8090208511560183, 0.9766890960688752)",1,96.89407048660978,48855
"(0.4830767364322945, 0.9912488373656227)",2,96.894061961737,48857
"(0.8178923727890101, 0.9735486410250802)",1,96.89401206975792,48858
"(0.3464973708160582, 0.9988619159967322)",1,96.89396764203924,48859
"(0.9574285714285714, 0.9716190476190476)",1,96.8939475712638,48860
"(0.9253777472527472, 0.9749656593406592)",1,96.893853523726,48861
"(0.8351110130322311, 0.9779870235853187)",2,96.89385112581614,48863
"(0.7906364749082007, 0.9767441860465116)",1,96.89381560539036,48864
"(0.9788980434141724, 0.9958292603453894)",2,96.89376440376395,48866
"(0.7109688804604058, 0.972281746031746)",2,96.89375187277224,48868
"(0.9282083232965586, 0.9873891625615764)",1,96.89370756485845,48869
"(0.8592657752039796, 0.972045976510262)",1,96.89360002536492,48870
"(0.8043167829966709, 0.9773648571145208)",1,96.89349688066,48871
"(0.9212328545548654, 0.9751409401578528)",1,96.89346976101862,48872
"(0.9750854369118126, 0.9958292603453894)",1,96.89344584211268,48873
"(0.7401844059863599, 0.972420634920635)",1,96.89342054103136,48874
"(0.8747625830959164, 0.972420634920635)",1,96.89327200368037,48875
"(0.6333118819585527, 0.9767441860465116)",1,96.89323698243491,48876
"(0.5286751006005854, 0.9992416608232524)",1,96.89321534211648,48877
"(0.8887419165196944, 0.972045976510262)",1,96.893205247266,48878
"(0.3445871414842349, 0.98175313236901)",2,96.89312168573926,48880
"(0.586479797979798, 0.983748857020046)",1,96.89302496798796,48881
"(0.4460735930735931, 0.9912503691873502)",1,96.89299763561192,48882
"(0.6736022307473716, 0.9722222222222222)",1,96.89298614323528,48883
"(0.9538370349708868, 0.9764666952752286)",2,96.89295526197118,48885
"(0.6458122469635628, 0.9736189431913116)",1,96.8929353914505,48886
"(0.8172993116003869, 0.972420634920635)",1,96.89290823683692,48887
"(0.7000013129045387, 0.9870601047071634)",1,96.89284522125818,48888
"(0.8491999910545297, 0.9753378406526394)",1,96.89279756411756,48889
"(0.930124456440246, 0.972045976510262)",1,96.8927559095328,48890
"(0.8592657752039796, 0.972045976510262)",1,96.89272955455672,48891
"(0.9022759891180944, 0.972045976510262)",2,96.89267806050955,48893
"(0.9080024622960912, 0.9736842105263158)",1,96.89257908082044,48894
"(0.846098299557419, 0.972420634920635)",1,96.89247858997328,48895
"(0.8627397499800719, 0.9735486410250802)",1,96.89242963724932,48896
"(0.9427148033126296, 0.9751409401578528)",2,96.89239261709756,48898
"(0.8124923632552741, 0.972420634920635)",1,96.89234143845732,48899
"(0.8715701474388204, 0.972045976510262)",1,96.8922836218886,48900
"(0.5318703819174632, 0.9973471509396088)",1,96.89207205438164,48901
"(0.9628689175769612, 0.9749910873440284)",1,96.892053115677,48902
"(0.911234030893585, 0.9714285714285714)",1,96.89199170879792,48903
"(0.911234030893585, 0.9714285714285714)",1,96.89198499930096,48904
"(0.9069647153947764, 0.971495851087688)",1,96.89191681410968,48905
"(0.8874191651969431, 0.972420634920635)",1,96.89188321163002,48906
"(0.6455628637210324, 0.9937495603923254)",1,96.89179616819894,48907
"(0.8329339143064635, 0.972420634920635)",1,96.89179013012289,48908
"(0.4860887005222129, 0.98999899959984)",1,96.8917723310646,48909
"(0.8160331384015596, 0.9779870235853187)",2,96.89176780367907,48911
"(0.3592666181139386, 0.9767441860465116)",1,96.89173805842402,48912
"(0.5250909268039229, 0.991632760628175)",1,96.8916635116846,48913
"(0.926397848615755, 0.9736842105263158)",1,96.89164742543154,48914
"(0.8274062797908469, 0.9735486410250802)",1,96.89164434581774,48915
"(0.4366033352371548, 0.9837814732371308)",1,96.89162101418898,48916
"(0.8627397499800719, 0.9736189431913116)",1,96.89146827720188,48917
"(0.4965663004560743, 0.9875006250625062)",1,96.89143877128708,48918
"(0.4508193203901878, 0.9974998905914936)",3,96.89141095118454,48921
"(0.5040227752743499, 0.9900003125488358)",2,96.891366846045,48923
"(0.917283950617284, 0.9861673414304992)",1,96.8913408136191,48924
"(0.656307097369308, 0.9764666952752286)",1,96.89121678136524,48925
"(0.841090626484176, 0.9735486410250802)",1,96.89119586007828,48926
"(0.8952438710847427, 0.9739864419508876)",1,96.89114194130671,48927
"(0.8605083900600204, 0.9722222222222222)",1,96.89112280550036,48928
"(0.3823454664699131, 0.9992431829362568)",1,96.89100998188825,48929
"(0.9373666512059368, 0.9749910873440284)",1,96.89096574272136,48930
"(0.838301471154743, 0.972045976510262)",1,96.89096344499438,48931
"(0.950175761409158, 0.9832925076188832)",1,96.89089393397047,48932
"(0.7481666755361609, 0.9764666952752286)",1,96.89086517053543,48933
"(0.9297564829445116, 0.9715593185206444)",1,96.89082660658008,48934
"(0.9680383516315252, 0.9712822597033124)",1,96.89081958503908,48935
"(0.8420800264550263, 0.972045976510262)",1,96.89074437651225,48936
"(0.8442988787957741, 0.9743238319930138)",1,96.8907360358934,48937
"(0.9110813074094206, 0.9764666952752286)",2,96.89064717060243,48939
"(0.5147068703695182, 0.9912488373656227)",1,96.89064003917215,48940
"(0.9540153992631536, 0.9715593185206444)",1,96.89063089100418,48941
"(0.8456659619450317, 0.9764666952752286)",1,96.89062483409704,48942
"(0.9362689940183164, 0.9712822597033124)",2,96.8906188604264,48944
"(0.8734750068194216, 0.972420634920635)",1,96.89055616007089,48945
"(0.8221871747362275, 0.9756753425211272)",2,96.89045324861686,48947
"(0.6810552190549457, 0.9973471509396088)",1,96.8904432290146,48948
"(0.8274062797908469, 0.9735486410250802)",1,96.8904217559262,48949
"(0.5080392961876832, 0.9862497206293536)",1,96.8904000340724,48950
"(0.9335837499903572, 0.9736189431913116)",1,96.89031270862124,48951
"(0.5303843494657449, 0.9862497206293536)",1,96.89014028581612,48952
"(0.9187883397948668, 0.9716190476190476)",1,96.89003690503728,48953
"(0.7725182451236846, 0.9764666952752286)",1,96.89002495028744,48954
"(0.6198039215686275, 0.986245936653225)",3,96.88998543250472,48957
"(0.6753328883574485, 0.972281746031746)",1,96.88994031312792,48958
"(0.960666032023912, 0.967895529128406)",1,96.88986579566888,48959
"(0.9640038239043044, 0.9678176625650188)",1,96.88982469528662,48960
"(0.4069389693383772, 0.9783716624971414)",1,96.88961147051678,48961
"(0.9392111404005912, 0.9716190476190476)",1,96.88954140025432,48962
"(0.8024695068301698, 0.9773648571145208)",3,96.8894495652632,48965
"(0.7232509195619923, 0.972297272002634)",1,96.88944801599165,48966
"(0.8404355452872972, 0.972045976510262)",1,96.8894300086489,48967
"(0.945878018492034, 0.9958292603453894)",1,96.88928922494377,48968
"(0.9238400660955778, 0.9678176625650188)",3,96.88923820774475,48971
"(0.6753328883574485, 0.972281746031746)",1,96.88918037005486,48972
"(0.8868677229932935, 0.969334154098697)",1,96.88914986591044,48973
"(0.9603476243044132, 0.9714285714285714)",1,96.88913224260422,48974
"(0.4860887005222129, 0.9912488373656227)",2,96.88912277951384,48976
"(0.9308697752778572, 0.9712822597033124)",3,96.88909745976954,48979
"(0.6458122469635628, 0.9736189431913116)",1,96.88909472739142,48980
"(0.9384174012481092, 0.9958292603453894)",1,96.88907816729424,48981
"(0.8145048060975228, 0.9735486410250802)",1,96.88894799765696,48982
"(0.8219317364145453, 0.9735486410250802)",2,96.8889071198294,48984
"(0.9058747619658436, 0.9748802746905214)",1,96.88889332592518,48985
"(0.3939892055021426, 0.975328585588484)",1,96.8888893266341,48986
"(0.8715701474388204, 0.972281746031746)",1,96.88886552675494,48987
"(0.7103786816269286, 0.9736842105263158)",1,96.88882107897552,48988
"(0.8791645439245395, 0.9735486410250802)",1,96.88879513417066,48989
"(0.8835857110930401, 0.9764666952752286)",1,96.88876436210884,48990
"(0.9540153992631536, 0.9715593185206444)",2,96.8887325429324,48992
"(0.4757147809837924, 0.9876734993299412)",1,96.88857428144053,48993
"(0.8902783631946863, 0.9861673414304992)",2,96.8885477815504,48995
"(0.6458122469635628, 0.9736189431913116)",1,96.88852191113452,48996
"(0.835943054212425, 0.9735486410250802)",2,96.88849999941166,48998
"(0.401652976500311, 0.9870601047071634)",1,96.88849390363708,48999
"(0.8589260854670954, 0.9735486410250802)",1,96.8881691542332,49000
"(0.9422585572257836, 0.9690968282937898)",1,96.88797208476367,49001
"(0.4686395911561979, 0.9862497206293536)",2,96.88788315422968,49003
"(0.9459285785969274, 0.9751409401578528)",1,96.8878628741711,49004
"(0.888945374800638, 0.9749656593406592)",1,96.8878563077136,49005
"(0.7923306301473605, 0.9764666952752286)",1,96.88781066062012,49006
"(0.342700192184497, 0.9962497362353954)",1,96.8877779682715,49007
"(0.8948142000428356, 0.9749656593406592)",1,96.88767408354742,49008
"(0.9677353740627908, 0.971495851087688)",1,96.88746217588276,49009
"(0.6981216457960644, 0.9767441860465116)",2,96.88743444529533,49011
"(0.8455704732698088, 0.972281746031746)",1,96.88740877049776,49012
"(0.4646956255353202, 0.9975)",1,96.88721246392215,49013
"(0.9574285714285714, 0.9716190476190476)",1,96.88720584341058,49014
"(0.911577306111922, 0.9735486410250802)",2,96.8871012034941,49016
"(0.7805215455557322, 0.9735486410250802)",2,96.8871006952622,49018
"(0.9645938855657314, 0.9716190476190476)",1,96.88701823609144,49019
"(0.6260123507862112, 0.9764666952752286)",1,96.88697533974522,49020
"(0.4088680751423554, 0.9767441860465116)",1,96.88691596616547,49021
"(0.712083517595137, 1.0)",3,96.88681696645644,49024
"(0.925438675470188, 0.9749656593406592)",1,96.8867369031794,49025
"(0.6444891298012474, 0.972281746031746)",1,96.88662889739106,49026
"(0.5070372093557577, 0.972281746031746)",1,96.88662735918072,49027
"(0.6085242154650133, 0.9875003906860448)",1,96.88661792863638,49028
"(0.8876473063973064, 0.972420634920635)",1,96.88658245926752,49029
"(0.8340799485585682, 0.9764666952752286)",1,96.88650051714934,49030
"(0.3833435083435083, 0.9870601047071634)",1,96.8863693176152,49031
"(0.4937776876667119, 0.9974998905914936)",1,96.88625739644792,49032
"(0.9147108205622834, 0.9735486410250802)",2,96.8862087538391,49034
"(0.4806879036961406, 0.9899983116452704)",2,96.88615164979949,49036
"(0.846224760385985, 0.9790540349287944)",1,96.88612672024024,49037
"(0.5840612548892117, 0.9763451296600468)",1,96.88608535560152,49038
"(0.4746453255640638, 0.9837830803531414)",1,96.8859164621561,49039
"(0.7243716931216932, 0.972045976510262)",1,96.8858815654615,49040
"(0.8172993116003869, 0.972420634920635)",1,96.88582760319518,49041
"(0.8715701474388204, 0.972281746031746)",1,96.885812410298,49042
"(0.9712822597033124, 0.97502985598876)",1,96.8856673673668,49043
"(0.2104254576695934, 0.9973444706590416)",1,96.88562009297216,49044
"(0.7168719671519223, 0.991206314397104)",1,96.88559676142631,49045
"(0.8916138279602192, 0.9714285714285714)",2,96.8854850781024,49047
"(0.9032855633136024, 0.9722222222222222)",1,96.88546432602747,49048
"(0.7283553674089667, 0.9787158688322009)",3,96.8853970181765,49051
"(0.4935497074925994, 0.99499949979992)",1,96.8853734978948,49052
"(0.8124923632552741, 0.972420634920635)",1,96.88529067357264,49053
"(0.95, 0.9751409401578528)",1,96.88528383185783,49054
"(0.8879331046312178, 0.9749656593406592)",1,96.88527639029424,49055
"(0.8579868984630887, 1.0)",1,96.88524859459238,49056
"(0.7943622269203664, 0.9764666952752286)",2,96.88507205182846,49058
"(0.8090208511560183, 0.9777021326309656)",2,96.88504666382904,49060
"(0.4143158038414955, 0.9753366300784596)",1,96.88503078943737,49061
"(0.7513013302486987, 0.9738603988603988)",1,96.88500814490072,49062
"(0.9140194694749032, 0.9735486410250802)",1,96.88492494825,49063
"(0.8311329582337986, 0.972045976510262)",1,96.88490871758474,49064
"(0.9916585206907788, 0.9958292603453894)",1,96.88487699556713,49065
"(0.9422394177612392, 0.9712822597033124)",1,96.88487069781638,49066
"(0.8097000243032949, 0.9749989727434598)",1,96.884646423121,49067
"(0.9388917411828462, 0.9751409401578528)",1,96.88462383474658,49068
"(0.7168719671519223, 0.991206314397104)",1,96.88458197486216,49069
"(0.8791645439245395, 0.9735486410250802)",1,96.88453013144692,49070
"(0.9156086605607608, 0.9735486410250802)",3,96.884469820797,49073
"(0.4633466015586465, 0.9992416608232524)",1,96.88442333689224,49074
"(0.9916585206907788, 0.9958292603453894)",1,96.88433151601303,49075
"(0.6444577505269209, 0.991248180614378)",1,96.88431649835223,49076
"(0.8581022152450725, 0.972045976510262)",2,96.88425007819174,49078
"(0.835943054212425, 0.9735486410250802)",1,96.88413319140604,49079
"(0.5356100633781995, 0.9764666952752286)",1,96.8840996528148,49080
"(0.9019292060258446, 0.9861673414304992)",1,96.88409539476024,49081
"(0.950431439792024, 0.9715593185206444)",1,96.88407362394136,49082
"(0.7891673497098101, 0.9736842105263158)",1,96.8840622461336,49083
"(0.8056354979267693, 0.9722222222222222)",1,96.88402775103476,49084
"(0.874047619047619, 0.972045976510262)",1,96.88395751273664,49085
"(0.9253777472527472, 0.9749656593406592)",1,96.8838615556988,49086
"(0.950392857142857, 0.9749656593406592)",1,96.8838448460885,49087
"(0.4772368473497005, 0.9974998905914936)",1,96.88373250446156,49088
"(0.7709171448706333, 0.9764666952752286)",1,96.8837247644288,49089
"(0.8169329643153399, 0.9736842105263158)",3,96.88372440302608,49092
"(0.8426192275313588, 0.9753378406526394)",1,96.88347443861836,49093
"(0.908421874225862, 0.9753378406526394)",1,96.88339269718011,49094
"(0.5032117384111402, 0.983748857020046)",1,96.883376775337,49095
"(0.4804731351668838, 0.9862497206293536)",1,96.8832635358883,49096
"(0.6337011494252874, 0.9887497714240168)",1,96.88320108158273,49097
"(0.9580602951397298, 0.9958292603453894)",1,96.88313359760328,49098
"(0.888945374800638, 0.9749656593406592)",2,96.88308625526496,49100
"(0.9230627959463646, 0.9714285714285714)",1,96.88297436440745,49101
"(0.8807153660012098, 0.9747507916611692)",1,96.88293212092582,49102
"(0.7179548459289354, 0.9756756534657274)",1,96.88286997067468,49103
"(0.8581022152450725, 0.972045976510262)",1,96.882833431982,49104
"(0.8592657752039796, 0.972045976510262)",1,96.8828209198543,49105
"(0.8459744503862151, 0.972045976510262)",1,96.88280626413668,49106
"(0.4437501725645391, 0.9862497206293536)",3,96.8827882394902,49109
"(0.679403773242835, 0.9868891737891736)",3,96.88275845962492,49112
"(0.8219317364145453, 0.9735486410250802)",1,96.8826820695159,49113
"(0.3956814652052849, 0.9756737207691492)",1,96.88267965422922,49114
"(0.9876066164491212, 0.9958292603453894)",2,96.88260092753583,49116
"(0.7109688804604058, 0.972281746031746)",1,96.8825622101248,49117
"(0.7109688804604058, 0.972281746031746)",1,96.88253071518264,49118
"(0.8715701474388204, 0.972045976510262)",1,96.88249434632398,49119
"(0.8258470464352816, 0.9714285714285714)",3,96.8824395372697,49122
"(0.863869697334692, 0.9735486410250802)",1,96.88243323234948,49123
"(0.6767580302172832, 0.972281746031746)",2,96.88241728237546,49125
"(0.8581022152450725, 0.972045976510262)",1,96.88241298236274,49126
"(0.7109688804604058, 0.972281746031746)",1,96.88240894850252,49127
"(0.7617216117216117, 0.9743589743589745)",1,96.88239501742022,49128
"(0.8090204369274137, 0.9764666952752286)",1,96.88233459751204,49129
"(0.9640038239043044, 0.967895529128406)",1,96.88230133898348,49130
"(0.5353700689511449, 0.9907952975670266)",3,96.88215038386068,49133
"(0.5028268474667493, 0.9912503691873502)",3,96.88174180823864,49136
"(0.3729832026666541, 0.9783716624971414)",1,96.88169718528196,49137
"(0.488134593288165, 0.9887504746694504)",2,96.8816878402864,49139
"(0.9288982963016116, 0.9716190476190476)",1,96.88167931148143,49140
"(0.7516483516483518, 0.972420634920635)",1,96.88166961898258,49141
"(0.4961453064375241, 0.9962497362353954)",1,96.8816643863268,49142
"(0.8315416458960965, 0.9766918866148322)",1,96.88161773016324,49143
"(0.8730640704324915, 0.972045976510262)",1,96.88161259247876,49144
"(0.7675031231329097, 0.9736189431913116)",1,96.88154910594294,49145
"(0.7668537890977591, 0.9739861925477764)",1,96.8815110209094,49146
"(0.5430875999065339, 0.9988642062668746)",1,96.8815070850556,49147
"(0.598883501626719, 0.9887497714240168)",1,96.88146673153744,49148
"(0.5678747591522157, 0.9912498222186796)",1,96.88139417969413,49149
"(0.8879331046312178, 0.9749656593406592)",1,96.88136183550542,49150
"(0.9230627959463646, 0.967895529128406)",3,96.88130947270062,49153
"(0.5807528241902687, 0.9984863658725142)",1,96.88121071220225,49154
"(0.9738477269913072, 0.9958292603453894)",1,96.88117299610896,49155
"(0.7855494505494506, 0.9743589743589745)",1,96.88108225059864,49156
"(0.8876473063973064, 0.972420634920635)",1,96.88096119189306,49157
"(0.8311329582337986, 0.972045976510262)",1,96.88090853000764,49158
"(0.4588597051863134, 0.9912503691873502)",1,96.88084346478918,49159
"(0.5138165509259259, 0.9881421299509896)",1,96.88082661867176,49160
"(0.9640038239043044, 0.9678176625650188)",1,96.8808239694117,49161
"(0.7109688804604058, 0.972281746031746)",1,96.88081379264167,49162
"(0.5172159656435519, 0.9927774481114972)",1,96.88052184674116,49163
"(0.6238255567452281, 0.9743589743589745)",1,96.8804393339067,49164
"(0.7423856773080242, 0.9749656593406592)",1,96.88043077502056,49165
"(0.6753328883574485, 0.972045976510262)",1,96.88036815497144,49166
"(0.8701817267182292, 0.9736189431913116)",3,96.88036017922768,49169
"(0.9012059369202228, 0.9749910873440284)",1,96.88035503474536,49170
"(0.7883698092031425, 0.972045976510262)",1,96.88030666221458,49171
"(0.8627397499800719, 0.9735486410250802)",1,96.88028156254964,49172
"(0.7736869137404373, 0.9735486410250802)",3,96.8802786002368,49175
"(0.4890240875451667, 0.9746618931841892)",1,96.88027298901832,49176
"(0.8593554593554595, 0.9861673414304992)",1,96.88019972615815,49177
"(0.6981216457960644, 0.9767441860465116)",1,96.88011913213116,49178
"(0.9082051469489508, 0.9736189431913116)",1,96.88009855320628,49179
"(0.8112275321577646, 0.9764666952752286)",1,96.87998860936396,49180
"(0.9502288074111276, 0.9716190476190476)",2,96.8799322969434,49182
"(0.874047619047619, 0.972045976510262)",1,96.87991077018312,49183
"(0.9784616947774842, 0.9714285714285714)",2,96.87988530183476,49185
"(0.57448235722491, 0.984996247654784)",1,96.87981464030256,49186
"(0.925438675470188, 0.9749656593406592)",1,96.87976692153612,49187
"(0.8610715260301386, 0.9764666952752286)",1,96.8797216399317,49188
"(0.6031177317792814, 1.0)",1,96.8793732398296,49189
"(0.5346702987058592, 1.0)",1,96.87936348714342,49190
"(0.8633407843934159, 0.9736842105263158)",1,96.87933773079858,49191
"(0.5061654456041751, 0.9975000781372088)",1,96.87925160284,49192
"(0.947552083649559, 0.9958292603453894)",1,96.87913674792549,49193
"(0.7179548459289354, 0.9793915555359406)",2,96.87912241394488,49195
"(0.9029281534808432, 0.972045976510262)",1,96.8789670738269,49196
"(0.5012820344246796, 0.9900003125488358)",1,96.8789572341658,49197
"(0.8777335856148074, 0.9736842105263158)",1,96.87889587670544,49198
"(0.9677353740627908, 0.9712822597033124)",1,96.87888534414296,49199
"(0.3022368284830889, 0.9981012669018314)",1,96.87887663579684,49200
"(0.9162596992611264, 0.972281746031746)",1,96.87877825638738,49201
"(0.5939549490228829, 0.9992431829362568)",1,96.87873497455344,49202
"(0.9665755481078062, 1.0)",1,96.8787327485738,49203
"(0.1884619155493628, 1.0)",1,96.87869915997123,49204
"(0.5167237522717741, 0.9825005469604624)",1,96.87867290056865,49205
"(0.9833251873574456, 0.9958292603453894)",1,96.87859636455434,49206
"(0.8420800264550263, 0.972045976510262)",1,96.8785365452387,49207
"(0.944563492063492, 1.0)",1,96.87830726822682,49208
"(0.4590791029805835, 0.9987499746026686)",1,96.87829535559555,49209
"(0.8871082621082622, 0.972281746031746)",1,96.87827247827464,49210
"(0.7296277808577878, 0.9746619799695784)",2,96.87822641703136,49212
"(0.5730351811691473, 0.982769615321788)",1,96.87820730367127,49213
"(0.9098759089802734, 0.9790231494896808)",1,96.87813519572636,49214
"(0.8627397499800719, 0.9735486410250802)",1,96.87813097346508,49215
"(0.779286067193676, 0.9749910873440284)",1,96.87808190208824,49216
"(0.9069647153947764, 0.9678176625650188)",1,96.87807058391724,49217
"(0.8490208544183524, 0.972281746031746)",1,96.87805698449776,49218
"(0.8467135862913097, 0.9749656593406592)",1,96.87790449328207,49219
"(0.6126816816816817, 0.9912498222186796)",1,96.8777829472671,49220
"(0.8292352872388802, 0.9787161797779323)",1,96.87775808618804,49221
"(0.7393955720057585, 0.9780401821284612)",1,96.87771940284938,49222
"(0.7580266955266955, 0.9861673414304992)",1,96.8776638544539,49223
"(0.8717520170461346, 0.9958292603453894)",1,96.87764956116192,49224
"(0.3618298321342925, 0.9977203590215908)",1,96.87762699592204,49225
"(0.8701817267182292, 0.9736189431913116)",1,96.87760910795537,49226
"(0.5697787830230151, 0.9924994373734088)",1,96.87747612770076,49227
"(0.97934925289764, 0.9958292603453894)",1,96.87736653088643,49228
"(0.8631546198466533, 0.9764666952752286)",2,96.87735365776136,49230
"(0.5118812113070996, 0.9987499746026686)",1,96.87730598531309,49231
"(0.9496114574862204, 0.9873891625615764)",1,96.87720506520498,49232
"(0.509688959052258, 0.9912488373656227)",2,96.8771896388094,49234
"(0.8108021513875538, 0.9779870235853187)",1,96.87713761027028,49235
"(0.4794373036867545, 0.9827699457566198)",1,96.87710047570228,49236
"(0.5028268474667493, 0.9900003125488358)",1,96.8770794332626,49237
"(0.4390890767753137, 0.9874974989996)",1,96.8770316334437,49238
"(0.4799413873705827, 0.9827699457566198)",1,96.87702617260504,49239
"(0.8719725743599862, 0.9736189431913116)",1,96.8770164909459,49240
"(0.5047616009607266, 0.9837430635797478)",1,96.8768544592047,49241
"(0.863869697334692, 0.9735486410250802)",1,96.8767736991275,49242
"(0.9677353740627908, 0.9714285714285714)",1,96.87675971426196,49243
"(0.9147108205622834, 0.9735486410250802)",1,96.8766983129742,49244
"(0.5977047503478421, 0.9912498222186796)",1,96.87657114605793,49245
"(0.8701817267182292, 0.9736189431913116)",1,96.8765601054708,49246
"(0.9665755481078062, 1.0)",1,96.87653183345812,49247
"(0.4757785089725587, 0.9753345350955708)",1,96.87650850549632,49248
"(0.7348436174331348, 0.972281746031746)",1,96.8765060754464,49249
"(0.8426040866925729, 0.9743236678825772)",1,96.87642209993216,49250
"(0.8874679030103783, 0.9729729482952189)",2,96.87636336240402,49252
"(0.8881475667189953, 0.972420634920635)",1,96.87625442412684,49253
"(0.5081592004685413, 0.9900175419960736)",3,96.8761806748216,49256
"(0.9677353740627908, 0.9678176625650188)",1,96.87610932287356,49257
"(0.846098299557419, 0.972420634920635)",1,96.87606214388614,49258
"(0.8518774267621343, 0.9764666952752286)",1,96.87604291480912,49259
"(0.8748200797381125, 0.9722222222222222)",1,96.8760282132617,49260
"(0.846098299557419, 0.972420634920635)",1,96.87578677208047,49261
"(0.9110813074094206, 0.9764666952752286)",1,96.8757113073434,49262
"(0.8395301149279116, 0.9764666952752286)",1,96.87568515882673,49263
"(0.8066742741368069, 0.9766890215720122)",1,96.8756752656091,49264
"(0.517228150797548, 0.9958099132756668)",3,96.87555519359644,49267
"(0.8633407843934159, 0.9736842105263158)",1,96.87546039144868,49268
"(0.7430884778239842, 0.9753378406526394)",1,96.8754288269164,49269
"(0.5905974183326343, 0.9874974989996)",1,96.87540499015331,49270
"(0.911234030893585, 0.9714285714285714)",1,96.8753951693657,49271
"(0.8916138279602192, 0.9714285714285714)",1,96.87530196044408,49272
"(0.6128103629529902, 0.9770268172641052)",1,96.87529732998104,49273
"(0.8734750068194216, 0.972420634920635)",1,96.87520698165292,49274
"(0.5321723486270682, 0.9799949968730456)",1,96.87517401857096,49275
"(0.888622291021672, 0.9749656593406592)",1,96.87504313185131,49276
"(0.4195358585602487, 0.9870601047071634)",1,96.87501942749088,49277
"(0.5131569832583307, 1.0)",1,96.8749838695448,49278
"(0.5056778729738882, 0.9925)",1,96.8749811742632,49279
"(0.5536430525672695, 0.9764666952752286)",1,96.87494943600926,49280
"(0.5159978271811663, 0.9973498146227074)",1,96.874914160856,49281
"(0.9706172005998612, 0.9958292603453894)",1,96.87486370826124,49282
"(0.8148308968977662, 0.972281746031746)",1,96.87483994018514,49283
"(0.9603476243044132, 0.9678176625650188)",1,96.87471172256495,49284
"(0.6555978046721082, 0.9887485051843724)",1,96.87463560093596,49285
"(0.842200034135518, 0.97502985598876)",1,96.87455433079528,49286
"(0.5209072341900949, 0.992345717416214)",3,96.87452595842812,49289
"(0.950431439792024, 0.9715593185206444)",1,96.87431565479888,49290
"(0.9082051469489508, 0.9736189431913116)",1,96.87427981576536,49291
"(0.842200034135518, 0.9714285714285714)",1,96.8741477729799,49292
"(0.9388917411828462, 0.9680383516315252)",1,96.87409440571852,49293
"(0.6085242154650133, 0.988750193395939)",1,96.87401402944808,49294
"(0.5312235853879125, 0.986245936653225)",3,96.87394895869974,49297
"(0.4768807437940118, 0.979729674204783)",2,96.87393193018065,49299
"(0.5837905717470935, 0.986249032863116)",2,96.87390623636053,49301
"(0.7027263407347917, 0.9779263059241357)",1,96.87382210623134,49302
"(0.5162431972549956, 0.9874983588724048)",1,96.87378692401896,49303
"(0.8616465603190429, 0.9749656593406592)",1,96.87378524854384,49304
"(0.8313174792337382, 0.9735486410250802)",1,96.87374811511158,49305
"(0.9958292603453894, 0.9958292603453894)",1,96.8737258652911,49306
"(0.4986472607029235, 0.9887504746694504)",1,96.87365335390442,49307
"(0.8680947159565582, 0.9735486410250802)",2,96.87362050081312,49309
"(0.4686395911561979, 0.9862497206293536)",1,96.87361091752518,49310
"(0.9645238095238096, 0.9712822597033124)",1,96.8734920809037,49311
"(0.8486182505943806, 0.9735486410250802)",1,96.87344880937076,49312
"(0.9362689940183164, 0.9749052909377262)",1,96.87334344027217,49313
"(0.8587708587708588, 0.9738603988603988)",1,96.87333828172925,49314
"(0.7997685185185185, 0.9861673414304992)",1,96.87322243719228,49315
"(0.7186738340996477, 0.9773648571145208)",3,96.8731698593812,49318
"(0.8631546198466533, 0.9764666952752286)",1,96.87314567003236,49319
"(0.8219317364145453, 0.9735486410250802)",1,96.87312180980788,49320
"(0.8581022152450725, 0.972045976510262)",1,96.87309120741992,49321
"(0.6767580302172832, 0.972281746031746)",1,96.87304354527484,49322
"(0.8219317364145453, 0.9735486410250802)",1,96.8730122637658,49323
"(0.4692208198077898, 0.9846269186265229)",1,96.8729737903971,49324
"(0.4790513120764785, 0.9987499746026686)",1,96.87295517894582,49325
"(0.4925285484808521, 0.9962497362353954)",1,96.872928990804,49326
"(0.9528533742496432, 0.97502985598876)",1,96.8728678802349,49327
"(0.5952874206793579, 0.9992416608232524)",1,96.87281288489643,49328
"(0.8701817267182292, 0.9736189431913116)",1,96.87274455547366,49329
"(0.8627397499800719, 0.9736189431913116)",1,96.8726740228722,49330
"(0.7393955720057585, 0.9773648674483127)",1,96.87262955422004,49331
"(0.9049688873143666, 0.9736189431913116)",1,96.87257723658742,49332
"(0.9502288074111276, 0.9786694888904832)",1,96.872432510143,49333
"(0.7002945207922506, 0.9736842105263158)",2,96.87239548063444,49335
"(0.593224625483241, 0.9736842105263158)",2,96.87237053548944,49337
"(0.908421874225862, 0.9729729482952189)",2,96.87228177931186,49339
"(0.8680947159565582, 0.9735486410250802)",1,96.87228177473447,49340
"(0.8627397499800719, 0.9736189431913116)",1,96.87225347165266,49341
"(0.6004570202950361, 0.9937498730133428)",1,96.87218141633016,49342
"(0.3779476270528901, 0.9749968604080328)",1,96.87208046609176,49343
"(0.9645938855657314, 0.9751409401578528)",1,96.87203116252697,49344
"(0.9641028246291404, 0.9712822597033124)",1,96.87191704556176,49345
"(0.8616465603190429, 0.9749656593406592)",2,96.87184391502458,49347
"(0.838301471154743, 0.972045976510262)",1,96.8718019015764,49348
"(0.8777008472715792, 0.9749991782018964)",1,96.87172083532889,49349
"(0.6447432598773244, 0.99)",1,96.8714871535996,49350
"(0.5747990867579909, 0.9887476607899144)",1,96.87142765576893,49351
"(0.865581803207783, 0.991206314397104)",1,96.8713855520176,49352
"(0.5015191675794085, 0.983748857020046)",1,96.87128219957464,49353
"(0.9140194694749032, 0.9735486410250802)",1,96.8712731716132,49354
"(0.8292352872388802, 0.9749993608286583)",2,96.87121252353852,49356
"(0.4904033495004767, 0.9764666952752286)",1,96.87108139548536,49357
"(0.8512737540052664, 0.9736189431913116)",2,96.87092137606923,49359
"(0.4666099856929945, 0.9875)",1,96.87083838045584,49360
"(0.9450323339212228, 0.972045976510262)",2,96.8707047241246,49362
"(0.5821163168578873, 0.984676196389095)",1,96.87055248268216,49363
"(0.7075825156110616, 0.991206314397104)",1,96.87046581742638,49364
"(0.9288982963016116, 0.9751409401578528)",1,96.87042728003446,49365
"(0.6810552190549457, 0.9881042256319428)",1,96.87038099773709,49366
"(0.5747990867579909, 0.9912493845492556)",1,96.87037540173785,49367
"(0.9860411258716344, 0.972045976510262)",1,96.87028629142084,49368
"(0.8275617283950616, 0.972045976510262)",1,96.87027035266816,49369
"(0.8686559598432304, 0.9764666952752286)",1,96.8702664507997,49370
"(0.8868677229932935, 0.9736842105263158)",1,96.87026150529886,49371
"(0.9379369827374928, 0.97502985598876)",1,96.87022991030776,49372
"(0.6417826357070746, 0.9912498222186796)",1,96.870228408324,49373
"(0.7306729085863257, 0.9992416608232524)",1,96.87021400634328,49374
"(0.7651832971857668, 0.9743589743589745)",3,96.87009087027842,49377
"(0.4338421858976735, 0.9874994529574682)",1,96.87008587842496,49378
"(0.9122507070492478, 0.9749656593406592)",1,96.8699069614019,49379
"(0.5695633155937887, 0.9764666952752286)",1,96.86984225136428,49380
"(0.8942622047218923, 0.9873891625615764)",1,96.86984130397104,49381
"(0.6082373044911745, 0.9937496776734352)",1,96.86965116755228,49382
"(0.9609357631051972, 0.9712822597033124)",2,96.86961718676068,49384
"(0.8058308902229048, 0.9735486410250802)",1,96.86961606377282,49385
"(0.939866291344124, 0.9715593185206444)",1,96.86957092383302,49386
"(0.9310483384791604, 0.972420634920635)",1,96.8695676915263,49387
"(0.3828732626211156, 0.9770233445041672)",1,96.8695622644756,49388
"(0.9049688873143666, 0.9736189431913116)",1,96.86953847493906,49389
"(0.8596618357487924, 0.972045976510262)",2,96.869437441119,49391
"(0.7516483516483518, 0.972420634920635)",2,96.86941301521205,49393
"(0.4722366884143547, 0.9962497362353954)",1,96.86937963383126,49394
"(0.4901583010700104, 0.979391884835602)",1,96.8693541279912,49395
"(0.9958292603453894, 1.0)",1,96.86926780627024,49396
"(0.8952438710847427, 0.9729729482952189)",2,96.8692400354748,49398
"(0.8455704732698088, 0.972281746031746)",1,96.86922907384628,49399
"(0.8229870141950848, 0.972281746031746)",1,96.86913984484724,49400
"(0.4780938228629602, 0.9887506152584083)",2,96.86909874911412,49402
"(0.4476473930314049, 0.9899996874511642)",1,96.86906346913474,49403
"(0.7545918011034292, 0.9767441860465116)",1,96.8689879457224,49404
"(0.4649790459755947, 0.9749656593406592)",2,96.86892421533872,49406
"(0.9049688873143666, 0.9736189431913116)",1,96.8688707524136,49407
"(0.4853572199438807, 0.9900003125488358)",1,96.86873162560632,49408
"(0.7011915690388763, 0.9735486410250802)",1,96.86866801652306,49409
"(0.7837606837606838, 0.9722222222222222)",1,96.86859253016075,49410
"(0.8569370609099162, 0.9743243243243244)",2,96.8685306206312,49412
"(0.8219317364145453, 0.9735486410250802)",1,96.86839541246312,49413
"(0.7992282793924381, 0.9764666952752286)",1,96.8683762169537,49414
"(0.8600291387756281, 0.9958292603453894)",1,96.86833492856653,49415
"(0.9335837499903572, 0.9736189431913116)",2,96.86821257928544,49417
"(0.6084354171454838, 0.9974998905914936)",1,96.86820573515476,49418
"(0.8453177368288579, 0.9736189431913116)",3,96.86818130418447,49421
"(0.95, 0.9716190476190476)",1,96.86801630887844,49422
"(0.8024695068301698, 0.9777026823435832)",1,96.86795414933027,49423
"(0.915887675849288, 0.9722972972972974)",1,96.86795304242958,49424
"(0.4015189621923474, 0.9807383947689644)",2,96.86795044282816,49426
"(0.4830767364322945, 0.9912488373656227)",1,96.86794497541732,49427
"(0.4890731859530187, 0.9887504746694504)",2,96.86794139006156,49429
"(0.8580559516200404, 0.9764666952752286)",1,96.86781603231113,49430
"(0.8318290279074593, 0.9861673414304992)",1,96.86781086557072,49431
"(0.9834113430318364, 0.9958292603453894)",1,96.867771561417,49432
"(0.8770575330421131, 0.9726350882859128)",2,96.86776253790828,49434
"(0.7394745529782975, 0.9756733433925896)",2,96.86768973016576,49436
"(0.7109688804604058, 0.972281746031746)",1,96.8676164139676,49437
"(0.7942038054814895, 0.9861673414304992)",1,96.8675721401217,49438
"(0.7109688804604058, 0.972281746031746)",1,96.86754091427326,49439
"(0.6983464132286942, 0.9767441860465116)",1,96.86752118715978,49440
"(0.6466593921207574, 0.9764666952752286)",1,96.86740376977926,49441
"(0.4847252958987063, 0.986245936653225)",2,96.8673966494673,49443
"(0.5916005291005291, 1.0)",3,96.8673884660423,49446
"(0.6749447402728794, 0.9722222222222222)",1,96.86730504015785,49447
"(0.4525144676897589, 0.9887506152584083)",2,96.8672874595439,49449
"(0.3990766952373464, 0.9962497362353954)",1,96.8672614960699,49450
"(0.6911324786324786, 0.972045976510262)",1,96.86718491180292,49451
"(0.7772049591964847, 0.9722222222222222)",1,96.86715915863655,49452
"(0.8108021513875538, 0.9736189431913116)",1,96.86714470988224,49453
"(0.7729742929217565, 0.9770268172641052)",3,96.86707859868606,49456
"(0.9833080808080809, 0.9958292603453894)",1,96.86700217266794,49457
"(0.9022759891180944, 0.972045976510262)",2,96.86697496334912,49459
"(0.6259562980551786, 0.9862497206293536)",1,96.8669583347024,49460
"(0.8090204369274137, 0.9764666952752286)",1,96.8669488370038,49461
"(0.9147108205622834, 0.9735486410250802)",1,96.86687347550328,49462
"(0.4967706652322037, 0.9900003125488358)",1,96.86680786872677,49463
"(0.9528533742496432, 0.967895529128406)",1,96.86675353649642,49464
"(0.4692208198077898, 0.990777156084894)",1,96.8665698002485,49465
"(0.5275402576489533, 0.9825008750875088)",1,96.86655393539668,49466
"(0.8605691443799373, 0.9736189431913116)",1,96.86655057058104,49467
"(0.8504382366909891, 0.9735486410250802)",1,96.86649318615947,49468
"(0.5609189688764551, 0.9974998905914936)",1,96.86647601904018,49469
"(0.9422394177612392, 0.9712822597033124)",1,96.8664057510989,49470
"(0.664091471262014, 0.995053182506911)",1,96.86636797146124,49471
"(0.960666032023912, 0.9714285714285714)",1,96.86636143473754,49472
"(0.8791645439245395, 0.9735486410250802)",3,96.86631904973892,49475
"(0.8777335856148074, 0.9736842105263158)",1,96.86631811808004,49476
"(0.9680383516315252, 0.9713574016563148)",3,96.86624743015312,49479
"(0.8561103441223091, 0.972045976510262)",1,96.86624429337571,49480
"(0.979051756240299, 0.9958292603453894)",2,96.866236598038,49482
"(0.7397465592662823, 0.9942862453759094)",1,96.86618446307256,49483
"(0.8459744503862151, 0.972045976510262)",1,96.86604190793356,49484
"(0.6326954876802936, 0.9861673414304992)",1,96.86601111146835,49485
"(0.8627397499800719, 0.9735486410250802)",1,96.86592595438006,49486
"(0.8484583260465807, 0.9726336265034016)",2,96.86590757386722,49488
"(0.8313174792337382, 0.9735486410250802)",3,96.86590487221056,49491
"(0.8221762134805614, 0.972045976510262)",1,96.865761423568,49492
"(0.7377975062704127, 0.9743589743589745)",3,96.86547512730856,49495
"(0.908421874225862, 0.9756756756756756)",1,96.86542873014275,49496
"(0.4627097155913258, 0.9746622402504737)",1,96.86532013786712,49497
"(0.6458122469635628, 0.9736189431913116)",1,96.86526128249692,49498
"(0.8645256232686982, 0.9736842105263158)",1,96.8652036912359,49499
"(0.7348436174331348, 0.972281746031746)",1,96.8651110203883,49500
"(0.8592657752039796, 0.972045976510262)",1,96.86510535228844,49501
"(0.8761383419447936, 0.9873891625615764)",1,96.8650984523022,49502
"(0.640941499241254, 0.9887497714240168)",2,96.86493360746113,49504
"(0.8610715260301386, 0.9764666952752286)",1,96.86493121802306,49505
"(0.7855494505494506, 0.9738603988603988)",1,96.86491227513102,49506
"(0.8680947159565582, 0.9735486410250802)",1,96.86490563854125,49507
"(0.4847252958987063, 0.986245936653225)",1,96.86489496448372,49508
"(0.5853182863855046, 0.9766890960688752)",1,96.86488807130246,49509
"(0.3991357684021978, 0.9961967093764432)",1,96.8648725066581,49510
"(0.8791645439245395, 0.9735486410250802)",3,96.86486045029577,49513
"(0.3701287531347074, 0.9783716624971414)",1,96.8648342014197,49514
"(0.8715701474388204, 0.972281746031746)",1,96.86482667180378,49515
"(0.8229870141950848, 0.972281746031746)",2,96.86447361772863,49517
"(0.8404355452872972, 0.972045976510262)",2,96.8644175616634,49519
"(0.457262827025654, 0.9988619159967322)",1,96.8642409971358,49520
"(0.874047619047619, 0.972045976510262)",1,96.86422115550177,49521
"(0.8575585765967352, 0.9735486410250802)",2,96.8640834515992,49523
"(0.9327510896243466, 0.9773640303768832)",1,96.8639777804844,49524
"(0.8417410714285716, 0.9749656593406592)",1,96.86395079067644,49525
"(0.5463455725995242, 0.986245936653225)",2,96.86376694123716,49527
"(0.4967706652322037, 0.9900003125488358)",1,96.863719459787,49528
"(0.4085833743236595, 1.0)",1,96.86371425574288,49529
"(0.6458122469635628, 0.9736189431913116)",1,96.8636654234116,49530
"(0.9460547122074636, 0.9790755481078062)",1,96.86366521088316,49531
"(0.593224625483241, 0.9736842105263158)",1,96.86364923156384,49532
"(0.8715701474388204, 0.972045976510262)",1,96.86363246991137,49533
"(0.9680383516315252, 0.9676485688615069)",1,96.86359067473563,49534
"(0.7729742929217565, 0.9777024991092788)",1,96.86357125020352,49535
"(0.9539751547184644, 0.9748802746905214)",1,96.86351296677066,49536
"(0.5147068703695182, 0.9924987337339528)",1,96.86350635558556,49537
"(0.5312756357670222, 0.99)",1,96.86346025878385,49538
"(0.5978053951367237, 0.9892840043826994)",1,96.8631766534176,49539
"(0.7851227464298004, 0.9736479749321184)",1,96.8630190181595,49540
"(0.8201767124753505, 0.9736842105263158)",1,96.86300695106624,49541
"(0.9187883397948668, 0.9716190476190476)",3,96.86283969018092,49544
"(0.5141491228070175, 0.988750193395939)",1,96.86279179804217,49545
"(0.6767580302172832, 0.972281746031746)",1,96.86270762316994,49546
"(0.5874751891549204, 0.9736842105263158)",1,96.86269678137022,49547
"(0.6907243513029603, 1.0)",1,96.86267304832448,49548
"(0.6415148305084746, 0.9749910873440284)",1,96.86261280065696,49549
"(0.8719725743599862, 0.9736189431913116)",1,96.86260984488344,49550
"(0.9187883397948668, 0.9716190476190476)",1,96.86255741305996,49551
"(0.7778533896115083, 0.9736842105263158)",1,96.86252872223449,49552
"(0.41505979606205, 0.9766816583571408)",1,96.8624088990324,49553
"(0.6767580302172832, 0.972281746031746)",1,96.86235398108794,49554
"(0.4139252838240179, 0.9824314698259904)",1,96.86226752440685,49555
"(0.8561103441223091, 0.972045976510262)",2,96.86225634400364,49557
"(0.9496114574862204, 0.9873891625615764)",1,96.8622405477772,49558
"(0.4496170512320273, 0.9876734993299412)",1,96.8619598808723,49559
"(0.1716734420921106, 0.9870601047071634)",1,96.8619566858546,49560
"(0.9640038239043044, 0.9714285714285714)",1,96.86192106124746,49561
"(0.9302688539530646, 0.9735486410250802)",1,96.8618957786204,49562
"(0.4755355605353038, 0.9984817852901372)",1,96.86187804277012,49563
"(0.8581022152450725, 0.972045976510262)",1,96.86170798830082,49564
"(0.7976364522417154, 0.9736189431913116)",1,96.86169558582476,49565
"(0.8645256232686982, 0.9736842105263158)",1,96.86166687279233,49566
"(0.4804731351668838, 0.9874987494998)",1,96.86159401873472,49567
"(0.3672613423407492, 0.975668120309284)",1,96.86158916469569,49568
"(0.8605691443799373, 0.9736189431913116)",1,96.86140500938556,49569
"(0.9916585206907788, 0.9958292603453894)",1,96.86137062264324,49570
"(0.8128971639097002, 0.9738603988603988)",1,96.86132286456028,49571
"(0.5463455725995242, 0.986245936653225)",1,96.86126425159084,49572
"(0.3833435083435083, 0.9872890642121412)",1,96.86118867569822,49573
"(0.829593594810986, 0.9743589743589745)",1,96.86111371920202,49574
"(0.9064143587480232, 0.9735486410250802)",1,96.86107600372756,49575
"(0.9572437766315318, 0.9715593185206444)",1,96.86098671870867,49576
"(0.5081592004685413, 0.9892380680602126)",3,96.86094578225416,49579
"(0.9540153992631536, 0.9716190476190476)",1,96.86091474524729,49580
"(0.9609357631051972, 0.9715593185206444)",1,96.86088834945843,49581
"(0.9238400660955778, 0.9714285714285714)",1,96.86081978732626,49582
"(0.9003351064851267, 0.9712822597033124)",1,96.8607923249206,49583
"(0.8512737540052664, 0.9736189431913116)",1,96.86078367352016,49584
"(0.4133101229894375, 0.9981012669018314)",1,96.86073770257828,49585
"(0.9502288074111276, 0.9751409401578528)",1,96.86071278446508,49586
"(0.8627397499800719, 0.9736189431913116)",1,96.86063463679696,49587
"(0.8561103441223091, 0.972045976510262)",1,96.86059002865558,49588
"(0.5405172403210167, 0.9920089871265484)",1,96.8605894727081,49589
"(0.9640038239043044, 0.9678176625650188)",3,96.86043804299116,49592
"(0.7778533896115083, 0.9736842105263158)",2,96.860387541053,49594
"(0.9140194694749032, 0.9735486410250802)",1,96.8603813749706,49595
"(0.8952438710847427, 0.9726351382584082)",1,96.86035473746531,49596
"(0.4780938228629602, 0.9887506152584083)",1,96.86034859866838,49597
"(0.5218438528010998, 0.972281746031746)",1,96.8601446796544,49598
"(0.2204230963407635, 0.9992416608232524)",1,96.86011795235898,49599
"(0.6128103629529902, 0.9722971455282776)",1,96.86009308562748,49600
"(0.5151897052695996, 0.993920957390909)",1,96.85987636522124,49601
"(0.8952438710847427, 0.974662060944707)",1,96.8598053717885,49602
"(0.7803195571784078, 0.9736842105263158)",1,96.85973617360156,49603
"(0.902350121335084, 0.972420634920635)",1,96.85966336652557,49604
"(0.9746854694957162, 1.0)",1,96.8595983640722,49605
"(0.7709171448706333, 0.9764666952752286)",1,96.85958028454104,49606
"(0.838301471154743, 0.972045976510262)",1,96.85957370095034,49607
"(0.418728666447884, 0.9962497362353954)",1,96.85956484418804,49608
"(0.3833435083435083, 0.9870601047071634)",1,96.85955829253214,49609
"(0.8722751392320632, 0.974662153486404)",1,96.859460866784,49610
"(0.8591722063944286, 0.972420634920635)",1,96.85936506107936,49611
"(0.362211854979326, 0.9783716624971414)",1,96.85935337301385,49612
"(0.6026666666666667, 0.9977203590215908)",1,96.85934298929212,49613
"(0.4560299578482537, 0.986245936653225)",2,96.8591787767264,49615
"(0.9140194694749032, 0.9735486410250802)",2,96.85912824595609,49617
"(0.3636586849292732, 0.974999417837726)",1,96.8591095057828,49618
"(0.6892156862745098, 0.9861673414304992)",1,96.85905814990608,49619
"(0.7325800052772601, 0.9767441860465116)",1,96.85887657326134,49620
"(0.3972371170981162, 0.977023753752602)",1,96.8587665991321,49621
"(0.8027044799462303, 0.9783779637835908)",2,96.8586638059923,49623
"(0.9645938855657314, 0.9680383516315252)",3,96.85865219564288,49626
"(0.9916625936787228, 0.9958292603453894)",1,96.85865094966226,49627
"(0.6809855026116619, 0.9749910873440284)",1,96.85863339198212,49628
"(0.9022759891180944, 0.972045976510262)",1,96.85857701523868,49629
"(0.92132700797001, 0.979166518665308)",1,96.85856113765526,49630
"(0.725384098712547, 0.9743589743589745)",1,96.85847960949096,49631
"(0.9699183291713004, 0.9958292603453894)",1,96.85844597183174,49632
"(0.9156086605607608, 0.9735486410250802)",1,96.85837697139434,49633
"(0.304184857695496, 0.9942862453759094)",1,96.85833554843008,49634
"(0.6444891298012474, 0.972281746031746)",1,96.85832369388883,49635
"(0.354927677182248, 0.976005150554588)",1,96.85827001346254,49636
"(0.4673343159733596, 0.9950001562744178)",1,96.85825488845256,49637
"(0.497102057514807, 0.97769521654307)",1,96.8581298483577,49638
"(0.8880748880748881, 0.972281746031746)",1,96.8581038404218,49639
"(0.549813159936279, 0.9767441860465116)",1,96.85801914027064,49640
"(0.606993006993007, 1.0)",3,96.85794684334893,49643
"(0.9746854694957162, 0.9958292603453894)",1,96.85792386420908,49644
"(0.888622291021672, 0.9749656593406592)",1,96.85789862541222,49645
"(0.8592657752039796, 0.972045976510262)",1,96.85785127622864,49646
"(0.2463156555806346, 0.9984863658725142)",1,96.85780602821976,49647
"(0.7855494505494506, 0.9738603988603988)",1,96.8577916776313,49648
"(0.9677353740627908, 0.967895529128406)",3,96.85776555217954,49651
"(0.9311507936507936, 0.972420634920635)",1,96.85773276417024,49652
"(0.943552974917135, 0.967895529128406)",2,96.85764841615917,49654
"(0.5061654456041751, 0.9950002500250024)",1,96.85764313716192,49655
"(0.4851912943871705, 0.988750193395939)",1,96.8576260991235,49656
"(0.9122507070492478, 0.9749656593406592)",1,96.85759223963818,49657
"(0.65048971456559, 0.992499671774481)",1,96.85724168690736,49658
"(0.8201767124753505, 0.969334154098697)",3,96.85721804892704,49661
"(0.9916585206907788, 0.9958292603453894)",1,96.85715322313852,49662
"(0.9743030741133208, 0.9958292603453894)",1,96.85711466910011,49663
"(0.7837606837606838, 0.972045976510262)",1,96.85697548006904,49664
"(0.8428883536673643, 0.969334154098697)",3,96.856950343189,49667
"(0.4924777967362296, 0.986245936653225)",3,96.85691608529493,49670
"(0.5543525394441815, 0.9899992498312122)",1,96.85686847241548,49671
"(0.888622291021672, 0.9749656593406592)",1,96.85679386314416,49672
"(0.9916339869281046, 0.9958292603453894)",1,96.85673328139124,49673
"(0.8916138279602192, 0.9678176625650188)",3,96.85667267053677,49676
"(0.9134717985546716, 0.9756752092565392)",1,96.85666132050557,49677
"(0.8715701474388204, 0.972045976510262)",1,96.85665214572316,49678
"(0.9122507070492478, 0.9749656593406592)",1,96.85644922989437,49679
"(0.6047607547714982, 1.0)",2,96.85640409823242,49681
"(0.9362689940183164, 0.9712822597033124)",1,96.85637787195002,49682
"(0.6182998752190132, 0.9887506152584083)",3,96.85624291803184,49685
"(0.7401844059863599, 0.972420634920635)",1,96.85618957431124,49686
"(0.4901583010700104, 0.9787161797779323)",1,96.8561841827854,49687
"(0.8451478848040399, 0.972045976510262)",2,96.85616903441232,49689
"(0.4437501725645391, 0.9862497206293536)",3,96.85614940538552,49692
"(0.9422585572257836, 0.9690968282937898)",1,96.85610733118176,49693
"(0.7447170736590969, 0.9736842105263158)",1,96.85608883841762,49694
"(0.9085605849871624, 0.9736189431913116)",1,96.85607365130284,49695
"(0.8975764647467728, 0.9749656593406592)",1,96.85605679720727,49696
"(0.8524016298728943, 0.9748802746905214)",1,96.85599887627968,49697
"(0.4768807437940118, 0.9790540349287944)",1,96.85599503288172,49698
"(0.8902783631946863, 0.9861673414304992)",1,96.85594149871146,49699
"(0.4566269759061861, 0.9977203590215908)",1,96.85586971240691,49700
"(0.8112275321577646, 0.9764666952752286)",1,96.8558441294762,49701
"(0.8146183925150791, 0.9738603988603988)",3,96.85582876406905,49704
"(0.7709171448706333, 0.9764666952752286)",1,96.85582362442752,49705
"(0.8292352872388802, 0.9790540349287944)",3,96.8557996526318,49708
"(0.8868677229932935, 0.969334154098697)",1,96.85579533494692,49709
"(0.4740308729851539, 0.981246922746278)",1,96.85577668042532,49710
"(0.874450386215092, 0.972281746031746)",1,96.85574658558347,49711
"(0.9299160159815896, 0.9722222222222222)",1,96.8557388411704,49712
"(0.8695047001707931, 0.9747507916611692)",1,96.85568712365772,49713
"(0.5261709490066349, 1.0)",1,96.85565860784855,49714
"(0.6444891298012474, 0.972281746031746)",1,96.85559939247156,49715
"(0.9036271334014516, 0.9783779637835908)",3,96.855493044554,49718
"(0.9140194694749032, 0.9735486410250802)",1,96.85546442810504,49719
"(0.6126816816816817, 0.9950001562744178)",1,96.85543615672296,49720
"(0.8876473063973064, 0.972420634920635)",1,96.85533285737232,49721
"(0.5750629311033884, 0.9977203590215908)",1,96.85525696296342,49722
"(0.5159978271811663, 1.0)",1,96.85522884373589,49723
"(0.8493268538892306, 0.9735486410250802)",1,96.85522450187727,49724
"(0.7891673497098101, 0.9780434995701116)",1,96.855189850888,49725
"(0.9160264866799612, 0.9722222222222222)",2,96.85514815794546,49727
"(0.9832965806068272, 0.9958292603453894)",1,96.85492168399485,49728
"(0.7410141554411331, 0.972281746031746)",1,96.8549139463488,49729
"(0.9147108205622834, 0.9735486410250802)",1,96.85485736687478,49730
"(0.9327510896243466, 0.9783779637835908)",3,96.85472537840612,49733
"(0.8455704732698088, 0.972045976510262)",1,96.8547160398922,49734
"(0.5053993577226708, 0.9749916064270788)",1,96.85468960265491,49735
"(0.8374874819183264, 0.9764666952752286)",1,96.85465214671,49736
"(0.563035225158132, 1.0)",1,96.85462851631996,49737
"(0.8569370609099162, 0.974324300880458)",1,96.8546256174682,49738
"(0.7545918011034292, 0.9767441860465116)",2,96.85459550350276,49740
"(0.8490208544183524, 0.972281746031746)",2,96.85455094975222,49742
"(0.9603476243044132, 0.9678176625650188)",1,96.85452865175829,49743
"(0.6404368533365645, 0.9937495603923254)",1,96.85452757816248,49744
"(0.501667548613375, 0.9887504746694504)",1,96.85452162837872,49745
"(0.8344065656565657, 0.9861673414304992)",1,96.85451587935276,49746
"(0.7447170736590969, 0.9736842105263158)",1,96.85446274853749,49747
"(0.7401844059863599, 0.972420634920635)",1,96.85443656635675,49748
"(0.9575913511472004, 0.9712822597033124)",1,96.85442295914416,49749
"(0.8596618357487924, 0.972045976510262)",1,96.85441968880532,49750
"(0.5103469782909699, 0.9912488373656227)",1,96.85427480704298,49751
"(0.5762240792806925, 0.9866120822027302)",1,96.85421778765676,49752
"(0.4560299578482537, 0.986245936653225)",1,96.85417646635192,49753
"(0.8715701474388204, 0.972045976510262)",1,96.85413020394778,49754
"(0.8221762134805614, 0.972045976510262)",1,96.8541009683982,49755
"(0.9069647153947764, 0.9714285714285714)",1,96.85406223792911,49756
"(0.9505232430050672, 0.9751409401578528)",1,96.85401621420574,49757
"(0.926397848615755, 0.969334154098697)",1,96.85399955087549,49758
"(0.7139085086453507, 0.9736842105263158)",3,96.85397866630748,49761
"(0.7280701754385965, 0.9780434995701116)",1,96.85384355856004,49762
"(0.5066098655342575, 0.9900003125488358)",1,96.85382893359342,49763
"(0.7002945207922506, 0.9736842105263158)",1,96.85382689853816,49764
"(0.4255117986159442, 0.9767441860465116)",1,96.85381917785162,49765
"(0.888622291021672, 0.9749656593406592)",1,96.85354867078182,49766
"(0.5139584921833341, 1.0)",1,96.85351285707982,49767
"(0.4746453255640638, 0.9827699457566198)",1,96.85340909700632,49768
"(0.8605691443799373, 0.9736189431913116)",1,96.85333891798103,49769
"(0.7675031231329097, 0.9736189431913116)",1,96.85332709258248,49770
"(0.8845244231527244, 0.9764666952752286)",1,96.85331283206416,49771
"(0.8229870141950848, 0.972281746031746)",1,96.85330688091008,49772
"(0.8513842746400886, 0.9767441860465116)",1,96.85318643551054,49773
"(0.3592666181139386, 0.976761412575366)",1,96.85313926341796,49774
"(0.9712822597033124, 0.97502985598876)",1,96.85301668927644,49775
"(0.7304742252709461, 0.9764666952752286)",1,96.85301622279326,49776
"(0.9833251873574456, 0.9958292603453894)",1,96.85300599880487,49777
"(0.6911324786324786, 0.972045976510262)",1,96.85293478871696,49778
"(0.7555200945626477, 0.972420634920635)",1,96.852799582156,49779
"(0.865581803207783, 0.991206314397104)",1,96.8527239846572,49780
"(0.8715701474388204, 0.972045976510262)",1,96.85248085815522,49781
"(0.8916138279602192, 0.9678176625650188)",1,96.85239128081972,49782
"(0.4517222778047475, 0.9824320233454292)",1,96.8522691391968,49783
"(0.9373666512059368, 0.9749910873440284)",1,96.85226316473944,49784
"(0.8887419165196944, 0.972045976510262)",2,96.85225016693802,49786
"(0.8955173107890498, 0.9749910873440284)",1,96.8522340713361,49787
"(0.9832965806068272, 0.9958292603453894)",1,96.85221327141508,49788
"(0.9640038239043044, 0.9714285714285714)",1,96.85216469905654,49789
"(0.4051929257846971, 0.9962500644653132)",1,96.8521242447622,49790
"(0.9831777451938742, 0.9958292603453894)",1,96.8519734380056,49791
"(0.7750729499528326, 0.9753378406526394)",1,96.85196277789473,49792
"(0.7030725566042162, 0.9764666952752286)",1,96.85178226938382,49793
"(0.8829656107481818, 0.9736189431913116)",2,96.85177238356664,49795
"(0.9876221896383188, 0.9958292603453894)",1,96.8517472701825,49796
"(0.3833435083435083, 0.9870601047071634)",1,96.85171589887108,49797
"(0.6461629696923814, 0.972045976510262)",1,96.85166097021396,49798
"(0.7639004270430678, 0.9773640303768832)",1,96.851553593467,49799
"(0.7856964763329513, 0.9722222222222222)",1,96.8514823386671,49800
"(0.9388917411828462, 0.9715593185206444)",1,96.85147428261546,49801
"(0.8404355452872972, 0.972045976510262)",3,96.85144540120947,49804
"(0.7481666755361609, 0.9764666952752286)",2,96.85141042788364,49806
"(0.852, 0.9749910873440284)",1,96.85133684397648,49807
"(0.872151605428666, 0.9749656593406592)",1,96.85129804605992,49808
"(0.8422693146507633, 0.9736842105263158)",1,96.85126941871874,49809
"(0.8891825109620656, 0.9763513297583164)",1,96.85108019848484,49810
"(0.9916625936787228, 0.9958292603453894)",1,96.85106059073244,49811
"(0.925438675470188, 0.9749656593406592)",1,96.8510556757906,49812
"(0.6523667324339217, 0.9736842105263158)",3,96.85080014627265,49815
"(0.5408015642432895, 0.9877300613496932)",1,96.85058727230616,49816
"(0.5463455725995242, 0.986245936653225)",3,96.85056537755618,49819
"(0.9744745723240348, 0.9958292603453894)",2,96.85045978585111,49821
"(0.7803195571784078, 0.969334154098697)",3,96.85041299254353,49824
"(0.7250237826596757, 0.9743589743589745)",2,96.85040110538016,49826
"(0.8404355452872972, 0.972045976510262)",2,96.85035571458636,49828
"(0.8322510822510822, 0.9722222222222222)",1,96.85032979559726,49829
"(0.7943622269203664, 0.9764666952752286)",1,96.85032565747817,49830
"(0.4967706652322037, 0.9887504746694504)",1,96.85026313635656,49831
"(0.7864381427049374, 0.9756746761828256)",2,96.85021563135209,49833
"(0.9707136080238548, 0.9958292603453894)",1,96.85019878880604,49834
"(0.8191170968948748, 0.9735486410250802)",1,96.85014317666152,49835
"(0.4724538701233134, 0.9975000781372088)",1,96.8497006424422,49836
"(0.9085605849871624, 0.9736189431913116)",2,96.84953654883816,49838
"(0.9082051469489508, 0.9736189431913116)",1,96.84947347391908,49839
"(0.9015741327407994, 0.9748524098350704)",1,96.84942773410526,49840
"(0.5066098655342575, 0.9900003125488358)",1,96.8493962508049,49841
"(0.8996664258511047, 0.9736189431913116)",1,96.84937127592634,49842
"(0.8201767124753505, 0.9736842105263158)",1,96.84897853359836,49843
"(0.8193419055822156, 0.9722222222222222)",1,96.84896327163216,49844
"(0.4983681052446587, 0.9925003750375038)",2,96.84895610605656,49846
"(0.6767580302172832, 0.972281746031746)",3,96.84895023387992,49849
"(0.6767580302172832, 0.972281746031746)",2,96.84894052212708,49851
"(0.8743078626799556, 0.9722222222222222)",1,96.84892239797004,49852
"(0.7830369357045144, 0.9764666952752286)",1,96.8488880650649,49853
"(0.8616465603190429, 0.9749656593406592)",1,96.84884385856134,49854
"(0.7109688804604058, 0.972281746031746)",1,96.84878746035166,49855
"(0.9738477269913072, 0.9958292603453894)",1,96.84876281957584,49856
"(0.9224996008939976, 0.9749910873440284)",1,96.84869443139924,49857
"(0.6085487618529295, 0.9767441860465116)",1,96.84868078916446,49858
"(0.9162596992611264, 0.972420634920635)",1,96.8486452786107,49859
"(0.3672613423407492, 0.9760045147504433)",1,96.8486211442772,49860
"(0.8313174792337382, 0.9735486410250802)",1,96.84859684701372,49861
"(0.5270209404756591, 1.0)",3,96.8485957992379,49864
"(0.7103786816269286, 0.9736842105263158)",1,96.8485894154537,49865
"(0.8227768765625336, 0.974662153486404)",1,96.84857830281726,49866
"(0.7306729085863257, 1.0)",1,96.84854375110658,49867
"(0.685541383296858, 0.9756756756756756)",3,96.84837513376436,49870
"(0.5295994275347542, 1.0)",1,96.8483719205677,49871
"(0.8852629578963369, 0.972045976510262)",1,96.84823577052089,49872
"(0.8874191651969431, 0.972420634920635)",1,96.84821471689416,49873
"(0.983305541180304, 0.9958292603453894)",1,96.84812891224584,49874
"(0.6933160650937552, 0.9764666952752286)",1,96.84806132662207,49875
"(0.5222068099340543, 0.9988642062668746)",1,96.84799828524326,49876
"(0.8916138279602192, 0.9749692931061258)",1,96.8479047898155,49877
"(0.4076247491511041, 0.9984817852901372)",1,96.8478768556803,49878
"(0.6767580302172832, 0.972281746031746)",1,96.84778683044232,49879
"(0.9714285714285714, 0.9712822597033124)",3,96.84778057042966,49882
"(0.4847252958987063, 0.986245936653225)",1,96.84771831922552,49883
"(0.901608756801166, 0.9760132424791182)",1,96.84771537919389,49884
"(0.8996408045977011, 0.9749910873440284)",1,96.84770450348516,49885
"(0.8160079573535582, 0.9736486245878384)",2,96.84770115688212,49887
"(0.5066098655342575, 0.9887504746694504)",2,96.84768333108148,49889
"(0.9422394177612392, 0.9712822597033124)",3,96.84752559065316,49892
"(0.7453765521802005, 0.9716199113439437)",1,96.84751405528158,49893
"(0.5837905717470935, 0.9862497206293536)",1,96.8474985894549,49894
"(0.6000823138988796, 0.9756756756756756)",3,96.84745284474592,49897
"(0.5147068703695182, 0.9912488373656227)",2,96.84721162476184,49899
"(0.9187883397948668, 0.9716190476190476)",3,96.84713807691384,49902
"(0.6892156862745098, 0.972420634920635)",1,96.84711224765148,49903
"(0.8193419055822156, 0.972045976510262)",1,96.84710062042356,49904
"(0.9643944553313464, 0.9764666952752286)",1,96.8470806686826,49905
"(0.9575913511472004, 0.9712822597033124)",1,96.846976650155,49906
"(0.65048971456559, 0.9912501504190636)",1,96.84695839648494,49907
"(0.9187883397948668, 0.9751409401578528)",1,96.84694801192708,49908
"(0.8329339143064635, 0.972420634920635)",1,96.84693634794796,49909
"(0.5352462289124051, 0.9862497206293536)",3,96.8469082160718,49912
"(0.8453177368288579, 0.9736189431913116)",1,96.84688845388185,49913
"(0.5973694779116466, 0.987500703164553)",1,96.84677233314298,49914
"(0.5119662237091893, 0.9904066335741472)",3,96.84674950297632,49917
"(0.3302862574369368, 0.9958312371908138)",1,96.84668724058324,49918
"(0.7885047499939597, 0.9764666952752286)",1,96.84664177074524,49919
"(0.9486619426325308, 1.0)",1,96.84659603696689,49920
"(0.8442988787957741, 0.972297044347892)",1,96.8465282173224,49921
"(0.9259740526337398, 0.97502985598876)",1,96.84650146701688,49922
"(0.4976057427443008, 0.9975000781372088)",1,96.8463995615764,49923
"(0.8443691323092412, 0.9958292603453894)",1,96.84638513953688,49924
"(0.8317201048598508, 0.9735486410250802)",3,96.84636547077734,49927
"(0.8456659619450317, 0.9764666952752286)",1,96.84621632770484,49928
"(0.8715701474388204, 0.972281746031746)",1,96.84612091704636,49929
"(0.7521214129188376, 1.0)",3,96.8461129620282,49932
"(0.4585755850187953, 0.9975)",1,96.84609671962508,49933
"(0.874450386215092, 0.972281746031746)",1,96.84606050792245,49934
"(0.8116470752541504, 0.9733108138569656)",2,96.8460531314169,49936
"(0.943552974917135, 0.9714285714285714)",2,96.84602719540533,49938
"(0.9540153992631536, 0.9716190476190476)",1,96.84597792545664,49939
"(0.9156086605607608, 0.9735486410250802)",1,96.84596700860996,49940
"(0.8777335856148074, 0.9736842105263158)",1,96.84595031100297,49941
"(0.8066487122350412, 0.9767441860465116)",1,96.84588097864588,49942
"(0.8307565789473685, 0.9735486410250802)",1,96.84583258636812,49943
"(0.5295994275347542, 1.0)",2,96.84579637504696,49945
"(0.1716734420921106, 0.9870601047071634)",1,96.845701434622,49946
"(0.4987711467817516, 0.9962501582231502)",1,96.84569125298644,49947
"(0.8313174792337382, 0.9735486410250802)",1,96.84564420890553,49948
"(0.9156086605607608, 0.9735486410250802)",1,96.84544463988904,49949
"(0.7308029243083128, 0.972281746031746)",1,96.8453873793697,49950
"(0.9581458989353726, 1.0)",1,96.84528464680756,49951
"(0.8124923632552741, 0.972420634920635)",1,96.84521432614288,49952
"(0.9645238095238096, 0.9676485688615069)",1,96.84510906069364,49953
"(0.846098299557419, 0.972420634920635)",1,96.84494474979032,49954
"(0.8274062797908469, 0.9735486410250802)",1,96.8448993649216,49955
"(0.5012820344246796, 0.9887504746694504)",1,96.84487237199086,49956
"(0.4722366884143547, 0.9962497362353954)",1,96.84486042614924,49957
"(0.9392111404005912, 0.9716190476190476)",1,96.84476939627208,49958
"(0.8499431760854415, 0.9770268172641052)",3,96.8447583278226,49961
"(0.9162596992611264, 0.972045976510262)",1,96.8446715921654,49962
"(0.8722751392320632, 0.9729729482952189)",2,96.8446352832938,49964
"(0.6444577505269209, 0.986249032863116)",1,96.84460661206788,49965
"(0.7620265151515151, 0.9749656593406592)",1,96.84452956347955,49966
"(0.8431623931623932, 0.9738603988603988)",1,96.84443975616291,49967
"(0.6324614334795292, 0.9767441860465116)",1,96.84442802658938,49968
"(0.8071948928825261, 0.9861673414304992)",1,96.84436117415204,49969
"(0.6031177317792814, 1.0)",3,96.84434181748313,49972
"(0.7992282793924381, 0.9764666952752286)",1,96.84433487895164,49973
"(0.620130835563485, 0.991206314397104)",3,96.84429734231932,49976
"(0.979051756240299, 0.9958292603453894)",1,96.84427745024826,49977
"(0.3875802750555293, 0.9753349406134608)",1,96.84419488376024,49978
"(0.596010533010056, 0.986245936653225)",2,96.84416837984269,49980
"(0.2126776177409088, 0.9870601047071634)",1,96.84413138456895,49981
"(0.9354654378932672, 0.9689186351231912)",1,96.84412784281037,49982
"(0.9064143587480232, 0.9735486410250802)",3,96.84409762894,49985
"(0.4987398156700754, 0.9987499746026686)",1,96.84408470266744,49986
"(0.9429917021753756, 0.9749052909377262)",2,96.84401285139334,49988
"(0.6361158710730316, 0.9764666952752286)",1,96.8439914366716,49989
"(0.8504382366909891, 0.9735486410250802)",2,96.84398104798665,49991
"(0.846224760385985, 0.9756753425211272)",2,96.8438311280768,49993
"(0.8593554593554595, 0.9861673414304992)",1,96.84374874313916,49994
"(0.9030683555945836, 0.974662153486404)",1,96.8437337364103,49995
"(0.6122976080997202, 0.9974998905914936)",1,96.84357495151824,49996
"(0.8868677229932935, 0.9736842105263158)",1,96.84356468607044,49997
"(0.9603476243044132, 0.9712822597033124)",1,96.84353651186449,49998
"(0.6226174561728305, 0.9937502637052502)",1,96.84353369346135,49999
"(0.915887675849288, 0.9722972972972974)",2,96.84352408761946,50001
