value,count,total,cumulative_sum
"(1.0, 1.0)",7,100.0,7
"(0.9833333333333332, 1.0)",1,99.98333333333332,8
"(1.0, 1.0)",11,99.98333333333332,19
"(0.9666666666666668, 1.0)",1,99.96666666666668,20
"(0.9833333333333332, 1.0)",7,99.96666666666668,27
"(1.0, 1.0)",13,99.96666666666668,40
"(0.9666666666666668, 1.0)",3,99.95,43
"(1.0, 1.0)",1,99.95,44
"(1.0, 1.0)",13,99.95,57
"(0.95, 1.0)",4,99.95,61
"(0.9833333333333332, 1.0)",3,99.95,64
"(1.0, 1.0)",16,99.93333333333334,80
"(0.9666666666666668, 1.0)",7,99.93333333333334,87
"(0.95, 1.0)",3,99.93333333333334,90
"(0.9833333333333332, 1.0)",5,99.93333333333334,95
"(0.95, 1.0)",6,99.91666666666669,101
"(0.9833333333333332, 1.0)",6,99.91666666666669,107
"(0.9666666666666668, 1.0)",4,99.91666666666669,111
"(1.0, 1.0)",5,99.91666666666669,116
"(0.9166666666666666, 1.0)",4,99.91666666666666,120
"(1.0, 1.0)",11,99.91666666666666,131
"(0.9333333333333332, 1.0)",5,99.91666666666666,136
"(0.9833333333333332, 1.0)",12,99.91666666666666,148
"(0.9666666666666668, 1.0)",5,99.91666666666666,153
"(0.95, 1.0)",8,99.91666666666666,161
"(0.9333333333333332, 1.0)",3,99.9,164
"(0.9666666666666668, 1.0)",5,99.9,169
"(0.9166666666666666, 1.0)",5,99.9,174
"(0.95, 1.0)",8,99.9,182
"(0.9, 1.0)",3,99.9,185
"(1.0, 1.0)",11,99.9,196
"(0.9833333333333332, 1.0)",9,99.9,205
"(1.0, 1.0)",1,99.88333333333334,206
"(0.9666666666666668, 1.0)",1,99.88333333333334,207
"(0.9166666666666666, 1.0)",4,99.88333333333333,211
"(0.9, 1.0)",2,99.88333333333333,213
"(0.95, 1.0)",1,99.88333333333333,214
"(0.9333333333333332, 1.0)",4,99.88333333333333,218
"(0.9833333333333332, 1.0)",15,99.88333333333333,233
"(0.8833333333333333, 1.0)",14,99.88333333333333,247
"(0.9666666666666668, 1.0)",17,99.88333333333333,264
"(1.0, 1.0)",28,99.88333333333333,292
"(0.95, 1.0)",5,99.86666666666667,297
"(0.9833333333333332, 1.0)",14,99.86666666666667,311
"(0.9666666666666668, 1.0)",15,99.86666666666667,326
"(0.9333333333333332, 1.0)",7,99.86666666666667,333
"(1.0, 1.0)",16,99.86666666666667,349
"(0.9166666666666666, 1.0)",7,99.86666666666667,356
"(0.9, 1.0)",6,99.86666666666667,362
"(0.8833333333333333, 1.0)",4,99.86666666666667,366
"(0.95, 1.0)",1,99.86666666666666,367
"(0.95, 1.0)",9,99.85,376
"(0.9166666666666666, 1.0)",6,99.85,382
"(0.9666666666666668, 1.0)",10,99.85,392
"(0.9833333333333332, 1.0)",5,99.85,397
"(0.9, 1.0)",2,99.85,399
"(0.8666666666666667, 1.0)",7,99.85,406
"(0.85, 1.0)",4,99.85,410
"(0.95, 1.0)",1,99.85,411
"(1.0, 1.0)",1,99.85,412
"(0.9333333333333332, 1.0)",3,99.85,415
"(1.0, 1.0)",30,99.85,445
"(0.8833333333333333, 1.0)",12,99.85,457
"(0.9166666666666666, 1.0)",3,99.83333333333334,460
"(1.0, 1.0)",6,99.83333333333334,466
"(0.8333333333333334, 1.0)",1,99.83333333333334,467
"(0.95, 1.0)",10,99.83333333333334,477
"(0.9666666666666668, 1.0)",7,99.83333333333334,484
"(0.9833333333333332, 1.0)",3,99.83333333333334,487
"(0.8666666666666667, 1.0)",1,99.83333333333334,488
"(0.8833333333333333, 1.0)",1,99.83333333333334,489
"(0.9, 1.0)",3,99.83333333333334,492
"(0.9, 1.0)",3,99.83333333333331,495
"(0.9333333333333332, 1.0)",9,99.83333333333331,504
"(0.9666666666666668, 1.0)",15,99.83333333333331,519
"(0.85, 1.0)",1,99.83333333333331,520
"(0.95, 1.0)",3,99.83333333333331,523
"(0.8666666666666667, 1.0)",7,99.83333333333331,530
"(1.0, 1.0)",8,99.83333333333331,538
"(0.9166666666666666, 1.0)",6,99.83333333333331,544
"(0.9833333333333332, 1.0)",6,99.83333333333331,550
"(0.8833333333333333, 1.0)",23,99.83333333333331,573
"(0.9166666666666666, 1.0)",8,99.81666666666666,581
"(1.0, 1.0)",19,99.81666666666666,600
"(0.9666666666666668, 1.0)",18,99.81666666666666,618
"(0.95, 1.0)",8,99.81666666666666,626
"(0.85, 1.0)",4,99.81666666666666,630
"(0.9333333333333332, 1.0)",12,99.81666666666666,642
"(0.9833333333333332, 1.0)",9,99.81666666666666,651
"(0.9, 1.0)",4,99.81666666666666,655
"(0.8666666666666667, 1.0)",3,99.81666666666666,658
"(0.8833333333333333, 1.0)",9,99.81666666666666,667
"(0.9333333333333332, 1.0)",10,99.8,677
"(0.95, 1.0)",13,99.8,690
"(0.8666666666666667, 1.0)",4,99.8,694
"(0.8, 1.0)",2,99.8,696
"(1.0, 1.0)",22,99.8,718
"(0.9, 1.0)",7,99.8,725
"(1.0, 1.0)",1,99.8,726
"(0.9166666666666666, 1.0)",7,99.8,733
"(0.8333333333333334, 1.0)",4,99.8,737
"(0.9666666666666668, 1.0)",10,99.8,747
"(0.9833333333333332, 1.0)",15,99.8,762
"(0.8833333333333333, 1.0)",6,99.8,768
"(0.85, 1.0)",3,99.8,771
"(0.95, 1.0)",7,99.78333333333332,778
"(0.9166666666666666, 1.0)",12,99.78333333333332,790
"(0.9833333333333332, 1.0)",13,99.78333333333332,803
"(0.8333333333333334, 1.0)",5,99.78333333333332,808
"(0.9666666666666668, 1.0)",9,99.78333333333332,817
"(1.0, 1.0)",14,99.78333333333332,831
"(0.8833333333333333, 1.0)",3,99.78333333333332,834
"(0.7833333333333333, 1.0)",2,99.78333333333332,836
"(0.9333333333333332, 1.0)",3,99.78333333333332,839
"(0.8666666666666667, 1.0)",5,99.78333333333332,844
"(0.8, 1.0)",2,99.78333333333332,846
"(0.85, 1.0)",3,99.78333333333332,849
"(0.9, 1.0)",4,99.78333333333332,853
"(0.9333333333333332, 1.0)",7,99.76666666666668,860
"(0.8, 1.0)",6,99.76666666666668,866
"(1.0, 1.0)",7,99.76666666666668,873
"(0.9166666666666666, 1.0)",1,99.76666666666668,874
"(0.9666666666666668, 1.0)",13,99.76666666666668,887
"(0.8833333333333333, 1.0)",13,99.76666666666668,900
"(0.7666666666666667, 1.0)",1,99.76666666666668,901
"(0.8666666666666667, 1.0)",4,99.76666666666668,905
"(0.8166666666666667, 1.0)",1,99.76666666666668,906
"(0.9, 1.0)",7,99.76666666666668,913
"(0.95, 1.0)",9,99.76666666666668,922
"(0.85, 1.0)",8,99.76666666666668,930
"(0.9833333333333332, 1.0)",6,99.76666666666668,936
"(0.8333333333333334, 1.0)",8,99.76666666666668,944
"(0.9, 1.0)",10,99.75,954
"(0.9166666666666666, 1.0)",5,99.75,959
"(0.9333333333333332, 1.0)",3,99.75,962
"(0.8333333333333334, 1.0)",7,99.75,969
"(0.8, 1.0)",7,99.75,976
"(0.8833333333333333, 1.0)",16,99.75,992
"(0.8666666666666667, 1.0)",19,99.75,1011
"(0.9833333333333332, 1.0)",9,99.75,1020
"(0.7666666666666667, 1.0)",3,99.75,1023
"(0.9666666666666668, 1.0)",7,99.75,1030
"(0.95, 1.0)",6,99.75,1036
"(0.7833333333333333, 1.0)",1,99.75,1037
"(1.0, 1.0)",13,99.75,1050
"(0.85, 1.0)",15,99.75,1065
"(0.9, 1.0)",1,99.73333333333336,1066
"(0.9333333333333332, 1.0)",11,99.73333333333332,1077
"(0.8, 1.0)",7,99.73333333333332,1084
"(0.9833333333333332, 1.0)",10,99.73333333333332,1094
"(0.95, 1.0)",7,99.73333333333332,1101
"(0.8333333333333334, 1.0)",4,99.73333333333332,1105
"(0.7666666666666667, 1.0)",3,99.73333333333332,1108
"(0.8833333333333333, 1.0)",9,99.73333333333332,1117
"(0.9666666666666668, 1.0)",7,99.73333333333332,1124
"(0.8166666666666667, 1.0)",1,99.73333333333332,1125
"(0.75, 1.0)",3,99.73333333333332,1128
"(0.9166666666666666, 1.0)",7,99.73333333333332,1135
"(1.0, 1.0)",8,99.73333333333332,1143
"(0.9, 1.0)",5,99.73333333333332,1148
"(0.8666666666666667, 1.0)",11,99.73333333333332,1159
"(0.85, 1.0)",18,99.73333333333332,1177
"(0.8666666666666667, 1.0)",11,99.71666666666668,1188
"(0.7166666666666667, 1.0)",9,99.71666666666668,1197
"(0.85, 1.0)",8,99.71666666666668,1205
"(1.0, 1.0)",7,99.71666666666668,1212
"(0.7833333333333333, 1.0)",1,99.71666666666668,1213
"(0.9333333333333332, 1.0)",13,99.71666666666668,1226
"(0.9833333333333332, 1.0)",9,99.71666666666668,1235
"(0.95, 1.0)",12,99.71666666666668,1247
"(0.9666666666666668, 1.0)",13,99.71666666666668,1260
"(0.8333333333333334, 1.0)",12,99.71666666666668,1272
"(0.7333333333333333, 1.0)",2,99.71666666666668,1274
"(0.9, 1.0)",12,99.71666666666668,1286
"(0.8833333333333333, 1.0)",10,99.71666666666668,1296
"(0.9166666666666666, 1.0)",7,99.71666666666668,1303
"(0.7666666666666667, 1.0)",1,99.71666666666668,1304
"(0.9833333333333332, 1.0)",1,99.70000000000002,1305
"(1.0, 1.0)",14,99.7,1319
"(0.9833333333333332, 1.0)",8,99.7,1327
"(0.8, 1.0)",3,99.7,1330
"(0.85, 1.0)",8,99.7,1338
"(0.7833333333333333, 1.0)",7,99.7,1345
"(0.9666666666666668, 1.0)",18,99.7,1363
"(0.9666666666666668, 1.0)",1,99.7,1364
"(0.7666666666666667, 1.0)",1,99.7,1365
"(0.9333333333333332, 1.0)",11,99.7,1376
"(1.0, 1.0)",3,99.7,1379
"(0.8833333333333333, 1.0)",16,99.7,1395
"(0.7666666666666667, 1.0)",4,99.7,1399
"(0.9, 1.0)",10,99.7,1409
"(0.95, 1.0)",5,99.7,1414
"(0.75, 1.0)",6,99.7,1420
"(0.7333333333333333, 1.0)",3,99.7,1423
"(0.7166666666666667, 1.0)",8,99.7,1431
"(0.9166666666666666, 1.0)",5,99.7,1436
"(0.8166666666666667, 1.0)",3,99.7,1439
"(0.8333333333333334, 1.0)",7,99.7,1446
"(0.8833333333333333, 1.0)",1,99.7,1447
"(0.8666666666666667, 1.0)",13,99.7,1460
"(0.9444444444444444, 1.0)",4,99.69444444444444,1464
"(0.9833333333333332, 1.0)",1,99.68333333333337,1465
"(0.9, 1.0)",15,99.68333333333334,1480
"(0.7833333333333333, 1.0)",1,99.68333333333334,1481
"(0.8166666666666667, 1.0)",1,99.68333333333334,1482
"(0.9333333333333332, 1.0)",5,99.68333333333334,1487
"(0.75, 1.0)",1,99.68333333333334,1488
"(0.9666666666666668, 1.0)",10,99.68333333333334,1498
"(0.8833333333333333, 1.0)",18,99.68333333333334,1516
"(0.9833333333333332, 1.0)",6,99.68333333333334,1522
"(0.8333333333333334, 1.0)",6,99.68333333333334,1528
"(1.0, 1.0)",7,99.68333333333334,1535
"(0.7166666666666667, 1.0)",4,99.68333333333334,1539
"(0.7666666666666667, 1.0)",3,99.68333333333334,1542
"(0.95, 1.0)",4,99.68333333333334,1546
"(0.8666666666666667, 1.0)",6,99.68333333333334,1552
"(0.8, 1.0)",5,99.68333333333334,1557
"(0.85, 1.0)",11,99.68333333333334,1568
"(0.9166666666666666, 1.0)",4,99.68333333333334,1572
"(0.8666666666666667, 1.0)",5,99.66666666666669,1577
"(0.75, 1.0)",3,99.66666666666669,1580
"(0.9, 1.0)",8,99.66666666666669,1588
"(0.9833333333333332, 1.0)",3,99.66666666666669,1591
"(0.85, 1.0)",8,99.66666666666669,1599
"(0.9166666666666666, 1.0)",3,99.66666666666669,1602
"(1.0, 1.0)",3,99.66666666666669,1605
"(0.7666666666666667, 1.0)",5,99.66666666666669,1610
"(0.9666666666666668, 1.0)",4,99.66666666666669,1614
"(0.8833333333333333, 1.0)",11,99.66666666666669,1625
"(0.8166666666666667, 1.0)",1,99.66666666666669,1626
"(0.7833333333333333, 1.0)",4,99.66666666666669,1630
"(0.9333333333333332, 1.0)",3,99.66666666666669,1633
"(0.8, 1.0)",3,99.66666666666669,1636
"(0.95, 1.0)",2,99.66666666666669,1638
"(0.8333333333333334, 1.0)",5,99.66666666666669,1643
"(0.9833333333333332, 1.0)",6,99.66666666666666,1649
"(0.9666666666666668, 1.0)",2,99.66666666666666,1651
"(0.7166666666666667, 1.0)",6,99.66666666666666,1657
"(0.7333333333333333, 1.0)",6,99.66666666666666,1663
"(0.75, 1.0)",7,99.66666666666666,1670
"(0.7833333333333333, 1.0)",4,99.66666666666666,1674
"(0.95, 1.0)",2,99.66666666666666,1676
"(0.9166666666666666, 1.0)",8,99.66666666666666,1684
"(0.9333333333333332, 1.0)",2,99.66666666666666,1686
"(0.8166666666666667, 1.0)",1,99.66666666666666,1687
"(1.0, 1.0)",1,99.66666666666666,1688
"(0.9, 1.0)",4,99.66666666666666,1692
"(0.8833333333333333, 1.0)",2,99.66666666666666,1694
"(0.8, 1.0)",1,99.66666666666666,1695
"(0.8666666666666667, 1.0)",5,99.66666666666666,1700
"(0.8333333333333334, 1.0)",3,99.66666666666666,1703
"(0.75, 1.0)",10,99.65,1713
"(0.8166666666666667, 1.0)",7,99.65,1720
"(0.9333333333333332, 1.0)",17,99.65,1737
"(0.8666666666666667, 1.0)",1,99.65,1738
"(0.9166666666666666, 1.0)",4,99.65,1742
"(0.9833333333333332, 1.0)",6,99.65,1748
"(0.8666666666666667, 1.0)",9,99.65,1757
"(0.8333333333333334, 1.0)",2,99.65,1759
"(0.7666666666666667, 1.0)",5,99.65,1764
"(0.7166666666666667, 1.0)",5,99.65,1769
"(0.8, 1.0)",11,99.65,1780
"(0.85, 1.0)",10,99.65,1790
"(0.95, 1.0)",6,99.65,1796
"(0.7333333333333333, 1.0)",9,99.65,1805
"(0.9666666666666668, 1.0)",6,99.65,1811
"(0.7833333333333333, 1.0)",4,99.65,1815
"(1.0, 1.0)",7,99.65,1822
"(0.9666666666666668, 1.0)",2,99.65,1824
"(0.8833333333333333, 1.0)",12,99.65,1836
"(0.9, 1.0)",21,99.65,1857
"(0.7333333333333333, 1.0)",1,99.63333333333334,1858
"(0.9, 1.0)",1,99.63333333333334,1859
"(0.9166666666666666, 1.0)",1,99.63333333333334,1860
"(0.9333333333333332, 1.0)",1,99.63333333333334,1861
"(0.8666666666666667, 1.0)",1,99.63333333333334,1862
"(0.8833333333333333, 1.0)",4,99.63333333333334,1866
"(0.7166666666666667, 1.0)",5,99.63333333333333,1871
"(0.9666666666666668, 1.0)",7,99.63333333333333,1878
"(0.9333333333333332, 1.0)",10,99.63333333333333,1888
"(0.7833333333333333, 1.0)",3,99.63333333333333,1891
"(0.8666666666666667, 1.0)",4,99.63333333333333,1895
"(0.8166666666666667, 1.0)",13,99.63333333333333,1908
"(0.7333333333333333, 1.0)",6,99.63333333333333,1914
"(0.8833333333333333, 1.0)",6,99.63333333333333,1920
"(0.9833333333333332, 1.0)",9,99.63333333333333,1929
"(0.7666666666666667, 1.0)",16,99.63333333333333,1945
"(0.8333333333333334, 1.0)",6,99.63333333333333,1951
"(0.95, 1.0)",3,99.63333333333333,1954
"(1.0, 1.0)",5,99.63333333333333,1959
"(0.9166666666666666, 1.0)",9,99.63333333333333,1968
"(0.75, 1.0)",9,99.63333333333333,1977
"(0.9, 1.0)",2,99.63333333333333,1979
"(0.8, 1.0)",10,99.63333333333333,1989
"(0.9444444444444444, 1.0)",1,99.625,1990
"(0.9875, 1.0)",1,99.62083333333338,1991
"(0.9166666666666666, 1.0)",2,99.61666666666667,1993
"(0.85, 1.0)",7,99.61666666666667,2000
"(0.8333333333333334, 1.0)",2,99.61666666666667,2002
"(0.9833333333333332, 1.0)",4,99.61666666666667,2006
"(0.7666666666666667, 1.0)",7,99.61666666666667,2013
"(0.7333333333333333, 1.0)",5,99.61666666666667,2018
"(0.95, 1.0)",5,99.61666666666667,2023
"(0.8833333333333333, 1.0)",10,99.61666666666667,2033
"(0.9666666666666668, 1.0)",7,99.61666666666667,2040
"(0.7833333333333333, 1.0)",4,99.61666666666667,2044
"(0.8, 1.0)",3,99.61666666666667,2047
"(0.9, 1.0)",12,99.61666666666667,2059
"(1.0, 1.0)",6,99.61666666666667,2065
"(0.8666666666666667, 1.0)",15,99.61666666666667,2080
"(0.8166666666666667, 1.0)",6,99.61666666666667,2086
"(0.7166666666666667, 1.0)",3,99.61666666666667,2089
"(0.75, 1.0)",11,99.61666666666667,2100
"(0.9333333333333332, 1.0)",1,99.61666666666667,2101
"(0.7833333333333333, 1.0)",1,99.61666666666666,2102
"(0.8833333333333333, 1.0)",1,99.61666666666666,2103
"(0.9333333333333332, 1.0)",1,99.61666666666666,2104
"(0.85, 1.0)",1,99.61666666666666,2105
"(0.9666666666666668, 1.0)",1,99.61666666666666,2106
"(0.9833333333333332, 1.0)",2,99.61666666666666,2108
"(0.8333333333333334, 1.0)",1,99.61666666666666,2109
"(1.0, 1.0)",1,99.61666666666666,2110
"(0.8666666666666667, 1.0)",3,99.61666666666666,2113
"(0.8166666666666667, 1.0)",12,99.6,2125
"(0.9833333333333332, 1.0)",1,99.6,2126
"(0.8833333333333333, 1.0)",1,99.6,2127
"(0.8, 1.0)",5,99.6,2132
"(0.7166666666666667, 1.0)",8,99.6,2140
"(0.9833333333333332, 1.0)",3,99.6,2143
"(0.9666666666666668, 1.0)",2,99.6,2145
"(0.8333333333333334, 1.0)",8,99.6,2153
"(0.95, 1.0)",3,99.6,2156
"(0.7333333333333333, 1.0)",1,99.6,2157
"(0.9666666666666668, 1.0)",6,99.6,2163
"(0.8666666666666667, 1.0)",1,99.6,2164
"(0.75, 1.0)",7,99.6,2171
"(1.0, 1.0)",1,99.6,2172
"(0.8833333333333333, 1.0)",4,99.6,2176
"(0.85, 1.0)",1,99.6,2177
"(1.0, 1.0)",3,99.6,2180
"(0.9, 1.0)",5,99.6,2185
"(0.7833333333333333, 1.0)",3,99.6,2188
"(0.9333333333333332, 1.0)",6,99.6,2194
"(0.8666666666666667, 1.0)",8,99.6,2202
"(0.7666666666666667, 1.0)",5,99.6,2207
"(0.95, 1.0)",4,99.6,2211
"(0.85, 1.0)",10,99.6,2221
"(0.9333333333333332, 1.0)",1,99.6,2222
"(0.9166666666666666, 1.0)",9,99.6,2231
"(0.9333333333333332, 1.0)",1,99.58333333333334,2232
"(0.8, 1.0)",2,99.58333333333334,2234
"(0.7666666666666667, 1.0)",1,99.58333333333334,2235
"(0.75, 1.0)",2,99.58333333333334,2237
"(0.8166666666666667, 1.0)",5,99.58333333333334,2242
"(0.7833333333333333, 1.0)",13,99.58333333333334,2255
"(0.9166666666666666, 1.0)",2,99.58333333333334,2257
"(0.9, 1.0)",6,99.58333333333334,2263
"(0.9833333333333332, 1.0)",6,99.58333333333334,2269
"(0.8666666666666667, 1.0)",6,99.58333333333334,2275
"(1.0, 1.0)",2,99.58333333333334,2277
"(0.8833333333333333, 1.0)",3,99.58333333333334,2280
"(0.9666666666666668, 1.0)",2,99.58333333333334,2282
"(0.85, 1.0)",1,99.58333333333334,2283
"(0.8333333333333334, 1.0)",2,99.58333333333334,2285
"(0.8166666666666667, 1.0)",4,99.58333333333331,2289
"(0.9333333333333332, 1.0)",2,99.58333333333331,2291
"(0.75, 1.0)",5,99.58333333333331,2296
"(0.85, 1.0)",1,99.58333333333331,2297
"(0.7166666666666667, 1.0)",2,99.58333333333331,2299
"(0.95, 1.0)",2,99.58333333333331,2301
"(0.9666666666666668, 1.0)",8,99.58333333333331,2309
"(0.8333333333333334, 1.0)",2,99.58333333333331,2311
"(1.0, 1.0)",6,99.58333333333331,2317
"(0.9166666666666666, 1.0)",2,99.58333333333331,2319
"(0.8833333333333333, 1.0)",5,99.58333333333331,2324
"(0.7833333333333333, 1.0)",4,99.58333333333331,2328
"(0.9833333333333332, 1.0)",4,99.58333333333331,2332
"(0.7666666666666667, 1.0)",3,99.58333333333331,2335
"(0.9, 1.0)",4,99.58333333333331,2339
"(0.8666666666666667, 1.0)",8,99.58333333333331,2347
"(0.9666666666666668, 1.0)",1,99.56666666666668,2348
"(1.0, 1.0)",1,99.56666666666668,2349
"(0.8333333333333334, 1.0)",1,99.56666666666668,2350
"(0.7666666666666667, 1.0)",2,99.56666666666668,2352
"(1.0, 1.0)",1,99.56666666666668,2353
"(0.8666666666666667, 1.0)",5,99.56666666666668,2358
"(0.9333333333333332, 1.0)",1,99.56666666666668,2359
"(0.95, 1.0)",2,99.56666666666668,2361
"(0.8166666666666667, 1.0)",4,99.56666666666666,2365
"(0.7833333333333333, 1.0)",2,99.56666666666666,2367
"(0.9833333333333332, 1.0)",11,99.56666666666666,2378
"(1.0, 1.0)",14,99.56666666666666,2392
"(0.95, 1.0)",8,99.56666666666666,2400
"(0.7666666666666667, 1.0)",7,99.56666666666666,2407
"(0.8666666666666667, 1.0)",5,99.56666666666666,2412
"(0.9, 1.0)",6,99.56666666666666,2418
"(0.9333333333333332, 1.0)",15,99.56666666666666,2433
"(0.9666666666666668, 1.0)",7,99.56666666666666,2440
"(0.8333333333333334, 1.0)",10,99.56666666666666,2450
"(0.8833333333333333, 1.0)",7,99.56666666666666,2457
"(0.75, 1.0)",9,99.56666666666666,2466
"(0.9166666666666666, 1.0)",3,99.56666666666666,2469
"(0.85, 1.0)",5,99.56666666666666,2474
"(0.7166666666666667, 1.0)",8,99.56666666666666,2482
"(0.9833333333333332, 0.9958333333333332)",2,99.5625,2484
"(0.9875, 0.9958333333333332)",1,99.55416666666667,2485
"(0.8833333333333333, 1.0)",11,99.55,2496
"(0.9666666666666668, 1.0)",7,99.55,2503
"(0.9833333333333332, 1.0)",5,99.55,2508
"(1.0, 1.0)",3,99.55,2511
"(0.7333333333333333, 1.0)",9,99.55,2520
"(0.75, 1.0)",6,99.55,2526
"(0.9333333333333332, 1.0)",1,99.55,2527
"(0.6666666666666666, 1.0)",1,99.55,2528
"(0.9, 1.0)",10,99.55,2538
"(0.9333333333333332, 1.0)",14,99.55,2552
"(0.8, 1.0)",9,99.55,2561
"(0.8666666666666667, 1.0)",4,99.55,2565
"(0.85, 1.0)",3,99.55,2568
"(0.7166666666666667, 1.0)",6,99.55,2574
"(0.7833333333333333, 1.0)",4,99.55,2578
"(0.6833333333333333, 1.0)",1,99.55,2579
"(0.95, 1.0)",17,99.55,2596
"(0.8333333333333334, 1.0)",4,99.55,2600
"(0.7666666666666667, 1.0)",6,99.55,2606
"(0.9166666666666666, 1.0)",3,99.55,2609
"(0.8166666666666667, 1.0)",10,99.55,2619
"(1.0, 1.0)",1,99.53333333333336,2620
"(0.8833333333333333, 1.0)",3,99.53333333333336,2623
"(0.95, 1.0)",1,99.53333333333336,2624
"(0.9, 1.0)",2,99.53333333333336,2626
"(0.9666666666666668, 1.0)",7,99.53333333333332,2633
"(0.85, 1.0)",3,99.53333333333332,2636
"(0.9833333333333332, 1.0)",6,99.53333333333332,2642
"(0.7333333333333333, 1.0)",3,99.53333333333332,2645
"(0.6166666666666667, 1.0)",1,99.53333333333332,2646
"(0.6833333333333333, 1.0)",1,99.53333333333332,2647
"(1.0, 1.0)",3,99.53333333333332,2650
"(0.9166666666666666, 1.0)",7,99.53333333333332,2657
"(0.75, 1.0)",4,99.53333333333332,2661
"(0.7, 1.0)",1,99.53333333333332,2662
"(0.8, 1.0)",9,99.53333333333332,2671
"(0.7666666666666667, 1.0)",5,99.53333333333332,2676
"(0.7833333333333333, 1.0)",3,99.53333333333332,2679
"(0.8666666666666667, 1.0)",9,99.53333333333332,2688
"(0.8333333333333334, 1.0)",14,99.53333333333332,2702
"(0.9, 1.0)",4,99.53333333333332,2706
"(0.95, 1.0)",6,99.53333333333332,2712
"(0.8166666666666667, 1.0)",5,99.53333333333332,2717
"(0.8833333333333333, 1.0)",13,99.53333333333332,2730
"(0.9333333333333332, 1.0)",15,99.53333333333332,2745
"(0.7166666666666667, 1.0)",3,99.53333333333332,2748
"(0.7777777777777778, 0.9861111111111112)",1,99.5277777777778,2749
"(0.9333333333333332, 1.0)",1,99.51666666666668,2750
"(0.8, 1.0)",14,99.51666666666668,2764
"(0.75, 1.0)",1,99.51666666666668,2765
"(0.9333333333333332, 1.0)",10,99.51666666666668,2775
"(0.9166666666666666, 1.0)",7,99.51666666666668,2782
"(0.6833333333333333, 1.0)",1,99.51666666666668,2783
"(0.85, 1.0)",6,99.51666666666668,2789
"(1.0, 1.0)",3,99.51666666666668,2792
"(0.8166666666666667, 1.0)",12,99.51666666666668,2804
"(0.7666666666666667, 1.0)",2,99.51666666666668,2806
"(0.9, 1.0)",6,99.51666666666668,2812
"(0.8666666666666667, 1.0)",1,99.51666666666668,2813
"(0.9666666666666668, 1.0)",4,99.51666666666668,2817
"(0.9, 1.0)",1,99.51666666666668,2818
"(0.8, 1.0)",1,99.51666666666668,2819
"(0.9666666666666668, 1.0)",3,99.51666666666668,2822
"(0.8666666666666667, 1.0)",19,99.51666666666668,2841
"(1.0, 1.0)",5,99.51666666666668,2846
"(0.95, 1.0)",1,99.51666666666668,2847
"(0.8833333333333333, 1.0)",5,99.51666666666668,2852
"(0.9833333333333332, 1.0)",4,99.51666666666668,2856
"(0.7333333333333333, 1.0)",8,99.51666666666668,2864
"(0.7166666666666667, 1.0)",2,99.51666666666668,2866
"(0.95, 1.0)",8,99.51666666666668,2874
"(0.8333333333333334, 1.0)",8,99.51666666666668,2882
"(0.7833333333333333, 1.0)",3,99.51666666666668,2885
"(0.975, 1.0)",1,99.50833333333335,2886
"(0.9666666666666668, 0.9833333333333332)",1,99.50000000000004,2887
"(0.9166666666666666, 1.0)",1,99.5,2888
"(0.8833333333333333, 1.0)",1,99.5,2889
"(0.8, 1.0)",11,99.5,2900
"(0.8666666666666667, 1.0)",11,99.5,2911
"(0.9333333333333332, 1.0)",5,99.5,2916
"(0.7166666666666667, 1.0)",6,99.5,2922
"(0.9166666666666666, 0.9833333333333332)",1,99.5,2923
"(0.9833333333333332, 1.0)",2,99.5,2925
"(1.0, 1.0)",11,99.5,2936
"(0.95, 1.0)",8,99.5,2944
"(0.9, 1.0)",12,99.5,2956
"(0.9, 1.0)",1,99.5,2957
"(0.8833333333333333, 1.0)",7,99.5,2964
"(1.0, 1.0)",1,99.5,2965
"(0.9833333333333332, 1.0)",9,99.5,2974
"(0.7333333333333333, 1.0)",7,99.5,2981
"(0.8333333333333334, 0.9833333333333332)",1,99.5,2982
"(0.85, 1.0)",4,99.5,2986
"(0.8166666666666667, 1.0)",7,99.5,2993
"(0.9333333333333332, 1.0)",2,99.5,2995
"(0.9166666666666666, 1.0)",1,99.5,2996
"(0.9666666666666668, 1.0)",6,99.5,3002
"(0.8333333333333334, 1.0)",14,99.5,3016
"(0.75, 1.0)",3,99.5,3019
"(0.7833333333333333, 1.0)",7,99.5,3026
"(0.9833333333333332, 0.9958333333333332)",1,99.4916666666667,3027
"(0.9916666666666668, 0.9958333333333332)",1,99.4833333333334,3028
"(0.8166666666666667, 1.0)",1,99.48333333333336,3029
"(0.8833333333333333, 1.0)",5,99.48333333333336,3034
"(0.95, 0.9833333333333332)",4,99.48333333333336,3038
"(0.9166666666666666, 1.0)",1,99.48333333333336,3039
"(0.9666666666666668, 1.0)",2,99.48333333333336,3041
"(0.7333333333333333, 1.0)",1,99.48333333333336,3042
"(1.0, 0.9833333333333332)",1,99.48333333333336,3043
"(0.85, 1.0)",1,99.48333333333332,3044
"(0.85, 1.0)",6,99.48333333333332,3050
"(0.8, 1.0)",6,99.48333333333332,3056
"(0.7833333333333333, 1.0)",5,99.48333333333332,3061
"(0.9666666666666668, 1.0)",3,99.48333333333332,3064
"(0.7166666666666667, 1.0)",17,99.48333333333332,3081
"(0.9, 1.0)",9,99.48333333333332,3090
"(0.95, 1.0)",2,99.48333333333332,3092
"(0.9333333333333332, 1.0)",5,99.48333333333332,3097
"(0.9166666666666666, 1.0)",3,99.48333333333332,3100
"(0.8833333333333333, 1.0)",6,99.48333333333332,3106
"(0.9666666666666668, 1.0)",1,99.48333333333332,3107
"(0.8333333333333334, 1.0)",7,99.48333333333332,3114
"(0.7333333333333333, 1.0)",7,99.48333333333332,3121
"(0.9833333333333332, 1.0)",9,99.48333333333332,3130
"(0.8666666666666667, 1.0)",13,99.48333333333332,3143
"(0.7, 1.0)",2,99.48333333333332,3145
"(0.7666666666666667, 1.0)",4,99.48333333333332,3149
"(0.7666666666666667, 1.0)",1,99.48333333333332,3150
"(0.75, 1.0)",2,99.48333333333332,3152
"(0.8166666666666667, 1.0)",4,99.48333333333332,3156
"(1.0, 1.0)",9,99.48333333333332,3165
"(0.975, 0.9958333333333332)",2,99.47916666666669,3167
"(1.0, 1.0)",1,99.47916666666664,3168
"(0.9875, 1.0)",1,99.47500000000004,3169
"(0.9583333333333334, 1.0)",1,99.47500000000004,3170
"(0.9305555555555556, 1.0)",1,99.47222222222224,3171
"(0.9958333333333332, 0.9958333333333332)",2,99.47083333333336,3173
"(0.95, 0.9833333333333332)",1,99.4666666666667,3174
"(0.8833333333333333, 1.0)",8,99.46666666666668,3182
"(0.7833333333333333, 1.0)",2,99.46666666666668,3184
"(0.8, 1.0)",5,99.46666666666668,3189
"(0.7, 1.0)",1,99.46666666666668,3190
"(0.95, 0.9958333333333332)",2,99.46666666666668,3192
"(0.7166666666666667, 1.0)",5,99.46666666666668,3197
"(0.8333333333333334, 1.0)",8,99.46666666666668,3205
"(0.9166666666666666, 1.0)",2,99.46666666666668,3207
"(0.8833333333333333, 1.0)",1,99.46666666666668,3208
"(0.9666666666666668, 1.0)",3,99.46666666666668,3211
"(0.9, 1.0)",5,99.46666666666668,3216
"(1.0, 1.0)",4,99.46666666666668,3220
"(0.95, 1.0)",8,99.46666666666668,3228
"(0.8666666666666667, 1.0)",14,99.46666666666668,3242
"(0.8166666666666667, 1.0)",3,99.46666666666668,3245
"(0.9333333333333332, 1.0)",8,99.46666666666668,3253
"(0.9333333333333332, 1.0)",1,99.46666666666668,3254
"(0.6833333333333333, 1.0)",2,99.46666666666668,3256
"(0.7666666666666667, 1.0)",4,99.46666666666668,3260
"(0.9833333333333332, 1.0)",7,99.46666666666668,3267
"(0.7333333333333333, 1.0)",5,99.46666666666668,3272
"(0.9666666666666668, 1.0)",2,99.46666666666668,3274
"(0.75, 1.0)",7,99.46666666666668,3281
"(0.85, 1.0)",6,99.46666666666668,3287
"(0.9583333333333334, 0.9958333333333332)",1,99.46249999999998,3288
"(1.0, 0.9958333333333332)",1,99.45833333333331,3289
"(1.0, 0.9958333333333332)",1,99.45000000000002,3290
"(0.95, 1.0)",1,99.45000000000002,3291
"(1.0, 1.0)",1,99.45000000000002,3292
"(0.9333333333333332, 1.0)",2,99.45000000000002,3294
"(0.9166666666666666, 1.0)",1,99.45000000000002,3295
"(0.9666666666666668, 1.0)",1,99.45000000000002,3296
"(0.95, 0.9833333333333332)",2,99.45000000000002,3298
"(0.9666666666666668, 1.0)",6,99.45,3304
"(0.75, 1.0)",9,99.45,3313
"(0.7666666666666667, 1.0)",4,99.45,3317
"(0.95, 1.0)",5,99.45,3322
"(0.8833333333333333, 1.0)",2,99.45,3324
"(1.0, 0.9958333333333332)",1,99.45,3325
"(0.7, 1.0)",1,99.45,3326
"(0.9833333333333332, 1.0)",5,99.45,3331
"(0.7166666666666667, 1.0)",5,99.45,3336
"(0.9666666666666668, 1.0)",1,99.45,3337
"(0.8, 1.0)",3,99.45,3340
"(0.9166666666666666, 1.0)",2,99.45,3342
"(0.8333333333333334, 1.0)",9,99.45,3351
"(1.0, 1.0)",7,99.45,3358
"(0.9, 1.0)",4,99.45,3362
"(0.9166666666666666, 1.0)",1,99.45,3363
"(0.8166666666666667, 1.0)",6,99.45,3369
"(0.6666666666666666, 1.0)",1,99.45,3370
"(0.6833333333333333, 1.0)",2,99.45,3372
"(0.7833333333333333, 1.0)",2,99.45,3374
"(0.85, 1.0)",7,99.45,3381
"(0.8666666666666667, 1.0)",5,99.45,3386
"(1.0, 1.0)",4,99.45,3390
"(0.8833333333333333, 1.0)",10,99.45,3400
"(0.9333333333333332, 1.0)",4,99.45,3404
"(0.85, 1.0)",2,99.45,3406
"(0.7333333333333333, 1.0)",3,99.45,3409
"(0.9958333333333332, 0.9958333333333332)",1,99.44999999999996,3410
"(0.9916666666666668, 1.0)",1,99.4458333333333,3411
"(0.9833333333333332, 1.0)",1,99.43333333333337,3412
"(0.9333333333333332, 0.9833333333333332)",1,99.43333333333337,3413
"(0.9333333333333332, 1.0)",1,99.43333333333337,3414
"(0.9708333333333332, 1.0)",1,99.43333333333337,3415
"(0.95, 1.0)",2,99.43333333333337,3417
"(0.8666666666666667, 0.9833333333333332)",1,99.43333333333337,3418
"(0.8333333333333334, 1.0)",2,99.43333333333337,3420
"(0.8833333333333333, 1.0)",8,99.43333333333334,3428
"(0.9666666666666668, 1.0)",7,99.43333333333334,3435
"(0.8333333333333334, 1.0)",11,99.43333333333334,3446
"(0.7833333333333333, 1.0)",1,99.43333333333334,3447
"(0.7666666666666667, 1.0)",2,99.43333333333334,3449
"(0.9333333333333332, 1.0)",7,99.43333333333334,3456
"(0.7166666666666667, 1.0)",5,99.43333333333334,3461
"(0.85, 1.0)",12,99.43333333333334,3473
"(0.75, 1.0)",2,99.43333333333334,3475
"(0.95, 1.0)",4,99.43333333333334,3479
"(0.7333333333333333, 1.0)",5,99.43333333333334,3484
"(1.0, 1.0)",5,99.43333333333334,3489
"(0.8666666666666667, 1.0)",19,99.43333333333334,3508
"(0.9833333333333332, 1.0)",1,99.43333333333334,3509
"(0.9, 1.0)",4,99.43333333333334,3513
"(0.9166666666666666, 1.0)",7,99.43333333333334,3520
"(0.8, 1.0)",1,99.43333333333334,3521
"(0.8166666666666667, 1.0)",4,99.43333333333334,3525
"(0.8, 1.0)",1,99.43333333333332,3526
"(0.9791666666666666, 1.0)",2,99.4333333333333,3528
"(0.975, 0.9958333333333332)",2,99.42916666666672,3530
"(0.9791666666666666, 1.0)",1,99.42916666666666,3531
"(0.9833333333333332, 1.0)",1,99.42499999999998,3532
"(0.975, 1.0)",1,99.42499999999995,3533
"(0.975, 1.0)",1,99.42083333333332,3534
"(0.9791666666666666, 0.9958333333333332)",1,99.4166666666667,3535
"(0.7166666666666667, 1.0)",3,99.41666666666669,3538
"(0.8333333333333334, 1.0)",1,99.41666666666669,3539
"(0.9, 1.0)",6,99.41666666666669,3545
"(0.6666666666666666, 1.0)",1,99.41666666666669,3546
"(0.7833333333333333, 1.0)",1,99.41666666666669,3547
"(0.9833333333333332, 1.0)",4,99.41666666666669,3551
"(0.975, 0.9958333333333332)",2,99.41666666666669,3553
"(0.75, 1.0)",1,99.41666666666669,3554
"(1.0, 1.0)",8,99.41666666666669,3562
"(0.9166666666666666, 1.0)",4,99.41666666666669,3566
"(0.8833333333333333, 1.0)",1,99.41666666666669,3567
"(0.9666666666666668, 1.0)",1,99.41666666666669,3568
"(0.8166666666666667, 1.0)",4,99.41666666666669,3572
"(0.85, 1.0)",2,99.41666666666669,3574
"(0.6833333333333333, 1.0)",4,99.41666666666669,3578
"(0.8666666666666667, 1.0)",6,99.41666666666669,3584
"(0.8833333333333333, 1.0)",10,99.41666666666669,3594
"(0.7666666666666667, 1.0)",1,99.41666666666669,3595
"(0.9666666666666668, 1.0)",3,99.41666666666669,3598
"(0.8, 1.0)",1,99.41666666666669,3599
"(1.0, 1.0)",2,99.41666666666669,3601
"(0.9833333333333332, 0.9916666666666668)",1,99.41666666666669,3602
"(0.7, 1.0)",1,99.41666666666669,3603
"(0.9166666666666666, 1.0)",2,99.41666666666669,3605
"(0.9333333333333332, 1.0)",3,99.41666666666666,3608
"(0.9666666666666668, 1.0)",3,99.41666666666666,3611
"(1.0, 1.0)",2,99.41666666666666,3613
"(0.8666666666666667, 1.0)",3,99.41666666666666,3616
"(0.7333333333333333, 1.0)",3,99.41666666666666,3619
"(0.9833333333333332, 1.0)",3,99.41666666666666,3622
"(0.8833333333333333, 1.0)",8,99.41666666666666,3630
"(0.8333333333333334, 1.0)",2,99.41666666666666,3632
"(0.9444444444444444, 1.0)",1,99.41666666666666,3633
"(0.8, 1.0)",10,99.41666666666666,3643
"(0.7, 1.0)",2,99.41666666666666,3645
"(0.95, 1.0)",4,99.41666666666666,3649
"(1.0, 1.0)",1,99.41250000000002,3650
"(0.9875, 0.9958333333333332)",1,99.41249999999997,3651
"(0.9875, 0.9958333333333332)",2,99.4083333333334,3653
"(0.9875, 0.9958333333333332)",2,99.40833333333336,3655
"(0.9916666666666668, 0.9958333333333332)",2,99.40833333333336,3657
"(1.0, 0.9958333333333332)",1,99.40833333333332,3658
"(0.9875, 0.9958333333333332)",2,99.40416666666673,3660
"(0.9833333333333332, 0.9958333333333332)",1,99.40416666666673,3661
"(0.9791666666666666, 0.9958333333333332)",2,99.40416666666673,3663
"(1.0, 0.9958333333333332)",2,99.40416666666668,3665
"(0.9444444444444444, 1.0)",1,99.4027777777778,3666
"(0.9305555555555556, 1.0)",1,99.40277777777776,3667
"(0.9875, 0.9958333333333332)",1,99.40000000000006,3668
"(0.95, 1.0)",1,99.40000000000003,3669
"(0.9166666666666666, 1.0)",2,99.40000000000002,3671
"(0.95, 0.9833333333333332)",1,99.40000000000002,3672
"(0.8333333333333334, 1.0)",4,99.40000000000002,3676
"(0.9, 1.0)",1,99.40000000000002,3677
"(1.0, 0.9833333333333332)",2,99.40000000000002,3679
"(0.8, 1.0)",1,99.4,3680
"(0.7833333333333333, 1.0)",3,99.4,3683
"(0.85, 1.0)",8,99.4,3691
"(0.7666666666666667, 1.0)",5,99.4,3696
"(0.6833333333333333, 1.0)",3,99.4,3699
"(0.9, 1.0)",5,99.4,3704
"(0.9333333333333332, 1.0)",9,99.4,3713
"(0.7333333333333333, 1.0)",6,99.4,3719
"(0.8333333333333334, 1.0)",9,99.4,3728
"(0.8833333333333333, 1.0)",2,99.4,3730
"(0.9833333333333332, 1.0)",1,99.4,3731
"(0.8666666666666667, 1.0)",6,99.4,3737
"(0.8166666666666667, 1.0)",1,99.4,3738
"(0.9666666666666668, 1.0)",9,99.4,3747
"(0.9833333333333332, 1.0)",6,99.4,3753
"(0.75, 1.0)",4,99.4,3757
"(1.0, 1.0)",7,99.4,3764
"(0.9166666666666666, 1.0)",6,99.4,3770
"(0.6166666666666667, 1.0)",1,99.4,3771
"(0.8166666666666667, 1.0)",3,99.4,3774
"(0.9875, 0.9958333333333332)",1,99.3958333333334,3775
"(0.9708333333333332, 0.9958333333333332)",1,99.39583333333336,3776
"(0.9833333333333332, 0.9958333333333332)",1,99.39583333333334,3777
"(1.0, 0.9958333333333332)",1,99.39583333333331,3778
"(0.9791666666666666, 0.9958333333333332)",1,99.39166666666672,3779
"(0.9958333333333332, 0.9958333333333332)",1,99.39166666666672,3780
"(1.0, 0.9958333333333332)",1,99.39166666666668,3781
"(0.8333333333333334, 1.0)",1,99.38888888888889,3782
"(0.8888888888888888, 1.0)",1,99.38888888888889,3783
"(0.9444444444444444, 1.0)",1,99.38888888888889,3784
"(0.9305555555555556, 1.0)",4,99.38888888888889,3788
"(0.9833333333333332, 0.9958333333333332)",1,99.38750000000006,3789
"(0.9875, 0.9958333333333332)",1,99.38750000000006,3790
"(0.975, 0.9958333333333332)",1,99.38750000000005,3791
"(0.9791666666666666, 1.0)",1,99.3875,3792
"(0.9958333333333332, 0.9958333333333332)",1,99.3875,3793
"(0.9958333333333332, 0.9958333333333332)",2,99.38749999999996,3795
"(0.9833333333333332, 0.9958333333333332)",1,99.38333333333335,3796
"(0.9, 1.0)",1,99.38333333333335,3797
"(0.95, 0.9833333333333332)",3,99.38333333333335,3800
"(0.9166666666666666, 1.0)",4,99.38333333333335,3804
"(0.9333333333333332, 1.0)",1,99.38333333333335,3805
"(0.8333333333333334, 1.0)",2,99.38333333333335,3807
"(0.9166666666666666, 1.0)",4,99.38333333333334,3811
"(0.75, 1.0)",1,99.38333333333334,3812
"(0.8333333333333334, 1.0)",1,99.38333333333334,3813
"(0.8666666666666667, 1.0)",1,99.38333333333334,3814
"(0.9833333333333332, 1.0)",2,99.38333333333334,3816
"(1.0, 1.0)",2,99.38333333333334,3818
"(0.9666666666666668, 1.0)",7,99.38333333333334,3825
"(0.7333333333333333, 1.0)",1,99.38333333333334,3826
"(0.8, 1.0)",3,99.38333333333334,3829
"(0.9, 1.0)",3,99.38333333333334,3832
"(0.95, 1.0)",2,99.38333333333334,3834
"(0.9333333333333332, 1.0)",4,99.38333333333334,3838
"(0.8833333333333333, 1.0)",1,99.38333333333334,3839
"(0.7333333333333333, 1.0)",3,99.38333333333333,3842
"(0.9333333333333332, 1.0)",2,99.38333333333333,3844
"(0.7166666666666667, 1.0)",5,99.38333333333333,3849
"(0.8833333333333333, 1.0)",7,99.38333333333333,3856
"(0.7833333333333333, 1.0)",7,99.38333333333333,3863
"(0.6833333333333333, 1.0)",1,99.38333333333333,3864
"(0.95, 1.0)",7,99.38333333333333,3871
"(0.7666666666666667, 1.0)",8,99.38333333333333,3879
"(0.8666666666666667, 1.0)",7,99.38333333333333,3886
"(0.9833333333333332, 1.0)",3,99.38333333333333,3889
"(0.9958333333333332, 0.9958333333333332)",1,99.38333333333333,3890
"(0.9166666666666666, 1.0)",2,99.38333333333333,3892
"(0.85, 1.0)",2,99.38333333333333,3894
"(0.8, 1.0)",6,99.38333333333333,3900
"(0.8166666666666667, 1.0)",9,99.38333333333333,3909
"(0.8333333333333334, 1.0)",5,99.38333333333333,3914
"(0.9666666666666668, 1.0)",6,99.38333333333333,3920
"(0.9, 1.0)",3,99.38333333333333,3923
"(0.7, 1.0)",1,99.38333333333333,3924
"(0.75, 1.0)",2,99.38333333333333,3926
"(1.0, 1.0)",9,99.38333333333333,3935
"(0.9625, 1.0)",1,99.3833333333333,3936
"(0.9875, 0.9958333333333332)",1,99.3791666666667,3937
"(0.975, 0.9958333333333332)",1,99.37916666666668,3938
"(0.975, 0.9958333333333332)",1,99.3750000000001,3939
"(0.9875, 0.9958333333333332)",1,99.37500000000004,3940
"(0.9833333333333332, 0.9958333333333332)",2,99.37500000000004,3942
"(0.9833333333333332, 0.9958333333333332)",2,99.37500000000004,3944
"(0.9916666666666668, 0.9958333333333332)",1,99.37500000000004,3945
"(1.0, 1.0)",1,99.37083333333337,3946
"(0.975, 0.9958333333333332)",1,99.37083333333337,3947
"(0.9833333333333332, 0.9958333333333332)",1,99.36666666666672,3948
"(1.0, 1.0)",1,99.3666666666667,3949
"(0.8166666666666667, 1.0)",3,99.36666666666667,3952
"(0.85, 1.0)",4,99.36666666666667,3956
"(0.9666666666666668, 0.9833333333333332)",1,99.36666666666667,3957
"(0.8333333333333334, 1.0)",9,99.36666666666667,3966
"(0.9166666666666666, 1.0)",3,99.36666666666667,3969
"(0.9333333333333332, 1.0)",5,99.36666666666667,3974
"(0.75, 1.0)",2,99.36666666666667,3976
"(0.9833333333333332, 1.0)",5,99.36666666666667,3981
"(0.8, 1.0)",3,99.36666666666667,3984
"(0.95, 0.9833333333333332)",1,99.36666666666667,3985
"(0.9666666666666668, 1.0)",5,99.36666666666667,3990
"(0.9333333333333332, 1.0)",5,99.36666666666667,3995
"(0.8666666666666667, 1.0)",4,99.36666666666667,3999
"(0.7666666666666667, 0.9833333333333332)",1,99.36666666666667,4000
"(0.7333333333333333, 0.9833333333333332)",2,99.36666666666667,4002
"(0.9, 1.0)",6,99.36666666666667,4008
"(0.9166666666666666, 0.9833333333333332)",1,99.36666666666667,4009
"(0.6833333333333333, 1.0)",2,99.36666666666667,4011
"(0.7333333333333333, 1.0)",1,99.36666666666667,4012
"(0.7166666666666667, 1.0)",5,99.36666666666667,4017
"(0.85, 1.0)",1,99.36666666666667,4018
"(0.7833333333333333, 1.0)",1,99.36666666666667,4019
"(0.9166666666666666, 1.0)",2,99.36666666666667,4021
"(0.8833333333333333, 1.0)",9,99.36666666666667,4030
"(0.8333333333333334, 1.0)",1,99.36666666666667,4031
"(1.0, 1.0)",4,99.36666666666667,4035
"(0.7666666666666667, 1.0)",2,99.36666666666667,4037
"(0.95, 1.0)",2,99.36666666666667,4039
"(0.85, 1.0)",2,99.36666666666666,4041
"(0.8333333333333334, 1.0)",1,99.36666666666666,4042
"(0.7166666666666667, 1.0)",1,99.36666666666666,4043
"(1.0, 1.0)",2,99.36666666666666,4045
"(0.8666666666666667, 1.0)",1,99.36666666666666,4046
"(0.9958333333333332, 0.9958333333333332)",2,99.36666666666666,4048
"(0.7333333333333333, 1.0)",1,99.36666666666666,4049
"(0.9541666666666668, 0.9958333333333332)",1,99.36250000000004,4050
"(1.0, 0.9958333333333332)",2,99.3625,4052
"(0.9708333333333332, 0.9958333333333332)",1,99.3625,4053
"(0.9708333333333332, 1.0)",1,99.36249999999998,4054
"(0.9833333333333332, 1.0)",1,99.36249999999998,4055
"(0.7777777777777778, 1.0)",1,99.36111111111111,4056
"(0.9444444444444444, 1.0)",1,99.3611111111111,4057
"(0.975, 0.9958333333333332)",1,99.3583333333334,4058
"(0.9666666666666668, 0.9958333333333332)",1,99.3583333333334,4059
"(0.9916666666666668, 0.9958333333333332)",1,99.3583333333334,4060
"(0.9833333333333332, 0.9958333333333332)",1,99.35833333333338,4061
"(0.9791666666666666, 0.9958333333333332)",1,99.35833333333336,4062
"(0.975, 0.9958333333333332)",2,99.35833333333336,4064
"(0.9833333333333332, 0.9958333333333332)",3,99.35416666666671,4067
"(0.9875, 0.9958333333333332)",1,99.35416666666671,4068
"(0.9833333333333332, 0.9958333333333332)",1,99.35416666666669,4069
"(0.9833333333333332, 0.9958333333333332)",1,99.35416666666669,4070
"(0.9833333333333332, 1.0)",1,99.35416666666669,4071
"(0.9791666666666666, 0.9958333333333332)",1,99.35416666666664,4072
"(0.975, 0.9958333333333332)",2,99.35000000000004,4074
"(1.0, 0.9833333333333332)",1,99.35000000000002,4075
"(0.9166666666666666, 1.0)",2,99.35000000000002,4077
"(0.8833333333333333, 1.0)",2,99.35000000000002,4079
"(0.9, 0.9833333333333332)",1,99.35000000000002,4080
"(0.9333333333333332, 1.0)",1,99.35000000000002,4081
"(0.9833333333333332, 1.0)",1,99.35000000000002,4082
"(0.8666666666666667, 1.0)",5,99.35,4087
"(0.95, 1.0)",6,99.35,4093
"(0.8833333333333333, 1.0)",13,99.35,4106
"(0.9333333333333332, 1.0)",6,99.35,4112
"(0.7333333333333333, 0.9833333333333332)",1,99.35,4113
"(0.95, 1.0)",1,99.35,4114
"(0.75, 0.9833333333333332)",1,99.35,4115
"(1.0, 1.0)",10,99.35,4125
"(0.8833333333333333, 1.0)",7,99.35,4132
"(0.8333333333333334, 1.0)",5,99.35,4137
"(0.85, 1.0)",1,99.35,4138
"(0.7833333333333333, 1.0)",3,99.35,4141
"(0.6833333333333333, 1.0)",6,99.35,4147
"(0.7166666666666667, 1.0)",10,99.35,4157
"(0.6666666666666666, 1.0)",1,99.35,4158
"(0.9666666666666668, 1.0)",3,99.35,4161
"(0.8, 1.0)",3,99.35,4164
"(0.9833333333333332, 0.9958333333333332)",2,99.35,4166
"(0.85, 1.0)",4,99.35,4170
"(0.8, 1.0)",1,99.35,4171
"(0.9166666666666666, 1.0)",1,99.35,4172
"(0.7333333333333333, 1.0)",1,99.35,4173
"(0.9, 1.0)",4,99.35,4177
"(0.9375, 1.0)",1,99.35,4178
"(0.75, 1.0)",2,99.35,4180
"(0.8166666666666667, 1.0)",3,99.35,4183
"(0.7, 1.0)",1,99.35,4184
"(0.8166666666666667, 1.0)",1,99.35,4185
"(0.7666666666666667, 1.0)",3,99.35,4188
"(0.9166666666666666, 1.0)",2,99.35,4190
"(0.9833333333333332, 1.0)",6,99.35,4196
"(0.9166666666666666, 1.0)",1,99.34722222222224,4197
"(0.9166666666666666, 1.0)",4,99.3472222222222,4201
"(0.9875, 0.9958333333333332)",2,99.3458333333334,4203
"(0.9875, 0.9958333333333332)",2,99.34583333333336,4205
"(0.9916666666666668, 0.9958333333333332)",2,99.34583333333336,4207
"(0.9875, 0.9958333333333332)",1,99.34583333333336,4208
"(0.95, 0.9958333333333332)",1,99.34583333333332,4209
"(0.9875, 0.9958333333333332)",2,99.34166666666673,4211
"(0.9916666666666668, 0.9958333333333332)",3,99.34166666666673,4214
"(0.9541666666666668, 0.9958333333333332)",2,99.34166666666668,4216
"(0.9833333333333332, 0.9958333333333332)",1,99.34166666666668,4217
"(0.9833333333333332, 0.9958333333333332)",1,99.34166666666668,4218
"(0.9791666666666666, 0.9958333333333332)",2,99.33750000000003,4220
"(0.9916666666666668, 0.9958333333333332)",1,99.33750000000003,4221
"(0.975, 0.9958333333333332)",1,99.33750000000003,4222
"(0.9833333333333332, 0.9958333333333332)",1,99.33750000000002,4223
"(0.9833333333333332, 0.9958333333333332)",1,99.33749999999998,4224
"(0.9833333333333332, 0.9958333333333332)",1,99.3333333333334,4225
"(0.9875, 0.9958333333333332)",2,99.3333333333334,4227
"(0.9916666666666668, 0.9958333333333332)",3,99.3333333333334,4230
"(1.0, 0.9833333333333332)",2,99.33333333333336,4232
"(0.9333333333333332, 0.9833333333333332)",3,99.33333333333336,4235
"(0.95, 0.9833333333333332)",1,99.33333333333336,4236
"(0.9166666666666666, 1.0)",1,99.33333333333336,4237
"(1.0, 1.0)",1,99.33333333333336,4238
"(0.9916666666666668, 0.9958333333333332)",1,99.33333333333336,4239
"(0.7333333333333333, 1.0)",1,99.33333333333334,4240
"(0.9027777777777778, 1.0)",1,99.33333333333334,4241
"(0.8833333333333333, 1.0)",7,99.33333333333334,4248
"(0.9333333333333332, 1.0)",6,99.33333333333334,4254
"(0.6666666666666666, 1.0)",1,99.33333333333334,4255
"(0.8833333333333333, 0.9833333333333332)",1,99.33333333333334,4256
"(0.9666666666666668, 1.0)",1,99.33333333333334,4257
"(0.9, 1.0)",1,99.33333333333334,4258
"(0.9833333333333332, 1.0)",7,99.33333333333334,4265
"(0.95, 1.0)",4,99.33333333333334,4269
"(0.7166666666666667, 1.0)",1,99.33333333333334,4270
"(0.9, 0.9833333333333332)",1,99.33333333333334,4271
"(0.75, 1.0)",2,99.33333333333334,4273
"(0.85, 1.0)",4,99.33333333333334,4277
"(0.7666666666666667, 1.0)",2,99.33333333333334,4279
"(0.8666666666666667, 1.0)",9,99.33333333333334,4288
"(0.8, 1.0)",1,99.33333333333334,4289
"(0.8166666666666667, 1.0)",6,99.33333333333334,4295
"(0.8055555555555556, 1.0)",1,99.33333333333334,4296
"(0.9166666666666666, 1.0)",7,99.33333333333334,4303
"(0.8333333333333334, 1.0)",4,99.33333333333334,4307
"(1.0, 1.0)",1,99.33333333333334,4308
"(0.6833333333333333, 1.0)",1,99.33333333333334,4309
"(0.7, 1.0)",1,99.33333333333334,4310
"(0.9027777777777778, 1.0)",1,99.33333333333331,4311
"(0.8333333333333334, 1.0)",3,99.33333333333331,4314
"(0.95, 1.0)",3,99.33333333333331,4317
"(0.7333333333333333, 1.0)",4,99.33333333333331,4321
"(0.9666666666666668, 1.0)",2,99.33333333333331,4323
"(0.75, 1.0)",1,99.33333333333331,4324
"(0.8166666666666667, 1.0)",2,99.33333333333331,4326
"(0.9, 1.0)",1,99.33333333333331,4327
"(1.0, 1.0)",4,99.33333333333331,4331
"(0.9166666666666666, 1.0)",2,99.33333333333331,4333
"(0.6166666666666667, 1.0)",1,99.33333333333331,4334
"(0.6833333333333333, 1.0)",3,99.33333333333331,4337
"(0.7166666666666667, 1.0)",2,99.33333333333331,4339
"(0.8833333333333333, 1.0)",3,99.33333333333331,4342
"(0.85, 1.0)",4,99.33333333333331,4346
"(0.8666666666666667, 1.0)",5,99.33333333333331,4351
"(0.9333333333333332, 1.0)",4,99.33333333333331,4355
"(0.9833333333333332, 1.0)",3,99.33333333333331,4358
"(0.7833333333333333, 1.0)",4,99.33333333333331,4362
"(0.7666666666666667, 1.0)",1,99.33333333333331,4363
"(0.9833333333333332, 0.9958333333333332)",1,99.3333333333333,4364
"(0.9916666666666668, 0.9958333333333332)",2,99.3333333333333,4366
"(0.9875, 0.9958333333333332)",1,99.32916666666678,4367
"(0.9916666666666668, 0.9958333333333332)",1,99.32916666666672,4368
"(0.9625, 0.9958333333333332)",1,99.3291666666667,4369
"(0.9916666666666668, 0.9958333333333332)",1,99.32916666666664,4370
"(0.975, 0.9958333333333332)",1,99.32500000000006,4371
"(0.9791666666666666, 0.9958333333333332)",1,99.32500000000005,4372
"(0.9791666666666666, 0.9958333333333332)",1,99.32500000000005,4373
"(0.975, 1.0)",1,99.325,4374
"(0.95, 0.9958333333333332)",1,99.325,4375
"(0.9375, 0.9958333333333332)",1,99.325,4376
"(0.9833333333333332, 0.9958333333333332)",1,99.325,4377
"(0.9833333333333332, 0.9958333333333332)",1,99.32499999999992,4378
"(0.9875, 0.9958333333333332)",1,99.3208333333334,4379
"(0.9791666666666666, 0.9958333333333332)",1,99.3208333333334,4380
"(0.9833333333333332, 0.9958333333333332)",1,99.32083333333335,4381
"(0.9791666666666666, 0.9958333333333332)",2,99.32083333333334,4383
"(0.9833333333333332, 0.9958333333333332)",1,99.32083333333328,4384
"(0.8333333333333334, 0.9861111111111112)",1,99.31944444444444,4385
"(0.7916666666666666, 1.0)",1,99.31944444444444,4386
"(0.9625, 0.9958333333333332)",1,99.31666666666672,4387
"(0.9833333333333332, 0.9958333333333332)",1,99.31666666666672,4388
"(0.9916666666666668, 0.9958333333333332)",2,99.3166666666667,4390
"(0.9166666666666666, 0.9833333333333332)",1,99.31666666666668,4391
"(0.9333333333333332, 1.0)",8,99.31666666666668,4399
"(0.8666666666666667, 1.0)",1,99.31666666666668,4400
"(1.0, 0.9833333333333332)",6,99.31666666666668,4406
"(0.9166666666666666, 0.9833333333333332)",1,99.31666666666668,4407
"(0.8833333333333333, 1.0)",2,99.31666666666668,4409
"(0.85, 1.0)",3,99.31666666666668,4412
"(0.95, 1.0)",1,99.31666666666668,4413
"(0.9875, 0.9958333333333332)",1,99.31666666666668,4414
"(1.0, 0.9833333333333332)",1,99.31666666666668,4415
"(0.8, 1.0)",1,99.31666666666668,4416
"(0.9666666666666668, 1.0)",2,99.31666666666668,4418
"(1.0, 1.0)",1,99.31666666666668,4419
"(0.8833333333333333, 1.0)",1,99.31666666666668,4420
"(0.9833333333333332, 1.0)",1,99.31666666666668,4421
"(0.9666666666666668, 0.9833333333333332)",1,99.31666666666668,4422
"(0.7833333333333333, 1.0)",1,99.31666666666668,4423
"(0.8333333333333334, 1.0)",3,99.31666666666668,4426
"(0.6666666666666666, 1.0)",2,99.31666666666668,4428
"(0.7666666666666667, 1.0)",1,99.31666666666666,4429
"(0.7, 1.0)",2,99.31666666666666,4431
"(0.7166666666666667, 1.0)",9,99.31666666666666,4440
"(0.95, 1.0)",1,99.31666666666666,4441
"(0.9, 1.0)",5,99.31666666666666,4446
"(1.0, 1.0)",7,99.31666666666666,4453
"(0.75, 1.0)",5,99.31666666666666,4458
"(0.9833333333333332, 1.0)",10,99.31666666666666,4468
"(0.9166666666666666, 1.0)",3,99.31666666666666,4471
"(0.8666666666666667, 1.0)",2,99.31666666666666,4473
"(0.7333333333333333, 1.0)",2,99.31666666666666,4475
"(0.6833333333333333, 1.0)",3,99.31666666666666,4478
"(0.9666666666666668, 1.0)",1,99.31666666666666,4479
"(0.8, 1.0)",4,99.31666666666666,4483
"(0.8833333333333333, 1.0)",5,99.31666666666666,4488
"(0.9333333333333332, 1.0)",5,99.31666666666666,4493
"(0.8166666666666667, 1.0)",3,99.31666666666666,4496
"(0.9875, 0.9958333333333332)",1,99.3166666666666,4497
"(0.9833333333333332, 0.9958333333333332)",1,99.31250000000006,4498
"(0.9875, 0.9958333333333332)",2,99.31250000000004,4500
"(0.9875, 0.9958333333333332)",1,99.31250000000004,4501
"(0.975, 0.9958333333333332)",1,99.31250000000004,4502
"(1.0, 0.9958333333333332)",2,99.3125,4504
"(0.9833333333333332, 0.9958333333333332)",3,99.3125,4507
"(0.9916666666666668, 0.9958333333333332)",1,99.31249999999996,4508
"(0.975, 0.9958333333333332)",1,99.30833333333338,4509
"(0.9916666666666668, 0.9958333333333332)",2,99.30833333333337,4511
"(0.9833333333333332, 0.9958333333333332)",2,99.30833333333334,4513
"(0.9833333333333332, 0.9958333333333332)",1,99.30833333333332,4514
"(0.9875, 1.0)",1,99.30833333333332,4515
"(0.9027777777777778, 1.0)",1,99.30555555555556,4516
"(0.75, 1.0)",1,99.30555555555556,4517
"(0.9916666666666668, 0.9958333333333332)",1,99.30416666666672,4518
"(0.9875, 0.9958333333333332)",2,99.30416666666667,4520
"(0.9833333333333332, 1.0)",1,99.30416666666665,4521
"(0.9791666666666666, 0.9958333333333332)",2,99.30000000000008,4523
"(0.9, 1.0)",1,99.30000000000004,4524
"(0.7333333333333333, 0.9833333333333332)",2,99.30000000000004,4526
"(1.0, 1.0)",1,99.30000000000004,4527
"(0.9916666666666668, 0.9958333333333332)",1,99.30000000000004,4528
"(0.9166666666666666, 1.0)",1,99.30000000000004,4529
"(0.9916666666666668, 0.9958333333333332)",1,99.30000000000004,4530
"(0.95, 0.9833333333333332)",1,99.30000000000004,4531
"(0.9708333333333332, 0.9958333333333332)",1,99.30000000000004,4532
"(0.9833333333333332, 0.9958333333333332)",2,99.30000000000004,4534
"(0.9875, 0.9958333333333332)",1,99.30000000000004,4535
"(0.9333333333333332, 1.0)",2,99.3,4537
"(0.9166666666666666, 1.0)",3,99.3,4540
"(0.9958333333333332, 0.9958333333333332)",1,99.3,4541
"(0.7333333333333333, 1.0)",4,99.3,4545
"(0.8, 1.0)",2,99.3,4547
"(0.85, 1.0)",1,99.3,4548
"(0.8333333333333334, 1.0)",4,99.3,4552
"(0.95, 1.0)",2,99.3,4554
"(0.9, 1.0)",2,99.3,4556
"(0.7666666666666667, 1.0)",5,99.3,4561
"(0.75, 1.0)",3,99.3,4564
"(0.6666666666666666, 1.0)",1,99.3,4565
"(0.7333333333333333, 1.0)",1,99.3,4566
"(0.7666666666666667, 1.0)",1,99.3,4567
"(0.85, 1.0)",5,99.3,4572
"(0.9833333333333332, 1.0)",12,99.3,4584
"(0.9, 1.0)",7,99.3,4591
"(0.9166666666666666, 1.0)",5,99.3,4596
"(0.9666666666666668, 1.0)",4,99.3,4600
"(0.7166666666666667, 1.0)",2,99.3,4602
"(0.8666666666666667, 1.0)",5,99.3,4607
"(0.9875, 0.9958333333333332)",2,99.3,4609
"(0.95, 1.0)",2,99.3,4611
"(0.7166666666666667, 1.0)",2,99.3,4613
"(0.8166666666666667, 1.0)",5,99.3,4618
"(0.8666666666666667, 1.0)",6,99.3,4624
"(1.0, 1.0)",2,99.3,4626
"(1.0, 1.0)",9,99.3,4635
"(0.9666666666666668, 1.0)",3,99.3,4638
"(0.9333333333333332, 1.0)",2,99.3,4640
"(0.8833333333333333, 1.0)",4,99.3,4644
"(1.0, 1.0)",1,99.29999999999998,4645
"(0.9875, 0.9958333333333332)",1,99.2958333333334,4646
"(0.9833333333333332, 0.9958333333333332)",2,99.29583333333338,4648
"(0.9875, 0.9958333333333332)",2,99.29583333333338,4650
"(0.9916666666666668, 0.9958333333333332)",1,99.29583333333338,4651
"(0.9708333333333332, 0.9958333333333332)",1,99.29583333333336,4652
"(0.9875, 0.9958333333333332)",1,99.29166666666671,4653
"(0.975, 0.9958333333333332)",1,99.29166666666671,4654
"(0.9583333333333334, 0.9916666666666668)",1,99.2916666666667,4655
"(0.9305555555555556, 1.0)",4,99.29166666666669,4659
"(0.9708333333333332, 0.9958333333333332)",2,99.29166666666669,4661
"(0.975, 1.0)",1,99.29166666666669,4662
"(0.8194444444444444, 1.0)",4,99.29166666666666,4666
"(0.9027777777777778, 1.0)",1,99.29166666666666,4667
"(0.9166666666666666, 1.0)",1,99.29166666666666,4668
"(0.9833333333333332, 0.9958333333333332)",2,99.2916666666666,4670
"(0.9916666666666668, 0.9958333333333332)",1,99.28750000000008,4671
"(0.9666666666666668, 0.9958333333333332)",1,99.28750000000004,4672
"(0.975, 0.9958333333333332)",1,99.28750000000004,4673
"(0.9916666666666668, 0.9958333333333332)",2,99.28750000000004,4675
"(0.9875, 0.9958333333333332)",1,99.28750000000004,4676
"(0.9625, 0.9958333333333332)",1,99.28750000000004,4677
"(0.9958333333333332, 0.9958333333333332)",1,99.2875,4678
"(0.975, 0.9958333333333332)",1,99.2875,4679
"(0.9791666666666666, 0.9958333333333332)",1,99.28749999999997,4680
"(0.9916666666666668, 0.9958333333333332)",1,99.28749999999994,4681
"(0.975, 1.0)",1,99.28749999999994,4682
"(0.9708333333333332, 0.9958333333333332)",2,99.2833333333334,4684
"(0.9166666666666666, 0.9833333333333332)",1,99.28333333333336,4685
"(0.6666666666666666, 0.9833333333333332)",1,99.28333333333336,4686
"(0.9666666666666668, 0.9958333333333332)",1,99.28333333333336,4687
"(0.75, 1.0)",1,99.28333333333336,4688
"(0.9833333333333332, 0.9958333333333332)",1,99.28333333333336,4689
"(0.9166666666666666, 0.9833333333333332)",1,99.28333333333336,4690
"(1.0, 1.0)",1,99.28333333333336,4691
"(0.9833333333333332, 0.9958333333333332)",2,99.28333333333336,4693
"(0.9166666666666666, 1.0)",2,99.28333333333336,4695
"(0.9, 0.9833333333333332)",1,99.28333333333336,4696
"(0.85, 1.0)",2,99.28333333333336,4698
"(0.95, 1.0)",1,99.28333333333336,4699
"(0.8833333333333333, 1.0)",2,99.28333333333336,4701
"(0.85, 1.0)",1,99.28333333333336,4702
"(0.8333333333333334, 1.0)",2,99.28333333333336,4704
"(0.9333333333333332, 1.0)",4,99.28333333333336,4708
"(0.9, 1.0)",3,99.28333333333336,4711
"(0.8833333333333333, 0.9833333333333332)",2,99.28333333333336,4713
"(0.9833333333333332, 1.0)",1,99.28333333333336,4714
"(0.8666666666666667, 1.0)",2,99.28333333333336,4716
"(0.7166666666666667, 1.0)",4,99.28333333333332,4720
"(1.0, 1.0)",10,99.28333333333332,4730
"(0.8333333333333334, 1.0)",8,99.28333333333332,4738
"(0.9666666666666668, 1.0)",3,99.28333333333332,4741
"(0.95, 1.0)",6,99.28333333333332,4747
"(0.8, 1.0)",5,99.28333333333332,4752
"(0.8833333333333333, 1.0)",4,99.28333333333332,4756
"(0.85, 1.0)",6,99.28333333333332,4762
"(0.9166666666666666, 1.0)",3,99.28333333333332,4765
"(0.7333333333333333, 1.0)",4,99.28333333333332,4769
"(0.8666666666666667, 1.0)",7,99.28333333333332,4776
"(0.7833333333333333, 1.0)",2,99.28333333333332,4778
"(0.9, 1.0)",6,99.28333333333332,4784
"(0.7, 1.0)",1,99.28333333333332,4785
"(1.0, 0.9916666666666668)",1,99.28333333333332,4786
"(1.0, 0.9958333333333332)",2,99.28333333333332,4788
"(0.9833333333333332, 1.0)",1,99.28333333333332,4789
"(0.7666666666666667, 1.0)",5,99.28333333333332,4794
"(0.9333333333333332, 1.0)",3,99.28333333333332,4797
"(0.8166666666666667, 1.0)",4,99.28333333333332,4801
"(0.975, 0.9958333333333332)",2,99.27916666666674,4803
"(0.9666666666666668, 0.9958333333333332)",2,99.27916666666673,4805
"(0.9791666666666666, 0.9958333333333332)",1,99.27916666666673,4806
"(0.9833333333333332, 0.9958333333333332)",1,99.27916666666673,4807
"(0.9916666666666668, 0.9958333333333332)",2,99.27916666666673,4809
"(0.9833333333333332, 0.9958333333333332)",1,99.27916666666668,4810
"(0.9958333333333332, 0.9958333333333332)",1,99.27916666666668,4811
"(0.9916666666666668, 0.9958333333333332)",1,99.27916666666664,4812
"(0.75, 1.0)",2,99.2777777777778,4814
"(0.8194444444444444, 1.0)",1,99.27777777777776,4815
"(0.9166666666666666, 1.0)",1,99.27777777777776,4816
"(0.9027777777777778, 1.0)",4,99.27777777777776,4820
"(0.9833333333333332, 0.9958333333333332)",2,99.27500000000006,4822
"(0.9791666666666666, 0.9958333333333332)",1,99.27500000000003,4823
"(0.9833333333333332, 0.9958333333333332)",2,99.27500000000003,4825
"(0.975, 0.9958333333333332)",2,99.27500000000003,4827
"(0.9833333333333332, 0.9958333333333332)",1,99.27500000000003,4828
"(0.9708333333333332, 0.9958333333333332)",1,99.27500000000003,4829
"(0.9833333333333332, 0.9958333333333332)",2,99.27500000000002,4831
"(0.9916666666666668, 0.9958333333333332)",2,99.27499999999996,4833
"(0.975, 0.9916666666666668)",1,99.27499999999992,4834
"(0.975, 0.9958333333333332)",1,99.2708333333334,4835
"(0.9583333333333334, 0.9916666666666668)",1,99.27083333333336,4836
"(0.9833333333333332, 0.9958333333333332)",1,99.27083333333334,4837
"(0.9833333333333332, 0.9958333333333332)",1,99.27083333333331,4838
"(0.9916666666666668, 0.9958333333333332)",2,99.27083333333331,4840
"(0.95, 0.9958333333333332)",1,99.27083333333331,4841
"(0.9791666666666666, 0.9958333333333332)",1,99.26666666666677,4842
"(1.0, 0.9958333333333332)",1,99.26666666666674,4843
"(0.9666666666666668, 0.9958333333333332)",1,99.26666666666672,4844
"(0.975, 0.9958333333333332)",1,99.26666666666672,4845
"(0.9875, 0.9958333333333332)",1,99.2666666666667,4846
"(0.9, 1.0)",2,99.2666666666667,4848
"(0.9916666666666668, 0.9958333333333332)",1,99.2666666666667,4849
"(0.9666666666666668, 1.0)",4,99.26666666666668,4853
"(1.0, 1.0)",7,99.26666666666668,4860
"(0.9333333333333332, 1.0)",6,99.26666666666668,4866
"(0.7166666666666667, 1.0)",5,99.26666666666668,4871
"(0.9166666666666666, 1.0)",7,99.26666666666668,4878
"(0.7333333333333333, 0.9833333333333332)",1,99.26666666666668,4879
"(0.9, 1.0)",4,99.26666666666668,4883
"(0.8666666666666667, 1.0)",9,99.26666666666668,4892
"(0.8666666666666667, 0.9833333333333332)",1,99.26666666666668,4893
"(0.9666666666666668, 1.0)",1,99.26666666666668,4894
"(0.8, 1.0)",3,99.26666666666668,4897
"(0.8833333333333333, 1.0)",4,99.26666666666668,4901
"(0.9833333333333332, 1.0)",8,99.26666666666668,4909
"(0.7, 1.0)",1,99.26666666666668,4910
"(0.7333333333333333, 1.0)",1,99.26666666666668,4911
"(1.0, 0.9833333333333332)",1,99.26666666666668,4912
"(0.9333333333333332, 1.0)",2,99.26666666666668,4914
"(0.8333333333333334, 1.0)",1,99.26666666666668,4915
"(0.6833333333333333, 1.0)",2,99.26666666666668,4917
"(0.8333333333333334, 1.0)",1,99.26666666666668,4918
"(0.9166666666666666, 1.0)",2,99.26666666666668,4920
"(0.95, 1.0)",6,99.26666666666668,4926
"(0.7333333333333333, 1.0)",3,99.26666666666668,4929
"(0.7166666666666667, 1.0)",1,99.26666666666668,4930
"(0.8666666666666667, 1.0)",1,99.26666666666668,4931
"(0.8833333333333333, 1.0)",10,99.26666666666668,4941
"(0.85, 1.0)",2,99.26666666666668,4943
"(0.7666666666666667, 1.0)",2,99.26666666666668,4945
"(0.8166666666666667, 1.0)",2,99.26666666666668,4947
"(0.75, 1.0)",2,99.26666666666668,4949
"(0.9, 1.0)",6,99.26666666666668,4955
"(0.7833333333333333, 1.0)",1,99.26666666666668,4956
"(0.95, 1.0)",1,99.26666666666668,4957
"(0.9305555555555556, 1.0)",2,99.26388888888889,4959
"(0.8194444444444444, 1.0)",4,99.26388888888889,4963
"(0.7916666666666666, 1.0)",1,99.26388888888889,4964
"(0.975, 0.9958333333333332)",1,99.26250000000006,4965
"(0.9875, 0.9958333333333332)",1,99.26250000000005,4966
"(0.9791666666666666, 0.9958333333333332)",1,99.2625,4967
"(0.9916666666666668, 0.9958333333333332)",1,99.2625,4968
"(0.9916666666666668, 0.9958333333333332)",2,99.26249999999996,4970
"(0.9875, 0.9958333333333332)",1,99.2583333333334,4971
"(0.9833333333333332, 0.9958333333333332)",2,99.2583333333334,4973
"(0.9916666666666668, 0.9958333333333332)",1,99.25833333333338,4974
"(0.9666666666666668, 0.9958333333333332)",2,99.25833333333338,4976
"(0.9916666666666668, 0.9958333333333332)",1,99.25833333333328,4977
"(0.9833333333333332, 0.9958333333333332)",1,99.25416666666672,4978
"(0.9791666666666666, 0.9958333333333332)",1,99.25416666666672,4979
"(0.9916666666666668, 0.9958333333333332)",1,99.25416666666672,4980
"(0.9875, 0.9958333333333332)",1,99.2541666666667,4981
"(0.9666666666666668, 0.9958333333333332)",1,99.25416666666666,4982
"(0.9875, 0.9958333333333332)",1,99.25000000000009,4983
"(0.9875, 0.9958333333333332)",1,99.25000000000006,4984
"(0.9791666666666666, 0.9958333333333332)",1,99.25000000000006,4985
"(0.9, 1.0)",2,99.25000000000004,4987
"(0.8833333333333333, 0.9833333333333332)",1,99.25000000000004,4988
"(0.9875, 0.9958333333333332)",1,99.25000000000004,4989
"(1.0, 1.0)",1,99.25000000000004,4990
"(0.8833333333333333, 1.0)",1,99.25000000000004,4991
"(0.9166666666666666, 1.0)",1,99.25000000000004,4992
"(0.8333333333333334, 1.0)",1,99.25000000000004,4993
"(1.0, 1.0)",6,99.25,4999
"(0.8833333333333333, 1.0)",1,99.25,5000
"(0.8, 1.0)",4,99.25,5004
"(0.9166666666666666, 1.0)",2,99.25,5006
"(0.9166666666666666, 0.9833333333333332)",1,99.25,5007
"(0.7166666666666667, 1.0)",3,99.25,5010
"(0.8, 1.0)",1,99.25,5011
"(0.9333333333333332, 1.0)",3,99.25,5014
"(0.8666666666666667, 1.0)",5,99.25,5019
"(0.7333333333333333, 1.0)",2,99.25,5021
"(0.9166666666666666, 1.0)",2,99.25,5023
"(0.7333333333333333, 1.0)",5,99.25,5028
"(0.9, 1.0)",3,99.25,5031
"(0.8166666666666667, 1.0)",2,99.25,5033
"(0.9833333333333332, 1.0)",4,99.25,5037
"(0.8333333333333334, 1.0)",2,99.25,5039
"(0.8833333333333333, 1.0)",13,99.25,5052
"(0.95, 1.0)",3,99.25,5055
"(0.7833333333333333, 1.0)",3,99.25,5058
"(0.9333333333333332, 1.0)",2,99.25,5060
"(0.8166666666666667, 1.0)",3,99.25,5063
"(0.85, 1.0)",5,99.25,5068
"(0.9333333333333332, 0.9833333333333332)",1,99.25,5069
"(0.7777777777777778, 1.0)",1,99.25,5070
"(0.8833333333333333, 0.9833333333333332)",1,99.25,5071
"(0.7, 1.0)",3,99.25,5074
"(0.9027777777777778, 1.0)",4,99.25,5078
"(0.7333333333333333, 0.9833333333333332)",1,99.25,5079
"(0.9625, 0.9958333333333332)",2,99.25,5081
"(0.9666666666666668, 1.0)",4,99.25,5085
"(0.8333333333333334, 1.0)",5,99.25,5090
"(0.9, 1.0)",3,99.25,5093
"(0.5666666666666667, 1.0)",1,99.25,5094
"(0.975, 0.9958333333333332)",1,99.24999999999996,5095
"(0.9833333333333332, 0.9958333333333332)",2,99.2458333333334,5097
"(0.9875, 0.9958333333333332)",1,99.2458333333334,5098
"(0.9625, 0.9958333333333332)",1,99.2458333333334,5099
"(0.9833333333333332, 0.9958333333333332)",1,99.24583333333334,5100
"(0.9875, 0.9916666666666668)",1,99.24583333333334,5101
"(0.9666666666666668, 0.9958333333333332)",2,99.24583333333332,5103
"(0.95, 0.9958333333333332)",2,99.2458333333333,5105
"(0.9875, 0.9958333333333332)",1,99.24166666666672,5106
"(0.9625, 0.9958333333333332)",1,99.24166666666672,5107
"(0.975, 0.9958333333333332)",1,99.24166666666672,5108
"(0.9875, 0.9958333333333332)",1,99.2416666666667,5109
"(1.0, 1.0)",1,99.2416666666667,5110
"(0.9833333333333332, 0.9958333333333332)",1,99.24166666666666,5111
"(0.9708333333333332, 0.9916666666666668)",1,99.24166666666665,5112
"(0.9833333333333332, 0.9958333333333332)",1,99.24166666666662,5113
"(0.9791666666666666, 0.9958333333333332)",1,99.2416666666666,5114
"(0.975, 0.9958333333333332)",1,99.24166666666656,5115
"(0.975, 0.9958333333333332)",2,99.23750000000004,5117
"(0.9875, 0.9958333333333332)",2,99.23750000000004,5119
"(0.9916666666666668, 0.9958333333333332)",1,99.23750000000004,5120
"(0.9875, 0.9958333333333332)",1,99.23750000000004,5121
"(0.975, 0.9916666666666668)",1,99.23749999999994,5122
"(0.8333333333333334, 1.0)",1,99.23611111111111,5123
"(0.75, 1.0)",1,99.23611111111111,5124
"(0.9166666666666666, 1.0)",1,99.23611111111111,5125
"(0.9833333333333332, 0.9958333333333332)",2,99.2333333333334,5127
"(0.9833333333333332, 0.9958333333333332)",2,99.23333333333338,5129
"(0.7333333333333333, 0.9833333333333332)",1,99.23333333333336,5130
"(0.6833333333333333, 1.0)",2,99.23333333333336,5132
"(0.85, 1.0)",2,99.23333333333336,5134
"(0.8833333333333333, 1.0)",2,99.23333333333336,5136
"(0.9166666666666666, 1.0)",3,99.23333333333336,5139
"(0.9666666666666668, 1.0)",1,99.23333333333336,5140
"(0.75, 1.0)",1,99.23333333333336,5141
"(0.9, 0.9833333333333332)",1,99.23333333333336,5142
"(0.7833333333333333, 1.0)",1,99.23333333333336,5143
"(0.9666666666666668, 0.9833333333333332)",2,99.23333333333336,5145
"(1.0, 1.0)",1,99.23333333333336,5146
"(0.8666666666666667, 1.0)",9,99.23333333333336,5155
"(0.9333333333333332, 1.0)",1,99.23333333333336,5156
"(0.8333333333333334, 1.0)",8,99.23333333333336,5164
"(0.9708333333333332, 0.9958333333333332)",2,99.23333333333336,5166
"(0.9333333333333332, 0.9833333333333332)",1,99.23333333333336,5167
"(0.9333333333333332, 0.9833333333333332)",1,99.23333333333336,5168
"(0.9, 1.0)",7,99.23333333333336,5175
"(0.9, 1.0)",2,99.23333333333336,5177
"(0.7166666666666667, 1.0)",2,99.23333333333332,5179
"(1.0, 1.0)",3,99.23333333333332,5182
"(0.8, 1.0)",3,99.23333333333332,5185
"(0.6833333333333333, 1.0)",2,99.23333333333332,5187
"(0.8833333333333333, 1.0)",7,99.23333333333332,5194
"(0.7833333333333333, 1.0)",1,99.23333333333332,5195
"(0.75, 1.0)",1,99.23333333333332,5196
"(0.9833333333333332, 1.0)",10,99.23333333333332,5206
"(0.9, 1.0)",3,99.23333333333332,5209
"(0.8666666666666667, 1.0)",4,99.23333333333332,5213
"(0.8333333333333334, 1.0)",3,99.23333333333332,5216
"(0.85, 1.0)",3,99.23333333333332,5219
"(0.9166666666666666, 1.0)",3,99.23333333333332,5222
"(0.8333333333333334, 1.0)",4,99.23333333333332,5226
"(0.7666666666666667, 1.0)",1,99.23333333333332,5227
"(0.9791666666666666, 0.9958333333333332)",2,99.23333333333332,5229
"(0.8166666666666667, 1.0)",2,99.23333333333332,5231
"(0.7333333333333333, 1.0)",3,99.23333333333332,5234
"(0.9333333333333332, 1.0)",6,99.23333333333332,5240
"(0.8, 1.0)",1,99.23333333333332,5241
"(0.95, 1.0)",5,99.23333333333332,5246
"(0.9666666666666668, 1.0)",1,99.23333333333332,5247
"(0.9875, 0.9958333333333332)",2,99.22916666666671,5249
"(0.9833333333333332, 0.9958333333333332)",1,99.22916666666671,5250
"(0.9916666666666668, 0.9958333333333332)",1,99.22916666666671,5251
"(0.9625, 0.9958333333333332)",1,99.22916666666671,5252
"(0.9625, 0.9958333333333332)",2,99.22916666666669,5254
"(0.975, 0.9958333333333332)",1,99.22916666666664,5255
"(0.9833333333333332, 0.9958333333333332)",1,99.22500000000008,5256
"(0.9708333333333332, 0.9958333333333332)",2,99.22500000000004,5258
"(0.9833333333333332, 0.9958333333333332)",1,99.22500000000004,5259
"(0.9875, 0.9958333333333332)",1,99.22500000000004,5260
"(0.9666666666666668, 0.9958333333333332)",1,99.22500000000004,5261
"(0.9833333333333332, 0.9958333333333332)",1,99.22500000000002,5262
"(0.9791666666666666, 0.9958333333333332)",2,99.225,5264
"(0.9583333333333334, 0.9958333333333332)",1,99.22499999999998,5265
"(0.9791666666666666, 0.9958333333333332)",2,99.22499999999997,5267
"(0.8333333333333334, 1.0)",1,99.22222222222224,5268
"(0.9444444444444444, 1.0)",1,99.2222222222222,5269
"(0.9875, 0.9958333333333332)",1,99.22083333333342,5270
"(0.9833333333333332, 0.9958333333333332)",1,99.2208333333334,5271
"(0.9916666666666668, 0.9958333333333332)",1,99.2208333333334,5272
"(0.9833333333333332, 0.9958333333333332)",2,99.22083333333336,5274
"(0.9833333333333332, 0.9958333333333332)",1,99.22083333333336,5275
"(0.9666666666666668, 0.9958333333333332)",1,99.22083333333336,5276
"(0.9666666666666668, 0.9958333333333332)",1,99.22083333333336,5277
"(0.9916666666666668, 0.9958333333333332)",3,99.22083333333336,5280
"(0.975, 0.9958333333333332)",1,99.22083333333332,5281
"(0.9833333333333332, 0.9958333333333332)",2,99.22083333333332,5283
"(0.9833333333333332, 0.9958333333333332)",3,99.22083333333327,5286
"(0.975, 1.0)",1,99.22083333333327,5287
"(0.9833333333333332, 0.9916666666666668)",1,99.22083333333326,5288
"(0.975, 0.9958333333333332)",1,99.21666666666673,5289
"(0.9666666666666668, 0.9958333333333332)",1,99.21666666666673,5290
"(0.9333333333333332, 0.9833333333333332)",1,99.2166666666667,5291
"(0.9166666666666666, 1.0)",1,99.2166666666667,5292
"(0.9, 0.9833333333333332)",3,99.2166666666667,5295
"(1.0, 0.9833333333333332)",1,99.2166666666667,5296
"(0.7833333333333333, 1.0)",4,99.21666666666668,5300
"(0.8833333333333333, 1.0)",1,99.21666666666668,5301
"(0.9166666666666666, 1.0)",1,99.21666666666668,5302
"(0.7666666666666667, 1.0)",2,99.21666666666668,5304
"(0.7333333333333333, 1.0)",2,99.21666666666668,5306
"(0.9, 1.0)",3,99.21666666666668,5309
"(0.8166666666666667, 1.0)",6,99.21666666666668,5315
"(0.8333333333333334, 1.0)",10,99.21666666666668,5325
"(0.95, 1.0)",3,99.21666666666668,5328
"(0.9666666666666668, 1.0)",3,99.21666666666668,5331
"(0.7833333333333333, 1.0)",1,99.21666666666668,5332
"(0.6666666666666666, 1.0)",3,99.21666666666668,5335
"(0.9791666666666666, 0.9958333333333332)",1,99.21666666666668,5336
"(1.0, 1.0)",3,99.21666666666668,5339
"(0.9625, 0.9958333333333332)",1,99.21666666666668,5340
"(0.8333333333333334, 0.9833333333333332)",1,99.21666666666668,5341
"(0.9833333333333332, 1.0)",1,99.21666666666668,5342
"(0.8, 1.0)",6,99.21666666666668,5348
"(0.8833333333333333, 1.0)",1,99.21666666666668,5349
"(0.85, 1.0)",1,99.21666666666668,5350
"(0.9, 1.0)",3,99.21666666666668,5353
"(0.8833333333333333, 0.9833333333333332)",1,99.21666666666668,5354
"(0.85, 1.0)",3,99.21666666666668,5357
"(0.9833333333333332, 1.0)",6,99.21666666666668,5363
"(0.9166666666666666, 1.0)",1,99.21666666666668,5364
"(0.9333333333333332, 1.0)",3,99.21666666666668,5367
"(0.8666666666666667, 1.0)",9,99.21666666666668,5376
"(0.8333333333333334, 1.0)",6,99.21666666666668,5382
"(0.7166666666666667, 1.0)",4,99.21666666666668,5386
"(1.0, 1.0)",1,99.21666666666664,5387
"(0.95, 0.9958333333333332)",1,99.21666666666664,5388
"(0.95, 0.9958333333333332)",2,99.2166666666666,5390
"(0.9666666666666668, 0.9958333333333332)",2,99.21250000000006,5392
"(0.9833333333333332, 0.9958333333333332)",1,99.21250000000006,5393
"(0.9875, 0.9958333333333332)",1,99.21250000000003,5394
"(0.9708333333333332, 0.9958333333333332)",1,99.21250000000003,5395
"(0.9791666666666666, 0.9958333333333332)",1,99.21250000000002,5396
"(0.9458333333333332, 0.9958333333333332)",1,99.21250000000002,5397
"(0.975, 0.9958333333333332)",1,99.21250000000002,5398
"(0.9791666666666666, 0.9958333333333332)",1,99.21249999999998,5399
"(0.9875, 0.9958333333333332)",1,99.21249999999992,5400
"(0.9666666666666668, 0.9958333333333332)",3,99.2083333333334,5403
"(0.9666666666666668, 0.9958333333333332)",1,99.20833333333336,5404
"(0.9458333333333332, 0.9958333333333332)",2,99.20833333333334,5406
"(0.8611111111111112, 1.0)",1,99.20833333333334,5407
"(0.9625, 0.9958333333333332)",1,99.20833333333334,5408
"(0.8194444444444444, 1.0)",1,99.20833333333331,5409
"(0.8888888888888888, 1.0)",1,99.20833333333331,5410
"(0.9027777777777778, 1.0)",1,99.20833333333331,5411
"(0.9708333333333332, 0.9958333333333332)",1,99.20833333333331,5412
"(0.7916666666666666, 1.0)",1,99.20833333333331,5413
"(0.9833333333333332, 0.9958333333333332)",1,99.2083333333333,5414
"(0.9875, 0.9958333333333332)",1,99.20833333333329,5415
"(0.9875, 1.0)",1,99.20833333333324,5416
"(0.9791666666666666, 0.9958333333333332)",1,99.20416666666672,5417
"(0.9875, 0.9958333333333332)",2,99.20416666666672,5419
"(0.9625, 0.9958333333333332)",1,99.20416666666672,5420
"(0.9875, 0.9958333333333332)",1,99.20416666666672,5421
"(0.9708333333333332, 0.9958333333333332)",1,99.20416666666668,5422
"(0.9833333333333332, 0.9958333333333332)",1,99.20416666666664,5423
"(0.9833333333333332, 0.9958333333333332)",1,99.20000000000006,5424
"(1.0, 1.0)",1,99.20000000000005,5425
"(0.9708333333333332, 0.9958333333333332)",2,99.20000000000005,5427
"(0.8833333333333333, 1.0)",1,99.20000000000005,5428
"(0.9166666666666666, 1.0)",1,99.20000000000005,5429
"(0.975, 0.9958333333333332)",1,99.20000000000005,5430
"(1.0, 1.0)",1,99.20000000000005,5431
"(0.85, 1.0)",1,99.20000000000002,5432
"(0.9666666666666668, 1.0)",2,99.20000000000002,5434
"(1.0, 1.0)",2,99.20000000000002,5436
"(0.9166666666666666, 1.0)",11,99.20000000000002,5447
"(0.95, 1.0)",1,99.20000000000002,5448
"(0.8666666666666667, 1.0)",2,99.20000000000002,5450
"(0.9, 1.0)",6,99.20000000000002,5456
"(0.9666666666666668, 0.9833333333333332)",1,99.20000000000002,5457
"(0.8333333333333334, 1.0)",4,99.20000000000002,5461
"(0.8333333333333334, 0.9833333333333332)",1,99.20000000000002,5462
"(0.9333333333333332, 1.0)",1,99.20000000000002,5463
"(0.9333333333333332, 0.9833333333333332)",3,99.20000000000002,5466
"(0.75, 1.0)",3,99.20000000000002,5469
"(0.8166666666666667, 1.0)",1,99.20000000000002,5470
"(1.0, 1.0)",6,99.2,5476
"(0.7166666666666667, 1.0)",1,99.2,5477
"(0.6666666666666666, 1.0)",1,99.2,5478
"(0.7666666666666667, 1.0)",5,99.2,5483
"(0.975, 0.9958333333333332)",2,99.2,5485
"(0.95, 0.9958333333333332)",2,99.2,5487
"(0.85, 1.0)",9,99.2,5496
"(0.8, 1.0)",2,99.2,5498
"(0.9, 1.0)",6,99.2,5504
"(0.8833333333333333, 1.0)",4,99.2,5508
"(0.9333333333333332, 1.0)",7,99.2,5515
"(0.8, 1.0)",1,99.2,5516
"(0.75, 1.0)",1,99.2,5517
"(1.0, 1.0)",4,99.2,5521
"(0.9666666666666668, 1.0)",1,99.2,5522
"(0.7333333333333333, 1.0)",5,99.2,5527
"(0.95, 1.0)",3,99.2,5530
"(0.9, 1.0)",1,99.2,5531
"(0.7833333333333333, 1.0)",1,99.2,5532
"(0.8166666666666667, 1.0)",4,99.2,5536
"(0.95, 1.0)",2,99.2,5538
"(0.9625, 0.9958333333333332)",1,99.2,5539
"(0.8833333333333333, 1.0)",1,99.2,5540
"(0.9166666666666666, 1.0)",2,99.2,5542
"(0.8333333333333334, 1.0)",6,99.2,5548
"(0.6833333333333333, 1.0)",1,99.2,5549
"(0.6833333333333333, 1.0)",1,99.2,5550
"(0.8666666666666667, 1.0)",3,99.2,5553
"(0.7333333333333333, 1.0)",2,99.2,5555
"(0.8666666666666667, 1.0)",1,99.2,5556
"(0.9666666666666668, 0.9958333333333332)",1,99.1958333333334,5557
"(0.9875, 0.9958333333333332)",1,99.1958333333334,5558
"(0.9791666666666666, 0.9958333333333332)",1,99.1958333333334,5559
"(0.9666666666666668, 0.9958333333333332)",1,99.19583333333338,5560
"(0.9875, 0.9958333333333332)",1,99.19583333333338,5561
"(0.9791666666666666, 0.9958333333333332)",2,99.19583333333335,5563
"(0.975, 0.9958333333333332)",2,99.19583333333335,5565
"(0.9833333333333332, 0.9958333333333332)",1,99.19583333333335,5566
"(0.9541666666666668, 0.9958333333333332)",1,99.19583333333333,5567
"(0.975, 0.9958333333333332)",2,99.19583333333333,5569
"(0.975, 0.9916666666666668)",1,99.1958333333332,5570
"(0.8333333333333334, 1.0)",1,99.19444444444446,5571
"(0.9305555555555556, 1.0)",1,99.19444444444444,5572
"(0.9166666666666666, 1.0)",1,99.19444444444444,5573
"(0.8194444444444444, 1.0)",1,99.19444444444444,5574
"(0.8888888888888888, 1.0)",1,99.19444444444444,5575
"(0.9666666666666668, 0.9958333333333332)",1,99.19166666666672,5576
"(0.9625, 0.9958333333333332)",1,99.19166666666672,5577
"(0.9708333333333332, 0.9958333333333332)",2,99.19166666666672,5579
"(0.975, 0.9958333333333332)",1,99.19166666666668,5580
"(0.9833333333333332, 0.9958333333333332)",1,99.19166666666668,5581
"(0.9791666666666666, 0.9958333333333332)",1,99.19166666666666,5582
"(0.9791666666666666, 0.9958333333333332)",1,99.19166666666663,5583
"(0.9708333333333332, 0.9958333333333332)",1,99.18750000000006,5584
"(0.9666666666666668, 0.9958333333333332)",1,99.18750000000006,5585
"(0.9958333333333332, 0.9958333333333332)",1,99.18750000000004,5586
"(0.975, 0.9958333333333332)",2,99.1875,5588
"(0.9625, 0.9958333333333332)",1,99.1875,5589
"(0.9875, 0.9958333333333332)",1,99.1875,5590
"(0.9791666666666666, 0.9958333333333332)",1,99.18749999999994,5591
"(0.9875, 0.9958333333333332)",1,99.1833333333334,5592
"(0.9833333333333332, 0.9958333333333332)",2,99.1833333333334,5594
"(0.9833333333333332, 0.9958333333333332)",3,99.18333333333338,5597
"(0.9166666666666666, 1.0)",3,99.18333333333337,5600
"(0.9, 1.0)",2,99.18333333333337,5602
"(0.8666666666666667, 1.0)",1,99.18333333333337,5603
"(0.9875, 0.9958333333333332)",1,99.18333333333337,5604
"(1.0, 1.0)",1,99.18333333333337,5605
"(0.9, 0.9833333333333332)",1,99.18333333333337,5606
"(0.85, 1.0)",2,99.18333333333337,5608
"(0.8833333333333333, 1.0)",1,99.18333333333337,5609
"(0.9666666666666668, 0.9958333333333332)",2,99.18333333333337,5611
"(0.9833333333333332, 1.0)",1,99.18333333333337,5612
"(0.95, 1.0)",1,99.18333333333337,5613
"(0.9333333333333332, 0.9833333333333332)",1,99.18333333333337,5614
"(0.7333333333333333, 1.0)",1,99.18333333333337,5615
"(0.8166666666666667, 1.0)",1,99.18333333333337,5616
"(0.9333333333333332, 1.0)",3,99.18333333333337,5619
"(0.9833333333333332, 0.9833333333333332)",1,99.18333333333337,5620
"(0.8833333333333333, 0.9833333333333332)",1,99.18333333333337,5621
"(1.0, 1.0)",1,99.18333333333337,5622
"(0.8166666666666667, 1.0)",2,99.18333333333334,5624
"(0.8666666666666667, 1.0)",4,99.18333333333334,5628
"(0.9833333333333332, 1.0)",2,99.18333333333334,5630
"(0.8833333333333333, 1.0)",7,99.18333333333334,5637
"(0.9, 1.0)",4,99.18333333333334,5641
"(0.6833333333333333, 1.0)",3,99.18333333333334,5644
"(0.85, 1.0)",3,99.18333333333334,5647
"(1.0, 1.0)",7,99.18333333333334,5654
"(0.95, 1.0)",2,99.18333333333334,5656
"(0.7666666666666667, 1.0)",1,99.18333333333334,5657
"(0.7333333333333333, 1.0)",1,99.18333333333334,5658
"(0.7833333333333333, 1.0)",6,99.18333333333334,5664
"(0.75, 1.0)",2,99.18333333333334,5666
"(0.9166666666666666, 1.0)",7,99.18333333333334,5673
"(0.8, 1.0)",3,99.18333333333334,5676
"(0.7166666666666667, 1.0)",6,99.18333333333334,5682
"(0.9333333333333332, 1.0)",8,99.18333333333334,5690
"(0.8333333333333334, 1.0)",1,99.18333333333334,5691
"(0.8666666666666667, 1.0)",1,99.18333333333332,5692
"(0.9791666666666666, 1.0)",1,99.18333333333332,5693
"(0.975, 0.9958333333333332)",2,99.18333333333332,5695
"(1.0, 1.0)",1,99.18333333333332,5696
"(0.975, 0.9958333333333332)",1,99.18333333333328,5697
"(0.9833333333333332, 0.9958333333333332)",2,99.18333333333328,5699
"(0.9166666666666666, 1.0)",4,99.18055555555556,5703
"(0.9444444444444444, 1.0)",1,99.18055555555556,5704
"(0.9444444444444444, 1.0)",2,99.18055555555554,5706
"(0.9666666666666668, 0.9958333333333332)",1,99.17916666666672,5707
"(0.9708333333333332, 0.9958333333333332)",1,99.17916666666672,5708
"(0.9875, 0.9958333333333332)",2,99.17916666666672,5710
"(0.9666666666666668, 0.9958333333333332)",2,99.1791666666667,5712
"(0.95, 0.9958333333333332)",1,99.17916666666666,5713
"(0.9916666666666668, 0.9958333333333332)",1,99.17916666666665,5714
"(0.9791666666666666, 0.9958333333333332)",2,99.17916666666665,5716
"(0.9916666666666668, 0.9958333333333332)",2,99.17916666666665,5718
"(0.9875, 0.9916666666666668)",1,99.1791666666666,5719
"(0.9875, 0.9958333333333332)",1,99.1791666666666,5720
"(0.975, 1.0)",2,99.17500000000004,5722
"(0.9708333333333332, 0.9958333333333332)",1,99.175,5723
"(0.9583333333333334, 0.9958333333333332)",1,99.17499999999995,5724
"(0.9833333333333332, 0.9958333333333332)",1,99.17499999999994,5725
"(0.9875, 0.9916666666666668)",1,99.17499999999993,5726
"(0.9875, 0.9958333333333332)",1,99.17499999999993,5727
"(0.9875, 0.9958333333333332)",1,99.17083333333342,5728
"(0.9916666666666668, 0.9958333333333332)",1,99.1708333333334,5729
"(0.9875, 0.9958333333333332)",1,99.17083333333338,5730
"(0.975, 0.9958333333333332)",1,99.17083333333336,5731
"(0.9541666666666668, 0.9958333333333332)",2,99.17083333333332,5733
"(0.9791666666666666, 0.9958333333333332)",2,99.17083333333332,5735
"(0.9958333333333332, 0.9958333333333332)",1,99.17083333333323,5736
"(0.9833333333333332, 0.9958333333333332)",1,99.17083333333323,5737
"(0.9875, 0.9958333333333332)",1,99.16666666666671,5738
"(0.9166666666666666, 1.0)",1,99.1666666666667,5739
"(0.85, 1.0)",2,99.16666666666669,5741
"(0.75, 1.0)",1,99.16666666666669,5742
"(0.95, 1.0)",4,99.16666666666669,5746
"(1.0, 1.0)",2,99.16666666666669,5748
"(0.6666666666666666, 1.0)",2,99.16666666666669,5750
"(0.7777777777777778, 1.0)",1,99.16666666666669,5751
"(0.8666666666666667, 1.0)",4,99.16666666666669,5755
"(0.9305555555555556, 1.0)",1,99.16666666666669,5756
"(0.7833333333333333, 1.0)",1,99.16666666666669,5757
"(0.8611111111111112, 1.0)",1,99.16666666666669,5758
"(0.9, 1.0)",2,99.16666666666669,5760
"(0.8833333333333333, 1.0)",2,99.16666666666669,5762
"(0.8333333333333334, 1.0)",3,99.16666666666669,5765
"(0.7666666666666667, 1.0)",1,99.16666666666669,5766
"(0.9833333333333332, 1.0)",1,99.16666666666669,5767
"(0.8, 1.0)",2,99.16666666666669,5769
"(0.8, 1.0)",1,99.16666666666669,5770
"(0.9333333333333332, 1.0)",1,99.16666666666669,5771
"(0.8166666666666667, 1.0)",1,99.16666666666669,5772
"(0.7166666666666667, 1.0)",1,99.16666666666669,5773
"(0.7333333333333333, 1.0)",5,99.16666666666669,5778
"(0.7222222222222222, 1.0)",1,99.16666666666669,5779
"(0.9, 0.9833333333333332)",2,99.16666666666669,5781
"(0.9166666666666666, 1.0)",3,99.16666666666669,5784
"(0.8333333333333334, 1.0)",5,99.16666666666669,5789
"(0.9166666666666666, 1.0)",8,99.16666666666669,5797
"(0.9027777777777778, 1.0)",2,99.16666666666669,5799
"(1.0, 1.0)",3,99.16666666666669,5802
"(0.85, 1.0)",2,99.16666666666669,5804
"(0.9, 1.0)",5,99.16666666666669,5809
"(0.8833333333333333, 0.9833333333333332)",1,99.16666666666669,5810
"(0.8833333333333333, 1.0)",2,99.16666666666669,5812
"(0.8666666666666667, 0.9833333333333332)",2,99.16666666666669,5814
"(0.7, 1.0)",1,99.16666666666669,5815
"(0.9333333333333332, 1.0)",1,99.16666666666669,5816
"(0.7166666666666667, 1.0)",1,99.16666666666666,5817
"(0.7, 1.0)",1,99.16666666666666,5818
"(1.0, 1.0)",8,99.16666666666666,5826
"(0.9791666666666666, 0.9958333333333332)",1,99.16666666666666,5827
"(0.8833333333333333, 1.0)",3,99.16666666666666,5830
"(0.9166666666666666, 1.0)",2,99.16666666666666,5832
"(0.7833333333333333, 1.0)",2,99.16666666666666,5834
"(0.9666666666666668, 1.0)",1,99.16666666666666,5835
"(0.9333333333333332, 1.0)",6,99.16666666666666,5841
"(0.6833333333333333, 1.0)",1,99.16666666666666,5842
"(0.8, 1.0)",1,99.16666666666666,5843
"(0.8333333333333334, 1.0)",5,99.16666666666666,5848
"(0.7222222222222222, 1.0)",1,99.16666666666666,5849
"(0.85, 1.0)",8,99.16666666666666,5857
"(0.7333333333333333, 1.0)",1,99.16666666666666,5858
"(0.9, 1.0)",4,99.16666666666666,5862
"(0.9833333333333332, 1.0)",1,99.16666666666666,5863
"(0.9916666666666668, 0.9958333333333332)",1,99.1666666666666,5864
"(0.9791666666666666, 0.9958333333333332)",1,99.16666666666656,5865
"(0.9875, 0.9958333333333332)",1,99.16250000000008,5866
"(0.9791666666666666, 0.9958333333333332)",1,99.16250000000004,5867
"(0.9833333333333332, 0.9958333333333332)",1,99.1625,5868
"(0.9875, 0.9958333333333332)",1,99.16249999999998,5869
"(0.9833333333333332, 0.9958333333333332)",1,99.16249999999998,5870
"(0.975, 0.9958333333333332)",1,99.16249999999988,5871
"(0.9916666666666668, 0.9958333333333332)",2,99.1583333333334,5873
"(0.9958333333333332, 0.9958333333333332)",1,99.15833333333336,5874
"(0.9791666666666666, 1.0)",1,99.15833333333332,5875
"(0.9625, 0.9958333333333332)",2,99.15416666666675,5877
"(0.9625, 0.9958333333333332)",2,99.15416666666673,5879
"(0.9916666666666668, 0.9958333333333332)",1,99.15416666666673,5880
"(0.9791666666666666, 0.9958333333333332)",1,99.1541666666667,5881
"(0.9833333333333332, 0.9958333333333332)",2,99.15416666666668,5883
"(0.9458333333333332, 0.9958333333333332)",1,99.15416666666664,5884
"(0.9666666666666668, 0.9958333333333332)",1,99.15416666666664,5885
"(0.9583333333333334, 1.0)",1,99.15416666666664,5886
"(0.975, 0.9958333333333332)",1,99.1541666666666,5887
"(0.9833333333333332, 0.9958333333333332)",2,99.1541666666666,5889
"(0.9875, 0.9958333333333332)",2,99.15416666666658,5891
"(0.9444444444444444, 1.0)",1,99.1527777777778,5892
"(0.9166666666666666, 0.9861111111111112)",1,99.1527777777778,5893
"(0.8333333333333334, 1.0)",1,99.15277777777776,5894
"(0.8194444444444444, 1.0)",1,99.15277777777776,5895
"(0.7222222222222222, 1.0)",1,99.15277777777776,5896
"(0.8611111111111112, 1.0)",1,99.15277777777776,5897
"(0.9666666666666668, 0.9958333333333332)",1,99.15000000000003,5898
"(0.9166666666666666, 1.0)",1,99.15000000000003,5899
"(0.8833333333333333, 1.0)",1,99.15000000000002,5900
"(0.8833333333333333, 0.9833333333333332)",1,99.15000000000002,5901
"(0.9166666666666666, 1.0)",3,99.15000000000002,5904
"(0.7833333333333333, 1.0)",2,99.15000000000002,5906
"(0.9, 1.0)",1,99.15000000000002,5907
"(0.8333333333333334, 1.0)",2,99.15000000000002,5909
"(0.8333333333333334, 0.9833333333333332)",1,99.15000000000002,5910
"(0.7166666666666667, 1.0)",1,99.15000000000002,5911
"(0.8166666666666667, 1.0)",1,99.15000000000002,5912
"(0.8666666666666667, 1.0)",1,99.15000000000002,5913
"(0.85, 1.0)",1,99.15000000000002,5914
"(0.75, 1.0)",2,99.15,5916
"(0.9666666666666668, 1.0)",4,99.15,5920
"(0.8166666666666667, 1.0)",4,99.15,5924
"(0.85, 1.0)",6,99.15,5930
"(0.7166666666666667, 1.0)",1,99.15,5931
"(1.0, 1.0)",9,99.15,5940
"(0.9833333333333332, 1.0)",4,99.15,5944
"(0.6833333333333333, 1.0)",1,99.15,5945
"(0.8333333333333334, 1.0)",6,99.15,5951
"(0.7833333333333333, 1.0)",2,99.15,5953
"(0.7, 1.0)",2,99.15,5955
"(0.7333333333333333, 1.0)",7,99.15,5962
"(0.8, 1.0)",2,99.15,5964
"(0.9833333333333332, 1.0)",2,99.15,5966
"(0.9166666666666666, 1.0)",9,99.15,5975
"(0.8833333333333333, 1.0)",7,99.15,5982
"(0.8666666666666667, 1.0)",4,99.15,5986
"(0.7666666666666667, 1.0)",1,99.15,5987
"(0.6666666666666666, 1.0)",2,99.15,5989
"(0.95, 1.0)",2,99.15,5991
"(0.9, 1.0)",4,99.15,5995
"(0.9791666666666666, 0.9958333333333332)",1,99.14999999999998,5996
"(0.9791666666666666, 0.9958333333333332)",1,99.14999999999996,5997
"(0.975, 0.9958333333333332)",2,99.14999999999988,5999
"(0.9666666666666668, 0.9958333333333332)",2,99.1458333333334,6001
"(0.9875, 0.9958333333333332)",1,99.1458333333334,6002
"(0.9625, 0.9958333333333332)",2,99.1458333333334,6004
"(0.9875, 0.9958333333333332)",2,99.1458333333334,6006
"(0.9875, 0.9958333333333332)",1,99.14583333333336,6007
"(0.9958333333333332, 0.9958333333333332)",1,99.14583333333336,6008
"(0.975, 0.9958333333333332)",1,99.14583333333336,6009
"(0.9916666666666668, 0.9958333333333332)",1,99.14583333333331,6010
"(0.9833333333333332, 0.9958333333333332)",2,99.14583333333331,6012
"(0.9666666666666668, 0.9958333333333332)",1,99.1458333333333,6013
"(0.9791666666666666, 0.9958333333333332)",1,99.1458333333333,6014
"(0.9916666666666668, 0.9958333333333332)",2,99.14583333333329,6016
"(0.9833333333333332, 0.9958333333333332)",1,99.14166666666674,6017
"(0.9666666666666668, 0.9958333333333332)",2,99.14166666666672,6019
"(0.9916666666666668, 0.9958333333333332)",1,99.14166666666672,6020
"(0.9708333333333332, 0.9958333333333332)",1,99.1416666666667,6021
"(0.9958333333333332, 0.9958333333333332)",2,99.14166666666668,6023
"(0.9833333333333332, 0.9958333333333332)",1,99.14166666666668,6024
"(0.9875, 0.9958333333333332)",1,99.14166666666668,6025
"(0.9791666666666666, 0.9958333333333332)",3,99.14166666666664,6028
"(0.95, 0.9958333333333332)",1,99.14166666666662,6029
"(0.9916666666666668, 0.9958333333333332)",1,99.1416666666666,6030
"(0.9791666666666666, 0.9958333333333332)",1,99.1416666666666,6031
"(0.9444444444444444, 1.0)",1,99.13888888888889,6032
"(0.8194444444444444, 1.0)",2,99.13888888888889,6034
"(0.9027777777777778, 1.0)",1,99.13888888888889,6035
"(0.9875, 0.9958333333333332)",1,99.13750000000007,6036
"(0.9708333333333332, 0.9958333333333332)",1,99.13750000000006,6037
"(0.9875, 0.9958333333333332)",3,99.13750000000005,6040
"(0.9791666666666666, 0.9958333333333332)",1,99.13749999999996,6041
"(0.9625, 0.9958333333333332)",1,99.13749999999996,6042
"(0.9583333333333334, 0.9958333333333332)",2,99.13749999999996,6044
"(0.9791666666666666, 0.9916666666666668)",1,99.13749999999996,6045
"(0.975, 1.0)",1,99.13749999999996,6046
"(0.975, 1.0)",1,99.1374999999999,6047
"(0.9708333333333332, 0.9958333333333332)",1,99.1333333333334,6048
"(1.0, 1.0)",2,99.13333333333335,6050
"(0.7333333333333333, 0.9833333333333332)",1,99.13333333333335,6051
"(0.95, 1.0)",1,99.13333333333335,6052
"(0.6666666666666666, 1.0)",4,99.13333333333335,6056
"(0.9625, 0.9958333333333332)",2,99.13333333333335,6058
"(0.9333333333333332, 1.0)",3,99.13333333333335,6061
"(0.9833333333333332, 1.0)",2,99.13333333333335,6063
"(0.8666666666666667, 1.0)",1,99.13333333333335,6064
"(0.8333333333333334, 0.9833333333333332)",2,99.13333333333335,6066
"(0.8666666666666667, 1.0)",1,99.13333333333335,6067
"(0.8, 1.0)",1,99.13333333333335,6068
"(0.8833333333333333, 0.9833333333333332)",1,99.13333333333335,6069
"(0.9166666666666666, 1.0)",5,99.13333333333335,6074
"(0.8166666666666667, 1.0)",1,99.13333333333335,6075
"(0.9333333333333332, 1.0)",2,99.13333333333334,6077
"(0.9, 1.0)",2,99.13333333333334,6079
"(0.85, 1.0)",2,99.13333333333334,6081
"(0.8166666666666667, 1.0)",2,99.13333333333334,6083
"(0.7333333333333333, 1.0)",4,99.13333333333334,6087
"(0.75, 1.0)",1,99.13333333333334,6088
"(0.9541666666666668, 0.9916666666666668)",1,99.13333333333334,6089
"(0.7166666666666667, 1.0)",2,99.13333333333334,6091
"(0.8333333333333334, 1.0)",1,99.13333333333334,6092
"(0.9166666666666666, 1.0)",3,99.13333333333334,6095
"(0.8666666666666667, 1.0)",2,99.13333333333334,6097
"(0.75, 1.0)",3,99.13333333333333,6100
"(0.7666666666666667, 1.0)",2,99.13333333333333,6102
"(0.7833333333333333, 1.0)",1,99.13333333333333,6103
"(0.85, 1.0)",2,99.13333333333333,6105
"(0.95, 1.0)",7,99.13333333333333,6112
"(0.9833333333333332, 1.0)",15,99.13333333333333,6127
"(0.8833333333333333, 1.0)",6,99.13333333333333,6133
"(1.0, 1.0)",2,99.13333333333333,6135
"(0.7333333333333333, 1.0)",1,99.13333333333333,6136
"(0.6833333333333333, 1.0)",1,99.13333333333333,6137
"(0.7166666666666667, 1.0)",6,99.13333333333333,6143
"(0.8666666666666667, 1.0)",1,99.13333333333333,6144
"(0.9, 1.0)",4,99.13333333333333,6148
"(0.6666666666666666, 1.0)",4,99.13333333333333,6152
"(0.9791666666666666, 0.9958333333333332)",2,99.13333333333333,6154
"(0.8166666666666667, 1.0)",3,99.13333333333333,6157
"(0.9166666666666666, 1.0)",6,99.13333333333333,6163
"(0.7, 1.0)",2,99.13333333333333,6165
"(0.9333333333333332, 1.0)",2,99.13333333333333,6167
"(0.9791666666666666, 0.9958333333333332)",2,99.1333333333333,6169
"(0.9958333333333332, 0.9958333333333332)",2,99.1333333333333,6171
"(0.9833333333333332, 0.9958333333333332)",1,99.12916666666672,6172
"(0.9666666666666668, 0.9958333333333332)",1,99.12916666666672,6173
"(0.975, 0.9958333333333332)",2,99.1291666666667,6175
"(0.9666666666666668, 0.9958333333333332)",1,99.12916666666666,6176
"(0.9875, 0.9958333333333332)",1,99.12916666666666,6177
"(0.9791666666666666, 0.9958333333333332)",1,99.1291666666666,6178
"(0.9666666666666668, 0.9958333333333332)",1,99.12916666666658,6179
"(0.9916666666666668, 0.9958333333333332)",3,99.12500000000004,6182
"(0.9875, 0.9958333333333332)",3,99.12500000000004,6185
"(0.9958333333333332, 0.9958333333333332)",1,99.125,6186
"(0.9444444444444444, 1.0)",3,99.125,6189
"(0.9833333333333332, 0.9958333333333332)",1,99.125,6190
"(0.9791666666666666, 0.9958333333333332)",2,99.125,6192
"(0.7777777777777778, 1.0)",1,99.125,6193
"(0.8194444444444444, 1.0)",1,99.125,6194
"(0.9916666666666668, 0.9958333333333332)",1,99.125,6195
"(0.8611111111111112, 1.0)",1,99.125,6196
"(0.8333333333333334, 1.0)",1,99.125,6197
"(0.9305555555555556, 1.0)",1,99.125,6198
"(0.9875, 0.9958333333333332)",1,99.12499999999996,6199
"(0.975, 0.9958333333333332)",1,99.12499999999996,6200
"(0.975, 1.0)",1,99.12499999999996,6201
"(0.9583333333333334, 0.9958333333333332)",2,99.12083333333342,6203
"(1.0, 0.9958333333333332)",1,99.1208333333334,6204
"(0.9625, 0.9958333333333332)",1,99.1208333333334,6205
"(0.9791666666666666, 0.9958333333333332)",2,99.12083333333332,6207
"(0.975, 0.9958333333333332)",2,99.1208333333333,6209
"(0.9875, 0.9958333333333332)",1,99.12083333333328,6210
"(0.9708333333333332, 0.9958333333333332)",1,99.1208333333332,6211
"(0.9875, 0.9958333333333332)",1,99.12083333333318,6212
"(0.975, 0.9958333333333332)",2,99.11666666666672,6214
"(0.9916666666666668, 0.9958333333333332)",1,99.11666666666672,6215
"(0.975, 0.9958333333333332)",1,99.1166666666667,6216
"(0.9166666666666666, 0.9833333333333332)",1,99.1166666666667,6217
"(1.0, 1.0)",1,99.1166666666667,6218
"(0.9, 1.0)",1,99.11666666666667,6219
"(0.9333333333333332, 1.0)",1,99.11666666666667,6220
"(0.8833333333333333, 1.0)",3,99.11666666666667,6223
"(0.9833333333333332, 1.0)",2,99.11666666666667,6225
"(1.0, 1.0)",1,99.11666666666667,6226
"(0.9666666666666668, 1.0)",3,99.11666666666667,6229
"(0.7, 1.0)",2,99.11666666666667,6231
"(0.7333333333333333, 1.0)",5,99.11666666666667,6236
"(0.6666666666666666, 1.0)",3,99.11666666666667,6239
"(0.7166666666666667, 1.0)",1,99.11666666666667,6240
"(0.8166666666666667, 1.0)",2,99.11666666666667,6242
"(0.6833333333333333, 1.0)",2,99.11666666666667,6244
"(0.7333333333333333, 0.9833333333333332)",1,99.11666666666667,6245
"(0.8166666666666667, 1.0)",2,99.11666666666667,6247
"(0.75, 1.0)",2,99.11666666666667,6249
"(1.0, 1.0)",5,99.11666666666667,6254
"(0.8833333333333333, 0.9833333333333332)",1,99.11666666666667,6255
"(0.8833333333333333, 1.0)",1,99.11666666666667,6256
"(0.8, 1.0)",2,99.11666666666667,6258
"(0.9166666666666666, 1.0)",7,99.11666666666667,6265
"(0.8333333333333334, 1.0)",1,99.11666666666667,6266
"(0.9, 1.0)",3,99.11666666666667,6269
"(0.85, 1.0)",1,99.11666666666667,6270
"(0.85, 1.0)",7,99.11666666666667,6277
"(0.7833333333333333, 1.0)",4,99.11666666666667,6281
"(0.9333333333333332, 1.0)",2,99.11666666666667,6283
"(0.9833333333333332, 1.0)",1,99.11666666666667,6284
"(0.8333333333333334, 1.0)",2,99.11666666666667,6286
"(0.975, 1.0)",1,99.11666666666667,6287
"(0.8666666666666667, 1.0)",3,99.11666666666667,6290
"(0.7666666666666667, 1.0)",1,99.11666666666667,6291
"(0.7333333333333333, 1.0)",1,99.11666666666667,6292
"(0.8333333333333334, 0.9833333333333332)",1,99.11666666666667,6293
"(0.95, 1.0)",4,99.11666666666667,6297
"(0.9166666666666666, 1.0)",4,99.11666666666667,6301
"(0.7666666666666667, 1.0)",2,99.11666666666666,6303
"(0.8833333333333333, 1.0)",1,99.11666666666666,6304
"(0.8166666666666667, 1.0)",2,99.11666666666666,6306
"(0.8666666666666667, 1.0)",1,99.11666666666666,6307
"(0.9, 1.0)",2,99.11666666666666,6309
"(0.9833333333333332, 0.9958333333333332)",1,99.11666666666666,6310
"(0.9625, 1.0)",1,99.11666666666665,6311
"(0.9791666666666666, 0.9958333333333332)",1,99.11666666666665,6312
"(0.9875, 0.9958333333333332)",2,99.11666666666656,6314
"(0.975, 0.9958333333333332)",1,99.11250000000008,6315
"(0.9791666666666666, 0.9958333333333332)",2,99.11250000000004,6317
"(0.9791666666666666, 1.0)",1,99.1125,6318
"(0.9791666666666666, 0.9958333333333332)",1,99.11249999999998,6319
"(0.9916666666666668, 0.9958333333333332)",1,99.11249999999995,6320
"(0.9791666666666666, 0.9958333333333332)",2,99.11249999999994,6322
"(0.7777777777777778, 1.0)",4,99.11111111111111,6326
"(0.8333333333333334, 1.0)",1,99.11111111111111,6327
"(0.9875, 0.9958333333333332)",1,99.10833333333338,6328
"(0.9791666666666666, 0.9958333333333332)",1,99.10833333333323,6329
"(0.9958333333333332, 0.9958333333333332)",1,99.10833333333323,6330
"(0.9916666666666668, 0.9958333333333332)",1,99.10833333333318,6331
"(0.9875, 0.9958333333333332)",2,99.10416666666671,6333
"(0.9916666666666668, 0.9958333333333332)",1,99.10416666666669,6334
"(0.9791666666666666, 0.9958333333333332)",1,99.10416666666666,6335
"(0.95, 0.9958333333333332)",2,99.1041666666666,6337
"(0.9833333333333332, 0.9958333333333332)",2,99.1041666666666,6339
"(0.9833333333333332, 0.9958333333333332)",1,99.1041666666666,6340
"(0.9791666666666666, 0.9958333333333332)",1,99.10416666666656,6341
"(0.9833333333333332, 0.9958333333333332)",2,99.10000000000004,6343
"(0.9791666666666666, 0.9958333333333332)",1,99.10000000000004,6344
"(1.0, 0.9833333333333332)",1,99.10000000000004,6345
"(0.9333333333333332, 0.9833333333333332)",2,99.10000000000004,6347
"(0.9166666666666666, 1.0)",3,99.10000000000002,6350
"(0.8666666666666667, 1.0)",2,99.10000000000002,6352
"(1.0, 1.0)",1,99.10000000000002,6353
"(0.9666666666666668, 1.0)",2,99.10000000000002,6355
"(0.75, 0.9833333333333332)",1,99.10000000000002,6356
"(0.9333333333333332, 1.0)",2,99.10000000000002,6358
"(0.9666666666666668, 0.9833333333333332)",1,99.10000000000002,6359
"(0.7333333333333333, 0.9833333333333332)",1,99.10000000000002,6360
"(0.9708333333333332, 0.9958333333333332)",2,99.10000000000002,6362
"(0.8166666666666667, 1.0)",1,99.10000000000002,6363
"(0.9166666666666666, 0.9833333333333332)",2,99.10000000000002,6365
"(0.95, 1.0)",2,99.1,6367
"(0.9791666666666666, 0.9958333333333332)",2,99.1,6369
"(0.9, 1.0)",2,99.1,6371
"(0.9833333333333332, 1.0)",8,99.1,6379
"(0.8666666666666667, 1.0)",2,99.1,6381
"(0.7, 1.0)",1,99.1,6382
"(0.9791666666666666, 0.9958333333333332)",1,99.1,6383
"(0.8, 1.0)",2,99.1,6385
"(0.7, 1.0)",1,99.1,6386
"(0.95, 1.0)",2,99.1,6388
"(0.7666666666666667, 1.0)",1,99.1,6389
"(0.8166666666666667, 1.0)",3,99.1,6392
"(0.85, 1.0)",3,99.1,6395
"(1.0, 1.0)",2,99.1,6397
"(0.9833333333333332, 1.0)",1,99.1,6398
"(0.7833333333333333, 1.0)",1,99.1,6399
"(0.7166666666666667, 1.0)",1,99.1,6400
"(0.75, 1.0)",1,99.1,6401
"(0.8833333333333333, 1.0)",8,99.1,6409
"(0.8333333333333334, 1.0)",4,99.1,6413
"(0.9166666666666666, 1.0)",1,99.1,6414
"(0.7333333333333333, 1.0)",4,99.1,6418
"(0.9166666666666666, 1.0)",1,99.1,6419
"(0.9666666666666668, 1.0)",6,99.1,6425
"(0.75, 1.0)",1,99.1,6426
"(0.8333333333333334, 1.0)",1,99.1,6427
"(0.7333333333333333, 1.0)",3,99.1,6430
"(0.9583333333333334, 1.0)",1,99.09722222222224,6431
"(0.9305555555555556, 1.0)",1,99.09722222222224,6432
"(0.7777777777777778, 0.9861111111111112)",1,99.09722222222224,6433
"(0.8333333333333334, 1.0)",1,99.09722222222224,6434
"(0.8194444444444444, 1.0)",1,99.09722222222224,6435
"(0.9916666666666668, 0.9958333333333332)",1,99.09583333333336,6436
"(0.975, 1.0)",1,99.09583333333336,6437
"(0.9875, 0.9958333333333332)",1,99.09583333333327,6438
"(0.9791666666666666, 0.9958333333333332)",1,99.09583333333327,6439
"(0.975, 0.9958333333333332)",1,99.09583333333326,6440
"(0.975, 0.9958333333333332)",1,99.0916666666667,6441
"(0.9791666666666666, 0.9958333333333332)",1,99.0916666666667,6442
"(0.9458333333333332, 0.9958333333333332)",1,99.0916666666667,6443
"(0.9875, 0.9916666666666668)",1,99.0916666666666,6444
"(0.975, 0.9958333333333332)",1,99.09166666666658,6445
"(0.975, 0.9958333333333332)",2,99.08750000000003,6447
"(0.9791666666666666, 0.9958333333333332)",1,99.08750000000003,6448
"(0.9833333333333332, 0.9958333333333332)",1,99.08750000000003,6449
"(0.9583333333333334, 0.9958333333333332)",2,99.08750000000002,6451
"(0.9916666666666668, 0.9958333333333332)",1,99.0875,6452
"(0.9458333333333332, 0.9958333333333332)",1,99.0875,6453
"(0.95, 0.9958333333333332)",1,99.08749999999996,6454
"(0.9875, 0.9958333333333332)",3,99.08749999999992,6457
"(0.9875, 0.9958333333333332)",1,99.08749999999988,6458
"(0.975, 0.9958333333333332)",1,99.0833333333334,6459
"(0.7083333333333334, 1.0)",1,99.08333333333336,6460
"(0.9333333333333332, 1.0)",3,99.08333333333336,6463
"(0.8333333333333334, 1.0)",1,99.08333333333336,6464
"(0.975, 0.9958333333333332)",2,99.08333333333336,6466
"(0.9166666666666666, 1.0)",4,99.08333333333336,6470
"(1.0, 1.0)",2,99.08333333333336,6472
"(0.7333333333333333, 1.0)",1,99.08333333333336,6473
"(1.0, 1.0)",2,99.08333333333336,6475
"(0.85, 1.0)",1,99.08333333333336,6476
"(0.8833333333333333, 0.9833333333333332)",1,99.08333333333336,6477
"(0.9, 1.0)",1,99.08333333333336,6478
"(0.8333333333333334, 0.9833333333333332)",4,99.08333333333336,6482
"(0.9875, 0.9958333333333332)",1,99.08333333333336,6483
"(0.9166666666666666, 1.0)",1,99.08333333333336,6484
"(0.9666666666666668, 1.0)",1,99.08333333333336,6485
"(0.8166666666666667, 1.0)",1,99.08333333333334,6486
"(0.85, 1.0)",1,99.08333333333334,6487
"(1.0, 1.0)",1,99.08333333333334,6488
"(0.7166666666666667, 1.0)",2,99.08333333333334,6490
"(0.7333333333333333, 1.0)",1,99.08333333333334,6491
"(0.7666666666666667, 1.0)",2,99.08333333333334,6493
"(0.875, 1.0)",1,99.08333333333334,6494
"(0.6666666666666666, 1.0)",2,99.08333333333334,6496
"(0.9, 1.0)",4,99.08333333333334,6500
"(0.9333333333333332, 1.0)",5,99.08333333333334,6505
"(0.8666666666666667, 1.0)",5,99.08333333333334,6510
"(0.7, 1.0)",1,99.08333333333334,6511
"(0.8333333333333334, 1.0)",1,99.08333333333334,6512
"(0.8833333333333333, 1.0)",7,99.08333333333334,6519
"(0.9666666666666668, 1.0)",1,99.08333333333334,6520
"(0.8, 1.0)",2,99.08333333333334,6522
"(0.9166666666666666, 1.0)",5,99.08333333333334,6527
"(1.0, 1.0)",4,99.08333333333331,6531
"(0.8666666666666667, 1.0)",4,99.08333333333331,6535
"(0.7, 1.0)",1,99.08333333333331,6536
"(0.75, 1.0)",1,99.08333333333331,6537
"(0.8166666666666667, 1.0)",3,99.08333333333331,6540
"(0.5666666666666667, 1.0)",1,99.08333333333331,6541
"(0.85, 1.0)",4,99.08333333333331,6545
"(0.6666666666666666, 1.0)",1,99.08333333333331,6546
"(0.9958333333333332, 0.9958333333333332)",1,99.08333333333331,6547
"(0.95, 1.0)",2,99.08333333333331,6549
"(0.9333333333333332, 1.0)",1,99.08333333333331,6550
"(0.9166666666666666, 1.0)",3,99.08333333333331,6553
"(0.7333333333333333, 1.0)",1,99.08333333333331,6554
"(0.9833333333333332, 1.0)",5,99.08333333333331,6559
"(0.7166666666666667, 1.0)",1,99.08333333333331,6560
"(0.7083333333333334, 1.0)",2,99.08333333333331,6562
"(0.8833333333333333, 1.0)",1,99.08333333333331,6563
"(0.9666666666666668, 1.0)",1,99.08333333333331,6564
"(0.975, 0.9958333333333332)",1,99.08333333333329,6565
"(0.9791666666666666, 0.9958333333333332)",1,99.08333333333326,6566
"(0.9791666666666666, 0.9958333333333332)",2,99.08333333333324,6568
"(0.9583333333333334, 0.9916666666666668)",1,99.07916666666672,6569
"(0.9583333333333334, 0.9958333333333332)",1,99.0791666666667,6570
"(0.9708333333333332, 0.9958333333333332)",1,99.07916666666664,6571
"(0.9791666666666666, 0.9958333333333332)",1,99.07916666666664,6572
"(0.9833333333333332, 0.9958333333333332)",1,99.07500000000007,6573
"(0.9875, 0.9958333333333332)",1,99.07500000000005,6574
"(0.9791666666666666, 0.9958333333333332)",1,99.075,6575
"(0.975, 0.9958333333333332)",2,99.07499999999996,6577
"(0.9791666666666666, 0.9958333333333332)",1,99.07499999999996,6578
"(0.9875, 0.9958333333333332)",1,99.07499999999992,6579
"(0.95, 0.9958333333333332)",1,99.0749999999999,6580
"(0.975, 0.9958333333333332)",1,99.0708333333334,6581
"(0.9875, 0.9916666666666668)",1,99.07083333333335,6582
"(0.9791666666666666, 0.9958333333333332)",1,99.07083333333328,6583
"(0.9875, 0.9958333333333332)",2,99.07083333333328,6585
"(0.9305555555555556, 1.0)",1,99.06944444444444,6586
"(0.9166666666666666, 1.0)",2,99.06944444444444,6588
"(0.9875, 0.9958333333333332)",3,99.06666666666672,6591
"(0.9791666666666666, 0.9958333333333332)",2,99.0666666666667,6593
"(0.9333333333333332, 1.0)",1,99.0666666666667,6594
"(0.8833333333333333, 1.0)",1,99.0666666666667,6595
"(0.9333333333333332, 0.9833333333333332)",1,99.0666666666667,6596
"(0.9666666666666668, 1.0)",1,99.06666666666668,6597
"(0.9333333333333332, 1.0)",3,99.06666666666668,6600
"(0.8333333333333334, 1.0)",2,99.06666666666668,6602
"(0.9, 1.0)",3,99.06666666666668,6605
"(0.9, 1.0)",1,99.06666666666668,6606
"(0.8166666666666667, 1.0)",1,99.06666666666668,6607
"(0.95, 1.0)",2,99.06666666666668,6609
"(0.8666666666666667, 1.0)",2,99.06666666666668,6611
"(0.7166666666666667, 1.0)",1,99.06666666666668,6612
"(0.8666666666666667, 0.9833333333333332)",1,99.06666666666668,6613
"(0.7833333333333333, 1.0)",1,99.06666666666668,6614
"(0.95, 1.0)",1,99.06666666666668,6615
"(0.9666666666666668, 1.0)",1,99.06666666666668,6616
"(0.8333333333333334, 1.0)",2,99.06666666666668,6618
"(0.8166666666666667, 1.0)",1,99.06666666666668,6619
"(0.8833333333333333, 1.0)",3,99.06666666666668,6622
"(0.75, 1.0)",1,99.06666666666668,6623
"(0.9166666666666666, 1.0)",1,99.06666666666668,6624
"(0.7666666666666667, 1.0)",2,99.06666666666668,6626
"(0.975, 0.9958333333333332)",1,99.06666666666668,6627
"(0.9833333333333332, 1.0)",2,99.06666666666666,6629
"(0.8833333333333333, 1.0)",1,99.06666666666666,6630
"(0.8166666666666667, 1.0)",2,99.06666666666666,6632
"(0.8333333333333334, 1.0)",1,99.06666666666666,6633
"(1.0, 1.0)",8,99.06666666666666,6641
"(0.9333333333333332, 1.0)",2,99.06666666666666,6643
"(0.7833333333333333, 1.0)",4,99.06666666666666,6647
"(0.7166666666666667, 1.0)",2,99.06666666666666,6649
"(0.5666666666666667, 1.0)",1,99.06666666666666,6650
"(0.7333333333333333, 1.0)",3,99.06666666666666,6653
"(0.6833333333333333, 1.0)",3,99.06666666666666,6656
"(0.85, 1.0)",1,99.06666666666666,6657
"(0.95, 1.0)",2,99.06666666666666,6659
"(0.75, 1.0)",2,99.06666666666666,6661
"(0.9666666666666668, 1.0)",7,99.06666666666666,6668
"(0.7, 1.0)",2,99.06666666666666,6670
"(0.8, 1.0)",1,99.06666666666666,6671
"(0.9166666666666666, 1.0)",1,99.06666666666666,6672
"(0.7666666666666667, 1.0)",2,99.06666666666666,6674
"(0.8666666666666667, 1.0)",3,99.06666666666666,6677
"(0.9541666666666668, 0.9958333333333332)",1,99.06666666666658,6678
"(0.9875, 0.9958333333333332)",1,99.06250000000009,6679
"(0.9583333333333334, 0.9958333333333332)",2,99.0625,6681
"(0.9875, 0.9958333333333332)",1,99.0625,6682
"(0.9833333333333332, 1.0)",1,99.0625,6683
"(0.975, 0.9958333333333332)",1,99.06249999999996,6684
"(0.9958333333333332, 0.9958333333333332)",1,99.06249999999991,6685
"(0.975, 0.9958333333333332)",1,99.05833333333338,6686
"(0.9791666666666666, 0.9958333333333332)",1,99.05833333333337,6687
"(0.9833333333333332, 0.9916666666666668)",1,99.05833333333337,6688
"(0.9583333333333334, 0.9958333333333332)",1,99.05833333333332,6689
"(0.9833333333333332, 0.9958333333333332)",1,99.0583333333333,6690
"(0.8194444444444444, 1.0)",1,99.05555555555556,6691
"(0.9027777777777778, 1.0)",1,99.05555555555556,6692
"(0.7777777777777778, 1.0)",1,99.05555555555556,6693
"(0.975, 0.9958333333333332)",1,99.0541666666667,6694
"(0.9625, 0.9958333333333332)",1,99.0541666666667,6695
"(0.9833333333333332, 0.9958333333333332)",1,99.05416666666667,6696
"(0.9791666666666666, 0.9916666666666668)",1,99.05416666666667,6697
"(0.9625, 0.9958333333333332)",1,99.0541666666666,6698
"(0.9875, 0.9958333333333332)",1,99.05416666666648,6699
"(0.975, 0.9958333333333332)",1,99.05000000000008,6700
"(0.8333333333333334, 1.0)",4,99.05000000000004,6704
"(0.9333333333333332, 0.9833333333333332)",2,99.05000000000004,6706
"(0.9458333333333332, 0.9958333333333332)",2,99.05000000000004,6708
"(0.9916666666666668, 0.9958333333333332)",2,99.05000000000004,6710
"(0.9166666666666666, 1.0)",3,99.05000000000004,6713
"(0.9875, 0.9958333333333332)",2,99.05000000000004,6715
"(0.9666666666666668, 1.0)",1,99.05000000000004,6716
"(0.9708333333333332, 0.9958333333333332)",1,99.05000000000004,6717
"(0.8666666666666667, 1.0)",1,99.05000000000004,6718
"(0.8833333333333333, 1.0)",1,99.05000000000004,6719
"(0.85, 1.0)",1,99.05000000000004,6720
"(1.0, 1.0)",2,99.05000000000004,6722
"(0.95, 0.9833333333333332)",1,99.05000000000004,6723
"(0.8, 1.0)",1,99.05000000000004,6724
"(0.9, 1.0)",2,99.05,6726
"(0.8666666666666667, 1.0)",3,99.05,6729
"(0.7833333333333333, 1.0)",4,99.05,6733
"(1.0, 1.0)",4,99.05,6737
"(0.8166666666666667, 1.0)",2,99.05,6739
"(1.0, 1.0)",1,99.05,6740
"(0.8166666666666667, 1.0)",2,99.05,6742
"(0.6666666666666666, 1.0)",1,99.05,6743
"(0.6833333333333333, 1.0)",1,99.05,6744
"(0.85, 1.0)",1,99.05,6745
"(0.95, 1.0)",1,99.05,6746
"(0.75, 1.0)",1,99.05,6747
"(0.9666666666666668, 1.0)",3,99.05,6750
"(0.6, 1.0)",1,99.05,6751
"(0.9833333333333332, 1.0)",5,99.05,6756
"(0.9166666666666666, 1.0)",1,99.05,6757
"(0.7666666666666667, 1.0)",1,99.05,6758
"(0.9166666666666666, 1.0)",1,99.05,6759
"(0.8833333333333333, 1.0)",3,99.05,6762
"(0.8, 1.0)",1,99.05,6763
"(0.7166666666666667, 1.0)",1,99.05,6764
"(0.6833333333333333, 1.0)",1,99.05,6765
"(0.9, 1.0)",2,99.05,6767
"(0.9833333333333332, 1.0)",1,99.05,6768
"(0.8666666666666667, 1.0)",2,99.05,6770
"(0.8333333333333334, 1.0)",1,99.05,6771
"(0.9333333333333332, 1.0)",4,99.05,6775
"(0.9791666666666666, 0.9916666666666668)",2,99.04999999999994,6777
"(0.9791666666666666, 0.9958333333333332)",1,99.04999999999994,6778
"(0.9791666666666666, 0.9958333333333332)",1,99.04999999999993,6779
"(0.9625, 0.9958333333333332)",1,99.04583333333338,6780
"(0.9875, 0.9916666666666668)",1,99.04583333333332,6781
"(0.9791666666666666, 0.9958333333333332)",2,99.0458333333333,6783
"(0.9875, 0.9958333333333332)",2,99.04166666666674,6785
"(0.8194444444444444, 1.0)",2,99.04166666666669,6787
"(0.75, 0.9861111111111112)",1,99.04166666666669,6788
"(0.8611111111111112, 1.0)",1,99.04166666666666,6789
"(0.9791666666666666, 0.9958333333333332)",2,99.04166666666666,6791
"(0.9027777777777778, 1.0)",1,99.04166666666666,6792
"(0.8194444444444444, 1.0)",3,99.04166666666666,6795
"(0.9958333333333332, 0.9958333333333332)",1,99.04166666666664,6796
"(0.975, 0.9958333333333332)",1,99.04166666666664,6797
"(0.9833333333333332, 0.9958333333333332)",1,99.0375000000001,6798
"(0.9916666666666668, 0.9958333333333332)",1,99.03750000000008,6799
"(0.9875, 0.9958333333333332)",1,99.03750000000004,6800
"(0.9916666666666668, 0.9958333333333332)",1,99.03333333333342,6801
"(0.7666666666666667, 1.0)",2,99.03333333333336,6803
"(0.8333333333333334, 1.0)",3,99.03333333333336,6806
"(0.75, 1.0)",1,99.03333333333336,6807
"(0.8666666666666667, 1.0)",2,99.03333333333336,6809
"(0.9833333333333332, 1.0)",1,99.03333333333336,6810
"(1.0, 0.9833333333333332)",3,99.03333333333336,6813
"(0.6666666666666666, 0.9833333333333332)",1,99.03333333333336,6814
"(0.8166666666666667, 1.0)",1,99.03333333333336,6815
"(0.8166666666666667, 0.9833333333333332)",1,99.03333333333336,6816
"(1.0, 1.0)",1,99.03333333333336,6817
"(0.9166666666666666, 1.0)",2,99.03333333333336,6819
"(0.7333333333333333, 1.0)",1,99.03333333333336,6820
"(0.9333333333333332, 1.0)",1,99.03333333333336,6821
"(0.7666666666666667, 1.0)",1,99.03333333333336,6822
"(0.8333333333333334, 0.9833333333333332)",3,99.03333333333336,6825
"(0.9, 1.0)",2,99.03333333333332,6827
"(0.7333333333333333, 1.0)",4,99.03333333333332,6831
"(0.9166666666666666, 1.0)",3,99.03333333333332,6834
"(0.8833333333333333, 1.0)",3,99.03333333333332,6837
"(0.6666666666666666, 1.0)",1,99.03333333333332,6838
"(0.9333333333333332, 1.0)",3,99.03333333333332,6841
"(1.0, 1.0)",3,99.03333333333332,6844
"(0.7, 1.0)",4,99.03333333333332,6848
"(0.9666666666666668, 1.0)",6,99.03333333333332,6854
"(0.95, 1.0)",3,99.03333333333332,6857
"(0.7166666666666667, 1.0)",1,99.03333333333332,6858
"(0.8, 1.0)",5,99.03333333333332,6863
"(0.8666666666666667, 1.0)",3,99.03333333333332,6866
"(0.975, 0.9916666666666668)",2,99.0333333333333,6868
"(0.975, 0.9958333333333332)",2,99.0333333333333,6870
"(0.9541666666666668, 0.9958333333333332)",2,99.03333333333327,6872
"(0.9583333333333334, 0.9958333333333332)",1,99.03333333333327,6873
"(0.975, 0.9958333333333332)",1,99.03333333333325,6874
"(0.9458333333333332, 0.9958333333333332)",1,99.0291666666667,6875
"(0.9708333333333332, 0.9958333333333332)",1,99.02916666666664,6876
"(0.7638888888888888, 1.0)",1,99.0277777777778,6877
"(0.8333333333333334, 1.0)",2,99.0277777777778,6879
"(0.7777777777777778, 1.0)",1,99.02777777777776,6880
"(0.8611111111111112, 1.0)",1,99.02777777777776,6881
"(0.7638888888888888, 1.0)",1,99.02777777777776,6882
"(0.8472222222222222, 0.9861111111111112)",1,99.02777777777776,6883
"(0.9791666666666666, 0.9958333333333332)",1,99.02500000000008,6884
"(0.9916666666666668, 0.9958333333333332)",1,99.02500000000006,6885
"(0.9833333333333332, 0.9916666666666668)",1,99.02500000000003,6886
"(0.9833333333333332, 0.9958333333333332)",1,99.02500000000003,6887
"(0.9916666666666668, 0.9958333333333332)",1,99.02499999999992,6888
"(0.9791666666666666, 0.9958333333333332)",1,99.02499999999988,6889
"(0.9958333333333332, 1.0)",1,99.02083333333334,6890
"(0.9833333333333332, 0.9916666666666668)",1,99.02083333333324,6891
"(0.9458333333333332, 0.9958333333333332)",1,99.02083333333324,6892
"(0.975, 0.9958333333333332)",1,99.0208333333332,6893
"(0.7333333333333333, 1.0)",4,99.0166666666667,6897
"(0.9333333333333332, 1.0)",3,99.0166666666667,6900
"(0.9, 1.0)",1,99.0166666666667,6901
"(0.8833333333333333, 1.0)",1,99.0166666666667,6902
"(0.8666666666666667, 1.0)",1,99.0166666666667,6903
"(0.8333333333333334, 1.0)",1,99.0166666666667,6904
"(0.8, 0.9833333333333332)",1,99.0166666666667,6905
"(0.8666666666666667, 1.0)",1,99.01666666666668,6906
"(0.8666666666666667, 1.0)",1,99.01666666666668,6907
"(0.9166666666666666, 1.0)",1,99.01666666666668,6908
"(0.8166666666666667, 1.0)",1,99.01666666666668,6909
"(0.85, 1.0)",8,99.01666666666668,6917
"(0.95, 1.0)",2,99.01666666666668,6919
"(0.8333333333333334, 1.0)",3,99.01666666666668,6922
"(0.9166666666666666, 1.0)",4,99.01666666666668,6926
"(0.8, 1.0)",3,99.01666666666668,6929
"(0.8166666666666667, 1.0)",1,99.01666666666668,6930
"(0.8333333333333334, 1.0)",1,99.01666666666668,6931
"(1.0, 1.0)",6,99.01666666666668,6937
"(0.9333333333333332, 1.0)",2,99.01666666666668,6939
"(0.7333333333333333, 1.0)",1,99.01666666666668,6940
"(0.9333333333333332, 1.0)",2,99.01666666666668,6942
"(0.75, 1.0)",2,99.01666666666668,6944
"(0.8833333333333333, 1.0)",5,99.01666666666668,6949
"(0.9666666666666668, 1.0)",2,99.01666666666668,6951
"(0.7166666666666667, 1.0)",1,99.01666666666668,6952
"(0.9, 1.0)",5,99.01666666666668,6957
"(0.9833333333333332, 1.0)",3,99.01666666666668,6960
"(0.9833333333333332, 1.0)",1,99.01666666666668,6961
"(0.7, 1.0)",2,99.01666666666668,6963
"(0.85, 1.0)",1,99.01666666666668,6964
"(0.9, 1.0)",1,99.01666666666668,6965
"(0.9833333333333332, 0.9958333333333332)",1,99.01666666666664,6966
"(0.9875, 0.9958333333333332)",1,99.01666666666664,6967
"(0.9027777777777778, 1.0)",1,99.01388888888891,6968
"(0.7777777777777778, 1.0)",1,99.01388888888889,6969
"(0.9833333333333332, 0.9958333333333332)",1,99.01250000000007,6970
"(0.9833333333333332, 0.9958333333333332)",1,99.01250000000006,6971
"(0.9791666666666666, 0.9958333333333332)",1,99.01250000000005,6972
"(0.9791666666666666, 0.9958333333333332)",1,99.0124999999999,6973
"(0.9625, 0.9958333333333332)",1,99.00833333333335,6974
"(0.9625, 0.9958333333333332)",1,99.00833333333334,6975
"(0.9833333333333332, 0.9958333333333332)",2,99.00833333333333,6977
"(0.9708333333333332, 0.9916666666666668)",1,99.00833333333333,6978
"(0.9875, 0.9916666666666668)",1,99.00833333333328,6979
"(0.95, 0.9875)",1,99.00833333333316,6980
"(0.9833333333333332, 0.9958333333333332)",1,99.0041666666667,6981
"(0.9583333333333334, 0.9958333333333332)",1,99.00416666666666,6982
"(0.8, 1.0)",1,99.00000000000004,6983
"(0.9166666666666666, 1.0)",4,99.00000000000004,6987
"(0.7166666666666667, 1.0)",1,99.00000000000004,6988
"(0.8666666666666667, 1.0)",1,99.00000000000004,6989
"(0.8333333333333334, 0.9833333333333332)",1,99.00000000000004,6990
"(0.9333333333333332, 1.0)",1,99.00000000000004,6991
"(0.9166666666666666, 1.0)",1,99.00000000000004,6992
"(0.9666666666666668, 0.9833333333333332)",1,99.00000000000004,6993
"(0.9, 0.9833333333333332)",1,99.00000000000004,6994
"(0.8333333333333334, 1.0)",1,99.00000000000004,6995
"(0.9333333333333332, 0.9666666666666668)",1,99.00000000000004,6996
"(0.9166666666666666, 1.0)",7,99.0,7003
"(0.9666666666666668, 1.0)",2,99.0,7005
"(0.9333333333333332, 1.0)",1,99.0,7006
"(0.8333333333333334, 1.0)",3,99.0,7009
"(0.9333333333333332, 1.0)",1,99.0,7010
"(0.95, 1.0)",1,99.0,7011
"(0.85, 1.0)",3,99.0,7014
"(0.8833333333333333, 1.0)",1,99.0,7015
"(0.8833333333333333, 1.0)",3,99.0,7018
"(0.7666666666666667, 1.0)",1,99.0,7019
"(0.8166666666666667, 1.0)",4,99.0,7023
"(1.0, 1.0)",9,99.0,7032
"(0.8166666666666667, 1.0)",3,99.0,7035
"(0.8666666666666667, 1.0)",5,99.0,7040
"(0.8666666666666667, 1.0)",4,99.0,7044
"(0.9833333333333332, 1.0)",2,99.0,7046
"(0.7166666666666667, 1.0)",1,99.0,7047
"(0.95, 1.0)",3,99.0,7050
"(0.7833333333333333, 1.0)",1,99.0,7051
"(0.85, 1.0)",6,99.0,7057
"(0.9, 1.0)",1,99.0,7058
"(0.9, 1.0)",2,99.0,7060
"(0.6666666666666666, 1.0)",2,99.0,7062
"(0.7333333333333333, 1.0)",1,99.0,7063
"(0.8333333333333334, 0.9833333333333332)",1,99.0,7064
"(0.7, 1.0)",2,99.0,7066
"(0.6666666666666666, 1.0)",1,99.0,7067
"(0.9833333333333332, 1.0)",2,99.0,7069
"(0.9305555555555556, 0.9861111111111112)",2,99.0,7071
"(0.8, 1.0)",3,99.0,7074
"(0.8, 1.0)",1,99.0,7075
"(0.9416666666666668, 0.9958333333333332)",1,98.99999999999996,7076
"(0.9583333333333334, 0.9958333333333332)",1,98.99999999999994,7077
"(0.95, 0.9958333333333332)",1,98.99999999999991,7078
"(0.9625, 0.9958333333333332)",1,98.9958333333334,7079
"(0.9791666666666666, 0.9958333333333332)",1,98.99583333333334,7080
"(0.9791666666666666, 0.9958333333333332)",2,98.99583333333328,7082
"(0.9708333333333332, 0.9958333333333332)",1,98.99166666666672,7083
"(0.9833333333333332, 0.9958333333333332)",1,98.99166666666666,7084
"(0.9708333333333332, 0.9916666666666668)",2,98.99166666666665,7086
"(0.9708333333333332, 0.9958333333333332)",1,98.99166666666665,7087
"(0.9916666666666668, 0.9958333333333332)",1,98.98750000000008,7088
"(0.9875, 0.9958333333333332)",1,98.9875,7089
"(0.9791666666666666, 0.9958333333333332)",1,98.9875,7090
"(0.9416666666666668, 0.9958333333333332)",1,98.98749999999993,7091
"(0.9305555555555556, 1.0)",1,98.98611111111114,7092
"(0.9444444444444444, 1.0)",1,98.98611111111111,7093
"(0.7777777777777778, 1.0)",1,98.98611111111111,7094
"(0.7083333333333334, 1.0)",2,98.98611111111111,7096
"(0.9166666666666666, 0.9666666666666668)",1,98.98333333333338,7097
"(0.9333333333333332, 1.0)",2,98.98333333333338,7099
"(0.9666666666666668, 1.0)",3,98.98333333333336,7102
"(0.9166666666666666, 0.9833333333333332)",1,98.98333333333336,7103
"(0.8166666666666667, 1.0)",1,98.98333333333336,7104
"(0.75, 1.0)",1,98.98333333333336,7105
"(0.8, 0.9833333333333332)",1,98.98333333333336,7106
"(0.8, 1.0)",2,98.98333333333336,7108
"(0.9166666666666666, 1.0)",1,98.98333333333336,7109
"(0.8666666666666667, 1.0)",2,98.98333333333336,7111
"(0.8333333333333334, 0.9833333333333332)",2,98.98333333333336,7113
"(0.8833333333333333, 1.0)",2,98.98333333333336,7115
"(0.95, 1.0)",1,98.98333333333336,7116
"(0.9333333333333332, 1.0)",2,98.98333333333336,7118
"(0.7166666666666667, 1.0)",2,98.98333333333336,7120
"(0.9666666666666668, 1.0)",1,98.98333333333336,7121
"(0.7333333333333333, 0.9833333333333332)",1,98.98333333333336,7122
"(0.8833333333333333, 0.9833333333333332)",1,98.98333333333336,7123
"(0.6666666666666666, 0.9833333333333332)",1,98.98333333333336,7124
"(0.8833333333333333, 1.0)",6,98.98333333333332,7130
"(0.9583333333333334, 0.9958333333333332)",2,98.98333333333332,7132
"(0.9333333333333332, 1.0)",4,98.98333333333332,7136
"(0.7166666666666667, 1.0)",2,98.98333333333332,7138
"(0.8333333333333334, 1.0)",1,98.98333333333332,7139
"(0.7166666666666667, 1.0)",2,98.98333333333332,7141
"(0.8666666666666667, 1.0)",6,98.98333333333332,7147
"(0.8166666666666667, 1.0)",3,98.98333333333332,7150
"(0.9166666666666666, 1.0)",1,98.98333333333332,7151
"(0.7333333333333333, 1.0)",1,98.98333333333332,7152
"(0.7, 1.0)",1,98.98333333333332,7153
"(0.9833333333333332, 1.0)",4,98.98333333333332,7157
"(0.7833333333333333, 1.0)",2,98.98333333333332,7159
"(0.85, 1.0)",2,98.98333333333332,7161
"(0.9666666666666668, 1.0)",1,98.98333333333332,7162
"(0.8, 1.0)",2,98.98333333333332,7164
"(0.9541666666666668, 0.9958333333333332)",1,98.98333333333332,7165
"(1.0, 1.0)",16,98.98333333333332,7181
"(0.9791666666666666, 0.9958333333333332)",2,98.98333333333328,7183
"(0.9791666666666666, 0.9958333333333332)",2,98.98333333333323,7185
"(0.975, 0.9958333333333332)",1,98.98333333333323,7186
"(0.9833333333333332, 0.9958333333333332)",1,98.9833333333332,7187
"(0.9791666666666666, 0.9875)",1,98.9833333333331,7188
"(0.975, 0.9958333333333332)",1,98.97916666666669,7189
"(0.9708333333333332, 0.9958333333333332)",1,98.97916666666664,7190
"(0.9791666666666666, 0.9958333333333332)",1,98.97916666666656,7191
"(0.9875, 0.9916666666666668)",1,98.97916666666652,7192
"(0.9791666666666666, 0.9875)",1,98.97916666666652,7193
"(0.9875, 0.9958333333333332)",1,98.97916666666649,7194
"(0.9625, 0.9958333333333332)",1,98.97500000000008,7195
"(0.9875, 0.9958333333333332)",1,98.97500000000004,7196
"(0.9541666666666668, 0.9958333333333332)",1,98.975,7197
"(0.9708333333333332, 0.9958333333333332)",1,98.97499999999992,7198
"(0.9791666666666666, 0.9916666666666668)",1,98.9749999999999,7199
"(0.9444444444444444, 1.0)",1,98.97222222222226,7200
"(0.9583333333333334, 1.0)",1,98.97222222222226,7201
"(0.75, 1.0)",1,98.97222222222224,7202
"(0.9027777777777778, 0.9861111111111112)",1,98.97222222222224,7203
"(0.9166666666666666, 1.0)",1,98.97222222222224,7204
"(0.9027777777777778, 1.0)",3,98.97222222222224,7207
"(0.9305555555555556, 1.0)",1,98.97222222222224,7208
"(0.8611111111111112, 1.0)",4,98.9722222222222,7212
"(0.9791666666666666, 0.9958333333333332)",1,98.97083333333345,7213
"(0.8, 1.0)",1,98.9666666666667,7214
"(0.8833333333333333, 1.0)",1,98.9666666666667,7215
"(0.9166666666666666, 0.9833333333333332)",1,98.9666666666667,7216
"(0.95, 1.0)",1,98.9666666666667,7217
"(0.7666666666666667, 1.0)",1,98.9666666666667,7218
"(0.9, 0.9833333333333332)",1,98.9666666666667,7219
"(0.7166666666666667, 1.0)",1,98.9666666666667,7220
"(0.6833333333333333, 1.0)",1,98.96666666666668,7221
"(0.9333333333333332, 1.0)",1,98.96666666666668,7222
"(0.95, 1.0)",7,98.96666666666668,7229
"(0.8833333333333333, 1.0)",1,98.96666666666668,7230
"(1.0, 1.0)",8,98.96666666666668,7238
"(0.9, 1.0)",2,98.96666666666668,7240
"(0.85, 1.0)",7,98.96666666666668,7247
"(0.7833333333333333, 1.0)",1,98.96666666666668,7248
"(0.9833333333333332, 1.0)",4,98.96666666666668,7252
"(1.0, 1.0)",1,98.96666666666668,7253
"(0.9333333333333332, 1.0)",1,98.96666666666668,7254
"(0.7666666666666667, 1.0)",1,98.96666666666668,7255
"(0.9666666666666668, 1.0)",1,98.96666666666668,7256
"(0.8333333333333334, 1.0)",1,98.96666666666668,7257
"(0.8666666666666667, 1.0)",2,98.96666666666668,7259
"(0.8333333333333334, 1.0)",2,98.96666666666668,7261
"(0.8666666666666667, 0.9833333333333332)",2,98.96666666666668,7263
"(0.8333333333333334, 0.9833333333333332)",2,98.96666666666668,7265
"(0.9166666666666666, 0.9833333333333332)",1,98.96666666666668,7266
"(0.8166666666666667, 1.0)",4,98.96666666666668,7270
"(0.9166666666666666, 1.0)",6,98.96666666666668,7276
"(0.7666666666666667, 1.0)",1,98.96666666666668,7277
"(0.75, 1.0)",1,98.96666666666668,7278
"(0.7333333333333333, 1.0)",2,98.96666666666668,7280
"(0.9, 1.0)",2,98.96666666666668,7282
"(0.8, 1.0)",1,98.96666666666668,7283
"(0.8, 1.0)",3,98.96666666666668,7286
"(0.9583333333333334, 0.9958333333333332)",1,98.96666666666664,7287
"(0.9791666666666666, 0.9958333333333332)",2,98.96666666666658,7289
"(0.9875, 0.9958333333333332)",1,98.96666666666658,7290
"(0.9916666666666668, 0.9958333333333332)",1,98.96250000000008,7291
"(0.9708333333333332, 0.9958333333333332)",1,98.96250000000002,7292
"(0.9458333333333332, 0.9916666666666668)",1,98.96249999999972,7293
"(0.9708333333333332, 0.9958333333333332)",1,98.95833333333344,7294
"(0.8888888888888888, 0.9861111111111112)",1,98.95833333333334,7295
"(0.8194444444444444, 1.0)",1,98.95833333333331,7296
"(0.75, 1.0)",1,98.95833333333331,7297
"(0.9305555555555556, 1.0)",3,98.95833333333331,7300
"(0.6944444444444444, 1.0)",1,98.95833333333331,7301
"(0.9027777777777778, 1.0)",1,98.95833333333331,7302
"(0.9791666666666666, 0.9958333333333332)",1,98.95833333333329,7303
"(0.9791666666666666, 0.9916666666666668)",1,98.95833333333326,7304
"(0.975, 0.9958333333333332)",2,98.95416666666662,7306
"(0.975, 0.9958333333333332)",1,98.9541666666666,7307
"(0.9875, 0.9916666666666668)",1,98.9541666666664,7308
"(0.9333333333333332, 1.0)",3,98.95000000000005,7311
"(0.8166666666666667, 0.9833333333333332)",1,98.95000000000005,7312
"(0.8, 1.0)",2,98.95000000000005,7314
"(0.7333333333333333, 1.0)",1,98.95000000000005,7315
"(0.9166666666666666, 0.9833333333333332)",2,98.95000000000005,7317
"(0.8333333333333334, 1.0)",1,98.95000000000005,7318
"(0.95, 1.0)",1,98.95000000000005,7319
"(0.9, 0.9833333333333332)",1,98.95000000000005,7320
"(0.9333333333333332, 0.9833333333333332)",2,98.95000000000005,7322
"(0.8833333333333333, 0.9833333333333332)",1,98.95000000000002,7323
"(0.8333333333333334, 1.0)",1,98.95000000000002,7324
"(0.8833333333333333, 1.0)",1,98.95000000000002,7325
"(0.8666666666666667, 1.0)",2,98.95000000000002,7327
"(0.9833333333333332, 1.0)",1,98.95000000000002,7328
"(0.8166666666666667, 1.0)",1,98.95000000000002,7329
"(0.85, 1.0)",2,98.95000000000002,7331
"(0.7166666666666667, 1.0)",1,98.95000000000002,7332
"(0.7833333333333333, 1.0)",1,98.95000000000002,7333
"(0.9166666666666666, 1.0)",1,98.95000000000002,7334
"(0.75, 1.0)",1,98.95,7335
"(0.6833333333333333, 1.0)",2,98.95,7337
"(0.8666666666666667, 1.0)",6,98.95,7343
"(0.7166666666666667, 1.0)",1,98.95,7344
"(0.6666666666666666, 1.0)",1,98.95,7345
"(0.7333333333333333, 1.0)",1,98.95,7346
"(0.8166666666666667, 1.0)",3,98.95,7349
"(0.8833333333333333, 1.0)",2,98.95,7351
"(0.8333333333333334, 1.0)",8,98.95,7359
"(0.8, 1.0)",1,98.95,7360
"(0.8, 1.0)",1,98.95,7361
"(0.9333333333333332, 1.0)",1,98.95,7362
"(0.85, 1.0)",5,98.95,7367
"(0.9833333333333332, 1.0)",5,98.95,7372
"(0.9166666666666666, 1.0)",1,98.95,7373
"(0.7, 1.0)",2,98.95,7375
"(1.0, 1.0)",1,98.95,7376
"(0.9666666666666668, 1.0)",1,98.95,7377
"(0.7833333333333333, 1.0)",2,98.95,7379
"(0.7666666666666667, 1.0)",4,98.95,7383
"(0.9, 1.0)",2,98.95,7385
"(1.0, 1.0)",2,98.95,7387
"(0.7666666666666667, 1.0)",1,98.95,7388
"(0.9, 1.0)",1,98.95,7389
"(0.8666666666666667, 1.0)",1,98.95,7390
"(0.975, 0.9958333333333332)",2,98.94999999999996,7392
"(0.9375, 0.9916666666666668)",1,98.9499999999999,7393
"(0.9791666666666666, 0.9958333333333332)",1,98.94583333333334,7394
"(0.9583333333333334, 0.9958333333333332)",1,98.94583333333328,7395
"(0.7777777777777778, 1.0)",1,98.94444444444449,7396
"(0.8333333333333334, 1.0)",1,98.94444444444446,7397
"(0.8194444444444444, 1.0)",2,98.94444444444444,7399
"(0.9444444444444444, 1.0)",2,98.94444444444444,7401
"(0.7777777777777778, 1.0)",1,98.94444444444444,7402
"(0.8611111111111112, 1.0)",1,98.94444444444444,7403
"(0.8333333333333334, 1.0)",2,98.94444444444444,7405
"(0.9305555555555556, 1.0)",1,98.94444444444444,7406
"(0.9583333333333334, 0.9958333333333332)",1,98.94166666666672,7407
"(0.975, 0.9958333333333332)",1,98.9416666666667,7408
"(0.95, 0.9958333333333332)",1,98.94166666666663,7409
"(0.975, 0.9958333333333332)",1,98.94166666666658,7410
"(0.9833333333333332, 0.9958333333333332)",2,98.94166666666658,7412
"(0.9791666666666666, 0.9958333333333332)",1,98.94166666666656,7413
"(0.9166666666666666, 1.0)",2,98.93333333333337,7415
"(0.8833333333333333, 1.0)",2,98.93333333333337,7417
"(1.0, 0.9833333333333332)",1,98.93333333333337,7418
"(0.8333333333333334, 1.0)",1,98.93333333333337,7419
"(0.7333333333333333, 1.0)",1,98.93333333333337,7420
"(0.9333333333333332, 1.0)",1,98.93333333333337,7421
"(0.9666666666666668, 1.0)",2,98.93333333333337,7423
"(0.9666666666666668, 0.9666666666666668)",2,98.93333333333337,7425
"(0.9166666666666666, 0.9833333333333332)",1,98.93333333333337,7426
"(0.9, 1.0)",1,98.93333333333337,7427
"(0.8666666666666667, 1.0)",3,98.93333333333337,7430
"(0.8833333333333333, 1.0)",1,98.93333333333337,7431
"(0.75, 1.0)",2,98.93333333333337,7433
"(1.0, 1.0)",2,98.93333333333337,7435
"(0.8333333333333334, 0.9833333333333332)",1,98.93333333333337,7436
"(0.7833333333333333, 1.0)",1,98.93333333333337,7437
"(0.8833333333333333, 1.0)",4,98.93333333333334,7441
"(0.9333333333333332, 1.0)",2,98.93333333333334,7443
"(0.85, 1.0)",3,98.93333333333334,7446
"(1.0, 1.0)",6,98.93333333333334,7452
"(0.9833333333333332, 1.0)",5,98.93333333333334,7457
"(0.9166666666666666, 1.0)",2,98.93333333333334,7459
"(0.95, 1.0)",5,98.93333333333334,7464
"(0.8166666666666667, 1.0)",5,98.93333333333334,7469
"(0.8, 1.0)",1,98.93333333333334,7470
"(0.8333333333333334, 1.0)",1,98.93333333333334,7471
"(0.8666666666666667, 1.0)",8,98.93333333333334,7479
"(0.7666666666666667, 1.0)",2,98.93333333333334,7481
"(0.6833333333333333, 1.0)",1,98.93333333333334,7482
"(0.7166666666666667, 1.0)",1,98.93333333333334,7483
"(0.75, 1.0)",6,98.93333333333334,7489
"(0.9666666666666668, 1.0)",2,98.93333333333334,7491
"(0.9, 1.0)",3,98.93333333333334,7494
"(0.7333333333333333, 1.0)",2,98.93333333333334,7496
"(0.8666666666666667, 1.0)",1,98.93333333333332,7497
"(0.9708333333333332, 0.9958333333333332)",1,98.93333333333328,7498
"(0.9875, 0.9958333333333332)",2,98.93333333333324,7500
"(0.9833333333333332, 0.9916666666666668)",1,98.93333333333318,7501
"(0.9444444444444444, 1.0)",1,98.9305555555556,7502
"(0.9027777777777778, 1.0)",2,98.93055555555556,7504
"(0.7361111111111112, 1.0)",1,98.93055555555556,7505
"(0.8333333333333334, 1.0)",7,98.93055555555556,7512
"(0.9305555555555556, 1.0)",2,98.93055555555556,7514
"(0.8472222222222222, 1.0)",1,98.93055555555556,7515
"(0.7222222222222222, 1.0)",1,98.93055555555556,7516
"(0.8194444444444444, 1.0)",1,98.93055555555556,7517
"(0.9166666666666666, 1.0)",2,98.93055555555556,7519
"(0.9916666666666668, 0.9958333333333332)",1,98.92916666666666,7520
"(0.9541666666666668, 0.9958333333333332)",1,98.92916666666665,7521
"(0.9833333333333332, 0.9958333333333332)",1,98.92916666666662,7522
"(0.975, 0.9958333333333332)",1,98.925,7523
"(0.9625, 0.9958333333333332)",1,98.92499999999995,7524
"(0.9625, 0.9958333333333332)",2,98.92499999999994,7526
"(0.9791666666666666, 0.9958333333333332)",1,98.92499999999994,7527
"(0.975, 0.9958333333333332)",2,98.92083333333336,7529
"(0.9625, 0.9958333333333332)",1,98.92083333333332,7530
"(0.9708333333333332, 0.9958333333333332)",2,98.92083333333332,7532
"(0.9458333333333332, 0.9958333333333332)",1,98.92083333333328,7533
"(0.975, 0.9958333333333332)",2,98.92083333333323,7535
"(0.9833333333333332, 0.9916666666666668)",1,98.92083333333322,7536
"(0.9833333333333332, 0.9958333333333332)",1,98.9208333333331,7537
"(0.8333333333333334, 1.0)",1,98.91666666666674,7538
"(1.0, 0.9833333333333332)",1,98.91666666666671,7539
"(0.8666666666666667, 0.9833333333333332)",1,98.9166666666667,7540
"(0.9333333333333332, 0.9833333333333332)",1,98.9166666666667,7541
"(0.9, 0.9666666666666668)",1,98.9166666666667,7542
"(0.9333333333333332, 1.0)",1,98.9166666666667,7543
"(0.9625, 0.9916666666666668)",1,98.9166666666667,7544
"(0.8833333333333333, 1.0)",2,98.9166666666667,7546
"(0.6666666666666666, 1.0)",1,98.91666666666669,7547
"(0.8, 1.0)",2,98.91666666666669,7549
"(0.8833333333333333, 1.0)",2,98.91666666666669,7551
"(0.9166666666666666, 1.0)",1,98.91666666666669,7552
"(0.9333333333333332, 1.0)",2,98.91666666666669,7554
"(0.7166666666666667, 1.0)",1,98.91666666666669,7555
"(0.9, 1.0)",1,98.91666666666669,7556
"(0.9444444444444444, 1.0)",1,98.91666666666669,7557
"(0.9833333333333332, 0.9958333333333332)",1,98.91666666666669,7558
"(0.7666666666666667, 1.0)",3,98.91666666666669,7561
"(0.9333333333333332, 1.0)",2,98.91666666666669,7563
"(1.0, 1.0)",4,98.91666666666669,7567
"(0.9166666666666666, 1.0)",1,98.91666666666669,7568
"(0.9666666666666668, 1.0)",3,98.91666666666669,7571
"(0.8666666666666667, 1.0)",3,98.91666666666669,7574
"(0.8333333333333334, 1.0)",1,98.91666666666669,7575
"(0.9027777777777778, 1.0)",2,98.91666666666669,7577
"(0.9833333333333332, 1.0)",1,98.91666666666669,7578
"(0.95, 1.0)",2,98.91666666666669,7580
"(0.7833333333333333, 1.0)",1,98.91666666666669,7581
"(0.8666666666666667, 1.0)",3,98.91666666666669,7584
"(0.8833333333333333, 1.0)",1,98.91666666666669,7585
"(0.9, 1.0)",3,98.91666666666669,7588
"(0.95, 1.0)",1,98.91666666666669,7589
"(0.75, 1.0)",2,98.91666666666669,7591
"(0.8333333333333334, 1.0)",1,98.91666666666666,7592
"(0.6833333333333333, 1.0)",1,98.91666666666666,7593
"(0.85, 1.0)",2,98.91666666666666,7595
"(0.9, 1.0)",3,98.91666666666666,7598
"(0.8833333333333333, 1.0)",4,98.91666666666666,7602
"(0.75, 1.0)",3,98.91666666666666,7605
"(0.9833333333333332, 1.0)",1,98.91666666666666,7606
"(0.7777777777777778, 1.0)",1,98.91666666666666,7607
"(0.9166666666666666, 1.0)",3,98.91666666666666,7610
"(0.8666666666666667, 1.0)",1,98.91666666666666,7611
"(0.6666666666666666, 1.0)",1,98.91666666666666,7612
"(0.8, 1.0)",2,98.91666666666666,7614
"(0.9625, 0.9958333333333332)",1,98.9166666666666,7615
"(0.9791666666666666, 0.9875)",1,98.9166666666666,7616
"(0.9625, 0.9958333333333332)",2,98.9125000000001,7618
"(0.9875, 0.9958333333333332)",1,98.9125,7619
"(0.9833333333333332, 0.9916666666666668)",1,98.9124999999998,7620
"(0.9625, 0.9958333333333332)",1,98.9083333333334,7621
"(0.9791666666666666, 0.9958333333333332)",2,98.90833333333325,7623
"(0.9, 0.9958333333333332)",1,98.90833333333322,7624
"(0.9875, 0.9958333333333332)",1,98.90416666666655,7625
"(0.9166666666666666, 1.0)",1,98.9027777777778,7626
"(0.9305555555555556, 1.0)",2,98.9027777777778,7628
"(0.9027777777777778, 1.0)",2,98.90277777777776,7630
"(0.8472222222222222, 1.0)",1,98.90277777777776,7631
"(1.0, 1.0)",1,98.90000000000003,7632
"(0.9333333333333332, 1.0)",1,98.90000000000003,7633
"(0.9625, 0.9958333333333332)",1,98.90000000000003,7634
"(0.8833333333333333, 1.0)",1,98.90000000000003,7635
"(0.9, 1.0)",1,98.90000000000003,7636
"(0.9666666666666668, 0.9958333333333332)",1,98.90000000000003,7637
"(0.6666666666666666, 1.0)",1,98.90000000000003,7638
"(0.7666666666666667, 0.9833333333333332)",1,98.90000000000003,7639
"(0.7166666666666667, 0.9833333333333332)",1,98.90000000000003,7640
"(0.8333333333333334, 1.0)",1,98.90000000000003,7641
"(0.9666666666666668, 1.0)",1,98.90000000000002,7642
"(0.8166666666666667, 1.0)",2,98.90000000000002,7644
"(0.7666666666666667, 1.0)",1,98.90000000000002,7645
"(0.8666666666666667, 1.0)",1,98.90000000000002,7646
"(1.0, 1.0)",1,98.90000000000002,7647
"(0.7166666666666667, 1.0)",4,98.90000000000002,7651
"(0.9166666666666666, 1.0)",1,98.90000000000002,7652
"(0.85, 1.0)",2,98.90000000000002,7654
"(0.75, 1.0)",2,98.90000000000002,7656
"(0.85, 1.0)",2,98.9,7658
"(0.8166666666666667, 1.0)",2,98.9,7660
"(0.6833333333333333, 1.0)",4,98.9,7664
"(0.8, 1.0)",3,98.9,7667
"(0.9166666666666666, 1.0)",2,98.9,7669
"(1.0, 1.0)",8,98.9,7677
"(0.95, 1.0)",1,98.9,7678
"(0.8833333333333333, 1.0)",2,98.9,7680
"(0.75, 1.0)",1,98.9,7681
"(0.7833333333333333, 1.0)",1,98.9,7682
"(0.9833333333333332, 1.0)",4,98.9,7686
"(0.8666666666666667, 1.0)",2,98.9,7688
"(0.9333333333333332, 1.0)",3,98.9,7691
"(0.8333333333333334, 1.0)",2,98.9,7693
"(0.9208333333333332, 0.9916666666666668)",1,98.89583333333331,7694
"(0.9791666666666666, 0.9958333333333332)",1,98.8958333333333,7695
"(0.9875, 0.9958333333333332)",2,98.89583333333329,7697
"(0.9875, 0.9958333333333332)",1,98.89166666666672,7698
"(0.9458333333333332, 0.9958333333333332)",1,98.89166666666662,7699
"(0.95, 0.9958333333333332)",1,98.89166666666658,7700
"(0.9625, 0.9958333333333332)",1,98.89166666666658,7701
"(0.9833333333333332, 0.9958333333333332)",1,98.89166666666658,7702
"(0.75, 1.0)",1,98.8888888888889,7703
"(0.8194444444444444, 1.0)",1,98.88888888888889,7704
"(0.9027777777777778, 1.0)",1,98.88888888888889,7705
"(0.8333333333333334, 1.0)",1,98.88888888888889,7706
"(0.8472222222222222, 1.0)",1,98.88888888888889,7707
"(0.9166666666666666, 1.0)",1,98.88888888888889,7708
"(0.9875, 0.9958333333333332)",1,98.88749999999992,7709
"(0.975, 0.9958333333333332)",1,98.88749999999992,7710
"(0.975, 0.9958333333333332)",1,98.8874999999999,7711
"(0.95, 1.0)",1,98.88333333333338,7712
"(0.75, 1.0)",1,98.88333333333335,7713
"(0.8333333333333334, 1.0)",3,98.88333333333335,7716
"(0.8166666666666667, 1.0)",1,98.88333333333335,7717
"(0.7666666666666667, 0.9666666666666668)",1,98.88333333333335,7718
"(1.0, 1.0)",1,98.88333333333335,7719
"(0.8833333333333333, 0.9833333333333332)",1,98.88333333333335,7720
"(0.9166666666666666, 0.9833333333333332)",3,98.88333333333335,7723
"(1.0, 0.9666666666666668)",2,98.88333333333335,7725
"(0.75, 0.9833333333333332)",1,98.88333333333335,7726
"(0.8, 1.0)",2,98.88333333333335,7728
"(0.9, 0.9833333333333332)",1,98.88333333333335,7729
"(0.85, 1.0)",1,98.88333333333335,7730
"(0.7666666666666667, 1.0)",1,98.88333333333335,7731
"(0.9666666666666668, 1.0)",1,98.88333333333335,7732
"(0.9333333333333332, 1.0)",1,98.88333333333334,7733
"(0.8666666666666667, 1.0)",2,98.88333333333334,7735
"(0.9166666666666666, 1.0)",1,98.88333333333334,7736
"(0.85, 1.0)",2,98.88333333333334,7738
"(0.95, 1.0)",2,98.88333333333334,7740
"(0.6666666666666666, 1.0)",1,98.88333333333334,7741
"(0.8333333333333334, 1.0)",1,98.88333333333334,7742
"(0.8333333333333334, 1.0)",3,98.88333333333333,7745
"(0.7666666666666667, 1.0)",2,98.88333333333333,7747
"(1.0, 1.0)",6,98.88333333333333,7753
"(0.8833333333333333, 1.0)",2,98.88333333333333,7755
"(0.7833333333333333, 1.0)",1,98.88333333333333,7756
"(0.9833333333333332, 0.9958333333333332)",1,98.88333333333333,7757
"(0.8666666666666667, 1.0)",3,98.88333333333333,7760
"(0.9666666666666668, 1.0)",3,98.88333333333333,7763
"(0.9333333333333332, 1.0)",1,98.88333333333333,7764
"(0.9541666666666668, 0.9958333333333332)",2,98.88333333333333,7766
"(0.85, 1.0)",2,98.88333333333333,7768
"(0.9833333333333332, 1.0)",2,98.88333333333333,7770
"(0.8166666666666667, 1.0)",1,98.88333333333333,7771
"(0.9625, 0.9958333333333332)",2,98.88333333333328,7773
"(0.95, 0.9875)",1,98.87916666666666,7774
"(0.9875, 0.9958333333333332)",1,98.87500000000004,7775
"(0.8194444444444444, 1.0)",1,98.875,7776
"(0.7083333333333334, 1.0)",1,98.875,7777
"(0.8333333333333334, 0.9861111111111112)",1,98.875,7778
"(0.8611111111111112, 1.0)",1,98.875,7779
"(0.9791666666666666, 0.9958333333333332)",1,98.87499999999994,7780
"(0.975, 0.9958333333333332)",1,98.87499999999991,7781
"(0.9708333333333332, 0.9958333333333332)",1,98.87083333333337,7782
"(0.9875, 0.9958333333333332)",1,98.87083333333337,7783
"(0.975, 0.9958333333333332)",1,98.86666666666672,7784
"(1.0, 1.0)",1,98.86666666666672,7785
"(1.0, 0.9833333333333332)",1,98.86666666666672,7786
"(1.0, 1.0)",1,98.8666666666667,7787
"(0.95, 1.0)",2,98.8666666666667,7789
"(0.9333333333333332, 0.9833333333333332)",2,98.8666666666667,7791
"(0.9166666666666666, 1.0)",1,98.8666666666667,7792
"(0.9708333333333332, 0.9958333333333332)",1,98.8666666666667,7793
"(0.8666666666666667, 1.0)",1,98.8666666666667,7794
"(0.9, 1.0)",2,98.86666666666667,7796
"(1.0, 1.0)",3,98.86666666666667,7799
"(0.8166666666666667, 1.0)",1,98.86666666666667,7800
"(0.9166666666666666, 1.0)",4,98.86666666666667,7804
"(0.6, 1.0)",1,98.86666666666667,7805
"(0.7333333333333333, 1.0)",4,98.86666666666667,7809
"(0.9, 1.0)",4,98.86666666666667,7813
"(0.9833333333333332, 1.0)",3,98.86666666666667,7816
"(0.8833333333333333, 1.0)",1,98.86666666666667,7817
"(0.9166666666666666, 1.0)",1,98.86666666666667,7818
"(0.8666666666666667, 1.0)",1,98.86666666666667,7819
"(0.9666666666666668, 1.0)",9,98.86666666666667,7828
"(0.8833333333333333, 0.9833333333333332)",1,98.86666666666667,7829
"(0.85, 1.0)",1,98.86666666666667,7830
"(0.8333333333333334, 1.0)",2,98.86666666666667,7832
"(0.95, 1.0)",4,98.86666666666667,7836
"(0.7833333333333333, 1.0)",2,98.86666666666667,7838
"(0.6833333333333333, 1.0)",1,98.86666666666667,7839
"(0.75, 1.0)",2,98.86666666666667,7841
"(0.8833333333333333, 1.0)",2,98.86666666666667,7843
"(0.9333333333333332, 1.0)",1,98.86666666666667,7844
"(0.85, 1.0)",1,98.86666666666667,7845
"(1.0, 1.0)",3,98.86666666666666,7848
"(0.8, 1.0)",1,98.86666666666666,7849
"(0.9166666666666666, 1.0)",2,98.86666666666666,7851
"(0.9666666666666668, 0.9958333333333332)",1,98.86666666666666,7852
"(0.9666666666666668, 1.0)",2,98.86666666666666,7854
"(0.9791666666666666, 0.9916666666666668)",1,98.86666666666665,7855
"(0.9791666666666666, 0.9958333333333332)",1,98.86666666666665,7856
"(0.9875, 0.9958333333333332)",1,98.86249999999995,7857
"(0.975, 0.9958333333333332)",1,98.86249999999988,7858
"(0.8333333333333334, 1.0)",1,98.86111111111111,7859
"(0.8472222222222222, 1.0)",3,98.86111111111111,7862
"(0.9027777777777778, 1.0)",2,98.86111111111111,7864
"(0.9305555555555556, 1.0)",1,98.86111111111111,7865
"(0.8611111111111112, 0.9861111111111112)",1,98.86111111111111,7866
"(0.9166666666666666, 1.0)",1,98.86111111111111,7867
"(0.975, 0.9958333333333332)",1,98.85833333333336,7868
"(0.9208333333333332, 0.9958333333333332)",2,98.85833333333332,7870
"(0.9291666666666668, 0.9958333333333332)",1,98.85833333333326,7871
"(0.9875, 0.9916666666666668)",1,98.85833333333322,7872
"(0.975, 0.9875)",1,98.85833333333318,7873
"(0.9875, 0.9958333333333332)",1,98.85416666666666,7874
"(0.9875, 0.9958333333333332)",1,98.85416666666664,7875
"(0.9875, 0.9958333333333332)",1,98.8541666666666,7876
"(0.975, 0.9958333333333332)",1,98.8541666666666,7877
"(0.8333333333333334, 1.0)",1,98.85000000000004,7878
"(0.9, 1.0)",2,98.85000000000002,7880
"(0.9333333333333332, 0.9833333333333332)",2,98.85000000000002,7882
"(0.8166666666666667, 1.0)",1,98.85000000000002,7883
"(0.9833333333333332, 1.0)",1,98.85000000000002,7884
"(0.8166666666666667, 0.9833333333333332)",1,98.85000000000002,7885
"(0.8333333333333334, 1.0)",2,98.85000000000002,7887
"(0.8666666666666667, 1.0)",1,98.85000000000002,7888
"(0.9166666666666666, 1.0)",1,98.85000000000002,7889
"(0.9333333333333332, 1.0)",4,98.85000000000002,7893
"(0.95, 1.0)",2,98.85000000000002,7895
"(0.75, 0.9833333333333332)",1,98.85000000000002,7896
"(0.7833333333333333, 1.0)",3,98.85,7899
"(0.9333333333333332, 1.0)",1,98.85,7900
"(0.9666666666666668, 1.0)",1,98.85,7901
"(0.8333333333333334, 1.0)",3,98.85,7904
"(0.9, 1.0)",2,98.85,7906
"(0.9, 1.0)",3,98.85,7909
"(0.8666666666666667, 1.0)",4,98.85,7913
"(0.9666666666666668, 1.0)",1,98.85,7914
"(0.6833333333333333, 1.0)",2,98.85,7916
"(0.8666666666666667, 1.0)",1,98.85,7917
"(0.9166666666666666, 1.0)",2,98.85,7919
"(0.9333333333333332, 1.0)",2,98.85,7921
"(0.7833333333333333, 1.0)",1,98.85,7922
"(0.75, 1.0)",1,98.85,7923
"(0.7666666666666667, 1.0)",2,98.85,7925
"(0.8166666666666667, 1.0)",1,98.85,7926
"(1.0, 1.0)",5,98.85,7931
"(0.7166666666666667, 1.0)",1,98.85,7932
"(0.8333333333333334, 1.0)",2,98.85,7934
"(0.8, 1.0)",2,98.85,7936
"(0.9791666666666666, 0.9958333333333332)",1,98.84999999999998,7937
"(0.9875, 0.9958333333333332)",2,98.84999999999997,7939
"(0.9708333333333332, 0.9958333333333332)",2,98.84999999999997,7941
"(0.975, 0.9958333333333332)",1,98.8499999999999,7942
"(0.9583333333333334, 0.9916666666666668)",1,98.84999999999977,7943
"(0.75, 1.0)",1,98.8472222222223,7944
"(0.9305555555555556, 1.0)",1,98.84722222222226,7945
"(0.7638888888888888, 1.0)",2,98.84722222222224,7947
"(0.9444444444444444, 1.0)",1,98.84722222222224,7948
"(0.7777777777777778, 1.0)",1,98.84722222222224,7949
"(0.8611111111111112, 1.0)",1,98.84722222222224,7950
"(0.8472222222222222, 1.0)",1,98.8472222222222,7951
"(0.975, 0.9958333333333332)",1,98.84583333333336,7952
"(0.9708333333333332, 0.9958333333333332)",1,98.8416666666667,7953
"(0.975, 0.9958333333333332)",1,98.84166666666664,7954
"(0.9708333333333332, 0.9958333333333332)",1,98.83750000000008,7955
"(0.9875, 0.9958333333333332)",1,98.83750000000008,7956
"(0.95, 0.9916666666666668)",1,98.83750000000002,7957
"(0.9791666666666666, 0.9958333333333332)",2,98.8374999999999,7959
"(0.9333333333333332, 0.9833333333333332)",1,98.8333333333334,7960
"(0.8194444444444444, 0.9861111111111112)",1,98.8333333333334,7961
"(0.8166666666666667, 0.9833333333333332)",1,98.83333333333336,7962
"(0.9, 1.0)",1,98.83333333333336,7963
"(0.9166666666666666, 0.9833333333333332)",1,98.83333333333336,7964
"(0.7166666666666667, 1.0)",1,98.83333333333336,7965
"(0.8333333333333334, 1.0)",1,98.83333333333336,7966
"(0.8, 1.0)",1,98.83333333333336,7967
"(0.75, 1.0)",1,98.83333333333336,7968
"(0.8166666666666667, 1.0)",1,98.83333333333336,7969
"(0.7166666666666667, 0.9833333333333332)",1,98.83333333333336,7970
"(0.9166666666666666, 1.0)",1,98.83333333333336,7971
"(0.8666666666666667, 1.0)",1,98.83333333333336,7972
"(0.7666666666666667, 1.0)",2,98.83333333333334,7974
"(0.7333333333333333, 1.0)",1,98.83333333333334,7975
"(0.8194444444444444, 0.9861111111111112)",1,98.83333333333334,7976
"(0.8666666666666667, 1.0)",2,98.83333333333334,7978
"(0.7083333333333334, 1.0)",1,98.83333333333334,7979
"(0.95, 1.0)",3,98.83333333333334,7982
"(0.9, 1.0)",2,98.83333333333334,7984
"(0.8888888888888888, 1.0)",1,98.83333333333334,7985
"(0.8333333333333334, 1.0)",2,98.83333333333334,7987
"(0.9166666666666666, 1.0)",2,98.83333333333334,7989
"(0.8472222222222222, 0.9861111111111112)",2,98.83333333333334,7991
"(0.8166666666666667, 1.0)",1,98.83333333333334,7992
"(0.8833333333333333, 1.0)",1,98.83333333333334,7993
"(0.9166666666666666, 0.9861111111111112)",1,98.83333333333334,7994
"(0.8, 1.0)",2,98.83333333333334,7996
"(0.9333333333333332, 1.0)",2,98.83333333333334,7998
"(0.9625, 0.9958333333333332)",1,98.83333333333331,7999
"(0.85, 1.0)",1,98.83333333333331,8000
"(0.8833333333333333, 1.0)",6,98.83333333333331,8006
"(0.8666666666666667, 1.0)",1,98.83333333333331,8007
"(0.7333333333333333, 1.0)",3,98.83333333333331,8010
"(1.0, 1.0)",3,98.83333333333331,8013
"(0.9444444444444444, 1.0)",1,98.83333333333331,8014
"(0.7, 1.0)",1,98.83333333333331,8015
"(0.9333333333333332, 1.0)",2,98.83333333333331,8017
"(0.8333333333333334, 1.0)",2,98.83333333333331,8019
"(0.9583333333333334, 1.0)",2,98.83333333333331,8021
"(0.9833333333333332, 1.0)",2,98.83333333333331,8023
"(0.7777777777777778, 1.0)",2,98.83333333333331,8025
"(0.9, 1.0)",1,98.83333333333331,8026
"(0.9666666666666668, 0.9958333333333332)",1,98.83333333333331,8027
"(0.975, 0.9958333333333332)",1,98.8333333333332,8028
"(0.9833333333333332, 0.9958333333333332)",1,98.82916666666678,8029
"(0.9833333333333332, 0.9958333333333332)",1,98.82916666666657,8030
"(0.9791666666666666, 0.9958333333333332)",1,98.825,8031
"(0.9208333333333332, 0.9958333333333332)",2,98.82083333333334,8033
"(0.7777777777777778, 1.0)",1,98.81944444444446,8034
"(0.9305555555555556, 0.9861111111111112)",1,98.81944444444444,8035
"(0.75, 1.0)",1,98.81944444444444,8036
"(0.9333333333333332, 0.9833333333333332)",1,98.81666666666672,8037
"(0.95, 0.9958333333333332)",1,98.81666666666672,8038
"(0.8333333333333334, 0.9833333333333332)",1,98.8166666666667,8039
"(0.9666666666666668, 0.9833333333333332)",1,98.8166666666667,8040
"(0.7666666666666667, 1.0)",1,98.8166666666667,8041
"(0.8333333333333334, 1.0)",2,98.8166666666667,8043
"(0.9166666666666666, 1.0)",1,98.8166666666667,8044
"(1.0, 1.0)",1,98.81666666666668,8045
"(0.8833333333333333, 1.0)",2,98.81666666666668,8047
"(0.9166666666666666, 1.0)",1,98.81666666666668,8048
"(0.9833333333333332, 1.0)",1,98.81666666666668,8049
"(0.9333333333333332, 1.0)",4,98.81666666666668,8053
"(0.9166666666666666, 1.0)",3,98.81666666666668,8056
"(0.8333333333333334, 1.0)",3,98.81666666666668,8059
"(0.7666666666666667, 1.0)",1,98.81666666666668,8060
"(0.8833333333333333, 1.0)",2,98.81666666666668,8062
"(0.8666666666666667, 1.0)",1,98.81666666666668,8063
"(0.8333333333333334, 1.0)",4,98.81666666666668,8067
"(0.9833333333333332, 1.0)",1,98.81666666666668,8068
"(0.8666666666666667, 1.0)",1,98.81666666666668,8069
"(0.9, 1.0)",1,98.81666666666668,8070
"(0.9166666666666666, 0.9833333333333332)",1,98.81666666666668,8071
"(0.7333333333333333, 1.0)",1,98.81666666666668,8072
"(0.9333333333333332, 1.0)",1,98.81666666666668,8073
"(0.9, 0.9833333333333332)",2,98.81666666666668,8075
"(0.7166666666666667, 1.0)",1,98.81666666666666,8076
"(0.9, 1.0)",3,98.81666666666666,8079
"(0.85, 1.0)",2,98.81666666666666,8081
"(0.8666666666666667, 1.0)",1,98.81666666666666,8082
"(0.9833333333333332, 1.0)",4,98.81666666666666,8086
"(0.8333333333333334, 1.0)",1,98.81666666666666,8087
"(0.9666666666666668, 1.0)",4,98.81666666666666,8091
"(0.9333333333333332, 1.0)",1,98.81666666666666,8092
"(1.0, 1.0)",3,98.81666666666666,8095
"(0.8, 1.0)",5,98.81666666666666,8100
"(0.8833333333333333, 1.0)",2,98.81666666666666,8102
"(0.9916666666666668, 0.9958333333333332)",1,98.8166666666666,8103
"(0.975, 0.9958333333333332)",1,98.81666666666658,8104
"(0.9375, 0.9916666666666668)",1,98.81666666666656,8105
"(0.975, 0.9958333333333332)",1,98.81250000000009,8106
"(0.9791666666666666, 0.9958333333333332)",1,98.81250000000004,8107
"(0.975, 0.9958333333333332)",1,98.8125,8108
"(0.9791666666666666, 0.9916666666666668)",1,98.81249999999994,8109
"(0.9875, 0.9958333333333332)",1,98.81249999999976,8110
"(0.9166666666666666, 0.9958333333333332)",1,98.80833333333328,8111
"(0.9666666666666668, 0.9958333333333332)",2,98.80833333333328,8113
"(0.9875, 0.9708333333333332)",1,98.80833333333322,8114
"(0.6527777777777778, 1.0)",1,98.80555555555556,8115
"(0.8888888888888888, 1.0)",1,98.80555555555556,8116
"(0.9833333333333332, 0.9958333333333332)",1,98.80416666666667,8117
"(0.975, 0.9958333333333332)",2,98.80416666666656,8119
"(0.9375, 0.9958333333333332)",1,98.80416666666652,8120
"(0.8333333333333334, 0.9833333333333332)",1,98.80000000000004,8121
"(1.0, 0.9666666666666668)",1,98.80000000000004,8122
"(0.7666666666666667, 1.0)",1,98.80000000000004,8123
"(0.9333333333333332, 1.0)",1,98.80000000000004,8124
"(0.8833333333333333, 1.0)",1,98.80000000000004,8125
"(0.9, 1.0)",2,98.80000000000004,8127
"(0.8666666666666667, 1.0)",2,98.80000000000004,8129
"(0.9, 1.0)",1,98.80000000000004,8130
"(0.8333333333333334, 1.0)",1,98.8,8131
"(0.8, 1.0)",1,98.8,8132
"(0.8333333333333334, 1.0)",1,98.8,8133
"(0.9833333333333332, 1.0)",1,98.8,8134
"(0.9166666666666666, 1.0)",2,98.8,8136
"(0.95, 1.0)",4,98.8,8140
"(0.95, 1.0)",1,98.8,8141
"(0.85, 1.0)",1,98.8,8142
"(0.5833333333333334, 1.0)",1,98.8,8143
"(0.8833333333333333, 1.0)",8,98.8,8151
"(0.8666666666666667, 1.0)",3,98.8,8154
"(0.9333333333333332, 1.0)",1,98.8,8155
"(0.8833333333333333, 1.0)",1,98.8,8156
"(0.9916666666666668, 0.9916666666666668)",1,98.8,8157
"(0.9333333333333332, 1.0)",2,98.8,8159
"(0.9, 1.0)",3,98.8,8162
"(0.9666666666666668, 1.0)",1,98.8,8163
"(1.0, 1.0)",3,98.8,8166
"(0.8666666666666667, 1.0)",4,98.8,8170
"(0.7166666666666667, 1.0)",1,98.8,8171
"(0.8166666666666667, 1.0)",1,98.8,8172
"(1.0, 1.0)",1,98.8,8173
"(0.9166666666666666, 1.0)",1,98.8,8174
"(0.9291666666666668, 0.9958333333333332)",1,98.79999999999986,8175
"(0.9375, 0.9958333333333332)",1,98.79583333333332,8176
"(0.9458333333333332, 0.9958333333333332)",1,98.7958333333332,8177
"(0.9027777777777778, 1.0)",1,98.79166666666669,8178
"(0.9305555555555556, 1.0)",1,98.79166666666669,8179
"(0.8611111111111112, 1.0)",2,98.79166666666669,8181
"(0.8194444444444444, 1.0)",1,98.79166666666669,8182
"(0.8194444444444444, 1.0)",1,98.79166666666666,8183
"(0.9875, 0.9958333333333332)",1,98.79166666666664,8184
"(0.9625, 0.9958333333333332)",1,98.7875,8185
"(0.9208333333333332, 0.9958333333333332)",1,98.78749999999997,8186
"(0.9875, 0.9916666666666668)",1,98.78749999999992,8187
"(0.9791666666666666, 0.9916666666666668)",1,98.7874999999999,8188
"(1.0, 0.9833333333333332)",2,98.7833333333334,8190
"(1.0, 1.0)",1,98.78333333333336,8191
"(0.9, 0.9833333333333332)",1,98.78333333333336,8192
"(1.0, 1.0)",2,98.78333333333336,8194
"(0.8166666666666667, 0.9833333333333332)",2,98.78333333333336,8196
"(0.8666666666666667, 0.9833333333333332)",2,98.78333333333336,8198
"(0.7666666666666667, 0.9833333333333332)",1,98.78333333333336,8199
"(1.0, 0.9666666666666668)",1,98.78333333333336,8200
"(0.9, 1.0)",1,98.78333333333336,8201
"(0.9166666666666666, 1.0)",1,98.78333333333336,8202
"(0.85, 1.0)",1,98.78333333333336,8203
"(0.8833333333333333, 1.0)",1,98.78333333333336,8204
"(0.8333333333333334, 1.0)",2,98.78333333333336,8206
"(0.9, 0.9666666666666668)",1,98.78333333333336,8207
"(0.9666666666666668, 1.0)",1,98.78333333333336,8208
"(0.95, 1.0)",1,98.78333333333336,8209
"(0.7666666666666667, 1.0)",3,98.78333333333336,8212
"(0.9, 1.0)",1,98.78333333333336,8213
"(0.7833333333333333, 1.0)",1,98.78333333333336,8214
"(0.9833333333333332, 1.0)",1,98.78333333333336,8215
"(0.9, 1.0)",1,98.78333333333332,8216
"(0.9666666666666668, 1.0)",1,98.78333333333332,8217
"(0.6666666666666666, 1.0)",1,98.78333333333332,8218
"(0.9166666666666666, 1.0)",1,98.78333333333332,8219
"(1.0, 1.0)",4,98.78333333333332,8223
"(0.85, 1.0)",3,98.78333333333332,8226
"(0.9333333333333332, 1.0)",2,98.78333333333332,8228
"(0.8666666666666667, 1.0)",3,98.78333333333332,8231
"(0.7333333333333333, 1.0)",1,98.78333333333332,8232
"(0.9833333333333332, 1.0)",3,98.78333333333332,8235
"(0.8833333333333333, 1.0)",2,98.78333333333332,8237
"(0.95, 1.0)",4,98.78333333333332,8241
"(0.7666666666666667, 1.0)",2,98.78333333333332,8243
"(0.9875, 0.9916666666666668)",1,98.78333333333326,8244
"(0.9458333333333332, 0.9958333333333332)",2,98.78333333333325,8246
"(0.975, 0.9958333333333332)",1,98.77916666666668,8247
"(0.9791666666666666, 0.9958333333333332)",1,98.77916666666668,8248
"(0.9875, 0.9875)",1,98.77916666666658,8249
"(0.925, 0.9875)",1,98.77916666666655,8250
"(0.9791666666666666, 0.9875)",1,98.77916666666653,8251
"(0.6162790697674418, 1.0)",1,98.77906976744188,8252
"(0.8837209302325582, 1.0)",1,98.77906976744188,8253
"(0.9166666666666666, 1.0)",1,98.7777777777778,8254
"(0.8333333333333334, 1.0)",1,98.7777777777778,8255
"(0.8472222222222222, 1.0)",1,98.7777777777778,8256
"(0.7777777777777778, 1.0)",4,98.7777777777778,8260
"(0.8194444444444444, 1.0)",1,98.7777777777778,8261
"(0.9444444444444444, 1.0)",2,98.7777777777778,8263
"(0.6527777777777778, 1.0)",1,98.77777777777776,8264
"(0.75, 1.0)",4,98.77777777777776,8268
"(0.7638888888888888, 1.0)",2,98.77777777777776,8270
"(0.9458333333333332, 0.9958333333333332)",1,98.7749999999999,8271
"(0.95, 0.9916666666666668)",1,98.77499999999984,8272
"(0.975, 0.9958333333333332)",1,98.77083333333331,8273
"(0.9791666666666666, 0.9958333333333332)",1,98.77083333333329,8274
"(0.9041666666666668, 0.9958333333333332)",1,98.77083333333329,8275
"(0.85, 0.9666666666666668)",2,98.76666666666672,8277
"(0.9166666666666666, 1.0)",2,98.7666666666667,8279
"(0.8166666666666667, 1.0)",1,98.7666666666667,8280
"(0.8833333333333333, 0.9833333333333332)",1,98.7666666666667,8281
"(0.9833333333333332, 1.0)",2,98.7666666666667,8283
"(0.8333333333333334, 1.0)",1,98.7666666666667,8284
"(0.8666666666666667, 1.0)",1,98.7666666666667,8285
"(0.8, 1.0)",1,98.7666666666667,8286
"(0.8833333333333333, 1.0)",1,98.76666666666668,8287
"(0.9333333333333332, 1.0)",1,98.76666666666668,8288
"(0.85, 1.0)",1,98.76666666666668,8289
"(0.8333333333333334, 1.0)",1,98.76666666666668,8290
"(0.9, 1.0)",1,98.76666666666668,8291
"(0.6833333333333333, 1.0)",1,98.76666666666668,8292
"(0.8, 1.0)",2,98.76666666666668,8294
"(0.8, 1.0)",1,98.76666666666668,8295
"(0.9166666666666666, 1.0)",1,98.76666666666668,8296
"(0.9, 1.0)",3,98.76666666666668,8299
"(0.8833333333333333, 1.0)",2,98.76666666666668,8301
"(0.8333333333333334, 1.0)",2,98.76666666666668,8303
"(0.9666666666666668, 1.0)",2,98.76666666666668,8305
"(0.85, 1.0)",6,98.76666666666668,8311
"(0.8666666666666667, 1.0)",3,98.76666666666668,8314
"(0.8666666666666667, 1.0)",1,98.76666666666668,8315
"(1.0, 1.0)",9,98.76666666666668,8324
"(0.75, 1.0)",1,98.76666666666668,8325
"(1.0, 1.0)",1,98.76666666666668,8326
"(0.95, 1.0)",1,98.76666666666668,8327
"(0.8166666666666667, 1.0)",1,98.76666666666668,8328
"(0.9833333333333332, 1.0)",1,98.76666666666668,8329
"(0.9458333333333332, 0.9916666666666668)",1,98.76666666666652,8330
"(0.8194444444444444, 0.9861111111111112)",1,98.76388888888904,8331
"(0.7638888888888888, 0.9722222222222222)",1,98.76388888888904,8332
"(0.9444444444444444, 1.0)",1,98.7638888888889,8333
"(0.9027777777777778, 1.0)",1,98.76388888888889,8334
"(0.7777777777777778, 1.0)",2,98.76388888888889,8336
"(0.9833333333333332, 0.9833333333333332)",1,98.76250000000005,8337
"(0.975, 0.9958333333333332)",1,98.76249999999976,8338
"(0.9625, 0.9958333333333332)",1,98.75833333333333,8339
"(0.9833333333333332, 0.9916666666666668)",1,98.75833333333328,8340
"(0.9083333333333332, 0.9916666666666668)",1,98.7583333333332,8341
"(0.9583333333333334, 0.9916666666666668)",1,98.75833333333318,8342
"(0.95, 0.9958333333333332)",1,98.75416666666672,8343
"(0.9208333333333332, 0.9916666666666668)",1,98.75416666666652,8344
"(0.9625, 0.9916666666666668)",1,98.75416666666642,8345
"(0.9833333333333332, 1.0)",1,98.75000000000004,8346
"(0.9833333333333332, 1.0)",1,98.75000000000004,8347
"(0.85, 1.0)",1,98.75000000000004,8348
"(0.95, 0.9833333333333332)",1,98.75000000000004,8349
"(0.9166666666666666, 1.0)",1,98.75000000000004,8350
"(0.9444444444444444, 1.0)",1,98.75000000000004,8351
"(0.9791666666666666, 0.9958333333333332)",1,98.75000000000004,8352
"(0.8666666666666667, 1.0)",1,98.75000000000004,8353
"(0.8833333333333333, 1.0)",2,98.75000000000004,8355
"(0.7333333333333333, 0.9833333333333332)",1,98.75000000000004,8356
"(0.8333333333333334, 1.0)",3,98.75,8359
"(0.9166666666666666, 1.0)",1,98.75,8360
"(0.8166666666666667, 1.0)",1,98.75,8361
"(1.0, 1.0)",3,98.75,8364
"(0.9305555555555556, 1.0)",1,98.75,8365
"(0.95, 1.0)",4,98.75,8369
"(0.6666666666666666, 1.0)",1,98.75,8370
"(0.7833333333333333, 1.0)",3,98.75,8373
"(0.75, 1.0)",1,98.75,8374
"(1.0, 1.0)",1,98.75,8375
"(0.8666666666666667, 1.0)",1,98.75,8376
"(0.8666666666666667, 1.0)",6,98.75,8382
"(0.6833333333333333, 1.0)",1,98.75,8383
"(0.8, 1.0)",2,98.75,8385
"(0.9722222222222222, 1.0)",1,98.75,8386
"(0.8194444444444444, 1.0)",1,98.75,8387
"(0.9, 1.0)",1,98.75,8388
"(0.7166666666666667, 1.0)",1,98.75,8389
"(0.9444444444444444, 0.9861111111111112)",1,98.75,8390
"(0.7333333333333333, 1.0)",1,98.75,8391
"(0.8833333333333333, 1.0)",6,98.75,8397
"(0.9, 1.0)",1,98.75,8398
"(0.8166666666666667, 1.0)",2,98.75,8400
"(0.9333333333333332, 1.0)",1,98.75,8401
"(0.7666666666666667, 1.0)",1,98.75,8402
"(0.8833333333333333, 1.0)",2,98.75,8404
"(0.9333333333333332, 1.0)",1,98.75,8405
"(0.9833333333333332, 1.0)",2,98.75,8407
"(0.85, 1.0)",3,98.75,8410
"(0.9458333333333332, 0.9916666666666668)",1,98.74999999999994,8411
"(0.9041666666666668, 0.9958333333333332)",1,98.74999999999991,8412
"(0.925, 0.9875)",2,98.74999999999989,8414
"(0.9833333333333332, 0.9916666666666668)",1,98.74583333333328,8415
"(0.9041666666666668, 0.9958333333333332)",1,98.74583333333328,8416
"(0.9791666666666666, 0.9958333333333332)",2,98.74583333333324,8418
"(0.8837209302325582, 1.0)",1,98.74418604651166,8419
"(0.9791666666666666, 0.9958333333333332)",1,98.74166666666672,8420
"(0.975, 0.9833333333333332)",1,98.7416666666667,8421
"(0.9791666666666666, 0.9958333333333332)",1,98.74166666666662,8422
"(0.9833333333333332, 0.9916666666666668)",1,98.74166666666652,8423
"(0.9875, 0.9958333333333332)",1,98.74166666666652,8424
"(0.9791666666666666, 0.9958333333333332)",1,98.73750000000004,8425
"(0.9791666666666666, 0.9916666666666668)",1,98.73749999999984,8426
"(0.9833333333333332, 0.9916666666666668)",1,98.73749999999984,8427
"(0.9444444444444444, 1.0)",1,98.73611111111116,8428
"(0.9166666666666666, 1.0)",1,98.73611111111111,8429
"(0.9305555555555556, 1.0)",1,98.73611111111111,8430
"(0.7916666666666666, 1.0)",1,98.73611111111111,8431
"(0.9444444444444444, 1.0)",1,98.73611111111111,8432
"(0.9027777777777778, 1.0)",1,98.73611111111111,8433
"(0.7222222222222222, 1.0)",1,98.73611111111111,8434
"(0.8333333333333334, 1.0)",1,98.73611111111111,8435
"(0.9166666666666666, 0.9833333333333332)",2,98.73333333333338,8437
"(1.0, 0.9833333333333332)",2,98.73333333333338,8439
"(0.9166666666666666, 1.0)",1,98.73333333333338,8440
"(0.9, 1.0)",2,98.73333333333336,8442
"(0.8666666666666667, 1.0)",2,98.73333333333336,8444
"(0.9333333333333332, 1.0)",1,98.73333333333336,8445
"(0.85, 1.0)",2,98.73333333333336,8447
"(0.5833333333333334, 1.0)",1,98.73333333333336,8448
"(0.8166666666666667, 1.0)",1,98.73333333333336,8449
"(0.9666666666666668, 1.0)",1,98.73333333333336,8450
"(0.9, 0.9833333333333332)",1,98.73333333333336,8451
"(0.8333333333333334, 0.9833333333333332)",1,98.73333333333336,8452
"(0.9833333333333332, 1.0)",3,98.73333333333336,8455
"(0.8833333333333333, 1.0)",3,98.73333333333336,8458
"(0.9833333333333332, 1.0)",2,98.73333333333336,8460
"(0.8666666666666667, 1.0)",1,98.73333333333336,8461
"(0.9166666666666666, 1.0)",1,98.73333333333336,8462
"(0.95, 1.0)",2,98.73333333333336,8464
"(0.9333333333333332, 1.0)",1,98.73333333333336,8465
"(0.6333333333333333, 1.0)",1,98.73333333333336,8466
"(0.9666666666666668, 1.0)",1,98.73333333333332,8467
"(1.0, 1.0)",6,98.73333333333332,8473
"(0.8333333333333334, 1.0)",2,98.73333333333332,8475
"(0.8833333333333333, 1.0)",2,98.73333333333332,8477
"(0.7833333333333333, 1.0)",3,98.73333333333332,8480
"(0.8, 1.0)",1,98.73333333333332,8481
"(0.7666666666666667, 1.0)",1,98.73333333333332,8482
"(0.9833333333333332, 1.0)",2,98.73333333333332,8484
"(0.8166666666666667, 1.0)",3,98.73333333333332,8487
"(0.85, 1.0)",3,98.73333333333332,8490
"(0.8666666666666667, 1.0)",4,98.73333333333332,8494
"(0.9333333333333332, 1.0)",2,98.73333333333332,8496
"(0.9833333333333332, 1.0)",4,98.73333333333332,8500
"(0.9625, 0.9958333333333332)",1,98.7333333333332,8501
"(0.9833333333333332, 0.9958333333333332)",1,98.73333333333318,8502
"(0.9916666666666668, 0.9958333333333332)",1,98.72916666666671,8503
"(0.9208333333333332, 0.9958333333333332)",1,98.72499999999998,8504
"(0.7638888888888888, 1.0)",1,98.72222222222226,8505
"(0.8611111111111112, 1.0)",1,98.72222222222224,8506
"(0.9583333333333334, 1.0)",1,98.72222222222224,8507
"(0.9444444444444444, 1.0)",1,98.72222222222224,8508
"(0.8611111111111112, 0.9861111111111112)",1,98.72222222222224,8509
"(0.8055555555555556, 1.0)",2,98.72222222222224,8511
"(0.9166666666666666, 1.0)",2,98.72222222222224,8513
"(0.9625, 0.9958333333333332)",1,98.7208333333334,8514
"(0.9333333333333332, 1.0)",1,98.71666666666673,8515
"(0.9166666666666666, 0.9833333333333332)",1,98.71666666666673,8516
"(0.8333333333333334, 0.9833333333333332)",2,98.71666666666673,8518
"(0.8666666666666667, 0.9833333333333332)",1,98.71666666666673,8519
"(0.8333333333333334, 1.0)",1,98.71666666666673,8520
"(0.8333333333333334, 0.9833333333333332)",1,98.7166666666667,8521
"(0.8333333333333334, 1.0)",1,98.7166666666667,8522
"(0.9166666666666666, 1.0)",1,98.7166666666667,8523
"(0.9333333333333332, 1.0)",1,98.7166666666667,8524
"(0.9, 1.0)",3,98.7166666666667,8527
"(0.85, 1.0)",2,98.7166666666667,8529
"(0.8666666666666667, 1.0)",1,98.7166666666667,8530
"(0.7333333333333333, 0.9833333333333332)",1,98.7166666666667,8531
"(0.9, 1.0)",1,98.71666666666668,8532
"(0.9666666666666668, 1.0)",9,98.71666666666668,8541
"(0.8166666666666667, 1.0)",3,98.71666666666668,8544
"(0.7166666666666667, 1.0)",1,98.71666666666668,8545
"(0.9833333333333332, 1.0)",4,98.71666666666668,8549
"(1.0, 1.0)",12,98.71666666666668,8561
"(0.8833333333333333, 1.0)",9,98.71666666666668,8570
"(0.8333333333333334, 0.9833333333333332)",1,98.71666666666668,8571
"(0.95, 1.0)",2,98.71666666666668,8573
"(0.9333333333333332, 1.0)",3,98.71666666666668,8576
"(0.8, 1.0)",1,98.71666666666668,8577
"(0.7166666666666667, 1.0)",1,98.71666666666668,8578
"(0.8833333333333333, 1.0)",2,98.71666666666668,8580
"(0.85, 1.0)",2,98.71666666666668,8582
"(0.7666666666666667, 1.0)",1,98.71666666666668,8583
"(0.9166666666666666, 1.0)",2,98.71666666666668,8585
"(0.7833333333333333, 1.0)",2,98.71666666666668,8587
"(0.6833333333333333, 1.0)",1,98.71666666666668,8588
"(0.85, 1.0)",1,98.71666666666668,8589
"(0.8833333333333333, 0.9833333333333332)",1,98.71666666666668,8590
"(0.8333333333333334, 1.0)",2,98.71666666666668,8592
"(0.75, 1.0)",1,98.71666666666668,8593
"(0.8666666666666667, 1.0)",3,98.71666666666668,8596
"(0.825, 0.9916666666666668)",1,98.7166666666666,8597
"(0.9208333333333332, 0.9958333333333332)",1,98.71249999999992,8598
"(0.9186046511627908, 1.0)",1,98.70930232558143,8599
"(0.8194444444444444, 1.0)",1,98.70833333333346,8600
"(0.9444444444444444, 1.0)",1,98.7083333333334,8601
"(0.9166666666666666, 1.0)",1,98.7083333333334,8602
"(0.9166666666666666, 1.0)",1,98.70833333333336,8603
"(0.9125, 0.9958333333333332)",1,98.70833333333336,8604
"(0.9444444444444444, 1.0)",1,98.70833333333334,8605
"(0.75, 1.0)",2,98.70833333333334,8607
"(0.9166666666666666, 1.0)",2,98.70833333333334,8609
"(0.875, 1.0)",1,98.70833333333334,8610
"(0.8194444444444444, 1.0)",1,98.70833333333331,8611
"(0.8472222222222222, 1.0)",2,98.70833333333331,8613
"(0.9041666666666668, 0.9958333333333332)",1,98.70833333333329,8614
"(0.9208333333333332, 0.9916666666666668)",1,98.70416666666662,8615
"(0.8, 1.0)",1,98.70000000000005,8616
"(0.9166666666666666, 1.0)",2,98.70000000000005,8618
"(0.9, 0.9666666666666668)",1,98.70000000000005,8619
"(0.9333333333333332, 0.9833333333333332)",1,98.70000000000005,8620
"(0.75, 1.0)",1,98.70000000000005,8621
"(0.9166666666666666, 0.9833333333333332)",1,98.70000000000005,8622
"(0.8666666666666667, 1.0)",1,98.70000000000005,8623
"(0.95, 0.9958333333333332)",2,98.70000000000002,8625
"(0.7666666666666667, 0.9833333333333332)",1,98.70000000000002,8626
"(0.95, 1.0)",1,98.70000000000002,8627
"(0.85, 0.9833333333333332)",2,98.70000000000002,8629
"(0.8166666666666667, 1.0)",1,98.70000000000002,8630
"(0.9, 1.0)",1,98.70000000000002,8631
"(0.8833333333333333, 1.0)",1,98.70000000000002,8632
"(0.8333333333333334, 1.0)",1,98.70000000000002,8633
"(0.9166666666666666, 1.0)",1,98.70000000000002,8634
"(0.85, 1.0)",1,98.70000000000002,8635
"(1.0, 1.0)",1,98.70000000000002,8636
"(0.7666666666666667, 1.0)",4,98.70000000000002,8640
"(1.0, 1.0)",1,98.7,8641
"(0.9166666666666666, 1.0)",2,98.7,8643
"(0.85, 1.0)",1,98.7,8644
"(0.6666666666666666, 1.0)",1,98.7,8645
"(0.75, 1.0)",1,98.7,8646
"(0.8833333333333333, 1.0)",2,98.7,8648
"(0.7, 1.0)",1,98.7,8649
"(0.9666666666666668, 1.0)",3,98.7,8652
"(0.6833333333333333, 1.0)",2,98.7,8654
"(0.9333333333333332, 1.0)",3,98.7,8657
"(0.8666666666666667, 1.0)",3,98.7,8660
"(1.0, 1.0)",1,98.7,8661
"(0.7666666666666667, 1.0)",1,98.7,8662
"(0.7666666666666667, 1.0)",1,98.7,8663
"(0.7166666666666667, 1.0)",1,98.7,8664
"(0.95, 1.0)",2,98.7,8666
"(0.8166666666666667, 1.0)",1,98.7,8667
"(0.9166666666666666, 1.0)",2,98.7,8669
"(0.8166666666666667, 1.0)",1,98.7,8670
"(0.8, 1.0)",2,98.7,8672
"(0.9416666666666668, 0.9958333333333332)",1,98.69999999999996,8673
"(0.8953488372093024, 1.0)",1,98.69767441860468,8674
"(0.9583333333333334, 0.9958333333333332)",1,98.69583333333333,8675
"(0.9541666666666668, 0.9958333333333332)",1,98.69583333333333,8676
"(0.9791666666666666, 0.9916666666666668)",1,98.69583333333328,8677
"(0.9875, 0.9916666666666668)",1,98.6958333333332,8678
"(0.7777777777777778, 1.0)",1,98.69444444444444,8679
"(0.7777777777777778, 1.0)",1,98.69444444444444,8680
"(0.9375, 0.9875)",1,98.6875,8681
"(0.9083333333333332, 0.9958333333333332)",1,98.68749999999991,8682
"(0.9375, 0.9916666666666668)",2,98.68749999999984,8684
"(0.9875, 0.9875)",1,98.68749999999984,8685
"(0.9333333333333332, 1.0)",1,98.68333333333338,8686
"(0.9333333333333332, 1.0)",2,98.68333333333337,8688
"(0.8333333333333334, 1.0)",2,98.68333333333337,8690
"(0.7833333333333333, 1.0)",1,98.68333333333337,8691
"(0.9166666666666666, 1.0)",3,98.68333333333337,8694
"(0.9333333333333332, 1.0)",1,98.68333333333337,8695
"(0.7666666666666667, 1.0)",2,98.68333333333337,8697
"(0.9666666666666668, 1.0)",1,98.68333333333337,8698
"(0.8166666666666667, 1.0)",1,98.68333333333337,8699
"(0.8, 0.9833333333333332)",3,98.68333333333337,8702
"(0.75, 1.0)",1,98.68333333333337,8703
"(0.8666666666666667, 1.0)",1,98.68333333333337,8704
"(0.8833333333333333, 1.0)",1,98.68333333333337,8705
"(0.9833333333333332, 1.0)",1,98.68333333333337,8706
"(0.9, 1.0)",2,98.68333333333337,8708
"(0.8666666666666667, 1.0)",1,98.68333333333337,8709
"(0.7166666666666667, 1.0)",5,98.68333333333334,8714
"(0.8666666666666667, 1.0)",6,98.68333333333334,8720
"(1.0, 1.0)",1,98.68333333333334,8721
"(0.6833333333333333, 1.0)",1,98.68333333333334,8722
"(0.85, 1.0)",3,98.68333333333334,8725
"(0.9666666666666668, 1.0)",1,98.68333333333334,8726
"(0.8833333333333333, 1.0)",1,98.68333333333334,8727
"(0.9, 1.0)",5,98.68333333333334,8732
"(0.7833333333333333, 1.0)",1,98.68333333333334,8733
"(0.8333333333333334, 1.0)",2,98.68333333333334,8735
"(0.8, 1.0)",2,98.68333333333334,8737
"(0.7333333333333333, 1.0)",2,98.68333333333334,8739
"(0.9833333333333332, 1.0)",3,98.68333333333334,8742
"(0.7, 1.0)",3,98.68333333333334,8745
"(0.95, 1.0)",3,98.68333333333334,8748
"(0.8166666666666667, 1.0)",2,98.68333333333334,8750
"(0.9333333333333332, 1.0)",6,98.68333333333334,8756
"(0.9708333333333332, 0.9791666666666666)",1,98.6833333333333,8757
"(0.95, 0.9916666666666668)",1,98.68333333333318,8758
"(0.8472222222222222, 0.9861111111111112)",1,98.6805555555556,8759
"(0.9444444444444444, 1.0)",1,98.68055555555556,8760
"(0.7083333333333334, 1.0)",4,98.68055555555556,8764
"(0.9027777777777778, 1.0)",1,98.68055555555556,8765
"(0.8194444444444444, 1.0)",1,98.68055555555556,8766
"(0.9166666666666666, 1.0)",3,98.68055555555556,8769
"(0.9305555555555556, 1.0)",1,98.68055555555554,8770
"(0.9833333333333332, 0.975)",1,98.6791666666666,8771
"(0.9458333333333332, 0.9916666666666668)",1,98.67916666666656,8772
"(0.9625, 0.9916666666666668)",1,98.67916666666646,8773
"(0.8916666666666667, 0.9916666666666668)",1,98.67499999999993,8774
"(0.9375, 0.9958333333333332)",1,98.67083333333332,8775
"(0.9583333333333334, 0.9958333333333332)",1,98.67083333333328,8776
"(0.9666666666666668, 0.9958333333333332)",1,98.66666666666674,8777
"(0.9444444444444444, 1.0)",1,98.66666666666671,8778
"(0.9166666666666666, 0.9833333333333332)",1,98.66666666666671,8779
"(0.8333333333333334, 1.0)",1,98.66666666666671,8780
"(0.9833333333333332, 1.0)",1,98.6666666666667,8781
"(0.8833333333333333, 0.9833333333333332)",1,98.6666666666667,8782
"(0.8833333333333333, 1.0)",2,98.6666666666667,8784
"(0.85, 1.0)",1,98.6666666666667,8785
"(0.8166666666666667, 0.9833333333333332)",1,98.6666666666667,8786
"(0.8, 1.0)",1,98.6666666666667,8787
"(0.7333333333333333, 1.0)",2,98.6666666666667,8789
"(0.8708333333333333, 0.9958333333333332)",1,98.66666666666669,8790
"(0.75, 1.0)",1,98.66666666666669,8791
"(0.8666666666666667, 1.0)",2,98.66666666666669,8793
"(0.9166666666666666, 1.0)",5,98.66666666666669,8798
"(0.9666666666666668, 1.0)",2,98.66666666666669,8800
"(0.85, 1.0)",5,98.66666666666669,8805
"(0.8333333333333334, 1.0)",1,98.66666666666669,8806
"(0.8611111111111112, 1.0)",1,98.66666666666669,8807
"(0.875, 1.0)",1,98.66666666666669,8808
"(0.7333333333333333, 1.0)",1,98.66666666666669,8809
"(0.7638888888888888, 1.0)",1,98.66666666666669,8810
"(0.8166666666666667, 1.0)",1,98.66666666666669,8811
"(0.8166666666666667, 1.0)",1,98.66666666666669,8812
"(0.95, 1.0)",1,98.66666666666669,8813
"(0.7333333333333333, 1.0)",1,98.66666666666669,8814
"(0.7666666666666667, 1.0)",2,98.66666666666669,8816
"(0.9333333333333332, 1.0)",1,98.66666666666669,8817
"(1.0, 1.0)",2,98.66666666666669,8819
"(0.7777777777777778, 0.9861111111111112)",1,98.66666666666669,8820
"(0.9027777777777778, 1.0)",2,98.66666666666669,8822
"(0.6833333333333333, 1.0)",1,98.66666666666669,8823
"(0.75, 1.0)",1,98.66666666666669,8824
"(0.9666666666666668, 1.0)",3,98.66666666666669,8827
"(0.8666666666666667, 0.9833333333333332)",1,98.66666666666669,8828
"(0.7666666666666667, 1.0)",2,98.66666666666666,8830
"(0.7333333333333333, 1.0)",2,98.66666666666666,8832
"(0.8666666666666667, 1.0)",1,98.66666666666666,8833
"(0.9, 1.0)",4,98.66666666666666,8837
"(0.8333333333333334, 1.0)",1,98.66666666666666,8838
"(0.75, 1.0)",2,98.66666666666666,8840
"(1.0, 1.0)",5,98.66666666666666,8845
"(0.8, 1.0)",1,98.66666666666666,8846
"(0.7638888888888888, 1.0)",3,98.66666666666666,8849
"(0.8166666666666667, 1.0)",1,98.66666666666666,8850
"(0.95, 0.9958333333333332)",1,98.66666666666666,8851
"(0.8833333333333333, 1.0)",1,98.66666666666666,8852
"(0.9833333333333332, 1.0)",4,98.66666666666666,8856
"(0.9083333333333332, 0.9958333333333332)",1,98.6666666666666,8857
"(0.85, 0.9958333333333332)",1,98.6666666666666,8858
"(0.9833333333333332, 0.9916666666666668)",1,98.66666666666656,8859
"(0.9333333333333332, 0.9916666666666668)",1,98.66666666666652,8860
"(0.9416666666666668, 0.9916666666666668)",1,98.66666666666652,8861
"(0.8953488372093024, 1.0)",1,98.66279069767444,8862
"(0.9302325581395348, 1.0)",1,98.66279069767442,8863
"(0.85, 0.9958333333333332)",1,98.66250000000008,8864
"(0.9375, 0.9958333333333332)",1,98.66249999999994,8865
"(0.9458333333333332, 0.9916666666666668)",1,98.66249999999988,8866
"(0.9708333333333332, 0.9958333333333332)",1,98.65833333333336,8867
"(0.9291666666666668, 0.9958333333333332)",1,98.65833333333327,8868
"(0.8458333333333333, 0.9833333333333332)",1,98.65833333333326,8869
"(0.9958333333333332, 0.9916666666666668)",1,98.6541666666666,8870
"(0.9583333333333334, 0.9958333333333332)",2,98.6541666666666,8872
"(0.9166666666666666, 1.0)",1,98.6527777777778,8873
"(0.9027777777777778, 1.0)",1,98.6527777777778,8874
"(0.9722222222222222, 1.0)",1,98.6527777777778,8875
"(0.8333333333333334, 0.9861111111111112)",2,98.6527777777778,8877
"(0.9444444444444444, 1.0)",1,98.65277777777776,8878
"(0.8888888888888888, 1.0)",1,98.65277777777776,8879
"(0.9583333333333334, 1.0)",1,98.65277777777776,8880
"(0.7638888888888888, 1.0)",3,98.65277777777776,8883
"(0.8055555555555556, 1.0)",1,98.65277777777776,8884
"(0.9534883720930232, 1.0)",1,98.6511627906977,8885
"(0.9583333333333334, 0.9916666666666668)",1,98.65000000000008,8886
"(0.9333333333333332, 1.0)",1,98.65000000000003,8887
"(0.8333333333333334, 1.0)",2,98.65000000000003,8889
"(0.9166666666666666, 1.0)",1,98.65000000000003,8890
"(0.7333333333333333, 1.0)",1,98.65000000000003,8891
"(0.9, 1.0)",1,98.65000000000003,8892
"(0.9166666666666666, 0.9666666666666668)",2,98.65000000000003,8894
"(0.9, 0.9833333333333332)",1,98.65000000000003,8895
"(0.95, 1.0)",2,98.65000000000003,8897
"(0.8666666666666667, 1.0)",1,98.65000000000002,8898
"(0.9166666666666666, 1.0)",2,98.65000000000002,8900
"(0.9, 1.0)",1,98.65000000000002,8901
"(0.9166666666666666, 1.0)",3,98.65,8904
"(1.0, 1.0)",5,98.65,8909
"(0.95, 1.0)",1,98.65,8910
"(0.7166666666666667, 1.0)",1,98.65,8911
"(0.6833333333333333, 1.0)",2,98.65,8913
"(0.8166666666666667, 1.0)",1,98.65,8914
"(0.8, 1.0)",2,98.65,8916
"(0.8333333333333334, 1.0)",3,98.65,8919
"(0.8666666666666667, 1.0)",3,98.65,8922
"(0.8833333333333333, 1.0)",6,98.65,8928
"(0.9, 1.0)",4,98.65,8932
"(0.7, 1.0)",2,98.65,8934
"(0.9666666666666668, 1.0)",2,98.65,8936
"(0.9791666666666666, 0.9958333333333332)",1,98.65,8937
"(0.9833333333333332, 1.0)",1,98.65,8938
"(0.9791666666666666, 0.9958333333333332)",1,98.64583333333336,8939
"(0.9125, 0.9958333333333332)",1,98.64583333333329,8940
"(0.9208333333333332, 0.9958333333333332)",1,98.6416666666665,8941
"(0.9625, 0.9916666666666668)",1,98.64166666666648,8942
"(0.8023255813953488, 1.0)",1,98.63953488372096,8943
"(0.8953488372093024, 1.0)",1,98.63953488372096,8944
"(0.4883720930232558, 0.9883720930232558)",1,98.63953488372094,8945
"(0.9444444444444444, 1.0)",1,98.63888888888891,8946
"(0.8333333333333334, 1.0)",1,98.63888888888891,8947
"(0.8333333333333334, 1.0)",2,98.6388888888889,8949
"(0.75, 1.0)",1,98.63888888888889,8950
"(0.7777777777777778, 1.0)",1,98.63888888888889,8951
"(0.8333333333333334, 1.0)",1,98.63888888888889,8952
"(0.9583333333333334, 0.9916666666666668)",1,98.63749999999992,8953
"(0.9125, 0.9958333333333332)",2,98.6374999999999,8955
"(0.95, 1.0)",1,98.63333333333338,8956
"(0.8333333333333334, 1.0)",1,98.63333333333338,8957
"(1.0, 0.9833333333333332)",1,98.63333333333338,8958
"(0.7666666666666667, 0.9666666666666668)",1,98.63333333333338,8959
"(0.9666666666666668, 1.0)",1,98.63333333333338,8960
"(0.9333333333333332, 1.0)",2,98.63333333333335,8962
"(0.9833333333333332, 1.0)",2,98.63333333333335,8964
"(0.9666666666666668, 1.0)",2,98.63333333333335,8966
"(0.9166666666666666, 1.0)",2,98.63333333333335,8968
"(0.85, 0.9833333333333332)",1,98.63333333333335,8969
"(0.8666666666666667, 1.0)",1,98.63333333333335,8970
"(0.8, 1.0)",2,98.63333333333335,8972
"(0.85, 1.0)",2,98.63333333333335,8974
"(0.7833333333333333, 1.0)",1,98.63333333333335,8975
"(0.9333333333333332, 1.0)",1,98.63333333333335,8976
"(0.75, 1.0)",1,98.63333333333335,8977
"(0.8333333333333334, 1.0)",1,98.63333333333335,8978
"(0.9, 1.0)",2,98.63333333333335,8980
"(0.9, 1.0)",1,98.63333333333335,8981
"(0.8833333333333333, 1.0)",1,98.63333333333335,8982
"(0.8833333333333333, 1.0)",3,98.63333333333335,8985
"(1.0, 1.0)",1,98.63333333333335,8986
"(0.75, 1.0)",1,98.63333333333335,8987
"(0.9666666666666668, 1.0)",1,98.63333333333335,8988
"(0.8, 1.0)",1,98.63333333333334,8989
"(0.8666666666666667, 1.0)",2,98.63333333333334,8991
"(0.7833333333333333, 1.0)",1,98.63333333333334,8992
"(0.9291666666666668, 0.9958333333333332)",1,98.63333333333334,8993
"(0.9, 1.0)",2,98.63333333333334,8995
"(0.8, 1.0)",1,98.63333333333333,8996
"(1.0, 1.0)",2,98.63333333333333,8998
"(0.9166666666666666, 1.0)",3,98.63333333333333,9001
"(0.8333333333333334, 1.0)",1,98.63333333333333,9002
"(0.85, 1.0)",4,98.63333333333333,9006
"(0.95, 1.0)",1,98.63333333333333,9007
"(0.7166666666666667, 1.0)",1,98.63333333333333,9008
"(0.9833333333333332, 1.0)",2,98.63333333333333,9010
"(0.9333333333333332, 1.0)",2,98.63333333333333,9012
"(0.9666666666666668, 1.0)",2,98.63333333333333,9014
"(0.9, 1.0)",2,98.63333333333333,9016
"(0.9375, 0.9916666666666668)",2,98.6333333333333,9018
"(0.85, 0.9958333333333332)",1,98.6333333333333,9019
"(0.9666666666666668, 0.9875)",1,98.63333333333328,9020
"(0.9125, 0.9958333333333332)",1,98.63333333333324,9021
"(0.9416666666666668, 0.9916666666666668)",1,98.63333333333324,9022
"(0.9458333333333332, 0.9916666666666668)",1,98.62916666666656,9023
"(0.8837209302325582, 0.9883720930232558)",2,98.6279069767442,9025
"(0.9305555555555556, 1.0)",1,98.62500000000006,9026
"(0.6944444444444444, 0.9861111111111112)",2,98.625,9028
"(0.9583333333333334, 0.9958333333333332)",1,98.625,9029
"(0.9305555555555556, 1.0)",1,98.625,9030
"(0.9166666666666666, 1.0)",1,98.625,9031
"(0.9027777777777778, 1.0)",1,98.625,9032
"(0.9305555555555556, 1.0)",1,98.625,9033
"(0.7638888888888888, 1.0)",1,98.625,9034
"(0.9208333333333332, 0.9958333333333332)",1,98.625,9035
"(0.9027777777777778, 0.9861111111111112)",1,98.625,9036
"(0.95, 0.9958333333333332)",1,98.62499999999996,9037
"(0.9666666666666668, 0.9958333333333332)",1,98.62499999999996,9038
"(0.975, 0.9875)",1,98.62499999999991,9039
"(0.925, 0.9958333333333332)",1,98.6249999999999,9040
"(0.9791666666666666, 0.9875)",1,98.6249999999999,9041
"(0.85, 0.9958333333333332)",1,98.6208333333333,9042
"(0.8791666666666667, 0.9958333333333332)",1,98.62083333333328,9043
"(0.9583333333333334, 0.9916666666666668)",1,98.62083333333322,9044
"(0.925, 0.9875)",1,98.6208333333332,9045
"(0.9125, 0.9875)",1,98.62083333333318,9046
"(0.9875, 0.9916666666666668)",1,98.62083333333317,9047
"(0.9, 0.9666666666666668)",1,98.61666666666672,9048
"(0.75, 0.9833333333333332)",1,98.6166666666667,9049
"(0.7166666666666667, 0.9833333333333332)",1,98.6166666666667,9050
"(0.8333333333333334, 1.0)",1,98.6166666666667,9051
"(0.9791666666666666, 0.9958333333333332)",1,98.6166666666667,9052
"(0.9, 1.0)",1,98.6166666666667,9053
"(0.85, 1.0)",3,98.61666666666667,9056
"(0.9833333333333332, 1.0)",2,98.61666666666667,9058
"(0.8333333333333334, 1.0)",1,98.61666666666667,9059
"(0.8833333333333333, 1.0)",1,98.61666666666667,9060
"(0.95, 1.0)",4,98.61666666666667,9064
"(0.8666666666666667, 1.0)",2,98.61666666666667,9066
"(0.8166666666666667, 0.9833333333333332)",1,98.61666666666667,9067
"(0.9, 1.0)",3,98.61666666666667,9070
"(0.7666666666666667, 1.0)",1,98.61666666666667,9071
"(0.9333333333333332, 1.0)",1,98.61666666666667,9072
"(0.8, 1.0)",4,98.61666666666667,9076
"(0.8666666666666667, 1.0)",1,98.61666666666667,9077
"(0.6833333333333333, 1.0)",1,98.61666666666667,9078
"(0.8333333333333334, 1.0)",2,98.61666666666667,9080
"(0.7, 1.0)",1,98.61666666666667,9081
"(0.7333333333333333, 1.0)",1,98.61666666666667,9082
"(0.9666666666666668, 1.0)",2,98.61666666666667,9084
"(0.75, 1.0)",1,98.61666666666667,9085
"(0.85, 1.0)",1,98.61666666666667,9086
"(0.8, 1.0)",1,98.61666666666666,9087
"(0.8333333333333334, 1.0)",1,98.61666666666666,9088
"(0.9583333333333334, 0.9958333333333332)",2,98.61666666666665,9090
"(0.9208333333333332, 0.9958333333333332)",1,98.61666666666662,9091
"(0.9833333333333332, 0.9916666666666668)",1,98.61666666666656,9092
"(0.9125, 0.9875)",1,98.61666666666652,9093
"(0.9186046511627908, 0.9883720930232558)",1,98.61627906976749,9094
"(0.9302325581395348, 1.0)",1,98.61627906976749,9095
"(0.9541666666666668, 0.9791666666666666)",1,98.61249999999988,9096
"(0.8472222222222222, 1.0)",1,98.6111111111112,9097
"(0.9305555555555556, 1.0)",1,98.61111111111114,9098
"(0.9444444444444444, 1.0)",1,98.61111111111114,9099
"(0.8333333333333334, 1.0)",1,98.61111111111111,9100
"(0.7777777777777778, 1.0)",1,98.61111111111111,9101
"(0.9027777777777778, 1.0)",1,98.61111111111111,9102
"(0.8611111111111112, 1.0)",1,98.61111111111111,9103
"(0.9791666666666666, 0.9958333333333332)",1,98.60833333333332,9104
"(0.925, 0.9875)",1,98.6083333333332,9105
"(0.9166666666666666, 0.9958333333333332)",1,98.60416666666664,9106
"(0.9125, 0.9916666666666668)",1,98.60416666666656,9107
"(0.95, 0.9958333333333332)",1,98.60416666666654,9108
"(0.9208333333333332, 0.9916666666666668)",1,98.60416666666652,9109
"(0.975, 0.9875)",1,98.6041666666665,9110
"(0.9333333333333332, 1.0)",3,98.60000000000004,9113
"(1.0, 1.0)",1,98.60000000000004,9114
"(0.9166666666666666, 0.9666666666666668)",2,98.60000000000004,9116
"(0.9333333333333332, 1.0)",1,98.60000000000002,9117
"(0.9333333333333332, 1.0)",2,98.6,9119
"(0.8333333333333334, 1.0)",1,98.6,9120
"(0.9, 1.0)",1,98.6,9121
"(0.8666666666666667, 1.0)",4,98.6,9125
"(0.8833333333333333, 1.0)",3,98.6,9128
"(0.85, 1.0)",1,98.6,9129
"(0.9833333333333332, 1.0)",2,98.6,9131
"(0.9833333333333332, 1.0)",2,98.6,9133
"(0.9666666666666668, 1.0)",1,98.6,9134
"(0.85, 1.0)",1,98.6,9135
"(0.9166666666666666, 1.0)",1,98.6,9136
"(0.7166666666666667, 1.0)",3,98.6,9139
"(0.8166666666666667, 1.0)",3,98.6,9142
"(1.0, 1.0)",4,98.6,9146
"(0.7833333333333333, 1.0)",1,98.6,9147
"(0.8666666666666667, 1.0)",2,98.6,9149
"(0.8833333333333333, 1.0)",3,98.6,9152
"(0.7, 1.0)",1,98.6,9153
"(0.7333333333333333, 1.0)",1,98.6,9154
"(0.8, 1.0)",2,98.6,9156
"(0.8166666666666667, 1.0)",1,98.6,9157
"(0.9041666666666668, 0.9916666666666668)",1,98.59999999999982,9158
"(0.925, 0.9916666666666668)",1,98.59999999999977,9159
"(0.9444444444444444, 1.0)",1,98.59722222222231,9160
"(0.9444444444444444, 0.9861111111111112)",1,98.59722222222224,9161
"(0.875, 1.0)",1,98.59722222222224,9162
"(0.7777777777777778, 1.0)",2,98.59722222222224,9164
"(0.7638888888888888, 1.0)",1,98.59722222222224,9165
"(0.9027777777777778, 1.0)",1,98.59722222222224,9166
"(0.8888888888888888, 1.0)",1,98.59722222222224,9167
"(0.9458333333333332, 0.9958333333333332)",2,98.5958333333333,9169
"(0.9125, 0.9958333333333332)",1,98.59583333333325,9170
"(0.9166666666666666, 0.9958333333333332)",1,98.59583333333322,9171
"(0.9125, 0.9875)",1,98.59583333333318,9172
"(0.9875, 0.9875)",1,98.59583333333312,9173
"(0.9833333333333332, 0.9958333333333332)",1,98.59166666666675,9174
"(0.9291666666666668, 0.9958333333333332)",1,98.59166666666664,9175
"(0.8875, 0.9916666666666668)",1,98.59166666666658,9176
"(0.9166666666666666, 0.9958333333333332)",1,98.58750000000002,9177
"(0.9625, 0.9833333333333332)",1,98.58749999999996,9178
"(0.9375, 0.9958333333333332)",2,98.58749999999992,9180
"(0.9875, 0.9583333333333334)",1,98.5874999999999,9181
"(0.9875, 0.9875)",1,98.5874999999998,9182
"(0.9791666666666666, 0.9916666666666668)",1,98.58749999999976,9183
"(0.9305555555555556, 0.9861111111111112)",1,98.58333333333354,9184
"(0.9444444444444444, 1.0)",3,98.5833333333334,9187
"(0.95, 1.0)",1,98.58333333333336,9188
"(0.8166666666666667, 1.0)",1,98.58333333333336,9189
"(0.8333333333333334, 1.0)",1,98.58333333333336,9190
"(0.8166666666666667, 1.0)",1,98.58333333333336,9191
"(0.8333333333333334, 0.9833333333333332)",1,98.58333333333336,9192
"(0.9666666666666668, 1.0)",2,98.58333333333336,9194
"(0.9, 1.0)",1,98.58333333333336,9195
"(0.9333333333333332, 1.0)",1,98.58333333333336,9196
"(0.8333333333333334, 1.0)",2,98.58333333333336,9198
"(0.9444444444444444, 1.0)",2,98.58333333333336,9200
"(0.9833333333333332, 1.0)",1,98.58333333333336,9201
"(0.8166666666666667, 0.9833333333333332)",1,98.58333333333336,9202
"(0.9833333333333332, 1.0)",2,98.58333333333334,9204
"(0.8541666666666666, 0.9958333333333332)",1,98.58333333333334,9205
"(0.8611111111111112, 1.0)",1,98.58333333333334,9206
"(0.9166666666666666, 1.0)",2,98.58333333333334,9208
"(0.9305555555555556, 1.0)",1,98.58333333333334,9209
"(1.0, 1.0)",1,98.58333333333334,9210
"(0.8472222222222222, 1.0)",2,98.58333333333334,9212
"(0.6666666666666666, 1.0)",1,98.58333333333334,9213
"(0.9666666666666668, 1.0)",2,98.58333333333334,9215
"(0.8, 1.0)",1,98.58333333333334,9216
"(0.8666666666666667, 1.0)",2,98.58333333333334,9218
"(0.9444444444444444, 1.0)",1,98.58333333333334,9219
"(0.7166666666666667, 1.0)",2,98.58333333333334,9221
"(0.85, 1.0)",1,98.58333333333334,9222
"(0.9583333333333334, 1.0)",1,98.58333333333334,9223
"(0.9333333333333332, 1.0)",4,98.58333333333334,9227
"(0.8333333333333334, 1.0)",4,98.58333333333334,9231
"(0.8333333333333334, 0.9833333333333332)",1,98.58333333333334,9232
"(0.95, 1.0)",1,98.58333333333334,9233
"(0.8333333333333334, 1.0)",2,98.58333333333331,9235
"(0.8666666666666667, 1.0)",3,98.58333333333331,9238
"(0.7166666666666667, 1.0)",1,98.58333333333331,9239
"(0.8833333333333333, 1.0)",1,98.58333333333331,9240
"(0.8611111111111112, 1.0)",1,98.58333333333331,9241
"(0.75, 1.0)",1,98.58333333333331,9242
"(0.9333333333333332, 1.0)",1,98.58333333333331,9243
"(0.7333333333333333, 1.0)",1,98.58333333333331,9244
"(0.85, 1.0)",2,98.58333333333331,9246
"(0.9833333333333332, 1.0)",3,98.58333333333331,9249
"(0.7, 1.0)",2,98.58333333333331,9251
"(0.95, 1.0)",2,98.58333333333331,9253
"(0.9083333333333332, 0.9916666666666668)",1,98.5833333333332,9254
"(0.9166666666666666, 0.9958333333333332)",1,98.5833333333332,9255
"(0.9791666666666666, 0.9916666666666668)",1,98.5833333333332,9256
"(0.9625, 0.9916666666666668)",2,98.58333333333316,9258
"(0.9166666666666666, 0.9916666666666668)",1,98.58333333333316,9259
"(0.9186046511627908, 1.0)",1,98.58139534883722,9260
"(0.8023255813953488, 1.0)",1,98.58139534883722,9261
"(0.9666666666666668, 0.9958333333333332)",1,98.57916666666664,9262
"(0.9458333333333332, 0.9791666666666666)",1,98.57916666666657,9263
"(0.9, 0.9875)",1,98.57916666666652,9264
"(0.9375, 0.9916666666666668)",1,98.57916666666652,9265
"(0.95, 0.9958333333333332)",1,98.57499999999996,9266
"(0.9208333333333332, 0.9958333333333332)",1,98.57499999999996,9267
"(0.95, 0.9958333333333332)",1,98.57499999999992,9268
"(0.9125, 0.9958333333333332)",1,98.57499999999992,9269
"(0.9625, 0.9875)",1,98.5749999999999,9270
"(0.925, 0.9916666666666668)",1,98.57499999999987,9271
"(0.9291666666666668, 0.9916666666666668)",2,98.57499999999985,9273
"(0.9291666666666668, 0.9916666666666668)",1,98.57499999999982,9274
"(0.9708333333333332, 0.9916666666666668)",1,98.5749999999998,9275
"(0.9916666666666668, 0.9916666666666668)",1,98.57499999999976,9276
"(0.9208333333333332, 0.9958333333333332)",1,98.5708333333333,9277
"(0.9583333333333334, 0.9916666666666668)",1,98.57083333333328,9278
"(0.9416666666666668, 0.9916666666666668)",1,98.57083333333324,9279
"(0.6162790697674418, 0.9883720930232558)",1,98.5697674418605,9280
"(0.9444444444444444, 1.0)",1,98.56944444444458,9281
"(0.9305555555555556, 1.0)",1,98.56944444444454,9282
"(0.7638888888888888, 1.0)",1,98.56944444444446,9283
"(0.9305555555555556, 1.0)",1,98.56944444444446,9284
"(0.8611111111111112, 1.0)",1,98.56944444444446,9285
"(0.6527777777777778, 1.0)",1,98.56944444444446,9286
"(0.8472222222222222, 1.0)",1,98.56944444444446,9287
"(0.7222222222222222, 1.0)",1,98.56944444444446,9288
"(0.9305555555555556, 0.9861111111111112)",1,98.56944444444446,9289
"(0.9166666666666666, 1.0)",1,98.56944444444446,9290
"(0.875, 1.0)",1,98.56944444444446,9291
"(0.8611111111111112, 1.0)",1,98.56944444444444,9292
"(0.9305555555555556, 1.0)",1,98.56944444444444,9293
"(0.8333333333333334, 0.9833333333333332)",1,98.56666666666672,9294
"(1.0, 1.0)",3,98.56666666666672,9297
"(0.8166666666666667, 1.0)",1,98.56666666666672,9298
"(0.8333333333333334, 0.9666666666666668)",1,98.56666666666672,9299
"(0.9166666666666666, 0.9666666666666668)",1,98.5666666666667,9300
"(0.7333333333333333, 0.9833333333333332)",1,98.5666666666667,9301
"(0.8333333333333334, 1.0)",2,98.5666666666667,9303
"(0.9, 1.0)",3,98.56666666666668,9306
"(0.85, 1.0)",1,98.56666666666668,9307
"(0.7666666666666667, 1.0)",1,98.56666666666668,9308
"(0.8333333333333334, 1.0)",3,98.56666666666668,9311
"(0.8166666666666667, 1.0)",1,98.56666666666668,9312
"(0.9333333333333332, 1.0)",2,98.56666666666668,9314
"(0.7333333333333333, 1.0)",1,98.56666666666668,9315
"(0.9666666666666668, 1.0)",1,98.56666666666668,9316
"(0.9, 0.9833333333333332)",1,98.56666666666668,9317
"(0.9833333333333332, 1.0)",2,98.56666666666668,9319
"(1.0, 1.0)",1,98.56666666666668,9320
"(0.7833333333333333, 1.0)",1,98.56666666666668,9321
"(0.8, 1.0)",1,98.56666666666668,9322
"(0.95, 1.0)",1,98.56666666666668,9323
"(0.9166666666666666, 1.0)",2,98.56666666666668,9325
"(0.9166666666666666, 1.0)",1,98.56666666666668,9326
"(1.0, 1.0)",5,98.56666666666666,9331
"(0.95, 1.0)",1,98.56666666666666,9332
"(0.8333333333333334, 1.0)",3,98.56666666666666,9335
"(0.8833333333333333, 1.0)",5,98.56666666666666,9340
"(0.9333333333333332, 1.0)",2,98.56666666666666,9342
"(0.9833333333333332, 1.0)",3,98.56666666666666,9345
"(0.7, 1.0)",2,98.56666666666666,9347
"(0.7166666666666667, 1.0)",2,98.56666666666666,9349
"(0.8666666666666667, 1.0)",1,98.56666666666666,9350
"(0.9166666666666666, 1.0)",1,98.56666666666666,9351
"(0.9, 1.0)",1,98.56666666666666,9352
"(0.8, 1.0)",1,98.56666666666666,9353
"(0.85, 1.0)",2,98.56666666666666,9355
"(0.8916666666666667, 0.9916666666666668)",1,98.56666666666658,9356
"(0.9166666666666666, 0.9958333333333332)",1,98.5666666666665,9357
"(0.9208333333333332, 0.9958333333333332)",2,98.5625,9359
"(0.9791666666666666, 0.9958333333333332)",1,98.55833333333332,9360
"(0.9625, 0.9958333333333332)",1,98.55833333333328,9361
"(0.8541666666666666, 0.9958333333333332)",1,98.55833333333324,9362
"(0.925, 0.9916666666666668)",1,98.5583333333332,9363
"(0.8958333333333334, 0.9916666666666668)",2,98.55833333333318,9365
"(0.7441860465116279, 1.0)",1,98.55813953488374,9366
"(0.9305555555555556, 1.0)",1,98.55555555555556,9367
"(0.9166666666666666, 1.0)",1,98.55555555555556,9368
"(0.9444444444444444, 0.9861111111111112)",1,98.55555555555556,9369
"(0.6805555555555556, 0.9861111111111112)",1,98.55555555555556,9370
"(0.8611111111111112, 1.0)",1,98.55555555555556,9371
"(0.9027777777777778, 1.0)",1,98.55555555555556,9372
"(0.8791666666666667, 0.9916666666666668)",1,98.55416666666656,9373
"(0.9458333333333332, 0.9958333333333332)",1,98.55416666666648,9374
"(0.9166666666666666, 1.0)",1,98.55000000000004,9375
"(0.7666666666666667, 1.0)",1,98.55000000000004,9376
"(0.8333333333333334, 0.9833333333333332)",1,98.55000000000004,9377
"(0.8333333333333334, 1.0)",1,98.55000000000004,9378
"(0.95, 1.0)",2,98.55000000000004,9380
"(0.75, 1.0)",1,98.55000000000004,9381
"(0.9833333333333332, 1.0)",1,98.55000000000004,9382
"(0.8333333333333334, 1.0)",1,98.55000000000004,9383
"(0.9, 1.0)",1,98.55000000000004,9384
"(1.0, 1.0)",1,98.55000000000004,9385
"(0.8166666666666667, 1.0)",1,98.55,9386
"(0.8166666666666667, 1.0)",2,98.55,9388
"(1.0, 1.0)",1,98.55,9389
"(0.8333333333333334, 1.0)",1,98.55,9390
"(0.7666666666666667, 1.0)",1,98.55,9391
"(0.8666666666666667, 1.0)",5,98.55,9396
"(0.7166666666666667, 1.0)",2,98.55,9398
"(0.9833333333333332, 1.0)",5,98.55,9403
"(0.7166666666666667, 1.0)",1,98.55,9404
"(0.85, 1.0)",1,98.55,9405
"(0.8833333333333333, 1.0)",1,98.55,9406
"(0.7, 1.0)",3,98.55,9409
"(1.0, 1.0)",3,98.55,9412
"(0.9666666666666668, 1.0)",1,98.55,9413
"(0.7333333333333333, 1.0)",1,98.55,9414
"(0.8, 1.0)",1,98.55,9415
"(0.95, 1.0)",1,98.55,9416
"(0.9166666666666666, 1.0)",2,98.55,9418
"(0.9, 1.0)",1,98.55,9419
"(0.8833333333333333, 1.0)",3,98.55,9422
"(0.9666666666666668, 1.0)",2,98.55,9424
"(0.9333333333333332, 1.0)",1,98.55,9425
"(0.8333333333333334, 1.0)",2,98.55,9427
"(0.9833333333333332, 1.0)",1,98.54999999999998,9428
"(0.9186046511627908, 1.0)",1,98.546511627907,9429
"(0.9291666666666668, 0.9958333333333332)",1,98.54583333333336,9430
"(0.8875, 0.9958333333333332)",1,98.54583333333336,9431
"(0.9125, 0.9958333333333332)",1,98.54583333333326,9432
"(0.9458333333333332, 0.9958333333333332)",1,98.54583333333323,9433
"(0.9666666666666668, 0.9875)",1,98.5458333333332,9434
"(0.9916666666666668, 0.9791666666666666)",1,98.5458333333332,9435
"(0.9291666666666668, 0.9916666666666668)",1,98.5458333333332,9436
"(0.9375, 0.9916666666666668)",1,98.54583333333318,9437
"(0.7638888888888888, 0.9861111111111112)",1,98.54166666666684,9438
"(0.9125, 0.9958333333333332)",2,98.5416666666667,9440
"(0.7777777777777778, 1.0)",1,98.5416666666667,9441
"(0.7638888888888888, 1.0)",1,98.54166666666669,9442
"(0.8055555555555556, 1.0)",1,98.54166666666669,9443
"(0.9166666666666666, 1.0)",1,98.54166666666669,9444
"(0.9444444444444444, 1.0)",1,98.54166666666669,9445
"(0.9027777777777778, 1.0)",2,98.54166666666669,9447
"(0.9305555555555556, 1.0)",1,98.54166666666669,9448
"(0.8472222222222222, 1.0)",1,98.54166666666669,9449
"(0.8055555555555556, 1.0)",1,98.54166666666669,9450
"(0.9444444444444444, 1.0)",1,98.54166666666669,9451
"(0.7083333333333334, 1.0)",1,98.54166666666669,9452
"(0.8194444444444444, 1.0)",1,98.54166666666669,9453
"(0.9027777777777778, 1.0)",1,98.54166666666666,9454
"(0.975, 0.9791666666666666)",1,98.54166666666664,9455
"(0.8916666666666667, 0.9958333333333332)",1,98.5416666666666,9456
"(0.9791666666666666, 0.9916666666666668)",1,98.54166666666654,9457
"(0.9416666666666668, 0.9875)",1,98.54166666666652,9458
"(0.95, 0.9875)",1,98.54166666666652,9459
"(0.925, 0.9916666666666668)",1,98.54166666666644,9460
"(0.9541666666666668, 0.9958333333333332)",1,98.53750000000008,9461
"(0.9666666666666668, 0.9916666666666668)",1,98.5375,9462
"(0.9375, 0.9916666666666668)",1,98.53749999999997,9463
"(0.9875, 0.9916666666666668)",1,98.53749999999992,9464
"(0.925, 0.9875)",1,98.5374999999999,9465
"(0.925, 0.9958333333333332)",1,98.5374999999999,9466
"(0.9186046511627908, 1.0)",1,98.53488372093028,9467
"(0.9666666666666668, 0.9833333333333332)",2,98.5333333333334,9469
"(0.9333333333333332, 0.9833333333333332)",1,98.5333333333334,9470
"(0.95, 0.9833333333333332)",1,98.5333333333334,9471
"(1.0, 1.0)",2,98.5333333333334,9473
"(0.8833333333333333, 1.0)",1,98.5333333333334,9474
"(0.8166666666666667, 1.0)",2,98.53333333333336,9476
"(0.8666666666666667, 1.0)",1,98.53333333333336,9477
"(0.8666666666666667, 1.0)",3,98.53333333333336,9480
"(0.8833333333333333, 1.0)",1,98.53333333333336,9481
"(0.8666666666666667, 1.0)",1,98.53333333333336,9482
"(0.8333333333333334, 1.0)",1,98.53333333333336,9483
"(0.8333333333333334, 1.0)",1,98.53333333333336,9484
"(0.95, 1.0)",1,98.53333333333336,9485
"(0.9166666666666666, 1.0)",3,98.53333333333336,9488
"(0.9333333333333332, 1.0)",1,98.53333333333336,9489
"(0.95, 1.0)",1,98.53333333333336,9490
"(0.9166666666666666, 1.0)",1,98.53333333333336,9491
"(0.8333333333333334, 1.0)",1,98.53333333333336,9492
"(0.85, 1.0)",1,98.53333333333336,9493
"(0.9833333333333332, 1.0)",1,98.53333333333332,9494
"(0.9666666666666668, 1.0)",1,98.53333333333332,9495
"(0.8333333333333334, 1.0)",1,98.53333333333332,9496
"(1.0, 1.0)",5,98.53333333333332,9501
"(0.9333333333333332, 1.0)",2,98.53333333333332,9503
"(0.9, 1.0)",1,98.53333333333332,9504
"(0.95, 1.0)",2,98.53333333333332,9506
"(0.7166666666666667, 1.0)",1,98.53333333333332,9507
"(0.7333333333333333, 1.0)",1,98.53333333333332,9508
"(0.8833333333333333, 1.0)",1,98.53333333333332,9509
"(0.9166666666666666, 1.0)",2,98.53333333333332,9511
"(0.975, 0.9958333333333332)",1,98.53333333333327,9512
"(0.9708333333333332, 0.9875)",1,98.53333333333325,9513
"(0.9875, 0.9916666666666668)",1,98.53333333333312,9514
"(0.9458333333333332, 0.9958333333333332)",1,98.5291666666667,9515
"(0.975, 0.9958333333333332)",1,98.52916666666664,9516
"(0.9083333333333332, 0.9958333333333332)",1,98.52916666666664,9517
"(0.9166666666666666, 0.9958333333333332)",1,98.52916666666654,9518
"(0.9208333333333332, 0.9958333333333332)",1,98.52916666666653,9519
"(0.875, 1.0)",1,98.52777777777784,9520
"(0.9166666666666666, 1.0)",1,98.5277777777778,9521
"(0.8194444444444444, 1.0)",1,98.5277777777778,9522
"(0.8472222222222222, 1.0)",1,98.5277777777778,9523
"(0.9305555555555556, 1.0)",1,98.5277777777778,9524
"(0.9305555555555556, 1.0)",1,98.5277777777778,9525
"(0.6944444444444444, 1.0)",3,98.5277777777778,9528
"(0.975, 0.9958333333333332)",1,98.52499999999992,9529
"(0.825, 0.9958333333333332)",1,98.52499999999992,9530
"(0.8666666666666667, 0.9958333333333332)",1,98.52499999999992,9531
"(0.9083333333333332, 0.9875)",1,98.52499999999982,9532
"(0.872093023255814, 1.0)",2,98.52325581395353,9534
"(0.9916666666666668, 0.9958333333333332)",1,98.5208333333334,9535
"(0.8333333333333334, 0.9833333333333332)",1,98.51666666666672,9536
"(0.7333333333333333, 0.9833333333333332)",1,98.51666666666672,9537
"(0.9, 0.9666666666666668)",2,98.51666666666672,9539
"(0.9833333333333332, 1.0)",1,98.51666666666672,9540
"(0.8833333333333333, 0.9833333333333332)",1,98.51666666666672,9541
"(0.8666666666666667, 1.0)",1,98.5166666666667,9542
"(0.8333333333333334, 1.0)",1,98.5166666666667,9543
"(0.9, 1.0)",1,98.5166666666667,9544
"(1.0, 0.9833333333333332)",1,98.5166666666667,9545
"(0.85, 1.0)",1,98.51666666666668,9546
"(0.7166666666666667, 1.0)",1,98.51666666666668,9547
"(0.9166666666666666, 1.0)",2,98.51666666666668,9549
"(0.9333333333333332, 1.0)",1,98.51666666666668,9550
"(0.8333333333333334, 1.0)",2,98.51666666666668,9552
"(0.7666666666666667, 1.0)",2,98.51666666666668,9554
"(0.9166666666666666, 1.0)",1,98.51666666666668,9555
"(0.8666666666666667, 1.0)",2,98.51666666666668,9557
"(0.8833333333333333, 1.0)",4,98.51666666666668,9561
"(0.8, 1.0)",1,98.51666666666668,9562
"(0.8333333333333334, 1.0)",1,98.51666666666668,9563
"(0.6666666666666666, 1.0)",1,98.51666666666668,9564
"(0.85, 1.0)",1,98.51666666666668,9565
"(0.9666666666666668, 1.0)",1,98.51666666666668,9566
"(0.9666666666666668, 1.0)",1,98.51666666666668,9567
"(0.9, 1.0)",3,98.51666666666668,9570
"(0.65, 1.0)",1,98.51666666666668,9571
"(0.8666666666666667, 1.0)",1,98.51666666666668,9572
"(1.0, 1.0)",2,98.51666666666668,9574
"(0.7333333333333333, 1.0)",1,98.51666666666668,9575
"(0.9333333333333332, 1.0)",1,98.51666666666664,9576
"(0.9125, 0.9916666666666668)",1,98.5166666666666,9577
"(0.975, 0.9916666666666668)",1,98.5166666666666,9578
"(0.975, 0.9916666666666668)",1,98.51666666666654,9579
"(0.9208333333333332, 0.9916666666666668)",1,98.51666666666652,9580
"(0.975, 0.9958333333333332)",1,98.51666666666644,9581
"(0.9305555555555556, 1.0)",1,98.51388888888891,9582
"(0.9444444444444444, 1.0)",1,98.51388888888891,9583
"(0.9166666666666666, 1.0)",1,98.51388888888891,9584
"(0.7777777777777778, 1.0)",2,98.5138888888889,9586
"(0.7777777777777778, 1.0)",2,98.51388888888889,9588
"(0.8333333333333334, 1.0)",1,98.51388888888889,9589
"(0.9444444444444444, 1.0)",1,98.51388888888889,9590
"(0.975, 0.9791666666666666)",1,98.51250000000002,9591
"(0.9125, 0.9958333333333332)",1,98.5125,9592
"(0.8791666666666667, 0.9958333333333332)",1,98.51249999999996,9593
"(0.9875, 0.9875)",1,98.5124999999999,9594
"(0.9458333333333332, 0.9875)",1,98.51249999999987,9595
"(0.9186046511627908, 1.0)",1,98.51162790697678,9596
"(0.6162790697674418, 1.0)",2,98.51162790697676,9598
"(0.9166666666666666, 0.9958333333333332)",1,98.50833333333344,9599
"(0.975, 0.9958333333333332)",1,98.5083333333333,9600
"(0.975, 0.9708333333333332)",1,98.50833333333324,9601
"(0.9375, 0.9958333333333332)",1,98.50833333333324,9602
"(0.9375, 0.9916666666666668)",1,98.5083333333332,9603
"(0.925, 0.9958333333333332)",1,98.5083333333332,9604
"(0.9458333333333332, 0.9958333333333332)",1,98.50833333333316,9605
"(0.9, 0.9875)",1,98.50416666666652,9606
"(0.9375, 0.9875)",1,98.5041666666665,9607
"(0.925, 0.9875)",1,98.5041666666665,9608
"(0.95, 0.9916666666666668)",1,98.5041666666665,9609
"(0.9291666666666668, 0.9875)",1,98.5041666666665,9610
"(0.9291666666666668, 0.9875)",1,98.50416666666648,9611
"(0.9166666666666666, 0.9875)",1,98.50416666666648,9612
"(0.9125, 0.9875)",2,98.50416666666648,9614
"(0.8333333333333334, 0.9861111111111112)",1,98.50000000000018,9615
"(0.9305555555555556, 0.9861111111111112)",1,98.50000000000016,9616
"(0.75, 1.0)",1,98.5000000000001,9617
"(0.9166666666666666, 0.9833333333333332)",1,98.50000000000009,9618
"(0.9333333333333332, 0.9833333333333332)",2,98.50000000000006,9620
"(0.75, 0.9861111111111112)",1,98.50000000000004,9621
"(1.0, 1.0)",1,98.50000000000004,9622
"(0.875, 1.0)",1,98.50000000000004,9623
"(0.9333333333333332, 1.0)",1,98.50000000000004,9624
"(0.8, 1.0)",1,98.50000000000004,9625
"(0.9166666666666666, 1.0)",1,98.50000000000004,9626
"(0.9666666666666668, 1.0)",1,98.50000000000004,9627
"(0.8833333333333333, 1.0)",1,98.50000000000004,9628
"(0.8333333333333334, 0.9833333333333332)",1,98.50000000000004,9629
"(0.7333333333333333, 1.0)",1,98.50000000000004,9630
"(0.8837209302325582, 0.9883720930232558)",1,98.50000000000004,9631
"(0.7, 1.0)",1,98.5,9632
"(0.9, 1.0)",1,98.5,9633
"(0.7666666666666667, 1.0)",3,98.5,9636
"(0.8888888888888888, 1.0)",1,98.5,9637
"(1.0, 1.0)",1,98.5,9638
"(0.9833333333333332, 1.0)",2,98.5,9640
"(0.7833333333333333, 1.0)",1,98.5,9641
"(0.6805555555555556, 1.0)",1,98.5,9642
"(0.8, 1.0)",1,98.5,9643
"(0.95, 1.0)",2,98.5,9645
"(0.7166666666666667, 1.0)",2,98.5,9647
"(0.8166666666666667, 1.0)",1,98.5,9648
"(0.9166666666666666, 1.0)",2,98.5,9650
"(0.8833333333333333, 1.0)",1,98.5,9651
"(0.8333333333333334, 1.0)",6,98.5,9657
"(0.75, 1.0)",1,98.5,9658
"(0.9166666666666666, 1.0)",1,98.5,9659
"(0.8194444444444444, 1.0)",1,98.5,9660
"(0.9305555555555556, 1.0)",2,98.5,9662
"(0.9305555555555556, 0.9861111111111112)",1,98.5,9663
"(0.75, 1.0)",3,98.5,9666
"(0.8833333333333333, 1.0)",3,98.5,9669
"(0.9208333333333332, 0.9916666666666668)",1,98.49999999999991,9670
"(0.9625, 0.9916666666666668)",1,98.4999999999999,9671
"(0.9416666666666668, 0.9916666666666668)",1,98.49999999999984,9672
"(0.9875, 0.9958333333333332)",1,98.49583333333332,9673
"(0.8916666666666667, 0.9916666666666668)",2,98.49583333333324,9675
"(0.9208333333333332, 0.9958333333333332)",1,98.49583333333324,9676
"(0.9875, 0.9833333333333332)",1,98.49583333333322,9677
"(0.9916666666666668, 0.9875)",2,98.49583333333322,9679
"(0.8916666666666667, 0.9916666666666668)",1,98.49583333333318,9680
"(0.9333333333333332, 0.9916666666666668)",1,98.49583333333317,9681
"(0.9291666666666668, 0.9958333333333332)",1,98.49583333333317,9682
"(0.9666666666666668, 0.9958333333333332)",1,98.49166666666672,9683
"(0.8791666666666667, 0.9958333333333332)",1,98.49166666666667,9684
"(0.9791666666666666, 0.9916666666666668)",1,98.4916666666666,9685
"(0.9, 0.9875)",1,98.49166666666656,9686
"(0.9458333333333332, 0.9916666666666668)",1,98.49166666666648,9687
"(0.8488372093023255, 0.9883720930232558)",1,98.48837209302329,9688
"(0.8488372093023255, 0.9883720930232558)",1,98.48837209302329,9689
"(0.8791666666666667, 0.9958333333333332)",2,98.48750000000004,9691
"(0.9666666666666668, 0.9958333333333332)",1,98.48750000000004,9692
"(0.8666666666666667, 0.9958333333333332)",1,98.48749999999995,9693
"(0.9166666666666666, 0.9958333333333332)",1,98.48749999999995,9694
"(0.975, 0.9916666666666668)",1,98.48749999999993,9695
"(0.975, 0.9875)",1,98.48749999999986,9696
"(0.925, 0.9875)",1,98.48749999999984,9697
"(0.8055555555555556, 1.0)",1,98.48611111111111,9698
"(0.9305555555555556, 1.0)",1,98.48611111111111,9699
"(0.7083333333333334, 1.0)",2,98.48611111111111,9701
"(0.9333333333333332, 1.0)",1,98.4833333333334,9702
"(0.8333333333333334, 1.0)",1,98.4833333333334,9703
"(0.9333333333333332, 0.9958333333333332)",2,98.4833333333334,9705
"(0.95, 0.9833333333333332)",1,98.4833333333334,9706
"(0.8333333333333334, 1.0)",3,98.48333333333338,9709
"(0.9166666666666666, 1.0)",1,98.48333333333338,9710
"(0.85, 1.0)",1,98.48333333333338,9711
"(0.9, 1.0)",1,98.48333333333338,9712
"(0.85, 1.0)",1,98.48333333333336,9713
"(0.9, 1.0)",2,98.48333333333336,9715
"(0.7333333333333333, 1.0)",1,98.48333333333336,9716
"(0.8833333333333333, 1.0)",1,98.48333333333336,9717
"(0.9166666666666666, 1.0)",1,98.48333333333336,9718
"(0.9, 1.0)",2,98.48333333333336,9720
"(0.8333333333333334, 1.0)",1,98.48333333333336,9721
"(0.7166666666666667, 1.0)",1,98.48333333333336,9722
"(0.9333333333333332, 1.0)",1,98.48333333333332,9723
"(0.9833333333333332, 1.0)",4,98.48333333333332,9727
"(0.85, 1.0)",1,98.48333333333332,9728
"(0.8, 1.0)",3,98.48333333333332,9731
"(0.9666666666666668, 1.0)",5,98.48333333333332,9736
"(0.9, 1.0)",1,98.48333333333332,9737
"(0.8333333333333334, 1.0)",2,98.48333333333332,9739
"(1.0, 1.0)",1,98.48333333333332,9740
"(0.8833333333333333, 1.0)",2,98.48333333333332,9742
"(0.8166666666666667, 1.0)",1,98.48333333333332,9743
"(0.7, 1.0)",1,98.48333333333332,9744
"(0.8666666666666667, 1.0)",3,98.48333333333332,9747
"(0.9458333333333332, 0.9958333333333332)",1,98.48333333333332,9748
"(0.8666666666666667, 0.9958333333333332)",1,98.48333333333328,9749
"(0.95, 0.9958333333333332)",1,98.48333333333328,9750
"(0.9375, 0.9958333333333332)",1,98.48333333333323,9751
"(0.9833333333333332, 0.9958333333333332)",1,98.4833333333332,9752
"(0.925, 0.9916666666666668)",2,98.48333333333316,9754
"(0.8666666666666667, 0.9958333333333332)",1,98.47916666666666,9755
"(0.875, 0.9958333333333332)",1,98.47916666666664,9756
"(0.925, 0.9958333333333332)",1,98.4791666666666,9757
"(0.9958333333333332, 0.975)",1,98.47916666666656,9758
"(0.95, 0.9958333333333332)",1,98.47916666666656,9759
"(0.8541666666666666, 0.9958333333333332)",1,98.47916666666656,9760
"(0.8958333333333334, 0.9958333333333332)",1,98.47916666666652,9761
"(0.9583333333333334, 0.9916666666666668)",1,98.47916666666644,9762
"(0.8488372093023255, 1.0)",1,98.47674418604656,9763
"(0.9186046511627908, 1.0)",1,98.47674418604656,9764
"(0.7906976744186046, 0.9883720930232558)",1,98.47674418604652,9765
"(0.85, 0.9958333333333332)",2,98.47499999999997,9767
"(0.9916666666666668, 0.9958333333333332)",1,98.47499999999992,9768
"(0.95, 0.9916666666666668)",1,98.47499999999992,9769
"(0.8958333333333334, 0.9958333333333332)",1,98.47499999999988,9770
"(0.7777777777777778, 1.0)",2,98.47222222222229,9772
"(0.7083333333333334, 1.0)",2,98.47222222222226,9774
"(0.9305555555555556, 1.0)",1,98.47222222222226,9775
"(0.8333333333333334, 1.0)",1,98.47222222222226,9776
"(0.8333333333333334, 1.0)",2,98.47222222222224,9778
"(0.9305555555555556, 1.0)",2,98.47222222222224,9780
"(0.7083333333333334, 1.0)",1,98.47222222222224,9781
"(0.9166666666666666, 1.0)",1,98.47222222222224,9782
"(0.9444444444444444, 1.0)",1,98.47222222222224,9783
"(0.8194444444444444, 1.0)",3,98.47222222222224,9786
"(0.8333333333333334, 1.0)",1,98.4722222222222,9787
"(0.8625, 0.9958333333333332)",1,98.47083333333326,9788
"(0.9208333333333332, 0.9916666666666668)",1,98.47083333333325,9789
"(0.9791666666666666, 0.9958333333333332)",1,98.47083333333325,9790
"(0.9333333333333332, 0.9916666666666668)",1,98.4708333333332,9791
"(0.925, 0.9875)",1,98.47083333333316,9792
"(0.9541666666666668, 0.9958333333333332)",1,98.47083333333316,9793
"(0.95, 1.0)",1,98.46666666666673,9794
"(0.9166666666666666, 0.9833333333333332)",1,98.46666666666673,9795
"(0.9166666666666666, 1.0)",1,98.46666666666673,9796
"(0.9, 1.0)",1,98.46666666666673,9797
"(0.9, 0.9833333333333332)",1,98.46666666666673,9798
"(0.7666666666666667, 1.0)",2,98.46666666666673,9800
"(0.95, 1.0)",1,98.46666666666673,9801
"(0.8, 1.0)",1,98.4666666666667,9802
"(0.8333333333333334, 1.0)",1,98.4666666666667,9803
"(0.9666666666666668, 0.9833333333333332)",1,98.4666666666667,9804
"(0.8666666666666667, 1.0)",2,98.4666666666667,9806
"(0.9, 1.0)",1,98.4666666666667,9807
"(0.85, 1.0)",1,98.4666666666667,9808
"(0.9333333333333332, 0.9833333333333332)",1,98.4666666666667,9809
"(1.0, 1.0)",1,98.4666666666667,9810
"(0.9166666666666666, 1.0)",1,98.4666666666667,9811
"(0.8833333333333333, 1.0)",1,98.4666666666667,9812
"(0.9833333333333332, 1.0)",1,98.4666666666667,9813
"(0.9666666666666668, 1.0)",1,98.4666666666667,9814
"(0.95, 1.0)",1,98.46666666666668,9815
"(0.6, 1.0)",1,98.46666666666668,9816
"(0.85, 1.0)",4,98.46666666666668,9820
"(0.7333333333333333, 1.0)",5,98.46666666666668,9825
"(0.7833333333333333, 1.0)",1,98.46666666666668,9826
"(0.9166666666666666, 1.0)",2,98.46666666666668,9828
"(0.9333333333333332, 1.0)",2,98.46666666666668,9830
"(0.8666666666666667, 1.0)",1,98.46666666666668,9831
"(0.7166666666666667, 1.0)",2,98.46666666666668,9833
"(0.8833333333333333, 1.0)",1,98.46666666666668,9834
"(0.9, 1.0)",2,98.46666666666668,9836
"(0.8666666666666667, 1.0)",2,98.46666666666668,9838
"(0.8833333333333333, 1.0)",2,98.46666666666668,9840
"(0.75, 1.0)",3,98.46666666666668,9843
"(0.9666666666666668, 1.0)",3,98.46666666666668,9846
"(0.9375, 0.9958333333333332)",1,98.4666666666666,9847
"(0.8666666666666667, 0.9958333333333332)",1,98.4666666666666,9848
"(0.9375, 0.9958333333333332)",1,98.46666666666653,9849
"(0.95, 0.9916666666666668)",1,98.4625,9850
"(0.9, 0.9916666666666668)",2,98.46249999999992,9852
"(0.95, 0.9875)",1,98.4624999999999,9853
"(0.8916666666666667, 0.9958333333333332)",1,98.4624999999999,9854
"(0.95, 0.9875)",1,98.46249999999986,9855
"(0.9291666666666668, 0.9958333333333332)",1,98.4624999999998,9856
"(0.9305555555555556, 0.9861111111111112)",2,98.45833333333351,9858
"(0.9166666666666666, 1.0)",1,98.4583333333334,9859
"(0.9305555555555556, 1.0)",1,98.45833333333336,9860
"(0.8888888888888888, 1.0)",1,98.45833333333334,9861
"(0.8611111111111112, 1.0)",1,98.45833333333331,9862
"(0.9125, 0.9958333333333332)",1,98.4583333333333,9863
"(0.9041666666666668, 0.9958333333333332)",1,98.45833333333326,9864
"(0.825, 0.9916666666666668)",2,98.45833333333324,9866
"(0.9875, 0.9958333333333332)",1,98.4583333333332,9867
"(0.8375, 0.9916666666666668)",1,98.45416666666664,9868
"(0.9208333333333332, 0.9958333333333332)",1,98.45416666666662,9869
"(0.9208333333333332, 0.9958333333333332)",1,98.45416666666658,9870
"(0.9291666666666668, 0.9916666666666668)",1,98.45416666666657,9871
"(0.9375, 0.9916666666666668)",1,98.45416666666657,9872
"(0.872093023255814, 1.0)",1,98.45348837209303,9873
"(0.7441860465116279, 0.9883720930232558)",1,98.45348837209303,9874
"(0.9186046511627908, 1.0)",1,98.45348837209303,9875
"(0.7441860465116279, 0.9883720930232558)",1,98.45348837209303,9876
"(0.8255813953488372, 1.0)",1,98.45348837209303,9877
"(0.8833333333333333, 0.9833333333333332)",1,98.45000000000006,9878
"(0.9666666666666668, 0.9666666666666668)",1,98.45000000000006,9879
"(0.9833333333333332, 1.0)",2,98.45000000000005,9881
"(0.9166666666666666, 0.9833333333333332)",1,98.45000000000005,9882
"(0.9166666666666666, 1.0)",3,98.45000000000005,9885
"(0.8333333333333334, 1.0)",1,98.45000000000005,9886
"(1.0, 1.0)",1,98.45000000000005,9887
"(0.9333333333333332, 1.0)",1,98.45000000000005,9888
"(0.8166666666666667, 1.0)",1,98.45000000000005,9889
"(0.8, 1.0)",1,98.45000000000002,9890
"(0.8166666666666667, 1.0)",1,98.45000000000002,9891
"(0.9, 1.0)",1,98.45000000000002,9892
"(0.7333333333333333, 1.0)",2,98.45000000000002,9894
"(0.9333333333333332, 1.0)",1,98.45000000000002,9895
"(0.8, 1.0)",1,98.45,9896
"(0.8666666666666667, 1.0)",2,98.45,9898
"(0.7833333333333333, 1.0)",1,98.45,9899
"(0.9833333333333332, 1.0)",2,98.45,9901
"(0.7666666666666667, 1.0)",2,98.45,9903
"(1.0, 1.0)",4,98.45,9907
"(0.8666666666666667, 1.0)",1,98.45,9908
"(0.85, 1.0)",2,98.45,9910
"(0.8833333333333333, 1.0)",2,98.45,9912
"(0.9333333333333332, 1.0)",2,98.45,9914
"(0.9208333333333332, 0.9958333333333332)",1,98.44999999999996,9915
"(0.9916666666666668, 0.9791666666666666)",1,98.44999999999985,9916
"(0.9791666666666666, 0.9958333333333332)",1,98.44583333333335,9917
"(0.8625, 0.9958333333333332)",1,98.44583333333334,9918
"(0.8916666666666667, 0.9958333333333332)",1,98.44583333333333,9919
"(0.95, 0.9916666666666668)",1,98.44583333333324,9920
"(0.9291666666666668, 0.9875)",2,98.44583333333318,9922
"(0.95, 0.9875)",1,98.44583333333316,9923
"(0.9, 0.9875)",1,98.44583333333316,9924
"(0.9375, 0.9958333333333332)",1,98.44583333333316,9925
"(0.9833333333333332, 0.9833333333333332)",1,98.44583333333316,9926
"(0.8333333333333334, 1.0)",1,98.44444444444451,9927
"(0.8194444444444444, 1.0)",1,98.44444444444451,9928
"(0.9305555555555556, 1.0)",1,98.4444444444445,9929
"(0.9583333333333334, 1.0)",1,98.4444444444445,9930
"(0.9166666666666666, 1.0)",1,98.44444444444449,9931
"(0.9305555555555556, 1.0)",1,98.44444444444449,9932
"(0.8055555555555556, 1.0)",1,98.44444444444449,9933
"(0.9722222222222222, 0.9861111111111112)",1,98.44444444444449,9934
"(0.8472222222222222, 1.0)",1,98.44444444444446,9935
"(0.9305555555555556, 1.0)",1,98.44444444444446,9936
"(0.7638888888888888, 1.0)",1,98.44444444444444,9937
"(0.8472222222222222, 1.0)",1,98.44444444444444,9938
"(0.8488372093023255, 1.0)",1,98.44186046511632,9939
"(0.7441860465116279, 1.0)",1,98.4418604651163,9940
"(0.8488372093023255, 1.0)",1,98.44186046511628,9941
"(0.9, 0.9875)",1,98.44166666666652,9942
"(0.9125, 0.9916666666666668)",1,98.44166666666648,9943
"(0.9041666666666668, 0.9916666666666668)",1,98.43749999999994,9944
"(0.925, 0.9875)",1,98.43749999999991,9945
"(0.9208333333333332, 0.9916666666666668)",1,98.43749999999989,9946
"(0.9208333333333332, 0.9958333333333332)",1,98.43749999999982,9947
"(0.8333333333333334, 0.95)",1,98.4333333333334,9948
"(0.95, 0.9833333333333332)",1,98.43333333333337,9949
"(0.9333333333333332, 1.0)",1,98.43333333333337,9950
"(0.8666666666666667, 1.0)",1,98.43333333333337,9951
"(0.8666666666666667, 1.0)",1,98.43333333333337,9952
"(0.9166666666666666, 1.0)",2,98.43333333333337,9954
"(0.9, 1.0)",2,98.43333333333337,9956
"(0.7666666666666667, 1.0)",1,98.43333333333334,9957
"(0.9, 1.0)",1,98.43333333333334,9958
"(0.9666666666666668, 1.0)",5,98.43333333333334,9963
"(0.6833333333333333, 1.0)",2,98.43333333333334,9965
"(0.9833333333333332, 1.0)",3,98.43333333333334,9968
"(0.8666666666666667, 1.0)",2,98.43333333333334,9970
"(0.9166666666666666, 1.0)",3,98.43333333333334,9973
"(0.8, 1.0)",1,98.43333333333334,9974
"(0.75, 1.0)",1,98.43333333333334,9975
"(0.7, 1.0)",1,98.43333333333334,9976
"(0.85, 1.0)",1,98.43333333333334,9977
"(0.8166666666666667, 1.0)",1,98.43333333333334,9978
"(0.7166666666666667, 1.0)",1,98.43333333333334,9979
"(0.8833333333333333, 1.0)",2,98.43333333333334,9981
"(0.9875, 0.9916666666666668)",1,98.43333333333328,9982
"(0.85, 0.9958333333333332)",1,98.43333333333328,9983
"(0.925, 0.9916666666666668)",1,98.43333333333324,9984
"(0.9375, 0.9916666666666668)",1,98.4333333333332,9985
"(0.925, 0.9875)",1,98.43333333333318,9986
"(0.925, 0.9916666666666668)",1,98.43333333333317,9987
"(0.9166666666666666, 1.0)",1,98.43055555555571,9988
"(0.7777777777777778, 1.0)",1,98.43055555555564,9989
"(0.7638888888888888, 1.0)",1,98.4305555555556,9990
"(0.7083333333333334, 1.0)",1,98.4305555555556,9991
"(0.8611111111111112, 1.0)",1,98.4305555555556,9992
"(0.8888888888888888, 1.0)",1,98.43055555555556,9993
"(0.9722222222222222, 1.0)",1,98.43055555555556,9994
"(0.8333333333333334, 1.0)",1,98.43055555555556,9995
"(0.9166666666666666, 1.0)",1,98.43055555555556,9996
"(0.6944444444444444, 0.9861111111111112)",2,98.43055555555556,9998
"(0.9305555555555556, 1.0)",1,98.43055555555554,9999
"(0.8488372093023255, 0.9883720930232558)",2,98.43023255813956,10001
"(0.7906976744186046, 0.9883720930232558)",1,98.43023255813956,10002
"(0.95, 0.9833333333333332)",1,98.42916666666665,10003
"(0.925, 0.9916666666666668)",1,98.4291666666666,10004
"(0.925, 0.9875)",1,98.42916666666656,10005
"(0.9375, 0.9958333333333332)",1,98.42916666666656,10006
"(0.9041666666666668, 0.9958333333333332)",1,98.42916666666656,10007
"(0.95, 0.9875)",1,98.4291666666665,10008
"(0.9041666666666668, 0.9875)",2,98.42916666666646,10010
"(0.9791666666666666, 0.9958333333333332)",1,98.42499999999998,10011
"(0.8958333333333334, 0.9958333333333332)",1,98.42499999999995,10012
"(0.9166666666666666, 0.9916666666666668)",1,98.42499999999994,10013
"(0.9791666666666666, 0.9958333333333332)",1,98.42499999999994,10014
"(0.95, 0.9958333333333332)",1,98.42499999999993,10015
"(0.975, 0.9916666666666668)",1,98.42499999999993,10016
"(0.9208333333333332, 0.9916666666666668)",1,98.42499999999988,10017
"(0.9208333333333332, 0.9916666666666668)",1,98.42499999999988,10018
"(0.9, 0.9875)",1,98.42499999999984,10019
"(0.9166666666666666, 0.9958333333333332)",1,98.42083333333336,10020
"(0.8625, 0.9958333333333332)",1,98.42083333333323,10021
"(0.925, 0.9958333333333332)",1,98.42083333333322,10022
"(0.925, 0.9916666666666668)",1,98.42083333333322,10023
"(0.95, 0.9916666666666668)",1,98.4208333333332,10024
"(0.9291666666666668, 0.9958333333333332)",1,98.4208333333332,10025
"(0.9875, 0.9833333333333332)",1,98.42083333333316,10026
"(0.8372093023255814, 1.0)",1,98.41860465116284,10027
"(0.8837209302325582, 1.0)",1,98.41860465116284,10028
"(0.8953488372093024, 0.9883720930232558)",1,98.41860465116284,10029
"(0.9305555555555556, 0.9861111111111112)",1,98.41666666666674,10030
"(0.9166666666666666, 1.0)",1,98.41666666666671,10031
"(0.7333333333333333, 1.0)",2,98.41666666666671,10033
"(1.0, 1.0)",1,98.41666666666671,10034
"(1.0, 1.0)",1,98.41666666666671,10035
"(0.6666666666666666, 0.9833333333333332)",1,98.41666666666671,10036
"(0.9027777777777778, 1.0)",1,98.4166666666667,10037
"(0.8333333333333334, 1.0)",1,98.4166666666667,10038
"(0.9833333333333332, 1.0)",1,98.4166666666667,10039
"(0.8166666666666667, 1.0)",1,98.4166666666667,10040
"(0.8833333333333333, 1.0)",1,98.4166666666667,10041
"(0.9333333333333332, 1.0)",1,98.4166666666667,10042
"(0.9, 1.0)",1,98.4166666666667,10043
"(0.9444444444444444, 1.0)",1,98.4166666666667,10044
"(0.85, 1.0)",3,98.41666666666669,10047
"(0.8333333333333334, 1.0)",1,98.41666666666669,10048
"(0.9541666666666668, 0.9958333333333332)",1,98.41666666666669,10049
"(0.9333333333333332, 1.0)",2,98.41666666666669,10051
"(0.8333333333333334, 1.0)",1,98.41666666666669,10052
"(0.8055555555555556, 1.0)",1,98.41666666666669,10053
"(0.8833333333333333, 1.0)",3,98.41666666666669,10056
"(0.7833333333333333, 1.0)",1,98.41666666666669,10057
"(0.9166666666666666, 1.0)",2,98.41666666666669,10059
"(0.7638888888888888, 1.0)",1,98.41666666666669,10060
"(0.95, 1.0)",1,98.41666666666669,10061
"(0.7, 1.0)",2,98.41666666666669,10063
"(0.7666666666666667, 1.0)",1,98.41666666666669,10064
"(0.85, 1.0)",1,98.41666666666669,10065
"(0.8166666666666667, 1.0)",1,98.41666666666669,10066
"(0.7333333333333333, 1.0)",1,98.41666666666669,10067
"(0.8333333333333334, 1.0)",2,98.41666666666666,10069
"(0.9333333333333332, 1.0)",2,98.41666666666666,10071
"(0.6833333333333333, 1.0)",1,98.41666666666666,10072
"(0.95, 1.0)",2,98.41666666666666,10074
"(0.85, 1.0)",3,98.41666666666666,10077
"(0.8, 1.0)",2,98.41666666666666,10079
"(1.0, 1.0)",4,98.41666666666666,10083
"(0.7, 1.0)",3,98.41666666666666,10086
"(0.8833333333333333, 1.0)",1,98.41666666666666,10087
"(0.6944444444444444, 1.0)",1,98.41666666666666,10088
"(0.9958333333333332, 0.9916666666666668)",1,98.4166666666666,10089
"(0.9375, 0.9916666666666668)",2,98.41666666666656,10091
"(0.9541666666666668, 0.9875)",1,98.41666666666652,10092
"(0.9208333333333332, 0.9958333333333332)",1,98.41666666666649,10093
"(0.8708333333333333, 0.9958333333333332)",1,98.41249999999992,10094
"(0.9208333333333332, 0.9875)",1,98.41249999999988,10095
"(0.9291666666666668, 0.9875)",1,98.41249999999982,10096
"(0.9041666666666668, 0.9958333333333332)",1,98.40833333333336,10097
"(0.8375, 0.9958333333333332)",2,98.40833333333332,10099
"(0.9458333333333332, 0.9916666666666668)",1,98.40833333333325,10100
"(0.9291666666666668, 0.9958333333333332)",1,98.40833333333322,10101
"(0.8083333333333333, 0.9958333333333332)",1,98.4083333333332,10102
"(0.975, 0.9916666666666668)",1,98.4083333333332,10103
"(0.8625, 0.9916666666666668)",1,98.4083333333332,10104
"(0.9833333333333332, 0.9958333333333332)",1,98.40416666666668,10105
"(0.9041666666666668, 0.9916666666666668)",1,98.40416666666655,10106
"(0.9583333333333334, 0.9875)",1,98.40416666666653,10107
"(0.9583333333333334, 0.9958333333333332)",1,98.40416666666653,10108
"(0.9041666666666668, 0.9958333333333332)",2,98.4041666666665,10110
"(0.8333333333333334, 0.9861111111111112)",1,98.40277777777789,10111
"(0.9444444444444444, 1.0)",2,98.40277777777784,10113
"(0.9444444444444444, 1.0)",1,98.40277777777784,10114
"(0.9444444444444444, 1.0)",4,98.4027777777778,10118
"(0.6944444444444444, 1.0)",1,98.4027777777778,10119
"(0.8055555555555556, 1.0)",1,98.4027777777778,10120
"(0.9305555555555556, 1.0)",1,98.4027777777778,10121
"(0.9027777777777778, 1.0)",1,98.4027777777778,10122
"(0.8888888888888888, 1.0)",1,98.40277777777776,10123
"(0.7083333333333334, 1.0)",1,98.40277777777776,10124
"(0.7638888888888888, 1.0)",3,98.40277777777776,10127
"(0.9305555555555556, 1.0)",1,98.40277777777776,10128
"(0.8333333333333334, 1.0)",1,98.40277777777776,10129
"(0.8833333333333333, 0.9833333333333332)",1,98.40000000000006,10130
"(0.7333333333333333, 0.9833333333333332)",1,98.40000000000006,10131
"(0.9833333333333332, 1.0)",1,98.40000000000003,10132
"(0.8833333333333333, 1.0)",1,98.40000000000003,10133
"(0.9666666666666668, 1.0)",1,98.40000000000003,10134
"(0.9166666666666666, 1.0)",2,98.40000000000003,10136
"(0.8333333333333334, 1.0)",1,98.40000000000003,10137
"(0.9833333333333332, 1.0)",1,98.40000000000002,10138
"(0.9, 1.0)",1,98.40000000000002,10139
"(0.9166666666666666, 1.0)",1,98.40000000000002,10140
"(0.8333333333333334, 1.0)",1,98.40000000000002,10141
"(1.0, 1.0)",1,98.40000000000002,10142
"(0.9833333333333332, 1.0)",2,98.4,10144
"(0.6, 1.0)",1,98.4,10145
"(0.8333333333333334, 1.0)",2,98.4,10147
"(0.8666666666666667, 1.0)",1,98.4,10148
"(0.7833333333333333, 1.0)",1,98.4,10149
"(0.7, 1.0)",1,98.4,10150
"(0.9333333333333332, 1.0)",1,98.4,10151
"(0.95, 1.0)",2,98.4,10153
"(0.9, 1.0)",5,98.4,10158
"(0.9666666666666668, 1.0)",1,98.4,10159
"(0.85, 1.0)",4,98.4,10163
"(1.0, 1.0)",2,98.4,10165
"(0.75, 1.0)",1,98.4,10166
"(0.7333333333333333, 1.0)",1,98.4,10167
"(0.9166666666666666, 1.0)",1,98.4,10168
"(0.9291666666666668, 0.9916666666666668)",2,98.39999999999988,10170
"(0.9875, 0.9916666666666668)",1,98.39999999999988,10171
"(0.9375, 0.9875)",1,98.39999999999982,10172
"(0.9375, 0.9958333333333332)",1,98.3958333333332,10173
"(0.8625, 0.9958333333333332)",1,98.39583333333316,10174
"(0.8488372093023255, 0.9883720930232558)",1,98.39534883720933,10175
"(0.6162790697674418, 0.9883720930232558)",1,98.39534883720933,10176
"(0.9186046511627908, 0.9883720930232558)",1,98.39534883720933,10177
"(0.9375, 0.9791666666666666)",1,98.39166666666668,10178
"(0.9, 0.9958333333333332)",2,98.39166666666664,10180
"(0.9541666666666668, 0.9958333333333332)",1,98.39166666666657,10181
"(0.925, 0.9875)",1,98.39166666666652,10182
"(0.9444444444444444, 1.0)",1,98.388888888889,10183
"(0.8333333333333334, 1.0)",1,98.38888888888896,10184
"(0.9166666666666666, 1.0)",1,98.38888888888891,10185
"(0.7638888888888888, 1.0)",2,98.38888888888891,10187
"(0.9305555555555556, 0.9861111111111112)",1,98.38888888888891,10188
"(0.9722222222222222, 1.0)",2,98.3888888888889,10190
"(0.8194444444444444, 1.0)",1,98.38888888888889,10191
"(0.9166666666666666, 0.9958333333333332)",1,98.38749999999996,10192
"(0.9166666666666666, 0.9958333333333332)",2,98.38749999999992,10194
"(0.925, 0.9875)",1,98.38749999999985,10195
"(0.9291666666666668, 0.9875)",1,98.38749999999985,10196
"(0.925, 0.9875)",1,98.38749999999982,10197
"(0.7674418604651163, 0.9883720930232558)",1,98.3837209302326,10198
"(0.8255813953488372, 1.0)",2,98.3837209302326,10200
"(0.9418604651162792, 1.0)",1,98.3837209302326,10201
"(0.8255813953488372, 1.0)",1,98.38372093023258,10202
"(0.8333333333333334, 1.0)",1,98.38333333333338,10203
"(0.8333333333333334, 0.9833333333333332)",2,98.38333333333338,10205
"(0.8833333333333333, 1.0)",1,98.38333333333338,10206
"(0.9666666666666668, 1.0)",1,98.38333333333338,10207
"(0.95, 1.0)",2,98.38333333333335,10209
"(0.8333333333333334, 1.0)",1,98.38333333333335,10210
"(0.7833333333333333, 1.0)",2,98.38333333333335,10212
"(0.9333333333333332, 1.0)",1,98.38333333333335,10213
"(1.0, 1.0)",1,98.38333333333335,10214
"(0.7333333333333333, 0.9833333333333332)",1,98.38333333333335,10215
"(0.9, 1.0)",1,98.38333333333335,10216
"(0.8333333333333334, 1.0)",3,98.38333333333335,10219
"(0.9166666666666666, 1.0)",2,98.38333333333335,10221
"(0.9833333333333332, 1.0)",1,98.38333333333335,10222
"(0.9, 1.0)",2,98.38333333333335,10224
"(0.6, 1.0)",1,98.38333333333335,10225
"(0.7666666666666667, 1.0)",1,98.38333333333335,10226
"(0.7166666666666667, 1.0)",1,98.38333333333334,10227
"(0.8833333333333333, 1.0)",1,98.38333333333334,10228
"(0.8, 1.0)",1,98.38333333333334,10229
"(0.8666666666666667, 1.0)",2,98.38333333333334,10231
"(0.85, 1.0)",2,98.38333333333333,10233
"(0.9833333333333332, 1.0)",1,98.38333333333333,10234
"(0.9166666666666666, 1.0)",1,98.38333333333333,10235
"(0.7666666666666667, 1.0)",1,98.38333333333333,10236
"(0.8833333333333333, 1.0)",2,98.38333333333333,10238
"(0.8166666666666667, 1.0)",2,98.38333333333333,10240
"(0.9, 1.0)",1,98.38333333333333,10241
"(0.975, 0.9833333333333332)",1,98.38333333333328,10242
"(0.9375, 0.9916666666666668)",1,98.38333333333316,10243
"(0.9125, 0.9875)",1,98.38333333333316,10244
"(0.9625, 0.9875)",1,98.38333333333316,10245
"(0.9041666666666668, 0.9916666666666668)",2,98.3791666666666,10247
"(0.9166666666666666, 0.9916666666666668)",1,98.37916666666658,10248
"(0.8958333333333334, 0.9875)",1,98.3791666666665,10249
"(0.9708333333333332, 0.9916666666666668)",1,98.3791666666665,10250
"(0.9625, 0.9875)",1,98.37916666666648,10251
"(0.9125, 0.9958333333333332)",1,98.37916666666644,10252
"(0.8333333333333334, 1.0)",1,98.37500000000004,10253
"(0.9305555555555556, 1.0)",1,98.375,10254
"(0.9444444444444444, 1.0)",1,98.375,10255
"(0.85, 0.9916666666666668)",1,98.375,10256
"(0.8611111111111112, 1.0)",1,98.375,10257
"(0.8333333333333334, 1.0)",2,98.375,10259
"(0.7777777777777778, 1.0)",1,98.375,10260
"(0.9291666666666668, 0.9916666666666668)",1,98.37499999999991,10261
"(1.0, 0.9958333333333332)",2,98.37499999999989,10263
"(0.9291666666666668, 0.9916666666666668)",1,98.37499999999986,10264
"(0.9125, 0.9875)",1,98.37499999999984,10265
"(0.9186046511627908, 1.0)",2,98.37209302325586,10267
"(0.9534883720930232, 0.9883720930232558)",1,98.37209302325584,10268
"(0.9069767441860463, 1.0)",1,98.37209302325584,10269
"(0.9375, 0.9958333333333332)",1,98.37083333333337,10270
"(0.9, 0.9958333333333332)",1,98.37083333333328,10271
"(0.9416666666666668, 0.9958333333333332)",1,98.3708333333332,10272
"(0.9166666666666666, 0.9875)",1,98.37083333333318,10273
"(0.95, 0.9875)",1,98.37083333333318,10274
"(0.9625, 0.9958333333333332)",1,98.37083333333317,10275
"(0.8666666666666667, 0.9958333333333332)",1,98.36666666666672,10276
"(0.6666666666666666, 0.9833333333333332)",1,98.36666666666672,10277
"(0.9, 1.0)",1,98.36666666666672,10278
"(0.8333333333333334, 0.9833333333333332)",1,98.3666666666667,10279
"(0.8333333333333334, 1.0)",2,98.3666666666667,10281
"(0.8666666666666667, 1.0)",2,98.3666666666667,10283
"(0.9, 1.0)",2,98.3666666666667,10285
"(0.8, 1.0)",2,98.36666666666667,10287
"(0.9333333333333332, 1.0)",2,98.36666666666667,10289
"(0.95, 1.0)",1,98.36666666666667,10290
"(0.9, 1.0)",1,98.36666666666667,10291
"(0.7833333333333333, 1.0)",2,98.36666666666667,10293
"(0.9833333333333332, 1.0)",4,98.36666666666667,10297
"(0.8666666666666667, 1.0)",1,98.36666666666667,10298
"(0.7666666666666667, 1.0)",1,98.36666666666667,10299
"(0.9166666666666666, 1.0)",1,98.36666666666667,10300
"(0.85, 1.0)",7,98.36666666666667,10307
"(0.8833333333333333, 1.0)",1,98.36666666666667,10308
"(0.8333333333333334, 1.0)",2,98.36666666666667,10310
"(0.7333333333333333, 1.0)",2,98.36666666666667,10312
"(0.7166666666666667, 1.0)",1,98.36666666666667,10313
"(0.9, 1.0)",2,98.36666666666666,10315
"(0.9375, 0.9958333333333332)",1,98.36666666666666,10316
"(0.8833333333333333, 1.0)",2,98.36666666666666,10318
"(0.8625, 0.9958333333333332)",1,98.36666666666665,10319
"(0.9375, 0.9958333333333332)",1,98.36666666666656,10320
"(0.9916666666666668, 0.9833333333333332)",1,98.36666666666652,10321
"(0.8625, 0.9916666666666668)",1,98.3625,10322
"(0.9291666666666668, 0.9916666666666668)",1,98.36249999999998,10323
"(0.9708333333333332, 0.9958333333333332)",1,98.36249999999998,10324
"(0.925, 0.9875)",1,98.36249999999993,10325
"(0.875, 0.9958333333333332)",1,98.3624999999999,10326
"(0.9375, 0.9916666666666668)",1,98.36249999999986,10327
"(0.9208333333333332, 0.9916666666666668)",1,98.36249999999978,10328
"(0.8055555555555556, 1.0)",1,98.36111111111114,10329
"(0.9027777777777778, 0.9861111111111112)",1,98.36111111111111,10330
"(0.6944444444444444, 1.0)",1,98.36111111111111,10331
"(0.9444444444444444, 1.0)",1,98.36111111111111,10332
"(0.9305555555555556, 1.0)",1,98.36111111111111,10333
"(0.9444444444444444, 1.0)",4,98.3611111111111,10337
"(0.9583333333333334, 1.0)",4,98.3611111111111,10341
"(0.9186046511627908, 1.0)",1,98.36046511627912,10342
"(0.8837209302325582, 1.0)",1,98.3604651162791,10343
"(0.8488372093023255, 1.0)",1,98.3604651162791,10344
"(0.85, 0.9958333333333332)",1,98.3583333333333,10345
"(0.825, 0.9916666666666668)",1,98.35833333333328,10346
"(0.95, 0.9958333333333332)",1,98.35833333333328,10347
"(0.9833333333333332, 0.9916666666666668)",2,98.35833333333326,10349
"(0.975, 0.9875)",1,98.3583333333332,10350
"(0.9541666666666668, 0.9875)",1,98.35833333333318,10351
"(0.95, 0.9875)",2,98.35833333333316,10353
"(0.9291666666666668, 0.9708333333333332)",1,98.35416666666666,10354
"(0.9041666666666668, 0.9916666666666668)",1,98.3541666666666,10355
"(0.9875, 0.9833333333333332)",1,98.3541666666666,10356
"(0.9125, 0.9875)",1,98.35416666666656,10357
"(0.9125, 0.9875)",1,98.35416666666652,10358
"(0.9208333333333332, 0.9875)",2,98.35416666666652,10360
"(0.9, 0.9916666666666668)",1,98.35416666666652,10361
"(0.8333333333333334, 1.0)",1,98.35000000000008,10362
"(0.8333333333333334, 1.0)",1,98.35000000000004,10363
"(0.8166666666666667, 1.0)",1,98.35000000000004,10364
"(0.8333333333333334, 0.9833333333333332)",1,98.35000000000004,10365
"(0.9333333333333332, 1.0)",1,98.35000000000004,10366
"(0.9166666666666666, 1.0)",1,98.35000000000004,10367
"(0.8, 1.0)",1,98.35000000000004,10368
"(0.8166666666666667, 1.0)",1,98.35000000000002,10369
"(0.6666666666666666, 0.9833333333333332)",1,98.35000000000002,10370
"(0.6833333333333333, 1.0)",1,98.35000000000002,10371
"(0.8666666666666667, 1.0)",1,98.35000000000002,10372
"(0.8, 1.0)",1,98.35000000000002,10373
"(0.9166666666666666, 1.0)",1,98.35000000000002,10374
"(0.9666666666666668, 1.0)",2,98.35000000000002,10376
"(0.75, 1.0)",1,98.35000000000002,10377
"(1.0, 1.0)",2,98.35,10379
"(0.95, 0.9958333333333332)",1,98.35,10380
"(0.8, 1.0)",1,98.35,10381
"(0.8333333333333334, 1.0)",1,98.35,10382
"(0.8333333333333334, 1.0)",1,98.35,10383
"(0.6833333333333333, 1.0)",1,98.35,10384
"(0.8166666666666667, 1.0)",3,98.35,10387
"(0.85, 1.0)",1,98.35,10388
"(0.9833333333333332, 1.0)",5,98.35,10393
"(0.9666666666666668, 1.0)",1,98.35,10394
"(0.8833333333333333, 1.0)",2,98.35,10396
"(0.9333333333333332, 1.0)",1,98.35,10397
"(0.8666666666666667, 1.0)",1,98.35,10398
"(0.85, 1.0)",2,98.35,10400
"(0.7, 1.0)",1,98.35,10401
"(0.9333333333333332, 0.9916666666666668)",1,98.34999999999997,10402
"(0.9583333333333334, 0.9958333333333332)",1,98.3499999999999,10403
"(0.925, 0.9916666666666668)",1,98.34999999999988,10404
"(0.9875, 0.9833333333333332)",1,98.34999999999984,10405
"(0.9208333333333332, 0.9875)",1,98.34999999999982,10406
"(0.8837209302325582, 1.0)",1,98.3488372093024,10407
"(0.813953488372093, 1.0)",1,98.34883720930236,10408
"(0.7325581395348837, 1.0)",1,98.34883720930236,10409
"(0.9186046511627908, 0.9883720930232558)",2,98.34883720930236,10411
"(0.8255813953488372, 1.0)",2,98.34883720930236,10413
"(0.9302325581395348, 0.9883720930232558)",1,98.34883720930236,10414
"(0.872093023255814, 1.0)",1,98.34883720930236,10415
"(0.9027777777777778, 1.0)",1,98.34722222222226,10416
"(0.7638888888888888, 0.9861111111111112)",1,98.34722222222226,10417
"(0.8333333333333334, 1.0)",1,98.34722222222226,10418
"(0.75, 1.0)",1,98.34722222222224,10419
"(0.8055555555555556, 1.0)",1,98.34722222222224,10420
"(0.9444444444444444, 1.0)",1,98.34722222222224,10421
"(0.7638888888888888, 1.0)",1,98.3472222222222,10422
"(0.8375, 0.9916666666666668)",1,98.3458333333333,10423
"(0.8666666666666667, 0.9958333333333332)",1,98.3458333333333,10424
"(0.9375, 0.9875)",1,98.34583333333327,10425
"(0.9916666666666668, 0.9958333333333332)",1,98.34583333333326,10426
"(0.9791666666666666, 0.9875)",1,98.34583333333325,10427
"(0.9291666666666668, 0.9875)",1,98.34583333333325,10428
"(0.9, 0.9958333333333332)",1,98.34583333333322,10429
"(0.9291666666666668, 0.9916666666666668)",1,98.3458333333332,10430
"(0.9875, 0.9708333333333332)",1,98.3458333333332,10431
"(0.925, 0.9916666666666668)",1,98.34583333333316,10432
"(0.95, 0.9875)",1,98.34583333333316,10433
"(0.9333333333333332, 0.9916666666666668)",1,98.34583333333316,10434
"(0.9, 0.9958333333333332)",1,98.34166666666668,10435
"(0.975, 0.9958333333333332)",1,98.34166666666655,10436
"(0.9125, 0.9916666666666668)",1,98.34166666666653,10437
"(0.9375, 0.9916666666666668)",1,98.3416666666665,10438
"(0.9125, 0.9875)",1,98.33749999999984,10439
"(0.872093023255814, 0.9883720930232558)",1,98.33720930232565,10440
"(0.9186046511627908, 1.0)",1,98.33720930232562,10441
"(0.8194444444444444, 1.0)",1,98.33333333333348,10442
"(0.7638888888888888, 1.0)",1,98.33333333333344,10443
"(0.9166666666666666, 1.0)",1,98.33333333333344,10444
"(0.8333333333333334, 0.9833333333333332)",2,98.3333333333334,10446
"(0.9666666666666668, 1.0)",1,98.3333333333334,10447
"(1.0, 1.0)",1,98.3333333333334,10448
"(0.8833333333333333, 0.9833333333333332)",1,98.3333333333334,10449
"(0.9166666666666666, 1.0)",1,98.33333333333336,10450
"(0.8666666666666667, 1.0)",1,98.33333333333336,10451
"(0.8333333333333334, 1.0)",2,98.33333333333336,10453
"(0.85, 1.0)",1,98.33333333333336,10454
"(0.8333333333333334, 0.9833333333333332)",1,98.33333333333336,10455
"(0.9833333333333332, 1.0)",1,98.33333333333334,10456
"(0.9666666666666668, 1.0)",1,98.33333333333334,10457
"(0.7666666666666667, 1.0)",1,98.33333333333334,10458
"(0.85, 1.0)",1,98.33333333333334,10459
"(1.0, 1.0)",3,98.33333333333334,10462
"(0.9333333333333332, 1.0)",1,98.33333333333334,10463
"(0.8833333333333333, 1.0)",4,98.33333333333334,10467
"(0.9, 1.0)",1,98.33333333333334,10468
"(0.95, 1.0)",2,98.33333333333334,10470
"(0.7833333333333333, 1.0)",1,98.33333333333331,10471
"(0.8666666666666667, 1.0)",2,98.33333333333331,10473
"(0.7166666666666667, 1.0)",2,98.33333333333331,10475
"(0.6944444444444444, 1.0)",1,98.33333333333331,10476
"(0.9666666666666668, 1.0)",1,98.33333333333331,10477
"(0.9833333333333332, 1.0)",1,98.33333333333331,10478
"(0.9333333333333332, 1.0)",3,98.33333333333331,10481
"(1.0, 1.0)",5,98.33333333333331,10486
"(0.85, 1.0)",1,98.33333333333331,10487
"(0.9, 1.0)",2,98.33333333333331,10489
"(0.9458333333333332, 0.9916666666666668)",1,98.3333333333333,10490
"(0.9208333333333332, 0.9958333333333332)",1,98.33333333333326,10491
"(0.9583333333333334, 0.9958333333333332)",1,98.33333333333324,10492
"(0.8958333333333334, 0.9958333333333332)",1,98.32916666666664,10493
"(0.95, 0.9958333333333332)",1,98.32916666666664,10494
"(0.9041666666666668, 0.9958333333333332)",1,98.32916666666662,10495
"(0.8625, 0.9958333333333332)",1,98.32916666666662,10496
"(0.85, 0.9958333333333332)",1,98.32916666666657,10497
"(0.925, 0.9875)",1,98.32916666666648,10498
"(0.8488372093023255, 1.0)",1,98.32558139534888,10499
"(0.8372093023255814, 1.0)",1,98.32558139534883,10500
"(0.9416666666666668, 0.9833333333333332)",1,98.325,10501
"(0.9375, 0.9958333333333332)",1,98.325,10502
"(0.8791666666666667, 0.9958333333333332)",1,98.32499999999996,10503
"(0.8875, 0.9916666666666668)",1,98.32499999999996,10504
"(0.9166666666666666, 0.9958333333333332)",1,98.32499999999987,10505
"(0.9166666666666666, 0.9875)",1,98.32499999999985,10506
"(0.9416666666666668, 0.9875)",1,98.32499999999985,10507
"(0.9791666666666666, 0.975)",1,98.32083333333335,10508
"(0.8541666666666666, 0.9958333333333332)",2,98.32083333333333,10510
"(0.9291666666666668, 0.9958333333333332)",1,98.32083333333324,10511
"(0.9833333333333332, 0.9833333333333332)",1,98.32083333333324,10512
"(0.9027777777777778, 0.9861111111111112)",1,98.31944444444464,10513
"(0.8333333333333334, 1.0)",1,98.31944444444456,10514
"(0.75, 0.9861111111111112)",1,98.31944444444451,10515
"(0.8472222222222222, 1.0)",2,98.3194444444445,10517
"(0.8333333333333334, 1.0)",1,98.31944444444446,10518
"(0.8611111111111112, 1.0)",1,98.31944444444446,10519
"(0.9305555555555556, 1.0)",1,98.31944444444444,10520
"(0.7083333333333334, 1.0)",1,98.31944444444444,10521
"(0.6805555555555556, 1.0)",1,98.31944444444444,10522
"(0.6944444444444444, 1.0)",1,98.31944444444444,10523
"(0.9166666666666666, 1.0)",1,98.31666666666672,10524
"(0.8333333333333334, 0.9833333333333332)",1,98.31666666666672,10525
"(0.7333333333333333, 1.0)",1,98.31666666666672,10526
"(0.9, 0.9666666666666668)",1,98.31666666666672,10527
"(0.8666666666666667, 1.0)",1,98.31666666666672,10528
"(0.8333333333333334, 0.9833333333333332)",1,98.3166666666667,10529
"(0.9166666666666666, 0.9666666666666668)",1,98.3166666666667,10530
"(0.95, 1.0)",1,98.3166666666667,10531
"(0.8666666666666667, 1.0)",2,98.3166666666667,10533
"(1.0, 1.0)",1,98.3166666666667,10534
"(0.9166666666666666, 1.0)",1,98.3166666666667,10535
"(0.7333333333333333, 1.0)",1,98.31666666666668,10536
"(0.8333333333333334, 1.0)",1,98.31666666666668,10537
"(0.8666666666666667, 1.0)",1,98.31666666666668,10538
"(0.8833333333333333, 1.0)",2,98.31666666666668,10540
"(0.85, 0.9958333333333332)",1,98.31666666666668,10541
"(0.8333333333333334, 1.0)",1,98.31666666666668,10542
"(0.7333333333333333, 1.0)",1,98.31666666666668,10543
"(0.85, 1.0)",1,98.31666666666668,10544
"(0.85, 1.0)",1,98.31666666666668,10545
"(0.75, 1.0)",1,98.31666666666668,10546
"(0.9333333333333332, 1.0)",1,98.31666666666668,10547
"(0.8, 1.0)",2,98.31666666666666,10549
"(0.9, 1.0)",2,98.31666666666666,10551
"(0.6666666666666666, 1.0)",1,98.31666666666666,10552
"(0.8666666666666667, 1.0)",1,98.31666666666666,10553
"(0.8166666666666667, 1.0)",1,98.31666666666666,10554
"(1.0, 1.0)",8,98.31666666666666,10562
"(0.9166666666666666, 1.0)",1,98.31666666666666,10563
"(0.8833333333333333, 1.0)",1,98.31666666666666,10564
"(0.9833333333333332, 1.0)",2,98.31666666666666,10566
"(0.95, 1.0)",1,98.31666666666666,10567
"(0.9666666666666668, 1.0)",1,98.31666666666666,10568
"(0.7666666666666667, 1.0)",1,98.31666666666666,10569
"(0.8833333333333333, 0.9916666666666668)",1,98.31666666666663,10570
"(0.9541666666666668, 0.9958333333333332)",1,98.31666666666663,10571
"(0.85, 0.9958333333333332)",1,98.31666666666663,10572
"(0.9, 0.9916666666666668)",1,98.31666666666658,10573
"(0.9291666666666668, 0.9875)",1,98.31666666666656,10574
"(0.9291666666666668, 0.9875)",1,98.31666666666656,10575
"(0.9541666666666668, 0.9875)",1,98.31666666666656,10576
"(0.9166666666666666, 0.9875)",1,98.3166666666665,10577
"(0.872093023255814, 1.0)",1,98.31395348837218,10578
"(0.8837209302325582, 0.9883720930232558)",1,98.31395348837214,10579
"(0.7906976744186046, 1.0)",1,98.31395348837214,10580
"(0.9375, 0.9958333333333332)",1,98.31249999999994,10581
"(0.85, 0.9916666666666668)",1,98.31249999999984,10582
"(0.8541666666666666, 0.9958333333333332)",1,98.30833333333324,10583
"(0.9083333333333332, 0.9916666666666668)",1,98.30833333333324,10584
"(0.9875, 0.9708333333333332)",1,98.30833333333324,10585
"(0.9375, 0.9916666666666668)",1,98.30833333333322,10586
"(0.925, 0.9875)",1,98.30833333333317,10587
"(0.9, 0.9916666666666668)",1,98.30833333333314,10588
"(0.9305555555555556, 0.9861111111111112)",1,98.30555555555576,10589
"(0.9027777777777778, 1.0)",1,98.30555555555571,10590
"(0.9444444444444444, 1.0)",1,98.30555555555571,10591
"(0.8333333333333334, 1.0)",1,98.30555555555556,10592
"(0.8472222222222222, 1.0)",1,98.30555555555556,10593
"(0.7638888888888888, 1.0)",1,98.30555555555556,10594
"(0.8333333333333334, 1.0)",1,98.30555555555556,10595
"(0.9208333333333332, 0.9791666666666666)",1,98.30416666666667,10596
"(0.8666666666666667, 0.9958333333333332)",1,98.30416666666665,10597
"(0.8791666666666667, 0.9916666666666668)",1,98.30416666666665,10598
"(0.9333333333333332, 0.9958333333333332)",1,98.3041666666666,10599
"(0.9208333333333332, 0.9875)",1,98.30416666666656,10600
"(0.8916666666666667, 0.9875)",1,98.30416666666656,10601
"(0.875, 0.9875)",1,98.30416666666656,10602
"(0.9375, 0.9875)",1,98.30416666666652,10603
"(0.9302325581395348, 1.0)",1,98.3023255813954,10604
"(0.8837209302325582, 0.9767441860465116)",1,98.3023255813954,10605
"(0.8023255813953488, 1.0)",1,98.30232558139537,10606
"(0.7906976744186046, 1.0)",1,98.30232558139537,10607
"(0.8666666666666667, 1.0)",1,98.30000000000004,10608
"(0.9666666666666668, 0.9833333333333332)",1,98.30000000000004,10609
"(0.8833333333333333, 0.9833333333333332)",2,98.30000000000004,10611
"(0.85, 1.0)",1,98.30000000000004,10612
"(0.8, 1.0)",1,98.30000000000004,10613
"(1.0, 0.9833333333333332)",1,98.30000000000004,10614
"(0.9333333333333332, 1.0)",1,98.30000000000004,10615
"(0.8, 0.9833333333333332)",1,98.30000000000004,10616
"(0.9166666666666666, 1.0)",1,98.30000000000004,10617
"(0.85, 0.95)",1,98.30000000000004,10618
"(0.8833333333333333, 1.0)",1,98.30000000000004,10619
"(0.9833333333333332, 1.0)",1,98.3,10620
"(0.8833333333333333, 1.0)",4,98.3,10624
"(1.0, 1.0)",3,98.3,10627
"(0.75, 1.0)",1,98.3,10628
"(0.8666666666666667, 1.0)",1,98.3,10629
"(0.95, 1.0)",1,98.3,10630
"(0.6833333333333333, 1.0)",1,98.3,10631
"(0.7833333333333333, 1.0)",1,98.3,10632
"(0.8166666666666667, 1.0)",2,98.3,10634
"(0.8666666666666667, 1.0)",1,98.3,10635
"(0.9, 1.0)",1,98.3,10636
"(0.7333333333333333, 1.0)",1,98.3,10637
"(0.9666666666666668, 1.0)",1,98.3,10638
"(0.7333333333333333, 1.0)",1,98.3,10639
"(0.9166666666666666, 1.0)",2,98.3,10641
"(0.9, 1.0)",1,98.3,10642
"(1.0, 1.0)",1,98.3,10643
"(0.975, 0.9958333333333332)",1,98.29999999999995,10644
"(0.9375, 0.9916666666666668)",1,98.29999999999993,10645
"(0.8916666666666667, 0.9958333333333332)",1,98.29999999999993,10646
"(0.875, 0.9958333333333332)",1,98.2999999999999,10647
"(0.9208333333333332, 0.9958333333333332)",1,98.29999999999988,10648
"(0.9291666666666668, 0.9958333333333332)",1,98.29999999999986,10649
"(0.9625, 0.9916666666666668)",1,98.29999999999986,10650
"(0.9625, 0.9958333333333332)",1,98.29999999999986,10651
"(0.9208333333333332, 0.9875)",1,98.29999999999984,10652
"(0.9125, 0.9875)",1,98.29999999999984,10653
"(0.8541666666666666, 0.9916666666666668)",1,98.2999999999998,10654
"(0.9791666666666666, 0.9833333333333332)",1,98.29999999999976,10655
"(0.9125, 0.9875)",1,98.29583333333323,10656
"(0.9333333333333332, 0.9916666666666668)",1,98.29583333333322,10657
"(0.85, 0.9916666666666668)",1,98.2958333333332,10658
"(0.975, 0.9916666666666668)",1,98.29583333333318,10659
"(0.9125, 0.9916666666666668)",1,98.29583333333316,10660
"(0.9305555555555556, 0.9861111111111112)",1,98.29166666666684,10661
"(0.7777777777777778, 1.0)",1,98.29166666666671,10662
"(0.8611111111111112, 0.9861111111111112)",1,98.29166666666671,10663
"(0.8888888888888888, 1.0)",1,98.2916666666667,10664
"(0.875, 1.0)",1,98.29166666666669,10665
"(0.9305555555555556, 1.0)",1,98.29166666666669,10666
"(0.9166666666666666, 1.0)",2,98.29166666666669,10668
"(0.9625, 0.9958333333333332)",1,98.29166666666666,10669
"(0.95, 0.9958333333333332)",1,98.2916666666666,10670
"(0.95, 0.9916666666666668)",1,98.2916666666666,10671
"(0.9916666666666668, 0.9916666666666668)",1,98.2916666666666,10672
"(0.9208333333333332, 0.975)",1,98.2916666666666,10673
"(0.9333333333333332, 0.9916666666666668)",1,98.29166666666656,10674
"(0.95, 0.9958333333333332)",1,98.29166666666656,10675
"(0.9, 0.9875)",2,98.29166666666654,10677
"(0.9375, 0.9875)",1,98.29166666666654,10678
"(0.9416666666666668, 0.9916666666666668)",1,98.29166666666652,10679
"(0.7674418604651163, 1.0)",1,98.29069767441864,10680
"(0.5930232558139535, 1.0)",1,98.29069767441862,10681
"(0.6162790697674418, 1.0)",1,98.29069767441862,10682
"(0.7674418604651163, 1.0)",1,98.29069767441862,10683
"(0.9666666666666668, 0.9958333333333332)",1,98.28750000000008,10684
"(0.9541666666666668, 0.9875)",1,98.28749999999984,10685
"(0.9083333333333332, 0.9916666666666668)",1,98.28749999999977,10686
"(0.9, 1.0)",1,98.2833333333334,10687
"(0.8833333333333333, 1.0)",2,98.2833333333334,10689
"(0.8333333333333334, 0.9666666666666668)",1,98.2833333333334,10690
"(0.8333333333333334, 1.0)",1,98.2833333333334,10691
"(0.8833333333333333, 0.9833333333333332)",2,98.2833333333334,10693
"(0.9166666666666666, 1.0)",1,98.2833333333334,10694
"(1.0, 1.0)",1,98.2833333333334,10695
"(0.8666666666666667, 1.0)",2,98.28333333333336,10697
"(0.7166666666666667, 1.0)",1,98.28333333333336,10698
"(0.6666666666666666, 1.0)",1,98.28333333333336,10699
"(0.9, 1.0)",2,98.28333333333336,10701
"(0.9291666666666668, 0.9958333333333332)",1,98.28333333333336,10702
"(0.95, 1.0)",1,98.28333333333336,10703
"(0.75, 1.0)",1,98.28333333333336,10704
"(0.9166666666666666, 1.0)",3,98.28333333333336,10707
"(0.8333333333333334, 1.0)",2,98.28333333333336,10709
"(0.9, 0.9666666666666668)",1,98.28333333333336,10710
"(1.0, 1.0)",1,98.28333333333336,10711
"(0.9833333333333332, 1.0)",1,98.28333333333336,10712
"(0.7833333333333333, 1.0)",1,98.28333333333336,10713
"(0.9, 1.0)",2,98.28333333333336,10715
"(0.75, 1.0)",2,98.28333333333336,10717
"(0.7333333333333333, 1.0)",2,98.28333333333336,10719
"(0.8333333333333334, 1.0)",1,98.28333333333336,10720
"(0.9833333333333332, 1.0)",2,98.28333333333332,10722
"(0.9458333333333332, 0.9833333333333332)",1,98.28333333333332,10723
"(0.7333333333333333, 1.0)",1,98.28333333333332,10724
"(0.8666666666666667, 1.0)",2,98.28333333333332,10726
"(0.9166666666666666, 1.0)",2,98.28333333333332,10728
"(0.9, 1.0)",1,98.28333333333332,10729
"(1.0, 1.0)",2,98.28333333333332,10731
"(0.85, 0.9916666666666668)",1,98.28333333333332,10732
"(0.9666666666666668, 1.0)",2,98.28333333333332,10734
"(0.9333333333333332, 1.0)",2,98.28333333333332,10736
"(0.8166666666666667, 1.0)",2,98.28333333333332,10738
"(0.8333333333333334, 1.0)",2,98.28333333333332,10740
"(0.9375, 0.9916666666666668)",1,98.28333333333326,10741
"(0.9833333333333332, 0.9875)",1,98.28333333333325,10742
"(0.9291666666666668, 0.9958333333333332)",1,98.2833333333332,10743
"(0.8958333333333334, 0.9875)",1,98.2833333333332,10744
"(0.8833333333333333, 0.9875)",1,98.2833333333332,10745
"(0.9416666666666668, 0.9875)",1,98.2833333333332,10746
"(0.9625, 0.9875)",1,98.2833333333332,10747
"(0.9208333333333332, 0.9958333333333332)",1,98.2833333333332,10748
"(0.95, 0.9875)",1,98.28333333333316,10749
"(0.8666666666666667, 0.9916666666666668)",1,98.27916666666664,10750
"(0.9833333333333332, 0.9916666666666668)",2,98.27916666666664,10752
"(0.9375, 0.9958333333333332)",1,98.2791666666666,10753
"(0.9041666666666668, 0.9833333333333332)",1,98.27916666666658,10754
"(0.9541666666666668, 0.9875)",1,98.27916666666655,10755
"(0.9791666666666666, 0.9916666666666668)",1,98.27916666666655,10756
"(0.9875, 0.9916666666666668)",1,98.27916666666655,10757
"(0.95, 0.9958333333333332)",1,98.27916666666653,10758
"(0.8023255813953488, 1.0)",1,98.2790697674419,10759
"(0.9444444444444444, 0.9861111111111112)",1,98.27777777777796,10760
"(0.9166666666666666, 0.9861111111111112)",2,98.27777777777786,10762
"(0.6944444444444444, 1.0)",1,98.27777777777784,10763
"(0.8055555555555556, 1.0)",1,98.2777777777778,10764
"(0.9027777777777778, 1.0)",1,98.2777777777778,10765
"(0.8333333333333334, 1.0)",1,98.2777777777778,10766
"(0.9916666666666668, 0.9833333333333332)",1,98.275,10767
"(0.975, 0.9958333333333332)",1,98.275,10768
"(0.9041666666666668, 0.9916666666666668)",1,98.27499999999998,10769
"(0.95, 0.9833333333333332)",2,98.27499999999992,10771
"(0.9, 0.9916666666666668)",1,98.27499999999992,10772
"(0.95, 0.9916666666666668)",1,98.27499999999992,10773
"(0.95, 0.9875)",1,98.27499999999992,10774
"(0.9333333333333332, 0.9916666666666668)",1,98.27499999999988,10775
"(0.9291666666666668, 0.9875)",1,98.27499999999988,10776
"(0.9291666666666668, 0.9875)",1,98.27499999999986,10777
"(0.9375, 0.9916666666666668)",1,98.27499999999986,10778
"(0.8625, 0.9916666666666668)",1,98.27499999999986,10779
"(0.9375, 0.9916666666666668)",1,98.27499999999984,10780
"(0.8958333333333334, 0.9875)",1,98.27499999999982,10781
"(0.975, 0.9916666666666668)",1,98.2749999999998,10782
"(0.9875, 0.9791666666666666)",1,98.2708333333334,10783
"(0.9375, 0.9958333333333332)",1,98.2708333333333,10784
"(0.9375, 0.9916666666666668)",1,98.27083333333329,10785
"(0.9375, 0.9958333333333332)",1,98.27083333333329,10786
"(0.9875, 0.9791666666666666)",1,98.27083333333324,10787
"(0.925, 0.9958333333333332)",1,98.27083333333324,10788
"(0.9583333333333334, 0.9875)",1,98.2708333333332,10789
"(0.9875, 0.9916666666666668)",1,98.2708333333332,10790
"(0.8666666666666667, 0.9916666666666668)",1,98.2708333333332,10791
"(0.9375, 0.9958333333333332)",1,98.2708333333332,10792
"(0.9208333333333332, 0.9916666666666668)",2,98.27083333333316,10794
"(0.9166666666666666, 0.9875)",1,98.27083333333316,10795
"(0.8255813953488372, 0.9883720930232558)",1,98.26744186046515,10796
"(0.6162790697674418, 1.0)",1,98.26744186046515,10797
"(0.8953488372093024, 1.0)",1,98.26744186046514,10798
"(0.9534883720930232, 1.0)",1,98.26744186046514,10799
"(0.8488372093023255, 1.0)",1,98.26744186046514,10800
"(0.9, 0.9833333333333332)",1,98.26666666666672,10801
"(0.9375, 0.9958333333333332)",1,98.26666666666672,10802
"(0.8333333333333334, 1.0)",1,98.26666666666672,10803
"(0.8833333333333333, 1.0)",1,98.26666666666672,10804
"(0.8833333333333333, 1.0)",1,98.2666666666667,10805
"(0.9833333333333332, 1.0)",1,98.2666666666667,10806
"(0.7833333333333333, 1.0)",1,98.2666666666667,10807
"(0.75, 1.0)",1,98.2666666666667,10808
"(0.8666666666666667, 1.0)",1,98.2666666666667,10809
"(0.8, 1.0)",1,98.2666666666667,10810
"(0.9, 1.0)",2,98.26666666666668,10812
"(0.95, 1.0)",1,98.26666666666668,10813
"(0.9333333333333332, 1.0)",1,98.26666666666668,10814
"(0.8833333333333333, 1.0)",6,98.26666666666668,10820
"(0.7, 1.0)",1,98.26666666666668,10821
"(0.9666666666666668, 1.0)",1,98.26666666666668,10822
"(0.8666666666666667, 1.0)",2,98.26666666666668,10824
"(1.0, 1.0)",6,98.26666666666668,10830
"(0.9833333333333332, 1.0)",1,98.26666666666668,10831
"(0.9666666666666668, 1.0)",5,98.26666666666668,10836
"(0.7166666666666667, 1.0)",2,98.26666666666668,10838
"(0.7666666666666667, 1.0)",2,98.26666666666668,10840
"(0.8166666666666667, 1.0)",4,98.26666666666668,10844
"(0.85, 1.0)",6,98.26666666666668,10850
"(0.9833333333333332, 1.0)",2,98.26666666666668,10852
"(1.0, 1.0)",1,98.26666666666664,10853
"(0.9916666666666668, 0.9916666666666668)",1,98.26666666666664,10854
"(0.7666666666666667, 1.0)",1,98.26666666666664,10855
"(0.9083333333333332, 0.9875)",1,98.26666666666662,10856
"(0.8791666666666667, 0.9958333333333332)",1,98.26666666666658,10857
"(0.875, 0.9958333333333332)",1,98.26666666666657,10858
"(0.95, 0.9875)",1,98.26666666666657,10859
"(0.8833333333333333, 0.9875)",1,98.26666666666657,10860
"(0.9291666666666668, 0.9958333333333332)",1,98.26666666666654,10861
"(0.925, 0.9958333333333332)",1,98.26666666666652,10862
"(0.9166666666666666, 0.9875)",1,98.26666666666652,10863
"(0.9208333333333332, 0.9875)",1,98.2666666666665,10864
"(0.9166666666666666, 0.9861111111111112)",1,98.26388888888908,10865
"(0.9027777777777778, 1.0)",1,98.26388888888891,10866
"(0.8333333333333334, 1.0)",3,98.26388888888891,10869
"(0.7222222222222222, 1.0)",1,98.2638888888889,10870
"(0.7777777777777778, 1.0)",1,98.26388888888889,10871
"(0.8791666666666667, 0.9958333333333332)",1,98.26250000000005,10872
"(0.8666666666666667, 0.9958333333333332)",1,98.2625,10873
"(0.9875, 0.9958333333333332)",1,98.26249999999996,10874
"(1.0, 0.9833333333333332)",1,98.26249999999996,10875
"(0.9375, 0.9958333333333332)",2,98.26249999999992,10877
"(0.9, 0.9875)",1,98.2624999999999,10878
"(0.8791666666666667, 0.9875)",1,98.2624999999999,10879
"(0.9416666666666668, 0.9875)",1,98.26249999999987,10880
"(0.8958333333333334, 0.9916666666666668)",1,98.26249999999987,10881
"(0.9291666666666668, 0.9958333333333332)",1,98.26249999999987,10882
"(0.9375, 0.9916666666666668)",1,98.26249999999985,10883
"(0.9333333333333332, 0.9875)",1,98.26249999999985,10884
"(0.9, 0.9958333333333332)",1,98.25833333333338,10885
"(0.8541666666666666, 0.9958333333333332)",1,98.25833333333328,10886
"(0.9083333333333332, 0.9875)",1,98.25833333333324,10887
"(0.875, 0.9958333333333332)",1,98.25833333333324,10888
"(0.9833333333333332, 0.9958333333333332)",1,98.25833333333324,10889
"(0.6162790697674418, 0.9883720930232558)",1,98.25581395348844,10890
"(0.6162790697674418, 1.0)",1,98.2558139534884,10891
"(0.9186046511627908, 1.0)",1,98.2558139534884,10892
"(0.7441860465116279, 0.9883720930232558)",1,98.2558139534884,10893
"(0.7441860465116279, 0.9883720930232558)",1,98.25581395348838,10894
"(0.975, 0.9958333333333332)",1,98.25416666666666,10895
"(0.9208333333333332, 0.9875)",2,98.25416666666662,10897
"(0.9125, 0.9958333333333332)",1,98.2541666666666,10898
"(0.8666666666666667, 0.9958333333333332)",1,98.25416666666658,10899
"(0.8125, 0.9833333333333332)",1,98.25416666666656,10900
"(0.8375, 0.9958333333333332)",1,98.25416666666656,10901
"(0.8541666666666666, 0.9916666666666668)",1,98.25416666666652,10902
"(0.9125, 0.9916666666666668)",1,98.25416666666648,10903
"(0.975, 0.9916666666666668)",1,98.25416666666648,10904
"(0.7638888888888888, 0.9861111111111112)",2,98.2500000000002,10906
"(0.9444444444444444, 0.9861111111111112)",1,98.2500000000002,10907
"(1.0, 0.9833333333333332)",1,98.25000000000009,10908
"(0.8, 0.9833333333333332)",1,98.25000000000006,10909
"(0.7166666666666667, 1.0)",1,98.25000000000006,10910
"(0.9166666666666666, 0.9833333333333332)",2,98.25000000000006,10912
"(0.9, 1.0)",4,98.25000000000004,10916
"(0.8333333333333334, 0.9833333333333332)",1,98.25000000000004,10917
"(0.95, 1.0)",1,98.25000000000004,10918
"(0.8611111111111112, 1.0)",1,98.25000000000004,10919
"(0.9, 1.0)",1,98.25000000000004,10920
"(0.7638888888888888, 1.0)",1,98.25000000000004,10921
"(0.8666666666666667, 1.0)",2,98.25000000000004,10923
"(0.8333333333333334, 1.0)",1,98.25000000000004,10924
"(0.9833333333333332, 1.0)",1,98.25000000000004,10925
"(0.75, 1.0)",1,98.25000000000004,10926
"(0.8166666666666667, 1.0)",1,98.25000000000004,10927
"(0.85, 1.0)",6,98.25,10933
"(0.95, 1.0)",4,98.25,10937
"(0.8333333333333334, 1.0)",1,98.25,10938
"(0.8472222222222222, 1.0)",1,98.25,10939
"(0.9666666666666668, 1.0)",1,98.25,10940
"(0.6833333333333333, 1.0)",1,98.25,10941
"(0.9027777777777778, 1.0)",1,98.25,10942
"(0.8791666666666667, 0.9958333333333332)",1,98.25,10943
"(0.8666666666666667, 1.0)",1,98.25,10944
"(0.7638888888888888, 1.0)",1,98.25,10945
"(0.8333333333333334, 1.0)",1,98.25,10946
"(0.7, 1.0)",1,98.25,10947
"(0.8166666666666667, 1.0)",2,98.25,10949
"(0.9333333333333332, 1.0)",1,98.25,10950
"(0.9166666666666666, 1.0)",2,98.25,10952
"(0.9833333333333332, 1.0)",1,98.25,10953
"(0.8833333333333333, 1.0)",3,98.25,10956
"(1.0, 1.0)",4,98.25,10960
"(0.8666666666666667, 1.0)",1,98.25,10961
"(0.75, 1.0)",3,98.25,10964
"(0.8791666666666667, 0.9958333333333332)",1,98.24999999999996,10965
"(0.9083333333333332, 0.9916666666666668)",1,98.24999999999991,10966
"(0.9583333333333334, 0.9916666666666668)",1,98.24999999999991,10967
"(0.9833333333333332, 0.9875)",1,98.2499999999999,10968
"(0.9375, 0.9958333333333332)",1,98.24999999999989,10969
"(0.9125, 0.9875)",1,98.24999999999984,10970
"(0.95, 0.9875)",2,98.24999999999976,10972
"(0.875, 0.9958333333333332)",2,98.24583333333328,10974
"(0.9125, 0.9875)",1,98.24583333333322,10975
"(0.9625, 0.9875)",1,98.24583333333322,10976
"(0.925, 0.9875)",2,98.24583333333317,10978
"(0.9458333333333332, 0.9875)",1,98.24583333333312,10979
"(0.9186046511627908, 1.0)",1,98.24418604651169,10980
"(0.4883720930232558, 0.9883720930232558)",1,98.24418604651169,10981
"(0.7674418604651163, 1.0)",1,98.24418604651166,10982
"(0.5930232558139535, 1.0)",1,98.24418604651166,10983
"(0.8166666666666667, 0.9958333333333332)",1,98.2416666666667,10984
"(0.9125, 0.9916666666666668)",1,98.2416666666666,10985
"(0.9041666666666668, 0.9958333333333332)",2,98.24166666666656,10987
"(0.9125, 0.9875)",1,98.24166666666652,10988
"(0.975, 0.9916666666666668)",1,98.24166666666652,10989
"(0.8958333333333334, 0.9916666666666668)",1,98.23749999999993,10990
"(0.9375, 0.9875)",1,98.23749999999988,10991
"(0.925, 0.9875)",1,98.23749999999986,10992
"(0.9208333333333332, 0.9875)",1,98.23749999999986,10993
"(0.9375, 0.9875)",1,98.23749999999986,10994
"(0.9375, 0.9916666666666668)",1,98.2374999999998,10995
"(0.9444444444444444, 0.9861111111111112)",2,98.23611111111128,10997
"(0.7638888888888888, 0.9861111111111112)",1,98.23611111111128,10998
"(0.7777777777777778, 1.0)",1,98.23611111111124,10999
"(0.875, 1.0)",1,98.23611111111116,11000
"(0.9305555555555556, 1.0)",1,98.23611111111116,11001
"(0.75, 1.0)",1,98.23611111111114,11002
"(0.7777777777777778, 1.0)",1,98.23611111111114,11003
"(0.7638888888888888, 1.0)",1,98.23611111111111,11004
"(0.9166666666666666, 0.9861111111111112)",1,98.23611111111111,11005
"(0.8194444444444444, 1.0)",1,98.23611111111111,11006
"(0.7777777777777778, 0.9861111111111112)",1,98.23611111111111,11007
"(0.9722222222222222, 1.0)",1,98.23611111111111,11008
"(0.8611111111111112, 1.0)",1,98.23611111111111,11009
"(0.8333333333333334, 1.0)",1,98.2333333333334,11010
"(0.9166666666666666, 1.0)",1,98.2333333333334,11011
"(0.8333333333333334, 1.0)",1,98.23333333333338,11012
"(0.9333333333333332, 1.0)",1,98.23333333333338,11013
"(0.8166666666666667, 1.0)",1,98.23333333333338,11014
"(0.8916666666666667, 0.9958333333333332)",2,98.23333333333338,11016
"(0.9, 1.0)",3,98.23333333333336,11019
"(0.8833333333333333, 1.0)",1,98.23333333333336,11020
"(0.7166666666666667, 1.0)",1,98.23333333333336,11021
"(0.9833333333333332, 1.0)",3,98.23333333333336,11024
"(0.8833333333333333, 1.0)",2,98.23333333333336,11026
"(0.8166666666666667, 1.0)",1,98.23333333333336,11027
"(0.75, 1.0)",1,98.23333333333336,11028
"(0.75, 1.0)",2,98.23333333333336,11030
"(0.9333333333333332, 1.0)",1,98.23333333333336,11031
"(0.85, 1.0)",1,98.23333333333336,11032
"(0.8333333333333334, 1.0)",3,98.23333333333336,11035
"(0.8666666666666667, 1.0)",1,98.23333333333336,11036
"(0.5333333333333333, 1.0)",1,98.23333333333336,11037
"(0.8166666666666667, 1.0)",3,98.23333333333332,11040
"(0.9833333333333332, 1.0)",2,98.23333333333332,11042
"(0.6666666666666666, 1.0)",1,98.23333333333332,11043
"(0.7166666666666667, 1.0)",3,98.23333333333332,11046
"(0.8333333333333334, 1.0)",1,98.23333333333332,11047
"(0.8833333333333333, 1.0)",2,98.23333333333332,11049
"(0.9166666666666666, 1.0)",2,98.23333333333332,11051
"(0.8833333333333333, 1.0)",1,98.23333333333332,11052
"(0.85, 1.0)",1,98.23333333333332,11053
"(1.0, 1.0)",2,98.23333333333332,11055
"(0.8666666666666667, 1.0)",1,98.23333333333332,11056
"(0.925, 0.9916666666666668)",1,98.23333333333326,11057
"(0.9291666666666668, 1.0)",1,98.23333333333326,11058
"(0.9041666666666668, 0.9875)",2,98.23333333333323,11060
"(0.9083333333333332, 0.9916666666666668)",2,98.2333333333332,11062
"(0.8255813953488372, 0.9883720930232558)",1,98.23255813953492,11063
"(0.9069767441860463, 1.0)",1,98.23255813953492,11064
"(0.7441860465116279, 0.9883720930232558)",2,98.23255813953492,11066
"(0.8255813953488372, 1.0)",1,98.23255813953487,11067
"(0.95, 0.9541666666666668)",1,98.2291666666666,11068
"(0.9041666666666668, 0.9916666666666668)",1,98.2291666666666,11069
"(0.9875, 0.9916666666666668)",1,98.2291666666666,11070
"(0.9708333333333332, 0.9875)",1,98.22916666666654,11071
"(0.9375, 0.9875)",1,98.22916666666652,11072
"(0.9166666666666666, 0.9875)",1,98.2291666666665,11073
"(0.8541666666666666, 0.9958333333333332)",1,98.22499999999992,11074
"(0.8833333333333333, 0.9875)",1,98.22499999999988,11075
"(0.9208333333333332, 0.9875)",1,98.22499999999988,11076
"(0.9333333333333332, 0.9916666666666668)",1,98.22499999999984,11077
"(0.9444444444444444, 0.9861111111111112)",1,98.2222222222224,11078
"(0.7638888888888888, 0.9861111111111112)",1,98.2222222222224,11079
"(0.7638888888888888, 0.9861111111111112)",2,98.22222222222236,11081
"(0.9027777777777778, 1.0)",1,98.22222222222231,11082
"(0.7222222222222222, 1.0)",1,98.2222222222223,11083
"(0.9722222222222222, 1.0)",1,98.22222222222226,11084
"(0.8611111111111112, 1.0)",1,98.22222222222224,11085
"(0.7638888888888888, 1.0)",1,98.22222222222224,11086
"(0.875, 1.0)",1,98.22222222222224,11087
"(0.9305555555555556, 0.9861111111111112)",1,98.22222222222224,11088
"(0.75, 1.0)",1,98.22222222222224,11089
"(0.9305555555555556, 1.0)",1,98.2222222222222,11090
"(0.7674418604651163, 1.0)",1,98.2209302325582,11091
"(0.813953488372093, 1.0)",1,98.22093023255816,11092
"(0.8255813953488372, 1.0)",1,98.22093023255816,11093
"(0.872093023255814, 0.9883720930232558)",1,98.22093023255816,11094
"(0.7674418604651163, 1.0)",1,98.22093023255816,11095
"(0.9625, 0.9958333333333332)",1,98.2208333333333,11096
"(0.9291666666666668, 0.9916666666666668)",1,98.22083333333327,11097
"(0.8625, 0.9916666666666668)",1,98.22083333333325,11098
"(0.9541666666666668, 0.9916666666666668)",1,98.22083333333322,11099
"(0.8, 1.0)",1,98.21666666666673,11100
"(0.8833333333333333, 1.0)",1,98.21666666666673,11101
"(0.8666666666666667, 1.0)",1,98.21666666666673,11102
"(0.8166666666666667, 1.0)",1,98.2166666666667,11103
"(0.9166666666666666, 1.0)",1,98.2166666666667,11104
"(0.9333333333333332, 1.0)",1,98.21666666666668,11105
"(0.9833333333333332, 1.0)",1,98.21666666666668,11106
"(0.7333333333333333, 1.0)",1,98.21666666666668,11107
"(0.9, 1.0)",4,98.21666666666668,11111
"(0.8833333333333333, 1.0)",1,98.21666666666668,11112
"(1.0, 1.0)",1,98.21666666666668,11113
"(0.7166666666666667, 1.0)",3,98.21666666666668,11116
"(0.8, 1.0)",1,98.21666666666668,11117
"(0.7666666666666667, 1.0)",1,98.21666666666668,11118
"(0.9166666666666666, 1.0)",1,98.21666666666668,11119
"(0.8833333333333333, 1.0)",2,98.21666666666668,11121
"(0.9333333333333332, 1.0)",1,98.21666666666668,11122
"(0.8166666666666667, 1.0)",1,98.21666666666668,11123
"(0.75, 1.0)",2,98.21666666666668,11125
"(0.9583333333333334, 0.9958333333333332)",1,98.21666666666668,11126
"(0.8666666666666667, 1.0)",3,98.21666666666668,11129
"(0.7833333333333333, 1.0)",2,98.21666666666668,11131
"(0.85, 1.0)",1,98.21666666666668,11132
"(0.8333333333333334, 1.0)",1,98.21666666666668,11133
"(0.9833333333333332, 1.0)",1,98.21666666666668,11134
"(0.9625, 0.9916666666666668)",1,98.2166666666666,11135
"(0.95, 0.9916666666666668)",1,98.21666666666655,11136
"(0.925, 0.9875)",1,98.21666666666654,11137
"(0.9416666666666668, 0.9875)",1,98.21666666666653,11138
"(0.8666666666666667, 0.9958333333333332)",1,98.21249999999992,11139
"(0.9208333333333332, 0.9916666666666668)",1,98.21249999999992,11140
"(0.9875, 0.9791666666666666)",1,98.2124999999999,11141
"(0.9125, 0.9875)",1,98.21249999999988,11142
"(0.9333333333333332, 0.9958333333333332)",1,98.21249999999988,11143
"(0.9291666666666668, 0.9916666666666668)",1,98.21249999999988,11144
"(0.9375, 0.9916666666666668)",1,98.21249999999982,11145
"(0.9186046511627908, 1.0)",1,98.20930232558143,11146
"(0.8837209302325582, 1.0)",1,98.20930232558142,11147
"(0.7674418604651163, 1.0)",2,98.2093023255814,11149
"(0.8472222222222222, 0.9861111111111112)",1,98.20833333333351,11150
"(0.7361111111111112, 0.9861111111111112)",1,98.2083333333335,11151
"(0.7777777777777778, 1.0)",1,98.20833333333348,11152
"(0.8888888888888888, 0.9861111111111112)",2,98.20833333333348,11154
"(0.875, 0.9861111111111112)",2,98.20833333333346,11156
"(0.9444444444444444, 1.0)",1,98.20833333333336,11157
"(0.7777777777777778, 0.9861111111111112)",1,98.20833333333336,11158
"(0.8055555555555556, 1.0)",1,98.20833333333336,11159
"(0.8888888888888888, 1.0)",2,98.20833333333334,11161
"(0.7777777777777778, 1.0)",1,98.20833333333334,11162
"(0.7083333333333334, 1.0)",1,98.20833333333334,11163
"(0.9027777777777778, 1.0)",2,98.20833333333334,11165
"(0.8791666666666667, 0.9958333333333332)",1,98.20833333333331,11166
"(0.7638888888888888, 1.0)",1,98.20833333333331,11167
"(0.875, 0.9958333333333332)",1,98.2083333333333,11168
"(0.9625, 0.9958333333333332)",1,98.20833333333329,11169
"(0.9333333333333332, 0.9958333333333332)",1,98.2083333333332,11170
"(0.85, 0.9916666666666668)",2,98.20833333333314,11172
"(0.9, 0.9958333333333332)",1,98.20416666666662,11173
"(0.95, 0.9958333333333332)",1,98.20416666666657,11174
"(0.9, 0.9875)",1,98.20416666666654,11175
"(0.9625, 0.9875)",1,98.20416666666652,11176
"(0.9125, 0.9875)",2,98.20416666666652,11178
"(0.9166666666666666, 0.9875)",2,98.20416666666652,11180
"(0.9166666666666666, 0.9833333333333332)",1,98.20000000000006,11181
"(0.9666666666666668, 1.0)",1,98.20000000000006,11182
"(0.9, 1.0)",1,98.20000000000005,11183
"(0.9166666666666666, 1.0)",2,98.20000000000005,11185
"(0.8, 1.0)",2,98.20000000000005,11187
"(0.7333333333333333, 1.0)",1,98.20000000000005,11188
"(0.9, 1.0)",1,98.20000000000005,11189
"(0.8833333333333333, 1.0)",2,98.20000000000005,11191
"(0.9333333333333332, 1.0)",2,98.20000000000005,11193
"(0.9666666666666668, 1.0)",2,98.20000000000005,11195
"(0.9416666666666668, 0.9958333333333332)",1,98.20000000000005,11196
"(0.85, 1.0)",1,98.20000000000002,11197
"(0.9333333333333332, 1.0)",1,98.20000000000002,11198
"(0.75, 1.0)",2,98.20000000000002,11200
"(1.0, 1.0)",2,98.20000000000002,11202
"(0.8833333333333333, 1.0)",1,98.20000000000002,11203
"(0.7333333333333333, 1.0)",2,98.20000000000002,11205
"(0.8666666666666667, 1.0)",3,98.20000000000002,11208
"(0.7, 1.0)",1,98.2,11209
"(0.6833333333333333, 1.0)",2,98.2,11211
"(0.9333333333333332, 1.0)",1,98.2,11212
"(0.9166666666666666, 1.0)",1,98.2,11213
"(0.9333333333333332, 1.0)",1,98.2,11214
"(0.85, 1.0)",2,98.2,11216
"(0.7166666666666667, 1.0)",1,98.2,11217
"(0.8833333333333333, 1.0)",2,98.2,11219
"(1.0, 1.0)",1,98.2,11220
"(0.8333333333333334, 1.0)",3,98.2,11223
"(0.9666666666666668, 1.0)",1,98.2,11224
"(0.8, 1.0)",1,98.2,11225
"(1.0, 1.0)",1,98.2,11226
"(0.8166666666666667, 1.0)",2,98.2,11228
"(0.75, 1.0)",1,98.2,11229
"(0.9666666666666668, 1.0)",2,98.2,11231
"(0.9833333333333332, 1.0)",2,98.2,11233
"(0.9416666666666668, 0.9875)",1,98.1999999999999,11234
"(0.8625, 0.9958333333333332)",1,98.19999999999987,11235
"(0.9208333333333332, 0.9916666666666668)",1,98.19999999999987,11236
"(0.8916666666666667, 0.9875)",1,98.19999999999987,11237
"(0.9833333333333332, 0.9958333333333332)",1,98.19999999999987,11238
"(0.9333333333333332, 0.9875)",1,98.19999999999985,11239
"(0.9875, 0.9916666666666668)",1,98.19999999999985,11240
"(0.9208333333333332, 0.9875)",1,98.19999999999982,11241
"(0.8372093023255814, 1.0)",1,98.1976744186047,11242
"(0.872093023255814, 1.0)",1,98.19767441860468,11243
"(0.7906976744186046, 0.9883720930232558)",2,98.19767441860468,11245
"(0.9186046511627908, 1.0)",1,98.19767441860466,11246
"(0.8625, 0.9833333333333332)",1,98.1958333333333,11247
"(0.9583333333333334, 0.9958333333333332)",1,98.1958333333333,11248
"(0.9791666666666666, 0.9875)",1,98.1958333333333,11249
"(0.9583333333333334, 0.9833333333333332)",1,98.19583333333328,11250
"(0.925, 0.9916666666666668)",1,98.19583333333324,11251
"(0.825, 0.9958333333333332)",1,98.19583333333324,11252
"(0.9375, 0.9958333333333332)",1,98.19583333333318,11253
"(0.9291666666666668, 0.9916666666666668)",1,98.19583333333316,11254
"(0.9291666666666668, 0.9875)",1,98.19583333333313,11255
"(0.8611111111111112, 0.9861111111111112)",1,98.19444444444464,11256
"(0.8888888888888888, 0.9861111111111112)",4,98.19444444444464,11260
"(0.9305555555555556, 0.9861111111111112)",1,98.19444444444458,11261
"(0.9166666666666666, 1.0)",1,98.19444444444449,11262
"(0.8333333333333334, 1.0)",2,98.19444444444449,11264
"(0.9027777777777778, 1.0)",1,98.19444444444449,11265
"(0.9027777777777778, 1.0)",1,98.19444444444446,11266
"(0.875, 1.0)",1,98.19444444444446,11267
"(0.9208333333333332, 0.9916666666666668)",1,98.1916666666666,11268
"(0.9166666666666666, 0.9875)",1,98.1916666666666,11269
"(0.9875, 0.9916666666666668)",2,98.1916666666666,11271
"(0.9791666666666666, 0.9958333333333332)",1,98.19166666666658,11272
"(0.9375, 0.9875)",1,98.19166666666656,11273
"(0.95, 0.9916666666666668)",1,98.19166666666646,11274
"(0.9333333333333332, 0.975)",1,98.18749999999996,11275
"(0.9666666666666668, 0.9791666666666666)",1,98.18749999999996,11276
"(0.8458333333333333, 0.9833333333333332)",1,98.18749999999986,11277
"(0.8625, 0.9958333333333332)",1,98.18749999999984,11278
"(0.9333333333333332, 0.9875)",1,98.18749999999984,11279
"(0.9875, 0.9916666666666668)",1,98.1874999999998,11280
"(0.7441860465116279, 0.9883720930232558)",1,98.18604651162796,11281
"(0.7441860465116279, 1.0)",1,98.18604651162796,11282
"(0.6162790697674418, 0.9883720930232558)",1,98.18604651162796,11283
"(0.8372093023255814, 1.0)",1,98.18604651162792,11284
"(0.8666666666666667, 1.0)",2,98.18333333333338,11286
"(0.9666666666666668, 1.0)",1,98.18333333333338,11287
"(0.9166666666666666, 0.9833333333333332)",2,98.18333333333338,11289
"(0.9333333333333332, 1.0)",1,98.18333333333337,11290
"(0.8833333333333333, 0.9916666666666668)",1,98.18333333333337,11291
"(0.7833333333333333, 1.0)",2,98.18333333333337,11293
"(0.9666666666666668, 1.0)",2,98.18333333333337,11295
"(0.8333333333333334, 1.0)",1,98.18333333333337,11296
"(1.0, 1.0)",1,98.18333333333337,11297
"(0.9166666666666666, 1.0)",1,98.18333333333337,11298
"(0.8833333333333333, 1.0)",2,98.18333333333337,11300
"(0.85, 1.0)",1,98.18333333333337,11301
"(0.85, 1.0)",4,98.18333333333334,11305
"(0.9666666666666668, 1.0)",1,98.18333333333334,11306
"(0.8666666666666667, 1.0)",2,98.18333333333334,11308
"(0.8833333333333333, 1.0)",2,98.18333333333334,11310
"(0.9833333333333332, 1.0)",3,98.18333333333334,11313
"(0.7333333333333333, 1.0)",2,98.18333333333334,11315
"(0.9166666666666666, 1.0)",1,98.18333333333334,11316
"(0.9125, 0.9958333333333332)",1,98.18333333333334,11317
"(0.9416666666666668, 0.9833333333333332)",2,98.18333333333328,11319
"(0.9375, 0.9958333333333332)",1,98.18333333333328,11320
"(0.8625, 0.9916666666666668)",1,98.18333333333322,11321
"(0.95, 0.9875)",1,98.1833333333332,11322
"(0.8958333333333334, 0.9916666666666668)",1,98.1833333333332,11323
"(0.9208333333333332, 0.9875)",1,98.18333333333318,11324
"(0.9291666666666668, 0.9875)",1,98.18333333333317,11325
"(0.8611111111111112, 0.9861111111111112)",4,98.18055555555576,11329
"(0.9027777777777778, 1.0)",1,98.1805555555556,11330
"(0.8611111111111112, 1.0)",1,98.1805555555556,11331
"(0.7361111111111112, 1.0)",1,98.1805555555556,11332
"(0.8333333333333334, 1.0)",1,98.18055555555556,11333
"(0.8055555555555556, 1.0)",2,98.18055555555556,11335
"(0.8194444444444444, 1.0)",1,98.18055555555556,11336
"(0.8055555555555556, 1.0)",1,98.18055555555556,11337
"(0.9444444444444444, 1.0)",1,98.18055555555554,11338
"(0.9375, 0.9833333333333332)",1,98.17916666666667,11339
"(0.9208333333333332, 0.9833333333333332)",1,98.17916666666666,11340
"(0.9291666666666668, 0.9916666666666668)",1,98.17916666666665,11341
"(0.9083333333333332, 0.9916666666666668)",1,98.17916666666665,11342
"(0.9, 0.9875)",1,98.17916666666656,11343
"(0.8916666666666667, 0.9875)",1,98.1791666666665,11344
"(0.95, 0.9875)",1,98.17916666666648,11345
"(0.85, 0.9958333333333332)",1,98.17916666666646,11346
"(0.9791666666666666, 0.9875)",1,98.17499999999995,11347
"(0.9041666666666668, 0.9958333333333332)",1,98.17499999999994,11348
"(0.9083333333333332, 0.9916666666666668)",1,98.17499999999993,11349
"(0.975, 0.9875)",1,98.17499999999988,11350
"(0.9375, 0.9916666666666668)",1,98.17499999999988,11351
"(0.8833333333333333, 0.9916666666666668)",1,98.17499999999986,11352
"(0.9375, 0.9916666666666668)",1,98.17499999999986,11353
"(0.872093023255814, 1.0)",1,98.1744186046512,11354
"(0.9186046511627908, 1.0)",1,98.1744186046512,11355
"(0.9069767441860463, 0.9883720930232558)",1,98.17441860465118,11356
"(0.5930232558139535, 1.0)",1,98.17441860465118,11357
"(0.9166666666666666, 0.9958333333333332)",2,98.17083333333338,11359
"(0.9166666666666666, 0.9916666666666668)",1,98.1708333333333,11360
"(0.9833333333333332, 0.9708333333333332)",1,98.1708333333333,11361
"(0.9083333333333332, 0.9958333333333332)",1,98.17083333333323,11362
"(0.9375, 0.9875)",1,98.1708333333332,11363
"(0.8666666666666667, 1.0)",2,98.16666666666671,11365
"(0.9166666666666666, 1.0)",1,98.16666666666671,11366
"(0.9333333333333332, 1.0)",1,98.16666666666671,11367
"(0.8333333333333334, 0.9666666666666668)",2,98.16666666666671,11369
"(0.9833333333333332, 1.0)",1,98.16666666666671,11370
"(0.85, 1.0)",1,98.16666666666671,11371
"(0.8666666666666667, 0.9958333333333332)",1,98.16666666666671,11372
"(0.7083333333333334, 0.9861111111111112)",1,98.16666666666671,11373
"(0.9666666666666668, 1.0)",1,98.1666666666667,11374
"(0.85, 1.0)",2,98.1666666666667,11376
"(0.9, 1.0)",1,98.1666666666667,11377
"(0.8888888888888888, 1.0)",1,98.1666666666667,11378
"(0.9333333333333332, 1.0)",1,98.1666666666667,11379
"(0.9166666666666666, 1.0)",2,98.1666666666667,11381
"(0.8333333333333334, 1.0)",2,98.1666666666667,11383
"(0.9791666666666666, 0.9791666666666666)",1,98.16666666666669,11384
"(0.8055555555555556, 1.0)",1,98.16666666666669,11385
"(0.95, 0.9833333333333332)",1,98.16666666666669,11386
"(0.9333333333333332, 1.0)",2,98.16666666666669,11388
"(0.85, 1.0)",3,98.16666666666669,11391
"(0.8333333333333334, 0.9861111111111112)",2,98.16666666666669,11393
"(0.9305555555555556, 1.0)",1,98.16666666666669,11394
"(0.8, 1.0)",2,98.16666666666669,11396
"(0.9833333333333332, 1.0)",2,98.16666666666669,11398
"(0.8333333333333334, 1.0)",2,98.16666666666669,11400
"(1.0, 1.0)",1,98.16666666666669,11401
"(0.9166666666666666, 1.0)",1,98.16666666666669,11402
"(0.9666666666666668, 1.0)",1,98.16666666666669,11403
"(0.7666666666666667, 1.0)",2,98.16666666666666,11405
"(0.9, 1.0)",1,98.16666666666666,11406
"(0.7166666666666667, 1.0)",1,98.16666666666666,11407
"(0.9833333333333332, 1.0)",1,98.16666666666666,11408
"(0.85, 1.0)",1,98.16666666666666,11409
"(0.8611111111111112, 1.0)",1,98.16666666666666,11410
"(0.9166666666666666, 1.0)",1,98.16666666666666,11411
"(0.7083333333333334, 1.0)",1,98.16666666666666,11412
"(0.9666666666666668, 1.0)",1,98.16666666666666,11413
"(0.7, 1.0)",1,98.16666666666666,11414
"(0.8833333333333333, 1.0)",1,98.16666666666666,11415
"(0.9916666666666668, 0.9416666666666668)",1,98.16666666666666,11416
"(1.0, 1.0)",3,98.16666666666666,11419
"(0.975, 0.9958333333333332)",1,98.16666666666664,11420
"(0.9375, 0.9958333333333332)",1,98.1666666666666,11421
"(0.9916666666666668, 0.975)",1,98.1666666666666,11422
"(0.9625, 0.9958333333333332)",1,98.1666666666666,11423
"(0.9291666666666668, 0.9916666666666668)",2,98.16666666666652,11425
"(0.9416666666666668, 0.9875)",1,98.1666666666665,11426
"(0.872093023255814, 0.9883720930232558)",1,98.16279069767448,11427
"(0.825, 0.9916666666666668)",1,98.16249999999992,11428
"(0.95, 0.9958333333333332)",1,98.16249999999988,11429
"(0.9375, 0.9958333333333332)",1,98.16249999999988,11430
"(0.9125, 0.9875)",1,98.16249999999988,11431
"(0.9208333333333332, 0.9958333333333332)",2,98.16249999999984,11433
"(0.9458333333333332, 0.9875)",1,98.15833333333332,11434
"(0.925, 0.9916666666666668)",1,98.15833333333327,11435
"(0.95, 0.9875)",1,98.15833333333326,11436
"(0.975, 0.9916666666666668)",1,98.15833333333325,11437
"(0.9291666666666668, 0.9916666666666668)",1,98.15833333333322,11438
"(0.8625, 0.9916666666666668)",1,98.1583333333332,11439
"(0.9208333333333332, 0.9958333333333332)",1,98.15416666666673,11440
"(0.9375, 0.9833333333333332)",1,98.15416666666673,11441
"(0.9041666666666668, 0.9958333333333332)",1,98.15416666666673,11442
"(0.9833333333333332, 0.9958333333333332)",1,98.15416666666668,11443
"(0.9333333333333332, 0.9875)",1,98.1541666666666,11444
"(0.8375, 0.9958333333333332)",1,98.1541666666666,11445
"(0.9833333333333332, 0.9833333333333332)",1,98.1541666666666,11446
"(0.9833333333333332, 0.9791666666666666)",1,98.15416666666658,11447
"(0.925, 0.9916666666666668)",1,98.15416666666653,11448
"(0.9291666666666668, 0.9916666666666668)",1,98.15416666666653,11449
"(0.9125, 0.9916666666666668)",1,98.15416666666653,11450
"(0.9125, 0.9958333333333332)",1,98.15416666666653,11451
"(0.9305555555555556, 0.9861111111111112)",1,98.15277777777798,11452
"(0.875, 1.0)",1,98.15277777777786,11453
"(0.9027777777777778, 1.0)",1,98.15277777777784,11454
"(0.875, 1.0)",2,98.1527777777778,11456
"(0.9722222222222222, 1.0)",1,98.1527777777778,11457
"(0.9305555555555556, 1.0)",1,98.1527777777778,11458
"(0.9444444444444444, 1.0)",1,98.1527777777778,11459
"(0.7638888888888888, 1.0)",2,98.15277777777776,11461
"(0.7674418604651163, 0.9883720930232558)",1,98.1511627906977,11462
"(0.7441860465116279, 1.0)",1,98.1511627906977,11463
"(0.8023255813953488, 1.0)",1,98.1511627906977,11464
"(0.6162790697674418, 0.9883720930232558)",1,98.1511627906977,11465
"(0.8023255813953488, 1.0)",1,98.15116279069768,11466
"(0.6666666666666666, 1.0)",2,98.15000000000003,11468
"(0.8333333333333334, 1.0)",1,98.15000000000003,11469
"(0.8833333333333333, 0.9833333333333332)",1,98.15000000000003,11470
"(0.9666666666666668, 0.9833333333333332)",1,98.15000000000003,11471
"(0.9833333333333332, 1.0)",1,98.15000000000003,11472
"(0.9333333333333332, 1.0)",1,98.15000000000003,11473
"(0.9166666666666666, 1.0)",1,98.15000000000002,11474
"(1.0, 1.0)",1,98.15000000000002,11475
"(0.8166666666666667, 1.0)",1,98.15,11476
"(1.0, 1.0)",6,98.15,11482
"(0.9166666666666666, 1.0)",2,98.15,11484
"(0.7333333333333333, 1.0)",1,98.15,11485
"(0.8833333333333333, 1.0)",2,98.15,11487
"(0.9666666666666668, 1.0)",1,98.15,11488
"(0.9833333333333332, 1.0)",1,98.15,11489
"(0.7166666666666667, 1.0)",2,98.15,11491
"(0.9, 1.0)",2,98.15,11493
"(0.9333333333333332, 1.0)",2,98.15,11495
"(0.85, 1.0)",1,98.15,11496
"(0.8666666666666667, 1.0)",1,98.15,11497
"(0.875, 0.9958333333333332)",1,98.14999999999996,11498
"(0.9875, 0.9958333333333332)",1,98.14999999999996,11499
"(0.9041666666666668, 0.9833333333333332)",1,98.14999999999992,11500
"(0.8666666666666667, 0.9958333333333332)",2,98.14999999999992,11502
"(0.9166666666666666, 0.9958333333333332)",1,98.14999999999992,11503
"(0.9333333333333332, 0.9958333333333332)",1,98.1499999999999,11504
"(0.975, 0.9833333333333332)",1,98.14999999999988,11505
"(0.925, 0.9916666666666668)",1,98.14999999999984,11506
"(0.925, 0.9958333333333332)",1,98.14999999999984,11507
"(0.8541666666666666, 0.9958333333333332)",1,98.14999999999984,11508
"(0.9291666666666668, 0.9875)",1,98.1499999999998,11509
"(0.95, 0.9833333333333332)",1,98.14583333333336,11510
"(0.9416666666666668, 0.9833333333333332)",1,98.14583333333336,11511
"(0.925, 0.9916666666666668)",1,98.14583333333324,11512
"(0.9291666666666668, 0.9875)",1,98.14583333333316,11513
"(0.9416666666666668, 0.9875)",1,98.14583333333314,11514
"(0.8625, 0.9916666666666668)",1,98.14166666666664,11515
"(0.8375, 0.9958333333333332)",1,98.14166666666654,11516
"(0.9208333333333332, 0.9916666666666668)",1,98.14166666666652,11517
"(0.95, 0.9875)",1,98.14166666666652,11518
"(0.8837209302325582, 1.0)",1,98.13953488372096,11519
"(0.8023255813953488, 1.0)",1,98.13953488372096,11520
"(0.9186046511627908, 1.0)",1,98.13953488372096,11521
"(0.7638888888888888, 0.9861111111111112)",2,98.1388888888891,11523
"(0.8611111111111112, 0.9861111111111112)",2,98.13888888888908,11525
"(0.9444444444444444, 0.9722222222222222)",1,98.13888888888908,11526
"(0.8888888888888888, 0.9861111111111112)",1,98.13888888888908,11527
"(0.8194444444444444, 0.9722222222222222)",1,98.13888888888896,11528
"(0.875, 1.0)",1,98.13888888888896,11529
"(0.7777777777777778, 1.0)",1,98.13888888888891,11530
"(0.9305555555555556, 1.0)",1,98.13888888888891,11531
"(0.8888888888888888, 1.0)",1,98.13888888888891,11532
"(0.9722222222222222, 1.0)",1,98.13888888888891,11533
"(0.7916666666666666, 1.0)",1,98.13888888888891,11534
"(0.7638888888888888, 1.0)",1,98.13888888888891,11535
"(0.9027777777777778, 1.0)",1,98.13888888888891,11536
"(0.8888888888888888, 1.0)",1,98.1388888888889,11537
"(0.9333333333333332, 0.9958333333333332)",1,98.13750000000005,11538
"(0.9791666666666666, 0.9833333333333332)",1,98.13750000000002,11539
"(0.95, 0.9875)",1,98.13749999999996,11540
"(0.9916666666666668, 0.9958333333333332)",1,98.13749999999996,11541
"(0.9291666666666668, 0.9916666666666668)",1,98.13749999999987,11542
"(0.8625, 0.9916666666666668)",1,98.13749999999985,11543
"(0.9, 0.9833333333333332)",2,98.1333333333334,11545
"(0.8333333333333334, 0.9833333333333332)",1,98.1333333333334,11546
"(0.9166666666666666, 0.9833333333333332)",2,98.1333333333334,11548
"(0.85, 1.0)",1,98.13333333333335,11549
"(0.9, 1.0)",2,98.13333333333335,11551
"(1.0, 1.0)",1,98.13333333333335,11552
"(0.9666666666666668, 1.0)",1,98.13333333333335,11553
"(0.7166666666666667, 1.0)",1,98.13333333333335,11554
"(0.9833333333333332, 1.0)",1,98.13333333333335,11555
"(0.8333333333333334, 1.0)",1,98.13333333333335,11556
"(0.75, 1.0)",1,98.13333333333335,11557
"(0.8833333333333333, 1.0)",1,98.13333333333335,11558
"(0.8333333333333334, 1.0)",3,98.13333333333335,11561
"(0.9666666666666668, 1.0)",2,98.13333333333334,11563
"(0.8, 1.0)",1,98.13333333333334,11564
"(0.9833333333333332, 1.0)",3,98.13333333333333,11567
"(0.9833333333333332, 0.9833333333333332)",1,98.13333333333333,11568
"(0.8166666666666667, 1.0)",2,98.13333333333333,11570
"(0.7166666666666667, 1.0)",2,98.13333333333333,11572
"(0.7666666666666667, 1.0)",1,98.13333333333333,11573
"(0.85, 1.0)",3,98.13333333333333,11576
"(0.8833333333333333, 1.0)",1,98.13333333333333,11577
"(0.9666666666666668, 1.0)",2,98.13333333333333,11579
"(1.0, 1.0)",1,98.13333333333333,11580
"(0.9791666666666666, 0.9833333333333332)",1,98.13333333333324,11581
"(0.9625, 0.9833333333333332)",1,98.13333333333324,11582
"(0.9166666666666666, 0.9958333333333332)",1,98.13333333333324,11583
"(0.9041666666666668, 0.9958333333333332)",1,98.1333333333332,11584
"(0.95, 0.9958333333333332)",1,98.1333333333332,11585
"(0.9416666666666668, 0.9875)",1,98.13333333333318,11586
"(0.8791666666666667, 0.9916666666666668)",1,98.12916666666658,11587
"(0.8625, 0.9958333333333332)",2,98.12916666666656,11589
"(0.9375, 0.9875)",1,98.1291666666665,11590
"(0.9208333333333332, 0.9875)",1,98.1291666666665,11591
"(0.8372093023255814, 1.0)",1,98.12790697674424,11592
"(0.872093023255814, 1.0)",1,98.12790697674424,11593
"(0.9186046511627908, 1.0)",1,98.12790697674424,11594
"(0.7325581395348837, 1.0)",1,98.1279069767442,11595
"(0.9186046511627908, 1.0)",2,98.1279069767442,11597
"(0.8472222222222222, 0.9861111111111112)",1,98.1250000000002,11598
"(0.9305555555555556, 0.9861111111111112)",1,98.12500000000016,11599
"(0.8333333333333334, 1.0)",1,98.1250000000001,11600
"(0.9166666666666666, 1.0)",1,98.12500000000006,11601
"(0.9166666666666666, 1.0)",1,98.12500000000004,11602
"(0.8055555555555556, 1.0)",1,98.12500000000004,11603
"(0.8611111111111112, 1.0)",1,98.12500000000004,11604
"(0.9027777777777778, 1.0)",1,98.12500000000004,11605
"(0.7638888888888888, 1.0)",1,98.125,11606
"(0.95, 0.9916666666666668)",1,98.12499999999996,11607
"(0.9458333333333332, 0.9958333333333332)",1,98.12499999999991,11608
"(0.9166666666666666, 0.9833333333333332)",1,98.12499999999991,11609
"(0.9833333333333332, 0.975)",1,98.12499999999991,11610
"(0.9375, 0.9958333333333332)",1,98.1249999999999,11611
"(0.95, 0.9916666666666668)",1,98.12499999999989,11612
"(0.9958333333333332, 0.9875)",1,98.12499999999989,11613
"(0.9, 0.9875)",1,98.12499999999986,11614
"(0.9333333333333332, 0.9958333333333332)",1,98.12499999999986,11615
"(0.9416666666666668, 0.9875)",1,98.12499999999984,11616
"(0.9833333333333332, 0.9708333333333332)",1,98.12499999999982,11617
"(0.9208333333333332, 0.9958333333333332)",1,98.12083333333342,11618
"(0.9625, 0.9958333333333332)",1,98.1208333333333,11619
"(0.9333333333333332, 0.9916666666666668)",1,98.12083333333322,11620
"(0.9125, 0.9875)",1,98.1208333333332,11621
"(0.9125, 0.9875)",1,98.1208333333332,11622
"(0.8375, 0.9916666666666668)",1,98.1208333333332,11623
"(0.8916666666666667, 0.9875)",1,98.12083333333318,11624
"(0.9875, 0.9916666666666668)",1,98.12083333333312,11625
"(0.9, 0.9833333333333332)",1,98.11666666666676,11626
"(0.9208333333333332, 0.9791666666666666)",1,98.11666666666672,11627
"(0.8, 0.9833333333333332)",1,98.11666666666672,11628
"(0.95, 0.9833333333333332)",1,98.11666666666672,11629
"(0.8333333333333334, 1.0)",1,98.11666666666672,11630
"(0.8833333333333333, 1.0)",1,98.1166666666667,11631
"(0.9, 1.0)",1,98.1166666666667,11632
"(0.9666666666666668, 1.0)",2,98.1166666666667,11634
"(0.9166666666666666, 1.0)",1,98.1166666666667,11635
"(0.7333333333333333, 1.0)",2,98.11666666666667,11637
"(0.9166666666666666, 1.0)",1,98.11666666666667,11638
"(0.95, 1.0)",1,98.11666666666667,11639
"(0.8833333333333333, 1.0)",1,98.11666666666667,11640
"(0.7166666666666667, 1.0)",2,98.11666666666667,11642
"(0.9833333333333332, 1.0)",2,98.11666666666667,11644
"(1.0, 1.0)",1,98.11666666666667,11645
"(0.85, 1.0)",2,98.11666666666666,11647
"(0.8666666666666667, 1.0)",1,98.11666666666666,11648
"(0.9666666666666668, 1.0)",1,98.11666666666666,11649
"(0.9375, 0.9916666666666668)",1,98.1166666666666,11650
"(0.9291666666666668, 0.9875)",1,98.11666666666652,11651
"(0.9541666666666668, 0.9875)",1,98.11666666666648,11652
"(0.8953488372093024, 0.9883720930232558)",1,98.11627906976756,11653
"(0.872093023255814, 1.0)",1,98.11627906976746,11654
"(0.95, 0.9791666666666666)",1,98.11250000000004,11655
"(0.9291666666666668, 0.9791666666666666)",2,98.11249999999994,11657
"(0.8958333333333334, 0.9916666666666668)",1,98.11249999999993,11658
"(0.8916666666666667, 0.9875)",1,98.11249999999993,11659
"(0.8791666666666667, 0.9875)",1,98.11249999999988,11660
"(0.8958333333333334, 0.9875)",1,98.11249999999986,11661
"(0.8916666666666667, 0.9875)",1,98.11249999999986,11662
"(0.9208333333333332, 0.9875)",1,98.11249999999984,11663
"(0.9, 0.9875)",2,98.11249999999984,11665
"(0.9208333333333332, 0.9916666666666668)",1,98.1124999999998,11666
"(0.8888888888888888, 0.9861111111111112)",1,98.11111111111131,11667
"(0.9166666666666666, 0.9722222222222222)",1,98.11111111111131,11668
"(0.7777777777777778, 0.9861111111111112)",1,98.11111111111131,11669
"(0.9444444444444444, 0.9861111111111112)",1,98.11111111111131,11670
"(0.8194444444444444, 0.9861111111111112)",1,98.11111111111131,11671
"(0.9305555555555556, 1.0)",1,98.11111111111126,11672
"(0.8194444444444444, 1.0)",1,98.11111111111116,11673
"(0.8611111111111112, 1.0)",1,98.11111111111116,11674
"(0.9305555555555556, 1.0)",1,98.11111111111116,11675
"(0.7083333333333334, 0.9861111111111112)",1,98.11111111111114,11676
"(0.9305555555555556, 1.0)",1,98.11111111111114,11677
"(0.8055555555555556, 1.0)",1,98.11111111111114,11678
"(0.875, 1.0)",2,98.11111111111114,11680
"(0.7638888888888888, 1.0)",1,98.11111111111111,11681
"(0.8875, 0.9833333333333332)",1,98.10833333333336,11682
"(0.9625, 0.975)",1,98.1083333333333,11683
"(0.8916666666666667, 0.9916666666666668)",1,98.10833333333328,11684
"(0.9291666666666668, 0.9958333333333332)",1,98.10833333333326,11685
"(0.925, 0.9875)",1,98.1083333333332,11686
"(0.9416666666666668, 0.9916666666666668)",1,98.1083333333332,11687
"(0.8666666666666667, 0.9875)",1,98.10833333333316,11688
"(0.872093023255814, 1.0)",1,98.10465116279076,11689
"(0.9186046511627908, 0.9883720930232558)",1,98.10465116279072,11690
"(0.6162790697674418, 1.0)",1,98.10465116279072,11691
"(0.9416666666666668, 0.9791666666666666)",1,98.10416666666671,11692
"(0.9583333333333334, 0.9833333333333332)",1,98.1041666666667,11693
"(1.0, 0.9708333333333332)",1,98.1041666666667,11694
"(0.8791666666666667, 0.9916666666666668)",1,98.1041666666666,11695
"(0.9666666666666668, 0.9875)",1,98.1041666666666,11696
"(0.8916666666666667, 0.9875)",1,98.10416666666656,11697
"(0.9333333333333332, 0.9875)",1,98.10416666666654,11698
"(0.9875, 0.9833333333333332)",1,98.10416666666652,11699
"(0.975, 0.9916666666666668)",1,98.10416666666652,11700
"(0.9, 0.9875)",1,98.10416666666652,11701
"(0.8625, 0.9916666666666668)",1,98.10416666666649,11702
"(0.8958333333333334, 0.9875)",1,98.10416666666649,11703
"(0.95, 0.9791666666666666)",1,98.10000000000008,11704
"(0.9333333333333332, 1.0)",1,98.10000000000004,11705
"(0.95, 1.0)",1,98.10000000000004,11706
"(0.8166666666666667, 1.0)",1,98.10000000000004,11707
"(0.85, 1.0)",1,98.10000000000004,11708
"(0.7333333333333333, 1.0)",1,98.10000000000004,11709
"(0.8333333333333334, 1.0)",2,98.10000000000004,11711
"(0.75, 1.0)",1,98.10000000000004,11712
"(0.9666666666666668, 1.0)",1,98.10000000000004,11713
"(0.85, 1.0)",1,98.10000000000002,11714
"(0.8166666666666667, 1.0)",1,98.10000000000002,11715
"(0.7333333333333333, 1.0)",1,98.10000000000002,11716
"(0.7166666666666667, 1.0)",2,98.1,11718
"(0.9375, 0.9958333333333332)",2,98.1,11720
"(0.8666666666666667, 1.0)",3,98.1,11723
"(0.9666666666666668, 1.0)",1,98.1,11724
"(0.9, 1.0)",1,98.1,11725
"(0.8833333333333333, 1.0)",3,98.1,11728
"(0.9666666666666668, 1.0)",1,98.1,11729
"(0.8833333333333333, 1.0)",1,98.1,11730
"(1.0, 1.0)",2,98.1,11732
"(0.95, 1.0)",1,98.1,11733
"(0.8333333333333334, 1.0)",1,98.1,11734
"(0.9833333333333332, 1.0)",2,98.1,11736
"(0.9, 1.0)",3,98.1,11739
"(0.8, 1.0)",2,98.1,11741
"(0.9, 0.9916666666666668)",1,98.09999999999997,11742
"(0.9208333333333332, 0.9958333333333332)",1,98.09999999999994,11743
"(0.95, 0.9916666666666668)",1,98.09999999999992,11744
"(0.8541666666666666, 0.9916666666666668)",1,98.09999999999992,11745
"(0.95, 0.9875)",1,98.09999999999988,11746
"(0.9375, 0.9875)",1,98.09999999999988,11747
"(0.9208333333333332, 0.9875)",1,98.09999999999988,11748
"(0.9125, 0.9875)",1,98.09999999999984,11749
"(0.9291666666666668, 0.9875)",1,98.09999999999982,11750
"(0.7777777777777778, 0.9861111111111112)",1,98.09722222222244,11751
"(0.8194444444444444, 0.9861111111111112)",1,98.09722222222231,11752
"(0.7083333333333334, 1.0)",1,98.09722222222229,11753
"(0.9444444444444444, 1.0)",2,98.09722222222229,11755
"(0.9444444444444444, 1.0)",1,98.09722222222226,11756
"(0.7083333333333334, 1.0)",1,98.09722222222224,11757
"(0.9166666666666666, 1.0)",1,98.09722222222224,11758
"(0.9166666666666666, 1.0)",1,98.09722222222224,11759
"(0.8333333333333334, 1.0)",1,98.09722222222224,11760
"(0.9722222222222222, 1.0)",1,98.09722222222224,11761
"(0.6944444444444444, 1.0)",1,98.09722222222224,11762
"(0.8791666666666667, 0.9958333333333332)",1,98.09583333333327,11763
"(0.8625, 0.9958333333333332)",1,98.09583333333326,11764
"(0.8958333333333334, 0.9875)",1,98.09583333333325,11765
"(0.925, 0.9958333333333332)",1,98.09583333333325,11766
"(0.9666666666666668, 0.9916666666666668)",1,98.09583333333322,11767
"(0.9375, 0.9916666666666668)",1,98.09583333333318,11768
"(0.9291666666666668, 0.9958333333333332)",2,98.09583333333318,11770
"(0.9208333333333332, 0.9875)",2,98.09583333333316,11772
"(0.5930232558139535, 0.9883720930232558)",1,98.09302325581405,11773
"(0.8604651162790697, 0.9883720930232558)",1,98.09302325581405,11774
"(0.5930232558139535, 0.9883720930232558)",2,98.093023255814,11776
"(0.7906976744186046, 1.0)",1,98.093023255814,11777
"(0.8023255813953488, 1.0)",1,98.09302325581396,11778
"(0.7674418604651163, 0.9883720930232558)",1,98.09302325581396,11779
"(0.8666666666666667, 0.9958333333333332)",1,98.09166666666668,11780
"(0.9041666666666668, 0.9958333333333332)",1,98.09166666666655,11781
"(0.8625, 0.9958333333333332)",1,98.09166666666655,11782
"(0.8541666666666666, 0.9958333333333332)",1,98.09166666666653,11783
"(0.8875, 0.9875)",1,98.09166666666653,11784
"(0.8916666666666667, 0.9875)",2,98.09166666666653,11786
"(0.9166666666666666, 0.9875)",1,98.09166666666653,11787
"(0.9375, 0.9916666666666668)",1,98.0916666666665,11788
"(0.8958333333333334, 0.9875)",1,98.0916666666665,11789
"(0.9291666666666668, 0.9791666666666666)",1,98.08750000000008,11790
"(0.9375, 0.9916666666666668)",1,98.08749999999996,11791
"(0.9458333333333332, 0.9833333333333332)",1,98.08749999999996,11792
"(0.9041666666666668, 0.9958333333333332)",1,98.08749999999992,11793
"(0.9, 0.9875)",1,98.08749999999984,11794
"(0.9333333333333332, 0.9916666666666668)",1,98.08749999999982,11795
"(0.9208333333333332, 0.9875)",1,98.08749999999982,11796
"(0.9444444444444444, 0.9861111111111112)",2,98.08333333333354,11798
"(0.75, 0.9861111111111112)",1,98.08333333333351,11799
"(0.8888888888888888, 0.9861111111111112)",1,98.08333333333351,11800
"(0.9333333333333332, 0.9833333333333332)",1,98.0833333333334,11801
"(0.7166666666666667, 1.0)",1,98.0833333333334,11802
"(0.75, 1.0)",1,98.0833333333334,11803
"(0.9666666666666668, 0.9833333333333332)",4,98.0833333333334,11807
"(0.9027777777777778, 1.0)",1,98.08333333333336,11808
"(0.8333333333333334, 1.0)",2,98.08333333333336,11810
"(0.8333333333333334, 1.0)",1,98.08333333333336,11811
"(0.8055555555555556, 1.0)",1,98.08333333333336,11812
"(0.85, 1.0)",1,98.08333333333336,11813
"(0.8666666666666667, 1.0)",1,98.08333333333336,11814
"(0.9305555555555556, 1.0)",1,98.08333333333336,11815
"(0.9333333333333332, 1.0)",1,98.08333333333336,11816
"(0.7333333333333333, 1.0)",2,98.08333333333336,11818
"(0.8, 1.0)",1,98.08333333333336,11819
"(0.8833333333333333, 1.0)",1,98.08333333333336,11820
"(0.8888888888888888, 1.0)",1,98.08333333333336,11821
"(0.8916666666666667, 0.9875)",1,98.08333333333334,11822
"(0.9833333333333332, 1.0)",2,98.08333333333334,11824
"(0.8875, 0.9833333333333332)",1,98.08333333333334,11825
"(0.7333333333333333, 1.0)",2,98.08333333333334,11827
"(0.9166666666666666, 1.0)",1,98.08333333333334,11828
"(0.9, 1.0)",1,98.08333333333334,11829
"(0.8, 1.0)",2,98.08333333333334,11831
"(0.7833333333333333, 1.0)",1,98.08333333333334,11832
"(0.8666666666666667, 1.0)",1,98.08333333333334,11833
"(0.9791666666666666, 0.9833333333333332)",1,98.08333333333334,11834
"(0.7083333333333334, 1.0)",1,98.08333333333334,11835
"(0.8888888888888888, 1.0)",1,98.08333333333334,11836
"(0.9833333333333332, 1.0)",6,98.08333333333331,11842
"(0.8666666666666667, 1.0)",1,98.08333333333331,11843
"(0.7, 1.0)",4,98.08333333333331,11847
"(0.9333333333333332, 1.0)",2,98.08333333333331,11849
"(0.95, 1.0)",1,98.08333333333331,11850
"(1.0, 1.0)",2,98.08333333333331,11852
"(0.8, 1.0)",1,98.08333333333331,11853
"(0.9458333333333332, 0.9916666666666668)",2,98.08333333333329,11855
"(0.9375, 0.975)",1,98.08333333333329,11856
"(0.9291666666666668, 0.9916666666666668)",1,98.08333333333329,11857
"(0.9166666666666666, 0.9875)",1,98.0833333333332,11858
"(0.8375, 0.9916666666666668)",1,98.0833333333332,11859
"(0.8833333333333333, 0.9875)",1,98.08333333333316,11860
"(0.9375, 0.9916666666666668)",1,98.08333333333314,11861
"(0.7674418604651163, 1.0)",1,98.08139534883726,11862
"(0.8255813953488372, 1.0)",1,98.08139534883723,11863
"(0.872093023255814, 1.0)",1,98.08139534883723,11864
"(0.9958333333333332, 0.9833333333333332)",1,98.07916666666672,11865
"(0.8791666666666667, 0.9958333333333332)",1,98.07916666666668,11866
"(0.9875, 0.9875)",1,98.07916666666664,11867
"(0.8625, 0.9958333333333332)",1,98.07916666666664,11868
"(1.0, 0.9875)",1,98.07916666666664,11869
"(0.9291666666666668, 0.9875)",1,98.07916666666652,11870
"(0.95, 0.9791666666666666)",1,98.07500000000007,11871
"(0.9333333333333332, 0.9833333333333332)",1,98.07500000000005,11872
"(0.9375, 0.9958333333333332)",1,98.075,11873
"(0.8541666666666666, 0.9916666666666668)",1,98.07499999999996,11874
"(0.9791666666666666, 0.9541666666666668)",1,98.0708333333334,11875
"(0.9875, 0.9958333333333332)",1,98.07083333333328,11876
"(0.9458333333333332, 0.9916666666666668)",2,98.07083333333324,11878
"(0.9791666666666666, 0.9958333333333332)",1,98.07083333333324,11879
"(0.8875, 0.9875)",1,98.0708333333332,11880
"(0.9333333333333332, 0.9875)",2,98.0708333333332,11882
"(0.9041666666666668, 0.9916666666666668)",1,98.07083333333318,11883
"(0.9875, 0.9958333333333332)",1,98.07083333333318,11884
"(0.8958333333333334, 0.9875)",1,98.07083333333316,11885
"(0.8488372093023255, 0.9883720930232558)",1,98.0697674418605,11886
"(0.9305555555555556, 0.9722222222222222)",1,98.06944444444464,11887
"(0.8333333333333334, 0.9861111111111112)",2,98.06944444444464,11889
"(0.7638888888888888, 0.9861111111111112)",1,98.06944444444464,11890
"(0.9166666666666666, 0.9861111111111112)",1,98.0694444444446,11891
"(0.7083333333333334, 1.0)",1,98.06944444444454,11892
"(0.9444444444444444, 1.0)",2,98.06944444444449,11894
"(0.9027777777777778, 1.0)",2,98.06944444444449,11896
"(0.8611111111111112, 1.0)",1,98.06944444444444,11897
"(0.7638888888888888, 1.0)",1,98.06944444444444,11898
"(0.8166666666666667, 1.0)",1,98.06666666666672,11899
"(0.9666666666666668, 0.9833333333333332)",1,98.06666666666672,11900
"(0.8166666666666667, 1.0)",2,98.0666666666667,11902
"(0.8833333333333333, 1.0)",1,98.0666666666667,11903
"(0.8666666666666667, 1.0)",1,98.0666666666667,11904
"(0.8166666666666667, 1.0)",1,98.06666666666668,11905
"(0.8333333333333334, 1.0)",1,98.06666666666668,11906
"(0.8, 1.0)",1,98.06666666666668,11907
"(0.9833333333333332, 1.0)",1,98.06666666666668,11908
"(0.9, 1.0)",1,98.06666666666668,11909
"(0.9, 1.0)",1,98.06666666666668,11910
"(0.8166666666666667, 1.0)",1,98.06666666666666,11911
"(0.6833333333333333, 1.0)",3,98.06666666666666,11914
"(0.9, 1.0)",2,98.06666666666666,11916
"(0.8833333333333333, 1.0)",1,98.06666666666666,11917
"(0.9833333333333332, 1.0)",2,98.06666666666666,11919
"(0.9333333333333332, 1.0)",1,98.06666666666666,11920
"(1.0, 1.0)",6,98.06666666666666,11926
"(0.9125, 0.9958333333333332)",1,98.0666666666666,11927
"(0.9375, 0.9916666666666668)",1,98.0666666666666,11928
"(0.9, 0.9958333333333332)",1,98.06666666666652,11929
"(0.8958333333333334, 0.9916666666666668)",1,98.06666666666652,11930
"(0.8625, 0.9916666666666668)",2,98.06666666666646,11932
"(0.9083333333333332, 0.9833333333333332)",1,98.06250000000006,11933
"(0.825, 0.9958333333333332)",1,98.06249999999991,11934
"(0.8625, 0.9916666666666668)",1,98.0624999999999,11935
"(0.9291666666666668, 0.9875)",1,98.06249999999989,11936
"(0.925, 0.9916666666666668)",2,98.06249999999976,11938
"(0.8041666666666667, 0.9958333333333332)",1,98.05833333333324,11939
"(0.8958333333333334, 0.9875)",2,98.0583333333332,11941
"(0.8958333333333334, 0.9958333333333332)",1,98.0583333333332,11942
"(0.9625, 0.9916666666666668)",2,98.05833333333318,11944
"(0.9, 0.9875)",1,98.05833333333318,11945
"(0.9333333333333332, 0.9875)",1,98.05833333333317,11946
"(0.7325581395348837, 1.0)",1,98.05813953488376,11947
"(0.8255813953488372, 1.0)",1,98.05813953488376,11948
"(0.7906976744186046, 0.9883720930232558)",1,98.05813953488374,11949
"(0.7441860465116279, 1.0)",1,98.05813953488374,11950
"(0.8472222222222222, 0.9861111111111112)",4,98.05555555555576,11954
"(0.8333333333333334, 0.9861111111111112)",1,98.05555555555576,11955
"(0.9444444444444444, 0.9861111111111112)",2,98.05555555555576,11957
"(0.7638888888888888, 0.9722222222222222)",2,98.05555555555576,11959
"(0.8611111111111112, 0.9861111111111112)",1,98.05555555555576,11960
"(0.8611111111111112, 0.9861111111111112)",1,98.05555555555571,11961
"(0.9305555555555556, 1.0)",1,98.05555555555569,11962
"(0.9305555555555556, 1.0)",1,98.0555555555556,11963
"(0.9305555555555556, 1.0)",1,98.0555555555556,11964
"(0.9166666666666666, 1.0)",1,98.0555555555556,11965
"(0.9027777777777778, 0.9861111111111112)",2,98.0555555555556,11967
"(0.8055555555555556, 1.0)",1,98.0555555555556,11968
"(0.9722222222222222, 1.0)",1,98.0555555555556,11969
"(0.8333333333333334, 1.0)",4,98.05555555555556,11973
"(0.9444444444444444, 1.0)",2,98.05555555555556,11975
"(0.9722222222222222, 1.0)",1,98.05555555555556,11976
"(0.8472222222222222, 1.0)",1,98.05555555555556,11977
"(0.75, 1.0)",1,98.05555555555556,11978
"(0.6944444444444444, 1.0)",1,98.05555555555554,11979
"(0.8472222222222222, 1.0)",4,98.05555555555554,11983
"(0.9791666666666666, 0.9791666666666666)",1,98.0541666666667,11984
"(0.9375, 0.9958333333333332)",2,98.05416666666666,11986
"(0.875, 0.9958333333333332)",2,98.05416666666665,11988
"(0.9375, 0.9958333333333332)",1,98.05416666666665,11989
"(0.9625, 0.9958333333333332)",1,98.05416666666662,11990
"(0.925, 0.9833333333333332)",1,98.0541666666666,11991
"(0.8958333333333334, 0.9875)",1,98.05416666666656,11992
"(0.9083333333333332, 0.9916666666666668)",1,98.05416666666656,11993
"(0.8666666666666667, 0.9958333333333332)",1,98.05416666666652,11994
"(0.9291666666666668, 0.9958333333333332)",2,98.0541666666665,11996
"(0.8916666666666667, 0.9875)",1,98.05416666666648,11997
"(0.9666666666666668, 0.9833333333333332)",1,98.05000000000008,11998
"(0.9166666666666666, 1.0)",1,98.05000000000008,11999
"(0.8666666666666667, 1.0)",1,98.05000000000004,12000
"(0.8333333333333334, 1.0)",4,98.05000000000004,12004
"(0.8666666666666667, 1.0)",1,98.05000000000004,12005
"(0.9, 1.0)",1,98.05000000000004,12006
"(0.8, 1.0)",1,98.05000000000004,12007
"(0.8833333333333333, 1.0)",3,98.05000000000004,12010
"(0.8, 1.0)",2,98.05000000000004,12012
"(0.7333333333333333, 1.0)",1,98.05000000000004,12013
"(0.9333333333333332, 1.0)",1,98.05000000000004,12014
"(0.8833333333333333, 1.0)",2,98.05000000000004,12016
"(0.9, 0.9833333333333332)",1,98.05000000000004,12017
"(0.85, 1.0)",1,98.05000000000004,12018
"(0.95, 0.9958333333333332)",1,98.05,12019
"(0.8833333333333333, 1.0)",2,98.05,12021
"(0.8333333333333334, 1.0)",2,98.05,12023
"(0.8333333333333334, 1.0)",1,98.05,12024
"(0.9333333333333332, 1.0)",1,98.05,12025
"(0.9166666666666666, 1.0)",1,98.05,12026
"(0.7333333333333333, 1.0)",1,98.05,12027
"(0.7166666666666667, 1.0)",1,98.05,12028
"(1.0, 1.0)",2,98.05,12030
"(0.85, 1.0)",1,98.05,12031
"(0.9333333333333332, 1.0)",1,98.05,12032
"(0.95, 1.0)",2,98.05,12034
"(0.8166666666666667, 1.0)",1,98.05,12035
"(0.7333333333333333, 1.0)",1,98.05,12036
"(0.9166666666666666, 1.0)",2,98.05,12038
"(0.9833333333333332, 1.0)",2,98.05,12040
"(0.8833333333333333, 1.0)",2,98.05,12042
"(0.9666666666666668, 1.0)",1,98.05,12043
"(0.9666666666666668, 1.0)",3,98.05,12046
"(0.9458333333333332, 0.9958333333333332)",1,98.05,12047
"(0.9333333333333332, 0.9958333333333332)",1,98.04999999999994,12048
"(0.9666666666666668, 0.9916666666666668)",1,98.0499999999999,12049
"(0.8833333333333333, 0.9916666666666668)",1,98.04999999999988,12050
"(0.9208333333333332, 0.9958333333333332)",1,98.04999999999986,12051
"(0.9416666666666668, 0.9875)",1,98.04999999999984,12052
"(0.9, 0.9916666666666668)",1,98.0499999999998,12053
"(0.4651162790697674, 1.0)",1,98.046511627907,12054
"(0.8837209302325582, 1.0)",1,98.046511627907,12055
"(0.6162790697674418, 1.0)",1,98.046511627907,12056
"(0.4883720930232558, 1.0)",1,98.046511627907,12057
"(0.9083333333333332, 0.9833333333333332)",1,98.0458333333334,12058
"(0.9833333333333332, 0.9875)",1,98.0458333333333,12059
"(0.875, 0.9958333333333332)",1,98.04583333333326,12060
"(0.9291666666666668, 0.9916666666666668)",1,98.04583333333323,12061
"(0.95, 0.9875)",1,98.04583333333322,12062
"(0.9208333333333332, 0.9916666666666668)",2,98.0458333333332,12064
"(0.95, 0.9875)",1,98.04583333333316,12065
"(0.8611111111111112, 0.9861111111111112)",1,98.04166666666688,12066
"(0.8888888888888888, 0.9861111111111112)",1,98.04166666666688,12067
"(0.9444444444444444, 1.0)",1,98.04166666666674,12068
"(0.9305555555555556, 1.0)",1,98.04166666666671,12069
"(0.9375, 0.9833333333333332)",1,98.04166666666671,12070
"(0.9027777777777778, 1.0)",1,98.04166666666671,12071
"(0.8472222222222222, 1.0)",1,98.04166666666671,12072
"(0.7083333333333334, 1.0)",1,98.0416666666667,12073
"(0.9166666666666666, 1.0)",1,98.04166666666669,12074
"(0.9305555555555556, 1.0)",4,98.04166666666669,12078
"(0.875, 0.9833333333333332)",1,98.04166666666669,12079
"(0.975, 0.9833333333333332)",2,98.04166666666664,12081
"(0.95, 0.9875)",2,98.0416666666666,12083
"(0.9041666666666668, 0.9958333333333332)",2,98.04166666666656,12085
"(0.8625, 0.9916666666666668)",1,98.04166666666656,12086
"(0.8958333333333334, 0.9875)",2,98.04166666666652,12088
"(0.9, 0.9875)",2,98.04166666666652,12090
"(0.9125, 0.9875)",1,98.04166666666652,12091
"(0.9375, 0.9875)",1,98.04166666666652,12092
"(0.9, 0.9875)",1,98.04166666666649,12093
"(0.9166666666666666, 0.9791666666666666)",1,98.03750000000012,12094
"(0.9833333333333332, 0.975)",1,98.0375,12095
"(0.9875, 0.95)",1,98.03749999999992,12096
"(0.9333333333333332, 0.9916666666666668)",1,98.0374999999999,12097
"(0.9291666666666668, 0.9916666666666668)",1,98.03749999999988,12098
"(0.975, 0.9875)",1,98.03749999999988,12099
"(0.8375, 0.9916666666666668)",2,98.03749999999977,12101
"(0.9186046511627908, 1.0)",1,98.03488372093028,12102
"(0.872093023255814, 1.0)",1,98.03488372093028,12103
"(0.4883720930232558, 0.9883720930232558)",1,98.03488372093028,12104
"(0.8372093023255814, 1.0)",1,98.03488372093028,12105
"(0.8372093023255814, 0.9883720930232558)",1,98.03488372093028,12106
"(0.6162790697674418, 1.0)",1,98.03488372093024,12107
"(0.8, 0.9833333333333332)",1,98.0333333333334,12108
"(0.9333333333333332, 1.0)",2,98.0333333333334,12110
"(0.9, 1.0)",1,98.0333333333334,12111
"(0.8333333333333334, 1.0)",1,98.0333333333334,12112
"(0.9166666666666666, 1.0)",1,98.0333333333334,12113
"(0.85, 1.0)",1,98.03333333333336,12114
"(0.9666666666666668, 1.0)",1,98.03333333333336,12115
"(0.75, 1.0)",1,98.03333333333336,12116
"(0.8333333333333334, 1.0)",1,98.03333333333336,12117
"(0.8833333333333333, 1.0)",1,98.03333333333336,12118
"(0.8, 1.0)",1,98.03333333333336,12119
"(0.8833333333333333, 1.0)",1,98.03333333333336,12120
"(0.9166666666666666, 1.0)",1,98.03333333333336,12121
"(0.8458333333333333, 0.9833333333333332)",1,98.03333333333336,12122
"(0.8666666666666667, 1.0)",2,98.03333333333336,12124
"(0.8333333333333334, 0.9833333333333332)",1,98.03333333333336,12125
"(0.7833333333333333, 1.0)",1,98.03333333333332,12126
"(0.7666666666666667, 1.0)",1,98.03333333333332,12127
"(0.9333333333333332, 1.0)",1,98.03333333333332,12128
"(0.8458333333333333, 0.9875)",1,98.03333333333332,12129
"(0.8833333333333333, 1.0)",3,98.03333333333332,12132
"(0.85, 1.0)",4,98.03333333333332,12136
"(0.9833333333333332, 1.0)",1,98.03333333333332,12137
"(0.8333333333333334, 1.0)",1,98.03333333333332,12138
"(1.0, 1.0)",4,98.03333333333332,12142
"(0.9125, 0.9958333333333332)",1,98.03333333333327,12143
"(0.9833333333333332, 0.9833333333333332)",1,98.03333333333326,12144
"(0.975, 0.9916666666666668)",2,98.03333333333325,12146
"(0.9208333333333332, 0.9916666666666668)",1,98.03333333333325,12147
"(0.8916666666666667, 0.9875)",1,98.0333333333332,12148
"(0.9, 0.9833333333333332)",1,98.02916666666673,12149
"(0.8875, 0.9916666666666668)",1,98.02916666666664,12150
"(0.9375, 0.9791666666666666)",1,98.0291666666666,12151
"(0.9083333333333332, 0.9791666666666666)",1,98.0291666666666,12152
"(0.9208333333333332, 0.9875)",1,98.0291666666666,12153
"(0.9, 0.9875)",1,98.02916666666655,12154
"(0.975, 0.9791666666666666)",1,98.02916666666655,12155
"(0.9041666666666668, 0.9875)",1,98.02916666666655,12156
"(0.9791666666666666, 0.9916666666666668)",1,98.02916666666646,12157
"(0.9875, 0.9875)",1,98.02916666666646,12158
"(0.9444444444444444, 0.9861111111111112)",1,98.02777777777796,12159
"(0.8888888888888888, 0.9861111111111112)",1,98.02777777777796,12160
"(0.8611111111111112, 0.9861111111111112)",1,98.02777777777794,12161
"(0.7777777777777778, 1.0)",1,98.02777777777791,12162
"(0.75, 1.0)",1,98.02777777777786,12163
"(0.8611111111111112, 1.0)",1,98.02777777777784,12164
"(0.9583333333333334, 1.0)",1,98.02777777777784,12165
"(0.9166666666666666, 1.0)",1,98.02777777777784,12166
"(0.8333333333333334, 1.0)",1,98.02777777777784,12167
"(0.75, 1.0)",1,98.0277777777778,12168
"(0.9444444444444444, 1.0)",1,98.0277777777778,12169
"(0.9722222222222222, 1.0)",1,98.0277777777778,12170
"(0.8194444444444444, 1.0)",1,98.0277777777778,12171
"(0.9208333333333332, 0.9833333333333332)",1,98.025,12172
"(0.9125, 0.9916666666666668)",1,98.02499999999992,12173
"(0.9208333333333332, 0.9791666666666666)",1,98.02499999999992,12174
"(0.9291666666666668, 0.9916666666666668)",1,98.02499999999992,12175
"(0.9208333333333332, 0.9833333333333332)",1,98.0249999999999,12176
"(0.9416666666666668, 0.9875)",1,98.0249999999999,12177
"(0.9125, 0.9916666666666668)",1,98.02499999999988,12178
"(0.9333333333333332, 0.9916666666666668)",2,98.02499999999986,12180
"(0.9333333333333332, 0.9916666666666668)",1,98.02499999999984,12181
"(0.9418604651162792, 0.9883720930232558)",1,98.0232558139536,12182
"(0.7441860465116279, 1.0)",1,98.02325581395353,12183
"(0.8372093023255814, 0.9883720930232558)",2,98.02325581395353,12185
"(0.7674418604651163, 1.0)",2,98.02325581395353,12187
"(0.8837209302325582, 1.0)",1,98.02325581395353,12188
"(0.7441860465116279, 1.0)",1,98.02325581395353,12189
"(0.9208333333333332, 0.9958333333333332)",1,98.0208333333334,12190
"(0.9041666666666668, 0.9916666666666668)",1,98.0208333333333,12191
"(0.9291666666666668, 0.9875)",1,98.02083333333326,12192
"(0.975, 0.9833333333333332)",1,98.0208333333332,12193
"(0.9833333333333332, 0.9833333333333332)",1,98.01666666666674,12194
"(0.95, 0.9833333333333332)",1,98.01666666666674,12195
"(0.8166666666666667, 0.9833333333333332)",2,98.01666666666672,12197
"(0.9333333333333332, 1.0)",1,98.01666666666672,12198
"(0.9, 1.0)",1,98.01666666666672,12199
"(0.8333333333333334, 1.0)",1,98.01666666666672,12200
"(1.0, 1.0)",1,98.01666666666672,12201
"(0.9166666666666666, 1.0)",1,98.01666666666672,12202
"(1.0, 0.9833333333333332)",1,98.01666666666672,12203
"(0.9166666666666666, 1.0)",1,98.0166666666667,12204
"(0.9291666666666668, 0.9916666666666668)",1,98.0166666666667,12205
"(0.8666666666666667, 1.0)",2,98.0166666666667,12207
"(0.85, 1.0)",1,98.01666666666668,12208
"(0.8833333333333333, 1.0)",3,98.01666666666668,12211
"(1.0, 1.0)",2,98.01666666666668,12213
"(0.8166666666666667, 1.0)",2,98.01666666666668,12215
"(0.95, 0.9958333333333332)",1,98.01666666666668,12216
"(0.8666666666666667, 1.0)",2,98.01666666666668,12218
"(0.9833333333333332, 1.0)",1,98.01666666666668,12219
"(0.9, 1.0)",1,98.01666666666668,12220
"(0.8, 1.0)",1,98.01666666666668,12221
"(0.9333333333333332, 1.0)",2,98.01666666666668,12223
"(1.0, 1.0)",1,98.01666666666668,12224
"(0.9666666666666668, 1.0)",1,98.01666666666668,12225
"(0.925, 0.9791666666666666)",1,98.01666666666668,12226
"(0.9166666666666666, 1.0)",1,98.01666666666668,12227
"(0.8833333333333333, 1.0)",2,98.01666666666664,12229
"(0.8666666666666667, 1.0)",1,98.01666666666664,12230
"(0.9791666666666666, 0.9958333333333332)",1,98.01666666666664,12231
"(0.9375, 0.9875)",1,98.01666666666662,12232
"(0.9291666666666668, 0.9875)",1,98.01666666666658,12233
"(0.9208333333333332, 0.9791666666666666)",1,98.01666666666658,12234
"(0.8916666666666667, 0.9875)",1,98.01666666666654,12235
"(0.8833333333333333, 0.9875)",1,98.01666666666652,12236
"(0.9333333333333332, 0.9875)",1,98.01666666666652,12237
"(0.9291666666666668, 0.9958333333333332)",1,98.01666666666652,12238
"(0.8958333333333334, 0.9875)",1,98.01666666666652,12239
"(0.9416666666666668, 0.9875)",1,98.0166666666665,12240
"(0.9166666666666666, 0.9861111111111112)",1,98.01388888888908,12241
"(0.8888888888888888, 0.9861111111111112)",1,98.01388888888908,12242
"(0.9444444444444444, 0.9861111111111112)",1,98.01388888888908,12243
"(0.7638888888888888, 0.9722222222222222)",1,98.01388888888908,12244
"(0.9027777777777778, 0.9861111111111112)",1,98.01388888888908,12245
"(0.8194444444444444, 0.9861111111111112)",1,98.01388888888904,12246
"(0.875, 1.0)",1,98.01388888888891,12247
"(0.8194444444444444, 1.0)",1,98.01388888888889,12248
"(0.9305555555555556, 1.0)",1,98.01388888888886,12249
"(0.9291666666666668, 0.9833333333333332)",1,98.01250000000002,12250
"(0.8958333333333334, 0.9916666666666668)",2,98.01249999999996,12252
"(0.8625, 0.9958333333333332)",1,98.01249999999996,12253
"(0.9125, 0.9958333333333332)",1,98.01249999999996,12254
"(0.9166666666666666, 0.9958333333333332)",1,98.01249999999996,12255
"(0.9375, 0.9791666666666666)",1,98.01249999999992,12256
"(0.8833333333333333, 0.9875)",1,98.01249999999985,12257
"(0.9291666666666668, 0.9916666666666668)",1,98.01249999999985,12258
"(0.8916666666666667, 0.9916666666666668)",1,98.01249999999985,12259
"(0.9875, 0.9916666666666668)",1,98.01249999999982,12260
"(0.872093023255814, 1.0)",1,98.0116279069768,12261
"(0.6162790697674418, 1.0)",1,98.01162790697676,12262
"(0.4651162790697674, 1.0)",1,98.01162790697676,12263
"(0.95, 0.9833333333333332)",2,98.00833333333344,12265
"(0.8666666666666667, 0.9958333333333332)",1,98.0083333333334,12266
"(0.9791666666666666, 0.9625)",1,98.0083333333334,12267
"(0.975, 0.9958333333333332)",1,98.00833333333334,12268
"(0.8458333333333333, 1.0)",1,98.00833333333328,12269
"(0.9208333333333332, 0.9833333333333332)",1,98.00833333333324,12270
"(0.9666666666666668, 0.9916666666666668)",1,98.00833333333318,12271
"(0.95, 0.9875)",2,98.00833333333318,12273
"(0.9208333333333332, 0.9875)",1,98.0041666666666,12274
"(0.95, 0.9958333333333332)",1,98.00416666666658,12275
"(0.9375, 0.9708333333333332)",1,98.00416666666656,12276
"(0.9333333333333332, 0.9875)",1,98.0041666666665,12277
"(0.9083333333333332, 0.9916666666666668)",1,98.00416666666648,12278
"(0.825, 0.9916666666666668)",1,98.00416666666646,12279
"(0.9722222222222222, 0.9861111111111112)",1,98.0000000000002,12280
"(0.9444444444444444, 0.9861111111111112)",1,98.0000000000002,12281
"(0.9444444444444444, 1.0)",1,98.00000000000011,12282
"(0.9444444444444444, 0.9861111111111112)",1,98.00000000000011,12283
"(0.7638888888888888, 1.0)",1,98.0000000000001,12284
"(0.95, 0.9833333333333332)",2,98.00000000000009,12286
"(0.9333333333333332, 0.9833333333333332)",1,98.00000000000009,12287
"(0.8458333333333333, 0.9833333333333332)",1,98.00000000000009,12288
"(0.85, 1.0)",1,98.00000000000009,12289
"(0.8472222222222222, 1.0)",1,98.00000000000009,12290
"(0.8666666666666667, 1.0)",1,98.00000000000006,12291
"(0.9444444444444444, 1.0)",2,98.00000000000006,12293
"(0.5930232558139535, 1.0)",1,98.00000000000006,12294
"(0.9833333333333332, 1.0)",1,98.00000000000006,12295
"(0.8833333333333333, 1.0)",1,98.00000000000004,12296
"(0.8833333333333333, 1.0)",2,98.00000000000004,12298
"(0.9305555555555556, 1.0)",1,98.00000000000004,12299
"(0.7333333333333333, 1.0)",1,98.00000000000004,12300
"(0.875, 1.0)",3,98.00000000000004,12303
"(0.9333333333333332, 1.0)",1,98.00000000000004,12304
"(0.8666666666666667, 1.0)",1,98.00000000000004,12305
"(0.7777777777777778, 1.0)",1,98.00000000000004,12306
"(0.8333333333333334, 1.0)",1,98.00000000000004,12307
"(0.95, 0.9833333333333332)",1,98.00000000000004,12308
"(0.9166666666666666, 1.0)",1,98.0,12309
"(0.8611111111111112, 1.0)",4,98.0,12313
"(0.8666666666666667, 1.0)",1,98.0,12314
"(1.0, 1.0)",1,98.0,12315
"(0.8833333333333333, 1.0)",1,98.0,12316
"(0.9666666666666668, 1.0)",4,98.0,12320
"(0.85, 1.0)",1,98.0,12321
"(0.9833333333333332, 1.0)",1,98.0,12322
"(0.7333333333333333, 1.0)",1,98.0,12323
"(0.9375, 0.9833333333333332)",1,98.0,12324
"(0.95, 1.0)",1,98.0,12325
"(0.9666666666666668, 0.9666666666666668)",1,97.99999999999996,12326
"(0.9166666666666666, 0.9875)",1,97.99999999999989,12327
"(0.9291666666666668, 0.9916666666666668)",1,97.99999999999989,12328
"(0.9375, 0.9875)",1,97.99999999999986,12329
"(0.9, 0.9875)",1,97.99999999999984,12330
"(0.8875, 0.9875)",1,97.9958333333333,12331
"(0.9, 0.9875)",1,97.99583333333317,12332
"(0.9458333333333332, 0.9833333333333332)",1,97.99166666666676,12333
"(0.975, 0.975)",1,97.99166666666665,12334
"(0.9125, 0.9958333333333332)",1,97.99166666666662,12335
"(0.9333333333333332, 0.9875)",1,97.99166666666656,12336
"(0.9333333333333332, 0.9875)",1,97.9916666666665,12337
"(0.6395348837209303, 0.9883720930232558)",1,97.98837209302329,12338
"(0.5930232558139535, 0.9883720930232558)",1,97.98837209302329,12339
"(0.4883720930232558, 1.0)",1,97.98837209302329,12340
"(0.6162790697674418, 0.9883720930232558)",1,97.98837209302329,12341
"(0.9208333333333332, 0.9875)",1,97.9874999999999,12342
"(0.975, 0.9833333333333332)",1,97.9874999999999,12343
"(0.95, 0.9875)",1,97.98749999999986,12344
"(0.9027777777777778, 0.9861111111111112)",1,97.98611111111131,12345
"(0.7638888888888888, 0.9861111111111112)",4,97.98611111111131,12349
"(0.9444444444444444, 0.9861111111111112)",1,97.98611111111131,12350
"(0.7638888888888888, 0.9861111111111112)",1,97.9861111111113,12351
"(0.9444444444444444, 0.9861111111111112)",1,97.9861111111113,12352
"(0.9444444444444444, 0.9861111111111112)",1,97.98611111111128,12353
"(0.8472222222222222, 1.0)",1,97.9861111111112,12354
"(0.8194444444444444, 1.0)",1,97.9861111111112,12355
"(0.9027777777777778, 0.9861111111111112)",1,97.98611111111116,12356
"(0.7916666666666666, 1.0)",1,97.98611111111114,12357
"(0.8472222222222222, 1.0)",1,97.98611111111114,12358
"(0.7777777777777778, 1.0)",1,97.98611111111114,12359
"(0.9305555555555556, 1.0)",1,97.98611111111111,12360
"(0.7083333333333334, 1.0)",1,97.98611111111111,12361
"(0.8611111111111112, 1.0)",1,97.98611111111111,12362
"(0.9444444444444444, 1.0)",1,97.98611111111111,12363
"(0.9208333333333332, 0.9833333333333332)",1,97.98333333333343,12364
"(0.9583333333333334, 0.9958333333333332)",1,97.98333333333342,12365
"(0.8458333333333333, 0.9875)",1,97.9833333333334,12366
"(1.0, 0.9666666666666668)",1,97.9833333333334,12367
"(0.9, 1.0)",1,97.9833333333334,12368
"(0.8333333333333334, 1.0)",1,97.9833333333334,12369
"(0.95, 1.0)",1,97.9833333333334,12370
"(0.9, 1.0)",1,97.98333333333338,12371
"(0.8, 1.0)",1,97.98333333333338,12372
"(0.9333333333333332, 1.0)",1,97.98333333333338,12373
"(1.0, 1.0)",1,97.98333333333338,12374
"(0.8666666666666667, 1.0)",3,97.98333333333338,12377
"(0.9166666666666666, 1.0)",1,97.98333333333338,12378
"(0.9291666666666668, 0.9791666666666666)",1,97.98333333333336,12379
"(0.8666666666666667, 1.0)",2,97.98333333333336,12381
"(0.8833333333333333, 1.0)",1,97.98333333333336,12382
"(0.85, 1.0)",1,97.98333333333336,12383
"(0.9, 1.0)",2,97.98333333333336,12385
"(0.8166666666666667, 1.0)",2,97.98333333333336,12387
"(0.8166666666666667, 1.0)",3,97.98333333333336,12390
"(0.8833333333333333, 1.0)",2,97.98333333333336,12392
"(0.9666666666666668, 1.0)",1,97.98333333333332,12393
"(0.9, 1.0)",1,97.98333333333332,12394
"(0.7166666666666667, 1.0)",2,97.98333333333332,12396
"(0.85, 1.0)",1,97.98333333333332,12397
"(0.8833333333333333, 1.0)",1,97.98333333333332,12398
"(0.75, 1.0)",1,97.98333333333332,12399
"(1.0, 1.0)",2,97.98333333333332,12401
"(0.9833333333333332, 1.0)",3,97.98333333333332,12404
"(0.95, 1.0)",1,97.98333333333332,12405
"(0.9375, 0.9958333333333332)",1,97.9833333333332,12406
"(0.9375, 0.9875)",2,97.9833333333332,12408
"(0.9416666666666668, 0.9875)",1,97.98333333333316,12409
"(0.9208333333333332, 0.9916666666666668)",1,97.98333333333314,12410
"(0.875, 0.9791666666666666)",1,97.97916666666669,12411
"(0.9458333333333332, 0.9958333333333332)",1,97.9791666666666,12412
"(0.925, 0.9958333333333332)",1,97.9791666666666,12413
"(0.925, 0.9916666666666668)",1,97.9791666666666,12414
"(0.8833333333333333, 0.9916666666666668)",1,97.97916666666652,12415
"(0.95, 0.9916666666666668)",1,97.97916666666652,12416
"(0.9208333333333332, 0.9875)",1,97.97916666666649,12417
"(0.8488372093023255, 1.0)",1,97.97674418604662,12418
"(0.6162790697674418, 1.0)",1,97.97674418604656,12419
"(0.4883720930232558, 0.9883720930232558)",1,97.97674418604656,12420
"(0.7674418604651163, 0.9883720930232558)",1,97.97674418604656,12421
"(0.8255813953488372, 1.0)",1,97.97674418604656,12422
"(0.7674418604651163, 1.0)",2,97.97674418604656,12424
"(0.627906976744186, 1.0)",1,97.97674418604652,12425
"(0.5930232558139535, 0.9883720930232558)",2,97.97674418604652,12427
"(0.9666666666666668, 0.9791666666666666)",1,97.97500000000008,12428
"(0.9583333333333334, 0.9791666666666666)",1,97.97500000000002,12429
"(0.8625, 0.9916666666666668)",2,97.97499999999994,12431
"(0.9833333333333332, 0.975)",1,97.97499999999992,12432
"(0.8611111111111112, 0.9861111111111112)",1,97.97222222222244,12433
"(0.9444444444444444, 0.9861111111111112)",1,97.97222222222244,12434
"(0.75, 0.9861111111111112)",3,97.97222222222244,12437
"(0.9305555555555556, 0.9861111111111112)",1,97.9722222222224,12438
"(0.75, 1.0)",1,97.97222222222234,12439
"(0.7083333333333334, 1.0)",1,97.97222222222231,12440
"(0.8194444444444444, 1.0)",1,97.97222222222231,12441
"(0.8611111111111112, 1.0)",1,97.97222222222231,12442
"(0.8194444444444444, 1.0)",1,97.9722222222223,12443
"(0.8333333333333334, 1.0)",1,97.9722222222223,12444
"(0.7083333333333334, 1.0)",1,97.97222222222229,12445
"(0.8333333333333334, 1.0)",1,97.97222222222226,12446
"(0.6111111111111112, 1.0)",1,97.97222222222224,12447
"(0.875, 1.0)",1,97.97222222222224,12448
"(0.95, 0.9791666666666666)",1,97.97083333333336,12449
"(0.8541666666666666, 0.9916666666666668)",1,97.97083333333325,12450
"(0.9291666666666668, 0.9916666666666668)",1,97.97083333333316,12451
"(0.9791666666666666, 0.9833333333333332)",1,97.97083333333312,12452
"(0.9833333333333332, 0.9833333333333332)",1,97.96666666666674,12453
"(0.9166666666666666, 1.0)",1,97.96666666666673,12454
"(0.9333333333333332, 1.0)",2,97.96666666666673,12456
"(0.8666666666666667, 0.9833333333333332)",1,97.96666666666673,12457
"(0.8666666666666667, 1.0)",1,97.96666666666673,12458
"(0.95, 1.0)",1,97.96666666666673,12459
"(0.9, 1.0)",1,97.9666666666667,12460
"(0.9166666666666666, 1.0)",1,97.9666666666667,12461
"(0.75, 1.0)",1,97.9666666666667,12462
"(0.8833333333333333, 0.9833333333333332)",2,97.9666666666667,12464
"(0.9666666666666668, 1.0)",1,97.96666666666668,12465
"(0.7166666666666667, 1.0)",1,97.96666666666668,12466
"(0.6666666666666666, 1.0)",2,97.96666666666668,12468
"(0.9333333333333332, 1.0)",1,97.96666666666668,12469
"(0.8833333333333333, 1.0)",1,97.96666666666668,12470
"(0.9666666666666668, 1.0)",2,97.96666666666668,12472
"(0.8, 1.0)",1,97.96666666666668,12473
"(0.9833333333333332, 1.0)",1,97.96666666666668,12474
"(0.95, 1.0)",2,97.96666666666668,12476
"(0.75, 1.0)",1,97.96666666666668,12477
"(0.8166666666666667, 1.0)",1,97.96666666666668,12478
"(1.0, 1.0)",1,97.96666666666668,12479
"(0.8833333333333333, 1.0)",2,97.96666666666668,12481
"(0.85, 1.0)",1,97.96666666666668,12482
"(0.9416666666666668, 0.9791666666666666)",1,97.96666666666668,12483
"(0.9333333333333332, 1.0)",1,97.96666666666668,12484
"(0.9375, 0.9833333333333332)",1,97.96666666666664,12485
"(0.9, 0.9916666666666668)",2,97.9666666666666,12487
"(0.975, 0.9916666666666668)",1,97.96666666666648,12488
"(0.8255813953488372, 0.9883720930232558)",1,97.96511627906987,12489
"(0.7674418604651163, 0.9883720930232558)",1,97.96511627906982,12490
"(0.7674418604651163, 1.0)",1,97.96511627906982,12491
"(0.8488372093023255, 1.0)",1,97.9651162790698,12492
"(0.8837209302325582, 1.0)",1,97.9651162790698,12493
"(0.5930232558139535, 0.9883720930232558)",1,97.9651162790698,12494
"(0.4883720930232558, 0.9883720930232558)",2,97.9651162790698,12496
"(0.872093023255814, 1.0)",1,97.9651162790698,12497
"(0.8255813953488372, 1.0)",1,97.9651162790698,12498
"(0.8458333333333333, 0.9833333333333332)",1,97.96250000000003,12499
"(0.8833333333333333, 0.9875)",1,97.96249999999984,12500
"(0.9291666666666668, 0.9958333333333332)",1,97.96249999999984,12501
"(0.8611111111111112, 0.9861111111111112)",1,97.95833333333351,12502
"(0.9166666666666666, 1.0)",1,97.9583333333334,12503
"(0.9083333333333332, 0.9833333333333332)",1,97.9583333333334,12504
"(0.875, 1.0)",1,97.95833333333336,12505
"(0.875, 1.0)",1,97.95833333333336,12506
"(0.8791666666666667, 0.9791666666666666)",1,97.95833333333336,12507
"(0.8333333333333334, 1.0)",1,97.95833333333336,12508
"(0.9027777777777778, 1.0)",1,97.95833333333336,12509
"(0.6944444444444444, 1.0)",1,97.95833333333336,12510
"(0.875, 1.0)",1,97.95833333333331,12511
"(0.8958333333333334, 0.9875)",1,97.9583333333332,12512
"(0.9666666666666668, 0.9875)",1,97.95833333333316,12513
"(0.9625, 0.9916666666666668)",2,97.95416666666652,12515
"(0.825, 0.9958333333333332)",1,97.9541666666665,12516
"(0.9125, 0.9916666666666668)",1,97.95416666666648,12517
"(0.7558139534883721, 1.0)",1,97.95348837209306,12518
"(0.8166666666666667, 0.9833333333333332)",4,97.95000000000007,12522
"(0.95, 0.9833333333333332)",6,97.95000000000007,12528
"(1.0, 0.9833333333333332)",1,97.95000000000007,12529
"(1.0, 0.9833333333333332)",1,97.95000000000007,12530
"(0.7333333333333333, 1.0)",1,97.95000000000006,12531
"(0.9333333333333332, 1.0)",1,97.95000000000005,12532
"(0.9166666666666666, 1.0)",1,97.95000000000005,12533
"(0.9166666666666666, 1.0)",1,97.95000000000005,12534
"(0.7333333333333333, 1.0)",1,97.95000000000005,12535
"(0.8333333333333334, 1.0)",1,97.95000000000005,12536
"(0.8333333333333334, 1.0)",1,97.95000000000005,12537
"(0.85, 1.0)",2,97.95000000000005,12539
"(0.9666666666666668, 1.0)",1,97.95000000000002,12540
"(0.8333333333333334, 1.0)",1,97.95000000000002,12541
"(0.8375, 0.9958333333333332)",1,97.95000000000002,12542
"(0.8166666666666667, 1.0)",2,97.95000000000002,12544
"(0.95, 1.0)",1,97.95,12545
"(0.85, 1.0)",1,97.95,12546
"(0.8833333333333333, 1.0)",2,97.95,12548
"(0.7333333333333333, 1.0)",1,97.95,12549
"(0.7833333333333333, 1.0)",1,97.95,12550
"(1.0, 1.0)",3,97.95,12553
"(0.9833333333333332, 1.0)",1,97.95,12554
"(0.8333333333333334, 1.0)",2,97.95,12556
"(0.9, 1.0)",1,97.95,12557
"(0.9375, 0.9916666666666668)",1,97.94999999999987,12558
"(0.9333333333333332, 0.9916666666666668)",1,97.94999999999987,12559
"(0.9, 0.9875)",1,97.94999999999982,12560
"(0.8541666666666666, 0.9958333333333332)",2,97.94583333333335,12562
"(0.9833333333333332, 0.9625)",1,97.94583333333333,12563
"(0.9375, 0.9833333333333332)",1,97.94583333333328,12564
"(0.975, 0.975)",1,97.94583333333328,12565
"(0.875, 0.9958333333333332)",1,97.94583333333324,12566
"(0.8666666666666667, 0.9916666666666668)",1,97.94583333333316,12567
"(0.9208333333333332, 0.9875)",1,97.94583333333316,12568
"(0.8888888888888888, 0.9861111111111112)",3,97.94444444444464,12571
"(0.7638888888888888, 0.9861111111111112)",3,97.94444444444464,12574
"(0.8472222222222222, 0.9861111111111112)",1,97.94444444444464,12575
"(0.9166666666666666, 1.0)",1,97.94444444444451,12576
"(0.8611111111111112, 1.0)",1,97.94444444444451,12577
"(0.6944444444444444, 0.9861111111111112)",1,97.94444444444451,12578
"(0.9444444444444444, 1.0)",1,97.9444444444445,12579
"(0.8333333333333334, 1.0)",1,97.94444444444449,12580
"(0.8333333333333334, 1.0)",1,97.94444444444449,12581
"(0.7638888888888888, 1.0)",1,97.94444444444446,12582
"(0.7083333333333334, 1.0)",2,97.94444444444446,12584
"(0.875, 1.0)",1,97.94444444444446,12585
"(0.9305555555555556, 1.0)",1,97.94444444444446,12586
"(0.8333333333333334, 1.0)",1,97.94444444444444,12587
"(0.8604651162790697, 0.9883720930232558)",1,97.9418604651164,12588
"(0.9534883720930232, 1.0)",1,97.94186046511632,12589
"(0.813953488372093, 1.0)",1,97.94186046511632,12590
"(0.5930232558139535, 1.0)",1,97.9418604651163,12591
"(0.9041666666666668, 0.9916666666666668)",1,97.94166666666662,12592
"(0.9375, 0.9916666666666668)",2,97.94166666666662,12594
"(0.9666666666666668, 0.9833333333333332)",1,97.94166666666662,12595
"(0.9416666666666668, 0.9875)",2,97.94166666666652,12597
"(0.9375, 0.9958333333333332)",1,97.94166666666648,12598
"(0.9208333333333332, 0.9791666666666666)",1,97.93750000000009,12599
"(0.9208333333333332, 0.9833333333333332)",1,97.93750000000004,12600
"(0.9416666666666668, 0.9791666666666666)",1,97.93750000000004,12601
"(0.9, 0.9833333333333332)",1,97.9375,12602
"(0.825, 0.9916666666666668)",2,97.93749999999994,12604
"(0.9, 0.9875)",1,97.93749999999989,12605
"(0.9083333333333332, 0.9916666666666668)",1,97.93749999999984,12606
"(0.9875, 0.9791666666666666)",2,97.93749999999984,12608
"(0.925, 0.9958333333333332)",1,97.93749999999982,12609
"(0.7333333333333333, 0.9833333333333332)",1,97.9333333333334,12610
"(0.9666666666666668, 1.0)",1,97.9333333333334,12611
"(1.0, 0.9833333333333332)",1,97.9333333333334,12612
"(1.0, 1.0)",1,97.9333333333334,12613
"(0.9833333333333332, 0.9833333333333332)",1,97.9333333333334,12614
"(0.7666666666666667, 1.0)",2,97.93333333333338,12616
"(0.8333333333333334, 1.0)",1,97.93333333333337,12617
"(0.7333333333333333, 1.0)",3,97.93333333333337,12620
"(0.9166666666666666, 1.0)",1,97.93333333333337,12621
"(0.9666666666666668, 1.0)",1,97.93333333333337,12622
"(0.8333333333333334, 1.0)",1,97.93333333333337,12623
"(0.8166666666666667, 1.0)",2,97.93333333333337,12625
"(0.9333333333333332, 1.0)",2,97.93333333333337,12627
"(0.8833333333333333, 1.0)",1,97.93333333333337,12628
"(1.0, 1.0)",1,97.93333333333337,12629
"(0.9, 1.0)",2,97.93333333333337,12631
"(0.75, 1.0)",1,97.93333333333337,12632
"(0.85, 1.0)",2,97.93333333333337,12634
"(0.75, 1.0)",1,97.93333333333334,12635
"(0.8666666666666667, 1.0)",3,97.93333333333334,12638
"(0.85, 1.0)",2,97.93333333333334,12640
"(0.7333333333333333, 1.0)",1,97.93333333333334,12641
"(0.9333333333333332, 1.0)",1,97.93333333333334,12642
"(0.6666666666666666, 1.0)",1,97.93333333333334,12643
"(0.8166666666666667, 1.0)",1,97.93333333333334,12644
"(0.8333333333333334, 1.0)",2,97.93333333333334,12646
"(0.9666666666666668, 1.0)",1,97.93333333333334,12647
"(0.9833333333333332, 1.0)",2,97.93333333333334,12649
"(0.7833333333333333, 1.0)",1,97.93333333333334,12650
"(0.8833333333333333, 1.0)",1,97.93333333333334,12651
"(0.7666666666666667, 1.0)",1,97.93333333333334,12652
"(0.95, 1.0)",2,97.93333333333334,12654
"(0.9666666666666668, 0.9833333333333332)",1,97.93333333333332,12655
"(0.9041666666666668, 0.9958333333333332)",1,97.93333333333328,12656
"(0.875, 0.9958333333333332)",1,97.93333333333324,12657
"(0.9625, 0.9958333333333332)",1,97.9333333333332,12658
"(0.9041666666666668, 0.9916666666666668)",1,97.93333333333312,12659
"(0.7361111111111112, 0.9861111111111112)",1,97.93055555555576,12660
"(0.8472222222222222, 0.9861111111111112)",1,97.93055555555576,12661
"(0.75, 0.9861111111111112)",2,97.93055555555571,12663
"(0.7083333333333334, 1.0)",1,97.93055555555564,12664
"(0.9305555555555556, 1.0)",1,97.9305555555556,12665
"(0.8333333333333334, 0.9861111111111112)",1,97.9305555555556,12666
"(0.9583333333333334, 1.0)",4,97.9305555555556,12670
"(0.7083333333333334, 1.0)",1,97.9305555555556,12671
"(0.7638888888888888, 1.0)",1,97.93055555555556,12672
"(0.7777777777777778, 1.0)",1,97.93055555555556,12673
"(0.7638888888888888, 1.0)",1,97.93055555555556,12674
"(0.8055555555555556, 0.9861111111111112)",1,97.93055555555556,12675
"(0.8837209302325582, 0.9883720930232558)",1,97.9302325581396,12676
"(0.9208333333333332, 0.9958333333333332)",1,97.92916666666672,12677
"(0.8625, 0.9916666666666668)",1,97.92916666666665,12678
"(0.9666666666666668, 0.9833333333333332)",1,97.9291666666666,12679
"(0.9208333333333332, 0.9833333333333332)",1,97.9291666666666,12680
"(0.9208333333333332, 0.9875)",1,97.9291666666666,12681
"(0.95, 0.9916666666666668)",1,97.9291666666666,12682
"(0.9, 0.9958333333333332)",1,97.92916666666652,12683
"(0.9291666666666668, 0.9875)",1,97.92916666666648,12684
"(0.925, 0.9833333333333332)",1,97.92500000000013,12685
"(0.9666666666666668, 0.9875)",1,97.92500000000008,12686
"(0.8791666666666667, 0.9708333333333332)",1,97.92500000000004,12687
"(0.9375, 0.9791666666666666)",1,97.92500000000004,12688
"(0.9041666666666668, 0.9958333333333332)",1,97.92499999999998,12689
"(0.9833333333333332, 0.9875)",1,97.92499999999994,12690
"(0.9458333333333332, 0.9958333333333332)",1,97.92499999999993,12691
"(0.8625, 0.9958333333333332)",1,97.92499999999993,12692
"(0.9, 0.9916666666666668)",1,97.92499999999993,12693
"(0.9, 0.9875)",1,97.92499999999986,12694
"(0.9375, 0.9833333333333332)",1,97.92499999999984,12695
"(0.9083333333333332, 0.9791666666666666)",1,97.9208333333334,12696
"(0.9041666666666668, 0.9791666666666666)",1,97.92083333333336,12697
"(0.9208333333333332, 0.9875)",1,97.9208333333333,12698
"(0.9291666666666668, 0.9875)",1,97.92083333333318,12699
"(0.8916666666666667, 0.9916666666666668)",1,97.92083333333316,12700
"(0.8255813953488372, 0.9883720930232558)",1,97.91860465116292,12701
"(0.7674418604651163, 1.0)",1,97.9186046511628,12702
"(0.8611111111111112, 0.9861111111111112)",2,97.91666666666688,12704
"(0.9444444444444444, 0.9861111111111112)",5,97.91666666666688,12709
"(0.875, 0.9861111111111112)",1,97.91666666666688,12710
"(0.9444444444444444, 0.9861111111111112)",1,97.91666666666686,12711
"(0.9027777777777778, 0.9861111111111112)",1,97.91666666666684,12712
"(0.8333333333333334, 0.9861111111111112)",1,97.91666666666684,12713
"(0.9, 0.9791666666666666)",1,97.91666666666676,12714
"(0.7777777777777778, 1.0)",2,97.91666666666676,12716
"(0.7333333333333333, 1.0)",1,97.91666666666676,12717
"(0.9666666666666668, 0.9833333333333332)",1,97.91666666666674,12718
"(0.9166666666666666, 1.0)",1,97.91666666666671,12719
"(0.8458333333333333, 0.9833333333333332)",2,97.91666666666671,12721
"(0.8666666666666667, 1.0)",1,97.91666666666671,12722
"(0.9166666666666666, 1.0)",1,97.91666666666671,12723
"(0.8833333333333333, 0.9833333333333332)",1,97.9166666666667,12724
"(0.9166666666666666, 1.0)",1,97.9166666666667,12725
"(0.8666666666666667, 0.9833333333333332)",1,97.9166666666667,12726
"(0.7666666666666667, 1.0)",2,97.9166666666667,12728
"(0.9833333333333332, 1.0)",1,97.9166666666667,12729
"(0.85, 1.0)",1,97.91666666666669,12730
"(0.8611111111111112, 1.0)",1,97.91666666666669,12731
"(0.975, 0.9916666666666668)",1,97.91666666666669,12732
"(0.9833333333333332, 1.0)",1,97.91666666666669,12733
"(0.8166666666666667, 1.0)",1,97.91666666666669,12734
"(0.6833333333333333, 1.0)",1,97.91666666666669,12735
"(0.8333333333333334, 1.0)",1,97.91666666666669,12736
"(0.8, 1.0)",1,97.91666666666669,12737
"(0.8666666666666667, 1.0)",4,97.91666666666669,12741
"(0.7638888888888888, 1.0)",1,97.91666666666669,12742
"(0.7361111111111112, 1.0)",1,97.91666666666669,12743
"(0.7166666666666667, 1.0)",1,97.91666666666669,12744
"(0.8333333333333334, 1.0)",1,97.91666666666669,12745
"(0.9333333333333332, 1.0)",1,97.91666666666669,12746
"(0.7083333333333334, 1.0)",1,97.91666666666669,12747
"(0.8833333333333333, 1.0)",2,97.91666666666666,12749
"(0.9305555555555556, 1.0)",4,97.91666666666666,12753
"(1.0, 1.0)",5,97.91666666666666,12758
"(0.7333333333333333, 1.0)",2,97.91666666666666,12760
"(0.9833333333333332, 1.0)",1,97.91666666666666,12761
"(0.8666666666666667, 1.0)",1,97.91666666666666,12762
"(0.7166666666666667, 1.0)",1,97.91666666666666,12763
"(0.85, 1.0)",1,97.91666666666666,12764
"(0.8333333333333334, 1.0)",1,97.91666666666666,12765
"(0.9208333333333332, 0.9791666666666666)",1,97.91666666666664,12766
"(0.8916666666666667, 0.9875)",1,97.91666666666656,12767
"(0.9291666666666668, 0.9875)",1,97.91666666666652,12768
"(0.8958333333333334, 0.9875)",1,97.91666666666649,12769
"(0.9291666666666668, 0.9791666666666666)",1,97.91250000000012,12770
"(0.9583333333333334, 0.9791666666666666)",1,97.91250000000008,12771
"(0.9583333333333334, 0.9958333333333332)",1,97.91249999999998,12772
"(0.9833333333333332, 0.9833333333333332)",1,97.91249999999994,12773
"(0.8541666666666666, 0.9916666666666668)",1,97.9124999999999,12774
"(0.9375, 0.9916666666666668)",2,97.91249999999988,12776
"(0.9416666666666668, 0.9833333333333332)",1,97.91249999999988,12777
"(0.8833333333333333, 0.9875)",1,97.91249999999984,12778
"(0.9958333333333332, 0.9958333333333332)",1,97.9124999999998,12779
"(0.9083333333333332, 0.9833333333333332)",1,97.90833333333342,12780
"(0.9208333333333332, 0.9791666666666666)",1,97.90833333333336,12781
"(0.9833333333333332, 0.9958333333333332)",1,97.90833333333336,12782
"(0.875, 0.9958333333333332)",1,97.90833333333332,12783
"(0.9375, 0.9833333333333332)",2,97.9083333333333,12785
"(0.925, 0.9958333333333332)",1,97.90833333333325,12786
"(0.8916666666666667, 0.9875)",1,97.9083333333332,12787
"(0.9651162790697676, 0.9767441860465116)",1,97.90697674418618,12788
"(0.9302325581395348, 0.9883720930232558)",1,97.90697674418612,12789
"(0.8255813953488372, 1.0)",1,97.9069767441861,12790
"(0.8255813953488372, 0.9883720930232558)",1,97.90697674418608,12791
"(0.872093023255814, 1.0)",1,97.90697674418608,12792
"(0.4651162790697674, 1.0)",1,97.90697674418604,12793
"(0.9416666666666668, 0.9833333333333332)",1,97.90416666666664,12794
"(0.9833333333333332, 0.9708333333333332)",1,97.9041666666666,12795
"(0.9416666666666668, 0.9916666666666668)",2,97.9041666666666,12797
"(0.8708333333333333, 0.9875)",1,97.90416666666653,12798
"(0.925, 0.9875)",1,97.9041666666665,12799
"(0.9291666666666668, 0.9916666666666668)",2,97.90416666666646,12801
"(0.8194444444444444, 0.9861111111111112)",1,97.90277777777798,12802
"(0.8611111111111112, 0.9861111111111112)",2,97.90277777777798,12804
"(0.9166666666666666, 0.9861111111111112)",1,97.90277777777796,12805
"(0.8611111111111112, 0.9861111111111112)",2,97.90277777777796,12807
"(0.7638888888888888, 0.9861111111111112)",1,97.90277777777791,12808
"(0.9444444444444444, 1.0)",1,97.90277777777789,12809
"(0.7083333333333334, 1.0)",1,97.9027777777778,12810
"(0.7361111111111112, 1.0)",1,97.9027777777778,12811
"(0.7777777777777778, 1.0)",1,97.9027777777778,12812
"(0.875, 1.0)",1,97.9027777777778,12813
"(0.9833333333333332, 0.9833333333333332)",1,97.90000000000008,12814
"(0.9333333333333332, 1.0)",1,97.90000000000008,12815
"(0.9833333333333332, 0.9833333333333332)",4,97.90000000000006,12819
"(0.9166666666666666, 1.0)",1,97.90000000000003,12820
"(0.9208333333333332, 0.9791666666666666)",1,97.90000000000003,12821
"(0.8, 1.0)",2,97.90000000000003,12823
"(0.8833333333333333, 0.9833333333333332)",1,97.90000000000003,12824
"(0.75, 1.0)",1,97.90000000000003,12825
"(0.8833333333333333, 1.0)",1,97.90000000000003,12826
"(0.9, 1.0)",1,97.90000000000003,12827
"(0.95, 1.0)",1,97.90000000000003,12828
"(0.9166666666666666, 1.0)",1,97.90000000000002,12829
"(0.85, 1.0)",1,97.90000000000002,12830
"(0.9208333333333332, 0.9791666666666666)",1,97.90000000000002,12831
"(0.7333333333333333, 1.0)",1,97.90000000000002,12832
"(0.8666666666666667, 1.0)",1,97.9,12833
"(0.9666666666666668, 1.0)",1,97.9,12834
"(0.8, 1.0)",2,97.9,12836
"(0.7333333333333333, 1.0)",1,97.9,12837
"(0.9166666666666666, 1.0)",1,97.9,12838
"(0.9833333333333332, 1.0)",2,97.9,12840
"(0.975, 0.9666666666666668)",1,97.9,12841
"(0.9208333333333332, 0.9958333333333332)",1,97.8999999999999,12842
"(0.8958333333333334, 0.9875)",1,97.89999999999986,12843
"(0.9083333333333332, 0.9833333333333332)",1,97.89583333333336,12844
"(0.9375, 0.9958333333333332)",1,97.89583333333336,12845
"(0.9375, 0.9791666666666666)",1,97.89583333333334,12846
"(0.9666666666666668, 0.9875)",1,97.89583333333334,12847
"(0.9208333333333332, 0.9916666666666668)",1,97.89583333333334,12848
"(0.9708333333333332, 0.9916666666666668)",1,97.8958333333333,12849
"(0.9708333333333332, 0.9833333333333332)",1,97.89583333333324,12850
"(0.9208333333333332, 0.9916666666666668)",1,97.89583333333324,12851
"(0.9625, 0.9916666666666668)",1,97.8958333333332,12852
"(0.8958333333333334, 0.9916666666666668)",1,97.8958333333332,12853
"(0.9791666666666666, 0.9916666666666668)",1,97.89583333333316,12854
"(0.872093023255814, 0.9883720930232558)",1,97.89534883720944,12855
"(0.8837209302325582, 1.0)",2,97.89534883720935,12857
"(0.5930232558139535, 1.0)",1,97.89534883720934,12858
"(0.8604651162790697, 1.0)",1,97.89534883720933,12859
"(0.872093023255814, 1.0)",1,97.89534883720933,12860
"(0.9416666666666668, 0.9875)",1,97.89166666666677,12861
"(0.9208333333333332, 0.9958333333333332)",1,97.89166666666668,12862
"(0.875, 0.9833333333333332)",1,97.89166666666668,12863
"(1.0, 0.975)",1,97.89166666666662,12864
"(0.9208333333333332, 0.9833333333333332)",1,97.8916666666666,12865
"(0.9458333333333332, 0.9916666666666668)",1,97.8916666666666,12866
"(0.9625, 0.9666666666666668)",1,97.89166666666652,12867
"(0.9833333333333332, 0.9875)",2,97.89166666666652,12869
"(0.9208333333333332, 0.9875)",1,97.89166666666652,12870
"(0.9722222222222222, 0.9861111111111112)",1,97.88888888888908,12871
"(0.875, 0.9861111111111112)",1,97.88888888888908,12872
"(0.7638888888888888, 0.9861111111111112)",1,97.88888888888908,12873
"(0.8611111111111112, 0.9861111111111112)",1,97.88888888888908,12874
"(0.8472222222222222, 0.9861111111111112)",3,97.88888888888908,12877
"(0.9027777777777778, 0.9861111111111112)",1,97.88888888888896,12878
"(0.8055555555555556, 1.0)",1,97.88888888888896,12879
"(0.7083333333333334, 1.0)",1,97.88888888888894,12880
"(0.8194444444444444, 1.0)",1,97.88888888888891,12881
"(0.8611111111111112, 1.0)",1,97.88888888888891,12882
"(0.9444444444444444, 1.0)",1,97.88888888888891,12883
"(0.75, 1.0)",4,97.88888888888889,12887
"(0.8055555555555556, 1.0)",4,97.88888888888889,12891
"(0.9416666666666668, 0.9833333333333332)",1,97.8875,12892
"(0.9375, 0.9916666666666668)",1,97.88749999999996,12893
"(0.95, 0.9833333333333332)",2,97.88749999999996,12895
"(0.8255813953488372, 0.9883720930232558)",1,97.88372093023268,12896
"(0.9186046511627908, 0.9883720930232558)",1,97.88372093023264,12897
"(0.7674418604651163, 0.9883720930232558)",2,97.8837209302326,12899
"(0.8488372093023255, 1.0)",1,97.8837209302326,12900
"(0.7674418604651163, 1.0)",1,97.88372093023258,12901
"(0.95, 0.9833333333333332)",2,97.8833333333334,12903
"(0.8666666666666667, 1.0)",1,97.8833333333334,12904
"(1.0, 0.9833333333333332)",1,97.8833333333334,12905
"(0.8166666666666667, 1.0)",1,97.88333333333338,12906
"(0.9208333333333332, 0.9958333333333332)",2,97.88333333333338,12908
"(0.9, 1.0)",1,97.88333333333338,12909
"(0.95, 1.0)",1,97.88333333333335,12910
"(0.7166666666666667, 1.0)",1,97.88333333333335,12911
"(0.85, 1.0)",1,97.88333333333335,12912
"(0.9, 1.0)",1,97.88333333333335,12913
"(0.8333333333333334, 1.0)",2,97.88333333333335,12915
"(0.9166666666666666, 1.0)",1,97.88333333333335,12916
"(0.6666666666666666, 1.0)",1,97.88333333333334,12917
"(0.9666666666666668, 1.0)",1,97.88333333333334,12918
"(1.0, 1.0)",1,97.88333333333334,12919
"(0.8833333333333333, 1.0)",2,97.88333333333333,12921
"(0.7166666666666667, 1.0)",2,97.88333333333333,12923
"(0.6666666666666666, 1.0)",1,97.88333333333333,12924
"(0.9833333333333332, 1.0)",1,97.88333333333333,12925
"(1.0, 1.0)",2,97.88333333333333,12927
"(0.8, 1.0)",2,97.88333333333333,12929
"(0.9166666666666666, 1.0)",3,97.88333333333333,12932
"(0.925, 0.9875)",1,97.88333333333328,12933
"(0.975, 0.9958333333333332)",1,97.88333333333328,12934
"(0.9375, 0.9958333333333332)",2,97.88333333333328,12936
"(0.9416666666666668, 0.9958333333333332)",1,97.88333333333324,12937
"(0.8666666666666667, 0.9875)",1,97.8833333333332,12938
"(0.9916666666666668, 0.9833333333333332)",1,97.88333333333318,12939
"(0.9666666666666668, 0.9791666666666666)",1,97.87916666666672,12940
"(0.9333333333333332, 0.9958333333333332)",1,97.87916666666663,12941
"(0.8666666666666667, 0.9958333333333332)",1,97.87916666666658,12942
"(0.9291666666666668, 0.9958333333333332)",1,97.87916666666656,12943
"(0.975, 0.9916666666666668)",2,97.87916666666652,12945
"(0.9, 0.9958333333333332)",1,97.87916666666652,12946
"(0.7638888888888888, 0.9861111111111112)",1,97.8750000000002,12947
"(0.8611111111111112, 0.9861111111111112)",2,97.8750000000002,12949
"(0.7777777777777778, 0.9861111111111112)",1,97.8750000000002,12950
"(0.9166666666666666, 0.9861111111111112)",1,97.8750000000002,12951
"(0.8472222222222222, 0.9861111111111112)",1,97.8750000000002,12952
"(0.8611111111111112, 0.9722222222222222)",1,97.87500000000016,12953
"(0.6944444444444444, 1.0)",1,97.87500000000016,12954
"(0.9722222222222222, 0.9861111111111112)",1,97.87500000000014,12955
"(0.9305555555555556, 0.9722222222222222)",2,97.87500000000011,12957
"(0.925, 0.9833333333333332)",1,97.87500000000009,12958
"(0.9833333333333332, 0.9791666666666666)",1,97.87500000000009,12959
"(0.8888888888888888, 0.9861111111111112)",1,97.87500000000006,12960
"(0.9305555555555556, 1.0)",2,97.87500000000004,12962
"(0.9444444444444444, 1.0)",1,97.87500000000004,12963
"(0.875, 1.0)",1,97.87500000000004,12964
"(0.8888888888888888, 1.0)",2,97.87500000000004,12966
"(0.9444444444444444, 1.0)",1,97.875,12967
"(0.925, 0.9791666666666666)",2,97.875,12969
"(0.8958333333333334, 0.9916666666666668)",1,97.87499999999996,12970
"(0.9208333333333332, 0.9916666666666668)",1,97.87499999999991,12971
"(0.9, 0.9833333333333332)",2,97.8749999999999,12973
"(0.9375, 0.975)",2,97.87499999999989,12975
"(0.925, 0.9958333333333332)",1,97.87499999999986,12976
"(0.8666666666666667, 0.9916666666666668)",2,97.87499999999984,12978
"(0.7790697674418605, 0.9767441860465116)",1,97.87209302325591,12979
"(0.9186046511627908, 1.0)",1,97.87209302325586,12980
"(0.7906976744186046, 1.0)",1,97.87209302325586,12981
"(0.6162790697674418, 1.0)",1,97.87209302325584,12982
"(0.8255813953488372, 1.0)",1,97.87209302325584,12983
"(0.9642857142857144, 0.9785714285714284)",1,97.87142857142857,12984
"(0.9416666666666668, 0.9791666666666666)",1,97.87083333333344,12985
"(0.9291666666666668, 0.9791666666666666)",2,97.87083333333342,12987
"(0.9416666666666668, 0.9833333333333332)",2,97.87083333333337,12989
"(0.9208333333333332, 0.9958333333333332)",1,97.87083333333324,12990
"(0.9, 0.9875)",1,97.8708333333332,12991
"(0.9208333333333332, 0.9875)",1,97.87083333333317,12992
"(1.0, 1.0)",1,97.86666666666676,12993
"(0.9666666666666668, 0.9833333333333332)",1,97.86666666666676,12994
"(0.8333333333333334, 1.0)",2,97.86666666666672,12996
"(0.9, 1.0)",1,97.86666666666672,12997
"(0.9333333333333332, 0.9833333333333332)",2,97.86666666666672,12999
"(0.9166666666666666, 1.0)",1,97.86666666666672,13000
"(1.0, 0.9833333333333332)",2,97.86666666666672,13002
"(0.7666666666666667, 1.0)",1,97.86666666666672,13003
"(0.9166666666666666, 0.9833333333333332)",4,97.86666666666672,13007
"(0.9666666666666668, 0.9833333333333332)",1,97.86666666666672,13008
"(0.9833333333333332, 0.9833333333333332)",2,97.86666666666672,13010
"(0.75, 1.0)",1,97.8666666666667,13011
"(0.9666666666666668, 1.0)",1,97.8666666666667,13012
"(0.9166666666666666, 1.0)",1,97.8666666666667,13013
"(0.8166666666666667, 1.0)",1,97.8666666666667,13014
"(0.9, 1.0)",1,97.8666666666667,13015
"(0.9, 0.9791666666666666)",1,97.8666666666667,13016
"(0.8833333333333333, 1.0)",1,97.86666666666667,13017
"(0.8333333333333334, 1.0)",3,97.86666666666667,13020
"(0.9, 1.0)",1,97.86666666666667,13021
"(0.8166666666666667, 1.0)",2,97.86666666666667,13023
"(0.8666666666666667, 1.0)",1,97.86666666666667,13024
"(0.9333333333333332, 1.0)",1,97.86666666666667,13025
"(0.9833333333333332, 1.0)",1,97.86666666666667,13026
"(0.9666666666666668, 1.0)",3,97.86666666666667,13029
"(0.8, 1.0)",3,97.86666666666667,13032
"(0.7666666666666667, 1.0)",2,97.86666666666667,13034
"(0.8833333333333333, 1.0)",1,97.86666666666667,13035
"(0.9791666666666666, 0.9791666666666666)",1,97.86666666666666,13036
"(0.9375, 0.9916666666666668)",1,97.8666666666666,13037
"(0.9291666666666668, 0.9958333333333332)",1,97.86666666666656,13038
"(0.9583333333333334, 0.9958333333333332)",1,97.86666666666656,13039
"(0.8958333333333334, 0.9875)",1,97.86666666666652,13040
"(0.9416666666666668, 0.9916666666666668)",1,97.8666666666665,13041
"(0.9416666666666668, 0.9875)",1,97.8666666666665,13042
"(0.9208333333333332, 0.9791666666666666)",1,97.86250000000004,13043
"(0.9833333333333332, 0.9625)",1,97.86249999999995,13044
"(0.95, 0.975)",2,97.86249999999995,13046
"(0.975, 1.0)",1,97.86249999999995,13047
"(0.9125, 0.9958333333333332)",1,97.86249999999994,13048
"(0.9125, 0.9916666666666668)",1,97.86249999999993,13049
"(0.8541666666666666, 0.9916666666666668)",1,97.8624999999999,13050
"(0.9083333333333332, 0.9916666666666668)",1,97.86249999999988,13051
"(0.925, 0.9875)",1,97.86249999999986,13052
"(0.9916666666666668, 0.9916666666666668)",1,97.8624999999998,13053
"(0.8472222222222222, 0.9861111111111112)",1,97.86111111111131,13054
"(0.9305555555555556, 0.9861111111111112)",1,97.86111111111131,13055
"(0.6944444444444444, 0.9861111111111112)",1,97.86111111111131,13056
"(0.7638888888888888, 0.9861111111111112)",1,97.86111111111131,13057
"(0.8194444444444444, 0.9861111111111112)",1,97.86111111111131,13058
"(0.9722222222222222, 0.9861111111111112)",1,97.86111111111131,13059
"(0.9166666666666666, 0.9861111111111112)",1,97.8611111111113,13060
"(0.9027777777777778, 0.9861111111111112)",2,97.86111111111116,13062
"(0.8888888888888888, 1.0)",1,97.86111111111116,13063
"(0.9583333333333334, 1.0)",1,97.86111111111116,13064
"(0.875, 1.0)",1,97.86111111111116,13065
"(0.8611111111111112, 1.0)",1,97.86111111111116,13066
"(0.7083333333333334, 1.0)",4,97.86111111111111,13070
"(0.75, 1.0)",2,97.86111111111111,13072
"(0.8611111111111112, 1.0)",1,97.86111111111111,13073
"(0.8488372093023255, 0.9883720930232558)",1,97.86046511627912,13074
"(0.8255813953488372, 1.0)",1,97.8604651162791,13075
"(0.9186046511627908, 1.0)",1,97.86046511627907,13076
"(0.8372093023255814, 0.9883720930232558)",1,97.86046511627907,13077
"(0.975, 0.9791666666666666)",1,97.85833333333343,13078
"(0.9666666666666668, 0.9958333333333332)",1,97.85833333333323,13079
"(0.9208333333333332, 0.9875)",1,97.85833333333323,13080
"(0.8375, 0.9958333333333332)",1,97.8583333333332,13081
"(0.9916666666666668, 0.9791666666666666)",1,97.85416666666671,13082
"(0.8375, 0.9958333333333332)",1,97.8541666666667,13083
"(0.875, 0.9833333333333332)",1,97.85416666666669,13084
"(0.8333333333333334, 1.0)",1,97.85000000000008,13085
"(0.9166666666666666, 0.9833333333333332)",1,97.85000000000008,13086
"(0.9666666666666668, 0.9833333333333332)",4,97.85000000000008,13090
"(0.7666666666666667, 0.9833333333333332)",1,97.85000000000008,13091
"(0.9, 0.9833333333333332)",2,97.85000000000008,13093
"(0.9166666666666666, 1.0)",1,97.85000000000008,13094
"(0.9458333333333332, 0.9791666666666666)",1,97.85000000000008,13095
"(0.7666666666666667, 1.0)",1,97.85000000000004,13096
"(0.9, 1.0)",1,97.85000000000004,13097
"(0.8666666666666667, 1.0)",1,97.85000000000004,13098
"(0.7833333333333333, 1.0)",1,97.85000000000004,13099
"(0.85, 1.0)",1,97.85000000000002,13100
"(0.8833333333333333, 1.0)",3,97.85000000000002,13103
"(1.0, 1.0)",1,97.85000000000002,13104
"(0.7833333333333333, 1.0)",1,97.85000000000002,13105
"(0.75, 1.0)",1,97.85000000000002,13106
"(0.95, 1.0)",1,97.85,13107
"(0.9833333333333332, 1.0)",1,97.85,13108
"(0.9833333333333332, 1.0)",2,97.85,13110
"(0.7666666666666667, 1.0)",1,97.85,13111
"(0.6833333333333333, 1.0)",1,97.85,13112
"(0.875, 0.9875)",1,97.85,13113
"(0.8833333333333333, 1.0)",2,97.85,13115
"(0.9958333333333332, 0.9833333333333332)",1,97.84999999999998,13116
"(0.9666666666666668, 1.0)",1,97.84999999999998,13117
"(0.9291666666666668, 0.9791666666666666)",1,97.84999999999997,13118
"(0.9208333333333332, 0.9916666666666668)",2,97.84999999999994,13120
"(0.975, 0.9958333333333332)",1,97.84999999999992,13121
"(0.9458333333333332, 0.9666666666666668)",1,97.84999999999992,13122
"(0.9166666666666666, 0.9875)",1,97.84999999999988,13123
"(0.9418604651162792, 0.9883720930232558)",2,97.8488372093024,13125
"(0.872093023255814, 1.0)",1,97.84883720930236,13126
"(0.6162790697674418, 1.0)",1,97.84883720930236,13127
"(0.7906976744186046, 1.0)",1,97.84883720930236,13128
"(0.9166666666666666, 0.9861111111111112)",2,97.84722222222244,13130
"(0.8888888888888888, 0.9861111111111112)",2,97.84722222222244,13132
"(0.8333333333333334, 0.9861111111111112)",2,97.84722222222244,13134
"(0.9444444444444444, 0.9861111111111112)",2,97.84722222222244,13136
"(0.8611111111111112, 0.9861111111111112)",2,97.84722222222244,13138
"(0.8472222222222222, 0.9861111111111112)",1,97.8472222222224,13139
"(0.9166666666666666, 0.9861111111111112)",1,97.8472222222224,13140
"(0.9444444444444444, 0.9861111111111112)",2,97.8472222222224,13142
"(0.8611111111111112, 0.9861111111111112)",1,97.8472222222224,13143
"(0.9166666666666666, 1.0)",1,97.8472222222223,13144
"(0.7777777777777778, 1.0)",2,97.84722222222229,13146
"(0.9305555555555556, 1.0)",2,97.84722222222229,13148
"(0.8055555555555556, 1.0)",1,97.84722222222229,13149
"(0.7777777777777778, 1.0)",1,97.84722222222226,13150
"(0.9444444444444444, 1.0)",2,97.84722222222226,13152
"(0.8333333333333334, 1.0)",1,97.84722222222224,13153
"(0.8333333333333334, 1.0)",4,97.8472222222222,13157
"(0.9208333333333332, 0.9833333333333332)",1,97.84583333333336,13158
"(0.9333333333333332, 0.9833333333333332)",1,97.8458333333333,13159
"(0.925, 0.9791666666666666)",1,97.84583333333327,13160
"(0.8541666666666666, 0.9916666666666668)",1,97.84583333333327,13161
"(0.925, 0.9916666666666668)",1,97.84583333333327,13162
"(0.9, 0.9875)",1,97.84583333333327,13163
"(0.9708333333333332, 0.975)",1,97.84583333333325,13164
"(0.925, 0.9916666666666668)",1,97.84583333333325,13165
"(0.9, 0.9875)",1,97.84583333333322,13166
"(0.9208333333333332, 0.9916666666666668)",2,97.84583333333322,13168
"(0.8833333333333333, 0.9875)",1,97.8458333333332,13169
"(0.825, 0.9958333333333332)",1,97.84166666666678,13170
"(0.9, 0.9833333333333332)",1,97.84166666666668,13171
"(0.9791666666666666, 0.975)",1,97.84166666666655,13172
"(0.9333333333333332, 0.9958333333333332)",1,97.84166666666654,13173
"(0.925, 0.9875)",1,97.84166666666653,13174
"(0.8833333333333333, 0.9875)",2,97.8416666666665,13176
"(0.9291666666666668, 0.9958333333333332)",2,97.83750000000003,13178
"(0.9125, 0.9833333333333332)",1,97.8375,13179
"(0.9583333333333334, 0.9958333333333332)",1,97.83749999999996,13180
"(0.875, 0.9833333333333332)",1,97.83749999999992,13181
"(0.9291666666666668, 0.9916666666666668)",1,97.8374999999999,13182
"(0.8916666666666667, 0.9875)",1,97.83749999999986,13183
"(0.9125, 0.9875)",1,97.83749999999982,13184
"(0.813953488372093, 0.9883720930232558)",1,97.83720930232568,13185
"(0.9651162790697676, 0.9651162790697676)",1,97.83720930232568,13186
"(0.627906976744186, 1.0)",1,97.83720930232565,13187
"(0.8488372093023255, 0.9883720930232558)",1,97.83720930232565,13188
"(0.872093023255814, 1.0)",1,97.8372093023256,13189
"(0.8194444444444444, 0.9861111111111112)",1,97.83333333333354,13190
"(0.8333333333333334, 0.9861111111111112)",1,97.83333333333351,13191
"(0.9444444444444444, 0.9861111111111112)",1,97.83333333333351,13192
"(0.8611111111111112, 0.9861111111111112)",1,97.83333333333351,13193
"(0.9, 0.9833333333333332)",1,97.8333333333334,13194
"(0.8, 0.9833333333333332)",2,97.8333333333334,13196
"(0.9, 0.9833333333333332)",1,97.8333333333334,13197
"(0.7833333333333333, 1.0)",1,97.8333333333334,13198
"(0.8333333333333334, 1.0)",1,97.8333333333334,13199
"(0.85, 1.0)",1,97.8333333333334,13200
"(0.95, 0.9833333333333332)",4,97.8333333333334,13204
"(0.9833333333333332, 0.9833333333333332)",1,97.8333333333334,13205
"(0.9166666666666666, 1.0)",1,97.8333333333334,13206
"(0.8333333333333334, 1.0)",2,97.8333333333334,13208
"(0.9, 1.0)",2,97.83333333333336,13210
"(0.875, 0.9861111111111112)",1,97.83333333333336,13211
"(0.6944444444444444, 1.0)",1,97.83333333333336,13212
"(0.875, 1.0)",1,97.83333333333336,13213
"(0.8055555555555556, 1.0)",1,97.83333333333336,13214
"(0.9027777777777778, 1.0)",1,97.83333333333336,13215
"(0.8833333333333333, 1.0)",1,97.83333333333336,13216
"(0.9444444444444444, 1.0)",1,97.83333333333336,13217
"(0.8333333333333334, 1.0)",1,97.83333333333336,13218
"(0.9166666666666666, 1.0)",1,97.83333333333336,13219
"(0.7777777777777778, 1.0)",1,97.83333333333336,13220
"(0.9666666666666668, 1.0)",1,97.83333333333334,13221
"(0.8833333333333333, 1.0)",1,97.83333333333334,13222
"(0.9833333333333332, 1.0)",2,97.83333333333334,13224
"(0.9166666666666666, 1.0)",1,97.83333333333334,13225
"(0.8333333333333334, 1.0)",1,97.83333333333334,13226
"(0.9, 1.0)",2,97.83333333333334,13228
"(0.9027777777777778, 1.0)",1,97.83333333333334,13229
"(0.85, 1.0)",2,97.83333333333334,13231
"(0.7638888888888888, 1.0)",4,97.83333333333331,13235
"(0.7166666666666667, 1.0)",4,97.83333333333331,13239
"(0.9583333333333334, 0.9958333333333332)",1,97.83333333333329,13240
"(0.8625, 0.9916666666666668)",1,97.8333333333332,13241
"(0.9, 0.9875)",1,97.83333333333316,13242
"(0.925, 0.9875)",1,97.83333333333314,13243
"(0.8625, 0.9958333333333332)",2,97.82916666666672,13245
"(0.9333333333333332, 0.9958333333333332)",1,97.82916666666664,13246
"(0.9208333333333332, 0.9833333333333332)",2,97.82916666666664,13248
"(0.9416666666666668, 0.9875)",1,97.82916666666662,13249
"(0.9166666666666666, 0.9875)",1,97.82916666666657,13250
"(0.9791666666666666, 0.9875)",1,97.82916666666654,13251
"(0.8958333333333334, 0.9875)",1,97.82916666666654,13252
"(0.9333333333333332, 0.9916666666666668)",1,97.82916666666652,13253
"(0.9666666666666668, 0.9875)",1,97.82916666666648,13254
"(0.8255813953488372, 0.9767441860465116)",1,97.82558139534892,13255
"(0.8953488372093024, 0.9883720930232558)",2,97.82558139534892,13257
"(0.7209302325581395, 0.9883720930232558)",1,97.82558139534888,13258
"(0.8372093023255814, 1.0)",1,97.82558139534888,13259
"(0.5930232558139535, 0.9883720930232558)",1,97.82558139534888,13260
"(0.9186046511627908, 1.0)",1,97.82558139534888,13261
"(0.7906976744186046, 1.0)",1,97.82558139534886,13262
"(0.9186046511627908, 1.0)",1,97.82558139534883,13263
"(0.9791666666666666, 0.9833333333333332)",1,97.82500000000002,13264
"(0.9625, 0.9583333333333334)",1,97.82499999999996,13265
"(0.8916666666666667, 0.9916666666666668)",1,97.8249999999999,13266
"(0.9291666666666668, 0.9958333333333332)",1,97.82499999999987,13267
"(0.9291666666666668, 0.9833333333333332)",1,97.82499999999987,13268
"(0.8958333333333334, 0.9958333333333332)",1,97.82499999999985,13269
"(0.975, 0.9833333333333332)",1,97.82499999999985,13270
"(0.9666666666666668, 0.9916666666666668)",1,97.82499999999985,13271
"(0.95, 0.9791666666666666)",1,97.82499999999985,13272
"(0.9166666666666666, 0.9958333333333332)",1,97.82499999999985,13273
"(0.95, 0.9791666666666666)",1,97.82083333333344,13274
"(0.9958333333333332, 0.975)",1,97.82083333333333,13275
"(0.9833333333333332, 0.9541666666666668)",1,97.82083333333328,13276
"(0.875, 0.9875)",2,97.82083333333328,13278
"(0.95, 0.9875)",2,97.8208333333332,13280
"(0.9444444444444444, 0.9861111111111112)",1,97.81944444444464,13281
"(0.875, 0.9861111111111112)",1,97.81944444444464,13282
"(0.9305555555555556, 0.9861111111111112)",2,97.81944444444464,13284
"(0.6944444444444444, 0.9861111111111112)",6,97.81944444444464,13290
"(0.7916666666666666, 0.9861111111111112)",1,97.81944444444464,13291
"(0.7638888888888888, 0.9861111111111112)",2,97.81944444444464,13293
"(0.7638888888888888, 0.9861111111111112)",1,97.8194444444446,13294
"(0.8333333333333334, 0.9861111111111112)",1,97.81944444444456,13295
"(0.7777777777777778, 0.9861111111111112)",1,97.81944444444451,13296
"(0.7361111111111112, 1.0)",1,97.81944444444449,13297
"(0.8333333333333334, 1.0)",1,97.81944444444446,13298
"(0.8888888888888888, 1.0)",1,97.81944444444446,13299
"(0.8611111111111112, 1.0)",1,97.81944444444444,13300
"(1.0, 1.0)",1,97.81666666666676,13301
"(0.95, 0.9791666666666666)",1,97.81666666666676,13302
"(0.9833333333333332, 0.9833333333333332)",1,97.81666666666676,13303
"(0.8333333333333334, 1.0)",1,97.81666666666676,13304
"(0.9833333333333332, 1.0)",1,97.81666666666672,13305
"(0.9416666666666668, 0.9791666666666666)",1,97.81666666666672,13306
"(0.95, 0.9833333333333332)",5,97.81666666666672,13311
"(0.9333333333333332, 0.9833333333333332)",4,97.81666666666672,13315
"(0.9666666666666668, 0.9833333333333332)",1,97.81666666666672,13316
"(0.9333333333333332, 1.0)",1,97.8166666666667,13317
"(0.8833333333333333, 0.9833333333333332)",3,97.8166666666667,13320
"(0.8333333333333334, 1.0)",1,97.8166666666667,13321
"(0.7833333333333333, 1.0)",1,97.8166666666667,13322
"(0.9166666666666666, 1.0)",1,97.8166666666667,13323
"(0.8333333333333334, 0.9833333333333332)",1,97.8166666666667,13324
"(0.9, 1.0)",1,97.81666666666668,13325
"(0.9333333333333332, 0.9833333333333332)",1,97.81666666666668,13326
"(0.8, 1.0)",2,97.81666666666668,13328
"(0.9, 1.0)",1,97.81666666666668,13329
"(0.6833333333333333, 1.0)",1,97.81666666666668,13330
"(0.9416666666666668, 0.9875)",1,97.81666666666668,13331
"(0.9666666666666668, 1.0)",1,97.81666666666668,13332
"(0.7166666666666667, 1.0)",1,97.81666666666668,13333
"(0.8333333333333334, 1.0)",1,97.81666666666668,13334
"(0.95, 1.0)",3,97.81666666666666,13337
"(0.75, 1.0)",1,97.81666666666666,13338
"(0.9, 1.0)",1,97.81666666666666,13339
"(0.95, 0.9875)",1,97.81666666666666,13340
"(0.9833333333333332, 1.0)",2,97.81666666666666,13342
"(0.9166666666666666, 1.0)",1,97.81666666666666,13343
"(0.8833333333333333, 1.0)",3,97.81666666666666,13346
"(0.8791666666666667, 0.9916666666666668)",1,97.81666666666662,13347
"(0.9291666666666668, 0.9875)",1,97.8166666666666,13348
"(0.925, 0.9916666666666668)",1,97.8166666666666,13349
"(0.975, 0.9875)",1,97.81666666666658,13350
"(0.8958333333333334, 0.9875)",1,97.81666666666652,13351
"(0.9, 0.9916666666666668)",2,97.81666666666652,13353
"(0.9416666666666668, 0.9875)",1,97.81666666666652,13354
"(0.9375, 0.9875)",1,97.81666666666648,13355
"(0.9666666666666668, 0.9875)",1,97.81666666666648,13356
"(0.7790697674418605, 0.9767441860465116)",1,97.81395348837232,13357
"(0.9302325581395348, 0.9883720930232558)",1,97.81395348837218,13358
"(0.8604651162790697, 0.9883720930232558)",2,97.81395348837216,13360
"(0.7790697674418605, 0.9883720930232558)",2,97.81395348837216,13362
"(0.7906976744186046, 0.9883720930232558)",1,97.81395348837216,13363
"(0.8255813953488372, 0.9883720930232558)",1,97.81395348837216,13364
"(0.6162790697674418, 1.0)",1,97.81395348837214,13365
"(0.6162790697674418, 0.9883720930232558)",1,97.81395348837212,13366
"(0.8255813953488372, 1.0)",1,97.81395348837212,13367
"(0.6162790697674418, 1.0)",1,97.81395348837212,13368
"(0.627906976744186, 1.0)",1,97.8139534883721,13369
"(0.9708333333333332, 0.9916666666666668)",2,97.8125,13371
"(0.9583333333333334, 0.9791666666666666)",1,97.81249999999994,13372
"(0.9375, 0.9875)",1,97.81249999999991,13373
"(0.9875, 0.9916666666666668)",1,97.81249999999984,13374
"(0.9375, 0.9916666666666668)",1,97.81249999999982,13375
"(0.9333333333333332, 0.9833333333333332)",1,97.80833333333324,13376
"(0.9375, 0.9875)",1,97.80833333333318,13377
"(0.9125, 0.9958333333333332)",1,97.80833333333318,13378
"(0.5416666666666666, 0.9861111111111112)",2,97.80555555555576,13380
"(0.6527777777777778, 0.9861111111111112)",1,97.80555555555576,13381
"(0.9027777777777778, 0.9861111111111112)",1,97.80555555555576,13382
"(0.8194444444444444, 0.9861111111111112)",1,97.80555555555576,13383
"(0.875, 0.9861111111111112)",1,97.80555555555576,13384
"(0.9722222222222222, 0.9861111111111112)",1,97.80555555555576,13385
"(0.9444444444444444, 0.9861111111111112)",1,97.80555555555576,13386
"(0.7638888888888888, 0.9861111111111112)",1,97.80555555555574,13387
"(0.7083333333333334, 1.0)",1,97.80555555555569,13388
"(0.6944444444444444, 1.0)",2,97.80555555555569,13390
"(0.9305555555555556, 1.0)",1,97.80555555555566,13391
"(0.7638888888888888, 1.0)",2,97.80555555555564,13393
"(0.9305555555555556, 1.0)",1,97.80555555555564,13394
"(0.7638888888888888, 0.9861111111111112)",1,97.8055555555556,13395
"(0.9166666666666666, 0.9861111111111112)",2,97.8055555555556,13397
"(0.9305555555555556, 1.0)",1,97.80555555555556,13398
"(0.7361111111111112, 1.0)",1,97.80555555555556,13399
"(0.7638888888888888, 1.0)",2,97.80555555555556,13401
"(0.9027777777777778, 1.0)",1,97.80555555555556,13402
"(0.6388888888888888, 1.0)",1,97.80555555555556,13403
"(0.9458333333333332, 0.9791666666666666)",2,97.8041666666667,13405
"(0.9208333333333332, 0.9958333333333332)",1,97.80416666666665,13406
"(0.9166666666666666, 0.9875)",1,97.80416666666656,13407
"(0.9208333333333332, 0.9833333333333332)",1,97.80416666666656,13408
"(0.9166666666666666, 0.9875)",1,97.80416666666652,13409
"(0.7790697674418605, 0.9767441860465116)",1,97.80232558139554,13410
"(0.9302325581395348, 0.9767441860465116)",1,97.80232558139552,13411
"(0.8255813953488372, 1.0)",1,97.80232558139542,13412
"(0.7674418604651163, 1.0)",1,97.80232558139542,13413
"(0.6162790697674418, 1.0)",1,97.8023255813954,13414
"(0.7674418604651163, 0.9883720930232558)",1,97.80232558139538,13415
"(0.8255813953488372, 0.9883720930232558)",1,97.80232558139537,13416
"(0.7674418604651163, 0.9883720930232558)",1,97.80232558139537,13417
"(0.6162790697674418, 1.0)",1,97.80232558139537,13418
"(0.8333333333333334, 1.0)",1,97.80000000000008,13419
"(0.9333333333333332, 0.9833333333333332)",1,97.80000000000008,13420
"(1.0, 0.9833333333333332)",1,97.80000000000008,13421
"(0.9, 0.9833333333333332)",5,97.80000000000008,13426
"(0.95, 1.0)",1,97.80000000000008,13427
"(0.55, 1.0)",1,97.80000000000004,13428
"(0.9666666666666668, 1.0)",1,97.80000000000004,13429
"(0.9333333333333332, 1.0)",1,97.80000000000004,13430
"(0.7166666666666667, 1.0)",1,97.80000000000004,13431
"(0.6666666666666666, 1.0)",1,97.80000000000004,13432
"(0.85, 1.0)",1,97.80000000000004,13433
"(0.9333333333333332, 1.0)",2,97.8,13435
"(0.9833333333333332, 1.0)",1,97.8,13436
"(0.85, 1.0)",1,97.8,13437
"(0.9, 1.0)",1,97.8,13438
"(0.9166666666666666, 1.0)",1,97.8,13439
"(0.9666666666666668, 1.0)",1,97.8,13440
"(0.9166666666666666, 1.0)",1,97.8,13441
"(0.8833333333333333, 1.0)",3,97.8,13444
"(0.95, 1.0)",4,97.8,13448
"(0.9666666666666668, 1.0)",1,97.8,13449
"(1.0, 1.0)",2,97.8,13451
"(0.9291666666666668, 0.9791666666666666)",1,97.79999999999995,13452
"(0.875, 0.9875)",1,97.79999999999995,13453
"(0.9541666666666668, 0.9791666666666666)",1,97.79999999999993,13454
"(0.9041666666666668, 0.9916666666666668)",1,97.79999999999993,13455
"(0.9208333333333332, 0.9791666666666666)",1,97.7958333333334,13456
"(0.9416666666666668, 0.9791666666666666)",1,97.79583333333336,13457
"(0.9, 0.9958333333333332)",1,97.79583333333323,13458
"(0.9125, 0.9916666666666668)",1,97.79583333333323,13459
"(0.8916666666666667, 0.9916666666666668)",1,97.79583333333316,13460
"(0.7638888888888888, 0.9861111111111112)",1,97.79166666666688,13461
"(0.8472222222222222, 0.9861111111111112)",1,97.79166666666688,13462
"(0.8888888888888888, 0.9861111111111112)",1,97.79166666666688,13463
"(0.8611111111111112, 0.9861111111111112)",2,97.79166666666688,13465
"(0.8888888888888888, 0.9861111111111112)",1,97.79166666666686,13466
"(0.9305555555555556, 0.9861111111111112)",1,97.79166666666684,13467
"(0.7777777777777778, 1.0)",1,97.7916666666667,13468
"(0.8888888888888888, 1.0)",1,97.79166666666669,13469
"(0.9458333333333332, 0.9916666666666668)",1,97.79166666666669,13470
"(0.7083333333333334, 1.0)",3,97.79166666666669,13473
"(0.7361111111111112, 1.0)",1,97.79166666666669,13474
"(0.9458333333333332, 0.9958333333333332)",1,97.79166666666669,13475
"(0.9333333333333332, 0.9833333333333332)",1,97.79166666666669,13476
"(0.95, 0.9875)",1,97.79166666666666,13477
"(0.9458333333333332, 0.9875)",1,97.79166666666656,13478
"(0.95, 0.9833333333333332)",2,97.79166666666656,13480
"(0.925, 0.9916666666666668)",2,97.79166666666656,13482
"(0.9625, 0.9916666666666668)",1,97.79166666666652,13483
"(0.4651162790697674, 1.0)",1,97.79069767441862,13484
"(0.6162790697674418, 1.0)",1,97.79069767441862,13485
"(0.9458333333333332, 0.9791666666666666)",1,97.78750000000008,13486
"(0.9125, 0.9916666666666668)",2,97.78749999999997,13488
"(0.9583333333333334, 0.9708333333333332)",1,97.78749999999997,13489
"(0.9208333333333332, 0.9875)",1,97.78749999999994,13490
"(0.925, 0.9875)",1,97.78749999999992,13491
"(0.9958333333333332, 0.95)",1,97.78749999999992,13492
"(0.9125, 0.9875)",1,97.78749999999992,13493
"(0.9833333333333332, 0.975)",1,97.7874999999999,13494
"(0.8375, 0.9958333333333332)",1,97.78749999999988,13495
"(0.925, 0.9916666666666668)",1,97.78749999999984,13496
"(0.9, 0.9958333333333332)",1,97.78333333333342,13497
"(0.9, 1.0)",1,97.7833333333334,13498
"(1.0, 1.0)",1,97.7833333333334,13499
"(0.9333333333333332, 0.9791666666666666)",1,97.7833333333334,13500
"(0.9333333333333332, 1.0)",1,97.7833333333334,13501
"(0.9166666666666666, 0.9833333333333332)",1,97.7833333333334,13502
"(0.925, 0.9875)",1,97.7833333333334,13503
"(0.9666666666666668, 0.9833333333333332)",1,97.7833333333334,13504
"(0.85, 1.0)",1,97.78333333333336,13505
"(0.8166666666666667, 1.0)",2,97.78333333333336,13507
"(0.9333333333333332, 1.0)",1,97.78333333333336,13508
"(0.8333333333333334, 1.0)",1,97.78333333333336,13509
"(0.85, 1.0)",1,97.78333333333336,13510
"(0.9125, 0.9958333333333332)",1,97.78333333333336,13511
"(0.9, 1.0)",1,97.78333333333336,13512
"(0.8, 1.0)",1,97.78333333333336,13513
"(0.9166666666666666, 1.0)",2,97.78333333333336,13515
"(0.9166666666666666, 1.0)",1,97.78333333333336,13516
"(0.9666666666666668, 1.0)",1,97.78333333333336,13517
"(0.8166666666666667, 1.0)",2,97.78333333333332,13519
"(0.8333333333333334, 1.0)",2,97.78333333333332,13521
"(0.8, 1.0)",1,97.78333333333332,13522
"(0.9, 1.0)",1,97.78333333333332,13523
"(0.7166666666666667, 1.0)",2,97.78333333333332,13525
"(0.95, 1.0)",1,97.78333333333332,13526
"(0.925, 0.9791666666666666)",1,97.78333333333332,13527
"(1.0, 1.0)",6,97.78333333333332,13533
"(0.9666666666666668, 1.0)",1,97.78333333333332,13534
"(0.85, 1.0)",2,97.78333333333332,13536
"(0.925, 0.9958333333333332)",2,97.78333333333325,13538
"(0.95, 0.9875)",1,97.7833333333332,13539
"(0.8625, 0.9875)",1,97.78333333333316,13540
"(0.925, 0.9916666666666668)",1,97.78333333333316,13541
"(0.95, 0.9875)",1,97.77916666666664,13542
"(0.925, 0.9958333333333332)",1,97.77916666666655,13543
"(0.9083333333333332, 0.9916666666666668)",1,97.77916666666648,13544
"(0.872093023255814, 0.9883720930232558)",1,97.77906976744198,13545
"(0.8255813953488372, 0.9883720930232558)",1,97.77906976744194,13546
"(0.9418604651162792, 1.0)",1,97.77906976744192,13547
"(0.6162790697674418, 1.0)",1,97.77906976744188,13548
"(0.4883720930232558, 1.0)",1,97.77906976744188,13549
"(0.9444444444444444, 0.9861111111111112)",4,97.77777777777798,13553
"(0.7638888888888888, 0.9861111111111112)",1,97.77777777777796,13554
"(0.8888888888888888, 0.9861111111111112)",1,97.77777777777796,13555
"(0.9166666666666666, 0.9861111111111112)",1,97.77777777777796,13556
"(0.8055555555555556, 0.9861111111111112)",1,97.77777777777796,13557
"(0.9444444444444444, 0.9861111111111112)",3,97.77777777777796,13560
"(0.7222222222222222, 0.9861111111111112)",1,97.77777777777796,13561
"(0.7777777777777778, 0.9861111111111112)",1,97.77777777777791,13562
"(0.9444444444444444, 1.0)",1,97.77777777777789,13563
"(0.9166666666666666, 1.0)",1,97.77777777777784,13564
"(0.875, 1.0)",1,97.77777777777784,13565
"(0.8611111111111112, 1.0)",1,97.77777777777784,13566
"(0.8888888888888888, 1.0)",1,97.7777777777778,13567
"(0.7777777777777778, 1.0)",2,97.7777777777778,13569
"(0.8611111111111112, 1.0)",1,97.7777777777778,13570
"(0.8333333333333334, 1.0)",1,97.77777777777776,13571
"(0.7777777777777778, 1.0)",1,97.77777777777776,13572
"(0.9583333333333334, 0.9833333333333332)",1,97.77500000000003,13573
"(0.95, 0.9958333333333332)",1,97.775,13574
"(0.9458333333333332, 0.9666666666666668)",1,97.77499999999996,13575
"(0.9333333333333332, 0.9833333333333332)",2,97.77499999999996,13577
"(0.9208333333333332, 0.9875)",1,97.77499999999992,13578
"(0.8958333333333334, 0.9875)",1,97.77499999999988,13579
"(0.9875, 0.9833333333333332)",1,97.7749999999998,13580
"(0.875, 0.9958333333333332)",2,97.7708333333334,13582
"(0.9208333333333332, 0.9958333333333332)",1,97.77083333333336,13583
"(0.9458333333333332, 0.9708333333333332)",1,97.77083333333326,13584
"(0.8958333333333334, 0.9875)",1,97.7708333333332,13585
"(0.9083333333333332, 0.9875)",1,97.77083333333316,13586
"(0.8666666666666667, 0.9916666666666668)",1,97.77083333333316,13587
"(0.9418604651162792, 0.9883720930232558)",1,97.76744186046515,13588
"(0.8372093023255814, 1.0)",2,97.76744186046514,13590
"(0.8372093023255814, 0.9883720930232558)",1,97.76744186046514,13591
"(0.8255813953488372, 1.0)",1,97.76744186046514,13592
"(0.6395348837209303, 0.9883720930232558)",1,97.76744186046513,13593
"(0.9166666666666666, 0.9833333333333332)",3,97.76666666666674,13596
"(0.9666666666666668, 0.9833333333333332)",1,97.76666666666674,13597
"(0.95, 0.9833333333333332)",2,97.76666666666674,13599
"(0.95, 1.0)",1,97.7666666666667,13600
"(0.8666666666666667, 1.0)",1,97.76666666666668,13601
"(0.8333333333333334, 1.0)",1,97.76666666666668,13602
"(0.9, 1.0)",1,97.76666666666668,13603
"(0.9833333333333332, 1.0)",1,97.76666666666668,13604
"(1.0, 1.0)",2,97.76666666666668,13606
"(0.85, 1.0)",2,97.76666666666668,13608
"(0.7333333333333333, 1.0)",2,97.76666666666668,13610
"(0.8833333333333333, 1.0)",3,97.76666666666668,13613
"(0.6666666666666666, 1.0)",1,97.76666666666664,13614
"(0.925, 0.9916666666666668)",2,97.7666666666666,13616
"(0.9583333333333334, 0.9625)",1,97.7666666666666,13617
"(0.9625, 0.9875)",1,97.76666666666652,13618
"(0.9208333333333332, 0.9875)",1,97.76666666666652,13619
"(0.9375, 0.9916666666666668)",1,97.76666666666648,13620
"(0.8333333333333334, 0.9861111111111112)",2,97.76388888888908,13622
"(0.9305555555555556, 0.9861111111111112)",1,97.76388888888908,13623
"(0.9444444444444444, 0.9861111111111112)",1,97.76388888888908,13624
"(0.7638888888888888, 0.9861111111111112)",6,97.76388888888908,13630
"(0.9722222222222222, 0.9861111111111112)",1,97.76388888888908,13631
"(0.8611111111111112, 0.9861111111111112)",1,97.76388888888908,13632
"(0.8888888888888888, 0.9861111111111112)",1,97.76388888888908,13633
"(0.9166666666666666, 0.9861111111111112)",1,97.76388888888906,13634
"(0.9166666666666666, 0.9722222222222222)",1,97.76388888888906,13635
"(0.9305555555555556, 0.9861111111111112)",1,97.76388888888904,13636
"(0.8611111111111112, 0.9861111111111112)",1,97.763888888889,13637
"(0.8194444444444444, 1.0)",1,97.763888888889,13638
"(0.8333333333333334, 1.0)",1,97.76388888888896,13639
"(0.9305555555555556, 0.9861111111111112)",1,97.76388888888894,13640
"(0.9444444444444444, 0.9861111111111112)",1,97.76388888888891,13641
"(0.8055555555555556, 0.9861111111111112)",1,97.76388888888891,13642
"(0.9444444444444444, 1.0)",1,97.7638888888889,13643
"(0.8888888888888888, 1.0)",4,97.76388888888889,13647
"(0.8194444444444444, 1.0)",4,97.76388888888889,13651
"(0.9, 0.9791666666666666)",1,97.76250000000012,13652
"(0.9458333333333332, 0.9875)",1,97.76250000000005,13653
"(0.9583333333333334, 0.9791666666666666)",1,97.7625,13654
"(0.9208333333333332, 0.9875)",2,97.76249999999987,13656
"(0.9375, 0.9916666666666668)",1,97.76249999999987,13657
"(0.9375, 0.9958333333333332)",1,97.76249999999987,13658
"(0.9416666666666668, 0.9875)",1,97.76249999999986,13659
"(0.95, 0.9916666666666668)",1,97.76249999999985,13660
"(0.9208333333333332, 0.9791666666666666)",1,97.7583333333333,13661
"(0.9291666666666668, 0.9875)",2,97.75833333333328,13663
"(0.8958333333333334, 0.9875)",1,97.75833333333328,13664
"(0.975, 0.9916666666666668)",1,97.75833333333324,13665
"(0.8833333333333333, 0.9875)",1,97.75833333333324,13666
"(0.9302325581395348, 0.9767441860465116)",1,97.75581395348848,13667
"(0.4651162790697674, 0.9883720930232558)",1,97.7558139534884,13668
"(0.9333333333333332, 0.9791666666666666)",1,97.75416666666676,13669
"(0.9083333333333332, 0.9791666666666666)",1,97.75416666666668,13670
"(0.9583333333333334, 0.9833333333333332)",2,97.75416666666668,13672
"(0.9333333333333332, 0.9875)",1,97.75416666666666,13673
"(0.825, 0.9958333333333332)",1,97.7541666666666,13674
"(0.9333333333333332, 0.9916666666666668)",2,97.7541666666665,13676
"(0.7638888888888888, 0.9861111111111112)",4,97.7500000000002,13680
"(0.6944444444444444, 0.9861111111111112)",1,97.7500000000002,13681
"(0.8194444444444444, 0.9861111111111112)",1,97.7500000000002,13682
"(0.8611111111111112, 0.9861111111111112)",1,97.7500000000002,13683
"(0.9305555555555556, 0.9861111111111112)",1,97.7500000000002,13684
"(0.9166666666666666, 0.9861111111111112)",1,97.7500000000002,13685
"(0.9444444444444444, 0.9861111111111112)",1,97.7500000000002,13686
"(0.9444444444444444, 0.9861111111111112)",1,97.75000000000018,13687
"(0.9444444444444444, 0.9861111111111112)",1,97.75000000000014,13688
"(0.8611111111111112, 0.9861111111111112)",2,97.75000000000011,13690
"(0.8888888888888888, 1.0)",1,97.7500000000001,13691
"(0.9166666666666666, 1.0)",1,97.75000000000009,13692
"(0.9166666666666666, 0.9833333333333332)",1,97.75000000000009,13693
"(0.8666666666666667, 0.9833333333333332)",1,97.75000000000009,13694
"(0.9208333333333332, 0.9791666666666666)",1,97.75000000000009,13695
"(0.9305555555555556, 1.0)",2,97.75000000000009,13697
"(0.8611111111111112, 1.0)",1,97.75000000000009,13698
"(0.9166666666666666, 0.9833333333333332)",2,97.75000000000009,13700
"(0.6666666666666666, 0.9833333333333332)",1,97.75000000000009,13701
"(0.9166666666666666, 1.0)",1,97.75000000000006,13702
"(0.8, 1.0)",1,97.75000000000006,13703
"(0.8194444444444444, 1.0)",1,97.75000000000006,13704
"(0.9666666666666668, 1.0)",1,97.75000000000004,13705
"(0.8333333333333334, 1.0)",1,97.75000000000004,13706
"(0.8833333333333333, 1.0)",1,97.75000000000004,13707
"(0.7777777777777778, 1.0)",1,97.75000000000004,13708
"(0.9166666666666666, 1.0)",2,97.75000000000004,13710
"(0.7666666666666667, 0.9833333333333332)",1,97.75000000000004,13711
"(0.9333333333333332, 1.0)",1,97.75000000000004,13712
"(0.875, 1.0)",1,97.75000000000004,13713
"(0.9333333333333332, 0.9833333333333332)",1,97.75000000000004,13714
"(0.9444444444444444, 0.9861111111111112)",1,97.75000000000004,13715
"(0.9166666666666666, 1.0)",2,97.75000000000004,13717
"(0.9, 1.0)",3,97.75000000000004,13720
"(0.8333333333333334, 1.0)",1,97.75,13721
"(0.85, 1.0)",1,97.75,13722
"(0.9444444444444444, 1.0)",1,97.75,13723
"(0.9666666666666668, 1.0)",2,97.75,13725
"(0.9833333333333332, 1.0)",2,97.75,13727
"(1.0, 1.0)",1,97.75,13728
"(0.9166666666666666, 1.0)",1,97.75,13729
"(0.8, 1.0)",1,97.75,13730
"(0.875, 1.0)",1,97.75,13731
"(0.9333333333333332, 1.0)",1,97.75,13732
"(0.7333333333333333, 1.0)",1,97.75,13733
"(0.95, 1.0)",1,97.75,13734
"(0.8833333333333333, 1.0)",1,97.75,13735
"(0.9333333333333332, 1.0)",2,97.75,13737
"(0.9416666666666668, 0.9916666666666668)",1,97.74999999999996,13738
"(0.9708333333333332, 0.9958333333333332)",1,97.74999999999991,13739
"(0.85, 0.9916666666666668)",1,97.7499999999999,13740
"(0.9375, 0.9875)",1,97.74999999999989,13741
"(0.8375, 0.9916666666666668)",1,97.74999999999989,13742
"(0.9375, 0.9958333333333332)",1,97.74583333333332,13743
"(0.9208333333333332, 0.9916666666666668)",1,97.7458333333333,13744
"(0.9666666666666668, 0.9833333333333332)",2,97.74583333333324,13746
"(0.9125, 0.9958333333333332)",1,97.74583333333324,13747
"(0.9208333333333332, 0.9875)",1,97.7458333333332,13748
"(0.9, 0.9916666666666668)",1,97.74583333333318,13749
"(0.9625, 0.9875)",1,97.74583333333318,13750
"(0.8837209302325582, 0.9767441860465116)",1,97.74418604651176,13751
"(0.9302325581395348, 0.9883720930232558)",1,97.74418604651171,13752
"(0.627906976744186, 1.0)",1,97.74418604651166,13753
"(0.8255813953488372, 1.0)",1,97.74418604651166,13754
"(0.627906976744186, 0.9883720930232558)",1,97.74418604651166,13755
"(0.8488372093023255, 0.9651162790697676)",1,97.74418604651164,13756
"(0.8958333333333334, 0.9791666666666666)",1,97.74166666666667,13757
"(0.9833333333333332, 0.9416666666666668)",1,97.74166666666667,13758
"(0.95, 0.9708333333333332)",1,97.74166666666666,13759
"(0.9208333333333332, 0.9958333333333332)",1,97.74166666666662,13760
"(0.8625, 0.9958333333333332)",1,97.7416666666666,13761
"(0.9208333333333332, 0.9958333333333332)",2,97.7416666666666,13763
"(0.8958333333333334, 0.9916666666666668)",1,97.7416666666665,13764
"(0.9791666666666666, 0.975)",1,97.73750000000008,13765
"(0.925, 0.9791666666666666)",1,97.73750000000004,13766
"(0.95, 0.9833333333333332)",1,97.73750000000004,13767
"(0.875, 0.9833333333333332)",1,97.73750000000004,13768
"(0.95, 0.9916666666666668)",2,97.73749999999998,13770
"(0.9458333333333332, 0.9833333333333332)",1,97.73749999999995,13771
"(0.9541666666666668, 0.9833333333333332)",2,97.73749999999993,13773
"(0.8916666666666667, 0.9875)",1,97.7374999999999,13774
"(0.8541666666666666, 0.9958333333333332)",1,97.73749999999984,13775
"(0.9305555555555556, 0.9861111111111112)",1,97.73611111111131,13776
"(0.8194444444444444, 0.9861111111111112)",1,97.73611111111131,13777
"(0.8888888888888888, 0.9861111111111112)",3,97.73611111111131,13780
"(0.8333333333333334, 0.9861111111111112)",4,97.73611111111131,13784
"(0.875, 0.9861111111111112)",1,97.73611111111131,13785
"(0.9444444444444444, 0.9861111111111112)",1,97.73611111111131,13786
"(0.7638888888888888, 0.9861111111111112)",1,97.73611111111131,13787
"(0.8055555555555556, 0.9861111111111112)",1,97.7361111111113,13788
"(0.7638888888888888, 0.9861111111111112)",1,97.73611111111128,13789
"(0.9166666666666666, 0.9722222222222222)",1,97.73611111111124,13790
"(0.9027777777777778, 1.0)",1,97.73611111111124,13791
"(0.9305555555555556, 1.0)",1,97.7361111111112,13792
"(0.8194444444444444, 1.0)",1,97.73611111111116,13793
"(0.8611111111111112, 1.0)",1,97.73611111111116,13794
"(0.9444444444444444, 0.9861111111111112)",1,97.73611111111111,13795
"(0.9444444444444444, 1.0)",1,97.73611111111111,13796
"(0.8333333333333334, 1.0)",1,97.73611111111111,13797
"(0.8055555555555556, 1.0)",1,97.73611111111111,13798
"(0.9444444444444444, 1.0)",2,97.73611111111111,13800
"(0.875, 1.0)",1,97.73611111111111,13801
"(0.7777777777777778, 1.0)",1,97.73611111111111,13802
"(0.7666666666666667, 1.0)",1,97.73333333333342,13803
"(0.7666666666666667, 1.0)",1,97.7333333333334,13804
"(0.9166666666666666, 0.9833333333333332)",1,97.7333333333334,13805
"(1.0, 1.0)",1,97.7333333333334,13806
"(1.0, 0.9833333333333332)",1,97.7333333333334,13807
"(0.9166666666666666, 0.9666666666666668)",1,97.73333333333338,13808
"(0.8833333333333333, 1.0)",1,97.73333333333338,13809
"(0.9333333333333332, 1.0)",1,97.73333333333338,13810
"(0.9458333333333332, 0.9791666666666666)",1,97.73333333333336,13811
"(0.8833333333333333, 1.0)",1,97.73333333333336,13812
"(0.9833333333333332, 1.0)",1,97.73333333333336,13813
"(0.85, 1.0)",1,97.73333333333336,13814
"(0.8833333333333333, 1.0)",1,97.73333333333336,13815
"(0.9166666666666666, 1.0)",1,97.73333333333336,13816
"(0.9166666666666666, 1.0)",1,97.73333333333336,13817
"(0.95, 1.0)",1,97.73333333333336,13818
"(0.8333333333333334, 1.0)",1,97.73333333333336,13819
"(0.9333333333333332, 1.0)",2,97.73333333333336,13821
"(0.9333333333333332, 1.0)",2,97.73333333333332,13823
"(0.9833333333333332, 1.0)",2,97.73333333333332,13825
"(0.9, 1.0)",2,97.73333333333332,13827
"(0.9, 1.0)",1,97.73333333333332,13828
"(1.0, 1.0)",1,97.73333333333332,13829
"(1.0, 1.0)",1,97.73333333333332,13830
"(0.85, 1.0)",1,97.73333333333332,13831
"(0.8333333333333334, 1.0)",1,97.73333333333332,13832
"(0.75, 1.0)",1,97.73333333333332,13833
"(0.7666666666666667, 1.0)",2,97.73333333333332,13835
"(0.9333333333333332, 0.9875)",1,97.73333333333323,13836
"(0.9833333333333332, 0.9875)",1,97.7333333333332,13837
"(0.7906976744186046, 0.9883720930232558)",1,97.732558139535,13838
"(0.8604651162790697, 0.9883720930232558)",2,97.73255813953496,13840
"(0.8953488372093024, 0.9883720930232558)",1,97.73255813953496,13841
"(0.8953488372093024, 0.9883720930232558)",1,97.73255813953494,13842
"(0.8372093023255814, 1.0)",1,97.73255813953492,13843
"(0.8604651162790697, 1.0)",1,97.7325581395349,13844
"(0.6162790697674418, 0.9883720930232558)",1,97.7325581395349,13845
"(0.872093023255814, 1.0)",1,97.73255813953487,13846
"(0.9186046511627908, 0.9883720930232558)",1,97.73255813953487,13847
"(0.9791666666666666, 0.9666666666666668)",1,97.72916666666669,13848
"(0.9333333333333332, 0.9833333333333332)",1,97.72916666666666,13849
"(0.8666666666666667, 0.9958333333333332)",1,97.72916666666654,13850
"(0.9416666666666668, 0.9875)",1,97.72916666666652,13851
"(0.8666666666666667, 0.9916666666666668)",1,97.72916666666649,13852
"(0.9208333333333332, 0.9833333333333332)",1,97.725,13853
"(0.9083333333333332, 0.9916666666666668)",2,97.72499999999997,13855
"(0.9791666666666666, 0.9958333333333332)",1,97.72499999999994,13856
"(0.925, 0.9875)",1,97.72499999999992,13857
"(0.8958333333333334, 0.9916666666666668)",1,97.72499999999977,13858
"(0.7083333333333334, 0.9861111111111112)",1,97.72222222222244,13859
"(0.7638888888888888, 0.9861111111111112)",1,97.72222222222244,13860
"(0.7916666666666666, 0.9861111111111112)",4,97.72222222222244,13864
"(0.7916666666666666, 0.9861111111111112)",1,97.7222222222224,13865
"(0.9027777777777778, 0.9861111111111112)",1,97.7222222222224,13866
"(0.8333333333333334, 1.0)",2,97.72222222222229,13868
"(0.8888888888888888, 1.0)",1,97.72222222222226,13869
"(0.8055555555555556, 0.9861111111111112)",1,97.72222222222226,13870
"(0.8194444444444444, 1.0)",1,97.72222222222226,13871
"(0.7777777777777778, 1.0)",1,97.72222222222224,13872
"(0.9583333333333334, 1.0)",1,97.72222222222224,13873
"(0.9302325581395348, 0.9883720930232558)",1,97.72093023255825,13874
"(0.9418604651162792, 0.9883720930232558)",2,97.72093023255825,13876
"(0.9186046511627908, 1.0)",1,97.72093023255825,13877
"(0.8953488372093024, 0.9883720930232558)",1,97.72093023255825,13878
"(0.8604651162790697, 0.9883720930232558)",1,97.72093023255825,13879
"(0.8488372093023255, 0.9767441860465116)",1,97.7209302325582,13880
"(0.8255813953488372, 0.9883720930232558)",1,97.7209302325582,13881
"(0.7674418604651163, 1.0)",1,97.72093023255816,13882
"(0.9302325581395348, 0.9767441860465116)",2,97.72093023255816,13884
"(0.9302325581395348, 0.9883720930232558)",1,97.72093023255812,13885
"(0.9458333333333332, 0.9791666666666666)",1,97.72083333333336,13886
"(0.9208333333333332, 0.9791666666666666)",1,97.72083333333336,13887
"(0.9583333333333334, 0.9791666666666666)",1,97.72083333333332,13888
"(0.8625, 0.9958333333333332)",2,97.72083333333325,13890
"(0.9083333333333332, 0.9875)",1,97.72083333333325,13891
"(0.925, 0.9916666666666668)",1,97.72083333333308,13892
"(0.95, 0.9791666666666666)",1,97.71666666666675,13893
"(0.8833333333333333, 0.9833333333333332)",1,97.71666666666674,13894
"(0.9666666666666668, 0.9833333333333332)",1,97.71666666666674,13895
"(0.8833333333333333, 1.0)",1,97.71666666666673,13896
"(0.9, 1.0)",2,97.71666666666673,13898
"(0.9666666666666668, 1.0)",1,97.71666666666673,13899
"(0.9666666666666668, 0.9958333333333332)",1,97.71666666666673,13900
"(1.0, 1.0)",1,97.71666666666673,13901
"(0.9083333333333332, 0.9791666666666666)",1,97.71666666666673,13902
"(0.9833333333333332, 1.0)",1,97.7166666666667,13903
"(0.9333333333333332, 1.0)",1,97.7166666666667,13904
"(0.8333333333333334, 1.0)",1,97.7166666666667,13905
"(1.0, 1.0)",2,97.7166666666667,13907
"(0.9, 1.0)",1,97.71666666666668,13908
"(0.8666666666666667, 1.0)",1,97.71666666666668,13909
"(0.9166666666666666, 1.0)",1,97.71666666666668,13910
"(0.95, 1.0)",1,97.71666666666668,13911
"(0.85, 1.0)",4,97.71666666666668,13915
"(0.875, 0.9875)",1,97.7166666666666,13916
"(0.9458333333333332, 0.9666666666666668)",1,97.7166666666666,13917
"(0.9791666666666666, 0.9875)",1,97.71666666666654,13918
"(0.9208333333333332, 0.9958333333333332)",1,97.71250000000008,13919
"(0.9166666666666666, 0.9791666666666666)",1,97.7125,13920
"(0.9083333333333332, 0.9833333333333332)",1,97.71249999999998,13921
"(0.8916666666666667, 0.9958333333333332)",1,97.71249999999988,13922
"(0.9208333333333332, 0.9958333333333332)",1,97.71249999999988,13923
"(0.9791666666666666, 0.9875)",1,97.71249999999984,13924
"(0.8488372093023255, 0.9767441860465116)",1,97.70930232558152,13925
"(0.872093023255814, 0.9883720930232558)",1,97.70930232558143,13926
"(0.7674418604651163, 1.0)",1,97.70930232558143,13927
"(0.9305555555555556, 0.9861111111111112)",1,97.70833333333351,13928
"(0.7083333333333334, 0.9861111111111112)",1,97.70833333333351,13929
"(0.9027777777777778, 0.9861111111111112)",1,97.70833333333351,13930
"(0.9305555555555556, 0.9861111111111112)",1,97.70833333333351,13931
"(0.9583333333333334, 0.9861111111111112)",1,97.7083333333335,13932
"(0.8472222222222222, 0.9861111111111112)",1,97.70833333333348,13933
"(0.9444444444444444, 1.0)",1,97.7083333333334,13934
"(0.9305555555555556, 1.0)",1,97.7083333333334,13935
"(0.8611111111111112, 0.9861111111111112)",1,97.70833333333336,13936
"(0.75, 1.0)",1,97.70833333333336,13937
"(0.7361111111111112, 1.0)",1,97.70833333333336,13938
"(0.8333333333333334, 1.0)",1,97.70833333333336,13939
"(0.8472222222222222, 1.0)",1,97.70833333333334,13940
"(0.8611111111111112, 1.0)",1,97.70833333333334,13941
"(0.9166666666666666, 0.9861111111111112)",1,97.70833333333334,13942
"(0.7361111111111112, 1.0)",1,97.70833333333334,13943
"(0.8888888888888888, 1.0)",1,97.70833333333331,13944
"(0.9708333333333332, 0.9916666666666668)",1,97.70833333333329,13945
"(0.925, 0.9958333333333332)",2,97.70833333333326,13947
"(0.9833333333333332, 0.9916666666666668)",1,97.70833333333324,13948
"(0.8708333333333333, 0.9833333333333332)",1,97.7041666666667,13949
"(0.9208333333333332, 0.9875)",1,97.7041666666667,13950
"(0.9166666666666666, 0.9791666666666666)",1,97.70416666666664,13951
"(0.925, 0.9875)",1,97.70416666666657,13952
"(0.925, 0.9916666666666668)",2,97.70416666666657,13954
"(0.9, 0.9833333333333332)",1,97.70000000000007,13955
"(0.9333333333333332, 1.0)",1,97.70000000000007,13956
"(0.9833333333333332, 0.9833333333333332)",2,97.70000000000007,13958
"(0.9666666666666668, 0.9833333333333332)",1,97.70000000000007,13959
"(0.8833333333333333, 1.0)",1,97.70000000000007,13960
"(0.9333333333333332, 1.0)",1,97.70000000000006,13961
"(0.8833333333333333, 0.9833333333333332)",1,97.70000000000006,13962
"(0.75, 1.0)",1,97.70000000000005,13963
"(0.875, 0.9833333333333332)",1,97.70000000000005,13964
"(0.6666666666666666, 1.0)",1,97.70000000000005,13965
"(0.9, 1.0)",1,97.70000000000005,13966
"(0.8833333333333333, 1.0)",1,97.70000000000005,13967
"(0.8666666666666667, 1.0)",1,97.70000000000005,13968
"(0.7333333333333333, 1.0)",1,97.70000000000005,13969
"(0.9166666666666666, 1.0)",1,97.70000000000005,13970
"(0.9833333333333332, 1.0)",1,97.70000000000005,13971
"(0.95, 0.9833333333333332)",1,97.70000000000002,13972
"(0.9, 1.0)",1,97.70000000000002,13973
"(0.8833333333333333, 1.0)",1,97.70000000000002,13974
"(0.9166666666666666, 1.0)",1,97.70000000000002,13975
"(0.9333333333333332, 1.0)",1,97.70000000000002,13976
"(0.95, 1.0)",1,97.70000000000002,13977
"(0.9666666666666668, 1.0)",1,97.70000000000002,13978
"(0.8, 1.0)",2,97.70000000000002,13980
"(0.9041666666666668, 0.9833333333333332)",2,97.70000000000002,13982
"(0.9458333333333332, 0.9833333333333332)",1,97.7,13983
"(0.85, 1.0)",3,97.7,13986
"(0.95, 1.0)",1,97.7,13987
"(0.9, 1.0)",1,97.7,13988
"(0.9333333333333332, 1.0)",1,97.7,13989
"(0.95, 0.9833333333333332)",1,97.7,13990
"(0.6833333333333333, 1.0)",1,97.7,13991
"(1.0, 1.0)",2,97.7,13993
"(0.8166666666666667, 1.0)",2,97.7,13995
"(0.8833333333333333, 1.0)",1,97.7,13996
"(0.8833333333333333, 1.0)",1,97.7,13997
"(0.7, 1.0)",1,97.7,13998
"(0.8666666666666667, 1.0)",2,97.7,14000
"(0.9375, 0.9958333333333332)",1,97.69999999999996,14001
"(0.9541666666666668, 0.975)",1,97.69999999999996,14002
"(0.9375, 0.9875)",1,97.69999999999987,14003
"(0.9375, 0.9916666666666668)",1,97.69999999999987,14004
"(0.9186046511627908, 0.9883720930232558)",1,97.69767441860476,14005
"(0.627906976744186, 0.9883720930232558)",1,97.69767441860468,14006
"(0.627906976744186, 1.0)",1,97.69767441860468,14007
"(0.5930232558139535, 1.0)",1,97.69767441860468,14008
"(0.8255813953488372, 0.9883720930232558)",1,97.69767441860468,14009
"(0.6162790697674418, 1.0)",1,97.69767441860468,14010
"(0.872093023255814, 1.0)",1,97.69767441860466,14011
"(0.9083333333333332, 0.9833333333333332)",2,97.69583333333335,14013
"(0.95, 0.9958333333333332)",2,97.69583333333328,14015
"(0.9208333333333332, 0.9958333333333332)",1,97.69583333333324,14016
"(0.8958333333333334, 0.9875)",1,97.6958333333332,14017
"(0.9291666666666668, 0.9875)",1,97.69583333333316,14018
"(0.9791666666666666, 0.9916666666666668)",1,97.69583333333316,14019
"(0.9166666666666666, 0.9861111111111112)",1,97.69444444444468,14020
"(0.8611111111111112, 0.9861111111111112)",1,97.69444444444464,14021
"(0.8055555555555556, 0.9861111111111112)",1,97.69444444444464,14022
"(0.9027777777777778, 0.9861111111111112)",2,97.69444444444464,14024
"(0.8333333333333334, 0.9861111111111112)",1,97.6944444444446,14025
"(0.9166666666666666, 0.9861111111111112)",1,97.69444444444456,14026
"(0.8611111111111112, 0.9861111111111112)",1,97.69444444444456,14027
"(0.9444444444444444, 0.9722222222222222)",2,97.69444444444451,14029
"(0.875, 1.0)",1,97.69444444444451,14030
"(0.7083333333333334, 0.9861111111111112)",1,97.6944444444445,14031
"(0.9305555555555556, 1.0)",1,97.6944444444445,14032
"(0.8055555555555556, 1.0)",1,97.69444444444449,14033
"(0.7083333333333334, 1.0)",1,97.69444444444449,14034
"(0.9027777777777778, 1.0)",1,97.69444444444446,14035
"(0.7222222222222222, 1.0)",1,97.69444444444446,14036
"(0.9041666666666668, 0.9791666666666666)",1,97.69166666666672,14037
"(0.9375, 0.9833333333333332)",1,97.69166666666668,14038
"(0.9458333333333332, 0.9833333333333332)",1,97.69166666666663,14039
"(0.9166666666666666, 0.9833333333333332)",1,97.69166666666663,14040
"(0.9416666666666668, 0.9791666666666666)",1,97.69166666666662,14041
"(0.8875, 0.9916666666666668)",1,97.69166666666652,14042
"(0.9875, 0.9916666666666668)",1,97.69166666666648,14043
"(0.9208333333333332, 0.9958333333333332)",1,97.68749999999996,14044
"(0.9375, 0.9916666666666668)",1,97.68749999999989,14045
"(0.9125, 0.9875)",1,97.68749999999989,14046
"(0.925, 0.9916666666666668)",1,97.68749999999984,14047
"(0.9125, 0.9916666666666668)",1,97.68749999999984,14048
"(0.9, 0.9916666666666668)",1,97.6874999999998,14049
"(0.9418604651162792, 0.9883720930232558)",2,97.686046511628,14051
"(0.8488372093023255, 0.9883720930232558)",1,97.686046511628,14052
"(0.8953488372093024, 0.9883720930232558)",1,97.686046511628,14053
"(0.8604651162790697, 0.9883720930232558)",1,97.68604651162796,14054
"(0.872093023255814, 1.0)",1,97.68604651162794,14055
"(0.8255813953488372, 1.0)",1,97.68604651162794,14056
"(0.872093023255814, 0.9883720930232558)",1,97.68604651162792,14057
"(0.8166666666666667, 0.9833333333333332)",1,97.6833333333334,14058
"(1.0, 0.9833333333333332)",1,97.6833333333334,14059
"(0.95, 1.0)",1,97.6833333333334,14060
"(0.9333333333333332, 0.9833333333333332)",1,97.6833333333334,14061
"(0.9666666666666668, 0.9833333333333332)",2,97.6833333333334,14063
"(0.9166666666666666, 1.0)",2,97.68333333333338,14065
"(0.9208333333333332, 0.9791666666666666)",1,97.68333333333337,14066
"(0.9208333333333332, 0.9875)",1,97.68333333333337,14067
"(0.9166666666666666, 1.0)",1,97.68333333333337,14068
"(0.8166666666666667, 1.0)",2,97.68333333333337,14070
"(0.9375, 0.9833333333333332)",1,97.68333333333337,14071
"(0.75, 1.0)",2,97.68333333333337,14073
"(0.8333333333333334, 1.0)",1,97.68333333333337,14074
"(0.95, 1.0)",1,97.68333333333337,14075
"(0.8333333333333334, 1.0)",1,97.68333333333334,14076
"(0.925, 0.9791666666666666)",1,97.68333333333334,14077
"(0.7833333333333333, 1.0)",1,97.68333333333334,14078
"(0.8166666666666667, 1.0)",1,97.68333333333334,14079
"(0.75, 1.0)",1,97.68333333333334,14080
"(0.8833333333333333, 1.0)",7,97.68333333333334,14087
"(0.9333333333333332, 1.0)",1,97.68333333333334,14088
"(0.8666666666666667, 1.0)",1,97.68333333333334,14089
"(0.6833333333333333, 1.0)",1,97.68333333333334,14090
"(0.9166666666666666, 1.0)",1,97.68333333333334,14091
"(0.8166666666666667, 1.0)",1,97.68333333333332,14092
"(0.8194444444444444, 0.9722222222222222)",1,97.68055555555576,14093
"(0.9027777777777778, 0.9861111111111112)",1,97.68055555555576,14094
"(0.6944444444444444, 0.9861111111111112)",3,97.68055555555576,14097
"(0.8194444444444444, 0.9722222222222222)",1,97.68055555555576,14098
"(0.7638888888888888, 0.9861111111111112)",4,97.68055555555576,14102
"(0.8888888888888888, 0.9861111111111112)",1,97.68055555555576,14103
"(0.9166666666666666, 0.9861111111111112)",1,97.68055555555574,14104
"(0.9305555555555556, 0.9861111111111112)",1,97.68055555555569,14105
"(0.8611111111111112, 0.9861111111111112)",1,97.68055555555566,14106
"(0.8888888888888888, 1.0)",1,97.6805555555556,14107
"(0.8333333333333334, 1.0)",2,97.6805555555556,14109
"(0.9305555555555556, 0.9861111111111112)",2,97.6805555555556,14111
"(0.9305555555555556, 1.0)",2,97.6805555555556,14113
"(0.9027777777777778, 1.0)",1,97.6805555555556,14114
"(0.9027777777777778, 1.0)",1,97.6805555555556,14115
"(0.9583333333333334, 1.0)",1,97.68055555555556,14116
"(0.8055555555555556, 1.0)",1,97.68055555555556,14117
"(0.9444444444444444, 1.0)",3,97.68055555555556,14120
"(0.9444444444444444, 1.0)",1,97.68055555555554,14121
"(0.9208333333333332, 0.9791666666666666)",1,97.67916666666676,14122
"(0.825, 0.9958333333333332)",1,97.67916666666665,14123
"(0.9416666666666668, 0.9916666666666668)",1,97.67916666666648,14124
"(0.9083333333333332, 0.9916666666666668)",1,97.67916666666648,14125
"(0.9916666666666668, 0.9875)",1,97.67916666666645,14126
"(0.9375, 0.9791666666666666)",1,97.67500000000004,14127
"(0.9291666666666668, 0.9875)",1,97.675,14128
"(0.9791666666666666, 0.975)",1,97.67499999999995,14129
"(0.8916666666666667, 0.9875)",1,97.67499999999993,14130
"(0.9666666666666668, 0.9833333333333332)",1,97.67499999999993,14131
"(0.8625, 0.9916666666666668)",1,97.67499999999988,14132
"(0.9458333333333332, 0.9875)",2,97.67499999999984,14134
"(0.8953488372093024, 0.9883720930232558)",1,97.67441860465124,14135
"(0.7790697674418605, 0.9883720930232558)",1,97.67441860465122,14136
"(0.7674418604651163, 0.9883720930232558)",2,97.6744186046512,14138
"(0.8255813953488372, 1.0)",1,97.6744186046512,14139
"(0.8488372093023255, 1.0)",1,97.67441860465118,14140
"(0.9416666666666668, 0.9833333333333332)",1,97.6708333333333,14141
"(0.95, 0.9833333333333332)",1,97.6708333333333,14142
"(0.9791666666666666, 0.9916666666666668)",1,97.67083333333328,14143
"(0.8958333333333334, 0.9875)",1,97.67083333333318,14144
"(0.8333333333333334, 0.9861111111111112)",1,97.66666666666688,14145
"(0.9444444444444444, 0.9861111111111112)",1,97.66666666666688,14146
"(0.7916666666666666, 0.9861111111111112)",1,97.66666666666688,14147
"(0.9444444444444444, 0.9861111111111112)",1,97.66666666666686,14148
"(0.7638888888888888, 0.9861111111111112)",1,97.66666666666686,14149
"(0.9722222222222222, 0.9861111111111112)",1,97.66666666666686,14150
"(0.8472222222222222, 0.9861111111111112)",1,97.66666666666684,14151
"(0.75, 0.9861111111111112)",1,97.66666666666684,14152
"(0.9027777777777778, 0.9861111111111112)",1,97.66666666666684,14153
"(0.9333333333333332, 1.0)",1,97.66666666666676,14154
"(0.9166666666666666, 1.0)",2,97.66666666666676,14156
"(0.8333333333333334, 0.9861111111111112)",1,97.66666666666674,14157
"(1.0, 0.9833333333333332)",1,97.66666666666674,14158
"(0.6944444444444444, 0.9861111111111112)",1,97.66666666666674,14159
"(0.95, 0.9833333333333332)",5,97.66666666666674,14164
"(0.7166666666666667, 1.0)",2,97.66666666666671,14166
"(0.9722222222222222, 1.0)",1,97.66666666666671,14167
"(0.8833333333333333, 1.0)",1,97.66666666666671,14168
"(1.0, 0.9833333333333332)",1,97.66666666666671,14169
"(0.8194444444444444, 1.0)",1,97.66666666666671,14170
"(0.9166666666666666, 1.0)",1,97.66666666666671,14171
"(0.9166666666666666, 1.0)",1,97.66666666666671,14172
"(0.9166666666666666, 1.0)",1,97.6666666666667,14173
"(0.9027777777777778, 1.0)",1,97.6666666666667,14174
"(0.9583333333333334, 1.0)",4,97.66666666666669,14178
"(0.9666666666666668, 1.0)",1,97.66666666666669,14179
"(0.6833333333333333, 1.0)",1,97.66666666666669,14180
"(0.85, 1.0)",1,97.66666666666669,14181
"(1.0, 1.0)",1,97.66666666666669,14182
"(0.75, 1.0)",1,97.66666666666669,14183
"(0.9833333333333332, 1.0)",1,97.66666666666669,14184
"(0.9, 1.0)",1,97.66666666666669,14185
"(0.8833333333333333, 1.0)",1,97.66666666666669,14186
"(0.7638888888888888, 0.9861111111111112)",1,97.66666666666669,14187
"(0.9333333333333332, 1.0)",1,97.66666666666669,14188
"(0.8166666666666667, 1.0)",1,97.66666666666669,14189
"(0.9166666666666666, 1.0)",2,97.66666666666669,14191
"(0.95, 1.0)",1,97.66666666666669,14192
"(0.9, 1.0)",2,97.66666666666666,14194
"(0.9833333333333332, 1.0)",3,97.66666666666666,14197
"(0.8333333333333334, 1.0)",1,97.66666666666666,14198
"(0.9333333333333332, 1.0)",2,97.66666666666666,14200
"(0.925, 0.9958333333333332)",1,97.66666666666664,14201
"(0.9791666666666666, 0.9666666666666668)",1,97.6666666666666,14202
"(0.9208333333333332, 0.9875)",1,97.6666666666666,14203
"(0.9291666666666668, 0.9958333333333332)",2,97.6666666666665,14205
"(0.9291666666666668, 0.9916666666666668)",1,97.66666666666649,14206
"(0.8953488372093024, 0.9767441860465116)",1,97.66279069767462,14207
"(0.9186046511627908, 0.9651162790697676)",1,97.66279069767452,14208
"(0.9418604651162792, 0.9883720930232558)",1,97.66279069767452,14209
"(0.7906976744186046, 0.9883720930232558)",1,97.6627906976745,14210
"(0.8953488372093024, 0.9883720930232558)",1,97.66279069767448,14211
"(0.4651162790697674, 1.0)",1,97.66279069767444,14212
"(0.95, 0.9791666666666666)",1,97.6625000000001,14213
"(0.8875, 0.9791666666666666)",1,97.66250000000004,14214
"(0.9208333333333332, 0.9958333333333332)",2,97.66249999999997,14216
"(0.9416666666666668, 0.9833333333333332)",1,97.66249999999997,14217
"(0.8458333333333333, 0.9833333333333332)",1,97.65833333333342,14218
"(0.9375, 0.9791666666666666)",1,97.6583333333334,14219
"(0.9416666666666668, 0.9791666666666666)",1,97.6583333333334,14220
"(0.9875, 0.9666666666666668)",1,97.65833333333336,14221
"(0.825, 0.9958333333333332)",1,97.65833333333327,14222
"(0.9, 0.9833333333333332)",1,97.65416666666674,14223
"(0.85, 0.9916666666666668)",1,97.65416666666673,14224
"(0.8375, 0.9875)",1,97.65416666666664,14225
"(0.9208333333333332, 0.9958333333333332)",2,97.6541666666666,14227
"(0.9916666666666668, 0.9791666666666666)",1,97.6541666666666,14228
"(0.9333333333333332, 0.9916666666666668)",1,97.6541666666666,14229
"(0.9583333333333334, 0.9958333333333332)",1,97.65416666666655,14230
"(0.8791666666666667, 0.9958333333333332)",1,97.65416666666655,14231
"(0.95, 0.9916666666666668)",1,97.65416666666654,14232
"(0.9375, 0.9916666666666668)",1,97.65416666666653,14233
"(0.925, 0.9875)",1,97.65416666666653,14234
"(0.7361111111111112, 0.9861111111111112)",4,97.65277777777798,14238
"(0.8333333333333334, 0.9722222222222222)",1,97.65277777777798,14239
"(0.9027777777777778, 0.9861111111111112)",1,97.65277777777798,14240
"(0.8611111111111112, 0.9861111111111112)",2,97.65277777777798,14242
"(0.9444444444444444, 0.9861111111111112)",2,97.65277777777798,14244
"(0.7638888888888888, 0.9861111111111112)",1,97.65277777777798,14245
"(0.9166666666666666, 0.9861111111111112)",2,97.65277777777796,14247
"(0.9305555555555556, 0.9861111111111112)",1,97.65277777777796,14248
"(0.9444444444444444, 0.9861111111111112)",1,97.65277777777796,14249
"(0.9166666666666666, 0.9722222222222222)",1,97.65277777777796,14250
"(0.8611111111111112, 0.9861111111111112)",1,97.65277777777791,14251
"(0.7638888888888888, 0.9861111111111112)",1,97.65277777777786,14252
"(0.8055555555555556, 1.0)",1,97.65277777777784,14253
"(0.7083333333333334, 0.9861111111111112)",1,97.65277777777784,14254
"(0.8888888888888888, 1.0)",1,97.6527777777778,14255
"(0.7777777777777778, 1.0)",2,97.6527777777778,14257
"(0.7083333333333334, 1.0)",1,97.6527777777778,14258
"(0.9722222222222222, 1.0)",1,97.6527777777778,14259
"(0.8055555555555556, 1.0)",1,97.6527777777778,14260
"(0.9027777777777778, 1.0)",1,97.6527777777778,14261
"(0.7916666666666666, 1.0)",1,97.65277777777776,14262
"(0.9418604651162792, 0.9883720930232558)",1,97.6511627906978,14263
"(0.8604651162790697, 0.9883720930232558)",1,97.6511627906978,14264
"(0.7441860465116279, 1.0)",1,97.65116279069778,14265
"(0.8953488372093024, 0.9883720930232558)",1,97.65116279069774,14266
"(0.9302325581395348, 0.9883720930232558)",1,97.65116279069774,14267
"(0.7558139534883721, 0.9883720930232558)",1,97.65116279069774,14268
"(0.627906976744186, 1.0)",1,97.65116279069773,14269
"(0.872093023255814, 0.9767441860465116)",1,97.65116279069773,14270
"(0.9186046511627908, 1.0)",1,97.65116279069773,14271
"(0.7674418604651163, 1.0)",1,97.6511627906977,14272
"(0.8255813953488372, 0.9883720930232558)",1,97.6511627906977,14273
"(0.9418604651162792, 1.0)",1,97.65116279069768,14274
"(0.9, 0.9833333333333332)",1,97.65000000000008,14275
"(0.9, 1.0)",1,97.65000000000008,14276
"(0.9666666666666668, 0.9833333333333332)",2,97.65000000000008,14278
"(0.9166666666666666, 0.9833333333333332)",1,97.65000000000008,14279
"(0.95, 0.9833333333333332)",2,97.65000000000008,14281
"(0.9666666666666668, 0.9833333333333332)",2,97.65000000000006,14283
"(0.8166666666666667, 0.9833333333333332)",1,97.65000000000006,14284
"(0.8333333333333334, 1.0)",1,97.65000000000006,14285
"(0.9, 0.9833333333333332)",4,97.65000000000006,14289
"(1.0, 0.9833333333333332)",1,97.65000000000006,14290
"(0.9166666666666666, 1.0)",1,97.65000000000006,14291
"(0.8666666666666667, 0.9833333333333332)",1,97.65000000000006,14292
"(0.9, 1.0)",1,97.65000000000003,14293
"(0.9, 1.0)",2,97.65000000000003,14295
"(0.8833333333333333, 1.0)",2,97.65000000000003,14297
"(0.9333333333333332, 1.0)",1,97.65000000000002,14298
"(0.9166666666666666, 0.9791666666666666)",1,97.65000000000002,14299
"(0.8333333333333334, 1.0)",2,97.65000000000002,14301
"(1.0, 1.0)",2,97.65000000000002,14303
"(0.9666666666666668, 1.0)",1,97.65000000000002,14304
"(0.9, 1.0)",1,97.65000000000002,14305
"(0.7333333333333333, 1.0)",1,97.65000000000002,14306
"(1.0, 1.0)",3,97.65,14309
"(0.8833333333333333, 1.0)",1,97.65,14310
"(0.9, 1.0)",1,97.65,14311
"(0.9, 1.0)",1,97.65,14312
"(0.8166666666666667, 1.0)",2,97.65,14314
"(0.7166666666666667, 1.0)",1,97.65,14315
"(0.9833333333333332, 1.0)",1,97.65,14316
"(0.8666666666666667, 1.0)",1,97.65,14317
"(0.9083333333333332, 0.9833333333333332)",1,97.65,14318
"(0.9791666666666666, 0.9625)",1,97.64999999999996,14319
"(0.8958333333333334, 0.9875)",1,97.64999999999984,14320
"(0.9166666666666666, 0.9791666666666666)",2,97.64583333333324,14322
"(0.8458333333333333, 0.9791666666666666)",1,97.6416666666667,14323
"(0.9833333333333332, 0.9666666666666668)",1,97.64166666666662,14324
"(0.875, 0.9958333333333332)",1,97.6416666666666,14325
"(0.9302325581395348, 0.9883720930232558)",1,97.63953488372104,14326
"(0.9418604651162792, 0.9767441860465116)",1,97.63953488372104,14327
"(0.8604651162790697, 0.9883720930232558)",1,97.639534883721,14328
"(0.8953488372093024, 0.9883720930232558)",2,97.639534883721,14330
"(0.4883720930232558, 1.0)",1,97.63953488372096,14331
"(0.8255813953488372, 0.9883720930232558)",1,97.63953488372096,14332
"(0.7906976744186046, 0.9883720930232558)",1,97.63953488372096,14333
"(0.8488372093023255, 1.0)",1,97.63953488372096,14334
"(0.8194444444444444, 0.9861111111111112)",2,97.6388888888891,14336
"(0.8611111111111112, 0.9861111111111112)",4,97.6388888888891,14340
"(0.9027777777777778, 0.9861111111111112)",1,97.63888888888908,14341
"(0.875, 0.9861111111111112)",1,97.63888888888908,14342
"(0.8333333333333334, 0.9861111111111112)",1,97.63888888888908,14343
"(0.8611111111111112, 0.9861111111111112)",4,97.63888888888908,14347
"(0.8888888888888888, 0.9861111111111112)",3,97.63888888888908,14350
"(0.9722222222222222, 0.9861111111111112)",1,97.63888888888908,14351
"(0.8888888888888888, 0.9861111111111112)",1,97.63888888888908,14352
"(0.75, 0.9861111111111112)",1,97.63888888888908,14353
"(0.7916666666666666, 0.9861111111111112)",1,97.63888888888908,14354
"(0.7638888888888888, 1.0)",1,97.638888888889,14355
"(0.8888888888888888, 0.9722222222222222)",2,97.638888888889,14357
"(0.9305555555555556, 1.0)",2,97.63888888888896,14359
"(0.8055555555555556, 1.0)",1,97.63888888888894,14360
"(0.7083333333333334, 1.0)",1,97.63888888888891,14361
"(0.7638888888888888, 1.0)",1,97.63888888888891,14362
"(0.7222222222222222, 1.0)",4,97.63888888888889,14366
"(0.9833333333333332, 0.9833333333333332)",1,97.6375,14367
"(0.9291666666666668, 0.9833333333333332)",1,97.63749999999996,14368
"(0.9833333333333332, 0.9666666666666668)",1,97.63749999999992,14369
"(0.9333333333333332, 0.9875)",1,97.63749999999982,14370
"(0.9625, 0.9916666666666668)",1,97.6374999999998,14371
"(0.95, 0.9833333333333332)",1,97.63333333333344,14372
"(0.9333333333333332, 0.9833333333333332)",1,97.6333333333334,14373
"(1.0, 0.9833333333333332)",1,97.6333333333334,14374
"(0.9333333333333332, 1.0)",1,97.6333333333334,14375
"(0.8666666666666667, 0.9833333333333332)",1,97.6333333333334,14376
"(0.8166666666666667, 0.9833333333333332)",1,97.6333333333334,14377
"(0.95, 0.9833333333333332)",2,97.6333333333334,14379
"(0.8666666666666667, 1.0)",1,97.6333333333334,14380
"(1.0, 0.9833333333333332)",1,97.6333333333334,14381
"(0.8333333333333334, 1.0)",1,97.6333333333334,14382
"(0.9, 1.0)",1,97.63333333333338,14383
"(0.9166666666666666, 0.9833333333333332)",1,97.63333333333338,14384
"(0.8333333333333334, 1.0)",1,97.63333333333338,14385
"(0.8833333333333333, 1.0)",1,97.63333333333338,14386
"(0.8166666666666667, 1.0)",1,97.63333333333335,14387
"(0.85, 1.0)",1,97.63333333333335,14388
"(0.975, 0.9791666666666666)",1,97.63333333333335,14389
"(0.9208333333333332, 0.9791666666666666)",1,97.63333333333335,14390
"(0.6666666666666666, 1.0)",2,97.63333333333335,14392
"(0.7333333333333333, 1.0)",1,97.63333333333334,14393
"(0.8, 1.0)",1,97.63333333333334,14394
"(0.9, 1.0)",1,97.63333333333334,14395
"(0.8666666666666667, 1.0)",1,97.63333333333334,14396
"(0.8333333333333334, 1.0)",2,97.63333333333334,14398
"(0.7, 1.0)",1,97.63333333333333,14399
"(0.75, 1.0)",1,97.63333333333333,14400
"(0.95, 1.0)",2,97.63333333333333,14402
"(0.8666666666666667, 1.0)",1,97.63333333333333,14403
"(0.7666666666666667, 1.0)",1,97.63333333333333,14404
"(0.85, 1.0)",1,97.63333333333333,14405
"(0.9833333333333332, 1.0)",1,97.63333333333333,14406
"(0.8833333333333333, 1.0)",1,97.63333333333333,14407
"(0.9791666666666666, 0.9541666666666668)",1,97.63333333333324,14408
"(0.9, 0.9791666666666666)",1,97.6291666666667,14409
"(0.9416666666666668, 0.9833333333333332)",1,97.62916666666668,14410
"(0.9, 0.9875)",1,97.6291666666666,14411
"(0.7790697674418605, 0.9767441860465116)",1,97.62790697674436,14412
"(0.8837209302325582, 0.9883720930232558)",1,97.62790697674428,14413
"(0.4651162790697674, 1.0)",1,97.6279069767442,14414
"(0.9444444444444444, 0.9861111111111112)",1,97.62500000000024,14415
"(0.8472222222222222, 0.9861111111111112)",3,97.6250000000002,14418
"(0.75, 0.9861111111111112)",1,97.6250000000002,14419
"(0.9722222222222222, 0.9861111111111112)",1,97.6250000000002,14420
"(0.9305555555555556, 0.9861111111111112)",1,97.6250000000002,14421
"(0.8333333333333334, 0.9861111111111112)",1,97.6250000000002,14422
"(0.9027777777777778, 0.9861111111111112)",1,97.6250000000002,14423
"(0.5833333333333334, 0.9861111111111112)",1,97.6250000000002,14424
"(0.9027777777777778, 0.9861111111111112)",2,97.6250000000002,14426
"(0.9305555555555556, 0.9861111111111112)",1,97.62500000000018,14427
"(0.6944444444444444, 0.9861111111111112)",1,97.62500000000018,14428
"(0.875, 0.9722222222222222)",1,97.62500000000011,14429
"(0.8194444444444444, 0.9861111111111112)",1,97.62500000000009,14430
"(0.9444444444444444, 1.0)",1,97.62500000000006,14431
"(0.9208333333333332, 0.9833333333333332)",2,97.62500000000006,14433
"(0.9166666666666666, 1.0)",1,97.62500000000004,14434
"(0.8055555555555556, 1.0)",1,97.62500000000004,14435
"(0.8458333333333333, 0.9875)",1,97.625,14436
"(0.9791666666666666, 0.9958333333333332)",1,97.625,14437
"(0.8472222222222222, 1.0)",1,97.625,14438
"(0.9833333333333332, 0.9708333333333332)",2,97.625,14440
"(0.9291666666666668, 0.9875)",1,97.625,14441
"(0.8458333333333333, 0.9833333333333332)",1,97.625,14442
"(0.8333333333333334, 1.0)",1,97.625,14443
"(0.9041666666666668, 0.9875)",2,97.625,14445
"(0.9, 0.9958333333333332)",1,97.62499999999996,14446
"(0.9875, 0.9916666666666668)",1,97.62499999999996,14447
"(0.9375, 0.975)",1,97.62499999999991,14448
"(0.9333333333333332, 0.9875)",1,97.62499999999982,14449
"(0.8375, 0.9916666666666668)",1,97.62499999999982,14450
"(0.9041666666666668, 0.9833333333333332)",1,97.62083333333334,14451
"(0.9041666666666668, 0.9875)",1,97.62083333333328,14452
"(0.9166666666666666, 0.9875)",1,97.62083333333324,14453
"(0.9083333333333332, 0.9916666666666668)",1,97.62083333333317,14454
"(0.9333333333333332, 0.9791666666666666)",1,97.6166666666668,14455
"(0.8833333333333333, 0.9833333333333332)",1,97.61666666666676,14456
"(0.95, 0.9833333333333332)",1,97.61666666666676,14457
"(0.9, 1.0)",1,97.61666666666672,14458
"(0.9666666666666668, 0.9833333333333332)",1,97.61666666666672,14459
"(0.8833333333333333, 1.0)",1,97.61666666666672,14460
"(0.8333333333333334, 1.0)",1,97.61666666666672,14461
"(0.9166666666666666, 1.0)",1,97.61666666666672,14462
"(0.8166666666666667, 0.9833333333333332)",2,97.61666666666672,14464
"(0.8833333333333333, 0.9833333333333332)",4,97.61666666666672,14468
"(0.8666666666666667, 1.0)",1,97.61666666666672,14469
"(0.6666666666666666, 1.0)",1,97.6166666666667,14470
"(0.8333333333333334, 1.0)",1,97.6166666666667,14471
"(0.9, 1.0)",1,97.6166666666667,14472
"(0.9, 0.9833333333333332)",1,97.61666666666667,14473
"(0.8666666666666667, 1.0)",1,97.61666666666667,14474
"(0.9, 1.0)",1,97.61666666666667,14475
"(1.0, 1.0)",3,97.61666666666667,14478
"(0.9833333333333332, 1.0)",2,97.61666666666667,14480
"(0.7833333333333333, 1.0)",1,97.61666666666667,14481
"(0.8, 1.0)",1,97.61666666666667,14482
"(0.95, 1.0)",1,97.61666666666667,14483
"(1.0, 1.0)",1,97.61666666666666,14484
"(0.9, 1.0)",1,97.61666666666666,14485
"(0.975, 0.95)",1,97.61666666666666,14486
"(0.7666666666666667, 1.0)",1,97.61666666666666,14487
"(0.9166666666666666, 1.0)",1,97.61666666666666,14488
"(0.9083333333333332, 0.9791666666666666)",1,97.61666666666665,14489
"(0.975, 0.9791666666666666)",1,97.6166666666666,14490
"(0.9541666666666668, 0.975)",1,97.6166666666666,14491
"(0.9666666666666668, 0.9875)",1,97.6166666666666,14492
"(0.9208333333333332, 0.9875)",2,97.61666666666656,14494
"(0.9291666666666668, 0.9916666666666668)",1,97.61666666666652,14495
"(0.7790697674418605, 0.9883720930232558)",1,97.6162790697676,14496
"(0.9534883720930232, 0.9883720930232558)",1,97.6162790697676,14497
"(0.8372093023255814, 0.9883720930232558)",1,97.61627906976756,14498
"(0.8604651162790697, 0.9883720930232558)",2,97.61627906976751,14500
"(0.7790697674418605, 0.9883720930232558)",1,97.6162790697675,14501
"(0.4883720930232558, 1.0)",1,97.6162790697675,14502
"(0.7674418604651163, 1.0)",1,97.61627906976749,14503
"(0.9458333333333332, 0.9875)",1,97.61250000000004,14504
"(0.8625, 0.9958333333333332)",1,97.61249999999995,14505
"(0.9416666666666668, 0.9875)",1,97.61249999999994,14506
"(0.975, 0.9708333333333332)",1,97.61249999999988,14507
"(0.9625, 0.9916666666666668)",1,97.61249999999988,14508
"(0.9444444444444444, 1.0)",1,97.61111111111134,14509
"(0.8611111111111112, 0.9861111111111112)",1,97.61111111111131,14510
"(0.7222222222222222, 0.9861111111111112)",1,97.61111111111131,14511
"(0.8333333333333334, 0.9861111111111112)",2,97.61111111111131,14513
"(0.7638888888888888, 0.9861111111111112)",1,97.61111111111131,14514
"(0.9027777777777778, 0.9861111111111112)",1,97.6111111111113,14515
"(0.875, 0.9722222222222222)",1,97.6111111111113,14516
"(0.7638888888888888, 0.9861111111111112)",1,97.61111111111128,14517
"(0.8472222222222222, 0.9722222222222222)",1,97.61111111111128,14518
"(0.7916666666666666, 0.9861111111111112)",1,97.61111111111128,14519
"(0.9722222222222222, 1.0)",1,97.61111111111124,14520
"(0.9722222222222222, 1.0)",1,97.6111111111112,14521
"(0.7638888888888888, 1.0)",1,97.6111111111112,14522
"(0.9166666666666666, 1.0)",1,97.61111111111116,14523
"(0.9722222222222222, 1.0)",1,97.61111111111116,14524
"(0.9583333333333334, 1.0)",1,97.61111111111114,14525
"(0.9305555555555556, 1.0)",4,97.61111111111114,14529
"(0.6944444444444444, 1.0)",4,97.61111111111111,14533
"(0.925, 0.9791666666666666)",1,97.6083333333334,14534
"(0.9, 0.9916666666666668)",1,97.60833333333328,14535
"(0.95, 0.975)",1,97.60833333333326,14536
"(0.9291666666666668, 0.9916666666666668)",2,97.60833333333323,14538
"(0.9302325581395348, 0.9767441860465116)",1,97.60465116279086,14539
"(0.9186046511627908, 0.9767441860465116)",1,97.60465116279082,14540
"(0.8604651162790697, 0.9883720930232558)",1,97.6046511627908,14541
"(0.9418604651162792, 0.9883720930232558)",1,97.60465116279076,14542
"(0.8255813953488372, 0.9883720930232558)",2,97.60465116279076,14544
"(0.8372093023255814, 0.9883720930232558)",1,97.60465116279074,14545
"(0.4651162790697674, 1.0)",1,97.60465116279072,14546
"(0.8958333333333334, 0.9916666666666668)",1,97.6041666666666,14547
"(0.85, 0.9791666666666666)",2,97.60416666666652,14549
"(0.9791666666666666, 0.9916666666666668)",1,97.6041666666665,14550
"(0.9, 0.9833333333333332)",2,97.60000000000008,14552
"(0.8, 1.0)",1,97.60000000000008,14553
"(0.9333333333333332, 0.9833333333333332)",2,97.60000000000008,14555
"(0.95, 0.9833333333333332)",1,97.60000000000008,14556
"(0.9833333333333332, 0.9833333333333332)",2,97.60000000000008,14558
"(0.9666666666666668, 0.9833333333333332)",2,97.60000000000008,14560
"(0.8333333333333334, 1.0)",1,97.60000000000008,14561
"(0.8666666666666667, 1.0)",1,97.60000000000004,14562
"(0.8333333333333334, 1.0)",1,97.60000000000004,14563
"(0.7333333333333333, 1.0)",1,97.60000000000002,14564
"(0.9, 1.0)",1,97.60000000000002,14565
"(0.8333333333333334, 1.0)",3,97.6,14568
"(0.9833333333333332, 1.0)",2,97.6,14570
"(0.7833333333333333, 1.0)",1,97.6,14571
"(0.9333333333333332, 1.0)",1,97.6,14572
"(0.9125, 0.9875)",1,97.6,14573
"(1.0, 1.0)",2,97.6,14575
"(0.9166666666666666, 1.0)",2,97.6,14577
"(0.8166666666666667, 1.0)",1,97.6,14578
"(0.9333333333333332, 1.0)",1,97.6,14579
"(0.875, 0.975)",1,97.59999999999998,14580
"(0.9666666666666668, 0.9958333333333332)",1,97.59999999999992,14581
"(0.8125, 0.9916666666666668)",1,97.59999999999992,14582
"(0.95, 0.9833333333333332)",1,97.59999999999992,14583
"(0.7638888888888888, 0.9861111111111112)",1,97.59722222222244,14584
"(0.9444444444444444, 0.9861111111111112)",1,97.59722222222244,14585
"(0.7638888888888888, 0.9861111111111112)",1,97.5972222222224,14586
"(0.9305555555555556, 0.9861111111111112)",1,97.5972222222224,14587
"(0.9166666666666666, 0.9722222222222222)",1,97.5972222222224,14588
"(0.8194444444444444, 0.9861111111111112)",1,97.5972222222224,14589
"(0.9027777777777778, 0.9861111111111112)",3,97.5972222222224,14592
"(0.8611111111111112, 0.9861111111111112)",1,97.5972222222224,14593
"(0.7361111111111112, 0.9861111111111112)",1,97.59722222222238,14594
"(0.7222222222222222, 0.9722222222222222)",1,97.59722222222236,14595
"(0.8333333333333334, 1.0)",2,97.59722222222231,14597
"(0.9027777777777778, 0.9861111111111112)",1,97.59722222222231,14598
"(0.9305555555555556, 1.0)",1,97.59722222222231,14599
"(0.8055555555555556, 1.0)",1,97.59722222222229,14600
"(0.6111111111111112, 1.0)",2,97.59722222222229,14602
"(0.7638888888888888, 1.0)",1,97.59722222222226,14603
"(0.8611111111111112, 1.0)",1,97.59722222222226,14604
"(0.9305555555555556, 1.0)",2,97.59722222222226,14606
"(0.9166666666666666, 1.0)",1,97.59722222222226,14607
"(0.875, 1.0)",1,97.59722222222226,14608
"(0.9583333333333334, 1.0)",1,97.59722222222224,14609
"(0.8055555555555556, 1.0)",1,97.59722222222224,14610
"(0.9305555555555556, 1.0)",1,97.59722222222224,14611
"(0.8875, 0.9833333333333332)",1,97.59583333333342,14612
"(0.9208333333333332, 0.9833333333333332)",1,97.59583333333332,14613
"(0.8458333333333333, 0.9916666666666668)",1,97.59583333333327,14614
"(0.9291666666666668, 0.9833333333333332)",1,97.59583333333326,14615
"(0.9, 0.9916666666666668)",2,97.59583333333326,14617
"(0.8625, 0.975)",1,97.59583333333325,14618
"(0.8837209302325582, 0.9883720930232558)",2,97.59302325581405,14620
"(0.7790697674418605, 0.9883720930232558)",1,97.59302325581405,14621
"(0.8953488372093024, 0.9883720930232558)",1,97.59302325581405,14622
"(0.872093023255814, 1.0)",1,97.593023255814,14623
"(0.7906976744186046, 1.0)",1,97.593023255814,14624
"(0.8953488372093024, 0.9767441860465116)",1,97.593023255814,14625
"(0.7441860465116279, 1.0)",1,97.593023255814,14626
"(0.9, 0.9833333333333332)",2,97.59166666666673,14628
"(0.95, 0.9791666666666666)",1,97.59166666666673,14629
"(0.875, 0.9833333333333332)",1,97.5916666666667,14630
"(0.9833333333333332, 0.9958333333333332)",1,97.5916666666667,14631
"(0.8875, 0.9791666666666666)",1,97.59166666666668,14632
"(0.975, 0.9916666666666668)",1,97.59166666666654,14633
"(0.9333333333333332, 0.9916666666666668)",1,97.59166666666653,14634
"(0.9291666666666668, 0.9958333333333332)",1,97.58750000000006,14635
"(0.9, 0.9958333333333332)",1,97.58749999999988,14636
"(0.9, 0.9875)",1,97.58749999999988,14637
"(0.9208333333333332, 0.9875)",1,97.58749999999984,14638
"(0.8791666666666667, 0.9875)",2,97.58749999999978,14640
"(0.7083333333333334, 0.9861111111111112)",1,97.58333333333354,14641
"(0.8472222222222222, 0.9861111111111112)",1,97.58333333333351,14642
"(0.8611111111111112, 0.9861111111111112)",1,97.58333333333351,14643
"(0.75, 0.9861111111111112)",1,97.58333333333351,14644
"(0.9305555555555556, 0.9861111111111112)",4,97.58333333333351,14648
"(0.7916666666666666, 0.9861111111111112)",1,97.58333333333351,14649
"(0.8333333333333334, 0.9861111111111112)",1,97.58333333333351,14650
"(0.7638888888888888, 0.9861111111111112)",1,97.58333333333351,14651
"(0.8194444444444444, 0.9861111111111112)",1,97.58333333333351,14652
"(0.9027777777777778, 0.9861111111111112)",2,97.58333333333351,14654
"(0.8472222222222222, 0.9861111111111112)",1,97.5833333333335,14655
"(0.75, 1.0)",2,97.58333333333344,14657
"(0.9833333333333332, 0.9833333333333332)",1,97.5833333333334,14658
"(0.8833333333333333, 0.9833333333333332)",1,97.5833333333334,14659
"(0.95, 0.9833333333333332)",1,97.5833333333334,14660
"(0.9666666666666668, 0.9833333333333332)",3,97.5833333333334,14663
"(0.8666666666666667, 1.0)",1,97.5833333333334,14664
"(0.8, 1.0)",1,97.5833333333334,14665
"(0.9583333333333334, 0.9791666666666666)",1,97.5833333333334,14666
"(1.0, 0.9833333333333332)",1,97.5833333333334,14667
"(1.0, 1.0)",1,97.5833333333334,14668
"(0.7333333333333333, 1.0)",1,97.5833333333334,14669
"(0.9, 0.9833333333333332)",1,97.5833333333334,14670
"(0.9027777777777778, 1.0)",1,97.58333333333336,14671
"(0.9833333333333332, 1.0)",1,97.58333333333336,14672
"(0.7666666666666667, 1.0)",1,97.58333333333336,14673
"(0.75, 1.0)",2,97.58333333333336,14675
"(0.7166666666666667, 1.0)",1,97.58333333333336,14676
"(0.8333333333333334, 1.0)",2,97.58333333333336,14678
"(0.8, 1.0)",1,97.58333333333336,14679
"(1.0, 1.0)",1,97.58333333333336,14680
"(0.9833333333333332, 1.0)",2,97.58333333333334,14682
"(0.9666666666666668, 1.0)",2,97.58333333333334,14684
"(0.8333333333333334, 1.0)",2,97.58333333333334,14686
"(0.9166666666666666, 1.0)",2,97.58333333333334,14688
"(0.7333333333333333, 1.0)",1,97.58333333333334,14689
"(0.7083333333333334, 1.0)",1,97.58333333333334,14690
"(0.8833333333333333, 1.0)",2,97.58333333333334,14692
"(1.0, 1.0)",2,97.58333333333334,14694
"(0.9, 1.0)",2,97.58333333333334,14696
"(0.9027777777777778, 1.0)",1,97.58333333333334,14697
"(0.85, 1.0)",3,97.58333333333334,14700
"(0.9166666666666666, 1.0)",3,97.58333333333331,14703
"(0.7166666666666667, 1.0)",1,97.58333333333331,14704
"(0.95, 1.0)",1,97.58333333333331,14705
"(0.85, 1.0)",1,97.58333333333331,14706
"(1.0, 1.0)",1,97.58333333333331,14707
"(0.9333333333333332, 1.0)",1,97.58333333333331,14708
"(0.9125, 0.9958333333333332)",2,97.58333333333329,14710
"(0.9, 0.9875)",1,97.58333333333316,14711
"(0.7790697674418605, 0.9767441860465116)",1,97.58139534883742,14712
"(0.8488372093023255, 0.9767441860465116)",1,97.5813953488374,14713
"(0.7790697674418605, 0.9767441860465116)",1,97.58139534883736,14714
"(0.4651162790697674, 1.0)",1,97.58139534883723,14715
"(0.813953488372093, 1.0)",1,97.58139534883723,14716
"(0.872093023255814, 0.9767441860465116)",2,97.58139534883723,14718
"(0.9208333333333332, 0.9833333333333332)",1,97.57916666666672,14719
"(0.95, 0.9958333333333332)",2,97.57916666666668,14721
"(0.9041666666666668, 0.9833333333333332)",1,97.57916666666668,14722
"(0.9208333333333332, 0.9958333333333332)",1,97.57916666666664,14723
"(0.8958333333333334, 0.9833333333333332)",1,97.57916666666662,14724
"(0.9208333333333332, 0.9958333333333332)",1,97.57916666666657,14725
"(0.925, 0.975)",1,97.57500000000005,14726
"(0.9, 0.9875)",1,97.57499999999996,14727
"(0.9041666666666668, 0.9958333333333332)",1,97.57499999999996,14728
"(0.9208333333333332, 0.9833333333333332)",1,97.57499999999992,14729
"(0.95, 0.9916666666666668)",1,97.5749999999998,14730
"(0.9, 0.9833333333333332)",1,97.57083333333348,14731
"(0.95, 0.9791666666666666)",1,97.57083333333344,14732
"(0.8875, 0.9791666666666666)",1,97.57083333333344,14733
"(0.9416666666666668, 0.9833333333333332)",1,97.57083333333335,14734
"(0.9375, 0.9875)",2,97.5708333333333,14736
"(0.9791666666666666, 0.9791666666666666)",1,97.5708333333333,14737
"(0.9375, 0.9958333333333332)",2,97.57083333333328,14739
"(0.975, 0.9916666666666668)",1,97.5708333333332,14740
"(0.8916666666666667, 0.9875)",1,97.5708333333332,14741
"(0.8958333333333334, 0.9916666666666668)",1,97.57083333333316,14742
"(0.8488372093023255, 0.9767441860465116)",1,97.56976744186062,14743
"(0.9302325581395348, 0.9883720930232558)",1,97.56976744186056,14744
"(0.8488372093023255, 0.9767441860465116)",1,97.56976744186056,14745
"(0.9302325581395348, 0.9767441860465116)",1,97.56976744186052,14746
"(0.8953488372093024, 0.9883720930232558)",1,97.56976744186052,14747
"(0.9302325581395348, 0.9883720930232558)",1,97.56976744186052,14748
"(0.8023255813953488, 0.9883720930232558)",2,97.56976744186052,14750
"(0.872093023255814, 0.9883720930232558)",1,97.5697674418605,14751
"(0.8255813953488372, 0.9883720930232558)",1,97.56976744186048,14752
"(0.9069767441860463, 1.0)",1,97.56976744186048,14753
"(0.9418604651162792, 0.9767441860465116)",1,97.56976744186046,14754
"(0.8488372093023255, 0.9651162790697676)",2,97.56976744186044,14756
"(0.6527777777777778, 0.9861111111111112)",1,97.56944444444464,14757
"(0.7916666666666666, 0.9861111111111112)",1,97.56944444444464,14758
"(0.8333333333333334, 0.9861111111111112)",1,97.56944444444464,14759
"(0.8333333333333334, 0.9722222222222222)",1,97.56944444444464,14760
"(0.9166666666666666, 0.9861111111111112)",1,97.56944444444464,14761
"(0.8194444444444444, 0.9861111111111112)",1,97.5694444444446,14762
"(0.9305555555555556, 0.9861111111111112)",1,97.5694444444446,14763
"(0.75, 0.9722222222222222)",1,97.56944444444458,14764
"(0.9027777777777778, 0.9861111111111112)",1,97.56944444444456,14765
"(0.8333333333333334, 0.9722222222222222)",1,97.56944444444454,14766
"(0.6944444444444444, 1.0)",1,97.56944444444451,14767
"(0.8055555555555556, 1.0)",1,97.56944444444451,14768
"(0.9722222222222222, 1.0)",1,97.56944444444449,14769
"(0.9444444444444444, 1.0)",2,97.56944444444449,14771
"(0.8333333333333334, 1.0)",1,97.56944444444449,14772
"(0.9305555555555556, 1.0)",2,97.56944444444449,14774
"(0.7361111111111112, 1.0)",1,97.56944444444449,14775
"(0.8055555555555556, 1.0)",1,97.56944444444449,14776
"(0.7638888888888888, 1.0)",1,97.56944444444446,14777
"(0.9305555555555556, 1.0)",2,97.56944444444446,14779
"(0.9166666666666666, 1.0)",1,97.56944444444446,14780
"(0.6111111111111112, 1.0)",1,97.56944444444444,14781
"(0.8833333333333333, 0.9833333333333332)",1,97.56666666666672,14782
"(0.8166666666666667, 0.9833333333333332)",1,97.56666666666672,14783
"(0.85, 1.0)",1,97.56666666666672,14784
"(1.0, 0.9833333333333332)",2,97.56666666666672,14786
"(0.9, 0.9833333333333332)",3,97.56666666666672,14789
"(0.7333333333333333, 1.0)",1,97.5666666666667,14790
"(0.8833333333333333, 1.0)",1,97.5666666666667,14791
"(0.8333333333333334, 1.0)",1,97.56666666666668,14792
"(0.9166666666666666, 1.0)",1,97.56666666666668,14793
"(0.8166666666666667, 1.0)",1,97.56666666666668,14794
"(0.9166666666666666, 1.0)",1,97.56666666666668,14795
"(0.7333333333333333, 0.9833333333333332)",1,97.56666666666668,14796
"(0.9333333333333332, 1.0)",1,97.56666666666668,14797
"(0.9666666666666668, 1.0)",1,97.56666666666666,14798
"(0.85, 1.0)",1,97.56666666666666,14799
"(0.8666666666666667, 1.0)",1,97.56666666666666,14800
"(0.8, 1.0)",1,97.56666666666666,14801
"(0.9041666666666668, 0.9875)",1,97.56666666666666,14802
"(0.8166666666666667, 1.0)",3,97.56666666666666,14805
"(0.8833333333333333, 1.0)",1,97.56666666666666,14806
"(1.0, 1.0)",1,97.56666666666666,14807
"(0.7333333333333333, 1.0)",4,97.56666666666666,14811
"(0.9833333333333332, 1.0)",1,97.56666666666666,14812
"(0.9333333333333332, 1.0)",2,97.56666666666666,14814
"(0.9166666666666666, 1.0)",2,97.56666666666666,14816
"(1.0, 1.0)",1,97.56666666666663,14817
"(0.9583333333333334, 0.9875)",2,97.56666666666658,14819
"(0.8958333333333334, 0.9875)",1,97.56666666666658,14820
"(0.8791666666666667, 0.9958333333333332)",1,97.56666666666652,14821
"(0.8916666666666667, 0.9958333333333332)",1,97.5666666666665,14822
"(0.9291666666666668, 0.9958333333333332)",1,97.56249999999991,14823
"(0.8875, 0.9791666666666666)",1,97.55833333333344,14824
"(0.9166666666666666, 0.9833333333333332)",1,97.55833333333332,14825
"(0.8255813953488372, 0.9883720930232558)",1,97.55813953488384,14826
"(0.8023255813953488, 0.9883720930232558)",1,97.5581395348838,14827
"(0.9302325581395348, 0.9883720930232558)",1,97.5581395348838,14828
"(0.7906976744186046, 1.0)",1,97.55813953488376,14829
"(0.8604651162790697, 1.0)",1,97.55813953488376,14830
"(0.7674418604651163, 1.0)",1,97.55813953488374,14831
"(0.7906976744186046, 1.0)",1,97.55813953488374,14832
"(0.9651162790697676, 0.9651162790697676)",2,97.55813953488372,14834
"(0.875, 0.9861111111111112)",1,97.55555555555576,14835
"(0.6527777777777778, 0.9861111111111112)",1,97.55555555555576,14836
"(0.8888888888888888, 0.9861111111111112)",1,97.55555555555576,14837
"(0.9166666666666666, 0.9861111111111112)",1,97.55555555555576,14838
"(0.8194444444444444, 0.9861111111111112)",1,97.55555555555574,14839
"(0.7777777777777778, 0.9861111111111112)",1,97.55555555555569,14840
"(0.9027777777777778, 1.0)",1,97.55555555555569,14841
"(0.9027777777777778, 1.0)",1,97.5555555555556,14842
"(0.875, 1.0)",2,97.5555555555556,14844
"(0.7777777777777778, 1.0)",1,97.5555555555556,14845
"(0.9444444444444444, 1.0)",1,97.55555555555556,14846
"(0.9305555555555556, 1.0)",1,97.55555555555556,14847
"(0.9166666666666666, 0.9861111111111112)",1,97.55555555555556,14848
"(0.8888888888888888, 1.0)",4,97.55555555555554,14852
"(0.9, 0.9833333333333332)",1,97.55416666666662,14853
"(0.9916666666666668, 0.9916666666666668)",1,97.55416666666656,14854
"(0.925, 0.9875)",1,97.55416666666656,14855
"(0.9666666666666668, 0.9833333333333332)",5,97.55000000000008,14860
"(0.9166666666666666, 0.9833333333333332)",2,97.55000000000008,14862
"(0.9166666666666666, 1.0)",1,97.55000000000008,14863
"(0.9333333333333332, 0.9833333333333332)",8,97.55000000000008,14871
"(0.8833333333333333, 0.9833333333333332)",1,97.55000000000008,14872
"(0.9333333333333332, 1.0)",1,97.55000000000008,14873
"(0.7666666666666667, 1.0)",1,97.55000000000008,14874
"(0.9, 0.9833333333333332)",1,97.55000000000008,14875
"(0.7666666666666667, 1.0)",1,97.55000000000008,14876
"(0.85, 1.0)",1,97.55000000000004,14877
"(0.8166666666666667, 1.0)",1,97.55000000000004,14878
"(0.9166666666666666, 1.0)",1,97.55000000000004,14879
"(0.9166666666666666, 1.0)",3,97.55000000000004,14882
"(0.9166666666666666, 0.9833333333333332)",1,97.55000000000004,14883
"(0.8333333333333334, 1.0)",1,97.55000000000004,14884
"(0.75, 1.0)",1,97.55000000000004,14885
"(0.9833333333333332, 1.0)",1,97.55,14886
"(0.8833333333333333, 1.0)",1,97.55,14887
"(0.95, 1.0)",1,97.55,14888
"(0.75, 1.0)",1,97.55,14889
"(0.7333333333333333, 1.0)",1,97.55,14890
"(0.8333333333333334, 1.0)",1,97.55,14891
"(0.9333333333333332, 0.9916666666666668)",1,97.55,14892
"(0.9375, 0.9958333333333332)",2,97.54999999999995,14894
"(0.9, 0.9875)",1,97.54999999999993,14895
"(0.9428571428571428, 0.975)",1,97.5499999999999,14896
"(0.95, 0.9958333333333332)",1,97.54999999999988,14897
"(0.95, 0.9875)",1,97.54999999999988,14898
"(0.925, 0.9875)",1,97.54999999999984,14899
"(0.9418604651162792, 0.9767441860465116)",1,97.54651162790717,14900
"(0.7790697674418605, 0.9767441860465116)",1,97.54651162790712,14901
"(0.9186046511627908, 0.9883720930232558)",1,97.5465116279071,14902
"(0.8953488372093024, 0.9883720930232558)",1,97.54651162790708,14903
"(0.7790697674418605, 0.9883720930232558)",2,97.54651162790708,14905
"(0.8604651162790697, 0.9883720930232558)",1,97.54651162790704,14906
"(0.5930232558139535, 1.0)",1,97.54651162790704,14907
"(0.9418604651162792, 0.9883720930232558)",1,97.54651162790704,14908
"(0.4651162790697674, 1.0)",1,97.546511627907,14909
"(0.9651162790697676, 0.9767441860465116)",2,97.546511627907,14911
"(0.7674418604651163, 1.0)",2,97.54651162790698,14913
"(0.9291666666666668, 0.9833333333333332)",1,97.54583333333332,14914
"(0.9375, 0.9833333333333332)",1,97.54583333333328,14915
"(0.8416666666666667, 0.9958333333333332)",1,97.54583333333316,14916
"(0.9722222222222222, 0.9861111111111112)",1,97.54166666666688,14917
"(0.8888888888888888, 0.9861111111111112)",6,97.54166666666688,14923
"(0.6944444444444444, 0.9861111111111112)",1,97.54166666666688,14924
"(0.875, 1.0)",1,97.54166666666688,14925
"(0.7083333333333334, 0.9861111111111112)",4,97.54166666666688,14929
"(0.9166666666666666, 0.9861111111111112)",1,97.54166666666688,14930
"(0.9166666666666666, 0.9861111111111112)",3,97.54166666666688,14933
"(0.7638888888888888, 0.9861111111111112)",2,97.54166666666688,14935
"(0.7638888888888888, 0.9861111111111112)",1,97.54166666666686,14936
"(0.9027777777777778, 0.9861111111111112)",1,97.54166666666686,14937
"(0.7777777777777778, 0.9861111111111112)",1,97.54166666666686,14938
"(0.875, 0.9861111111111112)",2,97.54166666666686,14940
"(0.9305555555555556, 0.9861111111111112)",1,97.54166666666686,14941
"(0.9027777777777778, 0.9861111111111112)",1,97.54166666666684,14942
"(0.9305555555555556, 0.9861111111111112)",1,97.54166666666684,14943
"(0.8194444444444444, 1.0)",2,97.54166666666676,14945
"(0.95, 0.9791666666666666)",1,97.54166666666674,14946
"(0.9458333333333332, 0.9958333333333332)",1,97.54166666666669,14947
"(0.9166666666666666, 0.9625)",1,97.54166666666669,14948
"(0.7361111111111112, 1.0)",1,97.54166666666669,14949
"(0.9, 0.9875)",1,97.54166666666669,14950
"(0.75, 1.0)",2,97.54166666666666,14952
"(0.9444444444444444, 0.9861111111111112)",1,97.54166666666666,14953
"(0.9541666666666668, 0.9791666666666666)",1,97.54166666666664,14954
"(0.9708333333333332, 0.9541666666666668)",1,97.5416666666666,14955
"(0.9208333333333332, 0.9875)",1,97.54166666666656,14956
"(0.8458333333333333, 0.9833333333333332)",1,97.5375000000001,14957
"(0.9083333333333332, 0.975)",1,97.53749999999992,14958
"(0.9041666666666668, 0.9958333333333332)",1,97.5374999999999,14959
"(0.8255813953488372, 0.9883720930232558)",1,97.5348837209304,14960
"(0.8837209302325582, 1.0)",1,97.53488372093034,14961
"(0.9302325581395348, 0.9883720930232558)",2,97.53488372093032,14963
"(0.8488372093023255, 0.9883720930232558)",2,97.53488372093032,14965
"(0.9418604651162792, 0.9883720930232558)",1,97.53488372093032,14966
"(0.8837209302325582, 0.9883720930232558)",1,97.53488372093032,14967
"(0.8837209302325582, 0.9883720930232558)",2,97.5348837209303,14969
"(0.7441860465116279, 1.0)",1,97.53488372093028,14970
"(0.4883720930232558, 1.0)",1,97.53488372093028,14971
"(0.8837209302325582, 1.0)",1,97.53488372093024,14972
"(0.925, 0.9875)",1,97.53333333333345,14973
"(0.8666666666666667, 0.9833333333333332)",1,97.53333333333342,14974
"(0.95, 1.0)",1,97.53333333333342,14975
"(0.9166666666666666, 0.9833333333333332)",2,97.5333333333334,14977
"(0.9, 0.9833333333333332)",1,97.5333333333334,14978
"(0.85, 1.0)",1,97.5333333333334,14979
"(0.8833333333333333, 1.0)",1,97.53333333333336,14980
"(0.8833333333333333, 0.9833333333333332)",1,97.53333333333336,14981
"(1.0, 1.0)",1,97.53333333333336,14982
"(0.8333333333333334, 1.0)",1,97.53333333333336,14983
"(0.9166666666666666, 1.0)",1,97.53333333333336,14984
"(0.9833333333333332, 1.0)",2,97.53333333333336,14986
"(0.6666666666666666, 1.0)",1,97.53333333333336,14987
"(0.8833333333333333, 1.0)",1,97.53333333333336,14988
"(0.9166666666666666, 1.0)",1,97.53333333333336,14989
"(0.925, 0.9791666666666666)",1,97.53333333333336,14990
"(0.9666666666666668, 1.0)",1,97.53333333333332,14991
"(0.95, 1.0)",2,97.53333333333332,14993
"(0.8666666666666667, 1.0)",1,97.53333333333332,14994
"(0.9833333333333332, 1.0)",1,97.53333333333332,14995
"(0.7166666666666667, 1.0)",1,97.53333333333332,14996
"(1.0, 1.0)",1,97.53333333333332,14997
"(0.9166666666666666, 1.0)",3,97.53333333333332,15000
"(0.8833333333333333, 1.0)",2,97.53333333333332,15002
"(0.8333333333333334, 1.0)",4,97.53333333333332,15006
"(0.8666666666666667, 0.9958333333333332)",1,97.5333333333333,15007
"(0.9, 0.9875)",1,97.53333333333327,15008
"(0.9041666666666668, 0.9916666666666668)",1,97.53333333333327,15009
"(0.95, 0.9958333333333332)",1,97.53333333333326,15010
"(0.9125, 0.9791666666666666)",1,97.52916666666673,15011
"(0.9083333333333332, 0.9958333333333332)",1,97.5291666666665,15012
"(0.9027777777777778, 0.9861111111111112)",2,97.52777777777798,15014
"(0.9444444444444444, 0.9861111111111112)",1,97.52777777777798,15015
"(0.8055555555555556, 0.9861111111111112)",1,97.52777777777798,15016
"(0.7638888888888888, 0.9861111111111112)",1,97.52777777777796,15017
"(0.8333333333333334, 0.9861111111111112)",1,97.52777777777796,15018
"(0.8472222222222222, 0.9861111111111112)",1,97.52777777777796,15019
"(0.9027777777777778, 0.9722222222222222)",1,97.52777777777796,15020
"(0.8194444444444444, 0.9722222222222222)",2,97.52777777777796,15022
"(0.9305555555555556, 0.9861111111111112)",1,97.52777777777794,15023
"(0.8333333333333334, 0.9861111111111112)",1,97.52777777777791,15024
"(0.9305555555555556, 0.9861111111111112)",1,97.52777777777784,15025
"(0.8333333333333334, 1.0)",2,97.52777777777784,15027
"(0.9305555555555556, 1.0)",1,97.52777777777784,15028
"(0.7777777777777778, 1.0)",1,97.5277777777778,15029
"(0.8333333333333334, 1.0)",3,97.5277777777778,15032
"(0.6111111111111112, 1.0)",2,97.52777777777776,15034
"(0.9916666666666668, 0.9791666666666666)",1,97.52500000000008,15035
"(0.9333333333333332, 0.9791666666666666)",1,97.525,15036
"(0.8958333333333334, 0.9916666666666668)",2,97.5249999999999,15038
"(0.9535714285714286, 0.9714285714285714)",2,97.5249999999999,15040
"(0.9333333333333332, 0.9875)",1,97.52499999999988,15041
"(0.9302325581395348, 0.9883720930232558)",2,97.52325581395355,15043
"(0.8372093023255814, 1.0)",1,97.52325581395354,15044
"(0.4883720930232558, 1.0)",1,97.52325581395353,15045
"(0.925, 0.9958333333333332)",2,97.52083333333329,15047
"(0.9666666666666668, 0.9708333333333332)",1,97.52083333333329,15048
"(0.925, 0.9875)",1,97.52083333333329,15049
"(0.9833333333333332, 0.95)",1,97.52083333333326,15050
"(0.95, 0.9958333333333332)",1,97.52083333333324,15051
"(0.8958333333333334, 0.9875)",1,97.5208333333332,15052
"(0.9473684210526316, 0.9780701754385964)",1,97.51754385964912,15053
"(0.95, 0.9833333333333332)",2,97.51666666666674,15055
"(0.9583333333333334, 0.975)",1,97.51666666666672,15056
"(0.875, 0.9791666666666666)",1,97.51666666666672,15057
"(1.0, 1.0)",1,97.51666666666672,15058
"(0.7333333333333333, 1.0)",2,97.51666666666672,15060
"(0.9, 1.0)",1,97.51666666666672,15061
"(0.8333333333333334, 1.0)",1,97.51666666666672,15062
"(0.7333333333333333, 1.0)",1,97.5166666666667,15063
"(0.8666666666666667, 1.0)",3,97.5166666666667,15066
"(0.8333333333333334, 0.9833333333333332)",1,97.5166666666667,15067
"(0.8166666666666667, 1.0)",5,97.51666666666668,15072
"(0.9166666666666666, 1.0)",2,97.51666666666668,15074
"(0.9666666666666668, 1.0)",1,97.51666666666668,15075
"(0.9, 1.0)",1,97.51666666666668,15076
"(0.8833333333333333, 1.0)",3,97.51666666666668,15079
"(0.85, 1.0)",1,97.51666666666668,15080
"(0.7, 1.0)",2,97.51666666666668,15082
"(0.9333333333333332, 1.0)",1,97.51666666666668,15083
"(0.8166666666666667, 1.0)",2,97.51666666666668,15085
"(0.95, 1.0)",3,97.51666666666668,15088
"(0.7666666666666667, 1.0)",1,97.51666666666668,15089
"(0.8333333333333334, 1.0)",1,97.51666666666668,15090
"(0.975, 0.9791666666666666)",1,97.51666666666664,15091
"(0.9541666666666668, 0.975)",1,97.51666666666657,15092
"(0.9791666666666666, 0.9916666666666668)",1,97.51666666666654,15093
"(0.7361111111111112, 0.9861111111111112)",3,97.51388888888908,15096
"(0.9722222222222222, 0.9861111111111112)",4,97.51388888888908,15100
"(0.7638888888888888, 0.9861111111111112)",1,97.51388888888908,15101
"(0.8333333333333334, 0.9861111111111112)",2,97.51388888888908,15103
"(0.7916666666666666, 0.9861111111111112)",1,97.51388888888908,15104
"(0.9027777777777778, 0.9861111111111112)",1,97.51388888888908,15105
"(0.9166666666666666, 0.9722222222222222)",2,97.51388888888904,15107
"(0.9166666666666666, 0.9861111111111112)",2,97.513888888889,15109
"(0.875, 0.9722222222222222)",2,97.513888888889,15111
"(0.9166666666666666, 1.0)",2,97.513888888889,15113
"(0.9444444444444444, 1.0)",2,97.51388888888896,15115
"(0.8611111111111112, 1.0)",1,97.51388888888896,15116
"(0.9444444444444444, 1.0)",1,97.51388888888894,15117
"(0.9444444444444444, 0.9861111111111112)",1,97.51388888888891,15118
"(0.9444444444444444, 1.0)",1,97.51388888888891,15119
"(0.9291666666666668, 0.9833333333333332)",1,97.51250000000005,15120
"(0.9, 0.9833333333333332)",1,97.51249999999996,15121
"(0.975, 0.9833333333333332)",1,97.51249999999996,15122
"(0.9916666666666668, 0.975)",1,97.51249999999996,15123
"(0.8958333333333334, 0.9875)",1,97.51249999999985,15124
"(0.8255813953488372, 0.9767441860465116)",1,97.5116279069769,15125
"(0.8837209302325582, 0.9883720930232558)",1,97.51162790697684,15126
"(0.8837209302325582, 0.9883720930232558)",1,97.51162790697684,15127
"(0.8604651162790697, 0.9883720930232558)",1,97.51162790697684,15128
"(0.7906976744186046, 0.9883720930232558)",1,97.51162790697684,15129
"(0.8023255813953488, 0.9883720930232558)",1,97.5116279069768,15130
"(0.9302325581395348, 0.9767441860465116)",1,97.51162790697678,15131
"(0.8837209302325582, 1.0)",1,97.51162790697676,15132
"(0.7674418604651163, 1.0)",1,97.51162790697676,15133
"(0.925, 0.9791666666666666)",1,97.50833333333338,15134
"(0.9666666666666668, 0.9833333333333332)",1,97.50833333333334,15135
"(0.9291666666666668, 0.9916666666666668)",1,97.50833333333314,15136
"(0.9458333333333332, 0.9875)",2,97.50416666666658,15138
"(0.9375, 0.9916666666666668)",1,97.50416666666656,15139
"(0.975, 0.9875)",1,97.50416666666656,15140
"(0.9, 0.9958333333333332)",1,97.50416666666652,15141
"(0.8888888888888888, 0.9861111111111112)",2,97.5000000000002,15143
"(0.8055555555555556, 0.9722222222222222)",1,97.5000000000002,15144
"(0.8194444444444444, 0.9861111111111112)",2,97.5000000000002,15146
"(0.8333333333333334, 0.9722222222222222)",2,97.5000000000002,15148
"(0.8194444444444444, 0.9722222222222222)",2,97.50000000000018,15150
"(0.75, 0.9861111111111112)",1,97.50000000000018,15151
"(0.8333333333333334, 0.9861111111111112)",1,97.50000000000018,15152
"(0.7916666666666666, 0.9861111111111112)",1,97.50000000000018,15153
"(0.8837209302325582, 0.9883720930232558)",1,97.50000000000018,15154
"(0.8194444444444444, 0.9861111111111112)",1,97.50000000000016,15155
"(0.9305555555555556, 0.9722222222222222)",1,97.50000000000016,15156
"(0.7790697674418605, 0.9767441860465116)",1,97.50000000000016,15157
"(0.9302325581395348, 0.9767441860465116)",1,97.50000000000016,15158
"(0.8472222222222222, 0.9861111111111112)",2,97.50000000000014,15160
"(0.8255813953488372, 0.9883720930232558)",1,97.50000000000011,15161
"(0.8255813953488372, 0.9883720930232558)",1,97.50000000000011,15162
"(0.9027777777777778, 1.0)",1,97.50000000000011,15163
"(0.9166666666666666, 0.9861111111111112)",1,97.50000000000011,15164
"(0.9302325581395348, 0.9883720930232558)",1,97.5000000000001,15165
"(0.8166666666666667, 1.0)",1,97.50000000000009,15166
"(0.6162790697674418, 1.0)",1,97.50000000000009,15167
"(0.8604651162790697, 0.9883720930232558)",1,97.50000000000009,15168
"(0.85, 1.0)",1,97.50000000000009,15169
"(1.0, 0.9833333333333332)",1,97.50000000000009,15170
"(0.8055555555555556, 1.0)",1,97.50000000000009,15171
"(0.8255813953488372, 0.9883720930232558)",1,97.50000000000009,15172
"(0.8837209302325582, 0.9883720930232558)",1,97.50000000000009,15173
"(0.9666666666666668, 0.9833333333333332)",1,97.50000000000009,15174
"(0.9, 0.9833333333333332)",3,97.50000000000009,15177
"(0.95, 0.9833333333333332)",1,97.50000000000009,15178
"(0.875, 0.9833333333333332)",1,97.50000000000006,15179
"(0.9722222222222222, 1.0)",1,97.50000000000006,15180
"(0.8166666666666667, 1.0)",1,97.50000000000006,15181
"(0.8666666666666667, 1.0)",1,97.50000000000006,15182
"(0.9, 1.0)",1,97.50000000000006,15183
"(0.9333333333333332, 1.0)",2,97.50000000000006,15185
"(0.9833333333333332, 1.0)",1,97.50000000000004,15186
"(0.8333333333333334, 1.0)",2,97.50000000000004,15188
"(0.7674418604651163, 0.9883720930232558)",1,97.50000000000004,15189
"(0.9, 1.0)",1,97.50000000000004,15190
"(0.9027777777777778, 0.9861111111111112)",1,97.50000000000004,15191
"(0.9666666666666668, 1.0)",1,97.50000000000004,15192
"(0.7333333333333333, 1.0)",1,97.50000000000004,15193
"(0.8833333333333333, 1.0)",1,97.50000000000004,15194
"(0.9302325581395348, 0.9767441860465116)",1,97.50000000000004,15195
"(0.95, 1.0)",1,97.5,15196
"(1.0, 1.0)",1,97.5,15197
"(0.8333333333333334, 1.0)",2,97.5,15199
"(0.8833333333333333, 1.0)",1,97.5,15200
"(0.7083333333333334, 1.0)",1,97.5,15201
"(0.9666666666666668, 1.0)",1,97.5,15202
"(0.85, 1.0)",1,97.5,15203
"(0.9666666666666668, 0.9791666666666666)",1,97.5,15204
"(0.9166666666666666, 1.0)",4,97.5,15208
"(0.6111111111111112, 1.0)",1,97.5,15209
"(0.9333333333333332, 1.0)",1,97.5,15210
"(0.9833333333333332, 1.0)",2,97.5,15212
"(0.8166666666666667, 1.0)",2,97.5,15214
"(0.7833333333333333, 1.0)",3,97.5,15217
"(0.7166666666666667, 1.0)",1,97.5,15218
"(0.9444444444444444, 1.0)",1,97.49999999999996,15219
"(0.9875, 0.9833333333333332)",1,97.49999999999994,15220
"(0.925, 0.9875)",1,97.49999999999986,15221
"(0.9083333333333332, 0.9875)",2,97.49583333333334,15223
"(0.9333333333333332, 0.975)",1,97.49583333333332,15224
"(0.9, 0.9833333333333332)",1,97.49583333333328,15225
"(0.9125, 0.9958333333333332)",2,97.49583333333328,15227
"(0.975, 0.9541666666666668)",1,97.49583333333324,15228
"(0.9125, 0.9791666666666666)",1,97.49166666666666,15229
"(0.95, 0.9875)",1,97.49166666666665,15230
"(0.9428571428571428, 0.9785714285714284)",2,97.4892857142856,15232
"(0.6511627906976745, 0.9883720930232558)",1,97.48837209302349,15233
"(0.8953488372093024, 0.9767441860465116)",1,97.48837209302349,15234
"(0.7790697674418605, 0.9883720930232558)",1,97.48837209302336,15235
"(0.7093023255813954, 0.9883720930232558)",1,97.48837209302336,15236
"(0.8837209302325582, 0.9767441860465116)",1,97.48837209302332,15237
"(0.7209302325581395, 0.9767441860465116)",1,97.48837209302332,15238
"(0.8255813953488372, 1.0)",1,97.48837209302332,15239
"(0.7209302325581395, 0.9883720930232558)",1,97.4883720930233,15240
"(0.8953488372093024, 0.9767441860465116)",1,97.48837209302329,15241
"(0.9302325581395348, 0.9883720930232558)",1,97.48837209302329,15242
"(0.8837209302325582, 0.9651162790697676)",1,97.48837209302326,15243
"(0.9583333333333334, 0.9875)",1,97.48749999999998,15244
"(0.925, 0.9875)",1,97.48749999999988,15245
"(0.7916666666666666, 0.9861111111111112)",1,97.48611111111131,15246
"(0.8055555555555556, 0.9722222222222222)",2,97.48611111111131,15248
"(0.8611111111111112, 0.9861111111111112)",2,97.48611111111131,15250
"(0.7638888888888888, 0.9861111111111112)",1,97.48611111111131,15251
"(0.8333333333333334, 0.9861111111111112)",4,97.48611111111131,15255
"(0.9166666666666666, 0.9722222222222222)",1,97.4861111111113,15256
"(0.8194444444444444, 0.9861111111111112)",1,97.4861111111113,15257
"(0.9444444444444444, 0.9861111111111112)",1,97.48611111111128,15258
"(0.9166666666666666, 0.9861111111111112)",2,97.48611111111128,15260
"(0.9444444444444444, 0.9861111111111112)",1,97.48611111111128,15261
"(0.7777777777777778, 0.9861111111111112)",1,97.4861111111112,15262
"(0.8611111111111112, 0.9861111111111112)",1,97.4861111111112,15263
"(0.9166666666666666, 1.0)",1,97.4861111111112,15264
"(0.9444444444444444, 1.0)",1,97.48611111111116,15265
"(0.9444444444444444, 1.0)",1,97.48611111111116,15266
"(0.875, 1.0)",2,97.48611111111114,15268
"(0.8333333333333334, 1.0)",2,97.48611111111114,15270
"(0.8333333333333334, 1.0)",1,97.48611111111111,15271
"(0.7361111111111112, 1.0)",1,97.48611111111111,15272
"(0.5972222222222222, 1.0)",1,97.48611111111111,15273
"(0.9642857142857144, 0.975)",1,97.48571428571422,15274
"(0.8166666666666667, 1.0)",1,97.48333333333343,15275
"(1.0, 0.9833333333333332)",1,97.48333333333343,15276
"(0.9166666666666666, 0.9833333333333332)",1,97.4833333333334,15277
"(0.9833333333333332, 0.9833333333333332)",1,97.4833333333334,15278
"(0.9, 1.0)",1,97.4833333333334,15279
"(0.95, 0.9833333333333332)",3,97.4833333333334,15282
"(0.9, 0.9833333333333332)",4,97.4833333333334,15286
"(0.9166666666666666, 1.0)",1,97.48333333333336,15287
"(0.8666666666666667, 1.0)",1,97.48333333333336,15288
"(0.85, 1.0)",1,97.48333333333336,15289
"(1.0, 1.0)",2,97.48333333333336,15291
"(0.9083333333333332, 0.9791666666666666)",1,97.48333333333332,15292
"(0.8, 1.0)",1,97.48333333333332,15293
"(0.9333333333333332, 1.0)",3,97.48333333333332,15296
"(0.8333333333333334, 1.0)",1,97.48333333333332,15297
"(0.8833333333333333, 1.0)",1,97.48333333333332,15298
"(1.0, 1.0)",1,97.48333333333332,15299
"(1.0, 1.0)",1,97.48333333333332,15300
"(0.9125, 0.9791666666666666)",1,97.48333333333328,15301
"(0.9333333333333332, 0.9916666666666668)",1,97.48333333333323,15302
"(0.9916666666666668, 0.975)",1,97.48333333333322,15303
"(0.9333333333333332, 0.9875)",2,97.48333333333322,15305
"(0.9125, 0.9791666666666666)",1,97.47916666666676,15306
"(0.9, 0.9791666666666666)",1,97.47916666666671,15307
"(0.9625, 0.9833333333333332)",1,97.47916666666666,15308
"(0.9791666666666666, 0.9916666666666668)",1,97.47916666666664,15309
"(0.9375, 0.975)",1,97.4791666666666,15310
"(0.9166666666666666, 0.9916666666666668)",1,97.47916666666656,15311
"(0.9791666666666666, 0.9916666666666668)",2,97.47916666666656,15313
"(0.9535714285714286, 0.9714285714285714)",1,97.47857142857131,15314
"(0.9714285714285714, 0.975)",2,97.47857142857131,15316
"(0.8023255813953488, 0.9767441860465116)",1,97.4767441860466,15317
"(0.8837209302325582, 0.9883720930232558)",1,97.4767441860466,15318
"(0.813953488372093, 0.9883720930232558)",2,97.4767441860466,15320
"(0.8488372093023255, 0.9767441860465116)",1,97.47674418604652,15321
"(0.8488372093023255, 0.9651162790697676)",1,97.4767441860465,15322
"(0.8953488372093024, 0.9651162790697676)",1,97.47674418604645,15323
"(0.9041666666666668, 0.9791666666666666)",1,97.47500000000008,15324
"(0.9583333333333334, 0.9833333333333332)",1,97.47500000000008,15325
"(0.9, 0.9958333333333332)",2,97.47499999999997,15327
"(0.925, 0.9958333333333332)",1,97.47499999999997,15328
"(0.9666666666666668, 0.9833333333333332)",1,97.47499999999994,15329
"(0.8958333333333334, 0.9916666666666668)",1,97.4749999999999,15330
"(0.9166666666666666, 0.9833333333333332)",1,97.47499999999984,15331
"(0.5833333333333334, 0.9861111111111112)",1,97.47222222222244,15332
"(0.7916666666666666, 0.9861111111111112)",1,97.47222222222244,15333
"(0.875, 0.9861111111111112)",2,97.4722222222224,15335
"(0.8333333333333334, 0.9861111111111112)",1,97.4722222222224,15336
"(0.7916666666666666, 0.9861111111111112)",2,97.4722222222224,15338
"(0.9027777777777778, 0.9861111111111112)",1,97.4722222222224,15339
"(0.6944444444444444, 0.9861111111111112)",1,97.4722222222224,15340
"(0.9305555555555556, 0.9861111111111112)",1,97.47222222222238,15341
"(0.9166666666666666, 0.9722222222222222)",1,97.47222222222236,15342
"(0.8611111111111112, 1.0)",1,97.47222222222234,15343
"(0.7777777777777778, 1.0)",1,97.47222222222229,15344
"(0.9305555555555556, 1.0)",1,97.47222222222229,15345
"(0.9305555555555556, 1.0)",1,97.47222222222226,15346
"(0.9305555555555556, 1.0)",2,97.47222222222224,15348
"(0.9305555555555556, 1.0)",1,97.47222222222224,15349
"(0.9027777777777778, 1.0)",1,97.47222222222224,15350
"(0.8055555555555556, 1.0)",2,97.47222222222224,15352
"(0.8055555555555556, 1.0)",2,97.47222222222224,15354
"(0.9041666666666668, 0.9833333333333332)",1,97.47083333333345,15355
"(0.9291666666666668, 0.9791666666666666)",1,97.47083333333342,15356
"(0.8958333333333334, 0.975)",1,97.47083333333332,15357
"(0.8666666666666667, 0.9833333333333332)",1,97.47083333333332,15358
"(0.9875, 0.9583333333333334)",1,97.47083333333332,15359
"(0.8625, 0.9958333333333332)",1,97.4708333333333,15360
"(0.975, 0.9916666666666668)",1,97.47083333333327,15361
"(0.95, 0.9958333333333332)",1,97.47083333333327,15362
"(0.95, 0.9916666666666668)",1,97.47083333333327,15363
"(0.925, 0.975)",1,97.47083333333327,15364
"(0.9083333333333332, 0.9916666666666668)",1,97.47083333333325,15365
"(0.8859649122807017, 0.9736842105263158)",1,97.469298245614,15366
"(0.9, 0.9833333333333332)",1,97.4666666666668,15367
"(0.9833333333333332, 0.9833333333333332)",1,97.46666666666675,15368
"(0.9666666666666668, 0.9833333333333332)",2,97.46666666666675,15370
"(0.9166666666666666, 1.0)",1,97.46666666666674,15371
"(0.8666666666666667, 0.9833333333333332)",1,97.46666666666674,15372
"(0.9333333333333332, 0.9833333333333332)",1,97.46666666666674,15373
"(0.9416666666666668, 0.9791666666666666)",1,97.46666666666673,15374
"(1.0, 0.9833333333333332)",1,97.46666666666673,15375
"(0.9, 1.0)",1,97.46666666666673,15376
"(0.9, 1.0)",1,97.4666666666667,15377
"(0.8333333333333334, 1.0)",1,97.46666666666668,15378
"(0.85, 1.0)",6,97.46666666666668,15384
"(0.8333333333333334, 1.0)",1,97.46666666666668,15385
"(0.9666666666666668, 1.0)",2,97.46666666666668,15387
"(0.9166666666666666, 1.0)",1,97.46666666666668,15388
"(0.85, 1.0)",1,97.46666666666668,15389
"(0.8833333333333333, 1.0)",2,97.46666666666668,15391
"(0.95, 1.0)",3,97.46666666666668,15394
"(0.9125, 0.9875)",2,97.46666666666655,15396
"(0.9333333333333332, 0.9916666666666668)",1,97.46666666666653,15397
"(0.95, 0.9916666666666668)",1,97.46666666666648,15398
"(0.5930232558139535, 1.0)",1,97.46511627906985,15399
"(0.9418604651162792, 0.9883720930232558)",1,97.46511627906985,15400
"(0.8604651162790697, 1.0)",1,97.4651162790698,15401
"(0.9302325581395348, 0.9651162790697676)",1,97.46511627906976,15402
"(0.9302325581395348, 0.9767441860465116)",1,97.46511627906976,15403
"(0.9833333333333332, 1.0)",1,97.46250000000003,15404
"(0.925, 0.9833333333333332)",1,97.46250000000003,15405
"(0.9041666666666668, 0.9833333333333332)",1,97.46250000000002,15406
"(0.8875, 0.975)",1,97.4625,15407
"(0.9, 0.9833333333333332)",1,97.46249999999998,15408
"(0.9208333333333332, 0.9833333333333332)",1,97.46249999999992,15409
"(0.9333333333333332, 0.9791666666666666)",1,97.46249999999992,15410
"(0.9125, 0.9833333333333332)",1,97.46249999999992,15411
"(0.9333333333333332, 0.9958333333333332)",1,97.46249999999984,15412
"(0.9708333333333332, 0.9875)",1,97.4624999999998,15413
"(0.8194444444444444, 0.9861111111111112)",1,97.45833333333356,15414
"(0.8888888888888888, 0.9861111111111112)",2,97.45833333333354,15416
"(0.9722222222222222, 0.9861111111111112)",1,97.45833333333354,15417
"(0.9027777777777778, 0.9861111111111112)",1,97.45833333333354,15418
"(0.8611111111111112, 0.9861111111111112)",3,97.45833333333351,15421
"(0.6944444444444444, 0.9861111111111112)",1,97.45833333333351,15422
"(0.8333333333333334, 0.9861111111111112)",2,97.45833333333351,15424
"(0.9444444444444444, 1.0)",1,97.4583333333335,15425
"(0.9305555555555556, 0.9861111111111112)",1,97.45833333333348,15426
"(0.7638888888888888, 0.9861111111111112)",1,97.45833333333344,15427
"(0.8333333333333334, 1.0)",1,97.4583333333334,15428
"(0.8333333333333334, 1.0)",2,97.4583333333334,15430
"(0.9444444444444444, 1.0)",3,97.4583333333334,15433
"(0.9041666666666668, 0.9791666666666666)",1,97.4583333333334,15434
"(0.8055555555555556, 1.0)",1,97.45833333333336,15435
"(0.8333333333333334, 1.0)",5,97.45833333333334,15440
"(0.8055555555555556, 1.0)",1,97.45833333333334,15441
"(0.9583333333333334, 1.0)",1,97.45833333333331,15442
"(0.9208333333333332, 0.9916666666666668)",2,97.45833333333329,15444
"(0.8625, 0.9958333333333332)",1,97.45833333333326,15445
"(0.9291666666666668, 0.9875)",1,97.45833333333324,15446
"(0.9375, 0.975)",1,97.45833333333324,15447
"(0.9166666666666666, 0.9833333333333332)",1,97.45833333333324,15448
"(0.925, 0.9875)",2,97.4583333333332,15450
"(0.9208333333333332, 0.9875)",2,97.4583333333332,15452
"(0.9208333333333332, 0.9916666666666668)",1,97.4583333333332,15453
"(0.8875, 0.9791666666666666)",1,97.45416666666672,15454
"(0.9666666666666668, 0.9916666666666668)",1,97.45416666666662,15455
"(0.9291666666666668, 0.9958333333333332)",1,97.45416666666662,15456
"(0.9916666666666668, 0.9875)",1,97.4541666666666,15457
"(0.9666666666666668, 0.975)",1,97.4541666666666,15458
"(0.9458333333333332, 0.975)",1,97.45416666666658,15459
"(0.8837209302325582, 0.9767441860465116)",1,97.4534883720932,15460
"(0.7674418604651163, 0.9767441860465116)",1,97.4534883720932,15461
"(0.7790697674418605, 0.9767441860465116)",1,97.45348837209312,15462
"(0.8604651162790697, 0.9883720930232558)",1,97.45348837209308,15463
"(0.8255813953488372, 0.9651162790697676)",1,97.45348837209308,15464
"(0.8953488372093024, 0.9883720930232558)",1,97.45348837209308,15465
"(0.8372093023255814, 0.9767441860465116)",1,97.45348837209308,15466
"(0.6162790697674418, 1.0)",1,97.45348837209306,15467
"(0.8837209302325582, 0.9767441860465116)",1,97.45348837209303,15468
"(0.8666666666666667, 0.9833333333333332)",3,97.45000000000006,15471
"(1.0, 0.9833333333333332)",4,97.45000000000006,15475
"(0.85, 1.0)",1,97.45000000000005,15476
"(0.9083333333333332, 0.9833333333333332)",1,97.45000000000005,15477
"(0.8, 1.0)",1,97.45000000000005,15478
"(0.7166666666666667, 1.0)",1,97.45000000000002,15479
"(0.7333333333333333, 0.9833333333333332)",1,97.45000000000002,15480
"(0.8333333333333334, 1.0)",1,97.45000000000002,15481
"(1.0, 1.0)",1,97.45000000000002,15482
"(0.9, 1.0)",1,97.45,15483
"(0.9333333333333332, 1.0)",1,97.45,15484
"(0.85, 1.0)",2,97.45,15486
"(0.8, 1.0)",3,97.45,15489
"(0.6833333333333333, 1.0)",1,97.45,15490
"(0.9833333333333332, 1.0)",1,97.45,15491
"(1.0, 1.0)",1,97.45,15492
"(0.925, 0.975)",1,97.44999999999996,15493
"(0.9125, 0.9875)",1,97.44999999999992,15494
"(0.95, 0.9916666666666668)",1,97.44999999999987,15495
"(0.9208333333333332, 0.9916666666666668)",1,97.44999999999987,15496
"(0.9625, 0.9958333333333332)",1,97.4458333333334,15497
"(0.875, 0.9833333333333332)",2,97.4458333333334,15499
"(0.925, 0.9833333333333332)",2,97.44583333333338,15501
"(0.9583333333333334, 0.9833333333333332)",1,97.44583333333335,15502
"(0.95, 0.9791666666666666)",1,97.44583333333335,15503
"(0.8625, 0.9875)",1,97.44583333333335,15504
"(0.975, 0.9875)",1,97.4458333333333,15505
"(0.925, 0.9958333333333332)",2,97.4458333333333,15507
"(0.9305555555555556, 0.9861111111111112)",1,97.44444444444466,15508
"(0.8333333333333334, 0.9861111111111112)",1,97.44444444444464,15509
"(0.9027777777777778, 0.9861111111111112)",3,97.44444444444464,15512
"(0.9166666666666666, 0.9861111111111112)",1,97.44444444444464,15513
"(0.9444444444444444, 0.9861111111111112)",1,97.44444444444464,15514
"(0.8611111111111112, 0.9861111111111112)",1,97.44444444444464,15515
"(0.7083333333333334, 0.9861111111111112)",1,97.44444444444464,15516
"(0.8888888888888888, 0.9861111111111112)",1,97.44444444444464,15517
"(0.9027777777777778, 0.9861111111111112)",1,97.44444444444464,15518
"(0.8888888888888888, 0.9722222222222222)",1,97.44444444444464,15519
"(0.7638888888888888, 0.9861111111111112)",1,97.4444444444446,15520
"(0.8333333333333334, 0.9861111111111112)",1,97.4444444444446,15521
"(0.7777777777777778, 1.0)",1,97.44444444444454,15522
"(0.9305555555555556, 1.0)",1,97.44444444444449,15523
"(0.9444444444444444, 1.0)",1,97.44444444444449,15524
"(0.9722222222222222, 1.0)",1,97.44444444444449,15525
"(0.6511627906976745, 0.9767441860465116)",1,97.44186046511643,15526
"(0.9186046511627908, 0.9767441860465116)",1,97.44186046511643,15527
"(0.8953488372093024, 0.9767441860465116)",1,97.4418604651164,15528
"(0.7209302325581395, 0.9883720930232558)",1,97.44186046511638,15529
"(0.9418604651162792, 0.9883720930232558)",1,97.44186046511636,15530
"(0.9418604651162792, 0.9767441860465116)",1,97.44186046511636,15531
"(0.8604651162790697, 0.9883720930232558)",1,97.44186046511636,15532
"(0.8255813953488372, 0.9767441860465116)",1,97.44186046511632,15533
"(0.8488372093023255, 0.9651162790697676)",1,97.4418604651163,15534
"(0.627906976744186, 1.0)",1,97.44186046511628,15535
"(0.9302325581395348, 0.9651162790697676)",4,97.44186046511628,15539
"(0.813953488372093, 0.9767441860465116)",1,97.44186046511626,15540
"(0.8604651162790697, 0.9767441860465116)",1,97.44186046511622,15541
"(0.925, 0.9708333333333332)",1,97.44166666666663,15542
"(0.9125, 0.9958333333333332)",1,97.44166666666652,15543
"(0.8958333333333334, 0.9916666666666668)",1,97.44166666666652,15544
"(0.9473684210526316, 0.9736842105263158)",1,97.43859649122808,15545
"(0.9583333333333334, 0.9791666666666666)",1,97.43750000000009,15546
"(0.9791666666666666, 0.9666666666666668)",1,97.4375,15547
"(0.9666666666666668, 0.9791666666666666)",1,97.43749999999996,15548
"(0.95, 0.9666666666666668)",1,97.43749999999996,15549
"(0.9375, 0.9875)",1,97.43749999999991,15550
"(0.9041666666666668, 0.9791666666666666)",1,97.43749999999991,15551
"(0.9208333333333332, 0.9875)",1,97.43749999999991,15552
"(0.8541666666666666, 0.9916666666666668)",1,97.43749999999986,15553
"(0.8625, 0.9875)",1,97.43749999999984,15554
"(0.8833333333333333, 1.0)",1,97.43333333333342,15555
"(0.9666666666666668, 0.9833333333333332)",1,97.43333333333342,15556
"(0.9, 1.0)",1,97.4333333333334,15557
"(0.9666666666666668, 0.9833333333333332)",1,97.4333333333334,15558
"(0.9, 0.9833333333333332)",1,97.43333333333338,15559
"(0.9, 1.0)",1,97.43333333333338,15560
"(0.9, 1.0)",1,97.43333333333337,15561
"(1.0, 1.0)",1,97.43333333333337,15562
"(0.9375, 0.9958333333333332)",2,97.43333333333337,15564
"(0.7333333333333333, 1.0)",1,97.43333333333334,15565
"(0.9333333333333332, 1.0)",1,97.43333333333334,15566
"(0.8666666666666667, 1.0)",1,97.43333333333334,15567
"(0.9166666666666666, 1.0)",1,97.43333333333334,15568
"(0.9, 0.9791666666666666)",1,97.43333333333332,15569
"(0.9583333333333334, 0.9916666666666668)",1,97.43333333333332,15570
"(0.875, 0.9791666666666666)",1,97.4333333333333,15571
"(0.9791666666666666, 0.9916666666666668)",1,97.4333333333333,15572
"(0.9166666666666666, 0.9875)",1,97.43333333333328,15573
"(0.8625, 0.9916666666666668)",1,97.43333333333328,15574
"(0.9458333333333332, 0.9916666666666668)",1,97.4333333333332,15575
"(0.925, 0.9875)",1,97.43333333333318,15576
"(0.8333333333333334, 0.9722222222222222)",1,97.43055555555576,15577
"(0.6944444444444444, 0.9861111111111112)",1,97.43055555555576,15578
"(0.9444444444444444, 0.9861111111111112)",4,97.43055555555576,15582
"(0.8194444444444444, 0.9861111111111112)",1,97.43055555555574,15583
"(0.7361111111111112, 0.9861111111111112)",1,97.43055555555574,15584
"(0.8611111111111112, 0.9861111111111112)",1,97.43055555555574,15585
"(0.7916666666666666, 0.9861111111111112)",1,97.43055555555574,15586
"(0.9166666666666666, 0.9861111111111112)",1,97.43055555555571,15587
"(0.8611111111111112, 0.9861111111111112)",1,97.43055555555571,15588
"(0.9444444444444444, 0.9861111111111112)",1,97.4305555555557,15589
"(0.9444444444444444, 0.9861111111111112)",1,97.43055555555564,15590
"(0.9027777777777778, 1.0)",1,97.4305555555556,15591
"(0.8611111111111112, 1.0)",1,97.4305555555556,15592
"(0.9722222222222222, 1.0)",2,97.43055555555556,15594
"(0.872093023255814, 0.9883720930232558)",1,97.4302325581397,15595
"(0.9302325581395348, 0.9767441860465116)",1,97.43023255813966,15596
"(0.9186046511627908, 1.0)",1,97.43023255813964,15597
"(0.9302325581395348, 0.9767441860465116)",1,97.43023255813964,15598
"(0.9418604651162792, 0.9883720930232558)",3,97.4302325581396,15601
"(0.9186046511627908, 0.9651162790697676)",1,97.4302325581396,15602
"(0.8837209302325582, 0.9767441860465116)",1,97.4302325581396,15603
"(0.7674418604651163, 0.9883720930232558)",1,97.43023255813958,15604
"(0.4534883720930232, 1.0)",1,97.43023255813954,15605
"(0.7790697674418605, 0.9767441860465116)",1,97.43023255813954,15606
"(0.8953488372093024, 0.9767441860465116)",1,97.4302325581395,15607
"(0.8604651162790697, 0.9651162790697676)",1,97.43023255813948,15608
"(0.9208333333333332, 0.9791666666666666)",1,97.42916666666676,15609
"(0.9125, 0.9791666666666666)",1,97.42916666666672,15610
"(0.9916666666666668, 0.9416666666666668)",1,97.4291666666667,15611
"(0.9333333333333332, 0.9791666666666666)",1,97.42916666666665,15612
"(0.9791666666666666, 0.975)",1,97.42916666666662,15613
"(0.9208333333333332, 0.9958333333333332)",1,97.4291666666666,15614
"(0.9208333333333332, 0.9958333333333332)",1,97.42916666666652,15615
"(0.8666666666666667, 0.9875)",2,97.42916666666652,15617
"(0.9535714285714286, 0.975)",1,97.42857142857136,15618
"(0.925, 0.9875)",1,97.42499999999995,15619
"(0.9125, 0.9958333333333332)",1,97.42499999999995,15620
"(0.9208333333333332, 0.9958333333333332)",1,97.42499999999994,15621
"(0.9, 0.9916666666666668)",1,97.4249999999999,15622
"(0.8705882352941177, 0.976470588235294)",1,97.42352941176452,15623
"(0.925, 0.9791666666666666)",1,97.4208333333334,15624
"(0.9791666666666666, 0.9708333333333332)",1,97.42083333333328,15625
"(0.9083333333333332, 0.975)",1,97.42083333333328,15626
"(0.9166666666666666, 0.9833333333333332)",2,97.42083333333328,15628
"(0.8837209302325582, 0.9767441860465116)",1,97.41860465116292,15629
"(0.8953488372093024, 0.9767441860465116)",1,97.41860465116292,15630
"(0.627906976744186, 1.0)",1,97.4186046511629,15631
"(0.8953488372093024, 0.9883720930232558)",2,97.41860465116288,15633
"(0.7790697674418605, 0.9883720930232558)",1,97.41860465116288,15634
"(0.8255813953488372, 0.9883720930232558)",4,97.41860465116288,15638
"(0.8604651162790697, 0.9883720930232558)",1,97.41860465116284,15639
"(0.7790697674418605, 0.9883720930232558)",1,97.41860465116284,15640
"(0.7441860465116279, 1.0)",1,97.41860465116284,15641
"(0.9651162790697676, 0.9767441860465116)",1,97.41860465116282,15642
"(0.9186046511627908, 0.9767441860465116)",1,97.4186046511628,15643
"(0.6162790697674418, 1.0)",2,97.4186046511628,15645
"(0.6395348837209303, 1.0)",1,97.4186046511628,15646
"(0.8055555555555556, 0.9861111111111112)",1,97.41666666666688,15647
"(0.6666666666666666, 0.9861111111111112)",1,97.41666666666688,15648
"(0.8611111111111112, 0.9861111111111112)",1,97.41666666666688,15649
"(0.6944444444444444, 0.9861111111111112)",1,97.41666666666686,15650
"(0.9722222222222222, 0.9861111111111112)",1,97.4166666666668,15651
"(0.9722222222222222, 0.9861111111111112)",2,97.4166666666668,15653
"(0.8472222222222222, 1.0)",1,97.4166666666668,15654
"(0.9305555555555556, 1.0)",1,97.41666666666676,15655
"(0.9444444444444444, 1.0)",2,97.41666666666674,15657
"(0.9666666666666668, 0.9833333333333332)",1,97.41666666666674,15658
"(0.9666666666666668, 0.9833333333333332)",2,97.41666666666671,15660
"(0.8666666666666667, 0.9833333333333332)",4,97.41666666666671,15664
"(0.9333333333333332, 1.0)",1,97.41666666666671,15665
"(1.0, 0.9833333333333332)",1,97.41666666666671,15666
"(0.9666666666666668, 1.0)",1,97.41666666666671,15667
"(0.9083333333333332, 0.9791666666666666)",1,97.41666666666671,15668
"(0.9027777777777778, 0.9861111111111112)",1,97.41666666666671,15669
"(0.9833333333333332, 1.0)",1,97.4166666666667,15670
"(1.0, 1.0)",2,97.41666666666669,15672
"(0.9833333333333332, 1.0)",1,97.41666666666669,15673
"(0.8, 1.0)",1,97.41666666666669,15674
"(0.7916666666666666, 1.0)",4,97.41666666666669,15678
"(0.8666666666666667, 1.0)",1,97.41666666666669,15679
"(0.8333333333333334, 1.0)",1,97.41666666666669,15680
"(0.9166666666666666, 1.0)",1,97.41666666666669,15681
"(0.9833333333333332, 1.0)",3,97.41666666666666,15684
"(0.9166666666666666, 1.0)",1,97.41666666666666,15685
"(0.9027777777777778, 1.0)",2,97.41666666666666,15687
"(0.6666666666666666, 1.0)",2,97.41666666666666,15689
"(0.85, 1.0)",1,97.41666666666666,15690
"(0.9375, 0.9833333333333332)",1,97.41666666666664,15691
"(0.925, 0.9875)",1,97.41666666666654,15692
"(0.9535714285714286, 0.9714285714285714)",1,97.41428571428564,15693
"(0.9583333333333334, 0.9833333333333332)",1,97.4125,15694
"(0.9458333333333332, 0.975)",1,97.41249999999997,15695
"(0.9125, 0.975)",1,97.41249999999997,15696
"(0.9791666666666666, 0.95)",1,97.41249999999994,15697
"(0.9083333333333332, 0.9916666666666668)",1,97.4124999999999,15698
"(0.9958333333333332, 0.9833333333333332)",1,97.41249999999988,15699
"(0.9678571428571427, 0.975)",1,97.41071428571423,15700
"(0.8666666666666667, 0.9833333333333332)",1,97.40833333333345,15701
"(0.9125, 0.9791666666666666)",1,97.40833333333345,15702
"(0.9125, 0.9833333333333332)",1,97.40833333333342,15703
"(0.9041666666666668, 0.9791666666666666)",1,97.4083333333334,15704
"(0.9625, 0.9916666666666668)",1,97.40833333333336,15705
"(0.9125, 0.9791666666666666)",2,97.40833333333332,15707
"(0.9583333333333334, 0.9833333333333332)",1,97.40833333333327,15708
"(0.9875, 0.9875)",1,97.40833333333327,15709
"(0.9302325581395348, 0.9767441860465116)",1,97.40697674418624,15710
"(0.9418604651162792, 0.9767441860465116)",1,97.40697674418624,15711
"(0.7906976744186046, 0.9767441860465116)",1,97.40697674418622,15712
"(0.8837209302325582, 0.9767441860465116)",1,97.40697674418615,15713
"(0.8953488372093024, 0.9883720930232558)",2,97.40697674418614,15715
"(0.8837209302325582, 0.9767441860465116)",2,97.40697674418614,15717
"(0.9418604651162792, 0.9883720930232558)",2,97.40697674418612,15719
"(0.8837209302325582, 0.9651162790697676)",1,97.40697674418612,15720
"(0.7674418604651163, 0.9883720930232558)",1,97.40697674418612,15721
"(0.872093023255814, 1.0)",1,97.40697674418608,15722
"(0.4651162790697674, 1.0)",1,97.40697674418608,15723
"(0.9186046511627908, 0.9651162790697676)",1,97.40697674418604,15724
"(0.9186046511627908, 0.9651162790697676)",1,97.40697674418604,15725
"(0.9083333333333332, 0.9791666666666666)",1,97.40416666666673,15726
"(0.9541666666666668, 0.975)",1,97.40416666666668,15727
"(0.95, 0.975)",2,97.40416666666664,15729
"(0.95, 0.9791666666666666)",1,97.4041666666666,15730
"(0.9791666666666666, 0.975)",1,97.40416666666658,15731
"(0.9208333333333332, 0.9875)",1,97.40416666666655,15732
"(0.9583333333333334, 0.9916666666666668)",1,97.40416666666646,15733
"(0.9714285714285714, 0.9714285714285714)",1,97.40357142857135,15734
"(0.8611111111111112, 0.9861111111111112)",1,97.40277777777798,15735
"(0.8055555555555556, 0.9861111111111112)",1,97.40277777777796,15736
"(0.875, 0.9861111111111112)",1,97.40277777777796,15737
"(0.7638888888888888, 0.9861111111111112)",1,97.40277777777796,15738
"(0.7916666666666666, 0.9861111111111112)",1,97.40277777777796,15739
"(0.9166666666666666, 0.9861111111111112)",2,97.40277777777796,15741
"(0.8194444444444444, 0.9861111111111112)",1,97.40277777777789,15742
"(0.9305555555555556, 1.0)",1,97.40277777777786,15743
"(0.9305555555555556, 0.9861111111111112)",2,97.4027777777778,15745
"(0.9027777777777778, 1.0)",1,97.4027777777778,15746
"(0.9305555555555556, 1.0)",1,97.4027777777778,15747
"(0.8333333333333334, 1.0)",4,97.4027777777778,15751
"(0.9444444444444444, 1.0)",1,97.4027777777778,15752
"(0.7361111111111112, 1.0)",1,97.40277777777776,15753
"(0.9, 0.9833333333333332)",2,97.40000000000008,15755
"(0.9666666666666668, 0.9833333333333332)",1,97.40000000000008,15756
"(0.6666666666666666, 1.0)",1,97.40000000000008,15757
"(0.8666666666666667, 0.9833333333333332)",1,97.40000000000008,15758
"(0.85, 1.0)",1,97.40000000000008,15759
"(0.95, 0.9833333333333332)",1,97.40000000000006,15760
"(0.8666666666666667, 0.9833333333333332)",2,97.40000000000006,15762
"(0.7666666666666667, 1.0)",1,97.40000000000006,15763
"(0.9, 0.9833333333333332)",1,97.40000000000006,15764
"(0.7333333333333333, 0.9833333333333332)",2,97.40000000000003,15766
"(0.9333333333333332, 1.0)",2,97.40000000000003,15768
"(0.9666666666666668, 1.0)",1,97.40000000000003,15769
"(0.9, 1.0)",1,97.40000000000003,15770
"(0.8333333333333334, 0.9833333333333332)",2,97.40000000000003,15772
"(0.8166666666666667, 1.0)",1,97.40000000000003,15773
"(0.7166666666666667, 1.0)",1,97.4,15774
"(0.9666666666666668, 1.0)",1,97.4,15775
"(0.8166666666666667, 1.0)",1,97.4,15776
"(0.9666666666666668, 1.0)",1,97.4,15777
"(0.9, 1.0)",1,97.4,15778
"(0.9333333333333332, 1.0)",1,97.4,15779
"(0.85, 1.0)",1,97.4,15780
"(0.9541666666666668, 0.9625)",1,97.4,15781
"(1.0, 1.0)",2,97.4,15783
"(0.925, 0.9708333333333332)",2,97.4,15785
"(0.8666666666666667, 1.0)",1,97.4,15786
"(0.9833333333333332, 1.0)",1,97.39999999999998,15787
"(0.9875, 0.9708333333333332)",1,97.39999999999998,15788
"(0.9208333333333332, 0.9875)",1,97.39999999999996,15789
"(0.9916666666666668, 0.9875)",1,97.3999999999999,15790
"(0.9291666666666668, 0.9916666666666668)",3,97.39999999999988,15793
"(0.9083333333333332, 0.975)",1,97.39583333333336,15794
"(0.9666666666666668, 0.975)",2,97.39583333333334,15796
"(0.7958333333333333, 0.9958333333333332)",1,97.39583333333331,15797
"(0.95, 0.9875)",1,97.39583333333324,15798
"(0.9791666666666666, 0.9916666666666668)",1,97.39583333333324,15799
"(0.9125, 0.9791666666666666)",2,97.3958333333332,15801
"(0.8604651162790697, 0.9767441860465116)",1,97.3953488372095,15802
"(0.8023255813953488, 0.9767441860465116)",1,97.39534883720944,15803
"(0.8837209302325582, 0.9883720930232558)",1,97.39534883720944,15804
"(0.9186046511627908, 0.9767441860465116)",1,97.39534883720944,15805
"(0.8837209302325582, 0.9883720930232558)",1,97.3953488372094,15806
"(0.8953488372093024, 0.9883720930232558)",2,97.3953488372094,15808
"(0.813953488372093, 0.9883720930232558)",1,97.39534883720938,15809
"(0.9302325581395348, 0.9883720930232558)",1,97.39534883720938,15810
"(0.7790697674418605, 0.9883720930232558)",2,97.39534883720938,15812
"(0.872093023255814, 1.0)",1,97.39534883720935,15813
"(0.9302325581395348, 0.9767441860465116)",2,97.3953488372092,15815
"(0.9458333333333332, 0.9791666666666666)",1,97.39166666666674,15816
"(0.9208333333333332, 0.9916666666666668)",1,97.39166666666672,15817
"(0.9458333333333332, 0.9833333333333332)",1,97.39166666666672,15818
"(0.9791666666666666, 0.9916666666666668)",1,97.39166666666668,15819
"(0.975, 0.9833333333333332)",1,97.39166666666668,15820
"(0.9166666666666666, 0.9875)",1,97.39166666666668,15821
"(0.9666666666666668, 0.9833333333333332)",2,97.39166666666668,15823
"(0.8625, 0.9916666666666668)",1,97.39166666666664,15824
"(0.9125, 0.9916666666666668)",1,97.39166666666657,15825
"(0.7916666666666666, 0.9861111111111112)",1,97.3888888888891,15826
"(0.8194444444444444, 0.9861111111111112)",1,97.3888888888891,15827
"(0.9027777777777778, 0.9861111111111112)",2,97.3888888888891,15829
"(0.8888888888888888, 0.9861111111111112)",2,97.3888888888891,15831
"(0.9027777777777778, 0.9861111111111112)",1,97.38888888888908,15832
"(0.9027777777777778, 0.9722222222222222)",1,97.38888888888908,15833
"(0.7638888888888888, 0.9722222222222222)",1,97.38888888888908,15834
"(0.8611111111111112, 0.9861111111111112)",2,97.38888888888908,15836
"(0.9305555555555556, 0.9861111111111112)",1,97.38888888888908,15837
"(0.7916666666666666, 0.9861111111111112)",1,97.38888888888908,15838
"(0.9027777777777778, 0.9861111111111112)",1,97.38888888888904,15839
"(0.8888888888888888, 1.0)",1,97.38888888888896,15840
"(0.75, 1.0)",1,97.38888888888891,15841
"(0.8611111111111112, 0.9861111111111112)",2,97.38888888888891,15843
"(0.7083333333333334, 1.0)",1,97.38888888888891,15844
"(0.9305555555555556, 1.0)",2,97.38888888888889,15846
"(0.9041666666666668, 0.9833333333333332)",1,97.38750000000006,15847
"(0.9583333333333334, 0.9833333333333332)",1,97.38749999999996,15848
"(0.9291666666666668, 0.9875)",1,97.38749999999992,15849
"(0.9333333333333332, 0.9916666666666668)",1,97.38749999999992,15850
"(0.9958333333333332, 0.9916666666666668)",1,97.38749999999992,15851
"(0.9083333333333332, 0.9916666666666668)",2,97.38749999999985,15853
"(0.9302325581395348, 0.9767441860465116)",1,97.3837209302327,15854
"(0.8837209302325582, 0.9883720930232558)",1,97.38372093023268,15855
"(0.7674418604651163, 0.9883720930232558)",1,97.38372093023266,15856
"(0.8953488372093024, 0.9883720930232558)",2,97.38372093023264,15858
"(0.9302325581395348, 0.9767441860465116)",1,97.38372093023264,15859
"(0.627906976744186, 0.9883720930232558)",1,97.38372093023264,15860
"(0.7790697674418605, 0.9883720930232558)",1,97.38372093023264,15861
"(0.8837209302325582, 0.9883720930232558)",1,97.3837209302326,15862
"(0.8488372093023255, 0.9767441860465116)",1,97.3837209302326,15863
"(0.8488372093023255, 1.0)",1,97.38372093023258,15864
"(0.9651162790697676, 0.9767441860465116)",2,97.38372093023249,15866
"(0.9, 1.0)",1,97.38333333333344,15867
"(0.825, 0.9791666666666666)",1,97.38333333333344,15868
"(0.9458333333333332, 0.9833333333333332)",1,97.3833333333334,15869
"(0.8666666666666667, 0.9833333333333332)",1,97.3833333333334,15870
"(0.8666666666666667, 1.0)",1,97.3833333333334,15871
"(0.9666666666666668, 0.9833333333333332)",2,97.3833333333334,15873
"(0.8916666666666667, 0.9791666666666666)",1,97.3833333333334,15874
"(0.7666666666666667, 0.9833333333333332)",1,97.3833333333334,15875
"(0.8166666666666667, 1.0)",2,97.38333333333338,15877
"(0.9, 1.0)",1,97.38333333333338,15878
"(1.0, 0.9833333333333332)",1,97.38333333333338,15879
"(0.7333333333333333, 1.0)",1,97.38333333333335,15880
"(0.8333333333333334, 0.9833333333333332)",1,97.38333333333335,15881
"(0.7166666666666667, 1.0)",1,97.38333333333335,15882
"(0.9833333333333332, 1.0)",1,97.38333333333335,15883
"(0.7333333333333333, 1.0)",1,97.38333333333334,15884
"(0.9125, 0.975)",1,97.38333333333334,15885
"(0.9833333333333332, 1.0)",1,97.38333333333334,15886
"(0.8833333333333333, 1.0)",1,97.38333333333334,15887
"(0.9125, 0.9833333333333332)",1,97.38333333333333,15888
"(0.8666666666666667, 1.0)",1,97.38333333333333,15889
"(0.9375, 0.9833333333333332)",1,97.38333333333333,15890
"(0.7166666666666667, 1.0)",1,97.38333333333333,15891
"(0.9166666666666666, 0.9791666666666666)",1,97.38333333333333,15892
"(0.7333333333333333, 1.0)",1,97.38333333333333,15893
"(0.8333333333333334, 1.0)",2,97.38333333333333,15895
"(1.0, 1.0)",1,97.38333333333333,15896
"(0.9625, 0.9916666666666668)",1,97.3833333333333,15897
"(0.9, 0.9958333333333332)",1,97.38333333333324,15898
"(0.9208333333333332, 0.9875)",1,97.3833333333332,15899
"(0.8958333333333334, 0.9916666666666668)",1,97.38333333333316,15900
"(0.9458333333333332, 0.9875)",2,97.38333333333313,15902
"(0.8833333333333333, 0.9833333333333332)",1,97.3791666666667,15903
"(0.9916666666666668, 0.9458333333333332)",1,97.37916666666666,15904
"(0.9333333333333332, 0.9875)",2,97.37916666666662,15906
"(0.9166666666666666, 0.975)",2,97.37916666666652,15908
"(0.9291666666666668, 0.9916666666666668)",1,97.37916666666652,15909
"(0.9625, 0.9916666666666668)",1,97.37916666666644,15910
"(0.9535714285714286, 0.9714285714285714)",2,97.3785714285714,15912
"(0.9166666666666666, 0.9861111111111112)",1,97.37500000000024,15913
"(0.7361111111111112, 0.9861111111111112)",1,97.3750000000002,15914
"(0.9722222222222222, 0.9861111111111112)",1,97.3750000000002,15915
"(0.7638888888888888, 0.9722222222222222)",1,97.3750000000002,15916
"(0.5416666666666666, 0.9861111111111112)",1,97.3750000000002,15917
"(0.75, 0.9861111111111112)",1,97.3750000000002,15918
"(0.8611111111111112, 0.9861111111111112)",1,97.3750000000002,15919
"(0.8194444444444444, 0.9861111111111112)",1,97.3750000000002,15920
"(0.7916666666666666, 0.9861111111111112)",2,97.37500000000018,15922
"(0.8888888888888888, 0.9722222222222222)",1,97.37500000000016,15923
"(0.9166666666666666, 0.9861111111111112)",1,97.37500000000016,15924
"(0.7916666666666666, 0.9861111111111112)",1,97.37500000000016,15925
"(0.6944444444444444, 0.9861111111111112)",1,97.37500000000014,15926
"(0.9166666666666666, 1.0)",1,97.37500000000011,15927
"(0.9305555555555556, 1.0)",1,97.37500000000011,15928
"(0.9, 0.9791666666666666)",1,97.37500000000009,15929
"(0.8333333333333334, 1.0)",2,97.37500000000006,15931
"(0.9444444444444444, 1.0)",1,97.37500000000006,15932
"(0.8194444444444444, 1.0)",1,97.37500000000004,15933
"(0.7777777777777778, 0.9861111111111112)",1,97.37500000000004,15934
"(0.9444444444444444, 0.9861111111111112)",1,97.37500000000004,15935
"(0.7361111111111112, 1.0)",1,97.375,15936
"(0.7916666666666666, 1.0)",1,97.375,15937
"(0.7083333333333334, 1.0)",1,97.375,15938
"(0.8958333333333334, 0.975)",1,97.37499999999991,15939
"(0.9833333333333332, 0.9833333333333332)",1,97.37499999999989,15940
"(0.9166666666666666, 0.9916666666666668)",2,97.37499999999984,15942
"(0.7790697674418605, 0.9767441860465116)",1,97.372093023256,15943
"(0.8837209302325582, 0.9767441860465116)",1,97.37209302325591,15944
"(0.8837209302325582, 0.9767441860465116)",2,97.3720930232559,15946
"(0.9302325581395348, 0.9767441860465116)",1,97.3720930232559,15947
"(0.8023255813953488, 0.9767441860465116)",1,97.37209302325589,15948
"(0.8837209302325582, 0.9767441860465116)",1,97.37209302325586,15949
"(0.7906976744186046, 0.9767441860465116)",1,97.3720930232558,15950
"(0.9651162790697676, 0.9767441860465116)",1,97.37209302325574,15951
"(0.9333333333333332, 0.9875)",2,97.37083333333332,15953
"(0.9083333333333332, 0.975)",1,97.3708333333333,15954
"(0.9875, 0.9875)",1,97.3708333333333,15955
"(0.8666666666666667, 0.9666666666666668)",1,97.37083333333328,15956
"(0.9125, 0.9791666666666666)",1,97.36666666666676,15957
"(0.9125, 0.9833333333333332)",1,97.36666666666676,15958
"(0.9833333333333332, 0.9833333333333332)",1,97.36666666666676,15959
"(0.8666666666666667, 0.9833333333333332)",1,97.36666666666672,15960
"(0.9333333333333332, 0.9833333333333332)",1,97.36666666666672,15961
"(0.8833333333333333, 1.0)",1,97.36666666666672,15962
"(0.7333333333333333, 1.0)",1,97.36666666666672,15963
"(0.9166666666666666, 1.0)",1,97.36666666666672,15964
"(0.9166666666666666, 0.9833333333333332)",2,97.36666666666672,15966
"(0.8833333333333333, 1.0)",1,97.3666666666667,15967
"(0.9166666666666666, 1.0)",1,97.3666666666667,15968
"(0.8666666666666667, 1.0)",1,97.3666666666667,15969
"(0.9333333333333332, 1.0)",1,97.3666666666667,15970
"(0.9166666666666666, 1.0)",1,97.36666666666667,15971
"(0.8, 1.0)",1,97.36666666666667,15972
"(0.8333333333333334, 1.0)",1,97.36666666666667,15973
"(0.85, 1.0)",1,97.36666666666667,15974
"(0.9833333333333332, 1.0)",2,97.36666666666667,15976
"(0.8833333333333333, 1.0)",2,97.36666666666667,15978
"(1.0, 1.0)",1,97.36666666666667,15979
"(0.8666666666666667, 1.0)",2,97.36666666666667,15981
"(0.8333333333333334, 1.0)",1,97.36666666666667,15982
"(0.8833333333333333, 1.0)",2,97.36666666666666,15984
"(0.8875, 0.9875)",1,97.36666666666662,15985
"(0.95, 0.9875)",1,97.36666666666656,15986
"(0.9125, 0.9833333333333332)",1,97.36666666666656,15987
"(0.9, 0.9916666666666668)",1,97.36666666666656,15988
"(0.9, 0.9791666666666666)",1,97.36250000000004,15989
"(0.9958333333333332, 0.9833333333333332)",1,97.3625,15990
"(0.9541666666666668, 0.975)",1,97.36249999999995,15991
"(0.9375, 0.9875)",1,97.3624999999999,15992
"(0.8611111111111112, 0.9861111111111112)",1,97.36111111111131,15993
"(0.8888888888888888, 0.9861111111111112)",1,97.36111111111131,15994
"(0.8888888888888888, 0.9861111111111112)",1,97.36111111111131,15995
"(0.9305555555555556, 0.9861111111111112)",1,97.36111111111131,15996
"(0.8194444444444444, 0.9861111111111112)",1,97.3611111111113,15997
"(0.8611111111111112, 0.9861111111111112)",1,97.36111111111128,15998
"(0.9444444444444444, 0.9861111111111112)",1,97.36111111111128,15999
"(0.8194444444444444, 1.0)",1,97.36111111111126,16000
"(0.9305555555555556, 0.9861111111111112)",1,97.36111111111124,16001
"(0.9305555555555556, 1.0)",1,97.3611111111112,16002
"(0.875, 1.0)",1,97.3611111111112,16003
"(0.75, 0.9861111111111112)",1,97.3611111111112,16004
"(0.9305555555555556, 1.0)",1,97.36111111111116,16005
"(0.7083333333333334, 1.0)",1,97.36111111111114,16006
"(0.8194444444444444, 1.0)",2,97.36111111111111,16008
"(0.8333333333333334, 1.0)",1,97.36111111111111,16009
"(0.8964285714285715, 0.975)",1,97.36071428571424,16010
"(0.9302325581395348, 0.9883720930232558)",1,97.36046511627922,16011
"(0.8488372093023255, 0.9651162790697676)",1,97.3604651162792,16012
"(0.8488372093023255, 0.9883720930232558)",1,97.36046511627916,16013
"(0.8023255813953488, 0.9883720930232558)",1,97.36046511627914,16014
"(0.8255813953488372, 0.9767441860465116)",1,97.36046511627912,16015
"(0.3372093023255814, 0.9883720930232558)",1,97.3604651162791,16016
"(0.872093023255814, 1.0)",1,97.36046511627907,16017
"(0.8255813953488372, 0.9767441860465116)",1,97.36046511627907,16018
"(0.7906976744186046, 0.9651162790697676)",1,97.36046511627904,16019
"(0.8953488372093024, 0.9651162790697676)",1,97.36046511627904,16020
"(0.8953488372093024, 0.9651162790697676)",1,97.360465116279,16021
"(0.95, 0.9791666666666666)",1,97.35833333333342,16022
"(0.9833333333333332, 0.9958333333333332)",1,97.35833333333336,16023
"(0.9125, 0.975)",1,97.35833333333332,16024
"(0.9, 0.9833333333333332)",1,97.3583333333332,16025
"(0.9416666666666668, 0.9916666666666668)",1,97.35833333333312,16026
"(0.95, 0.9833333333333332)",2,97.35416666666669,16028
"(0.9625, 0.9625)",1,97.35416666666666,16029
"(0.8666666666666667, 0.975)",1,97.35416666666664,16030
"(0.925, 0.9833333333333332)",1,97.35416666666664,16031
"(0.9208333333333332, 0.9958333333333332)",1,97.3541666666666,16032
"(0.9166666666666666, 0.9833333333333332)",2,97.3500000000001,16034
"(1.0, 0.9833333333333332)",1,97.35000000000008,16035
"(0.95, 0.9833333333333332)",1,97.35000000000008,16036
"(0.8166666666666667, 0.9833333333333332)",1,97.35000000000008,16037
"(0.9166666666666666, 1.0)",2,97.35000000000008,16039
"(0.9166666666666666, 0.9833333333333332)",1,97.35000000000008,16040
"(0.9333333333333332, 1.0)",2,97.35000000000004,16042
"(0.9, 1.0)",1,97.35000000000004,16043
"(0.7333333333333333, 1.0)",1,97.35000000000004,16044
"(0.8333333333333334, 1.0)",1,97.35000000000002,16045
"(0.9333333333333332, 1.0)",2,97.35000000000002,16047
"(0.9166666666666666, 0.9833333333333332)",1,97.35000000000002,16048
"(0.9541666666666668, 0.9916666666666668)",1,97.35,16049
"(0.8666666666666667, 1.0)",1,97.35,16050
"(0.7, 1.0)",1,97.35,16051
"(0.9, 1.0)",1,97.35,16052
"(0.8333333333333334, 1.0)",2,97.35,16054
"(0.8, 1.0)",1,97.35,16055
"(0.9166666666666666, 1.0)",3,97.35,16058
"(0.9833333333333332, 1.0)",1,97.35,16059
"(0.9833333333333332, 1.0)",1,97.35,16060
"(0.8833333333333333, 1.0)",1,97.35,16061
"(0.9208333333333332, 0.975)",1,97.34999999999997,16062
"(0.9375, 0.975)",1,97.34999999999997,16063
"(0.95, 0.9916666666666668)",1,97.34999999999984,16064
"(0.8953488372093024, 0.9767441860465116)",1,97.34883720930252,16065
"(0.7674418604651163, 0.9883720930232558)",2,97.34883720930245,16067
"(0.8255813953488372, 0.9767441860465116)",1,97.34883720930245,16068
"(0.8837209302325582, 0.9767441860465116)",1,97.34883720930242,16069
"(0.8488372093023255, 0.9767441860465116)",1,97.3488372093024,16070
"(0.8953488372093024, 0.9651162790697676)",1,97.34883720930227,16071
"(0.813953488372093, 0.9651162790697676)",1,97.34883720930225,16072
"(0.875, 0.9861111111111112)",1,97.34722222222244,16073
"(0.9444444444444444, 0.9722222222222222)",1,97.34722222222244,16074
"(0.7361111111111112, 0.9861111111111112)",1,97.34722222222244,16075
"(0.7638888888888888, 0.9861111111111112)",2,97.34722222222244,16077
"(0.9166666666666666, 0.9861111111111112)",1,97.34722222222244,16078
"(0.875, 0.9861111111111112)",2,97.3472222222224,16080
"(0.7638888888888888, 0.9861111111111112)",1,97.3472222222224,16081
"(0.8333333333333334, 0.9861111111111112)",1,97.3472222222224,16082
"(0.9305555555555556, 0.9861111111111112)",2,97.3472222222224,16084
"(0.8611111111111112, 0.9861111111111112)",1,97.3472222222224,16085
"(0.8194444444444444, 0.9861111111111112)",1,97.3472222222224,16086
"(0.9027777777777778, 1.0)",1,97.34722222222236,16087
"(0.8333333333333334, 0.9722222222222222)",4,97.34722222222236,16091
"(0.9027777777777778, 0.9861111111111112)",1,97.34722222222234,16092
"(0.875, 0.9722222222222222)",1,97.3472222222223,16093
"(0.8194444444444444, 1.0)",1,97.3472222222223,16094
"(0.8055555555555556, 1.0)",1,97.34722222222229,16095
"(0.9305555555555556, 1.0)",1,97.34722222222229,16096
"(0.9166666666666666, 0.9861111111111112)",2,97.34722222222229,16098
"(0.8055555555555556, 1.0)",1,97.34722222222226,16099
"(0.8611111111111112, 1.0)",1,97.34722222222226,16100
"(0.8888888888888888, 1.0)",1,97.34722222222224,16101
"(0.8194444444444444, 1.0)",2,97.34722222222224,16103
"(0.925, 0.9791666666666666)",1,97.34583333333336,16104
"(0.9541666666666668, 0.9666666666666668)",1,97.34583333333325,16105
"(0.9708333333333332, 0.9958333333333332)",1,97.34583333333318,16106
"(0.9375, 0.9916666666666668)",1,97.34583333333312,16107
"(0.9583333333333334, 0.9833333333333332)",1,97.34166666666675,16108
"(0.8666666666666667, 0.975)",2,97.34166666666668,16110
"(0.9, 0.9833333333333332)",1,97.34166666666664,16111
"(0.9666666666666668, 0.975)",1,97.34166666666664,16112
"(0.9208333333333332, 0.9875)",1,97.34166666666664,16113
"(0.9041666666666668, 0.9916666666666668)",2,97.3416666666666,16115
"(0.9791666666666666, 0.9916666666666668)",1,97.34166666666648,16116
"(0.8958333333333334, 0.9791666666666666)",1,97.33750000000003,16117
"(0.9375, 0.9791666666666666)",1,97.33750000000002,16118
"(0.9666666666666668, 0.9875)",1,97.33749999999998,16119
"(0.9583333333333334, 0.9791666666666666)",1,97.33749999999992,16120
"(0.9, 0.9875)",1,97.33749999999992,16121
"(0.95, 0.9833333333333332)",1,97.33749999999988,16122
"(0.8604651162790697, 0.9767441860465116)",1,97.33720930232576,16123
"(0.8023255813953488, 0.9767441860465116)",1,97.33720930232576,16124
"(0.7209302325581395, 0.9767441860465116)",1,97.33720930232576,16125
"(0.8604651162790697, 0.9767441860465116)",1,97.33720930232568,16126
"(0.7790697674418605, 0.9883720930232558)",1,97.33720930232568,16127
"(0.8255813953488372, 0.9883720930232558)",1,97.33720930232568,16128
"(0.8023255813953488, 0.9767441860465116)",1,97.33720930232566,16129
"(0.9418604651162792, 0.9767441860465116)",1,97.33720930232566,16130
"(0.8488372093023255, 0.9883720930232558)",2,97.33720930232565,16132
"(0.9186046511627908, 0.9651162790697676)",1,97.33720930232565,16133
"(0.8953488372093024, 0.9767441860465116)",1,97.33720930232565,16134
"(0.9186046511627908, 0.9651162790697676)",1,97.33720930232565,16135
"(0.8953488372093024, 0.9651162790697676)",2,97.33720930232556,16137
"(0.7790697674418605, 0.9651162790697676)",1,97.33720930232552,16138
"(0.9302325581395348, 0.9651162790697676)",1,97.33720930232552,16139
"(0.9302325581395348, 0.9767441860465116)",1,97.3372093023255,16140
"(0.5416666666666666, 0.9861111111111112)",4,97.33333333333354,16144
"(0.7638888888888888, 0.9861111111111112)",1,97.33333333333351,16145
"(0.8472222222222222, 0.9722222222222222)",1,97.33333333333351,16146
"(0.8333333333333334, 0.9861111111111112)",1,97.33333333333351,16147
"(0.9166666666666666, 0.9861111111111112)",1,97.33333333333351,16148
"(0.8472222222222222, 0.9861111111111112)",1,97.33333333333351,16149
"(0.9166666666666666, 0.9861111111111112)",1,97.33333333333351,16150
"(0.9027777777777778, 0.9722222222222222)",1,97.33333333333351,16151
"(0.9444444444444444, 0.9861111111111112)",1,97.3333333333335,16152
"(0.9166666666666666, 0.9861111111111112)",1,97.33333333333348,16153
"(0.8611111111111112, 0.9861111111111112)",1,97.33333333333348,16154
"(0.8333333333333334, 1.0)",1,97.33333333333344,16155
"(0.9722222222222222, 0.9861111111111112)",1,97.33333333333344,16156
"(0.95, 0.9833333333333332)",2,97.3333333333334,16158
"(0.9444444444444444, 1.0)",1,97.3333333333334,16159
"(0.8333333333333334, 1.0)",1,97.3333333333334,16160
"(0.875, 1.0)",1,97.3333333333334,16161
"(0.7638888888888888, 1.0)",1,97.3333333333334,16162
"(0.9166666666666666, 0.9833333333333332)",2,97.3333333333334,16164
"(0.9833333333333332, 0.9833333333333332)",1,97.3333333333334,16165
"(0.9333333333333332, 0.9833333333333332)",1,97.3333333333334,16166
"(0.95, 0.9833333333333332)",1,97.3333333333334,16167
"(0.9166666666666666, 0.9833333333333332)",2,97.33333333333336,16169
"(0.7361111111111112, 1.0)",2,97.33333333333336,16171
"(0.9541666666666668, 0.9833333333333332)",1,97.33333333333336,16172
"(0.9, 1.0)",1,97.33333333333336,16173
"(0.8333333333333334, 1.0)",1,97.33333333333336,16174
"(0.8833333333333333, 0.9833333333333332)",1,97.33333333333336,16175
"(0.7777777777777778, 1.0)",1,97.33333333333336,16176
"(0.8125, 0.9791666666666666)",2,97.33333333333334,16178
"(0.8166666666666667, 1.0)",1,97.33333333333334,16179
"(0.7166666666666667, 1.0)",1,97.33333333333334,16180
"(0.8833333333333333, 1.0)",2,97.33333333333334,16182
"(0.8, 1.0)",1,97.33333333333334,16183
"(0.8333333333333334, 1.0)",2,97.33333333333334,16185
"(0.925, 0.9583333333333334)",1,97.33333333333331,16186
"(0.95, 1.0)",1,97.33333333333331,16187
"(0.7666666666666667, 1.0)",1,97.33333333333331,16188
"(0.9833333333333332, 1.0)",1,97.33333333333331,16189
"(0.9833333333333332, 1.0)",2,97.33333333333331,16191
"(0.85, 1.0)",1,97.33333333333331,16192
"(0.8166666666666667, 1.0)",1,97.33333333333331,16193
"(0.9, 1.0)",1,97.33333333333331,16194
"(0.75, 1.0)",1,97.33333333333331,16195
"(0.9333333333333332, 1.0)",1,97.33333333333331,16196
"(1.0, 1.0)",1,97.33333333333331,16197
"(0.9166666666666666, 1.0)",2,97.33333333333331,16199
"(0.9541666666666668, 0.9833333333333332)",2,97.3333333333333,16201
"(0.9791666666666666, 0.9791666666666666)",1,97.3333333333333,16202
"(0.9291666666666668, 0.9958333333333332)",1,97.33333333333329,16203
"(0.9958333333333332, 0.975)",1,97.3333333333332,16204
"(0.9291666666666668, 0.9541666666666668)",1,97.32916666666664,16205
"(0.9083333333333332, 0.975)",1,97.32916666666664,16206
"(0.9, 0.9833333333333332)",1,97.3291666666666,16207
"(0.9, 0.9916666666666668)",1,97.3291666666666,16208
"(0.925, 0.9916666666666668)",1,97.32916666666657,16209
"(0.9, 0.9833333333333332)",1,97.32916666666654,16210
"(0.8875, 0.9916666666666668)",1,97.32916666666652,16211
"(0.8953488372093024, 0.9767441860465116)",1,97.32558139534902,16212
"(0.9186046511627908, 0.9767441860465116)",1,97.325581395349,16213
"(0.8488372093023255, 0.9883720930232558)",1,97.32558139534896,16214
"(0.4651162790697674, 1.0)",1,97.3255813953489,16215
"(0.9302325581395348, 0.9651162790697676)",1,97.3255813953489,16216
"(0.8604651162790697, 0.9883720930232558)",1,97.32558139534888,16217
"(0.9302325581395348, 0.9767441860465116)",2,97.32558139534888,16219
"(0.9186046511627908, 0.9767441860465116)",1,97.32558139534886,16220
"(0.9651162790697676, 0.9767441860465116)",1,97.32558139534886,16221
"(0.627906976744186, 1.0)",2,97.32558139534886,16223
"(0.8488372093023255, 0.9767441860465116)",2,97.3255813953488,16225
"(0.8833333333333333, 0.9875)",2,97.325,16227
"(0.9708333333333332, 0.9791666666666666)",2,97.32499999999996,16229
"(0.9125, 0.9875)",1,97.3249999999999,16230
"(0.9291666666666668, 0.9916666666666668)",1,97.32499999999987,16231
"(0.9583333333333334, 0.9958333333333332)",1,97.32499999999987,16232
"(0.9428571428571428, 0.9785714285714284)",1,97.3214285714285,16233
"(0.9125, 0.9791666666666666)",1,97.3208333333334,16234
"(0.9875, 0.9791666666666666)",1,97.32083333333338,16235
"(0.9208333333333332, 0.9958333333333332)",2,97.32083333333333,16237
"(0.9125, 0.975)",1,97.3208333333333,16238
"(0.9458333333333332, 0.9666666666666668)",2,97.32083333333324,16240
"(0.9291666666666668, 0.9875)",1,97.3208333333332,16241
"(0.9166666666666666, 0.9722222222222222)",4,97.31944444444466,16245
"(0.7916666666666666, 0.9722222222222222)",1,97.31944444444466,16246
"(0.7638888888888888, 0.9722222222222222)",1,97.31944444444464,16247
"(0.7361111111111112, 0.9861111111111112)",2,97.31944444444464,16249
"(0.7638888888888888, 0.9861111111111112)",3,97.31944444444464,16252
"(0.9027777777777778, 0.9722222222222222)",1,97.31944444444464,16253
"(0.9444444444444444, 0.9861111111111112)",2,97.31944444444464,16255
"(0.9444444444444444, 0.9861111111111112)",1,97.31944444444464,16256
"(0.8055555555555556, 0.9861111111111112)",1,97.3194444444446,16257
"(0.9722222222222222, 0.9861111111111112)",1,97.31944444444456,16258
"(0.875, 0.9722222222222222)",1,97.31944444444451,16259
"(0.9166666666666666, 1.0)",1,97.3194444444445,16260
"(0.8611111111111112, 1.0)",1,97.31944444444449,16261
"(0.8333333333333334, 1.0)",1,97.31944444444449,16262
"(0.8055555555555556, 1.0)",1,97.31944444444446,16263
"(0.8333333333333334, 0.9861111111111112)",1,97.31944444444446,16264
"(0.75, 1.0)",3,97.31944444444446,16267
"(0.875, 0.9861111111111112)",1,97.31944444444446,16268
"(0.925, 0.9785714285714284)",1,97.31785714285706,16269
"(0.9333333333333332, 1.0)",1,97.31666666666676,16270
"(0.9333333333333332, 0.9833333333333332)",2,97.31666666666676,16272
"(0.7166666666666667, 1.0)",1,97.31666666666672,16273
"(0.9666666666666668, 0.9833333333333332)",1,97.31666666666672,16274
"(0.9333333333333332, 0.9833333333333332)",2,97.31666666666672,16276
"(0.9, 0.9833333333333332)",2,97.31666666666672,16278
"(0.95, 0.9833333333333332)",1,97.31666666666672,16279
"(0.9875, 0.9291666666666668)",1,97.3166666666667,16280
"(0.85, 1.0)",1,97.3166666666667,16281
"(0.9, 1.0)",1,97.3166666666667,16282
"(0.9166666666666666, 1.0)",1,97.31666666666668,16283
"(0.8666666666666667, 1.0)",1,97.31666666666668,16284
"(0.8166666666666667, 1.0)",2,97.31666666666668,16286
"(0.8333333333333334, 1.0)",1,97.31666666666668,16287
"(0.8833333333333333, 1.0)",1,97.31666666666668,16288
"(0.7333333333333333, 1.0)",1,97.31666666666666,16289
"(0.9333333333333332, 1.0)",1,97.31666666666666,16290
"(0.8666666666666667, 1.0)",2,97.31666666666666,16292
"(0.9833333333333332, 1.0)",1,97.31666666666666,16293
"(0.8625, 0.9833333333333332)",1,97.31666666666666,16294
"(0.9666666666666668, 1.0)",2,97.31666666666666,16296
"(1.0, 1.0)",1,97.31666666666666,16297
"(0.85, 1.0)",1,97.31666666666666,16298
"(0.9458333333333332, 0.9875)",1,97.3166666666666,16299
"(0.9, 0.9916666666666668)",1,97.31666666666658,16300
"(0.9583333333333334, 0.9916666666666668)",1,97.31666666666656,16301
"(0.9714285714285714, 0.9785714285714284)",1,97.31428571428566,16302
"(0.9186046511627908, 1.0)",1,97.31395348837222,16303
"(0.8837209302325582, 0.9883720930232558)",1,97.31395348837218,16304
"(0.8023255813953488, 0.9883720930232558)",2,97.31395348837216,16306
"(0.9418604651162792, 0.9883720930232558)",2,97.31395348837216,16308
"(0.9186046511627908, 1.0)",1,97.31395348837214,16309
"(0.8837209302325582, 0.9651162790697676)",1,97.31395348837212,16310
"(0.7790697674418605, 0.9767441860465116)",1,97.3139534883721,16311
"(0.4534883720930232, 1.0)",1,97.3139534883721,16312
"(0.8837209302325582, 0.9651162790697676)",1,97.31395348837208,16313
"(0.9302325581395348, 0.9767441860465116)",2,97.31395348837208,16315
"(0.9534883720930232, 0.9651162790697676)",1,97.31395348837208,16316
"(0.9208333333333332, 0.9833333333333332)",1,97.31250000000006,16317
"(0.95, 0.9833333333333332)",1,97.31250000000004,16318
"(0.8458333333333333, 1.0)",1,97.3125,16319
"(0.8916666666666667, 0.9958333333333332)",1,97.31249999999996,16320
"(0.9714285714285714, 0.9785714285714284)",1,97.31071428571424,16321
"(0.9708333333333332, 0.9875)",1,97.30833333333328,16322
"(0.9458333333333332, 0.975)",1,97.30833333333328,16323
"(0.9125, 0.9791666666666666)",1,97.30833333333324,16324
"(0.9291666666666668, 0.9875)",1,97.30833333333322,16325
"(0.7916666666666666, 0.9861111111111112)",1,97.30555555555576,16326
"(0.8333333333333334, 0.9861111111111112)",1,97.30555555555574,16327
"(0.8194444444444444, 0.9861111111111112)",1,97.30555555555574,16328
"(0.8055555555555556, 0.9861111111111112)",1,97.30555555555574,16329
"(0.9305555555555556, 0.9861111111111112)",2,97.30555555555574,16331
"(0.7361111111111112, 0.9861111111111112)",1,97.30555555555574,16332
"(0.8194444444444444, 0.9722222222222222)",1,97.30555555555571,16333
"(0.8472222222222222, 0.9861111111111112)",1,97.30555555555571,16334
"(0.875, 0.9861111111111112)",1,97.3055555555557,16335
"(0.8888888888888888, 1.0)",1,97.30555555555566,16336
"(0.9166666666666666, 0.9861111111111112)",1,97.30555555555564,16337
"(0.8055555555555556, 1.0)",1,97.3055555555556,16338
"(0.7361111111111112, 1.0)",1,97.3055555555556,16339
"(0.9166666666666666, 1.0)",1,97.3055555555556,16340
"(0.8333333333333334, 1.0)",1,97.3055555555556,16341
"(0.8611111111111112, 1.0)",1,97.3055555555556,16342
"(0.7638888888888888, 1.0)",1,97.3055555555556,16343
"(0.9027777777777778, 1.0)",1,97.30555555555554,16344
"(0.8916666666666667, 0.9833333333333332)",1,97.30416666666672,16345
"(0.9291666666666668, 0.9833333333333332)",2,97.30416666666667,16347
"(0.9041666666666668, 1.0)",1,97.3041666666666,16348
"(0.8916666666666667, 0.9875)",1,97.30416666666656,16349
"(0.9186046511627908, 0.9767441860465116)",1,97.30232558139552,16350
"(0.8953488372093024, 0.9767441860465116)",1,97.30232558139548,16351
"(0.7790697674418605, 0.9883720930232558)",1,97.30232558139544,16352
"(0.8953488372093024, 0.9883720930232558)",1,97.30232558139542,16353
"(0.8488372093023255, 0.9883720930232558)",3,97.30232558139542,16356
"(0.8837209302325582, 0.9767441860465116)",1,97.3023255813954,16357
"(0.8255813953488372, 0.9883720930232558)",1,97.3023255813954,16358
"(0.8488372093023255, 0.9767441860465116)",1,97.30232558139532,16359
"(0.8488372093023255, 0.9651162790697676)",1,97.30232558139532,16360
"(0.9418604651162792, 0.9767441860465116)",1,97.3023255813953,16361
"(0.95, 0.9833333333333332)",1,97.30000000000008,16362
"(0.9333333333333332, 0.9833333333333332)",2,97.30000000000008,16364
"(0.9166666666666666, 0.9833333333333332)",2,97.30000000000008,16366
"(0.9, 0.9833333333333332)",1,97.30000000000008,16367
"(0.85, 1.0)",2,97.30000000000008,16369
"(0.8, 1.0)",1,97.30000000000008,16370
"(0.9166666666666666, 1.0)",1,97.30000000000008,16371
"(0.8333333333333334, 1.0)",1,97.30000000000004,16372
"(0.7166666666666667, 1.0)",1,97.30000000000004,16373
"(0.8, 1.0)",1,97.30000000000004,16374
"(0.8333333333333334, 1.0)",2,97.30000000000004,16376
"(0.9166666666666666, 1.0)",1,97.30000000000004,16377
"(0.85, 1.0)",1,97.30000000000004,16378
"(0.8833333333333333, 1.0)",1,97.30000000000004,16379
"(0.9333333333333332, 1.0)",1,97.30000000000004,16380
"(0.8333333333333334, 1.0)",1,97.3,16381
"(0.95, 1.0)",1,97.3,16382
"(0.7166666666666667, 1.0)",1,97.3,16383
"(0.7666666666666667, 1.0)",2,97.3,16385
"(0.9, 1.0)",3,97.3,16388
"(0.85, 1.0)",2,97.3,16390
"(0.9333333333333332, 1.0)",1,97.3,16391
"(0.9714285714285714, 0.9714285714285714)",1,97.3,16392
"(0.9666666666666668, 1.0)",1,97.3,16393
"(0.9166666666666666, 1.0)",1,97.3,16394
"(0.9178571428571428, 0.975)",1,97.29999999999995,16395
"(0.9375, 0.9708333333333332)",2,97.29999999999993,16397
"(0.9666666666666668, 0.9916666666666668)",1,97.29999999999993,16398
"(0.95, 0.975)",1,97.2999999999999,16399
"(0.925, 0.9714285714285714)",3,97.29642857142856,16402
"(0.9607142857142856, 0.9714285714285714)",1,97.29642857142856,16403
"(0.9642857142857144, 0.975)",3,97.29642857142856,16406
"(0.9428571428571428, 0.9714285714285714)",3,97.29642857142852,16409
"(0.9458333333333332, 0.9708333333333332)",1,97.29583333333332,16410
"(0.9125, 0.9958333333333332)",2,97.29583333333332,16412
"(0.9416666666666668, 0.9833333333333332)",1,97.29583333333332,16413
"(0.9083333333333332, 0.975)",1,97.2958333333333,16414
"(0.9, 0.9833333333333332)",2,97.29583333333328,16416
"(0.925, 0.9875)",1,97.29583333333328,16417
"(0.9375, 0.9916666666666668)",2,97.29583333333323,16419
"(0.9291666666666668, 0.9958333333333332)",1,97.29583333333323,16420
"(0.7361111111111112, 0.9861111111111112)",1,97.29166666666688,16421
"(0.8611111111111112, 0.9861111111111112)",2,97.29166666666688,16423
"(0.8333333333333334, 0.9861111111111112)",1,97.29166666666688,16424
"(0.8333333333333334, 0.9722222222222222)",1,97.29166666666688,16425
"(0.7638888888888888, 0.9861111111111112)",1,97.29166666666688,16426
"(0.7916666666666666, 0.9861111111111112)",1,97.29166666666686,16427
"(0.8333333333333334, 0.9861111111111112)",1,97.29166666666686,16428
"(0.9444444444444444, 0.9861111111111112)",1,97.29166666666686,16429
"(0.7222222222222222, 0.9722222222222222)",1,97.29166666666686,16430
"(0.5416666666666666, 0.9722222222222222)",1,97.29166666666684,16431
"(0.7638888888888888, 0.9861111111111112)",1,97.29166666666684,16432
"(0.8875, 0.9833333333333332)",1,97.2916666666668,16433
"(0.75, 0.9861111111111112)",1,97.2916666666668,16434
"(0.9722222222222222, 0.9861111111111112)",1,97.29166666666676,16435
"(0.9208333333333332, 0.9791666666666666)",1,97.29166666666674,16436
"(0.7777777777777778, 1.0)",1,97.29166666666671,16437
"(0.8888888888888888, 1.0)",1,97.29166666666671,16438
"(0.875, 0.9861111111111112)",1,97.29166666666669,16439
"(0.8194444444444444, 1.0)",3,97.29166666666669,16442
"(0.7777777777777778, 1.0)",2,97.29166666666669,16444
"(0.7777777777777778, 1.0)",3,97.29166666666669,16447
"(0.9583333333333334, 1.0)",2,97.29166666666669,16449
"(0.9375, 0.975)",1,97.2916666666666,16450
"(0.9125, 0.9833333333333332)",1,97.29166666666652,16451
"(0.8837209302325582, 0.9883720930232558)",1,97.29069767441878,16452
"(0.8604651162790697, 0.9883720930232558)",1,97.29069767441877,16453
"(0.8255813953488372, 0.9767441860465116)",1,97.29069767441877,16454
"(0.9302325581395348, 0.9883720930232558)",1,97.29069767441874,16455
"(0.8953488372093024, 0.9767441860465116)",1,97.29069767441874,16456
"(0.7790697674418605, 0.9767441860465116)",1,97.29069767441872,16457
"(0.9302325581395348, 0.9767441860465116)",1,97.2906976744187,16458
"(0.8488372093023255, 0.9883720930232558)",2,97.29069767441868,16460
"(0.813953488372093, 0.9767441860465116)",2,97.29069767441868,16462
"(0.8023255813953488, 1.0)",1,97.29069767441864,16463
"(0.8837209302325582, 0.9883720930232558)",1,97.29069767441864,16464
"(0.9302325581395348, 0.9651162790697676)",3,97.2906976744186,16467
"(0.8488372093023255, 0.9767441860465116)",1,97.29069767441857,16468
"(0.8372093023255814, 0.9767441860465116)",1,97.29069767441857,16469
"(0.9535714285714286, 0.975)",3,97.2892857142857,16472
"(0.9714285714285714, 0.975)",1,97.28928571428564,16473
"(0.9833333333333332, 0.9875)",2,97.28750000000004,16475
"(0.8791666666666667, 0.9666666666666668)",1,97.28750000000002,16476
"(0.9125, 0.975)",1,97.2875,16477
"(0.8958333333333334, 0.975)",1,97.2875,16478
"(0.9208333333333332, 0.9833333333333332)",1,97.28749999999994,16479
"(0.8958333333333334, 0.9916666666666668)",1,97.28749999999984,16480
"(0.8964285714285715, 0.975)",1,97.28571428571418,16481
"(0.9125, 0.9791666666666666)",1,97.28333333333346,16482
"(0.9, 1.0)",1,97.28333333333342,16483
"(0.7333333333333333, 0.9833333333333332)",1,97.2833333333334,16484
"(0.9, 0.9833333333333332)",2,97.2833333333334,16486
"(1.0, 1.0)",1,97.2833333333334,16487
"(0.8666666666666667, 0.9833333333333332)",3,97.2833333333334,16490
"(0.9666666666666668, 0.9833333333333332)",4,97.2833333333334,16494
"(0.7333333333333333, 1.0)",1,97.2833333333334,16495
"(0.9333333333333332, 0.9833333333333332)",1,97.28333333333336,16496
"(0.8166666666666667, 1.0)",1,97.28333333333336,16497
"(0.85, 1.0)",1,97.28333333333336,16498
"(0.8333333333333334, 1.0)",1,97.28333333333336,16499
"(0.8833333333333333, 1.0)",1,97.28333333333336,16500
"(0.9166666666666666, 1.0)",1,97.28333333333336,16501
"(0.9333333333333332, 1.0)",1,97.28333333333336,16502
"(0.925, 0.9791666666666666)",1,97.28333333333336,16503
"(0.8833333333333333, 1.0)",1,97.28333333333332,16504
"(0.85, 1.0)",1,97.28333333333332,16505
"(0.9833333333333332, 1.0)",3,97.28333333333332,16508
"(0.8333333333333334, 1.0)",2,97.28333333333332,16510
"(0.9666666666666668, 1.0)",2,97.28333333333332,16512
"(0.9125, 0.9833333333333332)",2,97.28333333333332,16514
"(0.7833333333333333, 1.0)",1,97.28333333333332,16515
"(0.925, 0.9916666666666668)",1,97.2833333333333,16516
"(0.875, 0.9958333333333332)",1,97.28333333333327,16517
"(0.9041666666666668, 0.9791666666666666)",1,97.28333333333326,16518
"(0.8958333333333334, 0.9875)",1,97.2833333333332,16519
"(0.9333333333333332, 0.9958333333333332)",1,97.28333333333318,16520
"(0.8571428571428571, 0.9785714285714284)",1,97.28214285714276,16521
"(0.9125, 0.9791666666666666)",1,97.27916666666675,16522
"(0.95, 0.9791666666666666)",1,97.27916666666675,16523
"(0.9375, 0.9708333333333332)",1,97.27916666666668,16524
"(0.9541666666666668, 0.975)",1,97.2791666666666,16525
"(0.8541666666666666, 0.9958333333333332)",1,97.27916666666654,16526
"(0.9291666666666668, 0.9916666666666668)",1,97.27916666666646,16527
"(0.7790697674418605, 0.9767441860465116)",1,97.27906976744195,16528
"(0.9302325581395348, 0.9651162790697676)",1,97.27906976744192,16529
"(0.7906976744186046, 1.0)",1,97.27906976744192,16530
"(0.9302325581395348, 0.9883720930232558)",1,97.27906976744192,16531
"(0.9302325581395348, 0.9651162790697676)",1,97.27906976744188,16532
"(0.8372093023255814, 0.9767441860465116)",2,97.27906976744184,16534
"(0.95, 0.9678571428571427)",3,97.27857142857138,16537
"(0.8964285714285715, 0.9714285714285714)",1,97.27857142857135,16538
"(0.7083333333333334, 0.9861111111111112)",1,97.27777777777798,16539
"(0.7916666666666666, 0.9861111111111112)",1,97.27777777777798,16540
"(0.8472222222222222, 0.9722222222222222)",1,97.27777777777798,16541
"(0.9305555555555556, 0.9861111111111112)",1,97.27777777777798,16542
"(0.9027777777777778, 0.9861111111111112)",1,97.27777777777798,16543
"(0.8194444444444444, 0.9861111111111112)",1,97.27777777777798,16544
"(0.9444444444444444, 0.9861111111111112)",1,97.27777777777796,16545
"(0.9722222222222222, 0.9861111111111112)",1,97.27777777777796,16546
"(0.9166666666666666, 0.9861111111111112)",5,97.27777777777796,16551
"(0.9305555555555556, 0.9861111111111112)",1,97.27777777777796,16552
"(0.7638888888888888, 0.9861111111111112)",1,97.27777777777796,16553
"(0.9444444444444444, 0.9722222222222222)",1,97.27777777777796,16554
"(0.9305555555555556, 0.9722222222222222)",1,97.27777777777796,16555
"(0.7638888888888888, 0.9861111111111112)",1,97.27777777777794,16556
"(0.9027777777777778, 0.9722222222222222)",1,97.27777777777794,16557
"(0.8194444444444444, 0.9861111111111112)",1,97.27777777777794,16558
"(0.6944444444444444, 0.9861111111111112)",1,97.27777777777789,16559
"(0.75, 1.0)",2,97.27777777777784,16561
"(0.7083333333333334, 1.0)",1,97.27777777777784,16562
"(0.7361111111111112, 1.0)",1,97.2777777777778,16563
"(0.9305555555555556, 1.0)",1,97.2777777777778,16564
"(0.9027777777777778, 1.0)",1,97.27777777777776,16565
"(0.7361111111111112, 1.0)",4,97.27777777777776,16569
"(0.825, 0.9958333333333332)",1,97.27500000000008,16570
"(0.95, 0.9791666666666666)",1,97.27500000000006,16571
"(0.925, 0.9833333333333332)",1,97.27500000000003,16572
"(0.8958333333333334, 0.9791666666666666)",1,97.275,16573
"(0.925, 0.975)",1,97.27499999999998,16574
"(0.9071428571428573, 0.9714285714285714)",2,97.27499999999996,16576
"(0.9166666666666666, 0.9791666666666666)",1,97.27499999999996,16577
"(0.9678571428571427, 0.975)",2,97.27499999999996,16579
"(0.9607142857142856, 0.975)",1,97.27499999999988,16580
"(0.9, 0.9916666666666668)",1,97.27499999999988,16581
"(0.9535714285714286, 0.9714285714285714)",3,97.27142857142852,16584
"(0.8964285714285715, 0.975)",1,97.27142857142852,16585
"(0.9541666666666668, 0.9791666666666666)",1,97.27083333333326,16586
"(0.825, 0.9833333333333332)",1,97.2708333333332,16587
"(0.9535714285714286, 0.9714285714285714)",3,97.26785714285712,16590
"(0.9069767441860463, 0.9883720930232558)",1,97.2674418604653,16591
"(0.8953488372093024, 0.9767441860465116)",1,97.2674418604653,16592
"(0.8837209302325582, 0.9767441860465116)",1,97.26744186046524,16593
"(0.7906976744186046, 0.9883720930232558)",1,97.26744186046524,16594
"(0.8023255813953488, 0.9883720930232558)",1,97.26744186046524,16595
"(0.7906976744186046, 0.9767441860465116)",1,97.26744186046518,16596
"(0.9302325581395348, 0.9767441860465116)",1,97.26744186046518,16597
"(0.8837209302325582, 0.9767441860465116)",2,97.26744186046515,16599
"(0.627906976744186, 0.9883720930232558)",1,97.26744186046515,16600
"(0.9651162790697676, 0.9767441860465116)",1,97.26744186046513,16601
"(0.9302325581395348, 0.9767441860465116)",1,97.26744186046513,16602
"(0.8255813953488372, 0.9767441860465116)",1,97.2674418604651,16603
"(0.8488372093023255, 0.9651162790697676)",2,97.26744186046504,16605
"(0.9666666666666668, 0.9833333333333332)",1,97.26666666666674,16606
"(0.8166666666666667, 1.0)",1,97.26666666666674,16607
"(0.9333333333333332, 0.9833333333333332)",2,97.26666666666674,16609
"(1.0, 0.9833333333333332)",1,97.26666666666672,16610
"(0.9791666666666666, 0.9833333333333332)",1,97.26666666666672,16611
"(0.8333333333333334, 1.0)",1,97.26666666666672,16612
"(0.9166666666666666, 1.0)",1,97.2666666666667,16613
"(0.75, 1.0)",1,97.2666666666667,16614
"(0.9, 1.0)",1,97.26666666666668,16615
"(0.9333333333333332, 1.0)",1,97.26666666666668,16616
"(0.9166666666666666, 1.0)",1,97.26666666666668,16617
"(0.95, 1.0)",1,97.26666666666668,16618
"(0.85, 1.0)",1,97.26666666666668,16619
"(0.8833333333333333, 1.0)",2,97.26666666666668,16621
"(0.7666666666666667, 1.0)",1,97.26666666666668,16622
"(1.0, 1.0)",1,97.26666666666668,16623
"(0.7666666666666667, 1.0)",1,97.26666666666668,16624
"(0.8666666666666667, 1.0)",1,97.26666666666668,16625
"(0.9458333333333332, 0.9875)",1,97.26666666666664,16626
"(0.9375, 0.9833333333333332)",2,97.26666666666664,16628
"(0.9833333333333332, 0.9916666666666668)",1,97.2666666666666,16629
"(0.925, 0.9678571428571427)",1,97.26428571428568,16630
"(0.8888888888888888, 0.9861111111111112)",1,97.26388888888908,16631
"(0.875, 0.9722222222222222)",1,97.26388888888908,16632
"(0.7361111111111112, 0.9861111111111112)",1,97.26388888888908,16633
"(0.8333333333333334, 0.9861111111111112)",1,97.26388888888908,16634
"(0.5416666666666666, 0.9861111111111112)",1,97.26388888888908,16635
"(0.9444444444444444, 0.9861111111111112)",1,97.26388888888908,16636
"(0.75, 0.9861111111111112)",1,97.26388888888906,16637
"(0.8611111111111112, 0.9861111111111112)",1,97.26388888888906,16638
"(0.9305555555555556, 1.0)",1,97.26388888888906,16639
"(0.7916666666666666, 0.9861111111111112)",1,97.26388888888906,16640
"(0.875, 1.0)",1,97.26388888888904,16641
"(0.9166666666666666, 0.9861111111111112)",2,97.26388888888904,16643
"(0.8194444444444444, 0.9861111111111112)",1,97.263888888889,16644
"(0.8611111111111112, 1.0)",1,97.263888888889,16645
"(0.8611111111111112, 0.9861111111111112)",1,97.263888888889,16646
"(0.75, 1.0)",1,97.26388888888891,16647
"(0.8333333333333334, 1.0)",2,97.26388888888889,16649
"(0.8055555555555556, 1.0)",4,97.26388888888889,16653
"(0.9666666666666668, 0.975)",1,97.26250000000005,16654
"(0.975, 0.9916666666666668)",1,97.2625,16655
"(0.9583333333333334, 0.9708333333333332)",1,97.26249999999996,16656
"(0.9666666666666668, 0.9708333333333332)",1,97.2624999999999,16657
"(0.9291666666666668, 0.9916666666666668)",1,97.2624999999998,16658
"(0.9642857142857144, 0.9785714285714284)",1,97.26071428571422,16659
"(0.9041666666666668, 0.9958333333333332)",1,97.25833333333334,16660
"(0.9666666666666668, 0.9791666666666666)",1,97.25833333333333,16661
"(0.8791666666666667, 0.9625)",1,97.25833333333333,16662
"(0.925, 0.9791666666666666)",1,97.25833333333333,16663
"(0.9791666666666666, 0.975)",1,97.25833333333324,16664
"(0.9125, 0.9916666666666668)",1,97.25833333333324,16665
"(0.9125, 0.975)",1,97.25833333333324,16666
"(0.9607142857142856, 0.975)",1,97.25714285714282,16667
"(0.8255813953488372, 0.9883720930232558)",1,97.25581395348848,16668
"(0.813953488372093, 0.9883720930232558)",1,97.25581395348846,16669
"(0.8372093023255814, 0.9767441860465116)",2,97.25581395348844,16671
"(0.8488372093023255, 0.9883720930232558)",1,97.25581395348844,16672
"(0.872093023255814, 1.0)",1,97.2558139534884,16673
"(0.8837209302325582, 0.9651162790697676)",2,97.2558139534884,16675
"(0.7674418604651163, 1.0)",1,97.25581395348836,16676
"(0.925, 0.9833333333333332)",1,97.2541666666666,16677
"(0.9458333333333332, 0.9875)",1,97.25416666666658,16678
"(0.8958333333333334, 0.975)",1,97.25416666666656,16679
"(0.9642857142857144, 0.9785714285714284)",1,97.25357142857132,16680
"(0.5416666666666666, 0.9861111111111112)",1,97.2500000000002,16681
"(0.9722222222222222, 0.9861111111111112)",2,97.2500000000002,16683
"(0.875, 0.9861111111111112)",2,97.2500000000002,16685
"(0.7638888888888888, 0.9722222222222222)",1,97.2500000000002,16686
"(0.8194444444444444, 0.9861111111111112)",1,97.2500000000002,16687
"(0.9305555555555556, 0.9861111111111112)",1,97.25000000000018,16688
"(0.8194444444444444, 0.9861111111111112)",1,97.25000000000018,16689
"(0.8472222222222222, 0.9722222222222222)",1,97.25000000000016,16690
"(0.7222222222222222, 0.9722222222222222)",1,97.25000000000016,16691
"(0.8194444444444444, 0.9861111111111112)",1,97.25000000000016,16692
"(0.8888888888888888, 0.9861111111111112)",1,97.25000000000016,16693
"(0.7083333333333334, 0.9861111111111112)",1,97.25000000000014,16694
"(0.9166666666666666, 0.9833333333333332)",2,97.25000000000009,16696
"(0.95, 0.9833333333333332)",2,97.25000000000009,16698
"(0.9722222222222222, 1.0)",1,97.25000000000009,16699
"(0.8166666666666667, 0.9833333333333332)",1,97.25000000000009,16700
"(1.0, 0.9833333333333332)",2,97.25000000000009,16702
"(0.9833333333333332, 0.9833333333333332)",1,97.25000000000009,16703
"(0.8666666666666667, 1.0)",1,97.25000000000006,16704
"(0.8055555555555556, 1.0)",2,97.25000000000006,16706
"(0.8333333333333334, 1.0)",1,97.25000000000006,16707
"(0.9444444444444444, 1.0)",1,97.25000000000006,16708
"(0.9166666666666666, 1.0)",1,97.25000000000004,16709
"(0.8166666666666667, 1.0)",1,97.25000000000004,16710
"(0.8333333333333334, 1.0)",1,97.25000000000004,16711
"(0.9333333333333332, 1.0)",1,97.25000000000004,16712
"(0.9, 1.0)",1,97.25000000000004,16713
"(0.8833333333333333, 0.9833333333333332)",1,97.25000000000004,16714
"(0.9, 1.0)",1,97.25,16715
"(0.8958333333333334, 0.9791666666666666)",1,97.25,16716
"(0.8166666666666667, 1.0)",2,97.25,16718
"(0.8666666666666667, 1.0)",1,97.25,16719
"(0.8666666666666667, 1.0)",1,97.25,16720
"(0.9305555555555556, 1.0)",1,97.25,16721
"(0.8611111111111112, 1.0)",1,97.25,16722
"(1.0, 1.0)",2,97.25,16724
"(0.8833333333333333, 1.0)",1,97.25,16725
"(0.95, 1.0)",1,97.25,16726
"(0.8833333333333333, 1.0)",1,97.25,16727
"(0.7777777777777778, 1.0)",4,97.25,16731
"(0.9027777777777778, 1.0)",1,97.25,16732
"(0.9166666666666666, 1.0)",1,97.25,16733
"(0.95, 0.9833333333333332)",1,97.24999999999996,16734
"(0.9416666666666668, 0.9791666666666666)",1,97.24999999999994,16735
"(0.9708333333333332, 0.9875)",1,97.24999999999994,16736
"(0.9166666666666666, 0.9708333333333332)",1,97.24999999999991,16737
"(0.8916666666666667, 0.9958333333333332)",1,97.2499999999998,16738
"(0.9, 0.975)",1,97.2464285714285,16739
"(0.7209302325581395, 0.9767441860465116)",1,97.2441860465118,16740
"(0.9302325581395348, 0.9767441860465116)",1,97.24418604651176,16741
"(0.9651162790697676, 0.9767441860465116)",1,97.24418604651174,16742
"(0.7674418604651163, 0.9767441860465116)",2,97.24418604651171,16744
"(0.8837209302325582, 0.9883720930232558)",1,97.24418604651171,16745
"(0.9186046511627908, 0.9767441860465116)",1,97.24418604651171,16746
"(0.9302325581395348, 0.9651162790697676)",1,97.24418604651171,16747
"(0.8837209302325582, 0.9883720930232558)",1,97.2441860465117,16748
"(0.7906976744186046, 0.9883720930232558)",1,97.2441860465117,16749
"(0.9186046511627908, 0.9651162790697676)",1,97.2441860465117,16750
"(0.8255813953488372, 1.0)",1,97.24418604651166,16751
"(0.627906976744186, 0.9883720930232558)",1,97.24418604651166,16752
"(0.9186046511627908, 0.9767441860465116)",1,97.24418604651164,16753
"(0.8255813953488372, 0.9767441860465116)",1,97.24418604651164,16754
"(0.8953488372093024, 0.9767441860465116)",2,97.2441860465116,16756
"(0.9302325581395348, 0.9651162790697676)",1,97.24418604651156,16757
"(0.9642857142857144, 0.9678571428571427)",3,97.24285714285712,16760
"(0.9642857142857144, 0.9714285714285714)",3,97.2428571428571,16763
"(0.9607142857142856, 0.975)",1,97.24285714285708,16764
"(0.9083333333333332, 0.9791666666666666)",1,97.24166666666665,16765
"(0.9125, 0.9791666666666666)",1,97.24166666666665,16766
"(0.925, 0.975)",1,97.2416666666666,16767
"(0.9833333333333332, 0.9791666666666666)",1,97.24166666666656,16768
"(0.9078947368421052, 0.9912280701754386)",4,97.2412280701754,16772
"(0.9642857142857144, 0.9785714285714284)",1,97.2392857142856,16773
"(0.9583333333333334, 0.9958333333333332)",1,97.23750000000004,16774
"(0.9458333333333332, 0.975)",1,97.23750000000004,16775
"(0.8958333333333334, 0.975)",1,97.23749999999998,16776
"(0.9125, 0.975)",1,97.23749999999995,16777
"(0.7361111111111112, 0.9861111111111112)",1,97.23611111111131,16778
"(0.7916666666666666, 0.9861111111111112)",1,97.23611111111131,16779
"(0.7083333333333334, 0.9861111111111112)",1,97.23611111111131,16780
"(0.7916666666666666, 0.9861111111111112)",1,97.2361111111113,16781
"(0.9166666666666666, 0.9861111111111112)",1,97.2361111111113,16782
"(0.9027777777777778, 0.9861111111111112)",1,97.2361111111113,16783
"(0.9305555555555556, 1.0)",1,97.23611111111128,16784
"(0.8333333333333334, 0.9861111111111112)",1,97.23611111111128,16785
"(0.8194444444444444, 1.0)",1,97.23611111111128,16786
"(0.6944444444444444, 0.9861111111111112)",1,97.23611111111124,16787
"(0.9305555555555556, 0.9861111111111112)",2,97.2361111111112,16789
"(0.9722222222222222, 1.0)",1,97.23611111111116,16790
"(0.8333333333333334, 1.0)",2,97.23611111111116,16792
"(0.9027777777777778, 1.0)",1,97.23611111111114,16793
"(0.7638888888888888, 1.0)",1,97.23611111111114,16794
"(0.9305555555555556, 1.0)",1,97.23611111111111,16795
"(0.9166666666666666, 1.0)",1,97.23611111111111,16796
"(0.6111111111111112, 0.9861111111111112)",2,97.23611111111111,16798
"(0.9625, 0.9791666666666666)",1,97.2333333333334,16799
"(0.9166666666666666, 1.0)",1,97.2333333333334,16800
"(0.8666666666666667, 0.9833333333333332)",2,97.2333333333334,16802
"(0.9791666666666666, 0.9833333333333332)",1,97.2333333333334,16803
"(0.9333333333333332, 0.9833333333333332)",1,97.2333333333334,16804
"(1.0, 1.0)",1,97.23333333333338,16805
"(0.85, 1.0)",1,97.23333333333338,16806
"(0.925, 0.9833333333333332)",1,97.23333333333338,16807
"(0.9166666666666666, 1.0)",1,97.23333333333338,16808
"(0.9333333333333332, 1.0)",1,97.23333333333336,16809
"(0.9, 1.0)",1,97.23333333333336,16810
"(0.9666666666666668, 1.0)",1,97.23333333333336,16811
"(0.9625, 0.975)",1,97.23333333333332,16812
"(0.95, 1.0)",1,97.23333333333332,16813
"(0.85, 1.0)",1,97.23333333333332,16814
"(0.7166666666666667, 1.0)",1,97.23333333333332,16815
"(0.9333333333333332, 1.0)",2,97.23333333333332,16817
"(0.8166666666666667, 1.0)",1,97.23333333333332,16818
"(0.75, 1.0)",1,97.23333333333332,16819
"(0.9458333333333332, 0.975)",1,97.23333333333328,16820
"(0.8833333333333333, 0.9833333333333332)",1,97.23333333333326,16821
"(0.9333333333333332, 0.9875)",1,97.23333333333316,16822
"(0.8837209302325582, 0.9767441860465116)",1,97.23255813953506,16823
"(0.8023255813953488, 0.9767441860465116)",1,97.232558139535,16824
"(0.7674418604651163, 0.9767441860465116)",3,97.23255813953496,16827
"(0.813953488372093, 0.9883720930232558)",1,97.23255813953496,16828
"(0.8604651162790697, 0.9883720930232558)",1,97.23255813953496,16829
"(0.9651162790697676, 0.9767441860465116)",1,97.2325581395349,16830
"(0.7906976744186046, 0.9651162790697676)",2,97.2325581395349,16832
"(0.7790697674418605, 0.9651162790697676)",1,97.23255813953487,16833
"(0.813953488372093, 0.9651162790697676)",1,97.23255813953486,16834
"(0.8837209302325582, 0.9651162790697676)",1,97.23255813953485,16835
"(0.8604651162790697, 0.9651162790697676)",1,97.23255813953476,16836
"(0.9642857142857144, 0.9785714285714284)",2,97.23214285714285,16838
"(0.95, 0.9678571428571427)",3,97.23214285714285,16841
"(0.9107142857142856, 0.975)",1,97.23214285714278,16842
"(0.9458333333333332, 0.9833333333333332)",1,97.2291666666666,16843
"(0.9708333333333332, 0.9875)",1,97.2291666666666,16844
"(0.9125, 0.9875)",1,97.22916666666656,16845
"(0.8875, 0.9833333333333332)",1,97.225,16846
"(0.9583333333333334, 0.9625)",1,97.22499999999997,16847
"(0.8666666666666667, 0.975)",1,97.22499999999992,16848
"(0.9125, 0.9916666666666668)",1,97.22499999999984,16849
"(0.8859649122807017, 0.9912280701754386)",4,97.22368421052629,16853
"(0.8333333333333334, 0.9722222222222222)",1,97.22222222222248,16854
"(0.6944444444444444, 0.9861111111111112)",2,97.22222222222244,16856
"(0.8611111111111112, 0.9861111111111112)",1,97.22222222222244,16857
"(0.9305555555555556, 0.9722222222222222)",1,97.22222222222244,16858
"(0.8194444444444444, 0.9861111111111112)",1,97.2222222222224,16859
"(0.9166666666666666, 0.9722222222222222)",1,97.2222222222224,16860
"(0.8194444444444444, 0.9722222222222222)",1,97.2222222222224,16861
"(0.7222222222222222, 0.9861111111111112)",1,97.2222222222224,16862
"(0.8611111111111112, 0.9861111111111112)",1,97.2222222222224,16863
"(0.9027777777777778, 0.9861111111111112)",1,97.2222222222224,16864
"(0.9722222222222222, 0.9861111111111112)",4,97.2222222222224,16868
"(0.875, 0.9722222222222222)",2,97.2222222222224,16870
"(0.8611111111111112, 0.9861111111111112)",1,97.2222222222224,16871
"(0.9444444444444444, 0.9861111111111112)",2,97.22222222222238,16873
"(0.75, 0.9722222222222222)",1,97.22222222222238,16874
"(0.7083333333333334, 0.9861111111111112)",1,97.22222222222231,16875
"(0.7638888888888888, 1.0)",2,97.22222222222229,16877
"(0.9027777777777778, 1.0)",2,97.22222222222229,16879
"(0.8611111111111112, 1.0)",2,97.22222222222229,16881
"(0.8194444444444444, 1.0)",1,97.22222222222226,16882
"(0.8333333333333334, 1.0)",1,97.22222222222224,16883
"(0.9305555555555556, 1.0)",2,97.22222222222224,16885
"(0.9535714285714286, 0.9714285714285714)",1,97.22142857142858,16886
"(0.9714285714285714, 0.9714285714285714)",1,97.22142857142848,16887
"(0.8604651162790697, 0.9767441860465116)",1,97.22093023255832,16888
"(0.8837209302325582, 0.9767441860465116)",1,97.2209302325583,16889
"(0.8953488372093024, 0.9767441860465116)",1,97.22093023255827,16890
"(0.8488372093023255, 0.9767441860465116)",1,97.22093023255825,16891
"(0.7441860465116279, 1.0)",1,97.22093023255822,16892
"(0.8255813953488372, 0.9883720930232558)",1,97.22093023255822,16893
"(0.9186046511627908, 1.0)",1,97.2209302325582,16894
"(0.3372093023255814, 1.0)",1,97.22093023255816,16895
"(0.9418604651162792, 0.9767441860465116)",1,97.22093023255816,16896
"(0.9186046511627908, 1.0)",1,97.22093023255812,16897
"(0.9375, 0.9958333333333332)",1,97.22083333333336,16898
"(0.9458333333333332, 0.9791666666666666)",1,97.22083333333336,16899
"(0.9125, 0.9833333333333332)",1,97.22083333333325,16900
"(0.9458333333333332, 0.975)",2,97.22083333333325,16902
"(0.9166666666666666, 0.9916666666666668)",1,97.22083333333322,16903
"(0.8916666666666667, 0.9958333333333332)",1,97.22083333333322,16904
"(0.925, 0.9916666666666668)",1,97.22083333333312,16905
"(0.9392857142857144, 0.975)",1,97.21785714285704,16906
"(0.9333333333333332, 0.9833333333333332)",1,97.21666666666674,16907
"(0.8666666666666667, 0.9833333333333332)",1,97.21666666666674,16908
"(0.95, 0.9833333333333332)",2,97.21666666666674,16910
"(0.9, 1.0)",1,97.21666666666673,16911
"(0.9333333333333332, 1.0)",1,97.2166666666667,16912
"(0.9666666666666668, 1.0)",1,97.2166666666667,16913
"(0.7333333333333333, 1.0)",1,97.21666666666668,16914
"(1.0, 1.0)",1,97.21666666666668,16915
"(0.95, 1.0)",1,97.21666666666668,16916
"(0.8833333333333333, 1.0)",1,97.21666666666668,16917
"(0.8333333333333334, 1.0)",1,97.21666666666668,16918
"(0.7666666666666667, 1.0)",2,97.21666666666668,16920
"(0.9833333333333332, 1.0)",2,97.21666666666668,16922
"(1.0, 1.0)",1,97.21666666666664,16923
"(0.925, 0.975)",1,97.21666666666664,16924
"(0.8791666666666667, 0.9833333333333332)",2,97.2166666666666,16926
"(0.9583333333333334, 0.9916666666666668)",1,97.21666666666658,16927
"(0.9333333333333332, 0.9833333333333332)",1,97.21666666666655,16928
"(0.9791666666666666, 0.975)",1,97.21666666666655,16929
"(0.9208333333333332, 0.9958333333333332)",1,97.21666666666654,16930
"(0.9714285714285714, 0.9785714285714284)",3,97.21428571428572,16933
"(0.9291666666666668, 0.9791666666666666)",1,97.2125,16934
"(0.8625, 0.9833333333333332)",1,97.21249999999998,16935
"(0.925, 0.975)",1,97.21249999999992,16936
"(0.875, 0.9916666666666668)",1,97.21249999999992,16937
"(0.9291666666666668, 0.9875)",1,97.21249999999992,16938
"(0.925, 0.9875)",1,97.21249999999988,16939
"(0.925, 0.9916666666666668)",2,97.21249999999988,16941
"(0.9291666666666668, 0.9875)",1,97.21249999999984,16942
"(0.8255813953488372, 0.9883720930232558)",1,97.20930232558152,16943
"(0.7790697674418605, 0.9767441860465116)",1,97.2093023255815,16944
"(0.9418604651162792, 0.9883720930232558)",1,97.20930232558148,16945
"(0.9302325581395348, 0.9883720930232558)",1,97.20930232558148,16946
"(0.6162790697674418, 0.9883720930232558)",1,97.20930232558146,16947
"(0.8255813953488372, 1.0)",1,97.20930232558142,16948
"(0.9186046511627908, 0.9767441860465116)",1,97.20930232558142,16949
"(0.5930232558139535, 1.0)",1,97.2093023255814,16950
"(0.8255813953488372, 0.9767441860465116)",1,97.20930232558136,16951
"(0.7790697674418605, 0.9767441860465116)",1,97.2093023255813,16952
"(0.7916666666666666, 0.9861111111111112)",1,97.20833333333354,16953
"(0.5416666666666666, 0.9861111111111112)",1,97.20833333333354,16954
"(0.9027777777777778, 0.9861111111111112)",1,97.20833333333354,16955
"(0.5416666666666666, 0.9861111111111112)",1,97.20833333333351,16956
"(0.7083333333333334, 0.9861111111111112)",1,97.20833333333351,16957
"(0.9722222222222222, 0.9861111111111112)",1,97.20833333333351,16958
"(0.9305555555555556, 0.9722222222222222)",1,97.20833333333351,16959
"(0.8333333333333334, 0.9722222222222222)",1,97.20833333333351,16960
"(0.7361111111111112, 0.9861111111111112)",1,97.20833333333351,16961
"(0.9305555555555556, 0.9861111111111112)",1,97.20833333333351,16962
"(0.75, 0.9861111111111112)",1,97.20833333333351,16963
"(0.875, 0.9861111111111112)",1,97.20833333333351,16964
"(0.7638888888888888, 0.9861111111111112)",1,97.2083333333335,16965
"(0.7638888888888888, 0.9861111111111112)",1,97.20833333333348,16966
"(0.8333333333333334, 0.9861111111111112)",1,97.20833333333344,16967
"(0.7638888888888888, 1.0)",1,97.2083333333334,16968
"(0.8611111111111112, 0.9861111111111112)",1,97.2083333333334,16969
"(0.8611111111111112, 1.0)",1,97.20833333333336,16970
"(0.7777777777777778, 1.0)",1,97.20833333333336,16971
"(0.8125, 0.975)",1,97.20833333333336,16972
"(0.8611111111111112, 1.0)",2,97.20833333333336,16974
"(0.9444444444444444, 1.0)",1,97.20833333333336,16975
"(0.9305555555555556, 1.0)",1,97.20833333333334,16976
"(0.8791666666666667, 0.975)",2,97.20833333333331,16978
"(0.9875, 0.9791666666666666)",1,97.20833333333331,16979
"(0.8472222222222222, 1.0)",2,97.20833333333331,16981
"(0.8958333333333334, 0.9666666666666668)",1,97.20833333333329,16982
"(0.9791666666666666, 0.9916666666666668)",1,97.2083333333332,16983
"(0.8964285714285715, 0.9678571428571427)",3,97.20714285714284,16986
"(0.9285714285714286, 0.9678571428571427)",1,97.2071428571428,16987
"(0.95, 0.9785714285714284)",2,97.20714285714278,16989
"(0.9416666666666668, 0.9833333333333332)",1,97.2041666666667,16990
"(0.9291666666666668, 0.9875)",1,97.20416666666662,16991
"(0.8833333333333333, 0.975)",1,97.2041666666666,16992
"(0.9875, 0.8583333333333333)",1,97.20416666666657,16993
"(0.925, 0.9625)",1,97.20416666666657,16994
"(0.9142857142857144, 0.9785714285714284)",3,97.20357142857142,16997
"(0.9333333333333332, 1.0)",1,97.2000000000001,16998
"(0.9666666666666668, 0.9833333333333332)",1,97.20000000000007,16999
"(0.9333333333333332, 0.9833333333333332)",2,97.20000000000007,17001
"(0.95, 0.9833333333333332)",3,97.20000000000007,17004
"(0.8333333333333334, 1.0)",1,97.20000000000006,17005
"(1.0, 1.0)",1,97.20000000000005,17006
"(0.8333333333333334, 1.0)",1,97.20000000000005,17007
"(0.9791666666666666, 0.925)",1,97.20000000000005,17008
"(0.8, 1.0)",1,97.20000000000005,17009
"(0.9166666666666666, 1.0)",2,97.20000000000005,17011
"(0.9333333333333332, 1.0)",1,97.20000000000002,17012
"(0.95, 1.0)",2,97.2,17014
"(0.9666666666666668, 1.0)",2,97.2,17016
"(0.9375, 0.9791666666666666)",1,97.2,17017
"(0.7833333333333333, 1.0)",1,97.2,17018
"(0.9833333333333332, 1.0)",2,97.2,17020
"(0.9, 1.0)",2,97.2,17022
"(0.9833333333333332, 1.0)",2,97.2,17024
"(0.7166666666666667, 1.0)",1,97.2,17025
"(0.95, 0.9708333333333332)",1,97.19999999999996,17026
"(0.9392857142857144, 0.9714285714285714)",1,97.19999999999992,17027
"(0.9375, 0.9958333333333332)",1,97.1999999999999,17028
"(0.9333333333333332, 0.9916666666666668)",1,97.19999999999982,17029
"(0.8488372093023255, 0.9767441860465116)",1,97.1976744186048,17030
"(0.7790697674418605, 0.9767441860465116)",1,97.19767441860472,17031
"(0.8837209302325582, 0.9767441860465116)",1,97.19767441860472,17032
"(0.9186046511627908, 0.9767441860465116)",2,97.19767441860472,17034
"(0.8837209302325582, 0.9883720930232558)",1,97.19767441860472,17035
"(0.9651162790697676, 0.9767441860465116)",1,97.19767441860468,17036
"(0.7790697674418605, 0.9767441860465116)",1,97.19767441860468,17037
"(0.3372093023255814, 1.0)",1,97.19767441860468,17038
"(0.7790697674418605, 0.9767441860465116)",1,97.1976744186046,17039
"(0.925, 0.9833333333333332)",1,97.19583333333335,17040
"(0.9125, 0.975)",1,97.19583333333333,17041
"(0.95, 0.9833333333333332)",1,97.19583333333333,17042
"(0.9, 0.9916666666666668)",1,97.19583333333333,17043
"(0.95, 0.9916666666666668)",1,97.19583333333333,17044
"(0.8791666666666667, 0.9833333333333332)",1,97.1958333333333,17045
"(0.8194444444444444, 0.9861111111111112)",1,97.19444444444464,17046
"(0.8055555555555556, 0.9861111111111112)",1,97.19444444444464,17047
"(0.7638888888888888, 0.9861111111111112)",1,97.19444444444464,17048
"(0.8888888888888888, 0.9722222222222222)",1,97.19444444444464,17049
"(0.9166666666666666, 0.9722222222222222)",1,97.19444444444464,17050
"(0.8333333333333334, 0.9861111111111112)",1,97.19444444444464,17051
"(0.7638888888888888, 0.9861111111111112)",1,97.1944444444446,17052
"(0.8472222222222222, 0.9861111111111112)",1,97.1944444444446,17053
"(0.9166666666666666, 0.9861111111111112)",1,97.1944444444446,17054
"(0.8472222222222222, 0.9861111111111112)",1,97.1944444444446,17055
"(0.9444444444444444, 0.9861111111111112)",1,97.1944444444446,17056
"(0.9305555555555556, 0.9861111111111112)",2,97.1944444444446,17058
"(0.9444444444444444, 0.9722222222222222)",1,97.1944444444446,17059
"(0.8333333333333334, 1.0)",1,97.19444444444456,17060
"(0.7777777777777778, 1.0)",1,97.19444444444456,17061
"(0.75, 1.0)",1,97.19444444444454,17062
"(0.8888888888888888, 0.9722222222222222)",1,97.19444444444451,17063
"(0.6944444444444444, 1.0)",1,97.19444444444451,17064
"(0.7638888888888888, 0.9861111111111112)",1,97.19444444444451,17065
"(0.75, 0.9861111111111112)",1,97.1944444444445,17066
"(0.8888888888888888, 1.0)",1,97.19444444444449,17067
"(0.8055555555555556, 1.0)",1,97.19444444444449,17068
"(0.9166666666666666, 1.0)",4,97.19444444444449,17072
"(0.9305555555555556, 1.0)",1,97.19444444444449,17073
"(0.9473684210526316, 0.9912280701754386)",1,97.19298245614031,17074
"(0.9428571428571428, 0.9714285714285714)",3,97.19285714285714,17077
"(0.925, 0.975)",1,97.19285714285712,17078
"(0.9125, 0.975)",1,97.19166666666668,17079
"(0.9166666666666666, 0.975)",1,97.19166666666666,17080
"(0.9583333333333334, 0.9833333333333332)",1,97.19166666666663,17081
"(0.9291666666666668, 0.9916666666666668)",1,97.19166666666662,17082
"(0.975, 1.0)",2,97.1916666666666,17084
"(0.9666666666666668, 0.975)",1,97.19166666666656,17085
"(0.925, 0.975)",3,97.18928571428565,17088
"(0.95, 0.9678571428571427)",1,97.18928571428565,17089
"(0.8125, 0.9833333333333332)",1,97.1875,17090
"(0.95, 0.9958333333333332)",1,97.18749999999996,17091
"(0.9916666666666668, 0.9916666666666668)",1,97.18749999999991,17092
"(0.875, 0.9791666666666666)",1,97.18749999999991,17093
"(0.9375, 0.9958333333333332)",2,97.18749999999991,17095
"(0.9708333333333332, 0.9875)",1,97.18749999999989,17096
"(0.7790697674418605, 0.9767441860465116)",1,97.18604651162804,17097
"(0.9651162790697676, 0.9767441860465116)",1,97.18604651162802,17098
"(0.813953488372093, 0.9883720930232558)",1,97.186046511628,17099
"(0.813953488372093, 0.9883720930232558)",1,97.18604651162798,17100
"(0.4534883720930232, 1.0)",1,97.18604651162796,17101
"(0.8837209302325582, 0.9651162790697676)",1,97.1860465116279,17102
"(0.9385964912280702, 0.9780701754385964)",1,97.18421052631598,17103
"(0.9333333333333332, 0.9833333333333332)",1,97.1833333333334,17104
"(0.95, 0.9833333333333332)",2,97.1833333333334,17106
"(0.8833333333333333, 1.0)",1,97.18333333333338,17107
"(0.925, 0.9791666666666666)",1,97.18333333333338,17108
"(0.6666666666666666, 1.0)",1,97.18333333333337,17109
"(0.85, 1.0)",2,97.18333333333337,17111
"(0.9833333333333332, 1.0)",2,97.18333333333334,17113
"(0.7, 1.0)",2,97.18333333333334,17115
"(0.8, 1.0)",1,97.18333333333334,17116
"(0.8333333333333334, 1.0)",1,97.18333333333334,17117
"(0.8833333333333333, 1.0)",1,97.18333333333334,17118
"(0.9166666666666666, 1.0)",1,97.18333333333334,17119
"(0.9666666666666668, 1.0)",1,97.18333333333334,17120
"(1.0, 1.0)",2,97.18333333333334,17122
"(0.9, 0.9833333333333332)",2,97.18333333333328,17124
"(0.8541666666666666, 0.9875)",1,97.18333333333328,17125
"(0.9125, 0.9875)",1,97.18333333333318,17126
"(0.9305555555555556, 0.9861111111111112)",1,97.18055555555576,17127
"(0.9444444444444444, 0.9861111111111112)",1,97.18055555555576,17128
"(0.8333333333333334, 0.9861111111111112)",1,97.18055555555576,17129
"(0.8333333333333334, 0.9861111111111112)",2,97.18055555555576,17131
"(0.6944444444444444, 0.9861111111111112)",1,97.18055555555576,17132
"(0.9166666666666666, 0.9861111111111112)",1,97.18055555555574,17133
"(0.7222222222222222, 0.9583333333333334)",1,97.18055555555574,17134
"(0.7361111111111112, 0.9861111111111112)",1,97.18055555555574,17135
"(0.9444444444444444, 0.9861111111111112)",1,97.18055555555574,17136
"(0.875, 0.9722222222222222)",1,97.18055555555574,17137
"(0.875, 0.9861111111111112)",1,97.18055555555571,17138
"(0.7222222222222222, 0.9861111111111112)",1,97.1805555555557,17139
"(0.8611111111111112, 0.9861111111111112)",1,97.18055555555566,17140
"(0.9444444444444444, 0.9861111111111112)",1,97.18055555555566,17141
"(0.8472222222222222, 1.0)",1,97.18055555555564,17142
"(0.8055555555555556, 1.0)",1,97.1805555555556,17143
"(0.875, 1.0)",1,97.1805555555556,17144
"(0.8333333333333334, 0.9861111111111112)",2,97.1805555555556,17146
"(0.8055555555555556, 1.0)",1,97.18055555555556,17147
"(0.9444444444444444, 1.0)",1,97.18055555555556,17148
"(0.8333333333333334, 1.0)",1,97.18055555555556,17149
"(0.9305555555555556, 1.0)",1,97.18055555555556,17150
"(0.9083333333333332, 0.975)",1,97.17916666666665,17151
"(0.9833333333333332, 0.9875)",1,97.1791666666666,17152
"(0.9392857142857144, 0.975)",3,97.1785714285714,17155
"(0.9083333333333332, 0.9791666666666666)",1,97.175,17156
"(0.9125, 0.9583333333333334)",1,97.17499999999995,17157
"(0.8625, 0.9916666666666668)",1,97.17499999999993,17158
"(0.95, 0.9958333333333332)",1,97.17499999999988,17159
"(0.8255813953488372, 0.9767441860465116)",1,97.17441860465134,17160
"(0.7674418604651163, 0.9883720930232558)",1,97.17441860465128,17161
"(0.8023255813953488, 0.9883720930232558)",2,97.17441860465124,17163
"(0.8372093023255814, 0.9651162790697676)",1,97.17441860465124,17164
"(0.9767441860465116, 0.9651162790697676)",1,97.17441860465124,17165
"(0.8837209302325582, 0.9651162790697676)",2,97.17441860465124,17167
"(0.8953488372093024, 0.9767441860465116)",1,97.1744186046512,17168
"(0.8255813953488372, 0.9883720930232558)",1,97.1744186046512,17169
"(0.7906976744186046, 0.9651162790697676)",2,97.17441860465112,17171
"(0.9302325581395348, 0.9767441860465116)",1,97.17441860465108,17172
"(0.9392857142857144, 0.9642857142857144)",3,97.17142857142852,17175
"(0.8571428571428571, 0.9785714285714284)",1,97.17142857142848,17176
"(0.9083333333333332, 0.9666666666666668)",1,97.17083333333336,17177
"(0.8875, 0.975)",1,97.17083333333332,17178
"(0.8958333333333334, 0.9666666666666668)",1,97.17083333333332,17179
"(0.9625, 0.975)",1,97.17083333333328,17180
"(0.9458333333333332, 0.9708333333333332)",2,97.17083333333328,17182
"(0.9125, 0.9708333333333332)",1,97.17083333333328,17183
"(0.9291666666666668, 0.9666666666666668)",1,97.17083333333326,17184
"(0.9375, 0.9625)",2,97.1708333333332,17186
"(0.925, 0.975)",3,97.16785714285712,17189
"(0.9607142857142856, 0.9785714285714284)",2,97.1678571428571,17191
"(0.9392857142857144, 0.9785714285714284)",1,97.16785714285707,17192
"(0.875, 0.9861111111111112)",1,97.16666666666688,17193
"(0.8611111111111112, 0.9861111111111112)",1,97.16666666666688,17194
"(0.7361111111111112, 0.9861111111111112)",1,97.16666666666686,17195
"(0.7083333333333334, 0.9861111111111112)",1,97.16666666666686,17196
"(0.9305555555555556, 0.9861111111111112)",1,97.16666666666686,17197
"(0.8194444444444444, 0.9861111111111112)",2,97.16666666666684,17199
"(0.7638888888888888, 0.9861111111111112)",1,97.16666666666684,17200
"(0.7083333333333334, 1.0)",1,97.1666666666668,17201
"(0.8888888888888888, 1.0)",1,97.1666666666668,17202
"(0.7222222222222222, 0.9722222222222222)",1,97.1666666666668,17203
"(0.9833333333333332, 0.9833333333333332)",1,97.16666666666676,17204
"(0.9333333333333332, 1.0)",1,97.16666666666676,17205
"(0.95, 0.9833333333333332)",2,97.16666666666676,17207
"(0.8666666666666667, 1.0)",1,97.16666666666676,17208
"(0.7916666666666666, 1.0)",1,97.16666666666676,17209
"(0.9305555555555556, 0.9722222222222222)",1,97.16666666666676,17210
"(0.8833333333333333, 1.0)",1,97.16666666666676,17211
"(0.9666666666666668, 0.9833333333333332)",1,97.16666666666674,17212
"(0.8472222222222222, 1.0)",1,97.16666666666674,17213
"(0.9583333333333334, 0.9833333333333332)",1,97.16666666666671,17214
"(0.7666666666666667, 1.0)",1,97.16666666666671,17215
"(0.7166666666666667, 1.0)",1,97.16666666666671,17216
"(0.9166666666666666, 1.0)",2,97.16666666666671,17218
"(0.9, 0.9833333333333332)",1,97.16666666666671,17219
"(0.9027777777777778, 0.9861111111111112)",1,97.16666666666671,17220
"(0.9333333333333332, 0.9833333333333332)",1,97.16666666666671,17221
"(0.8194444444444444, 1.0)",1,97.16666666666671,17222
"(0.8333333333333334, 1.0)",1,97.16666666666671,17223
"(0.85, 1.0)",1,97.16666666666671,17224
"(0.9333333333333332, 0.9791666666666666)",1,97.1666666666667,17225
"(0.8666666666666667, 1.0)",1,97.16666666666669,17226
"(0.9444444444444444, 0.9722222222222222)",1,97.16666666666669,17227
"(0.85, 1.0)",1,97.16666666666669,17228
"(0.6833333333333333, 1.0)",2,97.16666666666669,17230
"(0.85, 1.0)",1,97.16666666666669,17231
"(0.8833333333333333, 1.0)",1,97.16666666666669,17232
"(0.9833333333333332, 1.0)",2,97.16666666666669,17234
"(0.8166666666666667, 1.0)",1,97.16666666666666,17235
"(1.0, 1.0)",1,97.16666666666666,17236
"(0.9666666666666668, 1.0)",3,97.16666666666666,17239
"(0.95, 1.0)",2,97.16666666666666,17241
"(0.8611111111111112, 1.0)",1,97.16666666666666,17242
"(0.9291666666666668, 0.9833333333333332)",1,97.16666666666664,17243
"(0.9708333333333332, 0.9875)",1,97.16666666666654,17244
"(0.9107142857142856, 0.9821428571428572)",1,97.16428571428564,17245
"(0.8023255813953488, 0.9767441860465116)",1,97.16279069767458,17246
"(0.9418604651162792, 0.9767441860465116)",1,97.16279069767452,17247
"(0.9186046511627908, 0.9651162790697676)",2,97.16279069767448,17249
"(0.7209302325581395, 0.9883720930232558)",2,97.16279069767448,17251
"(0.9418604651162792, 0.9651162790697676)",1,97.16279069767448,17252
"(0.8255813953488372, 0.9883720930232558)",1,97.16279069767448,17253
"(0.7790697674418605, 0.9651162790697676)",1,97.16279069767444,17254
"(0.9083333333333332, 0.9916666666666668)",1,97.1625,17255
"(0.9125, 0.9833333333333332)",1,97.1625,17256
"(0.8958333333333334, 0.9666666666666668)",1,97.16249999999998,17257
"(0.9083333333333332, 0.975)",1,97.16249999999997,17258
"(0.9642857142857144, 0.9714285714285714)",1,97.1607142857143,17259
"(0.9214285714285714, 0.9785714285714284)",1,97.1607142857142,17260
"(0.9333333333333332, 0.9833333333333332)",1,97.15833333333336,17261
"(0.9791666666666666, 0.9916666666666668)",1,97.1583333333333,17262
"(0.9375, 0.9708333333333332)",1,97.15833333333327,17263
"(0.975, 0.9916666666666668)",1,97.15833333333325,17264
"(0.9208333333333332, 0.9958333333333332)",2,97.1583333333332,17266
"(0.9708333333333332, 0.9916666666666668)",1,97.1583333333332,17267
"(0.7763157894736842, 0.9912280701754386)",4,97.15789473684208,17271
"(0.9321428571428572, 0.9785714285714284)",3,97.15714285714286,17274
"(0.8125, 0.9791666666666666)",2,97.15416666666668,17276
"(0.9375, 0.9833333333333332)",2,97.15416666666668,17278
"(0.975, 0.9875)",1,97.15416666666664,17279
"(0.875, 0.9916666666666668)",1,97.15416666666655,17280
"(0.925, 0.9916666666666668)",1,97.15416666666644,17281
"(0.8705882352941177, 0.9882352941176472)",1,97.1529411764704,17282
"(0.9027777777777778, 0.9861111111111112)",1,97.15277777777798,17283
"(0.5416666666666666, 0.9861111111111112)",2,97.15277777777798,17285
"(0.8888888888888888, 0.9861111111111112)",1,97.15277777777798,17286
"(0.8611111111111112, 0.9861111111111112)",1,97.15277777777796,17287
"(0.5555555555555556, 0.9861111111111112)",1,97.15277777777796,17288
"(0.9166666666666666, 0.9861111111111112)",1,97.15277777777796,17289
"(0.9444444444444444, 0.9722222222222222)",1,97.15277777777796,17290
"(0.9027777777777778, 0.9722222222222222)",1,97.15277777777796,17291
"(0.8472222222222222, 1.0)",1,97.15277777777794,17292
"(0.875, 0.9861111111111112)",1,97.15277777777791,17293
"(0.875, 0.9861111111111112)",1,97.15277777777791,17294
"(0.8888888888888888, 0.9722222222222222)",1,97.15277777777791,17295
"(0.8611111111111112, 0.9722222222222222)",1,97.15277777777791,17296
"(0.7638888888888888, 0.9861111111111112)",2,97.1527777777779,17298
"(0.8333333333333334, 0.9861111111111112)",1,97.15277777777789,17299
"(0.875, 1.0)",1,97.15277777777786,17300
"(0.9305555555555556, 1.0)",1,97.15277777777784,17301
"(0.9027777777777778, 1.0)",1,97.1527777777778,17302
"(0.8333333333333334, 1.0)",1,97.1527777777778,17303
"(0.9305555555555556, 1.0)",1,97.1527777777778,17304
"(0.7558139534883721, 0.9767441860465116)",1,97.15116279069788,17305
"(0.8953488372093024, 0.9767441860465116)",2,97.15116279069784,17307
"(0.8023255813953488, 0.9767441860465116)",1,97.15116279069784,17308
"(0.7790697674418605, 0.9767441860465116)",1,97.15116279069782,17309
"(0.8023255813953488, 0.9767441860465116)",1,97.1511627906978,17310
"(0.8255813953488372, 0.9767441860465116)",1,97.15116279069775,17311
"(0.7906976744186046, 0.9767441860465116)",1,97.15116279069774,17312
"(0.7209302325581395, 0.9883720930232558)",2,97.15116279069774,17314
"(0.7790697674418605, 0.9767441860465116)",1,97.1511627906977,17315
"(0.7674418604651163, 0.9651162790697676)",1,97.1511627906977,17316
"(0.8372093023255814, 0.9651162790697676)",1,97.15116279069764,17317
"(0.9, 0.9833333333333332)",1,97.15000000000008,17318
"(0.9333333333333332, 1.0)",1,97.15000000000008,17319
"(0.95, 0.9833333333333332)",1,97.15000000000008,17320
"(0.95, 0.9833333333333332)",2,97.15000000000006,17322
"(0.9166666666666666, 1.0)",1,97.15000000000006,17323
"(0.9666666666666668, 0.9833333333333332)",1,97.15000000000006,17324
"(0.8666666666666667, 1.0)",1,97.15000000000003,17325
"(0.95, 1.0)",1,97.15000000000003,17326
"(0.9166666666666666, 1.0)",1,97.15000000000003,17327
"(0.6833333333333333, 1.0)",1,97.15000000000003,17328
"(0.8333333333333334, 1.0)",1,97.15000000000003,17329
"(0.8666666666666667, 0.9833333333333332)",1,97.15000000000002,17330
"(0.75, 1.0)",1,97.15000000000002,17331
"(0.9666666666666668, 1.0)",1,97.15000000000002,17332
"(0.9333333333333332, 1.0)",1,97.15000000000002,17333
"(0.9666666666666668, 1.0)",1,97.15,17334
"(0.8833333333333333, 1.0)",1,97.15,17335
"(0.975, 0.9916666666666668)",1,97.15,17336
"(1.0, 1.0)",2,97.15,17338
"(0.7333333333333333, 1.0)",2,97.15,17340
"(0.9428571428571428, 0.975)",2,97.15,17342
"(0.9666666666666668, 0.9833333333333332)",1,97.15,17343
"(0.85, 1.0)",1,97.15,17344
"(0.925, 0.9916666666666668)",1,97.14999999999978,17345
"(0.95, 0.9666666666666668)",1,97.14583333333331,17346
"(0.9041666666666668, 0.975)",1,97.14583333333329,17347
"(0.925, 0.9708333333333332)",2,97.14583333333329,17349
"(0.9, 0.9916666666666668)",2,97.14583333333324,17351
"(0.9107142857142856, 0.9714285714285714)",3,97.14285714285712,17354
"(0.925, 0.9625)",1,97.14166666666664,17355
"(0.9625, 0.9875)",1,97.1416666666666,17356
"(0.9708333333333332, 0.9916666666666668)",1,97.1416666666666,17357
"(0.9666666666666668, 0.9583333333333334)",1,97.14166666666657,17358
"(0.8488372093023255, 0.9767441860465116)",1,97.1395348837211,17359
"(0.9651162790697676, 0.9767441860465116)",1,97.13953488372104,17360
"(0.7790697674418605, 0.9767441860465116)",1,97.13953488372104,17361
"(0.8255813953488372, 0.9883720930232558)",1,97.13953488372104,17362
"(0.7674418604651163, 0.9767441860465116)",1,97.13953488372104,17363
"(0.8255813953488372, 0.9767441860465116)",1,97.13953488372104,17364
"(0.7906976744186046, 1.0)",1,97.13953488372098,17365
"(0.9302325581395348, 0.9767441860465116)",1,97.13953488372098,17366
"(0.627906976744186, 1.0)",1,97.13953488372096,17367
"(0.7790697674418605, 0.9767441860465116)",1,97.13953488372094,17368
"(0.7906976744186046, 0.9767441860465116)",1,97.13953488372093,17369
"(0.7790697674418605, 0.9651162790697676)",2,97.13953488372093,17371
"(0.8372093023255814, 0.9651162790697676)",1,97.13953488372088,17372
"(0.9534883720930232, 0.9767441860465116)",1,97.13953488372086,17373
"(0.5416666666666666, 0.9861111111111112)",1,97.1388888888891,17374
"(0.8333333333333334, 0.9861111111111112)",1,97.1388888888891,17375
"(0.8333333333333334, 0.9861111111111112)",1,97.13888888888908,17376
"(0.9027777777777778, 0.9861111111111112)",1,97.13888888888908,17377
"(0.9583333333333334, 1.0)",1,97.13888888888908,17378
"(0.8611111111111112, 0.9861111111111112)",1,97.13888888888908,17379
"(0.7361111111111112, 0.9861111111111112)",2,97.13888888888908,17381
"(0.9305555555555556, 0.9722222222222222)",1,97.13888888888906,17382
"(0.9027777777777778, 0.9861111111111112)",1,97.13888888888906,17383
"(0.8194444444444444, 0.9861111111111112)",1,97.13888888888906,17384
"(0.9027777777777778, 0.9722222222222222)",1,97.13888888888906,17385
"(0.9027777777777778, 0.9861111111111112)",2,97.138888888889,17387
"(0.9305555555555556, 0.9861111111111112)",1,97.138888888889,17388
"(0.7777777777777778, 1.0)",1,97.13888888888896,17389
"(0.8333333333333334, 1.0)",1,97.13888888888894,17390
"(0.9027777777777778, 1.0)",4,97.13888888888891,17394
"(0.7916666666666666, 1.0)",1,97.13888888888891,17395
"(0.7361111111111112, 1.0)",1,97.13888888888891,17396
"(0.7916666666666666, 1.0)",1,97.1388888888889,17397
"(0.7916666666666666, 1.0)",4,97.13888888888889,17401
"(0.6111111111111112, 1.0)",1,97.13888888888889,17402
"(0.8055555555555556, 1.0)",1,97.13888888888889,17403
"(0.9291666666666668, 0.9916666666666668)",1,97.13749999999987,17404
"(0.9107142857142856, 0.975)",3,97.13571428571431,17407
"(0.8964285714285715, 0.975)",1,97.13571428571424,17408
"(0.8666666666666667, 0.9833333333333332)",2,97.1333333333334,17410
"(0.95, 0.9833333333333332)",1,97.1333333333334,17411
"(1.0, 0.9833333333333332)",1,97.1333333333334,17412
"(0.9666666666666668, 0.9833333333333332)",1,97.1333333333334,17413
"(0.9833333333333332, 0.9833333333333332)",1,97.1333333333334,17414
"(0.9, 1.0)",1,97.13333333333338,17415
"(0.8833333333333333, 1.0)",1,97.13333333333335,17416
"(0.75, 1.0)",1,97.13333333333335,17417
"(0.9833333333333332, 1.0)",1,97.13333333333335,17418
"(0.8333333333333334, 1.0)",1,97.13333333333335,17419
"(0.9833333333333332, 1.0)",3,97.13333333333333,17422
"(0.9666666666666668, 0.975)",1,97.13333333333333,17423
"(1.0, 1.0)",1,97.13333333333333,17424
"(0.9208333333333332, 0.9875)",2,97.13333333333333,17426
"(0.8833333333333333, 1.0)",1,97.13333333333333,17427
"(0.925, 0.9916666666666668)",1,97.13333333333316,17428
"(0.9714285714285714, 0.9714285714285714)",1,97.13214285714284,17429
"(0.9714285714285714, 0.9714285714285714)",3,97.13214285714284,17432
"(0.8875, 0.9833333333333332)",1,97.12916666666666,17433
"(0.9041666666666668, 0.975)",1,97.12916666666666,17434
"(0.9166666666666666, 0.9666666666666668)",2,97.12916666666658,17436
"(0.925, 0.9714285714285714)",1,97.12857142857143,17437
"(0.9607142857142856, 0.9678571428571427)",1,97.1285714285714,17438
"(0.925, 0.9785714285714284)",1,97.12857142857132,17439
"(0.8837209302325582, 0.9883720930232558)",1,97.12790697674436,17440
"(0.8255813953488372, 0.9767441860465116)",1,97.12790697674428,17441
"(0.6162790697674418, 0.9883720930232558)",1,97.12790697674426,17442
"(0.7325581395348837, 1.0)",1,97.1279069767442,17443
"(0.7906976744186046, 0.9767441860465116)",2,97.12790697674416,17445
"(0.8888888888888888, 0.9861111111111112)",1,97.12500000000024,17446
"(0.9166666666666666, 0.9861111111111112)",2,97.1250000000002,17448
"(0.8888888888888888, 0.9861111111111112)",2,97.1250000000002,17450
"(0.7916666666666666, 0.9861111111111112)",2,97.1250000000002,17452
"(0.8194444444444444, 0.9722222222222222)",1,97.1250000000002,17453
"(0.8194444444444444, 0.9861111111111112)",1,97.1250000000002,17454
"(0.8472222222222222, 0.9861111111111112)",1,97.12500000000018,17455
"(0.8333333333333334, 0.9861111111111112)",1,97.12500000000018,17456
"(0.8472222222222222, 0.9722222222222222)",2,97.12500000000018,17458
"(0.9027777777777778, 0.9722222222222222)",1,97.12500000000018,17459
"(0.9166666666666666, 0.9861111111111112)",1,97.12500000000018,17460
"(0.7777777777777778, 1.0)",2,97.12500000000016,17462
"(0.7222222222222222, 0.9722222222222222)",1,97.12500000000016,17463
"(0.8888888888888888, 0.9861111111111112)",1,97.12500000000016,17464
"(0.7638888888888888, 0.9722222222222222)",1,97.12500000000016,17465
"(0.8472222222222222, 0.9722222222222222)",1,97.12500000000011,17466
"(0.7083333333333334, 1.0)",1,97.12500000000011,17467
"(0.8472222222222222, 1.0)",1,97.12500000000009,17468
"(0.9791666666666666, 0.975)",1,97.12500000000004,17469
"(0.8333333333333334, 1.0)",1,97.12500000000004,17470
"(0.9208333333333332, 0.9833333333333332)",2,97.12500000000004,17472
"(0.7083333333333334, 1.0)",2,97.12500000000004,17474
"(0.925, 0.9714285714285714)",2,97.125,17476
"(0.8055555555555556, 1.0)",1,97.125,17477
"(0.8194444444444444, 1.0)",1,97.125,17478
"(0.8541666666666666, 0.9791666666666666)",1,97.125,17479
"(0.8791666666666667, 0.9666666666666668)",1,97.125,17480
"(0.9607142857142856, 0.9678571428571427)",1,97.125,17481
"(0.75, 1.0)",1,97.125,17482
"(0.9166666666666666, 0.9833333333333332)",1,97.12499999999996,17483
"(0.9083333333333332, 0.9916666666666668)",1,97.1249999999999,17484
"(0.9607142857142856, 0.9714285714285714)",1,97.12142857142852,17485
"(0.9833333333333332, 0.85)",1,97.12083333333332,17486
"(0.9958333333333332, 0.9791666666666666)",1,97.12083333333328,17487
"(0.875, 0.9875)",1,97.12083333333324,17488
"(0.9416666666666668, 0.9833333333333332)",2,97.1208333333332,17490
"(0.8771929824561403, 0.9780701754385964)",1,97.11842105263166,17491
"(0.9642857142857144, 0.9714285714285714)",3,97.11785714285716,17494
"(0.9607142857142856, 0.9714285714285714)",1,97.11785714285706,17495
"(0.9607142857142856, 0.975)",1,97.11785714285703,17496
"(0.9, 1.0)",1,97.11666666666676,17497
"(0.9833333333333332, 0.9833333333333332)",2,97.11666666666672,17499
"(0.9208333333333332, 0.9833333333333332)",1,97.11666666666672,17500
"(0.9, 0.9833333333333332)",1,97.11666666666672,17501
"(0.9166666666666666, 1.0)",1,97.11666666666672,17502
"(0.9166666666666666, 0.9791666666666666)",1,97.1166666666667,17503
"(0.8666666666666667, 1.0)",1,97.11666666666667,17504
"(0.8833333333333333, 1.0)",1,97.11666666666667,17505
"(0.8166666666666667, 1.0)",2,97.11666666666667,17507
"(1.0, 1.0)",1,97.11666666666667,17508
"(0.9875, 0.9666666666666668)",1,97.11666666666667,17509
"(0.9666666666666668, 1.0)",2,97.11666666666667,17511
"(0.9333333333333332, 1.0)",2,97.11666666666667,17513
"(0.95, 1.0)",1,97.11666666666667,17514
"(0.9125, 0.9666666666666668)",1,97.11666666666667,17515
"(0.9833333333333332, 1.0)",1,97.11666666666667,17516
"(0.9541666666666668, 0.9833333333333332)",1,97.11666666666667,17517
"(1.0, 1.0)",1,97.11666666666666,17518
"(0.9375, 0.9916666666666668)",2,97.11666666666666,17520
"(0.9125, 0.975)",1,97.11666666666665,17521
"(0.9375, 0.9875)",1,97.11666666666665,17522
"(0.8023255813953488, 0.9883720930232558)",1,97.11627906976756,17523
"(0.7674418604651163, 0.9883720930232558)",1,97.11627906976754,17524
"(0.7674418604651163, 0.9651162790697676)",1,97.11627906976751,17525
"(0.4651162790697674, 1.0)",1,97.11627906976749,17526
"(0.3372093023255814, 1.0)",1,97.11627906976746,17527
"(0.8837209302325582, 0.9651162790697676)",1,97.11627906976736,17528
"(0.8964285714285715, 0.9785714285714284)",3,97.11428571428571,17531
"(0.9428571428571428, 0.9678571428571427)",3,97.11428571428564,17534
"(0.9375, 0.975)",1,97.1125,17535
"(0.9291666666666668, 0.9833333333333332)",1,97.11249999999994,17536
"(0.9375, 0.975)",1,97.11249999999994,17537
"(0.9625, 0.9833333333333332)",1,97.11249999999993,17538
"(0.9125, 0.9833333333333332)",2,97.1124999999999,17540
"(0.8958333333333334, 0.9916666666666668)",1,97.11249999999988,17541
"(0.9305555555555556, 0.9861111111111112)",1,97.11111111111131,17542
"(0.9166666666666666, 0.9722222222222222)",1,97.11111111111131,17543
"(0.8611111111111112, 0.9861111111111112)",4,97.11111111111131,17547
"(0.8194444444444444, 0.9861111111111112)",1,97.11111111111131,17548
"(0.5833333333333334, 0.9861111111111112)",1,97.11111111111131,17549
"(0.7916666666666666, 0.9861111111111112)",1,97.1111111111113,17550
"(0.875, 0.9861111111111112)",1,97.1111111111113,17551
"(0.9444444444444444, 0.9722222222222222)",1,97.1111111111113,17552
"(0.9027777777777778, 0.9861111111111112)",1,97.1111111111113,17553
"(0.8333333333333334, 0.9861111111111112)",1,97.1111111111113,17554
"(0.8611111111111112, 0.9861111111111112)",1,97.11111111111128,17555
"(0.9722222222222222, 0.9861111111111112)",1,97.11111111111128,17556
"(0.8888888888888888, 0.9722222222222222)",1,97.11111111111126,17557
"(0.8194444444444444, 0.9861111111111112)",1,97.11111111111116,17558
"(0.7361111111111112, 1.0)",3,97.11111111111111,17561
"(0.9027777777777778, 1.0)",2,97.11111111111111,17563
"(0.9444444444444444, 1.0)",1,97.11111111111111,17564
"(0.8888888888888888, 1.0)",1,97.11111111111111,17565
"(0.8472222222222222, 1.0)",1,97.1111111111111,17566
"(0.9714285714285714, 0.975)",3,97.11071428571428,17569
"(0.9035714285714286, 0.9642857142857144)",1,97.1107142857142,17570
"(0.8125, 0.9875)",1,97.1083333333333,17571
"(0.9541666666666668, 0.9791666666666666)",1,97.1083333333333,17572
"(0.9541666666666668, 0.9791666666666666)",1,97.10833333333328,17573
"(0.95, 0.9875)",1,97.10833333333328,17574
"(0.9291666666666668, 0.9833333333333332)",1,97.10833333333328,17575
"(0.9125, 0.9583333333333334)",1,97.10833333333328,17576
"(0.9083333333333332, 0.9833333333333332)",1,97.10833333333326,17577
"(0.925, 0.9714285714285714)",3,97.10714285714282,17580
"(0.95, 0.9714285714285714)",1,97.1071428571428,17581
"(0.9642857142857144, 0.9678571428571427)",1,97.1071428571428,17582
"(0.925438596491228, 0.9912280701754386)",4,97.10526315789473,17586
"(0.7093023255813954, 0.9883720930232558)",1,97.10465116279089,17587
"(0.8488372093023255, 0.9767441860465116)",2,97.10465116279086,17589
"(0.8488372093023255, 0.9883720930232558)",1,97.1046511627908,17590
"(0.7209302325581395, 0.9883720930232558)",1,97.1046511627908,17591
"(0.8953488372093024, 0.9767441860465116)",1,97.1046511627908,17592
"(0.813953488372093, 0.9883720930232558)",1,97.10465116279076,17593
"(0.8953488372093024, 0.9883720930232558)",1,97.10465116279076,17594
"(0.7906976744186046, 0.9651162790697676)",1,97.10465116279072,17595
"(0.627906976744186, 1.0)",1,97.10465116279072,17596
"(0.9302325581395348, 0.9651162790697676)",1,97.10465116279067,17597
"(0.8604651162790697, 0.9651162790697676)",1,97.10465116279056,17598
"(0.9310810810810812, 0.9787162162162162)",1,97.10439189189196,17599
"(0.95, 0.9791666666666666)",1,97.10416666666676,17600
"(0.9208333333333332, 0.9833333333333332)",1,97.10416666666671,17601
"(0.9166666666666666, 0.9791666666666666)",1,97.10416666666664,17602
"(0.8125, 0.9833333333333332)",1,97.10416666666664,17603
"(0.8875, 0.9708333333333332)",1,97.1041666666666,17604
"(0.9583333333333334, 0.975)",1,97.1041666666666,17605
"(0.9078947368421052, 0.9912280701754386)",3,97.10087719298242,17608
"(1.0, 0.9833333333333332)",2,97.10000000000008,17610
"(0.8833333333333333, 1.0)",1,97.10000000000008,17611
"(0.9166666666666666, 0.9833333333333332)",1,97.10000000000008,17612
"(0.95, 0.9833333333333332)",2,97.10000000000008,17614
"(0.95, 0.9833333333333332)",1,97.10000000000008,17615
"(0.8333333333333334, 1.0)",1,97.10000000000008,17616
"(0.75, 1.0)",1,97.10000000000004,17617
"(0.9166666666666666, 1.0)",1,97.10000000000004,17618
"(0.9166666666666666, 1.0)",1,97.10000000000004,17619
"(0.85, 1.0)",1,97.10000000000002,17620
"(0.95, 1.0)",1,97.10000000000002,17621
"(0.95, 1.0)",2,97.1,17623
"(0.6833333333333333, 1.0)",1,97.1,17624
"(0.9166666666666666, 1.0)",1,97.1,17625
"(0.9666666666666668, 1.0)",1,97.1,17626
"(0.9833333333333332, 0.9875)",1,97.1,17627
"(0.8833333333333333, 1.0)",1,97.1,17628
"(0.9678571428571427, 0.975)",1,97.09999999999997,17629
"(0.9375, 0.9833333333333332)",1,97.09999999999997,17630
"(0.9833333333333332, 0.9875)",1,97.09999999999997,17631
"(0.9666666666666668, 0.9916666666666668)",1,97.09999999999997,17632
"(0.8958333333333334, 0.9875)",1,97.09999999999997,17633
"(0.9416666666666668, 0.9833333333333332)",2,97.09999999999994,17635
"(0.9142857142857144, 0.9785714285714284)",1,97.09999999999994,17636
"(0.9416666666666668, 0.975)",1,97.09999999999994,17637
"(0.9785714285714284, 0.975)",3,97.09999999999992,17640
"(0.9607142857142856, 0.9821428571428572)",6,97.09999999999988,17646
"(0.9833333333333332, 0.9916666666666668)",1,97.09999999999984,17647
"(0.8472222222222222, 0.9722222222222222)",1,97.09722222222244,17648
"(0.9166666666666666, 0.9861111111111112)",1,97.0972222222224,17649
"(0.8194444444444444, 0.9722222222222222)",1,97.0972222222224,17650
"(0.5416666666666666, 0.9861111111111112)",1,97.0972222222224,17651
"(0.875, 0.9861111111111112)",1,97.09722222222238,17652
"(0.8611111111111112, 0.9861111111111112)",1,97.09722222222238,17653
"(0.8472222222222222, 0.9722222222222222)",1,97.09722222222238,17654
"(0.7916666666666666, 0.9861111111111112)",1,97.09722222222236,17655
"(0.75, 0.9861111111111112)",1,97.09722222222236,17656
"(0.75, 0.9861111111111112)",1,97.09722222222236,17657
"(0.9305555555555556, 0.9722222222222222)",1,97.09722222222236,17658
"(0.8333333333333334, 0.9861111111111112)",1,97.09722222222236,17659
"(0.9305555555555556, 0.9861111111111112)",1,97.09722222222236,17660
"(0.9444444444444444, 0.9722222222222222)",1,97.09722222222236,17661
"(0.6944444444444444, 0.9861111111111112)",1,97.09722222222236,17662
"(0.9444444444444444, 0.9861111111111112)",1,97.09722222222234,17663
"(0.8611111111111112, 0.9861111111111112)",1,97.09722222222234,17664
"(0.9444444444444444, 1.0)",1,97.09722222222229,17665
"(0.8333333333333334, 1.0)",1,97.09722222222226,17666
"(0.7083333333333334, 1.0)",1,97.09722222222224,17667
"(0.8535714285714285, 0.9785714285714284)",2,97.09642857142848,17669
"(0.8458333333333333, 0.9791666666666666)",1,97.09583333333336,17670
"(0.9208333333333332, 0.9833333333333332)",1,97.09583333333336,17671
"(0.9125, 0.9791666666666666)",1,97.09583333333336,17672
"(0.9625, 0.9875)",1,97.09583333333332,17673
"(0.9375, 0.9875)",1,97.09583333333332,17674
"(0.8833333333333333, 0.9875)",1,97.09583333333327,17675
"(0.9666666666666668, 0.9708333333333332)",1,97.09583333333327,17676
"(0.9916666666666668, 0.9833333333333332)",1,97.09583333333325,17677
"(0.9651162790697676, 0.9767441860465116)",1,97.09302325581412,17678
"(0.7209302325581395, 0.9767441860465116)",1,97.0930232558141,17679
"(0.9651162790697676, 0.9767441860465116)",1,97.09302325581407,17680
"(0.9418604651162792, 0.9883720930232558)",1,97.09302325581407,17681
"(0.7093023255813954, 0.9883720930232558)",1,97.09302325581405,17682
"(0.7674418604651163, 0.9883720930232558)",1,97.09302325581405,17683
"(0.8837209302325582, 0.9883720930232558)",2,97.09302325581402,17685
"(0.8372093023255814, 0.9651162790697676)",2,97.09302325581396,17687
"(0.7441860465116279, 0.9767441860465116)",1,97.09302325581396,17688
"(0.8958333333333334, 0.9791666666666666)",1,97.09166666666675,17689
"(0.9666666666666668, 0.9708333333333332)",1,97.09166666666664,17690
"(0.9083333333333332, 0.9708333333333332)",1,97.09166666666664,17691
"(0.95, 0.9833333333333332)",1,97.0916666666666,17692
"(0.9791666666666666, 0.9833333333333332)",1,97.0916666666666,17693
"(0.9083333333333332, 0.9791666666666666)",1,97.0916666666666,17694
"(0.9666666666666668, 0.9375)",1,97.0916666666666,17695
"(0.9666666666666668, 0.975)",1,97.09166666666658,17696
"(0.9714285714285714, 0.9678571428571427)",1,97.08928571428564,17697
"(0.53, 0.99)",1,97.08874999999988,17698
"(0.9125, 0.9833333333333332)",2,97.08750000000006,17700
"(0.9458333333333332, 0.9708333333333332)",1,97.0875,17701
"(0.8958333333333334, 0.975)",1,97.08749999999988,17702
"(0.8916666666666667, 0.9916666666666668)",1,97.08749999999982,17703
"(0.9571428571428572, 0.9678571428571427)",3,97.08571428571425,17706
"(0.8535714285714285, 0.975)",1,97.08571428571425,17707
"(0.9785714285714284, 0.9678571428571427)",1,97.0857142857142,17708
"(0.7916666666666666, 0.9861111111111112)",1,97.08333333333354,17709
"(0.8333333333333334, 0.9861111111111112)",1,97.08333333333354,17710
"(0.9166666666666666, 0.9861111111111112)",1,97.08333333333354,17711
"(0.9027777777777778, 0.9861111111111112)",1,97.08333333333351,17712
"(0.8472222222222222, 0.9861111111111112)",1,97.08333333333351,17713
"(0.5555555555555556, 0.9861111111111112)",1,97.08333333333351,17714
"(0.8472222222222222, 0.9722222222222222)",1,97.08333333333351,17715
"(0.6944444444444444, 0.9861111111111112)",1,97.08333333333351,17716
"(0.875, 0.9861111111111112)",2,97.08333333333351,17718
"(0.875, 0.9861111111111112)",1,97.08333333333351,17719
"(0.875, 0.9861111111111112)",1,97.08333333333348,17720
"(0.875, 1.0)",1,97.08333333333348,17721
"(0.7638888888888888, 0.9861111111111112)",1,97.08333333333348,17722
"(0.8611111111111112, 0.9861111111111112)",1,97.08333333333346,17723
"(0.6944444444444444, 1.0)",1,97.08333333333344,17724
"(1.0, 0.9833333333333332)",1,97.08333333333344,17725
"(0.7777777777777778, 1.0)",1,97.08333333333344,17726
"(0.95, 0.9833333333333332)",1,97.0833333333334,17727
"(0.8611111111111112, 1.0)",1,97.0833333333334,17728
"(0.9166666666666666, 0.9833333333333332)",1,97.0833333333334,17729
"(0.7361111111111112, 1.0)",1,97.0833333333334,17730
"(0.9333333333333332, 0.9833333333333332)",1,97.0833333333334,17731
"(0.6666666666666666, 1.0)",2,97.08333333333336,17733
"(0.9833333333333332, 1.0)",1,97.08333333333336,17734
"(0.7166666666666667, 1.0)",1,97.08333333333336,17735
"(0.75, 1.0)",1,97.08333333333336,17736
"(0.8611111111111112, 1.0)",1,97.08333333333336,17737
"(0.7666666666666667, 1.0)",1,97.08333333333334,17738
"(0.7833333333333333, 1.0)",1,97.08333333333334,17739
"(1.0, 1.0)",1,97.08333333333334,17740
"(0.8833333333333333, 1.0)",1,97.08333333333334,17741
"(0.9, 1.0)",1,97.08333333333331,17742
"(0.75, 1.0)",1,97.08333333333331,17743
"(0.9666666666666668, 1.0)",1,97.08333333333331,17744
"(0.9458333333333332, 0.975)",1,97.08333333333331,17745
"(0.9458333333333332, 0.9791666666666666)",1,97.08333333333331,17746
"(0.9875, 0.975)",1,97.08333333333331,17747
"(0.85, 1.0)",1,97.08333333333331,17748
"(0.8833333333333333, 1.0)",1,97.08333333333331,17749
"(0.9083333333333332, 0.975)",1,97.0833333333333,17750
"(0.9291666666666668, 0.9916666666666668)",1,97.08333333333329,17751
"(0.85, 0.9958333333333332)",1,97.0833333333332,17752
"(0.4, 0.976470588235294)",1,97.08235294117638,17753
"(0.9714285714285714, 0.975)",3,97.08214285714278,17756
"(0.8604651162790697, 0.9767441860465116)",1,97.0813953488374,17757
"(0.9302325581395348, 0.9767441860465116)",1,97.08139534883736,17758
"(0.7790697674418605, 0.9767441860465116)",1,97.08139534883736,17759
"(0.8837209302325582, 0.9883720930232558)",2,97.08139534883728,17761
"(0.8837209302325582, 0.9767441860465116)",1,97.08139534883726,17762
"(0.8488372093023255, 1.0)",2,97.08139534883723,17764
"(0.9302325581395348, 0.9767441860465116)",1,97.08139534883723,17765
"(0.8953488372093024, 0.9651162790697676)",2,97.0813953488372,17767
"(0.8372093023255814, 0.9651162790697676)",2,97.0813953488372,17769
"(0.8372093023255814, 0.9651162790697676)",1,97.08139534883716,17770
"(0.8837209302325582, 0.9767441860465116)",1,97.0813953488371,17771
"(0.9083333333333332, 0.9791666666666666)",1,97.07916666666677,17772
"(0.9875, 0.9791666666666666)",1,97.07916666666674,17773
"(0.9291666666666668, 0.9791666666666666)",1,97.0791666666667,17774
"(0.9416666666666668, 0.9791666666666666)",1,97.07916666666664,17775
"(0.9291666666666668, 0.9833333333333332)",2,97.0791666666666,17777
"(0.9142857142857144, 0.975)",1,97.07857142857137,17778
"(0.9642857142857144, 0.975)",2,97.07857142857134,17780
"(0.8791666666666667, 0.9791666666666666)",1,97.07500000000006,17781
"(0.8666666666666667, 0.975)",1,97.07499999999996,17782
"(0.9166666666666666, 0.975)",1,97.07499999999996,17783
"(0.9142857142857144, 0.975)",2,97.07499999999996,17785
"(0.8625, 0.9916666666666668)",1,97.07499999999987,17786
"(0.8571428571428571, 0.975)",1,97.0714285714285,17787
"(0.9666666666666668, 0.9791666666666666)",1,97.07083333333333,17788
"(0.8958333333333334, 0.9791666666666666)",1,97.07083333333333,17789
"(0.9833333333333332, 0.9916666666666668)",1,97.07083333333328,17790
"(0.9875, 0.9833333333333332)",1,97.07083333333324,17791
"(0.9375, 0.9916666666666668)",1,97.0708333333332,17792
"(0.8953488372093024, 0.9767441860465116)",1,97.0697674418606,17793
"(0.8255813953488372, 0.9767441860465116)",1,97.0697674418606,17794
"(0.8255813953488372, 0.9883720930232558)",1,97.0697674418606,17795
"(0.8255813953488372, 0.9767441860465116)",1,97.0697674418606,17796
"(0.8488372093023255, 0.9883720930232558)",1,97.06976744186056,17797
"(0.9186046511627908, 0.9883720930232558)",1,97.06976744186052,17798
"(0.8837209302325582, 1.0)",1,97.0697674418605,17799
"(0.9186046511627908, 0.9651162790697676)",1,97.06976744186048,17800
"(0.8255813953488372, 0.9767441860465116)",1,97.06976744186046,17801
"(0.8953488372093024, 0.9651162790697676)",2,97.06976744186044,17803
"(0.8837209302325582, 0.9767441860465116)",1,97.06976744186044,17804
"(0.8372093023255814, 0.9767441860465116)",1,97.06976744186038,17805
"(0.8888888888888888, 0.9722222222222222)",1,97.06944444444466,17806
"(0.9444444444444444, 0.9861111111111112)",1,97.06944444444464,17807
"(0.8194444444444444, 0.9861111111111112)",1,97.06944444444464,17808
"(0.9027777777777778, 0.9722222222222222)",1,97.06944444444464,17809
"(0.9027777777777778, 0.9861111111111112)",1,97.06944444444464,17810
"(0.8472222222222222, 0.9722222222222222)",1,97.0694444444446,17811
"(0.9305555555555556, 0.9861111111111112)",1,97.0694444444446,17812
"(0.8611111111111112, 0.9722222222222222)",1,97.0694444444446,17813
"(0.8888888888888888, 0.9861111111111112)",2,97.0694444444446,17815
"(0.8888888888888888, 0.9722222222222222)",1,97.0694444444446,17816
"(0.875, 0.9861111111111112)",1,97.0694444444446,17817
"(0.9444444444444444, 0.9722222222222222)",2,97.0694444444446,17819
"(0.9166666666666666, 0.9722222222222222)",1,97.0694444444446,17820
"(0.6944444444444444, 0.9861111111111112)",1,97.06944444444458,17821
"(0.875, 0.9861111111111112)",2,97.06944444444458,17823
"(0.8888888888888888, 0.9722222222222222)",1,97.06944444444454,17824
"(0.8333333333333334, 1.0)",1,97.06944444444451,17825
"(0.7083333333333334, 1.0)",1,97.06944444444451,17826
"(0.9583333333333334, 1.0)",2,97.0694444444445,17828
"(0.8888888888888888, 1.0)",1,97.06944444444446,17829
"(0.9666666666666668, 0.9833333333333332)",1,97.06666666666676,17830
"(0.9166666666666666, 1.0)",1,97.06666666666676,17831
"(0.9083333333333332, 0.9791666666666666)",1,97.06666666666676,17832
"(0.95, 0.9833333333333332)",2,97.06666666666672,17834
"(0.85, 1.0)",1,97.06666666666672,17835
"(0.9333333333333332, 0.9833333333333332)",2,97.06666666666672,17837
"(0.9, 0.9833333333333332)",2,97.06666666666672,17839
"(0.8833333333333333, 1.0)",2,97.06666666666672,17841
"(0.8, 0.9833333333333332)",1,97.06666666666672,17842
"(1.0, 1.0)",1,97.06666666666668,17843
"(0.9166666666666666, 0.9958333333333332)",2,97.06666666666668,17845
"(0.9, 1.0)",1,97.06666666666668,17846
"(0.8833333333333333, 1.0)",1,97.06666666666666,17847
"(0.9833333333333332, 1.0)",1,97.06666666666666,17848
"(0.8, 1.0)",1,97.06666666666666,17849
"(0.9666666666666668, 1.0)",1,97.06666666666666,17850
"(0.9166666666666666, 0.9833333333333332)",2,97.06666666666663,17852
"(0.9208333333333332, 0.9958333333333332)",1,97.06666666666663,17853
"(0.8916666666666667, 0.975)",1,97.06666666666663,17854
"(0.9125, 0.9625)",1,97.06666666666662,17855
"(0.9375, 0.975)",1,97.0666666666666,17856
"(0.9625, 0.9875)",1,97.06666666666656,17857
"(0.9, 0.9875)",1,97.06666666666646,17858
"(0.9607142857142856, 0.9714285714285714)",1,97.06428571428565,17859
"(0.8875, 0.9833333333333332)",1,97.06250000000006,17860
"(0.9125, 0.9791666666666666)",1,97.06250000000004,17861
"(0.9208333333333332, 0.9833333333333332)",1,97.06250000000004,17862
"(0.9083333333333332, 0.9666666666666668)",1,97.06249999999991,17863
"(0.9125, 0.9916666666666668)",1,97.0624999999998,17864
"(0.9071428571428573, 0.9714285714285714)",1,97.06071428571428,17865
"(0.8857142857142857, 0.975)",1,97.06071428571418,17866
"(0.9875, 0.9875)",1,97.05833333333338,17867
"(0.9166666666666666, 0.9833333333333332)",1,97.05833333333337,17868
"(0.8916666666666667, 0.9916666666666668)",1,97.05833333333328,17869
"(0.9458333333333332, 0.9916666666666668)",1,97.0583333333332,17870
"(0.9083333333333332, 0.9833333333333332)",1,97.05833333333318,17871
"(0.9302325581395348, 0.9767441860465116)",1,97.05813953488384,17872
"(0.9186046511627908, 0.9767441860465116)",1,97.05813953488382,17873
"(0.8953488372093024, 0.9883720930232558)",1,97.05813953488382,17874
"(0.8604651162790697, 0.9883720930232558)",1,97.05813953488382,17875
"(0.7441860465116279, 1.0)",1,97.0581395348838,17876
"(0.7674418604651163, 0.9883720930232558)",1,97.05813953488376,17877
"(0.8837209302325582, 0.9767441860465116)",1,97.0581395348837,17878
"(0.8837209302325582, 0.9767441860465116)",1,97.05813953488368,17879
"(0.95, 0.975)",1,97.05714285714278,17880
"(0.7361111111111112, 0.9861111111111112)",1,97.05555555555576,17881
"(0.7638888888888888, 0.9861111111111112)",1,97.05555555555576,17882
"(0.8888888888888888, 0.9722222222222222)",2,97.05555555555576,17884
"(0.9027777777777778, 0.9861111111111112)",1,97.05555555555574,17885
"(0.8888888888888888, 0.9861111111111112)",1,97.05555555555574,17886
"(0.5833333333333334, 0.9861111111111112)",1,97.05555555555574,17887
"(0.7638888888888888, 0.9861111111111112)",1,97.05555555555574,17888
"(0.7083333333333334, 0.9861111111111112)",1,97.05555555555574,17889
"(0.875, 0.9861111111111112)",2,97.05555555555574,17891
"(0.8194444444444444, 0.9861111111111112)",1,97.05555555555574,17892
"(0.875, 0.9722222222222222)",1,97.05555555555571,17893
"(0.8472222222222222, 0.9861111111111112)",1,97.05555555555571,17894
"(0.8333333333333334, 0.9722222222222222)",1,97.05555555555571,17895
"(0.7361111111111112, 0.9861111111111112)",1,97.05555555555571,17896
"(0.8888888888888888, 0.9861111111111112)",1,97.05555555555571,17897
"(0.8333333333333334, 0.9861111111111112)",2,97.05555555555571,17899
"(0.875, 0.9861111111111112)",1,97.05555555555571,17900
"(0.7638888888888888, 0.9861111111111112)",1,97.0555555555557,17901
"(0.8194444444444444, 0.9861111111111112)",1,97.05555555555569,17902
"(0.8333333333333334, 0.9861111111111112)",1,97.05555555555564,17903
"(0.9027777777777778, 1.0)",1,97.0555555555556,17904
"(0.625, 1.0)",1,97.05555555555556,17905
"(0.9027777777777778, 1.0)",1,97.05555555555556,17906
"(0.6944444444444444, 1.0)",1,97.05555555555556,17907
"(0.7777777777777778, 1.0)",1,97.05555555555556,17908
"(0.8055555555555556, 1.0)",1,97.05555555555554,17909
"(0.8916666666666667, 0.975)",1,97.05416666666665,17910
"(0.9083333333333332, 0.9791666666666666)",1,97.05416666666665,17911
"(0.975, 0.95)",1,97.05416666666662,17912
"(0.925, 0.9583333333333334)",2,97.05416666666662,17914
"(0.8625, 0.9916666666666668)",1,97.05416666666656,17915
"(0.50375, 0.98625)",1,97.05374999999984,17916
"(0.95, 0.9785714285714284)",1,97.05357142857136,17917
"(0.95, 0.9833333333333332)",2,97.0500000000001,17919
"(0.7666666666666667, 1.0)",1,97.05000000000008,17920
"(0.8833333333333333, 1.0)",1,97.05000000000004,17921
"(0.9, 1.0)",1,97.05000000000004,17922
"(0.9166666666666666, 1.0)",1,97.05000000000004,17923
"(0.9166666666666666, 0.9833333333333332)",1,97.05000000000004,17924
"(0.9375, 0.9791666666666666)",1,97.05,17925
"(0.9666666666666668, 1.0)",1,97.05,17926
"(0.7333333333333333, 1.0)",1,97.05,17927
"(0.7666666666666667, 1.0)",1,97.05,17928
"(0.85, 1.0)",1,97.05,17929
"(0.8666666666666667, 1.0)",1,97.05,17930
"(0.95, 1.0)",1,97.05,17931
"(0.8333333333333334, 1.0)",2,97.05,17933
"(0.8833333333333333, 1.0)",1,97.05,17934
"(0.9875, 0.9958333333333332)",1,97.05,17935
"(0.8333333333333334, 1.0)",1,97.05,17936
"(0.9833333333333332, 1.0)",2,97.05,17938
"(0.975, 0.9958333333333332)",1,97.04999999999998,17939
"(0.9642857142857144, 0.9714285714285714)",1,97.04999999999995,17940
"(0.9166666666666666, 0.975)",1,97.04999999999994,17941
"(0.9541666666666668, 0.9875)",1,97.04999999999993,17942
"(0.9535714285714286, 0.975)",3,97.0499999999999,17945
"(0.9375, 0.9916666666666668)",1,97.04999999999988,17946
"(0.8255813953488372, 0.9767441860465116)",1,97.04651162790714,17947
"(0.8255813953488372, 0.9767441860465116)",1,97.04651162790712,17948
"(0.8837209302325582, 0.9767441860465116)",1,97.04651162790712,17949
"(0.7674418604651163, 0.9767441860465116)",1,97.0465116279071,17950
"(0.9302325581395348, 0.9767441860465116)",1,97.0465116279071,17951
"(0.8837209302325582, 0.9883720930232558)",1,97.04651162790708,17952
"(0.813953488372093, 0.9883720930232558)",2,97.04651162790704,17954
"(0.7790697674418605, 0.9883720930232558)",1,97.04651162790702,17955
"(0.3372093023255814, 1.0)",1,97.046511627907,17956
"(0.2906976744186046, 0.9883720930232558)",1,97.046511627907,17957
"(0.872093023255814, 0.9651162790697676)",1,97.04651162790698,17958
"(0.7790697674418605, 0.9767441860465116)",1,97.04651162790698,17959
"(0.8837209302325582, 0.9651162790697676)",2,97.04651162790697,17961
"(0.8604651162790697, 0.9767441860465116)",1,97.04651162790692,17962
"(0.925, 0.9791666666666666)",1,97.04583333333338,17963
"(0.8666666666666667, 0.9833333333333332)",1,97.04583333333332,17964
"(0.9458333333333332, 0.9916666666666668)",1,97.04583333333318,17965
"(0.9310810810810812, 0.9780405405405406)",1,97.0456081081082,17966
"(0.9321428571428572, 0.9678571428571427)",1,97.04285714285712,17967
"(0.9678571428571427, 0.9714285714285714)",6,97.04285714285705,17973
"(0.9428571428571428, 0.9642857142857144)",1,97.04285714285705,17974
"(0.9166666666666666, 0.9722222222222222)",1,97.0416666666669,17975
"(0.9027777777777778, 0.9861111111111112)",1,97.04166666666688,17976
"(0.8611111111111112, 0.9861111111111112)",1,97.04166666666688,17977
"(0.8333333333333334, 0.9861111111111112)",1,97.04166666666688,17978
"(0.9305555555555556, 0.9722222222222222)",1,97.04166666666688,17979
"(0.8333333333333334, 0.9861111111111112)",1,97.04166666666686,17980
"(0.7638888888888888, 0.9861111111111112)",1,97.04166666666686,17981
"(0.7083333333333334, 0.9861111111111112)",1,97.04166666666686,17982
"(0.875, 0.9861111111111112)",1,97.04166666666686,17983
"(0.8194444444444444, 0.9861111111111112)",1,97.04166666666684,17984
"(0.9027777777777778, 0.9861111111111112)",2,97.04166666666684,17986
"(0.9027777777777778, 0.9861111111111112)",1,97.04166666666684,17987
"(0.9166666666666666, 0.9722222222222222)",1,97.04166666666684,17988
"(0.6805555555555556, 0.9861111111111112)",1,97.04166666666684,17989
"(0.9166666666666666, 0.9861111111111112)",2,97.04166666666684,17991
"(0.8055555555555556, 0.9722222222222222)",1,97.0416666666668,17992
"(0.8611111111111112, 0.9861111111111112)",1,97.0416666666668,17993
"(0.9305555555555556, 1.0)",2,97.0416666666668,17995
"(0.9444444444444444, 1.0)",1,97.0416666666668,17996
"(0.7638888888888888, 1.0)",1,97.0416666666668,17997
"(0.9027777777777778, 0.9861111111111112)",1,97.0416666666668,17998
"(0.8333333333333334, 0.9861111111111112)",1,97.04166666666676,17999
"(0.95, 0.9791666666666666)",1,97.04166666666676,18000
"(0.7083333333333334, 1.0)",1,97.04166666666676,18001
"(0.8611111111111112, 1.0)",1,97.04166666666674,18002
"(0.8055555555555556, 1.0)",1,97.04166666666671,18003
"(0.7777777777777778, 1.0)",1,97.04166666666671,18004
"(0.9208333333333332, 0.9833333333333332)",1,97.04166666666669,18005
"(0.7361111111111112, 1.0)",2,97.04166666666669,18007
"(0.9444444444444444, 1.0)",1,97.04166666666669,18008
"(0.8194444444444444, 1.0)",2,97.04166666666669,18010
"(0.9027777777777778, 0.9861111111111112)",2,97.04166666666669,18012
"(0.975, 0.975)",1,97.04166666666666,18013
"(0.8958333333333334, 0.9791666666666666)",1,97.04166666666666,18014
"(0.925, 0.975)",2,97.04166666666664,18016
"(0.9541666666666668, 0.975)",1,97.0416666666666,18017
"(0.925, 0.975)",1,97.0416666666666,18018
"(0.9458333333333332, 0.9708333333333332)",1,97.0416666666666,18019
"(0.9458333333333332, 0.9875)",1,97.0416666666666,18020
"(0.9708333333333332, 0.8541666666666666)",1,97.0416666666666,18021
"(0.8875, 0.9791666666666666)",1,97.03750000000004,18022
"(0.9625, 0.975)",1,97.0375,18023
"(0.9166666666666666, 0.9791666666666666)",1,97.03749999999997,18024
"(0.9416666666666668, 0.9833333333333332)",1,97.03749999999997,18025
"(0.8666666666666667, 0.9625)",1,97.03749999999997,18026
"(0.9583333333333334, 0.9916666666666668)",1,97.03749999999992,18027
"(0.9083333333333332, 0.9833333333333332)",1,97.0374999999999,18028
"(0.8958333333333334, 0.9875)",1,97.03749999999988,18029
"(0.9428571428571428, 0.9678571428571427)",1,97.03571428571426,18030
"(0.925, 0.9785714285714284)",2,97.03571428571422,18032
"(0.9385964912280702, 0.9912280701754386)",4,97.03508771929825,18036
"(0.7093023255813954, 0.9767441860465116)",1,97.03488372093044,18037
"(0.7558139534883721, 0.9767441860465116)",1,97.0348837209304,18038
"(0.9418604651162792, 0.9767441860465116)",1,97.03488372093038,18039
"(0.8488372093023255, 0.9883720930232558)",1,97.03488372093038,18040
"(0.7674418604651163, 0.9883720930232558)",1,97.03488372093032,18041
"(0.5697674418604651, 0.9883720930232558)",1,97.03488372093032,18042
"(0.8255813953488372, 0.9883720930232558)",1,97.0348837209303,18043
"(0.8255813953488372, 0.9767441860465116)",1,97.0348837209303,18044
"(0.8837209302325582, 0.9883720930232558)",1,97.03488372093028,18045
"(0.8837209302325582, 0.9651162790697676)",1,97.03488372093028,18046
"(0.8953488372093024, 0.9767441860465116)",1,97.03488372093024,18047
"(0.8953488372093024, 0.9651162790697676)",1,97.03488372093024,18048
"(0.8023255813953488, 0.9767441860465116)",2,97.03488372093022,18050
"(0.9666666666666668, 0.9833333333333332)",1,97.03333333333345,18051
"(0.9166666666666666, 1.0)",1,97.03333333333345,18052
"(0.95, 0.9833333333333332)",2,97.03333333333345,18054
"(0.9333333333333332, 0.9833333333333332)",2,97.03333333333342,18056
"(0.95, 0.9833333333333332)",1,97.0333333333334,18057
"(0.8166666666666667, 1.0)",2,97.0333333333334,18059
"(0.9333333333333332, 0.9833333333333332)",2,97.0333333333334,18061
"(0.9, 1.0)",1,97.03333333333336,18062
"(0.75, 1.0)",1,97.03333333333336,18063
"(0.9, 1.0)",1,97.03333333333336,18064
"(0.7333333333333333, 1.0)",1,97.03333333333336,18065
"(0.85, 1.0)",1,97.03333333333336,18066
"(0.8458333333333333, 0.9791666666666666)",1,97.03333333333336,18067
"(0.85, 1.0)",1,97.03333333333332,18068
"(0.9833333333333332, 1.0)",2,97.03333333333332,18070
"(0.7333333333333333, 1.0)",1,97.03333333333332,18071
"(0.75, 1.0)",1,97.03333333333332,18072
"(0.9666666666666668, 1.0)",1,97.03333333333332,18073
"(1.0, 1.0)",1,97.03333333333332,18074
"(0.8666666666666667, 0.975)",1,97.03333333333327,18075
"(0.9375, 0.9875)",1,97.03333333333327,18076
"(0.8125, 0.975)",1,97.03333333333327,18077
"(0.8875, 0.9875)",2,97.03333333333325,18079
"(0.9125, 0.9625)",2,97.03333333333325,18081
"(0.9428571428571428, 0.9785714285714284)",1,97.03214285714272,18082
"(0.868421052631579, 0.9736842105263158)",1,97.03070175438596,18083
"(0.95, 0.9791666666666666)",1,97.02916666666675,18084
"(0.925, 0.9916666666666668)",1,97.02916666666664,18085
"(0.8791666666666667, 0.975)",1,97.02916666666664,18086
"(0.95, 0.9833333333333332)",2,97.02916666666664,18088
"(0.9666666666666668, 0.9875)",2,97.0291666666666,18090
"(0.9607142857142856, 0.9785714285714284)",1,97.02857142857135,18091
"(0.9642857142857144, 0.9714285714285714)",2,97.02857142857134,18093
"(0.8333333333333334, 0.9861111111111112)",1,97.02777777777798,18094
"(0.7083333333333334, 0.9861111111111112)",1,97.02777777777798,18095
"(0.9027777777777778, 0.9583333333333334)",1,97.02777777777798,18096
"(0.9305555555555556, 0.9861111111111112)",1,97.02777777777796,18097
"(0.7083333333333334, 0.9861111111111112)",1,97.02777777777796,18098
"(0.875, 0.9861111111111112)",1,97.02777777777796,18099
"(0.6944444444444444, 0.9722222222222222)",1,97.02777777777796,18100
"(0.875, 0.9722222222222222)",1,97.02777777777796,18101
"(0.9027777777777778, 0.9861111111111112)",1,97.02777777777796,18102
"(0.9166666666666666, 0.9861111111111112)",1,97.02777777777796,18103
"(0.9305555555555556, 0.9861111111111112)",2,97.02777777777796,18105
"(0.8194444444444444, 0.9861111111111112)",1,97.02777777777796,18106
"(0.8611111111111112, 0.9861111111111112)",1,97.02777777777796,18107
"(0.8888888888888888, 0.9722222222222222)",1,97.02777777777794,18108
"(0.8888888888888888, 1.0)",4,97.02777777777791,18112
"(0.8194444444444444, 0.9861111111111112)",1,97.02777777777791,18113
"(0.9166666666666666, 0.9722222222222222)",1,97.02777777777791,18114
"(0.9166666666666666, 1.0)",1,97.02777777777789,18115
"(0.875, 1.0)",1,97.02777777777784,18116
"(0.9583333333333334, 1.0)",4,97.0277777777778,18120
"(0.9305555555555556, 0.9861111111111112)",1,97.0277777777778,18121
"(0.7361111111111112, 1.0)",1,97.0277777777778,18122
"(0.8875, 0.9791666666666666)",1,97.02500000000003,18123
"(0.9642857142857144, 0.9678571428571427)",1,97.0249999999999,18124
"(0.9125, 0.9916666666666668)",2,97.02499999999984,18126
"(0.902027027027027, 0.9783783783783784)",1,97.02398648648656,18127
"(0.9302325581395348, 0.9883720930232558)",1,97.02325581395364,18128
"(0.8488372093023255, 0.9767441860465116)",1,97.0232558139536,18129
"(0.7209302325581395, 0.9767441860465116)",1,97.02325581395358,18130
"(0.8837209302325582, 0.9767441860465116)",1,97.02325581395355,18131
"(0.9186046511627908, 0.9767441860465116)",1,97.0232558139535,18132
"(0.8837209302325582, 0.9651162790697676)",1,97.02325581395344,18133
"(0.8837209302325582, 0.9767441860465116)",1,97.0232558139534,18134
"(0.9429824561403508, 0.9736842105263158)",1,97.0219298245614,18135
"(0.8535714285714285, 0.975)",1,97.02142857142846,18136
"(0.975, 0.9791666666666666)",1,97.02083333333331,18137
"(0.9166666666666666, 0.9666666666666668)",1,97.0208333333333,18138
"(0.9166666666666666, 0.975)",1,97.02083333333329,18139
"(0.925, 0.9958333333333332)",2,97.02083333333329,18141
"(0.9375, 0.975)",1,97.02083333333326,18142
"(0.9375, 0.9916666666666668)",1,97.0208333333332,18143
"(0.9125, 0.9916666666666668)",1,97.02083333333316,18144
"(0.9428571428571428, 0.975)",3,97.01785714285704,18147
"(0.75, 0.9833333333333332)",1,97.01666666666677,18148
"(0.8833333333333333, 0.9833333333333332)",2,97.01666666666677,18150
"(0.9166666666666666, 1.0)",1,97.01666666666677,18151
"(0.9, 1.0)",1,97.01666666666677,18152
"(1.0, 0.9833333333333332)",1,97.01666666666677,18153
"(0.75, 1.0)",2,97.01666666666672,18155
"(0.8166666666666667, 0.9833333333333332)",1,97.01666666666672,18156
"(0.9333333333333332, 1.0)",1,97.01666666666672,18157
"(0.9666666666666668, 0.9666666666666668)",1,97.01666666666672,18158
"(0.925, 0.9875)",1,97.01666666666672,18159
"(0.9666666666666668, 0.9708333333333332)",1,97.01666666666672,18160
"(0.9, 1.0)",1,97.0166666666667,18161
"(0.8, 1.0)",1,97.0166666666667,18162
"(0.8, 1.0)",1,97.01666666666668,18163
"(0.7166666666666667, 1.0)",2,97.01666666666668,18165
"(0.7833333333333333, 1.0)",1,97.01666666666668,18166
"(0.9833333333333332, 1.0)",1,97.01666666666668,18167
"(0.9166666666666666, 1.0)",1,97.01666666666668,18168
"(0.9666666666666668, 1.0)",1,97.01666666666668,18169
"(0.9333333333333332, 0.9791666666666666)",1,97.01666666666668,18170
"(0.9333333333333332, 1.0)",2,97.01666666666664,18172
"(0.9666666666666668, 0.9875)",1,97.01666666666662,18173
"(0.9041666666666668, 0.9958333333333332)",1,97.0166666666666,18174
"(0.9166666666666666, 0.9708333333333332)",1,97.01666666666658,18175
"(0.9125, 0.9916666666666668)",1,97.01666666666654,18176
"(0.9535714285714286, 0.975)",1,97.0142857142857,18177
"(0.9027777777777778, 0.9861111111111112)",1,97.0138888888891,18178
"(0.9305555555555556, 0.9861111111111112)",1,97.0138888888891,18179
"(0.8194444444444444, 0.9861111111111112)",1,97.01388888888908,18180
"(0.7916666666666666, 0.9861111111111112)",1,97.01388888888908,18181
"(0.9027777777777778, 0.9861111111111112)",2,97.01388888888908,18183
"(0.8888888888888888, 0.9861111111111112)",1,97.01388888888908,18184
"(0.9166666666666666, 0.9722222222222222)",1,97.01388888888908,18185
"(0.8333333333333334, 0.9722222222222222)",1,97.01388888888906,18186
"(0.8611111111111112, 0.9861111111111112)",1,97.01388888888906,18187
"(0.7638888888888888, 0.9722222222222222)",1,97.01388888888906,18188
"(0.8333333333333334, 0.9722222222222222)",2,97.01388888888904,18190
"(0.875, 0.9861111111111112)",1,97.01388888888904,18191
"(0.9861111111111112, 0.9722222222222222)",1,97.01388888888904,18192
"(0.8888888888888888, 0.9861111111111112)",1,97.01388888888904,18193
"(0.8611111111111112, 0.9861111111111112)",1,97.01388888888904,18194
"(0.875, 0.9861111111111112)",1,97.01388888888904,18195
"(0.9444444444444444, 0.9722222222222222)",1,97.01388888888904,18196
"(0.8333333333333334, 0.9861111111111112)",2,97.013888888889,18198
"(0.9305555555555556, 0.9861111111111112)",1,97.013888888889,18199
"(0.9722222222222222, 0.9861111111111112)",1,97.013888888889,18200
"(0.9166666666666666, 1.0)",1,97.013888888889,18201
"(0.875, 0.9861111111111112)",1,97.013888888889,18202
"(0.8472222222222222, 0.9722222222222222)",2,97.01388888888896,18204
"(0.7638888888888888, 0.9861111111111112)",2,97.01388888888894,18206
"(0.6944444444444444, 1.0)",1,97.01388888888891,18207
"(0.9027777777777778, 1.0)",1,97.0138888888889,18208
"(0.9444444444444444, 1.0)",1,97.01388888888889,18209
"(0.9458333333333332, 0.9833333333333332)",1,97.01250000000005,18210
"(0.9458333333333332, 0.9708333333333332)",1,97.01249999999996,18211
"(0.9125, 0.9791666666666666)",1,97.01249999999996,18212
"(0.9291666666666668, 0.9916666666666668)",1,97.01249999999992,18213
"(0.9375, 0.9916666666666668)",1,97.01249999999986,18214
"(0.8255813953488372, 0.9767441860465116)",1,97.01162790697694,18215
"(0.9418604651162792, 0.9767441860465116)",1,97.01162790697693,18216
"(0.9302325581395348, 0.9767441860465116)",1,97.0116279069769,18217
"(0.9302325581395348, 0.9767441860465116)",1,97.01162790697686,18218
"(0.8372093023255814, 0.9651162790697676)",1,97.0116279069768,18219
"(0.4883720930232558, 1.0)",1,97.01162790697678,18220
"(0.8255813953488372, 0.9767441860465116)",1,97.01162790697676,18221
"(0.9302325581395348, 0.9767441860465116)",1,97.01162790697671,18222
"(0.8023255813953488, 0.9651162790697676)",1,97.0116279069767,18223
"(0.925, 0.9678571428571427)",1,97.01071428571424,18224
"(0.9392857142857144, 0.9714285714285714)",3,97.01071428571416,18227
"(0.925438596491228, 0.9692982456140352)",1,97.00877192982468,18228
"(0.9473684210526316, 0.9912280701754386)",3,97.00877192982456,18231
"(0.8875, 0.9833333333333332)",2,97.0083333333334,18233
"(0.9458333333333332, 0.975)",1,97.00833333333335,18234
"(0.8666666666666667, 0.975)",1,97.00833333333334,18235
"(0.9678571428571427, 0.9714285714285714)",3,97.00714285714288,18238
"(0.925, 0.9714285714285714)",2,97.0071428571428,18240
"(0.9678571428571427, 0.975)",1,97.0071428571428,18241
"(0.925, 0.975)",1,97.00714285714275,18242
"(0.9458333333333332, 0.9791666666666666)",1,97.00416666666676,18243
"(0.9416666666666668, 0.9833333333333332)",1,97.00416666666672,18244
"(0.95, 0.975)",1,97.00416666666663,18245
"(0.95, 0.9541666666666668)",1,97.00416666666656,18246
"(0.8875, 0.9916666666666668)",1,97.00416666666648,18247
"(0.925, 0.9714285714285714)",1,97.00357142857142,18248
"(0.9571428571428572, 0.975)",1,97.00357142857136,18249
"(0.9285714285714286, 0.975)",3,97.00357142857132,18252
"(0.9642857142857144, 0.9714285714285714)",6,97.00357142857132,18258
"(0.8888888888888888, 0.9722222222222222)",2,97.0000000000002,18260
"(0.9305555555555556, 0.9861111111111112)",2,97.0000000000002,18262
"(0.875, 0.9861111111111112)",1,97.0000000000002,18263
"(0.875, 0.9861111111111112)",1,97.00000000000018,18264
"(0.9305555555555556, 0.9722222222222222)",1,97.00000000000018,18265
"(0.8472222222222222, 0.9861111111111112)",1,97.00000000000018,18266
"(0.9305555555555556, 0.9722222222222222)",2,97.00000000000016,18268
"(0.813953488372093, 0.9767441860465116)",1,97.00000000000014,18269
"(0.9305555555555556, 0.9722222222222222)",1,97.00000000000014,18270
"(0.8953488372093024, 0.9767441860465116)",1,97.00000000000014,18271
"(0.75, 1.0)",2,97.00000000000011,18273
"(0.9722222222222222, 0.9861111111111112)",1,97.00000000000011,18274
"(0.7674418604651163, 0.9767441860465116)",1,97.00000000000011,18275
"(0.9302325581395348, 0.9767441860465116)",1,97.00000000000011,18276
"(0.7361111111111112, 1.0)",1,97.0000000000001,18277
"(0.9666666666666668, 0.9833333333333332)",1,97.00000000000009,18278
"(0.625, 0.9722222222222222)",1,97.00000000000009,18279
"(0.7906976744186046, 0.9767441860465116)",1,97.00000000000009,18280
"(0.9333333333333332, 0.9833333333333332)",1,97.00000000000009,18281
"(0.9166666666666666, 0.9861111111111112)",1,97.00000000000009,18282
"(0.8833333333333333, 1.0)",2,97.00000000000009,18284
"(0.8611111111111112, 1.0)",1,97.00000000000006,18285
"(0.9666666666666668, 0.9833333333333332)",1,97.00000000000006,18286
"(0.95, 0.9833333333333332)",1,97.00000000000006,18287
"(0.9305555555555556, 1.0)",2,97.00000000000006,18289
"(0.8888888888888888, 1.0)",2,97.00000000000006,18291
"(0.7777777777777778, 1.0)",1,97.00000000000006,18292
"(0.9305555555555556, 1.0)",1,97.00000000000004,18293
"(0.8, 1.0)",1,97.00000000000004,18294
"(1.0, 1.0)",1,97.00000000000004,18295
"(0.85, 1.0)",1,97.00000000000004,18296
"(0.6944444444444444, 0.9861111111111112)",2,97.00000000000004,18298
"(0.9333333333333332, 1.0)",1,97.0,18299
"(0.8833333333333333, 1.0)",1,97.0,18300
"(0.85, 1.0)",1,97.0,18301
"(0.8166666666666667, 1.0)",1,97.0,18302
"(0.813953488372093, 0.9651162790697676)",1,97.0,18303
"(0.85, 1.0)",1,97.0,18304
"(0.95, 0.9791666666666666)",1,96.99999999999996,18305
"(0.875, 0.9958333333333332)",1,96.99999999999996,18306
"(0.7441860465116279, 0.9651162790697676)",1,96.99999999999996,18307
"(0.9428571428571428, 0.975)",6,96.99999999999994,18313
"(0.9125, 0.975)",1,96.99999999999991,18314
"(0.9375, 0.9791666666666666)",1,96.99999999999991,18315
"(0.8958333333333334, 0.9708333333333332)",1,96.9999999999999,18316
"(0.9571428571428572, 0.975)",1,96.9964285714285,18317
"(1.0, 0.9916666666666668)",1,96.99583333333332,18318
"(0.9041666666666668, 0.9666666666666668)",1,96.99583333333332,18319
"(0.95, 0.9916666666666668)",1,96.99583333333328,18320
"(0.8958333333333334, 0.9958333333333332)",1,96.9958333333332,18321
"(0.902027027027027, 0.9766891891891892)",1,96.99493243243244,18322
"(0.9642857142857144, 0.9714285714285714)",3,96.99285714285716,18325
"(0.9714285714285714, 0.9678571428571427)",3,96.99285714285703,18328
"(0.9642857142857144, 0.975)",1,96.99285714285703,18329
"(0.9208333333333332, 0.9791666666666666)",1,96.99166666666667,18330
"(0.9791666666666666, 0.9958333333333332)",1,96.9916666666666,18331
"(0.9625, 0.9791666666666666)",1,96.99166666666656,18332
"(0.9, 0.9916666666666668)",1,96.99166666666645,18333
"(0.9714285714285714, 0.9714285714285714)",1,96.98928571428566,18334
"(0.8372093023255814, 0.9767441860465116)",2,96.9883720930234,18336
"(0.8255813953488372, 0.9767441860465116)",1,96.9883720930234,18337
"(0.9418604651162792, 0.9767441860465116)",1,96.9883720930234,18338
"(0.8255813953488372, 0.9883720930232558)",2,96.98837209302336,18340
"(0.6162790697674418, 1.0)",1,96.98837209302336,18341
"(0.6511627906976745, 0.9651162790697676)",1,96.98837209302332,18342
"(0.8837209302325582, 0.9767441860465116)",1,96.98837209302332,18343
"(0.7906976744186046, 0.9767441860465116)",1,96.9883720930233,18344
"(0.9186046511627908, 0.9767441860465116)",2,96.98837209302329,18346
"(0.8023255813953488, 0.9651162790697676)",1,96.98837209302322,18347
"(0.7209302325581395, 0.9651162790697676)",1,96.98837209302314,18348
"(0.9791666666666666, 0.9958333333333332)",1,96.98750000000004,18349
"(0.8875, 0.9708333333333332)",1,96.98749999999995,18350
"(0.925, 0.975)",1,96.98749999999995,18351
"(0.9125, 0.9708333333333332)",1,96.98749999999994,18352
"(0.9125, 0.9916666666666668)",1,96.9874999999999,18353
"(0.9208333333333332, 0.9916666666666668)",1,96.98749999999984,18354
"(0.7916666666666666, 0.9861111111111112)",1,96.98611111111131,18355
"(0.8333333333333334, 0.9861111111111112)",1,96.9861111111113,18356
"(0.8888888888888888, 0.9861111111111112)",1,96.9861111111113,18357
"(0.8055555555555556, 0.9861111111111112)",1,96.9861111111113,18358
"(0.9166666666666666, 0.9861111111111112)",1,96.9861111111113,18359
"(0.8333333333333334, 0.9861111111111112)",2,96.98611111111128,18361
"(0.7916666666666666, 0.9861111111111112)",1,96.98611111111128,18362
"(0.9444444444444444, 0.9722222222222222)",1,96.98611111111128,18363
"(0.875, 0.9861111111111112)",1,96.98611111111128,18364
"(0.7222222222222222, 0.9861111111111112)",2,96.98611111111128,18366
"(0.9166666666666666, 0.9861111111111112)",1,96.98611111111128,18367
"(0.9027777777777778, 0.9861111111111112)",1,96.98611111111128,18368
"(0.9027777777777778, 0.9861111111111112)",1,96.98611111111128,18369
"(0.9305555555555556, 0.9861111111111112)",1,96.98611111111128,18370
"(0.8888888888888888, 0.9861111111111112)",1,96.98611111111126,18371
"(0.7638888888888888, 1.0)",2,96.9861111111112,18373
"(0.8611111111111112, 1.0)",1,96.9861111111112,18374
"(0.7638888888888888, 0.9861111111111112)",1,96.9861111111112,18375
"(0.8194444444444444, 1.0)",1,96.98611111111114,18376
"(0.75, 1.0)",1,96.98611111111114,18377
"(0.9305555555555556, 1.0)",1,96.98611111111114,18378
"(0.6805555555555556, 1.0)",3,96.98611111111111,18381
"(0.8194444444444444, 1.0)",1,96.98611111111111,18382
"(0.9714285714285714, 0.9678571428571427)",1,96.98571428571428,18383
"(0.8857142857142857, 0.975)",1,96.98571428571424,18384
"(0.8333333333333334, 1.0)",1,96.98333333333343,18385
"(0.9166666666666666, 1.0)",1,96.98333333333342,18386
"(0.9666666666666668, 0.9833333333333332)",2,96.98333333333342,18388
"(0.8166666666666667, 1.0)",2,96.98333333333342,18390
"(0.9, 0.9833333333333332)",1,96.9833333333334,18391
"(0.8333333333333334, 1.0)",2,96.9833333333334,18393
"(0.95, 0.9833333333333332)",1,96.9833333333334,18394
"(0.7666666666666667, 1.0)",1,96.9833333333334,18395
"(0.9333333333333332, 0.9833333333333332)",1,96.9833333333334,18396
"(0.8333333333333334, 1.0)",1,96.98333333333338,18397
"(0.8166666666666667, 1.0)",1,96.98333333333338,18398
"(0.9, 0.9833333333333332)",1,96.98333333333336,18399
"(0.9, 1.0)",1,96.98333333333336,18400
"(0.8833333333333333, 1.0)",1,96.98333333333332,18401
"(0.9333333333333332, 1.0)",1,96.98333333333332,18402
"(0.85, 1.0)",1,96.98333333333332,18403
"(0.9083333333333332, 0.9833333333333332)",1,96.98333333333332,18404
"(0.95, 1.0)",2,96.98333333333332,18406
"(0.9, 0.975)",1,96.98333333333328,18407
"(0.9875, 0.9916666666666668)",1,96.98333333333323,18408
"(0.8583333333333333, 0.9958333333333332)",1,96.98333333333323,18409
"(0.8375, 0.9875)",1,96.98333333333312,18410
"(0.925, 0.9678571428571427)",1,96.9821428571428,18411
"(0.9392857142857144, 0.9785714285714284)",3,96.98214285714276,18414
"(0.925, 0.9833333333333332)",1,96.97916666666656,18415
"(0.9583333333333334, 0.9833333333333332)",2,96.97916666666656,18417
"(0.9291666666666668, 0.9958333333333332)",1,96.97916666666654,18418
"(0.8464285714285714, 0.9714285714285714)",1,96.97857142857134,18419
"(0.7790697674418605, 0.9883720930232558)",1,96.97674418604664,18420
"(0.8604651162790697, 0.9883720930232558)",1,96.97674418604664,18421
"(0.9302325581395348, 0.9767441860465116)",1,96.97674418604664,18422
"(0.9302325581395348, 0.9767441860465116)",1,96.97674418604662,18423
"(0.8953488372093024, 0.9767441860465116)",1,96.97674418604656,18424
"(0.9186046511627908, 1.0)",1,96.97674418604656,18425
"(0.7790697674418605, 0.9767441860465116)",2,96.97674418604656,18427
"(0.8837209302325582, 1.0)",1,96.97674418604652,18428
"(0.8875, 0.9791666666666666)",1,96.9750000000001,18429
"(0.9291666666666668, 0.9875)",1,96.97500000000004,18430
"(0.9083333333333332, 0.9875)",1,96.97500000000002,18431
"(0.95, 0.9916666666666668)",1,96.97499999999998,18432
"(0.975, 0.9875)",1,96.97499999999994,18433
"(0.9083333333333332, 0.975)",2,96.97499999999992,18435
"(0.9642857142857144, 0.9714285714285714)",1,96.97499999999992,18436
"(0.9535714285714286, 0.9642857142857144)",5,96.97499999999988,18441
"(0.7222222222222222, 0.9722222222222222)",1,96.97222222222244,18442
"(0.8333333333333334, 0.9861111111111112)",1,96.97222222222244,18443
"(0.8888888888888888, 0.9861111111111112)",1,96.9722222222224,18444
"(0.8611111111111112, 0.9722222222222222)",1,96.9722222222224,18445
"(0.9305555555555556, 0.9861111111111112)",1,96.9722222222224,18446
"(0.8611111111111112, 0.9861111111111112)",1,96.9722222222224,18447
"(0.7916666666666666, 0.9861111111111112)",1,96.9722222222224,18448
"(0.9166666666666666, 0.9861111111111112)",1,96.97222222222236,18449
"(0.8888888888888888, 0.9722222222222222)",1,96.97222222222236,18450
"(0.9305555555555556, 0.9861111111111112)",1,96.97222222222234,18451
"(0.75, 0.9861111111111112)",1,96.97222222222231,18452
"(0.9305555555555556, 0.9722222222222222)",1,96.9722222222223,18453
"(0.7638888888888888, 1.0)",1,96.97222222222229,18454
"(0.9027777777777778, 1.0)",1,96.97222222222226,18455
"(0.9305555555555556, 1.0)",1,96.97222222222226,18456
"(0.8611111111111112, 1.0)",1,96.97222222222226,18457
"(0.8333333333333334, 1.0)",1,96.97222222222224,18458
"(0.9305555555555556, 1.0)",1,96.9722222222222,18459
"(0.8964285714285715, 0.9714285714285714)",1,96.97142857142858,18460
"(0.95, 0.9678571428571427)",1,96.97142857142856,18461
"(0.9607142857142856, 0.9785714285714284)",2,96.97142857142848,18463
"(0.9321428571428572, 0.9678571428571427)",5,96.97142857142846,18468
"(0.875, 0.9833333333333332)",1,96.97083333333345,18469
"(0.8416666666666667, 0.975)",1,96.97083333333327,18470
"(0.9125, 0.9666666666666668)",1,96.97083333333327,18471
"(0.9625, 0.9791666666666666)",1,96.97083333333327,18472
"(0.9833333333333332, 0.9958333333333332)",1,96.97083333333326,18473
"(0.9041666666666668, 1.0)",2,96.9708333333332,18475
"(0.9298245614035088, 0.9780701754385964)",3,96.96929824561408,18478
"(0.9607142857142856, 0.9678571428571427)",1,96.9678571428571,18479
"(0.9678571428571427, 0.9678571428571427)",1,96.96785714285708,18480
"(0.9714285714285714, 0.975)",3,96.96785714285706,18483
"(0.9, 1.0)",2,96.96666666666675,18485
"(0.9666666666666668, 0.9833333333333332)",2,96.96666666666674,18487
"(1.0, 0.9833333333333332)",2,96.96666666666674,18489
"(0.95, 0.9833333333333332)",1,96.96666666666674,18490
"(0.9166666666666666, 0.9833333333333332)",1,96.96666666666673,18491
"(0.9333333333333332, 0.9833333333333332)",1,96.96666666666673,18492
"(0.8333333333333334, 0.9666666666666668)",2,96.96666666666673,18494
"(0.8333333333333334, 1.0)",1,96.96666666666673,18495
"(0.6666666666666666, 1.0)",1,96.9666666666667,18496
"(0.8833333333333333, 1.0)",2,96.96666666666668,18498
"(0.8166666666666667, 1.0)",1,96.96666666666668,18499
"(0.9, 1.0)",3,96.96666666666668,18502
"(0.95, 1.0)",2,96.96666666666668,18504
"(0.9833333333333332, 1.0)",1,96.96666666666668,18505
"(0.9041666666666668, 0.9916666666666668)",1,96.9666666666666,18506
"(0.9083333333333332, 0.9666666666666668)",1,96.9666666666666,18507
"(0.9583333333333334, 0.975)",1,96.96666666666658,18508
"(0.9291666666666668, 0.9958333333333332)",1,96.96666666666658,18509
"(0.8837209302325582, 0.9767441860465116)",1,96.96511627906996,18510
"(0.8953488372093024, 0.9767441860465116)",2,96.96511627906987,18512
"(0.9186046511627908, 1.0)",1,96.96511627906985,18513
"(0.7906976744186046, 1.0)",1,96.96511627906985,18514
"(0.5930232558139535, 1.0)",2,96.96511627906982,18516
"(0.3372093023255814, 1.0)",1,96.9651162790698,18517
"(0.8604651162790697, 0.9767441860465116)",1,96.9651162790698,18518
"(0.4883720930232558, 1.0)",1,96.9651162790698,18519
"(0.813953488372093, 0.9651162790697676)",1,96.96511627906978,18520
"(0.95, 0.9678571428571427)",1,96.96428571428564,18521
"(0.9607142857142856, 0.9714285714285714)",2,96.96428571428564,18523
"(0.9535714285714286, 0.9607142857142856)",1,96.96428571428564,18524
"(0.9607142857142856, 0.9714285714285714)",1,96.96428571428562,18525
"(0.9642857142857144, 0.975)",1,96.9642857142856,18526
"(0.95, 0.9875)",1,96.9625,18527
"(0.9833333333333332, 0.9708333333333332)",1,96.96249999999998,18528
"(0.9583333333333334, 0.9791666666666666)",1,96.96249999999996,18529
"(0.8833333333333333, 0.9916666666666668)",1,96.96249999999996,18530
"(0.9083333333333332, 0.9791666666666666)",1,96.96249999999996,18531
"(0.9416666666666668, 0.9875)",1,96.96249999999992,18532
"(0.9041666666666668, 0.9958333333333332)",1,96.96249999999992,18533
"(0.9875, 0.9833333333333332)",1,96.9624999999999,18534
"(0.925, 0.9875)",1,96.96249999999988,18535
"(0.9392857142857144, 0.975)",3,96.9607142857143,18538
"(0.9107142857142856, 0.9714285714285714)",1,96.96071428571426,18539
"(0.8392857142857143, 0.975)",3,96.96071428571425,18542
"(0.925, 0.9714285714285714)",1,96.96071428571425,18543
"(0.9285714285714286, 0.975)",3,96.96071428571422,18546
"(0.9571428571428572, 0.9642857142857144)",3,96.96071428571416,18549
"(0.8194444444444444, 0.9722222222222222)",1,96.95833333333356,18550
"(0.6805555555555556, 0.9861111111111112)",2,96.95833333333351,18552
"(0.9166666666666666, 0.9861111111111112)",1,96.95833333333351,18553
"(0.9861111111111112, 0.9722222222222222)",1,96.95833333333351,18554
"(0.9027777777777778, 0.9861111111111112)",1,96.95833333333351,18555
"(0.8888888888888888, 0.9722222222222222)",1,96.95833333333351,18556
"(0.9444444444444444, 0.9861111111111112)",1,96.95833333333351,18557
"(0.5416666666666666, 0.9861111111111112)",2,96.95833333333351,18559
"(0.7638888888888888, 0.9861111111111112)",1,96.95833333333351,18560
"(0.7083333333333334, 0.9861111111111112)",1,96.95833333333351,18561
"(0.8888888888888888, 0.9861111111111112)",1,96.95833333333351,18562
"(0.8888888888888888, 0.9861111111111112)",1,96.95833333333351,18563
"(0.8888888888888888, 0.9722222222222222)",1,96.95833333333351,18564
"(0.9027777777777778, 0.9722222222222222)",2,96.9583333333335,18566
"(0.7638888888888888, 0.9861111111111112)",1,96.9583333333335,18567
"(0.7222222222222222, 0.9722222222222222)",2,96.9583333333335,18569
"(0.6805555555555556, 0.9861111111111112)",1,96.9583333333335,18570
"(0.9305555555555556, 0.9861111111111112)",1,96.9583333333335,18571
"(0.875, 0.9722222222222222)",1,96.9583333333335,18572
"(0.8888888888888888, 0.9722222222222222)",2,96.95833333333348,18574
"(0.8472222222222222, 0.9861111111111112)",1,96.95833333333346,18575
"(0.9444444444444444, 1.0)",2,96.9583333333334,18577
"(0.9027777777777778, 1.0)",1,96.9583333333334,18578
"(0.9625, 0.9875)",1,96.95833333333336,18579
"(0.9305555555555556, 1.0)",1,96.95833333333336,18580
"(0.9166666666666666, 1.0)",1,96.95833333333336,18581
"(0.7083333333333334, 1.0)",1,96.95833333333331,18582
"(0.9125, 0.975)",1,96.9583333333333,18583
"(0.8125, 0.9791666666666666)",1,96.95833333333329,18584
"(0.8125, 0.9791666666666666)",1,96.95833333333329,18585
"(0.9708333333333332, 0.8541666666666666)",1,96.95833333333329,18586
"(0.9375, 0.9875)",1,96.9583333333332,18587
"(0.9125, 0.9916666666666668)",1,96.95833333333316,18588
"(0.5628378378378378, 0.9824324324324324)",1,96.95810810810802,18589
"(0.9107142857142856, 0.9678571428571427)",3,96.95714285714284,18592
"(0.9428571428571428, 0.9714285714285714)",2,96.95714285714276,18594
"(0.9535714285714286, 0.9714285714285714)",1,96.95714285714276,18595
"(0.9642857142857144, 0.975)",1,96.9571428571427,18596
"(0.925438596491228, 0.9780701754385964)",6,96.95614035087728,18602
"(0.5402027027027027, 0.9817567567567568)",1,96.95506756756753,18603
"(0.9375, 0.9958333333333332)",1,96.95416666666668,18604
"(0.8875, 0.975)",1,96.95416666666664,18605
"(0.9125, 0.9833333333333332)",1,96.9541666666666,18606
"(0.8958333333333334, 0.9708333333333332)",1,96.9541666666666,18607
"(0.9333333333333332, 0.9875)",2,96.95416666666657,18609
"(0.8625, 0.9916666666666668)",1,96.95416666666654,18610
"(0.925, 0.975)",3,96.95357142857138,18613
"(0.95, 0.9785714285714284)",3,96.95357142857134,18616
"(0.8604651162790697, 0.9767441860465116)",1,96.95348837209318,18617
"(0.813953488372093, 0.9883720930232558)",1,96.95348837209318,18618
"(0.7558139534883721, 0.9767441860465116)",1,96.95348837209316,18619
"(0.872093023255814, 0.9883720930232558)",1,96.95348837209312,18620
"(0.7209302325581395, 0.9767441860465116)",2,96.95348837209308,18622
"(0.7790697674418605, 0.9651162790697676)",1,96.95348837209292,18623
"(0.8837209302325582, 0.9651162790697676)",1,96.95348837209288,18624
"(0.8333333333333334, 1.0)",1,96.95000000000012,18625
"(0.9333333333333332, 0.9833333333333332)",1,96.9500000000001,18626
"(0.9333333333333332, 0.9833333333333332)",1,96.95000000000007,18627
"(0.7666666666666667, 1.0)",1,96.95000000000007,18628
"(0.9833333333333332, 1.0)",1,96.95000000000007,18629
"(0.9, 1.0)",1,96.95000000000006,18630
"(0.8666666666666667, 1.0)",1,96.95000000000005,18631
"(0.8833333333333333, 1.0)",1,96.95000000000005,18632
"(0.8791666666666667, 0.975)",1,96.95000000000005,18633
"(0.95, 1.0)",2,96.95000000000005,18635
"(0.9, 0.9833333333333332)",1,96.95000000000005,18636
"(0.9, 1.0)",1,96.95000000000005,18637
"(0.9, 0.9666666666666668)",1,96.95000000000005,18638
"(0.9, 0.9791666666666666)",1,96.95000000000002,18639
"(0.9666666666666668, 0.9708333333333332)",1,96.95000000000002,18640
"(0.9, 1.0)",1,96.95000000000002,18641
"(1.0, 1.0)",2,96.95000000000002,18643
"(0.9166666666666666, 0.9708333333333332)",1,96.95000000000002,18644
"(0.8833333333333333, 1.0)",2,96.95000000000002,18646
"(0.9833333333333332, 1.0)",1,96.95,18647
"(0.9666666666666668, 1.0)",1,96.95,18648
"(0.7666666666666667, 1.0)",1,96.95,18649
"(0.8833333333333333, 1.0)",2,96.95,18651
"(1.0, 1.0)",3,96.95,18654
"(0.85, 1.0)",2,96.95,18656
"(0.9333333333333332, 1.0)",1,96.95,18657
"(0.8958333333333334, 0.9625)",2,96.94999999999996,18659
"(0.8791666666666667, 0.975)",1,96.94999999999996,18660
"(0.9642857142857144, 0.9714285714285714)",1,96.94999999999992,18661
"(0.9607142857142856, 0.9785714285714284)",1,96.94999999999992,18662
"(0.9666666666666668, 0.9875)",1,96.9499999999999,18663
"(0.9375, 0.975)",1,96.94999999999987,18664
"(0.8958333333333334, 0.9875)",1,96.94999999999986,18665
"(0.9291666666666668, 0.9958333333333332)",1,96.94999999999985,18666
"(0.9041666666666668, 0.9916666666666668)",1,96.94999999999978,18667
"(0.925438596491228, 0.9780701754385964)",1,96.94736842105264,18668
"(0.8892857142857142, 0.9714285714285714)",6,96.94642857142848,18674
"(0.9642857142857144, 0.9678571428571427)",1,96.94642857142846,18675
"(0.9208333333333332, 0.9791666666666666)",1,96.9458333333333,18676
"(0.9027777777777778, 0.9861111111111112)",1,96.94444444444468,18677
"(0.9027777777777778, 0.9722222222222222)",1,96.94444444444466,18678
"(0.75, 0.9722222222222222)",1,96.94444444444464,18679
"(0.9166666666666666, 0.9722222222222222)",1,96.94444444444464,18680
"(0.8194444444444444, 0.9861111111111112)",1,96.94444444444464,18681
"(0.8333333333333334, 0.9722222222222222)",1,96.94444444444464,18682
"(0.9027777777777778, 0.9861111111111112)",1,96.94444444444464,18683
"(0.8472222222222222, 0.9861111111111112)",2,96.9444444444446,18685
"(0.75, 0.9722222222222222)",1,96.9444444444446,18686
"(0.8472222222222222, 0.9722222222222222)",4,96.9444444444446,18690
"(0.7083333333333334, 0.9861111111111112)",1,96.9444444444446,18691
"(0.8472222222222222, 0.9722222222222222)",1,96.9444444444446,18692
"(0.875, 0.9722222222222222)",1,96.94444444444454,18693
"(0.8472222222222222, 1.0)",1,96.94444444444449,18694
"(0.9305555555555556, 1.0)",1,96.94444444444449,18695
"(0.7638888888888888, 0.9861111111111112)",2,96.94444444444446,18697
"(0.8604651162790697, 0.9767441860465116)",1,96.94186046511643,18698
"(0.8604651162790697, 0.9767441860465116)",1,96.9418604651164,18699
"(0.8953488372093024, 0.9767441860465116)",1,96.9418604651164,18700
"(0.9302325581395348, 0.9767441860465116)",1,96.9418604651164,18701
"(0.813953488372093, 0.9883720930232558)",1,96.9418604651164,18702
"(0.9302325581395348, 0.9767441860465116)",1,96.94186046511638,18703
"(0.7209302325581395, 0.9767441860465116)",1,96.94186046511638,18704
"(0.7674418604651163, 0.9883720930232558)",1,96.94186046511636,18705
"(0.9302325581395348, 0.9883720930232558)",2,96.94186046511636,18707
"(0.7790697674418605, 0.9651162790697676)",2,96.94186046511632,18709
"(0.4651162790697674, 1.0)",2,96.9418604651163,18711
"(0.9651162790697676, 0.9651162790697676)",1,96.94186046511626,18712
"(0.8372093023255814, 0.9651162790697676)",1,96.94186046511624,18713
"(0.7906976744186046, 0.9651162790697676)",1,96.9418604651162,18714
"(0.9875, 0.9833333333333332)",1,96.94166666666663,18715
"(0.9375, 0.9875)",2,96.94166666666663,18717
"(0.9291666666666668, 0.9708333333333332)",1,96.94166666666662,18718
"(0.9714285714285714, 0.975)",1,96.93928571428567,18719
"(0.9285714285714286, 0.9678571428571427)",1,96.93928571428566,18720
"(0.9327702702702704, 0.977027027027027)",1,96.93885135135127,18721
"(0.7105263157894737, 0.9912280701754386)",4,96.93859649122804,18725
"(0.9291666666666668, 0.975)",1,96.93749999999996,18726
"(0.9041666666666668, 0.9708333333333332)",1,96.93749999999996,18727
"(0.8625, 0.9791666666666666)",1,96.93749999999996,18728
"(0.8791666666666667, 0.9916666666666668)",2,96.93749999999991,18730
"(0.9875, 0.9833333333333332)",1,96.93749999999984,18731
"(0.9571428571428572, 0.9714285714285714)",2,96.93571428571424,18733
"(0.9428571428571428, 0.975)",1,96.93571428571416,18734
"(0.9, 1.0)",1,96.93333333333344,18735
"(0.8833333333333333, 1.0)",1,96.9333333333334,18736
"(0.8666666666666667, 1.0)",1,96.9333333333334,18737
"(0.9666666666666668, 0.9833333333333332)",2,96.9333333333334,18739
"(0.9166666666666666, 1.0)",1,96.9333333333334,18740
"(0.9333333333333332, 0.9833333333333332)",1,96.9333333333334,18741
"(0.95, 0.9833333333333332)",1,96.9333333333334,18742
"(0.75, 1.0)",1,96.93333333333338,18743
"(0.9166666666666666, 1.0)",1,96.93333333333338,18744
"(0.8666666666666667, 1.0)",1,96.93333333333337,18745
"(0.8333333333333334, 1.0)",2,96.93333333333337,18747
"(0.9125, 0.975)",1,96.93333333333334,18748
"(0.8666666666666667, 1.0)",2,96.93333333333334,18750
"(0.85, 1.0)",2,96.93333333333334,18752
"(0.9, 1.0)",1,96.93333333333334,18753
"(0.9166666666666666, 1.0)",1,96.93333333333334,18754
"(0.6666666666666666, 1.0)",1,96.93333333333334,18755
"(0.9333333333333332, 1.0)",1,96.93333333333334,18756
"(1.0, 1.0)",1,96.93333333333332,18757
"(0.9833333333333332, 1.0)",1,96.93333333333332,18758
"(0.9291666666666668, 0.975)",1,96.93333333333332,18759
"(0.8666666666666667, 0.9833333333333332)",1,96.93333333333332,18760
"(0.9166666666666666, 0.9666666666666668)",1,96.9333333333333,18761
"(0.9416666666666668, 0.9833333333333332)",1,96.93333333333328,18762
"(0.8791666666666667, 0.9958333333333332)",1,96.93333333333328,18763
"(0.9333333333333332, 0.9916666666666668)",1,96.93333333333324,18764
"(0.9375, 0.9833333333333332)",1,96.93333333333322,18765
"(0.9642857142857144, 0.9714285714285714)",1,96.9321428571429,18766
"(0.9428571428571428, 0.9714285714285714)",1,96.9321428571428,18767
"(0.9535714285714286, 0.9785714285714284)",2,96.93214285714278,18769
"(0.925, 0.9714285714285714)",1,96.93214285714276,18770
"(0.9392857142857144, 0.9785714285714284)",1,96.93214285714272,18771
"(0.875, 0.9861111111111112)",1,96.93055555555576,18772
"(0.8194444444444444, 0.9861111111111112)",1,96.93055555555576,18773
"(0.9166666666666666, 0.9861111111111112)",2,96.93055555555576,18775
"(0.8333333333333334, 0.9722222222222222)",1,96.93055555555576,18776
"(0.8611111111111112, 0.9861111111111112)",2,96.93055555555576,18778
"(0.75, 0.9861111111111112)",1,96.93055555555574,18779
"(0.6805555555555556, 0.9861111111111112)",1,96.93055555555574,18780
"(0.7916666666666666, 0.9722222222222222)",2,96.93055555555574,18782
"(0.9166666666666666, 0.9722222222222222)",1,96.93055555555574,18783
"(0.8472222222222222, 0.9722222222222222)",2,96.93055555555571,18785
"(0.875, 0.9722222222222222)",1,96.93055555555571,18786
"(0.9027777777777778, 0.9861111111111112)",4,96.93055555555571,18790
"(0.8888888888888888, 0.9722222222222222)",1,96.93055555555571,18791
"(0.8194444444444444, 0.9861111111111112)",1,96.93055555555571,18792
"(0.9166666666666666, 0.9861111111111112)",1,96.93055555555571,18793
"(0.9166666666666666, 0.9722222222222222)",1,96.93055555555571,18794
"(0.9027777777777778, 0.9861111111111112)",1,96.93055555555571,18795
"(0.9166666666666666, 0.9722222222222222)",1,96.93055555555571,18796
"(0.7638888888888888, 0.9722222222222222)",2,96.9305555555557,18798
"(0.875, 0.9722222222222222)",1,96.93055555555569,18799
"(0.7361111111111112, 1.0)",2,96.9305555555556,18801
"(0.8611111111111112, 1.0)",1,96.93055555555556,18802
"(0.9418604651162792, 0.9767441860465116)",1,96.93023255813968,18803
"(0.8604651162790697, 0.9767441860465116)",1,96.93023255813966,18804
"(0.8255813953488372, 0.9767441860465116)",2,96.93023255813966,18806
"(0.8604651162790697, 0.9767441860465116)",1,96.93023255813964,18807
"(0.8604651162790697, 0.9883720930232558)",1,96.93023255813962,18808
"(0.8372093023255814, 0.9767441860465116)",1,96.9302325581396,18809
"(0.8255813953488372, 0.9883720930232558)",2,96.9302325581396,18811
"(0.8255813953488372, 0.9883720930232558)",1,96.93023255813958,18812
"(0.9642857142857144, 0.9678571428571427)",1,96.9285714285714,18813
"(0.95, 0.9714285714285714)",3,96.92857142857136,18816
"(0.9833333333333332, 0.9625)",1,96.92500000000004,18817
"(0.9541666666666668, 0.975)",1,96.925,18818
"(0.8875, 0.9666666666666668)",1,96.92499999999995,18819
"(0.8958333333333334, 0.975)",1,96.92499999999995,18820
"(0.9125, 0.9833333333333332)",1,96.92499999999993,18821
"(0.95, 0.9714285714285714)",1,96.92499999999993,18822
"(0.7327702702702703, 0.979391891891892)",1,96.92364864864868,18823
"(0.9714285714285714, 0.975)",1,96.92142857142852,18824
"(0.9107142857142856, 0.9714285714285714)",1,96.92142857142848,18825
"(0.95, 0.9791666666666666)",1,96.92083333333336,18826
"(0.9375, 0.9833333333333332)",1,96.92083333333336,18827
"(0.925, 0.9833333333333332)",1,96.92083333333332,18828
"(0.9208333333333332, 0.9791666666666666)",1,96.92083333333328,18829
"(0.9125, 0.9875)",1,96.92083333333328,18830
"(0.9333333333333332, 0.9916666666666668)",1,96.92083333333316,18831
"(0.8604651162790697, 0.9767441860465116)",1,96.91860465116297,18832
"(0.813953488372093, 0.9883720930232558)",2,96.91860465116292,18834
"(0.9302325581395348, 0.9767441860465116)",2,96.91860465116292,18836
"(0.9302325581395348, 0.9767441860465116)",1,96.91860465116292,18837
"(0.8255813953488372, 0.9767441860465116)",1,96.91860465116292,18838
"(0.6046511627906976, 0.9767441860465116)",1,96.91860465116292,18839
"(0.8488372093023255, 0.9767441860465116)",1,96.9186046511629,18840
"(0.8255813953488372, 0.9767441860465116)",2,96.91860465116284,18842
"(0.8255813953488372, 0.9883720930232558)",2,96.91860465116284,18844
"(0.8023255813953488, 0.9767441860465116)",2,96.91860465116282,18846
"(0.8023255813953488, 0.9767441860465116)",2,96.91860465116278,18848
"(0.6511627906976745, 0.9651162790697676)",2,96.91860465116278,18850
"(0.8837209302325582, 0.9767441860465116)",1,96.91860465116278,18851
"(0.8953488372093024, 0.9651162790697676)",1,96.91860465116272,18852
"(0.8255813953488372, 0.9651162790697676)",2,96.91860465116272,18854
"(0.9607142857142856, 0.9714285714285714)",1,96.9178571428571,18855
"(0.9357142857142856, 0.9785714285714284)",2,96.91785714285707,18857
"(0.9571428571428572, 0.9642857142857144)",1,96.91785714285707,18858
"(0.9107142857142856, 0.975)",1,96.917857142857,18859
"(0.9037162162162162, 0.9766891891891892)",1,96.91756756756764,18860
"(0.577027027027027, 0.9837837837837838)",1,96.91689189189172,18861
"(0.8333333333333334, 0.9861111111111112)",1,96.91666666666688,18862
"(0.8888888888888888, 0.9722222222222222)",1,96.91666666666688,18863
"(0.7083333333333334, 0.9861111111111112)",1,96.91666666666688,18864
"(0.8194444444444444, 0.9722222222222222)",2,96.91666666666686,18866
"(0.8888888888888888, 0.9861111111111112)",1,96.91666666666686,18867
"(0.7222222222222222, 0.9722222222222222)",1,96.91666666666684,18868
"(0.9305555555555556, 0.9722222222222222)",1,96.91666666666684,18869
"(0.9166666666666666, 0.9861111111111112)",1,96.91666666666684,18870
"(0.7638888888888888, 0.9722222222222222)",1,96.91666666666684,18871
"(0.9027777777777778, 0.9861111111111112)",1,96.91666666666684,18872
"(0.9305555555555556, 0.9722222222222222)",1,96.91666666666684,18873
"(0.8194444444444444, 0.9722222222222222)",2,96.91666666666684,18875
"(0.9166666666666666, 0.9722222222222222)",1,96.91666666666684,18876
"(0.8888888888888888, 0.9861111111111112)",3,96.91666666666684,18879
"(0.9444444444444444, 1.0)",1,96.9166666666668,18880
"(0.875, 0.9583333333333334)",1,96.9166666666668,18881
"(0.8333333333333334, 0.9861111111111112)",1,96.9166666666668,18882
"(0.9166666666666666, 1.0)",2,96.9166666666668,18884
"(0.8333333333333334, 0.9861111111111112)",1,96.91666666666676,18885
"(0.9166666666666666, 1.0)",1,96.91666666666676,18886
"(0.9305555555555556, 0.9861111111111112)",1,96.91666666666676,18887
"(0.7777777777777778, 1.0)",1,96.91666666666676,18888
"(0.9, 0.9833333333333332)",1,96.91666666666676,18889
"(1.0, 0.9833333333333332)",1,96.91666666666674,18890
"(0.868421052631579, 0.9780701754385964)",1,96.91666666666674,18891
"(0.9333333333333332, 0.9833333333333332)",1,96.91666666666671,18892
"(0.7638888888888888, 1.0)",1,96.91666666666671,18893
"(0.8166666666666667, 1.0)",1,96.91666666666671,18894
"(0.95, 0.9833333333333332)",1,96.91666666666671,18895
"(0.9333333333333332, 1.0)",1,96.91666666666671,18896
"(0.9166666666666666, 1.0)",1,96.91666666666671,18897
"(0.8194444444444444, 1.0)",1,96.91666666666671,18898
"(0.8666666666666667, 1.0)",1,96.91666666666671,18899
"(0.9458333333333332, 0.9708333333333332)",1,96.91666666666669,18900
"(0.95, 1.0)",1,96.91666666666669,18901
"(0.8333333333333334, 1.0)",1,96.91666666666669,18902
"(0.9125, 0.9791666666666666)",1,96.91666666666669,18903
"(0.9666666666666668, 1.0)",1,96.91666666666669,18904
"(0.9666666666666668, 1.0)",1,96.91666666666669,18905
"(0.8, 1.0)",1,96.91666666666669,18906
"(0.8, 1.0)",1,96.91666666666669,18907
"(1.0, 1.0)",1,96.91666666666666,18908
"(0.8194444444444444, 1.0)",1,96.91666666666666,18909
"(0.9833333333333332, 1.0)",3,96.91666666666666,18912
"(0.8916666666666667, 0.9958333333333332)",2,96.91666666666664,18914
"(0.925, 0.9791666666666666)",3,96.91666666666664,18917
"(0.9291666666666668, 0.975)",1,96.9166666666666,18918
"(0.9333333333333332, 0.9916666666666668)",1,96.91666666666652,18919
"(0.9392857142857144, 0.975)",1,96.91428571428564,18920
"(0.9321428571428572, 0.9714285714285714)",1,96.91428571428564,18921
"(0.9333333333333332, 0.9958333333333332)",1,96.9125,18922
"(0.8666666666666667, 0.975)",2,96.91249999999997,18924
"(0.9083333333333332, 0.9958333333333332)",1,96.91249999999992,18925
"(0.925, 0.9875)",1,96.9124999999999,18926
"(0.9041666666666668, 0.9916666666666668)",1,96.91249999999984,18927
"(0.9571428571428572, 0.9714285714285714)",1,96.91071428571428,18928
"(0.9678571428571427, 0.975)",3,96.91071428571423,18931
"(0.9125, 0.9791666666666666)",1,96.90833333333332,18932
"(0.9333333333333332, 0.9916666666666668)",1,96.90833333333326,18933
"(0.8791666666666667, 0.9791666666666666)",2,96.90833333333325,18935
"(0.9208333333333332, 0.9875)",1,96.90833333333316,18936
"(0.8837209302325582, 0.9767441860465116)",1,96.90697674418624,18937
"(0.7790697674418605, 0.9767441860465116)",1,96.9069767441862,18938
"(0.872093023255814, 0.9883720930232558)",1,96.90697674418615,18939
"(0.8255813953488372, 0.9767441860465116)",1,96.90697674418614,18940
"(0.8837209302325582, 0.9651162790697676)",1,96.90697674418612,18941
"(0.7441860465116279, 0.9767441860465116)",1,96.90697674418612,18942
"(0.4883720930232558, 1.0)",1,96.90697674418604,18943
"(0.7790697674418605, 0.9651162790697676)",2,96.90697674418604,18945
"(0.8953488372093024, 0.9767441860465116)",2,96.90697674418604,18947
"(0.8372093023255814, 0.9767441860465116)",1,96.90697674418604,18948
"(0.9418604651162792, 0.9883720930232558)",1,96.906976744186,18949
"(0.8255813953488372, 0.9767441860465116)",2,96.90697674418595,18951
"(0.9534883720930232, 0.9767441860465116)",1,96.90697674418595,18952
"(0.7790697674418605, 0.9651162790697676)",1,96.90697674418594,18953
"(0.9767441860465116, 0.9534883720930232)",1,96.90697674418584,18954
"(0.872093023255814, 0.9651162790697676)",1,96.90697674418576,18955
"(0.4, 0.9882352941176472)",1,96.90588235294103,18956
"(0.9083333333333332, 0.9875)",1,96.9041666666666,18957
"(0.9458333333333332, 0.9708333333333332)",1,96.90416666666655,18958
"(0.8375, 0.9916666666666668)",1,96.9041666666665,18959
"(0.9107142857142856, 0.975)",3,96.90357142857144,18962
"(0.9305555555555556, 0.9722222222222222)",1,96.90277777777798,18963
"(0.9166666666666666, 0.9722222222222222)",1,96.90277777777796,18964
"(0.7916666666666666, 0.9861111111111112)",1,96.90277777777796,18965
"(0.9027777777777778, 0.9861111111111112)",1,96.90277777777796,18966
"(0.8888888888888888, 0.9722222222222222)",1,96.90277777777796,18967
"(0.9583333333333334, 0.9861111111111112)",1,96.90277777777796,18968
"(0.8611111111111112, 0.9861111111111112)",1,96.90277777777794,18969
"(0.8888888888888888, 0.9722222222222222)",4,96.90277777777794,18973
"(0.9305555555555556, 0.9722222222222222)",1,96.90277777777794,18974
"(0.875, 0.9861111111111112)",1,96.90277777777794,18975
"(0.8888888888888888, 0.9583333333333334)",1,96.90277777777794,18976
"(0.9027777777777778, 0.9861111111111112)",1,96.90277777777791,18977
"(0.7916666666666666, 0.9861111111111112)",1,96.90277777777791,18978
"(0.7916666666666666, 0.9861111111111112)",1,96.90277777777791,18979
"(0.9305555555555556, 0.9722222222222222)",1,96.90277777777791,18980
"(0.9027777777777778, 0.9861111111111112)",1,96.9027777777779,18981
"(0.75, 0.9861111111111112)",1,96.90277777777789,18982
"(0.8333333333333334, 0.9861111111111112)",2,96.90277777777789,18984
"(0.9305555555555556, 1.0)",1,96.90277777777786,18985
"(0.9166666666666666, 1.0)",2,96.90277777777784,18987
"(0.8611111111111112, 1.0)",1,96.90277777777784,18988
"(0.7083333333333334, 1.0)",4,96.90277777777776,18992
"(0.7777777777777778, 1.0)",4,96.90277777777776,18996
"(0.8166666666666667, 0.9833333333333332)",2,96.90000000000008,18998
"(0.8166666666666667, 0.9833333333333332)",2,96.90000000000008,19000
"(0.8666666666666667, 0.9833333333333332)",1,96.90000000000006,19001
"(0.9333333333333332, 0.9833333333333332)",2,96.90000000000006,19003
"(0.9166666666666666, 1.0)",1,96.90000000000003,19004
"(0.7333333333333333, 1.0)",1,96.90000000000003,19005
"(0.85, 1.0)",1,96.90000000000003,19006
"(0.9166666666666666, 1.0)",1,96.90000000000002,19007
"(0.7333333333333333, 1.0)",1,96.90000000000002,19008
"(0.95, 1.0)",1,96.9,19009
"(1.0, 1.0)",1,96.9,19010
"(0.8, 1.0)",1,96.9,19011
"(0.9833333333333332, 1.0)",1,96.9,19012
"(0.8166666666666667, 1.0)",1,96.9,19013
"(0.9, 1.0)",1,96.9,19014
"(0.9166666666666666, 0.9666666666666668)",2,96.89999999999998,19016
"(0.9142857142857144, 0.9785714285714284)",1,96.89999999999996,19017
"(0.9642857142857144, 0.9785714285714284)",3,96.89999999999992,19020
"(0.9333333333333332, 0.9916666666666668)",1,96.89999999999992,19021
"(0.9333333333333332, 0.9875)",1,96.89999999999992,19022
"(0.925, 0.9785714285714284)",3,96.89999999999992,19025
"(0.9607142857142856, 0.9642857142857144)",1,96.8999999999999,19026
"(0.9535714285714286, 0.9785714285714284)",1,96.8999999999999,19027
"(0.5206081081081081, 0.983108108108108)",1,96.89729729729729,19028
"(0.9107142857142856, 0.9714285714285714)",1,96.89642857142856,19029
"(0.7892857142857143, 0.975)",1,96.89642857142852,19030
"(0.9785714285714284, 0.9714285714285714)",1,96.89642857142849,19031
"(0.9125, 0.975)",1,96.89583333333334,19032
"(0.9916666666666668, 0.9833333333333332)",2,96.89583333333331,19034
"(0.9125, 0.9666666666666668)",1,96.89583333333331,19035
"(0.8666666666666667, 0.975)",1,96.89583333333329,19036
"(0.9458333333333332, 0.975)",1,96.89583333333329,19037
"(0.9375, 0.9833333333333332)",1,96.89583333333326,19038
"(0.925, 0.9833333333333332)",1,96.89583333333324,19039
"(0.875, 0.9916666666666668)",2,96.89583333333316,19041
"(0.7209302325581395, 0.9883720930232558)",1,96.89534883720935,19042
"(0.8837209302325582, 0.9767441860465116)",2,96.89534883720935,19044
"(0.6511627906976745, 0.9651162790697676)",2,96.89534883720928,19046
"(0.8953488372093024, 0.9651162790697676)",1,96.89534883720928,19047
"(0.9302325581395348, 0.9767441860465116)",1,96.89534883720924,19048
"(0.5176470588235295, 0.9882352941176472)",1,96.89411764705868,19049
"(0.9607142857142856, 0.9607142857142856)",3,96.89285714285708,19052
"(0.9571428571428572, 0.975)",3,96.89285714285704,19055
"(0.9285714285714286, 0.9785714285714284)",3,96.89285714285704,19058
"(0.925, 0.9791666666666666)",2,96.89166666666677,19060
"(0.9083333333333332, 0.9791666666666666)",1,96.89166666666677,19061
"(0.9291666666666668, 0.9833333333333332)",1,96.89166666666664,19062
"(0.9166666666666666, 0.9833333333333332)",1,96.89166666666657,19063
"(0.975, 0.9958333333333332)",1,96.89166666666657,19064
"(0.5371621621621622, 0.9841216216216216)",1,96.89087837837836,19065
"(0.9178571428571428, 0.975)",3,96.88928571428562,19068
"(0.9285714285714286, 0.975)",1,96.88928571428556,19069
"(0.9305555555555556, 0.9861111111111112)",1,96.88888888888911,19070
"(0.8055555555555556, 0.9861111111111112)",1,96.88888888888911,19071
"(0.8888888888888888, 0.9861111111111112)",1,96.88888888888911,19072
"(0.8194444444444444, 0.9861111111111112)",1,96.8888888888891,19073
"(0.8055555555555556, 0.9861111111111112)",1,96.88888888888908,19074
"(0.5972222222222222, 0.9861111111111112)",1,96.88888888888908,19075
"(0.9166666666666666, 0.9722222222222222)",2,96.88888888888908,19077
"(0.7916666666666666, 0.9861111111111112)",1,96.88888888888908,19078
"(0.9166666666666666, 0.9861111111111112)",1,96.88888888888908,19079
"(0.7638888888888888, 0.9722222222222222)",1,96.88888888888908,19080
"(0.8611111111111112, 0.9861111111111112)",1,96.88888888888908,19081
"(0.9305555555555556, 0.9861111111111112)",1,96.88888888888908,19082
"(0.8611111111111112, 0.9861111111111112)",1,96.88888888888908,19083
"(0.9305555555555556, 0.9861111111111112)",1,96.88888888888906,19084
"(0.875, 0.9861111111111112)",1,96.88888888888906,19085
"(0.8611111111111112, 0.9861111111111112)",1,96.88888888888906,19086
"(0.875, 0.9722222222222222)",1,96.88888888888904,19087
"(0.7222222222222222, 0.9722222222222222)",1,96.88888888888904,19088
"(0.7777777777777778, 0.9722222222222222)",1,96.88888888888904,19089
"(0.8611111111111112, 1.0)",2,96.888888888889,19091
"(0.8333333333333334, 0.9861111111111112)",1,96.888888888889,19092
"(0.9305555555555556, 1.0)",1,96.888888888889,19093
"(0.6944444444444444, 0.9722222222222222)",1,96.888888888889,19094
"(0.7222222222222222, 0.9722222222222222)",2,96.88888888888896,19096
"(0.9305555555555556, 1.0)",1,96.88888888888894,19097
"(0.7638888888888888, 1.0)",1,96.88888888888891,19098
"(0.8472222222222222, 1.0)",1,96.88888888888891,19099
"(0.9444444444444444, 1.0)",1,96.8888888888889,19100
"(0.7222222222222222, 1.0)",1,96.88888888888889,19101
"(0.8043918918918919, 0.9780405405405406)",1,96.88817567567568,19102
"(0.8958333333333334, 0.9833333333333332)",1,96.88750000000006,19103
"(0.9125, 0.9833333333333332)",1,96.88750000000002,19104
"(0.8791666666666667, 0.9708333333333332)",1,96.8875,19105
"(0.9625, 0.975)",2,96.88749999999992,19107
"(0.8859649122807017, 0.9912280701754386)",1,96.88596491228068,19108
"(0.9571428571428572, 0.9642857142857144)",2,96.88571428571424,19110
"(0.9285714285714286, 0.9678571428571427)",2,96.88571428571424,19112
"(0.9107142857142856, 0.975)",2,96.88571428571422,19114
"(0.9037162162162162, 0.977027027027027)",1,96.88547297297296,19115
"(0.7441860465116279, 0.9883720930232558)",1,96.8837209302327,19116
"(0.8255813953488372, 0.9767441860465116)",1,96.88372093023266,19117
"(0.9186046511627908, 0.9883720930232558)",1,96.88372093023264,19118
"(0.8488372093023255, 0.9651162790697676)",1,96.88372093023264,19119
"(0.7674418604651163, 0.9883720930232558)",1,96.8837209302326,19120
"(0.5930232558139535, 1.0)",1,96.8837209302326,19121
"(0.8488372093023255, 0.9651162790697676)",1,96.88372093023244,19122
"(0.8372093023255814, 0.9651162790697676)",1,96.88372093023236,19123
"(0.9333333333333332, 0.9833333333333332)",1,96.8833333333334,19124
"(0.95, 0.9833333333333332)",2,96.8833333333334,19126
"(0.7666666666666667, 0.9833333333333332)",1,96.8833333333334,19127
"(0.7333333333333333, 1.0)",1,96.88333333333338,19128
"(0.8666666666666667, 0.975)",1,96.88333333333338,19129
"(0.7333333333333333, 1.0)",1,96.88333333333335,19130
"(0.8, 1.0)",1,96.88333333333335,19131
"(0.8833333333333333, 1.0)",2,96.88333333333334,19133
"(0.9083333333333332, 0.9833333333333332)",1,96.88333333333334,19134
"(0.8, 1.0)",1,96.88333333333333,19135
"(0.8958333333333334, 0.9875)",2,96.88333333333333,19137
"(0.9166666666666666, 1.0)",1,96.88333333333333,19138
"(0.9875, 0.9916666666666668)",1,96.88333333333328,19139
"(0.9333333333333332, 0.9958333333333332)",1,96.88333333333324,19140
"(0.9392857142857144, 0.9714285714285714)",1,96.88214285714275,19141
"(0.9571428571428572, 0.9714285714285714)",1,96.88214285714275,19142
"(0.9, 0.975)",1,96.8791666666666,19143
"(0.8357142857142857, 0.975)",1,96.8785714285713,19144
"(0.9035714285714286, 0.975)",1,96.87857142857128,19145
"(0.6944444444444444, 0.9722222222222222)",1,96.8750000000002,19146
"(0.8194444444444444, 0.9861111111111112)",1,96.8750000000002,19147
"(0.8333333333333334, 0.9861111111111112)",1,96.8750000000002,19148
"(0.8888888888888888, 0.9861111111111112)",1,96.8750000000002,19149
"(0.875, 0.9861111111111112)",1,96.87500000000018,19150
"(0.8194444444444444, 0.9722222222222222)",1,96.87500000000018,19151
"(0.9722222222222222, 0.9861111111111112)",2,96.87500000000018,19153
"(0.7638888888888888, 0.9861111111111112)",1,96.87500000000016,19154
"(0.9027777777777778, 0.9861111111111112)",1,96.87500000000016,19155
"(0.9861111111111112, 0.9722222222222222)",1,96.87500000000016,19156
"(0.875, 0.9722222222222222)",2,96.87500000000016,19158
"(0.8888888888888888, 0.9861111111111112)",1,96.87500000000016,19159
"(0.625, 0.9722222222222222)",1,96.87500000000016,19160
"(0.9166666666666666, 0.9722222222222222)",1,96.87500000000016,19161
"(0.7361111111111112, 0.9861111111111112)",1,96.87500000000016,19162
"(0.9166666666666666, 0.9861111111111112)",1,96.87500000000016,19163
"(0.8888888888888888, 0.9861111111111112)",2,96.87500000000014,19165
"(0.9305555555555556, 0.9861111111111112)",1,96.87500000000014,19166
"(0.8194444444444444, 0.9722222222222222)",1,96.87500000000014,19167
"(0.7361111111111112, 0.9861111111111112)",1,96.87500000000011,19168
"(0.8888888888888888, 0.9861111111111112)",1,96.87500000000011,19169
"(0.8194444444444444, 1.0)",2,96.87500000000009,19171
"(0.9166666666666666, 1.0)",1,96.87500000000006,19172
"(0.7083333333333334, 1.0)",1,96.87500000000006,19173
"(0.8055555555555556, 1.0)",2,96.87500000000006,19175
"(0.7083333333333334, 1.0)",1,96.87500000000004,19176
"(0.9785714285714284, 0.9714285714285714)",1,96.875,19177
"(0.8611111111111112, 1.0)",4,96.875,19181
"(0.9416666666666668, 0.9791666666666666)",1,96.875,19182
"(0.9458333333333332, 0.9708333333333332)",1,96.875,19183
"(0.9142857142857144, 0.975)",3,96.87499999999996,19186
"(1.0, 0.9791666666666666)",1,96.87499999999996,19187
"(0.9083333333333332, 0.9916666666666668)",1,96.8749999999999,19188
"(0.95, 0.975)",1,96.87499999999989,19189
"(0.7906976744186046, 0.9767441860465116)",1,96.87209302325596,19190
"(0.813953488372093, 0.9883720930232558)",1,96.87209302325596,19191
"(0.8372093023255814, 0.9767441860465116)",1,96.87209302325591,19192
"(0.872093023255814, 0.9883720930232558)",1,96.87209302325591,19193
"(0.8837209302325582, 0.9767441860465116)",1,96.87209302325591,19194
"(0.8837209302325582, 0.9767441860465116)",1,96.8720930232558,19195
"(0.813953488372093, 0.9651162790697676)",1,96.87209302325576,19196
"(0.8255813953488372, 0.9651162790697676)",2,96.87209302325574,19198
"(0.9131756756756756, 0.977027027027027)",1,96.87094594594596,19199
"(1.0, 1.0)",1,96.87083333333337,19200
"(0.9625, 0.9625)",1,96.87083333333337,19201
"(0.9125, 0.975)",1,96.87083333333334,19202
"(0.8791666666666667, 0.9583333333333334)",1,96.87083333333332,19203
"(0.9458333333333332, 0.975)",1,96.87083333333328,19204
"(0.925, 0.975)",3,96.86785714285716,19207
"(0.925, 0.975)",1,96.86785714285703,19208
"(0.9333333333333332, 0.9833333333333332)",1,96.86666666666676,19209
"(0.95, 0.9833333333333332)",1,96.86666666666676,19210
"(0.8166666666666667, 0.9833333333333332)",1,96.86666666666676,19211
"(0.9, 0.9833333333333332)",1,96.86666666666676,19212
"(0.8666666666666667, 1.0)",1,96.8666666666667,19213
"(0.85, 1.0)",1,96.8666666666667,19214
"(0.85, 1.0)",2,96.86666666666667,19216
"(0.9666666666666668, 1.0)",1,96.86666666666667,19217
"(0.9833333333333332, 1.0)",1,96.86666666666667,19218
"(0.9166666666666666, 1.0)",1,96.86666666666667,19219
"(0.8833333333333333, 1.0)",2,96.86666666666667,19221
"(0.7833333333333333, 1.0)",1,96.86666666666667,19222
"(0.8, 1.0)",1,96.86666666666667,19223
"(0.9666666666666668, 1.0)",1,96.86666666666666,19224
"(0.95, 0.9875)",1,96.86666666666665,19225
"(0.8958333333333334, 0.9833333333333332)",1,96.86666666666665,19226
"(0.9458333333333332, 0.9791666666666666)",1,96.8666666666666,19227
"(0.8458333333333333, 0.9875)",2,96.8666666666666,19229
"(0.8791666666666667, 0.975)",1,96.86666666666656,19230
"(0.8810810810810811, 0.9773648648648648)",1,96.86621621621627,19231
"(0.9277027027027028, 0.9780405405405406)",1,96.86486486486488,19232
"(0.9678571428571427, 0.9678571428571427)",1,96.86428571428564,19233
"(0.95, 0.9714285714285714)",1,96.86428571428564,19234
"(0.9131756756756756, 0.9777027027027028)",1,96.86250000000004,19235
"(0.9125, 0.9708333333333332)",1,96.86249999999998,19236
"(0.9458333333333332, 0.9541666666666668)",1,96.86249999999998,19237
"(0.9166666666666666, 0.9666666666666668)",2,96.86249999999995,19239
"(0.9083333333333332, 0.9833333333333332)",1,96.86249999999995,19240
"(0.8611111111111112, 0.9861111111111112)",1,96.86111111111131,19241
"(0.8888888888888888, 0.9722222222222222)",2,96.8611111111113,19243
"(0.625, 0.9722222222222222)",1,96.8611111111113,19244
"(0.6944444444444444, 0.9861111111111112)",1,96.8611111111113,19245
"(0.7638888888888888, 0.9722222222222222)",1,96.8611111111113,19246
"(0.6944444444444444, 0.9722222222222222)",1,96.86111111111128,19247
"(0.875, 0.9861111111111112)",1,96.86111111111128,19248
"(0.875, 0.9722222222222222)",1,96.86111111111128,19249
"(0.9305555555555556, 0.9722222222222222)",1,96.86111111111128,19250
"(0.9027777777777778, 0.9861111111111112)",1,96.86111111111128,19251
"(0.9027777777777778, 0.9861111111111112)",1,96.86111111111128,19252
"(0.9166666666666666, 0.9722222222222222)",1,96.86111111111128,19253
"(0.875, 0.9583333333333334)",1,96.86111111111126,19254
"(0.9722222222222222, 0.9861111111111112)",1,96.86111111111126,19255
"(0.9305555555555556, 0.9722222222222222)",1,96.86111111111126,19256
"(0.8611111111111112, 0.9861111111111112)",1,96.86111111111126,19257
"(0.9444444444444444, 0.9861111111111112)",1,96.86111111111126,19258
"(0.7222222222222222, 0.9722222222222222)",2,96.86111111111124,19260
"(0.9444444444444444, 0.9861111111111112)",1,96.8611111111112,19261
"(0.9027777777777778, 1.0)",1,96.8611111111112,19262
"(0.7638888888888888, 0.9861111111111112)",1,96.86111111111116,19263
"(0.7361111111111112, 1.0)",1,96.86111111111116,19264
"(0.7916666666666666, 1.0)",1,96.86111111111116,19265
"(0.9027777777777778, 0.9861111111111112)",1,96.86111111111114,19266
"(0.75, 1.0)",1,96.86111111111114,19267
"(0.7916666666666666, 1.0)",1,96.86111111111111,19268
"(0.9678571428571427, 0.9714285714285714)",3,96.86071428571418,19271
"(0.9651162790697676, 0.9767441860465116)",1,96.86046511627916,19272
"(0.7209302325581395, 0.9767441860465116)",1,96.86046511627916,19273
"(0.872093023255814, 0.9883720930232558)",1,96.8604651162791,19274
"(0.7674418604651163, 1.0)",3,96.8604651162791,19277
"(0.8255813953488372, 0.9767441860465116)",1,96.86046511627904,19278
"(0.8837209302325582, 0.9767441860465116)",1,96.86046511627904,19279
"(0.8023255813953488, 0.9651162790697676)",2,96.860465116279,19281
"(0.5402027027027027, 0.9820945945945946)",1,96.8591216216216,19282
"(0.6352941176470588, 0.9529411764705882)",1,96.8588235294117,19283
"(0.9291666666666668, 0.9625)",2,96.85833333333336,19285
"(0.9125, 0.9666666666666668)",1,96.8583333333333,19286
"(0.8125, 0.9875)",1,96.85833333333328,19287
"(0.95, 0.9875)",2,96.85833333333328,19289
"(0.9916666666666668, 0.8583333333333333)",1,96.85833333333326,19290
"(0.9392857142857144, 0.975)",2,96.85714285714272,19292
"(0.95, 0.975)",1,96.8571428571427,19293
"(0.5736486486486486, 0.9837837837837838)",1,96.85675675675672,19294
"(0.63, 0.9875)",1,96.85624999999996,19295
"(0.831081081081081, 0.979391891891892)",1,96.85574324324335,19296
"(0.9458333333333332, 0.9833333333333332)",1,96.8541666666667,19297
"(0.8958333333333334, 0.95)",1,96.8541666666666,19298
"(0.9, 0.9875)",1,96.8541666666666,19299
"(0.9607142857142856, 0.9678571428571427)",3,96.8535714285714,19302
"(0.9642857142857144, 0.975)",1,96.8535714285714,19303
"(0.95, 0.9785714285714284)",3,96.85357142857136,19306
"(0.8166666666666667, 1.0)",1,96.85000000000012,19307
"(0.9333333333333332, 0.9833333333333332)",1,96.8500000000001,19308
"(0.9166666666666666, 0.9833333333333332)",1,96.85000000000008,19309
"(0.95, 0.9833333333333332)",1,96.85000000000004,19310
"(0.8666666666666667, 1.0)",1,96.85000000000004,19311
"(0.8333333333333334, 1.0)",1,96.85000000000004,19312
"(0.9833333333333332, 1.0)",1,96.85000000000002,19313
"(0.8333333333333334, 1.0)",1,96.85,19314
"(0.8, 1.0)",1,96.85,19315
"(0.85, 1.0)",3,96.85,19318
"(0.7666666666666667, 1.0)",1,96.85,19319
"(0.925, 0.9666666666666668)",1,96.84999999999997,19320
"(0.9678571428571427, 0.9714285714285714)",1,96.84999999999994,19321
"(0.9535714285714286, 0.9785714285714284)",1,96.84999999999988,19322
"(0.813953488372093, 0.9767441860465116)",1,96.84883720930247,19323
"(0.8604651162790697, 0.9767441860465116)",1,96.84883720930247,19324
"(0.7790697674418605, 0.9767441860465116)",1,96.84883720930245,19325
"(0.7209302325581395, 0.9767441860465116)",1,96.84883720930242,19326
"(0.627906976744186, 0.9767441860465116)",1,96.8488372093024,19327
"(0.8837209302325582, 0.9651162790697676)",1,96.8488372093023,19328
"(0.8837209302325582, 0.9651162790697676)",1,96.84883720930227,19329
"(0.872093023255814, 0.9651162790697676)",1,96.84883720930212,19330
"(0.9305555555555556, 0.9722222222222222)",1,96.84722222222244,19331
"(0.9166666666666666, 0.9861111111111112)",1,96.84722222222244,19332
"(0.8472222222222222, 0.9722222222222222)",3,96.8472222222224,19335
"(0.9305555555555556, 0.9861111111111112)",1,96.8472222222224,19336
"(0.7638888888888888, 0.9722222222222222)",1,96.8472222222224,19337
"(0.9305555555555556, 0.9861111111111112)",1,96.8472222222224,19338
"(0.8194444444444444, 0.9861111111111112)",1,96.8472222222224,19339
"(0.7916666666666666, 0.9861111111111112)",2,96.8472222222224,19341
"(0.8888888888888888, 0.9861111111111112)",2,96.8472222222224,19343
"(0.9027777777777778, 0.9861111111111112)",1,96.8472222222224,19344
"(0.8888888888888888, 0.9861111111111112)",4,96.84722222222238,19348
"(0.9305555555555556, 0.9861111111111112)",1,96.84722222222236,19349
"(0.8472222222222222, 0.9722222222222222)",1,96.84722222222236,19350
"(0.8333333333333334, 0.9861111111111112)",1,96.84722222222236,19351
"(0.875, 0.9722222222222222)",5,96.84722222222236,19356
"(0.875, 0.9722222222222222)",1,96.84722222222236,19357
"(0.9166666666666666, 1.0)",1,96.84722222222234,19358
"(0.8194444444444444, 1.0)",1,96.84722222222229,19359
"(0.8888888888888888, 1.0)",2,96.84722222222229,19361
"(0.9027777777777778, 1.0)",1,96.84722222222226,19362
"(0.8611111111111112, 1.0)",1,96.84722222222224,19363
"(0.9444444444444444, 1.0)",2,96.8472222222222,19365
"(0.9571428571428572, 0.975)",3,96.84642857142848,19368
"(0.9142857142857144, 0.975)",1,96.84642857142848,19369
"(0.9785714285714284, 0.9607142857142856)",5,96.84642857142848,19374
"(0.9535714285714286, 0.975)",1,96.84642857142848,19375
"(0.8571428571428571, 0.9785714285714284)",2,96.84642857142843,19377
"(0.925, 0.9791666666666666)",1,96.8458333333334,19378
"(0.8666666666666667, 0.9791666666666666)",2,96.84583333333336,19380
"(0.9083333333333332, 0.975)",1,96.84583333333332,19381
"(0.9208333333333332, 0.9958333333333332)",1,96.84583333333327,19382
"(0.9166666666666666, 0.95)",1,96.84583333333326,19383
"(0.9458333333333332, 0.975)",1,96.84583333333325,19384
"(0.8702702702702703, 0.9773648648648648)",1,96.84493243243236,19385
"(0.9429824561403508, 0.9912280701754386)",3,96.84210526315788,19388
"(0.9166666666666666, 0.9666666666666668)",1,96.84166666666664,19389
"(0.8958333333333334, 0.9708333333333332)",1,96.8375,19390
"(0.9791666666666666, 0.9958333333333332)",1,96.8375,19391
"(0.9458333333333332, 0.9833333333333332)",2,96.83749999999996,19393
"(0.8791666666666667, 0.975)",1,96.83749999999992,19394
"(0.8837209302325582, 0.9767441860465116)",1,96.83720930232572,19395
"(0.8953488372093024, 0.9883720930232558)",1,96.83720930232572,19396
"(0.8255813953488372, 1.0)",1,96.83720930232568,19397
"(0.8255813953488372, 0.9767441860465116)",1,96.83720930232568,19398
"(0.8604651162790697, 0.9767441860465116)",1,96.83720930232568,19399
"(0.8837209302325582, 0.9767441860465116)",1,96.83720930232566,19400
"(0.9186046511627908, 0.9767441860465116)",1,96.83720930232565,19401
"(0.7674418604651163, 0.9767441860465116)",1,96.83720930232565,19402
"(0.9534883720930232, 0.9883720930232558)",1,96.83720930232565,19403
"(0.8372093023255814, 0.9767441860465116)",1,96.83720930232565,19404
"(0.7093023255813954, 0.9767441860465116)",1,96.83720930232565,19405
"(0.9302325581395348, 0.9767441860465116)",1,96.8372093023256,19406
"(0.8953488372093024, 0.9767441860465116)",1,96.83720930232556,19407
"(0.8953488372093024, 0.9651162790697676)",2,96.83720930232546,19409
"(0.9302325581395348, 0.9651162790697676)",1,96.83720930232543,19410
"(0.9285714285714286, 0.9714285714285714)",1,96.83571428571425,19411
"(0.9357142857142856, 0.975)",3,96.83571428571425,19414
"(0.9535714285714286, 0.975)",2,96.8357142857142,19416
"(0.9535714285714286, 0.975)",1,96.83571428571418,19417
"(0.9166666666666666, 0.9722222222222222)",1,96.83333333333356,19418
"(0.8333333333333334, 0.9861111111111112)",1,96.83333333333354,19419
"(0.8194444444444444, 0.9861111111111112)",1,96.83333333333351,19420
"(0.8055555555555556, 0.9722222222222222)",1,96.83333333333351,19421
"(0.7083333333333334, 0.9861111111111112)",1,96.83333333333351,19422
"(0.7083333333333334, 0.9861111111111112)",6,96.83333333333351,19428
"(0.8888888888888888, 0.9861111111111112)",1,96.83333333333351,19429
"(0.8611111111111112, 0.9722222222222222)",1,96.83333333333348,19430
"(0.8611111111111112, 0.9861111111111112)",1,96.83333333333348,19431
"(0.8888888888888888, 0.9861111111111112)",2,96.83333333333348,19433
"(0.5555555555555556, 0.9583333333333334)",1,96.83333333333348,19434
"(0.9166666666666666, 0.9722222222222222)",1,96.83333333333348,19435
"(0.8194444444444444, 0.9861111111111112)",1,96.83333333333348,19436
"(0.9333333333333332, 1.0)",1,96.83333333333344,19437
"(0.8333333333333334, 1.0)",1,96.8333333333334,19438
"(0.9166666666666666, 1.0)",1,96.8333333333334,19439
"(0.9166666666666666, 1.0)",1,96.8333333333334,19440
"(0.7777777777777778, 0.9861111111111112)",1,96.8333333333334,19441
"(0.875, 1.0)",1,96.8333333333334,19442
"(0.7638888888888888, 1.0)",1,96.8333333333334,19443
"(0.9666666666666668, 0.9833333333333332)",1,96.8333333333334,19444
"(0.9166666666666666, 0.9833333333333332)",2,96.8333333333334,19446
"(0.8194444444444444, 1.0)",2,96.8333333333334,19448
"(0.8875, 0.9708333333333332)",1,96.8333333333334,19449
"(0.9, 0.9833333333333332)",1,96.8333333333334,19450
"(0.8666666666666667, 0.9833333333333332)",1,96.8333333333334,19451
"(0.7333333333333333, 1.0)",2,96.83333333333336,19453
"(0.6944444444444444, 1.0)",1,96.83333333333336,19454
"(0.8166666666666667, 1.0)",1,96.83333333333336,19455
"(0.9, 1.0)",1,96.83333333333336,19456
"(0.7333333333333333, 1.0)",1,96.83333333333336,19457
"(0.9583333333333334, 1.0)",2,96.83333333333334,19459
"(0.75, 1.0)",1,96.83333333333334,19460
"(1.0, 1.0)",1,96.83333333333334,19461
"(0.9666666666666668, 1.0)",1,96.83333333333334,19462
"(0.8333333333333334, 1.0)",2,96.83333333333334,19464
"(0.9027777777777778, 1.0)",2,96.83333333333334,19466
"(0.9305555555555556, 1.0)",1,96.83333333333334,19467
"(0.9666666666666668, 1.0)",1,96.83333333333331,19468
"(0.9333333333333332, 1.0)",1,96.83333333333331,19469
"(0.8833333333333333, 1.0)",1,96.83333333333331,19470
"(0.925, 0.9958333333333332)",1,96.8333333333333,19471
"(0.95, 0.9916666666666668)",1,96.83333333333329,19472
"(0.9875, 0.8625)",1,96.83333333333326,19473
"(0.9142857142857144, 0.9714285714285714)",3,96.83214285714284,19476
"(0.9642857142857144, 0.975)",1,96.83214285714284,19477
"(0.9642857142857144, 0.9714285714285714)",1,96.83214285714278,19478
"(0.9178571428571428, 0.9785714285714284)",1,96.83214285714274,19479
"(0.9571428571428572, 0.9785714285714284)",1,96.83214285714274,19480
"(0.8043918918918919, 0.979054054054054)",1,96.83074324324323,19481
"(0.572972972972973, 0.983108108108108)",1,96.83040540540551,19482
"(0.8958333333333334, 0.9833333333333332)",2,96.82916666666668,19484
"(0.9166666666666666, 0.9791666666666666)",1,96.82916666666664,19485
"(0.9541666666666668, 0.9833333333333332)",2,96.8291666666666,19487
"(0.9166666666666666, 0.975)",1,96.82916666666658,19488
"(0.9125, 0.9916666666666668)",2,96.82916666666652,19490
"(0.9607142857142856, 0.9642857142857144)",1,96.82857142857144,19491
"(0.9464285714285714, 0.9714285714285714)",1,96.82857142857137,19492
"(0.9571428571428572, 0.9642857142857144)",1,96.8285714285713,19493
"(0.8255813953488372, 0.9767441860465116)",1,96.82558139534903,19494
"(0.8837209302325582, 0.9883720930232558)",1,96.825581395349,19495
"(0.8255813953488372, 0.9883720930232558)",1,96.82558139534896,19496
"(0.8255813953488372, 0.9883720930232558)",1,96.82558139534892,19497
"(0.8604651162790697, 0.9651162790697676)",1,96.8255813953489,19498
"(0.7558139534883721, 0.9883720930232558)",1,96.8255813953488,19499
"(0.8023255813953488, 0.9651162790697676)",1,96.8255813953488,19500
"(0.8604651162790697, 0.9767441860465116)",1,96.82558139534878,19501
"(0.8255813953488372, 0.9767441860465116)",1,96.82558139534876,19502
"(0.6511627906976745, 0.9651162790697676)",1,96.82558139534868,19503
"(0.8488372093023255, 0.9651162790697676)",1,96.82558139534862,19504
"(0.8875, 0.9783783783783784)",1,96.82500000000007,19505
"(0.9333333333333332, 0.9791666666666666)",1,96.82500000000006,19506
"(0.8958333333333334, 0.9666666666666668)",1,96.825,19507
"(0.8821428571428571, 0.9607142857142856)",3,96.82499999999996,19510
"(0.9083333333333332, 0.975)",1,96.82499999999996,19511
"(0.8625, 0.9708333333333332)",1,96.82499999999996,19512
"(0.9291666666666668, 0.9875)",1,96.82499999999992,19513
"(0.95, 0.9916666666666668)",1,96.82499999999992,19514
"(0.9535714285714286, 0.975)",1,96.82499999999992,19515
"(0.8791666666666667, 0.975)",1,96.82499999999992,19516
"(0.8958333333333334, 0.9958333333333332)",2,96.82499999999992,19518
"(0.9214285714285714, 0.975)",1,96.82142857142853,19519
"(0.9607142857142856, 0.9714285714285714)",1,96.82142857142853,19520
"(0.8892857142857142, 0.9678571428571427)",1,96.8214285714285,19521
"(0.9607142857142856, 0.9714285714285714)",2,96.82142857142848,19523
"(0.9375, 0.9875)",1,96.8208333333333,19524
"(0.9083333333333332, 0.9875)",1,96.82083333333324,19525
"(0.9625, 0.9916666666666668)",1,96.82083333333324,19526
"(0.9291666666666668, 0.9958333333333332)",1,96.82083333333316,19527
"(0.7916666666666666, 0.9722222222222222)",2,96.81944444444464,19529
"(0.6944444444444444, 0.9722222222222222)",1,96.81944444444464,19530
"(0.7916666666666666, 0.9861111111111112)",1,96.81944444444464,19531
"(0.8194444444444444, 0.9861111111111112)",1,96.81944444444464,19532
"(0.9027777777777778, 0.9861111111111112)",1,96.81944444444464,19533
"(0.8888888888888888, 0.9861111111111112)",2,96.81944444444464,19535
"(0.9166666666666666, 0.9722222222222222)",1,96.81944444444464,19536
"(0.7916666666666666, 0.9861111111111112)",2,96.81944444444464,19538
"(0.8888888888888888, 0.9722222222222222)",1,96.81944444444464,19539
"(0.7638888888888888, 0.9861111111111112)",1,96.81944444444464,19540
"(0.625, 0.9722222222222222)",1,96.81944444444464,19541
"(0.8472222222222222, 0.9722222222222222)",2,96.81944444444464,19543
"(0.7638888888888888, 0.9861111111111112)",1,96.8194444444446,19544
"(0.9027777777777778, 0.9861111111111112)",1,96.8194444444446,19545
"(0.5555555555555556, 0.9861111111111112)",1,96.8194444444446,19546
"(0.7222222222222222, 0.9722222222222222)",1,96.8194444444446,19547
"(0.8472222222222222, 0.9861111111111112)",2,96.8194444444446,19549
"(0.9861111111111112, 0.9722222222222222)",1,96.8194444444446,19550
"(0.9444444444444444, 0.9722222222222222)",1,96.8194444444446,19551
"(0.7916666666666666, 0.9861111111111112)",1,96.81944444444456,19552
"(0.9305555555555556, 0.9861111111111112)",2,96.81944444444456,19554
"(0.8333333333333334, 0.9861111111111112)",3,96.81944444444456,19557
"(0.8472222222222222, 1.0)",1,96.81944444444456,19558
"(0.8888888888888888, 1.0)",1,96.81944444444451,19559
"(0.875, 0.9861111111111112)",1,96.81944444444451,19560
"(0.9583333333333334, 1.0)",1,96.8194444444445,19561
"(0.9027777777777778, 1.0)",1,96.81944444444449,19562
"(0.8194444444444444, 1.0)",1,96.81944444444449,19563
"(0.8888888888888888, 1.0)",1,96.81944444444449,19564
"(0.9305555555555556, 1.0)",1,96.81944444444446,19565
"(0.7361111111111112, 1.0)",1,96.81944444444444,19566
"(0.9714285714285714, 0.9714285714285714)",3,96.81785714285716,19569
"(0.9107142857142856, 0.9714285714285714)",3,96.81785714285716,19572
"(0.9607142857142856, 0.9642857142857144)",3,96.81785714285704,19575
"(0.9392857142857144, 0.9714285714285714)",3,96.81785714285702,19578
"(0.85, 1.0)",1,96.8166666666668,19579
"(0.9, 0.9833333333333332)",1,96.81666666666678,19580
"(0.9333333333333332, 0.9833333333333332)",1,96.81666666666672,19581
"(0.9333333333333332, 0.9833333333333332)",3,96.81666666666672,19584
"(0.8166666666666667, 0.9833333333333332)",2,96.81666666666672,19586
"(0.9, 0.9833333333333332)",1,96.81666666666672,19587
"(0.8875, 0.9791666666666666)",1,96.81666666666668,19588
"(0.8333333333333334, 1.0)",1,96.81666666666668,19589
"(0.85, 1.0)",1,96.81666666666666,19590
"(0.95, 1.0)",1,96.81666666666666,19591
"(0.7166666666666667, 1.0)",2,96.81666666666666,19593
"(1.0, 1.0)",1,96.81666666666666,19594
"(0.9, 1.0)",2,96.81666666666666,19596
"(0.9125, 0.9791666666666666)",2,96.81666666666663,19598
"(0.9875, 0.8583333333333333)",1,96.8166666666666,19599
"(0.95, 0.9875)",1,96.81666666666658,19600
"(0.8964285714285715, 0.9678571428571427)",1,96.8142857142857,19601
"(0.95, 0.975)",2,96.81428571428566,19603
"(0.95, 0.9714285714285714)",1,96.81428571428565,19604
"(0.9178571428571428, 0.9785714285714284)",2,96.81428571428562,19606
"(0.8604651162790697, 0.9767441860465116)",1,96.81395348837223,19607
"(0.8255813953488372, 0.9767441860465116)",1,96.81395348837222,19608
"(0.8604651162790697, 0.9767441860465116)",2,96.8139534883722,19610
"(0.9651162790697676, 0.9767441860465116)",1,96.8139534883722,19611
"(0.9186046511627908, 1.0)",1,96.8139534883722,19612
"(0.8604651162790697, 0.9767441860465116)",1,96.81395348837218,19613
"(0.7441860465116279, 1.0)",1,96.8139534883721,19614
"(0.8837209302325582, 1.0)",1,96.8139534883721,19615
"(0.8953488372093024, 0.9767441860465116)",1,96.81395348837208,19616
"(0.8604651162790697, 0.9767441860465116)",1,96.81395348837208,19617
"(0.9166666666666666, 0.9708333333333332)",1,96.81249999999991,19618
"(0.9791666666666666, 0.85)",1,96.8124999999999,19619
"(0.9458333333333332, 0.975)",1,96.81249999999989,19620
"(0.9647058823529412, 0.9882352941176472)",1,96.8117647058822,19621
"(0.868421052631579, 0.9824561403508772)",1,96.81140350877207,19622
"(0.925, 0.9785714285714284)",1,96.81071428571428,19623
"(0.9535714285714286, 0.9714285714285714)",3,96.81071428571424,19626
"(0.9571428571428572, 0.9785714285714284)",2,96.8107142857142,19628
"(0.9214285714285714, 0.975)",3,96.81071428571418,19631
"(0.8964285714285715, 0.9714285714285714)",1,96.81071428571418,19632
"(0.9535714285714286, 0.9785714285714284)",3,96.81071428571416,19635
"(0.9291666666666668, 0.9916666666666668)",1,96.8083333333332,19636
"(0.9041666666666668, 0.9916666666666668)",1,96.80833333333312,19637
"(0.5331081081081082, 0.9827702702702704)",1,96.8074324324325,19638
"(0.9535714285714286, 0.9714285714285714)",3,96.80714285714278,19641
"(0.9107142857142856, 0.9714285714285714)",1,96.80714285714276,19642
"(0.9535714285714286, 0.9785714285714284)",3,96.80714285714272,19645
"(0.8245614035087719, 0.9824561403508772)",1,96.80701754385969,19646
"(0.8194444444444444, 0.9722222222222222)",1,96.80555555555576,19647
"(0.75, 0.9861111111111112)",1,96.80555555555576,19648
"(0.9027777777777778, 0.9861111111111112)",1,96.80555555555574,19649
"(0.8194444444444444, 0.9861111111111112)",5,96.80555555555574,19654
"(0.8333333333333334, 0.9861111111111112)",1,96.80555555555574,19655
"(0.7083333333333334, 0.9861111111111112)",1,96.80555555555574,19656
"(0.875, 0.9861111111111112)",1,96.80555555555574,19657
"(0.9583333333333334, 0.9861111111111112)",1,96.80555555555574,19658
"(0.9861111111111112, 0.9722222222222222)",1,96.80555555555571,19659
"(0.8194444444444444, 0.9861111111111112)",1,96.80555555555571,19660
"(0.75, 0.9722222222222222)",1,96.80555555555571,19661
"(0.8611111111111112, 0.9861111111111112)",1,96.80555555555571,19662
"(0.8472222222222222, 0.9722222222222222)",1,96.80555555555571,19663
"(0.8888888888888888, 0.9861111111111112)",1,96.80555555555571,19664
"(0.9444444444444444, 0.9861111111111112)",1,96.80555555555569,19665
"(0.9444444444444444, 1.0)",1,96.80555555555564,19666
"(0.7638888888888888, 1.0)",1,96.80555555555564,19667
"(0.7638888888888888, 1.0)",1,96.8055555555556,19668
"(0.8194444444444444, 1.0)",1,96.8055555555556,19669
"(0.8333333333333334, 1.0)",1,96.8055555555556,19670
"(0.8472222222222222, 1.0)",1,96.80555555555556,19671
"(0.8472222222222222, 1.0)",2,96.80555555555554,19673
"(0.925, 0.9791666666666666)",1,96.80416666666672,19674
"(0.9541666666666668, 0.9875)",1,96.80416666666662,19675
"(0.9125, 0.9875)",1,96.8041666666666,19676
"(0.8458333333333333, 0.9875)",1,96.8041666666666,19677
"(0.9375, 0.975)",1,96.8041666666666,19678
"(0.8535714285714285, 0.9714285714285714)",1,96.80357142857144,19679
"(0.95, 0.975)",1,96.80357142857136,19680
"(0.9535714285714286, 0.9678571428571427)",1,96.80357142857136,19681
"(0.9428571428571428, 0.9642857142857144)",1,96.80357142857126,19682
"(0.8552631578947368, 0.9912280701754386)",4,96.80263157894734,19686
"(0.8255813953488372, 0.9767441860465116)",1,96.80232558139552,19687
"(0.7209302325581395, 0.9767441860465116)",1,96.80232558139548,19688
"(0.8604651162790697, 0.9767441860465116)",1,96.80232558139546,19689
"(0.9186046511627908, 0.9767441860465116)",1,96.80232558139546,19690
"(0.9186046511627908, 1.0)",1,96.80232558139537,19691
"(0.7674418604651163, 0.9883720930232558)",1,96.80232558139537,19692
"(0.6627906976744186, 0.9651162790697676)",1,96.80232558139534,19693
"(0.6511627906976745, 0.9651162790697676)",1,96.80232558139532,19694
"(0.8837209302325582, 0.9767441860465116)",1,96.8023255813953,19695
"(0.8604651162790697, 0.9767441860465116)",1,96.80232558139528,19696
"(0.9166666666666666, 1.0)",1,96.80000000000013,19697
"(0.9166666666666666, 0.9833333333333332)",2,96.80000000000013,19699
"(0.8833333333333333, 1.0)",1,96.80000000000008,19700
"(0.9, 0.9833333333333332)",1,96.80000000000008,19701
"(0.9166666666666666, 0.9833333333333332)",1,96.80000000000008,19702
"(0.95, 0.9833333333333332)",1,96.80000000000008,19703
"(0.7333333333333333, 1.0)",1,96.80000000000004,19704
"(0.8833333333333333, 1.0)",1,96.80000000000004,19705
"(0.9166666666666666, 1.0)",1,96.8,19706
"(0.7166666666666667, 1.0)",1,96.8,19707
"(0.9833333333333332, 1.0)",1,96.8,19708
"(0.8, 1.0)",1,96.8,19709
"(0.7333333333333333, 1.0)",1,96.8,19710
"(0.8833333333333333, 1.0)",1,96.8,19711
"(1.0, 1.0)",1,96.8,19712
"(0.8833333333333333, 1.0)",2,96.8,19714
"(0.85, 1.0)",1,96.8,19715
"(0.8666666666666667, 1.0)",2,96.8,19717
"(0.8958333333333334, 0.9708333333333332)",1,96.8,19718
"(0.8166666666666667, 1.0)",1,96.8,19719
"(1.0, 1.0)",1,96.8,19720
"(0.8785714285714286, 0.9642857142857144)",3,96.79999999999993,19723
"(0.925, 0.9714285714285714)",1,96.79999999999993,19724
"(0.9035714285714286, 0.9678571428571427)",3,96.7999999999999,19727
"(0.8916666666666667, 0.975)",1,96.7999999999999,19728
"(0.9607142857142856, 0.9535714285714286)",1,96.79999999999988,19729
"(0.6842105263157895, 0.9780701754385964)",3,96.79824561403514,19732
"(0.9785714285714284, 0.9607142857142856)",1,96.79642857142848,19733
"(0.9464285714285714, 0.975)",3,96.79642857142848,19736
"(0.9357142857142856, 0.9785714285714284)",3,96.79642857142844,19739
"(0.9178571428571428, 0.975)",1,96.79642857142844,19740
"(0.9357142857142856, 0.9678571428571427)",3,96.79642857142844,19743
"(0.8625, 0.9791666666666666)",2,96.79583333333332,19745
"(0.925, 0.9791666666666666)",1,96.7958333333333,19746
"(0.925, 0.9625)",2,96.79583333333328,19748
"(0.8625, 0.9916666666666668)",1,96.79583333333326,19749
"(0.9642857142857144, 0.9714285714285714)",1,96.7928571428571,19750
"(0.9142857142857144, 0.9678571428571427)",1,96.79285714285707,19751
"(0.95, 0.9785714285714284)",3,96.79285714285706,19754
"(0.8611111111111112, 0.9861111111111112)",1,96.79166666666688,19755
"(0.9305555555555556, 0.9583333333333334)",1,96.79166666666686,19756
"(0.9027777777777778, 0.9861111111111112)",4,96.79166666666686,19760
"(0.9305555555555556, 0.9861111111111112)",1,96.79166666666684,19761
"(0.7916666666666666, 0.9583333333333334)",1,96.79166666666684,19762
"(0.7916666666666666, 0.9722222222222222)",1,96.79166666666684,19763
"(0.7083333333333334, 0.9861111111111112)",1,96.79166666666684,19764
"(0.875, 0.9861111111111112)",1,96.79166666666684,19765
"(0.8888888888888888, 0.9861111111111112)",1,96.79166666666684,19766
"(0.7916666666666666, 0.9861111111111112)",1,96.79166666666684,19767
"(0.8194444444444444, 0.9722222222222222)",1,96.79166666666684,19768
"(0.8888888888888888, 0.9722222222222222)",1,96.7916666666668,19769
"(0.8611111111111112, 0.9861111111111112)",1,96.7916666666668,19770
"(0.9166666666666666, 1.0)",1,96.7916666666668,19771
"(0.9166666666666666, 1.0)",1,96.7916666666668,19772
"(0.8194444444444444, 1.0)",1,96.7916666666668,19773
"(0.625, 0.9861111111111112)",2,96.7916666666668,19775
"(0.9305555555555556, 1.0)",1,96.79166666666676,19776
"(0.9444444444444444, 1.0)",1,96.79166666666674,19777
"(0.9916666666666668, 0.9833333333333332)",1,96.79166666666671,19778
"(0.875, 1.0)",1,96.79166666666671,19779
"(0.9166666666666666, 1.0)",1,96.79166666666671,19780
"(0.95, 0.975)",1,96.79166666666669,19781
"(0.7083333333333334, 0.9861111111111112)",1,96.79166666666669,19782
"(0.8458333333333333, 0.9833333333333332)",1,96.79166666666664,19783
"(0.9333333333333332, 0.9833333333333332)",1,96.7916666666666,19784
"(0.7209302325581395, 0.9767441860465116)",1,96.79069767441877,19785
"(0.8255813953488372, 0.9767441860465116)",1,96.79069767441877,19786
"(0.8372093023255814, 0.9767441860465116)",2,96.79069767441874,19788
"(0.872093023255814, 0.9883720930232558)",1,96.79069767441874,19789
"(0.8255813953488372, 0.9883720930232558)",2,96.79069767441872,19791
"(0.8488372093023255, 0.9767441860465116)",1,96.79069767441872,19792
"(0.8255813953488372, 0.9767441860465116)",1,96.79069767441862,19793
"(0.7790697674418605, 0.9767441860465116)",1,96.79069767441858,19794
"(0.8023255813953488, 0.9651162790697676)",1,96.79069767441842,19795
"(0.9767441860465116, 0.9651162790697676)",1,96.7906976744184,19796
"(0.8289473684210527, 0.9780701754385964)",1,96.78947368421063,19797
"(0.9607142857142856, 0.975)",1,96.78928571428558,19798
"(0.8666666666666667, 0.9833333333333332)",1,96.78749999999994,19799
"(0.8666666666666667, 0.9708333333333332)",1,96.78749999999992,19800
"(0.8712837837837838, 0.9773648648648648)",1,96.7868243243242,19801
"(0.9428571428571428, 0.9714285714285714)",3,96.7857142857142,19804
"(0.925, 0.9785714285714284)",3,96.78571428571418,19807
"(0.9571428571428572, 0.9678571428571427)",1,96.78571428571416,19808
"(0.9135135135135136, 0.9763513513513512)",1,96.78547297297288,19809
"(0.9333333333333332, 1.0)",1,96.78333333333342,19810
"(0.9875, 1.0)",1,96.78333333333342,19811
"(0.95, 0.9833333333333332)",1,96.78333333333342,19812
"(0.8666666666666667, 0.9833333333333332)",1,96.7833333333334,19813
"(1.0, 0.9791666666666666)",2,96.7833333333334,19815
"(1.0, 0.9833333333333332)",1,96.7833333333334,19816
"(0.75, 1.0)",2,96.7833333333334,19818
"(0.9333333333333332, 1.0)",1,96.7833333333334,19819
"(0.8, 1.0)",2,96.78333333333336,19821
"(0.9125, 0.9708333333333332)",2,96.78333333333336,19823
"(0.8333333333333334, 1.0)",1,96.78333333333336,19824
"(0.9666666666666668, 1.0)",1,96.78333333333336,19825
"(0.8833333333333333, 1.0)",1,96.78333333333336,19826
"(0.95, 1.0)",1,96.78333333333336,19827
"(0.9, 1.0)",1,96.78333333333336,19828
"(0.9833333333333332, 1.0)",1,96.78333333333332,19829
"(0.9125, 0.975)",1,96.78333333333332,19830
"(0.6666666666666666, 1.0)",1,96.78333333333332,19831
"(0.8166666666666667, 1.0)",1,96.78333333333332,19832
"(0.8958333333333334, 0.9875)",1,96.78333333333332,19833
"(0.8833333333333333, 1.0)",1,96.78333333333332,19834
"(0.8791666666666667, 0.9666666666666668)",1,96.78333333333322,19835
"(0.9291666666666668, 0.9916666666666668)",1,96.7833333333332,19836
"(0.9416666666666668, 0.9875)",1,96.7833333333332,19837
"(0.9571428571428572, 0.9714285714285714)",1,96.78214285714284,19838
"(0.9142857142857144, 0.9678571428571427)",1,96.78214285714284,19839
"(0.9535714285714286, 0.9785714285714284)",1,96.78214285714274,19840
"(0.9583333333333334, 0.975)",1,96.77916666666668,19841
"(0.925, 0.9708333333333332)",1,96.77916666666664,19842
"(0.8666666666666667, 0.9708333333333332)",1,96.77916666666664,19843
"(0.8958333333333334, 0.975)",1,96.77916666666664,19844
"(0.925, 0.975)",1,96.7791666666666,19845
"(0.8023255813953488, 0.9883720930232558)",1,96.779069767442,19846
"(0.8488372093023255, 0.9883720930232558)",1,96.77906976744198,19847
"(0.8255813953488372, 0.9767441860465116)",1,96.77906976744195,19848
"(0.8604651162790697, 0.9883720930232558)",1,96.77906976744195,19849
"(0.8837209302325582, 0.9883720930232558)",2,96.77906976744192,19851
"(0.7558139534883721, 0.9883720930232558)",2,96.77906976744192,19853
"(0.3372093023255814, 0.9883720930232558)",1,96.7790697674419,19854
"(0.8372093023255814, 0.9767441860465116)",1,96.7790697674419,19855
"(0.8255813953488372, 0.9767441860465116)",1,96.77906976744188,19856
"(0.9302325581395348, 0.9767441860465116)",1,96.77906976744184,19857
"(0.8953488372093024, 0.9651162790697676)",2,96.77906976744184,19859
"(0.8488372093023255, 0.9767441860465116)",1,96.77906976744184,19860
"(0.7790697674418605, 0.9767441860465116)",1,96.77906976744174,19861
"(0.9767441860465116, 0.9651162790697676)",1,96.77906976744164,19862
"(0.95, 0.9678571428571427)",1,96.77857142857134,19863
"(0.9428571428571428, 0.9714285714285714)",3,96.77857142857128,19866
"(0.6944444444444444, 0.9722222222222222)",1,96.77777777777804,19867
"(0.9166666666666666, 0.9722222222222222)",1,96.77777777777798,19868
"(0.6944444444444444, 0.9861111111111112)",1,96.77777777777796,19869
"(0.5972222222222222, 0.9861111111111112)",1,96.77777777777796,19870
"(0.7222222222222222, 0.9722222222222222)",1,96.77777777777796,19871
"(0.8472222222222222, 0.9861111111111112)",1,96.77777777777796,19872
"(0.9722222222222222, 0.9861111111111112)",1,96.77777777777796,19873
"(0.8888888888888888, 0.9722222222222222)",1,96.77777777777796,19874
"(0.7638888888888888, 0.9861111111111112)",1,96.77777777777796,19875
"(0.8472222222222222, 0.9861111111111112)",2,96.77777777777794,19877
"(0.6805555555555556, 0.9861111111111112)",2,96.77777777777794,19879
"(0.8888888888888888, 0.9722222222222222)",2,96.77777777777794,19881
"(0.8888888888888888, 0.9861111111111112)",1,96.77777777777794,19882
"(0.6944444444444444, 0.9861111111111112)",1,96.77777777777794,19883
"(0.8888888888888888, 0.9722222222222222)",2,96.77777777777791,19885
"(0.8888888888888888, 0.9861111111111112)",1,96.77777777777791,19886
"(0.6944444444444444, 1.0)",1,96.77777777777791,19887
"(0.9444444444444444, 0.9861111111111112)",1,96.77777777777791,19888
"(0.6944444444444444, 0.9861111111111112)",1,96.77777777777791,19889
"(0.8333333333333334, 1.0)",2,96.77777777777789,19891
"(0.7361111111111112, 1.0)",1,96.77777777777789,19892
"(0.8324324324324325, 0.9763513513513512)",1,96.77635135135122,19893
"(0.9607142857142856, 0.9714285714285714)",1,96.77499999999996,19894
"(0.9875, 0.8541666666666666)",1,96.77499999999992,19895
"(0.8791666666666667, 0.9958333333333332)",1,96.77499999999992,19896
"(0.9041666666666668, 0.9833333333333332)",1,96.77499999999992,19897
"(0.9357142857142856, 0.975)",1,96.77499999999988,19898
"(0.8875, 0.975)",1,96.77499999999984,19899
"(0.9428571428571428, 0.9678571428571427)",1,96.77499999999984,19900
"(0.9571428571428572, 0.9678571428571427)",3,96.77142857142849,19903
"(0.9392857142857144, 0.9642857142857144)",3,96.77142857142849,19906
"(0.9321428571428572, 0.9607142857142856)",1,96.77142857142844,19907
"(0.8892857142857142, 0.975)",1,96.7714285714284,19908
"(0.7655405405405405, 0.9797297297297296)",1,96.7712837837838,19909
"(0.925, 0.9708333333333332)",1,96.77083333333334,19910
"(0.8791666666666667, 0.9833333333333332)",1,96.77083333333331,19911
"(0.8875, 0.975)",1,96.7708333333333,19912
"(0.8958333333333334, 0.9708333333333332)",1,96.77083333333329,19913
"(0.9, 0.9708333333333332)",1,96.77083333333326,19914
"(0.9666666666666668, 0.9833333333333332)",1,96.7708333333332,19915
"(0.8958333333333334, 0.9916666666666668)",2,96.7708333333332,19917
"(0.8535714285714285, 0.975)",3,96.76785714285712,19920
"(0.9535714285714286, 0.9678571428571427)",1,96.767857142857,19921
"(0.9571428571428572, 0.975)",1,96.767857142857,19922
"(0.5697674418604651, 0.9767441860465116)",1,96.76744186046528,19923
"(0.7906976744186046, 0.9767441860465116)",1,96.76744186046528,19924
"(0.8255813953488372, 0.9883720930232558)",1,96.76744186046524,19925
"(0.8604651162790697, 0.9883720930232558)",1,96.76744186046524,19926
"(0.7558139534883721, 0.9883720930232558)",2,96.76744186046515,19928
"(0.8255813953488372, 1.0)",1,96.76744186046514,19929
"(0.2906976744186046, 1.0)",1,96.76744186046514,19930
"(0.8837209302325582, 0.9651162790697676)",2,96.76744186046514,19932
"(0.8023255813953488, 0.9651162790697676)",1,96.76744186046513,19933
"(0.872093023255814, 0.9651162790697676)",1,96.76744186046491,19934
"(0.8953488372093024, 0.9651162790697676)",1,96.76744186046488,19935
"(0.8166666666666667, 0.9833333333333332)",1,96.76666666666674,19936
"(0.9, 0.9833333333333332)",1,96.76666666666674,19937
"(0.8833333333333333, 0.9833333333333332)",1,96.76666666666674,19938
"(0.8, 1.0)",1,96.76666666666672,19939
"(0.8166666666666667, 0.9666666666666668)",1,96.76666666666672,19940
"(0.9166666666666666, 1.0)",1,96.76666666666672,19941
"(0.9333333333333332, 1.0)",1,96.76666666666672,19942
"(0.7333333333333333, 0.9833333333333332)",1,96.76666666666672,19943
"(0.9166666666666666, 1.0)",1,96.7666666666667,19944
"(0.8833333333333333, 1.0)",1,96.7666666666667,19945
"(0.9, 1.0)",2,96.7666666666667,19947
"(1.0, 1.0)",1,96.76666666666668,19948
"(0.9166666666666666, 1.0)",1,96.76666666666668,19949
"(0.8125, 0.9791666666666666)",1,96.76666666666668,19950
"(0.85, 1.0)",1,96.76666666666668,19951
"(0.8666666666666667, 1.0)",2,96.76666666666668,19953
"(0.9375, 0.9791666666666666)",1,96.76666666666664,19954
"(1.0, 1.0)",1,96.76666666666664,19955
"(0.9458333333333332, 0.9666666666666668)",1,96.76666666666662,19956
"(0.8833333333333333, 0.9791666666666666)",1,96.7666666666666,19957
"(0.8958333333333334, 0.975)",1,96.76666666666658,19958
"(0.8352941176470589, 0.9882352941176472)",1,96.76470588235284,19959
"(0.9785714285714284, 0.9678571428571427)",1,96.76428571428568,19960
"(0.9357142857142856, 0.975)",1,96.76428571428563,19961
"(0.9642857142857144, 0.9678571428571427)",1,96.7642857142856,19962
"(0.9607142857142856, 0.9714285714285714)",1,96.76428571428558,19963
"(0.8402027027027027, 0.979391891891892)",1,96.7641891891892,19964
"(0.8333333333333334, 0.9861111111111112)",1,96.76388888888908,19965
"(0.9166666666666666, 0.9722222222222222)",1,96.76388888888908,19966
"(0.8611111111111112, 0.9861111111111112)",2,96.76388888888908,19968
"(0.8472222222222222, 0.9722222222222222)",1,96.76388888888908,19969
"(0.7638888888888888, 0.9861111111111112)",1,96.76388888888908,19970
"(0.9444444444444444, 0.9861111111111112)",1,96.76388888888908,19971
"(0.9166666666666666, 0.9861111111111112)",1,96.76388888888908,19972
"(0.8888888888888888, 0.9861111111111112)",1,96.76388888888908,19973
"(0.9166666666666666, 0.9861111111111112)",2,96.76388888888906,19975
"(0.8888888888888888, 0.9861111111111112)",1,96.76388888888906,19976
"(0.5555555555555556, 0.9861111111111112)",1,96.76388888888906,19977
"(0.6944444444444444, 0.9861111111111112)",1,96.76388888888904,19978
"(0.875, 0.9722222222222222)",7,96.76388888888904,19985
"(0.9444444444444444, 0.9722222222222222)",1,96.763888888889,19986
"(0.75, 1.0)",1,96.76388888888896,19987
"(0.875, 0.9444444444444444)",1,96.76388888888891,19988
"(0.9583333333333334, 1.0)",1,96.76388888888891,19989
"(0.9444444444444444, 1.0)",1,96.76388888888889,19990
"(0.875, 1.0)",1,96.76388888888889,19991
"(0.8055555555555556, 1.0)",2,96.76388888888889,19993
"(0.75, 1.0)",1,96.76388888888889,19994
"(0.9583333333333334, 1.0)",1,96.76388888888886,19995
"(0.9429824561403508, 0.9912280701754386)",4,96.76315789473682,19999
"(0.9458333333333332, 0.9875)",1,96.76249999999996,20000
