value,count,total,cumulative_sum
"(1.0, 1.0)",7,100.0,7
"(1.0, 1.0)",11,99.98332291015218,18
"(0.9833229101521784, 1.0)",1,99.98332291015218,19
"(1.0, 1.0)",5,99.96664582030436,24
"(0.9833229101521784, 1.0)",7,99.96664582030436,31
"(0.9665831244778612, 1.0)",1,99.96658312447786,32
"(1.0, 1.0)",8,99.96658312447786,40
"(0.9666666666666668, 1.0)",1,99.94998957681884,41
"(0.9833229101521784, 1.0)",2,99.94996873045652,43
"(1.0, 1.0)",5,99.94996873045652,48
"(0.9833229101521784, 1.0)",1,99.94990603463005,49
"(0.9665831244778612, 1.0)",2,99.94990603463005,51
"(1.0, 1.0)",3,99.94990603463005,54
"(0.9497171590194846, 1.0)",4,99.94971715901949,58
"(1.0, 1.0)",6,99.94971715901949,64
"(1.0, 1.0)",2,99.93330206378988,66
"(1.0, 1.0)",3,99.93329164060872,69
"(0.9833229101521784, 1.0)",1,99.93329164060872,70
"(0.94993894993895, 1.0)",1,99.93326186009114,71
"(0.9666666666666668, 1.0)",3,99.93324979114452,74
"(0.9666562434855118, 1.0)",1,99.93323936796338,75
"(1.0, 1.0)",3,99.9332289447822,78
"(0.9833229101521784, 1.0)",3,99.9332289447822,81
"(0.9665831244778612, 1.0)",3,99.93316624895571,84
"(1.0, 1.0)",2,99.93316624895571,86
"(0.9497171590194846, 1.0)",2,99.93304006917168,88
"(0.9833229101521784, 1.0)",1,99.93304006917168,89
"(1.0, 1.0)",4,99.93304006917168,93
"(1.0, 1.0)",2,99.93265993265992,95
"(1.0, 1.0)",1,99.91737891737893,96
"(0.9666666666666668, 1.0)",4,99.9166353971232,100
"(0.9833229101521784, 1.0)",1,99.9166145507609,101
"(1.0, 1.0)",3,99.9166145507609,104
"(0.9499687304565352, 1.0)",1,99.9166145507609,105
"(0.94993894993895, 1.0)",7,99.9165847702433,112
"(0.9666666666666668, 1.0)",1,99.9165727012967,113
"(1.0, 1.0)",1,99.9165518549344,114
"(0.9833229101521784, 1.0)",4,99.9165518549344,118
"(0.9499687304565352, 1.0)",1,99.9165518549344,119
"(0.9665831244778612, 1.0)",1,99.9165518549344,120
"(1.0, 1.0)",2,99.9164891591079,122
"(0.9665831244778612, 1.0)",1,99.9164891591079,123
"(0.9666666666666668, 1.0)",1,99.91638382568615,124
"(1.0, 1.0)",1,99.91636297932384,125
"(0.9833229101521784, 1.0)",13,99.91636297932384,138
"(0.9497171590194846, 1.0)",2,99.91636297932384,140
"(0.9497171590194848, 1.0)",1,99.91630028349736,141
"(0.9497171590194846, 1.0)",2,99.91630028349736,143
"(0.9665831244778612, 1.0)",1,99.91630028349736,144
"(0.9161952650324744, 1.0)",4,99.91619526503248,148
"(1.0, 1.0)",1,99.9161020123793,149
"(0.9326599326599326, 1.0)",5,99.91598284281211,154
"(1.0, 1.0)",3,99.91598284281211,157
"(1.0, 1.0)",4,99.91534391534393,161
"(1.0, 1.0)",1,99.9007018275311,162
"(0.9833229101521784, 1.0)",1,99.89995830727538,163
"(1.0, 1.0)",2,99.89993746091308,165
"(1.0, 1.0)",1,99.89987476508658,166
"(0.9833229101521784, 1.0)",1,99.89987476508657,167
"(0.9666666666666668, 1.0)",1,99.8998329156224,168
"(0.9331094582012576, 1.0)",1,99.8997552785056,169
"(0.9833229101521784, 1.0)",5,99.89968588947602,174
"(0.9497171590194846, 1.0)",8,99.89962319364952,182
"(0.9161952650324744, 1.0)",1,99.89951817518464,183
"(1.0, 1.0)",1,99.89943431803896,184
"(0.9666562434855118, 1.0)",4,99.89931617614543,188
"(0.9833229101521784, 1.0)",2,99.8993057529643,190
"(0.9326599326599326, 1.0)",1,99.8993057529643,191
"(0.9326599326599326, 1.0)",1,99.8992430571378,192
"(1.0, 1.0)",1,99.89893860625568,193
"(0.9153439153439156, 1.0)",1,99.8986668254961,194
"(1.0, 1.0)",2,99.8986668254961,196
"(0.9153439153439152, 1.0)",3,99.8986668254961,199
"(1.0, 1.0)",2,99.898222888013,201
"(1.0, 1.0)",1,99.89769820971868,202
"(0.8976982097186702, 1.0)",3,99.89769820971868,205
"(0.8840048840048841, 1.0)",1,99.88400488400488,206
"(1.0, 1.0)",1,99.8839449584591,207
"(0.9665831244778612, 1.0)",1,99.88358482196736,208
"(1.0, 1.0)",1,99.88358482196736,209
"(0.94993894993895, 1.0)",1,99.88323059054768,210
"(0.9833229101521784, 1.0)",1,99.88323059054768,211
"(0.9833229101521784, 1.0)",2,99.88321852160108,213
"(0.9666666666666668, 1.0)",1,99.88321852160108,214
"(0.9665831244778612, 1.0)",1,99.88319767523876,215
"(1.0, 1.0)",1,99.88319767523876,216
"(0.9833229101521784, 1.0)",1,99.88319767523876,217
"(0.9833229101521784, 1.0)",6,99.88315582577457,223
"(0.9665831244778612, 1.0)",4,99.88313497941226,227
"(0.9833229101521784, 1.0)",2,99.88313497941226,229
"(0.9331094582012576, 1.0)",2,99.8830781886578,231
"(0.9665831244778612, 1.0)",1,99.88307228358576,232
"(1.0, 1.0)",2,99.8830087996282,234
"(1.0, 1.0)",3,99.8829461038017,237
"(0.9833229101521784, 1.0)",2,99.8829461038017,239
"(0.9331094582012576, 1.0)",1,99.88282661722074,240
"(1.0, 1.0)",2,99.88275722819114,242
"(1.0, 1.0)",1,99.88262866311646,243
"(0.9833229101521784, 1.0)",1,99.88262866311646,244
"(0.9665831244778612, 1.0)",7,99.88256596728996,251
"(0.9326599326599326, 1.0)",1,99.88237709167942,252
"(1.0, 1.0)",1,99.88237709167942,253
"(0.9666562434855118, 1.0)",1,99.88220924376252,254
"(1.0, 1.0)",3,99.88198973564828,257
"(0.9153439153439156, 1.0)",2,99.88198973564828,259
"(0.9153439153439152, 1.0)",1,99.88198973564828,260
"(0.9153439153439156, 1.0)",1,99.88192703982178,261
"(0.9665831244778612, 1.0)",2,99.88192703982178,263
"(1.0, 1.0)",1,99.88192703982178,264
"(1.0, 1.0)",4,99.88102111987084,268
"(0.8976982097186702, 1.0)",2,99.88102111987084,270
"(1.0, 1.0)",9,99.879647539222,279
"(0.8796475392220073, 1.0)",13,99.879647539222,292
"(1.0, 1.0)",3,99.86728495200896,295
"(0.9331094582012576, 1.0)",1,99.8667882455386,296
"(1.0, 1.0)",1,99.86671885650898,297
"(0.9666562434855118, 1.0)",1,99.86661455076089,298
"(0.9499687304565352, 1.0)",1,99.86658328121744,299
"(0.9499687304565352, 1.0)",1,99.86652058539092,300
"(0.9665831244778612, 1.0)",1,99.86652058539092,301
"(1.0, 1.0)",1,99.86652058539092,302
"(0.94993894993895, 1.0)",3,99.86642810904684,305
"(1.0, 1.0)",1,99.86639519373794,306
"(0.9833229101521784, 1.0)",2,99.86633871999726,308
"(0.9833229101521784, 1.0)",1,99.86633170978038,309
"(1.0, 1.0)",1,99.86630698212248,310
"(0.9497171590194846, 1.0)",1,99.86626901395388,311
"(0.9833229101521784, 1.0)",1,99.86626901395388,312
"(0.9665831244778612, 1.0)",2,99.86620631812738,314
"(0.9161952650324744, 1.0)",1,99.86616399548902,315
"(0.9331094582012576, 1.0)",1,99.86614952737293,316
"(0.9833229101521784, 1.0)",1,99.86610129966252,317
"(0.9833229101521784, 1.0)",3,99.86608013834334,320
"(0.916104916104916, 1.0)",1,99.86607364656146,321
"(0.9833229101521784, 1.0)",2,99.8659619964498,323
"(0.9161952650324744, 1.0)",2,99.86591242405196,325
"(0.9665831244778612, 1.0)",2,99.86588887744216,327
"(0.9326599326599326, 1.0)",4,99.86588887744216,331
"(1.0, 1.0)",1,99.86582618161566,332
"(1.0, 1.0)",1,99.86533349216276,333
"(0.9666562434855118, 1.0)",9,99.8653230689816,342
"(0.9326599326599326, 1.0)",1,99.86531986531986,343
"(0.9153439153439156, 1.0)",3,99.86531264580046,346
"(1.0, 1.0)",2,99.86531264580046,348
"(0.9833229101521784, 1.0)",1,99.86524994997396,349
"(0.8813080639167598, 1.0)",1,99.86463097406894,350
"(0.9833229101521784, 1.0)",2,99.86434403002303,352
"(0.8976982097186702, 1.0)",2,99.86434403002303,354
"(1.0, 1.0)",2,99.86434403002303,356
"(0.8976982097186702, 1.0)",4,99.86428133419652,360
"(0.8796475392220073, 1.0)",3,99.8629704493742,363
"(0.9833229101521784, 1.0)",1,99.8629704493742,364
"(1.0, 1.0)",3,99.8629704493742,367
"(0.9665831244778612, 1.0)",1,99.85020815014396,368
"(0.9665831244778612, 1.0)",1,99.85016794644524,369
"(1.0, 1.0)",1,99.84996873045654,370
"(0.9333333333333332, 1.0)",1,99.84994788409423,371
"(0.9833229101521784, 1.0)",1,99.8499061913696,372
"(0.9499687304565352, 1.0)",1,99.8499061913696,373
"(0.8832603710652491, 1.0)",1,99.8499061913696,374
"(1.0, 1.0)",1,99.84990619136958,375
"(0.9499687304565352, 1.0)",1,99.84984349554313,376
"(0.9665831244778612, 1.0)",1,99.84982249244123,377
"(1.0, 1.0)",1,99.84966163014944,378
"(0.9331094582012576, 1.0)",1,99.84966131313566,379
"(0.9497171590194846, 1.0)",1,99.84959192410606,380
"(0.9833229101521784, 1.0)",2,99.84959192410604,382
"(1.0, 1.0)",1,99.84959192410604,383
"(1.0, 1.0)",2,99.84952922827956,385
"(0.9497171590194846, 1.0)",1,99.84952922827956,386
"(0.9161952650324744, 1.0)",1,99.8494869056412,387
"(1.0, 1.0)",1,99.849268261335,388
"(0.882673371045464, 1.0)",2,99.84925649552332,390
"(0.9326599326599326, 1.0)",1,99.84923263395665,391
"(1.0, 1.0)",1,99.84921178759431,392
"(0.9499687304565352, 1.0)",3,99.84921178759431,395
"(0.9497171590194848, 1.0)",1,99.84915147705846,396
"(0.9497171590194846, 1.0)",1,99.84896021615728,397
"(1.0, 1.0)",2,99.84870705800938,399
"(0.9153439153439152, 1.0)",1,99.84867724867723,400
"(1.0, 1.0)",1,99.84864597913378,401
"(0.9666562434855118, 1.0)",3,99.84864597913378,404
"(0.9153439153439156, 1.0)",1,99.84857286012613,405
"(0.9665831244778612, 1.0)",1,99.84857286012613,406
"(0.9153439153439156, 1.0)",1,99.84851016429964,407
"(0.9153439153439152, 1.0)",1,99.84851016429964,408
"(0.9153439153439152, 1.0)",1,99.84838398451558,409
"(0.9497171590194846, 1.0)",1,99.84838398451558,410
"(1.0, 1.0)",2,99.84838398451558,412
"(0.9666562434855118, 1.0)",1,99.84813934582422,413
"(1.0, 1.0)",1,99.84800384800386,414
"(0.8813080639167598, 1.0)",2,99.84795388422113,416
"(0.9666562434855118, 1.0)",1,99.84795047021366,417
"(1.0, 1.0)",1,99.84767736335635,418
"(1.0, 1.0)",7,99.8476669401752,425
"(0.8976982097186702, 1.0)",2,99.8476669401752,427
"(0.9833229101521784, 1.0)",1,99.8476669401752,428
"(1.0, 1.0)",1,99.84741536873815,429
"(1.0, 1.0)",7,99.84629335952636,436
"(0.8796475392220073, 1.0)",4,99.84629335952636,440
"(0.8796475392220073, 1.0)",3,99.84623066369988,443
"(1.0, 1.0)",1,99.84623066369988,444
"(0.9665831244778612, 1.0)",1,99.84490645904222,445
"(0.9833229101521784, 1.0)",1,99.84443402126328,446
"(0.861111111111111, 1.0)",7,99.84443402126328,453
"(0.8420013166556947, 1.0)",4,99.8420013166557,457
"(0.9665831244778612, 1.0)",2,99.83378829726264,459
"(0.9331094582012576, 1.0)",1,99.83366881068169,460
"(0.9833229101521784, 1.0)",1,99.8334908565974,461
"(0.9331094582012576, 1.0)",1,99.83343406584294,462
"(0.9333333333333332, 1.0)",1,99.83321852160104,463
"(0.9665831244778612, 1.0)",1,99.8331664056953,464
"(0.9665831244778612, 1.0)",1,99.8331037098688,465
"(0.9833229101521784, 1.0)",1,99.8331037098688,466
"(0.94993894993895, 1.0)",1,99.8330739293512,467
"(0.9331094582012576, 1.0)",1,99.83304691911434,468
"(0.9665831244778612, 1.0)",1,99.8330410140423,469
"(1.0, 1.0)",1,99.83302474400035,470
"(0.9497171590194846, 1.0)",1,99.83301922280936,471
"(0.9833229101521784, 1.0)",1,99.8330087996282,472
"(1.0, 1.0)",1,99.83299837644704,473
"(0.9497171590194846, 1.0)",1,99.83294461477584,474
"(0.8329156223893065, 1.0)",1,99.83291562238932,475
"(0.9665831244778612, 1.0)",2,99.83291483425825,477
"(0.9497171590194848, 1.0)",1,99.83291483425825,478
"(0.9833229101521784, 1.0)",1,99.83291483425825,479
"(1.0, 1.0)",1,99.83291483425825,480
"(1.0, 1.0)",1,99.83285213843176,481
"(0.9497171590194848, 1.0)",1,99.83285213843176,482
"(0.94993894993895, 1.0)",4,99.83282235791415,486
"(0.9331094582012576, 1.0)",2,99.83279534767728,488
"(0.9833229101521784, 1.0)",1,99.83274711996688,489
"(0.9665831244778612, 1.0)",1,99.8326632628212,490
"(0.9666562434855118, 1.0)",1,99.83260781675416,491
"(0.9497171590194848, 1.0)",1,99.8326005669947,492
"(0.9326599326599326, 1.0)",1,99.832597393573,493
"(0.882673371045464, 1.0)",8,99.8325794056755,501
"(0.9326599326599326, 1.0)",2,99.83254512092766,503
"(0.9665831244778612, 1.0)",1,99.83253469774652,504
"(0.9665831244778612, 1.0)",1,99.83250491722892,505
"(0.9665831244778612, 1.0)",1,99.83248242510116,506
"(0.9665831244778612, 1.0)",1,99.83247200192,507
"(0.9665831244778612, 1.0)",1,99.83240930609352,508
"(0.9497171590194846, 1.0)",2,99.83234582213596,510
"(0.9666666666666668, 1.0)",1,99.83197931246713,511
"(0.9833229101521784, 1.0)",1,99.8319584661048,512
"(0.9153439153439152, 1.0)",6,99.8319584661048,518
"(0.9665831244778612, 1.0)",2,99.83191661664064,520
"(0.9153439153439152, 1.0)",2,99.83189577027832,522
"(0.8976982097186702, 1.0)",1,99.83167443772123,523
"(0.9153439153439152, 1.0)",1,99.83164419884126,524
"(0.9499358151476252, 1.0)",1,99.8315656236067,525
"(1.0, 1.0)",1,99.831376997056,526
"(0.8813080639167598, 1.0)",4,99.8312767943733,530
"(0.9666666666666668, 1.0)",1,99.8310106966897,531
"(1.0, 1.0)",1,99.8309600698098,532
"(0.9665831244778612, 1.0)",2,99.83092715450088,534
"(0.9833229101521784, 1.0)",1,99.83092715450088,535
"(0.8976982097186702, 1.0)",1,99.8308644586744,536
"(0.8976982097186702, 1.0)",4,99.83073827889034,540
"(0.8468951683237397, 1.0)",1,99.83021807847592,541
"(0.9666562434855118, 1.0)",2,99.8296266928597,543
"(0.8796475392220073, 1.0)",1,99.82961626967855,544
"(0.8796475392220073, 1.0)",3,99.82955357385204,547
"(0.8796475392220073, 1.0)",8,99.82936469824148,555
"(1.0, 1.0)",3,99.82936469824148,558
"(0.9833229101521784, 1.0)",1,99.82831125514052,559
"(0.9833229101521784, 1.0)",1,99.82775693141546,560
"(1.0, 1.0)",1,99.82775693141546,561
"(0.861111111111111, 1.0)",7,99.82775693141546,568
"(0.861111111111111, 1.0)",1,99.82769423558898,569
"(1.0, 1.0)",4,99.82222222222222,573
"(0.9331094582012576, 1.0)",3,99.81758826950934,576
"(0.9665831244778612, 1.0)",4,99.81756104996992,580
"(0.94993894993895, 1.0)",2,99.8168466820585,582
"(0.9665831244778612, 1.0)",2,99.81684484207229,584
"(1.0, 1.0)",1,99.81653100857208,585
"(0.9833229101521784, 1.0)",1,99.81645953532988,586
"(0.9499687304565352, 1.0)",1,99.81634213296152,587
"(0.9833229101521784, 1.0)",1,99.81630122836798,588
"(0.9665831244778612, 1.0)",1,99.81630122836798,589
"(0.94993894993895, 1.0)",1,99.8162714478504,590
"(0.9833229101521784, 1.0)",1,99.81623853254148,591
"(0.9166145507608924, 1.0)",1,99.81623774441042,592
"(0.9331094582012576, 1.0)",1,99.81618764685903,593
"(0.9331094582012576, 1.0)",1,99.81618174178702,594
"(0.9833229101521784, 1.0)",1,99.81615117313837,595
"(0.933249791144528, 1.0)",2,99.81613319911972,597
"(0.9666666666666668, 1.0)",2,99.81606971516216,599
"(0.9153439153439156, 1.0)",1,99.8160556697142,600
"(0.9665831244778612, 1.0)",1,99.81598617297335,601
"(1.0, 1.0)",2,99.8159203037252,603
"(0.9326599326599326, 1.0)",1,99.81592030372518,604
"(0.9665831244778612, 1.0)",1,99.81585760789868,605
"(0.9497171590194846, 1.0)",1,99.815818458682,606
"(0.9833229101521784, 1.0)",1,99.8157949120722,607
"(0.9666666666666668, 1.0)",1,99.81568957865044,608
"(0.9326599326599326, 1.0)",2,99.81566873228812,610
"(1.0, 1.0)",1,99.8156685229856,611
"(0.898989898989899, 1.0)",1,99.8155626002866,612
"(0.9497171590194846, 1.0)",1,99.81554334063514,613
"(0.9833229101521784, 1.0)",1,99.8152885957764,614
"(0.9326599326599326, 1.0)",1,99.8152885957764,615
"(1.0, 1.0)",2,99.815281376257,617
"(0.9153439153439152, 1.0)",1,99.815281376257,618
"(0.9665831244778612, 1.0)",3,99.8152395267928,621
"(0.9153439153439156, 1.0)",1,99.81522910361164,622
"(0.9153439153439152, 1.0)",1,99.815155984604,623
"(0.9153439153439156, 1.0)",1,99.815155984604,624
"(0.9153439153439156, 1.0)",1,99.81502980481994,625
"(0.9665831244778612, 1.0)",1,99.81496710899344,626
"(0.9153439153439152, 1.0)",1,99.81496710899344,627
"(0.9665831244778612, 1.0)",1,99.8149241554276,628
"(0.8976982097186702, 1.0)",1,99.81469990720817,629
"(0.898989898989899, 1.0)",1,99.81433381433382,630
"(1.0, 1.0)",1,99.81428297996196,631
"(0.8976982097186702, 1.0)",1,99.81368105253078,632
"(1.0, 1.0)",1,99.81332632655932,633
"(0.9333333333333332, 1.0)",1,99.81298087255534,634
"(0.9666562434855118, 1.0)",1,99.81294960301187,635
"(1.0, 1.0)",1,99.81293917983072,636
"(0.8796475392220073, 1.0)",2,99.81293917983072,638
"(0.9833229101521784, 1.0)",1,99.81293917983072,639
"(0.9499687304565352, 1.0)",2,99.81293917983072,641
"(1.0, 1.0)",1,99.81290939931311,642
"(0.8796475392220073, 1.0)",6,99.81287648400422,648
"(0.8796475392220073, 1.0)",1,99.81281378817772,649
"(1.0, 1.0)",8,99.81230747188194,657
"(0.9833229101521784, 1.0)",2,99.8116341652927,659
"(0.861111111111111, 1.0)",1,99.81107984156765,660
"(0.861111111111111, 1.0)",2,99.8108282701306,662
"(0.8420013166556946, 1.0)",4,99.80858444113356,666
"(1.0, 1.0)",1,99.8016677935542,667
"(0.8840048840048841, 1.0)",1,99.801393728223,668
"(0.9331094582012576, 1.0)",1,99.80120862032676,669
"(0.9833229101521784, 1.0)",1,99.80095138336026,670
"(0.9331094582012576, 1.0)",1,99.80009030932844,671
"(1.0, 1.0)",7,99.8000745073916,678
"(1.0, 1.0)",6,99.80005218984232,684
"(0.9326599326599326, 1.0)",2,99.8000175073346,686
"(0.9499687304565352, 1.0)",1,99.7999278012712,687
"(0.9333333333333332, 1.0)",1,99.79983142659653,688
"(1.0, 1.0)",1,99.79981222599964,689
"(0.94993894993895, 1.0)",1,99.79968996913796,690
"(0.8329156223893065, 1.0)",2,99.79956144269366,692
"(0.9665831244778612, 1.0)",1,99.7995606545626,693
"(0.8329156223893065, 1.0)",1,99.79949874686716,694
"(0.9833229101521784, 1.0)",1,99.79947408329056,695
"(1.0, 1.0)",1,99.7994732310782,696
"(0.9161952650324744, 1.0)",1,99.79945563609772,697
"(0.9665831244778612, 1.0)",1,99.7994352629096,698
"(0.9833229101521784, 1.0)",1,99.7994352629096,699
"(0.9497171590194846, 1.0)",1,99.79937256708313,700
"(0.9161952650324744, 1.0)",1,99.79933024444472,701
"(0.933249791144528, 1.0)",1,99.79932992948784,702
"(0.9833229101521784, 1.0)",2,99.79924638729904,704
"(0.9833229101521784, 1.0)",1,99.79924321387736,705
"(0.9665831244778612, 1.0)",1,99.79920136441318,706
"(0.9665831244778612, 1.0)",4,99.799190941232,710
"(0.9326599326599326, 1.0)",1,99.79915073753328,711
"(0.9833229101521784, 1.0)",1,99.79915073753328,712
"(0.9497171590194846, 1.0)",1,99.79907867300768,713
"(0.933249791144528, 1.0)",1,99.79894979297612,714
"(0.9326599326599326, 1.0)",1,99.7989289466138,715
"(0.898989898989899, 1.0)",1,99.7988228146123,716
"(0.9326599326599326, 1.0)",1,99.79876123232243,717
"(0.8813080639167598, 1.0)",1,99.79875390819188,718
"(0.8976982097186702, 1.0)",1,99.7987074047542,719
"(0.9833229101521784, 1.0)",1,99.79861470959032,720
"(0.9153439153439156, 1.0)",1,99.79860428640916,721
"(1.0, 1.0)",2,99.79860428640916,723
"(0.9153439153439156, 1.0)",1,99.79857450589158,724
"(0.9499687304565352, 1.0)",1,99.79857137110024,725
"(0.9833229101521784, 1.0)",1,99.79835993449151,726
"(0.9161952650324744, 1.0)",2,99.79818500068076,728
"(1.0, 1.0)",1,99.79816034892607,729
"(0.9497171590194846, 1.0)",1,99.79810114353506,730
"(1.0, 1.0)",1,99.79784446080532,731
"(0.9153439153439152, 1.0)",1,99.79772100702334,732
"(1.0, 1.0)",2,99.79760589011416,734
"(0.9666562434855118, 1.0)",1,99.79759382116757,735
"(0.8976982097186702, 1.0)",1,99.797404945557,736
"(0.8976982097186702, 1.0)",1,99.79735431867712,737
"(0.8796475392220073, 1.0)",1,99.79709338349711,738
"(0.8976982097186702, 1.0)",1,99.79700396268296,739
"(0.8976982097186702, 1.0)",1,99.79694126685646,740
"(0.9833229101521784, 1.0)",1,99.79686389878027,741
"(0.8976982097186702, 1.0)",1,99.79636503521476,742
"(1.0, 1.0)",1,99.79627251316406,743
"(0.8796475392220073, 1.0)",2,99.7962620899829,745
"(0.9499687304565352, 1.0)",7,99.7962620899829,752
"(1.0, 1.0)",1,99.79626208998287,753
"(0.9665831244778612, 1.0)",2,99.7961993941564,755
"(0.8294970161977834, 1.0)",1,99.79614283650214,756
"(0.8796475392220073, 1.0)",1,99.79594782271936,757
"(0.844988344988345, 1.0)",2,99.79496749862604,759
"(0.861111111111111, 1.0)",3,99.79440275171984,762
"(0.9833229101521784, 1.0)",1,99.79440275171984,763
"(0.861111111111111, 1.0)",1,99.79377104377105,764
"(0.9833229101521784, 1.0)",4,99.79190735128574,768
"(0.8420013166556947, 1.0)",1,99.79171847567518,769
"(0.8349489264123411, 1.0)",1,99.78492808005004,770
"(0.9833229101521784, 1.0)",1,99.78375702771918,771
"(0.9833229101521784, 1.0)",2,99.78335084066792,773
"(0.9333333333333332, 1.0)",1,99.78323952470294,774
"(1.0, 1.0)",1,99.78299496348276,775
"(0.9666666666666668, 1.0)",1,99.78296710690358,776
"(1.0, 1.0)",2,99.7829252574394,778
"(0.9499358151476252, 1.0)",1,99.78291334523236,779
"(0.9833229101521784, 1.0)",1,99.78283129206945,780
"(0.9833229101521784, 1.0)",1,99.78282086888828,781
"(0.9833229101521784, 1.0)",2,99.78279699344272,783
"(0.9331662489557224, 1.0)",1,99.78275817306178,784
"(0.9153439153439156, 1.0)",1,99.78270149001855,785
"(1.0, 1.0)",1,99.78263199327772,786
"(0.882673371045464, 1.0)",1,99.78254813613204,787
"(0.9833229101521784, 1.0)",1,99.78253634351196,788
"(0.94993894993895, 1.0)",1,99.78234825603246,789
"(0.9833229101521784, 1.0)",1,99.78226227994716,790
"(1.0, 1.0)",1,99.782251856766,791
"(0.9153439153439156, 1.0)",7,99.7820627718529,798
"(0.9833229101521784, 1.0)",1,99.78205358564792,799
"(0.9153439153439152, 1.0)",1,99.78194804292366,800
"(0.9665831244778612, 1.0)",2,99.78186450073486,802
"(0.9166145507608924, 1.0)",1,99.78186450073486,803
"(0.9833229101521784, 1.0)",1,99.7818153391324,804
"(1.0, 1.0)",1,99.7818153391324,805
"(0.9326599326599326, 1.0)",1,99.78180902442776,806
"(0.9166145507608924, 1.0)",1,99.7816756251243,807
"(0.9665831244778612, 1.0)",1,99.78135624656804,808
"(0.9153439153439152, 1.0)",1,99.78129548861256,809
"(0.8813080639167598, 1.0)",1,99.78124552482984,810
"(0.9666562434855118, 1.0)",1,99.78071743252802,811
"(0.9499687304565352, 1.0)",2,99.78070700934688,813
"(1.0, 1.0)",1,99.78032687283512,814
"(0.7802197802197803, 1.0)",2,99.78021978021978,816
"(0.9506533178503804, 1.0)",1,99.78001801609189,817
"(0.8976982097186702, 1.0)",2,99.77968794536694,819
"(0.8796475392220073, 1.0)",1,99.7795223043086,820
"(0.9665831244778612, 1.0)",2,99.7795223043086,822
"(0.8294970161977834, 1.0)",1,99.77946574665432,823
"(0.9665831244778612, 1.0)",1,99.77927073287154,824
"(0.8294970161977834, 1.0)",1,99.77921417521728,825
"(0.8976982097186702, 1.0)",1,99.77871932958952,826
"(0.898989898989899, 1.0)",1,99.7786374382119,827
"(1.0, 1.0)",1,99.7783143647181,828
"(0.8452611218568665, 1.0)",1,99.77830119102852,829
"(0.844988344988345, 1.0)",1,99.77829040877822,830
"(0.9833229101521784, 1.0)",2,99.77798086169447,832
"(0.861111111111111, 1.0)",1,99.77774650823432,833
"(0.9499687304565352, 1.0)",2,99.777725661872,835
"(0.861111111111111, 1.0)",1,99.777725661872,836
"(0.861111111111111, 1.0)",1,99.777600270219,837
"(0.861111111111111, 1.0)",1,99.77749493679728,838
"(0.861111111111111, 1.0)",1,99.7772131234904,839
"(0.776488287126585, 1.0)",2,99.77648828712658,841
"(0.826388888888889, 1.0)",1,99.77629492351892,842
"(1.0, 1.0)",1,99.77612425077862,843
"(0.9665831244778612, 1.0)",1,99.77523026143793,844
"(0.8420013166556946, 1.0)",1,99.77523026143793,845
"(0.8222222222222222, 1.0)",1,99.77219095267876,846
"(1.0, 1.0)",1,99.77219095267876,847
"(1.0, 1.0)",2,99.77212825685226,849
"(0.8703703703703703, 1.0)",1,99.76980468840934,850
"(0.9326599326599326, 1.0)",1,99.76910412276266,851
"(0.9506533178503804, 1.0)",2,99.76794279636326,853
"(0.868077055383557, 1.0)",1,99.76776294485958,854
"(1.0, 1.0)",1,99.76771394820176,855
"(0.9326599326599326, 1.0)",1,99.76743192532666,856
"(0.9665831244778612, 1.0)",4,99.76707993787136,860
"(1.0, 1.0)",1,99.7665207421305,861
"(0.9833229101521784, 1.0)",2,99.76649973902865,863
"(0.9331094582012576, 1.0)",1,99.76618764685904,864
"(0.94993894993895, 1.0)",1,99.76617748248044,865
"(0.8329156223893065, 1.0)",2,99.76614456717152,867
"(0.9331662489557228, 1.0)",1,99.76600287581869,868
"(0.933249791144528, 1.0)",1,99.7659757497922,869
"(0.882673371045464, 1.0)",2,99.76587104628422,871
"(0.9833229101521784, 1.0)",1,99.76580835045772,872
"(0.882673371045464, 1.0)",1,99.76580835045772,873
"(1.0, 1.0)",2,99.76557476691818,875
"(0.9665831244778612, 1.0)",1,99.76551048438084,876
"(0.8976982097186702, 1.0)",1,99.76535322505856,877
"(0.9665831244778612, 1.0)",1,99.76519463040644,878
"(1.0, 1.0)",1,99.76514867246574,879
"(0.9833229101521784, 1.0)",1,99.76481635286902,880
"(0.9665831244778612, 1.0)",1,99.76466699189926,881
"(0.9326599326599326, 1.0)",1,99.76461839876474,882
"(0.9665831244778612, 1.0)",1,99.76449300711177,883
"(0.9833229101521784, 1.0)",1,99.76449190196688,884
"(0.9497171590194846, 1.0)",1,99.76449028110969,885
"(0.9665831244778612, 1.0)",1,99.7642187951096,886
"(0.8468951683237397, 1.0)",3,99.76419430647849,889
"(0.8468951683237397, 1.0)",1,99.764131610652,890
"(0.9499687304565352, 1.0)",1,99.76402991949904,891
"(0.9153439153439152, 1.0)",1,99.76402116402116,892
"(0.8976982097186702, 1.0)",1,99.76396722367257,893
"(0.8813080639167598, 1.0)",1,99.76393672703324,894
"(0.9666666666666668, 1.0)",1,99.76367062934963,895
"(0.8635976129582268, 1.0)",1,99.76354549705246,896
"(0.7802197802197803, 1.0)",2,99.76354269037196,898
"(0.9497171590194846, 1.0)",3,99.76339821155028,901
"(1.0, 1.0)",1,99.76311153302623,902
"(0.8796475392220073, 1.0)",3,99.76284521446075,905
"(0.933249791144528, 1.0)",1,99.76280336499656,906
"(1.0, 1.0)",1,99.76275928408208,907
"(0.8997493734335841, 1.0)",2,99.76271982280775,909
"(0.8294970161977834, 1.0)",3,99.76253708536944,912
"(0.8294970161977834, 1.0)",1,99.76215694885772,913
"(0.8976982097186702, 1.0)",1,99.7619795439152,914
"(0.8796475392220073, 1.0)",3,99.76163727487028,917
"(0.8796475392220073, 1.0)",2,99.76157457904378,919
"(0.9665831244778612, 1.0)",1,99.76098587619768,920
"(0.8108747044917258, 1.0)",1,99.76078073912176,921
"(0.9833229101521784, 1.0)",1,99.76073430476065,922
"(0.8796475392220073, 1.0)",1,99.76066865909286,923
"(0.861111111111111, 1.0)",1,99.76054542915008,924
"(0.898989898989899, 1.0)",2,99.760101010101,926
"(1.0, 1.0)",1,99.759295078444,927
"(0.9665831244778612, 1.0)",2,99.75894031831872,929
"(0.8420013166556947, 1.0)",1,99.75861586741658,930
"(0.8420013166556946, 1.0)",2,99.75836429597952,932
"(0.8420013166556947, 1.0)",1,99.7579841594678,933
"(0.8222222222222222, 1.0)",1,99.75551386283094,934
"(0.8222222222222222, 1.0)",1,99.75538847117797,935
"(1.0, 1.0)",1,99.75445301461562,936
"(0.8703703703703703, 1.0)",1,99.75337916999857,937
"(0.8703703703703703, 1.0)",1,99.75331647417208,938
"(0.8703703703703703, 1.0)",1,99.75293633766034,939
"(0.8703703703703703, 1.0)",2,99.75259897146933,941
"(0.8349489264123411, 1.0)",1,99.75233777063043,942
"(0.8845578466141503, 1.0)",1,99.7523333459686,943
"(0.9499687304565352, 1.0)",1,99.75163652401072,944
"(0.8349489264123411, 1.0)",1,99.7515739003544,945
"(0.868077055383557, 1.0)",1,99.75127473062231,946
"(0.8845578466141503, 1.0)",2,99.7511321936763,948
"(0.9326599326599326, 1.0)",1,99.75075483547884,949
"(0.9833229101521784, 1.0)",1,99.7500670936514,950
"(0.9497171590194848, 1.0)",1,99.74989970514945,951
"(0.882673371045464, 1.0)",1,99.74987854383023,952
"(0.9665831244778612, 1.0)",1,99.74973017283672,953
"(0.9333333333333332, 1.0)",1,99.74957107774377,954
"(0.9833229101521784, 1.0)",1,99.74942483972843,955
"(0.8329156223893065, 1.0)",1,99.7494047814972,956
"(1.0, 1.0)",1,99.7492480330645,957
"(0.9497171590194848, 1.0)",1,99.74921511775558,958
"(0.882673371045464, 1.0)",1,99.74915210697222,959
"(0.9833229101521784, 1.0)",1,99.74898200739024,960
"(0.9833229101521784, 1.0)",1,99.74870567553496,961
"(0.8832603710652491, 1.0)",1,99.74857301686568,962
"(0.9166145507608924, 1.0)",1,99.74857301686568,963
"(0.898989898989899, 1.0)",2,99.74851912726946,965
"(0.9665831244778612, 1.0)",1,99.74846847157502,966
"(0.916104916104916, 1.0)",1,99.74845073824088,967
"(1.0, 1.0)",1,99.74843137891918,968
"(0.8997493734335841, 1.0)",1,99.74838492938622,969
"(0.8976982097186702, 1.0)",1,99.748315998719,970
"(0.8329156223893065, 1.0)",1,99.74825953773322,971
"(0.9164652836623464, 1.0)",1,99.7481094825036,972
"(0.8976982097186702, 1.0)",1,99.74755212844292,973
"(0.8468951683237397, 1.0)",2,99.74751721663064,975
"(0.9665831244778612, 1.0)",1,99.74747900943528,976
"(0.8976982097186702, 1.0)",1,99.7473598398681,977
"(0.9161952650324744, 1.0)",1,99.74712241953335,978
"(0.8976982097186702, 1.0)",1,99.746909997313,979
"(0.9326599326599326, 1.0)",1,99.746909997313,980
"(0.8635976129582268, 1.0)",2,99.74687883038578,982
"(0.7802197802197803, 1.0)",2,99.74686560052412,984
"(1.0, 1.0)",6,99.74684305241796,990
"(0.8468951683237397, 1.0)",1,99.74683262923682,991
"(0.7802197802197803, 1.0)",4,99.74680290469765,995
"(0.8468951683237397, 1.0)",1,99.74676993341032,996
"(0.8633762288330498, 1.0)",1,99.74668871580408,997
"(0.9665831244778612, 1.0)",1,99.74649257551503,998
"(0.8635976129582268, 1.0)",1,99.7462262760747,999
"(0.8796475392220073, 1.0)",1,99.74616812461294,1000
"(0.8796475392220073, 1.0)",1,99.74610542878644,1001
"(0.9499687304565352, 1.0)",1,99.7459792490024,1002
"(0.8796475392220073, 1.0)",1,99.74566498173884,1003
"(0.844988344988345, 1.0)",1,99.74531295263004,1004
"(0.8796475392220073, 1.0)",1,99.74496018502244,1005
"(0.844988344988345, 1.0)",1,99.74493622908255,1006
"(0.844988344988345, 1.0)",1,99.74488395643723,1007
"(0.861111111111111, 1.0)",6,99.74475862890498,1013
"(0.8832603710652491, 1.0)",6,99.74437148217636,1019
"(0.861111111111111, 1.0)",1,99.74430878634983,1020
"(0.9665831244778612, 1.0)",1,99.74427587104095,1021
"(0.9497171590194846, 1.0)",1,99.74416160346394,1022
"(1.0, 1.0)",1,99.74411991073931,1023
"(0.861111111111111, 1.0)",1,99.7440572149128,1024
"(0.9833229101521784, 1.0)",3,99.74399156924504,1027
"(0.9161952650324744, 1.0)",1,99.74395219644794,1028
"(0.861111111111111, 1.0)",1,99.74386833930224,1029
"(0.898989898989899, 1.0)",3,99.7434239202532,1032
"(0.776488287126585, 1.0)",1,99.74313410743096,1033
"(1.0, 1.0)",1,99.7426179885962,1034
"(0.9833229101521784, 1.0)",1,99.7426179885962,1035
"(0.9665831244778612, 1.0)",1,99.7422840748332,1036
"(0.9665831244778612, 1.0)",1,99.74226322847088,1037
"(0.9499687304565352, 1.0)",1,99.74193877756876,1038
"(0.8420013166556947, 1.0)",3,99.74193877756876,1041
"(0.9497171590194848, 1.0)",1,99.74181422337972,1042
"(0.9833229101521784, 1.0)",1,99.74181338591578,1043
"(0.8420013166556946, 1.0)",1,99.74181338591578,1044
"(0.8420013166556947, 1.0)",2,99.7416245103052,1046
"(1.0, 1.0)",1,99.7416245103052,1047
"(1.0, 1.0)",1,99.74075865033312,1048
"(0.8420013166556946, 1.0)",2,99.7406681421518,1050
"(0.8222222222222222, 1.0)",3,99.73877407715662,1053
"(0.8703703703703703, 1.0)",2,99.73587210108391,1055
"(0.8349489264123411, 1.0)",1,99.73531373775276,1056
"(0.8349489264123411, 1.0)",1,99.73490723368772,1057
"(0.94993894993895, 1.0)",1,99.73476771178058,1058
"(0.7511111111111111, 1.0)",2,99.7344340212633,1060
"(0.7340930674264007, 1.0)",1,99.7340930674264,1061
"(0.9833229101521784, 1.0)",1,99.73405073539412,1062
"(0.94993894993895, 1.0)",2,99.73382951855352,1064
"(0.9665831244778612, 1.0)",1,99.73372705298084,1065
"(0.9326599326599326, 1.0)",1,99.73363766393123,1066
"(1.0, 1.0)",1,99.73355370916347,1067
"(0.9331094582012576, 1.0)",1,99.7334236426618,1068
"(0.882673371045464, 1.0)",2,99.73320145398242,1070
"(0.9166145507608924, 1.0)",1,99.73312471297066,1071
"(0.9326599326599326, 1.0)",1,99.73308865182896,1072
"(0.9333333333333332, 1.0)",1,99.73308286350648,1073
"(0.9665831244778612, 1.0)",2,99.73298474453802,1075
"(0.9333333333333332, 1.0)",1,99.7329574718535,1076
"(0.9497171590194848, 1.0)",1,99.73292225801406,1077
"(0.8813080639167598, 1.0)",1,99.7328768423148,1078
"(0.9833229101521784, 1.0)",1,99.73245145663572,1079
"(0.9665831244778612, 1.0)",1,99.73241263625476,1080
"(0.933249791144528, 1.0)",1,99.73232576390473,1081
"(0.9666562434855118, 1.0)",1,99.73229449436124,1082
"(0.934122934122934, 1.0)",1,99.732224077658,1083
"(0.9497171590194846, 1.0)",1,99.73222058722251,1084
"(0.9833229101521784, 1.0)",1,99.73222058722251,1085
"(0.9833229101521784, 1.0)",5,99.73209551258331,1090
"(1.0, 1.0)",1,99.7319087052496,1091
"(1.0, 1.0)",1,99.73175428907136,1092
"(0.8329156223893065, 1.0)",1,99.7315824478854,1093
"(0.8468951683237397, 1.0)",1,99.73152471417669,1094
"(0.933249791144528, 1.0)",1,99.7313509346796,1095
"(0.8976982097186702, 1.0)",1,99.73129763137077,1096
"(0.882673371045464, 1.0)",1,99.7312462311716,1097
"(0.9161952650324744, 1.0)",2,99.73123228937185,1099
"(0.8468951683237397, 1.0)",2,99.73122727351144,1101
"(0.9331094582012576, 1.0)",2,99.73121060173632,1103
"(0.9326599326599326, 1.0)",1,99.7311388274161,1104
"(0.916104916104916, 1.0)",1,99.73107202509836,1105
"(0.8976982097186702, 1.0)",1,99.73106288653202,1106
"(0.9153439153439152, 1.0)",1,99.73094995180554,1107
"(0.8976982097186702, 1.0)",1,99.73092731124044,1108
"(0.8814814814814814, 1.0)",1,99.7307559649023,1109
"(0.8814814814814814, 1.0)",1,99.7306932690758,1110
"(1.0, 1.0)",1,99.7306757398034,1111
"(0.8329156223893065, 1.0)",1,99.73061383210798,1112
"(0.8813080639167598, 1.0)",1,99.73059297051874,1113
"(0.8633762288330498, 1.0)",1,99.73058140161784,1114
"(0.8976982097186702, 1.0)",1,99.73023290746518,1115
"(1.0, 1.0)",2,99.73020174053796,1117
"(0.7802197802197803, 1.0)",2,99.73018851067631,1119
"(0.7802197802197803, 1.0)",4,99.73012581484984,1123
"(0.9665831244778612, 1.0)",1,99.73011819834916,1124
"(0.8976982097186702, 1.0)",1,99.7299811267256,1125
"(0.7802197802197803, 1.0)",1,99.72993693923928,1126
"(0.8635976129582268, 1.0)",3,99.7298666269121,1129
"(0.8633762288330498, 1.0)",2,99.72977732764302,1131
"(0.8976982097186702, 1.0)",1,99.7296638953429,1132
"(0.8813080639167598, 1.0)",1,99.7293119119206,1133
"(0.9833229101521784, 1.0)",1,99.72867045120576,1134
"(0.844988344988345, 1.0)",5,99.72806653364614,1139
"(0.7612958226768967, 1.0)",2,99.72794164298124,1141
"(0.844988344988345, 1.0)",1,99.7278149622091,1142
"(0.9499687304565352, 1.0)",1,99.72769439232854,1143
"(0.861111111111111, 1.0)",1,99.72763169650204,1144
"(0.8796475392220073, 1.0)",1,99.72731447939722,1145
"(0.8420013166556947, 1.0)",1,99.726543739003,1146
"(0.9666562434855118, 1.0)",1,99.72643418009272,1147
"(0.861111111111111, 1.0)",2,99.72642375691156,1149
"(0.9506533178503804, 1.0)",1,99.72594627511478,1150
"(0.8420013166556946, 1.0)",6,99.72519899189444,1156
"(0.8420013166556946, 1.0)",1,99.7250101162839,1157
"(0.7416325017951034, 1.0)",1,99.72495541194728,1158
"(0.9161952650324744, 1.0)",2,99.72484240199252,1160
"(0.7916666666666666, 1.0)",2,99.72470673583834,1162
"(0.8420013166556946, 1.0)",1,99.72401189866628,1163
"(1.0, 1.0)",1,99.7216488558777,1164
"(0.8703703703703703, 1.0)",1,99.7196448537912,1165
"(0.9833229101521784, 1.0)",1,99.7182823443151,1166
"(0.8349489264123411, 1.0)",1,99.7182301438399,1167
"(0.8016677935542034, 1.0)",1,99.71823007166977,1168
"(0.8349489264123411, 1.0)",1,99.71821972065874,1169
"(0.9666666666666668, 1.0)",1,99.71819007910796,1170
"(0.8845578466141503, 1.0)",1,99.71804253933698,1171
"(0.8349489264123411, 1.0)",1,99.71796441924364,1172
"(0.8349489264123411, 1.0)",2,99.71759843589112,1174
"(1.0, 1.0)",1,99.71741597757858,1175
"(0.9331094582012576, 1.0)",6,99.71739987066434,1181
"(0.9009534009534008, 1.0)",1,99.7173502404568,1182
"(0.9506533178503804, 1.0)",1,99.71718779020924,1183
"(1.0, 1.0)",2,99.71690769463834,1185
"(0.94993894993895, 1.0)",1,99.71666364349292,1186
"(0.9666562434855118, 1.0)",3,99.71659070497324,1189
"(0.9499687304565352, 1.0)",2,99.71648947258704,1191
"(0.9326599326599326, 1.0)",1,99.71615007654056,1192
"(0.8813080639167598, 1.0)",4,99.71605304634662,1196
"(0.94993894993895, 1.0)",1,99.71589464149991,1197
"(0.9506533178503804, 1.0)",1,99.71587364404633,1198
"(0.9326599326599326, 1.0)",1,99.71585776463826,1199
"(0.9497171590194846, 1.0)",1,99.71560936662289,1200
"(0.898989898989899, 1.0)",1,99.71556275702618,1201
"(1.0, 1.0)",1,99.71552249427285,1202
"(0.8329156223893065, 1.0)",4,99.71548158967929,1206
"(0.9497171590194846, 1.0)",1,99.71535779518584,1207
"(0.9665831244778612, 1.0)",1,99.71529192593766,1208
"(0.9326599326599326, 1.0)",1,99.71510066503647,1209
"(0.9166145507608924, 1.0)",1,99.71509344551708,1210
"(1.0, 1.0)",1,99.7150403545006,1211
"(0.9161952650324744, 1.0)",1,99.71493533603574,1212
"(0.9153439153439156, 1.0)",1,99.71484187408,1213
"(0.9833229101521784, 1.0)",1,99.71465393352427,1214
"(0.9153439153439152, 1.0)",1,99.7146288219459,1215
"(0.9166145507608924, 1.0)",2,99.71458519135028,1217
"(0.9665831244778612, 1.0)",2,99.71455208649584,1219
"(0.9499687304565352, 1.0)",1,99.71427106775494,1220
"(0.9833229101521784, 1.0)",1,99.71408377704464,1221
"(0.8976982097186702, 1.0)",1,99.71399943808665,1222
"(0.9833229101521784, 1.0)",1,99.7139359541291,1223
"(0.8976982097186702, 1.0)",1,99.71362168686554,1224
"(0.9666666666666668, 1.0)",2,99.71359915789763,1226
"(0.8976982097186702, 1.0)",2,99.71351666840069,1228
"(0.7802197802197803, 1.0)",2,99.713448725002,1230
"(0.7802197802197803, 1.0)",1,99.7133860291755,1231
"(0.8468951683237397, 1.0)",1,99.71337390425047,1232
"(0.898989898989899, 1.0)",1,99.71326081000528,1233
"(0.7802197802197803, 1.0)",2,99.71325984939143,1235
"(0.8635976129582268, 1.0)",1,99.71295912694644,1236
"(0.8796475392220073, 1.0)",1,99.7128974871061,1237
"(0.9499687304565352, 1.0)",2,99.7128347912796,1239
"(0.9153439153439152, 1.0)",1,99.71277758786938,1240
"(0.9833229101521784, 1.0)",1,99.7127512490908,1241
"(0.8294970161977834, 1.0)",1,99.71269469143654,1242
"(0.8796475392220073, 1.0)",1,99.71249967765377,1243
"(0.9326599326599326, 1.0)",2,99.71218223696852,1245
"(0.7121693121693121, 1.0)",2,99.71216931216932,1247
"(0.8294970161977834, 1.0)",1,99.71206298348775,1248
"(0.844988344988345, 1.0)",1,99.71201982299544,1249
"(0.8976982097186702, 1.0)",2,99.71194827437174,1251
"(1.0, 1.0)",1,99.71170895055867,1252
"(0.9665831244778612, 1.0)",1,99.71095460665424,1253
"(1.0, 1.0)",2,99.71076573104368,1255
"(0.861111111111111, 1.0)",6,99.71038559453194,1261
"(0.8491514770584537, 1.0)",1,99.71026258816956,1262
"(0.861111111111111, 1.0)",1,99.7101340230949,1263
"(0.8420013166556947, 1.0)",1,99.70986664915516,1264
"(0.898989898989899, 1.0)",1,99.7098181691205,1265
"(0.9833229101521784, 1.0)",2,99.70877805128632,1267
"(0.9665831244778612, 1.0)",2,99.70871535545982,1269
"(0.8420013166556946, 1.0)",1,99.70858459787311,1270
"(0.8420013166556946, 1.0)",1,99.70854274840896,1271
"(0.8420013166556946, 1.0)",1,99.70827033060958,1272
"(0.8420013166556946, 1.0)",1,99.70820763478308,1273
"(0.9665831244778612, 1.0)",1,99.70789019409784,1274
"(0.861111111111111, 1.0)",1,99.70740447063748,1275
"(0.861111111111111, 1.0)",1,99.70734177481096,1276
"(0.9833229101521784, 1.0)",1,99.70731396245614,1277
"(0.8811945374355704, 1.0)",3,99.70651876424344,1280
"(0.8222222222222222, 1.0)",1,99.70516832602392,1281
"(0.7204751921733054, 1.0)",1,99.70379810232548,1282
"(0.7198480531813864, 1.0)",1,99.70317096333356,1283
"(0.8703703703703703, 1.0)",1,99.70311749033723,1284
"(0.8703703703703703, 1.0)",1,99.7023360559946,1285
"(0.8349489264123411, 1.0)",1,99.7014903581656,1286
"(0.8997493734335841, 1.0)",2,99.7014171669878,1288
"(0.851037851037851, 1.0)",1,99.7010274278567,1289
"(1.0, 1.0)",1,99.70073888773076,1290
"(0.7340930674264007, 1.0)",1,99.70067619190426,1291
"(1.0, 1.0)",2,99.70066774331252,1293
"(0.9009534009534008, 1.0)",1,99.70048427499842,1294
"(0.9009534009534008, 1.0)",2,99.70042157917192,1296
"(0.9333333333333332, 1.0)",1,99.70022439559412,1297
"(0.9833229101521784, 1.0)",2,99.70006378708877,1299
"(0.94993894993895, 1.0)",2,99.69998655364508,1301
"(0.9666562434855118, 1.0)",1,99.6999136151254,1302
"(0.9326599326599326, 1.0)",1,99.69988234558195,1303
"(0.9833229101521784, 1.0)",1,99.69976404334837,1304
"(0.9665831244778612, 1.0)",1,99.69966598798436,1305
"(0.9665831244778612, 1.0)",1,99.69959451474216,1306
"(0.9833229101521784, 1.0)",1,99.69933040118428,1307
"(0.9497171590194848, 1.0)",1,99.69929375795424,1308
"(0.9665831244778612, 1.0)",1,99.69912115238564,1309
"(0.8651903651903651, 1.0)",1,99.69905629956978,1310
"(0.882673371045464, 1.0)",1,99.69897459941345,1311
"(0.7656073923822403, 1.0)",1,99.69883633716448,1312
"(0.9506533178503804, 1.0)",1,99.6987806196362,1313
"(0.9665831244778612, 1.0)",3,99.69875143905504,1316
"(0.9009534009534008, 1.0)",1,99.69855615627624,1317
"(0.9833229101521784, 1.0)",2,99.69855214026332,1319
"(0.9161952650324744, 1.0)",1,99.69844712179848,1320
"(1.0, 1.0)",2,99.69841946671217,1322
"(0.9326599326599326, 1.0)",1,99.69830440562149,1323
"(0.9665831244778612, 1.0)",1,99.69829096401624,1324
"(0.8329156223893065, 1.0)",1,99.69824911455208,1325
"(0.9665831244778612, 1.0)",1,99.69817459046344,1326
"(0.8329156223893065, 1.0)",2,99.69816557236328,1328
"(0.9833229101521784, 1.0)",1,99.69784734354695,1329
"(0.9833229101521784, 1.0)",1,99.69775603638338,1330
"(0.9833229101521784, 1.0)",1,99.69775603638335,1331
"(1.0, 1.0)",2,99.6977291714134,1333
"(0.9166145507608924, 1.0)",1,99.69761420742702,1334
"(0.8832603710652491, 1.0)",1,99.6975731315448,1335
"(1.0, 1.0)",1,99.6975731315448,1336
"(1.0, 1.0)",1,99.6972978596077,1337
"(1.0, 1.0)",4,99.69684756084231,1341
"(0.8976982097186702, 1.0)",4,99.69683957855284,1345
"(0.8635976129582268, 1.0)",2,99.69676401865352,1347
"(0.9153439153439152, 1.0)",1,99.69668109668108,1348
"(0.933249791144528, 1.0)",2,99.69631638973048,1350
"(0.8976982097186702, 1.0)",1,99.69630971564725,1351
"(0.9326599326599326, 1.0)",1,99.6962026230319,1352
"(0.8796475392220073, 1.0)",1,99.69607415924298,1353
"(0.8811945374355704, 1.0)",1,99.69585462892492,1354
"(0.9441792447111594, 1.0)",4,99.69584982091544,1358
"(0.8796475392220073, 1.0)",1,99.69563371219536,1359
"(0.9161952650324744, 1.0)",1,99.6955286937305,1360
"(0.8796475392220073, 1.0)",1,99.6955051471207,1361
"(1.0, 1.0)",1,99.6953338803504,1362
"(0.8976982097186702, 1.0)",1,99.69527118452392,1363
"(0.844988344988345, 1.0)",1,99.69526485648824,1364
"(0.9326599326599326, 1.0)",1,99.69525357568364,1365
"(0.8633762288330498, 1.0)",1,99.6951525125304,1366
"(0.8295839885326742, 1.0)",2,99.69490705751429,1368
"(0.9665831244778612, 1.0)",2,99.69453271662888,1370
"(0.8635976129582268, 1.0)",1,99.69452476745911,1371
"(0.9665831244778612, 1.0)",3,99.69440732497588,1374
"(0.8645971914264597, 1.0)",1,99.69423430746733,1375
"(0.9166145507608924, 1.0)",1,99.69421482097992,1376
"(0.8663324979114452, 1.0)",2,99.69408942932692,1378
"(0.9326599326599326, 1.0)",2,99.69372935104644,1380
"(0.7435897435897435, 1.0)",1,99.6935793204086,1381
"(0.861111111111111, 1.0)",2,99.69326315058022,1383
"(0.7090909090909091, 1.0)",1,99.69241381924309,1384
"(0.9665831244778612, 1.0)",1,99.69197556978553,1385
"(0.8420013166556947, 1.0)",1,99.69187772750772,1386
"(0.8420013166556946, 1.0)",1,99.69186565856111,1387
"(0.861111111111111, 1.0)",1,99.69184939000144,1388
"(0.9499687304565352, 1.0)",1,99.6918448121988,1389
"(0.7916666666666666, 1.0)",2,99.69164582030436,1391
"(0.8491514770584537, 1.0)",1,99.69115279371417,1392
"(0.9333333333333332, 1.0)",1,99.69107849988352,1393
"(0.9499687304565352, 1.0)",1,99.69103680715892,1394
"(0.9833229101521784, 1.0)",1,99.69076775014614,1395
"(0.9833229101521784, 1.0)",1,99.69038530117128,1396
"(0.8420013166556947, 1.0)",1,99.69038530117128,1397
"(0.7069597069597069, 1.0)",1,99.69028261711188,1398
"(0.8811945374355704, 1.0)",10,99.68984167439562,1408
"(0.8420013166556946, 1.0)",1,99.6896682568309,1409
"(0.8068904981347378, 1.0)",2,99.6895638691802,1411
"(0.8420013166556946, 1.0)",1,99.68941668539384,1412
"(0.8222222222222222, 1.0)",1,99.6884912361761,1413
"(0.9666562434855118, 1.0)",2,99.68831566343265,1415
"(0.9666666666666668, 1.0)",2,99.6881946418532,1417
"(0.9326599326599326, 1.0)",2,99.6879916130834,1419
"(0.8811945374355704, 1.0)",1,99.68673966980997,1420
"(0.9497171590194848, 1.0)",1,99.68652616046263,1421
"(0.8976982097186702, 1.0)",1,99.68594333232912,1422
"(0.8016677935542034, 1.0)",1,99.68480277296646,1423
"(0.9833229101521784, 1.0)",1,99.68467909924904,1424
"(0.9326599326599326, 1.0)",1,99.68429645667068,1425
"(0.933249791144528, 1.0)",1,99.68401395588606,1426
"(1.0, 1.0)",1,99.68390958634862,1427
"(0.9833229101521784, 1.0)",1,99.6839095863486,1428
"(0.8349489264123411, 1.0)",1,99.68379890209158,1429
"(0.9833229101521784, 1.0)",1,99.68358539224587,1430
"(1.0, 1.0)",1,99.6835535149427,1431
"(0.9666666666666668, 1.0)",1,99.68338940861685,1432
"(0.9326599326599326, 1.0)",1,99.68328268328268,1433
"(0.9499687304565352, 1.0)",1,99.6831352928914,1434
"(0.9833229101521784, 1.0)",1,99.68307259706488,1435
"(0.9665831244778612, 1.0)",2,99.68238136671133,1437
"(0.8329156223893065, 1.0)",2,99.68214825634595,1439
"(0.898989898989899, 1.0)",6,99.68193694766224,1445
"(0.8813080639167598, 1.0)",4,99.68188465851968,1449
"(0.9326599326599326, 1.0)",1,99.68181968181968,1450
"(0.8329156223893065, 1.0)",1,99.68150932887777,1451
"(0.9665831244778612, 1.0)",1,99.68149438758746,1452
"(0.8976982097186702, 1.0)",1,99.68145640643772,1453
"(0.9833229101521784, 1.0)",1,99.68141605639738,1454
"(0.8976982097186702, 1.0)",1,99.68136079530233,1455
"(0.7979797979797979, 1.0)",2,99.6812922849508,1457
"(0.8813080639167598, 1.0)",1,99.68125136386006,1458
"(0.8468951683237397, 1.0)",5,99.68124663084788,1463
"(0.9665831244778612, 1.0)",1,99.6811979068002,1464
"(0.7656073923822403, 1.0)",7,99.68095130772616,1471
"(0.8832603710652491, 1.0)",2,99.680896041697,1473
"(0.9499687304565352, 1.0)",1,99.680770650044,1474
"(0.8633762288330498, 1.0)",1,99.68061282790086,1475
"(1.0, 1.0)",2,99.68060846109628,1477
"(0.9833229101521784, 1.0)",1,99.6804685829076,1478
"(0.9161952650324744, 1.0)",1,99.6802886684891,1479
"(0.7802197802197803, 1.0)",1,99.6799750587254,1480
"(0.8976982097186702, 1.0)",1,99.67963262579944,1481
"(0.8796475392220073, 1.0)",1,99.67952246104817,1482
"(0.9665831244778612, 1.0)",2,99.67895662234756,1484
"(0.844988344988345, 1.0)",1,99.67860459323876,1485
"(0.8976982097186702, 1.0)",2,99.67860451785724,1487
"(0.933249791144528, 1.0)",1,99.67859733219814,1488
"(0.9666562434855118, 1.0)",1,99.678501114263,1489
"(0.9665831244778612, 1.0)",2,99.67818007768317,1491
"(0.8294970161977834, 1.0)",2,99.67815341851272,1493
"(0.7612958226768967, 1.0)",1,99.6778476776113,1494
"(0.844988344988345, 1.0)",1,99.67760658492368,1495
"(0.861111111111111, 1.0)",2,99.6775585774944,1497
"(0.8796475392220073, 1.0)",1,99.67736854624532,1498
"(0.8976982097186702, 1.0)",1,99.6769689425902,1499
"(0.8137566137566138, 1.0)",1,99.6767270631308,1500
"(1.0, 1.0)",2,99.676337011061,1502
"(0.776488287126585, 1.0)",1,99.67623766056016,1503
"(0.861111111111111, 1.0)",1,99.67576077941932,1504
"(0.8615866942983156, 1.0)",1,99.67569322245387,1505
"(0.861111111111111, 1.0)",1,99.67531542531545,1506
"(0.9499687304565352, 1.0)",1,99.675167722351,1507
"(0.8997493734335841, 1.0)",2,99.675042330698,1509
"(0.7416325017951034, 1.0)",1,99.67492414240382,1510
"(0.9166145507608924, 1.0)",3,99.67481113244908,1513
"(0.7916666666666666, 1.0)",1,99.67434003771211,1514
"(0.7069597069597069, 1.0)",1,99.67360552726409,1515
"(0.7069597069597069, 1.0)",1,99.67360552726406,1516
"(0.8811945374355704, 1.0)",1,99.67291301311076,1517
"(0.9331662489557228, 1.0)",1,99.67286577533008,1518
"(0.8420013166556947, 1.0)",2,99.67161758633424,1520
"(1.0, 1.0)",4,99.67096275568676,1524
"(0.7204751921733054, 1.0)",1,99.67044392262984,1525
"(0.7204751921733054, 1.0)",1,99.67038122680334,1526
"(0.6698155645524068, 1.0)",7,99.6698155645524,1533
"(0.8420013166556946, 1.0)",1,99.66975824807116,1534
"(0.8420013166556947, 1.0)",1,99.66975824807116,1535
"(0.7198480531813864, 1.0)",2,99.66975408781144,1537
"(0.8832603710652491, 1.0)",1,99.66825107477165,1538
"(0.8349489264123411, 1.0)",1,99.66791215202034,1539
"(1.0, 1.0)",1,99.66776156618576,1540
"(0.8341307814992026, 1.0)",1,99.6677470297496,1541
"(0.8349489264123411, 1.0)",2,99.66773836901758,1543
"(0.882673371045464, 1.0)",7,99.66766407475184,1550
"(0.7511111111111111, 1.0)",1,99.66747409043496,1551
"(0.9833229101521784, 1.0)",1,99.6672324965008,1552
"(0.9497171590194846, 1.0)",1,99.6671709727766,1553
"(0.9331094582012576, 1.0)",1,99.6671601935954,1554
"(0.9833229101521784, 1.0)",1,99.66696097254058,1555
"(0.7340930674264007, 1.0)",4,99.66675300008632,1559
"(0.9666562434855118, 1.0)",1,99.66655943542978,1560
"(0.9833229101521784, 1.0)",1,99.66645820304358,1561
"(0.9497171590194848, 1.0)",1,99.6664337370951,1562
"(0.8813080639167598, 1.0)",1,99.66625498358768,1563
"(0.9833229101521784, 1.0)",2,99.66618562850464,1565
"(0.882673371045464, 1.0)",1,99.66616403342208,1566
"(0.9497171590194848, 1.0)",1,99.66614393578004,1567
"(0.6825396825396824, 1.0)",1,99.66586259269188,1568
"(0.9666666666666668, 1.0)",2,99.6657743667879,1570
"(0.9506533178503804, 1.0)",1,99.66563100676451,1571
"(0.9665831244778612, 1.0)",1,99.6655757117888,1572
"(0.9666666666666668, 1.0)",2,99.66497847704522,1574
"(0.9326599326599326, 1.0)",1,99.66490406649228,1575
"(0.898989898989899, 1.0)",1,99.66456545403912,1576
"(0.9833229101521784, 1.0)",1,99.6642814909361,1577
"(1.0, 1.0)",1,99.6642293750303,1578
"(0.9166145507608924, 1.0)",2,99.66366905571012,1580
"(0.7802197802197803, 1.0)",1,99.66361572657658,1581
"(0.9166145507608924, 1.0)",1,99.66316795817195,1582
"(0.7802197802197803, 1.0)",1,99.66306086555662,1583
"(0.9833229101521784, 1.0)",1,99.66295873961334,1584
"(0.9166145507608924, 1.0)",3,99.66286621756264,1587
"(0.8796475392220073, 1.0)",1,99.66266667922834,1588
"(0.9833229101521784, 1.0)",1,99.66264126868806,1589
"(0.898989898989899, 1.0)",3,99.66259783251304,1592
"(0.9164652836623464, 1.0)",2,99.66219296122767,1594
"(0.8796475392220073, 1.0)",1,99.66139667398784,1595
"(1.0, 1.0)",1,99.66137566137566,1596
"(0.7612958226768967, 1.0)",1,99.66117058776348,1597
"(0.8976982097186702, 1.0)",6,99.66099326673454,1603
"(0.844988344988345, 1.0)",1,99.66081015958616,1604
"(0.861111111111111, 1.0)",1,99.66057928932965,1605
"(0.8796475392220073, 1.0)",1,99.66029185274238,1606
"(0.8491514770584537, 1.0)",1,99.6602313186261,1607
"(0.861111111111111, 1.0)",3,99.66012359991372,1610
"(0.8633762288330498, 1.0)",1,99.66002820809372,1611
"(0.7612958226768967, 1.0)",1,99.659962648173,1612
"(0.9326599326599326, 1.0)",1,99.65972284062008,1613
"(0.776488287126585, 1.0)",3,99.65956057071234,1616
"(0.776488287126585, 1.0)",2,99.65916165817204,1618
"(0.7090909090909091, 1.0)",2,99.65905963954744,1620
"(0.8165520116739629, 1.0)",1,99.65855332832966,1621
"(0.9331662489557224, 1.0)",1,99.65844878303898,1622
"(0.8976982097186702, 1.0)",1,99.6584325144793,1623
"(0.8329156223893065, 1.0)",1,99.65823984919716,1624
"(0.7416325017951034, 1.0)",1,99.658121660903,1625
"(0.8420013166556947, 1.0)",2,99.65804369367368,1627
"(0.861111111111111, 1.0)",1,99.6579750098914,1628
"(0.7916666666666666, 1.0)",1,99.65795652698286,1629
"(0.9833229101521784, 1.0)",1,99.65768262746327,1630
"(0.7916666666666666, 1.0)",1,99.65697931246712,1631
"(0.8796475392220073, 1.0)",2,99.65674149314523,1633
"(0.8796475392220073, 1.0)",1,99.65610256567705,1634
"(0.844988344988345, 1.0)",1,99.6560054907295,1635
"(0.861111111111111, 1.0)",1,99.65551386283092,1636
"(0.8832603710652491, 1.0)",1,99.65538862791752,1637
"(0.861111111111111, 1.0)",2,99.65526229139388,1639
"(0.8997493734335841, 1.0)",1,99.65513784461152,1640
"(0.9153439153439152, 1.0)",2,99.65504344171828,1642
"(0.8420013166556946, 1.0)",2,99.65487780065992,1644
"(0.8222222222222222, 1.0)",1,99.65475691996872,1645
"(0.916104916104916, 1.0)",1,99.65430998113924,1646
"(0.8222222222222222, 1.0)",1,99.65420153468934,1647
"(0.9326599326599326, 1.0)",1,99.65418790784643,1648
"(0.8222222222222222, 1.0)",1,99.6532120725496,1649
"(0.6698155645524068, 1.0)",8,99.65313847470458,1657
"(0.7198480531813864, 1.0)",1,99.6531067784812,1658
"(0.8420013166556947, 1.0)",1,99.65308115822334,1659
"(0.861111111111111, 1.0)",1,99.65282958678628,1660
"(0.8703703703703703, 1.0)",1,99.6520698709402,1661
"(0.882673371045464, 1.0)",1,99.65092428907752,1662
"(0.868077055383557, 1.0)",1,99.6506102641042,1663
"(0.9666666666666668, 1.0)",1,99.65013586129038,1664
"(0.9326599326599326, 1.0)",2,99.64994877563782,1666
"(0.9326599326599326, 1.0)",2,99.64990687210587,1668
"(0.9326599326599326, 1.0)",1,99.6497356112247,1669
"(0.8651903651903651, 1.0)",1,99.64958071267722,1670
"(0.8677838677838676, 1.0)",1,99.64939679708166,1671
"(0.9665831244778612, 1.0)",1,99.64934224241028,1672
"(0.8016677935542034, 1.0)",1,99.6493347337294,1673
"(0.6825396825396824, 1.0)",1,99.64920634920637,1674
"(0.8651903651903651, 1.0)",1,99.6491567948564,1675
"(0.94993894993895, 1.0)",2,99.6490632371159,1677
"(0.7503607503607503, 1.0)",2,99.64902757585683,1679
"(0.882673371045464, 1.0)",2,99.64900602569648,1681
"(1.0, 1.0)",2,99.64896354631853,1683
"(0.9326599326599326, 1.0)",1,99.64891868017224,1684
"(0.9506533178503804, 1.0)",1,99.6489088637908,1685
"(0.9331094582012576, 1.0)",2,99.64866203406967,1687
"(0.9665831244778612, 1.0)",1,99.64852165885094,1688
"(1.0, 1.0)",2,99.64847905149574,1690
"(0.8976982097186702, 1.0)",7,99.64832088287022,1697
"(0.9665831244778612, 1.0)",1,99.64820343003464,1698
"(0.9833229101521784, 1.0)",2,99.64807803838164,1700
"(0.7656073923822403, 1.0)",1,99.64798448406164,1701
"(0.9326599326599326, 1.0)",1,99.64790683571172,1702
"(0.9833229101521784, 1.0)",1,99.64763130686944,1703
"(0.8468951683237397, 1.0)",2,99.64728711640056,1705
"(0.9666562434855118, 1.0)",1,99.64712487388996,1706
"(1.0, 1.0)",1,99.64699718461992,1707
"(0.8813080639167598, 1.0)",1,99.6469763926816,1708
"(0.8832603710652491, 1.0)",1,99.6468030614372,1709
"(0.9161952650324744, 1.0)",1,99.64675603636404,1710
"(0.7802197802197803, 1.0)",1,99.64667766978422,1711
"(0.9326599326599326, 1.0)",1,99.64653274732808,1712
"(0.9166145507608924, 1.0)",1,99.64609988024624,1713
"(0.9833229101521784, 1.0)",1,99.64605331288068,1714
"(0.8796475392220073, 1.0)",1,99.64604288969952,1715
"(0.8976982097186702, 1.0)",1,99.64595695932084,1716
"(0.844988344988345, 1.0)",3,99.64595108964754,1719
"(0.916104916104916, 1.0)",1,99.6458283962314,1720
"(0.8635976129582268, 1.0)",1,99.6458165544153,1721
"(0.8633762288330498, 1.0)",1,99.64579308576404,1722
"(0.8976982097186702, 1.0)",1,99.64578924502943,1723
"(0.9326599326599326, 1.0)",1,99.64577530322968,1724
"(0.7802197802197803, 1.0)",1,99.64553964553964,1725
"(0.7979797979797979, 1.0)",3,99.64539516671796,1728
"(0.8796475392220073, 1.0)",1,99.64533365856668,1729
"(0.9666562434855118, 1.0)",1,99.64523272932134,1730
"(0.8137566137566138, 1.0)",1,99.64508337191263,1731
"(1.0, 1.0)",1,99.64482924482924,1732
"(0.7612958226768967, 1.0)",1,99.64459788646676,1733
"(0.9665831244778612, 1.0)",1,99.64451187026654,1734
"(0.861111111111111, 1.0)",2,99.64416254833456,1736
"(0.8997493734335841, 1.0)",6,99.64399546395695,1742
"(0.7612958226768967, 1.0)",1,99.64396919372236,1743
"(0.9499687304565352, 1.0)",1,99.64365924724316,1744
"(0.8633762288330498, 1.0)",1,99.6433511182459,1745
"(0.7612958226768967, 1.0)",2,99.64328555832518,1747
"(0.8796475392220073, 1.0)",2,99.64319022959396,1749
"(0.9833229101521784, 1.0)",1,99.64311875635175,1750
"(0.8796475392220073, 1.0)",1,99.64309456248014,1751
"(0.776488287126585, 1.0)",1,99.643071568344,1752
"(0.8165520116739629, 1.0)",1,99.64187623848184,1753
"(0.8997493734335841, 1.0)",1,99.64172984372698,1754
"(0.8420013166556946, 1.0)",1,99.6414992753918,1755
"(0.8420013166556946, 1.0)",1,99.64130390799936,1756
"(0.8468951683237397, 1.0)",1,99.64129792004356,1757
"(0.8108747044917258, 1.0)",1,99.64123284687034,1758
"(0.757745166550198, 1.0)",1,99.64102638397776,1759
"(0.9331662489557224, 1.0)",4,99.6405707195932,1763
"(0.8976982097186702, 1.0)",1,99.640491975043,1764
"(0.7069597069597069, 1.0)",1,99.64029304029305,1765
"(0.7069597069597069, 1.0)",1,99.64018865174192,1766
"(0.757745166550198, 1.0)",1,99.6397557485608,1767
"(0.8811945374355704, 1.0)",1,99.63968501319916,1768
"(0.8832603710652491, 1.0)",2,99.6387742338962,1770
"(0.8222222222222222, 1.0)",1,99.63872196125084,1771
"(0.8997493734335841, 1.0)",1,99.63827187915317,1772
"(0.8222222222222222, 1.0)",1,99.63789095451035,1773
"(0.9833229101521784, 1.0)",1,99.63760857599112,1774
"(0.8374727668845315, 1.0)",1,99.63739466308373,1775
"(0.7204751921733054, 1.0)",2,99.6370897429342,1777
"(0.7204751921733054, 1.0)",3,99.6370270471077,1780
"(0.7880931329207191, 1.0)",1,99.63672868887336,1781
"(0.8976982097186702, 1.0)",2,99.63647228687528,1783
"(0.7198480531813864, 1.0)",2,99.63646260394228,1785
"(0.6698155645524068, 1.0)",3,99.63646138485676,1788
"(0.6698155645524068, 1.0)",1,99.63639868903029,1789
"(0.8976982097186702, 1.0)",1,99.63628341126474,1790
"(0.8840048840048841, 1.0)",1,99.63583134314842,1791
"(0.8703703703703703, 1.0)",1,99.6355650007768,1792
"(0.8420013166556947, 1.0)",1,99.63497333002243,1793
"(0.8832603710652491, 1.0)",1,99.6348341992495,1794
"(0.8016677935542034, 1.0)",1,99.63466275703698,1795
"(0.8016677935542034, 1.0)",2,99.63464532363894,1797
"(0.9499687304565352, 1.0)",1,99.63441491352108,1798
"(0.8165520116739629, 1.0)",1,99.63430460991437,1799
"(0.8016677935542034, 1.0)",1,99.63427561030836,1800
"(0.9326599326599326, 1.0)",1,99.63426026410622,1801
"(0.9665831244778612, 1.0)",1,99.63420249130073,1802
"(1.0, 1.0)",1,99.63380514204512,1803
"(0.9326599326599326, 1.0)",2,99.6332089899635,1805
"(0.9666666666666668, 1.0)",1,99.6330099787096,1806
"(0.8165520116739629, 1.0)",1,99.63227116153944,1807
"(0.933249791144528, 1.0)",1,99.6322125979379,1808
"(0.9506533178503804, 1.0)",1,99.63214823175416,1809
"(0.7656073923822403, 1.0)",2,99.63181371050962,1811
"(0.7340930674264007, 1.0)",3,99.63179127714508,1814
"(0.9153439153439156, 1.0)",2,99.6316692816051,1816
"(0.9665831244778612, 1.0)",1,99.6316549052615,1817
"(1.0, 1.0)",2,99.63164271173176,1819
"(0.9833229101521784, 1.0)",1,99.631592209435,1820
"(0.9331662489557224, 1.0)",1,99.631555727833,1821
"(0.8294970161977834, 1.0)",2,99.63091059809918,1823
"(0.9331094582012576, 1.0)",1,99.6306551327598,1824
"(0.9833229101521784, 1.0)",2,99.630643060801,1826
"(0.9333333333333332, 1.0)",1,99.6301347490051,1827
"(0.9661959777492511, 1.0)",1,99.62951229287616,1828
"(0.882673371045464, 1.0)",1,99.6294762757431,1829
"(0.9497171590194848, 1.0)",1,99.62937125727824,1830
"(0.8813080639167598, 1.0)",2,99.6291938965266,1832
"(0.7802197802197803, 1.0)",2,99.6291784096662,1834
"(0.916104916104916, 1.0)",1,99.62915130638358,1835
"(0.9833229101521784, 1.0)",1,99.62902829803596,1836
"(0.7612958226768967, 1.0)",6,99.62897784825364,1842
"(0.9326599326599326, 1.0)",1,99.62888017317864,1843
"(0.9326599326599326, 1.0)",1,99.62886255569182,1844
"(0.9833229101521784, 1.0)",1,99.6288580434922,1845
"(0.9665831244778612, 1.0)",1,99.62871308880104,1846
"(0.8814814814814814, 1.0)",1,99.62834708200562,1847
"(0.7802197802197803, 1.0)",5,99.62822362822362,1852
"(0.8635976129582268, 1.0)",1,99.62815860852052,1853
"(0.9153439153439152, 1.0)",2,99.62807914940194,1855
"(0.8976982097186702, 1.0)",1,99.62745152587571,1856
"(0.826388888888889, 1.0)",1,99.62741532406169,1857
"(0.8329156223893065, 1.0)",1,99.62731837410914,1858
"(0.8137566137566138, 1.0)",2,99.62701020749802,1860
"(0.8420013166556946, 1.0)",1,99.62699202036208,1861
"(0.9153439153439152, 1.0)",2,99.62694992067074,1863
"(0.9833229101521784, 1.0)",1,99.62690789252916,1864
"(0.8813080639167598, 1.0)",1,99.62665560497037,1865
"(0.9665831244778612, 1.0)",1,99.62649484070852,1866
"(0.9833229101521784, 1.0)",1,99.62644166650394,1867
"(0.8633762288330498, 1.0)",1,99.6264324420701,1868
"(0.9166145507608924, 1.0)",1,99.62636843734404,1869
"(0.8796475392220073, 1.0)",1,99.62622859702176,1870
"(0.9665831244778612, 1.0)",1,99.6257534849933,1871
"(0.7090909090909091, 1.0)",3,99.6257054598518,1874
"(0.9833229101521784, 1.0)",2,99.625199148634,1876
"(0.9331662489557224, 1.0)",1,99.62503190751684,1877
"(0.9506533178503804, 1.0)",1,99.62493776081553,1878
"(0.916104916104916, 1.0)",1,99.624437942541,1879
"(0.7612958226768967, 1.0)",1,99.62426627205107,1880
"(0.7416325017951034, 1.0)",1,99.62419846908509,1881
"(0.9161952650324744, 1.0)",1,99.62384646621273,1882
"(0.9441792447111594, 1.0)",1,99.62363578930038,1883
"(0.7069597069597069, 1.0)",7,99.6236159504452,1890
"(0.7069597069597069, 1.0)",1,99.6234488660676,1891
"(0.7069597069597069, 1.0)",1,99.62334353264586,1892
"(0.757745166550198, 1.0)",1,99.62307865871296,1893
"(0.7734344933751168, 1.0)",1,99.62245740535889,1894
"(0.861111111111111, 1.0)",1,99.62241488295776,1895
"(1.0, 1.0)",1,99.6223618266146,1896
"(0.861111111111111, 1.0)",1,99.62235218713128,1897
"(0.8811945374355704, 1.0)",2,99.62218575308115,1899
"(0.9161952650324744, 1.0)",1,99.62155246666696,1900
"(0.7204751921733054, 1.0)",1,99.6203916499845,1901
"(0.7204751921733054, 1.0)",1,99.6202872614334,1902
"(0.7198480531813864, 1.0)",1,99.6202128645218,1903
"(0.6698155645524068, 1.0)",4,99.62021164543629,1907
"(0.7880931329207191, 1.0)",1,99.62005159902552,1908
"(0.8222222222222222, 1.0)",1,99.61985789285396,1909
"(0.8976982097186702, 1.0)",1,99.61985789285396,1910
"(0.7198480531813864, 1.0)",1,99.6197959372756,1911
"(0.6698155645524068, 1.0)",1,99.61978429500894,1912
"(0.6698155645524068, 1.0)",1,99.61972159918244,1913
"(0.8976982097186702, 1.0)",1,99.61960632141692,1914
"(0.7198480531813864, 1.0)",1,99.6195339426574,1915
"(0.8068904981347378, 1.0)",1,99.61919797001669,1916
"(0.9499687304565352, 1.0)",1,99.6190829832481,1917
"(0.8703703703703703, 1.0)",1,99.61894338723609,1918
"(0.8703703703703703, 1.0)",1,99.6188182048856,1919
"(1.0, 1.0)",1,99.61874981387176,1920
"(0.8703703703703703, 1.0)",1,99.6187156912446,1921
"(0.8703703703703703, 1.0)",1,99.61818518248946,1922
"(0.8016677935542034, 1.0)",6,99.61802587088788,1928
"(0.882673371045464, 1.0)",1,99.61738123377133,1929
"(0.8016677935542034, 1.0)",2,99.61733652584232,1931
"(0.7511111111111111, 1.0)",2,99.61710739230875,1933
"(0.7916666666666666, 1.0)",1,99.61699089347454,1934
"(0.9665831244778612, 1.0)",2,99.61632223146988,1936
"(0.7503607503607503, 1.0)",1,99.6163123236294,1937
"(0.8165520116739629, 1.0)",1,99.6159707952391,1938
"(0.9497171590194848, 1.0)",1,99.61596054625412,1939
"(1.0, 1.0)",1,99.61593476239564,1940
"(0.9009534009534008, 1.0)",1,99.61554053017468,1941
"(0.7155555555555556, 1.0)",1,99.61543032064212,1942
"(0.9665831244778612, 1.0)",1,99.6152952560989,1943
"(0.6825396825396824, 1.0)",4,99.6151996151996,1947
"(0.8976982097186702, 1.0)",1,99.61496719350698,1948
"(0.9665831244778612, 1.0)",1,99.61495627999344,1949
"(0.7485857950974231, 1.0)",1,99.6149175048778,1950
"(0.8997493734335841, 1.0)",1,99.61490551477716,1951
"(0.9833229101521784, 1.0)",1,99.61489657261664,1952
"(0.9871616776282092, 1.0)",1,99.61485615622018,1953
"(0.9665831244778612, 1.0)",1,99.61456512392074,1954
"(0.9506533178503804, 1.0)",1,99.61455959157246,1955
"(0.9166145507608924, 1.0)",1,99.61449213412077,1956
"(1.0, 1.0)",1,99.61427619211898,1957
"(0.7155555555555556, 1.0)",1,99.61422238105165,1958
"(1.0, 1.0)",1,99.61374881152024,1959
"(0.9331094582012576, 1.0)",1,99.61360658698052,1960
"(0.8976982097186702, 1.0)",1,99.6134340731394,1961
"(0.9333333333333332, 1.0)",3,99.6134278786397,1964
"(0.882673371045464, 1.0)",1,99.61324622073346,1965
"(0.882673371045464, 1.0)",1,99.61279918589528,1966
"(0.8165520116739629, 1.0)",1,99.61278432113927,1967
"(0.9497171590194846, 1.0)",1,99.61275393776812,1968
"(0.8703703703703703, 1.0)",1,99.61269859793607,1969
"(0.9833229101521784, 1.0)",1,99.61269512804424,1970
"(0.7802197802197803, 1.0)",5,99.61243862399188,1975
"(0.8796475392220073, 1.0)",1,99.61224983478516,1976
"(0.7802197802197803, 1.0)",1,99.61224974838134,1977
"(0.861111111111111, 1.0)",1,99.61216881582736,1978
"(0.7802197802197803, 1.0)",1,99.6116072963313,1979
"(0.8633762288330498, 1.0)",1,99.6115753936516,1980
"(0.8796475392220073, 1.0)",2,99.61134777092224,1982
"(0.844988344988345, 1.0)",1,99.61134166467032,1983
"(0.7802197802197803, 1.0)",1,99.6112513232718,1984
"(0.844988344988345, 1.0)",1,99.61118588570002,1985
"(0.8976982097186702, 1.0)",1,99.61096199719108,1986
"(0.9833229101521784, 1.0)",1,99.61078845373092,1987
"(0.9833229101521784, 1.0)",1,99.610602585806,1988
"(0.9833229101521784, 1.0)",1,99.61049281925774,1989
"(0.861111111111111, 1.0)",1,99.61039049652209,1990
"(0.861111111111111, 1.0)",2,99.61030840708872,1992
"(0.8329156223893065, 1.0)",1,99.6102219985329,1993
"(0.7944219523166891, 1.0)",1,99.6102192496795,1994
"(0.8633762288330498, 1.0)",2,99.60999693855028,1996
"(0.8976982097186702, 1.0)",1,99.60995356569484,1997
"(0.8491514770584537, 1.0)",2,99.60993221618024,1999
"(0.9665831244778612, 1.0)",1,99.6098804466872,2000
"(0.861111111111111, 1.0)",1,99.60947064207934,2001
"(0.9497171590194846, 1.0)",1,99.60943999963958,2002
"(0.861111111111111, 1.0)",1,99.6091182892762,2003
"(0.8420013166556946, 1.0)",1,99.60909833792472,2004
"(0.7090909090909091, 1.0)",2,99.60896567417748,2006
"(0.7090909090909091, 1.0)",1,99.60877679856694,2007
"(0.9333333333333332, 1.0)",1,99.608757204924,2008
"(0.8976982097186702, 1.0)",2,99.6087155121994,2010
"(0.7421018697614443, 1.0)",1,99.60837088371532,2011
"(0.861111111111111, 1.0)",1,99.60833854910936,2012
"(0.808446455505279, 1.0)",1,99.60831156095,2013
"(0.8796475392220073, 1.0)",1,99.60815801035125,2014
"(0.8615866942983156, 1.0)",1,99.60813019501384,2015
"(0.8633762288330498, 1.0)",1,99.60782072842444,2016
"(0.8832603710652491, 1.0)",1,99.6075886620933,2017
"(0.861111111111111, 1.0)",1,99.60742531699978,2018
"(0.757745166550198, 1.0)",1,99.60729524119208,2019
"(1.0, 1.0)",1,99.60714736156284,2020
"(0.7069597069597069, 1.0)",1,99.60695970695971,2021
"(0.757745166550198, 1.0)",1,99.60689425831804,2022
"(0.7069597069597069, 1.0)",3,99.60687616477092,2025
"(0.9153439153439152, 1.0)",1,99.60681316883364,2026
"(0.7880931329207191, 1.0)",1,99.60665776495968,2027
"(0.8811945374355704, 1.0)",1,99.6059530822824,2028
"(0.9497171590194846, 1.0)",1,99.60581972469652,2029
"(0.844988344988345, 1.0)",1,99.60578534557548,2030
"(0.8976982097186702, 1.0)",1,99.60501939169424,2031
"(0.8420013166556946, 1.0)",1,99.60484653111646,2032
"(0.8811945374355704, 1.0)",1,99.60421697396212,2033
"(0.8703703703703703, 1.0)",1,99.60412363512492,2034
"(0.6698155645524068, 1.0)",1,99.60349435188974,2035
"(0.868077055383557, 1.0)",1,99.60348836024288,2036
"(0.7612958226768967, 1.0)",2,99.6032971393326,2038
"(0.6698155645524068, 1.0)",3,99.60311762834228,2041
"(0.6698155645524068, 1.0)",1,99.60310720516112,2042
"(0.8703703703703703, 1.0)",1,99.60290527235328,2043
"(0.8811945374355704, 1.0)",1,99.60284339331326,2044
"(0.8420013166556946, 1.0)",1,99.60266997574855,2045
"(0.8703703703703703, 1.0)",1,99.6026624308351,2046
"(0.8068904981347378, 1.0)",1,99.60252088016884,2047
"(0.9666666666666668, 1.0)",1,99.6024390270934,2048
"(0.8016677935542034, 1.0)",1,99.6021646069477,2049
"(0.9833229101521784, 1.0)",1,99.60191016758915,2050
"(0.9506533178503804, 1.0)",1,99.60179314401782,2051
"(0.8222222222222222, 1.0)",1,99.6017445265308,2052
"(1.0, 1.0)",1,99.60169456401358,2053
"(0.8349489264123411, 1.0)",1,99.60129790931654,2054
"(0.9666666666666668, 1.0)",1,99.60104053314387,2055
"(0.8165520116739629, 1.0)",1,99.60095043021872,2056
"(0.8997493734335841, 1.0)",2,99.60054161977078,2058
"(0.7511111111111111, 1.0)",4,99.60036760663444,2062
"(0.8016677935542034, 1.0)",1,99.60021660365628,2063
"(0.7340930674264007, 1.0)",1,99.599793069258,2064
"(0.8476190476190477, 1.0)",1,99.59976329744816,2065
"(0.9499687304565352, 1.0)",1,99.5997498436523,2066
"(0.882673371045464, 1.0)",1,99.59968507994358,2067
"(0.9666562434855118, 1.0)",1,99.59932060791688,2068
"(1.0, 1.0)",1,99.59919279123386,2069
"(0.8165520116739629, 1.0)",1,99.5991742188103,2070
"(0.9665831244778612, 1.0)",1,99.59908670942048,2071
"(0.7503607503607503, 1.0)",1,99.5990035258328,2072
"(0.7503607503607503, 1.0)",1,99.59899630631338,2073
"(0.7155555555555556, 1.0)",1,99.5987532307943,2074
"(0.7340930674264007, 1.0)",2,99.59837440162292,2076
"(0.9161952650324744, 1.0)",1,99.59832188688505,2077
"(0.8165520116739629, 1.0)",1,99.59815422010544,2078
"(0.9666666666666668, 1.0)",1,99.59800100531808,2079
"(0.8165520116739629, 1.0)",1,99.59796957357932,2080
"(0.8814814814814814, 1.0)",1,99.59792910460432,2081
"(0.8329156223893065, 1.0)",1,99.5977260701863,2082
"(0.7340930674264007, 1.0)",2,99.5970635168006,2084
"(0.9326599326599326, 1.0)",1,99.59696500903176,2085
"(0.9497171590194846, 1.0)",2,99.59684604876712,2087
"(0.9665831244778612, 1.0)",1,99.59682960042952,2088
"(0.9326599326599326, 1.0)",1,99.5967134375947,2089
"(0.8814814814814814, 1.0)",1,99.59659577336086,2090
"(0.7656073923822403, 1.0)",1,99.59629522307009,2091
"(0.861111111111111, 1.0)",1,99.59608361348864,2092
"(0.8976982097186702, 1.0)",1,99.596072867015,2093
"(0.9166145507608924, 1.0)",2,99.59594892432956,2095
"(0.9331094582012576, 1.0)",1,99.59579652243968,2096
"(0.6954156954156954, 1.0)",1,99.5957178109296,2097
"(0.9499687304565352, 1.0)",1,99.59527134126348,2098
"(0.7340930674264007, 1.0)",2,99.59520417853751,2100
"(0.8976982097186702, 1.0)",1,99.59516203832108,2101
"(0.7121693121693121, 1.0)",2,99.595115415971,2103
"(0.8814814814814814, 1.0)",1,99.5950726717077,2104
"(0.8976982097186702, 1.0)",2,99.59501976982644,2106
"(0.9331662489557224, 1.0)",1,99.59494886259468,2107
"(0.933249791144528, 1.0)",1,99.5949485476378,2108
"(0.7802197802197803, 1.0)",1,99.59486751065698,2109
"(0.8633762288330498, 1.0)",1,99.59473655603028,2110
"(0.9665831244778612, 1.0)",1,99.59440714904636,2111
"(0.7612958226768967, 1.0)",2,99.59414796110865,2113
"(0.826388888888889, 1.0)",1,99.59406114436602,2114
"(0.9497171590194848, 1.0)",1,99.59397382946356,2115
"(0.9666562434855118, 1.0)",2,99.5937200963163,2117
"(0.8294970161977834, 1.0)",1,99.59354778205916,2118
"(0.8615866942983156, 1.0)",1,99.5933833753352,2119
"(0.9665831244778612, 1.0)",1,99.59320335683935,2120
"(0.8294970161977834, 1.0)",1,99.59303970656974,2121
"(0.7090909090909091, 1.0)",1,99.59239297288076,2122
"(0.7090909090909091, 1.0)",1,99.59228858432968,2123
"(0.8703703703703703, 1.0)",1,99.59227848206862,2124
"(0.9833229101521784, 1.0)",1,99.5921010282445,2125
"(0.7090909090909091, 1.0)",2,99.59197431706612,2127
"(0.9333333333333332, 1.0)",1,99.5919547234232,2128
"(0.9833229101521784, 1.0)",1,99.59165850942024,2129
"(0.8420013166556946, 1.0)",1,99.59165688145887,2130
"(0.7090909090909091, 1.0)",1,99.59165687638088,2131
"(0.9497171590194846, 1.0)",1,99.59161424386365,2132
"(0.8796475392220073, 1.0)",1,99.59125765302534,2133
"(0.8420013166556946, 1.0)",1,99.59118034568068,2134
"(0.7090909090909091, 1.0)",4,99.59101794891268,2138
"(0.757745166550198, 1.0)",1,99.59091157224547,2139
"(0.8997493734335841, 1.0)",1,99.590723484766,2140
"(0.8420013166556947, 1.0)",4,99.5906709688988,2144
"(0.757745166550198, 1.0)",1,99.59057582870588,2145
"(0.8420013166556947, 1.0)",1,99.59011054235992,2146
"(0.757745166550198, 1.0)",1,99.59002829285966,2147
"(0.7421018697614443, 1.0)",1,99.58970611411016,2148
"(0.7069597069597069, 1.0)",2,99.5892725161018,2150
"(0.844988344988345, 1.0)",1,99.5891717396852,2151
"(0.844988344988345, 1.0)",1,99.58910825572764,2152
"(0.8068904981347378, 1.0)",1,99.58907965907424,2153
"(0.8065067548938516, 1.0)",1,99.58863322000686,2154
"(0.861111111111111, 1.0)",1,99.5885539320026,2155
"(0.6698155645524068, 1.0)",4,99.58750184943575,2159
"(0.757745166550198, 1.0)",1,99.58736143622876,2160
"(0.8222222222222222, 1.0)",1,99.58734693728276,2161
"(0.7198480531813864, 1.0)",1,99.5872730510942,2162
"(0.7979797979797979, 1.0)",1,99.58684784050638,2163
"(0.7204751921733054, 1.0)",1,99.58666003402462,2164
"(0.7198480531813864, 1.0)",1,99.5862595751725,2165
"(0.808446455505279, 1.0)",1,99.58613920206838,2166
"(0.7204751921733054, 1.0)",1,99.58611091146756,2167
"(0.8976982097186702, 1.0)",1,99.58580930938304,2168
"(0.7204751921733054, 1.0)",1,99.58572514214724,2169
"(0.9497171590194848, 1.0)",1,99.58519260007454,2170
"(0.6698155645524068, 1.0)",1,99.58515947989632,2171
"(0.8016677935542034, 1.0)",1,99.58467753805304,2172
"(0.8016677935542034, 1.0)",3,99.58448945057356,2175
"(0.9161952650324744, 1.0)",2,99.58432094815112,2177
"(0.9833229101521784, 1.0)",1,99.5838470472617,2178
"(0.7511111111111111, 1.0)",1,99.58366935546744,2179
"(0.776488287126585, 1.0)",1,99.58337878526132,2180
"(1.0, 1.0)",1,99.58336558420278,2181
"(0.8068904981347378, 1.0)",1,99.58334552458976,2182
"(0.8651903651903651, 1.0)",1,99.58273703479374,2183
"(0.8976982097186702, 1.0)",1,99.58264270357142,2184
"(0.9497171590194846, 1.0)",1,99.58257039906142,2185
"(0.9326599326599326, 1.0)",1,99.58247609712537,2186
"(0.9665831244778612, 1.0)",1,99.58238231158194,2187
"(0.8976982097186702, 1.0)",1,99.5820160912794,2188
"(0.7651046271735927, 1.0)",1,99.5819782977058,2189
"(0.9665831244778612, 1.0)",1,99.58169756744851,2190
"(0.9153439153439156, 1.0)",1,99.58165572363262,2191
"(0.7340930674264007, 1.0)",1,99.58150843616455,2192
"(0.9833229101521784, 1.0)",1,99.58142742444916,2193
"(0.9833229101521784, 1.0)",1,99.58138989543892,2194
"(1.0, 1.0)",1,99.5813093684545,2195
"(1.0, 1.0)",1,99.58129976364444,2196
"(0.8222222222222222, 1.0)",1,99.58122523636742,2197
"(0.8832603710652491, 1.0)",2,99.5811490193569,2199
"(0.8796475392220073, 1.0)",1,99.58100122225224,2200
"(0.8976982097186702, 1.0)",1,99.5807708067836,2201
"(0.7503607503607503, 1.0)",1,99.58071889273936,2202
"(1.0, 1.0)",2,99.58071269798582,2204
"(0.916104916104916, 1.0)",1,99.58067116872382,2205
"(0.9153439153439156, 1.0)",1,99.58027991153348,2206
"(0.9665831244778612, 1.0)",2,99.58009904357338,2208
"(0.9333333333333332, 1.0)",1,99.58007369894403,2209
"(1.0, 1.0)",1,99.580034463021,2210
"(0.9665831244778612, 1.0)",1,99.57978043478238,2211
"(0.8329156223893065, 1.0)",2,99.57971852708695,2213
"(0.8633762288330498, 1.0)",3,99.57965270495136,2216
"(0.8811945374355704, 1.0)",1,99.57951103575206,2217
"(0.7511111111111112, 1.0)",1,99.57886804252658,2218
"(0.9833229101521784, 1.0)",2,99.57880815288192,2220
"(0.9161952650324744, 1.0)",4,99.57879213693168,2224
"(0.8137566137566138, 1.0)",1,99.5785140007772,2225
"(0.7979797979797979, 1.0)",3,99.5781995781996,2228
"(0.7802197802197803, 1.0)",1,99.5780015451986,2229
"(0.9665831244778612, 1.0)",2,99.57755895798904,2231
"(0.8633762288330498, 1.0)",1,99.57704040220256,2232
"(0.8814814814814814, 1.0)",1,99.57699705178334,2233
"(0.8635976129582268, 1.0)",1,99.576980451364,2234
"(0.898989898989899, 1.0)",2,99.57659032594847,2236
"(0.8976982097186702, 1.0)",1,99.57657924844068,2237
"(0.9833229101521784, 1.0)",1,99.57639713197672,2238
"(0.861111111111111, 1.0)",1,99.57585487128878,2239
"(0.861111111111111, 1.0)",1,99.57583402492648,2240
"(0.8633762288330498, 1.0)",1,99.575722644838,2241
"(0.7090909090909091, 1.0)",1,99.57508417508416,2242
"(0.8420013166556946, 1.0)",1,99.57504248743756,2243
"(0.8165520116739629, 1.0)",3,99.57474859336212,2246
"(0.8796475392220073, 1.0)",1,99.574643259004,2247
"(0.9833229101521784, 1.0)",1,99.57455194283858,2248
"(0.8420013166556946, 1.0)",1,99.57450325583288,2249
"(0.9326599326599326, 1.0)",2,99.574335489687,2251
"(0.898989898989899, 1.0)",1,99.57426782024602,2252
"(0.861111111111111, 1.0)",2,99.5736385273778,2254
"(0.808446455505279, 1.0)",1,99.5736009510834,2255
"(0.757745166550198, 1.0)",1,99.5735400786224,2256
"(0.861111111111111, 1.0)",1,99.5735263017054,2257
"(1.0, 1.0)",1,99.57351720978444,2258
"(0.7069597069597069, 1.0)",1,99.57343844288646,2259
"(0.7916666666666666, 1.0)",1,99.57302802452742,2260
"(0.7734344933751168, 1.0)",2,99.57236343998892,2262
"(0.8420013166556947, 1.0)",1,99.572189827332,2263
"(0.7090909090909091, 1.0)",2,99.57206135846508,2265
"(0.8796475392220073, 1.0)",2,99.57206135846508,2267
"(1.0, 1.0)",2,99.57185144589236,2269
"(0.8295839885326742, 1.0)",1,99.57133250782782,2270
"(0.8796475392220073, 1.0)",1,99.57097672880904,2271
"(0.8068904981347378, 1.0)",2,99.57092041763376,2273
"(0.9833229101521784, 1.0)",1,99.57086832785552,2274
"(0.8222222222222222, 1.0)",1,99.57059522099824,2275
"(0.6698155645524068, 1.0)",1,99.5705843189797,2276
"(0.8222222222222222, 1.0)",1,99.57048097182437,2277
"(0.7204751921733054, 1.0)",1,99.57038138354292,2278
"(0.6698155645524068, 1.0)",1,99.56975302546547,2279
"(0.8811945374355704, 1.0)",1,99.56942651779111,2280
"(0.9153439153439156, 1.0)",1,99.56913705009624,2281
"(0.8222222222222222, 1.0)",1,99.56913221953523,2282
"(0.7204751921733054, 1.0)",2,99.56911074812594,2284
"(0.7880931329207191, 1.0)",1,99.5686324279762,2285
"(0.9497171590194846, 1.0)",1,99.56848303696576,2286
"(0.8976982097186702, 1.0)",1,99.56830441645648,2287
"(0.8651903651903651, 1.0)",1,99.5679431178212,2288
"(0.8796475392220073, 1.0)",1,99.56786604264188,2289
"(0.8016677935542034, 1.0)",1,99.56781236072572,2290
"(0.6698155645524068, 1.0)",1,99.56751377427108,2291
"(1.0, 1.0)",1,99.5672560303408,2292
"(0.9153439153439156, 1.0)",1,99.56704178640472,2293
"(0.7511111111111111, 1.0)",1,99.5670134269388,2294
"(0.8814814814814814, 1.0)",1,99.56697880613352,2295
"(0.9326599326599326, 1.0)",1,99.56650063057222,2296
"(1.0, 1.0)",1,99.5664685434217,2297
"(0.9665831244778612, 1.0)",1,99.56627027230364,2298
"(0.6825396825396824, 1.0)",2,99.56618720033354,2300
"(0.7511111111111111, 1.0)",2,99.56597320163968,2302
"(0.8476190476190477, 1.0)",2,99.56595730940596,2304
"(0.8329156223893065, 1.0)",2,99.56589409734468,2306
"(0.9166145507608924, 1.0)",1,99.56582982525605,2307
"(0.9331094582012576, 1.0)",1,99.5657915428044,2308
"(0.9499687304565352, 1.0)",1,99.5655570924998,2309
"(0.933249791144528, 1.0)",1,99.56547449665938,2310
"(0.9497171590194846, 1.0)",1,99.56538937820844,2311
"(0.882673371045464, 1.0)",1,99.56526398655544,2312
"(0.7340930674264007, 1.0)",1,99.56508291775378,2313
"(0.8976982097186702, 1.0)",1,99.56482121741745,2314
"(0.7656073923822403, 1.0)",1,99.5647910838548,2315
"(0.8651903651903651, 1.0)",1,99.56468848066602,2316
"(1.0, 1.0)",1,99.56434982373872,2317
"(0.8016677935542034, 1.0)",1,99.56426143657792,2318
"(0.8329156223893065, 1.0)",1,99.56380287836836,2319
"(0.868077055383557, 1.0)",2,99.56343178209627,2321
"(0.9326599326599326, 1.0)",1,99.5633796310872,2322
"(0.9497171590194848, 1.0)",1,99.56321392798536,2323
"(0.9665831244778612, 1.0)",1,99.5631004669426,2324
"(0.9665831244778612, 1.0)",1,99.56307037364724,2325
"(0.9833229101521784, 1.0)",2,99.56280860061348,2327
"(0.8976982097186702, 1.0)",1,99.562773163924,2328
"(0.9326599326599326, 1.0)",1,99.56272623550292,2329
"(0.9833229101521784, 1.0)",1,99.5626536697519,2330
"(0.9833229101521784, 1.0)",1,99.56216835420943,2331
"(0.868077055383557, 1.0)",1,99.5621030007529,2332
"(0.9666562434855118, 1.0)",1,99.5619574448335,2333
"(0.7612958226768967, 1.0)",1,99.56191410801918,2334
"(0.7656073923822403, 1.0)",2,99.56186948236514,2336
"(0.8976982097186702, 1.0)",2,99.56175171465344,2338
"(0.9326599326599326, 1.0)",1,99.56111888649512,2339
"(0.8294970161977834, 1.0)",2,99.56096961255231,2341
"(0.8976982097186702, 1.0)",1,99.56078977475649,2342
"(0.983545503234046, 0.9958292603453894)",2,99.5606747989623,2344
"(0.861111111111111, 1.0)",2,99.560477114384,2346
"(1.0, 1.0)",2,99.5602695630608,2348
"(0.9326599326599326, 1.0)",2,99.5601862942749,2350
"(0.861111111111111, 1.0)",3,99.56004100259555,2353
"(0.9164652836623464, 1.0)",1,99.56002645542578,2354
"(0.7612958226768967, 1.0)",1,99.55997319785364,2355
"(0.7121693121693121, 1.0)",1,99.55977355651802,2356
"(0.8796475392220073, 1.0)",1,99.55943281414608,2357
"(0.9497171590194848, 1.0)",1,99.55878602457392,2358
"(0.7121693121693121, 1.0)",1,99.55839997586918,2359
"(0.9499687304565352, 1.0)",1,99.5582472825046,2360
"(1.0, 1.0)",1,99.5582424547576,2361
"(0.861111111111111, 1.0)",1,99.5580174919817,2362
"(0.9497171590194846, 1.0)",1,99.55766240642498,2363
"(0.757745166550198, 1.0)",1,99.55755739254984,2364
"(0.8420013166556946, 1.0)",1,99.55751344680198,2365
"(0.757745166550198, 1.0)",2,99.55700922678987,2367
"(0.8976982097186702, 1.0)",1,99.55699931518656,2368
"(0.808446455505279, 1.0)",3,99.55692386123556,2371
"(0.776488287126585, 1.0)",7,99.55670806734636,2378
"(0.861111111111111, 1.0)",1,99.5566789540583,2379
"(0.9497171590194846, 1.0)",2,99.55666153464458,2381
"(0.8420013166556946, 1.0)",1,99.55588682258228,2382
"(0.757745166550198, 1.0)",2,99.55577840709172,2384
"(0.8222222222222222, 1.0)",1,99.5554096310194,2385
"(0.8813080639167598, 1.0)",2,99.55527506619669,2387
"(0.9833229101521784, 1.0)",1,99.55484682140204,2388
"(0.882673371045464, 1.0)",1,99.5546763929843,2389
"(0.933249791144528, 1.0)",5,99.554573974022,2394
"(0.7090909090909091, 1.0)",1,99.55435203094775,2395
"(1.0, 1.0)",1,99.55421763742775,2396
"(0.6698155645524068, 1.0)",2,99.55384453330538,2398
"(0.9871616776282092, 0.9958292603453894)",1,99.55329857189778,2399
"(0.8349489264123411, 1.0)",1,99.55328442657904,2400
"(0.7612958226768967, 1.0)",2,99.55320317396264,2402
"(0.6698155645524068, 1.0)",1,99.55307593561766,2403
"(0.8651903651903651, 1.0)",1,99.5529591285614,2404
"(0.9326599326599326, 1.0)",1,99.5526737041816,2405
"(0.6698155645524068, 1.0)",3,99.55180530020068,2408
"(1.0, 1.0)",1,99.55166329447012,2409
"(0.8222222222222222, 1.0)",2,99.55161764585192,2411
"(0.776488287126585, 1.0)",2,99.55147786394542,2413
"(0.7204751921733054, 1.0)",2,99.5514023466742,2415
"(0.8165520116739629, 1.0)",2,99.55093830915676,2417
"(0.9506533178503804, 1.0)",2,99.5501776900986,2419
"(0.7511111111111111, 1.0)",1,99.55006360433472,2420
"(0.8997493734335841, 1.0)",2,99.55003770589246,2422
"(0.8976982097186702, 1.0)",2,99.54992023182456,2424
"(0.8845578466141503, 1.0)",1,99.54986864241276,2425
"(0.9326599326599326, 1.0)",1,99.5497881130647,2426
"(0.9326599326599326, 1.0)",2,99.5497583325471,2428
"(0.9333333333333332, 1.0)",1,99.54963487518046,2429
"(0.8697983697983697, 1.0)",1,99.54904979834625,2430
"(0.94993894993895, 1.0)",2,99.54899913949978,2432
"(0.9506533178503804, 1.0)",1,99.5488047763177,2433
"(0.8811945374355704, 1.0)",1,99.54852008089914,2434
"(0.9665831244778612, 1.0)",1,99.54788931951066,2435
"(0.9666666666666668, 1.0)",1,99.54777755470056,2436
"(0.8222222222222222, 1.0)",1,99.54748390994315,2437
"(0.7485857950974231, 1.0)",1,99.5472582632179,2438
"(0.9665831244778612, 1.0)",1,99.54723785591344,2439
"(0.8976982097186702, 1.0)",1,99.54703966399788,2440
"(0.933249791144528, 1.0)",2,99.54696494486002,2442
"(0.844988344988345, 1.0)",1,99.5467917940826,2443
"(0.8814814814814814, 1.0)",2,99.5466971149898,2445
"(0.9326599326599326, 1.0)",1,99.54663027507507,2446
"(0.9326599326599326, 1.0)",1,99.54639348668664,2447
"(0.7503607503607503, 1.0)",1,99.5463712689066,2448
"(0.9497171590194848, 1.0)",1,99.54608977472964,2449
"(0.8796475392220073, 1.0)",1,99.5458549589596,2450
"(0.7979797979797979, 1.0)",1,99.54567675497908,2451
"(0.8068904981347378, 1.0)",1,99.54560187946488,2452
"(0.8796475392220073, 1.0)",1,99.5453726624478,2453
"(0.8814814814814814, 1.0)",1,99.54513459463006,2454
"(0.7430253184970165, 1.0)",1,99.54476887609232,2455
"(0.9333333333333332, 1.0)",1,99.54466547754154,2456
"(0.9166145507608924, 1.0)",2,99.54429409650768,2458
"(0.7612958226768967, 1.0)",1,99.5442140507096,2459
"(0.9166145507608924, 1.0)",1,99.5442033988998,2460
"(0.8420013166556946, 1.0)",1,99.54360657112298,2461
"(0.8137566137566138, 1.0)",1,99.54316171814304,2462
"(0.9326599326599326, 1.0)",1,99.54294136222116,2463
"(0.8294970161977834, 1.0)",1,99.54275686558924,2464
"(0.8420013166556946, 1.0)",1,99.54241623362584,2465
"(0.9497171590194848, 1.0)",1,99.54235445357784,2466
"(0.808446455505279, 1.0)",1,99.54233980418876,2467
"(0.7090909090909091, 1.0)",1,99.5421946189597,2468
"(0.7090909090909091, 1.0)",1,99.54206922730673,2469
"(0.7430253184970165, 1.0)",1,99.54202717481594,2470
"(0.7090909090909091, 1.0)",1,99.5416256068374,2471
"(0.9499687304565352, 1.0)",1,99.54137404047836,2472
"(0.7090909090909091, 1.0)",1,99.54107744107743,2473
"(0.7121693121693121, 1.0)",5,99.54075334417836,2478
"(0.861111111111111, 1.0)",1,99.5406352906353,2479
"(0.808446455505279, 1.0)",1,99.54044060613626,2480
"(0.9506533178503804, 1.0)",1,99.5403320205192,2481
"(0.9497171590194846, 1.0)",1,99.53927589465656,2482
"(0.8137566137566138, 1.0)",3,99.53901830147755,2485
"(0.9833229101521784, 1.0)",1,99.53887846570774,2486
"(1.0, 1.0)",1,99.53887846570774,2487
"(0.7979797979797979, 1.0)",1,99.53864794013158,2488
"(0.8796475392220073, 1.0)",1,99.5382882646901,2489
"(0.8222222222222222, 1.0)",1,99.53817563662624,2490
"(0.808446455505279, 1.0)",1,99.53791815489215,2491
"(0.8222222222222222, 1.0)",1,99.5378907183329,2492
"(0.9497171590194848, 1.0)",1,99.53758066847568,2493
"(0.7416325017951034, 1.0)",1,99.53702892123243,2494
"(0.8420013166556946, 1.0)",1,99.5369374516541,2495
"(0.8796475392220073, 1.0)",1,99.53674546500064,2496
"(0.8976982097186702, 1.0)",1,99.53624528728398,2497
"(0.7340930674264006, 1.0)",1,99.5357608609806,2498
"(0.8840048840048841, 1.0)",1,99.53554231871692,2499
"(0.8108747044917257, 1.0)",1,99.53525311282684,2500
"(0.6698155645524068, 1.0)",2,99.53512821035288,2502
"(0.7204751921733054, 1.0)",1,99.53480879901518,2503
"(0.8840048840048841, 1.0)",1,99.53456029065786,2504
"(0.8635976129582268, 1.0)",1,99.53419493607386,2505
"(0.7340930674264007, 1.0)",1,99.5341035645441,2506
"(0.7204751921733054, 1.0)",6,99.53343521836634,2512
"(0.9326599326599326, 1.0)",1,99.53308124269928,2513
"(1.0, 1.0)",1,99.53304148426102,2514
"(0.882673371045464, 1.0)",2,99.5329140247258,2516
"(0.9497171590194848, 1.0)",1,99.53288992918412,2517
"(0.9326599326599326, 1.0)",1,99.53258411730812,2518
"(0.9665831244778612, 1.0)",2,99.53241373786496,2520
"(0.7155555555555556, 1.0)",1,99.53230662647864,2521
"(0.94993894993895, 1.0)",1,99.5322713355358,2522
"(0.7155555555555556, 1.0)",4,99.53212841359183,2526
"(0.7155555555555556, 1.0)",2,99.53211799041068,2528
"(0.8814814814814814, 1.0)",1,99.5320543594482,2529
"(0.9497171590194848, 1.0)",1,99.53204443579568,2530
"(0.9833229101521784, 1.0)",1,99.53190647669854,2531
"(0.933249791144528, 1.0)",1,99.53158927301006,2532
"(0.9833229101521784, 1.0)",1,99.5315610143729,2533
"(0.7155555555555556, 1.0)",1,99.53135285291836,2534
"(0.8294970161977834, 1.0)",2,99.53119335627667,2536
"(0.8468951683237397, 1.0)",1,99.53115282221748,2537
"(0.9665831244778612, 1.0)",1,99.53076924058504,2538
"(0.8976982097186702, 1.0)",1,99.5307395372401,2539
"(0.8811945374355704, 1.0)",1,99.53068207299052,2540
"(0.614498219149382, 1.0)",1,99.5304810619615,2541
"(0.9331094582012576, 1.0)",2,99.53042461392462,2543
"(0.9153439153439156, 1.0)",2,99.53031523699045,2545
"(0.8976982097186702, 1.0)",1,99.5301913714801,2546
"(0.7802197802197803, 1.0)",2,99.5300214262987,2548
"(0.7802197802197803, 1.0)",1,99.52981264919649,2549
"(0.9666562434855118, 1.0)",1,99.52969391404343,2550
"(0.7656073923822403, 1.0)",1,99.52963810001236,2551
"(0.9153439153439156, 1.0)",1,99.5295217812682,2552
"(0.6831352928913905, 1.0)",1,99.52942865241776,2553
"(0.8832603710652491, 1.0)",1,99.52941581080664,2554
"(0.861111111111111, 1.0)",1,99.5292544690446,2555
"(0.8796475392220073, 1.0)",1,99.52919871547408,2556
"(0.8796475392220073, 1.0)",1,99.52917786911178,2557
"(0.916104916104916, 1.0)",1,99.52908876729664,2558
"(0.8796475392220073, 1.0)",1,99.5289270858058,2559
"(0.8329156223893065, 1.0)",1,99.52891222087617,2560
"(0.9009534009534008, 1.0)",1,99.52882043590112,2561
"(0.9326599326599326, 1.0)",6,99.52873691847712,2567
"(0.8677838677838676, 1.0)",1,99.52861137191496,2568
"(0.8976982097186702, 1.0)",1,99.52856756890094,2569
"(0.7295469912102772, 1.0)",1,99.5284994844339,2570
"(0.9326599326599326, 1.0)",1,99.527997995403,2571
"(0.8651903651903651, 1.0)",1,99.52763553874846,2572
"(0.9331662489557224, 1.0)",1,99.52757942385672,2573
"(0.8651903651903651, 1.0)",1,99.5275497472824,2574
"(0.8811945374355704, 1.0)",1,99.52744620423732,2575
"(0.8796475392220073, 1.0)",1,99.52731449246856,2576
"(0.8796475392220073, 1.0)",1,99.5269378297863,2577
"(0.8307349903094585, 1.0)",1,99.52684135308247,2578
"(1.0, 1.0)",1,99.52668846991118,2579
"(0.8976982097186702, 1.0)",1,99.5264908500646,2580
"(0.8635976129582268, 1.0)",1,99.52648323356394,2581
"(0.7435897435897435, 1.0)",1,99.52615586761928,2582
"(0.7435897435897435, 1.0)",1,99.52605402257608,2583
"(0.8420013166556947, 1.0)",1,99.52562942711307,2584
"(0.9833229101521784, 1.0)",1,99.52544553329034,2585
"(0.7090909090909091, 1.0)",1,99.5253921374589,2586
"(0.8976982097186702, 1.0)",1,99.52532730726296,2587
"(0.9009534009534008, 1.0)",1,99.52512663037358,2588
"(0.8420013166556947, 1.0)",1,99.52463425480406,2589
"(0.8796475392220073, 1.0)",1,99.52461198946054,2590
"(1.0, 1.0)",1,99.52429701042657,2591
"(0.808446455505279, 1.0)",1,99.52417882849056,2592
"(0.7979797979797979, 1.0)",1,99.52410840453848,2593
"(0.757745166550198, 1.0)",2,99.5238883156769,2595
"(0.8633762288330498, 1.0)",1,99.5235386737195,2596
"(0.8796475392220073, 1.0)",2,99.5235138735536,2598
"(0.9326599326599326, 1.0)",1,99.52342606940428,2599
"(0.7802197802197803, 1.0)",2,99.52332062697916,2601
"(0.757745166550198, 1.0)",1,99.52280718578425,2602
"(0.7090909090909091, 1.0)",1,99.52259455667917,2603
"(0.8329156223893065, 1.0)",1,99.5225838792202,2604
"(0.8633762288330498, 1.0)",1,99.5222945009266,2605
"(0.8294970161977834, 1.0)",1,99.5220995999635,2606
"(0.7416325017951034, 1.0)",1,99.52170759389064,2607
"(0.8222222222222222, 1.0)",1,99.52163663876952,2608
"(0.9506533178503804, 1.0)",1,99.5215070311286,2609
"(0.808446455505279, 1.0)",1,99.52147139919884,2610
"(0.9326599326599326, 1.0)",1,99.52108892797328,2611
"(0.7198480531813864, 1.0)",2,99.5206631536024,2613
"(0.916104916104916, 1.0)",2,99.52051629926665,2615
"(0.8222222222222222, 1.0)",1,99.52033153014732,2616
"(0.8222222222222222, 1.0)",1,99.5200296402434,2617
"(0.9499687304565352, 1.0)",1,99.5199709842316,2618
"(0.7802197802197803, 1.0)",1,99.51991930659416,2619
"(0.6698155645524068, 1.0)",1,99.519721755922,2620
"(0.6698155645524068, 1.0)",2,99.51966948327669,2622
"(0.6698155645524068, 1.0)",1,99.51965906009552,2623
"(0.8068904981347378, 1.0)",1,99.5195151877723,2624
"(0.808446455505279, 1.0)",1,99.51944575122856,2625
"(0.6698155645524068, 1.0)",1,99.51940748865846,2626
"(0.8222222222222222, 1.0)",1,99.51936984800972,2627
"(0.7802197802197803, 1.0)",1,99.5189311615499,2628
"(0.7204751921733054, 1.0)",1,99.51849800953366,2629
"(0.6698155645524068, 1.0)",1,99.51845112050503,2630
"(1.0, 1.0)",1,99.51830911477448,2631
"(0.9161952650324744, 1.0)",1,99.51787709573678,2632
"(0.8329156223893065, 1.0)",1,99.51771839535576,2633
"(0.9499687304565352, 1.0)",1,99.5172088462418,2634
"(1.0, 1.0)",1,99.51700336937822,2635
"(0.9326599326599326, 1.0)",1,99.51699768766046,2636
"(0.934122934122934, 1.0)",1,99.51684035933076,2637
"(1.0, 1.0)",1,99.5166572248115,2638
"(0.9326599326599326, 1.0)",1,99.51634145702498,2639
"(0.9009534009534008, 1.0)",1,99.51623710455546,2640
"(0.868077055383557, 1.0)",1,99.51604756261736,2641
"(0.882673371045464, 1.0)",1,99.51597543483533,2642
"(1.0, 1.0)",1,99.51591867933332,2643
"(0.9833229101521784, 1.0)",1,99.51589798337766,2644
"(1.0, 1.0)",1,99.5154903331004,2645
"(0.94993894993895, 1.0)",1,99.51536282781994,2646
"(0.7503607503607503, 1.0)",1,99.51527186215284,2647
"(0.9666562434855118, 1.0)",2,99.51519811730724,2649
"(0.8068904981347378, 1.0)",1,99.5150981329178,2650
"(0.9326599326599326, 1.0)",1,99.51503790629909,2651
"(0.9497171590194846, 1.0)",1,99.51492764294564,2652
"(0.882673371045464, 1.0)",2,99.51481343128356,2654
"(0.8635976129582268, 1.0)",2,99.5146200841806,2656
"(0.7656073923822403, 1.0)",1,99.51431698197312,2657
"(0.9666666666666668, 1.0)",1,99.51408464158428,2658
"(0.9665831244778612, 1.0)",1,99.51393705573928,2659
"(0.9506533178503804, 1.0)",2,99.5136764689262,2661
"(0.8294970161977834, 1.0)",1,99.51355881408072,2662
"(0.844988344988345, 1.0)",1,99.51343761438696,2663
"(0.7340930674264007, 1.0)",1,99.51330724264366,2664
"(0.9326599326599326, 1.0)",1,99.51318064725236,2665
"(0.8635976129582268, 1.0)",1,99.51308530525274,2666
"(0.7340930674264007, 1.0)",1,99.5130463596127,2667
"(0.7416325017951034, 1.0)",1,99.51295668467256,2668
"(0.8491514770584537, 1.0)",1,99.51288287743492,2669
"(0.9833229101521784, 1.0)",1,99.51281557399994,2670
"(0.7632275132275131, 0.986081059422206)",1,99.51243184135238,2671
"(0.7802197802197803, 1.0)",1,99.51235968371832,2672
"(0.9833229101521784, 1.0)",1,99.5123113096663,2673
"(0.9497171590194846, 1.0)",1,99.51218572386937,2674
"(0.7121693121693121, 1.0)",1,99.511834355283,2675
"(0.8633762288330498, 1.0)",1,99.5117750451872,2676
"(0.7802197802197803, 1.0)",1,99.51177165945651,2677
"(0.7656073923822403, 1.0)",1,99.51163913841398,2678
"(0.8663324979114452, 1.0)",1,99.510979360541,2679
"(0.8329156223893065, 1.0)",4,99.51083361232776,2683
"(0.851037851037851, 1.0)",1,99.51056516107865,2684
"(0.7430253184970165, 1.0)",1,99.51040205628732,2685
"(0.9333333333333332, 1.0)",2,99.5103024326631,2687
"(0.9326599326599326, 1.0)",1,99.51027860702308,2688
"(0.8294970161977834, 1.0)",1,99.51013735067748,2689
"(0.808446455505279, 1.0)",1,99.5100069652232,2690
"(0.7306397306397308, 1.0)",1,99.509853905857,2691
"(0.8976982097186702, 1.0)",1,99.50956218877973,2692
"(0.898989898989899, 1.0)",1,99.5092484089558,2693
"(1.0, 1.0)",1,99.50913011912388,2694
"(0.7435897435897435, 1.0)",1,99.50912536129124,2695
"(0.9746854694957162, 1.0)",1,99.50911992313496,2696
"(0.8420013166556946, 1.0)",1,99.50911446194152,2697
"(0.808446455505279, 1.0)",1,99.5089856244931,2698
"(0.9166145507608924, 1.0)",4,99.50846994288042,2702
"(0.8222222222222222, 1.0)",1,99.5083762775093,2703
"(0.9497171590194848, 1.0)",1,99.50830310207265,2704
"(0.7916666666666666, 1.0)",1,99.5079680517742,2705
"(0.9326599326599326, 1.0)",2,99.5078503772554,2707
"(0.9665831244778612, 1.0)",2,99.50749254138506,2709
"(0.861111111111111, 1.0)",1,99.50748301520258,2710
"(0.9833229101521784, 1.0)",1,99.50743577522238,2711
"(0.861111111111111, 1.0)",2,99.50741721031596,2713
"(0.9499687304565352, 1.0)",1,99.50719694898122,2714
"(0.9833229101521784, 1.0)",1,99.5069381009763,2715
"(0.882673371045464, 1.0)",1,99.50690247348588,2716
"(0.7077308656256025, 1.0)",1,99.50685107314058,2717
"(0.6733821733821733, 1.0)",1,99.5067779255182,2718
"(0.9326599326599326, 1.0)",1,99.50659150572258,2719
"(0.8976982097186702, 1.0)",1,99.5062886179458,2720
"(0.6698155645524068, 1.0)",1,99.50619705882865,2721
"(0.7077308656256025, 1.0)",2,99.50618588493624,2723
"(0.8137566137566138, 1.0)",2,99.50560142595542,2725
"(1.0, 1.0)",2,99.50555555555556,2727
"(0.9153439153439156, 1.0)",1,99.50554128577528,2728
"(0.8420013166556946, 1.0)",1,99.50546829859896,2729
"(0.7416325017951034, 1.0)",1,99.50521958895592,2730
"(0.9506533178503804, 1.0)",1,99.50518773388032,2731
"(0.861111111111111, 1.0)",1,99.50485598536213,2732
"(0.8222222222222222, 1.0)",1,99.50451671658348,2733
"(0.9833229101521784, 1.0)",1,99.50411417509704,2734
"(0.7198480531813864, 1.0)",2,99.50389145763836,2736
"(0.861111111111111, 1.0)",1,99.50376164305015,2737
"(0.9499687304565352, 1.0)",1,99.50354511086218,2738
"(0.8615866942983156, 1.0)",1,99.50280441966238,2739
"(0.8068904981347378, 1.0)",1,99.50275477866528,2740
"(0.9497171590194846, 1.0)",4,99.50266965035452,2744
"(0.8222222222222222, 1.0)",1,99.5026509086977,2745
"(0.8349489264123411, 1.0)",1,99.50249274755052,2746
"(0.9833229101521784, 1.0)",1,99.5022723273251,2747
"(0.8420013166556947, 1.0)",1,99.50206492099042,2748
"(0.868077055383557, 1.0)",1,99.50199933885207,2749
"(0.8635976129582268, 1.0)",2,99.5018687039803,2751
"(0.8374727668845315, 1.0)",1,99.501811912251,2752
"(0.8796475392220073, 1.0)",1,99.50153509439428,2753
"(0.8016677935542034, 1.0)",1,99.50129522360524,2754
"(0.9009534009534008, 1.0)",1,99.50026358568915,2755
"(0.9166145507608924, 0.9833229101521784)",1,99.50007445129404,2756
"(0.9665831244778612, 0.9833229101521784)",1,99.5000728055286,2757
"(0.8976982097186702, 1.0)",2,99.4997034678765,2759
"(0.9326599326599326, 1.0)",1,99.49966436717716,2760
"(0.8222222222222222, 1.0)",1,99.4996072780521,2761
"(0.9833229101521784, 1.0)",1,99.49954984396572,2762
"(1.0, 1.0)",1,99.4994357331283,2763
"(0.8068904981347378, 1.0)",2,99.49932836740189,2765
"(0.7916666666666666, 1.0)",4,99.49931786784693,2769
"(0.8165520116739629, 1.0)",1,99.49910737057272,2770
"(0.9333333333333332, 1.0)",1,99.4990972893412,2771
"(0.7204751921733054, 1.0)",1,99.49906964736353,2772
"(0.9665831244778612, 1.0)",1,99.4990361263958,2773
"(0.8016677935542034, 1.0)",1,99.49893890545948,2774
"(0.9833229101521784, 1.0)",2,99.49888772199428,2776
"(0.7155555555555556, 1.0)",1,99.49875338753388,2777
"(0.8814814814814814, 1.0)",1,99.49870017975256,2778
"(0.8832603710652491, 1.0)",1,99.49845998626486,2779
"(0.6825396825396824, 1.0)",1,99.49845998626486,2780
"(0.9665831244778612, 1.0)",1,99.4983956660465,2781
"(0.7802197802197803, 1.0)",2,99.49837673288188,2783
"(1.0, 1.0)",1,99.49821436432308,2784
"(0.9009534009534008, 1.0)",1,99.49812511586082,2785
"(1.0, 1.0)",1,99.49799057659465,2786
"(0.7155555555555556, 1.0)",1,99.49780741232156,2787
"(0.7979797979797979, 1.0)",1,99.49766678906602,2788
"(0.9666562434855118, 1.0)",1,99.49730263444776,2789
"(0.9497171590194846, 1.0)",1,99.4967159796249,2790
"(0.8976982097186702, 1.0)",2,99.49664185454552,2792
"(0.8016677935542034, 1.0)",1,99.49660551526344,2793
"(0.9326599326599326, 1.0)",1,99.49643266878157,2794
"(0.7802197802197803, 1.0)",1,99.49633307784784,2795
"(0.8976982097186702, 1.0)",4,99.49619826431628,2799
"(0.8814814814814814, 1.0)",1,99.49602691797814,2800
"(0.8294970161977834, 0.9833229101521784)",1,99.4959133697772,2801
"(0.8349489264123411, 1.0)",6,99.4958722635231,2807
"(0.9833229101521784, 1.0)",1,99.49576099358964,2808
"(0.9666562434855118, 1.0)",1,99.4956649155488,2809
"(0.8633762288330498, 1.0)",1,99.4954477056966,2810
"(0.861111111111111, 1.0)",1,99.49541504881516,2811
"(0.8068904981347378, 1.0)",1,99.49531903848435,2812
"(0.9326599326599326, 1.0)",1,99.49531737312032,2813
"(0.7460317460317459, 1.0)",1,99.4952476519184,2814
"(0.868077055383557, 1.0)",1,99.49518036948866,2815
"(0.7802197802197803, 1.0)",6,99.49472591076018,2821
"(0.8811945374355704, 1.0)",1,99.49471089087936,2822
"(0.9665831244778612, 1.0)",1,99.49469449578407,2823
"(0.861111111111111, 1.0)",2,99.4946859517695,2825
"(0.7150639011104126, 1.0)",1,99.4945235095925,2826
"(0.9153439153439152, 1.0)",1,99.49389811149815,2827
"(0.8697983697983697, 1.0)",1,99.49379113640988,2828
"(0.8294970161977834, 1.0)",1,99.49371596804696,2829
"(0.8635976129582268, 1.0)",1,99.49366088872112,2830
"(0.7340930674264007, 1.0)",1,99.493648205271,2831
"(0.8635976129582268, 1.0)",1,99.49322044167351,2832
"(0.9497171590194846, 1.0)",1,99.49313564266296,2833
"(0.8635976129582268, 1.0)",1,99.49311272296114,2834
"(0.7734344933751168, 1.0)",1,99.49302649603742,2835
"(0.7802197802197803, 1.0)",1,99.49299801384512,2836
"(0.7944219523166891, 1.0)",1,99.4925898475918,2837
"(0.8165520116739629, 1.0)",2,99.49256764283176,2839
"(0.9326599326599326, 1.0)",1,99.49235255122343,2840
"(0.808446455505279, 1.0)",1,99.49199199405275,2841
"(0.8976982097186702, 1.0)",1,99.49189071821544,2842
"(0.9009534009534008, 1.0)",1,99.49177245067794,2843
"(0.8832603710652491, 1.0)",1,99.49166015780608,2844
"(0.9497171590194848, 1.0)",3,99.4916260122248,2847
"(0.7121693121693121, 1.0)",1,99.49157236299712,2848
"(0.8633762288330498, 1.0)",2,99.49134911265767,2850
"(0.7802197802197803, 1.0)",1,99.49103194562456,2851
"(0.8796475392220073, 1.0)",2,99.4908775263294,2853
"(0.808446455505279, 1.0)",1,99.49056100841123,2854
"(0.8016677935542034, 1.0)",1,99.49053583608078,2855
"(0.7077308656256025, 1.0)",1,99.49052785906832,2856
"(0.9833229101521784, 1.0)",4,99.49037795211048,2860
"(0.8222222222222222, 1.0)",1,99.48993380481576,2861
"(0.6698155645524068, 1.0)",2,99.48941859738844,2863
"(0.7979797979797979, 1.0)",2,99.48917294630542,2865
"(0.7979797979797979, 1.0)",1,99.48895390931222,2866
"(0.7979797979797979, 1.0)",2,99.48876503370168,2868
"(0.757745166550198, 1.0)",1,99.4886931674134,2869
"(0.8329156223893065, 1.0)",1,99.48838779249564,2870
"(0.8976982097186702, 1.0)",1,99.48830741586056,2871
"(0.8635976129582268, 1.0)",1,99.48781109225402,2872
"(0.9499687304565352, 1.0)",1,99.48777611639136,2873
"(0.7155555555555556, 1.0)",1,99.48774650823432,2874
"(0.757745166550198, 1.0)",2,99.48723620131533,2876
"(0.8796475392220073, 1.0)",1,99.48692193405176,2877
"(0.9326599326599326, 1.0)",4,99.48667998564744,2881
"(0.7069597069597069, 1.0)",1,99.48636275778752,2882
"(0.7994987468671678, 1.0)",1,99.48597748279391,2883
"(1.0, 1.0)",2,99.4859681801184,2885
"(0.8615866942983156, 1.0)",1,99.48579221618871,2886
"(0.6698155645524068, 1.0)",1,99.48568359563224,2887
"(0.9166145507608924, 1.0)",1,99.48526311263926,2888
"(1.0, 1.0)",2,99.48500112688754,2890
"(0.8840048840048841, 1.0)",1,99.48485753710231,2891
"(1.0, 0.9833229101521784)",1,99.48470384040738,2892
"(0.933096859926128, 1.0)",1,99.48462076510856,2893
"(0.8832603710652491, 1.0)",1,99.48426264885865,2894
"(0.9665831244778612, 1.0)",1,99.48363210628489,2895
"(0.837707400507675, 1.0)",1,99.483508619405,2896
"(0.7164894725870335, 1.0)",1,99.48350321154282,2897
"(0.8635976129582268, 1.0)",1,99.48343018355654,2898
"(0.9666666666666668, 1.0)",1,99.48341950261356,2899
"(0.7511111111111111, 1.0)",2,99.4833643237977,2901
"(0.9333333333333332, 1.0)",1,99.4832451198305,2902
"(0.9499687304565352, 0.9833229101521784)",4,99.48301021471758,2906
"(0.9916585206907788, 0.9958292603453894)",1,99.48296268261797,2907
"(0.8976982097186702, 1.0)",2,99.48296259048844,2909
"(0.9333333333333332, 1.0)",1,99.4826908643674,2910
"(0.8068904981347378, 1.0)",1,99.48265127755406,2911
"(0.882673371045464, 1.0)",1,99.48236051887122,2912
"(0.8651903651903651, 1.0)",1,99.48211907017172,2913
"(0.8976982097186702, 1.0)",1,99.48201229339092,2914
"(0.7030539311241066, 1.0)",2,99.4819445274839,2916
"(0.917415489944373, 1.0)",1,99.48190253005627,2917
"(0.8976982097186702, 1.0)",1,99.48182915797308,2918
"(0.9326599326599326, 1.0)",1,99.48172955850022,2919
"(0.8976982097186702, 1.0)",2,99.4815302273975,2921
"(0.7164894725870335, 1.0)",4,99.48142251800788,2925
"(0.9665831244778612, 1.0)",2,99.48121021785528,2927
"(0.9665831244778612, 1.0)",1,99.48079794531016,2928
"(0.7164894725870335, 1.0)",1,99.48077096352311,2929
"(0.8420013166556946, 1.0)",2,99.48076500756405,2931
"(0.9161952650324744, 1.0)",1,99.48064673615916,2932
"(0.8420013166556946, 1.0)",1,99.4805874630724,2933
"(0.9326599326599326, 1.0)",1,99.4804238605176,2934
"(0.7164894725870335, 1.0)",2,99.48017167633152,2936
"(0.868077055383557, 1.0)",1,99.48003172133558,2937
"(0.8814814814814814, 1.0)",4,99.47998875559853,2941
"(0.9746854694957162, 0.9958292603453894)",2,99.4793562106308,2943
"(0.7802197802197803, 1.0)",1,99.47925707545971,2944
"(0.8468951683237397, 1.0)",2,99.47912292250273,2946
"(0.9833229101521784, 1.0)",1,99.47900757817315,2947
"(1.0, 1.0)",1,99.47882750939722,2948
"(0.8840455840455841, 1.0)",1,99.47878342173516,2949
"(0.7164894725870335, 1.0)",6,99.47811357376774,2955
"(0.7164894725870335, 1.0)",1,99.47805087794124,2956
"(0.8814814814814814, 1.0)",1,99.47788702917268,2957
"(0.861111111111111, 1.0)",1,99.47758127021692,2958
"(0.933249791144528, 1.0)",1,99.47729231621516,2959
"(0.9833229101521784, 1.0)",2,99.47725386101258,2961
"(0.9666666666666668, 1.0)",1,99.47721275059224,2962
"(0.7802197802197803, 1.0)",2,99.4771838443809,2964
"(0.8796475392220073, 1.0)",2,99.47707746903389,2966
"(0.7802197802197803, 1.0)",1,99.47687048316207,2967
"(0.9499687304565352, 1.0)",2,99.47679440889776,2969
"(0.9833229101521784, 1.0)",1,99.47673555171689,2970
"(0.8635976129582268, 1.0)",1,99.476414786751,2971
"(0.861111111111111, 1.0)",1,99.47631072631071,2972
"(0.9331662489557224, 1.0)",1,99.47591454392996,2973
"(0.9003556829643787, 1.0)",1,99.47539684313254,2974
"(0.8635976129582268, 1.0)",1,99.47508522322184,2975
"(0.8329156223893065, 1.0)",2,99.47504660065188,2977
"(0.7656073923822403, 1.0)",1,99.47469830147315,2978
"(0.861111111111111, 1.0)",1,99.47398759511532,2979
"(0.9871616776282092, 1.0)",1,99.4739374791275,2980
"(0.808446455505279, 1.0)",1,99.47386605220802,2981
"(0.7979797979797979, 1.0)",1,99.47369061361638,2982
"(0.882673371045464, 1.0)",1,99.47363183597902,2983
"(0.9578375055710984, 1.0)",1,99.47356392645256,2984
"(1.0, 1.0)",4,99.47344515732377,2988
"(0.8068904981347378, 1.0)",1,99.47312839928472,2989
"(0.7916666666666666, 1.0)",1,99.47292768207402,2990
"(0.861111111111111, 1.0)",1,99.47274527495888,2991
"(0.8468951683237397, 1.0)",1,99.4727249290172,2992
"(0.9833229101521784, 1.0)",1,99.4723227854193,2993
"(0.8976982097186702, 1.0)",1,99.472244564499,2994
"(1.0, 1.0)",2,99.47220137585992,2996
"(0.9833229101521784, 1.0)",1,99.4721805294976,2997
"(1.0, 1.0)",1,99.47217010631644,2998
"(0.7222222222222221, 1.0)",1,99.4720658745049,2999
"(0.9665831244778612, 1.0)",4,99.47204471466344,3003
"(0.757745166550198, 1.0)",1,99.47194311529748,3004
"(0.757745166550198, 1.0)",2,99.47193269211633,3006
"(0.9497171590194848, 1.0)",1,99.47168145549792,3007
"(0.9299507899507898, 1.0)",1,99.4715259766,3008
"(0.8420013166556946, 1.0)",1,99.47140067270966,3009
"(0.7802197802197803, 1.0)",1,99.47137257393392,3010
"(1.0, 1.0)",2,99.47127208450507,3012
"(0.8468951683237397, 1.0)",1,99.47120513249988,3013
"(0.8222222222222222, 1.0)",1,99.47116253688785,3014
"(0.7802197802197803, 1.0)",1,99.47094716100943,3015
"(0.9832965806068272, 0.9958292603453894)",1,99.47007072030844,3016
"(0.861111111111111, 1.0)",1,99.4693494712824,3017
"(0.7326649958228906, 1.0)",1,99.4693003929461,3018
"(0.8222222222222222, 1.0)",1,99.4692385590287,3019
"(0.9326599326599326, 1.0)",1,99.46916286328953,3020
"(0.8697983697983697, 1.0)",1,99.46910115503852,3021
"(0.8468951683237397, 1.0)",1,99.4690025788137,3022
"(0.9958292603453894, 0.9958292603453894)",2,99.46895236506982,3024
"(0.9506533178503804, 1.0)",1,99.4688088422988,3025
"(0.7164894725870335, 1.0)",2,99.46875924482175,3027
"(0.6698155645524068, 1.0)",1,99.46874451116622,3028
"(0.8703703703703703, 1.0)",1,99.4687345798938,3029
"(0.7687400318979267, 1.0)",1,99.4686632622708,3030
"(0.7030539311241066, 1.0)",1,99.46862869804228,3031
"(0.8635976129582268, 1.0)",1,99.46851452428469,3032
"(0.8635976129582268, 1.0)",1,99.4681978717305,3033
"(0.8068904981347378, 1.0)",2,99.46813720182551,3035
"(0.8976982097186702, 1.0)",1,99.46802905829826,3036
"(1.0, 1.0)",1,99.4678065033584,3037
"(0.9833229101521784, 1.0)",1,99.4676281395888,3038
"(0.8633762288330498, 1.0)",2,99.46758860024248,3040
"(0.8651903651903651, 1.0)",1,99.46753670051854,3041
"(0.8452611218568665, 1.0)",1,99.46735826590525,3042
"(1.0, 1.0)",1,99.46718912052953,3043
"(0.8349489264123411, 1.0)",2,99.46704605850948,3045
"(0.776488287126585, 1.0)",3,99.46689338633672,3048
"(0.7090909090909091, 1.0)",1,99.46683607564113,3049
"(1.0, 1.0)",1,99.46683607564113,3050
"(0.7222222222222221, 1.0)",1,99.4665937043986,3051
"(0.9665831244778612, 1.0)",2,99.46653845370147,3053
"(0.9166145507608924, 1.0)",1,99.466374383831,3054
"(0.9499687304565352, 0.9833229101521784)",1,99.46629127540558,3055
"(0.861111111111111, 1.0)",1,99.46609150639512,3056
"(0.8697983697983697, 1.0)",1,99.4657687813836,3057
"(0.7979797979797979, 1.0)",1,99.46574889119653,3058
"(0.6825396825396824, 1.0)",1,99.46567481869153,3059
"(0.9501563219469168, 0.9958292603453894)",2,99.46565280415284,3061
"(0.8333333333333334, 1.0)",1,99.4655901748925,3062
"(0.7030539311241066, 1.0)",1,99.46526743763609,3063
"(0.6825396825396824, 1.0)",1,99.46500318521694,3064
"(0.7164894725870335, 1.0)",1,99.4649177404633,3065
"(0.8165520116739629, 1.0)",1,99.46458911105448,3066
"(0.861111111111111, 1.0)",1,99.46435445320418,3067
"(0.7802197802197803, 1.0)",1,99.4642188822762,3068
"(0.8165520116739629, 1.0)",1,99.4641245300332,3069
"(0.7961989230281913, 1.0)",1,99.4639680162449,3070
"(0.8997493734335841, 1.0)",1,99.46372228574508,3071
"(0.8845578466141503, 1.0)",1,99.46370034087714,3072
"(0.7155555555555556, 1.0)",2,99.46369202454764,3074
"(0.8635976129582268, 1.0)",1,99.46300332618507,3075
"(0.8294970161977834, 1.0)",1,99.46289583658849,3076
"(0.8703703703703703, 1.0)",1,99.46288148514466,3077
"(0.8796475392220073, 1.0)",1,99.4628566564491,3078
"(0.9833229101521784, 1.0)",1,99.4628350448065,3079
"(0.9506533178503804, 1.0)",1,99.46256813198444,3080
"(0.7802197802197803, 1.0)",2,99.4624725818564,3082
"(0.9331662489557224, 1.0)",1,99.4620680463413,3083
"(0.8976982097186702, 1.0)",1,99.46178528369468,3084
"(0.8976982097186702, 1.0)",1,99.4615609924518,3085
"(0.844988344988345, 1.0)",1,99.4613765638156,3086
"(0.7164894725870335, 1.0)",1,99.46137378809344,3087
"(0.9326599326599326, 1.0)",1,99.460962816733,3088
"(0.8703703703703703, 1.0)",1,99.46093005021858,3089
"(0.9583178702993204, 0.9958292603453894)",1,99.4608970960586,3090
"(0.6831352928913905, 1.0)",2,99.4607982589369,3092
"(0.9326599326599326, 1.0)",1,99.46022924681462,3093
"(1.0, 1.0)",3,99.45985471886692,3096
"(0.776488287126585, 1.0)",1,99.4597069654672,3097
"(0.9833229101521784, 1.0)",1,99.4596048672672,3098
"(0.9331662489557224, 1.0)",1,99.45917475825566,3099
"(0.861111111111111, 1.0)",1,99.45888199269844,3100
"(0.808446455505279, 1.0)",1,99.45875702453152,3101
"(0.8420013166556946, 1.0)",1,99.45841767023508,3102
"(0.9326599326599326, 1.0)",1,99.45835573794784,3103
"(0.861111111111111, 1.0)",1,99.45738230745545,3104
"(0.5910680656443368, 1.0)",1,99.45733707959822,3105
"(0.916104916104916, 1.0)",1,99.45728690755104,3106
"(0.9665831244778612, 1.0)",4,99.45713880848017,3110
"(0.9331094582012576, 1.0)",1,99.45703219067369,3111
"(0.6733821733821733, 1.0)",1,99.45703010471496,3112
"(0.882673371045464, 1.0)",1,99.4566641950363,3113
"(0.757745166550198, 1.0)",5,99.45663320857044,3118
"(0.8633762288330498, 1.0)",1,99.45657958567242,3119
"(0.808446455505279, 1.0)",1,99.45645379040994,3120
"(0.8294970161977834, 1.0)",1,99.45628443502628,3121
"(1.0, 1.0)",1,99.45619918259996,3122
"(0.8137566137566138, 1.0)",1,99.45613916345624,3123
"(0.9665831244778612, 1.0)",4,99.45611490803596,3127
"(0.861111111111111, 1.0)",1,99.45607295508032,3128
"(1.0, 1.0)",1,99.45588016319724,3129
"(0.8420013166556946, 1.0)",1,99.45572870597492,3130
"(0.7416325017951034, 1.0)",1,99.4554430642712,3131
"(0.9833229101521784, 1.0)",4,99.45543032064214,3135
"(0.8976982097186702, 1.0)",4,99.45534939984088,3139
"(0.7222222222222221, 1.0)",1,99.45532608883056,3140
"(0.9666562434855118, 1.0)",1,99.45530741031976,3141
"(0.8976982097186702, 1.0)",1,99.45526102235948,3142
"(0.8349489264123411, 1.0)",2,99.4550717592772,3144
"(0.9666562434855118, 1.0)",1,99.45501708997163,3145
"(1.0, 1.0)",2,99.45481717027732,3147
"(0.8222222222222222, 1.0)",1,99.45467750172052,3148
"(0.7155555555555556, 1.0)",1,99.45441317490098,3149
"(1.0, 0.9958292603453894)",1,99.45438904642002,3150
"(0.7460317460317459, 1.0)",1,99.45436556059887,3151
"(0.8222222222222222, 1.0)",1,99.45423954655443,3152
"(0.7416325017951034, 1.0)",1,99.45364347199332,3153
"(1.0, 1.0)",1,99.4535440692052,3154
"(0.8420013166556946, 1.0)",1,99.45336471351528,3155
"(0.861111111111111, 1.0)",1,99.45329424732058,3156
"(0.7198480531813864, 1.0)",1,99.45322848014612,3157
"(0.9665831244778612, 1.0)",1,99.45270529674347,3158
"(0.7069597069597069, 1.0)",1,99.45265198818996,3159
"(0.7503607503607503, 1.0)",2,99.45263350736975,3161
"(1.0, 1.0)",2,99.45261400042276,3163
"(0.6698155645524068, 1.0)",1,99.4520047254919,3164
"(0.6698155645524068, 1.0)",1,99.45168006528723,3165
"(0.8840048840048841, 1.0)",1,99.45159654375404,3166
"(0.7643097643097643, 1.0)",2,99.45153578345683,3168
"(0.8349489264123411, 1.0)",1,99.45145924536168,3169
"(0.7030539311241066, 1.0)",1,99.45131990024566,3170
"(0.6831352928913905, 1.0)",1,99.45123184147576,3171
"(1.0, 1.0)",1,99.45112941351056,3172
"(0.9326599326599326, 1.0)",2,99.45091804092256,3174
"(0.8976982097186702, 1.0)",1,99.45080768791996,3175
"(0.9666562434855118, 1.0)",1,99.45071366778684,3176
"(1.0, 1.0)",1,99.4504977055618,3177
"(0.9333333333333332, 1.0)",1,99.45049286756606,3178
"(0.7734344933751168, 1.0)",1,99.45040343596531,3179
"(0.6825396825396824, 1.0)",1,99.45032055763764,3180
"(0.8222222222222222, 1.0)",1,99.45013893422754,3181
"(1.0, 0.9958292603453894)",1,99.44983909839895,3182
"(0.9499687304565352, 0.9833229101521784)",1,99.44967688138424,3183
"(0.9666562434855118, 1.0)",2,99.44958028420196,3185
"(0.9499687304565352, 0.9833229101521784)",1,99.44940446358488,3186
"(1.0, 1.0)",1,99.44940446358484,3187
"(0.7155555555555556, 1.0)",3,99.44916214416408,3190
"(0.882673371045464, 1.0)",1,99.4489595633644,3191
"(0.9499687304565352, 1.0)",1,99.44889893542012,3192
"(0.6825396825396824, 1.0)",6,99.44885755617464,3198
"(0.9331662489557224, 1.0)",1,99.44872071456544,3199
"(0.8997493734335841, 1.0)",1,99.4486572556748,3200
"(0.8468951683237397, 1.0)",1,99.44852928987255,3201
"(1.0, 0.9958292603453894)",1,99.44845880526564,3202
"(0.882673371045464, 1.0)",1,99.44797968023929,3203
"(0.7802197802197803, 1.0)",1,99.44782697426216,3204
"(0.7155555555555556, 1.0)",1,99.44735004832566,3205
"(0.9665831244778612, 1.0)",1,99.44720141931832,3206
"(0.8222222222222222, 1.0)",1,99.44715799357496,3207
"(0.8294970161977834, 1.0)",4,99.44711220976504,3211
"(0.9958292603453894, 0.9958292603453894)",1,99.44706972626068,3212
"(0.9326599326599326, 1.0)",1,99.44672537214257,3213
"(0.8497658497658497, 1.0)",1,99.44653002515896,3214
"(0.8468951683237397, 1.0)",1,99.44622331277384,3215
"(0.9833229101521784, 1.0)",2,99.44607252535326,3217
"(0.7916666666666666, 1.0)",1,99.4458746503941,3218
"(0.9497171590194846, 1.0)",1,99.4458014306956,3219
"(0.9153439153439156, 1.0)",1,99.44576997345156,3220
"(0.8840455840455841, 1.0)",1,99.4455816439294,3221
"(0.6658312447786131, 1.0)",1,99.44538646439612,3222
"(0.9506533178503804, 1.0)",1,99.44526386645828,3223
"(1.0, 1.0)",1,99.4452300332827,3224
"(0.808446455505279, 1.0)",1,99.44456924124889,3225
"(0.7121693121693121, 1.0)",1,99.44432958885596,3226
"(0.8635976129582268, 1.0)",1,99.44416486247373,3227
"(0.8615866942983156, 1.0)",1,99.4440682148037,3228
"(0.8814814814814814, 1.0)",1,99.44365345200842,3229
"(0.9833229101521784, 1.0)",4,99.4436274715742,3233
"(0.9916585206907788, 1.0)",1,99.44356866607144,3234
"(0.9670329670329668, 1.0)",1,99.44337447670628,3235
"(0.8845578466141503, 1.0)",1,99.44332832265776,3236
"(0.8811945374355704, 1.0)",2,99.44311628603216,3238
"(0.9153439153439152, 1.0)",1,99.44302274295856,3239
"(0.9499687304565352, 1.0)",2,99.44288296901266,3241
"(0.7164894725870335, 1.0)",1,99.442815822389,3242
"(0.9326599326599326, 1.0)",1,99.44248157823256,3243
"(0.8796475392220073, 1.0)",1,99.44222639366728,3244
"(0.7944219523166891, 1.0)",1,99.44212305784836,3245
"(0.9009534009534008, 1.0)",1,99.44206499612656,3246
"(0.9166145507608924, 1.0)",2,99.44176158348914,3248
"(0.9833229101521784, 1.0)",1,99.44153933864656,3249
"(0.8811945374355704, 1.0)",1,99.44136331697474,3250
"(0.8976982097186702, 1.0)",1,99.441292914382,3251
"(0.8468951683237397, 1.0)",2,99.44121429505174,3253
"(0.8615866942983156, 1.0)",1,99.44119257989658,3254
"(0.9161952650324744, 1.0)",1,99.44114378202208,3255
"(0.9833229101521784, 1.0)",3,99.44074656102244,3258
"(0.8294970161977834, 1.0)",2,99.4404159940083,3260
"(0.7880931329207191, 1.0)",2,99.44035170523836,3262
"(0.8811945374355704, 1.0)",1,99.4402075629894,3263
"(0.9331662489557224, 1.0)",1,99.4400491081287,3264
"(0.8796475392220073, 1.0)",1,99.43930862888624,3265
"(0.9326599326599326, 1.0)",1,99.43921635135004,3266
"(0.9833229101521784, 1.0)",2,99.43917139203342,3268
"(0.7340930674264007, 1.0)",1,99.4391643876489,3269
"(1.0, 1.0)",1,99.43904755286869,3270
"(0.5555555555555555, 1.0)",1,99.43876365397546,3271
"(0.8976982097186702, 1.0)",1,99.4387462802564,3272
"(0.7222222222222221, 1.0)",2,99.43864899898276,3274
"(0.7421018697614443, 1.0)",1,99.43858349503202,3275
"(0.8222222222222222, 1.0)",1,99.43846106824284,3276
"(0.9497171590194846, 1.0)",4,99.43831278374672,3280
"(0.8615866942983156, 1.0)",1,99.4381043406444,3281
"(0.7198480531813864, 1.0)",1,99.43780682980064,3282
"(0.8222222222222222, 1.0)",2,99.43780197393356,3284
"(0.7460317460317459, 1.0)",1,99.43768847075106,3285
"(0.8222222222222222, 1.0)",1,99.43756245670662,3286
"(0.8633762288330498, 1.0)",1,99.43723247906716,3287
"(0.7204751921733054, 1.0)",2,99.43702720384726,3289
"(0.8796475392220073, 1.0)",1,99.4368656062512,3290
"(0.9326599326599326, 1.0)",1,99.43647191814846,3291
"(0.7164894725870335, 1.0)",1,99.43644777986242,3292
"(0.8845578466141503, 1.0)",1,99.43640624351283,3293
"(0.8814814814814814, 1.0)",1,99.43634675720236,3294
"(0.8976982097186702, 1.0)",2,99.43577826342,3296
"(0.9666666666666668, 1.0)",1,99.43568536129511,3297
"(0.8222222222222222, 1.0)",1,99.43561287940037,3298
"(0.7916666666666666, 1.0)",1,99.43534412538772,3299
"(0.8420013166556947, 1.0)",1,99.43520467349506,3300
"(0.8341307814992026, 1.0)",2,99.43504206533731,3302
"(0.849906191369606, 1.0)",1,99.43488303550824,3303
"(0.9506533178503804, 1.0)",2,99.43470694114124,3305
"(0.8678757556806338, 0.9833229101521784)",1,99.43465856636595,3306
"(0.7498436522826767, 1.0)",1,99.43457682007384,3307
"(0.8468951683237397, 1.0)",1,99.43418531485204,3308
"(0.8222222222222222, 1.0)",1,99.43365602394918,3309
"(0.9833229101521784, 1.0)",2,99.43351730101456,3311
"(0.7090909090909091, 1.0)",1,99.43348189594546,3312
"(0.7090909090909091, 1.0)",1,99.43341920011898,3313
"(0.9333333333333332, 0.9833229101521784)",1,99.43302063789874,3314
"(0.9499687304565352, 1.0)",1,99.4329997915364,3315
"(0.8703703703703703, 1.0)",2,99.4329581784652,3317
"(0.7416325017951034, 1.0)",1,99.43241773751696,3318
"(0.9506533178503804, 1.0)",1,99.43240630306768,3319
"(0.9499358151476252, 1.0)",1,99.43238176742672,3320
"(0.9833229101521784, 1.0)",1,99.43206985568987,3321
"(0.9833229101521784, 1.0)",1,99.43194446403687,3322
"(0.9665831244778612, 1.0)",1,99.4316664602929,3323
"(0.6825396825396824, 1.0)",1,99.43150005543652,3324
"(1.0, 1.0)",2,99.43127665849104,3326
"(0.9704226680823772, 1.0)",1,99.43111153907176,3327
"(0.8294970161977834, 1.0)",2,99.43045416926408,3329
"(0.808446455505279, 1.0)",1,99.43041820790066,3330
"(0.8615866942983156, 1.0)",1,99.43008819233576,3331
"(0.9833229101521784, 1.0)",1,99.42999327691489,3332
"(0.8016677935542034, 1.0)",2,99.4299790472498,3334
"(0.934122934122934, 1.0)",1,99.42997530033982,3335
"(0.8976982097186702, 1.0)",2,99.429961591276,3337
"(0.8468951683237397, 1.0)",1,99.42992294647348,3338
"(0.9499687304565352, 1.0)",1,99.42916756953088,3339
"(0.7802197802197803, 1.0)",1,99.42876419754948,3340
"(0.979051756240299, 1.0)",2,99.42865340704456,3342
"(0.808446455505279, 1.0)",1,99.42862539577364,3343
"(0.9833229101521784, 1.0)",1,99.42839654195744,3344
"(0.8374727668845315, 1.0)",1,99.42819625165052,3345
"(0.7802197802197803, 1.0)",2,99.42811823747384,3347
"(0.978848063174439, 1.0)",1,99.42796538354445,3348
"(0.9665831244778612, 1.0)",1,99.42720419114572,3349
"(0.861111111111111, 1.0)",1,99.42708701764288,3350
"(0.8420013166556946, 1.0)",1,99.42707274542504,3351
"(0.9750854369118126, 0.9958292603453894)",2,99.42616068901324,3353
"(0.7090909090909091, 1.0)",1,99.42532959837196,3354
"(0.9326599326599326, 1.0)",1,99.42524024684369,3355
"(1.0, 1.0)",4,99.42518421178094,3359
"(0.9166145507608924, 1.0)",2,99.42508449364132,3361
"(0.9161952650324744, 1.0)",1,99.42464276540558,3362
"(0.7030539311241066, 1.0)",1,99.42451921048412,3363
"(0.7090909090909091, 1.0)",1,99.42425426995388,3364
"(0.8420013166556946, 1.0)",1,99.4242541856374,3365
"(0.7656073923822403, 1.0)",1,99.42397426119376,3366
"(0.8615866942983156, 1.0)",2,99.4236205051126,3368
"(0.757745166550198, 1.0)",1,99.42327130799806,3369
"(0.8814814814814814, 1.0)",1,99.42325970341764,3370
"(0.8307349903094585, 1.0)",1,99.42289759402532,3371
"(0.9665831244778612, 1.0)",1,99.422861863055,3372
"(0.9164652836623464, 1.0)",1,99.4227709911814,3373
"(0.9834440227703986, 1.0)",1,99.42264351451831,3374
"(0.9161952650324744, 1.0)",1,99.42225149100388,3375
"(0.9666562434855118, 1.0)",2,99.42208656412764,3377
"(0.5910680656443368, 1.0)",1,99.42199522014522,3378
"(0.8832603710652491, 1.0)",1,99.4219675498347,3379
"(0.8635976129582268, 1.0)",1,99.4218725699584,3380
"(0.844988344988345, 1.0)",1,99.42153196404024,3381
"(1.0, 1.0)",1,99.421487904627,3382
"(0.8068904981347378, 1.0)",1,99.4214734206124,3383
"(0.826388888888889, 1.0)",1,99.42110572566511,3384
"(0.9833229101521784, 1.0)",1,99.42101883669784,3385
"(0.7121693121693121, 1.0)",1,99.42049222232149,3386
"(0.9153439153439152, 1.0)",2,99.4204243060185,3388
"(0.8068904981347378, 1.0)",1,99.42029753041211,3389
"(0.8222222222222222, 1.0)",1,99.42007426352292,3390
"(0.8294970161977834, 1.0)",1,99.4198832622397,3391
"(0.8420013166556946, 1.0)",1,99.41973137585424,3392
"(0.8615866942983156, 1.0)",1,99.4195127499853,3393
"(1.0, 1.0)",1,99.41946198621426,3394
"(0.9153439153439152, 1.0)",1,99.41945848569728,3395
"(0.882673371045464, 1.0)",2,99.41922910546968,3397
"(1.0, 1.0)",4,99.41903944957652,3401
"(0.8796475392220073, 1.0)",2,99.41881460521834,3403
"(0.8615866942983156, 1.0)",2,99.4186618708215,3405
"(0.7880931329207191, 1.0)",1,99.41859574525456,3406
"(0.8796475392220073, 1.0)",1,99.41852600492976,3407
"(0.7164894725870335, 1.0)",1,99.418406901276,3408
"(0.8222222222222222, 1.0)",1,99.41804481002816,3409
"(0.7340930674264007, 1.0)",1,99.41790329387229,3410
"(0.9833211143695014, 0.9916625936787228)",1,99.41782774433167,3411
"(0.8222222222222222, 1.0)",2,99.41779519931345,3413
"(0.6830409356725146, 1.0)",1,99.41763568682892,3414
"(0.8845578466141503, 1.0)",2,99.41741558017344,3416
"(0.9665831244778612, 1.0)",2,99.41693614979432,3418
"(0.7090909090909091, 1.0)",1,99.41674211027114,3419
"(0.7511111111111111, 1.0)",1,99.41662333894234,3420
"(1.0, 1.0)",1,99.41654288788504,3421
"(0.8068904981347378, 1.0)",1,99.41646597625068,3422
"(0.9797933639980358, 0.9958292603453894)",1,99.41642704612752,3423
"(1.0, 1.0)",1,99.41630185532622,3424
"(0.8420013166556946, 1.0)",1,99.41622779833656,3425
"(1.0, 1.0)",1,99.41584511147954,3426
"(0.9161952650324744, 1.0)",1,99.41572410589636,3427
"(0.8329156223893065, 1.0)",1,99.4156832737616,3428
"(0.9665831244778612, 1.0)",1,99.4156054952768,3429
"(0.7090909090909091, 1.0)",1,99.41560460087516,3430
"(0.9834440227703986, 1.0)",1,99.41554636634837,3431
"(0.9744745723240348, 1.0)",1,99.41551251480249,3432
"(0.9441792447111594, 1.0)",1,99.41529594168824,3433
"(1.0, 1.0)",1,99.41510386869822,3434
"(0.9161952650324744, 1.0)",1,99.41494055593826,3435
"(0.9833229101521784, 1.0)",2,99.4148527372398,3437
"(0.7155555555555556, 1.0)",2,99.41473938888574,3439
"(0.9161952650324744, 1.0)",1,99.4146865992106,3440
"(0.7204751921733054, 1.0)",1,99.41461026773028,3441
"(0.8651903651903651, 1.0)",1,99.41446426098464,3442
"(0.9833229101521784, 1.0)",1,99.41444975086044,3443
"(0.9499687304565352, 1.0)",1,99.41443971803407,3444
"(0.9666666666666668, 1.0)",1,99.41439483225514,3445
"(0.8420013166556946, 1.0)",1,99.41380507673573,3446
"(0.7030539311241066, 1.0)",1,99.41375696634128,3447
"(0.7340930674264007, 1.0)",1,99.41360878909322,3448
"(0.9153439153439156, 1.0)",1,99.41338440953334,3449
"(0.8222222222222222, 1.0)",1,99.41331009155884,3450
"(0.8976982097186702, 1.0)",1,99.41318854281906,3451
"(0.94993894993895, 1.0)",1,99.41304036175218,3452
"(0.882673371045464, 1.0)",1,99.41259691175496,3453
"(0.8420013166556946, 1.0)",1,99.41251787696238,3454
"(0.9665831244778612, 1.0)",1,99.41243752189206,3455
"(0.8832603710652491, 1.0)",1,99.41227751471654,3456
"(0.844988344988345, 1.0)",2,99.4121989121989,3458
"(0.8796475392220073, 1.0)",1,99.41199936939158,3459
"(0.9497171590194848, 1.0)",1,99.41186216259568,3460
"(0.9871616776282092, 0.9958292603453894)",1,99.4109721864611,3461
"(1.0, 1.0)",1,99.41072545308946,3462
"(0.916104916104916, 1.0)",1,99.41040853964564,3463
"(1.0, 1.0)",1,99.4103638830377,3464
"(0.9166145507608924, 1.0)",1,99.41033598770504,3465
"(0.6238244514106583, 1.0)",1,99.41023737196991,3466
"(0.861111111111111, 1.0)",1,99.40961873166616,3467
"(0.6831352928913905, 1.0)",4,99.40949635397646,3471
"(0.8997493734335841, 1.0)",1,99.4094715956558,3472
"(0.8420013166556946, 1.0)",1,99.40912102807388,3473
"(0.8633762288330498, 1.0)",5,99.40890350822669,3478
"(0.9665831244778612, 1.0)",1,99.40833428478584,3479
"(0.8697983697983697, 1.0)",1,99.40829459791009,3480
"(1.0, 1.0)",1,99.40781973677772,3481
"(0.9916585206907788, 0.9958292603453894)",2,99.40699312862972,3483
"(0.8814814814814814, 1.0)",1,99.40688630091265,3484
"(0.9876066164491212, 0.9958292603453894)",2,99.4067903495371,3486
"(1.0, 0.9958292603453894)",1,99.40611187987967,3487
"(0.8329156223893065, 1.0)",1,99.40611123714852,3488
"(0.9744745723240348, 0.9958292603453894)",2,99.40594263616131,3490
"(0.987491854024112, 0.9958292603453894)",2,99.4059025653159,3492
"(0.9744745723240348, 1.0)",1,99.40585392828224,3493
"(0.9665831244778612, 1.0)",1,99.4056337959374,3494
"(0.757745166550198, 1.0)",1,99.40561168386472,3495
"(0.9326599326599326, 1.0)",1,99.40507697503848,3496
"(0.8068904981347378, 1.0)",1,99.40479633076458,3497
"(0.9326599326599326, 1.0)",2,99.40476734314989,3499
"(0.9333333333333332, 1.0)",1,99.40465567487588,3500
"(0.9792521035784794, 0.9958292603453894)",2,99.40435683558708,3502
"(0.7326649958228906, 1.0)",1,99.40431500656864,3503
"(0.7075023741690408, 1.0)",1,99.40423137647764,3504
"(0.9326599326599326, 1.0)",1,99.40395946358244,3505
"(0.861111111111111, 1.0)",2,99.4039227454088,3507
"(0.7802197802197803, 1.0)",1,99.40391441106146,3508
"(0.7077308656256025, 1.0)",1,99.4038840946549,3509
"(0.7880931329207191, 1.0)",1,99.40383949879096,3510
"(0.9326599326599326, 1.0)",1,99.40375936524843,3511
"(0.8796475392220073, 1.0)",2,99.40373952288846,3513
"(1.0, 0.9958292603453894)",2,99.4036999562413,3515
"(0.8341307814992026, 1.0)",1,99.4035782705186,3516
"(0.8976982097186702, 1.0)",2,99.40315979990427,3518
"(0.9441792447111594, 1.0)",1,99.40249895707834,3519
"(0.8615866942983156, 1.0)",1,99.4024438312039,3520
"(0.9833229101521784, 1.0)",1,99.40244359326516,3521
"(0.9666562434855118, 1.0)",1,99.4022849747685,3522
"(0.8341307814992026, 1.0)",1,99.40190604342467,3523
"(0.8222222222222222, 1.0)",1,99.40148835142416,3524
"(0.9833040078201368, 0.9958292603453894)",1,99.40137481895071,3525
"(0.8222222222222222, 1.0)",1,99.4013709490558,3526
"(0.7340930674264007, 1.0)",1,99.4011870213496,3527
"(0.8635976129582268, 1.0)",1,99.40114743718289,3528
"(0.9166145507608924, 1.0)",1,99.4011336450361,3529
"(0.9301144010060736, 1.0)",1,99.4003884563932,3530
"(1.0, 0.9833229101521784)",2,99.4003674384319,3532
"(0.8976982097186702, 1.0)",1,99.40008853650713,3533
"(0.7880931329207191, 1.0)",1,99.39989649030576,3534
"(0.8137566137566138, 1.0)",2,99.39985382721348,3536
"(0.9873444118605408, 0.9958292603453894)",2,99.39981414104116,3538
"(0.6831352928913905, 1.0)",1,99.3998013325998,3539
"(0.861111111111111, 1.0)",2,99.39968957201312,3541
"(0.9499687304565352, 0.9833229101521784)",1,99.3996456118408,3542
"(0.94993894993895, 1.0)",1,99.3995949849608,3543
"(0.9665831244778612, 1.0)",1,99.39953902893568,3544
"(0.7944219523166891, 1.0)",2,99.39952020151732,3546
"(0.7416325017951034, 1.0)",1,99.39918973760538,3547
"(0.7416325017951034, 1.0)",1,99.39906355782134,3548
"(1.0, 1.0)",1,99.39895997838546,3549
"(0.6831352928913905, 1.0)",1,99.39878698215266,3550
"(0.9326599326599326, 1.0)",1,99.39874148609258,3551
"(0.8468951683237397, 1.0)",1,99.3984980203291,3552
"(0.8976982097186702, 1.0)",1,99.39848425864336,3553
"(0.917415489944373, 1.0)",1,99.3983916891642,3554
"(0.6831352928913905, 1.0)",1,99.39817960055444,3555
"(0.9833229101521784, 1.0)",2,99.39789164804186,3557
"(0.8703703703703703, 1.0)",1,99.3975824121588,3558
"(0.7340930674264007, 1.0)",1,99.39751407628133,3559
"(0.7121693121693121, 1.0)",2,99.39736198376572,3561
"(0.861111111111111, 1.0)",1,99.39716529300983,3562
"(0.614498219149382, 1.0)",1,99.39693895152593,3563
"(0.861111111111111, 1.0)",2,99.3968860987922,3565
"(0.9833229101521784, 1.0)",1,99.39677798433657,3566
"(0.9873444118605408, 0.9958292603453894)",1,99.3967355000973,3567
"(0.9326599326599326, 1.0)",1,99.3963890908692,3568
"(0.8976982097186702, 1.0)",1,99.39601048466764,3569
"(0.9009534009534008, 1.0)",1,99.39591141982396,3570
"(0.816195709052852, 1.0)",1,99.39579194775716,3571
"(0.8468951683237397, 1.0)",1,99.3957522317572,3572
"(0.8294970161977834, 1.0)",4,99.39564110871738,3576
"(0.9666562434855118, 1.0)",1,99.39563519492916,3577
"(1.0, 1.0)",2,99.39562597386076,3579
"(0.7204751921733054, 1.0)",1,99.3955175228713,3580
"(0.8796475392220073, 1.0)",1,99.39541781230936,3581
"(0.8420013166556946, 1.0)",1,99.39530563422063,3582
"(0.7802197802197803, 1.0)",1,99.39519759563346,3583
"(0.8976982097186702, 1.0)",1,99.39496439060024,3584
"(0.9665831244778612, 1.0)",1,99.39493449776586,3585
"(0.7503607503607503, 1.0)",1,99.3949116720862,3586
"(0.9153439153439152, 1.0)",1,99.39489650040446,3587
"(0.8165520116739629, 1.0)",1,99.3941973498864,3588
"(0.9326599326599326, 1.0)",1,99.39409163171736,3589
"(0.7198480531813864, 1.0)",4,99.39408237883949,3593
"(0.9666562434855118, 1.0)",1,99.3940166237984,3594
"(0.987463247273494, 0.9958292603453894)",1,99.39398612281768,3595
"(0.9705383010048324, 0.9958292603453894)",1,99.39393148330213,3596
"(1.0, 0.9958292603453894)",1,99.39375612297978,3597
"(0.7430253184970165, 1.0)",1,99.39360754503132,3598
"(0.9326599326599326, 1.0)",2,99.39345856626603,3600
"(0.8294970161977834, 1.0)",2,99.39340185752296,3602
"(1.0, 1.0)",2,99.3930935424023,3604
"(0.8796475392220073, 1.0)",1,99.39305355922046,3605
"(0.8796475392220073, 1.0)",1,99.39275849625209,3606
"(0.9166145507608924, 1.0)",1,99.39245704058966,3607
"(0.9166145507608924, 1.0)",1,99.39245704058963,3608
"(0.6698155645524068, 1.0)",1,99.39218085834628,3609
"(0.9832184229069656, 0.9958292603453894)",1,99.39201483547834,3610
"(0.808446455505279, 1.0)",1,99.39140973767203,3611
"(0.9665831244778612, 1.0)",2,99.39109377232984,3613
"(0.9166145507608924, 1.0)",1,99.39086747739888,3614
"(0.8666666666666667, 1.0)",1,99.39074632561002,3615
"(0.8703703703703703, 1.0)",1,99.39068946604394,3616
"(1.0, 0.9958292603453894)",1,99.3905835103448,3617
"(0.8314237582530265, 1.0)",1,99.39030195102374,3618
"(0.916104916104916, 1.0)",1,99.39029563798051,3619
"(1.0, 1.0)",2,99.3893438528182,3621
"(0.8796475392220073, 1.0)",1,99.38928188497104,3622
"(0.6733821733821733, 1.0)",1,99.38898915471444,3623
"(0.808446455505279, 1.0)",1,99.38895836077612,3624
"(1.0, 1.0)",1,99.38879508025848,3625
"(0.6698155645524068, 1.0)",1,99.38876541140922,3626
"(0.9833229101521784, 1.0)",4,99.38854009585717,3630
"(0.9497171590194848, 1.0)",2,99.38853006130672,3632
"(0.978848063174439, 0.9958292603453894)",1,99.38839686997818,3633
"(0.861111111111111, 1.0)",1,99.38791520073326,3634
"(0.8329156223893065, 1.0)",1,99.38783043815492,3635
"(0.6238244514106583, 1.0)",1,99.38749510057352,3636
"(0.9958292603453894, 0.9958292603453894)",2,99.38729873006145,3638
"(0.9299507899507898, 1.0)",4,99.38686490780248,3642
"(0.6733821733821733, 1.0)",1,99.38668641956248,3643
"(0.9958292603453894, 0.9958292603453894)",1,99.3864140859566,3644
"(0.9441792447111594, 1.0)",1,99.38640929557644,3645
"(0.9833040078201368, 0.9958292603453894)",1,99.38628772039118,3646
"(0.7503607503607503, 1.0)",1,99.38617671941552,3647
"(0.9326599326599326, 1.0)",1,99.3861697759599,3648
"(0.7979797979797979, 1.0)",6,99.38572838093717,3654
"(0.8016677935542034, 1.0)",1,99.38559821591718,3655
"(0.9506533178503804, 1.0)",1,99.38544192652708,3656
"(0.9750854369118126, 0.9958292603453894)",1,99.38488943871008,3657
"(0.9326599326599326, 1.0)",1,99.38474531184303,3658
"(0.8016677935542034, 1.0)",1,99.38468472791456,3659
"(0.8294970161977834, 1.0)",1,99.38461370342324,3660
"(0.9958292603453894, 0.9958292603453894)",1,99.38460655232385,3661
"(0.8468951683237397, 1.0)",1,99.38446541361824,3662
"(0.8341307814992026, 1.0)",1,99.38427670603537,3663
"(0.8341307814992026, 1.0)",1,99.38423650233666,3664
"(0.8222222222222222, 1.0)",1,99.38422278231064,3665
"(0.9665831244778612, 1.0)",1,99.38329680780888,3666
"(0.9833229101521784, 1.0)",1,99.38329460269392,3667
"(0.9333333333333332, 1.0)",1,99.38322139743136,3668
"(0.9497171590194846, 1.0)",1,99.38313635913846,3669
"(0.9871616776282092, 0.9958292603453894)",1,99.38313487999686,3670
"(0.8997493734335841, 1.0)",1,99.38309550716484,3671
"(0.898989898989899, 1.0)",1,99.38305120666423,3672
"(0.9665831244778612, 1.0)",4,99.38299077457808,3676
"(0.9499687304565352, 0.9833229101521784)",2,99.38296852199298,3678
"(0.9499687304565352, 0.9833229101521784)",1,99.38294767563066,3679
"(0.9161952650324744, 1.0)",1,99.38291537989124,3680
"(0.8796475392220073, 1.0)",1,99.38287822563068,3681
"(0.8651903651903651, 1.0)",1,99.38286816768256,3682
"(0.9333333333333332, 1.0)",1,99.38277150035812,3683
"(0.9666562434855118, 1.0)",1,99.38272568679535,3684
"(0.9958292603453894, 0.9958292603453894)",1,99.3825246764306,3685
"(0.8997493734335841, 1.0)",1,99.38250880484514,3686
"(0.882673371045464, 1.0)",1,99.3824487380179,3687
"(0.8703703703703703, 1.0)",1,99.3823928000602,3688
"(0.9161952650324744, 1.0)",1,99.38233048604128,3689
"(0.808446455505279, 1.0)",1,99.38224637340758,3690
"(0.7164894725870335, 1.0)",1,99.38209526226493,3691
"(0.9, 1.0)",1,99.38206428700208,3692
"(0.9153439153439152, 1.0)",1,99.38205211799564,3693
"(0.979051756240299, 1.0)",1,99.38204912900424,3694
"(0.9666562434855118, 1.0)",1,99.3817754451809,3695
"(0.9623066688389268, 1.0)",1,99.38173414983372,3696
"(0.917415489944373, 1.0)",1,99.38156836130106,3697
"(0.9161952650324744, 1.0)",1,99.38146098458964,3698
"(0.7362637362637362, 1.0)",2,99.3811486014738,3700
"(0.9153439153439156, 1.0)",1,99.381070928311,3701
"(1.0, 1.0)",1,99.38103041770526,3702
"(0.6698155645524068, 1.0)",1,99.3808540724646,3703
"(0.9326599326599326, 1.0)",1,99.38041362431603,3704
"(0.9832925076188832, 0.9958292603453894)",1,99.380382502941,3705
"(0.9833229101521784, 1.0)",1,99.3802639254576,3706
"(0.6825396825396824, 1.0)",1,99.3802589084316,3707
"(0.9833229101521784, 1.0)",1,99.3801943142787,3708
"(0.8165520116739629, 1.0)",4,99.38009725967372,3712
"(0.8879787907565686, 1.0)",1,99.38004994877193,3713
"(0.9161952650324744, 1.0)",1,99.38003756727072,3714
"(0.7164894725870335, 1.0)",1,99.38003645192347,3715
"(0.8349489264123411, 1.0)",1,99.37977350411298,3716
"(0.8997493734335841, 1.0)",1,99.3796513150485,3717
"(0.8635976129582268, 1.0)",1,99.3795593759998,3718
"(0.8633762288330498, 1.0)",1,99.37921382472572,3719
"(0.8329156223893065, 1.0)",1,99.37885293615044,3720
"(0.8420013166556946, 1.0)",1,99.37862854437282,3721
"(0.9665831244778612, 1.0)",2,99.378529401314,3723
"(0.8229870141950848, 1.0)",1,99.37803926227382,3724
"(0.7802197802197803, 1.0)",1,99.37789006959082,3725
"(0.8976982097186702, 1.0)",1,99.37752124298976,3726
"(0.9873891625615764, 0.9958292603453894)",1,99.37748865881557,3727
"(0.9331662489557224, 1.0)",1,99.37714102328994,3728
"(0.9746854694957162, 0.9958292603453894)",1,99.37702149064609,3729
"(0.7734344933751168, 1.0)",1,99.37698526260488,3730
"(0.9833229101521784, 1.0)",1,99.37685820964772,3731
"(0.8976982097186702, 1.0)",1,99.37671984066137,3732
"(0.916104916104916, 1.0)",1,99.37629402246084,3733
"(0.6831352928913905, 1.0)",1,99.37617508958972,3734
"(0.7164894725870335, 1.0)",1,99.37572201194412,3735
"(0.776488287126585, 1.0)",1,99.37564795881514,3736
"(0.9326599326599326, 1.0)",1,99.37564782718826,3737
"(0.8222222222222222, 1.0)",1,99.37550862580844,3738
"(0.8635976129582268, 1.0)",1,99.37519151391484,3739
"(0.9497171590194846, 1.0)",1,99.37502136405146,3740
"(0.7121693121693121, 1.0)",1,99.37484289788772,3741
"(0.987463247273494, 0.9958292603453894)",1,99.37462352732013,3742
"(0.9833229101521784, 1.0)",1,99.3745258190908,3743
"(0.8796475392220073, 1.0)",1,99.37445056817135,3744
"(1.0, 1.0)",1,99.37434479618106,3745
"(0.8635976129582268, 1.0)",1,99.3738940324928,3746
"(0.9497171590194848, 1.0)",1,99.37377507557868,3747
"(0.9833040078201368, 0.9958292603453894)",2,99.37367640486958,3749
"(0.9665831244778612, 1.0)",2,99.37367097223262,3751
"(0.8651903651903651, 1.0)",1,99.37333447342507,3752
"(0.9833229101521784, 1.0)",1,99.37309953677776,3753
"(1.0, 1.0)",2,99.37279215462335,3755
"(0.8796475392220073, 1.0)",1,99.37267659083724,3756
"(0.9666562434855118, 1.0)",1,99.3725814835571,3757
"(0.9506533178503804, 1.0)",2,99.3725453353255,3759
"(0.9326599326599326, 1.0)",1,99.37239002437572,3760
"(0.8420013166556946, 1.0)",2,99.37225191126367,3762
"(0.9665831244778612, 1.0)",1,99.37220255140666,3763
"(0.9833040078201368, 0.9958292603453894)",2,99.37205900822288,3765
"(0.8420013166556946, 1.0)",1,99.37204584541652,3766
"(0.6962148962148962, 1.0)",1,99.37188892978368,3767
"(0.8374727668845315, 1.0)",1,99.37174418229247,3768
"(0.9833229101521784, 1.0)",1,99.37157719749688,3769
"(0.9497171590194848, 1.0)",1,99.3714664344273,3770
"(0.9166145507608924, 1.0)",1,99.3713049822806,3771
"(0.7498436522826767, 1.0)",1,99.3709321252922,3772
"(0.8222222222222222, 1.0)",1,99.37076772936103,3773
"(0.9499687304565352, 1.0)",1,99.37063807447724,3774
"(0.9833229101521784, 1.0)",1,99.37037647869111,3775
"(0.9746535316523212, 0.9958292603453894)",1,99.3702953250265,3776
"(0.9326599326599326, 1.0)",2,99.3702797938998,3778
"(0.8222222222222222, 1.0)",1,99.36993739605316,3779
"(0.6238244514106583, 1.0)",1,99.36968444693228,3780
"(0.9916585206907788, 0.9958292603453894)",1,99.36954836970811,3781
"(0.7204751921733054, 1.0)",1,99.3695316943914,3782
"(0.9833229101521784, 1.0)",2,99.36897495689328,3784
"(0.8840048840048841, 1.0)",1,99.36885219214682,3785
"(0.7944219523166891, 1.0)",2,99.3686258682974,3787
"(0.7687400318979267, 0.9833229101521784)",1,99.36862253421953,3788
"(0.8840048840048841, 1.0)",2,99.36814675839064,3790
"(0.7121693121693121, 1.0)",1,99.36762047917377,3791
"(0.868077055383557, 1.0)",1,99.36758248745952,3792
"(0.7204751921733054, 1.0)",1,99.36690522860144,3793
"(0.7503607503607503, 1.0)",1,99.36663312852586,3794
"(0.7916666666666666, 1.0)",3,99.36655601768815,3797
"(0.7198480531813864, 1.0)",1,99.36627415152856,3798
"(0.9499687304565352, 1.0)",1,99.36608892169448,3799
"(0.9499687304565352, 0.9833229101521784)",1,99.36601980247684,3800
"(0.7734344933751168, 1.0)",1,99.36596998173708,3801
"(0.9746854694957162, 0.9958292603453894)",1,99.36593355317576,3802
"(1.0, 1.0)",1,99.36589425408422,3803
"(0.8976982097186702, 1.0)",1,99.36560802688544,3804
"(0.9833211143695014, 0.9958292603453894)",1,99.36560235301856,3805
"(0.9161952650324744, 1.0)",2,99.36556744469992,3807
"(0.9153439153439152, 1.0)",1,99.36537502814782,3808
"(0.9333333333333332, 1.0)",4,99.36535713608885,3812
"(0.7498436522826767, 1.0)",1,99.36510552775756,3813
"(1.0, 1.0)",2,99.3648655468012,3815
"(0.9153439153439156, 0.9833229101521784)",1,99.36449838375393,3816
"(0.9958292603453894, 0.9958292603453894)",2,99.36430813801212,3818
"(1.0, 1.0)",1,99.36419894523183,3819
"(0.7511111111111111, 1.0)",3,99.3639209133946,3822
"(0.934122934122934, 1.0)",1,99.36389485522244,3823
"(0.7164894725870335, 1.0)",1,99.3637805512824,3824
"(0.9666666666666668, 1.0)",2,99.36357564019444,3826
"(0.7687400318979267, 1.0)",1,99.3634359274952,3827
"(0.7511111111111111, 1.0)",4,99.3632935048192,3831
"(0.9166145507608924, 1.0)",2,99.36309760700004,3833
"(0.8814814814814814, 1.0)",1,99.36299033570732,3834
"(0.6825396825396824, 1.0)",1,99.36268930717188,3835
"(0.898989898989899, 1.0)",1,99.36161667670656,3836
"(0.6825396825396824, 1.0)",1,99.36153338087092,3837
"(0.9326599326599326, 1.0)",1,99.36084010024072,3838
"(0.8016677935542034, 1.0)",1,99.36080017665265,3839
"(0.9833229101521784, 1.0)",1,99.3606823455944,3840
"(1.0, 1.0)",1,99.36068107669465,3841
"(0.8703703703703703, 1.0)",2,99.3605265315614,3843
"(0.9834440227703986, 1.0)",1,99.3605068912055,3844
"(0.933096859926128, 1.0)",1,99.36049711761996,3845
"(0.9707136080238548, 0.9958292603453894)",1,99.36035888315168,3846
"(0.7734344933751168, 1.0)",1,99.36030817275706,3847
"(0.8294970161977834, 1.0)",1,99.36029924926436,3848
"(1.0, 0.9958292603453894)",2,99.36020048701312,3850
"(0.9497171590194846, 1.0)",1,99.36017136159728,3851
"(0.9326599326599326, 1.0)",1,99.36006100679852,3852
"(0.7164894725870335, 1.0)",1,99.35972950949014,3853
"(0.9497171590194846, 1.0)",1,99.35948426001464,3854
"(0.933249791144528, 1.0)",1,99.3590237438593,3855
"(0.8651903651903651, 1.0)",2,99.35894487927008,3857
"(1.0, 1.0)",1,99.3589185412652,3858
"(0.7340930674264007, 1.0)",1,99.35874686890946,3859
"(0.7155555555555556, 1.0)",4,99.35866347432994,3863
"(0.9666562434855118, 1.0)",2,99.3585901205464,3865
"(0.7656073923822403, 1.0)",1,99.3583198539715,3866
"(0.6734452539330588, 1.0)",1,99.35829537652388,3867
"(0.9672281917443208, 0.9958292603453894)",1,99.35821281692884,3868
"(0.9665831244778612, 0.9833229101521784)",1,99.35817762358946,3869
"(0.8976982097186702, 1.0)",1,99.35793060260826,3870
"(0.6734452539330588, 1.0)",1,99.35765986857774,3871
"(0.8420013166556946, 1.0)",1,99.3576334193822,3872
"(0.9326599326599326, 1.0)",1,99.35750327804531,3873
"(0.9665831244778612, 1.0)",1,99.35745772035236,3874
"(0.9916585206907788, 0.9958292603453894)",1,99.3573693768807,3875
"(0.5910680656443368, 1.0)",1,99.3573372363378,3876
"(0.8976982097186702, 1.0)",1,99.35698249303243,3877
"(0.9797933639980358, 0.9958292603453894)",1,99.35693390176176,3878
"(0.9665831244778612, 1.0)",1,99.35677987443071,3879
"(0.9665831244778612, 1.0)",1,99.35663895459597,3880
"(0.9665831244778612, 1.0)",1,99.35644553802292,3881
"(0.7075023741690408, 1.0)",1,99.35638513454089,3882
"(0.983545503234046, 0.9958292603453894)",1,99.35603748516004,3883
"(0.9497171590194848, 1.0)",3,99.3557381016855,3886
"(0.8420013166556946, 1.0)",1,99.3555767699571,3887
"(0.8420013166556946, 1.0)",1,99.3553687555687,3888
"(0.8420013166556946, 1.0)",2,99.35536875556868,3890
"(0.7222222222222221, 0.9833229101521784)",1,99.3553262455702,3891
"(0.7880931329207191, 1.0)",1,99.35530277808418,3892
"(0.7222222222222221, 0.9833229101521784)",1,99.35507467413316,3893
"(0.9497171590194848, 1.0)",1,99.35492994197222,3894
"(0.7077308656256025, 1.0)",1,99.35449466920194,3895
"(0.9750943974852894, 0.9958292603453894)",1,99.35446500029352,3896
"(0.7916666666666666, 1.0)",1,99.35403328518755,3897
"(0.9791332681655264, 0.9958292603453894)",1,99.35401880928455,3898
"(0.9516794286955578, 0.9958292603453894)",1,99.35376048640192,3899
"(0.7030539311241066, 1.0)",1,99.35363152509262,3900
"(0.7164894725870335, 1.0)",1,99.35338678152542,3901
"(0.9833229101521784, 1.0)",1,99.35330248279404,3902
"(0.9665831244778612, 1.0)",1,99.35316386110952,3903
"(0.8260618349904064, 1.0)",1,99.35311651181624,3904
"(0.8976982097186702, 1.0)",1,99.3528487839596,3905
"(0.9833211143695014, 0.9958292603453894)",1,99.3526640280184,3906
"(0.9874762808349148, 0.9958292603453894)",1,99.352408018926,3907
"(0.808446455505279, 1.0)",1,99.3523689994432,3908
"(0.9833229101521784, 1.0)",1,99.35222342499732,3909
"(0.9506533178503804, 1.0)",1,99.35202505100494,3910
"(0.7734344933751168, 1.0)",1,99.35194490577769,3911
"(0.9835547122074636, 0.9958292603453894)",1,99.35192975690288,3912
"(0.882673371045464, 1.0)",1,99.35185707101998,3913
"(0.882673371045464, 1.0)",1,99.3517468828672,3914
"(0.7121693121693121, 1.0)",1,99.3514920321932,3915
"(0.8840048840048841, 1.0)",4,99.35146966854283,3919
"(0.9833040078201368, 0.9958292603453894)",1,99.3511981866599,3920
"(0.9833229101521784, 1.0)",1,99.35107667214024,3921
"(0.7069597069597069, 1.0)",1,99.35081272966724,3922
"(0.9331662489557224, 1.0)",1,99.35072984001744,3923
"(0.8068904981347378, 1.0)",1,99.3507268486614,3924
"(0.861111111111111, 1.0)",3,99.35064289466922,3927
"(0.9833040078201368, 0.9958292603453894)",2,99.35058029987196,3929
"(0.8635976129582268, 1.0)",1,99.35054334994832,3930
"(0.7687400318979267, 1.0)",1,99.3504680214825,3931
"(0.9497171590194848, 1.0)",1,99.35023164381631,3932
"(0.9161952650324744, 1.0)",1,99.35001180628996,3933
"(1.0, 0.9833229101521784)",1,99.34977181452992,3934
"(0.9665831244778612, 1.0)",1,99.34974209240517,3935
"(0.8796475392220073, 1.0)",1,99.34964786844144,3936
"(0.9167853751187084, 1.0)",1,99.3494731563568,3937
"(0.7511111111111111, 1.0)",1,99.34928327160227,3938
"(0.8976982097186702, 1.0)",1,99.3492727902272,3939
"(0.7164894725870335, 1.0)",1,99.34903756860948,3940
"(0.9746854694957162, 0.9958292603453894)",2,99.34897620301334,3942
"(0.6733821733821733, 1.0)",1,99.34874028648098,3943
"(0.8796475392220073, 1.0)",1,99.34871706293072,3944
"(0.9161952650324744, 1.0)",2,99.34869254508624,3946
"(0.6831352928913905, 1.0)",3,99.3486303209562,3949
"(0.9704226680823772, 1.0)",1,99.34838579902086,3950
"(0.9833229101521784, 1.0)",1,99.34834914317156,3951
"(0.6831352928913905, 1.0)",2,99.3482141616288,3953
"(0.9161952650324744, 1.0)",1,99.34816553916772,3954
"(0.9832184229069656, 1.0)",1,99.3480548109196,3955
"(0.7656073923822403, 1.0)",1,99.3480426863708,3956
"(0.8796475392220073, 1.0)",1,99.34797207918776,3957
"(0.7416325017951034, 1.0)",1,99.34795052847144,3958
"(0.944563492063492, 1.0)",1,99.34789648094228,3959
"(0.8222222222222222, 1.0)",1,99.3474549997087,3960
"(0.9833229101521784, 1.0)",1,99.34744433081596,3961
"(0.8222222222222222, 1.0)",1,99.34736797376232,3962
"(0.8832603710652491, 1.0)",1,99.34735555179526,3963
"(0.9326599326599326, 1.0)",1,99.34723939595494,3964
"(0.8976982097186702, 0.9833229101521784)",1,99.34703997747708,3965
"(0.9833229101521784, 1.0)",1,99.34692678595115,3966
"(0.9750943974852894, 0.9958292603453894)",2,99.34678383060576,3968
"(0.8165520116739629, 1.0)",1,99.34644197777256,3969
"(0.7340930674264007, 1.0)",4,99.346418448147,3973
"(0.8796475392220073, 1.0)",1,99.34637087586054,3974
"(0.7632275132275131, 1.0)",1,99.34633895770766,3975
"(0.7979797979797979, 1.0)",1,99.3461340544487,3976
"(0.9158007932517735, 1.0)",4,99.34590806236056,3980
"(0.8796475392220073, 1.0)",1,99.3458662442084,3981
"(0.8222222222222222, 1.0)",1,99.3457450318839,3982
"(0.7030539311241066, 1.0)",1,99.34571232586524,3983
"(0.9876066164491212, 0.9958292603453894)",1,99.345435969688,3984
"(0.9833229101521784, 1.0)",2,99.34537432035565,3986
"(0.7870865517924341, 1.0)",1,99.34532208563772,3987
"(0.7204751921733054, 1.0)",1,99.34524141354945,3988
"(0.987491854024112, 0.9958292603453894)",2,99.34524051221716,3990
"(0.7121693121693121, 1.0)",1,99.34489716055826,3991
"(0.8497658497658497, 1.0)",1,99.3448927605648,3992
"(0.9501563219469168, 0.9958292603453894)",1,99.34481439041916,3993
"(0.8976982097186702, 1.0)",1,99.34475528543427,3994
"(0.9665831244778612, 1.0)",1,99.34452309171068,3995
"(0.8814814814814814, 1.0)",1,99.34422262087026,3996
"(0.9833229101521784, 1.0)",2,99.34378624933144,3998
"(0.987463247273494, 0.9958292603453894)",2,99.34368641302854,4000
"(0.7164894725870335, 1.0)",2,99.3431991257627,4002
"(0.6238244514106583, 1.0)",1,99.34315597805926,4003
"(0.8796475392220073, 1.0)",2,99.34301496151112,4005
"(0.8633762288330498, 1.0)",1,99.342498291737,4006
"(0.8796475392220073, 1.0)",1,99.34242089322343,4007
"(0.8651903651903651, 1.0)",1,99.34226778942228,4008
"(0.8796475392220073, 1.0)",2,99.34210737873086,4010
"(0.8814814814814814, 1.0)",1,99.3420908648078,4011
"(0.8976982097186702, 1.0)",1,99.34192682914856,4012
"(0.9916585206907788, 0.9958292603453894)",1,99.3416195933605,4013
"(0.8651903651903651, 1.0)",1,99.34141221751683,4014
"(0.8796475392220073, 1.0)",3,99.34134822177828,4017
"(0.9833229101521784, 1.0)",1,99.34134439556696,4018
"(0.9333333333333332, 1.0)",1,99.34096598974648,4019
"(0.9832184229069656, 0.9958292603453894)",2,99.34078392482375,4021
"(1.0, 1.0)",4,99.34065934065934,4025
"(0.9833229101521784, 1.0)",1,99.34064904027332,4026
"(0.9665831244778612, 1.0)",1,99.33996186474812,4027
"(0.7075023741690408, 1.0)",1,99.33973552883567,4028
"(0.9873891625615764, 0.9958292603453894)",2,99.3396323689005,4030
"(1.0, 1.0)",4,99.33914053426248,4034
"(0.9916585206907788, 0.9958292603453894)",2,99.33913784597888,4036
"(0.837707400507675, 1.0)",1,99.3388680835617,4037
"(1.0, 1.0)",1,99.33886450102884,4038
"(0.8635976129582268, 1.0)",1,99.33884608266888,4039
"(0.9834440227703986, 0.9958292603453894)",1,99.33883345689958,4040
"(0.8635976129582268, 1.0)",1,99.3387771043297,4041
"(0.9499687304565352, 1.0)",1,99.338583256189,4042
"(1.0, 1.0)",1,99.33839723996296,4043
"(0.9833229101521784, 1.0)",1,99.33837336374776,4044
"(0.9506533178503804, 1.0)",1,99.3383350954417,4045
"(1.0, 1.0)",2,99.33783986859612,4047
"(0.9833229101521784, 1.0)",1,99.33775453287647,4048
"(0.8341307814992026, 1.0)",1,99.3368699111273,4049
"(0.917415489944373, 1.0)",1,99.33679773692442,4050
"(0.9747273037595618, 0.9958292603453894)",1,99.33652073572652,4051
"(0.8976982097186702, 1.0)",1,99.3365118437078,4052
"(0.8065067548938516, 1.0)",1,99.3365074915698,4053
"(0.8452611218568665, 1.0)",1,99.33641010504692,4054
"(0.7204751921733054, 1.0)",1,99.3362104300047,4055
"(0.9497171590194848, 1.0)",1,99.33596278969443,4056
"(0.7961989230281913, 1.0)",1,99.335837122829,4057
"(1.0, 1.0)",1,99.33577533577534,4058
"(0.8222222222222222, 1.0)",1,99.33549602110324,4059
"(0.7961989230281913, 1.0)",2,99.33522802407776,4061
"(0.7944219523166891, 1.0)",1,99.33522539396192,4062
"(0.7222222222222221, 0.9833229101521784)",1,99.33503632387912,4063
"(0.9832401090007582, 0.9958292603453894)",1,99.33499753142225,4064
"(0.9916585206907788, 0.9958292603453894)",1,99.33489841488884,4065
"(0.978932178932179, 0.9958292603453894)",2,99.33424021382122,4067
"(0.6831352928913905, 1.0)",1,99.33420598660686,4068
"(0.9833211143695014, 0.9958292603453894)",1,99.3341015630482,4069
"(0.882673371045464, 1.0)",1,99.33407618544244,4070
"(0.9333333333333332, 0.9833229101521784)",1,99.33396713710778,4071
"(0.8840048840048841, 0.9833229101521784)",1,99.33395558941136,4072
"(0.9333333333333332, 0.9833229101521784)",1,99.33381409447162,4073
"(1.0, 1.0)",1,99.33374211622312,4074
"(0.7164894725870335, 1.0)",1,99.33372105068064,4075
"(0.987463247273494, 0.9958292603453894)",2,99.33370559485834,4077
"(0.9916585206907788, 0.9958292603453894)",1,99.33366278366309,4078
"(0.9916585206907788, 0.9958292603453894)",1,99.3335422966166,4079
"(0.9916585206907788, 0.9958292603453894)",1,99.3334865456877,4080
"(0.9161952650324744, 1.0)",1,99.33339580663836,4081
"(1.0, 0.9833229101521784)",1,99.33333394013312,4082
"(0.6831352928913905, 1.0)",1,99.33326199855956,4083
"(0.7164894725870335, 1.0)",1,99.33318707096116,4084
"(0.8840048840048841, 1.0)",1,99.33317179658644,4085
"(0.7030539311241066, 1.0)",1,99.33292045541997,4086
"(1.0, 0.9833229101521784)",1,99.33286413344186,4087
"(0.9331662489557224, 1.0)",1,99.33270310644257,4088
"(0.7734344933751168, 1.0)",1,99.33261580204145,4089
"(0.9916585206907788, 0.9958292603453894)",2,99.33217968649588,4091
"(0.7164894725870335, 1.0)",1,99.33213863163044,4092
"(0.882673371045464, 1.0)",2,99.3320036154902,4094
"(0.9333333333333332, 1.0)",2,99.3320029563932,4096
"(0.9161952650324744, 1.0)",1,99.33195828060296,4097
"(0.9835547122074636, 0.9958292603453894)",1,99.33186264926294,4098
"(0.757745166550198, 1.0)",2,99.33147650607376,4100
"(0.9833040078201368, 0.9958292603453894)",1,99.33144522941024,4101
"(0.7656073923822403, 1.0)",2,99.33134475016068,4103
"(0.9833211143695014, 0.9958292603453894)",1,99.3312821527098,4104
"(0.7416325017951034, 1.0)",1,99.3312734386236,4105
"(0.6825396825396824, 1.0)",1,99.33114679569584,4106
"(0.9326599326599326, 0.9833229101521784)",1,99.33101406272142,4107
"(0.9916585206907788, 0.9958292603453894)",1,99.3309973872134,4108
"(0.776488287126585, 1.0)",1,99.33099731559074,4109
"(0.9833229101521784, 1.0)",1,99.33093190900377,4110
"(0.901575014782562, 1.0)",1,99.3307623201587,4111
"(0.614498219149382, 1.0)",1,99.33074628905598,4112
"(0.8651903651903651, 1.0)",1,99.3306918006918,4113
"(0.901575014782562, 1.0)",1,99.33049132900324,4114
"(0.8976982097186702, 0.9833229101521784)",1,99.33036288762924,4115
"(0.9832965806068272, 1.0)",1,99.3303316706332,4116
"(0.8329156223893065, 1.0)",4,99.33022949642346,4120
"(0.94993894993895, 1.0)",1,99.33005844836006,4121
"(0.9516794286955578, 0.9958292603453894)",2,99.32959726745165,4123
"(0.8420013166556946, 1.0)",2,99.32927410950808,4125
"(0.987463247273494, 0.9958292603453894)",1,99.32910632674177,4126
"(0.8796475392220073, 1.0)",2,99.3288429122255,4128
"(0.7734344933751168, 1.0)",1,99.32856153630703,4129
"(0.8976982097186702, 1.0)",2,99.32819134171989,4131
"(0.8796475392220073, 1.0)",1,99.3281166823504,4132
"(0.816195709052852, 1.0)",1,99.32806290134926,4133
"(0.9326599326599326, 1.0)",1,99.32770997867068,4134
"(0.9832184229069656, 1.0)",2,99.32763010317122,4136
"(0.9916585206907788, 0.9958292603453894)",1,99.32761965935606,4137
"(0.933249791144528, 1.0)",2,99.3275508364591,4139
"(0.8137566137566138, 1.0)",1,99.3275203174624,4140
"(0.8976982097186702, 1.0)",1,99.32740822955763,4141
"(0.7164894725870335, 1.0)",1,99.32726556727594,4142
"(0.9916585206907788, 0.9958292603453894)",2,99.32703555805128,4144
"(0.7996376811594202, 1.0)",1,99.3267046136348,4145
"(0.8976982097186702, 1.0)",1,99.32663739762494,4146
"(0.930593793370792, 1.0)",1,99.32626854969476,4147
"(0.9792521035784794, 0.9958292603453894)",1,99.3260937936145,4148
"(1.0, 1.0)",1,99.32580473915309,4149
"(1.0, 1.0)",1,99.32568291892892,4150
"(0.861111111111111, 1.0)",1,99.32555780933065,4151
"(0.9833229101521784, 1.0)",1,99.32550290060196,4152
"(0.9916585206907788, 0.9958292603453894)",1,99.3253993106116,4153
"(0.7030539311241066, 1.0)",1,99.32531613158034,4154
"(0.9331662489557224, 1.0)",2,99.3250258277448,4156
"(0.7802197802197803, 1.0)",1,99.32501485656346,4157
"(0.9153439153439152, 1.0)",1,99.32484640420073,4158
"(0.9833229101521784, 1.0)",1,99.32479625162551,4159
"(0.9497171590194848, 0.9833229101521784)",1,99.32475995993624,4160
"(0.916104916104916, 1.0)",1,99.32472114338564,4161
"(1.0, 1.0)",1,99.32467532467533,4162
"(0.9497171590194846, 1.0)",1,99.32459316170542,4163
"(0.8374727668845315, 1.0)",1,99.32453173931532,4164
"(0.8796475392220073, 1.0)",1,99.32442044475168,4165
"(0.808446455505279, 1.0)",1,99.32432262098791,4166
"(0.8796475392220073, 1.0)",1,99.3242688929555,4167
"(0.9161952650324744, 1.0)",1,99.32396449924876,4168
"(0.9506533178503804, 1.0)",1,99.32376460144307,4169
"(0.7916666666666666, 1.0)",1,99.3236511173668,4170
"(0.8615866942983156, 1.0)",1,99.32348374686345,4171
"(0.8635976129582268, 1.0)",2,99.32345562101456,4173
"(0.9610567210567212, 0.9958292603453894)",1,99.32295901461146,4174
"(0.978932178932179, 0.9958292603453894)",1,99.3229331859708,4175
"(0.9750072792119512, 1.0)",1,99.32272928537428,4176
"(1.0, 1.0)",1,99.32246473921978,4177
"(0.8814814814814814, 1.0)",1,99.32236194092307,4178
"(0.9166145507608922, 1.0)",1,99.32229667351618,4179
"(0.9326599326599326, 1.0)",4,99.3222499585172,4183
"(0.882673371045464, 1.0)",1,99.32209609636628,4184
"(0.9665831244778612, 1.0)",1,99.32180482475732,4185
"(0.8374727668845315, 1.0)",1,99.3216717984824,4186
"(0.9835547122074636, 0.9958292603453894)",1,99.3216036551472,4187
"(0.9749706744868036, 0.9958292603453894)",1,99.32154392255428,4188
"(0.7460317460317459, 1.0)",1,99.3211422952295,4189
"(0.882673371045464, 1.0)",1,99.32106095711792,4190
"(0.861111111111111, 1.0)",1,99.32076639429437,4191
"(0.8796475392220073, 1.0)",4,99.3207640647306,4195
"(0.987491854024112, 0.9958292603453894)",1,99.32050526754382,4196
"(0.9499687304565352, 1.0)",1,99.32033440661782,4197
"(0.9833229101521784, 1.0)",1,99.32020767218371,4198
"(0.9791348015256934, 0.9958292603453894)",2,99.31993838857716,4200
"(0.9835199925522506, 0.9958292603453894)",1,99.31988262949352,4201
"(0.9161952650324744, 1.0)",1,99.3198592266951,4202
"(0.8796475392220073, 1.0)",1,99.31980028744876,4203
"(0.9497171590194848, 1.0)",1,99.3195446919849,4204
"(0.9501563219469168, 0.9958292603453894)",1,99.31949584577237,4205
"(1.0, 1.0)",1,99.31946214295382,4206
"(0.917469251615593, 1.0)",1,99.31943658770956,4207
"(1.0, 1.0)",1,99.3190416140434,4208
"(0.9832965806068272, 0.9958292603453894)",1,99.31903293630567,4209
"(0.8222222222222222, 1.0)",4,99.31898729928402,4213
"(0.8420013166556946, 1.0)",2,99.31872343941176,4215
"(0.7503607503607503, 1.0)",2,99.31869128029456,4217
"(0.837707400507675, 1.0)",2,99.31851936808928,4219
"(0.9666562434855118, 1.0)",1,99.31830083813396,4220
"(0.8420013166556946, 1.0)",1,99.31797399707932,4221
"(0.9665831244778612, 0.9833229101521784)",1,99.31733806059871,4222
"(0.6831352928913905, 1.0)",1,99.31731868758824,4223
"(0.9331662489557224, 1.0)",1,99.3172502686688,4224
"(0.978932178932179, 0.9958292603453894)",1,99.31723361086894,4225
"(1.0, 0.9833229101521784)",1,99.31709691234282,4226
"(1.0, 0.9833229101521784)",2,99.31709531189918,4228
"(0.8420013166556946, 1.0)",2,99.31698663094002,4230
"(1.0, 0.9833229101521784)",4,99.31698198919278,4234
"(0.8796475392220073, 1.0)",1,99.31692144543337,4235
"(0.7979797979797979, 1.0)",1,99.31691095952972,4236
"(0.8137566137566138, 1.0)",2,99.31685827073122,4238
"(0.8016677935542034, 1.0)",1,99.31676877206982,4239
"(0.8165520116739629, 1.0)",1,99.31658515143305,4240
"(0.9630015205821658, 0.9958292603453894)",1,99.31637563456196,4241
"(0.8976982097186702, 1.0)",1,99.31637187464165,4242
"(0.9499687304565352, 1.0)",1,99.31613477094868,4243
"(0.8976982097186702, 1.0)",1,99.31555661084622,4244
"(0.933249791144528, 1.0)",2,99.31487119740495,4246
"(0.9665831244778612, 1.0)",1,99.31478920837073,4247
"(0.9153439153439156, 0.9833229101521784)",1,99.31461335222572,4248
"(0.9874877810361682, 0.9958292603453894)",1,99.31458763823647,4249
"(0.861111111111111, 1.0)",1,99.31454140659515,4250
"(0.6884388493583896, 1.0)",1,99.31452309948357,4251
"(0.7416325017951034, 1.0)",2,99.31387507124374,4253
"(0.9333333333333332, 1.0)",1,99.3138024725495,4254
"(0.987491854024112, 0.9958292603453894)",1,99.31361434483031,4255
"(0.930593793370792, 0.9958292603453894)",1,99.31345906889008,4256
"(0.9166145507608922, 1.0)",1,99.3130731770013,4257
"(1.0, 1.0)",1,99.3130517029584,4258
"(0.844988344988345, 1.0)",1,99.31299905708065,4259
"(0.8222222222222222, 1.0)",1,99.3129967691659,4260
"(0.9916585206907788, 0.9958292603453894)",1,99.31293904356842,4261
"(0.983545503234046, 0.9958292603453894)",1,99.31275185334655,4262
"(0.9506533178503804, 1.0)",1,99.3125935095294,4263
"(0.7164894725870335, 1.0)",2,99.31257020479936,4265
"(0.9161952650324744, 1.0)",1,99.31208200115864,4266
"(0.8814814814814814, 1.0)",1,99.31203308798167,4267
"(0.9832965806068272, 0.9958292603453894)",2,99.31182242232066,4269
"(0.6825396825396824, 1.0)",1,99.31177930260732,4270
"(0.9916585206907788, 0.9958292603453894)",2,99.31161988443772,4272
"(0.8420013166556946, 1.0)",1,99.3114698184747,4273
"(1.0, 0.9958292603453894)",2,99.31107226889807,4275
"(0.9326599326599326, 1.0)",1,99.31103288882284,4276
"(0.861111111111111, 1.0)",1,99.31100410801496,4277
"(1.0, 1.0)",1,99.31076470611356,4278
"(0.7802197802197803, 1.0)",1,99.3107028521558,4279
"(0.9497171590194846, 1.0)",1,99.31047960328196,4280
"(0.8814814814814814, 1.0)",1,99.31015319103705,4281
"(0.757745166550198, 1.0)",1,99.310153165125,4282
"(0.8796475392220073, 1.0)",1,99.31010494179633,4283
"(0.8222222222222222, 1.0)",1,99.31009320362224,4284
"(0.987463247273494, 0.9958292603453894)",2,99.30996216202584,4286
"(0.9326599326599326, 1.0)",4,99.30994735070476,4290
"(0.9833040078201368, 0.9958292603453894)",1,99.30991831528844,4291
"(0.9747273037595618, 0.9958292603453894)",1,99.30990960919968,4292
"(0.8697983697983697, 1.0)",1,99.3096302915996,4293
"(0.8016677935542034, 1.0)",1,99.30937986294562,4294
"(0.9326599326599326, 1.0)",2,99.30937833858246,4296
"(0.8653198653198653, 1.0)",1,99.30890211243448,4297
"(0.987463247273494, 0.9958292603453894)",1,99.30885035655288,4298
"(0.9166145507608924, 0.9833229101521784)",1,99.3088255650734,4299
"(0.7090909090909091, 0.9833229101521784)",1,99.30871536109026,4300
"(0.8222222222222222, 1.0)",1,99.30853784790104,4301
"(0.7994987468671678, 1.0)",1,99.30848098858662,4302
"(0.8229870141950848, 0.986081059422206)",1,99.30844455938484,4303
"(0.9833040078201368, 0.9958292603453894)",1,99.30806460206702,4304
"(0.9832965806068272, 0.9958292603453894)",1,99.3079964018446,4305
"(0.8222222222222222, 1.0)",1,99.30715863822688,4306
"(0.9833211143695014, 0.9958292603453894)",2,99.30701543865553,4308
"(0.9665831244778612, 1.0)",1,99.30674860488725,4309
"(0.7069597069597069, 1.0)",1,99.30670939387242,4310
"(0.808446455505279, 1.0)",2,99.30599953269191,4312
"(0.9027777777777778, 1.0)",1,99.3059108401566,4313
"(0.9832965806068272, 0.9958292603453894)",1,99.305900730115,4314
"(0.5555555555555555, 1.0)",1,99.30539920783822,4315
"(0.8420013166556946, 1.0)",1,99.30516638066686,4316
"(0.8222222222222222, 1.0)",2,99.30485626198076,4318
"(0.8697983697983697, 1.0)",1,99.30465593269857,4319
"(0.8796475392220073, 1.0)",1,99.30454623257462,4320
"(0.9747273037595618, 0.9958292603453894)",1,99.30454342505976,4321
"(0.9833229101521784, 1.0)",1,99.3045255091537,4322
"(0.8420013166556946, 1.0)",1,99.30434543472322,4323
"(0.7416325017951034, 1.0)",1,99.3041483262672,4324
"(0.9166145507608924, 1.0)",1,99.30386182547142,4325
"(0.7802197802197803, 1.0)",1,99.3035501163443,4326
"(0.9833229101521784, 1.0)",1,99.30340329249384,4327
"(0.9916585206907788, 0.9958292603453894)",2,99.30325149073268,4329
"(0.8976982097186702, 1.0)",4,99.30285611256144,4333
"(0.9497171590194848, 1.0)",1,99.30274097056623,4334
"(1.0, 1.0)",1,99.3027223572795,4335
"(0.7916666666666666, 1.0)",2,99.30264227642276,4337
"(0.8374727668845315, 1.0)",1,99.3025188989652,4338
"(0.8653198653198653, 1.0)",1,99.30251458236054,4339
"(0.617513611615245, 1.0)",1,99.30248789831636,4340
"(0.9873891625615764, 0.9958292603453894)",2,99.3022738577009,4342
"(0.8796475392220073, 1.0)",2,99.3021057251664,4344
"(0.9832965806068272, 1.0)",1,99.30132058811095,4345
"(0.8420013166556946, 1.0)",1,99.30122268056256,4346
"(0.9497171590194848, 1.0)",1,99.3012205372944,4347
"(0.9009534009534008, 1.0)",2,99.30099551156113,4349
"(0.898989898989899, 1.0)",1,99.30079988360572,4350
"(0.771779679613781, 1.0)",1,99.3003635078483,4351
"(0.9326599326599326, 1.0)",1,99.30033060231632,4352
"(0.8997493734335841, 1.0)",1,99.30027313473596,4353
"(0.9833229101521784, 1.0)",1,99.3000033013467,4354
"(0.9665831244778612, 1.0)",1,99.29986434190542,4355
"(0.9326599326599326, 1.0)",2,99.29975296548372,4357
"(0.9666562434855118, 1.0)",1,99.29969525267376,4358
"(0.9873891625615764, 1.0)",1,99.29957987505009,4359
"(0.9916585206907788, 0.9958292603453894)",1,99.29926532519048,4360
"(0.7030539311241066, 1.0)",2,99.29906428154992,4362
"(0.9833229101521784, 1.0)",1,99.29902113059352,4363
"(0.8796475392220073, 1.0)",1,99.29898936485397,4364
"(0.9916585206907788, 0.9958292603453894)",1,99.29880730482854,4365
"(0.9699183291713004, 0.9958292603453894)",1,99.29873648249396,4366
"(0.9499687304565352, 0.9833229101521784)",1,99.2987236549347,4367
"(0.7735205142749102, 1.0)",1,99.29806244193183,4368
"(0.7075023741690408, 1.0)",1,99.29803485822625,4369
"(0.6825396825396824, 1.0)",1,99.29802142895852,4370
"(0.808446455505279, 1.0)",1,99.29794778469814,4371
"(0.9161952650324744, 1.0)",1,99.29782396391352,4372
"(0.9665831244778612, 1.0)",1,99.29773772147716,4373
"(0.861111111111111, 1.0)",1,99.29736153247777,4374
"(1.0, 1.0)",1,99.29717120159988,4375
"(0.9169719169719168, 1.0)",2,99.29712993736936,4377
"(0.9874877810361682, 0.9958292603453894)",2,99.29697490354089,4379
"(0.8615866942983156, 1.0)",1,99.29683475284097,4380
"(1.0, 1.0)",1,99.29657193384584,4381
"(0.9666666666666668, 1.0)",1,99.2965127632013,4382
"(0.7430253184970165, 1.0)",1,99.29639019212875,4383
"(0.8796475392220073, 1.0)",4,99.29631420588868,4387
"(0.8976982097186702, 1.0)",1,99.29629408918748,4388
"(0.8635976129582268, 1.0)",1,99.2960344381377,4389
"(0.8653198653198653, 1.0)",1,99.29561223835016,4390
"(0.971023600055858, 0.9958292603453894)",1,99.29560832698724,4391
"(0.9873891625615764, 0.9958292603453894)",1,99.2955725736043,4392
"(0.8635976129582268, 1.0)",1,99.29551695116768,4393
"(0.9916585206907788, 0.9958292603453894)",1,99.2953254160464,4394
"(0.8490736316823273, 1.0)",1,99.29508689760382,4395
"(0.9871616776282092, 0.9958292603453894)",1,99.29458273297048,4396
"(0.9833229101521784, 1.0)",1,99.29413348515796,4397
"(0.9873891625615764, 0.9958292603453894)",2,99.29378076041944,4399
"(0.9167853751187084, 1.0)",1,99.29336117127536,4400
"(0.8635976129582268, 1.0)",1,99.29324675944764,4401
"(0.7121693121693121, 1.0)",1,99.29317053442152,4402
"(0.9497171590194846, 1.0)",1,99.29314430465328,4403
"(0.8222222222222222, 1.0)",1,99.29284203173803,4404
"(0.8976982097186702, 1.0)",1,99.2925031860384,4405
"(0.9916339869281046, 0.9958292603453894)",1,99.29214570081427,4406
"(0.7643097643097643, 1.0)",1,99.2919614498562,4407
"(0.9833211143695014, 0.9958292603453894)",2,99.29195447166995,4409
"(0.7204751921733054, 1.0)",1,99.29178396707644,4410
"(0.97899550533801, 0.9958292603453894)",2,99.2915002188152,4412
"(0.9958292603453894, 0.9958292603453894)",1,99.29148370609904,4413
"(0.9153439153439152, 1.0)",1,99.29146670329406,4414
"(0.9497171590194848, 1.0)",1,99.29108761407964,4415
"(0.6664472240509107, 1.0)",1,99.29105274101836,4416
"(0.9751539794803552, 0.9958292603453894)",1,99.29089523354418,4417
"(0.7421018697614443, 1.0)",1,99.29072497564388,4418
"(1.0, 1.0)",2,99.2904941561687,4420
"(0.9750854369118126, 1.0)",1,99.28985817031248,4421
"(0.861111111111111, 1.0)",1,99.28972051114528,4422
"(0.8697983697983697, 1.0)",2,99.28962117260473,4424
"(0.9583178702993204, 0.9916625936787228)",1,99.2893334483471,4425
"(0.808446455505279, 1.0)",1,99.28932244284408,4426
"(0.9707136080238548, 0.9958292603453894)",2,99.28912476278596,4428
"(0.9832965806068272, 0.9958292603453894)",2,99.28886085840723,4430
"(0.7944219523166891, 1.0)",1,99.28870989230424,4431
"(0.930704099821747, 1.0)",4,99.28868283830684,4435
"(0.7222222222222221, 0.9833229101521784)",2,99.28855519035244,4437
"(0.9829909379735984, 0.9958292603453894)",2,99.28843622160848,4439
"(0.6733821733821733, 1.0)",1,99.28816951602576,4440
"(0.8697983697983697, 1.0)",1,99.28797884285072,4441
"(0.8976982097186702, 1.0)",1,99.28796618683968,4442
"(0.7222222222222221, 1.0)",1,99.28769545757636,4443
"(0.9326599326599326, 1.0)",1,99.28769370219948,4444
"(0.9326599326599326, 1.0)",1,99.2870858558174,4445
"(0.7090909090909091, 1.0)",1,99.28707863951767,4446
"(0.9161952650324744, 1.0)",2,99.28686813450416,4448
"(0.9916585206907788, 0.9958292603453894)",1,99.28662399585282,4449
"(0.7198480531813864, 1.0)",1,99.2865385141808,4450
"(0.8615866942983156, 1.0)",1,99.2864091933214,4451
"(1.0, 1.0)",1,99.28622397745204,4452
"(0.9958292603453894, 0.9958292603453894)",1,99.28619752549275,4453
"(0.9748850895736324, 1.0)",1,99.28603669640572,4454
"(0.9833229101521784, 1.0)",2,99.2856844640157,4456
"(0.8420013166556946, 1.0)",4,99.28562878822989,4460
"(0.9916339869281046, 0.9958292603453894)",2,99.28531957634604,4462
"(0.7471116816431321, 1.0)",1,99.28527817216346,4463
"(0.8420013166556946, 1.0)",1,99.28506954021172,4464
"(0.901575014782562, 1.0)",1,99.28490287804016,4465
"(1.0, 1.0)",1,99.28483054729412,4466
"(0.9916585206907788, 0.9958292603453894)",1,99.28479265426132,4467
"(0.987463247273494, 0.9958292603453894)",1,99.2844480790745,4468
"(0.8329156223893065, 1.0)",1,99.28443445404427,4469
"(0.7979797979797979, 1.0)",1,99.28439520643325,4470
"(0.974731376747506, 0.9958292603453894)",1,99.28427009038042,4471
"(0.861111111111111, 1.0)",1,99.284219079653,4472
"(0.9791348015256934, 0.9958292603453894)",1,99.2839005864274,4473
"(0.9331662489557224, 1.0)",2,99.28389608897317,4475
"(1.0, 1.0)",1,99.2837573352182,4476
"(0.9609386607489072, 0.9958292603453894)",1,99.28363039774771,4477
"(0.7498436522826767, 1.0)",1,99.28359171850828,4478
"(0.7077308656256025, 1.0)",1,99.28319910726324,4479
"(0.9, 1.0)",2,99.28301399644374,4481
"(1.0, 1.0)",1,99.28288513654364,4482
"(0.9833229101521784, 1.0)",1,99.28269778083194,4483
"(0.9833229101521784, 1.0)",1,99.28268498011758,4484
"(0.8374727668845315, 1.0)",3,99.28258146068478,4487
"(0.8420013166556946, 1.0)",1,99.28242749958216,4488
"(0.9153439153439152, 0.9833229101521784)",1,99.28238879458397,4489
"(0.8976982097186702, 1.0)",1,99.28232708909532,4490
"(0.8976982097186702, 1.0)",1,99.2822255475864,4491
"(0.6733821733821733, 1.0)",1,99.28209351391726,4492
"(0.8666666666666667, 1.0)",1,99.28178974071145,4493
"(0.9658159033159032, 0.9958292603453894)",1,99.28136214940707,4494
"(0.8420013166556946, 1.0)",1,99.2812175309833,4495
"(0.9161952650324744, 1.0)",2,99.28121035802324,4497
"(0.971023600055858, 0.9958292603453894)",2,99.28099285590122,4499
"(0.9506533178503804, 1.0)",1,99.28078920778712,4500
"(0.8814814814814814, 0.9833229101521784)",2,99.280432689547,4502
"(0.9833229101521784, 1.0)",1,99.28041331912624,4503
"(0.9664171122994653, 0.9958292603453894)",1,99.28037630901964,4504
"(0.9871616776282092, 0.9958292603453894)",1,99.28021492804658,4505
"(0.9333333333333332, 1.0)",2,99.28014416199775,4507
"(0.8976982097186702, 0.9833229101521784)",1,99.28001813895332,4508
"(0.9326599326599326, 1.0)",1,99.27983293510702,4509
"(0.9665831244778612, 1.0)",1,99.27975483776464,4510
"(0.9833040078201368, 0.9958292603453894)",1,99.27974614108447,4511
"(0.9166145507608922, 1.0)",1,99.27971899730566,4512
"(0.7362637362637362, 1.0)",1,99.27963331590055,4513
"(0.7204751921733054, 1.0)",1,99.2794529352974,4514
"(0.757745166550198, 1.0)",2,99.2794096642168,4516
"(0.757745166550198, 1.0)",1,99.27914725880788,4517
"(0.8222222222222222, 1.0)",1,99.27897958546949,4518
"(1.0, 1.0)",2,99.27828688530442,4520
"(0.8796475392220073, 1.0)",1,99.27802271698044,4521
"(0.8976982097186702, 1.0)",1,99.27790850073936,4522
"(0.8697983697983697, 1.0)",1,99.27750803115754,4523
"(0.9793747635794354, 0.9958292603453894)",1,99.27745288104111,4524
"(0.9916585206907788, 0.9958292603453894)",2,99.27719399854858,4526
"(0.8651903651903651, 1.0)",1,99.27718498489808,4527
"(1.0, 0.9916585206907788)",1,99.27701230652472,4528
"(0.861111111111111, 1.0)",1,99.27699706394093,4529
"(0.933249791144528, 1.0)",1,99.27695915643092,4530
"(0.8053381731676306, 1.0)",4,99.27692593611845,4534
"(0.7164894725870335, 1.0)",1,99.27655736540495,4535
"(0.9499687304565352, 1.0)",1,99.27643260058916,4536
"(0.8796475392220073, 1.0)",1,99.27603472262264,4537
"(0.9833040078201368, 0.9958292603453894)",1,99.27589567514384,4538
"(0.9916585206907788, 0.9958292603453894)",1,99.27562391410248,4539
"(0.9167853751187084, 1.0)",1,99.27561389666326,4540
"(0.8420013166556946, 1.0)",1,99.27541325294852,4541
"(0.6830409356725146, 1.0)",1,99.27536243531108,4542
"(0.9834358767945106, 0.9958292603453894)",2,99.27532943898557,4544
"(0.9669795885118464, 0.9958292603453894)",2,99.2746625019682,4546
"(0.7183489076634237, 1.0)",1,99.27420971005392,4547
"(0.9916625936787228, 0.9958292603453894)",1,99.27418629969712,4548
"(0.9958292603453894, 0.9958292603453894)",1,99.27393042611764,4549
"(0.8420013166556946, 1.0)",1,99.27388867999366,4550
"(0.9497171590194846, 1.0)",1,99.2738366312741,4551
"(0.9666562434855118, 1.0)",1,99.27383060528118,4552
"(0.9835547122074636, 0.9958292603453894)",2,99.27371837678464,4554
"(0.7077308656256025, 1.0)",1,99.2733460715444,4555
"(0.9497171590194846, 1.0)",1,99.27333063676748,4556
"(0.8796475392220073, 1.0)",1,99.27309797768756,4557
"(1.0, 1.0)",1,99.2730432291363,4558
"(0.8697983697983697, 1.0)",1,99.27294408275692,4559
"(0.9833211143695014, 0.9958292603453894)",1,99.27281337223904,4560
"(0.808446455505279, 1.0)",1,99.27264535299626,4561
"(0.8832603710652491, 1.0)",2,99.27259797178873,4563
"(0.9916585206907788, 0.9958292603453894)",1,99.27254584949893,4564
"(0.9161952650324744, 1.0)",1,99.27251841584216,4565
"(0.9748850895736324, 0.991777356103732)",1,99.27244323744624,4566
"(0.9746535316523212, 0.9958292603453894)",2,99.2723807332568,4568
"(0.8420013166556946, 1.0)",1,99.27228113674803,4569
"(0.9833229101521784, 1.0)",1,99.2722010472169,4570
"(0.9699183291713004, 0.9958292603453894)",1,99.27218451059886,4571
"(0.861111111111111, 1.0)",1,99.27188821020655,4572
"(0.9833211143695014, 0.9958292603453894)",2,99.27182841093835,4574
"(0.8374727668845315, 1.0)",1,99.27168164320553,4575
"(0.8615866942983156, 1.0)",1,99.27152377037012,4576
"(0.8666666666666667, 1.0)",1,99.27127120047084,4577
"(0.9833229101521784, 1.0)",1,99.27125120316492,4578
"(0.6698155645524068, 1.0)",1,99.271180827971,4579
"(0.6238244514106583, 1.0)",1,99.2710589647608,4580
"(0.808446455505279, 1.0)",1,99.27099589109709,4581
"(0.8068904981347378, 1.0)",1,99.2708366563884,4582
"(0.97899550533801, 0.9958292603453894)",1,99.27064075623548,4583
"(0.9161952650324744, 0.9833229101521784)",1,99.27053708595972,4584
"(0.9747273037595618, 0.9958292603453894)",2,99.27045652097108,4586
"(0.9166145507608924, 1.0)",2,99.27043985824474,4588
"(0.9835547122074636, 0.9958292603453894)",2,99.27038282775956,4590
"(0.8294970161977834, 1.0)",1,99.27007376987105,4591
"(0.861111111111111, 1.0)",1,99.26970075282014,4592
"(1.0, 1.0)",4,99.26962611614648,4596
"(0.8796475392220073, 1.0)",1,99.26961188837754,4597
"(0.8814814814814814, 1.0)",1,99.26957173478354,4598
"(0.9497171590194848, 1.0)",1,99.26945072661496,4599
"(0.901575014782562, 1.0)",4,99.26929133393828,4603
"(0.9832965806068272, 0.9958292603453894)",1,99.26905666861066,4604
"(0.9665831244778612, 1.0)",2,99.26898534355276,4606
"(0.7416325017951034, 1.0)",1,99.26893008606297,4607
"(0.6698155645524068, 1.0)",2,99.26889185079172,4609
"(0.917415489944373, 1.0)",1,99.26888947690794,4610
"(0.9916585206907788, 0.9958292603453894)",2,99.2687282028461,4612
"(0.9153439153439152, 1.0)",1,99.26871201414592,4613
"(0.9578375055710984, 0.9916625936787228)",1,99.26867252437444,4614
"(0.8845578466141503, 1.0)",1,99.26853996420972,4615
"(0.9751539794803552, 0.9958292603453894)",1,99.26837451416704,4616
"(0.987463247273494, 0.9958292603453894)",1,99.26835184608017,4617
"(0.8997493734335841, 1.0)",1,99.26819245067644,4618
"(0.9501563219469168, 0.9958292603453894)",1,99.26816560306672,4619
"(0.9833211143695014, 0.9958292603453894)",1,99.26802139192378,4620
"(1.0, 1.0)",1,99.2677653546627,4621
"(0.8796475392220073, 1.0)",2,99.2677195675493,4623
"(0.9333333333333332, 1.0)",1,99.26771247822684,4624
"(0.7090909090909091, 1.0)",1,99.26753785145068,4625
"(0.94993894993895, 1.0)",1,99.26752727047976,4626
"(0.917415489944373, 1.0)",1,99.2674798939838,4627
"(0.8420013166556946, 1.0)",1,99.26743958466174,4628
"(0.9833229101521784, 1.0)",1,99.267207151336,4629
"(0.8997493734335841, 1.0)",1,99.26704513482436,4630
"(0.9161952650324744, 1.0)",2,99.26666971928935,4632
"(1.0, 1.0)",1,99.26641662802852,4633
"(0.7077308656256025, 1.0)",2,99.26627044597838,4635
"(0.9, 1.0)",1,99.26621151494292,4636
"(0.8222222222222222, 1.0)",2,99.266088096451,4638
"(0.9833040078201368, 0.9958292603453894)",1,99.26587633770744,4639
"(0.7880931329207191, 1.0)",1,99.26583914657948,4640
"(0.8420013166556946, 1.0)",1,99.26556727402766,4641
"(0.9744745723240348, 0.9958292603453894)",1,99.26548578427972,4642
"(1.0, 0.9833229101521784)",1,99.26534569957784,4643
"(0.861111111111111, 1.0)",2,99.26518069889433,4645
"(0.882673371045464, 1.0)",1,99.26512491401886,4646
"(0.917415489944373, 1.0)",1,99.26476603653984,4647
"(0.9161952650324744, 1.0)",1,99.26476054478242,4648
"(0.9161952650324744, 1.0)",1,99.26471802549364,4649
"(0.930704099821747, 1.0)",2,99.26471700361914,4651
"(0.8137566137566138, 1.0)",2,99.26460991015486,4653
"(0.8420013166556946, 1.0)",1,99.26454044113548,4654
"(0.9003556829643787, 1.0)",2,99.26452211785806,4656
"(0.8222222222222222, 1.0)",1,99.26436392696812,4657
"(0.8697983697983697, 1.0)",1,99.2642593436588,4658
"(0.8053381731676306, 1.0)",1,99.2642451142818,4659
"(0.8976982097186702, 1.0)",1,99.26423055057708,4660
"(0.7511111111111111, 1.0)",1,99.26379567848116,4661
"(0.6831352928913905, 1.0)",1,99.26361760776784,4662
"(1.0, 0.9958292603453894)",2,99.26347081314567,4664
"(0.8796475392220073, 1.0)",1,99.26316943868594,4665
"(0.8165520116739629, 1.0)",1,99.2629747464602,4666
"(0.9666562434855118, 1.0)",1,99.262842295187,4667
"(0.861111111111111, 1.0)",1,99.26258888657264,4668
"(0.7802197802197803, 1.0)",1,99.2624972300764,4669
"(0.9749706744868036, 0.9958292603453894)",1,99.2624882186154,4670
"(0.9333333333333332, 1.0)",1,99.26212640681,4671
"(0.8796475392220073, 1.0)",1,99.26211354973232,4672
"(1.0, 0.9958292603453894)",1,99.26206227604705,4673
"(0.7916666666666666, 1.0)",2,99.2620304112281,4675
"(0.917469251615593, 1.0)",1,99.26197423227455,4676
"(0.9916585206907788, 0.9958292603453894)",1,99.26181150855535,4677
"(0.9916625936787228, 0.9958292603453894)",2,99.26175811688826,4679
"(0.7155555555555556, 1.0)",1,99.2614037751338,4680
"(1.0, 1.0)",2,99.26135534529028,4682
"(0.7802197802197803, 1.0)",1,99.26127852210786,4683
"(0.8976982097186702, 1.0)",1,99.26123141089154,4684
"(0.8635976129582268, 0.9833229101521784)",1,99.26119191741591,4685
"(0.8349489264123411, 1.0)",1,99.26118416065178,4686
"(0.6698155645524068, 1.0)",3,99.2611363875148,4689
"(0.9326599326599326, 1.0)",1,99.26108101564904,4690
"(0.9664171122994653, 0.9958292603453894)",1,99.26051216256958,4691
"(0.8976982097186702, 1.0)",1,99.26047008996224,4692
"(0.9506533178503804, 1.0)",1,99.26042616177642,4693
"(0.9874747474747476, 0.9958292603453894)",1,99.26029420188028,4694
"(0.9791332681655264, 0.9958292603453894)",1,99.26015872850634,4695
"(0.8633762288330498, 1.0)",1,99.26010912599438,4696
"(0.861111111111111, 1.0)",2,99.25998048101609,4698
"(0.9326599326599326, 1.0)",2,99.25989432705698,4700
"(0.9916585206907788, 0.9958292603453894)",1,99.25988201175906,4701
"(0.8222222222222222, 1.0)",2,99.25976751342606,4703
"(1.0, 1.0)",2,99.25916471474432,4705
"(0.933249791144528, 1.0)",2,99.25904869212178,4707
"(0.8329156223893065, 1.0)",1,99.25839086981576,4708
"(0.9665831244778612, 1.0)",1,99.25824047615544,4709
"(0.9916339869281046, 0.9958292603453894)",1,99.2578915313988,4710
"(0.8324561403508771, 1.0)",1,99.2577192743043,4711
"(0.8222222222222222, 1.0)",1,99.25769667733522,4712
"(0.9658159033159032, 0.9958292603453894)",2,99.25768436109648,4714
"(0.8615866942983156, 1.0)",1,99.25755677846932,4715
"(0.9916339869281046, 0.9958292603453894)",1,99.25726874009166,4716
"(0.7837735276259866, 1.0)",1,99.25689841690956,4717
"(0.8016677935542034, 1.0)",4,99.25684654275928,4721
"(1.0, 1.0)",1,99.2567313346773,4722
"(0.861111111111111, 1.0)",1,99.25664827543352,4723
"(0.9665831244778612, 1.0)",2,99.25658557581474,4725
"(0.9499687304565352, 1.0)",2,99.25648321186677,4727
"(0.6080315348608032, 1.0)",1,99.25642072946307,4728
"(0.7362637362637362, 1.0)",3,99.25639823407496,4731
"(0.7503607503607503, 1.0)",1,99.25635708369984,4732
"(0.8796475392220073, 1.0)",1,99.25585464463325,4733
"(0.8697983697983697, 1.0)",1,99.25564280570048,4734
"(0.7077308656256025, 1.0)",1,99.25552067482688,4735
"(0.9833211143695014, 0.9958292603453894)",1,99.25529568249708,4736
"(0.8651903651903651, 1.0)",1,99.25526220241667,4737
"(0.7222222222222221, 0.9833229101521784)",1,99.25520101065678,4738
"(0.9833229101521784, 1.0)",1,99.25515929321922,4739
"(0.9829909379735984, 0.9958292603453894)",1,99.25511403274815,4740
"(0.9746535316523212, 0.9958292603453894)",1,99.25501338428258,4741
"(0.7077308656256025, 1.0)",1,99.25475780952624,4742
"(0.9833229101521784, 1.0)",1,99.25450943598082,4743
"(0.757745166550198, 1.0)",1,99.25403992257569,4744
"(0.8635976129582268, 1.0)",1,99.25391919782308,4745
"(0.8615866942983156, 1.0)",1,99.25388535631323,4746
"(0.816195709052852, 1.0)",1,99.2536735608063,4747
"(0.8016677935542034, 1.0)",1,99.25341775741624,4748
"(0.9874762808349148, 0.9958292603453894)",1,99.25337923565556,4749
"(0.9665831244778612, 1.0)",1,99.25322768566986,4750
"(0.8796475392220073, 1.0)",1,99.25293479852972,4751
"(0.7030539311241066, 1.0)",1,99.25276548584404,4752
"(0.8101143854687974, 1.0)",4,99.25268297461729,4756
"(0.979051756240299, 0.9958292603453894)",1,99.25239242882424,4757
"(0.6698155645524068, 1.0)",1,99.2521046116592,4758
"(0.861111111111111, 1.0)",3,99.25197860673792,4761
"(0.8374727668845315, 1.0)",1,99.25188424804828,4762
"(0.8840048840048841, 0.9833229101521784)",1,99.25104976324496,4763
"(0.8840048840048841, 1.0)",1,99.25098706741838,4764
"(0.9333333333333332, 0.9833229101521784)",1,99.25098445329516,4765
"(0.9833229101521784, 1.0)",1,99.25094934470548,4766
"(0.6733821733821733, 1.0)",1,99.25088427567056,4767
"(0.9665831244778612, 1.0)",1,99.25006102375012,4768
"(1.0, 1.0)",2,99.2500495668046,4770
"(0.9665831244778612, 1.0)",1,99.24999578972177,4771
"(0.5910680656443368, 1.0)",1,99.24990018377878,4772
"(0.8840048840048841, 0.9833229101521784)",1,99.24978634734738,4773
"(0.9009534009534008, 1.0)",1,99.24970110098027,4774
"(0.7077308656256025, 1.0)",1,99.24959335613056,4775
"(0.9916585206907788, 0.9958292603453894)",1,99.24944389876508,4776
"(0.8976982097186702, 1.0)",1,99.2488118258026,4777
"(0.8997493734335841, 1.0)",1,99.24837878895704,4778
"(0.9665831244778612, 1.0)",1,99.248197468865,4779
"(0.7155555555555556, 1.0)",1,99.24788327870482,4780
"(0.9834358767945106, 0.9958292603453894)",1,99.24782654841732,4781
"(0.8796475392220073, 1.0)",3,99.24780955878956,4784
"(0.9326599326599326, 1.0)",1,99.24770802819585,4785
"(0.882673371045464, 1.0)",1,99.2476949704946,4786
"(0.8294970161977834, 1.0)",1,99.24759271693556,4787
"(0.9153439153439156, 1.0)",1,99.24759151370192,4788
"(0.9161952650324744, 1.0)",1,99.2473498620318,4789
"(0.9748524098350704, 0.9958292603453894)",1,99.24727308448482,4790
"(0.97899550533801, 0.9958292603453894)",1,99.24720740815954,4791
"(0.8137865219658889, 1.0)",2,99.24704998835968,4793
"(0.9326599326599326, 1.0)",1,99.24653337132528,4794
"(0.9664171122994653, 0.9958292603453894)",1,99.2464855935018,4795
"(0.8976982097186702, 1.0)",2,99.24647587177812,4797
"(0.7416325017951034, 1.0)",1,99.2462876656583,4798
"(1.0, 1.0)",1,99.24625166680175,4799
"(0.9326599326599326, 1.0)",1,99.24617505829184,4800
"(0.8976982097186702, 1.0)",1,99.24611484862702,4801
"(0.8976982097186702, 1.0)",1,99.24600042150252,4802
"(0.8976982097186702, 1.0)",1,99.24597034361342,4803
"(0.9499687304565352, 1.0)",1,99.24579812747469,4804
"(0.9331662489557224, 1.0)",1,99.24563593694096,4805
"(0.9166145507608924, 0.9833229101521784)",1,99.2454859460562,4806
"(0.9161952650324744, 1.0)",1,99.24527481454622,4807
"(0.9834358767945106, 0.9958292603453894)",2,99.24518111923348,4809
"(0.9833229101521784, 1.0)",1,99.24511424777587,4810
"(0.8796475392220073, 1.0)",1,99.24480887022808,4811
"(0.7802197802197803, 1.0)",1,99.24476878622173,4812
"(0.8796475392220073, 1.0)",1,99.24472690430136,4813
"(1.0, 1.0)",1,99.24458047222276,4814
"(0.7183489076634237, 1.0)",2,99.24456641586436,4816
"(0.9873444118605408, 0.9958292603453894)",1,99.24453565886972,4817
"(1.0, 1.0)",1,99.2444881920208,4818
"(0.6698155645524068, 1.0)",1,99.24441760494236,4819
"(0.6698155645524068, 1.0)",1,99.24435192091995,4820
"(0.9749395281084088, 0.9958292603453894)",1,99.24415964045288,4821
"(0.882673371045464, 1.0)",1,99.24400084773497,4822
"(0.8316498316498316, 1.0)",1,99.24337072707873,4823
"(0.9873891625615764, 0.9958292603453894)",1,99.24292016551996,4824
"(0.9027777777777778, 1.0)",4,99.24263771349196,4828
"(0.987463247273494, 0.9958292603453894)",1,99.24242864344504,4829
"(0.978932178932179, 0.9958292603453894)",1,99.2423292931918,4830
"(0.8420013166556946, 1.0)",1,99.24231264994889,4831
"(0.7435897435897435, 1.0)",1,99.24223174858048,4832
"(0.8294970161977834, 1.0)",1,99.2421860396808,4833
"(0.9153439153439152, 1.0)",1,99.24208430294048,4834
"(0.8845578466141503, 1.0)",1,99.24187722745437,4835
"(0.8635976129582268, 1.0)",1,99.24177420418224,4836
"(0.7090909090909091, 1.0)",1,99.24176916049024,4837
"(0.9161952650324744, 1.0)",1,99.24167125815929,4838
"(0.8633762288330498, 1.0)",1,99.24131696186916,4839
"(0.9669558693467613, 0.9958292603453894)",2,99.241254603441,4841
"(0.9153439153439152, 1.0)",1,99.24117716978908,4842
"(0.9506533178503804, 1.0)",1,99.24111378271252,4843
"(0.8068904981347378, 1.0)",1,99.24066421965084,4844
"(1.0, 1.0)",1,99.24058124532534,4845
"(0.7994987468671678, 1.0)",1,99.24055550339988,4846
"(0.6733821733821733, 1.0)",1,99.24044336929116,4847
"(0.979273283115788, 0.9958292603453894)",1,99.24035038913708,4848
"(0.9750481776288228, 0.9958292603453894)",1,99.24013207071565,4849
"(0.7164894725870335, 1.0)",1,99.24012886179705,4850
"(0.7198480531813864, 1.0)",1,99.24001880383994,4851
"(0.7030539311241066, 1.0)",1,99.2398584815872,4852
"(0.9873891625615764, 0.9958292603453894)",1,99.23973041887903,4853
"(0.9873891625615764, 0.9958292603453894)",1,99.239521319256,4854
"(0.8997493734335841, 1.0)",1,99.23951756141632,4855
"(0.8845578466141503, 1.0)",1,99.23951443425956,4856
"(0.849906191369606, 1.0)",1,99.2394974302548,4857
"(0.949977467563772, 0.9958292603453894)",2,99.23857054056128,4859
"(0.9714797495442656, 0.9915151515151516)",1,99.23847556155422,4860
"(0.6542079837274346, 1.0)",1,99.23824760633768,4861
"(0.9873444118605408, 0.991777356103732)",1,99.2382165497106,4862
"(0.961552316099405, 0.9958292603453894)",1,99.23810374373674,4863
"(0.808446455505279, 1.0)",1,99.23799708653496,4864
"(1.0, 1.0)",1,99.2378636716762,4865
"(0.849906191369606, 1.0)",1,99.23765778271556,4866
"(0.9916339869281046, 0.9958292603453894)",1,99.23741580400971,4867
"(0.7075023741690408, 1.0)",1,99.23734355858524,4868
"(0.9326599326599326, 1.0)",1,99.2373188465156,4869
"(0.9873444118605408, 0.9958292603453894)",1,99.23723631163776,4870
"(0.8811945374355704, 1.0)",1,99.23715572500171,4871
"(0.9326599326599326, 1.0)",4,99.237144031306,4875
"(0.9835199925522506, 0.9958292603453894)",1,99.23694983516503,4876
"(0.8222222222222222, 1.0)",1,99.2369067179214,4877
"(0.9158007932517735, 1.0)",1,99.23657572923553,4878
"(0.9873891625615764, 0.9958292603453894)",1,99.23657455012172,4879
"(0.9665831244778612, 1.0)",1,99.23655344322869,4880
"(1.0, 1.0)",1,99.23608818254472,4881
"(0.7030539311241066, 1.0)",1,99.23607947641928,4882
"(0.9331662489557224, 1.0)",1,99.23573588760463,4883
"(0.8840048840048841, 1.0)",1,99.23573107404324,4884
"(0.9331662489557224, 1.0)",1,99.2355473390775,4885
"(0.8840048840048841, 1.0)",1,99.23517804217698,4886
"(0.9751539794803552, 0.9958292603453894)",2,99.23501715045327,4888
"(0.7961989230281913, 1.0)",1,99.23472747035746,4889
"(0.8653198653198653, 1.0)",1,99.23447037502623,4890
"(0.8420013166556946, 1.0)",1,99.23426303305706,4891
"(0.9833040078201368, 0.9958292603453894)",1,99.23419216345756,4892
"(0.9331662489557228, 0.9833229101521784)",1,99.23405776322376,4893
"(0.8468951683237397, 1.0)",1,99.2339051184302,4894
"(0.9333333333333332, 0.9833229101521784)",1,99.23375155538469,4895
"(0.8349489264123411, 1.0)",2,99.23359014372387,4897
"(0.8420013166556947, 1.0)",2,99.23340842060456,4899
"(0.9791299139401608, 0.9958292603453894)",1,99.23321607406612,4900
"(0.9499687304565352, 1.0)",1,99.23298495418076,4901
"(1.0, 1.0)",1,99.23292674646528,4902
"(0.8997493734335841, 1.0)",1,99.23275091522848,4903
"(0.9161952650324744, 1.0)",2,99.23264087903904,4905
"(0.8976982097186702, 1.0)",1,99.232639926111,4906
"(0.8341307814992026, 1.0)",1,99.23249213108006,4907
"(0.916104916104916, 1.0)",1,99.23237550188767,4908
"(0.7734344933751168, 1.0)",1,99.23224534739474,4909
"(0.9833229101521784, 1.0)",1,99.23215892980625,4910
"(0.8976982097186702, 1.0)",1,99.23207591328296,4911
"(1.0, 1.0)",1,99.23201066067332,4912
"(0.979055829228243, 0.9958292603453894)",1,99.23176154718234,4913
"(0.7416325017951034, 1.0)",2,99.23169181741449,4915
"(1.0, 1.0)",1,99.23150351437025,4916
"(0.987491854024112, 0.9958292603453894)",2,99.23140573648575,4918
"(0.9833040078201368, 0.9958292603453894)",2,99.23122747845242,4920
"(0.9497171590194846, 1.0)",2,99.2312027608965,4922
"(0.9707136080238548, 0.9958292603453894)",2,99.23108151570555,4924
"(0.9665831244778612, 0.9833229101521784)",2,99.23107464199954,4926
"(0.9833229101521784, 1.0)",1,99.23103031613942,4927
"(0.5502402432393444, 1.0)",1,99.23099346198104,4928
"(0.6698155645524068, 1.0)",1,99.23096122133994,4929
"(0.9665831244778612, 1.0)",1,99.23086714151084,4930
"(0.8997493734335841, 1.0)",1,99.2308260554991,4931
"(0.8068904981347378, 1.0)",1,99.23070511425009,4932
"(0.8976982097186702, 1.0)",1,99.23055191997932,4933
"(0.8976982097186702, 1.0)",1,99.23055191997928,4934
"(0.9153439153439152, 1.0)",1,99.2303920108798,4935
"(0.8615866942983156, 1.0)",1,99.23012639344968,4936
"(0.8796475392220073, 1.0)",1,99.23011148169353,4937
"(0.7430253184970165, 1.0)",1,99.23010918316484,4938
"(0.8651903651903651, 1.0)",2,99.2300890906109,4940
"(0.8653198653198653, 1.0)",2,99.23007525446548,4942
"(0.7979797979797979, 1.0)",1,99.22990622179265,4943
"(0.9665831244778612, 1.0)",1,99.22978988121366,4944
"(0.799275702501509, 1.0)",1,99.22970097247806,4945
"(0.8976982097186702, 1.0)",1,99.2296775221858,4946
"(0.7362637362637362, 1.0)",1,99.2295004964356,4947
"(0.961552316099405, 0.9958292603453894)",1,99.22949760933722,4948
"(0.8976982097186702, 1.0)",1,99.2293970911824,4949
"(0.868077055383557, 1.0)",1,99.22933060598886,4950
"(0.9916585206907788, 0.9958292603453894)",1,99.22931411294311,4951
"(0.6831352928913905, 1.0)",1,99.2289963900232,4952
"(0.7030539311241066, 1.0)",1,99.22899533749558,4953
"(0.7562136521052955, 1.0)",1,99.22888427558556,4954
"(0.9153439153439152, 1.0)",1,99.22885767268976,4955
"(0.8420013166556946, 1.0)",1,99.22835024794124,4956
"(0.9665831244778612, 1.0)",2,99.22834474287234,4958
"(0.861111111111111, 1.0)",1,99.2281254388362,4959
"(0.9833040078201368, 0.9958292603453894)",1,99.22805422168636,4960
"(0.8294970161977834, 1.0)",1,99.22803163878233,4961
"(0.8653198653198653, 1.0)",1,99.22748127729965,4962
"(1.0, 1.0)",1,99.22720842773847,4963
"(0.9829909379735984, 0.9958292603453894)",2,99.22717219119782,4965
"(0.8976982097186702, 0.9833229101521784)",1,99.22702263032492,4966
"(0.8294970161977834, 1.0)",2,99.22690797439526,4968
"(0.987491854024112, 0.9958292603453894)",1,99.22680980462124,4969
"(0.7069597069597069, 1.0)",1,99.22673934026938,4970
"(0.8316498316498316, 1.0)",2,99.2264030990713,4972
"(0.934122934122934, 1.0)",1,99.22587135894396,4973
"(0.9874762808349148, 0.9958292603453894)",2,99.22557132447,4975
"(0.9665831244778612, 1.0)",1,99.22549263665184,4976
"(0.9666562434855118, 1.0)",1,99.22529462027477,4977
"(0.8976982097186702, 1.0)",1,99.22517766023893,4978
"(0.8229870141950848, 1.0)",1,99.22486244244816,4979
"(0.9153439153439152, 1.0)",2,99.22450007994128,4981
"(0.7916666666666666, 1.0)",1,99.2241890151122,4982
"(0.9791299139401608, 0.9958292603453894)",2,99.2241872580084,4984
"(0.6831352928913905, 1.0)",1,99.22418031514158,4985
"(0.7994987468671678, 1.0)",1,99.22387841355209,4986
"(0.9833229101521784, 1.0)",1,99.22356728414414,4987
"(0.9714797495442656, 0.9958292603453894)",2,99.22355211762394,4989
"(0.9751539794803552, 0.9958292603453894)",1,99.22347140341166,4990
"(0.8796475392220073, 1.0)",1,99.22263480235884,4991
"(0.9833040078201368, 0.9958292603453894)",1,99.22238626861822,4992
"(0.8222222222222222, 1.0)",1,99.22227592721372,4993
"(0.9744745723240348, 0.9916585206907788)",1,99.22227228353148,4994
"(0.9580602951397298, 0.9958292603453894)",1,99.2222459789612,4995
"(0.5555555555555555, 1.0)",1,99.22201375859916,4996
"(0.7979797979797979, 1.0)",1,99.22186868840949,4997
"(0.9497171590194846, 1.0)",2,99.22179154680572,4999
"(0.7222222222222221, 0.9833229101521784)",1,99.22178413513464,5000
"(0.961552316099405, 0.9958292603453894)",1,99.22158792120943,5001
"(0.9665831244778612, 1.0)",1,99.221369976723,5002
"(0.8635976129582268, 1.0)",1,99.22136762216462,5003
"(0.9497171590194846, 1.0)",1,99.22125904428798,5004
"(1.0, 1.0)",2,99.22095020066864,5006
"(0.9441792447111594, 1.0)",1,99.22089162895932,5007
"(0.9833229101521784, 1.0)",1,99.22062812447028,5008
"(0.7416325017951034, 1.0)",1,99.22055254439346,5009
"(0.9791299139401608, 0.9958292603453894)",2,99.22049540436004,5011
"(0.8997493734335841, 1.0)",1,99.22046141196611,5012
"(0.8635976129582268, 1.0)",1,99.22036298878204,5013
"(0.8420013166556946, 1.0)",1,99.220331450957,5014
"(0.8420013166556946, 1.0)",1,99.22031137191892,5015
"(0.9832925076188832, 0.9958292603453894)",2,99.22027368419153,5017
"(0.9916339869281046, 0.9958292603453894)",2,99.2202356526156,5019
"(0.9833040078201368, 0.9958292603453894)",1,99.21968123233296,5020
"(0.8814814814814814, 1.0)",1,99.21954046524009,5021
"(0.8796475392220073, 1.0)",2,99.21938972450914,5023
"(0.8997493734335841, 1.0)",1,99.21904502010506,5024
"(0.8703703703703703, 1.0)",2,99.2189458346746,5026
"(0.6698155645524068, 1.0)",1,99.21888390013746,5027
"(0.9833040078201368, 0.9958292603453894)",1,99.21882591222573,5028
"(0.9499687304565352, 1.0)",1,99.21869468640224,5029
"(0.9833229101521784, 1.0)",1,99.21853339453918,5030
"(0.8615866942983156, 1.0)",1,99.21838792543204,5031
"(0.9916585206907788, 0.9958292603453894)",1,99.21793440482584,5032
"(0.983545503234046, 0.9958292603453894)",1,99.21768369185698,5033
"(0.7075023741690408, 1.0)",1,99.2176789016204,5034
"(0.9669795885118464, 0.9958292603453894)",1,99.21763846263364,5035
"(1.0, 1.0)",1,99.21758539693856,5036
"(0.9506533178503804, 1.0)",1,99.21757744066451,5037
"(0.7498436522826767, 1.0)",1,99.21756458273292,5038
"(0.844988344988345, 1.0)",2,99.21748355129796,5040
"(0.9326599326599326, 1.0)",1,99.21736266242934,5041
"(1.0, 1.0)",2,99.21722868005168,5043
"(0.8468951683237397, 1.0)",1,99.21722802858235,5044
"(0.9331662489557224, 1.0)",1,99.21712503375538,5045
"(0.826388888888889, 1.0)",1,99.21712316425516,5046
"(0.9333333333333332, 0.9833229101521784)",1,99.2170744655369,5047
"(0.9623066688389268, 0.9958292603453894)",1,99.21706597283416,5048
"(0.882673371045464, 1.0)",1,99.21703433306703,5049
"(0.6698155645524068, 1.0)",1,99.21701977477076,5050
"(0.9833211143695014, 0.9916585206907788)",1,99.21684140681212,5051
"(0.8374727668845315, 1.0)",1,99.21666538163682,5052
"(0.8796475392220073, 1.0)",1,99.2166271484648,5053
"(0.9833211143695014, 0.9958292603453894)",2,99.21621266730776,5055
"(0.868077055383557, 1.0)",1,99.21618768848234,5056
"(1.0, 0.9833229101521784)",1,99.2161767771524,5057
"(0.9669795885118464, 0.9958292603453894)",1,99.21608297117272,5058
"(0.6825396825396824, 1.0)",2,99.21597649325506,5060
"(0.6733821733821733, 1.0)",2,99.21587145880945,5062
"(1.0, 1.0)",1,99.21580852197904,5063
"(0.799275702501509, 1.0)",1,99.21563361069448,5064
"(0.6698155645524068, 1.0)",2,99.21550327884478,5066
"(0.9746854694957162, 0.9958292603453894)",1,99.21530431528517,5067
"(0.9829909379735984, 0.9958292603453894)",1,99.21518430314472,5068
"(0.8997493734335841, 1.0)",1,99.21504803795756,5069
"(0.8976982097186702, 0.9833229101521784)",1,99.21503627031736,5070
"(0.987491854024112, 0.9958292603453894)",1,99.21500933483438,5071
"(0.8468951683237397, 1.0)",1,99.21499539689296,5072
"(0.9835199925522506, 0.9958292603453894)",1,99.21471633521432,5073
"(0.8222222222222222, 1.0)",2,99.21465780271102,5075
"(0.9161952650324744, 1.0)",1,99.214581579268,5076
"(0.9497171590194848, 1.0)",1,99.21436520746144,5077
"(0.947552083649559, 0.9958292603453894)",2,99.21431635831064,5079
"(1.0, 1.0)",4,99.21397770010724,5083
"(0.9161952650324744, 1.0)",1,99.21390825885176,5084
"(0.9003556829643787, 1.0)",1,99.21368632549466,5085
"(0.9750854369118126, 1.0)",1,99.21299849394627,5086
"(0.8976982097186702, 0.9833229101521784)",2,99.21268773690338,5088
"(0.7860737114103088, 1.0)",1,99.21249034358416,5089
"(0.8976982097186702, 1.0)",1,99.21236301621856,5090
"(0.8420013166556946, 1.0)",4,99.21233510559414,5094
"(0.978932178932179, 0.9958292603453894)",1,99.212332134117,5095
"(0.8633762288330498, 1.0)",1,99.21223939669696,5096
"(0.9873444118605408, 0.9958292603453894)",1,99.21219019039464,5097
"(0.9749706744868036, 0.9958292603453894)",1,99.21217188305378,5098
"(0.8333333333333334, 1.0)",1,99.21206038767016,5099
"(0.9666562434855118, 1.0)",1,99.21190580719764,5100
"(0.965648083497546, 0.9958292603453894)",1,99.21190145961056,5101
"(0.8796475392220073, 1.0)",1,99.21174889956472,5102
"(0.8222222222222222, 1.0)",1,99.21168700491684,5103
"(0.8814814814814814, 1.0)",1,99.21168364935268,5104
"(0.7887083935918564, 1.0)",1,99.21151337654096,5105
"(0.7198480531813864, 1.0)",1,99.21135827748112,5106
"(0.7164894725870335, 1.0)",1,99.21121227544268,5107
"(0.8294970161977834, 0.9833229101521784)",1,99.21107784417688,5108
"(0.7880931329207191, 1.0)",1,99.21102368151918,5109
"(0.9833040078201368, 0.9958292603453894)",1,99.21072342155723,5110
"(0.9672281917443208, 0.9958292603453894)",1,99.2105350241154,5111
"(0.8976982097186702, 1.0)",1,99.21048135404054,5112
"(0.987463247273494, 0.9958292603453894)",1,99.21034587409486,5113
"(0.8651903651903651, 1.0)",1,99.21029923065792,5114
"(0.9326599326599326, 1.0)",2,99.20988481161784,5116
"(0.9623066688389268, 0.9958292603453894)",2,99.20984460015222,5118
"(0.9833229101521784, 1.0)",1,99.20970227267854,5119
"(0.8229870141950848, 1.0)",1,99.20953437001268,5120
"(0.987463247273494, 0.9958292603453894)",2,99.20938188601528,5122
"(0.8222222222222222, 1.0)",1,99.20925931865914,5123
"(0.861111111111111, 1.0)",1,99.2089951008436,5124
"(0.9788980434141724, 0.9958292603453894)",1,99.20882708765028,5125
"(0.6961063627730295, 1.0)",1,99.20881447581998,5126
"(0.987463247273494, 0.9958292603453894)",1,99.20870829940408,5127
"(0.868077055383557, 1.0)",1,99.20856384984532,5128
"(0.9833229101521784, 1.0)",1,99.20820909408658,5129
"(0.8886514719848052, 1.0)",1,99.20798289662966,5130
"(0.7802197802197803, 1.0)",1,99.20796243329788,5131
"(0.861111111111111, 1.0)",1,99.20783936978869,5132
"(0.949977467563772, 0.9958292603453894)",1,99.20782503584569,5133
"(0.8420013166556946, 1.0)",1,99.2077902373182,5134
"(0.9696986734304888, 0.9958292603453894)",1,99.20778849705948,5135
"(0.9506533178503804, 1.0)",1,99.20775960301688,5136
"(0.9430479403581872, 0.9958292603453894)",1,99.20768302306276,5137
"(0.8633762288330498, 1.0)",1,99.20749131077775,5138
"(0.757745166550198, 1.0)",1,99.20741162475323,5139
"(0.97899550533801, 0.9958292603453894)",1,99.20723358956376,5140
"(0.9658159033159032, 0.9958292603453894)",1,99.2072253734094,5141
"(0.8294970161977834, 1.0)",2,99.20704540118712,5143
"(0.8845578466141503, 1.0)",1,99.2067416870832,5144
"(0.8222222222222222, 1.0)",1,99.20654362683388,5145
"(0.7030539311241066, 1.0)",1,99.20644160606506,5146
"(0.9658159033159032, 0.9958292603453894)",2,99.20623910594227,5148
"(0.9874877810361682, 0.9958292603453894)",1,99.20616400569826,5149
"(0.9326599326599326, 1.0)",2,99.2061550463972,5151
"(0.9707136080238548, 0.9958292603453894)",1,99.2061438238054,5152
"(0.8222222222222222, 1.0)",1,99.20612201414065,5153
"(0.8222222222222222, 1.0)",1,99.20605931831416,5154
"(0.8635976129582268, 1.0)",1,99.20591949221424,5155
"(0.5555555555555555, 1.0)",2,99.2057696847081,5157
"(0.9916585206907788, 0.9958292603453894)",1,99.20520103850944,5158
"(0.7075023741690408, 1.0)",1,99.20490251835994,5159
"(0.9746535316523212, 0.9958292603453894)",1,99.20475058335012,5160
"(1.0, 1.0)",1,99.2047262466955,5161
"(0.9871616776282092, 1.0)",1,99.20440601313264,5162
"(0.9009287520039462, 1.0)",1,99.20411890148544,5163
"(0.9833251873574456, 0.9958292603453894)",1,99.2040673722666,5164
"(0.8633762288330498, 1.0)",1,99.20404384431998,5165
"(0.7183489076634237, 1.0)",1,99.20378773797968,5166
"(0.8294970161977834, 1.0)",4,99.20365653772863,5170
"(0.9153439153439152, 1.0)",1,99.20351948611196,5171
"(0.9618291283060416, 0.9958292603453894)",1,99.20346574286496,5172
"(0.8137566137566138, 1.0)",1,99.2034166613114,5173
"(0.8976982097186702, 1.0)",1,99.20330323935735,5174
"(0.9435817855979146, 0.9958292603453894)",2,99.20313093238772,5176
"(0.9161952650324744, 1.0)",2,99.20306554718958,5178
"(0.9658790011731188, 0.9958292603453894)",1,99.20298517091022,5179
"(1.0, 1.0)",1,99.20269923953576,5180
"(0.8997493734335841, 1.0)",2,99.20193772028956,5182
"(0.9664171122994653, 0.9958292603453894)",2,99.20179914145652,5184
"(0.861111111111111, 1.0)",1,99.20177019392396,5185
"(0.8635976129582268, 1.0)",1,99.20170973142976,5186
"(0.9874762808349148, 0.9958292603453894)",1,99.20155167834484,5187
"(0.8294970161977834, 1.0)",1,99.20153403001169,5188
"(0.8222222222222222, 1.0)",1,99.20150763323257,5189
"(0.8016677935542034, 1.0)",1,99.201434356273,5190
"(0.9666562434855118, 0.9833229101521784)",1,99.20131575413994,5191
"(0.9833229101521784, 1.0)",1,99.20108328823804,5192
"(0.8845578466141503, 1.0)",1,99.20075938207792,5193
"(0.6733821733821733, 1.0)",1,99.20071175437027,5194
"(0.9331662489557228, 0.9833229101521784)",1,99.20070358352814,5195
"(1.0, 1.0)",1,99.20041034418442,5196
"(0.6825396825396824, 1.0)",1,99.20031068515856,5197
"(0.844988344988345, 1.0)",2,99.2002001849242,5199
"(0.8796475392220073, 1.0)",1,99.2001425633579,5200
"(0.8653198653198653, 1.0)",1,99.20012493457877,5201
"(0.9153439153439156, 1.0)",1,99.2000163119084,5202
"(0.9161952650324744, 1.0)",1,99.19989040702536,5203
"(0.7802197802197803, 1.0)",2,99.19970561049158,5205
"(0.6825396825396824, 0.9833229101521784)",1,99.199697571007,5206
"(1.0, 1.0)",1,99.19949968730457,5207
"(0.9333333333333332, 0.9833229101521784)",1,99.19935010788676,5208
"(0.8420013166556946, 1.0)",1,99.19931813518292,5209
"(0.8566900022492128, 1.0)",1,99.19931508842352,5210
"(0.6698155645524068, 1.0)",1,99.19913491402778,5211
"(0.9708855839501, 0.9958292603453894)",1,99.19907186037211,5212
"(0.916104916104916, 1.0)",1,99.1990004758297,5213
"(0.9666666666666668, 1.0)",1,99.19887266112792,5214
"(0.8976982097186702, 1.0)",1,99.1988359684166,5215
"(0.9009534009534008, 1.0)",2,99.19880734886256,5217
"(0.9331662489557228, 0.9833229101521784)",1,99.198725551802,5218
"(0.8341307814992026, 0.9833229101521784)",1,99.19864332406058,5219
"(0.8840455840455841, 1.0)",2,99.1983704020072,5221
"(0.9748850895736324, 0.9958292603453894)",2,99.1981683086592,5223
"(0.978932178932179, 0.9958292603453894)",1,99.19801116728937,5224
"(0.6825396825396824, 1.0)",2,99.19800058259624,5226
"(0.8222222222222222, 1.0)",1,99.19790053082288,5227
"(0.9331662489557228, 1.0)",1,99.19782381957504,5228
"(0.8635976129582268, 1.0)",1,99.1974032829138,5229
"(0.9153439153439156, 1.0)",1,99.19709304567652,5230
"(0.9630015205821658, 0.9958292603453894)",1,99.19691328076686,5231
"(0.9161952650324744, 1.0)",1,99.19690563476276,5232
"(0.8997493734335841, 1.0)",1,99.19682031856854,5233
"(0.9497171590194848, 1.0)",1,99.19632823244618,5234
"(0.930704099821747, 1.0)",1,99.19615459002682,5235
"(0.7802197802197803, 1.0)",1,99.19599794965649,5236
"(0.8101143854687974, 1.0)",1,99.195872332343,5237
"(0.8976982097186702, 1.0)",1,99.1956548846955,5238
"(0.7802197802197803, 1.0)",1,99.1955335405088,5239
"(0.8796475392220073, 1.0)",1,99.19517525904564,5240
"(0.9750780096985032, 0.9916585206907788)",1,99.1948446191096,5241
"(0.8997493734335841, 1.0)",2,99.19470897500425,5243
"(0.9793747635794354, 0.9958292603453894)",1,99.19463568591765,5244
"(0.9833040078201368, 0.9958292603453894)",2,99.19435715681033,5246
"(0.808446455505279, 1.0)",1,99.19434567366386,5247
"(0.7075023741690408, 1.0)",2,99.19411480810967,5249
"(0.8177442148030384, 1.0)",1,99.19396716458182,5250
"(0.8222222222222222, 1.0)",1,99.19389005665164,5251
"(0.6831352928913905, 1.0)",1,99.1938190679758,5252
"(0.6825396825396824, 1.0)",1,99.1937965614474,5253
"(0.9665831244778612, 1.0)",1,99.19378984310563,5254
"(0.9829909379735984, 0.9958292603453894)",1,99.19366495485748,5255
"(0.8294970161977834, 1.0)",1,99.19331051455364,5256
"(0.9833040078201368, 0.9958292603453894)",1,99.19327916601632,5257
"(0.979055829228243, 0.9958292603453894)",2,99.1931662380685,5259
"(0.8329156223893065, 1.0)",2,99.193064694305,5261
"(0.8316498316498316, 1.0)",1,99.19292352772268,5262
"(0.9750780096985032, 0.9958292603453894)",2,99.19284363481978,5264
"(0.808446455505279, 1.0)",1,99.19282688519128,5265
"(1.0, 1.0)",1,99.19281480211713,5266
"(0.9750943974852894, 0.9958292603453894)",1,99.1928114406352,5267
"(0.757745166550198, 1.0)",1,99.19275253985226,5268
"(0.9158007932517735, 1.0)",1,99.19252642722552,5269
"(0.8468951683237397, 1.0)",1,99.19246073144448,5270
"(0.9166145507608924, 1.0)",1,99.1923393255303,5271
"(0.8796475392220073, 1.0)",2,99.19227562366846,5273
"(0.9166145507608924, 1.0)",1,99.19217041405588,5274
"(0.8165520116739629, 1.0)",1,99.19198300930276,5275
"(0.987463247273494, 0.9958292603453894)",1,99.19181275882596,5276
"(0.8872426490351017, 1.0)",1,99.19180434916464,5277
"(0.7802197802197803, 1.0)",2,99.19157302378932,5279
"(0.8814814814814814, 0.9833229101521784)",1,99.19144588592604,5280
"(0.7416325017951034, 1.0)",1,99.1909812726746,5281
"(0.9153439153439152, 1.0)",1,99.19089432880855,5282
"(0.8832603710652491, 1.0)",1,99.19085945633972,5283
"(0.8420013166556946, 1.0)",1,99.1906535870622,5284
"(0.7030539311241066, 1.0)",1,99.1906359969002,5285
"(0.9326599326599326, 1.0)",1,99.19062687765944,5286
"(1.0, 1.0)",1,99.19025648635196,5287
"(0.9833229101521784, 1.0)",2,99.19022229894492,5289
"(0.9623066688389268, 0.9958292603453894)",2,99.19014245967594,5291
"(0.8633762288330498, 1.0)",1,99.18991620352652,5292
"(0.8374727668845315, 1.0)",2,99.18938956763506,5294
"(0.9749706744868036, 0.9958292603453894)",2,99.18934975997873,5296
"(0.7944219523166891, 1.0)",1,99.18914871148796,5297
"(0.8222222222222222, 1.0)",1,99.1891328134222,5298
"(0.5555555555555555, 1.0)",1,99.1889840298056,5299
"(0.916104916104916, 1.0)",2,99.1889331965144,5301
"(0.7077308656256025, 1.0)",1,99.1887769736204,5302
"(0.9609386607489072, 0.9958292603453894)",1,99.18850671809388,5303
"(0.7944219523166891, 1.0)",1,99.1884514825375,5304
"(1.0, 1.0)",1,99.18763682459364,5305
"(0.9497171590194846, 1.0)",1,99.1874936957337,5306
"(0.9161952650324744, 1.0)",1,99.18745859261472,5307
"(0.7222222222222221, 1.0)",1,99.18737182087632,5308
"(0.8222222222222222, 1.0)",1,99.18733148577348,5309
"(0.9649790647893116, 0.9958292603453894)",1,99.18713446469964,5310
"(0.7944219523166891, 1.0)",1,99.18712514636329,5311
"(0.9669795885118464, 0.9958292603453894)",1,99.18694510089064,5312
"(0.8222222222222222, 1.0)",1,99.18672392632148,5313
"(0.9833040078201368, 0.9958292603453894)",1,99.1865767940442,5314
"(0.9833229101521784, 1.0)",2,99.18653965202554,5316
"(0.8156295830714435, 1.0)",1,99.1862997439855,5317
"(0.9749706744868036, 0.9958292603453894)",1,99.18622660024494,5318
"(0.970619176311776, 0.9958292603453894)",2,99.18577814172704,5320
"(0.917469251615593, 1.0)",1,99.18576908562102,5321
"(0.7802197802197803, 1.0)",1,99.18562630063748,5322
"(0.9326599326599326, 1.0)",1,99.18538205483006,5323
"(0.882673371045464, 1.0)",1,99.18530216668906,5324
"(0.9161952650324744, 1.0)",1,99.18528973393784,5325
"(0.8976982097186702, 1.0)",1,99.1852216530098,5326
"(0.9833229101521784, 1.0)",4,99.18515691181152,5330
"(0.8468951683237397, 1.0)",1,99.18489783821654,5331
"(0.7713401051412279, 1.0)",1,99.18450739727126,5332
"(0.9497171590194846, 1.0)",2,99.18438115722476,5334
"(0.861111111111111, 1.0)",1,99.1843808082917,5335
"(0.9623066688389268, 0.9958292603453894)",1,99.18437784981296,5336
"(0.9161952650324744, 1.0)",1,99.18380155620436,5337
"(0.8229870141950848, 1.0)",1,99.18353262939452,5338
"(0.8976982097186702, 1.0)",1,99.18347900246428,5339
"(0.9441792447111594, 1.0)",2,99.18334496789024,5341
"(0.9161952650324744, 1.0)",1,99.18321331717756,5342
"(0.8420013166556946, 1.0)",1,99.18319207100278,5343
"(0.8796475392220073, 1.0)",1,99.18304102579349,5344
"(0.9618291283060416, 0.9958292603453894)",1,99.18256688491836,5345
"(0.9326599326599326, 1.0)",2,99.18249200363022,5347
"(0.8222222222222222, 1.0)",1,99.18244887007909,5348
"(0.9331662489557224, 1.0)",1,99.18227060159306,5349
"(0.7075023741690408, 1.0)",1,99.18219673691138,5350
"(0.9750780096985032, 0.9958292603453894)",2,99.18214501374524,5352
"(0.9664171122994653, 0.9958292603453894)",1,99.18203571375848,5353
"(0.6831352928913905, 1.0)",1,99.1820059368198,5354
"(0.8796475392220073, 1.0)",1,99.18175018581611,5355
"(0.882673371045464, 0.9833229101521784)",1,99.1817147371219,5356
"(0.8976982097186702, 0.9833229101521784)",1,99.18168209062172,5357
"(0.970619176311776, 0.9958292603453894)",1,99.18142670359002,5358
"(0.9958292603453894, 0.9958292603453894)",1,99.18138488597108,5359
"(0.9161952650324744, 1.0)",1,99.18138064780452,5360
"(0.8840455840455841, 1.0)",1,99.18125462143432,5361
"(1.0, 1.0)",1,99.1812306745787,5362
"(0.9664171122994653, 0.9958292603453894)",1,99.18119688492428,5363
"(0.9834358767945106, 0.9958292603453894)",1,99.18110886605908,5364
"(0.9833229101521784, 1.0)",1,99.18105803306152,5365
"(0.9003556829643787, 1.0)",1,99.18101127696596,5366
"(0.9326599326599326, 1.0)",1,99.18078409405996,5367
"(0.9333333333333332, 1.0)",1,99.18072927079848,5368
"(0.9331662489557224, 1.0)",1,99.18046907481634,5369
"(0.8137865219658889, 1.0)",1,99.18040432479488,5370
"(0.9501563219469168, 0.9958292603453894)",2,99.18023473106788,5372
"(0.8796475392220073, 1.0)",2,99.18014244625024,5374
"(0.9832965806068272, 0.9958292603453894)",2,99.18010249648772,5376
"(0.9161952650324744, 1.0)",1,99.18007717442492,5377
"(0.9832925076188832, 0.9958292603453894)",2,99.1799007249383,5379
"(0.757745166550198, 1.0)",2,99.17977451746272,5381
"(0.9833229101521784, 1.0)",1,99.17974625405137,5382
"(0.9497171590194846, 1.0)",1,99.1795956998434,5383
"(0.9326599326599326, 1.0)",1,99.17958194797612,5384
"(0.9748850895736324, 0.9958292603453894)",1,99.17953020914318,5385
"(0.971023600055858, 0.9958292603453894)",2,99.17950420405704,5387
"(0.9916585206907788, 0.9958292603453894)",1,99.1793851321244,5388
"(0.8016677935542034, 1.0)",3,99.17927149313095,5391
"(0.9516794286955578, 0.9958292603453894)",1,99.17920801089508,5392
"(0.9788980434141724, 0.9958292603453894)",1,99.17920157256434,5393
"(0.9169719169719168, 1.0)",1,99.17918236884414,5394
"(1.0, 1.0)",2,99.1790962587894,5396
"(0.7511111111111111, 1.0)",1,99.1788599203677,5397
"(0.816195709052852, 1.0)",3,99.1786764945478,5400
"(0.9153439153439156, 1.0)",1,99.178611933127,5401
"(0.9873891625615764, 0.9958292603453894)",1,99.17851196648216,5402
"(0.9916625936787228, 0.9958292603453894)",2,99.17847919864904,5404
"(0.979051756240299, 1.0)",1,99.17845738066497,5405
"(0.9499358151476252, 1.0)",1,99.17831537549128,5406
"(1.0, 1.0)",1,99.1781109844206,5407
"(0.8976982097186702, 1.0)",4,99.17801231012106,5411
"(0.9498461391725148, 0.9958292603453894)",1,99.17799076512556,5412
"(0.979273283115788, 0.9958292603453894)",2,99.17772194087216,5414
"(0.9167853751187084, 1.0)",4,99.17753425834096,5418
"(0.9876221896383188, 0.9958292603453894)",1,99.17749575721557,5419
"(0.8633762288330498, 1.0)",2,99.17732053775816,5421
"(0.7340930674264007, 1.0)",2,99.17727704394372,5423
"(0.9669795885118464, 0.9958292603453894)",2,99.1770730318137,5425
"(0.9873444118605408, 0.9958292603453894)",1,99.1769828894997,5426
"(1.0, 1.0)",1,99.17692282337134,5427
"(0.8491514770584537, 1.0)",1,99.17691073936084,5428
"(0.9664171122994653, 0.9958292603453894)",2,99.17672203310852,5430
"(0.9326599326599326, 0.9833229101521784)",1,99.17665602357518,5431
"(0.7612958226768967, 1.0)",1,99.17660984702712,5432
"(0.987491854024112, 0.9958292603453894)",1,99.176567660532,5433
"(0.9876066164491212, 0.9916585206907788)",1,99.17654719379422,5434
"(0.9331094582012576, 1.0)",1,99.17638206302712,5435
"(0.8310994560994561, 1.0)",1,99.1762782134713,5436
"(0.8222222222222222, 1.0)",1,99.17590086928536,5437
"(1.0, 1.0)",1,99.17590003185954,5438
"(0.9331662489557224, 1.0)",1,99.17564011077856,5439
"(0.8976982097186702, 1.0)",1,99.1754577435731,5440
"(0.9829909379735984, 0.9958292603453894)",1,99.17526171691254,5441
"(0.9788980434141724, 0.9958292603453894)",1,99.17504488292089,5442
"(0.9153439153439152, 1.0)",1,99.17492522840912,5443
"(0.9833229101521784, 0.9833229101521784)",1,99.17481129214418,5444
"(0.9874877810361682, 0.9916585206907788)",1,99.1747970983204,5445
"(0.8420013166556946, 1.0)",1,99.17475707740486,5446
"(0.933096859926128, 1.0)",2,99.17450532198488,5448
"(0.8374727668845315, 1.0)",1,99.17445297690712,5449
"(0.9666562434855118, 1.0)",1,99.17413381797208,5450
"(0.8796475392220073, 1.0)",1,99.17377769856398,5451
"(0.987463247273494, 0.9958292603453894)",2,99.17377300056604,5453
"(0.9873891625615764, 0.9958292603453894)",1,99.17363260321976,5454
"(0.9708855839501, 0.9958292603453894)",1,99.1736288024412,5455
"(0.8976982097186702, 1.0)",1,99.17361471041777,5456
"(0.898989898989899, 1.0)",1,99.17352754705658,5457
"(0.8420013166556946, 1.0)",1,99.17344554240888,5458
"(0.9832401090007582, 0.9958292603453894)",1,99.17340140665772,5459
"(0.8420013166556946, 1.0)",1,99.17337785966096,5460
"(0.7164894725870335, 1.0)",2,99.17323549429103,5462
"(0.9499687304565352, 1.0)",1,99.17321344953125,5463
"(1.0, 1.0)",1,99.17305189031016,5464
"(0.9326599326599326, 1.0)",1,99.17276380794004,5465
"(0.8420013166556946, 1.0)",1,99.17252659099684,5466
"(0.861111111111111, 1.0)",1,99.17250056571876,5467
"(0.9649790647893116, 0.9958292603453894)",1,99.1723529823539,5468
"(0.9874762808349148, 0.9958292603453894)",1,99.17213911572186,5469
"(1.0, 1.0)",1,99.1720745124184,5470
"(0.5555555555555555, 0.9833229101521784)",1,99.17198248905574,5471
"(0.8635976129582268, 1.0)",1,99.1719320544836,5472
"(0.9497171590194846, 1.0)",1,99.17192565425856,5473
"(0.8420013166556946, 1.0)",1,99.17184163457108,5474
"(0.970619176311776, 0.9958292603453894)",1,99.17174589381592,5475
"(0.9, 1.0)",1,99.17165879631672,5476
"(0.7802197802197803, 1.0)",1,99.17152632942108,5477
"(0.6831352928913905, 1.0)",1,99.17087395972692,5478
"(0.7734344933751168, 1.0)",1,99.17086349458653,5479
"(0.721056721056721, 1.0)",1,99.17047129877685,5480
"(0.7916666666666666, 1.0)",1,99.17043032880892,5481
"(0.6698155645524068, 1.0)",1,99.17021403766036,5482
"(0.7198480531813864, 1.0)",1,99.17017902175776,5483
"(0.9169719169719168, 1.0)",1,99.16985571992188,5484
"(0.9835199925522506, 0.9958292603453894)",2,99.16972648309036,5486
"(0.8222222222222222, 1.0)",1,99.16972174018382,5487
"(0.7416325017951034, 1.0)",1,99.16965573424989,5488
"(0.987463247273494, 0.9958292603453894)",1,99.16960259850852,5489
"(0.8976982097186702, 1.0)",1,99.1693105891616,5490
"(0.8137566137566138, 1.0)",2,99.16915841215712,5492
"(0.8796475392220073, 1.0)",1,99.1690425452364,5493
"(0.8840048840048841, 0.9833229101521784)",1,99.16831912088212,5494
"(0.9333333333333332, 1.0)",1,99.16831752287467,5495
"(0.9748524098350704, 0.9958292603453894)",2,99.16823885984452,5497
"(0.9582389563841176, 0.9958292603453894)",1,99.1681935854672,5498
"(0.9791258409522168, 0.9958292603453894)",1,99.16816216964412,5499
"(1.0, 1.0)",1,99.16799812546093,5500
"(0.9750854369118126, 1.0)",2,99.16787252258987,5502
"(0.9958292603453894, 0.9958292603453894)",1,99.1678039002928,5503
"(0.9749706744868036, 0.9958292603453894)",1,99.16768798100236,5504
"(0.7416325017951034, 1.0)",2,99.16765333326114,5506
"(1.0, 1.0)",1,99.16751843550112,5507
"(0.7503607503607503, 1.0)",2,99.16726031662492,5509
"(0.7687400318979267, 1.0)",1,99.16702003315643,5510
"(0.9792521035784794, 0.9958292603453894)",1,99.16688845593818,5511
"(0.8651903651903651, 1.0)",1,99.16685826338176,5512
"(0.9832965806068272, 0.9958292603453894)",1,99.16679098584063,5513
"(0.799275702501509, 1.0)",1,99.16669512254356,5514
"(0.9916585206907788, 0.9958292603453894)",1,99.16662514107333,5515
"(0.617513611615245, 1.0)",1,99.16656559300444,5516
"(0.8222222222222222, 1.0)",1,99.16625233811894,5517
"(0.8653198653198653, 1.0)",4,99.16602752983538,5521
"(0.9161952650324744, 1.0)",1,99.1659325196478,5522
"(0.8976982097186702, 1.0)",1,99.1657742584471,5523
"(0.8796475392220073, 1.0)",1,99.16575014922206,5524
"(0.7030539311241066, 1.0)",1,99.1655280020064,5525
"(0.9516794286955578, 0.9958292603453894)",2,99.16538675293648,5527
"(0.5910680656443368, 1.0)",1,99.1651838146712,5528
"(0.8341307814992026, 1.0)",1,99.16507986069855,5529
"(0.9161952650324744, 1.0)",1,99.16472045258205,5530
"(0.8374727668845315, 1.0)",1,99.16465300597838,5531
"(0.799275702501509, 1.0)",1,99.16462045156038,5532
"(0.7069597069597069, 1.0)",2,99.16455887401142,5534
"(0.9161952650324744, 1.0)",4,99.1644769704496,5538
"(0.8374727668845315, 1.0)",1,99.16445755672544,5539
"(0.9792766373411534, 0.9958292603453894)",1,99.1643658640714,5540
"(0.757745166550198, 1.0)",2,99.16434445641418,5542
"(0.9161952650324744, 1.0)",1,99.164282641609,5543
"(0.7164894725870335, 1.0)",1,99.164122522274,5544
"(0.901575014782562, 1.0)",1,99.16373613864702,5545
"(0.9009287520039462, 1.0)",1,99.16363937213607,5546
"(0.8420013166556946, 1.0)",1,99.1634285469314,5547
"(0.8997493734335841, 1.0)",1,99.16323650381472,5548
"(0.917469251615593, 1.0)",1,99.1631523484404,5549
"(0.6698155645524068, 1.0)",1,99.16291759759469,5550
"(0.9874747474747476, 0.9958292603453894)",1,99.16274439579796,5551
"(0.8016677935542034, 1.0)",1,99.1626642760808,5552
"(0.9876066164491212, 0.9958292603453894)",1,99.16265956592184,5553
"(0.757745166550198, 1.0)",1,99.1625101892436,5554
"(0.8976982097186702, 1.0)",4,99.16225658519866,5558
"(0.776488287126585, 1.0)",1,99.162252074374,5559
"(0.9916585206907788, 0.9958292603453894)",1,99.1615923186408,5560
"(0.9497171590194846, 1.0)",1,99.16136715312632,5561
"(0.9299507899507898, 1.0)",1,99.16130382899252,5562
"(1.0, 1.0)",2,99.16110274278168,5564
"(1.0, 1.0)",3,99.16106659129588,5567
"(0.861111111111111, 1.0)",1,99.16088497472242,5568
"(0.8349489264123411, 1.0)",2,99.16087872511171,5570
"(0.9833229101521784, 1.0)",1,99.16074825760164,5571
"(0.8976982097186702, 0.9833229101521784)",2,99.16068057129996,5573
"(0.9792766373411534, 0.9958292603453894)",1,99.16032085429754,5574
"(0.8796475392220073, 1.0)",1,99.16024635909298,5575
"(0.9832925076188832, 0.9958292603453894)",1,99.16012114299625,5576
"(0.9832965806068272, 0.9958292603453894)",1,99.15990904788023,5577
"(0.9788980434141724, 0.9958292603453894)",2,99.15973211970696,5579
"(0.917469251615593, 1.0)",1,99.15949386231976,5580
"(0.8468951683237397, 1.0)",1,99.15941373429484,5581
"(0.8796475392220073, 1.0)",1,99.15908852835044,5582
"(0.8329156223893065, 1.0)",1,99.1584616786715,5583
"(0.9153439153439156, 1.0)",1,99.15833608490416,5584
"(0.8615866942983156, 0.9833229101521784)",1,99.15826853283968,5585
"(0.826388888888889, 1.0)",1,99.1580674751246,5586
"(0.7090909090909091, 1.0)",2,99.15803471065736,5588
"(0.8420013166556946, 1.0)",1,99.15794768664573,5589
"(0.9331662489557224, 1.0)",1,99.15789294537052,5590
"(0.9916585206907788, 0.9958292603453894)",1,99.15783440759452,5591
"(0.8976982097186702, 1.0)",1,99.15780668426429,5592
"(0.8976982097186702, 1.0)",3,99.15770183565046,5595
"(0.9748524098350704, 0.9958292603453894)",1,99.15764924367286,5596
"(0.8420013166556946, 1.0)",1,99.15764614211164,5597
"(0.7075023741690408, 1.0)",1,99.1576124810475,5598
"(0.757745166550198, 1.0)",1,99.1574603691546,5599
"(0.7090909090909091, 1.0)",1,99.15725644973637,5600
"(0.8374727668845315, 1.0)",1,99.15687758925698,5601
"(0.9833229101521784, 1.0)",1,99.15670260311668,5602
"(0.8420013166556946, 1.0)",1,99.1566452876271,5603
"(0.9326599326599326, 1.0)",1,99.15615097298397,5604
"(0.8229870141950848, 1.0)",1,99.15605616467126,5605
"(0.987491854024112, 0.9958292603453894)",1,99.15571677279549,5606
"(0.7675138481590094, 1.0)",1,99.15563334955432,5607
"(0.868077055383557, 1.0)",1,99.15498903026528,5608
"(0.7416325017951034, 1.0)",1,99.154761311098,5609
"(0.9497171590194846, 1.0)",1,99.1546204068741,5610
"(0.8294970161977834, 1.0)",1,99.1544975501415,5611
"(0.816195709052852, 1.0)",1,99.15447722325608,5612
"(0.7340930674264006, 1.0)",4,99.153992653005,5616
"(0.9916585206907788, 0.9958292603453894)",2,99.1538723816092,5618
"(0.9158007932517735, 0.986081059422206)",1,99.15374772998628,5619
"(0.9008025849489264, 1.0)",1,99.15369440241072,5620
"(0.8222222222222222, 1.0)",1,99.15364527546812,5621
"(0.617513611615245, 1.0)",1,99.15317773680354,5622
"(0.9791299139401608, 1.0)",1,99.15312768336835,5623
"(0.9441792447111594, 1.0)",1,99.1530812394232,5624
"(0.8814814814814814, 1.0)",2,99.15274568091836,5626
"(0.7734344933751168, 1.0)",1,99.15184738173414,5627
"(0.9874877810361682, 0.9958292603453894)",2,99.1518282427632,5629
"(0.8997493734335841, 1.0)",1,99.15178105909312,5630
"(0.8976982097186702, 1.0)",1,99.15113995331774,5631
"(0.9161952650324744, 1.0)",1,99.1511233498322,5632
"(0.97495917428555, 0.9958292603453894)",1,99.15095596418584,5633
"(0.8341307814992026, 1.0)",1,99.15075724446709,5634
"(0.9833040078201368, 0.9958292603453894)",1,99.15016004635557,5635
"(0.9832965806068272, 0.9958292603453894)",2,99.15007572454611,5637
"(0.917415489944373, 1.0)",1,99.14969374589496,5638
"(0.6825396825396824, 1.0)",2,99.14956191291236,5640
"(0.7802197802197803, 1.0)",1,99.14936254940076,5641
"(0.9166145507608924, 1.0)",2,99.14934333989396,5643
"(0.9835199925522506, 0.9958292603453894)",2,99.14926148691173,5645
"(0.9161952650324744, 1.0)",1,99.14922249897523,5646
"(0.9435817855979146, 0.9958292603453894)",1,99.14915035606708,5647
"(0.8065067548938516, 1.0)",1,99.1491101225702,5648
"(0.916104916104916, 1.0)",1,99.14896920628624,5649
"(0.9669558693467613, 0.9958292603453894)",1,99.14886940852143,5650
"(0.5910680656443368, 1.0)",2,99.14857130439232,5652
"(0.9132521225544482, 1.0)",1,99.14844145263038,5653
"(0.882673371045464, 0.9833229101521784)",1,99.14838528508416,5654
"(0.987491854024112, 0.9958292603453894)",1,99.14814326808292,5655
"(0.979051756240299, 0.9958292603453894)",1,99.1479693116749,5656
"(0.9609386607489072, 0.9958292603453894)",2,99.14739591630035,5658
"(0.8840455840455841, 1.0)",1,99.14728602828733,5659
"(0.7362637362637362, 1.0)",1,99.14709882531876,5660
"(1.0, 1.0)",1,99.14708322086028,5661
"(0.9582389563841176, 1.0)",1,99.14697460587809,5662
"(0.816195709052852, 1.0)",1,99.14684392771908,5663
"(1.0, 1.0)",1,99.14676746500278,5664
"(0.8329156223893065, 1.0)",2,99.14675983488117,5666
"(0.8137865219658889, 1.0)",1,99.14663569184523,5667
"(1.0, 1.0)",1,99.1466236211999,5668
"(0.965648083497546, 0.9958292603453894)",1,99.14643945192024,5669
"(0.8997493734335841, 1.0)",1,99.14615634400008,5670
"(0.7362637362637362, 1.0)",1,99.1461023744258,5671
"(0.8566900022492128, 1.0)",1,99.14602107725476,5672
"(0.861111111111111, 1.0)",1,99.14592938522222,5673
"(0.7880931329207191, 1.0)",1,99.14588788329812,5674
"(0.757745166550198, 1.0)",1,99.14584699303455,5675
"(0.8586166985951469, 1.0)",1,99.14539373182546,5676
"(0.9790755481078062, 0.9958292603453894)",1,99.14492011777712,5677
"(0.8137566137566138, 1.0)",1,99.14458754427748,5678
"(0.826388888888889, 1.0)",1,99.1443267152042,5679
"(0.9916625936787228, 0.9958292603453894)",1,99.14371515158211,5680
"(0.9832401090007582, 0.9958292603453894)",2,99.14367649946456,5682
"(0.8845578466141503, 1.0)",1,99.14360298981936,5683
"(0.8796475392220073, 1.0)",1,99.14332913582147,5684
"(0.8468951683237397, 1.0)",1,99.14330737996434,5685
"(0.8420013166556946, 1.0)",1,99.1429771189448,5686
"(0.8229870141950848, 1.0)",1,99.1427295669689,5687
"(0.9153439153439156, 1.0)",2,99.14268110443696,5689
"(0.9792766373411534, 0.9958292603453894)",1,99.14268020066396,5690
"(0.8832603710652491, 1.0)",1,99.14264380965923,5691
"(0.9833229101521784, 1.0)",1,99.1426071003048,5692
"(0.7416325017951034, 1.0)",1,99.14258390504747,5693
"(0.5910680656443368, 1.0)",1,99.1424380959528,5694
"(0.8796475392220073, 1.0)",1,99.1421497068699,5695
"(0.9958292603453894, 0.9958292603453894)",1,99.14214591619331,5696
"(0.8420013166556946, 1.0)",1,99.14184770270973,5697
"(0.9958292603453894, 0.9958292603453894)",1,99.14170271620958,5698
"(1.0, 1.0)",1,99.1413684827806,5699
"(0.9916666666666668, 0.9958292603453894)",1,99.14117008646572,5700
"(0.8976982097186702, 1.0)",1,99.14102474580264,5701
"(0.9873444118605408, 0.9958292603453894)",1,99.14081767219837,5702
"(0.7979797979797979, 1.0)",1,99.14080776003917,5703
"(0.8420013166556946, 1.0)",1,99.14054877309788,5704
"(0.97934925289764, 0.9958292603453894)",1,99.1405196063323,5705
"(0.8997493734335841, 1.0)",1,99.14032446189051,5706
"(0.9665831244778612, 1.0)",1,99.14028830196744,5707
"(0.9835199925522506, 0.9958292603453894)",1,99.140283496248,5708
"(0.9833229101521784, 1.0)",1,99.14019331290147,5709
"(0.8329156223893065, 1.0)",2,99.14010480747322,5711
"(0.9958292603453894, 0.9958292603453894)",2,99.14008476091688,5713
"(0.9834358767945106, 0.9958292603453894)",1,99.14000760499974,5714
"(0.8110673829751791, 1.0)",1,99.13983091726122,5715
"(0.861111111111111, 1.0)",1,99.13966386256868,5716
"(0.9873444118605408, 0.9958292603453894)",1,99.13936412038608,5717
"(0.9833229101521784, 1.0)",2,99.13909428687047,5719
"(0.987463247273494, 0.9958292603453894)",1,99.13908715462576,5720
"(0.8101143854687974, 1.0)",1,99.13893661975874,5721
"(0.8222222222222222, 1.0)",1,99.1386228842825,5722
"(0.9792766373411534, 0.9958292603453894)",1,99.13860091255349,5723
"(0.9791332681655264, 0.9958292603453894)",1,99.13854164814872,5724
"(1.0, 1.0)",1,99.13829438666464,5725
"(0.9, 1.0)",1,99.13824192079456,5726
"(0.7734344933751168, 1.0)",1,99.13818287230384,5727
"(0.9665831244778612, 1.0)",1,99.13800079036513,5728
"(0.8635976129582268, 0.9833229101521784)",1,99.13770717392168,5729
"(0.949977467563772, 0.9958292603453894)",1,99.13715426569458,5730
"(0.9790755481078062, 0.9958292603453894)",1,99.13687691154378,5731
"(0.8840048840048841, 0.9833229101521784)",1,99.13665479133864,5732
"(0.8814814814814814, 1.0)",1,99.13655902795826,5733
"(0.617513611615245, 1.0)",1,99.13650064695572,5734
"(0.9833229101521784, 1.0)",1,99.13649998143136,5735
"(0.9747838672665278, 1.0)",1,99.13639264655232,5736
"(0.9161952650324744, 1.0)",1,99.1363571877983,5737
"(0.9833229101521784, 1.0)",1,99.13603227403988,5738
"(0.7503607503607503, 1.0)",1,99.13600462292185,5739
"(0.5910680656443368, 1.0)",1,99.13595714434987,5740
"(0.958227107069612, 0.9958292603453894)",2,99.13583309569408,5742
"(0.8222222222222222, 1.0)",1,99.13543067408786,5743
"(0.9876221896383188, 0.9958292603453894)",1,99.13540843419776,5744
"(0.8341307814992026, 0.9833229101521784)",1,99.1352322961393,5745
"(0.9618291283060416, 0.9958292603453894)",2,99.1345852065402,5747
"(0.7503607503607503, 1.0)",1,99.13455643244924,5748
"(0.9153439153439156, 1.0)",1,99.134485495061,5749
"(0.9441792447111594, 1.0)",1,99.13440810645696,5750
"(0.917469251615593, 1.0)",1,99.13430075147112,5751
"(0.978932178932179, 0.9958292603453894)",2,99.13403625624544,5753
"(0.9744745723240348, 1.0)",1,99.13396086630442,5754
"(0.9169719169719168, 1.0)",1,99.13371895800464,5755
"(0.916449550595892, 1.0)",1,99.13366606142732,5756
"(0.8653198653198653, 1.0)",1,99.13334010360612,5757
"(0.8420013166556947, 1.0)",1,99.1328428344578,5758
"(0.970619176311776, 0.9958292603453894)",1,99.13282328962526,5759
"(1.0, 1.0)",1,99.13244189174216,5760
"(0.962264663441134, 0.9958292603453894)",1,99.13210915382646,5761
"(0.9916666666666668, 0.9958292603453894)",2,99.13209681778,5763
"(0.799275702501509, 1.0)",1,99.13208092033824,5764
"(0.9791299139401608, 0.991777356103732)",1,99.13192597134056,5765
"(0.901575014782562, 1.0)",1,99.13188997098804,5766
"(1.0, 1.0)",2,99.13184205343023,5768
"(0.8796475392220073, 1.0)",2,99.13174144034416,5770
"(0.9876066164491212, 0.9958292603453894)",2,99.13170849299564,5772
"(0.9751539794803552, 0.9958292603453894)",1,99.13167844109653,5773
"(0.844988344988345, 1.0)",1,99.13164164639088,5774
"(0.9874762808349148, 0.9958292603453894)",1,99.1315675083374,5775
"(0.7979797979797979, 1.0)",1,99.1315043362604,5776
"(0.9161952650324744, 1.0)",2,99.13130202276378,5778
"(0.6825396825396824, 1.0)",1,99.13120868101616,5779
"(0.7944219523166891, 1.0)",1,99.13116785926192,5780
"(0.7601164382773579, 1.0)",1,99.13115739275862,5781
"(0.9161952650324744, 1.0)",1,99.13115447067744,5782
"(0.8468951683237397, 1.0)",1,99.13078893026824,5783
"(0.9833229101521784, 1.0)",1,99.1305873441441,5784
"(0.9169719169719168, 1.0)",1,99.1305259665292,5785
"(0.8137865219658889, 1.0)",1,99.1304984469044,5786
"(0.934122934122934, 1.0)",1,99.130486580658,5787
"(0.9916585206907788, 0.9958292603453894)",1,99.1303343866544,5788
"(0.8222222222222222, 1.0)",1,99.13019621784456,5789
"(0.7416325017951034, 1.0)",1,99.12976349904568,5790
"(0.6733821733821733, 1.0)",1,99.12972161828776,5791
"(0.9333333333333332, 1.0)",1,99.12969285742074,5792
"(0.7656073923822403, 1.0)",1,99.12967254860789,5793
"(0.7640454555806062, 1.0)",1,99.12955550336672,5794
"(0.9958292603453894, 0.9958292603453894)",2,99.12936493427485,5796
"(0.9166145507608924, 1.0)",1,99.12905310441708,5797
"(0.934122934122934, 1.0)",1,99.1290200213885,5798
"(0.8016677935542034, 1.0)",1,99.128860458098,5799
"(0.8294970161977834, 0.9833229101521784)",1,99.1287829434944,5800
"(0.979055829228243, 0.9958292603453894)",2,99.12865321549717,5802
"(0.975195619792394, 0.9958292603453894)",2,99.12861522787124,5804
"(0.861111111111111, 1.0)",1,99.12859576176156,5805
"(0.9874877810361682, 0.9958292603453894)",1,99.12857057082412,5806
"(0.9696986734304888, 0.9958292603453894)",1,99.1285119147476,5807
"(0.757745166550198, 1.0)",1,99.1283937834761,5808
"(0.8976982097186702, 1.0)",1,99.12828221326744,5809
"(0.861111111111111, 1.0)",1,99.128257718367,5810
"(0.8814814814814814, 1.0)",2,99.12804513645682,5812
"(0.9916585206907788, 0.9958292603453894)",1,99.12750962692527,5813
"(0.9666562434855118, 1.0)",1,99.12744812120124,5814
"(0.8615866942983156, 1.0)",1,99.12728220261248,5815
"(0.8016677935542034, 1.0)",1,99.126927953461,5816
"(1.0, 1.0)",1,99.1269121286804,5817
"(0.9153439153439156, 1.0)",1,99.1269039392981,5818
"(0.9326599326599326, 1.0)",1,99.1265445383588,5819
"(0.9665831244778612, 1.0)",1,99.12654012469312,5820
"(0.987463247273494, 0.9958292603453894)",1,99.12634286089371,5821
"(0.7164894725870335, 1.0)",1,99.12629217940002,5822
"(0.826388888888889, 1.0)",2,99.1262897920548,5824
"(0.9497171590194846, 1.0)",1,99.12617792236982,5825
"(0.9649790647893116, 0.9958292603453894)",2,99.12593124164508,5827
"(0.9333333333333332, 1.0)",1,99.1257551950171,5828
"(0.8420013166556946, 1.0)",1,99.12571860097204,5829
"(0.8053381731676306, 1.0)",2,99.1256905388908,5831
"(0.8796475392220073, 1.0)",4,99.12560819398767,5835
"(0.9792766373411534, 0.9958292603453894)",2,99.12519222620936,5837
"(0.8068904981347378, 1.0)",1,99.12514336715336,5838
"(0.9326599326599326, 1.0)",1,99.12482675494236,5839
"(0.9664171122994653, 0.9958292603453894)",1,99.12482112776796,5840
"(0.8420013166556946, 1.0)",1,99.12478143769,5841
"(0.7164894725870335, 1.0)",2,99.12473291131828,5843
"(0.7090909090909091, 1.0)",1,99.12470137732402,5844
"(0.868077055383557, 1.0)",1,99.12451131581516,5845
"(0.9669558693467613, 0.9958292603453894)",1,99.12447204464738,5846
"(0.9833229101521784, 1.0)",2,99.1242385806604,5848
"(0.7121693121693121, 1.0)",4,99.12402074131076,5852
"(0.961552316099405, 0.9958292603453894)",2,99.12394126754242,5854
"(0.776488287126585, 1.0)",1,99.12368493586368,5855
"(1.0, 1.0)",1,99.1236050309221,5856
"(0.9326599326599326, 1.0)",1,99.12356418025654,5857
"(0.9299507899507898, 1.0)",1,99.12347734655152,5858
"(0.6733821733821733, 1.0)",1,99.12332657419677,5859
"(0.8976982097186702, 1.0)",2,99.12324272097568,5861
"(0.9441792447111594, 1.0)",2,99.12317590459848,5863
"(0.8976982097186702, 1.0)",1,99.12291776477672,5864
"(0.7164894725870335, 1.0)",1,99.12268241149926,5865
"(0.97934925289764, 0.9958292603453894)",1,99.12250958538932,5866
"(0.8666666666666667, 1.0)",1,99.12228502776549,5867
"(0.9833229101521784, 1.0)",1,99.12193011556238,5868
"(0.7734344933751168, 1.0)",1,99.12147637118872,5869
"(1.0, 1.0)",2,99.1212799086868,5871
"(0.9833229101521784, 1.0)",1,99.12113855679875,5872
"(1.0, 1.0)",1,99.12096038109144,5873
"(0.9748524098350704, 0.9958292603453894)",1,99.12083704763492,5874
"(0.7222222222222221, 1.0)",4,99.12079916744516,5878
"(0.8976982097186702, 1.0)",1,99.120715149355,5879
"(0.816195709052852, 1.0)",1,99.12049901275522,5880
"(0.9441792447111594, 1.0)",1,99.12047033981916,5881
"(0.8222222222222222, 0.9833229101521784)",1,99.12045037960073,5882
"(0.9958292603453894, 0.9958292603453894)",1,99.12014363157176,5883
"(0.9618291283060416, 0.9958292603453894)",2,99.1201295995161,5885
"(0.9437903841498612, 1.0)",1,99.120107824329,5886
"(0.8177442148030384, 1.0)",1,99.11977156542476,5887
"(0.9873891625615764, 0.9958292603453894)",1,99.1196903499163,5888
"(0.6779618620193896, 1.0)",1,99.1195024010808,5889
"(0.7075023741690408, 1.0)",1,99.11949338954857,5890
"(0.8372053872053872, 1.0)",1,99.11937339674078,5891
"(0.9876221896383188, 0.9958292603453894)",1,99.11928752195834,5892
"(0.7503607503607503, 1.0)",1,99.11901198248631,5893
"(0.9833229101521784, 1.0)",1,99.11885988248888,5894
"(0.9166145507608924, 1.0)",1,99.11884875579229,5895
"(0.8997493734335841, 1.0)",1,99.11848957522398,5896
"(0.8976982097186702, 1.0)",1,99.11836568566866,5897
"(0.987463247273494, 0.9958292603453894)",1,99.11833464614398,5898
"(0.73687720936437, 1.0)",1,99.11828889455848,5899
"(0.7485857950974231, 1.0)",1,99.11817110178156,5900
"(0.9835199925522506, 0.9958292603453894)",1,99.11795889466846,5901
"(0.9916585206907788, 0.9958292603453894)",2,99.11794981368072,5903
"(0.6779618620193896, 1.0)",1,99.11788719546868,5904
"(0.9649790647893116, 0.9958292603453894)",1,99.11740444589164,5905
"(0.987463247273494, 0.9958292603453894)",2,99.11738930534864,5907
"(0.9748850895736324, 0.9958292603453894)",2,99.11737481838604,5909
"(0.9748850895736324, 1.0)",1,99.11727727819786,5910
"(0.9916666666666668, 0.9958292603453894)",1,99.11682757364908,5911
"(0.987463247273494, 0.9958292603453894)",1,99.11654942650652,5912
"(0.958095238095238, 0.9958292603453894)",2,99.11623002890434,5914
"(0.9833229101521784, 1.0)",1,99.11606196542006,5915
"(0.9665831244778612, 1.0)",1,99.11581140421228,5916
"(0.9876221896383188, 0.9958292603453894)",2,99.11571105952184,5918
"(0.9832925076188832, 0.9958292603453894)",1,99.11559440416364,5919
"(0.9, 1.0)",1,99.1153545337918,5920
"(0.7083333333333334, 1.0)",1,99.11527400474796,5921
"(0.9161952650324744, 1.0)",1,99.11507164212908,5922
"(1.0, 1.0)",1,99.1148524088787,5923
"(0.8420013166556946, 1.0)",1,99.11478875512212,5924
"(0.970607585468542, 0.9958292603453894)",1,99.11474771105614,5925
"(0.8222222222222222, 1.0)",1,99.11471984525924,5926
"(0.7164894725870335, 1.0)",1,99.1146323775592,5927
"(0.9750943974852894, 0.9958292603453894)",2,99.11450722485424,5929
"(0.9161952650324744, 0.9833229101521784)",1,99.11443628612338,5930
"(0.9649790647893116, 0.9958292603453894)",2,99.1139310777564,5932
"(0.8997493734335841, 1.0)",1,99.1139227503081,5933
"(0.7362637362637362, 1.0)",1,99.113887467546,5934
"(0.8229870141950848, 1.0)",1,99.11382067847182,5935
"(0.979051756240299, 0.9958292603453894)",1,99.1137205366082,5936
"(0.9161952650324744, 1.0)",1,99.11361966411675,5937
"(0.8976982097186702, 1.0)",2,99.11355858321062,5939
"(0.9916585206907788, 0.9958292603453894)",1,99.11340796984256,5940
"(0.9658159033159032, 0.9958292603453894)",1,99.11338719362328,5941
"(0.979055829228243, 0.9958292603453894)",1,99.1132924381126,5942
"(1.0, 0.9958292603453894)",1,99.113153654571,5943
"(0.9326599326599326, 1.0)",2,99.1130905893422,5945
"(0.868077055383557, 1.0)",1,99.11269018634314,5946
"(0.9791258409522168, 0.9958292603453894)",2,99.11260818838976,5948
"(0.6815232656375146, 1.0)",1,99.11217578922952,5949
"(0.8053381731676306, 1.0)",1,99.11211581582508,5950
"(0.9833229101521784, 1.0)",2,99.1116185058834,5952
"(0.757745166550198, 1.0)",1,99.11158460877218,5953
"(0.8468951683237397, 1.0)",1,99.1112997084846,5954
"(0.8997493734335841, 1.0)",1,99.11121898047443,5955
"(0.97934925289764, 0.9958292603453894)",1,99.11119847111333,5956
"(0.9326599326599326, 1.0)",1,99.1110302814336,5957
"(0.9791258409522168, 0.9958292603453894)",1,99.11093950257414,5958
"(0.8294970161977834, 0.9833229101521784)",1,99.11082721761042,5959
"(0.917469251615593, 1.0)",1,99.11078070903562,5960
"(0.7090909090909091, 1.0)",1,99.11059563742492,5961
"(0.8341307814992026, 1.0)",1,99.11059195894636,5962
"(0.9791258409522168, 0.9958292603453894)",1,99.11056439613849,5963
"(0.8633762288330498, 1.0)",1,99.11050243808263,5964
"(0.8814814814814814, 0.9833229101521784)",1,99.11002811286323,5965
"(0.8976982097186702, 1.0)",2,99.10996211107503,5967
"(0.961552316099405, 0.9958292603453894)",1,99.10968258210714,5968
"(1.0, 1.0)",1,99.10957935122626,5969
"(0.8068904981347378, 1.0)",1,99.10940396970216,5970
"(0.8976982097186702, 1.0)",1,99.10927579076116,5971
"(0.9666666666666668, 1.0)",1,99.10925543640909,5972
"(0.861111111111111, 1.0)",1,99.10914982865457,5973
"(0.971023600055858, 0.9958292603453894)",1,99.10905251214088,5974
"(0.9747838672665278, 1.0)",1,99.10896206578506,5975
"(0.7675138481590094, 1.0)",1,99.10863616169516,5976
"(0.9916666666666668, 0.9958292603453894)",1,99.10826291239977,5977
"(0.97899550533801, 0.9958292603453894)",2,99.10796631797324,5979
"(0.9750854369118126, 0.9958292603453894)",1,99.1079403292951,5980
"(0.9833040078201368, 0.9958292603453894)",1,99.10724981365686,5981
"(0.8599206349206349, 1.0)",1,99.107058544355,5982
"(1.0, 1.0)",1,99.10702762763428,5983
"(1.0, 1.0)",1,99.10701611064786,5984
"(0.9833229101521784, 1.0)",1,99.10687894694446,5985
"(1.0, 1.0)",1,99.10653027502292,5986
"(0.9516794286955578, 0.9916585206907788)",1,99.10649394844118,5987
"(0.757745166550198, 1.0)",1,99.1059606048154,5988
"(0.8468951683237397, 1.0)",1,99.10584070488842,5989
"(0.8796475392220073, 1.0)",1,99.10507819219536,5990
"(0.9748850895736324, 0.9958292603453894)",1,99.10486929349364,5991
"(0.5555555555555555, 1.0)",1,99.10477778770462,5992
"(0.861111111111111, 1.0)",1,99.1045881066303,5993
"(0.8068904981347378, 1.0)",1,99.1045822051168,5994
"(0.816195709052852, 1.0)",1,99.1044563369269,5995
"(0.8468951683237397, 1.0)",1,99.10421408146848,5996
"(0.837707400507675, 1.0)",1,99.10419026716735,5997
"(0.9958292603453894, 0.9958292603453894)",1,99.10414157113864,5998
"(0.7075023741690408, 1.0)",1,99.1038941260635,5999
"(0.8468951683237397, 1.0)",1,99.1037448702312,6000
"(0.6733821733821733, 1.0)",2,99.10352189019213,6002
"(0.9791625936787228, 1.0)",1,99.10336542962412,6003
"(0.9169719169719168, 1.0)",1,99.10333702427222,6004
"(0.8840455840455841, 1.0)",1,99.10294804290972,6005
"(0.6698155645524068, 1.0)",1,99.10258919044482,6006
"(0.8796475392220073, 1.0)",2,99.10231558223217,6008
"(0.8452611218568665, 1.0)",1,99.10230562762509,6009
"(0.9832401090007582, 0.9958292603453894)",1,99.10194978431264,6010
"(0.6698155645524068, 1.0)",1,99.10183079207025,6011
"(0.7075023741690408, 1.0)",1,99.10153965260044,6012
"(0.7982894736842105, 1.0)",1,99.10143195735884,6013
"(0.9666562434855118, 1.0)",1,99.1013941248216,6014
"(0.9161952650324744, 1.0)",1,99.10134472194706,6015
"(0.9835199925522506, 0.9958292603453894)",2,99.10085421610718,6017
"(0.917415489944373, 0.9833229101521784)",2,99.1008343871586,6019
"(0.8016677935542034, 1.0)",1,99.10081804065432,6020
"(0.9915151515151516, 0.9958292603453894)",1,99.10072508718132,6021
"(0.9876066164491212, 0.9958292603453894)",1,99.10048872997582,6022
"(1.0, 1.0)",3,99.10022736195992,6025
"(0.6825396825396824, 1.0)",4,99.10019273863496,6029
"(0.7075023741690408, 1.0)",1,99.09986483354426,6030
"(1.0, 0.9833229101521784)",1,99.09943714821767,6031
"(0.757745166550198, 1.0)",1,99.09920787611068,6032
"(0.8372053872053872, 1.0)",2,99.09914416252876,6034
"(0.97934925289764, 0.9958292603453894)",2,99.09876559093196,6036
"(0.8845578466141503, 1.0)",1,99.09870506010915,6037
"(0.9333333333333332, 0.9833229101521784)",2,99.09852369852378,6039
"(0.8476190476190477, 1.0)",1,99.0984126984127,6040
"(0.8420013166556946, 1.0)",1,99.0978022112307,6041
"(0.8796475392220073, 1.0)",2,99.09775133313086,6043
"(0.947552083649559, 0.9958292603453894)",2,99.09774401701392,6045
"(0.9161952650324744, 1.0)",1,99.09773759515528,6046
"(0.8229870141950848, 1.0)",1,99.0976937329628,6047
"(0.9623066688389268, 1.0)",1,99.09767947822073,6048
"(0.9665831244778612, 0.9833229101521784)",1,99.09742987158133,6049
"(0.757745166550198, 1.0)",1,99.09711571601916,6050
"(0.9161952650324744, 1.0)",1,99.09698856859168,6051
"(0.7503607503607503, 1.0)",1,99.09658906608314,6052
"(0.9666562434855118, 1.0)",1,99.09630434676258,6053
"(0.7632275132275131, 1.0)",4,99.09624016184188,6057
"(0.6734452539330588, 1.0)",1,99.09595026258798,6058
"(0.8476190476190477, 1.0)",1,99.09586061165008,6059
"(0.7164894725870335, 1.0)",1,99.09561309128512,6060
"(0.9747273037595618, 0.9958292603453894)",2,99.09549634635744,6062
"(0.9333333333333332, 1.0)",1,99.09525809950937,6063
"(0.7802197802197803, 1.0)",1,99.09514660315511,6064
"(0.7656073923822403, 1.0)",1,99.0949501363591,6065
"(0.97495917428555, 0.9958292603453894)",1,99.094826511371,6066
"(0.8016677935542034, 1.0)",1,99.09480374969633,6067
"(0.844988344988345, 1.0)",2,99.09459179388575,6069
"(0.9791348015256934, 0.9958292603453894)",1,99.09453634890774,6070
"(0.9161952650324744, 1.0)",1,99.09449316085482,6071
"(0.9833229101521784, 1.0)",4,99.09443402126328,6075
"(0.9833040078201368, 0.9958292603453894)",2,99.09440714653618,6077
"(0.8615866942983156, 1.0)",1,99.09416426220352,6078
"(0.9871616776282092, 0.9958292603453894)",1,99.09415506821612,6079
"(0.9788980434141724, 0.9958292603453894)",1,99.09397913687935,6080
"(0.9916585206907788, 0.9958292603453894)",1,99.09395997662308,6081
"(0.8814814814814814, 1.0)",1,99.09368786746464,6082
"(0.7416325017951034, 1.0)",2,99.09363268044385,6084
"(0.8635976129582268, 1.0)",1,99.09359094399636,6085
"(0.6698155645524068, 1.0)",2,99.09342332379448,6087
"(0.917469251615593, 1.0)",1,99.09329326849864,6088
"(0.9497171590194846, 1.0)",1,99.09319991763311,6089
"(0.7503607503607503, 1.0)",1,99.09310340834423,6090
"(0.9916666666666668, 0.9958292603453894)",1,99.09305684698464,6091
"(0.9750072792119512, 1.0)",1,99.09286945219236,6092
"(0.8813080639167598, 1.0)",2,99.09280146033652,6094
"(0.8420013166556946, 1.0)",1,99.09214883061772,6095
"(0.9876221896383188, 0.9916666666666668)",1,99.09198342710518,6096
"(1.0, 1.0)",1,99.09171573773008,6097
"(0.8976982097186702, 1.0)",1,99.09169967051656,6098
"(0.8796475392220073, 1.0)",2,99.09156940889814,6100
"(0.9789546069211384, 0.9958292603453894)",1,99.09151080191248,6101
"(0.9301144010060736, 1.0)",1,99.0912973223381,6102
"(0.9791299139401608, 0.9958292603453894)",1,99.09040102750778,6103
"(0.882673371045464, 1.0)",1,99.09035951142492,6104
"(0.979273283115788, 0.9958292603453894)",1,99.09031911587118,6105
"(0.898989898989899, 1.0)",1,99.08963400092348,6106
"(0.8316498316498316, 1.0)",1,99.0893735484455,6107
"(0.9161952650324744, 1.0)",1,99.08934891771432,6108
"(0.9665831244778612, 1.0)",1,99.0892548079584,6109
"(0.9833229101521784, 1.0)",1,99.08866030739016,6110
"(0.7421018697614443, 1.0)",1,99.08859288233444,6111
"(1.0, 1.0)",1,99.08858810566126,6112
"(0.8976982097186702, 1.0)",2,99.08855120184484,6114
"(0.8054298642533937, 1.0)",1,99.08853993505689,6115
"(0.7222222222222221, 1.0)",1,99.08851349762776,6116
"(1.0, 1.0)",1,99.08845418008109,6117
"(0.8615866942983156, 1.0)",1,99.08842230780417,6118
"(0.7916666666666666, 1.0)",1,99.08807908544826,6119
"(0.617513611615245, 1.0)",1,99.08790644201866,6120
"(0.7802197802197803, 1.0)",1,99.08790134142106,6121
"(0.970619176311776, 0.9958292603453894)",2,99.08763168805592,6123
"(0.9791258409522168, 0.9958292603453894)",1,99.0875974921378,6124
"(0.9791332681655264, 0.9958292603453894)",1,99.08738162632078,6125
"(0.8222222222222222, 1.0)",1,99.08668853988884,6126
"(0.9499687304565352, 1.0)",1,99.08659455983884,6127
"(0.934122934122934, 1.0)",1,99.08656733668488,6128
"(0.8229870141950848, 1.0)",1,99.08650690599669,6129
"(0.9876221896383188, 0.9958292603453894)",1,99.0863044233096,6130
"(0.9153439153439156, 1.0)",1,99.0863019501614,6131
"(0.9833229101521784, 1.0)",1,99.08622384063932,6132
"(0.7421018697614443, 0.9833229101521784)",1,99.08618134612595,6133
"(0.6733821733821733, 1.0)",2,99.08603519491842,6135
"(0.9874762808349148, 0.9958292603453894)",1,99.08547721436852,6136
"(0.9435817855979146, 0.9958292603453894)",1,99.0853339097124,6137
"(1.0, 1.0)",1,99.08414844663793,6138
"(0.9153439153439156, 1.0)",1,99.0839161669023,6139
"(0.7734344933751168, 1.0)",2,99.08379258136324,6141
"(1.0, 1.0)",1,99.08369200240767,6142
"(0.987463247273494, 0.9958292603453894)",1,99.08350667211516,6143
"(0.8016677935542034, 1.0)",1,99.083484738132,6144
"(0.987463247273494, 0.9958292603453894)",1,99.08346383507192,6145
"(0.9876221896383188, 0.9958292603453894)",1,99.0834226360191,6146
"(0.9788980434141724, 0.9958292603453894)",1,99.08339185717016,6147
"(0.9333333333333332, 1.0)",1,99.083276434204,6148
"(0.9326599326599326, 1.0)",1,99.08289650728672,6149
"(1.0, 1.0)",1,99.08269736254324,6150
"(0.9746535316523212, 0.9958292603453894)",1,99.08262859509854,6151
"(0.6698155645524068, 1.0)",1,99.0822950636907,6152
"(0.9326599326599326, 1.0)",2,99.0822584210504,6154
"(0.9833229101521784, 1.0)",1,99.08224402546674,6155
"(0.8845578466141503, 1.0)",1,99.08202797026134,6156
"(0.8341307814992026, 0.9833229101521784)",4,99.08188284876351,6160
"(0.9161952650324744, 1.0)",1,99.08177540859276,6161
"(1.0, 1.0)",1,99.08118237520868,6162
"(0.9161952650324744, 1.0)",1,99.08093328300114,6163
"(0.861111111111111, 1.0)",1,99.08077763390926,6164
"(0.975195619792394, 0.9958292603453894)",1,99.08068297680448,6165
"(0.7362637362637362, 1.0)",1,99.08060476109256,6166
"(0.9333333333333332, 1.0)",1,99.08059376944348,6167
"(0.898989898989899, 1.0)",2,99.08054353625492,6169
"(0.9161952650324744, 1.0)",1,99.08050905117558,6170
"(0.9582389563841176, 0.9958292603453894)",2,99.08008485940668,6172
"(0.9958292603453894, 0.9958292603453894)",1,99.07995624858086,6173
"(0.8420013166556946, 1.0)",1,99.07990377866744,6174
"(0.617513611615245, 1.0)",1,99.07981866398082,6175
"(0.8053381731676306, 1.0)",1,99.07978627106829,6176
"(0.861111111111111, 1.0)",1,99.07974760734264,6177
"(0.9666562434855118, 1.0)",1,99.079513756343,6178
"(0.9435817855979146, 0.9958292603453894)",1,99.07944438251954,6179
"(0.979273283115788, 0.9958292603453894)",1,99.0792932079618,6180
"(0.6825396825396824, 0.9833229101521784)",1,99.07893876290352,6181
"(0.9749706744868036, 0.9958292603453894)",1,99.07889047331382,6182
"(0.725278469959321, 1.0)",1,99.0787345739875,6183
"(0.9916666666666668, 0.9958292603453894)",1,99.07872797669766,6184
"(0.9833229101521784, 1.0)",1,99.07868575993052,6185
"(0.8796475392220073, 0.9833229101521784)",1,99.0783650960911,6186
"(1.0, 1.0)",2,99.07775693141546,6188
"(0.987463247273494, 0.9958292603453894)",2,99.0775577847978,6190
"(1.0, 1.0)",1,99.07725339650231,6191
"(0.9666562434855118, 1.0)",1,99.0770838573612,6192
"(0.97934925289764, 0.9958292603453894)",1,99.07694008522726,6193
"(0.9833229101521784, 1.0)",1,99.07684341247771,6194
"(0.8732774170274171, 1.0)",1,99.07652984199336,6195
"(0.9665831244778612, 1.0)",1,99.07630562874016,6196
"(0.826388888888889, 1.0)",1,99.07621667304716,6197
"(0.5910680656443368, 1.0)",1,99.07621647217874,6198
"(0.9750780096985032, 0.9958292603453894)",1,99.07576852173176,6199
"(0.7075023741690408, 1.0)",1,99.0748943786728,6200
"(0.979055829228243, 0.9958292603453894)",1,99.07489265172508,6201
"(1.0, 1.0)",1,99.07470882540515,6202
"(0.9746535316523212, 0.9958292603453894)",2,99.07459406238088,6204
"(0.8635976129582268, 1.0)",1,99.07456758554116,6205
"(0.9497171590194846, 1.0)",2,99.07440863303805,6207
"(0.7562136521052955, 0.986081059422206)",1,99.07421092417532,6208
"(0.947552083649559, 0.9958292603453894)",1,99.07395275690008,6209
"(0.8165520116739629, 1.0)",2,99.07389433942988,6211
"(0.7362637362637362, 1.0)",4,99.07382064770874,6215
"(1.0, 1.0)",2,99.07374690779608,6217
"(0.987463247273494, 0.9958292603453894)",1,99.0736815565791,6218
"(0.8016677935542034, 1.0)",1,99.07359411316538,6219
"(0.8796475392220073, 1.0)",1,99.073397219665,6220
"(0.9833229101521784, 1.0)",1,99.0733933284574,6221
"(0.8796475392220073, 1.0)",1,99.07337539536864,6222
"(1.0, 1.0)",1,99.0733306326309,6223
"(0.6698155645524068, 1.0)",1,99.0731429888041,6224
"(0.9665831244778612, 1.0)",1,99.0730309499692,6225
"(0.9750481776288228, 0.9958292603453894)",2,99.07287873232902,6227
"(0.9582389563841176, 0.9958292603453894)",1,99.07277509997176,6228
"(0.9791258409522168, 0.9958292603453894)",1,99.0727020151304,6229
"(0.9161952650324744, 1.0)",1,99.07258828567772,6230
"(0.9792766373411534, 0.9958292603453894)",1,99.0723843194561,6231
"(0.844988344988345, 1.0)",1,99.07205656274976,6232
"(0.8796475392220073, 1.0)",1,99.07201440763,6233
"(1.0, 1.0)",1,99.07193985313609,6234
"(0.9833040078201368, 0.9958292603453894)",1,99.0718458004768,6235
"(0.7362637362637362, 1.0)",1,99.07183742779694,6236
"(0.8137566137566138, 1.0)",1,99.07172220919142,6237
"(0.861111111111111, 1.0)",1,99.07164319692308,6238
"(0.933096859926128, 1.0)",4,99.07162710775664,6242
"(0.987463247273494, 0.9958292603453894)",1,99.07145468741297,6243
"(0.7075023741690408, 1.0)",1,99.0709703817828,6244
"(0.958095238095238, 0.9916666666666668)",1,99.07082319800033,6245
"(0.9153439153439156, 1.0)",1,99.07069491480084,6246
"(0.8420013166556946, 1.0)",1,99.07049000189475,6247
"(0.9331662489557224, 1.0)",1,99.07038268052736,6248
"(0.898989898989899, 1.0)",2,99.07031887350269,6250
"(0.7090909090909091, 1.0)",1,99.070276471496,6251
"(0.9003556829643787, 1.0)",1,99.07014841578668,6252
"(0.8976982097186702, 1.0)",1,99.07012808081129,6253
"(0.9833229101521784, 1.0)",4,99.06999100837356,6257
"(0.9707136080238548, 0.9958292603453894)",1,99.06969097454676,6258
"(0.9333333333333332, 1.0)",1,99.06904481725044,6259
"(0.9497171590194846, 1.0)",2,99.06898205167998,6261
"(0.861111111111111, 1.0)",1,99.06896282906402,6262
"(0.8997493734335841, 1.0)",1,99.06865285006526,6263
"(0.9326599326599326, 1.0)",1,99.06858144691384,6264
"(0.9326599326599326, 1.0)",1,99.06849254616714,6265
"(0.9833229101521784, 1.0)",1,99.06842165116149,6266
"(0.7880931329207191, 1.0)",1,99.06838137738488,6267
"(0.9792521035784794, 0.9958292603453894)",2,99.06830219587393,6269
"(0.9666562434855118, 1.0)",1,99.068264053309,6270
"(0.7097211628104076, 1.0)",1,99.06822378294068,6271
"(0.9167853751187084, 1.0)",1,99.06818470537436,6272
"(0.617513611615245, 1.0)",4,99.068008556846,6276
"(0.9833229101521784, 1.0)",2,99.06781089399831,6278
"(0.9158007932517735, 1.0)",1,99.06777055520492,6279
"(0.930704099821747, 1.0)",1,99.06747157837783,6280
"(0.987463247273494, 0.991777356103732)",1,99.06740852563844,6281
"(0.9748524098350704, 0.9958292603453894)",2,99.06719303389576,6283
"(0.9833229101521784, 1.0)",1,99.067134002676,6284
"(0.7164894725870335, 1.0)",1,99.06711424824118,6285
"(0.868077055383557, 1.0)",1,99.06669346330224,6286
"(0.7686844739476318, 1.0)",1,99.0665998899632,6287
"(0.987463247273494, 0.9958292603453894)",1,99.06634313141014,6288
"(0.8845578466141503, 1.0)",1,99.06598817136177,6289
"(0.9665831244778612, 1.0)",1,99.06598646903343,6290
"(0.9876221896383188, 0.9958292603453894)",2,99.0658975837312,6292
"(1.0, 1.0)",4,99.06578099953092,6296
"(0.9499687304565352, 1.0)",1,99.06572685179424,6297
"(0.7075023741690408, 1.0)",2,99.065720511651,6299
"(0.844988344988345, 1.0)",1,99.06545625825429,6300
"(0.9326599326599326, 1.0)",1,99.06543852346458,6301
"(0.9833229101521784, 1.0)",1,99.06539406609562,6302
"(1.0, 1.0)",1,99.06527111070092,6303
"(0.6825396825396824, 0.9833229101521784)",1,99.06526364331248,6304
"(1.0, 1.0)",1,99.06504585861596,6305
"(0.861111111111111, 1.0)",1,99.06493569108127,6306
"(0.7204751921733054, 1.0)",1,99.06447811000848,6307
"(0.9331662489557228, 1.0)",1,99.06446900996563,6308
"(0.8653198653198653, 0.9833229101521784)",1,99.06397648645466,6309
"(0.9497171590194848, 1.0)",1,99.0635717376321,6310
"(0.9161952650324744, 1.0)",2,99.0634019302408,6312
"(0.947552083649559, 0.9958292603453894)",1,99.0633893773764,6313
"(0.8137865219658889, 1.0)",1,99.06312485095316,6314
"(0.8796475392220073, 1.0)",1,99.06311598698665,6315
"(0.9874747474747476, 0.9958292603453894)",1,99.06290877787688,6316
"(0.9333333333333332, 1.0)",1,99.06288103598312,6317
"(1.0, 1.0)",2,99.06264037803146,6319
"(0.6825396825396824, 1.0)",1,99.06249085063456,6320
"(0.8976982097186702, 1.0)",1,99.06154587570585,6321
"(0.9533841533841534, 0.9958292603453894)",1,99.06153824217876,6322
"(0.7734344933751168, 1.0)",1,99.06095613021957,6323
"(0.7880931329207191, 1.0)",1,99.06080884616638,6324
"(0.8651903651903651, 1.0)",1,99.06073817957775,6325
"(0.9665831244778612, 1.0)",1,99.06071836022826,6326
"(0.8796475392220073, 1.0)",1,99.06054413903895,6327
"(0.826388888888889, 1.0)",1,99.06054012635146,6328
"(0.6733821733821733, 1.0)",1,99.06004011421702,6329
"(0.8796475392220073, 1.0)",1,99.06002100677183,6330
"(0.979273283115788, 0.9958292603453894)",2,99.06001704817946,6332
"(0.9326599326599326, 1.0)",1,99.05991639464035,6333
"(0.9497171590194846, 1.0)",1,99.05974614138032,6334
"(0.8653198653198653, 1.0)",1,99.05958939143255,6335
"(0.9874762808349148, 0.9958292603453894)",1,99.05954314402382,6336
"(0.5910680656443368, 1.0)",1,99.05947668650442,6337
"(0.9833229101521784, 1.0)",2,99.05937368468392,6339
"(0.8796475392220073, 1.0)",1,99.0588797512482,6340
"(0.9497171590194846, 1.0)",2,99.05884593670564,6342
"(0.7416325017951034, 1.0)",1,99.05868853598402,6343
"(0.826388888888889, 1.0)",1,99.05855168375282,6344
"(0.8633762288330498, 1.0)",1,99.05816082840072,6345
"(0.8997493734335841, 1.0)",1,99.05788773346212,6346
"(0.844988344988345, 1.0)",1,99.05749837906448,6347
"(0.8068904981347378, 1.0)",1,99.05748105812332,6348
"(0.9497171590194848, 1.0)",2,99.05721134198537,6350
"(0.776488287126585, 1.0)",1,99.05679029494932,6351
"(0.9746535316523212, 0.9958292603453894)",1,99.05651520783964,6352
"(0.6698155645524068, 1.0)",1,99.05634374056989,6353
"(0.5910680656443368, 1.0)",1,99.05617097761562,6354
"(0.808446455505279, 1.0)",1,99.05616329648916,6355
"(0.8137566137566138, 1.0)",1,99.05587937030111,6356
"(0.9749395281084088, 0.9958292603453894)",1,99.05564792176992,6357
"(0.7069597069597069, 1.0)",1,99.05560564097144,6358
"(0.8976982097186702, 1.0)",2,99.05559057833926,6360
"(0.861111111111111, 1.0)",1,99.05555115831548,6361
"(0.958227107069612, 0.9958292603453894)",1,99.0555030277379,6362
"(0.9580602951397298, 0.9958292603453894)",2,99.05534484757072,6364
"(0.9665831244778612, 1.0)",1,99.05530378969792,6365
"(0.8976982097186702, 1.0)",1,99.05529822580448,6366
"(0.9791625936787228, 0.9958292603453894)",1,99.05510167117735,6367
"(0.9789546069211384, 0.9958292603453894)",1,99.055088738228,6368
"(1.0, 1.0)",2,99.05494645638116,6370
"(0.8796475392220073, 1.0)",1,99.05487651799405,6371
"(0.5502402432393444, 1.0)",1,99.05485414118164,6372
"(0.816195709052852, 1.0)",1,99.05475326691813,6373
"(0.7030539311241066, 1.0)",1,99.0546917523724,6374
"(0.9833229101521784, 1.0)",2,99.05464434086524,6376
"(0.5555555555555555, 1.0)",2,99.05458670377018,6378
"(0.9003556829643787, 1.0)",1,99.05442769409228,6379
"(1.0, 1.0)",1,99.05419298050876,6380
"(0.8976982097186702, 1.0)",1,99.05409670670424,6381
"(0.9326599326599326, 1.0)",1,99.053845963405,6382
"(0.9958292603453894, 0.9958292603453894)",1,99.053768505541,6383
"(0.9326599326599326, 1.0)",1,99.05362644398974,6384
"(0.808446455505279, 1.0)",1,99.05341330849076,6385
"(0.757745166550198, 1.0)",1,99.05326262528816,6386
"(0.8633762288330498, 1.0)",1,99.0531021157134,6387
"(0.8420013166556946, 1.0)",1,99.05291897569518,6388
"(0.9333333333333332, 1.0)",1,99.05290256076934,6389
"(0.933096859926128, 1.0)",2,99.0528793145723,6391
"(0.9161952650324744, 1.0)",1,99.05272095525322,6392
"(0.974731376747506, 0.9958292603453894)",1,99.05238562692288,6393
"(0.9497171590194846, 1.0)",1,99.05230496183216,6394
"(0.9665831244778612, 1.0)",2,99.05228993982502,6396
"(0.73687720936437, 1.0)",1,99.05184631624618,6397
"(0.6760835913312693, 1.0)",1,99.05132330442753,6398
"(0.9333333333333332, 0.9833229101521784)",1,99.05115893855246,6399
"(0.901575014782562, 1.0)",1,99.05063352136511,6400
"(0.6760835913312693, 1.0)",1,99.05056461664756,6401
"(0.9832965806068272, 1.0)",1,99.05036619463736,6402
"(0.962505246140658, 0.9958292603453894)",1,99.05032650029436,6403
"(0.6825396825396824, 0.9833229101521784)",1,99.05021687652822,6404
"(0.9791348015256934, 0.9916625936787228)",1,99.0502095703078,6405
"(0.9665831244778612, 1.0)",1,99.05018302431652,6406
"(0.8653198653198653, 1.0)",1,99.04987882985463,6407
"(0.617513611615245, 1.0)",2,99.0494431275722,6409
"(0.6760835913312693, 1.0)",1,99.04911883029088,6410
"(1.0, 1.0)",2,99.04909239954166,6412
"(1.0, 1.0)",2,99.0488898457711,6414
"(0.7601281633539698, 1.0)",1,99.04883170988846,6415
"(1.0, 1.0)",1,99.0485060579856,6416
"(0.9665831244778612, 1.0)",1,99.04820500400444,6417
"(0.916104916104916, 1.0)",1,99.04798549990208,6418
"(0.9916666666666668, 0.9958292603453894)",2,99.04765306865424,6420
"(1.0, 1.0)",1,99.04762011279404,6421
"(0.7612958226768967, 1.0)",1,99.04753972054188,6422
"(0.617513611615245, 1.0)",1,99.04747619030373,6423
"(0.9665831244778612, 1.0)",1,99.0474480590013,6424
"(0.9873444118605408, 0.9958292603453894)",2,99.04733617144372,6426
"(0.9665831244778612, 1.0)",1,99.04724660218233,6427
"(0.9166145507608924, 1.0)",2,99.04720427109186,6429
"(0.9331662489557224, 0.9833229101521784)",1,99.04713211003332,6430
"(0.9665831244778612, 1.0)",1,99.0471141152918,6431
"(0.9, 1.0)",1,99.04702893296796,6432
"(0.962264663441134, 0.9958292603453894)",1,99.04618490369158,6433
"(0.8796475392220073, 1.0)",1,99.0458043738892,6434
"(0.979055829228243, 0.9916666666666668)",1,99.04571652617004,6435
"(0.7083333333333334, 1.0)",1,99.04550615071446,6436
"(0.8796475392220073, 1.0)",1,99.04529132347942,6437
"(0.9331662489557224, 0.9833229101521784)",1,99.04510339273956,6438
"(0.9792766373411534, 0.9958292603453894)",1,99.04504962825324,6439
"(0.861111111111111, 1.0)",1,99.0449803560724,6440
"(1.0, 1.0)",1,99.0446349878577,6441
"(0.8374727668845315, 1.0)",2,99.0444494357257,6443
"(0.7030539311241066, 1.0)",1,99.04436511096183,6444
"(0.7734344933751168, 1.0)",1,99.04427904037172,6445
"(0.9833040078201368, 0.9958292603453894)",1,99.04415977163916,6446
"(0.9497171590194848, 1.0)",3,99.04415118028275,6449
"(0.5502402432393444, 1.0)",1,99.04379105758802,6450
"(0.8294970161977834, 1.0)",1,99.04373798995604,6451
"(0.9876221896383188, 0.9958292603453894)",1,99.0435267859451,6452
"(0.8796475392220073, 1.0)",2,99.04325059671834,6454
"(0.9435817855979146, 0.9958292603453894)",2,99.04318734757857,6456
"(0.9497171590194846, 1.0)",2,99.04243920120904,6458
"(0.8222222222222222, 1.0)",1,99.0423170661252,6459
"(1.0, 1.0)",1,99.04208677752814,6460
"(0.8294970161977834, 1.0)",2,99.042060961507,6462
"(0.7979797979797979, 1.0)",1,99.04146903076187,6463
"(0.9916585206907788, 0.9958292603453894)",1,99.04040860059256,6464
"(0.8420013166556946, 1.0)",1,99.04038744443356,6465
"(0.9791332681655264, 0.9958292603453894)",1,99.04029889680235,6466
"(0.9833211143695014, 0.9958292603453894)",1,99.04027298846212,6467
"(1.0, 1.0)",1,99.04022095779206,6468
"(0.826388888888889, 1.0)",1,99.03982747823412,6469
"(0.901575014782562, 1.0)",1,99.03958138781611,6470
"(0.9326599326599326, 1.0)",1,99.03940423895922,6471
"(0.97934925289764, 0.9958292603453894)",2,99.0393902041442,6473
"(0.9748524098350704, 0.9958292603453894)",1,99.03907991541952,6474
"(0.868077055383557, 1.0)",1,99.03898295514426,6475
"(0.9835199925522506, 0.9916666666666668)",1,99.03856712588852,6476
"(0.9333333333333332, 1.0)",1,99.03855472147885,6477
"(0.9788980434141724, 0.9916585206907788)",1,99.03845551170444,6478
"(0.8796475392220073, 1.0)",1,99.03837400011096,6479
"(0.808446455505279, 1.0)",1,99.03837141721962,6480
"(0.8468951683237397, 1.0)",1,99.03830035331048,6481
"(0.8053381731676306, 1.0)",1,99.0378493507324,6482
"(0.8420013166556946, 1.0)",1,99.03765111756036,6483
"(0.9748524098350704, 0.9958292603453894)",1,99.0368227851429,6484
"(0.6238244514106583, 1.0)",1,99.03658555421588,6485
"(0.7155555555555556, 1.0)",2,99.03629625878474,6487
"(0.9499687304565352, 1.0)",1,99.03621049175568,6488
"(0.9833229101521784, 1.0)",1,99.03604017688004,6489
"(0.8976982097186702, 1.0)",1,99.0357345900812,6490
"(0.8374727668845315, 1.0)",1,99.0356666951504,6491
"(0.721056721056721, 1.0)",1,99.03545235637664,6492
"(0.7204751921733054, 1.0)",1,99.03532453959318,6493
"(0.7075023741690408, 1.0)",1,99.0352442817448,6494
"(0.987491854024112, 0.9958292603453894)",1,99.03486104319514,6495
"(0.9750943974852894, 0.9958292603453894)",1,99.03480849077872,6496
"(0.837707400507675, 1.0)",1,99.0345748677356,6497
"(0.9665831244778612, 1.0)",1,99.03449327783156,6498
"(0.859499940327008, 1.0)",1,99.03431469137564,6499
"(0.9832401090007582, 0.9958292603453894)",1,99.03408360147463,6500
"(0.7632275132275131, 1.0)",1,99.03400511314452,6501
"(0.9873891625615764, 0.9958292603453894)",1,99.03346598173736,6502
"(0.7511111111111111, 1.0)",1,99.03334710630796,6503
"(0.8101143854687974, 1.0)",1,99.03317999193068,6504
"(0.9153439153439152, 1.0)",1,99.0330161303465,6505
"(0.7511111111111111, 1.0)",1,99.03278024141149,6506
"(1.0, 0.9833229101521784)",2,99.03277048155104,6508
"(0.8976982097186702, 1.0)",1,99.03273307956115,6509
"(0.9958292603453894, 0.9958292603453894)",1,99.03272486314388,6510
"(1.0, 0.9833229101521784)",1,99.03247721738931,6511
"(0.9665831244778612, 1.0)",1,99.03208736427028,6512
"(0.8341307814992026, 0.9833229101521784)",2,99.03185157922006,6514
"(0.757745166550198, 1.0)",1,99.03180489812247,6515
"(0.9580602951397298, 0.9958292603453894)",1,99.03175615530976,6516
"(0.8137566137566138, 1.0)",2,99.03077386323744,6518
"(0.7075023741690408, 1.0)",1,99.03068674787066,6519
"(0.8997493734335841, 1.0)",1,99.03059695033473,6520
"(1.0, 1.0)",2,99.03053325566717,6522
"(0.8374727668845315, 1.0)",1,99.03038538277534,6523
"(0.9705383010048324, 0.9958292603453894)",1,99.03029156750888,6524
"(0.8137865219658889, 0.9833229101521784)",1,99.03024782033803,6525
"(0.979051756240299, 0.9958292603453894)",2,99.0298643397982,6527
"(0.808446455505279, 1.0)",1,99.029663644352,6528
"(0.9916585206907788, 0.9958292603453894)",1,99.02955290003118,6529
"(0.9153439153439156, 1.0)",1,99.0294150012334,6530
"(0.9833229101521784, 1.0)",1,99.02938847053446,6531
"(0.9546499948224086, 0.9958292603453894)",2,99.02903926307005,6533
"(0.861111111111111, 1.0)",1,99.02872447116698,6534
"(1.0, 1.0)",1,99.02848641864684,6535
"(0.97495917428555, 0.9916666666666668)",2,99.02847422391228,6537
"(0.7802197802197803, 1.0)",1,99.02831582527467,6538
"(0.9873891625615764, 0.9915151515151516)",1,99.02830135233404,6539
"(0.9748524098350704, 0.9958292603453894)",2,99.02820905914696,6541
"(0.9610567210567212, 0.9958292603453894)",1,99.02807302905975,6542
"(0.8101143854687974, 1.0)",2,99.02798100696212,6544
"(0.8845578466141503, 1.0)",2,99.02796556748848,6546
"(0.9833229101521784, 1.0)",2,99.02773608505316,6548
"(0.7802197802197803, 1.0)",1,99.0276531252962,6549
"(0.861111111111111, 1.0)",1,99.02756031295144,6550
"(1.0, 1.0)",1,99.027389510179,6551
"(0.9153439153439156, 1.0)",1,99.02697636188395,6552
"(0.917469251615593, 1.0)",1,99.02695215178812,6553
"(0.987491854024112, 0.9958292603453894)",2,99.02683973118027,6555
"(0.7601164382773579, 1.0)",1,99.02676823984405,6556
"(0.6825396825396824, 1.0)",1,99.02674439381757,6557
"(0.8222222222222222, 1.0)",1,99.02660215597923,6558
"(0.8796475392220073, 1.0)",1,99.02655902453992,6559
"(0.9499687304565352, 0.9833229101521784)",1,99.02607520939812,6560
"(0.8053381731676306, 1.0)",2,99.0259368342164,6562
"(0.859499940327008, 1.0)",1,99.02591747574938,6563
"(0.7164894725870335, 1.0)",1,99.02587274149288,6564
"(0.6733821733821733, 1.0)",1,99.02561396732516,6565
"(0.8294970161977834, 0.9833229101521784)",1,99.02538387165916,6566
"(0.617513611615245, 1.0)",1,99.02488804432171,6567
"(0.9714797495442656, 0.9958292603453894)",1,99.02486570512976,6568
"(0.7362637362637362, 1.0)",1,99.02482527802756,6569
"(0.9326599326599326, 1.0)",2,99.02463810662351,6571
"(0.8432903075760217, 0.986081059422206)",1,99.02436069181564,6572
"(1.0, 1.0)",1,99.02380756484988,6573
"(0.8468951683237397, 1.0)",1,99.02331032803224,6574
"(0.8997493734335841, 1.0)",1,99.0232278477164,6575
"(0.9750780096985032, 0.9958292603453894)",1,99.02312557752226,6576
"(0.8329156223893065, 1.0)",1,99.02295814195128,6577
"(0.9497171590194846, 1.0)",1,99.02276155485984,6578
"(0.5910680656443368, 1.0)",1,99.02275534205948,6579
"(0.9915151515151516, 0.9958292603453894)",1,99.0226493568349,6580
"(0.9497171590194846, 1.0)",1,99.02259575698989,6581
"(0.7601164382773579, 1.0)",2,99.02256670515472,6583
"(0.617513611615245, 1.0)",1,99.02244542842072,6584
"(0.861111111111111, 1.0)",1,99.022231820841,6585
"(0.861111111111111, 1.0)",1,99.02216958480057,6586
"(0.8374727668845315, 1.0)",1,99.021461316489,6587
"(0.5555555555555555, 1.0)",4,99.02123252407456,6591
"(1.0, 1.0)",2,99.02079817002794,6593
"(0.5910680656443368, 1.0)",1,99.02078473797977,6594
"(0.9665831244778612, 1.0)",2,99.0205431899912,6596
"(0.9833211143695014, 0.991777356103732)",1,99.02050429541212,6597
"(0.8374727668845315, 1.0)",1,99.02025258876743,6598
"(1.0, 1.0)",1,99.0202524833835,6599
"(0.757745166550198, 1.0)",2,99.0202149897498,6601
"(0.9916585206907788, 0.9958292603453894)",1,99.02003269650632,6602
"(0.6698155645524068, 1.0)",1,99.0199697921688,6603
"(0.9665831244778612, 1.0)",1,99.01946215472104,6604
"(0.9169719169719168, 1.0)",1,99.01944525873732,6605
"(0.8703703703703703, 1.0)",1,99.01941619107303,6606
"(1.0, 1.0)",2,99.01903250963286,6608
"(0.8668153102935712, 1.0)",1,99.0186051963886,6609
"(0.882673371045464, 1.0)",1,99.01849946024932,6610
"(0.978932178932179, 0.9958292603453894)",1,99.0184339370219,6611
"(0.9833229101521784, 1.0)",1,99.01834592102378,6612
"(0.8796475392220073, 1.0)",1,99.0182099196708,6613
"(0.9834358767945106, 0.9958292603453894)",1,99.0181134521383,6614
"(0.861111111111111, 1.0)",1,99.01782948154728,6615
"(0.7802197802197803, 1.0)",1,99.01771657039592,6616
"(0.9833040078201368, 0.9958292603453894)",1,99.01768026967518,6617
"(0.9751539794803552, 0.9958292603453894)",1,99.0176716069063,6618
"(0.8319340617212959, 1.0)",2,99.01743740459436,6620
"(0.943710724759112, 0.9958292603453894)",1,99.01707256947664,6621
"(0.9833229101521784, 1.0)",1,99.01704227322584,6622
"(0.8308802308802309, 1.0)",1,99.01691187673494,6623
"(0.8811945374355704, 1.0)",1,99.01679902864647,6624
"(0.7083333333333334, 1.0)",1,99.01665694464496,6625
"(0.8845578466141503, 1.0)",1,99.0165910344181,6626
"(0.9161952650324744, 1.0)",1,99.01658588011504,6627
"(0.9333333333333332, 1.0)",1,99.0165272272714,6628
"(0.7198480531813864, 1.0)",1,99.01585893228264,6629
"(0.9333333333333332, 1.0)",1,99.01571642861305,6630
"(1.0, 1.0)",1,99.01560384760552,6631
"(0.8976982097186702, 1.0)",1,99.01549927893308,6632
"(0.799275702501509, 1.0)",1,99.0149878969713,6633
"(0.9430479403581872, 0.9958292603453894)",1,99.01488028508136,6634
"(0.9832184229069656, 0.991777356103732)",1,99.01463193384006,6635
"(0.8653198653198653, 1.0)",1,99.01462783749824,6636
"(0.9874762808349148, 0.9958292603453894)",1,99.01411416436176,6637
"(0.9665831244778612, 1.0)",1,99.01409387930563,6638
"(0.837707400507675, 1.0)",1,99.01373060414826,6639
"(0.9873891625615764, 0.9958292603453894)",2,99.0136068028539,6641
"(0.9792521035784794, 0.9958292603453894)",1,99.013461623897,6642
"(0.727840909090909, 0.986081059422206)",1,99.0133981396918,6643
"(0.8651903651903651, 1.0)",1,99.01335308424842,6644
"(0.9788980434141724, 0.9958292603453894)",1,99.01321886204056,6645
"(0.799275702501509, 1.0)",1,99.01253975130372,6646
"(0.861111111111111, 1.0)",1,99.01148939762096,6647
"(0.901575014782562, 1.0)",1,99.01145985130316,6648
"(0.9666562434855118, 1.0)",1,99.0112912313432,6649
"(0.9003556829643787, 1.0)",1,99.01112521582446,6650
"(0.7734344933751168, 1.0)",2,99.01084486072874,6652
"(0.8420013166556946, 1.0)",1,99.01077184376535,6653
"(0.933249791144528, 1.0)",1,99.01035678242292,6654
"(0.9584987529902784, 1.0)",1,99.01007751868552,6655
"(0.9666562434855118, 1.0)",1,99.00989924607912,6656
"(0.882673371045464, 1.0)",1,99.00925986965832,6657
"(0.7802197802197803, 1.0)",1,99.009220868561,6658
"(0.9746854694957162, 0.9958292603453894)",1,99.00890374214708,6659
"(0.746304385688563, 1.0)",1,99.00886717934108,6660
"(0.9497171590194848, 1.0)",1,99.00865658266756,6661
"(0.8468951683237397, 1.0)",1,99.00856430206696,6662
"(0.8016677935542034, 1.0)",2,99.00835514165792,6664
"(0.861111111111111, 1.0)",1,99.00818464320204,6665
"(0.9153439153439152, 1.0)",1,99.00796357557256,6666
"(0.8814814814814814, 1.0)",1,99.00786809874468,6667
"(0.8374727668845315, 1.0)",1,99.00757429751084,6668
"(0.7362637362637362, 1.0)",1,99.00749313895376,6669
"(0.6733821733821733, 1.0)",1,99.00723903966482,6670
"(1.0, 1.0)",1,99.00693276792856,6671
"(0.8845578466141503, 1.0)",1,99.00668467785522,6672
"(0.6698155645524068, 1.0)",1,99.00647406939032,6673
"(0.617513611615245, 1.0)",1,99.0063520351135,6674
"(0.6733821733821733, 1.0)",1,99.0063112136283,6675
"(0.7880931329207191, 1.0)",1,99.00584393661056,6676
"(0.8222222222222222, 1.0)",2,99.00572514955893,6678
"(0.7498436522826767, 1.0)",1,99.00571042344755,6679
"(0.8177442148030384, 1.0)",1,99.00522399926166,6680
"(0.5910680656443368, 1.0)",1,99.00472896032343,6681
"(0.808446455505279, 1.0)",1,99.00458036775235,6682
"(0.8633762288330498, 1.0)",1,99.00431864854156,6683
"(0.9501563219469168, 0.987491854024112)",1,99.00429344263266,6684
"(0.9665831244778612, 1.0)",2,99.00401043416836,6686
"(0.987463247273494, 0.9916666666666668)",1,99.0038953153422,6687
"(0.9326599326599326, 1.0)",4,99.00382792484456,6691
"(0.8635976129582268, 1.0)",1,99.00379623912607,6692
"(0.7479743867590829, 1.0)",1,99.0033797619976,6693
"(0.7802197802197803, 1.0)",1,99.00302132298654,6694
"(0.9326599326599326, 1.0)",1,99.00300631628214,6695
"(0.861111111111111, 1.0)",1,99.0027746501694,6696
"(0.8703703703703703, 1.0)",1,99.00273910122522,6697
"(0.9791332681655264, 0.9958292603453894)",1,99.00236888981205,6698
"(0.9326599326599326, 1.0)",2,99.00234046434676,6700
"(0.9333333333333332, 1.0)",1,99.00227376203269,6701
"(0.9833229101521784, 1.0)",1,99.00168965815928,6702
"(0.8296970789758384, 1.0)",1,99.00141110839424,6703
"(0.9624268025880928, 0.9958292603453894)",1,99.00128377638684,6704
"(0.9833229101521784, 1.0)",1,99.00119275886608,6705
"(1.0, 1.0)",1,99.00111023687856,6706
"(0.9833229101521784, 1.0)",1,99.0010811734554,6707
"(0.9665831244778612, 1.0)",1,99.00087466182208,6708
"(0.7994987468671678, 0.9833229101521784)",1,99.00066591424688,6709
"(0.757745166550198, 1.0)",2,99.00039657538711,6711
"(0.7675138481590094, 1.0)",1,99.00032035882514,6712
"(0.917415489944373, 1.0)",1,98.99997764105386,6713
"(0.8845578466141503, 1.0)",1,98.99991394457028,6714
"(0.9506533178503804, 1.0)",1,98.99990149426662,6715
"(0.9832925076188832, 0.9958292603453894)",1,98.99981724120497,6716
"(0.9835199925522506, 0.9958292603453894)",2,98.99975996268746,6718
"(0.9832184229069656, 0.9958292603453894)",1,98.99937485133636,6719
"(0.7417508417508417, 1.0)",1,98.99925011618215,6720
"(0.826388888888889, 1.0)",1,98.99924653664924,6721
"(0.9333333333333332, 1.0)",1,98.99920572224804,6722
"(0.7612958226768967, 1.0)",1,98.9985458830335,6723
"(0.7562136521052955, 1.0)",1,98.9984049565726,6724
"(0.9161952650324744, 1.0)",1,98.9982644109611,6725
"(0.8635976129582268, 1.0)",1,98.99766076237124,6726
"(0.9153439153439156, 1.0)",1,98.9976440998264,6727
"(0.9161952650324744, 1.0)",1,98.99763824368628,6728
"(0.9497171590194848, 1.0)",2,98.99735686311598,6730
"(0.8796475392220073, 1.0)",1,98.99731354754628,6731
"(0.9299507899507898, 0.986081059422206)",2,98.99727122197316,6733
"(0.9153439153439156, 1.0)",2,98.99676003230948,6735
"(0.9618291283060416, 0.9958292603453894)",1,98.99657001562548,6736
"(0.7164894725870335, 1.0)",1,98.99636798612408,6737
"(0.934122934122934, 0.9665831244778612)",1,98.99602974314148,6738
"(0.9499687304565352, 1.0)",1,98.9953634976164,6739
"(0.8420013166556946, 1.0)",1,98.99454058581436,6740
"(0.942324305015694, 0.9958292603453894)",1,98.99443691765327,6741
"(0.8468951683237397, 1.0)",2,98.9944033138174,6743
"(0.8976982097186702, 0.9833229101521784)",1,98.9943567979646,6744
"(0.9582389563841176, 0.9958292603453894)",1,98.99421123443138,6745
"(0.9161952650324744, 1.0)",1,98.99416774756824,6746
"(0.799275702501509, 1.0)",1,98.99372591878968,6747
"(0.6698155645524068, 1.0)",1,98.99372020032318,6748
"(0.9791348015256934, 0.9958292603453894)",2,98.99345363465363,6750
"(0.9497171590194848, 1.0)",1,98.99339750117792,6751
"(0.9497171590194846, 1.0)",1,98.993073992645,6752
"(0.8329156223893065, 1.0)",1,98.99294223531103,6753
"(0.7416325017951034, 1.0)",1,98.9927829268154,6754
"(0.572027972027972, 1.0)",1,98.99267015477074,6755
"(0.7164894725870335, 1.0)",1,98.99253439649776,6756
"(0.8976982097186702, 1.0)",2,98.99213223098197,6758
"(0.8635976129582268, 1.0)",2,98.99180009243842,6760
"(0.8016677935542034, 1.0)",1,98.9916780518101,6761
"(1.0, 1.0)",1,98.991566999316,6762
"(1.0, 1.0)",1,98.99146435871666,6763
"(0.9665831244778612, 0.9833229101521784)",1,98.99140703859032,6764
"(0.9835199925522506, 0.9958292603453894)",1,98.99132312744784,6765
"(0.7164894725870335, 1.0)",1,98.99127653931257,6766
"(0.8156295830714435, 1.0)",1,98.99121790523893,6767
"(0.958095238095238, 0.9958292603453894)",1,98.99118691589618,6768
"(0.7416325017951034, 1.0)",1,98.99109406934711,6769
"(0.8976982097186702, 1.0)",2,98.99098129403244,6771
"(0.7090909090909091, 1.0)",1,98.99090546690034,6772
"(0.983545503234046, 0.9958292603453894)",1,98.99086152380434,6773
"(0.9497171590194848, 1.0)",1,98.99073522641436,6774
"(1.0, 1.0)",1,98.99070372389812,6775
"(1.0, 1.0)",2,98.99068172956814,6777
"(0.816195709052852, 1.0)",1,98.99062363933253,6778
"(0.8177442148030384, 1.0)",1,98.99062333883948,6779
"(0.8976982097186702, 1.0)",1,98.99056594973388,6780
"(1.0, 1.0)",1,98.99033360834449,6781
"(0.7193191685235748, 1.0)",1,98.99011391397268,6782
"(0.8420013166556946, 1.0)",1,98.98993849366414,6783
"(0.9833229101521784, 1.0)",2,98.9898197917388,6785
"(0.9497171590194848, 1.0)",1,98.98963091612823,6786
"(0.9707136080238548, 0.9916666666666668)",1,98.98940643976871,6787
"(0.9833229101521784, 1.0)",1,98.9887012716281,6788
"(0.970772861441742, 0.9958292603453894)",1,98.98780303925956,6789
"(0.826388888888889, 1.0)",1,98.98730739488175,6790
"(0.6825396825396824, 1.0)",1,98.98717344083198,6791
"(0.8997493734335841, 1.0)",1,98.98716768365937,6792
"(0.8420013166556946, 1.0)",1,98.98673057522258,6793
"(0.979273283115788, 0.9958292603453894)",1,98.98668206272085,6794
"(0.8796475392220073, 1.0)",2,98.98667061856484,6796
"(0.987463247273494, 0.9958292603453894)",1,98.98653472650174,6797
"(0.9665831244778612, 1.0)",1,98.9865020211439,6798
"(0.9, 1.0)",1,98.98628753518746,6799
"(0.8976982097186702, 1.0)",1,98.98618879449054,6800
"(0.944563492063492, 1.0)",1,98.9859326011082,6801
"(1.0, 1.0)",4,98.98506561817672,6805
"(0.9707136080238548, 0.9916666666666668)",1,98.98481694160552,6806
"(0.7198480531813864, 1.0)",1,98.9846478221059,6807
"(0.9665831244778612, 1.0)",1,98.98453165043084,6808
"(0.942324305015694, 0.9958292603453894)",1,98.98449860365832,6809
"(0.8468951683237397, 1.0)",1,98.98434466179744,6810
"(0.9299507899507898, 1.0)",1,98.98430311682532,6811
"(0.917469251615593, 0.9665831244778612)",1,98.98306267022576,6812
"(0.8177442148030384, 1.0)",1,98.9829178044266,6813
"(0.8476190476190477, 1.0)",2,98.98262529865548,6815
"(0.9333333333333332, 1.0)",2,98.9825092750638,6817
"(0.9832925076188832, 0.9958292603453894)",1,98.98202658968316,6818
"(0.9665831244778612, 1.0)",1,98.98174842013093,6819
"(0.8341307814992026, 0.9833229101521784)",1,98.98163187237256,6820
"(0.757745166550198, 1.0)",2,98.98119073957989,6822
"(0.961552316099405, 0.9958292603453894)",1,98.98080864268168,6823
"(0.9714797495442656, 0.9958292603453894)",1,98.98069270111434,6824
"(0.6825396825396824, 1.0)",1,98.98065279084472,6825
"(0.8294970161977834, 0.9833229101521784)",1,98.98064230954152,6826
"(0.8976982097186702, 1.0)",2,98.98054739830911,6828
"(0.8703703703703703, 1.0)",1,98.9802317373891,6829
"(0.799275702501509, 1.0)",1,98.97973474343978,6830
"(0.978932178932179, 0.987491854024112)",1,98.97969118112076,6831
"(0.9326599326599326, 1.0)",1,98.97967606016384,6832
"(0.7994987468671678, 1.0)",1,98.97932228946352,6833
"(0.9916625936787228, 0.9958292603453894)",1,98.97872754209044,6834
"(0.9166145507608924, 1.0)",1,98.97860427628758,6835
"(0.9169719169719168, 0.9833229101521784)",1,98.97858295226622,6836
"(1.0, 1.0)",1,98.97856865453656,6837
"(0.97495917428555, 0.9958292603453894)",1,98.97818861035276,6838
"(0.9164652836623464, 1.0)",4,98.97814026811916,6842
"(0.9833229101521784, 1.0)",2,98.97790837187692,6844
"(0.970619176311776, 0.9916585206907788)",1,98.97770761943828,6845
"(0.7340930674264006, 1.0)",2,98.97768923197592,6847
"(0.97934925289764, 0.987463247273494)",1,98.97766642434104,6848
"(0.9166145507608924, 1.0)",1,98.97723910714096,6849
"(0.9546499948224086, 0.9958292603453894)",1,98.97708972247588,6850
"(0.8677248677248677, 1.0)",1,98.97694660197467,6851
"(0.8329156223893065, 1.0)",1,98.97645227306572,6852
"(0.9874762808349148, 0.9958292603453894)",1,98.97605711511147,6853
"(0.9791258409522168, 0.9958292603453894)",1,98.97604843406036,6854
"(0.8796475392220073, 1.0)",2,98.97597761289484,6856
"(0.979051756240299, 0.9958292603453894)",1,98.97591275687294,6857
"(0.9833229101521784, 1.0)",2,98.9756298504266,6859
"(0.9333333333333332, 1.0)",1,98.97534790725426,6860
"(0.987491854024112, 0.9916585206907788)",1,98.97531148494944,6861
"(0.9153439153439156, 1.0)",1,98.97526641244738,6862
"(1.0, 1.0)",1,98.97509898349377,6863
"(0.8651903651903651, 1.0)",1,98.97468074836668,6864
"(0.8814814814814814, 1.0)",1,98.97451391904904,6865
"(0.97934925289764, 0.9958292603453894)",2,98.97443320813215,6867
"(0.8651903651903651, 1.0)",1,98.97438811559655,6868
"(0.861111111111111, 1.0)",2,98.97431608684953,6870
"(0.9833229101521784, 1.0)",1,98.97418847367162,6871
"(0.949977467563772, 0.9958292603453894)",1,98.974176255163,6872
"(0.9833229101521784, 1.0)",1,98.97414995876272,6873
"(0.6733821733821733, 1.0)",4,98.97401103975324,6877
"(0.6825396825396824, 1.0)",2,98.97398377717974,6879
"(0.9027777777777778, 1.0)",2,98.97388791728252,6881
"(0.8222222222222222, 1.0)",1,98.97349149388624,6882
"(0.970772861441742, 0.9958292603453894)",1,98.97339196669016,6883
"(0.73687720936437, 1.0)",1,98.97306603651472,6884
"(0.8796475392220073, 1.0)",1,98.97303237239493,6885
"(0.9747273037595618, 0.9958292603453894)",1,98.9730313652802,6886
"(1.0, 1.0)",1,98.97297828842903,6887
"(0.859499940327008, 1.0)",4,98.97276594939132,6891
"(0.7222222222222221, 1.0)",1,98.97261698823526,6892
"(0.9833229101521784, 1.0)",3,98.9719225906817,6895
"(0.987463247273494, 0.9958292603453894)",1,98.9716338713916,6896
"(0.8796475392220073, 1.0)",1,98.97161005647334,6897
"(0.9584987529902784, 1.0)",1,98.97158860306078,6898
"(0.7362637362637362, 1.0)",1,98.97072468184524,6899
"(0.901575014782562, 0.986081059422206)",1,98.97061070889822,6900
"(0.7119388248146047, 1.0)",1,98.970432817376,6901
"(0.808446455505279, 1.0)",2,98.97042636239668,6903
"(0.9833229101521784, 1.0)",1,98.97039889671817,6904
"(0.8222222222222222, 1.0)",1,98.97034377420955,6905
"(0.8341307814992026, 0.9833229101521784)",1,98.97014666976162,6906
"(0.9, 0.9833229101521784)",1,98.96989086304062,6907
"(0.9441792447111594, 1.0)",1,98.96972120442044,6908
"(0.9533841533841534, 0.9958292603453894)",1,98.96957346053512,6909
"(0.979273283115788, 0.9958292603453894)",1,98.96917127046224,6910
"(0.97934925289764, 0.9916666666666668)",1,98.96878093473606,6911
"(0.7222222222222221, 0.9833229101521784)",1,98.96864095824309,6912
"(0.9665831244778612, 1.0)",1,98.96858794303468,6913
"(0.8997493734335841, 1.0)",1,98.96856930787648,6914
"(0.8796475392220073, 1.0)",1,98.96852190035956,6915
"(1.0, 1.0)",1,98.96816627604684,6916
"(0.8, 0.9833229101521784)",1,98.96787568351054,6917
"(1.0, 1.0)",2,98.96732994021052,6919
"(0.9158007932517735, 1.0)",1,98.96727128004216,6920
"(0.816195709052852, 1.0)",1,98.96723020579137,6921
"(0.9835199925522506, 0.9958292603453894)",1,98.96719631162276,6922
"(0.6825396825396824, 1.0)",2,98.96677601985242,6924
"(0.799275702501509, 1.0)",1,98.9667579751096,6925
"(0.9326599326599326, 1.0)",1,98.96667009477858,6926
"(0.9665831244778612, 1.0)",1,98.96666523939152,6927
"(0.5910680656443368, 1.0)",1,98.96627409310328,6928
"(0.7632275132275131, 1.0)",1,98.96578937239984,6929
"(0.9666562434855118, 1.0)",1,98.96518523822311,6930
"(0.8177442148030384, 1.0)",1,98.96502774153844,6931
"(0.8703703703703703, 1.0)",1,98.96498830204834,6932
"(0.6825396825396824, 1.0)",1,98.96492167620926,6933
"(0.9665831244778612, 1.0)",2,98.96491188111987,6935
"(0.9618291283060416, 0.9958292603453894)",1,98.96486989158257,6936
"(0.9161952650324744, 1.0)",1,98.96451188288272,6937
"(0.7880931329207191, 1.0)",1,98.96449160251554,6938
"(0.9333333333333332, 1.0)",1,98.96447054110727,6939
"(0.8468951683237397, 1.0)",1,98.96439058879211,6940
"(0.930704099821747, 1.0)",1,98.9641987391568,6941
"(0.8796475392220073, 1.0)",2,98.96395679777538,6943
"(0.8653198653198653, 0.9833229101521784)",2,98.96359722575428,6945
"(0.799275702501509, 1.0)",1,98.96322306113773,6946
"(0.9, 1.0)",1,98.96311710920185,6947
"(0.9874747474747476, 0.9958292603453894)",1,98.96309612556956,6948
"(0.9166145507608924, 1.0)",2,98.96301259715894,6950
"(0.7164894725870335, 1.0)",2,98.96293945656532,6952
"(0.8814814814814814, 1.0)",1,98.96279016178504,6953
"(0.9707136080238548, 0.9958292603453894)",1,98.96275615291384,6954
"(0.9791258409522168, 0.9958292603453894)",2,98.96219394758036,6956
"(0.8997493734335841, 1.0)",1,98.96196399584316,6957
"(0.8796475392220073, 1.0)",1,98.96185430692304,6958
"(1.0, 1.0)",1,98.9614229837414,6959
"(0.9161952650324744, 0.9833229101521784)",1,98.96133383973776,6960
"(0.882673371045464, 1.0)",1,98.96131541457672,6961
"(0.9166145507608924, 1.0)",1,98.96112460149084,6962
"(0.958095238095238, 0.9958292603453894)",2,98.9608640481389,6964
"(0.8796475392220073, 1.0)",1,98.96084793495083,6965
"(0.9299507899507898, 1.0)",1,98.96047639254807,6966
"(0.7994987468671678, 1.0)",1,98.96041952172584,6967
"(1.0, 1.0)",2,98.96023894296732,6969
"(0.9326599326599326, 1.0)",2,98.95997177758184,6971
"(0.8294970161977834, 0.9833229101521784)",1,98.95905872091552,6972
"(0.7802197802197803, 1.0)",1,98.95879544695912,6973
"(0.757745166550198, 1.0)",1,98.95872345831924,6974
"(0.844988344988345, 1.0)",1,98.95871738615298,6975
"(0.9497171590194846, 1.0)",2,98.95860090581746,6977
"(0.617513611615245, 1.0)",1,98.95703785281746,6978
"(0.9153439153439152, 1.0)",1,98.9567380783506,6979
"(0.9666562434855118, 1.0)",1,98.95651212235086,6980
"(0.9166145507608924, 1.0)",1,98.9561822654808,6981
"(0.8811945374355704, 1.0)",1,98.95616128731342,6982
"(0.970619176311776, 0.9958292603453894)",1,98.95588845536253,6983
"(0.8177442148030384, 1.0)",1,98.95550699698175,6984
"(0.6847700625721401, 1.0)",1,98.95549195014296,6985
"(0.7601164382773579, 1.0)",1,98.95544426491398,6986
"(0.97934925289764, 0.9916666666666668)",1,98.9554298124852,6987
"(0.837707400507675, 1.0)",4,98.95534044497,6991
"(0.7994987468671678, 1.0)",1,98.95490993439752,6992
"(0.5910680656443368, 1.0)",1,98.95467743407004,6993
"(0.9748524098350704, 0.9958292603453894)",1,98.95422630812362,6994
"(0.816195709052852, 1.0)",1,98.9541894861949,6995
"(0.9497171590194848, 1.0)",1,98.95368687061443,6996
"(0.7916666666666666, 1.0)",1,98.95359139624225,6997
"(0.6733821733821733, 1.0)",1,98.95337026741755,6998
"(0.7880931329207191, 1.0)",1,98.95323211666437,6999
"(0.9916339869281046, 0.9958292603453894)",1,98.9531900525196,7000
"(0.9506533178503804, 1.0)",1,98.95310398714084,7001
"(0.8468951683237397, 1.0)",1,98.95275325721032,7002
"(1.0, 1.0)",1,98.9527026715964,7003
"(0.9497171590194848, 1.0)",1,98.95229464940184,7004
"(0.9326599326599326, 1.0)",1,98.95211271808148,7005
"(0.617513611615245, 1.0)",1,98.95191266213112,7006
"(0.930704099821747, 1.0)",1,98.95188409787424,7007
"(0.9326599326599326, 1.0)",1,98.95142591541746,7008
"(0.987463247273494, 0.9916666666666668)",1,98.95138046060076,7009
"(0.9301144010060736, 1.0)",1,98.95132750253224,7010
"(1.0, 1.0)",1,98.95122976212328,7011
"(0.8796475392220073, 1.0)",2,98.95073702957342,7013
"(0.6760835913312693, 1.0)",2,98.9505291804732,7015
"(1.0, 1.0)",1,98.9501031442026,7016
"(0.6825396825396824, 1.0)",1,98.94983049333888,7017
"(0.8653198653198653, 1.0)",2,98.94971871011175,7019
"(1.0, 1.0)",1,98.94961962041104,7020
"(0.8316498316498316, 1.0)",1,98.94959121081008,7021
"(0.9499687304565352, 1.0)",1,98.94936418594948,7022
"(0.8653198653198653, 1.0)",1,98.94910107103271,7023
"(0.97495917428555, 0.9958292603453894)",2,98.94907850199762,7025
"(0.9748524098350704, 0.9958292603453894)",2,98.94840686721676,7027
"(0.799275702501509, 1.0)",2,98.94827985105916,7029
"(0.9435817855979146, 0.9916666666666668)",1,98.9482443452201,7030
"(0.8997493734335841, 0.9833229101521784)",1,98.94821460039248,7031
"(0.8840048840048841, 0.9833229101521784)",1,98.9479283845138,7032
"(0.8653198653198653, 1.0)",1,98.947919478107,7033
"(1.0, 1.0)",1,98.94788047559938,7034
"(0.727840909090909, 1.0)",1,98.94763449986004,7035
"(0.9958292603453894, 1.0)",1,98.94738577999998,7036
"(0.808446455505279, 1.0)",1,98.94707600325944,7037
"(0.9331662489557224, 0.9833229101521784)",1,98.94681799950936,7038
"(0.9164652836623464, 1.0)",1,98.94675293084242,7039
"(0.8468951683237397, 1.0)",1,98.9466849096217,7040
"(0.934122934122934, 1.0)",1,98.94634414089022,7041
"(0.9333333333333332, 0.9833229101521784)",1,98.94622619008244,7042
"(1.0, 1.0)",2,98.94614044083406,7044
"(0.917469251615593, 1.0)",1,98.94591629007972,7045
"(0.7164894725870335, 1.0)",1,98.9456681250564,7046
"(0.8872426490351017, 0.986081059422206)",1,98.94560187983126,7047
"(0.8840455840455841, 1.0)",1,98.94524891670645,7048
"(0.7802197802197803, 1.0)",1,98.9450594063246,7049
"(0.826388888888889, 0.9833229101521784)",1,98.94424056987222,7050
"(0.8668153102935712, 1.0)",1,98.944230068501,7051
"(0.8372053872053872, 1.0)",1,98.94385786555036,7052
"(0.9707136080238548, 0.9958292603453894)",1,98.94356986004514,7053
"(0.8813080639167598, 1.0)",1,98.94345259844384,7054
"(0.8283298826777087, 0.9833229101521784)",1,98.94303188838494,7055
"(0.8796475392220073, 1.0)",4,98.94291176038097,7059
"(0.9833229101521784, 1.0)",1,98.94283028618352,7060
"(1.0, 1.0)",4,98.94243786926714,7064
"(0.859499940327008, 1.0)",1,98.94218105717997,7065
"(0.9166145507608924, 1.0)",1,98.94184343446216,7066
"(0.9364685314685316, 0.9916585206907788)",1,98.9417383825765,7067
"(0.8635976129582268, 1.0)",1,98.94161316208358,7068
"(0.97899550533801, 0.9958292603453894)",1,98.94151194222246,7069
"(0.9331094582012576, 1.0)",1,98.94128788138384,7070
"(0.7090909090909091, 1.0)",1,98.94094914291948,7071
"(0.9027777777777778, 1.0)",1,98.94054503821324,7072
"(0.9161952650324744, 1.0)",1,98.940302133615,7073
"(0.8796475392220073, 1.0)",1,98.94024389691118,7074
"(0.9755096665580536, 0.9958292603453894)",1,98.9392945508728,7075
"(1.0, 1.0)",1,98.93912667402996,7076
"(0.9326599326599326, 1.0)",1,98.939093330289,7077
"(1.0, 1.0)",1,98.93897875714994,7078
"(0.958227107069612, 0.9958292603453894)",1,98.93876796500246,7079
"(0.9153439153439152, 1.0)",4,98.93875202347604,7083
"(0.8796475392220073, 1.0)",1,98.93868930932187,7084
"(0.8137865219658889, 1.0)",1,98.93860810948148,7085
"(0.8814814814814814, 1.0)",1,98.9379389976688,7086
"(0.7734344933751168, 1.0)",1,98.93767459821343,7087
"(0.9499687304565352, 1.0)",1,98.93752701642188,7088
"(0.9833229101521784, 1.0)",1,98.93725633563476,7089
"(0.9792406033772258, 0.9958292603453894)",1,98.93723858833124,7090
"(1.0, 1.0)",2,98.93694010163398,7092
"(0.8796475392220073, 0.9833229101521784)",1,98.93649625826144,7093
"(0.8124563928135357, 0.9833229101521784)",1,98.9363035368222,7094
"(0.861111111111111, 1.0)",1,98.93601715963416,7095
"(0.861111111111111, 1.0)",1,98.93587504614229,7096
"(0.7612958226768967, 1.0)",1,98.93584021577414,7097
"(0.917469251615593, 0.9833229101521784)",2,98.93561273790374,7099
"(0.9299507899507898, 1.0)",1,98.935554107053,7100
"(0.8319340617212959, 1.0)",1,98.93507921831656,7101
"(0.7675138481590094, 1.0)",1,98.93488044139283,7102
"(0.9666562434855118, 0.9666666666666668)",1,98.9348160151113,7103
"(0.9582389563841176, 0.9958292603453894)",1,98.93455869643128,7104
"(0.8222222222222222, 1.0)",1,98.93444041403257,7105
"(0.9666562434855118, 1.0)",1,98.9343945759089,7106
"(0.9833229101521784, 1.0)",1,98.93420228356683,7107
"(0.9441792447111594, 1.0)",1,98.93405855464256,7108
"(0.6733821733821733, 1.0)",1,98.9337296932648,7109
"(0.8420013166556946, 1.0)",1,98.93371540698112,7110
"(0.8229870141950848, 1.0)",1,98.93349834610152,7111
"(0.8222222222222222, 1.0)",1,98.93333333333334,7112
"(0.9161952650324744, 0.9833229101521784)",1,98.93310364408696,7113
"(0.9326599326599326, 1.0)",1,98.93275853597314,7114
"(0.9003556829643787, 1.0)",1,98.93271715751216,7115
"(0.8372053872053872, 1.0)",1,98.93269771495268,7116
"(0.8296970789758384, 1.0)",1,98.93267156565724,7117
"(0.9666562434855118, 0.9665831244778612)",1,98.9317127573486,7118
"(0.9009534009534008, 1.0)",1,98.9316961474856,7119
"(0.9791258409522168, 0.9958292603453894)",2,98.9316466374226,7121
"(0.9009534009534008, 1.0)",1,98.93160786880524,7122
"(0.9832401090007582, 0.9958292603453894)",2,98.93124394317346,7124
"(0.9161952650324744, 0.9833229101521784)",1,98.93118431143452,7125
"(0.9326599326599326, 1.0)",1,98.93101775712351,7126
"(0.8653198653198653, 1.0)",1,98.93092249502652,7127
"(0.8814814814814814, 1.0)",1,98.93057277941294,7128
"(0.6698155645524068, 1.0)",1,98.93054280867092,7129
"(0.7601164382773579, 1.0)",1,98.93019956536487,7130
"(1.0, 0.9833229101521784)",1,98.93013811274405,7131
"(0.944563492063492, 1.0)",1,98.93004850439664,7132
"(0.8482801751094435, 1.0)",1,98.93000295883851,7133
"(0.944073617452092, 1.0)",1,98.92970200503002,7134
"(0.930704099821747, 1.0)",2,98.92936759330452,7136
"(0.7632275132275131, 1.0)",1,98.92847822340688,7137
"(0.8796475392220073, 1.0)",1,98.92840038156083,7138
"(0.8796475392220073, 1.0)",1,98.92834023957003,7139
"(0.9832965806068272, 0.9916585206907788)",1,98.92830382247875,7140
"(0.861111111111111, 1.0)",1,98.92827550603678,7141
"(0.9331662489557224, 1.0)",1,98.92795396459309,7142
"(0.9874762808349148, 0.9958292603453894)",2,98.92763102110182,7144
"(1.0, 1.0)",1,98.92754423826,7145
"(0.970607585468542, 0.9958292603453894)",1,98.92734156407508,7146
"(0.9153439153439152, 1.0)",2,98.9272927614391,7148
"(0.9498461391725148, 0.9958292603453894)",1,98.92709978628136,7149
"(0.8294970161977834, 0.9833229101521784)",1,98.92665306375687,7150
"(0.8633762288330498, 1.0)",1,98.92651883435944,7151
"(0.9331662489557224, 1.0)",1,98.92647593012998,7152
"(0.837707400507675, 1.0)",1,98.9264733593256,7153
"(0.826388888888889, 1.0)",1,98.92645285959688,7154
"(0.9665831244778612, 1.0)",2,98.92624832800118,7156
"(0.9497171590194846, 1.0)",4,98.92592029311736,7160
"(0.8814814814814814, 1.0)",1,98.92575884154832,7161
"(0.9497171590194848, 1.0)",1,98.92570547846088,7162
"(0.7802197802197803, 1.0)",1,98.92565552634768,7163
"(0.9153439153439152, 1.0)",4,98.92549783098563,7167
"(0.8703703703703703, 1.0)",1,98.92549594920182,7168
"(0.9027777777777778, 1.0)",2,98.92543395435564,7170
"(0.861111111111111, 1.0)",1,98.92543280891702,7171
"(0.8319340617212959, 1.0)",2,98.92532340169085,7173
"(0.9166145507608924, 1.0)",1,98.9252407208156,7174
"(0.958095238095238, 0.9958292603453894)",1,98.92495100094054,7175
"(0.9791258409522168, 0.9958292603453894)",1,98.92463714946972,7176
"(0.8222222222222222, 1.0)",1,98.92458134860736,7177
"(0.6733821733821733, 1.0)",1,98.92445757183772,7178
"(0.617513611615245, 1.0)",1,98.92427237596792,7179
"(0.757745166550198, 1.0)",1,98.92417261115762,7180
"(0.7090909090909091, 1.0)",1,98.92399170417649,7181
"(0.837707400507675, 1.0)",1,98.923931241147,7182
"(0.8101143854687974, 1.0)",2,98.92365369419488,7184
"(0.9158007932517735, 1.0)",2,98.9235847035601,7186
"(0.983545503234046, 0.9958292603453894)",1,98.9232911357317,7187
"(0.861111111111111, 1.0)",1,98.92319950528896,7188
"(0.757745166550198, 1.0)",1,98.92314851838518,7189
"(0.861111111111111, 1.0)",2,98.9227369640373,7191
"(0.5555555555555555, 0.9833229101521784)",1,98.92220347168558,7192
"(0.6804620726495727, 1.0)",1,98.92216741675404,7193
"(1.0, 1.0)",2,98.92212825685226,7195
"(0.9665831244778612, 1.0)",1,98.92167991403744,7196
"(0.9161952650324744, 1.0)",1,98.92167098406212,7197
"(0.8432903075760217, 1.0)",1,98.92162920449864,7198
"(0.7183489076634237, 1.0)",1,98.92162623311415,7199
"(0.8666666666666667, 1.0)",1,98.92132426124726,7200
"(0.8976982097186702, 1.0)",2,98.92087328422852,7202
"(0.7222222222222221, 1.0)",1,98.92084416795586,7203
"(0.9497171590194848, 1.0)",1,98.92076913671332,7204
"(0.9665831244778612, 1.0)",1,98.92074600136908,7205
"(1.0, 1.0)",1,98.92070050858848,7206
"(0.8420013166556946, 1.0)",2,98.92037637218203,7208
"(0.8319340617212959, 1.0)",1,98.92018256445138,7209
"(0.9832965806068272, 0.9916666666666668)",1,98.91977504879306,7210
"(0.962505246140658, 0.9958292603453894)",2,98.91975765493544,7212
"(0.73687720936437, 1.0)",1,98.91931947208846,7213
"(0.6733821733821733, 1.0)",1,98.91931457974738,7214
"(0.9546499948224086, 0.9958292603453894)",1,98.91929849565804,7215
"(0.8976982097186702, 1.0)",1,98.91920324733972,7216
"(0.6698155645524068, 1.0)",1,98.91825012370138,7217
"(0.7612958226768967, 1.0)",1,98.91817952408698,7218
"(0.9916625936787228, 0.9958292603453894)",1,98.91803413882518,7219
"(0.9833211143695014, 0.9958292603453894)",1,98.91788343758144,7220
"(0.9331662489557224, 1.0)",1,98.91768343260397,7221
"(0.8476190476190477, 1.0)",1,98.91767307728924,7222
"(0.861111111111111, 1.0)",1,98.91757577828363,7223
"(1.0, 1.0)",1,98.91733242781191,7224
"(0.9497171590194846, 1.0)",1,98.91721326930453,7225
"(0.9707136080238548, 0.9958292603453894)",2,98.91641987715212,7227
"(0.7944219523166891, 1.0)",1,98.91627182787737,7228
"(0.6666173934466618, 1.0)",1,98.9161988005114,7229
"(0.9333333333333332, 1.0)",1,98.9160621221596,7230
"(1.0, 0.9833229101521784)",1,98.91598915989164,7231
"(0.9326599326599326, 1.0)",2,98.9158864614398,7233
"(0.9746535316523212, 0.9958292603453894)",1,98.91580832105208,7234
"(0.9497171590194848, 1.0)",1,98.91575934020923,7235
"(0.7994987468671678, 1.0)",2,98.91529607485612,7237
"(0.9506533178503804, 1.0)",1,98.9149997303209,7238
"(1.0, 1.0)",1,98.91494060861092,7239
"(0.9326599326599326, 0.9833229101521784)",1,98.91481324773564,7240
"(0.9665831244778612, 1.0)",1,98.91480895536893,7241
"(0.5910680656443368, 1.0)",2,98.91461319428868,7243
"(0.9008627640703112, 1.0)",2,98.91433522844032,7245
"(0.9153439153439152, 1.0)",1,98.91420249157154,7246
"(0.9, 0.9665831244778612)",1,98.91416264316976,7247
"(0.97934925289764, 0.987463247273494)",1,98.9141447728517,7248
"(0.6831352928913905, 1.0)",1,98.9141305854952,7249
"(0.8468951683237397, 1.0)",1,98.91412801707736,7250
"(0.8053381731676306, 1.0)",1,98.9140165002626,7251
"(0.898989898989899, 1.0)",1,98.91354016354016,7252
"(0.9833229101521784, 1.0)",4,98.91293185615456,7256
"(0.8319340617212959, 1.0)",1,98.9128423007338,7257
"(1.0, 1.0)",1,98.91277890466532,7258
"(0.962505246140658, 0.9958292603453894)",1,98.91260368579653,7259
"(0.7090909090909091, 1.0)",1,98.9125475259547,7260
"(0.8222222222222222, 1.0)",1,98.91252992997286,7261
"(0.8372053872053872, 1.0)",1,98.91252871364814,7262
"(0.9497171590194848, 1.0)",2,98.9123601082534,7264
"(0.9158007932517735, 1.0)",1,98.91196891687008,7265
"(0.7686844739476318, 1.0)",1,98.91186101182004,7266
"(0.979273283115788, 0.9958292603453894)",1,98.91162511466749,7267
"(0.7802197802197803, 1.0)",1,98.91119263460055,7268
"(0.9497171590194848, 1.0)",2,98.91108173014015,7270
"(0.9326599326599326, 1.0)",2,98.91099427260616,7272
"(0.8633762288330498, 1.0)",1,98.91095273329816,7273
"(0.7668348423065404, 1.0)",1,98.9109263856457,7274
"(0.8296970789758384, 1.0)",1,98.90987778831148,7275
"(0.861111111111111, 1.0)",2,98.90957952870951,7277
"(0.8653198653198653, 0.9833229101521784)",1,98.90926080768506,7278
"(0.8796475392220073, 1.0)",2,98.90904149713164,7280
"(0.861111111111111, 1.0)",1,98.90891877817424,7281
"(0.8420013166556946, 1.0)",1,98.90871961671851,7282
"(0.8229870141950848, 1.0)",4,98.9086512622872,7286
"(0.8814814814814814, 1.0)",4,98.9085754354047,7290
"(0.9832184229069656, 0.9958292603453894)",1,98.90852837648129,7291
"(0.9665831244778612, 1.0)",1,98.90850231639706,7292
"(0.962505246140658, 0.9958292603453894)",1,98.90848033192997,7293
"(0.8814814814814814, 1.0)",1,98.90842383293791,7294
"(0.9609386607489072, 0.9958292603453894)",2,98.90835967737353,7296
"(0.816195709052852, 1.0)",1,98.90821942773556,7297
"(0.8016677935542034, 1.0)",2,98.9081273925256,7299
"(0.8796475392220073, 1.0)",1,98.90795548414934,7300
"(0.7687400318979267, 1.0)",1,98.9078655905242,7301
"(0.9166145507608924, 1.0)",1,98.90753603990125,7302
"(0.7069597069597069, 1.0)",1,98.90748626539204,7303
"(0.8976982097186702, 1.0)",1,98.9069947898296,7304
"(0.6698155645524068, 1.0)",1,98.9067748274586,7305
"(0.9442283950617284, 1.0)",1,98.90648822650272,7306
"(0.9835199925522506, 0.9916585206907788)",1,98.90644110849524,7307
"(0.9833229101521784, 1.0)",2,98.9063394322591,7309
"(0.8796475392220073, 1.0)",1,98.9059654749676,7310
"(0.7075023741690408, 1.0)",1,98.905532177282,7311
"(0.8229870141950848, 1.0)",1,98.90505834323088,7312
"(0.9623066688389268, 0.9958292603453894)",1,98.90503849081948,7313
"(0.7164894725870335, 1.0)",1,98.90468326947052,7314
"(0.9874762808349148, 0.9958292603453894)",1,98.90422298145896,7315
"(0.8635976129582268, 1.0)",1,98.90420836066946,7316
"(1.0, 1.0)",1,98.90404604028744,7317
"(0.8222222222222222, 1.0)",1,98.90391697197728,7318
"(0.975195619792394, 0.9958292603453894)",2,98.9038156251529,7320
"(0.8814814814814814, 1.0)",1,98.90363642289908,7321
"(0.8796475392220073, 1.0)",1,98.9035470647334,7322
"(0.8177442148030384, 1.0)",1,98.90345180245276,7323
"(0.8796475392220073, 1.0)",2,98.90296121568367,7325
"(0.896607872489407, 0.9958292603453894)",1,98.90232472773066,7326
"(0.9166145507608924, 1.0)",1,98.9019387116948,7327
"(0.8976982097186702, 1.0)",1,98.90183953504098,7328
"(0.73687720936437, 1.0)",1,98.90134033178197,7329
"(0.808446455505279, 1.0)",1,98.90131575163906,7330
"(0.962505246140658, 0.9916666666666668)",1,98.9008699836842,7331
"(0.9158007932517735, 1.0)",1,98.90065308771446,7332
"(0.9299507899507898, 1.0)",2,98.90049250361206,7334
"(0.9744745723240348, 0.9958292603453894)",1,98.8997722634698,7335
"(0.9833229101521784, 1.0)",1,98.89944697177884,7336
"(0.8615866942983156, 1.0)",1,98.89944149466903,7337
"(0.6825396825396824, 1.0)",1,98.8986537638656,7338
"(0.8653198653198653, 1.0)",1,98.89831264766592,7339
"(1.0, 1.0)",1,98.89798916198136,7340
"(0.9166145507608924, 1.0)",1,98.8979723992485,7341
"(0.8101143854687974, 1.0)",1,98.89747370680064,7342
"(0.943710724759112, 0.9958292603453894)",1,98.8974184971095,7343
"(0.7092475655908492, 1.0)",1,98.89721900467173,7344
"(0.8814814814814814, 1.0)",1,98.89717785186328,7345
"(0.8468951683237397, 1.0)",1,98.89713577985044,7346
"(0.9873891625615764, 0.9958292603453894)",1,98.89688526834117,7347
"(0.7503607503607503, 1.0)",1,98.89654867031942,7348
"(0.861111111111111, 1.0)",1,98.89637292433304,7349
"(0.9833229101521784, 1.0)",1,98.89614533593549,7350
"(0.7802197802197803, 1.0)",1,98.89613316089356,7351
"(0.8294970161977834, 1.0)",1,98.89539189724022,7352
"(0.7632275132275131, 1.0)",1,98.89536004472882,7353
"(0.8976982097186702, 1.0)",1,98.89489156729356,7354
"(0.8633762288330498, 1.0)",1,98.89467063996804,7355
"(0.861111111111111, 1.0)",4,98.89457463737266,7359
"(0.8976982097186702, 1.0)",1,98.89431676731284,7360
"(0.9333333333333332, 1.0)",1,98.8941117080353,7361
"(0.9665831244778612, 1.0)",1,98.8936483179365,7362
"(0.901575014782562, 1.0)",2,98.89342715267117,7364
"(0.7090909090909091, 1.0)",1,98.89265414266478,7365
"(0.9166145507608924, 1.0)",1,98.8925535935646,7366
"(0.9003556829643787, 1.0)",1,98.89237063800888,7367
"(0.9833229101521784, 1.0)",4,98.89173821185943,7371
"(0.6831352928913905, 1.0)",1,98.89105243115353,7372
"(0.961552316099405, 0.9958292603453894)",1,98.89101324980228,7373
"(1.0, 1.0)",1,98.89031233656964,7374
"(0.8796475392220073, 1.0)",1,98.89021379288464,7375
"(0.9649790647893116, 0.9958292603453894)",1,98.88981645813053,7376
"(0.9189396095602992, 0.9916585206907788)",1,98.88927239605036,7377
"(1.0, 1.0)",1,98.8891300389112,7378
"(0.962505246140658, 0.9958292603453894)",1,98.88911812507972,7379
"(0.808446455505279, 1.0)",1,98.88900914645096,7380
"(0.9833040078201368, 0.9958292603453894)",1,98.88887541850131,7381
"(0.7916666666666666, 1.0)",1,98.88886095111494,7382
"(0.9791258409522168, 0.9958292603453894)",1,98.8881838375324,7383
"(0.7362637362637362, 1.0)",4,98.8877695571291,7387
"(0.9833229101521784, 1.0)",1,98.88772876911516,7388
"(0.9501563219469168, 0.9958292603453894)",1,98.88763732912318,7389
"(0.9326599326599326, 1.0)",2,98.88748281679332,7391
"(0.8468951683237397, 1.0)",1,98.8873615674719,7392
"(0.97934925289764, 0.9958292603453894)",2,98.88641113844136,7394
"(0.6815232656375146, 1.0)",1,98.8863846223598,7395
"(0.8840048840048841, 0.9833229101521784)",1,98.88557488306552,7396
"(0.8016677935542034, 1.0)",1,98.88555724081886,7397
"(0.861111111111111, 1.0)",1,98.88553768534514,7398
"(0.7183489076634237, 1.0)",1,98.8855311557308,7399
"(0.7090909090909091, 1.0)",1,98.88549599262052,7400
"(0.7183489076634237, 1.0)",1,98.8854728186995,7401
"(0.8329156223893065, 1.0)",1,98.88546428890552,7402
"(0.9833229101521784, 1.0)",1,98.88534065051957,7403
"(0.9326599326599326, 1.0)",1,98.8850256012039,7404
"(0.7183489076634237, 1.0)",1,98.88483443563436,7405
"(0.7880931329207191, 1.0)",1,98.88483020381688,7406
"(0.8468951683237397, 1.0)",2,98.88454052408964,7408
"(0.7601164382773579, 0.9833229101521784)",1,98.88437593321184,7409
"(0.9008627640703112, 1.0)",1,98.88371969150484,7410
"(0.9166145507608924, 1.0)",1,98.88310695515857,7411
"(0.7601281633539698, 1.0)",1,98.88298731640178,7412
"(0.917415489944373, 0.9833229101521784)",2,98.88268278133047,7414
"(0.9499687304565352, 1.0)",1,98.88265582655822,7415
"(1.0, 1.0)",1,98.8825193290707,7416
"(0.9497171590194846, 1.0)",1,98.88251562169016,7417
"(0.8491918316699293, 1.0)",1,98.88238769457294,7418
"(0.97495917428555, 0.9958292603453894)",1,98.88233728862292,7419
"(0.8016677935542034, 1.0)",1,98.88204880564253,7420
"(0.987463247273494, 0.9958292603453894)",1,98.88197864317772,7421
"(0.7204751921733054, 1.0)",2,98.8818109969403,7423
"(0.9497171590194846, 1.0)",4,98.88165463806652,7427
"(1.0, 1.0)",1,98.8816226778104,7428
"(0.9167853751187084, 1.0)",1,98.88136103956715,7429
"(0.6825396825396824, 1.0)",1,98.88109609783491,7430
"(1.0, 1.0)",1,98.8810500693056,7431
"(0.9609386607489072, 0.9958292603453894)",1,98.88101779605904,7432
"(0.9750481776288228, 0.9958292603453894)",1,98.88084226954996,7433
"(0.9665831244778612, 1.0)",1,98.88041725877352,7434
"(0.8319340617212959, 1.0)",1,98.88026608544756,7435
"(0.987463247273494, 0.9958292603453894)",2,98.88020620146008,7437
"(0.9835547122074636, 0.9958292603453894)",1,98.87954383837204,7438
"(0.962505246140658, 0.9958292603453894)",2,98.87942731620488,7440
"(1.0, 1.0)",2,98.87926971319963,7442
"(0.9666562434855118, 1.0)",1,98.87922753596244,7443
"(0.8468951683237397, 1.0)",1,98.87908014068378,7444
"(0.934122934122934, 1.0)",1,98.8787810017522,7445
"(0.617513611615245, 1.0)",1,98.87848266359012,7446
"(0.8467532467532467, 1.0)",1,98.87845682323804,7447
"(0.8796475392220073, 1.0)",1,98.87844483052756,7448
"(0.8976982097186702, 0.9833229101521784)",1,98.87797081592204,7449
"(0.9454999712494968, 0.9958292603453894)",1,98.87791394935284,7450
"(0.9333333333333332, 1.0)",1,98.87698588807623,7451
"(0.917415489944373, 0.9833229101521784)",1,98.87674476791416,7452
"(0.8468089381754635, 1.0)",1,98.87661982858285,7453
"(0.917469251615593, 1.0)",1,98.87643644745832,7454
"(0.9874877810361682, 0.9958292603453894)",1,98.87634707992606,7455
"(0.808446455505279, 1.0)",1,98.87546402881296,7456
"(0.8651903651903651, 1.0)",1,98.87536113930403,7457
"(0.861111111111111, 1.0)",2,98.87467436694033,7459
"(0.7601164382773579, 1.0)",1,98.87458323900862,7460
"(0.7601164382773579, 0.9665831244778612)",1,98.87453631276536,7461
"(0.776488287126585, 1.0)",1,98.87407128464068,7462
"(0.9009534009534008, 1.0)",1,98.87314882734682,7463
"(1.0, 1.0)",1,98.873075693297,7464
"(0.8101143854687974, 1.0)",1,98.87298802442436,7465
"(0.7601164382773579, 1.0)",1,98.8728304533404,7466
"(0.7511111111111111, 1.0)",1,98.872288693952,7467
"(0.5555555555555555, 0.9833229101521784)",1,98.87217220214208,7468
"(1.0, 1.0)",1,98.8718576960145,7469
"(0.8840048840048841, 1.0)",1,98.87179558018585,7470
"(0.7944219523166891, 1.0)",2,98.8715099873014,7472
"(0.808446455505279, 1.0)",1,98.87112195624512,7473
"(1.0, 1.0)",2,98.87103046242868,7475
"(0.8420013166556946, 1.0)",1,98.8707191629836,7476
"(0.6698155645524068, 1.0)",1,98.87063844982404,7477
"(0.9504245882013664, 0.9874877810361682)",1,98.87046934213367,7478
"(0.7994987468671678, 1.0)",2,98.87037924139445,7480
"(0.816195709052852, 1.0)",1,98.87030525705735,7481
"(1.0, 0.9665831244778612)",2,98.87011437928273,7483
"(0.9833229101521784, 1.0)",1,98.869343429513,7484
"(0.9665831244778612, 1.0)",2,98.86934115117676,7486
"(0.73687720936437, 1.0)",1,98.86928804580542,7487
"(0.776488287126585, 1.0)",1,98.8689918069916,7488
"(1.0, 1.0)",1,98.8689023339027,7489
"(0.9161952650324744, 1.0)",1,98.86814448689688,7490
"(0.971023600055858, 0.9958292603453894)",1,98.86776362808702,7491
"(0.861111111111111, 1.0)",1,98.86751182711636,7492
"(0.9791348015256934, 0.9958292603453894)",1,98.86744688027149,7493
"(0.9008025849489264, 1.0)",1,98.86740493873675,7494
"(0.7820160586118033, 1.0)",1,98.86699033843678,7495
"(0.8222222222222222, 1.0)",1,98.86675148480224,7496
"(0.9499687304565352, 1.0)",2,98.86673218380534,7498
"(0.8101143854687974, 1.0)",1,98.8662431169159,7499
"(0.9166145507608924, 1.0)",2,98.86613421704595,7501
"(1.0, 0.9833229101521784)",1,98.86595789034814,7502
"(0.8432903075760217, 1.0)",1,98.86577565863703,7503
"(0.5555555555555555, 1.0)",1,98.86572932331484,7504
"(0.8976982097186702, 1.0)",1,98.86518005938312,7505
"(1.0, 1.0)",1,98.8651522401112,7506
"(0.8349489264123411, 1.0)",1,98.86497353817263,7507
"(0.6703030303030302, 1.0)",1,98.86496152076772,7508
"(0.9833229101521784, 1.0)",4,98.86473166762084,7512
"(0.5910680656443368, 1.0)",1,98.86452481680055,7513
"(0.9, 1.0)",1,98.86433892647266,7514
"(0.844988344988345, 1.0)",1,98.86429522154204,7515
"(0.9326599326599326, 0.9833229101521784)",2,98.86427883531802,7517
"(0.861111111111111, 1.0)",2,98.86374818452278,7519
"(0.9792766373411534, 0.9916585206907788)",1,98.86323916463876,7520
"(0.9164652836623464, 1.0)",1,98.86305333915212,7521
"(0.6238244514106583, 1.0)",1,98.862948253987,7522
"(0.8635976129582268, 1.0)",1,98.86287954506416,7523
"(0.7802197802197803, 1.0)",1,98.8625590429628,7524
"(0.8420013166556947, 1.0)",2,98.86244046485902,7526
"(0.7077308656256025, 1.0)",1,98.862245016352,7527
"(0.7802197802197803, 1.0)",1,98.86218958159672,7528
"(0.9027777777777778, 1.0)",1,98.8620838471602,7529
"(0.9833229101521784, 1.0)",1,98.86143978531209,7530
"(0.7656073923822403, 1.0)",2,98.86132648810133,7532
"(0.8997493734335841, 1.0)",1,98.8612624406542,7533
"(0.975195619792394, 0.9958292603453894)",1,98.86080693682084,7534
"(0.8468951683237397, 1.0)",1,98.86069396226468,7535
"(0.859499940327008, 0.986081059422206)",1,98.86064341106858,7536
"(0.987491854024112, 0.9958292603453894)",1,98.86059091169142,7537
"(0.8016677935542034, 1.0)",2,98.85978967655534,7539
"(0.8016677935542034, 1.0)",1,98.85968948035062,7540
"(0.9669795885118464, 0.9958292603453894)",1,98.85958540927042,7541
"(0.861111111111111, 1.0)",1,98.85948294183407,7542
"(0.8329156223893065, 1.0)",2,98.85933350405072,7544
"(0.7511111111111111, 1.0)",1,98.85881387499472,7545
"(0.901575014782562, 1.0)",1,98.85820288526612,7546
"(0.9874762808349148, 0.9958292603453894)",1,98.85814262309684,7547
"(1.0, 1.0)",1,98.85804407395416,7548
"(0.8319340617212959, 0.986081059422206)",1,98.8579959704416,7549
"(0.9833229101521784, 1.0)",2,98.85756602527655,7551
"(0.9158007932517735, 1.0)",1,98.85745333348984,7552
"(0.8432903075760217, 1.0)",3,98.85737816674312,7555
"(0.8796475392220073, 1.0)",1,98.85709551727632,7556
"(0.861111111111111, 1.0)",1,98.8561847079096,7557
"(0.73687720936437, 1.0)",2,98.85613816336094,7559
"(0.9153439153439152, 1.0)",2,98.85613209140028,7561
"(0.9666562434855118, 1.0)",1,98.85603497066931,7562
"(1.0, 1.0)",1,98.855458523926,7563
"(1.0, 1.0)",1,98.8553954006984,7564
"(0.9546499948224086, 0.9958292603453894)",2,98.85532784268048,7566
"(0.8832603710652491, 1.0)",2,98.85517980573182,7568
"(0.7511111111111111, 1.0)",1,98.85514089390814,7569
"(0.8372053872053872, 1.0)",1,98.85447386018636,7570
"(0.9326599326599326, 1.0)",1,98.854320998831,7571
"(0.9751539794803552, 0.9958292603453894)",2,98.85428004692676,7573
"(0.8845578466141503, 1.0)",1,98.85393456784664,7574
"(0.9153439153439152, 1.0)",1,98.85370809578232,7575
"(0.9665831244778612, 1.0)",1,98.8536471832024,7576
"(0.8420013166556946, 1.0)",1,98.85331087078302,7577
"(0.9833229101521784, 1.0)",2,98.8531765099194,7579
"(0.9497171590194846, 1.0)",1,98.85292302833015,7580
"(0.9280317595086728, 0.9958292603453894)",1,98.8528377503992,7581
"(0.8294970161977834, 1.0)",1,98.85225900874042,7582
"(0.8222222222222222, 1.0)",1,98.85201365933074,7583
"(0.9009287520039462, 1.0)",1,98.85180860820262,7584
"(0.9333333333333332, 1.0)",1,98.85162597500717,7585
"(0.9749706744868036, 0.9873484848484848)",1,98.85159306112982,7586
"(0.8651903651903651, 1.0)",1,98.8508898476343,7587
"(0.6698155645524068, 1.0)",1,98.85049521897602,7588
"(0.9750943974852894, 0.9958292603453894)",1,98.8504087949992,7589
"(0.9161952650324744, 1.0)",1,98.85037612477348,7590
"(0.9333333333333332, 1.0)",1,98.84996309739768,7591
"(0.6698155645524068, 1.0)",2,98.84985049689357,7593
"(0.987491854024112, 0.9915151515151516)",1,98.84959532081784,7594
"(0.808446455505279, 1.0)",1,98.8494669100785,7595
"(0.808446455505279, 1.0)",1,98.84946691007848,7596
"(0.9499687304565352, 1.0)",1,98.8491550953682,7597
"(0.8796475392220073, 1.0)",1,98.84904250185517,7598
"(0.9707136080238548, 0.9958292603453894)",1,98.8490351128,7599
"(0.6698155645524068, 0.9833229101521784)",1,98.84896230491366,7600
"(0.9009534009534008, 1.0)",1,98.84874883789703,7601
"(0.9874762808349148, 0.9958292603453894)",1,98.84859843185583,7602
"(0.9153439153439152, 1.0)",1,98.8485394782764,7603
"(0.9189396095602992, 0.9958292603453894)",2,98.84842996454223,7605
"(0.9750481776288228, 0.9958292603453894)",1,98.8483465408132,7606
"(0.930704099821747, 1.0)",1,98.84823052152,7607
"(0.757745166550198, 1.0)",1,98.84819139957835,7608
"(0.9497171590194848, 1.0)",1,98.84815216142118,7609
"(0.617513611615245, 1.0)",1,98.84813321621355,7610
"(0.9161952650324744, 1.0)",1,98.84720071612033,7611
"(1.0, 1.0)",1,98.8471278584262,7612
"(1.0, 1.0)",1,98.8467742698499,7613
"(0.7601164382773579, 1.0)",1,98.84656333281978,7614
"(0.9666562434855118, 1.0)",1,98.84643977626826,7615
"(0.9299507899507898, 1.0)",1,98.84637837254702,7616
"(0.8137865219658889, 1.0)",1,98.84621233995158,7617
"(0.8374727668845315, 1.0)",1,98.84600253216055,7618
"(0.9792521035784794, 0.9958292603453894)",1,98.84589040014458,7619
"(0.9326599326599326, 1.0)",1,98.84563019351208,7620
"(1.0, 1.0)",1,98.8455492972136,7621
"(0.9792406033772258, 0.9958292603453894)",1,98.8454973788474,7622
"(0.8177442148030384, 0.9833229101521784)",1,98.84509673710336,7623
"(0.8796475392220073, 1.0)",1,98.84508539746356,7624
"(0.9333333333333332, 1.0)",1,98.8442954403338,7625
"(0.721056721056721, 1.0)",1,98.84392051798986,7626
"(0.8374727668845315, 1.0)",1,98.84348695374378,7627
"(0.7090909090909091, 0.9833229101521784)",1,98.84276961362524,7628
"(0.958095238095238, 0.9916585206907788)",1,98.84272798866616,7629
"(0.9750481776288228, 0.9958292603453894)",1,98.84208129874956,7630
"(0.8294970161977834, 1.0)",1,98.8419282401822,7631
"(0.8476190476190477, 1.0)",1,98.84158648966832,7632
"(0.9499687304565352, 1.0)",1,98.84122950289564,7633
"(0.826388888888889, 1.0)",1,98.84109501864452,7634
"(0.987463247273494, 0.9958292603453894)",2,98.84069089044382,7636
"(0.9750780096985032, 0.9958292603453894)",1,98.84012908661174,7637
"(0.9833229101521784, 1.0)",1,98.84012204263756,7638
"(0.7802197802197803, 1.0)",1,98.84011159275848,7639
"(0.8420013166556946, 1.0)",1,98.84004622712447,7640
"(0.8476190476190477, 1.0)",1,98.83953661514636,7641
"(0.934122934122934, 0.9833229101521784)",2,98.83940238646731,7643
"(0.9755096665580536, 0.9958292603453894)",1,98.83939140480167,7644
"(0.7077308656256025, 1.0)",1,98.83896084824951,7645
"(0.724804131054131, 1.0)",1,98.83894184113484,7646
"(0.97495917428555, 0.9958292603453894)",1,98.83885417683024,7647
"(0.9326599326599326, 1.0)",1,98.8385733507684,7648
"(0.8420013166556946, 1.0)",1,98.83791353330209,7649
"(0.7916666666666666, 1.0)",2,98.83783197750046,7651
"(0.816195709052852, 1.0)",1,98.83765095233092,7652
"(0.9714797495442656, 0.9958292603453894)",1,98.83746296222458,7653
"(0.8976982097186702, 1.0)",1,98.83728594902212,7654
"(0.8976982097186702, 1.0)",1,98.83728021908752,7655
"(0.9833229101521784, 1.0)",1,98.83677614791524,7656
"(0.9749436010963526, 0.9958292603453894)",1,98.8365397327973,7657
"(0.7734344933751168, 1.0)",1,98.8352656392063,7658
"(0.8997493734335841, 1.0)",1,98.83516315927685,7659
"(0.8432903075760217, 1.0)",1,98.83475822484658,7660
"(0.9441595441595442, 1.0)",1,98.83472460204592,7661
"(0.8653198653198653, 1.0)",1,98.83450850312678,7662
"(0.9833229101521784, 1.0)",1,98.83379464175962,7663
"(0.776488287126585, 1.0)",2,98.83343084305926,7665
"(0.7687400318979267, 1.0)",1,98.83299769692582,7666
"(0.9665831244778612, 1.0)",1,98.83258460872968,7667
"(0.9665831244778612, 1.0)",4,98.83255411683366,7671
"(0.9333333333333332, 0.9833229101521784)",1,98.8325200117242,7672
"(0.8329156223893065, 1.0)",1,98.83228549315804,7673
"(0.7090909090909091, 1.0)",1,98.83220501053115,7674
"(0.9169719169719168, 1.0)",1,98.83157329479714,7675
"(0.868077055383557, 1.0)",2,98.83157277421164,7677
"(0.868077055383557, 1.0)",1,98.83132885932984,7678
"(0.861111111111111, 1.0)",1,98.8313202953593,7679
"(1.0, 1.0)",1,98.83087654998572,7680
"(0.9707136080238548, 0.9958292603453894)",2,98.83076274882724,7682
"(0.9834358767945106, 0.9958292603453894)",1,98.83026079868704,7683
"(0.9497171590194846, 1.0)",1,98.83001775827591,7684
"(0.617513611615245, 1.0)",1,98.83001377259032,7685
"(0.9326599326599326, 1.0)",1,98.82998771011223,7686
"(0.7648017586542176, 1.0)",1,98.8298216018068,7687
"(1.0, 1.0)",1,98.82931928771856,7688
"(0.8016677935542034, 1.0)",1,98.82907918816268,7689
"(0.6823744006670837, 1.0)",1,98.82889891001275,7690
"(1.0, 1.0)",1,98.8288904086395,7691
"(0.9665831244778612, 1.0)",1,98.82864171662814,7692
"(0.949977467563772, 0.9916585206907788)",1,98.82856820037644,7693
"(0.8887202421952387, 1.0)",1,98.8284625988496,7694
"(0.8319340617212959, 1.0)",1,98.82826561659982,7695
"(0.8796475392220073, 1.0)",1,98.8281462769974,7696
"(1.0, 1.0)",2,98.82785528451134,7698
"(0.9833229101521784, 1.0)",1,98.82764235941109,7699
"(0.9833229101521784, 1.0)",4,98.8275464795341,7703
"(0.8976982097186702, 1.0)",1,98.82751978867788,7704
"(0.6698155645524068, 1.0)",1,98.82727757981029,7705
"(0.8294970161977834, 1.0)",1,98.82714410488722,7706
"(0.8432903075760217, 0.986081059422206)",2,98.8269466884693,7708
"(0.8814814814814814, 1.0)",1,98.82672391553352,7709
"(0.5910680656443368, 1.0)",2,98.82632539187728,7711
"(0.808446455505279, 1.0)",1,98.82554683480076,7712
"(0.9669795885118464, 0.9958292603453894)",1,98.8254017528448,7713
"(0.9326599326599326, 1.0)",1,98.82490246496474,7714
"(0.9833229101521784, 1.0)",1,98.82455567115665,7715
"(0.861111111111111, 1.0)",2,98.82452169692496,7717
"(1.0, 1.0)",3,98.82449445159575,7720
"(0.7090909090909091, 1.0)",1,98.82434667716336,7721
"(0.8467532467532467, 1.0)",1,98.82409611076932,7722
"(0.9835199925522506, 0.9958292603453894)",1,98.82284331101664,7723
"(0.7601281633539698, 1.0)",1,98.822177858326,7724
"(0.812557599070401, 0.9861673414304992)",1,98.82210798980826,7725
"(0.9876221896383188, 0.9958292603453894)",1,98.82197247962392,7726
"(0.9161952650324744, 1.0)",1,98.82156469235304,7727
"(0.7479743867590829, 1.0)",2,98.82152227745031,7729
"(0.8016677935542034, 1.0)",1,98.82151216641526,7730
"(0.7687400318979267, 1.0)",2,98.82127347364448,7732
"(0.9326599326599326, 1.0)",1,98.82121086283422,7733
"(0.9166145507608924, 1.0)",1,98.81983498612637,7734
"(0.8586166985951469, 1.0)",1,98.8197227323808,7735
"(0.8329156223893065, 1.0)",1,98.81911657162895,7736
"(0.8229870141950848, 1.0)",1,98.81869520237969,7737
"(0.975195619792394, 0.9958292603453894)",1,98.81860237167636,7738
"(0.826388888888889, 1.0)",1,98.81844158233478,7739
"(0.8341307814992026, 1.0)",2,98.81772998075948,7741
"(0.9326599326599326, 1.0)",1,98.8176133316896,7742
"(0.9158007932517735, 0.986081059422206)",1,98.81743265279223,7743
"(0.8796475392220073, 0.9833229101521784)",1,98.8173203107909,7744
"(0.9833229101521784, 1.0)",1,98.81703777268764,7745
"(0.7687400318979267, 1.0)",1,98.81680114635218,7746
"(0.987463247273494, 0.9958292603453894)",1,98.8167882019818,7747
"(0.8294970161977834, 1.0)",2,98.8167161596158,7749
"(1.0, 1.0)",1,98.8164291745075,7750
"(0.9666562434855118, 1.0)",1,98.81640527530698,7751
"(0.8845578466141503, 1.0)",1,98.81638789076771,7752
"(0.9791258409522168, 0.9958292603453894)",2,98.81587468425836,7754
"(0.7183489076634237, 1.0)",1,98.81568733329468,7755
"(0.7916666666666666, 1.0)",1,98.81567775484612,7756
"(0.7632275132275131, 1.0)",2,98.81527195396754,7758
"(0.916104916104916, 1.0)",1,98.81511314206624,7759
"(0.6703030303030302, 1.0)",1,98.81493025122428,7760
"(0.933249791144528, 1.0)",1,98.81432589669592,7761
"(0.8796475392220073, 1.0)",1,98.81403825210276,7762
"(0.987463247273494, 0.9958292603453894)",1,98.81399374317982,7763
"(0.9665831244778612, 0.9833229101521784)",1,98.8139781316216,7764
"(0.9299507899507898, 0.986081059422206)",1,98.8137466002904,7765
"(0.8997493734335841, 1.0)",1,98.81350214954288,7766
"(0.9582389563841176, 1.0)",2,98.81326991257563,7768
"(0.9153439153439156, 1.0)",1,98.813181845334,7769
"(0.8137566137566138, 1.0)",1,98.81280204162844,7770
"(0.9161952650324744, 1.0)",2,98.81266930399688,7772
"(0.9161952650324744, 0.9833229101521784)",1,98.81252928331776,7773
"(0.8976982097186702, 1.0)",1,98.81244068629906,7774
"(0.826388888888889, 1.0)",1,98.8122716188244,7775
"(0.8633762288330498, 1.0)",1,98.8116474280894,7776
"(0.9326599326599326, 0.9833229101521784)",1,98.81161938518618,7777
"(0.9161952650324744, 0.9833229101521784)",1,98.81126565522683,7778
"(0.8316498316498316, 1.0)",1,98.81095312726742,7779
"(0.8294970161977834, 1.0)",1,98.81093429300476,7780
"(0.5910680656443368, 1.0)",1,98.81048497281172,7781
"(0.8053381731676306, 0.986081059422206)",1,98.8104354072838,7782
"(0.7675138481590094, 1.0)",1,98.810253950208,7783
"(0.7077308656256025, 1.0)",1,98.81005832040742,7784
"(0.8796475392220073, 1.0)",1,98.80971462333272,7785
"(0.8355992355992357, 1.0)",1,98.80963635996429,7786
"(0.7310532222812924, 1.0)",1,98.80953959305792,7787
"(0.8342074592074593, 1.0)",1,98.80941115533544,7788
"(0.8316498316498316, 0.9833229101521784)",1,98.80928776539632,7789
"(0.776488287126585, 1.0)",1,98.80926005307504,7790
"(0.7090909090909091, 0.9833229101521784)",1,98.80920520946816,7791
"(0.9504245882013664, 0.9958292603453894)",1,98.8091017698349,7792
"(0.9333333333333332, 1.0)",2,98.80860599284084,7794
"(0.8016677935542034, 1.0)",1,98.80835276262032,7795
"(0.9749436010963526, 0.9958292603453894)",1,98.8083274149312,7796
"(0.7994987468671678, 1.0)",1,98.80828865424502,7797
"(0.9166145507608924, 1.0)",2,98.8081654735108,7799
"(0.9365496267832196, 0.9916585206907788)",1,98.8077964462618,7800
"(0.816195709052852, 1.0)",1,98.80756579433674,7801
"(0.9714797495442656, 0.9958292603453894)",1,98.80754603820088,7802
"(0.8840048840048841, 1.0)",1,98.80750849983916,7803
"(0.9442283950617284, 1.0)",1,98.8074353612185,7804
"(0.9833229101521784, 1.0)",1,98.80718706794384,7805
"(0.9497171590194848, 1.0)",1,98.80704023715712,7806
"(0.8976982097186702, 1.0)",2,98.80656273639796,7808
"(0.8420013166556946, 1.0)",1,98.8065626661764,7809
"(0.9833229101521784, 1.0)",1,98.80652200157807,7810
"(0.826388888888889, 1.0)",1,98.80638081410127,7811
"(0.8976982097186702, 1.0)",2,98.80621924521606,7813
"(0.8814814814814814, 1.0)",1,98.80600175645544,7814
"(0.9833229101521784, 1.0)",1,98.8049950858767,7815
"(0.8976982097186702, 1.0)",1,98.8046394662266,7816
"(0.8796475392220073, 1.0)",1,98.80460154012516,7817
"(0.8633762288330498, 1.0)",1,98.8042352630923,7818
"(0.7979797979797979, 1.0)",1,98.80413087960258,7819
"(0.8872426490351017, 1.0)",1,98.80379496591904,7820
"(0.882673371045464, 1.0)",1,98.80374451451866,7821
"(0.9750481776288228, 0.9958292603453894)",1,98.80372334749012,7822
"(0.8222222222222222, 1.0)",1,98.8035246884857,7823
"(0.7362637362637362, 1.0)",1,98.80338589027238,7824
"(0.917415489944373, 1.0)",1,98.80322398289807,7825
"(0.9665831244778612, 1.0)",2,98.80317361524035,7827
"(0.8976982097186702, 1.0)",1,98.803055240162,7828
"(0.8814814814814814, 1.0)",1,98.80300397651946,7829
"(0.6521663785997688, 1.0)",1,98.80292962257067,7830
"(0.8796475392220073, 1.0)",1,98.8025789499627,7831
"(1.0, 0.9665831244778612)",1,98.80121765301044,7832
"(0.9157097551404952, 0.9958292603453894)",1,98.80108912602736,7833
"(0.987463247273494, 0.9958292603453894)",1,98.80104651785632,7834
"(0.8137566137566138, 1.0)",1,98.80053939362082,7835
"(0.9876221896383188, 0.9705383010048324)",1,98.80053913618951,7836
"(0.8222222222222222, 1.0)",1,98.7998729422769,7837
"(0.9750481776288228, 0.9958292603453894)",2,98.79983499332236,7839
"(0.9161952650324744, 1.0)",1,98.79968511059248,7840
"(0.6733821733821733, 1.0)",1,98.79958780150682,7841
"(0.9365496267832196, 0.9958292603453894)",1,98.79952707284286,7842
"(0.8222222222222222, 1.0)",1,98.79943559398572,7843
"(0.8420013166556947, 1.0)",2,98.79941543021684,7845
"(0.7687400318979267, 1.0)",1,98.79896394860488,7846
"(0.5555555555555555, 1.0)",1,98.79828005995724,7847
"(0.8156295830714435, 0.9833229101521784)",1,98.79826104608148,7848
"(0.7601164382773579, 1.0)",1,98.79781842986256,7849
"(0.9669558693467613, 0.9958292603453894)",2,98.79742655408194,7851
"(0.8796475392220073, 1.0)",1,98.7974073249499,7852
"(0.7979797979797979, 1.0)",1,98.7973901004202,7853
"(0.8997493734335841, 1.0)",1,98.79710151596272,7854
"(0.8468951683237397, 1.0)",1,98.79707308402396,7855
"(0.9832401090007582, 0.9958292603453894)",1,98.79638011572824,7856
"(0.9008025849489264, 0.9833229101521784)",2,98.79637610766945,7858
"(0.9791332681655264, 0.9916585206907788)",1,98.79625052368635,7859
"(0.837707400507675, 1.0)",1,98.7961151493006,7860
"(0.7982894736842105, 1.0)",1,98.79601385550356,7861
"(0.8997493734335841, 1.0)",2,98.79562093242023,7863
"(0.8976982097186702, 1.0)",2,98.79539549682096,7865
"(0.9166145507608924, 1.0)",2,98.7951609156159,7867
"(0.933096859926128, 1.0)",1,98.79491604928806,7868
"(0.8374727668845315, 1.0)",1,98.79489080170949,7869
"(0.9333333333333332, 1.0)",1,98.79441146558408,7870
"(0.8341307814992026, 0.9833229101521784)",1,98.79417987441596,7871
"(0.8476190476190477, 1.0)",4,98.79414440728232,7875
"(0.9833229101521784, 1.0)",2,98.79355043589358,7877
"(0.9279680209218476, 0.9958292603453894)",1,98.79333979805416,7878
"(0.6760835913312693, 1.0)",1,98.79332229204314,7879
"(0.987491854024112, 0.9958292603453894)",1,98.79308633856776,7880
"(0.9, 1.0)",1,98.79302469745346,7881
"(0.9454999712494968, 0.9958292603453894)",1,98.79292185612567,7882
"(0.7340930674264006, 1.0)",1,98.7929181730946,7883
"(0.9916666666666668, 0.9916666666666668)",1,98.79270077777086,7884
"(0.859499940327008, 1.0)",2,98.79267913673206,7886
"(0.8997493734335841, 1.0)",1,98.7926232016658,7887
"(0.9916585206907788, 0.9958292603453894)",1,98.79185729431347,7888
"(0.8222222222222222, 1.0)",1,98.79156463536616,7889
"(0.7340930674264006, 1.0)",1,98.79156169002216,7890
"(0.882673371045464, 1.0)",1,98.79153960158962,7891
"(0.9665831244778612, 1.0)",2,98.79128829524146,7893
"(0.917655049465296, 0.9958292603453894)",2,98.79127847219446,7895
"(0.9497171590194846, 1.0)",1,98.79125799618458,7896
"(0.93773047895128, 0.9958292603453894)",1,98.79094763395244,7897
"(0.7204751921733054, 1.0)",1,98.79083632144732,7898
"(0.916104916104916, 1.0)",1,98.79061038561876,7899
"(0.9008627640703112, 1.0)",1,98.79057366596636,7900
"(0.8811945374355704, 1.0)",2,98.7905642339683,7902
"(0.8703703703703703, 1.0)",1,98.79008639946798,7903
"(0.7687400318979267, 1.0)",2,98.79004930907524,7905
"(0.73687720936437, 1.0)",1,98.78953419252076,7906
"(0.9499687304565352, 1.0)",1,98.78895790136082,7907
"(0.9833229101521784, 1.0)",1,98.78884209692286,7908
"(0.7198480531813864, 1.0)",2,98.7886120978975,7910
"(0.5555555555555555, 1.0)",1,98.78840942255572,7911
"(0.9299507899507898, 1.0)",1,98.78820662872629,7912
"(0.9791299139401608, 0.9958292603453894)",1,98.7878692638408,7913
"(0.9166145507608924, 1.0)",1,98.78783505577844,7914
"(0.979055829228243, 0.9916666666666668)",1,98.78682915285457,7915
"(0.8222222222222222, 1.0)",1,98.7867007173622,7916
"(0.9833229101521784, 1.0)",1,98.78653758345224,7917
"(0.916104916104916, 1.0)",2,98.78629626553378,7919
"(0.9497171590194846, 1.0)",1,98.78614645782152,7920
"(0.9833229101521784, 1.0)",1,98.78598045496425,7921
"(0.7880931329207191, 1.0)",1,98.78527230427127,7922
"(0.6698155645524068, 0.9833229101521784)",1,98.78501778764496,7923
"(0.8976982097186702, 1.0)",1,98.7847403535002,7924
"(0.6698155645524068, 1.0)",1,98.78467638491522,7925
"(0.9497171590194846, 1.0)",1,98.78462419627742,7926
"(0.7601164382773579, 1.0)",1,98.7845685181668,7927
"(0.6961063627730295, 1.0)",1,98.78446605866444,7928
"(0.9326599326599326, 1.0)",1,98.78389335438516,7929
"(0.8832603710652491, 1.0)",1,98.78378647042038,7930
"(0.9008025849489264, 1.0)",1,98.7836552752374,7931
"(0.94993894993895, 1.0)",1,98.78316363729226,7932
"(1.0, 0.9833229101521784)",2,98.7824051999919,7934
"(0.8653198653198653, 1.0)",1,98.7823436432502,7935
"(0.934122934122934, 1.0)",1,98.78215378918274,7936
"(0.7340930674264006, 1.0)",1,98.78210032694906,7937
"(0.9331662489557224, 1.0)",1,98.78208510152946,7938
"(0.8653198653198653, 0.9833229101521784)",1,98.78194988332292,7939
"(0.9833229101521784, 1.0)",1,98.78193868559602,7940
"(0.8420013166556946, 1.0)",1,98.78189932375996,7941
"(1.0, 1.0)",1,98.78169821521364,7942
"(0.8316498316498316, 1.0)",1,98.78158926013964,7943
"(0.8976982097186702, 0.9665831244778612)",1,98.78148075864893,7944
"(0.9833229101521784, 1.0)",1,98.78108049462692,7945
"(0.8997493734335841, 1.0)",1,98.78100977481222,7946
"(0.7183489076634237, 1.0)",1,98.78074558925238,7947
"(0.8976982097186702, 1.0)",2,98.78051749763318,7949
"(1.0, 1.0)",2,98.77935229491224,7951
"(1.0, 1.0)",1,98.77929089500265,7952
"(1.0, 1.0)",1,98.77917740890544,7953
"(0.6825396825396824, 1.0)",1,98.7789977334132,7954
"(0.8796475392220073, 1.0)",1,98.77873503115826,7955
"(0.8222222222222222, 1.0)",1,98.77841671291556,7956
"(0.7982894736842105, 1.0)",1,98.77797158608108,7957
"(0.9166145507608924, 1.0)",1,98.777514527396,7958
"(1.0, 1.0)",1,98.7771304433692,7959
"(0.8222222222222222, 1.0)",1,98.77704162906164,7960
"(0.9169719169719168, 1.0)",1,98.7769977633264,7961
"(0.7687400318979267, 0.9833229101521784)",1,98.776666861473,7962
"(0.8633762288330498, 1.0)",1,98.77611328437692,7963
"(0.8467532467532467, 1.0)",1,98.77564871666092,7964
"(1.0, 1.0)",1,98.77530469036816,7965
"(0.9326599326599326, 1.0)",1,98.77504625628752,7966
"(0.9166145507608924, 1.0)",4,98.77489040404376,7970
"(0.826388888888889, 1.0)",1,98.7746919974276,7971
"(0.97934925289764, 0.987495927012056)",1,98.7745220467689,7972
"(0.9499687304565352, 1.0)",2,98.77416592340714,7974
"(0.8319340617212959, 1.0)",1,98.773948991046,7975
"(0.9444901834607716, 1.0)",1,98.77381075708406,7976
"(0.8653198653198653, 1.0)",1,98.77379410345432,7977
"(0.9003556829643787, 1.0)",1,98.77374372438231,7978
"(0.9189396095602992, 0.9958292603453894)",1,98.77336418434162,7979
"(0.7687400318979267, 1.0)",1,98.7728622662348,7980
"(0.9609386607489072, 0.9958292603453894)",1,98.77279709445824,7981
"(0.8177442148030384, 0.9833229101521784)",2,98.7724814788382,7983
"(0.8016677935542034, 1.0)",1,98.77236646809035,7984
"(0.9161952650324744, 1.0)",1,98.77226138785086,7985
"(0.9876066164491212, 0.987491854024112)",1,98.77193497471607,7986
"(0.6612761389202956, 1.0)",1,98.77151221936492,7987
"(0.8016677935542034, 1.0)",1,98.77147119665796,7988
"(0.8222222222222222, 1.0)",1,98.77139763296124,7989
"(0.9153439153439152, 1.0)",1,98.77101754231556,7990
"(0.8796475392220073, 1.0)",1,98.77069751673062,7991
"(1.0, 0.9665831244778612)",1,98.77005262832688,7992
"(0.8374727668845315, 1.0)",1,98.76995151715492,7993
"(0.9666562434855118, 1.0)",1,98.76995025196952,7994
"(0.9454999712494968, 0.9958292603453894)",2,98.76983370699377,7996
"(0.9454999712494968, 0.9958292603453894)",1,98.76966085818158,7997
"(0.8432903075760217, 1.0)",1,98.76854494242993,7998
"(1.0, 1.0)",1,98.76852862910609,7999
"(0.8976982097186702, 1.0)",1,98.76826281046144,8000
"(0.9442283950617284, 1.0)",1,98.7676220446241,8001
"(0.9833040078201368, 0.983545503234046)",1,98.76751143677264,8002
"(0.8101143854687974, 1.0)",1,98.76717223639034,8003
"(0.961552316099405, 0.9958292603453894)",1,98.76707973174778,8004
"(0.8692185007974482, 1.0)",1,98.76642342812649,8005
"(0.9506533178503804, 1.0)",1,98.76641365878616,8006
"(0.9749706744868036, 0.9958292603453894)",1,98.76634230204408,8007
"(0.8053381731676306, 1.0)",1,98.76615055044483,8008
"(0.8615866942983156, 1.0)",1,98.7660674542394,8009
"(1.0, 1.0)",1,98.76587918690493,8010
"(0.9243707071934514, 0.9873891625615764)",1,98.7656907386372,8011
"(0.9165164082221422, 1.0)",1,98.76521226170232,8012
"(0.8586166985951469, 1.0)",1,98.764028424533,8013
"(0.799275702501509, 1.0)",1,98.7638531887048,8014
"(0.7675138481590094, 1.0)",4,98.76365310911169,8018
"(0.861111111111111, 1.0)",1,98.76335505894144,8019
"(0.934122934122934, 1.0)",1,98.76324840254648,8020
"(0.9746535316523212, 0.9958292603453894)",1,98.76315783444797,8021
"(0.8615866942983156, 1.0)",1,98.76296361370144,8022
"(0.9008025849489264, 0.9833229101521784)",1,98.76276663198074,8023
"(0.8840455840455841, 1.0)",1,98.7624186193292,8024
"(0.987463247273494, 0.9958292603453894)",1,98.76164674339216,8025
"(0.8420013166556947, 1.0)",1,98.76164672603984,8026
"(0.9751539794803552, 0.9958292603453894)",1,98.76155787899933,8027
"(0.7083333333333334, 1.0)",1,98.76138945446296,8028
"(0.917469251615593, 1.0)",2,98.7612442765312,8030
"(0.987463247273494, 0.9916666666666668)",1,98.76108572718633,8031
"(0.8329156223893065, 1.0)",1,98.7610714528792,8032
"(0.9435817855979146, 0.9916666666666668)",1,98.76087055178024,8033
"(1.0, 1.0)",1,98.76082475625796,8034
"(0.7734344933751168, 1.0)",1,98.7605941268762,8035
"(0.9665831244778612, 1.0)",1,98.75958629068964,8036
"(0.8976982097186702, 1.0)",1,98.75954822121624,8037
"(0.8796475392220073, 1.0)",1,98.75921283875124,8038
"(0.7479743867590829, 1.0)",1,98.75918527892208,8039
"(0.8222222222222222, 1.0)",1,98.75900270644448,8040
"(0.8796475392220073, 1.0)",2,98.75899887098096,8042
"(0.6664472240509107, 1.0)",1,98.75812742908184,8043
"(1.0, 1.0)",1,98.75794421588074,8044
"(0.8177442148030384, 1.0)",1,98.75788368805291,8045
"(0.9490213526488036, 0.9916585206907788)",1,98.75737240420192,8046
"(0.9833229101521784, 1.0)",1,98.75734946228246,8047
"(0.8796475392220073, 0.9833229101521784)",1,98.75710405788529,8048
"(1.0, 1.0)",2,98.75692683290865,8050
"(1.0, 1.0)",1,98.7562570020794,8051
"(0.9748524098350704, 0.9958292603453894)",1,98.7560677363113,8052
"(1.0, 1.0)",1,98.75598086124404,8053
"(0.8976982097186702, 1.0)",1,98.75506771190986,8054
"(0.8165520116739629, 1.0)",1,98.75502259038096,8055
"(0.808446455505279, 1.0)",1,98.75487156116849,8056
"(1.0, 1.0)",1,98.75487031424868,8057
"(0.837707400507675, 1.0)",2,98.75479145174246,8059
"(0.958095238095238, 0.9916585206907788)",1,98.75476739403076,8060
"(0.9034438470728792, 0.9916585206907788)",1,98.7547284084586,8061
"(0.9444901834607716, 1.0)",1,98.75462732754475,8062
"(0.8222222222222222, 1.0)",1,98.75453408380233,8063
"(0.7880931329207191, 1.0)",1,98.75451316782151,8064
"(0.861111111111111, 1.0)",1,98.75446053305272,8065
"(0.837707400507675, 1.0)",4,98.7543636439932,8069
"(1.0, 1.0)",1,98.75328016875022,8070
"(0.8491918316699293, 1.0)",1,98.7532225157909,8071
"(0.8016677935542034, 1.0)",1,98.75306287737008,8072
"(0.8420013166556946, 0.9665831244778612)",2,98.7530610323477,8074
"(0.861111111111111, 1.0)",1,98.75286656502104,8075
"(0.861111111111111, 1.0)",1,98.7524698264214,8076
"(0.9166145507608924, 1.0)",4,98.75209616817816,8080
"(0.6698155645524068, 1.0)",1,98.7520435857443,8081
"(0.8653198653198653, 1.0)",1,98.75145391102112,8082
"(1.0, 1.0)",1,98.75121888771596,8083
"(0.9167853751187084, 1.0)",1,98.75090086552436,8084
"(0.9833229101521784, 1.0)",1,98.75020164655515,8085
"(0.9835547122074636, 0.9915151515151516)",1,98.749918330567,8086
"(0.5555555555555555, 1.0)",1,98.74988037022972,8087
"(0.8796475392220073, 1.0)",1,98.74962867300287,8088
"(0.9497171590194846, 1.0)",1,98.74956578342952,8089
"(0.7077308656256025, 1.0)",2,98.74941142442356,8091
"(0.8615866942983156, 1.0)",2,98.7491110769965,8093
"(0.9623978877963698, 0.9958292603453894)",1,98.74899770524316,8094
"(0.930704099821747, 1.0)",1,98.74815286239696,8095
"(0.9326599326599326, 1.0)",1,98.74812738407384,8096
"(0.972281746031746, 1.0)",1,98.7479588253024,8097
"(0.8053381731676306, 0.986081059422206)",1,98.74781113269606,8098
"(0.8670139869650273, 0.9833229101521784)",1,98.74750303036924,8099
"(0.9452448267044004, 0.9916585206907788)",1,98.74748261253464,8100
"(0.9189396095602992, 0.9916585206907788)",1,98.74724715401746,8101
"(0.893146638589877, 1.0)",1,98.746935525025,8102
"(1.0, 1.0)",1,98.74692792458052,8103
"(0.7183489076634237, 1.0)",4,98.7465055024572,8107
"(0.757745166550198, 1.0)",2,98.74619950337085,8109
"(0.962505246140658, 0.9916666666666668)",1,98.74611678650211,8110
"(0.5910680656443368, 1.0)",2,98.74603703635552,8112
"(0.9791332681655264, 0.9958292603453894)",1,98.74603325201042,8113
"(0.8796475392220073, 1.0)",1,98.74575066898682,8114
"(0.8653198653198653, 1.0)",1,98.74572445839924,8115
"(0.902012682657844, 0.9958292603453894)",1,98.74542071193868,8116
"(0.5910680656443368, 1.0)",1,98.7453898505599,8117
"(0.8653198653198653, 1.0)",1,98.74528526703948,8118
"(0.572027972027972, 1.0)",1,98.7452208770816,8119
"(0.8635976129582268, 1.0)",1,98.74472007544124,8120
"(0.7675138481590094, 1.0)",1,98.74456975743216,8121
"(1.0, 1.0)",4,98.74418148072075,8125
"(0.8222222222222222, 1.0)",1,98.74359177848996,8126
"(0.9497171590194848, 1.0)",1,98.7435856071796,8127
"(0.9835199925522506, 0.9916666666666668)",1,98.74331932552616,8128
"(0.7030539311241066, 1.0)",1,98.74295350177884,8129
"(0.9442283950617284, 1.0)",1,98.74292961066269,8130
"(0.987463247273494, 0.9916666666666668)",1,98.74221178469226,8131
"(0.9499687304565352, 0.9833229101521784)",1,98.741851976273,8132
"(0.8651903651903651, 1.0)",1,98.74158012748626,8133
"(0.7648017586542176, 1.0)",1,98.74157666287036,8134
"(0.9665831244778612, 1.0)",1,98.74151276465916,8135
"(0.9243707071934514, 0.9873891625615764)",2,98.74139803300665,8137
"(0.7404350561362756, 0.972420634920635)",1,98.74054590127372,8138
"(0.8796475392220073, 1.0)",1,98.74023049668858,8139
"(0.9833229101521784, 1.0)",1,98.74007201971992,8140
"(0.8420013166556946, 1.0)",1,98.74004622712448,8141
"(0.9445972545972546, 0.986081059422206)",1,98.73994878035197,8142
"(0.8796475392220073, 1.0)",1,98.73905143832204,8143
"(0.9166145507608924, 1.0)",1,98.73843287371903,8144
"(0.7802197802197803, 1.0)",1,98.73824333725564,8145
"(0.7075023741690408, 1.0)",1,98.73810344101427,8146
"(0.9665831244778612, 1.0)",1,98.73705742486872,8147
"(0.9299507899507898, 1.0)",1,98.73685737871364,8148
"(0.6831352928913905, 1.0)",1,98.73672789796667,8149
"(0.9153439153439152, 1.0)",1,98.73648725288068,8150
"(1.0, 1.0)",1,98.73643907066298,8151
"(0.8467532467532467, 1.0)",3,98.73630313017992,8154
"(0.8222222222222222, 1.0)",1,98.7356283915805,8155
"(0.8296970789758384, 1.0)",1,98.73533219588386,8156
"(0.9441792447111594, 1.0)",1,98.73511516074257,8157
"(0.9791332681655264, 0.9958292603453894)",1,98.73509112770618,8158
"(0.902012682657844, 0.9958292603453894)",1,98.73466535926286,8159
"(0.9161952650324744, 1.0)",1,98.73460237646128,8160
"(0.7612958226768967, 1.0)",1,98.73407297815491,8161
"(0.8468951683237397, 1.0)",1,98.7336999817158,8162
"(0.9832925076188832, 0.9916585206907788)",1,98.7336042955444,8163
"(0.97934925289764, 0.9958292603453894)",1,98.73319085490591,8164
"(0.861111111111111, 1.0)",1,98.732741353872,8165
"(0.9622634791942192, 0.9958292603453894)",1,98.73270903384476,8166
"(0.9167853751187084, 1.0)",1,98.73246984954616,8167
"(0.9833229101521784, 1.0)",1,98.73241741282882,8168
"(0.8101143854687974, 1.0)",1,98.73226085641647,8169
"(0.97934925289764, 0.9958292603453894)",1,98.73224533208516,8170
"(1.0, 0.9833229101521784)",2,98.73172454955902,8172
"(1.0, 1.0)",1,98.7316479724177,8173
"(0.97934925289764, 0.9916666666666668)",1,98.73142451861452,8174
"(0.8976982097186702, 1.0)",1,98.7314181149798,8175
"(0.8845578466141503, 1.0)",1,98.7312397544547,8176
"(0.8653198653198653, 1.0)",1,98.73120701614866,8177
"(0.9441792447111594, 1.0)",1,98.73095991152226,8178
"(0.8814814814814814, 1.0)",2,98.73061480023986,8180
"(0.898989898989899, 1.0)",1,98.73046492802592,8181
"(0.987463247273494, 0.9958292603453894)",1,98.73011663320092,8182
"(0.882673371045464, 1.0)",1,98.73002860971934,8183
"(0.9747273037595618, 0.983545503234046)",1,98.73002079253536,8184
"(0.9326599326599326, 1.0)",1,98.7295113890804,8185
"(0.7479743867590829, 1.0)",1,98.72943346333076,8186
"(0.947552083649559, 0.9958292603453894)",1,98.72926512450006,8187
"(0.7734344933751168, 1.0)",2,98.7291813585148,8189
"(0.9161952650324744, 1.0)",1,98.72895574659913,8190
"(0.9166145507608924, 0.9833229101521784)",1,98.72892833972234,8191
"(1.0, 1.0)",1,98.72878660091057,8192
"(0.9833229101521784, 1.0)",1,98.72858210186924,8193
"(0.617513611615245, 1.0)",1,98.72803875530754,8194
"(0.9003556829643787, 1.0)",1,98.72778730235946,8195
"(1.0, 1.0)",1,98.7277642584587,8196
"(0.8294970161977834, 0.9833229101521784)",1,98.72725415111051,8197
"(0.5807100687237674, 1.0)",1,98.7270150811612,8198
"(0.9326599326599326, 1.0)",1,98.72640845632164,8199
"(0.8329156223893065, 1.0)",1,98.72586785822428,8200
"(0.9161952650324744, 1.0)",1,98.72583373764245,8201
"(0.861111111111111, 1.0)",1,98.7257981218634,8202
"(0.8101143854687974, 1.0)",1,98.72548335665324,8203
"(1.0, 1.0)",1,98.72541346015616,8204
"(0.8614170116633171, 0.986081059422206)",1,98.72540850703624,8205
"(0.9326599326599326, 1.0)",1,98.72530503066112,8206
"(0.8845424223473003, 1.0)",1,98.72433953261576,8207
"(0.9497171590194848, 1.0)",4,98.72424572558911,8211
"(0.902012682657844, 0.9958292603453894)",1,98.72423413075684,8212
"(0.9833229101521784, 1.0)",1,98.72339193783348,8213
"(0.9497171590194846, 1.0)",2,98.72245657086307,8215
"(0.861111111111111, 1.0)",1,98.72121085498917,8216
"(0.9665831244778612, 1.0)",1,98.72115948486612,8217
"(0.9161952650324744, 1.0)",1,98.72108926562608,8218
"(0.8420013166556946, 1.0)",1,98.72082430243164,8219
"(0.5512311153969784, 1.0)",1,98.72024939886064,8220
"(0.9166145507608924, 1.0)",1,98.72024410794606,8221
"(0.9832965806068272, 0.9958292603453894)",1,98.71953213255792,8222
"(0.8635976129582268, 1.0)",1,98.71937723457025,8223
"(0.8349489264123411, 1.0)",1,98.71930387738507,8224
"(0.8341307814992026, 0.9833229101521784)",2,98.71922696473406,8226
"(0.9791332681655264, 0.9958292603453894)",2,98.71898386349052,8228
"(0.7836699859544369, 1.0)",1,98.71877105945964,8229
"(0.6698155645524068, 1.0)",1,98.7184418574167,8230
"(0.859499940327008, 1.0)",1,98.71841066652853,8231
"(1.0, 1.0)",2,98.71825847267397,8233
"(0.8635976129582268, 1.0)",1,98.71809260327872,8234
"(0.9833229101521784, 1.0)",1,98.7180790817236,8235
"(0.8653198653198653, 0.9833229101521784)",1,98.71801910382985,8236
"(0.8341307814992026, 1.0)",1,98.71788221762542,8237
"(0.8016677935542034, 1.0)",1,98.7178018689906,8238
"(0.9008025849489264, 0.9833229101521784)",1,98.71763597532852,8239
"(1.0, 1.0)",1,98.71738475623448,8240
"(0.8468951683237397, 1.0)",1,98.71681133451736,8241
"(0.7416325017951034, 1.0)",1,98.71607225122035,8242
"(0.8796475392220073, 1.0)",1,98.71580711069012,8243
"(0.757745166550198, 1.0)",1,98.71551521608455,8244
"(0.9497171590194848, 1.0)",1,98.71538210311832,8245
"(0.8697983697983697, 1.0)",1,98.71529031388556,8246
"(0.9158007932517735, 1.0)",2,98.71426704939486,8248
"(0.9333333333333332, 1.0)",1,98.71366652324788,8249
"(0.9340434419381788, 1.0)",1,98.71340414684444,8250
"(0.9791258409522168, 0.9958292603453894)",1,98.7129995497318,8251
"(0.8420013166556946, 1.0)",1,98.71254405703291,8252
"(0.9153439153439152, 1.0)",1,98.71253926592158,8253
"(0.9161952650324744, 0.9833229101521784)",1,98.71246674423082,8254
"(0.9161952650324744, 1.0)",1,98.71246674423074,8255
"(0.9166145507608924, 0.9833229101521784)",1,98.71235419510636,8256
"(0.9326599326599326, 1.0)",1,98.71211661213984,8257
"(0.9581458989353726, 1.0)",1,98.71178403211266,8258
"(0.893146638589877, 1.0)",1,98.71154995686987,8259
"(0.8177442148030384, 1.0)",1,98.7108244573222,8260
"(0.933096859926128, 1.0)",1,98.71076795157396,8261
"(0.9189396095602992, 0.9958292603453894)",1,98.71049318603694,8262
"(0.961552316099405, 0.9958292603453894)",1,98.71030168670718,8263
"(0.9441792447111594, 1.0)",1,98.7090694299629,8264
"(0.8615866942983156, 1.0)",1,98.7089471275319,8265
"(0.8796475392220073, 0.9833229101521784)",1,98.7087495032336,8266
"(0.8796475392220073, 1.0)",1,98.70861096377604,8267
"(0.9326599326599326, 1.0)",2,98.70831833495372,8269
"(0.9833229101521784, 1.0)",2,98.70773019018311,8271
"(0.8420013166556946, 1.0)",2,98.70764541439225,8273
"(0.8796475392220073, 1.0)",2,98.7074838104119,8275
"(1.0, 1.0)",1,98.7074662832215,8276
"(0.9153439153439152, 1.0)",2,98.70731339818124,8278
"(0.9833229101521784, 1.0)",2,98.70728887060518,8280
"(0.9131856219190184, 0.9958292603453894)",1,98.706246842013,8281
"(0.9326599326599326, 1.0)",1,98.70623977817304,8282
"(0.8420013166556946, 1.0)",1,98.7061939692084,8283
"(0.8222222222222222, 1.0)",4,98.70613404124316,8287
"(0.9916585206907788, 0.9958292603453894)",1,98.706106082301,8288
"(0.7880931329207191, 1.0)",1,98.70571461402072,8289
"(0.5910680656443368, 1.0)",1,98.70512409861188,8290
"(0.9497171590194848, 1.0)",1,98.70497158405016,8291
"(0.9161952650324744, 1.0)",1,98.7038337531162,8292
"(0.9167853751187084, 1.0)",1,98.70341299395108,8293
"(0.9833229101521784, 1.0)",2,98.7029378194147,8295
"(0.8372053872053872, 1.0)",1,98.702782043332,8296
"(0.8976982097186702, 1.0)",1,98.70183149661058,8297
"(0.8040695048423352, 1.0)",2,98.70174765570566,8299
"(0.9499687304565352, 1.0)",1,98.70171969987648,8300
"(0.882673371045464, 1.0)",1,98.70154878375594,8301
"(0.9666562434855118, 1.0)",1,98.70143798532766,8302
"(0.8976982097186702, 1.0)",2,98.7013041539645,8304
"(0.8811945374355704, 1.0)",2,98.70128111576352,8306
"(0.8101143854687974, 1.0)",1,98.7012715721776,8307
"(0.9442283950617284, 1.0)",1,98.7009432370848,8308
"(0.746304385688563, 1.0)",1,98.70074685706228,8309
"(0.9158007932517735, 1.0)",1,98.7006015554536,8310
"(0.8976982097186702, 1.0)",1,98.70014135762128,8311
"(0.9158007932517735, 1.0)",1,98.69998106175368,8312
"(0.8736897274633123, 1.0)",1,98.69979270208567,8313
"(1.0, 1.0)",2,98.6997695826064,8315
"(0.6825396825396824, 0.9833229101521784)",1,98.69973667440694,8316
"(0.8432903075760217, 1.0)",2,98.69921723982384,8318
"(0.8697983697983697, 1.0)",1,98.69866070182734,8319
"(0.8420013166556946, 1.0)",2,98.69844101079543,8321
"(0.8294970161977834, 0.9833229101521784)",1,98.69841529276503,8322
"(0.9165164082221422, 1.0)",1,98.69834221816716,8323
"(1.0, 1.0)",1,98.69828435417593,8324
"(0.808446455505279, 1.0)",1,98.6981937236288,8325
"(0.8101143854687974, 1.0)",1,98.69774637839902,8326
"(0.8796475392220073, 1.0)",1,98.69652757040475,8327
"(0.9497171590194846, 1.0)",1,98.696072489693,8328
"(0.9166145507608924, 0.9833229101521784)",1,98.6958986109288,8329
"(0.9497171590194846, 1.0)",2,98.6958850807039,8331
"(0.8633762288330498, 1.0)",2,98.69582118766164,8333
"(0.9333333333333332, 1.0)",2,98.69553419263244,8335
"(0.6825396825396824, 1.0)",1,98.6951622301971,8336
"(0.9153439153439156, 1.0)",1,98.69510431263971,8337
"(0.8997493734335841, 0.9665831244778612)",1,98.69508122826332,8338
"(0.9791258409522168, 0.991777356103732)",1,98.69472651292398,8339
"(0.7075023741690408, 1.0)",1,98.69464760251212,8340
"(0.917849761232425, 1.0)",1,98.6944528725476,8341
"(0.8976982097186702, 1.0)",1,98.69442791223226,8342
"(1.0, 1.0)",4,98.6943599526398,8346
"(0.97934925289764, 0.9958292603453894)",1,98.69409893829106,8347
"(0.9166145507608924, 1.0)",2,98.69372421728352,8349
"(0.9412662901087948, 0.9958292603453894)",1,98.69364178821552,8350
"(0.8796475392220073, 1.0)",1,98.69352806961386,8351
"(0.776488287126585, 1.0)",2,98.69310037438927,8353
"(0.9833229101521784, 1.0)",1,98.69303676153513,8354
"(0.8468951683237397, 1.0)",1,98.69296572275177,8355
"(0.9189396095602992, 0.9958292603453894)",1,98.6926412381915,8356
"(0.7944219523166891, 1.0)",1,98.69252708020352,8357
"(0.9153439153439152, 1.0)",1,98.69251591646749,8358
"(0.8814814814814814, 1.0)",1,98.69250628718136,8359
"(0.7601164382773579, 1.0)",1,98.69170072108328,8360
"(0.916104916104916, 1.0)",1,98.69148143042446,8361
"(0.8653198653198653, 1.0)",1,98.69125441307855,8362
"(0.7802197802197803, 1.0)",1,98.69115065265711,8363
"(0.7687400318979267, 0.9833229101521784)",1,98.69106342250257,8364
"(0.8633762288330498, 1.0)",1,98.69105852972626,8365
"(1.0, 1.0)",1,98.6908674166487,8366
"(0.7121693121693121, 1.0)",1,98.69082059308693,8367
"(0.9833229101521784, 1.0)",1,98.69042784619106,8368
"(0.861111111111111, 1.0)",1,98.68954089464782,8369
"(0.7069597069597069, 1.0)",1,98.68945868945868,8370
"(0.861111111111111, 1.0)",1,98.68869120632392,8371
"(0.7121693121693121, 1.0)",1,98.6884435800224,8372
"(0.9169719169719168, 1.0)",1,98.68793965861867,8373
"(0.97899550533801, 0.9958292603453894)",1,98.68789905494512,8374
"(0.8653198653198653, 1.0)",1,98.68778819467738,8375
"(0.816195709052852, 1.0)",1,98.68755896961753,8376
"(0.8633762288330498, 1.0)",2,98.6873249779193,8378
"(0.9326599326599326, 1.0)",2,98.68716945219388,8380
"(0.861111111111111, 1.0)",1,98.68700837579354,8381
"(0.9009534009534008, 1.0)",1,98.68667126143517,8382
"(0.8796475392220073, 1.0)",1,98.68664129629164,8383
"(0.8294970161977834, 1.0)",1,98.68604138853162,8384
"(0.8976982097186702, 1.0)",1,98.68558160982796,8385
"(0.8697983697983697, 1.0)",1,98.6849830813738,8386
"(0.9504245882013664, 0.9958292603453894)",2,98.68487673083465,8388
"(0.8165520116739629, 1.0)",1,98.68438743068444,8389
"(0.8374727668845315, 0.9833229101521784)",1,98.68432984303652,8390
"(0.73687720936437, 1.0)",1,98.68390735099167,8391
"(0.9326599326599326, 1.0)",1,98.683844721244,8392
"(0.8615866942983156, 1.0)",1,98.68307988222838,8393
"(0.8703703703703703, 1.0)",1,98.68304414599572,8394
"(0.9874762808349148, 0.9915151515151516)",1,98.68297969481289,8395
"(0.6612761389202956, 1.0)",1,98.682908326128,8396
"(0.9365496267832196, 0.9916585206907788)",2,98.68209873250744,8398
"(0.8678757556806338, 1.0)",1,98.68163079169736,8399
"(0.861111111111111, 1.0)",1,98.6803435871981,8400
"(0.934122934122934, 1.0)",2,98.68033840362408,8402
"(0.9167853751187084, 1.0)",2,98.68002367586888,8404
"(0.9454999712494968, 0.9916585206907788)",1,98.67963986349974,8405
"(0.9167853751187084, 1.0)",1,98.67961825098122,8406
"(0.8976982097186702, 1.0)",1,98.67951744381404,8407
"(0.7946380416968652, 0.9916585206907788)",1,98.67937815824487,8408
"(0.9034438470728792, 0.9958292603453894)",1,98.67926070032058,8409
"(0.7801008555725536, 1.0)",1,98.67914428143294,8410
"(0.933096859926128, 1.0)",1,98.67904632780782,8411
"(0.826388888888889, 1.0)",1,98.6787922042153,8412
"(0.8796475392220073, 1.0)",1,98.67860981758108,8413
"(0.9874762808349148, 0.987463247273494)",1,98.6786068424404,8414
"(0.9833211143695014, 0.9747273037595618)",1,98.67839677760524,8415
"(0.9499687304565352, 1.0)",1,98.67832675227352,8416
"(0.757745166550198, 1.0)",1,98.67814909098308,8417
"(0.971023600055858, 0.9789824717765896)",1,98.677947938976,8418
"(0.933096859926128, 1.0)",1,98.67793040963772,8419
"(0.8976982097186702, 1.0)",1,98.67777166874674,8420
"(0.9497171590194848, 1.0)",1,98.67758810350364,8421
"(0.8374727668845315, 1.0)",1,98.6774898638978,8422
"(0.7183489076634237, 1.0)",2,98.67676143423408,8424
"(0.7601164382773579, 1.0)",1,98.67653807845336,8425
"(0.6779618620193896, 1.0)",1,98.67648088066088,8426
"(0.7155555555555556, 1.0)",1,98.67636447705748,8427
"(0.9665831244778612, 1.0)",1,98.67631345062942,8428
"(0.8420013166556946, 0.9833229101521784)",2,98.67612259368036,8430
"(0.7802197802197803, 1.0)",1,98.6755946701514,8431
"(0.9445235834124724, 1.0)",1,98.67544654512996,8432
"(0.9326599326599326, 1.0)",1,98.67507518588036,8433
"(0.9490213526488036, 0.9916585206907788)",1,98.67507481090183,8434
"(0.5807100687237674, 1.0)",1,98.6750747090287,8435
"(0.933096859926128, 1.0)",1,98.67387728001802,8436
"(0.8432903075760217, 0.986081059422206)",1,98.6732265931447,8437
"(0.7632275132275131, 1.0)",1,98.67315252147904,8438
"(0.9497171590194846, 1.0)",1,98.6730102402073,8439
"(0.7511111111111111, 1.0)",1,98.6729851450056,8440
"(0.9008025849489264, 1.0)",1,98.67217884832957,8441
"(0.7222222222222221, 0.9833229101521784)",1,98.67217858766855,8442
"(0.7648017586542176, 1.0)",1,98.67179687984854,8443
"(0.9497171590194846, 1.0)",1,98.67172550331192,8444
"(0.9333333333333332, 1.0)",1,98.671544636028,8445
"(0.837707400507675, 1.0)",2,98.6714475818202,8447
"(0.9665831244778612, 1.0)",1,98.67122710413892,8448
"(0.93773047895128, 0.9958292603453894)",1,98.6712239911828,8449
"(0.7687400318979267, 1.0)",4,98.6711796650141,8453
"(0.9333333333333332, 1.0)",1,98.67079157739812,8454
"(0.8832603710652491, 1.0)",1,98.67078791921844,8455
"(0.917655049465296, 0.9916585206907788)",1,98.67077759472905,8456
"(0.917415489944373, 1.0)",1,98.67045018235297,8457
"(0.9580602951397298, 0.9958292603453894)",1,98.67034908701234,8458
"(0.9833229101521784, 1.0)",1,98.66972303993956,8459
"(0.8653198653198653, 0.9833229101521784)",1,98.66938540154628,8460
"(0.7916666666666666, 1.0)",2,98.66931120369956,8462
"(1.0, 1.0)",4,98.66914960646788,8466
"(0.8697983697983697, 1.0)",2,98.6691038811905,8468
"(0.9347674066329982, 0.9874877810361682)",1,98.66828974629662,8469
"(0.9622634791942192, 0.9916585206907788)",1,98.66824608360425,8470
"(0.8840455840455841, 1.0)",1,98.66781749989606,8471
"(0.861111111111111, 1.0)",1,98.66746547978448,8472
"(0.917415489944373, 1.0)",1,98.66666948336888,8473
"(1.0, 1.0)",2,98.66666666666666,8475
"(1.0, 1.0)",1,98.66644057127196,8476
"(0.8976982097186702, 1.0)",1,98.66643109443638,8477
"(0.9833229101521784, 1.0)",1,98.666403431312,8478
"(0.9546499948224086, 0.9958292603453894)",1,98.666358413525,8479
"(0.861111111111111, 1.0)",2,98.66560094645286,8481
"(0.8374727668845315, 1.0)",1,98.6648714423614,8482
"(1.0, 1.0)",1,98.6647754963447,8483
"(0.8907966222338917, 0.9958292603453894)",1,98.66467340792757,8484
"(0.9497171590194848, 1.0)",1,98.66452546539644,8485
"(0.9832965806068272, 0.9916585206907788)",1,98.6643624444764,8486
"(0.8341307814992026, 1.0)",1,98.66394534481826,8487
"(0.8420013166556946, 1.0)",1,98.6638689256082,8488
"(0.8053381731676306, 1.0)",1,98.663849032404,8489
"(0.9008627640703112, 1.0)",1,98.66369937397212,8490
"(1.0, 1.0)",1,98.66296481138644,8491
"(0.8420013166556946, 1.0)",2,98.66286476020696,8493
"(0.8814814814814814, 1.0)",2,98.66252996579443,8495
"(0.958227107069612, 0.9958292603453894)",1,98.6625105316118,8496
"(0.9665831244778612, 1.0)",1,98.66243431272892,8497
"(0.9009287520039462, 1.0)",1,98.662327101753,8498
"(0.8976982097186702, 1.0)",1,98.66208529368387,8499
"(0.934122934122934, 0.9833229101521784)",1,98.66197883373056,8500
"(0.859499940327008, 1.0)",1,98.66188618974262,8501
"(0.9833229101521784, 1.0)",1,98.66170902449517,8502
"(0.7994987468671678, 0.9833229101521784)",3,98.6615865761521,8505
"(0.8137865219658889, 1.0)",1,98.66012237427988,8506
"(0.9441792447111594, 1.0)",1,98.66007235937823,8507
"(0.9833229101521784, 1.0)",1,98.65890223083149,8508
"(0.9497171590194848, 1.0)",2,98.65867341404773,8510
"(0.8137865219658889, 0.9833229101521784)",1,98.65844833716692,8511
"(0.7916666666666666, 1.0)",1,98.6578410445221,8512
"(0.7944219523166891, 1.0)",1,98.65726921771426,8513
"(0.808446455505279, 1.0)",1,98.65679747172204,8514
"(0.9331662489557224, 1.0)",1,98.6566085871746,8515
"(0.8420013166556946, 1.0)",1,98.65642229275386,8516
"(0.7030539311241066, 1.0)",1,98.65623368108284,8517
"(0.8786901405005916, 0.9916585206907788)",1,98.6560909973869,8518
"(0.8732774170274171, 1.0)",1,98.6560461687962,8519
"(1.0, 1.0)",1,98.65576841827156,8520
"(0.8692185007974482, 1.0)",1,98.65543894663644,8521
"(0.7601164382773579, 1.0)",1,98.65505272558212,8522
"(0.844988344988345, 1.0)",1,98.654768085658,8523
"(0.9665831244778612, 1.0)",1,98.6547072349762,8524
"(0.6556183301946014, 1.0)",1,98.6539512956144,8525
"(0.7880931329207191, 1.0)",1,98.65384001387866,8526
"(0.9454999712494968, 0.9916585206907788)",1,98.6536408502962,8527
"(0.9157169990503324, 1.0)",1,98.65330877693444,8528
"(0.7222222222222221, 1.0)",1,98.65325785800748,8529
"(0.9958292603453894, 0.9916666666666668)",1,98.65302792144864,8530
"(0.9326599326599326, 1.0)",1,98.6529162745084,8531
"(0.757745166550198, 1.0)",1,98.65286763458658,8532
"(0.8796475392220073, 1.0)",1,98.65253428096808,8533
"(0.7675138481590094, 0.986081059422206)",1,98.65242711964726,8534
"(0.867604110329908, 1.0)",1,98.65231303895432,8535
"(0.837707400507675, 1.0)",2,98.65189649584885,8537
"(0.9522870228046522, 1.0)",1,98.6516038846363,8538
"(0.861111111111111, 1.0)",1,98.65090102528156,8539
"(0.9369138996969484, 0.9958292603453894)",1,98.6504615887301,8540
"(0.9034438470728792, 0.9958292603453894)",1,98.65006760832624,8541
"(1.0, 1.0)",2,98.64998957681884,8543
"(0.917469251615593, 1.0)",1,98.64976093086432,8544
"(0.949977467563772, 0.9958292603453894)",1,98.64916599528706,8545
"(0.8635976129582268, 1.0)",1,98.6491513072922,8546
"(1.0, 1.0)",1,98.64904739423388,8547
"(0.9499687304565352, 1.0)",2,98.64900932757156,8549
"(0.8068904981347378, 1.0)",1,98.64880562130344,8550
"(0.901575014782562, 1.0)",1,98.6479054640956,8551
"(0.6760835913312693, 1.0)",4,98.647652842064,8555
"(0.8420013166556947, 1.0)",1,98.64741547810544,8556
"(0.861111111111111, 1.0)",2,98.64736723456151,8558
"(0.8329156223893065, 1.0)",1,98.64719335323583,8559
"(0.8887202421952387, 1.0)",1,98.6470677280475,8560
"(0.9161952650324744, 1.0)",2,98.64667894864208,8562
"(0.9833229101521784, 1.0)",1,98.6464594661537,8563
"(0.9792766373411534, 0.9958292603453894)",1,98.64643109571824,8564
"(0.9665831244778612, 1.0)",1,98.6460714007952,8565
"(0.8796475392220073, 1.0)",2,98.64605875725618,8567
"(0.8814814814814814, 0.9833229101521784)",1,98.64579341051004,8568
"(0.8365328658269835, 0.9958292603453894)",1,98.6447533590692,8569
"(0.7362637362637362, 1.0)",1,98.64467158220872,8570
"(0.882673371045464, 1.0)",1,98.64448151487886,8571
"(0.9326599326599326, 1.0)",1,98.64441897945734,8572
"(0.9295946890286512, 1.0)",1,98.64428039294988,8573
"(0.944073617452092, 1.0)",1,98.64423204523833,8574
"(0.837707400507675, 1.0)",1,98.644008868301,8575
"(0.9333044546043194, 0.9916585206907788)",1,98.64393042244336,8576
"(0.9707136080238548, 0.9958292603453894)",1,98.64355630730738,8577
"(0.8976982097186702, 1.0)",1,98.6434904458466,8578
"(0.9833229101521784, 1.0)",1,98.64329633698236,8579
"(0.6908541194255481, 1.0)",1,98.64305697240827,8580
"(0.9161952650324744, 1.0)",1,98.643019070414,8581
"(1.0, 1.0)",1,98.6427311352394,8582
"(0.9833229101521784, 1.0)",1,98.64219571428688,8583
"(0.9161952650324744, 0.9665831244778612)",2,98.64157403465786,8585
"(0.9326599326599326, 1.0)",1,98.6411231090232,8586
"(0.8358530587380517, 0.9834113430318364)",1,98.64108054717543,8587
"(0.9253213924599162, 1.0)",1,98.64097820265825,8588
"(1.0, 1.0)",1,98.64075631385325,8589
"(0.5131569832583307, 0.9882048106149588)",1,98.64049695790312,8590
"(0.8420013166556947, 1.0)",1,98.63971297467222,8591
"(0.9126251340467026, 0.9958292603453894)",1,98.63943198684778,8592
"(0.9497171590194846, 1.0)",1,98.63930265843535,8593
"(0.9665831244778612, 1.0)",1,98.63912929010633,8594
"(0.9445972545972546, 1.0)",1,98.63903540368112,8595
"(0.958227107069612, 0.9916585206907788)",1,98.63889651489262,8596
"(0.73687720936437, 1.0)",1,98.6388760305862,8597
"(0.7090909090909091, 1.0)",1,98.63874977367377,8598
"(0.8796475392220073, 1.0)",1,98.6386340597618,8599
"(0.9326599326599326, 1.0)",1,98.63861646280944,8600
"(0.8845424223473003, 1.0)",1,98.63841768091102,8601
"(0.9198255060602112, 0.9958292603453894)",1,98.63841004235982,8602
"(0.7077308656256025, 1.0)",1,98.63833573031256,8603
"(0.7362637362637362, 1.0)",1,98.6382426038983,8604
"(0.8374727668845315, 1.0)",1,98.6380192248732,8605
"(0.746304385688563, 1.0)",3,98.6379841643589,8608
"(0.8523949169110459, 0.9958292603453894)",1,98.63793495791094,8609
"(0.8997493734335841, 1.0)",1,98.6376418757602,8610
"(0.9665831244778612, 1.0)",1,98.63756201009082,8611
"(0.8374727668845315, 1.0)",1,98.63752323279547,8612
"(0.8319340617212959, 1.0)",2,98.63730246680194,8614
"(0.9649790647893116, 0.9958292603453894)",1,98.6372112120598,8615
"(0.746304385688563, 1.0)",1,98.63672019816067,8616
"(0.9008025849489264, 1.0)",1,98.6367186579114,8617
"(0.9008025849489264, 1.0)",1,98.63671850117184,8618
"(1.0, 1.0)",1,98.6365880162838,8619
"(0.9003556829643787, 1.0)",1,98.63658653035894,8620
"(0.8796475392220073, 1.0)",1,98.6356284137902,8621
"(0.4908424908424908, 1.0)",1,98.63555208195324,8622
"(0.8137566137566138, 1.0)",1,98.63463321693445,8623
"(0.8976982097186702, 1.0)",2,98.63436524053142,8625
"(0.8840048840048841, 1.0)",1,98.63432614042364,8626
"(0.8814814814814814, 1.0)",1,98.63420777219623,8627
"(0.9833229101521784, 1.0)",1,98.63392592167108,8628
"(0.9003556829643787, 0.9833229101521784)",1,98.63383337672454,8629
"(0.940002899623393, 0.9916585206907788)",1,98.6334288187004,8630
"(0.7880931329207191, 1.0)",1,98.63311475734548,8631
"(0.893146638589877, 0.9882048106149588)",2,98.63276245835291,8633
"(0.9669795885118464, 0.987463247273494)",1,98.63249078957296,8634
"(1.0, 1.0)",2,98.63237030438609,8636
"(0.8365328658269835, 0.9958292603453894)",1,98.63232167451106,8637
"(0.9720813204508856, 1.0)",1,98.63225829384768,8638
"(1.0, 1.0)",1,98.6313420589103,8639
"(1.0, 0.9833229101521784)",1,98.63100612599972,8640
"(0.9504245882013664, 0.9958292603453894)",1,98.63096844855468,8641
"(1.0, 1.0)",2,98.63013076178522,8643
"(0.799275702501509, 1.0)",1,98.629834323107,8644
"(1.0, 1.0)",1,98.62982690966884,8645
"(0.861111111111111, 1.0)",1,98.62969631887565,8646
"(0.9454999712494968, 0.9916585206907788)",1,98.62963320885206,8647
"(0.8229870141950848, 0.986081059422206)",2,98.6296100063462,8649
"(0.9331662489557224, 1.0)",1,98.62956412199031,8650
"(0.9497171590194846, 1.0)",1,98.62952639081848,8651
"(0.9126251340467026, 0.9958292603453894)",2,98.62951898347224,8653
"(0.917849761232425, 0.9882048106149588)",1,98.62791240860368,8654
"(0.9665831244778612, 1.0)",1,98.62771800070657,8655
"(0.8294970161977834, 1.0)",1,98.627417164709,8656
"(0.9666562434855118, 1.0)",4,98.627296632983,8660
"(0.7802197802197803, 1.0)",1,98.62706245466627,8661
"(0.9665831244778612, 1.0)",1,98.62682362904472,8662
"(0.979055829228243, 0.9958292603453894)",1,98.62673107373917,8663
"(0.9303715638302106, 1.0)",1,98.62595932428334,8664
"(0.8229870141950848, 1.0)",1,98.62578580314468,8665
"(0.9833229101521784, 1.0)",2,98.62560958522572,8667
"(0.9583406125452844, 0.9958292603453894)",1,98.62539867515318,8668
"(0.8963124945246743, 1.0)",1,98.62523574231666,8669
"(0.9008627640703112, 1.0)",1,98.62501566787164,8670
"(0.7119388248146047, 1.0)",1,98.6245107544246,8671
"(0.8222222222222222, 1.0)",1,98.62426380881314,8672
"(0.8222222222222222, 1.0)",1,98.62423124041166,8673
"(1.0, 1.0)",1,98.6239944006808,8674
"(0.7075023741690408, 1.0)",1,98.62380123744715,8675
"(0.8222222222222222, 1.0)",1,98.6236200893322,8676
"(0.9279680209218476, 0.9958292603453894)",1,98.62347073309138,8677
"(0.8319340617212959, 1.0)",1,98.6233024517165,8678
"(0.9410852767304382, 0.9916585206907788)",1,98.62304644757477,8679
"(0.868077055383557, 1.0)",1,98.62258483677192,8680
"(0.9299160159815896, 1.0)",1,98.62243346732411,8681
"(0.8372053872053872, 1.0)",1,98.62224843129404,8682
"(0.901575014782562, 0.986081059422206)",1,98.62212799166085,8683
"(0.9665831244778612, 1.0)",2,98.62180229591324,8685
"(0.7503607503607503, 1.0)",1,98.62113721302362,8686
"(0.746304385688563, 1.0)",2,98.62081607769365,8688
"(0.7601164382773579, 0.9665831244778612)",1,98.62067735404824,8689
"(0.9326599326599326, 1.0)",1,98.62058497662926,8690
"(0.9384174012481092, 0.9916585206907788)",2,98.6202599531676,8692
"(1.0, 1.0)",1,98.62010077321112,8693
"(1.0, 1.0)",1,98.62009016517214,8694
"(0.9666562434855118, 1.0)",2,98.62000284935718,8696
"(0.8976982097186702, 1.0)",1,98.6197063390472,8697
"(0.7734344933751168, 1.0)",1,98.61881862214427,8698
"(0.9580602951397298, 0.9916585206907788)",1,98.61876725940483,8699
"(0.9249567554350648, 0.9958292603453894)",1,98.6184657188331,8700
"(0.8222222222222222, 1.0)",2,98.61838399093514,8702
"(0.8796475392220073, 1.0)",2,98.61828192501086,8704
"(0.9788980434141724, 0.9876106894370652)",1,98.61797246827598,8705
"(0.9750943974852894, 0.9873484848484848)",1,98.61764648384738,8706
"(0.9131856219190184, 0.9958292603453894)",1,98.61757116159644,8707
"(0.930704099821747, 1.0)",1,98.6171826690573,8708
"(0.9027777777777778, 1.0)",1,98.61694198739931,8709
"(1.0, 1.0)",2,98.61693517623544,8711
"(0.9665831244778612, 1.0)",2,98.61681027098228,8713
"(0.7083333333333334, 1.0)",1,98.61647321379064,8714
"(0.9153439153439156, 0.9833229101521784)",1,98.6163725423626,8715
"(0.8796475392220073, 1.0)",1,98.6163711199259,8716
"(0.7880931329207191, 1.0)",2,98.61637081317944,8718
"(0.9833229101521784, 1.0)",1,98.61621994971996,8719
"(0.7090909090909091, 1.0)",1,98.61615290021378,8720
"(0.6825396825396824, 1.0)",1,98.61590986070452,8721
"(0.7503607503607503, 1.0)",1,98.61539047442938,8722
"(0.73687720936437, 1.0)",1,98.61534234520424,8723
"(1.0, 1.0)",1,98.61511017044964,8724
"(1.0, 1.0)",1,98.61480375587917,8725
"(0.9243707071934514, 0.9873891625615764)",1,98.61478546010066,8726
"(0.9665831244778612, 1.0)",2,98.61467314044204,8728
"(0.9833229101521784, 1.0)",1,98.61437683477862,8729
"(0.9009534009534008, 1.0)",1,98.61430304552124,8730
"(0.958227107069612, 0.9958292603453894)",2,98.61328017076568,8732
"(0.9003556829643787, 0.9665831244778612)",1,98.61304978474264,8733
"(0.7656073923822403, 1.0)",1,98.61280381721048,8734
"(0.9167853751187084, 1.0)",1,98.61266814950818,8735
"(0.9008025849489264, 1.0)",1,98.61252584920328,8736
"(1.0, 1.0)",1,98.6123805392098,8737
"(0.898989898989899, 1.0)",1,98.612338234991,8738
"(0.8796475392220073, 1.0)",1,98.61177107947564,8739
"(0.9442283950617284, 1.0)",1,98.61084461985271,8740
"(0.9833040078201368, 0.9916625936787228)",1,98.61067299592534,8741
"(0.9665831244778612, 1.0)",2,98.61039043498482,8743
"(0.8653198653198653, 1.0)",2,98.6102690833786,8745
"(0.933096859926128, 1.0)",1,98.61022865564492,8746
"(0.7802197802197803, 1.0)",1,98.61016122500736,8747
"(0.8814814814814814, 1.0)",1,98.610007059613,8748
"(0.917469251615593, 1.0)",1,98.60972666633856,8749
"(0.9833229101521784, 1.0)",2,98.60930553064898,8751
"(0.8420013166556946, 0.9833229101521784)",1,98.6092675195082,8752
"(0.8832603710652491, 1.0)",1,98.60881841447885,8753
"(0.6177248677248677, 1.0)",1,98.60878830052862,8754
"(1.0, 1.0)",1,98.60874959075127,8755
"(0.9333333333333332, 1.0)",1,98.60851822043324,8756
"(0.9326599326599326, 1.0)",1,98.6084938469928,8757
"(1.0, 1.0)",1,98.60845774474735,8758
"(0.901575014782562, 1.0)",1,98.60813650405936,8759
"(0.8796475392220073, 1.0)",1,98.60805778326063,8760
"(0.7637048646619141, 1.0)",1,98.60786592527909,8761
"(0.7069597069597069, 1.0)",1,98.60775394259736,8762
"(0.9622634791942192, 0.9916585206907788)",1,98.6077110305332,8763
"(0.8760238095238095, 0.9958292603453894)",1,98.607557194751,8764
"(0.9442283950617284, 1.0)",1,98.60740352289326,8765
"(0.8420013166556946, 1.0)",1,98.60736398013468,8766
"(0.7340930674264007, 1.0)",1,98.60697726822715,8767
"(0.7503607503607503, 1.0)",1,98.60667790901984,8768
"(0.9833229101521784, 1.0)",1,98.60664855636506,8769
"(0.958095238095238, 0.9916666666666668)",1,98.60659193147994,8770
"(0.8976982097186702, 1.0)",1,98.6065868619033,8771
"(0.9114218054477384, 0.9873891625615764)",1,98.6057239247488,8772
"(0.9018806250259218, 1.0)",1,98.60470243627344,8773
"(0.6733821733821733, 1.0)",2,98.60421879173964,8775
"(0.9169719169719168, 1.0)",1,98.60414019238632,8776
"(0.8016677935542034, 1.0)",2,98.60403389510071,8778
"(0.7479743867590829, 1.0)",1,98.60346000682487,8779
"(0.8294970161977834, 1.0)",1,98.60340025839368,8780
"(0.8365328658269835, 0.9958292603453894)",1,98.60285813374912,8781
"(0.9669795885118464, 0.9958292603453894)",1,98.60278975461787,8782
"(0.9665831244778612, 1.0)",4,98.60259043568364,8786
"(0.8294970161977834, 1.0)",1,98.6023790915698,8787
"(0.9114218054477384, 0.9873891625615764)",1,98.6022958599672,8788
"(0.9874762808349148, 0.9916666666666668)",1,98.60184771099848,8789
"(0.9546499948224086, 0.9791388745136372)",1,98.6017995950776,8790
"(0.727840909090909, 1.0)",1,98.60163012372595,8791
"(0.8976982097186702, 1.0)",1,98.60137321229352,8792
"(0.8796475392220073, 1.0)",2,98.6011173833565,8794
"(0.9279680209218476, 0.9958292603453894)",1,98.60090173129312,8795
"(0.8796475392220073, 1.0)",1,98.60089535377595,8796
"(0.861111111111111, 1.0)",1,98.60067838955118,8797
"(0.8976982097186702, 1.0)",1,98.6006184173962,8798
"(0.917469251615593, 1.0)",1,98.60040324343596,8799
"(0.983545503234046, 0.9916585206907788)",1,98.59996933785165,8800
"(0.9833229101521784, 1.0)",1,98.59981645353469,8801
"(0.861111111111111, 1.0)",1,98.59944973875582,8802
"(0.9833229101521784, 1.0)",2,98.598959452618,8804
"(1.0, 1.0)",1,98.59881097365049,8805
"(0.7503607503607503, 1.0)",1,98.59871338458156,8806
"(0.8016677935542034, 1.0)",1,98.59845594553592,8807
"(0.9506533178503804, 1.0)",1,98.59826466248956,8808
"(0.6825396825396824, 1.0)",1,98.59818526555938,8809
"(0.8229870141950848, 1.0)",1,98.59817725446194,8810
"(0.8365328658269835, 0.9958292603453894)",1,98.59764584898808,8811
"(0.9750943974852894, 0.9873484848484848)",1,98.59739169268302,8812
"(0.7802197802197803, 1.0)",1,98.59728935679696,8813
"(0.6521663785997688, 0.9882048106149588)",1,98.5972213203888,8814
"(0.7944219523166891, 1.0)",1,98.59718564514417,8815
"(0.9504245882013664, 0.9958292603453894)",1,98.59712139892083,8816
"(0.6825396825396824, 1.0)",1,98.59707951504228,8817
"(0.7511111111111111, 1.0)",2,98.5969804905308,8819
"(0.8222222222222222, 1.0)",1,98.59696574683902,8820
"(1.0, 1.0)",1,98.59626956777704,8821
"(0.902012682657844, 0.9916585206907788)",1,98.59607576879716,8822
"(0.9833229101521784, 1.0)",1,98.59607066562266,8823
"(0.8566900022492128, 1.0)",1,98.59577692177264,8824
"(0.9228120179844318, 0.9873891625615764)",1,98.59543321562808,8825
"(0.9665831244778612, 1.0)",1,98.59496834222,8826
"(0.861111111111111, 1.0)",1,98.59481518956248,8827
"(0.9665831244778612, 1.0)",2,98.59445881982133,8829
"(1.0, 1.0)",2,98.59427070579184,8831
"(0.8476190476190477, 1.0)",1,98.59413095882434,8832
"(0.8697983697983697, 1.0)",1,98.59370347666464,8833
"(0.7734344933751168, 1.0)",1,98.5935132723491,8834
"(0.9131856219190184, 0.9916585206907788)",1,98.59332878042876,8835
"(0.8976982097186702, 1.0)",2,98.59229088111276,8837
"(0.9791258409522168, 0.9958292603453894)",1,98.59224587695893,8838
"(0.757745166550198, 1.0)",1,98.5912163933221,8839
"(0.9027777777777778, 1.0)",1,98.59101963707774,8840
"(0.8420013166556946, 1.0)",1,98.5908824687393,8841
"(0.844988344988345, 1.0)",1,98.59059161453564,8842
"(0.7979797979797979, 1.0)",1,98.59040974488022,8843
"(0.861111111111111, 1.0)",1,98.59022221199488,8844
"(0.9166145507608924, 1.0)",2,98.59019942135532,8846
"(1.0, 1.0)",2,98.5899780794249,8848
"(0.8420013166556946, 1.0)",2,98.58983707433354,8850
"(0.9833229101521784, 1.0)",1,98.58934183646775,8851
"(0.6698155645524068, 1.0)",1,98.5892898396564,8852
"(0.9198255060602112, 0.9958292603453894)",1,98.58927716622269,8853
"(0.9131856219190184, 0.9958292603453894)",1,98.58921776905896,8854
"(0.9206165335472736, 0.9916585206907788)",1,98.5889112741644,8855
"(0.746304385688563, 1.0)",1,98.58885586620582,8856
"(0.9161952650324744, 0.9665831244778612)",1,98.58862259331944,8857
"(0.9114218054477384, 0.9873891625615764)",1,98.5885964839878,8858
"(0.9157097551404952, 0.9958292603453894)",1,98.58850561686772,8859
"(0.9460182143215032, 0.9958292603453894)",1,98.58840947703186,8860
"(0.9326599326599326, 1.0)",2,98.58821986800264,8862
"(0.5910680656443368, 1.0)",1,98.58797059846276,8863
"(0.9326599326599326, 1.0)",1,98.58796359471036,8864
"(0.9580602951397298, 0.9958292603453894)",2,98.58793194327588,8866
"(0.7880931329207191, 1.0)",1,98.5875706955896,8867
"(0.9833229101521784, 1.0)",1,98.58683296631568,8868
"(0.7632275132275131, 1.0)",1,98.58682538191488,8869
"(0.9874762808349148, 0.9874877810361682)",1,98.58678342384287,8870
"(0.8677838677838676, 1.0)",1,98.58662056573328,8871
"(0.861111111111111, 1.0)",2,98.58659807881575,8873
"(0.8976982097186702, 1.0)",2,98.5863446016818,8875
"(0.6733821733821733, 1.0)",1,98.58621551750586,8876
"(0.944563492063492, 1.0)",1,98.58537028796906,8877
"(0.796353220536539, 1.0)",1,98.58503458332436,8878
"(0.8420013166556946, 1.0)",2,98.58489949429674,8880
"(0.8796475392220073, 1.0)",1,98.58474063273906,8881
"(0.8800398919491478, 0.9916585206907788)",1,98.58446798290156,8882
"(0.9253213924599162, 1.0)",1,98.58446052242736,8883
"(0.9874762808349148, 0.9873484848484848)",1,98.58419839249542,8884
"(0.9300671002153482, 0.9861673414304992)",1,98.58358040666224,8885
"(0.861111111111111, 1.0)",1,98.58346127266869,8886
"(0.9331662489557224, 1.0)",2,98.58306194949972,8888
"(0.917469251615593, 0.9665831244778612)",1,98.58244812510443,8889
"(0.8420013166556946, 1.0)",1,98.58232324736258,8890
"(0.8222222222222222, 1.0)",1,98.58224662845883,8891
"(0.9666562434855118, 1.0)",1,98.58157876411546,8892
"(0.916104916104916, 1.0)",1,98.58152813256666,8893
"(0.8997493734335841, 1.0)",1,98.58150721885832,8894
"(0.9333333333333332, 1.0)",1,98.5814765880762,8895
"(0.8137566137566138, 1.0)",1,98.5811984365312,8896
"(0.9454999712494968, 0.9958292603453894)",1,98.58099389555916,8897
"(0.9499687304565352, 1.0)",2,98.58075685199448,8899
"(0.8177442148030384, 1.0)",1,98.5804522575133,8900
"(0.8976982097186702, 1.0)",1,98.58030055642608,8901
"(0.8879365079365079, 1.0)",1,98.58017848982608,8902
"(0.9441792447111594, 1.0)",1,98.579980294621,8903
"(0.9441792447111594, 1.0)",2,98.5797555784067,8905
"(0.8208994708994709, 1.0)",1,98.5796239866441,8906
"(1.0, 1.0)",1,98.57949843948236,8907
"(0.9167853751187084, 1.0)",1,98.5790732092951,8908
"(0.8222222222222222, 1.0)",1,98.57862378433624,8909
"(0.7030539311241066, 1.0)",1,98.578519046363,8910
"(0.6804620726495727, 0.986081059422206)",2,98.57810862887094,8912
"(0.9622634791942192, 0.9916585206907788)",2,98.57787120699255,8914
"(0.9441792447111594, 1.0)",1,98.57785156516653,8915
"(0.8374727668845315, 1.0)",1,98.57779236846652,8916
"(0.859499940327008, 1.0)",1,98.57743041633756,8917
"(0.617513611615245, 1.0)",1,98.57741572849628,8918
"(0.9303715638302106, 1.0)",1,98.57712331035113,8919
"(0.9833229101521784, 1.0)",1,98.576923423827,8920
"(0.9435817855979146, 0.9792406033772256)",1,98.57655303650398,8921
"(0.7121693121693121, 1.0)",1,98.57650745950156,8922
"(0.9618291283060416, 0.9831777451938742)",1,98.5763948372345,8923
"(0.9157097551404952, 0.9958292603453894)",1,98.57614830155556,8924
"(0.97934925289764, 0.9916666666666668)",1,98.5761284275749,8925
"(0.9034438470728792, 0.9916585206907788)",1,98.57468666266097,8926
"(0.8432903075760217, 1.0)",2,98.5746636961477,8928
"(0.8112275321577646, 1.0)",1,98.5744437713031,8929
"(0.944073617452092, 0.986081059422206)",1,98.57430821224013,8930
"(0.9833229101521784, 1.0)",1,98.57410947421064,8931
"(0.7675138481590094, 1.0)",2,98.57399921269442,8933
"(0.8280121312379377, 1.0)",1,98.57349223701276,8934
"(0.861111111111111, 1.0)",1,98.57316498563532,8935
"(0.8294970161977834, 1.0)",2,98.57280750212698,8937
"(0.73687720936437, 0.9833229101521784)",1,98.57262779268756,8938
"(0.7687400318979267, 1.0)",1,98.57256493529717,8939
"(0.8666666666666667, 1.0)",1,98.57167696196862,8940
"(0.9665831244778612, 1.0)",1,98.57160453214908,8941
"(0.9161952650324744, 0.9665831244778612)",1,98.5713030683856,8942
"(0.9280317595086728, 0.9916585206907788)",1,98.57082711087496,8943
"(0.8420013166556946, 1.0)",1,98.57077682432782,8944
"(0.8732774170274171, 1.0)",1,98.57064466488109,8945
"(0.7965746171391332, 1.0)",1,98.57042859323955,8946
"(0.9504245882013664, 0.9958292603453894)",1,98.5700634584426,8947
"(0.8137865219658889, 0.9833229101521784)",1,98.5689399427768,8948
"(0.861111111111111, 1.0)",1,98.56888952182156,8949
"(0.9833229101521784, 1.0)",2,98.56876245797288,8951
"(0.920238255356524, 0.9958292603453894)",1,98.56857442286636,8952
"(0.9833229101521784, 1.0)",1,98.56792422439383,8953
"(0.9441792447111594, 1.0)",1,98.56776737911272,8954
"(0.8374727668845315, 1.0)",2,98.56717979930689,8956
"(1.0, 1.0)",1,98.56705902063192,8957
"(0.9299507899507898, 1.0)",1,98.56673776032038,8958
"(0.8341307814992026, 0.9833229101521784)",1,98.56660925723828,8959
"(1.0, 1.0)",1,98.56638246765066,8960
"(0.958422459893048, 1.0)",1,98.5663513859367,8961
"(0.9326599326599326, 1.0)",2,98.56597241963097,8963
"(0.868077055383557, 1.0)",2,98.56582335459925,8965
"(0.8613656783468103, 1.0)",1,98.56563038620584,8966
"(0.8483418730488175, 0.9958292603453894)",1,98.56561859330634,8967
"(1.0, 1.0)",1,98.56551948978134,8968
"(0.9157097551404952, 0.9958292603453894)",1,98.56539543716622,8969
"(0.9369808292429718, 0.9958292603453894)",2,98.56519506968722,8971
"(0.917415489944373, 1.0)",1,98.56510741702849,8972
"(0.8222222222222222, 1.0)",1,98.56495500173293,8973
"(0.8653198653198653, 1.0)",1,98.56478029233482,8974
"(0.861111111111111, 1.0)",1,98.56330491231374,8975
"(1.0, 1.0)",1,98.56308330725528,8976
"(0.8796475392220073, 1.0)",2,98.56299290860784,8978
"(0.9326599326599326, 1.0)",1,98.56267236697718,8979
"(0.8796475392220073, 1.0)",1,98.5625496671468,8980
"(0.9666562434855118, 1.0)",2,98.5625076764027,8982
"(0.9666562434855118, 1.0)",1,98.562285191737,8983
"(0.7340930674264006, 1.0)",1,98.56192634525968,8984
"(1.0, 1.0)",2,98.56112632378412,8986
"(0.9333333333333332, 1.0)",2,98.56078287427208,8988
"(0.9326599326599326, 1.0)",1,98.5605474816746,8989
"(0.9707136080238548, 0.9916666666666668)",1,98.5601292160984,8990
"(0.8974984433303618, 0.9873891625615764)",1,98.56000065246296,8991
"(0.9833229101521784, 1.0)",2,98.55974109966044,8993
"(0.8814814814814814, 1.0)",1,98.55972383569174,8994
"(0.8294970161977834, 1.0)",2,98.55970403484947,8996
"(0.9497171590194846, 1.0)",1,98.5595011142353,8997
"(0.8316498316498316, 0.9665831244778612)",1,98.55819098028157,8998
"(0.9442283950617284, 1.0)",2,98.55806610513848,9000
"(0.8222222222222222, 0.9833229101521784)",1,98.5579693838225,9001
"(0.6698155645524068, 0.9833229101521784)",1,98.55776594504847,9002
"(0.8166903745851114, 0.9833229101521784)",1,98.55761320870438,9003
"(0.808446455505279, 1.0)",1,98.55755134196572,9004
"(0.8329156223893065, 1.0)",1,98.55666016052062,9005
"(0.9618291283060416, 0.9873444118605408)",1,98.55657960346046,9006
"(0.9506533178503804, 1.0)",1,98.55652582630847,9007
"(0.861111111111111, 1.0)",2,98.55648789578748,9009
"(0.9299160159815896, 1.0)",1,98.55618336501485,9010
"(0.961552316099405, 0.9958292603453894)",1,98.55612839957686,9011
"(0.987463247273494, 0.958781465002266)",1,98.55575460644911,9012
"(0.9326599326599326, 1.0)",1,98.5556978913322,9013
"(0.8697983697983697, 1.0)",1,98.55564680305876,9014
"(0.9303715638302106, 1.0)",1,98.55547409677938,9015
"(0.9157097551404952, 0.9958292603453894)",1,98.55545646208452,9016
"(0.958319976073035, 0.9916585206907788)",1,98.55532878949288,9017
"(0.8929015655249481, 0.9916585206907788)",2,98.5549570788178,9019
"(0.979055829228243, 0.9916666666666668)",1,98.5549209068484,9020
"(0.859499940327008, 1.0)",1,98.55459875367832,9021
"(0.9003556829643787, 0.9833229101521784)",1,98.55451679165824,9022
"(0.9299507899507898, 0.986081059422206)",1,98.55438038241223,9023
"(0.9497171590194846, 1.0)",1,98.554201903821,9024
"(0.9147764646501256, 0.9958292603453894)",1,98.55418947204817,9025
"(0.9326599326599326, 1.0)",1,98.55398067280832,9026
"(0.9413496923696164, 0.9916585206907788)",1,98.5538917848817,9027
"(0.9833229101521784, 1.0)",1,98.55379207775736,9028
"(0.933096859926128, 1.0)",1,98.55367763632792,9029
"(0.9192093318943212, 1.0)",1,98.5530934314708,9030
"(0.9497171590194848, 1.0)",1,98.55301017583145,9031
"(0.9131856219190184, 0.9958292603453894)",1,98.5528863188576,9032
"(0.7479743867590829, 1.0)",1,98.5527445843936,9033
"(0.9206165335472736, 0.9916585206907788)",1,98.55248102013256,9034
"(0.7083333333333334, 1.0)",1,98.55224595048672,9035
"(0.9206165335472736, 0.9916585206907788)",1,98.55133762158688,9036
"(0.9279680209218476, 0.9916585206907788)",2,98.55006125513432,9038
"(0.9833229101521784, 1.0)",2,98.54970308837817,9040
"(0.9497171590194846, 1.0)",2,98.54946153001988,9042
"(0.8732774170274171, 1.0)",1,98.54928620862216,9043
"(0.9279680209218476, 0.9958292603453894)",1,98.54911518906144,9044
"(0.8420013166556946, 1.0)",1,98.54892721820276,9045
"(0.7340930674264007, 1.0)",1,98.54890227724609,9046
"(0.8963124945246743, 1.0)",1,98.54883079589062,9047
"(0.9003556829643787, 1.0)",2,98.5487597476897,9049
"(0.9161952650324744, 1.0)",1,98.54857419722627,9050
"(0.8341307814992026, 0.9833229101521784)",1,98.54846571406264,9051
"(0.9008627640703112, 1.0)",1,98.54842251474686,9052
"(0.8552744708994707, 1.0)",1,98.5480169755379,9053
"(0.9666562434855118, 1.0)",1,98.54793927275244,9054
"(0.9167853751187084, 1.0)",1,98.5473404013725,9055
"(0.9833229101521784, 1.0)",1,98.54657115455274,9056
"(0.9499687304565352, 1.0)",1,98.5464220797982,9057
"(0.808446455505279, 1.0)",1,98.54629972639648,9058
"(0.7944219523166891, 1.0)",1,98.54614177842222,9059
"(0.9829909379735984, 0.9958292603453894)",1,98.54613769311972,9060
"(1.0, 1.0)",2,98.54600618758248,9062
"(1.0, 1.0)",1,98.54560001551522,9063
"(0.8503982994305574, 0.9958292603453894)",1,98.5454931766258,9064
"(0.9331662489557224, 1.0)",1,98.54544131095102,9065
"(0.7802197802197803, 1.0)",4,98.54542768155927,9069
"(0.9027777777777778, 1.0)",1,98.54440922138446,9070
"(0.7030539311241066, 1.0)",2,98.54409044835693,9072
"(0.9182966261114094, 0.9916585206907788)",1,98.54378186067426,9073
"(1.0, 1.0)",1,98.54365786546671,9074
"(0.8420013166556947, 1.0)",1,98.54339338692456,9075
"(0.8801870819343937, 0.9958292603453894)",1,98.54286859645298,9076
"(0.9182966261114094, 0.9958292603453894)",2,98.54260907983615,9078
"(0.9501563219469168, 0.9958292603453894)",1,98.54254318703408,9079
"(0.9497171590194846, 1.0)",1,98.5420767155415,9080
"(0.617513611615245, 1.0)",1,98.54173916376908,9081
"(0.9916585206907788, 0.9796763332247204)",1,98.54161389656068,9082
"(0.7802197802197803, 1.0)",1,98.54141098449225,9083
"(0.8222222222222222, 1.0)",1,98.54110139387268,9084
"(0.8222222222222222, 1.0)",1,98.54071424714404,9085
"(0.8867361313822293, 0.9916585206907788)",1,98.54069310104988,9086
"(0.9833229101521784, 1.0)",2,98.54055746675652,9088
"(0.9369138996969484, 0.9916585206907788)",1,98.54015198340964,9089
"(0.9280317595086728, 0.9916585206907788)",1,98.53944113335491,9090
"(0.9331662489557224, 1.0)",2,98.53928273423116,9092
"(0.933249791144528, 1.0)",1,98.53922716068595,9093
"(0.978932178932179, 0.9958292603453894)",1,98.53902426139769,9094
"(0.7436755530346001, 1.0)",1,98.53862061140772,9095
"(0.9497171590194846, 1.0)",1,98.53852635639014,9096
"(0.7601164382773579, 1.0)",1,98.5384210102301,9097
"(0.913471232954048, 1.0)",1,98.53794040753856,9098
"(0.8294970161977834, 1.0)",1,98.5378923507555,9099
"(0.9326599326599326, 1.0)",1,98.53783958629462,9100
"(0.9166145507608924, 1.0)",1,98.5378323814991,9101
"(0.8329156223893065, 1.0)",1,98.53768258862446,9102
"(0.9833229101521784, 1.0)",2,98.53758754421531,9104
"(0.9198255060602112, 0.9958292603453894)",1,98.53737543614535,9105
"(0.8222222222222222, 0.9833229101521784)",1,98.5365500987187,9106
"(0.6434061179823892, 1.0)",1,98.53646287375396,9107
"(0.8976982097186702, 1.0)",1,98.53631278414424,9108
"(0.9131856219190184, 0.9958292603453894)",1,98.53619710908876,9109
"(0.9833229101521784, 1.0)",1,98.5359543094503,9110
"(0.9182966261114094, 0.9958292603453894)",1,98.53591328774354,9111
"(0.8697983697983697, 1.0)",1,98.53566265465004,9112
"(0.7944219523166891, 1.0)",1,98.53521607400342,9113
"(0.7574146783449108, 1.0)",1,98.53438486353478,9114
"(0.9299160159815896, 1.0)",1,98.53431275389848,9115
"(0.9412964149491664, 0.9873891625615764)",1,98.53430466096862,9116
"(1.0, 1.0)",2,98.53424002953344,9118
"(0.9496114574862204, 0.9873891625615764)",1,98.53407327811892,9119
"(0.9206165335472736, 0.9916585206907788)",1,98.5337365827506,9120
"(1.0, 1.0)",1,98.53371892801928,9121
"(0.9833229101521784, 1.0)",2,98.5331872520576,9123
"(0.9664178541946324, 0.9873891625615764)",1,98.53289716468478,9124
"(0.9833229101521784, 1.0)",1,98.5328263845828,9125
"(0.8633762288330498, 1.0)",1,98.53249511303758,9126
"(0.9499687304565352, 0.9833229101521784)",1,98.53237424392756,9127
"(0.9303715638302106, 1.0)",1,98.5322450507862,9128
"(0.8589064384650125, 0.9916585206907788)",1,98.53196720062569,9129
"(1.0, 1.0)",1,98.5316259867717,9130
"(0.9916666666666668, 0.9916666666666668)",1,98.53155224051308,9131
"(0.868077055383557, 1.0)",1,98.5310438065358,9132
"(0.979273283115788, 0.9916585206907788)",1,98.53070056324408,9133
"(0.9665831244778612, 0.9833229101521784)",2,98.53065348572416,9135
"(0.9454999712494968, 0.9958292603453894)",1,98.53054242059456,9136
"(0.8468951683237397, 1.0)",2,98.53004591336712,9138
"(0.6733821733821733, 1.0)",1,98.52996022975532,9139
"(0.861111111111111, 1.0)",1,98.52981090778222,9140
"(0.9165164082221422, 1.0)",1,98.52924662443532,9141
"(0.9665831244778612, 1.0)",1,98.52906347758244,9142
"(0.9833229101521784, 1.0)",1,98.5290537209879,9143
"(0.8053381731676306, 1.0)",1,98.52902150969736,9144
"(0.8976982097186702, 1.0)",1,98.52901438695277,9145
"(0.901575014782562, 1.0)",2,98.52875243613548,9147
"(0.8976982097186702, 1.0)",1,98.52860568398494,9148
"(0.8635976129582268, 1.0)",1,98.52858168943304,9149
"(0.8432903075760217, 1.0)",1,98.52848361132496,9150
"(0.8222222222222222, 1.0)",1,98.52748507552872,9151
"(0.7083333333333334, 1.0)",2,98.52729249970966,9153
"(0.9167853751187084, 1.0)",1,98.52713161240764,9154
"(1.0, 1.0)",2,98.52699975331402,9156
"(0.8349489264123411, 1.0)",1,98.52631694876524,9157
"(0.9326599326599326, 0.9833229101521784)",1,98.52631221533665,9158
"(0.8599206349206349, 1.0)",1,98.52626114503995,9159
"(0.861111111111111, 1.0)",1,98.5259691380774,9160
"(0.7944219523166891, 1.0)",1,98.52592934193356,9161
"(0.8137566137566138, 1.0)",1,98.5258866669014,9162
"(0.7164894725870335, 1.0)",1,98.52572230521868,9163
"(0.9133905806764424, 0.9916585206907788)",1,98.5253535423908,9164
"(1.0, 1.0)",1,98.52512292812958,9165
"(0.8316498316498316, 1.0)",1,98.52504950138857,9166
"(0.933096859926128, 1.0)",1,98.52501261429244,9167
"(0.9206165335472736, 0.9958292603453894)",1,98.52471488326948,9168
"(0.9747273037595618, 0.9789043140767278)",1,98.52450568585888,9169
"(0.9326599326599326, 1.0)",1,98.52425777347858,9170
"(0.9833229101521784, 1.0)",2,98.5236313103076,9172
"(0.9506533178503804, 1.0)",1,98.52346344715951,9173
"(0.9457018956165067, 0.9958292603453894)",1,98.52335368437156,9174
"(0.9707136080238548, 0.987491854024112)",1,98.52290627436938,9175
"(0.8471527473990528, 1.0)",1,98.5227114310379,9176
"(0.9161952650324744, 1.0)",1,98.52260091707036,9177
"(0.9665831244778612, 1.0)",1,98.521909370048,9178
"(0.8796475392220073, 1.0)",1,98.52185568044248,9179
"(0.9499687304565352, 1.0)",1,98.52152951525338,9180
"(0.9230468061350414, 0.987463247273494)",1,98.52151358118904,9181
"(0.8976982097186702, 1.0)",1,98.52149158251072,9182
"(0.7155555555555556, 1.0)",1,98.52143313925954,9183
"(0.9442283950617284, 1.0)",1,98.52109040431748,9184
"(0.7030539311241066, 1.0)",1,98.52108010130944,9185
"(0.8341307814992026, 0.9833229101521784)",1,98.52107053551218,9186
"(0.917849761232425, 1.0)",1,98.52091692809236,9187
"(0.903667392883079, 1.0)",1,98.52055671950208,9188
"(0.9497171590194848, 1.0)",1,98.52034408676012,9189
"(0.987491854024112, 0.9916625936787228)",1,98.52032732084932,9190
"(0.6521663785997688, 1.0)",2,98.5202936279466,9192
"(0.9669558693467613, 0.9916585206907788)",1,98.5200460039735,9193
"(0.8137865219658889, 1.0)",1,98.51986449095769,9194
"(0.6638632083547339, 0.986081059422206)",1,98.51944108967088,9195
"(0.917415489944373, 1.0)",2,98.51929659958132,9197
"(0.8635976129582268, 1.0)",1,98.51927300275868,9198
"(0.7802197802197803, 1.0)",2,98.51923958905095,9200
"(0.8840048840048841, 0.9833229101521784)",1,98.51906605314204,9201
"(0.8732774170274171, 1.0)",1,98.5181433788196,9202
"(0.7404350561362756, 0.9861673414304992)",1,98.5172618655626,9203
"(0.7996376811594202, 1.0)",1,98.51686743967596,9204
"(0.8432903075760217, 1.0)",1,98.51638340291314,9205
"(1.0, 1.0)",1,98.51628708237294,9206
"(0.8222222222222222, 1.0)",2,98.51622228849554,9208
"(0.8040695048423352, 1.0)",1,98.51619794344202,9209
"(0.9153439153439156, 1.0)",1,98.51601504122856,9210
"(0.7340930674264007, 1.0)",2,98.5157657251318,9212
"(0.9499687304565352, 1.0)",1,98.51572623799969,9213
"(0.9665831244778612, 1.0)",1,98.51550840238644,9214
"(0.9147764646501256, 0.9958292603453894)",1,98.51536389858306,9215
"(0.7503607503607503, 1.0)",1,98.51520254368944,9216
"(0.7090909090909091, 1.0)",1,98.51503926934504,9217
"(0.8814814814814814, 1.0)",1,98.51499669363156,9218
"(0.8976982097186702, 1.0)",2,98.51492051466376,9220
"(0.9497171590194846, 1.0)",1,98.51484381208034,9221
"(0.9539225495593684, 0.9958292603453894)",1,98.51478311804698,9222
"(0.6815232656375146, 1.0)",1,98.5147063066414,9223
"(0.9331662489557228, 1.0)",1,98.5145232490272,9224
"(0.7880931329207191, 1.0)",1,98.51427670865732,9225
"(0.7449564180930641, 1.0)",1,98.51384310702116,9226
"(0.9003556829643787, 0.9665831244778612)",2,98.51364147987864,9228
"(0.8016677935542034, 1.0)",1,98.51356064998284,9229
"(0.6825396825396824, 0.9833229101521784)",1,98.51330691907468,9230
"(1.0, 1.0)",1,98.5132954530214,9231
"(0.9833229101521784, 1.0)",1,98.51319947527844,9232
"(0.9369808292429718, 0.9916585206907788)",1,98.51243386757116,9233
"(1.0, 1.0)",1,98.51217782879516,9234
"(0.8329156223893065, 1.0)",1,98.51200038997952,9235
"(0.8976982097186702, 1.0)",1,98.5119290496005,9236
"(0.9442283950617284, 1.0)",1,98.51173292162964,9237
"(0.8016677935542034, 1.0)",1,98.51135760108828,9238
"(0.9131856219190184, 0.9958292603453894)",2,98.51109278407328,9240
"(0.826388888888889, 1.0)",1,98.51109190968722,9241
"(0.8420013166556946, 1.0)",1,98.51073477257158,9242
"(0.944563492063492, 1.0)",1,98.51059199009804,9243
"(0.9169719169719168, 1.0)",1,98.510585706721,9244
"(0.944120583717358, 0.9958292603453894)",1,98.51046665878054,9245
"(1.0, 1.0)",1,98.50962796899044,9246
"(0.902764590611026, 0.9958292603453894)",1,98.50835836835395,9247
"(0.8845578466141503, 1.0)",1,98.50812486304638,9248
"(0.9497171590194848, 1.0)",1,98.50779070753686,9249
"(0.8796475392220073, 1.0)",1,98.5075044790994,9250
"(0.7090909090909091, 1.0)",1,98.5074526671446,9251
"(0.8760238095238095, 0.9958292603453894)",1,98.50742040057138,9252
"(0.9165164082221422, 1.0)",1,98.50727663270985,9253
"(0.9833229101521784, 1.0)",1,98.50723299715872,9254
"(0.8976982097186702, 1.0)",1,98.50666840550608,9255
"(0.9435817855979146, 0.987495927012056)",1,98.50664697041866,9256
"(0.9746535316523212, 0.9916585206907788)",1,98.50658435084176,9257
"(0.8222222222222222, 1.0)",2,98.50637190775134,9259
"(0.90650529457547, 0.9873891625615764)",1,98.50611743363322,9260
"(0.8814814814814814, 1.0)",1,98.50518453837978,9261
"(0.6760835913312693, 1.0)",1,98.5051325812663,9262
"(0.9157097551404952, 0.9958292603453894)",1,98.50452970769298,9263
"(0.9303715638302106, 1.0)",1,98.50426752264153,9264
"(0.6733821733821733, 1.0)",1,98.50370668598164,9265
"(0.8468951683237397, 1.0)",1,98.50308983944257,9266
"(0.8976982097186702, 1.0)",1,98.50302952801523,9267
"(0.8068904981347378, 1.0)",1,98.50301502551068,9268
"(0.8016677935542034, 1.0)",1,98.50287078795968,9269
"(0.7222222222222221, 0.9833229101521784)",1,98.50286197697908,9270
"(0.8341307814992026, 0.9833229101521784)",1,98.50256708811206,9271
"(0.7090909090909091, 1.0)",2,98.5022144661993,9273
"(0.8222222222222222, 1.0)",1,98.50201137468773,9274
"(0.9374843410636878, 0.9873484848484848)",1,98.50187188763172,9275
"(1.0, 1.0)",1,98.5017493336788,9276
"(0.9833229101521784, 1.0)",1,98.50120514295376,9277
"(0.9206165335472736, 0.9958292603453894)",1,98.50002709459038,9278
"(0.9746854694957162, 0.9958292603453894)",1,98.5000067113523,9279
"(0.9126251340467026, 0.9916585206907788)",1,98.49988879923312,9280
"(0.9442283950617284, 1.0)",1,98.49961115888654,9281
"(0.8308201058201059, 0.9861673414304992)",1,98.49946727660524,9282
"(0.8222222222222222, 1.0)",2,98.49945197094831,9284
"(0.8247905643738976, 1.0)",1,98.49940491739564,9285
"(0.8600291387756281, 0.9958292603453894)",1,98.49881502094692,9286
"(0.9746535316523212, 0.9791258409522168)",1,98.4982673182755,9287
"(0.9622634791942192, 0.9916585206907788)",1,98.49814052063606,9288
"(0.9833229101521784, 1.0)",2,98.49809432416346,9290
"(0.916104916104916, 1.0)",1,98.4977155204324,9291
"(0.9748850895736324, 0.970417267917268)",1,98.49741177933552,9292
"(0.8736897274633123, 1.0)",1,98.4971991945653,9293
"(0.9131856219190184, 0.9958292603453894)",1,98.49719713956016,9294
"(0.9331662489557224, 1.0)",1,98.49709639510218,9295
"(1.0, 1.0)",2,98.49700501161992,9297
"(0.8867361313822293, 0.9958292603453894)",1,98.49663164412206,9298
"(0.9442283950617284, 0.986081059422206)",1,98.4963967915468,9299
"(0.8697983697983697, 1.0)",1,98.49611554343667,9300
"(0.9365496267832196, 0.9916585206907788)",1,98.4958426610144,9301
"(0.9166145507608924, 0.9833229101521784)",1,98.49577353275492,9302
"(0.9198255060602112, 0.9958292603453894)",1,98.49566803959924,9303
"(0.8887202421952387, 1.0)",1,98.49547974339517,9304
"(0.9326599326599326, 0.9833229101521784)",2,98.4953869928644,9306
"(0.8813080639167598, 1.0)",1,98.49534559448776,9307
"(0.930704099821747, 1.0)",1,98.49532812095232,9308
"(0.916104916104916, 1.0)",1,98.4943664437947,9309
"(0.9153439153439156, 1.0)",1,98.49401208283496,9310
"(0.9497171590194848, 1.0)",1,98.4939701781961,9311
"(0.9750481776288228, 0.9916585206907788)",1,98.49396871378386,9312
"(0.987491854024112, 0.9873444118605408)",1,98.4938206587297,9313
"(0.7946380416968652, 0.9958292603453894)",1,98.49362131298167,9314
"(0.9114218054477384, 0.9873891625615764)",2,98.4928849137484,9316
"(0.9279680209218476, 0.9958292603453894)",1,98.4925359350959,9317
"(0.7632275132275131, 1.0)",1,98.49249779537406,9318
"(0.9665831244778612, 1.0)",1,98.49240379573688,9319
"(0.9665831244778612, 1.0)",1,98.49218537752492,9320
"(0.9182966261114094, 0.9916585206907788)",1,98.4920420406608,9321
"(0.9916585206907788, 0.9958292603453894)",1,98.49196218809908,9322
"(0.8845578466141503, 1.0)",1,98.49172669057154,9323
"(0.8635976129582268, 1.0)",1,98.49163782296984,9324
"(0.8796475392220073, 1.0)",1,98.49157921672024,9325
"(0.9497171590194846, 1.0)",1,98.49133268180826,9326
"(0.9666562434855118, 1.0)",1,98.49103170511604,9327
"(0.893146638589877, 0.9882048106149588)",1,98.49078387333918,9328
"(0.930704099821747, 0.986081059422206)",1,98.4906401214408,9329
"(1.0, 1.0)",1,98.49044960101968,9330
"(0.8974984433303618, 0.9873891625615764)",1,98.49041278653544,9331
"(0.7802197802197803, 1.0)",1,98.49036211510165,9332
"(0.975195619792394, 0.9958292603453894)",1,98.4903050816488,9333
"(0.7077308656256025, 1.0)",1,98.49003350094488,9334
"(0.8296970789758384, 1.0)",1,98.48965904223115,9335
"(0.8796475392220073, 1.0)",1,98.48961283885156,9336
"(0.9410852767304382, 0.9916585206907788)",1,98.48958678281436,9337
"(0.93773047895128, 0.9958292603453894)",1,98.48922152589628,9338
"(0.916110211619383, 0.9873891625615764)",1,98.48839407032838,9339
"(0.8633762288330498, 1.0)",2,98.48832027451296,9341
"(1.0, 1.0)",2,98.4882025727558,9343
"(0.9295946890286512, 0.9861673414304992)",1,98.48807147800468,9344
"(0.927082576248316, 0.987463247273494)",1,98.48759086788723,9345
"(0.5910680656443368, 1.0)",1,98.48736958849685,9346
"(0.9454999712494968, 0.9916585206907788)",1,98.48682699458212,9347
"(0.8294970161977834, 1.0)",1,98.48668147582126,9348
"(0.6804620726495727, 1.0)",3,98.48648403781684,9351
"(1.0, 1.0)",1,98.48618208720974,9352
"(0.5807100687237674, 1.0)",1,98.48615815425843,9353
"(0.7675138481590094, 1.0)",2,98.4860439513986,9355
"(0.9333044546043194, 0.9916585206907788)",1,98.48538292382914,9356
"(0.97495917428555, 0.9958292603453894)",1,98.48524776528348,9357
"(0.757745166550198, 1.0)",1,98.4846633530296,9358
"(0.9326599326599326, 1.0)",1,98.4845294596317,9359
"(0.8633762288330498, 1.0)",1,98.48450731684969,9360
"(0.7880931329207191, 1.0)",1,98.48442537482414,9361
"(0.9666562434855118, 1.0)",2,98.48348996612626,9363
"(0.9874762808349148, 0.9958292603453894)",1,98.4832332322064,9364
"(0.9369138996969484, 0.9916585206907788)",1,98.48306503454224,9365
"(0.8341307814992026, 1.0)",1,98.48303432854136,9366
"(0.9833229101521784, 1.0)",1,98.48300081034355,9367
"(0.8341307814992026, 1.0)",1,98.48267051733036,9368
"(0.9499687304565352, 0.9833229101521784)",1,98.48242651657289,9369
"(0.7632275132275131, 1.0)",2,98.48240345664412,9371
"(0.8468089381754635, 1.0)",1,98.48229411116466,9372
"(0.9229651974750014, 0.9873891625615764)",1,98.48226370160232,9373
"(0.9665831244778612, 1.0)",1,98.4820917860188,9374
"(0.9293300445873568, 0.9873891625615764)",1,98.48156156686596,9375
"(0.8813080639167598, 1.0)",1,98.48132303058364,9376
"(1.0, 1.0)",1,98.48111683740862,9377
"(0.8468951683237397, 1.0)",1,98.48079144657451,9378
"(0.8996392387758612, 0.9873891625615764)",1,98.48071462230456,9379
"(0.844988344988345, 1.0)",1,98.48066724068484,9380
"(0.8137865219658889, 1.0)",1,98.48061683874852,9381
"(0.8840455840455841, 1.0)",4,98.48041918302027,9385
"(0.8760238095238095, 0.9958292603453894)",2,98.480368289796,9387
"(0.9333333333333332, 1.0)",1,98.48031429449463,9388
"(0.837707400507675, 1.0)",1,98.48022265480772,9389
"(0.6698155645524068, 1.0)",1,98.47994659419064,9390
"(0.9791332681655264, 0.991777356103732)",1,98.479850147149,9391
"(0.9496114574862204, 0.9916339869281046)",1,98.47945052558129,9392
"(0.8997493734335841, 1.0)",2,98.47934795780868,9394
"(0.9326599326599326, 1.0)",1,98.47905066697496,9395
"(0.9161952650324744, 1.0)",1,98.47899746069726,9396
"(0.9658159033159032, 0.9958292603453894)",1,98.47888718038334,9397
"(0.9876221896383188, 0.9827417027417028)",1,98.47858780366298,9398
"(0.9153439153439152, 1.0)",1,98.47844892808732,9399
"(0.8697983697983697, 1.0)",1,98.47808979566348,9400
"(0.9664171122994653, 0.9958292603453894)",1,98.47781756177508,9401
"(0.8222222222222222, 1.0)",1,98.47776661433312,9402
"(0.8319340617212959, 1.0)",4,98.47772009592492,9406
"(0.97934925289764, 0.9958292603453894)",1,98.4775605152333,9407
"(0.9665831244778612, 1.0)",1,98.4775289636585,9408
"(0.9198255060602112, 0.9958292603453894)",1,98.47747951343378,9409
"(0.8976982097186702, 1.0)",1,98.47715871582116,9410
"(0.7687400318979267, 1.0)",1,98.47702563352313,9411
"(0.8760238095238095, 0.9958292603453894)",1,98.4769104499399,9412
"(0.861111111111111, 1.0)",1,98.47675999156276,9413
"(0.9500975805767078, 0.9958292603453894)",1,98.47671472919988,9414
"(0.8372053872053872, 1.0)",1,98.47639515290192,9415
"(0.8814814814814814, 1.0)",1,98.47636991194618,9416
"(0.8600291387756281, 0.9958292603453894)",1,98.47627275546512,9417
"(0.9182966261114094, 0.9916585206907788)",1,98.47624228829056,9418
"(0.7172410505743838, 1.0)",1,98.47607995479198,9419
"(0.9454999712494968, 0.9958292603453894)",1,98.47595485032603,9420
"(0.8997493734335841, 1.0)",2,98.47595109019328,9422
"(0.8976982097186702, 1.0)",1,98.47590531232694,9423
"(0.8329156223893065, 1.0)",2,98.47571623978564,9425
"(0.8796475392220073, 1.0)",1,98.47509735199384,9426
"(0.8093386061814339, 1.0)",1,98.47505365942308,9427
"(0.8796475392220073, 1.0)",1,98.47471032146846,9428
"(0.9744745723240348, 0.987491854024112)",1,98.47464041431569,9429
"(0.837707400507675, 1.0)",2,98.4745935863223,9431
"(0.9833229101521784, 1.0)",1,98.47393162734062,9432
"(0.9167853751187084, 1.0)",1,98.47337549118264,9433
"(0.9665831244778612, 1.0)",1,98.47321948180698,9434
"(1.0, 1.0)",1,98.4729627144713,9435
"(0.9280317595086728, 0.9958292603453894)",1,98.47258290860914,9436
"(0.837707400507675, 1.0)",1,98.47257411285584,9437
"(0.9444901834607716, 1.0)",1,98.47245181620173,9438
"(0.9665831244778612, 1.0)",1,98.47244263332476,9439
"(0.9228120179844318, 0.9873891625615764)",1,98.47218733386624,9440
"(0.9158007932517735, 1.0)",1,98.47201039499838,9441
"(0.9009534009534008, 1.0)",1,98.47195586920846,9442
"(0.8547756205106323, 0.9882048106149588)",1,98.47177003972487,9443
"(0.916104916104916, 1.0)",1,98.47161456607446,9444
"(0.9086695042340204, 0.9958292603453894)",1,98.47157282327322,9445
"(0.8676532769556025, 1.0)",1,98.47153994360936,9446
"(0.8467532467532467, 1.0)",1,98.47140610318894,9447
"(0.8867361313822293, 0.9916585206907788)",1,98.47132249050097,9448
"(0.9332172991312776, 0.9958292603453894)",2,98.47117816747787,9450
"(0.9669558693467613, 0.9958292603453894)",1,98.47105595562456,9451
"(0.8651903651903651, 1.0)",2,98.47082089705738,9453
"(0.7996376811594202, 1.0)",1,98.4702969463628,9454
"(0.7119388248146047, 1.0)",4,98.46991697225972,9458
"(0.9303715638302106, 1.0)",1,98.46973169114725,9459
"(0.9326599326599326, 1.0)",1,98.4696165888655,9460
"(0.8294970161977834, 1.0)",2,98.46950223420345,9462
"(0.8867361313822293, 0.9916585206907788)",2,98.46942010457636,9464
"(0.9497171590194846, 1.0)",2,98.46896093842588,9466
"(0.9586562930696936, 0.991777356103732)",1,98.46866161939602,9467
"(1.0, 0.9833229101521784)",1,98.46858974389647,9468
"(0.9874877810361682, 0.9916625936787228)",1,98.4682671886924,9469
"(0.8065954953750508, 0.9882048106149588)",1,98.46815481930165,9470
"(0.9333333333333332, 0.9833229101521784)",1,98.46803811077784,9471
"(0.7183489076634237, 0.986081059422206)",1,98.4677763866701,9472
"(0.8600291387756281, 0.9958292603453894)",1,98.46774478750108,9473
"(0.9303715638302106, 1.0)",1,98.46772997374003,9474
"(1.0, 1.0)",1,98.46763076339732,9475
"(0.9299160159815896, 1.0)",1,98.46724527634731,9476
"(0.9504245882013664, 0.9958292603453894)",1,98.46722086337202,9477
"(0.8952273442232329, 0.9958292603453894)",1,98.46676264496212,9478
"(0.6315151515151515, 1.0)",1,98.46651099161922,9479
"(0.9153439153439152, 1.0)",2,98.46601336817068,9481
"(0.9546499948224086, 0.9958292603453894)",1,98.46575271610148,9482
"(0.93773047895128, 0.9958292603453894)",1,98.46549273034104,9483
"(0.8976982097186702, 1.0)",1,98.46548751189592,9484
"(0.861111111111111, 1.0)",1,98.46548512809812,9485
"(0.930704099821747, 1.0)",1,98.46533673987268,9486
"(0.9009534009534008, 1.0)",1,98.46502335959086,9487
"(0.9499687304565352, 1.0)",1,98.46482999242944,9488
"(0.7687400318979267, 1.0)",2,98.46435623901692,9490
"(0.9833229101521784, 1.0)",1,98.46415005214452,9491
"(0.9497171590194846, 1.0)",1,98.46337701877168,9492
"(1.0, 1.0)",1,98.46333899059756,9493
"(0.9161952650324744, 1.0)",1,98.46324350931629,9494
"(0.7916666666666666, 1.0)",1,98.46296126410338,9495
"(0.7503607503607503, 1.0)",1,98.46287874761452,9496
"(0.9300671002153482, 0.9861673414304992)",2,98.46274774878064,9498
"(0.7340930674264007, 1.0)",1,98.46247132532412,9499
"(0.8796475392220073, 1.0)",1,98.46241435251576,9500
"(0.9234894220441888, 0.9958292603453894)",1,98.46225967377896,9501
"(0.6638632083547339, 1.0)",1,98.46223220568584,9502
"(0.8796475392220073, 1.0)",2,98.46149887311506,9504
"(1.0, 1.0)",1,98.4613037544946,9505
"(0.9206165335472736, 0.9916585206907788)",2,98.46075104698848,9507
"(0.7030539311241066, 1.0)",1,98.46033416212734,9508
"(0.8958208965097509, 0.9916585206907788)",2,98.45995456286968,9510
"(0.7675138481590094, 1.0)",2,98.45900016149056,9512
"(0.9496114574862204, 0.9873891625615764)",1,98.4588200559388,9513
"(0.8329050741331443, 1.0)",1,98.4587856602617,9514
"(0.861111111111111, 1.0)",2,98.45845473604122,9516
"(0.8717520170461346, 0.9958292603453894)",1,98.45815528773689,9517
"(0.975195619792394, 0.9916625936787228)",1,98.45805927846511,9518
"(0.8247905643738976, 1.0)",1,98.45798459446208,9519
"(0.8633762288330498, 1.0)",1,98.45759592744751,9520
"(0.8885436799091353, 0.9958292603453894)",1,98.45758628375964,9521
"(0.8222222222222222, 1.0)",1,98.457543188068,9522
"(0.7880931329207191, 1.0)",2,98.45703749965884,9524
"(0.8316498316498316, 1.0)",1,98.4569429260614,9525
"(0.9833229101521784, 1.0)",1,98.45642831737985,9526
"(0.8976982097186702, 0.9833229101521784)",1,98.45639467659542,9527
"(0.9833040078201368, 0.9958292603453894)",1,98.4563292147908,9528
"(0.8449978636391381, 1.0)",1,98.45603977583428,9529
"(0.8796475392220073, 1.0)",2,98.4557603998908,9531
"(0.8468951683237397, 1.0)",1,98.45573298318308,9532
"(0.9165164082221422, 1.0)",1,98.45476294955051,9533
"(0.9000617225831424, 1.0)",1,98.45466287699917,9534
"(0.8420013166556946, 1.0)",1,98.45422657626024,9535
"(0.7083333333333334, 1.0)",1,98.45403677853778,9536
"(0.9791348015256934, 0.9958292603453894)",1,98.4535196544811,9537
"(0.7802197802197803, 1.0)",1,98.45346560487114,9538
"(0.9958292603453894, 0.9743756896698074)",1,98.45341819795354,9539
"(0.9153439153439152, 1.0)",1,98.45312681953588,9540
"(0.9161952650324744, 1.0)",1,98.45300236277984,9541
"(0.9666562434855118, 0.9833229101521784)",1,98.45257723995024,9542
"(0.9497171590194846, 1.0)",1,98.45239458320944,9543
"(0.8374727668845315, 1.0)",1,98.45228432086355,9544
"(0.9504245882013664, 0.9916585206907788)",1,98.45228422340897,9545
"(0.8016677935542034, 1.0)",2,98.45178356878604,9547
"(0.8016677935542034, 1.0)",2,98.45176595409724,9549
"(0.9496114574862204, 0.9873891625615764)",1,98.45169809950076,9550
"(0.8319340617212959, 1.0)",1,98.45161525192636,9551
"(0.9916585206907788, 0.9873444118605408)",2,98.45075678009272,9553
"(0.9230854791003976, 0.9873891625615764)",1,98.45039430499612,9554
"(0.8547756205106323, 0.9882048106149588)",1,98.44999496597616,9555
"(0.8312205288949474, 1.0)",1,98.4498938236447,9556
"(0.8329050741331443, 1.0)",1,98.44978495287286,9557
"(0.9301144010060736, 1.0)",1,98.44966547785909,9558
"(0.8383327637702926, 0.9916585206907788)",1,98.44960624078485,9559
"(0.7340930674264006, 1.0)",1,98.44952127065947,9560
"(0.8976982097186702, 1.0)",1,98.44947040867189,9561
"(0.8976982097186702, 1.0)",2,98.44946282444414,9563
"(0.8294970161977834, 1.0)",1,98.44932849445458,9564
"(0.9666562434855118, 0.9665831244778612)",1,98.44904776989596,9565
"(0.8615866942983156, 1.0)",1,98.44895161759383,9566
"(0.8840048840048841, 0.9833229101521784)",1,98.4489060228977,9567
"(0.917849761232425, 1.0)",1,98.4487186605626,9568
"(0.8796475392220073, 1.0)",1,98.44866547830064,9569
"(0.9490213526488036, 0.9916585206907788)",1,98.4486493852246,9570
"(0.934052618378994, 0.9958292603453894)",1,98.44812425889852,9571
"(0.9169719169719168, 0.9833229101521784)",1,98.4480351080768,9572
"(0.8247905643738976, 1.0)",1,98.44784870358453,9573
"(0.933096859926128, 1.0)",1,98.4473590164798,9574
"(0.9268079211169572, 0.9958292603453894)",1,98.4471632880388,9575
"(0.9874762808349148, 0.9958292603453894)",1,98.44706153952012,9576
"(1.0, 1.0)",1,98.44688644688644,9577
"(0.6760835913312693, 1.0)",2,98.44684378363682,9579
"(0.8997493734335841, 1.0)",1,98.44683546522973,9580
"(0.8547756205106323, 1.0)",1,98.44616556807767,9581
"(0.9189396095602992, 0.9916585206907788)",1,98.44609886104628,9582
"(0.9161952650324744, 1.0)",1,98.44562202616656,9583
"(0.8931552430047053, 0.9958292603453894)",1,98.4455077560386,9584
"(0.917415489944373, 1.0)",1,98.44540600701004,9585
"(0.7944219523166891, 1.0)",1,98.44513713255284,9586
"(0.9332172991312776, 0.9916585206907788)",1,98.4451225996862,9587
"(1.0, 1.0)",1,98.44490023066456,9588
"(0.9303715638302106, 1.0)",2,98.4444519335296,9590
"(0.9584987529902784, 1.0)",1,98.44434031212404,9591
"(0.8796475392220073, 1.0)",2,98.44404628410857,9593
"(0.8600291387756281, 0.9958292603453894)",1,98.4439835054198,9594
"(1.0, 1.0)",1,98.44260958900033,9595
"(0.7574146783449108, 1.0)",1,98.4424389035364,9596
"(0.8329156223893065, 1.0)",1,98.44183927358024,9597
"(0.861111111111111, 1.0)",1,98.44169248465607,9598
"(0.9126251340467026, 0.9958292603453894)",1,98.44162264886822,9599
"(1.0, 1.0)",1,98.44153375461812,9600
"(0.8476190476190477, 1.0)",1,98.44149603432685,9601
"(0.8796475392220073, 1.0)",1,98.44115806349744,9602
"(1.0, 1.0)",2,98.44114588439132,9604
"(0.916104916104916, 1.0)",1,98.44095712942728,9605
"(1.0, 1.0)",1,98.4409230421411,9606
"(0.9749706744868036, 0.9958292603453894)",1,98.44081716460258,9607
"(0.8016677935542034, 1.0)",1,98.43993892383956,9608
"(0.7083333333333334, 1.0)",2,98.43989832251356,9610
"(0.9161952650324744, 1.0)",1,98.43983116095092,9611
"(0.9198255060602112, 0.9958292603453894)",1,98.43967425961132,9612
"(0.8872426490351017, 1.0)",1,98.43954724878232,9613
"(0.934122934122934, 1.0)",1,98.43913192886404,9614
"(0.8996392387758612, 0.9873891625615764)",1,98.43913080775609,9615
"(0.9165164082221422, 1.0)",1,98.43890131582896,9616
"(0.808446455505279, 1.0)",1,98.4386214810651,9617
"(0.945364478411655, 0.9958292603453894)",1,98.43841107300683,9618
"(0.9305983472650138, 1.0)",1,98.43828200148636,9619
"(0.7090909090909091, 1.0)",1,98.4377535512234,9620
"(0.9791332681655264, 0.9958292603453894)",1,98.43726984230814,9621
"(0.7880931329207191, 1.0)",1,98.43689785841212,9622
"(0.8547756205106323, 1.0)",1,98.43680953307808,9623
"(0.8016677935542034, 1.0)",1,98.43672302215808,9624
"(0.6760835913312693, 1.0)",1,98.43636232647754,9625
"(0.933096859926128, 1.0)",2,98.436006725134,9627
"(0.8547756205106323, 0.9882048106149588)",2,98.43596328194728,9629
"(0.9833229101521784, 1.0)",1,98.43570046693904,9630
"(0.8420013166556946, 1.0)",2,98.43514072781768,9632
"(0.9299160159815896, 1.0)",1,98.43395580327636,9633
"(0.8635976129582268, 1.0)",1,98.43335523178588,9634
"(1.0, 1.0)",1,98.43306201714418,9635
"(0.920238255356524, 0.9916585206907788)",1,98.43265491868132,9636
"(0.8976982097186702, 1.0)",1,98.43262228237042,9637
"(0.6521663785997688, 0.9882048106149588)",1,98.43248715000772,9638
"(0.8506854148663817, 0.9958292603453894)",1,98.43201939795289,9639
"(0.9499687304565352, 0.9833229101521784)",1,98.43193552988166,9640
"(0.8222222222222222, 1.0)",1,98.43182634026726,9641
"(0.8365328658269835, 0.9958292603453894)",2,98.431013997455,9643
"(0.9192093318943212, 1.0)",1,98.43097814337038,9644
"(0.9326599326599326, 1.0)",2,98.4307587981698,9646
"(0.9126251340467026, 0.9916585206907788)",1,98.4306956025568,9647
"(0.9365496267832196, 0.9916585206907788)",1,98.43048173329564,9648
"(0.8068904981347378, 1.0)",1,98.43044451392277,9649
"(0.8976982097186702, 1.0)",1,98.43040502087716,9650
"(0.9161952650324744, 1.0)",1,98.43008480081798,9651
"(1.0, 1.0)",1,98.43006321886386,9652
"(0.8053381731676306, 1.0)",1,98.42994325926676,9653
"(0.8615866942983156, 1.0)",1,98.42989012724304,9654
"(0.8633762288330498, 1.0)",1,98.4295548103493,9655
"(0.8467532467532467, 1.0)",2,98.42940275623202,9657
"(0.9833229101521784, 1.0)",2,98.42868147579102,9659
"(0.8796475392220073, 1.0)",1,98.42824110411408,9660
"(0.8432903075760217, 1.0)",1,98.42805283959017,9661
"(0.9158007932517735, 1.0)",1,98.42802770486855,9662
"(0.7944219523166891, 1.0)",1,98.42782833475624,9663
"(1.0, 1.0)",1,98.42750391013858,9664
"(0.868170426065163, 1.0)",1,98.42742785344062,9665
"(0.8053381731676306, 1.0)",1,98.42708587582212,9666
"(0.9228120179844318, 0.9873891625615764)",1,98.4269941971533,9667
"(0.9295946890286512, 1.0)",1,98.42684084488296,9668
"(0.9169719169719168, 0.9833229101521784)",1,98.42681086836288,9669
"(0.9832965806068272, 0.9827417027417028)",1,98.42606764836356,9670
"(0.6825396825396824, 1.0)",1,98.4260432841759,9671
"(0.8840455840455841, 1.0)",2,98.42581857820151,9673
"(0.861111111111111, 1.0)",2,98.42559584031828,9675
"(0.7574146783449108, 0.9882048106149588)",1,98.42491582138234,9676
"(0.6760835913312693, 1.0)",1,98.42486625894348,9677
"(0.9198255060602112, 0.9958292603453894)",1,98.42484644005314,9678
"(0.861111111111111, 1.0)",1,98.4245801592888,9679
"(0.8996392387758612, 0.9873891625615764)",1,98.42412778632212,9680
"(0.9161952650324744, 1.0)",2,98.42360038963464,9682
"(0.859499940327008, 1.0)",1,98.4227179281013,9683
"(0.9833229101521784, 1.0)",1,98.42266549054852,9684
"(0.93773047895128, 0.9958292603453894)",1,98.42244482674278,9685
"(0.8222222222222222, 0.9499687304565352)",1,98.42204800798704,9686
"(0.8294970161977834, 1.0)",1,98.42193550421185,9687
"(0.7077308656256025, 1.0)",1,98.42168649449556,9688
"(0.7479743867590829, 1.0)",1,98.4211296289657,9689
"(0.8065954953750508, 0.9882048106149588)",1,98.42097406176148,9690
"(0.9499358151476252, 1.0)",1,98.42095587774772,9691
"(0.9416450721400784, 1.0)",1,98.42086995184944,9692
"(0.8016677935542034, 1.0)",1,98.4207307009892,9693
"(0.8101143854687974, 1.0)",1,98.42006488523064,9694
"(0.7675138481590094, 1.0)",1,98.41991077781762,9695
"(0.8053381731676306, 1.0)",1,98.41964314025662,9696
"(0.837707400507675, 1.0)",1,98.4195603382102,9697
"(0.8887202421952387, 1.0)",1,98.41933193142296,9698
"(0.7362637362637362, 1.0)",1,98.4191865372749,9699
"(0.7574146783449108, 0.9882048106149588)",1,98.4190140082975,9700
"(0.9167853751187084, 1.0)",1,98.41868158308716,9701
"(0.9206165335472736, 0.9916585206907788)",1,98.41814528240415,9702
"(0.898989898989899, 1.0)",1,98.41799024464544,9703
"(0.9833229101521784, 1.0)",1,98.41769460190714,9704
"(0.8495378883833893, 0.9958292603453894)",1,98.4174290587494,9705
"(0.9496114574862204, 0.9873891625615764)",1,98.41729707350906,9706
"(0.757745166550198, 1.0)",1,98.41710779543035,9707
"(0.8432903075760217, 1.0)",1,98.41690575198726,9708
"(0.9504245882013664, 0.9958292603453894)",1,98.41650571693536,9709
"(0.7531792444073147, 1.0)",1,98.41620426497776,9710
"(0.8976982097186702, 1.0)",1,98.41592535152247,9711
"(0.8229870141950848, 1.0)",1,98.41568997661166,9712
"(0.6698155645524068, 1.0)",1,98.41541083047288,9713
"(0.9227432552922749, 0.9873891625615764)",1,98.41472720622424,9714
"(0.9720813204508856, 0.986081059422206)",1,98.4145285802366,9715
"(0.930704099821747, 0.986081059422206)",1,98.41424847701543,9716
"(0.9833229101521784, 1.0)",2,98.41395615868734,9718
"(0.9165164082221422, 1.0)",1,98.41342764575782,9719
"(0.8101143854687974, 1.0)",1,98.4133195558662,9720
"(0.9720813204508856, 1.0)",1,98.41300943285847,9721
"(0.6831352928913905, 1.0)",1,98.41297757536525,9722
"(0.5925925925925927, 1.0)",1,98.41293189579544,9723
"(0.9384174012481092, 0.9916585206907788)",1,98.41261829791748,9724
"(0.9493072891175358, 0.9916585206907788)",1,98.41210716345846,9725
"(0.8374727668845315, 1.0)",1,98.4119964412265,9726
"(0.7119388248146047, 1.0)",1,98.41198251280792,9727
"(0.9580331374974232, 1.0)",1,98.41196014988932,9728
"(0.8618871810094527, 0.9882048106149588)",1,98.41194848155897,9729
"(0.7155555555555556, 1.0)",1,98.41183254459196,9730
"(0.808446455505279, 1.0)",1,98.41177763804636,9731
"(0.9293300445873568, 0.9873891625615764)",2,98.41146752150658,9733
"(0.9498370804822418, 0.9873891625615764)",1,98.4111025576734,9734
"(0.746304385688563, 1.0)",1,98.41094847158828,9735
"(0.9206165335472736, 0.991777356103732)",1,98.41076397955264,9736
"(0.9665831244778612, 1.0)",2,98.41070646053583,9738
"(0.7940388012109323, 1.0)",1,98.41058634919138,9739
"(0.8976982097186702, 1.0)",1,98.41043622371004,9740
"(0.617513611615245, 1.0)",1,98.41039404671209,9741
"(0.950175761409158, 0.9916339869281046)",1,98.41024938843977,9742
"(0.9365496267832196, 0.9958292603453894)",1,98.4099511036578,9743
"(0.9326599326599326, 1.0)",1,98.40966709530193,9744
"(0.902012682657844, 0.9916666666666668)",1,98.4094330170375,9745
"(0.9161952650324744, 1.0)",1,98.40879360726149,9746
"(0.8929015655249481, 0.9958292603453894)",1,98.4087828603258,9747
"(0.917469251615593, 1.0)",1,98.4087223739984,9748
"(0.8976982097186702, 1.0)",1,98.40846416280036,9749
"(0.9833229101521784, 1.0)",1,98.4084349910567,9750
"(0.8564088034923205, 0.9958292603453894)",1,98.40799816556148,9751
"(0.9791299139401608, 0.9958292603453894)",1,98.40740902704776,9752
"(0.9272583321169658, 0.9916585206907788)",1,98.40690337407648,9753
"(0.7946380416968652, 0.9916585206907788)",2,98.40681718091068,9755
"(0.944073617452092, 1.0)",1,98.40679324149583,9756
"(0.9326599326599326, 1.0)",1,98.40652426870392,9757
"(0.9665831244778612, 1.0)",1,98.40652265950888,9758
"(0.917655049465296, 0.9916585206907788)",1,98.4063685695106,9759
"(0.8059480202337346, 1.0)",1,98.40624383267212,9760
"(0.9243707071934514, 0.9873891625615764)",1,98.4062397703662,9761
"(0.9153439153439152, 1.0)",1,98.4059772981588,9762
"(0.8974984433303618, 0.9873891625615764)",1,98.40587190403872,9763
"(0.9189396095602992, 0.9958292603453894)",1,98.40564937919451,9764
"(0.7075023741690408, 1.0)",1,98.4055334698485,9765
"(0.8068904981347378, 1.0)",1,98.40516497423728,9766
"(0.7880931329207191, 1.0)",1,98.4047966646358,9767
"(1.0, 1.0)",2,98.40398555996164,9769
"(0.7164894725870335, 1.0)",1,98.40377450087806,9770
"(0.9280459216361852, 0.9958292603453894)",1,98.40359883627136,9771
"(0.9198255060602112, 0.9958292603453894)",1,98.40357383543694,9772
"(0.9916585206907788, 0.9790110785272076)",1,98.40330454120456,9773
"(0.7503607503607503, 1.0)",2,98.40329608776328,9775
"(1.0, 1.0)",1,98.403139889765,9776
"(0.902012682657844, 0.9958292603453894)",1,98.40221409756649,9777
"(0.9009534009534008, 1.0)",1,98.40166271081117,9778
"(0.9206165335472736, 0.9958292603453894)",1,98.40143057766302,9779
"(0.8796475392220073, 1.0)",1,98.4011390707293,9780
"(0.9157097551404952, 0.9958292603453894)",1,98.40112796331104,9781
"(0.5910680656443368, 1.0)",2,98.40056348785112,9783
"(0.8633762288330498, 1.0)",1,98.40025151446532,9784
"(0.944073617452092, 1.0)",1,98.40023955008692,9785
"(0.8887202421952387, 1.0)",1,98.39902285901366,9786
"(0.9833229101521784, 1.0)",1,98.39846646376397,9787
"(0.9157097551404952, 0.9916585206907788)",1,98.398323371842,9788
"(0.9008627640703112, 1.0)",1,98.39805689137278,9789
"(0.9293300445873568, 0.9873891625615764)",1,98.39765410467145,9790
"(0.9833229101521784, 1.0)",1,98.3976473316202,9791
"(0.957630187612848, 0.9873891625615764)",1,98.39731967299728,9792
"(0.901575014782562, 1.0)",1,98.39704761468484,9793
"(0.8814814814814814, 0.9833229101521784)",1,98.3969697017194,9794
"(0.8222222222222222, 1.0)",1,98.39693346947716,9795
"(0.9833229101521784, 1.0)",1,98.396855177343,9796
"(0.9326599326599326, 1.0)",1,98.39676000691594,9797
"(0.9665831244778612, 1.0)",1,98.39641810027038,9798
"(1.0, 1.0)",1,98.39636815858783,9799
"(0.9326599326599326, 1.0)",1,98.39633056200957,9800
"(0.8811945374355704, 1.0)",1,98.39607349933326,9801
"(0.9452448267044004, 0.9916585206907788)",1,98.39596619218476,9802
"(0.8435740514075887, 1.0)",1,98.39538202761292,9803
"(0.9206165335472736, 0.9916585206907788)",1,98.39526598825378,9804
"(0.9161952650324744, 1.0)",2,98.3948633786934,9806
"(0.893146638589877, 1.0)",1,98.39432786847122,9807
"(0.8814814814814814, 1.0)",1,98.3940622115497,9808
"(0.954238558835333, 0.9873891625615764)",1,98.39370048415084,9809
"(0.944073617452092, 1.0)",1,98.39356050707046,9810
"(0.8615866942983156, 1.0)",1,98.3930071333432,9811
"(0.8026839479876169, 0.9958292603453894)",1,98.39272316870898,9812
"(0.8374727668845315, 1.0)",1,98.39264738659814,9813
"(0.8976982097186702, 1.0)",1,98.39180698856512,9814
"(0.8229870141950848, 0.986081059422206)",1,98.39151553253932,9815
"(0.8845424223473003, 1.0)",1,98.39144176804405,9816
"(0.9374843410636878, 0.979166518665308)",1,98.391029147512,9817
"(0.9326599326599326, 1.0)",1,98.39101950406112,9818
"(0.9200043551329178, 0.9916585206907788)",1,98.39042273139104,9819
"(0.8229870141950848, 1.0)",2,98.39035034406062,9821
"(0.8222222222222222, 1.0)",1,98.39027525655185,9822
"(0.9153439153439152, 1.0)",1,98.38951502086374,9823
"(0.9326599326599326, 1.0)",1,98.38950501559226,9824
"(0.8651903651903651, 1.0)",1,98.38928267806207,9825
"(0.917849761232425, 1.0)",1,98.38921304744464,9826
"(0.913942789236907, 0.987495927012056)",1,98.38917841327796,9827
"(0.8976982097186702, 1.0)",1,98.38908563684952,9828
"(0.7075023741690408, 1.0)",1,98.3887936841742,9829
"(0.8814814814814814, 1.0)",1,98.3887890360608,9830
"(0.7030539311241066, 1.0)",2,98.3887881131456,9832
"(0.7083333333333334, 1.0)",2,98.38856606577647,9834
"(0.8349489264123411, 1.0)",1,98.38845826897516,9835
"(0.8547756205106323, 1.0)",1,98.38817432512543,9836
"(0.8907966222338917, 0.9958292603453894)",1,98.38806493876244,9837
"(0.7612958226768967, 1.0)",2,98.38770305677023,9839
"(0.9665831244778612, 1.0)",1,98.38769915158096,9840
"(0.6804620726495727, 1.0)",1,98.38722198290267,9841
"(0.757745166550198, 1.0)",1,98.38711699009288,9842
"(0.9751539794803552, 0.9916585206907788)",1,98.3868987930054,9843
"(0.8907966222338917, 0.9958292603453894)",1,98.38683278637691,9844
"(0.9835199925522506, 0.9958292603453894)",1,98.38625772589084,9845
"(0.9873891625615764, 0.9916585206907788)",1,98.38612195462852,9846
"(0.9280317595086728, 0.9958292603453894)",1,98.38592439075389,9847
"(0.7479743867590829, 1.0)",1,98.38403469323094,9848
"(0.9442283950617284, 1.0)",2,98.38384008380818,9850
"(0.934052618378994, 0.9873891625615764)",1,98.38326059800715,9851
"(0.9499687304565352, 1.0)",2,98.38321515213374,9853
"(0.9280317595086728, 0.9916585206907788)",2,98.38317886388404,9855
"(0.6698155645524068, 1.0)",2,98.38305336644764,9857
"(0.917469251615593, 1.0)",1,98.38273600616436,9858
"(0.8845578466141503, 1.0)",1,98.38239425849952,9859
"(0.6760835913312693, 1.0)",1,98.38227919145004,9860
"(0.9166145507608924, 1.0)",1,98.3822334634914,9861
"(0.9499687304565352, 1.0)",2,98.38208271969503,9863
"(0.861111111111111, 1.0)",1,98.38165332376698,9864
"(0.9206165335472736, 0.9916585206907788)",1,98.38137102924571,9865
"(0.9009534009534008, 1.0)",1,98.3810325095363,9866
"(0.746304385688563, 1.0)",1,98.38096364779474,9867
"(0.808446455505279, 1.0)",1,98.38095284156115,9868
"(0.9, 1.0)",1,98.38092563073306,9869
"(0.9161952650324744, 1.0)",1,98.3808787059675,9870
"(0.8796475392220073, 1.0)",1,98.38031781600014,9871
"(0.8374727668845315, 1.0)",2,98.38030543118153,9873
"(0.8229870141950848, 1.0)",1,98.38004737553511,9874
"(0.8814814814814814, 1.0)",1,98.37992274821984,9875
"(0.9024676850763808, 1.0)",1,98.37954610163492,9876
"(0.8976982097186702, 1.0)",1,98.379460363378,9877
"(0.6733821733821733, 1.0)",1,98.37942247196494,9878
"(0.7734344933751168, 1.0)",1,98.37922395613386,9879
"(0.8374727668845315, 1.0)",1,98.37889876925924,9880
"(0.9665831244778612, 1.0)",2,98.37889563306764,9882
"(0.9161952650324744, 1.0)",1,98.3787522271327,9883
"(0.8347775825943863, 0.9958292603453894)",1,98.37875185701272,9884
"(0.934122934122934, 1.0)",1,98.37829420005464,9885
"(0.9666562434855118, 1.0)",1,98.37720995636076,9886
"(0.9228120179844318, 0.9873891625615764)",1,98.3771707238217,9887
"(0.9365496267832196, 0.9958292603453894)",1,98.37716484313265,9888
"(0.80285509389987, 1.0)",1,98.37707783480565,9889
"(0.746304385688563, 1.0)",2,98.376999532824,9891
"(1.0, 1.0)",1,98.37685343915192,9892
"(0.958319976073035, 0.9958292603453894)",1,98.3764291852642,9893
"(0.861111111111111, 1.0)",1,98.3762886224531,9894
"(0.8420013166556946, 1.0)",1,98.37623621878174,9895
"(0.7691870057461455, 1.0)",1,98.3758626999058,9896
"(0.9833229101521784, 1.0)",1,98.37559349056586,9897
"(0.6804620726495727, 0.986081059422206)",2,98.3751597375351,9899
"(0.9748524098350704, 0.9915151515151516)",1,98.3749726713664,9900
"(0.8523949169110459, 0.9958292603453894)",1,98.3749492541043,9901
"(0.9293300445873568, 0.9873891625615764)",1,98.37478129876185,9902
"(0.9499631719745572, 0.9834113430318364)",1,98.37456200739604,9903
"(0.8294970161977834, 0.9833229101521784)",2,98.37413430142428,9905
"(0.9228120179844318, 0.9873891625615764)",1,98.37399010873212,9906
"(0.9153439153439152, 1.0)",1,98.3735524213328,9907
"(0.8329156223893065, 1.0)",1,98.37287648176726,9908
"(0.8222222222222222, 1.0)",1,98.3728288617815,9909
"(0.917655049465296, 0.9958292603453894)",1,98.37273643074104,9910
"(0.8997493734335841, 1.0)",1,98.37231614653174,9911
"(0.9333333333333332, 1.0)",2,98.37203885291832,9913
"(0.8312205288949474, 1.0)",2,98.3715479896368,9915
"(0.8319340617212959, 1.0)",1,98.37145281974286,9916
"(0.9228120179844318, 0.9873891625615764)",1,98.37138541369652,9917
"(0.8613656783468103, 1.0)",1,98.37128221698484,9918
"(0.9305983472650138, 1.0)",1,98.3709813095931,9919
"(0.9369138996969484, 0.9916585206907788)",2,98.3702018166931,9921
"(0.6825396825396824, 1.0)",2,98.37020052057218,9923
"(0.9299160159815896, 1.0)",1,98.3699904704769,9924
"(0.9280317595086728, 0.9916585206907788)",1,98.36986864413176,9925
"(0.91326516498939, 0.9916585206907788)",1,98.36921927574626,9926
"(0.9157097551404952, 0.9958292603453894)",2,98.36903159192036,9928
"(0.9413496923696164, 0.9958292603453894)",1,98.36867082157526,9929
"(0.8222222222222222, 1.0)",1,98.3683004545911,9930
"(1.0, 1.0)",1,98.36816447062532,9931
"(0.9125533644430458, 0.9873891625615764)",1,98.3680036503513,9932
"(0.7734344933751168, 1.0)",2,98.3679117396092,9934
"(0.8420013166556946, 1.0)",1,98.36784715103808,9935
"(0.8867361313822293, 0.9958292603453894)",1,98.36768688980392,9936
"(0.9876066164491212, 0.9831777451938742)",1,98.36741964933616,9937
"(0.73687720936437, 1.0)",1,98.36733844249356,9938
"(0.9369808292429718, 0.9916585206907788)",1,98.36678466352384,9939
"(0.8365328658269835, 0.9958292603453894)",1,98.36655608483632,9940
"(0.6825396825396824, 1.0)",1,98.36616465944464,9941
"(0.9748524098350704, 0.983149138443256)",1,98.36606305763245,9942
"(0.9516794286955578, 0.9958292603453894)",1,98.36602951641564,9943
"(0.9958292603453894, 0.9916585206907788)",1,98.36600917485434,9944
"(0.8976982097186702, 1.0)",1,98.36594984942552,9945
"(0.861111111111111, 1.0)",1,98.36592354911396,9946
"(0.9, 1.0)",2,98.36517328442872,9948
"(1.0, 1.0)",2,98.36489819970186,9950
"(0.9539225495593684, 0.9958292603453894)",1,98.36487627836703,9951
"(1.0, 1.0)",1,98.36478732423,9952
"(0.8495378883833893, 0.9916585206907788)",1,98.36447741531695,9953
"(0.8907966222338917, 0.987491854024112)",2,98.36439656697362,9955
"(0.8942622047218923, 0.9873891625615764)",1,98.36426692430985,9956
"(1.0, 0.9958292603453894)",2,98.36425415610223,9958
"(0.7372334455667788, 1.0)",1,98.36420321672068,9959
"(0.96220700758815, 0.9873891625615764)",1,98.3641273581482,9960
"(0.8247905643738976, 1.0)",1,98.36411671603756,9961
"(0.9008025849489264, 1.0)",1,98.36411001161788,9962
"(0.6747507742934573, 1.0)",1,98.36403689278612,9963
"(0.7944219523166891, 1.0)",1,98.36393856813936,9964
"(0.8796475392220073, 1.0)",1,98.363871129945,9965
"(0.9708582256511328, 0.9916339869281046)",1,98.36370228046002,9966
"(0.9303715638302106, 1.0)",1,98.36369888358882,9967
"(0.9620528801064364, 0.9873891625615764)",1,98.36356703556892,9968
"(0.8315474711586087, 0.9958292603453894)",2,98.36332727882916,9970
"(0.7030539311241066, 1.0)",1,98.3632282534985,9971
"(0.9665831244778612, 1.0)",1,98.363118166959,9972
"(0.6804620726495727, 1.0)",1,98.36311564647626,9973
"(0.9158007932517735, 1.0)",1,98.36266942935464,9974
"(0.7097211628104076, 1.0)",1,98.36220210585977,9975
"(0.8294970161977834, 0.9833229101521784)",1,98.36189294184985,9976
"(0.8316498316498316, 1.0)",1,98.3618447730099,9977
"(0.8976982097186702, 1.0)",1,98.36133227925772,9978
"(0.9303715638302106, 0.986081059422206)",1,98.36127051190964,9979
"(0.8467532467532467, 1.0)",2,98.3608970848966,9981
"(0.7532376017916352, 1.0)",2,98.3608927994218,9983
"(0.9833229101521784, 1.0)",1,98.36088713741375,9984
"(0.9833229101521784, 1.0)",1,98.36085532298068,9985
"(0.7204751921733054, 1.0)",1,98.36044551994851,9986
"(0.9665831244778612, 1.0)",1,98.36006567736204,9987
"(0.8733799478600891, 0.9958292603453894)",1,98.35921943847622,9988
"(0.8420013166556946, 1.0)",2,98.35921468687972,9990
"(0.9126251340467026, 0.9958292603453894)",1,98.35908094841324,9991
"(0.9153439153439152, 1.0)",2,98.35793363556,9993
"(0.8347775825943863, 0.9958292603453894)",1,98.35695827118724,9994
"(0.6698155645524068, 1.0)",1,98.35680829189474,9995
"(0.6760835913312693, 1.0)",1,98.35605349891316,9996
"(0.9114218054477384, 0.9873891625615764)",1,98.35578804221916,9997
"(0.9153439153439156, 1.0)",1,98.35524543589194,9998
"(0.8341307814992026, 1.0)",1,98.3544420932515,9999
"(0.9535432351387988, 0.9873891625615764)",1,98.35444203849757,10000
"(0.9833229101521784, 1.0)",1,98.3539074956629,10001
"(0.9369808292429718, 0.9958292603453894)",1,98.3537062357991,10002
"(0.8177442148030384, 1.0)",1,98.35349672854294,10003
"(0.7944219523166891, 1.0)",1,98.35340607691518,10004
"(0.9165164082221422, 1.0)",1,98.3532784691387,10005
"(0.9009534009534008, 1.0)",2,98.35316602836436,10007
"(1.0, 1.0)",2,98.35299073144895,10009
"(0.9442283950617284, 1.0)",1,98.3529897912248,10010
"(0.8635976129582268, 1.0)",2,98.35291065774764,10012
"(0.8845578466141503, 1.0)",1,98.35285602184246,10013
"(0.8319340617212959, 1.0)",1,98.352726705245,10014
"(0.9916666666666668, 0.9827417027417028)",1,98.35266995628233,10015
"(0.8347775825943863, 0.9958292603453894)",1,98.3523725312674,10016
"(0.8796475392220073, 1.0)",2,98.35228619234846,10018
"(0.927082576248316, 0.9915151515151516)",1,98.3521122954711,10019
"(0.757745166550198, 1.0)",1,98.35148350394144,10020
"(0.812557599070401, 1.0)",1,98.35097918257505,10021
"(0.9835199925522506, 0.9916585206907788)",1,98.35067711044552,10022
"(0.9369808292429718, 0.9958292603453894)",1,98.35034511473768,10023
"(0.8420013166556946, 1.0)",1,98.3502395649979,10024
"(0.9305555555555556, 1.0)",1,98.3500399039833,10025
"(1.0, 1.0)",1,98.34995674951878,10026
"(0.776488287126585, 1.0)",1,98.34984830597725,10027
"(0.80285509389987, 1.0)",1,98.34972532997742,10028
"(0.8796475392220073, 1.0)",2,98.34961288956862,10030
"(0.9496114574862204, 0.9873891625615764)",2,98.34923465851986,10032
"(0.9182966261114094, 0.9916625936787228)",1,98.3479718931989,10033
"(0.9166145507608924, 1.0)",1,98.34776528297212,10034
"(1.0, 1.0)",1,98.34759517272953,10035
"(0.8222222222222222, 1.0)",1,98.347417860828,10036
"(0.9622634791942192, 0.9958292603453894)",1,98.34724560574368,10037
"(0.9331662489557224, 1.0)",1,98.347140203811,10038
"(0.9833040078201368, 0.9916585206907788)",1,98.3469908933868,10039
"(1.0, 1.0)",1,98.3468904901132,10040
"(0.6825396825396824, 0.9833229101521784)",1,98.3465360205964,10041
"(0.7164894725870335, 1.0)",1,98.34645621093004,10042
"(0.7767756418742694, 0.9882048106149588)",1,98.3463430472022,10043
"(0.9707136080238548, 0.9958292603453894)",1,98.3463330664078,10044
"(0.861111111111111, 1.0)",1,98.3457545357134,10045
"(0.799275702501509, 1.0)",1,98.34548926618228,10046
"(0.9504245882013664, 0.9958292603453894)",1,98.345227152271,10047
"(0.9497171590194848, 1.0)",2,98.34518284196662,10049
"(0.93773047895128, 0.9916585206907788)",1,98.3451212003776,10050
"(0.9008627640703112, 0.986081059422206)",1,98.3448698506628,10051
"(0.8928598364786969, 0.9958292603453894)",2,98.3443254957638,10053
"(0.97495917428555, 0.987495927012056)",1,98.34419444402592,10054
"(0.7069597069597069, 1.0)",2,98.34395217391146,10056
"(0.8177442148030384, 1.0)",1,98.34364205379012,10057
"(0.9228120179844318, 0.9873891625615764)",1,98.343367632516,10058
"(0.9365496267832196, 0.9958292603453894)",1,98.34295229599512,10059
"(0.9369138996969484, 0.9874877810361682)",1,98.3422958842992,10060
"(0.9833229101521784, 1.0)",2,98.34185785192386,10062
"(0.9250222656674272, 0.9916585206907788)",1,98.34173565864388,10063
"(0.9164652836623464, 1.0)",1,98.34062891726676,10064
"(0.9545293471488726, 0.9885557944107872)",1,98.34040194757443,10065
"(0.6804620726495727, 1.0)",1,98.34028089645268,10066
"(0.8365328658269835, 0.9916585206907788)",1,98.33990938691228,10067
"(0.91326516498939, 0.9873891625615764)",1,98.33980873814448,10068
"(0.7198480531813864, 1.0)",1,98.33958484689606,10069
"(0.861111111111111, 1.0)",1,98.3395691997259,10070
"(0.902012682657844, 0.9916585206907788)",1,98.33914501363272,10071
"(0.868077055383557, 1.0)",1,98.33909515572122,10072
"(0.6790911536674249, 1.0)",1,98.3386566514826,10073
"(0.7083333333333334, 1.0)",1,98.3383916734914,10074
"(0.808446455505279, 1.0)",1,98.33837502250022,10075
"(0.8222222222222222, 1.0)",1,98.33821106863468,10076
"(0.6825396825396824, 1.0)",1,98.33816910376449,10077
"(0.8907966222338917, 0.9916585206907788)",1,98.3380051205763,10078
"(0.9279680209218476, 0.987491854024112)",1,98.33755820587716,10079
"(0.9499687304565352, 1.0)",1,98.33751207806972,10080
"(0.9720813204508856, 1.0)",2,98.33716241848552,10082
"(0.7944219523166891, 1.0)",1,98.33658467535226,10083
"(0.7601164382773579, 1.0)",1,98.3365722727735,10084
"(0.8294970161977834, 1.0)",1,98.33656682082852,10085
"(0.9114218054477384, 0.9873891625615764)",1,98.3365427222956,10086
"(0.8247905643738976, 1.0)",1,98.33627883488197,10087
"(0.9333333333333332, 1.0)",1,98.33605783404091,10088
"(0.9876066164491212, 0.9834358767945106)",1,98.3357844078645,10089
"(0.8476190476190477, 1.0)",1,98.33546655294732,10090
"(0.9300671002153482, 1.0)",1,98.33539267271767,10091
"(0.8247905643738976, 1.0)",1,98.33498601102036,10092
"(1.0, 1.0)",1,98.33469356710243,10093
"(0.9665831244778612, 1.0)",1,98.33443067743028,10094
"(0.9027777777777778, 1.0)",1,98.33435547347771,10095
"(0.9326599326599326, 1.0)",1,98.3341975987632,10096
"(0.9192093318943212, 0.9882048106149588)",1,98.33363054548369,10097
"(0.837707400507675, 1.0)",1,98.3335005796578,10098
"(0.9665831244778612, 1.0)",1,98.33281139057776,10099
"(0.917849761232425, 1.0)",1,98.33231846165802,10100
"(0.944563492063492, 1.0)",1,98.33205334200288,10101
"(0.933096859926128, 1.0)",2,98.33201852803276,10103
"(0.9497171590194846, 1.0)",1,98.33200368723608,10104
"(0.987463247273494, 0.9827417027417028)",1,98.33167218882448,10105
"(0.9008025849489264, 1.0)",1,98.33123821115132,10106
"(0.6825396825396824, 0.9833229101521784)",1,98.33121389648544,10107
"(0.979055829228243, 0.9873615184099056)",1,98.3306806770668,10108
"(0.9192093318943212, 1.0)",2,98.33062202186946,10110
"(0.8222222222222222, 1.0)",2,98.33032903636438,10112
"(0.7204751921733054, 1.0)",2,98.3302777253193,10114
"(0.9161952650324744, 1.0)",1,98.32983733098068,10115
"(0.9279680209218476, 0.970821579853838)",1,98.32981286354293,10116
"(0.844988344988345, 1.0)",1,98.3295191307424,10117
"(0.9205517358458536, 0.9873891625615764)",2,98.3286837609048,10119
"(0.8976982097186702, 1.0)",1,98.32863666135772,10120
"(0.8814814814814814, 1.0)",1,98.32773314828324,10121
"(0.9583406125452844, 0.9958292603453894)",1,98.32746939390094,10122
"(0.8294970161977834, 0.9833229101521784)",1,98.3273220467855,10123
"(0.746304385688563, 0.986081059422206)",1,98.32718837182802,10124
"(0.944073617452092, 1.0)",1,98.32713241451276,10125
"(0.9498370804822418, 0.9873891625615764)",1,98.32703839631438,10126
"(0.902012682657844, 0.9916585206907788)",2,98.325828775746,10128
"(0.861111111111111, 1.0)",1,98.325661983677,10129
"(0.958227107069612, 0.9958292603453894)",1,98.32444609945011,10130
"(0.9833229101521784, 1.0)",1,98.32439282176102,10131
"(0.7030539311241066, 1.0)",1,98.32437982873242,10132
"(1.0, 1.0)",1,98.3243695591414,10133
"(0.9269606362629618, 0.9882048106149588)",1,98.3238059230524,10134
"(0.8928598364786969, 0.9958292603453894)",1,98.3233423497715,10135
"(0.8294970161977834, 0.9833229101521784)",2,98.32330355998889,10137
"(0.9250222656674272, 0.9916585206907788)",1,98.32316635814486,10138
"(0.9086695042340204, 0.9958292603453894)",1,98.32315955120944,10139
"(0.8420013166556946, 1.0)",1,98.32308546808645,10140
"(0.9019292060258446, 0.9861673414304992)",1,98.32302987008032,10141
"(0.9665831244778612, 1.0)",1,98.32254903591044,10142
"(0.9747273037595618, 0.9958292603453894)",1,98.32225149200292,10143
"(0.8796475392220073, 1.0)",1,98.32207459848463,10144
"(0.861111111111111, 1.0)",1,98.32206206489788,10145
"(0.8697983697983697, 1.0)",1,98.32198924577584,10146
"(0.8261351052048725, 1.0)",1,98.32186756801562,10147
"(0.7479743867590829, 1.0)",1,98.32048817816532,10148
"(0.8294970161977834, 1.0)",1,98.32042527120542,10149
"(0.8053381731676306, 1.0)",1,98.32009238090488,10150
"(0.8467532467532467, 1.0)",1,98.31972939441272,10151
"(0.9333044546043194, 0.9916585206907788)",1,98.31945772520696,10152
"(0.9333044546043194, 0.9916585206907788)",1,98.31924299244837,10153
"(0.940928587432546, 0.9834113430318364)",1,98.31919175622288,10154
"(1.0, 1.0)",1,98.31878152696436,10155
"(0.8814814814814814, 0.9833229101521784)",1,98.31855616454132,10156
"(0.8907966222338917, 0.9958292603453894)",2,98.31843235992936,10158
"(0.8016677935542034, 1.0)",1,98.31795929963585,10159
"(0.8310777799491891, 1.0)",1,98.31785382989236,10160
"(0.9114218054477384, 0.9873891625615764)",1,98.31762687188882,10161
"(0.8600291387756281, 0.9958292603453894)",1,98.31750337870392,10162
"(0.9833229101521784, 1.0)",1,98.31733738738936,10163
"(0.902012682657844, 0.9958292603453894)",1,98.31648697033404,10164
"(0.9333333333333332, 1.0)",1,98.31647253545454,10165
"(0.9280459216361852, 0.9916585206907788)",1,98.31633871336514,10166
"(0.9454999712494968, 0.9916585206907788)",1,98.31600039932968,10167
"(0.9068759224041408, 0.9873891625615764)",1,98.31593584347507,10168
"(0.7916666666666666, 1.0)",1,98.31591244305112,10169
"(0.9490213526488036, 0.9958292603453894)",1,98.3158974328312,10170
"(0.8365328658269835, 0.9958292603453894)",1,98.31586184086564,10171
"(0.930704099821747, 1.0)",1,98.31554182510337,10172
"(0.9501401498286928, 0.9873891625615764)",1,98.31552826865838,10173
"(0.7511111111111111, 1.0)",1,98.31542189228465,10174
"(0.8796475392220073, 1.0)",1,98.31522460386893,10175
"(0.861111111111111, 1.0)",2,98.31479681204776,10177
"(0.8319340617212959, 1.0)",1,98.3143406164178,10178
"(0.8222222222222222, 1.0)",1,98.3143325274859,10179
"(0.9158007932517735, 1.0)",1,98.31428532341484,10180
"(0.7946380416968652, 0.9916585206907788)",1,98.31417186701592,10181
"(1.0, 1.0)",1,98.3139472181538,10182
"(0.8420013166556946, 1.0)",2,98.31392896142866,10184
"(0.7503607503607503, 1.0)",1,98.31390988252144,10185
"(0.8814814814814814, 1.0)",2,98.31328008272808,10187
"(0.91326516498939, 0.9873891625615764)",1,98.3127602882365,10188
"(0.9792766373411534, 0.9750481776288228)",1,98.3125048502064,10189
"(0.7802197802197803, 1.0)",1,98.31180839758332,10190
"(0.746304385688563, 1.0)",1,98.31167228110594,10191
"(0.8615866942983156, 1.0)",1,98.31165906787568,10192
"(0.7075023741690408, 1.0)",2,98.31141529658686,10194
"(0.9665831244778612, 1.0)",2,98.31115843192237,10196
"(0.8796475392220073, 1.0)",1,98.31106776826218,10197
"(0.8137865219658889, 1.0)",1,98.31033076664568,10198
"(0.8976982097186702, 1.0)",1,98.3102861367116,10199
"(0.9504245882013664, 0.9958292603453894)",1,98.31014123865228,10200
"(0.7552298585410389, 1.0)",1,98.31005715580892,10201
"(0.9546499948224086, 0.9873891625615764)",1,98.3098766777204,10202
"(0.7786375661375661, 1.0)",1,98.30978308894346,10203
"(0.8151249335459861, 1.0)",1,98.30973958860284,10204
"(0.9106847145222836, 1.0)",1,98.30962996798029,10205
"(0.944073617452092, 1.0)",2,98.30910634825642,10207
"(0.7340930674264006, 1.0)",1,98.3088360519816,10208
"(0.9369808292429718, 0.9916585206907788)",1,98.30857084090388,10209
"(0.861111111111111, 1.0)",1,98.30845688755922,10210
"(0.868077055383557, 1.0)",2,98.30831537733977,10212
"(0.861111111111111, 1.0)",1,98.3081620523023,10213
"(0.882673371045464, 1.0)",2,98.30808834772438,10215
"(0.8928598364786969, 0.9958292603453894)",1,98.30757383212662,10216
"(1.0, 1.0)",1,98.30756717251462,10217
"(0.9161952650324744, 1.0)",1,98.307148703749,10218
"(0.868077055383557, 1.0)",1,98.3069503843082,10219
"(0.9412964149491664, 0.9873891625615764)",1,98.3068075106946,10220
"(0.8229870141950848, 1.0)",1,98.30670105098852,10221
"(0.8294970161977834, 0.9833229101521784)",1,98.30602815694957,10222
"(0.9153439153439156, 1.0)",1,98.30588253598076,10223
"(0.9027777777777778, 1.0)",1,98.30579785098033,10224
"(0.9008025849489264, 1.0)",1,98.30526736337087,10225
"(0.6825396825396824, 1.0)",1,98.30509692832145,10226
"(0.8697983697983697, 1.0)",1,98.3048761586253,10227
"(0.9253213924599162, 1.0)",1,98.30484719937076,10228
"(0.9300671002153482, 0.9861310021084456)",1,98.30460562252657,10229
"(0.9228120179844318, 0.9873891625615764)",1,98.30444508761929,10230
"(0.5555555555555555, 0.9833229101521784)",1,98.3043014063464,10231
"(0.8315474711586087, 0.9916585206907788)",1,98.30418579391733,10232
"(0.7030539311241066, 1.0)",1,98.3041599663188,10233
"(0.9161952650324744, 1.0)",1,98.30407863017,10234
"(0.6521663785997688, 1.0)",1,98.30372896471049,10235
"(0.9665831244778612, 1.0)",2,98.30367470366627,10237
"(0.8929015655249481, 0.9958292603453894)",1,98.30343456294162,10238
"(0.786508365740383, 1.0)",1,98.3032814568325,10239
"(0.861111111111111, 1.0)",1,98.30302949162264,10240
"(0.8432903075760217, 1.0)",2,98.30285849973626,10242
"(0.9244721788975638, 0.9873891625615764)",1,98.30277610070928,10243
"(1.0, 1.0)",1,98.30264215886808,10244
"(0.9441792447111594, 1.0)",1,98.30210332354731,10245
"(0.898989898989899, 1.0)",1,98.30159714635369,10246
"(0.893146638589877, 1.0)",1,98.3013365179138,10247
"(0.987491854024112, 0.970307905657368)",1,98.30110656181584,10248
"(1.0, 1.0)",1,98.3010925617652,10249
"(0.9078088212397576, 0.9916585206907788)",1,98.30101592312076,10250
"(0.9280459216361852, 0.9916585206907788)",1,98.30098296845463,10251
"(0.9833229101521784, 1.0)",2,98.30072266205708,10253
"(0.9499687304565352, 1.0)",1,98.30052510921614,10254
"(0.8796475392220073, 1.0)",1,98.30047451895764,10255
"(0.9748524098350704, 0.9958292603453894)",1,98.30038442239608,10256
"(0.9153439153439156, 1.0)",1,98.299974433331,10257
"(0.6698155645524068, 1.0)",1,98.29996988362242,10258
"(0.9297812306740878, 1.0)",1,98.2998497594781,10259
"(0.8635976129582268, 1.0)",1,98.29934325068248,10260
"(0.9497171590194848, 1.0)",1,98.29888539483072,10261
"(0.73687720936437, 1.0)",1,98.2988577404934,10262
"(1.0, 0.9833229101521784)",1,98.2986887432286,10263
"(0.9169719169719168, 1.0)",1,98.29830109984152,10264
"(1.0, 1.0)",1,98.29807545330836,10265
"(0.9665831244778612, 0.9833229101521784)",1,98.29786546865684,10266
"(0.6804620726495727, 1.0)",1,98.29780167670056,10267
"(0.8840455840455841, 1.0)",1,98.2977506510302,10268
"(0.8815906251265802, 0.9916585206907788)",1,98.29744985807484,10269
"(0.9666562434855118, 1.0)",1,98.29743675497836,10270
"(0.9916585206907788, 0.9958292603453894)",1,98.29716663669628,10271
"(0.9369138996969484, 0.9958292603453894)",1,98.29711536854576,10272
"(0.9198255060602112, 0.9958292603453894)",1,98.29683927127012,10273
"(0.9161952650324744, 1.0)",1,98.2967649357774,10274
"(0.7994987468671678, 0.9833229101521784)",1,98.29659958292372,10275
"(0.893146638589877, 0.976761412575366)",1,98.29646120208156,10276
"(0.9153439153439152, 1.0)",2,98.29507437707606,10278
"(0.8468951683237397, 0.9499687304565352)",1,98.294913309624,10279
"(0.8796475392220073, 1.0)",2,98.2948357969928,10281
"(0.7802197802197803, 1.0)",1,98.29436607231582,10282
"(0.8365328658269835, 0.9958292603453894)",1,98.294120917943,10283
"(0.8449978636391381, 1.0)",1,98.29386449634264,10284
"(0.9167853751187084, 1.0)",1,98.29383228173846,10285
"(0.920238255356524, 0.979166518665308)",1,98.29380426099527,10286
"(0.7083333333333334, 1.0)",1,98.2937582482777,10287
"(0.8468951683237397, 1.0)",1,98.29304915059012,10288
"(0.8736474927779276, 0.9958292603453894)",1,98.29297329466888,10289
"(0.8443691323092412, 0.9916585206907788)",1,98.29284374924347,10290
"(0.9293300445873568, 0.9873891625615764)",1,98.29276417650372,10291
"(0.9442283950617284, 1.0)",1,98.29268464009355,10292
"(0.9499687304565352, 1.0)",1,98.29209332856556,10293
"(0.8222222222222222, 1.0)",1,98.29183832154428,10294
"(0.9665831244778612, 1.0)",1,98.29137253438918,10295
"(0.786508365740383, 1.0)",1,98.29099968137103,10296
"(0.9497171590194848, 1.0)",1,98.29061815134423,10297
"(0.738095238095238, 1.0)",1,98.2905531718863,10298
"(0.9369808292429718, 0.9958292603453894)",1,98.29046425896892,10299
"(0.8547756205106323, 1.0)",1,98.29026514055346,10300
"(0.8814814814814814, 0.9833229101521784)",2,98.29010831625143,10302
"(0.8533622685185187, 1.0)",1,98.28958387904784,10303
"(0.8294970161977834, 0.9833229101521784)",1,98.28924096644242,10304
"(0.9003556829643787, 0.9665831244778612)",1,98.28902371693805,10305
"(0.8916052423523688, 0.9873891625615764)",1,98.28896171872704,10306
"(1.0, 1.0)",1,98.28847693392775,10307
"(0.9834358767945106, 0.9876907322068612)",1,98.28819387904583,10308
"(0.8420013166556946, 1.0)",2,98.2879998129592,10310
"(0.8796475392220073, 1.0)",1,98.28794719114757,10311
"(0.7083333333333334, 1.0)",1,98.28785956048876,10312
"(0.8733799478600891, 0.9874877810361682)",1,98.28775345492166,10313
"(0.8365328658269835, 0.9958292603453894)",1,98.28751824597065,10314
"(0.9750943974852894, 0.9958292603453894)",1,98.28737520747264,10315
"(0.935159910332324, 0.9873891625615764)",1,98.28727328481702,10316
"(0.8468951683237397, 1.0)",2,98.28717838972112,10318
"(0.7979797979797979, 1.0)",1,98.2870986141526,10319
"(0.882361916533899, 0.9916585206907788)",1,98.286547869505,10320
"(0.9833229101521784, 1.0)",1,98.2864861050734,10321
"(0.8449978636391381, 1.0)",1,98.2861480252782,10322
"(0.8963124945246743, 0.9882048106149588)",1,98.28614177779907,10323
"(0.8796475392220073, 1.0)",1,98.2857934258845,10324
"(0.8483418730488175, 0.9958292603453894)",2,98.2857905069064,10326
"(0.868077055383557, 1.0)",1,98.2851801803131,10327
"(0.8928598364786969, 0.9916585206907788)",1,98.28510326605956,10328
"(0.9833229101521784, 1.0)",1,98.28509648131605,10329
"(0.9282083232965586, 0.9873891625615764)",1,98.28494666689458,10330
"(0.9792521035784794, 0.9958292603453894)",1,98.2847322378198,10331
"(0.837707400507675, 1.0)",1,98.28435333186157,10332
"(0.9497171590194846, 1.0)",1,98.2840389669816,10333
"(0.8222222222222222, 1.0)",1,98.28394914226617,10334
"(0.6612761389202956, 1.0)",1,98.28391359348625,10335
"(0.8491918316699293, 1.0)",1,98.28347813567837,10336
"(0.8483418730488175, 0.9958292603453894)",1,98.28339602727928,10337
"(0.5925925925925927, 1.0)",1,98.28336397148531,10338
"(0.6042502004811546, 1.0)",1,98.2828636699141,10339
"(0.9282083232965586, 0.9958292603453894)",1,98.2826752556156,10340
"(0.5910680656443368, 1.0)",1,98.28246111729705,10341
"(0.8347775825943863, 0.9958292603453894)",1,98.2824147798997,10342
"(0.8613656783468103, 0.986081059422206)",1,98.28231938545667,10343
"(0.9412172027494607, 0.9916585206907788)",1,98.28225455780785,10344
"(0.8840048840048841, 0.9833229101521784)",2,98.28212651704312,10346
"(0.898989898989899, 1.0)",1,98.281894786535,10347
"(0.916104916104916, 1.0)",1,98.28184546664464,10348
"(0.757745166550198, 1.0)",1,98.28180820158413,10349
"(0.8840048840048841, 1.0)",2,98.28142061380706,10351
"(0.9161952650324744, 1.0)",1,98.2812757272888,10352
"(0.9300671002153482, 0.9861673414304992)",1,98.2811663061785,10353
"(0.8997493734335841, 1.0)",1,98.28104214522696,10354
"(0.9, 1.0)",2,98.28094077188022,10356
"(0.9114218054477384, 0.9873891625615764)",1,98.2808873017903,10357
"(0.9497171590194848, 1.0)",1,98.2807649291553,10358
"(1.0, 1.0)",1,98.28070974872335,10359
"(0.8760238095238095, 0.9916585206907788)",1,98.28053952852432,10360
"(0.9161952650324744, 1.0)",1,98.28045577512094,10361
"(0.9497171590194846, 1.0)",1,98.28035186840069,10362
"(0.9622634791942192, 0.9958292603453894)",1,98.2803349477618,10363
"(0.8483418730488175, 0.9916585206907788)",1,98.28014949467202,10364
"(0.9164652836623464, 1.0)",2,98.27996039100644,10366
"(0.6760835913312693, 1.0)",1,98.27984494245472,10367
"(0.917849761232425, 0.9882048106149588)",2,98.27945700927287,10369
"(0.9157097551404952, 0.9958292603453894)",1,98.27929786189978,10370
"(0.8976982097186702, 1.0)",1,98.27910090344486,10371
"(0.8832603710652491, 1.0)",1,98.27889938627764,10372
"(0.861111111111111, 1.0)",1,98.27877505162108,10373
"(0.8316498316498316, 1.0)",1,98.27841738628966,10374
"(0.796353220536539, 1.0)",1,98.27833997758384,10375
"(0.8476190476190477, 1.0)",1,98.27833620910864,10376
"(1.0, 1.0)",1,98.27824218005073,10377
"(0.9205517358458536, 0.9873891625615764)",1,98.27821325051411,10378
"(0.83308011601048, 0.9916585206907788)",1,98.2781538599208,10379
"(0.8796475392220073, 1.0)",2,98.2776858997195,10381
"(0.916110211619383, 0.9873891625615764)",1,98.27753723280762,10382
"(0.8294970161977834, 1.0)",1,98.27746104316886,10383
"(0.8222222222222222, 1.0)",1,98.27741329236312,10384
"(0.95305342208568, 0.9873891625615764)",1,98.2771030472932,10385
"(0.9164652836623464, 1.0)",1,98.27704803129468,10386
"(0.8887202421952387, 1.0)",1,98.27699387839118,10387
"(0.8976982097186702, 1.0)",1,98.2766920208646,10388
"(0.9165164082221422, 1.0)",1,98.27650787796809,10389
"(0.987463247273494, 0.9695336181610692)",1,98.2763268421844,10390
"(0.7632275132275131, 1.0)",1,98.27618605508708,10391
"(0.9332172991312776, 0.9958292603453894)",1,98.27618436666567,10392
"(0.7340930674264007, 1.0)",1,98.27553129363864,10393
"(0.8928598364786969, 0.9958292603453894)",1,98.27545736151932,10394
"(0.9835547122074636, 0.9834358767945106)",1,98.27468481423324,10395
"(0.8736212624584717, 1.0)",1,98.27462931128834,10396
"(0.7075023741690408, 1.0)",1,98.27462841606592,10397
"(0.8065954953750508, 1.0)",1,98.27461841448348,10398
"(0.97495917428555, 0.9916585206907788)",1,98.27452828334256,10399
"(0.9496744347787992, 0.9916625936787228)",1,98.2741505607434,10400
"(0.8040695048423352, 1.0)",1,98.27403323319108,10401
"(0.9504245882013664, 0.9916585206907788)",1,98.27387362672224,10402
"(0.944653051926493, 0.9834113430318364)",1,98.27361403825662,10403
"(0.6215073982652175, 1.0)",1,98.27357641646448,10404
"(0.8068635828271864, 1.0)",1,98.27353573873368,10405
"(0.9205517358458536, 0.9873891625615764)",1,98.2733566375629,10406
"(0.9369138996969484, 0.9916585206907788)",1,98.27253480385356,10407
"(0.9749706744868036, 0.9916625936787228)",1,98.27248014769368,10408
"(0.8653198653198653, 1.0)",1,98.27221777980256,10409
"(0.949977467563772, 0.9958292603453894)",1,98.2720411281796,10410
"(0.7222222222222221, 1.0)",1,98.27186573549432,10411
"(0.8420013166556946, 1.0)",1,98.27145250344198,10412
"(0.8613656783468103, 1.0)",1,98.27144040894434,10413
"(0.987463247273494, 0.9794026284348863)",1,98.27130203622792,10414
"(0.8935211759471547, 0.9873891625615764)",1,98.27128003741858,10415
"(0.8732774170274171, 1.0)",1,98.27104106911872,10416
"(0.93773047895128, 0.9958292603453894)",1,98.27103705361316,10417
"(0.8796475392220073, 1.0)",1,98.27057563930433,10418
"(0.8761383419447936, 0.9873891625615764)",1,98.2700072795452,10419
"(0.9833229101521784, 1.0)",1,98.26998421911792,10420
"(0.9436368312757202, 0.9861673414304992)",1,98.26965114560844,10421
"(0.9833229101521784, 1.0)",1,98.26953943603974,10422
"(1.0, 1.0)",1,98.26848171252902,10423
"(0.8137566137566138, 1.0)",2,98.26839131707747,10425
"(0.9291343771135042, 0.9958292603453894)",1,98.26828140597335,10426
"(0.9498370804822418, 0.9873891625615764)",1,98.26822201760078,10427
"(0.7503607503607503, 1.0)",1,98.26791162879384,10428
"(0.837707400507675, 1.0)",1,98.26786058540876,10429
"(0.9167853751187084, 0.986081059422206)",2,98.26755317693446,10431
"(0.944073617452092, 1.0)",1,98.26709553874562,10432
"(0.913942789236907, 0.9958292603453894)",1,98.26708670489153,10433
"(0.8365328658269835, 0.9916585206907788)",1,98.26637591325472,10434
"(0.9125533644430458, 0.9873891625615764)",1,98.26610617785346,10435
"(0.9177366931314298, 0.9748247656833994)",1,98.2660247053549,10436
"(0.987491854024112, 0.9916585206907788)",1,98.26583111622016,10437
"(0.893146638589877, 0.9882048106149588)",1,98.2657555910436,10438
"(0.9504245882013664, 0.983451449983708)",2,98.2657015012424,10440
"(0.9916625936787228, 0.9832184229069656)",1,98.26562816839458,10441
"(0.9833229101521784, 1.0)",1,98.2655312062616,10442
"(0.8222222222222222, 1.0)",1,98.26545325124138,10443
"(0.7574146783449108, 0.9882048106149588)",1,98.26532675063513,10444
"(0.9125533644430458, 0.9916339869281046)",1,98.26523191139238,10445
"(0.6521663785997688, 1.0)",1,98.26484274345026,10446
"(0.9280459216361852, 0.9958292603453894)",1,98.2646096868903,10447
"(0.9205517358458536, 0.9873891625615764)",1,98.26413671937571,10448
"(0.7503607503607503, 1.0)",1,98.26394692859051,10449
"(1.0, 1.0)",2,98.26353237439488,10451
"(0.8976982097186702, 1.0)",1,98.26343639688108,10452
"(0.9412964149491664, 0.9873891625615764)",1,98.26327839961766,10453
"(0.9496114574862204, 0.9873891625615764)",1,98.26326677647484,10454
"(0.8976982097186702, 1.0)",1,98.26272073444322,10455
"(0.91326516498939, 0.9873891625615764)",1,98.2626543211165,10456
"(0.917849761232425, 1.0)",1,98.26259420306306,10457
"(0.9153127183787562, 0.9861673414304992)",1,98.26246537514182,10458
"(0.8976982097186702, 1.0)",1,98.26209088486296,10459
"(0.6521663785997688, 0.9882048106149588)",1,98.26201263955504,10460
"(0.8789143848066376, 0.9958292603453894)",1,98.2620117047453,10461
"(1.0, 1.0)",1,98.2619260014443,10462
"(0.9161952650324744, 1.0)",2,98.26159833728272,10464
"(0.8814814814814814, 1.0)",1,98.26141580791844,10465
"(0.9665831244778612, 1.0)",1,98.26117553066037,10466
"(0.957630187612848, 0.9873891625615764)",1,98.26094320163445,10467
"(0.901575014782562, 1.0)",1,98.2604537084188,10468
"(0.9182966261114094, 0.9958292603453894)",1,98.26026999462802,10469
"(0.8310777799491891, 1.0)",2,98.26018877919452,10471
"(0.8997493734335841, 0.9833229101521784)",1,98.2600667594204,10472
"(1.0, 1.0)",1,98.26000223046148,10473
"(0.9504245882013664, 0.9958292603453894)",1,98.25996889307672,10474
"(0.868077055383557, 1.0)",1,98.25933137829958,10475
"(0.8997493734335841, 0.9665831244778612)",1,98.2591139160672,10476
"(0.9916585206907788, 0.9915151515151516)",1,98.25905517316046,10477
"(0.8432903075760217, 1.0)",1,98.25901428622385,10478
"(0.9280317595086728, 0.9958292603453894)",1,98.25878357228676,10479
"(0.9293300445873568, 0.9873891625615764)",1,98.2586825932556,10480
"(0.91326516498939, 0.9873891625615764)",1,98.2585003001048,10481
"(0.6825396825396824, 1.0)",1,98.25816282922187,10482
"(0.8675949975949976, 0.9958292603453894)",1,98.25779362309194,10483
"(0.9665831244778612, 1.0)",1,98.25776606705944,10484
"(0.93795454842108, 0.9916339869281046)",1,98.25763118732029,10485
"(0.9625085772334347, 0.9958292603453894)",1,98.2569307556639,10486
"(0.9206165335472736, 0.9958292603453894)",1,98.256532963642,10487
"(0.617513611615245, 1.0)",1,98.25648608094166,10488
"(0.934314108830238, 0.9916585206907788)",1,98.25642005500303,10489
"(0.9333044546043194, 0.9916585206907788)",1,98.25633859079512,10490
"(0.7734344933751168, 1.0)",1,98.25628928088904,10491
"(0.93773047895128, 0.9958292603453894)",1,98.25628777998504,10492
"(0.7944219523166891, 1.0)",1,98.25620763579386,10493
"(0.9161952650324744, 1.0)",1,98.2560378727032,10494
"(0.93773047895128, 0.9958292603453894)",1,98.25590163988612,10495
"(0.9034438470728792, 0.9916585206907788)",1,98.25589202511378,10496
"(0.8222222222222222, 1.0)",1,98.25550774313722,10497
"(0.8374727668845315, 0.9665831244778612)",1,98.25550478115616,10498
"(0.9250222656674272, 0.9958292603453894)",1,98.2554015183661,10499
"(0.8420013166556946, 1.0)",1,98.2553523739092,10500
"(0.861111111111111, 1.0)",1,98.25530741993028,10501
"(0.95305342208568, 0.9873891625615764)",1,98.25517864650487,10502
"(0.9303715638302106, 1.0)",1,98.25495236327916,10503
"(0.8547756205106323, 1.0)",1,98.25487957239834,10504
"(0.9051976597090448, 0.9916585206907788)",1,98.25482032849568,10505
"(0.8974984433303618, 0.9873891625615764)",2,98.25470234940184,10507
"(0.7083333333333334, 1.0)",1,98.25461000575368,10508
"(0.5555555555555555, 0.9833229101521784)",1,98.25450796054132,10509
"(0.9199973910846122, 0.9873891625615764)",1,98.2541842189999,10510
"(0.9622213554582854, 0.9873891625615764)",1,98.2530633785733,10511
"(0.8676532769556025, 1.0)",1,98.25264595981363,10512
"(0.8600291387756281, 0.9916585206907788)",1,98.25232776452415,10513
"(0.73687720936437, 1.0)",1,98.25223720924836,10514
"(0.9622634791942192, 0.9916585206907788)",1,98.25201420033922,10515
"(0.9293300445873568, 0.9873891625615764)",1,98.25187613248464,10516
"(0.6042502004811546, 1.0)",1,98.25170123151284,10517
"(0.9198255060602112, 0.9916585206907788)",2,98.25160354365768,10519
"(0.9666562434855118, 1.0)",1,98.25147608695026,10520
"(0.6664472240509107, 1.0)",1,98.25098436106497,10521
"(0.8796475392220073, 1.0)",1,98.2508948055698,10522
"(0.8928598364786969, 0.9916585206907788)",1,98.25079137968407,10523
"(0.9027777777777778, 1.0)",1,98.25076744908787,10524
"(0.6831352928913905, 1.0)",1,98.2504109922895,10525
"(0.5884497537136874, 1.0)",1,98.250117362301,10526
"(1.0, 0.9832184229069656)",1,98.25001291888604,10527
"(0.8329050741331443, 1.0)",1,98.24986627112015,10528
"(0.6825396825396824, 1.0)",1,98.24893744783068,10529
"(0.9833229101521784, 1.0)",1,98.24893706602784,10530
"(0.8717520170461346, 0.9958292603453894)",1,98.2487725927918,10531
"(0.861111111111111, 1.0)",1,98.24831757135335,10532
"(1.0, 0.9833229101521784)",1,98.2479753122199,10533
"(0.6804620726495727, 1.0)",1,98.24784509580616,10534
"(0.9665831244778612, 1.0)",1,98.24777294971834,10535
"(0.7944219523166891, 1.0)",1,98.24761114097866,10536
"(0.8547756205106323, 1.0)",1,98.24751534950272,10537
"(0.8494098216335122, 0.9916585206907788)",1,98.2474218303093,10538
"(0.7183489076634237, 1.0)",1,98.247266007287,10539
"(0.9835547122074636, 0.9958292603453894)",1,98.2470580197295,10540
"(0.8365328658269835, 0.9958292603453894)",1,98.24701951405936,10541
"(0.9496114574862204, 0.9873891625615764)",1,98.24657997978716,10542
"(0.9665831244778612, 1.0)",1,98.24653380628544,10543
"(0.8040695048423352, 1.0)",1,98.24641416613684,10544
"(0.8165520116739629, 1.0)",2,98.2461969546698,10546
"(0.8976982097186702, 1.0)",1,98.24609823808402,10547
"(0.837707400507675, 1.0)",1,98.24584749934604,10548
"(0.920238255356524, 0.987463247273494)",2,98.2458371785978,10550
"(0.9744745723240348, 0.9916625936787228)",1,98.2451957720859,10551
"(0.9436368312757202, 0.9861673414304992)",1,98.24515263000536,10552
"(0.73687720936437, 1.0)",2,98.24507086003447,10554
"(0.8329050741331443, 1.0)",1,98.24466577814268,10555
"(0.8997493734335841, 1.0)",1,98.24461560588408,10556
"(0.93773047895128, 0.9958292603453894)",1,98.24439890613884,10557
"(0.9079075500409146, 0.987495927012056)",1,98.24439753219316,10558
"(0.8814814814814814, 1.0)",1,98.24424106857174,10559
"(0.8982888105990573, 0.9834113430318364)",1,98.24385334158804,10560
"(0.8924228430110782, 0.9873891625615764)",1,98.2434327728106,10561
"(0.9403679612329746, 0.9873891625615764)",1,98.24336566441582,10562
"(0.9833211143695014, 0.9916585206907788)",2,98.24334563644508,10564
"(0.933096859926128, 1.0)",1,98.24299121877468,10565
"(1.0, 1.0)",1,98.24281890456513,10566
"(0.9326599326599326, 1.0)",1,98.2422776566993,10567
"(0.73687720936437, 1.0)",1,98.24217341373569,10568
"(0.9874762808349148, 0.9786453119786452)",1,98.24184340876864,10569
"(0.7362637362637362, 1.0)",1,98.24170404962844,10570
"(0.9665831244778612, 1.0)",2,98.24136783193312,10572
"(0.987463247273494, 0.9916666666666668)",1,98.24103810769724,10573
"(0.9916625936787228, 0.9916585206907788)",1,98.24015893903548,10574
"(0.9331094582012576, 1.0)",1,98.2400935816914,10575
"(0.930200260788496, 0.9873891625615764)",1,98.239664435764,10576
"(0.9833229101521784, 1.0)",1,98.23939401498455,10577
"(0.9331662489557224, 1.0)",1,98.23935340196242,10578
"(0.8613656783468103, 1.0)",1,98.23931372970712,10579
"(0.902012682657844, 0.9916585206907788)",1,98.23924478228317,10580
"(0.9326599326599326, 1.0)",1,98.23907427705302,10581
"(0.8760238095238095, 0.987491854024112)",1,98.23883074261306,10582
"(0.8329050741331443, 1.0)",1,98.2382900165922,10583
"(0.9166145507608924, 0.9833229101521784)",2,98.23818299924112,10585
"(0.8615866942983156, 1.0)",1,98.2377376514604,10586
"(0.8374727668845315, 1.0)",1,98.2376321807572,10587
"(0.7340930674264006, 1.0)",1,98.23667731430912,10588
"(0.6825396825396824, 1.0)",2,98.23653239517044,10590
"(0.8600291387756281, 0.9958292603453894)",1,98.23651772350738,10591
"(0.808446455505279, 1.0)",1,98.2363329467377,10592
"(0.7069597069597069, 1.0)",1,98.23623961806076,10593
"(0.8845578466141503, 1.0)",1,98.23587614336788,10594
"(0.8974984433303618, 0.9873891625615764)",1,98.23580184668336,10595
"(0.8483418730488175, 0.9916585206907788)",1,98.23578236580995,10596
"(1.0, 1.0)",1,98.23572989230784,10597
"(0.9497171590194848, 1.0)",1,98.23542562320785,10598
"(0.7372334455667788, 0.9861673414304992)",1,98.23528048432752,10599
"(0.7574146783449108, 1.0)",1,98.23502459851424,10600
"(0.9333152311646936, 0.9873891625615764)",1,98.2348387496402,10601
"(0.8976982097186702, 1.0)",1,98.2347207916637,10602
"(1.0, 1.0)",1,98.2346294881979,10603
"(0.8928598364786969, 0.9916585206907788)",1,98.23407086494947,10604
"(0.826388888888889, 1.0)",1,98.2340094359831,10605
"(0.6698155645524068, 1.0)",1,98.23366665405956,10606
"(0.8760238095238095, 0.9958292603453894)",1,98.23335472809306,10607
"(0.6638632083547339, 1.0)",1,98.2332816059509,10608
"(0.7479743867590829, 1.0)",1,98.23298096948288,10609
"(0.97495917428555, 0.9916666666666668)",1,98.2329772577265,10610
"(0.9369808292429718, 0.9958292603453894)",1,98.23292401217074,10611
"(1.0, 1.0)",2,98.23281313490328,10613
"(1.0, 1.0)",1,98.23272752356556,10614
"(0.9192093318943212, 1.0)",1,98.23226613587303,10615
"(0.9300671002153482, 1.0)",1,98.23187956648074,10616
"(0.8760238095238095, 0.9958292603453894)",1,98.23183942104136,10617
"(0.8760238095238095, 0.9958292603453894)",1,98.231822314492,10618
"(0.5131569832583307, 0.9882048106149588)",1,98.23160723634214,10619
"(0.7637048646619141, 1.0)",1,98.23140281844104,10620
"(0.9454999712494968, 0.987491854024112)",1,98.23123075378533,10621
"(0.9835199925522506, 0.987463247273494)",1,98.23119405151344,10622
"(0.8929015655249481, 0.9916585206907788)",1,98.23083636579354,10623
"(0.8476190476190477, 1.0)",1,98.2303582178083,10624
"(0.7767756418742694, 1.0)",1,98.23008362549976,10625
"(0.8928598364786969, 0.9916585206907788)",1,98.2294482317293,10626
"(0.93773047895128, 0.9916585206907788)",1,98.22917814191554,10627
"(0.7404350561362756, 0.9861673414304992)",2,98.22890378304729,10629
"(0.861111111111111, 1.0)",1,98.22875068984038,10630
"(0.9331662489557224, 1.0)",1,98.22846296792028,10631
"(0.9279680209218476, 0.9958292603453894)",1,98.22827445251762,10632
"(0.9, 1.0)",1,98.22815904297228,10633
"(0.7164894725870335, 1.0)",2,98.22815423156658,10635
"(0.9436368312757202, 0.9861673414304992)",2,98.22814551230876,10637
"(0.8832603710652491, 1.0)",1,98.2277515141846,10638
"(0.7083333333333334, 1.0)",1,98.22746534527636,10639
"(0.8177442148030384, 1.0)",1,98.22744678580209,10640
"(0.9331662489557224, 1.0)",1,98.22674823990192,10641
"(0.8294970161977834, 1.0)",1,98.226614727881,10642
"(0.9326599326599326, 1.0)",2,98.22660913067432,10644
"(0.8425483191745751, 1.0)",1,98.22644683378624,10645
"(0.9369138996969484, 0.9958292603453894)",2,98.22637265426084,10647
"(0.8315474711586087, 0.9958292603453894)",1,98.22616618318352,10648
"(0.7802197802197803, 1.0)",1,98.225732705056,10649
"(0.90650529457547, 0.9873891625615764)",1,98.22550200237036,10650
"(0.9125533644430458, 0.9873891625615764)",1,98.22536462487597,10651
"(0.9114218054477384, 0.9873891625615764)",1,98.22525028206896,10652
"(0.8372053872053872, 1.0)",1,98.22451244699404,10653
"(0.7994987468671678, 0.9833229101521784)",1,98.22422917990072,10654
"(0.6698155645524068, 1.0)",1,98.22382558922976,10655
"(0.8717520170461346, 0.9958292603453894)",1,98.22375724550626,10656
"(0.8982888105990573, 0.9958292603453894)",2,98.22362843661529,10658
"(0.9161952650324744, 1.0)",1,98.22361573647404,10659
"(0.978932178932179, 0.9831777451938742)",1,98.22357969677526,10660
"(0.7675138481590094, 1.0)",1,98.2232033259072,10661
"(0.9669558693467613, 0.9958292603453894)",1,98.22317462254968,10662
"(0.73687720936437, 1.0)",1,98.22263786194314,10663
"(0.8976982097186702, 1.0)",1,98.22219088748965,10664
"(0.8294970161977834, 1.0)",1,98.22200232031604,10665
"(0.9365496267832196, 0.9958292603453894)",1,98.22171050959844,10666
"(0.7532376017916352, 1.0)",1,98.221625086288,10667
"(0.9008025849489264, 1.0)",1,98.221123841542,10668
"(0.9620528801064364, 0.9873891625615764)",1,98.22099547522488,10669
"(0.8319340617212959, 1.0)",1,98.22080139789304,10670
"(0.93795454842108, 0.9873891625615764)",1,98.22066723743396,10671
"(0.8003813092161745, 0.9832925076188832)",1,98.22062823886864,10672
"(0.9833229101521784, 1.0)",1,98.22014682822083,10673
"(0.9873891625615764, 0.9915151515151516)",1,98.21962009554362,10674
"(0.8796475392220073, 1.0)",1,98.21946563060624,10675
"(0.9125533644430458, 0.9873891625615764)",1,98.21941007408604,10676
"(0.9159519550217224, 1.0)",1,98.21929695652533,10677
"(0.8814814814814814, 1.0)",1,98.21928783656428,10678
"(0.9503122778456484, 0.9533442798211932)",1,98.2189797285446,10679
"(0.7574146783449108, 0.9885557944107872)",1,98.21853540881074,10680
"(0.6698155645524068, 1.0)",1,98.21846508624604,10681
"(0.9436368312757202, 0.9861310021084456)",1,98.2179439003462,10682
"(0.9250222656674272, 0.9916585206907788)",1,98.2178620881256,10683
"(0.8222222222222222, 1.0)",1,98.21776696979472,10684
"(0.861111111111111, 1.0)",1,98.21742913528182,10685
"(0.6804620726495727, 1.0)",1,98.21717181663848,10686
"(0.8527663604197443, 0.9958292603453894)",1,98.21686376667849,10687
"(0.9229651974750014, 0.9873891625615764)",1,98.2168265738192,10688
"(0.9299507899507898, 1.0)",1,98.21660361145643,10689
"(0.9161952650324744, 0.9665831244778612)",1,98.21658657517548,10690
"(0.9546499948224086, 0.9916666666666668)",1,98.21637263346564,10691
"(0.7075023741690408, 1.0)",1,98.21635167300252,10692
"(0.9034438470728792, 0.9916585206907788)",2,98.21630896257015,10694
"(0.9153439153439152, 1.0)",1,98.21622765450644,10695
"(0.9365496267832196, 0.9916585206907788)",1,98.21611079062843,10696
"(0.9010312805474096, 0.9958292603453894)",1,98.21570423453026,10697
"(0.9369138996969484, 0.9958292603453894)",1,98.21563673583128,10698
"(0.7404350561362756, 0.9861673414304992)",1,98.2154898410768,10699
"(0.9161952650324744, 1.0)",1,98.21529270314537,10700
"(0.9384174012481092, 0.9916585206907788)",1,98.21505937976944,10701
"(0.987463247273494, 0.9916666666666668)",1,98.21497393130744,10702
"(0.8717520170461346, 0.9958292603453894)",1,98.2148863393657,10703
"(0.9580602951397298, 0.9916585206907788)",1,98.21458291926264,10704
"(0.8976982097186702, 1.0)",1,98.2142896366894,10705
"(0.9384174012481092, 0.987495927012056)",1,98.21423792974176,10706
"(0.944563492063492, 1.0)",4,98.21380571519288,10710
"(0.9333333333333332, 1.0)",1,98.21364875797951,10711
"(0.8928598364786969, 0.9958292603453894)",1,98.21364663567287,10712
"(0.9365496267832196, 0.9916585206907788)",1,98.21348041750342,10713
"(0.93795454842108, 0.9873891625615764)",1,98.2134719700084,10714
"(1.0, 1.0)",1,98.21344790362788,10715
"(0.786508365740383, 1.0)",1,98.2132793337586,10716
"(0.9833229101521784, 1.0)",1,98.21325788023434,10717
"(0.9504245882013664, 0.987491854024112)",2,98.21282288505404,10719
"(0.9665831244778612, 1.0)",2,98.21270752780416,10721
"(0.9034438470728792, 0.9916585206907788)",1,98.21204752302388,10722
"(0.9205517358458536, 0.9873891625615764)",1,98.21170893942698,10723
"(0.859499940327008, 1.0)",1,98.2115872944901,10724
"(0.808446455505279, 1.0)",1,98.21141062810554,10725
"(0.8676532769556025, 0.9882048106149588)",1,98.21021837323777,10726
"(0.859499940327008, 1.0)",1,98.21020263339092,10727
"(0.7734344933751168, 1.0)",1,98.21015243602204,10728
"(0.8372053872053872, 0.9833229101521784)",1,98.2100904871766,10729
"(0.8717520170461346, 0.9958292603453894)",2,98.21007271542092,10731
"(0.9131856219190184, 0.9916585206907788)",1,98.20978620530676,10732
"(0.9228120179844318, 0.9873891625615764)",2,98.2097528434826,10734
"(0.8329050741331443, 1.0)",2,98.20941161321844,10736
"(0.8222222222222222, 1.0)",1,98.2091538948384,10737
"(0.8483418730488175, 0.9958292603453894)",1,98.20876923146996,10738
"(0.9299507899507898, 0.986081059422206)",1,98.20868157067449,10739
"(0.8929015655249481, 0.9916585206907788)",1,98.20790808421468,10740
"(0.8324561403508771, 1.0)",1,98.2078761394839,10741
"(0.8761383419447936, 0.9873891625615764)",1,98.20782708778594,10742
"(0.9442283950617284, 1.0)",1,98.20780997617916,10743
"(0.8165520116739629, 1.0)",1,98.20736322895492,10744
"(0.8871082621082622, 0.9861310021084456)",2,98.2071826120634,10746
"(0.8222222222222222, 1.0)",1,98.2068471867832,10747
"(0.8165520116739629, 1.0)",2,98.20679713001668,10749
"(0.8347775825943863, 0.9958292603453894)",1,98.20653324318084,10750
"(0.9165164082221422, 0.986081059422206)",1,98.20618495794932,10751
"(0.9720813204508856, 1.0)",1,98.20582443075044,10752
"(0.8845578466141503, 1.0)",1,98.20566276219915,10753
"(0.9384174012481092, 0.9916585206907788)",1,98.20549195450938,10754
"(0.931200007971039, 0.9916339869281046)",1,98.20493916892646,10755
"(0.7675138481590094, 0.986081059422206)",1,98.20416258921549,10756
"(0.8867361313822293, 0.9958292603453894)",2,98.2041488308429,10758
"(0.9392241745182922, 0.9873891625615764)",1,98.20409460130652,10759
"(0.927082576248316, 0.9916585206907788)",1,98.20394271940914,10760
"(0.6969696969696969, 1.0)",1,98.2031503650407,10761
"(0.786508365740383, 1.0)",1,98.20289485530296,10762
"(0.7404350561362756, 0.9861673414304992)",1,98.20253593095188,10763
"(0.9205517358458536, 0.9873891625615764)",1,98.20243497150122,10764
"(0.8736897274633123, 1.0)",1,98.20214820663746,10765
"(0.8374727668845315, 1.0)",1,98.20173135413104,10766
"(0.9499687304565352, 1.0)",1,98.20170450291958,10767
"(0.9161952650324744, 1.0)",1,98.20115428736224,10768
"(0.9833229101521784, 1.0)",1,98.2009702678537,10769
"(0.9003556829643787, 1.0)",1,98.20095150890164,10770
"(0.9031692062697052, 1.0)",1,98.2008507758158,10771
"(0.572027972027972, 1.0)",1,98.20075128403737,10772
"(0.8974984433303618, 0.9873891625615764)",1,98.20067983176584,10773
"(0.9182966261114094, 0.9916585206907788)",1,98.20049020047524,10774
"(0.6698155645524068, 1.0)",1,98.20004772719794,10775
"(0.9665831244778612, 1.0)",1,98.1997496349826,10776
"(0.9358935587920408, 0.9916585206907788)",1,98.1992337107787,10777
"(0.9280459216361852, 0.9916585206907788)",1,98.19919736609378,10778
"(0.9280459216361852, 0.9958292603453894)",1,98.19882417437825,10779
"(0.8907966222338917, 0.987491854024112)",2,98.19873825261332,10781
"(0.7880931329207191, 1.0)",1,98.19872716414764,10782
"(0.927082576248316, 1.0)",1,98.1981682822924,10783
"(0.9666562434855118, 1.0)",1,98.19809761151224,10784
"(0.9714797495442656, 0.9873484848484848)",1,98.1979047941927,10785
"(0.8222222222222222, 1.0)",1,98.19772779875468,10786
"(0.8796475392220073, 1.0)",1,98.1973569945473,10787
"(0.7479743867590829, 1.0)",1,98.19724356070436,10788
"(0.972281746031746, 1.0)",1,98.19703772494918,10789
"(0.8112275321577646, 1.0)",1,98.19678336492986,10790
"(0.8432903075760217, 0.986081059422206)",1,98.19677898899434,10791
"(0.8310777799491891, 0.9882048106149588)",1,98.19661276828772,10792
"(0.8715701474388204, 0.9861310021084456)",2,98.19651796209465,10794
"(0.9166145507608924, 1.0)",2,98.1958637298354,10796
"(0.7532376017916352, 1.0)",1,98.19585274652528,10797
"(0.8997493734335841, 1.0)",1,98.19561536172571,10798
"(0.7994987468671678, 1.0)",2,98.19501641324489,10800
"(0.7675138481590094, 1.0)",1,98.1949007114607,10801
"(0.9003556829643787, 1.0)",1,98.19477190369486,10802
"(0.9490213526488036, 0.9958292603453894)",1,98.19474736126688,10803
"(0.7404350561362756, 0.9861673414304992)",2,98.19463677829016,10805
"(0.8887202421952387, 1.0)",2,98.194254186338,10807
"(0.9125533644430458, 0.9873891625615764)",1,98.19413310325054,10808
"(0.9493072891175358, 0.9916585206907788)",1,98.19398397104533,10809
"(0.9166145507608924, 0.9833229101521784)",1,98.19395891509195,10810
"(0.8586166985951469, 0.9861673414304992)",1,98.1938134821111,10811
"(0.96220700758815, 0.9873891625615764)",1,98.19319370138923,10812
"(0.9412964149491664, 0.9873891625615764)",1,98.19258618001916,10813
"(0.8310777799491891, 0.9882048106149588)",1,98.19252183652614,10814
"(1.0, 1.0)",2,98.19249801122534,10816
"(0.8468951683237397, 1.0)",1,98.19240761350244,10817
"(0.930704099821747, 0.986081059422206)",1,98.19208453209656,10818
"(0.8635976129582268, 1.0)",1,98.1919218784439,10819
"(0.8796475392220073, 1.0)",1,98.19184289733208,10820
"(0.617513611615245, 1.0)",1,98.19132671451833,10821
"(0.7994987468671678, 1.0)",1,98.1912363298756,10822
"(0.7574146783449108, 0.9882048106149588)",2,98.1912353453408,10824
"(0.9008627640703112, 1.0)",2,98.19122145265946,10826
"(0.9665831244778612, 1.0)",2,98.19114957310016,10828
"(0.9295946890286512, 1.0)",1,98.19106893859924,10829
"(0.8505245798478882, 1.0)",1,98.19104734938036,10830
"(0.8561710500899374, 0.9958292603453894)",1,98.19087713451236,10831
"(0.901575014782562, 1.0)",1,98.1900228789382,10832
"(0.8814814814814814, 1.0)",1,98.18992300481248,10833
"(0.7632275132275131, 1.0)",1,98.1897949160279,10834
"(0.9008025849489264, 1.0)",1,98.18970964215254,10835
"(0.8016677935542034, 1.0)",2,98.18943335362434,10837
"(0.8745860467551234, 0.9958292603453894)",1,98.18940714694617,10838
"(0.8443691323092412, 0.9916585206907788)",1,98.18930148169204,10839
"(0.7183489076634237, 1.0)",1,98.1889228417008,10840
"(0.9333044546043194, 0.9958292603453894)",1,98.1886370686255,10841
"(1.0, 1.0)",1,98.1886206574089,10842
"(0.9874877810361682, 0.9916585206907788)",1,98.18788691867096,10843
"(0.9331662489557224, 1.0)",1,98.18769483311829,10844
"(0.844988344988345, 1.0)",1,98.1875344858812,10845
"(0.8425483191745751, 1.0)",1,98.18743183401152,10846
"(0.940928587432546, 0.9958292603453894)",1,98.18740670365494,10847
"(0.9326599326599326, 1.0)",2,98.1867946465158,10849
"(0.9027777777777778, 1.0)",1,98.1860826701474,10850
"(0.8916052423523688, 0.9873891625615764)",1,98.18591687211426,10851
"(0.8761383419447936, 0.9873891625615764)",1,98.18583459601408,10852
"(0.9125533644430458, 0.9873891625615764)",2,98.18573864689068,10854
"(0.8065954953750508, 0.9882048106149588)",2,98.18561217409828,10856
"(0.746304385688563, 1.0)",1,98.18555823453872,10857
"(0.8697983697983697, 1.0)",2,98.18515160883332,10859
"(0.8020892995758788, 0.9958292603453894)",1,98.18499206427822,10860
"(0.9333044546043194, 0.9958292603453894)",1,98.18448262092268,10861
"(0.8222222222222222, 1.0)",2,98.18441983571093,10863
"(0.9018806250259218, 1.0)",1,98.18424401239304,10864
"(0.9916585206907788, 0.9424873149846698)",1,98.1840885125676,10865
"(0.9586562930696936, 0.9832184229069656)",1,98.18407669141006,10866
"(0.9582389563841176, 0.9958292603453894)",1,98.18398729053676,10867
"(0.8040695048423352, 1.0)",1,98.18395665113852,10868
"(0.7075023741690408, 1.0)",1,98.18329489942562,10869
"(0.898989898989899, 1.0)",1,98.18324264001676,10870
"(0.6042502004811546, 1.0)",1,98.18315238303454,10871
"(0.8420013166556947, 1.0)",1,98.18297797474798,10872
"(0.8796475392220073, 1.0)",2,98.18286656143977,10874
"(0.7222222222222221, 1.0)",1,98.18271845694538,10875
"(0.966586548597934, 0.9791258409522168)",1,98.18247722704908,10876
"(0.9584987529902784, 1.0)",4,98.18245173469175,10880
"(1.0, 1.0)",1,98.18201210688008,10881
"(1.0, 1.0)",1,98.18193914925747,10882
"(0.7632275132275131, 1.0)",1,98.18187081948494,10883
"(0.931200007971039, 0.9873891625615764)",1,98.18125695623296,10884
"(0.8222222222222222, 1.0)",1,98.18097056717228,10885
"(0.8796475392220073, 1.0)",1,98.18077472499786,10886
"(0.8929015655249481, 0.9916585206907788)",1,98.18034388383371,10887
"(0.6733821733821733, 1.0)",1,98.18015263318853,10888
"(0.9332172991312776, 0.9916585206907788)",1,98.18009912928778,10889
"(1.0, 1.0)",1,98.17976650488752,10890
"(0.7675138481590094, 0.986081059422206)",1,98.17971185049473,10891
"(0.9192093318943212, 1.0)",1,98.17953063544364,10892
"(0.9169719169719168, 0.9833229101521784)",2,98.1794755237082,10894
"(0.93795454842108, 0.9873891625615764)",1,98.1786625318235,10895
"(0.8564088034923205, 0.9916585206907788)",1,98.17853832571036,10896
"(0.8586166985951469, 0.9861673414304992)",4,98.17849454806657,10900
"(0.8847822547822548, 0.9861673414304992)",4,98.1781990616991,10904
"(0.9333333333333332, 1.0)",1,98.1779825729512,10905
"(0.4899315048358174, 1.0)",1,98.17785319494745,10906
"(0.9490213526488036, 0.9958292603453894)",1,98.17777726701344,10907
"(0.9161952650324744, 1.0)",2,98.1776053245041,10909
"(0.9228120179844318, 0.9873891625615764)",1,98.17758096163998,10910
"(0.9158007932517735, 1.0)",1,98.1775577767581,10911
"(0.8840455840455841, 1.0)",2,98.1775288274059,10913
"(0.73687720936437, 1.0)",1,98.1771082177654,10914
"(0.9504816667625016, 0.9916585206907788)",1,98.17606439415422,10915
"(0.7612958226768967, 1.0)",1,98.17604347557584,10916
"(0.861111111111111, 1.0)",1,98.17580472905644,10917
"(0.9792446763651698, 0.987463247273494)",1,98.17567119712407,10918
"(0.8653198653198653, 1.0)",2,98.17515915141828,10920
"(0.9497171590194848, 1.0)",1,98.17511507947692,10921
"(0.9499687304565352, 1.0)",1,98.1743976480958,10922
"(0.9522870228046522, 1.0)",1,98.174090727399,10923
"(0.861111111111111, 1.0)",1,98.17398691394176,10924
"(0.9205517358458536, 0.9873891625615764)",1,98.1732106028021,10925
"(0.9297326845255915, 0.9748810165856884)",1,98.1730288420288,10926
"(0.8372053872053872, 1.0)",1,98.17299067026738,10927
"(0.9326599326599326, 1.0)",1,98.17285788679412,10928
"(0.9499687304565352, 1.0)",1,98.1727019943422,10929
"(0.7278086237149632, 1.0)",1,98.17267278475248,10930
"(0.6992775742775743, 0.9861673414304992)",1,98.17260564476533,10931
"(0.859499940327008, 1.0)",1,98.17250102418134,10932
"(0.901575014782562, 1.0)",1,98.17236654441254,10933
"(0.9368376974614298, 0.9916585206907788)",1,98.17220904902284,10934
"(0.9666562434855118, 1.0)",1,98.17220137585991,10935
"(0.8468951683237397, 1.0)",1,98.1720970641171,10936
"(0.8261351052048725, 1.0)",1,98.17205215703235,10937
"(0.8732774170274171, 1.0)",1,98.17188762863552,10938
"(0.8600291387756281, 0.9958292603453894)",1,98.17168549552052,10939
"(0.9498370804822418, 0.9873891625615764)",1,98.17129103590764,10940
"(0.861111111111111, 1.0)",1,98.17121771851072,10941
"(0.9497171590194846, 1.0)",2,98.17085564963064,10943
"(0.8695210904700781, 0.9916585206907788)",1,98.1705295880812,10944
"(0.8420013166556946, 1.0)",1,98.17023977805285,10945
"(1.0, 1.0)",1,98.17011506475336,10946
"(0.8101143854687974, 1.0)",1,98.17011002555738,10947
"(0.9372650231764934, 0.987463247273494)",1,98.1698784964378,10948
"(0.9792766373411534, 0.987463247273494)",1,98.16945726823896,10949
"(0.6911324786324786, 1.0)",1,98.16927221620236,10950
"(0.8814814814814814, 1.0)",2,98.16881733791044,10952
"(0.8976982097186702, 1.0)",1,98.16821770642272,10953
"(0.9365496267832196, 0.9916585206907788)",1,98.1682120222416,10954
"(0.7673678366541239, 1.0)",1,98.16788803029476,10955
"(0.902012682657844, 0.9916585206907788)",1,98.16778704897976,10956
"(0.931200007971039, 0.9873891625615764)",1,98.16764242322188,10957
"(0.9665831244778612, 1.0)",1,98.1675668146752,10958
"(0.9293300445873568, 0.9873891625615764)",1,98.16743819786696,10959
"(0.987491854024112, 0.9916585206907788)",1,98.16602135036942,10960
"(1.0, 1.0)",1,98.1658934842178,10961
"(0.91326516498939, 0.9873891625615764)",1,98.16568707636164,10962
"(0.8316498316498316, 1.0)",1,98.1652307988037,10963
"(0.8717520170461346, 0.9958292603453894)",1,98.16484835171885,10964
"(0.9665831244778612, 1.0)",2,98.16439145895114,10966
"(0.8796475392220073, 1.0)",1,98.16426953689142,10967
"(0.9833229101521784, 1.0)",1,98.16413350512396,10968
"(0.8468951683237397, 1.0)",2,98.16389080061532,10970
"(0.9333333333333332, 1.0)",1,98.16374079588395,10971
"(0.7656073923822403, 1.0)",1,98.16369936086777,10972
"(0.844988344988345, 1.0)",2,98.1635698724754,10974
"(0.9161952650324744, 1.0)",2,98.16304607567405,10976
"(0.7083333333333334, 1.0)",3,98.16299157419849,10979
"(0.9282083232965586, 0.9873891625615764)",1,98.16234030627486,10980
"(0.8845578466141503, 1.0)",1,98.16192929020642,10981
"(0.9374843410636878, 0.9834113430318364)",1,98.1618448001812,10982
"(0.7767756418742694, 1.0)",1,98.16155216637972,10983
"(0.9833229101521784, 1.0)",2,98.16118254893368,10985
"(0.9161952650324744, 1.0)",1,98.16104030952523,10986
"(0.9384174012481092, 0.9958292603453894)",1,98.1609828949405,10987
"(0.9034438470728792, 0.9958292603453894)",1,98.16085765107256,10988
"(0.80285509389987, 1.0)",1,98.16063997537958,10989
"(0.893146638589877, 1.0)",1,98.16059071407648,10990
"(0.9333333333333332, 1.0)",1,98.16045370205892,10991
"(0.9833229101521784, 1.0)",1,98.16012711902724,10992
"(0.9833229101521784, 1.0)",2,98.1600009568822,10994
"(0.9172792561601744, 0.9916585206907788)",1,98.15991296494356,10995
"(0.8425483191745751, 1.0)",1,98.15963595941491,10996
"(0.9833040078201368, 0.9706857431684036)",1,98.1594380824049,10997
"(0.8916052423523688, 0.9873891625615764)",1,98.15901599289889,10998
"(0.9791258409522168, 0.979051756240299)",1,98.15833005285026,10999
"(0.940928587432546, 0.9833040078201368)",2,98.15824779379014,11001
"(1.0, 1.0)",1,98.15752265395436,11002
"(0.7083333333333334, 1.0)",1,98.15737864324495,11003
"(0.8845578466141503, 1.0)",1,98.15723447903792,11004
"(0.8329050741331443, 1.0)",1,98.15699413287648,11005
"(0.7802197802197803, 1.0)",2,98.15590738631052,11007
"(0.9169719169719168, 1.0)",1,98.1558078143457,11008
"(0.9, 1.0)",1,98.15540229773327,11009
"(1.0, 1.0)",1,98.15521885521886,11010
"(0.9288423094874708, 0.9916585206907788)",1,98.15465008325808,11011
"(0.9374843410636878, 0.9834113430318364)",1,98.1546043473588,11012
"(0.9034438470728792, 0.9916585206907788)",1,98.15436111434391,11013
"(1.0, 1.0)",1,98.15386202790296,11014
"(0.8974984433303618, 0.9873891625615764)",1,98.1537427965223,11015
"(0.8316498316498316, 0.9665831244778612)",2,98.15321190387807,11017
"(0.8736897274633123, 1.0)",1,98.15317403875515,11018
"(0.8365328658269835, 0.9916625936787228)",2,98.15296587942598,11020
"(0.920238255356524, 0.9916585206907788)",1,98.15282493511891,11021
"(0.9384174012481092, 0.9916585206907788)",1,98.1526088317277,11022
"(0.908707905546986, 0.9916585206907788)",1,98.15252285069704,11023
"(0.9412964149491664, 0.9873891625615764)",1,98.15239618115471,11024
"(0.8887202421952387, 1.0)",1,98.15233286159098,11025
"(0.8814814814814814, 1.0)",2,98.15197815975156,11027
"(0.8796475392220073, 1.0)",1,98.15195579041988,11028
"(0.617513611615245, 1.0)",1,98.15194880144878,11029
"(0.9748524098350704, 0.9958292603453894)",1,98.15190105843566,11030
"(0.8976982097186702, 1.0)",1,98.15170728398226,11031
"(0.8137566137566138, 1.0)",1,98.15118441886251,11032
"(0.8040695048423352, 1.0)",1,98.15093187010277,11033
"(0.8358530587380517, 0.983186705767351)",1,98.15001563691013,11034
"(0.9008627640703112, 1.0)",1,98.149642970725,11035
"(0.9177366931314298, 0.9832184229069656)",1,98.14936952141215,11036
"(0.9374843410636878, 0.9958292603453894)",1,98.14861955191984,11037
"(0.7204751921733054, 1.0)",1,98.14850249793282,11038
"(0.8300265307680562, 1.0)",1,98.14814185511098,11039
"(0.8420013166556946, 1.0)",1,98.14779387197392,11040
"(0.5555555555555555, 1.0)",1,98.14773562111066,11041
"(0.9874762808349148, 0.9790110785272076)",1,98.14770067726243,11042
"(0.9750943974852894, 0.9873891625615764)",1,98.14730993876375,11043
"(0.7734344933751168, 1.0)",1,98.14656447279518,11044
"(0.91326516498939, 0.9873891625615764)",2,98.14626977517176,11046
"(0.9157097551404952, 0.9916585206907788)",1,98.14594596637563,11047
"(0.9157097551404952, 0.9958292603453894)",2,98.14586511606862,11049
"(0.5555555555555555, 0.9833229101521784)",1,98.14569944019097,11050
"(0.917655049465296, 0.9958292603453894)",2,98.14557908489174,11052
"(0.8840455840455841, 1.0)",1,98.14553305419354,11053
"(0.786508365740383, 0.9885557944107872)",1,98.14525868959154,11054
"(1.0, 1.0)",2,98.14506098085654,11056
"(0.8599206349206349, 1.0)",1,98.1450478202899,11057
"(0.8070855614973262, 1.0)",1,98.14488426206437,11058
"(0.8468951683237397, 1.0)",1,98.14463852926684,11059
"(0.8347775825943863, 0.9833292603453894)",1,98.14424334112717,11060
"(0.9192093318943212, 1.0)",1,98.14420215622069,11061
"(0.9665831244778612, 1.0)",1,98.14360068970636,11062
"(0.8600291387756281, 0.9958292603453894)",1,98.14344955172804,11063
"(0.8467532467532467, 1.0)",1,98.1431977432928,11064
"(0.9665831244778612, 1.0)",1,98.143133722262,11065
"(0.8467532467532467, 1.0)",2,98.14289975442112,11067
"(0.8329050741331443, 0.986081059422206)",2,98.14274202275638,11069
"(0.8717520170461346, 0.9958292603453894)",1,98.14263781700753,11070
"(0.868077055383557, 1.0)",1,98.14228358067224,11071
"(0.9876221896383188, 0.9915151515151516)",2,98.14226124172656,11073
"(0.9497171590194846, 1.0)",1,98.14195282359762,11074
"(0.7416325017951034, 1.0)",1,98.14185286045048,11075
"(0.8467532467532467, 1.0)",1,98.14164438672438,11076
"(0.9289899460589116, 0.9916339869281046)",1,98.14160509336,11077
"(0.8420013166556946, 1.0)",2,98.14151469310816,11079
"(0.9051976597090448, 0.9916585206907788)",1,98.14121066308726,11080
"(0.91326516498939, 0.9873891625615764)",1,98.1411688281086,11081
"(0.9498370804822418, 0.9873891625615764)",1,98.14111930075168,11082
"(0.9114218054477384, 0.9873891625615764)",1,98.14078829766184,11083
"(0.949977467563772, 0.9832184229069656)",1,98.14060224862811,11084
"(0.9282083232965586, 0.9916339869281046)",2,98.14043137776062,11086
"(0.8796475392220073, 0.9833229101521784)",1,98.14040391364996,11087
"(0.9832925076188832, 0.9832679738562092)",1,98.14031218173209,11088
"(0.8425483191745751, 1.0)",1,98.14025336856352,11089
"(0.6825396825396824, 1.0)",1,98.14003232901688,11090
"(0.7946380416968652, 0.9958292603453894)",1,98.13993919070532,11091
"(0.9164652836623464, 1.0)",1,98.13982972876263,11092
"(0.9665831244778612, 1.0)",1,98.13935629233345,11093
"(0.9126251340467026, 0.9958292603453894)",1,98.13909396452904,11094
"(0.9333333333333332, 1.0)",1,98.13907325550736,11095
"(0.9833229101521784, 1.0)",1,98.13877407715664,11096
"(0.9332172991312776, 0.987491854024112)",1,98.13865797846886,11097
"(0.8917140396210165, 1.0)",1,98.13849867281216,11098
"(0.9833229101521784, 1.0)",1,98.13823296518495,11099
"(0.8796475392220073, 1.0)",1,98.13819672299093,11100
"(0.9665831244778612, 1.0)",1,98.1381277240205,11101
"(0.9516794286955578, 0.9958292603453894)",1,98.1377613887472,11102
"(0.9164187516971112, 0.9958292603453894)",1,98.13737056873332,11103
"(0.8586166985951469, 0.9861673414304992)",2,98.13732603974483,11105
"(0.8365328658269835, 0.9958292603453894)",1,98.13726307067438,11106
"(0.9452474337657768, 0.987463247273494)",1,98.13702401307394,11107
"(0.861111111111111, 1.0)",1,98.13687083913052,11108
"(0.9916585206907788, 0.9958292603453894)",1,98.13658003452711,11109
"(0.9331662489557224, 1.0)",1,98.13638086346688,11110
"(0.9665831244778612, 0.9833229101521784)",1,98.13612069818696,11111
"(0.9326599326599326, 1.0)",1,98.13600775568452,11112
"(0.9499631719745572, 0.9834113430318364)",1,98.13594401015708,11113
"(0.9326599326599326, 1.0)",2,98.1358198196984,11115
"(0.8732774170274171, 1.0)",1,98.13564439221362,11116
"(0.844988344988345, 1.0)",1,98.13513067036212,11117
"(0.8847822547822548, 0.9861310021084456)",1,98.1350933170406,11118
"(0.8443691323092412, 0.9916585206907788)",1,98.13484013377712,11119
"(0.9436368312757202, 0.972281746031746)",1,98.13455748186313,11120
"(0.9250222656674272, 0.9958292603453894)",1,98.13448572949792,11121
"(0.9623978877963698, 0.9958292603453894)",1,98.1336108803616,11122
"(0.7503607503607503, 1.0)",1,98.13356692102056,11123
"(0.930704099821747, 1.0)",1,98.13356658189116,11124
"(0.9622634791942192, 0.9958292603453894)",1,98.13356090173026,11125
"(0.7574146783449108, 1.0)",1,98.13335466023784,11126
"(0.7656073923822403, 1.0)",1,98.13324580398634,11127
"(0.7340930674264006, 1.0)",1,98.13249861171504,11128
"(0.9833229101521784, 1.0)",1,98.1319223544646,11129
"(0.8053381731676306, 1.0)",1,98.13134351304689,11130
"(0.962505246140658, 0.9916666666666668)",1,98.1310613076829,11131
"(0.9300671002153482, 0.9861673414304992)",1,98.13059014122965,11132
"(0.9369808292429718, 0.9958292603453894)",1,98.13041131391596,11133
"(0.9833040078201368, 0.9958292603453894)",1,98.13023932942272,11134
"(0.9161952650324744, 0.9833229101521784)",2,98.12941979165826,11136
"(0.9280459216361852, 0.9916585206907788)",1,98.12926210432038,11137
"(0.876295504202481, 1.0)",1,98.12770982594589,11138
"(0.9369808292429718, 0.9958292603453894)",1,98.12719705143908,11139
"(0.8222222222222222, 1.0)",1,98.12711499495023,11140
"(0.9250222656674272, 0.9916585206907788)",1,98.12704567630044,11141
"(0.9282083232965586, 0.9873891625615764)",1,98.12593154022134,11142
"(0.9286305533870366, 0.9873891625615764)",1,98.12563340716018,11143
"(0.8928598364786969, 0.9958292603453894)",1,98.12554353260876,11144
"(0.9166145507608924, 1.0)",2,98.1254539210958,11146
"(0.9833211143695014, 0.9834113430318364)",1,98.1249434895902,11147
"(0.7090909090909091, 1.0)",1,98.12487853265526,11148
"(0.9326599326599326, 1.0)",1,98.12466476747188,11149
"(0.8736897274633123, 1.0)",1,98.12412850486491,11150
"(0.8101143854687974, 0.972252530763169)",1,98.12394039969269,11151
"(0.9580602951397298, 0.9958292603453894)",1,98.1236931278698,11152
"(0.9158007932517735, 1.0)",1,98.12334091396298,11153
"(0.757745166550198, 1.0)",1,98.12268468981252,11154
"(0.8982888105990573, 0.9832184229069656)",1,98.12265030383485,11155
"(0.8476190476190477, 1.0)",2,98.12257009144044,11157
"(0.8319340617212959, 1.0)",1,98.12218255177176,11158
"(1.0, 1.0)",2,98.1219715956558,11160
"(0.8600291387756281, 0.9958292603453894)",2,98.12193965260532,11162
"(0.9300671002153482, 0.9861673414304992)",1,98.12181189261366,11163
"(0.9454999712494968, 0.9958292603453894)",1,98.12155696865798,11164
"(0.9665831244778612, 1.0)",1,98.12145063417267,11165
"(0.9008627640703112, 1.0)",1,98.1211664439954,11166
"(0.7965746171391332, 1.0)",1,98.12105785043325,11167
"(0.9496114574862204, 0.987463247273494)",1,98.12105463391048,11168
"(0.9498370804822418, 0.9873891625615764)",1,98.12063360540805,11169
"(0.9666562434855118, 1.0)",1,98.12009356534568,11170
"(0.8372053872053872, 1.0)",2,98.1200790649128,11172
"(0.8651903651903651, 1.0)",1,98.11980688182965,11173
"(0.9161952650324744, 1.0)",1,98.1197957020886,11174
"(0.8016677935542034, 1.0)",1,98.11971320689295,11175
"(0.9412964149491664, 0.9873891625615764)",1,98.11954754964742,11176
"(0.9365496267832196, 0.9958292603453894)",1,98.11937755416798,11177
"(0.8976982097186702, 0.9833229101521784)",2,98.1193155242026,11179
"(0.8840455840455841, 1.0)",1,98.11921339180566,11180
"(0.9412964149491664, 0.9873891625615764)",1,98.11887629597166,11181
"(0.9157097551404952, 0.9833251873574456)",1,98.11883957708484,11182
"(0.9833229101521784, 1.0)",1,98.11841037045936,11183
"(0.9199973910846122, 0.9873891625615764)",1,98.11809766197337,11184
"(0.9182966261114094, 0.9958292603453894)",1,98.1180644858658,11185
"(0.7946380416968652, 0.9916585206907788)",1,98.11708999981008,11186
"(0.8613656783468103, 1.0)",1,98.11702465048646,11187
"(0.9783434781537248, 0.9832679738562092)",1,98.11672191316674,11188
"(1.0, 1.0)",1,98.11648745464149,11189
"(0.8483418730488175, 0.9958292603453894)",1,98.1157037903778,11190
"(0.7119388248146047, 1.0)",2,98.11567717127907,11192
"(0.9228120179844318, 0.9916339869281046)",1,98.1154031646822,11193
"(0.861111111111111, 1.0)",1,98.1151203743295,11194
"(0.9125533644430458, 0.9958292603453894)",1,98.11474671927893,11195
"(0.9496114574862204, 0.9873891625615764)",1,98.11472501880613,11196
"(0.8761383419447936, 0.9916339869281046)",1,98.1147043601774,11197
"(0.950175761409158, 0.9834113430318364)",1,98.11431498502854,11198
"(0.8222222222222222, 1.0)",1,98.11420185763744,11199
"(0.9874877810361682, 0.9916625936787228)",1,98.11417572809758,11200
"(0.8443691323092412, 0.9916585206907788)",1,98.11391885276151,11201
"(0.7404350561362756, 0.9861673414304992)",2,98.11373149797478,11203
"(0.9665831244778612, 1.0)",4,98.11351715875392,11207
"(0.9429505641273102, 0.9832184229069656)",1,98.1130930251531,11208
"(0.9008627640703112, 1.0)",1,98.11281456779338,11209
"(0.7994987468671678, 0.9833229101521784)",1,98.11258981392128,11210
"(0.9165164082221422, 1.0)",1,98.11256306024488,11211
"(0.9303715638302106, 1.0)",1,98.1125624156279,11212
"(0.7574146783449108, 0.9882048106149588)",1,98.11244031208666,11213
"(1.0, 1.0)",2,98.11159045410908,11215
"(0.9153127183787562, 0.9722222222222222)",1,98.11158336494252,11216
"(0.930704099821747, 1.0)",1,98.1115314637842,11217
"(0.9497171590194846, 1.0)",2,98.11110178354652,11219
"(0.9833229101521784, 1.0)",1,98.11104172084984,11220
"(0.9198255060602112, 0.9916585206907788)",1,98.1108900240272,11221
"(0.9609386607489072, 0.9756805807622504)",1,98.11086129112374,11222
"(0.6042502004811546, 0.9885557944107872)",1,98.11065894828354,11223
"(0.930704099821747, 1.0)",1,98.11047895077893,11224
"(0.9720813204508856, 1.0)",1,98.11016973205876,11225
"(0.9153439153439156, 1.0)",1,98.1100566599676,11226
"(0.9126251340467026, 0.9916585206907788)",1,98.10997538225271,11227
"(0.7090909090909091, 1.0)",1,98.10997171001466,11228
"(0.8310777799491891, 1.0)",1,98.10985750458218,11229
"(0.8879608405415911, 0.988167361639188)",1,98.10973534695972,11230
"(0.9833229101521784, 1.0)",1,98.10966403401048,11231
"(0.9444901834607716, 0.9861673414304992)",1,98.10905464826392,11232
"(1.0, 1.0)",1,98.10887715749082,11233
"(0.9326599326599326, 1.0)",1,98.1084035505958,11234
"(0.8476190476190477, 1.0)",1,98.10803036168888,11235
"(0.8976982097186702, 0.9833229101521784)",1,98.10796244808704,11236
"(0.9751539794803552, 0.9958292603453894)",1,98.10758200481024,11237
"(0.9628507148300384, 0.9958292603453894)",1,98.10746135016755,11238
"(0.8694224991654613, 0.988167361639188)",1,98.1068226489988,11239
"(0.8916052423523688, 0.9873891625615764)",1,98.10681089553428,11240
"(0.9832401090007582, 0.9958292603453894)",1,98.10552927100024,11241
"(0.8653198653198653, 1.0)",1,98.1052295370278,11242
"(0.9720813204508856, 1.0)",1,98.10522400670098,11243
"(0.8443691323092412, 0.9958292603453894)",1,98.10511434024264,11244
"(1.0, 1.0)",1,98.10504491811209,11245
"(1.0, 1.0)",1,98.10489975387271,11246
"(0.9833229101521784, 1.0)",1,98.10485088533868,11247
"(0.9326599326599326, 1.0)",1,98.10459931390164,11248
"(0.8847822547822548, 0.9861673414304992)",1,98.10458084071588,11249
"(0.8942622047218923, 0.9873891625615764)",1,98.10409477226796,11250
"(0.8974984433303618, 0.9873891625615764)",1,98.10388913208456,11251
"(0.9504245882013664, 0.9916585206907788)",1,98.10376837968684,11252
"(0.7844277631252677, 1.0)",1,98.10364788967276,11253
"(0.950175761409158, 0.979166518665308)",1,98.10343529741996,11254
"(0.8796475392220073, 1.0)",1,98.1028391009842,11255
"(0.8390424521630195, 0.9861673414304992)",1,98.10257951674136,11256
"(0.7511111111111111, 1.0)",1,98.1021166758784,11257
"(0.8495378883833893, 0.9916585206907788)",1,98.1019784818848,11258
"(0.9369808292429718, 0.9916585206907788)",1,98.10191380415613,11259
"(0.8443691323092412, 0.9958292603453894)",1,98.10160929071156,11260
"(0.8112275321577646, 1.0)",1,98.10135709361109,11261
"(0.9666562434855118, 1.0)",2,98.10127385363994,11263
"(0.917849761232425, 1.0)",1,98.10121569673066,11264
"(0.9199973910846122, 0.9916339869281046)",1,98.10115587444956,11265
"(0.9157097551404952, 0.9958292603453894)",1,98.10114961748448,11266
"(0.8083006382088302, 0.9861673414304992)",1,98.1008098695534,11267
"(0.8613656783468103, 1.0)",1,98.10052161010272,11268
"(0.6825396825396824, 1.0)",1,98.10014954814528,11269
"(0.8040695048423352, 1.0)",1,98.10008939527869,11270
"(0.844988344988345, 1.0)",1,98.09918481158752,11271
"(0.9500975805767078, 0.9958292603453894)",1,98.09910629381076,11272
"(0.9750481776288228, 0.9916585206907788)",1,98.09910298345486,11273
"(0.954238558835333, 0.9873891625615764)",1,98.09905043855582,11274
"(0.8897050022050021, 1.0)",1,98.09882024734604,11275
"(0.9172792561601744, 0.9916585206907788)",1,98.09874412930498,11276
"(0.8222222222222222, 1.0)",1,98.0984625390204,11277
"(0.940928587432546, 0.979166518665308)",1,98.09833458286325,11278
"(0.8879641577459414, 0.9834113430318364)",1,98.09831335429358,11279
"(0.9833229101521784, 1.0)",1,98.09809797730404,11280
"(1.0, 1.0)",1,98.09805511616342,11281
"(0.7802197802197803, 1.0)",1,98.09804762693004,11282
"(0.8420013166556946, 1.0)",1,98.09799707411544,11283
"(0.9164652836623464, 1.0)",1,98.09735670218704,11284
"(0.9835199925522506, 0.9732864085805262)",1,98.0971536237135,11285
"(0.9586562930696936, 0.9834113430318364)",1,98.09702242462424,11286
"(0.9497171590194848, 1.0)",1,98.09672008459818,11287
"(0.8177442148030384, 1.0)",1,98.09587730428268,11288
"(0.7802197802197803, 1.0)",1,98.09507742544496,11289
"(0.9833040078201368, 0.9788636363636364)",1,98.09478651925691,11290
"(0.8916052423523688, 0.9873891625615764)",1,98.0946838807463,11291
"(0.8425483191745751, 0.9882048106149588)",2,98.09451090495394,11293
"(0.8420013166556946, 1.0)",1,98.09449341905818,11294
"(0.9958292603453894, 0.9876066164491212)",1,98.09445791742594,11295
"(0.950175761409158, 0.9790476832523552)",1,98.09424382867331,11296
"(0.8471527473990528, 1.0)",1,98.09379196870913,11297
"(1.0, 1.0)",1,98.09364363933368,11298
"(0.979051756240299, 0.991777356103732)",1,98.09362641216184,11299
"(0.9192093318943212, 1.0)",1,98.09354827119952,11300
"(0.9441792447111594, 1.0)",1,98.09346556015797,11301
"(0.8976982097186702, 1.0)",2,98.09330331286864,11303
"(0.8222222222222222, 1.0)",1,98.09316803386636,11304
"(0.9218558227888856, 0.9916339869281046)",1,98.09314338868006,11305
"(0.8916052423523688, 0.9873891625615764)",1,98.09277135527442,11306
"(0.927082576248316, 0.9792651371399)",2,98.09241986732026,11308
"(0.8315474711586087, 0.9958292603453894)",1,98.0924120020318,11309
"(0.8222222222222222, 1.0)",1,98.09224029598714,11310
"(0.6825396825396824, 1.0)",1,98.09208962128922,11311
"(0.7030539311241066, 1.0)",1,98.0919431198282,11312
"(0.7090909090909091, 1.0)",1,98.09154519932194,11313
"(1.0, 0.9705435305435304)",1,98.09129404873572,11314
"(0.9792521035784794, 0.9566671963557392)",1,98.09122106330886,11315
"(0.7479743867590829, 1.0)",2,98.091026575942,11317
"(0.9916585206907788, 0.9751459041781624)",1,98.09054076046442,11318
"(0.8996392387758612, 0.9873891625615764)",2,98.09026543025328,11320
"(0.9114218054477384, 0.9873891625615764)",1,98.09019950129309,11321
"(0.7632275132275131, 0.9861673414304992)",1,98.09007317936292,11322
"(0.7944219523166891, 1.0)",2,98.08995180932004,11324
"(0.978932178932179, 0.9831818181818182)",1,98.08982000508102,11325
"(0.8053381731676306, 1.0)",1,98.08939092704098,11326
"(0.9199973910846122, 0.9873891625615764)",1,98.08809967331328,11327
"(0.8760238095238095, 0.987491854024112)",1,98.08800613401048,11328
"(0.8762860082304527, 1.0)",1,98.08798396443196,11329
"(0.944073617452092, 1.0)",1,98.08797164114776,11330
"(0.9833229101521784, 1.0)",1,98.08781404126918,11331
"(0.7479743867590829, 1.0)",1,98.08778919038784,11332
"(0.7532376017916352, 1.0)",1,98.08777968595732,11333
"(0.8420013166556946, 1.0)",1,98.0874752574442,11334
"(0.8101143854687974, 0.986081059422206)",1,98.0872959115325,11335
"(0.8942622047218923, 0.9916339869281046)",1,98.0868136854134,11336
"(0.8294970161977834, 0.9833229101521784)",1,98.08679761983988,11337
"(0.876295504202481, 1.0)",1,98.08641925401888,11338
"(0.7532376017916352, 1.0)",1,98.08641096959867,11339
"(0.8732774170274171, 1.0)",1,98.08629779294633,11340
"(0.8600291387756281, 0.987491854024112)",1,98.08611551948503,11341
"(0.9333044546043194, 0.9958292603453894)",1,98.08588534645055,11342
"(0.8760238095238095, 0.9916585206907788)",1,98.0858596437236,11343
"(0.8312205288949474, 1.0)",1,98.08571955537025,11344
"(0.917849761232425, 1.0)",2,98.08557263132025,11346
"(0.826388888888889, 1.0)",2,98.085474361584,11348
"(0.861111111111111, 1.0)",1,98.08479813150178,11349
"(0.75644561279016, 1.0)",1,98.08447459489264,11350
"(0.9189396095602992, 0.9958292603453894)",1,98.08431234280746,11351
"(0.9177366931314298, 0.979166518665308)",1,98.08425715029873,11352
"(0.7632275132275131, 0.9861673414304992)",1,98.08421042479604,11353
"(0.806589620543109, 1.0)",1,98.08397747343837,11354
"(0.8483418730488175, 0.9916585206907788)",1,98.0837084395789,11355
"(0.9045740456093042, 1.0)",1,98.08370396088434,11356
"(0.93795454842108, 0.9873891625615764)",1,98.08342677017056,11357
"(0.8845578466141503, 1.0)",2,98.08331723861173,11359
"(0.7574146783449108, 1.0)",1,98.08327903202672,11360
"(0.8760238095238095, 0.9915151515151516)",1,98.08314619877687,11361
"(0.8040695048423352, 1.0)",1,98.0826055125246,11362
"(0.8736897274633123, 1.0)",1,98.08237168313154,11363
"(0.9205517358458536, 0.9873891625615764)",1,98.08200755778851,11364
"(0.9299160159815896, 1.0)",1,98.08183748326265,11365
"(0.7786375661375661, 1.0)",1,98.08182068454198,11366
"(0.9369138996969484, 0.9916666666666668)",1,98.08178354449343,11367
"(0.9332172991312776, 0.9958292603453894)",1,98.08163173099396,11368
"(0.8796475392220073, 1.0)",1,98.08159299811668,11369
"(0.8420013166556946, 1.0)",1,98.0812586566046,11370
"(0.808446455505279, 1.0)",1,98.0812418677174,11371
"(0.6698155645524068, 1.0)",1,98.08099432663464,11372
"(0.9125533644430458, 0.9873891625615764)",1,98.08066617866072,11373
"(0.826388888888889, 1.0)",1,98.08061475029452,11374
"(0.8916052423523688, 0.9873891625615764)",1,98.0805503009922,11375
"(0.8222222222222222, 1.0)",1,98.08040763045088,11376
"(0.6590846340846341, 1.0)",1,98.07972596712558,11377
"(0.9873444118605408, 0.987463247273494)",1,98.07968242124684,11378
"(0.7532376017916352, 1.0)",1,98.0796045540685,11379
"(0.8315474711586087, 0.9958292603453894)",1,98.07951667965142,11380
"(0.9833229101521784, 1.0)",1,98.07900094137072,11381
"(0.7204751921733054, 1.0)",1,98.07900020904918,11382
"(1.0, 1.0)",2,98.07899429956906,11384
"(0.6521663785997688, 1.0)",1,98.07869557194364,11385
"(0.8813457860512559, 0.9832184229069656)",1,98.07865207314934,11386
"(0.9748524098350704, 0.9916625936787228)",1,98.07855709724114,11387
"(0.6042502004811546, 0.9882048106149588)",1,98.07815654456309,11388
"(0.7155555555555556, 1.0)",2,98.07809879731867,11390
"(0.8222222222222222, 1.0)",1,98.07802920306266,11391
"(0.8848000715856217, 1.0)",1,98.07785107087456,11392
"(0.927082576248316, 0.979166518665308)",1,98.07774937289544,11393
"(0.9833229101521784, 1.0)",1,98.07755222146062,11394
"(0.8449978636391381, 0.9882048106149588)",1,98.07710803770296,11395
"(0.8847822547822548, 0.9861673414304992)",1,98.07704215003274,11396
"(0.9436368312757202, 0.9861673414304992)",2,98.07704036065344,11398
"(0.7994987468671678, 1.0)",1,98.07679422074438,11399
"(0.9333333333333332, 0.9833229101521784)",1,98.0766742612521,11400
"(0.9499687304565352, 1.0)",1,98.0765916800821,11401
"(0.8916052423523688, 0.9873891625615764)",2,98.07656760246932,11403
"(0.9832925076188832, 0.9704226680823772)",1,98.07647899835612,11404
"(0.8443691323092412, 0.9916585206907788)",1,98.07642425493464,11405
"(0.8996392387758612, 0.9873891625615764)",1,98.0762191034028,11406
"(0.7222222222222221, 1.0)",1,98.07606341424736,11407
"(0.966586548597934, 0.9916585206907788)",1,98.07582487909713,11408
"(0.8222222222222222, 1.0)",1,98.07570711514543,11409
"(0.9293300445873568, 0.9873891625615764)",1,98.07567093569864,11410
"(0.8920217788143652, 0.987463247273494)",1,98.07538991268436,11411
"(0.6042502004811546, 0.9885557944107872)",1,98.07522687685974,11412
"(0.933096859926128, 1.0)",1,98.07517250777838,11413
"(0.8494167439328729, 0.9958292603453894)",1,98.07512048581842,11414
"(0.8449978636391381, 0.9882048106149588)",1,98.07507213651616,11415
"(0.9748524098350704, 0.9958292603453894)",1,98.07460858985016,11416
"(0.861111111111111, 1.0)",2,98.07452578812207,11418
"(0.9720813204508856, 1.0)",1,98.07441632620429,11419
"(0.73687720936437, 1.0)",1,98.07428693691487,11420
"(0.9442283950617284, 1.0)",1,98.07421849465096,11421
"(0.950175761409158, 0.979166518665308)",1,98.07418823226196,11422
"(1.0, 1.0)",1,98.07390483671942,11423
"(0.9497171590194848, 1.0)",1,98.0738961033311,11424
"(0.861111111111111, 1.0)",2,98.07377981880404,11426
"(0.8760238095238095, 0.9958292603453894)",1,98.07362060519056,11427
"(0.859499940327008, 1.0)",1,98.07316961047596,11428
"(0.6760835913312693, 1.0)",1,98.07316081420268,11429
"(0.8016677935542034, 1.0)",1,98.07278289326491,11430
"(0.9157169990503324, 1.0)",1,98.07273663822768,11431
"(0.7164894725870335, 1.0)",1,98.07253925555278,11432
"(0.8796475392220073, 1.0)",1,98.07219214338406,11433
"(0.944653051926493, 0.9834113430318364)",1,98.07210459142188,11434
"(0.6760835913312693, 0.986081059422206)",1,98.07181034576485,11435
"(0.8974984433303618, 0.9873891625615764)",1,98.07172987866586,11436
"(0.933096859926128, 1.0)",1,98.0716052454506,11437
"(0.9333333333333332, 1.0)",1,98.0714803504351,11438
"(0.8970129352925051, 0.9873891625615764)",1,98.0714497420971,11439
"(0.9370337013190184, 0.9873891625615764)",1,98.07138697370496,11440
"(0.931200007971039, 0.9873891625615764)",1,98.07123870574054,11441
"(0.8600291387756281, 0.9958292603453894)",1,98.07119180721628,11442
"(0.6521663785997688, 1.0)",1,98.07116503418484,11443
"(0.9623066688389268, 0.9833080808080809)",1,98.0698528025696,11444
"(0.9958292603453894, 0.9832184229069656)",1,98.0698314463099,11445
"(0.73687720936437, 1.0)",1,98.06956017709224,11446
"(0.9873891625615764, 0.9836633617278778)",1,98.06928053328096,11447
"(0.8796475392220073, 1.0)",1,98.06924402860724,11448
"(0.9114218054477384, 0.9873891625615764)",1,98.06912403230815,11449
"(0.9333333333333332, 1.0)",1,98.06897660905172,11450
"(0.8177442148030384, 1.0)",2,98.06875284451138,11452
"(0.9300671002153482, 0.972420634920635)",1,98.06871524256196,11453
"(0.844988344988345, 1.0)",1,98.06861945546076,11454
"(0.9153127183787562, 0.9861673414304992)",1,98.06843485116264,11455
"(0.9791348015256934, 0.9832184229069656)",1,98.06819696931996,11456
"(0.8887202421952387, 1.0)",1,98.06799829604388,11457
"(0.9669558693467613, 0.987491854024112)",1,98.06797449611688,11458
"(0.8420013166556946, 1.0)",1,98.06770574782269,11459
"(0.8177442148030384, 1.0)",1,98.06662872878606,11460
"(0.7301587301587301, 0.9861673414304992)",1,98.06659013542986,11461
"(0.7994987468671678, 1.0)",2,98.06627705377194,11463
"(0.8308201058201059, 0.9861673414304992)",1,98.06612809318284,11464
"(0.8887202421952387, 1.0)",1,98.06596210514392,11465
"(0.944120583717358, 0.9916585206907788)",2,98.0659299222514,11467
"(0.9166145507608924, 1.0)",1,98.06590389132693,11468
"(0.8308201058201059, 0.9861673414304992)",1,98.06577211692483,11469
"(0.7656073923822403, 1.0)",2,98.06486345370104,11471
"(0.8065954953750508, 0.9882048106149588)",1,98.06461031155015,11472
"(0.9169719169719168, 1.0)",1,98.0645967148355,11473
"(0.8976982097186702, 1.0)",2,98.06394977767832,11475
"(0.9496114574862204, 0.9873891625615764)",1,98.06369869514008,11476
"(0.8476190476190477, 1.0)",1,98.06347418724832,11477
"(0.8222222222222222, 1.0)",1,98.06344799767304,11478
"(0.901575014782562, 1.0)",1,98.06337938572266,11479
"(0.9299160159815896, 1.0)",1,98.06259672479656,11480
"(0.8976982097186702, 1.0)",1,98.06255208855204,11481
"(0.9665831244778612, 0.9833229101521784)",1,98.06252867236688,11482
"(0.8315474711586087, 0.9916585206907788)",1,98.06243001314212,11483
"(0.9300671002153482, 1.0)",1,98.06232444964218,11484
"(0.9365069868128822, 0.9748524098350704)",1,98.06230740555375,11485
"(0.9299160159815896, 1.0)",1,98.06173088614416,11486
"(0.933096859926128, 1.0)",1,98.06163618413288,11487
"(0.8420013166556946, 1.0)",1,98.06162390663228,11488
"(0.7802197802197803, 1.0)",1,98.06144775069886,11489
"(0.7090909090909091, 1.0)",2,98.0609769412508,11491
"(0.8817656528001355, 0.9873891625615764)",1,98.0608508307302,11492
"(1.0, 1.0)",1,98.06063771516789,11493
"(0.9412172027494607, 0.9916585206907788)",1,98.06022675272068,11494
"(0.93773047895128, 0.9958292603453894)",1,98.06021109001588,11495
"(0.9243707071934514, 0.9873891625615764)",1,98.05962388256434,11496
"(0.902012682657844, 0.9958292603453894)",1,98.0595968671566,11497
"(0.6521663785997688, 1.0)",1,98.05924560158466,11498
"(0.9160443135108448, 0.9873891625615764)",1,98.0587886504215,11499
"(0.796353220536539, 1.0)",1,98.05800785041022,11500
"(0.806589620543109, 1.0)",1,98.05770653100522,11501
"(0.9205517358458536, 0.9873891625615764)",1,98.05762481586952,11502
"(0.9833229101521784, 1.0)",1,98.05749803658176,11503
"(0.9665831244778612, 1.0)",1,98.05725463197038,11504
"(0.6825396825396824, 1.0)",2,98.05722483409,11506
"(0.8796475392220073, 1.0)",1,98.0570361735118,11507
"(0.8676532769556025, 1.0)",1,98.05659315032594,11508
"(0.8889879095872683, 0.9873891625615764)",1,98.0565807086974,11509
"(0.8308201058201059, 0.9861673414304992)",1,98.05648248051575,11510
"(0.9161952650324744, 1.0)",1,98.05635161077846,11511
"(0.9490213526488036, 0.9958292603453894)",1,98.0560206400884,11512
"(0.987463247273494, 0.9958292603453894)",1,98.05574798679982,11513
"(0.8468951683237397, 1.0)",1,98.05542013100884,11514
"(1.0, 0.987463247273494)",1,98.05470539526348,11515
"(0.757745166550198, 1.0)",1,98.05467736178748,11516
"(0.8483418730488175, 0.9916585206907788)",1,98.05444557246676,11517
"(0.9199973910846122, 0.9873891625615764)",2,98.05419694346902,11519
"(0.9074007530174516, 0.9834113430318364)",1,98.05413514269516,11520
"(0.9791258409522168, 0.9958292603453894)",1,98.05386681849636,11521
"(0.861111111111111, 1.0)",1,98.05327239440214,11522
"(0.8065954953750508, 1.0)",1,98.05269344732226,11523
"(0.7340930674264006, 1.0)",1,98.05255259518825,11524
"(0.9622634791942192, 0.9916585206907788)",2,98.05176727869625,11526
"(0.930704099821747, 1.0)",1,98.05145545947896,11527
"(0.8796475392220073, 1.0)",1,98.05143682670044,11528
"(0.9412964149491664, 0.9873891625615764)",1,98.05135574006415,11529
"(0.8247905643738976, 1.0)",1,98.0512534435522,11530
"(0.8928598364786969, 0.9916585206907788)",1,98.0511992336747,11531
"(0.901575014782562, 1.0)",1,98.05118033596142,11532
"(0.9297326845255915, 0.9832184229069656)",1,98.05113667857016,11533
"(0.944073617452092, 1.0)",1,98.05108332860262,11534
"(0.826388888888889, 1.0)",1,98.05107086344891,11535
"(0.786508365740383, 0.9882048106149588)",1,98.05074267583277,11536
"(0.9436368312757202, 0.9861673414304992)",2,98.05010655130457,11538
"(0.987463247273494, 0.950741392010492)",1,98.05007415558588,11539
"(0.8721949816243755, 0.9958292603453894)",1,98.04951005021977,11540
"(1.0, 1.0)",1,98.04923098483847,11541
"(0.9658159033159032, 0.9916585206907788)",1,98.04904831910902,11542
"(0.8552744708994707, 0.9861673414304992)",1,98.0488301629955,11543
"(0.8976982097186702, 1.0)",1,98.04880644749107,11544
"(0.8796475392220073, 1.0)",1,98.04873230275716,11545
"(0.8929015655249481, 0.9916585206907788)",1,98.04865118650496,11546
"(0.6215073982652175, 0.9882048106149588)",1,98.04826246582604,11547
"(0.9326599326599326, 1.0)",1,98.0482304269339,11548
"(0.6698155645524068, 1.0)",2,98.04818275327357,11550
"(0.9158007932517735, 1.0)",1,98.04814067445407,11551
"(0.9279680209218476, 0.9958292603453894)",2,98.04811461160398,11553
"(0.9279680209218476, 0.9958292603453894)",1,98.04774470592224,11554
"(0.9027777777777778, 1.0)",1,98.0477393363182,11555
"(0.757745166550198, 1.0)",1,98.0476142547594,11556
"(0.8997493734335841, 1.0)",1,98.0474431656672,11557
"(0.8552744708994707, 0.9861673414304992)",1,98.04724298012104,11558
"(0.8976982097186702, 1.0)",1,98.04710817414168,11559
"(0.9318989327022218, 0.9873891625615764)",1,98.04691927191284,11560
"(0.8390424521630195, 0.9861310021084456)",4,98.04669803732786,11564
"(0.9206165335472736, 0.9916585206907788)",1,98.04656675339588,11565
"(0.8996392387758612, 0.9873891625615764)",1,98.04649034669632,11566
"(1.0, 1.0)",1,98.04628318067452,11567
"(0.917415489944373, 1.0)",1,98.04575223188836,11568
"(0.9165164082221422, 1.0)",1,98.0454100891128,11569
"(0.6521663785997688, 1.0)",1,98.04537106849092,11570
"(0.9250222656674272, 0.9958292603453894)",1,98.04499644129316,11571
"(0.8016677935542034, 1.0)",1,98.0448951609947,11572
"(0.9665831244778612, 0.9833229101521784)",1,98.04471797136117,11573
"(0.9792766373411534, 0.9958292603453894)",1,98.04454803745004,11574
"(0.9153439153439152, 1.0)",1,98.04403419925842,11575
"(0.8312205288949474, 1.0)",1,98.04352357776982,11576
"(0.9829909379735984, 0.9873891625615764)",1,98.04351049538904,11577
"(0.7204751921733054, 1.0)",1,98.04342738019952,11578
"(0.8761383419447936, 0.9873891625615764)",1,98.04327563069674,11579
"(0.8796475392220073, 1.0)",1,98.0432139590144,11580
"(0.9166145507608924, 1.0)",1,98.0426562382642,11581
"(0.8495378883833893, 0.9958292603453894)",1,98.04255251709618,11582
"(0.8432903075760217, 1.0)",1,98.04240193729996,11583
"(0.8040695048423352, 1.0)",1,98.0416678739392,11584
"(0.8942622047218923, 0.9873891625615764)",1,98.0416159962617,11585
"(0.9441792447111594, 1.0)",1,98.04152507803848,11586
"(0.7042648709315374, 1.0)",1,98.04137878890356,11587
"(0.9666562434855118, 1.0)",1,98.04064131545049,11588
"(0.7340930674264006, 1.0)",1,98.04050170815049,11589
"(0.7077308656256025, 1.0)",2,98.04040507317136,11591
"(0.9332172991312776, 0.9958292603453894)",1,98.04025091166255,11592
"(0.9293300445873568, 0.9873891625615764)",1,98.0399498763959,11593
"(0.9720813204508856, 1.0)",1,98.0397453480661,11594
"(0.9198255060602112, 0.9916585206907788)",1,98.03936324102216,11595
"(0.9666562434855118, 1.0)",1,98.0393542333842,11596
"(0.8329050741331443, 1.0)",1,98.03923779742055,11597
"(0.8796475392220073, 1.0)",2,98.03906745112288,11599
"(0.8907966222338917, 0.9958292603453894)",1,98.0389428347549,11600
"(0.8976982097186702, 1.0)",1,98.03767059694675,11601
"(0.9833229101521784, 1.0)",1,98.0376624279063,11602
"(0.9442283950617284, 1.0)",1,98.03717598792696,11603
"(0.917463536862289, 1.0)",1,98.03686600199715,11604
"(0.8942622047218923, 0.9873891625615764)",2,98.03655593770615,11606
"(0.8586166985951469, 0.9861673414304992)",1,98.0361418858278,11607
"(0.8745860467551234, 0.9958292603453894)",1,98.03597338714816,11608
"(0.7880931329207191, 1.0)",1,98.03580288003704,11609
"(0.944120583717358, 0.9916666666666668)",2,98.03570244421432,11611
"(0.9234894220441888, 0.9832679738562092)",1,98.03538104781596,11612
"(0.9498370804822418, 0.9916339869281046)",1,98.03484604267472,11613
"(0.9374843410636878, 0.9834113430318364)",1,98.03477812804378,11614
"(0.9833229101521784, 1.0)",1,98.03471639085342,11615
"(0.861111111111111, 1.0)",1,98.03466058184384,11616
"(0.8976982097186702, 1.0)",2,98.03464848970344,11618
"(0.8976982097186702, 1.0)",1,98.03453031637046,11619
"(0.9833229101521784, 1.0)",1,98.0342586378467,11620
"(0.5555555555555555, 1.0)",2,98.03392554580248,11622
"(0.7340930674264006, 1.0)",1,98.03385277725602,11623
"(0.9279680209218476, 0.987491854024112)",1,98.03381429111906,11624
"(0.8867361313822293, 0.9916585206907788)",1,98.03372842145744,11625
"(0.8916052423523688, 0.9873891625615764)",1,98.03369027850113,11626
"(0.9282083232965586, 0.9873891625615764)",1,98.03363191629772,11627
"(0.8845578466141503, 1.0)",1,98.0334564026584,11628
"(0.978932178932179, 0.9790151515151516)",1,98.03344703884603,11629
"(0.8847822547822548, 0.9861673414304992)",1,98.03327874983827,11630
"(0.931200007971039, 0.9873891625615764)",2,98.03327295319144,11632
"(0.9665831244778612, 1.0)",1,98.03324203188455,11633
"(0.9199973910846122, 0.9873891625615764)",1,98.03322939693858,11634
"(1.0, 1.0)",1,98.0331830688812,11635
"(0.8676532769556025, 1.0)",1,98.03268386474478,11636
"(0.8294970161977834, 1.0)",1,98.0316442719919,11637
"(0.9665831244778612, 0.9833229101521784)",4,98.0314153112613,11641
"(0.9666562434855118, 1.0)",1,98.03128291857432,11642
"(0.9369808292429718, 0.9916585206907788)",1,98.03114258040532,11643
"(0.9143824518347512, 0.979166518665308)",1,98.03092826786416,11644
"(0.799275702501509, 1.0)",1,98.03071051482752,11645
"(0.8976982097186702, 1.0)",1,98.03043108429384,11646
"(0.8222222222222222, 1.0)",1,98.03015751628448,11647
"(0.8372053872053872, 0.9833229101521784)",1,98.03013533115788,11648
"(0.6636745887678723, 0.9861673414304992)",1,98.03007540883593,11649
"(0.9720813204508856, 1.0)",1,98.02995421192932,11650
"(0.9833211143695014, 1.0)",1,98.02974809037622,11651
"(0.8374727668845315, 1.0)",1,98.02942754909412,11652
"(0.826388888888889, 1.0)",1,98.029172538354,11653
"(0.8976982097186702, 0.9833229101521784)",1,98.0289923885076,11654
"(0.7198480531813864, 1.0)",1,98.02867138582586,11655
"(0.8928598364786969, 0.9958292603453894)",1,98.02852954500548,11656
"(0.9165164082221422, 1.0)",1,98.02847344192897,11657
"(0.9313372164415809, 0.9916585206907788)",1,98.02838069843816,11658
"(0.9445235834124724, 1.0)",1,98.02829701403772,11659
"(0.9167853751187084, 1.0)",1,98.02829219220646,11660
"(0.8736212624584717, 1.0)",1,98.02735269569315,11661
"(0.8796475392220073, 1.0)",2,98.02684256662796,11663
"(0.9498370804822418, 0.9873891625615764)",1,98.02672761985296,11664
"(1.0, 1.0)",1,98.02665905712811,11665
"(0.8907966222338917, 0.9958292603453894)",1,98.02653324064777,11666
"(0.917469251615593, 1.0)",1,98.02632795463998,11667
"(0.7204751921733054, 1.0)",1,98.026165834437,11668
"(0.8907966222338917, 0.9958292603453894)",1,98.026044746267,11669
"(0.8976982097186702, 1.0)",1,98.0259908306239,11670
"(0.8222222222222222, 1.0)",1,98.02556821872706,11671
"(0.7348436174331348, 0.972281746031746)",2,98.02513624250146,11673
"(0.9279680209218476, 0.9916585206907788)",1,98.02505349000296,11674
"(1.0, 1.0)",1,98.02497638607554,11675
"(0.9665831244778612, 1.0)",1,98.02465124056076,11676
"(0.9490213526488036, 0.9916585206907788)",1,98.0245260436434,11677
"(0.6760835913312693, 1.0)",1,98.02435471394084,11678
"(1.0, 1.0)",1,98.02433979513089,11679
"(0.9666562434855118, 1.0)",2,98.02374443164672,11681
"(0.868077055383557, 1.0)",1,98.02349656456568,11682
"(0.8586166985951469, 0.9861673414304992)",1,98.02341297994217,11683
"(0.8877034517510707, 0.9861673414304992)",1,98.02341192221732,11684
"(0.9166145507608924, 1.0)",1,98.02303099342237,11685
"(0.9834358767945106, 0.974930567534932)",1,98.02259131173942,11686
"(0.808446455505279, 1.0)",1,98.02244011790803,11687
"(0.9436368312757202, 0.9861310021084456)",1,98.02242859004842,11688
"(0.8817656528001355, 0.9873891625615764)",1,98.021737405057,11689
"(0.8315474711586087, 0.9916585206907788)",1,98.02152965084532,11690
"(0.9126251340467026, 0.9958292603453894)",1,98.02148510241614,11691
"(0.826388888888889, 1.0)",2,98.02140229728283,11693
"(1.0, 1.0)",1,98.02139768781932,11694
"(0.7574146783449108, 1.0)",1,98.02128389336973,11695
"(0.8840048840048841, 1.0)",1,98.0211949126272,11696
"(0.8374727668845315, 1.0)",1,98.02113246080349,11697
"(0.8449978636391381, 1.0)",1,98.02087539996172,11698
"(0.8697983697983697, 1.0)",1,98.02073741164206,11699
"(0.8796475392220073, 1.0)",1,98.02043102627142,11700
"(0.901575014782562, 1.0)",1,98.02010495001416,11701
"(0.8358530587380517, 0.9834113430318364)",1,98.02007017892936,11702
"(0.902012682657844, 0.9958292603453894)",2,98.01995528235672,11704
"(0.8476190476190477, 1.0)",2,98.01983970030572,11706
"(0.8974984433303618, 0.9873891625615764)",1,98.0196280757296,11707
"(0.8432903075760217, 1.0)",1,98.01924060013394,11708
"(0.7362637362637362, 1.0)",1,98.01920747538198,11709
"(0.8970129352925051, 0.9873891625615764)",2,98.0189281930471,11711
"(0.861111111111111, 1.0)",1,98.0184266835291,11712
"(0.8315474711586087, 0.9916585206907788)",2,98.01794969022328,11714
"(0.8697983697983697, 1.0)",1,98.01756239459816,11715
"(0.837707400507675, 1.0)",2,98.01749626869736,11717
"(0.7673678366541239, 1.0)",1,98.01727866881848,11718
"(0.8653198653198653, 1.0)",1,98.017081226497,11719
"(0.9749666014988596, 0.9873891625615764)",1,98.01604313184768,11720
"(0.9331662489557224, 1.0)",1,98.0160017310234,11721
"(0.9332172991312776, 0.9916585206907788)",1,98.0158553779182,11722
"(0.8374727668845315, 1.0)",1,98.01573846689736,11723
"(0.8814814814814814, 1.0)",1,98.0153418817164,11724
"(0.9720813204508856, 1.0)",1,98.01510751413817,11725
"(0.917415489944373, 1.0)",1,98.01495122605073,11726
"(0.8970129352925051, 0.9873891625615764)",1,98.0141370064334,11727
"(0.9622634791942192, 0.9958292603453894)",1,98.0141320051917,11728
"(0.915225485035732, 0.9832184229069656)",1,98.01390905014244,11729
"(0.9280317595086728, 0.9916585206907788)",1,98.01323957854308,11730
"(0.9497171590194848, 0.9833229101521784)",1,98.013217829888,11731
"(0.93795454842108, 0.9873891625615764)",1,98.01321529515752,11732
"(0.8347775825943863, 0.9958292603453894)",2,98.01301980166758,11734
"(0.8358530587380517, 0.987463247273494)",1,98.0130083668472,11735
"(1.0, 1.0)",1,98.01293519393649,11736
"(0.9164652836623464, 1.0)",2,98.0129278050898,11738
"(0.9333333333333332, 1.0)",1,98.0125362920569,11739
"(0.9499687304565352, 1.0)",2,98.01231340691618,11741
"(0.9833229101521784, 1.0)",1,98.01230198417338,11742
"(0.9436368312757202, 0.9861673414304992)",1,98.01219045795082,11743
"(0.8920217788143652, 0.987463247273494)",1,98.01206045339688,11744
"(0.8347775825943863, 0.9958292603453894)",1,98.01190456428658,11745
"(0.8483418730488175, 0.9958292603453894)",1,98.01176120575794,11746
"(0.8222222222222222, 1.0)",1,98.01174529455788,11747
"(0.9368376974614298, 0.9916585206907788)",1,98.01109638272044,11748
"(0.844988344988345, 1.0)",1,98.01098517930204,11749
"(0.8222222222222222, 1.0)",1,98.0109387132422,11750
"(0.9833229101521784, 1.0)",1,98.01085107919944,11751
"(1.0, 1.0)",1,98.01050468572932,11752
"(0.8310777799491891, 1.0)",1,98.01003404591154,11753
"(0.8613656783468103, 1.0)",1,98.01000709889672,11754
"(0.9412964149491664, 0.9873891625615764)",1,98.00981527815038,11755
"(0.9230468061350414, 0.979166518665308)",1,98.00971095556216,11756
"(0.8796475392220073, 1.0)",2,98.00959317983369,11758
"(0.9332172991312776, 0.9916585206907788)",2,98.00933044080112,11760
"(0.9166145507608924, 1.0)",1,98.009252276487,11761
"(0.8805377184744008, 0.991777356103732)",1,98.0091763006553,11762
"(0.8618871810094527, 0.9882048106149588)",1,98.0089075259506,11763
"(0.9377308530249706, 0.987463247273494)",1,98.00879078803844,11764
"(0.8976982097186702, 1.0)",1,98.00853657238852,11765
"(0.950175761409158, 0.987463247273494)",2,98.00834474321596,11767
"(0.6747507742934573, 1.0)",1,98.0082759128112,11768
"(0.8937718863178524, 0.9832184229069656)",1,98.00791858699104,11769
"(0.9374843410636878, 0.9792406033772258)",1,98.00777271259555,11770
"(0.9131856219190184, 0.9916625936787228)",1,98.00759224005546,11771
"(0.9833229101521784, 1.0)",1,98.00744597984414,11772
"(0.8165520116739629, 1.0)",1,98.00729868341226,11773
"(0.9496114574862204, 0.9873891625615764)",1,98.00729353914092,11774
"(0.9205517358458536, 0.9916339869281046)",1,98.0069458734813,11775
"(0.6521663785997688, 0.9882048106149588)",1,98.00689279860048,11776
"(0.861111111111111, 1.0)",2,98.00671079445588,11778
"(0.93773047895128, 0.9958292603453894)",2,98.0066657911815,11780
"(0.9153127183787562, 0.9861673414304992)",1,98.00635755315078,11781
"(0.917655049465296, 0.9916585206907788)",2,98.00628785910912,11783
"(0.9189396095602992, 0.9958292603453894)",1,98.00625782722574,11784
"(0.9037258879440732, 0.9861673414304992)",1,98.00575708968913,11785
"(0.9153439153439152, 1.0)",1,98.00544559145062,11786
"(0.9442283950617284, 1.0)",1,98.00541491309848,11787
"(1.0, 1.0)",1,98.00500567270828,11788
"(0.9153439153439152, 1.0)",1,98.00494934608126,11789
"(0.91326516498939, 0.9873891625615764)",1,98.00465424332916,11790
"(0.8942622047218923, 0.9873891625615764)",1,98.0045327256718,11791
"(0.8733799478600891, 0.9834113430318364)",1,98.00449513754477,11792
"(0.931200007971039, 0.9916585206907788)",1,98.0042538941094,11793
"(0.9499687304565352, 0.9833229101521784)",1,98.00406468940372,11794
"(0.8476190476190477, 1.0)",1,98.00383005756782,11795
"(0.9374843410636878, 0.9834113430318364)",1,98.00374935927196,11796
"(0.8860455063826657, 0.9861673414304992)",1,98.0035187659941,11797
"(0.9282083232965586, 0.9873891625615764)",1,98.00308980137116,11798
"(0.6698155645524068, 1.0)",2,98.0029822880712,11800
"(0.9331662489557224, 1.0)",1,98.00266240201849,11801
"(0.7404350561362756, 0.9861673414304992)",1,98.00259776368208,11802
"(0.8884797556713653, 0.9916585206907788)",2,98.0025894986359,11804
"(0.7632275132275131, 1.0)",1,98.00220204749444,11805
"(0.9309563801089225, 1.0)",1,98.00210387771332,11806
"(0.9282083232965586, 0.9916585206907788)",1,98.00204611667496,11807
"(0.837707400507675, 1.0)",2,98.0020105121068,11809
"(0.9333333333333332, 1.0)",1,98.00197235845408,11810
"(0.868077055383557, 1.0)",1,98.00191404912071,11811
"(1.0, 0.9833229101521784)",1,98.001787803897,11812
"(0.837707400507675, 1.0)",1,98.00171266938364,11813
"(0.9442283950617284, 1.0)",1,98.00116712244308,11814
"(0.9280317595086728, 0.987495927012056)",1,98.00106540746118,11815
"(0.950175761409158, 0.9834113430318364)",2,98.00103051005703,11817
"(0.721056721056721, 1.0)",1,98.00084330641394,11818
"(0.8443691323092412, 0.9958292603453894)",1,98.00057467828904,11819
"(0.9153439153439156, 1.0)",1,98.00039825623902,11820
"(0.9125533644430458, 0.9873891625615764)",1,97.9997479816946,11821
"(0.844988344988345, 1.0)",1,97.99971572761169,11822
"(0.8068904981347378, 1.0)",2,97.99967008390476,11824
"(0.8928598364786969, 0.987491854024112)",2,97.99964987631505,11826
"(0.8374727668845315, 1.0)",1,97.9996491324822,11827
"(0.917655049465296, 0.979269210127844)",1,97.99952623244135,11828
"(0.9498370804822418, 0.9873891625615764)",2,97.99936949596686,11830
"(0.7946380416968652, 0.9958292603453894)",1,97.9989399385924,11831
"(1.0, 1.0)",1,97.99888383243255,11832
"(0.6804620726495727, 1.0)",1,97.998839643508,11833
"(0.8796475392220073, 1.0)",1,97.99865104411576,11834
"(1.0, 1.0)",2,97.99833827920672,11836
"(0.8137865219658889, 0.9833229101521784)",2,97.9982852605169,11838
"(0.9384174012481092, 0.9916585206907788)",1,97.99802491294224,11839
"(0.9131856219190184, 0.9958292603453894)",1,97.99764435986992,11840
"(0.9665831244778612, 1.0)",1,97.997631386652,11841
"(0.9255016105325704, 0.9834113430318364)",1,97.9975417546545,11842
"(0.7183489076634237, 1.0)",1,97.99753271821908,11843
"(0.9748524098350704, 0.9832184229069656)",2,97.9974326428536,11845
"(0.9166145507608924, 1.0)",1,97.99706228069046,11846
"(0.902012682657844, 0.987463247273494)",1,97.99705667912076,11847
"(0.6825396825396824, 1.0)",1,97.99689462821682,11848
"(0.8697983697983697, 1.0)",1,97.99671650647008,11849
"(0.7372334455667788, 1.0)",1,97.99669556850613,11850
"(0.9436368312757202, 0.9861673414304992)",1,97.99663986825276,11851
"(0.9833229101521784, 1.0)",1,97.99640914665248,11852
"(0.931200007971039, 0.9873891625615764)",1,97.99612024667596,11853
"(0.8703703703703703, 1.0)",1,97.99578657428005,11854
"(0.7979797979797979, 1.0)",2,97.99572378450162,11856
"(0.9441792447111594, 1.0)",1,97.9956804576345,11857
"(0.9079075500409146, 0.979166518665308)",1,97.9956132462717,11858
"(0.9114218054477384, 0.9958292603453894)",1,97.99552662783084,11859
"(0.6521663785997688, 1.0)",1,97.99541651602652,11860
"(0.837707400507675, 1.0)",1,97.99537675666316,11861
"(0.7552298585410389, 1.0)",1,97.99509763992803,11862
"(0.7713401051412279, 1.0)",1,97.99474987609707,11863
"(0.9833229101521784, 1.0)",1,97.99473321676608,11864
"(0.9788980434141724, 0.9624657822760287)",1,97.9946533960734,11865
"(0.9374843410636878, 0.979166518665308)",1,97.99458767707183,11866
"(0.9009534009534008, 1.0)",1,97.99443826141646,11867
"(0.9293300445873568, 0.9958292603453894)",1,97.99436956178468,11868
"(0.972281746031746, 0.9861673414304992)",1,97.99431278000591,11869
"(0.7944219523166891, 1.0)",1,97.99420676427664,11870
"(0.9384174012481092, 0.9916585206907788)",1,97.99377340782848,11871
"(0.786508365740383, 0.9882048106149588)",1,97.99367658272364,11872
"(0.9497171590194848, 0.9833229101521784)",1,97.99317281191034,11873
"(0.93795454842108, 0.9874877810361682)",1,97.9929675740128,11874
"(0.8319340617212959, 1.0)",1,97.99286127110685,11875
"(0.8347775825943863, 0.9916585206907788)",1,97.9927445754754,11876
"(0.8811945374355704, 1.0)",1,97.99261973790723,11877
"(0.8916052423523688, 0.9916339869281046)",1,97.99239721262332,11878
"(0.9291343771135042, 0.9916585206907788)",1,97.99220176134072,11879
"(0.9403679612329746, 0.9873891625615764)",1,97.99217943589234,11880
"(0.91326516498939, 0.9873891625615764)",1,97.99194116448592,11881
"(0.8695210904700781, 0.9916585206907788)",1,97.99179393664632,11882
"(0.8717520170461346, 0.9958292603453894)",2,97.99156294172523,11884
"(0.9205517358458536, 0.9873891625615764)",1,97.99148858437324,11885
"(0.9164652836623464, 1.0)",1,97.991365418754,11886
"(0.7183489076634237, 1.0)",1,97.99124972293416,11887
"(0.9833229101521784, 1.0)",1,97.99110144438588,11888
"(0.9365496267832196, 0.9958292603453894)",2,97.99068196274791,11890
"(0.9369808292429718, 0.97038150548587)",1,97.99063109543523,11891
"(0.8976982097186702, 1.0)",1,97.9905312441613,11892
"(0.6804620726495727, 1.0)",1,97.99051902851215,11893
"(0.799275702501509, 1.0)",2,97.99024979362537,11895
"(0.9250222656674272, 0.9916585206907788)",2,97.98998712966376,11897
"(0.8736897274633123, 1.0)",1,97.98987015082072,11898
"(0.8929015655249481, 0.9958292603453894)",1,97.98982206879474,11899
"(0.9665831244778612, 1.0)",2,97.98970112679314,11901
"(0.8347775825943863, 0.9916625936787228)",1,97.98969250975247,11902
"(0.8016677935542034, 1.0)",2,97.98965600984728,11904
"(0.9131856219190184, 0.9916585206907788)",1,97.98929880757277,11905
"(0.902764590611026, 0.9916585206907788)",1,97.98917422425274,11906
"(0.9665831244778612, 1.0)",2,97.98858209641264,11908
"(0.9280459216361852, 0.9958292603453894)",2,97.98823178319896,11910
"(0.6747507742934573, 1.0)",1,97.98799380720664,11911
"(0.9436368312757202, 0.9861310021084456)",1,97.98793831434293,11912
"(0.9418479305417444, 0.988167361639188)",1,97.9876733212371,11913
"(0.7673678366541239, 1.0)",2,97.98759023825905,11915
"(0.9442283950617284, 1.0)",1,97.98752427141548,11916
"(0.8651903651903651, 1.0)",1,97.98730836259443,11917
"(0.844988344988345, 1.0)",1,97.98720950644508,11918
"(0.8796475392220073, 1.0)",2,97.98702108346966,11920
"(0.9746854694957162, 0.9831818181818182)",1,97.98661022648344,11921
"(0.8347775825943863, 0.9916625936787228)",2,97.98650268373952,11923
"(0.9161952650324744, 1.0)",1,97.98632393092734,11924
"(0.9153439153439152, 1.0)",1,97.98620169351877,11925
"(0.8814814814814814, 1.0)",1,97.98586482909258,11926
"(0.8958208965097509, 0.9874877810361682)",1,97.9857696787038,11927
"(0.9833229101521784, 1.0)",1,97.98576491259418,11928
"(0.9833229101521784, 1.0)",1,97.98556478229136,11929
"(0.9045740456093042, 0.9882048106149588)",1,97.98532908360582,11930
"(0.9192093318943212, 0.9882048106149588)",1,97.98506520175144,11931
"(0.860331150951135, 0.9958292603453894)",1,97.98494059371308,11932
"(0.9444901834607716, 0.9861673414304992)",1,97.98492968854696,11933
"(0.8796475392220073, 1.0)",1,97.9848296865094,11934
"(0.8907966222338917, 0.9916585206907788)",1,97.98453381478892,11935
"(0.917655049465296, 0.9958292603453894)",1,97.9844179352629,11936
"(0.9177366931314298, 0.979166518665308)",1,97.98427349597168,11937
"(0.9182966261114094, 0.9958292603453894)",1,97.98409054479616,11938
"(0.8796475392220073, 1.0)",1,97.98406216013213,11939
"(0.9497171590194848, 1.0)",1,97.9839967993189,11940
"(0.8796475392220073, 1.0)",1,97.983994911039,11941
"(0.7802197802197803, 1.0)",1,97.98395692137818,11942
"(0.8736897274633123, 1.0)",1,97.9839186936615,11943
"(0.8420013166556946, 1.0)",1,97.98377257407918,11944
"(0.6703030303030302, 1.0)",1,97.98259993715092,11945
"(0.9326599326599326, 1.0)",1,97.98253705032823,11946
"(0.9436368312757202, 0.9861673414304992)",1,97.9821145689828,11947
"(0.786508365740383, 1.0)",1,97.98209546369178,11948
"(0.9833229101521784, 1.0)",1,97.98198179907256,11949
"(0.9442283950617284, 1.0)",1,97.98156730443138,11950
"(0.8796475392220073, 1.0)",1,97.9814631024922,11951
"(0.7835695636831266, 0.9958292603453894)",1,97.98135949097134,11952
"(0.9161952650324744, 1.0)",1,97.98133628971908,11953
"(0.8420013166556946, 1.0)",1,97.98126358985226,11954
"(0.8732774170274171, 1.0)",1,97.9811418061818,11955
"(0.8374727668845315, 1.0)",1,97.98090170187898,11956
"(0.8432903075760217, 1.0)",1,97.98068285955698,11957
"(0.786508365740383, 0.9882048106149588)",1,97.98026403974228,11958
"(0.8796475392220073, 1.0)",1,97.97990278652252,11959
"(0.93795454842108, 0.9873891625615764)",1,97.97969671911304,11960
"(0.9027777777777778, 0.986081059422206)",1,97.97956878069589,11961
"(0.8443691323092412, 0.9916585206907788)",1,97.97947076126252,11962
"(0.9279680209218476, 0.9916585206907788)",1,97.97918349977812,11963
"(0.9333333333333332, 1.0)",1,97.9791138176044,11964
"(0.746304385688563, 1.0)",1,97.97867026661211,11965
"(0.6042502004811546, 0.9882048106149588)",2,97.97785136728962,11967
"(0.9833229101521784, 1.0)",1,97.97771794869524,11968
"(0.812557599070401, 0.9861673414304992)",1,97.97757453145503,11969
"(0.8867361313822293, 0.987495927012056)",1,97.97746883856146,11970
"(0.8653198653198653, 1.0)",2,97.97715289459624,11972
"(0.9037258879440732, 0.9861673414304992)",1,97.9771411468436,11973
"(0.7348436174331348, 0.972281746031746)",1,97.97665426827588,11974
"(0.9300671002153482, 0.9861673414304992)",1,97.97635141239452,11975
"(0.9, 1.0)",1,97.9763322162552,11976
"(0.920238255356524, 0.9834113430318364)",1,97.9758605121309,11977
"(0.8958208965097509, 0.9916585206907788)",1,97.97564993448565,11978
"(0.9522870228046522, 1.0)",1,97.97547510166932,11979
"(0.8996392387758612, 0.9873891625615764)",1,97.97545864509944,11980
"(0.8068904981347378, 1.0)",1,97.97531316193374,11981
"(0.7673678366541239, 1.0)",1,97.97506322425497,11982
"(0.7802197802197803, 1.0)",1,97.9750560300817,11983
"(0.920238255356524, 0.9834113430318364)",1,97.97492500783864,11984
"(0.950175761409158, 0.991777356103732)",1,97.97452981786071,11985
"(0.8358530587380517, 1.0)",1,97.97439417360778,11986
"(0.812557599070401, 1.0)",1,97.9740140033248,11987
"(0.837707400507675, 1.0)",2,97.97340366620654,11989
"(0.7979797979797979, 1.0)",1,97.97333987333084,11990
"(0.6831352928913905, 1.0)",2,97.97252527203398,11992
"(0.6825396825396824, 1.0)",1,97.9724388248296,11993
"(0.9662506012506012, 0.9916585206907788)",1,97.9719568940776,11994
"(0.8867361313822293, 0.987463247273494)",1,97.97158629626986,11995
"(0.6042502004811546, 1.0)",1,97.97155104896224,11996
"(0.9326599326599326, 1.0)",1,97.9712981708207,11997
"(0.9326599326599326, 1.0)",1,97.9709021748803,11998
"(0.927082576248316, 0.979166518665308)",1,97.9707519878202,11999
"(0.9300590455241422, 0.9916585206907788)",1,97.97057573912322,12000
"(0.8476190476190477, 1.0)",1,97.97053248087867,12001
"(0.9498370804822418, 0.9873891625615764)",1,97.9704613998214,12002
"(0.8653198653198653, 1.0)",1,97.97004174989,12003
"(0.8761383419447936, 0.9873891625615764)",1,97.969709874895,12004
"(1.0, 1.0)",1,97.96959367407,12005
"(0.9750780096985032, 0.9833211143695014)",1,97.96886489632736,12006
"(0.9408363037601548, 0.9958292603453894)",1,97.9686952576416,12007
"(0.9437903841498612, 0.9861673414304992)",1,97.9686377011945,12008
"(0.7077308656256025, 1.0)",1,97.96849339094614,12009
"(1.0, 1.0)",1,97.96843059624052,12010
"(0.7340324228911184, 1.0)",1,97.96805097269976,12011
"(0.9497171590194846, 1.0)",1,97.96733848629512,12012
"(0.7562136521052955, 1.0)",1,97.9671737293226,12013
"(0.9034438470728792, 0.9916585206907788)",1,97.96708186711906,12014
"(0.8586166985951469, 0.9861673414304992)",1,97.96677753780232,12015
"(0.9079075500409146, 0.9834113430318364)",1,97.96671733045672,12016
"(0.9750943974852894, 0.9791258409522168)",1,97.96667360465494,12017
"(0.8907966222338917, 0.9958292603453894)",1,97.96638614629592,12018
"(0.8761383419447936, 0.9873891625615764)",1,97.96627736595678,12019
"(0.8635976129582268, 1.0)",2,97.96623597595436,12021
"(0.6042502004811546, 0.9882048106149588)",1,97.96605617790458,12022
"(0.5131569832583307, 1.0)",1,97.96595050551328,12023
"(0.7404350561362756, 0.9861673414304992)",1,97.9658431270974,12024
"(0.8495378883833893, 0.9916585206907788)",1,97.9657978353419,12025
"(0.93773047895128, 0.9958292603453894)",1,97.965681697555,12026
"(0.6825396825396824, 1.0)",2,97.96567175151569,12028
"(0.9332172991312776, 0.9958292603453894)",1,97.96504980949166,12029
"(0.8653198653198653, 0.9833229101521784)",1,97.96498509269205,12030
"(0.8547756205106323, 1.0)",1,97.96426533387285,12031
"(0.9157097551404952, 0.9958292603453894)",1,97.96368804525956,12032
"(0.9833229101521784, 1.0)",1,97.96305496695682,12033
"(0.8468951683237397, 1.0)",1,97.96293705643308,12034
"(0.9504245882013664, 0.9958292603453894)",1,97.96290209416787,12035
"(0.931200007971039, 0.9873891625615764)",1,97.9627451130896,12036
"(0.7164894725870335, 1.0)",1,97.96273830257928,12037
"(0.9586562930696936, 0.979166518665308)",1,97.96230351168656,12038
"(0.8101143854687974, 1.0)",1,97.96223757187946,12039
"(0.8358530587380517, 0.987463247273494)",1,97.9622155889199,12040
"(0.9750854369118126, 0.9747376474100612)",1,97.96208210144393,12041
"(0.9457018956165067, 0.9958292603453894)",1,97.9615853834467,12042
"(0.944120583717358, 0.9832184229069656)",1,97.9615341587836,12043
"(0.8177442148030384, 1.0)",1,97.96145472081126,12044
"(0.8222222222222222, 1.0)",1,97.96123107181862,12045
"(0.9008627640703112, 0.986081059422206)",2,97.96112686167,12047
"(0.9205517358458536, 0.9873891625615764)",1,97.96106317205634,12048
"(1.0, 0.9665831244778612)",1,97.96065881189568,12049
"(0.8247905643738976, 1.0)",2,97.96035526101124,12051
"(0.9666562434855118, 1.0)",2,97.95954661513068,12053
"(0.8814814814814814, 0.9833229101521784)",2,97.959522730553,12055
"(0.893146638589877, 1.0)",1,97.95926021087672,12056
"(0.920238255356524, 0.9834113430318364)",1,97.95881193020108,12057
"(0.9791258409522168, 0.9958292603453894)",1,97.95849181407044,12058
"(0.9669558693467613, 0.9790476832523552)",1,97.95848216135424,12059
"(0.8976982097186702, 1.0)",2,97.95841828708114,12061
"(0.944073617452092, 1.0)",1,97.95786668107314,12062
"(0.950175761409158, 0.979166518665308)",1,97.95767247236871,12063
"(0.9198255060602112, 0.9916585206907788)",1,97.95766961436148,12064
"(0.8851917026609075, 1.0)",1,97.95719833203688,12065
"(0.9303715638302106, 1.0)",1,97.95715552243942,12066
"(0.9580602951397298, 0.9958292603453894)",1,97.95711250459242,12067
"(0.8420013166556946, 1.0)",1,97.95685386139168,12068
"(0.868077055383557, 1.0)",1,97.95670890341928,12069
"(0.8016677935542034, 1.0)",1,97.95669779945766,12070
"(0.8586166985951469, 0.9861673414304992)",1,97.95658770949038,12071
"(0.8796475392220073, 1.0)",2,97.95657399348003,12073
"(0.9665831244778612, 1.0)",1,97.9564897200352,12074
"(0.837707400507675, 1.0)",2,97.9563247539659,12076
"(0.9398099650133386, 0.9873891625615764)",1,97.9555536642548,12077
"(0.8432903075760217, 1.0)",1,97.95545768610997,12078
"(0.8996392387758612, 0.9873891625615764)",1,97.95538602757208,12079
"(0.8694224991654613, 0.988167361639188)",1,97.9549835376046,12080
"(0.8468089381754635, 1.0)",1,97.95489874213722,12081
"(0.9497171590194846, 1.0)",1,97.95488642991404,12082
"(0.7340930674264006, 1.0)",2,97.95477462901135,12084
"(0.9833229101521784, 1.0)",1,97.95450224888684,12085
"(0.8717520170461346, 0.9958292603453894)",1,97.95448796507888,12086
"(0.6747507742934573, 1.0)",1,97.95433933170314,12087
"(0.9444901834607716, 0.9861673414304992)",1,97.95428415052008,12088
"(1.0, 1.0)",1,97.9539817086711,12089
"(0.9158007932517735, 1.0)",1,97.95387512208636,12090
"(0.8358530587380517, 0.9834113430318364)",1,97.95382453021462,12091
"(0.8319340617212959, 1.0)",1,97.95362336309832,12092
"(0.9326599326599326, 1.0)",1,97.95358017704967,12093
"(0.6042502004811546, 0.9882048106149588)",1,97.95310450731216,12094
"(0.9377308530249706, 0.979166518665308)",1,97.95266487911296,12095
"(0.931200007971039, 0.9873891625615764)",1,97.9526126361884,12096
"(0.7348436174331348, 0.9861673414304992)",4,97.95241752324884,12100
"(0.859499940327008, 1.0)",1,97.95240441511254,12101
"(0.9303715638302106, 1.0)",1,97.95095832192646,12102
"(0.9833229101521784, 0.9833229101521784)",1,97.95075981743874,12103
"(0.7511111111111111, 1.0)",1,97.95019712326726,12104
"(0.8247905643738976, 1.0)",1,97.94886125410378,12105
"(0.9331662489557224, 1.0)",1,97.94786011078608,12106
"(0.9499687304565352, 1.0)",1,97.94743856802184,12107
"(0.9499687304565352, 0.9833229101521784)",1,97.94727500548622,12108
"(0.987491854024112, 0.9958292603453894)",1,97.94630299606035,12109
"(0.8796475392220073, 1.0)",1,97.94580744587148,12110
"(0.859499940327008, 1.0)",1,97.94579582854566,12111
"(0.931200007971039, 0.9873891625615764)",1,97.94556809083466,12112
"(1.0, 1.0)",1,97.9451244588402,12113
"(0.8976982097186702, 1.0)",1,97.94489524948412,12114
"(1.0, 0.9833229101521784)",1,97.94481508602188,12115
"(0.9299507899507898, 1.0)",1,97.9447674276773,12116
"(0.8796475392220073, 1.0)",1,97.94403842502189,12117
"(0.9664171122994653, 0.966791790996463)",1,97.94403466385091,12118
"(0.9833229101521784, 1.0)",2,97.94383812493416,12120
"(0.8736897274633123, 1.0)",1,97.9436908787011,12121
"(0.9279680209218476, 0.9916585206907788)",1,97.9435744433515,12122
"(0.8483418730488175, 0.9916585206907788)",1,97.9434485350532,12123
"(0.9833229101521784, 1.0)",1,97.94329646312715,12124
"(0.8315416458960965, 0.988167361639188)",1,97.94318875424534,12125
"(0.6825396825396824, 1.0)",1,97.94310186407512,12126
"(0.9622634791942192, 0.9916666666666668)",2,97.94267303531406,12128
"(0.9369138996969484, 0.9958292603453894)",1,97.9426266112004,12129
"(1.0, 1.0)",1,97.9424671899361,12130
"(0.8877034517510707, 0.9861673414304992)",1,97.942046224921,12131
"(0.9437903841498612, 1.0)",2,97.94172042748995,12133
"(0.8976982097186702, 1.0)",1,97.94164957923972,12134
"(0.7280584513944579, 0.9861673414304992)",3,97.9416222131432,12137
"(0.7119388248146047, 1.0)",2,97.94150803660249,12139
"(0.8329050741331443, 1.0)",1,97.94144531344116,12140
"(0.9835199925522506, 0.9735861735861736)",1,97.94121863012052,12141
"(0.987491854024112, 0.9873484848484848)",1,97.94071958073116,12142
"(0.7946380416968652, 0.9916585206907788)",1,97.94054958342784,12143
"(0.7340930674264006, 1.0)",2,97.94027371760228,12145
"(0.8653198653198653, 1.0)",1,97.94023330455111,12146
"(0.9158007932517735, 1.0)",1,97.94009969281076,12147
"(0.8177442148030384, 1.0)",2,97.93990125354532,12149
"(0.8732774170274171, 1.0)",2,97.9397890625415,12151
"(0.8796475392220073, 1.0)",2,97.93977171153486,12153
"(0.7903875985986362, 1.0)",1,97.93971687805416,12154
"(0.8222222222222222, 1.0)",2,97.939709278776,12156
"(0.8733799478600891, 0.979166518665308)",1,97.93966313640752,12157
"(0.5131569832583307, 1.0)",1,97.93951964869407,12158
"(0.8996392387758612, 0.991777356103732)",2,97.93945406752616,12160
"(0.9288423094874708, 0.9916585206907788)",1,97.93914167724432,12161
"(0.7075023741690408, 1.0)",1,97.93904944140698,12162
"(0.8165520116739629, 1.0)",1,97.93876021362276,12163
"(0.8468951683237397, 1.0)",1,97.93847590252322,12164
"(0.5131569832583307, 0.9882048106149588)",2,97.93823443000932,12166
"(0.9374843410636878, 0.9834113430318364)",1,97.93820790942272,12167
"(1.0, 1.0)",2,97.93814898325792,12169
"(0.8796475392220073, 1.0)",1,97.93812082483542,12170
"(0.4747763864042934, 1.0)",1,97.93781908011006,12171
"(0.6042502004811546, 1.0)",1,97.9370416960811,12172
"(0.8796475392220073, 1.0)",2,97.93669683772332,12174
"(0.8101143854687974, 1.0)",1,97.93637832097076,12175
"(0.9164652836623464, 1.0)",1,97.93625366820274,12176
"(0.901575014782562, 1.0)",1,97.93597319852093,12177
"(0.8358530587380517, 0.9834113430318364)",1,97.93594565916794,12178
"(0.983545503234046, 0.9623134594339527)",1,97.93582943418852,12179
"(0.8600291387756281, 0.9958292603453894)",1,97.93562628775022,12180
"(0.9501563219469168, 0.9958292603453894)",1,97.93485404358432,12181
"(0.8613656783468103, 1.0)",1,97.9347874453791,12182
"(0.9748850895736324, 0.9916625936787228)",2,97.93473685422116,12184
"(0.7786375661375661, 1.0)",1,97.93401518891017,12185
"(0.8840455840455841, 1.0)",1,97.9339282142474,12186
"(0.8736897274633123, 1.0)",1,97.93388300166136,12187
"(0.8319340617212959, 1.0)",1,97.93349263708552,12188
"(0.8907966222338917, 0.9916585206907788)",1,97.93337510611411,12189
"(0.5836197591348022, 1.0)",1,97.93317496211957,12190
"(0.8390424521630195, 0.9861673414304992)",1,97.93295779623,12191
"(0.6747507742934573, 1.0)",1,97.93272640514076,12192
"(0.9365496267832196, 0.9835199925522506)",1,97.93232414784237,12193
"(0.8600291387756281, 0.9916585206907788)",1,97.93220039920094,12194
"(0.826388888888889, 1.0)",1,97.93217021238256,12195
"(0.8796475392220073, 1.0)",1,97.93183355982907,12196
"(0.9333044546043194, 0.9916585206907788)",1,97.93174295041187,12197
"(0.940928587432546, 0.979166518665308)",1,97.93136386250836,12198
"(0.9326599326599326, 1.0)",2,97.93132745371956,12200
"(0.6760835913312693, 1.0)",1,97.93130746479768,12201
"(0.7121693121693121, 1.0)",2,97.93058391139292,12203
"(1.0, 1.0)",1,97.93056322337786,12204
"(0.8736897274633123, 1.0)",1,97.93051352471146,12205
"(0.7994987468671678, 0.9833229101521784)",1,97.93034807155476,12206
"(0.6544644252235129, 1.0)",1,97.92996814405642,12207
"(0.9384174012481092, 0.9958292603453894)",1,97.92959460106194,12208
"(0.7687400318979267, 1.0)",2,97.92944848898412,12210
"(0.6760835913312693, 1.0)",1,97.92914949478904,12211
"(1.0, 0.9833229101521784)",1,97.928953544858,12212
"(0.8805377184744008, 0.987463247273494)",1,97.9289280676504,12213
"(0.9295946890286512, 1.0)",1,97.92825499022231,12214
"(0.8847822547822548, 0.9861673414304992)",2,97.9281366498496,12216
"(0.8016677935542034, 1.0)",1,97.92794274924049,12217
"(0.8676532769556025, 1.0)",1,97.92753092132828,12218
"(0.9833229101521784, 1.0)",1,97.92740254325612,12219
"(0.7574146783449108, 1.0)",1,97.9270497700027,12220
"(0.8312205288949474, 1.0)",1,97.92646947369153,12221
"(1.0, 1.0)",1,97.92564745354544,12222
"(0.8445669351307097, 0.9861673414304992)",1,97.9255114186716,12223
"(0.9497171590194848, 1.0)",1,97.925397478239,12224
"(0.8976982097186702, 1.0)",2,97.92525466142436,12226
"(0.9008025849489264, 1.0)",2,97.92489298825586,12228
"(0.8997493734335841, 1.0)",2,97.9246807028474,12230
"(0.93795454842108, 0.9873891625615764)",2,97.92386999951182,12232
"(0.5910680656443368, 1.0)",1,97.92362450733688,12233
"(0.9166145507608924, 1.0)",1,97.9235645215731,12234
"(0.7119388248146047, 1.0)",1,97.92345360737274,12235
"(0.8761383419447936, 0.9916339869281046)",1,97.92329639408852,12236
"(0.9750854369118126, 0.9747027699968877)",1,97.92286587174532,12237
"(1.0, 1.0)",1,97.92270456607562,12238
"(0.6804620726495727, 1.0)",1,97.92257885726316,12239
"(0.9667018107340688, 0.9834113430318364)",1,97.92194854742787,12240
"(0.8796475392220073, 1.0)",1,97.92143911442405,12241
"(0.8247905643738976, 1.0)",1,97.9211435797038,12242
"(0.9161952650324744, 1.0)",1,97.92098517784748,12243
"(0.7673678366541239, 1.0)",1,97.92092355267047,12244
"(0.816195709052852, 1.0)",1,97.92081498193944,12245
"(0.9303715638302106, 1.0)",1,97.9208081187372,12246
"(0.917469251615593, 1.0)",1,97.92054341546144,12247
"(0.4747763864042934, 1.0)",1,97.92041683321816,12248
"(0.8970129352925051, 0.9873891625615764)",1,97.9202475771802,12249
"(0.8483418730488175, 0.9958292603453894)",2,97.91991326636342,12251
"(0.7222222222222221, 0.9833229101521784)",1,97.9196545146482,12252
"(0.8222222222222222, 1.0)",1,97.9196280779079,12253
"(0.7479743867590829, 1.0)",1,97.91950360446116,12254
"(0.9250222656674272, 0.9958292603453894)",1,97.91945596864048,12255
"(0.6804620726495727, 0.986081059422206)",1,97.91901588847078,12256
"(0.8651903651903651, 1.0)",1,97.91883226829188,12257
"(0.9833229101521784, 0.9833229101521784)",1,97.91878413900533,12258
"(0.9832965806068272, 0.9873484848484848)",1,97.91873621972005,12259
"(0.7802197802197803, 1.0)",1,97.91861517248496,12260
"(0.9326599326599326, 1.0)",1,97.91846969075657,12261
"(0.8653198653198653, 0.9833229101521784)",1,97.918118138954,12262
"(0.8813080639167598, 1.0)",1,97.91762230350425,12263
"(0.7404350561362756, 0.9861673414304992)",1,97.91752196123804,12264
"(0.786508365740383, 0.9882048106149588)",2,97.9172891075658,12266
"(0.861111111111111, 1.0)",1,97.91701077830518,12267
"(0.8974984433303618, 0.9873891625615764)",1,97.91666418310272,12268
"(0.9027777777777778, 0.9861673414304992)",1,97.91664294140745,12269
"(0.934122934122934, 1.0)",1,97.91663824644392,12270
"(0.835848883169409, 0.988167361639188)",1,97.9163043742842,12271
"(0.9333044546043194, 0.9916585206907788)",1,97.91626157483452,12272
"(0.8796475392220073, 1.0)",1,97.91624545553762,12273
"(0.934122934122934, 1.0)",2,97.9159349333952,12275
"(0.9440529448756316, 0.9861673414304992)",1,97.91593318958468,12276
"(0.8976982097186702, 1.0)",1,97.91586949570208,12277
"(0.5131569832583307, 0.9882048106149588)",1,97.91556315922836,12278
"(0.9126251340467026, 0.9958292603453894)",1,97.91489550329231,12279
"(0.966586548597934, 0.9832965806068272)",1,97.91485547445424,12280
"(0.9792766373411534, 0.9916585206907788)",1,97.91471020029071,12281
"(0.9666463017269468, 0.987463247273494)",1,97.91462675778368,12282
"(0.8711095549330844, 0.9861673414304992)",1,97.91453527274558,12283
"(0.8476190476190477, 1.0)",2,97.91411501777355,12285
"(0.9243707071934514, 0.9958292603453894)",1,97.91377975690916,12286
"(0.9126251340467026, 0.9916585206907788)",1,97.91325524156451,12287
"(0.9326599326599326, 1.0)",1,97.91307782022857,12288
"(1.0, 1.0)",1,97.91303543422148,12289
"(0.8814814814814814, 1.0)",1,97.91300934080296,12290
"(0.8736897274633123, 1.0)",1,97.91263592969533,12291
"(0.9230468061350414, 0.9834113430318364)",1,97.91250882592274,12292
"(0.8425483191745751, 1.0)",1,97.91212857656618,12293
"(0.915225485035732, 0.9873444118605408)",1,97.9115938409977,12294
"(0.9280459216361852, 0.9916585206907788)",1,97.911392986656,12295
"(0.8796475392220073, 1.0)",2,97.9112718797283,12297
"(0.9050734423340914, 0.9834113430318364)",1,97.9112186338516,12298
"(0.9622634791942192, 0.9958292603453894)",1,97.91108566556072,12299
"(1.0, 0.9833229101521784)",1,97.91050746502944,12300
"(0.8468951683237397, 1.0)",2,97.91013870868912,12302
"(0.8717520170461346, 0.9958292603453894)",1,97.90994364183248,12303
"(0.6215073982652175, 0.9882048106149588)",1,97.90966726461964,12304
"(0.8687499999999999, 0.988167361639188)",1,97.90953749916126,12305
"(0.7348436174331348, 0.9861673414304992)",2,97.90930049127792,12307
"(0.9199973910846122, 0.9873891625615764)",1,97.90927903790605,12308
"(0.9384174012481092, 0.9834113430318364)",1,97.90922188275566,12309
"(0.9250222656674272, 0.9916585206907788)",1,97.90914021437828,12310
"(0.9374843410636878, 0.979166518665308)",1,97.90913852766931,12311
"(0.5910680656443368, 1.0)",1,97.90908294908058,12312
"(0.9436368312757202, 0.9861673414304992)",1,97.90905384286592,12313
"(0.8319340617212959, 0.986081059422206)",1,97.90895179329486,12314
"(0.8586166985951469, 0.9861673414304992)",1,97.9083922324858,12315
"(0.8615866942983156, 1.0)",1,97.90835175958436,12316
"(0.9268079211169572, 0.9958292603453894)",1,97.9083294443356,12317
"(0.9309821833269412, 0.988167361639188)",1,97.90830209182866,12318
"(0.8016677935542034, 0.9833229101521784)",4,97.90806679790656,12322
"(0.8137865219658889, 1.0)",2,97.90798830698178,12324
"(0.8602631935965268, 0.9861673414304992)",1,97.90798803655684,12325
"(0.8631546198466533, 1.0)",1,97.90754378889017,12326
"(0.80285509389987, 0.986081059422206)",1,97.90736672727846,12327
"(0.9833229101521784, 1.0)",1,97.90728991328464,12328
"(0.927082576248316, 0.9790476832523552)",1,97.90711457809115,12329
"(0.9199973910846122, 0.9873891625615764)",1,97.906657825152,12330
"(0.7479743867590829, 1.0)",1,97.90658614623138,12331
"(0.9833229101521784, 1.0)",1,97.90653106976497,12332
"(0.9436368312757202, 0.9861673414304992)",4,97.90631343417948,12336
"(0.861111111111111, 1.0)",1,97.90551905887293,12337
"(0.9665831244778612, 0.9833229101521784)",1,97.90545009626722,12338
"(0.8916052423523688, 0.9873891625615764)",1,97.90544315669756,12339
"(0.92132700797001, 0.979166518665308)",1,97.90519601142114,12340
"(0.8222222222222222, 1.0)",1,97.90516779624647,12341
"(0.920238255356524, 0.9834113430318364)",1,97.90500045395603,12342
"(0.9833229101521784, 0.9833229101521784)",1,97.90491080734986,12343
"(0.6698155645524068, 1.0)",1,97.90485163804856,12344
"(0.8761383419447936, 0.9873891625615764)",1,97.9047374486173,12345
"(0.9618291283060416, 0.9958292603453894)",1,97.9044878197021,12346
"(0.8796475392220073, 1.0)",1,97.90445698361472,12347
"(0.915225485035732, 0.979166518665308)",1,97.90445226067928,12348
"(0.8935211759471547, 0.9873891625615764)",1,97.90391281361946,12349
"(0.966870220228854, 0.9873891625615764)",1,97.90376381293706,12350
"(0.9153439153439156, 1.0)",1,97.90328542737632,12351
"(0.8222222222222222, 1.0)",1,97.90249617355914,12352
"(0.9749706744868036, 0.9833211143695014)",1,97.90200749917702,12353
"(0.8222222222222222, 1.0)",2,97.9019281695358,12355
"(0.9497171590194846, 1.0)",1,97.90120894160503,12356
"(0.9374843410636878, 0.9834113430318364)",2,97.90118201429227,12358
"(0.8676532769556025, 0.9882048106149588)",1,97.90077440538788,12359
"(0.9442283950617284, 1.0)",1,97.90064848443984,12360
"(0.808446455505279, 1.0)",1,97.90045244154624,12361
"(0.861111111111111, 1.0)",1,97.89948012452555,12362
"(0.9833229101521784, 1.0)",1,97.89933244618734,12363
"(0.9177366931314298, 0.9876066164491212)",1,97.89926731263168,12364
"(0.8796475392220073, 1.0)",1,97.89905138383833,12365
"(0.8796475392220073, 1.0)",1,97.89904197695584,12366
"(0.9153127183787562, 0.9861673414304992)",1,97.89898392888388,12367
"(0.92132700797001, 0.9832184229069656)",1,97.89896744713,12368
"(0.9643944553313464, 0.9764666952752286)",1,97.89888736941356,12369
"(0.9876066164491212, 0.9790476832523552)",2,97.89883721335369,12371
"(0.6825396825396824, 1.0)",1,97.89877908432403,12372
"(0.917469251615593, 1.0)",1,97.89841188923634,12373
"(0.8495378883833893, 0.9916585206907788)",2,97.89757495544212,12375
"(0.9833229101521784, 1.0)",2,97.8973257144165,12377
"(0.8586166985951469, 0.9861310021084456)",1,97.89720806136766,12378
"(0.893146638589877, 1.0)",1,97.89710480648417,12379
"(1.0, 1.0)",2,97.89702695223384,12381
"(0.8358530587380517, 0.9834113430318364)",2,97.89692040513674,12383
"(1.0, 1.0)",1,97.89661348754852,12384
"(0.7183489076634237, 0.986081059422206)",2,97.896293079489,12386
"(0.9833229101521784, 1.0)",1,97.89628391173903,12387
"(0.9034438470728792, 0.9916585206907788)",1,97.89619553542106,12388
"(0.9177366931314298, 0.9792406033772256)",1,97.89618493767205,12389
"(0.940928587432546, 0.991777356103732)",2,97.89597645490971,12391
"(0.861111111111111, 1.0)",1,97.89595541688256,12392
"(0.6733821733821733, 1.0)",1,97.89586219636358,12393
"(0.8943954262056729, 0.9834113430318364)",1,97.8957221315959,12394
"(0.7632275132275131, 1.0)",2,97.89539298402494,12396
"(0.9192093318943212, 1.0)",1,97.89488164343784,12397
"(0.8374727668845315, 1.0)",1,97.8948575191621,12398
"(0.7946380416968652, 0.9958292603453894)",1,97.89479244737235,12399
"(0.902012682657844, 0.9958292603453894)",1,97.89456441179188,12400
"(0.8589064384650125, 0.9791102677630192)",1,97.89454037186648,12401
"(0.7083333333333334, 1.0)",4,97.8944790681388,12405
"(0.8997493734335841, 1.0)",1,97.89444186345835,12406
"(0.7090909090909091, 1.0)",1,97.8942843210568,12407
"(0.9586562930696936, 0.979166518665308)",1,97.89398104357204,12408
"(0.9412964149491664, 0.9873891625615764)",2,97.89345775577428,12410
"(0.97934925289764, 0.9827417027417028)",1,97.8934238563218,12411
"(0.9833229101521784, 0.9833229101521784)",1,97.89340393558474,12412
"(0.9079075500409146, 0.9832184229069656)",1,97.8932978961636,12413
"(0.9833229101521784, 1.0)",1,97.89321025462932,12414
"(0.9161952650324744, 1.0)",1,97.89293258013348,12415
"(0.9153439153439156, 1.0)",1,97.89287498285208,12416
"(0.9750481776288228, 0.9916625936787228)",1,97.8925935418607,12417
"(0.9192093318943212, 0.988167361639188)",1,97.89259310020336,12418
"(0.8222222222222222, 1.0)",1,97.8917137589886,12419
"(0.9250222656674272, 0.9958292603453894)",1,97.89115350262882,12420
"(0.8420013166556946, 1.0)",1,97.8908521836375,12421
"(0.9079075500409146, 0.979166518665308)",1,97.89050593350514,12422
"(0.9833229101521784, 1.0)",1,97.8903834244253,12423
"(0.8586166985951469, 0.9861673414304992)",2,97.89024484226351,12425
"(0.8937718863178524, 0.979166518665308)",1,97.89021959440176,12426
"(0.9282083232965586, 0.9873891625615764)",1,97.890002796931,12427
"(0.9333333333333332, 1.0)",1,97.88994917007322,12428
"(0.8845578466141503, 1.0)",1,97.8898001915824,12429
"(0.6042502004811546, 1.0)",1,97.88950742344578,12430
"(0.8222222222222222, 1.0)",1,97.8893507717258,12431
"(0.7946380416968652, 0.9916625936787228)",2,97.88934501651262,12433
"(0.8796475392220073, 0.9833229101521784)",1,97.88906331155688,12434
"(0.6992775742775743, 0.9861673414304992)",1,97.88897732584712,12435
"(0.8586166985951469, 0.9861673414304992)",1,97.8886387802612,12436
"(1.0, 1.0)",1,97.88859950446454,12437
"(0.8347775825943863, 0.9958292603453894)",1,97.88852604823724,12438
"(0.8449978636391381, 1.0)",1,97.88846805642712,12439
"(0.7075023741690408, 1.0)",1,97.88825964217288,12440
"(0.8814814814814814, 1.0)",2,97.88818924840484,12442
"(0.7222222222222221, 1.0)",2,97.88789103807116,12444
"(0.8732774170274171, 1.0)",1,97.88764640966822,12445
"(0.4747763864042934, 1.0)",1,97.88763278376078,12446
"(0.8586166985951469, 0.9861673414304992)",1,97.88761338323268,12447
"(0.9074007530174516, 0.9832184229069656)",1,97.88754263015235,12448
"(0.9497171590194846, 0.9833229101521784)",1,97.88734342789934,12449
"(0.9665831244778612, 1.0)",1,97.88697422011076,12450
"(1.0, 1.0)",1,97.88665835913427,12451
"(0.73687720936437, 1.0)",1,97.88661494906492,12452
"(0.893146638589877, 1.0)",1,97.88647773047148,12453
"(0.9182966261114094, 0.9958292603453894)",1,97.886422331008,12454
"(0.8976982097186702, 1.0)",1,97.88641366563002,12455
"(0.8552744708994707, 1.0)",1,97.88567953698396,12456
"(0.9177366931314298, 0.979166518665308)",1,97.88475710086723,12457
"(0.917849761232425, 1.0)",1,97.88468494353022,12458
"(0.93773047895128, 0.9916625936787228)",2,97.8845526460917,12460
"(0.8425483191745751, 0.9882048106149588)",1,97.88431213871986,12461
"(0.9326599326599326, 1.0)",1,97.88431049382078,12462
"(0.9714797495442656, 0.9916585206907788)",1,97.88424414841168,12463
"(0.920238255356524, 0.979166518665308)",1,97.88403075784753,12464
"(0.8976982097186702, 1.0)",1,97.88388765561344,12465
"(0.9666463017269468, 0.987463247273494)",1,97.8835211552781,12466
"(0.9833229101521784, 0.9833229101521784)",4,97.88331940757163,12470
"(0.5910680656443368, 1.0)",1,97.88252183582188,12471
"(0.8974984433303618, 0.9873891625615764)",1,97.88228277167616,12472
"(0.8717520170461346, 0.9958292603453894)",1,97.88227628374892,12473
"(0.9750854369118126, 0.966071221243635)",1,97.88213342154442,12474
"(0.8208353559736048, 0.9861673414304992)",1,97.88194706147848,12475
"(0.8974984433303618, 0.987495927012056)",1,97.88192130620716,12476
"(0.8040695048423352, 1.0)",1,97.88182891653396,12477
"(0.876295504202481, 1.0)",1,97.88168305073158,12478
"(0.8539212725259236, 1.0)",1,97.88157296186684,12479
"(0.9833229101521784, 1.0)",2,97.88128186176966,12481
"(0.8222222222222222, 1.0)",1,97.88104048082924,12482
"(0.9164652836623464, 1.0)",1,97.88097166974728,12483
"(0.820360467419291, 1.0)",1,97.88093935243232,12484
"(0.6742198370105348, 0.9882048106149588)",1,97.88046788984018,12485
"(0.8305135146220418, 0.986081059422206)",1,97.8804167766283,12486
"(0.9153439153439152, 1.0)",1,97.88033971954916,12487
"(0.9833229101521784, 1.0)",1,97.88015857094148,12488
"(0.9309563801089225, 0.972281746031746)",2,97.88001263599418,12490
"(0.9833229101521784, 1.0)",2,97.8800106836073,12492
"(0.9374843410636878, 0.991777356103732)",2,97.87987670575023,12494
"(0.8814814814814814, 1.0)",1,97.8797135164954,12495
"(0.8916052423523688, 0.9873891625615764)",1,97.8796651431449,12496
"(0.918885978605481, 0.9873891625615764)",1,97.87957153276712,12497
"(0.6747507742934573, 1.0)",2,97.87942467477096,12499
"(0.97899550533801, 0.9788980434141724)",1,97.87920132015316,12500
"(1.0, 1.0)",1,97.87904903369083,12501
"(0.940928587432546, 0.9832184229069656)",1,97.87881820077946,12502
"(0.9833229101521784, 1.0)",1,97.87868484584844,12503
"(0.9297812306740878, 1.0)",4,97.87863980454097,12507
"(0.972420634920635, 0.9861673414304992)",1,97.87853522868276,12508
"(0.7164894725870335, 1.0)",1,97.87850624679749,12509
"(0.8907966222338917, 0.9958292603453894)",1,97.87840256118056,12510
"(0.8733888292158969, 0.9861673414304992)",1,97.87827966517264,12511
"(0.7962102115226081, 0.9766918866148322)",1,97.87795160002167,12512
"(0.8982888105990573, 0.979166518665308)",1,97.87788055648484,12513
"(0.8796475392220073, 0.9833229101521784)",1,97.87781762814082,12514
"(0.8796475392220073, 1.0)",1,97.87762716894171,12515
"(0.8315474711586087, 0.9958292603453894)",1,97.87717165011348,12516
"(0.9958292603453894, 0.9958292603453894)",1,97.8771599687975,12517
"(0.9003556829643787, 1.0)",1,97.87711556826082,12518
"(0.8958208965097509, 0.9958292603453894)",1,97.87676234030482,12519
"(0.7601164382773579, 1.0)",2,97.87666042649064,12521
"(0.9666666666666668, 1.0)",1,97.87621079537416,12522
"(0.837707400507675, 1.0)",1,97.87591730759438,12523
"(0.9916585206907788, 0.9958292603453894)",1,97.8758013844954,12524
"(0.8390424521630195, 0.9861673414304992)",1,97.87547474139755,12525
"(0.8976982097186702, 1.0)",1,97.8754295055618,12526
"(0.844988344988345, 1.0)",2,97.87535007751931,12528
"(0.8676532769556025, 1.0)",1,97.87486995992268,12529
"(0.9665831244778612, 1.0)",1,97.87479716920238,12530
"(0.8796475392220073, 1.0)",1,97.87463070299567,12531
"(0.8733799478600891, 0.9834113430318364)",1,97.87458505887028,12532
"(0.9916339869281046, 0.9794026284348863)",1,97.8738311672421,12533
"(0.8942622047218923, 0.9873891625615764)",1,97.87382711597375,12534
"(0.751080181203132, 0.9861673414304992)",1,97.87372959746062,12535
"(0.9374843410636878, 0.9958292603453894)",2,97.87361892728504,12537
"(0.9833229101521784, 1.0)",1,97.87356548207129,12538
"(0.738145558145558, 1.0)",1,97.87336707074954,12539
"(0.8653198653198653, 1.0)",1,97.8732566951064,12540
"(0.8697983697983697, 1.0)",1,97.87296859277906,12541
"(0.972281746031746, 0.9861673414304992)",1,97.87289795982949,12542
"(0.9833229101521784, 1.0)",1,97.8728277253235,12543
"(0.8586166985951469, 0.9861673414304992)",1,97.87275594576823,12544
"(0.8476190476190477, 1.0)",1,97.8727372309556,12545
"(0.9640038239043044, 0.978518051242236)",1,97.8722533861933,12546
"(0.9326599326599326, 0.9833229101521784)",1,97.87168808311134,12547
"(0.9369138996969484, 0.9916585206907788)",1,97.87139666963,12548
"(0.9665831244778612, 1.0)",1,97.8713000957065,12549
"(0.8736897274633123, 1.0)",1,97.870770625079,12550
"(0.9153439153439156, 1.0)",1,97.8707252903232,12551
"(0.9667018107340688, 0.979166518665308)",1,97.8704294358155,12552
"(0.9497171590194846, 0.9833229101521784)",1,97.87028446347196,12553
"(0.9832401090007582, 0.9790476832523552)",1,97.87026220886403,12554
"(0.9665831244778612, 1.0)",1,97.87016484456706,12555
"(0.9161952650324744, 1.0)",1,97.8697690434692,12556
"(0.8586166985951469, 0.9861673414304992)",1,97.86933096565258,12557
"(0.9833229101521784, 1.0)",2,97.86915793663871,12559
"(0.944120583717358, 0.991777356103732)",1,97.8690240922562,12560
"(0.9282083232965586, 0.9873891625615764)",1,97.86870848221534,12561
"(0.9497171590194846, 1.0)",1,97.86817918154304,12562
"(0.5131569832583307, 0.9882048106149588)",1,97.8679945682302,12563
"(0.9299160159815896, 1.0)",2,97.8679319397654,12565
"(0.9750481776288228, 0.9958292603453894)",1,97.86783442679562,12566
"(0.9153127183787562, 0.9861673414304992)",1,97.8675593753017,12567
"(0.7077308656256025, 1.0)",1,97.86750960569957,12568
"(0.9442283950617284, 1.0)",1,97.86702044484842,12569
"(0.9916585206907788, 0.9916585206907788)",1,97.86642935751829,12570
"(0.8137865219658889, 1.0)",1,97.86617897726047,12571
"(0.8016677935542034, 1.0)",2,97.8661615091804,12573
"(0.6747507742934573, 1.0)",1,97.86521641971714,12574
"(0.8468951683237397, 1.0)",2,97.86463679324808,12576
"(0.8656578256578257, 0.9873891625615764)",1,97.86450051855576,12577
"(0.8390424521630195, 0.9861673414304992)",2,97.86432772229566,12579
"(0.9833229101521784, 1.0)",4,97.8641399386669,12583
"(0.9665831244778612, 1.0)",1,97.86412302601758,12584
"(0.9230468061350414, 0.979166518665308)",2,97.86397133527308,12586
"(0.92132700797001, 0.9832184229069656)",1,97.86382701384272,12587
"(0.9390553961421968, 0.9832184229069656)",1,97.86381080162994,12588
"(0.9441595441595442, 1.0)",1,97.86373693256854,12589
"(0.945364478411655, 0.9958292603453894)",1,97.86307197130266,12590
"(0.6825396825396824, 1.0)",1,97.86235365958932,12591
"(0.9412957478808424, 0.987463247273494)",1,97.86234697406512,12592
"(0.8065954953750508, 1.0)",1,97.86207652058278,12593
"(0.9166145507608924, 1.0)",1,97.86182129280292,12594
"(0.8420013166556946, 1.0)",1,97.86139594346388,12595
"(0.927082576248316, 0.979166518665308)",2,97.8610898504031,12597
"(0.7601164382773579, 1.0)",1,97.86091434011738,12598
"(0.6760835913312693, 1.0)",1,97.86064210524329,12599
"(0.940928587432546, 0.9834113430318364)",2,97.86052657068046,12601
"(0.9833229101521784, 0.9833229101521784)",2,97.8602782842724,12603
"(0.8761383419447936, 0.9873891625615764)",1,97.8600476430351,12604
"(0.9008025849489264, 1.0)",1,97.85995066985303,12605
"(0.8796475392220073, 1.0)",2,97.85993994552962,12607
"(0.6575398846941737, 1.0)",1,97.8597692022917,12608
"(0.8425483191745751, 0.9882048106149588)",1,97.85953411763622,12609
"(0.808446455505279, 1.0)",1,97.85921286600092,12610
"(0.9230468061350414, 0.9834113430318364)",1,97.85888733433072,12611
"(0.776488287126585, 1.0)",1,97.85884363171417,12612
"(0.8796475392220073, 1.0)",1,97.85870755460785,12613
"(0.8266173510466989, 1.0)",1,97.85846263727252,12614
"(0.966586548597934, 0.9833040078201368)",1,97.85835230183096,12615
"(0.8976982097186702, 1.0)",1,97.8582890827916,12616
"(0.9018806250259218, 0.9861673414304992)",1,97.85824748568086,12617
"(0.9499687304565352, 1.0)",1,97.85819080302151,12618
"(0.6521663785997688, 0.9882048106149588)",1,97.85790147849586,12619
"(0.9508264734071186, 0.9916585206907788)",1,97.85788954542674,12620
"(0.9374843410636878, 0.979166518665308)",1,97.857711631774,12621
"(0.9365496267832196, 0.9958292603453894)",1,97.85743970021852,12622
"(0.9622634791942192, 0.991777356103732)",1,97.85681050923348,12623
"(0.9409523809523808, 0.979166518665308)",1,97.8567004868222,12624
"(0.9832965806068272, 0.9834113430318364)",1,97.85593555718228,12625
"(0.8222222222222222, 1.0)",1,97.85589963918667,12626
"(0.8997493734335841, 1.0)",1,97.85586291417412,12627
"(0.8557264819266099, 0.988167361639188)",1,97.85579543510978,12628
"(0.972281746031746, 0.9861673414304992)",1,97.85549340974931,12629
"(0.8339475360293065, 1.0)",1,97.8552891155135,12630
"(0.9832184229069656, 0.9698606984881496)",1,97.85509755129756,12631
"(0.8907966222338917, 0.9916585206907788)",1,97.8548450985547,12632
"(1.0, 1.0)",1,97.85482154380252,12633
"(0.940928587432546, 0.9832184229069656)",1,97.8544456541268,12634
"(0.8305135146220418, 1.0)",1,97.85413783453065,12635
"(0.8887202421952387, 1.0)",2,97.8537137031431,12637
"(0.8613656783468103, 1.0)",1,97.85368886925116,12638
"(0.7069597069597069, 1.0)",1,97.85300220310856,12639
"(0.9746535316523212, 0.9916625936787228)",1,97.85298561940644,12640
"(0.9750481776288228, 1.0)",1,97.85298216085432,12641
"(0.9, 1.0)",1,97.85281894324925,12642
"(0.8633762288330498, 1.0)",2,97.85249981755976,12644
"(0.7632275132275131, 0.9861673414304992)",1,97.85244948351334,12645
"(0.8261351052048725, 1.0)",1,97.8523290418735,12646
"(0.861111111111111, 1.0)",1,97.85161721947752,12647
"(0.8589064384650125, 0.9706857431684036)",1,97.85152252022988,12648
"(0.8443691323092412, 0.9958292603453894)",1,97.85133346025934,12649
"(0.6804620726495727, 1.0)",1,97.85128080381864,12650
"(0.9441595441595442, 1.0)",1,97.8507878729236,12651
"(0.8536277430109583, 1.0)",1,97.85020559672982,12652
"(0.8879252284571921, 0.9916585206907788)",1,97.84980948936686,12653
"(0.7687400318979267, 0.9833229101521784)",1,97.84961575172764,12654
"(0.9498370804822418, 0.983545503234046)",2,97.8492821936636,12656
"(0.8390424521630195, 0.9861673414304992)",1,97.84891116217692,12657
"(0.9666562434855118, 1.0)",1,97.84817280850656,12658
"(0.8222222222222222, 1.0)",1,97.84786036330752,12659
"(0.9167853751187084, 1.0)",1,97.84771624189752,12660
"(0.7348436174331348, 0.9861673414304992)",1,97.84757926608448,12661
"(0.92132700797001, 0.9916585206907788)",1,97.84721843043926,12662
"(0.6575398846941737, 1.0)",1,97.84701050473004,12663
"(0.9205517358458536, 0.9873891625615764)",1,97.84688933839077,12664
"(0.8796475392220073, 1.0)",4,97.84688601755396,12668
"(0.8865237997241394, 0.979166518665308)",1,97.8467670232815,12669
"(0.9027777777777778, 0.986081059422206)",2,97.84676173341168,12671
"(0.746304385688563, 1.0)",1,97.84657078221863,12672
"(0.9665831244778612, 1.0)",1,97.84639323311288,12673
"(0.8814814814814814, 1.0)",1,97.84629629629627,12674
"(0.8958208965097509, 0.9916585206907788)",1,97.8461807268886,12675
"(0.7323695788812067, 0.988167361639188)",1,97.84609224788956,12676
"(0.8996392387758612, 0.9873891625615764)",1,97.84580756191734,12677
"(0.9444901834607716, 0.9861673414304992)",1,97.8458073439124,12678
"(0.9280317595086728, 0.9958292603453894)",1,97.84565409432513,12679
"(0.9126251340467026, 0.9958292603453894)",1,97.84539444221504,12680
"(0.6698155645524068, 1.0)",2,97.84518199166008,12682
"(0.9665831244778612, 0.9833229101521784)",1,97.84503828475825,12683
"(0.826388888888889, 1.0)",1,97.84485873090564,12684
"(0.8732774170274171, 1.0)",1,97.84480893242382,12685
"(0.7673678366541239, 0.9882048106149588)",1,97.84446340517944,12686
"(0.8016677935542034, 1.0)",1,97.84433260072272,12687
"(0.9490213526488036, 0.9958292603453894)",1,97.84398443347082,12688
"(0.8929015655249481, 0.9916585206907788)",1,97.84390073879058,12689
"(0.826388888888889, 1.0)",1,97.84368741612712,12690
"(0.9833229101521784, 1.0)",1,97.8428854664676,12691
"(0.9832401090007582, 0.9833211143695014)",1,97.84228046105598,12692
"(0.8847822547822548, 0.9861673414304992)",1,97.8421200987167,12693
"(0.9164652836623464, 1.0)",1,97.84188549055328,12694
"(0.9750481776288228, 0.9790755481078062)",1,97.8418632831275,12695
"(0.8308201058201059, 0.9861673414304992)",2,97.84183819732444,12697
"(0.7164894725870335, 1.0)",1,97.84178024141733,12698
"(0.9153127183787562, 0.9861673414304992)",2,97.84152641686266,12700
"(0.9665831244778612, 1.0)",1,97.8402659759834,12701
"(0.8483418730488175, 0.9916585206907788)",1,97.84025033458776,12702
"(0.7326851851851852, 1.0)",1,97.84023524513192,12703
"(0.8586166985951469, 0.9861673414304992)",2,97.8399223708827,12705
"(0.9153127183787562, 0.9861673414304992)",1,97.83952287349676,12706
"(0.8572505238994517, 0.988167361639188)",1,97.8393719915739,12707
"(0.9279680209218476, 0.9916585206907788)",2,97.83892123695634,12709
"(0.8476190476190477, 1.0)",1,97.83882459757716,12710
"(0.92132700797001, 0.979166518665308)",1,97.83878967192712,12711
"(0.9833229101521784, 1.0)",1,97.83864895235789,12712
"(0.8928598364786969, 0.9834399497824544)",2,97.83844730268684,12714
"(0.9497171590194848, 0.9833229101521784)",4,97.83809687499424,12718
"(0.8633762288330498, 1.0)",1,97.83803497501592,12719
"(0.9436368312757202, 0.9861673414304992)",1,97.8379771494844,12720
"(0.8222222222222222, 1.0)",1,97.83781023453233,12721
"(0.8483418730488175, 0.9916585206907788)",1,97.83773375252775,12722
"(0.6747507742934573, 1.0)",1,97.83767896693004,12723
"(0.8622520112492773, 0.9874877810361682)",1,97.837628143849,12724
"(0.799275702501509, 1.0)",2,97.83760920510277,12726
"(0.9418479305417444, 0.988167361639188)",2,97.83724556903486,12728
"(0.9714797495442656, 0.9836633617278778)",1,97.83698699888316,12729
"(0.8733799478600891, 0.9832184229069656)",1,97.83669912695564,12730
"(0.8635976129582268, 1.0)",1,97.83667747057684,12731
"(0.8887202421952387, 0.986081059422206)",1,97.83642842131007,12732
"(0.9916625936787228, 0.9835199925522506)",1,97.83636809439126,12733
"(0.9198255060602112, 0.9916666666666668)",2,97.8363052657455,12735
"(0.9459160985885124, 0.979166518665308)",1,97.8362342661372,12736
"(0.8796475392220073, 1.0)",1,97.83577499264857,12737
"(0.9326599326599326, 1.0)",2,97.83576166276109,12739
"(1.0, 0.9747027699968877)",1,97.83555521099422,12740
"(0.7060994560994561, 1.0)",1,97.8352877360498,12741
"(0.9153439153439156, 0.9833229101521784)",1,97.83487083068542,12742
"(0.8065954953750508, 1.0)",1,97.83456332319396,12743
"(0.8390424521630195, 0.9861673414304992)",1,97.83451463437466,12744
"(0.9243707071934514, 0.9873891625615764)",1,97.83424747898393,12745
"(0.9079075500409146, 0.991777356103732)",1,97.83413489263246,12746
"(0.9300671002153482, 0.9861673414304992)",1,97.83385078373668,12747
"(0.9833229101521784, 1.0)",1,97.83373421527364,12748
"(0.9369138996969484, 0.9748524098350704)",2,97.83350995904392,12750
"(0.8633762288330498, 1.0)",1,97.83347842101564,12751
"(0.7713401051412279, 1.0)",1,97.83337159599049,12752
"(0.8847822547822548, 0.9861673414304992)",1,97.83327837099176,12753
"(0.9184901612842788, 0.9791299139401608)",1,97.83321200922344,12754
"(0.9497171590194846, 0.9833229101521784)",2,97.83315836922856,12756
"(0.9326599326599326, 1.0)",2,97.83314201209012,12758
"(0.8249504969211211, 0.988167361639188)",1,97.83286541083108,12759
"(0.7348436174331348, 0.9861673414304992)",1,97.83285682549206,12760
"(0.7675138481590094, 1.0)",2,97.83206791605367,12762
"(1.0, 1.0)",1,97.8320645855202,12763
"(0.9833229101521784, 1.0)",1,97.83194976069176,12764
"(0.9369808292429718, 0.9916585206907788)",1,97.8318912942154,12765
"(0.7962102115226081, 0.988167361639188)",2,97.831796830567,12767
"(0.9436368312757202, 0.9861310021084456)",2,97.8315948282788,12769
"(0.6698155645524068, 1.0)",1,97.83138101156068,12770
"(0.6698155645524068, 1.0)",1,97.83113327888682,12771
"(1.0, 1.0)",1,97.8309982597306,12772
"(0.861111111111111, 1.0)",1,97.83097967167564,12773
"(0.9280459216361852, 0.9958292603453894)",1,97.83092156048647,12774
"(0.8449978636391381, 1.0)",1,97.83089555004818,12775
"(0.861111111111111, 1.0)",1,97.83076084777336,12776
"(0.8552744708994707, 0.9861673414304992)",1,97.83021195845784,12777
"(0.8445669351307097, 0.9861673414304992)",1,97.83001491776672,12778
"(0.7511111111111111, 1.0)",1,97.82897781566466,12779
"(0.9419962019593964, 0.9916585206907788)",1,97.82878324514073,12780
"(0.9452474337657768, 0.9662908496732026)",1,97.8286030738286,12781
"(0.9189396095602992, 0.9916585206907788)",1,97.82843893265168,12782
"(0.8976982097186702, 1.0)",1,97.82835187487588,12783
"(0.8374727668845315, 1.0)",1,97.82823679623456,12784
"(0.9008627640703112, 1.0)",1,97.82779512615332,12785
"(0.8600291387756281, 0.9916585206907788)",2,97.82778276728516,12787
"(0.8064997018485391, 0.988167361639188)",1,97.82752156610115,12788
"(0.917655049465296, 0.9916585206907788)",1,97.82748731600452,12789
"(0.7786375661375661, 1.0)",1,97.82725539194594,12790
"(0.9280317595086728, 0.9958292603453894)",2,97.82684361138917,12792
"(0.9228120179844318, 0.9873891625615764)",1,97.826443074237,12793
"(0.9131856219190184, 0.9916585206907788)",1,97.82607072868552,12794
"(0.8016677935542034, 1.0)",2,97.82555780933065,12796
"(0.9441468253968254, 0.9861673414304992)",1,97.82505553447912,12797
"(0.9326599326599326, 1.0)",1,97.82504629303372,12798
"(0.8040695048423352, 1.0)",1,97.82483642246508,12799
"(0.8294970161977834, 1.0)",1,97.82460711781587,12800
"(0.927082576248316, 0.979166518665308)",1,97.8245774265364,12801
"(0.962505246140658, 0.9642320160422628)",1,97.82421304549077,12802
"(0.8814814814814814, 1.0)",1,97.82414432887452,12803
"(0.9873891625615764, 0.9915151515151516)",1,97.82392231696642,12804
"(0.8165520116739629, 1.0)",1,97.82367155743154,12805
"(0.7994987468671678, 0.9833229101521784)",2,97.82346918555804,12807
"(0.8717520170461346, 0.9958292603453894)",1,97.8231596797601,12808
"(0.861111111111111, 1.0)",1,97.82307237502276,12809
"(0.7884092310206264, 0.9766918866148322)",1,97.822973210144,12810
"(0.8997493734335841, 1.0)",1,97.82287944453137,12811
"(0.9442283950617284, 1.0)",1,97.82284985747336,12812
"(0.8308201058201059, 0.9861673414304992)",1,97.82257900025402,12813
"(0.8420013166556946, 1.0)",1,97.82255171286718,12814
"(0.8158591060930126, 0.9861673414304992)",1,97.8223281103878,12815
"(0.7083333333333334, 1.0)",1,97.82203863465108,12816
"(0.8633762288330498, 1.0)",1,97.82170438398364,12817
"(0.6698155645524068, 1.0)",1,97.82157596987496,12818
"(0.7656073923822403, 1.0)",1,97.82111147658478,12819
"(0.8865237997241394, 0.9832184229069656)",1,97.82067657076747,12820
"(0.8247905643738976, 1.0)",1,97.82018475006,12821
"(0.7791819291819292, 1.0)",1,97.81965343773304,12822
"(0.9250222656674272, 0.9916585206907788)",1,97.81958531141126,12823
"(0.9958292603453894, 0.983305541180304)",1,97.81898898372512,12824
"(0.8577501780626781, 0.9861673414304992)",1,97.81848253004644,12825
"(0.8732774170274171, 1.0)",1,97.818070212729,12826
"(0.6526770767943084, 0.9861673414304992)",1,97.81793523840628,12827
"(0.8996392387758612, 0.9873891625615764)",1,97.81782988701264,12828
"(1.0, 1.0)",1,97.81765854701764,12829
"(0.8222222222222222, 1.0)",1,97.81763183714406,12830
"(1.0, 1.0)",2,97.81758181505218,12832
"(0.9177366931314298, 0.9834113430318364)",1,97.8175676276116,12833
"(0.7417524659802721, 1.0)",1,97.8171525546926,12834
"(0.91326516498939, 0.9873891625615764)",1,97.8168770307798,12835
"(0.8310777799491891, 1.0)",1,97.8167806033168,12836
"(0.893146638589877, 1.0)",1,97.81675692584962,12837
"(0.8016677935542034, 1.0)",1,97.8165590455614,12838
"(0.7348436174331348, 0.9861673414304992)",1,97.81645986267968,12839
"(0.7791819291819292, 1.0)",1,97.81643952309416,12840
"(0.979055829228243, 0.974772367065274)",1,97.81639436159804,12841
"(0.9293598200132946, 0.9861673414304992)",1,97.81592064915948,12842
"(0.8694224991654613, 0.988167361639188)",2,97.81591959023513,12844
"(0.917469251615593, 1.0)",1,97.81586060260317,12845
"(0.9199973910846122, 0.9873891625615764)",1,97.8153551549445,12846
"(0.7601164382773579, 1.0)",1,97.81517489667344,12847
"(0.934122934122934, 1.0)",1,97.81509863248526,12848
"(0.8733799478600891, 0.987463247273494)",1,97.81508243123028,12849
"(0.9297326845255915, 0.9834113430318364)",1,97.81460546510944,12850
"(0.8495378883833893, 0.9916585206907788)",1,97.8145128794018,12851
"(0.8063017146213757, 0.9861673414304992)",1,97.81447187791906,12852
"(0.9326599326599326, 1.0)",1,97.81423913702632,12853
"(0.9398099650133386, 0.9873891625615764)",1,97.81402595967856,12854
"(0.9835547122074636, 0.9873444118605408)",2,97.81385027862112,12856
"(0.9643944553313464, 0.9643944553313464)",1,97.8138295139421,12857
"(0.9157169990503324, 0.9861673414304992)",1,97.813281196759,12858
"(0.9490213526488036, 0.9735861735861736)",2,97.81313821425726,12860
"(0.9609386607489072, 0.9592155165404574)",1,97.8131182807669,12861
"(0.9873891625615764, 0.9958292603453894)",1,97.81298477271294,12862
"(0.950175761409158, 0.979166518665308)",1,97.81294778335368,12863
"(0.9205517358458536, 0.9873891625615764)",1,97.81288423649674,12864
"(0.8840048840048841, 0.9833229101521784)",2,97.81245144455266,12866
"(1.0, 1.0)",1,97.81214803216815,12867
"(0.7734344933751168, 1.0)",1,97.81212793620472,12868
"(0.8974984433303618, 0.9873891625615764)",1,97.8121209965426,12869
"(0.7802197802197803, 1.0)",1,97.81201525656893,12870
"(0.9833229101521784, 0.9833229101521784)",1,97.81195421998868,12871
"(0.8796475392220073, 1.0)",2,97.8119019878699,12873
"(0.9833229101521784, 0.9833229101521784)",1,97.81189382703548,12874
"(0.6215073982652175, 1.0)",1,97.81176546154434,12875
"(0.9333333333333332, 0.9833229101521784)",1,97.81165223845468,12876
"(0.9499687304565352, 0.9833229101521784)",1,97.81140699551304,12877
"(0.8733799478600891, 0.987463247273494)",2,97.81129614979191,12879
"(0.8976982097186702, 1.0)",1,97.81111311413612,12880
"(0.9665831244778612, 0.9833229101521784)",1,97.81083483086655,12881
"(0.7183489076634237, 1.0)",1,97.81083126750444,12882
"(0.9833229101521784, 1.0)",2,97.81037759866962,12884
"(0.7090909090909091, 1.0)",1,97.8103554094588,12885
"(0.917415489944373, 1.0)",1,97.8100989341698,12886
"(0.7856964763329513, 0.9861673414304992)",1,97.81009227691597,12887
"(1.0, 1.0)",1,97.8099458607803,12888
"(0.8222222222222222, 1.0)",2,97.80970686656038,12890
"(0.9333044546043194, 0.9916339869281046)",1,97.80959168224184,12891
"(0.9497171590194846, 1.0)",1,97.809271435247,12892
"(0.8547756205106323, 1.0)",1,97.8091063799314,12893
"(0.9666562434855118, 1.0)",1,97.808464191971,12894
"(0.8947046219773493, 0.988167361639188)",2,97.80841127187284,12896
"(0.9230468061350414, 0.987463247273494)",1,97.80798534709416,12897
"(0.9293598200132946, 0.9861673414304992)",1,97.80794658438596,12898
"(0.9326599326599326, 1.0)",1,97.80781937921694,12899
"(0.8294970161977834, 0.9833229101521784)",1,97.80778944632311,12900
"(0.9791258409522168, 0.9832184229069656)",1,97.80769640699246,12901
"(0.9068759224041408, 0.9873891625615764)",1,97.8076553983646,12902
"(0.9189396095602992, 0.991777356103732)",2,97.80746402963952,12904
"(0.882673371045464, 1.0)",1,97.80740339000651,12905
"(0.9833040078201368, 0.962465782276029)",1,97.80704245556292,12906
"(0.8247905643738976, 1.0)",1,97.8067032850722,12907
"(0.940928587432546, 0.979166518665308)",1,97.80621498181335,12908
"(0.8892949503417051, 0.9916625936787228)",1,97.8059433588016,12909
"(0.9167853751187084, 0.986081059422206)",2,97.80589324596832,12911
"(0.8997493734335841, 1.0)",1,97.80578919552252,12912
"(1.0, 1.0)",2,97.80471947292703,12914
"(0.8736897274633123, 1.0)",1,97.80459060300988,12915
"(0.8704017212945784, 0.9861673414304992)",1,97.80435502054895,12916
"(0.9958292603453894, 0.974731376747506)",1,97.80430958389124,12917
"(0.8294970161977834, 1.0)",1,97.80426496028024,12918
"(0.8887202421952387, 1.0)",1,97.80392363131486,12919
"(0.9309821833269412, 0.9766918866148322)",1,97.80386928492372,12920
"(0.9158007932517735, 1.0)",1,97.803678231755,12921
"(0.80285509389987, 1.0)",1,97.80353306528788,12922
"(0.8976982097186702, 0.9833229101521784)",1,97.80334596576328,12923
"(0.8736897274633123, 0.986081059422206)",1,97.80329790513788,12924
"(0.940928587432546, 0.987463247273494)",1,97.80289349299775,12925
"(0.958227107069612, 0.9958292603453894)",1,97.80280532555376,12926
"(0.9714797495442656, 0.9915151515151516)",2,97.80244007068106,12928
"(0.917655049465296, 0.9958292603453894)",1,97.80190259242562,12929
"(0.930124456440246, 1.0)",1,97.80177945383818,12930
"(0.6521663785997688, 1.0)",1,97.80164313432807,12931
"(0.9026337658413128, 0.9861673414304992)",1,97.80145004881948,12932
"(0.9218558227888856, 0.9873891625615764)",1,97.80125799006628,12933
"(0.9503122778456484, 0.987463247273494)",1,97.80116046065022,12934
"(0.8796475392220073, 1.0)",1,97.80112779633656,12935
"(0.9299507899507898, 1.0)",1,97.801089141782,12936
"(0.6215073982652175, 1.0)",1,97.80095176891464,12937
"(0.9436368312757202, 0.9861673414304992)",1,97.8009166668277,12938
"(0.9833229101521784, 1.0)",1,97.80073273675,12939
"(0.9665831244778612, 1.0)",1,97.80056556740588,12940
"(0.7999088007295942, 0.988167361639188)",1,97.8001933767267,12941
"(0.9369138996969484, 0.9916585206907788)",1,97.799459336018,12942
"(0.8468951683237397, 1.0)",1,97.7994190009506,12943
"(0.7404350561362756, 0.9861673414304992)",1,97.79932374213818,12944
"(0.9665831244778612, 1.0)",1,97.79887667755592,12945
"(0.8796475392220073, 1.0)",1,97.79876332191596,12946
"(0.9499687304565352, 1.0)",1,97.79870721205768,12947
"(0.9027777777777778, 1.0)",1,97.79823452759116,12948
"(0.844988344988345, 1.0)",1,97.79809303519188,12949
"(0.9166145507608924, 1.0)",1,97.79783371670406,12950
"(0.8315474711586087, 0.9958292603453894)",1,97.79768458978248,12951
"(0.9833229101521784, 1.0)",1,97.79663239461716,12952
"(0.9333044546043194, 0.9833170413815576)",1,97.79632257231694,12953
"(0.9153439153439156, 1.0)",1,97.7960825786422,12954
"(0.9444901834607716, 0.9861673414304992)",1,97.79602499003867,12955
"(0.9503122778456484, 0.979166518665308)",1,97.79601660665404,12956
"(0.9665831244778612, 1.0)",1,97.79599702132924,12957
"(0.979273283115788, 0.9916585206907788)",1,97.79564778491796,12958
"(0.9665831244778612, 0.9833229101521784)",4,97.79551258691068,12962
"(0.9326599326599326, 0.9833229101521784)",1,97.79472515598144,12963
"(0.8733888292158969, 0.9861673414304992)",1,97.79470267774084,12964
"(0.8958208965097509, 0.9958292603453894)",1,97.79417458600372,12965
"(0.8053381731676306, 1.0)",1,97.79367458674182,12966
"(0.617513611615245, 1.0)",1,97.79358948717066,12967
"(0.9666562434855118, 1.0)",1,97.79343633545052,12968
"(0.920238255356524, 0.9832184229069656)",2,97.79330150300332,12970
"(0.7884092310206264, 0.9764666952752286)",1,97.79324198959998,12971
"(0.9332172991312776, 0.9958292603453894)",1,97.79312347912092,12972
"(0.6521663785997688, 1.0)",1,97.79301012213118,12973
"(0.91326516498939, 0.9873891625615764)",1,97.79289930384212,12974
"(1.0, 1.0)",1,97.79276209979808,12975
"(0.6521663785997688, 1.0)",1,97.792348491229,12976
"(0.972281746031746, 0.9861310021084456)",1,97.7918318161992,12977
"(0.8958208965097509, 0.9916339869281046)",2,97.79169434045282,12979
"(0.9280317595086728, 0.9958292603453894)",1,97.79151892278163,12980
"(0.7479743867590829, 1.0)",2,97.79146692311066,12982
"(0.9280459216361852, 0.9833251873574456)",1,97.79112828274846,12983
"(0.9299507899507898, 1.0)",2,97.79060683108403,12985
"(0.9293300445873568, 0.9916339869281046)",1,97.79051685911163,12986
"(0.9586562930696936, 0.9958292603453894)",1,97.79039241534537,12987
"(0.9061764476533613, 0.9832965806068272)",1,97.789959435762,12988
"(0.9153439153439156, 1.0)",1,97.78992728761663,12989
"(0.940928587432546, 0.9876066164491212)",1,97.7898422670701,12990
"(0.8717520170461346, 0.9831777451938742)",1,97.78924024929051,12991
"(0.940928587432546, 0.979166518665308)",1,97.78905258514804,12992
"(0.91326516498939, 0.9873891625615764)",1,97.78888840677416,12993
"(0.9666562434855118, 1.0)",1,97.78861988784448,12994
"(0.7077308656256025, 1.0)",1,97.78817457657291,12995
"(0.8468951683237397, 1.0)",1,97.787856126755,12996
"(0.9305555555555556, 1.0)",1,97.78775193418971,12997
"(0.7675138481590094, 0.986081059422206)",1,97.78761699812998,12998
"(0.8970129352925051, 0.9873891625615764)",1,97.78714942677904,12999
"(0.8374727668845315, 1.0)",2,97.78682635372228,13001
"(1.0, 1.0)",1,97.78672950603558,13002
"(0.9299160159815896, 1.0)",1,97.78649900870496,13003
"(0.8229870141950848, 1.0)",1,97.78648607270256,13004
"(0.8300265307680562, 1.0)",1,97.78640313366172,13005
"(0.940928587432546, 0.987463247273494)",1,97.78629689713624,13006
"(0.7348436174331348, 0.9861673414304992)",1,97.78608745054792,13007
"(0.8495378883833893, 0.9916585206907788)",1,97.78604021345132,13008
"(0.8976982097186702, 1.0)",2,97.78592771266791,13010
"(1.0, 1.0)",2,97.78574405088858,13012
"(0.9161952650324744, 1.0)",1,97.78527114295684,13013
"(0.92132700797001, 0.979166518665308)",1,97.78520709590936,13014
"(0.9665831244778612, 1.0)",1,97.78455548107048,13015
"(0.8840455840455841, 1.0)",1,97.78434033381768,13016
"(0.8374727668845315, 1.0)",1,97.7837747319285,13017
"(0.944120583717358, 0.979166518665308)",2,97.78375127493324,13019
"(0.8310777799491891, 1.0)",1,97.78369595886647,13020
"(0.9300671002153482, 0.9861673414304992)",1,97.7836172729678,13021
"(0.8996392387758612, 0.9873891625615764)",1,97.78348067320304,13022
"(0.9707136080238548, 0.9744745723240348)",1,97.78319176574728,13023
"(0.9503122778456484, 0.987463247273494)",2,97.78300846904789,13025
"(0.8552744708994707, 0.9861673414304992)",2,97.78291910499593,13027
"(0.91326516498939, 0.9873891625615764)",1,97.78271140154658,13028
"(0.7164894725870335, 1.0)",2,97.78233307603443,13030
"(0.902012682657844, 0.9916666666666668)",1,97.78233144622544,13031
"(0.8733799478600891, 0.987463247273494)",1,97.78228047477356,13032
"(0.8316498316498316, 1.0)",1,97.7822496505654,13033
"(0.9331662489557224, 1.0)",1,97.78214041405212,13034
"(0.9539751547184644, 0.9790755481078062)",1,97.78211028761667,13035
"(1.0, 1.0)",2,97.78209443856406,13037
"(0.786508365740383, 0.9882048106149588)",1,97.78206916629436,13038
"(0.9833211143695014, 0.949130613989949)",1,97.7816310206736,13039
"(0.9331094582012576, 1.0)",1,97.78121433838336,13040
"(0.9586562930696936, 0.979166518665308)",1,97.781208320772,13041
"(0.9157097551404952, 0.9958292603453894)",1,97.78074455839362,13042
"(0.8761383419447936, 0.9873891625615764)",2,97.780656252554,13044
"(0.9169719169719168, 0.9833229101521784)",1,97.78050135396468,13045
"(0.8615866942983156, 1.0)",1,97.78028670367412,13046
"(0.9161952650324744, 1.0)",1,97.78026873903484,13047
"(0.8997493734335841, 1.0)",1,97.7798496468586,13048
"(0.8053381731676306, 1.0)",1,97.7796101006786,13049
"(0.9498370804822418, 0.9790476832523552)",1,97.77954545863004,13050
"(0.917655049465296, 0.9958292603453894)",1,97.7790418074662,13051
"(0.9833229101521784, 1.0)",2,97.77866566337404,13053
"(0.7077308656256025, 1.0)",1,97.77854672909191,13054
"(0.9243707071934514, 0.9873891625615764)",1,97.77834602245262,13055
"(0.9250222656674272, 0.9958292603453894)",2,97.7782066769492,13057
"(0.7532376017916352, 1.0)",1,97.77800144781648,13058
"(0.7030539311241066, 1.0)",1,97.77800004721192,13059
"(1.0, 1.0)",2,97.77777777777776,13061
"(0.882673371045464, 1.0)",1,97.77753377689646,13062
"(0.8468951683237397, 1.0)",1,97.77663096320266,13063
"(0.7530427440018636, 1.0)",1,97.77570582126808,13064
"(0.9125533644430458, 0.9916585206907788)",1,97.77561454704087,13065
"(0.8840455840455841, 1.0)",1,97.7751820284768,13066
"(0.6526770767943084, 0.9861673414304992)",4,97.77510131438792,13070
"(0.7802197802197803, 1.0)",1,97.77509061780968,13071
"(0.9332172991312776, 0.9958292603453894)",1,97.77486809178878,13072
"(0.9444901834607716, 0.9861673414304992)",2,97.77484552909226,13074
"(0.7734344933751168, 1.0)",1,97.77462859694695,13075
"(0.9206165335472736, 0.9916585206907788)",1,97.7745580971646,13076
"(0.9332172991312776, 0.983451449983708)",1,97.77429025234562,13077
"(0.8013184398461819, 0.9764666952752286)",1,97.77419684624242,13078
"(0.927082576248316, 0.979166518665308)",1,97.77417375741348,13079
"(0.9369808292429718, 0.9916666666666668)",1,97.7739455554171,13080
"(0.9177366931314298, 0.9958292603453894)",1,97.773820274931,13081
"(0.9000617225831424, 0.9833229101521784)",2,97.77369623297784,13083
"(0.7675138481590094, 1.0)",1,97.7734653928936,13084
"(0.8420013166556946, 1.0)",1,97.77324949296138,13085
"(0.8312205288949474, 0.988523717426024)",1,97.77273187389314,13086
"(0.9444901834607716, 0.9861673414304992)",1,97.77248466630007,13087
"(0.9169719169719168, 1.0)",1,97.77166297558956,13088
"(0.7348436174331348, 0.9861673414304992)",1,97.77110749361198,13089
"(0.8847822547822548, 0.9861673414304992)",1,97.77101766554767,13090
"(0.9243707071934514, 0.9873891625615764)",1,97.77094089179889,13091
"(0.786508365740383, 1.0)",1,97.77028832766702,13092
"(0.6526770767943084, 0.9861673414304992)",2,97.77017290586409,13094
"(0.9498370804822418, 0.9873891625615764)",1,97.770069831848,13095
"(0.9153127183787562, 0.9861673414304992)",1,97.7699806626352,13096
"(1.0, 0.9833229101521784)",1,97.76960201341144,13097
"(0.9444901834607716, 0.9861673414304992)",1,97.7694632373154,13098
"(0.9230468061350414, 0.987463247273494)",1,97.76847366322755,13099
"(0.9833040078201368, 0.9422114639161356)",1,97.76838772380256,13100
"(0.9282083232965586, 0.9873891625615764)",1,97.76823034738644,13101
"(0.9586741069110368, 0.9701575593664844)",1,97.76817115735685,13102
"(0.9444901834607716, 0.9861673414304992)",1,97.76789704805086,13103
"(0.9669558693467613, 0.9916625936787228)",1,97.76768183969884,13104
"(0.9665831244778612, 0.9833229101521784)",1,97.76735940033532,13105
"(0.9497171590194848, 0.9833229101521784)",2,97.76721589110716,13107
"(0.9295946890286512, 1.0)",4,97.7669242231567,13111
"(0.966870220228854, 0.9873891625615764)",1,97.7667130510958,13112
"(0.7675138481590094, 0.9861673414304992)",1,97.76670605714588,13113
"(0.9250222656674272, 0.9916585206907788)",1,97.7665678426456,13114
"(0.916104916104916, 1.0)",1,97.76623551926558,13115
"(1.0, 1.0)",1,97.76589165256974,13116
"(0.933096859926128, 0.9833229101521784)",1,97.76575453015336,13117
"(0.7090909090909091, 1.0)",1,97.76550869972569,13118
"(0.9497171590194846, 0.9833229101521784)",4,97.76543664064678,13122
"(0.8222222222222222, 1.0)",1,97.7653441251534,13123
"(0.9162596992611264, 0.972281746031746)",1,97.76519349931878,13124
"(0.9309821833269412, 0.988167361639188)",1,97.76396257608302,13125
"(0.9497171590194846, 1.0)",1,97.76326321042562,13126
"(0.8222222222222222, 1.0)",2,97.76306993032208,13128
"(0.6804620726495727, 1.0)",2,97.76303013253302,13130
"(0.9228120179844318, 0.9788980434141724)",1,97.7630281330424,13131
"(0.8877034517510707, 0.9861673414304992)",1,97.76289709633156,13132
"(0.9189396095602992, 0.9958292603453894)",2,97.76282267539118,13134
"(0.7791819291819292, 1.0)",1,97.76267815341856,13135
"(0.9436368312757202, 0.9861673414304992)",1,97.76246923999112,13136
"(0.987463247273494, 0.9958292603453894)",1,97.7618279762896,13137
"(0.9167853751187084, 1.0)",1,97.76166989872829,13138
"(0.979055829228243, 0.987495927012056)",1,97.76149579416509,13139
"(0.859499940327008, 0.986081059422206)",1,97.76146065943249,13140
"(0.9334130158956764, 0.979166518665308)",1,97.76144980770512,13141
"(1.0, 1.0)",3,97.76110068792995,13144
"(0.9436368312757202, 0.9861673414304992)",1,97.7610190846976,13145
"(0.9102539775554236, 0.9958292603453894)",1,97.76091989374912,13146
"(0.757745166550198, 1.0)",1,97.76045144057024,13147
"(0.8997493734335841, 1.0)",1,97.75980198411824,13148
"(0.9416450721400784, 1.0)",1,97.75979824619888,13149
"(0.9440529448756316, 0.9861673414304992)",1,97.75978184763753,13150
"(0.8796354494028912, 0.988167361639188)",1,97.7597708532177,13151
"(0.8468951683237397, 1.0)",1,97.75948370179182,13152
"(0.8308201058201059, 0.9861673414304992)",1,97.75935168853157,13153
"(0.9459160985885124, 0.9873444118605408)",1,97.75918706992763,13154
"(0.617513611615245, 1.0)",2,97.75846323377895,13156
"(0.9666562434855118, 1.0)",1,97.7584520404626,13157
"(0.6042502004811546, 0.9885557944107872)",1,97.75797854030311,13158
"(0.8402312975760764, 0.9861673414304992)",1,97.75787551028104,13159
"(0.7999088007295942, 0.988167361639188)",1,97.75754813589826,13160
"(0.8942622047218923, 0.9873891625615764)",1,97.75748056575826,13161
"(0.8942622047218923, 0.9873891625615764)",1,97.7564117646752,13162
"(0.9499687304565352, 1.0)",1,97.75623362357724,13163
"(0.8063017146213757, 0.9861673414304992)",1,97.75590564312908,13164
"(0.7479743867590829, 1.0)",4,97.75560304789568,13168
"(0.9833229101521784, 1.0)",2,97.75537049010936,13170
"(0.9833229101521784, 1.0)",1,97.75524278404852,13171
"(0.9126251340467026, 0.9916585206907788)",2,97.75516343588563,13173
"(0.9293598200132946, 0.9861673414304992)",1,97.75511683091504,13174
"(0.9161952650324744, 1.0)",1,97.75502963913536,13175
"(0.8449978636391381, 1.0)",1,97.75495223499892,13176
"(0.8589064384650125, 0.9916585206907788)",1,97.75472447765904,13177
"(0.9153439153439156, 0.9833229101521784)",4,97.7544235260449,13181
"(0.9250222656674272, 0.9958292603453894)",1,97.75429648157234,13182
"(0.9497171590194848, 1.0)",1,97.75403512639684,13183
"(0.9441792447111594, 0.986081059422206)",1,97.75402107945872,13184
"(0.9665831244778612, 0.9833229101521784)",1,97.75365571648824,13185
"(0.9326599326599326, 0.9833229101521784)",1,97.75364132610606,13186
"(0.9583930063253372, 1.0)",4,97.7536039364874,13190
"(0.9586562930696936, 0.9834113430318364)",1,97.7531670325858,13191
"(0.944120583717358, 0.979166518665308)",1,97.75310262228004,13192
"(0.8468951683237397, 1.0)",1,97.75304051952402,13193
"(0.9153127183787562, 0.9861673414304992)",1,97.75299866132704,13194
"(0.940002899623393, 0.9958292603453894)",1,97.7527501484954,13195
"(0.8877034517510707, 0.9861673414304992)",1,97.75265727829522,13196
"(0.7093938149972633, 0.9861310021084456)",1,97.7525281826634,13197
"(0.8222222222222222, 1.0)",1,97.75252477690152,13198
"(0.6760835913312693, 1.0)",1,97.75213628766338,13199
"(0.9442283950617284, 1.0)",1,97.75125790421436,13200
"(0.8976982097186702, 1.0)",1,97.7505219687282,13201
"(0.930704099821747, 0.986081059422206)",1,97.75041256200888,13202
"(0.932201731346617, 0.9764666952752286)",1,97.75036703150126,13203
"(0.9244352123384382, 0.9916585206907788)",1,97.7501990639379,13204
"(0.7687400318979267, 0.9833229101521784)",1,97.7498908021462,13205
"(0.9161952650324744, 1.0)",2,97.7491048591744,13207
"(0.9873891625615764, 0.9916585206907788)",1,97.74909685688064,13208
"(0.9418479305417444, 0.988167361639188)",1,97.74898326130632,13209
"(0.7069597069597069, 1.0)",1,97.7488733908749,13210
"(0.8845578466141503, 1.0)",1,97.748648992682,13211
"(0.7837606837606838, 0.9861673414304992)",1,97.74857922231054,13212
"(0.9153439153439152, 1.0)",1,97.74836549253996,13213
"(0.9581203836912794, 0.9790755481078062)",1,97.74753864467483,13214
"(0.8887202421952387, 1.0)",1,97.74742306211644,13215
"(0.972281746031746, 0.9861673414304992)",1,97.74738392742036,13216
"(0.9452474337657768, 0.9704296514844182)",1,97.74713615453147,13217
"(0.9499687304565352, 0.9833229101521784)",4,97.74702986300746,13221
"(0.8065954953750508, 1.0)",1,97.74676762365688,13222
"(0.9958292603453894, 0.9433972334281931)",1,97.74664922142652,13223
"(0.94484126984127, 0.9861673414304992)",1,97.74655601419325,13224
"(0.7673678366541239, 1.0)",1,97.7464303401104,13225
"(0.8552744708994707, 0.9861673414304992)",1,97.74633539715904,13226
"(0.9666562434855118, 1.0)",1,97.74619431787433,13227
"(0.9228120179844318, 0.9873891625615764)",1,97.74606542764712,13228
"(0.8796475392220073, 0.9833229101521784)",1,97.74573007271934,13229
"(0.9192093318943212, 1.0)",1,97.74544885459386,13230
"(0.9164652836623464, 1.0)",2,97.74543827865338,13232
"(0.9833229101521784, 1.0)",1,97.74542277188878,13233
"(0.966586548597934, 0.9832965806068272)",2,97.74535313684828,13235
"(0.9297326845255915, 0.9834113430318364)",2,97.745131170485,13237
"(0.9, 1.0)",1,97.7450991355848,13238
"(0.9750780096985032, 0.9916625936787228)",1,97.7450980254773,13239
"(0.8600291387756281, 0.9916585206907788)",1,97.74492064999458,13240
"(1.0, 1.0)",1,97.74436090225564,13241
"(0.93795454842108, 0.9873891625615764)",1,97.74434691979718,13242
"(0.8840048840048841, 1.0)",1,97.7442891881498,13243
"(0.8016677935542034, 1.0)",1,97.74414355981077,13244
"(0.7632275132275131, 1.0)",1,97.74411925842485,13245
"(0.8308201058201059, 0.9861673414304992)",1,97.74403875343394,13246
"(0.9079075500409146, 0.979166518665308)",1,97.74399972988374,13247
"(0.5890629581827016, 0.9861673414304992)",1,97.74399332112162,13248
"(0.757745166550198, 1.0)",1,97.74375261931708,13249
"(0.8222222222222222, 1.0)",1,97.74346396900432,13250
"(0.917655049465296, 0.9835199925522506)",1,97.7428870607128,13251
"(0.7030539311241066, 1.0)",1,97.7426820586462,13252
"(0.917415489944373, 1.0)",1,97.7426817412011,13253
"(0.8247905643738976, 0.986081059422206)",1,97.74230797636088,13254
"(0.868077055383557, 1.0)",1,97.74216046099104,13255
"(0.93773047895128, 0.9916585206907788)",1,97.74190860873732,13256
"(0.9665831244778612, 1.0)",1,97.741783552695,13257
"(0.9098759089802734, 0.987463247273494)",1,97.74174734487218,13258
"(0.9454999712494968, 0.9916585206907788)",1,97.7417082221878,13259
"(0.8101143854687974, 1.0)",1,97.74167023316356,13260
"(0.9161952650324744, 1.0)",1,97.74156853038193,13261
"(0.7344692811916678, 1.0)",1,97.74153340001128,13262
"(0.920238255356524, 0.9876066164491212)",1,97.74075033801198,13263
"(0.7532376017916352, 0.986081059422206)",1,97.74061861370534,13264
"(0.9503122778456484, 0.9873891625615764)",1,97.74041237130018,13265
"(0.6698155645524068, 1.0)",1,97.74038646175832,13266
"(0.8533622685185187, 1.0)",1,97.74012629678268,13267
"(0.9490213526488036, 0.983451449983708)",2,97.7400846671162,13269
"(0.9297326845255915, 0.979166518665308)",1,97.73994171681478,13270
"(0.6907243513029603, 1.0)",1,97.73982291297456,13271
"(0.7344692811916678, 0.9861673414304992)",1,97.73940315139804,13272
"(1.0, 1.0)",1,97.73932037539431,13273
"(0.9160264866799612, 0.9861673414304992)",1,97.73886123592963,13274
"(0.9586562930696936, 0.9832184229069656)",2,97.73884368568773,13276
"(0.8937718863178524, 0.979166518665308)",1,97.73877181687196,13277
"(0.8533622685185187, 1.0)",1,97.73860091926947,13278
"(0.859499940327008, 0.986081059422206)",2,97.73846223753952,13280
"(0.9177366931314298, 0.9958292603453894)",2,97.73814040132606,13282
"(0.6825396825396824, 1.0)",2,97.73811756466088,13284
"(0.9332172991312776, 0.9958292603453894)",1,97.73808608768704,13285
"(0.9622634791942192, 0.9874877810361682)",1,97.73805187582506,13286
"(0.6575398846941737, 1.0)",1,97.7379463597753,13287
"(0.9832965806068272, 0.9747027699968877)",1,97.73769573798596,13288
"(0.7204751921733054, 1.0)",1,97.73721423759947,13289
"(0.9189396095602992, 0.9793995457420503)",1,97.73710864625924,13290
"(0.9300671002153482, 0.9861673414304992)",1,97.73694884085248,13291
"(0.751080181203132, 0.9861310021084456)",1,97.73686744264904,13292
"(0.9412964149491664, 0.9873891625615764)",1,97.73669902906622,13293
"(1.0, 1.0)",1,97.7366621424528,13294
"(0.8976982097186702, 1.0)",1,97.73662669163537,13295
"(0.930704099821747, 0.9861673414304992)",1,97.73654416068118,13296
"(0.8877034517510707, 0.9861310021084456)",1,97.73639099718535,13297
"(0.7278086237149632, 1.0)",1,97.73601443162192,13298
"(0.8942622047218923, 0.9790476832523552)",1,97.73575568904351,13299
"(0.9441792447111594, 1.0)",1,97.73563691312424,13300
"(0.7880931329207191, 1.0)",1,97.73503765336932,13301
"(0.8717520170461346, 0.9958292603453894)",2,97.7346449264024,13303
"(0.757745166550198, 1.0)",1,97.73443117957198,13304
"(0.9230468061350414, 0.9916585206907788)",2,97.73426781282885,13306
"(0.751080181203132, 0.9861673414304992)",2,97.7342528911178,13308
"(0.4737094237094237, 0.9861673414304992)",2,97.73422510137608,13310
"(0.9326599326599326, 1.0)",1,97.73416897766492,13311
"(0.8449978636391381, 1.0)",1,97.7340498100021,13312
"(0.7075023741690408, 1.0)",2,97.73382861025516,13314
"(0.8970129352925051, 0.9873891625615764)",1,97.73369449295492,13315
"(0.9126251340467026, 0.9958292603453894)",1,97.73366986834388,13316
"(0.8887202421952387, 1.0)",1,97.73350412153864,13317
"(0.8016677935542034, 1.0)",1,97.73298092486732,13318
"(0.7632275132275131, 1.0)",1,97.73273373662472,13319
"(1.0, 1.0)",1,97.73254220127843,13320
"(0.8976982097186702, 1.0)",1,97.7324723483311,13321
"(0.9666562434855118, 1.0)",1,97.73238406023574,13322
"(0.9230468061350414, 0.9790476832523552)",1,97.73236571022105,13323
"(0.8685314685314685, 0.9764666952752286)",1,97.7323160577138,13324
"(0.8148308968977662, 0.9861673414304992)",1,97.73208567073011,13325
"(0.8715701474388204, 0.9861310021084456)",1,97.73202931474034,13326
"(0.9309821833269412, 0.988167361639188)",1,97.73202342015604,13327
"(0.9182966261114094, 0.9958292603453894)",1,97.73191641670718,13328
"(0.7164894725870335, 1.0)",2,97.73146064439192,13330
"(0.9444901834607716, 0.9861673414304992)",1,97.73114438942534,13331
"(0.9153439153439156, 0.9833229101521784)",2,97.7310182122926,13333
"(0.9162596992611264, 0.972281746031746)",1,97.7309735617911,13334
"(0.8471527473990528, 1.0)",4,97.73093156316033,13338
"(0.9442283950617284, 0.986081059422206)",1,97.73092952025726,13339
"(0.7946380416968652, 0.9958292603453894)",1,97.73075233401224,13340
"(0.8399588504703595, 0.9916585206907788)",1,97.73054791648426,13341
"(0.950175761409158, 0.9834113430318364)",1,97.73044755506602,13342
"(0.9008025849489264, 1.0)",2,97.730100283716,13344
"(0.8694224991654613, 0.988167361639188)",2,97.72972773505784,13346
"(0.9300671002153482, 0.9861673414304992)",1,97.72961191511462,13347
"(0.7278086237149632, 1.0)",1,97.72945782023533,13348
"(0.80285509389987, 0.986081059422206)",1,97.72938560810424,13349
"(0.8586166985951469, 0.9861673414304992)",1,97.72933421021165,13350
"(0.7344692811916678, 0.9861673414304992)",1,97.7292285420533,13351
"(0.9299507899507898, 1.0)",1,97.7292278942749,13352
"(0.9153439153439156, 0.9833229101521784)",1,97.72860447366529,13353
"(0.8761383419447936, 0.9873891625615764)",1,97.72800728852964,13354
"(1.0, 1.0)",1,97.72753826309672,13355
"(0.8786901405005916, 0.9916585206907788)",1,97.72750360758351,13356
"(0.9177366931314298, 0.979166518665308)",1,97.7273376842964,13357
"(0.8884797556713653, 0.987463247273494)",1,97.72727145014534,13358
"(0.9228120179844318, 0.9916339869281046)",2,97.72724171878524,13360
"(0.6804620726495727, 1.0)",1,97.72721303305345,13361
"(0.9835547122074636, 0.9958292603453894)",1,97.72720989064425,13362
"(0.9408363037601548, 0.9958292603453894)",1,97.72699966999728,13363
"(0.8315474711586087, 0.9958292603453894)",1,97.72686147154774,13364
"(0.8879608405415911, 0.988167361639188)",1,97.72684169916025,13365
"(0.6747507742934573, 1.0)",1,97.7267701774177,13366
"(0.837707400507675, 1.0)",1,97.72654579479078,13367
"(0.9200043551329178, 0.9958292603453894)",1,97.72646457968854,13368
"(0.8308201058201059, 0.9861673414304992)",4,97.72632034683636,13372
"(0.934122934122934, 1.0)",1,97.72568119768762,13373
"(0.8840455840455841, 1.0)",1,97.72522314966103,13374
"(0.837707400507675, 1.0)",1,97.72470141706324,13375
"(0.7601164382773579, 1.0)",1,97.72416829204911,13376
"(0.9153439153439156, 1.0)",1,97.72411366693107,13377
"(0.9153439153439156, 0.9833229101521784)",1,97.724094218909,13378
"(0.8613656783468103, 1.0)",1,97.724016533124,13379
"(0.751080181203132, 0.9861673414304992)",1,97.72393835606216,13380
"(1.0, 0.9833229101521784)",2,97.7234972541588,13382
"(0.9384174012481092, 0.9958292603453894)",1,97.72333737819388,13383
"(0.943875558870815, 0.987463247273494)",1,97.72297706062058,13384
"(0.8572505238994517, 0.9766918866148322)",1,97.72294605387184,13385
"(0.9299507899507898, 1.0)",2,97.7228832895242,13387
"(0.617513611615245, 1.0)",1,97.72284820042812,13388
"(0.7673678366541239, 1.0)",1,97.72259089768392,13389
"(0.9497171590194846, 1.0)",2,97.7223215408808,13391
"(0.8468951683237397, 1.0)",1,97.72199829333374,13392
"(0.8877034517510707, 0.9861673414304992)",2,97.72177155167007,13394
"(0.8151249335459861, 1.0)",1,97.72169029626292,13395
"(0.9833229101521784, 1.0)",1,97.72119975848815,13396
"(0.808446455505279, 1.0)",1,97.72107108067723,13397
"(0.9498370804822418, 0.9873891625615764)",1,97.72088459389958,13398
"(0.8613656783468103, 1.0)",1,97.7207213773456,13399
"(0.9791258409522168, 0.9668985554469424)",1,97.72037733613448,13400
"(0.8970129352925051, 0.9873891625615764)",1,97.72027803643428,13401
"(0.9582389563841176, 0.9958292603453894)",1,97.72013402899547,13402
"(0.8732774170274171, 1.0)",1,97.72005652737892,13403
"(0.861111111111111, 1.0)",1,97.71993372121864,13404
"(0.9169719169719168, 1.0)",1,97.71986239630552,13405
"(0.9452474337657768, 0.9832679738562092)",1,97.71968015591574,13406
"(0.9503122778456484, 0.9708005055934128)",1,97.71966670874323,13407
"(0.917849761232425, 1.0)",1,97.71961631016332,13408
"(0.7404350561362756, 0.9861673414304992)",4,97.71915951841127,13412
"(0.9748524098350704, 0.9915151515151516)",2,97.71911368698716,13414
"(0.8976982097186702, 0.9833229101521784)",1,97.71874158627452,13415
"(0.9384174012481092, 0.9958292603453894)",1,97.71808810919543,13416
"(0.8443691323092412, 0.987495927012056)",1,97.71802743874024,13417
"(0.9504245882013664, 0.9958292603453894)",1,97.71801658633244,13418
"(0.8425483191745751, 1.0)",1,97.71738795864204,13419
"(0.7090909090909091, 1.0)",1,97.71730489245826,13420
"(0.9665831244778612, 1.0)",1,97.71724984297468,13421
"(0.7647742788871822, 1.0)",1,97.71719641220992,13422
"(0.6760835913312693, 1.0)",2,97.71685729324275,13424
"(0.9198255060602112, 0.987495927012056)",1,97.71677710616316,13425
"(0.8733799478600891, 0.9834113430318364)",1,97.716771796134,13426
"(0.835848883169409, 0.988167361639188)",1,97.71654444746616,13427
"(0.8310777799491891, 1.0)",1,97.7165436112591,13428
"(0.9161952650324744, 1.0)",1,97.71632202076988,13429
"(0.9665831244778612, 1.0)",1,97.71608806003374,13430
"(0.9418479305417444, 0.988167361639188)",2,97.71592334398396,13432
"(0.8310777799491891, 1.0)",1,97.71585690904249,13433
"(0.8942622047218923, 0.9958292603453894)",1,97.71570576556957,13434
"(0.7837606837606838, 0.9861673414304992)",1,97.71564456374284,13435
"(0.8947046219773493, 0.988167361639188)",1,97.71547208975794,13436
"(0.8958208965097509, 0.9958292603453894)",1,97.71528058094376,13437
"(0.9412964149491664, 0.9916585206907788)",1,97.71510978015507,13438
"(0.8310777799491891, 0.9882048106149588)",1,97.71471697910476,13439
"(0.7198480531813864, 1.0)",1,97.71449640419468,13440
"(0.9791332681655264, 0.9747614392775684)",1,97.71444051748136,13441
"(0.7903875985986362, 1.0)",4,97.7142666903656,13445
"(0.9665831244778612, 0.9833229101521784)",1,97.7140219234437,13446
"(0.8796475392220073, 1.0)",1,97.7135697814241,13447
"(0.9297326845255915, 0.9834113430318364)",1,97.713539475271,13448
"(0.958095238095238, 0.9601801118006053)",1,97.71348040944764,13449
"(0.9040606114111948, 0.9916585206907788)",1,97.71343171242364,13450
"(0.9026337658413128, 0.9861673414304992)",1,97.71335558523268,13451
"(0.9497171590194846, 1.0)",1,97.71335225656712,13452
"(0.8533622685185187, 1.0)",4,97.71304219725783,13456
"(0.7404350561362756, 0.9861673414304992)",1,97.71267057778309,13457
"(0.8867361313822293, 0.987495927012056)",1,97.71191769934264,13458
"(0.8372053872053872, 0.9833229101521784)",1,97.71188891607405,13459
"(0.93795454842108, 0.9873891625615764)",1,97.71129418006018,13460
"(0.8016677935542034, 1.0)",1,97.7110151853042,13461
"(0.8887202421952387, 1.0)",1,97.71057993345148,13462
"(0.8928598364786969, 0.9958292603453894)",1,97.71028027393096,13463
"(0.7348436174331348, 0.9861673414304992)",1,97.7100324787592,13464
"(0.7344692811916678, 0.9861673414304992)",1,97.71000118619432,13465
"(0.7119388248146047, 1.0)",2,97.70983578520804,13467
"(0.9199973910846122, 0.9873891625615764)",1,97.70961372952311,13468
"(0.8976982097186702, 1.0)",1,97.70948980964776,13469
"(0.9309821833269412, 0.988167361639188)",1,97.7092478421999,13470
"(0.8796475392220073, 1.0)",1,97.70899205145804,13471
"(0.7786375661375661, 1.0)",1,97.7087114308453,13472
"(0.9442283950617284, 0.9861310021084456)",1,97.70852562265604,13473
"(0.7802197802197803, 1.0)",1,97.7085094586248,13474
"(0.7601164382773579, 1.0)",1,97.70848070593053,13475
"(0.7786375661375661, 1.0)",1,97.70837590532794,13476
"(0.8435371534737285, 0.9643944553313464)",1,97.70835132519532,13477
"(0.9164652836623464, 1.0)",1,97.70819139730966,13478
"(0.9584987529902784, 1.0)",1,97.7074940555178,13479
"(0.9586562930696936, 0.979166518665308)",1,97.70732324269174,13480
"(0.9026337658413128, 0.9861673414304992)",1,97.70670097573462,13481
"(0.8796475392220073, 1.0)",1,97.70579018187811,13482
"(0.9788980434141724, 0.9958292603453894)",1,97.7056944218944,13483
"(0.9033578224210402, 0.9873891625615764)",1,97.7056916610861,13484
"(0.9666562434855118, 1.0)",1,97.70524626956148,13485
"(0.9146901709401708, 1.0)",1,97.70463342740238,13486
"(0.9539751547184644, 0.9832184229069656)",2,97.70463332082888,13488
"(0.7348436174331348, 0.9861673414304992)",1,97.70447537109882,13489
"(0.7404350561362756, 0.9861673414304992)",1,97.7044330259806,13490
"(0.8867361313822293, 0.987495927012056)",1,97.7042956684631,13491
"(0.8997493734335841, 1.0)",1,97.70429156705691,13492
"(0.932201731346617, 0.988167361639188)",1,97.7039266127516,13493
"(0.8761383419447936, 0.9873891625615764)",1,97.70361612812248,13494
"(0.933096859926128, 0.9833229101521784)",4,97.70342435979578,13498
"(0.917849761232425, 1.0)",1,97.70316589288043,13499
"(0.9442283950617284, 0.986081059422206)",1,97.7029608980219,13500
"(0.9442283950617284, 1.0)",2,97.7029608980219,13502
"(0.9182966261114094, 0.9958292603453894)",1,97.7027212391249,13503
"(0.9662506012506012, 0.9958292603453894)",1,97.70258700062968,13504
"(0.8222222222222222, 1.0)",1,97.70228565541048,13505
"(0.9250222656674272, 0.9916585206907788)",1,97.70208417127948,13506
"(0.9167853751187084, 0.986081059422206)",1,97.70163321385591,13507
"(0.6869123470719676, 0.9861673414304992)",1,97.70147334897258,13508
"(0.9435817855979146, 0.965172414204672)",1,97.70144919093931,13509
"(0.8315474711586087, 0.9958292603453894)",1,97.701408645814,13510
"(0.9665831244778612, 1.0)",1,97.7013700351448,13511
"(0.8942622047218923, 0.9916339869281046)",1,97.70124021268616,13512
"(0.8814814814814814, 1.0)",1,97.70098983161547,13513
"(0.8947046219773493, 0.988167361639188)",1,97.70093021618662,13514
"(0.9669795885118464, 0.9873484848484848)",1,97.7006929657602,13515
"(0.9751539794803552, 0.9958292603453894)",1,97.70063807970934,13516
"(0.9331662489557224, 1.0)",1,97.7006046136774,13517
"(0.944120583717358, 0.979166518665308)",1,97.70007112580852,13518
"(0.9497171590194846, 1.0)",1,97.69961690633392,13519
"(0.9157097551404952, 0.9792058837220128)",1,97.6995192574719,13520
"(0.9833229101521784, 1.0)",1,97.69940000030294,13521
"(0.8907966222338917, 0.9916585206907788)",1,97.69931125047928,13522
"(0.861111111111111, 1.0)",2,97.6989836333376,13524
"(0.8372053872053872, 1.0)",1,97.69883172207524,13525
"(0.9441792447111594, 1.0)",1,97.69882558082544,13526
"(0.927082576248316, 0.9874877810361682)",2,97.6986940338839,13528
"(0.8958208965097509, 0.9916585206907788)",1,97.69853160615872,13529
"(0.8613656783468103, 0.986081059422206)",1,97.698514595853,13530
"(0.9444901834607716, 0.9861673414304992)",1,97.6984232809304,13531
"(0.8101143854687974, 1.0)",1,97.69830128519652,13532
"(0.900838851006521, 0.987463247273494)",1,97.69814345671472,13533
"(0.920238255356524, 0.9876066164491212)",2,97.69808738697988,13535
"(0.8890432098765432, 0.9861673414304992)",1,97.69794978580244,13536
"(0.8796475392220073, 1.0)",1,97.6972569050774,13537
"(0.9666562434855118, 1.0)",1,97.6972227316258,13538
"(0.7708796965987909, 0.9861673414304992)",4,97.6970317495405,13542
"(0.9326599326599326, 1.0)",1,97.69680899453591,13543
"(0.962505246140658, 0.9873444118605408)",1,97.69648871298578,13544
"(0.7880931329207191, 1.0)",2,97.69643148052978,13546
"(0.9499687304565352, 1.0)",1,97.69642337261526,13547
"(0.9153439153439156, 1.0)",1,97.69632656270616,13548
"(0.7944219523166891, 1.0)",1,97.6954881730573,13549
"(0.9495139679449044, 0.979166518665308)",1,97.6953266343273,13550
"(0.920238255356524, 0.991777356103732)",1,97.69530911371864,13551
"(0.8762860082304527, 1.0)",1,97.69527575947164,13552
"(0.8887202421952387, 1.0)",1,97.6951644906793,13553
"(0.9246029866191156, 0.9958292603453894)",1,97.69503757770696,13554
"(0.9665831244778612, 1.0)",2,97.6950205162547,13556
"(0.9539751547184644, 0.9748802746905214)",1,97.6947991094784,13557
"(0.9, 1.0)",1,97.6945040982402,13558
"(1.0, 1.0)",1,97.69439232853868,13559
"(0.8329050741331443, 1.0)",1,97.69429223369168,13560
"(0.8942622047218923, 0.9873891625615764)",1,97.69397776863114,13561
"(0.7772049591964847, 0.9861673414304992)",1,97.69381799026874,13562
"(0.9153127183787562, 0.9861673414304992)",1,97.69366485857827,13563
"(0.8694224991654613, 0.988167361639188)",1,97.6936487063687,13564
"(0.8976982097186702, 0.9833229101521784)",1,97.69335065684184,13565
"(0.8557264819266099, 0.9764666952752286)",1,97.69276252145995,13566
"(0.9503122778456484, 0.9834113430318364)",1,97.69234206840372,13567
"(0.7348436174331348, 0.9861673414304992)",1,97.69211674583032,13568
"(0.617513611615245, 1.0)",1,97.69209477902552,13569
"(0.9326599326599326, 1.0)",1,97.69198381878792,13570
"(0.7675138481590094, 1.0)",1,97.69186124509493,13571
"(0.932201731346617, 0.9764666952752286)",2,97.69179685055524,13573
"(0.8319340617212959, 1.0)",1,97.6916254708691,13574
"(0.7277677677677677, 1.0)",1,97.6913572374225,13575
"(0.9297326845255915, 0.9873484848484848)",1,97.69053948167117,13576
"(0.9501005812039314, 0.9832184229069656)",1,97.68995684043752,13577
"(0.9015592112551236, 0.9861673414304992)",1,97.68980494492308,13578
"(0.8840455840455841, 1.0)",1,97.68967737437572,13579
"(0.8814814814814814, 1.0)",1,97.68951581539724,13580
"(0.6575398846941737, 1.0)",1,97.68935191339264,13581
"(0.8586166985951469, 0.9861673414304992)",1,97.68929333929223,13582
"(0.8063017146213757, 0.9861673414304992)",1,97.6892642524491,13583
"(0.9299160159815896, 1.0)",1,97.68857016863944,13584
"(0.816195709052852, 1.0)",1,97.68796268233478,13585
"(0.80285509389987, 0.986081059422206)",1,97.68762878637084,13586
"(0.9748524098350704, 0.9831777451938742)",1,97.6873970629731,13587
"(0.8455704732698088, 0.9861310021084456)",1,97.68706934189402,13588
"(0.944120583717358, 0.9659306657409126)",1,97.68702497281753,13589
"(0.9442283950617284, 1.0)",2,97.68696842551893,13591
"(0.8572505238994517, 0.988167361639188)",1,97.68671653673393,13592
"(0.8885714285714285, 1.0)",1,97.6866548352982,13593
"(0.901575014782562, 1.0)",1,97.68663438427316,13594
"(0.8552744708994707, 1.0)",1,97.68659129821135,13595
"(0.9833229101521784, 1.0)",2,97.6863955024352,13597
"(0.9299160159815896, 0.9861673414304992)",1,97.6861496545308,13598
"(0.9750854369118126, 0.9874877810361682)",1,97.68577102961667,13599
"(0.920238255356524, 0.979166518665308)",1,97.68550846153455,13600
"(0.6784722222222224, 1.0)",1,97.68535782197948,13601
"(0.9499687304565352, 1.0)",1,97.68518392680556,13602
"(0.9244352123384382, 0.987463247273494)",1,97.6851301368836,13603
"(0.8315474711586087, 0.9916585206907788)",1,97.68453670107716,13604
"(0.8796475392220073, 1.0)",1,97.68436974460188,13605
"(0.7083333333333334, 1.0)",1,97.68435725427616,13606
"(1.0, 1.0)",1,97.68412483156028,13607
"(0.9707136080238548, 0.9958292603453894)",1,97.68402591301786,13608
"(0.9326599326599326, 1.0)",1,97.68371627988896,13609
"(0.8976982097186702, 0.9833229101521784)",4,97.68369118700043,13613
"(0.9333333333333332, 1.0)",1,97.68327346056056,13614
"(0.8443691323092412, 0.9958292603453894)",2,97.6832178729905,13616
"(0.930704099821747, 0.986081059422206)",1,97.6830242697934,13617
"(0.9153439153439156, 1.0)",1,97.68276222691694,13618
"(0.8420013166556946, 1.0)",1,97.68233775035706,13619
"(0.9050734423340914, 0.9832184229069656)",1,97.68224841568264,13620
"(0.8308201058201059, 0.9861673414304992)",1,97.68216227238425,13621
"(0.9436368312757202, 0.972281746031746)",2,97.68209269272307,13623
"(0.9079075500409146, 0.9834113430318364)",2,97.68189174373497,13625
"(0.8660327643487228, 0.988167361639188)",1,97.68173955253415,13626
"(0.9297326845255915, 0.987463247273494)",1,97.6816721361612,13627
"(0.7955284187842329, 0.988167361639188)",1,97.68153697650438,13628
"(0.9418479305417444, 0.988167361639188)",2,97.6814969189109,13630
"(0.9833229101521784, 1.0)",1,97.6813150679894,13631
"(1.0, 0.9833229101521784)",1,97.6812017104173,13632
"(0.8464596949891068, 1.0)",1,97.68094789296744,13633
"(0.9832925076188832, 0.987463247273494)",1,97.68004054599744,13634
"(0.6526770767943084, 0.9861310021084456)",1,97.67995069343652,13635
"(0.9490213526488036, 0.9916585206907788)",2,97.67950691105536,13637
"(0.9079075500409146, 0.979166518665308)",1,97.67945868850992,13638
"(0.9333333333333332, 0.9833229101521784)",1,97.67940215464596,13639
"(0.9161952650324744, 1.0)",1,97.67897254417242,13640
"(0.9169719169719168, 1.0)",1,97.67892130248356,13641
"(0.9412964149491664, 0.9873891625615764)",1,97.67865136679562,13642
"(0.8294970161977834, 1.0)",1,97.67863136898526,13643
"(0.6215073982652175, 1.0)",1,97.67847701293503,13644
"(0.9665831244778612, 1.0)",1,97.67847418746204,13645
"(0.8443691323092412, 0.9958292603453894)",1,97.6782195391655,13646
"(0.917415489944373, 0.9665831244778612)",1,97.67812240331386,13647
"(0.9153127183787562, 0.9861310021084456)",1,97.67803518571574,13648
"(0.93795454842108, 0.9873891625615764)",1,97.67779844177991,13649
"(0.9153127183787562, 0.9861673414304992)",1,97.67742043750926,13650
"(0.9460547122074636, 0.9832925076188832)",1,97.67740378188574,13651
"(0.8539212725259236, 1.0)",1,97.67681455327411,13652
"(0.8494167439328729, 0.9958292603453894)",1,97.6764112513229,13653
"(0.9243707071934514, 0.9873891625615764)",1,97.67624310303114,13654
"(0.8070855614973262, 1.0)",1,97.6762422457572,13655
"(0.8068635828271864, 0.9885557944107872)",1,97.67621387632651,13656
"(0.9323035861460908, 0.9916585206907788)",1,97.67597254098546,13657
"(0.6813936996863826, 0.9861310021084456)",1,97.67595733344176,13658
"(0.8468951683237397, 1.0)",1,97.67593768362104,13659
"(0.8533622685185187, 0.972420634920635)",1,97.6758317417501,13660
"(0.8064997018485391, 0.988167361639188)",1,97.67568692204492,13661
"(0.943875558870815, 0.979166518665308)",1,97.67565918418192,13662
"(0.9358935587920408, 0.9874877810361682)",1,97.67562921545876,13663
"(0.944120583717358, 0.9834113430318364)",1,97.67529459979818,13664
"(0.7612958226768967, 1.0)",1,97.67517495534592,13665
"(0.9192093318943212, 0.9882048106149588)",1,97.67486279231692,13666
"(0.7278086237149632, 1.0)",1,97.67482504870466,13667
"(1.0, 1.0)",1,97.67447937304982,13668
"(0.901575014782562, 1.0)",1,97.67414907030503,13669
"(0.9015592112551236, 0.9861673414304992)",1,97.67407257402164,13670
"(0.9309821833269412, 0.988167361639188)",1,97.67394576050688,13671
"(0.8325755070546736, 1.0)",1,97.67377789939307,13672
"(0.8732774170274171, 1.0)",1,97.67349934898436,13673
"(0.9300671002153482, 0.9861673414304992)",1,97.67333355313032,13674
"(0.5910680656443368, 1.0)",1,97.67279249648186,13675
"(0.6698155645524068, 1.0)",2,97.6726319909906,13677
"(0.940928587432546, 0.979166518665308)",1,97.67227400945146,13678
"(0.8733799478600891, 0.987463247273494)",1,97.67224012917752,13679
"(0.8796475392220073, 1.0)",1,97.67210125132158,13680
"(0.9365069868128822, 0.9834113430318364)",1,97.67187408765402,13681
"(0.9250222656674272, 0.9958292603453894)",2,97.6716109668052,13683
"(0.9665831244778612, 0.9833229101521784)",2,97.6712190562682,13685
"(0.8208353559736048, 0.972045976510262)",1,97.6710431803523,13686
"(0.8552744708994707, 0.9861673414304992)",1,97.67088775414491,13687
"(1.0, 1.0)",2,97.67082479602848,13689
"(0.92132700797001, 0.979166518665308)",1,97.67036958108906,13690
"(0.9374843410636878, 0.9832184229069656)",1,97.6702491005552,13691
"(0.9499687304565352, 1.0)",1,97.6696428047366,13692
"(0.9161952650324744, 1.0)",1,97.6695340090067,13693
"(0.7837606837606838, 0.9861673414304992)",1,97.66864352549533,13694
"(0.92132700797001, 0.987463247273494)",1,97.66829835132869,13695
"(0.9303715638302106, 1.0)",1,97.66812310203372,13696
"(0.7673678366541239, 0.9882048106149588)",1,97.6678845586565,13697
"(0.8631918334993627, 0.9833229101521784)",1,97.66774269965444,13698
"(0.8947046219773493, 0.988167361639188)",1,97.66677759929604,13699
"(0.5131569832583307, 1.0)",1,97.66674935381523,13700
"(0.9237918388227986, 0.9916585206907788)",1,97.6662608731128,13701
"(1.0, 1.0)",1,97.66622159497209,13702
"(0.8586166985951469, 0.9861673414304992)",1,97.6661751643753,13703
"(0.9497171590194846, 1.0)",1,97.6661226489018,13704
"(0.9665831244778612, 0.9833229101521784)",1,97.66609950765682,13705
"(0.920238255356524, 0.9832184229069656)",1,97.66588232872633,13706
"(0.7090909090909091, 1.0)",1,97.6657042044412,13707
"(0.9374843410636878, 0.979166518665308)",1,97.66569567581008,13708
"(0.9230468061350414, 0.979166518665308)",1,97.66568880257266,13709
"(0.6742198370105348, 0.9882048106149588)",1,97.66568850466422,13710
"(0.8947046219773493, 0.988167361639188)",1,97.66560027876704,13711
"(0.7673678366541239, 0.9882048106149588)",1,97.66533168906874,13712
"(0.9166145507608924, 1.0)",1,97.66528819713854,13713
"(0.8247905643738976, 1.0)",2,97.66507720217564,13715
"(0.8884778134778135, 1.0)",1,97.6649762887576,13716
"(0.9199973910846122, 0.9873891625615764)",1,97.66485569142242,13717
"(0.987463247273494, 0.9916666666666668)",1,97.6646341688068,13718
"(0.9833229101521784, 1.0)",1,97.6645149811173,13719
"(0.9000617225831424, 0.9833229101521784)",1,97.66386425232494,13720
"(0.9833229101521784, 1.0)",1,97.66277472349476,13721
"(0.9788980434141724, 0.9752080969127688)",1,97.6626183999068,13722
"(0.9126251340467026, 0.9958292603453894)",1,97.6620103119192,13723
"(0.6215073982652175, 1.0)",1,97.66200092624766,13724
"(0.8635976129582268, 1.0)",1,97.66190229243632,13725
"(1.0, 1.0)",1,97.6615848954624,13726
"(0.7503607503607503, 1.0)",1,97.66118677731043,13727
"(0.8600291387756281, 0.9916585206907788)",1,97.66059472276083,13728
"(0.8016677935542034, 1.0)",1,97.66054108342252,13729
"(0.8796475392220073, 1.0)",1,97.66048470772677,13730
"(0.8796475392220073, 1.0)",1,97.66029772185742,13731
"(0.9333044546043194, 0.9916585206907788)",2,97.65990020213545,13733
"(0.9333333333333332, 1.0)",1,97.65965574544856,13734
"(0.8308201058201059, 0.9861673414304992)",1,97.65960217722984,13735
"(0.9452474337657768, 0.9874877810361682)",2,97.65936964416488,13737
"(0.8976982097186702, 1.0)",2,97.65887617891062,13739
"(0.8805377184744008, 0.991777356103732)",1,97.65864764562764,13740
"(0.7574146783449108, 1.0)",1,97.6581919345448,13741
"(0.7222222222222221, 1.0)",1,97.65809107871964,13742
"(0.9110813074094206, 0.9650076460904662)",1,97.65797390163588,13743
"(0.9032855633136024, 0.9861673414304992)",1,97.65794150361148,13744
"(0.8312205288949474, 1.0)",1,97.65791684616882,13745
"(0.7532376017916352, 1.0)",1,97.65724792978772,13746
"(0.9161952650324744, 1.0)",1,97.65705021643365,13747
"(0.8455704732698088, 0.9861310021084456)",1,97.65683286154984,13748
"(0.8997493734335841, 1.0)",1,97.6566855214057,13749
"(0.8016677935542034, 0.9833229101521784)",1,97.65654370442118,13750
"(0.9166145507608924, 1.0)",1,97.65618237674435,13751
"(0.8483418730488175, 0.9958292603453894)",1,97.65594423621742,13752
"(0.7119388248146047, 1.0)",1,97.65546246960032,13753
"(0.9153439153439156, 0.9833229101521784)",3,97.65522611099382,13756
"(0.859499940327008, 0.986081059422206)",1,97.6551227760656,13757
"(0.808446455505279, 1.0)",2,97.65500913302414,13759
"(0.9833229101521784, 1.0)",1,97.65498830381732,13760
"(1.0, 1.0)",1,97.65488286602871,13761
"(0.8733799478600891, 0.9832184229069656)",1,97.65476867379876,13762
"(0.786508365740383, 1.0)",1,97.65431620009365,13763
"(0.9162596992611264, 0.972281746031746)",1,97.65397360644045,13764
"(0.9497171590194846, 1.0)",1,97.65385737582552,13765
"(0.6831352928913905, 1.0)",1,97.65327985379334,13766
"(0.950175761409158, 0.979166518665308)",1,97.65321116055998,13767
"(0.8843764852418178, 0.988167361639188)",1,97.65306175445124,13768
"(0.9418479305417444, 0.988167361639188)",1,97.65286131723654,13769
"(0.94484126984127, 0.9861673414304992)",1,97.65244098364896,13770
"(0.9374843410636878, 0.979166518665308)",1,97.65238587563744,13771
"(0.7090909090909091, 1.0)",1,97.65222003858,13772
"(0.4747763864042934, 1.0)",1,97.65209981141476,13773
"(0.930704099821747, 0.986081059422206)",2,97.65189398800972,13775
"(0.7729389061386163, 0.988167361639188)",1,97.65142851143654,13776
"(0.940928587432546, 0.9832184229069656)",1,97.651410710682,13777
"(0.9177366931314298, 0.987463247273494)",1,97.65133640098796,13778
"(0.6191502463054187, 1.0)",1,97.65096691041065,13779
"(0.7503607503607503, 1.0)",1,97.65029110054527,13780
"(0.8982888105990573, 0.9834113430318364)",2,97.65016230887682,13782
"(0.8053381731676306, 1.0)",1,97.65008977931402,13783
"(0.9665831244778612, 0.9833229101521784)",1,97.64984247984653,13784
"(0.8976982097186702, 1.0)",1,97.64954413553926,13785
"(0.972281746031746, 0.9861673414304992)",1,97.6491117562674,13786
"(0.8867361313822293, 0.9916585206907788)",1,97.6488688500742,13787
"(0.829257487152224, 1.0)",1,97.64864042075956,13788
"(0.917415489944373, 1.0)",1,97.64839268041194,13789
"(0.8877034517510707, 0.9861673414304992)",1,97.64821778526613,13790
"(1.0, 1.0)",1,97.64820178884212,13791
"(0.8982888105990573, 0.979166518665308)",1,97.64808803152118,13792
"(0.9167853751187084, 1.0)",2,97.6479052585088,13794
"(0.9444901834607716, 0.9861310021084456)",1,97.64778582490376,13795
"(0.6521663785997688, 0.9882048106149588)",1,97.64758754980711,13796
"(0.9015592112551236, 0.9861673414304992)",1,97.64752633128312,13797
"(0.5170126379596272, 1.0)",1,97.64751851976092,13798
"(0.6636745887678723, 1.0)",4,97.64747100023942,13802
"(0.8449978636391381, 1.0)",1,97.6469851394796,13803
"(0.9444901834607716, 0.9861673414304992)",1,97.64689251474432,13804
"(0.9125533644430458, 0.9873891625615764)",1,97.6468158853559,13805
"(0.7708796965987909, 0.9861673414304992)",1,97.64672440049736,13806
"(0.8586166985951469, 0.9861673414304992)",1,97.64668603539128,13807
"(0.901028965681318, 0.9764666952752286)",1,97.64574567376818,13808
"(0.940928587432546, 0.9832184229069656)",1,97.64574483808026,13809
"(0.9177366931314298, 0.979166518665308)",1,97.64515338922416,13810
"(0.927082576248316, 0.987463247273494)",1,97.64504156262387,13811
"(0.9833229101521784, 1.0)",1,97.64491009777213,13812
"(0.8222222222222222, 1.0)",1,97.64486715470272,13813
"(0.8329156223893065, 1.0)",1,97.64435404365253,13814
"(0.8420013166556946, 1.0)",1,97.64427029399768,13815
"(0.8916052423523688, 0.9873891625615764)",1,97.64412900844584,13816
"(0.8976982097186702, 1.0)",1,97.6440776474884,13817
"(0.8580422642491607, 0.9832184229069656)",1,97.64403233911808,13818
"(0.9833229101521784, 1.0)",1,97.64397922376108,13819
"(0.7944219523166891, 1.0)",1,97.64392715758396,13820
"(0.9833229101521784, 1.0)",1,97.64358301280208,13821
"(0.9164187516971112, 0.9789955053380102)",1,97.64331517713624,13822
"(0.8010054664946871, 0.9722222222222222)",1,97.64316583549532,13823
"(0.9791332681655264, 0.9874877810361682)",1,97.64307868714192,13824
"(0.9003556829643787, 1.0)",1,97.64228324150248,13825
"(0.8796475392220073, 1.0)",2,97.64177115368514,13827
"(0.6804620726495727, 0.986081059422206)",1,97.6415933448045,13828
"(0.6831352928913905, 1.0)",1,97.64152857320968,13829
"(1.0, 1.0)",1,97.64141288877629,13830
"(0.9442283950617284, 1.0)",1,97.64111632994742,13831
"(0.9079075500409146, 0.9915151515151516)",1,97.64072508265753,13832
"(0.7280584513944579, 0.9861673414304992)",1,97.64069938544748,13833
"(0.8796475392220073, 1.0)",1,97.64060216404349,13834
"(0.9293300445873568, 0.9958292603453894)",2,97.64015497028998,13836
"(0.9003556829643787, 1.0)",1,97.63970715921366,13837
"(0.950175761409158, 0.9958292603453894)",2,97.6390502350854,13839
"(0.9045740456093042, 1.0)",1,97.63876982261252,13840
"(0.5131569832583307, 1.0)",1,97.63872862869044,13841
"(0.8732774170274171, 1.0)",1,97.63858722663174,13842
"(0.9282083232965586, 0.9873891625615764)",1,97.63811591925428,13843
"(0.9029281534808432, 0.9861673414304992)",1,97.63805342624276,13844
"(0.8315474711586087, 0.9874877810361682)",1,97.63794758112492,13845
"(0.8315995778682346, 0.972045976510262)",1,97.63783740283922,13846
"(0.920238255356524, 0.9873484848484848)",1,97.63781194831722,13847
"(0.8229870141950848, 0.986081059422206)",1,97.63759090371416,13848
"(0.8958208965097509, 0.9916585206907788)",1,97.63754879184222,13849
"(0.7673678366541239, 1.0)",1,97.63745323735417,13850
"(0.8600291387756281, 0.9958292603453894)",1,97.63726011420025,13851
"(0.7946380416968652, 0.9958292603453894)",1,97.63707248371716,13852
"(0.8976982097186702, 1.0)",1,97.63665865666404,13853
"(0.9791348015256934, 0.9916585206907788)",1,97.63643150571116,13854
"(0.91326516498939, 0.9796499948224086)",2,97.63642416105512,13856
"(0.9008627640703112, 1.0)",1,97.63641425870397,13857
"(0.4747763864042934, 1.0)",1,97.63626912016493,13858
"(0.9008627640703112, 1.0)",1,97.63617885500769,13859
"(0.9166145507608924, 1.0)",1,97.6361112996991,13860
"(0.9791258409522168, 0.9916625936787228)",1,97.63596885599551,13861
"(0.9153127183787562, 0.9861673414304992)",2,97.63574428300296,13863
"(0.5555555555555555, 0.9833229101521784)",1,97.6356389546198,13864
"(0.9580602951397298, 0.9958292603453894)",1,97.63558445171248,13865
"(0.7880931329207191, 1.0)",1,97.63475030485272,13866
"(0.8533622685185187, 1.0)",1,97.63447884367436,13867
"(0.8694224991654613, 0.988167361639188)",1,97.634275009986,13868
"(0.8222222222222222, 1.0)",1,97.63412083951238,13869
"(0.972281746031746, 0.9861673414304992)",1,97.63397843418684,13870
"(0.9331662489557224, 1.0)",2,97.6338947611945,13872
"(0.8880748880748881, 0.972281746031746)",2,97.63378222339436,13874
"(0.983545503234046, 0.9916625936787228)",1,97.63364263039226,13875
"(1.0, 1.0)",1,97.6336166138984,13876
"(0.9444901834607716, 0.9861673414304992)",2,97.63340963602889,13878
"(0.9665831244778612, 1.0)",1,97.63335886597662,13879
"(0.9666299139401606, 0.9832965806068272)",1,97.63332601979955,13880
"(0.9833229101521784, 1.0)",1,97.63303205143086,13881
"(0.746304385688563, 0.986081059422206)",1,97.6327246090178,13882
"(0.9309821833269412, 0.9766918866148322)",1,97.6326949955492,13883
"(0.9164187516971112, 0.9832679738562092)",1,97.6324757952342,13884
"(0.8796475392220073, 1.0)",1,97.63241064096984,13885
"(0.808446455505279, 1.0)",2,97.63192382840464,13887
"(0.8796475392220073, 0.9833229101521784)",1,97.63188144609975,13888
"(0.9347674066329982, 0.9916585206907788)",1,97.63153364752486,13889
"(0.9416255449494996, 0.9792651371399)",1,97.63148803538782,13890
"(0.6526770767943084, 0.9861673414304992)",1,97.63093688349008,13891
"(0.9331662489557224, 1.0)",1,97.63082768790834,13892
"(0.8329050741331443, 1.0)",1,97.6306657631378,13893
"(0.8879608405415911, 0.988167361639188)",2,97.63046974235186,13895
"(0.8908679049871878, 0.9916585206907788)",1,97.63043698691526,13896
"(0.8976982097186702, 1.0)",1,97.63011518626492,13897
"(0.9418479305417444, 0.9766918866148322)",1,97.62991036718785,13898
"(0.6747507742934573, 1.0)",1,97.6296492827958,13899
"(0.6526770767943084, 0.9861673414304992)",2,97.62937691209972,13901
"(0.9412964149491664, 0.9916339869281046)",1,97.6290625689092,13902
"(0.8879608405415911, 0.988167361639188)",1,97.62837019126572,13903
"(0.751080181203132, 0.9861673414304992)",4,97.62817505274327,13907
"(0.9407053706191636, 0.9834113430318364)",1,97.62810401535982,13908
"(0.8420013166556946, 1.0)",1,97.6278240600448,13909
"(0.9832401090007582, 0.9832184229069656)",1,97.62736793251035,13910
"(1.0, 1.0)",1,97.62705699922202,13911
"(0.9503122778456484, 0.9834113430318364)",1,97.62699688886596,13912
"(0.97934925289764, 0.9873891625615764)",1,97.62687203603356,13913
"(0.9299160159815896, 1.0)",2,97.62667736188509,13915
"(0.8053381731676306, 1.0)",1,97.62641134240408,13916
"(0.9665831244778612, 1.0)",1,97.62555038392073,13917
"(0.9916625936787228, 0.987491854024112)",1,97.6255154852845,13918
"(0.7955284187842329, 0.988167361639188)",1,97.62521990281968,13919
"(0.9442283950617284, 1.0)",1,97.62509940449794,13920
"(0.7786375661375661, 1.0)",1,97.62508774131447,13921
"(0.8358530587380517, 0.9834113430318364)",1,97.62451585185516,13922
"(0.9154520780570968, 0.9791299139401608)",1,97.6243361044217,13923
"(0.9032855633136024, 0.9861673414304992)",1,97.62425563382789,13924
"(0.7916666666666666, 1.0)",1,97.6242093754521,13925
"(0.9131856219190184, 0.9916585206907788)",1,97.62403713096111,13926
"(0.8848000715856217, 0.9861673414304992)",1,97.62400787140804,13927
"(0.9166145507608924, 0.9833229101521784)",1,97.62390327924108,13928
"(1.0, 0.9833229101521784)",1,97.62384671154508,13929
"(0.8266173510466989, 1.0)",4,97.62373161681498,13933
"(0.8533622685185187, 1.0)",1,97.62360268467016,13934
"(0.9165164082221422, 1.0)",1,97.62353280731264,13935
"(0.8192305107526882, 0.9861673414304992)",1,97.62325527169112,13936
"(0.950175761409158, 0.9834113430318364)",1,97.62313988276637,13937
"(0.8586166985951469, 0.9861673414304992)",1,97.6229314984552,13938
"(0.9720813204508856, 1.0)",1,97.62289449471024,13939
"(0.8733888292158969, 0.9861673414304992)",1,97.62270187929327,13940
"(0.80285509389987, 1.0)",1,97.62267908426244,13941
"(0.7060994560994561, 1.0)",1,97.62266939849702,13942
"(0.9009534009534008, 1.0)",1,97.62261047742908,13943
"(0.8997493734335841, 0.9833229101521784)",1,97.62190578742948,13944
"(0.9372650231764934, 0.9748524098350704)",1,97.62173794411136,13945
"(0.8552744708994707, 0.9861673414304992)",1,97.62154432761729,13946
"(0.8715701474388204, 0.972281746031746)",1,97.62142470474112,13947
"(0.73687720936437, 1.0)",2,97.62141903561152,13949
"(0.9497171590194846, 1.0)",1,97.62131470049422,13950
"(0.8942622047218923, 0.9873891625615764)",1,97.62114453301402,13951
"(0.8276889808079367, 0.9916585206907788)",1,97.6211060749852,13952
"(0.8308201058201059, 0.9861673414304992)",1,97.62096440361904,13953
"(0.8796475392220073, 1.0)",1,97.620589379046,13954
"(0.9326599326599326, 1.0)",2,97.62045267199024,13956
"(0.8805377184744008, 0.979166518665308)",1,97.6197714951802,13957
"(0.8552744708994707, 0.9861673414304992)",4,97.61920856457058,13961
"(0.9079075500409146, 0.9916585206907788)",2,97.61881531012656,13963
"(0.9834358767945106, 0.967919807296893)",1,97.61877932795338,13964
"(0.9032855633136024, 0.9861673414304992)",1,97.61877561920338,13965
"(0.7884092310206264, 0.9764666952752286)",1,97.61869068892786,13966
"(0.8151249335459861, 1.0)",1,97.6186369289848,13967
"(0.9497171590194848, 1.0)",1,97.61855626225514,13968
"(0.9326599326599326, 1.0)",1,97.6182539033295,13969
"(0.8694224991654613, 0.988167361639188)",2,97.61800625827163,13971
"(0.9153439153439156, 0.9833229101521784)",1,97.61792845007852,13972
"(0.80285509389987, 1.0)",1,97.6179165448986,13973
"(0.9206165335472736, 0.9916585206907788)",1,97.61776158506932,13974
"(0.8976982097186702, 0.9833229101521784)",1,97.6176128988334,13975
"(0.8137566137566138, 1.0)",1,97.61759600122564,13976
"(0.9189396095602992, 0.9958292603453894)",1,97.6173216024894,13977
"(0.9280317595086728, 0.9916585206907788)",1,97.61716682176174,13978
"(0.9436368312757202, 0.9861673414304992)",1,97.61706923985848,13979
"(0.6760835913312693, 0.986081059422206)",1,97.61658545419702,13980
"(0.4747763864042934, 0.9882048106149588)",1,97.6162497099131,13981
"(0.7348436174331348, 0.9861673414304992)",1,97.61579273743428,13982
"(0.9230468061350414, 0.9916339869281046)",2,97.61515156789554,13984
"(0.9873891625615764, 0.9672166940984146)",1,97.61481904543844,13985
"(0.7802197802197803, 1.0)",2,97.61429161738384,13987
"(0.9497171590194846, 1.0)",1,97.61419398536384,13988
"(0.8897212867434523, 0.9832184229069656)",1,97.61405564461828,13989
"(0.9665831244778612, 1.0)",1,97.61381676532928,13990
"(0.8586166985951469, 0.9861673414304992)",3,97.61285751404723,13993
"(0.931200007971039, 0.9873891625615764)",1,97.61282291740945,13994
"(0.8308201058201059, 0.9861673414304992)",1,97.61277680116338,13995
"(0.9026337658413128, 0.9861673414304992)",1,97.61277268605733,13996
"(0.9192093318943212, 1.0)",1,97.61258530306918,13997
"(0.6747507742934573, 1.0)",1,97.61255585547798,13998
"(0.972281746031746, 0.9861673414304992)",1,97.61216328058237,13999
"(0.7280584513944579, 0.9861673414304992)",1,97.6119279236873,14000
"(0.7962102115226081, 0.9766918866148322)",1,97.61163781060657,14001
"(0.7946380416968652, 0.9958292603453894)",1,97.611218530232,14002
"(0.8358530587380517, 0.979166518665308)",1,97.61116034774224,14003
"(0.9161952650324744, 1.0)",1,97.6110567198426,14004
"(0.9182966261114094, 0.9958292603453894)",2,97.6104766057061,14006
"(0.9833229101521784, 1.0)",1,97.610417708717,14007
"(0.9665831244778612, 1.0)",1,97.6101436416208,14008
"(0.7708796965987909, 0.9861673414304992)",1,97.6093456292714,14009
"(0.808446455505279, 1.0)",1,97.60853051231808,14010
"(0.9157169990503324, 1.0)",1,97.6080650142432,14011
"(0.927082576248316, 0.987463247273494)",1,97.60775740630686,14012
"(0.9497171590194848, 0.9833229101521784)",2,97.6076344952245,14014
"(0.9441792447111594, 1.0)",1,97.6072625512872,14015
"(0.861111111111111, 1.0)",1,97.60717492800592,14016
"(0.8877034517510707, 0.9861673414304992)",1,97.60692933993492,14017
"(0.838225667527993, 1.0)",1,97.60683921808024,14018
"(0.8653198653198653, 1.0)",1,97.6066937666486,14019
"(0.9833229101521784, 1.0)",1,97.60654876105475,14020
"(0.916104916104916, 1.0)",1,97.60649079454578,14021
"(0.9307008053852626, 0.9861673414304992)",1,97.60633145822202,14022
"(0.8390424521630195, 0.9861673414304992)",1,97.6062623866174,14023
"(0.9165164082221422, 1.0)",1,97.60624443872786,14024
"(0.944073617452092, 1.0)",1,97.60580845074249,14025
"(0.9299160159815896, 0.9861673414304992)",1,97.60568942633395,14026
"(0.6992775742775743, 0.9861673414304992)",4,97.60564400748254,14030
"(0.7404350561362756, 0.9861673414304992)",1,97.60519676720868,14031
"(0.9626794901621506, 0.9916585206907788)",1,97.60502296673866,14032
"(0.8996392387758612, 0.9873891625615764)",1,97.60463509848655,14033
"(0.8476190476190477, 1.0)",2,97.604333454099,14035
"(0.9326599326599326, 1.0)",1,97.6042981319976,14036
"(0.7962102115226081, 0.9766918866148322)",1,97.60401428805044,14037
"(0.901028965681318, 0.9766918866148322)",1,97.60372631135954,14038
"(0.9003556829643787, 1.0)",1,97.60371066316192,14039
"(0.9326599326599326, 1.0)",1,97.6034689096812,14040
"(0.8796475392220073, 1.0)",1,97.60324000379592,14041
"(0.7962102115226081, 0.988167361639188)",1,97.6028151087186,14042
"(0.922738357223577, 0.988167361639188)",1,97.6023855548644,14043
"(0.9299160159815896, 0.9861673414304992)",1,97.6022702436402,14044
"(0.9418479305417444, 0.988167361639188)",1,97.60218997601102,14045
"(0.979051756240299, 0.949130613989949)",1,97.60215298605836,14046
"(0.9032855633136024, 0.9861673414304992)",1,97.60202404815212,14047
"(0.8887202421952387, 1.0)",1,97.6020104986017,14048
"(0.9665831244778612, 0.9833229101521784)",2,97.60179006854064,14050
"(0.835848883169409, 0.988167361639188)",2,97.60166394287036,14052
"(0.9833229101521784, 1.0)",1,97.60110400433064,14053
"(0.92132700797001, 0.9834113430318364)",2,97.60044084122444,14055
"(0.7280584513944579, 0.9861673414304992)",1,97.59997621692553,14056
"(0.8455704732698088, 0.972281746031746)",1,97.59977265253576,14057
"(0.8316498316498316, 1.0)",1,97.59961812750645,14058
"(0.930704099821747, 1.0)",2,97.59954200014036,14060
"(0.8840048840048841, 1.0)",1,97.59952122871232,14061
"(0.9750780096985032, 0.9790476832523552)",1,97.59938287650796,14062
"(0.9580331374974232, 1.0)",1,97.59881381448324,14063
"(0.931200007971039, 0.9873891625615764)",1,97.59875771699456,14064
"(0.920238255356524, 0.9958292603453894)",2,97.59869014906748,14066
"(0.8976982097186702, 1.0)",1,97.59832973167728,14067
"(0.9418479305417444, 0.988167361639188)",1,97.59801979843178,14068
"(0.97899550533801, 0.962469321587884)",1,97.59770766262558,14069
"(0.958095238095238, 0.9958292603453894)",1,97.59770243109764,14070
"(0.8694224991654613, 0.988167361639188)",1,97.59726595321726,14071
"(0.8796475392220073, 0.9833229101521784)",1,97.59617076701684,14072
"(0.8308201058201059, 0.9861673414304992)",2,97.59580804328796,14074
"(0.6760835913312693, 1.0)",1,97.59579420824484,14075
"(1.0, 1.0)",1,97.5955966711996,14076
"(0.9835547122074636, 0.9656042203410624)",1,97.59541842615928,14077
"(0.8796475392220073, 1.0)",1,97.5948087744138,14078
"(0.844988344988345, 1.0)",1,97.59476524661775,14079
"(0.90616388000495, 0.9916585206907788)",1,97.59467159947096,14080
"(0.8970129352925051, 0.9873891625615764)",1,97.59460345843507,14081
"(0.917655049465296, 0.9958292603453894)",1,97.59436955238918,14082
"(0.8390424521630195, 0.9861673414304992)",2,97.5942905631322,14084
"(0.746304385688563, 1.0)",1,97.5939323431526,14085
"(0.9008025849489264, 1.0)",1,97.593903258572,14086
"(0.8449978636391381, 1.0)",1,97.59389897192906,14087
"(0.9747273037595618, 0.9491188381510962)",1,97.593850358462,14088
"(0.8339475360293065, 1.0)",1,97.59383695201096,14089
"(0.8586166985951469, 0.9861673414304992)",1,97.59301121068422,14090
"(0.8443691323092412, 0.9958292603453894)",2,97.59297926273712,14092
"(0.8996392387758612, 0.9958292603453894)",1,97.5928323515529,14093
"(1.0, 0.9833229101521784)",1,97.59279808761862,14094
"(0.9497171590194846, 1.0)",1,97.59268898040229,14095
"(0.934122934122934, 1.0)",1,97.59219475261256,14096
"(0.8101143854687974, 0.986081059422206)",1,97.5919112144814,14097
"(0.9490213526488036, 0.9916585206907788)",1,97.59179624228042,14098
"(0.902012682657844, 0.9874877810361682)",2,97.5917255891724,14100
"(0.9189396095602992, 0.9958292603453894)",1,97.5917187165196,14101
"(0.8495378883833893, 0.9916585206907788)",1,97.59168564159206,14102
"(0.8425483191745751, 0.9882048106149588)",1,97.59165289352984,14103
"(0.9833229101521784, 0.9833229101521784)",2,97.5910796411552,14105
"(0.8070855614973262, 1.0)",1,97.59089383481344,14106
"(0.844988344988345, 1.0)",1,97.590544869074,14107
"(0.9384174012481092, 0.9958292603453894)",1,97.59009470651806,14108
"(0.9665831244778612, 1.0)",2,97.59001223571184,14110
"(0.8552744708994707, 0.9861310021084456)",1,97.58948701426192,14111
"(0.9026337658413128, 0.9861673414304992)",1,97.58948407350331,14112
"(0.8814814814814814, 1.0)",1,97.58934556103256,14113
"(0.9580331374974232, 0.9861673414304992)",1,97.58915889281688,14114
"(0.9154520780570968, 0.9873891625615764)",1,97.589145137315,14115
"(0.902012682657844, 0.987495927012056)",1,97.58904409783824,14116
"(0.8340799485585682, 0.988167361639188)",1,97.5889450015355,14117
"(0.6825396825396824, 1.0)",1,97.58879861421102,14118
"(0.9833229101521784, 1.0)",1,97.58879209971798,14119
"(0.8976982097186702, 1.0)",1,97.58874800799316,14120
"(0.8300265307680562, 1.0)",1,97.58847392310048,14121
"(0.8796475392220073, 1.0)",1,97.58834664719544,14122
"(0.9032855633136024, 0.9861673414304992)",1,97.58826387696716,14123
"(0.861111111111111, 1.0)",2,97.58821512978844,14125
"(0.9161952650324744, 1.0)",1,97.58791075061193,14126
"(0.9497171590194846, 1.0)",1,97.58777766464672,14127
"(0.8222222222222222, 1.0)",1,97.5876825736889,14128
"(0.9300671002153482, 0.9861673414304992)",1,97.5874822122288,14129
"(0.9297326845255915, 0.979166518665308)",1,97.58738597916896,14130
"(0.7772049591964847, 0.9861673414304992)",1,97.58719109981712,14131
"(0.816195709052852, 1.0)",1,97.58716800888789,14132
"(0.8374874819183264, 0.988167361639188)",1,97.58714715386417,14133
"(0.8877034517510707, 0.9861673414304992)",2,97.58711407078243,14135
"(0.9110813074094206, 0.9764666952752286)",1,97.58690622050432,14136
"(0.8717520170461346, 0.9958292603453894)",1,97.5865620928439,14137
"(0.9618291283060416, 0.9916585206907788)",1,97.5865119487215,14138
"(0.9720813204508856, 1.0)",1,97.58635102751194,14139
"(0.8725676897516909, 0.9748802746905214)",1,97.5862551207356,14140
"(0.9416450721400784, 1.0)",1,97.58603295819442,14141
"(0.8668153102935712, 1.0)",1,97.5860135759376,14142
"(0.8756441223832527, 0.9722222222222222)",1,97.58517944545775,14143
"(0.8760238095238095, 0.9958292603453894)",1,97.58509279774375,14144
"(0.9153439153439156, 1.0)",1,97.58508121238418,14145
"(0.8316498316498316, 1.0)",1,97.58442221044471,14146
"(0.9162596992611264, 0.972281746031746)",1,97.58435174731224,14147
"(0.7093938149972633, 0.9861673414304992)",1,97.58395513146066,14148
"(0.9833229101521784, 1.0)",1,97.58388067764966,14149
"(0.7802197802197803, 1.0)",2,97.58376691438136,14151
"(0.8796475392220073, 0.9833229101521784)",1,97.58324195204248,14152
"(0.9274303852156144, 0.9832679738562092)",1,97.58302105814158,14153
"(0.8970129352925051, 0.9915151515151516)",1,97.58289466877856,14154
"(0.6526770767943084, 0.9861673414304992)",1,97.5827757823428,14155
"(0.9299507899507898, 1.0)",1,97.58274580517198,14156
"(0.9539751547184644, 0.9748802746905214)",1,97.58225995566768,14157
"(0.9079075500409146, 0.9834113430318364)",1,97.58214188891968,14158
"(0.9833229101521784, 0.9833229101521784)",2,97.58186206759758,14160
"(0.9501005812039314, 0.979166518665308)",1,97.58157253871512,14161
"(0.9497171590194848, 0.9833229101521784)",2,97.5814372057552,14163
"(0.900838851006521, 0.9787956645563136)",1,97.5808565825398,14164
"(0.9369138996969484, 0.9916585206907788)",1,97.57996840233668,14165
"(0.9499687304565352, 0.9833229101521784)",1,97.57996607021,14166
"(0.940928587432546, 0.987495927012056)",1,97.5797764276261,14167
"(0.9497171590194848, 0.9833229101521784)",4,97.57963822131158,14171
"(0.9916339869281046, 0.9790231494896808)",1,97.57960752532571,14172
"(0.7916666666666666, 1.0)",1,97.57945374670356,14173
"(0.9280459216361852, 0.9916585206907788)",2,97.57896029651543,14175
"(0.4747763864042934, 1.0)",1,97.57875988649327,14176
"(0.8687499999999999, 0.988167361639188)",1,97.57867804120924,14177
"(0.9199973910846122, 0.9873891625615764)",2,97.57863618399584,14179
"(0.8974984433303618, 0.9916339869281046)",2,97.5780131642635,14181
"(0.9791332681655264, 0.9916585206907788)",1,97.57767164199542,14182
"(0.7348436174331348, 0.9861673414304992)",1,97.5770595517709,14183
"(0.8016677935542034, 0.9833229101521784)",2,97.57705602413075,14185
"(0.9026337658413128, 0.9861673414304992)",1,97.5769701894203,14186
"(0.9244352123384382, 0.979166518665308)",1,97.57673170358984,14187
"(0.8557264819266099, 0.9650076460904662)",2,97.57657740142812,14189
"(1.0, 1.0)",1,97.57646417586903,14190
"(0.8832603710652491, 1.0)",1,97.57635353683844,14191
"(1.0, 1.0)",1,97.57623682270672,14192
"(0.80285509389987, 1.0)",1,97.57616745489744,14193
"(0.8420013166556946, 1.0)",1,97.57602975434264,14194
"(0.813515418166581, 0.988167361639188)",2,97.57521615598112,14196
"(0.8312205288949474, 0.9882048106149588)",1,97.57518138848016,14197
"(0.8996392387758612, 0.9873891625615764)",1,97.5748510037677,14198
"(0.9309821833269412, 0.988167361639188)",1,97.57475071616088,14199
"(0.8976982097186702, 1.0)",1,97.57463748771002,14200
"(0.9669795885118464, 0.987491854024112)",1,97.57457086471832,14201
"(0.7109688804604058, 0.972281746031746)",1,97.57369490453316,14202
"(0.9665831244778612, 0.9833229101521784)",2,97.57345382077948,14204
"(0.927082576248316, 0.9832184229069656)",1,97.57330112402768,14205
"(0.7673678366541239, 1.0)",1,97.57298390867209,14206
"(0.8653198653198653, 1.0)",1,97.57279729143777,14207
"(0.9586562930696936, 0.979166518665308)",1,97.5727673825896,14208
"(0.9444901834607716, 0.9861673414304992)",1,97.57275155893984,14209
"(0.901575014782562, 0.986081059422206)",1,97.5727458275262,14210
"(0.9720813204508856, 1.0)",1,97.5723394062711,14211
"(0.97495917428555, 0.9794680883105932)",1,97.57174651683216,14212
"(0.901575014782562, 0.986081059422206)",1,97.57154137335834,14213
"(0.861111111111111, 1.0)",1,97.5715263526791,14214
"(0.8586166985951469, 0.9861673414304992)",1,97.57150946885292,14215
"(0.9658159033159032, 0.9958292603453894)",1,97.5713412008736,14216
"(0.9499687304565352, 0.9833229101521784)",1,97.5713208365774,14217
"(0.8010054664946871, 0.9861673414304992)",1,97.57130142154767,14218
"(0.8879608405415911, 0.988167361639188)",1,97.57099281614396,14219
"(0.9750943974852894, 0.9958292603453894)",1,97.5708924035898,14220
"(0.9496114574862204, 0.975507120023249)",1,97.57067729894622,14221
"(0.8150750769839252, 0.9916585206907788)",1,97.57002687660304,14222
"(0.8358530587380517, 0.9832184229069656)",1,97.56991551980686,14223
"(0.7532376017916352, 0.986081059422206)",1,97.56988522593475,14224
"(0.9833040078201368, 0.9958292603453894)",1,97.56987934842608,14225
"(0.8420013166556946, 1.0)",1,97.56958105399151,14226
"(0.8796475392220073, 1.0)",1,97.56955032027452,14227
"(0.837707400507675, 1.0)",1,97.569542160605,14228
"(0.9622634791942192, 0.9916666666666668)",1,97.56953655957886,14229
"(0.8557264819266099, 0.9764666952752286)",1,97.56950093573316,14230
"(0.8425483191745751, 1.0)",1,97.56939403863764,14231
"(1.0, 0.9833229101521784)",1,97.5693415687062,14232
"(0.9437692826216588, 0.9766918866148322)",1,97.5692165450816,14233
"(0.9503122778456484, 0.979166518665308)",1,97.56898765395862,14234
"(0.8524016298728943, 0.9748802746905214)",1,97.56880116593356,14235
"(0.9309821833269412, 0.988167361639188)",1,97.5683587228166,14236
"(0.933096859926128, 0.9833229101521784)",1,97.56831014372736,14237
"(0.7612958226768967, 1.0)",1,97.56755134687864,14238
"(0.8358530587380517, 0.987463247273494)",1,97.56718725662724,14239
"(0.6575398846941737, 0.9885557944107872)",1,97.56688032178845,14240
"(0.933096859926128, 0.9833229101521784)",2,97.56663450834392,14242
"(0.8976982097186702, 1.0)",1,97.5665818028972,14243
"(0.8222222222222222, 1.0)",1,97.5663602930203,14244
"(0.8796475392220073, 1.0)",1,97.56633222311558,14245
"(0.7884092310206264, 0.988167361639188)",1,97.56622634730168,14246
"(0.944073617452092, 1.0)",1,97.5653843598897,14247
"(0.92132700797001, 0.9832965806068272)",1,97.56537749633824,14248
"(0.9326599326599326, 1.0)",1,97.56535582241614,14249
"(0.8982888105990573, 0.9834113430318364)",1,97.5653497334828,14250
"(0.8805377184744008, 0.9834113430318364)",1,97.56527063374816,14251
"(0.9665831244778612, 1.0)",1,97.56513328019405,14252
"(0.7479743867590829, 1.0)",1,97.56502561317096,14253
"(0.9369138996969484, 0.9916585206907788)",1,97.56479209693909,14254
"(0.8310777799491891, 1.0)",1,97.5647755788552,14255
"(0.917849761232425, 1.0)",1,97.56467519022075,14256
"(0.93795454842108, 0.9873891625615764)",1,97.5638358162756,14257
"(0.8312205288949474, 0.9882048106149588)",1,97.56360201536016,14258
"(1.0, 1.0)",1,97.56316162578266,14259
"(0.9161952650324744, 1.0)",1,97.5631059590548,14260
"(0.7673678366541239, 1.0)",1,97.56278962038746,14261
"(0.8068904981347378, 1.0)",1,97.56277796582928,14262
"(0.7962102115226081, 0.988167361639188)",2,97.56260293544756,14264
"(0.8390424521630195, 0.9861673414304992)",1,97.56222838957024,14265
"(0.975195619792394, 0.9916625936787228)",1,97.56214990245734,14266
"(0.8733799478600891, 0.9834113430318364)",1,97.56198680282148,14267
"(0.9833229101521784, 1.0)",1,97.56184086403252,14268
"(0.8796475392220073, 1.0)",1,97.5618216329994,14269
"(0.8390424521630195, 0.9861673414304992)",1,97.56157992609346,14270
"(0.9720813204508856, 1.0)",1,97.5612146467838,14271
"(0.9027777777777778, 1.0)",1,97.5610208209264,14272
"(0.9309821833269412, 0.988167361639188)",1,97.56094795259617,14273
"(0.8958208965097509, 0.9916585206907788)",1,97.56070682358704,14274
"(0.9497171590194848, 0.9833229101521784)",1,97.5603586273587,14275
"(0.835848883169409, 0.988167361639188)",1,97.56028571775428,14276
"(0.8322510822510822, 0.9861673414304992)",1,97.560066112369,14277
"(0.8976982097186702, 1.0)",1,97.56000685477244,14278
"(0.8208353559736048, 0.9861673414304992)",1,97.55978524833456,14279
"(0.837707400507675, 1.0)",1,97.55944541096302,14280
"(0.9008627640703112, 1.0)",1,97.55943116685992,14281
"(0.9833229101521784, 0.9833229101521784)",1,97.55937840797796,14282
"(0.813515418166581, 0.988167361639188)",1,97.55931888991282,14283
"(0.944120583717358, 0.987463247273494)",1,97.55899329636136,14284
"(0.8468951683237397, 1.0)",1,97.55884713527766,14285
"(0.8796475392220073, 1.0)",1,97.55867992223388,14286
"(0.837707400507675, 1.0)",1,97.55864311741652,14287
"(0.799275702501509, 1.0)",1,97.55837231833752,14288
"(0.786508365740383, 1.0)",1,97.55821850991096,14289
"(1.0, 0.9833229101521784)",1,97.55803250138726,14290
"(0.751080181203132, 0.9861673414304992)",1,97.55795776508864,14291
"(0.9669558693467613, 0.9958292603453894)",1,97.5579453786767,14292
"(0.9299507899507898, 1.0)",1,97.55788522636136,14293
"(0.9876066164491212, 0.9831777451938742)",1,97.55788052634588,14294
"(0.8552744708994707, 1.0)",1,97.55773569849408,14295
"(0.9032855633136024, 0.9861673414304992)",1,97.55732107956284,14296
"(0.6992775742775743, 0.9861673414304992)",1,97.5570493919264,14297
"(1.0, 1.0)",1,97.55690388746004,14298
"(1.0, 1.0)",1,97.55676493596457,14299
"(0.8760238095238095, 0.987491854024112)",2,97.55653028332476,14301
"(0.9326599326599326, 1.0)",1,97.5563225618157,14302
"(0.8365328658269835, 0.9916585206907788)",1,97.55628392653894,14303
"(0.8229870141950848, 0.972281746031746)",1,97.55599686511742,14304
"(0.8557264819266099, 0.9764666952752286)",1,97.55594796435103,14305
"(0.6760835913312693, 1.0)",1,97.5556948190622,14306
"(0.9177366931314298, 0.979166518665308)",1,97.55546024538812,14307
"(0.9791258409522168, 0.9663360441855066)",1,97.55541894616672,14308
"(0.8229870141950848, 1.0)",1,97.55536177347967,14309
"(0.9833229101521784, 1.0)",1,97.5547635655433,14310
"(0.9253213924599162, 0.9764666952752286)",1,97.55456265690542,14311
"(0.9665831244778612, 1.0)",1,97.55366893076106,14312
"(0.943552974917135, 0.97502985598876)",1,97.5534186842175,14313
"(0.9529708395262274, 0.988167361639188)",1,97.55336251982344,14314
"(0.7722169562433654, 0.9861673414304992)",1,97.5532691412256,14315
"(0.7884092310206264, 0.9766918866148322)",1,97.55320257182927,14316
"(0.9177366931314298, 0.9834113430318364)",1,97.55291139789628,14317
"(0.9300671002153482, 0.9861673414304992)",1,97.55268446075844,14318
"(0.7802197802197803, 1.0)",1,97.55259207098234,14319
"(0.9665831244778612, 1.0)",1,97.5525353961311,14320
"(0.9643944553313464, 0.9650076460904662)",2,97.5524840714272,14322
"(0.8916052423523688, 0.9873891625615764)",1,97.5521447725362,14323
"(0.6813936996863826, 0.9861673414304992)",1,97.55162937964272,14324
"(0.7880931329207191, 1.0)",1,97.5513208938639,14325
"(0.8003813092161745, 0.9916625936787228)",1,97.55131505078052,14326
"(0.9833229101521784, 1.0)",1,97.55097185206496,14327
"(0.8805377184744008, 0.979166518665308)",1,97.55085777488536,14328
"(0.8947046219773493, 0.988167361639188)",1,97.55042029117654,14329
"(0.8372053872053872, 1.0)",1,97.55041347335508,14330
"(1.0, 0.9833229101521784)",1,97.55018017653128,14331
"(0.8222222222222222, 1.0)",2,97.54972584270112,14333
"(0.9309821833269412, 0.988167361639188)",1,97.5494724775718,14334
"(0.7362637362637362, 1.0)",2,97.5492554027738,14336
"(0.8040695048423352, 1.0)",1,97.54908818512575,14337
"(0.8687499999999999, 0.988167361639188)",1,97.5488761195541,14338
"(0.8937718863178524, 0.9834113430318364)",2,97.548873173052,14340
"(0.8040695048423352, 1.0)",1,97.54882762495818,14341
"(0.8947046219773493, 0.988167361639188)",1,97.54874090756742,14342
"(0.933096859926128, 1.0)",1,97.5486420568306,14343
"(0.8040695048423352, 1.0)",1,97.5482876996044,14344
"(0.786508365740383, 1.0)",2,97.5480457734281,14346
"(0.9153127183787562, 0.9861673414304992)",1,97.54798987753216,14347
"(0.7198480531813864, 1.0)",1,97.54694401149462,14348
"(0.7280584513944579, 0.9722222222222222)",1,97.54690779218892,14349
"(0.917415489944373, 1.0)",1,97.54675900875266,14350
"(0.917415489944373, 1.0)",1,97.54621257599436,14351
"(0.8322510822510822, 0.972045976510262)",1,97.546174010319,14352
"(0.9243707071934514, 0.9747811354179542)",1,97.54521705651744,14353
"(0.8420013166556946, 1.0)",1,97.54520106239843,14354
"(0.9586562930696936, 0.9876066164491212)",2,97.54494440604988,14356
"(0.9300671002153482, 0.9861310021084456)",1,97.54489382991,14357
"(0.7687400318979267, 1.0)",1,97.54454210339114,14358
"(0.8822918375448964, 0.979166518665308)",1,97.54436451747684,14359
"(0.6575398846941737, 1.0)",1,97.54433118451068,14360
"(1.0, 1.0)",1,97.54423193980932,14361
"(0.917655049465296, 0.9958292603453894)",1,97.5440224863536,14362
"(0.917469251615593, 1.0)",1,97.54365270684244,14363
"(0.93773047895128, 0.9958292603453894)",2,97.54298762184536,14365
"(0.9230468061350414, 0.9958292603453894)",1,97.54248974476964,14366
"(0.9833229101521784, 1.0)",1,97.54224072056228,14367
"(0.9581458989353726, 1.0)",1,97.54221961673178,14368
"(0.8420013166556946, 1.0)",1,97.54220723606474,14369
"(0.8877034517510707, 0.9861673414304992)",1,97.54193255105535,14370
"(0.7532376017916352, 1.0)",1,97.54162675763844,14371
"(0.9161952650324744, 0.9833229101521784)",1,97.54150799527106,14372
"(0.934122934122934, 1.0)",1,97.54120333457632,14373
"(0.9643944553313464, 0.9764666952752286)",2,97.54102502224242,14375
"(0.8976982097186702, 0.9833229101521784)",1,97.54090794714584,14376
"(0.6042502004811546, 1.0)",1,97.5408835240882,14377
"(0.6575398846941737, 1.0)",1,97.54086457482092,14378
"(0.7280584513944579, 0.9861673414304992)",1,97.5407159283098,14379
"(0.9665831244778612, 1.0)",1,97.54069045133208,14380
"(1.0, 1.0)",1,97.54026684466764,14381
"(0.8958208965097509, 0.9874877810361682)",1,97.54004804361048,14382
"(0.874450386215092, 1.0)",1,97.53969979411376,14383
"(0.8358530587380517, 0.9916585206907788)",1,97.53950774308704,14384
"(1.0, 0.9833229101521784)",1,97.53942860258805,14385
"(0.8976982097186702, 1.0)",1,97.5392987701595,14386
"(0.831031066037186, 0.9766918866148322)",1,97.5390318182627,14387
"(0.8148308968977662, 0.9861673414304992)",1,97.5386662843408,14388
"(0.8732774170274171, 1.0)",1,97.53808456553544,14389
"(0.861111111111111, 0.9833229101521784)",1,97.53744244091216,14390
"(0.7673678366541239, 0.988167361639188)",1,97.53709987975417,14391
"(0.9309821833269412, 0.988167361639188)",2,97.53661972724812,14393
"(0.9665831244778612, 1.0)",1,97.53639409537914,14394
"(0.8660327643487228, 0.988167361639188)",1,97.53621108113568,14395
"(0.7574146783449108, 1.0)",1,97.5361962181899,14396
"(0.80285509389987, 1.0)",1,97.5352063992754,14397
"(0.8884797556713653, 0.9832965806068272)",1,97.53484417485777,14398
"(0.9032855633136024, 0.9861673414304992)",1,97.53480404042216,14399
"(0.8696744280367974, 0.9861673414304992)",1,97.53473508855846,14400
"(0.844988344988345, 1.0)",1,97.53466360275657,14401
"(0.9061764476533613, 0.9873891625615764)",1,97.53464160908072,14402
"(0.9182966261114094, 0.9958292603453894)",1,97.5345587864293,14403
"(0.8065954953750508, 1.0)",1,97.53425364485732,14404
"(0.8425483191745751, 1.0)",1,97.53370910870738,14405
"(0.9418479305417444, 0.9766918866148322)",1,97.5336963761386,14406
"(0.9146901709401708, 0.9861310021084456)",1,97.53361849139392,14407
"(0.6698155645524068, 1.0)",1,97.533390377669,14408
"(0.5555555555555555, 1.0)",1,97.5333726197533,14409
"(0.9172008547008548, 0.9861673414304992)",1,97.53319040739522,14410
"(0.8425483191745751, 0.9885557944107872)",1,97.5331842265382,14411
"(0.826388888888889, 1.0)",1,97.5331305399138,14412
"(0.8425483191745751, 1.0)",1,97.53283324274238,14413
"(0.893146638589877, 1.0)",1,97.53252042211405,14414
"(0.7708796965987909, 0.9861310021084456)",1,97.53230635656992,14415
"(0.6747507742934573, 0.986081059422206)",1,97.5323004292091,14416
"(0.9198255060602112, 0.987495927012056)",1,97.53214839256933,14417
"(0.9161952650324744, 1.0)",1,97.53165652685637,14418
"(0.7946380416968652, 0.9958292603453894)",1,97.53164339041372,14419
"(0.8726893261776982, 0.988167361639188)",1,97.53133477218772,14420
"(0.9504245882013664, 0.9916585206907788)",1,97.53062189533937,14421
"(0.808446455505279, 1.0)",1,97.53057766446996,14422
"(0.6804620726495727, 1.0)",1,97.53033036973466,14423
"(0.9008627640703112, 1.0)",1,97.53014537704802,14424
"(0.8182746938899523, 0.9861673414304992)",1,97.53000970786044,14425
"(0.6698155645524068, 1.0)",2,97.52966920874492,14427
"(0.9300671002153482, 0.9861673414304992)",4,97.52966075611802,14431
"(0.7802197802197803, 1.0)",1,97.52955618312755,14432
"(0.751080181203132, 0.9861673414304992)",1,97.5295478488844,14433
"(0.8867361313822293, 0.9958292603453894)",1,97.52894167671748,14434
"(0.7404350561362756, 0.9861673414304992)",1,97.52888559203336,14435
"(0.7479743867590829, 1.0)",1,97.5287978022432,14436
"(0.6825396825396824, 1.0)",1,97.5287695521328,14437
"(0.8976982097186702, 1.0)",2,97.5284622378607,14439
"(1.0, 1.0)",1,97.5282255453002,14440
"(0.9192093318943212, 0.988523717426024)",1,97.52776790781226,14441
"(0.917469251615593, 1.0)",1,97.52776258313148,14442
"(0.8222222222222222, 1.0)",1,97.52763447110894,14443
"(0.8937718863178524, 0.979166518665308)",1,97.5275616779555,14444
"(0.9666562434855118, 1.0)",1,97.52737796506736,14445
"(0.9665831244778612, 1.0)",1,97.52737099172148,14446
"(0.813515418166581, 0.988167361639188)",1,97.52711532445292,14447
"(0.7786375661375661, 1.0)",1,97.5270002698138,14448
"(0.9528533742496432, 0.9714285714285714)",2,97.52657000025356,14450
"(0.8308201058201059, 0.9861673414304992)",1,97.52641465639304,14451
"(0.8557264819266099, 0.988167361639188)",2,97.52600440237642,14453
"(0.9416255449494996, 0.9832184229069656)",1,97.52592469774682,14454
"(0.9165164082221422, 1.0)",1,97.52592201265206,14455
"(0.9300671002153482, 0.9861673414304992)",1,97.52578345213612,14456
"(0.9833229101521784, 1.0)",1,97.52563059036252,14457
"(0.933096859926128, 1.0)",1,97.52552110415384,14458
"(0.972281746031746, 0.9861673414304992)",1,97.52521417648626,14459
"(0.7204751921733054, 1.0)",1,97.52515666451735,14460
"(0.9032855633136024, 0.9861673414304992)",1,97.52514987891362,14461
"(0.9309821833269412, 0.988167361639188)",2,97.52514425222375,14463
"(0.8676532769556025, 0.9882048106149588)",1,97.525045005337,14464
"(0.91326516498939, 0.9832184229069656)",1,97.52484861006909,14465
"(0.7942771556641777, 1.0)",1,97.52454960759748,14466
"(0.8229870141950848, 0.9861673414304992)",1,97.52454352374367,14467
"(0.9496114574862204, 0.9958292603453894)",2,97.5245218677675,14469
"(0.8476190476190477, 1.0)",2,97.52448734968584,14471
"(0.9332172991312776, 0.9916585206907788)",1,97.5243236666677,14472
"(0.9369138996969484, 0.987495927012056)",2,97.52405518884608,14474
"(0.9000617225831424, 0.9833229101521784)",1,97.52385838256792,14475
"(0.9408664065499008, 0.988167361639188)",1,97.5236819631138,14476
"(0.8064997018485391, 0.988167361639188)",1,97.52341451723836,14477
"(0.9164187516971112, 0.9623978877963696)",1,97.52341311532388,14478
"(0.9832965806068272, 0.9691498044439222)",2,97.52336048240149,14480
"(0.8884797556713653, 0.987463247273494)",1,97.52334196285253,14481
"(0.9000617225831424, 0.9833229101521784)",1,97.52331767258924,14482
"(0.7601164382773579, 1.0)",1,97.52248989111388,14483
"(0.950175761409158, 0.979166518665308)",1,97.5221273514043,14484
"(0.7077308656256025, 1.0)",1,97.5218156360162,14485
"(0.8016677935542034, 0.9833229101521784)",1,97.52164067270108,14486
"(0.882673371045464, 1.0)",1,97.52113890323874,14487
"(0.7916666666666666, 1.0)",1,97.52111038354374,14488
"(0.9665831244778612, 1.0)",1,97.5208368399122,14489
"(0.9167853751187084, 1.0)",1,97.52066750141582,14490
"(0.757745166550198, 1.0)",1,97.52061526333472,14491
"(0.8877034517510707, 0.9861673414304992)",4,97.52027618290178,14495
"(0.8247905643738976, 1.0)",1,97.52002984014916,14496
"(1.0, 1.0)",1,97.5199752651335,14497
"(0.9720813204508856, 1.0)",1,97.5199634162423,14498
"(0.9230854791003976, 0.9873891625615764)",1,97.51980921801884,14499
"(0.9791258409522168, 0.9792406033772258)",1,97.5197282924848,14500
"(0.6575398846941737, 0.9885557944107872)",1,97.51969956424828,14501
"(0.9326599326599326, 0.9833229101521784)",1,97.51944393535734,14502
"(0.887309073841332, 0.9958292603453894)",1,97.51926354514448,14503
"(0.9299160159815896, 1.0)",1,97.51900275104023,14504
"(0.8443691323092412, 0.9958292603453894)",1,97.51883642483509,14505
"(0.9172768036761748, 0.9861673414304992)",1,97.5184284618694,14506
"(0.8310777799491891, 0.9882048106149588)",1,97.51838980566744,14507
"(0.893146638589877, 0.9882048106149588)",1,97.5181666515606,14508
"(0.9665831244778612, 0.9833229101521784)",1,97.51769467352062,14509
"(0.900838851006521, 0.9748802746905214)",1,97.51761333888156,14510
"(0.8208353559736048, 0.972045976510262)",2,97.51749170896748,14512
"(1.0, 1.0)",1,97.51697992667344,14513
"(0.9026337658413128, 0.9722222222222222)",1,97.51673079023176,14514
"(0.9714797495442656, 0.9916585206907788)",1,97.51654580112412,14515
"(0.8805377184744008, 0.979166518665308)",1,97.51654506015282,14516
"(0.8687499999999999, 0.988167361639188)",2,97.51640842961528,14518
"(0.8372053872053872, 1.0)",1,97.516380449876,14519
"(0.902012682657844, 0.9958292603453894)",1,97.51622604223373,14520
"(0.8631918334993627, 0.9833229101521784)",1,97.51618469373956,14521
"(0.8796475392220073, 1.0)",1,97.51610615575308,14522
"(0.9309821833269412, 0.9766918866148322)",1,97.5155925369077,14523
"(0.9539751547184644, 0.979051756240299)",1,97.51544498199384,14524
"(0.9165164082221422, 0.986081059422206)",1,97.5150579571169,14525
"(0.6759495516512356, 0.988167361639188)",1,97.51490018361808,14526
"(0.7802197802197803, 1.0)",1,97.5148715525861,14527
"(0.8329156223893065, 1.0)",1,97.5147071431528,14528
"(0.7632275132275131, 0.986081059422206)",1,97.5144715364229,14529
"(0.9496114574862204, 0.9873891625615764)",1,97.51425310131056,14530
"(0.92132700797001, 0.9832184229069656)",1,97.51398169256316,14531
"(0.8996392387758612, 0.987463247273494)",1,97.51392762099584,14532
"(0.9280317595086728, 0.9958292603453894)",1,97.5138727412288,14533
"(0.9153439153439156, 0.9833229101521784)",2,97.5135751138211,14535
"(0.9161952650324744, 1.0)",1,97.51317428314977,14536
"(0.7119388248146047, 1.0)",2,97.51295175166914,14538
"(0.966586548597934, 0.9709308412076194)",1,97.51294737893856,14539
"(0.9162596992611264, 0.9861310021084456)",2,97.51285180031556,14541
"(0.9243707071934514, 0.9873891625615764)",1,97.5127724679504,14542
"(0.9649790647893116, 0.9832184229069656)",1,97.51266905472332,14543
"(0.8308201058201059, 0.9861673414304992)",1,97.51264446707566,14544
"(1.0, 1.0)",2,97.51262802710542,14546
"(0.9029281534808432, 0.9861673414304992)",1,97.5125556061949,14547
"(0.4747763864042934, 1.0)",1,97.51246445725208,14548
"(0.9300671002153482, 0.9861673414304992)",1,97.51202849032344,14549
"(0.7042648709315374, 1.0)",1,97.5118092523587,14550
"(0.8365328658269835, 0.979383972552853)",2,97.51172076445826,14552
"(0.8676532769556025, 1.0)",1,97.51144553742792,14553
"(0.8467467233807103, 0.9861673414304992)",1,97.51139393408464,14554
"(0.8633762288330498, 1.0)",1,97.51107386704751,14555
"(0.9161952650324744, 1.0)",1,97.51093702315792,14556
"(0.9586741069110368, 0.9748802746905214)",1,97.51060292143232,14557
"(0.9303715638302106, 1.0)",1,97.5105301906941,14558
"(0.8374727668845315, 1.0)",1,97.510520998279,14559
"(0.9244352123384382, 0.9876066164491212)",1,97.51040977457572,14560
"(0.9279680209218476, 0.9958292603453894)",1,97.51023996175996,14561
"(0.7580975849121009, 0.9861673414304992)",1,97.5100793552905,14562
"(0.8547756205106323, 1.0)",1,97.5098544605534,14563
"(0.8937718863178524, 0.987463247273494)",1,97.50965194882882,14564
"(0.9061764476533613, 0.979166518665308)",1,97.50931155290183,14565
"(0.8734313112361893, 0.9861673414304992)",1,97.50906599152768,14566
"(0.8860455063826657, 0.9861673414304992)",1,97.50869180202751,14567
"(0.8358530587380517, 0.9832184229069656)",1,97.50844365930116,14568
"(0.931200007971039, 0.9873891625615764)",1,97.50826157484892,14569
"(0.9146901709401708, 0.972281746031746)",2,97.50814669992194,14571
"(0.6825396825396824, 1.0)",1,97.50808546825944,14572
"(0.8315416458960965, 0.9766918866148322)",1,97.50779897053388,14573
"(0.835848883169409, 0.988167361639188)",1,97.507525419819,14574
"(0.7212492118244873, 0.988167361639188)",1,97.50670713143488,14575
"(0.9497171590194848, 1.0)",2,97.50644145049186,14577
"(0.837707400507675, 1.0)",1,97.50623009470712,14578
"(0.8183569364584247, 0.9861673414304992)",1,97.50531950225664,14579
"(0.7323695788812067, 0.9766918866148322)",1,97.50525932045194,14580
"(0.7323695788812067, 0.988167361639188)",1,97.50525932045194,14581
"(0.8222222222222222, 1.0)",1,97.50504814261396,14582
"(0.927082576248316, 0.9832184229069656)",1,97.50499400396144,14583
"(0.9253213924599162, 0.9766918866148322)",1,97.50485068564846,14584
"(0.6813936996863826, 0.9861673414304992)",4,97.50442316582752,14588
"(0.950175761409158, 0.9834228432330898)",1,97.5043837614221,14589
"(0.8329050741331443, 1.0)",2,97.50399652549518,14591
"(0.7277677677677677, 1.0)",4,97.50383249923011,14595
"(1.0, 1.0)",1,97.50365598069963,14596
"(0.8976982097186702, 1.0)",1,97.50353426777504,14597
"(0.8177442148030384, 1.0)",1,97.50351567966656,14598
"(0.9665831244778612, 0.9833229101521784)",2,97.50334059713096,14600
"(0.9497171590194846, 1.0)",2,97.5032919116493,14602
"(0.7278086237149632, 1.0)",1,97.50320725346896,14603
"(0.7090909090909091, 1.0)",1,97.50318395122532,14604
"(0.933096859926128, 1.0)",1,97.50298025494388,14605
"(0.835848883169409, 0.988167361639188)",1,97.5029083426325,14606
"(0.8976982097186702, 1.0)",1,97.50275752089462,14607
"(0.8312205288949474, 1.0)",1,97.50255117998098,14608
"(0.7955284187842329, 0.988167361639188)",1,97.5017407956348,14609
"(0.9499687304565352, 0.9833229101521784)",1,97.501740667445,14610
"(0.5037765037765038, 0.9861673414304992)",1,97.50166684189948,14611
"(0.8942622047218923, 0.9916339869281046)",2,97.5015966433578,14613
"(0.9167853751187084, 0.986081059422206)",1,97.50126772776524,14614
"(0.7344692811916678, 0.9861673414304992)",1,97.50116508823878,14615
"(0.6526770767943084, 0.9861673414304992)",1,97.5005964766788,14616
"(0.9466127311522048, 0.9780958243562125)",1,97.50058409707356,14617
"(0.8468951683237397, 1.0)",1,97.50054175933592,14618
"(0.917469251615593, 1.0)",1,97.50046310623034,14619
"(0.8222222222222222, 1.0)",1,97.5004427393325,14620
"(0.8796475392220073, 0.9833229101521784)",4,97.49991997322108,14624
"(0.8329156223893065, 1.0)",1,97.49988250405436,14625
"(0.9153127183787562, 0.9861673414304992)",2,97.4995378513854,14627
"(0.6215073982652175, 1.0)",1,97.49930642487676,14628
"(0.9230468061350414, 0.979166518665308)",1,97.4990547869702,14629
"(0.975195619792394, 0.9790476832523552)",1,97.49889468855577,14630
"(0.8796475392220073, 1.0)",1,97.49879013843707,14631
"(0.93795454842108, 0.9958292603453894)",2,97.49873055466594,14633
"(0.9441792447111594, 1.0)",1,97.49857686878016,14634
"(0.901575014782562, 1.0)",1,97.49854285184388,14635
"(0.874450386215092, 0.972281746031746)",2,97.49821396363512,14637
"(0.7656073923822403, 1.0)",1,97.4976374832954,14638
"(0.81893131227901, 1.0)",4,97.49752939390048,14642
"(0.972281746031746, 0.9861673414304992)",4,97.49746942026852,14646
"(0.835848883169409, 0.988167361639188)",1,97.49728628050649,14647
"(0.9332172991312776, 0.9916585206907788)",1,97.49709899865414,14648
"(1.0, 1.0)",1,97.49699826324722,14649
"(0.8970129352925051, 0.9916339869281046)",1,97.49687819094976,14650
"(0.9707136080238548, 0.949130613989949)",1,97.49669320574604,14651
"(0.9506533178503804, 1.0)",1,97.49658968881306,14652
"(0.8040695048423352, 1.0)",1,97.49639424371772,14653
"(0.9398731501057084, 0.988167361639188)",1,97.49623199067352,14654
"(0.9748524098350704, 0.970303832669424)",1,97.49610137573995,14655
"(0.9666666666666668, 0.9833229101521784)",1,97.49558751763178,14656
"(0.9309821833269412, 0.988167361639188)",1,97.49535240194058,14657
"(0.8877034517510707, 0.9861673414304992)",1,97.4952605727682,14658
"(0.6215073982652175, 1.0)",1,97.49525536274406,14659
"(0.8589064384650125, 0.9958292603453894)",1,97.4946275702358,14660
"(0.8222222222222222, 1.0)",2,97.49365162177736,14662
"(0.9003556829643787, 1.0)",1,97.49353336095604,14663
"(0.8937718863178524, 0.9876066164491212)",1,97.4931658207088,14664
"(0.8040695048423352, 1.0)",1,97.49295361044126,14665
"(0.934122934122934, 1.0)",1,97.49288967492886,14666
"(0.9008025849489264, 1.0)",1,97.49275404407234,14667
"(0.8137865219658889, 1.0)",1,97.4926807559904,14668
"(0.9326599326599326, 1.0)",2,97.49252465246754,14670
"(0.5890629581827016, 0.9861673414304992)",1,97.49250074917536,14671
"(0.5555555555555555, 1.0)",1,97.49235757406991,14672
"(0.941687552213868, 0.9785714285714284)",2,97.4918637512936,14674
"(0.8814814814814814, 0.9833229101521784)",1,97.49175974371578,14675
"(0.9665831244778612, 1.0)",1,97.49134527404048,14676
"(0.9000617225831424, 0.9833229101521784)",2,97.49132542526492,14678
"(0.933249791144528, 1.0)",1,97.4912860903458,14679
"(0.9442283950617284, 1.0)",1,97.4912057020852,14680
"(0.9309563801089225, 0.972281746031746)",1,97.49107853181144,14681
"(0.8997493734335841, 1.0)",1,97.49089044487636,14682
"(0.5890629581827016, 0.9861673414304992)",1,97.49044270968862,14683
"(0.9253213924599162, 0.9766918866148322)",1,97.49033643972612,14684
"(0.9000617225831424, 0.9833229101521784)",1,97.49027764220403,14685
"(0.966586548597934, 0.9790755481078062)",1,97.48999581071212,14686
"(0.9153439153439156, 0.9833229101521784)",1,97.48993899687676,14687
"(0.8733799478600891, 0.979166518665308)",1,97.48926806821711,14688
"(0.7075023741690408, 1.0)",1,97.48911108287848,14689
"(0.9497171590194848, 0.9833229101521784)",1,97.48910165746749,14690
"(0.8976982097186702, 1.0)",1,97.48880405322136,14691
"(0.927082576248316, 0.9832184229069656)",1,97.48877040920124,14692
"(0.8653198653198653, 1.0)",1,97.48836067329516,14693
"(0.9874877810361682, 0.9916625936787228)",1,97.48819129421514,14694
"(0.9037258879440732, 0.9861673414304992)",1,97.48772330903836,14695
"(0.835848883169409, 0.988167361639188)",1,97.48772053337892,14696
"(0.9666562434855118, 1.0)",1,97.48768244279763,14697
"(0.8208353559736048, 0.9861673414304992)",1,97.4876744415054,14698
"(0.5910680656443368, 1.0)",1,97.48759313655088,14699
"(0.8137865219658889, 1.0)",1,97.486973748793,14700
"(0.8687499999999999, 0.988167361639188)",1,97.48694115748584,14701
"(0.9497171590194848, 0.9833229101521784)",1,97.48666359295768,14702
"(0.9539751547184644, 0.9748802746905214)",1,97.48665126240356,14703
"(0.828966378966379, 0.9861673414304992)",2,97.48659154658714,14705
"(0.861111111111111, 0.9833229101521784)",1,97.48645657977306,14706
"(0.9153439153439156, 0.9833229101521784)",2,97.4863087115827,14708
"(0.4039045743444857, 0.9882048106149588)",1,97.48629135070378,14709
"(0.751080181203132, 0.9861673414304992)",1,97.4856230673958,14710
"(1.0, 1.0)",4,97.485428978958,14714
"(0.9640038239043044, 0.97502985598876)",1,97.48528737851888,14715
"(0.9326599326599326, 1.0)",1,97.48518062332803,14716
"(0.9497171590194848, 1.0)",1,97.48504510133704,14717
"(0.861111111111111, 1.0)",1,97.4849839284912,14718
"(0.8557264819266099, 0.9650076460904662)",1,97.4843123415462,14719
"(0.9535144014828052, 0.9713574016563148)",1,97.48383842145516,14720
"(0.9833229101521784, 1.0)",1,97.48293286607054,14721
"(0.9712822597033124, 0.97502985598876)",2,97.48272521420562,14723
"(0.9438271604938272, 0.9861673414304992)",1,97.48257537196244,14724
"(0.8456659619450317, 0.988167361639188)",1,97.4825085244008,14725
"(0.9833211143695014, 0.9433972334281931)",1,97.48219257868526,14726
"(0.934065934065934, 0.9833229101521784)",4,97.48218102061948,14730
"(0.8600291387756281, 0.9958292603453894)",1,97.48212080680844,14731
"(0.8796475392220073, 1.0)",1,97.48199236999636,14732
"(0.9131856219190184, 0.9958292603453894)",2,97.48186688200173,14734
"(0.7856964763329513, 0.9861673414304992)",1,97.48186358760482,14735
"(0.7574146783449108, 1.0)",1,97.48173879628392,14736
"(0.8315995778682346, 0.972045976510262)",2,97.48157154470272,14738
"(0.7837606837606838, 0.9861673414304992)",1,97.48114315323244,14739
"(0.893146638589877, 1.0)",1,97.48098354079876,14740
"(0.9029281534808432, 0.9861673414304992)",2,97.48078144079656,14742
"(0.751080181203132, 0.9861673414304992)",1,97.48064459483194,14743
"(0.8177442148030384, 1.0)",1,97.48023149339622,14744
"(0.8937718863178524, 0.987463247273494)",1,97.48004448898654,14745
"(0.8937718863178524, 0.9834113430318364)",1,97.47993930791704,14746
"(0.8137865219658889, 1.0)",1,97.47979939358532,14747
"(0.9300725479304482, 0.9748802746905214)",1,97.47928989923848,14748
"(0.9158007932517735, 1.0)",2,97.47923722215714,14750
"(0.9279680209218476, 0.9916585206907788)",1,97.47902355426466,14751
"(0.8390424521630195, 0.9861673414304992)",2,97.47861736861596,14753
"(0.6825396825396824, 1.0)",1,97.47861640970528,14754
"(0.9791332681655264, 0.9958292603453894)",1,97.47850022489598,14755
"(0.8937718863178524, 0.9832925076188832)",1,97.47791176694844,14756
"(1.0, 1.0)",1,97.47770244806333,14757
"(0.9720813204508856, 1.0)",1,97.47742043417853,14758
"(0.9153439153439156, 1.0)",1,97.47722383821288,14759
"(0.8982888105990573, 0.9834113430318364)",1,97.47686783235936,14760
"(0.8557264819266099, 0.9764666952752286)",1,97.47682913405004,14761
"(0.9027777777777778, 0.986081059422206)",1,97.4767729849662,14762
"(0.9034438470728792, 0.9958292603453894)",1,97.47675546279896,14763
"(0.9497171590194848, 1.0)",1,97.47665426844654,14764
"(0.7340930674264006, 1.0)",1,97.47629153926522,14765
"(0.901028965681318, 0.9650076460904662)",1,97.47626491301952,14766
"(0.9098759089802734, 0.9790755481078062)",1,97.47622566418568,14767
"(0.8796475392220073, 0.9833229101521784)",1,97.47620303051436,14768
"(0.861111111111111, 1.0)",1,97.47619492146455,14769
"(0.8294970161977834, 1.0)",1,97.47613566512882,14770
"(0.8329156223893065, 1.0)",1,97.47585621981982,14771
"(0.9161952650324744, 1.0)",1,97.47581234003506,14772
"(0.8374727668845315, 1.0)",1,97.47573652550302,14773
"(0.7772049591964847, 0.9861673414304992)",1,97.47562621519286,14774
"(0.917655049465296, 0.9958292603453894)",1,97.47516781856696,14775
"(0.8322510822510822, 0.9861673414304992)",1,97.47504765557107,14776
"(0.9326599326599326, 1.0)",1,97.47502402137567,14777
"(0.7121693121693121, 1.0)",1,97.47489875319354,14778
"(0.9792521035784794, 0.9916339869281046)",1,97.47487474805892,14779
"(0.902012682657844, 0.9958292603453894)",1,97.47479544644575,14780
"(0.8137566137566138, 1.0)",1,97.4746463773782,14781
"(0.8467532467532467, 1.0)",2,97.47459329111976,14783
"(0.837707400507675, 1.0)",1,97.47453641464966,14784
"(0.808446455505279, 1.0)",1,97.47452905558616,14785
"(0.9441468253968254, 0.9861673414304992)",1,97.4743434710991,14786
"(0.7280584513944579, 0.9861673414304992)",1,97.47336388741095,14787
"(0.8734313112361893, 0.9861673414304992)",1,97.4732744177376,14788
"(0.6759495516512356, 0.9764666952752286)",1,97.47319679275004,14789
"(0.9333044546043194, 0.9916585206907788)",1,97.47318035258482,14790
"(0.9665831244778612, 1.0)",1,97.47316711783688,14791
"(0.9501005812039314, 0.9873484848484848)",1,97.4728474093852,14792
"(0.8996392387758612, 0.9832184229069656)",1,97.47256898526214,14793
"(0.934122934122934, 1.0)",1,97.47236669678271,14794
"(0.8687499999999999, 0.988167361639188)",1,97.47236343615458,14795
"(0.7348436174331348, 0.9861673414304992)",2,97.47215521354666,14797
"(1.0, 1.0)",1,97.47200958449966,14798
"(0.6992775742775743, 0.9861673414304992)",2,97.4719067123376,14800
"(0.6154850502676589, 1.0)",1,97.47164367925517,14801
"(0.8308201058201059, 0.9861673414304992)",2,97.47158778721864,14803
"(0.8456659619450317, 0.988167361639188)",1,97.47103304937644,14804
"(0.6992775742775743, 0.9861673414304992)",1,97.47100338041332,14805
"(0.8694224991654613, 0.988167361639188)",1,97.47027313749388,14806
"(0.9146901709401708, 0.972281746031746)",1,97.46989412718054,14807
"(0.7183489076634237, 1.0)",1,97.46976184889996,14808
"(0.7362637362637362, 1.0)",1,97.46934350416156,14809
"(0.786508365740383, 1.0)",1,97.4693097252814,14810
"(0.9436368312757202, 0.9861673414304992)",1,97.46926770063789,14811
"(0.8305135146220418, 1.0)",1,97.46912200632232,14812
"(0.9000617225831424, 0.9833229101521784)",4,97.46888374159124,14816
"(0.8796475392220073, 1.0)",1,97.46854544841555,14817
"(0.8796475392220073, 1.0)",1,97.4683895945903,14818
"(1.0, 0.9833229101521784)",1,97.46824785541092,14819
"(0.8631546198466533, 0.9650076460904662)",1,97.4679814727218,14820
"(0.944563492063492, 1.0)",2,97.4677912474376,14822
"(0.9833229101521784, 1.0)",1,97.46744873716688,14823
"(0.9244352123384382, 0.979166518665308)",1,97.46730438780106,14824
"(0.9160264866799612, 0.9861673414304992)",2,97.46715774541784,14826
"(0.8733799478600891, 0.9832184229069656)",1,97.4671081573928,14827
"(0.9161379295307868, 1.0)",1,97.46684178186972,14828
"(0.9, 1.0)",1,97.46670074791034,14829
"(0.8420013166556946, 1.0)",1,97.46662199586136,14830
"(0.8982888105990573, 0.991777356103732)",1,97.46652849469749,14831
"(0.7675138481590094, 0.986081059422206)",1,97.46545326649644,14832
"(0.8518774267621343, 0.9766918866148322)",1,97.46543952230668,14833
"(0.944563492063492, 1.0)",1,97.46481273895633,14834
"(0.8552744708994707, 0.9861673414304992)",2,97.46378643458472,14836
"(0.9497171590194846, 1.0)",1,97.46377678844316,14837
"(0.8312205288949474, 1.0)",1,97.46353632488383,14838
"(0.9300671002153482, 0.9861673414304992)",1,97.46341863009336,14839
"(1.0, 1.0)",1,97.463340620547,14840
"(0.8970129352925051, 0.9873891625615764)",1,97.46306205275022,14841
"(0.933096859926128, 1.0)",1,97.46304550617772,14842
"(0.7615072500907597, 0.9764666952752286)",1,97.4629640612224,14843
"(0.9297326845255915, 0.9876066164491212)",2,97.4628355215431,14845
"(0.9029281534808432, 0.9861673414304992)",1,97.4628059522146,14846
"(0.8730304179305696, 0.988167361639188)",1,97.46247292519703,14847
"(0.9372650231764934, 0.9748802746905214)",1,97.46245766089676,14848
"(0.9269606362629618, 0.988167361639188)",1,97.46225904364302,14849
"(0.9000617225831424, 0.9833229101521784)",1,97.46206659096374,14850
"(0.9916625936787228, 0.9790476832523552)",1,97.46197765326096,14851
"(0.8322510822510822, 0.9861673414304992)",2,97.46184429102688,14853
"(0.8468951683237397, 1.0)",1,97.46178173744512,14854
"(0.8877034517510707, 0.9861310021084456)",2,97.46146326243668,14856
"(0.8715701474388204, 0.9861310021084456)",1,97.46109138703862,14857
"(1.0, 1.0)",1,97.46099783871404,14858
"(0.8420013166556946, 1.0)",1,97.46081404528508,14859
"(0.8249504969211211, 0.988167361639188)",2,97.4607202961787,14861
"(0.8970129352925051, 0.9748850895736324)",1,97.46051586777904,14862
"(0.9833229101521784, 1.0)",1,97.46038408728896,14863
"(0.859499940327008, 1.0)",1,97.46031011915136,14864
"(0.8976982097186702, 1.0)",1,97.46010615436576,14865
"(0.9326599326599326, 1.0)",1,97.46004934253112,14866
"(0.8016677935542034, 1.0)",1,97.45997109848312,14867
"(0.8796475392220073, 1.0)",1,97.4592255514503,14868
"(0.9114218054477384, 0.9958292603453894)",2,97.45910589258742,14870
"(0.617513611615245, 1.0)",1,97.4589245601582,14871
"(0.8329050741331443, 1.0)",1,97.45863204056404,14872
"(0.9114218054477384, 0.9790231494896808)",1,97.45848260666934,14873
"(0.8982888105990573, 0.987463247273494)",1,97.45760597905144,14874
"(0.8586166985951469, 0.9861673414304992)",1,97.45748049451578,14875
"(0.8953070234345595, 0.9832184229069656)",1,97.45715243939976,14876
"(0.9586562930696936, 0.987463247273494)",1,97.45664148328515,14877
"(0.9000617225831424, 0.9833229101521784)",1,97.45627623291658,14878
"(0.7837606837606838, 0.9722222222222222)",1,97.45625253391042,14879
"(0.9205517358458536, 0.9916339869281046)",2,97.45609893342922,14881
"(0.7722169562433654, 0.9861310021084456)",1,97.45601911157569,14882
"(0.8222222222222222, 1.0)",1,97.45584618296536,14883
"(0.8970129352925051, 0.9873891625615764)",1,97.45568038841763,14884
"(0.9615232921668722, 0.9832462877624168)",1,97.45560126140704,14885
"(0.9061764476533613, 0.979166518665308)",1,97.45547689286984,14886
"(0.9916625936787228, 0.9747783251231528)",1,97.4545416654838,14887
"(0.8804215399610136, 0.9737445480717845)",1,97.4543366083352,14888
"(0.9133907842517408, 0.9916585206907788)",1,97.4543039178644,14889
"(0.9322127672355596, 0.9916585206907788)",1,97.45361983906471,14890
"(0.7532376017916352, 1.0)",1,97.45324249333343,14891
"(0.9297812306740878, 0.9861673414304992)",1,97.4531863815408,14892
"(0.9665831244778612, 1.0)",1,97.45311349750594,14893
"(0.9454999712494968, 0.9876066164491212)",2,97.45308129182176,14895
"(0.8557264819266099, 0.9650076460904662)",1,97.45243628376076,14896
"(0.8533622685185187, 1.0)",1,97.45207288396504,14897
"(0.9586562930696936, 0.9834113430318364)",1,97.45204540032616,14898
"(0.7884092310206264, 0.9766918866148322)",1,97.45192489583698,14899
"(0.944073617452092, 1.0)",1,97.45181031906836,14900
"(0.9331662489557224, 1.0)",1,97.45179293635438,14901
"(0.9166145507608924, 1.0)",1,97.4515696272012,14902
"(0.932201731346617, 0.9650076460904662)",1,97.451294722054,14903
"(0.7323695788812067, 0.988167361639188)",1,97.4511989679828,14904
"(0.9666666666666668, 0.9833229101521784)",2,97.45095487926729,14906
"(0.5131569832583307, 1.0)",1,97.45086962085983,14907
"(0.932201731346617, 0.9766918866148322)",1,97.4508443393748,14908
"(0.9299507899507898, 1.0)",1,97.45054923755984,14909
"(0.829257487152224, 1.0)",1,97.45045347678764,14910
"(0.9243707071934514, 0.9958292603453894)",1,97.45035868567948,14911
"(0.9234894220441888, 0.9748802746905214)",1,97.4502557198005,14912
"(0.9326599326599326, 1.0)",1,97.44989463554091,14913
"(0.7278086237149632, 1.0)",1,97.4497987708782,14914
"(0.9441792447111594, 1.0)",1,97.4492940152061,14915
"(0.9369138996969484, 0.983451449983708)",1,97.44835830198905,14916
"(0.7836974395113928, 0.9766918866148322)",1,97.44830039566791,14917
"(0.8879608405415911, 0.988167361639188)",1,97.44816975229512,14918
"(0.9833229101521784, 1.0)",2,97.44805912769436,14920
"(0.828966378966379, 0.9861673414304992)",1,97.44763716621712,14921
"(0.7340930674264007, 1.0)",1,97.44738641013971,14922
"(0.8958208965097509, 0.9958292603453894)",1,97.4470195629589,14923
"(0.7673678366541239, 0.9882048106149588)",1,97.4469102059731,14924
"(0.8947046219773493, 0.9764666952752286)",1,97.44689258211947,14925
"(0.8208353559736048, 0.9861673414304992)",1,97.4465423404525,14926
"(0.8308201058201059, 0.9861673414304992)",1,97.44651651974024,14927
"(0.9230468061350414, 0.9958292603453894)",2,97.44631273020256,14929
"(0.7708796965987909, 0.9861673414304992)",1,97.44585017348072,14930
"(0.9748850895736324, 0.949130613989949)",1,97.44584477256606,14931
"(0.901028965681318, 0.9766918866148322)",1,97.44574616743982,14932
"(0.8976982097186702, 1.0)",1,97.4456674895275,14933
"(0.8420013166556946, 1.0)",1,97.44565888974036,14934
"(0.8653198653198653, 1.0)",1,97.4455897045664,14935
"(0.8238947099412214, 0.9766918866148322)",1,97.44521468388244,14936
"(0.917283950617284, 0.972420634920635)",1,97.44511457046356,14937
"(0.9369808292429718, 0.9916585206907788)",1,97.444813985115,14938
"(0.7884092310206264, 0.9766918866148322)",1,97.44409564752704,14939
"(0.9916585206907788, 0.974977467563772)",1,97.4438914912568,14940
"(0.7708796965987909, 0.9861673414304992)",2,97.4438300869594,14942
"(0.9497171590194846, 1.0)",2,97.44362843501848,14944
"(0.9009287520039462, 1.0)",1,97.44362788595032,14945
"(0.9303715638302106, 1.0)",1,97.44319402619844,14946
"(0.8796475392220073, 0.9833229101521784)",1,97.44301371091882,14947
"(0.8662474476427967, 0.9766918866148322)",1,97.44296484853712,14948
"(0.9372650231764934, 0.9749395281084088)",1,97.44269492580769,14949
"(0.8736897274633123, 1.0)",2,97.4426765569166,14951
"(0.9498370804822418, 0.9916585206907788)",1,97.44258055782964,14952
"(0.8871082621082622, 0.972281746031746)",1,97.44163249844372,14953
"(1.0, 0.9833229101521784)",1,97.44148103850438,14954
"(0.9916585206907788, 0.9916585206907788)",1,97.4412507290284,14955
"(0.7348436174331348, 0.9861673414304992)",1,97.44045021308835,14956
"(0.9437903841498612, 1.0)",3,97.4400512817979,14959
"(0.7340930674264007, 1.0)",1,97.43998240784497,14960
"(0.80285509389987, 1.0)",1,97.4399814385128,14961
"(0.8730304179305696, 0.988167361639188)",1,97.43952197514834,14962
"(0.8247905643738976, 1.0)",1,97.43919147980488,14963
"(0.927082576248316, 0.979166518665308)",1,97.43906515047082,14964
"(0.7675138481590094, 1.0)",1,97.43905252632052,14965
"(1.0, 1.0)",1,97.4387321113532,14966
"(0.8928598364786969, 0.983451449983708)",1,97.4383732455906,14967
"(0.9408664065499008, 0.988167361639188)",1,97.43835564791124,14968
"(0.7164894725870335, 1.0)",1,97.43826334995885,14969
"(0.7837606837606838, 0.9722222222222222)",2,97.43818237057432,14971
"(0.8997493734335841, 1.0)",1,97.43801997056646,14972
"(0.8547756205106323, 1.0)",1,97.43787216198088,14973
"(0.8687499999999999, 0.988167361639188)",1,97.437840127067,14974
"(0.8982888105990573, 0.979166518665308)",1,97.43783639567064,14975
"(0.9497171590194848, 1.0)",1,97.4378134566325,14976
"(0.9460547122074636, 0.9748802746905214)",1,97.43759280402598,14977
"(0.9497171590194846, 0.9833229101521784)",2,97.43755475798194,14979
"(0.8694224991654613, 0.988167361639188)",1,97.4374346428174,14980
"(1.0, 1.0)",1,97.43738627852144,14981
"(0.8958208965097509, 0.9958292603453894)",2,97.43685492484616,14983
"(0.8622520112492773, 0.9832925076188832)",1,97.43671293281449,14984
"(0.9032855633136024, 0.9861673414304992)",1,97.43576205088742,14985
"(0.8976982097186702, 1.0)",1,97.43567619620728,14986
"(0.7277677677677677, 1.0)",1,97.43534552021808,14987
"(0.5555555555555555, 1.0)",1,97.43515134339536,14988
"(0.9583930063253372, 1.0)",4,97.43508124506914,14992
"(0.9244352123384382, 0.9874877810361682)",2,97.4350214721284,14994
"(0.8796475392220073, 1.0)",1,97.43495526086176,14995
"(0.9234894220441888, 0.9748802746905214)",1,97.43472732367708,14996
"(0.8929015655249481, 0.9916585206907788)",1,97.43469672198984,14997
"(0.9490213526488036, 0.9916585206907788)",1,97.43428062957332,14998
"(0.7404350561362756, 0.9861673414304992)",1,97.4341861875832,14999
"(0.7962102115226081, 0.988167361639188)",1,97.43407302051652,15000
"(0.9504245882013664, 0.9916585206907788)",1,97.43387677831105,15001
"(0.9833229101521784, 1.0)",1,97.43358456048612,15002
"(0.6042502004811546, 1.0)",1,97.43349535531505,15003
"(0.940928587432546, 0.979166518665308)",1,97.43276629235515,15004
"(0.8980858408005299, 0.9766918866148322)",1,97.43264918332127,15005
"(0.8847822547822548, 0.9861673414304992)",2,97.43264066265172,15007
"(0.8996392387758612, 0.9832401090007582)",1,97.4325967670402,15008
"(0.8308201058201059, 0.9861310021084456)",1,97.43255699185733,15009
"(0.9253213924599162, 0.9650076460904662)",4,97.43244937617096,15013
"(0.979273283115788, 0.9667511132833714)",1,97.43233313645456,15014
"(0.9228120179844318, 0.9873891625615764)",1,97.43215023510848,15015
"(1.0, 1.0)",2,97.43198576150522,15017
"(0.8976982097186702, 1.0)",1,97.43162925370024,15018
"(0.8867361313822293, 0.9958292603453894)",1,97.4315766188114,15019
"(0.8885714285714285, 1.0)",1,97.43131317608544,15020
"(0.8662474476427967, 0.9650076460904662)",1,97.43128060801276,15021
"(0.927984303278421, 0.9916585206907788)",1,97.43113202931612,15022
"(0.8586166985951469, 0.9861673414304992)",2,97.43072529771736,15024
"(0.972281746031746, 0.9861673414304992)",1,97.43069331476067,15025
"(0.7962102115226081, 0.988167361639188)",1,97.43008758402144,15026
"(0.966586548597934, 0.9748802746905214)",1,97.42999817406712,15027
"(0.837707400507675, 1.0)",1,97.42995428332024,15028
"(0.80285509389987, 1.0)",2,97.42978112844202,15030
"(0.6042502004811546, 1.0)",1,97.42956896888477,15031
"(0.9244352123384382, 0.9832184229069656)",1,97.42952937836672,15032
"(0.9102539775554236, 0.9874877810361682)",2,97.42945442507543,15034
"(0.8796475392220073, 1.0)",1,97.42944324470032,15035
"(0.9833229101521784, 0.9833229101521784)",1,97.42924240214384,15036
"(0.8631546198466533, 0.9764666952752286)",1,97.42838401015896,15037
"(0.9, 1.0)",1,97.42792347195426,15038
"(0.8300265307680562, 1.0)",1,97.42770947465814,15039
"(0.8322510822510822, 0.9861673414304992)",1,97.4276396103516,15040
"(0.958227107069612, 0.9832184229069656)",1,97.42761898704396,15041
"(0.8732774170274171, 1.0)",2,97.42707332935436,15043
"(0.6625484626417463, 0.9861673414304992)",1,97.42672840932606,15044
"(0.8524016298728943, 0.987491854024112)",1,97.42613381275667,15045
"(0.8420013166556946, 1.0)",1,97.42605761378611,15046
"(0.9833229101521784, 1.0)",1,97.42602177362228,15047
"(0.7968963105438014, 1.0)",1,97.42598925738056,15048
"(0.8319340617212959, 1.0)",2,97.42589606367932,15050
"(0.8982888105990573, 0.9834113430318364)",1,97.4258757212958,15051
"(0.8193419055822156, 0.9861673414304992)",1,97.4257796696737,15052
"(0.9034438470728792, 0.9873891625615764)",2,97.42551688674418,15054
"(0.9182966261114094, 0.9876066164491212)",2,97.42547922243732,15056
"(0.9528533742496432, 0.9749052909377262)",1,97.42519459279497,15057
"(0.8543547774492897, 0.9861673414304992)",1,97.42502298004204,15058
"(0.9160264866799612, 0.9861673414304992)",1,97.42474916472749,15059
"(0.8229870141950848, 1.0)",1,97.42462914923236,15060
"(0.9398731501057084, 0.988167361639188)",2,97.4243766137961,15062
"(0.7836974395113928, 0.988167361639188)",1,97.42435648841207,15063
"(0.8796475392220073, 0.9833229101521784)",1,97.42425418561234,15064
"(0.9438271604938272, 0.9861673414304992)",1,97.42408872188044,15065
"(0.932201731346617, 0.9764666952752286)",1,97.42387134746296,15066
"(0.8294970161977834, 1.0)",1,97.42379602136054,15067
"(0.9297326845255915, 0.979166518665308)",1,97.42357538902836,15068
"(0.6575398846941737, 1.0)",1,97.42331055904984,15069
"(0.8312205288949474, 1.0)",1,97.42294073072212,15070
"(0.9199973910846122, 0.9832184229069656)",1,97.422838617761,15071
"(0.8631546198466533, 0.9766918866148322)",1,97.42277855729664,15072
"(0.966586548597934, 0.9790755481078062)",1,97.42260846700856,15073
"(0.9326599326599326, 0.9833229101521784)",4,97.42212457510009,15077
"(0.8053381731676306, 1.0)",2,97.42212135615094,15079
"(0.8229870141950848, 1.0)",2,97.42210246702064,15081
"(0.9088918165958012, 0.9834113430318364)",1,97.4217996984014,15082
"(0.9189396095602992, 0.9916585206907788)",1,97.42178690424832,15083
"(0.9009287520039462, 1.0)",1,97.42172707569615,15084
"(0.8695762175838077, 0.976470588235294)",1,97.42141263730956,15085
"(0.8539212725259236, 1.0)",1,97.42089645072193,15086
"(0.9158409985615868, 0.9861673414304992)",1,97.42053251631258,15087
"(0.8653198653198653, 1.0)",1,97.42049832353396,15088
"(0.8976982097186702, 1.0)",1,97.42033475714848,15089
"(0.9436368312757202, 0.9861310021084456)",1,97.42028328245704,15090
"(0.9244352123384382, 0.9834113430318364)",2,97.42000398789732,15092
"(0.9398731501057084, 0.988167361639188)",1,97.419787553767,15093
"(0.8796475392220073, 1.0)",1,97.41974126335543,15094
"(0.901575014782562, 1.0)",1,97.41970466230418,15095
"(0.975195619792394, 0.987463247273494)",1,97.41911502817224,15096
"(1.0, 1.0)",1,97.41904466057888,15097
"(0.8733799478600891, 0.9834113430318364)",2,97.41896916033626,15099
"(0.9528533742496432, 0.9714285714285714)",1,97.41887763945564,15100
"(0.7222222222222221, 0.9833229101521784)",1,97.41867699520031,15101
"(0.8694224991654613, 0.9766918866148322)",1,97.41850508948887,15102
"(0.7119388248146047, 1.0)",1,97.41835009134988,15103
"(0.8468951683237397, 1.0)",1,97.41804873061282,15104
"(0.8222222222222222, 1.0)",2,97.41786664110582,15106
"(0.9437903841498612, 0.9861673414304992)",1,97.41781215990662,15107
"(0.8653198653198653, 1.0)",1,97.41768312028984,15108
"(0.9029281534808432, 0.9861673414304992)",1,97.41752864534946,15109
"(0.9061764476533613, 0.9832925076188832)",1,97.41725339386656,15110
"(0.8586166985951469, 0.9861310021084456)",1,97.41724304340832,15111
"(0.9230468061350414, 0.987491854024112)",1,97.41721459983415,15112
"(0.9665831244778612, 1.0)",1,97.41709131341037,15113
"(0.799275702501509, 1.0)",1,97.41687512866058,15114
"(0.8552744708994707, 0.9861673414304992)",1,97.41671236297545,15115
"(0.9300671002153482, 0.9861673414304992)",1,97.41647895402164,15116
"(0.5131569832583307, 1.0)",1,97.4163059336737,15117
"(0.932201731346617, 0.9764666952752286)",1,97.4157933371676,15118
"(0.8040695048423352, 1.0)",1,97.4157054132443,15119
"(0.9032855633136024, 0.9861673414304992)",1,97.41566474105284,15120
"(0.91326516498939, 0.9832925076188832)",1,97.41550096982112,15121
"(0.9496114574862204, 0.9756805807622504)",2,97.41498081053244,15123
"(0.837707400507675, 1.0)",1,97.41465765337526,15124
"(0.9586562930696936, 0.979166518665308)",1,97.41436105743472,15125
"(0.9871616776282092, 0.9574828881264682)",1,97.41387254268112,15126
"(0.9243707071934514, 0.9873891625615764)",1,97.4132746028436,15127
"(0.9833229101521784, 1.0)",1,97.41310269467064,15128
"(0.9374843410636878, 0.9832925076188832)",1,97.41283046041876,15129
"(0.972281746031746, 0.9861673414304992)",1,97.4127118735258,15130
"(0.903667392883079, 1.0)",1,97.41270018732382,15131
"(0.9442283950617284, 1.0)",1,97.41269807462406,15132
"(0.5910680656443368, 1.0)",1,97.4126421379222,15133
"(0.8726893261776982, 0.9764666952752286)",1,97.4122889706287,15134
"(0.9466127311522048, 0.9736189431913116)",1,97.412023664234,15135
"(0.7075023741690408, 1.0)",1,97.41196026515568,15136
"(0.9299160159815896, 1.0)",1,97.41173963118094,15137
"(0.7962102115226081, 0.988167361639188)",2,97.4111186352454,15139
"(0.9011810599946194, 0.9861673414304992)",1,97.41098199533828,15140
"(0.9444901834607716, 0.9861673414304992)",4,97.41098006979776,15144
"(0.9503338806787082, 0.9663367569249922)",1,97.41091855595506,15145
"(0.9643944553313464, 0.9764666952752286)",1,97.41086505901524,15146
"(0.8222222222222222, 1.0)",1,97.41067345395508,15147
"(0.9243707071934514, 0.9958292603453894)",2,97.41062111679618,15149
"(0.859499940327008, 1.0)",1,97.4104881338497,15150
"(0.9398731501057084, 0.9766918866148322)",1,97.41046515869552,15151
"(0.8813457860512559, 0.974963247273494)",1,97.41037271894072,15152
"(0.9161952650324744, 1.0)",1,97.41036263213074,15153
"(0.8432903075760217, 1.0)",1,97.41033619825376,15154
"(0.9712822597033124, 0.9714285714285714)",1,97.41022842700806,15155
"(0.8586166985951469, 0.9861673414304992)",1,97.40908387923588,15156
"(0.8860455063826657, 0.9861673414304992)",1,97.40902339156284,15157
"(0.6813936996863826, 0.9861310021084456)",1,97.40866737188924,15158
"(0.9000617225831424, 0.9833229101521784)",2,97.40852975588024,15160
"(0.8016677935542034, 0.9833229101521784)",1,97.40850614836006,15161
"(0.6215073982652175, 1.0)",1,97.4084789204744,15162
"(0.8177442148030384, 1.0)",1,97.40834775635425,15163
"(0.9792446763651698, 0.9707095350359106)",1,97.4082298788464,15164
"(0.8065954953750508, 1.0)",1,97.40803349268764,15165
"(0.8315416458960965, 0.988167361639188)",2,97.4077234987682,15167
"(0.7278086237149632, 1.0)",1,97.40753886167326,15168
"(0.9008025849489264, 1.0)",1,97.40747662139624,15169
"(0.900838851006521, 0.9749048084531956)",1,97.40719970058284,15170
"(0.8247905643738976, 1.0)",1,97.40675976015544,15171
"(0.7340930674264006, 1.0)",2,97.40629259328446,15173
"(0.8316498316498316, 1.0)",1,97.40609990749834,15174
"(0.6526770767943084, 0.9861673414304992)",1,97.40517615039944,15175
"(0.9665831244778612, 1.0)",1,97.4051191961041,15176
"(0.9498626915626196, 0.9958292603453894)",1,97.40477987990184,15177
"(0.9299507899507898, 0.986081059422206)",2,97.40476363649653,15179
"(0.9326599326599326, 1.0)",1,97.40453109925976,15180
"(0.9102539775554236, 0.987463247273494)",1,97.4043903708691,15181
"(0.9408664065499008, 0.988167361639188)",1,97.4039292228382,15182
"(0.9131856219190184, 0.9958292603453894)",1,97.40383837145916,15183
"(0.7077308656256025, 1.0)",1,97.40366587841596,15184
"(0.9000617225831424, 0.9833229101521784)",1,97.40365681558993,15185
"(1.0, 0.9833229101521784)",1,97.40331970082788,15186
"(0.8420013166556946, 1.0)",1,97.40312311338435,15187
"(0.9110813074094206, 0.9650076460904662)",1,97.40288289844854,15188
"(0.91326516498939, 0.9832184229069656)",1,97.40278238944605,15189
"(0.9677353740627908, 0.97502985598876)",1,97.40268199423778,15190
"(0.8013184398461819, 0.9766918866148322)",1,97.40261973022513,15191
"(0.9720813204508856, 1.0)",1,97.4025598039273,15192
"(0.7348436174331348, 0.9861673414304992)",1,97.40246184015524,15193
"(0.8734313112361893, 0.9861673414304992)",1,97.40241690182856,15194
"(1.0, 1.0)",1,97.40238093919324,15195
"(0.9228120179844318, 0.987463247273494)",1,97.40220796167718,15196
"(0.8148308968977662, 0.9722222222222222)",2,97.4019387296327,15198
"(0.9184901612842788, 0.9707095350359106)",1,97.4018502514416,15199
"(0.9497171590194846, 0.9833229101521784)",1,97.40176328968064,15200
"(0.9398731501057084, 0.988167361639188)",2,97.4014256637474,15202
"(0.7278086237149632, 1.0)",1,97.40101020662654,15203
"(0.9121882418656614, 0.9748802746905214)",1,97.4005501028322,15204
"(0.8449978636391381, 1.0)",1,97.40052433371088,15205
"(0.9442283950617284, 1.0)",1,97.40040220423116,15206
"(0.9162596992611264, 0.9861310021084456)",1,97.400027686745,15207
"(0.7786375661375661, 1.0)",1,97.39993855137791,15208
"(0.9586562930696936, 0.9834113430318364)",1,97.39972719085716,15209
"(0.8315995778682346, 0.9722222222222222)",1,97.39944170928416,15210
"(0.9497171590194846, 1.0)",1,97.39922706815328,15211
"(0.9665831244778612, 0.9833229101521784)",2,97.3987691608386,15213
"(0.808446455505279, 1.0)",1,97.39867870945784,15214
"(0.6825396825396824, 1.0)",1,97.39864888284268,15215
"(0.6825396825396824, 1.0)",2,97.3986459143656,15217
"(0.9746535316523212, 0.9831777451938742)",1,97.39846482569118,15218
"(0.9110813074094206, 0.9766918866148322)",1,97.3983569147626,15219
"(0.7069597069597069, 1.0)",1,97.39804691383304,15220
"(0.8796475392220073, 1.0)",2,97.3976531132904,15222
"(0.9666562434855118, 1.0)",1,97.39745582000614,15223
"(0.9192093318943212, 1.0)",1,97.39729860450078,15224
"(0.8288781777971894, 0.9861673414304992)",1,97.3971729978782,15225
"(0.8796475392220073, 1.0)",1,97.39677667266687,15226
"(0.9788980434141724, 0.9916625936787228)",1,97.3967350628033,15227
"(0.8660327643487228, 0.988167361639188)",1,97.39670445774075,15228
"(0.8879608405415911, 0.988167361639188)",2,97.39663742502188,15230
"(0.975195619792394, 0.9916585206907788)",1,97.39647313045432,15231
"(0.934122934122934, 1.0)",1,97.39639851535372,15232
"(0.8633762288330498, 1.0)",1,97.3961547649776,15233
"(0.9244352123384382, 0.979166518665308)",1,97.39526470210544,15234
"(0.8148308968977662, 0.9861673414304992)",1,97.39523040071354,15235
"(0.8016677935542034, 0.9833229101521784)",1,97.39516372851358,15236
"(0.9297326845255915, 0.9790476832523552)",1,97.39513221404518,15237
"(0.9160264866799612, 0.9861673414304992)",1,97.39505684905772,15238
"(0.9792446763651698, 0.9748802746905214)",1,97.39494308795464,15239
"(0.9131856219190184, 0.9958292603453894)",1,97.39463439633292,15240
"(1.0, 0.9833229101521784)",1,97.39461722266547,15241
"(0.8687499999999999, 0.9766918866148322)",1,97.3943673403122,15242
"(0.9504245882013664, 0.987491854024112)",1,97.39414981639116,15243
"(0.8805377184744008, 0.979166518665308)",1,97.3936225674706,15244
"(0.932201731346617, 0.9764666952752286)",1,97.39357477109024,15245
"(0.8065954953750508, 1.0)",1,97.39353755177196,15246
"(0.8420013166556946, 1.0)",1,97.39341069654115,15247
"(0.8843764852418178, 0.9764666952752286)",1,97.39339300802912,15248
"(0.8468089381754635, 1.0)",1,97.39327457825608,15249
"(0.9212396972760978, 0.9650076460904662)",1,97.39316917195184,15250
"(0.9009534009534008, 1.0)",1,97.39316666087537,15251
"(0.8976982097186702, 0.9833229101521784)",2,97.39314534813852,15253
"(0.8676532769556025, 1.0)",1,97.39311241158438,15254
"(0.8796475392220073, 1.0)",1,97.3930458774055,15255
"(0.9833229101521784, 1.0)",1,97.39292145821526,15256
"(0.6215073982652175, 1.0)",1,97.39290347418948,15257
"(0.9720813204508856, 0.986081059422206)",2,97.39279801423412,15259
"(0.8976982097186702, 1.0)",1,97.3927288121476,15260
"(0.9916585206907788, 0.987463247273494)",1,97.39263234038292,15261
"(0.8608362076464542, 0.979166518665308)",1,97.39227249030378,15262
"(0.8557264819266099, 0.9764666952752286)",1,97.39225516154256,15263
"(0.8897212867434523, 0.979166518665308)",1,97.39219640042212,15264
"(0.8703703703703703, 1.0)",1,97.39176197504962,15265
"(0.9303715638302106, 1.0)",1,97.39168081724276,15266
"(0.9334130158956764, 0.9915151515151516)",1,97.39161053264849,15267
"(0.932201731346617, 0.9766918866148322)",2,97.3911349789787,15269
"(0.9622634791942192, 0.9958292603453894)",1,97.39046667209692,15270
"(0.9299507899507898, 1.0)",1,97.390433242519,15271
"(0.8997493734335841, 1.0)",1,97.39039518643756,15272
"(0.8249504969211211, 0.988167361639188)",1,97.39036918509348,15273
"(0.9079075500409146, 0.9915151515151516)",1,97.39023204695404,15274
"(0.4747763864042934, 1.0)",1,97.39003413828635,15275
"(0.9295946890286512, 1.0)",2,97.38988153054078,15277
"(0.7665484369555701, 0.9764666952752286)",1,97.38951300170837,15278
"(0.918885978605481, 0.9873891625615764)",1,97.3892576382934,15279
"(0.9234894220441888, 0.9707095350359106)",2,97.38922990648793,15281
"(0.9026337658413128, 0.9861673414304992)",2,97.3885793391468,15283
"(0.7962102115226081, 0.988167361639188)",1,97.3884930094041,15284
"(0.9916585206907788, 0.941657370982312)",1,97.38830603780136,15285
"(0.8148308968977662, 0.9861673414304992)",1,97.38784744221716,15286
"(0.9495139679449044, 0.979166518665308)",1,97.38726550072424,15287
"(0.9061764476533613, 0.979166518665308)",1,97.3872605981475,15288
"(0.9110813074094206, 0.9650076460904662)",1,97.38667267423824,15289
"(0.7687400318979267, 0.9833229101521784)",1,97.3861304775855,15290
"(0.8676532769556025, 0.976761412575366)",1,97.385935712722,15291
"(0.8016677935542034, 1.0)",2,97.385934528669,15293
"(0.987463247273494, 0.9831907787552948)",1,97.38577607559483,15294
"(0.9282083232965586, 0.9873891625615764)",1,97.38560267649184,15295
"(0.8315416458960965, 0.988167361639188)",2,97.38523802017122,15297
"(0.971023600055858, 0.9873484848484848)",1,97.38489153518468,15298
"(0.8586166985951469, 0.9861673414304992)",1,97.38462059945128,15299
"(0.9528533742496432, 0.9713574016563148)",2,97.3845238080071,15301
"(0.966586548597934, 0.9748802746905214)",2,97.3844981343002,15303
"(0.8982888105990573, 0.979166518665308)",1,97.38412815871057,15304
"(0.9028964862298196, 0.972420634920635)",1,97.38402979241086,15305
"(0.9490213526488036, 0.9916585206907788)",1,97.38390002833636,15306
"(0.9161952650324744, 1.0)",1,97.383757520839,15307
"(0.9791332681655264, 0.9749088814411396)",1,97.38309311562922,15308
"(0.9061764476533613, 0.979166518665308)",1,97.3829643521955,15309
"(0.9580331374974232, 1.0)",1,97.3828362238542,15310
"(1.0, 1.0)",1,97.38280040975152,15311
"(0.7837606837606838, 0.9861673414304992)",1,97.38279602015707,15312
"(0.9098759089802734, 0.9790755481078062)",2,97.38224912064577,15314
"(0.8947046219773493, 0.988167361639188)",2,97.3815178169404,15316
"(0.9497171590194846, 1.0)",2,97.3813222120966,15318
"(0.9172008547008548, 0.9861673414304992)",1,97.38121581879707,15319
"(0.9243707071934514, 0.9873891625615764)",1,97.38115593683068,15320
"(0.9503122778456484, 0.9790972342015986)",1,97.38084331278512,15321
"(0.9666562434855118, 1.0)",1,97.38073792212371,15322
"(0.9643944553313464, 0.9766918866148322)",1,97.3806527343108,15323
"(0.902192297684101, 0.9861310021084456)",1,97.38019659591168,15324
"(0.9539751547184644, 0.9748802746905214)",1,97.38003120487951,15325
"(0.7275593800322061, 0.9861673414304992)",1,97.37994305508282,15326
"(0.7802197802197803, 1.0)",1,97.3796667519986,15327
"(0.835848883169409, 0.9766918866148322)",1,97.37922567427472,15328
"(0.9125533644430458, 0.9832184229069656)",1,97.37911853679208,15329
"(0.8449978636391381, 1.0)",1,97.37893020516329,15330
"(0.9079075500409146, 0.979166518665308)",1,97.37884278738294,15331
"(0.7711781618000022, 1.0)",1,97.37860392825404,15332
"(0.9643944553313464, 0.9764666952752286)",2,97.37833129037745,15334
"(0.8600291387756281, 0.9876066164491212)",2,97.37808334292454,15336
"(0.8495378883833893, 0.987495927012056)",1,97.37789644549088,15337
"(0.8127312328440149, 0.9861673414304992)",1,97.37752459937408,15338
"(0.9792766373411534, 0.9916585206907788)",1,97.3774725196787,15339
"(0.9833229101521784, 1.0)",1,97.3773498538147,15340
"(0.8420013166556946, 1.0)",1,97.3773140774678,15341
"(0.7962102115226081, 0.9766918866148322)",1,97.37720546482498,15342
"(0.9833229101521784, 1.0)",1,97.37623232565466,15343
"(0.8547756205106323, 1.0)",1,97.37602068452118,15344
"(0.8726893261776982, 0.9650076460904662)",1,97.37585197643972,15345
"(0.9223799456357596, 0.9764666952752286)",1,97.37573128937493,15346
"(0.966586548597934, 0.9832925076188832)",1,97.37559143383328,15347
"(0.9666666666666668, 0.9833229101521784)",2,97.37548567060765,15349
"(0.979273283115788, 0.9916625936787228)",1,97.37520875875836,15350
"(0.4860837462761431, 1.0)",1,97.37511121539497,15351
"(0.8929015655249481, 0.9916585206907788)",1,97.37492428506636,15352
"(0.8053381731676306, 0.986081059422206)",1,97.37490325659807,15353
"(0.8840455840455841, 1.0)",2,97.37466448700934,15355
"(0.8880984643179766, 1.0)",4,97.37441424616138,15359
"(0.8552744708994707, 0.9861673414304992)",1,97.3744058388552,15360
"(0.9199973910846122, 0.9873891625615764)",1,97.37423658364506,15361
"(0.7404350561362756, 0.9861673414304992)",1,97.37419709576145,15362
"(0.808446455505279, 1.0)",1,97.37411007558016,15363
"(0.8222222222222222, 1.0)",1,97.37392370906656,15364
"(0.7836974395113928, 0.988167361639188)",1,97.3738849158664,15365
"(0.8653198653198653, 1.0)",1,97.37359077559611,15366
"(0.900838851006521, 0.9748802746905214)",1,97.37343229457498,15367
"(0.9162596992611264, 0.9861310021084456)",1,97.37306199878267,15368
"(0.861111111111111, 1.0)",1,97.3729612733686,15369
"(0.8222222222222222, 1.0)",2,97.37251200009314,15371
"(0.8871082621082622, 0.972281746031746)",1,97.37237593179483,15372
"(0.9497171590194848, 1.0)",1,97.37226331891664,15373
"(0.9167853751187084, 1.0)",1,97.37203646131309,15374
"(0.7164894725870335, 1.0)",1,97.37183782597494,15375
"(0.8631546198466533, 0.9764666952752286)",1,97.37150176731772,15376
"(0.9309821833269412, 0.988167361639188)",1,97.37130314742495,15377
"(0.8814814814814814, 1.0)",1,97.37121112357374,15378
"(0.8997493734335841, 1.0)",1,97.3710399629054,15379
"(0.4997347908306813, 0.9861673414304992)",1,97.37065907671412,15380
"(0.9166145507608924, 1.0)",2,97.37063862513864,15382
"(0.8071948928825261, 0.9861673414304992)",1,97.37043038084344,15383
"(0.944073617452092, 1.0)",2,97.37009461155544,15385
"(0.7479743867590829, 0.986081059422206)",1,97.37006522676757,15386
"(0.8947046219773493, 0.988167361639188)",2,97.37004234191603,15388
"(1.0, 1.0)",1,97.36890793129756,15389
"(0.9398731501057084, 0.9766918866148322)",1,97.36873612893974,15390
"(0.901028965681318, 0.9650076460904662)",1,97.36872395941366,15391
"(0.8013184398461819, 0.9650076460904662)",1,97.36846124212931,15392
"(0.7664480222619757, 0.9764666952752286)",1,97.368395093098,15393
"(0.7601164382773579, 1.0)",1,97.36821658173888,15394
"(0.9027777777777778, 0.986081059422206)",1,97.36810621547174,15395
"(0.7632275132275131, 1.0)",1,97.36789302300171,15396
"(0.9166682405676116, 1.0)",1,97.36748391920192,15397
"(0.844988344988345, 1.0)",1,97.36722996003068,15398
"(0.7722169562433654, 0.9861673414304992)",1,97.36699877902056,15399
"(0.9666666666666668, 0.9833229101521784)",1,97.36698473251688,15400
"(0.8974984433303618, 0.9916585206907788)",1,97.36657484529906,15401
"(0.8374727668845315, 1.0)",1,97.36615927233584,15402
"(0.9622634791942192, 0.9916585206907788)",1,97.366091223187,15403
"(0.9307008053852626, 0.9861673414304992)",1,97.3660738390808,15404
"(0.927082576248316, 0.9958292603453894)",1,97.36604459822615,15405
"(0.958492593181136, 0.9832462877624168)",1,97.3659233150464,15406
"(0.9452474337657768, 0.97495917428555)",1,97.36548367997224,15407
"(0.9333333333333332, 1.0)",2,97.36495058093529,15409
"(0.934122934122934, 1.0)",1,97.36452473056346,15410
"(0.9504245882013664, 0.987491854024112)",1,97.36448764115164,15411
"(0.934065934065934, 0.9833229101521784)",1,97.36437093556636,15412
"(0.9, 1.0)",1,97.36413041215545,15413
"(0.9061764476533613, 0.9834113430318364)",1,97.36388059283328,15414
"(0.6526770767943084, 0.9861673414304992)",1,97.36364914735712,15415
"(0.8165520116739629, 1.0)",1,97.3635211689302,15416
"(0.8845578466141503, 1.0)",1,97.3634575588856,15417
"(0.9833229101521784, 0.9833229101521784)",1,97.36313526356908,15418
"(0.8557264819266099, 0.9650076460904662)",1,97.36311160220346,15419
"(0.813515418166581, 0.988167361639188)",1,97.36310753064254,15420
"(0.8449978636391381, 0.9882048106149588)",1,97.3629228164056,15421
"(0.7772049591964847, 0.9861673414304992)",1,97.3628592675656,15422
"(0.9539751547184644, 0.9623680557266894)",1,97.36277012625423,15423
"(0.9098759089802734, 0.9791373411534702)",2,97.36273626837024,15425
"(0.9833229101521784, 1.0)",1,97.36257226703697,15426
"(0.8879608405415911, 0.988167361639188)",2,97.3622109999488,15428
"(0.902012682657844, 0.9792561765664232)",1,97.36204966800956,15429
"(0.8687499999999999, 0.988167361639188)",1,97.36172365373967,15430
"(0.9058747619658436, 0.9748802746905214)",1,97.3615985118948,15431
"(0.8726893261776982, 0.9764666952752286)",1,97.36149273340403,15432
"(0.9192093318943212, 1.0)",1,97.36094710131412,15433
"(0.8316498316498316, 1.0)",1,97.36024444205692,15434
"(0.8687499999999999, 0.9766918866148322)",2,97.35994407436192,15436
"(1.0, 0.9833229101521784)",1,97.35945340950768,15437
"(0.876169430204998, 0.988167361639188)",1,97.35939965357431,15438
"(0.8730304179305696, 0.988167361639188)",1,97.35930684541616,15439
"(0.8489708141321045, 0.9832184229069656)",1,97.3591072653829,15440
"(0.93773047895128, 0.9831777451938742)",1,97.35886281163496,15441
"(0.9874877810361682, 0.9708331853319748)",1,97.35878123465176,15442
"(0.9303715638302106, 1.0)",1,97.3582579568194,15443
"(0.901028965681318, 0.9650076460904662)",1,97.35802237411612,15444
"(0.9586562930696936, 0.9832184229069656)",1,97.357833236143,15445
"(0.9027777777777778, 1.0)",1,97.35740998790602,15446
"(0.9444901834607716, 0.9861673414304992)",1,97.35727689153155,15447
"(0.7837606837606838, 0.9861673414304992)",1,97.35719090983558,15448
"(0.9665831244778612, 1.0)",1,97.35708313722266,15449
"(0.901028965681318, 0.9650076460904662)",1,97.35691890645208,15450
"(0.8653198653198653, 1.0)",1,97.35689078435377,15451
"(0.7090909090909091, 1.0)",1,97.35672776116864,15452
"(0.8586166985951469, 0.9861673414304992)",1,97.3564181401967,15453
"(0.900838851006521, 0.9749088814411396)",1,97.35623188592596,15454
"(0.8899966931216932, 0.9861310021084456)",2,97.35619736691336,15456
"(0.9441468253968254, 0.9861673414304992)",1,97.3560919393758,15457
"(0.8796475392220073, 1.0)",1,97.35607317520278,15458
"(0.9452474337657768, 0.9916339869281046)",1,97.35603542388678,15459
"(0.9508264734071186, 0.9958292603453894)",1,97.35599769115368,15460
"(0.8982888105990573, 0.979166518665308)",1,97.35594057338032,15461
"(0.8823536650710564, 0.979166518665308)",1,97.35585174406629,15462
"(0.8916138279602192, 0.97502985598876)",1,97.35562342399516,15463
"(0.8982888105990573, 0.9832184229069656)",1,97.35538795930096,15464
"(0.9750780096985032, 0.9832184229069656)",1,97.35526779083344,15465
"(0.9161952650324744, 1.0)",1,97.35484431215288,15466
"(0.7090909090909091, 1.0)",2,97.35422352334864,15468
"(0.9164187516971112, 0.987463247273494)",1,97.35417809397768,15469
"(1.0, 0.9833229101521784)",1,97.35393196598326,15470
"(0.8547756205106323, 0.9882048106149588)",1,97.35390745908772,15471
"(0.7856964763329513, 0.9861673414304992)",1,97.3533752454871,15472
"(0.8840455840455841, 1.0)",2,97.35326605117386,15474
"(0.8732774170274171, 1.0)",1,97.35286586199663,15475
"(0.8879608405415911, 0.9766918866148322)",1,97.35286326304757,15476
"(0.9333044546043194, 0.9874877810361682)",2,97.35215414414238,15478
"(0.9445235834124724, 1.0)",1,97.35206684742865,15479
"(0.859499940327008, 1.0)",1,97.3520618114315,15480
"(0.8238947099412214, 0.9650076460904662)",1,97.35174075968754,15481
"(0.9303715638302106, 1.0)",1,97.35163274219803,15482
"(0.9253213924599162, 0.9764666952752286)",1,97.3513377074216,15483
"(0.9300671002153482, 0.9861673414304992)",1,97.35108841351683,15484
"(0.9791299139401608, 0.9916585206907788)",2,97.35108083254408,15486
"(0.9666562434855118, 1.0)",1,97.3509511560948,15487
"(0.7545469576719577, 1.0)",1,97.35030137642254,15488
"(0.9169719169719168, 0.9833229101521784)",2,97.35004406935926,15490
"(0.9126251340467026, 0.9916585206907788)",1,97.34990680528873,15491
"(0.8053381731676306, 1.0)",1,97.34987243717462,15492
"(0.7856964763329513, 0.9861673414304992)",1,97.34980337311676,15493
"(0.7280584513944579, 0.9861673414304992)",1,97.34967120396188,15494
"(0.6526770767943084, 0.9861673414304992)",1,97.349600461081,15495
"(1.0, 1.0)",1,97.34931390926826,15496
"(0.8420013166556946, 1.0)",2,97.34925388268022,15498
"(0.9110813074094206, 0.9764666952752286)",1,97.34919462482414,15499
"(0.9182966261114094, 0.987491854024112)",1,97.34890443677716,15500
"(0.901028965681318, 0.9764666952752286)",1,97.34871289070789,15501
"(0.9833229101521784, 1.0)",1,97.3486672908936,15502
"(0.9223799456357596, 0.9764666952752286)",1,97.3484072445066,15503
"(0.861111111111111, 1.0)",1,97.3482934695659,15504
"(0.9157097551404952, 0.9916585206907788)",2,97.34815706769054,15506
"(0.7083333333333334, 1.0)",2,97.3480247074158,15508
"(0.944120583717358, 0.979166518665308)",1,97.34779352096524,15509
"(0.9442283950617284, 1.0)",1,97.34778120201138,15510
"(0.8222222222222222, 0.9833229101521784)",1,97.34775362648402,15511
"(0.962505246140658, 0.9916666666666668)",1,97.34771903248392,15512
"(0.8586166985951469, 0.9861673414304992)",1,97.34726762693232,15513
"(0.9299160159815896, 1.0)",1,97.34717565653986,15514
"(0.8976982097186702, 0.9833229101521784)",1,97.34698438634967,15515
"(0.8613482996991135, 0.9748802746905214)",1,97.3468933683116,15516
"(0.966586548597934, 0.9832462877624168)",2,97.3466120234996,15518
"(0.9833229101521784, 1.0)",2,97.34578093542872,15520
"(0.9751539794803552, 0.9873444118605408)",1,97.345495024574,15521
"(0.7884092310206264, 0.9650076460904662)",1,97.34526832075474,15522
"(0.972281746031746, 0.9861673414304992)",1,97.34524313969727,15523
"(0.8848000715856217, 1.0)",4,97.34492234338391,15527
"(1.0, 1.0)",2,97.3447693560375,15529
"(0.8796475392220073, 1.0)",1,97.34447143352062,15530
"(0.930124456440246, 1.0)",4,97.34405857385046,15534
"(0.9333333333333332, 1.0)",1,97.34323646984475,15535
"(0.9061764476533613, 0.979166518665308)",1,97.34319030356647,15536
"(0.9280317595086728, 0.9916585206907788)",1,97.34315507510566,15537
"(0.9497171590194848, 1.0)",1,97.3431181392034,15538
"(0.9539751547184644, 0.9748802746905214)",1,97.34301727545744,15539
"(0.7164894725870335, 1.0)",1,97.34282128814208,15540
"(0.92132700797001, 0.9958292603453894)",1,97.34249432480532,15541
"(0.9291998088543592, 0.9861673414304992)",1,97.34235013173306,15542
"(0.8229870141950848, 0.972281746031746)",4,97.34228398661568,15546
"(0.9280317595086728, 0.9916585206907788)",2,97.34182454959551,15548
"(0.9189396095602992, 0.9874747474747476)",1,97.34143654488054,15549
"(0.8947046219773493, 0.9766918866148322)",1,97.34124207080347,15550
"(0.917415489944373, 1.0)",1,97.341053728281,15551
"(0.9833229101521784, 1.0)",2,97.34095279457816,15553
"(0.902192297684101, 0.9861310021084456)",1,97.34052161595562,15554
"(1.0, 1.0)",1,97.34048426731354,15555
"(0.8687499999999999, 0.988167361639188)",1,97.34021497414498,15556
"(0.813515418166581, 0.9766918866148322)",1,97.34015658059384,15557
"(0.92132700797001, 0.979166518665308)",1,97.3400887782448,15558
"(0.8222222222222222, 1.0)",1,97.33995391081336,15559
"(0.7836974395113928, 0.988167361639188)",2,97.33983869146388,15561
"(0.9334130158956764, 0.979166518665308)",1,97.33971537615832,15562
"(0.9079075500409146, 0.979166518665308)",1,97.33927013753204,15563
"(0.901028965681318, 0.9650076460904662)",2,97.33899370787016,15565
"(0.9436368312757202, 0.972281746031746)",1,97.33886973605068,15566
"(0.9061764476533613, 0.9832184229069656)",1,97.33880236291591,15567
"(0.8929015655249481, 0.9744002234324814)",1,97.3380030913194,15568
"(0.7323695788812067, 0.9766918866148322)",1,97.33789113269314,15569
"(0.8586166985951469, 0.9861673414304992)",1,97.33746899589909,15570
"(0.816195709052852, 1.0)",2,97.33721623925808,15572
"(0.944120583717358, 0.9832184229069656)",1,97.33654640840804,15573
"(0.6575398846941737, 0.9882048106149588)",1,97.33645151529848,15574
"(0.9164187516971112, 0.9748802746905214)",2,97.33632370542712,15576
"(0.4747763864042934, 1.0)",1,97.33625303520424,15577
"(1.0, 0.9833229101521784)",2,97.3359888196928,15579
"(0.9958292603453894, 0.9832184229069656)",1,97.33583104447672,15580
"(0.7042648709315374, 1.0)",4,97.33562168113392,15584
"(0.950175761409158, 0.979166518665308)",1,97.33551946071596,15585
"(0.8445669351307097, 0.9861673414304992)",1,97.33538747849724,15586
"(0.9833229101521784, 1.0)",1,97.3352607124859,15587
"(1.0, 1.0)",1,97.33525279013448,15588
"(0.8929015655249481, 0.9916585206907788)",1,97.33520994401128,15589
"(0.868077055383557, 1.0)",1,97.3351159001352,15590
"(0.8631918334993627, 0.9833229101521784)",2,97.33451481145973,15592
"(0.8887202421952387, 1.0)",1,97.33430916612778,15593
"(0.9297812306740878, 1.0)",1,97.33399847901318,15594
"(0.901010212966322, 0.9832184229069656)",1,97.33350918412155,15595
"(0.7962102115226081, 0.988167361639188)",1,97.33341936780408,15596
"(0.7348436174331348, 0.972281746031746)",1,97.33318766837492,15597
"(0.8734313112361893, 0.9861673414304992)",1,97.33307045506436,15598
"(0.8796475392220073, 1.0)",1,97.3329818660352,15599
"(0.8633762288330498, 1.0)",1,97.33270585676334,15600
"(0.9158007932517735, 0.986081059422206)",1,97.33241136057448,15601
"(0.8044630192412094, 0.979166518665308)",1,97.33232874749184,15602
"(0.7675138481590094, 0.986081059422206)",1,97.33211874603572,15603
"(0.9299507899507898, 1.0)",1,97.3320799207468,15604
"(0.6760835913312693, 1.0)",1,97.33186572858736,15605
"(0.9032855633136024, 0.9861673414304992)",1,97.33168018794235,15606
"(0.9833229101521784, 1.0)",1,97.33166001493976,15607
"(0.8557264819266099, 0.9766918866148322)",2,97.3314909600568,15609
"(0.9032855633136024, 0.9861673414304992)",2,97.33137933660768,15611
"(0.8996392387758612, 0.9832184229069656)",1,97.3310987876183,15612
"(0.987463247273494, 0.9794026284348863)",1,97.33104161872342,15613
"(0.9833229101521784, 1.0)",1,97.33086014803344,15614
"(0.9720813204508856, 1.0)",2,97.33074282232025,15616
"(0.8557264819266099, 0.9764666952752286)",1,97.33024168745996,15617
"(0.9079075500409146, 0.991777356103732)",2,97.33012989245763,15619
"(0.9372650231764934, 0.9748802746905214)",1,97.3299515966294,15620
"(0.9098759089802734, 0.9748802746905214)",1,97.3299368165458,15621
"(0.8958208965097509, 0.9916585206907788)",1,97.32991115423728,15622
"(0.8319340617212959, 1.0)",1,97.3297843609927,15623
"(1.0, 1.0)",1,97.32948142464129,15624
"(0.9398731501057084, 0.9766918866148322)",1,97.3294734911871,15625
"(0.9365496267832196, 0.9876066164491212)",1,97.32939601880462,15626
"(0.9161952650324744, 1.0)",1,97.32932817754046,15627
"(0.8762860082304527, 1.0)",1,97.32928035205052,15628
"(0.7222222222222221, 1.0)",1,97.32920757557297,15629
"(0.9333044546043194, 0.9958292603453894)",1,97.32912271764964,15630
"(0.8651903651903651, 1.0)",1,97.3282381075268,15631
"(0.8631918334993627, 0.9833229101521784)",1,97.32821858586055,15632
"(0.4747763864042934, 1.0)",1,97.3280479180018,15633
"(0.9200043551329178, 0.9876066164491212)",1,97.3276961498275,15634
"(0.944073617452092, 1.0)",1,97.32758365561808,15635
"(0.9160264866799612, 0.9861673414304992)",1,97.32718541448035,15636
"(0.8068635828271864, 0.9882048106149588)",1,97.32686661617164,15637
"(0.4747763864042934, 1.0)",1,97.32686303197694,15638
"(0.9309563801089225, 1.0)",1,97.3267005857318,15639
"(0.846098299557419, 0.972420634920635)",1,97.32615965216613,15640
"(0.7404350561362756, 0.9861673414304992)",1,97.32578359454892,15641
"(0.9186752981185384, 0.9748802746905214)",1,97.32554412706092,15642
"(0.8687499999999999, 0.9766918866148322)",2,97.32551764928886,15644
"(0.8347775825943863, 0.9958292603453894)",1,97.32515322053244,15645
"(0.9189396095602992, 0.9916585206907788)",1,97.32501736482467,15646
"(0.9666666666666668, 0.9833229101521784)",3,97.3242884620292,15649
"(0.97899550533801, 0.9786897985000452)",1,97.32384644282084,15650
"(0.9791348015256934, 0.9916625936787228)",1,97.32338473995868,15651
"(0.5910680656443368, 1.0)",1,97.32298761803716,15652
"(0.8676532769556025, 0.976761412575366)",2,97.3228969305808,15654
"(0.813515418166581, 0.9766918866148322)",1,97.32286223882424,15655
"(0.9110813074094206, 0.9764666952752286)",1,97.32273131142072,15656
"(0.9442283950617284, 1.0)",2,97.32261661536674,15658
"(0.9169719169719168, 1.0)",1,97.32255592770902,15659
"(0.9445235834124724, 1.0)",1,97.322496174563,15660
"(0.7664480222619757, 0.9766918866148322)",1,97.3223216283576,15661
"(0.9153439153439152, 1.0)",1,97.32231943809562,15662
"(0.8435517970401691, 1.0)",1,97.32216453474771,15663
"(0.9228120179844318, 0.9827417027417028)",1,97.32212266493627,15664
"(0.9259740526337398, 0.9785714285714284)",1,97.32207130812355,15665
"(0.8341307814992026, 1.0)",1,97.32180983961224,15666
"(0.6108314263920671, 0.9861673414304992)",1,97.32180791844743,15667
"(0.7884092310206264, 0.9764666952752286)",1,97.32178602332084,15668
"(0.972281746031746, 0.9861673414304992)",1,97.32172172558622,15669
"(0.9153127183787562, 0.9861673414304992)",1,97.321381342806,15670
"(0.8947046219773493, 0.9766918866148322)",1,97.32121066788388,15671
"(0.943552974917135, 0.978621888315766)",1,97.32086836035586,15672
"(0.9157097551404952, 0.9834399497824544)",2,97.32077151138084,15674
"(0.8871918136624019, 0.9861673414304992)",1,97.32056861254168,15675
"(0.8622520112492773, 0.966514261618626)",1,97.32030974741956,15676
"(0.9712822597033124, 0.978621888315766)",1,97.32013281319392,15677
"(0.9146901709401708, 0.972281746031746)",4,97.31975631408444,15681
"(0.8552744708994707, 0.9861673414304992)",1,97.3194691266123,15682
"(0.7962102115226081, 0.988167361639188)",1,97.3193718923556,15683
"(0.7222222222222221, 1.0)",1,97.31898652780554,15684
"(0.951892755797645, 0.9650076460904662)",1,97.31876346153622,15685
"(0.9666666666666668, 0.9833229101521784)",1,97.3185875795543,15686
"(0.944120583717358, 0.9832184229069656)",1,97.31771127130207,15687
"(0.966586548597934, 0.9749048084531956)",1,97.31760915693847,15688
"(0.6526770767943084, 0.9861673414304992)",1,97.31662925645698,15689
"(0.8734313112361893, 0.9861673414304992)",2,97.31656166872924,15691
"(0.9958292603453894, 0.9916339869281046)",1,97.31655655647988,15692
"(0.4776542240827955, 1.0)",2,97.31634990585644,15694
"(0.6747507742934573, 1.0)",1,97.31623402106084,15695
"(0.9293300445873568, 0.9873891625615764)",1,97.31553992634998,15696
"(0.8543547774492897, 0.9861673414304992)",1,97.3150260273348,15697
"(0.9291998088543592, 0.9861673414304992)",1,97.3150036050658,15698
"(0.7673678366541239, 1.0)",1,97.314965985125,15699
"(0.9160264866799612, 0.9861673414304992)",1,97.31492749123572,15700
"(0.9497171590194846, 0.9833229101521784)",1,97.3146242621844,15701
"(0.9198255060602112, 0.9958292603453894)",1,97.31453146938983,15702
"(0.9833229101521784, 1.0)",1,97.31452544857116,15703
"(0.9499687304565352, 1.0)",1,97.31445208539932,15704
"(0.8552744708994707, 0.9861673414304992)",1,97.31426630582972,15705
"(0.8222222222222222, 1.0)",1,97.31416174010656,15706
"(0.8631546198466533, 0.9766918866148322)",1,97.31406165475278,15707
"(0.934122934122934, 1.0)",1,97.31384691769806,15708
"(0.8013184398461819, 0.9764666952752286)",1,97.3137515589754,15709
"(0.9916339869281046, 0.9449235647338112)",1,97.31372247772669,15710
"(0.9583406125452844, 0.9916625936787228)",1,97.31363289163754,15711
"(0.9581423242435478, 0.9916585206907788)",1,97.31361131396714,15712
"(0.8695493050511758, 0.9834113430318364)",1,97.3135943114302,15713
"(0.6215073982652175, 1.0)",2,97.31356981027524,15715
"(0.9282083232965586, 0.983545503234046)",2,97.31356915741732,15717
"(0.7372334455667788, 1.0)",1,97.31344928002724,15718
"(0.987463247273494, 0.9873615184099056)",1,97.31323545359514,15719
"(0.6378166586499919, 1.0)",4,97.31313497365365,15723
"(0.4737094237094237, 0.9861310021084456)",1,97.31295017193878,15724
"(0.9497171590194848, 0.9833229101521784)",1,97.3126800849841,15725
"(0.8347775825943863, 0.9958292603453894)",1,97.3126410015686,15726
"(0.8884778134778135, 1.0)",1,97.31251607486276,15727
"(0.9167853751187084, 1.0)",1,97.3124986614979,15728
"(0.9027777777777778, 1.0)",1,97.31249075157662,15729
"(0.9157097551404952, 0.987491854024112)",1,97.3123992694511,15730
"(0.9833229101521784, 1.0)",1,97.31228466275172,15731
"(0.8557264819266099, 0.9650076460904662)",1,97.31225246068378,15732
"(0.9873891625615764, 0.9876066164491212)",1,97.31223761806233,15733
"(0.9442283950617284, 1.0)",1,97.3118769519135,15734
"(0.9153439153439152, 1.0)",1,97.31129180533536,15735
"(0.8329050741331443, 1.0)",1,97.31126742509664,15736
"(0.8010054664946871, 0.9861673414304992)",1,97.3112206665646,15737
"(0.9253213924599162, 0.9650076460904662)",1,97.31111508306716,15738
"(0.9000617225831424, 0.9833229101521784)",2,97.3110952184392,15740
"(0.7664480222619757, 0.9650076460904662)",1,97.31086257917283,15741
"(0.9100820826864472, 0.9790476832523552)",1,97.3108191667538,15742
"(0.9499687304565352, 0.9833229101521784)",2,97.31072483506507,15744
"(0.8495378883833893, 0.9916666666666668)",1,97.31060258030396,15745
"(0.813515418166581, 0.988167361639188)",2,97.31054934739711,15747
"(0.8315416458960965, 0.988167361639188)",1,97.3104626180966,15748
"(0.8222222222222222, 1.0)",2,97.31009236497624,15750
"(0.9712822597033124, 0.978621888315766)",1,97.30992746470994,15751
"(0.972281746031746, 0.9861310021084456)",1,97.309666212952,15752
"(0.932201731346617, 0.9650076460904662)",1,97.30898195934915,15753
"(0.9297326845255915, 0.987463247273494)",2,97.30877660813329,15755
"(0.932201731346617, 0.988167361639188)",1,97.30864760516734,15756
"(0.8468951683237397, 1.0)",1,97.30862793499423,15757
"(0.9161379295307868, 1.0)",1,97.30804677469698,15758
"(0.900838851006521, 0.9749048084531956)",1,97.30682442821296,15759
"(0.9126251340467026, 0.9832925076188832)",1,97.30681645123042,15760
"(0.9580602951397298, 0.9916339869281046)",1,97.30670258936932,15761
"(0.7119388248146047, 1.0)",1,97.30668454854909,15762
"(0.7772049591964847, 0.9861673414304992)",1,97.30640030560252,15763
"(0.751080181203132, 0.9861673414304992)",2,97.30639417260208,15765
"(0.8013184398461819, 0.9764666952752286)",1,97.30606459693672,15766
"(0.8726893261776982, 0.9766918866148322)",1,97.30603818265868,15767
"(0.9158007932517735, 0.986081059422206)",2,97.30581003495892,15769
"(0.9234894220441888, 0.9790755481078062)",1,97.30549362440972,15770
"(0.9223799456357596, 0.9764666952752286)",1,97.30515345866831,15771
"(0.9712822597033124, 0.9714285714285714)",1,97.30461020438528,15772
"(0.757745166550198, 1.0)",2,97.30441684032311,15774
"(0.8315416458960965, 0.988167361639188)",1,97.30439070804788,15775
"(0.961552316099405, 0.9639250281297)",1,97.30430897882228,15776
"(0.934065934065934, 0.9833229101521784)",1,97.30406474250114,15777
"(0.7772049591964847, 0.9861673414304992)",2,97.30400877010833,15779
"(0.9028964862298196, 0.972420634920635)",1,97.3037905258538,15780
"(0.8193419055822156, 0.9861673414304992)",1,97.30361148655088,15781
"(0.8557264819266099, 0.9764666952752286)",1,97.30353714449788,15782
"(0.9833229101521784, 1.0)",1,97.3032174233933,15783
"(0.8518774267621343, 0.9766918866148322)",1,97.3030505415695,15784
"(0.966586548597934, 0.987463247273494)",1,97.3028798517914,15785
"(0.6747507742934573, 1.0)",1,97.30231508048304,15786
"(0.9384174012481092, 0.9958292603453894)",2,97.30217777035512,15788
"(0.8736897274633123, 1.0)",1,97.30196140572986,15789
"(0.9834358767945106, 0.983545503234046)",1,97.30154850944864,15790
"(0.9110813074094206, 0.9764666952752286)",1,97.30150708236108,15791
"(0.8557264819266099, 0.9764666952752286)",1,97.3011789211524,15792
"(0.80285509389987, 1.0)",1,97.300625041175,15793
"(0.8916052423523688, 0.9873891625615764)",1,97.30056487941896,15794
"(0.8796475392220073, 1.0)",1,97.30050113550855,15795
"(0.8288781777971894, 0.9861673414304992)",1,97.30047043174078,15796
"(0.8633762288330498, 1.0)",1,97.30032108642152,15797
"(0.826014261810135, 0.9861673414304992)",1,97.30031331310693,15798
"(0.9666666666666668, 0.9833229101521784)",1,97.30027806390468,15799
"(0.9640038239043044, 0.9749692931061258)",3,97.30025483854628,15802
"(0.8374727668845315, 1.0)",1,97.30016368634509,15803
"(0.9234894220441888, 0.9580034235916588)",1,97.30007877818166,15804
"(0.7665484369555701, 0.9764666952752286)",1,97.30003461058024,15805
"(0.9008025849489264, 1.0)",1,97.29995173232744,15806
"(0.8685314685314685, 0.9650076460904662)",1,97.29988219375127,15807
"(0.9707136080238548, 0.9792521035784792)",2,97.29963263792068,15809
"(0.9603476243044132, 0.9713574016563148)",1,97.29940908211915,15810
"(0.9539751547184644, 0.9832462877624168)",2,97.29939813339436,15812
"(0.9538331745788698, 0.9749692931061258)",3,97.2993762656149,15815
"(0.9372650231764934, 0.9791102677630192)",1,97.29917202507669,15816
"(0.9280317595086728, 0.9958292603453894)",1,97.29901646618386,15817
"(0.9098759089802734, 0.9748802746905214)",1,97.29896484644092,15818
"(0.9791258409522168, 0.9916625936787228)",1,97.29883814923056,15819
"(0.949977467563772, 0.9832184229069656)",1,97.29869829964,15820
"(0.8715701474388204, 0.972281746031746)",1,97.29840690172188,15821
"(0.9253213924599162, 0.9766918866148322)",2,97.29795799368802,15823
"(0.9300671002153482, 0.9861673414304992)",2,97.29780507765425,15825
"(0.9162596992611264, 0.9861310021084456)",1,97.2977249759249,15826
"(0.8947046219773493, 0.988167361639188)",1,97.29770090810568,15827
"(0.7077308656256025, 1.0)",1,97.29751002497564,15828
"(0.9300671002153482, 0.9861310021084456)",2,97.29721902378188,15830
"(0.9326599326599326, 1.0)",1,97.29698271761946,15831
"(0.9230627959463646, 0.9714285714285714)",3,97.29696606550696,15834
"(0.9151002758947376, 0.9749692931061258)",1,97.29617203546212,15835
"(0.859499940327008, 1.0)",1,97.2960319112268,15836
"(0.8249504969211211, 0.9766918866148322)",2,97.29599584650327,15838
"(0.9293300445873568, 0.9535012180173472)",1,97.29588878454932,15839
"(0.8613656783468103, 1.0)",1,97.2957700817488,15840
"(0.8814814814814814, 1.0)",2,97.29563781676556,15842
"(0.8974984433303618, 0.9832184229069656)",1,97.29535877954828,15843
"(0.8010054664946871, 0.9861673414304992)",1,97.294753764657,15844
"(0.8796475392220073, 1.0)",1,97.29416646741278,15845
"(0.9460547122074636, 0.9748802746905214)",1,97.29393333119526,15846
"(0.92132700797001, 0.987463247273494)",1,97.29379414846284,15847
"(0.9791299139401608, 0.9433972334281931)",1,97.2934416219125,15848
"(0.9029281534808432, 0.9722222222222222)",1,97.29290516731557,15849
"(0.8524016298728943, 0.9832462877624168)",1,97.29272807260276,15850
"(0.9666666666666668, 0.9833229101521784)",1,97.2927064201913,15851
"(0.8333192389006343, 0.9766918866148322)",1,97.29242367898097,15852
"(0.8416827657517105, 0.9861310021084456)",1,97.2922298925362,15853
"(0.9666666666666668, 0.9833229101521784)",1,97.2922013020585,15854
"(0.8622520112492773, 0.9748802746905214)",2,97.29214749755732,15856
"(0.8734313112361893, 0.9861673414304992)",1,97.2919424214533,15857
"(0.8040695048423352, 1.0)",1,97.2917661711936,15858
"(0.861111111111111, 0.9833229101521784)",1,97.2915563378254,15859
"(0.9497171590194846, 0.9833229101521784)",1,97.29150560639354,15860
"(0.9581458989353726, 1.0)",1,97.29148495068252,15861
"(0.9299160159815896, 1.0)",2,97.29143867092624,15863
"(0.9584987529902784, 1.0)",1,97.29139084486386,15864
"(0.8942622047218923, 0.9790476832523552)",1,97.2913297051624,15865
"(0.9643944553313464, 0.9764666952752286)",1,97.29102920171078,15866
"(0.8003813092161745, 0.9790755481078062)",2,97.29077429428123,15868
"(0.8518774267621343, 0.9764666952752286)",2,97.29073813680792,15870
"(0.9153439153439152, 1.0)",2,97.29073737666737,15872
"(0.9000617225831424, 0.9833229101521784)",1,97.29036260344172,15873
"(0.8456659619450317, 0.988167361639188)",1,97.29030917657336,15874
"(0.826388888888889, 1.0)",1,97.29023077202804,15875
"(0.9490213526488036, 0.9916585206907788)",1,97.29012571815538,15876
"(0.9586562930696936, 0.9832184229069656)",1,97.29000471330612,15877
"(0.943552974917135, 0.9714285714285714)",3,97.28981783937624,15880
"(0.6992775742775743, 0.9861673414304992)",1,97.28939979176452,15881
"(0.8796475392220073, 1.0)",1,97.28888513213816,15882
"(0.9061764476533613, 0.979166518665308)",1,97.28883009020454,15883
"(0.8694224991654613, 0.9766918866148322)",1,97.28855236826438,15884
"(0.80285509389987, 1.0)",1,97.28825017039732,15885
"(0.9503122778456484, 0.9834113430318364)",2,97.28791289535728,15887
"(0.9058747619658436, 0.9790755481078064)",1,97.28734784912524,15888
"(0.9539751547184644, 0.9832462877624168)",1,97.287339400559,15889
"(0.8315416458960965, 0.9766918866148322)",1,97.2870747076274,15890
"(1.0, 0.9833211143695014)",1,97.28706776583846,15891
"(0.9503338806787082, 0.9748802746905214)",1,97.28678261241188,15892
"(0.917655049465296, 0.9958292603453894)",1,97.28664634450476,15893
"(0.8937718863178524, 0.979166518665308)",1,97.2865896303264,15894
"(0.9666666666666668, 0.9833229101521784)",1,97.28618238356616,15895
"(0.8761383419447936, 0.9873891625615764)",2,97.28615383001735,15897
"(0.751080181203132, 0.9861673414304992)",1,97.28571777506647,15898
"(0.9153439153439156, 1.0)",1,97.28556476992976,15899
"(0.9603476243044132, 0.97502985598876)",1,97.28548216601853,15900
"(0.8916138279602192, 0.9749692931061258)",1,97.28548015370968,15901
"(0.9110813074094206, 0.9650076460904662)",1,97.2850509970494,15902
"(0.9110813074094206, 0.9650076460904662)",1,97.28490340676257,15903
"(0.932201731346617, 0.9650076460904662)",1,97.28409848586544,15904
"(0.5555555555555555, 1.0)",1,97.28395721744388,15905
"(0.808446455505279, 1.0)",1,97.28376760020888,15906
"(0.8316498316498316, 1.0)",1,97.2837054040012,15907
"(0.7884092310206264, 0.9766918866148322)",1,97.28350541636836,15908
"(0.9494594905410846, 0.9678176625650188)",3,97.28344888446132,15911
"(0.9161379295307868, 1.0)",4,97.28326008363108,15915
"(1.0, 1.0)",1,97.28323936796338,15916
"(0.9110813074094206, 0.9766918866148322)",1,97.28310587394324,15917
"(0.8420013166556946, 1.0)",2,97.28304963610934,15919
"(0.932201731346617, 0.9766918866148322)",2,97.28266678333463,15921
"(0.8743078626799556, 0.9861310021084456)",1,97.28263899985068,15922
"(0.9153439153439152, 1.0)",1,97.28242555396118,15923
"(0.932201731346617, 0.9764666952752286)",1,97.28230236758216,15924
"(0.7802197802197803, 1.0)",1,97.28229563062465,15925
"(0.9833229101521784, 0.9833229101521784)",1,97.28223057403495,15926
"(0.9833229101521784, 1.0)",1,97.28220503215186,15927
"(0.9677353740627908, 0.9749692931061258)",2,97.28204451059298,15929
"(0.8937718863178524, 0.979166518665308)",1,97.28157900768606,15930
"(0.9034438470728792, 0.9916585206907788)",1,97.28139566930903,15931
"(0.8016677935542034, 1.0)",1,97.28120601184376,15932
"(0.757745166550198, 1.0)",1,97.28109881494264,15933
"(0.7656073923822403, 1.0)",1,97.28089230234036,15934
"(0.8016677935542034, 1.0)",1,97.28081865581262,15935
"(0.9244721788975638, 0.9873891625615764)",1,97.28055883890326,15936
"(0.8418648749956689, 0.9764666952752286)",1,97.28050637511392,15937
"(0.8976982097186702, 1.0)",1,97.28003500550716,15938
"(0.9452474337657768, 0.9707312211297032)",1,97.28001537975712,15939
"(0.8847822547822548, 0.9861673414304992)",1,97.27958871684676,15940
"(0.972420634920635, 0.9861673414304992)",1,97.27956309815572,15941
"(0.9331662489557224, 1.0)",2,97.2795518629564,15943
"(0.8933617810760668, 0.9714285714285714)",1,97.27879307859575,15944
"(0.9528533742496432, 0.9714285714285714)",3,97.27853056283882,15947
"(0.9436368312757202, 0.972281746031746)",1,97.27791215688734,15948
"(0.7404350561362756, 0.9861673414304992)",1,97.27785210396816,15949
"(0.8937718863178524, 0.979166518665308)",1,97.27743586454424,15950
"(0.7348436174331348, 0.972281746031746)",1,97.277284570895,15951
"(0.9580602951397298, 0.9958292603453894)",1,97.277212738046,15952
"(0.8552744708994707, 0.9861673414304992)",1,97.27721024310442,15953
"(0.7323695788812067, 0.9766918866148322)",1,97.27714899873536,15954
"(0.900838851006521, 0.9748802746905214)",1,97.27700129746366,15955
"(0.813515418166581, 0.988167361639188)",1,97.2767813212951,15956
"(0.831031066037186, 0.988167361639188)",2,97.27667139998128,15958
"(0.9042118651998944, 0.9714285714285714)",2,97.27647617524272,15960
"(0.8315995778682346, 0.9861673414304992)",1,97.27621521410003,15961
"(1.0, 1.0)",1,97.2762045304176,15962
"(0.9707136080238548, 0.987463247273494)",1,97.27609734931475,15963
"(0.903667392883079, 1.0)",1,97.27579828809073,15964
"(0.9282083232965586, 0.9916339869281046)",1,97.2757874928208,15965
"(0.837707400507675, 1.0)",2,97.27578319634428,15967
"(0.9166145507608924, 1.0)",1,97.2756011012732,15968
"(0.93795454842108, 0.9873891625615764)",1,97.2755197368515,15969
"(0.7083333333333334, 1.0)",1,97.27511841263733,15970
"(0.932201731346617, 0.9764666952752286)",1,97.27493530677566,15971
"(0.8456272791248162, 0.9785714285714284)",1,97.27489348258332,15972
"(0.933096859926128, 0.9833229101521784)",2,97.27477826874043,15974
"(0.8065954953750508, 1.0)",1,97.27451629492973,15975
"(0.8907966222338917, 0.9916585206907788)",2,97.27435879468584,15977
"(0.7183489076634237, 0.986081059422206)",1,97.27431615232608,15978
"(0.8823536650710564, 0.9832184229069656)",1,97.27414654821791,15979
"(0.8631546198466533, 0.9766918866148322)",1,97.27401166814548,15980
"(0.9372650231764934, 0.9707095350359106)",2,97.27401011554866,15982
"(0.9720813204508856, 1.0)",1,97.27400991727887,15983
"(0.8631546198466533, 0.9650076460904662)",1,97.27379311383942,15984
"(0.9643944553313464, 0.9766918866148322)",1,97.27356501027089,15985
"(0.9158007932517735, 1.0)",1,97.27323962642969,15986
"(0.917469251615593, 0.9833229101521784)",2,97.27289378144609,15988
"(0.9280459216361852, 0.9876907322068612)",1,97.27267381011278,15989
"(0.916104916104916, 1.0)",1,97.2725692137009,15990
"(0.8557264819266099, 0.9650076460904662)",2,97.2717967233548,15992
"(0.9665831244778612, 1.0)",1,97.27176490809524,15993
"(0.8916138279602192, 0.9749692931061258)",1,97.2716714673689,15994
"(0.9444901834607716, 0.9861673414304992)",2,97.27157177861088,15996
"(0.734047550570415, 0.9861673414304992)",1,97.2713928812812,15997
"(0.8223603132717912, 0.9958292603453894)",1,97.27119482635366,15998
"(0.8976982097186702, 1.0)",1,97.27090389506048,15999
"(0.7109688804604058, 0.972281746031746)",1,97.27089080490704,16000
"(0.837707400507675, 1.0)",1,97.27085384506692,16001
"(0.5555555555555555, 1.0)",2,97.27072742884936,16003
"(0.6042502004811546, 1.0)",1,97.27069977670612,16004
"(0.9311507936507936, 0.9861673414304992)",1,97.27056543624916,16005
"(0.9110813074094206, 0.9764666952752286)",1,97.27050772001074,16006
"(0.8976982097186702, 0.9833229101521784)",1,97.26998636749455,16007
"(0.9372650231764934, 0.9749048084531956)",1,97.26994533751557,16008
"(0.9712822597033124, 0.9749692931061258)",1,97.26953920045092,16009
"(0.9199973910846122, 0.9835199925522506)",1,97.26949205487784,16010
"(0.8715701474388204, 0.972281746031746)",1,97.2694719442101,16011
"(0.8687499999999999, 0.988167361639188)",1,97.26937975431464,16012
"(0.799275702501509, 1.0)",1,97.2692893069893,16013
"(0.9398731501057084, 0.988167361639188)",2,97.2691725041149,16015
"(0.8065954953750508, 0.9882048106149588)",1,97.26907619669625,16016
"(0.9079075500409146, 0.979166518665308)",1,97.26893246116757,16017
"(0.9098759089802734, 0.987463247273494)",1,97.26889139161206,16018
"(0.9750780096985032, 0.9916585206907788)",1,97.26822979150222,16019
"(1.0, 1.0)",1,97.2676562921008,16020
"(0.8322510822510822, 0.9861673414304992)",1,97.2672595312503,16021
"(0.9029281534808432, 0.9722222222222222)",1,97.267195754993,16022
"(0.9436368312757202, 0.9861673414304992)",1,97.26709318618146,16023
"(0.7786375661375661, 1.0)",2,97.26698082624308,16025
"(0.9153439153439152, 1.0)",1,97.26683794888945,16026
"(0.8920217788143652, 0.9748802746905214)",1,97.26668186143776,16027
"(0.8177442148030384, 1.0)",1,97.26664574154002,16028
"(0.9269606362629618, 0.988167361639188)",1,97.26651409687038,16029
"(0.9026337658413128, 0.9861673414304992)",1,97.26645560278384,16030
"(0.7362637362637362, 1.0)",1,97.26627288467928,16031
"(0.9098759089802734, 0.9748802746905214)",1,97.26615913641857,16032
"(0.9441468253968254, 0.9861673414304992)",1,97.26614919253804,16033
"(0.9539751547184644, 0.9748802746905214)",1,97.26606784513184,16034
"(0.8848000715856217, 1.0)",1,97.26543797459377,16035
"(0.8635976129582268, 1.0)",1,97.26488674418762,16036
"(0.808446455505279, 1.0)",2,97.26485409810368,16038
"(0.8222222222222222, 1.0)",2,97.26480819621158,16040
"(0.9640038239043044, 0.978621888315766)",1,97.2644953464748,16041
"(0.8947046219773493, 0.9764666952752286)",1,97.26446524381916,16042
"(0.828966378966379, 0.9861673414304992)",1,97.2644159359859,16043
"(0.9665831244778612, 1.0)",1,97.26441120302918,16044
"(0.93795454842108, 0.9706103957633436)",1,97.2644019001314,16045
"(0.9253213924599162, 0.9650076460904662)",1,97.26437812096972,16046
"(0.8814814814814814, 1.0)",1,97.26425716610338,16047
"(0.8316498316498316, 1.0)",1,97.2640923047996,16048
"(0.987463247273494, 0.9282373020071912)",1,97.26385267693196,16049
"(0.9293300445873568, 0.9873891625615764)",1,97.26383555719572,16050
"(0.751080181203132, 0.9861673414304992)",1,97.26335751228322,16051
"(0.8418648749956689, 0.9766918866148322)",1,97.26326681733838,16052
"(0.8937718863178524, 0.9832184229069656)",1,97.26313382656645,16053
"(0.9460547122074636, 0.987463247273494)",1,97.26294357921782,16054
"(0.9916585206907788, 0.9876106894370652)",1,97.26291874314713,16055
"(0.9437692826216588, 0.9766918866148322)",1,97.26272645639392,16056
"(0.8631918334993627, 0.9833229101521784)",1,97.2626786968362,16057
"(0.6992775742775743, 0.9861310021084456)",1,97.26230873193062,16058
"(0.8222222222222222, 1.0)",1,97.2619521388348,16059
"(0.9300671002153482, 1.0)",1,97.26138181834754,16060
"(0.7278086237149632, 1.0)",1,97.26128226033389,16061
"(0.8552744708994707, 0.9861673414304992)",1,97.26128126255529,16062
"(0.7884092310206264, 0.9764666952752286)",1,97.26124308268288,16063
"(0.9162596992611264, 0.9861310021084456)",2,97.26120727302371,16065
"(0.9153439153439156, 0.9833229101521784)",2,97.26111434137032,16067
"(0.8970129352925051, 0.9873891625615764)",1,97.26107966521153,16068
"(0.8358530587380517, 1.0)",1,97.26088665537108,16069
"(0.756927123330562, 0.9722222222222222)",1,97.2606635981102,16070
"(0.8805377184744008, 0.9873891625615764)",1,97.26043180588982,16071
"(0.9311507936507936, 0.9861673414304992)",1,97.2603598251381,16072
"(0.7090909090909091, 1.0)",1,97.26033032158357,16073
"(0.9452474337657768, 0.9662636348120218)",2,97.26017913547592,16075
"(0.8928598364786969, 0.9916625936787228)",1,97.25961074035033,16076
"(1.0, 1.0)",1,97.25959035113488,16077
"(0.9030323840191014, 0.9790231494896808)",1,97.25918028574569,16078
"(0.9667018107340688, 0.9916585206907788)",1,97.2591295811156,16079
"(0.861111111111111, 1.0)",1,97.25904264955425,16080
"(0.9184901612842788, 0.9748802746905214)",1,97.2588762838019,16081
"(0.932201731346617, 0.9650076460904662)",1,97.25882008938304,16082
"(0.8148308968977662, 0.9861673414304992)",1,97.25843613725706,16083
"(0.7277677677677677, 1.0)",2,97.25816503914524,16085
"(0.9503122778456484, 0.979166518665308)",1,97.25814478202766,16086
"(0.8857958672840706, 0.9916585206907788)",1,97.2581127015749,16087
"(0.8137865219658889, 1.0)",1,97.2579107952898,16088
"(0.7708796965987909, 0.9861673414304992)",1,97.25737072638638,16089
"(0.8653198653198653, 1.0)",1,97.25673908462296,16090
"(0.950175761409158, 0.979166518665308)",1,97.25671917306616,16091
"(0.9640038239043044, 0.9785714285714284)",1,97.25662451422367,16092
"(0.7856964763329513, 0.9861673414304992)",1,97.25657163719993,16093
"(0.5910680656443368, 1.0)",1,97.25615386699288,16094
"(0.9253213924599162, 0.9650076460904662)",1,97.25585036035632,16095
"(0.9161952650324744, 1.0)",1,97.255694563363,16096
"(0.9665831244778612, 1.0)",1,97.25519571498222,16097
"(0.8222222222222222, 1.0)",1,97.25508035267374,16098
"(0.9539751547184644, 0.9790755481078062)",1,97.25501242108642,16099
"(0.7772049591964847, 0.9861673414304992)",1,97.25420722302871,16100
"(0.9189396095602992, 0.9958292603453894)",2,97.2539653185084,16102
"(0.7280584513944579, 0.9861673414304992)",1,97.25382549016638,16103
"(0.9444901834607716, 0.9861673414304992)",1,97.25378765952132,16104
"(0.9384174012481092, 0.9916585206907788)",1,97.2536556801704,16105
"(0.8586166985951469, 1.0)",1,97.2536103235212,16106
"(0.9536268754076972, 0.9713574016563148)",3,97.25336594550726,16109
"(0.893146638589877, 1.0)",1,97.25326023943587,16110
"(0.8222222222222222, 1.0)",1,97.2532590130163,16111
"(0.7069597069597069, 1.0)",1,97.25319168498427,16112
"(0.9586741069110368, 0.9707095350359106)",1,97.2530839226385,16113
"(0.6992775742775743, 0.9861673414304992)",2,97.2527285518552,16115
"(0.9546499948224086, 0.9651801442741268)",1,97.25269894184518,16116
"(0.861111111111111, 1.0)",1,97.2525840021554,16117
"(0.9234894220441888, 0.9790972342015986)",1,97.25257308571658,16118
"(0.8685314685314685, 0.9764666952752286)",1,97.2524664911812,16119
"(0.8222222222222222, 1.0)",1,97.25241748968644,16120
"(0.960666032023912, 0.97502985598876)",1,97.252074972183,16121
"(0.9280459216361852, 0.9916585206907788)",1,97.25151490723992,16122
"(0.837707400507675, 1.0)",2,97.2514484368714,16124
"(0.765692887308966, 0.9861310021084456)",1,97.25112988277604,16125
"(0.8495378883833893, 0.9916585206907788)",1,97.25069966440375,16126
"(0.8586166985951469, 0.9861673414304992)",1,97.2506978015335,16127
"(0.901028965681318, 0.9766918866148322)",1,97.2500835575958,16128
"(0.9640038239043044, 0.978621888315766)",1,97.2500112291072,16129
"(0.8490208544183524, 0.972281746031746)",1,97.2498888271906,16130
"(0.901028965681318, 0.9764666952752286)",1,97.24985836625622,16131
"(0.9662908496732026, 0.975045329959941)",1,97.24971762884232,16132
"(0.944563492063492, 1.0)",1,97.24964513317056,16133
"(0.9440529448756316, 0.9861673414304992)",1,97.2496129969528,16134
"(0.8586166985951469, 0.9861673414304992)",1,97.24959083230011,16135
"(0.9253213924599162, 0.9764666952752286)",1,97.24958332211295,16136
"(0.947552083649559, 0.9832184229069656)",1,97.24922299675356,16137
"(0.8848000715856217, 1.0)",1,97.24879076305216,16138
"(0.7772049591964847, 0.9722222222222222)",1,97.24796609550364,16139
"(0.932201731346617, 0.9650076460904662)",2,97.24783925310116,16141
"(0.895578231292517, 0.97502985598876)",1,97.24746140381347,16142
"(0.8339475360293065, 1.0)",1,97.24728446888318,16143
"(0.9640038239043044, 0.9678176625650188)",3,97.24717786687086,16146
"(0.901028965681318, 0.9764666952752286)",1,97.24704155173644,16147
"(0.8958208965097509, 0.9958292603453894)",1,97.24698917734366,16148
"(0.9436368312757202, 0.9861673414304992)",1,97.24698553625863,16149
"(0.9061764476533613, 0.979166518665308)",1,97.24693352031848,16150
"(0.7837606837606838, 0.9861673414304992)",1,97.24684372251622,16151
"(0.7632275132275131, 1.0)",1,97.24670428403915,16152
"(0.8976982097186702, 1.0)",1,97.24663230002956,16153
"(0.7344692811916678, 0.9861673414304992)",1,97.24646812421152,16154
"(0.9297812306740878, 1.0)",2,97.24641458453756,16156
"(0.8238947099412214, 0.9650076460904662)",1,97.2463949595206,16157
"(0.8751897860593512, 0.9861673414304992)",2,97.2462894997883,16159
"(0.9643944553313464, 0.9764666952752286)",1,97.24622503327669,16160
"(0.9497171590194848, 0.9833229101521784)",1,97.24609509100326,16161
"(0.9238400660955778, 0.9676485688615069)",1,97.24521157767973,16162
"(0.861111111111111, 1.0)",1,97.24482599038328,16163
"(0.831031066037186, 0.988167361639188)",1,97.24470309101842,16164
"(0.9501225071212966, 0.9832679738562092)",1,97.24422713983274,16165
"(0.9102539775554236, 0.9748802746905214)",1,97.24417076478736,16166
"(0.9640038239043044, 0.9714285714285714)",3,97.24413870187102,16169
"(0.8976982097186702, 1.0)",1,97.24400219203493,16170
"(0.8715701474388204, 0.972281746031746)",1,97.24394411242544,16171
"(0.8937718863178524, 0.9916339869281046)",1,97.24394319743789,16172
"(0.9228120179844318, 0.9916585206907788)",1,97.2439194638853,16173
"(0.8249504969211211, 0.988167361639188)",1,97.24335994251771,16174
"(0.9454999712494968, 0.987491854024112)",2,97.24309375050916,16176
"(0.831031066037186, 0.988167361639188)",2,97.24224497490822,16178
"(0.8929015655249481, 0.9792807103290976)",1,97.24172793681971,16179
"(0.9243707071934514, 0.9873891625615764)",1,97.24162625831572,16180
"(1.0, 0.9833229101521784)",1,97.24159355383496,16181
"(0.8040695048423352, 1.0)",1,97.2414159992526,16182
"(0.9390553961421968, 0.9832184229069656)",1,97.2413136913968,16183
"(0.7772049591964847, 0.9861673414304992)",1,97.24107706820338,16184
"(0.6575398846941737, 1.0)",1,97.2399945226805,16185
"(0.9497171590194848, 0.9833229101521784)",1,97.23982203587477,16186
"(0.8322510822510822, 0.9861673414304992)",1,97.23966875144816,16187
"(0.6698155645524068, 1.0)",1,97.23964133957328,16188
"(0.831031066037186, 0.988167361639188)",1,97.23916482287724,16189
"(0.8229870141950848, 0.972420634920635)",1,97.23901985242848,16190
"(0.8937718863178524, 0.9832925076188832)",2,97.23899205150607,16192
"(0.8805377184744008, 0.9834113430318364)",1,97.23851003940192,16193
"(0.9665831244778612, 0.9833229101521784)",1,97.23829175450744,16194
"(0.9435817855979146, 0.9958292603453894)",1,97.23815474221384,16195
"(0.9603476243044132, 0.97502985598876)",1,97.23814609897772,16196
"(0.7075023741690408, 1.0)",1,97.23798775118672,16197
"(0.8322510822510822, 0.9861673414304992)",1,97.23798674472762,16198
"(0.8920217788143652, 0.9790755481078062)",1,97.23793225954935,16199
"(0.966586548597934, 0.9707095350359106)",1,97.23772384472494,16200
"(0.9707136080238548, 0.9958292603453894)",1,97.23743286815926,16201
"(0.8796475392220073, 1.0)",1,97.23720770833546,16202
"(0.9494594905410846, 0.9678176625650188)",3,97.23689465717896,16205
"(0.7511111111111111, 1.0)",1,97.23671097410325,16206
"(0.9184901612842788, 0.9790755481078062)",1,97.23646078639965,16207
"(0.8420013166556947, 1.0)",1,97.2363154057436,16208
"(0.9153127183787562, 0.9861673414304992)",4,97.23627123345196,16212
"(0.861111111111111, 0.9833229101521784)",1,97.23585706623918,16213
"(0.917849761232425, 1.0)",1,97.23580133510195,16214
"(0.8676532769556025, 0.9882048106149588)",1,97.23576185787594,16215
"(0.8726893261776982, 0.988167361639188)",1,97.23544208317234,16216
"(0.8208353559736048, 0.9861673414304992)",1,97.235440901923,16217
"(0.7711781618000022, 1.0)",4,97.2354217447954,16221
"(0.8976982097186702, 1.0)",1,97.23500100016908,16222
"(0.8662474476427967, 0.9650076460904662)",1,97.23499942569504,16223
"(0.6992775742775743, 0.9861673414304992)",1,97.23499318904416,16224
"(0.9305983472650138, 1.0)",1,97.23499078620452,16225
"(0.8208353559736048, 0.9861673414304992)",1,97.2346969802635,16226
"(0.900838851006521, 0.9790755481078062)",1,97.23438252148952,16227
"(0.7994987468671678, 1.0)",1,97.23425122552504,16228
"(0.8884797556713653, 0.9748802746905214)",1,97.2342433428842,16229
"(0.9640038239043044, 0.9785714285714284)",2,97.23396340727032,16231
"(0.933096859926128, 0.9833229101521784)",2,97.23392290085,16233
"(0.8518774267621343, 0.9650076460904662)",1,97.23381095808156,16234
"(0.9669558693467613, 0.9916625936787228)",1,97.2337876298462,16235
"(0.6813936996863826, 0.9861673414304992)",1,97.23355240784156,16236
"(0.8929015655249481, 0.9916585206907788)",1,97.23347906199874,16237
"(0.4776542240827955, 1.0)",2,97.23338474474366,16239
"(0.8567210567210567, 0.9861673414304992)",1,97.2333707831665,16240
"(0.9665831244778612, 0.9833229101521784)",2,97.2332815584652,16242
"(0.9833229101521784, 1.0)",1,97.2331454025934,16243
"(0.9161952650324744, 1.0)",1,97.23283147651928,16244
"(0.8937718863178524, 0.9832184229069656)",1,97.2328183843744,16245
"(0.7183489076634237, 1.0)",1,97.2326882587182,16246
"(0.8974984433303618, 0.9873891625615764)",1,97.23252801605516,16247
"(1.0, 0.9833229101521784)",2,97.23205969824336,16249
"(0.813515418166581, 0.9766918866148322)",1,97.2317458297768,16250
"(0.901028965681318, 0.9764666952752286)",1,97.2315107266354,16251
"(0.8976982097186702, 1.0)",1,97.23124164303624,16252
"(0.8751897860593512, 0.972420634920635)",1,97.2310153593158,16253
"(0.9169719169719168, 1.0)",1,97.23086600492104,16254
"(0.831031066037186, 0.988167361639188)",2,97.23076949988386,16256
"(0.8589064384650125, 0.966546941357188)",1,97.23054891000476,16257
"(0.8883034087952121, 0.9861310021084456)",1,97.23039291209572,16258
"(0.7836974395113928, 0.9766918866148322)",2,97.23035166465516,16260
"(0.8193419055822156, 0.9861673414304992)",1,97.23021065477396,16261
"(0.9154520780570968, 0.9707095350359106)",1,97.23000934698896,16262
"(0.9833229101521784, 1.0)",1,97.22998183630244,16263
"(0.9445235834124724, 1.0)",1,97.229961730257,16264
"(0.746304385688563, 0.986081059422206)",1,97.22986697965938,16265
"(0.9153439153439156, 0.9833229101521784)",1,97.2297761631071,16266
"(0.9073492428586464, 0.97502985598876)",1,97.22971362274352,16267
"(0.9331662489557224, 1.0)",1,97.22970319552412,16268
"(0.8296970789758384, 1.0)",1,97.22941033182148,16269
"(0.8796475392220073, 1.0)",1,97.22930835426862,16270
"(0.8222222222222222, 1.0)",1,97.22905057120327,16271
"(0.9114218054477384, 0.9832184229069656)",1,97.228972685093,16272
"(0.8670292954258683, 0.988167361639188)",1,97.22850789395358,16273
"(0.9166145507608924, 1.0)",2,97.22821153469712,16275
"(0.9234894220441888, 0.9832462877624168)",1,97.22798387106393,16276
"(0.8418648749956689, 0.9764666952752286)",1,97.2277637130861,16277
"(0.9665831244778612, 1.0)",1,97.2273569772948,16278
"(0.8631546198466533, 0.9764666952752286)",2,97.22734384591092,16280
"(0.9288423094874708, 0.9916585206907788)",1,97.22716456287148,16281
"(0.7884092310206264, 0.9764666952752286)",1,97.2271475522185,16282
"(0.4776542240827955, 1.0)",1,97.22698435244985,16283
"(0.6636745887678723, 1.0)",1,97.22608139565772,16284
"(0.8040695048423352, 1.0)",1,97.22602855225148,16285
"(0.9326599326599326, 1.0)",1,97.22583747584486,16286
"(0.8399588504703595, 0.9916585206907788)",1,97.22542438659792,16287
"(0.9712822597033124, 0.971495851087688)",1,97.22491681824216,16288
"(0.8151249335459861, 1.0)",2,97.22488010687955,16290
"(0.9008627640703112, 1.0)",1,97.22482748282684,16291
"(0.8687499999999999, 0.988167361639188)",1,97.22481155172068,16292
"(0.9166145507608924, 0.9833229101521784)",2,97.2244661516794,16294
"(0.9177366931314298, 0.9834113430318364)",1,97.22431032111236,16295
"(0.9379369827374928, 0.97502985598876)",1,97.22425658312022,16296
"(0.9230468061350414, 0.9832184229069656)",1,97.2242140887486,16297
"(1.0, 1.0)",1,97.22407261930188,16298
"(0.9497171590194846, 0.9833229101521784)",1,97.22395715087733,16299
"(0.9437903841498612, 0.9861673414304992)",1,97.22391773528004,16300
"(0.8685314685314685, 0.9650076460904662)",1,97.22368357396748,16301
"(0.934122934122934, 1.0)",1,97.22333673995216,16302
"(0.8010054664946871, 0.9722222222222222)",1,97.22313688428363,16303
"(0.940928587432546, 0.9791217679642727)",1,97.22299940333866,16304
"(0.8613656783468103, 1.0)",1,97.22293396212076,16305
"(0.9516794286955578, 0.9916625936787228)",1,97.2229211071272,16306
"(0.9442283950617284, 0.986081059422206)",1,97.22291558484233,16307
"(0.8247905643738976, 1.0)",1,97.22291296856278,16308
"(0.972281746031746, 0.9861673414304992)",1,97.22235306669332,16309
"(0.9666299139401606, 0.9790755481078062)",1,97.222062831008,16310
"(0.9234894220441888, 0.9748802746905214)",1,97.22195616265525,16311
"(0.9299160159815896, 0.972045976510262)",1,97.22185973644945,16312
"(0.7836974395113928, 0.9766918866148322)",1,97.2217412357022,16313
"(0.9437903841498612, 1.0)",1,97.22165418790624,16314
"(0.7664480222619757, 0.9764666952752286)",1,97.22162932665086,16315
"(0.972281746031746, 0.9861673414304992)",2,97.22157344177508,16317
"(0.8222222222222222, 1.0)",1,97.22152720820114,16318
"(0.861111111111111, 0.9833229101521784)",2,97.22125782653109,16320
"(0.9833229101521784, 1.0)",1,97.22125521301466,16321
"(0.8016677935542034, 0.9833229101521784)",1,97.2209431791225,16322
"(0.9269606362629618, 0.988167361639188)",1,97.2209135798743,16323
"(0.9031692062697052, 1.0)",1,97.22085747228184,16324
"(0.836047207956091, 0.988167361639188)",1,97.22051756078493,16325
"(0.7404350561362756, 0.9861673414304992)",2,97.22042388198398,16327
"(0.9153439153439156, 0.9833229101521784)",2,97.22029169747138,16329
"(0.9058747619658436, 0.9748802746905214)",1,97.22027863263985,16330
"(0.7786375661375661, 1.0)",2,97.22016309484412,16332
"(0.9243707071934514, 0.9873891625615764)",1,97.22006984119534,16333
"(0.7183489076634237, 1.0)",2,97.21975976601648,16335
"(0.7615072500907597, 0.9650076460904662)",1,97.2197587271155,16336
"(0.9009534009534008, 1.0)",1,97.21975781897456,16337
"(0.9643944553313464, 0.9766918866148322)",1,97.21949451306917,16338
"(0.8871918136624019, 0.9861673414304992)",1,97.2194421853482,16339
"(0.8631918334993627, 0.9833229101521784)",1,97.2194370083828,16340
"(0.932201731346617, 0.9764666952752286)",1,97.21923138534414,16341
"(0.8715701474388204, 0.972281746031746)",1,97.21904764080053,16342
"(0.9490213526488036, 0.9958292603453894)",1,97.2189000092274,16343
"(0.7836974395113928, 0.9766918866148322)",2,97.21887618963082,16345
"(0.8557264819266099, 0.9764666952752286)",1,97.21878492241186,16346
"(0.7348436174331348, 0.972281746031746)",1,97.21873292822346,16347
"(0.7532376017916352, 1.0)",1,97.2181756001038,16348
"(0.7278086237149632, 1.0)",2,97.21798076195482,16350
"(0.9146901709401708, 0.972281746031746)",1,97.21767228348396,16351
"(0.8010054664946871, 0.9861673414304992)",1,97.2175954501946,16352
"(0.9436368312757202, 0.9861310021084456)",2,97.21748284458656,16354
"(1.0, 0.9833229101521784)",4,97.2173241801874,16358
"(0.8694224991654613, 0.9766918866148322)",1,97.21707611871376,16359
"(0.9202911589118484, 0.9958292603453894)",1,97.21694443750656,16360
"(0.9452474337657768, 0.9832462877624168)",1,97.21668276242858,16361
"(0.934065934065934, 0.9833229101521784)",1,97.2166151006895,16362
"(0.8325755070546736, 1.0)",1,97.21635865768336,16363
"(0.6813936996863826, 0.9861673414304992)",1,97.21630905673148,16364
"(0.9295946890286512, 1.0)",1,97.21630038011818,16365
"(0.7703623385261582, 0.9958292603453894)",1,97.21606204994016,16366
"(0.8557264819266099, 0.9764666952752286)",1,97.21597569994312,16367
"(0.9332172991312776, 0.9916585206907788)",1,97.21586305999826,16368
"(0.7884092310206264, 0.9766918866148322)",1,97.2158621223719,16369
"(0.7802197802197803, 1.0)",2,97.2157538148096,16371
"(0.8631546198466533, 0.9650076460904662)",2,97.21565960538656,16373
"(0.9712822597033124, 0.9785714285714284)",3,97.21547247654402,16376
"(0.9498370804822418, 0.9715098411076398)",1,97.21539084705756,16377
"(0.9452474337657768, 0.9748802746905214)",1,97.21538926994208,16378
"(0.9720813204508856, 1.0)",1,97.21512164981526,16379
"(0.8976982097186702, 1.0)",1,97.21488156345649,16380
"(0.9452448267044004, 0.9874877810361682)",1,97.21458876838336,16381
"(0.9494594905410846, 0.9785714285714284)",2,97.2142239109472,16383
"(0.835848883169409, 0.988167361639188)",1,97.21386566179542,16384
"(0.9153439153439152, 1.0)",1,97.21361776170086,16385
"(0.8316498316498316, 1.0)",1,97.21359613985744,16386
"(0.7511111111111111, 1.0)",1,97.21265046242269,16387
"(0.829257487152224, 0.986081059422206)",1,97.21250852910867,16388
"(0.917655049465296, 0.9916585206907788)",1,97.21249833170836,16389
"(0.7946380416968652, 0.9958292603453894)",1,97.21231127065384,16390
"(0.8372053872053872, 0.9833229101521784)",2,97.2122669066731,16392
"(1.0, 1.0)",1,97.21223580087516,16393
"(0.8726893261776982, 0.988167361639188)",1,97.21216252717709,16394
"(0.7946380416968652, 0.9832965806068272)",1,97.2117237003122,16395
"(0.9454999712494968, 0.9874877810361682)",1,97.21165910214144,16396
"(0.9061764476533613, 0.979166518665308)",1,97.21154742129887,16397
"(0.7837606837606838, 0.9861673414304992)",1,97.21061452335226,16398
"(0.8016677935542034, 1.0)",1,97.21048967504206,16399
"(0.8420013166556946, 1.0)",1,97.2104185724304,16400
"(0.931200007971039, 0.9958292603453894)",1,97.2103695722662,16401
"(0.8016677935542034, 1.0)",2,97.21025520384774,16403
"(0.9110813074094206, 0.9766918866148322)",1,97.21020734162902,16404
"(0.9439903127537536, 0.9747335744221172)",1,97.2099600631013,16405
"(0.9268570420108744, 0.9678176625650188)",1,97.20977355084436,16406
"(0.9452474337657768, 0.9748802746905214)",2,97.20948573295738,16408
"(1.0, 1.0)",1,97.20940255606048,16409
"(0.8726893261776982, 0.988167361639188)",1,97.20911337253868,16410
"(0.9643944553313464, 0.9766918866148322)",1,97.2089283583474,16411
"(0.9280459216361852, 0.9958292603453894)",1,97.20860113824962,16412
"(0.8229870141950848, 0.972281746031746)",1,97.20848317902468,16413
"(0.8608241028356948, 0.9748802746905214)",1,97.20842824201608,16414
"(0.7906452533041516, 1.0)",1,97.20839126977005,16415
"(0.8194074731341813, 0.9861673414304992)",1,97.20791648088476,16416
"(0.9379369827374928, 0.9714285714285714)",1,97.20788387518458,16417
"(0.8920217788143652, 0.9748802746905214)",1,97.20782005520226,16418
"(0.9029281534808432, 0.9861673414304992)",1,97.20767580350056,16419
"(0.9110813074094206, 0.9650076460904662)",1,97.20767514581748,16420
"(0.979273283115788, 0.9832184229069656)",1,97.20726550898132,16421
"(0.8208353559736048, 0.972045976510262)",1,97.206454250423,16422
"(0.9490213526488036, 0.9958292603453894)",1,97.20641630117922,16423
"(0.9384174012481092, 0.9832184229069656)",2,97.2057639513872,16425
"(0.9333333333333332, 1.0)",1,97.20576340125416,16426
"(0.8916138279602192, 0.9678176625650188)",3,97.20568235935096,16429
"(0.9280459216361852, 0.9916585206907788)",1,97.20567144085548,16430
"(0.9499687304565352, 0.9833229101521784)",1,97.20540504215114,16431
"(0.911234030893585, 0.9785714285714284)",3,97.2053186083302,16434
"(0.9958292603453894, 0.9833040078201368)",1,97.2051016261154,16435
"(0.8751897860593512, 0.9861673414304992)",1,97.20496342819908,16436
"(0.675924061824263, 0.972281746031746)",1,97.20468764057398,16437
"(0.9058747619658436, 0.9790755481078064)",1,97.20423833921475,16438
"(0.8193419055822156, 0.9861673414304992)",1,97.20413663997056,16439
"(0.9783434781537248, 0.9748802746905214)",1,97.20386241112932,16440
"(0.6698155645524068, 1.0)",1,97.20362618067055,16441
"(1.0, 1.0)",1,97.20357323360612,16442
"(0.9311507936507936, 0.9861673414304992)",1,97.20290267441372,16443
"(0.8976982097186702, 1.0)",1,97.20240489591788,16444
"(0.6992775742775743, 0.9861310021084456)",1,97.20236464283744,16445
"(0.7675138481590094, 1.0)",1,97.20204188976336,16446
"(0.9615232921668722, 0.9748802746905214)",1,97.20193305466766,16447
"(0.9333333333333332, 0.9833229101521784)",1,97.20185243410889,16448
"(0.8065954953750508, 0.9882048106149588)",1,97.2017478784621,16449
"(0.8907966222338917, 0.9958292603453894)",1,97.20162103467034,16450
"(0.8589064384650125, 0.9623680557266894)",1,97.20156036049453,16451
"(0.8982888105990573, 1.0)",1,97.20149673940958,16452
"(0.4737094237094237, 0.9861673414304992)",4,97.2013146089384,16456
"(0.8222222222222222, 1.0)",1,97.20109511107724,16457
"(0.9102539775554236, 0.9916339869281046)",1,97.20099837662488,16458
"(0.9131856219190184, 0.987491854024112)",1,97.20079102769044,16459
"(0.831031066037186, 0.988167361639188)",1,97.20067446891842,16460
"(0.7615072500907597, 0.9766918866148322)",1,97.20035657678255,16461
"(0.9333333333333332, 0.9833229101521784)",1,97.20026848180268,16462
"(0.9269606362629618, 0.988167361639188)",1,97.20006722535544,16463
"(0.7786375661375661, 1.0)",1,97.20002861239308,16464
"(0.8177442148030384, 1.0)",1,97.19987863773846,16465
"(0.9166145507608924, 0.9833229101521784)",1,97.19973313223308,16466
"(0.7574146783449108, 1.0)",1,97.19970118013146,16467
"(0.930124456440246, 1.0)",1,97.1996323516818,16468
"(0.882673371045464, 1.0)",1,97.19932628638506,16469
"(0.8325755070546736, 1.0)",1,97.1991483406749,16470
"(0.8417378917378917, 0.9722222222222222)",1,97.19885569257542,16471
"(0.8811945374355704, 1.0)",1,97.19878976256472,16472
"(0.8631918334993627, 0.9833229101521784)",3,97.1986911516578,16475
"(0.8242618274196235, 0.972420634920635)",1,97.19814066238187,16476
"(0.8300265307680562, 1.0)",2,97.19804377156645,16478
"(0.8372053872053872, 0.9833229101521784)",1,97.19797993680147,16479
"(0.9309563801089225, 0.972281746031746)",1,97.19769812695505,16480
"(0.6825396825396824, 0.9833229101521784)",1,97.19751459119357,16481
"(0.9259740526337398, 0.9749692931061258)",1,97.19719794429945,16482
"(0.8249504969211211, 0.988167361639188)",1,97.19694833083868,16483
"(0.9126251340467026, 0.9958292603453894)",2,97.19686453562753,16485
"(0.9494594905410846, 0.9678176625650188)",1,97.19679122798688,16486
"(0.9061764476533613, 0.9833170413815576)",2,97.19674965491352,16488
"(0.6825396825396824, 1.0)",1,97.19656398382422,16489
"(0.7664480222619757, 0.9650076460904662)",2,97.19632933207711,16491
"(0.9437692826216588, 0.9766918866148322)",1,97.19551355561131,16492
"(0.6804620726495727, 0.986081059422206)",1,97.19538381539668,16493
"(0.93773047895128, 0.9793995457420503)",1,97.19531661868275,16494
"(0.8312205288949474, 1.0)",1,97.19522715000168,16495
"(0.916687675070028, 0.9916585206907788)",1,97.19520013453143,16496
"(0.9230627959463646, 0.97502985598876)",3,97.19515868593136,16499
"(0.9230468061350414, 0.9834113430318364)",1,97.19488026981124,16500
"(0.9299507899507898, 1.0)",1,97.19449315055428,16501
"(0.9958292603453894, 0.9736202420579396)",1,97.19422433022628,16502
"(0.8101143854687974, 1.0)",1,97.1941083261121,16503
"(0.8867361313822293, 0.9958292603453894)",1,97.19403940938598,16504
"(0.8631546198466533, 0.9764666952752286)",1,97.19402851838204,16505
"(0.6760835913312693, 0.9861673414304992)",1,97.19385595232316,16506
"(0.861111111111111, 1.0)",1,97.19305901924471,16507
"(0.8308201058201059, 0.9861673414304992)",1,97.19302479790736,16508
"(0.8552744708994707, 0.9861673414304992)",1,97.19282898672304,16509
"(0.9398731501057084, 0.988167361639188)",1,97.19214474407217,16510
"(0.813515418166581, 0.988167361639188)",2,97.19136784310948,16512
"(0.8871082621082622, 0.972281746031746)",1,97.19119454820576,16513
"(0.9161952650324744, 1.0)",1,97.19118067078423,16514
"(0.9528533742496432, 0.9714285714285714)",1,97.19083418040212,16515
"(1.0, 1.0)",1,97.19033713672484,16516
"(0.9666666666666668, 0.9833229101521784)",1,97.19005819191212,16517
"(0.9326599326599326, 1.0)",1,97.18991683997716,16518
"(0.7153850158254207, 0.972281746031746)",1,97.18930408014116,16519
"(0.9184901612842788, 0.9623877019038308)",1,97.18922824092805,16520
"(0.9643944553313464, 0.9764666952752286)",1,97.18890741572564,16521
"(0.9165164082221422, 1.0)",1,97.18888018594478,16522
"(0.9234894220441888, 0.9748802746905214)",1,97.1888515792324,16523
"(0.7278086237149632, 1.0)",1,97.18884693728836,16524
"(0.939906877971394, 0.9916585206907788)",1,97.18843205785242,16525
"(0.7362637362637362, 1.0)",2,97.18842322229324,16527
"(0.7802197802197803, 1.0)",1,97.18842122334372,16528
"(0.861111111111111, 0.9833229101521784)",4,97.18833360344982,16532
"(0.8814814814814814, 1.0)",1,97.1883107410268,16533
"(0.7280584513944579, 0.9861673414304992)",1,97.18810183409632,16534
"(0.8333192389006343, 0.988167361639188)",1,97.18796690155172,16535
"(0.8552744708994707, 0.9861673414304992)",1,97.18789824770693,16536
"(0.9580602951397298, 0.9793747635794354)",1,97.18749776591108,16537
"(0.7786375661375661, 1.0)",1,97.18740451612192,16538
"(0.7532376017916352, 1.0)",1,97.18724718404972,16539
"(0.859499940327008, 0.986081059422206)",1,97.1871729788873,16540
"(0.9027777777777778, 1.0)",2,97.1868468064872,16542
"(0.9497171590194848, 0.9833229101521784)",2,97.18585977354276,16544
"(1.0, 1.0)",1,97.18575421414104,16545
"(0.8635976129582268, 1.0)",1,97.18570561096004,16546
"(1.0, 1.0)",1,97.18546899445737,16547
"(0.8222222222222222, 1.0)",1,97.18525722965524,16548
"(0.8880748880748881, 0.972281746031746)",1,97.18516150387173,16549
"(0.9031692062697052, 1.0)",1,97.18463510013255,16550
"(0.9379369827374928, 0.97502985598876)",3,97.1845708634126,16553
"(0.903667392883079, 1.0)",2,97.18451696111622,16555
"(0.9444901834607716, 0.9861310021084456)",1,97.18432348206392,16556
"(0.9497171590194848, 1.0)",1,97.1842922464112,16557
"(0.9307008053852626, 0.9861673414304992)",1,97.18372045898931,16558
"(0.9309563801089225, 0.9861673414304992)",2,97.18371910265036,16560
"(0.8483418730488175, 0.9958292603453894)",1,97.18358260700045,16561
"(0.9783434781537248, 0.9748802746905214)",1,97.18357153722566,16562
"(0.944563492063492, 1.0)",1,97.18321882608848,16563
"(0.7093938149972633, 0.9861310021084456)",1,97.1827915939404,16564
"(0.9309821833269412, 0.9643944553313464)",1,97.18264193488646,16565
"(0.828966378966379, 0.9861673414304992)",1,97.18239960028608,16566
"(0.9436368312757202, 0.972281746031746)",1,97.18233002077037,16567
"(0.8247905643738976, 1.0)",1,97.18176075339066,16568
"(0.8723335483607131, 0.9749510283096622)",1,97.18172108759605,16569
"(0.7077308656256025, 1.0)",1,97.18160370059393,16570
"(0.8319340617212959, 1.0)",1,97.18145180719392,16571
"(0.8958208965097509, 0.9916666666666668)",1,97.18117074076903,16572
"(0.7979797979797979, 1.0)",1,97.18103718932387,16573
"(0.972281746031746, 0.9861673414304992)",1,97.18042826492784,16574
"(0.8222222222222222, 1.0)",1,97.18020653403312,16575
"(0.8432903075760217, 1.0)",1,97.1801420691001,16576
"(0.8976982097186702, 0.9833229101521784)",1,97.1800010596424,16577
"(0.6526770767943084, 0.9861673414304992)",1,97.17994752303495,16578
"(0.9499687304565352, 0.9833229101521784)",2,97.1797481639811,16580
"(0.7155555555555556, 1.0)",1,97.17970930988754,16581
"(0.9000617225831424, 0.9833229101521784)",1,97.17912045131744,16582
"(0.8715701474388204, 0.972281746031746)",1,97.179026800504,16583
"(0.9379369827374928, 0.9641967520703932)",3,97.17879746648296,16586
"(0.9326599326599326, 0.9833229101521784)",1,97.17878469802768,16587
"(0.4737094237094237, 0.9861673414304992)",1,97.17876942406656,16588
"(0.9206165335472736, 0.9916585206907788)",2,97.17847094408476,16590
"(0.8733799478600891, 0.9958292603453894)",1,97.17838986053373,16591
"(0.9377148530109056, 0.9780434995701116)",1,97.17818621859207,16592
"(0.8420013166556946, 1.0)",1,97.17774337312753,16593
"(0.826388888888889, 1.0)",1,97.17761835981013,16594
"(0.930124456440246, 1.0)",1,97.17754889432568,16595
"(0.4039045743444857, 1.0)",1,97.17707801362704,16596
"(1.0, 1.0)",1,97.17683216151627,16597
"(0.8631546198466533, 0.9764666952752286)",1,97.17667755022774,16598
"(0.9003556829643787, 1.0)",1,97.17629611438092,16599
"(0.9000617225831424, 0.9833229101521784)",2,97.17589591496213,16601
"(0.9161952650324744, 1.0)",1,97.1757589689811,16602
"(0.7884092310206264, 0.9764666952752286)",1,97.17551357096916,16603
"(0.9666666666666668, 0.9833229101521784)",1,97.17544161120333,16604
"(0.9792521035784794, 0.9240706353405248)",1,97.17509179396797,16605
"(0.835848883169409, 0.9766918866148322)",1,97.1750375033668,16606
"(0.799275702501509, 1.0)",1,97.17498702583796,16607
"(0.8589064384650125, 0.9748802746905214)",2,97.17495760528324,16609
"(0.7348436174331348, 0.9861310021084456)",1,97.17481688502303,16610
"(0.8416827657517105, 0.9861310021084456)",1,97.17474174830464,16611
"(0.9444901834607716, 0.9861310021084456)",1,97.17451148671304,16612
"(0.7772049591964847, 0.9861673414304992)",1,97.1744870187879,16613
"(0.9230627959463646, 0.97502985598876)",3,97.17415007382908,16616
"(0.8586166985951469, 0.9861673414304992)",1,97.17376659277424,16617
"(0.9110813074094206, 0.9766918866148322)",1,97.1737569784695,16618
"(0.8685314685314685, 0.9650076460904662)",2,97.17364781573684,16620
"(0.9379369827374928, 0.9785714285714284)",1,97.17356550089936,16621
"(0.9160264866799612, 0.9861673414304992)",1,97.17309287958513,16622
"(0.8796475392220073, 1.0)",2,97.17290437741546,16624
"(0.7962102115226081, 0.9766918866148322)",1,97.17283331005778,16625
"(0.8249504969211211, 0.988167361639188)",1,97.17201283323674,16626
"(0.9326599326599326, 1.0)",1,97.17168904960012,16627
"(0.9160264866799612, 0.9861673414304992)",1,97.17119561080496,16628
"(0.9331662489557224, 1.0)",1,97.17099950767576,16629
"(0.9164652836623464, 1.0)",1,97.17091052186836,16630
"(0.7734344933751168, 1.0)",1,97.17077414446676,16631
"(0.6825396825396824, 0.9833229101521784)",1,97.17070822967185,16632
"(0.8420013166556946, 1.0)",1,97.1705131651932,16633
"(0.7280584513944579, 0.9861673414304992)",1,97.1704707177036,16634
"(0.837707400507675, 1.0)",1,97.17032287087672,16635
"(0.8053381731676306, 1.0)",1,97.1702943982369,16636
"(0.9164187516971112, 0.9790755481078062)",1,97.1701525382697,16637
"(0.9300671002153482, 0.9861673414304992)",2,97.17009307818417,16639
"(0.8976982097186702, 1.0)",1,97.1700184964874,16640
"(0.8760238095238095, 0.9834399497824544)",2,97.16972640368115,16642
"(0.9177366931314298, 0.979166518665308)",1,97.16949917849502,16643
"(0.9154520780570968, 0.9748802746905214)",1,97.16948511284755,16644
"(0.8916052423523688, 0.9958292603453894)",1,97.16937295898796,16645
"(0.9161952650324744, 1.0)",1,97.16933894586968,16646
"(0.9069647153947764, 0.9821641828491142)",1,97.16933661226987,16647
"(0.7884092310206264, 0.9764666952752286)",1,97.16924961100216,16648
"(0.8222222222222222, 1.0)",1,97.16921384941983,16649
"(0.837707400507675, 1.0)",1,97.16869238680384,16650
"(0.828966378966379, 0.9861673414304992)",1,97.16845448107782,16651
"(0.9279680209218476, 0.987491854024112)",1,97.1683221549714,16652
"(0.9299507899507898, 1.0)",1,97.16803759954344,16653
"(0.927082576248316, 0.979166518665308)",1,97.16783701573377,16654
"(0.9497171590194848, 0.9833229101521784)",1,97.167444717702,16655
"(0.931200007971039, 0.9831907787552948)",1,97.16744276648228,16656
"(0.8390424521630195, 0.9861673414304992)",1,97.16736056436504,16657
"(0.9666666666666668, 0.9833229101521784)",2,97.16704230934164,16659
"(0.7340930674264006, 1.0)",1,97.166934236169,16660
"(0.8053381731676306, 1.0)",1,97.16678686580856,16661
"(0.8976982097186702, 1.0)",1,97.16664058328844,16662
"(0.6813936996863826, 0.9861673414304992)",1,97.16633619721338,16663
"(0.9365496267832196, 0.9916339869281046)",2,97.16605202312978,16665
"(0.7277677677677677, 1.0)",1,97.1654754284468,16666
"(0.8761383419447936, 0.9832184229069656)",1,97.1654063923924,16667
"(0.960666032023912, 0.9785714285714284)",2,97.16523765667657,16669
"(0.9161952650324744, 1.0)",1,97.1649247602318,16670
"(0.900838851006521, 0.9791102677630192)",1,97.16467646047076,16671
"(0.836047207956091, 0.988167361639188)",1,97.16436045882404,16672
"(0.8182746938899523, 0.9861673414304992)",1,97.16435315851824,16673
"(0.966586548597934, 0.9748802746905214)",1,97.1643238935319,16674
"(0.9436368312757202, 0.972281746031746)",1,97.16430059162266,16675
"(0.9833040078201368, 0.9916585206907788)",1,97.16392742088968,16676
"(0.9497171590194848, 0.9833229101521784)",2,97.16380141356552,16678
"(0.7574146783449108, 1.0)",1,97.16335771737312,16679
"(0.8518774267621343, 0.9650076460904662)",1,97.16333927107198,16680
"(0.7884092310206264, 0.9650076460904662)",1,97.1632613788632,16681
"(0.8726893261776982, 0.988167361639188)",1,97.16321147244126,16682
"(0.9189485013229876, 0.9785714285714284)",1,97.16311807907684,16683
"(0.970619176311776, 0.9873444118605408)",1,97.16292386715908,16684
"(0.9618291283060416, 0.9916625936787228)",1,97.16283652486828,16685
"(0.9282083232965586, 0.9873891625615764)",1,97.1624296550186,16686
"(0.6992775742775743, 0.9861673414304992)",1,97.16230082308934,16687
"(0.900838851006521, 0.966514261618626)",1,97.1618218020416,16688
"(0.8518774267621343, 0.9650076460904662)",1,97.1618018169849,16689
"(0.6825396825396824, 0.9833229101521784)",2,97.1614448055632,16691
"(0.943552974917135, 0.9714285714285714)",3,97.16122234007156,16694
"(0.9102539775554236, 0.9582136080238548)",1,97.16100694796042,16695
"(0.8631546198466533, 0.9764666952752286)",1,97.16077808572838,16696
"(0.7615072500907597, 0.9764666952752286)",1,97.16076077452186,16697
"(0.8931381861853628, 0.966546941357188)",1,97.16041327485432,16698
"(0.9332172991312776, 0.9876066164491212)",1,97.16030739518936,16699
"(0.9833229101521784, 1.0)",2,97.16015087449564,16701
"(0.5131569832583307, 1.0)",1,97.16003415267484,16702
"(0.7278086237149632, 1.0)",1,97.15985488354794,16703
"(0.9250222656674272, 0.9916585206907788)",1,97.15984347178484,16704
"(0.9032855633136024, 0.9861673414304992)",1,97.15968871270908,16705
"(0.932912106787064, 0.9785714285714284)",3,97.1594420113276,16708
"(0.9309563801089225, 0.972281746031746)",1,97.15943936266314,16709
"(0.9497171590194846, 1.0)",1,97.15862366758743,16710
"(0.7940388012109323, 0.9861673414304992)",1,97.1581079856222,16711
"(0.6526770767943084, 0.9861310021084456)",2,97.15789178638828,16713
"(0.9230468061350414, 0.979166518665308)",1,97.15744734575723,16714
"(0.943552974917135, 0.9749692931061258)",2,97.157273385731,16716
"(0.9184901612842788, 0.9748802746905214)",1,97.15689204733565,16717
"(0.828966378966379, 0.9861673414304992)",1,97.1565273531722,16718
"(0.7479743867590829, 1.0)",1,97.15558764312138,16719
"(0.9153439153439152, 1.0)",1,97.155204040955,16720
"(0.7962102115226081, 0.9766918866148322)",1,97.15517436506944,16721
"(0.8996392387758612, 0.9833040078201368)",2,97.1549733737466,16723
"(0.9230468061350414, 0.9834113430318364)",1,97.15482150589284,16724
"(0.8456272791248162, 0.9785714285714284)",1,97.1547624215352,16725
"(0.9166145507608924, 1.0)",1,97.15476013225016,16726
"(0.8524016298728943, 0.9832462877624168)",1,97.1542721238302,16727
"(0.7183489076634237, 0.986081059422206)",1,97.1541159565651,16728
"(0.9059042300766844, 0.988167361639188)",1,97.1537802838826,16729
"(0.9019709919709918, 0.9861310021084456)",1,97.15353981774678,16730
"(0.9444901834607716, 0.9861673414304992)",1,97.15350180799965,16731
"(0.8732774170274171, 0.986081059422206)",1,97.15344234112312,16732
"(0.8420013166556946, 1.0)",1,97.1532388050314,16733
"(0.9019709919709918, 0.972281746031746)",1,97.15319909252396,16734
"(0.9720813204508856, 1.0)",1,97.1531643037886,16735
"(0.8552744708994707, 0.9861673414304992)",1,97.15302510327348,16736
"(0.8748200797381125, 0.9861310021084456)",1,97.15282508322235,16737
"(0.7884092310206264, 0.9650076460904662)",2,97.1527932023572,16739
"(0.9833229101521784, 1.0)",2,97.15264067757514,16741
"(0.9098759089802734, 0.9832462877624168)",1,97.15255863218717,16742
"(0.8880748880748881, 0.972281746031746)",1,97.15254522677635,16743
"(0.9326599326599326, 0.9833229101521784)",2,97.15252317448306,16745
"(0.813515418166581, 0.9766918866148322)",1,97.15223578568454,16746
"(0.8997493734335841, 1.0)",1,97.15201857366348,16747
"(0.8112275321577646, 0.9764666952752286)",1,97.15092877254024,16748
"(0.8796475392220073, 1.0)",1,97.14954060667876,16749
"(0.944120583717358, 0.979166518665308)",1,97.14953172918882,16750
"(0.8695762175838077, 0.9882320356476616)",1,97.14926965391344,16751
"(0.861111111111111, 1.0)",1,97.14883733086153,16752
"(0.9369138996969484, 0.9958292603453894)",1,97.14863750959496,16753
"(0.9057330122004186, 0.991206314397104)",4,97.14855734227302,16757
"(0.9503122778456484, 0.9916585206907788)",1,97.14826186471028,16758
"(0.9436368312757202, 0.972281746031746)",1,97.14815287071896,16759
"(0.8315995778682346, 0.9861673414304992)",1,97.14789268855772,16760
"(0.9454999712494968, 0.9713771354093936)",2,97.14763786637624,16762
"(0.8880748880748881, 0.9861310021084456)",1,97.14762505602653,16763
"(0.9102539775554236, 0.9748802746905214)",1,97.14755733188792,16764
"(0.9160264866799612, 0.9861673414304992)",1,97.14735404440438,16765
"(0.9250222656674272, 0.9874877810361682)",1,97.14726001800304,16766
"(0.9666562434855118, 1.0)",1,97.1468992995309,16767
"(0.9102539775554236, 0.9707095350359106)",1,97.14684390345678,16768
"(1.0, 1.0)",1,97.14652385779084,16769
"(0.950175761409158, 0.9958292603453894)",1,97.14624387389354,16770
"(0.6804620726495727, 1.0)",1,97.14612849955957,16771
"(0.9582389563841176, 0.9598456271397448)",1,97.1447363477434,16772
"(0.987463247273494, 0.9668296497767151)",1,97.14462594212308,16773
"(0.9073492428586464, 0.9713574016563148)",3,97.14451753869784,16776
"(0.8490208544183524, 1.0)",1,97.14447246159426,16777
"(0.951892755797645, 0.9766918866148322)",1,97.14433797612202,16778
"(0.8148308968977662, 0.9861673414304992)",1,97.14424847288322,16779
"(0.8609273664420722, 0.972281746031746)",1,97.14409084627891,16780
"(0.4039045743444857, 1.0)",1,97.14404780306072,16781
"(0.9126251340467026, 0.9916585206907788)",1,97.14389779602362,16782
"(0.932201731346617, 0.9764666952752286)",1,97.143818680841,16783
"(0.9372650231764934, 0.9832462877624168)",2,97.14371100135368,16785
"(0.8976982097186702, 1.0)",1,97.14365985385622,16786
"(0.9331662489557224, 1.0)",1,97.1435194197711,16787
"(0.8065954953750508, 1.0)",1,97.14336383336106,16788
"(0.6698155645524068, 1.0)",1,97.14320764986958,16789
"(0.9665831244778612, 0.9833229101521784)",1,97.1428557554181,16790
"(0.8685314685314685, 0.9650076460904662)",1,97.14283211266104,16791
"(0.9833229101521784, 1.0)",1,97.14275139692684,16792
"(0.9499687304565352, 0.9833229101521784)",1,97.14272331106396,16793
"(0.8003813092161745, 0.9832462877624168)",1,97.14272189927664,16794
"(0.6992775742775743, 0.9861673414304992)",1,97.14222099128104,16795
"(0.80285509389987, 1.0)",1,97.14194490395532,16796
"(0.8653198653198653, 1.0)",1,97.14178397699906,16797
"(0.901575014782562, 1.0)",1,97.14144215728152,16798
"(0.9640038239043044, 0.9713574016563148)",1,97.14120221631244,16799
"(0.7729389061386163, 0.9766918866148322)",1,97.14114927640478,16800
"(0.8016677935542034, 0.9833229101521784)",1,97.14108265594176,16801
"(0.9029281534808432, 0.9861673414304992)",1,97.14102556876172,16802
"(0.9833040078201368, 0.9873444118605408)",2,97.14083620337472,16804
"(0.8958208965097509, 0.9916585206907788)",1,97.14062069602384,16805
"(0.8736897274633123, 1.0)",1,97.1401894930537,16806
"(0.8483418730488175, 0.987463247273494)",1,97.14018510051844,16807
"(0.765692887308966, 0.9861310021084456)",1,97.13997758177416,16808
"(0.9309563801089225, 0.972281746031746)",1,97.1396346767068,16809
"(0.9299160159815896, 0.9722222222222222)",1,97.13949468802856,16810
"(0.9279680209218476, 0.9916585206907788)",1,97.1392835070803,16811
"(0.9161952650324744, 1.0)",1,97.1389115073042,16812
"(0.6831352928913905, 1.0)",1,97.13889326805156,16813
"(0.9712822597033124, 0.9714285714285714)",3,97.1388424638855,16816
"(0.8300265307680562, 1.0)",2,97.1384949826679,16818
"(0.9282083232965586, 0.987463247273494)",1,97.13843481686509,16819
"(0.7664480222619757, 0.9650076460904662)",2,97.13835851213452,16821
"(0.9073492428586464, 0.9749692931061258)",3,97.13829111925084,16824
"(0.7884092310206264, 0.9764666952752286)",1,97.13827252595676,16825
"(0.9082523002684292, 0.9748802746905214)",1,97.13815707324068,16826
"(0.7824110326372048, 0.988167361639188)",1,97.13783783970042,16827
"(0.8916138279602192, 0.97502985598876)",1,97.1377608581236,16828
"(0.7404350561362756, 0.9861673414304992)",1,97.13726839285916,16829
"(0.8653198653198653, 0.9833229101521784)",1,97.1370497396438,16830
"(0.9153439153439156, 0.9833229101521784)",1,97.13702067909702,16831
"(0.4737094237094237, 0.9861673414304992)",1,97.137018002249,16832
"(0.944563492063492, 1.0)",1,97.136552119759,16833
"(1.0, 1.0)",1,97.13619929297178,16834
"(0.4737094237094237, 0.9861673414304992)",1,97.13612049143322,16835
"(0.8796475392220073, 1.0)",2,97.13574476012776,16837
"(0.751080181203132, 0.9861673414304992)",1,97.13570364615114,16838
"(0.8796475392220073, 1.0)",1,97.13562328182998,16839
"(0.4737094237094237, 0.9861673414304992)",1,97.13555116622976,16840
"(0.9615232921668722, 0.9747831253713606)",1,97.1354156114194,16841
"(0.6698155645524068, 1.0)",1,97.13471086956672,16842
"(0.9497171590194848, 0.9833229101521784)",1,97.13459697994888,16843
"(0.8755737752517938, 0.9832965806068272)",1,97.13405182222355,16844
"(0.9833229101521784, 1.0)",1,97.13392670399864,16845
"(0.8920217788143652, 0.966546941357188)",1,97.13353466048548,16846
"(0.8222222222222222, 1.0)",1,97.13334042696331,16847
"(0.8222222222222222, 1.0)",1,97.1332777311368,16848
"(0.9160264866799612, 0.9861673414304992)",1,97.13225523123404,16849
"(0.9326599326599326, 1.0)",1,97.13206392210496,16850
"(0.7532376017916352, 0.986081059422206)",1,97.131936355914,16851
"(0.6742198370105348, 1.0)",1,97.13172424768362,16852
"(0.8003813092161745, 0.9748802746905214)",1,97.13167087367144,16853
"(0.5125482777789916, 0.9722222222222222)",1,97.13162298651534,16854
"(0.901575014782562, 0.986081059422206)",1,97.13162175458396,16855
"(0.960666032023912, 0.967895529128406)",1,97.131515672508,16856
"(0.8148308968977662, 0.9861673414304992)",1,97.13151546790635,16857
"(0.9712822597033124, 0.9713574016563148)",1,97.13132521014276,16858
"(0.9244352123384382, 0.991777356103732)",1,97.13118214054828,16859
"(0.7725182451236846, 0.988167361639188)",1,97.1310311726835,16860
"(0.9259740526337398, 0.9713574016563148)",2,97.13081912716676,16862
"(0.9603476243044132, 0.9714285714285714)",1,97.13056788136264,16863
"(0.8813457860512559, 0.9748802746905214)",1,97.13050003616952,16864
"(0.8222222222222222, 1.0)",1,97.13023581207216,16865
"(0.6825396825396824, 1.0)",1,97.12994226266365,16866
"(0.8467532467532467, 1.0)",1,97.12992235321462,16867
"(0.9098759089802734, 0.9748802746905214)",1,97.1298919891628,16868
"(0.8432903075760217, 1.0)",1,97.12970328784536,16869
"(1.0, 1.0)",1,97.12964982910606,16870
"(0.9029270917406512, 0.972420634920635)",1,97.12932754537626,16871
"(0.9293300445873568, 0.9663373775707742)",1,97.12923102121076,16872
"(0.6813936996863826, 0.9861673414304992)",1,97.12912365631696,16873
"(0.7275593800322061, 0.9861673414304992)",1,97.12907576221949,16874
"(0.9061764476533613, 0.9832965806068272)",1,97.12895686693084,16875
"(0.6753328883574485, 0.9861310021084456)",1,97.1288791064231,16876
"(0.8247905643738976, 1.0)",1,97.1286629839974,16877
"(0.9110813074094206, 0.9766918866148322)",1,97.1284930500957,16878
"(0.9580602951397298, 0.9832184229069656)",1,97.12780970517989,16879
"(0.916104916104916, 1.0)",2,97.12776217733482,16881
"(0.8316498316498316, 1.0)",1,97.1272484290506,16882
"(0.8420013166556946, 1.0)",1,97.12676347632954,16883
"(0.7323695788812067, 0.988167361639188)",2,97.12675480065488,16885
"(0.90224161204236, 0.972045976510262)",1,97.12671035433256,16886
"(0.6813936996863826, 0.9861673414304992)",1,97.12629058865016,16887
"(0.9497171590194848, 1.0)",1,97.12609888605508,16888
"(0.9398731501057084, 0.9650076460904662)",1,97.1259793615902,16889
"(0.9227792207792208, 0.9714285714285714)",1,97.12561841180528,16890
"(0.8732774170274171, 0.986081059422206)",1,97.12560445996752,16891
"(0.930704099821747, 1.0)",1,97.12553318955892,16892
"(0.8148308968977662, 0.972281746031746)",1,97.12524588489232,16893
"(0.9497171590194846, 1.0)",1,97.12505180900853,16894
"(0.7183489076634237, 1.0)",1,97.12469092527562,16895
"(0.8318290279074593, 0.9861673414304992)",1,97.12444286197749,16896
"(0.8880748880748881, 0.9861310021084456)",1,97.12409597571872,16897
"(0.8796475392220073, 1.0)",1,97.1239580675626,16898
"(0.9372650231764934, 0.9706354503239932)",1,97.12384548344528,16899
"(0.7449564180930641, 1.0)",1,97.12374645372162,16900
"(0.9291998088543592, 0.9861673414304992)",1,97.1237453320278,16901
"(1.0, 1.0)",2,97.1236580392422,16903
"(0.8455704732698088, 0.972281746031746)",2,97.12360980632673,16905
"(0.960666032023912, 0.97502985598876)",1,97.12346950519,16906
"(0.943552974917135, 0.9678176625650188)",3,97.12321992572096,16909
"(0.8726893261776982, 0.9766918866148322)",1,97.1231714359553,16910
"(0.9299160159815896, 0.986081059422206)",1,97.12290682276216,16911
"(0.933096859926128, 1.0)",1,97.12275072837288,16912
"(0.7729389061386163, 0.9766918866148322)",1,97.12245935381094,16913
"(0.9331662489557224, 1.0)",1,97.12238005137574,16914
"(0.4039045743444857, 1.0)",1,97.12233230318496,16915
"(0.8887937668949022, 0.9748802746905214)",1,97.12206932639496,16916
"(0.8976982097186702, 1.0)",2,97.1220435182675,16918
"(0.8884797556713653, 0.966514261618626)",1,97.12194429405356,16919
"(0.7923306301473605, 0.9764666952752286)",2,97.12179367615836,16921
"(0.917469251615593, 1.0)",1,97.12149816848869,16922
"(0.6767580302172832, 0.972281746031746)",1,97.12129630769068,16923
"(0.8947046219773493, 0.9766918866148322)",1,97.12103908903872,16924
"(0.8814814814814814, 0.9833229101521784)",1,97.1208823765832,16925
"(0.8805377184744008, 0.9834113430318364)",1,97.12050758408049,16926
"(0.6870644599303137, 0.9581458989353726)",1,97.1204550744046,16927
"(0.9299160159815896, 1.0)",1,97.12029987797828,16928
"(0.9166145507608924, 1.0)",1,97.12021550453856,16929
"(0.7965746171391332, 1.0)",1,97.11927837662051,16930
"(0.8476190476190477, 1.0)",1,97.11924980667418,16931
"(0.8796475392220073, 1.0)",1,97.11886983983815,16932
"(0.8736897274633123, 1.0)",1,97.11844871626644,16933
"(1.0, 1.0)",1,97.11843711843711,16934
"(0.93773047895128, 0.9958292603453894)",1,97.11821894314863,16935
"(0.8374727668845315, 1.0)",1,97.1181770201236,16936
"(0.8976982097186702, 1.0)",2,97.11800507158726,16938
"(0.8016677935542034, 1.0)",1,97.11796941370268,16939
"(0.7340324228911184, 1.0)",1,97.11791396357027,16940
"(0.8329050741331443, 1.0)",1,97.1178001317826,16941
"(0.8222222222222222, 1.0)",2,97.11758302262147,16943
"(0.927082576248316, 0.9832925076188832)",1,97.11755233347748,16944
"(0.8880748880748881, 0.9861310021084456)",1,97.11747318630032,16945
"(0.8003813092161745, 0.9790693693461476)",2,97.1173917387293,16947
"(0.7453091184935634, 0.991206314397104)",4,97.11728668863024,16951
"(0.917849761232425, 1.0)",1,97.11718297240196,16952
"(0.917655049465296, 0.9958292603453894)",1,97.11715812239304,16953
"(0.7836974395113928, 0.988167361639188)",1,97.1168496313451,16954
"(0.9253213924599162, 0.9766918866148322)",1,97.11684542154708,16955
"(0.9162596992611264, 0.9861673414304992)",1,97.1167778707092,16956
"(0.9666299139401606, 0.9748802746905214)",1,97.11674811492009,16957
"(0.8916138279602192, 0.9785714285714284)",3,97.11666725097356,16960
"(0.7647742788871822, 1.0)",1,97.11663426510954,16961
"(0.960666032023912, 0.9714285714285714)",1,97.11654752685102,16962
"(0.7999088007295942, 0.988167361639188)",1,97.11597435613,16963
"(0.9833211143695014, 1.0)",1,97.11554833774872,16964
"(0.8455704732698088, 0.972281746031746)",1,97.11554555371151,16965
"(0.9712822597033124, 0.97502985598876)",3,97.11539434302384,16968
"(0.8222222222222222, 1.0)",1,97.11511366676515,16969
"(0.7323695788812067, 0.988167361639188)",2,97.11492296984368,16971
"(0.9764666952752286, 0.9643944553313464)",1,97.11467617616282,16972
"(0.8552744708994707, 0.9861673414304992)",1,97.11416713309788,16973
"(0.7323695788812067, 0.988167361639188)",1,97.11393717840896,16974
"(0.9166145507608924, 1.0)",1,97.11358137129083,16975
"(0.9640038239043044, 0.9714285714285714)",3,97.11341785996473,16978
"(0.8319340617212959, 1.0)",1,97.11312217797212,16979
"(0.917283950617284, 0.9861673414304992)",1,97.11282696917851,16980
"(0.9230627959463646, 0.9785714285714284)",1,97.11252730447956,16981
"(0.8879608405415911, 0.9766918866148322)",1,97.11216917944124,16982
"(0.8848000715856217, 1.0)",1,97.11200670040402,16983
"(0.9259740526337398, 0.9714285714285714)",3,97.11177977956308,16986
"(0.9166145507608924, 1.0)",1,97.11170864456012,16987
"(0.8016677935542034, 1.0)",1,97.11149977019394,16988
"(0.6992775742775743, 0.9861673414304992)",1,97.11133460208204,16989
"(0.8300265307680562, 1.0)",4,97.1112866015484,16993
"(0.9490213526488036, 0.9958292603453894)",1,97.11109624887123,16994
"(0.900838851006521, 0.9748802746905214)",1,97.1103928494378,16995
"(0.917469251615593, 1.0)",1,97.10962672256665,16996
"(0.9447665056360708, 0.972420634920635)",1,97.10940273797284,16997
"(0.836047207956091, 0.9766918866148322)",1,97.10936098743365,16998
"(0.9153439153439156, 1.0)",1,97.10917013015307,16999
"(0.9833229101521784, 1.0)",1,97.10910863536806,17000
"(0.8390424521630195, 0.9861673414304992)",1,97.108958246181,17001
"(0.8880748880748881, 0.972281746031746)",1,97.10826898999176,17002
"(0.8432903075760217, 1.0)",1,97.1082032866236,17003
"(0.9586562930696936, 0.9832184229069656)",1,97.10793795373117,17004
"(0.9791348015256934, 0.9916625936787228)",1,97.10771255852842,17005
"(0.9603476243044132, 0.9676485688615069)",1,97.1076618902008,17006
"(0.9369808292429718, 0.9958292603453894)",2,97.10743521043725,17008
"(0.9494594905410846, 0.9713574016563148)",1,97.10740568158738,17009
"(0.9153439153439152, 1.0)",1,97.10725114001836,17010
"(0.9501225071212966, 0.966546941357188)",1,97.1067215534851,17011
"(0.9234894220441888, 0.9622376474100612)",1,97.10660355869408,17012
"(0.9110813074094206, 0.9766918866148322)",2,97.1064941963824,17014
"(0.8843764852418178, 0.9766918866148322)",1,97.10637497439303,17015
"(0.9125533644430458, 0.9873891625615764)",1,97.10607934428542,17016
"(0.751080181203132, 0.9861673414304992)",2,97.10582642357772,17018
"(0.9418479305417444, 0.9766918866148322)",1,97.10564158139474,17019
"(0.9677353740627908, 0.9749692931061258)",1,97.1055862080763,17020
"(0.9784616947774842, 0.9749692931061258)",3,97.10557725336665,17023
"(1.0, 1.0)",1,97.10527898220433,17024
"(0.9833229101521784, 1.0)",1,97.10516562137477,17025
"(0.9003351064851267, 0.9641028246291404)",1,97.10512811485864,17026
"(0.9641028246291404, 0.9678176625650188)",1,97.10489436669192,17027
"(0.9497171590194846, 0.9833229101521784)",1,97.10488311579988,17028
"(0.8653198653198653, 1.0)",1,97.1048554395272,17029
"(0.8734313112361893, 0.9861673414304992)",1,97.10482834988191,17030
"(1.0, 1.0)",1,97.10467546761778,17031
"(0.831031066037186, 0.9766918866148322)",1,97.10425983271082,17032
"(0.9003556829643787, 1.0)",1,97.10422316396742,17033
"(0.9603476243044132, 0.9821209236472328)",6,97.1041663590673,17039
"(0.9833229101521784, 0.9833229101521784)",2,97.10398720869917,17041
"(0.8613656783468103, 1.0)",2,97.10388501491076,17043
"(0.9497171590194846, 0.9833229101521784)",1,97.10387418796168,17044
"(0.9833229101521784, 1.0)",2,97.10384038390951,17046
"(0.8848000715856217, 1.0)",1,97.10380823154566,17047
"(0.8518774267621343, 0.9650076460904662)",2,97.10378752396116,17049
"(0.8631918334993627, 0.9833229101521784)",2,97.10359765843612,17051
"(0.9326599326599326, 1.0)",1,97.10350666741904,17052
"(0.9150951439170806, 0.9834113430318364)",1,97.10336265154092,17053
"(0.9503122778456484, 0.9834113430318364)",1,97.1030891238397,17054
"(0.9666562434855118, 0.9833229101521784)",1,97.1029967586636,17055
"(0.9311507936507936, 0.9861673414304992)",1,97.10292904115067,17056
"(0.8887937668949022, 0.9748802746905214)",1,97.10274608305626,17057
"(0.9153439153439152, 1.0)",2,97.10250471588556,17059
"(0.5910680656443368, 1.0)",1,97.10250269446084,17060
"(0.8777335856148074, 0.9780434995701116)",1,97.10189282742716,17061
"(0.8877034517510707, 0.9861673414304992)",1,97.10181772427318,17062
"(0.813515418166581, 0.9766918866148322)",1,97.10174371836186,17063
"(0.901028965681318, 0.9650076460904662)",2,97.10167043893664,17065
"(0.8726893261776982, 0.9650076460904662)",1,97.10094621935022,17066
"(0.9162596992611264, 0.972420634920635)",1,97.10079687671217,17067
"(0.9539751547184644, 0.9790972342015986)",1,97.10077617291782,17068
"(0.9539751547184644, 0.9791102677630192)",1,97.10037382403624,17069
"(0.5145696010475885, 0.9861310021084456)",1,97.100239314429,17070
"(0.7083333333333334, 1.0)",2,97.09939074368876,17072
"(0.9497171590194848, 0.9833229101521784)",1,97.09932810458872,17073
"(0.9497171590194846, 1.0)",1,97.09876779195508,17074
"(0.9440529448756316, 0.9861673414304992)",1,97.09839676441614,17075
"(0.7348436174331348, 0.972281746031746)",1,97.09783353301675,17076
"(0.8734313112361893, 0.9861673414304992)",1,97.0977355473284,17077
"(0.7706774519716887, 0.9764666952752286)",1,97.09709736344666,17078
"(0.7962102115226081, 0.9766918866148322)",1,97.0969584446452,17079
"(0.8717520170461346, 0.9916585206907788)",1,97.09695576100492,17080
"(0.7212492118244873, 0.988167361639188)",1,97.09692388286048,17081
"(0.9744745723240348, 0.991777356103732)",1,97.09657755866186,17082
"(0.972420634920635, 0.9861673414304992)",4,97.09644361075426,17086
"(0.8315416458960965, 0.988167361639188)",1,97.09582903444536,17087
"(0.7708796965987909, 0.9861673414304992)",1,97.09582454273604,17088
"(0.8229870141950848, 0.9861310021084456)",1,97.09558107751084,17089
"(0.8751897860593512, 0.9861673414304992)",1,97.09556469809166,17090
"(0.9497171590194848, 0.9833229101521784)",2,97.09543816088689,17092
"(0.861111111111111, 1.0)",1,97.09490878416878,17093
"(0.9166145507608924, 1.0)",2,97.09483278756714,17095
"(0.8676532769556025, 1.0)",1,97.09449992287338,17096
"(0.9544229046996828, 0.9834113430318364)",1,97.09445181876475,17097
"(0.8997493734335841, 1.0)",2,97.09378610475322,17099
"(0.8589064384650125, 0.966546941357188)",1,97.09360308459412,17100
"(0.917415489944373, 1.0)",1,97.09351196255696,17101
"(0.8208353559736048, 0.9861673414304992)",1,97.0933942158565,17102
"(0.8449978636391381, 1.0)",1,97.0933173122054,17103
"(0.771686936872398, 0.9766918866148322)",1,97.09291494891026,17104
"(0.7856964763329513, 0.9861673414304992)",1,97.09289827851772,17105
"(0.4860837462761431, 1.0)",1,97.09288067419786,17106
"(0.7323695788812067, 0.9766918866148322)",1,97.09277587853217,17107
"(0.9832184229069656, 0.9788316985202414)",1,97.092693173536,17108
"(0.9436368312757202, 0.972281746031746)",1,97.09253779834536,17109
"(0.8432786157941438, 0.972281746031746)",1,97.09253031415592,17110
"(0.9228120179844318, 0.9707754010695188)",2,97.09221284629068,17112
"(0.8518774267621343, 0.9650076460904662)",2,97.09210328343678,17114
"(0.958095238095238, 0.9958292603453894)",1,97.09203430620468,17115
"(0.771686936872398, 0.9766918866148322)",1,97.09162170592585,17116
"(0.9098759089802734, 0.9748802746905214)",1,97.09149100787444,17117
"(0.961552316099405, 0.9796499948224086)",1,97.09128051189134,17118
"(0.9326599326599326, 0.9833229101521784)",1,97.09110952756662,17119
"(0.8694224991654613, 0.9766918866148322)",1,97.09102377076304,17120
"(0.9581203836912794, 0.974926494546988)",1,97.09102338555014,17121
"(0.8329050741331443, 1.0)",1,97.09093008963224,17122
"(0.8420013166556946, 1.0)",1,97.0905885174951,17123
"(0.7615072500907597, 0.9764666952752286)",1,97.09028299043293,17124
"(0.901575014782562, 0.986081059422206)",2,97.09018039407032,17126
"(0.7708796965987909, 0.9861673414304992)",2,97.09016271006516,17128
"(0.901028965681318, 0.9650076460904662)",2,97.08998619841228,17130
"(0.831031066037186, 0.988167361639188)",1,97.08986499528557,17131
"(0.8288781777971894, 0.9861673414304992)",1,97.08911741735665,17132
"(0.73687720936437, 1.0)",1,97.08901239042208,17133
"(0.861111111111111, 1.0)",1,97.08880217095856,17134
"(0.8651903651903651, 1.0)",1,97.0887271290014,17135
"(0.8586166985951469, 0.9861673414304992)",1,97.08845134862534,17136
"(0.9418479305417444, 0.988167361639188)",1,97.08841176592227,17137
"(0.9017715617715616, 0.9861673414304992)",1,97.08831119841156,17138
"(0.9098759089802734, 0.9665354642885232)",1,97.08807841171934,17139
"(0.80285509389987, 1.0)",2,97.08778607991933,17141
"(0.842200034135518, 0.9785714285714284)",2,97.08761318684093,17143
"(0.6825396825396824, 1.0)",1,97.08754997876838,17144
"(0.7204751921733054, 1.0)",1,97.08740761407682,17145
"(1.0, 1.0)",1,97.08733791435392,17146
"(0.6521663785997688, 1.0)",1,97.08718897262176,17147
"(0.812557599070401, 1.0)",2,97.08679939780228,17149
"(0.8432903075760217, 1.0)",1,97.08678666254043,17150
"(0.8840455840455841, 1.0)",1,97.08647112963834,17151
"(0.8053381731676306, 0.986081059422206)",1,97.08627122259117,17152
"(0.8420013166556947, 1.0)",1,97.08626108944966,17153
"(0.9297326845255915, 0.979166518665308)",1,97.08600238783885,17154
"(0.9069146290816338, 0.9832462877624168)",1,97.0858546190269,17155
"(0.8586166985951469, 0.9861673414304992)",1,97.0858419651192,17156
"(0.8487869319267668, 0.972281746031746)",1,97.0856714317573,17157
"(0.978621888315766, 0.9676485688615069)",1,97.08526614023364,17158
"(0.966586548597934, 0.9748802746905214)",1,97.08490988632714,17159
"(0.9161952650324744, 1.0)",1,97.08455169256332,17160
"(0.9580331374974232, 1.0)",1,97.08406748546078,17161
"(0.4860837462761431, 1.0)",1,97.08352201432372,17162
"(0.9098759089802734, 0.9582136080238548)",1,97.08329393823526,17163
"(0.813515418166581, 0.988167361639188)",1,97.08316343199334,17164
"(0.9571428571428572, 0.9678176625650188)",3,97.08307557335496,17167
"(0.9326599326599326, 1.0)",2,97.08304987889127,17169
"(0.8315995778682346, 0.9861673414304992)",1,97.08297287581624,17170
"(0.8586166985951469, 0.9861673414304992)",1,97.08295636942776,17171
"(0.9301209372637944, 0.9861310021084456)",1,97.08294362831404,17172
"(0.9153127183787562, 0.9861673414304992)",2,97.08293438269844,17174
"(0.911234030893585, 0.97502985598876)",1,97.08287914468644,17175
"(0.8222222222222222, 1.0)",1,97.0828132322923,17176
"(0.8572048611111112, 0.9861673414304992)",1,97.0828003285633,17177
"(0.8976982097186702, 0.9833229101521784)",1,97.08256924090811,17178
"(0.7916666666666666, 1.0)",1,97.08231182505318,17179
"(0.9198255060602112, 0.9958292603453894)",2,97.08200846755618,17181
"(0.9436368312757202, 0.9861673414304992)",1,97.08188025830806,17182
"(0.978932178932179, 0.9831777451938742)",1,97.0813591156378,17183
"(0.9623978877963698, 0.987491854024112)",1,97.08110169954662,17184
"(0.9833229101521784, 0.9833229101521784)",1,97.08091799661196,17185
"(0.9301209372637944, 0.9722222222222222)",1,97.0807233620937,17186
"(0.950508044522963, 0.9832462877624168)",1,97.08041909932696,17187
"(0.8747625830959164, 0.9861673414304992)",1,97.08033868995848,17188
"(0.6992775742775743, 0.9861310021084456)",2,97.08016600124876,17190
"(0.903667392883079, 1.0)",1,97.0800352291945,17191
"(0.6767580302172832, 0.972281746031746)",1,97.07986438529984,17192
"(0.9028964862298196, 0.972420634920635)",1,97.07984443098007,17193
"(0.8322510822510822, 0.9861673414304992)",1,97.07960919739068,17194
"(0.8249504969211211, 0.988167361639188)",1,97.0794245197736,17195
"(0.9250222656674272, 0.9916585206907788)",1,97.07900254022874,17196
"(0.911234030893585, 0.9749692931061258)",2,97.07872841235869,17198
"(0.8743078626799556, 0.9861310021084456)",1,97.07850204436676,17199
"(0.9205517358458536, 0.9832184229069656)",1,97.0784791087485,17200
"(0.9833229101521784, 0.9833229101521784)",1,97.07844575218763,17201
"(0.8467532467532467, 1.0)",2,97.07820139633466,17203
"(0.6526770767943084, 0.9861673414304992)",1,97.07797068828096,17204
"(0.8635976129582268, 1.0)",1,97.07795876840947,17205
"(0.8976982097186702, 1.0)",1,97.07782956345848,17206
"(0.9297326845255915, 0.9832184229069656)",1,97.07780427770524,17207
"(1.0, 1.0)",1,97.07737614855978,17208
"(0.7833537331701346, 0.988167361639188)",1,97.07728926745618,17209
"(0.9503122778456484, 0.979166518665308)",1,97.07711319764655,17210
"(0.987463247273494, 0.9750885196046488)",1,97.07674950581344,17211
"(0.9372650231764934, 0.9748802746905214)",1,97.07659716598938,17212
"(0.7665484369555701, 0.9764666952752286)",1,97.07631714276654,17213
"(0.7664480222619757, 0.9766918866148322)",2,97.07627176291057,17215
"(0.8543547774492897, 0.9861673414304992)",1,97.076080864785,17216
"(0.9098759089802734, 0.9790755481078064)",1,97.07591605226357,17217
"(0.8300265307680562, 1.0)",1,97.07591433242445,17218
"(0.9372650231764934, 0.9623007339136372)",2,97.07585665697194,17220
"(0.842200034135518, 0.9749692931061258)",1,97.07517002010292,17221
"(0.4737094237094237, 0.9861673414304992)",2,97.07503249796144,17223
"(0.8586166985951469, 0.9861673414304992)",2,97.0742780220792,17225
"(0.932201731346617, 0.9650076460904662)",1,97.07398943933826,17226
"(0.966586548597934, 0.9707095350359106)",1,97.07393018401928,17227
"(0.9502288074111276, 0.9751409401578528)",1,97.07381285365284,17228
"(0.917469251615593, 1.0)",1,97.0736589490851,17229
"(0.8847822547822548, 0.9861673414304992)",1,97.0734110995517,17230
"(0.8804215399610136, 0.991206314397104)",4,97.07333584415277,17234
"(0.9301209372637944, 0.9861310021084456)",1,97.07329068536924,17235
"(0.9372650231764934, 0.9749019607843136)",1,97.07323038601751,17236
"(0.9833229101521784, 0.9833229101521784)",1,97.07321600942316,17237
"(0.8733799478600891, 0.987491854024112)",1,97.07317740243442,17238
"(0.8586166985951469, 0.9861673414304992)",1,97.07304677720084,17239
"(0.8805377184744008, 0.9832184229069656)",1,97.07263117233744,17240
"(0.8507442506184189, 0.979166518665308)",1,97.07219858187077,17241
"(0.7164894725870335, 1.0)",1,97.07206985208096,17242
"(0.9309821833269412, 0.9766918866148322)",1,97.0720389271442,17243
"(0.8920217788143652, 0.9748802746905214)",1,97.07199992071769,17244
"(0.933096859926128, 0.9833229101521784)",1,97.07170971593916,17245
"(0.9164187516971112, 0.9662636348120218)",2,97.0716992410104,17247
"(0.3907368421052631, 0.9764510238685274)",1,97.07156233360476,17248
"(0.8751897860593512, 0.9861673414304992)",1,97.07145175410298,17249
"(0.9110813074094206, 0.9650076460904662)",2,97.07144147480932,17251
"(0.8751897860593512, 0.9861673414304992)",1,97.07129235225683,17252
"(0.8518774267621343, 0.9764666952752286)",1,97.07056121687388,17253
"(0.8980858408005299, 0.988167361639188)",1,97.07028324962344,17254
"(0.8490208544183524, 0.972281746031746)",1,97.07018083548164,17255
"(0.8148308968977662, 0.9861673414304992)",1,97.07009816305792,17256
"(0.9452474337657768, 0.9748802746905214)",1,97.06982515485711,17257
"(0.73687720936437, 1.0)",1,97.06966266672498,17258
"(0.972281746031746, 0.9861673414304992)",1,97.06961571660882,17259
"(0.816195709052852, 1.0)",1,97.069343396334,17260
"(0.960666032023912, 0.9714285714285714)",1,97.06903436132008,17261
"(0.9223799456357596, 0.9764666952752286)",1,97.06877205544244,17262
"(0.93795454842108, 0.987463247273494)",1,97.06876987133106,17263
"(0.8871082621082622, 0.972281746031746)",1,97.06810354981631,17264
"(0.7280584513944579, 0.9861673414304992)",1,97.06792586410188,17265
"(0.9452474337657768, 0.9707095350359106)",1,97.0678790597697,17266
"(0.8840048840048841, 1.0)",1,97.06786743487936,17267
"(0.9712822597033124, 0.97502985598876)",3,97.06745086088918,17270
"(0.9026337658413128, 0.9861673414304992)",1,97.06709739652004,17271
"(0.911234030893585, 0.9785714285714284)",1,97.0669461743527,17272
"(0.7962102115226081, 0.988167361639188)",1,97.06692396507358,17273
"(0.8796475392220073, 1.0)",1,97.06680401418336,17274
"(0.8533622685185187, 0.9861673414304992)",2,97.066760144633,17276
"(0.831031066037186, 0.9766918866148322)",2,97.0667535426955,17278
"(0.9665831244778612, 1.0)",1,97.06621942755174,17279
"(0.9436368312757202, 0.972281746031746)",2,97.06620255030164,17281
"(0.9034438470728792, 0.9916666666666668)",1,97.06568944153318,17282
"(0.8871966240387292, 0.9861673414304992)",1,97.0655936792214,17283
"(0.6215073982652175, 0.9882048106149588)",1,97.06543618171176,17284
"(0.8329050741331443, 1.0)",1,97.06528623054936,17285
"(0.900838851006521, 0.9790755481078062)",1,97.06512559681336,17286
"(0.838301471154743, 0.972045976510262)",1,97.06444836721148,17287
"(0.8937718863178524, 0.9916585206907788)",2,97.06435642266024,17289
"(0.9293300445873568, 0.9916585206907788)",1,97.06395783206268,17290
"(0.4039045743444857, 1.0)",1,97.06392543328025,17291
"(0.9326599326599326, 1.0)",1,97.0639096444063,17292
"(0.9791299139401608, 0.9747838672665275)",1,97.06382417400982,17293
"(0.9412957478808424, 0.9832184229069656)",1,97.0627572385936,17294
"(0.7090909090909091, 1.0)",1,97.06274407191104,17295
"(0.8867361313822293, 0.9958292603453894)",1,97.06268620949037,17296
"(0.966586548597934, 0.9707225685973314)",1,97.06261331407362,17297
"(0.8148308968977662, 0.9861673414304992)",1,97.062251791041,17298
"(0.9712822597033124, 0.9678176625650188)",1,97.06186712658348,17299
"(0.8761383419447936, 0.987495927012056)",1,97.0616830296178,17300
"(0.8751418857787044, 0.979166518665308)",1,97.06123407691862,17301
"(0.8183569364584247, 0.9861673414304992)",1,97.06061253556146,17302
"(0.8456272791248162, 0.9749692931061258)",1,97.06038065178043,17303
"(0.9649790647893116, 0.9376740353670792)",1,97.06020232841348,17304
"(0.9460547122074636, 0.9787956645563136)",1,97.05963209790828,17305
"(0.8743078626799556, 0.9861310021084456)",1,97.0594824717376,17306
"(0.8796475392220073, 1.0)",1,97.05943692045118,17307
"(0.9027777777777778, 1.0)",1,97.05941425176805,17308
"(0.9531381014506703, 0.97502985598876)",3,97.05935062588723,17311
"(0.7164894725870335, 1.0)",1,97.05932654268206,17312
"(0.8790212083344412, 0.9749692931061258)",1,97.05928059536409,17313
"(0.9169719169719168, 1.0)",1,97.05922554620972,17314
"(0.9499687304565352, 0.9833229101521784)",2,97.05909550535496,17316
"(0.8229870141950848, 1.0)",4,97.05906353776952,17320
"(0.9502288074111276, 0.9787142857142856)",1,97.05828985383975,17321
"(0.9609386607489072, 0.9873891625615764)",1,97.05823034047636,17322
"(0.9326599326599326, 0.9833229101521784)",1,97.05806784637076,17323
"(0.987463247273494, 0.9790231494896808)",1,97.0580670871618,17324
"(0.8871082621082622, 0.972281746031746)",1,97.0580285908596,17325
"(0.7632275132275131, 1.0)",2,97.05794555353096,17327
"(0.9253213924599162, 0.9766918866148322)",1,97.05754903800138,17328
"(0.8967778972053937, 0.9764666952752286)",1,97.0573907496338,17329
"(0.9665831244778612, 1.0)",1,97.05734210267188,17330
"(0.8881475667189953, 0.9861673414304992)",1,97.05664532747666,17331
"(0.751080181203132, 0.9861673414304992)",1,97.0565926087319,17332
"(0.9384174012481092, 0.9876221896383188)",1,97.05657625148145,17333
"(0.9326599326599326, 1.0)",1,97.05645575768844,17334
"(0.8137865219658889, 1.0)",1,97.05641435337644,17335
"(0.7084717607973421, 0.9650076460904662)",1,97.05633801979428,17336
"(0.9309563801089225, 1.0)",1,97.05632437878108,17337
"(0.905473433544398, 0.9748802746905214)",1,97.05582270620042,17338
"(0.9295946890286512, 1.0)",1,97.05546327420164,17339
"(0.7994987468671678, 0.9833229101521784)",1,97.05546302727848,17340
"(0.8312205288949474, 0.9882048106149588)",1,97.05504641874178,17341
"(0.966586548597934, 0.9791332681655264)",1,97.055001786804,17342
"(0.7999088007295942, 0.9764666952752286)",1,97.05498858532704,17343
"(0.8813457860512559, 0.9707095350359106)",1,97.05480648731368,17344
"(0.9640038239043044, 0.97502985598876)",2,97.05480202355392,17346
"(0.8579868984630887, 0.9861673414304992)",1,97.0542383580017,17347
"(0.9666562434855118, 1.0)",1,97.05389550059346,17348
"(0.8717520170461346, 0.9916585206907788)",1,97.05378977434668,17349
"(0.9365069868128822, 0.9831818181818182)",1,97.05358862300224,17350
"(0.8229870141950848, 0.972281746031746)",1,97.0533520839659,17351
"(0.9153127183787562, 0.9861673414304992)",1,97.0532593626926,17352
"(1.0, 1.0)",1,97.05322135093874,17353
"(0.7340930674264007, 1.0)",1,97.05291838949186,17354
"(0.8852161738351254, 0.9861310021084456)",1,97.05266240139228,17355
"(0.9018806250259218, 1.0)",1,97.05244332578128,17356
"(0.9030369290573372, 0.9713574016563148)",1,97.05237482613516,17357
"(0.4737094237094237, 0.9861673414304992)",1,97.0523370175548,17358
"(0.9680383516315252, 0.9712822597033124)",6,97.05229489602216,17364
"(0.9282083232965586, 0.9833211143695014)",1,97.05222699405115,17365
"(0.9412964149491664, 0.983545503234046)",2,97.05198319537442,17367
"(0.8609273664420722, 0.972281746031746)",1,97.05159001991724,17368
"(0.9164187516971112, 0.9790231494896808)",1,97.0512650255215,17369
"(0.8467467233807103, 0.9861673414304992)",1,97.05069940686352,17370
"(0.828966378966379, 0.9861673414304992)",1,97.05066058175768,17371
"(0.8762860082304527, 1.0)",1,97.0505668617037,17372
"(0.8796475392220073, 1.0)",1,97.05056567850912,17373
"(0.9300671002153482, 1.0)",2,97.05032064322238,17375
"(0.9153127183787562, 0.9861673414304992)",1,97.05019703449489,17376
"(0.9029281534808432, 0.9861673414304992)",1,97.04991743022242,17377
"(0.7708796965987909, 0.9861673414304992)",1,97.04987499521826,17378
"(0.8796475392220073, 1.0)",1,97.04951791568882,17379
"(0.8631546198466533, 0.9766918866148322)",1,97.04901439387244,17380
"(0.9643944553313464, 0.9764666952752286)",1,97.04882779890193,17381
"(0.927082576248316, 0.9832925076188832)",1,97.04827567811756,17382
"(0.7532376017916352, 1.0)",2,97.0481926538194,17384
"(0.8748200797381125, 0.9861310021084456)",1,97.0481641745248,17385
"(0.8871082621082622, 0.972281746031746)",1,97.04794924665708,17386
"(0.808446455505279, 1.0)",2,97.0473982839045,17388
"(0.6749447402728794, 0.9861310021084456)",1,97.04717705564713,17389
"(0.94101763751309, 0.9748802746905214)",1,97.04692344649332,17390
"(0.927082576248316, 0.979166518665308)",1,97.04646478028258,17391
"(0.8976982097186702, 0.9833229101521784)",2,97.04646039711326,17393
"(0.9061764476533613, 0.9834113430318364)",2,97.04631967955338,17395
"(0.903667392883079, 1.0)",2,97.046008566683,17397
"(0.901028965681318, 0.9650076460904662)",1,97.04588149002494,17398
"(0.8685314685314685, 0.9650076460904662)",2,97.04585613793446,17400
"(0.900838851006521, 0.9707095350359108)",1,97.04577870552926,17401
"(0.8316498316498316, 1.0)",1,97.04527504097015,17402
"(0.8148308968977662, 0.9861673414304992)",1,97.04511878827606,17403
"(0.971023600055858, 0.987463247273494)",1,97.04480100440963,17404
"(0.9497171590194846, 1.0)",1,97.04477306415924,17405
"(0.9640038239043044, 0.9713574016563148)",1,97.04457031719171,17406
"(0.771686936872398, 0.9650076460904662)",1,97.0444343611492,17407
"(0.8880748880748881, 0.972281746031746)",1,97.0442980761153,17408
"(0.8859424165932371, 0.9748524098350704)",1,97.04410722167862,17409
"(0.9503122778456484, 0.987463247273494)",1,97.0438621099545,17410
"(0.9102539775554236, 0.9626036866359446)",1,97.0437155935492,17411
"(0.9308697752778572, 0.9676485688615069)",1,97.04356783131394,17412
"(0.7772049591964847, 0.9861673414304992)",1,97.04331665877804,17413
"(0.9079075500409146, 0.9916585206907788)",1,97.0431477162127,17414
"(0.9000617225831424, 0.9833229101521784)",1,97.04231180975312,17415
"(0.9279680209218476, 0.9916585206907788)",1,97.04223509953302,17416
"(0.9666666666666668, 0.9833229101521784)",2,97.04216068225716,17418
"(0.9427148033126296, 0.9751409401578528)",3,97.04214429425625,17421
"(0.905473433544398, 0.966546941357188)",1,97.04212379245683,17422
"(0.9164187516971112, 0.9832462877624168)",2,97.04205828869044,17424
"(0.9429917021753756, 0.9641028246291404)",1,97.04196803917914,17425
"(0.8884797556713653, 0.9791299139401608)",1,97.04171727068552,17426
"(0.8016677935542034, 1.0)",1,97.04139954136578,17427
"(0.8748200797381125, 0.9722222222222222)",1,97.04136834097211,17428
"(0.8586166985951469, 0.9861673414304992)",1,97.04131172136655,17429
"(0.8003813092161745, 0.987463247273494)",1,97.04089209038833,17430
"(0.6760835913312693, 1.0)",1,97.0408174263722,17431
"(0.7344692811916678, 0.9861673414304992)",1,97.04016815655558,17432
"(0.8372053872053872, 1.0)",1,97.039972306335,17433
"(0.944073617452092, 1.0)",1,97.0398709266792,17434
"(0.8101143854687974, 0.986081059422206)",1,97.0395298900399,17435
"(0.8249504969211211, 0.988167361639188)",2,97.03867787361445,17437
"(0.7340930674264006, 1.0)",2,97.03855931511536,17439
"(0.9253213924599162, 0.9764666952752286)",1,97.03854743499244,17440
"(0.9155669599217986, 0.9722222222222222)",1,97.03848914365436,17441
"(0.5290733844468785, 0.9900003125488358)",1,97.03838001923566,17442
"(0.8208353559736048, 0.9861673414304992)",1,97.038024850036,17443
"(0.940928587432546, 0.9832925076188832)",2,97.03758375119362,17445
"(0.8871082621082622, 0.972281746031746)",1,97.03751394759676,17446
"(0.8726893261776982, 0.988167361639188)",2,97.03744307060695,17448
"(0.828966378966379, 0.9861673414304992)",1,97.03724789226864,17449
"(1.0, 1.0)",1,97.03699614518398,17450
"(0.9833211143695014, 0.9958292603453894)",1,97.03684387990504,17451
"(0.9422394177612392, 0.9676485688615069)",1,97.03658586082663,17452
"(0.8416827657517105, 0.9861310021084456)",1,97.03649771024858,17453
"(0.9436368312757202, 0.9861310021084456)",1,97.0362941953907,17454
"(0.8003813092161745, 0.9832965806068272)",1,97.03613971955764,17455
"(0.9665831244778612, 1.0)",2,97.03580788507168,17457
"(0.902898027898028, 0.9861310021084456)",1,97.03554848673116,17458
"(0.8796475392220073, 1.0)",1,97.03540588775655,17459
"(0.8395301149279116, 0.9643944553313464)",1,97.03539424354136,17460
"(0.7884092310206264, 0.9766918866148322)",1,97.03485914204414,17461
"(0.9000617225831424, 0.9833229101521784)",1,97.03475340796496,17462
"(0.9154520780570968, 0.9791102677630192)",1,97.03464698161972,17463
"(0.9372650231764934, 0.9748802746905214)",1,97.03456826996894,17464
"(0.7090909090909091, 1.0)",1,97.03447452801588,17465
"(0.7458851447555765, 0.9764666952752286)",1,97.03442362743984,17466
"(0.8796475392220073, 1.0)",1,97.034327158034,17467
"(0.939055706563049, 0.9716751084525852)",3,97.0341932041278,17470
"(0.9873444118605408, 0.983545503234046)",1,97.0339539386419,17471
"(0.9259740526337398, 0.9785714285714284)",2,97.03371989782444,17473
"(0.6747507742934573, 1.0)",1,97.03346352933274,17474
"(0.8796475392220073, 1.0)",1,97.03343300666111,17475
"(0.8676532769556025, 1.0)",1,97.0332854241743,17476
"(0.738145558145558, 1.0)",3,97.03321196585668,17479
"(0.8796475392220073, 1.0)",2,97.03310369040548,17481
"(0.8468951683237397, 1.0)",1,97.03292107672073,17482
"(0.8726893261776982, 0.988167361639188)",1,97.03291687226414,17483
"(0.9628689175769612, 0.9749910873440284)",1,97.03291197769651,17484
"(0.940928587432546, 0.9788980434141724)",1,97.03233733729974,17485
"(0.9223799456357596, 0.9764666952752286)",1,97.03231505856532,17486
"(0.9833229101521784, 1.0)",1,97.03214873748566,17487
"(0.917283950617284, 0.972420634920635)",1,97.03200973215804,17488
"(0.8733799478600891, 0.9791373411534702)",1,97.03181102794406,17489
"(0.826014261810135, 0.9861673414304992)",1,97.03177146550976,17490
"(0.9916585206907788, 0.9916625936787228)",1,97.03136382330688,17491
"(0.9640038239043044, 0.9712822597033124)",2,97.0312363755152,17493
"(0.8832603710652491, 1.0)",1,97.03120388213438,17494
"(0.7340930674264007, 1.0)",1,97.0311052721257,17495
"(0.9422394177612392, 0.978518051242236)",1,97.03110502521204,17496
"(0.8743078626799556, 0.9861310021084456)",1,97.03099940831572,17497
"(0.5145696010475885, 0.9861310021084456)",1,97.03072648320564,17498
"(0.8970129352925051, 0.9876066164491212)",1,97.0302288351565,17499
"(0.9309821833269412, 0.9764666952752286)",1,97.03017099853808,17500
"(0.9603476243044132, 0.9786694888904832)",1,97.03013188713793,17501
"(0.8633407843934159, 0.9736842105263158)",1,97.02960011582384,17502
"(0.8310777799491891, 1.0)",1,97.0294729328814,17503
"(0.9749706744868036, 0.9915151515151516)",1,97.02935544748873,17504
"(0.9166145507608924, 0.9833229101521784)",1,97.02870735983583,17505
"(0.9026337658413128, 0.9861673414304992)",1,97.02863089388715,17506
"(0.9177366931314298, 0.9832184229069656)",1,97.02861711500952,17507
"(0.8208353559736048, 0.972045976510262)",1,97.02834463198346,17508
"(0.617513611615245, 1.0)",2,97.0278470854016,17510
"(0.8887202421952387, 1.0)",1,97.027827768585,17511
"(0.9028964862298196, 0.9585145265646386)",1,97.02776681646228,17512
"(0.7280584513944579, 0.9861673414304992)",1,97.0274408741178,17513
"(0.8613656783468103, 1.0)",1,97.0274309845432,17514
"(0.9146901709401708, 0.972281746031746)",1,97.0272638429822,17515
"(0.9110813074094206, 0.9650076460904662)",1,97.02725247292106,17516
"(0.9454999712494968, 0.9876066164491212)",1,97.02709791788983,17517
"(0.9791258409522168, 0.9916585206907788)",1,97.0268506959586,17518
"(0.9310483384791604, 0.972420634920635)",1,97.0267376031066,17519
"(0.9244352123384382, 0.9792651371399)",1,97.02638810690506,17520
"(0.9641028246291404, 0.9677353740627908)",1,97.02634568816693,17521
"(0.7952215608465608, 0.972281746031746)",1,97.02627191854904,17522
"(0.8726893261776982, 0.988167361639188)",2,97.0259675955826,17524
"(0.8586166985951469, 0.9861673414304992)",1,97.02596351381662,17525
"(0.8222222222222222, 1.0)",1,97.02584859569777,17526
"(0.8726893261776982, 0.9764666952752286)",1,97.02552847626768,17527
"(0.9125533644430458, 0.983545503234046)",2,97.02549587405528,17529
"(0.4737094237094237, 0.9861673414304992)",1,97.0253086334002,17530
"(0.7601164382773579, 1.0)",1,97.02527417933956,17531
"(0.73687720936437, 1.0)",1,97.02501814501956,17532
"(0.8308201058201059, 0.9861310021084456)",1,97.0249936216112,17533
"(0.9666666666666668, 0.9833229101521784)",1,97.02472611318127,17534
"(0.9058747619658436, 0.9916585206907788)",2,97.02447930432804,17536
"(0.91326516498939, 0.9958292603453894)",2,97.02434161473136,17538
"(0.901028965681318, 0.9764666952752286)",1,97.02408114940684,17539
"(0.5131569832583307, 1.0)",1,97.02405747222716,17540
"(0.9028964862298196, 0.9861673414304992)",2,97.02395347560214,17542
"(0.927109440267335, 0.9751409401578528)",3,97.02380781498812,17545
"(0.8796475392220073, 1.0)",1,97.02373469264543,17546
"(0.8547756205106323, 0.9764666952752286)",1,97.02367856273224,17547
"(0.8358530587380517, 0.979166518665308)",1,97.02361874823792,17548
"(0.9311507936507936, 0.9861673414304992)",1,97.0233895895066,17549
"(0.8622520112492773, 0.9748802746905214)",1,97.0233419686809,17550
"(0.8715701474388204, 0.972281746031746)",1,97.023087035436,17551
"(0.9153439153439156, 0.9833229101521784)",1,97.02301084232305,17552
"(0.893146638589877, 1.0)",1,97.02253873928952,17553
"(0.9791258409522168, 0.9832184229069656)",1,97.02204603978632,17554
"(0.9026337658413128, 0.9861673414304992)",1,97.02194709143598,17555
"(0.9460547122074636, 0.9707095350359106)",1,97.02189077389966,17556
"(0.8340799485585682, 0.9764666952752286)",1,97.02171563599651,17557
"(0.6804620726495727, 1.0)",1,97.0216679425701,17558
"(0.7084717607973421, 0.9650076460904662)",1,97.02151058013908,17559
"(0.8613656783468103, 1.0)",1,97.02117517981104,17560
"(0.9075545189097284, 0.979166518665308)",1,97.02092312327622,17561
"(0.7903875985986362, 1.0)",1,97.02082986868211,17562
"(0.9333333333333332, 1.0)",1,97.02042890545154,17563
"(0.8848000715856217, 0.9861673414304992)",1,97.02024252808316,17564
"(1.0, 0.9833229101521784)",1,97.02023806879082,17565
"(0.8916052423523688, 0.9916339869281046)",1,97.0199612906246,17566
"(0.9874877810361682, 0.987463247273494)",1,97.01995276832923,17567
"(0.8016677935542034, 1.0)",2,97.01968272419614,17569
"(0.9162596992611264, 0.9861673414304992)",1,97.01960103386332,17570
"(0.901028965681318, 0.9764666952752286)",1,97.01953345559345,17571
"(0.6611718926579557, 0.9861310021084456)",1,97.01934224361696,17572
"(0.8715701474388204, 0.9861310021084456)",2,97.01896873538784,17574
"(0.8734313112361893, 0.9861673414304992)",1,97.01860887993868,17575
"(0.9102539775554236, 0.9623680557266894)",2,97.01856751386752,17577
"(0.932230823034112, 0.9916585206907788)",1,97.0183331459824,17578
"(0.7416325017951034, 1.0)",1,97.01811333283916,17579
"(0.9958292603453894, 0.9790231494896808)",1,97.01796796713752,17580
"(0.9184901612842788, 0.9748802746905214)",1,97.01784776431973,17581
"(0.7084717607973421, 0.9764666952752286)",1,97.01764669665388,17582
"(0.9665831244778612, 1.0)",2,97.0175936190873,17584
"(0.8222222222222222, 1.0)",1,97.01734651021788,17585
"(0.8805377184744008, 0.9834113430318364)",1,97.01732687137287,17586
"(0.7294281157362763, 1.0)",1,97.01722059233822,17587
"(0.9539751547184644, 0.9748802746905214)",1,97.01721030252764,17588
"(0.9622634791942192, 0.9834399497824544)",1,97.01717460347612,17589
"(0.8726893261776982, 0.9766918866148322)",1,97.01699669823424,17590
"(0.9645238095238096, 0.9751409401578528)",1,97.01683942416504,17591
"(0.837707400507675, 1.0)",1,97.01663631709228,17592
"(0.9166682405676116, 1.0)",4,97.01654888929072,17596
"(0.7348436174331348, 0.9861673414304992)",1,97.0164571558007,17597
"(0.8622520112492773, 0.9832462877624168)",1,97.015536015071,17598
"(0.6813936996863826, 0.9861673414304992)",1,97.01548585145278,17599
"(0.9209008696342662, 0.983149138443256)",1,97.01531722942126,17600
"(0.9184901612842788, 0.9748802746905214)",2,97.01530267772172,17602
"(0.4997347908306813, 0.9861673414304992)",1,97.01527173323886,17603
"(0.8947046219773493, 0.9766918866148322)",1,97.01501529290904,17604
"(0.9299160159815896, 0.9861673414304992)",1,97.01499233295868,17605
"(0.9326599326599326, 0.9833229101521784)",1,97.01475370786424,17606
"(0.6992775742775743, 0.9861673414304992)",1,97.01473131972624,17607
"(0.9154084476633496, 0.9748802746905214)",1,97.01460110118796,17608
"(0.8976982097186702, 1.0)",1,97.0144950565337,17609
"(0.8177442148030384, 1.0)",2,97.01433976972676,17611
"(0.9228120179844318, 0.9588754325054892)",2,97.01391033349827,17613
"(0.9677353740627908, 0.9749692931061258)",1,97.01377813782796,17614
"(0.9666463017269468, 0.987463247273494)",1,97.0137430632261,17615
"(0.8871966240387292, 0.9861673414304992)",1,97.013692317285,17616
"(0.9572437766315318, 0.9751409401578528)",1,97.01311899672702,17617
"(0.9153439153439156, 0.9833229101521784)",1,97.0129818657587,17618
"(0.8814814814814814, 1.0)",1,97.01246146312192,17619
"(0.9833229101521784, 1.0)",2,97.0121282498202,17621
"(0.9645238095238096, 0.9712822597033124)",6,97.01212511356012,17627
"(0.5032117384111402, 0.9862497206293536)",1,97.01195652354676,17628
"(0.9436368312757202, 0.972281746031746)",1,97.01193789039166,17629
"(0.93773047895128, 0.991777356103732)",2,97.01181808034384,17631
"(0.8736897274633123, 1.0)",1,97.01150271582594,17632
"(0.9262130464282252, 0.9694017156496504)",1,97.0113386765382,17633
"(0.8315995778682346, 0.9861673414304992)",1,97.01087594470442,17634
"(0.9528533742496432, 0.9749692931061258)",1,97.01079678598086,17635
"(0.920238255356524, 0.9958292603453894)",1,97.0107819344615,17636
"(0.8899966931216932, 0.9861310021084456)",1,97.01076951150556,17637
"(0.7802197802197803, 1.0)",2,97.01058221968488,17639
"(0.893146638589877, 0.9767441860465116)",1,97.01054162896544,17640
"(0.8193419055822156, 0.9861673414304992)",1,97.01016318150164,17641
"(0.8013184398461819, 0.9764666952752286)",1,97.01011302063952,17642
"(0.9161952650324744, 1.0)",1,97.00990565726848,17643
"(0.842200034135518, 0.9749692931061258)",1,97.00976818109288,17644
"(0.9665831244778612, 0.9833229101521784)",1,97.00961957911096,17645
"(0.8871082621082622, 1.0)",4,97.00926830129352,17649
"(0.94291309888229, 0.9737445480717845)",1,97.00924044514352,17650
"(0.6526770767943084, 0.9861310021084456)",1,97.00915520403616,17651
"(0.9299160159815896, 0.9861673414304992)",2,97.00910411872448,17653
"(0.9860411258716344, 0.972045976510262)",1,97.00899974009876,17654
"(0.9280459216361852, 0.9832184229069656)",2,97.00884241791928,17656
"(0.9422394177612392, 0.9749052909377262)",6,97.00853192403385,17662
"(0.9584987529902784, 1.0)",2,97.0082763432154,17664
"(0.8013184398461819, 0.9764666952752286)",1,97.0081155214875,17665
"(0.8929015655249481, 0.9916585206907788)",1,97.00805992493272,17666
"(0.8751897860593512, 0.9861673414304992)",1,97.00791807003957,17667
"(0.9372650231764934, 0.9791102677630192)",1,97.007867193359,17668
"(0.9418479305417444, 0.9764666952752286)",1,97.00779826722116,17669
"(0.9574285714285714, 0.9751409401578528)",1,97.00738896624097,17670
"(0.8884797556713653, 0.9790755481078062)",1,97.00735617608308,17671
"(0.9392111404005912, 0.9787142857142856)",3,97.00564941898064,17674
"(0.9079075500409146, 0.979166518665308)",1,97.00553687485574,17675
"(0.9301209372637944, 0.9861310021084456)",1,97.00553486625006,17676
"(0.987491854024112, 0.9786768291433604)",1,97.00540675226758,17677
"(0.8374727668845315, 1.0)",1,97.00539937334575,17678
"(0.8222222222222222, 1.0)",1,97.0053992676892,17679
"(0.92132700797001, 0.987463247273494)",2,97.00514507067628,17681
"(0.966586548597934, 0.9707095350359106)",1,97.00510306435052,17682
"(0.7278086237149632, 1.0)",1,97.00507756198976,17683
"(0.966586548597934, 0.966546941357188)",1,97.00488372539306,17684
"(0.9003556829643787, 1.0)",1,97.00487106204764,17685
"(0.8495378883833893, 0.9916585206907788)",1,97.00482906574167,17686
"(0.9029281534808432, 0.9861673414304992)",1,97.00455254058498,17687
"(0.8910737344870472, 0.9748802746905214)",1,97.004403022169,17688
"(0.8805377184744008, 0.979166518665308)",1,97.00434933034592,17689
"(0.9154520780570968, 0.966546941357188)",1,97.00432364455672,17690
"(0.8296618357487922, 0.972281746031746)",1,97.00356487609425,17691
"(0.846098299557419, 0.9861673414304992)",1,97.00333551564007,17692
"(0.9167853751187084, 1.0)",1,97.00327881848736,17693
"(0.9499687304565352, 1.0)",1,97.0031716848592,17694
"(0.8726893261776982, 0.9764666952752286)",1,97.00310094755554,17695
"(0.9230627959463646, 0.9749052909377262)",1,97.0028259607765,17696
"(0.8322510822510822, 0.9861673414304992)",1,97.00252696136086,17697
"(0.8736897274633123, 1.0)",1,97.00197695590126,17698
"(0.8997493734335841, 1.0)",1,97.00187179168728,17699
"(0.9398731501057084, 0.9766918866148322)",1,97.00181029872604,17700
"(0.8420013166556946, 1.0)",1,97.00159807059345,17701
"(0.8980858408005299, 0.988167361639188)",1,97.00158392712402,17702
"(0.8468951683237397, 1.0)",1,97.00143748381544,17703
"(0.4943189964157706, 1.0)",1,97.001242865846,17704
"(0.6749447402728794, 0.9722222222222222)",1,97.00091538551084,17705
"(0.8716153127917834, 0.9861673414304992)",1,97.0007210546413,17706
"(0.9442283950617284, 1.0)",1,97.00027664667395,17707
"(0.9833229101521784, 1.0)",1,96.99988260689136,17708
"(0.9539751547184644, 0.987463247273494)",1,96.9997021715802,17709
"(0.9131856219190184, 0.9916585206907788)",1,96.99930588702485,17710
"(0.9230468061350414, 0.987463247273494)",1,96.99880260879792,17711
"(0.7083333333333334, 1.0)",1,96.9987753875663,17712
"(0.9714285714285714, 0.9676485688615069)",3,96.99773964437652,17715
"(0.831031066037186, 0.988167361639188)",1,96.99772389230638,17716
"(0.917849761232425, 0.988167361639188)",1,96.9974560918532,17717
"(0.8315995778682346, 0.9861673414304992)",1,96.9972599310884,17718
"(0.6759495516512356, 0.9650076460904662)",1,96.99718154729824,17719
"(0.6747507742934573, 1.0)",1,96.99706051267708,17720
"(0.8579868984630887, 0.9861673414304992)",1,96.99701573647624,17721
"(1.0, 0.9833229101521784)",1,96.99669187982052,17722
"(0.9609357631051972, 0.9787142857142856)",2,96.9966634617334,17724
"(0.9161952650324744, 1.0)",1,96.99666250595192,17725
"(0.8552744708994707, 0.9861673414304992)",1,96.9964587485284,17726
"(0.9454999712494968, 0.9916585206907788)",1,96.99628991006188,17727
"(0.9372650231764934, 0.9748802746905214)",1,96.99623706562484,17728
"(0.8840455840455841, 1.0)",2,96.99617182168332,17730
"(0.8694224991654613, 0.9766918866148322)",1,96.99615252440228,17731
"(0.8165520116739629, 1.0)",1,96.99597705525542,17732
"(0.6698155645524068, 1.0)",1,96.995962609682,17733
"(0.7574146783449108, 1.0)",1,96.99590357357044,17734
"(0.9748850895736324, 0.987463247273494)",1,96.99590126156517,17735
"(0.8315416458960965, 0.9766918866148322)",1,96.99580567413516,17736
"(0.9833229101521784, 1.0)",1,96.99561805803393,17737
"(0.8589064384650125, 0.9748802746905214)",1,96.99547329024703,17738
"(0.9309563801089225, 0.972281746031746)",2,96.99515876509238,17740
"(0.7077308656256025, 1.0)",1,96.99510581148785,17741
"(0.9146901709401708, 0.972281746031746)",1,96.99482457818802,17742
"(0.9832401090007582, 0.9873444118605408)",1,96.994797915955,17743
"(0.9326599326599326, 1.0)",1,96.99477401080594,17744
"(0.9384174012481092, 0.9916585206907788)",1,96.9947491547604,17745
"(0.73687720936437, 1.0)",1,96.99446678669916,17746
"(0.9026337658413128, 0.9861673414304992)",1,96.99425526571784,17747
"(0.9916666666666668, 0.9833251873574456)",1,96.99409150345102,17748
"(0.9658159033159032, 0.9581945578831008)",1,96.99404099288904,17749
"(0.8976982097186702, 0.9833229101521784)",2,96.99395685734169,17751
"(0.92975135975136, 0.972281746031746)",1,96.99367575390008,17752
"(0.9155669599217986, 0.9722222222222222)",1,96.99364926402684,17753
"(0.9230627959463646, 0.9712822597033124)",1,96.99362427239636,17754
"(0.7404350561362756, 0.9861673414304992)",1,96.99344799800376,17755
"(0.9452474337657768, 0.9707095350359108)",1,96.99339038703832,17756
"(0.8976982097186702, 1.0)",1,96.9933757507657,17757
"(0.9460547122074636, 0.9832679738562092)",1,96.9926962619201,17758
"(0.4747763864042934, 1.0)",1,96.99238905573596,17759
"(0.9746854694957162, 0.9449598743353383)",1,96.9923687242672,17760
"(0.7999088007295942, 0.9766918866148322)",1,96.99225682251472,17761
"(0.8151249335459861, 1.0)",1,96.99222995327987,17762
"(0.8685314685314685, 0.9764666952752286)",1,96.99220798647572,17763
"(0.92132700797001, 0.9832184229069656)",1,96.9921115080608,17764
"(0.8748200797381125, 0.9861310021084456)",1,96.9916312218002,17765
"(0.9466127311522048, 0.991206314397104)",1,96.99161463121358,17766
"(0.8748200797381125, 0.9861310021084456)",1,96.99155165781087,17767
"(0.9384174012481092, 0.9916666666666668)",1,96.99150847614555,17768
"(0.7786375661375661, 1.0)",1,96.991496673623,17769
"(0.8229870141950848, 0.972281746031746)",2,96.99131665834432,17771
"(0.8308201058201059, 0.9861673414304992)",2,96.99125942911336,17773
"(0.972281746031746, 0.9861673414304992)",1,96.99099386267346,17774
"(0.9452474337657768, 0.9748524098350704)",1,96.99084403895058,17775
"(0.9164187516971112, 0.9748802746905214)",1,96.99083826127622,17776
"(0.9154520780570968, 0.9707095350359106)",1,96.99039718857811,17777
"(0.900838851006521, 0.9790755481078062)",1,96.9901462572598,17778
"(0.6813936996863826, 0.9861673414304992)",1,96.98982673103504,17779
"(0.8967778972053937, 0.9764666952752286)",1,96.9895903270449,17780
"(0.8871082621082622, 0.972281746031746)",2,96.98952252714452,17782
"(0.9412957478808424, 0.9832925076188832)",1,96.98951792513094,17783
"(0.9638996361007746, 0.9713574016563148)",3,96.9894948739503,17786
"(0.7665484369555701, 0.9766918866148322)",2,96.98915216589944,17788
"(0.9146901709401708, 0.972281746031746)",1,96.9882662190698,17789
"(0.8814814814814814, 1.0)",1,96.98822292294692,17790
"(0.9712822597033124, 0.9712822597033124)",1,96.98749083403705,17791
"(0.9503122778456484, 0.979166518665308)",1,96.98734344056234,17792
"(0.9665831244778612, 1.0)",1,96.98696400566593,17793
"(0.8743078626799556, 0.9861310021084456)",1,96.98692612356912,17794
"(0.9712822597033124, 0.9678176625650188)",1,96.98679519211817,17795
"(0.9167853751187084, 0.986081059422206)",1,96.98641306021112,17796
"(0.9008627640703112, 1.0)",1,96.98604869801216,17797
"(0.8622520112492773, 0.9748802746905214)",1,96.98602981666944,17798
"(0.8065954953750508, 1.0)",1,96.9860038765347,17799
"(0.6813936996863826, 0.9861673414304992)",1,96.98568804009084,17800
"(0.8016677935542034, 0.9833229101521784)",1,96.98535293576604,17801
"(0.9643944553313464, 0.9764666952752286)",1,96.98502076073032,17802
"(0.9531381014506703, 0.9640038239043044)",5,96.98487002936326,17807
"(0.9418479305417444, 0.9766918866148322)",1,96.9848264993228,17808
"(0.971023600055858, 0.9876106894370652)",1,96.9848172967623,17809
"(0.8734313112361893, 0.9861673414304992)",1,96.98476531717591,17810
"(0.9677353740627908, 0.9714285714285714)",3,96.98457653401256,17813
"(0.828966378966379, 0.9861673414304992)",1,96.98449227602742,17814
"(0.9259740526337398, 0.967895529128406)",1,96.98448872091292,17815
"(0.8813457860512559, 0.9790755481078064)",1,96.9842403774039,17816
"(0.8420013166556946, 1.0)",1,96.98417729702904,17817
"(0.8884797556713653, 0.9707095350359106)",1,96.98406312565452,17818
"(0.9833229101521784, 1.0)",2,96.98399178087304,17820
"(0.7856964763329513, 0.9861673414304992)",1,96.9836324696392,17821
"(0.9751539794803552, 0.975039217055346)",1,96.98332179319443,17822
"(0.9666666666666668, 0.9833229101521784)",1,96.98267147209734,17823
"(0.9714797495442656, 0.9915151515151516)",1,96.98266645061534,17824
"(0.8312205288949474, 0.9885557944107872)",1,96.9823840804082,17825
"(0.95, 0.9681034738761426)",1,96.9816111910632,17826
"(0.9280317595086728, 0.9916585206907788)",1,96.9813519169888,17827
"(0.9645938855657314, 0.9716190476190476)",1,96.98122242865676,17828
"(0.8805377184744008, 0.9834113430318364)",2,96.98089019901649,17830
"(0.8726893261776982, 0.9764666952752286)",1,96.98062265342008,17831
"(1.0, 0.9833229101521784)",2,96.98052669296968,17833
"(0.9643944553313464, 0.9764666952752286)",1,96.98014503651586,17834
"(0.9161952650324744, 1.0)",1,96.97993252955766,17835
"(0.933096859926128, 1.0)",1,96.9798699091584,17836
"(0.9436368312757202, 0.972281746031746)",1,96.97920808679086,17837
"(0.8315416458960965, 0.9766918866148322)",1,96.97856913870028,17838
"(0.9326599326599326, 1.0)",1,96.97856272624986,17839
"(0.927109440267335, 0.9751409401578528)",3,96.97825970988951,17842
"(0.932201731346617, 0.9764666952752286)",1,96.97821423771911,17843
"(0.900838851006521, 0.9832679738562092)",1,96.97809560570316,17844
"(0.8884797556713653, 0.9790755481078062)",1,96.97802442879426,17845
"(0.9, 0.9833229101521784)",1,96.977994225091,17846
"(0.812557599070401, 1.0)",3,96.97794232876429,17849
"(0.9499687304565352, 1.0)",1,96.97764596690315,17850
"(0.9110813074094206, 0.9764666952752286)",1,96.9771232995544,17851
"(1.0, 1.0)",1,96.97696034385189,17852
"(0.9502288074111276, 0.9787142857142856)",3,96.97674611506264,17855
"(0.972281746031746, 0.9861673414304992)",1,96.9764273197375,17856
"(0.9308697752778572, 0.9676485688615069)",5,96.97636186610416,17861
"(0.9454999712494968, 0.9916585206907788)",1,96.97636085035693,17862
"(0.9154520780570968, 0.9832965806068272)",1,96.97593156962589,17863
"(0.933096859926128, 1.0)",1,96.9758062189228,17864
"(0.9153127183787562, 0.9861673414304992)",1,96.9756950491639,17865
"(0.8743078626799556, 0.9861310021084456)",1,96.9755033765697,17866
"(0.917415489944373, 1.0)",1,96.97548176283296,17867
"(0.9669795885118464, 0.9916585206907788)",1,96.97545180384589,17868
"(0.9253213924599162, 0.9764666952752286)",1,96.97540609546436,17869
"(0.8947046219773493, 0.9766918866148322)",2,96.9753644926328,17871
"(0.6813936996863826, 0.9861673414304992)",1,96.97522781663092,17872
"(0.8726893261776982, 0.988167361639188)",1,96.97518433843442,17873
"(0.9160264866799612, 0.9861673414304992)",1,96.97517495564908,17874
"(0.8003813092161745, 0.9748802746905214)",1,96.97477823343915,17875
"(0.9835199925522506, 0.9916585206907788)",1,96.97462936627682,17876
"(0.9833229101521784, 0.9833229101521784)",1,96.97457479196662,17877
"(0.7729389061386163, 0.9766918866148322)",1,96.97443094189175,17878
"(0.9680383516315252, 0.9677353740627908)",1,96.9742728165325,17879
"(0.8329156223893065, 1.0)",2,96.97425819759758,17881
"(0.9644491481508056, 0.9751409401578528)",1,96.97420598743636,17882
"(0.9609357631051972, 0.9787142857142856)",1,96.97406411190852,17883
"(0.930704099821747, 1.0)",1,96.97396728445489,17884
"(0.8996392387758612, 0.9873891625615764)",1,96.973719643453,17885
"(0.859499940327008, 1.0)",1,96.97346163103144,17886
"(0.8315416458960965, 0.9766918866148322)",1,96.9734465334078,17887
"(0.9832401090007582, 0.9873891625615764)",1,96.9732296924738,17888
"(0.7675138481590094, 1.0)",1,96.97300732310052,17889
"(0.9110813074094206, 0.9764666952752286)",1,96.97279715219187,17890
"(0.7999088007295942, 0.9766918866148322)",1,96.9726656689444,17891
"(0.6636745887678723, 1.0)",1,96.97248445704058,17892
"(0.8916138279602192, 0.9714285714285714)",1,96.97247539224232,17893
"(0.9299507899507898, 0.986081059422206)",1,96.97236530479717,17894
"(0.9309563801089225, 0.972281746031746)",1,96.9722793988643,17895
"(0.9665831244778612, 1.0)",1,96.97226279161885,17896
"(0.7348436174331348, 0.972281746031746)",1,96.9721336797539,17897
"(0.9326599326599326, 0.9833229101521784)",2,96.97208569328468,17899
"(0.9158007932517735, 0.986081059422206)",1,96.97205863994805,17900
"(0.950175761409158, 0.9832965806068272)",2,96.97205173796104,17902
"(0.9384174012481092, 0.9916585206907788)",1,96.97204124575931,17903
"(0.9253213924599162, 0.9764666952752286)",1,96.97191447613316,17904
"(0.9009534009534008, 1.0)",1,96.97191405478247,17905
"(0.3660238527416034, 0.9882048106149588)",1,96.97160042667736,17906
"(0.8734313112361893, 0.9861673414304992)",1,96.97157771806434,17907
"(0.9058747619658436, 0.9748802746905214)",1,96.97139911410152,17908
"(0.8726893261776982, 0.988167361639188)",1,96.9713826711976,17909
"(0.8249504969211211, 0.9766918866148322)",1,96.97114468332386,17910
"(0.8222222222222222, 1.0)",1,96.97110258971108,17911
"(0.8151249335459861, 1.0)",1,96.97106096415304,17912
"(0.8623978252122906, 0.9861673414304992)",1,96.97086787910796,17913
"(0.9603476243044132, 0.9713574016563148)",1,96.97085482228306,17914
"(0.9497171590194848, 1.0)",2,96.97068151466058,17916
"(0.9665831244778612, 1.0)",1,96.97056660936568,17917
"(0.8294970161977834, 1.0)",1,96.97049787181696,17918
"(0.9712822597033124, 0.9749692931061258)",3,96.97018512264874,17921
"(0.950175761409158, 0.9916585206907788)",1,96.9695484616492,17922
"(0.8795903283708161, 0.9749052909377262)",1,96.96938221783677,17923
"(0.9153439153439156, 0.9833229101521784)",1,96.96931359020232,17924
"(0.8622520112492773, 0.9748802746905214)",1,96.9692468905446,17925
"(0.8631546198466533, 0.9650076460904662)",1,96.96923967928475,17926
"(0.6326954876802936, 0.9861673414304992)",1,96.96891031480956,17927
"(0.8552744708994707, 0.9861310021084456)",1,96.96879068375844,17928
"(0.9259740526337398, 0.9678176625650188)",1,96.96868690887668,17929
"(0.8880748880748881, 0.972281746031746)",1,96.96847889113228,17930
"(0.9503122778456484, 0.979166518665308)",1,96.96827552291622,17931
"(0.8468951683237397, 1.0)",1,96.96746574584763,17932
"(1.0, 1.0)",1,96.9670511595152,17933
"(0.9603476243044132, 0.9677353740627908)",1,96.96676238057807,17934
"(0.8887202421952387, 1.0)",1,96.96629187867832,17935
"(0.941880341880342, 0.9712822597033124)",2,96.96568928174064,17937
"(0.8631918334993627, 0.9833229101521784)",1,96.96558199343664,17938
"(0.9531381014506703, 0.9604593619418418)",1,96.96557667760683,17939
"(0.9028964862298196, 0.9861673414304992)",1,96.96551155323426,17940
"(0.8335871777048247, 0.9714285714285714)",1,96.96547389733406,17941
"(0.8455704732698088, 0.972281746031746)",2,96.96514560209052,17943
"(0.8372053872053872, 1.0)",1,96.96510832627656,17944
"(0.9223799456357596, 0.9767441860465116)",1,96.96499784539442,17945
"(0.8567929292929293, 0.972281746031746)",1,96.96493878196546,17946
"(0.8249504969211211, 0.988167361639188)",1,96.96485726262118,17947
"(0.9326599326599326, 1.0)",1,96.96474623824017,17948
"(0.8594436844505243, 0.9643944553313464)",1,96.96447233247837,17949
"(0.9583930063253372, 1.0)",1,96.96430809536184,17950
"(0.92383799227569, 0.9916585206907788)",1,96.9640315946267,17951
"(0.8300265307680562, 1.0)",1,96.9639294254728,17952
"(0.9073492428586464, 0.9714285714285714)",1,96.963756739741,17953
"(0.7090909090909091, 0.9833229101521784)",1,96.9634758675309,17954
"(0.8322510822510822, 0.9861673414304992)",1,96.96340884157743,17955
"(0.9641028246291404, 0.97502985598876)",1,96.96316948157236,17956
"(0.757745166550198, 1.0)",1,96.96304402456362,17957
"(0.8310777799491891, 1.0)",1,96.96304132327045,17958
"(0.8490208544183524, 0.9861310021084456)",1,96.96247888659909,17959
"(0.9128978937629072, 0.9916585206907788)",1,96.96245587046889,17960
"(0.8148308968977662, 0.972281746031746)",1,96.96242524427215,17961
"(0.9499687304565352, 0.9833229101521784)",2,96.96193481346788,17963
"(0.8333192389006343, 0.988167361639188)",1,96.96149568901753,17964
"(0.837707400507675, 1.0)",1,96.96132670310654,17965
"(0.9003556829643787, 1.0)",1,96.96124698707004,17966
"(0.8748200797381125, 0.9861310021084456)",1,96.9606669658306,17967
"(0.7348436174331348, 0.9861673414304992)",1,96.95999115313022,17968
"(0.7060994560994561, 1.0)",4,96.95996013137696,17972
"(0.7962102115226081, 0.988167361639188)",1,96.95989175283442,17973
"(0.9379369827374928, 0.9749692931061258)",3,96.959716220711,17976
"(0.9833229101521784, 1.0)",1,96.95956048515916,17977
"(0.930704099821747, 1.0)",2,96.95940784077808,17979
"(0.9575913511472004, 0.9640038239043044)",3,96.95940443833504,17982
"(0.874450386215092, 0.972281746031746)",1,96.95926105650432,17983
"(0.9301209372637944, 0.9861310021084456)",1,96.9587318365886,17984
"(0.9250222656674272, 0.9916585206907788)",1,96.9586917324255,17985
"(0.8899966931216932, 0.9722222222222222)",1,96.95847910673348,17986
"(0.8132775534810647, 0.9644038253792572)",1,96.95843364529028,17987
"(0.7837967210499023, 0.988167361639188)",1,96.9582917473604,17988
"(0.8890123456790123, 0.9861310021084456)",1,96.95822115819249,17989
"(0.6759495516512356, 0.9650076460904662)",2,96.957893241069,17991
"(0.6747507742934573, 1.0)",1,96.95783601201175,17992
"(0.799275702501509, 1.0)",1,96.95750016110306,17993
"(0.9528533742496432, 0.9714285714285714)",1,96.95745836757544,17994
"(0.837707400507675, 1.0)",1,96.95741239099225,17995
"(0.7601164382773579, 1.0)",1,96.95732200868711,17996
"(0.826388888888889, 1.0)",2,96.9572578026695,17998
"(0.8880748880748881, 0.972281746031746)",1,96.9572556376425,17999
"(0.9622634791942192, 0.9874877810361682)",1,96.95690288617917,18000
"(0.9297326845255915, 0.9792651371399)",1,96.95664874075828,18001
"(0.9184901612842788, 0.9916585206907788)",1,96.9565465468364,18002
"(0.9641028246291404, 0.967895529128406)",1,96.95600020249783,18003
"(0.861111111111111, 1.0)",1,96.95593081978508,18004
"(0.9326599326599326, 1.0)",1,96.9557875344619,18005
"(0.9331662489557224, 1.0)",1,96.95574242949472,18006
"(1.0, 1.0)",1,96.95536050869788,18007
"(0.926397848615755, 0.9780434995701116)",1,96.95533655339496,18008
"(0.9262130464282252, 0.991206314397104)",4,96.95524091544904,18012
"(0.958227107069612, 0.9916585206907788)",1,96.9550921070272,18013
"(0.859499940327008, 1.0)",1,96.9550849976756,18014
"(0.6825396825396824, 1.0)",1,96.95501942797117,18015
"(0.8315416458960965, 0.988167361639188)",1,96.95486270575346,18016
"(0.9707136080238548, 0.9916585206907788)",1,96.95485821266136,18017
"(0.8013184398461819, 0.9764666952752286)",1,96.954841250719,18018
"(0.8733799478600891, 0.9958292603453894)",1,96.95478131649853,18019
"(0.8877034517510707, 0.9861673414304992)",1,96.95448484695824,18020
"(0.7647742788871822, 1.0)",1,96.9541659932824,18021
"(0.9306882936240858, 0.9780434995701116)",3,96.95381050593188,18024
"(0.8635976129582268, 1.0)",1,96.95363818620145,18025
"(0.8053381731676306, 1.0)",2,96.95345337470772,18027
"(0.9502288074111276, 0.9716751084525852)",3,96.95324713438887,18030
"(0.9254228204735588, 0.9716190476190476)",1,96.95300533552076,18031
"(0.9009133567957098, 0.972281746031746)",1,96.95268687709698,18032
"(0.960666032023912, 0.9713574016563148)",2,96.95260498782588,18034
"(0.950175761409158, 0.9916585206907788)",1,96.95247340905443,18035
"(0.940928587432546, 0.9832184229069656)",1,96.95206179104856,18036
"(0.9029281534808432, 0.9861673414304992)",1,96.9517867524864,18037
"(0.9008025849489264, 1.0)",2,96.95169490987163,18039
"(0.9665831244778612, 1.0)",1,96.95121652062184,18040
"(0.7458851447555765, 0.964269276237512)",1,96.9508941459526,18041
"(0.8879608405415911, 0.9766918866148322)",1,96.95072111028686,18042
"(0.9238400660955778, 0.9713574016563148)",1,96.95067570716728,18043
"(0.9019154091522512, 0.966514261618626)",1,96.95045135428909,18044
"(0.9502288074111276, 0.9716751084525852)",1,96.95039191856078,18045
"(0.9501225071212966, 0.9748802746905214)",1,96.95027368976348,18046
"(0.7109688804604058, 0.972281746031746)",1,96.95020247710622,18047
"(0.9205517358458536, 0.9916585206907788)",1,96.9500326497382,18048
"(0.9640038239043044, 0.9714285714285714)",1,96.95001443902788,18049
"(0.7601164382773579, 1.0)",1,96.94996084662982,18050
"(0.8726893261776982, 0.9764666952752286)",1,96.94983284630554,18051
"(0.8449978636391381, 0.9882048106149588)",1,96.94951846583471,18052
"(0.8360274837900623, 0.9748802746905214)",1,96.94948092735028,18053
"(0.765692887308966, 0.9861310021084456)",1,96.94945448037709,18054
"(0.7615072500907597, 0.9650076460904662)",1,96.94921242993604,18055
"(0.9494594905410846, 0.9677353740627908)",1,96.94886983276317,18056
"(0.8976982097186702, 1.0)",1,96.94880701923394,18057
"(0.7943622269203664, 0.9764666952752286)",1,96.94848479391248,18058
"(0.9860411258716344, 0.972045976510262)",1,96.94814544565374,18059
"(0.9069647153947764, 0.9678176625650188)",3,96.94802384979975,18062
"(0.9102539775554236, 0.9707095350359106)",1,96.9478568082522,18063
"(0.8880984643179766, 1.0)",1,96.94773905670225,18064
"(0.8310777799491891, 0.9882048106149588)",1,96.94763357183832,18065
"(0.7664480222619757, 0.9650076460904662)",1,96.94752722407154,18066
"(0.9154520780570968, 0.9791258409522168)",1,96.94752292939997,18067
"(0.9029281534808432, 0.9861673414304992)",1,96.9473787405339,18068
"(0.7999088007295942, 0.9766918866148322)",1,96.94731086193056,18069
"(0.8846362470895226, 0.9712822597033124)",6,96.94711053887276,18075
"(0.8622520112492773, 0.9623680557266894)",1,96.94703627308004,18076
"(0.7999088007295942, 0.988167361639188)",1,96.9469545061437,18077
"(0.5131569832583307, 1.0)",1,96.9467773777946,18078
"(0.902898027898028, 0.972281746031746)",1,96.94671456332962,18079
"(0.926397848615755, 0.9780434995701116)",6,96.9466796265626,18085
"(0.8557264819266099, 0.9766918866148322)",1,96.94659586959358,18086
"(0.9665831244778612, 1.0)",1,96.94622639963777,18087
"(0.861111111111111, 1.0)",1,96.9459956864502,18088
"(0.828966378966379, 0.9861673414304992)",1,96.94579377718571,18089
"(0.9712822597033124, 0.97502985598876)",1,96.9453153522619,18090
"(0.7854212454212455, 0.9861310021084456)",1,96.94531109129804,18091
"(0.9442283950617284, 1.0)",1,96.9451090300813,18092
"(0.8490208544183524, 0.972281746031746)",1,96.94449702912284,18093
"(0.8016677935542034, 1.0)",1,96.94449040812702,18094
"(1.0, 1.0)",1,96.94441317490096,18095
"(0.9503122778456484, 0.9792058837220128)",1,96.9443183196494,18096
"(0.9146901709401708, 0.9861310021084456)",1,96.94400433093806,18097
"(0.9497171590194848, 0.9833229101521784)",1,96.9439796628569,18098
"(0.9228120179844318, 0.9832965806068272)",1,96.94391869061724,18099
"(0.7664480222619757, 0.9764666952752286)",1,96.94347844468145,18100
"(0.73687720936437, 1.0)",1,96.9433746051582,18101
"(0.8880748880748881, 0.972281746031746)",2,96.94323898399874,18103
"(0.934065934065934, 0.9833229101521784)",1,96.94277417627474,18104
"(0.6767580302172832, 0.9861310021084456)",2,96.94275166003192,18106
"(0.8258470464352816, 0.9749692931061258)",3,96.94255151225664,18109
"(0.8734313112361893, 0.9861673414304992)",1,96.9425204048565,18110
"(0.9033101988083369, 0.966546941357188)",1,96.94234569937,18111
"(0.7665484369555701, 0.9650076460904662)",1,96.94226761351516,18112
"(0.7183489076634237, 1.0)",1,96.9420675003868,18113
"(0.9609386607489072, 0.9796499948224086)",1,96.94197609324448,18114
"(0.9034438470728792, 0.9832925076188832)",1,96.94191333772103,18115
"(0.9369138996969484, 0.9792521035784792)",1,96.94161135514808,18116
"(0.7708796965987909, 0.9861673414304992)",1,96.94129819683332,18117
"(0.9350193449813944, 0.9787142857142856)",2,96.94126640089812,18119
"(0.7259530953852703, 0.9643944553313464)",1,96.94121940313266,18120
"(0.7673678366541239, 0.9882048106149588)",1,96.94121923931353,18121
"(0.7830369357045144, 0.9650076460904662)",1,96.94075135776632,18122
"(0.9497171590194848, 1.0)",1,96.94072248105677,18123
"(0.9192093318943212, 1.0)",1,96.94041617709983,18124
"(0.757745166550198, 1.0)",1,96.9403627195438,18125
"(0.7511111111111111, 1.0)",1,96.94032560431262,18126
"(0.9540153992631536, 0.9787142857142856)",2,96.9402688198114,18128
"(0.9028964862298196, 0.9861673414304992)",1,96.94015391973085,18129
"(0.9061764476533613, 0.979166518665308)",1,96.94006953654797,18130
"(0.9310391447174572, 0.9787162186454283)",1,96.93997961328152,18131
"(0.9158007932517735, 1.0)",1,96.93993934478326,18132
"(0.8884797556713653, 0.9707095350359106)",1,96.9398653586481,18133
"(0.920238255356524, 0.9832184229069656)",1,96.93975330245982,18134
"(0.8976982097186702, 1.0)",1,96.93949295311262,18135
"(0.958227107069612, 0.979051756240299)",1,96.9393029544312,18136
"(0.7164894725870335, 1.0)",2,96.93929104588592,18138
"(0.9300671002153482, 0.9861673414304992)",2,96.93909174149756,18140
"(1.0, 1.0)",1,96.9388590754772,18141
"(0.9379369827374928, 0.9785714285714284)",1,96.9385921485676,18142
"(0.757745166550198, 1.0)",1,96.93855843683308,18143
"(0.7323695788812067, 0.988167361639188)",1,96.9384355814979,18144
"(0.902898027898028, 0.9861310021084456)",1,96.9381793286786,18145
"(0.8455704732698088, 0.9861310021084456)",2,96.93814154666794,18147
"(0.8997493734335841, 0.9665831244778612)",1,96.9380837361164,18148
"(0.9160264866799612, 0.9861673414304992)",1,96.9379927612657,18149
"(0.920238255356524, 0.9792651371399)",1,96.9372466727712,18150
"(0.6933160650937552, 0.9764666952752286)",1,96.93706631869678,18151
"(0.7711781618000022, 1.0)",1,96.93696125945736,18152
"(0.9574285714285714, 0.9716190476190476)",2,96.9367302291223,18154
"(0.6611718926579557, 0.9861310021084456)",1,96.9366808489328,18155
"(0.8455704732698088, 0.972281746031746)",4,96.93651143187904,18159
"(0.7323695788812067, 0.9766918866148322)",2,96.9363470297992,18161
"(0.8229870141950848, 0.972281746031746)",1,96.93615942267904,18162
"(0.9009287520039462, 1.0)",1,96.93615137909536,18163
"(0.944563492063492, 1.0)",1,96.93595661070742,18164
"(0.9177366931314298, 0.9834113430318364)",2,96.93568742399644,18166
"(0.6611718926579557, 0.9861310021084456)",1,96.9353935947896,18167
"(0.9665831244778612, 0.9833229101521784)",1,96.93522116374574,18168
"(0.9581203836912794, 0.9748802746905214)",1,96.93509615161986,18169
"(0.908657698678324, 0.9916585206907788)",1,96.9349993571717,18170
"(0.9057330122004186, 0.991206314397104)",3,96.93479484145374,18173
"(0.6759495516512356, 0.9650076460904662)",2,96.93474995135986,18175
"(0.8756049960967994, 0.9861673414304992)",1,96.93466655047416,18176
"(0.8316498316498316, 1.0)",1,96.934535025609,18177
"(0.9429917021753756, 0.9749692931061258)",1,96.93390368213744,18178
"(0.917283950617284, 0.9861673414304992)",1,96.93373938636256,18179
"(0.9164187516971112, 0.9748802746905214)",1,96.9332313564009,18180
"(0.6611718926579557, 0.9861310021084456)",1,96.93318563711412,18181
"(0.9162596992611264, 0.972281746031746)",1,96.9331253602302,18182
"(0.933096859926128, 0.9833229101521784)",1,96.9326868112431,18183
"(0.950175761409158, 0.9873484848484848)",1,96.9326403085906,18184
"(0.7664480222619757, 0.9764666952752286)",1,96.93257942919644,18185
"(0.9102539775554236, 0.9748802746905214)",1,96.93236446157223,18186
"(0.9422394177612392, 0.9712822597033124)",1,96.93189156738022,18187
"(0.7962102115226081, 0.9766918866148322)",1,96.9318911058089,18188
"(0.9265929383116884, 0.9678176625650188)",1,96.93177912970997,18189
"(1.0, 1.0)",1,96.93175958265384,18190
"(0.9833229101521784, 1.0)",2,96.9317035273269,18192
"(0.9069647153947764, 0.9749692931061258)",1,96.9317030649004,18193
"(0.8880748880748881, 0.972281746031746)",1,96.93159070422274,18194
"(0.9301209372637944, 0.9861310021084456)",1,96.9314961374932,18195
"(0.966586548597934, 0.9707095350359106)",1,96.93136609130268,18196
"(0.7084717607973421, 0.9764666952752286)",1,96.9305664909724,18197
"(0.899766806868672, 0.972420634920635)",1,96.93054645981908,18198
"(0.8365328658269835, 0.9958292603453894)",1,96.930419605784,18199
"(0.900838851006521, 0.9749088814411396)",2,96.93000191129435,18201
"(0.7601164382773579, 1.0)",1,96.9299389134813,18202
"(0.8137865219658889, 1.0)",1,96.929843764708,18203
"(0.932201731346617, 0.9764666952752286)",1,96.92966833891482,18204
"(0.9575913511472004, 0.9714285714285714)",1,96.92954410082268,18205
"(0.8997493734335841, 1.0)",1,96.92950444696278,18206
"(0.8518774267621343, 0.9766918866148322)",1,96.92944988472696,18207
"(0.8884797556713653, 0.987463247273494)",1,96.92917299598578,18208
"(1.0, 1.0)",1,96.92900761904608,18209
"(0.9102539775554236, 0.966546941357188)",1,96.92894188158732,18210
"(0.9372650231764934, 0.9748802746905214)",1,96.92871879062731,18211
"(0.9170333674010144, 0.972281746031746)",1,96.92867199543043,18212
"(0.837707400507675, 1.0)",1,96.92857662024844,18213
"(0.8372053872053872, 1.0)",1,96.92852931506437,18214
"(0.7665484369555701, 0.9650076460904662)",1,96.92838677331272,18215
"(0.8013184398461819, 0.9650076460904662)",2,96.9280271366522,18217
"(0.8533622685185187, 1.0)",1,96.92799297230492,18218
"(0.8796475392220073, 1.0)",1,96.92792199824792,18219
"(0.8796475392220073, 1.0)",2,96.92790115223016,18221
"(0.8996392387758612, 0.974863910036324)",1,96.927867305088,18222
"(0.9311507936507936, 0.972420634920635)",1,96.92779703997748,18223
"(0.8726893261776982, 0.9650076460904662)",1,96.9277036517826,18224
"(0.8420013166556946, 1.0)",1,96.92760437530212,18225
"(0.8703703703703703, 1.0)",1,96.92742646460576,18226
"(0.8739697232246253, 0.9749048084531956)",1,96.92713676266092,18227
"(1.0, 1.0)",1,96.92703164326872,18228
"(0.8982888105990573, 0.9958292603453894)",1,96.92700111783655,18229
"(0.93773047895128, 0.9916585206907788)",1,96.92690886586416,18230
"(0.9165164082221422, 1.0)",1,96.92687812987356,18231
"(0.934065934065934, 0.9833229101521784)",2,96.92655817622484,18233
"(0.931200007971039, 0.9873891625615764)",2,96.92651409666506,18235
"(0.9228120179844318, 0.987463247273494)",1,96.92649617157092,18236
"(0.9153439153439156, 0.9833229101521784)",1,96.92643949324152,18237
"(0.9331662489557224, 1.0)",1,96.92610977810926,18238
"(0.9028964862298196, 0.9861673414304992)",1,96.92588132115613,18239
"(0.9645238095238096, 0.9713574016563148)",1,96.92572300429374,18240
"(0.951892755797645, 0.9766918866148322)",1,96.92563562641196,18241
"(0.874450386215092, 0.972281746031746)",1,96.92554537985716,18242
"(0.9174699604767228, 0.9861310021084456)",1,96.92532484106584,18243
"(0.7574146783449108, 0.988167361639188)",1,96.92528291598356,18244
"(0.8153895365851999, 0.9643944553313464)",1,96.92510818065074,18245
"(0.934065934065934, 0.9833229101521784)",2,96.92504790841554,18247
"(0.8137865219658889, 1.0)",2,96.92499905167384,18249
"(0.4747763864042934, 1.0)",2,96.92463662371412,18251
"(0.8796475392220073, 1.0)",1,96.92442303187946,18252
"(0.9665831244778612, 1.0)",2,96.9235787674164,18254
"(0.9074007530174516, 0.9835199925522506)",1,96.92356304053006,18255
"(0.8432903075760217, 1.0)",1,96.92305689368814,18256
"(0.8867361313822293, 0.9916585206907788)",1,96.92262517066008,18257
"(0.8316498316498316, 0.9665831244778612)",2,96.922318525182,18259
"(0.9303715638302106, 1.0)",1,96.92209682431611,18260
"(0.9645938855657314, 0.9787142857142856)",3,96.9220227082303,18263
"(0.7837606837606838, 0.9861673414304992)",1,96.92200263263368,18264
"(0.7404350561362756, 0.9861310021084456)",1,96.9219069719907,18265
"(0.8736212624584717, 0.9885557944107872)",1,96.92183205233889,18266
"(0.9326599326599326, 0.9833229101521784)",2,96.9217396498168,18268
"(0.958319976073035, 0.9916585206907788)",1,96.9217267472047,18269
"(0.8374727668845315, 1.0)",1,96.92168535282129,18270
"(0.8455704732698088, 0.972281746031746)",2,96.9212285480646,18272
"(0.7308029243083128, 0.972281746031746)",1,96.921218765143,18273
"(0.8374874819183264, 0.9767441860465116)",2,96.920551243799,18275
"(0.7965746171391332, 1.0)",4,96.92035619897266,18279
"(0.8813457860512559, 0.9707095350359106)",1,96.92035186384796,18280
"(0.8929015655249481, 0.9958292603453894)",1,96.92015390330542,18281
"(0.7903875985986362, 1.0)",1,96.92014187062702,18282
"(0.835848883169409, 0.988167361639188)",2,96.91992704843511,18284
"(0.4997347908306813, 0.9861673414304992)",1,96.91986023737611,18285
"(0.7856964763329513, 0.9861673414304992)",1,96.919455522893,18286
"(0.9029281534808432, 0.9861673414304992)",1,96.91941303860216,18287
"(0.9566795633209296, 0.9641028246291404)",1,96.91902686112432,18288
"(0.9008025849489264, 1.0)",1,96.91885996175785,18289
"(0.9643944553313464, 0.9766918866148322)",1,96.91824507873692,18290
"(0.8877034517510707, 0.9861673414304992)",1,96.91819287725365,18291
"(0.8420013166556946, 1.0)",1,96.91807699099805,18292
"(0.8152898027898028, 0.9861673414304992)",1,96.91785779147682,18293
"(0.8814814814814814, 1.0)",1,96.91759328791848,18294
"(0.9574285714285714, 0.9751409401578528)",3,96.9172692021207,18297
"(0.9162596992611264, 0.972045976510262)",1,96.91713799631252,18298
"(0.8085976872468708, 0.9861310021084456)",1,96.91690611591132,18299
"(0.8151249335459861, 1.0)",1,96.91642707646922,18300
"(0.9073492428586464, 0.9714285714285714)",1,96.9162621965188,18301
"(0.9079075500409146, 0.9792406033772256)",1,96.91624074422124,18302
"(0.987463247273494, 0.9916585206907788)",1,96.9159975853222,18303
"(0.9158007932517735, 1.0)",2,96.91564630474662,18305
"(0.9309821833269412, 0.988167361639188)",1,96.915414697919,18306
"(0.8796475392220073, 1.0)",1,96.91529271064245,18307
"(0.9238400660955778, 0.97502985598876)",3,96.91507434455124,18310
"(0.8420013166556946, 1.0)",2,96.9147582859028,18312
"(0.7323695788812067, 0.9764666952752286)",1,96.9147475635296,18313
"(0.901028965681318, 0.9766918866148322)",1,96.91465779269312,18314
"(0.8805377184744008, 0.987463247273494)",2,96.91461939304736,18316
"(0.8685314685314685, 0.9650076460904662)",1,96.91461541939066,18317
"(0.816195709052852, 1.0)",2,96.91457861411928,18319
"(0.9326599326599326, 0.9833229101521784)",1,96.91453752217522,18320
"(0.901575014782562, 1.0)",1,96.91445298347216,18321
"(0.9643944553313464, 0.9650076460904662)",1,96.91427668052972,18322
"(0.8003813092161745, 0.9790755481078062)",1,96.91372400117402,18323
"(0.940928587432546, 0.9832925076188832)",1,96.9135221955406,18324
"(0.6767580302172832, 0.972281746031746)",1,96.91352151053088,18325
"(0.874450386215092, 0.972281746031746)",1,96.91351974611992,18326
"(0.6767580302172832, 0.972281746031746)",1,96.91314085487588,18327
"(0.7615072500907597, 0.9764666952752286)",2,96.91300791225532,18329
"(0.9535144014828052, 0.9787142857142856)",1,96.91296059586224,18330
"(0.9301209372637944, 0.9861310021084456)",1,96.91276093848074,18331
"(0.9572437766315318, 0.9645238095238096)",2,96.9124288248292,18333
"(0.6804620726495727, 0.986081059422206)",2,96.91232408874332,18335
"(0.930124456440246, 0.972045976510262)",1,96.91224676154847,18336
"(0.8755737752517938, 0.9748802746905214)",1,96.91153932960508,18337
"(0.9440529448756316, 0.9861673414304992)",1,96.91130716631002,18338
"(0.9166145507608924, 1.0)",1,96.91112491270016,18339
"(0.8586166985951469, 1.0)",2,96.91100948151193,18341
"(0.927109440267335, 0.9787142857142856)",3,96.9109973733376,18344
"(0.746304385688563, 0.986081059422206)",2,96.91087289039557,18346
"(0.8148308968977662, 0.9861310021084456)",1,96.91083775015068,18347
"(0.9230627959463646, 0.9713574016563148)",2,96.91082862058742,18349
"(0.9192093318943212, 1.0)",1,96.9101201665108,18350
"(0.9126251340467026, 0.9916585206907788)",1,96.90997185721471,18351
"(0.92975135975136, 0.972281746031746)",1,96.90981702315187,18352
"(0.927109440267335, 0.9751409401578528)",1,96.90965457591795,18353
"(0.8877034517510707, 0.9861673414304992)",1,96.90956134753468,18354
"(0.8358530587380517, 0.979166518665308)",1,96.90943344405744,18355
"(0.911234030893585, 0.9785714285714284)",1,96.90925473155852,18356
"(0.6611718926579557, 0.9861310021084456)",1,96.90923814648067,18357
"(0.7278086237149632, 1.0)",1,96.90915936052572,18358
"(0.9388917411828462, 0.9751409401578528)",1,96.90879708009504,18359
"(0.6813936996863826, 0.9861673414304992)",1,96.9085512720311,18360
"(0.8840455840455841, 1.0)",1,96.90840765594092,18361
"(0.9503338806787082, 0.9790755481078062)",1,96.90801409650436,18362
"(0.8471527473990528, 1.0)",2,96.90794640388162,18364
"(0.9374843410636878, 0.9958292603453894)",1,96.9076904464268,18365
"(0.927109440267335, 0.9681034738761426)",2,96.90768998599,18367
"(0.7280584513944579, 0.9861673414304992)",1,96.90751700623368,18368
"(0.9666666666666668, 0.9833229101521784)",1,96.90734141650005,18369
"(0.8840048840048841, 1.0)",1,96.9073356899859,18370
"(0.978621888315766, 0.9713574016563148)",1,96.90717407038298,18371
"(0.8552744708994707, 0.9861673414304992)",2,96.90705083933268,18373
"(0.8613656783468103, 1.0)",1,96.90704151589476,18374
"(0.8997493734335841, 1.0)",1,96.90703356885042,18375
"(0.9365496267832196, 0.987495927012056)",1,96.90675259541332,18376
"(0.8229870141950848, 1.0)",1,96.90613991859408,18377
"(0.865587044534413, 0.9780434995701116)",1,96.9059419992368,18378
"(0.8148308968977662, 0.972281746031746)",1,96.90560778485415,18379
"(0.9223799456357596, 0.9764666952752286)",1,96.90535925041628,18380
"(0.9300671002153482, 0.9861310021084456)",1,96.90528476365398,18381
"(0.9187883397948668, 0.9751409401578528)",3,96.90526300992106,18384
"(0.9392111404005912, 0.9716190476190476)",1,96.90467992419784,18385
"(0.8887868801004395, 0.9722222222222222)",1,96.90453185562694,18386
"(0.9250222656674272, 0.979388045540797)",2,96.9044500895666,18388
"(0.9665831244778612, 0.9833229101521784)",1,96.90429992518942,18389
"(0.9609357631051972, 0.9604593619418418)",3,96.90408256994802,18392
"(0.9622634791942192, 0.9790476832523552)",1,96.90404364480518,18393
"(0.9308697752778572, 0.9713574016563148)",1,96.90399791256829,18394
"(0.9746854694957162, 0.987463247273494)",1,96.90397663552744,18395
"(0.930124456440246, 1.0)",2,96.90397064016771,18397
"(0.9833229101521784, 1.0)",1,96.90389918448548,18398
"(0.9712822597033124, 0.9749692931061258)",1,96.9038345717638,18399
"(0.9640038239043044, 0.9678176625650188)",1,96.90380806198586,18400
"(0.8694224991654613, 0.9766918866148322)",1,96.9036589731522,18401
"(0.92132700797001, 0.979166518665308)",1,96.90303644158205,18402
"(0.9452474337657768, 0.9708659377729586)",1,96.90300253237228,18403
"(1.0, 1.0)",1,96.90254860418132,18404
"(0.9333333333333332, 1.0)",1,96.90240933565092,18405
"(0.9677353740627908, 0.97502985598876)",3,96.90193826510288,18408
"(0.9073492428586464, 0.9749692931061258)",3,96.90188655415214,18411
"(0.8374727668845315, 1.0)",1,96.90172403991583,18412
"(0.7830369357045144, 0.9650076460904662)",1,96.90149695082977,18413
"(0.8524016298728943, 0.9791258409522168)",1,96.90129476196785,18414
"(0.8685314685314685, 0.9766918866148322)",1,96.90109896174444,18415
"(0.9170333674010144, 0.972281746031746)",1,96.90083796846692,18416
"(0.7713401051412279, 1.0)",4,96.90076964098137,18420
"(0.9184901612842788, 0.9748802746905214)",1,96.90053938499445,18421
"(0.9309563801089225, 0.972281746031746)",1,96.90037682664402,18422
"(0.9502288074111276, 0.9751409401578528)",1,96.90035167957402,18423
"(0.8003813092161745, 0.9790755481078064)",1,96.90017286878906,18424
"(0.8372053872053872, 1.0)",1,96.89973486940306,18425
"(0.6260123507862112, 0.9764666952752286)",1,96.89942399340543,18426
"(0.8752738232213936, 0.9834113430318364)",1,96.89920665918284,18427
"(0.960666032023912, 0.9714285714285714)",1,96.89864331611952,18428
"(1.0, 1.0)",1,96.898574204245,18429
"(0.9284571698606786, 0.974656862745098)",1,96.8984089170115,18430
"(0.9609357631051972, 0.9640038239043044)",1,96.89834068538288,18431
"(0.8880748880748881, 0.972281746031746)",1,96.8982812972462,18432
"(0.8310777799491891, 0.9882048106149588)",1,96.89821162888856,18433
"(0.9309821833269412, 0.988167361639188)",2,96.8977557339032,18435
"(0.8796475392220073, 1.0)",1,96.89754758757628,18436
"(0.9198341746820448, 0.9790476832523552)",1,96.897494550625,18437
"(0.8813457860512559, 0.9748802746905214)",1,96.89632812100407,18438
"(0.3907368421052631, 0.9882320356476616)",1,96.8962247169752,18439
"(0.8715701474388204, 0.958422459893048)",1,96.89619770584748,18440
"(0.9162596992611264, 0.9861673414304992)",2,96.8957957470807,18442
"(0.6804620726495727, 1.0)",1,96.8957634083226,18443
"(0.983545503234046, 0.970532030342277)",1,96.89570463456604,18444
"(0.7348436174331348, 0.972281746031746)",2,96.8956743564286,18446
"(0.9032855633136024, 0.9861673414304992)",1,96.89550128519016,18447
"(0.9162596992611264, 0.972281746031746)",1,96.89510545305298,18448
"(0.9497171590194848, 0.9833229101521784)",1,96.89488061467904,18449
"(0.9259740526337398, 0.9785714285714284)",3,96.89451728887396,18452
"(0.8805377184744008, 0.979166518665308)",1,96.89436477482,18453
"(0.7275593800322061, 0.9861673414304992)",1,96.89422290249016,18454
"(0.9744745723240348, 0.9788980434141724)",1,96.89397932163035,18455
"(0.9110813074094206, 0.9766918866148322)",2,96.89384738978974,18457
"(0.9575913511472004, 0.9712822597033124)",1,96.893782878485,18458
"(0.9499687304565352, 0.9833229101521784)",1,96.89333457835062,18459
"(1.0, 0.9916625936787228)",1,96.89255316381325,18460
"(0.9168478260869564, 0.972420634920635)",1,96.89243196284885,18461
"(0.9058747619658436, 0.9748802746905214)",1,96.89235067564688,18462
"(0.9309563801089225, 0.972281746031746)",1,96.89223783755268,18463
"(0.8193419055822156, 0.9861673414304992)",1,96.89218732870098,18464
"(0.8319340617212959, 1.0)",1,96.89155962382864,18465
"(0.786508365740383, 0.9882048106149588)",1,96.89117014640298,18466
"(0.9161952650324744, 1.0)",1,96.89105308605777,18467
"(0.9372650231764934, 0.9832462877624168)",1,96.89062979742936,18468
"(0.5168441409023035, 0.9882320356476616)",1,96.89061006135375,18469
"(0.930124456440246, 1.0)",1,96.89047858152789,18470
"(0.8495378883833893, 0.9916666666666668)",1,96.89045162666346,18471
"(0.6020449077786688, 0.988167361639188)",1,96.8904484513116,18472
"(0.9497439544807966, 0.9716751084525852)",1,96.89015608995832,18473
"(0.9289131460479254, 0.9749957790106976)",1,96.88962671271231,18474
"(0.8322510822510822, 0.9861673414304992)",1,96.8893525310388,18475
"(0.9234894220441888, 0.987463247273494)",1,96.8886709668306,18476
"(0.8880748880748881, 0.972281746031746)",4,96.88863691360028,18480
"(0.8613482996991135, 0.9748802746905214)",1,96.8883767436838,18481
"(0.859499940327008, 0.9861673414304992)",1,96.888260235846,18482
"(0.882673371045464, 1.0)",1,96.88811883013103,18483
"(0.8880984643179766, 1.0)",1,96.8880391546456,18484
"(0.8557525637073444, 0.9958292603453894)",1,96.88787047549675,18485
"(0.9280459216361852, 0.9958292603453894)",1,96.88766038745132,18486
"(0.7665484369555701, 0.9766918866148322)",2,96.88764756584622,18488
"(0.8224713709935384, 0.9751915907925552)",1,96.8875650708146,18489
"(0.9069647153947764, 0.9749692931061258)",2,96.8872996781246,18491
"(0.8697983697983697, 1.0)",1,96.88725554467592,18492
"(0.8881475667189953, 0.958502024291498)",1,96.88714711737356,18493
"(0.9162596992611264, 0.972281746031746)",2,96.8870917451128,18495
"(0.7837967210499023, 0.9766918866148322)",1,96.88709120950148,18496
"(0.9284571698606786, 0.9707225685973314)",1,96.88672475376757,18497
"(0.9412964149491664, 0.9876907322068612)",1,96.88665716803976,18498
"(0.9398731501057084, 0.9766918866148322)",1,96.88587873329551,18499
"(0.9833229101521784, 1.0)",1,96.88559825132847,18500
"(0.8920217788143652, 0.9749048084531956)",1,96.88549564838624,18501
"(0.9223799456357596, 0.9764666952752286)",1,96.88478458111324,18502
"(0.9326599326599326, 0.9833229101521784)",1,96.88450239324467,18503
"(0.9184901612842788, 0.9790755481078062)",1,96.88441214520236,18504
"(0.9452474337657768, 0.9707095350359106)",1,96.8841405196513,18505
"(0.7704419291286595, 0.9650076460904662)",1,96.8839735886084,18506
"(0.9309563801089225, 0.972281746031746)",1,96.8834204202807,18507
"(0.8743078626799556, 0.9722222222222222)",1,96.88329673810756,18508
"(0.893146638589877, 1.0)",1,96.88317335532734,18509
"(0.5187734941865547, 0.972281746031746)",1,96.88304219535586,18510
"(0.8685314685314685, 0.9766918866148322)",1,96.88289227251803,18511
"(0.8322510822510822, 0.9861673414304992)",1,96.882832634633,18512
"(0.8976982097186702, 0.9833229101521784)",1,96.88259230315484,18513
"(0.9392111404005912, 0.9751409401578528)",2,96.88254434072456,18515
"(0.874450386215092, 0.972281746031746)",1,96.88223984995254,18516
"(0.8229870141950848, 0.9861673414304992)",1,96.88195415887702,18517
"(0.9280459216361852, 0.9958292603453894)",1,96.88159330557582,18518
"(0.9310391447174572, 0.978040051793672)",1,96.88156019085616,18519
"(0.8013184398461819, 0.9764666952752286)",2,96.88145891976376,18521
"(0.8704277165411618, 0.9861310021084456)",1,96.88112799017009,18522
"(0.8101143854687974, 1.0)",1,96.8810367954261,18523
"(0.9058747619658436, 0.9790755481078062)",1,96.88073931851484,18524
"(0.95, 0.9787142857142856)",3,96.88066713434996,18527
"(0.7836974395113928, 0.988167361639188)",1,96.88066468105148,18528
"(0.8884797556713653, 0.9623978877963696)",2,96.88060235557428,18530
"(0.7348436174331348, 0.972281746031746)",1,96.88029494076974,18531
"(0.9032855633136024, 0.9861673414304992)",1,96.87978438235938,18532
"(0.9497171590194846, 1.0)",1,96.87970856057694,18533
"(0.8874191651969431, 0.9861673414304992)",2,96.87968681139276,18535
"(0.828966378966379, 0.9861673414304992)",1,96.87946128419831,18536
"(1.0, 1.0)",1,96.87930857885232,18537
"(0.7687400318979267, 0.9833229101521784)",1,96.87901354201328,18538
"(0.9003351064851267, 0.9749052909377262)",1,96.87898413466226,18539
"(0.903667392883079, 0.9861673414304992)",1,96.87896637796412,18540
"(1.0, 1.0)",1,96.8789484032296,18541
"(0.9326599326599326, 1.0)",1,96.8788884545526,18542
"(0.901608756801166, 0.9783783191517684)",1,96.8788416130106,18543
"(0.882246838129191, 0.9916585206907788)",1,96.87882046254684,18544
"(0.8813457860512559, 0.9665633291439744)",1,96.87876635421118,18545
"(0.675924061824263, 0.972281746031746)",1,96.87797884154448,18546
"(0.8347775825943863, 0.9916585206907788)",1,96.87742961568676,18547
"(0.9764666952752286, 0.9522870228046522)",1,96.8769895833392,18548
"(0.8308201058201059, 0.9861673414304992)",1,96.87667887304184,18549
"(0.8557264819266099, 0.9650076460904662)",1,96.87637184339404,18550
"(0.9665831244778612, 1.0)",1,96.87603947052646,18551
"(0.987463247273494, 0.983545503234046)",1,96.87589196317188,18552
"(0.6813936996863826, 0.9861673414304992)",1,96.8755649573491,18553
"(0.861111111111111, 0.9833229101521784)",2,96.87529952196522,18555
"(0.8229870141950848, 0.9861673414304992)",2,96.8751306690522,18557
"(0.8653198653198653, 1.0)",1,96.87491261372332,18558
"(0.7632275132275131, 1.0)",1,96.87374310943235,18559
"(0.7856964763329513, 0.9861673414304992)",1,96.87360571129592,18560
"(0.8726893261776982, 0.9766918866148322)",1,96.87340404019288,18561
"(0.8871966240387292, 0.9861673414304992)",1,96.87319083315744,18562
"(0.9110813074094206, 0.9764666952752286)",1,96.87315367589666,18563
"(0.8865237997241394, 0.9790476832523552)",1,96.87295055041574,18564
"(0.9452474337657768, 0.9748802746905214)",1,96.87287061547212,18565
"(0.8222222222222222, 1.0)",1,96.87272062009065,18566
"(0.9540153992631536, 0.9751409401578528)",1,96.87255448548277,18567
"(0.8796475392220073, 1.0)",1,96.87213679100624,18568
"(0.6759495516512356, 0.9650076460904662)",1,96.87212087179584,18569
"(0.9574285714285714, 0.9751915907925552)",3,96.8718557696878,18572
"(0.8761383419447936, 0.9916585206907788)",1,96.87176708800492,18573
"(0.8622520112492773, 0.9748802746905214)",1,96.87164477088584,18574
"(0.7578667911609088, 0.9749692931061258)",1,96.87156695544545,18575
"(0.911234030893585, 0.9749692931061258)",3,96.87154041442048,18578
"(0.9666562434855118, 1.0)",1,96.87127660965167,18579
"(0.8883034087952121, 0.9861310021084456)",1,96.87100059582548,18580
"(0.7673678366541239, 1.0)",2,96.8709424868694,18582
"(0.9244352123384382, 0.979166518665308)",1,96.87089159751824,18583
"(0.931200007971039, 0.9916339869281046)",1,96.8707919642716,18584
"(0.8840455840455841, 1.0)",1,96.87048765468916,18585
"(0.7615072500907597, 0.9650076460904662)",2,96.87000992046173,18587
"(0.9184901612842788, 0.9832965806068272)",1,96.86957142626896,18588
"(0.90224161204236, 0.9861310021084456)",1,96.8689019377936,18589
"(0.9377148530109056, 0.991206314397104)",4,96.86888361594832,18593
"(0.6575398846941737, 1.0)",2,96.8687141885801,18595
"(0.9160264866799612, 0.9861673414304992)",1,96.868680722906,18596
"(0.7713401051412279, 1.0)",1,96.86867065674818,18597
"(0.9677353740627908, 0.9712822597033124)",3,96.86856507733114,18600
"(0.8468951683237397, 1.0)",1,96.86852188065124,18601
"(0.4737094237094237, 0.9861673414304992)",1,96.86829150380994,18602
"(0.9833229101521784, 1.0)",1,96.8681352614432,18603
"(0.6698155645524068, 1.0)",1,96.86689237171228,18604
"(0.9326599326599326, 1.0)",1,96.86677185394988,18605
"(0.746304385688563, 1.0)",2,96.86663723488034,18607
"(0.900838851006521, 0.987463247273494)",1,96.8661843218398,18608
"(0.8871966240387292, 0.9722222222222222)",2,96.86618418831462,18610
"(0.91326516498939, 0.9674579368659822)",1,96.86607801919456,18611
"(0.7547619047619047, 0.972281746031746)",1,96.86602732361246,18612
"(0.9680383516315252, 0.9678176625650188)",1,96.8659536836887,18613
"(0.960851077856154, 0.9676485688615069)",3,96.8656769793878,18616
"(0.978621888315766, 0.9714285714285714)",1,96.865425006178,18617
"(0.9535144014828052, 0.9751915907925552)",2,96.86531404610012,18619
"(0.9669795885118464, 0.9873444118605408)",2,96.86530703593094,18621
"(0.9368376974614298, 0.9874877810361682)",1,96.8651520042188,18622
"(0.8343125868233473, 0.9722222222222222)",1,96.864951829749,18623
"(0.958422459893048, 0.9861673414304992)",1,96.86482858099828,18624
"(0.9299160159815896, 1.0)",1,96.86474325339256,18625
"(0.9539751547184644, 0.9748802746905214)",1,96.86456882566377,18626
"(0.8743078626799556, 0.9861310021084456)",1,96.864408146821,18627
"(0.9299160159815896, 1.0)",1,96.8642036321838,18628
"(0.7999088007295942, 0.9766918866148322)",1,96.86409533278152,18629
"(0.9233339198521971, 0.97502985598876)",3,96.86399477422395,18632
"(0.970619176311776, 0.9873484848484848)",1,96.86376673488788,18633
"(0.9497171590194848, 0.9833229101521784)",2,96.8636482844222,18635
"(0.9274303852156144, 0.9832462877624168)",1,96.86348198981597,18636
"(0.7708796965987909, 0.9861673414304992)",1,96.86346960705217,18637
"(0.8982888105990573, 0.991777356103732)",1,96.86333695285876,18638
"(0.9301209372637944, 0.9861310021084456)",1,96.86275905656792,18639
"(0.8552744708994707, 0.9861673414304992)",1,96.86258712193543,18640
"(0.8420013166556946, 1.0)",1,96.86248578361436,18641
"(0.8697983697983697, 1.0)",1,96.8624038484135,18642
"(0.8687499999999999, 0.9766918866148322)",1,96.8617244421521,18643
"(0.8586166985951469, 1.0)",1,96.861606015679,18644
"(0.9301209372637944, 0.9861310021084456)",1,96.86139071592982,18645
"(0.9161952650324744, 1.0)",1,96.86084974596255,18646
"(0.8148308968977662, 0.9722222222222222)",1,96.86082656060998,18647
"(0.928246646317542, 0.987463247273494)",1,96.86066383592274,18648
"(0.9153127183787562, 0.972281746031746)",1,96.86061119868936,18649
"(0.9497171590194846, 1.0)",1,96.86054026220394,18650
"(0.9326599326599326, 0.9833229101521784)",1,96.86014825175596,18651
"(0.8796475392220073, 1.0)",1,96.85978220158486,18652
"(0.4776542240827955, 1.0)",1,96.85967825976024,18653
"(0.9528533742496432, 0.978621888315766)",1,96.859656616224,18654
"(0.8613656783468103, 1.0)",1,96.859601827666,18655
"(0.8310777799491891, 1.0)",1,96.85937412333686,18656
"(0.9586562930696936, 0.9832965806068272)",2,96.85924776286804,18658
"(0.9301209372637944, 0.9861310021084456)",1,96.85914605446548,18659
"(0.8726893261776982, 0.9766918866148322)",1,96.85914451651864,18660
"(0.828966378966379, 0.9861673414304992)",1,96.8589271346178,18661
"(0.8341307814992026, 1.0)",1,96.85879924110816,18662
"(0.9058747619658436, 0.9791373411534702)",1,96.85871193258478,18663
"(0.9833229101521784, 1.0)",1,96.85856485372356,18664
"(0.931200007971039, 0.9958292603453894)",1,96.85848231150496,18665
"(0.927109440267335, 0.9716190476190476)",1,96.85829747100024,18666
"(0.9162596992611264, 0.972281746031746)",1,96.85798334468078,18667
"(0.8760238095238095, 0.9916585206907788)",2,96.85778490641778,18669
"(0.6804620726495727, 1.0)",1,96.85768518113052,18670
"(0.9623066688389268, 0.987463247273494)",1,96.85761659145436,18671
"(0.9662506012506012, 0.9874877810361682)",1,96.85742872639788,18672
"(0.9348222545262322, 0.9751409401578528)",3,96.85665844550488,18675
"(0.8420013166556946, 1.0)",1,96.85665429216166,18676
"(0.8715701474388204, 0.972281746031746)",1,96.85651047279204,18677
"(0.8622520112492773, 0.9748802746905214)",1,96.8565081373126,18678
"(0.902898027898028, 0.9861310021084456)",1,96.85639359278876,18679
"(0.9372650231764934, 0.9832184229069656)",1,96.85638622481132,18680
"(0.9192093318943212, 1.0)",1,96.85603537194824,18681
"(0.9860411258716344, 0.972045976510262)",1,96.85603378739972,18682
"(0.8621197352815, 0.9861310021084456)",1,96.85602157332818,18683
"(0.8333192389006343, 0.988167361639188)",1,96.8553546319956,18684
"(0.8472645812528676, 0.9787142857142856)",2,96.85525609635054,18686
"(0.8010054664946871, 0.9861673414304992)",1,96.85525062968566,18687
"(0.933249791144528, 1.0)",1,96.85514253338395,18688
"(0.9751539794803552, 0.9958292603453894)",1,96.85483106165528,18689
"(0.9326599326599326, 0.9833229101521784)",1,96.85465688831368,18690
"(0.9494594905410846, 0.9749052909377262)",1,96.85431569376588,18691
"(0.7944219523166891, 1.0)",1,96.85426731615264,18692
"(0.8796475392220073, 1.0)",1,96.85412149038324,18693
"(0.8748200797381125, 0.9861310021084456)",1,96.85386485895008,18694
"(0.8518774267621343, 0.9764666952752286)",1,96.85384065396796,18695
"(0.6759495516512356, 0.9650076460904662)",1,96.85359019703974,18696
"(0.7458851447555765, 0.9764666952752286)",1,96.85358751249464,18697
"(0.9253213924599162, 0.9766918866148322)",1,96.8533656559408,18698
"(0.9098759089802734, 0.9832462877624168)",1,96.85328256283826,18699
"(0.6760835913312693, 0.986081059422206)",1,96.85328132192608,18700
"(1.0, 1.0)",1,96.852731642699,18701
"(0.9463627709416984, 0.9716190476190476)",1,96.8526155631954,18702
"(0.901608756801166, 0.9766889257907682)",1,96.85249267532303,18703
"(0.8148308968977662, 0.972045976510262)",1,96.852432867796,18704
"(0.7999088007295942, 0.9766918866148322)",1,96.85241419665552,18705
"(0.8884797556713653, 0.987463247273494)",2,96.85241152986757,18707
"(0.8715701474388204, 0.972281746031746)",1,96.85221908811312,18708
"(0.930124456440246, 0.972045976510262)",1,96.85173643537668,18709
"(0.8613656783468103, 1.0)",1,96.8516819042304,18710
"(0.9497171590194846, 0.9833229101521784)",1,96.85160858597646,18711
"(0.8883034087952121, 0.9861310021084456)",2,96.85132542044028,18713
"(0.9833229101521784, 1.0)",1,96.85129943791692,18714
"(0.9029270917406512, 0.9861673414304992)",1,96.8510264941561,18715
"(0.812557599070401, 1.0)",1,96.85043219443864,18716
"(0.9295946890286512, 0.986081059422206)",1,96.8503724880629,18717
"(0.8193419055822156, 0.972045976510262)",2,96.85033372375472,18719
"(0.9452474337657768, 0.9707095350359108)",1,96.85014000213732,18720
"(0.8687499999999999, 0.988167361639188)",1,96.85007194103132,18721
"(0.9497171590194848, 0.9833229101521784)",1,96.85002465513162,18722
"(0.9333044546043194, 0.987491854024112)",1,96.84991842316153,18723
"(0.978621888315766, 0.9604593619418418)",5,96.84985326209863,18728
"(0.8322510822510822, 0.9861673414304992)",1,96.84954953307576,18729
"(0.8760238095238095, 0.9958292603453894)",1,96.84913456787336,18730
"(1.0, 0.9833229101521784)",1,96.84852218536624,18731
"(0.8315416458960965, 0.9766918866148322)",1,96.84835185759673,18732
"(0.90224161204236, 0.9861310021084456)",1,96.848077135249,18733
"(0.5910680656443368, 1.0)",1,96.84785278051868,18734
"(0.8743078626799556, 0.9861310021084456)",1,96.84783092238416,18735
"(0.972281746031746, 0.9861310021084456)",1,96.84693392005744,18736
"(0.9333044546043194, 0.9916585206907788)",1,96.84640064012548,18737
"(0.8876473063973064, 0.972420634920635)",1,96.8459325955896,18738
"(0.8622520112492773, 0.9748802746905214)",1,96.84584908675258,18739
"(0.8533622685185187, 0.9861673414304992)",1,96.84581974944015,18740
"(0.8726893261776982, 0.9766918866148322)",2,96.8457773467489,18742
"(0.9535144014828052, 0.9751915907925552)",1,96.84567969640106,18743
"(0.8615866942983156, 1.0)",1,96.84556820984096,18744
"(0.902192297684101, 0.9861310021084456)",1,96.84538808890662,18745
"(0.9244352123384382, 0.979166518665308)",1,96.8451892530842,18746
"(0.9166682405676116, 1.0)",1,96.84496716390096,18747
"(0.837707400507675, 1.0)",1,96.844908225944,18748
"(0.9069647153947764, 0.9714285714285714)",1,96.84490584429484,18749
"(0.9497171590194846, 1.0)",2,96.8448616414822,18751
"(0.9392111404005912, 0.9716190476190476)",3,96.84470222233207,18754
"(0.6575398846941737, 1.0)",1,96.84465012822108,18755
"(0.874450386215092, 0.9579305879305878)",1,96.84464648369044,18756
"(0.8587195484254307, 0.9861310021084456)",1,96.84459358771124,18757
"(0.8249504969211211, 0.9766918866148322)",1,96.84442158267144,18758
"(0.9098759089802734, 0.9707095350359106)",1,96.844210879056,18759
"(0.8622520112492773, 0.9832462877624168)",1,96.84400302843426,18760
"(0.9187883397948668, 0.9787142857142856)",1,96.84366088551602,18761
"(0.934065934065934, 0.9833229101521784)",1,96.84331385338722,18762
"(0.903667392883079, 0.9861673414304992)",1,96.84314244995956,18763
"(0.765692887308966, 0.9722222222222222)",1,96.84293845104224,18764
"(0.9035493827160492, 0.9916585206907788)",1,96.84281581626875,18765
"(0.7979797979797979, 1.0)",1,96.8427768480219,18766
"(0.8518774267621343, 0.9764666952752286)",1,96.84268774189464,18767
"(0.9299160159815896, 0.9861673414304992)",1,96.84267416641563,18768
"(0.9154520780570968, 0.9663994991936168)",2,96.84207928075207,18770
"(0.9230627959463646, 0.97502985598876)",1,96.84201004288758,18771
"(0.9162596992611264, 0.9861673414304992)",1,96.8418074272384,18772
"(0.9502288074111276, 0.9751915907925552)",2,96.84138866908918,18774
"(0.8843764852418178, 0.9764666952752286)",2,96.84131125683496,18776
"(0.9069146290816338, 0.987463247273494)",1,96.84125459178829,18777
"(1.0, 1.0)",1,96.84119724268088,18778
"(0.9126251340467026, 0.9876066164491212)",1,96.84116575907971,18779
"(0.9640038239043044, 0.97502985598876)",1,96.84100770065967,18780
"(0.9160264866799612, 0.9861673414304992)",1,96.84098889718788,18781
"(0.6851668669379734, 0.9650076460904662)",1,96.84075922282244,18782
"(0.8455704732698088, 0.972281746031746)",1,96.84050574172288,18783
"(0.8177442148030384, 1.0)",1,96.84025993186316,18784
"(0.9497171590194846, 1.0)",1,96.83969555598996,18785
"(1.0, 1.0)",1,96.83956144828846,18786
"(0.9641028246291404, 0.9712822597033124)",1,96.83952001406756,18787
"(0.9297326845255915, 0.9916339869281046)",1,96.8394110911562,18788
"(0.9833229101521784, 1.0)",1,96.83879492351892,18789
"(0.8395301149279116, 0.9764666952752286)",1,96.83847894679582,18790
"(0.8920217788143652, 0.9501036866359448)",1,96.83818719477168,18791
"(0.930124456440246, 0.972045976510262)",1,96.8380019224347,18792
"(0.8621197352815, 0.972281746031746)",1,96.83778252784045,18793
"(0.751080181203132, 0.9861673414304992)",1,96.8377508523615,18794
"(0.8315474711586087, 0.987491854024112)",1,96.83741144196728,18795
"(0.8490208544183524, 0.972281746031746)",2,96.83738147392098,18797
"(0.9466127311522048, 0.991206314397104)",3,96.83696144645673,18800
"(0.6992775742775743, 0.9861673414304992)",1,96.83690208366188,18801
"(0.9072899678389874, 0.9832184229069656)",1,96.8364507203031,18802
"(0.9000617225831424, 0.9833229101521784)",1,96.83626282701152,18803
"(0.8884797556713653, 0.9832401090007582)",1,96.83618567694968,18804
"(0.7222222222222221, 1.0)",1,96.83617446958463,18805
"(0.9294287857678706, 0.9758777250199286)",1,96.83587454840584,18806
"(0.8329050741331443, 1.0)",1,96.83582558369126,18807
"(0.7615072500907597, 0.9650076460904662)",2,96.8355016084602,18809
"(0.9575913511472004, 0.9644491481508056)",1,96.8352813513447,18810
"(0.8315416458960965, 0.9766918866148322)",2,96.83496281725716,18812
"(0.8315416458960965, 0.988167361639188)",2,96.83496281725716,18814
"(0.9212328545548654, 0.9751409401578528)",3,96.83491530996515,18817
"(0.9110813074094206, 0.9764666952752286)",1,96.83448731609894,18818
"(0.9126251340467026, 0.9753376906318082)",1,96.83446566093528,18819
"(0.950508044522963, 0.987463247273494)",1,96.83425058883977,18820
"(0.7999088007295942, 0.9766918866148322)",1,96.83419702570257,18821
"(0.9497171590194846, 1.0)",1,96.83401044938437,18822
"(0.9574285714285714, 0.9787142857142856)",1,96.83366412441688,18823
"(0.9535144014828052, 0.9787142857142856)",3,96.83362056998304,18826
"(0.8929525217803214, 0.9716751084525852)",1,96.83340749349334,18827
"(0.972281746031746, 0.9861673414304992)",2,96.83322387738264,18829
"(0.8796475392220073, 0.9833229101521784)",2,96.83300495996664,18831
"(0.9019292060258446, 0.9861673414304992)",1,96.83294405619928,18832
"(0.9058747619658436, 0.9791299139401608)",1,96.83278875859438,18833
"(0.8739697232246253, 0.9584587060630704)",1,96.83268694815555,18834
"(0.8404355452872972, 0.972045976510262)",1,96.8325831685786,18835
"(0.9502288074111276, 0.9751409401578528)",1,96.83252794268992,18836
"(0.9833229101521784, 1.0)",1,96.83223755851373,18837
"(0.9497171590194848, 1.0)",1,96.83186151366868,18838
"(0.8676532769556025, 0.9882048106149588)",1,96.83168614564876,18839
"(0.874450386215092, 0.972281746031746)",4,96.83134910880426,18843
"(0.8715701474388204, 0.972281746031746)",1,96.83113584977016,18844
"(0.9102539775554236, 0.966546941357188)",1,96.8308225656222,18845
"(0.9326599326599326, 0.9833229101521784)",1,96.83019630629867,18846
"(0.7348436174331348, 0.9861310021084456)",1,96.83008229314544,18847
"(0.7802197802197803, 1.0)",1,96.83002098891836,18848
"(0.8586166985951469, 0.9861673414304992)",1,96.82964326999162,18849
"(0.8046854998719919, 0.9861673414304992)",1,96.8294077068976,18850
"(0.932201731346617, 0.9764666952752286)",2,96.82926751053604,18852
"(0.9162596992611264, 0.972420634920635)",1,96.82918651698046,18853
"(0.9452474337657768, 0.9790755481078062)",1,96.82917798051425,18854
"(0.9504245882013664, 0.9876066164491212)",2,96.82910790464868,18856
"(0.8589064384650125, 0.9748802746905214)",1,96.82892448879733,18857
"(0.8796475392220073, 1.0)",1,96.82886280055403,18858
"(0.9253213924599162, 0.9764666952752286)",1,96.82874813126182,18859
"(0.9187883397948668, 0.9787142857142856)",2,96.82861519185082,18861
"(0.9333333333333332, 1.0)",1,96.8285935288504,18862
"(0.6215073982652175, 1.0)",1,96.82858309950414,18863
"(0.9019154091522512, 0.9707225685973314)",1,96.82856637331516,18864
"(0.960666032023912, 0.9641967520703932)",1,96.82848723340145,18865
"(0.7323695788812067, 0.9766918866148322)",1,96.82820745893,18866
"(0.861111111111111, 1.0)",1,96.82815708907717,18867
"(0.7155555555555556, 1.0)",1,96.8280208053128,18868
"(0.9009534009534008, 1.0)",1,96.82792127641876,18869
"(0.799275702501509, 1.0)",1,96.82746839024078,18870
"(0.6825396825396824, 1.0)",1,96.8274679814612,18871
"(0.7903875985986362, 1.0)",1,96.82739884210552,18872
"(0.9165164082221422, 1.0)",1,96.82712148516651,18873
"(0.7348436174331348, 0.972281746031746)",1,96.82684148642032,18874
"(0.9154520780570968, 0.966514261618626)",2,96.826829484098,18876
"(0.9444901834607716, 0.9861673414304992)",1,96.8265678963696,18877
"(0.8801420274178757, 0.9643944553313464)",1,96.8265270991967,18878
"(0.8395301149279116, 0.9764666952752286)",1,96.82603223270446,18879
"(0.8848000715856217, 0.9861673414304992)",1,96.82569880784746,18880
"(0.9497171590194848, 0.9833229101521784)",1,96.82539203137075,18881
"(0.887135749940628, 0.9861673414304992)",1,96.82493400137884,18882
"(0.8334750774705025, 0.976761412575366)",1,96.82484595794114,18883
"(0.8976982097186702, 1.0)",1,96.82458689584128,18884
"(0.901575014782562, 0.986081059422206)",1,96.82458089986342,18885
"(0.9301209372637944, 0.9861310021084456)",1,96.824560879935,18886
"(0.7837606837606838, 0.9861673414304992)",1,96.82448346222168,18887
"(0.9028964862298196, 0.9861673414304992)",1,96.82437686225072,18888
"(0.7708796965987909, 0.9861673414304992)",1,96.82400596570407,18889
"(0.7999088007295942, 0.988167361639188)",2,96.82392027025664,18891
"(0.9459285785969274, 0.9751409401578528)",3,96.82383991130976,18894
"(0.9369808292429718, 0.987495927012056)",2,96.823736107318,18896
"(0.911234030893585, 0.9713574016563148)",3,96.8235315865864,18899
"(0.8374874819183264, 0.9764666952752286)",1,96.82346447590554,18900
"(0.9398731501057084, 0.988167361639188)",1,96.82332444856168,18901
"(0.9609357631051972, 0.9716190476190476)",1,96.8231966097425,18902
"(0.8743078626799556, 0.9722222222222222)",1,96.82295909514916,18903
"(0.911234030893585, 0.9749692931061258)",1,96.82287405819145,18904
"(0.9540153992631536, 0.9787142857142856)",3,96.82283749191411,18907
"(0.8996392387758612, 0.9748769435977443)",1,96.82274512208132,18908
"(0.9348222545262322, 0.9787142857142856)",3,96.8226399732112,18911
"(0.7833537331701346, 0.988167361639188)",2,96.82217978560534,18913
"(0.9162596992611264, 0.972045976510262)",1,96.82135964277558,18914
"(0.861111111111111, 1.0)",1,96.82115610586418,18915
"(0.9666666666666668, 0.9833229101521784)",2,96.8211281633774,18917
"(0.4039045743444857, 1.0)",1,96.8202506563542,18918
"(0.9162596992611264, 0.972281746031746)",1,96.81973008914666,18919
"(0.917545955938243, 0.9751915907925552)",1,96.81970166428512,18920
"(0.9604593619418418, 0.9640038239043044)",3,96.81959211175092,18923
"(0.9206165335472736, 0.9958292603453894)",2,96.81941241023476,18925
"(0.9535144014828052, 0.9716190476190476)",3,96.81936766225448,18928
"(0.9164187516971112, 0.966514261618626)",1,96.81895294764168,18929
"(0.9169719169719168, 1.0)",1,96.81881898544631,18930
"(0.8685314685314685, 0.9764666952752286)",1,96.81856323101064,18931
"(0.7955393345846944, 0.972045976510262)",1,96.81781618832456,18932
"(0.7280584513944579, 0.9861673414304992)",1,96.81775432303368,18933
"(0.8600291387756281, 0.97940697295536)",2,96.81766999195683,18935
"(0.9299160159815896, 0.9861673414304992)",1,96.81762067935908,18936
"(0.7362637362637362, 1.0)",1,96.81756065732426,18937
"(0.8871082621082622, 0.9861310021084456)",1,96.81706291802809,18938
"(0.9293300445873568, 0.9620847491815232)",2,96.81680204816138,18940
"(0.7665484369555701, 0.9766918866148322)",2,96.81654124870248,18942
"(0.8755370581729315, 0.9603476243044132)",3,96.81633760054402,18945
"(0.6749447402728794, 0.9722222222222222)",1,96.81602802822762,18946
"(0.9712822597033124, 0.9713574016563148)",3,96.8159230510464,18949
"(0.7294281157362763, 1.0)",3,96.81587498914456,18952
"(0.7965746171391332, 1.0)",1,96.81586197606794,18953
"(0.8182746938899523, 0.9861673414304992)",1,96.81585898738894,18954
"(0.9102539775554236, 0.9748802746905214)",1,96.81582039206084,18955
"(0.8846362470895226, 0.9677353740627908)",1,96.81509329535302,18956
"(0.9212328545548654, 0.9751409401578528)",1,96.81486998442664,18957
"(0.934065934065934, 0.9833229101521784)",1,96.81482013683777,18958
"(0.9162596992611264, 0.9861673414304992)",1,96.81443440521252,18959
"(0.9442283950617284, 1.0)",1,96.81417749930488,18960
"(0.9431186370412892, 0.9716190476190476)",3,96.81413885550418,18963
"(0.9833229101521784, 1.0)",1,96.81406548829436,18964
"(0.8420013166556947, 1.0)",1,96.81406025488292,18965
"(0.9497171590194846, 1.0)",1,96.81388790018109,18966
"(0.9497171590194848, 1.0)",2,96.81355205915676,18968
"(0.9454999712494968, 0.983451449983708)",1,96.81353240913838,18969
"(0.9, 1.0)",1,96.81350669478108,18970
"(0.9079075500409146, 0.9958292603453894)",1,96.81338671911833,18971
"(0.9164187516971112, 0.970703356274252)",1,96.81337157492462,18972
"(0.9058747619658436, 0.966546941357188)",1,96.81336671882066,18973
"(0.9073492428586464, 0.9714285714285714)",1,96.81312595939566,18974
"(0.933096859926128, 1.0)",1,96.812858218986,18975
"(0.9677353740627908, 0.9714285714285714)",1,96.81218564113922,18976
"(0.8193419055822156, 0.972045976510262)",1,96.8120577967837,18977
"(0.8247905643738976, 1.0)",1,96.81195990120312,18978
"(0.9860411258716344, 0.972045976510262)",1,96.81189530295426,18979
"(0.9497171590194848, 1.0)",2,96.811462599871,18981
"(1.0, 1.0)",1,96.81127544542178,18982
"(0.8315995778682346, 0.9861673414304992)",1,96.81116696895774,18983
"(0.6432772815188069, 0.972045976510262)",1,96.8110931586194,18984
"(0.865587044534413, 0.9824126287942077)",1,96.81096884614236,18985
"(0.9574285714285714, 0.9787142857142856)",2,96.81077260157696,18987
"(0.8229870141950848, 0.9861310021084456)",2,96.81051359324992,18989
"(0.8016677935542034, 0.9833229101521784)",2,96.81030724069755,18991
"(0.9284571698606786, 0.9748802746905214)",1,96.81020535201664,18992
"(0.9153439153439156, 0.9833229101521784)",1,96.81002369692304,18993
"(0.6992775742775743, 0.9861673414304992)",1,96.80985471233434,18994
"(0.9333044546043194, 0.9958292603453894)",1,96.80976048972136,18995
"(0.8372053872053872, 1.0)",1,96.80956161945524,18996
"(0.8435371534737285, 0.9643944553313464)",1,96.80944551475208,18997
"(0.6933160650937552, 0.988167361639188)",1,96.8093740346814,18998
"(0.8247905643738976, 1.0)",1,96.80934747639732,18999
"(0.9447665056360708, 0.972420634920635)",1,96.809298590539,19000
"(0.6575398846941737, 0.9882048106149588)",1,96.80922440774653,19001
"(0.7323695788812067, 0.9764666952752286)",1,96.80920802610764,19002
"(0.9234894220441888, 0.9660344745402216)",1,96.8090944975232,19003
"(0.8970129352925051, 0.9873891625615764)",1,96.80895714555766,19004
"(0.9255747723776658, 0.9787142857142856)",3,96.8088950929161,19007
"(0.95, 0.9787142857142856)",3,96.80863364948462,19010
"(0.9505232430050672, 0.9716190476190476)",1,96.80841863463742,19011
"(0.9916585206907788, 0.9832184229069656)",2,96.80812760612,19013
"(0.9499687304565352, 1.0)",1,96.80798332341044,19014
"(0.9000617225831424, 0.9833229101521784)",1,96.80794296442711,19015
"(0.7711781618000022, 1.0)",1,96.8079226532243,19016
"(0.8843764852418178, 0.9650076460904662)",1,96.80765824249524,19017
"(0.9746854694957162, 1.0)",2,96.80750612072248,19019
"(0.8899966931216932, 0.9861310021084456)",1,96.80750525225862,19020
"(0.934065934065934, 0.9833229101521784)",1,96.8074779130307,19021
"(0.9832965806068272, 0.9916666666666668)",1,96.80700240239888,19022
"(0.90650529457547, 0.9833040078201368)",1,96.80695318406568,19023
"(0.9531381014506703, 0.967895529128406)",1,96.80688897782748,19024
"(0.9153439153439156, 0.9833229101521784)",2,96.80688343355811,19026
"(0.8876473063973064, 0.9861673414304992)",1,96.80682442436608,19027
"(0.8013184398461819, 0.9764666952752286)",1,96.80678578057844,19028
"(0.8916138279602192, 0.9678176625650188)",1,96.80663704379307,19029
"(0.9497171590194846, 0.9833229101521784)",1,96.80659286572993,19030
"(0.8416827657517105, 0.9861310021084456)",1,96.80636771923923,19031
"(0.7109688804604058, 0.972281746031746)",2,96.80623861473296,19033
"(0.6526770767943084, 0.9861673414304992)",1,96.80613875587026,19034
"(0.8148308968977662, 0.9861310021084456)",1,96.80568968880296,19035
"(0.9540153992631536, 0.9787142857142856)",1,96.80546245209328,19036
"(0.8333192389006343, 0.9764666952752286)",1,96.80545903432429,19037
"(0.9647058823529412, 0.9882320356476616)",1,96.80524942512685,19038
"(0.9369808292429718, 0.9832925076188832)",1,96.80519800453334,19039
"(0.9069647153947764, 0.9713574016563148)",3,96.80491327567856,19042
"(0.7802197802197803, 1.0)",1,96.80476653697028,19043
"(0.7348436174331348, 0.972281746031746)",1,96.80464915443982,19044
"(0.9362689940183164, 0.9676485688615069)",3,96.80456138009453,19047
"(0.8753086419753084, 0.9722222222222222)",1,96.8045612399947,19048
"(0.901575014782562, 1.0)",1,96.80446864984532,19049
"(0.8586166985951469, 0.9861673414304992)",1,96.8042584334308,19050
"(0.9, 0.9833229101521784)",1,96.80424393949237,19051
"(1.0, 1.0)",1,96.80420060454094,19052
"(0.8468951683237397, 1.0)",1,96.8041233330572,19053
"(0.9609357631051972, 0.9749692931061258)",1,96.80395149384414,19054
"(0.9326599326599326, 1.0)",1,96.8039066873605,19055
"(0.8467532467532467, 1.0)",1,96.80386457784395,19056
"(0.9026337658413128, 0.9861673414304992)",1,96.80360709626936,19057
"(0.8618871810094527, 0.988167361639188)",1,96.80356535224514,19058
"(0.9003351064851267, 0.9677353740627908)",3,96.80355420475794,19061
"(0.911234030893585, 0.9678176625650188)",1,96.80316316764056,19062
"(0.8615866942983156, 1.0)",1,96.80296974217374,19063
"(0.9833229101521784, 1.0)",1,96.80284008495325,19064
"(0.9497171590194846, 0.9833229101521784)",2,96.80269515454108,19066
"(0.9427148033126296, 0.9715593185206444)",3,96.80260684558216,19069
"(0.9348222545262322, 0.9751409401578528)",1,96.80255987326863,19070
"(0.7119388248146047, 1.0)",1,96.80206040136716,19071
"(0.8651903651903651, 1.0)",1,96.8020493615916,19072
"(0.7077308656256025, 1.0)",2,96.80195946257804,19074
"(0.6444891298012474, 0.972281746031746)",1,96.80192593741609,19075
"(0.9422394177612392, 0.9642857142857144)",1,96.80125264346889,19076
"(0.7772049591964847, 0.9861673414304992)",1,96.80098778327552,19077
"(0.7856964763329513, 0.972045976510262)",2,96.80093526073262,19079
"(0.7090909090909091, 1.0)",1,96.80083063952728,19080
"(0.7833537331701346, 0.988167361639188)",1,96.7994451045439,19081
"(0.902192297684101, 0.9861310021084456)",1,96.79936586006004,19082
"(0.9833229101521784, 1.0)",1,96.7990989316904,19083
"(1.0, 1.0)",1,96.79900235677684,19084
"(0.8558955563806776, 0.9916585206907788)",1,96.79892331447076,19085
"(0.9641028246291404, 0.9714285714285714)",1,96.79882212634732,19086
"(0.6813936996863826, 0.9861673414304992)",2,96.79861190966106,19088
"(0.8490208544183524, 0.972281746031746)",1,96.79851373476316,19089
"(0.9299507899507898, 1.0)",1,96.79840639128597,19090
"(0.7704419291286595, 0.9764666952752286)",1,96.79814100565262,19091
"(0.6042502004811546, 1.0)",1,96.79805808303094,19092
"(0.765692887308966, 0.9861310021084456)",1,96.79793964316993,19093
"(0.9250222656674272, 0.9958292603453894)",1,96.79778451006618,19094
"(0.6544644252235129, 1.0)",1,96.79768550178473,19095
"(0.842200034135518, 0.9714285714285714)",1,96.79766947956246,19096
"(0.9131856219190184, 0.991777356103732)",2,96.79756163814274,19098
"(0.8524016298728943, 0.9707095350359108)",1,96.79752729703964,19099
"(0.8404355452872972, 0.972045976510262)",2,96.79752410617566,19101
"(0.9164187516971112, 0.9748802746905214)",1,96.79740864007348,19102
"(0.7532376017916352, 1.0)",1,96.79735653283753,19103
"(0.933096859926128, 0.9833229101521784)",1,96.7972575785217,19104
"(0.8333192389006343, 0.9766918866148322)",1,96.79724656303476,19105
"(0.7075825156110616, 0.991206314397104)",4,96.7971272258911,19109
"(0.8867361313822293, 0.9958292603453894)",2,96.79708708089088,19111
"(0.6767580302172832, 0.972281746031746)",1,96.79693902065144,19112
"(0.9573389777809668, 0.9681034738761426)",3,96.79671466186808,19115
"(0.978621888315766, 0.9607612022680516)",1,96.79655796198722,19116
"(0.7280584513944579, 0.9722222222222222)",1,96.79644327808217,19117
"(0.944073617452092, 1.0)",2,96.79593529888145,19119
"(0.8843764852418178, 0.9650076460904662)",2,96.79558096330332,19121
"(0.9161952650324744, 0.9833229101521784)",2,96.7955660918316,19123
"(0.7802197802197803, 1.0)",1,96.79555786451164,19124
"(0.8685314685314685, 0.9650076460904662)",1,96.79548993053558,19125
"(0.8547756205106323, 1.0)",2,96.79548193047228,19127
"(0.9459160985885124, 0.979166518665308)",1,96.7953206439789,19128
"(0.7344692811916678, 1.0)",1,96.7950597228814,19129
"(0.9165164082221422, 1.0)",1,96.7942162596376,19130
"(0.91326516498939, 0.9492063492063492)",1,96.79404541268416,19131
"(0.6813936996863826, 0.9861673414304992)",1,96.79352831142806,19132
"(0.9073006242305464, 0.9832965806068272)",1,96.79350274206227,19133
"(0.8013184398461819, 0.9650076460904662)",2,96.79334662800414,19135
"(0.8130477958637364, 0.9824126287942077)",1,96.7931733674085,19136
"(0.9311507936507936, 0.9585145265646386)",1,96.7930607456356,19137
"(0.7340930674264006, 1.0)",1,96.7929733841858,19138
"(0.933096859926128, 0.9833229101521784)",1,96.79293009405812,19139
"(0.7923306301473605, 0.9643944553313464)",1,96.7928697323886,19140
"(0.8899966931216932, 0.9861310021084456)",1,96.792191989302,19141
"(0.9450323339212228, 0.9861310021084456)",1,96.79188993661172,19142
"(0.7892960774346593, 0.9861673414304992)",1,96.79162973386404,19143
"(0.8589064384650125, 0.9748802746905214)",1,96.79160282927737,19144
"(0.9303715638302106, 1.0)",1,96.79151290234694,19145
"(0.9750780096985032, 0.9916585206907788)",1,96.79146119859682,19146
"(0.816195709052852, 1.0)",1,96.79141564399656,19147
"(0.9460547122074636, 0.9832679738562092)",2,96.79135207037268,19149
"(0.7786375661375661, 1.0)",1,96.79116899904722,19150
"(0.9609357631051972, 0.9532701550221768)",1,96.79105513509364,19151
"(0.8694224991654613, 0.9766918866148322)",1,96.79099886217638,19152
"(0.9666666666666668, 0.9833229101521784)",1,96.7909024709902,19153
"(0.902192297684101, 0.9861310021084456)",1,96.7907419907861,19154
"(0.9575913511472004, 0.9713574016563148)",1,96.79036446022351,19155
"(0.9640038239043044, 0.9749692931061258)",1,96.79034509445592,19156
"(0.9412964149491664, 0.9786897985000452)",1,96.79029661445894,19157
"(0.6813936996863826, 0.9861673414304992)",2,96.79024172939212,19159
"(0.9609357631051972, 0.9716190476190476)",1,96.79019673917132,19160
"(0.9528533742496432, 0.9749692931061258)",1,96.79018897901996,19161
"(0.3660238527416034, 1.0)",1,96.78988467801338,19162
"(0.9460547122074636, 0.9748802746905214)",1,96.78969229165824,19163
"(0.6825396825396824, 1.0)",1,96.78969159096016,19164
"(0.8456659619450317, 0.9764666952752286)",1,96.78967994007743,19165
"(1.0, 0.9833229101521784)",1,96.78960112791158,19166
"(0.9609357631051972, 0.9712822597033124)",1,96.78930430269986,19167
"(0.6575398846941737, 0.9882048106149588)",1,96.78914527001014,19168
"(0.7344692811916678, 0.9861673414304992)",1,96.78860292388424,19169
"(0.8319340617212959, 0.986081059422206)",2,96.78832329022292,19171
"(0.8432903075760217, 1.0)",1,96.78798959659844,19172
"(0.9050734423340914, 0.9916585206907788)",1,96.78796178623386,19173
"(0.6813936996863826, 0.9861673414304992)",1,96.7872467345112,19174
"(0.5145696010475885, 0.958422459893048)",1,96.78718859343653,19175
"(0.9230627959463646, 0.9714285714285714)",1,96.78613789590528,19176
"(0.7578328648096089, 0.988167361639188)",1,96.78601606534994,19177
"(0.8871082621082622, 0.972281746031746)",1,96.78570219550676,19178
"(0.9326599326599326, 1.0)",1,96.78569434095526,19179
"(0.843730230395311, 0.9764666952752286)",1,96.78562503934144,19180
"(0.9308697752778572, 0.9787142857142856)",1,96.78560406158594,19181
"(0.7632275132275131, 0.986081059422206)",1,96.78556827901276,19182
"(0.7647742788871822, 1.0)",4,96.78554430744605,19186
"(0.9030683555945836, 0.9766890215720122)",1,96.78552635532036,19187
"(0.7222222222222221, 1.0)",1,96.7854401127978,19188
"(0.9294287857678706, 0.964269276237512)",1,96.78456153911948,19189
"(0.8871082621082622, 0.9861310021084456)",1,96.7843008475407,19190
"(0.7772049591964847, 0.9722222222222222)",1,96.78425566643617,19191
"(0.9460547122074636, 0.9748802746905214)",1,96.7841972168186,19192
"(0.656307097369308, 0.9764666952752286)",1,96.78388104369697,19193
"(0.9422394177612392, 0.9676485688615069)",1,96.7838689672719,19194
"(0.9833229101521784, 1.0)",1,96.78349622474204,19195
"(0.6636745887678723, 1.0)",2,96.78338125511704,19197
"(0.9860411258716344, 0.972045976510262)",1,96.78336350395736,19198
"(0.7479743867590829, 1.0)",1,96.7831663177467,19199
"(0.8517690928240017, 0.9643944553313464)",1,96.78312558858843,19200
"(0.6907243513029603, 1.0)",1,96.78286670349635,19201
"(0.9166145507608924, 1.0)",1,96.78266413165817,19202
"(0.8715701474388204, 0.9861310021084456)",1,96.78259043560868,19203
"(0.8714600338553439, 0.9640038239043044)",3,96.7825700621518,19206
"(0.8916052423523688, 0.9748076591340348)",1,96.78249746106994,19207
"(0.9244352123384382, 0.979166518665308)",1,96.78242501247954,19208
"(0.6813936996863826, 0.9861673414304992)",1,96.78220858922286,19209
"(0.9008627640703112, 1.0)",1,96.78170991495726,19210
"(0.835848883169409, 0.9766918866148322)",1,96.78156065398991,19211
"(0.8902783631946863, 0.9861673414304992)",1,96.78154018944352,19212
"(0.934122934122934, 1.0)",1,96.78103504951288,19213
"(0.8016677935542034, 0.9833229101521784)",1,96.7809608588968,19214
"(0.9491452991452992, 0.967895529128406)",1,96.78095067794224,19215
"(0.7725182451236846, 0.9764666952752286)",1,96.78086346658492,19216
"(0.8172993116003869, 0.972420634920635)",1,96.7808256862178,19217
"(0.8920217788143652, 0.9707095350359106)",1,96.780472317621,19218
"(0.8420013166556946, 1.0)",1,96.780350358472,19219
"(0.8751897860593512, 0.9861673414304992)",1,96.78032006562194,19220
"(0.9310483384791604, 0.972420634920635)",1,96.78030358299652,19221
"(0.900838851006521, 0.9748802746905214)",1,96.7802692613497,19222
"(0.9161952650324744, 1.0)",1,96.78023943862686,19223
"(0.6575398846941737, 1.0)",1,96.77999253586978,19224
"(0.7124941087515932, 0.979391809568136)",1,96.77983158479184,19225
"(0.8456659619450317, 0.9764666952752286)",1,96.77954601343372,19226
"(0.9572437766315318, 0.9680383516315252)",1,96.77931398857312,19227
"(0.9250222656674272, 0.9834399497824544)",1,96.77912592202776,19228
"(0.911234030893585, 0.9678176625650188)",1,96.7789726790471,19229
"(0.859499940327008, 1.0)",2,96.77820392719256,19231
"(0.9164187516971112, 0.9790755481078062)",1,96.77773931412112,19232
"(0.9327510896243466, 0.9770269640986102)",1,96.77771670913488,19233
"(0.8976982097186702, 0.9833229101521784)",1,96.77739914765478,19234
"(0.9154520780570968, 0.9707095350359106)",1,96.77694636425618,19235
"(0.9326599326599326, 1.0)",1,96.77677481388764,19236
"(0.8016677935542034, 0.9833229101521784)",1,96.77664475162662,19237
"(0.9308697752778572, 0.9604593619418418)",1,96.77664312027196,19238
"(0.9165164082221422, 1.0)",2,96.776591027818,19240
"(0.9833229101521784, 1.0)",1,96.7765701581262,19241
"(0.9501563219469168, 0.9517406050739384)",1,96.776424071026,19242
"(0.947035873779261, 0.9716190476190476)",3,96.77619822908748,19245
"(0.930124456440246, 0.9861673414304992)",1,96.77617222858171,19246
"(0.6767580302172832, 0.972281746031746)",2,96.775910126438,19248
"(0.978621888315766, 0.9679690637004894)",1,96.77569307989964,19249
"(0.7854212454212455, 0.9861310021084456)",1,96.77565801837191,19250
"(0.8249504969211211, 0.988167361639188)",1,96.77562944986984,19251
"(0.9528533742496432, 0.9713574016563148)",3,96.77528847153532,19254
"(0.9073006242305464, 0.9748802746905214)",1,96.77528593906364,19255
"(1.0, 1.0)",1,96.77512205660544,19256
"(0.8871082621082622, 0.9861310021084456)",1,96.77507855838248,19257
"(0.6182998752190132, 0.9875003906274415)",1,96.7746859467658,19258
"(0.9184901612842788, 0.970937019969278)",1,96.77427858047751,19259
"(0.7823116219667945, 0.958502024291498)",1,96.77423748020011,19260
"(0.8455917807202996, 0.9764666952752286)",1,96.77417797537524,19261
"(0.8884797556713653, 0.9832462877624168)",1,96.77410985019483,19262
"(0.9499687304565352, 0.9833229101521784)",1,96.77362840759572,19263
"(0.4039045743444857, 0.9882048106149588)",1,96.7735175843943,19264
"(0.9058747619658436, 0.9790755481078062)",2,96.77346834663996,19266
"(0.8219317364145453, 0.9780434995701116)",1,96.77340717249945,19267
"(0.7121693121693121, 1.0)",1,96.77306822601916,19268
"(0.8884797556713653, 0.9707210352371642)",1,96.77287881642904,19269
"(0.9460547122074636, 0.9748802746905214)",1,96.7728586140231,19270
"(0.8874191651969431, 0.9861673414304992)",1,96.77283502986285,19271
"(0.944120583717358, 0.9527412908673272)",1,96.7728096139638,19272
"(0.8871082621082622, 0.972281746031746)",2,96.7725291723695,19274
"(0.9146901709401708, 0.972281746031746)",1,96.77224026072015,19275
"(0.7121693121693121, 1.0)",2,96.77212222654563,19277
"(0.7479743867590829, 1.0)",1,96.7720283112761,19278
"(0.9539751547184644, 0.9832965806068272)",2,96.7719791955961,19280
"(0.8420013166556946, 1.0)",1,96.7719478649805,19281
"(0.9427148033126296, 0.9787142857142856)",3,96.77160070975756,19284
"(0.9876066164491212, 0.9916585206907788)",1,96.77138572988356,19285
"(0.7965746171391332, 1.0)",1,96.771107589039,19286
"(0.8589064384650125, 0.9788242713069318)",2,96.77092474193728,19288
"(0.6780640099515026, 0.9780434995701116)",3,96.77088758545656,19291
"(0.9153439153439156, 0.9833229101521784)",1,96.77078310057468,19292
"(0.9362689940183164, 0.9749692931061258)",1,96.77027702931775,19293
"(0.9333044546043194, 0.9916585206907788)",1,96.76938183052476,19294
"(0.8151249335459861, 1.0)",1,96.76932766210668,19295
"(0.675924061824263, 0.972281746031746)",1,96.76892875113334,19296
"(0.8947046219773493, 0.988167361639188)",1,96.7687650947072,19297
"(0.8572048611111112, 0.9861673414304992)",1,96.76875794902398,19298
"(0.7916666666666666, 1.0)",1,96.76867440868452,19299
"(0.8372053872053872, 1.0)",1,96.7686474384092,19300
"(0.5187734941865547, 0.972281746031746)",1,96.76848647375984,19301
"(0.9833229101521784, 1.0)",1,96.76836380375885,19302
"(0.8920217788143652, 0.966335844210607)",1,96.76830417372604,19303
"(1.0, 1.0)",1,96.76829454143405,19304
"(1.0, 1.0)",1,96.7682887795837,19305
"(0.738145558145558, 1.0)",1,96.7680288566048,19306
"(0.8294970161977834, 1.0)",1,96.76790498310248,19307
"(0.9158007932517735, 1.0)",1,96.76775406413329,19308
"(0.8958208965097509, 0.9876066164491212)",1,96.76743784802396,19309
"(0.9566795633209296, 0.9749692931061258)",1,96.767428286845,19310
"(0.9531381014506703, 0.9677353740627908)",1,96.76741989266802,19311
"(0.8871966240387292, 0.972252530763169)",1,96.76733461678684,19312
"(0.9003556829643787, 1.0)",1,96.76726894404828,19313
"(0.8885714285714285, 1.0)",1,96.7670758200626,19314
"(0.8631918334993627, 0.9833229101521784)",1,96.76697652562272,19315
"(0.799275702501509, 1.0)",1,96.76666549852456,19316
"(0.7999088007295942, 0.9766918866148322)",2,96.76654289513488,19318
"(0.7903875985986362, 1.0)",1,96.76642132857508,19319
"(0.8813457860512559, 0.9790755481078062)",1,96.76616137547832,19320
"(0.9833229101521784, 1.0)",1,96.76602198629024,19321
"(0.9161952650324744, 1.0)",1,96.76584945161532,19322
"(1.0, 1.0)",1,96.76577466550532,19323
"(0.8843764852418178, 0.9764666952752286)",1,96.76557563903138,19324
"(0.9833040078201368, 0.9873444118605408)",1,96.76519160775295,19325
"(0.9331662489557224, 1.0)",1,96.7647181642798,19326
"(0.9641028246291404, 0.9678176625650188)",1,96.76456694722692,19327
"(0.9583930063253372, 1.0)",1,96.7643846015118,19328
"(0.8848000715856217, 0.9861673414304992)",1,96.76402373353164,19329
"(0.8315474711586087, 0.9916585206907788)",1,96.76374993226835,19330
"(0.8506653943511476, 0.991206314397104)",4,96.76367155206717,19334
"(0.9603476243044132, 0.9714285714285714)",2,96.763616170402,19336
"(0.6432772815188069, 0.972045976510262)",1,96.7633769757868,19337
"(0.8887419165196944, 0.972045976510262)",2,96.7633247816508,19339
"(0.9399739902831624, 0.9641028246291404)",3,96.76294727167964,19342
"(0.8435371534737285, 0.9643944553313464)",1,96.76282078798954,19343
"(0.902192297684101, 0.9861310021084456)",1,96.76243558451591,19344
"(0.7772049591964847, 0.9861673414304992)",1,96.76242372064718,19345
"(0.9372650231764934, 0.9748802746905214)",1,96.76231739367655,19346
"(0.8416827657517105, 0.9861310021084456)",1,96.76219651901684,19347
"(0.9609357631051972, 0.9751409401578528)",1,96.7616548356205,19348
"(0.9442283950617284, 1.0)",1,96.76151120633624,19349
"(0.746304385688563, 1.0)",1,96.76138262290247,19350
"(0.8435010386583575, 0.9861310021084456)",1,96.76096769086254,19351
"(0.8249504969211211, 0.9766918866148322)",1,96.7608981466895,19352
"(0.9643944553313464, 0.9764666952752286)",1,96.7606354243284,19353
"(0.95, 0.9716190476190476)",1,96.76060059256618,19354
"(0.8976982097186702, 1.0)",1,96.7601904551064,19355
"(0.874450386215092, 0.9445235834124724)",1,96.7601383754294,19356
"(0.7401844059863599, 0.972420634920635)",1,96.75925861588156,19357
"(0.8874191651969431, 0.9861673414304992)",1,96.75908832335296,19358
"(0.9666562434855118, 1.0)",1,96.75896164065098,19359
"(0.8895939931776995, 0.9749910873440284)",1,96.75889305547676,19360
"(0.9238400660955778, 0.9785714285714284)",1,96.75887036165602,19361
"(0.6521663785997688, 1.0)",1,96.75842447677374,19362
"(0.8310457516339869, 0.9882320356476616)",1,96.75842327821022,19363
"(0.9645938855657314, 0.9751409401578528)",3,96.75841993412575,19366
"(0.7665484369555701, 0.9650076460904662)",2,96.75834523742029,19368
"(0.808446455505279, 1.0)",1,96.75828938216289,19369
"(1.0, 0.9788980434141724)",1,96.75767039067308,19370
"(0.6698155645524068, 1.0)",1,96.75752091595676,19371
"(0.8743078626799556, 0.9861310021084456)",1,96.75730472883698,19372
"(0.8871966240387292, 0.9861673414304992)",1,96.75728801660514,19373
"(0.7916666666666666, 1.0)",1,96.75725494471664,19374
"(0.7212492118244873, 0.9766918866148322)",1,96.75699238612005,19375
"(0.9099563673769218, 0.9916585206907788)",1,96.7568272091246,19376
"(0.9622634791942192, 0.9749998519986416)",2,96.75629263629304,19378
"(0.5145696010475885, 0.9861310021084456)",1,96.7559530065026,19379
"(0.9436368312757202, 0.9861673414304992)",1,96.7558798886636,19380
"(0.8715701474388204, 0.972281746031746)",1,96.7558537840602,19381
"(0.9234894220441888, 0.9747552605159095)",1,96.7552213960788,19382
"(0.7259530953852703, 0.9764666952752286)",1,96.75450041938592,19383
"(0.978621888315766, 0.978518051242236)",3,96.75439180519668,19386
"(0.9030683555945836, 0.977027006050936)",1,96.75438214394714,19387
"(0.5187734941865547, 0.972281746031746)",1,96.75438098692378,19388
"(0.9436368312757202, 0.9861310021084456)",1,96.7543225520493,19389
"(0.9300671002153482, 1.0)",1,96.75429493028248,19390
"(0.7729389061386163, 0.988167361639188)",2,96.75425220496938,19392
"(1.0, 1.0)",2,96.75412875242704,19394
"(0.7708796965987909, 0.9861310021084456)",1,96.75376840874851,19395
"(0.816195709052852, 1.0)",1,96.75375694270517,19396
"(0.9572437766315318, 0.9787142857142856)",3,96.75367565595658,19399
"(0.6042502004811546, 1.0)",2,96.75343574709709,19401
"(0.8631546198466533, 0.9764666952752286)",1,96.75326518431795,19402
"(0.7323695788812067, 0.9766918866148322)",1,96.75314732091714,19403
"(0.926397848615755, 0.9780434995701116)",1,96.75301677463558,19404
"(0.7880931329207191, 1.0)",1,96.75280380284283,19405
"(0.874450386215092, 0.972281746031746)",2,96.75257610726284,19407
"(0.9165164082221422, 1.0)",1,96.7525411868194,19408
"(0.8982888105990573, 1.0)",2,96.75235203279044,19410
"(0.8124923632552741, 0.9861673414304992)",1,96.75228344414992,19411
"(0.9833229101521784, 1.0)",1,96.75225380214476,19412
"(0.9034438470728792, 0.987495927012056)",1,96.75223690980977,19413
"(0.7278086237149632, 1.0)",1,96.75220599454624,19414
"(0.9876066164491212, 0.9958292603453894)",1,96.75205884235012,19415
"(0.7532376017916352, 1.0)",1,96.75162839694684,19416
"(0.9153439153439152, 1.0)",1,96.75151912423026,19417
"(0.8455917807202996, 0.9764666952752286)",1,96.75080949432652,19418
"(0.8229870141950848, 0.9861673414304992)",1,96.7507164747864,19419
"(0.8589064384650125, 0.9748802746905214)",1,96.75068390183728,19420
"(0.9609357631051972, 0.9751915907925552)",3,96.7505740839882,19423
"(0.7278086237149632, 1.0)",2,96.75044166811136,19425
"(0.9166145507608924, 1.0)",1,96.75020778820684,19426
"(0.8631546198466533, 0.9643944553313464)",1,96.74988323796546,19427
"(0.9280317595086728, 0.9916585206907788)",1,96.749798549387,19428
"(0.8876473063973064, 0.972420634920635)",1,96.74944779384164,19429
"(0.8524016298728943, 0.9790972342015986)",2,96.74929711643536,19431
"(0.8976982097186702, 1.0)",1,96.74927834131674,19432
"(0.8817475948844137, 0.9708005055934128)",1,96.74874253062208,19433
"(0.9580331374974232, 1.0)",2,96.74863576456416,19435
"(0.944563492063492, 1.0)",1,96.74851802874352,19436
"(0.9309563801089225, 0.9861310021084456)",4,96.74847773626595,19440
"(0.9680383516315252, 0.9749692931061258)",1,96.74837340980484,19441
"(0.7772049591964847, 0.9861673414304992)",1,96.74810834982766,19442
"(0.9205517358458536, 0.9958292603453894)",1,96.7478668823344,19443
"(0.9666666666666668, 0.9833229101521784)",1,96.7478611028406,19444
"(0.9131755270308844, 0.9770265865226794)",1,96.74781797671729,19445
"(0.842200034135518, 0.97502985598876)",3,96.74772714799754,19448
"(0.944563492063492, 0.986081059422206)",1,96.74749034647353,19449
"(0.8846362470895226, 0.97502985598876)",1,96.7473996245658,19450
"(0.9494594905410846, 0.9713574016563148)",3,96.7472890820109,19453
"(0.779286067193676, 0.9749910873440284)",1,96.74724281410025,19454
"(0.9436368312757202, 0.972281746031746)",1,96.74699803184274,19455
"(0.9153127183787562, 0.972420634920635)",1,96.74675923061264,19456
"(0.7754356452726017, 0.9722222222222222)",1,96.74642944557068,19457
"(0.8748200797381125, 0.9861310021084456)",1,96.74621833601572,19458
"(0.7708796965987909, 0.9861673414304992)",2,96.7456753050752,19460
"(0.8847822547822548, 0.9861673414304992)",1,96.7455931677736,19461
"(0.972281746031746, 0.9861673414304992)",1,96.74543652534528,19462
"(0.8622520112492773, 0.9832679738562092)",1,96.74520144735732,19463
"(0.8871966240387292, 0.972420634920635)",1,96.74517019332718,19464
"(0.9372650231764934, 0.979357398873528)",1,96.74483374549666,19465
"(0.8796475392220073, 1.0)",1,96.7446809221206,19466
"(0.8876473063973064, 0.9861673414304992)",1,96.74467976651744,19467
"(0.9161952650324744, 1.0)",1,96.74442087387428,19468
"(0.8715701474388204, 0.972281746031746)",4,96.7442577974153,19472
"(0.8300265307680562, 0.9861673414304992)",1,96.7442024736772,19473
"(0.9665831244778612, 0.9833229101521784)",1,96.74409335035256,19474
"(0.8224713709935384, 0.9751409401578528)",2,96.74405376680043,19476
"(0.9572437766315318, 0.9751409401578528)",1,96.74398091728249,19477
"(0.8449978636391381, 0.988167361639188)",1,96.74383713763116,19478
"(0.8390424521630195, 0.9861673414304992)",2,96.74379471056002,19480
"(0.7665484369555701, 0.9650076460904662)",1,96.74345106057451,19481
"(0.8621031746031745, 0.9861310021084456)",1,96.74332461221992,19482
"(0.6611718926579557, 0.9861310021084456)",2,96.74286271123826,19484
"(0.916104916104916, 1.0)",1,96.74277886572207,19485
"(0.7729389061386163, 0.988167361639188)",2,96.74277672994502,19487
"(0.9244352123384382, 0.979166518665308)",1,96.74277194938396,19488
"(0.8621031746031745, 0.9861310021084456)",1,96.74245658719344,19489
"(0.95305342208568, 0.987463247273494)",1,96.7423306568828,19490
"(0.8229870141950848, 0.972281746031746)",2,96.74230326476444,19492
"(0.617513611615245, 1.0)",1,96.74178528380784,19493
"(0.8013184398461819, 0.9764666952752286)",1,96.74148218583778,19494
"(0.8294970161977834, 1.0)",1,96.74147462857889,19495
"(0.9676485688615069, 0.9676485688615069)",3,96.74117895161145,19498
"(0.9641028246291404, 0.9678176625650188)",1,96.7408820501827,19499
"(0.9131755270308844, 0.9777025805475406)",1,96.740097575885,19500
"(0.9102539775554236, 0.9748802746905214)",1,96.73998804262592,19501
"(0.8333192389006343, 0.988167361639188)",1,96.73990681119744,19502
"(0.7372334455667788, 1.0)",2,96.73988891459707,19504
"(0.8333192389006343, 0.988167361639188)",1,96.739869187913,19505
"(0.8902783631946863, 0.9861673414304992)",1,96.739820146178,19506
"(0.9645238095238096, 0.9713574016563148)",1,96.73946754110987,19507
"(0.8016677935542034, 0.9833229101521784)",2,96.7394384088128,19509
"(0.9641028246291404, 0.9640038239043044)",1,96.73939418463333,19510
"(0.8224713709935384, 0.9751915907925552)",3,96.73938372479948,19513
"(0.8871918136624019, 0.9861673414304992)",1,96.73933402203863,19514
"(0.92132700797001, 0.979166518665308)",1,96.73916963959438,19515
"(0.5466837142306626, 0.9861673414304992)",1,96.73881779459413,19516
"(0.9429917021753756, 0.9642857142857144)",1,96.73860209893613,19517
"(0.8229870141950848, 0.972281746031746)",1,96.73854259352504,19518
"(0.8358530587380517, 0.9832184229069656)",1,96.73813049269522,19519
"(0.9288982963016116, 0.9715593185206444)",3,96.73803704365716,19522
"(0.9422394177612392, 0.9640038239043044)",3,96.73768210355055,19525
"(0.9187883397948668, 0.9787142857142856)",2,96.73762960461627,19527
"(0.8847822547822548, 0.9861673414304992)",1,96.73756291041084,19528
"(0.7708796965987909, 0.9861673414304992)",1,96.7373832363243,19529
"(0.8685314685314685, 0.9764666952752286)",1,96.73729318578894,19530
"(0.8726893261776982, 0.9766918866148322)",1,96.73716190055728,19531
"(0.9308697752778572, 0.9640038239043044)",3,96.73714095309774,19534
"(0.9348222545262322, 0.9751409401578528)",2,96.73687783237942,19536
"(0.9379369827374928, 0.9677353740627908)",1,96.73664449429768,19537
"(0.9497171590194848, 1.0)",1,96.7365864905966,19538
"(0.9645938855657314, 0.9540977572753596)",1,96.73627397889445,19539
"(0.9153439153439152, 1.0)",1,96.73596985767092,19540
"(0.6215073982652175, 0.9882048106149588)",2,96.73591344585876,19542
"(0.8631546198466533, 0.9650076460904662)",1,96.73589262600996,19543
"(0.9297326845255915, 0.979166518665308)",1,96.7356784253359,19544
"(0.8840455840455841, 1.0)",1,96.73564975588404,19545
"(0.828966378966379, 0.9861673414304992)",1,96.73563563987317,19546
"(0.8490208544183524, 0.9861310021084456)",1,96.7354191300065,19547
"(0.9641028246291404, 0.9785714285714284)",1,96.73501425330508,19548
"(0.8884797556713653, 0.9748802746905214)",1,96.73496880478083,19549
"(0.7923306301473605, 0.9764666952752286)",2,96.73492422860528,19551
"(0.9274252484800152, 0.9958292603453894)",1,96.73490192004849,19552
"(0.9162596992611264, 0.9861310021084456)",1,96.73463204292956,19553
"(0.944073617452092, 1.0)",1,96.73393977638112,19554
"(0.9242940544664684, 0.9708005055934128)",1,96.7339221605135,19555
"(0.812557599070401, 1.0)",2,96.7335707735904,19557
"(0.828966378966379, 0.9861673414304992)",1,96.7335059756929,19558
"(0.9308697752778572, 0.9714285714285714)",1,96.7334731698544,19559
"(0.7222222222222221, 1.0)",2,96.73329872383084,19561
"(0.8490208544183524, 0.972281746031746)",1,96.73269153351562,19562
"(0.9295946890286512, 1.0)",2,96.73256816036118,19564
"(0.8715701474388204, 0.972281746031746)",1,96.73238068193272,19565
"(0.917849761232425, 1.0)",1,96.7321699825556,19566
"(0.8152898027898028, 0.9861673414304992)",1,96.73178676526526,19567
"(0.8743078626799556, 0.9861310021084456)",1,96.73172115151556,19568
"(0.9146901709401708, 0.9861310021084456)",2,96.73146167421704,19570
"(0.8982905982905984, 0.9680383516315252)",3,96.73133438980912,19573
"(0.9540153992631536, 0.9751409401578528)",1,96.7312997524475,19574
"(0.7729389061386163, 0.988167361639188)",2,96.7311618370798,19576
"(0.8840048840048841, 1.0)",1,96.7310714495902,19577
"(0.8725285568772964, 0.972045976510262)",1,96.73102485371764,19578
"(0.9833229101521784, 1.0)",1,96.73093768907712,19579
"(0.8587195484254307, 0.972281746031746)",1,96.73058623169987,19580
"(0.7532376017916352, 1.0)",1,96.73052230533212,19581
"(0.8329050741331443, 1.0)",1,96.73037057410544,19582
"(0.917849761232425, 0.9882048106149588)",1,96.7302947130634,19583
"(0.6759495516512356, 0.9766918866148322)",1,96.7302110336244,19584
"(0.8916138279602192, 0.97502985598876)",3,96.7301062288809,19587
"(0.9572437766315318, 0.9787142857142856)",1,96.73005001768308,19588
"(0.7060994560994561, 1.0)",1,96.73003811074716,19589
"(0.9013741688985591, 0.9916585206907788)",1,96.72988388050122,19590
"(0.8929015655249481, 0.9832184229069656)",2,96.72986347131928,19592
"(0.9540153992631536, 0.9751409401578528)",2,96.72981956695575,19594
"(0.9162596992611264, 0.972420634920635)",1,96.72930591147264,19595
"(0.617513611615245, 1.0)",1,96.7292891650104,19596
"(0.9579305879305878, 0.972281746031746)",1,96.72925729046332,19597
"(0.835848883169409, 0.9766918866148322)",1,96.72922187327362,19598
"(0.4737094237094237, 0.9861673414304992)",1,96.72872994094988,19599
"(0.861111111111111, 1.0)",1,96.72871158963883,19600
"(0.8148308968977662, 0.9861310021084456)",1,96.7285422679771,19601
"(0.7803195571784078, 0.9780434995701116)",1,96.72853288878407,19602
"(0.9505232430050672, 0.9716190476190476)",3,96.72848537801246,19605
"(0.9160264866799612, 0.9861673414304992)",1,96.72835650206328,19606
"(0.8523797616070684, 0.9758777250199286)",1,96.7282182673603,19607
"(0.6851668669379734, 0.9650076460904662)",1,96.72794113181098,19608
"(0.8589064384650125, 0.9707095350359106)",1,96.7278378824631,19609
"(0.8884797556713653, 0.9707095350359106)",1,96.72729180436184,19610
"(1.0, 0.9833229101521784)",2,96.7271483776992,19612
"(0.8010054664946871, 0.9861673414304992)",1,96.72679530281636,19613
"(0.5131569832583307, 1.0)",1,96.72660980951004,19614
"(0.9000617225831424, 0.9833229101521784)",1,96.7265546435224,19615
"(0.9712822597033124, 0.9679690637004894)",1,96.72600746886069,19616
"(0.9497171590194848, 1.0)",2,96.72596990548112,19618
"(0.8716153127917834, 0.9861673414304992)",1,96.72561288904888,19619
"(0.8003813092161745, 0.9790755481078062)",1,96.7254797234887,19620
"(0.8847822547822548, 0.9861310021084456)",1,96.72528398499826,19621
"(0.8887419165196944, 0.9861310021084456)",1,96.72522598314572,19622
"(0.8715701474388204, 0.972281746031746)",1,96.72499237570013,19623
"(0.9230627959463646, 0.9678176625650188)",1,96.7248722206679,19624
"(0.8003813092161745, 0.9874747474747476)",1,96.72480326225428,19625
"(0.8193419055822156, 0.9861673414304992)",1,96.72478817612404,19626
"(0.8562003179650239, 0.9647058823529412)",1,96.72474192037345,19627
"(0.7823116219667945, 0.972420634920635)",1,96.72426540376102,19628
"(0.9310483384791604, 0.9861673414304992)",1,96.72381541907008,19629
"(0.7615072500907597, 0.9764666952752286)",1,96.72366234606793,19630
"(0.8589064384650125, 0.966546941357188)",1,96.72342799913844,19631
"(0.901028965681318, 0.9650076460904662)",1,96.72328466922,19632
"(0.8455704732698088, 0.972281746031746)",1,96.72296647347308,19633
"(0.9496114574862204, 0.9749379947482416)",1,96.7229307127589,19634
"(0.8726893261776982, 0.988167361639188)",2,96.72253847486,19636
"(0.8887202421952387, 1.0)",1,96.7224231662159,19637
"(0.8877034517510707, 0.9861673414304992)",1,96.72238149717649,19638
"(0.9603476243044132, 0.9641967520703932)",1,96.72228551919912,19639
"(0.8846362470895226, 0.9714285714285714)",1,96.72223309995536,19640
"(0.8016677935542034, 1.0)",1,96.72196892979744,19641
"(0.6753328883574485, 0.972281746031746)",1,96.72186161551964,19642
"(0.8796475392220073, 1.0)",1,96.72163930936112,19643
"(0.9280317595086728, 0.9916585206907788)",1,96.72162453095974,19644
"(0.950175761409158, 0.9916625936787228)",1,96.72155336563144,19645
"(0.8653198653198653, 0.9833229101521784)",1,96.72150522389212,19646
"(1.0, 1.0)",1,96.72141217590102,19647
"(0.902898027898028, 0.9861310021084456)",1,96.72131886873528,19648
"(0.6179693015417549, 1.0)",3,96.720914653541,19651
"(0.844988344988345, 1.0)",1,96.72090999202943,19652
"(0.9665831244778612, 1.0)",1,96.72083442746325,19653
"(0.8016677935542034, 1.0)",1,96.7208216048417,19654
"(0.7109688804604058, 0.972281746031746)",2,96.7205419558683,19656
"(0.9003556829643787, 1.0)",1,96.72032169804396,19657
"(0.9494594905410846, 0.9749692931061258)",1,96.72030401490451,19658
"(0.8594436844505243, 0.9643944553313464)",1,96.72022974692464,19659
"(0.8151249335459861, 1.0)",1,96.72019733273666,19660
"(0.8804215399610136, 0.991206314397104)",1,96.7198233756429,19661
"(0.8222222222222222, 1.0)",1,96.71977815951716,19662
"(0.8224713709935384, 0.9751409401578528)",3,96.71961911190532,19665
"(0.9499687304565352, 0.9833229101521784)",1,96.7192736315596,19666
"(0.8024695068301698, 0.9780405029455544)",1,96.71913288371304,19667
"(0.9575913511472004, 0.9604593619418418)",1,96.71909087762684,19668
"(0.9680383516315252, 0.9643698138596096)",1,96.71905238598458,19669
"(0.9645238095238096, 0.971495851087688)",1,96.71870160709966,19670
"(0.9497171590194848, 0.9833229101521784)",1,96.71849177151348,19671
"(0.6526770767943084, 0.9861673414304992)",1,96.71826547044338,19672
"(0.9764666952752286, 0.9643944553313464)",1,96.71811186168746,19673
"(0.9586562930696936, 0.9749837080482242)",1,96.71785928607468,19674
"(0.9388917411828462, 0.9681034738761426)",3,96.71781233827298,19677
"(0.7090909090909091, 1.0)",1,96.71765475552148,19678
"(0.8976982097186702, 1.0)",1,96.71761752707886,19679
"(0.7664480222619757, 0.9764666952752286)",1,96.71747654389604,19680
"(0.8148308968977662, 0.972045976510262)",1,96.71743129822568,19681
"(0.9413496923696164, 0.9874877810361682)",1,96.71734356775283,19682
"(0.9146901709401708, 0.972281746031746)",1,96.71720904109164,19683
"(0.846098299557419, 0.9861673414304992)",1,96.7171352777566,19684
"(0.846098299557419, 0.9861673414304992)",1,96.7170878462265,19685
"(0.8726893261776982, 0.9766918866148322)",1,96.71650055358968,19686
"(0.9574285714285714, 0.9716190476190476)",3,96.71620122789128,19689
"(0.9291343771135042, 0.987495927012056)",1,96.71604631111796,19690
"(0.8589064384650125, 0.9832401090007582)",1,96.7156357028274,19691
"(0.8900605062175889, 0.9916585206907788)",1,96.71526810413096,19692
"(0.8010054664946871, 0.9861673414304992)",1,96.71454880578914,19693
"(0.7711781618000022, 1.0)",1,96.71448999319892,19694
"(0.7308029243083128, 0.972281746031746)",1,96.71440061630416,19695
"(0.9452474337657768, 0.9832462877624168)",2,96.71427890577505,19697
"(0.8557264819266099, 0.9764666952752286)",1,96.71427087270293,19698
"(0.8137865219658889, 0.9665831244778612)",1,96.7142693410168,19699
"(0.9832965806068272, 0.9622353017340912)",1,96.71412034753853,19700
"(0.9374843410636878, 0.9790476832523552)",1,96.71374470206844,19701
"(0.846098299557419, 0.972420634920635)",1,96.71338921942322,19702
"(0.8148308968977662, 0.9861310021084456)",4,96.7129926672568,19706
"(0.5070372093557577, 1.0)",1,96.71286654426406,19707
"(0.903667392883079, 1.0)",4,96.71275017590276,19711
"(0.8420800264550263, 0.972045976510262)",1,96.71261123127752,19712
"(0.8883678678403513, 0.9861673414304992)",4,96.71253388709552,19716
"(0.6432772815188069, 0.972045976510262)",1,96.7124528411078,19717
"(0.7884092310206264, 0.9764666952752286)",2,96.71242104772476,19719
"(0.902192297684101, 0.9861310021084456)",1,96.7124142798113,19720
"(0.8799206023655463, 0.9773647744439382)",1,96.7123785314641,19721
"(0.8586166985951469, 0.9861673414304992)",2,96.71233705063504,19723
"(0.8016677935542034, 1.0)",1,96.71222442675317,19724
"(0.8547756205106323, 0.9882048106149588)",1,96.71201768612664,19725
"(0.8524016298728943, 0.9749048084531956)",1,96.71186253402244,19726
"(0.9276343133138456, 0.9780393299101372)",1,96.71177664109968,19727
"(0.6759495516512356, 0.988523717426024)",1,96.71176999771042,19728
"(0.813515418166581, 0.988167361639188)",1,96.71171220376064,19729
"(0.8310777799491891, 1.0)",1,96.7109866309248,19730
"(0.9243707071934514, 0.963155328236998)",2,96.71088121252778,19732
"(0.831031066037186, 0.9766918866148322)",1,96.71060392894384,19733
"(0.7802197802197803, 1.0)",1,96.7105768617495,19734
"(0.8760238095238095, 0.9958292603453894)",1,96.70992248095274,19735
"(0.8796475392220073, 1.0)",1,96.70942555772451,19736
"(0.902898027898028, 0.9861310021084456)",1,96.70937142919074,19737
"(0.8266173510466989, 1.0)",1,96.70919710489758,19738
"(0.8456659619450317, 0.9764666952752286)",1,96.70905245054736,19739
"(0.8449978636391381, 0.9882048106149588)",1,96.70898996038558,19740
"(0.7348436174331348, 0.972281746031746)",2,96.70859102495568,19742
"(0.8843764852418178, 0.9764666952752286)",1,96.7085248286753,19743
"(0.8717520170461346, 0.9916585206907788)",2,96.7084763599116,19745
"(0.8883034087952121, 0.9861310021084456)",1,96.7079837658201,19746
"(0.8193419055822156, 0.9861673414304992)",1,96.70780825325008,19747
"(0.837707400507675, 1.0)",1,96.7077439762266,19748
"(0.9609357631051972, 0.9715593185206444)",1,96.70767256682996,19749
"(0.6767580302172832, 0.972281746031746)",2,96.7073761278136,19751
"(0.9189396095602992, 0.9876066164491212)",1,96.70734512441553,19752
"(0.9311507936507936, 0.972420634920635)",1,96.7071270384358,19753
"(0.7552298585410389, 1.0)",1,96.70692557642886,19754
"(0.8013184398461819, 0.9764666952752286)",1,96.70687984694388,19755
"(0.932201731346617, 0.9764666952752286)",1,96.70655141249831,19756
"(1.0, 0.979166518665308)",2,96.70587129332743,19758
"(0.9916585206907788, 0.983545503234046)",1,96.70583105432036,19759
"(0.8685314685314685, 0.9764666952752286)",1,96.70567419748788,19760
"(0.9058747619658436, 0.9832462877624168)",1,96.7055982830712,19761
"(0.9539272400433172, 0.9787142857142856)",1,96.70538147121256,19762
"(0.90224161204236, 0.9861310021084456)",1,96.7052110085674,19763
"(0.8420013166556946, 1.0)",1,96.70512254674432,19764
"(0.7909263030043223, 0.9764666952752286)",1,96.7050873310215,19765
"(0.8518774267621343, 0.9764666952752286)",1,96.70487281996228,19766
"(0.8726893261776982, 0.9650076460904662)",1,96.70481631306532,19767
"(0.9645238095238096, 0.967895529128406)",1,96.70471416610332,19768
"(0.6749447402728794, 0.9861310021084456)",1,96.7045747960288,19769
"(0.6020449077786688, 0.9764666952752286)",1,96.70419018187673,19770
"(0.8868677229932935, 0.9780434995701116)",1,96.70407224957866,19771
"(0.9422394177612392, 0.9714285714285714)",1,96.70384587211171,19772
"(0.7574146783449108, 1.0)",1,96.70382125133172,19773
"(0.9212328545548654, 0.9751409401578528)",1,96.70378464746707,19774
"(0.9017827237858572, 0.9787142857142856)",1,96.70349602217304,19775
"(0.7709171448706333, 0.964269276237512)",1,96.7034488752488,19776
"(0.9153439153439152, 1.0)",1,96.70335015686165,19777
"(0.7277677677677677, 1.0)",1,96.70328900155134,19778
"(0.9665831244778612, 1.0)",1,96.70313884048272,19779
"(0.9238400660955778, 0.9749692931061258)",3,96.70313861712864,19782
"(0.9677353740627908, 0.967895529128406)",1,96.70310093563472,19783
"(0.8518774267621343, 0.9764666952752286)",1,96.70293651958096,19784
"(0.8970129352925051, 0.9958292603453894)",2,96.7028518624334,19786
"(0.8137865219658889, 1.0)",1,96.70278836300432,19787
"(0.934122934122934, 0.9665831244778612)",1,96.70274141078686,19788
"(0.8468951683237397, 1.0)",2,96.70261921386032,19790
"(0.8726893261776982, 0.9766918866148322)",1,96.70259623463676,19791
"(0.9609357631051972, 0.9749692931061258)",1,96.70259541097172,19792
"(0.7084717607973421, 0.9764666952752286)",1,96.70247811367308,19793
"(0.8796475392220073, 0.9833229101521784)",1,96.7024407544581,19794
"(0.8222222222222222, 1.0)",1,96.702175894247,19795
"(0.8907966222338917, 0.9916585206907788)",1,96.702135415174,19796
"(0.7909263030043223, 0.9650076460904662)",1,96.70195676101162,19797
"(0.7401844059863599, 0.972420634920635)",1,96.70172899912971,19798
"(0.9833229101521784, 1.0)",1,96.7013899452231,19799
"(0.8751897860593512, 0.972420634920635)",1,96.70131360012994,19800
"(0.8871082621082622, 0.972281746031746)",1,96.70119004914392,19801
"(0.8790496325380046, 0.9790231494896808)",1,96.70102184142551,19802
"(0.8420013166556946, 1.0)",1,96.7007254640209,19803
"(0.8476190476190477, 1.0)",1,96.70069449048462,19804
"(0.8003813092161745, 0.966514261618626)",1,96.70057531574594,19805
"(0.861621814331256, 0.9861310021084456)",1,96.7004594624378,19806
"(0.7473705264801155, 0.9861673414304992)",1,96.70041700512124,19807
"(0.9764666952752286, 0.9643944553313464)",1,96.69999257157768,19808
"(0.9538370349708868, 0.988167361639188)",1,96.69974255183496,19809
"(0.8813457860512559, 0.9749088814411396)",1,96.69972123213458,19810
"(0.8726893261776982, 0.9764666952752286)",1,96.69952236509124,19811
"(0.8843764852418178, 0.9766918866148322)",1,96.69951121019989,19812
"(0.9162596992611264, 0.972045976510262)",1,96.69943079012803,19813
"(0.8622520112492773, 0.970918770245146)",1,96.69937809997116,19814
"(0.7401844059863599, 0.9861673414304992)",1,96.69932369660786,19815
"(0.8552744708994707, 1.0)",1,96.69922163256447,19816
"(0.9274303852156144, 0.9748802746905214)",1,96.69874936032512,19817
"(0.9641028246291404, 0.9713574016563148)",1,96.69873796727929,19818
"(0.9157097551404952, 0.9833040078201368)",1,96.69865444346657,19819
"(0.9442283950617284, 1.0)",1,96.69854535354794,19820
"(0.8315995778682346, 0.9861673414304992)",1,96.69843076484234,19821
"(0.9169719169719168, 1.0)",1,96.69837706552693,19822
"(0.9326599326599326, 0.9833229101521784)",1,96.6983489914885,19823
"(0.9133591266418593, 0.9751409401578528)",3,96.69820657076713,19826
"(0.949977467563772, 0.9916625936787228)",1,96.69809317333213,19827
"(0.7664480222619757, 0.9766918866148322)",1,96.69752649560154,19828
"(0.8518774267621343, 0.9764666952752286)",1,96.69752046261196,19829
"(0.9164652836623464, 1.0)",1,96.69718920970728,19830
"(0.9297326845255915, 0.987463247273494)",2,96.69718034265335,19832
"(0.7308029243083128, 0.9861310021084456)",1,96.69693985486172,19833
"(0.4776542240827955, 1.0)",1,96.69636200987058,19834
"(0.9677353740627908, 0.97502985598876)",1,96.69617884097424,19835
"(0.6767580302172832, 0.972281746031746)",1,96.69593347000456,19836
"(0.8928598364786969, 0.9703522682017306)",1,96.69582326918308,19837
"(0.81893131227901, 1.0)",1,96.6954780663456,19838
"(0.917849761232425, 1.0)",1,96.69534569955798,19839
"(0.5077525425843888, 0.972281746031746)",1,96.69522902610504,19840
"(0.9603476243044132, 0.967895529128406)",1,96.69499350813663,19841
"(0.7348436174331348, 0.972281746031746)",1,96.69469989283084,19842
"(0.9326599326599326, 1.0)",1,96.69432520889382,19843
"(0.9332172991312776, 0.9916585206907788)",1,96.69430549327816,19844
"(0.8374727668845315, 1.0)",2,96.69426264047615,19846
"(0.8732774170274171, 1.0)",1,96.69413611386965,19847
"(0.7999088007295942, 0.9766918866148322)",1,96.6940044064788,19848
"(1.0, 1.0)",1,96.69383701368848,19849
"(0.9665831244778612, 1.0)",1,96.69382053573906,19850
"(0.8127312328440149, 0.9861673414304992)",1,96.69378674678352,19851
"(0.950508044522963, 0.9623680557266894)",1,96.6937031222338,19852
"(0.933096859926128, 0.9833229101521784)",1,96.69368667452522,19853
"(0.8451478848040399, 0.972045976510262)",1,96.6934150903983,19854
"(0.9429917021753756, 0.9604593619418418)",1,96.6928697119244,19855
"(0.987491854024112, 0.9829950109615424)",1,96.69284291843532,19856
"(0.4667544811866356, 0.9824314698259904)",1,96.69248521392126,19857
"(0.8016677935542034, 1.0)",1,96.69239830044285,19858
"(0.9162596992611264, 0.972420634920635)",1,96.6921097633492,19859
"(0.9372650231764934, 0.97100875050754)",2,96.69199144566166,19861
"(0.9712822597033124, 0.9749692931061258)",1,96.69193616724148,19862
"(0.8518774267621343, 0.9643944553313464)",1,96.69175055790394,19863
"(0.8835857110930401, 0.9764666952752286)",1,96.69171929781112,19864
"(0.9540153992631536, 0.9787142857142856)",1,96.69164838808884,19865
"(0.8884797556713653, 0.987463247273494)",1,96.69126550514416,19866
"(0.9299160159815896, 1.0)",1,96.69122509624036,19867
"(0.9326599326599326, 1.0)",1,96.69122271123292,19868
"(0.9003556829643787, 1.0)",1,96.69111760803295,19869
"(0.8748200797381125, 0.9861310021084456)",1,96.69102172683998,19870
"(0.9326599326599326, 0.9833229101521784)",1,96.69084151557212,19871
"(0.9160264866799612, 0.9861673414304992)",1,96.69079887932637,19872
"(0.8871082621082622, 0.9861310021084456)",1,96.69055680349994,19873
"(0.7349394055364205, 0.9861673414304992)",1,96.69044812089663,19874
"(0.7664480222619757, 0.9764666952752286)",1,96.6896792703218,19875
"(0.7601164382773579, 1.0)",1,96.689507728215,19876
"(0.8843764852418178, 0.9766918866148322)",1,96.68924589757052,19877
"(0.8065954953750508, 1.0)",1,96.68894919796224,19878
"(0.9161952650324744, 1.0)",1,96.68891802895295,19879
"(0.8676532769556025, 0.9882048106149588)",1,96.68888310316888,19880
"(0.932201731346617, 0.9650076460904662)",1,96.688870020199,19881
"(0.7615072500907597, 0.9764666952752286)",1,96.68861136728646,19882
"(0.916104916104916, 1.0)",1,96.68831014334184,19883
"(0.7344692811916678, 0.9861673414304992)",1,96.6882735885576,19884
"(0.8294970161977834, 1.0)",1,96.6882723984686,19885
"(0.8594436844505243, 0.9643944553313464)",2,96.6881797563576,19887
"(0.8732774170274171, 1.0)",1,96.68792832749578,19888
"(0.8622520112492773, 0.9707095350359106)",1,96.68781372299914,19889
"(0.861111111111111, 0.9833229101521784)",1,96.68734397478586,19890
"(0.8899966931216932, 0.9861310021084456)",1,96.6870722243056,19891
"(0.9788980434141724, 0.9958292603453894)",1,96.68693360875818,19892
"(0.9008627640703112, 1.0)",1,96.68633276771703,19893
"(0.8751897860593512, 0.9722222222222222)",1,96.6862320103572,19894
"(0.9212328545548654, 0.9716190476190476)",3,96.68619132012228,19897
"(0.7340930674264006, 1.0)",2,96.68616625832524,19899
"(0.8358530587380517, 0.9874877810361682)",2,96.68613937753764,19901
"(0.8315995778682346, 0.9861673414304992)",1,96.68586801655918,19902
"(0.9309563801089225, 0.972281746031746)",1,96.68584837698812,19903
"(0.8635976129582268, 1.0)",1,96.68575878095068,19904
"(0.8449106413122807, 0.964269276237512)",1,96.6857261651936,19905
"(0.9665831244778612, 0.9833229101521784)",1,96.6856836311244,19906
"(0.8587195484254307, 0.9861310021084456)",1,96.685360256713,19907
"(0.5145696010475885, 0.9861310021084456)",1,96.6851572367096,19908
"(0.7008726156973109, 0.9861673414304992)",1,96.68513609006432,19909
"(0.7440767664806348, 0.964269276237512)",1,96.6851154068253,19910
"(0.9300671002153482, 1.0)",1,96.68470798261995,19911
"(0.9008627640703112, 1.0)",1,96.68460100887329,19912
"(0.9751539794803552, 0.9752080969127688)",1,96.68440194348082,19913
"(0.80285509389987, 1.0)",1,96.68440146913431,19914
"(0.8455917807202996, 0.9766918866148322)",1,96.68400234,19915
"(0.865581803207783, 0.9692608993981562)",1,96.6838628989078,19916
"(0.7155865061590146, 0.972281746031746)",1,96.683790429302,19917
"(0.9362689940183164, 0.9713574016563148)",1,96.6837369215784,19918
"(0.9459285785969274, 0.9751409401578528)",3,96.683615983452,19921
"(0.8589064384650125, 0.966546941357188)",1,96.68351770458032,19922
"(0.9374843410636878, 0.987463247273494)",1,96.68347008403464,19923
"(0.9011810599946194, 0.9861673414304992)",4,96.6830158413704,19927
"(0.8175446168757694, 0.9861673414304992)",1,96.68301039108954,19928
"(0.8701068324360797, 0.97736482611311)",1,96.68276520503024,19929
"(0.9645238095238096, 0.967895529128406)",1,96.68207434321994,19930
"(0.8288092915955513, 0.979391884835602)",1,96.68202736782652,19931
"(0.8315995778682346, 0.9861673414304992)",1,96.6819574450252,19932
"(0.9677353740627908, 0.9642857142857144)",1,96.6818723565334,19933
"(0.9609357631051972, 0.9787142857142856)",3,96.6817668263886,19936
"(0.9640038239043044, 0.9714285714285714)",3,96.68142987049632,19939
"(0.9018806250259218, 0.9861673414304992)",2,96.6814156549593,19941
"(0.9125533644430458, 0.9833040078201368)",1,96.68137960713224,19942
"(0.9259740526337398, 0.9641028246291404)",1,96.68118081387723,19943
"(0.8887419165196944, 0.972045976510262)",1,96.6805041034916,19944
"(0.6736022307473716, 0.9861673414304992)",1,96.68047016978387,19945
"(0.8814591883264935, 0.9643944553313464)",1,96.6804605842936,19946
"(0.9436368312757202, 0.972281746031746)",1,96.6801360852359,19947
"(0.7280584513944579, 0.9861673414304992)",1,96.68006838352515,19948
"(0.806589620543109, 1.0)",1,96.6797297125402,19949
"(0.8065954953750508, 0.988523717426024)",1,96.6796400389235,19950
"(0.6825396825396824, 0.9833229101521784)",1,96.6795692707283,19951
"(0.8193419055822156, 0.9861673414304992)",1,96.67929939090664,19952
"(0.9297326845255915, 0.9834113430318364)",1,96.6790848862591,19953
"(0.8013184398461819, 0.9764666952752286)",1,96.67904077338352,19954
"(0.9114218054477384, 0.9916585206907788)",1,96.67898364248,19955
"(0.9025186657697726, 0.9916585206907788)",1,96.67894858517474,19956
"(0.8467532467532467, 1.0)",1,96.67855073145172,19957
"(0.8586166985951469, 1.0)",1,96.67855022086636,19958
"(0.9348222545262322, 0.9716190476190476)",1,96.67844547080672,19959
"(0.9873444118605408, 0.987463247273494)",1,96.6784293856355,19960
"(0.97934925289764, 0.9958292603453894)",1,96.67836237603105,19961
"(0.8315416458960965, 0.988167361639188)",1,96.67830660339816,19962
"(0.9505232430050672, 0.9751409401578528)",1,96.67818923273768,19963
"(1.0, 1.0)",1,96.67799071105723,19964
"(0.838301471154743, 0.972045976510262)",1,96.67753786631737,19965
"(0.9392111404005912, 0.9751409401578528)",1,96.6772243970451,19966
"(0.9586562930696936, 0.9789043140767278)",1,96.67630486073485,19967
"(0.7923306301473605, 0.9643944553313464)",1,96.67532124614894,19968
"(0.9575913511472004, 0.9712822597033124)",1,96.67530735206914,19969
"(0.9234894220441888, 0.9791102677630192)",1,96.67526168601306,19970
"(0.9677353740627908, 0.9713574016563148)",1,96.67488663459396,19971
"(0.7999088007295942, 0.9766918866148322)",1,96.67462105104796,19972
"(0.917283950617284, 0.9861673414304992)",1,96.674137393623,19973
"(0.7340930674264006, 1.0)",1,96.67372504092452,19974
"(0.8016677935542034, 0.9833229101521784)",1,96.6735453883196,19975
"(0.7008726156973109, 0.9861673414304992)",1,96.67332406020842,19976
"(0.6215073982652175, 0.9882048106149588)",1,96.67330540889792,19977
"(0.4776542240827955, 0.9861673414304992)",2,96.67326540919706,19979
"(0.7060994560994561, 1.0)",1,96.67299351947234,19980
"(0.9641028246291404, 0.9677353740627908)",3,96.67297241518534,19983
"(0.8424311354727423, 0.9861310021084456)",1,96.6728678812339,19984
"(0.9293300445873568, 0.974863910036324)",1,96.67263943967522,19985
"(0.9833229101521784, 1.0)",1,96.67234085079562,19986
"(0.9009534009534008, 1.0)",1,96.67197604041846,19987
"(0.8914652384261202, 0.9748802746905214)",1,96.67182732418294,19988
"(0.9379369827374928, 0.9714285714285714)",1,96.6717106847384,19989
"(0.8883034087952121, 0.9861310021084456)",1,96.67163499339804,19990
"(0.95, 0.9787142857142856)",2,96.67153069160614,19992
"(0.9019709919709918, 0.972281746031746)",1,96.67149729606756,19993
"(0.9531381014506703, 0.9603476243044132)",3,96.67140063566112,19996
"(0.8315416458960965, 0.9766918866148322)",2,96.67079178650964,19998
"(0.842200034135518, 0.9714285714285714)",3,96.67076026314736,20001
"(0.8814814814814814, 1.0)",1,96.6705150603498,20002
"(0.9259740526337398, 0.97502985598876)",1,96.6703584356444,20003
"(0.8786901405005916, 0.9958292603453894)",1,96.66993409411108,20004
"(0.9603476243044132, 0.9713574016563148)",3,96.66963091361905,20007
"(0.8449978636391381, 0.9882048106149588)",1,96.66951163403834,20008
"(0.861952861952862, 0.9722222222222222)",1,96.66947267698995,20009
"(0.8229870141950848, 0.9861310021084456)",1,96.66921248752512,20010
"(0.9009534009534008, 1.0)",1,96.66905155195238,20011
"(0.940928587432546, 0.9916585206907788)",1,96.66879532554717,20012
"(0.8813457860512559, 0.9579105777208244)",1,96.66856443917632,20013
"(0.9436368312757202, 0.9861310021084456)",4,96.66838681183472,20017
"(0.9073492428586464, 0.9641967520703932)",1,96.6680243611064,20018
"(0.9874877810361682, 0.8149939154547449)",1,96.66754197953802,20019
"(0.94291309888229, 0.991206314397104)",3,96.66716881108614,20022
"(0.8876281048778143, 0.9642857142857144)",1,96.6671222672346,20023
"(0.7294281157362763, 1.0)",1,96.66684259194118,20024
"(0.9160652508866794, 0.972045976510262)",1,96.6665654140676,20025
"(0.920238255356524, 0.979166518665308)",1,96.6664487284476,20026
"(0.9497171590194848, 0.9833229101521784)",1,96.66626695846278,20027
"(0.9677353740627908, 0.9642857142857144)",1,96.66624347337776,20028
"(0.9160264866799612, 0.9861673414304992)",1,96.66622389499346,20029
"(0.9154520780570968, 0.970738141786529)",1,96.6661381667938,20030
"(0.846098299557419, 0.9861673414304992)",1,96.66610499584974,20031
"(0.6636745887678723, 0.9861673414304992)",1,96.6659606782274,20032
"(0.9234894220441888, 0.9790755481078064)",1,96.66586808761214,20033
"(0.6378166586499919, 1.0)",1,96.66575795619644,20034
"(0.8315995778682346, 0.9861673414304992)",1,96.6657521420992,20035
"(0.9665831244778612, 1.0)",1,96.66566555185771,20036
"(0.8586166985951469, 0.9861673414304992)",1,96.66543621387083,20037
"(0.7844357601196508, 0.9861673414304992)",1,96.6649966208122,20038
"(0.7665484369555701, 0.9650076460904662)",1,96.66474783191468,20039
"(0.8743078626799556, 0.9861310021084456)",1,96.6646205380508,20040
"(0.7778533896115083, 0.9780434995701116)",1,96.66461132100596,20041
"(0.8056354979267693, 0.9861310021084456)",1,96.66447320125936,20042
"(0.9161952650324744, 1.0)",1,96.66446219584496,20043
"(0.943552974917135, 0.9678176625650188)",1,96.66436529729891,20044
"(0.6378166586499919, 1.0)",1,96.6643363487824,20045
"(0.9832925076188832, 0.9958292603453894)",1,96.66418791705368,20046
"(0.8929015655249481, 0.9916585206907788)",1,96.6641110326553,20047
"(0.8137861130877186, 0.9758777250199286)",1,96.66403051813798,20048
"(0.911234030893585, 0.971495851087688)",1,96.66402918812857,20049
"(0.9301209372637944, 0.9861310021084456)",1,96.66394086696498,20050
"(0.8043167829966709, 0.9790537671709704)",1,96.66337551521084,20051
"(0.7503607503607503, 1.0)",1,96.66337254456192,20052
"(0.7294281157362763, 1.0)",2,96.66335243038807,20054
"(0.9422394177612392, 0.960666032023912)",1,96.66324304943328,20055
"(0.9575913511472004, 0.974837775781172)",1,96.66259323724132,20056
"(0.9164187516971112, 0.966546941357188)",1,96.66247896865588,20057
"(0.972420634920635, 0.9861673414304992)",1,96.66240631175452,20058
"(0.900838851006521, 0.9832184229069656)",2,96.66229041116615,20060
"(0.9584987529902784, 1.0)",1,96.66228925116302,20061
"(0.8562003179650239, 0.95281045751634)",1,96.6621775984772,20062
"(0.9230854791003976, 0.987463247273494)",1,96.6621249506402,20063
"(0.9184901612842788, 0.9832462877624168)",2,96.6621113931,20065
"(0.7999088007295942, 0.988167361639188)",1,96.66169635604172,20066
"(0.7999088007295942, 0.9766918866148322)",1,96.66131269184268,20067
"(0.8976982097186702, 1.0)",1,96.66122155785057,20068
"(0.7513138206634794, 0.9861310021084456)",1,96.66110235249378,20069
"(0.902898027898028, 0.9861310021084456)",1,96.66078958163196,20070
"(0.9026714414744694, 0.9787142857142856)",3,96.66072575009945,20073
"(0.4139252838240179, 0.981753832400368)",1,96.6606569900884,20074
"(0.9833229101521784, 1.0)",1,96.66054577950142,20075
"(0.7447170736590969, 0.9780434995701116)",3,96.66047211342035,20078
"(0.8420013166556946, 1.0)",2,96.65976812981106,20080
"(0.8333192389006343, 0.9766918866148322)",2,96.65937492723404,20082
"(0.8928598364786969, 0.987463247273494)",1,96.65893329730824,20083
"(0.8874679030103783, 0.9783783191517684)",1,96.6587561302594,20084
"(0.8853240740740742, 0.972045976510262)",1,96.65874939929422,20085
"(0.927109440267335, 0.9787142857142856)",1,96.65849387259172,20086
"(0.8490208544183524, 0.972281746031746)",1,96.65778660157092,20087
"(0.8395301149279116, 0.9764666952752286)",1,96.6577595072501,20088
"(0.7574146783449108, 1.0)",1,96.65724401613367,20089
"(0.9531381014506703, 0.9713574016563148)",1,96.6570049075391,20090
"(0.9259740526337398, 0.9714285714285714)",1,96.65698115474449,20091
"(0.8435371534737285, 0.9764666952752286)",1,96.65681836908703,20092
"(0.9436368312757202, 0.9861673414304992)",1,96.65672188429824,20093
"(0.9645938855657314, 0.9716190476190476)",1,96.6566037190936,20094
"(0.8148308968977662, 0.9861310021084456)",1,96.65642781837296,20095
"(0.8308201058201059, 0.9861673414304992)",1,96.65641729459652,20096
"(0.9114218054477384, 0.9873891625615764)",1,96.65611776463784,20097
"(0.9643944553313464, 0.9764666952752286)",1,96.65607189823862,20098
"(0.9162596992611264, 0.972281746031746)",1,96.65597987625084,20099
"(0.8613656783468103, 1.0)",2,96.65585662278646,20101
"(0.7183489076634237, 0.986081059422206)",1,96.6556423127808,20102
"(0.9348222545262322, 0.9787142857142856)",1,96.65547022685313,20103
"(0.9832965806068272, 0.8087716932325226)",1,96.65534711708057,20104
"(0.6042502004811546, 0.9882048106149588)",1,96.65524208503676,20105
"(0.9293300445873568, 0.9705840143048152)",1,96.65484823864048,20106
"(0.8633407843934159, 0.9780434995701116)",1,96.65440113775396,20107
"(0.8920217788143652, 0.9748802746905214)",2,96.65427195595385,20109
"(0.9539751547184644, 0.9748524098350704)",1,96.65411900852772,20110
"(0.9234894220441888, 0.9791102677630192)",2,96.65408723343072,20112
"(0.8907966222338917, 0.9958292603453894)",1,96.65343154534932,20113
"(0.7516483516483518, 0.972420634920635)",1,96.65324239821736,20114
"(0.9310483384791604, 0.9861673414304992)",1,96.6530915386607,20115
"(0.8229870141950848, 0.972281746031746)",1,96.6528960579885,20116
"(0.947035873779261, 0.9681034738761426)",1,96.65284534180782,20117
"(0.9460547122074636, 0.9793747635794354)",1,96.65272927635922,20118
"(0.902192297684101, 0.9861310021084456)",1,96.6525184189448,20119
"(0.9303715638302106, 1.0)",1,96.6517883902963,20120
"(0.9162596992611264, 0.972281746031746)",1,96.6517533687169,20121
"(0.8947046219773493, 0.9766918866148322)",1,96.65095499908628,20122
"(0.8390424521630195, 0.9861673414304992)",1,96.65090004255656,20123
"(0.9223799456357596, 0.9764666952752286)",1,96.65083867080855,20124
"(0.8676532769556025, 1.0)",1,96.65077162409128,20125
"(0.4747763864042934, 0.988167361639188)",1,96.65075562671896,20126
"(0.8098502304147466, 0.9749910873440284)",1,96.65058417531904,20127
"(0.9309563801089225, 0.972281746031746)",1,96.65042734360092,20128
"(0.9712822597033124, 0.9640038239043044)",1,96.65030482516632,20129
"(0.9362689940183164, 0.9641028246291404)",1,96.64948991712896,20130
"(0.8814814814814814, 1.0)",1,96.64944401596227,20131
"(0.958227107069612, 0.9958292603453894)",1,96.64930743557204,20132
"(0.9566795633209296, 0.9641028246291404)",1,96.64924075830407,20133
"(0.9528533742496432, 0.9713574016563148)",1,96.64920365681904,20134
"(0.944563492063492, 1.0)",1,96.64910201843236,20135
"(0.8003813092161745, 0.9749048084531956)",1,96.6489857134113,20136
"(0.8249504969211211, 0.988167361639188)",1,96.64890996334992,20137
"(0.9205517358458536, 0.987463247273494)",2,96.64845638798114,20139
"(0.9008025849489264, 1.0)",1,96.64845570099396,20140
"(0.9497171590194846, 0.9833229101521784)",1,96.64826134573146,20141
"(0.95, 0.9751409401578528)",3,96.64801212777708,20144
"(0.8976982097186702, 0.9833229101521784)",1,96.64798241773607,20145
"(0.8589064384650125, 0.9790755481078062)",1,96.64792014470537,20146
"(0.5145696010475885, 0.9861310021084456)",1,96.64790425390213,20147
"(0.9299160159815896, 0.9861673414304992)",1,96.64781343347045,20148
"(0.9299160159815896, 0.9861673414304992)",1,96.64770490756304,20149
"(0.6173922423091859, 0.9643944553313464)",1,96.64762921985395,20150
"(0.786508365740383, 1.0)",1,96.64759590325214,20151
"(0.9531381014506703, 0.9535144014828052)",1,96.64715419411368,20152
"(0.8581022152450725, 0.972045976510262)",1,96.64711328610407,20153
"(0.8653198653198653, 1.0)",1,96.64706783241114,20154
"(0.8976982097186702, 0.9833229101521784)",1,96.64706522146696,20155
"(0.934122934122934, 1.0)",1,96.6467623366407,20156
"(0.8976982097186702, 1.0)",1,96.6463828686358,20157
"(0.9146901709401708, 0.972281746031746)",1,96.64627336666716,20158
"(0.6804620726495727, 1.0)",1,96.64609690494808,20159
"(0.9581458989353726, 1.0)",4,96.64609643086264,20163
"(0.8852161738351254, 0.9722222222222222)",1,96.64589560232194,20164
"(0.8158879904162925, 1.0)",1,96.64558724040376,20165
"(0.9166682405676116, 1.0)",1,96.64551504827566,20166
"(0.6825396825396824, 1.0)",1,96.64548974276984,20167
"(0.9623066688389268, 0.9916585206907788)",1,96.64536886790992,20168
"(0.8420013166556946, 1.0)",1,96.6453005055095,20169
"(0.8013184398461819, 0.9764666952752286)",1,96.64490270985542,20170
"(0.9299160159815896, 0.9861673414304992)",2,96.64485132424582,20172
"(0.9748524098350704, 0.9958292603453894)",1,96.64475260840334,20173
"(0.8567929292929293, 0.9861310021084456)",1,96.64475252041488,20174
"(0.9680383516315252, 0.9713574016563148)",1,96.64426380760064,20175
"(0.9566795633209296, 0.9678176625650188)",1,96.64426012608992,20176
"(0.9497171590194846, 0.9833229101521784)",2,96.6442176121192,20178
"(0.9102539775554236, 0.966546941357188)",1,96.64410056077008,20179
"(1.0, 1.0)",1,96.64400654060064,20180
"(0.7884092310206264, 0.9766918866148322)",2,96.6440055647575,20182
"(0.878066846066846, 0.987463247273494)",1,96.64399496608937,20183
"(0.8845578466141503, 1.0)",1,96.64398667297148,20184
"(0.9153439153439156, 0.9833229101521784)",1,96.64383713941184,20185
"(0.5218438528010998, 0.9861310021084456)",2,96.64351447729742,20187
"(0.6870644599303137, 0.9861310021084456)",1,96.64328245183708,20188
"(0.8432903075760217, 1.0)",1,96.64327135969404,20189
"(0.9494594905410846, 0.978518051242236)",1,96.64321532186288,20190
"(0.8315995778682346, 0.9722222222222222)",1,96.64307164420072,20191
"(0.7999088007295942, 0.988167361639188)",1,96.64296488122518,20192
"(0.9166145507608924, 1.0)",1,96.64280353139644,20193
"(0.9535144014828052, 0.9751915907925552)",2,96.64268931286982,20195
"(0.9666666666666668, 0.9833229101521784)",2,96.64263897908052,20197
"(0.7856964763329513, 0.9861673414304992)",1,96.64215383678577,20198
"(0.9833229101521784, 1.0)",1,96.6418186177526,20199
"(0.6736022307473716, 0.9861673414304992)",1,96.64179331961247,20200
"(0.9609357631051972, 0.9751915907925552)",1,96.641659496482,20201
"(0.8315416458960965, 0.988167361639188)",1,96.64147872481313,20202
"(0.7664480222619757, 0.9650076460904662)",1,96.64141250675245,20203
"(0.9110813074094206, 0.9764666952752286)",1,96.64126163943196,20204
"(0.8315416458960965, 0.9766918866148322)",1,96.64105421011573,20205
"(0.9029281534808432, 0.9861673414304992)",1,96.64103542777208,20206
"(0.9412964149491664, 0.9665366896075852)",2,96.64099839014708,20208
"(0.9609357631051972, 0.9641028246291404)",1,96.64095204306902,20209
"(0.9223799456357596, 0.9764666952752286)",1,96.64086449616066,20210
"(0.930704099821747, 1.0)",1,96.64076097059898,20211
"(0.8222222222222222, 1.0)",1,96.64063720545944,20212
"(0.9125533644430458, 0.9833040078201368)",1,96.64059586220093,20213
"(0.9665831244778612, 0.9833229101521784)",2,96.64050879463032,20215
"(0.8760238095238095, 0.9916585206907788)",1,96.64032552897028,20216
"(0.799275702501509, 1.0)",1,96.64025765012438,20217
"(0.8874191651969431, 0.972420634920635)",1,96.64023722291208,20218
"(0.7615072500907597, 0.9764666952752286)",1,96.6401956992298,20219
"(0.8976982097186702, 0.9833229101521784)",1,96.64018764152006,20220
"(0.917469251615593, 1.0)",1,96.64003031004064,20221
"(0.9427148033126296, 0.9716751084525852)",1,96.63990753467192,20222
"(0.9297812306740878, 1.0)",1,96.63905906748472,20223
"(0.8852161738351254, 0.9861310021084456)",1,96.63904507443084,20224
"(0.9153439153439156, 0.9833229101521784)",1,96.63902486712422,20225
"(0.9460547122074636, 0.966546941357188)",1,96.63890935168862,20226
"(0.5466837142306626, 0.9861673414304992)",1,96.63873093639197,20227
"(0.8374727668845315, 1.0)",2,96.6385765672836,20229
"(0.5816693792141362, 0.95281045751634)",1,96.63856656353944,20230
"(0.7090909090909091, 1.0)",2,96.6383751004402,20232
"(0.9497171590194848, 0.9833229101521784)",1,96.6383219359759,20233
"(0.9429917021753756, 0.9713574016563148)",1,96.63830690595957,20234
"(0.966586548597934, 0.9832965806068272)",1,96.63774468710056,20235
"(0.9609357631051972, 0.9640038239043044)",6,96.63773167431984,20241
"(0.822766217870257, 0.988167361639188)",1,96.6375036797042,20242
"(0.8467467233807103, 0.9861673414304992)",1,96.63726681623244,20243
"(0.9153439153439152, 1.0)",1,96.63721612460824,20244
"(0.9253213924599162, 0.9882048106149588)",1,96.6371106403666,20245
"(0.6892156862745098, 0.9861673414304992)",1,96.63706301619708,20246
"(0.6767580302172832, 0.972281746031746)",1,96.63683218502796,20247
"(0.9301209372637944, 0.9861310021084456)",1,96.63678191648305,20248
"(0.874047619047619, 0.972045976510262)",1,96.63675675481686,20249
"(0.900838851006521, 0.9751794901621506)",2,96.63663676649224,20251
"(0.8329050741331443, 1.0)",1,96.6366288306177,20252
"(0.972281746031746, 0.9861673414304992)",2,96.63605959665573,20254
"(0.9162596992611264, 0.972045976510262)",1,96.63592464932984,20255
"(0.9227792207792208, 0.9714285714285714)",1,96.63589846508508,20256
"(0.9584987529902784, 0.986081059422206)",1,96.63575235870324,20257
"(0.8976982097186702, 1.0)",1,96.6355847217533,20258
"(0.7999088007295942, 0.988167361639188)",2,96.63552237717846,20260
"(0.911234030893585, 0.9676485688615069)",1,96.63551014764658,20261
"(0.8455917807202996, 0.9643944553313464)",1,96.63538315765916,20262
"(0.8930530569999261, 0.9647058823529412)",1,96.63534374211928,20263
"(0.4879844209168711, 0.98378225092785)",1,96.63512411468622,20264
"(0.5707944720139841, 0.972281746031746)",1,96.63497011657664,20265
"(0.8732774170274171, 1.0)",1,96.63474620511091,20266
"(0.9134717985546716, 0.9763496669677456)",1,96.63473785217678,20267
"(0.865587044534413, 0.9824126287942077)",6,96.63411826946673,20273
"(0.9666562434855118, 1.0)",1,96.63411764478336,20274
"(0.8876281048778143, 0.9714285714285714)",1,96.63398344463631,20275
"(0.724804131054131, 1.0)",1,96.63304276563213,20276
"(0.917283950617284, 0.9861673414304992)",1,96.6328972740934,20277
"(0.8928598364786969, 0.9916625936787228)",1,96.63275279447012,20278
"(0.9079075500409146, 0.979166518665308)",1,96.6325109006517,20279
"(0.9666562434855118, 1.0)",1,96.6322844581786,20280
"(0.8920217788143652, 0.9790972342015986)",2,96.63205246277212,20282
"(0.9333333333333332, 0.9665831244778612)",1,96.63201230103354,20283
"(0.8726893261776982, 0.9764666952752286)",1,96.63186332420906,20284
"(0.9499631719745572, 0.9876066164491212)",1,96.63164969119175,20285
"(0.9008025849489264, 1.0)",1,96.63157125892492,20286
"(0.7999088007295942, 0.9766918866148322)",1,96.63148940620084,20287
"(0.8743078626799556, 0.9722222222222222)",1,96.6313759978154,20288
"(0.8848365568890763, 0.9643944553313464)",1,96.63125124047906,20289
"(0.9398731501057084, 0.9758777250199286)",1,96.63099059646318,20290
"(0.9184901612842788, 0.9832462877624168)",1,96.63083106529504,20291
"(0.901028965681318, 0.9764666952752286)",1,96.6307641718384,20292
"(0.5707944720139841, 0.972281746031746)",1,96.63073000816222,20293
"(0.6611718926579557, 0.9722222222222222)",1,96.6305383671547,20294
"(0.8222222222222222, 1.0)",1,96.63030319151088,20295
"(0.9253213924599162, 0.9766918866148322)",1,96.63027696752876,20296
"(0.902898027898028, 0.9861310021084456)",2,96.6302576703514,20298
"(0.8726893261776982, 0.9766918866148322)",1,96.6299804146559,20299
"(0.8715701474388204, 0.9861310021084456)",1,96.6296983790789,20300
"(0.7965746171391332, 1.0)",1,96.62932944415212,20301
"(0.7615072500907597, 0.9650076460904662)",1,96.62909197326812,20302
"(0.8124923632552741, 0.9861673414304992)",1,96.62884717926728,20303
"(0.9, 1.0)",1,96.62884572857774,20304
"(0.8796475392220073, 1.0)",1,96.6288286197981,20305
"(0.9162596992611264, 0.972281746031746)",1,96.62881677022956,20306
"(0.9640038239043044, 0.978518051242236)",1,96.62837682410378,20307
"(0.9158007932517735, 1.0)",1,96.62818483847629,20308
"(0.8586166985951469, 0.9861673414304992)",1,96.62765588697168,20309
"(0.941687552213868, 0.971495851087688)",1,96.62717473359172,20310
"(0.902192297684101, 0.9861310021084456)",1,96.627096037529,20311
"(0.8751159006478155, 0.972045976510262)",1,96.62699594532305,20312
"(0.8753086419753084, 0.9861310021084456)",1,96.62699082816602,20313
"(0.9436368312757202, 0.972281746031746)",1,96.62694721347786,20314
"(0.7802197802197803, 1.0)",1,96.6263310822906,20315
"(0.901239146999796, 0.9790972342015986)",1,96.62617483873608,20316
"(0.930124456440246, 0.972420634920635)",1,96.62612473836047,20317
"(0.8846362470895226, 0.9749052909377262)",1,96.6259907603138,20318
"(0.8229870141950848, 0.9861310021084456)",1,96.62553700670024,20319
"(0.7479743867590829, 1.0)",1,96.6251866987296,20320
"(0.813515418166581, 0.9650076460904662)",1,96.62507622709646,20321
"(0.8322510822510822, 0.9861673414304992)",1,96.62468113506216,20322
"(0.6749447402728794, 0.9861310021084456)",1,96.6245629235114,20323
"(0.8843764852418178, 0.9764666952752286)",1,96.624487476351,20324
"(0.9294287857678706, 0.9644038253792572)",1,96.62444720167458,20325
"(0.8879608405415911, 0.988167361639188)",1,96.62400171521566,20326
"(0.8090204369274137, 0.9764666952752286)",1,96.62396983007112,20327
"(0.8518774267621343, 0.9650076460904662)",1,96.62387961576832,20328
"(1.0, 1.0)",1,96.62382266014396,20329
"(0.913942789236907, 0.9833251873574456)",1,96.6238188103271,20330
"(0.6892156862745098, 0.9861673414304992)",1,96.62304477715097,20331
"(0.8942622047218923, 0.9916585206907788)",2,96.62294716766851,20333
"(0.8016677935542034, 0.9833229101521784)",1,96.62291908102635,20334
"(0.902192297684101, 0.9861310021084456)",1,96.62274917623948,20335
"(0.9009287520039462, 1.0)",1,96.62259423239816,20336
"(0.944120583717358, 0.987491854024112)",1,96.62254472514748,20337
"(0.9603476243044132, 0.9714285714285714)",1,96.62247679641298,20338
"(0.8705155862492784, 0.9773647021061568)",1,96.62244625335198,20339
"(0.8796475392220073, 1.0)",1,96.6223580877204,20340
"(0.8587195484254307, 0.9722222222222222)",1,96.62221277434064,20341
"(0.8477163887996607, 0.9722222222222222)",1,96.62203458950582,20342
"(0.9185519056107292, 0.9958292603453894)",1,96.6219943691536,20343
"(0.9308697752778572, 0.9678176625650188)",1,96.6219573199777,20344
"(0.9388917411828462, 0.9751409401578528)",2,96.6218761213616,20346
"(0.9459285785969274, 0.9787142857142856)",2,96.621845122159,20348
"(0.9168478260869564, 0.9861673414304992)",1,96.62134467575736,20349
"(0.9160264866799612, 0.9861673414304992)",1,96.62128020991408,20350
"(0.9031437031437032, 0.972281746031746)",1,96.62117589107008,20351
"(0.8726893261776982, 0.9764666952752286)",1,96.62107657805728,20352
"(0.927109440267335, 0.9751915907925552)",1,96.62100976158618,20353
"(0.8358530587380517, 0.9790972342015986)",1,96.62052767783452,20354
"(0.9427148033126296, 0.9680383516315252)",1,96.62050610935458,20355
"(0.902192297684101, 0.972281746031746)",1,96.6201573571016,20356
"(0.9436368312757202, 0.972281746031746)",1,96.62011893236834,20357
"(0.9198255060602112, 0.9916585206907788)",1,96.61943448787288,20358
"(0.4039045743444857, 0.9882048106149588)",1,96.61920985370983,20359
"(0.8395301149279116, 0.9643944553313464)",1,96.61919245117222,20360
"(0.9198255060602112, 0.9916585206907788)",1,96.61913822490354,20361
"(0.901575014782562, 1.0)",2,96.6191140824588,20363
"(0.90224161204236, 0.9722222222222222)",1,96.61872682638088,20364
"(0.8613656783468103, 1.0)",1,96.61870814135014,20365
"(0.8982888105990573, 0.9832965806068272)",1,96.61850385593485,20366
"(0.8877034517510707, 0.9861673414304992)",1,96.61850212562967,20367
"(0.6767580302172832, 0.972281746031746)",1,96.61839272087744,20368
"(0.9238400660955778, 0.9641967520703932)",1,96.61813168649898,20369
"(0.9618291283060416, 0.9596210241371532)",1,96.6177120871028,20370
"(0.9294287857678706, 0.964269276237512)",1,96.61766875766372,20371
"(0.960666032023912, 0.9713574016563148)",3,96.61766557581086,20374
"(0.826388888888889, 1.0)",1,96.61748825148452,20375
"(0.9498370804822418, 0.9749379947482416)",1,96.61707787010276,20376
"(0.9497171590194848, 0.9833229101521784)",2,96.61666004430414,20378
"(0.9161952650324744, 1.0)",1,96.61635359279823,20379
"(0.6753328883574485, 0.9861310021084456)",1,96.61619512673542,20380
"(0.8726893261776982, 0.9764666952752286)",1,96.61614105431282,20381
"(0.5070372093557577, 0.972281746031746)",1,96.6155588609884,20382
"(0.9444901834607716, 0.9861673414304992)",1,96.61521483083528,20383
"(0.9497171590194848, 0.9833229101521784)",2,96.61519895199878,20385
"(0.9058747619658436, 0.9832462877624168)",1,96.61492205426406,20386
"(0.9155669599217986, 0.9722222222222222)",1,96.61471742558912,20387
"(0.8631546198466533, 0.9650076460904662)",2,96.61469238753254,20389
"(0.8201767124753505, 0.9735486410250802)",1,96.6146458408982,20390
"(0.8877034517510707, 0.972420634920635)",1,96.61459252033949,20391
"(0.776488287126585, 1.0)",1,96.61445899132312,20392
"(0.9666666666666668, 0.9833229101521784)",1,96.61439299000884,20393
"(0.9019292060258446, 0.9861673414304992)",1,96.61435939100603,20394
"(0.9609357631051972, 0.9751409401578528)",2,96.61360831615272,20396
"(0.9309563801089225, 0.972281746031746)",1,96.61341247491298,20397
"(0.9459285785969274, 0.9787142857142856)",3,96.61334387232804,20400
"(0.8753086419753084, 0.9861310021084456)",1,96.61332915566976,20401
"(0.8374727668845315, 1.0)",1,96.61326351648056,20402
"(0.8003813092161745, 0.9748802746905214)",1,96.61279404128588,20403
"(0.7999088007295942, 0.988167361639188)",1,96.61267460159443,20404
"(0.8420013166556946, 1.0)",1,96.61225785615574,20405
"(0.8087623896023756, 0.9764666952752286)",1,96.61186678136882,20406
"(0.9280459216361852, 0.9958292603453894)",1,96.6117637601748,20407
"(0.7124941087515932, 0.9800674242432584)",1,96.6115948669809,20408
"(0.8292352872388802, 0.976351135418932)",1,96.61135137763308,20409
"(0.9027777777777778, 0.986081059422206)",1,96.61122082771745,20410
"(0.861111111111111, 0.9833229101521784)",1,96.61099529624344,20411
"(0.9540153992631536, 0.9716751084525852)",1,96.61056819965808,20412
"(0.7410141554411331, 0.972281746031746)",1,96.61028151843816,20413
"(0.9069146290816338, 0.9707095350359106)",1,96.61011809414748,20414
"(0.9301209372637944, 0.9861310021084456)",2,96.60932696055065,20416
"(0.9833229101521784, 1.0)",1,96.60922391172494,20417
"(0.95, 0.9716751084525852)",1,96.60837517602369,20418
"(0.8010054664946871, 0.9722222222222222)",1,96.60832268147126,20419
"(0.930124456440246, 0.972045976510262)",1,96.60806029661084,20420
"(0.9528533742496432, 0.97502985598876)",1,96.60777319219127,20421
"(0.902012682657844, 0.9958292603453894)",1,96.6075409005632,20422
"(0.934065934065934, 0.9833229101521784)",1,96.60728889379416,20423
"(0.9310483384791604, 0.972420634920635)",1,96.60717224799292,20424
"(0.8065954953750508, 0.9882048106149588)",1,96.60715801257174,20425
"(0.9574285714285714, 0.9751409401578528)",1,96.60715173193968,20426
"(0.8733799478600891, 0.9876066164491212)",2,96.60697643326984,20428
"(0.9022759891180944, 0.972045976510262)",1,96.60657737114882,20429
"(0.9301209372637944, 0.9861310021084456)",1,96.60656412926524,20430
"(0.8874735513743797, 0.9644038253792572)",1,96.60654224840006,20431
"(0.9528533742496432, 0.97502985598876)",1,96.60651492992773,20432
"(0.8761383419447936, 0.9659365544849416)",2,96.6063061496114,20434
"(0.9497171590194846, 1.0)",1,96.60598799349998,20435
"(0.8046854998719919, 0.9861673414304992)",1,96.6057902295172,20436
"(0.930124456440246, 0.972420634920635)",2,96.60573549194709,20438
"(0.7548199009255377, 0.979729341047116)",1,96.60537062465065,20439
"(0.9719135802469137, 0.972045976510262)",1,96.60508576901358,20440
"(0.649621212121212, 0.9722222222222222)",1,96.60500905101566,20441
"(0.9357142857142856, 0.9787142857142856)",3,96.60493113280718,20444
"(0.8843764852418178, 0.9650076460904662)",2,96.60478463601532,20446
"(0.843730230395311, 0.9764666952752286)",1,96.60473216850808,20447
"(0.746304385688563, 1.0)",2,96.60457241820392,20449
"(0.8229870141950848, 0.972281746031746)",1,96.60423281673464,20450
"(0.9154520780570968, 0.9832925076188832)",2,96.60415890609256,20452
"(0.9460547122074636, 0.970703356274252)",2,96.60383228971205,20454
"(0.8224713709935384, 0.9716751084525852)",1,96.60373664513584,20455
"(0.7665484369555701, 0.9650076460904662)",1,96.60365081439092,20456
"(0.9505232430050672, 0.9751409401578528)",3,96.6036439914974,20459
"(0.7999088007295942, 0.988167361639188)",1,96.60349375778873,20460
"(0.9647058823529412, 0.9646471322611444)",1,96.60315411678182,20461
"(0.8333192389006343, 0.9764666952752286)",1,96.60257698185184,20462
"(0.4069389693383772, 0.9841202349151364)",1,96.60226474542962,20463
"(0.7601164382773579, 1.0)",1,96.60178725695464,20464
"(0.8468951683237397, 0.9833229101521784)",1,96.60143540844,20465
"(1.0, 1.0)",1,96.60132190802965,20466
"(0.9162596992611264, 0.972045976510262)",1,96.6012598151291,20467
"(0.7830369357045144, 0.9650076460904662)",1,96.60107555481297,20468
"(0.934065934065934, 0.9833229101521784)",1,96.60101884665951,20469
"(1.0, 1.0)",1,96.60089651198724,20470
"(0.7952215608465608, 0.9861310021084456)",1,96.60064697235596,20471
"(0.9114218054477384, 0.9713125885011312)",2,96.6000628808735,20473
"(0.9243707071934514, 0.987463247273494)",1,96.5999761333394,20474
"(0.7647742788871822, 1.0)",1,96.59991100134144,20475
"(0.90224161204236, 0.9861310021084456)",1,96.59989347046722,20476
"(0.9153439153439156, 0.9833229101521784)",1,96.5995411890867,20477
"(0.9161952650324744, 1.0)",1,96.59953482599072,20478
"(0.751080181203132, 0.9861673414304992)",1,96.59928001414735,20479
"(0.7348436174331348, 0.972281746031746)",1,96.59886706955515,20480
"(0.8165520116739629, 1.0)",1,96.59873502165156,20481
"(0.8329339143064635, 0.9861673414304992)",1,96.59848119228111,20482
"(0.9494594905410846, 0.971495851087688)",1,96.59840869491612,20483
"(0.9234894220441888, 0.966514261618626)",1,96.59836346005493,20484
"(0.7999088007295942, 0.9766918866148322)",1,96.59822010807451,20485
"(0.9604782992262008, 0.9692608993981562)",3,96.59818095003386,20488
"(0.8899966931216932, 0.9861310021084456)",1,96.59816559729065,20489
"(0.8755737752517938, 0.9748802746905214)",1,96.59800608209906,20490
"(0.9310483384791604, 0.972420634920635)",1,96.59793369803526,20491
"(0.9640038239043044, 0.9642857142857144)",1,96.59783426408876,20492
"(0.9498370804822418, 0.9873891625615764)",1,96.59759208603788,20493
"(0.7830369357045144, 0.9650076460904662)",1,96.59748248182083,20494
"(0.874450386215092, 0.972281746031746)",2,96.5971971519399,20496
"(0.9326599326599326, 0.9833229101521784)",1,96.5971646607692,20497
"(0.9028964862298196, 0.972420634920635)",1,96.59708339308584,20498
"(0.861111111111111, 0.9833229101521784)",1,96.59707574337378,20499
"(0.9497171590194846, 0.9833229101521784)",1,96.59698843997778,20500
"(0.9309563801089225, 0.972281746031746)",1,96.59674658596938,20501
"(0.5131569832583307, 0.9885557944107872)",1,96.5964884554139,20502
"(0.859680733364944, 0.972281746031746)",1,96.59613027911632,20503
"(0.751080181203132, 0.9861673414304992)",1,96.5960414181959,20504
"(0.424546256663045, 0.9641967520703932)",1,96.5960180864267,20505
"(0.9162596992611264, 0.9861673414304992)",1,96.59588281778016,20506
"(0.8384307029790694, 0.9793911321341774)",1,96.59581354787124,20507
"(0.6444891298012474, 0.972281746031746)",1,96.59571351955536,20508
"(0.9764666952752286, 0.9643944553313464)",1,96.59566998825947,20509
"(1.0, 1.0)",2,96.59555009347156,20511
"(0.8322510822510822, 0.9861673414304992)",1,96.5955006021978,20512
"(0.8124923632552741, 0.972420634920635)",1,96.59541147513734,20513
"(0.9502288074111276, 0.9715593185206444)",1,96.59529942676647,20514
"(0.8976982097186702, 0.9833229101521784)",2,96.594643169559,20516
"(0.8753086419753084, 0.9722222222222222)",1,96.59452797201256,20517
"(0.6767580302172832, 0.9861310021084456)",4,96.59436859104976,20521
"(0.8880748880748881, 0.972281746031746)",1,96.5940907234428,20522
"(0.9362689940183164, 0.967895529128406)",1,96.59404787920866,20523
"(0.8976982097186702, 0.9833229101521784)",1,96.59399824310012,20524
"(0.9166666666666666, 0.958109559613319)",1,96.59398820777126,20525
"(0.8477163887996607, 0.9861310021084456)",1,96.59395538378918,20526
"(0.8715701474388204, 0.972281746031746)",1,96.59385325818492,20527
"(0.4747763864042934, 1.0)",1,96.59380597026409,20528
"(0.9259740526337398, 0.9678176625650188)",1,96.59331166244723,20529
"(0.8879608405415911, 0.9766918866148322)",1,96.59300150820016,20530
"(0.8976982097186702, 1.0)",2,96.59274121439688,20532
"(0.8622520112492773, 0.987463247273494)",1,96.59257511080736,20533
"(0.8483418730488175, 0.9874877810361682)",1,96.5923455012935,20534
"(0.9164187516971112, 0.9748802746905214)",1,96.59232553415085,20535
"(0.9459285785969274, 0.9716190476190476)",1,96.5919867250936,20536
"(0.8347775825943863, 0.9876066164491212)",1,96.59170437529032,20537
"(0.9300671002153482, 0.972281746031746)",1,96.59147738479328,20538
"(0.7880931329207191, 1.0)",1,96.59109386474849,20539
"(0.5555555555555555, 1.0)",1,96.59105191603868,20540
"(0.8748200797381125, 0.9861310021084456)",1,96.5907315271431,20541
"(0.9058747619658436, 0.9833040078201368)",1,96.59066466870912,20542
"(0.7729389061386163, 0.988167361639188)",1,96.59043657125028,20543
"(0.9540153992631536, 0.9751409401578528)",3,96.59035275705271,20546
"(0.9505232430050672, 0.9751915907925552)",1,96.5902603557308,20547
"(0.8843764852418178, 0.9764666952752286)",1,96.58975999986951,20548
"(0.8645256232686982, 0.9780434995701116)",1,96.58965128102189,20549
"(0.6526770767943084, 0.9861673414304992)",1,96.58956531570892,20550
"(0.901028965681318, 0.9650076460904662)",1,96.58951436484406,20551
"(0.9029281534808432, 0.9861673414304992)",1,96.58945486741732,20552
"(0.9712822597033124, 0.978518051242236)",1,96.58945219236202,20553
"(0.8310307178060801, 0.972420634920635)",1,96.58912309382664,20554
"(0.9262130464282252, 0.9779263059241357)",2,96.58905195703409,20556
"(0.840915911819273, 0.972281746031746)",1,96.58898598425496,20557
"(0.9299507899507898, 1.0)",1,96.58875083038932,20558
"(0.826014261810135, 0.9861673414304992)",1,96.58869366524108,20559
"(0.9418479305417444, 0.9766918866148322)",1,96.5885326616687,20560
"(0.6870644599303137, 0.9861310021084456)",1,96.58844550924309,20561
"(0.5070372093557577, 0.972281746031746)",1,96.5876135119524,20562
"(0.9153439153439152, 1.0)",1,96.58755602786408,20563
"(0.6444891298012474, 1.0)",1,96.58705921004866,20564
"(0.9029281534808432, 0.9861673414304992)",1,96.58701584259632,20565
"(0.8365328658269835, 0.9744002234324814)",1,96.5866275676797,20566
"(0.9871616776282092, 0.9834113430318364)",1,96.58651847809786,20567
"(0.3398897058823529, 0.976470588235294)",1,96.5864393258624,20568
"(0.8997493734335841, 0.9833229101521784)",2,96.5863947607801,20570
"(0.8733799478600891, 0.9832184229069656)",1,96.58620798668524,20571
"(0.8467368572432814, 0.9793918942439862)",1,96.58589661336602,20572
"(0.972281746031746, 1.0)",1,96.5858007793639,20573
"(0.9114218054477384, 0.9715098411076398)",1,96.58574358889852,20574
"(0.4747763864042934, 1.0)",1,96.58546465491514,20575
"(0.9609357631051972, 0.9679690637004894)",1,96.58537175200556,20576
"(0.9303901487133776, 0.967895529128406)",1,96.58521865453272,20577
"(0.9505232430050672, 0.9645938855657314)",1,96.58501241034767,20578
"(0.8633407843934159, 0.9867922141511912)",1,96.58499273207455,20579
"(0.8592657752039796, 0.958109559613319)",1,96.58474398010128,20580
"(0.9572437766315318, 0.9716190476190476)",2,96.5847413235354,20582
"(0.7198480531813864, 1.0)",1,96.58450868507458,20583
"(0.9227792207792208, 0.971495851087688)",1,96.584321868894,20584
"(0.7844357601196508, 0.972420634920635)",1,96.5841316036572,20585
"(0.927109440267335, 0.9610899532226684)",1,96.58386756542464,20586
"(0.9234894220441888, 0.9748802746905214)",1,96.58367563376176,20587
"(1.0, 1.0)",1,96.58362717718224,20588
"(0.8010054664946871, 0.9861673414304992)",1,96.58361933888368,20589
"(0.861111111111111, 1.0)",1,96.58349629412368,20590
"(0.8890432098765432, 0.9861673414304992)",1,96.5832744086202,20591
"(1.0, 1.0)",1,96.58319049432656,20592
"(0.6611718926579557, 0.9861310021084456)",1,96.58300631423656,20593
"(0.9574285714285714, 0.9716190476190476)",3,96.5829325027199,20596
"(0.6444891298012474, 0.972281746031746)",1,96.58266671637948,20597
"(0.8843764852418178, 0.9764666952752286)",1,96.5826477247242,20598
"(0.9331094582012576, 1.0)",1,96.58249265155848,20599
"(0.9699183291713004, 0.810679806624507)",1,96.58221059537772,20600
"(0.8456659619450317, 0.9764666952752286)",1,96.58204197827776,20601
"(0.7348436174331348, 0.9861673414304992)",1,96.581501769226,20602
"(0.9505232430050672, 0.9751409401578528)",3,96.58127707922644,20605
"(0.7479743867590829, 0.972252530763169)",1,96.58118830333746,20606
"(0.9641028246291404, 0.9642857142857144)",1,96.58098197225112,20607
"(0.9497171590194846, 0.9833229101521784)",1,96.58095906882367,20608
"(0.92132700797001, 1.0)",1,96.58090449277536,20609
"(0.888425800230205, 0.9773644954247216)",1,96.58088103466822,20610
"(0.831031066037186, 0.9766918866148322)",1,96.58053661249232,20611
"(0.8748200797381125, 0.972045976510262)",1,96.58030858585524,20612
"(0.7615072500907597, 0.9764666952752286)",2,96.5800828846618,20614
"(0.6749447402728794, 0.9722222222222222)",1,96.57997945885069,20615
"(0.8996392387758612, 0.974898629691537)",2,96.57990148389028,20617
"(0.415530332080681, 0.9882320356476616)",1,96.5799004159158,20618
"(0.8087623896023756, 0.964269276237512)",2,96.57953191521352,20620
"(0.7348436174331348, 0.9861310021084456)",3,96.57949572035302,20623
"(0.9833040078201368, 0.9792058837220128)",2,96.57948487461144,20625
"(0.9008025849489264, 1.0)",1,96.57925232383867,20626
"(0.7323695788812067, 0.988167361639188)",1,96.579117959732,20627
"(0.8490208544183524, 0.9861310021084456)",1,96.57908810410407,20628
"(0.978621888315766, 0.9713574016563148)",1,96.57893410660904,20629
"(0.7090909090909091, 1.0)",1,96.578874244456,20630
"(0.94291309888229, 0.991206314397104)",4,96.5788263297723,20634
"(0.8101143854687974, 1.0)",2,96.57856736235942,20636
"(0.3729832026666541, 0.9831065113831772)",1,96.5784409870635,20637
"(0.8160079573535582, 0.9760131220193872)",1,96.5780542534674,20638
"(0.9162596992611264, 0.958109559613319)",4,96.57801756016332,20642
"(0.972281746031746, 0.9861310021084456)",2,96.57782763741398,20644
"(0.9503122778456484, 0.991777356103732)",1,96.57755918469984,20645
"(0.9153439153439156, 0.9833229101521784)",1,96.57739593802536,20646
"(0.8581022152450725, 0.972045976510262)",1,96.57715305661044,20647
"(0.5910680656443368, 1.0)",2,96.5768259744882,20649
"(0.9531381014506703, 0.9676485688615069)",3,96.57679533733427,20652
"(0.7042648709315374, 1.0)",1,96.5765774359481,20653
"(0.9299160159815896, 0.9861673414304992)",1,96.57612811730856,20654
"(0.9583930063253372, 1.0)",1,96.57604410530806,20655
"(0.8871082621082622, 0.972281746031746)",1,96.57598923489144,20656
"(0.8777008472715792, 0.9777024991092788)",1,96.57598597674252,20657
"(0.8391399552284038, 0.9885557944107872)",1,96.57595250589743,20658
"(0.8404355452872972, 0.972045976510262)",1,96.5755941654631,20659
"(0.6992775742775743, 0.9861673414304992)",1,96.57545101272444,20660
"(0.7836974395113928, 0.9766918866148322)",1,96.57543184768214,20661
"(0.8208353559736048, 0.9861673414304992)",1,96.57534921234708,20662
"(0.8518001818001818, 0.9790537671724112)",1,96.57517971377976,20663
"(0.9153439153439156, 1.0)",1,96.57515641358722,20664
"(0.9432380952380952, 0.9751409401578528)",1,96.57507593543764,20665
"(0.8976982097186702, 1.0)",1,96.57499786643082,20666
"(0.902012682657844, 0.9916585206907788)",1,96.57481395731293,20667
"(0.6444891298012474, 0.972281746031746)",2,96.5747426871645,20669
"(0.9280459216361852, 0.9916585206907788)",2,96.57471412176012,20671
"(0.6747507742934573, 1.0)",1,96.57469634907788,20672
"(0.5187734941865547, 0.972281746031746)",2,96.57449113762316,20674
"(0.9234894220441888, 0.9623401908712385)",1,96.57436982541611,20675
"(0.8329339143064635, 0.972420634920635)",1,96.57415631423174,20676
"(0.9036271334014516, 0.977027027027027)",1,96.57391371650549,20677
"(0.861621814331256, 0.9861310021084456)",1,96.573831352477,20678
"(0.7952215608465608, 0.972281746031746)",1,96.57359146242604,20679
"(0.6892156862745098, 0.972420634920635)",1,96.5734207380237,20680
"(0.8101143854687974, 1.0)",2,96.57313146684164,20682
"(0.8148308968977662, 0.9861673414304992)",1,96.57279393901976,20683
"(0.9146901709401708, 0.9861310021084456)",1,96.57276835754824,20684
"(0.6892156862745098, 0.972420634920635)",1,96.57238005887368,20685
"(0.9833229101521784, 1.0)",1,96.57234960004516,20686
"(0.893146638589877, 1.0)",1,96.57204372624057,20687
"(0.7090909090909091, 1.0)",1,96.57201300524584,20688
"(0.9162596992611264, 0.9861673414304992)",2,96.5714469823626,20690
"(0.8796475392220073, 0.9833229101521784)",1,96.57134450443344,20691
"(0.9460547122074636, 0.9748802746905214)",1,96.57133321445522,20692
"(0.6767580302172832, 0.972281746031746)",1,96.57119892550728,20693
"(0.8715701474388204, 0.9861310021084456)",2,96.5711819171198,20695
"(0.8449106413122807, 0.9644038253792572)",1,96.5711314329696,20696
"(0.8747562283652673, 0.972045976510262)",1,96.57094287694784,20697
"(0.8581022152450725, 0.972045976510262)",2,96.5708050874361,20699
"(0.7725182451236846, 0.9764666952752286)",1,96.57061425260272,20700
"(0.947035873779261, 0.9787142857142856)",1,96.5702808303986,20701
"(0.8997493734335841, 1.0)",1,96.57017365986934,20702
"(0.9026337658413128, 0.9722222222222222)",1,96.56971317070632,20703
"(0.8586125966511082, 0.9780405430468708)",1,96.56951012614054,20704
"(0.8068904981347378, 1.0)",1,96.56948835358706,20705
"(0.6736022307473716, 0.9861673414304992)",1,96.56945200847908,20706
"(0.9797933639980358, 0.9958292603453894)",1,96.56934734182734,20707
"(0.9468391231269042, 0.9751409401578528)",1,96.56922538460366,20708
"(0.9535144014828052, 0.9787142857142856)",1,96.56921697704516,20709
"(0.9640038239043044, 0.9714285714285714)",1,96.568992986588,20710
"(0.8137861130877186, 0.9758777250199286)",1,96.56887655509767,20711
"(0.8631546198466533, 0.9764666952752286)",1,96.56877592624376,20712
"(0.9584385644218804, 0.972045976510262)",1,96.56876308642283,20713
"(0.9300655321826798, 0.973986299435434)",1,96.56874781995708,20714
"(0.751080181203132, 0.9861673414304992)",1,96.56872335243804,20715
"(0.9238400660955778, 0.9640038239043044)",1,96.56847279124943,20716
"(0.5070372093557577, 0.9861310021084456)",1,96.5683809601252,20717
"(0.8920217788143652, 0.9706816701804596)",1,96.56821449431146,20718
"(0.9497171590194848, 0.9833229101521784)",1,96.56772470922247,20719
"(0.9187883397948668, 0.9716190476190476)",1,96.56750744551186,20720
"(0.902192297684101, 0.9861310021084456)",1,96.56740045642924,20721
"(0.8930530569999261, 0.9764510238685274)",1,96.56697951963176,20722
"(0.8715701474388204, 0.972281746031746)",1,96.56685269378488,20723
"(0.6813936996863826, 0.9861310021084456)",1,96.56683750651038,20724
"(0.8970129352925051, 0.9958292603453894)",1,96.56672464136616,20725
"(0.8167571527336316, 1.0)",1,96.5666826215427,20726
"(0.7999088007295942, 0.988167361639188)",2,96.56666952703232,20728
"(0.4799413873705827, 0.9837834061650114)",1,96.56616639526656,20729
"(0.9531381014506703, 0.9641028246291404)",3,96.56610006694076,20732
"(0.9008273252543846, 0.9861310021084456)",1,96.566005388731,20733
"(0.9418479305417444, 0.9766918866148322)",1,96.56598492425654,20734
"(0.9833229101521784, 1.0)",1,96.56586592758674,20735
"(0.6760835913312693, 1.0)",1,96.56569549500924,20736
"(0.9712822597033124, 0.9712822597033124)",1,96.56548475752162,20737
"(0.4139252838240179, 0.9820921967132225)",1,96.5649126050092,20738
"(0.7280584513944579, 0.9861673414304992)",1,96.56441600555918,20739
"(0.8734313112361893, 0.9861673414304992)",1,96.56389369195765,20740
"(0.8087623896023756, 0.9764666952752286)",1,96.56388191819384,20741
"(0.9422394177612392, 0.9713574016563148)",1,96.56363799398584,20742
"(0.943552974917135, 0.9749692931061258)",1,96.56361314081131,20743
"(0.9187883397948668, 0.9715593185206444)",1,96.56346800388464,20744
"(0.775671600877193, 0.9690968282937898)",1,96.56340337257012,20745
"(0.4746453255640638, 0.9831057012886776)",1,96.56331136195114,20746
"(0.8750583443290422, 0.9746602099543804)",1,96.56214711412964,20747
"(0.8734313112361893, 0.9861673414304992)",1,96.561974843283,20748
"(0.9459285785969274, 0.9716190476190476)",1,96.5619631110062,20749
"(0.9161952650324744, 1.0)",1,96.56169947349755,20750
"(0.8418648749956689, 0.9764666952752286)",1,96.56165234822508,20751
"(0.9603476243044132, 0.97502985598876)",1,96.56163194552248,20752
"(0.9007161410018553, 0.9644491481508056)",1,96.5612961240386,20753
"(0.7675138481590094, 1.0)",1,96.56056209431924,20754
"(0.8333192389006343, 0.988167361639188)",2,96.56040214711696,20756
"(0.8880748880748881, 0.972281746031746)",1,96.5602599815964,20757
"(0.8874191651969431, 0.9861673414304992)",1,96.56020085364015,20758
"(0.902898027898028, 0.9861310021084456)",1,96.55997807552572,20759
"(0.838301471154743, 0.972045976510262)",1,96.55982879415144,20760
"(0.765692887308966, 0.9861310021084456)",1,96.55931945888376,20761
"(0.902012682657844, 0.987491854024112)",1,96.55927054466169,20762
"(0.7002945207922506, 0.9824126287942077)",1,96.55919775093214,20763
"(0.8193419055822156, 0.9861673414304992)",1,96.55891009153348,20764
"(0.8193419055822156, 0.9861673414304992)",1,96.55873384582152,20765
"(0.785056584180393, 0.9763501636709914)",1,96.55866951068204,20766
"(0.9069647153947764, 0.9713574016563148)",1,96.5586643795064,20767
"(0.9008025849489264, 1.0)",1,96.55864097203244,20768
"(0.8358530587380517, 0.9874877810361682)",1,96.55829340891324,20769
"(0.9098759089802734, 0.9661347549772598)",2,96.5582903300581,20771
"(0.799275702501509, 1.0)",1,96.55823397735672,20772
"(0.8796475392220073, 0.9833229101521784)",1,96.55812151883624,20773
"(0.8936757955372995, 0.976470588235294)",1,96.55811865671546,20774
"(0.8322510822510822, 0.9861673414304992)",1,96.55802043818998,20775
"(0.9162596992611264, 0.972045976510262)",1,96.55789710802476,20776
"(0.9377148530109056, 0.991206314397104)",1,96.55766418377428,20777
"(0.9677353740627908, 0.9749692931061258)",1,96.55750997510847,20778
"(0.9833229101521784, 1.0)",1,96.55740651350926,20779
"(0.8587195484254307, 0.9722222222222222)",1,96.55736095187456,20780
"(0.9666562434855118, 1.0)",2,96.55731215528756,20782
"(0.7665484369555701, 0.9764666952752286)",1,96.55701953383392,20783
"(0.7711781618000022, 1.0)",1,96.55684948487884,20784
"(0.9540153992631536, 0.9787142857142856)",1,96.55684684296008,20785
"(0.8653198653198653, 0.9833229101521784)",1,96.55630119988513,20786
"(0.8879608405415911, 0.9766918866148322)",1,96.55610683405538,20787
"(0.8101143854687974, 1.0)",2,96.55602520973292,20789
"(0.7725182451236846, 0.964269276237512)",1,96.55594544578868,20790
"(0.9603476243044132, 0.9675571471581564)",1,96.55593593501916,20791
"(0.8715701474388204, 0.972281746031746)",2,96.55588766801117,20793
"(0.7344692811916678, 0.9861673414304992)",1,96.5555651339931,20794
"(0.9450323339212228, 0.958109559613319)",1,96.5554979576293,20795
"(0.92975135975136, 0.972281746031746)",1,96.5553204592053,20796
"(0.8443691323092412, 0.9916585206907788)",1,96.55531290412392,20797
"(0.7885047499939597, 0.988167361639188)",1,96.555138018416,20798
"(0.8887419165196944, 0.972045976510262)",2,96.55500508737477,20800
"(0.916110211619383, 0.9832679738562092)",1,96.55487975432412,20801
"(0.7026153868908955, 0.9713574016563148)",1,96.55468090058228,20802
"(0.9645938855657314, 0.9751409401578528)",2,96.55467999566014,20804
"(0.7545469576719577, 1.0)",4,96.5546544279036,20808
"(0.9162596992611264, 0.9861310021084456)",1,96.55440060143002,20809
"(0.9111482937118004, 0.9753377956156994)",1,96.5542197255182,20810
"(0.9172202093397748, 0.972420634920635)",1,96.5539452706279,20811
"(0.8490208544183524, 0.972281746031746)",1,96.55384428201712,20812
"(0.8316498316498316, 1.0)",1,96.55375521505128,20813
"(0.9154520780570968, 0.9748802746905214)",1,96.55357455119798,20814
"(0.945600047211127, 0.9749692931061258)",1,96.5535007659953,20815
"(0.8801420274178757, 0.9643944553313464)",1,96.5534854896617,20816
"(0.9491452991452992, 0.9714285714285714)",1,96.55346968210922,20817
"(0.8316498316498316, 1.0)",1,96.5529193422112,20818
"(0.8976982097186702, 0.9665831244778612)",1,96.55272919722889,20819
"(0.9873891625615764, 0.9789043140767278)",2,96.55262325133724,20821
"(0.8468089381754635, 0.986081059422206)",1,96.55227662073848,20822
"(0.7050663794439956, 0.9647058823529412)",1,96.5516783397731,20823
"(0.9388917411828462, 0.9751409401578528)",3,96.55160860636208,20826
"(0.6886904761904762, 1.0)",1,96.55159736145649,20827
"(0.9665831244778612, 1.0)",1,96.55134811109974,20828
"(0.3398897058823529, 0.976470588235294)",1,96.55086132267196,20829
"(0.6611718926579557, 0.9861310021084456)",1,96.5508437887134,20830
"(0.9609357631051972, 0.967895529128406)",1,96.55052076999,20831
"(0.8796475392220073, 1.0)",1,96.55045068822837,20832
"(0.5187734941865547, 1.0)",2,96.55041138434444,20834
"(0.9528629190035216, 0.9882320356476616)",1,96.55021742528336,20835
"(0.9833229101521784, 1.0)",1,96.54986128179875,20836
"(0.8222222222222222, 1.0)",1,96.54964421533838,20837
"(0.9680383516315252, 0.9641028246291404)",1,96.54948556273222,20838
"(0.8490208544183524, 0.9861310021084456)",1,96.5494205390578,20839
"(0.7372334455667788, 1.0)",1,96.54936036632272,20840
"(0.7884092310206264, 0.9764666952752286)",1,96.5493062274774,20841
"(0.9833229101521784, 1.0)",1,96.5491735522353,20842
"(0.9398731501057084, 0.988167361639188)",1,96.54909409402303,20843
"(0.8813457860512559, 0.9748802746905214)",1,96.54901511476965,20844
"(0.933096859926128, 0.9833229101521784)",1,96.54843651864978,20845
"(0.751080181203132, 0.9861310021084456)",1,96.5484072898202,20846
"(0.952999227799228, 0.967895529128406)",1,96.54838721785492,20847
"(0.8490208544183524, 0.9861310021084456)",2,96.5483503686757,20849
"(0.6759495516512356, 0.9766918866148322)",1,96.5483394724866,20850
"(0.9436368312757202, 0.972281746031746)",1,96.5480511889404,20851
"(0.8869412702469182, 0.958109559613319)",1,96.54803838661503,20852
"(0.902898027898028, 0.9861310021084456)",1,96.54778327449598,20853
"(0.9833229101521784, 1.0)",2,96.54739755003789,20855
"(0.8082530156998243, 0.9722222222222222)",1,96.54720886229276,20856
"(0.9348222545262322, 0.9645238095238096)",1,96.547097699142,20857
"(0.9665831244778612, 1.0)",1,96.54685742012784,20858
"(0.7109688804604058, 1.0)",1,96.54611965855732,20859
"(0.855702280912365, 0.9882320356476616)",1,96.54605597430334,20860
"(0.8596618357487924, 0.972045976510262)",1,96.54587498697737,20861
"(0.9575913511472004, 0.9640038239043044)",1,96.54527317966266,20862
"(0.8579868984630887, 1.0)",4,96.54493810815136,20866
"(0.7348436174331348, 0.9861673414304992)",1,96.54427857736606,20867
"(0.8581022152450725, 0.972045976510262)",1,96.5441516382185,20868
"(0.8310777799491891, 0.9882048106149588)",1,96.54413263471594,20869
"(0.8358530587380517, 0.983030303030303)",1,96.54387838069184,20870
"(0.4276312823980166, 0.976470588235294)",1,96.54362198611432,20871
"(0.8471527473990528, 1.0)",1,96.5434220563716,20872
"(0.8810064268049709, 0.9780434995701116)",1,96.54337628370736,20873
"(0.9715593185206444, 0.9676485688615069)",3,96.54332528273996,20876
"(0.8899966931216932, 0.9861310021084456)",1,96.54308199678763,20877
"(0.6851668669379734, 0.9764666952752286)",1,96.5429810745746,20878
"(0.8443691323092412, 0.9916585206907788)",1,96.54254644756178,20879
"(0.7030725566042162, 0.9764666952752286)",1,96.5425234160988,20880
"(0.90224161204236, 0.9861310021084456)",2,96.542464751913,20882
"(0.947552083649559, 0.9958292603453894)",1,96.54245505632416,20883
"(0.8879608405415911, 0.988167361639188)",1,96.54213236344208,20884
"(0.7891673497098101, 0.9824126287942077)",3,96.54199841907744,20887
"(0.8687499999999999, 0.988167361639188)",1,96.54161535299087,20888
"(0.9326599326599326, 0.9833229101521784)",1,96.54158878968092,20889
"(0.8153895365851999, 0.9643944553313464)",1,96.54105304805348,20890
"(0.8490208544183524, 0.972281746031746)",2,96.54100603048268,20892
"(0.9303901487133776, 0.9642857142857144)",1,96.5407827678932,20893
"(0.9398731501057084, 0.9766918866148322)",1,96.5407810803219,20894
"(0.7664480222619757, 0.9764666952752286)",1,96.5405466352622,20895
"(0.9161952650324744, 0.9665831244778612)",2,96.54027774636346,20897
"(0.8795903283708161, 0.967895529128406)",1,96.54023249001732,20898
"(0.7447170736590969, 0.9736842105263158)",1,96.5400800907164,20899
"(0.9665831244778612, 0.9833229101521784)",1,96.53975525441128,20900
"(1.0, 0.9833229101521784)",1,96.53961985860025,20901
"(0.835848883169409, 0.9766918866148322)",1,96.53958060853806,20902
"(0.8753086419753084, 0.9861310021084456)",1,96.53949648683674,20903
"(0.6611718926579557, 0.972281746031746)",1,96.53924701882424,20904
"(0.8390424521630195, 0.9861673414304992)",1,96.53913548773538,20905
"(0.405080183803588, 0.9861673414304992)",1,96.53911630957224,20906
"(0.934065934065934, 0.9833229101521784)",2,96.53902056987836,20908
"(0.7892960774346593, 0.9861673414304992)",1,96.53882166446228,20909
"(0.9609357631051972, 0.967895529128406)",1,96.53863748047496,20910
"(0.8381537928082643, 0.9665305767029904)",1,96.53861372944051,20911
"(1.0, 1.0)",1,96.5385730374407,20912
"(0.9392111404005912, 0.9680383516315252)",1,96.53850317518156,20913
"(0.90224161204236, 0.9861310021084456)",1,96.53843108478614,20914
"(0.9497171590194848, 0.9833229101521784)",1,96.53829618053445,20915
"(0.8732774170274171, 1.0)",1,96.53818154046871,20916
"(0.9162596992611264, 0.972045976510262)",1,96.53808140680614,20917
"(0.9625085772334347, 0.9916625936787228)",1,96.53796894541792,20918
"(0.8899966931216932, 0.9861310021084456)",1,96.53791283066823,20919
"(0.8333192389006343, 0.9766918866148322)",2,96.53745119706824,20921
"(0.6870644599303137, 0.9861310021084456)",1,96.53737284528589,20922
"(0.90224161204236, 0.9861310021084456)",1,96.53723307314556,20923
"(0.9166145507608924, 1.0)",1,96.53687278194876,20924
"(0.8266173510466989, 0.9861673414304992)",1,96.53656116409466,20925
"(0.5145696010475885, 0.9861310021084456)",1,96.53626597521018,20926
"(0.8148308968977662, 0.972281746031746)",2,96.53590196841684,20928
"(0.8717520170461346, 0.9958292603453894)",1,96.53586309599518,20929
"(0.8685314685314685, 0.9650076460904662)",1,96.53586202920668,20930
"(0.9677353740627908, 0.9603476243044132)",6,96.53554903959134,20936
"(0.8621197352815, 0.972281746031746)",1,96.5353202521529,20937
"(0.8813457860512559, 0.9621405707933222)",1,96.53523233706328,20938
"(0.9436368312757202, 0.9861673414304992)",1,96.53521802384734,20939
"(0.927109440267335, 0.9680383516315252)",1,96.53453996709564,20940
"(0.911234030893585, 0.982205035389161)",1,96.53362373871562,20941
"(0.9392111404005912, 0.9716190476190476)",1,96.53356961191514,20942
"(0.8715701474388204, 0.9861310021084456)",1,96.53342210219633,20943
"(0.8478418336329888, 0.9780434995701116)",1,96.53335906566409,20944
"(0.917283950617284, 0.9861673414304992)",1,96.53314409726548,20945
"(0.8044914258149553, 0.9861310021084456)",1,96.53303680386452,20946
"(0.8334507869391591, 0.9643944553313464)",1,96.53259880024478,20947
"(0.8524016298728943, 0.9791102677630192)",1,96.53233551435449,20948
"(0.8322510822510822, 0.9861673414304992)",1,96.53225491810744,20949
"(0.9497171590194846, 1.0)",1,96.532245435348,20950
"(0.8660545355265853, 0.9749910873440284)",1,96.53206409651771,20951
"(0.7999088007295942, 0.988167361639188)",1,96.53166500338476,20952
"(0.8796475392220073, 1.0)",1,96.53163981539734,20953
"(0.9645938855657314, 0.9716190476190476)",1,96.53159006100024,20954
"(0.8467532467532467, 1.0)",1,96.5313219548212,20955
"(1.0, 1.0)",1,96.53119609165844,20956
"(0.9535144014828052, 0.9681645071821834)",1,96.53115352011925,20957
"(0.8365328658269835, 0.987491854024112)",2,96.5310634983058,20959
"(0.9665831244778612, 1.0)",1,96.53077206845715,20960
"(0.8868677229932935, 0.9780434995701116)",3,96.53052279640308,20963
"(0.9164187516971112, 0.9707095350359106)",1,96.5302790638499,20964
"(0.930124456440246, 0.958109559613319)",1,96.53023555942438,20965
"(0.9369808292429718, 0.9621506018391448)",2,96.52994660015196,20967
"(0.80285509389987, 1.0)",2,96.52994463560545,20969
"(0.9184901612842788, 0.9748802746905214)",1,96.52923514213802,20970
"(0.8404355452872972, 0.9861310021084456)",2,96.52894592837708,20972
"(0.7778533896115083, 0.9824126287942077)",6,96.5289062570789,20978
"(0.7344692811916678, 0.9861673414304992)",2,96.52871949899571,20980
"(0.8687499999999999, 0.988167361639188)",1,96.52871449022304,20981
"(0.8887419165196944, 0.972045976510262)",1,96.52867325049648,20982
"(0.8003813092161745, 0.9706857431684036)",1,96.52848579218394,20983
"(0.9310483384791604, 0.9861673414304992)",2,96.52829710421015,20985
"(0.9161952650324744, 1.0)",1,96.52829507734424,20986
"(0.7615072500907597, 0.9764666952752286)",1,96.5282410391153,20987
"(0.8194074731341813, 0.9861673414304992)",4,96.52757123885792,20991
"(0.9460547122074636, 0.9748802746905214)",1,96.52746605460678,20992
"(0.8390424521630195, 0.9861673414304992)",1,96.52718616753836,20993
"(0.8662655059929975, 0.9736842105263158)",1,96.52715978987818,20994
"(0.8592657752039796, 0.972045976510262)",1,96.52697194534396,20995
"(0.8899966931216932, 0.972281746031746)",1,96.52663713169812,20996
"(0.8066742741368069, 0.9777027027027028)",1,96.52662461467476,20997
"(0.8687499999999999, 0.988167361639188)",1,96.52646582801756,20998
"(0.8599687349687349, 0.9861310021084456)",1,96.52625650117513,20999
"(0.6759495516512356, 0.9650076460904662)",2,96.52620713946966,21001
"(0.813515418166581, 0.988167361639188)",1,96.52555019703688,21002
"(0.7401844059863599, 0.9861673414304992)",1,96.52549085136552,21003
"(0.8701068324360797, 0.976351221792846)",1,96.5254784994981,21004
"(0.846098299557419, 0.972420634920635)",1,96.52543937543147,21005
"(0.8229870141950848, 0.972281746031746)",1,96.52523175646294,21006
"(0.7401844059863599, 0.9861673414304992)",1,96.52522877070854,21007
"(0.6932521176358618, 0.9780434995701116)",2,96.52521692107798,21009
"(0.933096859926128, 1.0)",1,96.52501260822976,21010
"(0.8224713709935384, 0.9715593185206444)",1,96.5250122746922,21011
"(0.8603047812742307, 0.966546941357188)",1,96.5249179829028,21012
"(0.8622520112492773, 0.9706857431684036)",1,96.52470555508856,21013
"(0.9666562434855118, 1.0)",1,96.52461623513707,21014
"(0.9079075500409146, 0.9958292603453894)",1,96.52432517533808,21015
"(0.8813080639167598, 1.0)",1,96.52392596738672,21016
"(0.9450323339212228, 0.958109559613319)",2,96.52377126798184,21018
"(0.8876473063973064, 0.972420634920635)",1,96.5236090206815,21019
"(0.842200034135518, 0.9678176625650188)",1,96.52356906068113,21020
"(0.8127312328440149, 0.9722222222222222)",1,96.52350842172746,21021
"(0.6747507742934573, 1.0)",1,96.523479038799,21022
"(0.8884797556713653, 0.9958292603453894)",1,96.52344709272067,21023
"(0.8158879904162925, 1.0)",1,96.52343950134322,21024
"(0.8584175084175085, 0.9861673414304992)",1,96.5232131065322,21025
"(0.9331814008429188, 0.9528959415746864)",1,96.52310256246808,21026
"(0.8734313112361893, 0.9861673414304992)",1,96.52282952840426,21027
"(0.9375304270799264, 0.9749957790106976)",1,96.52245272707952,21028
"(0.8518774267621343, 0.9650076460904662)",1,96.52228796787088,21029
"(0.8932254623044097, 0.9692608993981562)",2,96.52224795377178,21031
"(0.9833229101521784, 1.0)",1,96.52223131911256,21032
"(0.8746747225950852, 0.9692608993981562)",3,96.52218793180631,21035
"(0.8455704732698088, 0.972281746031746)",1,96.5220259265526,21036
"(0.8071948928825261, 0.9861673414304992)",1,96.5219671825247,21037
"(0.9574285714285714, 0.9681645071821834)",1,96.52194395831648,21038
"(0.934065934065934, 0.9833229101521784)",2,96.5216423527844,21040
"(0.9581458989353726, 1.0)",1,96.5215540780256,21041
"(0.8589064384650125, 0.9748802746905214)",1,96.52141926013454,21042
"(0.9238400660955778, 0.97502985598876)",3,96.52110779530427,21045
"(0.932201731346617, 0.9764666952752286)",1,96.52098774656064,21046
"(0.9379369827374928, 0.9749692931061258)",1,96.52053176327549,21047
"(0.8753086419753084, 0.9722222222222222)",1,96.52018165227214,21048
"(0.6698155645524068, 1.0)",1,96.52013443087536,21049
"(0.8725285568772964, 0.972045976510262)",1,96.52001077751672,21050
"(0.9228120179844318, 0.9673431744409732)",1,96.51994970561248,21051
"(0.9362689940183164, 0.9677353740627908)",1,96.51989812561354,21052
"(1.0, 1.0)",1,96.51927785692985,21053
"(0.8518774267621343, 0.9764666952752286)",1,96.51917695585598,21054
"(0.7844357601196508, 0.972420634920635)",1,96.51902609699904,21055
"(0.8796475392220073, 1.0)",1,96.51898489738107,21056
"(1.0, 0.9833229101521784)",1,96.51890514324607,21057
"(0.8656595443322052, 0.9760135053004548)",1,96.51868805881196,21058
"(0.9696986734304888, 0.8118292603453893)",1,96.5186877178408,21059
"(0.8887202421952387, 1.0)",1,96.51867402760536,21060
"(0.9860411258716344, 0.972045976510262)",1,96.51861753215265,21061
"(0.9643944553313464, 0.9643944553313464)",1,96.51855561098934,21062
"(0.8848365568890763, 0.9643944553313464)",1,96.51817141356618,21063
"(0.940928587432546, 0.9958292603453894)",1,96.5177908183353,21064
"(0.8726893261776982, 0.9764666952752286)",1,96.51759515508952,21065
"(0.8804215399610136, 0.9779870235853187)",1,96.51755501818226,21066
"(0.8696923468090515, 0.9780434995701116)",3,96.51752346683472,21069
"(0.8303529411764705, 0.976470588235294)",1,96.51686261997018,21070
"(0.9860411258716344, 0.972045976510262)",1,96.51685700959158,21071
"(0.972281746031746, 0.9861673414304992)",1,96.5167653610349,21072
"(0.8880748880748881, 0.972281746031746)",1,96.51655712918668,21073
"(0.8208353559736048, 0.9861673414304992)",1,96.51651017902992,21074
"(0.9388917411828462, 0.9751409401578528)",1,96.51631102986572,21075
"(0.9388917411828462, 0.9645938855657314)",1,96.51621817985504,21076
"(0.8751897860593512, 0.972420634920635)",1,96.5161969307241,21077
"(0.8130477958637364, 0.9780434995701116)",1,96.5160967935025,21078
"(0.9041196741854636, 0.9648252575884156)",3,96.5159817636681,21081
"(0.8621031746031745, 0.9861310021084456)",1,96.51584801472217,21082
"(0.9310483384791604, 0.972420634920635)",1,96.5157789310036,21083
"(0.8743078626799556, 0.9861310021084456)",1,96.51537806996085,21084
"(0.8229870141950848, 0.972281746031746)",1,96.51524443447671,21085
"(0.7665484369555701, 0.9650076460904662)",1,96.51513159364416,21086
"(0.8876281048778143, 0.9677353740627908)",1,96.51497528690174,21087
"(0.9575913511472004, 0.9640038239043044)",3,96.51495179055124,21090
"(0.9454999712494968, 0.987491854024112)",1,96.51488024326876,21091
"(0.9285714285714286, 0.9787142857142856)",3,96.514612223582,21094
"(0.9665831244778612, 0.9833229101521784)",1,96.5145421231639,21095
"(0.9450323339212228, 0.972045976510262)",1,96.51449993397436,21096
"(0.9212328545548654, 0.9716190476190476)",3,96.51427397867892,21099
"(0.8750583443290422, 0.9756756756756756)",1,96.51420942177086,21100
"(0.7348436174331348, 0.972281746031746)",1,96.51402554305878,21101
"(0.5145696010475885, 0.9861310021084456)",1,96.513880240847,21102
"(0.8524016298728943, 0.9626036866359446)",1,96.51385019133647,21103
"(0.9224996008939976, 0.9624545454545456)",1,96.51352880268352,21104
"(0.9494594905410846, 0.97502985598876)",1,96.51328473272947,21105
"(0.9572437766315318, 0.9787142857142856)",3,96.51301095644703,21108
"(0.8997493734335841, 0.9833229101521784)",1,96.51277920642995,21109
"(0.9009133567957098, 0.9861310021084456)",1,96.51263708709853,21110
"(0.934065934065934, 0.9833229101521784)",1,96.51206669121169,21111
"(0.9491452991452992, 0.9607612022680516)",1,96.5119765069908,21112
"(0.9205517358458536, 0.9673431744409732)",2,96.51191016415176,21114
"(0.917415489944373, 1.0)",2,96.51182967051162,21116
"(0.8148308968977662, 0.9861310021084456)",1,96.5115518933596,21117
"(0.8880748880748881, 0.972281746031746)",1,96.51101483422076,21118
"(0.8420013166556946, 1.0)",1,96.5107020863779,21119
"(0.8003813092161745, 0.9748802746905214)",1,96.51058497106423,21120
"(0.8609273664420722, 0.972281746031746)",1,96.51050221517453,21121
"(0.90224161204236, 0.9861310021084456)",1,96.51041402705216,21122
"(0.7725182451236846, 0.9764666952752286)",1,96.5101684589074,21123
"(0.8013184398461819, 0.9764666952752286)",2,96.51006056682316,21125
"(0.9297326845255915, 0.979166518665308)",1,96.50955737109096,21126
"(0.8442988787957741, 0.9773647021061568)",1,96.50918364405996,21127
"(0.7823116219667945, 0.9861673414304992)",1,96.50891960116908,21128
"(0.8730640704324915, 0.958109559613319)",1,96.5088445028948,21129
"(0.8796475392220073, 1.0)",1,96.50865072108942,21130
"(1.0, 1.0)",1,96.5084772406996,21131
"(0.8874191651969431, 0.9861673414304992)",1,96.50825770291036,21132
"(0.8404355452872972, 0.972045976510262)",1,96.50793957410882,21133
"(0.8201767124753505, 0.9780434995701116)",1,96.50745759836325,21134
"(0.8796475392220073, 1.0)",1,96.50731746992416,21135
"(0.8428883536673643, 0.9780434995701116)",3,96.50709907133246,21138
"(0.8840455840455841, 1.0)",1,96.50674814707708,21139
"(0.8547756205106323, 0.988167361639188)",1,96.50648049923844,21140
"(0.9184901612842788, 0.9707148564755056)",1,96.50643191769772,21141
"(0.838301471154743, 0.972045976510262)",1,96.50642890425652,21142
"(0.9645938855657314, 0.9680383516315252)",1,96.50610340762366,21143
"(0.9326599326599326, 1.0)",1,96.50573493762543,21144
"(0.8374727668845315, 1.0)",1,96.50564152521548,21145
"(0.8003813092161745, 0.9791299139401608)",1,96.50559898166446,21146
"(0.9343984962406016, 0.9679690637004894)",1,96.5054201848019,21147
"(0.946492548547343, 0.9787142857142856)",1,96.50540157046328,21148
"(0.8814814814814814, 1.0)",1,96.50510927293551,21149
"(1.0, 1.0)",1,96.5045353593788,21150
"(0.8736897274633123, 1.0)",1,96.50447642917436,21151
"(0.94291309888229, 0.9737445480717845)",1,96.5043500428749,21152
"(0.7168719671519223, 0.9736189431913116)",1,96.50397244911204,21153
"(0.7555200945626477, 0.972420634920635)",1,96.5038366787836,21154
"(0.8592978613894666, 0.9861673414304992)",1,96.50351524939376,21155
"(0.8676532769556025, 0.9882048106149588)",1,96.50344734771136,21156
"(0.9310483384791604, 0.9861673414304992)",1,96.50332037747864,21157
"(0.8044914258149553, 0.9861310021084456)",1,96.50332021655603,21158
"(0.8814591883264935, 0.9643944553313464)",1,96.50330555220404,21159
"(0.8879608405415911, 0.988167361639188)",1,96.50315244162007,21160
"(0.9499687304565352, 0.9833229101521784)",2,96.50295111150142,21162
"(0.9531381014506703, 0.9714285714285714)",1,96.50269360211657,21163
"(0.9223799456357596, 0.9764666952752286)",4,96.50258099997828,21167
"(0.3987913031507923, 0.9827679628749876)",1,96.50256065094948,21168
"(0.9528533742496432, 0.9714285714285714)",1,96.50251144114593,21169
"(0.8799206023655463, 0.9760135162511973)",1,96.5024543358072,21170
"(0.6042502004811546, 0.988167361639188)",1,96.50236560352717,21171
"(0.8887419165196944, 0.972045976510262)",4,96.50197795293845,21175
"(0.9169719169719168, 1.0)",1,96.5019756749597,21176
"(0.7999088007295942, 0.9764666952752286)",1,96.5019715328798,21177
"(0.9712822597033124, 0.978621888315766)",1,96.50190783888918,21178
"(0.9161952650324744, 0.9833229101521784)",1,96.50169553936306,21179
"(0.8887868801004395, 0.9861310021084456)",1,96.50163596880192,21180
"(0.9098759089802734, 0.9832965806068272)",1,96.5015375242083,21181
"(0.8341307814992026, 0.9833229101521784)",1,96.50145499433948,21182
"(0.8796475392220073, 0.9833229101521784)",2,96.50133755939912,21184
"(0.9234894220441888, 0.9707210352371642)",1,96.5007794022784,21185
"(0.8621031746031745, 0.9861310021084456)",1,96.5007529041015,21186
"(0.8890344426058713, 0.9722222222222222)",1,96.50058023442996,21187
"(0.8451478848040399, 0.972045976510262)",1,96.50054709512985,21188
"(0.9374843410636878, 0.979357398873528)",1,96.50032955955274,21189
"(0.8333192389006343, 0.988167361639188)",1,96.49916231826872,21190
"(0.7824110326372048, 0.988167361639188)",1,96.4989121871098,21191
"(0.8416827657517105, 0.9861310021084456)",1,96.49889374049738,21192
"(0.8748200797381125, 0.9861310021084456)",1,96.49888359590476,21193
"(0.7002945207922506, 0.9867922141511912)",1,96.49883377085682,21194
"(0.9437903841498612, 1.0)",1,96.49862186114736,21195
"(0.944120583717358, 0.9916585206907788)",1,96.4983619288409,21196
"(0.9435817855979146, 0.987491854024112)",1,96.49830706045393,21197
"(0.5070372093557577, 0.972281746031746)",4,96.49814044109525,21201
"(0.9121882418656614, 0.9790755481078062)",1,96.49812780515684,21202
"(0.765692887308966, 0.9861310021084456)",1,96.49804132390123,21203
"(0.7401844059863599, 0.972420634920635)",1,96.49790726180808,21204
"(0.9583930063253372, 1.0)",1,96.49776110480936,21205
"(0.9310483384791604, 0.9861673414304992)",1,96.4976913743334,21206
"(0.846098299557419, 0.9861673414304992)",1,96.49746596576962,21207
"(0.9442283950617284, 1.0)",1,96.4970493236336,21208
"(0.8687499999999999, 0.9766918866148322)",1,96.49692649931475,21209
"(0.8633407843934159, 0.9824126287942077)",1,96.49687186386424,21210
"(0.9666562434855118, 1.0)",1,96.49642947268111,21211
"(0.9223799456357596, 0.9764666952752286)",1,96.49556474752583,21212
"(0.9392111404005912, 0.9715593185206444)",1,96.49556077624578,21213
"(0.8997493734335841, 1.0)",1,96.49555739898916,21214
"(0.7458851447555765, 0.9764666952752286)",1,96.49551425961192,21215
"(0.9333333333333332, 1.0)",2,96.49532254785925,21217
"(0.8874191651969431, 0.9861673414304992)",1,96.49509793150952,21218
"(0.874047619047619, 0.972045976510262)",1,96.49504094806332,21219
"(0.9311507936507936, 0.972420634920635)",1,96.49503050630994,21220
"(0.8411857639615443, 0.9780405430468708)",1,96.49455599604735,21221
"(0.7121693121693121, 1.0)",1,96.49432551768577,21222
"(0.9369138996969484, 0.9916585206907788)",1,96.49427153991006,21223
"(0.9223799456357596, 0.9764666952752286)",1,96.49425273222376,21224
"(0.6698155645524068, 1.0)",1,96.49410499552098,21225
"(0.8694224991654613, 0.988167361639188)",1,96.49406627720514,21226
"(0.9309563801089225, 0.972281746031746)",1,96.49400859298524,21227
"(0.8311329582337986, 0.972045976510262)",1,96.49390379030392,21228
"(0.943552974917135, 0.9714285714285714)",1,96.49388505097052,21229
"(0.8229870141950848, 1.0)",2,96.49385712947632,21231
"(0.9333333333333332, 1.0)",1,96.49366828260422,21232
"(0.9153439153439156, 1.0)",1,96.49355676366146,21233
"(0.8660545355265853, 0.9749910873440284)",1,96.49336318105708,21234
"(0.9450323339212228, 0.972045976510262)",1,96.49295538061004,21235
"(0.8592657752039796, 0.972045976510262)",1,96.49278181336344,21236
"(0.9288982963016116, 0.9751409401578528)",3,96.49266829727334,21239
"(0.8044914258149553, 0.9722222222222222)",1,96.49213441481407,21240
"(0.9227792207792208, 0.967895529128406)",1,96.49168659315684,21241
"(0.8869412702469182, 0.972045976510262)",1,96.49165578889776,21242
"(0.9017715617715616, 0.9861673414304992)",3,96.49163955503434,21245
"(0.9720813204508856, 1.0)",1,96.49161336792942,21246
"(0.8172993116003869, 0.9861673414304992)",1,96.49145181475514,21247
"(0.8907966222338917, 0.9916585206907788)",1,96.4912736883187,21248
"(0.9640038239043044, 0.9641967520703932)",1,96.49106725397546,21249
"(0.874450386215092, 0.972281746031746)",1,96.4909260241924,21250
"(0.949977467563772, 0.9667066983196017)",2,96.4907072949918,21252
"(0.6891235126529245, 0.972045976510262)",1,96.49049939650668,21253
"(0.8340799485585682, 0.964269276237512)",1,96.49013556466195,21254
"(0.9311507936507936, 0.9861673414304992)",1,96.48988050849404,21255
"(0.9212328545548654, 0.9751409401578528)",1,96.48978468256422,21256
"(0.8148308968977662, 0.972281746031746)",1,96.48975472375471,21257
"(0.8810064268049709, 0.991206314397104)",1,96.48967598479106,21258
"(0.8708303571428571, 0.9714285714285714)",1,96.48942987796416,21259
"(0.92132700797001, 0.9832184229069656)",2,96.48927868779508,21261
"(0.7786375661375661, 1.0)",2,96.48922385671864,21263
"(0.8796475392220073, 1.0)",1,96.48913973855473,21264
"(0.8843764852418178, 0.9764666952752286)",1,96.48885188191808,21265
"(0.8311329582337986, 0.972045976510262)",2,96.48867875245882,21267
"(0.8885714285714285, 1.0)",1,96.48814268715256,21268
"(0.6432772815188069, 0.972045976510262)",4,96.48693789403508,21272
"(0.9282083232965586, 0.967124742297156)",2,96.48693434121788,21274
"(0.8420013166556946, 1.0)",1,96.48688348301634,21275
"(0.9003351064851267, 0.9641028246291404)",1,96.48673381568194,21276
"(0.4686395911561979, 0.9849948398476348)",1,96.4864711011653,21277
"(0.8880984643179766, 1.0)",2,96.48646593625064,21279
"(0.6521663785997688, 1.0)",1,96.48641144459104,21280
"(0.9348222545262322, 0.9751915907925552)",1,96.48637613471,21281
"(0.8316498316498316, 1.0)",1,96.48629810535536,21282
"(0.8484583260465807, 0.9753377956156994)",1,96.48598116010862,21283
"(0.9348222545262322, 0.9751409401578528)",1,96.4858850836723,21284
"(0.7994987468671678, 1.0)",1,96.4858406538045,21285
"(0.9450323339212228, 0.972045976510262)",1,96.48582350508686,21286
"(0.7830369357045144, 0.9650076460904662)",1,96.48577112161796,21287
"(0.9041196741854636, 0.9780434995701116)",1,96.48548461575504,21288
"(0.9641028246291404, 0.9640038239043044)",1,96.48524047377512,21289
"(0.8130477958637364, 0.9780434995701116)",3,96.48520797872597,21292
"(0.9584385644218804, 0.972045976510262)",1,96.48504575384268,21293
"(0.8420800264550263, 0.958109559613319)",1,96.48483143791412,21294
"(0.9300671002153482, 0.972420634920635)",1,96.48464464582274,21295
"(0.8835857110930401, 0.9764666952752286)",1,96.48458041431763,21296
"(0.8890123456790123, 0.9722222222222222)",1,96.48425740362656,21297
"(0.8221762134805614, 0.972045976510262)",1,96.48414249031391,21298
"(0.8871966240387292, 0.9861673414304992)",1,96.48402224680274,21299
"(0.6526770767943084, 0.9861673414304992)",1,96.48387018021486,21300
"(0.8814591883264935, 0.9643944553313464)",1,96.48386587962172,21301
"(0.9058747619658436, 0.9706857431684036)",1,96.48383885931456,21302
"(0.9388917411828462, 0.9751409401578528)",1,96.48336587417624,21303
"(0.8883034087952121, 0.9861310021084456)",1,96.48326466998871,21304
"(0.7781407751391581, 0.974324089883412)",1,96.4829043590516,21305
"(0.8333192389006343, 0.988167361639188)",1,96.4828747053158,21306
"(0.6767580302172832, 0.972281746031746)",1,96.48261555854258,21307
"(0.8316498316498316, 1.0)",1,96.48252642012876,21308
"(0.9017715617715616, 0.9861673414304992)",1,96.48251905669252,21309
"(0.7687400318979267, 1.0)",1,96.48213590935777,21310
"(0.9388917411828462, 0.9787142857142856)",3,96.48209487736308,21313
"(0.9199973910846122, 0.987491854024112)",1,96.48206753617389,21314
"(0.915887675849288, 0.974999931519232)",1,96.48178738509904,21315
"(0.8358530587380517, 1.0)",1,96.48177536867074,21316
"(0.6324707692241994, 0.9861673414304992)",4,96.48171008628084,21320
"(0.8813457860512559, 0.9916625936787228)",2,96.4815710700138,21322
"(0.9833229101521784, 1.0)",1,96.48155440376462,21323
"(0.8177442148030384, 1.0)",1,96.48129661580847,21324
"(0.7664480222619757, 1.0)",1,96.48103775941372,21325
"(0.945600047211127, 0.9643698138596096)",1,96.48092167751484,21326
"(0.9243707071934514, 0.9916339869281046)",1,96.48088698949768,21327
"(0.7601164382773579, 1.0)",1,96.48016113364358,21328
"(0.8468951683237397, 1.0)",1,96.48012674109036,21329
"(0.8435371534737285, 0.9643944553313464)",2,96.47990963720994,21331
"(0.9199973910846122, 0.9715098411076398)",1,96.47975278146455,21332
"(0.8847822547822548, 0.9861310021084456)",1,96.47968577330153,21333
"(0.943552974917135, 0.9641028246291404)",1,96.47966722805046,21334
"(0.9161952650324744, 1.0)",2,96.47963196654582,21336
"(0.95, 0.961159640771458)",1,96.47961752281738,21337
"(0.950175761409158, 0.9832184229069656)",1,96.4795419935755,21338
"(0.7401844059863599, 0.9861673414304992)",1,96.47916161418878,21339
"(0.844988344988345, 1.0)",1,96.47888588292317,21340
"(0.8920217788143652, 0.9706499530408448)",1,96.47863597864382,21341
"(0.9833229101521784, 1.0)",1,96.47852684802731,21342
"(0.81893131227901, 1.0)",1,96.47835430554764,21343
"(0.9454999712494968, 0.987491854024112)",1,96.4783409051992,21344
"(0.8148308968977662, 0.9861673414304992)",2,96.47816809124164,21346
"(0.7404350561362756, 0.9861673414304992)",1,96.47810953089936,21347
"(0.8221871747362275, 0.9770268172641052)",1,96.47788317039932,21348
"(0.9574285714285714, 0.9678176625650188)",1,96.47776798596088,21349
"(0.8932254623044097, 0.9736189431913116)",3,96.47769155999713,21352
"(0.8249504969211211, 0.988167361639188)",1,96.4776628941014,21353
"(0.4039045743444857, 0.9882048106149588)",1,96.47755681502107,21354
"(0.950431439792024, 0.9680383516315252)",1,96.47727514789744,21355
"(0.8726893261776982, 0.9630499959484644)",1,96.477214617598,21356
"(0.9327510896243466, 0.974324300880458)",1,96.4771898578846,21357
"(0.9309821833269412, 0.988167361639188)",1,96.47708410761082,21358
"(0.9029281534808432, 0.9861673414304992)",1,96.47651769986558,21359
"(0.861111111111111, 0.9833229101521784)",1,96.47629130531269,21360
"(0.8495378883833893, 0.9958292603453894)",1,96.47596965227484,21361
"(0.8455704732698088, 0.972281746031746)",1,96.47590436740045,21362
"(0.8148308968977662, 0.9861310021084456)",2,96.47581390911238,21364
"(0.9649790647893116, 0.9793747635794354)",1,96.47579851786628,21365
"(0.9437903841498612, 1.0)",1,96.47579357375103,21366
"(0.6611718926579557, 0.9861310021084456)",1,96.47576863171436,21367
"(0.8631546198466533, 0.9764666952752286)",1,96.47557879009628,21368
"(0.944653051926493, 0.9873444118605408)",1,96.4751829614298,21369
"(0.5070372093557577, 0.972281746031746)",1,96.47510586510538,21370
"(0.8891825109620656, 0.976351135418932)",1,96.4745166225588,21371
"(0.7294281157362763, 1.0)",1,96.47445615607872,21372
"(0.9603476243044132, 0.9714285714285714)",1,96.47439517224495,21373
"(0.5070372093557577, 0.9861310021084456)",1,96.47434973446536,21374
"(0.7823116219667945, 0.972420634920635)",1,96.47430273072366,21375
"(0.9603476243044132, 0.9713574016563148)",1,96.4739748127494,21376
"(0.9392111404005912, 0.9681034738761426)",1,96.4737801372582,21377
"(0.7999088007295942, 0.9766918866148322)",1,96.47347532663112,21378
"(0.7916666666666666, 1.0)",1,96.47334784596408,21379
"(0.9442283950617284, 1.0)",1,96.4733475695366,21380
"(0.8602650098786556, 0.9770267123810644)",1,96.47305949443768,21381
"(0.902192297684101, 0.9861310021084456)",1,96.47304377271688,21382
"(0.8715701474388204, 0.972281746031746)",1,96.4729428336213,21383
"(0.9450323339212228, 0.972045976510262)",4,96.47274461320174,21387
"(0.816195709052852, 1.0)",1,96.4726608824046,21388
"(0.6444891298012474, 0.972281746031746)",1,96.47260321277632,21389
"(0.8490208544183524, 0.972281746031746)",4,96.47255299166802,21393
"(0.8871082621082622, 0.9861673414304992)",1,96.47195437612778,21394
"(0.9916339869281046, 0.9793747635794354)",1,96.4714161653687,21395
"(0.8533622685185187, 0.9861673414304992)",1,96.47115357999908,21396
"(0.8869412702469182, 0.972045976510262)",1,96.47104218186846,21397
"(0.9198255060602112, 0.9748524098350704)",1,96.470906037711,21398
"(0.8558506308506308, 0.9861673414304992)",1,96.47073552769972,21399
"(0.9603476243044132, 0.9749052909377262)",1,96.47070612657508,21400
"(0.8016677935542034, 1.0)",1,96.47069994717688,21401
"(0.8329339143064635, 0.972420634920635)",1,96.47050804959058,21402
"(0.8871966240387292, 0.9861673414304992)",1,96.47027554029287,21403
"(1.0, 1.0)",1,96.4702741860994,21404
"(0.8137865219658889, 1.0)",1,96.4695667227852,21405
"(0.779286067193676, 0.9624545454545456)",1,96.46948748132654,21406
"(1.0, 1.0)",1,96.46944184221675,21407
"(0.8561103441223091, 0.972045976510262)",1,96.46918605520798,21408
"(0.9028964862298196, 0.972420634920635)",1,96.46913173776431,21409
"(0.8579868984630887, 1.0)",1,96.46902980878696,21410
"(0.9003351064851267, 0.9712822597033124)",3,96.46896751101325,21413
"(0.8632321428571428, 0.9643698138596096)",1,96.46886842795868,21414
"(0.8847822547822548, 0.9861673414304992)",1,96.46858027199931,21415
"(0.9012059369202228, 0.9749910873440284)",1,96.46849718645902,21416
"(0.7664480222619757, 0.9764666952752286)",1,96.46816024374029,21417
"(0.90224161204236, 0.9581458989353726)",1,96.467749277507,21418
"(0.9643944553313464, 0.9764666952752286)",1,96.46759134322046,21419
"(0.9497171590194848, 1.0)",1,96.4673367387058,21420
"(0.7289193040024178, 0.9780434995701116)",6,96.4670354415264,21426
"(0.4879844209168711, 0.98378225092785)",1,96.46689704846028,21427
"(0.9161379295307868, 1.0)",1,96.4667083061098,21428
"(0.9187883397948668, 0.9751409401578528)",3,96.46645204580788,21431
"(0.8796475392220073, 1.0)",1,96.46640939290045,21432
"(0.8148308968977662, 0.9861673414304992)",1,96.4662234632234,21433
"(0.8748200797381125, 0.9861310021084456)",1,96.4659142356594,21434
"(0.949977467563772, 0.9958292603453894)",1,96.46584353387968,21435
"(0.8694224991654613, 0.9650076460904662)",1,96.46553144850228,21436
"(0.9502288074111276, 0.9716190476190476)",1,96.465262556085,21437
"(0.9645238095238096, 0.9678176625650188)",1,96.4651119100052,21438
"(0.9102539775554236, 0.9832925076188832)",2,96.46504418767428,21440
"(0.8468951683237397, 1.0)",1,96.46490986398436,21441
"(0.765692887308966, 0.972281746031746)",1,96.46489062614778,21442
"(0.7794241245535004, 0.9861673414304992)",1,96.46480397862776,21443
"(0.8435859678647274, 0.9861673414304992)",1,96.46467954495364,21444
"(0.8795903283708161, 0.9712822597033124)",3,96.46458936860856,21447
"(0.8456659619450317, 0.9764666952752286)",1,96.46430535036178,21448
"(0.7410141554411331, 0.972281746031746)",1,96.46409947944254,21449
"(0.8748200797381125, 0.9861310021084456)",1,96.46399647341998,21450
"(0.8593554593554595, 0.9861673414304992)",1,96.46345964547636,21451
"(0.9009534009534008, 1.0)",1,96.4631040317889,21452
"(0.940074233084456, 0.9644491481508056)",1,96.4630984735642,21453
"(0.9299507899507898, 1.0)",1,96.46308585860616,21454
"(0.4423707251851418, 0.9861310021084456)",1,96.46302000313416,21455
"(0.8736897274633123, 0.986081059422206)",1,96.46287821167932,21456
"(0.9326599326599326, 1.0)",1,96.46280841586946,21457
"(0.8796475392220073, 1.0)",1,96.4626229559108,21458
"(0.8879608405415911, 0.9766918866148322)",2,96.46222902651382,21460
"(0.7786375661375661, 1.0)",1,96.46207903662568,21461
"(0.9528533742496432, 0.9749692931061258)",1,96.46193247144105,21462
"(0.9003351064851267, 0.9678176625650188)",1,96.46188583259196,21463
"(0.8887419165196944, 0.972045976510262)",1,96.46164535068468,21464
"(0.9058747619658436, 0.974624924901703)",1,96.46140381489262,21465
"(0.8222222222222222, 0.9833229101521784)",1,96.46033254009645,21466
"(0.8124923632552741, 0.972420634920635)",1,96.46000919508278,21467
"(0.8124923632552741, 0.9861673414304992)",1,96.46000919508278,21468
"(0.9166145507608924, 1.0)",1,96.45951266304408,21469
"(0.73687720936437, 1.0)",1,96.45908420726995,21470
"(0.9028964862298196, 0.972420634920635)",1,96.45885873223725,21471
"(0.8835857110930401, 0.9764666952752286)",1,96.4586227307699,21472
"(0.8329339143064635, 0.9861673414304992)",1,96.45846837631711,21473
"(0.8645256232686982, 0.9867922141511912)",1,96.45798104434954,21474
"(0.9677353740627908, 0.9714285714285714)",1,96.45792302078004,21475
"(0.8694224991654613, 0.9766918866148322)",1,96.45773255051184,21476
"(0.945600047211127, 0.9678176625650188)",1,96.45773054191775,21477
"(0.9069647153947764, 0.9712822597033124)",1,96.45767537602237,21478
"(0.9497171590194846, 1.0)",1,96.45766353185086,21479
"(0.7856964763329513, 0.9861673414304992)",1,96.45751112372852,21480
"(0.9223799456357596, 0.964269276237512)",1,96.45726617758558,21481
"(0.8877034517510707, 0.9861673414304992)",1,96.45719177128665,21482
"(0.8390424521630195, 0.9861673414304992)",1,96.45711646944775,21483
"(0.8587195484254307, 0.9861310021084456)",1,96.45710501539516,21484
"(0.9017715617715616, 0.9861673414304992)",4,96.45689139940322,21488
"(0.9379369827374928, 0.9749052909377262)",1,96.45672761639696,21489
"(1.0, 0.9833229101521784)",1,96.45663802478288,21490
"(0.9462256234379848, 0.9680383516315252)",1,96.45661498840478,21491
"(0.8876903814630851, 0.972045976510262)",1,96.4564593945776,21492
"(0.786508365740383, 1.0)",1,96.45645931828211,21493
"(0.7665484369555701, 0.9766918866148322)",1,96.45628632432188,21494
"(0.9442283950617284, 1.0)",1,96.45610852136107,21495
"(0.9609357631051972, 0.9645938855657314)",1,96.45592270541094,21496
"(0.7903875985986362, 1.0)",2,96.45582749425554,21498
"(0.8928598364786969, 0.9916625936787228)",1,96.45570704573518,21499
"(0.8586125966511082, 0.9777022751543653)",1,96.4556364112228,21500
"(0.9362689940183164, 0.9678176625650188)",1,96.45554528394858,21501
"(0.8471527473990528, 1.0)",1,96.45545467207177,21502
"(0.7348436174331348, 0.972281746031746)",1,96.455454306059,21503
"(0.9162596992611264, 0.972281746031746)",4,96.45539900686504,21507
"(0.947035873779261, 0.9715593185206444)",1,96.45538215609572,21508
"(0.8846362470895226, 0.9605654571878554)",1,96.45535392101102,21509
"(0.8751897860593512, 0.972420634920635)",1,96.45534604292288,21510
"(0.9677353740627908, 0.9677353740627908)",1,96.45505429946812,21511
"(0.8936757955372995, 0.9882320356476616)",1,96.45494501310756,21512
"(0.8027044799462303, 0.9777027027027028)",1,96.45467868343172,21513
"(0.9331662489557224, 1.0)",1,96.45465703483045,21514
"(0.8068904981347378, 1.0)",1,96.45454097087108,21515
"(0.8416827657517105, 0.9861310021084456)",1,96.45390598983008,21516
"(0.7729389061386163, 0.9766918866148322)",1,96.45355141893214,21517
"(0.8435371534737285, 0.9643944553313464)",1,96.45322217305151,21518
"(0.7824110326372048, 0.988167361639188)",1,96.45296406539045,21519
"(0.8296618357487922, 0.9861310021084456)",1,96.452945268106,21520
"(0.7944219523166891, 1.0)",1,96.4528969769586,21521
"(0.9418479305417444, 0.988167361639188)",1,96.4528904381955,21522
"(0.765692887308966, 0.9722222222222222)",1,96.452777562967,21523
"(0.8224713709935384, 0.9751915907925552)",1,96.4524543026104,21524
"(0.8868677229932935, 0.9736842105263158)",1,96.45233729336238,21525
"(0.7833537331701346, 0.9764666952752286)",1,96.452181933807,21526
"(0.900838851006521, 0.9832679738562092)",1,96.45165743954576,21527
"(0.9833229101521784, 1.0)",2,96.45152263713864,21529
"(0.8734750068194216, 0.972420634920635)",1,96.4514586133168,21530
"(0.865587044534413, 0.9736842105263158)",1,96.45088476993604,21531
"(0.8411857639615443, 0.9787160631744458)",1,96.45064125090884,21532
"(0.8847822547822548, 0.9861673414304992)",1,96.45058743589922,21533
"(0.5466837142306626, 0.9861673414304992)",1,96.45043657541754,21534
"(0.8340799485585682, 0.9764666952752286)",1,96.45017916160576,21535
"(0.8148308968977662, 0.972281746031746)",1,96.45014647086268,21536
"(0.9230627959463646, 0.978621888315766)",1,96.44957597822736,21537
"(0.9442283950617284, 1.0)",1,96.44950801970936,21538
"(0.8604306971015356, 0.9861673414304992)",4,96.44950670392012,21542
"(0.9609357631051972, 0.9678176625650188)",1,96.44930917327116,21543
"(0.9294412186464184, 0.9787142857142856)",3,96.4492239848218,21546
"(0.4747763864042934, 1.0)",1,96.44905166049472,21547
"(0.9354654378932672, 0.9709431602002568)",1,96.44903023669836,21548
"(0.9566795633209296, 0.9677353740627908)",1,96.448701239656,21549
"(0.6444891298012474, 0.972281746031746)",1,96.44851718701211,21550
"(0.8877034517510707, 0.9861673414304992)",2,96.44849099871156,21552
"(0.9003351064851267, 0.9677353740627908)",1,96.44801168937371,21553
"(0.874047619047619, 0.972045976510262)",1,96.44793128747506,21554
"(0.8873503342457592, 0.972420634920635)",1,96.44785815805074,21555
"(0.8493268538892306, 0.9780434995701116)",3,96.44783625167142,21558
"(0.8619250238326776, 0.9736842105263158)",2,96.4478348559735,21560
"(0.808446455505279, 1.0)",1,96.4478211196414,21561
"(0.9073492428586464, 0.9785714285714284)",1,96.4476999630636,21562
"(0.9268079211169572, 0.9916585206907788)",1,96.44749095222228,21563
"(0.9162596992611264, 0.972420634920635)",1,96.4474292777752,21564
"(0.8131627957608075, 0.9644038253792572)",2,96.44727257660946,21566
"(0.8656595443322052, 0.97398552744806)",1,96.44706488467403,21567
"(0.9288982963016116, 0.9751915907925552)",1,96.44693623859338,21568
"(0.9253213924599162, 0.9764666952752286)",2,96.4466478735201,21570
"(0.9459285785969274, 0.961159640771458)",1,96.44649653358653,21571
"(0.978621888315766, 0.9565481696841548)",1,96.44648768691115,21572
"(0.9497171590194848, 0.9833229101521784)",1,96.44645923118642,21573
"(0.930124456440246, 0.958109559613319)",1,96.44635836625432,21574
"(0.7026153868908955, 0.9676485688615069)",1,96.44590182006746,21575
"(0.9000617225831424, 0.9833229101521784)",2,96.44589991990502,21577
"(0.8010054664946871, 0.9861673414304992)",1,96.44586408747104,21578
"(0.7416325017951034, 1.0)",1,96.44582407267482,21579
"(0.8868677229932935, 0.9824126287942077)",1,96.44579830893976,21580
"(0.8687499999999999, 0.9764666952752286)",1,96.44548692024696,21581
"(0.7665484369555701, 0.9766918866148322)",1,96.4454829489176,21582
"(0.95, 0.9751409401578528)",1,96.4453917161722,21583
"(0.7665484369555701, 0.9764666952752286)",1,96.4452415425667,21584
"(0.4737094237094237, 0.9861673414304992)",1,96.44518780993916,21585
"(0.9162596992611264, 0.958502024291498)",1,96.44500774433486,21586
"(0.8835857110930401, 0.95153153367707)",1,96.4445056533248,21587
"(0.9574285714285714, 0.9751915907925552)",1,96.44428661416482,21588
"(0.4468328406505846, 0.9861673414304992)",1,96.44418120104744,21589
"(0.5187734941865547, 0.972281746031746)",1,96.4439414774398,21590
"(0.6767580302172832, 0.9861310021084456)",1,96.4438241504936,21591
"(0.8329156223893065, 1.0)",1,96.44348986859806,21592
"(0.9224996008939976, 0.9749910873440284)",2,96.44335947968612,21594
"(0.8066487122350412, 0.9885557944107872)",1,96.4431582690942,21595
"(0.8734313112361893, 0.9861673414304992)",1,96.44289651513166,21596
"(0.6444891298012474, 0.972281746031746)",1,96.44282606838428,21597
"(0.8468951683237397, 1.0)",1,96.44277487506636,21598
"(0.8835857110930401, 0.9764666952752286)",1,96.44256272330762,21599
"(0.8997493734335841, 1.0)",1,96.44250343693788,21600
"(0.9665831244778612, 0.9833229101521784)",1,96.44234555240791,21601
"(0.846098299557419, 0.9861673414304992)",2,96.44228983098824,21603
"(0.842200034135518, 0.9713574016563148)",1,96.44218984222832,21604
"(0.6326954876802936, 0.9861673414304992)",1,96.4420718252869,21605
"(0.8333192389006343, 0.9766918866148322)",1,96.44205376116612,21606
"(0.7198480531813864, 1.0)",1,96.44194966668223,21607
"(0.9369138996969484, 0.987491854024112)",1,96.44127883717697,21608
"(0.7665484369555701, 0.9650076460904662)",1,96.4408501971644,21609
"(0.8552744708994707, 0.9861673414304992)",1,96.44074329813242,21610
"(0.7909263030043223, 0.9764666952752286)",1,96.4405961745218,21611
"(0.9504245882013664, 0.987491854024112)",1,96.4400272934161,21612
"(0.90224161204236, 0.9861310021084456)",1,96.43984719334212,21613
"(0.9829909379735984, 0.9240706353405248)",1,96.43957568983252,21614
"(0.838301471154743, 0.972045976510262)",2,96.43951061732324,21616
"(0.9412964149491664, 0.987463247273494)",2,96.43929877051175,21618
"(0.8311329582337986, 0.972045976510262)",1,96.4392044168291,21619
"(0.756001848808409, 0.9783782599245092)",1,96.4390606824342,21620
"(0.415530332080681, 0.976470588235294)",1,96.43890326955164,21621
"(0.8592657752039796, 0.972045976510262)",1,96.43850223845918,21622
"(0.9603476243044132, 0.9749692931061258)",2,96.43837085566932,21624
"(0.8715701474388204, 0.972281746031746)",1,96.43821946879582,21625
"(0.8974984433303618, 0.987463247273494)",1,96.438212089891,21626
"(0.8308201058201059, 0.9861673414304992)",1,96.43818621151163,21627
"(0.8074780204479453, 0.9749910873440284)",1,96.43813344629264,21628
"(0.9460547122074636, 0.9832462877624168)",2,96.43808940263791,21630
"(0.7278086237149632, 1.0)",1,96.43803493358796,21631
"(0.9234894220441888, 0.9748802746905214)",1,96.43803362285487,21632
"(0.9497171590194848, 0.9833229101521784)",1,96.4379852875063,21633
"(0.864057359093178, 0.9766891812074846)",1,96.4377390461493,21634
"(0.9874762808349148, 0.9736202420579396)",1,96.43757731835932,21635
"(0.9498370804822418, 0.9539133177064212)",2,96.43742080601989,21637
"(0.8222222222222222, 1.0)",2,96.4373858339234,21639
"(0.9166145507608924, 1.0)",1,96.43734435538204,21640
"(0.8224713709935384, 0.9716751084525852)",1,96.43685890393044,21641
"(0.8395301149279116, 0.964269276237512)",1,96.4367915659992,21642
"(0.7999088007295942, 0.9766918866148322)",1,96.43655963735236,21643
"(0.9000617225831424, 0.9833229101521784)",1,96.43631054783388,21644
"(0.8796475392220073, 0.9833229101521784)",1,96.4360759375914,21645
"(0.7665484369555701, 0.9766918866148322)",2,96.43589824748489,21647
"(0.5145696010475885, 0.9861310021084456)",2,96.43577963843828,21649
"(0.8587195484254307, 0.9861310021084456)",1,96.43546356856857,21650
"(0.9022759891180944, 0.958109559613319)",1,96.43528908403088,21651
"(0.7930390639214249, 0.988167361639188)",1,96.43527296535784,21652
"(0.9027777777777778, 1.0)",1,96.43458961918856,21653
"(0.5070372093557577, 0.972281746031746)",1,96.43406869706725,21654
"(0.8982888105990573, 0.9873891625615764)",1,96.4340510499056,21655
"(0.9230627959463646, 0.9638996361007746)",1,96.43391453606336,21656
"(0.9069647153947764, 0.9678176625650188)",1,96.43342729720928,21657
"(0.6880076348278104, 0.9649122807017544)",3,96.43301093392184,21660
"(0.865581803207783, 0.991206314397104)",4,96.43247941228708,21664
"(0.8715701474388204, 0.972045976510262)",1,96.43247380516276,21665
"(0.7612209453612427, 0.9758777250199286)",1,96.43217992489336,21666
"(0.7479743867590829, 1.0)",1,96.43203757739654,21667
"(0.8483418730488175, 0.9833333333333332)",2,96.43197510965304,21669
"(0.8333192389006343, 0.9766918866148322)",1,96.43169259004294,21670
"(0.8631918334993627, 0.9833229101521784)",1,96.43164297295044,21671
"(0.9442283950617284, 0.986081059422206)",1,96.43159074780324,21672
"(0.9436368312757202, 0.9861673414304992)",1,96.43142404391772,21673
"(0.8518001818001818, 0.9770269640986102)",1,96.43139186264834,21674
"(0.9427148033126296, 0.9751409401578528)",2,96.43108389270331,21676
"(0.8044914258149553, 0.9722222222222222)",1,96.43096162234716,21677
"(0.9153439153439152, 1.0)",1,96.430804060508,21678
"(0.808446455505279, 1.0)",1,96.4303407582822,21679
"(0.9712822597033124, 0.9678176625650188)",1,96.43016575493752,21680
"(0.9295946890286512, 1.0)",1,96.4300127860294,21681
"(0.7946380416968652, 0.983305541180304)",1,96.42914855095086,21682
"(0.874450386215092, 0.972281746031746)",1,96.42910737555992,21683
"(0.9308697752778572, 0.9679690637004894)",1,96.42909872791267,21684
"(0.8631546198466533, 0.9766918866148322)",1,96.42885344266298,21685
"(0.8852629578963369, 0.972045976510262)",1,96.42832432661513,21686
"(0.908421874225862, 0.9736484080392273)",1,96.42822660410326,21687
"(0.4423707251851418, 0.9861310021084456)",1,96.4280530545608,21688
"(0.8715701474388204, 0.972045976510262)",1,96.42773921681906,21689
"(0.8997493734335841, 1.0)",1,96.42767759381869,21690
"(0.6611718926579557, 0.9722222222222222)",1,96.42762363086526,21691
"(0.8715701474388204, 0.972045976510262)",2,96.42758802460584,21693
"(0.9643698138596096, 0.9643698138596096)",1,96.42743828017473,21694
"(0.8887202421952387, 1.0)",1,96.42741795526136,21695
"(0.95, 0.9751409401578528)",1,96.42735713235288,21696
"(0.8715701474388204, 0.972281746031746)",1,96.42672121024752,21697
"(0.9153127183787562, 0.9861673414304992)",1,96.42665317323062,21698
"(0.8621031746031745, 0.9861310021084456)",1,96.42563494455771,21699
"(0.6825396825396824, 1.0)",1,96.42557819612448,21700
"(0.9161952650324744, 1.0)",1,96.42546222622065,21701
"(0.8404355452872972, 0.972045976510262)",1,96.42539412489214,21702
"(0.8805377184744008, 0.991777356103732)",1,96.4250563853053,21703
"(0.941687552213868, 0.9643698138596096)",1,96.424916374585,21704
"(0.9184901612842788, 0.9625819000819)",1,96.42472572257417,21705
"(0.8796475392220073, 1.0)",1,96.42456967684608,21706
"(1.0, 1.0)",1,96.42452216876188,21707
"(0.9586562930696936, 0.9709091551138268)",1,96.42445357858364,21708
"(0.8490208544183524, 0.9861310021084456)",2,96.4243670895686,21710
"(0.7458851447555765, 0.9764666952752286)",2,96.4241251475225,21712
"(0.7632275132275131, 1.0)",1,96.4236974227434,21713
"(0.8726893261776982, 0.9764666952752286)",1,96.42304390805074,21714
"(0.9125533644430458, 0.9915151515151516)",1,96.4230416876688,21715
"(0.8395301149279116, 0.9764666952752286)",1,96.42270191846512,21716
"(0.3701287531347074, 0.9824320233454292)",1,96.4224737537781,21717
"(0.9764666952752286, 0.9643944553313464)",1,96.42240066627969,21718
"(0.9234894220441888, 0.9748802746905214)",1,96.42225585400656,21719
"(0.8318290279074593, 0.972045976510262)",1,96.42218007906472,21720
"(0.9172008547008548, 0.9861673414304992)",4,96.42217933926496,21724
"(0.73687720936437, 1.0)",1,96.4220721805349,21725
"(0.6759495516512356, 0.9766918866148322)",1,96.42200518554284,21726
"(0.7447170736590969, 0.9736842105263158)",1,96.4219734197416,21727
"(0.8610715260301386, 0.9764666952752286)",1,96.42196844017442,21728
"(0.7615072500907597, 0.9766918866148322)",1,96.4216367868559,21729
"(0.9459285785969274, 0.9751915907925552)",1,96.42116545638976,21730
"(0.94291309888229, 0.969334154098697)",1,96.42093019984397,21731
"(0.8471527473990528, 1.0)",2,96.42090156012408,21733
"(0.3987913031507923, 0.9837832506664091)",1,96.42089436110514,21734
"(0.9198255060602112, 0.9744002234324814)",1,96.42081068270404,21735
"(0.8124923632552741, 0.9861673414304992)",1,96.42080936534528,21736
"(0.8459744503862151, 0.972045976510262)",1,96.42073027378314,21737
"(0.6767580302172832, 0.9861310021084456)",1,96.42070530904044,21738
"(0.9259740526337398, 0.97502985598876)",1,96.42053519998524,21739
"(0.9303901487133776, 0.9678176625650188)",1,96.42053487323454,21740
"(0.8733799478600891, 0.979166518665308)",1,96.42052572014404,21741
"(0.943552974917135, 0.9566795633209296)",1,96.42024426398936,21742
"(0.9418479305417444, 0.9766918866148322)",2,96.41980251220215,21744
"(0.786508365740383, 1.0)",1,96.41966191560584,21745
"(0.5168441409023035, 0.9646471322611444)",1,96.41964982626769,21746
"(0.8632321428571428, 0.9749692931061258)",1,96.4189231491601,21747
"(0.9609357631051972, 0.9646594592893336)",1,96.41876189580252,21748
"(0.9460547122074636, 0.9790755481078062)",1,96.41850587715275,21749
"(0.6825396825396824, 1.0)",1,96.41809748690083,21750
"(0.8221762134805614, 0.972045976510262)",1,96.4176621881538,21751
"(0.8876281048778143, 0.9641967520703932)",1,96.41763955083545,21752
"(0.934122934122934, 0.9665831244778612)",1,96.41753300255428,21753
"(0.9182966261114094, 0.9790972342015986)",1,96.41751501553954,21754
"(0.9833229101521784, 1.0)",1,96.41692555440504,21755
"(0.9162596992611264, 0.9861673414304992)",1,96.41689977783196,21756
"(0.8703996834190741, 0.9648252575884156)",2,96.41688793394384,21758
"(1.0, 1.0)",2,96.41669318391791,21760
"(0.8459744503862151, 0.972045976510262)",1,96.41662450693929,21761
"(0.8976982097186702, 0.9833229101521784)",1,96.41652382589304,21762
"(0.945600047211127, 0.9678176625650188)",1,96.41569902629983,21763
"(0.8846362470895226, 0.9643698138596096)",1,96.41535998970257,21764
"(0.9916585206907788, 0.987491854024112)",2,96.4153206720472,21766
"(0.9833229101521784, 1.0)",1,96.41511074702233,21767
"(0.943552974917135, 0.9749052909377262)",2,96.41494749517314,21769
"(0.519475743201844, 0.9787415926601832)",1,96.41489966737554,21770
"(0.8882639452834942, 0.9749957790106976)",1,96.41469541496772,21771
"(0.7823116219667945, 0.972420634920635)",1,96.41438678586876,21772
"(0.7756320245634175, 0.973986192549118)",1,96.41434733463686,21773
"(0.8224713709935384, 0.9787142857142856)",1,96.41423718408524,21774
"(0.7289193040024178, 0.9736842105263158)",1,96.41414102793546,21775
"(0.8899966931216932, 0.9861310021084456)",1,96.41386255214375,21776
"(0.8455704732698088, 0.972281746031746)",1,96.41385602337292,21777
"(0.7601164382773579, 1.0)",1,96.41382361890116,21778
"(0.8635976129582268, 1.0)",1,96.41375538980884,21779
"(0.8805377184744008, 0.991777356103732)",1,96.41344615337093,21780
"(0.7664480222619757, 0.9882048106149588)",1,96.41340999238652,21781
"(0.9309821833269412, 0.9766918866148322)",1,96.41311825716456,21782
"(0.9224996008939976, 0.9749910873440284)",2,96.41303695441589,21784
"(0.7313293623054037, 0.9763511354198192)",1,96.41289641347186,21785
"(0.8715701474388204, 0.972281746031746)",3,96.41278889179054,21788
"(0.9466127311522048, 0.991206314397104)",4,96.4126424481944,21792
"(0.9182966261114094, 0.9958292603453894)",2,96.41240621379124,21794
"(0.7458851447555765, 0.9764666952752286)",1,96.41236981905834,21795
"(0.9833229101521784, 1.0)",1,96.41229421409696,21796
"(0.8960650488709133, 0.9650076460904662)",1,96.4121222356789,21797
"(0.9503122778456484, 0.987463247273494)",2,96.41200394435933,21799
"(0.7292352225255748, 1.0)",1,96.4119889632863,21800
"(0.9609357631051972, 0.9679690637004894)",1,96.41192485301416,21801
"(0.8384307029790694, 0.9773648571145208)",1,96.41149902097077,21802
"(0.9326599326599326, 1.0)",1,96.41125890320428,21803
"(0.9444901834607716, 0.9861673414304992)",2,96.41099266628206,21805
"(0.9204195755007296, 0.9648252575884156)",2,96.41054630274584,21807
"(0.6907243513029603, 1.0)",1,96.41006217057952,21808
"(0.9110813074094206, 0.9764666952752286)",1,96.40997301529023,21809
"(0.8589064384650125, 0.9748802746905214)",2,96.40987227883328,21811
"(0.9282083232965586, 0.9790231494896808)",1,96.40949978098168,21812
"(0.926316819384534, 0.9714285714285714)",3,96.40866135438986,21815
"(0.8066487122350412, 0.9767441860465116)",1,96.40851257845188,21816
"(0.8976982097186702, 1.0)",1,96.40843632750384,21817
"(0.8563094906941128, 0.9692608993981562)",2,96.40840431480824,21819
"(0.8586166985951469, 0.9861310021084456)",1,96.4083127827184,21820
"(0.9227366759055564, 0.9873891625615764)",1,96.4081469604954,21821
"(0.8594436844505243, 0.9643944553313464)",1,96.40773368877616,21822
"(0.8524016298728943, 0.9790755481078062)",1,96.40746120133544,21823
"(0.7304951237809453, 0.9643944553313464)",1,96.40723334116636,21824
"(0.6746811878062335, 0.9800675698425442)",1,96.40697794449504,21825
"(0.8581022152450725, 0.972045976510262)",1,96.40687831274003,21826
"(0.809910701215049, 0.972045976510262)",1,96.40686414490374,21827
"(0.9310483384791604, 0.9861673414304992)",1,96.40676212594418,21828
"(0.7289193040024178, 0.9867922141511912)",1,96.40660135371915,21829
"(0.9677353740627908, 0.9749692931061258)",3,96.4065798112198,21832
"(0.7124465811965812, 0.972281746031746)",1,96.4064997839594,21833
"(0.8490208544183524, 0.972281746031746)",1,96.40618863128468,21834
"(0.8451478848040399, 0.972045976510262)",1,96.40597096823704,21835
"(0.9429917021753756, 0.9640038239043044)",6,96.40576753033784,21841
"(0.9205517358458536, 0.9833040078201368)",1,96.40565913301512,21842
"(0.9227792207792208, 0.967895529128406)",1,96.40531468761787,21843
"(0.9437903841498612, 1.0)",1,96.4053004412066,21844
"(0.8848365568890763, 0.9643944553313464)",1,96.40514154920272,21845
"(0.7090909090909091, 1.0)",1,96.4048208747734,21846
"(0.8871082621082622, 0.9861310021084456)",1,96.40428979458244,21847
"(0.926397848615755, 0.9736842105263158)",1,96.4041278076612,21848
"(0.9003556829643787, 1.0)",1,96.40402758692342,21849
"(0.9146901709401708, 0.9861310021084456)",2,96.40387596088236,21851
"(0.865587044534413, 0.9780434995701116)",3,96.40386579096482,21854
"(0.9645938855657314, 0.9751409401578528)",2,96.4037839408156,21856
"(0.8976982097186702, 1.0)",1,96.4036265747628,21857
"(1.0, 0.9833229101521784)",1,96.40333388625189,21858
"(0.8569370609099162, 0.9733095953449976)",1,96.40317949673062,21859
"(0.9364970967817766, 0.9572437766315318)",3,96.4031557778668,21862
"(0.8322510822510822, 0.9861673414304992)",1,96.4031127063341,21863
"(0.7704419291286595, 0.9650076460904662)",1,96.40266880907797,21864
"(0.9297326845255915, 0.9628684177293744)",1,96.40236870582704,21865
"(0.8976982097186702, 0.9833229101521784)",1,96.40221164436272,21866
"(0.9833229101521784, 1.0)",1,96.4021830437506,21867
"(0.8056354979267693, 0.9583930063253372)",1,96.40191153065032,21868
"(0.8581022152450725, 0.972045976510262)",1,96.40189592292484,21869
"(0.826388888888889, 0.9665831244778612)",1,96.40186460657458,21870
"(0.9833229101521784, 1.0)",1,96.40184012769312,21871
"(0.9, 0.9499687304565352)",2,96.4015533589859,21873
"(0.9199973910846122, 0.9873891625615764)",1,96.40129045929008,21874
"(0.7729389061386163, 0.988167361639188)",1,96.40116381950692,21875
"(0.8685314685314685, 0.9766918866148322)",1,96.40086746526563,21876
"(0.8148308968977662, 1.0)",1,96.4006945165068,21877
"(0.9871616776282092, 1.0)",1,96.40061041187532,21878
"(0.7304742252709461, 0.9764666952752286)",1,96.40048102597314,21879
"(0.7942038054814895, 0.9861673414304992)",4,96.40047814340332,21883
"(0.816195709052852, 1.0)",1,96.4003272868955,21884
"(0.5145696010475885, 0.9861310021084456)",1,96.40018266404952,21885
"(0.9230627959463646, 0.9714285714285714)",1,96.3999463203256,21886
"(0.8715701474388204, 0.972281746031746)",1,96.39980867303092,21887
"(0.9223799456357596, 0.9764666952752286)",2,96.39979350192374,21889
"(0.6215073982652175, 1.0)",1,96.39963304425632,21890
"(0.8329050741331443, 1.0)",1,96.39931940737704,21891
"(0.7458851447555765, 0.9764666952752286)",2,96.39931624430116,21893
"(0.8880748880748881, 0.972281746031746)",2,96.39919352137343,21895
"(0.874450386215092, 0.972281746031746)",1,96.39865390964216,21896
"(0.8416827657517105, 0.9722222222222222)",1,96.3980801246698,21897
"(0.9311507936507936, 0.972420634920635)",1,96.39776369974363,21898
"(0.8334507869391591, 0.9643944553313464)",1,96.39772519756872,21899
"(0.934065934065934, 0.9833229101521784)",1,96.39762368658008,21900
"(0.8899966931216932, 0.9861310021084456)",1,96.3975594409398,21901
"(0.8311329582337986, 0.972045976510262)",1,96.39753301839272,21902
"(0.436582475645901, 0.9807415614928252)",1,96.39740960287958,21903
"(0.8899966931216932, 0.9861310021084456)",1,96.39730363123849,21904
"(0.9641028246291404, 0.9603476243044132)",1,96.3972726236941,21905
"(0.8013184398461819, 0.9764666952752286)",1,96.39720392573396,21906
"(0.7802197802197803, 1.0)",1,96.3969313760035,21907
"(0.7440767664806348, 0.9644038253792572)",1,96.39661433668552,21908
"(0.9022759891180944, 0.972045976510262)",1,96.39646702700423,21909
"(0.902192297684101, 0.9861310021084456)",1,96.39631206210376,21910
"(0.8056354979267693, 0.9861310021084456)",1,96.39630742029304,21911
"(0.9187883397948668, 0.9716751084525852)",1,96.3962365275048,21912
"(0.8329339143064635, 0.972420634920635)",2,96.39608265348843,21914
"(0.861111111111111, 1.0)",1,96.3959628757367,21915
"(0.8249003583443031, 0.972045976510262)",1,96.39539267512892,21916
"(0.9110813074094206, 0.9650076460904662)",1,96.39518981233388,21917
"(0.8461316551891829, 0.972420634920635)",1,96.395106897439,21918
"(0.9666562434855118, 1.0)",1,96.3950259020867,21919
"(0.4039045743444857, 1.0)",1,96.3949592403222,21920
"(0.9227792207792208, 0.9749692931061258)",1,96.3948570421453,21921
"(0.8053381731676306, 0.972252530763169)",1,96.39446777268628,21922
"(0.96220700758815, 0.987463247273494)",1,96.39417353269673,21923
"(0.8883034087952121, 0.9861310021084456)",1,96.39410802049782,21924
"(0.8010054664946871, 0.9861673414304992)",1,96.39340751242972,21925
"(0.9034438470728792, 0.979055829228243)",2,96.39328558892116,21927
"(0.8040695048423352, 1.0)",1,96.39292318419685,21928
"(0.8125031257814453, 1.0)",1,96.39288000021496,21929
"(0.7548199009255377, 0.9773644954267456)",1,96.392875574336,21930
"(0.947552083649559, 0.9876106894370652)",1,96.3926198980772,21931
"(0.9916666666666668, 0.9916666666666668)",1,96.3925048177548,21932
"(0.8796475392220073, 1.0)",1,96.39244929349664,21933
"(0.9162596992611264, 0.972045976510262)",2,96.39216125239972,21935
"(0.9412964149491664, 0.9832925076188832)",1,96.39208538826983,21936
"(0.8459744503862151, 0.972045976510262)",1,96.39162912094794,21937
"(0.9309563801089225, 0.972281746031746)",2,96.39135601983932,21939
"(0.8456659619450317, 0.9764666952752286)",1,96.39128442013256,21940
"(0.917283950617284, 0.972420634920635)",1,96.39095711412097,21941
"(0.7931469298245613, 0.9601502499942144)",1,96.39077909686291,21942
"(0.7348436174331348, 0.9861673414304992)",2,96.39063524904104,21944
"(0.7458851447555765, 0.9764666952752286)",1,96.39042352276024,21945
"(0.9259740526337398, 0.9641028246291404)",1,96.39020897964446,21946
"(0.9365116126406448, 0.9958292603453894)",1,96.3901991821031,21947
"(0.7923306301473605, 0.9643944553313464)",1,96.39016740168128,21948
"(0.9392111404005912, 0.9680383516315252)",1,96.39007852072233,21949
"(0.7516483516483518, 0.9861673414304992)",2,96.38997688386578,21951
"(0.901028965681318, 0.9764666952752286)",2,96.3898701895375,21953
"(0.9622959382290012, 0.9916625936787228)",1,96.3898050906582,21954
"(0.4423707251851418, 0.9722222222222222)",1,96.38979781481054,21955
"(0.4423707251851418, 0.9861310021084456)",1,96.3897369867776,21956
"(0.8594436844505243, 0.9643944553313464)",1,96.38965398920472,21957
"(0.9833229101521784, 1.0)",1,96.38952391552031,21958
"(0.7615072500907597, 0.9650076460904662)",1,96.38948813946467,21959
"(0.945600047211127, 0.9643698138596096)",1,96.38923142479264,21960
"(0.6730510127402202, 0.9824126287942077)",1,96.38919360828724,21961
"(0.9233339198521971, 0.9645938855657314)",1,96.38881617030091,21962
"(0.7944219523166891, 1.0)",1,96.38870581688336,21963
"(0.9012059369202228, 0.9749910873440284)",1,96.38841455876728,21964
"(0.8814591883264935, 0.9643944553313464)",1,96.38822745679067,21965
"(0.930124456440246, 0.9861673414304992)",2,96.38819537618596,21967
"(0.9034438470728792, 0.9958292603453894)",2,96.3880576597642,21969
"(0.8444383823228535, 0.9644038253792572)",1,96.38796525445667,21970
"(0.6813936996863826, 0.9861673414304992)",1,96.38789098256888,21971
"(0.8937718863178524, 0.9834358767945104)",2,96.38775509731882,21973
"(0.9460547122074636, 0.9748802746905214)",1,96.38774207119543,21974
"(0.8587195484254307, 0.9861310021084456)",2,96.3874444118744,21976
"(0.8635976129582268, 1.0)",1,96.3874311231392,21977
"(0.757745166550198, 1.0)",1,96.38721775805304,21978
"(0.8495378883833893, 0.9916585206907788)",1,96.38720925682954,21979
"(0.8592657752039796, 0.972045976510262)",2,96.386539150275,21981
"(0.8777335856148074, 0.9824126287942077)",6,96.38638421229598,21987
"(0.7060994560994561, 1.0)",1,96.38609767540342,21988
"(0.8288092915955513, 0.9773648674483127)",1,96.38564199601667,21989
"(0.4468328406505846, 0.9861673414304992)",1,96.38523543668389,21990
"(0.7802197802197803, 1.0)",2,96.38517347147284,21992
"(0.9348222545262322, 0.9681034738761426)",1,96.3850873443316,21993
"(0.8982888105990573, 0.9791258409522168)",2,96.38498761888629,21995
"(0.809910701215049, 0.972045976510262)",1,96.384494663746,21996
"(0.7373912573159345, 0.9861673414304992)",1,96.38436768360614,21997
"(0.8229870141950848, 1.0)",2,96.3839125021357,21999
"(0.5176470588235295, 0.9647058823529412)",1,96.38390213366095,22000
"(0.7946380416968652, 0.9468925802879292)",2,96.38377219410074,22002
"(0.765692887308966, 0.9861310021084456)",1,96.38365062856748,22003
"(0.901028965681318, 0.9650076460904662)",1,96.38358618222296,22004
"(0.9172202093397748, 0.9861673414304992)",1,96.38328153408328,22005
"(0.8315995778682346, 0.9861673414304992)",1,96.38299339246883,22006
"(0.92132700797001, 0.9790476832523552)",1,96.38296673774828,22007
"(0.6736022307473716, 0.9861673414304992)",1,96.3821050017522,22008
"(0.8974984433303618, 0.9790972342015986)",2,96.38166457719352,22010
"(0.9331662489557224, 1.0)",2,96.38143754634191,22012
"(0.9497171590194846, 1.0)",1,96.38132993200604,22013
"(0.9491452991452992, 0.9643698138596096)",1,96.38110545520844,22014
"(0.8881475667189953, 0.972420634920635)",1,96.38102125823382,22015
"(0.7907680396814234, 0.9773647744439382)",1,96.38094926857636,22016
"(0.9491452991452992, 0.9677353740627908)",1,96.38093609770571,22017
"(0.8929015655249481, 0.979055829228243)",1,96.3807924347242,22018
"(0.8071948928825261, 0.9861673414304992)",1,96.3806239707473,22019
"(0.9276343133138456, 0.9736484080382386)",1,96.38061718122276,22020
"(0.8315995778682346, 0.9861673414304992)",1,96.38043037115143,22021
"(0.9641028246291404, 0.9678176625650188)",3,96.38041420090175,22024
"(0.8835857110930401, 0.9764666952752286)",1,96.38029161616394,22025
"(0.8490208544183524, 0.972281746031746)",1,96.38000126015828,22026
"(0.941687552213868, 0.9678176625650188)",1,96.37946194046084,22027
"(0.7368760064412239, 0.9861673414304992)",4,96.37924623432446,22031
"(0.8207953412961668, 0.9749999315190758)",1,96.37923657288202,22032
"(0.852, 0.9749910873440284)",1,96.37923038680732,22033
"(0.9034438470728792, 0.9916585206907788)",1,96.37899161130028,22034
"(0.9603476243044132, 0.9642857142857144)",1,96.3789655840072,22035
"(0.8451478848040399, 0.972045976510262)",1,96.3787969668194,22036
"(0.9301209372637944, 0.9861310021084456)",1,96.37866232869372,22037
"(0.8490208544183524, 0.972281746031746)",1,96.37865583074873,22038
"(0.9188863189008992, 0.9650450950662368)",1,96.37845235318623,22039
"(0.816195709052852, 1.0)",1,96.37839029733466,22040
"(0.9332172991312776, 0.9751871657754012)",1,96.37830713135126,22041
"(0.9268570420108744, 0.9713574016563148)",3,96.37777519646976,22044
"(0.9169719169719168, 1.0)",1,96.37748568588194,22045
"(1.0, 1.0)",1,96.37739627569,22046
"(0.9789546069211384, 0.9958292603453894)",1,96.37730477435474,22047
"(0.8420013166556946, 1.0)",2,96.37709286373546,22049
"(0.7578328648096089, 0.9764666952752286)",1,96.37695667477333,22050
"(0.9427148033126296, 0.9680383516315252)",1,96.37683774286278,22051
"(0.8810064268049709, 0.991206314397104)",4,96.376411116129,22055
"(0.8796475392220073, 1.0)",2,96.37608172195888,22057
"(0.8879608405415911, 0.9766918866148322)",1,96.37601756922024,22058
"(0.7289193040024178, 0.9780434995701116)",1,96.37599173582966,22059
"(0.6933160650937552, 0.9764666952752286)",1,96.37599170348348,22060
"(0.7794241245535004, 0.9861673414304992)",1,96.37582159442316,22061
"(0.5739636219249954, 0.9800658268083628)",1,96.37580791942604,22062
"(0.8552744708994707, 1.0)",1,96.37562358637364,22063
"(0.8229870141950848, 1.0)",1,96.3752812438362,22064
"(0.9299160159815896, 1.0)",1,96.37522348926562,22065
"(0.9227792207792208, 0.967895529128406)",1,96.3748874365108,22066
"(0.930124456440246, 0.972420634920635)",1,96.37477997564147,22067
"(0.9205517358458536, 0.9874762808349148)",1,96.37456501041548,22068
"(0.8420800264550263, 0.972045976510262)",1,96.3745205695544,22069
"(0.9212328545548654, 0.9751409401578528)",1,96.37446477846092,22070
"(0.8050115655679925, 0.9753378293934332)",1,96.3743765037877,22071
"(0.8068904981347378, 1.0)",1,96.37434917237196,22072
"(0.8416827657517105, 0.9583930063253372)",1,96.37416056260815,22073
"(0.7891673497098101, 0.9780434995701116)",1,96.37412416200928,22074
"(0.874450386215092, 0.972281746031746)",1,96.37410957318764,22075
"(0.8795903283708161, 0.9678176625650188)",1,96.3739017945342,22076
"(0.952999227799228, 0.967895529128406)",1,96.37374483900088,22077
"(0.8390424521630195, 0.9861673414304992)",1,96.37349780790018,22078
"(0.9502288074111276, 0.9641967520703932)",1,96.37344438507864,22079
"(0.7803195571784078, 0.9867922141511912)",1,96.37340815520784,22080
"(0.8524016298728943, 0.9707210352371642)",1,96.3732578787028,22081
"(0.9712822597033124, 0.9642857142857144)",1,96.37263109369827,22082
"(0.9230627959463646, 0.9749692931061258)",1,96.37256254975016,22083
"(0.9372650231764934, 0.987463247273494)",1,96.37255459738935,22084
"(0.9502288074111276, 0.9681034738761426)",1,96.37249442008616,22085
"(0.8567929292929293, 0.9861310021084456)",1,96.3721292683578,22086
"(0.8877034517510707, 0.9861310021084456)",1,96.3720249423502,22087
"(0.9860411258716344, 0.972045976510262)",1,96.3719978802994,22088
"(0.8459744503862151, 0.972045976510262)",4,96.37196808134011,22092
"(0.9459285785969274, 0.9645938855657314)",1,96.37185550417536,22093
"(0.8456659619450317, 0.9764666952752286)",1,96.3717932533455,22094
"(0.8311329582337986, 0.972045976510262)",1,96.3715596293362,22095
"(0.80285509389987, 1.0)",1,96.37151012561304,22096
"(0.874450386215092, 0.972281746031746)",1,96.3714955224422,22097
"(0.8747625830959164, 0.9861673414304992)",1,96.37136266164482,22098
"(0.9172008547008548, 0.9861673414304992)",1,96.37129383216418,22099
"(0.9833229101521784, 1.0)",1,96.37095085326652,22100
"(0.9833229101521784, 1.0)",1,96.37089992111608,22101
"(0.9300655321826798, 0.9736486486486486)",1,96.3708621350516,22102
"(0.8153895365851999, 0.9643944553313464)",1,96.37066614756316,22103
"(1.0, 1.0)",2,96.37019113213596,22105
"(0.9168478260869564, 0.972420634920635)",1,96.37007586915436,22106
"(0.9170333674010144, 0.972281746031746)",1,96.36994827845368,22107
"(0.8013184398461819, 0.9764666952752286)",1,96.36984285553967,22108
"(0.8561103441223091, 0.972045976510262)",1,96.36965985768744,22109
"(0.7615072500907597, 0.9764666952752286)",1,96.3691251325496,22110
"(0.6444891298012474, 0.9861310021084456)",1,96.36893021500416,22111
"(0.8425483191745751, 0.9882048106149588)",1,96.3688189621478,22112
"(0.8877034517510707, 0.9861673414304992)",1,96.36850239527512,22113
"(0.9916585206907788, 0.983545503234046)",1,96.3684773572582,22114
"(0.8717520170461346, 0.9916585206907788)",1,96.3681025781136,22115
"(0.8124923632552741, 0.9861673414304992)",2,96.36804468666554,22117
"(0.9450323339212228, 0.9861310021084456)",2,96.3680164035132,22119
"(0.6892156862745098, 0.9861673414304992)",1,96.36764679306832,22120
"(0.7458851447555765, 0.9764666952752286)",1,96.36758032234223,22121
"(0.8428883536673643, 0.9780434995701116)",1,96.36736942639382,22122
"(0.8957538774472412, 0.9692608993981562)",3,96.36708519631952,22125
"(0.9297564829445116, 0.9645938855657314)",1,96.36693437832048,22126
"(0.9502288074111276, 0.9680383516315252)",1,96.36690582647417,22127
"(0.8622520112492773, 0.9707095350359106)",1,96.36629275489686,22128
"(0.9491452991452992, 0.9679690637004894)",1,96.36585863999372,22129
"(0.9027777777777778, 0.986081059422206)",2,96.3657815420539,22131
"(0.7458851447555765, 0.9764666952752286)",2,96.36574588376156,22133
"(0.9326599326599326, 1.0)",1,96.365582819485,22134
"(0.6698155645524068, 1.0)",1,96.3654538717429,22135
"(0.8972301136363636, 0.9716190476190476)",1,96.36543138597412,22136
"(0.8592657752039796, 0.972045976510262)",4,96.3653378897218,22140
"(0.8876281048778143, 0.9642857142857144)",1,96.36523704369328,22141
"(0.8056354979267693, 0.9861310021084456)",1,96.36520535770649,22142
"(0.9223799456357596, 0.9764666952752286)",1,96.3651642775354,22143
"(0.871086138858059, 0.9861310021084456)",1,96.36493425649677,22144
"(0.8581022152450725, 0.972045976510262)",2,96.36481498927024,22146
"(0.9032855633136024, 0.9861673414304992)",1,96.3645874955628,22147
"(0.9583930063253372, 1.0)",1,96.36444243181052,22148
"(0.8633762288330498, 1.0)",1,96.36437253325911,22149
"(0.846224760385985, 0.9749996575911584)",1,96.36410285182252,22150
"(0.7602193829089683, 0.9764666952752286)",1,96.36365617450224,22151
"(0.8621031746031745, 0.9861310021084456)",1,96.36346210100044,22152
"(0.8753086419753084, 0.9861310021084456)",1,96.3634210466954,22153
"(0.835848883169409, 0.9758777250199286)",1,96.36319893666396,22154
"(0.8883034087952121, 0.972281746031746)",1,96.3628715315505,22155
"(0.8843764852418178, 0.9643944553313464)",2,96.3627466054657,22157
"(0.6733821733821733, 1.0)",1,96.3626582584414,22158
"(0.5131569832583307, 1.0)",1,96.36259101223328,22159
"(0.9499687304565352, 0.9833229101521784)",1,96.3625457816799,22160
"(0.7026153868908955, 0.9749692931061258)",1,96.36224960092387,22161
"(0.8884797556713653, 0.9749048084531956)",1,96.36220525131546,22162
"(0.8316498316498316, 1.0)",1,96.36220401160354,22163
"(0.5730351811691473, 0.9814177883472532)",1,96.36215367804937,22164
"(0.6886904761904762, 1.0)",3,96.36145914539976,22167
"(0.8796475392220073, 1.0)",1,96.36139727656116,22168
"(0.9460547122074636, 0.970645065455312)",1,96.36138385045057,22169
"(0.8467368572432814, 0.9763512865722463)",1,96.3612576275776,22170
"(0.8734313112361893, 0.9722222222222222)",1,96.36107892739858,22171
"(0.8899966931216932, 0.9861310021084456)",1,96.3610699301146,22172
"(0.987491854024112, 0.9916585206907788)",2,96.36096620909684,22174
"(0.7923306301473605, 0.9643944553313464)",1,96.36087702730217,22175
"(0.917415489944373, 1.0)",1,96.3606893998191,22176
"(0.8880748880748881, 0.972281746031746)",1,96.36056527904822,22177
"(0.7851227464298004, 0.9756756534656972)",1,96.3604184243621,22178
"(0.9427148033126296, 0.9751409401578528)",1,96.35999714424024,22179
"(0.9161952650324744, 1.0)",2,96.3599965855244,22181
"(0.7820135271430143, 0.9643944553313464)",1,96.3599657829469,22182
"(0.6575398846941737, 1.0)",1,96.35995378440602,22183
"(0.7708796965987909, 0.9861673414304992)",1,96.35973684392256,22184
"(0.7892960774346593, 0.9861673414304992)",1,96.35936452188412,22185
"(0.831031066037186, 0.988167361639188)",1,96.3591416361865,22186
"(0.6173922423091859, 0.9764666952752286)",1,96.35887937305806,22187
"(0.8899966931216932, 0.9861310021084456)",1,96.35881920354235,22188
"(0.9223799456357596, 0.9764666952752286)",1,96.35880271179518,22189
"(0.8467532467532467, 1.0)",1,96.35860143744053,22190
"(0.8957538774472412, 0.969334154098697)",1,96.3584104609068,22191
"(0.9073492428586464, 0.9714285714285714)",1,96.35830043820413,22192
"(0.8451478848040399, 0.972045976510262)",1,96.35818856053804,22193
"(0.8796475392220073, 1.0)",1,96.35814788544778,22194
"(0.5555555555555555, 1.0)",2,96.358124258609,22196
"(0.7362637362637362, 1.0)",1,96.3579527500305,22197
"(0.9126251340467026, 0.9874877810361682)",2,96.3579310029185,22199
"(0.9012059369202228, 0.9749910873440284)",2,96.35778274244568,22201
"(0.90224161204236, 0.9861310021084456)",2,96.35776748184492,22203
"(0.8932254623044097, 0.9736842105263158)",3,96.35739766517828,22206
"(0.9572437766315318, 0.9716751084525852)",1,96.35734878716129,22207
"(0.5401582714010459, 0.9812444590725796)",1,96.3572467767231,22208
"(0.6698155645524068, 0.9665831244778612)",1,96.35693049187158,22209
"(0.8592711301044633, 0.972281746031746)",1,96.3567827467473,22210
"(0.9162596992611264, 0.972045976510262)",1,96.35667337148097,22211
"(0.94291309888229, 0.991206314397104)",3,96.3566454634048,22214
"(0.6611718926579557, 0.9861310021084456)",1,96.35649535771157,22215
"(0.7602379596828609, 0.9749910873440284)",1,96.35620871420798,22216
"(0.8449106413122807, 0.964269276237512)",1,96.35615647609816,22217
"(0.9160652508866794, 0.972045976510262)",1,96.35614543139096,22218
"(0.9187883397948668, 0.9716190476190476)",1,96.3561063019824,22219
"(0.8579868984630887, 1.0)",1,96.35604085877146,22220
"(0.6260123507862112, 0.9882048106149588)",1,96.35598263187632,22221
"(0.7999088007295942, 0.988167361639188)",1,96.3558669606652,22222
"(0.7965746171391332, 1.0)",1,96.35567772922433,22223
"(0.9429917021753756, 0.9677353740627908)",1,96.35546754665492,22224
"(0.957036102484472, 0.9680383516315252)",1,96.35519593015113,22225
"(0.932201731346617, 0.9764666952752286)",1,96.3549426984676,22226
"(0.8136244723706807, 0.9643944553313464)",1,96.35465246185338,22227
"(0.9304496233521656, 0.9861673414304992)",1,96.35443082508826,22228
"(0.7786375661375661, 1.0)",1,96.35438435360167,22229
"(0.900838851006521, 0.9748524098350704)",1,96.35409019300168,22230
"(0.7880931329207191, 1.0)",1,96.3538013925608,22231
"(0.8653198653198653, 0.9833229101521784)",1,96.35364424052308,22232
"(0.915887675849288, 0.9712837870612924)",1,96.3536155570752,22233
"(0.8456272791248162, 0.9713574016563148)",1,96.3536074815527,22234
"(0.9082051469489508, 0.9736842105263158)",3,96.35353696641074,22237
"(0.6730510127402202, 0.9824126287942077)",3,96.3534330570742,22240
"(0.8852629578963369, 0.972045976510262)",1,96.35342303647988,22241
"(0.9205517358458536, 0.9833040078201368)",1,96.35289995964138,22242
"(0.8224713709935384, 0.9751409401578528)",3,96.35285306031344,22245
"(0.917955241105926, 0.9645938855657314)",1,96.35277987140763,22246
"(0.9326599326599326, 0.9833229101521784)",2,96.35257078405424,22248
"(0.7348436174331348, 0.9861673414304992)",1,96.35237077831373,22249
"(0.8631546198466533, 0.9650076460904662)",1,96.35232159137928,22250
"(1.0, 1.0)",1,96.35227494204312,22251
"(0.8137484933708317, 0.964731521366774)",1,96.35195899013388,22252
"(0.8920217788143652, 0.9707210352371642)",1,96.35186675146171,22253
"(0.9069647153947764, 0.9714285714285714)",2,96.35181449865097,22255
"(0.751080181203132, 0.9861673414304992)",1,96.35172641918292,22256
"(0.8557264819266099, 0.9764666952752286)",1,96.35121096886222,22257
"(0.8743078626799556, 0.9861310021084456)",2,96.35101872553643,22259
"(0.9253213924599162, 0.9764666952752286)",1,96.35092567243632,22260
"(0.7304742252709461, 0.9764666952752286)",2,96.35091281663829,22262
"(0.9146901709401708, 0.9861310021084456)",1,96.35089700875972,22263
"(0.7375253438078971, 1.0)",1,96.35058239705654,22264
"(0.7664480222619757, 0.9764666952752286)",1,96.3503619854494,22265
"(0.9572437766315318, 0.9681645071821834)",1,96.3502776341305,22266
"(0.7109688804604058, 0.972281746031746)",4,96.35023004054597,22270
"(0.9665831244778612, 0.9833229101521784)",2,96.3501064509785,22272
"(0.8746747225950852, 0.9604782992262008)",1,96.35009852549256,22273
"(0.8761383419447936, 0.9873891625615764)",1,96.34998786934156,22274
"(0.943552974917135, 0.978518051242236)",1,96.34963990670722,22275
"(0.6891235126529245, 0.958109559613319)",1,96.34930799149362,22276
"(0.9165164082221422, 1.0)",2,96.34912263197435,22278
"(0.9082051469489508, 0.9648252575884156)",2,96.34898030038164,22280
"(0.8997493734335841, 0.9833229101521784)",1,96.34826449446588,22281
"(0.861111111111111, 0.9833229101521784)",1,96.347961676597,22282
"(0.8066742741368069, 0.978715975722006)",1,96.34775045816474,22283
"(0.5070372093557577, 0.972281746031746)",1,96.34772446715792,22284
"(0.4737094237094237, 0.9861673414304992)",2,96.34770222378948,22286
"(0.8456659619450317, 0.9764666952752286)",1,96.34769327858766,22287
"(0.9192093318943212, 1.0)",1,96.3475249329479,22288
"(0.8685314685314685, 0.9643944553313464)",1,96.3474465477502,22289
"(0.8584175084175085, 0.9861673414304992)",1,96.34744535561532,22290
"(0.8455704732698088, 0.9861310021084456)",1,96.34728239542272,22291
"(0.757745166550198, 1.0)",1,96.34712658808007,22292
"(0.9154520780570968, 0.9748802746905214)",1,96.34709365589347,22293
"(0.8572048611111112, 0.9861673414304992)",1,96.34703106708916,22294
"(0.905473433544398, 0.987463247273494)",1,96.34670032787972,22295
"(0.9610153569597296, 0.960851077856154)",3,96.34661608579036,22298
"(0.5070372093557577, 0.972281746031746)",2,96.34647399741098,22300
"(0.9335837499903572, 0.9604782992262008)",1,96.34638027870054,22301
"(0.8561103441223091, 0.972045976510262)",4,96.34632963927096,22305
"(0.8613656783468103, 1.0)",1,96.3461837789133,22306
"(0.9531381014506703, 0.9678176625650188)",1,96.3460050078487,22307
"(0.8137865219658889, 1.0)",1,96.3459315390137,22308
"(0.789994229453279, 0.972420634920635)",1,96.34562501293397,22309
"(0.9425645194066248, 0.9680383516315252)",3,96.3452796185337,22312
"(0.7404350561362756, 0.9861673414304992)",1,96.34511513077304,22313
"(0.8848365568890763, 0.9643944553313464)",1,96.3450809161863,22314
"(0.8846362470895226, 0.9712822597033124)",1,96.34502727235645,22315
"(0.8887419165196944, 0.972045976510262)",1,96.3449515001941,22316
"(0.7999088007295942, 0.988167361639188)",1,96.34474379696508,22317
"(0.9022292915996296, 0.972045976510262)",1,96.34438405662382,22318
"(0.4276312823980166, 0.9882320356476616)",1,96.34430171936512,22319
"(0.8499431760854415, 0.9722971455287628)",1,96.34425599735263,22320
"(0.8687499999999999, 0.9766918866148322)",2,96.34390437717391,22322
"(0.7348436174331348, 0.972281746031746)",1,96.34382368498116,22323
"(0.9146901709401708, 0.9861310021084456)",1,96.34369965306566,22324
"(0.9177366931314298, 0.9791258409522168)",1,96.34360857480084,22325
"(0.8221762134805614, 0.958109559613319)",4,96.3435519772575,22329
"(0.8524016298728943, 0.966779313876088)",2,96.34342406203496,22331
"(0.6736022307473716, 0.9861673414304992)",1,96.34314944997868,22332
"(0.8876281048778143, 0.960666032023912)",1,96.34307388041134,22333
"(0.9609357631051972, 0.9641028246291404)",1,96.3428355971088,22334
"(0.8416827657517105, 0.9861310021084456)",1,96.34241935310747,22335
"(0.9029281534808432, 0.9861673414304992)",1,96.34235544826284,22336
"(0.765692887308966, 0.9861310021084456)",1,96.34212953546115,22337
"(0.8848365568890763, 0.9643944553313464)",1,96.34199218639928,22338
"(0.9212328545548654, 0.9751915907925552)",2,96.34186557395384,22340
"(0.9343984962406016, 0.971495851087688)",2,96.34180897918108,22342
"(0.8876903814630851, 0.972045976510262)",1,96.34178242292695,22343
"(0.6892156862745098, 0.9861673414304992)",1,96.3416575502902,22344
"(0.8622520112492773, 0.9832462877624168)",2,96.3415661942686,22346
"(0.7280584513944579, 0.9861673414304992)",1,96.3415420570455,22347
"(0.947035873779261, 0.9715593185206444)",3,96.34134098570613,22350
"(0.9259740526337398, 0.9712822597033124)",2,96.34132468779322,22352
"(0.7709171448706333, 0.9758777250199286)",1,96.34130062281352,22353
"(0.8311329582337986, 0.972045976510262)",1,96.34123422277362,22354
"(0.9303715638302106, 1.0)",2,96.3411843213202,22356
"(0.8581022152450725, 0.972045976510262)",1,96.34100071087614,22357
"(0.901028965681318, 0.9766918866148322)",2,96.34081488167378,22359
"(0.7772049591964847, 0.9722222222222222)",1,96.34077720386556,22360
"(0.826388888888889, 1.0)",1,96.34068222952646,22361
"(0.8478418336329888, 0.991206314397104)",4,96.34043292591332,22365
"(0.4468328406505846, 0.9861673414304992)",1,96.3402999233714,22366
"(0.947035873779261, 0.9751409401578528)",1,96.34023491029129,22367
"(0.9262130464282252, 0.991206314397104)",1,96.3402187656718,22368
"(0.9032855633136024, 0.9722222222222222)",1,96.339637437873,22369
"(0.9641028246291404, 0.9603476243044132)",1,96.3395344586354,22370
"(0.902898027898028, 0.9861310021084456)",1,96.3387200658084,22371
"(0.751080181203132, 0.9861673414304992)",1,96.33804705391596,22372
"(0.9442283950617284, 1.0)",1,96.3379819862148,22373
"(0.8249504969211211, 0.988167361639188)",1,96.33797234461456,22374
"(0.4517222778047475, 0.9820921967132225)",1,96.33766495064393,22375
"(0.8715701474388204, 1.0)",2,96.33757649078666,22377
"(0.9418479305417444, 0.9766918866148322)",1,96.33754026172863,22378
"(0.8957538774472412, 0.9692608993981562)",3,96.33708125179056,22381
"(0.5080392961876832, 0.9874994529574682)",1,96.33680838952394,22382
"(0.838301471154743, 0.972045976510262)",1,96.33656291467295,22383
"(0.8843764852418178, 0.9764666952752286)",1,96.3365086327833,22384
"(0.9098759089802734, 0.987463247273494)",1,96.33648830362236,22385
"(0.9764666952752286, 0.9643944553313464)",1,96.33646436638564,22386
"(0.4039045743444857, 0.9882048106149588)",1,96.33626352016924,22387
"(0.9572437766315318, 0.967895529128406)",1,96.33624218903188,22388
"(0.9253213924599162, 0.9764666952752286)",1,96.33610907550847,22389
"(0.6747507742934573, 1.0)",1,96.33587775124862,22390
"(0.8193419055822156, 0.9861673414304992)",1,96.335367484332,22391
"(0.861111111111111, 0.9833229101521784)",1,96.33519800794126,22392
"(0.8596618357487924, 0.9861673414304992)",1,96.33513341690052,22393
"(0.908421874225862, 0.9736485764662176)",1,96.33500412591108,22394
"(0.8899966931216932, 0.9581458989353726)",1,96.334516121619,22395
"(0.8796475392220073, 1.0)",1,96.33439180860576,22396
"(0.947035873779261, 0.9715593185206444)",1,96.33431276199336,22397
"(0.8308201058201059, 0.9861673414304992)",1,96.33425577926192,22398
"(0.9253213924599162, 0.9764666952752286)",1,96.33408864386728,22399
"(0.855702280912365, 0.9647058823529412)",1,96.3329250220728,22400
"(0.9539272400433172, 0.960851077856154)",1,96.33289155668132,22401
"(0.9436368312757202, 0.9861673414304992)",1,96.3326602875182,22402
"(0.7729389061386163, 0.988167361639188)",1,96.3323109693608,22403
"(0.9189485013229876, 0.9712822597033124)",1,96.33229590334446,22404
"(0.4747763864042934, 1.0)",1,96.33222094635197,22405
"(0.6992775742775743, 0.9861673414304992)",1,96.33184634713297,22406
"(0.9058747619658436, 0.966519076501737)",1,96.33183558988485,22407
"(0.9418479305417444, 0.9766918866148322)",1,96.33174888169803,22408
"(0.9643698138596096, 0.9643698138596096)",1,96.3316799468796,22409
"(0.664288399616242, 0.9678176625650188)",1,96.33159989220596,22410
"(0.8044914258149553, 0.9722222222222222)",1,96.33143674464478,22411
"(0.9610153569597296, 0.9644491481508056)",3,96.33124629935335,22414
"(0.8247905643738976, 1.0)",1,96.33100827140612,22415
"(0.9153439153439156, 0.9833229101521784)",1,96.3306692807482,22416
"(0.8653198653198653, 1.0)",1,96.330621566012,22417
"(0.8456659619450317, 0.9764666952752286)",1,96.33055313235604,22418
"(0.9441792447111594, 1.0)",1,96.33049526451308,22419
"(0.7222222222222221, 1.0)",1,96.33009499431571,22420
"(0.6753328883574485, 0.972045976510262)",1,96.33007500026356,22421
"(0.9571428571428572, 0.9609357631051972)",1,96.3300524372594,22422
"(0.9425645194066248, 0.9680383516315252)",1,96.32989952971398,22423
"(0.6444891298012474, 0.972281746031746)",1,96.32964798678108,22424
"(0.939055706563049, 0.9680383516315252)",1,96.32956646980637,22425
"(0.8703996834190741, 0.9736189431913116)",1,96.32903458357072,22426
"(0.930124456440246, 0.972045976510262)",1,96.3287930230161,22427
"(0.7109688804604058, 0.9861310021084456)",1,96.32874085282016,22428
"(0.8374727668845315, 1.0)",1,96.32872262682248,22429
"(0.8151249335459861, 0.986081059422206)",1,96.3286334734127,22430
"(0.94484126984127, 0.9861673414304992)",1,96.32858412026503,22431
"(0.8761383419447936, 0.9832184229069656)",1,96.32847436010675,22432
"(0.8777008472715792, 0.974661008228385)",1,96.32842514289058,22433
"(0.9161952650324744, 1.0)",1,96.32802745978174,22434
"(0.9603476243044132, 0.9643698138596096)",1,96.32796301683236,22435
"(0.6444891298012474, 0.972281746031746)",4,96.327882948726,22439
"(0.8308201058201059, 0.9861673414304992)",1,96.32780471938533,22440
"(0.9572437766315318, 0.9751915907925552)",1,96.32770988287926,22441
"(0.8631918334993627, 0.9833229101521784)",2,96.3275054577968,22443
"(0.649621212121212, 0.9861310021084456)",1,96.32740239254017,22444
"(0.9253478985383796, 0.9648252575884156)",1,96.32719774178511,22445
"(0.917724660397074, 0.9916585206907788)",1,96.32712402601224,22446
"(0.765692887308966, 0.9861310021084456)",1,96.32701168322644,22447
"(0.8319340617212959, 1.0)",1,96.3269460740072,22448
"(0.9665831244778612, 1.0)",1,96.32689257094584,22449
"(0.861111111111111, 0.9833229101521784)",1,96.32684757207534,22450
"(0.6983464132286942, 0.9885557944107872)",1,96.3264882628642,22451
"(0.8490208544183524, 0.972281746031746)",1,96.32642530044734,22452
"(0.8996392387758612, 0.9916625936787228)",1,96.32613006382113,22453
"(0.90224161204236, 0.9861310021084456)",1,96.32602562914742,22454
"(0.7304951237809453, 0.9643944553313464)",1,96.32591013675405,22455
"(0.9438271604938272, 0.9861673414304992)",4,96.32577576358064,22459
"(0.6444891298012474, 0.972281746031746)",2,96.32575493100744,22461
"(0.9499687304565352, 0.9833229101521784)",1,96.32570179219684,22462
"(0.9080024622960912, 0.9649122807017544)",3,96.32561547384518,22465
"(0.8318290279074593, 0.972045976510262)",1,96.3255503575715,22466
"(0.846224760385985, 0.977026271861202)",1,96.32550340161043,22467
"(0.9384174012481092, 0.991777356103732)",2,96.32546659148022,22469
"(0.902898027898028, 0.9861310021084456)",1,96.32540789363644,22470
"(0.405080183803588, 0.9861673414304992)",1,96.32538179656208,22471
"(0.8432903075760217, 1.0)",1,96.32510465843272,22472
"(0.8876473063973064, 0.9861673414304992)",1,96.32489114292456,22473
"(0.972281746031746, 0.9861310021084456)",1,96.32453009283071,22474
"(0.9022759891180944, 0.972045976510262)",1,96.32425843235936,22475
"(0.9427148033126296, 0.9716751084525852)",1,96.3242382213378,22476
"(0.7663097448296706, 0.9780434995701116)",3,96.32413127517066,22479
"(0.8835857110930401, 0.9764666952752286)",1,96.32353083516264,22480
"(0.9609357631051972, 0.9640038239043044)",1,96.32320116472314,22481
"(0.930124456440246, 0.972420634920635)",1,96.32307282517948,22482
"(0.8581022152450725, 0.958109559613319)",1,96.32294831862554,22483
"(0.9388917411828462, 0.9751915907925552)",1,96.32288278119464,22484
"(0.9303901487133776, 0.9645238095238096)",1,96.32286297940912,22485
"(0.8395301149279116, 0.9643944553313464)",1,96.32273447214612,22486
"(0.8887419165196944, 0.972045976510262)",1,96.32271776867682,22487
"(0.8751159006478155, 0.972045976510262)",1,96.32268858630113,22488
"(0.9243707071934514, 0.9673431744409732)",1,96.32263134784522,22489
"(0.9377148530109056, 0.9692608993981562)",1,96.32262309497732,22490
"(0.8148308968977662, 0.9861310021084456)",1,96.322443501045,22491
"(0.9288982963016116, 0.9787142857142856)",3,96.32235776773756,22494
"(0.9665831244778612, 1.0)",2,96.32184303185844,22496
"(0.9712822597033124, 0.971495851087688)",1,96.32183523185483,22497
"(0.8068351665307889, 0.9861673414304992)",1,96.3217709470231,22498
"(0.9528533742496432, 0.9645238095238096)",1,96.32173135240926,22499
"(0.3729832026666541, 0.9827679628749876)",1,96.32167399451023,22500
"(0.8432903075760217, 1.0)",2,96.32138870431824,22502
"(0.9297326845255915, 0.970607585468542)",1,96.32134399561474,22503
"(0.838301471154743, 0.972045976510262)",4,96.32129590558095,22507
"(0.9206165335472736, 0.9874877810361682)",1,96.32129267219716,22508
"(0.8653198653198653, 1.0)",1,96.32125511264836,22509
"(0.9146779555619334, 0.9610153569597296)",1,96.32116904299752,22510
"(0.8600291387756281, 0.9915151515151516)",1,96.3208155893148,22511
"(0.9354654378932672, 0.9746612280415012)",1,96.32062944295708,22512
"(0.9665831244778612, 1.0)",1,96.32018004053694,22513
"(0.8459744503862151, 0.972045976510262)",1,96.3201706401846,22514
"(0.837707400507675, 1.0)",2,96.32011627009268,22516
"(0.4423707251851418, 0.9861310021084456)",1,96.32009640562386,22517
"(0.835848883169409, 0.9758777250199286)",1,96.31990938923612,22518
"(0.865587044534413, 0.9736842105263158)",1,96.31960675190696,22519
"(0.8395301149279116, 0.9764666952752286)",1,96.31872458441242,22520
"(0.9833229101521784, 1.0)",2,96.31824677407512,22522
"(0.9418479305417444, 0.988167361639188)",1,96.3181920783891,22523
"(0.8840455840455841, 1.0)",2,96.31816377407272,22525
"(0.7109688804604058, 0.972281746031746)",1,96.31796377350948,22526
"(0.7278086237149632, 1.0)",1,96.31773442681988,22527
"(0.9153439153439156, 0.9833229101521784)",1,96.3174847482942,22528
"(0.8871082621082622, 0.972281746031746)",1,96.3174693876334,22529
"(0.8596618357487924, 0.972045976510262)",1,96.31713002654098,22530
"(0.9230468061350414, 0.9873444118605408)",1,96.31700722940394,22531
"(0.8633762288330498, 1.0)",1,96.31698825805267,22532
"(0.8459744503862151, 0.972045976510262)",1,96.3168221094312,22533
"(0.8044914258149553, 0.9861310021084456)",1,96.31677913212998,22534
"(0.7516483516483518, 0.972420634920635)",1,96.31670793735688,22535
"(0.8753086419753084, 0.9583930063253372)",1,96.3166598116102,22536
"(0.6992775742775743, 0.972420634920635)",1,96.31648460427547,22537
"(0.9388917411828462, 0.9681645071821834)",1,96.316201828958,22538
"(0.9146901709401708, 0.972281746031746)",1,96.3156224889689,22539
"(0.9297812306740878, 1.0)",1,96.31553798572676,22540
"(0.8249504969211211, 0.9766918866148322)",1,96.3153696483214,22541
"(0.7186738340996477, 0.9790540349287944)",1,96.31525824224536,22542
"(0.9032855633136024, 0.9861673414304992)",1,96.3152526575258,22543
"(0.9422394177612392, 0.9645938855657314)",1,96.31477200304536,22544
"(0.8645256232686982, 0.9824126287942077)",1,96.31469886281296,22545
"(0.8711611700834614, 0.9764666952752286)",1,96.31405343320344,22546
"(0.8726893261776982, 0.988167361639188)",1,96.31369455894216,22547
"(0.8796475392220073, 1.0)",2,96.31329615185214,22549
"(0.9238400660955778, 0.9749692931061258)",1,96.31321863525712,22550
"(0.92132700797001, 0.9916585206907788)",1,96.31317890730604,22551
"(0.903667392883079, 1.0)",2,96.3130573977813,22553
"(0.5131569832583307, 0.9882048106149588)",1,96.31303775724696,22554
"(0.510124419309014, 0.977697335722542)",1,96.31285342071786,22555
"(0.8928598364786969, 0.9916585206907788)",1,96.31284495990808,22556
"(0.9396279975262144, 0.9716190476190476)",1,96.31267217901365,22557
"(0.8702889400021048, 0.9644491481508056)",1,96.31252042926911,22558
"(0.8318916467605246, 0.979391809568136)",1,96.31242423072024,22559
"(0.9712822597033124, 0.9714285714285714)",2,96.312095418843,22561
"(0.4523958281268222, 0.9722222222222222)",1,96.31196942816392,22562
"(0.9665831244778612, 1.0)",1,96.3116584783153,22563
"(0.8456272791248162, 0.9642857142857144)",1,96.31142930538304,22564
"(0.9240041208791208, 0.9622598627787308)",1,96.31140416087813,22565
"(0.7187807755293061, 0.976688510722604)",1,96.31138286163298,22566
"(0.90263033902971, 0.9722222222222222)",1,96.3111376964998,22567
"(0.91326516498939, 0.9715098411076398)",1,96.31113538247574,22568
"(0.7481666755361609, 0.9764666952752286)",1,96.31078450597018,22569
"(0.692829206701158, 0.9861310021084456)",1,96.3107086446426,22570
"(0.4366033352371548, 0.9814150385426306)",1,96.31067060094844,22571
"(0.9027777777777778, 1.0)",1,96.31045358037716,22572
"(0.9125533644430458, 0.987463247273494)",1,96.31036496125344,22573
"(0.944073617452092, 1.0)",1,96.31029838968362,22574
"(0.8796475392220073, 1.0)",1,96.3102464921194,22575
"(0.8976982097186702, 1.0)",1,96.31017333747285,22576
"(0.835848883169409, 0.9766918866148322)",1,96.31004139415153,22577
"(0.6736022307473716, 0.9861673414304992)",1,96.30984928373744,22578
"(0.8631918334993627, 0.9833229101521784)",1,96.3097855963572,22579
"(0.8843764852418178, 0.9643944553313464)",1,96.30947943443664,22580
"(0.8653198653198653, 1.0)",1,96.3094357047472,22581
"(0.828966378966379, 0.9861673414304992)",1,96.30941330980544,22582
"(0.6975373482726425, 0.9861673414304992)",1,96.30911684922346,22583
"(0.9322127672355596, 0.9874877810361682)",1,96.30909875564494,22584
"(0.5187734941865547, 0.9861310021084456)",1,96.30895411863796,22585
"(0.8594436844505243, 0.9643944553313464)",1,96.30884628340242,22586
"(0.8311329582337986, 0.972045976510262)",1,96.30873963828468,22587
"(0.9259740526337398, 0.9749692931061258)",1,96.30854344442815,22588
"(0.9162596992611264, 0.972045976510262)",2,96.3082689975031,22590
"(0.8224713709935384, 0.9715593185206444)",1,96.30810460294973,22591
"(0.9396279975262144, 0.9680383516315252)",1,96.30810149851716,22592
"(0.934065934065934, 0.9833229101521784)",1,96.30766956567636,22593
"(0.9154520780570968, 0.9749048084531956)",1,96.3074578167606,22594
"(0.8748200797381125, 0.9861310021084456)",2,96.30742034499944,22596
"(0.5816693792141362, 0.9764510238685274)",1,96.30722866938702,22597
"(0.838301471154743, 0.972045976510262)",1,96.30722846526454,22598
"(0.5131569832583307, 0.9882048106149588)",1,96.307105541094,22599
"(0.9412964149491664, 0.974863910036324)",1,96.30694633084904,22600
"(0.9238400660955778, 0.9678176625650188)",1,96.3069461488176,22601
"(0.8703996834190741, 0.9649122807017544)",3,96.30689909474783,22604
"(0.6825396825396824, 1.0)",1,96.30681546329454,22605
"(0.9301209372637944, 0.9861310021084456)",2,96.30673296505152,22607
"(0.8451478848040399, 0.972045976510262)",1,96.30671193977182,22608
"(0.5131569832583307, 1.0)",1,96.30660910408756,22609
"(0.816195709052852, 1.0)",1,96.30658902063492,22610
"(0.9017623122369548, 0.9681034738761426)",1,96.3058838516361,22611
"(0.8249504969211211, 0.988167361639188)",1,96.3055892267302,22612
"(0.8805377184744008, 0.9833211143695014)",1,96.30545997389946,22613
"(0.9314912029239976, 0.9650076460904662)",1,96.3053343809752,22614
"(0.987463247273494, 0.9958292603453894)",1,96.30485599795868,22615
"(0.9162596992611264, 0.972281746031746)",1,96.30483754200868,22616
"(0.8131627957608075, 0.9644038253792572)",1,96.30480454084362,22617
"(0.8796475392220073, 1.0)",2,96.30473513771187,22619
"(0.9916585206907788, 0.8149939154547449)",1,96.30469400054147,22620
"(1.0, 0.9833229101521784)",2,96.30366343451172,22622
"(0.8976982097186702, 0.9833229101521784)",1,96.30345465518636,22623
"(0.8340166019865393, 0.9749910873440284)",1,96.30339037793092,22624
"(0.8579868984630887, 0.9861673414304992)",4,96.30338665050856,22628
"(0.9412964149491664, 0.9749379947482416)",1,96.30319844211868,22629
"(0.8428883536673643, 0.9736842105263158)",1,96.30303954350651,22630
"(0.8177442148030384, 1.0)",1,96.30296264366918,22631
"(0.9418479305417444, 0.9764666952752286)",1,96.30295809274868,22632
"(0.9061764476533613, 0.987463247273494)",1,96.302952636643,22633
"(0.9440529448756316, 0.9861673414304992)",1,96.30243228345552,22634
"(0.8592657752039796, 0.972045976510262)",1,96.30224698261308,22635
"(0.930124456440246, 0.972045976510262)",1,96.30216364802448,22636
"(0.9388917411828462, 0.9751915907925552)",1,96.30211195376278,22637
"(0.8317601729721721, 0.9736842105263158)",1,96.3018463438128,22638
"(0.8194074731341813, 0.9861673414304992)",1,96.30172013703952,22639
"(0.8801420274178757, 0.9643944553313464)",1,96.30166302250376,22640
"(0.8101143854687974, 1.0)",1,96.30113466441712,22641
"(0.8662655059929975, 0.9691818330194464)",3,96.30107244642149,22644
"(0.8976982097186702, 1.0)",1,96.30101776352124,22645
"(0.6444891298012474, 0.972281746031746)",1,96.30069284491832,22646
"(0.8942622047218923, 0.9916585206907788)",1,96.30066059233808,22647
"(0.9227792207792208, 0.967895529128406)",1,96.30048001599434,22648
"(0.9457018956165067, 0.987495927012056)",1,96.30041528656068,22649
"(0.8796475392220073, 0.9833229101521784)",2,96.30037499533732,22651
"(0.5925925925925927, 1.0)",1,96.30028119264068,22652
"(0.933096859926128, 0.9833229101521784)",1,96.30023158244128,22653
"(0.5070372093557577, 0.972281746031746)",1,96.30022765652076,22654
"(0.8098502304147466, 0.9749910873440284)",2,96.29997620252038,22656
"(0.945600047211127, 0.9678176625650188)",1,96.29995875116148,22657
"(0.947035873779261, 0.9681034738761426)",1,96.29993403626824,22658
"(0.8932254623044097, 0.9648252575884156)",3,96.29923947344732,22661
"(0.7833537331701346, 0.9764666952752286)",1,96.2991443192896,22662
"(0.7856964763329513, 0.972045976510262)",1,96.29878053878475,22663
"(0.842200034135518, 0.9785714285714284)",1,96.29858993094584,22664
"(0.7348436174331348, 0.9861673414304992)",1,96.29769326880718,22665
"(0.9161952650324744, 1.0)",1,96.29766484164048,22666
"(0.8010054664946871, 0.9861673414304992)",2,96.29735416949885,22668
"(0.9497171590194848, 0.9833229101521784)",1,96.29723127922722,22669
"(0.6767580302172832, 0.972281746031746)",1,96.29659277096016,22670
"(0.7109688804604058, 0.972281746031746)",1,96.29641161851517,22671
"(0.8306479779411763, 0.9624545454545456)",1,96.2963831478433,22672
"(0.902192297684101, 0.9861310021084456)",1,96.29602393653497,22673
"(0.649621212121212, 0.9722222222222222)",1,96.29585168372614,22674
"(0.8460636535055139, 0.9538370349708868)",1,96.29580458736672,22675
"(0.8311329582337986, 0.972045976510262)",4,96.29567479604005,22679
"(0.5145696010475885, 0.9861310021084456)",1,96.29515070523637,22680
"(0.7601164382773579, 1.0)",1,96.2947779040789,22681
"(0.9369808292429718, 0.9876181166503748)",1,96.29474933638032,22682
"(0.8726893261776982, 0.9766918866148322)",1,96.29471203697366,22683
"(0.960851077856154, 0.9680383516315252)",2,96.29471033364784,22685
"(0.5626274989800081, 0.9764666952752286)",1,96.29449568045332,22686
"(0.9860411258716344, 0.9861310021084456)",2,96.29434623216548,22688
"(0.874047619047619, 0.972045976510262)",3,96.2942046423097,22691
"(0.9444901834607716, 0.9861673414304992)",1,96.29410120017626,22692
"(0.7708796965987909, 0.9861673414304992)",1,96.29368381561812,22693
"(0.9352068830277476, 0.960851077856154)",3,96.29356586898744,22696
"(0.9720813204508856, 1.0)",1,96.29350720542918,22697
"(0.9343984962406016, 0.9678176625650188)",1,96.29333067610064,22698
"(0.8131627957608075, 0.964269276237512)",1,96.293242794049,22699
"(0.9505232430050672, 0.9680383516315252)",1,96.29318434932696,22700
"(0.8868677229932935, 0.9780434995701116)",6,96.29309321731188,22706
"(0.6173922423091859, 0.9643944553313464)",1,96.29276723579076,22707
"(0.7756320245634175, 0.9746621650540817)",1,96.29273863263867,22708
"(0.8404355452872972, 0.972045976510262)",1,96.29247927809853,22709
"(0.5874751891549204, 0.9780434995701116)",1,96.29241732837792,22710
"(0.8596618357487924, 0.972045976510262)",1,96.29212325047926,22711
"(0.972420634920635, 0.9861673414304992)",1,96.29185519070126,22712
"(0.9166145507608924, 1.0)",1,96.2913681000279,22713
"(0.9535144014828052, 0.9751409401578528)",1,96.2913670558626,22714
"(0.8711611700834614, 0.9764666952752286)",1,96.29121023278542,22715
"(0.9218558227888856, 0.9791258409522168)",1,96.29114753284172,22716
"(0.7830369357045144, 0.9650076460904662)",1,96.29113655979674,22717
"(0.9165867390570612, 0.9645238095238096)",2,96.29043571027354,22719
"(0.9603476243044132, 0.9678176625650188)",1,96.29042856162592,22720
"(0.979273283115788, 0.9916585206907788)",1,96.2902248195672,22721
"(0.7458851447555765, 0.964269276237512)",1,96.28996646436477,22722
"(0.9628689175769612, 0.9749910873440284)",1,96.28953646408988,22723
"(0.8087623896023756, 0.9764666952752286)",1,96.28946960654945,22724
"(0.8753086419753084, 0.9861310021084456)",2,96.28922626256404,22726
"(0.8561103441223091, 0.972045976510262)",1,96.28915845405942,22727
"(0.7802197802197803, 1.0)",1,96.28906984089292,22728
"(0.8942622047218923, 0.9715098411076398)",1,96.28883631704944,22729
"(0.6736022307473716, 0.9861673414304992)",1,96.28875394878676,22730
"(0.8615866942983156, 1.0)",1,96.28855920238442,22731
"(0.9491452991452992, 0.9678176625650188)",1,96.28853695515087,22732
"(0.947035873779261, 0.9679690637004894)",1,96.28849891832104,22733
"(0.8883034087952121, 0.9722222222222222)",1,96.28845963601287,22734
"(0.8272165916646247, 0.9763512865720988)",1,96.28844928198896,22735
"(0.8374874819183264, 0.964269276237512)",1,96.2884396123114,22736
"(0.9528533742496432, 0.9678176625650188)",1,96.28837985067238,22737
"(0.835848883169409, 0.9766918866148322)",1,96.2881105479987,22738
"(0.8587195484254307, 0.9861310021084456)",1,96.28808976280288,22739
"(0.9369808292429718, 0.9916585206907788)",1,96.28801116682573,22740
"(0.8404355452872972, 0.972045976510262)",4,96.28784844082934,22744
"(0.8451478848040399, 0.972045976510262)",1,96.28715529645096,22745
"(0.8193419055822156, 0.9861673414304992)",1,96.2871437119387,22746
"(0.9294287857678706, 0.964269276237512)",1,96.28706489866735,22747
"(0.9153439153439152, 1.0)",1,96.28691749000264,22748
"(0.9302688539530646, 0.964731521366774)",1,96.2868340240847,22749
"(0.8322510822510822, 0.972045976510262)",1,96.28681710398828,22750
"(0.8796475392220073, 1.0)",1,96.28665693015007,22751
"(0.8432903075760217, 1.0)",1,96.28635906654078,22752
"(0.9227792207792208, 0.9678176625650188)",1,96.28612028124596,22753
"(0.8600291387756281, 0.9916585206907788)",1,96.28594537214023,22754
"(0.8390424521630195, 0.9861673414304992)",1,96.28581905494885,22755
"(0.9029270917406512, 0.972420634920635)",1,96.28564870136071,22756
"(0.9057330122004186, 0.9649122807017544)",1,96.2854390512916,22757
"(0.9392111404005912, 0.9751409401578528)",3,96.28454792820546,22760
"(0.8404355452872972, 0.972045976510262)",1,96.28432159443352,22761
"(0.8958208965097509, 0.9916585206907788)",1,96.28393386469152,22762
"(0.8748200797381125, 0.9861310021084456)",1,96.28391101405316,22763
"(0.9610899532226684, 0.9680383516315252)",1,96.28358719323582,22764
"(0.7851227464298004, 0.9766891918497548)",1,96.2835838190003,22765
"(0.9860411258716344, 0.972045976510262)",1,96.28352388393702,22766
"(0.7458851447555765, 0.9764666952752286)",1,96.28349261848228,22767
"(0.8996408045977011, 0.9749910873440284)",1,96.28298433227006,22768
"(0.8876281048778143, 0.9642857142857144)",1,96.28286610276756,22769
"(0.8459744503862151, 0.972045976510262)",1,96.28280741553785,22770
"(0.950431439792024, 0.9644491481508056)",1,96.28267529600612,22771
"(0.8876473063973064, 0.9861673414304992)",1,96.28245489563616,22772
"(0.8148308968977662, 0.972281746031746)",1,96.28240785182142,22773
"(0.4776542240827955, 0.9861673414304992)",1,96.28228782365736,22774
"(0.8676532769556025, 1.0)",1,96.28200230964136,22775
"(0.8592657752039796, 0.972045976510262)",2,96.28184516074842,22777
"(0.9166145507608924, 1.0)",1,96.28176433906656,22778
"(0.8374874819183264, 0.9764666952752286)",1,96.28160981111031,22779
"(0.8597791061504694, 0.9643698138596096)",1,96.28160580454583,22780
"(0.5187734941865547, 0.972281746031746)",4,96.28081930763469,22784
"(0.9199973910846122, 0.9958292603453894)",2,96.28036665950847,22786
"(0.7259530953852703, 0.9643944553313464)",1,96.28017644752596,22787
"(0.7340930674264006, 1.0)",1,96.27997157708988,22788
"(0.8656512412692597, 0.9650450950662368)",1,96.27993054072346,22789
"(0.7109688804604058, 0.972281746031746)",1,96.27976247199814,22790
"(0.8796475392220073, 0.9833229101521784)",1,96.27973019650618,22791
"(0.960666032023912, 0.967895529128406)",1,96.27963210038364,22792
"(0.9310483384791604, 0.972420634920635)",1,96.27955972350524,22793
"(0.9034438470728792, 0.9916585206907788)",1,96.27941959405594,22794
"(0.7907680396814234, 0.9783783586362022)",1,96.2794071143068,22795
"(0.7077308656256025, 1.0)",1,96.279368896191,22796
"(1.0, 1.0)",2,96.27893088778131,22798
"(0.8561103441223091, 0.958109559613319)",1,96.2784340912944,22799
"(0.9110813074094206, 0.9766918866148322)",2,96.27833567882014,22801
"(0.8490208544183524, 0.9861310021084456)",1,96.27824806975931,22802
"(0.8449978636391381, 1.0)",2,96.2781497293425,22804
"(0.7304951237809453, 0.9764666952752286)",2,96.27780660815274,22806
"(0.9153439153439156, 1.0)",1,96.27776787336344,22807
"(0.9000757902741809, 0.9861673414304992)",1,96.2773028585259,22808
"(0.9153127183787562, 0.9861310021084456)",1,96.27728522191816,22809
"(0.8226023448010763, 0.9764666952752286)",1,96.27696570592452,22810
"(0.957036102484472, 0.9645938855657314)",1,96.27688347024564,22811
"(0.9874877810361682, 0.8254391640033368)",1,96.27680401776053,22812
"(0.8420013166556946, 1.0)",1,96.27668167051284,22813
"(0.8404355452872972, 0.972045976510262)",1,96.276588908703,22814
"(0.8311329582337986, 0.972045976510262)",2,96.27643507599043,22816
"(0.861111111111111, 1.0)",1,96.27642319346504,22817
"(0.8312205288949474, 1.0)",1,96.27625341163224,22818
"(0.799275702501509, 1.0)",2,96.27595959630284,22820
"(0.9331814008429188, 0.9650076460904662)",1,96.27558902582614,22821
"(0.8561103441223091, 0.972045976510262)",1,96.27557994065262,22822
"(0.756001848808409, 0.97736482611311)",1,96.27556581842995,22823
"(0.9571428571428572, 0.9609357631051972)",3,96.27548497175168,22826
"(0.9422394177612392, 0.9641028246291404)",1,96.27535256855616,22827
"(0.9751539794803552, 0.975322859337778)",2,96.27528757174944,22829
"(0.9712822597033124, 0.9676485688615069)",2,96.27512444092056,22831
"(0.9250222656674272, 0.9958292603453894)",1,96.27504793523866,22832
"(0.6611718926579557, 0.9861310021084456)",1,96.27493118796492,22833
"(0.8011433416753454, 0.9756756090455873)",1,96.274166262394,22834
"(0.9535144014828052, 0.9645938855657314)",1,96.27416161757216,22835
"(0.9531381014506703, 0.9749052909377262)",1,96.27397647952904,22836
"(0.9425645194066248, 0.9609357631051972)",3,96.27372486309852,22839
"(0.94291309888229, 0.991206314397104)",4,96.2737221228912,22843
"(0.8891825109620656, 0.9739864894555236)",1,96.27369023429142,22844
"(0.8880287817151458, 0.964269276237512)",1,96.273279228202,22845
"(0.9192093318943212, 0.9764666952752286)",1,96.27319074614395,22846
"(0.8110682791635173, 0.9861673414304992)",1,96.27293672542672,22847
"(0.7965746171391332, 1.0)",1,96.27289578881428,22848
"(0.7665484369555701, 0.9764666952752286)",1,96.27274353378507,22849
"(0.8880748880748881, 0.9861310021084456)",1,96.27242098123706,22850
"(0.930124456440246, 0.972045976510262)",1,96.2723110922214,22851
"(0.9580331374974232, 0.9861673414304992)",1,96.27227763465432,22852
"(0.9034438470728792, 0.9958292603453894)",1,96.27210488895358,22853
"(0.8493268538892306, 0.9824126287942077)",3,96.27199940557315,22856
"(0.9374843410636878, 0.9750698637226152)",1,96.27196333714004,22857
"(0.7664480222619757, 0.9764666952752286)",1,96.2718950546513,22858
"(0.933096859926128, 0.9833229101521784)",1,96.27183775312712,22859
"(0.8777335856148074, 0.9780434995701116)",2,96.27158612188752,22861
"(0.8160079573535582, 0.9746617486120284)",1,96.27148311703505,22862
"(0.9574285714285714, 0.9680383516315252)",2,96.27132819274568,22864
"(0.8303529411764705, 0.976470588235294)",1,96.27126712793252,22865
"(0.9609357631051972, 0.9641028246291404)",1,96.2712554176261,22866
"(0.7673678366541239, 0.9764666952752286)",1,96.27123297164388,22867
"(0.8315995778682346, 0.9861673414304992)",1,96.27106634004524,22868
"(0.8848365568890763, 0.9643944553313464)",1,96.27102592044908,22869
"(0.8796475392220073, 1.0)",1,96.27101855055008,22870
"(0.949977467563772, 0.9958292603453894)",1,96.27077786835298,22871
"(0.8880748880748881, 0.972281746031746)",1,96.27074100524756,22872
"(0.8586166985951469, 0.9861673414304992)",1,96.27044860308744,22873
"(0.874047619047619, 0.972045976510262)",1,96.27034146402164,22874
"(0.8594436844505243, 0.9643944553313464)",1,96.27033627934648,22875
"(0.8697983697983697, 1.0)",2,96.2699173683683,22877
"(0.7729389061386163, 0.988167361639188)",1,96.26984854179062,22878
"(0.799275702501509, 1.0)",1,96.26983968376732,22879
"(0.7923306301473605, 0.9643944553313464)",1,96.26980966351884,22880
"(0.9041196741854636, 0.9648252575884156)",1,96.26975121875104,22881
"(0.8495378883833893, 0.9916666666666668)",2,96.26968010916612,22883
"(0.8632321428571428, 0.9715593185206444)",1,96.26953357592384,22884
"(0.9665831244778612, 1.0)",1,96.26952758121168,22885
"(0.837707400507675, 1.0)",1,96.26949693592812,22886
"(0.9326599326599326, 1.0)",1,96.26922803721536,22887
"(0.6907243513029603, 1.0)",2,96.2690736460156,22889
"(0.902898027898028, 0.9722222222222222)",1,96.2690447931956,22890
"(0.9916666666666668, 0.9958292603453894)",1,96.26897860905852,22891
"(0.5626274989800081, 0.9764666952752286)",1,96.26889516893868,22892
"(0.9304496233521656, 0.9861673414304992)",1,96.268098799227,22893
"(0.9009287520039462, 1.0)",1,96.26801696034484,22894
"(0.7979797979797979, 1.0)",1,96.26769211184632,22895
"(0.7109688804604058, 0.972281746031746)",1,96.26741977291049,22896
"(0.7002945207922506, 0.9649122807017544)",1,96.26707995722832,22897
"(0.8877034517510707, 0.972420634920635)",1,96.26701129256304,22898
"(0.7830369357045144, 0.9764666952752286)",1,96.2669001882261,22899
"(0.8459744503862151, 0.972045976510262)",1,96.26663576585032,22900
"(0.789994229453279, 0.9861673414304992)",1,96.2666108253233,22901
"(0.8801420274178757, 0.9643944553313464)",2,96.26648254749746,22903
"(0.8016677935542034, 1.0)",1,96.26634716960687,22904
"(0.9764666952752286, 0.9643944553313464)",1,96.2662538956292,22905
"(0.9227792207792208, 0.9643698138596096)",1,96.26614272303722,22906
"(0.9491452991452992, 0.9645238095238096)",1,96.26595626154769,22907
"(0.9309563801089225, 1.0)",1,96.26594473301112,22908
"(0.8871082621082622, 0.972281746031746)",1,96.26591675911396,22909
"(0.7837606837606838, 0.9861673414304992)",1,96.26580397494968,22910
"(0.9396279975262144, 0.9609357631051972)",1,96.2656769315022,22911
"(0.4039045743444857, 0.9882048106149588)",2,96.26549238385904,22913
"(0.9829909379735984, 0.9788980434141724)",1,96.26549032990796,22914
"(0.8266173510466989, 1.0)",2,96.26544296791324,22916
"(0.9445235834124724, 1.0)",1,96.26527028787322,22917
"(0.8835857110930401, 0.9764666952752286)",1,96.26523209429112,22918
"(0.8848365568890763, 0.9643944553313464)",2,96.2651855570475,22920
"(0.9110813074094206, 0.9766918866148322)",1,96.264976056079,22921
"(0.8428883536673643, 0.9736842105263158)",1,96.26477666253864,22922
"(0.9157097551404952, 0.9916585206907788)",1,96.26471934009464,22923
"(0.8085259100433108, 0.9861673414304992)",4,96.26471405778229,22927
"(0.9665831244778612, 0.9833229101521784)",1,96.26427083905352,22928
"(0.7786375661375661, 1.0)",1,96.26421020581884,22929
"(0.9499687304565352, 0.9833229101521784)",1,96.26407860224772,22930
"(0.8029092456511812, 0.9770270060509648)",1,96.26398031925086,22931
"(0.8743078626799556, 0.9861310021084456)",2,96.2637325965508,22933
"(0.9396279975262144, 0.960851077856154)",6,96.26327139247928,22939
"(0.8760238095238095, 0.9874877810361682)",1,96.26311781066384,22940
"(0.7401844059863599, 0.9861673414304992)",1,96.26306146385288,22941
"(0.7453091184935634, 0.9691818330194464)",1,96.26302916789145,22942
"(0.8563094906941128, 0.9648252575884156)",1,96.26190028515866,22943
"(0.6992775742775743, 0.9861673414304992)",1,96.26180445730468,22944
"(0.9288982963016116, 0.9716190476190476)",3,96.26163020483352,22947
"(0.9160323884095494, 0.9610153569597296)",1,96.2615800069902,22948
"(0.8633407843934159, 0.9736842105263158)",6,96.26150639648978,22954
"(0.9873891625615764, 0.8285764423099626)",1,96.26144771691102,22955
"(0.8302521188212798, 0.9780434995701116)",3,96.26121797224818,22958
"(0.8329339143064635, 0.9861673414304992)",1,96.26097438713208,22959
"(0.9061764476533613, 0.9709091551138268)",1,96.26089588899616,22960
"(0.8747625830959164, 0.9861673414304992)",1,96.2603891226187,22961
"(0.8435010386583575, 0.972281746031746)",1,96.26038265962804,22962
"(0.757745166550198, 1.0)",1,96.2602502204926,22963
"(0.7780625367430922, 0.9861673414304992)",4,96.25902763830469,22967
"(0.8584175084175085, 0.972420634920635)",1,96.25878943591503,22968
"(0.8374874819183264, 0.9764666952752286)",1,96.25876661069232,22969
"(0.9833229101521784, 1.0)",1,96.25860385209896,22970
"(0.8178752003946232, 1.0)",1,96.2581834464602,22971
"(0.8596618357487924, 0.9861673414304992)",1,96.2579602520122,22972
"(0.9860411258716344, 0.972045976510262)",1,96.25767983887803,22973
"(0.9490213526488036, 0.9876066164491212)",1,96.25749654741658,22974
"(0.8333192389006343, 0.9766918866148322)",1,96.25736386382545,22975
"(0.8326036088194143, 0.972045976510262)",1,96.25726634523195,22976
"(0.7854212454212455, 0.9722222222222222)",1,96.25715819885892,22977
"(0.9364970967817766, 0.9644491481508056)",1,96.25708143776944,22978
"(0.81893131227901, 1.0)",1,96.2570733962436,22979
"(0.902898027898028, 0.9861310021084456)",1,96.25686665781902,22980
"(0.934065934065934, 0.9833229101521784)",1,96.25622963993452,22981
"(0.8843764852418178, 0.9764666952752286)",1,96.2562233185824,22982
"(0.8221871747362275, 0.974999931519232)",1,96.25604963212398,22983
"(0.8676532769556025, 1.0)",1,96.25585673663664,22984
"(0.8292352872388802, 0.9756750537792352)",1,96.2555852205786,22985
"(0.9154520780570968, 0.966695198118348)",1,96.2555836649807,22986
"(0.8753086419753084, 0.9722222222222222)",1,96.25554467528303,22987
"(0.8734313112361893, 0.972045976510262)",1,96.25520541466771,22988
"(0.9429917021753756, 0.9749692931061258)",1,96.25515333455552,22989
"(0.9161952650324744, 1.0)",1,96.25511115547096,22990
"(0.865587044534413, 0.9736842105263158)",1,96.25507081083036,22991
"(0.8876281048778143, 0.960666032023912)",1,96.25503022452364,22992
"(0.6698155645524068, 1.0)",2,96.254914802597,22994
"(0.9299160159815896, 1.0)",2,96.25486534931056,22996
"(0.8581022152450725, 0.9861310021084456)",2,96.2546006261288,22998
"(0.975195619792394, 0.9916585206907788)",1,96.25459397015148,22999
"(0.8726893261776982, 0.9764666952752286)",2,96.25436322360588,23001
"(0.9082051469489508, 0.9604782992262008)",3,96.25406874891544,23004
"(0.987491854024112, 0.983002438174852)",2,96.25405467400412,23006
"(0.7323163951070927, 0.9538370349708868)",1,96.25390198873984,23007
"(0.9450323339212228, 0.958109559613319)",1,96.25363405249875,23008
"(0.8884797556713653, 0.9748524098350704)",1,96.253512543854,23009
"(0.9146901709401708, 0.972281746031746)",1,96.2533008680333,23010
"(0.7803195571784078, 0.9736842105263158)",1,96.25310737866712,23011
"(0.874047619047619, 0.972045976510262)",1,96.25288660819206,23012
"(0.874450386215092, 0.972281746031746)",1,96.25244406409442,23013
"(0.7632275132275131, 1.0)",2,96.25242357689434,23015
"(0.9498370804822418, 0.9794026284348863)",1,96.25228509161494,23016
"(0.9874877810361682, 0.987495927012056)",2,96.25217785317844,23018
"(0.7280584513944579, 0.9861673414304992)",1,96.25212361623164,23019
"(0.9365496267832196, 0.9916585206907788)",1,96.25211776617908,23020
"(0.7708796965987909, 0.9861673414304992)",1,96.2521170084528,23021
"(0.9643944553313464, 0.9764666952752286)",1,96.2520968081184,23022
"(0.8449978636391381, 1.0)",1,96.25208928774444,23023
"(0.4776542240827955, 1.0)",1,96.25195413323152,23024
"(0.7168719671519223, 0.991206314397104)",4,96.25175055238483,23028
"(0.9227792207792208, 0.9642857142857144)",1,96.25140223851815,23029
"(0.8329339143064635, 0.9861673414304992)",1,96.25138503778103,23030
"(0.9294287857678706, 0.964269276237512)",1,96.25108010348848,23031
"(0.939055706563049, 0.9645238095238096)",1,96.25107484499031,23032
"(0.9288982963016116, 0.9751409401578528)",1,96.2506968978956,23033
"(0.8495378883833893, 0.9958292603453894)",1,96.25056515215635,23034
"(0.874450386215092, 0.972281746031746)",1,96.24998970151752,23035
"(0.8751159006478155, 0.972045976510262)",1,96.2498687946532,23036
"(0.7323163951070927, 0.9538370349708868)",1,96.24986178324568,23037
"(0.9497171590194848, 0.9833229101521784)",1,96.24971980142791,23038
"(0.950431439792024, 0.9643698138596096)",1,96.24968609685516,23039
"(0.8506653943511476, 0.9735486410250802)",1,96.2494190965286,23040
"(0.8587195484254307, 0.9861310021084456)",1,96.24936033850666,23041
"(0.7481666755361609, 0.964269276237512)",1,96.24919520695072,23042
"(0.8890432098765432, 0.9861673414304992)",1,96.2491698540885,23043
"(0.8705155862492784, 0.9749999771730772)",1,96.2491480820172,23044
"(0.9643698138596096, 0.9751409401578528)",2,96.24907550424368,23046
"(0.7440767664806348, 0.964269276237512)",1,96.24906770323976,23047
"(0.9860411258716344, 0.972045976510262)",4,96.2490570662778,23051
"(0.900983347688774, 0.9861673414304992)",4,96.24860256214744,23055
"(0.7060994560994561, 1.0)",1,96.24848843132224,23056
"(0.861111111111111, 0.9833229101521784)",1,96.24835117354104,23057
"(0.8003813092161745, 0.97495917428555)",1,96.24797429521183,23058
"(0.8594436844505243, 0.9643944553313464)",1,96.24787729914064,23059
"(0.8130477958637364, 0.969334154098697)",1,96.24776409459064,23060
"(0.9012059369202228, 0.9749910873440284)",1,96.24757740186516,23061
"(0.843845350684385, 0.9751409401578528)",3,96.2475297067569,23064
"(0.7864381427049374, 0.976688808720982)",1,96.24724742971958,23065
"(0.8581086546083114, 0.9722222222222222)",1,96.24702266300086,23066
"(0.8726893261776982, 0.9766918866148322)",1,96.24683863122482,23067
"(0.9504245882013664, 0.9831777451938742)",1,96.24678712989416,23068
"(0.8604872251931075, 0.958109559613319)",1,96.24641177639936,23069
"(0.8592657752039796, 0.972045976510262)",1,96.24626916113183,23070
"(0.9535144014828052, 0.9716190476190476)",1,96.24616801380972,23071
"(0.9297564829445116, 0.9716751084525852)",1,96.24602910898528,23072
"(0.8329339143064635, 0.972420634920635)",1,96.24593243769895,23073
"(0.8044914258149553, 0.9861310021084456)",1,96.24586740582647,23074
"(0.8753086419753084, 0.9861310021084456)",1,96.245840569674,23075
"(0.9348222545262322, 0.9645938855657314)",1,96.24577326991866,23076
"(0.8374727668845315, 0.9665831244778612)",1,96.2456802722029,23077
"(0.7447170736590969, 0.9780434995701116)",1,96.24567480130258,23078
"(0.7023478891305559, 0.9764666952752286)",1,96.245531890694,23079
"(0.9154520780570968, 0.9707340687985848)",1,96.24548910735164,23080
"(0.9491452991452992, 0.9678176625650188)",1,96.24538654816844,23081
"(0.8876281048778143, 0.9607612022680516)",1,96.24504565873664,23082
"(0.9427148033126296, 0.9751915907925552)",1,96.24486421603874,23083
"(0.8013184398461819, 0.9650076460904662)",1,96.24475464528486,23084
"(0.9584385644218804, 0.972045976510262)",1,96.24455745156428,23085
"(0.8795903283708161, 0.9676485688615069)",1,96.24446157338248,23086
"(0.8416827657517105, 0.9722222222222222)",1,96.24444782630432,23087
"(0.8887419165196944, 0.958109559613319)",1,96.2443993308818,23088
"(0.8148308968977662, 0.972281746031746)",1,96.24433964313694,23089
"(0.9297812306740878, 1.0)",1,96.24413064490776,23090
"(0.9123573595262168, 0.9787142857142856)",3,96.24399424346646,23093
"(0.8468089381754635, 1.0)",1,96.24383516224418,23094
"(0.9162596992611264, 0.972045976510262)",1,96.24377009752692,23095
"(0.9497171590194846, 0.9833229101521784)",1,96.24365151171703,23096
"(0.960851077856154, 0.9680383516315252)",1,96.24360053624648,23097
"(0.945600047211127, 0.9678176625650188)",1,96.24342414751465,23098
"(0.6784722222222224, 1.0)",4,96.2434066485761,23102
"(0.852, 0.9749910873440284)",1,96.24329824856748,23103
"(0.838301471154743, 0.972045976510262)",1,96.24304507203756,23104
"(0.8703996834190741, 0.9648252575884156)",3,96.24280625430006,23107
"(0.9294287857678706, 0.9528125324922884)",1,96.24278168363472,23108
"(0.8887419165196944, 0.972045976510262)",1,96.24277489403192,23109
"(0.6892156862745098, 0.9861673414304992)",1,96.24277189317642,23110
"(0.7820135271430143, 0.9643944553313464)",1,96.24234370244288,23111
"(0.8055362654320989, 0.9861673414304992)",1,96.24231473532454,23112
"(0.9240041208791208, 0.9749910873440284)",1,96.24168579837676,23113
"(0.8801420274178757, 0.9643944553313464)",1,96.24144483037264,23114
"(0.934065934065934, 0.9833229101521784)",1,96.24142741094823,23115
"(0.931200007971039, 0.983545503234046)",1,96.24118308825182,23116
"(0.8085976872468708, 0.9861310021084456)",1,96.24103034595991,23117
"(0.7060994560994561, 1.0)",1,96.24094947504692,23118
"(0.9833229101521784, 1.0)",1,96.24079078561182,23119
"(0.8027044799462303, 0.9760134176940602)",1,96.24074843321736,23120
"(0.9623066688389268, 0.9433972334281931)",1,96.24060836737466,23121
"(0.8229870141950848, 0.972281746031746)",1,96.24013216124156,23122
"(0.9309563801089225, 0.972281746031746)",1,96.2399280646514,23123
"(0.8581022152450725, 0.972045976510262)",1,96.2396100322392,23124
"(0.9574285714285714, 0.9645938855657314)",1,96.23927962982256,23125
"(0.4827246972385666, 0.9758777250199286)",1,96.23913516352329,23126
"(0.9294287857678706, 0.964269276237512)",2,96.2391311914512,23128
"(0.8843764852418178, 0.9650076460904662)",1,96.23904719301706,23129
"(0.8456272791248162, 0.9642857142857144)",1,96.23896285236728,23130
"(0.9302688539530646, 0.964731521366774)",1,96.23889946296346,23131
"(0.9061764476533613, 0.9708005055934128)",1,96.2386752393098,23132
"(0.8653198653198653, 1.0)",2,96.23860158386826,23134
"(0.8726893261776982, 0.9764666952752286)",1,96.23855536936756,23135
"(0.8736897274633123, 1.0)",1,96.2381179886818,23136
"(0.9153439153439156, 0.9665831244778612)",1,96.23795275454476,23137
"(0.8715701474388204, 0.972045976510262)",1,96.23787457705892,23138
"(0.9164652836623464, 1.0)",1,96.23769610910112,23139
"(0.9452474337657768, 0.9707210352371642)",1,96.2373557736878,23140
"(0.9677353740627908, 0.9604593619418418)",1,96.23735035052216,23141
"(0.9303901487133776, 0.9641967520703932)",1,96.23730330999337,23142
"(0.8318916467605246, 0.9756756090457394)",1,96.23706766691726,23143
"(0.960666032023912, 0.985747925543844)",1,96.23695294298052,23144
"(0.9379369827374928, 0.9678176625650188)",1,96.2368297016798,23145
"(0.9223799456357596, 0.9764666952752286)",2,96.23668345985926,23147
"(0.8518774267621343, 0.9764666952752286)",1,96.23632067082907,23148
"(0.9121882418656614, 0.987463247273494)",1,96.23611874191543,23149
"(0.8685314685314685, 0.9643944553313464)",1,96.23606667978768,23150
"(0.8755069547906272, 0.9735486410250802)",1,96.23598049609932,23151
"(0.8524016298728943, 0.9790755481078064)",1,96.23591642501287,23152
"(0.8916052423523688, 0.9835199925522506)",2,96.2355835024047,23154
"(0.8662655059929975, 0.9692608993981562)",3,96.23557990764267,23157
"(0.7372334455667788, 1.0)",1,96.2353080819152,23158
"(0.9392111404005912, 0.9716190476190476)",1,96.23524186587,23159
"(0.9224996008939976, 0.9622598627787308)",1,96.2351591058246,23160
"(0.8685314685314685, 0.9643944553313464)",4,96.2351584986313,23164
"(0.939055706563049, 0.960851077856154)",3,96.23512483629202,23167
"(0.8621031746031745, 0.9861310021084456)",1,96.23475522799043,23168
"(0.7665484369555701, 0.9764666952752286)",1,96.23442959021573,23169
"(0.813515418166581, 0.9766918866148322)",1,96.23438510559926,23170
"(0.9080024622960912, 0.9736842105263158)",3,96.23423787775286,23173
"(0.9833040078201368, 0.9916585206907788)",2,96.23419290748043,23175
"(0.8475002808673183, 0.9861673414304992)",2,96.23412682825796,23177
"(0.5070372093557577, 0.972281746031746)",1,96.23331348650451,23178
"(0.9022759891180944, 0.972045976510262)",1,96.23295601343784,23179
"(0.9450323339212228, 0.972045976510262)",1,96.23278032227834,23180
"(0.7323695788812067, 0.9766918866148322)",1,96.23254919871816,23181
"(0.8632321428571428, 0.971495851087688)",1,96.2324785523098,23182
"(0.8130477958637364, 0.9780434995701116)",1,96.23211175055047,23183
"(0.9506883741258744, 0.9644491481508056)",3,96.23192636635444,23186
"(0.9133603670301071, 0.9648252575884156)",3,96.23189981132889,23189
"(0.9184901612842788, 0.9710199925522506)",1,96.2313935627169,23190
"(0.893146638589877, 1.0)",1,96.2311081279046,23191
"(0.7891673497098101, 0.9824126287942077)",3,96.23104669030748,23194
"(0.90224161204236, 0.9861310021084456)",1,96.2307947382319,23195
"(0.8898894074675324, 0.9644491481508056)",2,96.23077742646608,23197
"(0.8942622047218923, 0.9626427374356444)",2,96.23072160745294,23199
"(0.8685314685314685, 0.9764666952752286)",1,96.2305016340662,23200
"(0.9680383516315252, 0.9641028246291404)",1,96.23048578387886,23201
"(0.5874751891549204, 0.9824126287942077)",1,96.23032053909851,23202
"(0.8592657752039796, 0.972045976510262)",1,96.23026635365154,23203
"(0.930124456440246, 0.972045976510262)",1,96.23018340405343,23204
"(0.960851077856154, 0.9680383516315252)",3,96.22979497966983,23207
"(0.8432903075760217, 1.0)",1,96.22957480761193,23208
"(0.9, 1.0)",1,96.22938427016538,23209
"(0.7344692811916678, 1.0)",1,96.22934705140764,23210
"(0.9610153569597296, 0.9680383516315252)",2,96.22934657218607,23212
"(0.8148308968977662, 0.972281746031746)",1,96.22930391993062,23213
"(0.7709171448706333, 0.9643944553313464)",1,96.22922033482138,23214
"(0.7687400318979267, 1.0)",2,96.22917438087042,23216
"(0.9110813074094206, 0.9764666952752286)",1,96.229142961115,23217
"(0.8742516398330352, 0.9643944553313464)",1,96.22912275471214,23218
"(0.8972301136363636, 0.9644491481508056)",3,96.22876174706796,23221
"(0.7084717607973421, 0.9766918866148322)",1,96.22824723174868,23222
"(0.4794373036867545, 0.9797278136598124)",1,96.22823185218827,23223
"(0.5187734941865547, 0.972281746031746)",2,96.22800119372346,23225
"(0.7232509195619923, 0.9753378293934332)",1,96.2279999445376,23226
"(0.952999227799228, 0.9678176625650188)",1,96.22796927583416,23227
"(0.8312205288949474, 1.0)",1,96.22783496829136,23228
"(0.7823116219667945, 0.9861673414304992)",1,96.22762152916636,23229
"(0.8395301149279116, 0.9764666952752286)",2,96.22751395363608,23231
"(0.939055706563049, 0.9645938855657314)",1,96.22750577039916,23232
"(0.8702889400021048, 0.9644491481508056)",1,96.22750263272523,23233
"(0.960851077856154, 0.9644491481508056)",3,96.22737839021286,23236
"(0.9030369290573372, 0.9749692931061258)",3,96.22734133890656,23239
"(0.6933160650937552, 0.9764666952752286)",1,96.22730230252748,23240
"(0.5853182863855046, 0.979053365520508)",1,96.22729051050212,23241
"(0.7023478891305559, 0.9650076460904662)",1,96.2272004444196,23242
"(0.9369138996969484, 0.9746494586643772)",1,96.22675302567296,23243
"(0.9535144014828052, 0.9645938855657314)",1,96.2265030429566,23244
"(0.927082576248316, 0.9874877810361682)",1,96.2263902642499,23245
"(0.7401844059863599, 0.9861673414304992)",1,96.22626441525048,23246
"(0.9029281534808432, 0.9861673414304992)",1,96.2259610030952,23247
"(0.8895939931776995, 0.9622598627787308)",1,96.22593469145468,23248
"(1.0, 1.0)",1,96.22544665578468,23249
"(0.765692887308966, 0.9861310021084456)",1,96.22543426518835,23250
"(0.8226023448010763, 0.9764666952752286)",1,96.2254022792526,23251
"(0.7708796965987909, 0.9861673414304992)",1,96.22533648515162,23252
"(0.8310777799491891, 1.0)",1,96.2252498985677,23253
"(0.934122934122934, 1.0)",2,96.22508298689598,23255
"(0.8814591883264935, 0.9643944553313464)",2,96.22503156228444,23257
"(0.94993894993895, 1.0)",1,96.22497704979472,23258
"(0.9199973910846122, 0.987463247273494)",1,96.22495187278967,23259
"(0.8610715260301386, 0.9764666952752286)",1,96.2247201017055,23260
"(0.8547756205106323, 1.0)",1,96.22469689213447,23261
"(0.9491452991452992, 0.9643698138596096)",1,96.22435950020314,23262
"(0.7602193829089683, 0.9764666952752286)",1,96.22435943095316,23263
"(0.6992775742775743, 0.9861310021084456)",1,96.22427068684036,23264
"(0.8847822547822548, 0.9861673414304992)",1,96.22426685093392,23265
"(1.0, 1.0)",1,96.22408849982678,23266
"(0.5555555555555555, 1.0)",1,96.22408481746324,23267
"(0.6736022307473716, 0.9861673414304992)",1,96.22372041640872,23268
"(0.8420013166556946, 1.0)",1,96.22369227709434,23269
"(0.917955241105926, 0.9609357631051972)",1,96.2234843828033,23270
"(0.8329339143064635, 0.9861673414304992)",1,96.22347478333792,23271
"(0.4423707251851418, 0.9861310021084456)",1,96.2234553184162,23272
"(0.8824350378406377, 0.9648252575884156)",3,96.2234547347382,23275
"(0.8043167829966709, 0.9736485764662176)",1,96.22322623519376,23276
"(0.7323163951070927, 0.9764666952752286)",1,96.22317693505596,23277
"(0.8958208965097509, 0.9835457516339868)",1,96.22288762000758,23278
"(0.8702889400021048, 0.9610899532226684)",1,96.22274429518792,23279
"(0.8621031746031745, 0.9861310021084456)",2,96.22265482939468,23281
"(0.9299160159815896, 0.9861673414304992)",1,96.22260732493696,23282
"(0.7393955720057585, 0.9760135162511973)",1,96.22241833962715,23283
"(0.6444891298012474, 0.972281746031746)",1,96.22235937950283,23284
"(0.9153439153439152, 1.0)",1,96.22228370892516,23285
"(0.9310483384791604, 0.972420634920635)",1,96.22227150022148,23286
"(0.8098502304147466, 0.9749910873440284)",1,96.22223139160636,23287
"(0.8880984643179766, 1.0)",1,96.221511372037,23288
"(0.8547756205106323, 1.0)",1,96.22111404810433,23289
"(0.8592657752039796, 0.972045976510262)",1,96.22096939903864,23290
"(0.9792521035784794, 0.9958292603453894)",1,96.22063414749128,23291
"(0.844988344988345, 1.0)",1,96.22038572737311,23292
"(0.7962102115226081, 0.988167361639188)",1,96.2203744989156,23293
"(0.8883034087952121, 0.9861310021084456)",1,96.22037136745622,23294
"(0.8592657752039796, 0.958109559613319)",1,96.2203022945678,23295
"(0.7578328648096089, 0.988167361639188)",1,96.22002849180176,23296
"(0.6384521701955596, 0.991206314397104)",1,96.2199922484797,23297
"(0.8518774267621343, 0.9764666952752286)",2,96.21992126483656,23299
"(0.962505246140658, 0.9825142178083354)",2,96.2197558041304,23301
"(0.8266173510466989, 1.0)",2,96.2196107978262,23303
"(0.9445235834124724, 1.0)",2,96.21939633409538,23305
"(0.9609357631051972, 0.9677353740627908)",1,96.21927772883676,23306
"(0.8128441201209393, 0.9758777250199286)",1,96.21922865449,23307
"(0.9361428571428572, 0.9609357631051972)",5,96.21894971229796,23312
"(0.9223799456357596, 0.9764666952752286)",1,96.21884532014344,23313
"(0.9227792207792208, 0.9678176625650188)",1,96.2187503335794,23314
"(0.8813457860512559, 0.9958292603453894)",1,96.21867270937896,23315
"(0.9574285714285714, 0.9681034738761426)",2,96.21855105234717,23317
"(0.8136244723706807, 0.9643944553313464)",1,96.21836701685156,23318
"(0.5298383152258895, 0.983748857020046)",1,96.2183464813566,23319
"(0.6173922423091859, 0.9643944553313464)",1,96.2183251953033,23320
"(0.9189485013229876, 0.9678176625650188)",1,96.21832223472498,23321
"(0.9026337658413128, 0.9722222222222222)",1,96.21797642851706,23322
"(0.902192297684101, 0.972420634920635)",1,96.21792269460758,23323
"(0.7664480222619757, 0.9643944553313464)",1,96.217855087561,23324
"(0.94484126984127, 0.9861673414304992)",2,96.2178169334436,23326
"(0.8621031746031745, 0.9861310021084456)",1,96.2177697071967,23327
"(0.9665831244778612, 1.0)",1,96.2174019124096,23328
"(0.9018806250259218, 1.0)",2,96.21698484125972,23330
"(0.8976982097186702, 1.0)",1,96.2168413438131,23331
"(0.9571428571428572, 0.9646594592893336)",1,96.21681706702697,23332
"(0.424546256663045, 0.9713574016563148)",1,96.21680880059009,23333
"(0.9235929095176316, 0.9644491481508056)",1,96.2167358761838,23334
"(0.4423707251851418, 0.9861310021084456)",1,96.21667784527791,23335
"(0.8124923632552741, 0.9861673414304992)",1,96.21661697165608,23336
"(0.8736897274633123, 1.0)",1,96.21644353267328,23337
"(0.8221762134805614, 0.972045976510262)",1,96.21629770813746,23338
"(0.8846362470895226, 0.9641028246291404)",1,96.21627424246576,23339
"(0.8932254623044097, 0.9648252575884156)",1,96.21619494044516,23340
"(0.4667544811866356, 0.9847961778883958)",1,96.21619081708188,23341
"(0.9640038239043044, 0.9640038239043044)",1,96.21617328272856,23342
"(0.9536268754076972, 0.9644491481508056)",2,96.21605587423711,23344
"(0.917283950617284, 0.9861673414304992)",1,96.2158717415972,23345
"(0.8221762134805614, 0.972045976510262)",1,96.21577153734388,23346
"(0.9294287857678706, 0.964269276237512)",1,96.21576977004472,23347
"(0.9073492428586464, 0.97502985598876)",1,96.21560847977712,23348
"(0.6020449077786688, 0.988167361639188)",1,96.21556658714844,23349
"(0.861111111111111, 0.9833229101521784)",2,96.21545556360968,23351
"(0.8581022152450725, 0.972045976510262)",1,96.21538363555236,23352
"(0.9073492428586464, 0.978518051242236)",1,96.21514756160512,23353
"(0.8715701474388204, 0.972281746031746)",1,96.21459190691156,23354
"(0.7404350561362756, 0.9861310021084456)",1,96.21430787942737,23355
"(0.8852629578963369, 0.972045976510262)",1,96.21429317003135,23356
"(0.9860411258716344, 0.972045976510262)",1,96.21427607744232,23357
"(0.9833229101521784, 1.0)",1,96.21423240745511,23358
"(0.9497439544807966, 0.9645938855657314)",1,96.21409028575788,23359
"(0.4468328406505846, 0.9861673414304992)",1,96.21361199258212,23360
"(0.9114524689663732, 0.9873891625615764)",1,96.21361178375793,23361
"(0.9303901487133776, 0.9607612022680516)",1,96.21297619535048,23362
"(0.7602193829089683, 0.9764666952752286)",1,96.21293783074417,23363
"(0.8435371534737285, 0.9643944553313464)",2,96.21278729456242,23365
"(0.7823116219667945, 0.972420634920635)",1,96.21262364305036,23366
"(0.9228120179844318, 0.9746576046402652)",1,96.2125175441003,23367
"(0.9188863189008992, 0.941454716296154)",1,96.21248000824036,23368
"(0.8097000243032949, 0.9736486486486486)",1,96.21230950483516,23369
"(0.7011326523521645, 0.972045976510262)",1,96.2121060288178,23370
"(0.9500975805767078, 0.9958292603453894)",1,96.211710475907,23371
"(0.8296618357487922, 0.972281746031746)",1,96.21167356326184,23372
"(0.7923306301473605, 0.9764666952752286)",1,96.21156545390798,23373
"(0.813515418166581, 0.9766918866148322)",1,96.21144991192442,23374
"(0.9793747635794354, 0.8087716932325226)",1,96.21144450125584,23375
"(0.9167853751187084, 1.0)",1,96.21109491526757,23376
"(0.9045708198051948, 0.9680383516315252)",2,96.2110671419426,23378
"(0.8976982097186702, 1.0)",1,96.21078272493756,23379
"(0.9155669599217986, 0.9861310021084456)",1,96.21068608287922,23380
"(0.9022759891180944, 0.972045976510262)",1,96.21065664632964,23381
"(0.9647058823529412, 0.9289986228605154)",1,96.21059809619192,23382
"(0.9539751547184644, 0.967947672152344)",2,96.21045767143607,23384
"(0.8715701474388204, 0.972281746031746)",1,96.21035949005216,23385
"(0.7410141554411331, 0.972281746031746)",1,96.21026667360232,23386
"(0.8561103441223091, 0.958109559613319)",1,96.2101164571588,23387
"(0.9497171590194848, 1.0)",1,96.21005805646126,23388
"(0.8881195335276969, 0.9644491481508056)",3,96.21004921875804,23391
"(0.8645256232686982, 0.9824126287942077)",3,96.20981935356129,23394
"(0.8065954953750508, 1.0)",1,96.20980850392873,23395
"(0.9490213526488036, 0.9876066164491212)",1,96.20954613722364,23396
"(0.903907191101469, 0.9644491481508056)",1,96.2094601166612,23397
"(0.8766640111271459, 0.9644491481508056)",1,96.20914912844482,23398
"(0.4523958281268222, 0.9861310021084456)",1,96.20902783100853,23399
"(0.9388917411828462, 0.9644491481508056)",2,96.209001314222,23401
"(0.903907191101469, 0.9680383516315252)",3,96.20894023996236,23404
"(0.8814591883264935, 0.9643944553313464)",1,96.20875116728767,23405
"(0.9609357631051972, 0.9712030591234436)",1,96.20859707911906,23406
"(0.930124456440246, 0.972420634920635)",1,96.20852911423972,23407
"(0.8451478848040399, 0.972045976510262)",1,96.2083814567896,23408
"(0.92132700797001, 0.9748524098350704)",1,96.20835550968896,23409
"(0.9169719169719168, 1.0)",1,96.20822381955584,23410
"(0.9497171590194846, 1.0)",1,96.20781171175685,23411
"(0.8958208965097509, 0.9916585206907788)",1,96.2077506852993,23412
"(0.874047619047619, 0.972045976510262)",1,96.20759289032154,23413
"(0.9361428571428572, 0.9644491481508056)",1,96.207401676208,23414
"(0.8761383419447936, 0.96637279088892)",1,96.2072687761154,23415
"(0.8311329582337986, 0.972045976510262)",1,96.2072189250118,23416
"(0.9425645194066248, 0.9609357631051972)",1,96.20714849567868,23417
"(0.8976982097186702, 1.0)",1,96.2071212608039,23418
"(0.6825396825396824, 1.0)",1,96.20706018706298,23419
"(0.9665831244778612, 1.0)",1,96.20676031894396,23420
"(0.9436368312757202, 0.9861310021084456)",1,96.20648626602564,23421
"(0.8796475392220073, 1.0)",1,96.20640834139677,23422
"(0.8702889400021048, 0.9610153569597296)",1,96.2063137865326,23423
"(0.8082530156998243, 0.9722222222222222)",1,96.2060306857353,23424
"(0.9645238095238096, 0.9641967520703932)",1,96.20568404366496,23425
"(0.9146779555619334, 0.960851077856154)",6,96.20564863406284,23431
"(0.7615072500907597, 0.9764666952752286)",1,96.20550808994123,23432
"(0.987463247273494, 0.9796499948224086)",1,96.20541041022943,23433
"(0.8475002808673183, 0.972420634920635)",1,96.20521816145924,23434
"(0.9374843410636878, 0.9791258409522168)",1,96.20519019729372,23435
"(0.9294287857678706, 0.964269276237512)",1,96.20471602583568,23436
"(0.9303901487133776, 0.9641028246291404)",1,96.20461061495696,23437
"(0.8435371534737285, 0.9643944553313464)",1,96.2045837663333,23438
"(0.9294287857678706, 0.964269276237512)",1,96.20426072686782,23439
"(0.9466127311522048, 0.9823657606833868)",1,96.20397956101787,23440
"(0.9154520780570968, 0.9665735150365132)",1,96.2039322263625,23441
"(0.9416255449494996, 0.9873444118605408)",1,96.20391797176318,23442
"(0.9392111404005912, 0.9645938855657314)",1,96.20389671899171,23443
"(0.683178560611297, 0.9773643610828512)",1,96.2035404976038,23444
"(0.7243716931216932, 0.958109559613319)",1,96.20348032379631,23445
"(0.9471243233098142, 0.9680383516315252)",1,96.2034339459326,23446
"(0.9224996008939976, 0.9749910873440284)",1,96.20318457021622,23447
"(0.8722751392320632, 0.9726350882859128)",1,96.20308642991924,23448
"(0.8916138279602192, 0.9680383516315252)",3,96.2030054808608,23451
"(0.4366033352371548, 0.9800641880609514)",1,96.20298461122492,23452
"(0.939866291344124, 0.9644491481508056)",1,96.2026355346107,23453
"(0.9833229101521784, 1.0)",1,96.20256941938612,23454
"(0.987463247273494, 0.8211250551730991)",1,96.20252995959014,23455
"(0.934065934065934, 0.9833229101521784)",1,96.20239390934864,23456
"(0.8558852999963277, 0.9764666952752286)",1,96.20239052517611,23457
"(0.7943622269203664, 0.9764666952752286)",1,96.20228173846388,23458
"(0.8013184398461819, 0.9764666952752286)",1,96.20148445320038,23459
"(0.978621888315766, 0.9676485688615069)",1,96.20135530729944,23460
"(0.8874679030103783, 0.9716204555567453)",1,96.20128009143696,23461
"(0.6575398846941737, 1.0)",1,96.20086019564116,23462
"(0.7923306301473605, 0.9643944553313464)",1,96.20085763674574,23463
"(0.8916138279602192, 0.9713574016563148)",1,96.20061381734762,23464
"(0.8976982097186702, 1.0)",1,96.20059922202636,23465
"(0.9365496267832196, 0.9916625936787228)",1,96.20055878611456,23466
"(0.5685296942699924, 0.9824312532174642)",1,96.20049717410843,23467
"(0.8393264911275135, 0.9743239726611898)",1,96.20031922290336,23468
"(0.8955173107890498, 0.9749910873440284)",1,96.20023332896132,23469
"(0.933096859926128, 0.9833229101521784)",2,96.19996278700653,23471
"(0.8306479779411763, 0.9749910873440284)",1,96.19982571998727,23472
"(0.7440767664806348, 0.964269276237512)",1,96.19951634344558,23473
"(0.6870644599303137, 0.9861310021084456)",1,96.19939095524408,23474
"(0.8715701474388204, 0.972045976510262)",1,96.1992843505847,23475
"(0.9531381014506703, 0.9712030591234436)",1,96.19920859145944,23476
"(0.9574285714285714, 0.9575126626788776)",3,96.199075497695,23479
"(0.9082051469489508, 0.9692608993981562)",1,96.19900245935897,23480
"(0.9584987529902784, 1.0)",2,96.1989639960738,23482
"(0.9309563801089225, 0.972281746031746)",1,96.1989099252242,23483
"(0.8929015655249481, 0.9876066164491212)",1,96.19888357654308,23484
"(0.9073492428586464, 0.9642857142857144)",1,96.19883679962248,23485
"(0.8404355452872972, 0.958109559613319)",1,96.19862545350952,23486
"(0.9792521035784794, 0.983545503234046)",1,96.19848236042314,23487
"(0.874047619047619, 0.972045976510262)",1,96.19847934822472,23488
"(0.90224161204236, 0.9861310021084456)",1,96.19847716722612,23489
"(0.8947046219773493, 0.9758777250199286)",1,96.19842667545944,23490
"(0.9279680209218476, 0.9874877810361682)",1,96.19823304700576,23491
"(0.4039045743444857, 1.0)",1,96.1981064114958,23492
"(0.9082051469489508, 0.9648252575884156)",1,96.19808826423942,23493
"(0.9540153992631536, 0.9645238095238096)",1,96.19807957368492,23494
"(0.9315095328894416, 0.9680383516315252)",1,96.1979408114667,23495
"(0.8098502304147466, 0.9749910873440284)",1,96.1979057183413,23496
"(0.7164894725870335, 1.0)",1,96.1977880561194,23497
"(0.9640038239043044, 0.9640038239043044)",1,96.19738467616963,23498
"(0.7729742929217565, 0.974662153486404)",1,96.19737403546851,23499
"(0.8420013166556946, 0.9833229101521784)",1,96.19690862778874,23500
"(0.8829656107481818, 0.960376642453574)",1,96.19684376790327,23501
"(0.8065954953750508, 1.0)",1,96.1967605169686,23502
"(0.9227792207792208, 0.9642857142857144)",1,96.19653626915674,23503
"(0.6432772815188069, 0.972045976510262)",1,96.19645455410335,23504
"(0.8796475392220073, 0.9499687304565352)",1,96.196398001513,23505
"(0.9506883741258744, 0.9644491481508056)",1,96.19623208963596,23506
"(0.8806608357628766, 0.9609357631051972)",1,96.19613695551055,23507
"(0.9212328545548654, 0.9681034738761426)",1,96.19611460995976,23508
"(0.9223799456357596, 0.9764666952752286)",1,96.19600211972542,23509
"(0.9539751547184644, 0.9790693693461476)",1,96.19599402156976,23510
"(0.8997493734335841, 1.0)",2,96.19580014129612,23512
"(0.874047619047619, 0.972045976510262)",1,96.19579924774948,23513
"(0.6611718926579557, 0.9861310021084456)",1,96.1955826780099,23514
"(0.9499687304565352, 1.0)",1,96.1955809028179,23515
"(0.8315995778682346, 0.9861673414304992)",1,96.1954281846713,23516
"(0.8455704732698088, 0.9861310021084456)",1,96.19535805026568,23517
"(0.9471243233098142, 0.960851077856154)",5,96.19532759778946,23522
"(0.7139085086453507, 0.9780434995701116)",3,96.19528135940968,23525
"(0.960666032023912, 0.9643698138596096)",1,96.19514058667453,23526
"(0.9628689175769612, 0.9749910873440284)",1,96.1949463853144,23527
"(0.9603476243044132, 0.9643698138596096)",1,96.19472914204027,23528
"(0.9034438470728792, 0.9916585206907788)",1,96.19449603847416,23529
"(0.8016677935542034, 0.9833229101521784)",1,96.1944486313015,23530
"(0.979273283115788, 0.9958292603453894)",1,96.19425344625118,23531
"(0.9586562930696936, 0.9916585206907788)",1,96.19410578068964,23532
"(0.874047619047619, 0.972045976510262)",1,96.19407342912343,23533
"(0.9187883397948668, 0.9645938855657314)",1,96.1940182000856,23534
"(0.9398731501057084, 0.9766918866148322)",1,96.19376920927868,23535
"(0.4747763864042934, 1.0)",1,96.1936895582148,23536
"(0.8871966240387292, 0.9861673414304992)",1,96.19366382159052,23537
"(0.8166003784222112, 0.969334154098697)",2,96.19361439460197,23539
"(0.9628689175769612, 0.9749910873440284)",1,96.19353805944652,23540
"(0.859499940327008, 1.0)",2,96.19349762512569,23542
"(0.8090204369274137, 0.9764666952752286)",4,96.19346896789578,23546
"(0.8275617283950616, 0.972045976510262)",1,96.19330065164932,23547
"(0.852, 0.9749910873440284)",1,96.19324943774296,23548
"(0.933096859926128, 0.9833229101521784)",1,96.19323195097822,23549
"(0.5187734941865547, 0.972281746031746)",1,96.19317854368438,23550
"(0.7786375661375661, 1.0)",1,96.19309830726873,23551
"(0.7440767664806348, 0.9758777250199286)",1,96.19309707054616,23552
"(0.8742516398330352, 0.9643944553313464)",1,96.1930740734402,23553
"(0.81893131227901, 1.0)",1,96.19303483265608,23554
"(0.8584175084175085, 0.9861673414304992)",1,96.19281845801132,23555
"(0.9471243233098142, 0.9610899532226684)",1,96.19269148266991,23556
"(0.6730510127402202, 0.9824126287942077)",1,96.19243576446704,23557
"(0.8261738954323147, 0.9726349383678632)",1,96.19224273387488,23558
"(0.9641028246291404, 0.9641028246291404)",1,96.19134443128748,23559
"(0.6969051878354204, 0.9650076460904662)",1,96.19129957175872,23560
"(0.7372334455667788, 1.0)",1,96.191291322995,23561
"(0.9665831244778612, 1.0)",1,96.19126493332604,23562
"(0.9388917411828462, 0.9610153569597296)",1,96.19116863300728,23563
"(0.9497171590194846, 0.9833229101521784)",2,96.1908053453826,23565
"(0.9045708198051948, 0.9644491481508056)",3,96.1902450898778,23568
"(0.9833229101521784, 1.0)",1,96.19007681414348,23569
"(0.8843764852418178, 0.9643944553313464)",4,96.18990985123648,23573
"(0.8796475392220073, 0.9833229101521784)",1,96.18963295511986,23574
"(0.8976982097186702, 0.9833229101521784)",1,96.18961133983008,23575
"(0.9438271604938272, 0.9861673414304992)",1,96.1893475936156,23576
"(0.9574285714285714, 0.9575126626788776)",1,96.18922774011888,23577
"(0.9098519670814934, 0.9749910873440284)",1,96.18921729378944,23578
"(1.0, 1.0)",1,96.18914824394793,23579
"(0.7803195571784078, 0.9736842105263158)",1,96.18899957877228,23580
"(0.960851077856154, 0.9644491481508056)",1,96.18878670127825,23581
"(0.8456272791248162, 0.9678176625650188)",1,96.18848567831608,23582
"(0.8883034087952121, 0.9861310021084456)",1,96.1882098415142,23583
"(0.7220090536971964, 0.9736842105263158)",3,96.188055044578,23586
"(0.6521663785997688, 0.988167361639188)",1,96.1880215783368,23587
"(0.8982888105990573, 0.9958292603453894)",1,96.18788892716248,23588
"(0.9916585206907788, 0.8087716932325226)",1,96.1878641548928,23589
"(0.8552744708994707, 0.9861673414304992)",1,96.18773626440488,23590
"(0.8475002808673183, 0.9861673414304992)",1,96.1869447863088,23591
"(1.0, 1.0)",1,96.1868505882956,23592
"(0.8801420274178757, 0.9643944553313464)",1,96.18675883962746,23593
"(0.8967778972053937, 0.964269276237512)",1,96.1867429350987,23594
"(0.9860411258716344, 0.972045976510262)",1,96.18669212658004,23595
"(0.930124456440246, 0.972045976510262)",1,96.18666283110846,23596
"(0.8460636535055139, 0.9650076460904662)",1,96.18660839236551,23597
"(0.8124923632552741, 0.958502024291498)",1,96.1863433696317,23598
"(0.9244721788975638, 0.987491854024112)",1,96.18556316843714,23599
"(0.8334750774705025, 0.9650450950662368)",1,96.18551325270634,23600
"(0.9471243233098142, 0.9644491481508056)",1,96.18550447932144,23601
"(0.8402876991030895, 0.9767441860465116)",1,96.18531512215684,23602
"(0.9295946890286512, 1.0)",1,96.18522841683692,23603
"(0.9568045886851652, 0.9644491481508056)",1,96.18486488133644,23604
"(0.9610899532226684, 0.9610899532226684)",1,96.18485075359862,23605
"(0.8592657752039796, 0.972045976510262)",1,96.18480827769996,23606
"(0.4776542240827955, 1.0)",1,96.18476714881464,23607
"(0.8876281048778143, 0.9680383516315252)",1,96.18476199175336,23608
"(0.8166003784222112, 0.9604782992262008)",1,96.1845943237571,23609
"(0.9462256234379848, 0.9645938855657314)",1,96.18396351578104,23610
"(0.9497171590194848, 0.9833229101521784)",1,96.18394753641492,23611
"(0.9764666952752286, 0.9643944553313464)",1,96.1839118818987,23612
"(0.8899966931216932, 0.9861310021084456)",2,96.18357648386608,23614
"(0.874450386215092, 0.972281746031746)",1,96.18355058740964,23615
"(0.8468951683237397, 1.0)",1,96.18354036558344,23616
"(0.944120583717358, 0.9790972342015986)",2,96.18345811715275,23618
"(0.816195709052852, 1.0)",1,96.18302480778269,23619
"(0.927109440267335, 0.9645938855657314)",1,96.1830185771048,23620
"(0.9831777451938742, 0.8211250551730991)",1,96.18280876831685,23621
"(0.9364970967817766, 0.9645938855657314)",1,96.18270886080934,23622
"(0.8352271364897016, 0.964269276237512)",1,96.18246453929844,23623
"(0.9364970967817766, 0.9680383516315252)",1,96.18238836990268,23624
"(0.9022759891180944, 0.972045976510262)",1,96.18223487296908,23625
"(0.972281746031746, 0.9861310021084456)",1,96.18215889171844,23626
"(0.8495378883833893, 0.9874877810361682)",1,96.1820150461734,23627
"(0.8347775825943863, 0.9916585206907788)",1,96.1819882175392,23628
"(0.9373666512059368, 0.9749910873440284)",1,96.18194527933976,23629
"(0.8795247311963099, 0.9645938855657314)",1,96.1817795543548,23630
"(0.7980310463463742, 0.9777027027027028)",1,96.18171331465145,23631
"(0.9294287857678706, 0.964269276237512)",1,96.18161633766086,23632
"(0.8796475392220073, 1.0)",1,96.18151704161149,23633
"(0.852, 0.9749910873440284)",1,96.18100697003798,23634
"(0.9331814008429188, 0.9538370349708868)",1,96.18082921112924,23635
"(0.8751897860593512, 0.9722222222222222)",1,96.1807311898215,23636
"(0.4633850039213374, 0.9763466530709386)",1,96.18069849678648,23637
"(0.9297564829445116, 0.9681645071821834)",1,96.18065009381404,23638
"(0.8207953412961668, 0.9760135162511973)",1,96.1806130511984,23639
"(0.9130963393683096, 0.9751409401578528)",1,96.18046368125948,23640
"(0.903667392883079, 1.0)",1,96.1804535007478,23641
"(0.9297564829445116, 0.9644491481508056)",3,96.18043989790728,23644
"(0.8587195484254307, 0.9722222222222222)",1,96.180431079023,23645
"(0.9425645194066248, 0.9610153569597296)",1,96.18000279291972,23646
"(0.9318857896881138, 0.9538331745788698)",1,96.1796097602116,23647
"(0.9497171590194848, 1.0)",1,96.17935753960326,23648
"(0.8920217788143652, 0.987463247273494)",1,96.17935332539392,23649
"(0.9603476243044132, 0.9602301158301156)",1,96.17930575559464,23650
"(0.960851077856154, 0.9644491481508056)",3,96.17926758799524,23653
"(0.8898894074675324, 0.9609357631051972)",1,96.17907416682957,23654
"(0.7802197802197803, 1.0)",1,96.17895382688796,23655
"(0.9425645194066248, 0.9644491481508056)",2,96.17892243441791,23657
"(0.8456659619450317, 0.9764666952752286)",2,96.17863240475413,23659
"(0.861318046800503, 0.9748802746905214)",1,96.17860774820926,23660
"(0.6432772815188069, 0.972045976510262)",1,96.17853418516272,23661
"(0.9501563219469168, 0.9788980434141724)",2,96.1783826626672,23663
"(0.8871966240387292, 0.972420634920635)",1,96.17823183530469,23664
"(0.9073492428586464, 0.9676485688615069)",1,96.17820015525956,23665
"(0.9450323339212228, 0.972045976510262)",1,96.178156752302,23666
"(0.8480357142857143, 0.9643698138596096)",1,96.17813197362558,23667
"(0.5131569832583307, 1.0)",1,96.1781297825422,23668
"(0.9392111404005912, 0.9645238095238096)",1,96.1777579185232,23669
"(0.6544644252235129, 1.0)",1,96.17766528751318,23670
"(0.8561103441223091, 0.972045976510262)",1,96.17758735877828,23671
"(0.8685314685314685, 0.9643944553313464)",1,96.17752593169618,23672
"(0.92132700797001, 0.9748524098350704)",1,96.17734433377971,23673
"(0.8855699370755157, 0.960851077856154)",3,96.17718080976093,23676
"(0.9057330122004186, 0.9824126287942077)",1,96.17679814091596,23677
"(0.8435371534737285, 0.9643944553313464)",1,96.1766557877056,23678
"(0.9189485013229876, 0.9643698138596096)",1,96.17660169405126,23679
"(0.8053381731676306, 1.0)",2,96.17656562154222,23681
"(0.8715701474388204, 0.958422459893048)",2,96.17646641548596,23683
"(0.6215073982652175, 0.988167361639188)",1,96.17634774833432,23684
"(0.8596618357487924, 0.972045976510262)",2,96.17628634787648,23686
"(0.9028964862298196, 0.9861673414304992)",1,96.1758146702998,23687
"(0.8589304432464812, 0.972045976510262)",1,96.17577025872276,23688
"(0.8428883536673643, 0.9780434995701116)",3,96.175761541997,23691
"(0.9164652836623464, 1.0)",1,96.17568909686948,23692
"(0.9396279975262144, 0.960851077856154)",1,96.17552997309522,23693
"(0.9860411258716344, 0.958109559613319)",2,96.17551125368544,23695
"(0.8876473063973064, 0.972420634920635)",1,96.1754923395044,23696
"(0.8967778972053937, 0.964269276237512)",1,96.17543789639066,23697
"(0.593224625483241, 0.9780434995701116)",6,96.17543128220515,23703
"(0.9610899532226684, 0.9572437766315318)",3,96.17542282834567,23706
"(0.8435371534737285, 0.9643944553313464)",2,96.17539109356883,23708
"(0.8322510822510822, 0.9861673414304992)",1,96.17502909196163,23709
"(0.9348222545262322, 0.9716190476190476)",3,96.17496196063465,23712
"(0.9574285714285714, 0.9680383516315252)",3,96.17493674769663,23715
"(0.8013184398461819, 0.9766918866148322)",1,96.17491749656996,23716
"(0.9833229101521784, 1.0)",2,96.1749003270341,23718
"(1.0, 1.0)",1,96.17475327121976,23719
"(0.8916989083023239, 0.9646594592893336)",1,96.1747316586781,23720
"(0.978621888315766, 0.9712822597033124)",1,96.1746579948911,23721
"(0.8898894074675324, 0.9607612022680516)",1,96.17461374221136,23722
"(0.9503333333333333, 0.9716190476190476)",2,96.17459559386783,23724
"(0.8329339143064635, 0.9861673414304992)",1,96.17434606493944,23725
"(0.8132775534810647, 0.9644038253792572)",1,96.17416791776232,23726
"(0.8947046219773493, 0.9766918866148322)",1,96.17395754292438,23727
"(0.9343984962406016, 0.9603476243044132)",1,96.17389313395256,23728
"(0.7084717607973421, 0.9764666952752286)",1,96.17386490016628,23729
"(0.8758315541941273, 0.9691818330194464)",1,96.17375699989474,23730
"(0.9161952650324744, 1.0)",1,96.17366839455585,23731
"(0.9162596992611264, 0.972045976510262)",1,96.17365786841798,23732
"(0.7713401051412279, 1.0)",2,96.17355567126944,23734
"(0.8734313112361893, 0.9861673414304992)",1,96.17313091617184,23735
"(0.8329050741331443, 1.0)",1,96.1731226212388,23736
"(0.9326599326599326, 1.0)",1,96.17280607633865,23737
"(0.8876473063973064, 0.9861673414304992)",1,96.17240821280504,23738
"(0.8456659619450317, 0.9764666952752286)",1,96.17220591571792,23739
"(0.786508365740383, 1.0)",1,96.1721965953681,23740
"(0.9166145507608924, 1.0)",1,96.17214355656326,23741
"(0.947035873779261, 0.9751409401578528)",3,96.17211436419738,23744
"(0.978848063174439, 0.9958292603453894)",1,96.17201933299688,23745
"(0.902192297684101, 0.9722222222222222)",1,96.17200085515256,23746
"(0.8547756205106323, 0.988167361639188)",1,96.17191665200124,23747
"(0.8443691323092412, 0.9833006535947711)",1,96.17177736204852,23748
"(0.8715701474388204, 0.972045976510262)",2,96.17164164699632,23750
"(0.8732774170274171, 1.0)",1,96.1713326524746,23751
"(0.8435371534737285, 0.9643944553313464)",1,96.17115858053,23752
"(0.8751897860593512, 0.9861673414304992)",2,96.17109786910449,23754
"(0.8876473063973064, 0.9861673414304992)",1,96.170658848338,23755
"(0.8395301149279116, 0.9764666952752286)",2,96.17040595259108,23757
"(0.8056354979267693, 0.972281746031746)",1,96.1698122739728,23758
"(0.9645238095238096, 0.9641028246291404)",3,96.16943715880691,23761
"(1.0, 1.0)",1,96.16938732705668,23762
"(0.8916052423523688, 0.9873891625615764)",1,96.1693087964316,23763
"(0.9398731501057084, 0.988167361639188)",1,96.16894761228129,23764
"(0.9392111404005912, 0.9645238095238096)",1,96.16894561680164,23765
"(0.5454528918088477, 0.972281746031746)",1,96.16880576142512,23766
"(0.8884797556713653, 0.9536479824904872)",2,96.16850259865711,23768
"(0.8581022152450725, 0.972045976510262)",1,96.16832563173834,23769
"(0.8932254623044097, 0.9604782992262008)",1,96.16816767560776,23770
"(0.8404355452872972, 0.972045976510262)",1,96.1680046677617,23771
"(0.9153439153439156, 0.9833229101521784)",1,96.16776984955608,23772
"(0.8351110130322311, 0.9690968282937898)",1,96.16767330246398,23773
"(0.9153127183787562, 0.9861673414304992)",1,96.16749254362624,23774
"(0.9581458989353726, 0.9861673414304992)",1,96.16746274003286,23775
"(0.9224996008939976, 0.9749910873440284)",1,96.16742171583088,23776
"(0.9833229101521784, 1.0)",1,96.16733042676056,23777
"(0.7943622269203664, 0.9650450950662368)",1,96.16719685936194,23778
"(0.9364970967817766, 0.9645238095238096)",3,96.16704849594142,23781
"(0.917469251615593, 1.0)",1,96.1670024993978,23782
"(0.5466837142306626, 0.9861673414304992)",1,96.16684738550924,23783
"(0.9610153569597296, 0.9609357631051972)",3,96.16680014917334,23786
"(0.8456659619450317, 0.9764666952752286)",1,96.16678311145796,23787
"(0.8814591883264935, 0.9643944553313464)",1,96.16676178547532,23788
"(0.9599749843652282, 0.9599909979745442)",1,96.1664736081444,23789
"(0.9535144014828052, 0.9610153569597296)",1,96.16633894371,23790
"(0.960851077856154, 0.9574285714285714)",1,96.16620743619482,23791
"(0.8929015655249481, 0.991777356103732)",1,96.16593663896188,23792
"(0.9253213924599162, 0.9764666952752286)",1,96.16587247647176,23793
"(0.8887202421952387, 1.0)",1,96.16579109894612,23794
"(0.9299160159815896, 0.9861673414304992)",1,96.16550493038892,23795
"(0.8563094906941128, 0.9649122807017544)",3,96.16536316217828,23798
"(0.8955173107890498, 0.9749910873440284)",2,96.16529085367507,23800
"(0.8884797556713653, 0.9706816701804596)",1,96.16522041799438,23801
"(0.9538331745788698, 0.9609357631051972)",1,96.1651594830454,23802
"(0.9162596992611264, 0.972045976510262)",1,96.1646177544484,23803
"(0.8660545355265853, 0.9749910873440284)",1,96.16452441253249,23804
"(0.7612209453612427, 0.9644038253792572)",1,96.1643153625153,23805
"(0.5145696010475885, 0.9861310021084456)",1,96.16428998730645,23806
"(0.9004206187154333, 0.964731521366774)",1,96.16413847648168,23807
"(0.6526770767943084, 0.9861673414304992)",1,96.16387985465664,23808
"(0.5536430525672695, 0.9764666952752286)",1,96.16385037626326,23809
"(0.902898027898028, 0.9861310021084456)",2,96.1637297200895,23811
"(0.6870644599303137, 0.9861310021084456)",1,96.16353477129591,23812
"(0.8151249335459861, 0.986081059422206)",1,96.1632995663594,23813
"(0.9240041208791208, 0.9749910873440284)",1,96.16323704865704,23814
"(0.7903875985986362, 1.0)",1,96.16301251703962,23815
"(0.8329339143064635, 0.972420634920635)",1,96.16299648157948,23816
"(0.8450980392156864, 0.972420634920635)",1,96.16295901800514,23817
"(0.8456659619450317, 0.9764666952752286)",1,96.16280428349828,23818
"(0.7578328648096089, 0.9764666952752286)",1,96.16271700509026,23819
"(0.6432772815188069, 0.972045976510262)",1,96.16269776351808,23820
"(0.8074780204479453, 0.9749910873440284)",1,96.16260588806836,23821
"(0.405080183803588, 0.9861673414304992)",1,96.16259333203244,23822
"(0.8746747225950852, 0.9692608993981562)",3,96.16216640411125,23825
"(0.6698155645524068, 1.0)",1,96.16210266256884,23826
"(0.8883034087952121, 0.9861310021084456)",1,96.1619855253779,23827
"(0.686734693877551, 0.9678176625650188)",1,96.16170590086108,23828
"(0.8137865219658889, 1.0)",1,96.16155085335193,23829
"(0.789994229453279, 0.9861673414304992)",1,96.16150952850722,23830
"(0.8876903814630851, 0.972045976510262)",1,96.16145415248852,23831
"(0.9007161410018553, 0.960851077856154)",3,96.16145050047376,23834
"(0.9707802886550516, 0.9915151515151516)",1,96.16142907056192,23835
"(0.7026153868908955, 0.9640038239043044)",6,96.16141213218678,23841
"(0.9069647153947764, 0.9714285714285714)",1,96.16098450322846,23842
"(0.9045708198051948, 0.9644491481508056)",3,96.16082807851564,23845
"(0.8594436844505243, 0.9643944553313464)",1,96.16077189786353,23846
"(0.6444891298012474, 0.972281746031746)",1,96.16066548357551,23847
"(0.8659216752240009, 0.9643944553313464)",1,96.1605841192748,23848
"(0.6530678548222407, 0.969334154098697)",2,96.16045143855148,23850
"(0.987463247273494, 0.9736202420579396)",1,96.16025655508145,23851
"(0.8592657752039796, 0.972045976510262)",2,96.16017575450574,23853
"(0.8796475392220073, 1.0)",1,96.16009387079808,23854
"(0.8762860082304527, 1.0)",1,96.15954311871646,23855
"(0.8726893261776982, 0.9650076460904662)",1,96.15930965028552,23856
"(0.842200034135518, 0.9751409401578528)",1,96.1593061388661,23857
"(0.8432786157941438, 0.972045976510262)",1,96.1592318390357,23858
"(0.8504382366909891, 0.9779870235853187)",1,96.159182170109,23859
"(0.8266173510466989, 0.972420634920635)",1,96.15895079279916,23860
"(0.6911324786324786, 0.972045976510262)",1,96.15889913441916,23861
"(0.960851077856154, 0.9644491481508056)",3,96.15889009495083,23864
"(0.9568045886851652, 0.9645238095238096)",2,96.15882121226048,23866
"(0.8581022152450725, 0.972045976510262)",1,96.15858601896764,23867
"(0.8056354979267693, 0.9861310021084456)",1,96.1582103240575,23868
"(0.8426192275313588, 0.9766891918497548)",1,96.158151609592,23869
"(0.8883034087952121, 0.9861310021084456)",1,96.15808045851138,23870
"(0.8451478848040399, 0.972045976510262)",1,96.15804596943084,23871
"(0.8715701474388204, 0.9861310021084456)",1,96.157855971931,23872
"(0.9080705009276436, 0.9645938855657314)",1,96.15768339999929,23873
"(0.5145696010475885, 0.972045976510262)",1,96.15739211529004,23874
"(0.8594436844505243, 0.9643944553313464)",1,96.15710940707764,23875
"(0.8098502304147466, 0.9749910873440284)",1,96.15699146769695,23876
"(0.8843764852418178, 0.9643944553313464)",1,96.15696295940089,23877
"(0.901080737645326, 0.960851077856154)",3,96.15689134042928,23880
"(0.8024695068301698, 0.9766890960691303)",1,96.15688746727024,23881
"(0.8847822547822548, 0.9861673414304992)",1,96.15683243411377,23882
"(0.8456659619450317, 0.9764666952752286)",2,96.15648364442356,23884
"(0.8777335856148074, 0.9780434995701116)",1,96.15643038115518,23885
"(0.8456272791248162, 0.9643698138596096)",1,96.15633181739796,23886
"(0.9240041208791208, 0.9749910873440284)",1,96.15617593683608,23887
"(0.8340799485585682, 0.9764666952752286)",1,96.15604933104122,23888
"(0.8810064268049709, 0.9649122807017544)",1,96.15569617168934,23889
"(0.912531328320802, 0.9609357631051972)",1,96.1549875990384,23890
"(0.4737094237094237, 0.9861673414304992)",1,96.15486443408028,23891
"(0.9436368312757202, 1.0)",1,96.15485198385602,23892
"(0.9182966261114094, 0.9874877810361682)",1,96.1547382654933,23893
"(0.8806608357628766, 0.9644491481508056)",3,96.15440473265026,23896
"(0.8715701474388204, 0.972045976510262)",1,96.15376193122684,23897
"(0.9412172027494607, 0.9916585206907788)",1,96.15368610281452,23898
"(0.9398731501057084, 0.9764666952752286)",1,96.153516224554,23899
"(0.8310457516339869, 0.9647058823529412)",1,96.15350091061283,23900
"(0.9497171590194846, 0.9833229101521784)",1,96.1534783361806,23901
"(0.5356100633781995, 0.9538370349708868)",1,96.15330285837142,23902
"(0.8715701474388204, 0.972281746031746)",1,96.15320227752036,23903
"(0.874047619047619, 0.972045976510262)",2,96.1527323206996,23905
"(0.9029281534808432, 0.9861673414304992)",1,96.15266814491656,23906
"(0.8947046219773493, 0.9766918866148322)",1,96.15254751084034,23907
"(0.9377148530109056, 0.991206314397104)",1,96.15244515610084,23908
"(0.6880076348278104, 0.9692608993981562)",3,96.15239876813348,23911
"(0.8360150146960627, 0.987495927012056)",1,96.15223383390308,23912
"(0.6870644599303137, 0.9861310021084456)",1,96.15207190385748,23913
"(0.4799413873705827, 0.9807420715598804)",1,96.15178511628964,23914
"(0.9471243233098142, 0.9644491481508056)",3,96.15161289084892,23917
"(0.6432772815188069, 0.972045976510262)",2,96.1515691342836,23919
"(0.8053381731676306, 1.0)",1,96.15151433042648,23920
"(0.8835857110930401, 0.9764666952752286)",2,96.15147529274324,23922
"(0.9343984962406016, 0.9569233895549684)",1,96.15136588145565,23923
"(0.5874751891549204, 0.9692608993981562)",1,96.15132629227448,23924
"(0.7837606837606838, 0.9861673414304992)",1,96.1512931250224,23925
"(0.8087623896023756, 0.9764666952752286)",2,96.1511775396992,23927
"(0.9505232430050672, 0.9610153569597296)",1,96.15110097152976,23928
"(0.8579868984630887, 1.0)",1,96.15105887109613,23929
"(0.8221762134805614, 0.972045976510262)",1,96.15089803635844,23930
"(0.8589064384650125, 0.9916339869281046)",1,96.1508621558065,23931
"(0.902192297684101, 0.9861673414304992)",1,96.1507787142379,23932
"(0.5455927836262255, 0.984996247654784)",1,96.15045672023317,23933
"(0.9022759891180944, 0.972045976510262)",1,96.14976678345576,23934
"(0.7401844059863599, 0.972420634920635)",1,96.1497312401762,23935
"(0.7833537331701346, 0.9764666952752286)",1,96.14970454500492,23936
"(0.7903875985986362, 1.0)",1,96.14968643150252,23937
"(0.8586166985951469, 0.9861673414304992)",1,96.14967854886125,23938
"(0.6870644599303137, 0.9861310021084456)",1,96.1496259914097,23939
"(0.8691891027106093, 0.9645938855657314)",1,96.14961216661618,23940
"(0.930124456440246, 0.958109559613319)",1,96.1492241766937,23941
"(0.9238400660955778, 0.9714285714285714)",1,96.14912860058702,23942
"(0.7778533896115083, 0.9824126287942077)",1,96.14910005259684,23943
"(0.903907191101469, 0.9681645071821834)",1,96.1490719901585,23944
"(0.9182966261114094, 0.9916585206907788)",1,96.14892210649457,23945
"(0.960666032023912, 0.97502985598876)",3,96.14876088451452,23948
"(0.9645238095238096, 0.9749692931061258)",2,96.14870118156377,23950
"(0.947035873779261, 0.9645238095238096)",1,96.14858693848986,23951
"(0.7884092310206264, 0.9764666952752286)",1,96.1483534126366,23952
"(0.9235929095176316, 0.9610153569597296)",3,96.14831277748864,23955
"(0.8895939931776995, 0.9749910873440284)",1,96.1482830787143,23956
"(0.8715701474388204, 0.972045976510262)",1,96.1482154060132,23957
"(0.9491452991452992, 0.9607612022680516)",1,96.1481824291876,23958
"(0.8632321428571428, 0.9678176625650188)",1,96.14812160886407,23959
"(0.7673678366541239, 0.988167361639188)",1,96.14788246254476,23960
"(0.4039045743444857, 0.9882048106149588)",1,96.1477851274199,23961
"(0.6432772815188069, 0.972045976510262)",2,96.14760713971656,23963
"(0.9506883741258744, 0.9681034738761426)",1,96.14745536201676,23964
"(0.5312235853879125, 0.9875003906860448)",1,96.14730781954697,23965
"(0.9569233895549684, 0.9645938855657314)",1,96.14728727099862,23966
"(0.9610899532226684, 0.960851077856154)",1,96.14728162792592,23967
"(0.9045708198051948, 0.9609357631051972)",1,96.1472159335384,23968
"(0.9303715638302106, 1.0)",1,96.14682738821207,23969
"(0.960851077856154, 0.9644491481508056)",3,96.14660881754914,23972
"(0.9326599326599326, 1.0)",1,96.14644687385216,23973
"(0.9665831244778612, 1.0)",1,96.14643356898937,23974
"(0.90224161204236, 0.9861310021084456)",1,96.14625395894969,23975
"(0.8887419165196944, 0.972045976510262)",1,96.14595824575088,23976
"(0.9022759891180944, 0.972045976510262)",3,96.14595747351824,23979
"(0.9045708198051948, 0.9644491481508056)",3,96.14595669610108,23982
"(0.861111111111111, 1.0)",2,96.14595191175565,23984
"(0.8880984643179766, 1.0)",1,96.14561085900095,23985
"(0.9574285714285714, 0.9538331745788698)",1,96.14552873592288,23986
"(0.7708276936959106, 0.9861310021084456)",1,96.1455142192908,23987
"(0.917849761232425, 0.9764666952752286)",1,96.1454560948828,23988
"(0.9160323884095494, 0.9751915907925552)",3,96.14542216725484,23991
"(0.8561103441223091, 0.972045976510262)",2,96.14538108847866,23993
"(0.9146779555619334, 0.9680383516315252)",1,96.14529594512804,23994
"(0.94291309888229, 0.9694017156496504)",1,96.14528844204484,23995
"(0.8702889400021048, 0.960851077856154)",1,96.1452617795556,23996
"(0.7856964763329513, 0.9861673414304992)",1,96.14508601188275,23997
"(0.8848365568890763, 0.9643944553313464)",2,96.14497245844944,23999
"(0.9364970967817766, 0.960851077856154)",5,96.14477338936936,24004
"(0.9032855633136024, 0.9861673414304992)",1,96.14470705392196,24005
"(0.934065934065934, 0.9833229101521784)",1,96.14466676001832,24006
"(0.7549151833026198, 0.9824126287942077)",3,96.1446185369481,24009
"(0.9294287857678706, 0.964269276237512)",2,96.14457448526552,24011
"(0.6384521701955596, 0.9694017156496504)",1,96.14427482419894,24012
"(0.7458851447555765, 0.9764666952752286)",1,96.144195325783,24013
"(0.92008547008547, 0.9644491481508056)",3,96.1441534501188,24016
"(0.9233339198521971, 0.9644491481508056)",1,96.14393750260253,24017
"(0.7119388248146047, 1.0)",1,96.14380196374704,24018
"(0.960851077856154, 0.9572437766315318)",1,96.14354988953008,24019
"(0.4737094237094237, 0.9861673414304992)",1,96.14339826765126,24020
"(0.9764666952752286, 0.9643944553313464)",1,96.143322225002,24021
"(0.9331662489557224, 1.0)",1,96.1430964000108,24022
"(0.9388917411828462, 0.960851077856154)",1,96.14306658870824,24023
"(0.8715701474388204, 0.972045976510262)",1,96.1429928399132,24024
"(0.8810064268049709, 0.9692608993981562)",3,96.14292472267118,24027
"(0.9538331745788698, 0.9609357631051972)",1,96.14284903248628,24028
"(0.8847822547822548, 0.9861310021084456)",2,96.1427119345011,24030
"(0.6910881126324849, 0.9764666952752286)",1,96.14260374527156,24031
"(0.8847822547822548, 0.9861310021084456)",1,96.14253319855922,24032
"(0.9665831244778612, 0.9833229101521784)",2,96.14242177555954,24034
"(0.5145696010475885, 0.9861310021084456)",1,96.14237285336677,24035
"(0.9497171590194846, 1.0)",1,96.14219575429266,24036
"(0.8435371534737285, 0.9643944553313464)",1,96.14216402131233,24037
"(0.9026337658413128, 0.9861673414304992)",1,96.1417571938156,24038
"(0.926397848615755, 0.9736842105263158)",3,96.14152229791095,24041
"(0.838301471154743, 0.972045976510262)",1,96.14132056661876,24042
"(0.9575126626788776, 0.9680383516315252)",1,96.14116199781829,24043
"(0.8770575330421131, 0.9719591426178804)",1,96.14105173475164,24044
"(0.7665484369555701, 0.9766918866148322)",1,96.14084599703368,24045
"(0.5626274989800081, 0.9764666952752286)",1,96.14077355283388,24046
"(0.6813936996863826, 0.9861673414304992)",1,96.14074705227424,24047
"(0.7664480222619757, 0.9764666952752286)",1,96.1403874549075,24048
"(0.763830245642582, 0.9783783783783784)",1,96.14037590401016,24049
"(0.738145558145558, 1.0)",1,96.14007491516742,24050
"(0.8835857110930401, 0.9764666952752286)",2,96.14005369253422,24052
"(0.9833229101521784, 1.0)",1,96.14001972735625,24053
"(0.9259740526337398, 0.9714285714285714)",1,96.13999135980607,24054
"(0.9538331745788698, 0.9644491481508056)",2,96.1399290617848,24056
"(0.7109688804604058, 0.972281746031746)",1,96.13985814875268,24057
"(0.8584175084175085, 0.972420634920635)",1,96.1398001036385,24058
"(0.911577306111922, 0.9692608993981562)",1,96.13962931339805,24059
"(0.895615167073941, 0.9650076460904662)",1,96.13950269681104,24060
"(0.7647742788871822, 1.0)",2,96.13943720327131,24062
"(0.7323695788812067, 0.9766918866148322)",1,96.1392616097019,24063
"(0.8898894074675324, 0.9610153569597296)",1,96.13896010569168,24064
"(0.8957538774472412, 0.9604782992262008)",3,96.13895749439028,24067
"(0.8312205288949474, 1.0)",1,96.13888760169162,24068
"(0.9143342172934747, 0.9622598627787308)",1,96.138842222188,24069
"(0.8124923632552741, 0.9861673414304992)",1,96.13844107033307,24070
"(0.8691891027106093, 0.9644491481508056)",6,96.1383324825719,24076
"(0.9157097551404952, 0.987491854024112)",1,96.13814738625678,24077
"(0.9568045886851652, 0.9680383516315252)",1,96.1380161462172,24078
"(0.838301471154743, 0.958109559613319)",1,96.13800302520907,24079
"(0.7999088007295942, 0.9766918866148322)",1,96.13738627128912,24080
"(0.8632321428571428, 0.9749692931061258)",1,96.1372256955083,24081
"(0.5070372093557577, 1.0)",1,96.13718270000668,24082
"(0.8884778134778135, 0.972281746031746)",1,96.13683639155228,24083
"(0.9032855633136024, 0.9861673414304992)",2,96.13660141840282,24085
"(0.9224996008939976, 0.9622598627787308)",1,96.13659500858432,24086
"(0.9568045886851652, 0.9680383516315252)",3,96.13640171191103,24089
"(0.960851077856154, 0.9645238095238096)",1,96.13627345149872,24090
"(0.9212328545548654, 0.9681034738761426)",1,96.13607766692829,24091
"(0.8222222222222222, 1.0)",1,96.13601316552273,24092
"(0.8796475392220073, 1.0)",1,96.13591486382204,24093
"(0.9244352123384382, 0.979166518665308)",1,96.13586492065276,24094
"(0.9575913511472004, 0.9676485688615069)",1,96.1355971764982,24095
"(0.8867361313822293, 0.9916585206907788)",1,96.1353205159666,24096
"(0.8972301136363636, 0.9644491481508056)",1,96.13527550294064,24097
"(0.8506653943511476, 0.969334154098697)",1,96.13520334407156,24098
"(0.7833537331701346, 0.9764666952752286)",1,96.13511539059516,24099
"(0.9177366931314298, 0.987463247273494)",1,96.13507803966051,24100
"(0.9641028246291404, 0.9712030591234436)",1,96.1349815833312,24101
"(0.8518774267621343, 0.9764666952752286)",1,96.13494560250716,24102
"(0.8885908209437621, 0.9609357631051972)",1,96.13451557145382,24103
"(0.6432772815188069, 0.972045976510262)",1,96.1341486561217,24104
"(0.7781407751391581, 0.9749999771730772)",1,96.1341386160275,24105
"(0.9834358767945106, 0.9915151515151516)",1,96.13341773767148,24106
"(0.9343984962406016, 0.9641028246291404)",1,96.13339582851604,24107
"(0.8867361313822293, 0.9662552948843272)",1,96.13337466501454,24108
"(0.9640038239043044, 0.97502985598876)",1,96.1332818671978,24109
"(0.8404355452872972, 0.972045976510262)",1,96.13317906656,24110
"(0.902012682657844, 0.987495927012056)",1,96.133176912501,24111
"(0.9294287857678706, 0.964269276237512)",2,96.13311774152028,24113
"(0.765692887308966, 0.9722222222222222)",1,96.13303347891843,24114
"(0.9610153569597296, 0.9680383516315252)",1,96.13273070439,24115
"(0.8318290279074593, 0.972045976510262)",1,96.13264429074836,24116
"(0.861111111111111, 0.9833229101521784)",1,96.13253764873085,24117
"(0.8659216752240009, 0.9643944553313464)",1,96.13251959909694,24118
"(0.7283553674089667, 0.9736486486486486)",1,96.13236824459172,24119
"(0.90224161204236, 0.9861310021084456)",1,96.13234490795472,24120
"(0.9398731501057084, 0.988167361639188)",1,96.13231094733852,24121
"(0.88164537452478, 0.9609357631051972)",1,96.13218171060284,24122
"(0.9645938855657314, 0.9645238095238096)",1,96.13217393184516,24123
"(0.6813936996863826, 0.9861310021084456)",1,96.13174902683278,24124
"(0.8201767124753505, 0.969334154098697)",1,96.13171310355354,24125
"(0.8459266053144301, 0.9749910873440284)",1,96.1316942803808,24126
"(0.7943622269203664, 0.9764666952752286)",1,96.13135215424158,24127
"(0.9154520780570968, 0.9748802746905214)",1,96.131207769211,24128
"(0.874450386215092, 1.0)",2,96.13108049189282,24130
"(0.9333044546043194, 0.9832965806068272)",1,96.13096899067116,24131
"(0.7458851447555765, 0.9764666952752286)",2,96.1309019817632,24133
"(0.940002899623393, 0.9916585206907788)",1,96.13060208294392,24134
"(0.9361428571428572, 0.9573389777809668)",1,96.13051724489172,24135
"(0.8843764852418178, 0.9766918866148322)",1,96.13030491841546,24136
"(0.8222222222222222, 1.0)",1,96.1302802883102,24137
"(0.7458851447555765, 0.988167361639188)",1,96.13007133647832,24138
"(0.4232341065158651, 0.974999417837726)",1,96.1300572596553,24139
"(0.8796475392220073, 1.0)",1,96.12956360543598,24140
"(0.8734750068194216, 0.972420634920635)",1,96.12931978372532,24141
"(0.9643944553313464, 0.9764666952752286)",2,96.12930848296092,24143
"(0.9574285714285714, 0.9679690637004894)",1,96.12917387911568,24144
"(0.8862373737373738, 0.9861673414304992)",1,96.12902496638957,24145
"(0.9640038239043044, 0.9714285714285714)",3,96.12897979535047,24148
"(0.8746747225950852, 0.9649122807017544)",1,96.1286834121037,24149
"(0.7647742788871822, 0.9861673414304992)",1,96.12858763339383,24150
"(0.9916585206907788, 0.9834399497824544)",1,96.12841785760402,24151
"(0.9438271604938272, 0.9861673414304992)",1,96.1282459641794,24152
"(0.8579868984630887, 0.9861673414304992)",1,96.12818179340996,24153
"(0.8814591883264935, 0.9643944553313464)",1,96.12777695558988,24154
"(0.7833537331701346, 0.9764666952752286)",1,96.12774174107304,24155
"(0.786508365740383, 0.988167361639188)",1,96.12770725537816,24156
"(0.933975345196146, 0.9958292603453894)",1,96.1275478979674,24157
"(0.9610899532226684, 0.9680383516315252)",1,96.12740006401675,24158
"(0.9377308530249706, 0.9790476832523552)",1,96.12738867064878,24159
"(0.5187734941865547, 0.972281746031746)",2,96.12726431633104,24161
"(0.8867361313822293, 0.9833251873574456)",2,96.1271033902428,24163
"(0.765692887308966, 0.9861310021084456)",1,96.1270746675923,24164
"(0.8751897860593512, 0.972420634920635)",1,96.12694692593568,24165
"(0.838301471154743, 0.972045976510262)",1,96.12693516640589,24166
"(0.8420013166556946, 1.0)",1,96.12687802012115,24167
"(0.9064143587480232, 0.9736842105263158)",3,96.12673584957707,24170
"(0.8425483191745751, 1.0)",1,96.12663833481264,24171
"(0.73687720936437, 1.0)",2,96.12647005530852,24173
"(0.9610153569597296, 0.9680383516315252)",1,96.12642210317574,24174
"(0.9677353740627908, 0.9712822597033124)",1,96.12633775145936,24175
"(0.8659216752240009, 0.9643944553313464)",1,96.12629321023864,24176
"(0.8594436844505243, 0.9643944553313464)",1,96.12619945967587,24177
"(0.6730510127402202, 0.9736842105263158)",1,96.12619596726972,24178
"(0.9833229101521784, 1.0)",1,96.1261899307986,24179
"(0.7393955720057585, 0.9766888087230664)",1,96.12597385053478,24180
"(0.9833229101521784, 1.0)",1,96.12557130623571,24181
"(0.9379369827374928, 0.9676485688615069)",2,96.1252571205534,24183
"(0.9583930063253372, 1.0)",2,96.12521453148146,24185
"(0.8835857110930401, 0.9764666952752286)",2,96.12467638721272,24187
"(0.7651777469990767, 0.9692608993981562)",1,96.12452932813008,24188
"(0.9764666952752286, 0.9643944553313464)",1,96.1242240600669,24189
"(0.9373666512059368, 0.9749910873440284)",1,96.1241852204644,24190
"(0.3660238527416034, 1.0)",1,96.12408915485064,24191
"(0.9609357631051972, 0.9713574016563148)",1,96.12408577276842,24192
"(0.9362689940183164, 0.9677353740627908)",1,96.1240232881644,24193
"(0.8843764852418178, 0.9643944553313464)",1,96.1235880622588,24194
"(0.8876281048778143, 0.9750870495448254)",2,96.1234861331828,24196
"(0.8804215399610136, 0.9649122807017544)",1,96.12315995048684,24197
"(0.941687552213868, 0.9642857142857144)",1,96.12304620461974,24198
"(0.7084717607973421, 0.9650076460904662)",1,96.12290328332558,24199
"(0.8056354979267693, 0.9861310021084456)",1,96.12288480435927,24200
"(0.9603476243044132, 0.9676485688615069)",2,96.12272755607202,24202
"(0.9491452991452992, 0.967895529128406)",1,96.12232879471972,24203
"(0.9080024622960912, 0.9691818330194464)",1,96.1223094220006,24204
"(0.9166145507608924, 1.0)",1,96.1222175723682,24205
"(0.7304742252709461, 0.9764666952752286)",1,96.12179986403429,24206
"(0.9436368312757202, 0.9861310021084456)",1,96.12179027652404,24207
"(0.8972301136363636, 0.9644491481508056)",3,96.1216236941514,24210
"(0.9003351064851267, 0.960666032023912)",1,96.12161969324148,24211
"(0.8831024654485521, 0.9736842105263158)",1,96.12142098435524,24212
"(0.7678405315614618, 0.9764666952752286)",1,96.12122599108064,24213
"(0.9603476243044132, 0.9641028246291404)",1,96.12112244917006,24214
"(0.8806608357628766, 0.9573389777809668)",1,96.1210226406843,24215
"(0.9422394177612392, 0.9610153569597296)",4,96.12097872965808,24219
"(0.9299160159815896, 0.9861673414304992)",1,96.120819177964,24220
"(0.8806608357628766, 0.9609357631051972)",2,96.1205300525898,24222
"(0.8087623896023756, 0.9764666952752286)",1,96.12019650089192,24223
"(0.8315416458960965, 0.988167361639188)",1,96.12019380302952,24224
"(0.9496114574862204, 0.9709308412076194)",2,96.12006316859198,24226
"(0.5218438528010998, 0.9861310021084456)",1,96.12003090654706,24227
"(0.7453765521802005, 0.9743243243243244)",1,96.11997367503538,24228
"(0.917655049465296, 0.9832925076188832)",1,96.11970843606836,24229
"(0.8177442148030384, 1.0)",1,96.11969935706507,24230
"(0.8311329582337986, 0.972045976510262)",1,96.11948727352691,24231
"(0.8443691323092412, 0.9833251873574456)",2,96.11946100063368,24233
"(0.9362689940183164, 0.9713574016563148)",1,96.11909100180208,24234
"(0.812418383596075, 0.9650450950662368)",1,96.11908917100055,24235
"(0.9677353740627908, 0.9605654571878554)",1,96.11897687587744,24236
"(0.9499687304565352, 0.9833229101521784)",1,96.11881860894437,24237
"(0.8703996834190741, 0.9648252575884156)",3,96.11877566319032,24240
"(0.902898027898028, 0.9722222222222222)",1,96.11851479005068,24241
"(0.8883034087952121, 0.9861310021084456)",1,96.11848008922692,24242
"(0.9665831244778612, 1.0)",1,96.11841099016952,24243
"(0.8748200797381125, 0.9861310021084456)",2,96.11819843366546,24245
"(0.903907191101469, 0.9645238095238096)",1,96.11805140719268,24246
"(0.9665831244778612, 0.9833229101521784)",1,96.11795853569365,24247
"(0.893146638589877, 1.0)",1,96.11778486271348,24248
"(0.9227792207792208, 0.9679690637004894)",1,96.11768526254994,24249
"(0.751080181203132, 0.9861673414304992)",1,96.11763519546086,24250
"(0.9714797495442656, 0.9873444118605408)",1,96.1176239536412,24251
"(0.7750729499528326, 0.9733105092387055)",1,96.11759288760167,24252
"(0.8499431760854415, 0.970945548011346)",1,96.1174967501488,24253
"(0.8871966240387292, 0.9861673414304992)",1,96.11732176061206,24254
"(0.9199973910846122, 0.987463247273494)",1,96.11727382924434,24255
"(0.8524016298728943, 0.9707095350359106)",1,96.11665318204368,24256
"(0.9622634791942192, 0.9791258409522168)",1,96.11658904802218,24257
"(0.861111111111111, 0.9833229101521784)",2,96.11653577491704,24259
"(0.8056354979267693, 0.9861310021084456)",1,96.11641153510826,24260
"(0.8760238095238095, 0.9916585206907788)",1,96.11631193281602,24261
"(0.9444901834607716, 0.9861673414304992)",1,96.11626876647388,24262
"(0.8597791061504694, 0.9610153569597296)",4,96.11615924673312,24266
"(0.9177366931314298, 0.9833211143695014)",2,96.11607087532484,24268
"(0.8208353559736048, 0.9861673414304992)",1,96.11567633400432,24269
"(0.8852629578963369, 0.972045976510262)",1,96.1156473961109,24270
"(0.8587195484254307, 0.9861310021084456)",2,96.11551957395284,24272
"(0.5466837142306626, 0.9861673414304992)",1,96.11547496496996,24273
"(0.9297326845255915, 0.9832184229069656)",1,96.11536150905548,24274
"(0.7011915690388763, 0.9692608993981562)",1,96.1152028982322,24275
"(0.9425645194066248, 0.9644491481508056)",1,96.11475146830615,24276
"(0.8761383419447936, 0.987463247273494)",1,96.1146938985457,24277
"(0.8813457860512559, 0.9832462877624168)",1,96.11467982344548,24278
"(0.7664480222619757, 0.9766918866148322)",1,96.1144306056081,24279
"(0.8056354979267693, 0.9861310021084456)",1,96.114408097197,24280
"(0.8697983697983697, 1.0)",1,96.11427929164697,24281
"(0.785056584180393, 0.969931763225182)",1,96.11411104894712,24282
"(0.8389313963994772, 0.977026271861202)",1,96.1140355914162,24283
"(0.6880076348278104, 0.9692608993981562)",1,96.11397689818946,24284
"(0.6891235126529245, 0.958109559613319)",1,96.11391642393232,24285
"(0.7578328648096089, 0.988167361639188)",1,96.11360629367292,24286
"(0.8726893261776982, 0.9882048106149588)",1,96.11296051360112,24287
"(0.9273504273504276, 0.9644491481508056)",3,96.11293519619848,24290
"(0.8456659619450317, 0.9764666952752286)",2,96.11275595417185,24292
"(0.8046854998719919, 0.9861673414304992)",1,96.11269053382672,24293
"(0.9110813074094206, 0.9764666952752286)",1,96.1121814258877,24294
"(0.9045708198051948, 0.9680383516315252)",1,96.11211901704353,24295
"(0.9537330920118182, 0.9573389777809668)",3,96.112032756938,24298
"(0.939866291344124, 0.960851077856154)",6,96.11159823997698,24304
"(0.9022759891180944, 0.972045976510262)",1,96.11148902881504,24305
"(0.8810064268049709, 0.9736189431913116)",1,96.11135935308732,24306
"(0.9497171590194846, 1.0)",1,96.11130954511466,24307
"(0.9425645194066248, 0.9573389777809668)",3,96.11130155526187,24310
"(0.8476190476190477, 1.0)",1,96.11125598079276,24311
"(0.8796475392220073, 1.0)",1,96.111163497151,24312
"(0.9497171590194846, 1.0)",1,96.11101658295246,24313
"(0.5652391975308642, 0.9722222222222222)",1,96.11099817998884,24314
"(0.8899966931216932, 0.9861310021084456)",1,96.11080363970984,24315
"(0.92008547008547, 0.9644491481508056)",1,96.1106848946882,24316
"(0.893146638589877, 0.988167361639188)",1,96.11014607459964,24317
"(0.912099503362194, 0.9649859943977592)",1,96.11005293881529,24318
"(0.8967778972053937, 0.964269276237512)",1,96.11002938379472,24319
"(0.960666032023912, 0.9641967520703932)",1,96.10960287115049,24320
"(0.8294970161977834, 1.0)",1,96.10944725236028,24321
"(0.7601164382773579, 0.9833229101521784)",2,96.10939320326106,24323
"(0.9749706744868036, 0.9699183291713004)",1,96.10938593587412,24324
"(0.9233339198521971, 0.9679690637004894)",1,96.10925107458282,24325
"(0.9153439153439156, 0.9833229101521784)",2,96.1091490213712,24327
"(0.9748802746905214, 0.9958292603453894)",1,96.10909908813336,24328
"(0.9273504273504276, 0.9680383516315252)",1,96.1089625256067,24329
"(0.4423707251851418, 0.9583930063253372)",1,96.1086577611418,24330
"(0.8547756205106323, 0.988167361639188)",1,96.10861086165608,24331
"(0.7999088007295942, 0.988167361639188)",1,96.10850036255265,24332
"(0.8796475392220073, 0.9833229101521784)",1,96.10849936466106,24333
"(0.813515418166581, 0.988167361639188)",2,96.10829574920072,24335
"(0.7976364522417154, 0.9691818330194464)",1,96.10823004946634,24336
"(0.9610899532226684, 0.960851077856154)",1,96.1079828713424,24337
"(0.8687665586722206, 0.9867922141511912)",3,96.10797155900686,24340
"(0.7289193040024178, 0.9780434995701116)",1,96.1079098686828,24341
"(0.8737362637362637, 0.960851077856154)",3,96.10785666421032,24344
"(0.9466127311522048, 0.9780958243562125)",1,96.10784946401576,24345
"(0.7168719671519223, 0.9737445480717845)",1,96.10772289565804,24346
"(0.8224631915554647, 0.9650076460904662)",1,96.10762552903518,24347
"(0.8460636535055139, 0.9764666952752286)",1,96.1074532463228,24348
"(0.864057359093178, 0.9729724547294882)",1,96.10737537879386,24349
"(0.8898894074675324, 0.960851077856154)",1,96.10730659019984,24350
"(0.8329339143064635, 0.9861673414304992)",1,96.10724238266828,24351
"(0.7447170736590969, 0.969334154098697)",1,96.10699453389908,24352
"(0.6530678548222407, 0.9692608993981562)",3,96.10698085118804,24355
"(0.8589304432464812, 0.972045976510262)",1,96.10694900194656,24356
"(0.8468951683237397, 1.0)",1,96.1068700576954,24357
"(0.8748200797381125, 0.9861310021084456)",1,96.10683052195049,24358
"(0.9235929095176316, 0.9680383516315252)",1,96.10668983108648,24359
"(0.8561103441223091, 0.958109559613319)",1,96.10656089232926,24360
"(0.9528533742496432, 0.9537330920118182)",1,96.10643088241632,24361
"(0.8920217788143652, 0.983149138443256)",1,96.1063621018113,24362
"(0.8730191491801398, 0.9780434995701116)",3,96.10627379008385,24365
"(0.9628689175769612, 0.9749910873440284)",1,96.10622460931928,24366
"(0.888425800230205, 0.974999863037714)",1,96.10602714561796,24367
"(0.8874191651969431, 0.9861673414304992)",1,96.1057602949142,24368
"(0.9445235834124724, 1.0)",1,96.10571507777708,24369
"(0.9082051469489508, 0.9692608993981562)",2,96.10568240592544,24371
"(0.4956908031836671, 0.976011418701589)",1,96.10566746471844,24372
"(0.8322510822510822, 0.9861673414304992)",1,96.1054628626594,24373
"(0.9468391231269042, 0.960851077856154)",3,96.1053837129158,24376
"(0.9308697752778572, 0.9604593619418418)",1,96.10533535500429,24377
"(0.960851077856154, 0.9680383516315252)",2,96.10531694898388,24379
"(0.8451478848040399, 0.972045976510262)",2,96.10521801849876,24381
"(0.6759495516512356, 0.9650076460904662)",1,96.10486830464,24382
"(0.8523797616070684, 0.964269276237512)",1,96.10476597159476,24383
"(0.8685314685314685, 0.9643944553313464)",2,96.1046522243608,24385
"(0.8898894074675324, 0.9575913511472004)",1,96.10397163718176,24386
"(0.8459266053144301, 0.9749910873440284)",1,96.10395915434964,24387
"(0.9574285714285714, 0.960851077856154)",2,96.10390950487682,24389
"(0.8806608357628766, 0.9644491481508056)",1,96.10375294990293,24390
"(0.7077308656256025, 1.0)",1,96.10345123416393,24391
"(0.7507808297997424, 0.9861673414304992)",1,96.10341953484496,24392
"(0.8899966931216932, 0.9861310021084456)",1,96.10337114122837,24393
"(0.7668537890977591, 0.9756756090457394)",1,96.10328199886322,24394
"(0.798857609139127, 0.964269276237512)",1,96.10316968565512,24395
"(0.7943622269203664, 0.964269276237512)",2,96.10271316744112,24397
"(0.9392111404005912, 0.960851077856154)",6,96.10260033722808,24403
"(0.8460636535055139, 0.9538370349708868)",1,96.10247397476716,24404
"(0.4423707251851418, 0.9722222222222222)",1,96.10247306625445,24405
"(0.9364970967817766, 0.9680383516315252)",2,96.10242299950433,24407
"(0.9153439153439156, 0.9833229101521784)",1,96.10216707220678,24408
"(0.916104916104916, 1.0)",1,96.10192052097192,24409
"(0.8484583260465807, 0.9733100340157348)",1,96.10183567173932,24410
"(0.9392111404005912, 0.9681034738761426)",1,96.10181948618708,24411
"(0.9012059369202228, 0.9749910873440284)",1,96.10162008768872,24412
"(0.9326599326599326, 1.0)",1,96.1013807532044,24413
"(0.8334507869391591, 0.9643944553313464)",1,96.10133639536149,24414
"(0.4776542240827955, 1.0)",1,96.10121005186603,24415
"(0.9003556829643787, 0.9665831244778612)",1,96.10118611218095,24416
"(0.917283950617284, 0.9861673414304992)",1,96.10112680586496,24417
"(0.9153127183787562, 0.9861673414304992)",2,96.10110708338092,24419
"(0.861111111111111, 0.9833229101521784)",1,96.10094992368028,24420
"(0.917001490200517, 0.9624885121068328)",1,96.10089411808966,24421
"(0.9665831244778612, 1.0)",1,96.10079239718836,24422
"(0.9645938855657314, 0.960851077856154)",3,96.10077181762338,24425
"(0.8455917807202996, 0.964269276237512)",1,96.10057047544986,24426
"(0.9538331745788698, 0.9644491481508056)",2,96.10050519723376,24428
"(0.9645238095238096, 0.9712822597033124)",1,96.1004219626188,24429
"(0.7729389061386163, 0.988167361639188)",1,96.10041214728108,24430
"(0.8726893261776982, 0.9764666952752286)",2,96.10036173445624,24432
"(0.9498754528985508, 0.9505232430050672)",1,96.1002817372171,24433
"(0.7440767664806348, 0.964269276237512)",2,96.10023996209937,24435
"(0.9303715638302106, 1.0)",1,96.10017550549942,24436
"(0.4737094237094237, 0.972420634920635)",1,96.099931827686,24437
"(0.9916585206907788, 0.8254391640033368)",1,96.09970961209996,24438
"(0.7802197802197803, 1.0)",2,96.09937029972647,24440
"(0.8796475392220073, 0.9833229101521784)",1,96.0991926755444,24441
"(0.9873891625615764, 0.8087716932325226)",1,96.09907320052623,24442
"(0.917283950617284, 0.9861673414304992)",2,96.09905716105668,24444
"(0.9471243233098142, 0.9680383516315252)",1,96.09900111817772,24445
"(0.9873891625615764, 0.9668376068376068)",1,96.09888485933658,24446
"(0.9299160159815896, 0.9861673414304992)",1,96.09885334649778,24447
"(0.9502288074111276, 0.9644491481508056)",3,96.09880547000516,24450
"(0.9112176434209036, 0.9609357631051972)",3,96.09862430976396,24453
"(0.9748850895736324, 0.987463247273494)",1,96.09845162687884,24454
"(0.939055706563049, 0.9644491481508056)",6,96.09843984968552,24460
"(0.9362689940183164, 0.9677353740627908)",1,96.09842324238429,24461
"(0.7866279069767441, 0.9764666952752286)",1,96.0984160663978,24462
"(0.944563492063492, 1.0)",1,96.09841595099034,24463
"(0.8087623896023756, 0.9764666952752286)",1,96.09838353099748,24464
"(0.9114218054477384, 0.987463247273494)",1,96.09828762708884,24465
"(0.7725182451236846, 0.9764666952752286)",1,96.09818180170274,24466
"(0.7830369357045144, 0.9764666952752286)",1,96.09811101327892,24467
"(0.8751897860593512, 0.9861673414304992)",1,96.0980151312496,24468
"(0.9253213924599162, 0.9764666952752286)",1,96.09791988492807,24469
"(0.6636745887678723, 1.0)",2,96.0978736849222,24471
"(0.8561103441223091, 0.972045976510262)",1,96.09765057118916,24472
"(0.9459285785969274, 0.9610153569597296)",4,96.09750317526328,24476
"(0.8771929824561403, 0.9648252575884156)",1,96.0974648499258,24477
"(0.8876281048778143, 0.9677353740627908)",1,96.09740339548172,24478
"(0.958095238095238, 0.963605170709535)",1,96.09738132146688,24479
"(0.7923306301473605, 0.9643944553313464)",1,96.09734431848064,24480
"(0.7729389061386163, 0.988167361639188)",1,96.09713514409248,24481
"(0.8848365568890763, 0.9643944553313464)",2,96.09697516518352,24483
"(0.9165867390570612, 0.9609357631051972)",1,96.09697065048144,24484
"(0.8098502304147466, 0.9749910873440284)",1,96.09669838567642,24485
"(0.9073492428586464, 0.9714285714285714)",3,96.09649076946916,24488
"(0.8456272791248162, 0.967895529128406)",1,96.0964095616886,24489
"(0.5145696010475885, 0.9861310021084456)",1,96.09617892664218,24490
"(0.933096859926128, 0.9833229101521784)",1,96.0958258525402,24491
"(0.9224996008939976, 0.9749910873440284)",1,96.09574544249556,24492
"(0.8743078626799556, 0.9861310021084456)",1,96.09573695367186,24493
"(0.8420013166556946, 1.0)",1,96.09567580858524,24494
"(0.765692887308966, 0.9722222222222222)",1,96.09540293559134,24495
"(0.941687552213868, 0.9609357631051972)",1,96.09510209577589,24496
"(0.9009141059441464, 0.9916585206907788)",1,96.09510192256528,24497
"(0.852, 0.9622598627787308)",1,96.09471747845896,24498
"(0.8596618357487924, 0.972045976510262)",1,96.09471214759638,24499
"(0.8456659619450317, 0.9764666952752286)",1,96.0941029309113,24500
"(0.9531381014506703, 0.952999227799228)",1,96.09405452123754,24501
"(0.9641028246291404, 0.9676485688615069)",1,96.09397739574418,24502
"(0.7823116219667945, 0.9861673414304992)",1,96.0939502772586,24503
"(0.861111111111111, 0.9833229101521784)",1,96.09377420824364,24504
"(0.8874191651969431, 0.972420634920635)",1,96.09375261922688,24505
"(0.7651777469990767, 0.991206314397104)",4,96.09369489914988,24509
"(0.9460547122074636, 0.9707095350359106)",1,96.0936313902734,24510
"(0.8098502304147466, 0.9749910873440284)",1,96.09283401326638,24511
"(0.8586166985951469, 0.9861673414304992)",1,96.09274572635304,24512
"(0.8483418730488175, 0.9790476832523552)",1,96.0924570743593,24513
"(0.8016677935542034, 1.0)",1,96.09210213396086,24514
"(1.0, 1.0)",1,96.09206522169576,24515
"(0.950431439792024, 0.9644491481508056)",6,96.0920430604376,24521
"(0.8044914258149553, 0.9861310021084456)",1,96.09202486522236,24522
"(0.9764666952752286, 0.9643944553313464)",1,96.0918899679991,24523
"(0.8310777799491891, 0.9885557944107872)",1,96.09175822141904,24524
"(0.6164277827081168, 0.9767441860465116)",1,96.091156518118,24525
"(0.9501177394034536, 0.9644491481508056)",1,96.09092894118426,24526
"(0.950431439792024, 0.960851077856154)",1,96.09064878218066,24527
"(0.6804620726495727, 1.0)",2,96.09057210559838,24529
"(0.9572437766315318, 0.9681034738761426)",1,96.09052944930208,24530
"(0.7946380416968652, 0.9916585206907788)",1,96.09034809051758,24531
"(0.7923306301473605, 0.9764666952752286)",1,96.08974470722616,24532
"(0.5176470588235295, 0.976470588235294)",1,96.08949719875037,24533
"(0.9574285714285714, 0.9610153569597296)",1,96.08948826533862,24534
"(0.9061764476533613, 0.983149138443256)",1,96.08905363981728,24535
"(0.9012059369202228, 0.9749910873440284)",1,96.08888886312342,24536
"(0.9294287857678706, 0.9758777250199286)",1,96.0888275623984,24537
"(0.8796475392220073, 0.9833229101521784)",1,96.08858516833264,24538
"(0.7507808297997424, 0.9861673414304992)",1,96.08853945169692,24539
"(0.8229870141950848, 0.972281746031746)",1,96.08841188821016,24540
"(0.9640038239043044, 0.9676485688615069)",1,96.08822346139635,24541
"(0.7729742929217565, 0.9756755424154988)",1,96.08780249179463,24542
"(0.9833229101521784, 0.9833229101521784)",1,96.08752078859918,24543
"(0.9364970967817766, 0.9644491481508056)",1,96.0874729705497,24544
"(0.8621031746031745, 0.9722222222222222)",1,96.08719867816016,24545
"(0.8898894074675324, 0.960851077856154)",3,96.08710819771994,24548
"(0.92008547008547, 0.9644491481508056)",1,96.08691020991633,24549
"(0.9369891588710956, 0.9749910873440284)",1,96.08681250367292,24550
"(0.9184901612842788, 0.9748802746905214)",1,96.0866263656386,24551
"(0.8691891027106093, 0.9644491481508056)",1,96.08656037120218,24552
"(0.7109688804604058, 0.9861310021084456)",1,96.08624915313764,24553
"(0.9575126626788776, 0.9609357631051972)",1,96.08612721124464,24554
"(0.8435371534737285, 0.9643944553313464)",1,96.08572486451142,24555
"(0.8880748880748881, 0.9861310021084456)",1,96.0854327945456,24556
"(0.9362689940183164, 0.960666032023912)",1,96.08491705569476,24557
"(0.9364970967817766, 0.9680383516315252)",2,96.08488772213516,24559
"(0.9580331374974232, 1.0)",1,96.08475925790812,24560
"(0.8266173510466989, 0.9861673414304992)",1,96.08454918557592,24561
"(0.4685034316109736, 0.9831071825249909)",1,96.08442452509522,24562
"(0.5192654074004637, 0.9749976368471018)",1,96.0843617195207,24563
"(0.8148308968977662, 0.9861310021084456)",1,96.08435765072838,24564
"(0.899240792038576, 0.9604782992262008)",3,96.08377720618022,24567
"(0.8395301149279116, 0.9764666952752286)",1,96.0836437406111,24568
"(0.8796475392220073, 1.0)",1,96.08330838636348,24569
"(0.975479255167798, 0.9958292603453894)",4,96.08321151527474,24573
"(0.9308697752778572, 0.9712822597033124)",1,96.08314183456751,24574
"(0.7431039136302294, 0.9749910873440284)",1,96.0831368109629,24575
"(0.9537330920118182, 0.9644491481508056)",3,96.08271873609188,24578
"(0.8725285568772964, 0.972045976510262)",1,96.0825327331325,24579
"(0.7348436174331348, 0.9861673414304992)",1,96.08243669918969,24580
"(0.8586166985951469, 1.0)",1,96.0821682895692,24581
"(0.838301471154743, 0.972045976510262)",1,96.08212885795623,24582
"(0.7906364749082007, 0.9529751605618932)",1,96.08201208617264,24583
"(0.8422693146507633, 0.9692608993981562)",1,96.08198818183092,24584
"(0.8879608405415911, 0.9766918866148322)",2,96.08187551639114,24586
"(0.8810064268049709, 0.9736189431913116)",1,96.0818737009664,24587
"(0.8715701474388204, 0.972045976510262)",1,96.08180508676354,24588
"(0.8715701474388204, 0.972281746031746)",1,96.08150843713302,24589
"(0.8593554593554595, 0.9861673414304992)",1,96.08148842072872,24590
"(1.0, 1.0)",1,96.08143511944024,24591
"(0.902898027898028, 0.9861310021084456)",1,96.08126775564271,24592
"(0.7891673497098101, 0.9824126287942077)",1,96.08116201013009,24593
"(0.8456659619450317, 0.9764666952752286)",1,96.08109170930398,24594
"(0.8843764852418178, 0.9764666952752286)",1,96.08107971511512,24595
"(0.8208353559736048, 0.9861673414304992)",1,96.08067581155868,24596
"(0.901028965681318, 0.9764666952752286)",1,96.08032222978794,24597
"(0.9343984962406016, 0.9642857142857144)",1,96.08003662978128,24598
"(0.9665831244778612, 1.0)",2,96.08003530966528,24600
"(0.9045708198051948, 0.9645238095238096)",1,96.07999997806684,24601
"(0.8796475392220073, 1.0)",1,96.07982914856596,24602
"(0.8711611700834614, 0.9764666952752286)",1,96.07933450758148,24603
"(0.8702889400021048, 0.9645238095238096)",5,96.07902398689367,24608
"(0.7304951237809453, 0.9643944553313464)",1,96.07874907848164,24609
"(0.765692887308966, 0.9861310021084456)",2,96.0787377793302,24611
"(0.6992775742775743, 0.9861310021084456)",1,96.07871228336188,24612
"(0.8814591883264935, 0.9643944553313464)",2,96.07870144533564,24614
"(0.8435371534737285, 0.9643944553313464)",2,96.07851844368923,24616
"(0.8567210567210567, 0.9861673414304992)",1,96.07845764032228,24617
"(0.9294287857678706, 0.964269276237512)",1,96.07843351384308,24618
"(0.8843764852418178, 0.9764666952752286)",2,96.078403932075,24620
"(0.902350121335084, 0.9861673414304992)",1,96.077555159325,24621
"(0.8777335856148074, 0.9780434995701116)",1,96.07744774076178,24622
"(0.9640038239043044, 0.9749692931061258)",3,96.07742957858532,24625
"(0.7923306301473605, 0.9643944553313464)",1,96.07732136180752,24626
"(0.917415489944373, 1.0)",1,96.0771778819712,24627
"(0.9114218054477384, 0.9916585206907788)",1,96.07716102810446,24628
"(0.9566795633209296, 0.9641028246291404)",1,96.07683812999214,24629
"(0.9361428571428572, 0.960851077856154)",3,96.0766942040214,24632
"(0.9110813074094206, 0.9766918866148322)",1,96.07665198254296,24633
"(0.9583930063253372, 1.0)",1,96.07665153040244,24634
"(0.8475002808673183, 0.9861673414304992)",1,96.07664645522166,24635
"(0.8557264819266099, 0.9766918866148322)",1,96.0765756729943,24636
"(0.7976364522417154, 0.9648252575884156)",3,96.0765034632713,24639
"(0.8153535353535353, 0.972045976510262)",1,96.07637862231304,24640
"(0.7880931329207191, 1.0)",1,96.07592744252476,24641
"(0.4423707251851418, 0.9861310021084456)",1,96.07584572672135,24642
"(1.0, 0.9833229101521784)",1,96.07576119937494,24643
"(0.6260123507862112, 0.9766918866148322)",1,96.07573198200028,24644
"(0.9348222545262322, 0.9539272400433172)",1,96.07561070724662,24645
"(0.9833229101521784, 1.0)",1,96.07554003669225,24646
"(0.7923306301473605, 0.9643944553313464)",1,96.07499237204958,24647
"(0.8333192389006343, 0.9766918866148322)",2,96.07491321936418,24649
"(0.7772049591964847, 0.9861673414304992)",2,96.074721991155,24651
"(0.9022759891180944, 0.972045976510262)",2,96.07469459000188,24653
"(0.9569233895549684, 0.9643698138596096)",1,96.07460823602388,24654
"(0.8158879904162925, 1.0)",4,96.07443604578796,24658
"(0.9640038239043044, 0.978621888315766)",1,96.07423446385992,24659
"(0.9012059369202228, 0.9749910873440284)",1,96.07381251696094,24660
"(0.6042502004811546, 1.0)",1,96.0737984753481,24661
"(0.8451478848040399, 0.972045976510262)",1,96.07354306076816,24662
"(0.9388917411828462, 0.9572437766315318)",3,96.07342500525846,24665
"(0.7880931329207191, 1.0)",1,96.07290896334176,24666
"(0.8920217788143652, 0.9916625936787228)",1,96.07289179247071,24667
"(0.8871966240387292, 0.9861673414304992)",1,96.0728346058426,24668
"(0.5187734941865547, 0.972281746031746)",1,96.0725321140387,24669
"(0.9528533742496432, 0.9642857142857144)",1,96.07247073904806,24670
"(0.9574285714285714, 0.9609357631051972)",3,96.07241049051918,24673
"(0.8898894074675324, 0.9680383516315252)",1,96.0717571472778,24674
"(0.8907966222338917, 0.965618292500013)",1,96.07164434728855,24675
"(0.6432772815188069, 0.972045976510262)",1,96.07160403895767,24676
"(0.9022759891180944, 0.972045976510262)",1,96.07147355668502,24677
"(0.9240041208791208, 0.9749910873440284)",2,96.07143810717577,24679
"(0.8068904981347378, 1.0)",1,96.07107595730884,24680
"(0.9288982963016116, 0.9681034738761426)",1,96.07106929869812,24681
"(0.917001490200517, 0.9599909979745442)",1,96.07084115774173,24682
"(0.9073492428586464, 0.9749692931061258)",1,96.07039877067224,24683
"(0.8801420274178757, 0.9643944553313464)",1,96.07028995201496,24684
"(0.8993128964059197, 0.9643944553313464)",2,96.0701646959483,24686
"(0.9537330920118182, 0.9609357631051972)",3,96.07007357476158,24689
"(0.9603476243044132, 0.9569233895549684)",3,96.0700443101448,24692
"(0.9019292060258446, 0.9861673414304992)",2,96.07001780263973,24694
"(0.9539272400433172, 0.9609357631051972)",1,96.06990264337102,24695
"(0.6526770767943084, 0.9861673414304992)",1,96.06989089530856,24696
"(0.9398731501057084, 0.9766918866148322)",1,96.0696227873786,24697
"(0.9294287857678706, 0.964269276237512)",2,96.06947807911044,24699
"(0.9326599326599326, 0.9833229101521784)",2,96.06947412490084,24701
"(0.939055706563049, 0.9680383516315252)",1,96.06943488076884,24702
"(0.9288982963016116, 0.9751409401578528)",1,96.0693565537027,24703
"(0.8044914258149553, 0.9861310021084456)",1,96.06921667195034,24704
"(0.8777335856148074, 0.9780434995701116)",1,96.06920027420942,24705
"(0.8456659619450317, 0.9764666952752286)",2,96.06916019352153,24707
"(0.8558852999963277, 0.9643944553313464)",1,96.06900338955066,24708
"(0.7090909090909091, 1.0)",1,96.0684175241873,24709
"(0.8456659619450317, 0.9764666952752286)",2,96.0682626282522,24711
"(0.9227792207792208, 0.9607612022680516)",1,96.06817465923557,24712
"(0.8586166985951469, 0.972045976510262)",1,96.06809557741164,24713
"(0.9022759891180944, 0.972045976510262)",1,96.06807286128004,24714
"(0.9860411258716344, 0.972045976510262)",1,96.0676536971026,24715
"(0.7923306301473605, 0.9764666952752286)",1,96.06753918488448,24716
"(0.9297564829445116, 0.9680383516315252)",1,96.0672143500104,24717
"(0.6173922423091859, 0.9643944553313464)",1,96.06720791092064,24718
"(0.8947046219773493, 0.9764666952752286)",1,96.06711604857358,24719
"(0.9499687304565352, 0.9833229101521784)",1,96.06692350741758,24720
"(0.8955173107890498, 0.9749910873440284)",1,96.06677552706157,24721
"(0.9273504273504276, 0.9644491481508056)",1,96.06609138093434,24722
"(0.9459285785969274, 0.9751409401578528)",1,96.06602793272812,24723
"(0.553156146179402, 0.9882048106149588)",1,96.06602382284304,24724
"(0.9188863189008992, 0.9650450950662368)",2,96.06601908447188,24726
"(0.7803195571784078, 0.9780434995701116)",6,96.06591334316204,24732
"(0.799275702501509, 1.0)",1,96.06555211028125,24733
"(0.9491452991452992, 0.9642857142857144)",1,96.06554104956416,24734
"(0.9535144014828052, 0.9681034738761426)",1,96.06504604699468,24735
"(0.9603476243044132, 0.9713574016563148)",1,96.06499180576208,24736
"(0.9253213924599162, 0.9766918866148322)",1,96.06479578810098,24737
"(0.8390424521630195, 0.9861673414304992)",1,96.06473780912758,24738
"(0.9832184229069656, 0.9453016155957332)",1,96.0646975280056,24739
"(0.9460547122074636, 0.9832925076188832)",1,96.06465913660244,24740
"(0.8806608357628766, 0.9609357631051972)",3,96.06455890869456,24743
"(0.9609357631051972, 0.9749692931061258)",1,96.06454428826213,24744
"(0.6767580302172832, 0.972281746031746)",1,96.06435430132416,24745
"(0.8596618357487924, 0.972045976510262)",1,96.06432362324992,24746
"(0.7866279069767441, 0.9764666952752286)",1,96.0641512657708,24747
"(0.9586562930696936, 0.9958292603453894)",1,96.06400108173894,24748
"(0.8193419055822156, 0.9861673414304992)",2,96.06382278839462,24750
"(0.8868677229932935, 0.9780434995701116)",1,96.06351336003836,24751
"(0.9331814008429188, 0.9650076460904662)",1,96.0633576427884,24752
"(0.9240041208791208, 0.9749910873440284)",1,96.06322619970672,24753
"(0.9491452991452992, 0.9749692931061258)",2,96.06322171985576,24755
"(0.8777335856148074, 0.9780434995701116)",1,96.0630634252054,24756
"(0.865587044534413, 0.9780434995701116)",1,96.06301575725335,24757
"(0.8899966931216932, 0.9861310021084456)",1,96.06297131113712,24758
"(0.6749447402728794, 0.9861310021084456)",1,96.06295512973152,24759
"(0.9187883397948668, 0.9751409401578528)",1,96.06278119345244,24760
"(0.7440767664806348, 0.964269276237512)",1,96.06277316278836,24761
"(0.9422394177612392, 0.9712822597033124)",1,96.06260709921244,24762
"(0.987463247273494, 0.9916666666666668)",2,96.06238236549112,24764
"(0.8395301149279116, 0.9650450950662368)",1,96.06185091202894,24765
"(0.7278086237149632, 1.0)",1,96.06149367864587,24766
"(0.8584175084175085, 0.972420634920635)",2,96.06143948028291,24768
"(0.8806608357628766, 0.960851077856154)",3,96.06139909671964,24771
"(0.7786375661375661, 1.0)",1,96.06137256753507,24772
"(0.8495378883833893, 0.9874877810361682)",1,96.06131375368147,24773
"(0.837707400507675, 1.0)",1,96.06129591110748,24774
"(0.8801420274178757, 0.9643944553313464)",1,96.06123793769945,24775
"(0.8395301149279116, 0.9764666952752286)",1,96.0611595174526,24776
"(0.930704099821747, 1.0)",1,96.06109896522412,24777
"(0.9408363037601548, 0.9834399497824544)",1,96.0610685397886,24778
"(0.4468328406505846, 0.9861673414304992)",1,96.06097587949446,24779
"(0.9610899532226684, 0.960851077856154)",6,96.06094943674924,24785
"(0.9833229101521784, 1.0)",1,96.06085517085414,24786
"(0.8136244723706807, 0.9643944553313464)",1,96.06078512062356,24787
"(0.8753086419753084, 0.9861310021084456)",1,96.06077294333905,24788
"(0.7458851447555765, 0.9764666952752286)",1,96.06050957566164,24789
"(0.7278086237149632, 0.986081059422206)",1,96.060068159059,24790
"(0.911234030893585, 0.978518051242236)",1,96.05994740781948,24791
"(0.5840612548892117, 0.9766856628093128)",1,96.05920789436846,24792
"(0.9157097551404952, 0.9834399497824544)",1,96.05909077423668,24793
"(0.8374727668845315, 1.0)",2,96.05902245496554,24795
"(0.9269284534248317, 0.9650076460904662)",1,96.05889411740787,24796
"(0.950431439792024, 0.9575126626788776)",1,96.05885850675692,24797
"(0.9223799456357596, 0.9764666952752286)",1,96.05876042059408,24798
"(0.8594436844505243, 0.9643944553313464)",1,96.05835350707753,24799
"(0.9199973910846122, 0.9664848197343454)",2,96.0583303761546,24801
"(0.987463247273494, 0.8149939154547449)",1,96.05830204020438,24802
"(0.8459744503862151, 0.972045976510262)",1,96.05823037836645,24803
"(0.8460636535055139, 0.942217624820578)",2,96.05817507613,24805
"(0.8518774267621343, 0.988167361639188)",1,96.0579329017199,24806
"(0.6575398846941737, 0.9882048106149588)",1,96.057924260931,24807
"(0.9297564829445116, 0.960851077856154)",3,96.05781952360458,24810
"(0.9835199925522506, 0.9587188120521454)",1,96.05752812131584,24811
"(0.9172008547008548, 0.9861673414304992)",1,96.05748891706018,24812
"(0.9343984962406016, 0.9642857142857144)",1,96.0572914625619,24813
"(0.8796475392220073, 1.0)",1,96.05725915983211,24814
"(0.8451478848040399, 0.958109559613319)",1,96.0572460158399,24815
"(0.9125533644430458, 0.9832925076188832)",2,96.05721908957511,24817
"(0.6444891298012474, 0.972281746031746)",2,96.05709892345357,24819
"(0.6736022307473716, 0.9861673414304992)",2,96.05679431193995,24821
"(0.7434518366201162, 0.9735486410250802)",1,96.05672170636998,24822
"(0.8796475392220073, 0.9833229101521784)",1,96.05652588226572,24823
"(0.8506653943511476, 0.9780434995701116)",1,96.05643779927026,24824
"(0.8796475392220073, 0.9833229101521784)",2,96.05633462136456,24826
"(0.8056354979267693, 0.9722222222222222)",1,96.0562505958312,24827
"(0.9916585206907788, 0.9829909379735984)",2,96.0562403059124,24829
"(0.7665484369555701, 0.9764666952752286)",1,96.05602019712438,24830
"(0.8404355452872972, 0.958109559613319)",1,96.0557963320473,24831
"(0.8767018960460375, 0.972420634920635)",1,96.05558631002582,24832
"(0.6444891298012474, 0.972281746031746)",1,96.05536395828057,24833
"(0.9309563801089225, 0.972281746031746)",1,96.0553565400824,24834
"(0.9198255060602112, 0.983305541180304)",2,96.05518935241304,24836
"(0.8895939931776995, 0.9749910873440284)",1,96.0551812404493,24837
"(0.6173922423091859, 0.9643944553313464)",1,96.05500913403624,24838
"(0.939055706563049, 0.9610899532226684)",1,96.054991665066,24839
"(0.9497171590194846, 0.9833229101521784)",1,96.05484972125058,24840
"(0.8422693146507633, 0.9648252575884156)",3,96.0546350057361,24843
"(0.4685034316109736, 0.9814164305514572)",1,96.05462072211763,24844
"(0.4827246972385666, 0.964269276237512)",1,96.05459892711016,24845
"(0.835848883169409, 0.9766918866148322)",1,96.05459199030314,24846
"(0.8726893261776982, 0.9764666952752286)",2,96.0545457458341,24848
"(0.859680733364944, 0.9861310021084456)",1,96.05439600622552,24849
"(0.9028964862298196, 0.9861673414304992)",1,96.05425958669493,24850
"(0.9429917021753756, 0.9641028246291404)",1,96.05416975765446,24851
"(0.8451478848040399, 0.972045976510262)",4,96.0539268165484,24855
"(0.7725182451236846, 0.9764666952752286)",1,96.0538037543372,24856
"(0.9262130464282252, 0.9563334234338596)",1,96.05363402594614,24857
"(0.9188863189008992, 0.9767441860465116)",1,96.05344576081076,24858
"(0.9432380952380952, 0.9609357631051972)",1,96.05337588266454,24859
"(0.9161952650324744, 1.0)",1,96.05332164342715,24860
"(0.8010054664946871, 0.9861673414304992)",1,96.05327353328808,24861
"(0.6749447402728794, 0.9861310021084456)",1,96.05318630511776,24862
"(0.8416827657517105, 0.9722222222222222)",1,96.05305247676048,24863
"(0.9427148033126296, 0.9681034738761426)",1,96.05271000230849,24864
"(0.9566795633209296, 0.9712030591234436)",1,96.05258518994428,24865
"(0.7994987468671678, 0.9833229101521784)",1,96.05218741095136,24866
"(0.9603476243044132, 0.9714285714285714)",2,96.05216734286547,24868
"(0.7168719671519223, 0.991206314397104)",1,96.05209696979828,24869
"(0.6870644599303137, 0.9861310021084456)",2,96.05188085401272,24871
"(0.9665831244778612, 0.9833229101521784)",1,96.0515727708427,24872
"(0.7976364522417154, 0.9736842105263158)",3,96.0514729457926,24875
"(0.926397848615755, 0.9824126287942077)",1,96.0514474652172,24876
"(0.930124456440246, 1.0)",1,96.05126066411142,24877
"(0.8848365568890763, 0.9643944553313464)",2,96.05118847067811,24879
"(0.8876281048778143, 0.9642857142857144)",1,96.05115168663876,24880
"(0.8883034087952121, 0.9861310021084456)",1,96.05082308063731,24881
"(0.8561103441223091, 0.972045976510262)",1,96.05059097980792,24882
"(0.940074233084456, 0.960851077856154)",5,96.05056916981508,24887
"(0.7882395382395383, 0.972045976510262)",1,96.05054341966358,24888
"(0.9610153569597296, 0.9644491481508056)",1,96.05038996533808,24889
"(1.0, 1.0)",1,96.05034864951789,24890
"(0.6969051878354204, 0.9538370349708868)",1,96.0502463042967,24891
"(0.902898027898028, 0.9861310021084456)",1,96.05007049052068,24892
"(0.4977026992639528, 0.9849993435489618)",1,96.05000630651892,24893
"(0.7980310463463742, 0.9739863825696145)",1,96.04959110022986,24894
"(0.8395301149279116, 0.9643944553313464)",1,96.04956106656267,24895
"(0.9243707071934514, 0.9619493197987822)",1,96.04934552411532,24896
"(0.9396279975262144, 0.9680383516315252)",1,96.0491268912868,24897
"(0.8131627957608075, 0.9528125324922884)",1,96.04892819652316,24898
"(0.9535144014828052, 0.960851077856154)",1,96.04868551658991,24899
"(0.8879608405415911, 0.988167361639188)",1,96.0484320027927,24900
"(0.9497171590194848, 0.9833229101521784)",1,96.04831025310472,24901
"(0.9431186370412892, 0.9645938855657314)",1,96.04826969649412,24902
"(0.7002945207922506, 0.9824126287942077)",1,96.04826463341436,24903
"(0.8416827657517105, 0.9861310021084456)",2,96.04825870103092,24905
"(0.8435371534737285, 0.9643944553313464)",1,96.04800296197794,24906
"(0.8848365568890763, 0.9522870228046522)",1,96.04791615159432,24907
"(0.8193419055822156, 0.9861673414304992)",1,96.04780961538742,24908
"(0.8746747225950852, 0.9648252575884156)",2,96.04761403236314,24910
"(0.8635976129582268, 1.0)",1,96.04731011978326,24911
"(0.8879608405415911, 0.9766918866148322)",1,96.04695296887574,24912
"(0.8294970161977834, 0.9833229101521784)",1,96.04665242291968,24913
"(0.786508365740383, 0.9882048106149588)",1,96.0465646531672,24914
"(0.927082576248316, 0.9790070055392638)",1,96.04643444206876,24915
"(0.861111111111111, 1.0)",1,96.04634958840064,24916
"(0.9535144014828052, 0.9644491481508056)",3,96.0463191406714,24919
"(0.9017623122369548, 0.9644491481508056)",1,96.0462507001173,24920
"(0.8068351665307889, 0.9861673414304992)",1,96.046250522122,24921
"(0.7259530953852703, 0.9643944553313464)",2,96.04611260016904,24923
"(0.8420013166556946, 1.0)",1,96.04605153359512,24924
"(0.9860411258716344, 0.9861310021084456)",1,96.04592318248218,24925
"(0.8266173510466989, 1.0)",1,96.04591077934774,24926
"(0.8420013166556946, 1.0)",1,96.0456025814294,24927
"(0.9227792207792208, 0.9642857142857144)",4,96.04557757978591,24931
"(0.9833229101521784, 0.9833229101521784)",1,96.04534688815367,24932
"(0.861111111111111, 0.9833229101521784)",1,96.04529439680526,24933
"(0.9238400660955778, 0.9645238095238096)",3,96.04519656745538,24936
"(0.866525722339676, 0.9416450721400784)",1,96.04516757120604,24937
"(0.882673371045464, 1.0)",1,96.0449690755556,24938
"(0.5626274989800081, 0.9764666952752286)",1,96.04495423205576,24939
"(0.8456659619450317, 0.9764666952752286)",1,96.04468276954758,24940
"(0.7278552747939785, 0.95153153367707)",1,96.04359817843036,24941
"(0.9146779555619334, 0.9681034738761426)",1,96.0435622018948,24942
"(0.9365496267832196, 0.9916585206907788)",1,96.043430703117,24943
"(0.9432380952380952, 0.960851077856154)",1,96.04342815257618,24944
"(0.8451478848040399, 0.972045976510262)",1,96.04308979246451,24945
"(0.9293300445873568, 0.9532816257816258)",1,96.04299499833908,24946
"(0.8137861130877186, 0.9764666952752286)",1,96.04249521327914,24947
"(0.9764666952752286, 0.9643944553313464)",2,96.04243909746155,24949
"(0.8518774267621343, 0.9764666952752286)",1,96.04186045755576,24950
"(0.9096837488457986, 0.9601502499942144)",1,96.04168572577416,24951
"(0.9665831244778612, 0.9833229101521784)",1,96.04167635064876,24952
"(0.8404355452872972, 0.972045976510262)",1,96.04151040583676,24953
"(0.9388917411828462, 0.9572437766315318)",1,96.04120571027114,24954
"(0.8329050741331443, 1.0)",1,96.04105029296385,24955
"(0.8461316551891829, 0.9861673414304992)",1,96.04102565895016,24956
"(0.8581022152450725, 0.972045976510262)",1,96.04076420520067,24957
"(0.7833537331701346, 0.9764666952752286)",1,96.04058309624304,24958
"(0.943552974917135, 0.9714285714285714)",1,96.04047330082818,24959
"(0.950431439792024, 0.9609357631051972)",1,96.04014520217407,24960
"(0.8087623896023756, 0.9764666952752286)",1,96.0399967424404,24961
"(0.9833229101521784, 1.0)",1,96.03983615595826,24962
"(0.8898894074675324, 0.9680383516315252)",1,96.039791654628,24963
"(0.8753086419753084, 0.9722222222222222)",1,96.03969940558302,24964
"(0.7002945207922506, 0.9736842105263158)",1,96.0395193610036,24965
"(0.9308697752778572, 0.9641028246291404)",1,96.03932161167673,24966
"(0.9294287857678706, 0.964269276237512)",1,96.03904354704474,24967
"(0.9308669192717862, 0.9861310021084456)",1,96.03887733627812,24968
"(0.6179693015417549, 1.0)",1,96.03870578348776,24969
"(0.4380978837816118, 0.9882320356476616)",1,96.03860738050746,24970
"(0.7440767664806348, 0.964269276237512)",2,96.03852771641893,24972
"(0.6825396825396824, 1.0)",1,96.03840153130044,24973
"(0.92008547008547, 0.9609357631051972)",2,96.03831092038224,24975
"(0.9680383516315252, 0.9712822597033124)",1,96.03828358549517,24976
"(0.8586166985951469, 1.0)",1,96.0380635026393,24977
"(0.7325800052772601, 0.9650450950662368)",1,96.0380451770901,24978
"(0.9012059369202228, 0.9622598627787308)",1,96.03789281644129,24979
"(0.8547143556631046, 0.9648252575884156)",3,96.03786317501384,24982
"(0.80285509389987, 1.0)",1,96.03768210708584,24983
"(0.5070372093557577, 1.0)",4,96.03762061604756,24987
"(0.7030725566042162, 0.9764666952752286)",1,96.03749886931136,24988
"(0.7394745529782975, 0.9722972972972974)",1,96.03749454302915,24989
"(0.7891673497098101, 0.9736842105263158)",1,96.03747791200712,24990
"(0.7873366943134386, 0.9764666952752286)",1,96.0372825704692,24991
"(0.7431039136302294, 0.9749910873440284)",1,96.0371679305181,24992
"(0.7873366943134386, 0.9764666952752286)",1,96.03700507969792,24993
"(0.8148308968977662, 0.9861673414304992)",1,96.0369059655148,24994
"(0.7852506868131869, 0.9573389777809668)",1,96.03640758828776,24995
"(0.9102539775554236, 0.9667207018931158)",2,96.03626541876646,24997
"(0.8580559516200404, 0.9650076460904662)",2,96.03625942557385,24999
"(0.8451478848040399, 0.972045976510262)",2,96.03624763126612,25001
"(0.9537330920118182, 0.9574285714285714)",1,96.03623338270114,25002
"(0.8619291086321716, 0.9722222222222222)",1,96.03618030599264,25003
"(0.9431186370412892, 0.960851077856154)",1,96.0361454572404,25004
"(0.8843764852418178, 0.9643944553313464)",1,96.03612371663056,25005
"(0.6880076348278104, 0.9692608993981562)",1,96.03597692416754,25006
"(0.7823116219667945, 0.9861673414304992)",1,96.03587012191592,25007
"(0.7601164382773579, 0.9665831244778612)",1,96.03585869419976,25008
"(0.8267878999825143, 0.964269276237512)",1,96.0357994122145,25009
"(0.861957198953386, 0.9416450721400784)",1,96.0357828527302,25010
"(0.987463247273494, 0.9711930111930112)",1,96.0356562429295,25011
"(0.9009133567957098, 0.972281746031746)",1,96.03559648673684,25012
"(0.9450323339212228, 0.972045976510262)",1,96.03545331398811,25013
"(0.8365328658269835, 0.9958292603453894)",1,96.0353979215281,25014
"(0.8580559516200404, 0.9650076460904662)",1,96.0353315478398,25015
"(0.8360613745229131, 0.9574997343733398)",1,96.0347104117051,25016
"(0.91326516498939, 0.9624633431085045)",1,96.03438607287336,25017
"(0.6173922423091859, 0.9643944553313464)",2,96.03427904795784,25019
"(0.950431439792024, 0.9572437766315318)",1,96.034088471818,25020
"(0.9161379295307868, 1.0)",1,96.03406458510509,25021
"(0.6730510127402202, 0.9824126287942077)",1,96.03397684713111,25022
"(0.957036102484472, 0.9503333333333333)",1,96.03389369716804,25023
"(0.8074780204479453, 0.9749910873440284)",1,96.03387878847424,25024
"(0.9425645194066248, 0.9610899532226684)",1,96.03383381275582,25025
"(0.8395301149279116, 0.9764666952752286)",1,96.03363504204388,25026
"(1.0, 1.0)",1,96.03359921117902,25027
"(0.7885399405560378, 0.9780434995701116)",3,96.03356844757226,25030
"(0.4423707251851418, 0.9861310021084456)",1,96.0335554919591,25031
"(0.952999227799228, 0.960851077856154)",1,96.03332393252852,25032
"(0.9361428571428572, 0.9643698138596096)",1,96.03318271937684,25033
"(0.8876281048778143, 0.9678176625650188)",1,96.032981435557,25034
"(0.8633762288330498, 1.0)",1,96.03258703428595,25035
"(0.8691891027106093, 0.960851077856154)",3,96.0325609166508,25038
"(0.8224316126353314, 0.972045976510262)",1,96.03244254497947,25039
"(0.8459266053144301, 0.9749910873440284)",1,96.03224121461236,25040
"(0.9574285714285714, 0.9572437766315318)",5,96.03212293984316,25045
"(0.9450323339212228, 0.972045976510262)",1,96.03162943766652,25046
"(0.9326599326599326, 1.0)",1,96.03134022028144,25047
"(0.9299160159815896, 0.972045976510262)",1,96.03119622895734,25048
"(0.8166003784222112, 0.9736189431913116)",3,96.03098332674892,25051
"(0.8308201058201059, 0.9861673414304992)",1,96.03075506282676,25052
"(0.8065954953750508, 0.9885557944107872)",1,96.03054672349415,25053
"(0.9502288074111276, 0.9679690637004894)",1,96.03052054345176,25054
"(0.8897212867434523, 0.9916585206907788)",1,96.0304455237064,25055
"(0.9225446428571428, 0.9749656593406592)",1,96.03024183437331,25056
"(0.9833229101521784, 1.0)",1,96.03007064260473,25057
"(0.874450386215092, 0.972281746031746)",1,96.03004244922424,25058
"(0.9153439153439156, 0.9833229101521784)",1,96.03000412056362,25059
"(0.9677353740627908, 0.9712822597033124)",1,96.02961974041486,25060
"(0.8580559516200404, 0.9538370349708868)",1,96.02942061590308,25061
"(0.7750729499528326, 0.974661008238922)",1,96.02913216039448,25062
"(0.9764666952752286, 0.9643944553313464)",1,96.02909426780316,25063
"(0.7296277808577878, 0.9706080577886652)",1,96.02903179458882,25064
"(0.7084717607973421, 0.9764666952752286)",1,96.0289416760112,25065
"(0.5070372093557577, 0.972281746031746)",1,96.0281377595249,25066
"(0.9497171590194846, 1.0)",1,96.02796829606268,25067
"(0.8517690928240017, 0.9643944553313464)",1,96.02794787458524,25068
"(0.8602994826284275, 0.988167361639188)",1,96.02790103568796,25069
"(0.8082530156998243, 0.9861310021084456)",1,96.02772618777732,25070
"(0.9506883741258744, 0.9575126626788776)",1,96.0274976301338,25071
"(0.9294287857678706, 0.964269276237512)",1,96.02743910004028,25072
"(0.9364970967817766, 0.960851077856154)",1,96.0274196865919,25073
"(0.9498370804822418, 0.9711669509771976)",2,96.02725924324476,25075
"(0.8416827657517105, 0.9861310021084456)",2,96.02711312321148,25077
"(0.9294287857678706, 0.964269276237512)",2,96.02693243505136,25079
"(0.8451478848040399, 0.972045976510262)",1,96.02675171943991,25080
"(0.7440767664806348, 0.964269276237512)",1,96.02639560336002,25081
"(0.9189396095602992, 0.9874877810361682)",1,96.02610866363575,25082
"(0.8475002808673183, 0.9861673414304992)",1,96.02579786117045,25083
"(0.8686559598432304, 0.9538370349708868)",2,96.02561791598669,25085
"(0.9012059369202228, 0.9622598627787308)",2,96.025161591876,25087
"(0.9502288074111276, 0.9609357631051972)",3,96.02497327421298,25090
"(0.8395301149279116, 0.9643944553313464)",1,96.02497011603064,25091
"(0.952999227799228, 0.9607612022680516)",1,96.02487493265654,25092
"(0.7725182451236846, 0.9764666952752286)",1,96.02481476129948,25093
"(0.9574285714285714, 0.9609357631051972)",1,96.02480959696229,25094
"(0.9003351064851267, 0.9604593619418418)",1,96.02480538671584,25095
"(0.9114218054477384, 0.9832925076188832)",1,96.0247356541938,25096
"(0.8610954024878075, 0.9644491481508056)",1,96.0246532101418,25097
"(0.6749447402728794, 0.9861310021084456)",1,96.02414794025368,25098
"(0.8715701474388204, 0.972045976510262)",1,96.0241282170855,25099
"(0.8971393451782321, 0.9648252575884156)",3,96.0240904286898,25102
"(0.7304742252709461, 0.9764666952752286)",1,96.024069931139,25103
"(0.4468328406505846, 0.9861673414304992)",1,96.02394717848844,25104
"(0.8748200797381125, 0.9861310021084456)",1,96.02393378300374,25105
"(0.9568045886851652, 0.9680383516315252)",3,96.02383145039693,25108
"(0.8762860082304527, 1.0)",1,96.02356773570494,25109
"(0.9425645194066248, 0.9680383516315252)",3,96.02351268469349,25112
"(0.9171223888843544, 0.95749335833724)",1,96.023323367625,25113
"(0.9499687304565352, 0.9833229101521784)",1,96.02283216475765,25114
"(0.9164652836623464, 1.0)",1,96.02276602467047,25115
"(0.9829909379735984, 0.9793622864590606)",2,96.02255152990344,25117
"(0.8632321428571428, 0.9643698138596096)",1,96.02242711317888,25118
"(0.8261738954323147, 0.9716214661514152)",1,96.0223308948508,25119
"(0.940074233084456, 0.9573389777809668)",1,96.02228238696874,25120
"(0.9665831244778612, 1.0)",1,96.02224886243512,25121
"(0.9424061182468868, 0.9680383516315252)",3,96.02206458548774,25124
"(0.8660545355265853, 0.9749910873440284)",2,96.02184319467148,25126
"(0.90224161204236, 0.9861310021084456)",1,96.02167060961736,25127
"(0.5187734941865547, 0.972281746031746)",1,96.0215039691082,25128
"(0.8695210904700781, 0.9874877810361682)",1,96.02143972446916,25129
"(0.362211854979326, 0.9807412800606676)",1,96.02132050532823,25130
"(0.929936943248924, 0.9624885121068328)",1,96.02124188143809,25131
"(0.9491452991452992, 0.9607612022680516)",1,96.02120571892344,25132
"(0.8422693146507633, 0.9648252575884156)",2,96.02118155470777,25134
"(0.9392111404005912, 0.9679690637004894)",1,96.02107084651227,25135
"(0.9146901709401708, 0.972281746031746)",1,96.02100836463624,25136
"(0.934065934065934, 0.9833229101521784)",2,96.02078656019546,25138
"(0.941687552213868, 0.971495851087688)",2,96.0206405839129,25140
"(0.9497171590194846, 1.0)",1,96.02060535561594,25141
"(0.8040695048423352, 1.0)",1,96.02047034319436,25142
"(0.9748850895736324, 0.9706972433696572)",1,96.020452110008,25143
"(0.835848883169409, 0.9766918866148322)",1,96.02022437729094,25144
"(0.9506883741258744, 0.9505232430050672)",1,96.02000559379158,25145
"(0.8613482996991135, 0.9791102677630192)",1,96.01975216997045,25146
"(0.8796475392220073, 1.0)",1,96.01958918133946,25147
"(0.8050115655679925, 0.9756756090457394)",1,96.01953498179134,25148
"(0.8478418336329888, 0.969334154098697)",1,96.01948567536746,25149
"(0.3445871414842349, 0.9844586079229916)",1,96.01938188613606,25150
"(0.97934925289764, 0.9791299139401608)",2,96.01870129720557,25152
"(0.9609357631051972, 0.9712030591234436)",1,96.01865942589212,25153
"(0.903907191101469, 0.9644491481508056)",1,96.01861686365189,25154
"(0.8596618357487924, 0.972045976510262)",2,96.01859679007764,25156
"(0.9364970967817766, 0.9681034738761426)",1,96.0185477174821,25157
"(0.9223799456357596, 0.9764666952752286)",1,96.01824066494618,25158
"(0.8395301149279116, 0.9764666952752286)",1,96.01810006782402,25159
"(0.5824792033805166, 0.9750012500312508)",1,96.01809850629688,25160
"(0.8435371534737285, 0.9643944553313464)",1,96.0180323521399,25161
"(0.7665484369555701, 0.988167361639188)",1,96.01800555805325,25162
"(0.947035873779261, 0.9610153569597296)",1,96.01763559292696,25163
"(0.8442988787957741, 0.9726350258202836)",1,96.0175824815743,25164
"(0.583006022518984, 0.9692608993981562)",1,96.01752300243142,25165
"(0.8372053872053872, 1.0)",1,96.01715978595378,25166
"(0.874450386215092, 0.972281746031746)",1,96.01712413838904,25167
"(0.9012059369202228, 0.9749910873440284)",1,96.01679630027212,25168
"(0.8561103441223091, 0.972045976510262)",1,96.0165345706068,25169
"(0.7852506868131869, 0.9645238095238096)",1,96.01643880672027,25170
"(0.7447170736590969, 0.9824126287942077)",1,96.01614277807552,25171
"(0.940074233084456, 0.960851077856154)",3,96.01608871815688,25174
"(0.9272595017275868, 0.9649991249781243)",1,96.0160021864033,25175
"(0.9160323884095494, 0.960851077856154)",1,96.01598519113853,25176
"(0.9240041208791208, 0.9749910873440284)",1,96.01586272196748,25177
"(0.852417321342681, 0.9649122807017544)",3,96.0158273240732,25180
"(0.9537330920118182, 0.9573389777809668)",1,96.01581435836022,25181
"(0.9235929095176316, 0.9645938855657314)",1,96.01579609350053,25182
"(0.8561103441223091, 0.972045976510262)",1,96.01577595251906,25183
"(0.8128441201209393, 0.964269276237512)",1,96.01577296267564,25184
"(0.9428571428571428, 0.9610153569597296)",1,96.01557151683733,25185
"(0.861111111111111, 1.0)",1,96.01548506592528,25186
"(0.9146779555619334, 0.9645938855657314)",1,96.01538773086212,25187
"(0.9294287857678706, 0.964269276237512)",2,96.0153411421644,25189
"(0.837707400507675, 1.0)",1,96.01516188681164,25190
"(0.8132775534810647, 0.964269276237512)",1,96.01504396106338,25191
"(0.960666032023912, 0.9605654571878554)",1,96.01497816599895,25192
"(0.8801420274178757, 0.9643944553313464)",2,96.0149067380593,25194
"(0.9243707071934514, 0.9619493197987822)",1,96.0143163436925,25195
"(0.8810064268049709, 0.9604782992262008)",2,96.0141413309406,25197
"(0.9427148033126296, 0.9716190476190476)",1,96.01412769699928,25198
"(0.8587195484254307, 0.9861310021084456)",1,96.01398608014355,25199
"(0.9566795633209296, 0.9638996361007746)",2,96.0138430284964,25201
"(0.9309563801089225, 0.972281746031746)",1,96.01382342678194,25202
"(0.8621031746031745, 0.9861310021084456)",1,96.0137187373846,25203
"(0.9217881259317724, 0.9644491481508056)",3,96.01371490042848,25206
"(0.9004206187154333, 0.9646309224447688)",3,96.01315606813542,25209
"(0.6825396825396824, 1.0)",1,96.01293289273856,25210
"(0.8547143556631046, 0.9604782992262008)",2,96.01276128448464,25212
"(0.933096859926128, 0.9833229101521784)",1,96.01273158976429,25213
"(0.8347775825943863, 0.9916585206907788)",1,96.01252655159774,25214
"(0.8201767124753505, 0.9780434995701116)",1,96.01251639199684,25215
"(0.9162596992611264, 0.972045976510262)",1,96.012377332785,25216
"(0.9643698138596096, 0.967895529128406)",1,96.01222275709188,25217
"(0.939055706563049, 0.9609357631051972)",1,96.01216352994996,25218
"(0.949938674876724, 0.9649859943977592)",1,96.0121560792638,25219
"(0.8333192389006343, 0.9766918866148322)",1,96.01179506377837,25220
"(0.8455704732698088, 0.972281746031746)",1,96.01178671098168,25221
"(0.7186738340996477, 0.9783779637860512)",1,96.01178419679592,25222
"(0.9442283950617284, 1.0)",2,96.0115953056021,25224
"(0.8124923632552741, 0.972420634920635)",1,96.0115551962448,25225
"(0.8898894074675324, 0.9645238095238096)",1,96.01145606053332,25226
"(0.9460809481025116, 0.960851077856154)",1,96.01143636257235,25227
"(0.8136244723706807, 0.9643944553313464)",1,96.01105101035404,25228
"(0.9609357631051972, 0.9575913511472004)",1,96.01081822630093,25229
"(0.9177366931314298, 0.9874877810361682)",1,96.01045563449244,25230
"(0.9350193449813944, 0.960851077856154)",1,96.01037901206176,25231
"(0.9566795633209296, 0.971495851087688)",1,96.01010642173244,25232
"(0.8715701474388204, 0.972045976510262)",4,96.00981658851975,25236
"(0.88164537452478, 0.960851077856154)",1,96.00950972156224,25237
"(0.8404355452872972, 0.972045976510262)",1,96.00918534119468,25238
"(0.8340799485585682, 0.9764666952752286)",1,96.00908188700636,25239
"(0.8796475392220073, 1.0)",1,96.00899534361363,25240
"(0.9428571428571428, 0.9572437766315318)",6,96.00889169274107,25246
"(0.9437903841498612, 1.0)",1,96.008557209266,25247
"(0.6526770767943084, 0.9861673414304992)",2,96.00854963781754,25249
"(0.8916989083023239, 0.9610153569597296)",4,96.00840674427336,25253
"(0.944563492063492, 1.0)",2,96.00825833251244,25255
"(0.5070372093557577, 0.972281746031746)",1,96.0081251124105,25256
"(0.8374874819183264, 0.9764666952752286)",1,96.0080975952822,25257
"(0.8876281048778143, 0.9607612022680516)",3,96.00780208815048,25260
"(0.7458851447555765, 0.9764666952752286)",1,96.00766993006886,25261
"(0.9450323339212228, 0.972045976510262)",1,96.00762940960747,25262
"(0.842200034135518, 0.9676485688615069)",1,96.00759435886016,25263
"(0.8276688453159042, 0.9736842105263158)",3,96.00745486936694,25266
"(0.9273504273504276, 0.9644491481508056)",3,96.00731264788897,25269
"(0.9645238095238096, 0.9712822597033124)",1,96.0072171964506,25270
"(0.593224625483241, 0.9690968282937898)",1,96.00708810231802,25271
"(0.8613133624575272, 0.9649859943977592)",1,96.0069861580843,25272
"(0.950431439792024, 0.9646594592893336)",1,96.00672228444616,25273
"(0.8395301149279116, 0.9764666952752286)",1,96.00667846761502,25274
"(0.6230074657754748, 0.9650076460904662)",1,96.00639852746768,25275
"(0.9497171590194848, 0.9833229101521784)",1,96.00638006465404,25276
"(0.9379369827374928, 0.97502985598876)",1,96.006322595802,25277
"(0.6318740442594193, 0.9648252575884156)",1,96.0063092541229,25278
"(0.9079075500409146, 0.979166518665308)",1,96.0059657081112,25279
"(0.8907966222338917, 0.9958292603453894)",1,96.0055941888414,25280
"(0.8855699370755157, 0.9535144014828052)",1,96.00542012474293,25281
"(0.7483025928896017, 0.95153153367707)",1,96.00541217506591,25282
"(0.9666666666666668, 1.0)",1,96.00515171723762,25283
"(0.5275402576489533, 0.9850007500187504)",1,96.00504056141436,25284
"(0.8201767124753505, 0.9780434995701116)",1,96.00496395979796,25285
"(0.8208353559736048, 0.9861673414304992)",1,96.0049535079604,25286
"(0.9531381014506703, 0.9346153846153848)",2,96.00491865034304,25288
"(0.960851077856154, 0.9644491481508056)",3,96.0047443617353,25291
"(0.831031066037186, 0.9764666952752286)",1,96.004645652243,25292
"(0.9833229101521784, 1.0)",1,96.00454815107916,25293
"(0.9494594905410846, 0.9643698138596096)",1,96.00451633411768,25294
"(0.9459285785969274, 0.9645238095238096)",1,96.00425502095102,25295
"(0.9538370349708868, 0.9764666952752286)",1,96.0042243320635,25296
"(0.922324745206372, 0.9599959995999598)",1,96.00407395182047,25297
"(0.8795903283708161, 0.9640038239043044)",1,96.0040659375327,25298
"(0.7856964763329513, 0.9861673414304992)",2,96.00400302121967,25300
"(0.945600047211127, 0.9642857142857144)",1,96.0037508304436,25301
"(0.8895939931776995, 0.9749910873440284)",1,96.0037345168966,25302
"(0.9293300445873568, 0.9832184229069656)",1,96.00364119203444,25303
"(0.8306479779411763, 0.9622598627787308)",1,96.00336701363652,25304
"(0.8691891027106093, 0.960851077856154)",1,96.00329951122605,25305
"(0.9297029951545278, 0.9624978905063408)",1,96.00322180311574,25306
"(0.5187734941865547, 0.9861310021084456)",1,96.00317102151546,25307
"(0.9189396095602992, 0.9916585206907788)",1,96.00313311176302,25308
"(0.8952438710847427, 0.9749993608330354)",1,96.00294488278637,25309
"(0.9080705009276436, 0.9644491481508056)",1,96.0029187357696,25310
"(0.4423707251851418, 0.9861310021084456)",1,96.0027791718681,25311
"(0.9609357631051972, 0.9676485688615069)",1,96.00266930540565,25312
"(0.8389313963994772, 0.9756753425211272)",1,96.00263204182212,25313
"(0.7289193040024178, 0.9780434995701116)",3,96.00256417864428,25316
"(0.919542746211962, 0.9572437766315318)",3,96.00240209913945,25319
"(0.8136244723706807, 0.9643944553313464)",1,96.002290455841,25320
"(0.6911324786324786, 0.972045976510262)",1,96.00221803314422,25321
"(0.8098502304147466, 0.9622598627787308)",1,96.00221321169694,25322
"(0.9206165335472736, 0.9874877810361682)",1,96.00220311591582,25323
"(0.917655049465296, 0.9958292603453894)",1,96.0021504577944,25324
"(0.9437903841498612, 0.972420634920635)",1,96.00205545525765,25325
"(0.9396279975262144, 0.961159640771458)",1,96.00205152508492,25326
"(0.8691891027106093, 0.9645938855657314)",1,96.00158143794708,25327
"(0.8996408045977011, 0.9749910873440284)",1,96.0015651036188,25328
"(0.8898894074675324, 0.9680383516315252)",3,96.00102768507855,25331
"(0.9388917411828462, 0.9645938855657314)",1,96.00077312143458,25332
"(0.893146638589877, 0.9764666952752286)",1,96.00062346690834,25333
"(0.9581458989353726, 1.0)",1,96.00025245730686,25334
"(0.9018806250259218, 1.0)",1,95.99962418330716,25335
"(0.3701287531347074, 0.9810798111572692)",1,95.9994686171798,25336
"(0.8586166985951469, 0.9861673414304992)",2,95.99943962344814,25338
"(0.9206165335472736, 0.987491854024112)",1,95.99923121906052,25339
"(0.9301209372637944, 0.9861310021084456)",1,95.99896690517024,25340
"(0.8631546198466533, 0.9764666952752286)",1,95.99885383476588,25341
"(0.9641028246291404, 0.9604593619418418)",1,95.99867922182636,25342
"(0.6173922423091859, 0.9643944553313464)",1,95.99861321609332,25343
"(0.9364970967817766, 0.960851077856154)",1,95.99856909069656,25344
"(0.9610899532226684, 0.9539272400433172)",1,95.99853376112898,25345
"(0.939055706563049, 0.9610899532226684)",1,95.99850651457608,25346
"(0.8848365568890763, 0.9643944553313464)",1,95.99842368760925,25347
"(0.7956835535720512, 0.9767441860465116)",1,95.99807495538626,25348
"(0.9832965806068272, 0.968679939078421)",1,95.99802608211536,25349
"(0.7340930674264006, 1.0)",1,95.99800734980695,25350
"(0.9583930063253372, 1.0)",1,95.99790660491672,25351
"(0.7852506868131869, 0.9680383516315252)",1,95.99762350408004,25352
"(0.8814591883264935, 0.9643944553313464)",1,95.99759593853636,25353
"(0.6173922423091859, 0.9643944553313464)",1,95.9975419856372,25354
"(0.9373666512059368, 0.9749910873440284)",2,95.99752506826756,25356
"(0.8876281048778143, 0.9643698138596096)",2,95.99738213291906,25358
"(0.8743078626799556, 0.9861310021084456)",1,95.99722932311109,25359
"(0.8229870141950848, 0.972281746031746)",1,95.99703361107412,25360
"(0.9318857896881138, 0.960851077856154)",2,95.99647515989436,25362
"(0.9474444882407044, 0.949954959463517)",1,95.99646853299642,25363
"(0.9609357631051972, 0.9749692931061258)",1,95.9963831300502,25364
"(0.9462256234379848, 0.960851077856154)",2,95.9963763715743,25366
"(0.9506883741258744, 0.9645238095238096)",1,95.995882161443,25367
"(0.8426040866925729, 0.9763512865720988)",1,95.99579772993864,25368
"(0.9184901612842788, 0.974656862745098)",1,95.99579206465178,25369
"(0.9666562434855118, 0.9833229101521784)",1,95.99579088307382,25370
"(0.8874735513743797, 0.964269276237512)",1,95.99574981303849,25371
"(0.8227768765625336, 0.9736467717854824)",1,95.99561933483652,25372
"(0.779286067193676, 0.9749910873440284)",1,95.99522007139286,25373
"(0.8374874819183264, 0.9764666952752286)",1,95.99480907222056,25374
"(0.9829909379735984, 0.9631716928911956)",1,95.99462252599665,25375
"(0.826388888888889, 1.0)",1,95.99449393761044,25376
"(0.9294287857678706, 0.964269276237512)",1,95.99435983204977,25377
"(0.7965746171391332, 1.0)",2,95.9941671588393,25379
"(0.7665484369555701, 0.9764666952752286)",1,95.99411759071546,25380
"(0.9658159033159032, 0.9832184229069656)",2,95.99401643860128,25382
"(0.8887202421952387, 1.0)",2,95.99387267953747,25384
"(0.9436368312757202, 0.9861310021084456)",2,95.99383086124163,25386
"(0.8460636535055139, 0.9764666952752286)",1,95.99362817741024,25387
"(0.7656073923822403, 1.0)",1,95.99344081229164,25388
"(0.8222222222222222, 1.0)",1,95.99334330659812,25389
"(0.9444901834607716, 0.9861310021084456)",1,95.99333662827785,25390
"(0.6880076348278104, 0.9648252575884156)",2,95.99315398148832,25392
"(0.9022759891180944, 0.972045976510262)",1,95.99306997565913,25393
"(0.828966378966379, 0.9861673414304992)",1,95.99301620000485,25394
"(0.8871966240387292, 0.9861673414304992)",1,95.99298760778512,25395
"(1.0, 1.0)",1,95.99294758009331,25396
"(0.9425645194066248, 0.9645938855657314)",1,95.99265522655344,25397
"(0.9269284534248317, 0.9764666952752286)",1,95.99254654672764,25398
"(0.9008627640703112, 1.0)",1,95.99247932492216,25399
"(0.8218185392856778, 0.9861673414304992)",3,95.99215370338186,25402
"(0.8947046219773493, 0.9643944553313464)",1,95.99212422539686,25403
"(0.7242579158812665, 0.986081059422206)",1,95.99205953241204,25404
"(0.9603476243044132, 0.9714285714285714)",1,95.99205204175308,25405
"(0.9233019263238024, 0.9876066164491212)",1,95.99190562787928,25406
"(0.930124456440246, 0.972420634920635)",1,95.99180690351704,25407
"(0.9269284534248317, 0.9764666952752286)",1,95.99180255884222,25408
"(0.9860411258716344, 0.972045976510262)",1,95.99179427005603,25409
"(0.8334750774705025, 0.9529751605618932)",1,95.9915820378554,25410
"(0.7852506868131869, 0.9609357631051972)",6,95.99135192180545,25416
"(0.943455134862934, 0.9502288074111276)",1,95.99119298507009,25417
"(0.8597791061504694, 0.9645938855657314)",1,95.99112058004616,25418
"(0.4776542240827955, 1.0)",1,95.99103948540622,25419
"(0.960851077856154, 0.960851077856154)",1,95.9909509553274,25420
"(0.9628689175769612, 0.9622598627787308)",1,95.99057577742298,25421
"(0.902192297684101, 0.9861310021084456)",1,95.99049056935375,25422
"(0.930124456440246, 0.972420634920635)",1,95.99048738214417,25423
"(0.6378166586499919, 1.0)",1,95.99001677123069,25424
"(0.9609357631051972, 0.9645238095238096)",1,95.98999604654902,25425
"(0.9428571428571428, 0.9680383516315252)",3,95.9897973337369,25428
"(0.9574285714285714, 0.9680383516315252)",1,95.9897666324209,25429
"(0.3821719537723012, 0.9790490123454184)",1,95.98976399529134,25430
"(0.7833537331701346, 0.9764666952752286)",1,95.98951212209305,25431
"(0.9110813074094206, 0.9764666952752286)",1,95.98906428846408,25432
"(0.6736022307473716, 0.9861673414304992)",1,95.98903039141744,25433
"(0.8567210567210567, 0.9861673414304992)",4,95.98893467016715,25437
"(0.9609357631051972, 0.9645938855657314)",1,95.98854794563968,25438
"(0.947035873779261, 0.9644491481508056)",1,95.98833193925886,25439
"(0.6432772815188069, 0.972045976510262)",1,95.98811019605436,25440
"(0.8685314685314685, 0.9643944553313464)",1,95.9880542405659,25441
"(0.424546256663045, 0.9714285714285714)",1,95.98801734332622,25442
"(0.6880076348278104, 0.9780434995701116)",1,95.98800320171836,25443
"(0.8056354979267693, 0.9861310021084456)",1,95.98797179742152,25444
"(0.9061764476533613, 0.9916585206907788)",1,95.98778853287396,25445
"(0.9184901612842788, 0.9536806622290492)",2,95.98759557313711,25447
"(0.9364970967817766, 0.9679690637004894)",1,95.98739364993033,25448
"(0.8374874819183264, 0.9764666952752286)",1,95.98735548120511,25449
"(0.7075825156110616, 0.991206314397104)",1,95.9871981343682,25450
"(0.9295946890286512, 1.0)",1,95.98717410419395,25451
"(0.7731997731997731, 0.9624885121068328)",1,95.98695758519912,25452
"(0.9418479305417444, 0.951578401747332)",1,95.9866967131754,25453
"(0.8300265307680562, 1.0)",1,95.98665776604736,25454
"(0.6611718926579557, 0.9861310021084456)",1,95.98651062666372,25455
"(0.9343984962406016, 0.960666032023912)",4,95.9864057721098,25459
"(0.8806608357628766, 0.9574285714285714)",1,95.98623297124342,25460
"(0.8148308968977662, 0.9861673414304992)",1,95.98578284124994,25461
"(0.8876473063973064, 0.972420634920635)",1,95.98566523755044,25462
"(0.7109688804604058, 0.972281746031746)",1,95.985657311752,25463
"(0.917001490200517, 0.9574976092405196)",1,95.98559904336076,25464
"(0.7803195571784078, 0.969334154098697)",1,95.9855146088996,25465
"(0.9712822597033124, 0.9676485688615069)",1,95.98544524970607,25466
"(0.812418383596075, 0.9767441860465116)",1,95.98541079391948,25467
"(0.8955173107890498, 0.9749910873440284)",1,95.98539811790184,25468
"(0.9230627959463646, 0.9493061979648474)",2,95.98536970979552,25470
"(0.9303715638302106, 1.0)",2,95.98528583456734,25472
"(0.8552744708994707, 1.0)",1,95.98505114997114,25473
"(0.9166145507608924, 1.0)",1,95.98500697089776,25474
"(0.7943622269203664, 0.9764666952752286)",1,95.98499776464632,25475
"(0.9314912029239976, 0.9650076460904662)",1,95.98497092427772,25476
"(0.7198480531813864, 1.0)",1,95.9849330481048,25477
"(0.9034438470728792, 0.9958292603453894)",1,95.984677433118,25478
"(0.7277677677677677, 1.0)",1,95.98461857370498,25479
"(0.960851077856154, 0.97502985598876)",3,95.98459053319084,25482
"(0.8563094906941128, 0.9648252575884156)",2,95.98451351482689,25484
"(0.5695633155937887, 0.9416450721400784)",1,95.98442559918767,25485
"(0.789994229453279, 0.9861673414304992)",1,95.98429022037328,25486
"(0.8340799485585682, 0.9764666952752286)",1,95.98417488884962,25487
"(0.9441792447111594, 0.986081059422206)",2,95.98406879251046,25489
"(0.8653198653198653, 1.0)",2,95.98387372734136,25491
"(0.90224161204236, 0.9861310021084456)",1,95.98380404857645,25492
"(0.9229651974750014, 0.987491854024112)",1,95.98365113249947,25493
"(0.9288982963016116, 0.9715593185206444)",2,95.98362943871766,25495
"(0.9122284504130496, 0.960851077856154)",3,95.9836160977014,25498
"(0.7525252525252526, 0.9624885121068328)",1,95.98359484935916,25499
"(0.8416827657517105, 0.9861310021084456)",1,95.98352374068662,25500
"(0.4890240875451667, 0.9780383018235684)",1,95.98335609000232,25501
"(0.6230074657754748, 0.9766918866148322)",1,95.98325523775854,25502
"(0.73687720936437, 1.0)",1,95.98311991358622,25503
"(0.8976982097186702, 1.0)",2,95.98299058793326,25505
"(0.8374874819183264, 0.9650450950662368)",1,95.9829530822638,25506
"(0.8753086419753084, 0.9861310021084456)",1,95.98281906607905,25507
"(0.9294287857678706, 0.964269276237512)",1,95.9825107047306,25508
"(0.9392111404005912, 0.9645938855657314)",1,95.9824901285301,25509
"(0.7103786816269286, 0.9824126287942077)",1,95.98234893291284,25510
"(0.8697983697983697, 1.0)",1,95.9820057642514,25511
"(0.9188863189008992, 0.9650450950662368)",1,95.98192723982189,25512
"(0.8885714285714285, 1.0)",1,95.98188673368364,25513
"(0.8130477958637364, 0.9736842105263158)",5,95.98172444456765,25518
"(0.842200034135518, 0.978621888315766)",1,95.98164839809296,25519
"(0.922324745206372, 0.9574976092405196)",1,95.98152854836376,25520
"(0.9497171590194848, 1.0)",1,95.98135868393167,25521
"(0.933096859926128, 1.0)",1,95.98133068568104,25522
"(0.8451478848040399, 0.972045976510262)",1,95.98118858156856,25523
"(0.9294630427335476, 0.9736842105263158)",1,95.9811816065502,25524
"(0.8898894074675324, 0.9572437766315318)",1,95.98091238521974,25525
"(0.6892156862745098, 0.9861673414304992)",1,95.98083352366656,25526
"(0.9641028246291404, 0.9677353740627908)",1,95.98081383858757,25527
"(0.9000617225831424, 0.9833229101521784)",1,95.98062060043142,25528
"(0.763830245642582, 0.978716131193554)",1,95.9803731200003,25529
"(0.9162596992611264, 0.958109559613319)",1,95.98007384706467,25530
"(0.9189485013229876, 0.9571428571428572)",1,95.9798533686008,25531
"(0.7944920440636475, 1.0)",1,95.97978678075404,25532
"(0.9425645194066248, 0.9644491481508056)",3,95.97964240494014,25535
"(0.901028965681318, 0.9764666952752286)",1,95.97952371623596,25536
"(0.95, 0.9645238095238096)",1,95.97945650520948,25537
"(0.9333333333333332, 1.0)",1,95.97917534089297,25538
"(0.9537330920118182, 0.9645238095238096)",1,95.97883376366644,25539
"(0.9233339198521971, 0.9681034738761426)",1,95.97865536401312,25540
"(0.6521663785997688, 1.0)",1,95.97852399248453,25541
"(0.9665831244778612, 0.9833229101521784)",1,95.97848004992072,25542
"(0.7374768177381903, 0.991206314397104)",4,95.97823719956662,25546
"(0.7823116219667945, 0.972420634920635)",1,95.97807666575363,25547
"(0.9162596992611264, 0.972045976510262)",1,95.97801754796367,25548
"(0.8420013166556946, 1.0)",1,95.97794475118263,25549
"(0.852, 0.9749910873440284)",1,95.9775076907884,25550
"(0.7447170736590969, 0.9780434995701116)",1,95.977379079215,25551
"(0.5730351811691473, 0.9783760086951576)",1,95.97726077894812,25552
"(0.8148308968977662, 0.9861673414304992)",1,95.9771952054548,25553
"(0.583006022518984, 0.9648252575884156)",3,95.97717373026302,25556
"(0.9279680209218476, 0.9916585206907788)",1,95.97705645497764,25557
"(0.7574146783449108, 1.0)",1,95.97702137923989,25558
"(0.6260123507862112, 0.9764666952752286)",1,95.9767958487545,25559
"(0.902192297684101, 0.9861310021084456)",2,95.97664131327706,25561
"(0.8173762627724085, 0.9624810060092922)",1,95.97645006259631,25562
"(0.8199566964749151, 0.964731521366774)",3,95.97594986625276,25565
"(0.8604872251931075, 0.972045976510262)",1,95.9759437110147,25566
"(0.9057330122004186, 0.9649122807017544)",1,95.97591933508738,25567
"(0.9161952650324744, 1.0)",1,95.97590942541784,25568
"(0.7002945207922506, 0.9824126287942077)",1,95.97555400767394,25569
"(0.9665831244778612, 1.0)",1,95.97546727851062,25570
"(0.8845244231527244, 0.9538370349708868)",1,95.97524317405836,25571
"(0.8131627957608075, 0.964269276237512)",1,95.97513388499536,25572
"(0.8887940768066828, 0.964269276237512)",1,95.97507281644732,25573
"(0.683178560611297, 0.9763512865722463)",1,95.97499875369274,25574
"(0.9665831244778612, 1.0)",1,95.97480371913798,25575
"(0.8581022152450725, 0.972045976510262)",1,95.97477389841224,25576
"(0.8352271364897016, 0.964269276237512)",1,95.9747687471922,25577
"(0.9177366931314298, 0.971478059763289)",1,95.97459213228096,25578
"(0.8478418336329888, 0.991206314397104)",3,95.9743390339079,25581
"(0.7516483516483518, 0.972420634920635)",1,95.97418095774285,25582
"(0.950431439792024, 0.9572437766315318)",3,95.97398864169983,25585
"(0.8087623896023756, 0.988167361639188)",1,95.97390720514666,25586
"(0.9583930063253372, 1.0)",1,95.9737976386235,25587
"(0.6179693015417549, 1.0)",1,95.97379392159382,25588
"(0.9161952650324744, 1.0)",1,95.97367130855058,25589
"(0.8753086419753084, 0.9861310021084456)",1,95.97319974208436,25590
"(0.852, 0.9749910873440284)",1,95.97311475962354,25591
"(0.7259530953852703, 0.9643944553313464)",1,95.97294268409787,25592
"(0.7578328648096089, 0.9764666952752286)",2,95.9728742036142,25594
"(0.8815620131409605, 0.9649122807017544)",3,95.97248712279756,25597
"(0.9184901612842788, 0.9707442546911238)",1,95.9724143852452,25598
"(0.9584385644218804, 0.972045976510262)",1,95.97222924833372,25599
"(0.9295538313113396, 0.9916585206907788)",1,95.97204180190056,25600
"(0.7516483516483518, 0.9861673414304992)",1,95.97186268230838,25601
"(0.9295946890286512, 1.0)",1,95.971815257197,25602
"(0.9609357631051972, 0.9715593185206444)",1,95.97181511299998,25603
"(0.8131627957608075, 0.964269276237512)",1,95.9717731349798,25604
"(0.8459266053144301, 0.9749910873440284)",1,95.97155440797832,25605
"(0.8662655059929975, 0.9692608993981562)",2,95.97146249351032,25607
"(0.9410852767304382, 0.9916585206907788)",1,95.97139401922048,25608
"(0.8957538774472412, 0.9692608993981562)",2,95.97134381920716,25610
"(0.8199566964749151, 0.964731521366774)",3,95.97133541425993,25613
"(0.8632321428571428, 0.960666032023912)",1,95.9711021881216,25614
"(0.8224713709935384, 0.9680383516315252)",1,95.9710929126565,25615
"(0.917469251615593, 1.0)",1,95.97107204472732,25616
"(0.8976982097186702, 1.0)",1,95.9710376495674,25617
"(0.6749447402728794, 0.9861310021084456)",1,95.97099879755434,25618
"(0.6020449077786688, 0.9764666952752286)",1,95.97094743101614,25619
"(0.9167853751187084, 1.0)",1,95.97089834655496,25620
"(0.5145696010475885, 0.9861310021084456)",1,95.970815787256,25621
"(0.7323163951070927, 0.9764666952752286)",1,95.9707236739972,25622
"(0.9392111404005912, 0.9645238095238096)",1,95.97069060604925,25623
"(0.939055706563049, 0.9610153569597296)",4,95.97062994488871,25627
"(0.4523958281268222, 0.9861310021084456)",1,95.9706214759675,25628
"(0.8166003784222112, 0.9692608993981562)",3,95.97057168747986,25631
"(0.8584175084175085, 0.972420634920635)",1,95.97044547712116,25632
"(0.5070372093557577, 0.9861310021084456)",1,95.97017400620406,25633
"(0.9610153569597296, 0.9644491481508056)",1,95.97004580584588,25634
"(0.8880748880748881, 0.972281746031746)",1,95.96948378223972,25635
"(0.7632275132275131, 0.986081059422206)",1,95.96943668024733,25636
"(0.9294287857678706, 0.964269276237512)",1,95.9693310248947,25637
"(0.943455134862934, 0.9644491481508056)",2,95.96860978567815,25639
"(0.7946380416968652, 0.9916585206907788)",1,95.96848050018306,25640
"(0.7725182451236846, 0.9764666952752286)",2,95.96794725275674,25642
"(0.9643698138596096, 0.960851077856154)",1,95.96791488913472,25643
"(0.842200034135518, 0.9678176625650188)",2,95.96787201258104,25645
"(0.9153439153439156, 0.9833229101521784)",1,95.96779914670316,25646
"(0.9645938855657314, 0.9609357631051972)",1,95.96741667748606,25647
"(0.9299160159815896, 1.0)",1,95.96709266843742,25648
"(0.8914897741591548, 0.9736842105263158)",1,95.96672610775956,25649
"(0.7837606837606838, 0.9861673414304992)",1,95.9666949451872,25650
"(0.8976982097186702, 1.0)",1,95.96664573455078,25651
"(0.8813457860512559, 0.974656862745098)",1,95.9664571019556,25652
"(0.8622520112492773, 0.987463247273494)",1,95.96634429978282,25653
"(0.831031066037186, 0.988167361639188)",1,95.9663090162808,25654
"(0.8735553405364725, 0.9861310021084456)",1,95.96623669992668,25655
"(0.6173922423091859, 0.9643944553313464)",2,95.96619861563416,25657
"(0.8492554891155506, 0.9643944553313464)",1,95.9660996656234,25658
"(0.8172993116003869, 0.9861673414304992)",1,95.9659955679026,25659
"(0.8880984643179766, 1.0)",1,95.96577135607264,25660
"(0.8845244231527244, 0.964269276237512)",1,95.9657032723716,25661
"(0.7602379596828609, 0.9749910873440284)",1,95.96566911963846,25662
"(0.9450323339212228, 0.972045976510262)",1,95.96564074595352,25663
"(0.9645938855657314, 0.9681034738761426)",1,95.9654610163372,25664
"(0.7075825156110616, 0.9780434995701116)",1,95.96529827718196,25665
"(0.9223799456357596, 0.9764666952752286)",1,95.96520852086104,25666
"(0.6880636496410006, 0.9764666952752286)",1,95.9651230222411,25667
"(0.8955173107890498, 0.9749910873440284)",1,95.9650942377357,25668
"(0.8137865219658889, 1.0)",1,95.964995546592,25669
"(0.8993128964059197, 0.9643944553313464)",1,95.96494337389616,25670
"(0.4794373036867545, 0.9841211775535648)",1,95.9649374297313,25671
"(0.95, 0.9716190476190476)",2,95.96474430261244,25673
"(0.8633762288330498, 1.0)",1,95.964626986363,25674
"(0.9539751547184644, 0.9916585206907788)",1,95.96457468267394,25675
"(0.9080705009276436, 0.9610153569597296)",4,95.96445087189718,25679
"(0.9445235834124724, 1.0)",2,95.9643515735934,25681
"(0.7923306301473605, 0.9643944553313464)",1,95.96376271131864,25682
"(0.8468089381754635, 0.986081059422206)",1,95.96339420995515,25683
"(0.8490208544183524, 0.972281746031746)",1,95.9632557509706,25684
"(0.8221762134805614, 0.972045976510262)",1,95.9630832440708,25685
"(0.8997493734335841, 1.0)",1,95.96304897293268,25686
"(0.8916138279602192, 0.97502985598876)",1,95.96270923629427,25687
"(0.7374768177381903, 0.991206314397104)",1,95.96259190716182,25688
"(0.6173922423091859, 0.9643944553313464)",1,95.96255411216794,25689
"(0.9471243233098142, 0.9644491481508056)",1,95.9625440779062,25690
"(0.9353850843324528, 0.960851077856154)",3,95.96252678473564,25693
"(0.8011433416753454, 0.9736477824290262)",1,95.9625134040837,25694
"(0.6760835913312693, 1.0)",1,95.96241841023358,25695
"(0.8056354979267693, 0.9722222222222222)",1,95.96241158110772,25696
"(0.9712822597033124, 0.952999227799228)",1,95.96216036069472,25697
"(0.8456659619450317, 0.9764666952752286)",1,95.96205263227496,25698
"(0.8016677935542034, 1.0)",1,95.9620321190398,25699
"(0.8753086419753084, 0.972045976510262)",1,95.96167179210585,25700
"(0.9425645194066248, 0.9644491481508056)",1,95.96166404698904,25701
"(0.9460809481025116, 0.9644491481508056)",1,95.96160361137866,25702
"(0.939866291344124, 0.960851077856154)",1,95.9614464912165,25703
"(0.6173922423091859, 0.9643944553313464)",1,95.96137415847234,25704
"(0.8074780204479453, 0.9749910873440284)",1,95.96136979058284,25705
"(0.9425645194066248, 0.9537330920118182)",1,95.96134947969732,25706
"(0.9029281534808432, 0.9861673414304992)",1,95.96109706334376,25707
"(0.8390424521630195, 0.9861673414304992)",1,95.9609025066902,25708
"(0.9233339198521971, 0.9610153569597296)",3,95.9608170611857,25711
"(0.7931469298245613, 0.960376642453574)",1,95.96062524579312,25712
"(0.9645938855657314, 0.9572437766315318)",1,95.96053049593752,25713
"(0.9017623122369548, 0.9680383516315252)",1,95.96029681796226,25714
"(0.8388048698116161, 0.9861673414304992)",1,95.96012310138384,25715
"(0.7885355651542701, 0.9644491481508056)",3,95.9599367151687,25718
"(0.9388917411828462, 0.960851077856154)",1,95.95988534434032,25719
"(0.8456659619450317, 0.9764666952752286)",1,95.9596903677154,25720
"(0.6880076348278104, 0.9736842105263158)",1,95.95968293083672,25721
"(0.9392111404005912, 0.9571428571428572)",1,95.95961597623904,25722
"(0.8581022152450725, 0.972045976510262)",4,95.95950328483968,25726
"(0.8622520112492773, 0.9747273037595618)",2,95.95948990025516,25728
"(0.9529411764705882, 0.940930997520722)",1,95.95933974145694,25729
"(0.7856964763329513, 0.972045976510262)",1,95.95931350565476,25730
"(0.8753086419753084, 0.9861310021084456)",1,95.95900879790484,25731
"(0.9311507936507936, 0.9861673414304992)",2,95.95888784652576,25733
"(1.0, 1.0)",1,95.95887534606484,25734
"(0.9609357631051972, 0.9644491481508056)",3,95.95873589838158,25737
"(0.6444891298012474, 0.972281746031746)",1,95.95842482870243,25738
"(0.9666666666666668, 0.9833229101521784)",1,95.95836867166398,25739
"(0.9303901487133776, 0.9572437766315318)",1,95.95818167025548,25740
"(0.8340166019865393, 0.9749910873440284)",1,95.95814851751312,25741
"(0.9098759089802734, 0.9748740959288628)",1,95.95813289699193,25742
"(0.8835857110930401, 0.9764666952752286)",1,95.95808182316972,25743
"(0.6521663785997688, 1.0)",1,95.95803381430426,25744
"(0.9665831244778612, 0.9833229101521784)",1,95.95791440756815,25745
"(0.7820135271430143, 0.9643944553313464)",1,95.95770675793057,25746
"(0.9161952650324744, 1.0)",1,95.95743056596328,25747
"(0.8796475392220073, 1.0)",1,95.95737743759145,25748
"(0.8883034087952121, 0.9861310021084456)",1,95.95732505963582,25749
"(0.8053381731676306, 0.972420634920635)",1,95.95723340275688,25750
"(0.9326599326599326, 1.0)",1,95.95722174000862,25751
"(0.9240756756756756, 0.9572437766315318)",3,95.95701500814306,25754
"(0.6730510127402202, 0.9736842105263158)",6,95.95690865443156,25760
"(0.8715701474388204, 0.972281746031746)",1,95.95688294294968,25761
"(0.7665484369555701, 0.9764666952752286)",1,95.9568098505528,25762
"(0.9568045886851652, 0.9538331745788698)",1,95.95631490827844,25763
"(0.8996408045977011, 0.9749910873440284)",1,95.9563043359255,25764
"(0.9187883397948668, 0.9610899532226684)",1,95.95629490116538,25765
"(0.8796475392220073, 1.0)",1,95.95593432987272,25766
"(0.82315815174266, 0.9764666952752286)",1,95.95580680014712,25767
"(0.9444901834607716, 0.9861673414304992)",2,95.95579780776038,25769
"(0.939055706563049, 0.9680383516315252)",1,95.95579424001086,25770
"(0.9603476243044132, 0.9573389777809668)",1,95.9557852614864,25771
"(0.950431439792024, 0.960851077856154)",3,95.95564070021388,25774
"(0.765692887308966, 0.9861310021084456)",1,95.9555787265789,25775
"(0.8746747225950852, 0.9692608993981562)",3,95.95556902471188,25778
"(0.8968435471383478, 0.9644491481508056)",1,95.95516403517048,25779
"(0.931200007971039, 0.9916585206907788)",2,95.95499770095216,25781
"(0.8796475392220073, 1.0)",1,95.95474243141088,25782
"(0.9012059369202228, 0.9749910873440284)",2,95.9546856390696,25784
"(0.7884092310206264, 0.9764666952752286)",1,95.95451690770918,25785
"(0.6981216457960644, 0.9650450950662368)",1,95.95423205042276,25786
"(0.9361428571428572, 0.9679690637004894)",1,95.95360954779632,25787
"(0.8395301149279116, 0.9643944553313464)",1,95.95356904309928,25788
"(0.8491999910545297, 0.97297228198166)",1,95.9535225420732,25789
"(0.7639004270430678, 0.9736485042834572)",1,95.95325539759298,25790
"(0.9166682405676116, 1.0)",1,95.95297840701495,25791
"(0.7259530953852703, 0.9643944553313464)",2,95.9529763985268,25793
"(0.6173922423091859, 0.9643944553313464)",1,95.95283657735136,25794
"(0.950175761409158, 0.987491854024112)",1,95.95279090870974,25795
"(0.6730510127402202, 0.9780434995701116)",1,95.9526142154,25796
"(0.7891673497098101, 0.9824126287942077)",6,95.9525148300014,25802
"(0.8456659619450317, 0.9650450950662368)",1,95.95196135376152,25803
"(0.7923306301473605, 0.9643944553313464)",1,95.95182607295428,25804
"(0.7803195571784078, 0.9824126287942077)",1,95.95161816277069,25805
"(0.9240041208791208, 0.9622598627787308)",1,95.95151031659051,25806
"(0.9791258409522168, 0.9873444118605408)",2,95.95148348486006,25808
"(0.9575126626788776, 0.9680383516315252)",1,95.95125362830268,25809
"(0.8813457860512559, 0.9709308412076194)",1,95.95116564639936,25810
"(0.8916052423523688, 0.9916585206907788)",1,95.9509121526068,25811
"(0.8103292776312431, 0.9610153569597296)",4,95.95090122385407,25815
"(0.8584175084175085, 0.972420634920635)",1,95.95089296829464,25816
"(0.8932254623044097, 0.9648252575884156)",1,95.95083352778236,25817
"(0.901028965681318, 0.9766918866148322)",1,95.9496046811855,25818
"(0.7259530953852703, 0.9643944553313464)",4,95.94955799396816,25822
"(0.8490208544183524, 0.972281746031746)",1,95.94914907434716,25823
"(0.8777335856148074, 0.9867922141511912)",1,95.9488362263506,25824
"(0.865581803207783, 0.956240913452974)",1,95.94874663207956,25825
"(0.8395301149279116, 0.9643944553313464)",1,95.9487163229052,25826
"(0.8306479779411763, 0.9749910873440284)",1,95.94856267339152,25827
"(0.8806608357628766, 0.9644491481508056)",1,95.94848881848434,25828
"(0.954238558835333, 0.979108734402852)",1,95.9484846945647,25829
"(0.8087623896023756, 0.988167361639188)",1,95.94836211778303,25830
"(0.8459266053144301, 0.9749910873440284)",1,95.94830721505308,25831
"(0.9535144014828052, 0.9645238095238096)",6,95.94821036923088,25837
"(0.9609357631051972, 0.960851077856154)",6,95.9480069701992,25843
"(0.8594436844505243, 0.9643944553313464)",1,95.9477305355112,25844
"(0.92008547008547, 0.9610153569597296)",1,95.94762862273195,25845
"(0.9764666952752286, 0.9643944553313464)",2,95.9476185312581,25847
"(0.9645938855657314, 0.9644491481508056)",3,95.94759545513536,25850
"(0.9712822597033124, 0.960666032023912)",1,95.94753527563282,25851
"(0.8593554593554595, 0.9861673414304992)",3,95.94738660235338,25854
"(0.7923306301473605, 0.9764666952752286)",1,95.94725545713716,25855
"(0.7083333333333334, 1.0)",1,95.94711384530424,25856
"(0.8715701474388204, 0.972045976510262)",1,95.94706762824303,25857
"(0.9832925076188832, 0.9916585206907788)",2,95.94701076393004,25859
"(0.7280584513944579, 0.9861673414304992)",1,95.94692789777466,25860
"(0.6870644599303137, 0.9861310021084456)",1,95.94688401315996,25861
"(0.7243716931216932, 0.972045976510262)",1,95.94676945057812,25862
"(0.842200034135518, 0.97502985598876)",1,95.9467308000774,25863
"(0.776960076960077, 0.9861310021084456)",1,95.94665795892128,25864
"(0.9425645194066248, 0.9572437766315318)",1,95.94645544611572,25865
"(0.9146779555619334, 0.9643698138596096)",1,95.94594193243891,25866
"(0.922324745206372, 0.9599909979745442)",1,95.945898177514,25867
"(0.6173922423091859, 0.9643944553313464)",1,95.9456761069172,25868
"(0.7294281157362763, 1.0)",1,95.94555868587624,25869
"(0.9230468061350414, 0.9832184229069656)",1,95.94553701019106,25870
"(0.7665484369555701, 0.9764666952752286)",1,95.94528731131098,25871
"(0.5840612548892117, 0.977361440698898)",1,95.944855593348,25872
"(0.8976982097186702, 0.9833229101521784)",1,95.94466826791869,25873
"(0.7885047499939597, 0.9643944553313464)",1,95.94451340486737,25874
"(0.7440767664806348, 0.964269276237512)",1,95.94431316888596,25875
"(0.8136244723706807, 0.9643944553313464)",1,95.9442996652446,25876
"(0.7243716931216932, 0.958109559613319)",1,95.9442243122072,25877
"(0.9502288074111276, 0.9751915907925552)",1,95.9439327226642,25878
"(0.8596618357487924, 0.972045976510262)",1,95.94386746441371,25879
"(0.8957538774472412, 0.960572483841182)",1,95.94383578012294,25880
"(0.9645238095238096, 0.9641028246291404)",1,95.94358312672313,25881
"(0.9154520780570968, 0.9664647106693826)",2,95.94330844807516,25883
"(0.3956814652052849, 0.9756756756756756)",1,95.94302223752496,25884
"(0.9315291971321268, 0.9873891625615764)",1,95.94289053120964,25885
"(0.930124456440246, 1.0)",1,95.94286277650372,25886
"(0.9377148530109056, 0.952014377580963)",1,95.94266577172964,25887
"(0.8026748971193415, 0.972420634920635)",1,95.94252876805852,25888
"(0.8596618357487924, 0.972045976510262)",1,95.94235667611576,25889
"(0.9571428571428572, 0.9575126626788776)",1,95.94221690826264,25890
"(0.6530678548222407, 0.9691818330194464)",1,95.94215069678512,25891
"(0.7404350561362756, 0.972420634920635)",1,95.94169321674224,25892
"(0.765692887308966, 0.9861310021084456)",1,95.94165745472635,25893
"(0.8955173107890498, 0.9749910873440284)",1,95.94162940375212,25894
"(0.8848365568890763, 0.9643944553313464)",1,95.94160677665562,25895
"(0.9332172991312776, 0.9746691048415188)",2,95.94147753353268,25897
"(0.9584987529902784, 1.0)",1,95.94144954273077,25898
"(0.9460547122074636, 0.966546941357188)",1,95.94135320638584,25899
"(0.952999227799228, 0.9642857142857144)",3,95.94116293490276,25902
"(0.930124456440246, 0.972045976510262)",4,95.94112248245932,25906
"(0.8306479779411763, 0.9622598627787308)",2,95.94102103412544,25908
"(0.852417321342681, 0.969334154098697)",1,95.94091778202625,25909
"(0.751080181203132, 0.9861673414304992)",1,95.94058093392138,25910
"(0.943552974917135, 0.97502985598876)",1,95.94054051314843,25911
"(0.8420013166556946, 1.0)",1,95.94006354085,25912
"(0.9603476243044132, 0.9607612022680516)",1,95.94005738337802,25913
"(0.917415489944373, 0.9665831244778612)",1,95.94000534557848,25914
"(0.8845244231527244, 0.9538370349708868)",1,95.93992502531114,25915
"(0.9279680209218476, 0.991777356103732)",2,95.93976652727945,25917
"(0.8895939931776995, 0.9749910873440284)",2,95.93971292862877,25919
"(0.8099604803972105, 0.9648252575884156)",1,95.93970890734714,25920
"(0.944073617452092, 1.0)",1,95.93957860734284,25921
"(0.9603476243044132, 0.9607612022680516)",4,95.93952154615964,25925
"(0.8621031746031745, 0.9861310021084456)",1,95.9394245719428,25926
"(0.861952861952862, 0.9722222222222222)",1,95.93932395699647,25927
"(0.8751897860593512, 0.9585145265646386)",1,95.93919557732482,25928
"(0.8087623896023756, 0.9764666952752286)",1,95.93912043798184,25929
"(0.9012857142857144, 0.9749910873440284)",1,95.93898831535226,25930
"(0.593224625483241, 0.9780434995701116)",1,95.93889429331747,25931
"(0.9431186370412892, 0.960851077856154)",1,95.93887420209194,25932
"(0.4737094237094237, 0.9861673414304992)",1,95.93881062704176,25933
"(0.7508151839547188, 1.0)",1,95.93874848944476,25934
"(0.939055706563049, 0.967895529128406)",1,95.93866574309698,25935
"(0.94291309888229, 0.9736842105263158)",1,95.93858811164358,25936
"(0.9080705009276436, 0.9610899532226684)",1,95.93849155203117,25937
"(0.8651903651903651, 1.0)",1,95.93837036686718,25938
"(0.6530678548222407, 0.9648252575884156)",1,95.9380438655544,25939
"(0.9304496233521656, 0.9861673414304992)",1,95.93793941407807,25940
"(0.7997685185185185, 0.9861673414304992)",4,95.93792136265446,25944
"(0.9575126626788776, 0.9609357631051972)",1,95.93782524179308,25945
"(0.8596618357487924, 0.972045976510262)",1,95.93781084489407,25946
"(0.9153439153439152, 1.0)",1,95.93777623423652,25947
"(0.9343984962406016, 0.9607612022680516)",1,95.93768987146493,25948
"(0.8916989083023239, 0.9645938855657314)",1,95.93762450083204,25949
"(0.3445871414842349, 0.9820937177281966)",1,95.93752505718064,25950
"(0.424546256663045, 0.9749692931061258)",1,95.93740502276438,25951
"(0.4747763864042934, 1.0)",1,95.93737593213802,25952
"(0.9161952650324744, 1.0)",1,95.93733544595445,25953
"(0.8835857110930401, 0.9764666952752286)",1,95.93710563920422,25954
"(0.9425645194066248, 0.9644491481508056)",1,95.93694646883684,25955
"(0.765692887308966, 0.9861310021084456)",1,95.93693845869804,25956
"(0.8874191651969431, 0.972420634920635)",1,95.93685583899048,25957
"(0.9505232430050672, 0.9681645071821834)",1,95.9366715530621,25958
"(0.9502288074111276, 0.9572437766315318)",3,95.93654747755666,25961
"(0.8334750774705025, 0.9529751605618932)",1,95.93633847980348,25962
"(0.7532376017916352, 1.0)",1,95.93619332126346,25963
"(0.4746453255640638, 0.9800655355013927)",1,95.93596678159574,25964
"(0.9303901487133776, 0.960666032023912)",1,95.93579780697212,25965
"(0.9362689940183164, 0.9712822597033124)",2,95.93574551992911,25967
"(0.9087308569669016, 0.9572437766315318)",3,95.935552350243,25970
"(0.8029092456511812, 0.97364814336425)",1,95.9354359848704,25971
"(0.9641028246291404, 0.9712030591234436)",1,95.9354098413775,25972
"(0.6698155645524068, 1.0)",1,95.93514803935624,25973
"(0.5466837142306626, 0.9861673414304992)",2,95.93502922829302,25975
"(0.917655049465296, 0.9916585206907788)",2,95.9348309055886,25977
"(0.8085976872468708, 0.9722222222222222)",1,95.934660937818,25978
"(0.917849761232425, 1.0)",1,95.93458683846428,25979
"(0.8952438710847427, 0.969588763420955)",1,95.93438088405902,25980
"(0.8621031746031745, 0.9861310021084456)",1,95.93405028570528,25981
"(0.7805215455557322, 0.9692608993981562)",1,95.93391249739278,25982
"(0.861111111111111, 1.0)",1,95.93375394990191,25983
"(0.8352271364897016, 0.964269276237512)",2,95.93368449483656,25985
"(0.5685296942699924, 0.9820915587666172)",1,95.9336563429504,25986
"(0.6384521701955596, 0.991206314397104)",1,95.93362303239482,25987
"(0.930124456440246, 1.0)",2,95.93361348166836,25989
"(0.9162596992611264, 0.972045976510262)",1,95.9333542954334,25990
"(0.9310483384791604, 0.9861673414304992)",1,95.93319673625038,25991
"(0.9161952650324744, 1.0)",1,95.93315590346587,25992
"(0.9537330920118182, 0.9645238095238096)",1,95.93313379930584,25993
"(0.8874735513743797, 0.964269276237512)",1,95.932752625629,25994
"(0.9198255060602112, 0.9916585206907788)",1,95.93273894589748,25995
"(0.8136244723706807, 0.9643944553313464)",1,95.93266535338331,25996
"(0.917955241105926, 0.9644491481508056)",3,95.93262796258344,25999
"(0.9192093318943212, 0.9764666952752286)",1,95.93256759494292,26000
"(0.9574285714285714, 0.9572437766315318)",1,95.93253946438756,26001
"(0.972281746031746, 0.9861673414304992)",2,95.93220779081264,26003
"(0.8300265307680562, 1.0)",1,95.93204854287728,26004
"(0.9162596992611264, 0.972045976510262)",1,95.93145903047366,26005
"(0.8972301136363636, 0.9643698138596096)",1,95.93133778261796,26006
"(0.8347775825943863, 0.987491854024112)",2,95.9313342470237,26008
"(0.8395301149279116, 0.9643944553313464)",1,95.93128259133844,26009
"(0.7259530953852703, 0.9643944553313464)",2,95.93124131790589,26011
"(0.9643944553313464, 0.9650076460904662)",1,95.93115098239257,26012
"(0.8631546198466533, 0.9764666952752286)",4,95.93110987198123,26016
"(0.9437903841498612, 1.0)",1,95.93109584507704,26017
"(0.8596618357487924, 0.972045976510262)",1,95.93100822591244,26018
"(0.8455704732698088, 0.972281746031746)",1,95.93097282143177,26019
"(0.8249504969211211, 0.988167361639188)",2,95.93092610908876,26021
"(0.9607612022680516, 0.9644491481508056)",3,95.93089642183035,26024
"(0.8632321428571428, 0.9642857142857144)",1,95.93085803934731,26025
"(0.8748200797381125, 0.9861310021084456)",1,95.93046654447402,26026
"(0.8840455840455841, 1.0)",1,95.93031579565044,26027
"(0.8560152956172172, 0.9749692931061258)",3,95.93008097069576,26030
"(0.9224996008939976, 0.9749910873440284)",1,95.93004001870662,26031
"(0.9379369827374928, 0.9641967520703932)",1,95.93000559242822,26032
"(0.9429917021753756, 0.9641967520703932)",1,95.92998245442612,26033
"(0.852, 0.9749910873440284)",1,95.9297969128326,26034
"(0.8621031746031745, 0.9861310021084456)",1,95.92977130595196,26035
"(0.8632321428571428, 0.9642857142857144)",4,95.9297371372427,26039
"(0.6969051878354204, 0.9764666952752286)",1,95.9293601220076,26040
"(0.8972301136363636, 0.9572437766315318)",2,95.92921911956604,26042
"(0.9177366931314298, 0.9916585206907788)",2,95.9290867533646,26044
"(0.8574011356980978, 0.9624810060092922)",1,95.92908021650004,26045
"(0.8874191651969431, 0.972420634920635)",1,95.92898084095512,26046
"(0.8460636535055139, 0.9764666952752286)",1,95.9288901629363,26047
"(0.7030539311241066, 1.0)",1,95.92860538875524,26048
"(0.9073492428586464, 0.9712822597033124)",1,95.92851232977868,26049
"(0.9680383516315252, 0.9645938855657314)",1,95.9284989987599,26050
"(0.903907191101469, 0.960851077856154)",6,95.92845181250668,26056
"(0.4069389693383772, 0.9797271841146212)",1,95.92824398265375,26057
"(0.978621888315766, 0.9679690637004894)",1,95.92823335173718,26058
"(0.8456659619450317, 0.964269276237512)",2,95.92805747202031,26060
"(0.7711781618000022, 1.0)",1,95.92803351442925,26061
"(0.865587044534413, 0.9824561403508772)",1,95.92800010221188,26062
"(0.8201767124753505, 0.9780434995701116)",1,95.92795908121803,26063
"(0.9223799456357596, 0.9764666952752286)",1,95.92789076678218,26064
"(0.6736022307473716, 0.9861673414304992)",1,95.92769921748614,26065
"(0.9026337658413128, 0.9861673414304992)",1,95.92759269179976,26066
"(0.8604328321018774, 0.972420634920635)",1,95.92751827301436,26067
"(0.9578073654603132, 0.9958292603453894)",1,95.92735564131668,26068
"(0.8221762134805614, 0.972045976510262)",2,95.92726157292356,26070
"(0.9427148033126296, 0.9751409401578528)",1,95.92717334462696,26071
"(0.8506653943511476, 0.991206314397104)",1,95.92712838198877,26072
"(0.9506883741258744, 0.9645938855657314)",1,95.92703040825376,26073
"(0.4654984465942193, 0.9739815768479212)",1,95.9267355841716,26074
"(0.8835857110930401, 0.9764666952752286)",1,95.92663130948256,26075
"(0.9571428571428572, 0.9574285714285714)",1,95.92653155371144,26076
"(0.6870644599303137, 0.9861310021084456)",1,95.92635895378316,26077
"(0.8468951683237397, 1.0)",1,95.92630845428776,26078
"(0.8632321428571428, 0.9607612022680516)",1,95.92630120750552,26079
"(0.9318857896881138, 0.9572437766315318)",1,95.92628366628368,26080
"(0.9160323884095494, 0.960851077856154)",1,95.92619125882166,26081
"(0.4654984465942193, 0.9763500555349872)",1,95.9261396252069,26082
"(0.7002945207922506, 0.9780434995701116)",6,95.92612045005076,26088
"(0.8393264911275135, 0.9760134176940602)",1,95.92572666646844,26089
"(0.7118798171565847, 0.964269276237512)",1,95.92561417009443,26090
"(0.8128695890786856, 0.9643944553313464)",1,95.925598778803,26091
"(0.7943622269203664, 0.9764666952752286)",1,95.92535559008968,26092
"(0.861957198953386, 0.9413423693688424)",1,95.92520748862567,26093
"(0.8885129548758333, 0.9834113430318364)",1,95.92507640737522,26094
"(0.9442283950617284, 0.986081059422206)",1,95.92503412001146,26095
"(0.8435371534737285, 0.9643944553313464)",1,95.92479159303872,26096
"(0.9191824727471146, 0.9873891625615764)",1,95.92471130695614,26097
"(0.8128441201209393, 0.964269276237512)",1,95.92454646864478,26098
"(0.8852629578963369, 0.9861673414304992)",1,95.92435366321163,26099
"(0.8449106413122807, 0.9644038253792572)",1,95.92424649188789,26100
"(0.9494594905410846, 0.9749692931061258)",1,95.92409636589583,26101
"(0.8097000243032949, 0.9712835772988556)",1,95.92393708645784,26102
"(0.8435371534737285, 0.9643944553313464)",2,95.92377026399942,26104
"(0.8177442148030384, 1.0)",1,95.92367495195369,26105
"(0.852417321342681, 0.9692608993981562)",1,95.9235189444022,26106
"(0.9169719169719168, 1.0)",1,95.9234171087124,26107
"(0.9073492428586464, 0.971495851087688)",1,95.92316462665862,26108
"(0.9331814008429188, 0.9538370349708868)",2,95.92309830362028,26110
"(0.8596618357487924, 0.972045976510262)",4,95.92291730965708,26114
"(0.9574285714285714, 0.9572437766315318)",3,95.92289090268864,26117
"(0.8814591883264935, 0.9643944553313464)",1,95.922779042714,26118
"(0.8221762134805614, 0.972045976510262)",1,95.92237315677006,26119
"(0.8374874819183264, 0.9764666952752286)",1,95.92231899377724,26120
"(0.9645938855657314, 0.9751409401578528)",1,95.92211457006631,26121
"(0.9331662489557224, 1.0)",1,95.9221139639246,26122
"(0.8395301149279116, 0.9643944553313464)",2,95.92211217090804,26124
"(0.8946347244167673, 0.9644491481508056)",2,95.92209671252532,26126
"(0.8877034517510707, 0.9861673414304992)",1,95.92166934153268,26127
"(0.9299160159815896, 0.9861673414304992)",1,95.92143444407562,26128
"(0.8685314685314685, 0.9643944553313464)",1,95.92142945483825,26129
"(0.9157097551404952, 0.983451449983708)",1,95.92134206638424,26130
"(0.7124675955735132, 0.9650450950662368)",1,95.92125157442254,26131
"(0.4770251883589129, 0.9851339404700356)",1,95.92117154479094,26132
"(0.5626274989800081, 0.9764666952752286)",1,95.9211345243328,26133
"(0.9431186370412892, 0.960851077856154)",1,95.92113207245993,26134
"(0.7232509195619923, 0.9743243243243244)",1,95.92107445868052,26135
"(0.8003813092161745, 0.9788897034864776)",2,95.9210242616164,26137
"(0.8801420274178757, 0.9643944553313464)",1,95.92075651016852,26138
"(0.7856964763329513, 0.9861673414304992)",1,95.92058201732672,26139
"(0.8438719750195159, 0.9599959995999598)",1,95.92056645539908,26140
"(0.9640038239043044, 0.978518051242236)",1,95.92051536367596,26141
"(0.874047619047619, 0.972045976510262)",2,95.92042440982912,26143
"(0.9269284534248317, 0.9650076460904662)",1,95.92040934345216,26144
"(0.789994229453279, 0.9861673414304992)",1,95.92039308983114,26145
"(0.9388917411828462, 0.9645238095238096)",1,95.92033017330633,26146
"(0.960851077856154, 0.9609357631051972)",1,95.92023185358626,26147
"(0.7729389061386163, 0.9766918866148322)",1,95.91964013424317,26148
"(0.9388917411828462, 0.960851077856154)",1,95.91928827287803,26149
"(0.957036102484472, 0.9610899532226684)",1,95.91913220787724,26150
"(0.8318290279074593, 0.9861673414304992)",1,95.91901778398088,26151
"(0.8650180064096209, 0.9735486410250802)",1,95.91895853808842,26152
"(0.5070372093557577, 1.0)",1,95.91861824957552,26153
"(0.8916989083023239, 0.9681645071821834)",1,95.91842232816512,26154
"(0.859499940327008, 1.0)",1,95.91818108851972,26155
"(0.8136244723706807, 0.951892755797645)",1,95.91800594278786,26156
"(0.7198480531813864, 1.0)",2,95.917700476383,26158
"(0.874047619047619, 0.972045976510262)",2,95.91765171724995,26160
"(0.9390553961421968, 0.966378397237031)",1,95.91760869771564,26161
"(0.6760835913312693, 1.0)",2,95.91758805615018,26163
"(0.9166682405676116, 0.9861310021084456)",1,95.91757420539558,26164
"(0.8957538774472412, 0.969334154098697)",1,95.91714959771204,26165
"(0.6749447402728794, 0.9861310021084456)",1,95.91705032747316,26166
"(0.8691891027106093, 0.9716190476190476)",1,95.91683506109172,26167
"(0.6759495516512356, 0.9764666952752286)",1,95.91677516189084,26168
"(0.9540153992631536, 0.9751409401578528)",2,95.9164630977071,26170
"(0.80285509389987, 1.0)",1,95.9164297010205,26171
"(0.9490213526488036, 0.9873444118605408)",1,95.9163367239855,26172
"(0.8879608405415911, 0.9766918866148322)",1,95.9162623732345,26173
"(0.6128103629529902, 0.9736470605336618)",1,95.91620920564772,26174
"(0.7075825156110616, 0.991206314397104)",3,95.91609291105216,26177
"(0.9640038239043044, 0.9566795633209296)",1,95.91608841360252,26178
"(0.8660545355265853, 0.9749910873440284)",1,95.91603409011704,26179
"(0.9377148530109056, 0.9735486410250802)",1,95.91584090059116,26180
"(0.8460636535055139, 0.9538370349708868)",1,95.91580357946064,26181
"(0.917283950617284, 0.972420634920635)",1,95.91578219879683,26182
"(0.9503122778456484, 0.9874877810361682)",1,95.91570693609404,26183
"(0.9017623122369548, 0.9573389777809668)",6,95.91570204026924,26189
"(0.4737094237094237, 0.9861673414304992)",1,95.91569608097494,26190
"(0.9069647153947764, 0.967895529128406)",1,95.91549379027892,26191
"(0.7713401051412279, 1.0)",1,95.9151098959561,26192
"(0.9429917021753756, 0.9604593619418418)",1,95.91504035063882,26193
"(0.939866291344124, 0.9680383516315252)",1,95.91486504987598,26194
"(0.9603476243044132, 0.9640038239043044)",1,95.91471697218508,26195
"(0.765692887308966, 0.9861310021084456)",1,95.9146145902307,26196
"(0.7725182451236846, 0.9764666952752286)",1,95.91438420298904,26197
"(0.9392111404005912, 0.960851077856154)",1,95.91435578750696,26198
"(0.8694224991654613, 0.9766918866148322)",1,95.9138167187159,26199
"(0.8580559516200404, 0.9538370349708868)",1,95.9137889607726,26200
"(0.6432772815188069, 0.972045976510262)",1,95.91377985984236,26201
"(0.901028965681318, 0.9764666952752286)",1,95.91371598757156,26202
"(0.7304742252709461, 0.9764666952752286)",1,95.91368834182872,26203
"(0.7935553056804932, 0.972420634920635)",1,95.91362686865556,26204
"(0.8890344426058713, 0.9722222222222222)",1,95.91358709598948,26205
"(0.5707944720139841, 0.972281746031746)",1,95.91350700941902,26206
"(0.7458851447555765, 0.9764666952752286)",1,95.91328504879324,26207
"(0.9583930063253372, 1.0)",1,95.91322338522504,26208
"(0.8650180064096209, 0.964731521366774)",1,95.91306096726022,26209
"(0.8584175084175085, 0.9585145265646386)",1,95.9129930748054,26210
"(0.903907191101469, 0.9572437766315318)",1,95.91287241058036,26211
"(0.9373666512059368, 0.9749910873440284)",1,95.91284235684743,26212
"(0.8887868801004395, 0.9861310021084456)",1,95.91271655717166,26213
"(0.9146779555619334, 0.9680383516315252)",1,95.912582611145,26214
"(0.9459285785969274, 0.9787142857142856)",2,95.91116825057216,26216
"(0.8498641779745659, 0.95749335833724)",1,95.91115563301548,26217
"(0.9056521696628445, 0.9538370349708868)",1,95.91115492251124,26218
"(0.9253213924599162, 0.9650076460904662)",1,95.91114933241316,26219
"(0.838301471154743, 0.972045976510262)",1,95.91099981098483,26220
"(0.9294287857678706, 0.964269276237512)",1,95.91095879206928,26221
"(0.9165164082221422, 1.0)",1,95.91067297951597,26222
"(0.8472645812528676, 0.9572437766315318)",1,95.91047871851715,26223
"(0.8897839506172838, 0.9861310021084456)",1,95.91014422799569,26224
"(0.9609357631051972, 0.9645938855657314)",1,95.9101048889211,26225
"(0.8586166985951469, 0.9861673414304992)",1,95.90995923331236,26226
"(0.5717959790198108, 0.9766871533860512)",1,95.90991065728164,26227
"(0.8224713709935384, 0.9645238095238096)",1,95.90989739326248,26228
"(0.8449978636391381, 1.0)",1,95.9097087630562,26229
"(0.7665484369555701, 0.9650076460904662)",1,95.90967452333534,26230
"(0.8753086419753084, 0.9861310021084456)",1,95.90950728129458,26231
"(0.7472307467415887, 0.9650450950662368)",1,95.9094588648212,26232
"(0.8627397499800719, 0.9734731918335766)",1,95.90936566681066,26233
"(0.9303901487133776, 0.9642857142857144)",1,95.90924759069422,26234
"(0.7323695788812067, 0.9766918866148322)",1,95.90921725912548,26235
"(0.8506653943511476, 0.991206314397104)",3,95.90878075468731,26238
"(1.0, 1.0)",1,95.90870459417846,26239
"(0.8628741800834823, 0.9758777250199286)",1,95.90859318918658,26240
"(0.8352271364897016, 0.964269276237512)",1,95.90815188151832,26241
"(0.7404350561362756, 0.972045976510262)",1,95.90811899730946,26242
"(0.802949627368232, 0.9767441860465116)",1,95.90807989475344,26243
"(0.8618871810094527, 0.9764666952752286)",1,95.90786339024274,26244
"(0.9080024622960912, 0.9650667387470876)",1,95.9076632121801,26245
"(0.8587195484254307, 0.9861310021084456)",1,95.90765802436157,26246
"(0.7923306301473605, 0.9764666952752286)",1,95.90748034519574,26247
"(0.8876473063973064, 0.972420634920635)",1,95.90744797514267,26248
"(0.9428571428571428, 0.960851077856154)",1,95.90719643462712,26249
"(0.9665831244778612, 1.0)",1,95.90718762916038,26250
"(0.6911324786324786, 0.972045976510262)",1,95.90706413339603,26251
"(0.960851077856154, 0.9572437766315318)",3,95.90669873802194,26254
"(0.9273504273504276, 0.9645238095238096)",1,95.90666294685003,26255
"(0.9125533644430458, 0.9548547473446484)",2,95.90664462223748,26257
"(0.5695633155937887, 0.9538370349708868)",1,95.90617451588332,26258
"(0.813515418166581, 0.9644038253792572)",1,95.90612542702364,26259
"(0.9244352123384382, 0.9749755620723364)",1,95.90576643471584,26260
"(0.8587195484254307, 0.9861310021084456)",1,95.90575341647684,26261
"(0.9318857896881138, 0.9572437766315318)",6,95.90561691361322,26267
"(0.9297564829445116, 0.9644491481508056)",1,95.90546525361562,26268
"(0.8152898027898028, 0.9861673414304992)",2,95.90543549233978,26270
"(0.8887419165196944, 0.972045976510262)",1,95.90535468190684,26271
"(0.7084717607973421, 0.9650076460904662)",2,95.90514285218066,26273
"(0.776960076960077, 0.9861310021084456)",1,95.90511183471878,26274
"(0.6909022710223011, 0.988167361639188)",1,95.90496924380292,26275
"(0.9049141546141368, 0.9644491481508056)",3,95.9047998558274,26278
"(0.8428883536673643, 0.9867922141511912)",5,95.90460645614664,26283
"(0.8874191651969431, 0.9861673414304992)",1,95.9045879391233,26284
"(0.9166682405676116, 0.9722222222222222)",1,95.90449616784215,26285
"(0.8148308968977662, 0.972281746031746)",1,95.90444675175712,26286
"(0.9004206187154333, 0.9690968282937898)",3,95.9044396176028,26289
"(0.9165867390570612, 0.9644491481508056)",1,95.904368115643,26290
"(0.8044914258149553, 0.9861310021084456)",1,95.90429291716468,26291
"(0.8311329582337986, 0.958109559613319)",1,95.90427274655129,26292
"(0.8222222222222222, 1.0)",1,95.90414474032778,26293
"(0.9466127311522048, 0.991206314397104)",3,95.90382510002657,26296
"(0.7615072500907597, 0.9764666952752286)",1,95.90377667385452,26297
"(0.9574285714285714, 0.9644491481508056)",1,95.90375852956169,26298
"(0.9720813204508856, 1.0)",2,95.90367515406558,26300
"(1.0, 1.0)",1,95.9034140801687,26301
"(0.6992775742775743, 0.9861673414304992)",1,95.90333074478724,26302
"(0.9017623122369548, 0.9572437766315318)",3,95.90323034376192,26305
"(0.8191170968948748, 0.9690968282937898)",1,95.90322907636909,26306
"(0.9572437766315318, 0.9572437766315318)",3,95.90318552652477,26309
"(0.8715701474388204, 0.972045976510262)",1,95.90314605208025,26310
"(0.9610899532226684, 0.9679690637004894)",1,95.9031087916392,26311
"(0.8065954953750508, 0.9764666952752286)",1,95.90308895840208,26312
"(0.3657690738474092, 0.9650076460904662)",1,95.90295937098628,26313
"(0.8116470752541504, 0.9736481433612512)",1,95.90292295829931,26314
"(0.8589064384650125, 0.9748524098350704)",2,95.9029228250056,26316
"(0.8863054971292138, 0.9624885121068328)",1,95.90262941414552,26317
"(0.9146779555619334, 0.9609357631051972)",1,95.90248562090387,26318
"(0.8597791061504694, 0.9572437766315318)",3,95.90246872921918,26321
"(0.9014293255242536, 0.9536268754076972)",1,95.90168656945062,26322
"(0.8843764852418178, 0.9643944553313464)",1,95.9016009696163,26323
"(0.8471527473990528, 1.0)",1,95.90130250145074,26324
"(0.8916052423523688, 0.9579180825148568)",2,95.90125233673274,26326
"(0.8312205288949474, 1.0)",1,95.90124992934042,26327
"(0.8451478848040399, 0.972045976510262)",1,95.90116231151497,26328
"(0.4423707251851418, 0.9861310021084456)",1,95.90106413336234,26329
"(0.7301587301587301, 0.9861673414304992)",1,95.9008795452046,26330
"(0.8801420274178757, 0.9643944553313464)",1,95.90054220599524,26331
"(0.832843137254902, 0.9861310021084456)",1,95.90038562991572,26332
"(0.952999227799228, 0.9642857142857144)",2,95.90010942221272,26334
"(0.4776542240827955, 1.0)",4,95.8999881679737,26338
"(0.7632275132275131, 0.986081059422206)",1,95.89985858459464,26339
"(0.9045708198051948, 0.960851077856154)",1,95.89984919122249,26340
"(0.92008547008547, 0.960851077856154)",1,95.89962071757488,26341
"(0.8456272791248162, 0.9571428571428572)",1,95.8994017402614,26342
"(0.9032855633136024, 0.972045976510262)",1,95.89931471951304,26343
"(0.9575126626788776, 0.9572437766315318)",1,95.89906328790777,26344
"(0.8874735513743797, 0.964269276237512)",1,95.89881585914112,26345
"(0.8796475392220073, 1.0)",1,95.89823459478326,26346
"(0.8395301149279116, 0.9650450950662368)",1,95.89820230185408,26347
"(0.950431439792024, 0.9645938855657314)",1,95.89810516806948,26348
"(0.8631546198466533, 0.9764666952752286)",1,95.89795167402988,26349
"(0.945600047211127, 0.9568045886851652)",1,95.8979047669186,26350
"(0.7797768849220391, 0.964269276237512)",1,95.89767703741708,26351
"(0.9535144014828052, 0.9645938855657314)",1,95.89745456568076,26352
"(0.9460809481025116, 0.9573389777809668)",1,95.89718468201126,26353
"(0.9244352123384382, 0.9958292603453894)",1,95.89711224099254,26354
"(0.917955241105926, 0.9609357631051972)",2,95.89699835453612,26356
"(0.8416827657517105, 0.9861310021084456)",1,95.89673104716846,26357
"(0.8890425386169811, 0.960851077856154)",4,95.89658937590347,26361
"(0.9575126626788776, 0.9645938855657314)",1,95.8964119190956,26362
"(0.9186779362907952, 0.964269276237512)",1,95.89626035905007,26363
"(0.8887419165196944, 0.972045976510262)",1,95.89621278083963,26364
"(0.835848883169409, 0.988167361639188)",1,95.89613296317192,26365
"(0.9502288074111276, 0.9610153569597296)",1,95.89605146010472,26366
"(0.9028964862298196, 0.9861673414304992)",1,95.89601305537336,26367
"(0.8352271364897016, 0.964269276237512)",1,95.89599197062462,26368
"(0.8753086419753084, 0.9861310021084456)",2,95.89583719337637,26370
"(0.917655049465296, 0.9833251873574456)",1,95.89558600628902,26371
"(0.8534255683423739, 0.9736189431913116)",1,95.89543082158336,26372
"(0.9498754528985508, 0.9609357631051972)",3,95.89537608700113,26375
"(0.9224996008939976, 0.9619736581501288)",1,95.8952836765784,26376
"(0.9645938855657314, 0.9610899532226684)",1,95.89523956746068,26377
"(0.7884092310206264, 0.9650076460904662)",1,95.89507515856346,26378
"(0.5466837142306626, 0.9861673414304992)",2,95.89504766227375,26380
"(0.8876281048778143, 0.9572437766315318)",1,95.89479751443916,26381
"(0.9154520780570968, 0.9832679738562092)",1,95.8946721983722,26382
"(0.4255117986159442, 0.9529751605618932)",1,95.89465518081472,26383
"(0.8103292776312431, 0.9678176625650188)",1,95.89436494998084,26384
"(0.8887419165196944, 0.972045976510262)",1,95.8943142110324,26385
"(0.6749447402728794, 0.9861310021084456)",1,95.89419865955507,26386
"(0.8224713709935384, 0.9609357631051972)",1,95.89414563798248,26387
"(0.8687499999999999, 0.9766918866148322)",1,95.89409863563468,26388
"(0.9311507936507936, 0.972420634920635)",1,95.8940321721387,26389
"(0.7109688804604058, 0.972281746031746)",1,95.89397372493572,26390
"(0.7179548459289354, 0.9743240898843752)",1,95.89386061854952,26391
"(0.9392111404005912, 0.9681034738761426)",1,95.89385034323271,26392
"(0.6042502004811546, 0.9764666952752286)",1,95.89336909644656,26393
"(0.798857609139127, 0.964269276237512)",1,95.89315616307306,26394
"(0.8090208511560183, 0.9800674242427352)",1,95.893126892205,26395
"(0.9833229101521784, 1.0)",1,95.8930631632022,26396
"(0.9294287857678706, 0.964269276237512)",1,95.89302161842454,26397
"(0.7440767664806348, 0.9528125324922884)",1,95.8924966467797,26398
"(0.9712822597033124, 0.9678176625650188)",1,95.8923861133571,26399
"(0.8056354979267693, 0.9861310021084456)",1,95.89212187344776,26400
"(0.9568045886851652, 0.9573389777809668)",1,95.89209156948756,26401
"(0.9471243233098142, 0.9575913511472004)",1,95.89205410195284,26402
"(0.9643944553313464, 0.9766918866148322)",1,95.8917934590298,26403
"(0.8574011356980978, 0.9599959995999598)",1,95.89172351174996,26404
"(0.9153439153439156, 0.9833229101521784)",2,95.8916318975139,26406
"(0.7797768849220391, 0.964269276237512)",1,95.89156221254127,26407
"(0.8621031746031745, 0.9861310021084456)",1,95.89134968439215,26408
"(0.9502288074111276, 0.9680383516315252)",1,95.89122037075968,26409
"(0.8976982097186702, 0.9833229101521784)",2,95.89114879920484,26411
"(0.8472645812528676, 0.9680383516315252)",1,95.89103613361917,26412
"(0.9396279975262144, 0.9645938855657314)",1,95.89099606991584,26413
"(0.8456659619450317, 0.9764666952752286)",1,95.89088569166724,26414
"(0.8374874819183264, 0.9764666952752286)",1,95.89081794564112,26415
"(0.9096837488457986, 0.9648252575884156)",1,95.89079448456349,26416
"(0.8887419165196944, 0.972045976510262)",2,95.89079298106056,26418
"(0.902012682657844, 0.9792406033772258)",2,95.89074395065724,26420
"(0.9162596992611264, 0.972281746031746)",1,95.89070423561937,26421
"(0.9399739902831624, 0.9572437766315318)",2,95.89061768861863,26423
"(0.8795247311963099, 0.9610899532226684)",1,95.89033224233134,26424
"(0.9503333333333333, 0.960851077856154)",1,95.88983174655448,26425
"(0.8876281048778143, 0.9643698138596096)",1,95.88975663041352,26426
"(0.9502288074111276, 0.9681034738761426)",1,95.88973990738717,26427
"(0.7030539311241066, 1.0)",1,95.88968874269136,26428
"(0.940074233084456, 0.960851077856154)",1,95.88954028628176,26429
"(0.5315840982557501, 0.9763466530709386)",1,95.88948279069584,26430
"(0.9459285785969274, 0.9751409401578528)",1,95.8891916263228,26431
"(0.8425483191745751, 1.0)",1,95.8889875693525,26432
"(0.9432380952380952, 0.95)",1,95.88898561512426,26433
"(0.9021233404457089, 0.9692608993981562)",3,95.88865206976284,26436
"(0.8894752290768013, 0.9572437766315318)",3,95.88865064645488,26439
"(0.8645256232686982, 0.964731521366774)",1,95.88859611366028,26440
"(0.8660545355265853, 0.9749910873440284)",1,95.88847781640894,26441
"(0.8890425386169811, 0.9571428571428572)",1,95.88844850076164,26442
"(0.6880076348278104, 0.9692608993981562)",3,95.88828805623264,26445
"(0.8047323751083839, 0.9622598627787308)",1,95.8880916666248,26446
"(0.7090909090909091, 1.0)",1,95.88808708368607,26447
"(0.7729389061386163, 0.988167361639188)",1,95.88794892208176,26448
"(0.9497171590194848, 1.0)",1,95.88784047208682,26449
"(0.95, 0.9645938855657314)",1,95.88775948058164,26450
"(0.424546256663045, 0.9714285714285714)",2,95.88766835432853,26452
"(0.9166145507608924, 1.0)",1,95.88760402546356,26453
"(0.9429917021753756, 0.9712822597033124)",1,95.88756916884928,26454
"(0.9399739902831624, 0.9680383516315252)",1,95.88720079931804,26455
"(0.7725182451236846, 0.9764666952752286)",1,95.88705989169044,26456
"(0.9575126626788776, 0.9680383516315252)",1,95.8870253651479,26457
"(0.6636745887678723, 1.0)",1,95.88702401629402,26458
"(0.9643698138596096, 0.9715593185206444)",1,95.88698708948048,26459
"(0.7977749180480272, 0.9861673414304992)",4,95.88697330665484,26463
"(0.9498754528985508, 0.960851077856154)",1,95.8868995270212,26464
"(0.6870644599303137, 0.9861310021084456)",1,95.88661625009472,26465
"(0.9146779555619334, 0.9645238095238096)",2,95.88641801843686,26467
"(0.842200034135518, 0.9388917411828462)",1,95.88631373951888,26468
"(0.8420013166556946, 1.0)",1,95.88623968053096,26469
"(0.9326599326599326, 1.0)",1,95.88606830600848,26470
"(0.9069647153947764, 0.97502985598876)",1,95.88604421879644,26471
"(0.8848000715856217, 1.0)",2,95.88600492703588,26473
"(0.7574146783449108, 1.0)",2,95.8860013149547,26475
"(0.787221770032878, 0.9624810060092922)",1,95.8858530169882,26476
"(0.8533622685185187, 1.0)",1,95.88570752774588,26477
"(0.902192297684101, 0.9861310021084456)",1,95.88545036429636,26478
"(0.8847822547822548, 0.972420634920635)",1,95.8854026135636,26479
"(0.961159640771458, 0.9644491481508056)",2,95.88534653092566,26481
"(0.902192297684101, 0.9861673414304992)",1,95.88501149657992,26482
"(0.838301471154743, 0.972045976510262)",1,95.88500521605567,26483
"(0.8645256232686982, 0.9780434995701116)",1,95.88484637136236,26484
"(0.9505232430050672, 0.9645938855657314)",1,95.8846609815968,26485
"(0.8334750774705025, 0.9650450950662368)",1,95.8846393014648,26486
"(0.8597791061504694, 0.9644491481508056)",1,95.88459454667068,26487
"(0.9540153992631536, 0.9645938855657314)",1,95.88454104153512,26488
"(0.9501177394034536, 0.9751915907925552)",3,95.88450539374595,26491
"(0.9398731501057084, 0.988167361639188)",1,95.8843325232832,26492
"(0.9318857896881138, 0.960851077856154)",1,95.8842756548985,26493
"(0.8610715260301386, 0.9764666952752286)",1,95.88415601735458,26494
"(0.9388917411828462, 0.9680383516315252)",3,95.88404050964796,26497
"(0.6892156862745098, 0.972420634920635)",1,95.8838065366989,26498
"(0.8449106413122807, 0.964269276237512)",1,95.88379635802488,26499
"(0.5853182863855046, 0.9736484080382386)",1,95.88364477452323,26500
"(0.7923306301473605, 0.9764666952752286)",1,95.88356649605484,26501
"(0.6260123507862112, 0.9650076460904662)",1,95.8833664788263,26502
"(0.6907243513029603, 1.0)",1,95.88330538569924,26503
"(0.9610899532226684, 0.9645938855657314)",1,95.88320259463708,26504
"(0.8547143556631046, 0.9692608993981562)",1,95.8831099794187,26505
"(0.9427148033126296, 0.9681034738761426)",1,95.88304850249504,26506
"(0.6933160650937552, 0.9764666952752286)",1,95.8829007385128,26507
"(0.960666032023912, 0.957036102484472)",1,95.88284469033948,26508
"(0.9362689940183164, 0.9713574016563148)",1,95.8827466865885,26509
"(0.9348222545262322, 0.9575913511472004)",1,95.88225526937168,26510
"(0.8976982097186702, 1.0)",1,95.88188589983405,26511
"(1.0, 1.0)",1,95.88148737374512,26512
"(0.9230627959463646, 0.9677353740627908)",1,95.88146503723247,26513
"(0.7772049591964847, 0.9861673414304992)",1,95.88117985860634,26514
"(0.8574011356980978, 0.9549988749718742)",1,95.88102799076876,26515
"(0.8523797616070684, 0.964269276237512)",1,95.8809337201624,26516
"(0.5077525425843888, 0.972281746031746)",1,95.8807034469513,26517
"(0.8879608405415911, 0.9764666952752286)",1,95.88060813967616,26518
"(0.8925251217160295, 0.9572437766315318)",1,95.88053341326624,26519
"(0.8524016298728943, 0.9748802746905214)",1,95.88050502754876,26520
"(0.852417321342681, 0.9649122807017544)",3,95.8803934043274,26523
"(0.7856964763329513, 0.9861673414304992)",2,95.8800400612647,26525
"(0.9309821833269412, 0.9766918866148322)",1,95.87996631018412,26526
"(0.9496114574862204, 0.9715098411076398)",1,95.879664179543,26527
"(0.8743078626799556, 0.9722222222222222)",1,95.87959801837884,26528
"(0.8563094906941128, 0.9648252575884156)",1,95.87948002760602,26529
"(0.929936943248924, 0.9599959995999598)",1,95.879242617725,26530
"(0.5077525425843888, 0.972281746031746)",1,95.87915754895202,26531
"(0.950431439792024, 0.9645238095238096)",1,95.8791095911336,26532
"(0.9609357631051972, 0.9603476243044132)",1,95.8790314779546,26533
"(0.9240756756756756, 0.960851077856154)",1,95.87902449121968,26534
"(0.960851077856154, 0.9644491481508056)",1,95.87893884793075,26535
"(0.813515418166581, 0.9766918866148322)",1,95.8789082579583,26536
"(0.8148308968977662, 0.972045976510262)",1,95.87890786205894,26537
"(0.9012059369202228, 0.9622598627787308)",1,95.8788284012817,26538
"(0.9326599326599326, 1.0)",1,95.87881668803426,26539
"(0.7280584513944579, 0.9861673414304992)",1,95.8787434870336,26540
"(0.8224631915554647, 0.9764666952752286)",1,95.87870752044132,26541
"(0.8895414907809527, 0.9861310021084456)",1,95.87853771452724,26542
"(0.9628689175769612, 0.9749910873440284)",1,95.8783475274426,26543
"(0.787221770032878, 0.9624885121068328)",1,95.87833573682812,26544
"(0.8435371534737285, 0.9643944553313464)",1,95.87829981326,26545
"(0.8982888105990573, 0.9916585206907788)",1,95.87806675027674,26546
"(0.9186426294655792, 0.960851077856154)",1,95.87796412349095,26547
"(0.9294287857678706, 0.964269276237512)",2,95.87791369501603,26549
"(0.9227792207792208, 0.9642857142857144)",4,95.87771823886168,26553
"(0.9399739902831624, 0.9644491481508056)",1,95.8776497222253,26554
"(0.5345536229727782, 0.9743202085634808)",1,95.8774294827669,26555
"(0.952999227799228, 0.967895529128406)",1,95.87710894055462,26556
"(0.6260123507862112, 0.9764666952752286)",1,95.87673587947896,26557
"(0.8087623896023756, 0.9764666952752286)",2,95.87671806247124,26559
"(0.9436368312757202, 0.972281746031746)",1,95.87668501373898,26560
"(0.8890425386169811, 0.946492548547343)",3,95.87659437770162,26563
"(0.8835857110930401, 0.9764666952752286)",1,95.87653126350438,26564
"(0.8124923632552741, 0.9861673414304992)",1,95.87634812125674,26565
"(0.9571428571428572, 0.9396279975262144)",1,95.87627889622604,26566
"(0.8887940768066828, 0.964269276237512)",1,95.87582490396736,26567
"(0.9497171590194846, 1.0)",1,95.8757655412629,26568
"(0.8449106413122807, 0.964269276237512)",1,95.87568805387076,26569
"(0.7852506868131869, 0.9646594592893336)",1,95.87559821013666,26570
"(0.8653198653198653, 0.9833229101521784)",1,95.875463006805,26571
"(0.9539272400433172, 0.960851077856154)",3,95.87540120830673,26574
"(0.8420013166556946, 1.0)",1,95.87528364235722,26575
"(0.9162596992611264, 0.972045976510262)",2,95.8748108897842,26577
"(0.9294287857678706, 0.964269276237512)",2,95.87476085007454,26579
"(0.3779476270528901, 0.9753345350955708)",1,95.87473300529686,26580
"(0.9528533742496432, 0.9494594905410846)",1,95.8746643554037,26581
"(0.7103786816269286, 0.9780434995701116)",1,95.8744908980689,26582
"(0.8587862333021126, 0.9873891625615764)",1,95.87432207801264,26583
"(0.903730009596543, 0.9691818330194464)",3,95.87421586099644,26586
"(0.9450323339212228, 0.972045976510262)",1,95.87416364102282,26587
"(0.6415148305084746, 0.9749910873440284)",1,95.87407649663332,26588
"(0.9187883397948668, 0.9610153569597296)",1,95.8738226833388,26589
"(0.7578328648096089, 0.9764666952752286)",1,95.87348246469348,26590
"(0.9186779362907952, 0.964269276237512)",1,95.87334687155962,26591
"(0.3981075328134981, 0.9726248689406464)",1,95.87312991043186,26592
"(0.9162596992611264, 0.972045976510262)",2,95.8730709435853,26594
"(0.8964397027091824, 0.9535144014828052)",1,95.87305031974095,26595
"(0.876112115732369, 0.9574285714285714)",1,95.87256244879248,26596
"(0.9665831244778612, 0.9833229101521784)",1,95.8725394530863,26597
"(0.9502288074111276, 0.9572437766315318)",3,95.87253591686851,26600
"(0.9610153569597296, 0.9609357631051972)",1,95.8722960855324,26601
"(0.874450386215092, 0.972281746031746)",1,95.8722152145313,26602
"(0.7725182451236846, 0.9764666952752286)",1,95.87218088558409,26603
"(0.8506653943511476, 0.991206314397104)",1,95.8721120019899,26604
"(0.8506653943511476, 0.9650667387470876)",1,95.87206019992972,26605
"(0.939866291344124, 0.9610899532226684)",1,95.87204511674948,26606
"(0.8996408045977011, 0.9624545454545456)",1,95.87194488412328,26607
"(0.6870644599303137, 0.972045976510262)",1,95.87178427396243,26608
"(0.9041196741854636, 0.9648252575884156)",1,95.87134222725648,26609
"(0.6983464132286942, 0.9767441860465116)",1,95.8708570201256,26610
"(0.9537330920118182, 0.960851077856154)",1,95.87075617589907,26611
"(1.0, 1.0)",1,95.87072252534551,26612
"(0.8438719750195159, 0.9599909979745442)",1,95.8706512707838,26613
"(0.903667392883079, 1.0)",1,95.87061357513468,26614
"(0.8653198653198653, 1.0)",2,95.8702538598211,26616
"(0.8395301149279116, 0.9764666952752286)",1,95.87020590556394,26617
"(0.6020449077786688, 0.9764666952752286)",1,95.8701227134877,26618
"(0.5144246169578527, 0.9763483814670582)",1,95.87005300764751,26619
"(0.4437501725645391, 0.9812486811769764)",1,95.8700119537995,26620
"(0.8632321428571428, 0.9678176625650188)",1,95.86989617809397,26621
"(0.7404350561362756, 0.972045976510262)",1,95.8698276598482,26622
"(0.9187883397948668, 0.9468391231269042)",1,95.86953930432588,26623
"(0.6969051878354204, 0.964269276237512)",1,95.86920644242151,26624
"(0.9535144014828052, 0.9680383516315252)",1,95.86915488562006,26625
"(0.926397848615755, 0.9824126287942077)",1,95.86903935640258,26626
"(0.9326599326599326, 0.9833229101521784)",1,95.86876779807504,26627
"(0.9539272400433172, 0.9572437766315318)",2,95.86843670906212,26629
"(0.9275802828069248, 0.9431186370412892)",1,95.86795703781472,26630
"(0.837707400507675, 1.0)",1,95.86793208380328,26631
"(0.8970129352925051, 0.9916585206907788)",1,95.86788399370782,26632
"(0.947035873779261, 0.9716190476190476)",1,95.86771923090872,26633
"(0.8103292776312431, 0.9645938855657314)",1,95.8676894151795,26634
"(0.835848883169409, 0.988167361639188)",1,95.86740777061588,26635
"(0.9490213526488036, 0.9916585206907788)",1,95.86734988529342,26636
"(0.7103786816269286, 0.9824126287942077)",1,95.86733516143936,26637
"(0.9165867390570612, 0.9680383516315252)",1,95.86721419082994,26638
"(0.9399739902831624, 0.960851077856154)",5,95.86685949105808,26643
"(0.902898027898028, 0.9861310021084456)",1,95.86628052095536,26644
"(0.8177442148030384, 1.0)",1,95.86624653476248,26645
"(0.9531381014506703, 0.9643698138596096)",1,95.8662204631556,26646
"(0.9428571428571428, 0.9536268754076972)",1,95.86619626342076,26647
"(0.8208353559736048, 0.9861673414304992)",1,95.86611498676903,26648
"(0.9610899532226684, 0.9680383516315252)",2,95.8660093973706,26650
"(0.786508365740383, 0.9885557944107872)",1,95.86583218438284,26651
"(0.940074233084456, 0.9572437766315318)",1,95.86577793685376,26652
"(0.9665831244778612, 1.0)",1,95.86572402427836,26653
"(0.6933160650937552, 0.9764666952752286)",1,95.86525838699008,26654
"(0.8306479779411763, 0.9749910873440284)",2,95.86525285737636,26656
"(0.8143540514876735, 0.9735486410250802)",1,95.86523810130882,26657
"(0.8890425386169811, 0.9645238095238096)",1,95.86496640762742,26658
"(0.7882395382395383, 0.972045976510262)",1,95.86488309809454,26659
"(0.8686559598432304, 0.9538370349708868)",1,95.86481840094764,26660
"(0.842200034135518, 0.9714285714285714)",1,95.8648085682329,26661
"(0.7278086237149632, 1.0)",1,95.86473795625788,26662
"(0.8422693146507633, 0.960376642453574)",3,95.86470296401755,26665
"(0.8575585765967352, 0.9646309224447688)",3,95.86421392129893,26668
"(0.7401844059863599, 0.9861673414304992)",1,95.86419504859133,26669
"(0.8153895365851999, 0.9643944553313464)",1,95.8639494069828,26670
"(0.90263033902971, 0.9722222222222222)",1,95.86345589295604,26671
"(0.6907243513029603, 1.0)",1,95.8634128529053,26672
"(0.7447170736590969, 0.9824126287942077)",6,95.863371943833,26678
"(0.8863054971292138, 0.9599909979745442)",1,95.86316855358892,26679
"(0.775651722678174, 0.9764666952752286)",1,95.8630472983272,26680
"(0.9471243233098142, 0.9645938855657314)",1,95.86302461014722,26681
"(0.9188863189008992, 0.9529751605618932)",1,95.86295014459768,26682
"(0.9331662489557224, 0.9833229101521784)",1,95.86267832720604,26683
"(0.8880984643179766, 1.0)",1,95.86260882819823,26684
"(0.88164537452478, 0.9572437766315318)",1,95.86257830781814,26685
"(0.9262130464282252, 0.986826099742067)",2,95.86256050451516,26687
"(0.960851077856154, 0.9572437766315318)",1,95.86245680213815,26688
"(0.7923306301473605, 0.9643944553313464)",1,95.86237225389522,26689
"(0.8895939931776995, 0.9749910873440284)",1,95.8623686072725,26690
"(0.9677353740627908, 0.9604593619418418)",3,95.86203094429172,26693
"(0.9538331745788698, 0.960851077856154)",1,95.86178254986368,26694
"(0.8996408045977011, 0.9622598627787308)",1,95.86177455697944,26695
"(0.7532376017916352, 1.0)",1,95.86176718738254,26696
"(0.902192297684101, 0.9861310021084456)",1,95.8616687821934,26697
"(0.8810064268049709, 0.9648252575884156)",1,95.86147219798302,26698
"(0.6333118819585527, 0.9529751605618932)",1,95.86140670224972,26699
"(0.8813457860512559, 0.966695198118348)",1,95.86109502982038,26700
"(0.9575126626788776, 0.9572437766315318)",6,95.86104781572352,26706
"(0.94291309888229, 0.9780958243562125)",1,95.86084846314172,26707
"(0.9019292060258446, 0.9861673414304992)",4,95.8608450774812,26711
"(0.852, 0.9749910873440284)",1,95.86081624653902,26712
"(0.8472645812528676, 0.9572437766315318)",1,95.86056813410048,26713
"(0.6020449077786688, 0.9650450950662368)",1,95.86030126129091,26714
"(0.8894752290768013, 0.9645238095238096)",1,95.8602193079558,26715
"(0.9666562434855118, 0.9665831244778612)",1,95.86020309664444,26716
"(0.9280459216361852, 0.9792888563049852)",1,95.86019889000708,26717
"(0.972281746031746, 0.972420634920635)",1,95.86004438377928,26718
"(0.8847822547822548, 0.9861673414304992)",1,95.85995125389567,26719
"(0.7612209453612427, 0.964269276237512)",1,95.85973268634464,26720
"(0.9574285714285714, 0.9572437766315318)",1,95.8595638642357,26721
"(0.8137861130877186, 0.964269276237512)",1,95.85956380253543,26722
"(0.8551452042262022, 0.95749335833724)",1,95.85930883870095,26723
"(0.9539751547184644, 0.9400423378918004)",1,95.85920657270248,26724
"(0.6020449077786688, 0.9764666952752286)",1,95.8590543808106,26725
"(0.950431439792024, 0.9680383516315252)",1,95.85901756835308,26726
"(0.7109688804604058, 0.972281746031746)",1,95.85862970671435,26727
"(0.8657434402332361, 0.9645938855657314)",1,95.85848465817747,26728
"(0.7725182451236846, 0.9764666952752286)",1,95.85831732027587,26729
"(0.8449106413122807, 0.964269276237512)",1,95.85818725671292,26730
"(0.9399739902831624, 0.960851077856154)",1,95.85816262104775,26731
"(0.846098299557419, 0.9861673414304992)",1,95.8580736323232,26732
"(0.9064143587480232, 0.9646309224447688)",1,95.85804679837769,26733
"(0.8517690928240017, 0.9643944553313464)",1,95.85777713762738,26734
"(0.8883034087952121, 0.9861310021084456)",1,95.85756127110932,26735
"(0.9712822597033124, 0.978518051242236)",1,95.85746989574211,26736
"(0.8435371534737285, 0.9643944553313464)",1,95.85745731638865,26737
"(0.9008025849489264, 1.0)",1,95.8573352445717,26738
"(0.950431439792024, 0.960851077856154)",1,95.8571211217356,26739
"(0.9318857896881138, 0.960851077856154)",1,95.85668682509812,26740
"(0.9641028246291404, 0.9677353740627908)",3,95.85666277474678,26743
"(0.8726893261776982, 0.9766918866148322)",1,95.8564815584902,26744
"(0.6969051878354204, 0.9538370349708868)",1,95.85638600456014,26745
"(0.9273504273504276, 0.9609357631051972)",1,95.85581991662006,26746
"(0.9326599326599326, 0.9833229101521784)",1,95.8554219387012,26747
"(0.9169719169719168, 1.0)",1,95.85538094531309,26748
"(0.8928598364786969, 0.9916585206907788)",1,95.8545335101896,26749
"(0.7304742252709461, 0.9764666952752286)",1,95.8544855278902,26750
"(0.8458949964763919, 0.9539707149009474)",1,95.85426502074178,26751
"(0.7532376017916352, 1.0)",1,95.85417988014852,26752
"(0.9038368668013838, 0.960851077856154)",3,95.85411477417485,26755
"(0.9583930063253372, 1.0)",1,95.85406255036044,26756
"(0.8633407843934159, 0.9780434995701116)",1,95.85394616110592,26757
"(0.874047619047619, 0.972045976510262)",1,95.8538002169634,26758
"(0.8395301149279116, 0.9764666952752286)",1,95.85326007440602,26759
"(0.8871966240387292, 0.9861673414304992)",1,95.85318998847714,26760
"(0.8748200797381125, 0.9861310021084456)",1,95.85293974057365,26761
"(0.7440767664806348, 0.964269276237512)",1,95.85279598014962,26762
"(0.9303901487133776, 0.9642857142857144)",4,95.85269930215443,26766
"(0.8964397027091824, 0.960851077856154)",1,95.85268394452382,26767
"(0.917849761232425, 0.9764666952752286)",1,95.85254781639428,26768
"(0.9331814008429188, 0.9764666952752286)",1,95.85243717767383,26769
"(0.9388917411828462, 0.9644491481508056)",4,95.85242786689538,26773
"(0.9539272400433172, 0.9572437766315318)",1,95.85240517413814,26774
"(0.9364970967817766, 0.9574285714285714)",1,95.85238604460906,26775
"(0.8916138279602192, 0.9640038239043044)",1,95.85228766585846,26776
"(0.8221762134805614, 0.958109559613319)",1,95.85228083801913,26777
"(0.9168447876447876, 0.9644491481508056)",1,95.8521601290296,26778
"(0.9603476243044132, 0.978518051242236)",1,95.85204938423502,26779
"(0.8964397027091824, 0.9680383516315252)",1,95.8516054223792,26780
"(0.9528533742496432, 0.9642857142857144)",1,95.85118349078289,26781
"(0.3686966747214257, 0.978038622754976)",1,95.85115309083832,26782
"(0.9428571428571428, 0.960851077856154)",1,95.85105817722874,26783
"(0.831031066037186, 0.9766918866148322)",1,95.85090707967927,26784
"(0.9140194694749032, 0.9646309224447688)",1,95.8506925439716,26785
"(0.8801420274178757, 0.9643944553313464)",2,95.85065766365376,26787
"(0.8916138279602192, 0.9678176625650188)",1,95.85031834612218,26788
"(0.765692887308966, 0.9861310021084456)",2,95.85030163433808,26790
"(0.4943189964157706, 1.0)",1,95.85010358007096,26791
"(0.9712822597033124, 0.9676485688615069)",1,95.8499422103684,26792
"(0.8201767124753505, 0.9736842105263158)",1,95.84993970785852,26793
"(0.9294287857678706, 0.964269276237512)",1,95.84967854453946,26794
"(0.9535144014828052, 0.9680383516315252)",1,95.8495130037849,26795
"(0.8551452042262022, 0.95749335833724)",1,95.8494142829088,26796
"(0.8055362654320989, 0.972420634920635)",1,95.84933346837629,26797
"(0.8132775534810647, 0.964269276237512)",1,95.84930006160198,26798
"(0.9462256234379848, 0.9680383516315252)",1,95.84929603124874,26799
"(0.8685902992776057, 0.95281045751634)",1,95.84923932508909,26800
"(0.7772049591964847, 0.9861673414304992)",1,95.84880250507749,26801
"(0.4015189621923474, 0.9793880024379636)",1,95.8488018886818,26802
"(0.8567210567210567, 0.9861673414304992)",1,95.8487660311128,26803
"(0.7918332964292933, 0.9644491481508056)",1,95.8483341414688,26804
"(0.9833229101521784, 1.0)",3,95.84816568117792,26807
"(0.8087623896023756, 0.9650450950662368)",1,95.8479276729062,26808
"(0.903907191101469, 0.9609357631051972)",1,95.84788958415184,26809
"(0.8879608405415911, 0.988167361639188)",1,95.8478618509471,26810
"(0.960666032023912, 0.9678176625650188)",1,95.84758178534666,26811
"(0.9535144014828052, 0.9645238095238096)",1,95.84753515825832,26812
"(1.0, 1.0)",1,95.84747730448645,26813
"(0.6749447402728794, 0.9861310021084456)",1,95.8472934286686,26814
"(0.8685314685314685, 0.9764666952752286)",1,95.84717809618316,26815
"(0.9295946890286512, 1.0)",2,95.84707860264608,26817
"(0.7833537331701346, 0.9764666952752286)",1,95.84706218470753,26818
"(0.9392111404005912, 0.9680383516315252)",1,95.8470161197579,26819
"(0.9645938855657314, 0.9537330920118182)",1,95.84696805477805,26820
"(0.866525722339676, 0.9528125324922884)",1,95.84692824352932,26821
"(0.9161952650324744, 1.0)",1,95.84691296071264,26822
"(0.9364970967817766, 0.9645938855657314)",1,95.84690613420727,26823
"(0.7103786816269286, 0.9824126287942077)",5,95.84688192523788,26828
"(0.9645238095238096, 0.9641028246291404)",1,95.846813905323,26829
"(0.859301030353662, 0.9649122807017544)",1,95.84646913171984,26830
"(0.9003351064851267, 0.9676485688615069)",1,95.84630462715354,26831
"(0.932912106787064, 0.960851077856154)",3,95.8462996436478,26834
"(0.9172008547008548, 0.9861673414304992)",1,95.8461530745052,26835
"(0.9022759891180944, 0.972045976510262)",1,95.84579051193391,26836
"(0.7797768849220391, 0.9528125324922884)",1,95.8456006884186,26837
"(0.9364970967817766, 0.9572437766315318)",1,95.84542939751871,26838
"(0.9640038239043044, 0.971495851087688)",1,95.84514522512475,26839
"(0.7294281157362763, 1.0)",1,95.84482579122326,26840
"(0.95, 0.9609357631051972)",1,95.8444264946127,26841
"(0.930124456440246, 0.9861673414304992)",1,95.84437902025128,26842
"(0.9498754528985508, 0.9572437766315318)",1,95.8443266114841,26843
"(0.7323163951070927, 0.9764666952752286)",1,95.84427495195764,26844
"(0.5218438528010998, 0.9861310021084456)",3,95.84393974671104,26847
"(0.8814591883264935, 0.9643944553313464)",1,95.84336052669484,26848
"(0.972281746031746, 0.9861673414304992)",1,95.84324771855906,26849
"(0.9628689175769612, 0.9749910873440284)",1,95.84304982203088,26850
"(0.4835654773292069, 0.9729658624686248)",1,95.8429858571216,26851
"(0.960851077856154, 0.9609357631051972)",1,95.84273750732002,26852
"(0.8657434402332361, 0.9610153569597296)",4,95.84267830215956,26856
"(0.8604506409817717, 0.960851077856154)",3,95.84251476997228,26859
"(0.9528629190035216, 0.9646471322611444)",1,95.84246856880895,26860
"(0.8395301149279116, 0.9764666952752286)",1,95.84233451352924,26861
"(0.9161952650324744, 1.0)",1,95.8420520340511,26862
"(0.7507808297997424, 0.9861673414304992)",1,95.8419746240451,26863
"(0.8796475392220073, 1.0)",1,95.84195528157636,26864
"(0.9418479305417444, 0.9766918866148322)",1,95.84181718424146,26865
"(0.95153153367707, 0.9764666952752286)",1,95.84179690447928,26866
"(0.7084717607973421, 0.9764666952752286)",1,95.84173676663583,26867
"(0.6578397212543554, 0.9779263059241357)",1,95.84165448937176,26868
"(0.9326599326599326, 1.0)",1,95.84157158167554,26869
"(0.627077337896347, 0.964269276237512)",1,95.84146809926544,26870
"(0.8834302325581395, 0.964269276237512)",1,95.84145489944564,26871
"(0.7325800052772601, 0.9650450950662368)",1,95.84141025170472,26872
"(0.94291309888229, 0.991206314397104)",1,95.8413853555979,26873
"(0.5040495414673045, 0.9649122807017544)",1,95.84135589720088,26874
"(0.3593082318976406, 0.9719599299405296)",1,95.84110399848043,26875
"(0.7602379596828609, 0.9749910873440284)",1,95.84104265427754,26876
"(0.9833229101521784, 1.0)",1,95.8409009179492,26877
"(0.8846362470895226, 0.9572437766315318)",3,95.84066615840888,26880
"(0.9429917021753756, 0.9676485688615069)",3,95.84043160362476,26883
"(0.8757850574494108, 0.9549898727213622)",1,95.84027117567976,26884
"(0.8334507869391591, 0.9643944553313464)",1,95.84021668821374,26885
"(0.8676532769556025, 0.9882048106149588)",1,95.84013253724515,26886
"(0.9665831244778612, 0.9833229101521784)",1,95.83995956684788,26887
"(0.7997685185185185, 0.9861673414304992)",1,95.83993951950868,26888
"(0.8873352247505452, 0.9690968282937898)",1,95.83989501919446,26889
"(0.8761383419447936, 0.987463247273494)",1,95.8394930374078,26890
"(0.9288982963016116, 0.9644491481508056)",1,95.8394013122156,26891
"(0.8580559516200404, 0.9650076460904662)",1,95.8392723590246,26892
"(0.8876281048778143, 0.9571428571428572)",1,95.83909254040556,26893
"(0.9384174012481092, 0.9565765081970016)",1,95.8388362181202,26894
"(0.8016677935542034, 1.0)",2,95.83883275357384,26896
"(0.9580331374974232, 1.0)",1,95.83837810956555,26897
"(0.9275802828069248, 0.9644491481508056)",1,95.83836598779344,26898
"(0.7923306301473605, 0.9643944553313464)",1,95.83789093569447,26899
"(0.9012059369202228, 0.9749910873440284)",1,95.83756560663116,26900
"(0.9388917411828462, 0.9645238095238096)",1,95.83724637183468,26901
"(0.765692887308966, 0.9861310021084456)",1,95.83709883451525,26902
"(0.6759495516512356, 0.9764666952752286)",1,95.83705320323196,26903
"(0.9640038239043044, 0.978518051242236)",1,95.83685718196617,26904
"(0.8920217788143652, 0.9916585206907788)",1,95.83662352828097,26905
"(0.9425645194066248, 0.9642857142857144)",1,95.8365380516515,26906
"(0.8813457860512559, 0.978991432350066)",1,95.8365247994495,26907
"(0.7280584513944579, 0.9861673414304992)",1,95.83649844905898,26908
"(0.9666562434855118, 0.9833229101521784)",2,95.83636284549397,26910
"(0.7923306301473605, 0.9764666952752286)",1,95.83635453623548,26911
"(0.941687552213868, 0.9572437766315318)",1,95.83634046663911,26912
"(0.8722751392320632, 0.976351027451096)",1,95.83612929968058,26913
"(0.8087623896023756, 0.9764666952752286)",2,95.83606500521444,26915
"(0.939055706563049, 0.960851077856154)",1,95.83603037101253,26916
"(0.8044914258149553, 0.9861310021084456)",1,95.83602557162791,26917
"(0.7524760273298283, 0.991206314397104)",1,95.8360008267221,26918
"(0.8420013166556946, 1.0)",1,95.83570364938691,26919
"(0.9153439153439152, 1.0)",1,95.83533150157024,26920
"(0.7837606837606838, 0.9580331374974232)",1,95.83533145964734,26921
"(0.9506883741258744, 0.9609357631051972)",4,95.83531596669464,26925
"(0.9444901834607716, 0.9861673414304992)",1,95.83526889001122,26926
"(0.8631546198466533, 0.9764666952752286)",1,95.83506867783998,26927
"(0.6575398846941737, 1.0)",1,95.83503223830638,26928
"(0.8972301136363636, 0.9573389777809668)",1,95.83489656152403,26929
"(0.7778533896115083, 0.9824126287942077)",1,95.8347947007777,26930
"(0.9609357631051972, 0.9609357631051972)",1,95.83476444708124,26931
"(0.933096859926128, 0.9833229101521784)",1,95.83472116961886,26932
"(0.6173922423091859, 0.9643944553313464)",1,95.83468056852809,26933
"(0.9664171122994653, 0.8254391640033368)",1,95.83436673800406,26934
"(0.9498754528985508, 0.960851077856154)",1,95.83436506980824,26935
"(0.8715701474388204, 0.9861310021084456)",2,95.83434781677644,26937
"(0.4737094237094237, 0.972420634920635)",2,95.8341247113607,26939
"(0.9609357631051972, 0.9610899532226684)",1,95.8340041880674,26940
"(0.8887419165196944, 0.958109559613319)",1,95.83393888717156,26941
"(0.8688607891739799, 0.9622641509433963)",1,95.83321880002802,26942
"(0.8687499999999999, 0.9764666952752286)",1,95.83313502695398,26943
"(0.8561103441223091, 0.958109559613319)",1,95.83306550787964,26944
"(0.8311329582337986, 0.972045976510262)",1,95.8329341964856,26945
"(0.5158881303156945, 0.976347981804149)",1,95.83270895964948,26946
"(0.8365328658269835, 0.9916585206907788)",1,95.83261395167402,26947
"(0.6969051878354204, 0.9538370349708868)",1,95.83251801543976,26948
"(0.9666562434855118, 1.0)",1,95.83239553998048,26949
"(0.9499687304565352, 0.9833229101521784)",1,95.83222216491924,26950
"(0.9026337658413128, 0.9861673414304992)",1,95.83220487677023,26951
"(0.939866291344124, 0.9679690637004894)",1,95.832168275359,26952
"(0.7608215527547845, 0.9556541264979026)",3,95.83176196682248,26955
"(0.9310483384791604, 0.972420634920635)",1,95.83164289337708,26956
"(0.8846362470895226, 0.95)",1,95.8315665414862,26957
"(0.8199566964749151, 0.9646309224447688)",1,95.83149554367182,26958
"(0.960666032023912, 0.9640038239043044)",1,95.83144513380007,26959
"(0.8687499999999999, 0.9766918866148322)",2,95.83141530390608,26961
"(0.7725182451236846, 0.9764666952752286)",2,95.83135519282816,26963
"(0.9106046182361638, 0.9680383516315252)",3,95.8312120828329,26966
"(0.8224631915554647, 0.9418479305417444)",1,95.8307205600159,26967
"(0.9326599326599326, 1.0)",1,95.83070694195467,26968
"(0.9172202093397748, 0.972420634920635)",1,95.83063123252938,26969
"(0.950431439792024, 0.9644491481508056)",1,95.83037986256082,26970
"(0.8876281048778143, 0.9642857142857144)",3,95.8300896691358,26973
"(0.9392111404005912, 0.960851077856154)",3,95.8299740818927,26976
"(0.9299160159815896, 0.9861673414304992)",1,95.82993295434925,26977
"(0.8895939931776995, 0.9749910873440284)",1,95.82972573226736,26978
"(0.9309821833269412, 0.9766918866148322)",1,95.82934839295622,26979
"(0.9396279975262144, 0.9536268754076972)",3,95.82916292108452,26982
"(0.927109440267335, 0.9610153569597296)",1,95.82896819179588,26983
"(0.8685314685314685, 0.9643944553313464)",1,95.8288805689879,26984
"(0.7976364522417154, 0.9691818330194464)",2,95.82887993054288,26986
"(0.8874191651969431, 0.972420634920635)",1,95.82878567630014,26987
"(0.7472307467415887, 0.941454716296154)",1,95.82876912632398,26988
"(0.8098502304147466, 0.9624545454545456)",1,95.82873499944068,26989
"(0.8062845268711453, 0.9861673414304992)",1,95.82869924618964,26990
"(0.9041196741854636, 0.9692608993981562)",2,95.8286809124796,26992
"(0.940074233084456, 0.9352068830277476)",1,95.82854919919713,26993
"(0.6120161514898357, 0.9861310021084456)",1,95.8284954773562,26994
"(0.6521663785997688, 1.0)",1,95.82847095504783,26995
"(0.8334507869391591, 0.9643944553313464)",1,95.82841264740236,26996
"(0.8455704732698088, 0.972281746031746)",1,95.82825874668312,26997
"(0.9568045886851652, 0.960851077856154)",1,95.82806496471214,26998
"(0.8805377184744008, 0.983847072879331)",1,95.82798838682518,26999
"(0.8395301149279116, 0.9764666952752286)",1,95.82795506018172,27000
"(0.868077055383557, 1.0)",1,95.82784264571023,27001
"(0.8874191651969431, 0.972420634920635)",1,95.8277785491078,27002
"(0.9392111404005912, 0.9645938855657314)",1,95.82776554776636,27003
"(0.7002945207922506, 0.9780434995701116)",1,95.8275216730206,27004
"(0.7401844059863599, 0.9861673414304992)",1,95.82748036365454,27005
"(0.9309563801089225, 0.972281746031746)",2,95.82731874567726,27007
"(0.8056354979267693, 0.9861310021084456)",1,95.82731230472008,27008
"(0.4468328406505846, 0.9861673414304992)",1,95.82715294623426,27009
"(0.907220808200551, 0.9528125324922884)",1,95.82710907124438,27010
"(0.8592657752039796, 0.972045976510262)",1,95.82706258013464,27011
"(0.8972301136363636, 0.9680383516315252)",3,95.82703736733792,27014
"(0.9080024622960912, 0.9649122807017544)",2,95.8267804655869,27016
"(0.7820135271430143, 0.9643944553313464)",1,95.82669791268084,27017
"(0.7440767664806348, 0.964269276237512)",1,95.82659528760068,27018
"(0.362211854979326, 0.9780375997426316)",1,95.82584611655108,27019
"(0.5218438528010998, 0.972281746031746)",1,95.8253624812961,27020
"(0.5529564209234128, 0.964269276237512)",1,95.82504704103572,27021
"(0.9429917021753756, 0.9642857142857144)",1,95.82497994039372,27022
"(0.5512873845845042, 0.967501625162516)",1,95.82494614558152,27023
"(0.9003351064851267, 0.9609357631051972)",1,95.8246915750466,27024
"(0.8352271364897016, 0.964269276237512)",2,95.8246295453908,27026
"(0.8843764852418178, 0.9643944553313464)",1,95.82459927232304,27027
"(0.9171223888843544, 0.9649859943977592)",1,95.8245267181033,27028
"(0.9462256234379848, 0.9610153569597296)",4,95.82452036785688,27032
"(0.950431439792024, 0.9572437766315318)",1,95.82442225712794,27033
"(0.6767580302172832, 0.972281746031746)",1,95.82424699919164,27034
"(0.8632321428571428, 0.9642857142857144)",3,95.82398386645852,27037
"(0.4904033495004767, 0.9300756598444966)",1,95.82385130670558,27038
"(0.92008547008547, 0.9572437766315318)",3,95.82368272267404,27041
"(0.7999088007295942, 0.9650076460904662)",1,95.82367954762536,27042
"(0.8517690928240017, 0.9643944553313464)",1,95.82358825165949,27043
"(0.9466127311522048, 0.9736842105263158)",1,95.82347716275405,27044
"(0.939055706563049, 0.9645938855657314)",1,95.823396497789,27045
"(0.8846362470895226, 0.9640038239043044)",3,95.82335026353832,27048
"(0.8166003784222112, 0.9648252575884156)",3,95.82334801802156,27051
"(0.9609357631051972, 0.9610153569597296)",1,95.82331494549638,27052
"(0.6173922423091859, 0.9643944553313464)",1,95.82326566872294,27053
"(0.8395301149279116, 0.9643944553313464)",1,95.82297470603936,27054
"(0.9535144014828052, 0.9681645071821834)",1,95.8228451654317,27055
"(0.9715593185206444, 0.9396279975262144)",1,95.82282533951565,27056
"(0.944563492063492, 1.0)",1,95.82280158565274,27057
"(0.8932254623044097, 0.969334154098697)",1,95.82264649056388,27058
"(0.9764666952752286, 0.9643944553313464)",2,95.82262706479985,27060
"(0.8365328658269835, 0.9916585206907788)",1,95.82253746621444,27061
"(0.9098519670814934, 0.9749910873440284)",1,95.82239256353392,27062
"(0.9212328545548654, 0.9645238095238096)",1,95.8223166122474,27063
"(0.8459744503862151, 0.972045976510262)",1,95.82201067058412,27064
"(0.8702889400021048, 0.9609357631051972)",1,95.82176318810944,27065
"(0.9574285714285714, 0.9536268754076972)",3,95.82171935263445,27068
"(0.9645938855657314, 0.9681034738761426)",1,95.82152413452836,27069
"(0.8586166985951469, 0.9861310021084456)",2,95.8215132100588,27071
"(0.9137091172501388, 0.9622641509433963)",1,95.82150882971018,27072
"(0.8193419055822156, 0.9722222222222222)",1,95.82148071268584,27073
"(0.7802197802197803, 1.0)",1,95.8212981059562,27074
"(0.7026153868908955, 0.9677353740627908)",2,95.82113907309228,27076
"(0.8194074731341813, 0.9861673414304992)",1,95.82113054973192,27077
"(0.8916052423523688, 0.987463247273494)",1,95.82112645071535,27078
"(0.8388048698116161, 0.9861673414304992)",4,95.82109528498164,27082
"(0.4827246972385666, 0.964269276237512)",1,95.8210394039845,27083
"(0.828966378966379, 0.9722222222222222)",1,95.82091839557545,27084
"(0.923664469066768, 0.9873891625615764)",1,95.8208011274484,27085
"(0.9192093318943212, 0.988167361639188)",1,95.8207798545027,27086
"(0.861621814331256, 0.9722222222222222)",1,95.82059037012893,27087
"(0.8459744503862151, 0.972045976510262)",2,95.82038131484958,27089
"(0.7348436174331348, 0.9861310021084456)",1,95.82029463562444,27090
"(0.9250895679662802, 0.960851077856154)",1,95.81967985366524,27091
"(0.8467532467532467, 1.0)",1,95.81964995940604,27092
"(0.8224984248811502, 0.9646961069429848)",1,95.81964581704268,27093
"(0.8315474711586087, 0.9873615184099056)",2,95.8194349690562,27095
"(0.9460809481025116, 0.9572437766315318)",3,95.81937109283498,27098
"(0.9227792207792208, 0.9605654571878554)",1,95.8193026909248,27099
"(0.8899966931216932, 0.9861310021084456)",1,95.81929392435256,27100
"(0.813515418166581, 0.9766918866148322)",1,95.81918433165086,27101
"(0.8996408045977011, 0.9749910873440284)",1,95.81913731422902,27102
"(0.8523797616070684, 0.964269276237512)",1,95.81910266686296,27103
"(0.8334507869391591, 0.9522870228046522)",1,95.81905467809509,27104
"(0.9712822597033124, 0.9676485688615069)",1,95.81892294335708,27105
"(0.8453642237906118, 0.9573389777809668)",1,95.8186418463287,27106
"(0.5145696010475885, 0.9861310021084456)",1,95.81860376600238,27107
"(0.8613133624575272, 0.9599989999749994)",1,95.8183852896802,27108
"(0.5167206104706105, 0.9773647899376904)",1,95.81815454918724,27109
"(0.9388917411828462, 0.9572437766315318)",1,95.81803486119072,27110
"(0.6736022307473716, 0.9861673414304992)",1,95.81803081909688,27111
"(0.9041196741854636, 0.9649122807017544)",2,95.81800904727696,27113
"(0.9259740526337398, 0.9640038239043044)",1,95.8179632187604,27114
"(0.6730510127402202, 0.9824126287942077)",1,95.81787623535824,27115
"(0.6423563565219435, 0.9692608993981562)",2,95.81776357851888,27117
"(0.9045708198051948, 0.960851077856154)",1,95.81767454583216,27118
"(0.8311329582337986, 0.972045976510262)",1,95.81766830624416,27119
"(0.9610153569597296, 0.9610153569597296)",1,95.8175468277965,27120
"(0.7994682965613199, 0.9538370349708868)",1,95.817518683292,27121
"(0.9599959995999598, 0.9574976092405196)",1,95.8170997994132,27122
"(0.8632321428571428, 0.9644491481508056)",1,95.81696495683347,27123
"(0.8890425386169811, 0.9572437766315318)",1,95.8168479420451,27124
"(0.8660545355265853, 0.9749910873440284)",1,95.81645510305869,27125
"(0.9431186370412892, 0.9644491481508056)",1,95.81643251730944,27126
"(0.852, 0.9749910873440284)",1,95.81626708565295,27127
"(0.6260123507862112, 0.9766918866148322)",1,95.81596431914896,27128
"(0.7943622269203664, 0.9764666952752286)",1,95.8158550358806,27129
"(0.9385964912280702, 0.9692608993981562)",3,95.81581404772658,27132
"(0.9110813074094206, 0.9764666952752286)",1,95.81579652793307,27133
"(0.9503122778456484, 0.9832184229069656)",2,95.81578783403454,27135
"(0.9166682405676116, 1.0)",1,95.8157646970982,27136
"(0.92008547008547, 0.9645938855657314)",1,95.81575260982316,27137
"(0.9377148530109056, 0.9736189431913116)",1,95.81535352205243,27138
"(0.8306479779411763, 0.9749910873440284)",1,95.81532675077784,27139
"(0.4924777967362296, 0.9775011251125112)",1,95.81518325121526,27140
"(0.972281746031746, 0.9861673414304992)",1,95.81491096808224,27141
"(0.8311329582337986, 0.972045976510262)",1,95.81488927229177,27142
"(0.9834440227703986, 0.9874747474747476)",1,95.81485656697753,27143
"(0.7852506868131869, 0.9610899532226684)",1,95.81481905320403,27144
"(0.865581803207783, 0.9736842105263158)",1,95.81476390338015,27145
"(0.7665484369555701, 0.9764666952752286)",1,95.81470549346407,27146
"(0.8596618357487924, 0.972045976510262)",1,95.81415133732489,27147
"(0.8058308902229048, 0.9692608993981562)",1,95.81402268390376,27148
"(0.9160323884095494, 0.9536268754076972)",3,95.81399232567485,27151
"(0.9331602474692836, 0.9873891625615764)",1,95.81397986310792,27152
"(0.6461629696923814, 0.972045976510262)",1,95.81391823839422,27153
"(0.926397848615755, 0.9736189431913116)",1,95.81380521770063,27154
"(0.9571428571428572, 0.9643698138596096)",3,95.81378760872016,27157
"(0.9424967654430562, 0.95749335833724)",1,95.8137511078543,27158
"(0.8840455840455841, 1.0)",1,95.81363634936416,27159
"(0.8552744708994707, 0.9861673414304992)",2,95.8133857655376,27161
"(0.903667392883079, 1.0)",1,95.81334017958702,27162
"(0.9539272400433172, 0.9572437766315318)",1,95.81239817389802,27163
"(0.8895939931776995, 0.9749910873440284)",1,95.81236816633547,27164
"(0.9369808292429718, 0.991777356103732)",1,95.81168270701244,27165
"(0.9326599326599326, 1.0)",1,95.8116212990306,27166
"(0.8766640111271459, 0.9681034738761426)",1,95.81156300580724,27167
"(0.8580559516200404, 0.9538370349708868)",1,95.81151337798656,27168
"(0.5187734941865547, 0.972281746031746)",1,95.81120620421731,27169
"(0.7833537331701346, 0.9764666952752286)",1,95.81118821901912,27170
"(0.8124923632552741, 0.9861673414304992)",1,95.81102324292064,27171
"(0.5695633155937887, 0.9764666952752286)",1,95.81100551165297,27172
"(0.8449106413122807, 0.964269276237512)",1,95.81078180177904,27173
"(0.4937625125125124, 0.972281746031746)",1,95.81041823303832,27174
"(0.9574285714285714, 0.9644491481508056)",3,95.81026053514456,27177
"(0.861111111111111, 1.0)",1,95.81015965068472,27178
"(0.9538331745788698, 0.9575126626788776)",1,95.81003157613196,27179
"(0.8874735513743797, 0.964269276237512)",1,95.80992048120048,27180
"(0.8890425386169811, 0.960851077856154)",1,95.80989264403696,27181
"(0.5466837142306626, 0.9861673414304992)",1,95.8098321127916,27182
"(0.9666666666666668, 0.9833229101521784)",1,95.80980445948208,27183
"(0.8044914258149553, 0.9861310021084456)",1,95.8097904521548,27184
"(0.9314912029239976, 0.9650076460904662)",1,95.8097322209262,27185
"(0.8191170968948748, 0.9690968282937898)",3,95.80964151662916,27188
"(0.7401844059863599, 0.972420634920635)",1,95.80959975034692,27189
"(0.9189485013229876, 0.9640038239043044)",1,95.80956372212243,27190
"(0.9373666512059368, 0.9749910873440284)",1,95.80895659420624,27191
"(0.8843764852418178, 0.9643944553313464)",2,95.80875751208552,27193
"(0.5131569832583307, 1.0)",1,95.80869305993014,27194
"(0.903907191101469, 0.9680383516315252)",1,95.80853586197136,27195
"(0.972420634920635, 0.9861673414304992)",2,95.80852930384476,27197
"(0.838301471154743, 0.972045976510262)",1,95.8084791875196,27198
"(0.861957198953386, 0.9538370349708868)",1,95.80826640517134,27199
"(0.8044914258149553, 0.9861310021084456)",1,95.80805180632332,27200
"(0.9189485013229876, 0.9572437766315318)",1,95.8079329435906,27201
"(0.9146779555619334, 0.9681034738761426)",1,95.80784270350898,27202
"(0.4943189964157706, 1.0)",1,95.80782542575506,27203
"(0.945600047211127, 0.9642857142857144)",4,95.80767973798876,27207
"(0.9450323339212228, 0.972045976510262)",1,95.80760614367225,27208
"(0.5223113993157693, 0.9739870417040504)",1,95.80740934150276,27209
"(0.8806608357628766, 0.9680383516315252)",2,95.80735891162853,27211
"(0.7839229024943309, 0.972420634920635)",1,95.80712655219963,27212
"(0.8136244723706807, 0.9643944553313464)",1,95.80712245691224,27213
"(0.8848365568890763, 0.9643944553313464)",1,95.8068618580578,27214
"(0.8978420627840789, 0.9646309224447688)",3,95.8064285970058,27217
"(0.9583930063253372, 1.0)",1,95.80637573753822,27218
"(0.9153439153439156, 0.9833229101521784)",1,95.80614784206396,27219
"(0.7734344933751168, 1.0)",1,95.80593638454572,27220
"(0.4039045743444857, 1.0)",1,95.80547163403337,27221
"(0.8660545355265853, 0.9749910873440284)",1,95.80538536587638,27222
"(0.8806608357628766, 0.9644491481508056)",3,95.8053160183065,27225
"(0.789994229453279, 0.9861673414304992)",1,95.80526852832196,27226
"(0.9645938855657314, 0.960851077856154)",1,95.80525101088388,27227
"(0.7479743867590829, 1.0)",1,95.80520417500392,27228
"(0.9497171590194848, 1.0)",1,95.80506601403386,27229
"(0.7976364522417154, 0.9556541264979026)",3,95.80469171185116,27232
"(0.950431439792024, 0.960851077856154)",1,95.80463286870472,27233
"(0.7084717607973421, 0.9764666952752286)",1,95.80462429396016,27234
"(0.6260123507862112, 0.9650076460904662)",2,95.80455710021477,27236
"(0.8420013166556946, 1.0)",1,95.80435301055468,27237
"(0.9273504273504276, 0.9609357631051972)",1,95.80435043604164,27238
"(0.7923306301473605, 0.9764666952752286)",2,95.80425163144288,27240
"(0.8340799485585682, 0.9650450950662368)",1,95.8041898621624,27241
"(0.9165867390570612, 0.9574285714285714)",1,95.80413688909827,27242
"(0.9399739902831624, 0.9536268754076972)",1,95.8039761207654,27243
"(0.8128695890786856, 0.9643944553313464)",1,95.80388581440076,27244
"(0.9665831244778612, 1.0)",1,95.80363676960552,27245
"(0.9502288074111276, 0.9645938855657314)",1,95.80319776035536,27246
"(0.826388888888889, 1.0)",1,95.8031270515554,27247
"(0.7394745529782975, 0.975674676191496)",1,95.80292736407362,27248
"(0.94291309888229, 0.9824126287942077)",1,95.80283117148043,27249
"(0.7891673497098101, 0.9736842105263158)",1,95.80272311809618,27250
"(0.8691891027106093, 0.9610899532226684)",1,95.8026516779583,27251
"(0.7731997731997731, 0.9599959995999598)",1,95.80239943923446,27252
"(0.8795903283708161, 0.9712030591234436)",1,95.80222932238898,27253
"(0.7837606837606838, 0.9861673414304992)",1,95.80198448203446,27254
"(0.8266173510466989, 0.9861673414304992)",1,95.80180641072631,27255
"(0.9007161410018553, 0.9572437766315318)",1,95.8013661951189,27256
"(0.7440767664806348, 0.964269276237512)",1,95.80132386535834,27257
"(0.8044914258149553, 0.9861310021084456)",2,95.80131775416992,27259
"(0.8340799485585682, 0.9764666952752286)",2,95.80129084840294,27261
"(0.6003561059603759, 0.9538370349708868)",1,95.80123629531045,27262
"(0.843845350684385, 0.9644491481508056)",3,95.80120606823336,27265
"(0.8395301149279116, 0.9643944553313464)",1,95.80105135525072,27266
"(0.8333192389006343, 0.9766918866148322)",1,95.80091654534166,27267
"(0.9643698138596096, 0.9678176625650188)",1,95.80078985473604,27268
"(0.8003813092161745, 0.9790231494896808)",2,95.80053970869476,27270
"(0.9235929095176316, 0.9643698138596096)",1,95.800524447158,27271
"(0.3980793293293293, 0.9861673414304992)",1,95.80000923663611,27272
"(0.6981216457960644, 0.9650450950662368)",1,95.7997929494702,27273
"(0.8976982097186702, 0.9833229101521784)",1,95.79955989700166,27274
"(0.9288982963016116, 0.9645238095238096)",1,95.79951267437752,27275
"(0.8351110130322311, 0.9736189431913116)",1,95.79932574693908,27276
"(0.852, 0.9622598627787308)",1,95.79886345754788,27277
"(0.5874751891549204, 0.9824126287942077)",5,95.79850628670518,27282
"(0.8317601729721721, 0.9735486410250802)",1,95.79847650204248,27283
"(0.8739378354203935, 0.964269276237512)",1,95.7981752792725,27284
"(0.7277677677677677, 0.986081059422206)",1,95.7979856668861,27285
"(0.8334750774705025, 0.9650450950662368)",1,95.79796953430056,27286
"(0.65904316963639, 0.9861673414304992)",1,95.79779167773184,27287
"(0.7348436174331348, 0.9861673414304992)",1,95.79775816048114,27288
"(0.779286067193676, 0.9749910873440284)",1,95.7973945345262,27289
"(0.6020449077786688, 0.9764666952752286)",1,95.7973825015127,27290
"(0.9647058823529412, 0.9289986228605154)",3,95.7970156248121,27293
"(0.930124456440246, 0.972420634920635)",1,95.7969674144083,27294
"(0.907220808200551, 0.9538370349708868)",1,95.79685402210454,27295
"(0.9364970967817766, 0.9644491481508056)",1,95.79675868305117,27296
"(0.8845244231527244, 0.9528959415746864)",1,95.79665333286223,27297
"(0.8594436844505243, 0.9643944553313464)",2,95.79658989283094,27299
"(0.94484126984127, 0.9861673414304992)",4,95.79628313354664,27303
"(0.809910701215049, 0.972045976510262)",1,95.79599233802496,27304
"(0.7802197802197803, 1.0)",1,95.79578714947704,27305
"(0.9165867390570612, 0.9609357631051972)",1,95.7949804255185,27306
"(0.8892193005355779, 0.9958292603453894)",1,95.79496532062588,27307
"(0.7729389061386163, 0.988167361639188)",1,95.79495207229272,27308
"(0.6736022307473716, 0.9861673414304992)",2,95.79485844200336,27310
"(0.903907191101469, 0.9645938855657314)",1,95.79469719640174,27311
"(0.9364970967817766, 0.9645238095238096)",1,95.7946811935875,27312
"(0.8056354979267693, 0.9722222222222222)",1,95.79458633848336,27313
"(0.9665571503823156, 0.9958292603453894)",1,95.79447288569531,27314
"(0.9432380952380952, 0.960851077856154)",1,95.79406722107905,27315
"(0.9505232430050672, 0.9715593185206444)",1,95.79384438896643,27316
"(0.9164652836623464, 1.0)",1,95.79380758745324,27317
"(0.9240756756756756, 0.960851077856154)",1,95.7937242595996,27318
"(0.8449106413122807, 0.964269276237512)",1,95.793718166434,27319
"(0.7187807755293061, 0.9733093394292436)",1,95.79345533363136,27320
"(0.8619291086321716, 0.9583930063253372)",1,95.79340816129664,27321
"(0.8459744503862151, 0.972045976510262)",1,95.79312139615946,27322
"(0.8604306971015356, 0.972420634920635)",2,95.79276508424655,27324
"(0.9026337658413128, 0.9861673414304992)",1,95.7926754162066,27325
"(0.7731997731997731, 0.9624885121068328)",1,95.79257016005404,27326
"(0.9503333333333333, 0.9397510062104916)",1,95.79248474567932,27327
"(0.8685314685314685, 0.9643944553313464)",1,95.79232134503654,27328
"(0.9574285714285714, 0.9575126626788776)",1,95.79222641094417,27329
"(0.8964397027091824, 0.960851077856154)",1,95.79203592661506,27330
"(0.8136244723706807, 0.9643944553313464)",1,95.79189313434374,27331
"(0.7325800052772601, 0.9767441860465116)",1,95.79185656397851,27332
"(0.6870644599303137, 0.9861310021084456)",2,95.79182983393235,27334
"(0.9361428571428572, 0.9645938855657314)",1,95.79177855427145,27335
"(0.7767441860465116, 0.9764666952752286)",1,95.79173239648688,27336
"(0.9308697752778572, 0.9678176625650188)",1,95.79168977194186,27337
"(0.8475002808673183, 0.9861673414304992)",1,95.79162669876636,27338
"(0.8449978636391381, 0.9882048106149588)",1,95.79125824349153,27339
"(0.9331814008429188, 0.9538370349708868)",1,95.79112102968662,27340
"(0.8344065656565657, 0.9861673414304992)",1,95.79103353486109,27341
"(0.9238400660955778, 0.9785714285714284)",2,95.79099461323204,27343
"(0.499965598215334, 0.975)",1,95.79071057987396,27344
"(0.9609357631051972, 0.9575913511472004)",1,95.79040856656889,27345
"(0.5356353691697385, 0.9556541264979026)",1,95.79039567432024,27346
"(0.9429917021753756, 0.95339554031292)",1,95.79033505540868,27347
"(0.7008726156973109, 0.9861673414304992)",1,95.79031939893862,27348
"(0.8516202793347812, 0.9643944553313464)",2,95.79030989800825,27350
"(0.9677353740627908, 0.9676485688615069)",1,95.78965908553666,27351
"(0.8705264551431975, 0.9643944553313464)",2,95.78964279034297,27353
"(0.93773047895128, 0.9876066164491212)",1,95.78960242164692,27354
"(0.9230468061350414, 0.9832925076188832)",1,95.7889095153515,27355
"(0.6120161514898357, 0.972281746031746)",1,95.78878655309916,27356
"(0.9333044546043194, 0.987491854024112)",1,95.78849860884144,27357
"(0.950431439792024, 0.9644491481508056)",1,95.78844008713445,27358
"(0.8685902992776057, 0.9882320356476616)",1,95.78835860148683,27359
"(0.9462256234379848, 0.960851077856154)",1,95.7882196666086,27360
"(0.831031066037186, 0.988167361639188)",1,95.78817356657385,27361
"(0.8085259100433108, 0.9861673414304992)",1,95.78801724681465,27362
"(0.950431439792024, 0.957036102484472)",1,95.78796328471718,27363
"(0.7002945207922506, 0.9780958243562125)",1,95.78752181463727,27364
"(0.8422693146507633, 0.9736842105263158)",1,95.7874515830046,27365
"(0.7479743867590829, 0.986081059422206)",2,95.78735885502482,27367
"(0.9392111404005912, 0.9716190476190476)",1,95.78692900957896,27368
"(0.4468328406505846, 0.9861673414304992)",1,95.78661253859636,27369
"(0.9535144014828052, 0.9644491481508056)",3,95.78648619670588,27372
"(0.9666666666666668, 0.9833229101521784)",1,95.78638117232732,27373
"(0.8498641779745659, 0.9599959995999598)",1,95.78614598416016,27374
"(0.9153127183787562, 0.9861673414304992)",1,95.78613104652072,27375
"(0.8887419165196944, 0.9861310021084456)",1,95.7860122821318,27376
"(0.8137107474568775, 0.960851077856154)",1,95.78584994505808,27377
"(0.933096859926128, 0.9833229101521784)",1,95.7856542013908,27378
"(0.6526770767943084, 0.972420634920635)",1,95.7856428362159,27379
"(0.9273504273504276, 0.9536268754076972)",1,95.7855361426949,27380
"(0.9348222545262322, 0.9716190476190476)",1,95.7852868978396,27381
"(0.6981216457960644, 0.9650450950662368)",1,95.78525776516383,27382
"(0.9516794286955578, 0.9433972334281931)",1,95.78518829077665,27383
"(0.7516483516483518, 0.9861673414304992)",1,95.78478031023448,27384
"(0.9000617225831424, 0.9833229101521784)",1,95.78462340924638,27385
"(0.9192093318943212, 1.0)",1,95.78448522600588,27386
"(0.92008547008547, 0.9537330920118182)",1,95.78406248332853,27387
"(0.8449106413122807, 0.964269276237512)",1,95.78393671410144,27388
"(0.9750072792119512, 0.9958292603453894)",1,95.78373313067596,27389
"(0.8404355452872972, 0.972045976510262)",1,95.78352809741828,27390
"(0.8848365568890763, 0.9643944553313464)",1,95.78350010033228,27391
"(0.8153895365851999, 0.9643944553313464)",1,95.783410086695,27392
"(0.861111111111111, 1.0)",1,95.78338065402636,27393
"(0.940074233084456, 0.960851077856154)",1,95.78334979905534,27394
"(0.8694224991654613, 0.988167361639188)",1,95.78299179643854,27395
"(0.9505232430050672, 0.9751915907925552)",1,95.78294419005242,27396
"(0.3585802401859823, 0.978038923616572)",1,95.78292597010147,27397
"(0.8233927907840951, 0.9861673414304992)",1,95.7827991878274,27398
"(0.8597791061504694, 0.9644491481508056)",1,95.78272005767276,27399
"(0.7823116219667945, 0.9861673414304992)",1,95.782450047043,27400
"(0.6432772815188069, 0.958109559613319)",1,95.7823051080751,27401
"(0.9011810599946194, 0.9861673414304992)",1,95.78210329243822,27402
"(0.944073617452092, 1.0)",1,95.78199802281642,27403
"(0.842200034135518, 0.9572437766315318)",1,95.7817022573849,27404
"(0.8955173107890498, 0.9749910873440284)",1,95.78102975764116,27405
"(0.9388917411828462, 0.9643698138596096)",1,95.78101084733984,27406
"(0.9494594905410846, 0.971495851087688)",1,95.780670278489,27407
"(0.9528533742496432, 0.9571428571428572)",4,95.78033981385089,27411
"(0.5145696010475885, 0.9861310021084456)",1,95.77992133736892,27412
"(1.0, 0.8028711296702379)",1,95.77979515830128,27413
"(0.7103786816269286, 0.9780434995701116)",1,95.7795351736638,27414
"(1.0, 1.0)",1,95.77916252409231,27415
"(0.8686559598432304, 0.9538370349708868)",1,95.77900166379092,27416
"(0.9665831244778612, 0.9833229101521784)",1,95.77875163056584,27417
"(0.8621031746031745, 0.9861310021084456)",1,95.77860121440068,27418
"(0.7999088007295942, 0.9764666952752286)",1,95.77856663790912,27419
"(0.9575126626788776, 0.9680383516315252)",1,95.77844791847146,27420
"(0.8770575330421131, 0.9736477824357492)",1,95.77822822681982,27421
"(0.7999088007295942, 0.9766918866148322)",1,95.7781215453408,27422
"(0.8131627957608075, 0.964269276237512)",1,95.7779396056202,27423
"(0.9282083232965586, 0.974863910036324)",1,95.7778705630558,27424
"(0.7734344933751168, 1.0)",1,95.7777239917265,27425
"(0.9538331745788698, 0.9575126626788776)",1,95.777039606004,27426
"(0.9026337658413128, 0.9861673414304992)",2,95.77699950782304,27428
"(0.9574285714285714, 0.9572437766315318)",1,95.77657950670331,27429
"(0.8898894074675324, 0.9609357631051972)",1,95.77588436957566,27430
"(0.9540153992631536, 0.9680383516315252)",1,95.77581838021774,27431
"(0.9535144014828052, 0.9644491481508056)",1,95.7755149902647,27432
"(0.765692887308966, 0.9861310021084456)",1,95.77538555020422,27433
"(0.9364970967817766, 0.9502288074111276)",1,95.77519227097632,27434
"(0.8880748880748881, 0.9861310021084456)",1,95.77495966352818,27435
"(0.9162596992611264, 0.972281746031746)",1,95.77493386151644,27436
"(0.8098502304147466, 0.9749910873440284)",1,95.7747681480046,27437
"(0.9764666952752286, 0.9643944553313464)",1,95.77473100178572,27438
"(0.9343984962406016, 0.9677353740627908)",1,95.77467113923048,27439
"(0.8843764852418178, 0.9643944553313464)",1,95.77465564147556,27440
"(0.8175446168757694, 0.9861673414304992)",4,95.77460661776564,27444
"(0.8435371534737285, 0.9643944553313464)",1,95.774599916136,27445
"(0.960666032023912, 0.978518051242236)",1,95.7741117613013,27446
"(0.9833229101521784, 0.9833229101521784)",1,95.77398727762083,27447
"(0.8874191651969431, 0.972420634920635)",1,95.773772962302,27448
"(0.9496114574862204, 0.9832925076188832)",1,95.7735392561188,27449
"(0.8226023448010763, 0.9764666952752286)",1,95.77353470618664,27450
"(0.9574285714285714, 0.9501177394034536)",1,95.77352891700404,27451
"(0.861111111111111, 1.0)",1,95.77333486305264,27452
"(0.583006022518984, 0.9648252575884156)",2,95.77298938485067,27454
"(0.3907368421052631, 0.940930997520722)",1,95.7729622886748,27455
"(0.9161952650324744, 1.0)",1,95.7729081747248,27456
"(0.8685314685314685, 0.9643944553313464)",1,95.77279726606788,27457
"(0.9060837499453424, 0.9556541264979026)",1,95.77261184300232,27458
"(0.9574285714285714, 0.9643698138596096)",1,95.77233658333527,27459
"(0.940074233084456, 0.960851077856154)",1,95.77232378814702,27460
"(0.9017623122369548, 0.9572437766315318)",1,95.7722205975634,27461
"(0.9388917411828462, 0.9680383516315252)",1,95.77220562747218,27462
"(0.8579972457210309, 0.976470588235294)",1,95.77211138747197,27463
"(0.9916585206907788, 1.0)",1,95.7719444055568,27464
"(0.8087623896023756, 0.9764666952752286)",1,95.7718992575782,27465
"(0.6173922423091859, 0.9643944553313464)",1,95.77164456257904,27466
"(0.8653198653198653, 0.9833229101521784)",1,95.77162860766173,27467
"(0.9575126626788776, 0.9536268754076972)",1,95.77160740431832,27468
"(0.8880748880748881, 1.0)",2,95.77155352065412,27470
"(0.7729389061386163, 0.988167361639188)",1,95.77152503393638,27471
"(0.7923306301473605, 0.9764666952752286)",1,95.77145843748796,27472
"(0.8621031746031745, 0.9861310021084456)",2,95.77128284201204,27474
"(0.9295946890286512, 1.0)",1,95.77127352307502,27475
"(0.7923306301473605, 0.9643944553313464)",1,95.77122755438232,27476
"(0.9227792207792208, 0.960666032023912)",1,95.77112084582627,27477
"(0.6173922423091859, 0.9643944553313464)",1,95.77100577223976,27478
"(0.947035873779261, 0.9681034738761426)",1,95.7708324262088,27479
"(0.9227792207792208, 0.9537330920118182)",1,95.77076989955998,27480
"(0.9294287857678706, 0.964269276237512)",1,95.77074560658602,27481
"(0.8248508603719991, 0.9572437766315318)",3,95.77072340357276,27484
"(0.9273504273504276, 0.9609357631051972)",1,95.77067680622392,27485
"(0.9297564829445116, 0.9645238095238096)",6,95.77028200371625,27491
"(0.9022759891180944, 0.972045976510262)",2,95.76990294028226,27493
"(0.8333192389006343, 0.988167361639188)",1,95.76975421052502,27494
"(0.9000617225831424, 0.9833229101521784)",1,95.76975109996776,27495
"(0.8814591883264935, 0.9643944553313464)",2,95.76941506030172,27497
"(0.8633407843934159, 0.9780434995701116)",3,95.76933994112814,27500
"(0.874450386215092, 1.0)",1,95.7692463684936,27501
"(0.934065934065934, 0.9833229101521784)",1,95.76915532427172,27502
"(0.9115801832614412, 0.9572437766315318)",3,95.7688954771617,27505
"(0.8672602388063438, 0.95749335833724)",1,95.76887073142542,27506
"(0.9294287857678706, 0.964269276237512)",1,95.76875813882522,27507
"(0.7836974395113928, 0.9766918866148322)",2,95.76863392971666,27509
"(0.9609357631051972, 0.9609357631051972)",1,95.76848447065449,27510
"(0.8249504969211211, 0.988167361639188)",1,95.76840977799476,27511
"(0.7304951237809453, 0.9643944553313464)",1,95.76822606332088,27512
"(0.9916666666666668, 0.978570963087092)",1,95.76803514769388,27513
"(0.8016677935542034, 1.0)",1,95.76771629106176,27514
"(0.9069647153947764, 0.952999227799228)",1,95.76749593179444,27515
"(0.8632321428571428, 0.9678176625650188)",1,95.76748770489746,27516
"(0.9436368312757202, 0.9861673414304992)",1,95.76740638511508,27517
"(0.8685314685314685, 0.9643944553313464)",1,95.767273553284,27518
"(0.8575585765967352, 0.9779263059241357)",3,95.76715266125224,27521
"(0.9665831244778612, 1.0)",1,95.76712050246996,27522
"(0.4143158038414955, 0.9743222608118796)",1,95.76705067979697,27523
"(0.8173762627724085, 0.9599909979745442)",1,95.76679429251077,27524
"(0.6880076348278104, 0.9780958243562125)",1,95.76657792558824,27525
"(0.9189485013229876, 0.9571428571428572)",1,95.76635033382958,27526
"(0.8472645812528676, 0.960851077856154)",4,95.7663107816972,27530
"(0.7049247335867055, 0.9622641509433963)",1,95.76628646930963,27531
"(0.9070766178400336, 0.95749335833724)",1,95.76628271400884,27532
"(0.9528533742496432, 0.9572437766315318)",1,95.76611674984302,27533
"(0.9350193449813944, 0.95)",1,95.7656665268794,27534
"(0.9860411258716344, 0.972045976510262)",2,95.76541341478963,27536
"(0.8868677229932935, 0.9780434995701116)",1,95.76539064012977,27537
"(0.7665484369555701, 0.9764666952752286)",1,95.76522116855077,27538
"(0.8132775534810647, 0.964269276237512)",1,95.76518018648508,27539
"(0.8352271364897016, 0.964269276237512)",1,95.76490123266412,27540
"(0.7935498742420971, 0.9735486410250802)",1,95.76479703905294,27541
"(0.9528533742496432, 0.9642857142857144)",2,95.76470071975407,27543
"(0.8010054664946871, 0.9722222222222222)",1,95.76458586648432,27544
"(0.9158007932517735, 1.0)",1,95.76437705349112,27545
"(0.8010054664946871, 0.9861673414304992)",1,95.76430926097817,27546
"(0.8116470752541504, 0.9733108016723372)",1,95.76427982965558,27547
"(0.9164652836623464, 1.0)",1,95.7639233039864,27548
"(0.9431186370412892, 0.960851077856154)",1,95.76387512419922,27549
"(0.7820135271430143, 0.9643944553313464)",1,95.76376245311168,27550
"(0.9422585572257836, 0.9692608993981562)",1,95.76357473198024,27551
"(0.8613133624575272, 0.9599989999749994)",1,95.7634310025247,27552
"(0.8136244723706807, 0.9643944553313464)",1,95.76329255607408,27553
"(0.7811965811965812, 1.0)",1,95.76313507371609,27554
"(0.9259740526337398, 0.941687552213868)",1,95.76308895774235,27555
"(0.9497171590194848, 0.9833229101521784)",1,95.76303935406828,27556
"(0.9233339198521971, 0.9575913511472004)",1,95.76299924957762,27557
"(0.8597791061504694, 0.9643698138596096)",1,95.7629838762393,27558
"(0.9575126626788776, 0.9610153569597296)",1,95.76287429388522,27559
"(0.9491452991452992, 0.9642857142857144)",4,95.7628325558149,27563
"(0.8810064268049709, 0.9690057499955)",2,95.7627449659236,27565
"(0.8561103441223091, 0.972045976510262)",1,95.76264507629712,27566
"(0.8937718863178524, 0.9791332681655264)",1,95.76235962721296,27567
"(0.9748524098350704, 0.9792732831157878)",1,95.7622873454699,27568
"(0.90903917799718, 0.9537330920118182)",2,95.76207433683209,27570
"(0.6825396825396824, 1.0)",1,95.76206768956224,27571
"(0.869750601552687, 0.9572437766315318)",1,95.76201425573142,27572
"(0.4423707251851418, 0.9861310021084456)",1,95.76189566635068,27573
"(0.9574285714285714, 0.9645238095238096)",1,95.76182060738672,27574
"(0.9584987529902784, 1.0)",1,95.76169848066414,27575
"(0.8329339143064635, 0.9585145265646386)",1,95.76168087516452,27576
"(0.940074233084456, 0.960851077856154)",1,95.76159917035214,27577
"(0.9294287857678706, 0.964269276237512)",1,95.76140013454796,27578
"(0.843845350684385, 0.9572437766315318)",3,95.76132406181088,27581
"(0.9583930063253372, 1.0)",2,95.76131196852506,27583
"(0.9628689175769612, 0.9749910873440284)",1,95.76128670917812,27584
"(0.8165520116739629, 1.0)",1,95.7612376279406,27585
"(0.7786375661375661, 1.0)",1,95.7611755195552,27586
"(0.9272595017275868, 0.95749335833724)",1,95.76116001137147,27587
"(0.9311507936507936, 0.972420634920635)",2,95.76112863708308,27589
"(0.7440767664806348, 0.964269276237512)",1,95.76108304248817,27590
"(0.7778533896115083, 0.9824126287942077)",1,95.7609911127613,27591
"(0.7923306301473605, 0.9764666952752286)",1,95.76093364815658,27592
"(0.9102539775554236, 0.987463247273494)",1,95.7608268232734,27593
"(0.9444901834607716, 0.9861673414304992)",1,95.76071020206808,27594
"(0.9162596992611264, 0.972045976510262)",2,95.76006621516127,27596
"(0.7909392097264437, 0.9622598627787308)",1,95.76005764584528,27597
"(0.6432772815188069, 0.972045976510262)",1,95.75983476093224,27598
"(0.9610153569597296, 0.9607612022680516)",1,95.7596747709563,27599
"(0.7708796965987909, 0.9861310021084456)",1,95.75949125231487,27600
"(0.9506533178503804, 1.0)",1,95.75940941246368,27601
"(0.7325800052772601, 0.9650450950662368)",1,95.75938974428234,27602
"(0.9227792207792208, 0.971495851087688)",2,95.75912744581348,27604
"(0.7503607503607503, 1.0)",1,95.75908758279064,27605
"(0.8633407843934159, 0.9650667387470876)",1,95.75895236215716,27606
"(0.912099503362194, 0.9649859943977592)",1,95.75888253538297,27607
"(0.9223799456357596, 0.9764666952752286)",1,95.75869182994114,27608
"(0.9628689175769612, 0.9619736581501288)",1,95.75863372810912,27609
"(0.5466837142306626, 0.9861673414304992)",1,95.75846997800598,27610
"(0.812418383596075, 0.9650450950662368)",1,95.75842787726876,27611
"(0.9425645194066248, 0.9610153569597296)",3,95.75840218115812,27614
"(0.8477163887996607, 0.9722222222222222)",1,95.7583593162956,27615
"(1.0, 1.0)",1,95.75832932055437,27616
"(0.893146638589877, 0.9882048106149588)",1,95.75814772459265,27617
"(0.9049688873143666, 0.9649927307623792)",1,95.75812877507342,27618
"(0.8890425386169811, 0.9644491481508056)",1,95.7580648436932,27619
"(0.9212328545548654, 0.960851077856154)",3,95.75793186252068,27622
"(0.9348222545262322, 0.9716751084525852)",1,95.75789953739287,27623
"(0.92008547008547, 0.9572437766315318)",1,95.75770041748376,27624
"(0.9042972684892356, 0.9958292603453894)",1,95.75730990828488,27625
"(0.9640038239043044, 0.978518051242236)",1,95.75711320508726,27626
"(0.8795903283708161, 0.9712822597033124)",1,95.75698004040684,27627
"(0.8898894074675324, 0.9645938855657314)",1,95.756909378197,27628
"(0.9568045886851652, 0.9573389777809668)",1,95.7568446244746,27629
"(0.798857609139127, 0.964269276237512)",1,95.75679708756336,27630
"(0.8306479779411763, 0.9627183600713012)",1,95.7567289798089,27631
"(0.941687552213868, 0.9607612022680516)",1,95.75646408159272,27632
"(0.943552974917135, 0.9749692931061258)",1,95.75634044751877,27633
"(0.80285509389987, 1.0)",1,95.7562722829591,27634
"(0.9666666666666668, 0.9833229101521784)",1,95.75610623872998,27635
"(0.8098502304147466, 0.9495058714870036)",1,95.7559335889836,27636
"(0.9361428571428572, 0.9645238095238096)",1,95.75592184782325,27637
"(0.8056354979267693, 0.972045976510262)",1,95.75583013792108,27638
"(0.8201767124753505, 0.9824126287942077)",1,95.75557653619006,27639
"(0.9235929095176316, 0.9575126626788776)",1,95.75550470208812,27640
"(0.8972301136363636, 0.960851077856154)",1,95.7552467636702,27641
"(0.9230627959463646, 0.9640038239043044)",1,95.75511327354648,27642
"(0.9609357631051972, 0.9643698138596096)",2,95.75493348084076,27644
"(0.9438271604938272, 0.9861673414304992)",1,95.75492137333887,27645
"(0.874047619047619, 0.972045976510262)",1,95.75482941065484,27646
"(0.8840455840455841, 1.0)",1,95.75481246924848,27647
"(0.846098299557419, 0.972420634920635)",1,95.75474711776714,27648
"(0.6544644252235129, 1.0)",1,95.75471361099468,27649
"(0.6361158710730316, 0.9764666952752286)",1,95.75470399066204,27650
"(0.7823116219667945, 0.9861673414304992)",1,95.7545106252886,27651
"(0.7615072500907597, 0.9764666952752286)",1,95.7544864791408,27652
"(0.8806608357628766, 0.95)",1,95.75446885930846,27653
"(0.4109734561054151, 0.9766856628093128)",1,95.75440843132942,27654
"(0.9297326845255915, 0.9916585206907788)",1,95.75426216862884,27655
"(0.8837179908491115, 0.9524997031231444)",1,95.75425298463443,27656
"(0.861957198953386, 0.9650076460904662)",1,95.75416712512684,27657
"(0.9235929095176316, 0.9575913511472004)",1,95.7541393320876,27658
"(0.874047619047619, 0.972045976510262)",1,95.75406292116472,27659
"(0.9643944553313464, 0.9764666952752286)",1,95.75382281051228,27660
"(0.9273504273504276, 0.9644491481508056)",2,95.75380014669804,27662
"(0.8942622047218923, 0.9832184229069656)",1,95.7536176301709,27663
"(0.9645938855657314, 0.9572437766315318)",1,95.7536011732062,27664
"(0.8334507869391591, 0.9643944553313464)",1,95.75345982607443,27665
"(0.903907191101469, 0.9644491481508056)",1,95.75342194142924,27666
"(0.9004206187154333, 0.9691818330194464)",1,95.75334319626396,27667
"(0.7340324228911184, 1.0)",1,95.75318417078172,27668
"(0.8199566964749151, 0.964731521366774)",2,95.75297533661036,27670
"(0.8848365568890763, 0.9643944553313464)",1,95.752752506764,27671
"(0.9540153992631536, 0.9388917411828462)",1,95.75269799635436,27672
"(0.9082051469489508, 0.9649927307623792)",1,95.75264919614332,27673
"(0.943455134862934, 0.9538331745788698)",1,95.75241833034453,27674
"(0.7833537331701346, 0.9764666952752286)",2,95.75216995295408,27676
"(0.6085487618529295, 0.9767441860465116)",1,95.75205159690634,27677
"(0.9227792207792208, 0.967895529128406)",1,95.75173726331364,27678
"(0.8459266053144301, 0.9749910873440284)",1,95.75171112866924,27679
"(0.9388917411828462, 0.9609357631051972)",1,95.75157066236122,27680
"(0.9166145507608924, 0.9833229101521784)",1,95.7512940511425,27681
"(0.9311507936507936, 0.9861673414304992)",1,95.7509690334758,27682
"(0.9569233895549684, 0.9643698138596096)",1,95.7509079052284,27683
"(0.3593082318976406, 0.975668120309284)",1,95.75086178095368,27684
"(0.917955241105926, 0.9571428571428572)",1,95.75055584602951,27685
"(0.7578328648096089, 0.9764666952752286)",2,95.750054584256,27687
"(0.8395301149279116, 0.9764666952752286)",1,95.74991296578938,27688
"(0.7923306301473605, 0.9764666952752286)",1,95.74985926799128,27689
"(0.8621031746031745, 0.9861310021084456)",1,95.74980512642183,27690
"(0.9666562434855118, 1.0)",1,95.74955951312624,27691
"(0.8894752290768013, 0.9572437766315318)",1,95.74910588965275,27692
"(0.7709171448706333, 0.964269276237512)",1,95.7490146084521,27693
"(0.9498754528985508, 0.960851077856154)",6,95.748977060242,27699
"(0.9364970967817766, 0.9573389777809668)",1,95.7488417263491,27700
"(0.9459285785969274, 0.9541744135351724)",1,95.74875058503082,27701
"(0.6981216457960644, 0.9650450950662368)",1,95.7485701620697,27702
"(0.8610715260301386, 0.9764666952752286)",1,95.74844282064362,27703
"(0.8898894074675324, 0.9573389777809668)",1,95.7484001903982,27704
"(0.9098519670814934, 0.9749910873440284)",1,95.74829837518745,27705
"(0.8685314685314685, 0.9643944553313464)",1,95.74823339948892,27706
"(0.9061764476533613, 0.9750739367105592)",1,95.74798886643632,27707
"(0.8547143556631046, 0.9736842105263158)",1,95.74798035607589,27708
"(0.7188585657770549, 0.9624885121068328)",1,95.74797174328646,27709
"(0.7348436174331348, 0.972281746031746)",1,95.74790929853268,27710
"(0.8517690928240017, 0.9643944553313464)",2,95.74790786219054,27712
"(0.7833537331701346, 0.9764666952752286)",1,95.74765450816102,27713
"(0.917283950617284, 0.9861673414304992)",1,95.74745946489408,27714
"(0.6749447402728794, 0.9861310021084456)",1,95.74742965549248,27715
"(1.0, 1.0)",1,95.74728849816148,27716
"(0.6933160650937552, 0.9764666952752286)",1,95.74728663063696,27717
"(0.947035873779261, 0.9715593185206444)",1,95.74680533845468,27718
"(0.7962102115226081, 0.9766918866148322)",1,95.74671032712824,27719
"(0.8340166019865393, 0.9749910873440284)",1,95.74664985899,27720
"(0.8166003784222112, 0.9648252575884156)",1,95.74609738341476,27721
"(0.9299160159815896, 0.9861673414304992)",1,95.74596647045064,27722
"(0.9244352123384382, 0.9752973486559824)",2,95.74582957337074,27724
"(0.8806608357628766, 0.9571428571428572)",1,95.74576508752622,27725
"(0.9018806250259218, 1.0)",1,95.74561069358016,27726
"(0.8848365568890763, 0.9643944553313464)",1,95.74560401938469,27727
"(0.82315815174266, 0.9764666952752286)",1,95.7453772508314,27728
"(0.8584175084175085, 0.972420634920635)",1,95.74533525757916,27729
"(0.876112115732369, 0.960851077856154)",3,95.74530909164643,27732
"(0.6933160650937552, 0.9764666952752286)",1,95.7452293537969,27733
"(0.960851077856154, 0.9645238095238096)",1,95.74514715191282,27734
"(0.912710442783671, 0.9622598627787308)",1,95.74494637536392,27735
"(0.8523797616070684, 0.964269276237512)",1,95.74494071787832,27736
"(0.6736022307473716, 0.9861673414304992)",1,95.74477514505335,27737
"(0.9834358767945106, 0.9740559719054342)",2,95.74458175348823,27739
"(0.5070372093557577, 0.972281746031746)",1,95.74455681366037,27740
"(0.8137861130877186, 0.964269276237512)",1,95.7443906478004,27741
"(0.843845350684385, 0.9572437766315318)",1,95.74437117869408,27742
"(0.93795454842108, 0.9625736883106184)",2,95.74422970424511,27744
"(0.9538331745788698, 0.960851077856154)",3,95.74397235498158,27747
"(0.9462256234379848, 0.9572437766315318)",3,95.7439631429361,27750
"(0.7903875985986362, 0.986081059422206)",1,95.74339585446933,27751
"(0.8796475392220073, 1.0)",1,95.74322974631004,27752
"(0.5466837142306626, 0.9861673414304992)",1,95.74294460973717,27753
"(0.893146638589877, 1.0)",1,95.74282407137476,27754
"(0.9343984962406016, 0.9572437766315318)",1,95.74275954359418,27755
"(0.911021218587008, 0.9691818330194464)",1,95.74268184359056,27756
"(0.9169719169719168, 1.0)",1,95.7426657601283,27757
"(0.9011810599946194, 0.9861673414304992)",1,95.74266222023616,27758
"(0.7127034737372042, 0.9624885121068328)",1,95.74263282644216,27759
"(0.952999227799228, 0.9568045886851652)",1,95.74261159331871,27760
"(0.8563094906941128, 0.9604782992262008)",3,95.74249723734296,27763
"(0.960666032023912, 0.9537330920118182)",1,95.742251004846,27764
"(0.7323163951070927, 0.9764666952752286)",1,95.74205743975854,27765
"(0.9599959995999598, 0.954995499549955)",1,95.74205040529388,27766
"(0.9665831244778612, 0.9833229101521784)",1,95.74187487217976,27767
"(0.9665831244778612, 1.0)",1,95.74181123953484,27768
"(0.987491854024112, 0.9876066164491212)",1,95.7417746155598,27769
"(0.9539272400433172, 0.9572437766315318)",1,95.74174725323962,27770
"(0.6444891298012474, 0.972281746031746)",1,95.74174608352688,27771
"(0.7481666755361609, 0.988167361639188)",1,95.74161073844893,27772
"(0.7404350561362756, 0.9861310021084456)",2,95.74143372867778,27774
"(0.8996408045977011, 0.9749910873440284)",1,95.74126660953831,27775
"(0.8976982097186702, 0.9833229101521784)",1,95.74101807654698,27776
"(0.5739636219249954, 0.9777002589668812)",1,95.74096116798232,27777
"(0.8848000715856217, 1.0)",1,95.74094689548996,27778
"(0.6767580302172832, 0.972281746031746)",1,95.74088340680645,27779
"(0.826804915514593, 0.960851077856154)",1,95.74087378421414,27780
"(0.8584175084175085, 0.9861673414304992)",2,95.7406745223958,27782
"(0.9432380952380952, 0.9610153569597296)",1,95.74061230354326,27783
"(0.944073617452092, 1.0)",1,95.74033044378768,27784
"(0.7026153868908955, 0.9641028246291404)",1,95.74032266703854,27785
"(0.8898894074675324, 0.9610899532226684)",1,95.73997814766244,27786
"(0.940074233084456, 0.95)",1,95.73994739884644,27787
"(0.9429917021753756, 0.9678176625650188)",1,95.73977352879672,27788
"(0.8166003784222112, 0.9736842105263158)",1,95.7396446191535,27789
"(0.8898894074675324, 0.9680383516315252)",3,95.73962604279586,27792
"(0.861957198953386, 0.9764666952752286)",1,95.73951436303642,27793
"(0.9792521035784794, 0.983030303030303)",2,95.73948161654222,27795
"(0.9540153992631536, 0.9680383516315252)",1,95.73946538097198,27796
"(0.4468328406505846, 0.9861673414304992)",1,95.73918721977932,27797
"(0.7304742252709461, 0.9764666952752286)",1,95.73913399292611,27798
"(0.8766640111271459, 0.9572437766315318)",1,95.73904103031504,27799
"(0.9574285714285714, 0.9536268754076972)",3,95.73888745239604,27802
"(0.9447665056360708, 0.972420634920635)",1,95.73880562513176,27803
"(0.8957538774472412, 0.9648252575884156)",1,95.73878227652492,27804
"(0.9066673440357652, 0.9572437766315318)",3,95.73866642328304,27807
"(0.9240756756756756, 0.960851077856154)",3,95.73861291422423,27810
"(0.8477957771158952, 0.968918833780667)",1,95.73857879189696,27811
"(0.6324707692241994, 0.972252530763169)",1,95.73846273806546,27812
"(0.930124456440246, 0.972045976510262)",2,95.7380915532963,27814
"(0.7665484369555701, 0.9766918866148322)",1,95.7380799485664,27815
"(0.7943622269203664, 0.9764666952752286)",2,95.73804396051844,27817
"(0.8229870141950848, 0.972281746031746)",1,95.73789930711168,27818
"(0.7725182451236846, 0.9764666952752286)",2,95.7378835093617,27820
"(0.8087623896023756, 0.9764666952752286)",1,95.73763445695118,27821
"(0.8136244723706807, 0.9643944553313464)",1,95.73746122996285,27822
"(0.9331814008429188, 0.9764666952752286)",1,95.737232717533,27823
"(0.6260123507862112, 0.9766918866148322)",2,95.7371830889572,27825
"(0.9645938855657314, 0.9680383516315252)",1,95.73717493441468,27826
"(0.4827246972385666, 0.964269276237512)",1,95.73676541641542,27827
"(0.9388917411828462, 0.9610153569597296)",1,95.7367607176258,27828
"(0.839627810315511, 0.9644491481508056)",3,95.73675638945424,27831
"(0.7665484369555701, 0.9764666952752286)",1,95.73648414981942,27832
"(0.4039045743444857, 1.0)",1,95.73647233408089,27833
"(0.9273504273504276, 0.9609357631051972)",2,95.73633801933062,27835
"(0.831031066037186, 0.9766918866148322)",1,95.73624588101218,27836
"(0.9392111404005912, 0.9571428571428572)",1,95.73617673863907,27837
"(0.8517690928240017, 0.9643944553313464)",1,95.73599463084116,27838
"(0.930124456440246, 0.972045976510262)",2,95.73599146838984,27840
"(0.7453765521802005, 0.973310216795386)",1,95.73576839765892,27841
"(0.92008547008547, 0.960851077856154)",3,95.73576166617718,27844
"(0.9748524098350704, 0.974323355256418)",1,95.7356831736646,27845
"(0.9583930063253372, 0.9861310021084456)",1,95.73526337987012,27846
"(0.8391399552284038, 0.9529751605618932)",1,95.73522971884896,27847
"(0.8586166985951469, 1.0)",2,95.73491115706165,27849
"(0.8517690928240017, 0.9643944553313464)",1,95.73470362578138,27850
"(0.952999227799228, 0.9607612022680516)",1,95.73412924337744,27851
"(0.8890021498999184, 0.972045976510262)",1,95.73407425058814,27852
"(0.8597791061504694, 0.960851077856154)",1,95.73400675068066,27853
"(0.9497171590194848, 0.9833229101521784)",1,95.73393933863431,27854
"(0.9186426294655792, 0.960851077856154)",1,95.73390558758663,27855
"(0.9584987529902784, 1.0)",1,95.7336690376986,27856
"(0.7545918011034292, 0.9650450950662368)",1,95.73366697284408,27857
"(0.826908968957639, 0.9646309224447688)",1,95.73359772711808,27858
"(0.9833229101521784, 1.0)",1,95.73355151957372,27859
"(0.8694846606452272, 0.9646309224447688)",3,95.7334635155466,27862
"(0.8175446168757694, 0.9861673414304992)",2,95.7333808049921,27864
"(0.8874735513743797, 0.964269276237512)",2,95.73336662436388,27866
"(0.8306479779411763, 0.9749910873440284)",1,95.73330990789115,27867
"(0.8317601729721721, 0.9691818330194464)",3,95.73330742635083,27870
"(0.8221762134805614, 0.972045976510262)",2,95.7332793161496,27872
"(0.9205517358458536, 0.987495927012056)",1,95.73313280154578,27873
"(0.779286067193676, 0.9622598627787308)",1,95.73292510044874,27874
"(0.683046375628995, 0.9528125324922884)",1,95.73286804907616,27875
"(0.978621888315766, 0.9566795633209296)",1,95.73278545288755,27876
"(0.8848365568890763, 0.9643944553313464)",1,95.73259000397574,27877
"(0.8492554891155506, 0.9643944553313464)",1,95.73216195045896,27878
"(0.9318857896881138, 0.9537330920118182)",1,95.7320850628427,27879
"(0.8702889400021048, 0.9610153569597296)",1,95.7320199068257,27880
"(0.6392872896886745, 0.9648252575884156)",1,95.73190561826006,27881
"(0.8044914258149553, 0.9722222222222222)",1,95.7316958105862,27882
"(0.5993386243386243, 0.972281746031746)",1,95.73167077915885,27883
"(0.4143158038414955, 0.975671776533824)",1,95.73163205134648,27884
"(0.6969051878354204, 0.964269276237512)",1,95.73149170780746,27885
"(0.960666032023912, 0.9679690637004894)",2,95.73147086487492,27887
"(0.8315995778682346, 0.972045976510262)",1,95.731312436109,27888
"(0.7516483516483518, 0.9861673414304992)",1,95.73130288312504,27889
"(0.8898894074675324, 0.9610899532226684)",1,95.73118153969855,27890
"(0.9162596992611264, 0.958109559613319)",1,95.73117575181666,27891
"(0.4943189964157706, 0.9861673414304992)",1,95.73112034336,27892
"(0.746671365914787, 0.9690968282937898)",3,95.73098048227692,27895
"(0.8003813092161745, 0.966542868369244)",1,95.73095432906908,27896
"(0.41505979606205, 0.9749964379072432)",1,95.73083238099557,27897
"(0.7867950912705132, 0.95749335833724)",1,95.7305763946224,27898
"(0.6260123507862112, 0.9764666952752286)",1,95.73055860239832,27899
"(0.9373666512059368, 0.9749910873440284)",1,95.73053411586442,27900
"(0.6243024607372301, 0.9764666952752286)",1,95.7303965574444,27901
"(0.9082051469489508, 0.9649927307623792)",1,95.7303227344805,27902
"(0.80285509389987, 1.0)",1,95.72999675853671,27903
"(0.8568754545843494, 0.972045976510262)",1,95.72986330820022,27904
"(0.8883034087952121, 0.9861310021084456)",1,95.72968614429098,27905
"(0.3519903938996441, 0.9800648982279268)",1,95.7296717916273,27906
"(0.9610153569597296, 0.9538331745788698)",1,95.72951512342948,27907
"(0.911234030893585, 0.97502985598876)",1,95.72940430500316,27908
"(0.7833537331701346, 0.9764666952752286)",2,95.7293267525361,27910
"(1.0, 1.0)",1,95.72927270159576,27911
"(0.7725182451236846, 0.964269276237512)",1,95.72915720029108,27912
"(0.8887940768066828, 0.964269276237512)",1,95.7289411717089,27913
"(0.7223947550034506, 0.9861310021084456)",1,95.7288065555839,27914
"(0.8132775534810647, 0.964269276237512)",1,95.72879577002884,27915
"(0.8451478848040399, 0.972045976510262)",1,95.72871753382198,27916
"(0.8340799485585682, 0.9764666952752286)",1,95.72860187068147,27917
"(0.9186779362907952, 0.964269276237512)",1,95.7284990721106,27918
"(0.8702889400021048, 0.960851077856154)",3,95.72839328189212,27921
"(0.9494594905410846, 0.978518051242236)",1,95.72812981399616,27922
"(0.9833229101521784, 1.0)",2,95.72810661263622,27924
"(0.9459285785969274, 0.9536268754076972)",1,95.72772821414324,27925
"(0.9227792207792208, 0.9537330920118182)",1,95.727720956945,27926
"(0.8592657752039796, 0.972045976510262)",1,95.72771378185844,27927
"(0.9645938855657314, 0.9607612022680516)",1,95.72771117873457,27928
"(0.3956814652052849, 0.9722974617252208)",1,95.7276719912993,27929
"(0.6809855026116619, 0.9749910873440284)",1,95.72759006245448,27930
"(0.7962102115226081, 0.9766918866148322)",2,95.7273697990782,27932
"(0.5225149242069073, 0.9812425817589852)",1,95.72732917576477,27933
"(0.9665831244778612, 1.0)",1,95.72711650661888,27934
"(0.4130640425070805, 0.97499552432938)",1,95.72709836162562,27935
"(0.8766640111271459, 0.960851077856154)",1,95.7270271011253,27936
"(0.9494594905410846, 0.9640038239043044)",1,95.7269576820806,27937
"(0.9494594905410846, 0.9676485688615069)",2,95.72683383981474,27939
"(0.8472645812528676, 0.960851077856154)",1,95.7264345986323,27940
"(1.0, 1.0)",1,95.7263292607738,27941
"(0.7612209453612427, 0.964269276237512)",1,95.7262848427393,27942
"(0.8604506409817717, 0.9536268754076972)",1,95.72602168500772,27943
"(0.6749447402728794, 0.9861310021084456)",1,95.7258349869848,27944
"(0.9105639975723868, 0.9873891625615764)",1,95.7257489820076,27945
"(0.8306479779411763, 0.9749910873440284)",1,95.72569372663578,27946
"(0.6975373482726425, 0.9861673414304992)",1,95.72557539974808,27947
"(0.7440767664806348, 0.964269276237512)",2,95.72527445292074,27949
"(0.4872962708536243, 0.9775012656961954)",1,95.72524404305632,27950
"(0.786508365740383, 0.988167361639188)",1,95.72512546881578,27951
"(0.9282083232965586, 0.9793747635794354)",1,95.72471986826676,27952
"(0.8533622685185187, 1.0)",2,95.72468879759693,27954
"(0.917655049465296, 0.987491854024112)",1,95.72460828729274,27955
"(0.6825396825396824, 0.9833229101521784)",1,95.72452817866242,27956
"(0.5037771407498387, 0.9837508887399192)",1,95.72446985155496,27957
"(0.9224996008939976, 0.9749910873440284)",1,95.7242676503031,27958
"(0.9377148530109056, 0.9824126287942077)",1,95.72425250183365,27959
"(0.5070372093557577, 0.972281746031746)",1,95.72420190174876,27960
"(0.8451096027595416, 0.9767441860465116)",1,95.7240984732276,27961
"(0.5695633155937887, 0.9538370349708868)",1,95.72372661244624,27962
"(0.3519903938996441, 0.978038622754976)",1,95.7234634784198,27963
"(0.8169329643153399, 0.9648252575884156)",3,95.72330018647924,27966
"(0.826388888888889, 1.0)",1,95.72323125568,27967
"(0.9502288074111276, 0.960851077856154)",1,95.7230895948419,27968
"(0.7280701754385965, 0.9780434995701116)",1,95.72303760761324,27969
"(0.8580559516200404, 0.9650076460904662)",1,95.72280210755574,27970
"(0.8374874819183264, 0.9764666952752286)",1,95.7227357873589,27971
"(0.8425483191745751, 0.9882048106149588)",1,95.72257654599647,27972
"(0.8360613745229131, 0.9599909979745442)",1,95.72249889822824,27973
"(0.9503333333333333, 0.960851077856154)",1,95.72242727251276,27974
"(0.917655049465296, 0.9916585206907788)",1,95.72218077562478,27975
"(0.4055005521435353, 0.9763475605189952)",1,95.72211668646524,27976
"(0.6591398510479036, 0.9749999315190758)",1,95.7220061482121,27977
"(0.8374874819183264, 0.9764666952752286)",1,95.72193592469556,27978
"(0.8874191651969431, 0.9861673414304992)",1,95.72186658226212,27979
"(0.852417321342681, 0.9692608993981562)",1,95.72172196551138,27980
"(0.9392111404005912, 0.9609357631051972)",3,95.72165698732678,27983
"(0.593224625483241, 0.9824126287942077)",1,95.72128079167382,27984
"(0.9491452991452992, 0.9607612022680516)",1,95.72126012771167,27985
"(0.5695633155937887, 0.9764666952752286)",1,95.72086621097962,27986
"(0.939866291344124, 0.9610899532226684)",1,95.72081823517836,27987
"(0.9294287857678706, 0.964269276237512)",1,95.72079960088496,27988
"(0.843845350684385, 0.9537330920118182)",1,95.7207696315175,27989
"(0.8456659619450317, 0.9764666952752286)",1,95.7206381175008,27990
"(0.8561103441223091, 0.972045976510262)",1,95.72049917731658,27991
"(0.5233498899370707, 0.9729734665496892)",1,95.72040626095996,27992
"(0.7188585657770549, 0.9599909979745442)",1,95.72035624830863,27993
"(0.9399739902831624, 0.960851077856154)",1,95.72034159922126,27994
"(0.7923306301473605, 0.9764666952752286)",1,95.72019872956066,27995
"(0.8604872251931075, 0.972045976510262)",1,95.72014121337156,27996
"(0.3875802750555293, 0.9733103081328032)",1,95.72009930878544,27997
"(0.8151249335459861, 1.0)",2,95.71997875272422,27999
"(0.9283935041407868, 0.9572437766315318)",3,95.71987335476594,28002
"(0.549813159936279, 0.9650450950662368)",1,95.7198001942242,28003
"(0.95749335833724, 0.9624978905063408)",1,95.71961872174673,28004
"(0.8846362470895226, 0.9572437766315318)",1,95.7191486208668,28005
"(0.9294287857678706, 0.964269276237512)",1,95.71858919527372,28006
"(0.9021765712888236, 0.9624978905063408)",1,95.7184551351734,28007
"(0.944073617452092, 1.0)",1,95.71832424188231,28008
"(0.917001490200517, 0.9624885121068328)",1,95.71822698201632,28009
"(0.9223799456357596, 0.95153153367707)",1,95.71818319105226,28010
"(0.8881195335276969, 0.960851077856154)",1,95.71813827444728,28011
"(0.9331814008429188, 0.9764666952752286)",1,95.7177470283031,28012
"(0.7864381427049374, 0.9763513513513512)",1,95.7175904210139,28013
"(0.8955173107890498, 0.9749910873440284)",1,95.71753586627496,28014
"(0.941687552213868, 0.9501177394034536)",1,95.7172866116528,28015
"(0.9535144014828052, 0.9573389777809668)",1,95.71716758587267,28016
"(0.9017715617715616, 0.9861673414304992)",1,95.71697799054256,28017
"(0.779286067193676, 0.9749910873440284)",1,95.71643724149162,28018
"(0.9084080904123386, 0.9644491481508056)",3,95.71641883077646,28021
"(0.8334750774705025, 0.9529751605618932)",1,95.71637858535804,28022
"(0.9645938855657314, 0.9605654571878554)",1,95.71629275780586,28023
"(0.9122507070492478, 0.962470105966915)",2,95.7162818594784,28025
"(0.9315095328894416, 0.960851077856154)",4,95.71600314154313,28029
"(0.9537330920118182, 0.960851077856154)",3,95.71555763200791,28032
"(0.7325800052772601, 0.9529751605618932)",1,95.7155147258929,28033
"(0.9269284534248317, 0.9764666952752286)",1,95.71536673250768,28034
"(0.8224713709935384, 0.9716751084525852)",1,95.715180119043,28035
"(0.9539272400433172, 0.9574285714285714)",1,95.7150582157704,28036
"(0.8523797616070684, 0.964269276237512)",2,95.71497245285244,28038
"(0.8662655059929975, 0.9736842105263158)",1,95.71475886397344,28039
"(0.8871082621082622, 0.972281746031746)",2,95.71469906781938,28041
"(0.9764666952752286, 0.9643944553313464)",2,95.71469581721928,28043
"(0.9131755270308844, 0.973644533579391)",2,95.71461124258306,28045
"(0.9032855633136024, 0.9861673414304992)",1,95.71450616375505,28046
"(0.8880748880748881, 1.0)",1,95.71426549795292,28047
"(0.8800754650073969, 0.9646309224447688)",3,95.71422595402149,28050
"(0.4901162790697674, 0.9758777250199286)",1,95.71419051198728,28051
"(0.9361428571428572, 0.9572437766315318)",1,95.71418704678123,28052
"(0.8743078626799556, 0.9861310021084456)",1,95.71397534339968,28053
"(0.9373666512059368, 0.9749910873440284)",1,95.71364985971012,28054
"(0.9388917411828462, 0.9681034738761426)",2,95.71358566206112,28056
"(0.9294287857678706, 0.964269276237512)",1,95.71346188785988,28057
"(0.6698155645524068, 1.0)",1,95.71339370441468,28058
"(0.9450323339212228, 0.972045976510262)",1,95.7132953126585,28059
"(0.92008547008547, 0.9680383516315252)",3,95.713215974467,28062
"(0.5626274989800081, 0.9650450950662368)",1,95.71320576281282,28063
"(0.8746747225950852, 0.9736842105263158)",1,95.7130747401211,28064
"(0.8947046219773493, 0.9644038253792572)",1,95.71299957770202,28065
"(0.6892156862745098, 0.972420634920635)",1,95.7127431759218,28066
"(0.8687499999999999, 0.9758777250199286)",1,95.71273945333184,28067
"(0.6164277827081168, 0.9650450950662368)",1,95.71271594416518,28068
"(0.944563492063492, 1.0)",2,95.7126299452164,28070
"(0.9609357631051972, 0.9641967520703932)",1,95.71232943338384,28071
"(0.5345536229727782, 0.9729731333904592)",1,95.71227950651108,28072
"(0.8416827657517105, 0.9861310021084456)",1,95.71219302413388,28073
"(0.9628689175769612, 0.9749910873440284)",2,95.71216912183434,28075
"(0.9315095328894416, 0.9644491481508056)",1,95.71206728132192,28076
"(0.8390424521630195, 0.9861673414304992)",1,95.71190371184016,28077
"(0.9496114574862204, 0.9916585206907788)",1,95.71182495894294,28078
"(0.8605083900600204, 0.9722222222222222)",1,95.71181932581104,28079
"(0.8470413622709255, 0.9691818330194464)",3,95.71171031684617,28082
"(0.8887419165196944, 0.972045976510262)",1,95.7116198533445,28083
"(0.9603476243044132, 0.97502985598876)",1,95.71141259633704,28084
"(0.4293005092235618, 0.9749959925486524)",1,95.71134687521084,28085
"(0.9665831244778612, 1.0)",1,95.71132587440827,28086
"(0.9348222545262322, 0.9644491481508056)",1,95.71126474255831,28087
"(0.8056354979267693, 0.9861310021084456)",1,95.71113290820018,28088
"(1.0, 1.0)",1,95.7110896464492,28089
"(0.9011810599946194, 0.9861673414304992)",2,95.71103734515074,28091
"(0.940074233084456, 0.9644491481508056)",1,95.71097406731953,28092
"(0.7994987468671678, 1.0)",1,95.71089659367064,28093
"(0.9377148530109056, 0.9779870235853187)",2,95.71080684384744,28095
"(0.8055362654320989, 0.9861673414304992)",1,95.71072176368276,28096
"(0.9227792207792208, 0.960666032023912)",1,95.710331782108,28097
"(0.9126251340467026, 0.9874877810361682)",1,95.7102263197681,28098
"(0.8972301136363636, 0.9645238095238096)",1,95.71007372093496,28099
"(0.9665831244778612, 1.0)",1,95.70970163716588,28100
"(0.8835857110930401, 0.9764666952752286)",1,95.70967954312331,28101
"(0.9609357631051972, 0.9680383516315252)",1,95.70952979992978,28102
"(0.8247905643738976, 1.0)",1,95.70943229296084,28103
"(0.8935211759471547, 0.9833040078201368)",1,95.70926436619204,28104
"(0.6020449077786688, 0.9764666952752286)",1,95.70926279235412,28105
"(0.8334750774705025, 0.9650450950662368)",2,95.70914257555212,28107
"(0.8449106413122807, 0.964269276237512)",1,95.70903416191238,28108
"(0.8702889400021048, 0.9610899532226684)",2,95.70872033288096,28110
"(0.7608215527547845, 0.9646309224447688)",3,95.70841365526856,28113
"(0.8898894074675324, 0.9645238095238096)",1,95.7083456383498,28114
"(0.8132775534810647, 0.964269276237512)",1,95.70832421351876,28115
"(0.7084717607973421, 0.9764666952752286)",1,95.7082420526306,28116
"(0.7665484369555701, 0.9766918866148322)",2,95.70809748930586,28118
"(0.8835087719298246, 0.9780434995701116)",3,95.70798858410232,28121
"(0.843845350684385, 0.9572437766315318)",2,95.70798461071476,28123
"(0.6746811878062335, 0.9756755424154988)",1,95.70795670901089,28124
"(0.8557264819266099, 0.9764666952752286)",1,95.70787410759068,28125
"(0.3779476270528901, 0.977697335722542)",1,95.70778960401978,28126
"(0.7075825156110616, 0.9737445480717845)",1,95.70764604460676,28127
"(0.7612209453612427, 0.964269276237512)",1,95.70761107475283,28128
"(0.8814591883264935, 0.9643944553313464)",2,95.70759100997242,28130
"(0.8351110130322311, 0.9779870235853187)",3,95.70754006235704,28133
"(0.9259740526337398, 0.9749052909377262)",1,95.70729012024688,28134
"(0.8131627957608075, 0.964269276237512)",1,95.70725698215468,28135
"(0.8148308968977662, 0.9445235834124724)",1,95.70701688805671,28136
"(0.9189396095602992, 0.9876066164491212)",1,95.70695925806982,28137
"(0.8136244723706807, 0.9643944553313464)",1,95.7068236601587,28138
"(0.7296277808577878, 0.9706080980442288)",1,95.70666027790809,28139
"(0.8514626506510005, 0.960851077856154)",1,95.70663717708972,28140
"(0.9164652836623464, 1.0)",1,95.70631058394436,28141
"(0.8814591883264935, 0.9643944553313464)",1,95.70626141990545,28142
"(0.930124456440246, 0.9861673414304992)",1,95.70618114948212,28143
"(0.9586562930696936, 0.9873444118605408)",1,95.70570392798334,28144
"(0.8627397499800719, 0.9735486410250802)",1,95.70558184468769,28145
"(0.8374874819183264, 0.9764666952752286)",2,95.70549271287636,28147
"(0.7956953792242888, 0.9599959995999598)",1,95.70525757706352,28148
"(0.7943622269203664, 0.9764666952752286)",1,95.70513448323857,28149
"(0.8835857110930401, 0.9764666952752286)",1,95.70511795619588,28150
"(0.9666666666666668, 0.9833229101521784)",1,95.70502151994398,28151
"(0.8976982097186702, 1.0)",1,95.70490148958244,28152
"(0.8420013166556946, 0.9833229101521784)",2,95.70466773189914,28154
"(0.950431439792024, 0.9575126626788776)",1,95.70462426061712,28155
"(0.9916585206907788, 0.9419540064701356)",2,95.70439867541523,28157
"(0.8879608405415911, 0.9766918866148322)",1,95.70426018266625,28158
"(0.798857609139127, 0.964269276237512)",1,95.70419342217713,28159
"(0.9294287857678706, 0.964269276237512)",1,95.70399336352294,28160
"(0.9315095328894416, 0.9680383516315252)",1,95.70398052383165,28161
"(0.8340799485585682, 0.9764666952752286)",1,95.7039220992555,28162
"(0.7943622269203664, 0.9764666952752286)",2,95.70377915989144,28164
"(0.8610715260301386, 0.964269276237512)",1,95.70318570551116,28165
"(0.9080024622960912, 0.9649122807017544)",1,95.70261891375044,28166
"(0.8817656528001355, 0.9790693693461476)",1,95.70248415606189,28167
"(0.6983464132286942, 0.9650450950662368)",1,95.70247127058838,28168
"(0.8736897274633123, 0.972045976510262)",1,95.70245876722394,28169
"(0.8972301136363636, 0.9572437766315318)",3,95.70243647739008,28172
"(0.583006022518984, 0.9736189431913116)",3,95.70232524063444,28175
"(0.9294287857678706, 0.964269276237512)",1,95.7020689202028,28176
"(0.8685314685314685, 0.9764666952752286)",1,95.70181527931489,28177
"(0.6870644599303137, 0.9861310021084456)",1,95.701773926779,28178
"(0.8395301149279116, 0.9643944553313464)",1,95.70177373718984,28179
"(0.8221762134805614, 0.972045976510262)",1,95.70156241136054,28180
"(0.8201767124753505, 0.9824126287942077)",3,95.70154830209752,28183
"(0.9243707071934514, 0.9834399497824544)",2,95.70132337197307,28185
"(0.8352271364897016, 0.9758777250199286)",1,95.70129421630756,28186
"(0.5536430525672695, 0.9767441860465116)",1,95.70125931701658,28187
"(0.9539272400433172, 0.9357142857142856)",1,95.70125562592276,28188
"(0.7923306301473605, 0.9643944553313464)",1,95.70124624702146,28189
"(0.8460636535055139, 0.988167361639188)",1,95.701080415002,28190
"(0.8594632507090886, 0.9861310021084456)",1,95.70074677804652,28191
"(0.8596618357487924, 0.972045976510262)",1,95.70072292917249,28192
"(0.8887937668949022, 0.9663367569249922)",1,95.70049532829486,28193
"(0.9462256234379848, 0.9644491481508056)",1,95.7004883120408,28194
"(0.931200007971039, 0.9874747474747476)",1,95.7003930513656,28195
"(0.6749447402728794, 0.9861310021084456)",1,95.70036592404364,28196
"(0.903667392883079, 1.0)",1,95.70035174782862,28197
"(0.8586166985951469, 0.9861673414304992)",1,95.7002064946194,28198
"(0.9275802828069248, 0.9644491481508056)",1,95.7001618040772,28199
"(0.9497439544807966, 0.9503333333333333)",1,95.7000660382904,28200
"(0.82315815174266, 0.9764666952752286)",1,95.69985903081162,28201
"(0.8955173107890498, 0.9749910873440284)",1,95.6995186742188,28202
"(0.8131627957608075, 0.964269276237512)",2,95.69939297572046,28204
"(0.9072904848813692, 0.9646309224447688)",3,95.69937706867228,28207
"(0.9186426294655792, 0.960851077856154)",1,95.69930468938502,28208
"(0.9364970967817766, 0.9607612022680516)",2,95.69922858454532,28210
"(0.7602379596828609, 0.9622598627787308)",1,95.6986535885175,28211
"(0.9516794286955578, 0.9916339869281046)",2,95.69864080988908,28213
"(1.0, 1.0)",1,95.6986311732731,28214
"(0.9230627959463646, 0.9678176625650188)",1,95.69848242076962,28215
"(0.7323163951070927, 0.9764666952752286)",1,95.69829331112165,28216
"(0.8592657752039796, 0.972045976510262)",1,95.69828004684268,28217
"(0.7823116219667945, 0.972420634920635)",1,95.69821367250178,28218
"(0.9833229101521784, 1.0)",1,95.69816773657573,28219
"(0.9331662489557224, 0.9833229101521784)",1,95.69811154651224,28220
"(0.8251731614605581, 0.964269276237512)",1,95.69800447829742,28221
"(0.8552744708994707, 0.9861673414304992)",2,95.69798470159908,28223
"(0.8964397027091824, 0.960851077856154)",1,95.69763220870811,28224
"(0.9294287857678706, 0.9644038253792572)",1,95.69754432008185,28225
"(0.8191170968948748, 0.9648252575884156)",1,95.69751271516766,28226
"(0.8726893261776982, 0.9764666952752286)",1,95.69741176732327,28227
"(0.9364970967817766, 0.9572437766315318)",1,95.69739073991197,28228
"(0.9240756756756756, 0.960851077856154)",1,95.69721578316296,28229
"(0.8315474711586087, 0.9916585206907788)",1,95.69710926782705,28230
"(0.8610715260301386, 0.9538370349708868)",2,95.6968758831368,28232
"(0.7923306301473605, 0.951892755797645)",1,95.69674931624962,28233
"(0.9574285714285714, 0.960851077856154)",1,95.69660317643236,28234
"(0.8311329582337986, 0.9861673414304992)",1,95.69651728313576,28235
"(0.8874735513743797, 0.964269276237512)",1,95.69645780450534,28236
"(0.9153439153439156, 1.0)",1,95.69634495821138,28237
"(0.7770017887205386, 0.9861673414304992)",1,95.69605715297978,28238
"(0.8961453813745834, 0.9604782992262008)",3,95.69591943392746,28241
"(0.436582475645901, 0.975674042916489)",1,95.69582976480972,28242
"(0.9280317595086728, 0.9528907856849034)",1,95.69573052422018,28243
"(0.4827246972385666, 0.964269276237512)",1,95.69565753583876,28244
"(0.8810064268049709, 0.9648252575884156)",1,95.69554836930988,28245
"(0.8621031746031745, 0.9861310021084456)",1,95.69543417259516,28246
"(0.8227768765625336, 0.9699324358641768)",1,95.69539529578076,28247
"(0.6415148305084746, 0.9749910873440284)",1,95.6951162756054,28248
"(0.846098299557419, 0.9861673414304992)",1,95.69499636606432,28249
"(0.9017623122369548, 0.960851077856154)",1,95.69453224156972,28250
"(1.0, 1.0)",1,95.6944284205838,28251
"(0.8801420274178757, 0.9643944553313464)",2,95.69425134026343,28253
"(0.6384521701955596, 0.991206314397104)",4,95.6942228998858,28257
"(0.8964397027091824, 0.960851077856154)",1,95.6941431647178,28258
"(0.9647058823529412, 0.9289986228605154)",1,95.69413071189066,28259
"(0.6892156862745098, 0.9861673414304992)",2,95.69409524693894,28261
"(0.8056354979267693, 0.9861310021084456)",1,95.69409324192218,28262
"(0.8315995778682346, 0.972045976510262)",2,95.69390889897596,28264
"(0.8248508603719991, 0.9572437766315318)",1,95.69388947461984,28265
"(0.9429917021753756, 0.9641028246291404)",3,95.69345761078158,28268
"(0.8715701474388204, 0.972281746031746)",1,95.69341672893243,28269
"(0.8074780204479453, 0.9749910873440284)",1,95.6930897453325,28270
"(0.9068661074437891, 0.9624978905063408)",1,95.69277240282209,28271
"(0.8068351665307889, 0.9861673414304992)",1,95.6927552194306,28272
"(0.8610715260301386, 0.9538370349708868)",1,95.69266624086566,28273
"(0.9164187516971112, 0.9832462877624168)",1,95.6925447636796,28274
"(0.9398731501057084, 0.9766918866148322)",1,95.69243737721546,28275
"(0.9677353740627908, 0.9566795633209296)",1,95.6922191750761,28276
"(0.8561103441223091, 0.972045976510262)",1,95.69217768817327,28277
"(0.9309563801089225, 1.0)",1,95.69206787720552,28278
"(0.8325642300300746, 0.9690968282937898)",1,95.6919714086436,28279
"(0.8898894074675324, 0.960851077856154)",3,95.69193679974865,28282
"(0.7820135271430143, 0.9643944553313464)",1,95.6919063564329,28283
"(0.9311507936507936, 0.972420634920635)",1,95.69183223798238,28284
"(0.9315095328894416, 0.960851077856154)",1,95.6917890279188,28285
"(0.837707400507675, 1.0)",1,95.69156220583916,28286
"(0.8580559516200404, 0.9764666952752286)",1,95.69153161704666,28287
"(0.3779476270528901, 0.9760085043004868)",1,95.69152778724538,28288
"(0.8734924499861754, 0.9646309224447688)",3,95.69152695631304,28291
"(0.8016677935542034, 1.0)",1,95.69152514678863,28292
"(0.8455704732698088, 0.9861310021084456)",1,95.69148990302568,28293
"(0.7836974395113928, 0.9766918866148322)",1,95.6914704577882,28294
"(0.9833229101521784, 1.0)",1,95.69131545103488,28295
"(0.9528533742496432, 0.9643698138596096)",1,95.69105537711056,28296
"(0.8686037591100882, 0.9609357631051972)",1,95.69104034924632,28297
"(0.9498754528985508, 0.960851077856154)",1,95.69102285492028,28298
"(0.934065934065934, 0.9833229101521784)",1,95.69094754095008,28299
"(0.799275702501509, 1.0)",1,95.69086741154946,28300
"(0.9603476243044132, 0.9642857142857144)",1,95.69080885346396,28301
"(0.9535144014828052, 0.960851077856154)",1,95.690796714512,28302
"(0.9369808292429718, 0.9876066164491212)",1,95.69077272535633,28303
"(0.9422394177612392, 0.9537330920118182)",1,95.69052802738663,28304
"(0.9640038239043044, 0.9712822597033124)",1,95.6903313200213,28305
"(0.5187734941865547, 0.972281746031746)",1,95.69007937081528,28306
"(0.6361158710730316, 0.9764666952752286)",1,95.69000755572586,28307
"(0.9833229101521784, 1.0)",1,95.68993572245444,28308
"(0.8449106413122807, 0.964269276237512)",1,95.6898745437059,28309
"(0.6164277827081168, 0.9650450950662368)",2,95.68961888380812,28311
"(0.947035873779261, 0.9716190476190476)",2,95.68958922024844,28313
"(0.927109440267335, 0.9680383516315252)",1,95.68955629941732,28314
"(0.8313174792337382, 0.9779263059241357)",1,95.68953343440153,28315
"(0.9279680209218476, 0.9748492994460736)",1,95.68941330120296,28316
"(0.8242618274196235, 0.9861673414304992)",1,95.68931546939235,28317
"(0.8795247311963099, 0.9575913511472004)",1,95.68928507115956,28318
"(0.9062499413111376, 0.95153153367707)",1,95.68917862504554,28319
"(0.8333192389006343, 0.9643944553313464)",1,95.68909880233622,28320
"(0.917955241105926, 0.9574285714285714)",1,95.6888391178756,28321
"(0.826908968957639, 0.9601502499942144)",2,95.68873724437016,28323
"(0.9166145507608924, 1.0)",2,95.68871068383282,28325
"(0.6384521701955596, 0.991206314397104)",1,95.68855811925955,28326
"(0.4517222778047475, 0.979390882668302)",1,95.68850082283822,28327
"(0.4232341065158651, 0.9746609213134856)",1,95.68844333672496,28328
"(0.6969051878354204, 0.9538370349708868)",1,95.68838995465744,28329
"(0.929936943248924, 0.95749335833724)",1,95.6882461938682,28330
"(0.8316498316498316, 1.0)",2,95.68821714824662,28332
"(0.826804915514593, 0.960851077856154)",2,95.68814355300384,28334
"(0.8613133624575272, 0.955)",1,95.68811177519213,28335
"(0.8065954953750508, 0.988167361639188)",1,95.6880462293944,28336
"(0.869750601552687, 0.960851077856154)",1,95.6880109438105,28337
"(0.8871966240387292, 0.972420634920635)",1,95.68800546177312,28338
"(0.8472645812528676, 0.960851077856154)",1,95.68784184335249,28339
"(0.9425645194066248, 0.9644491481508056)",1,95.68778599764364,28340
"(0.8552744708994707, 0.9861673414304992)",1,95.6876304934506,28341
"(0.93773047895128, 0.9876066164491212)",1,95.68741182342508,28342
"(0.8459744503862151, 0.972045976510262)",1,95.6872121717848,28343
"(0.6260123507862112, 0.9764666952752286)",1,95.6871097960157,28344
"(0.8587195484254307, 0.9861310021084456)",1,95.68706791819662,28345
"(0.8344065656565657, 0.9861673414304992)",3,95.68696963220006,28348
"(0.8547143556631046, 0.9736842105263158)",1,95.68683632581502,28349
"(0.7516483516483518, 0.972420634920635)",1,95.68682670971153,28350
"(0.9032855633136024, 0.9861673414304992)",2,95.68674687663648,28352
"(0.861957198953386, 0.9650076460904662)",1,95.686618345659,28353
"(0.8752079951298701, 0.960851077856154)",1,95.68661284862216,28354
"(0.8645256232686982, 0.9824126287942077)",1,95.68657914538412,28355
"(0.8517690928240017, 0.9643944553313464)",1,95.68654346831826,28356
"(0.8016677935542034, 1.0)",1,95.6863466296139,28357
"(0.893146638589877, 0.9769801421717204)",1,95.6863279890422,28358
"(0.9348222545262322, 0.9574285714285714)",1,95.68586684202504,28359
"(0.8175446168757694, 0.9861673414304992)",1,95.68568372594828,28360
"(0.8426192275313588, 0.9726333391449762)",1,95.68562511495406,28361
"(0.8551452042262022, 0.95749335833724)",1,95.68561970318969,28362
"(0.8887940768066828, 0.964269276237512)",1,95.68559563071835,28363
"(0.8313174792337382, 0.9691818330194464)",1,95.68519790835649,28364
"(0.8996408045977011, 0.9749910873440284)",2,95.68513795346564,28366
"(0.7604228876645498, 0.9495014245014244)",1,95.68513206788136,28367
"(0.8753086419753084, 0.9861310021084456)",1,95.68496386208048,28368
"(0.6432772815188069, 0.972045976510262)",1,95.6846840478108,28369
"(0.960851077856154, 0.9539272400433172)",1,95.68468141511634,28370
"(0.9154520780570968, 0.9748524098350704)",1,95.68413652908082,28371
"(0.9506883741258744, 0.9537330920118182)",2,95.68401602781576,28373
"(0.8748200797381125, 0.9861310021084456)",1,95.68369774519265,28374
"(0.8996408045977011, 0.9749910873440284)",1,95.68334225543626,28375
"(0.73687720936437, 1.0)",1,95.68331245120103,28376
"(0.9833229101521784, 0.9833229101521784)",1,95.68309653751456,28377
"(0.926397848615755, 0.9780434995701116)",1,95.68299505746717,28378
"(0.9153439153439156, 1.0)",1,95.68273395103895,28379
"(0.9069647153947764, 0.9566795633209296)",2,95.68272270429316,28381
"(0.8199566964749151, 0.964523301198322)",3,95.6826419689272,28384
"(0.8374874819183264, 0.9764666952752286)",2,95.68237444433592,28386
"(0.9873444118605408, 0.9958292603453894)",1,95.68223832052864,28387
"(0.9352068830277476, 0.9572437766315318)",1,95.68219927475714,28388
"(0.8933617810760668, 0.960851077856154)",3,95.68218797972828,28391
"(0.8402876991030895, 0.9650450950662368)",2,95.68215189708464,28393
"(0.9212328545548654, 0.9787142857142856)",1,95.68211346512814,28394
"(0.9833229101521784, 1.0)",1,95.682025243569,28395
"(0.8137865219658889, 1.0)",1,95.68197216977411,28396
"(0.9833229101521784, 1.0)",1,95.68193066845572,28397
"(0.7856964763329513, 0.9861673414304992)",1,95.6818284452632,28398
"(0.8137861130877186, 0.9764666952752286)",1,95.68181173933112,28399
"(0.8860455063826657, 0.9861673414304992)",1,95.6817091020244,28400
"(0.8517690928240017, 0.9522870228046522)",1,95.6816937711407,28401
"(0.8056354979267693, 0.9861310021084456)",1,95.68162951960204,28402
"(0.8976982097186702, 1.0)",1,95.68162873887054,28403
"(0.8898894074675324, 0.9680383516315252)",1,95.68161163231822,28404
"(0.9188863189008992, 0.9767441860465116)",1,95.68145839564112,28405
"(0.944911858974359, 0.9624978905063408)",1,95.68130948121926,28406
"(0.4737094237094237, 0.9861673414304992)",1,95.68126167748484,28407
"(0.6164277827081168, 0.9650450950662368)",1,95.68122411162824,28408
"(0.8110682791635173, 0.9861673414304992)",1,95.6809515060764,28409
"(1.0, 1.0)",1,95.68092561395628,28410
"(0.8835857110930401, 0.9764666952752286)",1,95.6807702368472,28411
"(0.930124456440246, 1.0)",1,95.68072184868385,28412
"(0.7602379596828609, 0.9624545454545456)",1,95.6806685259984,28413
"(0.9833040078201368, 0.8317410974193181)",1,95.68051927769908,28414
"(0.95, 0.9609357631051972)",1,95.68040990439636,28415
"(0.8353823801019199, 0.960851077856154)",1,95.68017663973193,28416
"(0.903907191101469, 0.9645938855657314)",1,95.68003362913048,28417
"(0.9645938855657314, 0.960851077856154)",3,95.67964752437923,28420
"(0.4943189964157706, 1.0)",2,95.67956840758048,28422
"(0.8890425386169811, 0.9572437766315318)",1,95.6795545131949,28423
"(0.8596618357487924, 0.972045976510262)",1,95.67940723356612,28424
"(0.9009287520039462, 1.0)",3,95.6791475151358,28427
"(0.8432786157941438, 0.972045976510262)",1,95.67907661646278,28428
"(0.8746747225950852, 0.9604782992262008)",1,95.67901069748314,28429
"(0.8137861130877186, 0.964269276237512)",1,95.6788105191206,28430
"(0.9361428571428572, 0.9645938855657314)",1,95.67851409193432,28431
"(0.9958292603453894, 0.9658629763295076)",2,95.67850566089987,28433
"(0.8909417672294615, 0.960267350663444)",1,95.6784851442902,28434
"(0.9540977572753596, 0.946730586052542)",1,95.67842842418918,28435
"(0.9165867390570612, 0.9609357631051972)",3,95.67832799425354,28438
"(0.7325800052772601, 0.9650450950662368)",1,95.67824315941346,28439
"(0.8742482104325787, 0.960851077856154)",3,95.6781895850876,28442
"(0.8229870141950848, 1.0)",1,95.6780706513399,28443
"(0.95, 0.9751915907925552)",1,95.67803871821825,28444
"(0.9314912029239976, 0.9528125324922884)",1,95.67793639004766,28445
"(0.9373666512059368, 0.9749910873440284)",1,95.67779418684064,28446
"(0.8676532769556025, 1.0)",1,95.6776942636505,28447
"(0.9165867390570612, 0.9609357631051972)",3,95.67747511700156,28450
"(0.9309563801089225, 0.972281746031746)",1,95.67723148099611,28451
"(0.9575126626788776, 0.960851077856154)",1,95.67722549655588,28452
"(0.9609357631051972, 0.9575126626788776)",1,95.67702586019824,28453
"(0.3875802750555293, 0.9749968604080328)",1,95.67696564977092,28454
"(0.6730510127402202, 0.9824126287942077)",1,95.6768668419799,28455
"(0.4737094237094237, 0.9861673414304992)",1,95.67670841964517,28456
"(0.8579868984630887, 0.9861673414304992)",1,95.67661175806197,28457
"(0.960851077856154, 0.9572437766315318)",6,95.67657182408058,28463
"(0.8594436844505243, 0.9643944553313464)",1,95.67599936450036,28464
"(0.8456659619450317, 0.9764666952752286)",1,95.67580978754724,28465
"(0.8552744708994707, 1.0)",1,95.67553715169292,28466
"(0.9538331745788698, 0.960851077856154)",2,95.67547876087195,28468
"(0.9497171590194846, 0.9833229101521784)",1,95.67544109752092,28469
"(0.7994564678905576, 0.9764666952752286)",1,95.67536872475452,28470
"(0.9041196741854636, 0.9563334234338596)",1,95.67509560320144,28471
"(0.4943189964157706, 1.0)",2,95.67502121022594,28473
"(0.930124456440246, 0.958109559613319)",1,95.67497563078834,28474
"(0.7833537331701346, 0.9764666952752286)",1,95.67478515173528,28475
"(0.9599959995999598, 0.954995499549955)",1,95.67466117948068,28476
"(0.8329050741331443, 1.0)",2,95.67443702920193,28478
"(0.9680383516315252, 0.9678176625650188)",1,95.6741790367289,28479
"(0.5695633155937887, 0.9650076460904662)",1,95.67374844495951,28480
"(0.9308697752778572, 0.9603476243044132)",1,95.67372735367974,28481
"(0.8627397499800719, 0.9779263059241357)",3,95.67369527047076,28484
"(0.8460636535055139, 0.9764666952752286)",1,95.67301494966856,28485
"(0.7440767664806348, 0.964269276237512)",1,95.6730078433867,28486
"(0.9294287857678706, 0.964269276237512)",1,95.67299984996622,28487
"(0.919542746211962, 0.960666032023912)",1,95.67284071735628,28488
"(0.8128441201209393, 0.964269276237512)",1,95.672756197725,28489
"(0.3972371170981162, 0.9760069262085276)",1,95.67267400696367,28490
"(0.6907243513029603, 1.0)",1,95.67232604239857,28491
"(0.81893131227901, 1.0)",1,95.67228381214863,28492
"(0.8814591883264935, 0.951892755797645)",1,95.67198705218996,28493
"(0.6179693015417549, 1.0)",1,95.67196342402292,28494
"(0.9392111404005912, 0.960851077856154)",1,95.67195849558344,28495
"(0.9058747619658436, 0.9708659377729586)",1,95.6719527690499,28496
"(0.7447170736590969, 0.9780958243562125)",1,95.67193285387768,28497
"(0.8147527349497793, 0.960851077856154)",2,95.67165400395228,28499
"(0.5218438528010998, 0.9861310021084456)",1,95.67154094606887,28500
"(0.9187883397948668, 0.9681034738761426)",1,95.67133987445342,28501
"(0.8610715260301386, 0.9538370349708868)",1,95.67129493349437,28502
"(0.8340799485585682, 0.9764666952752286)",1,95.67112215851728,28503
"(0.7725314087142476, 0.9643944553313464)",2,95.67110931501614,28505
"(0.7578328648096089, 0.9764666952752286)",1,95.67067094715917,28506
"(0.843845350684385, 0.960851077856154)",1,95.67039197887144,28507
"(0.9164652836623464, 1.0)",1,95.67026593261662,28508
"(0.9437903841498612, 1.0)",1,95.67025254444997,28509
"(0.8353823801019199, 0.9644491481508056)",1,95.66998678296616,28510
"(0.90224161204236, 0.9861310021084456)",1,95.6699821573402,28511
"(0.5187734941865547, 0.9861310021084456)",1,95.66917559361193,28512
"(0.9412964149491664, 0.9916585206907788)",1,95.66916699576244,28513
"(0.8523797616070684, 0.964269276237512)",2,95.66914547787152,28515
"(0.8074780204479453, 0.9619736581501288)",1,95.66914500175092,28516
"(0.8768488063660478, 0.9749656593406592)",1,95.66913028086005,28517
"(0.7533190736731886, 0.9867922141511912)",3,95.66897854277713,28520
"(0.9230468061350414, 1.0)",1,95.6689422643694,28521
"(0.8846362470895226, 0.9645238095238096)",2,95.6685323501344,28523
"(0.8475002808673183, 0.972420634920635)",1,95.66851223372404,28524
"(0.826804915514593, 0.9572437766315318)",1,95.66847063414129,28525
"(0.9348222545262322, 0.9716190476190476)",1,95.6684666515996,28526
"(0.8941945641003215, 0.9646309224447688)",3,95.66778563842789,28529
"(0.8213541666666667, 0.9690968282937898)",3,95.66774644081188,28532
"(0.863869697334692, 0.9734731918335766)",8,95.66765668702048,28540
"(0.8846362470895226, 0.9572437766315318)",2,95.6673454227003,28542
"(0.4423707251851418, 0.9861310021084456)",1,95.66703734710356,28543
"(0.7651777469990767, 0.991206314397104)",3,95.66638213376208,28546
"(0.6911324786324786, 0.972045976510262)",2,95.6660609037228,28548
"(0.8449106413122807, 0.964269276237512)",1,95.6660095650423,28549
"(0.9641028246291404, 0.9713574016563148)",1,95.66572757111528,28550
"(0.8948142000428356, 0.9749656593406592)",4,95.66555250381371,28554
"(0.7090909090909091, 0.9665831244778612)",1,95.6655271288569,28555
"(0.839627810315511, 0.9572437766315318)",3,95.6654695858734,28558
"(0.7778533896115083, 0.9780434995701116)",1,95.66546814033217,28559
"(0.5964912280701754, 0.9692608993981562)",3,95.66543466964286,28562
"(0.8876473063973064, 0.9861673414304992)",2,95.66527714496247,28564
"(0.8131627957608075, 0.964269276237512)",2,95.6650227444848,28566
"(0.9034438470728792, 0.987495927012056)",1,95.66486279322623,28567
"(0.8340166019865393, 0.9622598627787308)",1,95.6648009093008,28568
"(0.826388888888889, 1.0)",1,95.66479435782152,28569
"(0.9628689175769612, 0.9749910873440284)",1,95.66453397116766,28570
"(0.7472307467415887, 0.9767441860465116)",1,95.66451971942148,28571
"(0.8813080639167598, 1.0)",1,95.6645184599314,28572
"(0.9186426294655792, 0.9610153569597296)",1,95.66440530490634,28573
"(0.8456659619450317, 0.9764666952752286)",1,95.66438818733825,28574
"(0.812418383596075, 0.9650450950662368)",1,95.66435478365914,28575
"(0.8201767124753505, 0.9780434995701116)",6,95.66433692769218,28581
"(0.9531381014506703, 0.95339554031292)",1,95.66428992117363,28582
"(0.9070766178400336, 0.9649991249781243)",1,95.66394735678392,28583
"(0.6975373482726425, 0.972420634920635)",1,95.66375885353366,28584
"(0.8016677935542034, 1.0)",1,95.66338818696028,28585
"(0.9364970967817766, 0.9610153569597296)",1,95.66334701230468,28586
"(0.9364970967817766, 0.9573389777809668)",1,95.66323109116834,28587
"(0.8702889400021048, 0.9645938855657314)",1,95.66298850950734,28588
"(0.789994229453279, 0.9861673414304992)",1,95.66275811059162,28589
"(0.9609357631051972, 0.960851077856154)",1,95.66241670423987,28590
"(0.8435371534737285, 0.9643944553313464)",1,95.66219828273218,28591
"(0.9575126626788776, 0.9644491481508056)",1,95.66189637644536,28592
"(0.8455704732698088, 0.972281746031746)",1,95.66181979902728,28593
"(0.8372053872053872, 1.0)",1,95.66168749762473,28594
"(0.8300265307680562, 1.0)",2,95.66156571448772,28596
"(0.852, 0.9749910873440284)",2,95.6614481269032,28598
"(0.9045708198051948, 0.9573389777809668)",1,95.66114909679185,28599
"(0.8596618357487924, 0.972045976510262)",1,95.6610691148768,28600
"(0.9873444118605408, 0.8254391640033368)",1,95.66067360791018,28601
"(0.8229870141950848, 0.972281746031746)",1,95.66061856777868,28602
"(0.8795903283708161, 0.9712822597033124)",1,95.6602846940542,28603
"(0.6523667324339217, 0.9824126287942077)",3,95.66020274143018,28606
"(0.8178923727890101, 0.9692608993981562)",1,95.66014176031126,28607
"(0.798857609139127, 0.964269276237512)",1,95.66005385374449,28608
"(0.8916138279602192, 0.9676485688615069)",2,95.6599160344416,28610
"(0.8883034087952121, 0.9861310021084456)",1,95.6598864351586,28611
"(0.9282083232965586, 0.9748288386713432)",1,95.65982309892716,28612
"(0.8685314685314685, 0.9643944553313464)",1,95.65981291990188,28613
"(0.8589304432464812, 0.958109559613319)",1,95.65972251444065,28614
"(0.8201767124753505, 0.9606593486924077)",1,95.6596505349067,28615
"(0.843845350684385, 0.960851077856154)",1,95.65941591705857,28616
"(0.8476190476190477, 1.0)",1,95.6592219372506,28617
"(0.9262130464282252, 0.9736842105263158)",1,95.65906920857076,28618
"(0.8066487122350412, 0.9650450950662368)",1,95.65904068682929,28619
"(0.7778533896115083, 0.9824126287942077)",1,95.65896378723994,28620
"(0.861957198953386, 0.9650076460904662)",1,95.65854202456046,28621
"(0.826804915514593, 0.9572437766315318)",3,95.6584537393307,28624
"(0.9364970967817766, 0.960851077856154)",1,95.65830083720076,28625
"(0.8757850574494108, 0.954995499549955)",1,95.65808714873,28626
"(0.9230468061350414, 0.9832184229069656)",1,95.657918752616,28627
"(0.5327774282946737, 0.971249415861376)",1,95.6578672159119,28628
"(0.9539272400433172, 0.9644491481508056)",1,95.6578506830664,28629
"(0.9326628892940788, 0.9575126626788776)",1,95.65764799870084,28630
"(0.7923306301473605, 0.9764666952752286)",1,95.65754158761978,28631
"(0.7304742252709461, 0.9764666952752286)",1,95.65714265584108,28632
"(0.8340799485585682, 0.964269276237512)",1,95.6570553425738,28633
"(0.9459285785969274, 0.9610899532226684)",1,95.65704728642542,28634
"(0.9269284534248317, 0.9764666952752286)",1,95.65692445929922,28635
"(0.7578328648096089, 0.9764666952752286)",1,95.65682497047229,28636
"(0.8317601729721721, 0.964731521366774)",2,95.65664893259888,28638
"(0.8899966931216932, 0.9861310021084456)",1,95.65655625664428,28639
"(0.8547756205106323, 0.9764666952752286)",2,95.6565015082382,28641
"(0.9148957472904308, 0.9574784734771978)",1,95.65626660988084,28642
"(0.3751155993044512, 0.9753298704358156)",1,95.65610433487596,28643
"(0.9640038239043044, 0.9785714285714284)",1,95.65590739879238,28644
"(0.8229870141950848, 1.0)",1,95.6559039718108,28645
"(0.8315259512496974, 0.960376642453574)",1,95.65570575747329,28646
"(0.917849761232425, 1.0)",1,95.65565441300684,28647
"(0.9628689175769612, 0.9874957118353344)",1,95.6555480699582,28648
"(0.9427148033126296, 0.9681034738761426)",2,95.65552945248444,28650
"(0.8890425386169811, 0.9645238095238096)",1,95.6554163236218,28651
"(0.7513138206634794, 0.9861310021084456)",1,95.65528550208784,28652
"(0.8651903651903651, 1.0)",1,95.65474840230952,28653
"(0.8387852246763139, 0.9573389777809668)",1,95.65470399880104,28654
"(0.8843764852418178, 0.9764666952752286)",1,95.65455085837094,28655
"(0.9666562434855118, 1.0)",1,95.65433068470628,28656
"(0.9437903841498612, 0.972281746031746)",1,95.65416457733416,28657
"(0.9497439544807966, 0.9575126626788776)",1,95.65394791055895,28658
"(0.8835857110930401, 0.9764666952752286)",1,95.65389582166556,28659
"(0.8887940768066828, 0.964269276237512)",1,95.65379322459236,28660
"(0.3593082318976406, 0.9736423058539136)",1,95.6537186572226,28661
"(0.6085487618529295, 0.9650450950662368)",1,95.65349175800417,28662
"(0.8562003179650239, 0.9289986228605154)",1,95.65347566529522,28663
"(0.8876281048778143, 0.9572437766315318)",1,95.65344686333012,28664
"(0.8402876991030895, 0.941454716296154)",1,95.65342917167412,28665
"(0.8835857110930401, 0.964269276237512)",1,95.65303925420427,28666
"(0.8887940768066828, 0.964269276237512)",2,95.65286061361314,28668
"(0.9764666952752286, 0.9643944553313464)",1,95.6528550960108,28669
"(0.6936817460684196, 0.9779263059241357)",1,95.65259585429476,28670
"(0.7374768177381903, 0.9734731918335766)",1,95.65243640245548,28671
"(0.841184456569072, 0.95749335833724)",1,95.6524238253009,28672
"(0.4977026992639528, 0.9749974989996)",1,95.65240280439198,28673
"(0.6698155645524068, 1.0)",1,95.6523964454518,28674
"(0.8523797616070684, 0.964269276237512)",1,95.65237808643997,28675
"(0.8124923632552741, 0.972420634920635)",1,95.65236917078003,28676
"(0.7084717607973421, 0.9764666952752286)",2,95.65234489881172,28678
"(0.5874751891549204, 0.9824561403508772)",1,95.65226740448614,28679
"(0.7578328648096089, 0.9767441860465116)",1,95.65209025115158,28680
"(0.9624885121068328, 0.9524997031231444)",2,95.65176047431414,28682
"(0.8895939931776995, 0.9749910873440284)",2,95.6516256960177,28684
"(0.826804915514593, 0.960851077856154)",1,95.65149396128656,28685
"(0.9665831244778612, 1.0)",1,95.65139036041973,28686
"(0.5964912280701754, 0.9648252575884156)",3,95.65138575965813,28689
"(0.9017623122369548, 0.9572437766315318)",1,95.6504830059429,28690
"(0.9332172991312776, 0.9916585206907788)",1,95.6503964967924,28691
"(0.7474747474747474, 0.9643944553313464)",1,95.65005282650216,28692
"(0.9427148033126296, 0.9787142857142856)",1,95.6499704655216,28693
"(0.9017623122369548, 0.960851077856154)",1,95.64984298969368,28694
"(0.8132775534810647, 0.964269276237512)",1,95.64959816330128,28695
"(0.9012059369202228, 0.9622598627787308)",1,95.64937591775592,28696
"(0.8806608357628766, 0.9680383516315252)",3,95.64918172015165,28699
"(0.9230627959463646, 0.9676485688615069)",1,95.64908603211566,28700
"(0.9502288074111276, 0.960851077856154)",1,95.64908420745928,28701
"(0.9146779555619334, 0.9610153569597296)",2,95.6489977187769,28703
"(0.8826621311505033, 0.9873891625615764)",1,95.64895749710718,28704
"(0.8306479779411763, 0.9749910873440284)",1,95.64889420282996,28705
"(0.9432380952380952, 0.9575126626788776)",3,95.64888862183231,28708
"(0.9720813204508856, 1.0)",1,95.6488044064512,28709
"(0.8631546198466533, 0.9764666952752286)",2,95.64863006295248,28711
"(0.9161379295307868, 1.0)",1,95.64817939488768,28712
"(0.9348222545262322, 0.9575126626788776)",1,95.6479808669562,28713
"(0.8395301149279116, 0.9764666952752286)",2,95.64791073256666,28715
"(0.8467532467532467, 1.0)",1,95.64759957658124,28716
"(0.5466837142306626, 0.9861673414304992)",1,95.64758737592746,28717
"(0.9297564829445116, 0.9609357631051972)",1,95.64752772155975,28718
"(0.9497171590194846, 1.0)",1,95.64727057131694,28719
"(0.8806608357628766, 0.9572437766315318)",1,95.64722548995792,28720
"(0.8402876991030895, 0.9650450950662368)",1,95.64719855574548,28721
"(0.9539272400433172, 0.9463627709416984)",1,95.6470959935361,28722
"(0.697096111304504, 0.9780434995701116)",3,95.64707682259412,28725
"(0.8579868984630887, 0.9861673414304992)",1,95.64679325428024,28726
"(0.8322510822510822, 0.9861673414304992)",1,95.64667281142852,28727
"(0.8455917807202996, 0.9764666952752286)",2,95.6464870787466,28729
"(0.8137107474568775, 0.9536268754076972)",6,95.64635384288545,28735
"(0.9269284534248317, 0.9764666952752286)",1,95.64618574060214,28736
"(0.8751897860593512, 0.972420634920635)",1,95.64615537330286,28737
"(0.6749447402728794, 0.9861310021084456)",1,95.6460051052996,28738
"(0.8774072892625049, 0.95749335833724)",1,95.645884779375,28739
"(0.602264469605218, 0.988167361639188)",1,95.6457111182064,28740
"(0.8991833854219174, 0.95749335833724)",1,95.64559921180472,28741
"(0.8589064384650125, 0.9790476832523552)",1,95.64559003760812,28742
"(0.4468328406505846, 0.9861673414304992)",1,95.6453307824794,28743
"(0.7836974395113928, 0.988167361639188)",2,95.64526330101076,28745
"(0.4423707251851418, 0.9722222222222222)",1,95.64522624204552,28746
"(0.8887940768066828, 0.964269276237512)",2,95.64512466308328,28748
"(0.826804915514593, 0.9536268754076972)",3,95.64511172079418,28751
"(0.8593554593554595, 0.9861673414304992)",1,95.64497755133569,28752
"(0.9645938855657314, 0.960851077856154)",2,95.64477762790251,28754
"(0.92974708952228, 0.9649991249781243)",1,95.64458772393286,28755
"(0.8435371534737285, 0.9643944553313464)",1,95.6445819993874,28756
"(0.950431439792024, 0.9575126626788776)",1,95.64439695735842,28757
"(0.8701068324360797, 0.9743221907717572)",2,95.64437862784288,28759
"(0.8480357142857143, 0.9574285714285714)",1,95.64396487953849,28760
"(0.8887419165196944, 0.972045976510262)",1,95.64363080202313,28761
"(0.8579868984630887, 0.9722222222222222)",1,95.6435535922631,28762
"(0.9549718574108818, 0.95749335833724)",1,95.6435200201272,28763
"(0.9539272400433172, 0.9498754528985508)",1,95.64309588852568,28764
"(0.943455134862934, 0.9609357631051972)",2,95.64278376362414,28766
"(0.943455134862934, 0.960851077856154)",3,95.64276264341017,28769
"(0.9020800849800285, 0.9646594592893336)",1,95.64268202121362,28770
"(0.8438530351707455, 0.9512947499929286)",1,95.64239563734746,28771
"(0.5466837142306626, 0.9861673414304992)",1,95.64237463339497,28772
"(0.88164537452478, 0.960851077856154)",1,95.64218301017824,28773
"(0.9388917411828462, 0.9017827237858572)",1,95.64208739035163,28774
"(0.7532376017916352, 1.0)",1,95.64190019750436,28775
"(0.5303843494657449, 0.9799949968730456)",1,95.6418988847362,28776
"(0.7800511508951407, 0.9574784734771978)",1,95.64178890131896,28777
"(0.960666032023912, 0.9644491481508056)",1,95.64174876278858,28778
"(0.7323163951070927, 0.9416450721400784)",1,95.64171356772324,28779
"(0.3980793293293293, 0.9861673414304992)",1,95.64170242334916,28780
"(0.861111111111111, 1.0)",1,95.64156853508152,28781
"(0.7802197802197803, 1.0)",1,95.6414733039534,28782
"(0.917269100702671, 0.960267350663444)",3,95.64139530382128,28785
"(0.8561103441223091, 0.972045976510262)",2,95.6412681384858,28787
"(0.549813159936279, 0.9650450950662368)",1,95.6412455775859,28788
"(0.8777010005734128, 0.9644491481508056)",2,95.64094356220558,28790
"(0.9003351064851267, 0.9677353740627908)",1,95.64079194042029,28791
"(0.898989898989899, 1.0)",1,95.64057871048972,28792
"(0.6043417366946778, 0.9644491481508056)",1,95.64056430636074,28793
"(0.9460809481025116, 0.9537330920118182)",2,95.64034344357631,28795
"(0.7280701754385965, 0.9824126287942077)",3,95.6401731774646,28798
"(0.7325800052772601, 0.9767441860465116)",1,95.6401005676043,28799
"(0.8715701474388204, 0.972281746031746)",2,95.64001338753208,28801
"(0.8920790698579406, 0.961159640771458)",1,95.63995265629347,28802
"(0.746304385688563, 1.0)",1,95.63991587367887,28803
"(0.8451478848040399, 0.972045976510262)",1,95.63979912941689,28804
"(0.7923306301473605, 0.9643944553313464)",1,95.63955736850468,28805
"(0.8596618357487924, 0.972045976510262)",1,95.63946085655624,28806
"(0.8631918334993627, 0.9833229101521784)",1,95.6392337458873,28807
"(0.9288982963016116, 0.978621888315766)",1,95.6389551562884,28808
"(0.7999088007295942, 0.9766918866148322)",1,95.63890146182096,28809
"(0.8402929495175517, 0.9604782992262008)",1,95.63889217088096,28810
"(0.7602379596828609, 0.9749910873440284)",1,95.63877287127713,28811
"(0.8592657752039796, 0.972045976510262)",1,95.63823804080508,28812
"(0.6020449077786688, 0.9650450950662368)",1,95.6380015212984,28813
"(0.7687400318979267, 1.0)",1,95.63773973507318,28814
"(0.7673678366541239, 1.0)",1,95.63744867830452,28815
"(0.9160264866799612, 0.9861673414304992)",1,95.63735192215304,28816
"(0.927109440267335, 0.9716190476190476)",2,95.6372049898482,28818
"(0.8193419055822156, 0.9861673414304992)",1,95.63720390170394,28819
"(0.9427148033126296, 0.9716190476190476)",1,95.63689398510174,28820
"(0.7802197802197803, 1.0)",1,95.63688983717168,28821
"(0.9462256234379848, 0.9607612022680516)",1,95.63661128260443,28822
"(0.8821069110152547, 0.9539272400433172)",3,95.63652400270485,28825
"(0.9288982963016116, 0.9715593185206444)",1,95.6364607732542,28826
"(0.7601595727457825, 0.9648252575884156)",1,95.63627259374506,28827
"(0.9428571428571428, 0.960851077856154)",1,95.63619356795986,28828
"(0.9221065482446088, 0.9572437766315318)",3,95.6359320601981,28831
"(0.9549819927971188, 0.9649991249781243)",1,95.63574329719256,28832
"(0.8171936889795594, 0.9646309224447688)",2,95.63567780641048,28834
"(0.9666562434855118, 1.0)",2,95.63556276590784,28836
"(0.9422394177612392, 0.9539272400433172)",1,95.6354118633884,28837
"(0.4627097155913258, 0.975337756200767)",1,95.63539391462332,28838
"(0.3931166197649245, 0.9749976368471018)",1,95.63534088396312,28839
"(0.8534255683423739, 0.9648252575884156)",2,95.63526724400435,28841
"(0.966870220228854, 0.974863910036324)",1,95.63515542859152,28842
"(0.952999227799228, 0.9641967520703932)",1,95.63508761433314,28843
"(0.9041196741854636, 0.991206314397104)",1,95.63475877614088,28844
"(0.8470413622709255, 0.964731521366774)",1,95.63466819473288,28845
"(0.9348222545262322, 0.9681034738761426)",1,95.6346170052573,28846
"(0.8848000715856217, 1.0)",1,95.63461699431151,28847
"(0.8702889400021048, 0.9681034738761426)",1,95.63456167279996,28848
"(0.9575126626788776, 0.9572437766315318)",1,95.63444876840882,28849
"(0.8071948928825261, 0.9861673414304992)",1,95.63425006954245,28850
"(0.7002802588629665, 0.9538370349708868)",1,95.63422652734285,28851
"(0.8547756205106323, 0.9882048106149588)",2,95.63392384920812,28853
"(0.7578328648096089, 0.9764666952752286)",1,95.63383777332436,28854
"(0.8310777799491891, 0.9882048106149588)",1,95.63379332406208,28855
"(0.9764666952752286, 0.9643944553313464)",1,95.63377853050127,28856
"(0.8898894074675324, 0.9502288074111276)",1,95.63376636625256,28857
"(0.9503333333333333, 0.9572437766315318)",6,95.63351483088458,28863
"(0.9165867390570612, 0.9322238948266346)",1,95.63337878457122,28864
"(0.9506883741258744, 0.960851077856154)",1,95.6330734022655,28865
"(0.8340166019865393, 0.9749910873440284)",1,95.63273874334524,28866
"(0.5187734941865547, 0.972281746031746)",1,95.63242858273136,28867
"(0.965648083497546, 0.8044575844022849)",1,95.63229882127628,28868
"(0.978621888315766, 0.9713574016563148)",1,95.632261672122,28869
"(0.9300671002153482, 1.0)",2,95.63189360322704,28871
"(0.6747507742934573, 1.0)",2,95.63179517154528,28873
"(0.8592657752039796, 0.958109559613319)",1,95.63169723397826,28874
"(0.8177442148030384, 1.0)",1,95.63165849160583,28875
"(0.9609357631051972, 0.9716190476190476)",2,95.63157836734509,28877
"(0.8743078626799556, 0.9861310021084456)",1,95.6314706180415,28878
"(0.8894752290768013, 0.9644491481508056)",2,95.63137065311471,28880
"(0.7302352759285533, 0.972420634920635)",1,95.63134302240316,28881
"(0.8762860082304527, 1.0)",2,95.63125776535668,28883
"(0.8701817267182292, 0.9779870235853187)",4,95.6311951772912,28887
"(0.8890425386169811, 0.9572437766315318)",1,95.63118678155456,28888
"(0.826804915514593, 0.9571428571428572)",1,95.6311444755454,28889
"(0.8835857110930401, 0.9650450950662368)",1,95.6311432712634,28890
"(0.8124923632552741, 0.972420634920635)",2,95.63113636454716,28892
"(0.902898027898028, 0.9861310021084456)",1,95.63111772385297,28893
"(0.9537330920118182, 0.9575913511472004)",1,95.63111524501458,28894
"(0.954995499549955, 0.95749335833724)",1,95.63106963581828,28895
"(0.3931166197649245, 0.9760098849197276)",1,95.63086875950036,28896
"(0.9373586654890096, 0.95749335833724)",1,95.63084274949568,28897
"(0.8806608357628766, 0.9609357631051972)",1,95.63081141425576,28898
"(0.7278086237149632, 1.0)",1,95.63064565177297,28899
"(0.8480357142857143, 0.9610153569597296)",3,95.63054845738968,28902
"(0.789994229453279, 0.9861673414304992)",1,95.6304212350629,28903
"(0.2184982066412125, 0.9764666952752286)",1,95.63028010430432,28904
"(0.8843764852418178, 0.9643944553313464)",1,95.6302561890579,28905
"(0.8561103441223091, 0.972045976510262)",1,95.63023394199992,28906
"(0.7923306301473605, 0.9643944553313464)",1,95.630103017952,28907
"(0.7325800052772601, 0.9529751605618932)",1,95.62990611182845,28908
"(0.9430530709600476, 0.988167361639188)",1,95.62968737680616,28909
"(0.7837606837606838, 0.9861673414304992)",2,95.6295886272548,28911
"(0.8887940768066828, 0.964269276237512)",1,95.62950063546536,28912
"(0.9308697752778572, 0.9501177394034536)",1,95.6294572724544,28913
"(0.9168447876447876, 0.9572437766315318)",3,95.6294076617849,28916
"(0.9041196741854636, 0.9691818330194464)",1,95.62932173071523,28917
"(0.9240756756756756, 0.9573389777809668)",1,95.62923356311428,28918
"(0.8593554593554595, 0.9861673414304992)",1,95.62922194234125,28919
"(0.9188863189008992, 0.9529751605618932)",1,95.62906190078704,28920
"(0.7026153868908955, 0.9676485688615069)",1,95.62895992763733,28921
"(0.6749447402728794, 0.9861310021084456)",2,95.62879773543268,28923
"(0.9474444882407044, 0.9599959995999598)",1,95.62872407547368,28924
"(0.3593082318976406, 0.9736457605972234)",1,95.62870831140545,28925
"(0.9645938855657314, 0.9644491481508056)",1,95.62866696209468,28926
"(0.9269284534248317, 0.9538370349708868)",1,95.6286606973748,28927
"(0.497102057514807, 0.9766827874420902)",1,95.62845942147187,28928
"(0.8685314685314685, 0.9764666952752286)",1,95.6280030025728,28929
"(0.8876281048778143, 0.960666032023912)",3,95.62783990573428,28932
"(0.9539272400433172, 0.9609357631051972)",1,95.62773576278757,28933
"(0.8587195484254307, 0.9861310021084456)",1,95.62763313009714,28934
"(0.7943622269203664, 0.9764666952752286)",1,95.627604503162,28935
"(0.5529564209234128, 0.964269276237512)",1,95.62757264123614,28936
"(0.9640038239043044, 0.9676485688615069)",1,95.62742015238464,28937
"(0.7524760273298283, 0.9824561403508772)",1,95.62731443131035,28938
"(0.7026153868908955, 0.9712822597033124)",1,95.62730626657046,28939
"(0.9549718574108818, 0.9599989999749994)",1,95.62715298209764,28940
"(0.944120583717358, 0.9916585206907788)",1,95.62702362915932,28941
"(0.8653198653198653, 1.0)",1,95.62701767335145,28942
"(0.826804915514593, 0.9572437766315318)",1,95.62696545525974,28943
"(0.7545469576719577, 1.0)",2,95.6263990425546,28945
"(0.9017623122369548, 0.9645938855657314)",2,95.62622987729942,28947
"(0.7192430762440694, 0.9779263059241357)",3,95.62619828025684,28950
"(0.9331814008429188, 0.9764666952752286)",1,95.6261490133446,28951
"(0.9505232430050672, 0.9681034738761426)",2,95.62605731367076,28953
"(0.9234894220441888, 0.9748524098350704)",1,95.62600665351913,28954
"(0.9471243233098142, 0.9610153569597296)",1,95.62586179428769,28955
"(0.8524016298728943, 0.9664863967631748)",2,95.62576847231972,28957
"(0.7304742252709461, 0.9650450950662368)",1,95.62553107667686,28958
"(0.9300671002153482, 1.0)",1,95.62548312913464,28959
"(0.9282056492582808, 0.9573389777809668)",1,95.62538223357288,28960
"(0.73687720936437, 0.9833229101521784)",1,95.6250005458512,28961
"(0.7836974395113928, 0.9766918866148322)",1,95.62495196040268,28962
"(0.7516483516483518, 0.9722222222222222)",1,95.62482757984704,28963
"(0.8137861130877186, 0.9764666952752286)",1,95.62470373828614,28964
"(0.9027777777777778, 1.0)",1,95.6245731500938,28965
"(0.8964397027091824, 0.9573389777809668)",1,95.62438208495158,28966
"(0.9233339198521971, 0.9575913511472004)",1,95.6242128489547,28967
"(0.842200034135518, 0.9749052909377262)",1,95.62407939521393,28968
"(0.812557599070401, 1.0)",1,95.62398770295846,28969
"(0.8796475392220073, 0.9833229101521784)",1,95.62386338084984,28970
"(0.954995499549955, 0.9549819927971188)",1,95.62368995275664,28971
"(0.6911324786324786, 0.972045976510262)",1,95.6235648404514,28972
"(0.9537330920118182, 0.9610899532226684)",3,95.62340077675846,28975
"(0.8883034087952121, 0.9581458989353726)",1,95.6231870836364,28976
"(0.4060631229235881, 0.9749910873440284)",1,95.6229759773332,28977
"(0.9462256234379848, 0.95339554031292)",1,95.62292110966116,28978
"(0.7578328648096089, 0.9764666952752286)",1,95.62290738988898,28979
"(0.7323163951070927, 0.9538370349708868)",1,95.6229003707476,28980
"(0.8976982097186702, 1.0)",1,95.62281711303564,28981
"(0.8402876991030895, 0.9529751605618932)",1,95.62279403991003,28982
"(0.8632321428571428, 0.9644491481508056)",1,95.6227920964448,28983
"(0.7687400318979267, 1.0)",1,95.6226958343063,28984
"(0.8580559516200404, 0.9764666952752286)",1,95.62267583315476,28985
"(0.8610715260301386, 0.9538370349708868)",1,95.62260627825532,28986
"(0.8124923632552741, 0.9861673414304992)",1,95.6223686858097,28987
"(0.8887940768066828, 0.964269276237512)",2,95.62207662645108,28989
"(0.843845350684385, 0.960851077856154)",4,95.62205515600188,28993
"(0.7837606837606838, 0.9861673414304992)",1,95.62186834040396,28994
"(0.6496381380870513, 0.9753377956156994)",1,95.6208434961128,28995
"(0.8758315541941273, 0.9690968282937898)",4,95.6206143710034,28999
"(0.8592657752039796, 0.972045976510262)",1,95.62052405407452,29000
"(0.6173922423091859, 0.9643944553313464)",1,95.62047988139204,29001
"(0.8705264551431975, 0.9643944553313464)",1,95.62042912946636,29002
"(0.6333118819585527, 0.9650450950662368)",1,95.62042768948152,29003
"(0.9539272400433172, 0.960851077856154)",1,95.6203793130908,29004
"(0.7474747474747474, 0.9643944553313464)",2,95.62037224475245,29006
"(0.902192297684101, 0.9861310021084456)",1,95.62036467240742,29007
"(0.8757850574494108, 0.9649991249781243)",1,95.62020252077753,29008
"(0.9539272400433172, 0.9572437766315318)",2,95.62019238370766,29010
"(0.9294287857678706, 0.964269276237512)",1,95.62018680930288,29011
"(0.9003556829643787, 1.0)",2,95.62009663086096,29013
"(0.8848000715856217, 1.0)",1,95.61988548464656,29014
"(0.6804620726495727, 1.0)",1,95.61978112437228,29015
"(0.8110682791635173, 0.9861673414304992)",4,95.61966211831977,29019
"(0.8074780204479453, 0.9749910873440284)",1,95.61955243608875,29020
"(0.9, 1.0)",1,95.61887381210605,29021
"(0.8796475392220073, 0.9833229101521784)",1,95.61878350105074,29022
"(0.9318857896881138, 0.9572437766315318)",1,95.6187235814434,29023
"(0.8517690928240017, 0.9643944553313464)",1,95.61869814867318,29024
"(0.8746747225950852, 0.9780434995701116)",1,95.61842488543292,29025
"(0.939055706563049, 0.9680383516315252)",2,95.61821313909032,29027
"(0.8887419165196944, 0.972045976510262)",1,95.61820257577833,29028
"(0.9026337658413128, 0.9861673414304992)",1,95.61818249111526,29029
"(0.940074233084456, 0.9536268754076972)",1,95.61814114101604,29030
"(1.0, 0.9958292603453894)",1,95.61801054011237,29031
"(0.8581086546083114, 0.9861310021084456)",1,95.61781661578844,29032
"(0.8976982097186702, 1.0)",1,95.61780639609177,29033
"(0.6736022307473716, 0.9861673414304992)",1,95.61779764962142,29034
"(0.9469408453036384, 0.9610153569597296)",1,95.6177224802266,29035
"(0.8251731614605581, 0.964269276237512)",1,95.61767272293908,29036
"(0.9238400660955778, 0.9503333333333333)",1,95.6176719744478,29037
"(0.9327510896243466, 0.9695944280188412)",1,95.61744425598656,29038
"(0.8517690928240017, 0.9643944553313464)",1,95.61709533228142,29039
"(0.917849761232425, 1.0)",1,95.61679166177647,29040
"(0.7761555341771514, 0.9599959995999598)",1,95.61641552005956,29041
"(0.8010054664946871, 0.9861673414304992)",2,95.61635827272438,29043
"(0.5696789203510515, 0.9787495682453646)",1,95.61627390028404,29044
"(0.8627397499800719, 0.960267350663444)",1,95.61623396912594,29045
"(0.7060994560994561, 1.0)",2,95.6161640910027,29047
"(0.95, 0.9715593185206444)",1,95.6161566811082,29048
"(0.7723036792742799, 0.9882320356476616)",1,95.616128934659,29049
"(0.8694846606452272, 0.964731521366774)",1,95.61598259066872,29050
"(0.7084717607973421, 0.9766918866148322)",1,95.61577282676804,29051
"(0.960851077856154, 0.960851077856154)",1,95.6156450170548,29052
"(0.8868677229932935, 0.9646309224447688)",1,95.6154951365058,29053
"(0.7891673497098101, 0.969334154098697)",1,95.61541708717562,29054
"(0.911911525974026, 0.9573389777809668)",1,95.61457698085523,29055
"(0.9311507936507936, 0.972420634920635)",1,95.61453256984512,29056
"(0.861957198953386, 0.9538370349708868)",2,95.61449655189882,29058
"(0.9301209372637944, 0.9861310021084456)",2,95.61425451175543,29060
"(0.8318290279074593, 0.972045976510262)",1,95.61424759721248,29061
"(0.7577353522053982, 0.9624885121068328)",1,95.61418869764222,29062
"(0.944911858974359, 0.9649991249781243)",1,95.61417583005648,29063
"(0.6526770767943084, 0.9861673414304992)",1,95.6141659513815,29064
"(0.826804915514593, 0.9536268754076972)",1,95.61412452950351,29065
"(0.8252422194238135, 0.95749335833724)",1,95.61396145278414,29066
"(0.9373586654890096, 0.9649991249781243)",1,95.61393692092992,29067
"(0.8976982097186702, 1.0)",1,95.61393469148372,29068
"(0.7999088007295942, 0.9766918866148322)",1,95.61372779877266,29069
"(0.9665831244778612, 1.0)",2,95.61371154058308,29071
"(0.9032115171650056, 0.9767441860465116)",1,95.6134409863284,29072
"(0.8044914258149553, 0.9861310021084456)",1,95.6134061238792,29073
"(0.9498370804822418, 0.9664978969644284)",1,95.6130278537914,29074
"(0.9497171590194846, 1.0)",1,95.61289980972586,29075
"(0.8517690928240017, 0.9643944553313464)",1,95.6128728235982,29076
"(0.874047619047619, 0.972045976510262)",1,95.61281458472163,29077
"(0.9041196741854636, 0.9736189431913116)",1,95.6126891432938,29078
"(0.9539272400433172, 0.960851077856154)",2,95.6125323138736,29080
"(0.97495917428555, 0.9958292603453894)",1,95.61238761361304,29081
"(0.8420013166556946, 1.0)",1,95.61223095533464,29082
"(0.6809855026116619, 0.9622598627787308)",1,95.61186103741264,29083
"(0.8860455063826657, 0.972252530763169)",1,95.61158424834724,29084
"(0.9833211143695014, 0.9916585206907788)",2,95.6110764523536,29086
"(0.8810064268049709, 0.9779870235853187)",2,95.60993988205516,29088
"(0.9326599326599326, 1.0)",1,95.60990148362605,29089
"(0.846098299557419, 0.972420634920635)",1,95.6098939005547,29090
"(0.8514626506510005, 0.960851077856154)",1,95.60953694283904,29091
"(0.8495378883833893, 0.9874877810361682)",2,95.60946287108656,29093
"(0.8456272791248162, 0.9642857142857144)",2,95.60940221642429,29095
"(0.5626274989800081, 0.9758777250199286)",2,95.6093212628207,29097
"(0.8065954953750508, 1.0)",1,95.60915755632293,29098
"(0.8374874819183264, 0.9764666952752286)",1,95.60903077695232,29099
"(0.9422394177612392, 0.9575126626788776)",1,95.60881026020306,29100
"(0.917283950617284, 0.972420634920635)",1,95.60857010569173,29101
"(0.9499687304565352, 0.9833229101521784)",1,95.60851156406672,29102
"(0.8316234420469599, 0.9601502499942144)",3,95.60848709364878,29105
"(0.8395301149279116, 0.9650450950662368)",1,95.60835360897384,29106
"(0.8178923727890101, 0.9604782992262008)",1,95.60778794864156,29107
"(0.4827246972385666, 0.964269276237512)",2,95.60756736711116,29109
"(0.8334750774705025, 0.941454716296154)",1,95.60752003859822,29110
"(0.8662655059929975, 0.9691818330194464)",1,95.60748665084144,29111
"(0.833630878109023, 0.9599959995999598)",1,95.6072228143074,29112
"(0.9645938855657314, 0.9679690637004894)",2,95.60710021239352,29114
"(0.8248508603719991, 0.9572437766315318)",2,95.60682328575344,29116
"(0.9224996008939976, 0.9749910873440284)",1,95.60682266093455,29117
"(0.8594436844505243, 0.9522870228046522)",1,95.60666939019744,29118
"(0.9069647153947764, 0.9785714285714284)",1,95.60659392408952,29119
"(0.8453642237906118, 0.960851077856154)",1,95.6063554521547,29120
"(0.9502288074111276, 0.9537330920118182)",1,95.60621201475948,29121
"(0.9287396277192196, 0.9610153569597296)",1,95.6061863383562,29122
"(0.8633407843934159, 0.969334154098697)",1,95.60615275544204,29123
"(0.961552316099405, 0.8044575844022849)",1,95.60588172755018,29124
"(0.9396279975262144, 0.9610899532226684)",1,95.60570545854968,29125
"(0.9374119856047568, 0.9599909979745442)",1,95.60550962957524,29126
"(0.8425483191745751, 1.0)",1,95.60546807366588,29127
"(0.7602379596828609, 0.9495058714870036)",1,95.60542009074211,29128
"(0.8248508603719991, 0.9644491481508056)",1,95.60530042367095,29129
"(0.9045708198051948, 0.9574285714285714)",1,95.60523181052272,29130
"(0.8312205288949474, 0.988167361639188)",1,95.60515421669729,29131
"(0.9247290244881574, 0.9574976092405196)",1,95.60495101699142,29132
"(0.9436368312757202, 0.972281746031746)",1,95.60480806305073,29133
"(0.8334507869391591, 0.9643944553313464)",1,95.60438045050157,29134
"(0.8221762134805614, 0.972045976510262)",1,95.6042461115692,29135
"(0.9746535316523212, 0.9224776821662248)",1,95.60420083750272,29136
"(0.9057330122004186, 0.9736842105263158)",1,95.60410673749404,29137
"(0.901608756801166, 0.9719592578330004)",1,95.60387933791844,29138
"(0.9388917411828462, 0.9575126626788776)",1,95.60374453350592,29139
"(0.8379086430810568, 0.960851077856154)",1,95.6035526051893,29140
"(0.8660545355265853, 0.9622598627787308)",2,95.60344633190309,29142
"(0.73687720936437, 1.0)",1,95.60333917822352,29143
"(0.8523797616070684, 0.964269276237512)",1,95.60321398640204,29144
"(0.7820135271430143, 0.9643944553313464)",1,95.60321384622576,29145
"(0.549813159936279, 0.9767441860465116)",1,95.60314496770704,29146
"(0.9499887474681804, 0.954995499549955)",1,95.60311828794325,29147
"(0.8955173107890498, 0.9749910873440284)",1,95.6030396997176,29148
"(0.9318857896881138, 0.9538331745788698)",1,95.60292286640885,29149
"(0.8103292776312431, 0.9575126626788776)",1,95.6028375570314,29150
"(0.6345232293697206, 0.964731521366774)",3,95.6027367273561,29153
"(0.8128441201209393, 0.964269276237512)",1,95.60227017424153,29154
"(0.9165867390570612, 0.9645238095238096)",1,95.60221089078176,29155
"(0.7479743867590829, 1.0)",1,95.60215936542716,29156
"(0.8449106413122807, 0.964269276237512)",2,95.60213880504168,29158
"(0.8805377184744008, 0.987491854024112)",2,95.6021060465931,29160
"(0.9459285785969274, 0.950431439792024)",1,95.60200702801636,29161
"(0.6933160650937552, 0.9764666952752286)",1,95.60200304616252,29162
"(0.8472645812528676, 0.960851077856154)",1,95.60196694093035,29163
"(0.9280076478086086, 0.9503333333333333)",3,95.60187605486104,29166
"(0.8128441201209393, 0.964269276237512)",1,95.60184601943418,29167
"(0.4286514639639639, 0.9763500555349872)",1,95.60179220515838,29168
"(0.8374874819183264, 0.9764666952752286)",1,95.60147784834068,29169
"(0.8491340807583629, 0.9861673414304992)",4,95.60140859338937,29173
"(0.9491452991452992, 0.9641967520703932)",1,95.60088020871824,29174
"(0.6892156862745098, 0.972420634920635)",1,95.60062816519888,29175
"(0.7994987468671678, 1.0)",1,95.60058056603516,29176
"(0.8887940768066828, 0.964269276237512)",1,95.60042463111616,29177
"(0.9262130464282252, 0.9734731918335766)",1,95.60032048827144,29178
"(0.9537330920118182, 0.9574285714285714)",1,95.59995379262276,29179
"(0.9153439153439156, 0.9833229101521784)",1,95.59963567747812,29180
"(0.9610153569597296, 0.9571428571428572)",1,95.59949906467985,29181
"(0.8760238095238095, 0.9834399497824544)",1,95.59910992852244,29182
"(0.8695762175838077, 0.9646471322611444)",1,95.59903472357357,29183
"(0.8456659619450317, 0.9764666952752286)",1,95.59894502857392,29184
"(0.8525073746312686, 0.95749335833724)",1,95.59857536518771,29185
"(0.6767580302172832, 0.972281746031746)",1,95.5984939922242,29186
"(0.6880076348278104, 0.9648252575884156)",1,95.5984913141192,29187
"(0.8734313112361893, 0.9861673414304992)",1,95.5984771392214,29188
"(0.9432380952380952, 0.9539272400433172)",2,95.59831987788688,29190
"(0.7837606837606838, 0.9861673414304992)",1,95.59714706502552,29191
"(0.9532701550221768, 0.9538331745788698)",1,95.59708831353296,29192
"(0.943455134862934, 0.960851077856154)",1,95.59700405313384,29193
"(0.6020449077786688, 0.9764666952752286)",2,95.5968755088716,29195
"(0.3821719537723012, 0.9746526564265244)",1,95.59648967872754,29196
"(0.7725182451236846, 0.9764666952752286)",1,95.59638708301672,29197
"(0.9535144014828052, 0.9609357631051972)",1,95.59627624572047,29198
"(0.9153439153439156, 0.9833229101521784)",1,95.59620552318424,29199
"(0.9161952650324744, 1.0)",1,95.59619453642222,29200
"(0.3972371170981162, 0.9733088456262952)",1,95.5956803557379,29201
"(0.842200034135518, 0.9714285714285714)",1,95.59561864816254,29202
"(0.9388917411828462, 0.9644491481508056)",1,95.59551025649452,29203
"(0.9428571428571428, 0.960851077856154)",1,95.5954151140932,29204
"(0.9377148530109056, 0.991206314397104)",3,95.59539392221969,29207
"(0.9343984962406016, 0.9572437766315318)",1,95.59520025770398,29208
"(0.8108021513875538, 0.9648252575884156)",1,95.59513824005244,29209
"(0.812418383596075, 0.9767441860465116)",2,95.59487042123703,29211
"(0.9498754528985508, 0.95)",1,95.59465437432586,29212
"(0.5493820794444731, 0.9538370349708868)",1,95.59460827363884,29213
"(0.9499687304565352, 1.0)",1,95.5945102028982,29214
"(0.7440767664806348, 0.964269276237512)",1,95.59441979388288,29215
"(0.8845244231527244, 0.9650450950662368)",1,95.59429268886508,29216
"(0.917283950617284, 0.972420634920635)",1,95.59429206525476,29217
"(0.9240756756756756, 0.9572437766315318)",1,95.59410055831296,29218
"(0.92008547008547, 0.960851077856154)",2,95.59408421091491,29220
"(0.8333192389006343, 0.9766918866148322)",1,95.59388726446898,29221
"(0.8311329582337986, 0.972045976510262)",1,95.59382074914268,29222
"(0.7708796965987909, 0.9861673414304992)",1,95.59354817116076,29223
"(0.8645256232686982, 0.9780434995701116)",1,95.59344508796131,29224
"(0.8318290279074593, 0.9861673414304992)",1,95.5934347232111,29225
"(0.8594436844505243, 0.9643944553313464)",1,95.59342602624491,29226
"(0.7823116219667945, 0.9861673414304992)",2,95.5932346581004,29228
"(0.9022292915996296, 0.972045976510262)",1,95.59312211166367,29229
"(0.9874747474747476, 0.8254391640033368)",1,95.59310489031589,29230
"(0.9315095328894416, 0.950431439792024)",1,95.59308972423251,29231
"(0.779286067193676, 0.9749910873440284)",1,95.59305486186744,29232
"(0.8459266053144301, 0.9749910873440284)",1,95.5929368032481,29233
"(0.8993301094022514, 0.9622641509433963)",1,95.59285296933864,29234
"(0.9460809481025116, 0.9644491481508056)",1,95.59227384733508,29235
"(0.9399739902831624, 0.9535144014828052)",1,95.59226049336112,29236
"(0.7923306301473605, 0.9764666952752286)",1,95.59223147877952,29237
"(0.92974708952228, 0.954995499549955)",1,95.59216902829677,29238
"(0.8428883536673643, 0.9780434995701116)",1,95.5921505595248,29239
"(0.8467532467532467, 1.0)",1,95.59210772616694,29240
"(0.7678405315614618, 0.9764666952752286)",1,95.5918689146019,29241
"(0.9049141546141368, 0.960851077856154)",3,95.59163615000838,29244
"(0.7340930674264006, 1.0)",1,95.59162376996407,29245
"(0.9298245614035088, 0.9574976092405196)",1,95.59162167381244,29246
"(0.9282083232965586, 0.9708292603453894)",2,95.59148283207637,29248
"(0.9425645194066248, 0.9680383516315252)",1,95.59141416976269,29249
"(0.9227792207792208, 0.9537330920118182)",1,95.5913410963196,29250
"(0.9540153992631536, 0.960851077856154)",1,95.59133752608172,29251
"(0.4039045743444857, 1.0)",1,95.591190312719,29252
"(0.8887419165196944, 0.972045976510262)",1,95.5909620666324,29253
"(0.798089617146851, 0.95749335833724)",1,95.59095437036302,29254
"(0.9569233895549684, 0.9575913511472004)",1,95.5908882835594,29255
"(0.9303901487133776, 0.9571428571428572)",1,95.5908345605779,29256
"(0.7204649554921787, 0.986826099742067)",1,95.5908277883162,29257
"(0.8402876991030895, 0.9767441860465116)",1,95.59078532721672,29258
"(0.7323163951070927, 0.9650076460904662)",1,95.59077172364034,29259
"(0.6933160650937552, 0.9764666952752286)",1,95.5905814459535,29260
"(0.9225446428571428, 0.9749656593406592)",4,95.59043466946542,29264
"(0.9524640509385224, 0.94999499949995)",1,95.59032468691156,29265
"(0.5981148005233523, 0.9850004688232536)",1,95.59031521760772,29266
"(0.9539272400433172, 0.960851077856154)",1,95.59001007329424,29267
"(0.8560431327428892, 0.9690968282937898)",1,95.58964471331436,29268
"(0.8580559516200404, 0.9538370349708868)",1,95.5896056633249,29269
"(0.8258470464352816, 0.960851077856154)",1,95.58950136665916,29270
"(0.9350193449813944, 0.9573389777809668)",1,95.58915450973164,29271
"(0.9148957472904308, 0.9549898727213622)",2,95.5891093431615,29273
"(0.882673371045464, 1.0)",1,95.58905552564283,29274
"(0.8580559516200404, 0.9764666952752286)",1,95.58901342375356,29275
"(0.620130835563485, 0.9824126287942077)",1,95.58899022152104,29276
"(0.8472645812528676, 0.960851077856154)",1,95.58896193827836,29277
"(0.5638826889384886, 0.9764666952752286)",1,95.58890190609588,29278
"(0.869750601552687, 0.9572437766315318)",3,95.58864705930152,29281
"(0.826804915514593, 0.960851077856154)",1,95.58849554385986,29282
"(0.8277257466182881, 0.9644491481508056)",1,95.58833944756022,29283
"(0.6911324786324786, 0.972045976510262)",1,95.5882564496591,29284
"(0.7944219523166891, 1.0)",1,95.58818916092956,29285
"(0.8171936889795594, 0.9690968282937898)",3,95.58816441533584,29288
"(0.8868677229932935, 0.9736189431913116)",1,95.58806396409764,29289
"(0.8883678678403513, 0.972420634920635)",2,95.58790672080312,29291
"(0.9189396095602992, 0.9916585206907788)",1,95.58756971898838,29292
"(0.8208353559736048, 0.9722222222222222)",2,95.5873547943714,29294
"(0.8842859019839705, 0.942217624820578)",1,95.58724212212364,29295
"(0.8040695048423352, 1.0)",1,95.58702122731792,29296
"(0.7445829043731979, 0.9692608993981562)",1,95.58665402003584,29297
"(0.9641028246291404, 0.9641028246291404)",2,95.5865944063054,29299
"(0.9535144014828052, 0.9716751084525852)",1,95.58601722564477,29300
"(0.9450323339212228, 0.972045976510262)",2,95.58594765634793,29302
"(0.865587044534413, 0.9824126287942077)",1,95.58589923360408,29303
"(0.6243024607372301, 0.9764666952752286)",1,95.5858264180561,29304
"(0.5379450468208387, 0.9601502499942144)",3,95.58573759436888,29307
"(0.8478418336329888, 0.991206314397104)",3,95.58570531374232,29310
"(0.9146901709401708, 0.972281746031746)",2,95.58569220089976,29312
"(0.9080024622960912, 0.9648252575884156)",1,95.58568862096166,29313
"(0.9364970967817766, 0.9609357631051972)",1,95.5856427948001,29314
"(0.8843764852418178, 0.9643944553313464)",1,95.58559991946862,29315
"(0.6496381380870513, 0.9722972214132032)",1,95.58550248120348,29316
"(0.4327102149190147, 0.9739854976426991)",1,95.58546301517768,29317
"(0.9240756756756756, 0.9572437766315318)",1,95.58545049954228,29318
"(0.8581022152450725, 0.972045976510262)",2,95.5854400707546,29320
"(0.7002945207922506, 0.9780434995701116)",3,95.5853447237946,29323
"(0.8471527473990528, 1.0)",1,95.58528903426202,29324
"(0.9535144014828052, 0.9716190476190476)",1,95.58524139206509,29325
"(0.8843764852418178, 0.9764666952752286)",1,95.58519919025618,29326
"(0.9067863328609668, 0.9574976092405196)",1,95.58495797309456,29327
"(0.9238400660955778, 0.9645938855657314)",3,95.58487419407292,29330
"(0.6415148305084746, 0.9622598627787308)",2,95.5847803566729,29332
"(1.0, 1.0)",1,95.58470855079337,29333
"(0.8874191651969431, 0.9861673414304992)",4,95.58460725700346,29337
"(0.7304742252709461, 0.9764666952752286)",1,95.58456996723112,29338
"(0.88164537452478, 0.9429917021753756)",1,95.58433488512163,29339
"(0.8252422194238135, 0.95749335833724)",1,95.58414930932491,29340
"(0.549813159936279, 0.9767441860465116)",1,95.58399172630088,29341
"(0.9162596992611264, 0.9861310021084456)",1,95.58357984098498,29342
"(0.8137861130877186, 0.964269276237512)",1,95.58307210774429,29343
"(0.8660545355265853, 0.9749910873440284)",1,95.5830334907522,29344
"(0.837707400507675, 1.0)",1,95.58292928668016,29345
"(0.8352271364897016, 0.964269276237512)",1,95.58277731847129,29346
"(0.8702889400021048, 0.9536268754076972)",1,95.58259344243488,29347
"(0.9004206187154333, 0.9692608993981562)",1,95.58250787940754,29348
"(0.8517690928240017, 0.9643944553313464)",1,95.58250684684944,29349
"(0.6911324786324786, 0.972045976510262)",1,95.5824345651106,29350
"(0.9160264866799612, 0.9861673414304992)",2,95.58226249807709,29352
"(0.5994410151073721, 0.9749964379072432)",1,95.58218381788112,29353
"(0.917415489944373, 1.0)",1,95.5821769594559,29354
"(0.9833229101521784, 1.0)",1,95.58198439730378,29355
"(0.9432380952380952, 0.9540153992631536)",3,95.58193784955562,29358
"(0.9275802828069248, 0.9536268754076972)",5,95.58193708966634,29363
"(0.7800511508951407, 0.9549898727213622)",1,95.58176740828864,29364
"(0.8877034517510707, 0.9861673414304992)",2,95.58171971995786,29366
"(0.8955173107890498, 0.9749910873440284)",2,95.5816895770553,29368
"(0.8868677229932935, 0.9694017156496504)",1,95.5813009311555,29369
"(0.8063851452802315, 0.9861310021084456)",1,95.58055091373625,29370
"(0.9162596992611264, 0.972420634920635)",1,95.5804247836038,29371
"(0.8621031746031745, 0.9861310021084456)",1,95.58037870287728,29372
"(0.8996408045977011, 0.9749910873440284)",1,95.58025740383523,29373
"(0.8760238095238095, 0.9834399497824544)",1,95.58022390659076,29374
"(0.7923306301473605, 0.9643944553313464)",1,95.5802039610762,29375
"(0.7709171448706333, 0.964269276237512)",1,95.58019850839158,29376
"(0.9422394177612392, 0.9678176625650188)",1,95.58005171310896,29377
"(0.88164537452478, 0.960851077856154)",1,95.57998203417348,29378
"(0.9425645194066248, 0.9575126626788776)",1,95.57982644243434,29379
"(0.9388917411828462, 0.960851077856154)",1,95.57982351218152,29380
"(0.9459285785969274, 0.9540153992631536)",1,95.5792803965062,29381
"(0.946730586052542, 0.9610153569597296)",3,95.57925348448508,29384
"(0.944911858974359, 0.944998624965624)",1,95.57913255565872,29385
"(0.8795903283708161, 0.9678176625650188)",1,95.57897561929842,29386
"(0.9422394177612392, 0.94206422624554)",1,95.57893683019915,29387
"(0.7211566091954024, 0.9749910873440284)",1,95.57875768459944,29388
"(0.6813936996863826, 0.9861310021084456)",1,95.57872947483683,29389
"(0.9262130464282252, 0.9737445480717845)",1,95.57860349314626,29390
"(0.8183569364584247, 0.9861673414304992)",1,95.57840591946332,29391
"(0.9747273037595618, 0.9876907322068612)",1,95.57824987651854,29392
"(0.9571428571428572, 0.9536268754076972)",1,95.57822183814702,29393
"(0.9497171590194846, 1.0)",1,95.57820258122572,29394
"(0.9459285785969274, 0.9643698138596096)",1,95.57814248615682,29395
"(0.9599959995999598, 0.9524973279746984)",3,95.57813170870664,29398
"(0.8846362470895226, 0.9645238095238096)",2,95.57774999532406,29400
"(0.8874735513743797, 0.964269276237512)",1,95.57764559541788,29401
"(0.8685314685314685, 0.9643944553313464)",1,95.57759932269012,29402
"(0.8221762134805614, 0.972045976510262)",1,95.5774687137542,29403
"(0.8685314685314685, 0.9643944553313464)",2,95.577365184164,29405
"(0.8301900070372977, 0.9572437766315318)",1,95.57726425104784,29406
"(0.9641028246291404, 0.9605654571878554)",3,95.5771770201768,29409
"(0.9302688539530646, 0.964523301198322)",1,95.57707797388964,29410
"(0.6784722222222224, 1.0)",1,95.57706752598818,29411
"(0.8991833854219174, 0.9549718574108818)",1,95.57694883977705,29412
"(0.8885714285714285, 1.0)",1,95.5766830883902,29413
"(0.8785302156088673, 0.9574997343733398)",1,95.57662477343234,29414
"(0.9080705009276436, 0.9505232430050672)",1,95.57655592598704,29415
"(0.6749447402728794, 0.9861310021084456)",1,95.57644408813518,29416
"(0.8645256232686982, 0.9824126287942077)",1,95.57629505325832,29417
"(0.8746747225950852, 0.9648252575884156)",1,95.57620314167234,29418
"(0.5536430525672695, 0.9764666952752286)",1,95.57604524720723,29419
"(0.8774072892625049, 0.95749335833724)",1,95.57583580817531,29420
"(0.9599749843652282, 0.9574997343733398)",1,95.5756562653756,29421
"(0.8605083900600204, 0.9722222222222222)",1,95.57526351459452,29422
"(0.8795247311963099, 0.9610153569597296)",4,95.57523630109476,29426
"(0.90903917799718, 0.9607612022680516)",6,95.57507695163412,29432
"(0.8456659619450317, 0.9764666952752286)",1,95.57504593583492,29433
"(0.5836449308405534, 1.0)",1,95.57453353750024,29434
"(0.8695762175838077, 0.9646471322611444)",1,95.57412705978612,29435
"(0.9300671002153482, 0.9861310021084456)",1,95.574096837871,29436
"(0.930124456440246, 0.972045976510262)",1,95.5740827158704,29437
"(0.9224996008939976, 0.9622598627787308)",1,95.5740670093314,29438
"(0.8098502304147466, 0.9749910873440284)",1,95.57391579981442,29439
"(0.8873352247505452, 0.964731521366774)",1,95.57379593964674,29440
"(0.6759495516512356, 0.9764666952752286)",2,95.5732675689108,29442
"(0.8278251862082572, 0.9736189431913116)",3,95.5731837287274,29445
"(0.9082051469489508, 0.9649122807017544)",1,95.57291325196068,29446
"(0.8475002808673183, 0.9861673414304992)",1,95.57288170597336,29447
"(0.987463247273494, 0.9958292603453894)",1,95.57276898746498,29448
"(0.9262130464282252, 0.9867922141511912)",1,95.57228430669184,29449
"(0.9491452991452992, 0.9571428571428572)",1,95.57228012494592,29450
"(0.3676298654932307, 0.9650450950662368)",1,95.57227636904643,29451
"(0.8137861130877186, 0.964269276237512)",1,95.5722457094953,29452
"(0.7583018074821354, 0.9599909979745442)",1,95.57206413286494,29453
"(0.95, 0.9538331745788698)",1,95.57197642064833,29454
"(0.7574146783449108, 0.9764666952752286)",1,95.57184704155436,29455
"(0.8391399552284038, 0.9650450950662368)",1,95.57166170198052,29456
"(0.7344692811916678, 1.0)",2,95.57152358065204,29458
"(0.9161952650324744, 0.9665831244778612)",2,95.57130363985696,29460
"(0.8202397467954842, 0.940930997520722)",3,95.57120012774874,29463
"(0.8899351179265945, 0.9646309224447688)",1,95.571061881989,29464
"(0.8887202421952387, 1.0)",1,95.57103700527853,29465
"(0.8951521235521236, 0.9609357631051972)",1,95.57095638203585,29466
"(0.8248508603719991, 0.9644491481508056)",1,95.57089206934714,29467
"(0.8997493734335841, 1.0)",1,95.57084982763408,29468
"(0.960851077856154, 0.9572437766315318)",1,95.5708403733434,29469
"(0.9372650231764934, 0.9790972342015986)",1,95.57081678547942,29470
"(0.8438719750195159, 0.954995499549955)",1,95.5703314111891,29471
"(0.8395301149279116, 0.9643944553313464)",1,95.57023731680664,29472
"(0.8248508603719991, 0.9572437766315318)",2,95.570224461834,29474
"(0.8894752290768013, 0.960851077856154)",1,95.57018583649038,29475
"(0.9017623122369548, 0.9645938855657314)",1,95.569968381297,29476
"(0.9165867390570612, 0.9536268754076972)",1,95.56994649272072,29477
"(0.8996408045977011, 0.9749910873440284)",2,95.56990394617468,29479
"(0.8229870141950848, 0.972281746031746)",1,95.56986938168754,29480
"(0.8307565789473685, 0.9601502499942144)",1,95.5697955640238,29481
"(0.8686559598432304, 0.964269276237512)",1,95.5697411719869,29482
"(0.9425645194066248, 0.960851077856154)",3,95.56953619211932,29485
"(0.9609357631051972, 0.9605654571878554)",4,95.56926051627346,29489
"(0.5529564209234128, 0.9528125324922884)",1,95.569134179644,29490
"(0.8334507869391591, 0.9643944553313464)",2,95.5690211318552,29492
"(0.9422394177612392, 0.9537330920118182)",1,95.56899682904252,29493
"(0.8801420274178757, 0.9643944553313464)",1,95.56886376211096,29494
"(0.9373666512059368, 0.9749910873440284)",1,95.56869126239322,29495
"(0.92008547008547, 0.9572437766315318)",1,95.56849050211552,29496
"(0.7820135271430143, 0.9643944553313464)",4,95.56841368920298,29500
"(0.7304951237809453, 0.9643944553313464)",1,95.56839524422134,29501
"(0.8829656107481818, 0.9779870235853187)",4,95.5683863386647,29505
"(0.9499687304565352, 0.9833229101521784)",1,95.5682417778402,29506
"(0.7943622269203664, 0.9764666952752286)",1,95.56823695865582,29507
"(0.8753086419753084, 0.9861310021084456)",1,95.56821677003283,29508
"(0.8547143556631046, 0.9604782992262008)",3,95.56814935762316,29511
"(0.6085487618529295, 0.9645985304336254)",2,95.56811782026018,29513
"(0.9156871035940805, 0.9650450950662368)",1,95.56809590820872,29514
"(0.8449106413122807, 0.964269276237512)",2,95.56803767208947,29516
"(0.9574285714285714, 0.9572437766315318)",1,95.56800511826374,29517
"(0.656307097369308, 0.9650076460904662)",1,95.56785868850648,29518
"(0.8726893261776982, 0.9764666952752286)",1,95.56782314988683,29519
"(0.960666032023912, 0.9607612022680516)",1,95.56759452532572,29520
"(0.9539272400433172, 0.950431439792024)",1,95.56750171361332,29521
"(0.8652443837747164, 0.9646309224447688)",3,95.56718945900076,29524
"(0.8967778972053937, 0.9764666952752286)",4,95.56717593791107,29528
"(0.7348436174331348, 0.972281746031746)",1,95.56715232095058,29529
"(0.7060994560994561, 1.0)",2,95.5670595622754,29531
"(0.8660545355265853, 0.9749910873440284)",1,95.56699069527356,29532
"(0.8307565789473685, 0.9690968282937898)",4,95.5669319234932,29536
"(0.7155555555555556, 1.0)",1,95.56678310991224,29537
"(0.9645238095238096, 0.9713574016563148)",1,95.5667208368227,29538
"(0.8274062797908469, 0.9779263059241357)",3,95.56666693381054,29541
"(0.9665831244778612, 1.0)",1,95.5666553835153,29542
"(0.8795903283708161, 0.9641028246291404)",1,95.56662535780802,29543
"(0.927109440267335, 0.9680383516315252)",1,95.56642836527924,29544
"(0.9020800849800285, 0.9575913511472004)",1,95.56628913823168,29545
"(0.8334507869391591, 0.9643944553313464)",1,95.56616083743778,29546
"(0.8933617810760668, 0.9610153569597296)",1,95.5660271627383,29547
"(0.7976364522417154, 0.9736842105263158)",2,95.5658119295135,29549
"(0.9833229101521784, 0.9833229101521784)",1,95.56576662413676,29550
"(0.9713569510454938, 0.9958292603453894)",1,95.5657462835836,29551
"(0.7946380416968652, 0.9754810598074356)",2,95.56566438443878,29553
"(0.9022759891180944, 0.972045976510262)",1,95.56549206349916,29554
"(0.8340166019865393, 0.9622598627787308)",1,95.5654755295734,29555
"(0.8349608011027915, 0.9690968282937898)",1,95.56542027976693,29556
"(0.874047619047619, 0.972045976510262)",1,95.56532488603824,29557
"(0.9497171590194846, 1.0)",2,95.56520858177024,29559
"(0.8920217788143652, 0.9706294922661146)",2,95.56461414358728,29561
"(0.8221762134805614, 0.972045976510262)",1,95.56458296712243,29562
"(0.9253213924599162, 0.9650076460904662)",1,95.5643528012302,29563
"(0.8996408045977011, 0.9749910873440284)",1,95.56425321645672,29564
"(0.9427148033126296, 0.9714285714285714)",1,95.56419346330888,29565
"(0.7479743867590829, 1.0)",2,95.56406066279396,29567
"(0.8951521235521236, 0.9609357631051972)",1,95.5639799508691,29568
"(0.8686559598432304, 0.9538370349708868)",1,95.56385171350016,29569
"(0.8894752290768013, 0.9644491481508056)",3,95.56384697151265,29572
"(0.9333044546043194, 0.9916585206907788)",1,95.5638428513676,29573
"(0.8472645812528676, 0.9572437766315318)",1,95.56353210352415,29574
"(0.917415489944373, 0.9665831244778612)",1,95.56353085949068,29575
"(0.927109440267335, 0.9716751084525852)",1,95.56349619126496,29576
"(0.957036102484472, 0.9610153569597296)",4,95.56339452728471,29580
"(0.8596618357487924, 0.972045976510262)",2,95.5633547045666,29582
"(0.949938674876724, 0.9599749843652282)",1,95.56311166007464,29583
"(0.9538331745788698, 0.9680383516315252)",1,95.56298018308902,29584
"(0.7866204373351484, 0.960851077856154)",2,95.56291595650266,29586
"(0.9498754528985508, 0.9572437766315318)",1,95.56280364349068,29587
"(0.944073617452092, 1.0)",1,95.5626261891866,29588
"(0.9017715617715616, 0.9861673414304992)",1,95.56261238303516,29589
"(0.9609357631051972, 0.9574285714285714)",1,95.56231098397248,29590
"(1.0, 1.0)",1,95.56190635750072,29591
"(0.8991833854219174, 0.95749335833724)",1,95.561888903943,29592
"(0.917955241105926, 0.9573389777809668)",3,95.56163960323435,29595
"(0.8561103441223091, 0.972045976510262)",1,95.56160259065835,29596
"(0.8846362470895226, 0.9641028246291404)",1,95.56148650505108,29597
"(0.9462256234379848, 0.9644491481508056)",1,95.56131815347356,29598
"(0.6911324786324786, 0.958109559613319)",1,95.56117008535864,29599
"(0.974772367065274, 0.9792521035784794)",1,95.56115874863804,29600
"(0.9422394177612392, 0.9602301158301156)",1,95.5609930895262,29601
"(0.929787607512726, 0.9549898727213622)",1,95.56077704990876,29602
"(0.8845244231527244, 0.9764666952752286)",1,95.56072237284806,29603
"(0.944073617452092, 1.0)",2,95.56059261500089,29605
"(0.7725182451236846, 0.9764666952752286)",1,95.56057985959627,29606
"(0.6813936996863826, 0.9861673414304992)",2,95.56046947989635,29608
"(0.8322510822510822, 0.972045976510262)",1,95.56043708198708,29609
"(0.9599749843652282, 0.9524997031231444)",2,95.5603769863407,29611
"(0.9641028246291404, 0.9602301158301156)",1,95.56022874658136,29612
"(0.8449106413122807, 0.964269276237512)",1,95.5601501095827,29613
"(0.7612209453612427, 0.964269276237512)",1,95.55992941894311,29614
"(0.9300671002153482, 1.0)",2,95.559870136391,29616
"(1.0, 1.0)",1,95.55983312370766,29617
"(0.8137107474568775, 0.9572437766315318)",1,95.55980919408218,29618
"(0.861111111111111, 1.0)",1,95.55972733158312,29619
"(0.8894752290768013, 0.960851077856154)",1,95.55963600529029,29620
"(0.6886904761904762, 1.0)",2,95.559500083589,29622
"(0.6969051878354204, 0.942217624820578)",2,95.55945186177878,29624
"(0.9165867390570612, 0.9609357631051972)",1,95.55918625680464,29625
"(0.906139053862014, 0.9540977572753596)",3,95.55912052364113,29628
"(0.9665831244778612, 1.0)",2,95.55905446357254,29630
"(0.779286067193676, 0.9749910873440284)",1,95.5589700591331,29631
"(0.861111111111111, 1.0)",1,95.5586033712908,29632
"(0.826804915514593, 0.9572437766315318)",3,95.55843167607628,29635
"(0.8141106354402753, 0.9646309224447688)",2,95.55833359763498,29637
"(0.8194074731341813, 0.9861673414304992)",1,95.55826774389804,29638
"(0.947035873779261, 0.967895529128406)",1,95.55823954952729,29639
"(0.7280701754385965, 0.9780434995701116)",1,95.5582147726396,29640
"(0.8148308968977662, 0.972281746031746)",1,95.55807100671905,29641
"(0.9641028246291404, 0.952999227799228)",1,95.55780765837292,29642
"(0.8570135149403443, 0.9572437766315318)",3,95.55777089380553,29645
"(0.8662655059929975, 0.9563334234338596)",1,95.557721090819,29646
"(0.7211566091954024, 0.9749910873440284)",1,95.55766662418932,29647
"(0.9460809481025116, 0.9644491481508056)",1,95.55762060103903,29648
"(0.9874762808349148, 0.9702049500151968)",2,95.5574492605828,29650
"(0.9388917411828462, 0.9571428571428572)",1,95.55743049546658,29651
"(0.8874735513743797, 0.964269276237512)",1,95.55739796968916,29652
"(0.9494594905410846, 0.9676485688615069)",1,95.55736276658392,29653
"(0.9665831244778612, 1.0)",1,95.55734048906947,29654
"(0.6326954876802936, 0.9861673414304992)",1,95.55717752792772,29655
"(0.9102539775554236, 0.974934640522876)",1,95.55712325965575,29656
"(0.92008547008547, 0.9572437766315318)",3,95.55665015142114,29659
"(0.9303901487133776, 0.9607612022680516)",1,95.55632629285756,29660
"(0.9538331745788698, 0.9501177394034536)",1,95.5562495248342,29661
"(0.8248508603719991, 0.9572437766315318)",1,95.55623797888458,29662
"(0.8596618357487924, 0.972045976510262)",2,95.55623331571891,29664
"(0.8468951683237397, 1.0)",1,95.5561087333812,29665
"(0.9326599326599326, 1.0)",2,95.55599495443452,29667
"(0.9369138996969484, 0.9832925076188832)",1,95.55599033440828,29668
"(0.957036102484472, 0.9539272400433172)",1,95.55594555512168,29669
"(0.945600047211127, 0.9539272400433172)",2,95.55591589810956,29671
"(0.7778533896115083, 0.9736189431913116)",1,95.55585643293622,29672
"(0.7608215527547845, 0.9646309224447688)",1,95.55576288327843,29673
"(0.9240756756756756, 0.9644491481508056)",1,95.55555697760508,29674
"(0.8652443837747164, 0.9646309224447688)",1,95.55510323693544,29675
"(0.9224996008939976, 0.9749910873440284)",2,95.554843690338,29677
"(0.583006022518984, 0.9648252575884156)",1,95.5548407199672,29678
"(0.95, 0.9680383516315252)",1,95.5548114670304,29679
"(0.7039428320692033, 0.9764666952752286)",1,95.55467785811597,29680
"(0.8702889400021048, 0.9572437766315318)",3,95.5546697816022,29683
"(0.931093393134094, 0.9573389777809668)",1,95.5546089190848,29684
"(0.7474747474747474, 0.9643944553313464)",1,95.55454065760452,29685
"(0.8947046219773493, 0.9650076460904662)",1,95.55453397271413,29686
"(0.9165867390570612, 0.9575126626788776)",1,95.55452933109446,29687
"(0.839627810315511, 0.9536268754076972)",1,95.55441237653416,29688
"(0.8456659619450317, 0.9764666952752286)",1,95.55434865496912,29689
"(0.6521663785997688, 0.9764666952752286)",1,95.55434836461976,29690
"(0.9459285785969274, 0.9609357631051972)",1,95.55433688591566,29691
"(0.3981075328134981, 0.9766816583571408)",1,95.55429368594716,29692
"(0.8715701474388204, 1.0)",1,95.55429079384804,29693
"(0.9502288074111276, 0.9571428571428572)",1,95.55428314726626,29694
"(0.9297029951545278, 0.9649991249781243)",1,95.55354426326744,29695
"(0.9645938855657314, 0.9572437766315318)",3,95.5533597650826,29698
"(0.88164537452478, 0.9609357631051972)",1,95.55305579193669,29699
"(0.6173922423091859, 0.9643944553313464)",1,95.55270895470773,29700
"(0.8843764852418178, 0.9643944553313464)",1,95.55263110365853,29701
"(0.6173922423091859, 0.9643944553313464)",2,95.55246766724086,29703
"(0.9860411258716344, 0.958109559613319)",2,95.55236720911849,29705
"(0.9233339198521971, 0.9609357631051972)",1,95.55211435325906,29706
"(0.9425645194066248, 0.9609357631051972)",1,95.55207167261808,29707
"(0.9490213526488036, 0.9749510283096622)",1,95.5520632137795,29708
"(0.9014293255242536, 0.9571428571428572)",3,95.55186083808488,29711
"(0.9003351064851267, 0.9494594905410846)",1,95.55173341864248,29712
"(0.8449106413122807, 0.964269276237512)",1,95.55161229124894,29713
"(0.9431186370412892, 0.960851077856154)",1,95.551510141634,29714
"(0.8964397027091824, 0.960851077856154)",4,95.55127203028373,29718
"(0.8491999910545297, 0.9699315573152584)",1,95.55122410639088,29719
"(0.9188863189008992, 0.9529751605618932)",1,95.5509237749021,29720
"(0.9160323884095494, 0.9607612022680516)",2,95.550661869124,29722
"(0.9466127311522048, 0.9824126287942077)",1,95.55041770536543,29723
"(0.9064143587480232, 0.9559144017084672)",1,95.550351157021,29724
"(0.97934925289764, 0.9958292603453894)",1,95.55006586635132,29725
"(0.9350193449813944, 0.9574285714285714)",1,95.55003542734076,29726
"(0.6444891298012474, 0.9861310021084456)",1,95.55002509116136,29727
"(0.8532712319083692, 0.9692608993981562)",3,95.55001720735336,29730
"(0.9572437766315318, 0.9680383516315252)",1,95.5498246073114,29731
"(0.9436368312757202, 0.972281746031746)",1,95.5498175998389,29732
"(0.9871616776282092, 0.9958292603453894)",1,95.54952927373532,29733
"(0.8708656432979902, 0.9574869803877438)",1,95.54948222474056,29734
"(0.90903917799718, 0.9535144014828052)",1,95.5493276849761,29735
"(0.8103667838961957, 0.932912106787064)",1,95.54920562515792,29736
"(0.9145814491005928, 0.9599959995999598)",1,95.54919557929058,29737
"(0.900983347688774, 0.9861673414304992)",1,95.54914711118197,29738
"(0.9574285714285714, 0.9715593185206444)",1,95.54911180438911,29739
"(0.9394971203231468, 0.9468391231269042)",2,95.54906853038864,29741
"(0.7728795985234955, 0.9604782992262008)",1,95.54905950476912,29742
"(0.7103786816269286, 0.9824126287942077)",2,95.54891652199989,29744
"(0.8552744708994707, 0.9861673414304992)",1,95.54879888013993,29745
"(0.7612209453612427, 0.964269276237512)",1,95.54847267519789,29746
"(0.9537330920118182, 0.9469408453036384)",1,95.54845325380528,29747
"(0.8563094906941128, 0.9692608993981562)",1,95.54822336379408,29748
"(0.6825396825396824, 1.0)",1,95.5479570938662,29749
"(0.8695762175838077, 0.9289986228605154)",1,95.54774370363168,29750
"(0.7060994560994561, 1.0)",1,95.5474469144926,29751
"(0.9450323339212228, 0.972045976510262)",2,95.54740701177704,29753
"(0.9007161410018553, 0.960851077856154)",3,95.54731202244623,29756
"(0.8131627957608075, 0.964269276237512)",1,95.54721894930348,29757
"(0.6983464132286942, 0.9529751605618932)",1,95.54713724357292,29758
"(0.9269284534248317, 0.9538370349708868)",1,95.54670778704448,29759
"(0.7525252525252526, 0.9599959995999598)",1,95.5465352999365,29760
"(0.843845350684385, 0.960851077856154)",1,95.54653507581357,29761
"(0.7304951237809453, 0.9643944553313464)",1,95.54644613539335,29762
"(0.8584175084175085, 0.9861673414304992)",1,95.54630584384932,29763
"(0.8334507869391591, 0.9643944553313464)",1,95.5462117946232,29764
"(0.8456659619450317, 0.9650450950662368)",1,95.54611969558049,29765
"(0.8456659619450317, 0.964269276237512)",1,95.54604705896068,29766
"(0.9269284534248317, 0.9538370349708868)",1,95.5460252999472,29767
"(0.7761555341771514, 0.9624885121068328)",1,95.54586443923613,29768
"(0.911234030893585, 0.9676485688615069)",2,95.54585971305993,29770
"(0.7340930674264007, 1.0)",1,95.5457664457714,29771
"(0.9187883397948668, 0.9571428571428572)",1,95.54556440766729,29772
"(0.9082051469489508, 0.9779870235853187)",4,95.54543299700435,29776
"(0.9017715617715616, 0.9861673414304992)",1,95.54543008379996,29777
"(0.9287396277192196, 0.946492548547343)",1,95.5451787820277,29778
"(0.9540153992631536, 0.9536268754076972)",5,95.54514269385012,29783
"(0.8098502304147466, 0.9749910873440284)",1,95.54509701383913,29784
"(0.8185482336956522, 0.9749910873440284)",1,95.54504950796462,29785
"(0.9532701550221768, 0.9537330920118182)",1,95.54495565210055,29786
"(0.8835857110930401, 0.988167361639188)",1,95.54494240865152,29787
"(0.9603476243044132, 0.9381466410380824)",1,95.5449178814471,29788
"(0.9474444882407044, 0.9649991249781243)",1,95.54477590286211,29789
"(0.9399739902831624, 0.9572437766315318)",2,95.54464180549398,29791
"(0.9331814008429188, 0.964269276237512)",1,95.5446267622868,29792
"(0.746304385688563, 0.986081059422206)",1,95.54455799364057,29793
"(0.8627397499800719, 0.9734731918335766)",8,95.54454669414186,29801
"(0.7277677677677677, 1.0)",1,95.54422661311702,29802
"(0.3987913031507923, 0.9682381539984916)",4,95.54403277735292,29806
"(0.8760238095238095, 0.9916585206907788)",1,95.54400200746244,29807
"(0.9539272400433172, 0.9572437766315318)",3,95.54387634338232,29810
"(0.8044914258149553, 0.9722222222222222)",1,95.5437811687952,29811
"(0.9628689175769612, 0.9749910873440284)",1,95.54367601694877,29812
"(0.8887940768066828, 0.964269276237512)",1,95.54354750405186,29813
"(0.927109440267335, 0.9712822597033124)",3,95.54354485472588,29816
"(0.9166145507608924, 1.0)",1,95.54334945745606,29817
"(0.869750601552687, 0.9572437766315318)",1,95.54334782782688,29818
"(0.7047619047619047, 0.9749910873440284)",1,95.54312542793018,29819
"(0.8871966240387292, 0.972420634920635)",1,95.5427654691896,29820
"(0.8579868984630887, 1.0)",1,95.5427367146305,29821
"(0.869254101161996, 0.9646309224447688)",3,95.54259468805944,29824
"(0.882673371045464, 1.0)",1,95.54254927271732,29825
"(0.6933160650937552, 0.9764666952752286)",1,95.54254088994678,29826
"(0.4269360269360269, 0.9861310021084456)",1,95.54244970578416,29827
"(0.8829656107481818, 0.9735486410250802)",1,95.5423247730185,29828
"(0.9466127311522048, 0.9779870235853187)",1,95.54226328662912,29829
"(0.9162596992611264, 0.972045976510262)",1,95.54224422897262,29830
"(0.9497439544807966, 0.960851077856154)",1,95.54222473517592,29831
"(0.9832965806068272, 0.9958292603453894)",1,95.5421248744258,29832
"(0.812418383596075, 0.9529751605618932)",1,95.54199886687746,29833
"(0.8703996834190741, 0.9560315719855194)",1,95.5419164881078,29834
"(0.833630878109023, 0.9574869803877438)",1,95.54163004395492,29835
"(0.6983464132286942, 0.9529751605618932)",2,95.54162114641476,29837
"(0.987491854024112, 0.9958292603453894)",3,95.54139864952548,29840
"(0.929936943248924, 0.96)",1,95.5413842734708,29841
"(0.8874735513743797, 0.964269276237512)",1,95.54135975310558,29842
"(0.9388917411828462, 0.9536268754076972)",1,95.541125715633,29843
"(0.917469251615593, 0.9665831244778612)",2,95.5409760732363,29845
"(0.8705607204518878, 0.9601502499942144)",1,95.54083732785884,29846
"(0.5145696010475885, 0.9861310021084456)",1,95.5404625034633,29847
"(0.5816693792141362, 0.95281045751634)",1,95.54002234580938,29848
"(0.9275802828069248, 0.9572437766315318)",1,95.53995860284988,29849
"(0.3636586849292732, 0.9716212069876484)",1,95.53980861606688,29850
"(0.9833229101521784, 1.0)",1,95.53947492959244,29851
"(0.8871966240387292, 0.972420634920635)",1,95.53940053452204,29852
"(0.929936943248924, 0.9624997656235352)",1,95.53939097969376,29853
"(0.8796475392220073, 1.0)",1,95.5393350525166,29854
"(0.8334507869391591, 0.9643944553313464)",1,95.53927428503772,29855
"(0.8753086419753084, 0.9861310021084456)",1,95.53909542164588,29856
"(0.8691891027106093, 0.9645938855657314)",1,95.5390520462444,29857
"(0.9388917411828462, 0.957036102484472)",1,95.53903646245166,29858
"(0.9399739902831624, 0.9572437766315318)",1,95.53900736411124,29859
"(0.7119388248146047, 1.0)",1,95.53893847330446,29860
"(0.9311507936507936, 0.9861673414304992)",2,95.5389128359694,29862
"(0.7119388248146047, 1.0)",1,95.53882959143128,29863
"(0.9145814491005928, 0.9499799919967988)",1,95.53881683990777,29864
"(0.8525073746312686, 0.95749335833724)",1,95.53879475110996,29865
"(0.8964397027091824, 0.9538331745788698)",1,95.53867473597934,29866
"(0.6933160650937552, 0.9764666952752286)",1,95.53825990017184,29867
"(0.869750601552687, 0.960851077856154)",2,95.53797294590188,29869
"(0.826804915514593, 0.9573389777809668)",3,95.53788864438046,29872
"(0.874450386215092, 0.972281746031746)",1,95.53781140678645,29873
"(0.9568045886851652, 0.9645238095238096)",1,95.5378083661802,29874
"(0.8306479779411763, 0.9749910873440284)",2,95.53780250458664,29876
"(0.9497171590194846, 0.9833229101521784)",1,95.53776511344336,29877
"(0.940074233084456, 0.9572437766315318)",1,95.53775659314763,29878
"(0.842200034135518, 0.95)",3,95.5375544957759,29881
"(0.9080024622960912, 0.9648252575884156)",1,95.53744901398768,29882
"(0.835848883169409, 0.988167361639188)",1,95.53726395065904,29883
"(0.9240756756756756, 0.9572437766315318)",3,95.53716665840912,29886
"(0.8930530569999261, 0.940930997520722)",1,95.53677768127795,29887
"(0.9313065637065638, 0.9575126626788776)",1,95.53660393850082,29888
"(0.5223113993157693, 0.973648468174362)",1,95.53648078265007,29889
"(0.8695762175838077, 0.9289986228605154)",3,95.53643381531812,29892
"(0.8845244231527244, 0.9538370349708868)",1,95.53589554149168,29893
"(0.9326599326599326, 1.0)",1,95.5358216526493,29894
"(0.9549819927971188, 0.9649991249781243)",1,95.53573409327556,29895
"(0.7968186015277428, 0.9779263059241357)",3,95.53571509582753,29898
"(0.7325800052772601, 0.9650450950662368)",2,95.53545719825328,29900
"(0.8916052423523688, 0.987463247273494)",1,95.53485444538283,29901
"(0.7999088007295942, 0.9766918866148322)",1,95.53432755978656,29902
"(0.8891350546176764, 0.9622598627787308)",1,95.5343262456289,29903
"(0.9388917411828462, 0.9463627709416984)",2,95.53429448776475,29905
"(0.919542746211962, 0.9573389777809668)",1,95.5341376828126,29906
"(0.8796475392220073, 1.0)",1,95.53403573207552,29907
"(0.9680383516315252, 0.9540977572753596)",1,95.53382374629768,29908
"(0.874047619047619, 0.958109559613319)",1,95.53374610027464,29909
"(0.9272595017275868, 0.9649991249781243)",1,95.53358795733952,29910
"(0.839627810315511, 0.9537330920118182)",1,95.53349541002883,29911
"(0.9369891588710956, 0.9749910873440284)",1,95.53340845412016,29912
"(0.8831024654485521, 0.9601502499942144)",1,95.5332828006394,29913
"(0.8848365568890763, 0.9643944553313464)",1,95.53327294104766,29914
"(0.8672602388063438, 0.95749335833724)",1,95.53312950322945,29915
"(0.8141106354402753, 0.9601502499942144)",3,95.5330542565028,29918
"(0.8374874819183264, 0.9764666952752286)",1,95.53296750065348,29919
"(0.950431439792024, 0.9571428571428572)",1,95.5328748365838,29920
"(0.958095238095238, 0.9958292603453894)",1,95.53278528034488,29921
"(0.583006022518984, 0.9692608993981562)",1,95.53277347309069,29922
"(0.8391399552284038, 0.9650450950662368)",1,95.5327197237458,29923
"(0.9494594905410846, 0.9602301158301156)",1,95.53265688624964,29924
"(0.8685314685314685, 0.9643944553313464)",1,95.53253849341574,29925
"(0.826804915514593, 0.960851077856154)",4,95.53249741796708,29929
"(0.837707400507675, 1.0)",1,95.53245004861304,29930
"(0.7431039136302294, 0.9749910873440284)",1,95.53223575859975,29931
"(0.9349739895958384, 0.9574997343733398)",1,95.53212701293766,29932
"(0.7836974395113928, 0.988167361639188)",1,95.53186577381088,29933
"(0.7048092218407489, 0.9650450950662368)",1,95.5317640296577,29934
"(0.8514626506510005, 0.9572437766315318)",1,95.53148303007836,29935
"(0.8176857647247633, 0.95749335833724)",1,95.53105541092364,29936
"(0.8058308902229048, 0.9779263059241357)",8,95.53086568357172,29944
"(0.8843764852418178, 0.9643944553313464)",1,95.53083648462726,29945
"(0.3408529104344701, 0.9722946786684102)",1,95.5306491417806,29946
"(0.9572437766315318, 0.9678176625650188)",1,95.53040422747712,29947
"(0.6911324786324786, 0.972045976510262)",1,95.53037545307288,29948
"(0.8158879904162925, 1.0)",1,95.53006216047432,29949
"(0.7447170736590969, 0.9824126287942077)",1,95.52975430074078,29950
"(0.8685314685314685, 0.9764666952752286)",1,95.52974838900934,29951
"(0.9002005347593582, 0.9622641509433963)",1,95.52960096003802,29952
"(0.9645938855657314, 0.960851077856154)",3,95.5295713951186,29955
"(0.8098502304147466, 0.9749910873440284)",1,95.5295249076843,29956
"(0.9641028246291404, 0.941687552213868)",1,95.52919613495716,29957
"(0.7976364522417154, 0.9557886530559612)",3,95.52896540405838,29960
"(0.9575913511472004, 0.9712822597033124)",2,95.52893096229216,29962
"(0.9833229101521784, 1.0)",1,95.52879094920124,29963
"(0.8344065656565657, 0.9861673414304992)",1,95.52878243659038,29964
"(0.8130477958637364, 0.9780434995701116)",1,95.52865081383698,29965
"(0.510124419309014, 0.9722893634794912)",1,95.52854923881868,29966
"(0.9188863189008992, 0.9650450950662368)",1,95.5285270021806,29967
"(0.9283935041407868, 0.9575126626788776)",1,95.5282801850573,29968
"(0.8534255683423739, 0.9690968282937898)",1,95.5281307446513,29969
"(0.6933160650937552, 0.9764666952752286)",1,95.52812258925184,29970
"(0.8336922162804515, 0.9916585206907788)",1,95.52787653721222,29971
"(0.9641028246291404, 0.9712822597033124)",6,95.52723909450732,29977
"(0.8153895365851999, 0.9643944553313464)",1,95.52711267663834,29978
"(0.8472645812528676, 0.9572437766315318)",1,95.52690478431067,29979
"(0.8736212624584717, 0.9643944553313464)",1,95.52685507381854,29980
"(0.9574784734771978, 0.9624978905063408)",1,95.52683463251871,29981
"(0.9643698138596096, 0.9641028246291404)",1,95.52671319140336,29982
"(0.9073492428586464, 0.9712822597033124)",2,95.52667731958628,29984
"(0.8308201058201059, 0.9861673414304992)",1,95.52666828705786,29985
"(0.8175446168757694, 0.9861673414304992)",1,95.52664073011528,29986
"(0.7866204373351484, 0.9572437766315318)",1,95.52657154084244,29987
"(0.7664480222619757, 0.9643944553313464)",1,95.5263502383249,29988
"(0.8173762627724085, 0.9624997656235352)",1,95.5262769590812,29989
"(0.6773879142300195, 0.9736842105263158)",1,95.52622364302876,29990
"(0.7109688804604058, 0.972281746031746)",2,95.52616814672416,29992
"(0.9497171590194846, 0.9833229101521784)",1,95.52614533255728,29993
"(0.8474214220323468, 0.95749335833724)",1,95.52590899776324,29994
"(0.9032855633136024, 0.9861673414304992)",1,95.52573242862088,29995
"(0.8010054664946871, 0.9861673414304992)",1,95.52547606732804,29996
"(0.8622520112492773, 0.9916339869281046)",1,95.52535450304671,29997
"(0.9466127311522048, 0.9691818330194464)",1,95.5252926183822,29998
"(0.9394971203231468, 0.9645938855657314)",1,95.5252621473997,29999
"(0.94291309888229, 0.9734731918335766)",1,95.5252558301879,30000
"(0.9403679612329746, 0.9790972342015986)",1,95.52490878130052,30001
"(0.842200034135518, 0.9714285714285714)",1,95.5248972164715,30002
"(0.9361428571428572, 0.9644491481508056)",1,95.52477950791052,30003
"(0.8795903283708161, 0.9531381014506703)",1,95.52476288583787,30004
"(0.8087623896023756, 0.9767441860465116)",1,95.52454466167715,30005
"(0.9350193449813944, 0.9537330920118182)",1,95.52452310529974,30006
"(0.8964397027091824, 0.9536268754076972)",2,95.5244416976082,30008
"(0.9720813204508856, 1.0)",1,95.52425458099718,30009
"(0.9250895679662802, 0.9572437766315318)",3,95.5240686615408,30012
"(0.9160264866799612, 0.9861673414304992)",1,95.52405421367963,30013
"(0.8178923727890101, 0.9556541264979026)",1,95.52390495275915,30014
"(0.6136133603238867, 0.9604782992262008)",3,95.52378210829842,30017
"(0.9238400660955778, 0.978621888315766)",1,95.52359725675294,30018
"(0.8523797616070684, 0.964269276237512)",1,95.52358414159396,30019
"(0.8208353559736048, 0.972045976510262)",1,95.52329800555876,30020
"(0.8224631915554647, 0.9528125324922884)",1,95.5232711709084,30021
"(0.593224625483241, 0.9824126287942077)",2,95.52325709248144,30023
"(0.8334750774705025, 0.9767441860465116)",1,95.52322661283264,30024
"(0.941687552213868, 0.9642857142857144)",3,95.52318935209615,30027
"(0.8581022152450725, 0.958109559613319)",1,95.5229783890247,30028
"(0.6981216457960644, 0.9650450950662368)",1,95.52296500822634,30029
"(0.5990872838163477, 0.9599959995999598)",1,95.52292061673349,30030
"(0.6809855026116619, 0.9749910873440284)",1,95.5228706152948,30031
"(0.8178923727890101, 0.9692608993981562)",5,95.52279821685808,30036
"(0.8459266053144301, 0.9749910873440284)",1,95.52272273336614,30037
"(0.3300110741971206, 0.9764666952752286)",1,95.52271889739752,30038
"(0.9502288074111276, 0.960851077856154)",1,95.52236398214755,30039
"(0.6515958472021928, 0.9937502637052502)",1,95.52231965429831,30040
"(0.3939892055021426, 0.974656338255761)",1,95.52223679458385,30041
"(0.8248508603719991, 0.9644491481508056)",3,95.52184319523498,30044
"(0.6651929689126802, 0.9648252575884156)",3,95.52176186279942,30047
"(0.8317601729721721, 0.9692608993981562)",1,95.52162313668912,30048
"(0.8523797616070684, 0.964269276237512)",1,95.52153980402636,30049
"(0.917955241105926, 0.9609357631051972)",1,95.52150760876268,30050
"(0.9331814008429188, 0.9418479305417444)",1,95.52146652789196,30051
"(0.8628741800834823, 0.964269276237512)",1,95.52136456238466,30052
"(0.9045708198051948, 0.9538331745788698)",1,95.52099131712971,30053
"(0.6911324786324786, 0.972045976510262)",2,95.52093951727316,30055
"(0.9322238948266346, 0.9610899532226684)",1,95.5208353716653,30056
"(0.8795903283708161, 0.9676485688615069)",1,95.52061917103372,30057
"(0.7325800052772601, 0.9650450950662368)",1,95.5205575256929,30058
"(0.8201767124753505, 0.9824126287942077)",1,95.52039625476615,30059
"(0.9157169990503324, 0.9861310021084456)",1,95.52007593015183,30060
"(0.3475588091206078, 0.975668120309284)",1,95.51982169164356,30061
"(0.8806608357628766, 0.9610153569597296)",1,95.51960617632992,30062
"(0.811951754385965, 0.9735486410250802)",2,95.51958918183962,30064
"(0.9012059369202228, 0.9749910873440284)",1,95.51955628870012,30065
"(1.0, 1.0)",2,95.51946924016652,30067
"(0.902192297684101, 0.9861310021084456)",2,95.51934065951107,30069
"(0.826908968957639, 0.960267350663444)",3,95.5193177769095,30072
"(0.9573389777809668, 0.9575126626788776)",1,95.51916132383712,30073
"(0.9460547122074636, 0.9705661658602835)",2,95.51902092249816,30075
"(0.8333192389006343, 0.988167361639188)",1,95.51895861750197,30076
"(0.8876281048778143, 0.9497439544807966)",1,95.5189513056012,30077
"(0.8495378883833893, 0.9958292603453894)",1,95.5187195179522,30078
"(0.8895939931776995, 0.9749910873440284)",1,95.51870634727426,30079
"(0.9469408453036384, 0.9610899532226684)",2,95.51868639768765,30081
"(0.8762860082304527, 1.0)",1,95.51863546141551,30082
"(0.7833537331701346, 0.9764666952752286)",1,95.51861076898916,30083
"(0.8148308968977662, 0.9861310021084456)",1,95.51848582709805,30084
"(0.8402876991030895, 0.9767441860465116)",1,95.51847851408762,30085
"(0.9574285714285714, 0.9644491481508056)",1,95.51834161514265,30086
"(0.6179693015417549, 1.0)",1,95.51829284097478,30087
"(0.9503333333333333, 0.9536268754076972)",1,95.51821408467396,30088
"(0.813515418166581, 0.9766918866148322)",1,95.51813400831414,30089
"(0.4042620013682356, 0.9824126287942077)",1,95.51803624720677,30090
"(0.9535144014828052, 0.9644491481508056)",1,95.51786686369476,30091
"(0.8224631915554647, 0.964269276237512)",1,95.51780396026602,30092
"(0.5187734941865547, 0.972281746031746)",1,95.51770585619126,30093
"(0.9309821833269412, 0.9766918866148322)",1,95.51768524514236,30094
"(0.8951521235521236, 0.9573389777809668)",1,95.51755568011504,30095
"(0.9422394177612392, 0.9571428571428572)",1,95.5175368066808,30096
"(0.9162596992611264, 0.972420634920635)",1,95.5175267797183,30097
"(0.7866204373351484, 0.9537330920118182)",1,95.51740912039163,30098
"(0.5053993577226708, 0.9705970814547686)",1,95.51730866843378,30099
"(0.9599959995999598, 0.955)",1,95.51728034118484,30100
"(0.5990872838163477, 0.9624885121068328)",1,95.51708688075502,30101
"(0.8769757374408538, 0.9656673832323628)",1,95.51701782263125,30102
"(0.9428571428571428, 0.9607612022680516)",1,95.51693423158189,30103
"(0.9004206187154333, 0.9648252575884156)",1,95.5168648307715,30104
"(0.957630187612848, 0.974863910036324)",1,95.5164193471232,30105
"(0.8221762134805614, 0.972045976510262)",2,95.51641034067046,30107
"(0.808446455505279, 1.0)",1,95.51640606556349,30108
"(0.7665484369555701, 0.9650076460904662)",1,95.51635137972048,30109
"(0.7472307467415887, 0.9530749354005168)",1,95.51631449731268,30110
"(0.8996392387758612, 0.9793747635794354)",1,95.51605475633689,30111
"(0.8148308968977662, 0.9722222222222222)",1,95.51597781444796,30112
"(0.6981216457960644, 0.9529751605618932)",1,95.51579091822822,30113
"(0.9833229101521784, 1.0)",1,95.51574779240926,30114
"(0.6544644252235129, 1.0)",1,95.5157355428559,30115
"(0.8165509259259259, 1.0)",1,95.5156425348026,30116
"(0.8402929495175517, 0.9779263059241357)",3,95.51537951851432,30119
"(0.9432380952380952, 0.9575126626788776)",1,95.5153322191106,30120
"(0.8451478848040399, 0.972045976510262)",2,95.51503867339156,30122
"(0.3905365287038095, 0.9783740828077154)",1,95.51501475491855,30123
"(0.8449106413122807, 0.964269276237512)",1,95.51476690799043,30124
"(0.8128441201209393, 0.964269276237512)",2,95.51465204841335,30126
"(0.925438675470188, 0.9749656593406592)",1,95.51454843171992,30127
"(0.7118798171565847, 0.964269276237512)",2,95.51449493930131,30129
"(0.8613150576270225, 0.9601502499942144)",3,95.51446016587714,30132
"(0.826804915514593, 0.9572437766315318)",1,95.51430980654068,30133
"(0.9460809481025116, 0.9572437766315318)",3,95.51410254942463,30136
"(0.9230627959463646, 0.9565481696841548)",1,95.513940463479,30137
"(0.903907191101469, 0.9680383516315252)",1,95.51358747595616,30138
"(0.8425483191745751, 0.988167361639188)",1,95.51344188808062,30139
"(0.8535870458655268, 0.9572437766315318)",3,95.51328539028329,30142
"(0.8130477958637364, 0.9649122807017544)",1,95.5131885233962,30143
"(0.8597791061504694, 0.957036102484472)",1,95.51299009311325,30144
"(0.8880748880748881, 0.972281746031746)",1,95.51286888646428,30145
"(0.7084717607973421, 0.9764666952752286)",1,95.5128576038286,30146
"(0.9373666512059368, 0.9749910873440284)",1,95.51285417814894,30147
"(0.6526770767943084, 0.9861673414304992)",2,95.51251986033316,30149
"(0.9165867390570612, 0.9501177394034536)",1,95.51251601936632,30150
"(0.838301471154743, 0.972045976510262)",1,95.51244475039049,30151
"(0.893939393939394, 0.9549988749718742)",1,95.51239575376418,30152
"(0.7323695788812067, 0.988167361639188)",1,95.5122531508376,30153
"(0.9599749843652282, 0.9599959995999598)",1,95.51219284713127,30154
"(0.8131627957608075, 0.964269276237512)",2,95.51205141860352,30156
"(0.9347674066329982, 0.9958292603453894)",1,95.51202986625488,30157
"(0.917469251615593, 1.0)",1,95.51188184294686,30158
"(0.7340930674264006, 1.0)",1,95.5117990734376,30159
"(0.869750601552687, 0.9572437766315318)",1,95.51175813212342,30160
"(0.9549718574108818, 0.9649991249781243)",1,95.51159081988249,30161
"(0.8753086419753084, 0.9861310021084456)",1,95.5114694897129,30162
"(0.9192093318943212, 0.9882048106149588)",2,95.51141914834542,30164
"(0.9503122778456484, 0.9834358767945108)",1,95.5113766645462,30165
"(0.7707647794714906, 0.9690057499955)",3,95.51115767676347,30168
"(0.8525073746312686, 0.95749335833724)",1,95.51112470951963,30169
"(0.798857609139127, 0.964269276237512)",2,95.51103921736691,30171
"(0.757745166550198, 1.0)",1,95.51099834545954,30172
"(0.5315840982557501, 0.976347981804149)",1,95.51089655439564,30173
"(0.911021218587008, 0.9691818330194464)",3,95.51075155365044,30176
"(0.8514626506510005, 0.960851077856154)",1,95.51061819085064,30177
"(0.7340930674264006, 1.0)",1,95.5105887686844,30178
"(0.6364654667574965, 0.9774990153234429)",1,95.51048780158386,30179
"(0.902633568047102, 0.972045976510262)",1,95.51036792331604,30180
"(0.8517690928240017, 0.9643944553313464)",1,95.51034832664176,30181
"(0.8996408045977011, 0.9622598627787308)",1,95.51019118827142,30182
"(0.8867361313822293, 0.9833251873574456)",1,95.5101478143724,30183
"(0.7709171448706333, 0.964269276237512)",1,95.51007725448083,30184
"(0.8694846606452272, 0.9690968282937898)",1,95.50924033363302,30185
"(0.8098502304147466, 0.9749910873440284)",2,95.509227062564,30187
"(0.7304951237809453, 0.9643944553313464)",1,95.50906869126833,30188
"(0.826804915514593, 0.9645238095238096)",1,95.50902141453382,30189
"(0.9572437766315318, 0.9609357631051972)",1,95.50890736511626,30190
"(0.9474602668267876, 0.9574997343733398)",1,95.50884001514189,30191
"(0.8972301136363636, 0.9572437766315318)",1,95.50864942120282,30192
"(0.8691891027106093, 0.9572437766315318)",1,95.5085184985686,30193
"(0.7440767664806348, 0.964269276237512)",1,95.508465762508,30194
"(0.826804915514593, 0.9537330920118182)",1,95.50841207435128,30195
"(0.6911324786324786, 0.972045976510262)",2,95.50839520168644,30197
"(0.8686559598432304, 0.9538370349708868)",1,95.50837261855206,30198
"(0.8579868984630887, 1.0)",2,95.50837050072316,30200
"(0.5187734941865547, 0.9861310021084456)",1,95.50832999327548,30201
"(0.8139597215036807, 1.0)",1,95.5081123386974,30202
"(0.8456272791248162, 0.9607612022680516)",3,95.50807332313066,30205
"(0.9045708198051948, 0.9574285714285714)",1,95.5080318389725,30206
"(0.9145814491005928, 0.9299982499562488)",1,95.5078844105488,30207
"(0.9235929095176316, 0.9540977572753596)",1,95.50788033045666,30208
"(0.9399739902831624, 0.9644491481508056)",1,95.5078053171498,30209
"(0.9297564829445116, 0.9642857142857144)",1,95.50779883163474,30210
"(0.6003561059603759, 0.9538370349708868)",1,95.50778285833104,30211
"(0.8890123456790123, 0.9861310021084456)",1,95.50759885851528,30212
"(0.6698155645524068, 0.9665831244778612)",1,95.50758900217129,30213
"(0.8103667838961957, 0.9572437766315318)",1,95.50738659216736,30214
"(0.8813457860512559, 0.9832925076188832)",1,95.50735692737533,30215
"(0.882673371045464, 1.0)",1,95.50704247969132,30216
"(0.7374768177381903, 0.969334154098697)",1,95.50702792741892,30217
"(0.9432380952380952, 0.9575913511472004)",1,95.50681102196263,30218
"(0.8993301094022514, 0.9366844919786096)",1,95.50667182225985,30219
"(0.9029281534808432, 0.9861673414304992)",1,95.50654325714495,30220
"(0.7833537331701346, 0.9764666952752286)",2,95.50624774538925,30222
"(0.6947170805612278, 0.9690968282937898)",3,95.5062078076463,30225
"(0.7340930674264006, 1.0)",1,95.50596003856256,30226
"(0.8801420274178757, 0.9522870228046522)",1,95.50580580076854,30227
"(0.7545918011034292, 0.9650450950662368)",2,95.50575029703644,30229
"(0.8194074731341813, 0.9861673414304992)",1,95.50571756022896,30230
"(0.9087309077569532, 0.9622598627787308)",1,95.50540332183684,30231
"(0.8627397499800719, 0.9779870235853187)",4,95.50505559882724,30235
"(0.9238400660955778, 0.9750870495448254)",1,95.50503036274598,30236
"(0.8365328658269835, 0.9916585206907788)",1,95.50479049237188,30237
"(0.9017715617715616, 0.9861673414304992)",1,95.5045399044547,30238
"(0.8708656432979902, 0.9574869803877438)",1,95.50430684147516,30239
"(0.7323695788812067, 0.988167361639188)",2,95.50406629061573,30241
"(0.922324745206372, 0.954995499549955)",1,95.50393367785487,30242
"(0.8395301149279116, 0.9643944553313464)",1,95.50387709105532,30243
"(0.7943622269203664, 0.9764666952752286)",1,95.50368242954224,30244
"(0.549813159936279, 0.976761412575366)",1,95.50364606597716,30245
"(0.9235929095176316, 0.950608853052493)",1,95.5035576271951,30246
"(0.7474747474747474, 0.9643944553313464)",1,95.50346418696697,30247
"(0.8098502304147466, 0.9749910873440284)",1,95.503215497532,30248
"(0.9431186370412892, 0.9644491481508056)",1,95.5028592576752,30249
"(0.9665831244778612, 0.9833229101521784)",2,95.50266890817274,30251
"(0.9153439153439152, 1.0)",1,95.50261695521388,30252
"(0.9642857142857144, 0.9605654571878554)",3,95.5024905785389,30255
"(0.842200034135518, 0.9536268754076972)",1,95.50247784193026,30256
"(0.9170904871819552, 0.9610899532226684)",2,95.50241397042774,30258
"(0.8898894074675324, 0.9501177394034536)",1,95.5022889267962,30259
"(0.549813159936279, 0.9650450950662368)",1,95.5022646515249,30260
"(0.917283950617284, 0.9861673414304992)",1,95.50215464527987,30261
"(0.8876281048778143, 0.9607612022680516)",1,95.50205787367877,30262
"(0.9247282499890715, 0.9557886530559612)",1,95.5018628320228,30263
"(0.8916138279602192, 0.9641028246291404)",1,95.50153430028224,30264
"(0.9571428571428572, 0.960851077856154)",1,95.5014831791332,30265
"(0.9288982963016116, 0.9715593185206444)",1,95.50136488765445,30266
"(0.9538331745788698, 0.9607612022680516)",1,95.50126303462416,30267
"(0.6423563565219435, 0.9604782992262008)",3,95.50110624308374,30270
"(0.8835857110930401, 0.9764666952752286)",1,95.5009361874287,30271
"(0.7976364522417154, 0.9736842105263158)",1,95.50089014384848,30272
"(0.8340799485585682, 0.9764666952752286)",1,95.50087342220944,30273
"(0.9665831244778612, 1.0)",1,95.50065679345914,30274
"(0.6013560288779866, 0.9762504082037629)",1,95.50064755631252,30275
"(0.8876473063973064, 0.9861673414304992)",1,95.50043545571609,30276
"(0.8846362470895226, 0.9463627709416984)",1,95.50043135968804,30277
"(0.922324745206372, 0.9599959995999598)",1,95.50036695306063,30278
"(0.5717959790198108, 0.9743121246246244)",1,95.5002134701084,30279
"(0.8868677229932935, 0.960267350663444)",1,95.5001457036332,30280
"(0.8596618357487924, 0.972045976510262)",1,95.4999979773344,30281
"(0.960666032023912, 0.9428571428571428)",1,95.49996546200742,30282
"(0.9026714414744694, 0.9539272400433172)",1,95.49996030941332,30283
"(0.9303715638302106, 1.0)",1,95.49990506838584,30284
"(0.9665831244778612, 1.0)",1,95.49969126532224,30285
"(0.8003236732894304, 0.960851077856154)",1,95.49939500510231,30286
"(0.9238400660955778, 0.9645938855657314)",1,95.49935825591524,30287
"(0.9450323339212228, 0.972045976510262)",1,95.49931391691298,30288
"(0.8131546784916719, 0.95749335833724)",1,95.49927195875571,30289
"(0.8490208544183524, 0.972281746031746)",1,95.4990166721468,30290
"(0.900838851006521, 0.921801165158697)",1,95.49894107655838,30291
"(0.8959020234471636, 0.9604782992262008)",1,95.49886913694368,30292
"(0.917469251615593, 1.0)",1,95.49865687614916,30293
"(0.835848883169409, 0.951578401747332)",1,95.49854992907208,30294
"(0.9427148033126296, 0.9716190476190476)",1,95.49853032125584,30295
"(0.9566795633209296, 0.9641028246291404)",6,95.49848618626592,30301
"(0.6518518518518519, 0.9650450950662368)",1,95.49826898472712,30302
"(0.8311329582337986, 0.972045976510262)",1,95.49802679341026,30303
"(0.8490208544183524, 0.972281746031746)",1,95.4978759555352,30304
"(0.861957198953386, 0.9764666952752286)",1,95.49780060443057,30305
"(0.775651722678174, 0.9764666952752286)",1,95.49766262473568,30306
"(0.8867361313822293, 0.9916585206907788)",1,95.49765473201708,30307
"(0.9645938855657314, 0.960851077856154)",1,95.49762419000815,30308
"(0.9008627640703112, 1.0)",2,95.49762038840169,30310
"(0.8932254623044097, 0.9736842105263158)",1,95.49750793219656,30311
"(0.9318857896881138, 0.9503333333333333)",1,95.49743548332172,30312
"(0.8365328658269835, 0.9876066164491212)",1,95.49743402889578,30313
"(0.9165867390570612, 0.9572437766315318)",6,95.49728501771736,30319
"(0.8148308968977662, 0.972281746031746)",1,95.49725756744202,30320
"(0.8472645812528676, 0.95)",1,95.4971622678068,30321
"(0.8318290279074593, 0.9861673414304992)",1,95.49715549882158,30322
"(0.88164537452478, 0.960851077856154)",3,95.4970823249536,30325
"(0.9459285785969274, 0.9538331745788698)",1,95.49707526121412,30326
"(0.9764666952752286, 0.9643944553313464)",2,95.49704192987312,30328
"(0.9026337658413128, 0.9861673414304992)",1,95.4970218865066,30329
"(0.7935498742420971, 0.9690057499955)",3,95.49694512469428,30332
"(0.8474214220323468, 0.9574869803877438)",1,95.49681897446756,30333
"(0.9491452991452992, 0.9716190476190476)",2,95.49666822084356,30335
"(0.549813159936279, 0.9529751605618932)",1,95.49651603760802,30336
"(0.9431186370412892, 0.9572437766315318)",6,95.4964179978332,30342
"(0.6880076348278104, 0.9691818330194464)",1,95.49639030925924,30343
"(0.9459285785969274, 0.9574285714285714)",1,95.49608022513117,30344
"(0.9833211143695014, 0.9876106894370652)",1,95.49606979919392,30345
"(0.7708796965987909, 0.972420634920635)",1,95.49603312195244,30346
"(0.7678405315614618, 0.9764666952752286)",2,95.49594846153596,30348
"(0.8766640111271459, 0.960851077856154)",1,95.49586825818142,30349
"(0.869750601552687, 0.960851077856154)",1,95.4956926224808,30350
"(0.8715701474388204, 0.972045976510262)",2,95.49561406101988,30352
"(0.7109688804604058, 0.972281746031746)",1,95.49546807242488,30353
"(0.8586125966511082, 0.9746607652949582)",2,95.49546265596788,30355
"(0.846098299557419, 0.9861673414304992)",1,95.4953781553722,30356
"(0.8495378883833893, 0.9916585206907788)",1,95.495252294733,30357
"(0.8874735513743797, 0.964269276237512)",2,95.49520770147764,30359
"(0.6936817460684196, 0.9646309224447688)",1,95.49508445616462,30360
"(0.8702889400021048, 0.960851077856154)",3,95.49502213186402,30363
"(0.8201767124753505, 0.9563334234338596)",1,95.49500011403995,30364
"(0.8804215399610136, 0.9736842105263158)",1,95.49495217050024,30365
"(0.8166003784222112, 0.9648252575884156)",1,95.49477552588934,30366
"(0.9502288074111276, 0.946492548547343)",1,95.49469643773648,30367
"(0.7962102115226081, 0.9766918866148322)",1,95.494582051164,30368
"(0.8130477958637364, 0.9648252575884156)",1,95.49405251775588,30369
"(0.6415148305084746, 0.9495058714870036)",1,95.49403590930224,30370
"(0.9098759089802734, 0.9749510283096622)",1,95.4939935119518,30371
"(0.8016677935542034, 1.0)",1,95.49395828207224,30372
"(0.7678405315614618, 0.9764666952752286)",1,95.49389760758484,30373
"(0.9715593185206444, 0.9571428571428572)",1,95.49378360446651,30374
"(0.9540153992631536, 0.9678176625650188)",1,95.49364647121152,30375
"(0.9189485013229876, 0.9716190476190476)",2,95.493619484491,30377
"(0.8108021513875538, 0.964731521366774)",1,95.49346083100828,30378
"(0.9008025849489264, 1.0)",1,95.4927149135021,30379
"(0.9459285785969274, 0.9573389777809668)",1,95.49239837539768,30380
"(0.8177442148030384, 1.0)",1,95.4923359685825,30381
"(0.9860411258716344, 0.972045976510262)",1,95.492162808587,30382
"(0.9208084125894694, 0.9575913511472004)",1,95.49203845678572,30383
"(0.8128441201209393, 0.964269276237512)",2,95.4917385609229,30385
"(0.7118798171565847, 0.964269276237512)",2,95.49158145181087,30387
"(0.852417321342681, 0.9648252575884156)",3,95.491554403112,30390
"(0.9540153992631536, 0.9459285785969274)",1,95.49155247735072,30391
"(0.8619291086321716, 0.9861310021084456)",1,95.49148613170554,30392
"(0.5070372093557577, 0.972281746031746)",2,95.49109551477544,30394
"(0.8561103441223091, 0.972045976510262)",2,95.49108088719662,30396
"(0.9599959995999598, 0.94)",1,95.49101259430378,30397
"(0.7930780217019975, 0.9690968282937898)",1,95.49090861348972,30398
"(0.3686966747214257, 0.980740664389692)",1,95.4908580686748,30399
"(0.9164652836623464, 1.0)",2,95.4907855722526,30401
"(0.8258152104305951, 0.9624997656235352)",1,95.49070336037045,30402
"(0.8103292776312431, 0.9574285714285714)",1,95.49056480361192,30403
"(0.354927677182248, 0.9766852368848412)",1,95.49000736141318,30404
"(1.0, 1.0)",1,95.48987048973387,30405
"(0.6432772815188069, 0.972045976510262)",1,95.48985912182908,30406
"(0.5218438528010998, 1.0)",1,95.489852247016,30407
"(0.8374727668845315, 1.0)",1,95.48979989358038,30408
"(0.826804915514593, 0.9609357631051972)",1,95.48978575717372,30409
"(0.9014293255242536, 0.950431439792024)",1,95.48960431914271,30410
"(0.8333192389006343, 0.9766918866148322)",1,95.489530008534,30411
"(0.8340799485585682, 0.9764666952752286)",1,95.48945182200043,30412
"(0.9399739902831624, 0.9573389777809668)",1,95.48940070985384,30413
"(0.8592657752039796, 0.972045976510262)",2,95.48936653194032,30415
"(0.593224625483241, 0.9780434995701116)",1,95.48928003281266,30416
"(0.8098502304147466, 0.9749910873440284)",1,95.48889006437426,30417
"(0.7474747474747474, 0.9643944553313464)",1,95.4886517890879,30418
"(0.6707941587931741, 0.9736485764662176)",1,95.48843417869392,30419
"(0.9148957472904308, 0.9599909979745442)",1,95.48824963675476,30420
"(0.7976364522417154, 0.969334154098697)",1,95.48823695476123,30421
"(0.7965746171391332, 1.0)",2,95.48823694354653,30423
"(0.8774072892625049, 0.9624997656235352)",2,95.48811164746904,30425
"(0.8883034087952121, 0.9581458989353726)",1,95.4880224543342,30426
"(0.9539751547184644, 0.9748802746905214)",1,95.48796156196218,30427
"(0.8525073746312686, 0.9574869803877438)",1,95.4879254774835,30428
"(0.8111858543148185, 0.964269276237512)",1,95.48786330859856,30429
"(0.8810064268049709, 0.9735486410250802)",1,95.48779411924244,30430
"(0.7833537331701346, 0.9764666952752286)",1,95.4875521505715,30431
"(0.9318857896881138, 0.9498754528985508)",1,95.48721728704945,30432
"(0.6361158710730316, 0.9764666952752286)",1,95.48714977850015,30433
"(0.9528533742496432, 0.9566795633209296)",1,95.48712047163664,30434
"(0.8874735513743797, 0.964269276237512)",1,95.4869587531382,30435
"(0.9227792207792208, 0.9715593185206444)",2,95.48680562678476,30437
"(0.7577353522053982, 0.9624885121068328)",1,95.486793557135,30438
"(0.9373586654890096, 0.9599989999749994)",1,95.48654373254224,30439
"(0.798857609139127, 0.964269276237512)",1,95.48646867654163,30440
"(0.9003351064851267, 0.9677353740627908)",1,95.48646603513552,30441
"(0.8472645812528676, 0.9572437766315318)",1,95.48642013990776,30442
"(0.911911525974026, 0.9535144014828052)",1,95.48634573308236,30443
"(0.9599959995999598, 0.9449944994499452)",1,95.48625962334688,30444
"(0.7280701754385965, 0.9824126287942077)",1,95.48614052105208,30445
"(0.8669543634004626, 0.9690968282937898)",3,95.48613930280224,30448
"(0.8843764852418178, 0.9643944553313464)",1,95.48612796722465,30449
"(0.865581803207783, 0.9519169817351648)",1,95.4861165450557,30450
"(0.9161952650324744, 1.0)",1,95.485692685534,30451
"(0.9388917411828462, 0.9715593185206444)",1,95.48558216197809,30452
"(0.9394971203231468, 0.9575126626788776)",1,95.48552301106604,30453
"(0.9224996008939976, 0.9749910873440284)",1,95.48548593754516,30454
"(0.9396279975262144, 0.960851077856154)",3,95.48545824019592,30457
"(0.7602379596828609, 0.9749910873440284)",1,95.4854051436404,30458
"(0.8523797616070684, 0.964269276237512)",1,95.4853661460528,30459
"(0.5695633155937887, 0.9534883720930232)",1,95.4852554653156,30460
"(0.8937718863178524, 0.963037961979476)",1,95.48518728862112,30461
"(0.9462256234379848, 0.9536268754076972)",1,95.48499690479188,30462
"(0.94291309888229, 0.9736842105263158)",1,95.48490237609585,30463
"(0.8428883536673643, 0.9690968282937898)",1,95.48460684257324,30464
"(0.9308697752778572, 0.960666032023912)",1,95.4845794472752,30465
"(0.9450323339212228, 0.9861310021084456)",1,95.48450193605588,30466
"(0.8472645812528676, 0.960851077856154)",1,95.48441826617106,30467
"(0.9469408453036384, 0.9575126626788776)",1,95.48426535420636,30468
"(0.5187734941865547, 0.972281746031746)",1,95.48419460095862,30469
"(0.9497439544807966, 0.9610153569597296)",4,95.48413910536954,30473
"(0.8456659619450317, 0.9764666952752286)",1,95.48398398508732,30474
"(0.7027263407347917, 0.9691818330194464)",1,95.48390270974876,30475
"(0.9575126626788776, 0.9680383516315252)",6,95.48380508542915,30481
"(0.8317601729721721, 0.9691818330194464)",1,95.48371570361192,30482
"(0.8477957771158952, 0.9702701888334956)",1,95.48362399683316,30483
"(0.549813159936279, 0.9650450950662368)",1,95.48305616222592,30484
"(0.7002945207922506, 0.9606593486924077)",2,95.48297018844949,30486
"(0.5994410151073721, 0.974660620473527)",1,95.48289142459764,30487
"(0.9498370804822418, 0.9579731768663916)",1,95.48289139724864,30488
"(0.5053993577226708, 0.976008000215454)",1,95.48287651708593,30489
"(0.7434518366201162, 0.9779263059241357)",3,95.48282833362728,30492
"(0.9297564829445116, 0.9609357631051972)",1,95.48279950140667,30493
"(0.4737094237094237, 0.9861673414304992)",2,95.48252712797128,30495
"(0.8656512412692597, 0.9767441860465116)",1,95.4823095605594,30496
"(0.9647058823529412, 0.95281045751634)",1,95.48214805442124,30497
"(0.8806608357628766, 0.9572437766315318)",1,95.48211822510896,30498
"(0.9665831244778612, 1.0)",1,95.4821121575182,30499
"(0.9259740526337398, 0.9493061979648474)",1,95.48203491901788,30500
"(0.9503333333333333, 0.9643698138596096)",3,95.48188490227204,30503
"(0.7118798171565847, 0.9758777250199286)",1,95.4816879779844,30504
"(1.0, 1.0)",1,95.48164639565329,30505
"(0.9350193449813944, 0.960851077856154)",3,95.48152726140653,30508
"(0.9641028246291404, 0.9601067012881596)",1,95.48150613767676,30509
"(0.7372334455667788, 1.0)",1,95.48149703333412,30510
"(0.9603476243044132, 0.9607612022680516)",1,95.48129719082856,30511
"(0.9165867390570612, 0.9575913511472004)",1,95.48128141273706,30512
"(0.9348370927318296, 0.9574997343733398)",1,95.48122351618105,30513
"(0.9240041208791208, 0.9749910873440284)",1,95.48122223767096,30514
"(0.8395301149279116, 0.9764666952752286)",1,95.48095429785172,30515
"(0.8153895365851999, 0.9643944553313464)",1,95.48091532968056,30516
"(0.8379987406578985, 0.9650450950662368)",1,95.48078834627758,30517
"(0.9300655321826798, 0.971621543886696)",1,95.48055233408928,30518
"(0.9677353740627908, 0.9676485688615069)",1,95.48043674530078,30519
"(0.9249732620320856, 0.9749910873440284)",1,95.48037365871,30520
"(0.9301209372637944, 0.9861310021084456)",1,95.4803327212034,30521
"(0.90903917799718, 0.9644491481508056)",1,95.48011649126208,30522
"(0.9860411258716344, 0.972045976510262)",1,95.47995936392692,30523
"(0.9361428571428572, 0.9644491481508056)",1,95.47942991832537,30524
"(0.9233339198521971, 0.960851077856154)",1,95.47936057830078,30525
"(0.8685314685314685, 0.9643944553313464)",1,95.47929972397728,30526
"(0.922324745206372, 0.9624810060092922)",1,95.47916265419342,30527
"(0.8730304179305696, 0.9539707149009474)",1,95.47896474934043,30528
"(0.549813159936279, 0.9650450950662368)",2,95.47888383955666,30530
"(0.861957198953386, 0.9650076460904662)",1,95.47871651963057,30531
"(0.9235929095176316, 0.9575126626788776)",1,95.47861229085898,30532
"(0.9388917411828462, 0.9539272400433172)",1,95.47856939874367,30533
"(0.8883678678403513, 0.972252530763169)",1,95.47841363873812,30534
"(0.852, 0.9749910873440284)",2,95.47836719598156,30536
"(0.8996408045977011, 0.9749910873440284)",2,95.47828465515668,30538
"(0.9238400660955778, 0.9714285714285714)",1,95.4782520582232,30539
"(0.9572437766315318, 0.967895529128406)",1,95.47824948821358,30540
"(0.8066487122350412, 0.9650450950662368)",1,95.47819041716195,30541
"(0.8600428777729004, 0.9599909979745442)",1,95.4781449379323,30542
"(0.4890240875451667, 0.9716203906179974)",1,95.4780994376616,30543
"(0.9235929095176316, 0.9572437766315318)",2,95.47808471213668,30545
"(0.9223799456357596, 0.9764666952752286)",1,95.47807705846414,30546
"(0.7440767664806348, 0.964269276237512)",1,95.47803138805702,30547
"(0.9238400660955778, 0.9575126626788776)",3,95.47802055813244,30550
"(0.9287396277192196, 0.960851077856154)",6,95.4780071455756,30556
"(0.9469408453036384, 0.9540977572753596)",2,95.47756247207468,30558
"(0.7707669475804315, 0.9646309224447688)",3,95.47756001346067,30561
"(0.8258470464352816, 0.960851077856154)",4,95.47741909113483,30565
"(0.8455704732698088, 0.972281746031746)",1,95.4773016203637,30566
"(0.9640038239043044, 0.9677353740627908)",1,95.4771626835491,30567
"(0.826804915514593, 0.960851077856154)",3,95.47700468182296,30570
"(0.8141106354402753, 0.9646309224447688)",1,95.4769901301791,30571
"(0.9429917021753756, 0.9565481696841548)",1,95.47690370433752,30572
"(0.6085487618529295, 0.9767441860465116)",1,95.4768813143673,30573
"(0.7707647794714906, 0.9690968282937898)",8,95.47671088251968,30581
"(0.943455134862934, 0.9572437766315318)",1,95.47663018386248,30582
"(0.9445235834124724, 1.0)",1,95.47650947974113,30583
"(0.8972301136363636, 0.9572437766315318)",1,95.47622429411966,30584
"(0.8937533848783131, 0.9576647311878512)",1,95.47612151416668,30585
"(0.6813936996863826, 0.9861673414304992)",1,95.47607041843268,30586
"(0.9469408453036384, 0.9540153992631536)",3,95.47598902339948,30589
"(0.940074233084456, 0.960851077856154)",1,95.47594843156696,30590
"(0.947035873779261, 0.9678176625650188)",1,95.4755983673002,30591
"(0.9388917411828462, 0.960851077856154)",1,95.47554423895924,30592
"(0.8404355452872972, 0.972045976510262)",2,95.47535348702836,30594
"(0.7725314087142476, 0.9643944553313464)",1,95.47516603516657,30595
"(0.9496114574862204, 0.961863734885611)",1,95.47486267366452,30596
"(0.9007161410018553, 0.960851077856154)",3,95.47474928025684,30599
"(0.8874735513743797, 0.964269276237512)",1,95.4745983957263,30600
"(0.7280584513944579, 0.9861673414304992)",2,95.4745838966009,30602
"(0.9093334120185448, 0.9540153992631536)",1,95.47457927132182,30603
"(0.960851077856154, 0.9607612022680516)",1,95.47417869387198,30604
"(0.8166003784222112, 0.960376642453574)",1,95.4738175103942,30605
"(0.7447170736590969, 0.9780434995701116)",1,95.47381308951348,30606
"(0.9431186370412892, 0.9571428571428572)",1,95.47369200041452,30607
"(0.8108021513875538, 0.9604782992262008)",2,95.47360539025706,30609
"(0.8855699370755157, 0.9609357631051972)",2,95.47344121904676,30611
"(0.6583271386230533, 0.9762483294908368)",1,95.47342776457424,30612
"(0.8483418730488175, 0.9657230557540156)",1,95.47327921863824,30613
"(0.7458851447555765, 0.9764666952752286)",1,95.47318743554275,30614
"(0.9153439153439156, 0.9833229101521784)",2,95.4730827564596,30616
"(0.779286067193676, 0.9749910873440284)",1,95.47303643075747,30617
"(0.6611718926579557, 0.9861310021084456)",1,95.47302818941829,30618
"(0.7803195571784078, 0.9780434995701116)",1,95.47298496407092,30619
"(0.6636745887678723, 1.0)",1,95.47298192424977,30620
"(0.7823116219667945, 0.9861673414304992)",1,95.47296240904842,30621
"(0.8548790276344456, 0.964731521366774)",3,95.47293362232026,30624
"(0.9189485013229876, 0.9642857142857144)",3,95.4728374483998,30627
"(0.6120161514898357, 0.972281746031746)",1,95.47279544646464,30628
"(0.8098608027512951, 0.9779263059241357)",1,95.47271193960832,30629
"(0.7903875985986362, 1.0)",2,95.4727081740922,30631
"(0.9142857142857144, 0.9540153992631536)",1,95.47270530468496,30632
"(0.7323163951070927, 0.9764666952752286)",1,95.4724306056991,30633
"(0.939866291344124, 0.9609357631051972)",1,95.47236462605174,30634
"(0.9645938855657314, 0.9680383516315252)",1,95.47225360812992,30635
"(0.3660540239487608, 0.9649122807017544)",3,95.47163758551616,30638
"(0.9574285714285714, 0.960851077856154)",1,95.47129451865555,30639
"(0.9250895679662802, 0.960851077856154)",1,95.47116308400297,30640
"(0.9172792561601744, 0.9791388745136372)",1,95.47092877977994,30641
"(0.8534255683423739, 0.9736189431913116)",3,95.4702523657842,30644
"(0.8145048060975228, 0.9779263059241357)",3,95.47024045699573,30647
"(0.8199566964749151, 0.9736842105263158)",1,95.4702046278838,30648
"(0.9609357631051972, 0.9680383516315252)",1,95.47018586494468,30649
"(0.7516483516483518, 0.9861673414304992)",1,95.47016101052787,30650
"(0.7971433156796661, 0.9599959995999598)",1,95.47004688086204,30651
"(0.8112275321577646, 0.9643944553313464)",1,95.46986275659744,30652
"(0.869750601552687, 0.9645238095238096)",1,95.4698305521678,30653
"(0.6870644599303137, 0.9861310021084456)",2,95.4697509628344,30655
"(0.9538331745788698, 0.9610153569597296)",1,95.4696928756874,30656
"(0.8224713709935384, 0.9716190476190476)",2,95.46964782110923,30658
"(0.8796475392220073, 1.0)",1,95.46958137439614,30659
"(0.8885908209437621, 0.9537330920118182)",1,95.46907571522968,30660
"(0.8622520112492773, 0.9746527897571542)",1,95.46905553716522,30661
"(0.950431439792024, 0.9572437766315318)",1,95.46893122261947,30662
"(0.7943622269203664, 0.9764666952752286)",1,95.46892959362332,30663
"(0.9498754528985508, 0.9424061182468868)",1,95.46889400938606,30664
"(0.8755069547906272, 0.9691818330194464)",1,95.46889259749186,30665
"(0.9170904871819552, 0.9610899532226684)",1,95.46886546599436,30666
"(0.7344310184570442, 0.9624885121068328)",1,95.4686226895684,30667
"(0.8456659619450317, 0.9764666952752286)",1,95.4681603276424,30668
"(0.7246154408468525, 0.9646309224447688)",1,95.46807768363796,30669
"(0.4976493767325073, 0.9758777250199286)",1,95.46787046915696,30670
"(0.9310391447174572, 0.9726348259268816)",1,95.46781426393214,30671
"(0.6515958472021928, 0.985)",1,95.4677880843419,30672
"(0.8449106413122807, 0.964269276237512)",2,95.4677799128124,30674
"(0.6983464132286942, 0.9529751605618932)",1,95.46773724555152,30675
"(0.8942622047218923, 0.9668904094710544)",1,95.4677299040308,30676
"(0.9186426294655792, 0.9503333333333333)",1,95.46766389167442,30677
"(0.6969051878354204, 0.9764666952752286)",1,95.46754328123278,30678
"(0.9379369827374928, 0.9677353740627908)",1,95.46749962497772,30679
"(0.9247158728131784, 0.9645238095238096)",1,95.46739268391234,30680
"(0.852, 0.9749910873440284)",2,95.46737116251742,30682
"(0.8933617810760668, 0.9645938855657314)",2,95.46730799162644,30684
"(0.798089617146851, 0.9599959995999598)",1,95.46725945006894,30685
"(0.7109688804604058, 0.972281746031746)",2,95.46707950365348,30687
"(0.852, 0.9749910873440284)",1,95.46692572767768,30688
"(0.5417100692802794, 0.9862502363728142)",1,95.4668621568904,30689
"(0.9469408453036384, 0.9575913511472004)",1,95.46677445165894,30690
"(0.9212328545548654, 0.9716190476190476)",1,95.4667377907444,30691
"(0.838301471154743, 0.972045976510262)",1,95.46673617757112,30692
"(0.9227792207792208, 0.9607612022680516)",3,95.4666227400286,30695
"(0.950431439792024, 0.9645938855657314)",1,95.46635364977338,30696
"(0.7516483516483518, 0.9861673414304992)",2,95.46620817918772,30698
"(0.8777335856148074, 0.9735486410250802)",1,95.4661937013964,30699
"(0.9399739902831624, 0.960851077856154)",1,95.46616866228356,30700
"(0.8229870141950848, 0.972281746031746)",1,95.46614961132958,30701
"(0.8151249335459861, 1.0)",1,95.46589266076022,30702
"(0.9070766178400336, 0.95749335833724)",1,95.46586868352917,30703
"(0.812557599070401, 1.0)",1,95.46576842222078,30704
"(0.9160323884095494, 0.960851077856154)",6,95.46574485123604,30710
"(0.9628689175769612, 0.9622598627787308)",1,95.46548524018834,30711
"(0.4042620013682356, 0.9690968282937898)",3,95.46543355144806,30714
"(0.9294287857678706, 0.964269276237512)",1,95.4653736036378,30715
"(0.9680383516315252, 0.9610153569597296)",4,95.46532221952984,30719
"(0.9503333333333333, 0.9572437766315318)",1,95.46518047467052,30720
"(0.9318857896881138, 0.967895529128406)",1,95.46511732110498,30721
"(0.8734313112361893, 0.9861673414304992)",1,95.46498826078432,30722
"(0.8111858543148185, 0.964269276237512)",1,95.4649498211081,30723
"(0.7014662756598241, 0.9650076460904662)",1,95.46494928429208,30724
"(0.7011915690388763, 0.960267350663444)",1,95.4647199247642,30725
"(0.8222222222222222, 1.0)",1,95.46470733791028,30726
"(0.911911525974026, 0.9538331745788698)",1,95.46468452774587,30727
"(0.8929015655249481, 0.9709913858016324)",2,95.46467684837384,30729
"(0.8471527473990528, 1.0)",1,95.46400021393792,30730
"(0.897953216374269, 0.960851077856154)",3,95.46397777382442,30733
"(0.6969051878354204, 0.9538370349708868)",1,95.4638991556106,30734
"(0.7344692811916678, 1.0)",1,95.46383437283627,30735
"(0.4293005092235618, 0.9726331201991129)",1,95.46381023224777,30736
"(0.7583018074821354, 0.95749335833724)",1,95.46364507063188,30737
"(0.784182678919521, 0.9779263059241357)",1,95.46358031963702,30738
"(0.7304951237809453, 0.9643944553313464)",1,95.46345882566918,30739
"(0.911021218587008, 0.9735486410250802)",2,95.46332968341196,30741
"(0.9497171590194848, 1.0)",1,95.46327559154932,30742
"(0.950431439792024, 0.95)",1,95.4630901900559,30743
"(0.9240756756756756, 0.9572437766315318)",1,95.4627948831239,30744
"(0.8136244723706807, 0.9643944553313464)",2,95.4627380031451,30746
"(0.8013184398461819, 0.9650076460904662)",1,95.4627361153458,30747
"(0.8514626506510005, 0.9536268754076972)",6,95.46271534254755,30753
"(0.843845350684385, 0.9643698138596096)",2,95.46270679874436,30755
"(0.8613133624575272, 0.9574976092405196)",1,95.46236729920112,30756
"(0.861111111111111, 1.0)",1,95.4623364392829,30757
"(0.8340799485585682, 0.9764666952752286)",1,95.4622018640826,30758
"(0.8455704732698088, 0.9861310021084456)",2,95.46208578941678,30760
"(0.7761555341771514, 0.9649859943977592)",1,95.4620134524114,30761
"(0.8610715260301386, 0.9538370349708868)",1,95.46193767058406,30762
"(0.7259530953852703, 0.9643944553313464)",1,95.4618340988574,30763
"(0.7923306301473605, 0.9643944553313464)",2,95.46160069099726,30765
"(0.9833229101521784, 1.0)",1,95.46100217544006,30766
"(0.8148308968977662, 0.972281746031746)",2,95.4610016174326,30768
"(0.8249504969211211, 0.9766918866148322)",1,95.46088401408174,30769
"(0.81893131227901, 0.9861310021084456)",1,95.46079763035632,30770
"(0.940074233084456, 0.9536268754076972)",1,95.460301696591,30771
"(0.8628741800834823, 0.964269276237512)",1,95.46024646200438,30772
"(0.9125533644430458, 0.958198541391141)",1,95.45972264846682,30773
"(0.6003561059603759, 0.9650076460904662)",2,95.45949738618472,30775
"(0.95, 0.9605654571878554)",1,95.45945934633924,30776
"(0.9680383516315252, 0.9540977572753596)",1,95.45930082366084,30777
"(0.6809855026116619, 0.9749910873440284)",1,95.45924389775833,30778
"(0.902898027898028, 0.9861310021084456)",1,95.45915862899,30779
"(0.912705831903945, 0.9495014245014244)",1,95.45903694889316,30780
"(0.8229870141950848, 1.0)",1,95.45890489448011,30781
"(0.9571428571428572, 0.9610153569597296)",4,95.45883168789167,30785
"(0.9436368312757202, 0.9861673414304992)",1,95.45872388966718,30786
"(0.8920217788143652, 0.9707312211297032)",1,95.4587042763506,30787
"(0.9575126626788776, 0.9572437766315318)",1,95.4585762290354,30788
"(0.9399739902831624, 0.9645238095238096)",2,95.4584387679531,30790
"(0.5290733844468785, 0.9800006250976716)",1,95.45837697474688,30791
"(0.7973614008344031, 0.9736189431913116)",1,95.45833014811195,30792
"(0.8868677229932935, 0.969334154098697)",1,95.45832695754056,30793
"(0.8420013166556946, 1.0)",1,95.45821154028026,30794
"(0.9388917411828462, 0.9679690637004894)",1,95.45777142509417,30795
"(0.6042502004811546, 0.988167361639188)",1,95.45776162488036,30796
"(1.0, 1.0)",1,95.45762449468477,30797
"(0.8226000003393725, 0.9601502499942144)",2,95.45750881680128,30799
"(0.9172008547008548, 0.9861673414304992)",2,95.45736403562168,30801
"(0.9098809643282124, 0.9539272400433172)",1,95.45732850127388,30802
"(0.8871082621082622, 0.972281746031746)",1,95.45728657857414,30803
"(0.946730586052542, 0.9540153992631536)",1,95.45725155931366,30804
"(0.6326954876802936, 0.9861673414304992)",4,95.45702688768414,30808
"(0.9067863328609668, 0.9574869803877438)",1,95.4565280904112,30809
"(0.8771934243211048, 0.9644491481508056)",1,95.45635581719884,30810
"(0.9539272400433172, 0.960851077856154)",1,95.4562903086274,30811
"(0.8715701474388204, 0.972045976510262)",1,95.4561878950679,30812
"(0.7304742252709461, 0.9764666952752286)",1,95.456047994979,30813
"(0.8272165916646247, 0.9685810272912336)",1,95.4557715505656,30814
"(0.9539751547184644, 0.9743756896698074)",1,95.45571333656262,30815
"(0.9528533742496432, 0.9571428571428572)",1,95.45565926522173,30816
"(0.7204751921733054, 1.0)",1,95.45555948199625,30817
"(0.9154520780570968, 0.9958292603453894)",1,95.45534331201492,30818
"(0.8567210567210567, 0.9861673414304992)",1,95.45532525970408,30819
"(0.8438530351707455, 0.9646309224447688)",1,95.45531778448704,30820
"(0.811951754385965, 0.964731521366774)",1,95.45525902357925,30821
"(0.8751897860593512, 0.9861673414304992)",1,95.45517367081814,30822
"(0.8136244723706807, 0.9643944553313464)",1,95.4548814615886,30823
"(0.7761555341771514, 0.9624941397093296)",1,95.45484782134336,30824
"(0.6085487618529295, 0.9650450950662368)",1,95.4545826613957,30825
"(0.8855699370755157, 0.9536268754076972)",6,95.4543799234585,30831
"(0.8734313112361893, 0.9861673414304992)",2,95.4543239932701,30833
"(0.8087623896023756, 0.9764666952752286)",1,95.4542322755154,30834
"(0.940074233084456, 0.9536268754076972)",1,95.45396919446326,30835
"(0.8846362470895226, 0.9604593619418418)",1,95.45386281317738,30836
"(0.9658790011731188, 0.9873444118605408)",1,95.45365640941444,30837
"(0.8806608357628766, 0.9609357631051972)",1,95.45362869565396,30838
"(0.7713401051412279, 1.0)",2,95.45356359497808,30840
"(0.9666562434855118, 1.0)",1,95.45344819652044,30841
"(0.8456659619450317, 0.9764666952752286)",1,95.45311765825475,30842
"(0.6164277827081168, 0.976761412575366)",1,95.4528424206556,30843
"(0.8395301149279116, 0.9764666952752286)",1,95.45276590668308,30844
"(0.9750481776288228, 0.9958292603453894)",1,95.45268656151087,30845
"(0.8650180064096209, 0.9691818330194464)",1,95.45267733853066,30846
"(0.7713401051412279, 1.0)",1,95.45263154420472,30847
"(0.9666562434855118, 1.0)",1,95.45246218739932,30848
"(0.95, 0.9681645071821834)",1,95.4524392487024,30849
"(0.876112115732369, 0.9573389777809668)",1,95.4523567570958,30850
"(0.5466837142306626, 0.9861673414304992)",1,95.452315148736,30851
"(0.9665831244778612, 1.0)",1,95.45227820840408,30852
"(0.950392857142857, 0.9749656593406592)",1,95.4522272654887,30853
"(0.9153439153439156, 0.9833229101521784)",1,95.45207672041415,30854
"(0.8468951683237397, 0.9833229101521784)",1,95.45202772966827,30855
"(0.9250895679662802, 0.9644491481508056)",1,95.45198746845834,30856
"(0.9269284534248317, 0.9764666952752286)",1,95.4516798982436,30857
"(0.9373586654890096, 0.9624978905063408)",1,95.45164004723314,30858
"(0.9280076478086086, 0.9575913511472004)",3,95.4515894179856,30861
"(0.8535870458655268, 0.9572437766315318)",6,95.45155360338664,30867
"(0.8185482336956522, 0.9749910873440284)",1,95.45129958532549,30868
"(0.8137861130877186, 0.9528125324922884)",1,95.45112396976776,30869
"(0.8449106413122807, 0.964269276237512)",1,95.451122700695,30870
"(0.92974708952228, 0.9574784734771978)",1,95.45097396430546,30871
"(0.8633407843934159, 0.9867922141511912)",1,95.45096902418608,30872
"(1.0, 1.0)",1,95.45087554460233,30873
"(0.939866291344124, 0.9540977572753596)",1,95.4508732699328,30874
"(0.9032855633136024, 0.9861673414304992)",1,95.45082857081591,30875
"(0.839627810315511, 0.960851077856154)",1,95.45078931940544,30876
"(0.8475002808673183, 0.9861673414304992)",1,95.4507079290208,30877
"(0.9287396277192196, 0.9463627709416984)",1,95.45054049845396,30878
"(0.8686559598432304, 0.9538370349708868)",1,95.45040950576256,30879
"(0.9188863189008992, 0.9650076460904662)",1,95.45036109478386,30880
"(0.9571428571428572, 0.9536268754076972)",1,95.45012292188194,30881
"(0.8071948928825261, 0.9861673414304992)",1,95.44986363329248,30882
"(0.8653198653198653, 1.0)",1,95.44976224382413,30883
"(0.6432772815188069, 0.972045976510262)",1,95.44937316558276,30884
"(0.8317471971585321, 1.0)",1,95.44936317125536,30885
"(0.9110813074094206, 0.9764666952752286)",2,95.4491517916934,30887
"(0.8628741800834823, 0.964269276237512)",1,95.44878971825916,30888
"(0.7602379596828609, 0.9749910873440284)",1,95.44878111589126,30889
"(0.893146638589877, 1.0)",1,95.44877563467216,30890
"(0.9012857142857144, 0.9749910873440284)",1,95.44857873065058,30891
"(0.9539272400433172, 0.9536268754076972)",1,95.44857216250236,30892
"(0.9603476243044132, 0.9677353740627908)",1,95.44851879135024,30893
"(0.8404355452872972, 0.972045976510262)",1,95.44824849198548,30894
"(0.8972301136363636, 0.9572437766315318)",3,95.44815986319156,30897
"(0.8813457860512559, 0.962584617688982)",1,95.44807928761338,30898
"(0.9529281480033874, 0.940930997520722)",1,95.44792948523194,30899
"(0.6164277827081168, 0.9529751605618932)",1,95.44765235077114,30900
"(0.9704226680823772, 1.0)",1,95.4473632077292,30901
"(0.8311329582337986, 0.972045976510262)",2,95.44722141062208,30903
"(0.9539272400433172, 0.9572437766315318)",1,95.44704357524944,30904
"(0.9093334120185448, 0.9575126626788776)",3,95.44697834620004,30907
"(0.8390424521630195, 0.9861673414304992)",2,95.4468586292776,30909
"(0.8311329582337986, 0.972045976510262)",1,95.44663469772227,30910
"(0.9645938855657314, 0.9645238095238096)",1,95.44622770271975,30911
"(0.9468391231269042, 0.9539272400433172)",3,95.4461439832332,30914
"(0.930124456440246, 0.972420634920635)",1,95.44607325865344,30915
"(0.8449106413122807, 0.9528125324922884)",1,95.44602644551908,30916
"(0.8309403153153152, 0.9823657606833868)",1,95.44600544478482,30917
"(0.8071948928825261, 0.9861673414304992)",1,95.44590898726388,30918
"(0.8395301149279116, 0.9643944553313464)",2,95.44574310597147,30920
"(0.6983464132286942, 0.941454716296154)",1,95.44531460362872,30921
"(0.8623077787842691, 0.9644491481508056)",1,95.44524449291164,30922
"(0.7923306301473605, 0.964269276237512)",1,95.44522229422688,30923
"(0.96, 0.9599909979745442)",2,95.4451324579263,30925
"(0.8868677229932935, 0.960267350663444)",2,95.44504364432692,30927
"(0.799275702501509, 1.0)",1,95.44501167358466,30928
"(0.9168447876447876, 0.9572437766315318)",2,95.44490695372424,30930
"(0.7866204373351484, 0.9609357631051972)",1,95.44474012578377,30931
"(0.8957538774472412, 0.9690057499955)",1,95.44471931842342,30932
"(0.934052618378994, 0.9916585206907788)",1,95.44461983577648,30933
"(0.789994229453279, 0.9861673414304992)",2,95.4445208671346,30935
"(0.8404355452872972, 0.972045976510262)",2,95.44440274957364,30937
"(0.7646359274512867, 0.9767441860465116)",1,95.44418184124204,30938
"(0.9182966261114094, 0.9873444118605408)",1,95.44394188621077,30939
"(0.6085487618529295, 0.9650450950662368)",1,95.44388998019204,30940
"(0.9750780096985032, 0.987491854024112)",2,95.4437996146205,30942
"(0.4943189964157706, 1.0)",2,95.4436833425834,30944
"(0.7830369357045144, 0.9396371070789676)",1,95.443650693602,30945
"(0.8148308968977662, 0.9861673414304992)",1,95.44350609422268,30946
"(0.9833229101521784, 1.0)",1,95.44346036167768,30947
"(0.9499887474681804, 0.9524997031231444)",3,95.44312661612052,30950
"(0.9394971203231468, 0.9575126626788776)",3,95.44311693459696,30953
"(0.8566261808367072, 0.9556541264979026)",2,95.44295408014248,30955
"(0.7760416666666667, 0.9574784734771978)",1,95.44293092433688,30956
"(0.9640038239043044, 0.9641028246291404)",1,95.44273880086882,30957
"(0.6911324786324786, 0.972045976510262)",4,95.44264181700088,30961
"(0.2184982066412125, 0.9650076460904662)",1,95.44252612595632,30962
"(0.826804915514593, 0.960851077856154)",2,95.44246748052606,30964
"(0.9574285714285714, 0.9605654571878554)",1,95.44242662685409,30965
"(0.9156086605607608, 0.960376642453574)",1,95.442386598497,30966
"(0.8459744503862151, 0.972045976510262)",1,95.44229831037654,30967
"(0.944911858974359, 0.9624978905063408)",1,95.44226727432172,30968
"(0.593224625483241, 0.9824126287942077)",1,95.44222825829225,30969
"(0.8829656107481818, 0.9691818330194464)",3,95.44221060464324,30972
"(0.4649790459755947, 0.9749656593406592)",1,95.44215319358612,30973
"(0.424546256663045, 0.9714285714285714)",1,95.44209583579088,30974
"(0.8958208965097509, 0.9833251873574456)",1,95.44196176617396,30975
"(0.7026153868908955, 0.9604593619418418)",1,95.44165596827597,30976
"(0.9707136080238548, 0.9594098972922502)",1,95.44161326664452,30977
"(0.4130640425070805, 0.977361440698898)",1,95.44153503595297,30978
"(0.7601164382773579, 1.0)",2,95.4414119609454,30980
"(0.8933617810760668, 0.9575126626788776)",1,95.4413084510271,30981
"(0.8866868876737297, 0.9646309224447688)",3,95.44128730622788,30984
"(0.9503333333333333, 0.9571428571428572)",1,95.44113936190732,30985
"(0.9080024622960912, 0.9691818330194464)",3,95.44106669732136,30988
"(0.9348370927318296, 0.9599959995999598)",1,95.44082716638518,30989
"(0.5734860695371862, 0.9764666952752286)",1,95.44081748487989,30990
"(0.933096859926128, 1.0)",1,95.44080618397447,30991
"(0.9425645194066248, 0.9573389777809668)",1,95.4406427961738,30992
"(0.896241079039294, 0.969334154098697)",3,95.4405788138037,30995
"(0.8395301149279116, 0.9643944553313464)",1,95.44027891966176,30996
"(0.8894752290768013, 0.9645938855657314)",2,95.44016085431753,30998
"(0.9388917411828462, 0.9571428571428572)",1,95.44003217092356,30999
"(0.9357142857142856, 0.9539272400433172)",3,95.4398974206994,31002
"(0.7280701754385965, 0.9780434995701116)",5,95.43974561351392,31007
"(0.9160323884095494, 0.9610153569597296)",1,95.43953319276706,31008
"(0.6333118819585527, 0.9650450950662368)",1,95.43940522935756,31009
"(0.9568045886851652, 0.9536268754076972)",1,95.4393530063568,31010
"(0.90903917799718, 0.9572437766315318)",3,95.43917872273694,31013
"(0.9528533742496432, 0.982205035389161)",1,95.43907955200982,31014
"(0.9250895679662802, 0.9572437766315318)",2,95.43907849267708,31016
"(0.96, 0.9599989999749994)",1,95.43856863960512,31017
"(0.8719725743599862, 0.9779870235853187)",4,95.43846625355668,31021
"(0.7866204373351484, 0.9572437766315318)",3,95.43828295131756,31024
"(0.9425645194066248, 0.9571428571428572)",1,95.43823224036647,31025
"(0.919542746211962, 0.9609357631051972)",1,95.4381632420098,31026
"(0.8660545355265853, 0.9622598627787308)",1,95.43809909838872,31027
"(0.917324120423851, 0.9574285714285714)",1,95.43809746662085,31028
"(0.9537330920118182, 0.9575126626788776)",1,95.43805980905408,31029
"(0.8523797616070684, 0.964269276237512)",2,95.43788249725506,31031
"(0.8795903283708161, 0.946492548547343)",1,95.43755796033052,31032
"(0.8352271364897016, 0.964269276237512)",2,95.43732909855642,31034
"(0.9610899532226684, 0.9645938855657314)",1,95.43731108368604,31035
"(0.8395301149279116, 0.9764666952752286)",1,95.43721299123948,31036
"(0.7760416666666667, 0.9549819927971188)",1,95.43715100871444,31037
"(0.833630878109023, 0.9624978905063408)",1,95.43692392077593,31038
"(0.9462256234379848, 0.9680383516315252)",1,95.43686122215938,31039
"(0.9538331745788698, 0.9644491481508056)",3,95.4367853467736,31042
"(0.9250895679662802, 0.960851077856154)",3,95.43669651837996,31045
"(0.8790986793442873, 0.9572437766315318)",3,95.4366436890622,31048
"(0.4747763864042934, 1.0)",1,95.43655343336066,31049
"(0.3672613423407492, 0.9726314704485096)",1,95.4362966334088,31050
"(0.8478418336329888, 0.9780434995701116)",1,95.4362079577814,31051
"(0.7474747474747474, 0.9643944553313464)",1,95.43606868115762,31052
"(0.861957198953386, 0.9538370349708868)",1,95.4359420809608,31053
"(0.9153439153439156, 0.9833229101521784)",1,95.43592620165292,31054
"(0.9146779555619334, 0.9644491481508056)",1,95.43583275418852,31055
"(0.9532701550221768, 0.9502288074111276)",1,95.43574440259454,31056
"(0.939055706563049, 0.9540153992631536)",1,95.43568600457372,31057
"(0.8874191651969431, 0.972420634920635)",1,95.43510094057665,31058
"(0.7678405315614618, 0.9764666952752286)",1,95.43500581008452,31059
"(0.93795454842108, 0.9916585206907788)",1,95.43461662673464,31060
"(0.9080705009276436, 0.950608853052493)",1,95.4345056785288,31061
"(0.7852506868131869, 0.9644491481508056)",1,95.43427690321056,31062
"(0.7833537331701346, 0.9764666952752286)",1,95.43423353570758,31063
"(0.8743078626799556, 0.9861310021084456)",1,95.43419052875204,31064
"(0.9574285714285714, 0.9502288074111276)",1,95.43411452368044,31065
"(0.9315095328894416, 0.9498754528985508)",1,95.43409441310088,31066
"(0.6747507742934573, 0.986081059422206)",1,95.43401393947256,31067
"(0.9640038239043044, 0.9676485688615069)",2,95.43355105204436,31069
"(0.3408529104344701, 0.9733076754584028)",1,95.43346633956136,31070
"(0.8580559516200404, 0.9538370349708868)",1,95.43345241423202,31071
"(0.7800511508951407, 0.9549819927971188)",1,95.43332135402868,31072
"(0.9462256234379848, 0.9680383516315252)",3,95.43330604392436,31075
"(0.8768488063660478, 0.9749656593406592)",4,95.43324246821985,31079
"(0.9073492428586464, 0.9640038239043044)",1,95.43310677282204,31080
"(0.93795454842108, 0.987491854024112)",1,95.43309546843956,31081
"(0.7602379596828609, 0.9749910873440284)",2,95.43304896853958,31083
"(0.8098502304147466, 0.9624545454545456)",1,95.43288370835396,31084
"(0.8226000003393725, 0.9601502499942144)",3,95.43246618110436,31087
"(0.7820135271430143, 0.9643944553313464)",1,95.43232542932223,31088
"(0.9153439153439152, 1.0)",1,95.43214505333536,31089
"(0.9432380952380952, 0.9572437766315318)",3,95.43212905876544,31092
"(0.7823116219667945, 0.9861673414304992)",1,95.43204979552245,31093
"(0.6759495516512356, 0.9764666952752286)",1,95.4318294151843,31094
"(0.9146779555619334, 0.9716190476190476)",2,95.43182752908947,31096
"(0.8056354979267693, 0.9861310021084456)",2,95.43167985899164,31098
"(0.6333118819585527, 0.9529751605618932)",1,95.43144683637742,31099
"(0.8996408045977011, 0.9622598627787308)",1,95.43143355845334,31100
"(0.8907966222338917, 0.9916585206907788)",1,95.43132440885547,31101
"(0.9502288074111276, 0.9681034738761426)",2,95.43128927458558,31103
"(0.6591398510479036, 0.9756756090455873)",1,95.43103828579432,31104
"(0.812418383596075, 0.9650450950662368)",1,95.43101002456154,31105
"(0.9428571428571428, 0.9352068830277476)",1,95.43095877051825,31106
"(0.4770251883589129, 0.9766885372594888)",1,95.4308596771736,31107
"(0.8580559516200404, 0.9650076460904662)",1,95.4308320908726,31108
"(0.8997493734335841, 0.9833229101521784)",1,95.43068475796838,31109
"(0.9098759089802734, 0.957847328895716)",2,95.43057588051332,31111
"(0.7785456014174996, 0.9601502499942144)",3,95.43042967809244,31114
"(0.8208353559736048, 0.9861673414304992)",1,95.43037910588906,31115
"(0.6020449077786688, 0.9764666952752286)",2,95.4302829862056,31117
"(0.8274062797908469, 0.9737445480717845)",1,95.43021133377889,31118
"(0.9873444118605408, 0.9646160758690472)",1,95.43018787800511,31119
"(1.0, 0.9833229101521784)",1,95.43013135944402,31120
"(0.922476258354121, 0.9574997343733398)",1,95.4301015034492,31121
"(0.8472645812528676, 0.960851077856154)",1,95.43009307959008,31122
"(0.7867950912705132, 0.95749335833724)",1,95.42997461935464,31123
"(0.8010054664946871, 0.9861673414304992)",1,95.42996756660192,31124
"(0.9538331745788698, 0.9610153569597296)",2,95.42992909937294,31126
"(0.9609357631051972, 0.9676485688615069)",1,95.42973218120628,31127
"(1.0, 1.0)",1,95.42957388869354,31128
"(0.9501177394034536, 0.9540153992631536)",1,95.429426911529,31129
"(0.9238400660955778, 0.941687552213868)",1,95.4293981687144,31130
"(0.6933160650937552, 0.9764666952752286)",1,95.42938929468676,31131
"(0.8315474711586087, 0.9833251873574456)",1,95.42936976229473,31132
"(0.8456659619450317, 0.9764666952752286)",1,95.4287383072016,31133
"(0.8796475392220073, 1.0)",1,95.42868487247276,31134
"(0.8513842746400886, 0.9650450950662368)",1,95.4286178124167,31135
"(0.944120583717358, 0.978570963087092)",1,95.42853188470048,31136
"(0.7612209453612427, 0.964269276237512)",3,95.42845963555148,31139
"(0.9098809643282124, 0.9610153569597296)",1,95.42833090367176,31140
"(0.9712822597033124, 0.9678176625650188)",1,95.42831931436535,31141
"(0.9225446428571428, 0.962470105966915)",2,95.42815728204684,31143
"(0.7836974395113928, 0.9766918866148322)",1,95.42813621676248,31144
"(0.930124456440246, 0.972420634920635)",1,95.42772562558255,31145
"(0.9020800849800285, 0.9540153992631536)",2,95.42767837209288,31147
"(0.8662655059929975, 0.9648252575884156)",1,95.42763655369852,31148
"(0.9057330122004186, 0.9823657606833868)",2,95.42762964381996,31150
"(0.9165867390570612, 0.9571428571428572)",1,95.42749387689844,31151
"(0.8422693146507633, 0.9604782992262008)",1,95.42746172681196,31152
"(0.9306013489647758, 0.9469463836671532)",1,95.42745048938316,31153
"(0.6813936996863826, 0.9861673414304992)",1,95.42743087845729,31154
"(0.9469408453036384, 0.9610899532226684)",1,95.42721598923832,31155
"(0.7294281157362763, 1.0)",1,95.42697711452335,31156
"(0.8887940768066828, 0.964269276237512)",1,95.4268363531226,31157
"(0.7943622269203664, 0.9764666952752286)",1,95.42683438888336,31158
"(0.8491340807583629, 0.9861673414304992)",1,95.42681480628944,31159
"(0.8964397027091824, 0.960851077856154)",3,95.4266833464124,31162
"(0.9425645194066248, 0.9609357631051972)",1,95.42646636959984,31163
"(0.6767580302172832, 0.972281746031746)",1,95.42641588246369,31164
"(0.8558852999963277, 0.9764666952752286)",4,95.42639760265372,31168
"(0.7615072500907597, 0.9650076460904662)",1,95.42630605749994,31169
"(0.9156086605607608, 0.9601502499942144)",1,95.4262868100794,31170
"(0.6324614334795292, 0.9529751605618932)",1,95.42621233848648,31171
"(0.9134544844788196, 0.9601502499942144)",1,95.42619730171036,31172
"(0.7772049591964847, 0.9861673414304992)",1,95.426058048871,31173
"(0.8651322276720679, 0.9549819927971188)",1,95.42589359626405,31174
"(0.8351110130322311, 0.9646309224447688)",2,95.42587905244476,31176
"(0.8395301149279116, 0.9764666952752286)",1,95.42579139103049,31177
"(0.8874735513743797, 0.964269276237512)",1,95.42571779577166,31178
"(0.9014293255242536, 0.9575913511472004)",3,95.425623508661,31181
"(0.927109440267335, 0.9644491481508056)",1,95.42561233718504,31182
"(0.9018806250259218, 1.0)",1,95.42548348426072,31183
"(0.7083333333333334, 1.0)",1,95.42537062394412,31184
"(0.9748524098350704, 0.963605170709535)",1,95.42523931609836,31185
"(0.917955241105926, 0.9644491481508056)",1,95.42517969063644,31186
"(0.6432772815188069, 0.972045976510262)",1,95.42514693932912,31187
"(0.8340166019865393, 0.9749910873440284)",1,95.4249216618392,31188
"(0.8703996834190741, 0.9648252575884156)",1,95.42479752646416,31189
"(0.94291309888229, 0.9779870235853187)",1,95.42478562169065,31190
"(0.8459266053144301, 0.9619736581501288)",1,95.42475468773677,31191
"(0.8087623896023756, 0.9764666952752286)",1,95.42457452752052,31192
"(0.7918894458368143, 0.9861310021084456)",1,95.4245432162204,31193
"(0.8574011356980978, 0.9399624765478424)",1,95.42435399519174,31194
"(0.8894752290768013, 0.9575126626788776)",2,95.42422249885033,31196
"(0.7453091184935634, 0.9737445480717845)",1,95.42414685427264,31197
"(0.9574285714285714, 0.9501177394034536)",1,95.42401189634032,31198
"(0.8325642300300746, 0.960267350663444)",1,95.4239659063482,31199
"(0.8957538774472412, 0.9692608993981562)",3,95.42375741138665,31202
"(0.9599959995999598, 0.9449944994499452)",3,95.42355093535116,31205
"(0.9003351064851267, 0.9642857142857144)",1,95.42343292852208,31206
"(0.8340166019865393, 0.9749910873440284)",2,95.42340938126046,31208
"(0.5145696010475885, 0.9861310021084456)",1,95.42336154678443,31209
"(0.944073617452092, 1.0)",1,95.42324606629492,31210
"(0.5356100633781995, 0.9764666952752286)",1,95.42306395589652,31211
"(0.9294287857678706, 0.964269276237512)",1,95.4228401611845,31212
"(0.7966390247792806, 0.9735486410250802)",3,95.42248977576196,31215
"(0.8894752290768013, 0.9610153569597296)",1,95.42247934174172,31216
"(0.9609357631051972, 0.9609357631051972)",1,95.42221908584985,31217
"(0.8771934243211048, 0.960851077856154)",1,95.42205575555994,31218
"(0.4468328406505846, 0.9861673414304992)",1,95.4219430151017,31219
"(0.8876281048778143, 0.9605654571878554)",1,95.4217936365222,31220
"(0.8885908209437621, 0.9537330920118182)",1,95.42148199593989,31221
"(0.7836974395113928, 0.9758777250199286)",1,95.42133265887016,31222
"(0.7574146783449108, 0.976761412575366)",1,95.42127519827118,31223
"(0.841184456569072, 0.9649991249781243)",1,95.4212601622264,31224
"(0.8867361313822293, 0.9916585206907788)",1,95.42091100731125,31225
"(0.9162596992611264, 0.9861673414304992)",1,95.42047869377603,31226
"(0.8887940768066828, 0.964269276237512)",1,95.42016717964827,31227
"(0.9331814008429188, 0.9538370349708868)",1,95.4201266319204,31228
"(0.9098809643282124, 0.9610153569597296)",2,95.42010071487977,31230
"(0.9280459216361852, 0.9833251873574456)",1,95.4200573450664,31231
"(0.930124456440246, 0.972045976510262)",2,95.42005342709686,31233
"(0.779286067193676, 0.9624545454545456)",1,95.41999050871748,31234
"(0.923837153686616, 0.9873891625615764)",1,95.41997611260324,31235
"(0.9122507070492478, 0.9749656593406592)",4,95.4199695297415,31239
"(0.9315095328894416, 0.9572437766315318)",2,95.4199245786078,31241
"(0.7729389061386163, 0.9766918866148322)",1,95.41990793333434,31242
"(0.8597791061504694, 0.9610153569597296)",3,95.41943843870293,31245
"(0.6658312447786132, 0.9624978905063408)",1,95.41932704250038,31246
"(0.9017623122369548, 0.9645238095238096)",1,95.41924303120514,31247
"(0.9361428571428572, 0.960851077856154)",3,95.41909871396984,31250
"(1.0, 1.0)",2,95.4188314668715,31252
"(0.7602379596828609, 0.9749910873440284)",1,95.4185938205205,31253
"(0.8449106413122807, 0.964269276237512)",1,95.4184364780142,31254
"(0.7833537331701346, 0.9650450950662368)",1,95.41840596697264,31255
"(0.8226000003393725, 0.9646309224447688)",2,95.41826649660732,31257
"(0.8185034935353271, 0.9556541264979026)",1,95.41825296136884,31258
"(0.9640038239043044, 0.9641028246291404)",1,95.41817348042504,31259
"(0.8846362470895226, 0.9640038239043044)",1,95.41817289583732,31260
"(0.93795454842108, 0.9756805807622504)",1,95.4181566010811,31261
"(0.7935498742420971, 0.9601502499942144)",1,95.41811930983944,31262
"(0.7608215527547845, 0.9690968282937898)",3,95.41763141637789,31265
"(0.9677353740627908, 0.978518051242236)",1,95.41760849271672,31266
"(0.9326599326599326, 0.9833229101521784)",1,95.41752605289813,31267
"(0.9227792207792208, 0.9642857142857144)",2,95.41711932489888,31269
"(0.6804620726495727, 0.986081059422206)",1,95.41694282711887,31270
"(0.8876473063973064, 0.972420634920635)",1,95.41686765881629,31271
"(0.8137861130877186, 0.964269276237512)",1,95.41683356292732,31272
"(0.8751897860593512, 0.9861673414304992)",1,95.41676092210706,31273
"(0.7472307467415887, 0.9767441860465116)",1,95.41659640548625,31274
"(0.9299160159815896, 0.9861673414304992)",1,95.41653629844848,31275
"(0.9188863189008992, 0.9650450950662368)",1,95.4165349094018,31276
"(0.8456659619450317, 0.9650450950662368)",1,95.41648057333776,31277
"(0.7259530953852703, 0.9643944553313464)",1,95.41643213038088,31278
"(0.943455134862934, 0.9536268754076972)",1,95.41642261621716,31279
"(0.6043417366946778, 0.9538331745788698)",1,95.41641574001906,31280
"(0.9068661074437891, 0.95749335833724)",1,95.41630875757014,31281
"(0.8600291387756281, 0.9833251873574456)",1,95.41621490253098,31282
"(0.922324745206372, 0.9599989999749994)",1,95.41609539380428,31283
"(0.9497171590194848, 0.9833229101521784)",1,95.4158699122297,31284
"(0.903907191101469, 0.9679690637004894)",1,95.41583770568394,31285
"(0.831031066037186, 0.9651701899685294)",1,95.41578305520336,31286
"(0.933096859926128, 0.9833229101521784)",1,95.4157204576011,31287
"(0.7923306301473605, 0.988167361639188)",1,95.41547229666752,31288
"(0.8340166019865393, 0.9749910873440284)",1,95.41546605548808,31289
"(0.6611718926579557, 0.9861310021084456)",2,95.415439697748,31291
"(0.9388917411828462, 0.9572437766315318)",1,95.41520530087388,31292
"(0.9240041208791208, 0.9495058714870036)",1,95.41502455382276,31293
"(0.9677353740627908, 0.9640038239043044)",1,95.41489908784932,31294
"(0.9497439544807966, 0.9573389777809668)",1,95.41484032982224,31295
"(0.7651777469990767, 0.9736842105263158)",1,95.41473463436895,31296
"(0.9432380952380952, 0.9644491481508056)",2,95.41457996404802,31298
"(0.8467532467532467, 1.0)",1,95.4145641882484,31299
"(0.929936943248924, 0.9599909979745442)",1,95.41455381575506,31300
"(0.9450323339212228, 0.972045976510262)",1,95.41435451251805,31301
"(0.931093393134094, 0.9537330920118182)",3,95.41433739749009,31304
"(0.8165520116739629, 1.0)",1,95.41427040798506,31305
"(0.9747273037595618, 0.9620165851534038)",2,95.41372622746918,31307
"(0.9535144014828052, 0.9716190476190476)",2,95.41372076935484,31309
"(0.656307097369308, 0.9650076460904662)",1,95.41370958432404,31310
"(0.7664480222619757, 0.9764666952752286)",1,95.41365999058692,31311
"(0.9645938855657314, 0.9609357631051972)",1,95.41364862342655,31312
"(0.7014662756598241, 0.9764666952752286)",1,95.41358058189984,31313
"(0.9233339198521971, 0.9539272400433172)",1,95.41343932301967,31314
"(0.865581803207783, 0.9867922141511912)",1,95.4129219354342,31315
"(0.7516483516483518, 0.9861673414304992)",1,95.41290238097298,31316
"(0.9343984962406016, 0.9536268754076972)",1,95.41233208102018,31317
"(0.5529564209234128, 0.964269276237512)",1,95.41231438034929,31318
"(0.8997493734335841, 0.9665831244778612)",1,95.41230802091653,31319
"(0.8996408045977011, 0.9749910873440284)",1,95.41227679909514,31320
"(0.9067863328609668, 0.95749335833724)",1,95.41226793005303,31321
"(0.8810064268049709, 0.960376642453574)",1,95.41205209356762,31322
"(0.7932560759697408, 0.9557886530559612)",1,95.41194811639772,31323
"(0.9349202773397411, 0.954995499549955)",1,95.41183992197634,31324
"(0.3751155993044512, 0.976682233567792)",1,95.4117700485766,31325
"(0.6003561059603759, 0.9416450721400784)",1,95.41176021552108,31326
"(0.8791645439245395, 0.960267350663444)",1,95.4117249269398,31327
"(0.8623077787842691, 0.9644491481508056)",1,95.4116933868389,31328
"(0.9392111404005912, 0.9716751084525852)",1,95.41154443846604,31329
"(0.9084080904123386, 0.9498754528985508)",1,95.4113686565575,31330
"(0.8933617810760668, 0.9575126626788776)",3,95.41132314729194,31333
"(0.9491452991452992, 0.9643698138596096)",1,95.41110067032344,31334
"(0.9212328545548654, 0.9716190476190476)",1,95.4109770477257,31335
"(0.8098502304147466, 0.9749910873440284)",1,95.4109357685822,31336
"(0.9833229101521784, 1.0)",1,95.41073491171244,31337
"(0.8470413622709255, 0.9690057499955)",2,95.41065486902008,31339
"(0.9142857142857144, 0.9575126626788776)",1,95.4106331235014,31340
"(0.8449106413122807, 0.964269276237512)",2,95.41063074322798,31342
"(0.7118798171565847, 0.964269276237512)",2,95.41060839216446,31344
"(0.826804915514593, 0.960851077856154)",1,95.41050258960271,31345
"(0.8467135862913097, 0.9749656593406592)",4,95.41048624522983,31349
"(0.8771934243211048, 0.960851077856154)",3,95.41043608017767,31352
"(0.9538331745788698, 0.9466151061674828)",1,95.41028794972112,31353
"(0.3892988407371969, 0.9770204477634806)",1,95.41004841239996,31354
"(0.8613150576270225, 0.9690968282937898)",6,95.4100395406925,31360
"(0.9058747619658436, 0.957847328895716)",2,95.40980167252518,31362
"(0.8592657752039796, 0.972045976510262)",1,95.40969094105851,31363
"(0.9528629190035216, 0.9289986228605154)",1,95.4095855160126,31364
"(0.8472645812528676, 0.960851077856154)",3,95.40954008541516,31367
"(0.8221762134805614, 0.972045976510262)",1,95.40933466114876,31368
"(0.7959721284635738, 0.9735486410250802)",3,95.40926098535444,31371
"(0.9549718574108818, 0.9549898727213622)",2,95.40920745693808,31373
"(0.8702889400021048, 0.9572437766315318)",1,95.40906383423682,31374
"(0.8388048698116161, 0.9861673414304992)",1,95.40896609129804,31375
"(0.7026153868908955, 0.9712822597033124)",1,95.40886696098782,31376
"(0.9166682405676116, 1.0)",1,95.40886406475626,31377
"(0.8384307029790694, 0.96857934894835)",1,95.40877261674416,31378
"(0.863519546228977, 0.9646309224447688)",1,95.4087498943493,31379
"(0.9624885121068328, 0.9549988749718742)",2,95.40870186111847,31381
"(0.7042648709315374, 1.0)",2,95.40867833587772,31383
"(0.9385964912280702, 0.9691818330194464)",1,95.408301175738,31384
"(0.9350193449813944, 0.9537330920118182)",1,95.40824559892664,31385
"(0.8219317364145453, 0.9646309224447688)",1,95.40803394265733,31386
"(0.9080705009276436, 0.9539272400433172)",1,95.40798504784868,31387
"(0.9665831244778612, 0.9833229101521784)",1,95.40789368889786,31388
"(0.8459266053144301, 0.9749910873440284)",1,95.40787247485444,31389
"(0.9539272400433172, 0.9536268754076972)",1,95.40777465022792,31390
"(0.9609357631051972, 0.9568045886851652)",1,95.40771822084125,31391
"(0.9429917021753756, 0.9540153992631536)",1,95.40752455523416,31392
"(0.798857609139127, 0.964269276237512)",1,95.4073172318902,31393
"(0.3592666181139386, 0.9529751605618932)",1,95.407283975027,31394
"(0.8613133624575272, 0.9624885121068328)",2,95.40717204909296,31396
"(0.7179548459289354, 0.97736420606879)",1,95.40716710493082,31397
"(0.869342312953804, 0.964269276237512)",1,95.4071595574105,31398
"(0.6020449077786688, 0.9764666952752286)",1,95.40708930968266,31399
"(0.8449106413122807, 0.964269276237512)",1,95.40689984407598,31400
"(0.897953216374269, 0.9575126626788776)",1,95.40662886891523,31401
"(0.9388917411828462, 0.9572437766315318)",1,95.4065127607534,31402
"(0.9499687304565352, 0.9833229101521784)",1,95.40604171656476,31403
"(0.9442283950617284, 1.0)",2,95.40596114301027,31405
"(0.7578328648096089, 0.9764666952752286)",1,95.4059488296247,31406
"(0.4904871668221649, 0.9692608993981562)",1,95.40592642157608,31407
"(0.8294970161977834, 1.0)",1,95.4058774428709,31408
"(0.8137861130877186, 0.964269276237512)",1,95.4058372035986,31409
"(1.0, 1.0)",1,95.40560208495698,31410
"(0.9160264866799612, 0.9861673414304992)",1,95.40537207509664,31411
"(0.7778393157470125, 0.9650450950662368)",1,95.40530419488012,31412
"(0.9385964912280702, 0.9556541264979026)",1,95.40525633780705,31413
"(0.9238400660955778, 0.9575913511472004)",1,95.40504125215936,31414
"(0.8846362470895226, 0.9540153992631536)",1,95.40472568043288,31415
"(0.8645256232686982, 0.9736842105263158)",1,95.40453353556155,31416
"(0.9496114574862204, 0.961863734885611)",1,95.40452462551244,31417
"(0.685541383296858, 0.9712833150936324)",1,95.40437981418096,31418
"(0.8148308968977662, 0.9861673414304992)",1,95.40428273853968,31419
"(0.852417321342681, 0.9736842105263158)",1,95.40401592597594,31420
"(0.8173762627724085, 0.9599989999749994)",1,95.40391530569252,31421
"(0.8446656518117621, 0.9735486410250802)",3,95.40384093678688,31424
"(0.9499887474681804, 0.9499799919967988)",1,95.40377947558773,31425
"(0.5466837142306626, 0.9861673414304992)",1,95.40377428417682,31426
"(0.900838851006521, 0.9534238578055784)",2,95.40362315389127,31428
"(0.8103667838961957, 0.9536268754076972)",3,95.40360737086266,31431
"(0.9678176625650188, 0.9749052909377262)",1,95.40344142754464,31432
"(0.7404350561362756, 0.972045976510262)",1,95.4034016697057,31433
"(0.9574285714285714, 0.9572437766315318)",1,95.40320740710398,31434
"(0.9153439153439156, 0.9833229101521784)",2,95.40303093685192,31436
"(0.5439418946866578, 0.9719561653550308)",1,95.40290850282464,31437
"(0.9715593185206444, 0.9643698138596096)",1,95.40276546347684,31438
"(0.8685902992776057, 0.9173033965290108)",1,95.40267969727934,31439
"(0.8456272791248162, 0.9642857142857144)",2,95.4026182358235,31441
"(0.765692887308966, 0.9861310021084456)",1,95.4025469615021,31442
"(0.8750020493421985, 0.9736189431913116)",3,95.402340185814,31445
"(0.8887940768066828, 0.964269276237512)",1,95.40228611538154,31446
"(0.7678405315614618, 0.9764666952752286)",1,95.40223712791756,31447
"(0.7294281157362763, 1.0)",1,95.40218148773944,31448
"(0.9224996008939976, 0.962470105966915)",1,95.40208863034206,31449
"(0.9876221896383188, 0.9876066164491212)",1,95.40207472446816,31450
"(0.8796475392220073, 0.9833229101521784)",1,95.40194186329244,31451
"(0.9424967654430562, 0.9549898727213622)",1,95.4019198294272,31452
"(0.3636586849292732, 0.9722906292310372)",1,95.40188826211772,31453
"(0.9162596992611264, 0.972045976510262)",1,95.40188628514484,31454
"(0.8895939931776995, 0.9622598627787308)",1,95.4017463181979,31455
"(0.922324745206372, 0.96)",1,95.40151580092106,31456
"(0.812418383596075, 0.9650450950662368)",1,95.40140164793009,31457
"(0.8894752290768013, 0.960851077856154)",1,95.401379707111,31458
"(0.7602379596828609, 0.9622598627787308)",1,95.40130674505212,31459
"(0.9187883397948668, 0.9678176625650188)",1,95.40123286227016,31460
"(0.9068661074437891, 0.9374964841772352)",1,95.40115392533424,31461
"(0.8619023359137593, 0.9779263059241357)",8,95.40112421293198,31469
"(0.8420013166556946, 1.0)",1,95.40090739343589,31470
"(0.5529564209234128, 0.964269276237512)",2,95.40085763660404,31472
"(0.5192654074004637, 0.9749976368471018)",1,95.40075184688416,31473
"(0.9161952650324744, 1.0)",1,95.40056088652824,31474
"(0.9233339198521971, 0.9645938855657314)",1,95.40051353815836,31475
"(0.4380978837816118, 0.95281045751634)",1,95.40042484014502,31476
"(0.7673678366541239, 1.0)",1,95.40014953824894,31477
"(0.9665831244778612, 1.0)",1,95.40012910661828,31478
"(0.8130477958637364, 0.9780434995701116)",1,95.40010152107696,31479
"(0.8132775534810647, 0.964269276237512)",1,95.39969254702628,31480
"(0.3793588847294121, 0.9760089864441872)",1,95.39955672140944,31481
"(0.9462256234379848, 0.960851077856154)",1,95.39939601114357,31482
"(0.7259530953852703, 0.9643944553313464)",1,95.39936265444028,31483
"(0.6043417366946778, 0.960851077856154)",1,95.39932382990143,31484
"(0.7168719671519223, 0.991206314397104)",1,95.39928660390436,31485
"(0.863519546228977, 0.9601502499942144)",3,95.39924591368111,31488
"(0.7023478891305559, 0.9764666952752286)",1,95.39911226041949,31489
"(0.7931486840292131, 0.9622641509433963)",1,95.3990425133243,31490
"(0.8855699370755157, 0.960851077856154)",1,95.39901747105604,31491
"(0.9497171590194846, 1.0)",1,95.3989896060992,31492
"(0.8132775534810647, 0.964269276237512)",2,95.3987517202482,31494
"(0.8806608357628766, 0.9573389777809668)",3,95.39866712312956,31497
"(0.9350193449813944, 0.957036102484472)",1,95.39851886188784,31498
"(0.8898894074675324, 0.9571428571428572)",1,95.39830757667252,31499
"(0.9301209372637944, 0.9861310021084456)",1,95.3982834482555,31500
"(0.8513842746400886, 0.9650450950662368)",1,95.39813552635968,31501
"(0.9364970967817766, 0.9610899532226684)",1,95.39805864358556,31502
"(0.9165867390570612, 0.9501177394034536)",1,95.39797255374016,31503
"(0.8871082621082622, 0.9861310021084456)",2,95.39784612851344,31505
"(0.8103292776312431, 0.9610153569597296)",1,95.39772938252756,31506
"(0.7368760064412239, 0.9861673414304992)",1,95.39770265723374,31507
"(0.7800511508951407, 0.9474444882407044)",1,95.397691378294,31508
"(0.9506883741258744, 0.960851077856154)",1,95.39766963179228,31509
"(0.9165867390570612, 0.9539272400433172)",1,95.39728471793184,31510
"(0.8766640111271459, 0.9680383516315252)",1,95.39721114943146,31511
"(0.8567210567210567, 0.9861673414304992)",1,95.3970295653168,31512
"(0.9234894220441888, 0.974510162476694)",2,95.3969919734608,31514
"(0.9665831244778612, 1.0)",1,95.39667429095726,31515
"(0.4943189964157706, 1.0)",1,95.39648179397868,31516
"(0.6936817460684196, 0.9824126287942077)",3,95.39642154549132,31519
"(0.9326599326599326, 1.0)",1,95.3962086470053,31520
"(0.8098502304147466, 0.9749910873440284)",2,95.39604655088183,31522
"(0.8103667838961957, 0.9609357631051972)",1,95.39601024552294,31523
"(0.9153439153439156, 0.9833229101521784)",1,95.39600970632156,31524
"(0.7943622269203664, 0.9764666952752286)",1,95.39576476359191,31525
"(0.960851077856154, 0.960851077856154)",1,95.39570295357156,31526
"(0.8685314685314685, 0.9764666952752286)",1,95.39569820456512,31527
"(0.8449106413122807, 0.964269276237512)",1,95.39565753966548,31528
"(0.8660545355265853, 0.9749910873440284)",1,95.39546832581524,31529
"(1.0, 1.0)",1,95.3953940992885,31530
"(0.9462256234379848, 0.9573389777809668)",1,95.39533359426204,31531
"(0.5167206104706105, 0.9736404636683912)",1,95.3950469799502,31532
"(0.5999454409056809, 0.9529751605618932)",1,95.39482562038376,31533
"(0.9361428571428572, 0.9610153569597296)",1,95.39463059556805,31534
"(0.779286067193676, 0.9749910873440284)",1,95.39449046494065,31535
"(0.934065934065934, 0.9833229101521784)",2,95.39439014452056,31537
"(0.9041196741854636, 0.9736842105263158)",3,95.39426454948226,31540
"(0.6767580302172832, 0.9861310021084456)",1,95.39408350730248,31541
"(0.838301471154743, 0.972045976510262)",1,95.39390569244296,31542
"(0.8771934243211048, 0.9572437766315318)",1,95.39387975845364,31543
"(0.9502288074111276, 0.9644491481508056)",1,95.39324657604988,31544
"(0.8449106413122807, 0.964269276237512)",1,95.39305162050915,31545
"(0.9020800849800285, 0.9575126626788776)",3,95.39296293696462,31548
"(0.9069410647702764, 0.9524997031231444)",1,95.39272012640896,31549
"(0.9666666666666668, 1.0)",1,95.39254043926628,31550
"(0.869254101161996, 0.9690968282937898)",1,95.3924217270939,31551
"(0.9318857896881138, 0.9644491481508056)",1,95.39234935780276,31552
"(0.8762860082304527, 1.0)",2,95.3923484503176,31554
"(0.91326516498939, 0.979108734402852)",1,95.39207085462712,31555
"(0.8898894074675324, 0.960851077856154)",1,95.39179458567234,31556
"(0.8551452042262022, 0.9599989999749994)",1,95.39160538860668,31557
"(0.8888862427562119, 0.9495014245014244)",1,95.3915126547788,31558
"(0.9540153992631536, 0.9679690637004894)",1,95.39150753009253,31559
"(0.5874751891549204, 0.9780434995701116)",1,95.3914701378105,31560
"(0.8535870458655268, 0.9541744135351724)",1,95.39146762161818,31561
"(0.7545918011034292, 0.9529751605618932)",1,95.39136759563084,31562
"(0.7833537331701346, 0.9764666952752286)",2,95.391144414356,31564
"(0.8996408045977011, 0.9749910873440284)",1,95.39103657827158,31565
"(0.779286067193676, 0.9749910873440284)",1,95.39101334430342,31566
"(0.9041196741854636, 0.9736842105263158)",1,95.39088800927664,31567
"(0.5070372093557577, 0.972281746031746)",2,95.39069894118006,31569
"(0.3629356836243083, 0.9773640044423484)",1,95.3906851494819,31570
"(0.945600047211127, 0.9642857142857144)",1,95.39067718513716,31571
"(0.9067863328609668, 0.945)",3,95.39061071834271,31574
"(0.9540153992631536, 0.9571428571428572)",1,95.39055812363831,31575
"(0.8771934243211048, 0.93600846667145)",1,95.39054330829242,31576
"(0.9432380952380952, 0.9610899532226684)",3,95.3902745882785,31579
"(0.9469408453036384, 0.9610899532226684)",1,95.390130845212,31580
"(0.9715593185206444, 0.960851077856154)",3,95.38974064241862,31583
"(0.8016677935542034, 1.0)",1,95.38969625320112,31584
"(0.9497171590194848, 1.0)",1,95.38967644683724,31585
"(0.897501440533549, 0.9601502499942144)",1,95.38963198583156,31586
"(0.8498641779745659, 0.9599909979745442)",1,95.38963198554492,31587
"(0.960851077856154, 0.9571428571428572)",1,95.38958152587637,31588
"(0.8311329582337986, 0.9861310021084456)",1,95.38954089954444,31589
"(0.6870644599303137, 0.9861310021084456)",1,95.38952561740967,31590
"(0.838301471154743, 0.972045976510262)",1,95.38941013733216,31591
"(0.8944854464767291, 0.9610899532226684)",1,95.38929141531976,31592
"(0.9431186370412892, 0.960851077856154)",1,95.389044957527,31593
"(0.826804915514593, 0.9537330920118182)",1,95.389036217277,31594
"(0.9528533742496432, 0.9607612022680516)",1,95.38902142020191,31595
"(0.8708656432979902, 0.9549898727213622)",1,95.38889975885763,31596
"(0.8846362470895226, 0.960851077856154)",1,95.38880283421967,31597
"(0.9641028246291404, 0.952999227799228)",1,95.3884468362825,31598
"(0.9669795885118464, 0.9873444118605408)",1,95.38844341230076,31599
"(0.7976364522417154, 0.9649122807017544)",3,95.38840544978572,31602
"(0.9572437766315318, 0.9644491481508056)",1,95.38805528764914,31603
"(0.6361158710730316, 0.9764666952752286)",1,95.38783235441728,31604
"(0.7348436174331348, 0.9861310021084456)",1,95.38778115458052,31605
"(0.8306479779411763, 0.9622598627787308)",1,95.38745738740076,31606
"(1.0, 1.0)",1,95.38741352640994,31607
"(0.8449106413122807, 0.964269276237512)",1,95.38737808568902,31608
"(0.5342296694992609, 0.9837466211409872)",1,95.38713135460556,31609
"(0.8231120738827542, 0.9624885121068328)",1,95.3870240073747,31610
"(0.8686559598432304, 0.9538370349708868)",1,95.38699636012412,31611
"(0.6085487618529295, 0.9767441860465116)",1,95.38694983514972,31612
"(0.9275802828069248, 0.9644491481508056)",2,95.386908014632,31614
"(0.812418383596075, 0.9650450950662368)",1,95.38689733205156,31615
"(0.8603682325904547, 0.972045976510262)",1,95.38686860111252,31616
"(0.8600428777729004, 0.9574784734771978)",1,95.38678087210944,31617
"(0.4780938228629602, 0.9849948398476348)",1,95.3863739433127,31618
"(0.8860455063826657, 0.9861673414304992)",1,95.38624683951362,31619
"(0.972281746031746, 0.9861673414304992)",1,95.3861995013316,31620
"(0.9067863328609668, 0.954995499549955)",3,95.38618606806548,31623
"(0.8141106354402753, 0.9601502499942144)",1,95.38609294629843,31624
"(0.8883678678403513, 0.9861673414304992)",1,95.38607906459768,31625
"(0.8459744503862151, 0.972045976510262)",1,95.38605831739524,31626
"(0.9860411258716344, 0.972045976510262)",2,95.38603476721956,31628
"(0.8453642237906118, 0.960851077856154)",4,95.3859409254409,31632
"(0.8123989898989897, 0.9495014245014244)",1,95.38575847045252,31633
"(0.6384521701955596, 0.9692608993981562)",1,95.38567011055204,31634
"(0.7709171448706333, 0.964269276237512)",2,95.38554734444038,31636
"(0.9225446428571428, 0.9749656593406592)",1,95.38544074088055,31637
"(0.852, 0.9495058714870036)",1,95.3853209608258,31638
"(0.8672602388063438, 0.9549718574108818)",1,95.38527345032662,31639
"(0.9166145507608924, 1.0)",1,95.3851381598789,31640
"(0.8937533848783131, 0.9610153569597296)",1,95.38511253724656,31641
"(0.8814591883264935, 0.9643944553313464)",1,95.38508843156016,31642
"(0.9537330920118182, 0.9609357631051972)",2,95.38506412338518,31644
"(0.7778533896115083, 0.9824126287942077)",3,95.38506150207154,31647
"(0.9624885121068328, 0.954995499549955)",1,95.38499264464114,31648
"(0.8055555555555556, 0.9722222222222222)",1,95.3849583490848,31649
"(0.5225149242069073, 0.9787365373996316)",1,95.38484686484894,31650
"(0.751080181203132, 0.9861673414304992)",1,95.38468265408083,31651
"(0.9326599326599326, 0.9833229101521784)",1,95.3846191833522,31652
"(0.6384521701955596, 0.9690057499955)",2,95.38456616307369,31654
"(0.9537330920118182, 0.9503333333333333)",1,95.38450415163828,31655
"(0.9310483384791604, 0.972252530763169)",1,95.3843416970009,31656
"(0.869342312953804, 0.964269276237512)",1,95.38424606992004,31657
"(0.826804915514593, 0.960851077856154)",1,95.3842144110993,31658
"(0.8686037591100882, 0.9571428571428572)",1,95.38407650972646,31659
"(0.9165867390570612, 0.9536268754076972)",1,95.3840576486197,31660
"(0.7289193040024178, 0.9736842105263158)",1,95.38404264712057,31661
"(0.4627097155913258, 0.9719595458771906)",1,95.38402236844664,31662
"(0.7348436174331348, 0.972281746031746)",1,95.38401142485978,31663
"(0.9235929095176316, 0.9540977572753596)",1,95.38381246563608,31664
"(0.8233703746133577, 1.0)",1,95.38377248270896,31665
"(0.9392111404005912, 0.95)",1,95.38373085858134,31666
"(0.9093334120185448, 0.9575913511472004)",3,95.38372602210744,31669
"(0.929936943248924, 0.9599989999749994)",1,95.3835298830485,31670
"(0.9361428571428572, 0.95)",1,95.38344440308356,31671
"(0.6870644599303137, 0.972045976510262)",1,95.3834258818186,31672
"(0.8456659619450317, 0.9764666952752286)",1,95.3827632166782,31673
"(0.787221770032878, 0.9624978905063408)",1,95.3827158370745,31674
"(0.9459285785969274, 0.9644491481508056)",1,95.38261070290366,31675
"(0.9017623122369548, 0.939055706563049)",1,95.38255421978609,31676
"(0.6886904761904762, 1.0)",1,95.38248613322722,31677
"(0.9020800849800285, 0.9610899532226684)",1,95.38242444733002,31678
"(0.7770017887205386, 0.9861673414304992)",1,95.38213791092544,31679
"(0.7995374852332192, 0.9650450950662368)",1,95.38208644737335,31680
"(0.6164277827081168, 0.9650450950662368)",1,95.3820226890482,31681
"(0.8525073746312686, 0.9574784734771978)",1,95.38200609976997,31682
"(0.9364970967817766, 0.9573389777809668)",1,95.38199723247332,31683
"(0.8458949964763919, 0.9539707149009474)",1,95.38190706605542,31684
"(0.3828732626211156, 0.976688047608407)",1,95.38188637724728,31685
"(0.627221511260168, 0.9539707149009474)",1,95.3818129624282,31686
"(0.931159364670003, 0.9861673414304992)",1,95.38174955358824,31687
"(0.7711781618000022, 1.0)",2,95.38173734202586,31689
"(0.9537330920118182, 0.9645238095238096)",1,95.38169222839277,31690
"(0.7923306301473605, 0.9643944553313464)",1,95.3816423715704,31691
"(0.656307097369308, 0.9764666952752286)",1,95.3815690035469,31692
"(0.8632321428571428, 0.9539272400433172)",1,95.38134642875424,31693
"(0.9240041208791208, 0.9749910873440284)",1,95.38131141502164,31694
"(0.9224996008939976, 0.9622598627787308)",1,95.38123424585103,31695
"(0.8993301094022514, 0.9622641509433963)",1,95.38121236782644,31696
"(0.9198203842940684, 0.9540153992631536)",1,95.3811681767326,31697
"(0.927109440267335, 0.9715593185206444)",1,95.38113971690076,31698
"(0.8258152104305951, 0.95749335833724)",1,95.38110003276584,31699
"(0.5626274989800081, 0.9650450950662368)",1,95.38096006486046,31700
"(0.9643698138596096, 0.9642857142857144)",4,95.38072367506344,31704
"(0.7472307467415887, 0.9650450950662368)",1,95.38071800450628,31705
"(0.9432380952380952, 0.960851077856154)",1,95.38068236631496,31706
"(0.8027044799462303, 0.976688808720982)",1,95.38035434147253,31707
"(0.6961063627730295, 1.0)",1,95.3801315548157,31708
"(0.7707669475804315, 0.9646309224447688)",1,95.38011267577502,31709
"(0.8143540514876735, 0.964731521366774)",1,95.38010577440907,31710
"(0.7935498742420971, 0.964731521366774)",3,95.38009801077575,31713
"(0.4468328406505846, 0.9861673414304992)",1,95.37998588663218,31714
"(0.8312205288949474, 0.988167361639188)",1,95.379879326868,31715
"(0.9297029951545278, 0.9549898727213622)",2,95.37978602923144,31717
"(0.911021218587008, 0.9691818330194464)",1,95.37954860831378,31718
"(0.911911525974026, 0.9537330920118182)",1,95.37952389725584,31719
"(0.9362689940183164, 0.9568045886851652)",6,95.3795130626889,31725
"(0.9287396277192196, 0.9716190476190476)",1,95.3794041521018,31726
"(0.7778393157470125, 0.9767441860465116)",1,95.37933194286688,31727
"(0.8351110130322311, 0.9557886530559612)",3,95.37932486428303,31730
"(0.8074780204479453, 0.9622598627787308)",1,95.37931916617688,31731
"(0.8991833854219174, 0.9474734084130092)",1,95.3793131738487,31732
"(0.826804915514593, 0.960851077856154)",1,95.37929754465068,31733
"(0.9086695042340204, 0.987491854024112)",1,95.37916458334706,31734
"(0.8876473063973064, 0.9861673414304992)",2,95.37914300120954,31736
"(0.9916625936787228, 0.9832462877624168)",2,95.37896045726828,31738
"(0.9102539775554236, 0.9748802746905214)",1,95.37891695590172,31739
"(0.9610899532226684, 0.95)",1,95.3787515741464,31740
"(0.9599959995999598, 0.9599989999749994)",1,95.37846710103642,31741
"(0.9145814491005928, 0.9399984999624992)",1,95.37844405339597,31742
"(0.9549819927971188, 0.9574976092405196)",1,95.37825681496768,31743
"(0.7304742252709461, 0.9764666952752286)",1,95.37809104521158,31744
"(0.8920944650062507, 0.9528125324922884)",1,95.37800008009374,31745
"(0.7323163951070927, 0.9650076460904662)",1,95.37795560990712,31746
"(0.8955173107890498, 0.9749910873440284)",1,95.37795269733898,31747
"(0.7923306301473605, 0.95153153367707)",1,95.37791058958209,31748
"(0.7725182451236846, 0.9764666952752286)",1,95.37777321868826,31749
"(0.7453091184935634, 0.991206314397104)",1,95.37763656280734,31750
"(0.8137865219658889, 0.9833229101521784)",1,95.37736081308564,31751
"(0.7434518366201162, 0.9690968282937898)",1,95.37735869108784,31752
"(0.9539272400433172, 0.960851077856154)",1,95.37701203883884,31753
"(0.9098809643282124, 0.9610899532226684)",2,95.37699014582118,31755
"(0.7323163951070927, 0.9650076460904662)",2,95.37674816354304,31757
"(0.844988344988345, 1.0)",2,95.37647596147931,31759
"(0.8804215399610136, 0.9779870235853187)",1,95.37639891695204,31760
"(0.7820135271430143, 0.9643944553313464)",1,95.37597282742732,31761
"(0.7289193040024178, 0.9736842105263158)",1,95.37579418975618,31762
"(0.7090909090909091, 0.9833229101521784)",1,95.375671529572,31763
"(0.962505246140658, 0.968679939078421)",1,95.37561174105556,31764
"(0.6326954876802936, 0.9861673414304992)",1,95.3748821747948,31765
"(0.960851077856154, 0.9536268754076972)",2,95.37485090847862,31767
"(0.6530678548222407, 0.9736189431913116)",3,95.37425485572066,31770
"(0.902764590611026, 0.9916585206907788)",1,95.3738258219901,31771
"(0.7678405315614618, 0.9764666952752286)",1,95.37380869137222,31772
"(1.0, 1.0)",1,95.37370883053374,31773
"(0.751080181203132, 0.9861673414304992)",1,95.37365762670464,31774
"(0.8352271364897016, 0.964269276237512)",1,95.37349431256722,31775
"(0.8449106413122807, 0.964269276237512)",1,95.37342051698684,31776
"(0.8879608405415911, 0.9766918866148322)",1,95.37330568109844,31777
"(0.9438271604938272, 0.9861673414304992)",2,95.37321095319088,31779
"(0.9373586654890096, 0.9624978905063408)",1,95.37316068174184,31780
"(0.6575398846941737, 1.0)",1,95.3731456563616,31781
"(0.8846362470895226, 0.9712822597033124)",1,95.37313419527696,31782
"(0.8475002808673183, 0.972420634920635)",1,95.37301978665036,31783
"(0.8420013166556946, 1.0)",1,95.3730182935918,31784
"(0.9540153992631536, 0.9610899532226684)",1,95.37288646896572,31785
"(0.9082051469489508, 0.9736189431913116)",3,95.37275043943018,31788
"(0.9540153992631536, 0.9536268754076972)",1,95.37272459482534,31789
"(0.7545918011034292, 0.953869399553278)",1,95.37268869538954,31790
"(0.8974984433303618, 0.9539413976621984)",2,95.37250996165092,31792
"(0.960851077856154, 0.960666032023912)",1,95.3724646993356,31793
"(0.939055706563049, 0.9572437766315318)",1,95.37215608253602,31794
"(0.9436368312757202, 0.9861673414304992)",1,95.37213836397962,31795
"(0.9162596992611264, 0.972420634920635)",1,95.3720738649303,31796
"(0.8098502304147466, 0.9749910873440284)",1,95.3720418430162,31797
"(0.8975998588152243, 0.9540153992631536)",1,95.3719523694039,31798
"(0.8680947159565582, 0.9692608993981562)",1,95.3718235773992,31799
"(0.8484583260465807, 0.9726351257653078)",1,95.37175363140196,31800
"(0.7532376017916352, 1.0)",2,95.37170277535316,31802
"(0.8085259100433108, 0.9861673414304992)",1,95.37156703557092,31803
"(0.930124456440246, 1.0)",1,95.37154525918233,31804
"(0.9388917411828462, 0.9572437766315318)",1,95.3714316723985,31805
"(0.9350193449813944, 0.9462256234379848)",1,95.3712945515056,31806
"(0.7836974395113928, 0.988167361639188)",1,95.37116529035458,31807
"(0.8449978636391381, 0.9885557944107872)",1,95.37114375132988,31808
"(0.9198203842940684, 0.9573389777809668)",1,95.3710581828371,31809
"(0.5187734941865547, 0.9861310021084456)",1,95.37086358618627,31810
"(0.8141106354402753, 0.9601502499942144)",3,95.37083061037724,31813
"(0.8349608011027915, 0.9690968282937898)",4,95.37058220105874,31817
"(0.9532701550221768, 0.9537330920118182)",1,95.37054372754724,31818
"(0.9238400660955778, 0.978518051242236)",1,95.3705206525384,31819
"(0.8811945374355704, 1.0)",1,95.37042931504048,31820
"(0.6892156862745098, 0.972420634920635)",1,95.3703644865446,31821
"(0.9450323339212228, 0.972045976510262)",1,95.37005916451994,31822
"(0.8933617810760668, 0.9540153992631536)",3,95.36999618743248,31825
"(0.9238400660955778, 0.9469408453036384)",3,95.36995453236555,31828
"(0.9333333333333332, 1.0)",1,95.36989589863197,31829
"(0.852, 0.9622598627787308)",1,95.36963269564424,31830
"(0.9002005347593582, 0.9495014245014244)",1,95.3695461473714,31831
"(0.7103786816269286, 0.9780434995701116)",1,95.36890465847222,31832
"(0.6746336326928433, 0.964731521366774)",3,95.36880557690188,31835
"(0.8131627957608075, 0.964269276237512)",2,95.36861673894391,31837
"(0.8274062797908469, 0.9691818330194464)",1,95.3683145447153,31838
"(0.9373666512059368, 0.9495058714870036)",1,95.36825197122069,31839
"(0.9422394177612392, 0.9505232430050672)",1,95.36810079879348,31840
"(0.9873891625615764, 0.987463247273494)",1,95.36778658070254,31841
"(0.9318857896881138, 0.9463627709416984)",1,95.36774470838886,31842
"(0.7800511508951407, 0.9549718574108818)",1,95.3673550267231,31843
"(0.9315095328894416, 0.9610899532226684)",1,95.36705499416696,31844
"(0.7707669475804315, 0.9646309224447688)",1,95.36701562580711,31845
"(0.5466837142306626, 0.9861673414304992)",2,95.36680877292636,31847
"(0.9045708198051948, 0.9501177394034536)",1,95.36669454236528,31848
"(0.828966378966379, 0.9722222222222222)",1,95.3666492484496,31849
"(0.9250895679662802, 0.9572437766315318)",3,95.36650013513568,31852
"(0.8933617810760668, 0.9540153992631536)",1,95.36642391824542,31853
"(0.6530678548222407, 0.960572483841182)",1,95.36626337186478,31854
"(0.3702168012422018, 0.9604782992262008)",1,95.36624863214765,31855
"(0.9004206187154333, 0.9601502499942144)",1,95.36612771199556,31856
"(0.8455704732698088, 0.972045976510262)",1,95.36609620037336,31857
"(0.9394971203231468, 0.9575913511472004)",3,95.36587288964124,31860
"(0.7820135271430143, 0.9643944553313464)",2,95.3657984450524,31862
"(0.7600022352306796, 0.9692608993981562)",1,95.36557822986512,31863
"(0.8467135862913097, 0.962470105966915)",2,95.36544786291915,31865
"(0.9628689175769612, 0.9749910873440284)",2,95.3654275620471,31867
"(0.9350193449813944, 0.9466151061674828)",1,95.3652298743566,31868
"(0.9205517358458536, 0.9715098411076398)",1,95.36521947429992,31869
"(0.9168447876447876, 0.960851077856154)",1,95.36512410888176,31870
"(0.9599749843652282, 0.9574784734771978)",1,95.36509525064388,31871
"(0.6911324786324786, 0.9861310021084456)",1,95.36478041249067,31872
"(0.9422394177612392, 0.9539272400433172)",1,95.3643266349448,31873
"(0.9166682405676116, 1.0)",2,95.3641832259354,31875
"(0.8564088034923205, 0.9876066164491212)",1,95.36407406729148,31876
"(0.9539272400433172, 0.9497439544807966)",1,95.36405516526496,31877
"(0.8472645812528676, 0.9680383516315252)",1,95.363926033843,31878
"(0.9459285785969274, 0.9573389777809668)",1,95.36382738612096,31879
"(0.8755069547906272, 0.9690968282937898)",4,95.36363069098076,31883
"(0.8734924499861754, 0.9511418561141246)",3,95.36362390068206,31886
"(0.9311507936507936, 0.972420634920635)",1,95.36355383094968,31887
"(0.8101143854687974, 1.0)",1,95.363509029116,31888
"(0.940074233084456, 0.9536268754076972)",3,95.36342811259296,31891
"(0.9202657807308968, 0.9539707149009474)",1,95.36322146137672,31892
"(0.746671365914787, 0.9601502499942144)",3,95.36293682994972,31895
"(0.6747507742934573, 1.0)",1,95.36293293788692,31896
"(0.9666562434855118, 1.0)",1,95.36284664482076,31897
"(0.8395301149279116, 0.9643944553313464)",1,95.36270475286088,31898
"(0.8317601729721721, 0.9691818330194464)",3,95.36269740149864,31901
"(0.8653198653198653, 0.9833229101521784)",1,95.36266388439816,31902
"(0.9350193449813944, 0.960851077856154)",1,95.36263160676788,31903
"(0.933813275065647, 0.9873891625615764)",1,95.3624675096274,31904
"(0.8976982097186702, 0.9833229101521784)",1,95.36218755159426,31905
"(0.8480357142857143, 0.9471243233098142)",1,95.3621855638237,31906
"(0.9610153569597296, 0.9681034738761426)",1,95.3620965708255,31907
"(0.7992282793924381, 0.9643944553313464)",1,95.3620158817252,31908
"(0.9432380952380952, 0.9610899532226684)",1,95.36156531413364,31909
"(0.9212328545548654, 0.9575126626788776)",3,95.36155315434894,31912
"(0.620130835563485, 0.9649122807017544)",1,95.36154899960164,31913
"(0.9833040078201368, 0.9958292603453894)",1,95.3614562037605,31914
"(0.8136244723706807, 0.9643944553313464)",1,95.36144657111606,31915
"(0.9469408453036384, 0.9610899532226684)",3,95.36138228350828,31918
"(0.931093393134094, 0.9538331745788698)",1,95.36122732629278,31919
"(0.8166003784222112, 0.9736189431913116)",1,95.36102416163055,31920
"(0.7050663794439956, 0.9289986228605154)",3,95.3607791496908,31923
"(0.8920790698579406, 0.9610899532226684)",1,95.36077750865788,31924
"(0.9238400660955778, 0.9610899532226684)",1,95.36068292129106,31925
"(0.8702889400021048, 0.9680383516315252)",1,95.36060505685904,31926
"(0.9067863328609668, 0.9374526986033186)",1,95.36052560293284,31927
"(0.8310457516339869, 0.9289986228605154)",1,95.36033007475152,31928
"(0.7647742788871822, 1.0)",1,95.36031898669113,31929
"(0.4988165808959242, 0.964269276237512)",1,95.36017406889452,31930
"(0.7999088007295942, 0.988167361639188)",1,95.36010005417133,31931
"(0.7729389061386163, 0.988167361639188)",1,95.36003231567187,31932
"(0.843845350684385, 0.9537330920118182)",1,95.35999617653704,31933
"(0.8563094906941128, 0.9736842105263158)",1,95.35994496500132,31934
"(0.3629356836243083, 0.9739862103357676)",1,95.359794561986,31935
"(0.8449106413122807, 0.964269276237512)",2,95.35976482071844,31937
"(0.8333192389006343, 0.951578401747332)",1,95.35975001592072,31938
"(0.9462256234379848, 0.9680383516315252)",1,95.35970854576352,31939
"(0.9497171590194846, 1.0)",2,95.3594598243158,31941
"(0.8224713709935384, 0.9645238095238096)",1,95.3593698019071,31942
"(0.9494594905410846, 0.960666032023912)",1,95.35924925579472,31943
"(0.7923306301473605, 0.9643944553313464)",1,95.35920826697716,31944
"(0.8475002808673183, 0.9861673414304992)",1,95.359082889116,31945
"(0.8340799485585682, 0.9764666952752286)",1,95.3590812877306,31946
"(0.9021765712888236, 0.95749335833724)",1,95.35863527221258,31947
"(0.8948142000428356, 0.9749656593406592)",1,95.35862410339932,31948
"(0.8937533848783131, 0.9576647311878512)",1,95.35814548834882,31949
"(0.9350193449813944, 0.9497439544807966)",1,95.3579214605564,31950
"(0.8551452042262022, 0.9524997031231444)",1,95.35786791005724,31951
"(0.926397848615755, 0.9824126287942077)",1,95.35731340175457,31952
"(0.7736869137404373, 0.9690968282937898)",1,95.3572919930809,31953
"(0.8806608357628766, 0.946730586052542)",1,95.35718898700904,31954
"(0.7971433156796661, 0.9599959995999598)",1,95.3571235852431,31955
"(0.8226000003393725, 0.9646309224447688)",3,95.35708474751728,31958
"(0.7474747474747474, 0.9643944553313464)",1,95.35704622780366,31959
"(0.9422394177612392, 0.960851077856154)",1,95.35693908362146,31960
"(0.542759392515396, 0.9648252575884156)",1,95.3568188724316,31961
"(0.7127034737372042, 0.9574976092405196)",1,95.35652244549097,31962
"(0.8224631915554647, 0.9764666952752286)",1,95.35648157829866,31963
"(0.8390424521630195, 0.9861673414304992)",1,95.35643766524858,31964
"(0.9308697752778572, 0.9677353740627908)",1,95.3564312194904,31965
"(0.9202657807308968, 0.9539707149009474)",2,95.3564023065866,31967
"(0.9497439544807966, 0.9540153992631536)",1,95.35636747014756,31968
"(0.8810064268049709, 0.960572483841182)",1,95.35636070916678,31969
"(0.798857609139127, 0.964269276237512)",1,95.35608766530478,31970
"(0.7348436174331348, 0.972281746031746)",1,95.3560331500851,31971
"(0.8887940768066828, 0.964269276237512)",1,95.3560114216112,31972
"(0.5614672715017034, 0.9824126287942077)",3,95.3560100026257,31975
"(0.9382963205525124, 0.9495014245014244)",1,95.35599343311644,31976
"(0.779286067193676, 0.9749910873440284)",1,95.35589728589036,31977
"(0.9164652836623464, 1.0)",2,95.35571841694517,31979
"(0.92008547008547, 0.9536268754076972)",1,95.35554025354158,31980
"(0.8311329582337986, 0.972045976510262)",2,95.35553826335293,31982
"(0.863519546228977, 0.9646309224447688)",1,95.35528494616996,31983
"(0.8845244231527244, 0.9650076460904662)",1,95.35509830628982,31984
"(0.828966378966379, 0.9861673414304992)",1,95.35506904937326,31985
"(0.92008547008547, 0.960851077856154)",1,95.35505992891191,31986
"(0.9160323884095494, 0.9712822597033124)",1,95.35491758363608,31987
"(0.960851077856154, 0.9571428571428572)",1,95.35469757693735,31988
"(0.9335837499903572, 0.9779870235853187)",3,95.35460981439384,31991
"(0.6085487618529295, 0.9645985304336254)",1,95.35458222271475,31992
"(0.7615072500907597, 0.9764666952752286)",1,95.35448088803456,31993
"(0.9575126626788776, 0.9644491481508056)",1,95.3542332366384,31994
"(0.7638995115082912, 0.9949961604066372)",1,95.3540809841118,31995
"(0.826804915514593, 0.9537330920118182)",1,95.35393908500392,31996
"(0.917955241105926, 0.9609357631051972)",1,95.35393145635857,31997
"(0.8040695048423352, 1.0)",2,95.3539288046451,31999
"(0.9538331745788698, 0.9575126626788776)",2,95.353808985996,32001
"(0.8996408045977011, 0.9749910873440284)",1,95.35325571657744,32002
"(0.6215073982652175, 0.9764666952752286)",1,95.35320060607565,32003
"(0.843845350684385, 0.9536268754076972)",1,95.35312846577088,32004
"(0.9136091773703304, 0.9645238095238096)",3,95.35301754240096,32007
"(0.7972375556405725, 0.9690968282937898)",3,95.35295741116566,32010
"(0.5626274989800081, 0.9764666952752286)",2,95.35290041996086,32012
"(0.6260123507862112, 0.9764666952752286)",1,95.35289502554748,32013
"(0.7348436174331348, 0.9861673414304992)",2,95.35248346329554,32015
"(0.8349608011027915, 0.964523301198322)",3,95.35246035500872,32018
"(0.798857609139127, 0.964269276237512)",1,95.35240445586857,32019
"(0.8580559516200404, 0.9764666952752286)",1,95.35201773842329,32020
"(0.8974984433303618, 0.9832925076188832)",1,95.35199492588792,32021
"(0.9624885121068328, 0.9424996406227538)",2,95.35190084087326,32023
"(0.9503333333333333, 0.95)",1,95.35183336565508,32024
"(0.9429917021753756, 0.9605654571878554)",1,95.35175998564468,32025
"(0.8517690928240017, 0.9643944553313464)",2,95.3515935692176,32027
"(0.9032694583681424, 0.9557886530559612)",1,95.35142675856858,32028
"(0.8883034087952121, 0.9722222222222222)",1,95.35129790699106,32029
"(0.9528533742496432, 0.9749052909377262)",1,95.3511414647752,32030
"(0.8691891027106093, 0.9715593185206444)",2,95.35096267892264,32032
"(0.8016677935542034, 1.0)",1,95.35096160528224,32033
"(0.6759495516512356, 0.9764666952752286)",1,95.35083796166892,32034
"(0.6164277827081168, 0.9650450950662368)",1,95.35081421018896,32035
"(0.8176857647247633, 0.9549898727213622)",1,95.35074263625,32036
"(0.8493268538892306, 0.9735486410250802)",1,95.35059414635002,32037
"(0.9572437766315318, 0.9751409401578528)",1,95.35045679771676,32038
"(0.9665831244778612, 1.0)",1,95.35024190702195,32039
"(0.8964397027091824, 0.9643698138596096)",1,95.3502280905099,32040
"(0.8928598364786969, 0.987491854024112)",2,95.35021474922948,32042
"(0.8474214220323468, 0.9574784734771978)",1,95.35020257228888,32043
"(0.8449106413122807, 0.964269276237512)",1,95.35017567235232,32044
"(0.8806608357628766, 0.960851077856154)",1,95.35006186863578,32045
"(0.7820135271430143, 0.9643944553313464)",1,95.349998749338,32046
"(0.888425800230205, 0.9699304590605292)",1,95.34998567211726,32047
"(0.8846362470895226, 0.9572437766315318)",3,95.34994761883016,32050
"(0.8631918334993627, 0.9833229101521784)",1,95.34994079807362,32051
"(0.7675138481590094, 0.9861673414304992)",2,95.34984775691558,32053
"(0.9315095328894416, 0.960851077856154)",1,95.3497438103798,32054
"(0.4908087499260726, 0.9734731918335766)",1,95.34945014227932,32055
"(0.9009287520039462, 1.0)",1,95.34937973510286,32056
"(0.9665831244778612, 1.0)",1,95.34937780588275,32057
"(0.9349202773397411, 0.95749335833724)",1,95.3493148229376,32058
"(0.9665831244778612, 1.0)",1,95.349286362179,32059
"(0.9202657807308968, 0.9539707149009474)",1,95.34927620647436,32060
"(0.927109440267335, 0.9681034738761426)",1,95.34913306538216,32061
"(0.8003236732894304, 0.960851077856154)",1,95.34873594072258,32062
"(0.9157097551404952, 0.9874877810361682)",1,95.34862996356964,32063
"(0.8136244723706807, 0.9643944553313464)",1,95.3484964954711,32064
"(0.9168447876447876, 0.9537330920118182)",3,95.34842572658988,32067
"(0.9283935041407868, 0.9468391231269042)",1,95.34838152520936,32068
"(0.9012059369202228, 0.9622598627787308)",1,95.34819815897713,32069
"(0.8153895365851999, 0.9643944553313464)",1,95.34799956347996,32070
"(0.8657434402332361, 0.9540153992631536)",1,95.34798657077404,32071
"(0.7873366943134386, 0.9764666952752286)",1,95.34788191813742,32072
"(0.8774072892625049, 0.9574869803877438)",1,95.34757504576794,32073
"(0.6825396825396824, 1.0)",1,95.34755161719166,32074
"(0.9007161410018553, 0.960851077856154)",1,95.34743116068675,32075
"(0.9272595017275868, 0.9624978905063408)",1,95.34738222299586,32076
"(0.5874751891549204, 0.9736842105263158)",1,95.34728395874193,32077
"(0.4532564083081243, 0.9862445599565892)",1,95.34726846721348,32078
"(0.7283553674089667, 0.9739864775793748)",1,95.34713339923752,32079
"(0.682074987159733, 0.9764666952752286)",1,95.3470389826943,32080
"(0.7852506868131869, 0.9609357631051972)",1,95.34698562482762,32081
"(0.9581458989353726, 1.0)",2,95.3469132229262,32083
"(0.5332214830187948, 0.9824956222639148)",1,95.34675322663423,32084
"(0.8544761140104375, 0.9549718574108818)",1,95.34665740336972,32085
"(0.8443691323092412, 0.987491854024112)",1,95.34661552292016,32086
"(0.9004206187154333, 0.9512947499929286)",1,95.34660877197206,32087
"(0.9377148530109056, 0.9779870235853187)",1,95.34659873446044,32088
"(0.903907191101469, 0.9536268754076972)",1,95.3465834844981,32089
"(0.9057330122004186, 0.9779870235853187)",1,95.34636867282606,32090
"(0.9916585206907788, 0.9958292603453894)",4,95.34635098084225,32094
"(0.8631918334993627, 0.9833229101521784)",1,95.34594658492172,32095
"(0.682074987159733, 0.9538370349708868)",2,95.34590846864916,32097
"(0.8856820871623502, 0.9601502499942144)",1,95.3454063805739,32098
"(0.9282056492582808, 0.9538331745788698)",1,95.34535238400672,32099
"(0.8580559516200404, 0.9764666952752286)",1,95.345310786375,32100
"(0.7545469576719577, 1.0)",2,95.34526420958808,32102
"(0.7205866507277225, 0.964269276237512)",1,95.34507247597436,32103
"(0.9502288074111276, 0.9610153569597296)",1,95.34496715689916,32104
"(0.8517690928240017, 0.9643944553313464)",2,95.3447825850407,32106
"(0.9609357631051972, 0.9568045886851652)",1,95.34469440724828,32107
"(0.9394971203231468, 0.9575913511472004)",1,95.34448817118364,32108
"(0.9749706744868036, 0.9873444118605408)",1,95.34442897122496,32109
"(0.8438719750195159, 0.9599989999749994)",1,95.3442641022683,32110
"(0.7709171448706333, 0.964269276237512)",2,95.34416578577986,32112
"(0.8064223848169835, 0.9528959415746864)",1,95.34415200816862,32113
"(0.9297564829445116, 0.960666032023912)",1,95.34413609215424,32114
"(0.4905774210990637, 0.976470588235294)",1,95.3438413662602,32115
"(0.9537330920118182, 0.9503333333333333)",2,95.34376800081284,32117
"(0.6933160650937552, 0.9764666952752286)",2,95.343515299253,32119
"(0.9377148530109056, 0.9779263059241357)",1,95.34345170389878,32120
"(0.8416827657517105, 0.9861310021084456)",1,95.34341380082203,32121
"(0.9161952650324744, 0.9833229101521784)",1,95.34337335866182,32122
"(0.4066370577143491, 0.9539707149009474)",1,95.34337160401968,32123
"(0.8263489874613754, 0.9549988749718742)",1,95.34335365189904,32124
"(0.4904033495004767, 0.9538370349708868)",1,95.34331791936413,32125
"(0.9153439153439156, 0.9833229101521784)",1,95.34274770475432,32126
"(0.8456272791248162, 0.9501177394034536)",1,95.34270499466106,32127
"(0.8758315541941273, 0.9604782992262008)",1,95.34239679751327,32128
"(0.8420013166556946, 1.0)",1,95.3421898049046,32129
"(0.8716153127917834, 0.9861673414304992)",1,95.34216887973191,32130
"(0.7280701754385965, 0.9736189431913116)",1,95.3421552776009,32131
"(0.7994987468671678, 0.9833229101521784)",1,95.34211463836093,32132
"(0.8883678678403513, 0.972252530763169)",1,95.34208710363288,32133
"(0.7600022352306796, 0.9690057499955)",1,95.3420652388792,32134
"(0.7516483516483518, 0.972420634920635)",1,95.34202693649058,32135
"(0.8660545355265853, 0.9749910873440284)",2,95.3414010291776,32137
"(0.9460809481025116, 0.9572437766315318)",1,95.3413665832133,32138
"(0.9422394177612392, 0.945600047211127)",1,95.34130775546448,32139
"(0.8551452042262022, 0.955)",1,95.34129301339108,32140
"(0.8916138279602192, 0.9749692931061258)",1,95.34119623831435,32141
"(0.8685314685314685, 0.951892755797645)",1,95.34117779476075,32142
"(0.7289193040024178, 0.9824126287942077)",1,95.34109223372266,32143
"(0.8222222222222222, 1.0)",1,95.3406644106544,32144
"(0.9055555555555556, 0.9575126626788776)",3,95.3404953171986,32147
"(0.8751897860593512, 0.972420634920635)",1,95.34044946333437,32148
"(0.9494594905410846, 0.9642857142857144)",3,95.34032519192009,32151
"(0.8631918334993627, 0.9833229101521784)",2,95.34005858207613,32153
"(0.9571428571428572, 0.9645938855657314)",1,95.34001483426243,32154
"(0.9506883741258744, 0.9607612022680516)",1,95.3399784269936,32155
"(0.9916339869281046, 0.9958292603453894)",3,95.33995401512794,32158
"(0.7994682965613199, 0.9538370349708868)",1,95.33994647853824,32159
"(0.8456659619450317, 0.9764666952752286)",2,95.33974026805066,32161
"(0.9331531133914452, 0.9556541264979026)",1,95.33964231803456,32162
"(0.9310483384791604, 0.972420634920635)",1,95.33957629920052,32163
"(0.8449106413122807, 0.964269276237512)",1,95.33927339598588,32164
"(0.7707669475804315, 0.9690968282937898)",1,95.3390459877082,32165
"(0.9440529448756316, 0.972281746031746)",1,95.33896826906934,32166
"(0.842200034135518, 0.960851077856154)",6,95.33889093693068,32172
"(0.8472645812528676, 0.9680383516315252)",1,95.3387871559292,32173
"(0.9394971203231468, 0.9539272400433172)",3,95.33874498997746,32176
"(0.775671600877193, 0.9692608993981562)",1,95.33863197587608,32177
"(0.90903917799718, 0.9644491481508056)",1,95.33863081693308,32178
"(0.8224631915554647, 0.9538370349708868)",1,95.33853813906242,32179
"(0.8408391510014596, 0.9734731918335766)",1,95.33853273421748,32180
"(0.6611718926579557, 0.9722222222222222)",1,95.33846316823885,32181
"(0.912531328320802, 0.9575126626788776)",1,95.33840926142044,32182
"(0.5019450111046807, 0.972969578819495)",1,95.33817202611412,32183
"(0.912531328320802, 0.9540153992631536)",1,95.33815222574904,32184
"(0.8513842746400886, 0.976761412575366)",1,95.33813050477627,32185
"(0.8456659619450317, 0.964269276237512)",2,95.33806957894902,32187
"(0.8955173107890498, 0.9749910873440284)",1,95.33794854331126,32188
"(0.9609357631051972, 0.952999227799228)",1,95.33772943923556,32189
"(0.8226000003393725, 0.9646309224447688)",1,95.33758133791308,32190
"(0.8948142000428356, 0.9874957118353344)",1,95.3375619393302,32191
"(0.9640038239043044, 0.967895529128406)",1,95.33716577874031,32192
"(0.8930530569999261, 0.9289986228605154)",3,95.33716009691356,32195
"(0.8166003784222112, 0.9604782992262008)",1,95.33709696527804,32196
"(0.7976364522417154, 0.9824126287942077)",1,95.3370943474579,32197
"(0.7362637362637362, 1.0)",1,95.33703861290772,32198
"(0.9146779555619334, 0.9536268754076972)",1,95.33699803668505,32199
"(0.8806608357628766, 0.9501177394034536)",1,95.3364008974618,32200
"(0.8632321428571428, 0.9607612022680516)",3,95.3363933234284,32203
"(0.9610899532226684, 0.9645238095238096)",1,95.3363399295512,32204
"(0.96, 0.9474970467088774)",1,95.33628270778536,32205
"(0.7931469298245613, 0.964731521366774)",1,95.33628239345434,32206
"(0.9244352123384382, 0.9702090230031408)",1,95.33625437600496,32207
"(0.8586166985951469, 1.0)",1,95.33621463161585,32208
"(0.4906095585257189, 0.9837502793496896)",1,95.33619285095313,32209
"(0.9126251340467026, 0.98342284323309)",1,95.3360948327748,32210
"(0.8996408045977011, 0.9749910873440284)",1,95.33599765108104,32211
"(0.8976982097186702, 1.0)",2,95.3359830684569,32213
"(0.946730586052542, 0.9540153992631536)",1,95.33568373758516,32214
"(0.7047619047619047, 0.9622598627787308)",1,95.33536689422868,32215
"(0.9502288074111276, 0.9572437766315318)",1,95.33536165169276,32216
"(0.9860411258716344, 0.972045976510262)",1,95.3353288590493,32217
"(0.9041196741854636, 0.991206314397104)",4,95.33532349083733,32221
"(0.9210526315789472, 0.9779870235853187)",4,95.33524541187742,32225
"(0.7545918011034292, 0.9650450950662368)",1,95.33512099027696,32226
"(0.8729557812660307, 0.9690968282937898)",1,95.33494192731104,32227
"(0.9469408453036384, 0.9681034738761426)",3,95.33491327214143,32230
"(0.5356100633781995, 0.9764666952752286)",1,95.33481641372376,32231
"(0.8813457860512559, 0.9832925076188832)",2,95.33457611789706,32233
"(0.9224996008939976, 0.9495058714870036)",1,95.33456125913509,32234
"(0.9369138996969484, 0.9790476832523552)",1,95.33437841098224,32235
"(0.8176857647247633, 0.9574869803877438)",6,95.33426491581876,32241
"(0.9610153569597296, 0.9501177394034536)",1,95.33423607688098,32242
"(0.8855699370755157, 0.9535144014828052)",3,95.33414786306822,32245
"(0.9008025849489264, 1.0)",1,95.33410605581528,32246
"(0.8947046219773493, 0.9766918866148322)",1,95.33410049222302,32247
"(0.9326628892940788, 0.9575126626788776)",1,95.33404996614344,32248
"(0.7089254055198327, 0.9524759409451032)",1,95.33388859341092,32249
"(0.8895939931776995, 0.9749910873440284)",1,95.3338505183212,32250
"(0.6840391909724373, 0.9690968282937898)",1,95.33369023635558,32251
"(0.583006022518984, 0.9692608993981562)",1,95.3336492589892,32252
"(0.4255117986159442, 0.9767441860465116)",1,95.33364380097872,32253
"(0.8160331384015596, 0.9648252575884156)",1,95.3334184633748,32254
"(0.8374874819183264, 0.9764666952752286)",1,95.3330882261013,32255
"(0.8137107474568775, 0.9427148033126296)",1,95.3327220666146,32256
"(0.7709171448706333, 0.964269276237512)",2,95.33270904203464,32258
"(0.8056354979267693, 0.9861310021084456)",1,95.33264252609654,32259
"(0.8885908209437621, 0.9538331745788698)",1,95.3325521452792,32260
"(0.5626274989800081, 0.9764666952752286)",1,95.3324877802087,32261
"(0.7127034737372042, 0.9574976092405196)",1,95.33244953514996,32262
"(0.8708656432979902, 0.95749335833724)",2,95.3320435708534,32264
"(0.9609357631051972, 0.9680383516315252)",1,95.33196340271208,32265
"(0.9350193449813944, 0.9537330920118182)",4,95.33196075727146,32269
"(0.8340166019865393, 0.9749910873440284)",1,95.3316178575446,32270
"(0.9098809643282124, 0.9610899532226684)",3,95.33157527807676,32273
"(0.7709171448706333, 0.964269276237512)",1,95.3315075226664,32274
"(0.8976982097186702, 1.0)",1,95.33131390131852,32275
"(0.8352271364897016, 0.964269276237512)",2,95.33130849102584,32277
"(0.7119388248146047, 1.0)",1,95.3312683954158,32278
"(0.8631546198466533, 0.9764666952752286)",2,95.3312504957259,32280
"(0.8880748880748881, 0.972045976510262)",1,95.33114649943242,32281
"(0.7602379596828609, 0.9749910873440284)",1,95.33102429630996,32282
"(0.8056354979267693, 0.9861310021084456)",1,95.3309908834474,32283
"(0.8574011356980978, 0.9474970467088774)",1,95.33094038606676,32284
"(0.8103292776312431, 0.9610153569597296)",3,95.33090800183896,32287
"(0.8404355452872972, 0.972045976510262)",1,95.33088917463382,32288
"(0.8702889400021048, 0.95)",1,95.33078351369532,32289
"(0.8868677229932935, 0.964731521366774)",3,95.33060520965924,32292
"(0.4009542951846135, 0.9692531451482872)",1,95.33021522030528,32293
"(0.8972301136363636, 0.9501177394034536)",1,95.33015025020416,32294
"(0.8845244231527244, 0.9764666952752286)",1,95.33010639998194,32295
"(0.8416827657517105, 0.972045976510262)",1,95.33007580940192,32296
"(0.8137865219658889, 1.0)",1,95.33005633387069,32297
"(0.8087623896023756, 0.964269276237512)",1,95.32973152978714,32298
"(0.9160652508866794, 0.972045976510262)",1,95.32966278112768,32299
"(0.812418383596075, 0.9650450950662368)",1,95.32947471790524,32300
"(0.8324747264921755, 0.960572483841182)",1,95.3293680904243,32301
"(0.8662655059929975, 0.9648252575884156)",1,95.32915887663584,32302
"(0.930124456440246, 0.972420634920635)",1,95.32885796172252,32303
"(0.4255117986159442, 0.9529751605618932)",1,95.32885403218482,32304
"(0.9283935041407868, 0.9610899532226684)",1,95.32878412653544,32305
"(0.911021218587008, 0.9559144017084672)",1,95.32858514722255,32306
"(0.9283492201721758, 0.95153153367707)",1,95.32846255877352,32307
"(0.8459744503862151, 0.972045976510262)",1,95.32838757406076,32308
"(0.9641028246291404, 0.9643698138596096)",1,95.3283582064616,32309
"(0.9093334120185448, 0.9575913511472004)",1,95.32826538592,32310
"(0.846098299557419, 0.9861673414304992)",1,95.3282036833881,32311
"(1.0, 1.0)",1,95.32817135256664,32312
"(0.846098299557419, 0.972252530763169)",1,95.32815387392787,32313
"(0.8420013166556946, 1.0)",1,95.32798116011602,32314
"(0.9153294623757022, 0.97502985598876)",2,95.32790927426024,32316
"(0.8066487122350412, 0.9767441860465116)",1,95.32780080699548,32317
"(0.4878472222222222, 0.9861673414304992)",1,95.3277841427422,32318
"(0.943455134862934, 0.9462256234379848)",1,95.3277454431114,32319
"(0.9224996008939976, 0.9749910873440284)",1,95.32771374433892,32320
"(0.9189485013229876, 0.9605654571878554)",1,95.32763791503116,32321
"(0.8978420627840789, 0.9646309224447688)",2,95.32754823588796,32323
"(0.8739697232246253, 0.9832679738562092)",1,95.32748629315186,32324
"(0.8525454545454545, 0.9749910873440284)",1,95.32745449526172,32325
"(0.8825487012987013, 0.9575913511472004)",1,95.32724852162193,32326
"(0.8916138279602192, 0.9712822597033124)",1,95.32713163964246,32327
"(0.9004206187154333, 0.9736842105263158)",1,95.32707614906388,32328
"(0.3490394448502557, 0.974650502314902)",1,95.32704105754937,32329
"(0.8416827657517105, 0.9861310021084456)",1,95.3266943238634,32330
"(0.549813159936279, 0.9767441860465116)",1,95.32664852339629,32331
"(0.9459285785969274, 0.9573389777809668)",1,95.32664717473564,32332
"(0.6526770767943084, 0.9861673414304992)",1,95.32648715805126,32333
"(0.8876281048778143, 0.9536268754076972)",1,95.32644103935785,32334
"(0.865581803207783, 0.991206314397104)",1,95.32634363875776,32335
"(0.3892988407371969, 0.9763475605189952)",1,95.32625959627792,32336
"(0.9575126626788776, 0.960851077856154)",3,95.32616911208817,32339
"(0.8472645812528676, 0.9572437766315318)",1,95.32614102387826,32340
"(0.9599959995999598, 0.9424996406227538)",1,95.3260540296675,32341
"(0.4468328406505846, 0.9861673414304992)",1,95.32601662310348,32342
"(0.4042620013682356, 0.964731521366774)",1,95.32590169230468,32343
"(0.9537330920118182, 0.9610899532226684)",3,95.32582222663784,32346
"(0.7729389061386163, 0.9766918866148322)",1,95.32579940744884,32347
"(0.8976982097186702, 0.9833229101521784)",2,95.32577836588328,32349
"(0.8495378883833893, 0.9706898161563476)",2,95.32572270711316,32351
"(0.8472645812528676, 0.960851077856154)",4,95.32566520987402,32355
"(0.9388917411828462, 0.9571428571428572)",1,95.32550809428147,32356
"(0.9022759891180944, 0.972045976510262)",1,95.32549186587045,32357
"(0.7923306301473605, 0.9643944553313464)",2,95.32541624863214,32359
"(0.8809938281373634, 0.95749335833724)",1,95.32537466982696,32360
"(0.9080705009276436, 0.9503333333333333)",1,95.32535599633194,32361
"(0.8972301136363636, 0.9572437766315318)",1,95.3252818554405,32362
"(0.7943622269203664, 0.9764666952752286)",1,95.32505334559724,32363
"(0.8315474711586087, 0.9916585206907788)",1,95.32500722044384,32364
"(0.9539272400433172, 0.9536268754076972)",1,95.32490845224724,32365
"(0.9168447876447876, 0.960851077856154)",3,95.32473260825444,32368
"(0.6361158710730316, 0.9764666952752286)",2,95.32461203396888,32370
"(0.7956953792242888, 0.9624885121068328)",1,95.32441391327431,32371
"(0.9422394177612392, 0.9641967520703932)",1,95.32419208649024,32372
"(0.9445235834124724, 1.0)",1,95.3240374861552,32373
"(0.7612209453612427, 0.964269276237512)",1,95.324029895539,32374
"(0.8837179908491115, 0.9549988749718742)",3,95.32402882162816,32377
"(0.8703996834190741, 0.9691818330194464)",1,95.32400037607091,32378
"(0.9538331745788698, 0.9572437766315318)",1,95.32392909027004,32379
"(0.8996408045977011, 0.9749910873440284)",1,95.32385001313932,32380
"(0.9474444882407044, 0.9549898727213622)",2,95.323825447814,32382
"(0.8533622685185187, 1.0)",1,95.32367599698996,32383
"(0.7472307467415887, 0.976761412575366)",1,95.32356943201933,32384
"(0.8587195484254307, 0.9722222222222222)",1,95.32339329114298,32385
"(0.9497171590194846, 1.0)",2,95.32323741103396,32387
"(0.6042502004811546, 1.0)",2,95.32315600776508,32389
"(0.9, 1.0)",1,95.32313768480095,32390
"(0.7852506868131869, 0.9645938855657314)",1,95.32307034305568,32391
"(0.8835857110930401, 0.988167361639188)",2,95.32295878979856,32393
"(0.9539272400433172, 0.9536268754076972)",1,95.3228054452081,32394
"(0.8224713709935384, 0.9572437766315318)",1,95.32272361423104,32395
"(0.8317201048598508, 0.9779263059241357)",3,95.32271519747226,32398
"(0.9087309077569532, 0.9749910873440284)",1,95.32268500349504,32399
"(0.9156086605607608, 0.9646309224447688)",1,95.3224263804068,32400
"(0.9280076478086086, 0.9610899532226684)",2,95.32241506035884,32402
"(0.9715593185206444, 0.960851077856154)",1,95.3221746407694,32403
"(0.8514626506510005, 0.9572437766315318)",1,95.32215840880971,32404
"(0.8584175084175085, 0.972420634920635)",1,95.32214630361568,32405
"(0.5626274989800081, 0.9764666952752286)",1,95.32195307578,32406
"(0.8871966240387292, 0.9861673414304992)",1,95.32193480455123,32407
"(0.8103292776312431, 0.9536268754076972)",1,95.3218545077153,32408
"(0.92008547008547, 0.9573389777809668)",1,95.32173940608172,32409
"(0.8996408045977011, 0.9749910873440284)",1,95.32152054338046,32410
"(0.8829656107481818, 0.9736189431913116)",1,95.3214242234676,32411
"(0.8993301094022514, 0.9495014245014244)",1,95.32139401401464,32412
"(0.7935498742420971, 0.9691818330194464)",2,95.32129430590524,32414
"(0.9764666952752286, 0.9643944553313464)",1,95.32129280636424,32415
"(0.9382963205525124, 0.9495014245014244)",1,95.32123165743133,32416
"(0.7923306301473605, 0.9764666952752286)",1,95.32095663707028,32417
"(0.9432380952380952, 0.9540153992631536)",3,95.3208236466696,32420
"(0.8845244231527244, 0.9538370349708868)",1,95.32031521662591,32421
"(0.8596618357487924, 0.9861673414304992)",1,95.32023669622768,32422
"(0.812557599070401, 1.0)",1,95.32021845704634,32423
"(0.8282882665638434, 0.9767441860465116)",1,95.31995785516207,32424
"(0.9348370927318296, 0.9574869803877438)",2,95.31976661811886,32426
"(0.919542746211962, 0.9574285714285714)",1,95.319605895395,32427
"(0.9012857142857144, 0.9749910873440284)",1,95.31944960579932,32428
"(0.9432380952380952, 0.9575913511472004)",1,95.31943658420734,32429
"(0.8694846606452272, 0.9690968282937898)",3,95.31939949842624,32432
"(0.6003561059603759, 0.9764666952752286)",1,95.31933295449336,32433
"(0.8895939931776995, 0.9749910873440284)",1,95.31924215345818,32434
"(0.6809855026116619, 0.9749910873440284)",1,95.31919112593556,32435
"(0.9238400660955778, 0.9540977572753596)",1,95.31916752136776,32436
"(0.8894752290768013, 0.9540153992631536)",3,95.31914230075866,32439
"(0.7820135271430143, 0.9643944553313464)",2,95.31899177548188,32441
"(0.8224631915554647, 0.9650076460904662)",1,95.31893582092388,32442
"(0.9394971203231468, 0.9540153992631536)",1,95.31887491109713,32443
"(0.9166682405676116, 0.9861310021084456)",1,95.31878795648312,32444
"(0.9327510896243466, 0.9655372365165836)",1,95.3185153327232,32445
"(0.9014293255242536, 0.9540977572753596)",1,95.3184305364359,32446
"(0.7809697522419821, 0.964269276237512)",1,95.31838652296108,32447
"(0.9198255060602112, 0.9916585206907788)",1,95.31838193811888,32448
"(0.8806608357628766, 0.95)",1,95.31823418668009,32449
"(0.9012059369202228, 0.9749910873440284)",1,95.31817141444697,32450
"(0.8806608357628766, 0.9680383516315252)",1,95.31798065814564,32451
"(0.8623077787842691, 0.960851077856154)",2,95.31794613825484,32453
"(0.779286067193676, 0.9749910873440284)",2,95.31791831615712,32455
"(0.9323791344788114, 0.9575126626788776)",1,95.31772675955976,32456
"(0.978621888315766, 0.9678176625650188)",1,95.31769745873382,32457
"(0.8274062797908469, 0.9779263059241357)",7,95.31765504735333,32464
"(0.7976364522417154, 0.9646309224447688)",1,95.31760660941966,32465
"(0.6530678548222407, 0.9648252575884156)",1,95.3175805650485,32466
"(0.8153895365851999, 0.9643944553313464)",2,95.31749315041618,32468
"(0.950431439792024, 0.960851077856154)",1,95.3174764223062,32469
"(0.4286514639639639, 0.9773628880705136)",1,95.31740914342222,32470
"(0.8933617810760668, 0.9576647311878512)",1,95.31719165359826,32471
"(0.8597791061504694, 0.9610153569597296)",1,95.31710670715503,32472
"(0.9300671002153482, 1.0)",1,95.31706340231288,32473
"(0.912531328320802, 0.9645938855657314)",1,95.31676831748564,32474
"(0.4006503394959648, 0.9709446856327116)",1,95.3166792812633,32475
"(0.9373666512059368, 0.9749910873440284)",1,95.31657665544677,32476
"(0.9125533644430458, 0.9747033906426696)",1,95.31631210683238,32477
"(0.7931469298245613, 0.9736189431913116)",1,95.3162692890116,32478
"(0.7678405315614618, 0.9764666952752286)",1,95.3161924902894,32479
"(0.9535144014828052, 0.9644491481508056)",1,95.31613645517233,32480
"(0.9432380952380952, 0.9540153992631536)",1,95.31609567835524,32481
"(0.8490208544183524, 0.972281746031746)",1,95.31609334992328,32482
"(0.7578328648096089, 0.9764666952752286)",1,95.31609167541552,32483
"(0.9396279975262144, 0.9607612022680516)",1,95.31600820505348,32484
"(0.4039045743444857, 1.0)",1,95.31588273828028,32485
"(0.7188585657770549, 0.9574997343733398)",1,95.31586711667728,32486
"(0.922324745206372, 0.9599989999749994)",1,95.31560831223398,32487
"(0.9609357631051972, 0.9571428571428572)",1,95.315595114759,32488
"(0.9283935041407868, 0.9575126626788776)",3,95.3154761714939,32491
"(0.9244352123384382, 0.9744042964204256)",1,95.31546301539542,32492
"(0.9469408453036384, 0.9575126626788776)",1,95.315380196349,32493
"(0.833630878109023, 0.95749335833724)",1,95.31525133300204,32494
"(0.8099604803972105, 0.9692608993981562)",1,95.31517294111568,32495
"(0.8449106413122807, 0.964269276237512)",2,95.31500460659537,32497
"(0.9188863189008992, 0.9764666952752286)",1,95.3148422280976,32498
"(0.8645256232686982, 0.9824126287942077)",6,95.31477411176068,32504
"(0.8316498316498316, 0.9665831244778612)",1,95.31442945037706,32505
"(0.7932043650793651, 0.960851077856154)",1,95.31438844395689,32506
"(0.8131627957608075, 0.964269276237512)",1,95.313965539112,32507
"(0.4827246972385666, 0.964269276237512)",1,95.31384884950694,32508
"(0.94291309888229, 0.9779870235853187)",1,95.3138391914312,32509
"(0.8468089381754635, 1.0)",1,95.31355471454027,32510
"(0.5196192999992734, 0.9722893634794912)",1,95.31340017763846,32511
"(0.9253777472527472, 0.9627183600713012)",1,95.31331081288404,32512
"(0.9145814491005928, 0.9474917955930616)",3,95.313060497994,32515
"(0.799275702501509, 1.0)",1,95.31298795977808,32516
"(0.8340166019865393, 0.9622598627787308)",1,95.31285146088057,32517
"(0.8523797616070684, 0.964269276237512)",1,95.31277068657428,32518
"(0.9275802828069248, 0.9644491481508056)",1,95.31266630669128,32519
"(0.8885908209437621, 0.946730586052542)",1,95.3126157795926,32520
"(0.8685902992776057, 0.9289986228605154)",1,95.31246016738292,32521
"(0.8719725743599862, 0.9735486410250802)",1,95.31242898269134,32522
"(0.8610715260301386, 0.9764666952752286)",1,95.31227325690882,32523
"(0.8686037591100882, 0.9537330920118182)",4,95.31226802792904,32527
"(0.8351110130322311, 0.960376642453574)",1,95.3120912949386,32528
"(0.8613133624575272, 0.954995499549955)",1,95.31192407681765,32529
"(0.8771934243211048, 0.95)",1,95.31184788520956,32530
"(0.9087309077569532, 0.9749910873440284)",1,95.31176258338618,32531
"(0.8883034087952121, 0.9861310021084456)",1,95.3116897908074,32532
"(0.7956953792242888, 0.9549988749718742)",1,95.31158494483608,32533
"(0.9524973279746984, 0.954995499549955)",1,95.31155305059696,32534
"(0.9468391231269042, 0.9540153992631536)",1,95.31123700304649,32535
"(0.8459266053144301, 0.9749910873440284)",1,95.31118492319656,32536
"(0.9583930063253372, 1.0)",1,95.31118431475792,32537
"(0.8517690928240017, 0.9643944553313464)",1,95.31113659489856,32538
"(0.8702889400021048, 0.9536268754076972)",1,95.31113105120112,32539
"(0.7050663794439956, 0.940930997520722)",1,95.31108902888248,32540
"(0.8258470464352816, 0.9680383516315252)",1,95.3110534687628,32541
"(0.897953216374269, 0.9575126626788776)",1,95.3108941822348,32542
"(0.6333118819585527, 0.9767441860465116)",1,95.3107664381772,32543
"(0.8066487122350412, 0.9529751605618932)",1,95.3107571468181,32544
"(0.943455134862934, 0.9644491481508056)",1,95.31038414493706,32545
"(0.8517341550708587, 0.9539707149009474)",1,95.31018910218673,32546
"(0.9318857896881138, 0.960851077856154)",1,95.31010357657192,32547
"(0.8451096027595416, 0.9767441860465116)",1,95.310006146851,32548
"(0.7608215527547845, 0.9690968282937898)",1,95.30967034054456,32549
"(0.943552974917135, 0.9856787008281572)",1,95.30959838860208,32550
"(0.8766640111271459, 0.960851077856154)",4,95.30959039618962,32554
"(0.8581022152450725, 0.972045976510262)",1,95.3095055302622,32555
"(0.7923306301473605, 0.9643944553313464)",1,95.3093233073955,32556
"(0.9599989999749994, 0.9474996718729491)",1,95.30919187690424,32557
"(0.8876473063973064, 0.9861673414304992)",1,95.30907389349952,32558
"(0.9098809643282124, 0.9539272400433172)",1,95.3089776884468,32559
"(0.9431186370412892, 0.9538331745788698)",1,95.30897444201484,32560
"(0.8340799485585682, 0.9764666952752286)",1,95.30879886225878,32561
"(0.8846362470895226, 0.9604593619418418)",1,95.30875877049036,32562
"(0.7999088007295942, 0.9758777250199286)",1,95.30859291640635,32563
"(0.9004206187154333, 0.986826099742067)",1,95.30852012489233,32564
"(0.8872085807165035, 0.9540153992631536)",1,95.30823674315351,32565
"(0.960851077856154, 0.9609357631051972)",1,95.3082150007076,32566
"(0.8422693146507633, 0.9649122807017544)",1,95.30797004650525,32567
"(0.8493268538892306, 0.9691818330194464)",1,95.3079270366701,32568
"(0.8128441201209393, 0.964269276237512)",2,95.30792489129465,32570
"(0.965725087128596, 0.9916585206907788)",1,95.30770879382062,32571
"(0.8726893261776982, 0.988167361639188)",1,95.30770328792477,32572
"(0.8806608357628766, 0.9537330920118182)",1,95.3076571756576,32573
"(0.7820135271430143, 0.9643944553313464)",2,95.30753500740096,32575
"(0.6085487618529295, 0.9767441860465116)",1,95.3075300368832,32576
"(0.8560274494853222, 0.9539707149009474)",2,95.30751496656372,32578
"(0.9665831244778612, 1.0)",1,95.30742624994588,32579
"(0.9539225495593684, 0.987491854024112)",1,95.3074020372762,32580
"(0.9084080904123386, 0.8983345370504117)",1,95.30724276478516,32581
"(0.8193419055822156, 0.9861673414304992)",1,95.30724275061864,32582
"(0.9788283442948758, 0.9958292603453894)",4,95.3071317065642,32586
"(0.9147108205622834, 0.9601502499942144)",1,95.30696535922723,32587
"(0.947035873779261, 0.9645238095238096)",2,95.30681857589808,32589
"(0.9422585572257836, 0.9690968282937898)",1,95.30677415771989,32590
"(0.8340166019865393, 0.9749910873440284)",2,95.3067359513748,32592
"(0.9539272400433172, 0.9536268754076972)",1,95.3066991065606,32593
"(0.9471243233098142, 0.9644491481508056)",1,95.3064136215496,32594
"(0.8845244231527244, 0.9538370349708868)",1,95.30635010168504,32595
"(0.8467532467532467, 1.0)",1,95.30632945542192,32596
"(0.8334507869391591, 0.9643944553313464)",1,95.30630041655272,32597
"(0.799275702501509, 1.0)",1,95.30627514511244,32598
"(0.4827246972385666, 0.964269276237512)",1,95.30625915544393,32599
"(0.7677237478025478, 0.974999931519232)",1,95.30619656933531,32600
"(0.8563094906941128, 0.9648252575884156)",1,95.30618681067249,32601
"(0.8340166019865393, 0.9749910873440284)",1,95.30617505542592,32602
"(0.9528533742496432, 0.9607612022680516)",1,95.30607927423732,32603
"(0.8902783631946863, 0.9861673414304992)",4,95.30601856889362,32607
"(0.9449325423643964, 0.954995499549955)",1,95.30588502557738,32608
"(0.7612209453612427, 0.964269276237512)",1,95.3056607414498,32609
"(0.8920944650062507, 0.9650076460904662)",1,95.30565708795636,32610
"(0.7447170736590969, 0.9779263059241357)",1,95.30562888896633,32611
"(0.9299160159815896, 0.9861673414304992)",1,95.3054561526328,32612
"(0.8686037591100882, 0.9571428571428572)",1,95.30539595665869,32613
"(0.8847822547822548, 0.9861673414304992)",1,95.30537145724928,32614
"(0.5466837142306626, 0.9861673414304992)",1,95.30520021357668,32615
"(0.8846362470895226, 0.9645238095238096)",1,95.30485169522434,32616
"(0.8148308968977662, 0.972281746031746)",2,95.30464095418384,32618
"(0.9056521696628445, 0.9538370349708868)",1,95.30462305675148,32619
"(0.9165867390570612, 0.95339554031292)",1,95.30456692256745,32620
"(0.8566261808367072, 0.9601502499942144)",1,95.30450938190282,32621
"(0.7809697522419821, 0.964269276237512)",1,95.30445577894068,32622
"(0.9041196741854636, 0.9691818330194464)",1,95.30439926771363,32623
"(0.7280701754385965, 0.9556541264979026)",3,95.30433928404494,32626
"(0.8449106413122807, 0.964269276237512)",1,95.30432066086608,32627
"(0.939866291344124, 0.95)",1,95.30427848135857,32628
"(0.8468951683237397, 1.0)",1,95.30421663327212,32629
"(0.8959020234471636, 0.9472378863826232)",3,95.30400213025064,32632
"(0.8691207517489755, 0.9610899532226684)",1,95.30397010556992,32633
"(0.8574011356980978, 0.9599989999749994)",2,95.3036319821,32635
"(0.3672613423407492, 0.9753298704358156)",1,95.3035039232782,32636
"(0.9425645194066248, 0.9537330920118182)",1,95.30346022889148,32637
"(0.944911858974359, 0.9524997031231444)",1,95.30344153110065,32638
"(0.9158007932517735, 0.986081059422206)",1,95.30336070020712,32639
"(0.839627810315511, 0.9644491481508056)",1,95.30306544424866,32640
"(0.7731997731997731, 0.9574997343733398)",1,95.30292416824244,32641
"(0.8660545355265853, 0.9749910873440284)",1,95.30288273390128,32642
"(0.8933617810760668, 0.9540153992631536)",1,95.30244418368927,32643
"(0.8308201058201059, 0.9861673414304992)",2,95.30239788995048,32645
"(0.8003236732894304, 0.960851077856154)",1,95.30239133977268,32646
"(0.6698155645524068, 1.0)",1,95.30201071088176,32647
"(0.9262130464282252, 0.9735486410250802)",1,95.30181852341354,32648
"(0.4904033495004767, 0.9650076460904662)",1,95.30157553149904,32649
"(0.9140194694749032, 0.9646309224447688)",1,95.3015537152506,32650
"(0.9392111404005912, 0.9427148033126296)",1,95.30154961500348,32651
"(0.9343984962406016, 0.945600047211127)",1,95.301539802181,32652
"(0.8273694481451597, 0.954995499549955)",1,95.30147799407554,32653
"(0.8310619759986849, 0.9575126626788776)",1,95.3010977494096,32654
"(0.8623077787842691, 0.960851077856154)",3,95.30096153534238,32657
"(0.930124456440246, 0.972045976510262)",2,95.30094583757256,32659
"(0.9645238095238096, 0.9532701550221768)",1,95.30094394827904,32660
"(0.944911858974359, 0.9574997343733398)",1,95.30055866084084,32661
"(0.7289193040024178, 0.9737445480717845)",2,95.30032005995352,32663
"(0.92008547008547, 0.9609357631051972)",1,95.30003152893742,32664
"(0.8098502304147466, 0.9749910873440284)",1,95.3000275129999,32665
"(0.5070372093557577, 0.972281746031746)",1,95.29983025923842,32666
"(0.9073492428586464, 0.9678176625650188)",2,95.29972377210818,32668
"(0.9269284534248317, 0.9764666952752286)",1,95.29970362530004,32669
"(0.7548199009255377, 0.9760135053004548)",2,95.29959110355144,32671
"(0.7211566091954024, 0.9749910873440284)",1,95.299581081775,32672
"(0.826804915514593, 0.9463627709416984)",2,95.29954524391538,32674
"(0.9549819927971188, 0.9624978905063408)",1,95.29941107569024,32675
"(0.8996664258511047, 0.9779870235853187)",4,95.29938742276164,32679
"(0.944911858974359, 0.9624810060092922)",1,95.29920980230976,32680
"(0.917955241105926, 0.960851077856154)",3,95.298919112049,32683
"(0.9166145507608924, 1.0)",1,95.2988402510068,32684
"(0.9012059369202228, 0.9749910873440284)",1,95.29862730938068,32685
"(0.8422693146507633, 0.9736189431913116)",3,95.2985828448715,32688
"(0.960851077856154, 0.9572437766315318)",1,95.29857714655664,32689
"(0.4633850039213374, 0.973974515709966)",1,95.2985438679952,32690
"(0.8571777573149418, 0.954995499549955)",1,95.29802839333212,32691
"(0.9499887474681804, 0.9524973279746984)",3,95.297878168293,32694
"(0.8810064268049709, 0.9736189431913116)",1,95.297835789388,32695
"(0.8600428777729004, 0.9624885121068328)",1,95.29771654438244,32696
"(0.8066487122350412, 0.9529751605618932)",1,95.29767384840554,32697
"(0.8656512412692597, 0.976761412575366)",1,95.2975283450369,32698
"(0.9474444882407044, 0.9624978905063408)",1,95.2972512935948,32699
"(0.7923306301473605, 0.9764666952752286)",3,95.29722943908116,32702
"(0.7709171448706333, 0.964269276237512)",1,95.29713729143072,32703
"(0.6759495516512356, 0.9764666952752286)",1,95.2971342463348,32704
"(0.6911324786324786, 0.972045976510262)",1,95.29695512824838,32705
"(0.7392209336901576, 0.9648252575884156)",1,95.29693012014155,32706
"(0.939055706563049, 0.9540153992631536)",1,95.2967247143043,32707
"(0.8724354204315935, 0.9524854486686548)",1,95.2966908688784,32708
"(0.9247290244881574, 0.9599959995999598)",1,95.29657468465818,32709
"(0.7709171448706333, 0.964269276237512)",1,95.29649343848088,32710
"(0.5990872838163477, 0.9549988749718742)",1,95.2962984457222,32711
"(0.8340666247642992, 0.954995499549955)",1,95.29620560262067,32712
"(0.9424190267563762, 0.9624978905063408)",2,95.29596918626272,32714
"(0.7665484369555701, 0.9764666952752286)",1,95.29583275323394,32715
"(0.911021218587008, 0.9736189431913116)",1,95.29540326864672,32716
"(0.9833229101521784, 1.0)",1,95.2952739648627,32717
"(0.865581803207783, 0.9779870235853187)",1,95.29486610126366,32718
"(0.7965746171391332, 1.0)",1,95.29485742391134,32719
"(0.8345024748250554, 0.960851077856154)",3,95.29473174218056,32722
"(0.8483418730488175, 0.9958292603453894)",1,95.29470884650296,32723
"(0.7084717607973421, 0.9650076460904662)",1,95.29463070812892,32724
"(0.8353823801019199, 0.9571428571428572)",2,95.29446839571668,32726
"(0.8771934243211048, 0.9644491481508056)",1,95.29409784606244,32727
"(0.8726893261776982, 0.9766918866148322)",1,95.2938759554297,32728
"(0.860843970391094, 0.9556541264979026)",1,95.29369045276464,32729
"(0.9003351064851267, 0.9604593619418418)",6,95.29333999754024,32735
"(0.7946380416968652, 0.9788201983189878)",1,95.29333191042048,32736
"(0.7472307467415887, 0.9650450950662368)",1,95.29325389212627,32737
"(0.8340666247642992, 0.9549898727213622)",1,95.29314262020227,32738
"(0.8340799485585682, 0.964269276237512)",1,95.29298282699747,32739
"(0.8252422194238135, 0.9574869803877438)",1,95.29293334974672,32740
"(0.5379450468208387, 0.9559144017084672)",1,95.2927237341508,32741
"(0.9164652836623464, 1.0)",1,95.29258897702876,32742
"(0.859079950617616, 0.9537330920118182)",1,95.29254323258472,32743
"(0.8449106413122807, 0.964269276237512)",1,95.29254112948657,32744
"(0.9460809481025116, 0.9536268754076972)",1,95.29243006101308,32745
"(0.8972301136363636, 0.9644491481508056)",1,95.29219287984228,32746
"(0.7708796965987909, 0.9861673414304992)",1,95.2921080650814,32747
"(1.0, 1.0)",1,95.29208848557144,32748
"(0.8193419055822156, 0.9861673414304992)",1,95.29208282851152,32749
"(0.8968435471383478, 0.9575126626788776)",1,95.29201669940144,32750
"(0.8103667838961957, 0.9572437766315318)",6,95.29199480651124,32756
"(0.9310483384791604, 0.972420634920635)",1,95.29197301630168,32757
"(0.9014293255242536, 0.9610899532226684)",3,95.29186409535124,32760
"(0.9750943974852894, 0.9958292603453894)",4,95.29175079769972,32764
"(0.9503333333333333, 0.9607612022680516)",1,95.2917089706305,32765
"(0.9575126626788776, 0.960851077856154)",2,95.2916884305942,32767
"(0.7866279069767441, 0.9764666952752286)",1,95.29144708287224,32768
"(0.5463455725995242, 0.9937495603923254)",1,95.29127035907752,32769
"(0.9043086298506712, 0.9549988749718742)",2,95.29120942729496,32771
"(0.9469408453036384, 0.9575913511472004)",1,95.29106762995676,32772
"(0.8796475392220073, 0.9833229101521784)",1,95.29102157502628,32773
"(0.897953216374269, 0.9610899532226684)",2,95.2908128283042,32775
"(0.5187734941865547, 0.9861310021084456)",1,95.29078337102747,32776
"(0.9499987499687492, 0.954995499549955)",1,95.29076682518075,32777
"(0.8750020493421985, 0.9735486410250802)",1,95.29072867881897,32778
"(0.8972301136363636, 0.950431439792024)",1,95.2907149294195,32779
"(0.8964397027091824, 0.9607612022680516)",1,95.29066043479833,32780
"(0.8141106354402753, 0.9646309224447688)",1,95.29045889958655,32781
"(0.7770017887205386, 0.9861673414304992)",1,95.29040840905915,32782
"(0.6911324786324786, 0.972045976510262)",1,95.290201257395,32783
"(0.8757850574494108, 0.9549898727213622)",1,95.29003441354706,32784
"(0.8229870141950848, 1.0)",1,95.2899930922459,32785
"(0.9603476243044132, 0.9676485688615069)",1,95.28993645570512,32786
"(0.6043417366946778, 0.960851077856154)",1,95.28986027988856,32787
"(0.5543151308891524, 0.9650076460904662)",1,95.28977625638312,32788
"(0.4827246972385666, 0.964269276237512)",1,95.28972724891976,32789
"(0.8551452042262022, 0.9599989999749994)",1,95.28963631992124,32790
"(0.8873352247505452, 0.9690968282937898)",1,95.28930276185837,32791
"(0.9392111404005912, 0.9681034738761426)",2,95.28899760918178,32793
"(0.8470413622709255, 0.9690968282937898)",3,95.28894147087144,32796
"(0.6969051878354204, 0.9650076460904662)",1,95.28868087612044,32797
"(0.8975998588152243, 0.9540153992631536)",1,95.288608504933,32798
"(0.8322510822510822, 0.9861673414304992)",1,95.2885668041786,32799
"(0.7801059423865424, 0.9539707149009474)",2,95.28834449555691,32801
"(0.5132225849922759, 0.9837508887399192)",1,95.28825720529711,32802
"(0.8128441201209393, 0.964269276237512)",1,95.28824911615112,32803
"(0.9165867390570612, 0.9539272400433172)",1,95.2881874789441,32804
"(0.861111111111111, 1.0)",2,95.2881271993307,32806
"(0.7817150682100042, 0.9622641509433963)",1,95.28784485779131,32807
"(0.851020730295696, 0.9539707149009474)",1,95.28775787969758,32808
"(0.7976364522417154, 0.9646309224447688)",1,95.28774165715096,32809
"(0.6969051878354204, 0.9538370349708868)",1,95.28759276475054,32810
"(0.8137107474568775, 0.9536268754076972)",1,95.28755211236124,32811
"(0.8514626506510005, 0.9572437766315318)",1,95.28743257873732,32812
"(0.519475743201844, 0.9775)",1,95.2873435685253,32813
"(0.6892156862745098, 0.972420634920635)",1,95.287302194942,32814
"(0.9540153992631536, 0.95339554031292)",1,95.28714438812553,32815
"(0.5379450468208387, 0.9690968282937898)",2,95.28709151200395,32817
"(0.920238255356524, 0.9832925076188832)",1,95.28705956269624,32818
"(0.8825487012987013, 0.9610899532226684)",3,95.28691472806246,32821
"(0.4827246972385666, 0.964269276237512)",1,95.28690228244427,32822
"(0.8686559598432304, 0.9764666952752286)",1,95.2868850083492,32823
"(0.944911858974359, 0.9624810060092922)",1,95.28685962581734,32824
"(0.7709171448706333, 0.964269276237512)",1,95.28671093796932,32825
"(0.8734313112361893, 0.9861673414304992)",1,95.2866370326996,32826
"(0.8978420627840789, 0.9646309224447688)",3,95.28655513807644,32829
"(0.9014293255242536, 0.9575126626788776)",3,95.28648130419828,32832
"(0.903667392883079, 1.0)",2,95.28645589395197,32834
"(0.8085259100433108, 0.9861673414304992)",2,95.28616466741605,32836
"(0.9331814008429188, 0.964269276237512)",1,95.28616284635832,32837
"(0.8828089560918873, 0.9691818330194464)",1,95.28601363725896,32838
"(0.911911525974026, 0.9538331745788698)",1,95.28589455316786,32839
"(0.9333333333333332, 0.9833229101521784)",1,95.2858883079784,32840
"(0.9137091172501388, 0.9622641509433963)",1,95.28551015580254,32841
"(0.7259530953852703, 0.9643944553313464)",1,95.2852439883744,32842
"(0.8395301149279116, 0.9764666952752286)",1,95.28523722255257,32843
"(0.9128205128205128, 0.9506883741258744)",1,95.28521607258986,32844
"(0.7906364749082007, 0.9650450950662368)",1,95.28516173045584,32845
"(0.7664480222619757, 0.9764666952752286)",2,95.28505695503468,32847
"(0.6526770767943084, 0.9861673414304992)",1,95.2849674705016,32848
"(0.8933617810760668, 0.9575126626788776)",1,95.2849444920478,32849
"(0.8909417672294615, 0.9646309224447688)",1,95.28473020040867,32850
"(0.9640038239043044, 0.9575126626788776)",1,95.28471077001826,32851
"(0.9361428571428572, 0.9572437766315318)",1,95.28470599824462,32852
"(0.8933617810760668, 0.9540153992631536)",4,95.28467590807767,32856
"(0.8222222222222222, 1.0)",1,95.28454135598264,32857
"(0.9388917411828462, 0.9643698138596096)",1,95.2844828777715,32858
"(0.5155965841499739, 0.9466127311522048)",1,95.28448111721583,32859
"(0.6782260590400124, 0.9767441860465116)",1,95.28446103215802,32860
"(0.8860455063826657, 0.9861673414304992)",1,95.28428458978418,32861
"(0.8399999999999999, 0.954995499549955)",1,95.2842494194165,32862
"(0.9297564829445116, 0.9680383516315252)",1,95.28412410901409,32863
"(0.92008547008547, 0.9644491481508056)",1,95.28411531330174,32864
"(0.838301471154743, 0.972045976510262)",1,95.2840389727171,32865
"(0.9609357631051972, 0.9494594905410846)",1,95.28396360707306,32866
"(0.9491452991452992, 0.9642857142857144)",4,95.2839128073301,32870
"(0.9212328545548654, 0.9645938855657314)",2,95.28362982720752,32872
"(0.7891673497098101, 0.9736842105263158)",1,95.28360460379932,32873
"(0.9469408453036384, 0.9540153992631536)",1,95.28356762979666,32874
"(0.9677353740627908, 0.9306354512948452)",1,95.28336795087804,32875
"(0.8426040866925729, 0.9726349383671444)",1,95.28328338373898,32876
"(0.940074233084456, 0.9535144014828052)",1,95.28327867010285,32877
"(0.6981216457960644, 0.9767441860465116)",1,95.2831081369024,32878
"(0.8885908209437621, 0.9573389777809668)",1,95.28307762153118,32879
"(0.9288982963016116, 0.9680383516315252)",2,95.28307333695142,32881
"(0.9331814008429188, 0.9650076460904662)",1,95.28295949379572,32882
"(0.8631918334993627, 0.9833229101521784)",1,95.28265007569463,32883
"(0.8957538774472412, 0.9692608993981562)",1,95.28260996866268,32884
"(0.7794241245535004, 0.9861673414304992)",1,95.2825936671972,32885
"(0.812418383596075, 0.9650450950662368)",1,95.28248941177516,32886
"(0.7943622269203664, 0.9764666952752286)",1,95.28214289416547,32887
"(0.686734693877551, 0.9675571471581564)",1,95.28210652045898,32888
"(0.8885908209437621, 0.9538331745788698)",1,95.28207529362076,32889
"(0.8871082621082622, 0.972281746031746)",1,95.28198069015936,32890
"(0.9460809481025116, 0.9572437766315318)",2,95.28177128807776,32892
"(0.9715593185206444, 0.9536268754076972)",1,95.28175265712116,32893
"(0.930124456440246, 0.972045976510262)",2,95.28165184042692,32895
"(0.9309821833269412, 0.9766918866148322)",1,95.28155159201636,32896
"(0.9491452991452992, 0.9607612022680516)",1,95.28149425043163,32897
"(0.9573389777809668, 0.9575126626788776)",1,95.28146061465414,32898
"(0.7931486840292131, 0.9495014245014244)",1,95.28141543079296,32899
"(0.8814591883264935, 0.9643944553313464)",1,95.28134970833284,32900
"(0.7042648709315374, 1.0)",2,95.2813281483578,32902
"(0.8449106413122807, 0.964269276237512)",1,95.28127262423388,32903
"(0.8691891027106093, 0.9538331745788698)",1,95.28125251644308,32904
"(0.8325642300300746, 0.9559144017084672)",6,95.28106082446094,32910
"(0.9067863328609668, 0.9474996718729491)",1,95.28099120195952,32911
"(0.9199973910846122, 0.9915151515151516)",1,95.28079511818387,32912
"(0.9429917021753756, 0.9641028246291404)",1,95.28055824693246,32913
"(0.5489738730640235, 0.9763451296600468)",1,95.28042905025517,32914
"(0.8579868984630887, 1.0)",1,95.28029367023956,32915
"(0.943455134862934, 0.9575126626788776)",1,95.28026142386317,32916
"(0.9275802828069248, 0.95)",1,95.28020428098117,32917
"(0.8652443837747164, 0.9557886530559612)",2,95.28015654309444,32919
"(0.9186426294655792, 0.9572437766315318)",1,95.28013495836694,32920
"(0.5070372093557577, 0.972281746031746)",1,95.2800250529122,32921
"(0.8686037591100882, 0.9573389777809668)",1,95.27973625024508,32922
"(0.7430884778239842, 0.9712837346211094)",1,95.27964366482036,32923
"(0.9566795633209296, 0.9640038239043044)",1,95.27960322765468,32924
"(0.8645256232686982, 0.9648252575884156)",1,95.27954907053802,32925
"(0.9422394177612392, 0.9643698138596096)",1,95.27942729574116,32926
"(0.911234030893585, 0.9640038239043044)",1,95.27933765505244,32927
"(0.9498754528985508, 0.960851077856154)",1,95.2792772623596,32928
"(0.843845350684385, 0.9572437766315318)",1,95.27926439644826,32929
"(0.8806608357628766, 0.9572437766315318)",1,95.27900000102449,32930
"(0.9156086605607608, 0.9690968282937898)",4,95.27894425476931,32934
"(0.9165867390570612, 0.95)",1,95.2789387348132,32935
"(0.5538653162233477, 0.9767441860465116)",1,95.27880272782728,32936
"(0.9301209372637944, 0.972045976510262)",1,95.2785116736549,32937
"(0.9094202898550724, 0.9549988749718742)",1,95.27836431574596,32938
"(0.9540153992631536, 0.9536268754076972)",1,95.27806043936184,32939
"(0.8937533848783131, 0.9540153992631536)",1,95.27805284970664,32940
"(0.9125533644430458, 0.9715098411076398)",1,95.27792644509208,32941
"(0.8656512412692597, 0.9529751605618932)",2,95.27779288058116,32943
"(0.7820135271430143, 0.9643944553313464)",1,95.277756652893,32944
"(0.5011026113306201, 0.9787508965978506)",1,95.27773548392278,32945
"(0.7678405315614618, 0.9764666952752286)",1,95.27766640376576,32946
"(0.8449106413122807, 0.964269276237512)",1,95.27762137244156,32947
"(0.9306013489647758, 0.9690968282937898)",3,95.27755428504584,32950
"(0.8876281048778143, 0.960666032023912)",1,95.2774587409384,32951
"(0.8733799478600891, 0.9748810165856886)",1,95.27742905185256,32952
"(0.8535870458655268, 0.9468391231269042)",1,95.27730382933294,32953
"(0.8932254623044097, 0.9780434995701116)",1,95.27725862174766,32954
"(0.9524640509385224, 0.9549819927971188)",1,95.27715202803104,32955
"(0.960666032023912, 0.9642857142857144)",4,95.27714063453028,32959
"(0.9644491481508056, 0.9538331745788698)",3,95.27682196478102,32962
"(0.6707941587931741, 0.9753374353135024)",1,95.2762707215326,32963
"(0.9314912029239976, 0.964269276237512)",1,95.27623633189393,32964
"(0.8804507499826432, 0.9557886530559612)",3,95.27605772678815,32967
"(0.8898894074675324, 0.9609357631051972)",1,95.27602947992295,32968
"(0.931093393134094, 0.9574285714285714)",1,95.27597257100555,32969
"(0.4827246972385666, 0.964269276237512)",1,95.27572322958451,32970
"(0.8806608357628766, 0.9681034738761426)",1,95.27543666666352,32971
"(0.8420013166556946, 1.0)",1,95.27541732210656,32972
"(0.9012059369202228, 0.9495058714870036)",1,95.2754069470288,32973
"(0.8037001856569231, 0.9690968282937898)",3,95.27527859793751,32976
"(0.8623077787842691, 0.9572437766315318)",1,95.27513307551642,32977
"(0.8459744503862151, 0.972045976510262)",1,95.27487614662738,32978
"(0.8613656783468103, 1.0)",1,95.27453979914984,32979
"(0.7547920901036461, 0.964731521366774)",2,95.27453239883774,32981
"(0.6747507742934573, 1.0)",1,95.27441840457976,32982
"(0.8486182505943806, 0.9779263059241357)",1,95.27434019249316,32983
"(0.7852506868131869, 0.9645238095238096)",1,95.27423689230508,32984
"(0.7198784150003663, 0.9734731918335766)",1,95.27414788749958,32985
"(0.8547756205106323, 0.9882048106149588)",1,95.27414555817624,32986
"(0.8898894074675324, 0.9575126626788776)",1,95.27410102078296,32987
"(0.5638826889384886, 0.9764666952752286)",1,95.2740159288972,32988
"(0.6333118819585527, 0.9650450950662368)",1,95.27392695625896,32989
"(0.8399068371282817, 0.972045976510262)",1,95.27389080295316,32990
"(0.8103667838961957, 0.95)",1,95.2738473770308,32991
"(0.9462256234379848, 0.957036102484472)",1,95.27371580517216,32992
"(0.8318290279074593, 0.9861673414304992)",1,95.27370156213436,32993
"(0.8474214220323468, 0.9549718574108818)",1,95.27364992621568,32994
"(0.5466837142306626, 0.9861673414304992)",1,95.27364468885736,32995
"(0.8132775534810647, 0.964269276237512)",1,95.27352300476836,32996
"(0.8976982097186702, 0.9833229101521784)",1,95.2735125451912,32997
"(0.9287396277192196, 0.9460809481025116)",1,95.27287443745408,32998
"(0.9468391231269042, 0.9610153569597296)",1,95.27286040777491,32999
"(0.9166145507608924, 1.0)",1,95.2723673282256,33000
"(0.9358656649472976, 0.9540153992631536)",1,95.27223230852158,33001
"(0.7325800052772601, 0.953869399553278)",1,95.27201627364074,33002
"(0.8458949964763919, 0.9539707149009474)",2,95.27195820312586,33004
"(0.9275802828069248, 0.9536268754076972)",1,95.27194157223543,33005
"(0.8895939931776995, 0.9622598627787308)",1,95.2718798809136,33006
"(0.8631918334993627, 0.9833229101521784)",1,95.27164646500611,33007
"(0.8806608357628766, 0.9644491481508056)",1,95.27153477536602,33008
"(0.6658312447786132, 0.949954959463517)",1,95.27145436535196,33009
"(0.929787607512726, 0.9624978905063408)",1,95.27112291613872,33010
"(0.8594436844505243, 0.9643944553313464)",2,95.27106548180048,33012
"(0.8645256232686982, 0.9690968282937898)",2,95.27104614040536,33014
"(0.5874751891549204, 0.9780434995701116)",1,95.27089548774342,33015
"(0.9070766178400336, 0.9549898727213622)",2,95.27082038355977,33017
"(0.6432772815188069, 0.9861310021084456)",1,95.27073077185209,33018
"(0.8662655059929975, 0.9691818330194464)",1,95.27055322743176,33019
"(0.869254101161996, 0.964731521366774)",1,95.27049750229182,33020
"(0.4468328406505846, 0.9861673414304992)",2,95.2704846621492,33022
"(0.9014293255242536, 0.9610899532226684)",2,95.27019139076928,33024
"(0.7932043650793651, 0.960851077856154)",4,95.27015522664615,33028
"(0.9528533742496432, 0.9381466410380824)",1,95.27014920530496,33029
"(0.8810064268049709, 0.9648252575884156)",3,95.27014708604791,33032
"(0.9186426294655792, 0.960851077856154)",1,95.27006039689284,33033
"(0.4746453255640638, 0.9804051191105192)",4,95.26997995358671,33037
"(0.9196060697417344, 0.9549988749718742)",1,95.26986263424892,33038
"(0.8377935954980907, 0.9495014245014244)",1,95.26983630592552,33039
"(0.9471243233098142, 0.95)",1,95.26973639063222,33040
"(0.9645238095238096, 0.952999227799228)",1,95.26947813839892,33041
"(0.7472307467415887, 0.941454716296154)",2,95.269391007239,33043
"(0.746304385688563, 0.972252530763169)",1,95.26921593445056,33044
"(0.9628689175769612, 0.9624545454545456)",1,95.26918457812369,33045
"(0.6361158710730316, 0.9764666952752286)",2,95.26917912130476,33047
"(0.5187734941865547, 0.958422459893048)",1,95.2689951953767,33048
"(0.8600291387756281, 0.9876066164491212)",1,95.26893544749596,33049
"(0.9009287520039462, 1.0)",1,95.26882953382788,33050
"(0.5356100633781995, 0.9650076460904662)",1,95.2687736282477,33051
"(0.7278086237149632, 1.0)",1,95.26851119850988,33052
"(0.8562003179650239, 0.9289986228605154)",3,95.26843092306788,33055
"(0.8887940768066828, 0.964269276237512)",1,95.26836992941764,33056
"(0.8523797616070684, 0.964269276237512)",1,95.26826635632617,33057
"(0.8148308968977662, 0.972281746031746)",1,95.26823363340728,33058
"(0.8976982097186702, 1.0)",1,95.26820951541688,33059
"(0.911911525974026, 0.9537330920118182)",4,95.2681945231543,33063
"(0.7760416666666667, 0.9549898727213622)",1,95.26818218463822,33064
"(0.8662285714285716, 0.9505232430050672)",1,95.268035764432,33065
"(0.7801059423865424, 0.9539707149009474)",1,95.26786218294352,33066
"(0.6329443208101642, 0.9736472047389854)",1,95.26775828446743,33067
"(0.5297912526658138, 0.9735486410250802)",3,95.2675877247713,33070
"(0.8044914258149553, 0.9861310021084456)",1,95.26748479543178,33071
"(0.9240041208791208, 0.9749910873440284)",2,95.26732632140278,33073
"(0.863869697334692, 0.9691818330194464)",1,95.2671996781826,33074
"(0.9240041208791208, 0.9749910873440284)",2,95.26708602571992,33076
"(0.8996408045977011, 0.9749910873440284)",1,95.26699609537688,33077
"(0.4042620013682356, 0.960376642453574)",3,95.2669495151539,33080
"(0.911021218587008, 0.9690968282937898)",3,95.26686669162808,33083
"(0.6730510127402202, 0.9650667387470876)",1,95.26636507733964,33084
"(0.839627810315511, 0.9463627709416984)",1,95.26634327506356,33085
"(0.6933160650937552, 0.9764666952752286)",1,95.2662065482002,33086
"(0.8136244723706807, 0.9643944553313464)",1,95.26611306505345,33087
"(0.8003236732894304, 0.9536268754076972)",1,95.26605937476891,33088
"(0.9358935587920408, 0.9874877810361682)",1,95.26594945537138,33089
"(0.6085487618529295, 0.9650450950662368)",1,95.265831242215,33090
"(0.656307097369308, 0.9650076460904662)",1,95.26582188418836,33091
"(0.6886904761904762, 1.0)",1,95.26573915752095,33092
"(0.960851077856154, 0.960851077856154)",1,95.2656466123462,33093
"(0.9379369827374928, 0.9749052909377262)",1,95.26562279526496,33094
"(0.8885908209437621, 0.9574285714285714)",1,95.2655932643158,33095
"(0.912705831903945, 0.9495014245014244)",1,95.26539520504008,33096
"(0.9373586654890096, 0.9549898727213622)",2,95.26536945876111,33098
"(0.9049688873143666, 0.964731521366774)",1,95.26524811385876,33099
"(0.4835654773292069, 0.9733034812742772)",1,95.26519569233206,33100
"(0.7647742788871822, 1.0)",1,95.26508660691113,33101
"(0.8309403153153152, 0.9779263059241357)",2,95.26502665994644,33103
"(0.929936943248924, 0.9574997343733398)",1,95.26498988073334,33104
"(0.9599959995999598, 0.945)",3,95.26484333841196,33107
"(0.9073492428586464, 0.9676485688615069)",1,95.26461508288897,33108
"(0.8451478848040399, 0.972045976510262)",1,95.26430387383114,33109
"(0.8761479805597453, 1.0)",1,95.26429050693685,33110
"(0.8672602388063438, 0.9574784734771978)",1,95.264272642625,33111
"(0.826804915514593, 0.960851077856154)",1,95.26406753627336,33112
"(0.8887940768066828, 0.964269276237512)",1,95.26398426039464,33113
"(0.9460547122074636, 0.9790693693461476)",1,95.26384677282756,33114
"(0.7277677677677677, 1.0)",2,95.26375220053193,33116
"(0.907220808200551, 0.9650076460904662)",1,95.26366116836992,33117
"(0.8895939931776995, 0.9749910873440284)",1,95.26353796509706,33118
"(0.7962102115226081, 0.9766918866148322)",1,95.26344033487952,33119
"(0.8581022152450725, 0.972045976510262)",1,95.26342511257128,33120
"(0.656307097369308, 0.9538370349708868)",1,95.26335917186309,33121
"(0.8351110130322311, 0.9648252575884156)",1,95.26309130150028,33122
"(0.8240725359911406, 0.964269276237512)",1,95.2630889179695,33123
"(0.927109440267335, 0.9644491481508056)",1,95.2630513104446,33124
"(0.8428938985542759, 0.9495014245014244)",1,95.26298094660932,33125
"(0.8621031746031745, 0.9861310021084456)",1,95.2629807968346,33126
"(0.8748200797381125, 0.9861310021084456)",2,95.26295449325433,33128
"(0.869254101161996, 0.9601502499942144)",3,95.2628341836206,33131
"(0.8995772689779955, 0.9874957118353344)",2,95.26273835368757,33133
"(0.4757785089725587, 0.9739845710534774)",1,95.2626802458501,33134
"(0.8459744503862151, 0.972045976510262)",1,95.26256151857967,33135
"(0.7760416666666667, 0.9524640509385224)",1,95.26247931578568,33136
"(0.8976982097186702, 1.0)",1,95.26227797369832,33137
"(0.8623077787842691, 0.9610899532226684)",2,95.26204020908844,33139
"(0.9640038239043044, 0.952999227799228)",1,95.26181635530918,33140
"(0.9549819927971188, 0.9549898727213622)",2,95.26163003170058,33142
"(0.8766640111271459, 0.960851077856154)",1,95.26162942776054,33143
"(0.8374874819183264, 0.9764666952752286)",1,95.26156814017696,33144
"(0.8806608357628766, 0.9536268754076972)",1,95.26140719184068,33145
"(0.843845350684385, 0.9644491481508056)",1,95.26139871479997,33146
"(0.9665831244778612, 0.9833229101521784)",1,95.26131810373248,33147
"(0.8430987589231168, 0.940930997520722)",3,95.2613075493227,33150
"(0.91326516498939, 0.979108734402852)",1,95.26104537787953,33151
"(0.7259530953852703, 0.9643944553313464)",1,95.26103841077747,33152
"(0.9198203842940684, 0.9537330920118182)",1,95.26093778735692,33153
"(0.8735572483841181, 0.9646309224447688)",1,95.26085305558566,33154
"(0.9122507070492478, 0.9749656593406592)",1,95.26078364626436,33155
"(0.8535870458655268, 0.9536268754076972)",1,95.26078212716,33156
"(0.9327510896243466, 0.972634688498544)",2,95.2607183937923,33158
"(0.8535870458655268, 0.9536268754076972)",1,95.26065203356326,33159
"(0.9502288074111276, 0.95)",1,95.26048454113398,33160
"(0.7474747474747474, 0.9643944553313464)",1,95.26033140479684,33161
"(0.920238255356524, 0.974204519843465)",1,95.26016064080136,33162
"(0.8456659619450317, 0.9764666952752286)",1,95.26015316862777,33163
"(0.6892156862745098, 0.972420634920635)",1,95.2601201102264,33164
"(0.9916585206907788, 0.983545503234046)",1,95.26002498300178,33165
"(0.9603476243044132, 0.97502985598876)",1,95.25996945878678,33166
"(0.9528629190035216, 0.9289986228605154)",1,95.25995956900582,33167
"(0.8993301094022514, 0.9495014245014244)",1,95.25978032678312,33168
"(0.3490394448502557, 0.9739752767246664)",1,95.2593564746872,33169
"(0.8574563460059643, 0.954995499549955)",1,95.2592251452384,33170
"(0.9364970967817766, 0.9536268754076972)",2,95.25878243212672,33172
"(0.7878851768794842, 0.9424392014064856)",1,95.25859648148533,33173
"(0.8141106354402753, 0.9556541264979026)",2,95.25848423063329,33175
"(0.8702889400021048, 0.9572437766315318)",2,95.25824165478272,33177
"(0.9491452991452992, 0.9568045886851652)",1,95.2579742997333,33178
"(0.8600291387756281, 0.9709261974584557)",1,95.25788113613277,33179
"(0.9502288074111276, 0.9350193449813944)",1,95.2576156236918,33180
"(0.9574784734771978, 0.965)",1,95.25759536499687,33181
"(0.7772049591964847, 0.972045976510262)",1,95.25746746123166,33182
"(0.8395301149279116, 0.9764666952752286)",1,95.25732776046068,33183
"(0.8334507869391591, 0.9643944553313464)",1,95.25714659856362,33184
"(0.9026337658413128, 0.9861673414304992)",1,95.25713546269084,33185
"(0.6043417366946778, 0.9609357631051972)",3,95.25710006703706,33188
"(0.5466837142306626, 0.9861673414304992)",1,95.25707702929454,33189
"(0.912705831903945, 0.9495014245014244)",1,95.2568812362091,33190
"(0.8523797616070684, 0.964269276237512)",1,95.25680961258097,33191
"(0.945600047211127, 0.960851077856154)",1,95.2567255023122,33192
"(0.917955241105926, 0.960851077856154)",1,95.25671438903213,33193
"(0.939866291344124, 0.9571428571428572)",1,95.25661368589564,33194
"(0.7204649554921787, 0.9691818330194464)",3,95.2565880362905,33197
"(0.8311329582337986, 0.972045976510262)",2,95.25635136025656,33199
"(0.8478418336329888, 0.9823657606833868)",1,95.25611712999527,33200
"(0.8847822547822548, 0.972420634920635)",1,95.255991540855,33201
"(0.922324745206372, 0.954995499549955)",1,95.25583656175344,33202
"(0.8972301136363636, 0.9572437766315318)",1,95.25562267370027,33203
"(0.8563094906941128, 0.9648252575884156)",1,95.25534982452744,33204
"(0.6911324786324786, 0.972045976510262)",1,95.2553486890522,33205
"(0.8391399552284038, 0.9650450950662368)",1,95.25513373432447,33206
"(0.9143342172934747, 0.9749910873440284)",1,95.2551271217374,33207
"(0.5145696010475885, 0.9861310021084456)",2,95.25500311683996,33209
"(0.7709171448706333, 0.964269276237512)",1,95.25494352721232,33210
"(0.8972301136363636, 0.9644491481508056)",3,95.2548997781111,33213
"(0.8456659619450317, 0.9764666952752286)",1,95.25486603508752,33214
"(0.787221770032878, 0.9624810060092922)",1,95.25480035947852,33215
"(0.9348222545262322, 0.9610153569597296)",4,95.25473550008488,33219
"(0.8898894074675324, 0.9540153992631536)",1,95.254640725579,33220
"(0.6974353892500395, 0.9604593619418418)",3,95.25449214820674,33223
"(0.7707669475804315, 0.9646309224447688)",3,95.2543914610973,33226
"(0.946730586052542, 0.9575126626788776)",1,95.25433773070957,33227
"(0.8191170968948748, 0.9648252575884156)",1,95.25417132265554,33228
"(0.861111111111111, 1.0)",1,95.25414481925708,33229
"(0.9537330920118182, 0.9539272400433172)",1,95.25393299636548,33230
"(0.9187883397948668, 0.9716190476190476)",1,95.25371875724692,33231
"(0.9145814491005928, 0.9524997031231444)",3,95.25371829048557,33234
"(0.6809855026116619, 0.9749910873440284)",1,95.25365432785024,33235
"(0.777006807446513, 0.9495014245014244)",1,95.25363761829652,33236
"(0.8472645812528676, 0.960851077856154)",3,95.25352505661348,33239
"(0.9680383516315252, 0.961159640771458)",2,95.25340654250093,33241
"(0.9165867390570612, 0.9537330920118182)",1,95.25327770264155,33242
"(0.9382963205525124, 0.9622641509433963)",1,95.25312913202522,33243
"(0.8472645812528676, 0.9571428571428572)",1,95.2530798818971,33244
"(0.9535144014828052, 0.9537330920118182)",1,95.25287473912633,33245
"(0.861957198953386, 0.9538370349708868)",1,95.25285466770708,33246
"(0.9067863328609668, 0.944911858974359)",1,95.25273964624334,33247
"(0.9537330920118182, 0.9536268754076972)",1,95.25272454165652,33248
"(0.8098502304147466, 0.9749910873440284)",1,95.2526813839586,33249
"(0.6361158710730316, 0.9764666952752286)",2,95.2526606763706,33251
"(0.8173762627724085, 0.9599959995999598)",2,95.25263961786038,33253
"(0.8635976129582268, 1.0)",1,95.2525626772852,33254
"(0.8229870141950848, 1.0)",1,95.25238454196136,33255
"(0.9388917411828462, 0.95)",1,95.25236371180274,33256
"(0.944563492063492, 1.0)",1,95.25206702866387,33257
"(0.8066487122350412, 0.9650450950662368)",2,95.25183533969263,33259
"(0.620130835563485, 0.991206314397104)",4,95.2513023447671,33263
"(0.4713229198481609, 0.9764666952752286)",1,95.25118556112368,33264
"(0.8472645812528676, 0.9680383516315252)",1,95.25116822951588,33265
"(0.869342312953804, 0.964269276237512)",1,95.25103303040306,33266
"(0.6395938219147543, 0.9601502499942144)",3,95.2509432473028,33269
"(0.929787607512726, 0.9449504554098688)",1,95.25085312624972,33270
"(0.5218438528010998, 0.972281746031746)",1,95.25076320624358,33271
"(0.9764666952752286, 0.9643944553313464)",1,95.250533253968,33272
"(0.9469408453036384, 0.9610899532226684)",3,95.2504910690322,33275
"(0.9069410647702764, 0.955)",1,95.25039508305431,33276
"(0.5592035399158047, 0.999621402088958)",1,95.25032063058838,33277
"(0.8975998588152243, 0.9540977572753596)",1,95.25026105245898,33278
"(0.865784312181671, 0.9601502499942144)",3,95.25014359554382,33281
"(0.9243000100356984, 0.9540153992631536)",1,95.25010331425172,33282
"(0.9008627640703112, 1.0)",1,95.249811655092,33283
"(0.9422394177612392, 0.950608853052493)",1,95.2498019246674,33284
"(0.8425483191745751, 0.988167361639188)",1,95.24970921242658,33285
"(0.9273504273504276, 0.9466151061674828)",1,95.24925547756162,33286
"(0.8623077787842691, 0.9572437766315318)",1,95.24920996400056,33287
"(0.9021765712888236, 0.9624978905063408)",1,95.2488555272013,33288
"(0.7039428320692033, 0.964269276237512)",1,95.24878114428668,33289
"(0.8438530351707455, 0.9690968282937898)",2,95.24875275645164,33291
"(0.4423707251851418, 0.9861310021084456)",1,95.2486196635452,33292
"(0.8352271364897016, 0.964269276237512)",1,95.24858888082794,33293
"(0.833630878109023, 0.9549718574108818)",1,95.2485861041716,33294
"(0.7852506868131869, 0.9642857142857144)",1,95.24853126229593,33295
"(0.8660545355265853, 0.9749910873440284)",1,95.248275366026,33296
"(0.8996408045977011, 0.9749910873440284)",1,95.24822433517834,33297
"(0.9459285785969274, 0.9537330920118182)",1,95.24808559418749,33298
"(0.9, 0.9833229101521784)",1,95.24805926303593,33299
"(0.922324745206372, 0.9574976092405196)",1,95.24805010350356,33300
"(0.9247023809523808, 0.9619736581501288)",1,95.24785159925204,33301
"(0.9388917411828462, 0.9572437766315318)",6,95.24773905109502,33307
"(0.8016677935542034, 0.9833229101521784)",1,95.24756118262444,33308
"(0.8846362470895226, 0.9677353740627908)",1,95.2474460918277,33309
"(0.8743078626799556, 0.9861310021084456)",1,95.24688539473064,33310
"(0.9539272400433172, 0.950431439792024)",1,95.24678866706672,33311
"(0.6658312447786132, 0.95749335833724)",1,95.2466415978194,33312
"(0.8558852999963277, 0.9650450950662368)",1,95.24647062310466,33313
"(0.8165509259259259, 1.0)",1,95.24622500544046,33314
"(0.6521663785997688, 0.988167361639188)",2,95.24621235232549,33316
"(0.8729557812660307, 0.9735486410250802)",1,95.2461429387144,33317
"(0.8752079951298701, 0.9505232430050672)",1,95.24611895140376,33318
"(0.8561103441223091, 0.972045976510262)",1,95.24610422133593,33319
"(0.7852506868131869, 0.95)",1,95.246103142196,33320
"(0.8566261808367072, 0.9646309224447688)",3,95.24601401802104,33323
"(0.9280317595086728, 0.9752132328982424)",1,95.24597134609222,33324
"(0.6333118819585527, 0.9529751605618932)",1,95.24582610829717,33325
"(0.8702889400021048, 0.9575126626788776)",1,95.24565949924752,33326
"(0.960851077856154, 0.9535144014828052)",1,95.24562113571342,33327
"(0.960666032023912, 0.9679690637004894)",1,95.24547092771446,33328
"(0.8312205288949474, 1.0)",1,95.24539970584324,33329
"(0.8918701789959861, 0.9601502499942144)",3,95.24538133363347,33332
"(0.8888709036742801, 0.9749910873440284)",1,95.24535215544576,33333
"(0.7578328648096089, 0.9764666952752286)",2,95.2452334614,33335
"(0.8446976264189887, 0.940930997520722)",3,95.2450898442151,33338
"(0.8813080639167598, 1.0)",1,95.24491082293872,33339
"(0.8891350546176764, 0.9749910873440284)",1,95.24467729540709,33340
"(0.9295946890286512, 1.0)",1,95.24458216315162,33341
"(0.9062499413111376, 0.95153153367707)",1,95.24422546010682,33342
"(0.8561103441223091, 0.972045976510262)",1,95.24422106957988,33343
"(0.8340799485585682, 0.964269276237512)",1,95.24421586187388,33344
"(0.6809855026116619, 0.9749910873440284)",1,95.24406740290055,33345
"(0.8471527473990528, 1.0)",2,95.24389331472652,33347
"(0.826908968957639, 0.9601502499942144)",3,95.2438200248234,33350
"(0.7583018074821354, 0.95749335833724)",1,95.2437888933154,33351
"(0.9098809643282124, 0.9575913511472004)",1,95.24342861696016,33352
"(0.931093393134094, 0.9537330920118182)",1,95.24342605259396,33353
"(0.8894752290768013, 0.9572437766315318)",2,95.24326596456204,33355
"(0.8250850808981499, 0.9499799919967988)",1,95.24303514774098,33356
"(0.8976982097186702, 1.0)",1,95.24296347795504,33357
"(0.9469408453036384, 0.9539272400433172)",1,95.24284750785048,33358
"(0.8149514653506832, 0.9646309224447688)",1,95.24276387964588,33359
"(0.8224713709935384, 0.957036102484472)",1,95.24275374251592,33360
"(0.9873891625615764, 0.9873444118605408)",2,95.2425433456754,33362
"(0.746671365914787, 0.9557886530559612)",3,95.24248944171644,33365
"(0.8347775825943863, 0.9873444118605408)",1,95.24236246059228,33366
"(0.7999088007295942, 0.9766918866148322)",1,95.24232110669648,33367
"(0.5145696010475885, 0.9861310021084456)",1,95.24229458317802,33368
"(0.8880984643179766, 1.0)",2,95.24228921295764,33370
"(0.5874751891549204, 0.9736842105263158)",1,95.24228606258455,33371
"(0.8645256232686982, 0.964731521366774)",1,95.2422514946895,33372
"(1.0, 1.0)",2,95.24210118839636,33374
"(0.8702889400021048, 0.9645938855657314)",1,95.24209977677997,33375
"(0.6530678548222407, 0.9648252575884156)",1,95.24196572464676,33376
"(0.9609357631051972, 0.9346153846153848)",1,95.24193213799832,33377
"(0.432719711566191, 0.97263234534937)",1,95.2418022309764,33378
"(0.7678405315614618, 0.9764666952752286)",1,95.241753485876,33379
"(0.7943622269203664, 0.9650450950662368)",1,95.24141074055515,33380
"(0.90903917799718, 0.9536268754076972)",1,95.24135502535276,33381
"(0.9572437766315318, 0.9610899532226684)",2,95.24119925523829,33383
"(0.931159364670003, 0.972045976510262)",1,95.24104909270818,33384
"(0.9240041208791208, 0.9622598627787308)",1,95.24101463896848,33385
"(0.8108021513875538, 0.9735486410250802)",3,95.2409875147528,33388
"(0.9020800849800285, 0.9575126626788776)",3,95.24071931867736,33391
"(0.8456272791248162, 0.9642857142857144)",1,95.24067642308302,33392
"(0.6936817460684196, 0.9780434995701116)",1,95.24040715816776,33393
"(0.842200034135518, 0.9463627709416984)",1,95.24038361970284,33394
"(0.9377148530109056, 0.9691818330194464)",1,95.24033690807576,33395
"(0.9303715638302106, 1.0)",1,95.24029701430769,33396
"(0.859079950617616, 0.9538331745788698)",1,95.24020055551956,33397
"(0.9202657807308968, 0.9539707149009474)",1,95.24019244819804,33398
"(0.90903917799718, 0.960851077856154)",1,95.2401368681,33399
"(0.8964397027091824, 0.9573389777809668)",1,95.24011907448484,33400
"(0.8153895365851999, 0.9643944553313464)",1,95.23962760797777,33401
"(0.94484126984127, 0.9861673414304992)",1,95.23934249605536,33402
"(0.2970992748187047, 0.9646309224447688)",3,95.2393352265554,33405
"(0.9396279975262144, 0.9646594592893336)",1,95.23930836193816,33406
"(0.9170904871819552, 0.9540153992631536)",4,95.23917342493884,33410
"(0.9501563219469168, 0.8904962367426535)",1,95.23886690727416,33411
"(0.9145814491005928, 0.9574678350502568)",1,95.2386947305872,33412
"(0.7027263407347917, 0.9646309224447688)",1,95.23857280579438,33413
"(0.8449106413122807, 0.964269276237512)",2,95.23844024645152,33415
"(0.8311329582337986, 0.972045976510262)",1,95.23824393157476,33416
"(0.7278086237149632, 1.0)",2,95.23824266690076,33418
"(0.9609357631051972, 0.9640038239043044)",1,95.23813388467916,33419
"(0.7583018074821354, 0.9524640509385224)",1,95.23805726196888,33420
"(0.9240756756756756, 0.9574285714285714)",1,95.23802153799184,33421
"(0.9746535316523212, 0.9916585206907788)",2,95.23789888220132,33423
"(0.3744056009122709, 0.9777005950257937)",1,95.23767542475558,33424
"(0.9491452991452992, 0.9642857142857144)",1,95.23760322283896,33425
"(0.8837179908491115, 0.9599959995999598)",1,95.23746937106836,33426
"(0.8229887467673168, 0.9690968282937898)",1,95.23745948745167,33427
"(0.8132775534810647, 0.964269276237512)",2,95.23728320670035,33429
"(0.935554153726708, 0.9575126626788776)",1,95.2371410950938,33430
"(0.798857609139127, 0.964269276237512)",1,95.23713931513596,33431
"(0.9566795633209296, 0.9641967520703932)",1,95.23705355365698,33432
"(0.8153895365851999, 0.9643944553313464)",1,95.23704118817646,33433
"(0.9609357631051972, 0.9716751084525852)",1,95.23702602073011,33434
"(0.9388917411828462, 0.9575126626788776)",1,95.23659463664232,33435
"(0.9532701550221768, 0.9573389777809668)",1,95.2365909049018,33436
"(0.8542301700196435, 0.9734731918335766)",1,95.23644913910128,33437
"(0.9425645194066248, 0.9573389777809668)",1,95.2362751708696,33438
"(0.7725182451236846, 0.9764666952752286)",1,95.2362181668324,33439
"(0.549813159936279, 0.9650450950662368)",1,95.2360837604354,33440
"(0.5499164415948582, 0.9775)",1,95.23603373993735,33441
"(0.9665831244778612, 1.0)",1,95.2360234779954,33442
"(0.3772408116545969, 0.9736457605972234)",1,95.23597408922224,33443
"(0.917655049465296, 0.9873444118605408)",1,95.23594641803226,33444
"(0.9432380952380952, 0.9609357631051972)",1,95.23589700810837,33445
"(0.9572437766315318, 0.9422394177612392)",1,95.23584904148066,33446
"(0.6749447402728794, 0.9861310021084456)",1,95.23570874279518,33447
"(0.9505232430050672, 0.9645238095238096)",1,95.23566795382511,33448
"(0.9280076478086086, 0.9575913511472004)",1,95.23558632965351,33449
"(0.8158879904162925, 1.0)",1,95.2355727298591,33450
"(0.7246154408468525, 0.9690968282937898)",3,95.23554479142878,33453
"(0.8517690928240017, 0.9643944553313464)",1,95.23504806326814,33454
"(0.960851077856154, 0.9537330920118182)",2,95.2350184315981,33456
"(0.8898894074675324, 0.9610899532226684)",1,95.23482742707624,33457
"(0.8458949964763919, 0.9539707149009474)",1,95.23481758456198,33458
"(0.9233339198521971, 0.9609357631051972)",1,95.2347731034748,33459
"(0.8333192389006343, 0.9766918866148322)",1,95.23473254714456,33460
"(0.424546256663045, 0.9679690637004894)",1,95.23447242414018,33461
"(0.9575126626788776, 0.9535144014828052)",1,95.23439648407326,33462
"(0.8561103441223091, 0.972045976510262)",1,95.23433478275209,33463
"(0.3905365287038095, 0.97466029648066)",1,95.2343191149421,33464
"(0.6324707692241994, 0.9861673414304992)",1,95.234284234345,33465
"(0.8714600338553439, 0.9644491481508056)",1,95.23420066287837,33466
"(0.8613150576270225, 0.9735486410250802)",1,95.23417805112544,33467
"(0.843845350684385, 0.9572437766315318)",1,95.2341634661998,33468
"(0.7866204373351484, 0.960851077856154)",1,95.23414890042412,33469
"(0.9466127311522048, 0.9690057499955)",2,95.2341453454092,33471
"(0.8909417672294615, 0.9690968282937898)",4,95.23414416535326,33475
"(0.8795903283708161, 0.9569233895549684)",1,95.2341069264,33476
"(0.8745694076353437, 0.960572483841182)",1,95.23406616419707,33477
"(0.8458949964763919, 0.9539707149009474)",1,95.2339898222012,33478
"(0.8171936889795594, 0.9735486410250802)",1,95.23397260463634,33479
"(0.7729389061386163, 0.9766918866148322)",2,95.23392808641124,33481
"(0.5626274989800081, 0.9764666952752286)",1,95.23379094372436,33482
"(0.8656512412692597, 0.9650450950662368)",1,95.23375205985492,33483
"(0.8825487012987013, 0.9610899532226684)",1,95.23354064088804,33484
"(0.8753086419753084, 0.9861310021084456)",1,95.23349387759065,33485
"(0.9070766178400336, 0.9624978905063408)",1,95.23346285569052,33486
"(0.8137865219658889, 1.0)",1,95.23326611089897,33487
"(0.6809855026116619, 0.94985853432282)",1,95.23311225473032,33488
"(0.4015189621923474, 0.979050304167859)",1,95.23296599763836,33489
"(0.7612209453612427, 0.964269276237512)",1,95.23266018156224,33490
"(0.3702168012422018, 0.9735486410250802)",1,95.2326526501076,33491
"(0.7246154408468525, 0.9646309224447688)",2,95.23264481528936,33493
"(0.7091448988851438, 0.9648252575884156)",1,95.23202632824818,33494
"(0.8374727668845315, 1.0)",1,95.23198892226712,33495
"(0.8574011356980978, 0.95749335833724)",1,95.23169874130892,33496
"(0.7602536997885835, 0.9764666952752286)",1,95.23161547883667,33497
"(0.9168447876447876, 0.9572437766315318)",1,95.2313737996478,33498
"(0.912531328320802, 0.9540153992631536)",1,95.23131999045746,33499
"(0.8899966931216932, 0.9861310021084456)",1,95.23120223439984,33500
"(0.9235929095176316, 0.9574285714285714)",1,95.23119093707392,33501
"(0.8806608357628766, 0.9429917021753756)",1,95.23075488788426,33502
"(0.4042348186801185, 0.9665534241157911)",1,95.23053686003504,33503
"(0.7513138206634794, 0.9861310021084456)",1,95.23049334989386,33504
"(0.8428938985542759, 0.9495014245014244)",1,95.2303314407903,33505
"(0.9170904871819552, 0.9540153992631536)",1,95.23025053567312,33506
"(0.8419012647898816, 0.9574976092405196)",3,95.23020890172376,33509
"(0.6333118819585527, 0.9650450950662368)",2,95.23014965906754,33511
"(0.8809938281373634, 0.954995499549955)",1,95.23006996486376,33512
"(0.9093334120185448, 0.9575126626788776)",2,95.23003938201884,33514
"(0.8420013166556946, 1.0)",1,95.22993065237064,33515
"(0.7758629554289019, 0.972420634920635)",1,95.22988312067676,33516
"(0.9238400660955778, 0.9610899532226684)",1,95.22988018956704,33517
"(0.8796475392220073, 0.9833229101521784)",1,95.22985581147282,33518
"(0.8739792317773969, 0.9574976092405196)",1,95.22965374243245,33519
"(0.8131546784916719, 0.9549718574108818)",1,95.22963405121428,33520
"(0.9143342172934747, 0.9749910873440284)",1,95.22959599693463,33521
"(0.8483418730488175, 0.9958292603453894)",1,95.22957370579746,33522
"(0.9645238095238096, 0.9604593619418418)",1,95.22946005393582,33523
"(0.9524925769651508, 0.9574976092405196)",1,95.22945441322376,33524
"(0.9074935400516796, 0.9539707149009474)",1,95.2294412043127,33525
"(0.8687499999999999, 0.9766918866148322)",1,95.22900516735449,33526
"(0.8028720724362646, 0.9559144017084672)",6,95.22897180597204,33532
"(0.7474747474747474, 0.9643944553313464)",1,95.22896504876094,33533
"(0.865581803207783, 0.9694017156496504)",1,95.2287737731202,33534
"(0.8026748971193415, 0.9861673414304992)",1,95.2285992880314,33535
"(0.9429917021753756, 0.9575126626788776)",6,95.2284781535706,33541
"(0.5321723486270682, 0.9812507911157504)",1,95.22845500419264,33542
"(0.876112115732369, 0.9573389777809668)",1,95.22839413902535,33543
"(0.5196861551771716, 0.959983993597439)",1,95.22838011054516,33544
"(0.8872085807165035, 0.9505232430050672)",1,95.22807296390329,33545
"(0.9432380952380952, 0.9572437766315318)",1,95.2277732822109,33546
"(0.7933030177759403, 0.954995499549955)",1,95.22767737085262,33547
"(0.6395938219147543, 0.9646309224447688)",1,95.22754173254076,33548
"(0.8855699370755157, 0.960851077856154)",1,95.2274393142514,33549
"(0.6230074657754748, 0.9650076460904662)",1,95.22743512214298,33550
"(0.9093334120185448, 0.9610899532226684)",1,95.22726886350888,33551
"(0.9647058823529412, 0.9289986228605154)",1,95.22717833820356,33552
"(0.902898027898028, 0.9861310021084456)",1,95.22701927693106,33553
"(0.861111111111111, 1.0)",1,95.2265436546644,33554
"(0.9240041208791208, 0.9622598627787308)",1,95.2264675811027,33555
"(0.940074233084456, 0.9536268754076972)",1,95.22643191135616,33556
"(0.8597791061504694, 0.9503333333333333)",1,95.22640957073536,33557
"(0.9153439153439152, 1.0)",1,95.22624516504256,33558
"(0.81893131227901, 1.0)",1,95.22620962916092,33559
"(0.842200034135518, 0.9572437766315318)",1,95.2259481836318,33560
"(0.5904761904761905, 0.9528125324922884)",1,95.22591878023565,33561
"(0.7889683447749809, 0.9749910873440284)",1,95.22578857551198,33562
"(0.9382963205525124, 0.9749910873440284)",1,95.22571109679556,33563
"(0.7259530953852703, 0.9643944553313464)",1,95.22566799227496,33564
"(0.7118798171565847, 0.964269276237512)",2,95.2255707407603,33566
"(0.4904033495004767, 0.9538370349708868)",1,95.22549272597008,33567
"(0.8404355452872972, 0.958109559613319)",2,95.22542403247373,33569
"(0.9712822597033124, 0.978518051242236)",1,95.22516913809132,33570
"(0.9540153992631536, 0.9536268754076972)",1,95.22512615613677,33571
"(0.8957538774472412, 0.969334154098697)",1,95.22502503070052,33572
"(0.9832184229069656, 0.9874877810361682)",1,95.22488147581568,33573
"(0.9497171590194848, 0.9833229101521784)",1,95.224725013661,33574
"(0.6821277559649651, 0.9538370349708868)",1,95.22471710412438,33575
"(0.929936943248924, 0.9574976092405196)",1,95.22420148702793,33576
"(0.7198784150003663, 0.964523301198322)",1,95.22419019452636,33577
"(0.8315416458960965, 0.9766918866148322)",1,95.2240859477134,33578
"(0.9643944553313464, 0.9388945062352544)",1,95.22381682250008,33579
"(0.8513842746400886, 0.9767441860465116)",1,95.2237015179088,33580
"(0.705786638855404, 0.9650450950662368)",1,95.22370146142806,33581
"(0.8456272791248162, 0.9642857142857144)",4,95.22344209488344,33585
"(0.9412964149491664, 0.9748850895736324)",1,95.22336828613268,33586
"(0.8868677229932935, 0.9735486410250802)",2,95.22301900594796,33588
"(0.9084080904123386, 0.9572437766315318)",6,95.222848027313,33594
"(0.8544761140104375, 0.9574976092405196)",1,95.22281428153856,33595
"(0.8729557812660307, 0.9779263059241357)",1,95.22280344286972,33596
"(0.9574285714285714, 0.960851077856154)",1,95.22275813774652,33597
"(0.9502288074111276, 0.9503333333333333)",1,95.22262206231932,33598
"(0.9643698138596096, 0.960666032023912)",1,95.22252458068768,33599
"(0.940074233084456, 0.960851077856154)",1,95.2224312588718,33600
"(0.9148957472904308, 0.9549718574108818)",1,95.22226886876872,33601
"(0.6423563565219435, 0.9648252575884156)",1,95.22202978040256,33602
"(0.6164277827081168, 0.9529751605618932)",1,95.22195233609264,33603
"(0.8194074731341813, 0.9861673414304992)",1,95.22192903299728,33604
"(0.8480357142857143, 0.950608853052493)",1,95.221898410452,33605
"(0.8651322276720679, 0.9549718574108818)",1,95.22176201847203,33606
"(0.775671600877193, 0.9690057499955)",1,95.22175598825896,33607
"(0.9549988749718742, 0.94999499949995)",1,95.22166697307628,33608
"(0.846098299557419, 0.9861673414304992)",1,95.22147776965193,33609
"(0.5626274989800081, 0.9764666952752286)",1,95.22136669724048,33610
"(0.751080181203132, 0.9861310021084456)",1,95.22102781799558,33611
"(0.8459266053144301, 0.9749910873440284)",1,95.2210115147933,33612
"(0.8420013166556946, 1.0)",1,95.22097042773692,33613
"(0.9459285785969274, 0.9536268754076972)",1,95.22084683927312,33614
"(0.7678405315614618, 0.9764666952752286)",1,95.22082566540244,33615
"(0.798857609139127, 0.964269276237512)",1,95.2207987948344,33616
"(0.4956908031836671, 0.971959161790503)",1,95.2207944544441,33617
"(0.6444577505269209, 0.961238548749998)",1,95.22060113127728,33618
"(0.960666032023912, 0.9749692931061258)",1,95.22056604485762,33619
"(0.4990703502943405, 0.9539707149009474)",1,95.2205411389061,33620
"(0.8672602388063438, 0.9524854486686548)",1,95.22052134218342,33621
"(0.5145696010475885, 0.9722222222222222)",1,95.2204378325544,33622
"(0.9582389563841176, 0.987491854024112)",1,95.2203798282268,33623
"(0.8566261808367072, 0.9601502499942144)",3,95.22029184145212,33626
"(0.9287396277192196, 0.960851077856154)",1,95.2202842799719,33627
"(0.7127034737372042, 0.9599909979745442)",1,95.2202785231405,33628
"(0.9145814491005928, 0.9524973279746984)",2,95.22007543713534,33630
"(0.7735205142749102, 0.9861673414304992)",1,95.22006624955534,33631
"(0.8888709036742801, 0.9749910873440284)",1,95.21973919961522,33632
"(0.9275802828069248, 0.960851077856154)",1,95.21971526238882,33633
"(0.8972301136363636, 0.9574285714285714)",1,95.21970853213612,33634
"(0.9273504273504276, 0.9572437766315318)",1,95.2196236677957,33635
"(0.8074780204479453, 0.9622598627787308)",2,95.21943549936526,33637
"(0.787221770032878, 0.9574976092405196)",1,95.21940477582768,33638
"(0.8845244231527244, 0.9643944553313464)",1,95.21938040678182,33639
"(0.9603476243044132, 0.9566795633209296)",2,95.21928173275018,33641
"(0.8757850574494108, 0.9624978905063408)",1,95.21921571836344,33642
"(0.9047619047619048, 0.9549988749718742)",1,95.21914744339436,33643
"(0.939866291344124, 0.9610899532226684)",1,95.2191344615416,33644
"(0.9300671002153482, 0.9861673414304992)",1,95.219025111408,33645
"(0.8524016298728943, 0.97495917428555)",1,95.2188944521939,33646
"(0.943455134862934, 0.9644491481508056)",1,95.21871581930075,33647
"(0.8103292776312431, 0.9574285714285714)",1,95.21858535886643,33648
"(0.8103667838961957, 0.9607612022680516)",1,95.21848123057003,33649
"(0.863519546228977, 0.9690968282937898)",3,95.21829019095394,33652
"(0.9084080904123386, 0.9571428571428572)",1,95.21825704610812,33653
"(0.7325800052772601, 0.9650450950662368)",1,95.218250618594,33654
"(0.7708796965987909, 0.9861673414304992)",1,95.2181770864118,33655
"(0.7344310184570442, 0.9599909979745442)",1,95.21776270391106,33656
"(0.8686559598432304, 0.964269276237512)",1,95.21772102360464,33657
"(0.946730586052542, 0.9539272400433172)",1,95.2176553176154,33658
"(0.9459285785969274, 0.95)",1,95.21757722281514,33659
"(0.9835199925522506, 0.9580294131337777)",1,95.21742991772368,33660
"(0.7084717607973421, 0.9650076460904662)",2,95.2172734853104,33662
"(0.8772587627426337, 0.9610153569597296)",3,95.21705156004376,33665
"(0.8898894074675324, 0.9571428571428572)",1,95.2166978956312,33666
"(0.8056354979267693, 0.9861310021084456)",1,95.21660706180624,33667
"(0.7323695788812067, 0.9766918866148322)",1,95.21657079426583,33668
"(0.8996408045977011, 0.9749910873440284)",1,95.21654706744964,33669
"(0.9365496267832196, 0.983309614168248)",2,95.21642560259916,33671
"(0.950608853052493, 0.9505232430050672)",1,95.21640622244688,33672
"(0.5168441409023035, 0.917003047553332)",1,95.2161859878928,33673
"(0.8011433416753454, 0.9712812172484758)",1,95.2161042366934,33674
"(0.932201731346617, 0.9764666952752286)",1,95.21600298955236,33675
"(0.9436368312757202, 0.9861673414304992)",1,95.21591700742628,33676
"(0.6378166586499919, 1.0)",1,95.21588584588068,33677
"(0.8516202793347812, 0.9643944553313464)",1,95.21588506317435,33678
"(0.8443691323092412, 0.987491854024112)",1,95.21570172551888,33679
"(0.859680733364944, 0.972281746031746)",1,95.21547385661896,33680
"(0.9609357631051972, 0.9644491481508056)",1,95.21540898802505,33681
"(0.6698155645524068, 1.0)",1,95.21523608693391,33682
"(0.9832965806068272, 0.9585595081247256)",2,95.21464199042131,33684
"(0.6870644599303137, 0.9722222222222222)",1,95.21464056193768,33685
"(0.8660316000154361, 0.9735486410250802)",1,95.2143981037144,33686
"(0.9293300445873568, 0.9832925076188832)",2,95.21436028643176,33688
"(0.8334507869391591, 0.964269276237512)",1,95.21431276965784,33689
"(0.8449106413122807, 0.964269276237512)",1,95.21419660365774,33690
"(0.5942040059498339, 0.9800010000250006)",1,95.21400267378996,33691
"(0.897953216374269, 0.9575126626788776)",3,95.21390136160936,33694
"(0.92008547008547, 0.960851077856154)",1,95.21383034575432,33695
"(0.940074233084456, 0.935554153726708)",1,95.21378670423611,33696
"(0.930704099821747, 1.0)",1,95.21370760398054,33697
"(0.9068661074437891, 0.9549898727213622)",2,95.21350325990537,33699
"(0.9431186370412892, 0.9537330920118182)",1,95.2133563925449,33700
"(0.8459266053144301, 0.9749910873440284)",1,95.2133265636502,33701
"(0.9093334120185448, 0.950431439792024)",1,95.21323151793408,33702
"(0.8957538774472412, 0.9648252575884156)",1,95.21307931207356,33703
"(0.9131755270308844, 0.9719592578330004)",1,95.21294232583456,33704
"(0.9069647153947764, 0.9676485688615069)",1,95.21284361045828,33705
"(0.8111858543148185, 0.964269276237512)",1,95.21251821926532,33706
"(0.9145814491005928, 0.9474996718729491)",3,95.21245671751306,33709
"(0.7856964763329513, 0.9861673414304992)",1,95.21238006500704,33710
"(0.8787045138421501, 0.956140350877193)",1,95.21230800345528,33711
"(0.7731997731997731, 0.9524997031231444)",1,95.21221794883424,33712
"(0.9098809643282124, 0.9540977572753596)",1,95.21216071160352,33713
"(0.8730304179305696, 0.9539707149009474)",1,95.21212272292506,33714
"(0.8313174792337382, 0.969334154098697)",1,95.21200670310252,33715
"(0.9247290244881574, 0.9599959995999598)",2,95.21195275574814,33717
"(0.8734924499861754, 0.9601502499942144)",3,95.21163203704567,33720
"(0.8937533848783131, 0.9575913511472004)",1,95.21155297319922,33721
"(0.4584512045970383, 0.977361440698898)",1,95.21148037799432,33722
"(0.937386905097332, 0.95749335833724)",1,95.2113534202304,33723
"(0.9462256234379848, 0.9571428571428572)",1,95.21126444670831,33724
"(0.960851077856154, 0.946492548547343)",1,95.2109959892328,33725
"(0.8219317364145453, 0.9690968282937898)",4,95.21075993217585,33729
"(0.727840909090909, 1.0)",1,95.2106841086209,33730
"(0.9503333333333333, 0.9539272400433172)",1,95.21062813949948,33731
"(0.9532701550221768, 0.9537330920118182)",1,95.21058247906647,33732
"(0.9468391231269042, 0.9575126626788776)",1,95.21052301524006,33733
"(0.8267756716773511, 0.960376642453574)",3,95.21051198548604,33736
"(0.9537330920118182, 0.960666032023912)",1,95.21049899901176,33737
"(0.7294281157362763, 1.0)",1,95.2103692252245,33738
"(0.8855699370755157, 0.9466151061674828)",1,95.21028621606116,33739
"(0.8580559516200404, 0.9764666952752286)",1,95.21028207136314,33740
"(0.9280076478086086, 0.9645938855657314)",1,95.21012022761325,33741
"(0.9392111404005912, 0.9540153992631536)",1,95.21011207166435,33742
"(0.9571428571428572, 0.9573389777809668)",1,95.21010285507676,33743
"(0.8074780204479453, 0.9749910873440284)",1,95.20993046023143,33744
"(0.486629218999443, 0.9779263059241357)",1,95.20985764098234,33745
"(0.7612209453612427, 0.964269276237512)",1,95.2097466940718,33746
"(0.852417321342681, 0.9648252575884156)",1,95.2097153888429,33747
"(0.9432380952380952, 0.9575913511472004)",1,95.20970387600548,33748
"(0.9250895679662802, 0.9505232430050672)",3,95.20933033577356,33751
"(0.9680383516315252, 0.9641028246291404)",1,95.20904128620803,33752
"(0.9418479305417444, 0.9400777894822137)",1,95.20899062742176,33753
"(0.9093334120185448, 0.9540153992631536)",3,95.20896324820096,33756
"(0.8975998588152243, 0.9575913511472004)",1,95.20896257148397,33757
"(0.842200034135518, 0.9463627709416984)",2,95.20894900816027,33759
"(0.9599989999749994, 0.9374996093725584)",2,95.20885580053525,33761
"(0.8518001818001818, 0.974324089883412)",2,95.20861796876372,33763
"(0.8657434402332361, 0.9575126626788776)",1,95.20835692790952,33764
"(0.3300110741971206, 0.964269276237512)",1,95.20834506773548,33765
"(0.95, 0.9679690637004894)",1,95.20822186467242,33766
"(0.8868677229932935, 0.9649927307623792)",1,95.208076746048,33767
"(0.9170904871819552, 0.950431439792024)",1,95.20803550594412,33768
"(0.8128441201209393, 0.964269276237512)",1,95.20794321412764,33769
"(0.8885908209437621, 0.9537330920118182)",1,95.207865608652,33770
"(0.5964912280701754, 0.9559144017084672)",1,95.20751479863304,33771
"(0.960851077856154, 0.9644491481508056)",3,95.20742193539604,33774
"(0.8103292776312431, 0.9576647311878512)",1,95.20733079750109,33775
"(0.9833229101521784, 1.0)",1,95.20727685749688,33776
"(0.8467532467532467, 1.0)",2,95.20718989637824,33778
"(0.933096859926128, 1.0)",2,95.20690308106556,33780
"(0.8885908209437621, 0.9539272400433172)",1,95.20681408246512,33781
"(0.6983464132286942, 0.9767441860465116)",1,95.20679712114767,33782
"(0.7801059423865424, 0.9656673832323628)",1,95.2061930652627,33783
"(0.8774072892625049, 0.9624978905063408)",1,95.20602041312914,33784
"(0.683046375628995, 0.9416450721400784)",1,95.20601312845592,33785
"(0.8571777573149418, 0.9524973279746984)",1,95.20600414792686,33786
"(0.9022759891180944, 0.972045976510262)",1,95.20600399881457,33787
"(0.9140194694749032, 0.9690968282937898)",4,95.2058219607216,33791
"(0.9093334120185448, 0.9610153569597296)",1,95.20574819650054,33792
"(0.9250895679662802, 0.95)",1,95.20571361421788,33793
"(0.5796228853383458, 0.9645238095238096)",3,95.20570749255734,33796
"(0.5029069767441862, 0.9650450950662368)",1,95.2055103441912,33797
"(0.8110682791635173, 0.9861673414304992)",1,95.20530312468888,33798
"(0.9498754528985508, 0.960851077856154)",1,95.20527075885738,33799
"(0.9535144014828052, 0.9536268754076972)",1,95.2051879965976,33800
"(0.9503333333333333, 0.9501177394034536)",1,95.20506857862506,33801
"(0.5070372093557577, 0.9861310021084456)",1,95.20497982055024,33802
"(0.7731997731997731, 0.9574997343733398)",1,95.20496626114743,33803
"(0.9506883741258744, 0.9645238095238096)",1,95.20493495953056,33804
"(0.8597791061504694, 0.9575126626788776)",1,95.20439478663894,33805
"(0.6710165002065562, 0.9643944553313464)",1,95.20428493536348,33806
"(0.9459285785969274, 0.9501177394034536)",1,95.20427727168315,33807
"(0.8208353559736048, 0.9861673414304992)",1,95.2042188776402,33808
"(0.6933160650937552, 0.9764666952752286)",2,95.20395914744624,33810
"(0.7083333333333334, 1.0)",1,95.20391396612447,33811
"(0.8771934243211048, 0.9352068830277476)",1,95.20382930838224,33812
"(0.9504245882013664, 0.9485729765774776)",1,95.20372509534972,33813
"(0.912531328320802, 0.9540153992631536)",1,95.20367758947796,33814
"(0.8470413622709255, 0.9734731918335766)",1,95.2036649297364,33815
"(0.9204195755007296, 0.9692608993981562)",3,95.20359254532316,33818
"(0.9428571428571428, 0.9387190557431844)",1,95.20337195030017,33819
"(0.682074987159733, 0.9764666952752286)",1,95.20323708321678,33820
"(0.8455917807202996, 0.9764666952752286)",4,95.20299186490908,33824
"(0.7574146783449108, 1.0)",1,95.20269250963727,33825
"(0.95749335833724, 0.9524497750749228)",1,95.20267791954348,33826
"(0.3592666181139386, 0.9650450950662368)",1,95.2025506621924,33827
"(0.7325800052772601, 0.9767441860465116)",1,95.20250650089464,33828
"(0.8771934243211048, 0.9536268754076972)",1,95.201945640613,33829
"(0.9528533742496432, 0.9603476243044132)",2,95.20187921836144,33831
"(0.7545469576719577, 1.0)",1,95.20183788464593,33832
"(0.861957198953386, 0.9764666952752286)",1,95.2017701917864,33833
"(0.6982501766359495, 0.9650450950662368)",1,95.20173525135216,33834
"(0.8880748880748881, 0.972281746031746)",1,95.20151859811588,33835
"(0.9145814491005928, 0.9599989999749994)",1,95.20123167611428,33836
"(0.9243707071934514, 0.9916585206907788)",1,95.20111136747614,33837
"(0.90224161204236, 0.9861310021084456)",1,95.2010556729808,33838
"(0.8898894074675324, 0.9540153992631536)",4,95.20099139899564,33842
"(0.9007161410018553, 0.960851077856154)",1,95.20098347828248,33843
"(0.7785456014174996, 0.9601502499942144)",3,95.20082874817282,33846
"(0.6635227905250788, 0.9779263059241357)",1,95.20081290038335,33847
"(0.7803195571784078, 0.9867922141511912)",1,95.2007881085046,33848
"(0.9373666512059368, 0.9749910873440284)",1,95.20074106296369,33849
"(0.9388917411828462, 0.9535144014828052)",1,95.20066794472967,33850
"(0.8920790698579406, 0.9540153992631536)",1,95.20044832526644,33851
"(0.7931486840292131, 0.9495014245014244)",2,95.20020703406072,33853
"(0.92008547008547, 0.9609357631051972)",3,95.20009713631036,33856
"(0.4827246972385666, 0.964269276237512)",1,95.20007045924832,33857
"(0.8715701474388204, 0.972281746031746)",1,95.20005783838766,33858
"(0.8951352851987101, 0.9539707149009474)",1,95.20000071963526,33859
"(0.9364970967817766, 0.9645238095238096)",3,95.19997537890288,33862
"(0.5029069767441862, 0.9534883720930232)",1,95.19995303443334,33863
"(0.5626274989800081, 0.9764666952752286)",1,95.199917804814,33864
"(0.8472645812528676, 0.9498754528985508)",1,95.19969381279584,33865
"(0.6000823138988796, 0.9706078967647108)",1,95.19959468124468,33866
"(0.8351110130322311, 0.969334154098697)",1,95.1994614186981,33867
"(0.8252422194238135, 0.9574784734771978)",1,95.1993613634352,33868
"(0.946492548547343, 0.9505232430050672)",3,95.19926245749576,33871
"(0.9243000100356984, 0.9540153992631536)",4,95.19907748313052,33875
"(0.831031066037186, 0.9766918866148322)",1,95.1989031821949,33876
"(0.935554153726708, 0.9575126626788776)",1,95.19884830383366,33877
"(0.8561103441223091, 0.958109559613319)",1,95.1987890986618,33878
"(0.9020800849800285, 0.9610899532226684)",1,95.19876059973669,33879
"(0.8745694076353437, 0.956140350877193)",2,95.1987155974778,33881
"(0.9373666512059368, 0.9749910873440284)",1,95.19868612214144,33882
"(0.8895939931776995, 0.9749910873440284)",1,95.19852932943564,33883
"(0.9574784734771978, 0.9574784734771978)",1,95.198516612997,33884
"(0.8702889400021048, 0.9609357631051972)",1,95.19842075393316,33885
"(0.90224161204236, 0.9861310021084456)",1,95.19822967290692,33886
"(0.4286108159239762, 0.9743175693451936)",1,95.19822278406885,33887
"(0.9432380952380952, 0.9610899532226684)",1,95.19788647644891,33888
"(0.9438271604938272, 0.9861673414304992)",1,95.19782943793228,33889
"(0.8619023359137593, 0.9779263059241357)",3,95.19780932431028,33892
"(0.93600846667145, 0.9505232430050672)",3,95.1977827627988,33895
"(0.8756569714184869, 0.9575126626788776)",3,95.19775288380544,33898
"(0.8746747225950852, 0.9692608993981562)",1,95.19748040148691,33899
"(0.863519546228977, 0.9735486410250802)",3,95.19746029406002,33902
"(0.9876066164491212, 0.9831777451938742)",1,95.19741699372432,33903
"(0.929936943248924, 0.9599989999749994)",1,95.19715850842506,33904
"(0.9462256234379848, 0.9501177394034536)",1,95.19712560162982,33905
"(0.93773047895128, 0.9916585206907788)",1,95.19710042300213,33906
"(0.8756569714184869, 0.947035873779261)",5,95.19696663941636,33911
"(0.735643158757169, 1.0)",1,95.19679062318114,33912
"(0.9396279975262144, 0.9498754528985508)",1,95.19677489194706,33913
"(0.8879787907565686, 0.972281746031746)",1,95.19676125865914,33914
"(0.8563094906941128, 0.9692608993981562)",1,95.19671852397694,33915
"(0.8957538774472412, 0.960376642453574)",1,95.19671327923798,33916
"(0.930124456440246, 0.9861310021084456)",1,95.19666929582657,33917
"(0.9275802828069248, 0.960851077856154)",1,95.19665327991532,33918
"(0.7909392097264437, 0.9749910873440284)",1,95.19650219869818,33919
"(0.5626274989800081, 0.9764666952752286)",1,95.196020768606,33920
"(0.5626274989800081, 0.9764666952752286)",2,95.19587848527162,33922
"(0.8268235294117647, 0.9524973279746984)",1,95.19580257242848,33923
"(0.593224625483241, 0.9780434995701116)",1,95.19563467264216,33924
"(0.7602379596828609, 0.9749910873440284)",1,95.19562820201222,33925
"(0.8964397027091824, 0.9537330920118182)",4,95.195605899263,33929
"(0.8472645812528676, 0.9680383516315252)",2,95.1953344409278,33931
"(0.9610153569597296, 0.946492548547343)",1,95.19527898561851,33932
"(0.8449106413122807, 0.964269276237512)",2,95.195208482645,33934
"(0.8837179908491115, 0.955)",1,95.19511565643631,33935
"(0.8972301136363636, 0.9572437766315318)",1,95.19502718650176,33936
"(0.9184901612842788, 0.9665633291439744)",2,95.19483572027008,33938
"(0.937386905097332, 0.9499987499687492)",1,95.1948061477166,33939
"(0.8825487012987013, 0.9610153569597296)",2,95.19471507484351,33941
"(0.8103667838961957, 0.9572437766315318)",1,95.19456017578804,33942
"(0.9243000100356984, 0.9540153992631536)",1,95.19439428031062,33943
"(0.8951521235521236, 0.9538331745788698)",1,95.19430082913529,33944
"(0.8632321428571428, 0.9571428571428572)",1,95.19426485756824,33945
"(0.3987913031507923, 0.9733076754584028)",1,95.19396390529349,33946
"(0.9128205128205128, 0.9540153992631536)",4,95.19392268081468,33950
"(0.8686559598432304, 0.964269276237512)",1,95.1937574882438,33951
"(0.9227792207792208, 0.9642857142857144)",3,95.19371266735668,33954
"(0.9069410647702764, 0.9474917955930616)",2,95.19358506274148,33956
"(0.8978420627840789, 0.960376642453574)",1,95.19329318819518,33957
"(0.8056354979267693, 0.9861310021084456)",1,95.19319508577206,33958
"(0.8171936889795594, 0.9646309224447688)",3,95.19313931017956,33961
"(0.9581458989353726, 0.9861673414304992)",1,95.19312105686872,33962
"(0.8294970161977834, 1.0)",1,95.19309232219574,33963
"(0.9537330920118182, 0.9610899532226684)",2,95.1930642642944,33965
"(0.9432380952380952, 0.9538331745788698)",1,95.19297322729284,33966
"(0.9505232430050672, 0.9716751084525852)",1,95.1926461764625,33967
"(0.9437903841498612, 1.0)",1,95.1924092741207,33968
"(0.7545918011034292, 0.9650450950662368)",1,95.19230842579078,33969
"(0.943455134862934, 0.9575126626788776)",1,95.1922752625485,33970
"(0.9009287520039462, 1.0)",1,95.19191773705832,33971
"(0.9422394177612392, 0.9538331745788698)",2,95.19169550986096,33973
"(0.7524760273298283, 0.991206314397104)",4,95.19157332613692,33977
"(0.9374119856047568, 0.9599959995999598)",1,95.19155281130844,33978
"(0.8694846606452272, 0.9690968282937898)",3,95.19140119128572,33981
"(0.8569579686922223, 0.9560315719855194)",2,95.19136427097436,33983
"(0.432719711566191, 0.9722974617252208)",1,95.19136125265992,33984
"(0.9364970967817766, 0.9609357631051972)",1,95.19125558457998,33985
"(0.8756569714184869, 0.9610153569597296)",3,95.19107170539888,33988
"(0.852417321342681, 0.9692608993981562)",1,95.19103452001484,33989
"(0.9958292603453894, 0.9915151515151516)",1,95.19039126643756,33990
"(0.8631546198466533, 0.9764666952752286)",1,95.19031990087346,33991
"(0.888622291021672, 0.9749656593406592)",2,95.1902924715705,33993
"(0.7709171448706333, 0.964269276237512)",1,95.19029093541198,33994
"(0.908513992905006, 1.0)",1,95.19014683216348,33995
"(0.9098809643282124, 0.9575126626788776)",3,95.19013699089376,33998
"(0.8480357142857143, 0.9610153569597296)",3,95.19009869163234,34001
"(0.5824792033805166, 0.98249824929972)",1,95.1897715771556,34002
"(0.9833229101521784, 1.0)",1,95.18975614677656,34003
"(0.9394971203231468, 0.9610899532226684)",1,95.18949370409304,34004
"(0.9146779555619334, 0.9610153569597296)",1,95.18933807882084,34005
"(0.8822171086078185, 0.9601502499942144)",1,95.18907082689338,34006
"(0.6947170805612278, 0.9646309224447688)",3,95.18882563474229,34009
"(0.8944757727652465, 0.9690968282937898)",3,95.18879972838604,34012
"(0.5356100633781995, 0.9764666952752286)",1,95.1887743560937,34013
"(0.97495917428555, 0.9916585206907788)",1,95.18843574594705,34014
"(0.9432380952380952, 0.9575126626788776)",2,95.18830591985868,34016
"(0.9004206187154333, 0.9734731918335766)",1,95.1880379678732,34017
"(0.7011915690388763, 0.9690968282937898)",1,95.1880209393689,34018
"(0.8587195484254307, 0.9861310021084456)",1,95.18796216601208,34019
"(0.7157872157872157, 0.9549898727213622)",1,95.18759254925888,34020
"(0.8267878999825143, 0.964269276237512)",1,95.18757866555836,34021
"(0.8957538774472412, 0.9690968282937898)",1,95.18742374579014,34022
"(0.8845244231527244, 0.9538370349708868)",1,95.18729638407692,34023
"(0.9315095328894416, 0.9680383516315252)",1,95.18717339868569,34024
"(0.9067863328609668, 0.9574976092405196)",1,95.18710988864788,34025
"(0.8226000003393725, 0.960267350663444)",1,95.18698382471484,34026
"(0.9506883741258744, 0.9535144014828052)",1,95.18667453891452,34027
"(0.8087623896023756, 0.9764666952752286)",1,95.18650524718764,34028
"(0.9326599326599326, 1.0)",1,95.18622806739238,34029
"(0.9379369827374928, 0.9603476243044132)",1,95.18591340794865,34030
"(0.5439418946866578, 0.9739815768479212)",1,95.18581802622164,34031
"(0.9398731501057084, 0.9764666952752286)",1,95.1857256381417,34032
"(0.9506883741258744, 0.95)",1,95.18571592224356,34033
"(0.93600846667145, 0.9540153992631536)",1,95.18558814001062,34034
"(0.7183489076634237, 1.0)",2,95.18554291053842,34036
"(0.9431186370412892, 0.946492548547343)",1,95.18551017477094,34037
"(0.8449106413122807, 0.964269276237512)",1,95.1854946123097,34038
"(0.9429917021753756, 0.9540153992631536)",1,95.18542108186742,34039
"(0.9462256234379848, 0.9540153992631536)",1,95.18538021884878,34040
"(0.9042118651998944, 0.9645938855657314)",1,95.18510336338828,34041
"(0.3584187972458953, 0.9650076460904662)",1,95.18499845316136,34042
"(0.8686559598432304, 0.9764666952752286)",1,95.18493230155856,34043
"(0.9128205128205128, 0.9540153992631536)",1,95.18492144179828,34044
"(0.8160331384015596, 0.9736842105263158)",1,95.18480910328364,34045
"(0.7630195891065458, 0.9499987499687492)",1,95.18480792811872,34046
"(0.9571428571428572, 0.9535144014828052)",1,95.18467321224524,34047
"(0.7246154408468525, 0.9646309224447688)",3,95.18463853483156,34050
"(0.8848365568890763, 0.9643944553313464)",1,95.18453844946364,34051
"(0.9499987499687492, 0.9524973279746984)",1,95.18438096907744,34052
"(0.9146779555619334, 0.9568045886851652)",1,95.1842187481502,34053
"(0.7612209453612427, 0.964269276237512)",2,95.1842056256858,34055
"(0.8691207517489755, 0.9575126626788776)",3,95.18408336634825,34058
"(0.5543151308891524, 0.9528125324922884)",1,95.18389567070128,34059
"(0.8263489874613754, 0.95749335833724)",1,95.18387441101532,34060
"(0.6611718926579557, 0.9861310021084456)",2,95.18379496184436,34062
"(0.9153439153439156, 1.0)",2,95.18378135872992,34064
"(0.9067863328609668, 0.9449944994499452)",2,95.18353668404912,34066
"(0.9348222545262322, 0.9574285714285714)",1,95.18352667931885,34067
"(0.9569233895549684, 0.9540153992631536)",1,95.18351222401326,34068
"(0.9224996008939976, 0.9749910873440284)",1,95.1834676251014,34069
"(0.841184456569072, 0.95749335833724)",1,95.18346177851866,34070
"(0.933096859926128, 1.0)",1,95.18345056185744,34071
"(0.946730586052542, 0.9575126626788776)",1,95.18342001144644,34072
"(0.7836974395113928, 0.95153153367707)",1,95.18338423170148,34073
"(0.8976982097186702, 1.0)",1,95.18319992836312,34074
"(0.9142857142857144, 0.9575126626788776)",3,95.1828850136369,34077
"(0.5356353691697385, 0.9735486410250802)",1,95.18281335638666,34078
"(0.8685314685314685, 0.9643944553313464)",1,95.18258884422514,34079
"(0.7583018074821354, 0.9624997656235352)",1,95.18258103694689,34080
"(0.6865535441227247, 0.9735486410250802)",1,95.18247817185107,34081
"(0.8312205288949474, 0.9882048106149588)",1,95.1823583622472,34082
"(0.912531328320802, 0.9539272400433172)",1,95.18232373613397,34083
"(0.8589064384650125, 0.970493550303797)",1,95.18228841558818,34084
"(0.8379987406578985, 0.9650450950662368)",1,95.18217750645644,34085
"(0.8806608357628766, 0.950431439792024)",3,95.18207422117878,34088
"(0.9497171590194848, 1.0)",1,95.18198483721682,34089
"(0.7997685185185185, 0.9861673414304992)",1,95.18186258729536,34090
"(0.798857609139127, 0.964269276237512)",1,95.1818597397958,34091
"(0.8399999999999999, 0.95749335833724)",1,95.18177959863746,34092
"(0.8702889400021048, 0.9572437766315318)",1,95.1816869887324,34093
"(0.8449106413122807, 0.964269276237512)",1,95.18159708971052,34094
"(0.8578443750785945, 0.972045976510262)",1,95.18155863007388,34095
"(0.8461316551891829, 0.9861673414304992)",1,95.18151934498547,34096
"(0.5529564209234128, 0.964269276237512)",1,95.18151635312024,34097
"(0.5356353691697385, 0.9736189431913116)",1,95.18146656101804,34098
"(0.9549718574108818, 0.9624978905063408)",1,95.18126424498598,34099
"(0.8814814814814814, 1.0)",1,95.18114392188,34100
"(0.912705831903945, 0.9366844919786096)",1,95.181139186649,34101
"(0.940074233084456, 0.9350193449813944)",1,95.18113586105932,34102
"(0.8065954953750508, 0.9767441860465116)",2,95.18100033551724,34104
"(0.746304385688563, 1.0)",1,95.18093966491244,34105
"(0.9031584325039068, 0.9861310021084456)",1,95.18071107351253,34106
"(0.6736022307473716, 0.9861673414304992)",2,95.18067305832771,34108
"(0.7709171448706333, 0.988167361639188)",1,95.18064245936743,34109
"(0.9599959995999598, 0.9524973279746984)",1,95.18060522427328,34110
"(0.8887202421952387, 1.0)",1,95.18059372610485,34111
"(0.6333118819585527, 0.941454716296154)",1,95.1804753878996,34112
"(0.933096859926128, 1.0)",1,95.1802452564663,34113
"(0.917283950617284, 0.9861673414304992)",1,95.18018904924266,34114
"(0.5695633155937887, 0.9528125324922884)",1,95.18011795802713,34115
"(0.930704099821747, 1.0)",1,95.17997277643296,34116
"(0.9516794286955578, 0.966395426205673)",1,95.1798901569755,34117
"(0.8868677229932935, 0.9691818330194464)",1,95.17986901432243,34118
"(0.9603476243044132, 0.952999227799228)",1,95.17976433969078,34119
"(0.5874751891549204, 0.9780434995701116)",2,95.17948252837304,34121
"(0.9645938855657314, 0.946492548547343)",1,95.17935263708792,34122
"(0.9318857896881138, 0.9463627709416984)",1,95.17931276988467,34123
"(0.8891350546176764, 0.9749910873440284)",1,95.17930928697164,34124
"(0.9198203842940684, 0.9537330920118182)",4,95.17930234249162,34128
"(0.7923306301473605, 0.9643944553313464)",1,95.1790830530411,34129
"(0.9706491384432562, 0.9958292603453894)",1,95.17895521836046,34130
"(0.9665831244778612, 1.0)",1,95.17863996217844,34131
"(0.9429917021753756, 0.9503333333333333)",1,95.17853351939073,34132
"(0.93600846667145, 0.9505232430050672)",1,95.17844197779009,34133
"(0.9575126626788776, 0.957036102484472)",1,95.17836909935782,34134
"(0.8968435471383478, 0.950431439792024)",1,95.1782965588642,34135
"(0.6730510127402202, 0.9824126287942077)",1,95.1782418102388,34136
"(0.9491452991452992, 0.9571428571428572)",1,95.1779951156599,34137
"(0.9354654378932672, 0.9729726028031112)",2,95.17797797661248,34139
"(0.8263489874613754, 0.9549898727213622)",1,95.17790666317669,34140
"(0.7259530953852703, 0.9643944553313464)",1,95.17786129309532,34141
"(0.897953216374269, 0.9575126626788776)",1,95.17781215837412,34142
"(0.8249504969211211, 0.9644038253792572)",1,95.17776167121838,34143
"(0.7612209453612427, 0.964269276237512)",1,95.177662027807,34144
"(0.9610153569597296, 0.9502288074111276)",1,95.17763612549854,34145
"(0.8517341550708587, 0.943189758511236)",1,95.1774879210355,34146
"(0.5379450468208387, 0.960267350663444)",1,95.17745181915627,34147
"(0.8991833854219174, 0.9574784734771978)",1,95.1773085887066,34148
"(0.8514626506510005, 0.960851077856154)",3,95.1771496097778,34151
"(0.812418383596075, 0.941454716296154)",1,95.17700777034688,34152
"(0.9310483384791604, 0.9861673414304992)",2,95.176989291773,34154
"(0.8506653943511476, 0.9780958243562125)",1,95.1769554027142,34155
"(0.9645938855657314, 0.960851077856154)",1,95.17692269538402,34156
"(0.8349489264123411, 1.0)",1,95.1767577262584,34157
"(0.9170904871819552, 0.9503333333333333)",3,95.1767369047463,34160
"(0.901608756801166, 0.9706058435739636)",2,95.17658828507302,34162
"(0.6415148305084746, 0.9749910873440284)",1,95.1764677406222,34163
"(0.7516483516483518, 0.972420634920635)",1,95.176453992681,34164
"(0.9830687830687832, 0.9874877810361682)",1,95.17641146036598,34165
"(0.9537330920118182, 0.9605654571878554)",1,95.17636390147516,34166
"(0.8814814814814814, 1.0)",1,95.17630002053724,34167
"(0.8631918334993627, 0.9833229101521784)",1,95.17626456333862,34168
"(0.7458851447555765, 0.9764666952752286)",1,95.1762633317693,34169
"(0.929936943248924, 0.9599909979745442)",1,95.17622379592294,34170
"(0.4904033495004767, 0.9538370349708868)",1,95.17619480390084,34171
"(0.8178923727890101, 0.964731521366774)",1,95.17607980363567,34172
"(0.8420013166556946, 1.0)",1,95.17606621318032,34173
"(0.8303529411764705, 0.940930997520722)",6,95.17600241256191,34179
"(0.9599989999749994, 0.9449944994499452)",1,95.17565265054162,34180
"(0.9280076478086086, 0.9575913511472004)",1,95.17565247232508,34181
"(0.8326352665776878, 0.9537330920118182)",3,95.17564547218802,34184
"(0.8044914258149553, 0.9861310021084456)",2,95.17563153832718,34186
"(0.9041196741854636, 0.9690968282937898)",1,95.17501534825632,34187
"(0.8621031746031745, 0.9861310021084456)",1,95.1742819231102,34188
"(0.9171764705882351, 0.9524973279746984)",1,95.17416547326452,34189
"(0.95, 0.9716751084525852)",1,95.17415566178924,34190
"(0.9110813074094206, 0.9764666952752286)",1,95.1741093253506,34191
"(0.8514626506510005, 0.935554153726708)",1,95.17404490215202,34192
"(0.7999088007295942, 0.9766918866148322)",2,95.1738239001224,34194
"(0.683178560611297, 0.9756742097233804)",2,95.1738084416838,34196
"(0.8978420627840789, 0.9646309224447688)",3,95.17350768477402,34199
"(0.9348222545262322, 0.9644491481508056)",1,95.17332401847504,34200
"(0.8631918334993627, 0.9833229101521784)",1,95.17332325208056,34201
"(0.8650180064096209, 0.9734731918335766)",2,95.17307051931462,34203
"(0.8240725359911406, 0.964269276237512)",1,95.17299505911612,34204
"(0.8514626506510005, 0.960851077856154)",3,95.1729446582202,34207
"(0.4561403508771929, 0.9692608993981562)",1,95.17266818204968,34208
"(0.8132775534810647, 0.964269276237512)",1,95.17249146447004,34209
"(0.8920790698579406, 0.9540153992631536)",1,95.17245530681218,34210
"(0.8898894074675324, 0.9538331745788698)",1,95.17243493515984,34211
"(0.861111111111111, 1.0)",1,95.17236541330664,34212
"(0.9599989999749994, 0.9449876222149984)",1,95.17203668182752,34213
"(0.8825487012987013, 0.9575126626788776)",3,95.17173485571855,34216
"(0.8317601729721721, 0.9692608993981562)",1,95.1714283030083,34217
"(0.9020800849800285, 0.9575913511472004)",1,95.17140744886842,34218
"(0.9283935041407868, 0.9503333333333333)",3,95.17133294597132,34221
"(0.8880287817151458, 0.964269276237512)",1,95.17127398715442,34222
"(0.8544761140104375, 0.9574784734771978)",1,95.17124876280936,34223
"(0.9497171590194846, 1.0)",1,95.17092611827758,34224
"(0.8703996834190741, 0.960267350663444)",1,95.17089075070491,34225
"(0.8058308902229048, 0.964731521366774)",1,95.1708898323162,34226
"(0.9192093318943212, 1.0)",1,95.17084037138164,34227
"(0.9791388745136372, 0.9958292603453894)",1,95.17077412178654,34228
"(0.9645238095238096, 0.9821209236472328)",1,95.17076582636946,34229
"(0.9599959995999598, 0.9424823852304768)",1,95.17076205935705,34230
"(0.9432380952380952, 0.9610899532226684)",3,95.17053615479053,34233
"(0.7204649554921787, 0.960376642453574)",1,95.17005005990802,34234
"(0.8899272765322939, 0.9416450721400784)",1,95.17003235042212,34235
"(0.9136091773703304, 0.9539272400433172)",3,95.16997645572542,34238
"(0.6290913377428313, 0.9787415926601832)",1,95.16990426930928,34239
"(0.9423959526895456, 0.9549898727213622)",1,95.16979107264436,34240
"(0.8995772689779955, 0.9749656593406592)",4,95.16977451067508,34244
"(0.8317601729721721, 0.964731521366774)",1,95.16973169192468,34245
"(0.6981216457960644, 0.9529751605618932)",1,95.16969912210077,34246
"(0.6933160650937552, 0.9764666952752286)",2,95.1696943468192,34248
"(0.843845350684385, 0.9680383516315252)",1,95.16965627498404,34249
"(0.7434518366201162, 0.9559144017084672)",1,95.16932710952436,34250
"(0.9361428571428572, 0.9643698138596096)",1,95.16929833266408,34251
"(0.2184982066412125, 0.9300756598444966)",1,95.1692777636414,34252
"(0.551795203568387, 0.9824986872046212)",1,95.16920677534492,34253
"(0.8534255683423739, 0.9648252575884156)",1,95.16916119610816,34254
"(0.9540153992631536, 0.9715593185206444)",1,95.16910349715924,34255
"(0.746671365914787, 0.9690968282937898)",1,95.16895591607062,34256
"(0.4908934803575872, 0.9743181441653516)",1,95.168516937452,34257
"(0.8916052423523688, 0.9832184229069656)",1,95.16840208693463,34258
"(0.682074987159733, 0.9538370349708868)",1,95.1683902731764,34259
"(0.9566795633209296, 0.957036102484472)",1,95.16837218819728,34260
"(0.8339105453054994, 0.964731521366774)",1,95.16836786012558,34261
"(0.7453091184935634, 0.9824561403508772)",1,95.16828739931296,34262
"(0.8660545355265853, 0.9622598627787308)",2,95.16824980237072,34264
"(0.9224996008939976, 0.9749910873440284)",1,95.16802828459976,34265
"(0.9603476243044132, 0.9539272400433172)",2,95.16789479038664,34267
"(0.9432380952380952, 0.9575913511472004)",1,95.16785459464954,34268
"(0.9535144014828052, 0.9751409401578528)",1,95.16758407204786,34269
"(0.8472645812528676, 0.9535144014828052)",1,95.16756052240322,34270
"(0.859079950617616, 0.9573389777809668)",1,95.167560314151,34271
"(0.9140194694749032, 0.9556541264979026)",1,95.1673648727972,34272
"(0.9459285785969274, 0.9502288074111276)",1,95.1673443645888,34273
"(0.8733799478600891, 0.9751866592189172)",1,95.16732073432634,34274
"(0.5356100633781995, 0.9538370349708868)",1,95.16728955010896,34275
"(0.8652443837747164, 0.9601502499942144)",3,95.16716330970524,34278
"(0.7188585657770549, 0.9599989999749994)",1,95.16710824862264,34279
"(0.9425645194066248, 0.9574285714285714)",1,95.16706870153696,34280
"(0.8974984433303618, 0.9669096494902946)",1,95.16699992222708,34281
"(0.8976982097186702, 1.0)",1,95.16686677074333,34282
"(0.8561103441223091, 0.9580331374974232)",2,95.16663934451788,34284
"(0.865581803207783, 0.9736842105263158)",1,95.1664572709119,34285
"(0.9028964862298196, 0.972252530763169)",1,95.16641583049469,34286
"(0.9412964149491664, 0.975479255167798)",1,95.16638798195602,34287
"(0.911021218587008, 0.9557886530559612)",3,95.16616382052152,34290
"(0.8535870458655268, 0.9572437766315318)",1,95.16602532647576,34291
"(0.9206165335472736, 0.9832925076188832)",1,95.16599036161976,34292
"(0.6544644252235129, 1.0)",1,95.1659488895112,34293
"(0.8975998588152243, 0.9540153992631536)",1,95.16587456287655,34294
"(0.8970129352925051, 0.9756805807622504)",1,95.16560162714926,34295
"(0.9348222545262322, 0.9641028246291404)",1,95.16559449838964,34296
"(0.8330958052404215, 0.9495014245014244)",2,95.16543806853971,34298
"(0.9069410647702764, 0.9499987499687492)",3,95.16537906633468,34301
"(0.869750601552687, 0.9572437766315318)",2,95.16528885348326,34303
"(0.8752079951298701, 0.960851077856154)",4,95.16517319314116,34307
"(0.8891825109620656, 0.9770265865226794)",2,95.16474750792308,34309
"(0.6947170805612278, 0.9691818330194464)",1,95.16469482425232,34310
"(0.8885908209437621, 0.9503333333333333)",1,95.16452889551331,34311
"(0.978621888315766, 0.9381466410380824)",1,95.1644775384615,34312
"(0.9362689940183164, 0.9638996361007746)",1,95.16434898730918,34313
"(0.947035873779261, 0.9679690637004894)",1,95.16413528673434,34314
"(0.8660545355265853, 0.9619736581501288)",1,95.16412329941538,34315
"(0.9377148530109056, 0.991206314397104)",1,95.16409849467814,34316
"(0.9003556829643787, 1.0)",1,95.16396919142213,34317
"(0.9202657807308968, 0.9539707149009474)",1,95.16362607716626,34318
"(0.861957198953386, 0.9538370349708868)",1,95.16321519109556,34319
"(0.8535870458655268, 0.95)",1,95.16309718535322,34320
"(0.8660316000154361, 0.956240913452974)",1,95.16303128636326,34321
"(0.8143540514876735, 0.964731521366774)",1,95.16299847346389,34322
"(0.861111111111111, 1.0)",1,95.16285983754553,34323
"(0.9624885121068328, 0.955)",1,95.16280077212198,34324
"(0.9022759891180944, 0.972045976510262)",1,95.16279452586622,34325
"(0.9833229101521784, 1.0)",1,95.16273621195889,34326
"(0.9677353740627908, 0.9605654571878554)",1,95.16250213584962,34327
"(0.5626274989800081, 0.9764666952752286)",2,95.16249058271096,34329
"(0.8306479779411763, 0.9749910873440284)",1,95.1620680205626,34330
"(0.8993301094022514, 0.9622641509433963)",1,95.1620628867246,34331
"(0.8801420274178757, 0.9643944553313464)",1,95.16195607666336,34332
"(0.7101858663902063, 0.9539707149009474)",1,95.16172090747884,34333
"(0.9791544477028348, 0.9958292603453894)",3,95.16166999083224,34336
"(0.8240725359911406, 0.964269276237512)",1,95.16153831537092,34337
"(0.8153895365851999, 0.9643944553313464)",1,95.1615274802411,34338
"(0.8715701474388204, 0.972045976510262)",1,95.16116012377807,34339
"(0.7760416666666667, 0.9599959995999598)",1,95.1610370033668,34340
"(0.7611229730509549, 0.9539707149009474)",1,95.16100330772592,34341
"(0.8258470464352816, 0.960851077856154)",2,95.1609984453214,34343
"(0.8697983697983697, 1.0)",1,95.16054234011638,34344
"(0.8472645812528676, 0.960851077856154)",4,95.16016947228476,34348
"(0.9247158728131784, 0.9540153992631536)",3,95.16014043556656,34351
"(0.9575126626788776, 0.960851077856154)",1,95.16013839286182,34352
"(0.9432380952380952, 0.9609357631051972)",1,95.16008769749835,34353
"(0.8992107069320523, 0.947035873779261)",1,95.1599141022122,34354
"(0.952999227799228, 0.9642857142857144)",1,95.1599139476781,34355
"(0.9394971203231468, 0.950431439792024)",1,95.15991185066775,34356
"(0.9610899532226684, 0.9536268754076972)",1,95.15989839908956,34357
"(0.8524016298728943, 0.9749019607843136)",1,95.15983862840076,34358
"(0.8112275321577646, 0.9764666952752286)",4,95.1597009678482,34362
"(0.9301334774941756, 0.9604782992262008)",1,95.15967491687498,34363
"(0.8995772689779955, 0.962470105966915)",2,95.15964881469736,34365
"(0.5910680656443368, 1.0)",1,95.15930320239968,34366
"(0.94999499949995, 0.9524925769651508)",1,95.15924372395848,34367
"(1.0, 1.0)",1,95.15923162555654,34368
"(0.9224996008939976, 0.9749910873440284)",1,95.15914303112484,34369
"(0.89012458343021, 0.9625591781189506)",1,95.15904636784546,34370
"(0.8662285714285716, 0.9610153569597296)",6,95.1590202835662,34376
"(0.8825487012987013, 0.9610153569597296)",2,95.15893508139705,34378
"(0.8975998588152243, 0.9539272400433172)",1,95.15879000894104,34379
"(0.812231932146279, 0.954995499549955)",1,95.15875306307336,34380
"(0.8128441201209393, 0.964269276237512)",1,95.15874449093911,34381
"(0.8475002808673183, 0.9861673414304992)",1,95.15871854671028,34382
"(0.685541383296858, 0.9695941781535)",1,95.1586456584798,34383
"(0.8312205288949474, 1.0)",1,95.15860321867716,34384
"(0.9469408453036384, 0.9540153992631536)",3,95.15860137699975,34387
"(0.9140194694749032, 0.9690968282937898)",3,95.15858118206808,34390
"(0.7118798171565847, 0.964269276237512)",1,95.15840215676144,34391
"(0.9532701550221768, 0.9537330920118182)",4,95.1583601898992,34395
"(0.931093393134094, 0.9502288074111276)",1,95.15817201660472,34396
"(0.869254101161996, 0.9646309224447688)",3,95.15813020553642,34399
"(0.8902783631946863, 0.9861673414304992)",2,95.15806636209231,34401
"(0.8887419165196944, 0.972045976510262)",1,95.15801661478572,34402
"(0.8975998588152243, 0.9540153992631536)",4,95.15798158065924,34406
"(0.9002005347593582, 0.9495014245014244)",1,95.15793800785052,34407
"(0.8524016298728943, 0.9704296514844182)",1,95.15766111200936,34408
"(0.9199973910846122, 0.9873891625615764)",1,95.1576406586132,34409
"(0.8898894074675324, 0.9575913511472004)",1,95.15760001248744,34410
"(0.9469408453036384, 0.9468391231269042)",1,95.15757503251449,34411
"(0.6184921599362788, 0.9849932439195274)",1,95.1574630783846,34412
"(0.8997493734335841, 0.9833229101521784)",1,95.15737337898156,34413
"(0.9018806250259218, 0.972420634920635)",1,95.15732554500607,34414
"(0.682074987159733, 0.9534883720930232)",1,95.15730013563643,34415
"(0.7474747474747474, 0.9643944553313464)",1,95.15729405445474,34416
"(0.7101858663902063, 0.9539707149009474)",1,95.15726018359494,34417
"(0.7665484369555701, 0.9764666952752286)",1,95.15711108518369,34418
"(0.7803195571784078, 0.9736842105263158)",3,95.1569461957888,34421
"(0.9349739895958384, 0.94999499949995)",1,95.15681580114882,34422
"(0.6933160650937552, 0.9764666952752286)",1,95.15661784685992,34423
"(0.960851077856154, 0.9536268754076972)",1,95.1565222365329,34424
"(0.8691207517489755, 0.9575126626788776)",1,95.15619715570334,34425
"(0.8518661620292292, 0.9691818330194464)",3,95.1560953454838,34428
"(0.7725182451236846, 0.9764666952752286)",1,95.155855293314,34429
"(0.8160331384015596, 0.9601502499942144)",2,95.15571132266304,34431
"(0.8523949169110459, 0.987491854024112)",1,95.15547582914856,34432
"(0.6658312447786132, 0.95749335833724)",1,95.15534201293131,34433
"(0.8581086546083114, 0.9861310021084456)",1,95.15512973914488,34434
"(0.8513842746400886, 0.9767441860465116)",1,95.15464756638752,34435
"(0.6003561059603759, 0.9538370349708868)",1,95.15462733313387,34436
"(0.8694224991654613, 0.9766918866148322)",1,95.15459021370864,34437
"(0.9574784734771978, 0.9524640509385224)",3,95.1545825429867,34440
"(0.8885908209437621, 0.9537330920118182)",1,95.15412139124406,34441
"(0.876112115732369, 0.9571428571428572)",1,95.15385395756428,34442
"(0.9153439153439156, 1.0)",1,95.15357754625676,34443
"(0.9506883741258744, 0.9573389777809668)",1,95.15331908938228,34444
"(0.960851077856154, 0.9536268754076972)",1,95.15325323331686,34445
"(0.9146779555619334, 0.9607612022680516)",1,95.1531619709118,34446
"(0.950431439792024, 0.960851077856154)",1,95.15293057573948,34447
"(0.9425645194066248, 0.9572437766315318)",1,95.15290096777252,34448
"(0.8972301136363636, 0.9572437766315318)",2,95.15281721417392,34450
"(0.940074233084456, 0.9536268754076972)",1,95.15277289390238,34451
"(0.8806608357628766, 0.9572437766315318)",6,95.15255134055816,34457
"(0.8438530351707455, 0.9646309224447688)",3,95.15241946934913,34460
"(0.9003351064851267, 0.9714285714285714)",1,95.15229681373096,34461
"(0.97495917428555, 0.9736202420579396)",1,95.15227899331376,34462
"(0.8581022152450725, 0.972045976510262)",1,95.15197902698088,34463
"(0.8458949964763919, 0.9539707149009474)",1,95.15195330998162,34464
"(0.7662347176323114, 0.9604782992262008)",1,95.1518358420761,34465
"(0.9171764705882351, 0.954995499549955)",1,95.15177988845112,34466
"(0.8686037591100882, 0.9538331745788698)",1,95.15174763488844,34467
"(0.9394971203231468, 0.950431439792024)",1,95.15169238368078,34468
"(0.8467135862913097, 0.9749656593406592)",2,95.15165388262196,34470
"(0.81893131227901, 1.0)",1,95.15158190458553,34471
"(0.8751897860593512, 0.972420634920635)",1,95.15132041933306,34472
"(0.7030725566042162, 0.9764666952752286)",4,95.15130535939872,34476
"(0.8701068324360797, 0.974659562041758)",4,95.15129101943764,34480
"(0.8420013166556946, 1.0)",1,95.15115199478818,34481
"(0.8997493734335841, 1.0)",1,95.1511343345853,34482
"(0.8920217788143652, 0.9706103957633436)",2,95.15098647587544,34484
"(0.7736869137404373, 0.9690968282937898)",2,95.15081202808146,34486
"(0.8631546198466533, 0.9764666952752286)",1,95.15055227525129,34487
"(0.8517341550708587, 0.9539707149009474)",1,95.15054451883049,34488
"(0.8785302156088673, 0.9674997968737304)",1,95.15042000671696,34489
"(0.9142857142857144, 0.9575126626788776)",1,95.15026549924411,34490
"(0.8771566597653554, 0.9656673832323628)",1,95.15023781032292,34491
"(0.8103292776312431, 0.9610153569597296)",3,95.15023698615622,34494
"(0.7800511508951407, 0.9549718574108818)",1,95.1502249521264,34495
"(0.9343984962406016, 0.9642857142857144)",3,95.1500813251112,34498
"(0.8823536650710564, 0.974926494546988)",1,95.149882634369,34499
"(0.8871966240387292, 0.9861673414304992)",1,95.14973488242236,34500
"(0.8991833854219174, 0.95749335833724)",2,95.14967149698522,34502
"(0.8933617810760668, 0.9575126626788776)",3,95.14966320736568,34505
"(0.8438530351707455, 0.9556541264979026)",1,95.1495617043954,34506
"(0.826804915514593, 0.9536268754076972)",1,95.1494253352328,34507
"(0.9425645194066248, 0.9505232430050672)",1,95.14933436176156,34508
"(0.93600846667145, 0.9503333333333333)",1,95.14923489397395,34509
"(0.933096859926128, 0.9833229101521784)",1,95.14915082693504,34510
"(0.9462256234379848, 0.9536268754076972)",1,95.14904542645571,34511
"(0.8103292776312431, 0.9610153569597296)",3,95.1490219453901,34514
"(0.6371362732694741, 0.9787503653034404)",1,95.14880718757895,34515
"(0.9712822597033124, 0.9640038239043044)",1,95.14857418493484,34516
"(0.9096837488457986, 0.9690968282937898)",4,95.1485381110334,34520
"(0.8472645812528676, 0.960851077856154)",1,95.14817691006547,34521
"(0.4769002516079198, 0.9524759409451032)",1,95.14804771543682,34522
"(0.8014564052299902, 0.954995499549955)",1,95.1480404482976,34523
"(0.9348370927318296, 0.9524854486686548)",1,95.14801660551711,34524
"(0.8936757955372995, 0.9289986228605154)",1,95.1479683920128,34525
"(0.9459285785969274, 0.9498754528985508)",1,95.14782661114693,34526
"(0.9161952650324744, 1.0)",1,95.1477887234694,34527
"(0.9084080904123386, 0.9498754528985508)",1,95.14773226054412,34528
"(0.8506653943511476, 0.9736842105263158)",1,95.1475192914216,34529
"(0.7630195891065458, 0.9524973279746984)",1,95.14738280124786,34530
"(0.6020449077786688, 0.9764666952752286)",1,95.14726583924742,34531
"(0.8311329582337986, 0.972045976510262)",1,95.14719446409808,34532
"(0.5695633155937887, 0.9416450721400784)",1,95.1471227176687,34533
"(0.4768807437940118, 0.9760135162511973)",1,95.14677410272382,34534
"(0.8571777573149418, 0.9524973279746984)",1,95.14643500890512,34535
"(0.9459285785969274, 0.9537330920118182)",4,95.14631939714634,34539
"(0.8319340617212959, 1.0)",1,95.1460393162866,34540
"(0.8498641779745659, 0.954995499549955)",1,95.1458380395362,34541
"(0.8044914258149553, 0.9861310021084456)",1,95.14581234548726,34542
"(0.6164277827081168, 0.9650450950662368)",1,95.14560391270604,34543
"(0.6870644599303137, 0.9861310021084456)",1,95.14543737557582,34544
"(0.9584987529902784, 1.0)",1,95.1454326406111,34545
"(0.90903917799718, 0.9536268754076972)",1,95.14515071951584,34546
"(0.8416827657517105, 0.9861310021084456)",2,95.14509759313914,34548
"(0.839627810315511, 0.960851077856154)",2,95.1448369446605,34550
"(0.8623077787842691, 0.9609357631051972)",1,95.14476460438873,34551
"(0.9369808292429718, 0.9662765907927198)",1,95.1447426030548,34552
"(0.939866291344124, 0.9644491481508056)",3,95.144733636851,34555
"(0.931200007971039, 0.974863910036324)",1,95.14456943311542,34556
"(0.8860074211502783, 0.9540153992631536)",1,95.14444581311189,34557
"(0.7852506868131869, 0.9644491481508056)",1,95.144254803789,34558
"(0.9791258409522168, 0.983305541180304)",2,95.14395671873037,34560
"(0.9377148530109056, 0.9780434995701116)",1,95.14393295599776,34561
"(0.9137091172501388, 0.9495014245014244)",1,95.14390642749004,34562
"(0.9114218054477384, 0.9833251873574456)",2,95.14383227873287,34564
"(0.8774072892625049, 0.95749335833724)",1,95.14365434666692,34565
"(0.9287396277192196, 0.9644491481508056)",1,95.14361676673224,34566
"(0.8874191651969431, 0.9861673414304992)",1,95.1436110790472,34567
"(0.8898894074675324, 0.9645238095238096)",6,95.14358429438454,34573
"(0.7651777469990767, 0.991206314397104)",1,95.14355400624632,34574
"(0.7304742252709461, 0.9764666952752286)",1,95.14350640874314,34575
"(0.7545918011034292, 0.9650450950662368)",1,95.14341849395106,34576
"(0.960666032023912, 0.967895529128406)",1,95.14335721695636,34577
"(0.6003561059603759, 0.9416450721400784)",1,95.1431436232855,34578
"(0.8203330736990467, 0.9650450950662368)",1,95.14285375994048,34579
"(0.9568045886851652, 0.9535144014828052)",1,95.1428079379526,34580
"(0.902898027898028, 0.972045976510262)",1,95.1427621369766,34581
"(0.8688607891739799, 0.9495014245014244)",1,95.14270551337547,34582
"(0.9537330920118182, 0.9575913511472004)",1,95.14247330817348,34583
"(0.7891673497098101, 0.969334154098697)",1,95.14246050024812,34584
"(0.9575126626788776, 0.9681645071821834)",1,95.14237143556916,34585
"(0.833630878109023, 0.9574784734771978)",1,95.14233495369636,34586
"(0.9093334120185448, 0.9575126626788776)",1,95.1423313246289,34587
"(0.8920790698579406, 0.9576647311878512)",1,95.14226882495625,34588
"(0.8750020493421985, 0.964731521366774)",2,95.14218501331496,34590
"(0.7047619047619047, 0.9749910873440284)",1,95.14213028719388,34591
"(0.8920790698579406, 0.9540153992631536)",1,95.14208919738758,34592
"(0.8297320821606234, 0.9574997343733398)",1,95.14208183765145,34593
"(0.9394971203231468, 0.9575126626788776)",1,95.14197549244214,34594
"(0.8686559598432304, 0.9650076460904662)",1,95.1419170798832,34595
"(0.8579868984630887, 1.0)",1,95.14189559538946,34596
"(0.3592666181139386, 0.9650450950662368)",2,95.14171301053612,34598
"(0.8514626506510005, 0.9575126626788776)",1,95.14169339234564,34599
"(0.9240041208791208, 0.9749910873440284)",1,95.14134328765772,34600
"(0.6865535441227247, 0.9779263059241357)",3,95.1412554879127,34603
"(0.7708796965987909, 0.9861673414304992)",2,95.14118092166623,34605
"(0.8306479779411763, 0.9749910873440284)",1,95.14113503556648,34606
"(0.9333044546043194, 0.9607837913720269)",1,95.14113127732836,34607
"(0.6658312447786132, 0.9549819927971188)",1,95.14109751122032,34608
"(0.9833229101521784, 1.0)",1,95.14103451427678,34609
"(0.8610715260301386, 0.9538370349708868)",1,95.14101463432284,34610
"(0.9273504273504276, 0.957036102484472)",1,95.1409234165951,34611
"(0.960851077856154, 0.9388917411828462)",1,95.14088083847408,34612
"(0.5536430525672695, 0.964269276237512)",1,95.14076831982018,34613
"(0.8651322276720679, 0.95749335833724)",1,95.14062407183631,34614
"(0.9275802828069248, 0.960666032023912)",1,95.14062233427526,34615
"(0.6969051878354204, 0.9764666952752286)",1,95.1405688986367,34616
"(0.8795903283708161, 0.9643698138596096)",3,95.14047670743064,34619
"(0.4737094237094237, 0.9861310021084456)",1,95.1401251778832,34620
"(0.9425645194066248, 0.9610899532226684)",3,95.1401116200214,34623
"(0.9373666512059368, 0.9749910873440284)",1,95.14006067879122,34624
"(0.960851077856154, 0.9277992722015492)",1,95.14004431758023,34625
"(0.9833229101521784, 1.0)",2,95.13980937007244,34627
"(0.9170904871819552, 0.9610899532226684)",1,95.1396932088229,34628
"(0.6784722222222224, 0.9861673414304992)",2,95.13956868804904,34630
"(0.8994627799917081, 0.9690968282937898)",3,95.1395245010548,34633
"(0.8554324407510003, 0.9472378863826232)",1,95.1394811018352,34634
"(0.944563492063492, 1.0)",1,95.13946197474095,34635
"(0.78725, 0.9610153569597296)",3,95.13944665399065,34638
"(0.8898894074675324, 0.9540153992631536)",4,95.13943461863435,34642
"(0.935554153726708, 0.9505232430050672)",6,95.13933968631927,34648
"(0.92008547008547, 0.95)",1,95.1393231771961,34649
"(0.6809855026116619, 0.9749910873440284)",1,95.13919558388028,34650
"(0.8796475392220073, 1.0)",1,95.1391410122839,34651
"(0.8250850808981499, 0.9549718574108818)",1,95.13907943604691,34652
"(0.9085605849871624, 0.9736189431913116)",1,95.1388735818912,34653
"(0.8506653943511476, 0.9779870235853187)",1,95.13883931228423,34654
"(0.6423563565219435, 0.9648252575884156)",3,95.13879078241015,34657
"(0.8472645812528676, 0.960851077856154)",1,95.1387201048966,34658
"(0.9833229101521784, 1.0)",1,95.13840746807536,34659
"(0.9442283950617284, 1.0)",1,95.13822172959712,34660
"(0.7304951237809453, 0.9643944553313464)",1,95.1379506018146,34661
"(0.7304742252709461, 0.9764666952752286)",1,95.13789597031617,34662
"(0.8173762627724085, 0.9599989999749994)",1,95.13788481378646,34663
"(0.94484126984127, 0.9861673414304992)",2,95.13787449972646,34665
"(0.8993301094022514, 0.9495014245014244)",1,95.13778106435072,34666
"(0.931200007971039, 0.9664132746502044)",1,95.1376866805988,34667
"(0.9373586654890096, 0.95749335833724)",1,95.13757666408964,34668
"(0.9385964912280702, 0.9559144017084672)",1,95.13742860243686,34669
"(0.8258152104305951, 0.9549898727213622)",2,95.1372276164414,34671
"(0.8472645812528676, 0.960851077856154)",1,95.13712539999445,34672
"(0.9166145507608924, 1.0)",1,95.13710362960732,34673
"(0.8517690928240017, 0.951892755797645)",1,95.13707072850774,34674
"(0.912531328320802, 0.9540153992631536)",4,95.13705459239786,34678
"(0.9665831244778612, 0.9833229101521784)",2,95.13696487120014,34680
"(0.8978420627840789, 0.9646309224447688)",1,95.13696057819448,34681
"(0.7280584513944579, 0.9861673414304992)",1,95.1369415985495,34682
"(0.9240041208791208, 0.9749910873440284)",1,95.13686086504046,34683
"(0.8563094906941128, 0.9649122807017544)",1,95.1367475549217,34684
"(0.8600428777729004, 0.9549898727213622)",1,95.13655464532792,34685
"(0.8416827657517105, 0.972045976510262)",1,95.13653376830888,34686
"(0.4162177798306099, 0.9649385964912282)",1,95.13594401233355,34687
"(0.792575421183231, 0.9604782992262008)",3,95.13578254398776,34690
"(0.6865535441227247, 0.964523301198322)",1,95.13567679109748,34691
"(0.9022759891180944, 0.958109559613319)",1,95.13566490451166,34692
"(0.8660545355265853, 0.9749910873440284)",1,95.13565808735234,34693
"(0.7931469298245613, 0.9559144017084672)",1,95.13563610546554,34694
"(0.9574285714285714, 0.9610899532226684)",1,95.13555318567433,34695
"(0.8656595443322052, 0.9756755424154988)",1,95.13549361680624,34696
"(0.8662655059929975, 0.9692608993981562)",3,95.13545249895928,34699
"(0.9269284534248317, 0.9764666952752286)",1,95.13544913268026,34700
"(0.8137107474568775, 0.9352068830277476)",2,95.13526484040032,34702
"(0.9497171590194848, 0.9833229101521784)",1,95.1351880632617,34703
"(0.6910881126324849, 0.9764666952752286)",1,95.13518490359678,34704
"(0.448819084280689, 0.9690968282937898)",2,95.13514279650886,34706
"(0.95749335833724, 0.9624978905063408)",1,95.13513571994704,34707
"(0.9153439153439152, 1.0)",1,95.13501292699463,34708
"(0.6886904761904762, 1.0)",1,95.13495708262607,34709
"(0.843845350684385, 0.95)",1,95.13492272360352,34710
"(0.656307097369308, 0.9764666952752286)",1,95.13489659021272,34711
"(0.6085487618529295, 0.9650450950662368)",1,95.13474739696449,34712
"(0.6992775742775743, 0.9861310021084456)",2,95.1346729662964,34714
"(0.9069647153947764, 0.978518051242236)",1,95.13451778559256,34715
"(0.8845244231527244, 0.9764666952752286)",1,95.13434116957606,34716
"(0.8701068324360797, 0.9719592578330004)",1,95.13407030143676,34717
"(0.7525252525252526, 0.9574997343733398)",1,95.1339774906809,34718
"(0.6179693015417549, 1.0)",1,95.13386203473635,34719
"(0.8247905643738976, 1.0)",2,95.13373994788056,34721
"(0.940074233084456, 0.9644491481508056)",1,95.13371802224304,34722
"(0.8103292776312431, 0.9576647311878512)",1,95.13359381324544,34723
"(0.8933617810760668, 0.947035873779261)",1,95.13343887347536,34724
"(0.843845350684385, 0.9462256234379848)",1,95.13340006337567,34725
"(0.7772049591964847, 0.9861673414304992)",1,95.13336815259188,34726
"(0.944073617452092, 1.0)",2,95.13335267680552,34728
"(0.8185482336956522, 0.9749910873440284)",1,95.13333757878172,34729
"(0.826908968957639, 0.9646309224447688)",3,95.13327211222304,34732
"(0.789994229453279, 0.972420634920635)",1,95.1331889568565,34733
"(0.7495888157894737, 0.9734731918335766)",1,95.13315814488058,34734
"(0.8992107069320523, 0.9575126626788776)",1,95.1331385560047,34735
"(0.9497171590194846, 1.0)",1,95.13310847561895,34736
"(0.9469408453036384, 0.9574285714285714)",1,95.13308701713106,34737
"(0.9422394177612392, 0.9536268754076972)",1,95.13289553718406,34738
"(0.8898894074675324, 0.9645938855657314)",1,95.13279540199235,34739
"(0.8449106413122807, 0.964269276237512)",1,95.1327865787838,34740
"(0.7027263407347917, 0.9779263059241357)",3,95.13268804219808,34743
"(0.7785493660236764, 0.9650076460904662)",1,95.13261665741524,34744
"(0.8730304179305696, 0.9539707149009474)",1,95.13251208937392,34745
"(0.8016677935542034, 0.9833229101521784)",1,95.13246473902068,34746
"(0.96, 0.9399984999624992)",1,95.1324577821578,34747
"(0.7330708089143778, 0.95749335833724)",1,95.13229846331232,34748
"(0.9187883397948668, 0.9681034738761426)",1,95.13219016070606,34749
"(0.9666666666666668, 0.9833229101521784)",1,95.1321089537839,34750
"(0.6658312447786132, 0.9474734084130092)",1,95.13192802003432,34751
"(0.8933617810760668, 0.9575126626788776)",1,95.13153803539332,34752
"(0.8610715260301386, 0.9643944553313464)",1,95.1315245525374,34753
"(0.8110682791635173, 0.9861673414304992)",1,95.13147186710373,34754
"(0.9535144014828052, 0.9498754528985508)",1,95.13146844767202,34755
"(0.826908968957639, 0.9556541264979026)",1,95.13139942285652,34756
"(0.8493268538892306, 0.9735486410250802)",3,95.13120578616297,34759
"(0.8868677229932935, 0.9780434995701116)",1,95.13117595091336,34760
"(0.9170904871819552, 0.9645938855657314)",3,95.1311419443811,34763
"(1.0, 1.0)",1,95.13114166120477,34764
"(0.8495378883833893, 0.9833251873574456)",1,95.13099243716852,34765
"(0.9323791344788114, 0.9575126626788776)",1,95.13093895588332,34766
"(0.8315995778682346, 0.9861673414304992)",1,95.13091476655048,34767
"(0.8771934243211048, 0.9643698138596096)",1,95.13087044274648,34768
"(0.9574285714285714, 0.9571428571428572)",1,95.1304691862276,34769
"(0.8665318278805122, 0.9646309224447688)",1,95.13027731164478,34770
"(0.8128441201209393, 0.964269276237512)",1,95.13017597458362,34771
"(0.2184982066412125, 0.9538370349708868)",2,95.13015959061651,34773
"(0.5218438528010998, 0.972281746031746)",1,95.13015946654848,34774
"(0.9503333333333333, 0.9536268754076972)",1,95.12999539470718,34775
"(0.8920790698579406, 0.9539272400433172)",1,95.12990958879882,34776
"(0.9110813074094206, 0.988167361639188)",1,95.12989765281918,34777
"(0.8547143556631046, 0.9692608993981562)",1,95.1298934947634,34778
"(0.5555128843657428, 0.9601502499942144)",1,95.12983918640346,34779
"(0.9165867390570612, 0.9572437766315318)",1,95.12965000013357,34780
"(0.943455134862934, 0.947035873779261)",6,95.1294967372224,34786
"(0.8937533848783131, 0.9540153992631536)",1,95.1294761601286,34787
"(0.9501177394034536, 0.943455134862934)",1,95.12931081298582,34788
"(0.9524640509385224, 0.9474734084130092)",2,95.12929393516848,34790
"(0.914452495974235, 0.95749335833724)",1,95.12912402376676,34791
"(0.9082051469489508, 0.956240913452974)",1,95.12911356847802,34792
"(0.7060994560994561, 1.0)",1,95.12903336129412,34793
"(0.8438530351707455, 0.9556541264979026)",3,95.12893574538336,34796
"(0.9350193449813944, 0.9571428571428572)",1,95.1288871958641,34797
"(0.8478418336329888, 0.991206314397104)",3,95.128645402041,34800
"(0.9248798076923076, 0.9424564827150532)",1,95.12853388491096,34801
"(0.843845350684385, 0.960851077856154)",3,95.1284781195224,34804
"(0.9326628892940788, 0.9503333333333333)",1,95.12840888746403,34805
"(0.8898894074675324, 0.9539272400433172)",1,95.12823214432191,34806
"(0.4255117986159442, 0.9529751605618932)",1,95.12784821746187,34807
"(0.8352271364897016, 0.9758777250199286)",1,95.12758961751813,34808
"(0.9022759891180944, 0.972045976510262)",1,95.12745952618444,34809
"(0.939055706563049, 0.9503333333333333)",1,95.12745318573404,34810
"(0.9000617225831424, 0.9833229101521784)",1,95.12740066556688,34811
"(0.8937533848783131, 0.9539272400433172)",1,95.1273317482831,34812
"(0.6870644599303137, 0.9861310021084456)",1,95.12731191270836,34813
"(0.8756569714184869, 0.9540153992631536)",1,95.12716172639206,34814
"(0.7665484369555701, 0.9766918866148322)",1,95.12674681835136,34815
"(0.9677353740627908, 0.9603476243044132)",1,95.12644950135665,34816
"(0.7713401051412279, 1.0)",1,95.12644138897129,34817
"(0.7662347176323114, 0.9518108135836668)",3,95.12633574261476,34820
"(0.5297912526658138, 0.9735486410250802)",1,95.12620089882424,34821
"(0.9001705922264224, 0.9560315719855194)",3,95.12597018122432,34824
"(0.4468328406505846, 0.972045976510262)",1,95.12588533336226,34825
"(0.939055706563049, 0.9679690637004894)",1,95.12585137022818,34826
"(0.9399739902831624, 0.960851077856154)",1,95.12564436304608,34827
"(0.5990872838163477, 0.9624941397093296)",1,95.12552783657314,34828
"(0.946730586052542, 0.9540153992631536)",1,95.12552222779868,34829
"(0.9349202773397411, 0.95749335833724)",1,95.12534290787876,34830
"(0.9460809481025116, 0.9575126626788776)",1,95.1252440476506,34831
"(0.8732774170274171, 1.0)",2,95.12510695558898,34833
"(0.9140194694749032, 0.9779870235853187)",2,95.12509694320934,34835
"(0.950608853052493, 0.9575126626788776)",1,95.12492657189154,34836
"(0.9009287520039462, 1.0)",2,95.1246534018621,34838
"(0.6444891298012474, 0.972281746031746)",1,95.12462137572815,34839
"(0.8829656107481818, 0.9736189431913116)",1,95.12460696547222,34840
"(0.4990703502943405, 0.9539707149009474)",1,95.12446610147232,34841
"(0.7725182451236846, 0.9764666952752286)",1,95.12418448315248,34842
"(1.0, 1.0)",1,95.12412292801277,34843
"(0.9326628892940788, 0.947035873779261)",3,95.12411571519092,34846
"(0.6415148305084746, 0.9622598627787308)",1,95.12411341957302,34847
"(0.7713401051412279, 0.986081059422206)",1,95.12409867436068,34848
"(0.9132516862059696, 0.9646309224447688)",1,95.12403007543364,34849
"(0.8843764852418178, 0.9643944553313464)",1,95.12398850234472,34850
"(0.9610153569597296, 0.9605654571878554)",1,95.12395780748984,34851
"(0.7866279069767441, 0.9764666952752286)",1,95.12387456344736,34852
"(0.7707669475804315, 0.9601502499942144)",2,95.12375269639726,34854
"(0.8885908209437621, 0.9537330920118182)",4,95.12369498863404,34858
"(0.6384521701955596, 0.9779870235853187)",1,95.12368983943212,34859
"(0.9574784734771978, 0.9574784734771978)",1,95.123644162982,34860
"(0.8459091650972324, 0.960376642453574)",1,95.12358030240374,34861
"(0.7027263407347917, 0.9690057499955)",1,95.1235409886366,34862
"(0.833630878109023, 0.9574784734771978)",1,95.12344256982038,34863
"(0.7188585657770549, 0.9599989999749994)",1,95.12343906730644,34864
"(0.9431186370412892, 0.9535144014828052)",1,95.12325858145311,34865
"(0.6444891298012474, 0.958422459893048)",1,95.12322963566773,34866
"(0.4717425431711146, 0.9691818330194464)",1,95.12315290369224,34867
"(0.4633850039213374, 0.9672258799932288)",4,95.1230540459303,34871
"(0.9833229101521784, 1.0)",1,95.1230477873853,34872
"(0.9014293255242536, 0.9610899532226684)",1,95.12291215502584,34873
"(0.855702280912365, 0.917003047553332)",1,95.12269343426917,34874
"(0.922324745206372, 0.9499799919967988)",1,95.12259361701403,34875
"(0.8080013586956521, 0.9495014245014244)",1,95.12250601797966,34876
"(0.8475002808673183, 0.972420634920635)",1,95.12231557586466,34877
"(0.6444891298012474, 0.9861310021084456)",1,95.12213535113986,34878
"(0.8313174792337382, 0.9691818330194464)",3,95.1213988299996,34881
"(0.8605691443799373, 0.964731521366774)",1,95.12126710344948,34882
"(0.787221770032878, 0.9624810060092922)",1,95.12124326964306,34883
"(0.8619023359137593, 0.9735486410250802)",1,95.1212254680026,34884
"(0.9833040078201368, 0.991777356103732)",4,95.12115798766398,34888
"(0.8374874819183264, 0.9764666952752286)",1,95.12088469315977,34889
"(0.8108021513875538, 0.9559144017084672)",1,95.12041495496256,34890
"(0.930124456440246, 0.9861673414304992)",1,95.12037523526382,34891
"(0.9014293255242536, 0.950431439792024)",1,95.1203733857423,34892
"(0.8855699370755157, 0.9572437766315318)",1,95.12034783561356,34893
"(0.6243024607372301, 0.9764666952752286)",1,95.1202816016318,34894
"(0.9192093318943212, 0.9882048106149588)",1,95.12026612693349,34895
"(0.8438530351707455, 0.9646309224447688)",3,95.120242662663,34898
"(0.9574285714285714, 0.9609357631051972)",1,95.119992198332,34899
"(0.7075023741690408, 1.0)",1,95.1198837495654,34900
"(0.8814591883264935, 0.9643944553313464)",1,95.11986627678525,34901
"(0.9503333333333333, 0.9572437766315318)",1,95.11985479317048,34902
"(0.859079950617616, 0.9537330920118182)",4,95.11978120697526,34906
"(0.9425645194066248, 0.9536268754076972)",2,95.11974896190252,34908
"(0.828966378966379, 0.9861673414304992)",1,95.11950147944825,34909
"(0.8449106413122807, 0.964269276237512)",2,95.11948774017657,34911
"(0.908421874225862, 0.9645160799173236)",2,95.11948236794956,34913
"(0.8672602388063438, 0.95749335833724)",2,95.11941616820978,34915
"(0.9301209372637944, 0.9722222222222222)",1,95.11925498511464,34916
"(0.7923306301473605, 0.9522870228046522)",1,95.1192396880882,34917
"(0.7453091184935634, 0.991206314397104)",1,95.1191195788024,34918
"(0.9497171590194848, 1.0)",1,95.11878463399664,34919
"(0.8887940768066828, 0.964269276237512)",1,95.11866883076264,34920
"(0.8340166019865393, 0.9749910873440284)",1,95.11863619110424,34921
"(0.8449106413122807, 0.964269276237512)",1,95.11823535569935,34922
"(0.9373666512059368, 0.9622598627787308)",1,95.11823394747594,34923
"(0.6361158710730316, 0.9764666952752286)",1,95.11818627978808,34924
"(0.8796475392220073, 1.0)",1,95.11753866758744,34925
"(0.911021218587008, 0.9735486410250802)",1,95.11750075406177,34926
"(0.9833229101521784, 1.0)",1,95.1173986735103,34927
"(0.8159845616588869, 0.9572437766315318)",1,95.11727427589288,34928
"(0.6516906262613718, 0.9767441860465116)",1,95.11727133747569,34929
"(0.943455134862934, 0.9572437766315318)",1,95.11720701407803,34930
"(0.7977749180480272, 0.972420634920635)",1,95.11711444575896,34931
"(0.8340166019865393, 0.9749910873440284)",1,95.11708016059896,34932
"(0.8472645812528676, 0.9644491481508056)",1,95.117030083004,34933
"(0.8837179908491115, 0.9474996718729491)",3,95.11694887429071,34936
"(0.9574285714285714, 0.9537330920118182)",1,95.1168615104728,34937
"(0.7602379596828609, 0.9749910873440284)",1,95.11685653840765,34938
"(0.9462256234379848, 0.9539272400433172)",1,95.1167472868264,34939
"(0.8130477958637364, 0.9780434995701116)",1,95.11669379688551,34940
"(0.7434518366201162, 0.9735486410250802)",1,95.11651544981538,34941
"(0.8372053872053872, 1.0)",2,95.11627371652678,34943
"(0.8131546784916719, 0.9524854486686548)",1,95.11623107044927,34944
"(0.9326599326599326, 1.0)",1,95.1160915046286,34945
"(0.3987913031507923, 0.97499552432938)",1,95.11597517693782,34946
"(0.7374768177381903, 0.991206314397104)",1,95.11584292724272,34947
"(0.8937533848783131, 0.9505232430050672)",1,95.11577496030245,34948
"(0.9202657807308968, 0.9539707149009474)",1,95.11577439484284,34949
"(0.9539272400433172, 0.960851077856154)",1,95.11576101100214,34950
"(0.9571428571428572, 0.9574285714285714)",1,95.11570569103644,34951
"(0.9424967654430562, 0.949954959463517)",2,95.11556207738464,34953
"(0.9571428571428572, 0.9571428571428572)",1,95.1155327979274,34954
"(0.8309403153153152, 0.9735486410250802)",8,95.1154754394929,34962
"(0.9240041208791208, 0.9749910873440284)",1,95.11542589703087,34963
"(0.9364970967817766, 0.9645938855657314)",1,95.11541935462913,34964
"(0.8796475392220073, 1.0)",1,95.11541916487664,34965
"(0.7259530953852703, 0.951892755797645)",1,95.1154113676865,34966
"(0.9017623122369548, 0.960851077856154)",1,95.1153558491732,34967
"(0.8672602388063438, 0.9524997031231444)",1,95.11508781475963,34968
"(0.8391399552284038, 0.9529751605618932)",1,95.11507622190362,34969
"(0.8839304743891843, 0.9516956990542454)",1,95.11483823082496,34970
"(0.8459266053144301, 0.9622598627787308)",2,95.11473890618524,34972
"(0.8224631915554647, 0.9650076460904662)",1,95.11468714056564,34973
"(0.92008547008547, 0.960851077856154)",1,95.11448131385582,34974
"(0.9168447876447876, 0.9537330920118182)",1,95.11447261423017,34975
"(0.8103292776312431, 0.960851077856154)",1,95.11441952533302,34976
"(0.9462256234379848, 0.94206422624554)",1,95.11440033093564,34977
"(0.9029281534808432, 0.9861673414304992)",2,95.11439425426924,34979
"(0.8224631915554647, 0.9764666952752286)",1,95.11437582362812,34980
"(0.7891673497098101, 0.9824126287942077)",1,95.11418536207424,34981
"(0.8475002808673183, 0.972420634920635)",1,95.11408972872192,34982
"(0.9469408453036384, 0.9645938855657314)",1,95.1140255369703,34983
"(0.9365496267832196, 0.9916585206907788)",1,95.11391860106257,34984
"(0.917849761232425, 0.988167361639188)",1,95.11384944866272,34985
"(0.8586166985951469, 0.9861673414304992)",1,95.1137947086786,34986
"(0.94291309888229, 0.991206314397104)",1,95.11370756048574,34987
"(0.8420013166556946, 1.0)",2,95.11367281764896,34989
"(0.9045708198051948, 0.9501177394034536)",1,95.11366575607744,34990
"(0.962505246140658, 0.9916585206907788)",1,95.11357290098525,34991
"(0.7760416666666667, 0.9574869803877438)",1,95.11335270632875,34992
"(0.7138200339558575, 0.962470105966915)",1,95.11330875641836,34993
"(0.9497171590194848, 0.9833229101521784)",1,95.11320377741283,34994
"(0.919542746211962, 0.9539272400433172)",1,95.11318903645878,34995
"(0.9833229101521784, 1.0)",1,95.11308114895076,34996
"(0.9498754528985508, 0.9498754528985508)",1,95.11292209124788,34997
"(0.8334507869391591, 0.9643944553313464)",1,95.11279163617348,34998
"(0.9501177394034536, 0.9610153569597296)",1,95.1127803694334,34999
"(0.9186426294655792, 0.9609357631051972)",1,95.1126076318561,35000
"(0.798857609139127, 0.964269276237512)",1,95.112598195562,35001
"(0.8572686362747016, 0.9516956990542454)",1,95.11250882921694,35002
"(0.683178560611297, 0.9733076942526988)",1,95.11232705608369,35003
"(0.826804915514593, 0.9463627709416984)",1,95.11216409189107,35004
"(0.8395301149279116, 0.9643944553313464)",1,95.11210035183122,35005
"(0.7829069509514622, 0.9575126626788776)",2,95.1120991194655,35007
"(0.8476190476190477, 1.0)",1,95.11193622351097,35008
"(0.5356100633781995, 0.9418479305417444)",2,95.1119112567536,35010
"(0.9373666512059368, 0.9495058714870036)",1,95.11182357675392,35011
"(0.9132516862059696, 0.9690057499955)",1,95.1113055641389,35012
"(0.9080024622960912, 0.9646309224447688)",3,95.1111785765596,35015
"(0.8652443837747164, 0.9601502499942144)",3,95.1111383935512,35018
"(0.4904033495004767, 0.9643944553313464)",1,95.11088616901957,35019
"(0.9014293255242536, 0.9575913511472004)",1,95.1108155215714,35020
"(0.5234081226516082, 0.9630499959484644)",1,95.1107718402098,35021
"(0.8652443837747164, 0.9646309224447688)",1,95.1107684880432,35022
"(0.9609357631051972, 0.95339554031292)",1,95.11062816781016,35023
"(0.960851077856154, 0.9539272400433172)",1,95.11050766530242,35024
"(0.8933617810760668, 0.9502288074111276)",1,95.11030616744104,35025
"(0.8010054664946871, 0.9861673414304992)",1,95.11016677235176,35026
"(0.7793317077392194, 0.9690968282937898)",3,95.11015331609072,35029
"(0.8340166019865393, 0.9749910873440284)",1,95.11004429124894,35030
"(0.9538331745788698, 0.9573389777809668)",1,95.10990342826652,35031
"(0.789994229453279, 0.972420634920635)",1,95.10980358030878,35032
"(0.8758315541941273, 0.9691818330194464)",2,95.10980090376977,35034
"(0.8996664258511047, 0.969334154098697)",1,95.10967949081436,35035
"(0.4760120083755897, 0.9699829194586784)",1,95.1095501492272,35036
"(0.8547539417104635, 0.95749335833724)",1,95.10943016687705,35037
"(0.8420013166556946, 1.0)",1,95.10942054961552,35038
"(0.7823116219667945, 0.972252530763169)",1,95.10937879731732,35039
"(0.8091777408637875, 0.9539707149009474)",2,95.10929178284326,35041
"(0.8613133624575272, 0.9599989999749994)",1,95.1092337158357,35042
"(0.5356100633781995, 0.9538370349708868)",1,95.10917605107812,35043
"(0.8224631915554647, 0.9538370349708868)",1,95.109087336011,35044
"(0.9432380952380952, 0.9610899532226684)",3,95.10862370451848,35047
"(0.7678405315614618, 0.9764666952752286)",1,95.10854707070968,35048
"(0.9571428571428572, 0.9536268754076972)",6,95.108359076003,35054
"(0.9379369827374928, 0.941880341880342)",1,95.1083299609201,35055
"(0.9315095328894416, 0.9607612022680516)",1,95.1082329410496,35056
"(0.8651322276720679, 0.9574784734771978)",1,95.10788721078772,35057
"(0.3592666181139386, 0.9650450950662368)",1,95.1078645475634,35058
"(0.8016677935542034, 0.9833229101521784)",2,95.107628331517,35060
"(0.9069410647702764, 0.9449656035021888)",1,95.1075055185781,35061
"(0.843845350684385, 0.960851077856154)",3,95.1074800013393,35064
"(0.861957198953386, 0.9538370349708868)",1,95.10730529297918,35065
"(0.6361158710730316, 0.9764666952752286)",1,95.10728220021892,35066
"(0.863869697334692, 0.9779263059241357)",3,95.10723926544132,35069
"(0.6042502004811546, 0.9882048106149588)",1,95.10721149600612,35070
"(0.9432380952380952, 0.9540153992631536)",1,95.10717908515348,35071
"(0.7118798171565847, 0.964269276237512)",1,95.10690126414204,35072
"(0.9022759891180944, 0.972045976510262)",1,95.10684444443343,35073
"(0.7357901651479886, 0.9601502499942144)",3,95.10683079617904,35076
"(0.931200007971039, 0.974863910036324)",1,95.10677467417052,35077
"(0.8313174792337382, 0.9691818330194464)",1,95.10663249807752,35078
"(0.8957538774472412, 0.9649122807017544)",1,95.1065243115927,35079
"(0.6698155645524068, 1.0)",2,95.10648832075655,35081
"(0.946730586052542, 0.9540153992631536)",1,95.10644719493402,35082
"(0.9394971203231468, 0.9610899532226684)",1,95.10614905581934,35083
"(0.642393019586002, 0.9600251550024655)",1,95.10607079262708,35084
"(0.9833229101521784, 1.0)",1,95.10559927125962,35085
"(0.9609357631051972, 0.9491452991452992)",1,95.10545851683592,35086
"(0.863869697334692, 0.9735486410250802)",1,95.1053422013852,35087
"(0.9459285785969274, 0.9642857142857144)",1,95.10533667593305,35088
"(0.8992107069320523, 0.9505232430050672)",1,95.10511508585654,35089
"(0.8810064268049709, 0.9648252575884156)",3,95.10497911232991,35092
"(0.7198784150003663, 0.9736189431913116)",1,95.10495272276894,35093
"(0.7474747474747474, 0.9643944553313464)",1,95.10489940348889,35094
"(0.9166682405676116, 1.0)",2,95.10471476278376,35096
"(0.9128205128205128, 0.9539272400433172)",1,95.10468523647572,35097
"(0.8468089381754635, 1.0)",2,95.10456370532911,35099
"(0.8975998588152243, 0.9539272400433172)",1,95.10451490309444,35100
"(0.9609357631051972, 0.9537330920118182)",1,95.10443897372627,35101
"(0.960851077856154, 0.9609357631051972)",1,95.10422494080969,35102
"(0.8224631915554647, 0.9764666952752286)",1,95.10416269159047,35103
"(0.8551452042262022, 0.9524997031231444)",1,95.10409431714068,35104
"(0.8016677935542034, 0.9833229101521784)",1,95.1039766240016,35105
"(0.908513992905006, 0.9643944553313464)",1,95.10362853108262,35106
"(0.9599959995999598, 0.9474996718729491)",2,95.10361822756173,35108
"(0.9160264866799612, 0.9722222222222222)",1,95.10350121418712,35109
"(0.95749335833724, 0.9599959995999598)",1,95.10346117408234,35110
"(0.88164537452478, 0.9535144014828052)",1,95.10309730479392,35111
"(0.8592657752039796, 0.972045976510262)",2,95.1029904245218,35113
"(0.8968435471383478, 0.9610153569597296)",1,95.10292649469258,35114
"(0.7868967488760102, 0.9599959995999598)",1,95.10280654410012,35115
"(0.9429917021753756, 0.9575126626788776)",1,95.1027897218883,35116
"(0.7602536997885835, 0.9764666952752286)",1,95.10257748027324,35117
"(0.8137484933708317, 0.9559144017084672)",1,95.10245344758638,35118
"(0.8137107474568775, 0.95)",1,95.10233183676858,35119
"(0.757745166550198, 1.0)",1,95.10230028660654,35120
"(0.4039045743444857, 1.0)",1,95.1022452864432,35121
"(0.9146901709401708, 0.9861310021084456)",1,95.10211690545624,35122
"(0.8449106413122807, 0.964269276237512)",1,95.1016822044334,35123
"(0.9528629190035216, 0.9646471322611444)",1,95.10157650609584,35124
"(0.8202692648965939, 0.9619736581501288)",1,95.10156861636858,35125
"(0.8959020234471636, 0.9649122807017544)",3,95.10137835662096,35128
"(0.9012059369202228, 0.9749910873440284)",1,95.10081480467282,35129
"(0.8756569714184869, 0.9610153569597296)",1,95.10070535593438,35130
"(0.9082051469489508, 0.9736189431913116)",1,95.1006731950942,35131
"(0.826804915514593, 0.960851077856154)",1,95.10057411669578,35132
"(0.9056521696628445, 0.9650076460904662)",1,95.10056657797868,35133
"(0.861111111111111, 0.9833229101521784)",1,95.1005658151372,35134
"(0.944120583717358, 0.9517893870835048)",1,95.10055872090012,35135
"(0.7053619734494676, 0.960572483841182)",6,95.1005469606336,35141
"(0.8837179908491115, 0.94999499949995)",2,95.10025218372743,35143
"(0.6475488115449914, 0.9646309224447688)",1,95.10024655260268,35144
"(0.8435371534737285, 0.9643944553313464)",1,95.10005140067965,35145
"(0.7304951237809453, 0.9643944553313464)",1,95.0999684324463,35146
"(0.930124456440246, 0.972420634920635)",1,95.09980844440528,35147
"(0.6415148305084746, 0.9874957118353344)",1,95.09923178536808,35148
"(0.9147108205622834, 0.9601502499942144)",1,95.09913972210651,35149
"(0.8422693146507633, 0.956140350877193)",1,95.09913183791376,35150
"(0.9503333333333333, 0.9574285714285714)",1,95.0990611707618,35151
"(0.9020800849800285, 0.9540977572753596)",1,95.09903025406103,35152
"(0.5423979012694065, 0.9758777250199286)",1,95.09867218459124,35153
"(0.8547756205106323, 0.9885557944107872)",1,95.09845777479558,35154
"(0.8868677229932935, 0.9690968282937898)",1,95.09829900341924,35155
"(0.8726893261776982, 0.988167361639188)",1,95.09824833551778,35156
"(0.9168447876447876, 0.9536268754076972)",1,95.09824108191694,35157
"(0.9392111404005912, 0.9681034738761426)",1,95.09816115403429,35158
"(0.9012059369202228, 0.9749910873440284)",1,95.09810280096616,35159
"(0.9424190267563762, 0.9499799919967988)",2,95.09805126013087,35161
"(0.8933617810760668, 0.9540153992631536)",1,95.0980075763736,35162
"(0.8997493734335841, 1.0)",1,95.09799068071167,35163
"(0.8847822547822548, 0.9861673414304992)",1,95.09798318173056,35164
"(0.9153439153439152, 1.0)",1,95.09797539724936,35165
"(0.9425645194066248, 0.960851077856154)",1,95.0977028602856,35166
"(0.8518001818001818, 0.9733107041947994)",1,95.097642855142,35167
"(0.8014564052299902, 0.954995499549955)",1,95.09751273663176,35168
"(0.8734313112361893, 0.9861673414304992)",1,95.09746553564344,35169
"(0.7602379596828609, 0.9749910873440284)",1,95.09744105267104,35170
"(0.966586548597934, 0.9662867766852584)",1,95.09736335279638,35171
"(0.7012618561462998, 0.9557886530559612)",2,95.09731176595147,35173
"(0.8534255683423739, 0.9557886530559612)",3,95.09729451813928,35176
"(0.8860455063826657, 0.9861673414304992)",3,95.09717747077232,35179
"(0.944911858974359, 0.9499987499687492)",2,95.09699240565897,35181
"(0.8825487012987013, 0.9610899532226684)",1,95.09694421386888,35182
"(0.7989676702614233, 0.9539707149009474)",1,95.09687475305662,35183
"(0.7472307467415887, 0.9529751605618932)",1,95.0968591202157,35184
"(0.8334507869391591, 0.9643944553313464)",1,95.09664360552902,35185
"(0.5536430525672695, 0.964269276237512)",1,95.09664009396926,35186
"(0.7608215527547845, 0.9601502499942144)",2,95.09658882286288,35188
"(0.9294287857678706, 0.964269276237512)",1,95.09637165272964,35189
"(0.8451478848040399, 0.972045976510262)",1,95.09634336960414,35190
"(0.851020730295696, 0.9539707149009474)",1,95.09630931232766,35191
"(0.9162596992611264, 0.972045976510262)",2,95.09630610110902,35193
"(0.9429917021753756, 0.9610153569597296)",3,95.09629076538133,35196
"(0.9574784734771978, 0.9449944994499452)",2,95.09616683600136,35198
"(0.9640038239043044, 0.9676485688615069)",1,95.09615476467792,35199
"(0.7060994560994561, 1.0)",1,95.09594168666624,35200
"(0.888622291021672, 0.962470105966915)",2,95.09586169142308,35202
"(0.8520693948021574, 0.964731521366774)",3,95.09579671074356,35205
"(0.362211854979326, 0.9766874727622072)",4,95.09551536026665,35209
"(0.7820135271430143, 0.9643944553313464)",1,95.09516806739474,35210
"(0.8459898961734945, 1.0)",1,95.09508481345446,35211
"(0.8708656432979902, 0.944911858974359)",1,95.09491152937396,35212
"(0.80285509389987, 1.0)",1,95.09487011050976,35213
"(0.6472942352413201, 0.9774990156188476)",1,95.09474737369138,35214
"(0.8937533848783131, 0.9540153992631536)",4,95.09402681302484,35218
"(0.7026153868908955, 0.9676485688615069)",2,95.09401778399058,35220
"(0.6983464132286942, 0.941454716296154)",1,95.09401392739332,35221
"(0.9269284534248317, 0.942217624820578)",2,95.0940010566366,35223
"(0.9014293255242536, 0.9539272400433172)",1,95.0939112059151,35224
"(0.7183489076634237, 1.0)",1,95.09389182008718,35225
"(0.9331814008429188, 0.9764666952752286)",1,95.09387982363756,35226
"(0.8801420274178757, 0.9643944553313464)",1,95.09385554441056,35227
"(0.8248508603719991, 0.960851077856154)",1,95.0937455945739,35228
"(0.8848365568890763, 0.9643944553313464)",2,95.093691127604,35230
"(0.9168447876447876, 0.9428571428571428)",1,95.0936739356508,35231
"(0.9603476243044132, 0.9641028246291404)",1,95.09359555764894,35232
"(0.7602379596828609, 0.9749910873440284)",1,95.09345279987096,35233
"(0.9583930063253372, 0.9861310021084456)",1,95.09338081243172,35234
"(0.8547143556631046, 0.9648252575884156)",1,95.09335405603076,35235
"(0.950431439792024, 0.9575126626788776)",1,95.0933066770698,35236
"(0.9243000100356984, 0.950431439792024)",3,95.0931723964924,35239
"(0.7830369357045144, 0.9764666952752286)",4,95.0930536222025,35243
"(0.9574784734771978, 0.9574784734771978)",1,95.0927688463171,35244
"(0.897501440533549, 0.9646309224447688)",1,95.0927082006516,35245
"(0.8470413622709255, 0.964731521366774)",1,95.0926395354926,35246
"(0.9469408453036384, 0.9539272400433172)",1,95.0925552378511,35247
"(0.5529564209234128, 0.964269276237512)",1,95.09249856472024,35248
"(0.8688607891739799, 0.9622641509433963)",1,95.0924168206798,35249
"(0.8014480646059594, 0.960267350663444)",3,95.09226299156178,35252
"(0.486629218999443, 0.9735486410250802)",8,95.092257654208,35260
"(0.5816693792141362, 0.9646471322611444)",1,95.092250240668,35261
"(0.8898894074675324, 0.9540153992631536)",1,95.09211757936896,35262
"(0.8315995778682346, 0.9861673414304992)",1,95.0919064626348,35263
"(0.911577306111922, 0.9601502499942144)",1,95.09171713662565,35264
"(0.9469408453036384, 0.9540153992631536)",1,95.09146767164742,35265
"(0.9599989999749994, 0.9474970467088774)",1,95.09146019117073,35266
"(0.978621888315766, 0.952999227799228)",1,95.09134616083765,35267
"(0.9171764705882351, 0.95749335833724)",1,95.09131530116996,35268
"(0.8065954953750508, 0.988167361639188)",1,95.0912798821696,35269
"(0.7931486840292131, 0.9495014245014244)",1,95.09126436493747,35270
"(0.8734924499861754, 0.9646309224447688)",1,95.09097133701968,35271
"(0.6415148305084746, 0.9749910873440284)",1,95.09089391424418,35272
"(0.9021765712888236, 0.95749335833724)",1,95.09080320450492,35273
"(0.7416325017951034, 1.0)",1,95.09079025293914,35274
"(0.9392111404005912, 0.9537330920118182)",2,95.0907625900036,35276
"(0.7011915690388763, 0.9690968282937898)",4,95.09063975157606,35280
"(0.9539272400433172, 0.9644491481508056)",1,95.09045844047178,35281
"(0.8920790698579406, 0.9610899532226684)",1,95.0904312545294,35282
"(0.8131546784916719, 0.9574869803877438)",1,95.0903801544106,35283
"(0.987491854024112, 0.9832925076188832)",1,95.09019452827226,35284
"(0.9287396277192196, 0.9536268754076972)",1,95.08998126853815,35285
"(0.8145048060975228, 0.9648252575884156)",1,95.08985917842122,35286
"(0.8766640111271459, 0.960851077856154)",3,95.08983308134036,35289
"(0.9677353740627908, 0.9676485688615069)",1,95.08978377620032,35290
"(0.8691207517489755, 0.9539272400433172)",3,95.08971842870407,35293
"(0.95749335833724, 0.9499687304565354)",1,95.08958666008324,35294
"(0.9124863259884356, 0.9524640509385224)",1,95.08956814047528,35295
"(0.8930530569999261, 0.95281045751634)",1,95.08931293264249,35296
"(0.9128205128205128, 0.9503333333333333)",1,95.08907953444498,35297
"(0.8898894074675324, 0.9540153992631536)",1,95.08890348980542,35298
"(0.7931469298245613, 0.9736189431913116)",1,95.08889995773352,35299
"(0.9599959995999598, 0.9474996718729491)",3,95.08883573738616,35302
"(0.9169719169719168, 0.9665831244778612)",1,95.08866615208896,35303
"(0.9003351064851267, 0.9640038239043044)",1,95.08859048019016,35304
"(0.8951521235521236, 0.9645938855657314)",1,95.0884021790202,35305
"(0.8876473063973064, 0.9861673414304992)",1,95.08836952983609,35306
"(0.8730304179305696, 0.9539707149009474)",2,95.08835854436074,35308
"(0.8656512412692597, 0.9650450950662368)",1,95.08823878905388,35309
"(0.7323163951070927, 0.9764666952752286)",1,95.08813855229803,35310
"(0.8868677229932935, 0.9780434995701116)",1,95.08771052295596,35311
"(0.9182966261114094, 0.9876066164491212)",1,95.08740934818292,35312
"(0.6361158710730316, 0.9764666952752286)",1,95.08735162147156,35313
"(0.860351329677713, 0.9539707149009474)",1,95.08732137755516,35314
"(0.9497171590194848, 0.9833229101521784)",1,95.087277971162,35315
"(0.9502288074111276, 0.9644491481508056)",1,95.08710503300078,35316
"(0.9064143587480232, 0.9690968282937898)",3,95.08709477405029,35319
"(0.93600846667145, 0.9540153992631536)",1,95.0870380914962,35320
"(0.9146779555619334, 0.9573389777809668)",1,95.0867039358974,35321
"(0.531676585713205, 0.976350325514998)",1,95.08664088170808,35322
"(0.8172851766032833, 0.9691818330194464)",1,95.08662325634276,35323
"(0.9308697752778572, 0.9641028246291404)",1,95.08650115225792,35324
"(0.8848000715856217, 1.0)",2,95.08638863353514,35326
"(0.9299160159815896, 0.9861673414304992)",1,95.08619804051824,35327
"(0.7423856773080242, 0.9749656593406592)",4,95.0860927285781,35331
"(0.9299507899507898, 1.0)",1,95.08596226800128,35332
"(0.8041971340565153, 0.9646309224447688)",1,95.08596184169689,35333
"(0.717258275712923, 0.9601502499942144)",1,95.08592684848468,35334
"(0.9299760327530314, 0.9958292603453894)",1,95.08584957496542,35335
"(0.8544761140104375, 0.9524854486686548)",1,95.0857836070906,35336
"(0.925438675470188, 0.962470105966915)",2,95.08540409913742,35338
"(0.8098502304147466, 0.9749910873440284)",1,95.08534330267466,35339
"(0.5187734941865547, 0.972281746031746)",1,95.08486760467008,35340
"(0.7932043650793651, 0.9680383516315252)",1,95.08483842947552,35341
"(0.8829656107481818, 0.969334154098697)",1,95.08479985126073,35342
"(0.92008547008547, 0.9609357631051972)",1,95.08477587124165,35343
"(0.9610153569597296, 0.9501177394034536)",1,95.0847098248984,35344
"(0.912099503362194, 0.9549988749718742)",1,95.08458175827889,35345
"(0.5082822225940062, 0.9850003750093752)",1,95.084480750923,35346
"(0.8420013166556946, 1.0)",1,95.08442026204418,35347
"(0.7392209336901576, 0.964523301198322)",1,95.08437871807595,35348
"(0.7002802588629665, 0.9416450721400784)",1,95.08427386182495,35349
"(0.8621031746031745, 0.9861310021084456)",1,95.0842512194856,35350
"(0.95749335833724, 0.9474970467088774)",1,95.08423969590488,35351
"(0.8316234420469599, 0.964731521366774)",3,95.0842086892971,35354
"(0.9067863328609668, 0.9524997031231444)",1,95.08406734449156,35355
"(0.9549718574108818, 0.9499987499687492)",1,95.08401091811982,35356
"(0.8894752290768013, 0.9610899532226684)",2,95.08393775053948,35358
"(0.8010054664946871, 0.9861673414304992)",1,95.0839276670334,35359
"(0.4747763864042934, 1.0)",1,95.08381727240388,35360
"(0.2184982066412125, 0.964269276237512)",1,95.08372175732676,35361
"(0.8978420627840789, 0.9646309224447688)",1,95.08367530009644,35362
"(0.7583018074821354, 0.9574784734771978)",1,95.08367052552327,35363
"(0.8066487122350412, 0.9650450950662368)",1,95.08356180216998,35364
"(0.8252422194238135, 0.9624978905063408)",1,95.08342892980588,35365
"(0.8809938281373634, 0.9524973279746984)",1,95.08336623628126,35366
"(0.9537330920118182, 0.9575126626788776)",1,95.08297308415452,35367
"(0.6983464132286942, 0.9767441860465116)",1,95.08296586445844,35368
"(0.4039045743444857, 1.0)",1,95.08293593246326,35369
"(0.9540977572753596, 0.9645238095238096)",3,95.0824839455939,35372
"(0.9498754528985508, 0.960851077856154)",1,95.08224872340573,35373
"(0.9297326845255915, 0.9958292603453894)",1,95.08206933884642,35374
"(0.8972301136363636, 0.960851077856154)",1,95.0820217669443,35375
"(0.9599989999749994, 0.9474996718729491)",1,95.08165823639628,35376
"(0.902898027898028, 0.9861310021084456)",1,95.08146385231946,35377
"(0.8657434402332361, 0.9575126626788776)",1,95.08143795806184,35378
"(0.8108021513875538, 0.9556541264979026)",1,95.08137590508808,35379
"(0.9665831244778612, 1.0)",1,95.08133520226843,35380
"(0.8795247311963099, 0.9680383516315252)",1,95.08129640377663,35381
"(0.6384521701955596, 0.964523301198322)",1,95.08104242966546,35382
"(0.960666032023912, 0.9566795633209296)",2,95.0809270943477,35384
"(0.7785456014174996, 0.9601502499942144)",3,95.08091778666832,35387
"(0.8449106413122807, 0.964269276237512)",1,95.08089610053328,35388
"(0.8774072892625049, 0.9599909979745442)",1,95.08084233864022,35389
"(0.8890425386169811, 0.9572437766315318)",2,95.08080840052318,35391
"(0.8734924499861754, 0.960267350663444)",1,95.08067668483672,35392
"(0.7304742252709461, 0.9650450950662368)",1,95.08064613118636,35393
"(0.8517341550708587, 0.9539707149009474)",1,95.08027777436412,35394
"(0.2184982066412125, 0.9538370349708868)",1,95.080098906375,35395
"(0.869254101161996, 0.9690968282937898)",1,95.0799961118297,35396
"(0.9168447876447876, 0.9501177394034536)",1,95.0799951465721,35397
"(0.9247290244881574, 0.9624997656235352)",1,95.07993531746428,35398
"(0.8201767124753505, 0.9780958243562125)",1,95.07983833113954,35399
"(0.9474917955930616, 0.9524854486686548)",1,95.07959273274555,35400
"(0.7474747474747474, 0.9643944553313464)",1,95.07957388405713,35401
"(0.8544761140104375, 0.9549898727213622)",1,95.0793531569696,35402
"(0.8166003784222112, 0.964731521366774)",1,95.07930003104262,35403
"(0.917324120423851, 0.9610899532226684)",3,95.07923230820538,35406
"(0.7758504483774366, 0.8927801857585139)",1,95.0785273085604,35407
"(0.6526770767943084, 0.9861673414304992)",1,95.07818718500742,35408
"(0.8422693146507633, 0.9692608993981562)",1,95.07813549017892,35409
"(0.9069410647702764, 0.9474970467088774)",3,95.0779439590634,35412
"(0.833630878109023, 0.95749335833724)",2,95.07793653455188,35414
"(0.8480357142857143, 0.9645938855657314)",1,95.0778232139858,35415
"(0.8334507869391591, 0.9643944553313464)",1,95.07777688900546,35416
"(0.5529564209234128, 0.964269276237512)",1,95.07750197176162,35417
"(0.4584512045970383, 0.9733062857087312)",1,95.0774228795352,35418
"(0.3550798514340383, 0.9690968282937898)",1,95.07736224702764,35419
"(0.9423959526895456, 0.9549898727213622)",1,95.07730863821529,35420
"(0.8846362470895226, 0.9539272400433172)",1,95.0772390591601,35421
"(0.6796326875518447, 0.9648252575884156)",1,95.07721032879007,35422
"(0.9300671002153482, 0.9861310021084456)",1,95.07708361925852,35423
"(0.9294287857678706, 0.964269276237512)",1,95.07695955570782,35424
"(0.8074780204479453, 0.9749910873440284)",1,95.07674912677868,35425
"(0.9599749843652282, 0.9499987499687492)",1,95.07648638423922,35426
"(0.9128205128205128, 0.9538331745788698)",1,95.07646961531596,35427
"(0.9537330920118182, 0.9540153992631536)",1,95.07625973409785,35428
"(0.9128205128205128, 0.950431439792024)",1,95.07625019593264,35429
"(0.8252422194238135, 0.9549718574108818)",1,95.0762447647936,35430
"(0.8128441201209393, 0.964269276237512)",1,95.0760227523788,35431
"(0.7583018074821354, 0.9524640509385224)",1,95.0759948939298,35432
"(0.7604228876645498, 0.9495014245014244)",1,95.0754542921588,35433
"(0.7632275132275131, 1.0)",1,95.07545381285458,35434
"(0.9469408453036384, 0.9505232430050672)",3,95.0753402657472,35437
"(0.5489738730640235, 0.9736434134219032)",1,95.07531418822477,35438
"(0.798857609139127, 0.964269276237512)",2,95.07523945280845,35440
"(0.7516483516483518, 0.972420634920635)",1,95.07511587770556,35441
"(0.9459285785969274, 0.950431439792024)",1,95.07497821319568,35442
"(0.8843764852418178, 0.9766918866148322)",1,95.07496996741916,35443
"(0.8176857647247633, 0.9549718574108818)",1,95.07472241174264,35444
"(0.9350193449813944, 0.9680383516315252)",1,95.07460352270262,35445
"(0.9262130464282252, 0.991206314397104)",1,95.07452818107352,35446
"(0.8028720724362646, 0.9736189431913116)",1,95.07446411671064,35447
"(0.95153153367707, 0.9764666952752286)",1,95.07429194284909,35448
"(0.9326599326599326, 1.0)",2,95.07425260696792,35450
"(0.811951754385965, 0.9690968282937898)",3,95.07406568273036,35453
"(0.8306479779411763, 0.9749910873440284)",1,95.07405077291902,35454
"(0.8514626506510005, 0.9644491481508056)",1,95.0740142902623,35455
"(0.8173762627724085, 0.9599959995999598)",1,95.07399500368494,35456
"(0.8972301136363636, 0.9573389777809668)",2,95.07396054716004,35458
"(0.7715163329198417, 0.9557886530559612)",1,95.07370973651076,35459
"(0.9549718574108818, 0.9549718574108818)",1,95.07368444673862,35460
"(0.5222179798681013, 0.9539707149009474)",1,95.07366629416828,35461
"(0.8662655059929975, 0.9649122807017544)",1,95.07359926205842,35462
"(0.8748200797381125, 0.972045976510262)",1,95.0733292817892,35463
"(0.9004206187154333, 0.9601502499942144)",3,95.07329267358844,35466
"(0.8160331384015596, 0.9691818330194464)",3,95.0731591508954,35469
"(0.842200034135518, 0.9607612022680516)",1,95.07311688208658,35470
"(0.9442283950617284, 1.0)",1,95.07307126904767,35471
"(0.912710442783671, 0.9749910873440284)",1,95.07306654325532,35472
"(0.7103786816269286, 0.9867922141511912)",1,95.07295752023896,35473
"(0.897953216374269, 0.9610899532226684)",3,95.07288657313988,35476
"(0.9057330122004186, 0.9780958243562125)",1,95.0726894805494,35477
"(0.8743238369996394, 0.9749910873440284)",1,95.07255439117104,35478
"(0.7872093023255814, 0.9539707149009474)",1,95.07250489127436,35479
"(0.9571428571428572, 0.95)",1,95.07212716270196,35480
"(0.9188863189008992, 0.941454716296154)",1,95.07209717591437,35481
"(0.9441792447111594, 1.0)",1,95.07201773665292,35482
"(0.8887940768066828, 0.964269276237512)",1,95.0719769784647,35483
"(0.8936757955372995, 0.9289986228605154)",1,95.0717858089761,35484
"(0.8334507869391591, 0.9643944553313464)",1,95.07164632291206,35485
"(0.8478418336329888, 0.9735486410250802)",1,95.07152528006898,35486
"(0.7304742252709461, 0.9764666952752286)",1,95.07136659478796,35487
"(0.9833229101521784, 1.0)",1,95.07123781429117,35488
"(0.9540153992631536, 0.9643698138596096)",1,95.07088084094204,35489
"(0.9373586654890096, 0.9649991249781243)",1,95.0707292699897,35490
"(0.865581803207783, 0.9564180337206656)",2,95.07039735357208,35492
"(0.9538331745788698, 0.9501177394034536)",1,95.07011338204656,35493
"(0.8250850808981499, 0.9599909979745442)",1,95.06988905996808,35494
"(0.7933030177759403, 0.9524997031231444)",1,95.06980749547324,35495
"(0.9186426294655792, 0.9572437766315318)",3,95.06951519038908,35498
"(0.9294287857678706, 0.964269276237512)",1,95.06951277060313,35499
"(0.5143013281486798, 0.981251025430681)",1,95.069503865829,35500
"(0.549813159936279, 0.9529751605618932)",1,95.0691535380223,35501
"(0.8656512412692597, 0.9650450950662368)",1,95.06906586646532,35502
"(0.9459285785969274, 0.9536268754076972)",1,95.06894459752846,35503
"(0.8594436844505243, 0.9643944553313464)",2,95.06878525940832,35505
"(0.8123989898989897, 0.9622641509433963)",1,95.06872708436036,35506
"(0.6759495516512356, 0.9764666952752286)",1,95.06859838131749,35507
"(0.8587195484254307, 0.9861310021084456)",1,95.0685099932814,35508
"(0.7280701754385965, 0.9649927307623792)",1,95.0684557743398,35509
"(0.9057330122004186, 0.991206314397104)",3,95.0682454416735,35512
"(0.8340166019865393, 0.9749910873440284)",1,95.06818250488416,35513
"(0.876112115732369, 0.9537330920118182)",3,95.06810265104974,35516
"(0.8810064268049709, 0.9690968282937898)",1,95.06803396588704,35517
"(0.8598019752427347, 0.9643944553313464)",1,95.06794951923084,35518
"(0.9164187516971112, 0.9749510283096622)",1,95.06765118751797,35519
"(0.9161379295307868, 1.0)",1,95.06757180123698,35520
"(0.8763566013566013, 0.972045976510262)",1,95.06755883277458,35521
"(0.7891673497098101, 0.9824126287942077)",1,95.06715554783554,35522
"(0.8137861130877186, 0.964269276237512)",1,95.06691536377872,35523
"(0.8153895365851999, 0.9643944553313464)",1,95.0667913973734,35524
"(0.798089617146851, 0.9549988749718742)",1,95.066611504491,35525
"(0.4948385939474455, 0.974997260053776)",1,95.06657602430404,35526
"(0.9280076478086086, 0.9540153992631536)",1,95.06644557968144,35527
"(0.897953216374269, 0.9645938855657314)",3,95.06621705011965,35530
"(0.813515418166581, 0.9766918866148322)",1,95.06614089715866,35531
"(0.9540153992631536, 0.9425645194066248)",1,95.06601057451076,35532
"(0.9833229101521784, 1.0)",1,95.06579829490327,35533
"(0.9392111404005912, 0.9538331745788698)",1,95.06541208778869,35534
"(0.8173762627724085, 0.96)",1,95.0651693096748,35535
"(0.8976982097186702, 1.0)",1,95.06511303787528,35536
"(0.682074987159733, 0.9650076460904662)",1,95.06498633298573,35537
"(0.9043086298506712, 0.9474996718729491)",1,95.06488891788176,35538
"(0.9641028246291404, 0.9712822597033124)",1,95.0642899463846,35539
"(0.9428571428571428, 0.9572437766315318)",1,95.06417631671472,35540
"(0.9140194694749032, 0.964731521366774)",1,95.06402478835176,35541
"(0.7304951237809453, 0.9643944553313464)",1,95.06393550823934,35542
"(0.6865535441227247, 0.9779263059241357)",8,95.06369355647097,35550
"(0.960851077856154, 0.9501177394034536)",1,95.06359173898238,35551
"(0.9068661074437891, 0.9649991249781243)",1,95.06325777857327,35552
"(0.8887940768066828, 0.964269276237512)",1,95.06303413115155,35553
"(0.9571428571428572, 0.9497439544807966)",1,95.06294692202316,35554
"(0.9212328545548654, 0.960851077856154)",1,95.06291790115692,35555
"(0.8592657752039796, 0.972045976510262)",1,95.06289510316572,35556
"(0.8916138279602192, 0.945423506798308)",1,95.0628891920669,35557
"(0.6260123507862112, 0.9764666952752286)",1,95.06279771373087,35558
"(0.8467532467532467, 1.0)",1,95.06278769949552,35559
"(0.8949781922871377, 0.9604782992262008)",1,95.06272628499448,35560
"(0.8507755246568152, 0.9549898727213622)",1,95.06270424983208,35561
"(0.95749335833724, 0.9474444882407044)",1,95.06261334389048,35562
"(0.8843764852418178, 0.9766918866148322)",1,95.06260214532615,35563
"(0.842200034135518, 0.9397510062104916)",1,95.06246935557571,35564
"(0.812231932146279, 0.95749335833724)",1,95.06232137175763,35565
"(0.8923486152401816, 0.9574869803877438)",2,95.06229777911388,35567
"(0.9280076478086086, 0.9540153992631536)",2,95.06225981192,35569
"(0.6611718926579557, 0.972045976510262)",1,95.06208644370476,35570
"(0.9323791344788114, 0.950431439792024)",1,95.0617310720609,35571
"(0.9227792207792208, 0.9501177394034536)",1,95.06164469885438,35572
"(0.8877576671694318, 0.972045976510262)",1,95.06154352879082,35573
"(0.9165867390570612, 0.95339554031292)",1,95.06146332264164,35574
"(0.7545469576719577, 1.0)",2,95.06122284376544,35576
"(0.8756569714184869, 0.9540153992631536)",1,95.06100329585917,35577
"(0.9539272400433172, 0.9572437766315318)",1,95.06084649671465,35578
"(0.8199566964749151, 0.9779870235853187)",1,95.06081860981224,35579
"(0.95749335833724, 0.9599959995999598)",2,95.0603533061947,35581
"(0.8898894074675324, 0.960851077856154)",1,95.06034539449564,35582
"(0.8876473063973064, 0.972420634920635)",1,95.06018341700948,35583
"(0.9468391231269042, 0.9505232430050672)",3,95.06004537431625,35586
"(0.7786375661375661, 1.0)",2,95.06003608486114,35588
"(0.9645938855657314, 0.9498754528985508)",1,95.06000823303584,35589
"(0.8085259100433108, 0.9861673414304992)",1,95.059889814805,35590
"(0.7474747474747474, 0.9643944553313464)",1,95.059594166774,35591
"(0.9240041208791208, 0.9624545454545456)",1,95.05956557146096,35592
"(0.6423563565219435, 0.9692608993981562)",1,95.05940135322172,35593
"(0.9665831244778612, 1.0)",2,95.05918239344668,35595
"(0.9641028246291404, 0.9528533742496432)",1,95.05915494498426,35596
"(0.912531328320802, 0.9506883741258744)",1,95.05910445044113,35597
"(0.9599989999749994, 0.9524997031231444)",1,95.05908044730924,35598
"(0.7090909090909091, 1.0)",1,95.05901218709803,35599
"(0.8309503266362628, 0.9779263059241357)",1,95.05899103539814,35600
"(0.8932254623044097, 0.956240913452974)",1,95.05898303786152,35601
"(0.4737094237094237, 0.9861673414304992)",1,95.0587203336665,35602
"(0.922324745206372, 0.9599989999749994)",1,95.05865132388584,35603
"(0.897953216374269, 0.950608853052493)",1,95.05858992100772,35604
"(0.90903917799718, 0.9462256234379848)",1,95.05854565228064,35605
"(0.9528629190035216, 0.9289986228605154)",1,95.05849597856444,35606
"(0.94291309888229, 0.9606593486924077)",1,95.05818566553916,35607
"(0.9253213924599162, 0.9766918866148322)",1,95.05817392131468,35608
"(0.8224631915554647, 0.9538370349708868)",2,95.05817086527742,35610
"(0.727962128872139, 0.9539707149009474)",1,95.05800878792446,35611
"(0.9609357631051972, 0.9679690637004894)",1,95.05771789318372,35612
"(0.8391399552284038, 0.9529751605618932)",1,95.05766587432116,35613
"(0.8024695068301698, 0.9733100340157348)",1,95.05751301944588,35614
"(0.7801059423865424, 0.9539707149009474)",1,95.05749698222742,35615
"(0.7304951237809453, 0.9643944553313464)",1,95.05722861187913,35616
"(0.7711662053941748, 0.960572483841182)",1,95.05721982185068,35617
"(0.863869697334692, 0.9690968282937898)",1,95.05715895570232,35618
"(0.7923306301473605, 0.9643944553313464)",1,95.05695398233117,35619
"(0.9469408453036384, 0.9575913511472004)",1,95.05690850533436,35620
"(0.9335837499903572, 0.9648252575884156)",1,95.05682552570208,35621
"(0.9165867390570612, 0.9573389777809668)",2,95.05672178478424,35623
"(0.9466127311522048, 0.9780958243562125)",1,95.05655851538503,35624
"(0.874047619047619, 0.972045976510262)",1,95.05654455139872,35625
"(0.7823116219667945, 0.9861673414304992)",1,95.05636489662383,35626
"(0.9350193449813944, 0.9462256234379848)",1,95.05635012209964,35627
"(0.8551452042262022, 0.9624941397093296)",1,95.05632479223132,35628
"(0.972420634920635, 0.9722222222222222)",1,95.05579688953928,35629
"(0.97934925289764, 0.9687885885988352)",1,95.05574852017118,35630
"(0.4066370577143491, 0.9539707149009474)",2,95.0556388837067,35632
"(0.8132775534810647, 0.964269276237512)",1,95.05556378382624,35633
"(0.7440767664806348, 0.964269276237512)",1,95.05553457921246,35634
"(0.9349202773397411, 0.9499987499687492)",2,95.05553348215946,35636
"(0.5131569832583307, 1.0)",2,95.05525631722902,35638
"(0.8340799485585682, 0.9764666952752286)",1,95.05525555484896,35639
"(0.5964912280701754, 0.9692608993981562)",3,95.05518406605124,35642
"(0.8610715260301386, 0.9650076460904662)",1,95.0549767522499,35643
"(0.8672602388063438, 0.9574784734771978)",1,95.05495345673822,35644
"(0.9082051469489508, 0.9649122807017544)",1,95.05478692774209,35645
"(0.5964912280701754, 0.9736842105263158)",1,95.05454151286492,35646
"(0.9424967654430562, 0.95749335833724)",2,95.05424057216167,35648
"(0.9235929095176316, 0.9610153569597296)",1,95.0542191415109,35649
"(0.9398099650133386, 0.9832184229069656)",1,95.05418652825196,35650
"(0.8137107474568775, 0.9431186370412892)",1,95.05390307236488,35651
"(0.8929015655249481, 0.9833170413815576)",1,95.05381361770296,35652
"(0.9186426294655792, 0.9572437766315318)",1,95.05369669783217,35653
"(0.7416325017951034, 1.0)",1,95.05338446562732,35654
"(0.7709171448706333, 0.964269276237512)",1,95.05328503011324,35655
"(0.7168719671519223, 0.9736842105263158)",1,95.05319717758692,35656
"(0.7817150682100042, 0.9622641509433963)",1,95.05319574561446,35657
"(0.8411857639615443, 0.9719592578330004)",1,95.05318760093776,35658
"(0.5686274509803922, 0.9539707149009474)",1,95.05301226683171,35659
"(0.6173922423091859, 0.9643944553313464)",1,95.0529106890926,35660
"(0.3939892055021426, 0.9705986127111776)",1,95.05264237477935,35661
"(0.8131627957608075, 0.964269276237512)",1,95.0524788813197,35662
"(0.9622634791942192, 0.9792521035784794)",1,95.05241151946731,35663
"(0.8066487122350412, 0.9529751605618932)",1,95.0522019456984,35664
"(0.9148957472904308, 0.9549718574108818)",1,95.05190220134436,35665
"(0.7002802588629665, 0.9650076460904662)",1,95.0518964707062,35666
"(0.8480357142857143, 0.9610899532226684)",1,95.05188734325668,35667
"(0.8317601729721721, 0.964731521366774)",3,95.05173214688782,35670
"(0.9715593185206444, 0.9572437766315318)",1,95.0517291910458,35671
"(0.8970129352925051, 0.9664411395056556)",2,95.05166284267398,35673
"(0.8796475392220073, 1.0)",1,95.05161865900382,35674
"(0.9333333333333332, 1.0)",1,95.05158558197982,35675
"(0.8580559516200404, 0.9538370349708868)",1,95.05125730828128,35676
"(0.9283935041407868, 0.950431439792024)",1,95.05108518570827,35677
"(0.946730586052542, 0.9505232430050672)",1,95.05099618019491,35678
"(0.7976968565203859, 0.9524854486686548)",1,95.05074181042374,35679
"(0.9566795633209296, 0.9712822597033124)",3,95.05058484069392,35682
"(0.843845350684385, 0.960851077856154)",3,95.0505841435951,35685
"(0.940074233084456, 0.9501177394034536)",1,95.0505331033906,35686
"(0.7799940723482249, 0.9690968282937898)",3,95.05048704008313,35689
"(0.7994987468671678, 1.0)",1,95.05031126779976,35690
"(0.3779476270528901, 0.9709439957058064)",1,95.05024799247175,35691
"(0.9394971203231468, 0.9645938855657314)",2,95.0502269979163,35693
"(0.7545918011034292, 0.9767441860465116)",1,95.05014094532478,35694
"(0.9146779555619334, 0.9609357631051972)",1,95.05011203346427,35695
"(0.8353823801019199, 0.9535144014828052)",1,95.05003409834744,35696
"(0.9643944553313464, 0.9764666952752286)",1,95.049860214198,35697
"(0.8158879904162925, 0.9861673414304992)",2,95.0496176337566,35699
"(0.9429917021753756, 0.9575126626788776)",1,95.04953374696096,35700
"(0.8898894074675324, 0.9469408453036384)",1,95.0493457373321,35701
"(0.8708656432979902, 0.95749335833724)",1,95.04929924881212,35702
"(0.855702280912365, 0.9646471322611444)",1,95.04916156303538,35703
"(0.922324745206372, 0.9599989999749994)",1,95.04901522549564,35704
"(0.7933030177759403, 0.9549988749718742)",1,95.0489519622387,35705
"(0.7608215527547845, 0.964731521366774)",1,95.04869118184747,35706
"(0.957036102484472, 0.9574285714285714)",1,95.04863717265891,35707
"(0.9501177394034536, 0.9505232430050672)",3,95.04855445018954,35710
"(0.8981617499852146, 0.9560315719855194)",3,95.0484100394566,35713
"(0.8525073746312686, 0.9574784734771978)",2,95.04840535115686,35715
"(0.9532701550221768, 0.9536268754076972)",1,95.04838146487008,35716
"(0.9069410647702764, 0.9424996406227538)",1,95.04836123017962,35717
"(0.93600846667145, 0.9610153569597296)",1,95.048177222824,35718
"(0.7635561160151323, 0.944998624965624)",2,95.0481509279706,35720
"(0.8750020493421985, 0.960267350663444)",1,95.04807600875348,35721
"(0.9153439153439156, 0.9833229101521784)",1,95.0478767848168,35722
"(0.6458122469635628, 0.9648252575884156)",1,95.04765584212474,35723
"(0.8873352247505452, 0.964731521366774)",1,95.04758797021208,35724
"(0.6500643039705666, 0.9779263059241357)",8,95.04756490470706,35732
"(0.7933030177759403, 0.9524925769651508)",1,95.04748353664846,35733
"(0.6392731808632544, 0.9622641509433963)",1,95.04748334591156,35734
"(0.9350193449813944, 0.9428571428571428)",1,95.0469923244153,35735
"(0.8860074211502783, 0.9538331745788698)",1,95.04689212778138,35736
"(0.8090204369274137, 0.9764666952752286)",1,95.0467635987646,35737
"(0.8124923632552741, 0.9722222222222222)",1,95.0465493839978,35738
"(0.826388888888889, 1.0)",1,95.04643388326744,35739
"(0.8715701474388204, 0.972045976510262)",1,95.0463136636668,35740
"(0.9160264866799612, 0.972045976510262)",1,95.04603239996584,35741
"(0.9186426294655792, 0.9572437766315318)",1,95.0459039018082,35742
"(0.8968435471383478, 0.9539272400433172)",1,95.04584561597471,35743
"(0.8967778972053937, 0.9764666952752286)",1,95.04555932736508,35744
"(0.9331094582012576, 1.0)",1,95.04545930301254,35745
"(0.8525073746312686, 0.95749335833724)",1,95.04545905123302,35746
"(0.9574285714285714, 0.9536268754076972)",1,95.0453425131958,35747
"(0.8547143556631046, 0.9604782992262008)",3,95.04526079363733,35750
"(0.7923306301473605, 0.9650450950662368)",1,95.0451938048597,35751
"(0.9540153992631536, 0.9572437766315318)",1,95.045180702361,35752
"(0.8885908209437621, 0.9537330920118182)",1,95.04513023260614,35753
"(0.9198203842940684, 0.9536268754076972)",1,95.04488440873408,35754
"(0.7935498742420971, 0.9512947499929286)",3,95.04486255394993,35757
"(0.8449106413122807, 0.964269276237512)",2,95.04460460761165,35759
"(0.9096837488457986, 0.9560315719855194)",1,95.04454894723877,35760
"(0.4768807437940118, 0.9749999771730772)",1,95.04453702837166,35761
"(0.8137861130877186, 0.964269276237512)",1,95.04446419117345,35762
"(0.7612209453612427, 0.964269276237512)",1,95.0443974418564,35763
"(0.775671600877193, 0.9601502499942144)",1,95.04432475896122,35764
"(0.843845350684385, 0.9501177394034536)",1,95.04413986179776,35765
"(0.912531328320802, 0.950608853052493)",1,95.04408110527496,35766
"(0.9227792207792208, 0.9607612022680516)",2,95.04354807563304,35768
"(0.8395301149279116, 0.951892755797645)",1,95.04352322007416,35769
"(0.902192297684101, 0.9861310021084456)",1,95.0435110800952,35770
"(0.8868677229932935, 0.9780434995701116)",1,95.0430601806774,35771
"(0.9122507070492478, 0.9749656593406592)",1,95.04283240860758,35772
"(0.9449325423643964, 0.9499687304565354)",1,95.04262685999882,35773
"(0.826804915514593, 0.9498754528985508)",1,95.04240957051002,35774
"(0.343096079834135, 0.9756692762217622)",1,95.04226977762204,35775
"(0.7604228876645498, 0.9495014245014244)",1,95.04202777377604,35776
"(0.8941425546930134, 0.9549988749718742)",1,95.04201516062196,35777
"(0.9287396277192196, 0.9607612022680516)",1,95.04200787453392,35778
"(0.3729832026666541, 0.972625594294671)",4,95.04197714153796,35782
"(0.7907680396814234, 0.9729726028012524)",1,95.04192954110056,35783
"(0.7525252525252526, 0.954995499549955)",2,95.04191479548278,35785
"(0.4255117986159442, 0.9650450950662368)",1,95.04159519851392,35786
"(0.774892691053337, 0.9516956990542454)",1,95.04128120589154,35787
"(0.9363870267208008, 0.9540153992631536)",3,95.04113211457982,35790
"(0.8592657752039796, 0.972045976510262)",1,95.04100530322172,35791
"(0.5019450111046807, 0.9736439310498872)",1,95.04098575904004,35792
"(0.6260123507862112, 0.9766918866148322)",2,95.04097264912008,35794
"(0.9584987529902784, 1.0)",1,95.04095069430998,35795
"(0.8498641779745659, 0.9549988749718742)",1,95.0409099898118,35796
"(0.8652443837747164, 0.9646309224447688)",1,95.04073866959922,35797
"(0.8224631915554647, 0.9416450721400784)",1,95.0406376930358,35798
"(0.8352271364897016, 0.964269276237512)",1,95.0406348992189,35799
"(0.8137107474568775, 0.9572437766315318)",3,95.04062716295142,35802
"(0.9323791344788114, 0.950431439792024)",1,95.04039312522826,35803
"(0.9388917411828462, 0.9607612022680516)",1,95.04030037458362,35804
"(0.9017715617715616, 0.9861673414304992)",1,95.04009727432904,35805
"(0.9283935041407868, 0.9645938855657314)",1,95.0400699634708,35806
"(0.8313174792337382, 0.9559144017084672)",1,95.03982676029088,35807
"(0.8879608405415911, 0.9630499959484644)",1,95.0396460189464,35808
"(0.8845244231527244, 0.9538370349708868)",1,95.0395833481748,35809
"(0.9610899532226684, 0.9645238095238096)",1,95.03941520432384,35810
"(0.7796429467887724, 0.9767441860465116)",1,95.03929355465752,35811
"(0.8152898027898028, 0.9861673414304992)",4,95.03916510303864,35815
"(0.9272156862745098, 0.9474917955930616)",1,95.03873155186668,35816
"(0.8691891027106093, 0.9573389777809668)",1,95.0387260807099,35817
"(0.9641028246291404, 0.9676485688615069)",4,95.0386392091106,35821
"(0.8686559598432304, 0.9538370349708868)",1,95.03855539588768,35822
"(0.8584175084175085, 0.9861673414304992)",1,95.03849603088771,35823
"(0.8933617810760668, 0.9539272400433172)",1,95.03837587115407,35824
"(0.9377148530109056, 0.991206314397104)",1,95.03818223926856,35825
"(0.9299160159815896, 1.0)",1,95.03815591877051,35826
"(0.7786375661375661, 1.0)",1,95.0381510895662,35827
"(0.846098299557419, 0.972420634920635)",1,95.0376565389629,35828
"(0.6324614334795292, 0.9767441860465116)",1,95.0376450301154,35829
"(0.8353823801019199, 0.9644491481508056)",1,95.03763335560342,35830
"(0.6458122469635628, 0.9779870235853187)",4,95.03747933012438,35834
"(0.656307097369308, 0.9764666952752286)",1,95.03742482403268,35835
"(0.8814591883264935, 0.9643944553313464)",1,95.0373248623382,35836
"(0.917283950617284, 0.972420634920635)",1,95.03730408960388,35837
"(0.6809855026116619, 0.9749910873440284)",1,95.037111973868,35838
"(0.7578328648096089, 0.9764666952752286)",1,95.03710377893417,35839
"(0.7923306301473605, 0.9643944553313464)",1,95.03703870726066,35840
"(0.9348222545262322, 0.9607612022680516)",1,95.03699693594004,35841
"(0.6020449077786688, 0.9764666952752286)",1,95.036983540664,35842
"(0.6981216457960644, 0.9529751605618932)",1,95.03697031987444,35843
"(0.583006022518984, 0.9736842105263158)",1,95.03695512537372,35844
"(0.893146638589877, 1.0)",1,95.03617122586672,35845
"(0.903907191101469, 0.9503333333333333)",1,95.03603795929696,35846
"(0.8968435471383478, 0.9433502169051704)",1,95.0359430221394,35847
"(0.9399759903961584, 0.9499799919967988)",1,95.03592754155493,35848
"(0.8734924499861754, 0.9691818330194464)",1,95.0356653086471,35849
"(0.8730304179305696, 0.9539707149009474)",1,95.03556407857695,35850
"(0.9549718574108818, 0.9524640509385224)",1,95.03540141869946,35851
"(0.8876281048778143, 0.967895529128406)",1,95.03540044096758,35852
"(0.8318290279074593, 0.9861673414304992)",1,95.03536058158105,35853
"(0.9238400660955778, 0.9540153992631536)",1,95.03531376104164,35854
"(0.9494594905410846, 0.9572437766315318)",1,95.0353043213408,35855
"(0.7976364522417154, 0.960267350663444)",1,95.03530182875048,35856
"(0.9498754528985508, 0.960851077856154)",2,95.03526004786193,35858
"(0.811951754385965, 0.964731521366774)",1,95.03514872505848,35859
"(0.931093393134094, 0.9536268754076972)",1,95.0351294693441,35860
"(0.8623077787842691, 0.9575126626788776)",3,95.03503384174913,35863
"(0.9425645194066248, 0.9535144014828052)",1,95.03495248882918,35864
"(0.8978420627840789, 0.9646309224447688)",1,95.03474425054044,35865
"(0.9161379295307868, 1.0)",2,95.03469715987308,35867
"(0.5990872838163477, 0.9624978905063408)",1,95.03444599570744,35868
"(0.4327102149190147, 0.9746573800466766)",1,95.03428763850656,35869
"(0.549813159936279, 0.9650450950662368)",1,95.03413480938268,35870
"(0.8734313112361893, 0.9722222222222222)",1,95.03403122403223,35871
"(0.9310483384791604, 0.972420634920635)",1,95.03399714105706,35872
"(0.812231932146279, 0.9524973279746984)",1,95.03396279462268,35873
"(0.8760238095238095, 0.9834399497824544)",1,95.03387567948884,35874
"(0.8715701474388204, 0.972045976510262)",1,95.03371896791614,35875
"(0.9068661074437891, 0.9549819927971188)",1,95.03371318939902,35876
"(0.6862254025044723, 0.9656673832323628)",1,95.033540015788,35877
"(0.5964912280701754, 0.9648252575884156)",1,95.03353308638025,35878
"(0.9549988749718742, 0.9474996718729491)",1,95.03343121131007,35879
"(0.7280701754385965, 0.9824126287942077)",1,95.03322917521815,35880
"(0.8478418336329888, 0.964523301198322)",1,95.0329567066606,35881
"(0.8353823801019199, 0.960851077856154)",1,95.0329495050687,35882
"(0.8326352665776878, 0.9572437766315318)",1,95.03294147669288,35883
"(0.912531328320802, 0.9539272400433172)",1,95.0328256597812,35884
"(0.8449106413122807, 0.964269276237512)",1,95.03270099598276,35885
"(0.8569370609099162, 0.9722949952779912)",2,95.03261837790922,35887
"(0.9253777472527472, 0.9749656593406592)",1,95.03254873263006,35888
"(0.8306479779411763, 0.9749910873440284)",1,95.0324646728332,35889
"(0.9297812306740878, 1.0)",1,95.03244800641512,35890
"(0.582531911173282, 0.9690968282937898)",1,95.0324202111856,35891
"(0.9137091172501388, 0.9495014245014244)",1,95.03206121808736,35892
"(0.9498754528985508, 0.9680383516315252)",1,95.03166623141507,35893
"(0.9432380952380952, 0.9574285714285714)",1,95.03163165694008,35894
"(0.9348370927318296, 0.9624885121068328)",1,95.03149875575168,35895
"(0.6840391909724373, 0.9691818330194464)",1,95.03143565190464,35896
"(0.9394971203231468, 0.9503333333333333)",1,95.03125566929184,35897
"(0.8920790698579406, 0.9574285714285714)",1,95.03108476487128,35898
"(0.9499687304565352, 0.9833229101521784)",1,95.03108220450912,35899
"(0.8920944650062507, 0.9538370349708868)",1,95.03100845262765,35900
"(0.826388888888889, 0.9833229101521784)",1,95.03093110402948,35901
"(0.8148308968977662, 0.9861673414304992)",1,95.03088725350366,35902
"(0.8848365568890763, 0.9643944553313464)",1,95.03070254996564,35903
"(0.8003236732894304, 0.9463627709416984)",1,95.03015357322174,35904
"(0.8888709036742801, 0.9749910873440284)",1,95.02995242464236,35905
"(0.7458851447555765, 0.9764666952752286)",1,95.02970847834088,35906
"(0.746671365914787, 0.9691818330194464)",2,95.02964903949533,35908
"(0.939055706563049, 0.9572437766315318)",1,95.02932702025414,35909
"(0.6260123507862112, 0.9650076460904662)",2,95.02928840859572,35911
"(0.917955241105926, 0.9501177394034536)",1,95.02914307144452,35912
"(0.583006022518984, 0.9736842105263158)",1,95.0289380816722,35913
"(0.8044914258149553, 0.9583930063253372)",1,95.02893664139069,35914
"(0.8872085807165035, 0.9505232430050672)",1,95.02858496364394,35915
"(0.9871616776282092, 0.9874877810361682)",1,95.02850385426994,35916
"(0.8688607891739799, 0.9622641509433963)",1,95.02842957137176,35917
"(0.9332172991312776, 0.9708548714257672)",1,95.0282986582244,35918
"(0.8178923727890101, 0.9648252575884156)",1,95.02829835364705,35919
"(0.5297912526658138, 0.9736189431913116)",2,95.02811516367989,35921
"(0.9388917411828462, 0.960851077856154)",1,95.02798854763488,35922
"(0.846098299557419, 0.972252530763169)",1,95.02769403168514,35923
"(0.6003561059603759, 0.9650076460904662)",1,95.02765149273458,35924
"(0.7157872157872157, 0.9524997031231444)",1,95.02761727614435,35925
"(0.7050663794439956, 0.940930997520722)",1,95.02753295774798,35926
"(0.8417410714285716, 0.9749656593406592)",4,95.02750996849124,35930
"(0.9833229101521784, 1.0)",1,95.02747605708642,35931
"(0.8307565789473685, 0.9559144017084672)",1,95.02731104031808,35932
"(0.4904033495004767, 0.9650076460904662)",1,95.02720073926048,35933
"(0.9832925076188832, 0.9583564934608578)",1,95.0270223194349,35934
"(0.9427148033126296, 0.961159640771458)",1,95.0270201899322,35935
"(0.8449106413122807, 0.964269276237512)",1,95.0269178773936,35936
"(0.8044914258149553, 0.972281746031746)",1,95.02646333334786,35937
"(0.8972301136363636, 0.9539272400433172)",1,95.02628862431312,35938
"(0.8108021513875538, 0.9779870235853187)",3,95.02607041673076,35941
"(0.8883678678403513, 0.9861673414304992)",1,95.02602962241754,35942
"(0.8349489264123411, 1.0)",1,95.02586154722655,35943
"(0.7330714411623984, 0.9549988749718742)",1,95.0258293435004,35944
"(0.9007161410018553, 0.9680383516315252)",1,95.02572283071468,35945
"(0.7611229730509549, 0.9539707149009474)",1,95.02556252533924,35946
"(0.9282083232965586, 0.975479255167798)",1,95.02550898123772,35947
"(0.9326628892940788, 0.9610153569597296)",6,95.02506733779929,35953
"(0.81893131227901, 1.0)",1,95.02505239701075,35954
"(0.9030683555945836, 0.9682429532768516)",4,95.02499034339527,35958
"(0.8955173107890498, 0.9622598627787308)",1,95.02492090776968,35959
"(0.861952861952862, 0.9861310021084456)",1,95.02480807115931,35960
"(0.9680383516315252, 0.9610899532226684)",1,95.02453792001006,35961
"(0.7027263407347917, 0.9779263059241357)",1,95.02452366887924,35962
"(0.8569579686922223, 0.9648252575884156)",1,95.02446819418384,35963
"(0.8513842746400886, 0.9650450950662368)",1,95.02421427006377,35964
"(0.861111111111111, 1.0)",1,95.02417720652406,35965
"(0.9958292603453894, 0.9958292603453894)",4,95.02400975624268,35969
"(0.4901583010700104, 0.9763513297583164)",1,95.02389638300323,35970
"(0.94291309888229, 0.969334154098697)",1,95.02374274680624,35971
"(0.8340666247642992, 0.954995499549955)",1,95.0237079774187,35972
"(0.9539272400433172, 0.960851077856154)",1,95.0234708394766,35973
"(0.9166145507608924, 1.0)",1,95.02336205891392,35974
"(0.7708232538005143, 0.9549819927971188)",1,95.0233309682105,35975
"(0.8411857639615443, 0.9780401821284612)",2,95.02316330372804,35977
"(0.8267756716773511, 0.9691818330194464)",1,95.02314126073296,35978
"(0.9161952650324744, 0.9665831244778612)",1,95.02312501353414,35979
"(0.90903917799718, 0.9572437766315318)",1,95.02301559002956,35980
"(0.7453091184935634, 0.9690968282937898)",1,95.02296920871336,35981
"(0.8688607891739799, 0.9495014245014244)",1,95.022803992038,35982
"(0.9424967654430562, 0.95749335833724)",2,95.02270722314434,35984
"(0.7472307467415887, 0.9529751605618932)",1,95.02234719935169,35985
"(0.8948142000428356, 0.962470105966915)",2,95.02228383038288,35987
"(0.614501096491228, 0.9691818330194464)",1,95.02219774047002,35988
"(0.8085259100433108, 0.9861673414304992)",2,95.0221548623629,35990
"(0.9331531133914452, 0.9646309224447688)",1,95.02214573185896,35991
"(0.8326352665776878, 0.9537330920118182)",3,95.02205281714052,35994
"(0.9350193449813944, 0.9573389777809668)",1,95.02197636080332,35995
"(0.944911858974359, 0.9549898727213622)",2,95.02191463272594,35997
"(0.7415118167849071, 0.9389852472089316)",1,95.02166570689248,35998
"(0.7800511508951407, 0.9574784734771978)",1,95.02165519274249,35999
"(0.852, 0.9749910873440284)",1,95.02162526028933,36000
"(0.9272156862745098, 0.9399864969618164)",1,95.02130059972212,36001
"(0.9599749843652282, 0.9549988749718742)",2,95.0210922959991,36003
"(0.4127533358159737, 0.9776982728954564)",1,95.02095460243558,36004
"(0.8723247367948496, 0.9516956990542454)",3,95.02087511110264,36007
"(0.9202657807308968, 0.9539707149009474)",1,95.02056239838755,36008
"(0.8191170968948748, 0.9690968282937898)",1,95.02003280829756,36009
"(0.8056354979267693, 0.9861310021084456)",1,95.0198694091962,36010
"(0.8805377184744008, 0.9958292603453894)",2,95.01986542769428,36012
"(0.9603476243044132, 0.9501177394034536)",1,95.01980653399274,36013
"(0.620130835563485, 0.9824126287942077)",1,95.01977885436644,36014
"(0.9142857142857144, 0.9540153992631536)",5,95.01973733544268,36019
"(0.6936817460684196, 0.964731521366774)",2,95.01959899464948,36021
"(0.9160323884095494, 0.960851077856154)",1,95.01940611064192,36022
"(0.9043086298506712, 0.9524925769651508)",1,95.01936911101552,36023
"(0.8825487012987013, 0.9433502169051704)",1,95.01920358375146,36024
"(0.8292352872388802, 0.9702674197397976)",1,95.0189419802954,36025
"(0.7615072500907597, 0.9764666952752286)",1,95.0189349572638,36026
"(0.833630878109023, 0.95749335833724)",1,95.01888038906284,36027
"(1.0, 1.0)",1,95.01885870575605,36028
"(0.8876281048778143, 0.9607612022680516)",1,95.01821049146064,36029
"(0.9098759089802734, 0.9746527897571542)",1,95.01817629075585,36030
"(0.9388917411828462, 0.9540153992631536)",1,95.01816006643683,36031
"(0.9665831244778612, 1.0)",2,95.01812909198696,36033
"(0.8248508603719991, 0.9610153569597296)",1,95.0180346217688,36034
"(0.8153895365851999, 0.9643944553313464)",1,95.01792914487814,36035
"(0.8103667838961957, 0.9572437766315318)",1,95.0176296485564,36036
"(0.4779320987654321, 0.9861310021084456)",1,95.01757668486654,36037
"(0.931093393134094, 0.9536268754076972)",2,95.01742269580669,36039
"(0.6003561059603759, 0.9538370349708868)",1,95.0173229303395,36040
"(0.9186426294655792, 0.9643698138596096)",1,95.01718125432548,36041
"(0.926397848615755, 0.9649927307623792)",1,95.017004057463,36042
"(0.8806608357628766, 0.950431439792024)",1,95.01694512368492,36043
"(0.8248508603719991, 0.9536268754076972)",1,95.0168356475624,36044
"(0.9085605849871624, 0.9779870235853187)",4,95.01681806271912,36048
"(0.9441792447111594, 1.0)",1,95.01679547350976,36049
"(0.9160323884095494, 0.9572437766315318)",1,95.0167478787464,36050
"(0.8474214220323468, 0.95749335833724)",2,95.01614846844208,36052
"(0.7923306301473605, 0.9643944553313464)",2,95.01600899306683,36054
"(0.8449106413122807, 0.964269276237512)",1,95.0159553099444,36055
"(0.8676532769556025, 0.9764666952752286)",1,95.01589431919987,36056
"(0.8975764647467728, 0.9749656593406592)",1,95.01574126861662,36057
"(0.9348222545262322, 0.9571428571428572)",1,95.0154404851198,36058
"(0.9073492428586464, 0.9712822597033124)",1,95.0152315910589,36059
"(0.899240792038576, 0.9473684210526316)",1,95.01490928836309,36060
"(0.826388888888889, 1.0)",1,95.01488948498732,36061
"(0.8997493734335841, 1.0)",1,95.01429351433283,36062
"(0.9283935041407868, 0.9575913511472004)",3,95.01427072596286,36065
"(0.7932043650793651, 0.9536268754076972)",1,95.01412840898831,36066
"(0.8872085807165035, 0.9540153992631536)",1,95.01388575310264,36067
"(0.8123989898989897, 0.9495014245014244)",1,95.0138609678894,36068
"(0.9388917411828462, 0.9572437766315318)",1,95.01371591237238,36069
"(0.911911525974026, 0.9505232430050672)",1,95.0135512404569,36070
"(0.8685314685314685, 0.9764666952752286)",1,95.01345219902908,36071
"(0.779286067193676, 0.9749910873440284)",2,95.0134397316424,36073
"(0.7930780217019975, 0.9734731918335766)",1,95.01326835205992,36074
"(0.9068759224041408, 0.9832184229069656)",1,95.012988729886,36075
"(0.9165867390570612, 0.9540153992631536)",1,95.0129455568351,36076
"(0.5222179798681013, 0.9539707149009474)",1,95.01292882431008,36077
"(0.8593554593554595, 0.9861673414304992)",1,95.01278747322914,36078
"(0.9428571428571428, 0.9569233895549684)",1,95.01255512171012,36079
"(0.6425819672131148, 0.9749910873440284)",1,95.012502663364,36080
"(0.8420013166556946, 0.9833229101521784)",1,95.01248420829693,36081
"(0.9571428571428572, 0.9574285714285714)",1,95.01230457121552,36082
"(0.9198203842940684, 0.9501177394034536)",1,95.01227864551365,36083
"(0.8492240300928687, 0.960376642453574)",6,95.0120539183114,36089
"(0.8766640111271459, 0.9571428571428572)",2,95.0120013905828,36091
"(0.8229870141950848, 0.972420634920635)",1,95.01187023882724,36092
"(0.6907243513029603, 1.0)",2,95.01177489307682,36094
"(0.95749335833724, 0.95749335833724)",2,95.01171433056136,36096
"(0.6333118819585527, 0.9290155136514268)",1,95.01153919396776,36097
"(0.8774072892625049, 0.9574784734771978)",1,95.01119411122951,36098
"(0.8810064268049709, 0.9692608993981562)",1,95.01114006673356,36099
"(0.775671600877193, 0.960267350663444)",5,95.01113077707086,36104
"(0.8580559516200404, 0.9764666952752286)",1,95.0109648591401,36105
"(0.9499887474681804, 0.9549988749718742)",3,95.01088062637872,36108
"(0.8899966931216932, 0.9861310021084456)",1,95.01086034131114,36109
"(0.789994229453279, 0.972420634920635)",1,95.01084624875226,36110
"(0.9275802828069248, 0.950431439792024)",3,95.01080999231276,36113
"(0.9628689175769612, 0.9749910873440284)",1,95.01047322355318,36114
"(0.9549718574108818, 0.9549898727213622)",4,95.01046849444302,36118
"(0.9610899532226684, 0.9462256234379848)",2,95.01038324278144,36120
"(0.798857609139127, 0.9764666952752286)",1,95.01036854237964,36121
"(0.756001848808409, 0.972972281976928)",1,95.01016468439892,36122
"(0.9204195755007296, 0.9512947499929286)",1,95.01011123447708,36123
"(0.7943622269203664, 0.9764666952752286)",2,95.00999419428894,36125
"(0.6969051878354204, 0.9764666952752286)",1,95.00998054895564,36126
"(0.9314912029239976, 0.9764666952752286)",1,95.0099073532499,36127
"(0.8194074731341813, 0.9861673414304992)",1,95.00985892355904,36128
"(0.9502288074111276, 0.960851077856154)",1,95.00960703053346,36129
"(0.8449106413122807, 0.9528125324922884)",1,95.0094919276955,36130
"(0.9348222545262322, 0.9681034738761426)",2,95.00930151317388,36132
"(0.8868677229932935, 0.964731521366774)",3,95.009116258527,36135
"(0.6658312447786132, 0.9524640509385224)",1,95.0088393433443,36136
"(0.9532701550221768, 0.9537330920118182)",1,95.0085654962014,36137
"(0.682074987159733, 0.9764666952752286)",1,95.00841982511312,36138
"(0.8645256232686982, 0.9560315719855194)",1,95.00830698940597,36139
"(0.8313174792337382, 0.9779263059241357)",8,95.0082451236175,36147
"(0.9146901709401708, 0.972281746031746)",1,95.00819663884624,36148
"(0.970532030342277, 0.9915151515151516)",1,95.00789715954872,36149
"(0.3592666181139386, 0.9650450950662368)",1,95.00787035222656,36150
"(0.9262130464282252, 0.9824126287942077)",1,95.00777462208268,36151
"(0.8796475392220073, 1.0)",1,95.00777314013597,36152
"(0.8970129352925051, 0.9704120383785696)",1,95.00767165561808,36153
"(0.7124941087515932, 0.9719592578330004)",1,95.00754136436127,36154
"(0.8695762175838077, 0.9289986228605154)",6,95.00735330752752,36160
"(0.8300062200350368, 0.964269276237512)",1,95.00734050626004,36161
"(0.8596618357487924, 0.972045976510262)",1,95.00727724367854,36162
"(0.7923306301473605, 0.9643944553313464)",1,95.00694041637072,36163
"(0.4468328406505846, 0.9861673414304992)",1,95.00692598913318,36164
"(0.8746747225950852, 0.9519169817351648)",1,95.00688133159508,36165
"(0.8013184398461819, 0.9764666952752286)",1,95.006857407261,36166
"(0.8694846606452272, 0.9690968282937898)",1,95.0067995534276,36167
"(0.7971433156796661, 0.9524854486686548)",1,95.0067393361345,36168
"(0.8887940768066828, 0.964269276237512)",1,95.00642995406923,36169
"(0.9301209372637944, 0.9861310021084456)",1,95.00623991075123,36170
"(0.8402876991030895, 0.9767441860465116)",1,95.00604628968692,36171
"(0.8703996834190741, 0.956140350877193)",1,95.0060050369,36172
"(0.8920790698579406, 0.9540153992631536)",4,95.0059608790474,36176
"(0.9240756756756756, 0.960851077856154)",1,95.00585602655453,36177
"(0.9350193449813944, 0.9539272400433172)",1,95.00578529096468,36178
"(0.852417321342681, 0.9518108135836668)",1,95.00566404583806,36179
"(0.9156086605607608, 0.9516956990542454)",3,95.00558216861069,36182
"(0.9041196741854636, 0.9604782992262008)",1,95.00540976349096,36183
"(0.8420013166556946, 1.0)",1,95.00529109986346,36184
"(0.7103786816269286, 0.969334154098697)",2,95.00528269647997,36186
"(0.8297320821606234, 0.9599989999749994)",1,95.00522006344312,36187
"(0.841184456569072, 0.9549898727213622)",4,95.00505831906364,36191
"(0.9599959995999598, 0.9524997031231444)",2,95.0050411889696,36193
"(0.9068661074437891, 0.9624978905063408)",1,95.00495503393572,36194
"(0.9283935041407868, 0.9610899532226684)",2,95.00490813879856,36196
"(0.4255117986159442, 0.9767441860465116)",1,95.00486050773286,36197
"(0.9377148530109056, 0.9601502499942144)",1,95.00444089860252,36198
"(0.863519546228977, 0.9556541264979026)",1,95.00444012008704,36199
"(0.9012059369202228, 0.9619736581501288)",1,95.00432871640766,36200
"(0.9372650231764934, 0.9748524098350704)",1,95.00418112798002,36201
"(0.8837179908491115, 0.944911858974359)",1,95.00402721126235,36202
"(0.7837606837606838, 0.972045976510262)",1,95.00398717503587,36203
"(0.8166003784222112, 0.960572483841182)",1,95.0037273858875,36204
"(0.8964397027091824, 0.9680383516315252)",1,95.00369844614224,36205
"(0.9373666512059368, 0.9622598627787308)",1,95.0035913934524,36206
"(0.9093334120185448, 0.9610899532226684)",3,95.0035206210511,36209
"(0.9369891588710956, 0.9749910873440284)",1,95.00349240529228,36210
"(0.8360544217687076, 0.9470972820501607)",2,95.0032946280379,36212
"(0.8758315541941273, 0.9601502499942144)",1,95.00322039073365,36213
"(0.9415317925801796, 0.9445099944386872)",1,95.0030969232964,36214
"(0.9469408453036384, 0.9468391231269042)",2,95.0029208765023,36216
"(0.9388917411828462, 0.9716751084525852)",1,95.00283968874568,36217
"(0.7868967488760102, 0.9574784734771978)",2,95.00266795179822,36219
"(0.8336541614598565, 0.9610899532226684)",3,95.00264001647876,36222
"(0.9610153569597296, 0.9572437766315318)",1,95.00258795311017,36223
"(0.9140194694749032, 0.9604782992262008)",1,95.00234628134228,36224
"(0.8455917807202996, 0.9764666952752286)",1,95.00227873627934,36225
"(0.8860455063826657, 0.9861673414304992)",1,95.00223594010338,36226
"(0.7856964763329513, 0.9861673414304992)",1,95.00221316213262,36227
"(0.9282083232965586, 0.9958292603453894)",1,95.00216186836924,36228
"(0.88164537452478, 0.9573389777809668)",1,95.00205667871175,36229
"(0.8899966931216932, 0.9861310021084456)",2,95.00201616353212,36231
"(0.8947046219773493, 0.9396371070789676)",2,95.00185761402729,36233
"(0.3714297821849309, 0.9734731918335766)",1,95.00175191292531,36234
"(0.7923306301473605, 0.9643944553313464)",2,95.00174313357984,36236
"(0.911577306111922, 0.9690968282937898)",4,95.0016250261248,36240
"(0.8171936889795594, 0.9557886530559612)",1,95.0016174579298,36241
"(0.6475488115449914, 0.9690968282937898)",1,95.00149270817354,36242
"(0.9082051469489508, 0.9516956990542454)",1,95.00120844622296,36243
"(0.838301471154743, 0.9722222222222222)",2,95.00113777297663,36245
"(0.8091777408637875, 0.9539707149009474)",1,95.00097502607338,36246
"(0.9259740526337398, 0.9712822597033124)",1,95.00082414955313,36247
"(0.7583018074821354, 0.9524640509385224)",1,95.00037614162562,36248
"(0.8975998588152243, 0.9539272400433172)",1,95.00035733535668,36249
"(0.9499887474681804, 0.945)",1,95.0002736064815,36250
"(0.3585802401859823, 0.9706063197492912)",1,94.99963318560144,36251
"(0.4513662280005281, 0.976347981804149)",1,94.9995159400438,36252
"(0.8724354204315935, 0.9524973279746984)",1,94.99948496629956,36253
"(0.6746336326928433, 0.9690968282937898)",1,94.99939139614403,36254
"(0.9459285785969274, 0.9537330920118182)",1,94.9993070001902,36255
"(0.7796371070789676, 0.9650450950662368)",1,94.999254200339,36256
"(0.8996664258511047, 0.9736189431913116)",1,94.9992076916708,36257
"(0.9538331745788698, 0.9536268754076972)",1,94.99915264059672,36258
"(0.9301334774941756, 0.9779870235853187)",3,94.9990124346264,36261
"(0.8777335856148074, 0.9692608993981562)",1,94.99892764287982,36262
"(0.8498641779745659, 0.9599989999749994)",1,94.99892596890116,36263
"(0.8458807849973786, 0.9524925769651508)",1,94.99891755286204,36264
"(0.8352271364897016, 0.964269276237512)",2,94.99859340071217,36266
"(0.8131546784916719, 0.95749335833724)",2,94.99849498362046,36268
"(0.9471243233098142, 0.9462256234379848)",2,94.99818209373146,36270
"(0.9240041208791208, 0.9749910873440284)",1,94.99805898819572,36271
"(0.8662655059929975, 0.9604782992262008)",1,94.99804262573022,36272
"(0.8449106413122807, 0.964269276237512)",1,94.99803518395028,36273
"(0.8829656107481818, 0.9604782992262008)",2,94.9979608376697,36275
"(0.9153439153439156, 0.9833229101521784)",1,94.99787251547566,36276
"(0.9462256234379848, 0.960851077856154)",4,94.99757459622992,36280
"(0.8517690928240017, 0.9643944553313464)",2,94.9973502008213,36282
"(0.2955962541488857, 0.9646309224447688)",1,94.99731963385568,36283
"(0.7049247335867055, 0.9495014245014244)",1,94.99730185686896,36284
"(0.8729557812660307, 0.951437873033098)",1,94.99723782628836,36285
"(0.7042648709315374, 1.0)",1,94.9971168010866,36286
"(0.4009542951846135, 0.9706025608541448)",1,94.99698482659046,36287
"(0.6730510127402202, 0.9477016404647984)",1,94.99689002333383,36288
"(0.8968435471383478, 0.9610153569597296)",3,94.99680412824505,36291
"(0.9539272400433172, 0.960851077856154)",6,94.99680287372324,36297
"(0.7330708089143778, 0.954995499549955)",1,94.99669939255824,36298
"(0.6444891298012474, 0.972281746031746)",1,94.99668080621672,36299
"(0.7891673497098101, 0.956240913452974)",1,94.99655429971683,36300
"(0.9432380952380952, 0.9536268754076972)",1,94.99651837166807,36301
"(0.950608853052493, 0.9540153992631536)",1,94.99645832336184,36302
"(0.960666032023912, 0.9677353740627908)",1,94.99611383470244,36303
"(0.893939393939394, 0.9474996718729491)",3,94.99598424473372,36306
"(0.9568045886851652, 0.95)",1,94.99589312794812,36307
"(0.7866204373351484, 0.960851077856154)",1,94.99580056189772,36308
"(0.8329339143064635, 0.9861673414304992)",1,94.99565183369442,36309
"(0.9202657807308968, 0.9539707149009474)",1,94.99554384590633,36310
"(0.9429917021753756, 0.9505232430050672)",1,94.99539875145726,36311
"(0.3976428889831154, 0.9650450950662368)",1,94.99502420872751,36312
"(0.9080024622960912, 0.9650667387470876)",1,94.99487273375152,36313
"(0.8013184398461819, 0.9764666952752286)",2,94.9947299609826,36315
"(0.9502288074111276, 0.9645238095238096)",1,94.99467158852018,36316
"(0.8885908209437621, 0.946730586052542)",1,94.99456287877985,36317
"(0.6490278254578825, 0.9824939798222404)",1,94.99437887525144,36318
"(0.8445167005920663, 0.9539707149009474)",1,94.99422253098057,36319
"(0.8422150008452768, 0.955)",1,94.99418856941978,36320
"(0.8470413622709255, 0.964731521366774)",1,94.9941693932716,36321
"(0.6003561059603759, 0.9538370349708868)",1,94.99383474250452,36322
"(0.9247290244881574, 0.9574997343733398)",1,94.99368166316182,36323
"(0.9082051469489508, 0.9779870235853187)",1,94.99363357115676,36324
"(0.8880984643179766, 1.0)",1,94.99357617372776,36325
"(0.851821314650262, 0.9515714518877016)",1,94.99355937771028,36326
"(0.6759495516512356, 0.9650076460904662)",1,94.99329635537669,36327
"(0.9240041208791208, 0.9749910873440284)",1,94.99304935685254,36328
"(0.8691207517489755, 0.9610899532226684)",3,94.99303909113424,36331
"(0.7662347176323114, 0.9560315719855194)",3,94.9929999492865,36334
"(0.6444891298012474, 0.972281746031746)",1,94.99297203965524,36335
"(0.7805215455557322, 0.9690968282937898)",3,94.99297002527294,36338
"(0.6730510127402202, 0.964523301198322)",1,94.99293784079924,36339
"(0.4904033495004767, 0.9764666952752286)",1,94.99277930809846,36340
"(0.9705383010048324, 0.9958292603453894)",1,94.99275482606149,36341
"(0.5218438528010998, 0.972281746031746)",2,94.99266282854234,36343
"(0.8351110130322311, 0.9736189431913116)",1,94.9926217941284,36344
"(0.8840048840048841, 1.0)",1,94.99241976729648,36345
"(0.897953216374269, 0.9575913511472004)",1,94.99235659445569,36346
"(0.5874751891549204, 0.9779870235853187)",1,94.99218110219309,36347
"(0.8952438710847427, 0.9635084156600874)",2,94.9921582050353,36349
"(0.7923306301473605, 0.9764666952752286)",1,94.99212473409814,36350
"(0.8455917807202996, 0.9764666952752286)",1,94.99201435081476,36351
"(0.4255117986159442, 0.9529751605618932)",1,94.9917200117194,36352
"(0.447904206539075, 0.9779263059241357)",3,94.99168693993025,36355
"(0.8330958052404215, 0.9495014245014244)",1,94.99162633616382,36356
"(0.8597791061504694, 0.9540153992631536)",1,94.99125470301207,36357
"(0.8334507869391591, 0.9643944553313464)",1,94.9910326397845,36358
"(0.95749335833724, 0.949954959463517)",1,94.99101959251529,36359
"(0.8472645812528676, 0.9535144014828052)",1,94.99067022391588,36360
"(0.9425645194066248, 0.9572437766315318)",1,94.99058236006012,36361
"(0.931093393134094, 0.9574285714285714)",1,94.99050446087774,36362
"(0.9628689175769612, 0.9749910873440284)",1,94.99048432000356,36363
"(0.9502288074111276, 0.9463627709416984)",1,94.99013211331382,36364
"(0.9388917411828462, 0.9573389777809668)",1,94.9899779338867,36365
"(0.9497171590194846, 1.0)",1,94.98991399043317,36366
"(0.9424967654430562, 0.9423959526895456)",1,94.98966964174916,36367
"(0.9069647153947764, 0.9640038239043044)",1,94.98962823220616,36368
"(0.8326352665776878, 0.9502288074111276)",1,94.9895880646404,36369
"(0.9468391231269042, 0.9575126626788776)",1,94.98954875720632,36370
"(0.897953216374269, 0.9610899532226684)",1,94.98952129478272,36371
"(0.6635227905250788, 0.9779263059241357)",3,94.98949072176028,36374
"(0.8774072892625049, 0.9574784734771978)",1,94.9894772423344,36375
"(0.957036102484472, 0.9573389777809668)",1,94.98930077986886,36376
"(0.9168447876447876, 0.9428571428571428)",1,94.9892874472723,36377
"(0.8594436844505243, 0.9522870228046522)",1,94.98898649803176,36378
"(0.9459285785969274, 0.9501177394034536)",1,94.9889065008542,36379
"(0.7612209453612427, 0.964269276237512)",1,94.98890214295136,36380
"(0.9373586654890096, 0.9624978905063408)",1,94.98889926172248,36381
"(0.8472645812528676, 0.9609357631051972)",1,94.98873223016768,36382
"(0.8584175084175085, 0.972420634920635)",1,94.98863520444236,36383
"(0.8451478848040399, 0.972045976510262)",1,94.98852595927168,36384
"(0.987463247273494, 0.8543998359466694)",1,94.98841657343236,36385
"(0.9609357631051972, 0.9459285785969274)",1,94.9882823080617,36386
"(0.8733799478600891, 0.9876106894370652)",2,94.9882188825628,36388
"(0.9132516862059696, 0.9649122807017544)",4,94.98816527329626,36392
"(0.9020800849800285, 0.9610899532226684)",3,94.98804430876496,36395
"(0.8604306971015356, 0.9861673414304992)",1,94.98802494427166,36396
"(0.927109440267335, 0.9645938855657314)",1,94.98797937482551,36397
"(0.8456272791248162, 0.9676485688615069)",1,94.98777133852772,36398
"(0.9153439153439156, 0.9833229101521784)",1,94.98758632166223,36399
"(0.9102539775554236, 0.9667856122348042)",1,94.98754086775456,36400
"(0.798857609139127, 0.9764666952752286)",1,94.98752534196164,36401
"(0.9280076478086086, 0.9396279975262144)",1,94.98750103461722,36402
"(0.779286067193676, 0.9749910873440284)",1,94.98739046101213,36403
"(0.5626274989800081, 0.9764666952752286)",1,94.9873687872959,36404
"(0.738145558145558, 1.0)",1,94.98735021539817,36405
"(0.6611718926579557, 0.9722222222222222)",1,94.98732564573665,36406
"(0.7984443237466936, 0.9556541264979026)",3,94.98714740918663,36409
"(0.9238400660955778, 0.9713574016563148)",1,94.98705274672186,36410
"(0.865581803207783, 0.991206314397104)",1,94.9867319819514,36411
"(0.9198203842940684, 0.9540153992631536)",1,94.98654440604224,36412
"(0.9677353740627908, 0.9641028246291404)",1,94.98642726400722,36413
"(0.8065954953750508, 1.0)",2,94.98637584720142,36415
"(0.9524973279746984, 0.9549988749718742)",1,94.98635670930358,36416
"(0.5964912280701754, 0.9692608993981562)",2,94.98620687195972,36418
"(0.8208353559736048, 0.972045976510262)",2,94.98610847400856,36420
"(0.7304951237809453, 0.9643944553313464)",1,94.98609224017493,36421
"(0.9333044546043194, 0.9703522682017306)",2,94.98603311026318,36423
"(0.6361158710730316, 0.9764666952752286)",1,94.98603115230894,36424
"(0.8137566137566138, 1.0)",1,94.98599488684997,36425
"(0.4255117986159442, 0.9767441860465116)",1,94.9859724830106,36426
"(0.960666032023912, 0.9498754528985508)",1,94.98591763307076,36427
"(0.779286067193676, 0.94985853432282)",1,94.98587376326704,36428
"(0.844988344988345, 1.0)",1,94.98559902166544,36429
"(0.842200034135518, 0.943455134862934)",1,94.98555083372534,36430
"(0.6947170805612278, 0.9646309224447688)",2,94.98548570803142,36432
"(0.8137865219658889, 1.0)",1,94.98548196443032,36433
"(0.8468089381754635, 1.0)",1,94.9854364621811,36434
"(0.4904033495004767, 0.9650076460904662)",1,94.98522935119904,36435
"(0.863869697334692, 0.9735486410250802)",3,94.98521903375403,36438
"(0.5218438528010998, 0.972281746031746)",1,94.98521004777506,36439
"(0.8166003784222112, 0.9648252575884156)",1,94.98506110994587,36440
"(0.9162596992611264, 0.972281746031746)",1,94.98506076176317,36441
"(0.8806608357628766, 0.9498754528985508)",1,94.98503810157068,36442
"(0.8766640111271459, 0.9572437766315318)",1,94.98491627511892,36443
"(0.7101858663902063, 0.943189758511236)",2,94.9847218774002,36445
"(0.9640038239043044, 0.971495851087688)",1,94.98446352589372,36446
"(0.7330648874663779, 0.9690968282937898)",4,94.98438602626828,36450
"(0.8613133624575272, 0.9599909979745442)",1,94.98437497939337,36451
"(0.8761383419447936, 0.9916625936787228)",1,94.98430434323257,36452
"(0.843845350684385, 0.960851077856154)",3,94.98419971393751,36455
"(0.8846362470895226, 0.9609357631051972)",1,94.98419004597484,36456
"(0.8685902992776057, 0.9289986228605154)",6,94.9841275304105,36462
"(0.8250850808981499, 0.9549718574108818)",1,94.98411828424632,36463
"(0.9272595017275868, 0.9549898727213622)",2,94.98393408352987,36465
"(0.8058308902229048, 0.9691818330194464)",1,94.98389216096344,36466
"(0.9094202898550724, 0.9574869803877438)",1,94.98359337161811,36467
"(0.8880984643179766, 1.0)",1,94.98351936506668,36468
"(0.9022759891180944, 0.9580331374974232)",1,94.9834929488244,36469
"(0.5734466317588319, 0.9981051078140064)",3,94.98347869626863,36472
"(0.9506883741258744, 0.9680383516315252)",1,94.98337694431471,36473
"(0.9497171590194846, 1.0)",1,94.98326496896917,36474
"(0.8574563460059643, 0.95749335833724)",1,94.98275805886117,36475
"(0.9297564829445116, 0.9644491481508056)",1,94.98240921009678,36476
"(0.893939393939394, 0.9524997031231444)",1,94.98238045821404,36477
"(0.7304951237809453, 0.9643944553313464)",1,94.98225874115826,36478
"(0.9422394177612392, 0.9538331745788698)",1,94.98219830659592,36479
"(0.6981216457960644, 0.9529751605618932)",1,94.98217191710566,36480
"(0.8221762134805614, 0.972045976510262)",1,94.98213660180905,36481
"(0.9599749843652282, 0.9474917955930616)",1,94.98206909907216,36482
"(0.9128205128205128, 0.9539272400433172)",1,94.9819183329028,36483
"(0.8959020234471636, 0.956140350877193)",1,94.9817635840194,36484
"(0.7109688804604058, 1.0)",2,94.9815788385104,36486
"(0.914452495974235, 0.9599989999749994)",2,94.98135165250936,36488
"(0.9162596992611264, 0.972420634920635)",1,94.98132797772529,36489
"(0.9528959415746864, 1.0)",1,94.98132283546106,36490
"(0.939866291344124, 0.9610899532226684)",1,94.98122476905355,36491
"(0.9532701550221768, 0.9537330920118182)",3,94.9811771387135,36494
"(0.8579868984630887, 1.0)",1,94.9811527115977,36495
"(0.8957538774472412, 0.960376642453574)",1,94.98062433818929,36496
"(0.811951754385965, 0.964731521366774)",8,94.9806199896164,36504
"(0.6809855026116619, 0.9622598627787308)",1,94.980603916113,36505
"(0.9238400660955778, 0.9645238095238096)",1,94.98051835540262,36506
"(0.8761383419447936, 0.9833170413815576)",2,94.9805075191619,36508
"(0.8604306971015356, 0.9861673414304992)",2,94.9803774322589,36510
"(0.8474214220323468, 0.9574784734771978)",1,94.9801328849812,36511
"(0.8829656107481818, 0.9779870235853187)",1,94.98010104549964,36512
"(0.8951521235521236, 0.9538331745788698)",1,94.98008347767016,36513
"(0.8221762134805614, 0.972045976510262)",1,94.98004670169904,36514
"(0.8907966222338917, 0.987491854024112)",1,94.980015898506,36515
"(0.8420013166556946, 1.0)",2,94.97992789822196,36517
"(0.8498641779745659, 0.9624941397093296)",1,94.97992777136676,36518
"(0.4988165808959242, 0.964269276237512)",1,94.97962745370776,36519
"(0.6746336326928433, 0.964731521366774)",1,94.97958603353568,36520
"(0.8504382366909891, 0.9690968282937898)",4,94.9793884124806,36524
"(0.9080705009276436, 0.9573389777809668)",1,94.97932209252464,36525
"(0.9022759891180944, 0.972045976510262)",1,94.97893915491622,36526
"(0.9212328545548654, 0.9462256234379848)",1,94.97893119871507,36527
"(0.9196060697417344, 0.9499887474681804)",1,94.97892060637102,36528
"(0.8796475392220073, 1.0)",1,94.97878819806776,36529
"(0.9137091172501388, 0.9366844919786096)",1,94.97860834301396,36530
"(0.9502288074111276, 0.9572437766315318)",1,94.97849292990044,36531
"(0.6516906262613718, 0.9767441860465116)",1,94.97832905531368,36532
"(0.932201731346617, 0.951892755797645)",1,94.97811230567488,36533
"(0.8742516398330352, 0.9643944553313464)",1,94.97794697298067,36534
"(0.8843764852418178, 0.9650076460904662)",1,94.97784777933704,36535
"(0.4831900452488687, 0.9724972499312484)",1,94.9778037054204,36536
"(0.5695633155937887, 0.9297473399646484)",1,94.97759856797416,36537
"(0.9326628892940788, 0.9540153992631536)",1,94.9775478621873,36538
"(0.3907368421052631, 0.940930997520722)",1,94.9774995830424,36539
"(0.922324745206372, 0.9574976092405196)",1,94.97745377446851,36540
"(0.9382963205525124, 0.9495014245014244)",1,94.9773192377635,36541
"(0.7388695158543508, 0.947489096143569)",2,94.97726475189086,36543
"(0.9202657807308968, 0.9539707149009474)",1,94.97704368610698,36544
"(0.8703996834190741, 0.9691818330194464)",1,94.97699082928423,36545
"(0.8313174792337382, 0.9735486410250802)",1,94.97681138314012,36546
"(0.4804731351668838, 0.9787503652349456)",1,94.97670020684772,36547
"(0.935554153726708, 0.9505232430050672)",1,94.97667970295493,36548
"(0.8226000003393725, 0.9646309224447688)",1,94.97636666587913,36549
"(0.8996408045977011, 0.9495058714870036)",1,94.97587161077908,36550
"(0.9350193449813944, 0.9501177394034536)",1,94.97585647718624,36551
"(0.9571428571428572, 0.9572437766315318)",1,94.97583151203791,36552
"(0.6415148305084746, 0.9749910873440284)",1,94.975408829243,36553
"(0.9165867390570612, 0.9538331745788698)",1,94.97535993465732,36554
"(0.7578328648096089, 0.9650450950662368)",1,94.9752739678883,36555
"(0.6767580302172832, 0.972281746031746)",1,94.97526070208956,36556
"(0.8297320821606234, 0.954995499549955)",1,94.97525548001352,36557
"(0.8970129352925051, 0.9662632928588566)",1,94.97521004367697,36558
"(0.9287396277192196, 0.9572437766315318)",1,94.97496535750216,36559
"(0.9764666952752286, 0.9643944553313464)",1,94.97482786212638,36560
"(0.7075825156110616, 0.9779870235853187)",1,94.9746778548221,36561
"(0.8219317364145453, 0.9601502499942144)",1,94.97464055454968,36562
"(0.9609357631051972, 0.9640038239043044)",1,94.97445058194889,36563
"(0.4042620013682356, 0.9557886530559612)",2,94.97441473857556,36565
"(0.8560274494853222, 0.9539707149009474)",1,94.9743129861098,36566
"(0.9388917411828462, 0.9679690637004894)",1,94.97424371387056,36567
"(0.950431439792024, 0.9433502169051704)",1,94.97417369820394,36568
"(0.8294970161977834, 0.9833229101521784)",1,94.97400034877198,36569
"(0.9262130464282252, 0.9735486410250802)",1,94.97399139142482,36570
"(0.8513842746400886, 0.9539707149009474)",1,94.97398611116463,36571
"(0.8586166985951469, 0.9861673414304992)",1,94.9739698555663,36572
"(0.8952438710847427, 0.9716210774659628)",1,94.973850930231,36573
"(0.5070372093557577, 1.0)",1,94.97384804842424,36574
"(0.8848365568890763, 0.9643944553313464)",1,94.97377716007298,36575
"(0.8812524081127344, 0.9524854486686548)",1,94.97369288404714,36576
"(0.9153439153439156, 0.9833229101521784)",1,94.97365892296608,36577
"(0.9276343133138456, 0.9682365436156678)",1,94.97350535192592,36578
"(0.9645938855657314, 0.9605654571878554)",1,94.97313260832776,36579
"(0.4908934803575872, 0.9729686405931376)",1,94.97304073301603,36580
"(0.8374874819183264, 0.9630499959484644)",1,94.9729394084424,36581
"(0.9017715617715616, 0.9861673414304992)",1,94.9729099134938,36582
"(0.8845244231527244, 0.9538370349708868)",2,94.97273306049654,36584
"(0.8334507869391591, 0.9643944553313464)",2,94.97224072670814,36586
"(0.8608748381598571, 0.9650450950662368)",1,94.972222993702,36587
"(0.779286067193676, 0.9749910873440284)",2,94.97193153304148,36589
"(0.8975998588152243, 0.9506883741258744)",1,94.97190983983086,36590
"(0.9528629190035216, 0.940930997520722)",3,94.97186606332976,36593
"(1.0, 1.0)",1,94.97180735663274,36594
"(0.8191170968948748, 0.9556541264979026)",1,94.97180299605267,36595
"(0.8438719750195159, 0.9574976092405196)",1,94.9715653386394,36596
"(0.8955173107890498, 0.9749910873440284)",1,94.97150529328268,36597
"(0.7800511508951407, 0.95749335833724)",2,94.97120670451407,36599
"(0.8633407843934159, 0.964731521366774)",1,94.9712046183018,36600
"(0.9240041208791208, 0.9622598627787308)",1,94.97119680845267,36601
"(0.94291309888229, 0.991206314397104)",1,94.97101337551388,36602
"(0.6615276659855942, 0.9499799919967988)",1,94.97097218366588,36603
"(0.9540153992631536, 0.960851077856154)",2,94.97094592652606,36605
"(0.8685023559648746, 0.9495014245014244)",1,94.97092223356572,36606
"(0.903907191101469, 0.9610153569597296)",1,94.97089792735528,36607
"(0.8318290279074593, 0.9861673414304992)",2,94.97084488676818,36609
"(0.9145191703331238, 0.9499987499687492)",1,94.97081400114529,36610
"(0.9240756756756756, 0.9498754528985508)",1,94.9707917096665,36611
"(0.9574285714285714, 0.9574285714285714)",1,94.9707626499409,36612
"(0.8801420274178757, 0.9643944553313464)",2,94.97051215991016,36614
"(0.9002005347593582, 0.9495014245014244)",1,94.97044705894942,36615
"(0.861957198953386, 0.9538370349708868)",1,94.97017755546813,36616
"(0.8724354204315935, 0.9524973279746984)",1,94.9701326918938,36617
"(0.843730230395311, 0.9764666952752286)",3,94.9700687901804,36620
"(0.9332172991312776, 0.9916585206907788)",1,94.96966617408242,36621
"(0.6947170805612278, 0.9646309224447688)",1,94.9695622911614,36622
"(0.7612209453612427, 0.964269276237512)",1,94.96944143336178,36623
"(0.9382963205525124, 0.9495014245014244)",1,94.96925954988195,36624
"(0.8103292776312431, 0.9539272400433172)",1,94.96901598762528,36625
"(0.8353823801019199, 0.9680383516315252)",1,94.96895744677528,36626
"(0.8028720724362646, 0.9649122807017544)",1,94.96889605213696,36627
"(0.9422394177612392, 0.9574285714285714)",1,94.96885851865584,36628
"(0.9647058823529412, 0.940930997520722)",1,94.96874531360378,36629
"(0.7989676702614233, 0.9539707149009474)",1,94.9687355968052,36630
"(0.9462256234379848, 0.960851077856154)",1,94.96846043573208,36631
"(0.8459266053144301, 0.9749910873440284)",1,94.96820838200746,36632
"(0.930124456440246, 0.972420634920635)",1,94.96811818407537,36633
"(0.950608853052493, 0.947035873779261)",1,94.96806891137332,36634
"(0.8623077787842691, 0.9645938855657314)",1,94.96792139800831,36635
"(0.9471243233098142, 0.9679690637004894)",1,94.9678731151006,36636
"(0.8443691323092412, 0.970649953040845)",1,94.96781802954374,36637
"(0.9350193449813944, 0.9538331745788698)",2,94.9671170634112,36639
"(0.9142857142857144, 0.9575126626788776)",1,94.96709803582074,36640
"(0.8686037591100882, 0.9537330920118182)",1,94.9670406416834,36641
"(0.8777008472715792, 0.9729728989395412)",1,94.966960110366,36642
"(0.7707647794714906, 0.9779263059241357)",1,94.96693292532564,36643
"(0.7823116219667945, 0.972420634920635)",1,94.9668272041741,36644
"(0.7330648874663779, 0.9690968282937898)",1,94.96666211079456,36645
"(0.8806608357628766, 0.960851077856154)",2,94.96663905150832,36647
"(0.87675, 0.9622598627787308)",1,94.9666276819469,36648
"(0.7109688804604058, 0.972281746031746)",1,94.9665012110343,36649
"(0.8976982097186702, 0.9833229101521784)",1,94.96616224895998,36650
"(0.9833211143695014, 0.9709962733871652)",1,94.96614044752438,36651
"(0.8872085807165035, 0.9575126626788776)",6,94.9660238770765,36657
"(0.8746747225950852, 0.9649122807017544)",1,94.96598858261224,36658
"(0.888622291021672, 0.9749656593406592)",1,94.96569538611382,36659
"(0.7713401051412279, 1.0)",1,94.96547602558483,36660
"(0.9003351064851267, 0.9609357631051972)",1,94.9654190548401,36661
"(0.9243000100356984, 0.9502288074111276)",1,94.96539479174494,36662
"(0.5908364220961908, 0.9625)",1,94.96529317794597,36663
"(0.960851077856154, 0.960851077856154)",1,94.96490252969512,36664
"(0.9057330122004186, 0.991206314397104)",1,94.9647864796214,36665
"(0.9497171590194848, 0.9833229101521784)",1,94.96473091089752,36666
"(0.7852506868131869, 0.9574285714285714)",1,94.96448406978855,36667
"(0.6892156862745098, 0.972252530763169)",1,94.96421243122232,36668
"(0.6865535441227247, 0.9735486410250802)",1,94.9641980486705,36669
"(0.8252422194238135, 0.95749335833724)",2,94.96416656578388,36671
"(0.8645256232686982, 0.9560315719855194)",1,94.96368312140372,36672
"(0.8468951683237397, 1.0)",1,94.96354538420724,36673
"(0.8918701789959861, 0.9736189431913116)",3,94.9635105522528,36676
"(0.8708656432979902, 0.9549819927971188)",1,94.96336546230384,36677
"(0.8975998588152243, 0.9537330920118182)",1,94.96335244241622,36678
"(0.787221770032878, 0.96)",1,94.96333081167094,36679
"(0.9373586654890096, 0.9624978905063408)",1,94.96332037380692,36680
"(0.9442283950617284, 1.0)",1,94.96327369575503,36681
"(0.9503333333333333, 0.9540153992631536)",1,94.9631296531265,36682
"(0.9145814491005928, 0.94999499949995)",1,94.9631061493509,36683
"(0.7942038054814895, 0.972252530763169)",1,94.96308046795536,36684
"(0.6000823138988796, 0.9739857293626396)",1,94.96303530745983,36685
"(0.8993301094022514, 0.9495014245014244)",1,94.96289812781188,36686
"(0.8742237486849267, 0.9539707149009474)",1,94.96278161769614,36687
"(0.6260123507862112, 0.9764666952752286)",1,94.96265521786135,36688
"(0.8258470464352816, 0.960851077856154)",1,94.96248924653231,36689
"(0.861111111111111, 0.9833229101521784)",1,94.96248352788577,36690
"(0.8308201058201059, 0.9861310021084456)",1,94.962325911914,36691
"(0.7736869137404373, 0.964731521366774)",1,94.96228918439984,36692
"(0.93600846667145, 0.9575126626788776)",1,94.96205322847226,36693
"(0.8652443837747164, 0.9690968282937898)",1,94.96202609406993,36694
"(0.7956953792242888, 0.9599959995999598)",1,94.96200376895632,36695
"(0.8326352665776878, 0.9571428571428572)",1,94.96194426999573,36696
"(0.8817334547662418, 0.9622598627787308)",1,94.96193117678207,36697
"(0.8252422194238135, 0.9549718574108818)",1,94.96191133564066,36698
"(0.8449106413122807, 0.964269276237512)",1,94.9617677735156,36699
"(0.4139252838240179, 0.979392162383491)",4,94.96155072965912,36703
"(0.9524973279746984, 0.9449944994499452)",3,94.9614455276797,36706
"(0.9469408453036384, 0.946492548547343)",1,94.96143561917955,36707
"(0.6635227905250788, 0.9779263059241357)",8,94.96130046061288,36715
"(0.6910881126324849, 0.9764666952752286)",1,94.96119350587873,36716
"(0.8136244723706807, 0.951892755797645)",1,94.96083008370556,36717
"(0.9394971203231468, 0.9610153569597296)",1,94.96066961242246,36718
"(0.954995499549955, 0.9524925769651508)",2,94.96065153398932,36720
"(0.9240041208791208, 0.9749910873440284)",2,94.96030449107742,36722
"(0.9499887474681804, 0.9524997031231444)",1,94.96026416054968,36723
"(0.8810064268049709, 0.9736842105263158)",1,94.96019893402575,36724
"(0.8846362470895226, 0.9540153992631536)",3,94.96001664274507,36727
"(0.9303901487133776, 0.9607612022680516)",1,94.95989110534258,36728
"(0.8829656107481818, 0.9690968282937898)",2,94.95983732400784,36730
"(0.7901615028838012, 0.9539707149009474)",1,94.95963858306123,36731
"(0.944563492063492, 1.0)",4,94.95963535939302,36735
"(0.9715593185206444, 0.960851077856154)",6,94.95927189567408,36741
"(0.9315095328894416, 0.960851077856154)",1,94.95925368580536,36742
"(0.8972301136363636, 0.9572437766315318)",1,94.95911377166084,36743
"(0.8416827657517105, 0.9861310021084456)",1,94.95904232680816,36744
"(0.869254101161996, 0.964731521366774)",2,94.95886888360802,36746
"(0.8686037591100882, 0.9609357631051972)",1,94.9587660146722,36747
"(0.9712822597033124, 0.9713574016563148)",1,94.95862954255384,36748
"(0.950431439792024, 0.9610899532226684)",2,94.95855814932816,36750
"(0.7731997731997731, 0.9574997343733398)",1,94.95855096451947,36751
"(0.8968435471383478, 0.9575126626788776)",1,94.95845119773718,36752
"(0.9501177394034536, 0.9503333333333333)",1,94.95837388884004,36753
"(0.9082051469489508, 0.956140350877193)",1,94.95834965568272,36754
"(0.8268235294117647, 0.954995499549955)",1,94.9581426885282,36755
"(0.8753086419753084, 0.972045976510262)",1,94.9580250296043,36756
"(0.7548199009255377, 0.9665522101893448)",1,94.95780108801752,36757
"(0.8930530569999261, 0.9289986228605154)",1,94.95748761219598,36758
"(0.9503333333333333, 0.9575126626788776)",2,94.95736365815034,36760
"(0.8231120738827542, 0.95749335833724)",1,94.95729343643627,36761
"(0.8047323751083839, 0.9749910873440284)",1,94.95709738998788,36762
"(0.9162596992611264, 0.972281746031746)",1,94.9570299708016,36763
"(0.92008547008547, 0.9571428571428572)",1,94.9567984949872,36764
"(0.7124941087515932, 0.9695875691492644)",1,94.95676225366216,36765
"(0.928597171408726, 0.9873891625615764)",1,94.95669344381908,36766
"(0.9082051469489508, 0.9646309224447688)",1,94.95649837493222,36767
"(0.8932254623044097, 0.943174614777922)",1,94.95641301941444,36768
"(0.6333118819585527, 0.9650450950662368)",1,94.95639530001732,36769
"(0.3468171945128081, 0.9682261796721672)",1,94.95626334230391,36770
"(0.9429917021753756, 0.9566795633209296)",1,94.95617144286804,36771
"(0.861957198953386, 0.9764666952752286)",1,94.95593108476412,36772
"(0.8729557812660307, 0.964731521366774)",1,94.95587284831852,36773
"(0.8353823801019199, 0.960851077856154)",3,94.95575918278308,36776
"(0.9566795633209296, 0.9641028246291404)",1,94.95564529497427,36777
"(0.343096079834135, 0.9749964379072432)",1,94.95540543234688,36778
"(0.874047619047619, 0.972045976510262)",2,94.95530980120049,36780
"(0.9680383516315252, 0.9605654571878554)",3,94.95525906167153,36783
"(0.8274062797908469, 0.9779263059241357)",1,94.95511348725516,36784
"(0.6840391909724373, 0.9690968282937898)",3,94.95510397945895,36787
"(0.842200034135518, 0.9572437766315318)",1,94.95501851972304,36788
"(0.7801059423865424, 0.9539707149009474)",1,94.95498028583371,36789
"(0.9256178650705564, 0.9495014245014244)",1,94.95490853123876,36790
"(0.9873891625615764, 0.9793747635794354)",1,94.9548834894346,36791
"(0.9531381014506703, 0.9457683397683398)",1,94.95483090555328,36792
"(0.9348370927318296, 0.9574976092405196)",1,94.95476436363366,36793
"(0.8840455840455841, 1.0)",1,94.95472802158793,36794
"(0.9392111404005912, 0.9540153992631536)",1,94.95460845153733,36795
"(0.95749335833724, 0.9474734084130092)",2,94.9541216006616,36797
"(0.8403548553924493, 0.9779263059241357)",1,94.953942466277,36798
"(0.9269284534248317, 0.9538370349708868)",1,94.9538200697262,36799
"(0.950431439792024, 0.9463627709416984)",2,94.95381387437617,36801
"(0.8592657752039796, 0.9587213599408722)",1,94.95373954150496,36802
"(0.8525073746312686, 0.9574784734771978)",1,94.95370625051308,36803
"(0.8547143556631046, 0.9560315719855194)",1,94.9536135988521,36804
"(0.4879844209168711, 0.9780379608202048)",4,94.95357506436996,36808
"(0.8895939931776995, 0.9622598627787308)",1,94.95348164689555,36809
"(0.9067863328609668, 0.95749335833724)",1,94.95345389491412,36810
"(0.9432380952380952, 0.9539272400433172)",1,94.95343664893952,36811
"(0.8474214220323468, 0.9574869803877438)",3,94.95329598281243,36814
"(0.9349202773397411, 0.9524973279746984)",1,94.9532083406938,36815
"(0.9148957472904308, 0.95749335833724)",2,94.95316850323316,36817
"(0.7580266955266955, 0.9861673414304992)",1,94.95312894932364,36818
"(0.2184982066412125, 0.964269276237512)",1,94.95300272873152,36819
"(0.9574784734771978, 0.9474970467088774)",1,94.95295262535704,36820
"(0.8631546198466533, 0.9764666952752286)",2,94.95279827870202,36822
"(0.7630195891065458, 0.9524973279746984)",1,94.95278954191542,36823
"(0.7525604690460883, 0.9895424230427872)",1,94.9526324579366,36824
"(0.901608756801166, 0.9692499656760885)",4,94.95253906883202,36828
"(0.9283935041407868, 0.9501177394034536)",1,94.95246889898934,36829
"(0.6530678548222407, 0.9604782992262008)",3,94.95232828805338,36832
"(0.9302688539530646, 0.9690968282937898)",2,94.95229602290112,36834
"(0.9253777472527472, 0.9749656593406592)",1,94.95225361413652,36835
"(0.9146901709401708, 0.972281746031746)",1,94.9521835248038,36836
"(0.7795840474238924, 0.9515714518877016)",1,94.95214619221004,36837
"(0.9575126626788776, 0.9714285714285714)",1,94.95206649331516,36838
"(0.805606866826574, 0.9516956990542454)",3,94.95194492634204,36841
"(0.8132775534810647, 0.964269276237512)",2,94.95190603325406,36843
"(0.911577306111922, 0.9646309224447688)",1,94.9519052984119,36844
"(0.7809828715722208, 0.9574997343733398)",1,94.9518548544904,36845
"(0.9599749843652282, 0.9474917955930616)",1,94.95174008115042,36846
"(0.972420634920635, 0.9861673414304992)",2,94.95138325278944,36848
"(0.9832965806068272, 0.9790972342015986)",1,94.95125007187433,36849
"(0.5070372093557577, 0.972281746031746)",1,94.9510257464506,36850
"(0.843845350684385, 0.9535144014828052)",1,94.95098338698898,36851
"(0.9874877810361682, 0.9916585206907788)",4,94.95093409139749,36855
"(0.6658312447786132, 0.9549819927971188)",1,94.9509232329627,36856
"(0.4255117986159442, 0.976761412575366)",2,94.9509168843715,36858
"(0.906853649612864, 0.9958292603453894)",1,94.9509047584694,36859
"(0.8422693146507633, 0.9649122807017544)",1,94.95086969308998,36860
"(0.8222222222222222, 1.0)",1,94.9507821815543,36861
"(0.826388888888889, 1.0)",1,94.95052224723088,36862
"(0.8263489874613754, 0.955)",1,94.95031180510873,36863
"(0.6730510127402202, 0.9476001081206318)",1,94.9502280770885,36864
"(0.8380855812016494, 0.964731521366774)",1,94.95018979586185,36865
"(0.746671365914787, 0.9646309224447688)",1,94.95011101150808,36866
"(0.9599959995999598, 0.944998624965624)",2,94.94993695153308,36868
"(0.9000617225831424, 0.9833229101521784)",1,94.94986955881063,36869
"(0.7525252525252526, 0.9599989999749994)",1,94.9497109620826,36870
"(0.8574011356980978, 0.9599749843652282)",1,94.94949272724776,36871
"(0.95153153367707, 0.9764666952752286)",1,94.94939341982496,36872
"(0.5695633155937887, 0.9764666952752286)",1,94.9493146467872,36873
"(0.9323791344788114, 0.9540153992631536)",1,94.949280957296,36874
"(0.8574011356980978, 0.945)",1,94.94922257761908,36875
"(0.8287392966468705, 0.9690968282937898)",1,94.9489858706136,36876
"(0.8968435471383478, 0.9505232430050672)",1,94.94897384490773,36877
"(0.6911324786324786, 0.972045976510262)",1,94.94896969050252,36878
"(0.8185034935353271, 0.9690968282937898)",6,94.94879478792636,36884
"(0.8148308968977662, 0.9861673414304992)",1,94.94875332636404,36885
"(0.95, 0.960851077856154)",1,94.9487278978416,36886
"(0.7188585657770549, 0.9574976092405196)",6,94.9486802647347,36892
"(0.6003561059603759, 0.9764666952752286)",1,94.94866762452136,36893
"(0.9294287857678706, 0.964269276237512)",1,94.94847457029562,36894
"(0.8825487012987013, 0.9540153992631536)",1,94.94833719170724,36895
"(0.960851077856154, 0.9571428571428572)",1,94.94827627779736,36896
"(0.8996408045977011, 0.94985853432282)",1,94.94813858979992,36897
"(0.6423563565219435, 0.9692608993981562)",2,94.94795163974943,36899
"(0.4827246972385666, 0.964269276237512)",2,94.9477614967937,36901
"(0.424546256663045, 0.971495851087688)",1,94.94752928362628,36902
"(0.852, 0.9495058714870036)",1,94.9474842298459,36903
"(0.8566261808367072, 0.9601502499942144)",3,94.94736378102364,36906
"(0.8964174641148326, 0.9622598627787308)",1,94.94723303704863,36907
"(0.9002005347593582, 0.9622641509433963)",1,94.94718325782785,36908
"(0.8959020234471636, 0.9559144017084672)",1,94.9467484286003,36909
"(0.6880076348278104, 0.9649122807017544)",1,94.94667415966536,36910
"(0.8723247367948496, 0.960572483841182)",1,94.94652832699305,36911
"(0.81893131227901, 1.0)",2,94.94648870463902,36913
"(0.5297912526658138, 0.9601502499942144)",3,94.94623665832604,36916
"(0.8686037591100882, 0.9571428571428572)",1,94.9461982659226,36917
"(0.746304385688563, 1.0)",1,94.94607677341008,36918
"(0.9272595017275868, 0.9574997343733398)",1,94.94603085158582,36919
"(0.8288092915955513, 0.9733105092387055)",4,94.94594247289932,36923
"(0.9425645194066248, 0.960666032023912)",1,94.94592951919545,36924
"(0.9505232430050672, 0.9646594592893336)",1,94.9459260537895,36925
"(0.833630878109023, 0.9549718574108818)",1,94.9459165358126,36926
"(0.8459744503862151, 0.9580331374974232)",1,94.9459080020896,36927
"(0.8872085807165035, 0.9540153992631536)",1,94.94577628160631,36928
"(0.752906976744186, 0.964269276237512)",1,94.9456954775949,36929
"(0.727962128872139, 0.9539707149009474)",1,94.9449282650682,36930
"(0.8340166019865393, 0.9749910873440284)",2,94.94463912870695,36932
"(0.6361158710730316, 0.9764666952752286)",2,94.94457967617208,36934
"(0.8324747264921755, 0.9516956990542454)",1,94.94456321233427,36935
"(0.934868107918535, 0.9474970467088774)",1,94.94427049298204,36936
"(0.8560274494853222, 0.9539707149009474)",1,94.9442692118504,36937
"(0.917001490200517, 0.96)",4,94.94426249127088,36941
"(0.9041196741854636, 0.9736842105263158)",1,94.94411764180458,36942
"(0.746304385688563, 1.0)",1,94.94391501371555,36943
"(0.950392857142857, 0.9749656593406592)",1,94.9437551604901,36944
"(0.9665831244778612, 0.9833229101521784)",1,94.9436989257392,36945
"(0.8645256232686982, 0.9604782992262008)",3,94.9436791118379,36948
"(0.9425645194066248, 0.9680383516315252)",3,94.94359233372596,36951
"(0.8438719750195159, 0.9599989999749994)",1,94.94354192995706,36952
"(0.8229870141950848, 0.972281746031746)",1,94.94336199575504,36953
"(0.9171764705882351, 0.9524997031231444)",2,94.943224875559,36955
"(0.8458949964763919, 0.9539707149009474)",1,94.94321145680782,36956
"(0.8458949964763919, 0.9539707149009474)",1,94.94316713281805,36957
"(0.8435371534737285, 0.9643944553313464)",2,94.94315910740164,36959
"(0.4827246972385666, 0.964269276237512)",1,94.94296475415555,36960
"(0.8656512412692597, 0.9767441860465116)",1,94.94291357775116,36961
"(0.8633762288330498, 1.0)",1,94.94290842267112,36962
"(0.8347775825943863, 0.9876066164491212)",2,94.94272145499556,36964
"(0.8467532467532467, 1.0)",1,94.94256854256854,36965
"(0.9067863328609668, 0.9374119856047568)",3,94.94256574401857,36968
"(0.8623077787842691, 0.9610899532226684)",1,94.9424902251696,36969
"(0.7393955720057585, 0.9726348259282932)",4,94.94239313124643,36973
"(0.930124456440246, 0.972045976510262)",1,94.9422471636504,36974
"(0.931093393134094, 0.9536268754076972)",1,94.9421797145145,36975
"(0.9388917411828462, 0.9572437766315318)",3,94.94181318378944,36978
"(0.9524854486686548, 0.9499799919967988)",1,94.9418104163202,36979
"(0.7999088007295942, 0.9758777250199286)",1,94.94180254729318,36980
"(0.8123989898989897, 0.9495014245014244)",1,94.9417656239165,36981
"(0.7090909090909091, 1.0)",1,94.94173226302816,36982
"(0.927109440267335, 0.950608853052493)",1,94.9416494410405,36983
"(0.8472645812528676, 0.9535144014828052)",1,94.94158148276736,36984
"(0.9160264866799612, 0.9861673414304992)",1,94.9413849930579,36985
"(0.9528533742496432, 0.960851077856154)",1,94.94122464059927,36986
"(0.9202657807308968, 0.9539707149009474)",1,94.940938010888,36987
"(0.876112115732369, 0.9537330920118182)",3,94.9409031274658,36990
"(0.8920790698579406, 0.9540153992631536)",1,94.94077997996972,36991
"(0.8894752290768013, 0.9610899532226684)",1,94.94074867967537,36992
"(0.9027777777777778, 1.0)",1,94.94066103975364,36993
"(0.7675031231329097, 0.9779870235853187)",3,94.94056462534866,36996
"(0.8691207517489755, 0.9645938855657314)",1,94.9401688328066,36997
"(0.816099178371682, 0.960572483841182)",1,94.93993370578303,36998
"(0.9140194694749032, 0.9557886530559612)",1,94.93992246853254,36999
"(0.9462256234379848, 0.9536268754076972)",1,94.93987507425378,37000
"(0.7824403790656455, 0.9649991249781243)",1,94.93985513428454,37001
"(0.9574285714285714, 0.9503333333333333)",1,94.93984595124874,37002
"(0.5536430525672695, 0.9538370349708868)",1,94.939791470541,37003
"(0.8619023359137593, 0.9648252575884156)",1,94.93973363190796,37004
"(0.4827246972385666, 0.964269276237512)",1,94.93964389349102,37005
"(0.5037771407498387, 0.98)",1,94.9396015265713,37006
"(0.8716153127917834, 0.9861673414304992)",1,94.93927122861622,37007
"(0.9007161410018553, 0.960851077856154)",4,94.9388924863036,37011
"(0.950431439792024, 0.9574285714285714)",1,94.93885476183628,37012
"(0.6809855026116619, 0.9749910873440284)",2,94.93882426850294,37014
"(0.8123989898989897, 0.9495014245014244)",1,94.93881552912484,37015
"(0.7124941087515932, 0.9699269440208912)",4,94.9387068070178,37019
"(0.8110682791635173, 0.9861673414304992)",1,94.93870246841136,37020
"(0.571982892138349, 0.9557886530559612)",3,94.93863400337132,37023
"(0.9066673440357652, 0.9505232430050672)",3,94.93851942411295,37026
"(0.8525073746312686, 0.9549819927971188)",1,94.9383054499796,37027
"(0.8153895365851999, 0.9643944553313464)",3,94.93828686533394,37030
"(0.6575398846941737, 0.976761412575366)",1,94.93828003379934,37031
"(0.8514626506510005, 0.9645238095238096)",2,94.9382127462311,37033
"(0.8425483191745751, 1.0)",1,94.93814228122126,37034
"(0.9253777472527472, 0.962470105966915)",2,94.93810696507512,37036
"(0.7026153868908955, 0.9496053534660264)",1,94.93810688943846,37037
"(0.924772436620778, 0.9474996718729491)",1,94.93806886905692,37038
"(0.8028720724362646, 0.960267350663444)",1,94.93803704795327,37039
"(0.9379369827374928, 0.9640038239043044)",1,94.93798533520386,37040
"(0.8702889400021048, 0.950431439792024)",1,94.93794704155066,37041
"(0.738145558145558, 1.0)",1,94.93782682682976,37042
"(0.7289193040024178, 0.969334154098697)",1,94.93776921765154,37043
"(0.8384307029790694, 0.9719593474454756)",1,94.9377448464778,37044
"(0.9469408453036384, 0.9505232430050672)",1,94.93774080505376,37045
"(0.8329339143064635, 0.972420634920635)",1,94.93764125570794,37046
"(0.8128441201209393, 0.964269276237512)",1,94.93728949817904,37047
"(0.6575398846941737, 1.0)",1,94.93718456133686,37048
"(0.900983347688774, 0.9861673414304992)",1,94.93705604003917,37049
"(0.843845350684385, 0.9574285714285714)",1,94.93690834949147,37050
"(0.7608215527547845, 0.9646309224447688)",1,94.93689206731683,37051
"(0.7138200339558575, 0.9624871355060034)",1,94.93683151080452,37052
"(0.8887202421952387, 1.0)",1,94.93658180075025,37053
"(0.8584175084175085, 0.972420634920635)",1,94.93651153582849,37054
"(0.7127034737372042, 0.9549988749718742)",1,94.93646347844836,37055
"(0.486629218999443, 0.9779263059241357)",3,94.93645434686093,37058
"(0.946730586052542, 0.9610153569597296)",6,94.93643915566466,37064
"(0.9474917955930616, 0.9474970467088774)",2,94.93623468888671,37066
"(0.7708232538005143, 0.9574869803877438)",1,94.93621823259016,37067
"(0.727962128872139, 0.9539707149009474)",1,94.9360481108382,37068
"(0.8430987589231168, 0.940930997520722)",1,94.93595232146345,37069
"(0.8221871747362275, 0.969251692590098)",1,94.93571880498776,37070
"(0.9425645194066248, 0.9645238095238096)",1,94.9354131616181,37071
"(0.5958288378267684, 0.9988619159967322)",3,94.93540505222416,37074
"(0.9165867390570612, 0.9497439544807966)",1,94.93527469596783,37075
"(0.7545918011034292, 0.9650450950662368)",1,94.93525989754951,37076
"(0.943552974917135, 0.9678176625650188)",1,94.93518190379127,37077
"(0.8059486952675806, 0.9571428571428572)",2,94.93484952754208,37079
"(0.7907680396814234, 0.9780405029455544)",2,94.93482729267244,37081
"(0.852417321342681, 0.9648252575884156)",1,94.93481478745836,37082
"(0.5218438528010998, 0.9861310021084456)",1,94.93476119069996,37083
"(0.786508365740383, 0.9885557944107872)",1,94.9347431952678,37084
"(0.682074987159733, 0.9538370349708868)",1,94.93467220606809,37085
"(0.8442988787957741, 0.9648587683573986)",1,94.93465527159717,37086
"(0.9269284534248317, 0.964269276237512)",1,94.93463188514434,37087
"(0.743426756591496, 0.9516956990542454)",3,94.93462378689154,37090
"(0.8610715260301386, 0.9538370349708868)",1,94.93456626032332,37091
"(0.7545918011034292, 0.9767441860465116)",1,94.9344239046149,37092
"(0.8942622047218923, 0.9827417027417028)",1,94.9342979434944,37093
"(0.7971433156796661, 0.9549898727213622)",2,94.93423735284752,37095
"(0.941687552213868, 0.9568045886851652)",1,94.93370507738358,37096
"(0.9223799456357596, 0.9764666952752286)",1,94.93369665349204,37097
"(0.8991833854219174, 0.95749335833724)",3,94.9336742774792,37100
"(0.9008627640703112, 1.0)",1,94.9335176035115,37101
"(0.3772408116545969, 0.9736423058539136)",1,94.93348527102864,37102
"(1.0, 1.0)",1,94.9333667810289,37103
"(0.9497171590194846, 1.0)",1,94.93304243852452,37104
"(0.8521011831905344, 0.9574976092405196)",3,94.93303852276534,37107
"(0.5626274989800081, 0.9764666952752286)",1,94.93283574827424,37108
"(0.8248508603719991, 0.960851077856154)",3,94.93274925862934,37111
"(0.7075825156110616, 0.9823657606833868)",2,94.93259051189388,37113
"(0.8145048060975228, 0.9779263059241357)",1,94.93255370402164,37114
"(0.8349608011027915, 0.9690968282937898)",1,94.93251167029354,37115
"(0.8877034517510707, 0.9861673414304992)",1,94.9324672623263,37116
"(1.0, 1.0)",1,94.93246553169485,37117
"(0.9170904871819552, 0.9506883741258744)",1,94.9324555958962,37118
"(0.9043086298506712, 0.9474917955930616)",1,94.93237612782218,37119
"(0.88164537452478, 0.9463627709416984)",1,94.93212803252652,37120
"(1.0, 1.0)",1,94.9320977876841,37121
"(0.901608756801166, 0.9733098268622952)",2,94.93198317805545,37123
"(0.95, 0.9536268754076972)",1,94.93187568946928,37124
"(0.4904033495004767, 0.9650076460904662)",1,94.93181597823563,37125
"(0.7977749180480272, 0.9861673414304992)",1,94.9316264629446,37126
"(0.7871012248777423, 0.951892755797645)",1,94.93162413231684,37127
"(0.8428938985542759, 0.9495014245014244)",2,94.9316087199926,37129
"(0.7374768177381903, 0.9690968282937898)",1,94.931547739238,37130
"(0.5145696010475885, 0.9861310021084456)",1,94.93154395767006,37131
"(0.9524759409451032, 0.9424996406227538)",1,94.93124724398226,37132
"(0.8498641779745659, 0.9574997343733398)",1,94.9311383264443,37133
"(0.9833040078201368, 0.983545503234046)",1,94.93112688500548,37134
"(0.9388917411828462, 0.9610153569597296)",1,94.93101022776511,37135
"(0.7976364522417154, 0.9646309224447688)",3,94.93098719282564,37138
"(0.8267756716773511, 0.960267350663444)",1,94.930676539143,37139
"(0.8801420274178757, 0.951892755797645)",1,94.93040470925423,37140
"(0.8551452042262022, 0.9574976092405196)",3,94.93021526496356,37143
"(0.559690639873083, 0.9775004218776367)",1,94.93007714970928,37144
"(0.8028720724362646, 0.9690057499955)",1,94.92988781873647,37145
"(0.7923306301473605, 0.9643944553313464)",2,94.92960574170702,37147
"(0.8315416458960965, 0.9650076460904662)",1,94.92932773982528,37148
"(0.8736897274633123, 1.0)",2,94.9292698507192,37150
"(0.7725182451236846, 0.9764666952752286)",1,94.92917732104873,37151
"(0.8883034087952121, 0.9861310021084456)",1,94.92917324023682,37152
"(0.930124456440246, 0.958109559613319)",1,94.92902728562176,37153
"(0.7461621541348561, 0.9735486410250802)",1,94.92896296691389,37154
"(0.813515418166581, 0.988167361639188)",1,94.92882376323335,37155
"(0.8547539417104635, 0.95)",1,94.92868240073052,37156
"(0.8453642237906118, 0.960851077856154)",1,94.92859392492284,37157
"(0.8702889400021048, 0.95)",1,94.92851354444342,37158
"(0.8445167005920663, 0.9539707149009474)",1,94.92841459137144,37159
"(0.9026337658413128, 0.972045976510262)",1,94.92834170633463,37160
"(0.960851077856154, 0.9571428571428572)",1,94.92833714878914,37161
"(0.9080705009276436, 0.9574285714285714)",1,94.92831583147924,37162
"(0.9599989999749994, 0.9474996718729491)",2,94.92830430188756,37164
"(0.7866204373351484, 0.960851077856154)",2,94.92827568065,37166
"(0.7259530953852703, 0.9643944553313464)",1,94.92823937432613,37167
"(0.7878851768794842, 0.9499687304565354)",1,94.92815921461845,37168
"(0.5297912526658138, 0.9646309224447688)",3,94.92811256167307,37171
"(0.9373666512059368, 0.9495058714870036)",1,94.92791761908468,37172
"(0.826804915514593, 0.9540153992631536)",1,94.92791590479524,37173
"(0.9082051469489508, 0.9736189431913116)",2,94.92791511451586,37175
"(0.9432380952380952, 0.9575126626788776)",1,94.92780804797206,37176
"(0.8329156223893065, 1.0)",1,94.9277641627612,37177
"(0.9326599326599326, 0.9833229101521784)",1,94.92758499117043,37178
"(0.8887419165196944, 0.972045976510262)",1,94.92750009321858,37179
"(0.8597791061504694, 0.9610153569597296)",2,94.92749979725156,37181
"(0.935554153726708, 0.9540153992631536)",1,94.92748669191208,37182
"(0.5158881303156945, 0.9763466530709386)",1,94.92729512032388,37183
"(0.9414878248464588, 0.9916585206907788)",1,94.92713570390367,37184
"(0.9539272400433172, 0.9572437766315318)",1,94.9270852608832,37185
"(0.8416827657517105, 0.9861310021084456)",1,94.92707992112972,37186
"(0.9142857142857144, 0.9505232430050672)",2,94.92686823082842,37188
"(0.7979797979797979, 1.0)",1,94.92678721594945,37189
"(0.4532564083081243, 0.988750193395939)",1,94.9267434770012,37190
"(0.8860074211502783, 0.9540153992631536)",1,94.92667557890202,37191
"(0.917415489944373, 1.0)",1,94.92633159133231,37192
"(0.94291309888229, 0.964523301198322)",1,94.9263297722834,37193
"(0.9283935041407868, 0.9540153992631536)",1,94.9262937845845,37194
"(0.7578328648096089, 0.9764666952752286)",1,94.9260723544342,37195
"(0.8176857647247633, 0.9574784734771978)",1,94.92607082833496,37196
"(0.9238400660955778, 0.9712822597033124)",1,94.92600579163228,37197
"(0.8533622685185187, 1.0)",2,94.92595896035874,37199
"(0.826908968957639, 0.9649122807017544)",1,94.92559954905724,37200
"(0.852417321342681, 0.9649122807017544)",1,94.92555147090512,37201
"(0.4137299999469419, 0.976345659099666)",1,94.92527758684356,37202
"(0.5708341567310015, 0.9690968282937898)",1,94.92527195920373,37203
"(0.7473833529178812, 0.9516956990542454)",1,94.92516812142264,37204
"(0.9610899532226684, 0.9536268754076972)",1,94.92496461364408,37205
"(0.9300671002153482, 1.0)",1,94.92488745674451,37206
"(0.4039045743444857, 0.9760403530895334)",1,94.92480228708833,37207
"(0.7611229730509549, 0.9539707149009474)",2,94.92478610666352,37209
"(0.8380855812016494, 0.9604782992262008)",1,94.92468410079152,37210
"(0.8757850574494108, 0.9549898727213622)",4,94.92401638758058,37214
"(0.9160323884095494, 0.960851077856154)",1,94.92392153696406,37215
"(0.8810064268049709, 0.9824561403508772)",1,94.92388764209537,37216
"(0.6521663785997688, 0.988167361639188)",1,94.92378500775362,37217
"(0.7545918011034292, 0.9767441860465116)",1,94.92372378428782,37218
"(0.9273504273504276, 0.9643698138596096)",1,94.92365171807002,37219
"(0.8613150576270225, 0.964731521366774)",1,94.923510334725,37220
"(0.4650595238095238, 0.987500703164553)",1,94.92348895466336,37221
"(0.8480357142857143, 0.9610153569597296)",3,94.92335574876684,37224
"(0.8868677229932935, 0.9519169817351648)",1,94.92331255480649,37225
"(0.6260123507862112, 0.9766918866148322)",1,94.92317070394608,37226
"(0.8517341550708587, 0.9539707149009474)",1,94.92313033540592,37227
"(0.9348370927318296, 0.944998624965624)",1,94.92310091494748,37228
"(0.9310483384791604, 0.972252530763169)",1,94.92302564791396,37229
"(0.6759495516512356, 0.9766918866148322)",1,94.92298255954547,37230
"(0.9067863328609668, 0.9474996718729491)",3,94.92279321100972,37233
"(0.3592666181139386, 0.9529751605618932)",1,94.92272773794345,37234
"(0.94291309888229, 0.9734731918335766)",1,94.92236229906474,37235
"(0.8600428777729004, 0.9574976092405196)",1,94.92234557280057,37236
"(0.8652443837747164, 0.9646309224447688)",1,94.92213257219684,37237
"(0.9460809481025116, 0.960851077856154)",1,94.9219260552342,37238
"(0.937386905097332, 0.9499887474681804)",1,94.92184597541343,37239
"(0.8916138279602192, 0.9493061979648474)",1,94.9217041172638,37240
"(0.7932043650793651, 0.9645238095238096)",1,94.9216338115536,37241
"(0.874047619047619, 0.972045976510262)",1,94.92160409286686,37242
"(0.9282056492582808, 0.9536268754076972)",1,94.92155770730238,37243
"(0.6635227905250788, 0.9691818330194464)",1,94.9214658523666,37244
"(0.8758315541941273, 0.9690968282937898)",1,94.92132642771487,37245
"(0.8855699370755157, 0.9498754528985508)",1,94.92128816497988,37246
"(0.8099604803972105, 0.960376642453574)",5,94.92119188506108,37251
"(0.8975998588152243, 0.9541744135351724)",1,94.9211071230085,37252
"(0.950431439792024, 0.946730586052542)",1,94.92109710282108,37253
"(0.9503333333333333, 0.9572437766315318)",1,94.92107226867778,37254
"(0.978621888315766, 0.9604593619418418)",1,94.92081303372152,37255
"(0.9540153992631536, 0.9681034738761426)",1,94.92067905472868,37256
"(0.8813457860512559, 0.9832965806068272)",1,94.9206689054309,37257
"(0.8449106413122807, 0.964269276237512)",1,94.92061760855027,37258
"(0.9165867390570612, 0.9572437766315318)",1,94.92052495478929,37259
"(0.9382963205525124, 0.9495014245014244)",1,94.92043792455924,37260
"(0.4286108159239762, 0.972625594294671)",1,94.9204170403537,37261
"(0.9364970967817766, 0.9538331745788698)",1,94.92035256657172,37262
"(0.8467368572432814, 0.9712836690703538)",1,94.92032891932558,37263
"(0.8810064268049709, 0.9779263059241357)",1,94.92023845069916,37264
"(0.3550798514340383, 0.964731521366774)",1,94.92023747627118,37265
"(0.5325664251207729, 0.9724767641996556)",1,94.92022658537093,37266
"(0.8136244723706807, 0.9643944553313464)",2,94.91982835540068,37268
"(0.9198203842940684, 0.950431439792024)",1,94.919741528165,37269
"(0.8975998588152243, 0.9539272400433172)",1,94.9196287690328,37270
"(0.8472645812528676, 0.9607612022680516)",2,94.91952852610356,37272
"(0.9645938855657314, 0.9609357631051972)",1,94.91913756285788,37273
"(0.4904033495004767, 0.9650076460904662)",1,94.918868449259,37274
"(0.950392857142857, 0.9874957118353344)",1,94.91882985551229,37275
"(0.8691891027106093, 0.9645238095238096)",1,94.91875780596858,37276
"(0.931200007971039, 0.9756805807622504)",1,94.9186223296513,37277
"(0.8492240300928687, 0.9604782992262008)",1,94.9185850612892,37278
"(0.8685314685314685, 0.9764666952752286)",1,94.91852297511566,37279
"(0.6813936996863826, 0.972045976510262)",1,94.9185032610386,37280
"(0.7962102115226081, 0.95153153367707)",2,94.91846855172524,37282
"(0.9156086605607608, 0.9604782992262008)",1,94.91841020015453,37283
"(0.9539272400433172, 0.9573389777809668)",1,94.91837353850896,37284
"(0.3584187972458953, 0.9764666952752286)",1,94.9181858194705,37285
"(0.9712822597033124, 0.9603476243044132)",1,94.91801707367742,37286
"(0.7665484369555701, 0.9764666952752286)",1,94.91797358570368,37287
"(0.9161952650324744, 0.9833229101521784)",1,94.9177051925182,37288
"(0.8219317364145453, 0.960376642453574)",1,94.91767573941384,37289
"(0.7984443237466936, 0.9690968282937898)",1,94.917368073321,37290
"(0.8449106413122807, 0.964269276237512)",1,94.91731065457432,37291
"(0.9474444882407044, 0.9549898727213622)",3,94.91728103655116,37294
"(0.5708341567310015, 0.9690968282937898)",1,94.91718869922408,37295
"(0.9080024622960912, 0.9560315719855194)",1,94.91700180824508,37296
"(0.9168447876447876, 0.960851077856154)",1,94.9168805315044,37297
"(0.8074780204479453, 0.9749910873440284)",2,94.91675377617462,37299
"(0.943455134862934, 0.9540153992631536)",1,94.91648867257342,37300
"(0.5695633155937887, 0.9538370349708868)",1,94.9163121843728,37301
"(0.4055005521435353, 0.973302188553828)",1,94.91620030341342,37302
"(0.8724354204315935, 0.9474734084130092)",1,94.91619812349352,37303
"(0.7516483516483518, 0.972420634920635)",1,94.91610425316507,37304
"(0.8176857647247633, 0.95749335833724)",2,94.91597552959706,37306
"(0.8236576068338691, 0.9779263059241357)",3,94.91597348273294,37309
"(0.8955173107890498, 0.9749910873440284)",1,94.91585886504924,37310
"(0.9043086298506712, 0.9399984999624992)",3,94.91563434844232,37313
"(0.8066487122350412, 0.9650450950662368)",1,94.9155990933638,37314
"(0.7809697522419821, 0.964269276237512)",1,94.9155818450206,37315
"(0.931093393134094, 0.9466151061674828)",1,94.91546369846566,37316
"(0.9574285714285714, 0.9716190476190476)",1,94.9152969997806,37317
"(0.9170904871819552, 0.9540153992631536)",1,94.91512080867004,37318
"(0.9399739902831624, 0.9609357631051972)",1,94.91511189801044,37319
"(0.5297912526658138, 0.9780958243562125)",1,94.91508970728276,37320
"(0.960851077856154, 0.957036102484472)",1,94.91508572152198,37321
"(0.7600022352306796, 0.964731521366774)",1,94.91500961630112,37322
"(0.9499887474681804, 0.9624810060092922)",1,94.91499860342284,37323
"(0.7611229730509549, 0.9539707149009474)",1,94.91497918415476,37324
"(0.8874191651969431, 0.9861673414304992)",2,94.91490019228245,37326
"(0.5623030806931559, 0.9624786493233478)",1,94.91483883407828,37327
"(0.7923306301473605, 0.9764666952752286)",1,94.9148354293134,37328
"(0.6361158710730316, 0.9764666952752286)",1,94.91469753879886,37329
"(0.9498754528985508, 0.960851077856154)",1,94.91469446831056,37330
"(0.8868202139097957, 0.9524759409451032)",1,94.91422636726986,37331
"(0.7374768177381903, 0.964523301198322)",1,94.91362994310586,37332
"(0.8887202421952387, 1.0)",1,94.9136061172179,37333
"(0.9224996008939976, 0.9619736581501288)",1,94.91358576297166,37334
"(0.7971433156796661, 0.9624978905063408)",1,94.91337541069672,37335
"(0.9128205128205128, 0.9501177394034536)",1,94.91326259831337,37336
"(0.6415148305084746, 0.9749910873440284)",1,94.91287724544242,37337
"(0.9238400660955778, 0.9712822597033124)",1,94.91285053321523,37338
"(0.9462256234379848, 0.9573389777809668)",1,94.91266892118824,37339
"(0.7662347176323114, 0.9472378863826232)",2,94.91266723616576,37341
"(0.8263489874613754, 0.9524925769651508)",1,94.91261720695668,37342
"(0.8948142000428356, 0.9749656593406592)",1,94.91216945476718,37343
"(0.8941425546930134, 0.9499799919967988)",1,94.91211385265365,37344
"(0.8130477958637364, 0.9649122807017544)",1,94.91181835897892,37345
"(0.9373666512059368, 0.9749910873440284)",2,94.91172620631278,37347
"(0.7562113669577382, 0.9895366531104762)",2,94.91151477095856,37349
"(0.8730304179305696, 0.9539707149009474)",1,94.91146949458104,37350
"(0.8806608357628766, 0.9607612022680516)",3,94.91136747838507,37353
"(0.8459744503862151, 0.972045976510262)",1,94.91133007236488,37354
"(0.9424967654430562, 0.9599959995999598)",1,94.91120868666444,37355
"(0.6108314263920671, 0.9861673414304992)",1,94.91107226598972,37356
"(0.9549718574108818, 0.95749335833724)",1,94.91103393130344,37357
"(0.7027263407347917, 0.9779263059241357)",8,94.91101153434036,37365
"(0.7392209336901576, 0.9690968282937898)",1,94.91076209417396,37366
"(0.9425645194066248, 0.9574285714285714)",1,94.91069761857104,37367
"(0.3156025164620441, 0.9538370349708868)",1,94.91069080912618,37368
"(0.642393019586002, 0.964731521366774)",3,94.90982858249257,37371
"(0.9147108205622834, 0.9690968282937898)",4,94.90982046133772,37375
"(0.8656595443322052, 0.9682365436156678)",1,94.90980972697848,37376
"(0.831031066037186, 0.951578401747332)",1,94.90977048239134,37377
"(0.8160331384015596, 0.960376642453574)",3,94.90976634691656,37380
"(0.8248508603719991, 0.9644491481508056)",1,94.90968700470069,37381
"(0.8353823801019199, 0.960851077856154)",1,94.90954396468558,37382
"(0.7304951237809453, 0.9643944553313464)",1,94.90952380225546,37383
"(0.9677353740627908, 0.9749052909377262)",1,94.90946971007304,37384
"(0.9645938855657314, 0.960666032023912)",1,94.90944652553648,37385
"(0.9162596992611264, 0.958109559613319)",1,94.90939832051804,37386
"(0.8124923632552741, 0.972420634920635)",1,94.90934567049172,37387
"(0.7727171016497488, 0.9539707149009474)",1,94.90933462022836,37388
"(0.7866204373351484, 0.9575126626788776)",1,94.90926568126132,37389
"(0.9524759409451032, 0.9474996718729491)",2,94.90912012868608,37391
"(0.7984443237466936, 0.9646309224447688)",1,94.90902176333395,37392
"(0.743426756591496, 0.956140350877193)",1,94.908978408468,37393
"(0.9468391231269042, 0.9540153992631536)",1,94.90894788446988,37394
"(0.9250895679662802, 0.9573389777809668)",1,94.90891209196374,37395
"(0.7394745529782975, 0.9689189189189188)",1,94.90878160366104,37396
"(0.8146431881371641, 0.9599909979745442)",1,94.90864648520795,37397
"(0.6173922423091859, 0.951892755797645)",1,94.90862371638262,37398
"(0.7761555341771514, 0.9574976092405196)",3,94.90825705810263,37401
"(0.950392857142857, 0.962470105966915)",1,94.90813695977587,37402
"(0.7930780217019975, 0.9692608993981562)",3,94.9081064538707,37405
"(0.8572686362747016, 0.9472378863826232)",3,94.9080474966074,37408
"(0.9269284534248317, 0.9538370349708868)",1,94.9078086039831,37409
"(0.8132775534810647, 0.964269276237512)",2,94.90759021830353,37411
"(0.9528533742496432, 0.9571428571428572)",3,94.90755868333744,37414
"(0.8605691443799373, 0.9779870235853187)",1,94.90732437771854,37415
"(0.8630275974025975, 0.95749335833724)",3,94.90730318713126,37418
"(0.8810064268049709, 0.9690968282937898)",1,94.9071709955652,37419
"(0.979166518665308, 0.987463247273494)",4,94.90712367963565,37423
"(0.3744056009122709, 0.9719561653550308)",1,94.90699269858692,37424
"(0.9156871035940805, 0.9650450950662368)",1,94.90696855839808,37425
"(0.8472645812528676, 0.9535144014828052)",1,94.9069131293422,37426
"(0.9047619047619048, 0.9499687304565354)",1,94.9068164690634,37427
"(0.8641941110085154, 0.9779263059241357)",3,94.90663036697192,37430
"(0.8486032411108712, 0.94291309888229)",1,94.90643446540408,37431
"(0.893146638589877, 0.988167361639188)",2,94.90643112645267,37433
"(0.8876281048778143, 0.9642857142857144)",1,94.90627047870048,37434
"(0.8729557812660307, 0.964731521366774)",1,94.90618531651336,37435
"(0.6333118819585527, 0.9652022669532928)",2,94.90607092236424,37437
"(0.9436368312757202, 1.0)",1,94.90585658957208,37438
"(0.95153153367707, 0.9528125324922884)",1,94.90580877435497,37439
"(0.9294287857678706, 0.964269276237512)",1,94.90564512112836,37440
"(0.7073334452089277, 0.9524759409451032)",1,94.90562798422874,37441
"(0.9680383516315252, 0.9641028246291404)",1,94.90557805052651,37442
"(0.8003236732894304, 0.9644491481508056)",1,94.90534733350962,37443
"(0.7956835535720512, 0.9767441860465116)",1,94.9053186997535,37444
"(0.3875802750555293, 0.9746587689338054)",1,94.90525119062106,37445
"(0.9424190267563762, 0.965)",1,94.90500713885136,37446
"(0.8657434402332361, 0.9645238095238096)",1,94.90495998888674,37447
"(0.5356353691697385, 0.9692608993981562)",1,94.90480546189394,37448
"(0.9311507936507936, 0.9861673414304992)",1,94.90478077932887,37449
"(0.7923306301473605, 0.9643944553313464)",1,94.90470919840452,37450
"(0.7101858663902063, 0.9539707149009474)",1,94.90468898976482,37451
"(0.8705264551431975, 0.9643944553313464)",1,94.90451027031958,37452
"(0.9398731501057084, 0.9766918866148322)",1,94.90410512547814,37453
"(0.4879844209168711, 0.9773569730585552)",2,94.9039851088547,37455
"(0.9569233895549684, 0.9574285714285714)",4,94.90387602048658,37459
"(0.8860074211502783, 0.9468391231269042)",1,94.90377441853325,37460
"(0.9280076478086086, 0.9468391231269042)",1,94.90340818956358,37461
"(0.9460809481025116, 0.9498754528985508)",1,94.90327794866738,37462
"(0.950608853052493, 0.950431439792024)",2,94.90311779896604,37464
"(0.7731997731997731, 0.9574976092405196)",1,94.90306570376526,37465
"(0.9084080904123386, 0.95)",1,94.903046186173,37466
"(0.5187734941865547, 0.972281746031746)",1,94.90298579134397,37467
"(0.9392111404005912, 0.9643698138596096)",1,94.90298157713475,37468
"(0.7992282793924381, 0.9764666952752286)",4,94.9029448811026,37472
"(0.9665831244778612, 1.0)",1,94.90264944235116,37473
"(0.8686037591100882, 0.9536268754076972)",1,94.9026326591788,37474
"(0.9243000100356984, 0.9539272400433172)",1,94.90263212652984,37475
"(0.7884092310206264, 0.9764666952752286)",1,94.90255050705908,37476
"(0.8103292776312431, 0.9645238095238096)",1,94.9025251112483,37477
"(0.6164277827081168, 0.9528959415746864)",1,94.90246988110536,37478
"(0.9505232430050672, 0.9715593185206444)",1,94.90245025785026,37479
"(0.8623077787842691, 0.9572437766315318)",2,94.90225793617716,37481
"(0.8623077787842691, 0.9573389777809668)",2,94.90221885677008,37483
"(0.8402876991030895, 0.9767441860465116)",1,94.90219964606936,37484
"(0.9497171590194846, 1.0)",1,94.9020194245961,37485
"(0.7984443237466936, 0.964731521366774)",1,94.9018431471722,37486
"(0.8428883536673643, 0.9736842105263158)",1,94.90182903931488,37487
"(0.966586548597934, 0.9561664571987154)",1,94.90168824653504,37488
"(0.8750020493421985, 0.9469463836671532)",1,94.90160152965736,37489
"(0.8916989083023239, 0.9468391231269042)",1,94.90154746254244,37490
"(0.9643944553313464, 0.9764666952752286)",2,94.90150237019056,37492
"(0.9706172005998612, 0.9958292603453894)",4,94.90145364361264,37496
"(0.4042620013682356, 0.964731521366774)",3,94.90133918183574,37499
"(0.8845244231527244, 0.9538370349708868)",1,94.90123783031454,37500
"(0.8777008472715792, 0.966883546163799)",1,94.90122691838468,37501
"(0.8498641779745659, 0.9599989999749994)",1,94.9011779496661,37502
"(0.95749335833724, 0.949954959463517)",1,94.90092436306196,37503
"(0.8656512412692597, 0.9650450950662368)",1,94.90086892551776,37504
"(0.8604306971015356, 0.972252530763169)",1,94.90040007924355,37505
"(0.9297029951545278, 0.9624978905063408)",1,94.90038125519568,37506
"(0.9503333333333333, 0.947035873779261)",1,94.90006955090176,37507
"(0.876112115732369, 0.9463627709416984)",1,94.9000240677967,37508
"(0.8428883536673643, 0.9780434995701116)",1,94.90000858035948,37509
"(0.8263489874613754, 0.9524925769651508)",1,94.89972581490224,37510
"(0.8453642237906118, 0.9607612022680516)",2,94.8996975978827,37512
"(0.8360544217687076, 0.9515714518877016)",3,94.89965220947212,37515
"(0.9665831244778612, 1.0)",2,94.89951960071672,37517
"(0.8623077787842691, 0.9535144014828052)",1,94.89922075382869,37518
"(0.9468391231269042, 0.9540153992631536)",6,94.89904292983118,37524
"(0.9665831244778612, 1.0)",1,94.8989824631222,37525
"(0.9508264734071186, 0.9876066164491212)",1,94.8989080979349,37526
"(0.8455704732698088, 0.9861310021084456)",1,94.89889121299169,37527
"(0.8623077787842691, 0.960851077856154)",1,94.8988081966858,37528
"(0.9311507936507936, 0.9861673414304992)",1,94.89873669786824,37529
"(0.9224996008939976, 0.9749910873440284)",1,94.89859452639784,37530
"(0.7033761190810052, 0.9574784734771978)",1,94.8985516684256,37531
"(0.9524973279746984, 0.94999499949995)",2,94.89843065488536,37533
"(0.9259776164181792, 0.9516956990542454)",1,94.89836995851654,37534
"(0.891143553556146, 0.951437873033098)",3,94.8982950087082,37537
"(0.8685314685314685, 0.9643944553313464)",1,94.89827716616738,37538
"(0.7946380416968652, 0.9876066164491212)",1,94.89805794067968,37539
"(0.7778533896115083, 0.9779870235853187)",1,94.89794867877002,37540
"(0.929787607512726, 0.9524497750749228)",1,94.89793268382172,37541
"(0.852417321342681, 0.9690968282937898)",1,94.89789613018564,37542
"(0.7545469576719577, 1.0)",1,94.89784236275904,37543
"(0.9715593185206444, 0.9463627709416984)",1,94.89781781270038,37544
"(0.8470413622709255, 0.9690968282937898)",1,94.89765498861544,37545
"(0.8702889400021048, 0.950431439792024)",1,94.89763953479935,37546
"(0.7661660447761194, 0.9749910873440284)",1,94.89753378038527,37547
"(0.90903917799718, 0.9643698138596096)",1,94.8974863365763,37548
"(0.8754251916804338, 0.9722222222222222)",1,94.8974796344134,37549
"(0.8560431327428892, 0.9559144017084672)",1,94.89740587080534,37550
"(0.8459744503862151, 0.972045976510262)",2,94.89735728156268,37552
"(0.93600846667145, 0.9540153992631536)",1,94.89735214715108,37553
"(0.9466151061674828, 0.9572437766315318)",3,94.8972964466937,37556
"(0.9315095328894416, 0.960851077856154)",1,94.89719766543224,37557
"(0.8613150576270225, 0.9690968282937898)",1,94.8969207303996,37558
"(0.8171936889795594, 0.9690968282937898)",1,94.89685318435308,37559
"(0.9192093318943212, 0.9760403530895334)",2,94.89676812115977,37561
"(0.8574011356980978, 0.9599989999749994)",1,94.89674840854336,37562
"(0.8330958052404215, 0.9495014245014244)",1,94.89674209241431,37563
"(0.843845350684385, 0.9605654571878554)",1,94.89651169997148,37564
"(0.8360613745229131, 0.9524997031231444)",1,94.89651094380206,37565
"(0.812231932146279, 0.9499987499687492)",1,94.8963543477715,37566
"(0.8128441201209393, 0.964269276237512)",1,94.8962010800401,37567
"(0.930124456440246, 0.972420634920635)",1,94.89610409996996,37568
"(0.9374843410636878, 0.9833251873574456)",2,94.89599741476472,37570
"(0.7611229730509549, 0.9539707149009474)",1,94.89588768488528,37571
"(0.6518518518518519, 0.9767441860465116)",1,94.89580364632846,37572
"(0.8702889400021048, 0.9573389777809668)",3,94.8957403053952,37575
"(0.9624885121068328, 0.9549718574108818)",1,94.89565621029062,37576
"(0.6333118819585527, 0.9650450950662368)",1,94.89524182808762,37577
"(0.9017623122369548, 0.960851077856154)",1,94.89523237362914,37578
"(0.5773079633544751, 0.964269276237512)",1,94.89499618890612,37579
"(0.9599989999749994, 0.9374996093725584)",1,94.89490641676048,37580
"(0.8058308902229048, 0.9646309224447688)",1,94.89466982052645,37581
"(0.8165509259259259, 1.0)",1,94.89464430774578,37582
"(0.5658363926786454, 0.9538370349708868)",1,94.89463673782988,37583
"(0.7946380416968652, 0.9874877810361682)",1,94.89458879504744,37584
"(0.8185034935353271, 0.9690968282937898)",1,94.89451728630624,37585
"(0.8395301149279116, 0.9764666952752286)",1,94.89449783919308,37586
"(0.8547143556631046, 0.9690968282937898)",1,94.89444606751994,37587
"(0.7602379596828609, 0.9749910873440284)",1,94.89414594232468,37588
"(0.7837606837606838, 0.9861673414304992)",1,94.89412298429542,37589
"(0.8930530569999261, 0.9289986228605154)",1,94.89398750715594,37590
"(0.5145696010475885, 0.9861310021084456)",2,94.89396248602554,37592
"(0.7891673497098101, 0.9780434995701116)",1,94.89383561838066,37593
"(0.4127533358159737, 0.9672183042788038)",1,94.89377998298995,37594
"(0.9388917411828462, 0.9573389777809668)",1,94.89361720950318,37595
"(0.6702803520428978, 0.9690968282937898)",1,94.89342255523846,37596
"(0.9373666512059368, 0.9749910873440284)",1,94.89328525268216,37597
"(0.8795903283708161, 0.9532701550221768)",1,94.8931885045809,37598
"(1.0, 1.0)",1,94.89301792879483,37599
"(0.9295946890286512, 1.0)",1,94.89298039223006,37600
"(0.8360544217687076, 0.9384442007797272)",3,94.89294012434172,37603
"(0.8964397027091824, 0.9501177394034536)",1,94.89290477514476,37604
"(0.8691891027106093, 0.9610899532226684)",1,94.89272588720895,37605
"(0.8959020234471636, 0.9516956990542454)",2,94.8927006286976,37607
"(0.9287396277192196, 0.9536268754076972)",1,94.89257269251242,37608
"(0.8846362470895226, 0.95)",1,94.89239984678495,37609
"(0.8472645812528676, 0.9532701550221768)",1,94.89221175529634,37610
"(0.8160331384015596, 0.9601502499942144)",2,94.89196858419936,37612
"(0.7866204373351484, 0.9537330920118182)",1,94.8917021633541,37613
"(0.4737094237094237, 0.9861310021084456)",1,94.89152388155662,37614
"(0.6415148305084746, 0.9622598627787308)",1,94.8913725072498,37615
"(0.497102057514807, 0.976008000215454)",1,94.89129690234128,37616
"(0.8685314685314685, 0.9522870228046522)",1,94.8912859205405,37617
"(0.8672602388063438, 0.949954959463517)",1,94.89126730761912,37618
"(0.6796326875518447, 0.9692608993981562)",1,94.89122669893746,37619
"(0.8829656107481818, 0.964731521366774)",1,94.89121732672533,37620
"(0.9187883397948668, 0.9681034738761426)",1,94.89116150395633,37621
"(0.8091777408637875, 0.9539707149009474)",1,94.89111468137725,37622
"(0.925, 0.9495014245014244)",1,94.89100327787004,37623
"(0.7892398948433432, 0.9580331374974232)",1,94.89085304459206,37624
"(0.3592666181139386, 0.9767441860465116)",1,94.8908481139821,37625
"(0.8920790698579406, 0.950431439792024)",1,94.89054210391808,37626
"(0.8221762134805614, 0.958109559613319)",1,94.89014353823772,37627
"(0.8480357142857143, 0.9610153569597296)",3,94.8901129594994,37630
"(0.9019292060258446, 0.9861673414304992)",1,94.8899235130836,37631
"(0.8895939931776995, 0.9622598627787308)",1,94.88985239559564,37632
"(0.9235929095176316, 0.9574285714285714)",1,94.88975271168071,37633
"(0.8340166019865393, 0.9749910873440284)",1,94.8896957685015,37634
"(0.9142857142857144, 0.9540153992631536)",1,94.88964479054816,37635
"(0.7283553674089667, 0.9652026907879842)",1,94.88961140777,37636
"(0.6818181818181819, 0.9650450950662368)",1,94.88917450050693,37637
"(0.9043086298506712, 0.9649991249781243)",1,94.8888201274286,37638
"(0.869254101161996, 0.956240913452974)",1,94.88855609135626,37639
"(0.9372650231764934, 0.9749395281084088)",1,94.88850759679508,37640
"(0.4943189964157706, 0.9861673414304992)",2,94.88844549830934,37642
"(0.9280076478086086, 0.9610899532226684)",1,94.88835799946642,37643
"(0.5321723486270682, 0.97999799919968)",1,94.88835574157564,37644
"(0.950392857142857, 0.9749656593406592)",1,94.8881702609804,37645
"(0.8428938985542759, 0.9495014245014244)",1,94.88785115407246,37646
"(0.2865293391016927, 0.9646309224447688)",1,94.88769234095736,37647
"(0.6500643039705666, 0.964523301198322)",1,94.887631177063,37648
"(0.7930780217019975, 0.9691818330194464)",1,94.8874764543584,37649
"(0.8613133624575272, 0.9524997031231444)",1,94.88732270740556,37650
"(0.7630195891065458, 0.9524925769651508)",2,94.88721749066066,37652
"(0.8203330736990467, 0.9767441860465116)",1,94.88716385092717,37653
"(0.8003236732894304, 0.960851077856154)",3,94.8871550527526,37656
"(0.9528629190035216, 0.9289986228605154)",1,94.88707813316452,37657
"(0.8662285714285716, 0.9575126626788776)",1,94.8870364948162,37658
"(0.5708341567310015, 0.9690968282937898)",1,94.88684063203765,37659
"(0.9145191703331238, 0.9474970467088774)",2,94.88675684182871,37661
"(0.8885908209437621, 0.9572437766315318)",1,94.88665925613776,37662
"(0.8312205288949474, 0.9645985304336254)",1,94.8866135315885,37663
"(0.9609357631051972, 0.9493061979648474)",1,94.88652584529844,37664
"(0.9212328545548654, 0.9605654571878554)",1,94.88641634421192,37665
"(0.9748076591340348, 0.9916585206907788)",4,94.88627884567236,37669
"(0.9146901709401708, 0.972281746031746)",2,94.88623589766875,37671
"(0.7049247335867055, 0.9495014245014244)",2,94.88614836408246,37673
"(0.9833229101521784, 1.0)",1,94.88603339552384,37674
"(0.9272595017275868, 0.9474996718729491)",3,94.88602342832054,37677
"(0.9295946890286512, 1.0)",2,94.8860115322648,37679
"(0.8547539417104635, 0.9474917955930616)",3,94.88600591294556,37682
"(0.9537330920118182, 0.9535144014828052)",1,94.88598417910598,37683
"(0.8016677935542034, 0.9833229101521784)",1,94.88595141891815,37684
"(0.855702280912365, 0.940930997520722)",5,94.88574676183488,37689
"(0.6746336326928433, 0.964731521366774)",1,94.88567883801926,37690
"(0.9142857142857144, 0.9540153992631536)",1,94.88546000112902,37691
"(0.8380855812016494, 0.9690968282937898)",3,94.8852848983868,37694
"(0.7485755465708296, 0.9861310021084456)",1,94.88513336584997,37695
"(0.642393019586002, 0.9736189431913116)",1,94.88507209960164,37696
"(0.911911525974026, 0.9536268754076972)",1,94.88501077119426,37697
"(0.775671600877193, 0.9692608993981562)",1,94.88500229391887,37698
"(0.9531381014506703, 0.9538331745788698)",1,94.88478687926371,37699
"(0.9146779555619334, 0.9572437766315318)",1,94.88477665228214,37700
"(0.7547920901036461, 0.9556541264979026)",1,94.88464153121578,37701
"(0.5990872838163477, 0.96)",1,94.8846270109981,37702
"(0.9645238095238096, 0.9607612022680516)",2,94.88455744580097,37704
"(0.9707802886550516, 0.9958292603453894)",4,94.88452680932924,37708
"(0.859079950617616, 0.9572437766315318)",2,94.8844779122556,37710
"(0.8177442148030384, 1.0)",1,94.88436762577273,37711
"(0.9603476243044132, 0.9712822597033124)",1,94.88432674996324,37712
"(0.8885908209437621, 0.9501177394034536)",1,94.88432128646954,37713
"(0.9424190267563762, 0.9474734084130092)",1,94.88407892404577,37714
"(0.8899966931216932, 0.9861310021084456)",1,94.88403544312465,37715
"(0.8514626506510005, 0.9644491481508056)",1,94.8837844641748,37716
"(0.8623077787842691, 0.9575126626788776)",1,94.88356207863104,37717
"(0.9348222545262322, 0.9574285714285714)",1,94.8835526553165,37718
"(0.6530678548222407, 0.9648252575884156)",1,94.88330133751596,37719
"(0.8137861130877186, 0.964269276237512)",1,94.8831293924354,37720
"(0.8288092915955513, 0.9719592578330004)",1,94.88272741335828,37721
"(0.8662285714285716, 0.9540153992631536)",1,94.88265547975053,37722
"(0.9539272400433172, 0.9572437766315318)",3,94.88221628640896,37725
"(0.9385964912280702, 0.9690968282937898)",1,94.88213764105174,37726
"(0.7323163951070927, 0.9522870228046522)",2,94.8820705477236,37728
"(0.8288092915955513, 0.9726346885009908)",1,94.88194514939065,37729
"(0.8887940768066828, 0.964269276237512)",1,94.8817688115972,37730
"(0.9462256234379848, 0.9680383516315252)",1,94.88159901733808,37731
"(0.833630878109023, 0.9574784734771978)",1,94.88153712823645,37732
"(0.9166145507608924, 1.0)",1,94.8814249131504,37733
"(0.911911525974026, 0.9469408453036384)",1,94.88133977834124,37734
"(0.950431439792024, 0.9576647311878512)",2,94.88131174218252,37736
"(0.902192297684101, 0.9861310021084456)",1,94.88131103630975,37737
"(0.8558506308506308, 0.9440529448756316)",2,94.88120528497672,37739
"(0.6003561059603759, 0.9764666952752286)",1,94.88117574201895,37740
"(0.7820135271430143, 0.9643944553313464)",1,94.88102491887824,37741
"(0.960666032023912, 0.9640038239043044)",1,94.88087205717312,37742
"(0.863519546228977, 0.9466127311522048)",1,94.88084289523589,37743
"(0.8574011356980978, 0.9599989999749994)",1,94.880808396676,37744
"(0.9572437766315318, 0.9751915907925552)",1,94.88077532299388,37745
"(0.7440767664806348, 0.964269276237512)",1,94.88066612515688,37746
"(0.7729742929217565, 0.9675648725537984)",2,94.88053142169451,37748
"(0.6903919323688259, 0.960572483841182)",1,94.8804983361998,37749
"(0.943552974917135, 0.9749052909377262)",1,94.8804340309496,37750
"(0.8745694076353437, 0.956140350877193)",3,94.88032211050084,37753
"(0.8365328658269835, 0.9876066164491212)",1,94.88017602212668,37754
"(0.9466127311522048, 0.9690057499955)",1,94.88014103182148,37755
"(0.9756244289830628, 0.9958292603453894)",4,94.88003616970111,37759
"(0.8472645812528676, 0.9498754528985508)",1,94.87994701630214,37760
"(0.9192093318943212, 0.9882048106149588)",1,94.87986116003088,37761
"(0.8003236732894304, 0.960851077856154)",3,94.8797150739229,37764
"(0.8287392966468705, 0.9735486410250802)",1,94.87958302611166,37765
"(0.9043086298506712, 0.9524997031231444)",1,94.87945825867946,37766
"(0.8145048060975228, 0.964731521366774)",1,94.87935467744464,37767
"(0.5638826889384886, 0.9764666952752286)",1,94.87933756514586,37768
"(0.8029092456511812, 0.9722963866632236)",1,94.87933588926155,37769
"(0.7801059423865424, 0.9539707149009474)",1,94.8793243687019,37770
"(0.9043086298506712, 0.9549898727213622)",1,94.87925093515672,37771
"(0.8976982097186702, 1.0)",1,94.87913714575411,37772
"(0.9198203842940684, 0.950431439792024)",1,94.87905986304064,37773
"(0.8517341550708587, 0.9539707149009474)",1,94.8790419603871,37774
"(0.8572686362747016, 0.960376642453574)",2,94.87896012907456,37776
"(0.9535144014828052, 0.9502288074111276)",1,94.87888561509884,37777
"(0.8941425546930134, 0.9574997343733398)",2,94.8787945298176,37779
"(0.922324745206372, 0.9599909979745442)",1,94.87878572343938,37780
"(0.960851077856154, 0.9353850843324528)",1,94.87869508319764,37781
"(0.957036102484472, 0.9538331745788698)",1,94.87861884935134,37782
"(0.9566795633209296, 0.9676485688615069)",1,94.87848252952809,37783
"(0.8623077787842691, 0.9575126626788776)",3,94.87826243801145,37786
"(0.860351329677713, 0.9539707149009474)",2,94.87817112328604,37788
"(0.8315416458960965, 0.988167361639188)",1,94.87797214932768,37789
"(0.9069647153947764, 0.9678176625650188)",1,94.8779326368276,37790
"(0.9537330920118182, 0.9575913511472004)",1,94.87767079520476,37791
"(0.6415148305084746, 0.9749910873440284)",1,94.87750365448356,37792
"(0.8438719750195159, 0.96)",1,94.8775014134821,37793
"(0.7760416666666667, 0.9624978905063408)",2,94.87742561953158,37795
"(0.3592666181139386, 0.9529751605618932)",1,94.8773954820876,37796
"(0.8656512412692597, 0.9650450950662368)",1,94.87730839737075,37797
"(0.6936817460684196, 0.9601502499942144)",2,94.8772864183304,37799
"(0.9645938855657314, 0.9751915907925552)",1,94.87718318001173,37800
"(0.826804915514593, 0.9572437766315318)",1,94.87712217767388,37801
"(0.8995772689779955, 0.9749910873440284)",1,94.87709735881428,37802
"(0.9665831244778612, 1.0)",1,94.87690429842895,37803
"(0.841184456569072, 0.9624978905063408)",1,94.87689757763792,37804
"(0.839627810315511, 0.9572437766315318)",1,94.87688945107236,37805
"(0.8146431881371641, 0.9574976092405196)",3,94.87683437103487,37808
"(0.7923306301473605, 0.9643944553313464)",2,94.87667576684272,37810
"(0.7956953792242888, 0.9599989999749994)",1,94.87640069118474,37811
"(0.8536761519572441, 0.9539707149009474)",1,94.87633470068404,37812
"(0.95749335833724, 0.9424823852304768)",1,94.87629744726466,37813
"(0.9227792207792208, 0.9607612022680516)",2,94.8760798183609,37815
"(0.931093393134094, 0.9537330920118182)",1,94.87580429847276,37816
"(0.9537330920118182, 0.9501177394034536)",1,94.875794560487,37817
"(0.7731997731997731, 0.9574976092405196)",1,94.87572450051546,37818
"(0.8623077787842691, 0.9468391231269042)",1,94.87569113750298,37819
"(0.8131546784916719, 0.949954959463517)",1,94.87538215692724,37820
"(0.7547920901036461, 0.9736189431913116)",1,94.87535656985948,37821
"(0.5297912526658138, 0.9601502499942144)",1,94.87532988623076,37822
"(0.95749335833724, 0.9524854486686548)",3,94.87520784485918,37825
"(0.8148308968977662, 0.9861673414304992)",2,94.87514234270276,37827
"(0.9450323339212228, 0.972045976510262)",1,94.8751139031812,37828
"(0.924772436620778, 0.9499887474681804)",1,94.8747667849306,37829
"(0.8584585597141259, 0.9735486410250802)",3,94.87460826852524,37832
"(0.8453642237906118, 0.960851077856154)",1,94.8745884583288,37833
"(0.9172008547008548, 0.9861673414304992)",1,94.87449068792492,37834
"(0.7612209453612427, 0.964269276237512)",1,94.874490294165,37835
"(0.917849761232425, 0.9767441860465116)",1,94.8742079282645,37836
"(0.8250850808981499, 0.9574784734771978)",1,94.87401534434862,37837
"(0.9098809643282124, 0.950431439792024)",1,94.8734360553046,37838
"(0.9018806250259218, 1.0)",4,94.87313528652092,37842
"(0.8951521235521236, 0.9536268754076972)",1,94.87300234065503,37843
"(0.9469408453036384, 0.9503333333333333)",1,94.87280462846098,37844
"(0.549126531469076, 0.9690968282937898)",3,94.87275938103792,37847
"(0.7772049591964847, 0.972045976510262)",2,94.87259581505984,37849
"(0.9524759409451032, 0.9424996406227538)",2,94.87253566553322,37851
"(0.8492240300928687, 0.9736189431913116)",1,94.87246655362436,37852
"(0.8274062797908469, 0.9648252575884156)",1,94.87243581133816,37853
"(0.8334507869391591, 0.9643944553313464)",1,94.872235540087,37854
"(0.8552744708994707, 1.0)",1,94.87211323702375,37855
"(0.656307097369308, 0.9538370349708868)",1,94.87184894541647,37856
"(0.8449106413122807, 0.964269276237512)",2,94.87151487681486,37858
"(0.8165509259259259, 1.0)",1,94.8714888581219,37859
"(0.4255117986159442, 0.9650450950662368)",1,94.87146016828548,37860
"(0.9860411258716344, 0.972045976510262)",1,94.8713725543787,37861
"(0.8334750774705025, 0.9529751605618932)",1,94.87096490677918,37862
"(0.531676585713205, 0.9736461577577564)",1,94.87093228504384,37863
"(0.7760416666666667, 0.9599909979745442)",2,94.87070224816026,37865
"(0.9609357631051972, 0.952999227799228)",2,94.8705065666277,37867
"(0.8299532564778442, 0.9643944553313464)",2,94.87048356018028,37869
"(0.8972301136363636, 0.960851077856154)",1,94.87045042683562,37870
"(0.81893131227901, 1.0)",2,94.87037324983474,37872
"(0.9498754528985508, 0.9644491481508056)",2,94.87032793824034,37874
"(0.7646359274512867, 0.9650450950662368)",1,94.8703069487591,37875
"(0.6497427305672637, 0.9779263059241357)",3,94.8702613451341,37878
"(0.8976982097186702, 1.0)",1,94.87015989918032,37879
"(0.8594436844505243, 0.9643944553313464)",1,94.87011115229336,37880
"(0.960666032023912, 0.9749052909377262)",1,94.8701072630828,37881
"(0.861111111111111, 1.0)",1,94.86986915681504,37882
"(0.6907243513029603, 1.0)",1,94.86983014064144,37883
"(0.8814591883264935, 0.9522870228046522)",1,94.8697906158942,37884
"(0.8698775293089546, 0.9690968282937898)",2,94.86975731860709,37886
"(0.8165509259259259, 1.0)",1,94.86949730718696,37887
"(0.9583930063253372, 0.9861673414304992)",2,94.86941748316232,37889
"(0.8662285714285716, 0.9610153569597296)",1,94.86934050657128,37890
"(0.7761555341771514, 0.9599989999749994)",1,94.86926787396229,37891
"(0.8957538774472412, 0.9606593486924077)",1,94.869200796529,37892
"(0.8517341550708587, 0.9539707149009474)",1,94.86909458199456,37893
"(0.9348222545262322, 0.9645938855657314)",1,94.86893481580682,37894
"(0.9574285714285714, 0.960851077856154)",1,94.86884532181412,37895
"(0.9294287857678706, 0.964269276237512)",1,94.86868804807114,37896
"(0.8574011356980978, 0.9574976092405196)",1,94.86868716706935,37897
"(0.9146901709401708, 0.972281746031746)",1,94.86863957537028,37898
"(0.9392111404005912, 0.9537330920118182)",2,94.8680248530057,37900
"(0.9223799456357596, 0.988167361639188)",1,94.86802144438111,37901
"(0.8694846606452272, 0.964731521366774)",1,94.86799804791508,37902
"(0.9068661074437891, 0.9449504554098688)",3,94.86799491589252,37905
"(0.7760416666666667, 0.9574784734771978)",1,94.86777060530842,37906
"(0.6702803520428978, 0.964731521366774)",1,94.8677439242813,37907
"(0.7707647794714906, 0.9779263059241357)",1,94.86756598259367,37908
"(0.5145696010475885, 0.9861310021084456)",1,94.86745249397134,37909
"(0.950431439792024, 0.9460809481025116)",1,94.86737888372907,37910
"(0.8796475392220073, 1.0)",1,94.86736272675064,37911
"(0.9043086298506712, 0.9474996718729491)",1,94.86731245722358,37912
"(0.96, 0.9549988749718742)",1,94.86717963414998,37913
"(0.9715593185206444, 0.9571428571428572)",1,94.86694414352156,37914
"(0.9326628892940788, 0.9540977572753596)",1,94.86679643510976,37915
"(0.7168719671519223, 0.9735486410250802)",1,94.86672466286164,37916
"(0.9574784734771978, 0.9474839169495658)",3,94.8662296485146,37919
"(0.8734924499861754, 0.9559144017084672)",1,94.86620598207412,37920
"(0.9021765712888236, 0.9549898727213622)",1,94.86620354813488,37921
"(0.917283950617284, 0.9861673414304992)",1,94.8658987658379,37922
"(0.9020800849800285, 0.9540153992631536)",1,94.86588145723174,37923
"(0.8288092915955513, 0.9689089544452976)",1,94.8657116770442,37924
"(0.9, 1.0)",1,94.865677043307,37925
"(0.8514626506510005, 0.9535144014828052)",1,94.8653837051661,37926
"(0.859079950617616, 0.9537330920118182)",1,94.86526933824032,37927
"(0.8750020493421985, 0.9556541264979026)",3,94.86506404432028,37930
"(0.7002945207922506, 0.9734731918335766)",1,94.86494557364092,37931
"(0.8874191651969431, 0.9861673414304992)",1,94.8648969470147,37932
"(0.9350193449813944, 0.9536268754076972)",1,94.86418916709432,37933
"(0.7866204373351484, 0.960851077856154)",3,94.86393408858083,37936
"(0.8920790698579406, 0.9540153992631536)",1,94.8637601330675,37937
"(0.307448601280755, 0.9538370349708868)",1,94.86357634555928,37938
"(0.4990703502943405, 0.9656673832323628)",1,94.86356445450124,37939
"(0.835943054212425, 0.9735486410250802)",1,94.86349133040387,37940
"(0.8456659619450317, 0.9764666952752286)",1,94.8633687370161,37941
"(0.8026748971193415, 0.958502024291498)",1,94.86334579467947,37942
"(0.8955173107890498, 0.9749910873440284)",1,94.86316440885234,37943
"(0.912705831903945, 0.9622641509433963)",1,94.8626821780195,37944
"(0.7075023741690408, 1.0)",1,94.86228303883028,37945
"(0.8128441201209393, 0.964269276237512)",1,94.86223377177345,37946
"(0.6432772815188069, 0.9861310021084456)",1,94.86211953660938,37947
"(0.8534255683423739, 0.9690968282937898)",3,94.86210577086514,37950
"(0.9079075500409146, 0.9916585206907788)",2,94.86188145251592,37952
"(0.6736022307473716, 0.9861673414304992)",1,94.861712834136,37953
"(0.7946380416968652, 0.9876066164491212)",1,94.8615380371175,37954
"(0.9429917021753756, 0.950431439792024)",1,94.86146223576893,37955
"(0.8562003179650239, 0.9289986228605154)",1,94.86119137672004,37956
"(0.9145191703331238, 0.955)",1,94.86105659866728,37957
"(0.8449106413122807, 0.964269276237512)",1,94.86080906529908,37958
"(0.9300671002153482, 1.0)",1,94.86074877213096,37959
"(0.5773079633544751, 0.964269276237512)",1,94.8604914085287,37960
"(0.8325642300300746, 0.9559144017084672)",3,94.8604476311398,37963
"(0.9323791344788114, 0.9575126626788776)",1,94.85997269384592,37964
"(0.8475002808673183, 0.9861673414304992)",1,94.85972708914136,37965
"(0.8887419165196944, 0.958109559613319)",2,94.85962795576546,37967
"(0.5196192999992734, 0.9746526564265244)",1,94.85929562604122,37968
"(0.8310777799491891, 1.0)",1,94.85919363815148,37969
"(0.8165509259259259, 1.0)",1,94.85858230887436,37970
"(0.8768488063660478, 0.9874957118353344)",1,94.85856987419844,37971
"(0.738145558145558, 0.9861310021084456)",1,94.85855840210708,37972
"(0.6804620726495727, 1.0)",1,94.8583498096729,37973
"(0.8846362470895226, 0.9505232430050672)",1,94.85819609849575,37974
"(0.3592666181139386, 0.9767441860465116)",1,94.85795280215126,37975
"(0.9575126626788776, 0.9607612022680516)",1,94.8579511349071,37976
"(0.8090204369274137, 0.9764666952752286)",1,94.85791384994718,37977
"(0.7188585657770549, 0.9599989999749994)",1,94.8577820365058,37978
"(0.8687499999999999, 0.9643944553313464)",1,94.85771783346866,37979
"(0.9528629190035216, 0.940930997520722)",5,94.85765818708504,37984
"(0.9161952650324744, 1.0)",1,94.85757805309464,37985
"(0.8459266053144301, 0.9749910873440284)",1,94.85753627587036,37986
"(0.8560274494853222, 0.9539707149009474)",1,94.85746807336034,37987
"(0.7867950912705132, 0.9574997343733398)",1,94.85722332377834,37988
"(0.9603476243044132, 0.9531381014506703)",1,94.85721157617428,37989
"(0.7301651663828291, 0.960376642453574)",2,94.85716314100289,37991
"(0.8771934243211048, 0.9572437766315318)",1,94.85716303294257,37992
"(0.8846362470895226, 0.9644491481508056)",3,94.8571141399509,37995
"(0.7401844059863599, 0.9861673414304992)",1,94.85699207275638,37996
"(0.8248508603719991, 0.9680383516315252)",1,94.85698213103356,37997
"(0.9574784734771978, 0.9524854486686548)",2,94.85662062594722,37999
"(0.9354654378932672, 0.9709403738312612)",4,94.85652193491693,38003
"(0.8313174792337382, 0.9691818330194464)",1,94.85648355810848,38004
"(0.6911324786324786, 0.972045976510262)",2,94.85643021974678,38006
"(0.8293984195278966, 0.960376642453574)",3,94.85638027124568,38009
"(0.6544644252235129, 1.0)",1,94.85636776411476,38010
"(0.946730586052542, 0.9469408453036384)",1,94.85623434729888,38011
"(0.9599959995999598, 0.9574997343733398)",1,94.85622866401587,38012
"(0.8846362470895226, 0.9538331745788698)",1,94.85622322374604,38013
"(0.8876281048778143, 0.9677353740627908)",1,94.85613714156456,38014
"(0.95749335833724, 0.9524759409451032)",3,94.85608742121708,38017
"(0.9068661074437891, 0.932496202911414)",1,94.8558793716268,38018
"(0.9012059369202228, 0.9749910873440284)",1,94.85578656009396,38019
"(0.9498754528985508, 0.960851077856154)",3,94.85572648818936,38022
"(0.5821138211382112, 0.9650450950662368)",1,94.85571743724223,38023
"(0.8579868984630887, 0.9861673414304992)",2,94.8555606148334,38025
"(0.8274062797908469, 0.9648252575884156)",3,94.85551894253322,38028
"(0.7930780217019975, 0.9649122807017544)",1,94.85538474828276,38029
"(0.7198784150003663, 0.9691818330194464)",1,94.85536823586858,38030
"(0.8746747225950852, 0.9648252575884156)",1,94.85536534685038,38031
"(0.9080705009276436, 0.9574285714285714)",1,94.85535268822277,38032
"(0.9792406033772258, 0.9834358767945106)",1,94.85485549312634,38033
"(0.9349202773397411, 0.9574997343733398)",1,94.85468476850951,38034
"(0.8653198653198653, 1.0)",1,94.85464273472368,38035
"(0.8248508603719991, 0.9463627709416984)",1,94.85460897928095,38036
"(0.6658312447786132, 0.9574784734771978)",1,94.8544654313469,38037
"(0.8745694076353437, 0.9515714518877016)",1,94.85444192629868,38038
"(0.4414712561136905, 0.9779263059241357)",2,94.85435298991098,38040
"(0.9030683555945836, 0.9682365436156678)",1,94.85432946081808,38041
"(0.9137091172501388, 0.9495014245014244)",2,94.85421744079036,38043
"(0.486629218999443, 0.9691818330194464)",1,94.85405290601524,38044
"(0.6432772815188069, 0.972045976510262)",1,94.8540504386897,38045
"(0.9300671002153482, 1.0)",1,94.8539913064498,38046
"(0.9198203842940684, 0.9537330920118182)",1,94.85390108254158,38047
"(0.5218438528010998, 0.9861310021084456)",1,94.8538904532192,38048
"(0.2184982066412125, 0.9643944553313464)",1,94.85387868051976,38049
"(0.7891673497098101, 0.9606593486924077)",1,94.8538668914767,38050
"(0.8040695048423352, 1.0)",1,94.85381996448308,38051
"(0.9012059369202228, 0.9622598627787308)",1,94.8537506219654,38052
"(0.8445723684210527, 0.9516956990542454)",3,94.85371455942182,38055
"(0.7611229730509549, 0.9539707149009474)",1,94.8534613211349,38056
"(0.8028720724362646, 0.9692608993981562)",1,94.8534267172145,38057
"(0.9665831244778612, 1.0)",1,94.85329775144316,38058
"(0.7392209336901576, 0.9601502499942144)",1,94.85304419757668,38059
"(0.8685023559648746, 0.9495014245014244)",1,94.85293673758405,38060
"(0.835943054212425, 0.9604782992262008)",1,94.8528478321092,38061
"(0.8741703888762713, 0.9861310021084456)",1,94.85284574459232,38062
"(0.9128205128205128, 0.9540153992631536)",1,94.85256661748352,38063
"(0.7760416666666667, 0.9549718574108818)",1,94.85245802287724,38064
"(0.8688607891739799, 0.9495014245014244)",1,94.85245288736172,38065
"(0.9575126626788776, 0.9572437766315318)",1,94.8524248467753,38066
"(0.775671600877193, 0.9734731918335766)",1,94.85242093091092,38067
"(0.6870644599303137, 0.9861310021084456)",1,94.85227437432177,38068
"(0.7772049591964847, 0.9861673414304992)",1,94.85217459207352,38069
"(0.9497171590194848, 1.0)",1,94.85212994640344,38070
"(0.8351782037913426, 0.9559144017084672)",3,94.8520600033644,38073
"(0.8898894074675324, 0.9538331745788698)",1,94.85201514761404,38074
"(0.8662285714285716, 0.9505232430050672)",1,94.85187507054998,38075
"(0.7547920901036461, 0.9601502499942144)",3,94.85152164819873,38078
"(0.9610899532226684, 0.9575126626788776)",1,94.85145209367435,38079
"(0.8729557812660307, 0.9690968282937898)",1,94.85137084612047,38080
"(0.9170904871819552, 0.961159640771458)",2,94.85134489703212,38082
"(0.7583018074821354, 0.9549718574108818)",1,94.85107563024371,38083
"(0.7709171448706333, 0.964269276237512)",1,94.85100730734771,38084
"(0.8751897860593512, 0.9861673414304992)",1,94.85054249944172,38085
"(0.8438530351707455, 0.9469463836671532)",2,94.85032269202836,38087
"(0.8825487012987013, 0.9575126626788776)",1,94.8503208512282,38088
"(0.6736126824786237, 0.9424967654430562)",1,94.8503105760714,38089
"(0.9628689175769612, 0.9627229845626072)",1,94.85021398507882,38090
"(0.9539272400433172, 0.9429917021753756)",1,94.85013486019766,38091
"(0.8623833924582841, 0.9539707149009474)",1,94.84989992178782,38092
"(1.0, 1.0)",1,94.84986919996692,38093
"(0.7516483516483518, 0.972420634920635)",1,94.84980298593456,38094
"(0.8374874819183264, 0.9630499959484644)",1,94.84971445467008,38095
"(0.8166003784222112, 0.969334154098697)",1,94.84961872913416,38096
"(0.8907966222338917, 0.987491854024112)",1,94.84961661532326,38097
"(0.960851077856154, 0.9681034738761426)",1,94.84956946406275,38098
"(0.9306013489647758, 0.942439249991643)",1,94.849524586042,38099
"(0.9348222545262322, 0.9399739902831624)",1,94.84951935751688,38100
"(0.92008547008547, 0.9502288074111276)",1,94.8492792418627,38101
"(0.9575913511472004, 0.9603476243044132)",1,94.84924020175303,38102
"(0.8811945374355704, 1.0)",1,94.84915858320504,38103
"(0.8920944650062507, 0.9764666952752286)",1,94.84911841298872,38104
"(0.8131627957608075, 0.964269276237512)",1,94.84905999516816,38105
"(0.9192093318943212, 0.9882048106149588)",1,94.84868145813552,38106
"(0.8274062797908469, 0.9648252575884156)",1,94.84849413788976,38107
"(0.9645938855657314, 0.9572437766315318)",1,94.8481573087206,38108
"(0.939055706563049, 0.9645938855657314)",1,94.84811275128833,38109
"(0.826804915514593, 0.9572437766315318)",1,94.848090946238,38110
"(0.8916204986149584, 0.9646309224447688)",3,94.84806612765556,38113
"(0.8512737540052664, 0.9779870235853187)",4,94.84777566791573,38117
"(0.6809855026116619, 0.9749910873440284)",1,94.8472301273432,38118
"(0.9041196741854636, 0.9779870235853187)",1,94.84713314771123,38119
"(0.8627397499800719, 0.9736189431913116)",1,94.84707197466868,38120
"(0.8044914258149553, 0.9861310021084456)",1,94.84690768113856,38121
"(0.7872093023255814, 0.9539707149009474)",1,94.84682743441144,38122
"(0.949954959463517, 0.9449876222149984)",1,94.84670599912296,38123
"(0.8653198653198653, 1.0)",1,94.8462703352509,38124
"(0.5070372093557577, 0.972281746031746)",1,94.84620495593832,38125
"(0.9388917411828462, 0.9572437766315318)",1,94.84605692616532,38126
"(0.7713401051412279, 1.0)",1,94.84601715180318,38127
"(0.8602650098786556, 0.970269510179826)",1,94.845831425958,38128
"(0.8337893296853625, 0.9539707149009474)",1,94.84582128323412,38129
"(0.7109688804604058, 0.972281746031746)",1,94.84563594872502,38130
"(0.5685296942699924, 0.9790520741151396)",4,94.8455307392137,38134
"(0.506190861938997, 0.9650450950662368)",1,94.84537855970684,38135
"(0.9575126626788776, 0.9571428571428572)",1,94.84530632283358,38136
"(0.8685902992776057, 0.9289986228605154)",1,94.84514573421538,38137
"(0.8143540514876735, 0.9690968282937898)",3,94.84513681308728,38140
"(0.9628507148300384, 0.9876066164491212)",1,94.8448006854286,38141
"(0.922324745206372, 0.9574997343733398)",1,94.84475952875655,38142
"(0.8352271364897016, 0.964269276237512)",1,94.8446832432707,38143
"(0.8303529411764705, 0.9289986228605154)",1,94.84467651373603,38144
"(0.9026337658413128, 0.9861673414304992)",1,94.84467158893672,38145
"(0.8141106354402753, 0.9560315719855194)",1,94.84463467449666,38146
"(1.0, 1.0)",2,94.84425899609631,38148
"(0.8476190476190477, 1.0)",1,94.84422605203456,38149
"(0.9098809643282124, 0.9472063024694604)",1,94.8440740399377,38150
"(0.9250895679662802, 0.9463627709416984)",1,94.84400057328334,38151
"(0.9609357631051972, 0.9572437766315318)",1,94.84384253970826,38152
"(0.9449325423643964, 0.9524997031231444)",2,94.8438409535324,38154
"(0.8572686362747016, 0.956140350877193)",3,94.84381254880114,38157
"(0.8771566597653554, 0.9539707149009474)",1,94.84377621287535,38158
"(0.922324745206372, 0.9599989999749994)",1,94.84376944799436,38159
"(0.9080705009276436, 0.9610153569597296)",1,94.84361510583136,38160
"(0.8686037591100882, 0.9539272400433172)",1,94.84358767698691,38161
"(0.9156086605607608, 0.956140350877193)",1,94.84334562959695,38162
"(0.3702168012422018, 0.9779263059241357)",8,94.84330885424212,38170
"(0.9524854486686548, 0.95)",1,94.84311380696312,38171
"(0.7923306301473605, 0.9643944553313464)",1,94.84296414374072,38172
"(0.6260123507862112, 0.9650076460904662)",1,94.8427867546904,38173
"(0.6085487618529295, 0.941454716296154)",1,94.84277670820909,38174
"(0.839627810315511, 0.960851077856154)",1,94.84271068855844,38175
"(0.6415148305084746, 0.9749910873440284)",1,94.8426902526912,38176
"(0.8472645812528676, 0.9644491481508056)",1,94.84267860877516,38177
"(0.8752079951298701, 0.960851077856154)",1,94.84259550451608,38178
"(0.9497171590194848, 0.9833229101521784)",1,94.8424853111822,38179
"(0.6530678548222407, 0.9692608993981562)",1,94.84243956242332,38180
"(0.8420013166556946, 1.0)",1,94.84240944159076,38181
"(0.9574784734771978, 0.9449656035021888)",1,94.84232870180152,38182
"(0.9166682405676116, 1.0)",1,94.84216417932468,38183
"(0.8846362470895226, 0.9540153992631536)",1,94.84210046123248,38184
"(0.9532701550221768, 0.9537330920118182)",3,94.84197486922318,38187
"(0.8933617810760668, 0.9466151061674828)",1,94.84183368944124,38188
"(0.9030683555945836, 0.9726266902219352)",2,94.84180979475175,38190
"(0.8016677935542034, 0.9833229101521784)",1,94.84180345087574,38191
"(0.8472645812528676, 0.95)",2,94.8416660026915,38193
"(0.843845350684385, 0.9537330920118182)",1,94.84158773169705,38194
"(0.2184982066412125, 0.9650076460904662)",1,94.8415282397286,38195
"(0.8898894074675324, 0.9503333333333333)",1,94.8415156238774,38196
"(0.4423707251851418, 0.9861310021084456)",1,94.84144322541988,38197
"(0.7204649554921787, 0.964731521366774)",2,94.84132804656544,38199
"(0.8587195484254307, 0.9861310021084456)",1,94.84122701480676,38200
"(0.8759297357176768, 0.9449779911964784)",1,94.84104404922074,38201
"(0.8329339143064635, 0.9861673414304992)",1,94.84042525071982,38202
"(0.842200034135518, 0.960851077856154)",1,94.8403869111894,38203
"(0.9603476243044132, 0.960666032023912)",1,94.8403839370392,38204
"(0.8420013166556946, 1.0)",1,94.84037532966622,38205
"(0.6629395085547315, 0.9779263059241357)",3,94.84035586744012,38208
"(0.9259740526337398, 0.952999227799228)",1,94.84028977228309,38209
"(0.912531328320802, 0.950431439792024)",1,94.84021012467714,38210
"(0.9394971203231468, 0.9575126626788776)",1,94.84005853768242,38211
"(0.950431439792024, 0.9575126626788776)",1,94.83951988337591,38212
"(0.9469408453036384, 0.9540153992631536)",1,94.83948961338152,38213
"(0.919542746211962, 0.9536268754076972)",1,94.83943104695088,38214
"(0.833630878109023, 0.9524854486686548)",1,94.83936147454538,38215
"(0.9568045886851652, 0.9538331745788698)",1,94.83929161769191,38216
"(0.8467532467532467, 1.0)",1,94.83922968768434,38217
"(0.8566261808367072, 0.960267350663444)",1,94.8392283903058,38218
"(0.8686559598432304, 0.9650076460904662)",2,94.83903695617202,38220
"(0.9833229101521784, 1.0)",1,94.83886315036348,38221
"(0.9373666512059368, 0.9749910873440284)",1,94.83871787995216,38222
"(0.9581458989353726, 1.0)",1,94.83866374587988,38223
"(0.7608215527547845, 0.9646309224447688)",1,94.83858473105512,38224
"(0.9438271604938272, 0.9861673414304992)",2,94.83853384626028,38226
"(0.7687400318979267, 1.0)",1,94.83799246909996,38227
"(0.8623077787842691, 0.9576647311878512)",1,94.83797713295225,38228
"(0.9572437766315318, 0.95339554031292)",1,94.83776833765296,38229
"(0.8631918334993627, 0.9833229101521784)",1,94.83768459623538,38230
"(0.7259530953852703, 0.9643944553313464)",1,94.83768052751198,38231
"(0.958095238095238, 0.983002438174852)",2,94.8374789366713,38233
"(0.5466837142306626, 0.9861673414304992)",1,94.83722907594893,38234
"(0.9833229101521784, 1.0)",1,94.83711592704051,38235
"(0.7727171016497488, 0.943189758511236)",1,94.83682714901124,38236
"(0.8160331384015596, 0.9736842105263158)",1,94.83677448320653,38237
"(0.4717425431711146, 0.9734731918335766)",3,94.83655226090832,38240
"(0.9876221896383188, 0.7633538036412862)",1,94.83619893773928,38241
"(0.9221452744065148, 0.95)",3,94.83592065914196,38244
"(0.8044914258149553, 0.972045976510262)",1,94.8354633384891,38245
"(0.888945374800638, 0.962470105966915)",2,94.83515740383748,38247
"(0.3779476270528901, 0.9706055412258908)",4,94.83515483871558,38251
"(0.9445235834124724, 1.0)",4,94.83499688733367,38255
"(0.9540153992631536, 0.960851077856154)",3,94.83481275685318,38258
"(0.826908968957639, 0.9646309224447688)",1,94.83471265953146,38259
"(0.8825487012987013, 0.9610899532226684)",1,94.83458088788784,38260
"(0.929787607512726, 0.9474444882407044)",1,94.83455049060628,38261
"(0.8694224991654613, 0.988167361639188)",1,94.834484972,38262
"(0.855702280912365, 0.9289986228605154)",1,94.83432640720386,38263
"(0.7257232462877624, 0.972045976510262)",1,94.83419583046272,38264
"(0.826804915514593, 0.9572437766315318)",1,94.83417236472694,38265
"(0.7866204373351484, 0.9572437766315318)",1,94.83408880595094,38266
"(0.8964397027091824, 0.9498754528985508)",1,94.83403920254702,38267
"(0.8730304179305696, 0.9539707149009474)",1,94.8339728853193,38268
"(0.8060399169850845, 0.9474839169495658)",1,94.83388242974404,38269
"(0.765692887308966, 0.972045976510262)",1,94.83360169995042,38270
"(0.7994682965613199, 0.9764666952752286)",1,94.83319989429062,38271
"(0.9680383516315252, 0.9680383516315252)",1,94.8331746921671,38272
"(0.9145191703331238, 0.9474996718729491)",1,94.83315375801853,38273
"(0.8176857647247633, 0.9499799919967988)",1,94.83314496083662,38274
"(0.9574285714285714, 0.9751409401578528)",1,94.83293454386369,38275
"(0.9505232430050672, 0.9538331745788698)",1,94.83282623394308,38276
"(0.6804620726495727, 0.986081059422206)",1,94.83267311131668,38277
"(0.8610715260301386, 0.9643944553313464)",1,94.8326460292404,38278
"(0.8574011356980978, 0.9549898727213622)",3,94.83235986800076,38281
"(0.7181565023670288, 0.9559144017084672)",3,94.83228073621603,38284
"(0.6003561059603759, 0.9650076460904662)",1,94.83209560165308,38285
"(0.9680383516315252, 0.9712822597033124)",1,94.83208831415706,38286
"(0.8894752290768013, 0.9575913511472004)",1,94.83160382689836,38287
"(0.7077308656256025, 1.0)",1,94.83159702812291,38288
"(0.9233879528303708, 0.9648252575884156)",1,94.83158993647444,38289
"(0.7984443237466936, 0.9560315719855194)",1,94.83155582259168,38290
"(0.5821138211382112, 0.9650450950662368)",1,94.83148595848256,38291
"(0.7232509195619923, 0.971958643338949)",2,94.83125235363651,38293
"(0.5070372093557577, 0.972281746031746)",1,94.831162761923,38294
"(0.9379369827374928, 0.9714285714285714)",1,94.83106665804276,38295
"(0.9043086298506712, 0.9424996406227538)",3,94.830820699045,38298
"(0.7932043650793651, 0.960851077856154)",2,94.83072835781724,38300
"(0.9609357631051972, 0.9604593619418418)",3,94.83071515652124,38303
"(0.8148308968977662, 0.9861673414304992)",1,94.8305467020639,38304
"(0.8705155862492784, 0.9702651116870294)",1,94.82992053539428,38305
"(0.8685023559648746, 0.9495014245014244)",1,94.82990908203412,38306
"(0.9583930063253372, 0.9861310021084456)",1,94.8298843524502,38307
"(0.8420013166556946, 1.0)",1,94.82978806582705,38308
"(0.7458851447555765, 0.9764666952752286)",1,94.82961635196116,38309
"(0.8315995778682346, 0.9861673414304992)",1,94.82956363193765,38310
"(0.9643944553313464, 0.9764666952752286)",1,94.82931950356236,38311
"(0.9326628892940788, 0.9540153992631536)",1,94.82928323586164,38312
"(0.9394971203231468, 0.9432380952380952)",1,94.8291044407188,38313
"(0.756001848808409, 0.97398552744806)",2,94.82903826647014,38315
"(0.9093334120185448, 0.9610899532226684)",1,94.82889001834884,38316
"(0.5816693792141362, 0.940930997520722)",1,94.8287663546518,38317
"(0.9399739902831624, 0.9531381014506703)",1,94.82872858565896,38318
"(0.9422394177612392, 0.9538331745788698)",1,94.82831288260655,38319
"(0.8651322276720679, 0.9549718574108818)",1,94.82817003272658,38320
"(0.8438719750195159, 0.9599909979745442)",1,94.82794559045666,38321
"(0.9460809481025116, 0.9282056492582808)",2,94.82794409531684,38323
"(0.7817150682100042, 0.9495014245014244)",1,94.82772612562094,38324
"(0.925, 0.9495014245014244)",1,94.82759185157816,38325
"(0.8360739174692663, 0.9516956990542454)",3,94.82746902875404,38328
"(0.8750020493421985, 0.9736189431913116)",1,94.827338494674,38329
"(0.4669133769210162, 0.9647058823529412)",1,94.8272245712064,38330
"(0.5218438528010998, 0.9861310021084456)",2,94.82707860973971,38332
"(0.7973614008344031, 0.9649927307623792)",1,94.82698149802752,38333
"(0.8326352665776878, 0.9535144014828052)",1,94.826869540684,38334
"(0.9354654378932672, 0.9675669456790768)",1,94.82679454517428,38335
"(0.863869697334692, 0.9604782992262008)",1,94.82661385841352,38336
"(1.0, 1.0)",1,94.82660948885903,38337
"(0.930124456440246, 0.972045976510262)",1,94.8264283925242,38338
"(0.9524973279746984, 0.9474996718729491)",2,94.8263739822846,38340
"(0.8891825109620656, 0.9692511450101244)",1,94.82636952589203,38341
"(0.6825396825396824, 0.9833229101521784)",1,94.82632324135707,38342
"(0.9171764705882351, 0.9499987499687492)",3,94.82628976397012,38345
"(0.7204649554921787, 0.9601502499942144)",1,94.82606118516128,38346
"(0.5964912280701754, 0.9692608993981562)",1,94.82587476056942,38347
"(0.9469408453036384, 0.9610899532226684)",2,94.82580364162656,38349
"(0.8860074211502783, 0.9574285714285714)",1,94.82549656410283,38350
"(0.922324745206372, 0.954995499549955)",1,94.82487759194754,38351
"(0.8635976129582268, 1.0)",1,94.82463164011358,38352
"(0.8574563460059643, 0.9549988749718742)",1,94.82451098633028,38353
"(0.7060994560994561, 1.0)",1,94.82441310228018,38354
"(0.8876473063973064, 0.972420634920635)",1,94.82441070856466,38355
"(0.9392111404005912, 0.9505232430050672)",1,94.82438771542412,38356
"(0.8933617810760668, 0.9540153992631536)",1,94.8243428908774,38357
"(0.893939393939394, 0.9524973279746984)",3,94.82428852846915,38360
"(0.7933030177759403, 0.9474734084130092)",1,94.8242864225468,38361
"(0.8514626506510005, 0.960851077856154)",1,94.8242074006278,38362
"(0.8224631915554647, 0.9538370349708868)",1,94.82419026864004,38363
"(0.5536430525672695, 0.9650076460904662)",1,94.82417282905416,38364
"(0.8613656783468103, 1.0)",1,94.8239065132977,38365
"(0.9385964912280702, 0.9690968282937898)",4,94.82383910339848,38369
"(0.9916585206907788, 0.991777356103732)",4,94.823802580243,38373
"(0.4039045743444857, 1.0)",1,94.823734355369,38374
"(0.8130477958637364, 0.9649927307623792)",1,94.82349966217993,38375
"(0.8173762627724085, 0.9574976092405196)",3,94.82342426691116,38378
"(0.6173922423091859, 0.9643944553313464)",2,94.82336913595064,38380
"(0.9202657807308968, 0.9656673832323628)",1,94.82332543831072,38381
"(0.7615072500907597, 0.9764666952752286)",1,94.82315837489716,38382
"(0.7401844059863599, 0.972420634920635)",1,94.82302964075654,38383
"(0.7138200339558575, 0.9749656593406592)",1,94.82299453073068,38384
"(0.8873415740885621, 0.9499799919967988)",1,94.82296904933636,38385
"(0.8110682791635173, 0.9861673414304992)",2,94.82295594720044,38387
"(0.8584175084175085, 0.972420634920635)",1,94.8229236219514,38388
"(0.6043417366946778, 0.9680383516315252)",1,94.82281504683829,38389
"(0.9645938855657314, 0.946492548547343)",1,94.82280676280982,38390
"(0.9460809481025116, 0.9645238095238096)",2,94.82270806281198,38392
"(0.8512270615453472, 0.942491014220972)",1,94.82258218930384,38393
"(0.856132358230428, 0.9574976092405196)",3,94.82257007453065,38396
"(0.9148957472904308, 0.9549718574108818)",1,94.82245180673772,38397
"(0.9581458989353726, 0.9861673414304992)",2,94.82243654615192,38399
"(0.7049247335867055, 0.9495014245014244)",2,94.82233065520798,38401
"(0.9326599326599326, 1.0)",1,94.82191824805528,38402
"(0.9085605849871624, 0.964731521366774)",1,94.82174206299132,38403
"(0.8942622047218923, 0.9747614392775684)",1,94.82165605570084,38404
"(0.6575398846941737, 1.0)",1,94.82138953623992,38405
"(0.9501177394034536, 0.950431439792024)",1,94.82133859267448,38406
"(0.9665831244778612, 1.0)",1,94.82133118213493,38407
"(0.8353823801019199, 0.9498754528985508)",1,94.82126430910832,38408
"(0.9030683555945836, 0.9702699988134872)",1,94.82094181722454,38409
"(0.9300655321826798, 0.9651986393421264)",1,94.82065212626186,38410
"(0.8691891027106093, 0.9610899532226684)",2,94.82063110569256,38412
"(0.9764666952752286, 0.951892755797645)",2,94.82062673253913,38414
"(0.7294281157362763, 1.0)",2,94.82039728670276,38416
"(0.9160323884095494, 0.95)",1,94.82036589100127,38417
"(0.9240756756756756, 0.9572437766315318)",3,94.82014530983648,38420
"(0.914452495974235, 0.9474734084130092)",1,94.82008771658842,38421
"(0.860351329677713, 0.9539707149009474)",1,94.81983207642084,38422
"(0.7027263407347917, 0.9649122807017544)",1,94.819771038839,38423
"(0.8426040866925729, 0.9739838170295384)",1,94.81968437597416,38424
"(0.9539272400433172, 0.9536268754076972)",1,94.8196485862654,38425
"(0.876112115732369, 0.9537330920118182)",1,94.81963705241304,38426
"(0.5218438528010998, 0.972281746031746)",1,94.8196203193284,38427
"(0.8874735513743797, 0.964269276237512)",1,94.81937628494,38428
"(0.9111482937118004, 0.9712833150910646)",1,94.81928088188744,38429
"(0.8691207517489755, 0.9540153992631536)",2,94.81924838205322,38431
"(0.8662285714285716, 0.9539272400433172)",1,94.81915416836948,38432
"(0.9436368312757202, 0.9861673414304992)",1,94.81904670536306,38433
"(0.8185034935353271, 0.964731521366774)",1,94.81898173130516,38434
"(0.9833229101521784, 1.0)",1,94.81890150160112,38435
"(0.5505346237776922, 0.964731521366774)",1,94.81888228953896,38436
"(0.7943622269203664, 0.9764666952752286)",1,94.8187674775074,38437
"(0.9373586654890096, 0.9524925769651508)",2,94.81832632894324,38439
"(0.8340799485585682, 0.9764666952752286)",2,94.81826985911304,38441
"(0.8389313963994772, 0.9753369286195892)",2,94.81807513026692,38443
"(0.9833229101521784, 1.0)",1,94.81772489092786,38444
"(0.9497171590194848, 1.0)",1,94.81760918547648,38445
"(0.4468328406505846, 0.9861673414304992)",1,94.81758276622992,38446
"(0.929936943248924, 0.9524973279746984)",3,94.81757164287222,38449
"(0.9323791344788114, 0.947035873779261)",5,94.81753104627867,38454
"(0.7923306301473605, 0.9643944553313464)",1,94.81748013150492,38455
"(0.813515418166581, 0.951892755797645)",1,94.81725390549924,38456
"(0.9497171590194846, 1.0)",1,94.81713542034797,38457
"(0.8329339143064635, 0.972420634920635)",1,94.81699071607432,38458
"(0.618403730526442, 0.9416450721400784)",1,94.81696012051772,38459
"(0.6825396825396824, 1.0)",1,94.8169563058504,38460
"(0.6128103629529902, 0.9702701073962005)",1,94.81691533291588,38461
"(0.5389509930878212, 0.9736189431913116)",1,94.81677720163144,38462
"(0.9156086605607608, 0.9560315719855194)",2,94.81676850916926,38464
"(0.743426756591496, 0.9560315719855194)",3,94.81669505703368,38467
"(0.8048440681598971, 0.9764666952752286)",1,94.81626601478033,38468
"(0.9624268025880928, 0.9958292603453894)",1,94.81610924362586,38469
"(0.924226645995514, 0.9495014245014244)",1,94.8158266107158,38470
"(0.8688607891739799, 0.9495014245014244)",1,94.81563635836008,38471
"(0.9318857896881138, 0.9643698138596096)",1,94.81524754030336,38472
"(0.8310777799491891, 0.9764666952752286)",1,94.8152439830856,38473
"(0.8094015845081608, 0.9599989999749994)",1,94.81511725028564,38474
"(0.8014564052299902, 0.954995499549955)",1,94.81510148843438,38475
"(0.9170904871819552, 0.9503333333333333)",1,94.81489675849072,38476
"(0.8143540514876735, 0.9420660316059192)",1,94.81476429146504,38477
"(0.8372053872053872, 1.0)",1,94.81464782467602,38478
"(0.3819200393517886, 0.9538370349708868)",1,94.8146321088985,38479
"(0.9450323339212228, 0.972045976510262)",1,94.81433509937116,38480
"(0.9394971203231468, 0.9505232430050672)",1,94.81427480180866,38481
"(0.8143540514876735, 0.9690968282937898)",1,94.814097275555,38482
"(0.8645256232686982, 0.9824126287942077)",1,94.8140935100638,38483
"(0.4904033495004767, 0.988167361639188)",1,94.81403266084008,38484
"(0.5356100633781995, 0.9418479305417444)",1,94.81402554632548,38485
"(0.9429917021753756, 0.9540153992631536)",1,94.81394691234604,38486
"(0.8472645812528676, 0.9535144014828052)",1,94.8138905237078,38487
"(0.656307097369308, 0.9764666952752286)",1,94.81386076511072,38488
"(0.765692887308966, 0.9722222222222222)",1,94.81358344550176,38489
"(0.738145558145558, 0.9861673414304992)",2,94.81356138401662,38491
"(0.3592666181139386, 0.976761412575366)",1,94.81334149968434,38492
"(0.9143747708104144, 0.9559144017084672)",1,94.81324737343658,38493
"(0.8885908209437621, 0.9537330920118182)",4,94.81324497087878,38497
"(0.8110714507900957, 0.9440529448756316)",2,94.8132215350542,38499
"(0.8214334285325716, 0.95153153367707)",1,94.81320165753073,38500
"(0.8221871747362275, 0.9689155130452056)",4,94.81316204057758,38504
"(0.6326954876802936, 0.9861673414304992)",2,94.81311807268185,38506
"(0.8596618357487924, 0.9861310021084456)",1,94.8124340349621,38507
"(0.7204649554921787, 0.964731521366774)",3,94.81235352281136,38510
"(0.9301209372637944, 0.9861310021084456)",1,94.81199378289716,38511
"(0.929936943248924, 0.9574997343733398)",1,94.81190461988032,38512
"(0.8224631915554647, 0.9538370349708868)",1,94.8118849439197,38513
"(0.950431439792024, 0.9536268754076972)",1,94.81185736133692,38514
"(0.8933617810760668, 0.9538331745788698)",1,94.8117802852527,38515
"(0.960851077856154, 0.9350193449813944)",1,94.8115322534122,38516
"(0.6784722222222224, 1.0)",1,94.81135260871096,38517
"(0.9388917411828462, 0.9537330920118182)",1,94.81126389255728,38518
"(0.9198203842940684, 0.9539272400433172)",3,94.81119715722542,38521
"(0.5218438528010998, 0.972281746031746)",1,94.810946245558,38522
"(0.9549988749718742, 0.9524997031231444)",1,94.8108702095778,38523
"(0.9643944553313464, 0.9643944553313464)",1,94.8108261923886,38524
"(0.8420013166556946, 1.0)",1,94.8107360904575,38525
"(0.96, 0.9449325423643964)",1,94.81060489205296,38526
"(0.9524973279746984, 0.954995499549955)",1,94.81053818420769,38527
"(0.8091777408637875, 0.9539707149009474)",1,94.81048060640737,38528
"(0.7434518366201162, 0.9779263059241357)",1,94.81032342919536,38529
"(0.7204649554921787, 0.9736842105263158)",1,94.81029559731212,38530
"(0.424546256663045, 0.9749692931061258)",1,94.81029034499302,38531
"(0.8837179908491115, 0.9499987499687492)",1,94.8102355077914,38532
"(0.8937533848783131, 0.9538331745788698)",1,94.81021496851548,38533
"(0.9131755270308844, 0.9702699988134872)",3,94.8102003693596,38536
"(0.9032855633136024, 0.9861673414304992)",1,94.80998009978228,38537
"(0.9283935041407868, 0.9574285714285714)",1,94.80996325274472,38538
"(0.9331814008429188, 0.9538370349708868)",1,94.80993353187772,38539
"(0.582531911173282, 0.9779263059241357)",1,94.80984223826852,38540
"(0.4901583010700104, 0.970945866360007)",1,94.8097868370561,38541
"(0.933096859926128, 0.9833229101521784)",1,94.80975344202685,38542
"(0.7103786816269286, 0.9780434995701116)",1,94.80958057124435,38543
"(0.826804915514593, 0.9425645194066248)",1,94.8095491795979,38544
"(0.9362689940183164, 0.9605654571878554)",1,94.80954837358588,38545
"(0.5222179798681013, 0.9539707149009474)",1,94.8094351726814,38546
"(0.8930530569999261, 0.9289986228605154)",3,94.80924249382583,38549
"(0.903907191101469, 0.9537330920118182)",1,94.80905153388947,38550
"(0.9538331745788698, 0.9681034738761426)",1,94.80886642413172,38551
"(0.8222222222222222, 1.0)",1,94.80879331223252,38552
"(0.940074233084456, 0.960851077856154)",6,94.8087576009746,38558
"(0.7662347176323114, 0.9560315719855194)",3,94.80869677397172,38561
"(0.9041196741854636, 0.9734731918335766)",1,94.80850058426849,38562
"(0.8136244723706807, 0.9643944553313464)",1,94.80831924816702,38563
"(0.8885908209437621, 0.9644491481508056)",1,94.80814895953652,38564
"(0.7103786816269286, 0.956140350877193)",1,94.8080325938644,38565
"(0.8569579686922223, 0.9560315719855194)",3,94.80798561045182,38568
"(0.8975998588152243, 0.9399739902831624)",1,94.80796353467494,38569
"(0.8672602388063438, 0.9549718574108818)",1,94.80791871928392,38570
"(0.8459744503862151, 0.972045976510262)",1,94.8078695467011,38571
"(0.6042502004811546, 0.988167361639188)",1,94.80783099321832,38572
"(0.6730510127402202, 0.943174614777922)",1,94.80783071080816,38573
"(0.8785302156088673, 0.9549718574108818)",1,94.8078160787766,38574
"(0.5222179798681013, 0.9539707149009474)",2,94.80778923838672,38576
"(0.3468171945128081, 0.9739838344679196)",1,94.80777557742488,38577
"(0.8586125966511082, 0.9719592578330004)",1,94.80763773783046,38578
"(0.7313293623054037, 0.971953265272419)",1,94.8073206702636,38579
"(0.838301471154743, 0.972045976510262)",1,94.8072456924546,38580
"(0.90903917799718, 0.9536268754076972)",2,94.80715691096012,38582
"(0.8340799485585682, 0.9764666952752286)",2,94.80684825890404,38584
"(0.8613656783468103, 1.0)",1,94.8068441194212,38585
"(0.9498754528985508, 0.960851077856154)",3,94.8067094803992,38588
"(0.8883034087952121, 0.9861310021084456)",2,94.80655478647206,38590
"(0.9462256234379848, 0.9573389777809668)",1,94.8064825149568,38591
"(0.9418479305417444, 0.988167361639188)",2,94.80636578434722,38593
"(0.8274062797908469, 0.9735486410250802)",1,94.80633780092624,38594
"(0.943455134862934, 0.9572437766315318)",3,94.80633029906728,38597
"(0.9474917955930616, 0.9524973279746984)",1,94.80627511104842,38598
"(0.7394745529782975, 0.9706010112846702)",1,94.80620800132608,38599
"(0.8876473063973064, 0.972420634920635)",1,94.8060605551908,38600
"(0.915887675849288, 0.9665533096549772)",1,94.80600779761431,38601
"(0.9524759409451032, 0.9424996406227538)",1,94.8059828804878,38602
"(0.9427148033126296, 0.9715593185206444)",1,94.80578576020258,38603
"(0.925, 0.9495014245014244)",1,94.805779117669,38604
"(0.8229887467673168, 0.9384442007797272)",3,94.80557313651356,38607
"(0.912099503362194, 0.9574997343733398)",2,94.805565736104,38609
"(0.8964397027091824, 0.9536268754076972)",1,94.80538790731173,38610
"(0.9224996008939976, 0.9749910873440284)",1,94.8051922024451,38611
"(0.9499887474681804, 0.9449944994499452)",1,94.80516260273131,38612
"(0.8438719750195159, 0.9574976092405196)",2,94.80490555157036,38614
"(0.8160331384015596, 0.9690057499955)",1,94.80489051242031,38615
"(0.8325642300300746, 0.9735486410250802)",1,94.80477576627776,38616
"(0.9665831244778612, 1.0)",1,94.8047535629196,38617
"(0.8547756205106323, 0.976761412575366)",1,94.80453625844596,38618
"(0.9532701550221768, 0.9497439544807966)",1,94.80446000244464,38619
"(0.8351110130322311, 0.9648252575884156)",1,94.80443239202404,38620
"(0.8660545355265853, 0.9749910873440284)",1,94.80438755240398,38621
"(0.8804215399610136, 0.9867922141511912)",1,94.8043830707004,38622
"(0.8685314685314685, 0.951892755797645)",1,94.80437309978628,38623
"(0.9524759409451032, 0.9524854486686548)",1,94.80362811236868,38624
"(0.9462256234379848, 0.9571428571428572)",1,94.80335756979784,38625
"(0.8975764647467728, 0.9749656593406592)",1,94.803330044108,38626
"(0.9309563801089225, 0.972281746031746)",1,94.8032594857908,38627
"(0.8065954953750508, 1.0)",1,94.80321749390244,38628
"(0.9524640509385224, 0.9424708758809148)",1,94.80284536884616,38629
"(0.9008627640703112, 1.0)",1,94.80284323854548,38630
"(0.8016677935542034, 1.0)",1,94.80281729900302,38631
"(0.9537330920118182, 0.9645238095238096)",1,94.80259845955491,38632
"(0.8899966931216932, 0.9861310021084456)",2,94.8024514072011,38634
"(0.8071948928825261, 0.9861673414304992)",1,94.8024329343939,38635
"(0.9189485013229876, 0.9642857142857144)",4,94.8024109426524,38639
"(0.627077337896347, 0.9764666952752286)",1,94.80239412689204,38640
"(0.9068661074437891, 0.9599959995999598)",1,94.8023380841024,38641
"(0.7474747474747474, 0.9643944553313464)",1,94.80224836357976,38642
"(0.7829069509514622, 0.947035873779261)",1,94.80224724808284,38643
"(0.682074987159733, 0.964269276237512)",1,94.80219989779756,38644
"(0.8745694076353437, 0.9560315719855194)",1,94.8020246027245,38645
"(0.949954959463517, 0.95)",1,94.8019642797438,38646
"(0.9474444882407044, 0.9549819927971188)",1,94.8017768444461,38647
"(0.4908087499260726, 0.9691818330194464)",5,94.80159642976471,38652
"(0.8388048698116161, 0.9861673414304992)",1,94.80154254275092,38653
"(0.8570236964835615, 0.9630499959484644)",1,94.80154208081991,38654
"(0.8390424521630195, 0.9861310021084456)",1,94.8013020449912,38655
"(0.7583018074821354, 0.95749335833724)",2,94.801191451775,38657
"(0.8778171408327571, 0.9557886530559612)",1,94.80118345136076,38658
"(0.934868107918535, 0.9524925769651508)",1,94.801057322219,38659
"(0.7977749180480272, 0.9861673414304992)",1,94.80105427388,38660
"(0.7368760064412239, 0.9861673414304992)",2,94.801014980666,38662
"(0.9171764705882351, 0.9524997031231444)",1,94.80099254196206,38663
"(0.8757850574494108, 0.9549594635171657)",1,94.80079863980704,38664
"(0.8453177368288579, 0.964731521366774)",1,94.8007507118413,38665
"(0.8613150576270225, 0.964731521366774)",1,94.8007242589652,38666
"(0.926397848615755, 0.9735486410250802)",1,94.80049560194736,38667
"(0.8221762134805614, 0.972045976510262)",1,94.80048743793968,38668
"(0.8613150576270225, 0.960572483841182)",1,94.8004705895912,38669
"(0.3714297821849309, 0.9646309224447688)",1,94.80034829377745,38670
"(0.9272595017275868, 0.95)",2,94.80021904644082,38672
"(0.8685023559648746, 0.9495014245014244)",1,94.80017765728084,38673
"(0.9315095328894416, 0.9571428571428572)",1,94.80014224541569,38674
"(0.9501177394034536, 0.950431439792024)",1,94.7999345789258,38675
"(0.3009816102284843, 0.969334154098697)",1,94.79988986995367,38676
"(0.8396854781762315, 0.9524854486686548)",1,94.79978709517944,38677
"(0.9628689175769612, 0.9747507916611692)",1,94.79968181604065,38678
"(0.8285118282046853, 0.9599749843652282)",1,94.79957569030763,38679
"(0.8596618357487924, 0.9861673414304992)",1,94.79943721862776,38680
"(0.947035873779261, 0.9681645071821834)",1,94.79940869027789,38681
"(0.9715593185206444, 0.9537330920118182)",1,94.79922534517485,38682
"(0.8847822547822548, 0.9861673414304992)",1,94.79920740599988,38683
"(0.8171936889795594, 0.9646309224447688)",2,94.7990825569648,38685
"(0.8846362470895226, 0.9575126626788776)",1,94.79897690330355,38686
"(0.9469408453036384, 0.9573389777809668)",1,94.79863274968858,38687
"(0.8895939931776995, 0.9749910873440284)",1,94.79841504745372,38688
"(0.8874191651969431, 0.9861673414304992)",1,94.79819316153151,38689
"(0.9603476243044132, 0.9493061979648474)",1,94.79790457491238,38690
"(0.9080024622960912, 0.9606593486924077)",1,94.79785834005337,38691
"(0.8571451992482267, 0.9560315719855194)",2,94.79772001909043,38693
"(0.8851130611447212, 0.9572437766315318)",3,94.7976949984214,38696
"(0.9041196741854636, 0.991206314397104)",3,94.7976184355082,38699
"(0.944911858974359, 0.9549898727213622)",4,94.7974744775005,38703
"(0.9640038239043044, 0.9491452991452992)",1,94.79724212946952,38704
"(0.9198203842940684, 0.9540153992631536)",2,94.7971967375654,38706
"(0.833630878109023, 0.9574784734771978)",1,94.79713005058304,38707
"(0.9057330122004186, 0.9646309224447688)",1,94.79695439517464,38708
"(0.8137107474568775, 0.9571428571428572)",1,94.79685744503855,38709
"(0.6378166586499919, 1.0)",1,94.79659157733732,38710
"(0.9153439153439152, 1.0)",2,94.79645854530176,38712
"(0.8551452042262022, 0.9599989999749994)",2,94.7963334702614,38714
"(0.9537330920118182, 0.9571428571428572)",1,94.79609842878892,38715
"(0.9047619047619048, 0.9449656035021888)",1,94.7960790246328,38716
"(0.7781407751391581, 0.9689170457773224)",1,94.79594074725006,38717
"(0.9323791344788114, 0.9505232430050672)",1,94.7958653506092,38718
"(0.5356100633781995, 0.9764666952752286)",1,94.79575059627146,38719
"(0.8014564052299902, 0.955)",1,94.79553005493204,38720
"(0.4165398274987316, 0.9524759409451032)",1,94.79540449361777,38721
"(0.8837179908491115, 0.9474996718729491)",2,94.79528854672311,38723
"(0.7943622269203664, 0.9764666952752286)",1,94.79526033966656,38724
"(0.8631918334993627, 0.9833229101521784)",1,94.79522560588832,38725
"(0.9459285785969274, 0.9538331745788698)",1,94.79469876475072,38726
"(0.8743078626799556, 0.9861310021084456)",2,94.79441618230064,38728
"(0.5379450468208387, 0.969334154098697)",1,94.79441583565014,38729
"(0.8729557812660307, 0.9690968282937898)",6,94.79429899223072,38735
"(0.9501177394034536, 0.9468391231269042)",1,94.79418209080632,38736
"(0.580364022791666, 0.9779263059241357)",2,94.79415858633278,38738
"(0.9299160159815896, 0.9722222222222222)",2,94.79411488067127,38740
"(0.5880889041448554, 0.9574976092405196)",3,94.79405398260543,38743
"(0.9469408453036384, 0.950431439792024)",1,94.79395040805863,38744
"(0.9145814491005928, 0.9524973279746984)",1,94.79394403645588,38745
"(0.8633407843934159, 0.9736842105263158)",1,94.79387055207444,38746
"(0.7547920901036461, 0.9691818330194464)",1,94.7938325787272,38747
"(0.9497171590194846, 1.0)",1,94.79364244928344,38748
"(0.8656512412692597, 0.9650450950662368)",1,94.79356662252252,38749
"(0.5356100633781995, 0.9650076460904662)",1,94.79356529393328,38750
"(0.7780625367430922, 0.9861673414304992)",1,94.79342406022398,38751
"(0.9007161410018553, 0.947035873779261)",3,94.79340613206956,38754
"(0.8517341550708587, 0.9539707149009474)",1,94.79327673095314,38755
"(0.9161952650324744, 1.0)",1,94.7932383524185,38756
"(0.8580559516200404, 0.9764666952752286)",1,94.79316081973714,38757
"(0.6521663785997688, 1.0)",1,94.792968915166,38758
"(0.7101858663902063, 0.943189758511236)",1,94.79296577441488,38759
"(0.903011683758628, 0.9472378863826232)",3,94.7927328075194,38762
"(0.911911525974026, 0.9462256234379848)",1,94.79256678600392,38763
"(0.8207953412961668, 0.9685769386954696)",1,94.79217487942894,38764
"(0.7932043650793651, 0.9535144014828052)",1,94.79197596667696,38765
"(0.8382662112910085, 0.9560315719855194)",1,94.79195457411528,38766
"(0.9746535316523212, 0.9873444118605408)",1,94.7914956943611,38767
"(0.9581458989353726, 0.972045976510262)",1,94.7914426076224,38768
"(0.8766640111271459, 0.9425645194066248)",1,94.79144179328696,38769
"(0.9313065637065638, 0.9572437766315318)",2,94.79129397863493,38771
"(0.8199566964749151, 0.9780434995701116)",1,94.79082796313932,38772
"(0.6361158710730316, 0.9764666952752286)",1,94.79069000370184,38773
"(0.9454999712494968, 0.987463247273494)",1,94.79067443411756,38774
"(0.861111111111111, 1.0)",1,94.79065580979189,38775
"(0.8916138279602192, 0.946730586052542)",1,94.79053865713291,38776
"(0.8330958052404215, 0.9495014245014244)",1,94.79041572728052,38777
"(0.9676485688615069, 0.9749052909377262)",1,94.7903837717666,38778
"(0.9168447876447876, 0.9645238095238096)",2,94.79032716744894,38780
"(0.8096434622047096, 0.9499799919967988)",1,94.79020571206615,38781
"(0.7289193040024178, 0.956240913452974)",1,94.7901110428622,38782
"(0.738145558145558, 1.0)",1,94.7898873564298,38783
"(0.6636745887678723, 1.0)",1,94.78978091447009,38784
"(0.9061764476533613, 0.9832925076188832)",1,94.78968899086205,38785
"(0.9145191703331238, 0.9474996718729491)",3,94.78956412479712,38788
"(0.9435817855979146, 0.954161220043573)",1,94.78954322397466,38789
"(0.8885472610096672, 0.9619736581501288)",1,94.7895366493864,38790
"(0.9715593185206444, 0.95)",1,94.78946258908046,38791
"(0.9432380952380952, 0.9468391231269042)",1,94.78924782847248,38792
"(0.8762678865937208, 0.972281746031746)",1,94.78908004225646,38793
"(0.8645256232686982, 0.9472378863826232)",3,94.78888668585276,38796
"(0.6658312447786132, 0.9574784734771978)",1,94.78881342192824,38797
"(0.8376298701298701, 0.9495058714870036)",1,94.78874123505084,38798
"(0.8558852999963277, 0.9764666952752286)",1,94.78870395849064,38799
"(0.9165867390570612, 0.9645938855657314)",1,94.78868270576072,38800
"(0.8621031746031745, 0.9861310021084456)",1,94.7886801676453,38801
"(0.583006022518984, 0.964731521366774)",1,94.78844381032803,38802
"(0.7933030177759403, 0.949954959463517)",1,94.7882592632002,38803
"(0.8176857647247633, 0.9549819927971188)",1,94.7882543962645,38804
"(0.8340166019865393, 0.9749910873440284)",1,94.78823383043164,38805
"(0.8929525217803214, 0.960851077856154)",3,94.78821712581944,38808
"(0.8885714285714285, 0.9861673414304992)",2,94.78812091733175,38810
"(0.8837179908491115, 0.9524925769651508)",1,94.78799908759773,38811
"(0.9764666952752286, 0.9643944553313464)",1,94.78782929002354,38812
"(0.8810064268049709, 0.9694017156496504)",1,94.78762178436172,38813
"(0.8315995778682346, 0.9861673414304992)",1,94.7873848014741,38814
"(0.9583930063253372, 1.0)",1,94.78725721535824,38815
"(0.8600428777729004, 0.9624997656235352)",1,94.78716733269076,38816
"(0.9497439544807966, 0.9574285714285714)",3,94.78709100028289,38819
"(0.8315995778682346, 0.9861673414304992)",1,94.7870467352068,38820
"(0.8517690928240017, 0.9643944553313464)",1,94.78695538182984,38821
"(0.9041196741854636, 0.9779870235853187)",1,94.7869108140488,38822
"(0.6415148305084746, 0.9622598627787308)",1,94.78672431058926,38823
"(0.8380110689610939, 0.9450323339212228)",1,94.78671498551978,38824
"(0.8811635423400129, 0.960851077856154)",3,94.78659849819732,38827
"(0.8868677229932935, 0.964731521366774)",3,94.78631030938266,38830
"(0.6981216457960644, 0.9650450950662368)",1,94.78623903802612,38831
"(0.8748200797381125, 0.9861310021084456)",2,94.7861531380909,38833
"(0.8176857647247633, 0.9499799919967988)",1,94.78613438844884,38834
"(0.4048994086920545, 0.9646309224447688)",1,94.7860424193638,38835
"(0.8723247367948496, 0.9516956990542454)",2,94.78589227708991,38837
"(0.4109734561054151, 0.9702637526770892)",1,94.78588409101152,38838
"(0.897953216374269, 0.9540153992631536)",1,94.78587663816036,38839
"(0.9230468061350414, 0.9561029651352232)",1,94.78554411560796,38840
"(0.9020800849800285, 0.9540153992631536)",1,94.7854824453494,38841
"(0.8150867435026968, 0.9604782992262008)",1,94.7854785519136,38842
"(0.7980310463463742, 0.965533270874638)",2,94.78527138429132,38844
"(0.8633407843934159, 0.9779263059241357)",1,94.78512625193352,38845
"(0.8459266053144301, 0.9622598627787308)",1,94.78477569535804,38846
"(0.7800511508951407, 0.95749335833724)",1,94.78476963520652,38847
"(0.5379450468208387, 0.964731521366774)",3,94.78471945965306,38850
"(0.4770251883589129, 0.9804032578799866)",4,94.7846168396346,38854
"(0.5233498899370707, 0.970942761684118)",3,94.78449027335974,38857
"(0.8045672878635017, 0.9549988749718742)",1,94.7844756293856,38858
"(0.9538331745788698, 0.9469408453036384)",1,94.78441059079572,38859
"(0.7708232538005143, 0.9524997031231444)",1,94.7844092081114,38860
"(0.9575126626788776, 0.9535144014828052)",1,94.7841884853632,38861
"(0.8656512412692597, 0.9650450950662368)",1,94.78382989488604,38862
"(0.7708796965987909, 0.9861673414304992)",1,94.7837866241638,38863
"(0.5683292214912281, 0.9384442007797272)",3,94.78374416544496,38866
"(0.930124456440246, 0.958109559613319)",1,94.78369721430457,38867
"(0.9282056492582808, 0.9432380952380952)",1,94.78360914551904,38868
"(0.861111111111111, 0.9833229101521784)",1,94.7834723720686,38869
"(0.95749335833724, 0.9449656035021888)",3,94.78339907487972,38872
"(0.8825487012987013, 0.9575913511472004)",1,94.78339709117763,38873
"(0.8610715260301386, 0.964269276237512)",1,94.78335089692648,38874
"(0.9641028246291404, 0.9604593619418418)",1,94.78325166004984,38875
"(0.8165509259259259, 1.0)",2,94.78318173438788,38877
"(0.8428883536673643, 0.960739036202606)",1,94.78311902037116,38878
"(0.8395301149279116, 0.9643944553313464)",1,94.78308042805294,38879
"(0.8806608357628766, 0.9680383516315252)",1,94.7828411234224,38880
"(0.8631918334993627, 0.9833229101521784)",2,94.7828382799662,38882
"(0.95749335833724, 0.9574784734771978)",1,94.78262153505328,38883
"(0.8438719750195159, 0.9574976092405196)",1,94.78257673026394,38884
"(0.8825487012987013, 0.9469408453036384)",1,94.78256979325012,38885
"(0.869750601552687, 0.9571428571428572)",1,94.78256843279767,38886
"(0.8091777408637875, 0.9539707149009474)",1,94.7824613570708,38887
"(0.4286514639639639, 0.9763500555349872)",4,94.78240105696366,38891
"(0.9431186370412892, 0.9275802828069248)",2,94.78230369384484,38893
"(0.8705155862492784, 0.9689129580520472)",1,94.78222789212796,38894
"(0.929787607512726, 0.9624978905063408)",1,94.78221032256776,38895
"(0.8691207517489755, 0.9505232430050672)",1,94.78210476143092,38896
"(0.6698155645524068, 1.0)",1,94.7820235364102,38897
"(0.7800511508951407, 0.9448883990079912)",1,94.78168857471938,38898
"(0.8137861130877186, 0.964269276237512)",1,94.78159431394025,38899
"(0.940074233084456, 0.9536268754076972)",1,94.7812838860985,38900
"(0.7976364522417154, 0.9690968282937898)",1,94.78093484341278,38901
"(0.3592666181139386, 0.9529751605618932)",1,94.7809118929312,38902
"(0.506190861938997, 0.9651701899685294)",1,94.7806989256538,38903
"(0.8972301136363636, 0.9573389777809668)",2,94.78052432178885,38905
"(0.9131856219190184, 0.9745190588454344)",1,94.78038577460994,38906
"(0.8566261808367072, 0.9646309224447688)",1,94.78033692448572,38907
"(0.9569233895549684, 0.9539272400433172)",1,94.7802916523348,38908
"(0.917001490200517, 0.9524925769651508)",2,94.78028743286448,38910
"(0.979055829228243, 0.9958292603453894)",1,94.7802131928406,38911
"(0.8894752290768013, 0.9503333333333333)",1,94.78019335034476,38912
"(0.8719725743599862, 0.9691818330194464)",1,94.77990568602164,38913
"(0.8806608357628766, 0.9645938855657314)",1,94.77977530777738,38914
"(0.852, 0.9749910873440284)",1,94.77973348058282,38915
"(0.9171223888843544, 0.96)",3,94.77970568255208,38918
"(0.5218438528010998, 0.9861310021084456)",1,94.77967970842704,38919
"(0.4066370577143491, 0.9539707149009474)",1,94.77930628707644,38920
"(0.9069647153947764, 0.9539272400433172)",1,94.7792601985148,38921
"(0.8099604803972105, 0.9649122807017544)",1,94.77897049866066,38922
"(0.8890425386169811, 0.960851077856154)",1,94.7783505289268,38923
"(0.9540153992631536, 0.9496053534660264)",1,94.77820054426071,38924
"(0.9343984962406016, 0.960666032023912)",3,94.77803516168696,38927
"(0.8525073746312686, 0.959983993597439)",1,94.77802812550205,38928
"(0.746671365914787, 0.9779870235853187)",1,94.77791624042432,38929
"(0.7434518366201162, 0.964731521366774)",2,94.77786826071096,38931
"(0.682074987159733, 0.942217624820578)",1,94.7777924624934,38932
"(0.869254101161996, 0.9557886530559612)",1,94.77777506795486,38933
"(0.8992107069320523, 0.9540153992631536)",1,94.7777087564769,38934
"(0.861111111111111, 1.0)",1,94.77760226373928,38935
"(0.9677353740627908, 0.978621888315766)",1,94.77747498875532,38936
"(0.8074780204479453, 0.9749910873440284)",1,94.77736455263904,38937
"(0.7852506868131869, 0.9644491481508056)",1,94.77735147370493,38938
"(0.8723247367948496, 0.9560315719855194)",1,94.7772700999574,38939
"(0.8872085807165035, 0.940252835745034)",1,94.77725233943772,38940
"(0.888194940411122, 0.9559144017084672)",3,94.77722922058398,38943
"(0.882673371045464, 1.0)",1,94.77722224672912,38944
"(0.8547143556631046, 0.9736842105263158)",1,94.77712929077886,38945
"(0.8459266053144301, 0.9495058714870036)",1,94.77712194038776,38946
"(0.6730510127402202, 0.9692608993981562)",1,94.777028195258,38947
"(0.7823116219667945, 0.972420634920635)",1,94.77697350364382,38948
"(0.8263489874613754, 0.9524925769651508)",1,94.77696558227576,38949
"(0.9549718574108818, 0.9499799919967988)",3,94.77695525359296,38952
"(0.9170904871819552, 0.9539272400433172)",1,94.776920659725,38953
"(0.8435371534737285, 0.9388945062352544)",1,94.77687763956064,38954
"(0.7304742252709461, 0.9764666952752286)",1,94.77677009958973,38955
"(0.95749335833724, 0.9449504554098688)",1,94.7767198221019,38956
"(0.7731997731997731, 0.9599989999749994)",1,94.77652334171675,38957
"(0.8315995778682346, 0.9722222222222222)",2,94.7765156875486,38959
"(0.9348370927318296, 0.9399984999624992)",2,94.77634179254052,38961
"(0.9377148530109056, 0.9735486410250802)",1,94.77584262686403,38962
"(0.8145048060975228, 0.9734731918335766)",7,94.77579300823724,38969
"(0.9524854486686548, 0.9549988749718742)",1,94.77578995209704,38970
"(0.717258275712923, 0.9556541264979026)",1,94.7757289789622,38971
"(0.6361158710730316, 0.9764666952752286)",1,94.77562727543604,38972
"(0.9020800849800285, 0.9538331745788698)",1,94.77560094850156,38973
"(0.8432903075760217, 1.0)",1,94.77558273751052,38974
"(0.8941425546930134, 0.944998624965624)",1,94.77554343270036,38975
"(0.8975998588152243, 0.9540153992631536)",1,94.77544234519156,38976
"(0.8898894074675324, 0.9537330920118182)",2,94.77531754646655,38978
"(0.9382963205525124, 0.9495014245014244)",2,94.77526305637674,38980
"(0.950608853052493, 0.9575126626788776)",3,94.77511206406176,38983
"(0.8199566964749151, 0.9690968282937898)",1,94.77502988472096,38984
"(0.5990872838163477, 0.95749335833724)",1,94.77495364593624,38985
"(0.9283935041407868, 0.9538331745788698)",1,94.77480076042268,38986
"(0.8438530351707455, 0.960376642453574)",1,94.77478371213286,38987
"(0.5356100633781995, 0.942217624820578)",1,94.77473532095507,38988
"(0.7545469576719577, 1.0)",1,94.77470580744956,38989
"(0.9120631439710386, 0.9734731918335766)",3,94.77470221176324,38992
"(0.987463247273494, 0.987463247273494)",2,94.774667544365,38994
"(0.8391399552284038, 0.9529751605618932)",1,94.7745959489126,38995
"(0.7411693433725257, 0.9779263059241357)",3,94.7745631247134,38998
"(0.8745694076353437, 0.956140350877193)",3,94.7743014512482,39001
"(0.6458122469635628, 0.9470972820501607)",1,94.7741950458507,39002
"(0.9326599326599326, 1.0)",1,94.77419179944695,39003
"(0.7984443237466936, 0.964731521366774)",1,94.77417669291876,39004
"(0.943455134862934, 0.9680383516315252)",1,94.77402732085189,39005
"(0.9189485013229876, 0.960666032023912)",3,94.77371214204368,39008
"(0.7882395382395383, 0.9440529448756316)",2,94.77367663129176,39010
"(0.8701817267182292, 0.9648252575884156)",1,94.7735588522466,39011
"(0.7434518366201162, 0.9691818330194464)",1,94.77354723943952,39012
"(0.842200034135518, 0.9536268754076972)",1,94.77348454672236,39013
"(0.9549718574108818, 0.9374902328488828)",1,94.773451894116,39014
"(0.8227768765625336, 0.9668855422728324)",1,94.7734377087819,39015
"(0.7907680396814234, 0.9756733433925896)",1,94.77316165989542,39016
"(0.8470413622709255, 0.9512947499929286)",1,94.77282606820752,39017
"(0.911911525974026, 0.9538331745788698)",1,94.77276078877873,39018
"(0.8428883536673643, 0.9736842105263158)",1,94.77272140127738,39019
"(0.8455704732698088, 1.0)",1,94.77247172157344,39020
"(0.8879331046312178, 0.962470105966915)",2,94.77202043391306,39022
"(0.7736869137404373, 0.9556541264979026)",1,94.77199514963652,39023
"(0.9021765712888236, 0.9549898727213622)",1,94.77194393729674,39024
"(0.7474747474747474, 0.9643944553313464)",1,94.77193690330328,39025
"(0.8498641779745659, 0.9624885121068328)",2,94.7718478337756,39027
"(0.6911324786324786, 0.972045976510262)",1,94.7717952136458,39028
"(0.7678405315614618, 0.9764666952752286)",1,94.77177097644378,39029
"(0.8420013166556946, 1.0)",1,94.77175278607992,39030
"(0.8594059903090558, 0.9474602668267876)",1,94.77172038240418,39031
"(0.812231932146279, 0.955)",1,94.77167141339804,39032
"(0.7709171448706333, 0.964269276237512)",1,94.77144924713254,39033
"(0.9677353740627908, 0.9151002758947376)",1,94.77141662372442,39034
"(0.95, 0.9573389777809668)",1,94.77121812214509,39035
"(0.940074233084456, 0.9535144014828052)",1,94.77104526310892,39036
"(0.9641028246291404, 0.9569233895549684)",1,94.77098165770224,39037
"(0.869750601552687, 0.9538331745788698)",1,94.77095024409054,39038
"(0.9425645194066248, 0.960666032023912)",1,94.77066460659104,39039
"(0.8933617810760668, 0.9610899532226684)",1,94.77065859091256,39040
"(0.6361158710730316, 0.9764666952752286)",1,94.77065104709511,39041
"(0.9833229101521784, 1.0)",1,94.77062359824048,39042
"(0.9641028246291404, 0.9604593619418418)",1,94.77049932997508,39043
"(0.8887940768066828, 0.964269276237512)",1,94.77046060556307,39044
"(0.7976364522417154, 0.9692608993981562)",1,94.7704368768874,39045
"(0.8449106413122807, 0.964269276237512)",1,94.77042914374702,39046
"(0.8388048698116161, 0.972420634920635)",2,94.77039699931302,39048
"(0.9287396277192196, 0.9536268754076972)",1,94.770362942867,39049
"(0.8141106354402753, 0.9515714518877016)",1,94.77019431336817,39050
"(0.8873352247505452, 0.9735486410250802)",2,94.77008650050097,39052
"(0.9916585206907788, 0.9958292603453894)",4,94.76990926731204,39056
"(0.5543151308891524, 0.9528125324922884)",1,94.76990525449584,39057
"(0.9832965806068272, 0.9958292603453894)",4,94.76987640792169,39061
"(0.869254101161996, 0.9646309224447688)",1,94.76985931713958,39062
"(0.8123989898989897, 0.9495014245014244)",1,94.76984285302268,39063
"(0.8456659619450317, 0.9764666952752286)",1,94.7696318144477,39064
"(0.9364970967817766, 0.9607612022680516)",1,94.76960562190632,39065
"(0.9574784734771978, 0.9474917955930616)",1,94.76942643270029,39066
"(0.95, 0.9537330920118182)",4,94.76936121457196,39070
"(0.765692887308966, 0.9861310021084456)",2,94.76924335680214,39072
"(0.8729557812660307, 0.9690968282937898)",3,94.7691638726313,39075
"(0.8560274494853222, 0.9539707149009474)",1,94.76912899278372,39076
"(0.8275581095807398, 0.9426083954027524)",2,94.76905298071392,39078
"(0.8972301136363636, 0.9681034738761426)",1,94.76890122294436,39079
"(0.7525252525252526, 0.9599989999749994)",1,94.76877669502969,39080
"(0.9153439153439156, 0.9833229101521784)",2,94.768768611804,39082
"(0.5194724675222732, 0.9649800727017912)",1,94.76872738255749,39083
"(0.9394971203231468, 0.9468391231269042)",1,94.76868943642336,39084
"(0.911234030893585, 0.9602301158301156)",1,94.76868830170515,39085
"(0.8533622685185187, 1.0)",1,94.76838454766404,39086
"(0.3793588847294121, 0.972630995471802)",1,94.76823827594112,39087
"(0.9432380952380952, 0.9571428571428572)",1,94.7682317029592,39088
"(0.8044914258149553, 0.9861310021084456)",1,94.76801633149545,39089
"(0.8315416458960965, 0.9766918866148322)",2,94.76789536972844,39091
"(0.8551452042262022, 0.9499987499687492)",1,94.76784092548844,39092
"(0.9388917411828462, 0.9503333333333333)",1,94.7674746922698,39093
"(0.8391399552284038, 0.9534883720930232)",1,94.76718736754474,39094
"(0.9373586654890096, 0.9524854486686548)",1,94.76713223443964,39095
"(0.9000617225831424, 0.9833229101521784)",1,94.76711893464169,39096
"(0.860351329677713, 0.9539707149009474)",1,94.76704339689414,39097
"(0.9474917955930616, 0.9499687304565354)",1,94.76691486439071,39098
"(0.865587044534413, 0.969334154098697)",1,94.76669399625553,39099
"(0.8829656107481818, 0.9515714518877016)",2,94.76659413262176,39101
"(0.4794373036867545, 0.9672046695569204)",1,94.76657667299088,39102
"(0.7602536997885835, 0.9764666952752286)",1,94.76637803537086,39103
"(0.9524331090596152, 0.9524854486686548)",1,94.7662432069834,39104
"(0.8975764647467728, 0.9749910873440284)",1,94.76619261387052,39105
"(0.9074935400516796, 0.9539707149009474)",1,94.76600820517208,39106
"(0.9498754528985508, 0.960851077856154)",4,94.76585623924574,39110
"(0.7852506868131869, 0.9679690637004894)",3,94.7656527644641,39113
"(0.9833229101521784, 1.0)",1,94.76551890948974,39114
"(0.9137091172501388, 0.9495014245014244)",1,94.76545053409856,39115
"(0.9122507070492478, 0.9749656593406592)",1,94.76543294083012,39116
"(0.9047619047619048, 0.9499799919967988)",1,94.76522049360472,39117
"(0.8847822547822548, 0.9861673414304992)",1,94.76520561078016,39118
"(0.8569579686922223, 0.9560315719855194)",1,94.76515469549868,39119
"(0.9272595017275868, 0.9549898727213622)",3,94.76503711088154,39122
"(0.8123989898989897, 0.9495014245014244)",1,94.76464500924584,39123
"(0.9459285785969274, 0.9432380952380952)",1,94.7645409171762,39124
"(0.6415148305084746, 0.9749910873440284)",1,94.7643970485932,39125
"(0.912531328320802, 0.9540153992631536)",1,94.76424712256072,39126
"(0.92008547008547, 0.9571428571428572)",1,94.76423134509952,39127
"(0.7002945207922506, 0.9606593486924077)",1,94.76421063845557,39128
"(0.7372845733501472, 0.9599909979745442)",1,94.76420949359212,39129
"(0.950608853052493, 0.950431439792024)",1,94.76407199646268,39130
"(0.8103292776312431, 0.9573389777809668)",1,94.76377480850164,39131
"(0.8872085807165035, 0.9468391231269042)",1,94.7637195549094,39132
"(0.8449106413122807, 0.964269276237512)",1,94.76351633931168,39133
"(0.8326352665776878, 0.9501177394034536)",1,94.76314022000972,39134
"(0.8715701474388204, 0.972281746031746)",1,94.7629348698564,39135
"(0.9599989999749994, 0.9474996718729491)",3,94.7629209924365,39138
"(0.940074233084456, 0.9572437766315318)",1,94.76261230860902,39139
"(0.8605691443799373, 0.9649927307623792)",1,94.76231275085306,39140
"(0.7259530953852703, 0.9643944553313464)",1,94.76199270579204,39141
"(0.8975998588152243, 0.9505232430050672)",1,94.76198923168688,39142
"(0.7611229730509549, 0.9539707149009474)",1,94.76198036604346,39143
"(0.9677353740627908, 0.9641028246291404)",1,94.76178972645364,39144
"(0.8388355871169197, 0.9499799919967988)",1,94.76170374253071,39145
"(0.4473278102664067, 0.9735486410250802)",1,94.7616940663074,39146
"(0.9831777451938742, 0.9874877810361682)",4,94.76160451898744,39150
"(0.8395301149279116, 0.9643944553313464)",1,94.76159224828612,39151
"(0.8766640111271459, 0.939055706563049)",1,94.76148914972464,39152
"(0.95, 0.9540153992631536)",3,94.76124678507972,39155
"(0.9599959995999598, 0.9449876222149984)",1,94.7612235268552,39156
"(0.9422394177612392, 0.9432380952380952)",1,94.7611439566646,39157
"(0.8876281048778143, 0.9607612022680516)",4,94.76102620815094,39161
"(0.9860411258716344, 0.972045976510262)",1,94.76094500960455,39162
"(0.869750601552687, 0.9425645194066248)",1,94.76064107698993,39163
"(0.8597791061504694, 0.9610153569597296)",2,94.76046925695258,39165
"(0.9373666512059368, 0.9749910873440284)",1,94.7604605133688,39166
"(0.8287392966468705, 0.964731521366774)",1,94.7604525335458,39167
"(0.9343984962406016, 0.9607612022680516)",3,94.76044099215574,39170
"(0.9501177394034536, 0.9468391231269042)",1,94.76003910582938,39171
"(0.6796326875518447, 0.9691818330194464)",1,94.75983688476654,39172
"(0.8480357142857143, 0.9645938855657314)",3,94.75975221759444,39175
"(0.8955173107890498, 0.9749910873440284)",1,94.75956359706323,39176
"(0.92008547008547, 0.9607612022680516)",2,94.75946088255267,39178
"(0.5131569832583307, 1.0)",1,94.75943680529416,39179
"(0.6658312447786132, 0.947405000281759)",2,94.7593865745219,39181
"(0.3592666181139386, 0.9529751605618932)",1,94.75932278723856,39182
"(0.860351329677713, 0.9539707149009474)",1,94.75920703863731,39183
"(0.930124456440246, 0.972045976510262)",1,94.75889931599887,39184
"(0.8860074211502783, 0.9540977572753596)",1,94.7588427320296,39185
"(0.4990703502943405, 0.9539707149009474)",1,94.75878198876232,39186
"(0.8391399552284038, 0.9529751605618932)",1,94.75856754077286,39187
"(0.7615072500907597, 0.9766918866148322)",1,94.75833044346834,39188
"(0.7620265151515151, 0.9749656593406592)",3,94.75826967546874,39191
"(0.6747507742934573, 0.9861310021084456)",2,94.758139898859,39193
"(0.8771934243211048, 0.9679690637004894)",1,94.7580540748624,39194
"(0.8100807574491785, 0.9470972820501607)",2,94.75796273319476,39196
"(0.7829069509514622, 0.9540153992631536)",1,94.75792022602364,39197
"(0.9388917411828462, 0.9573389777809668)",1,94.7577162489703,39198
"(0.9212328545548654, 0.9751915907925552)",1,94.7576913243838,39199
"(0.9142857142857144, 0.9432380952380952)",1,94.75759835844016,39200
"(0.9425645194066248, 0.957036102484472)",1,94.75758973015748,39201
"(0.5169410170491575, 0.996972731745028)",3,94.75753035897088,39204
"(0.8729557812660307, 0.964731521366774)",3,94.75745508372768,39207
"(0.7984443237466936, 0.9601502499942144)",2,94.75742727662872,39209
"(0.9318857896881138, 0.9572437766315318)",1,94.75715278889032,39210
"(0.5352462289124051, 0.9724767641996556)",1,94.7570777036788,39211
"(0.8287392966468705, 0.9690968282937898)",1,94.75707104898709,39212
"(0.865581803207783, 0.9601502499942144)",1,94.7569541311888,39213
"(0.8894752290768013, 0.9572437766315318)",1,94.75692608096514,39214
"(0.8885908209437621, 0.9572437766315318)",1,94.75688810207475,39215
"(0.9332172991312776, 0.9876066164491212)",1,94.7565792649428,39216
"(0.812231932146279, 0.9524925769651508)",1,94.75654783693707,39217
"(0.8015172217594739, 0.960572483841182)",1,94.7565182566878,39218
"(0.8676532769556025, 0.9882048106149588)",2,94.7563627653789,39220
"(0.4747763864042934, 0.9882048106149588)",1,94.75634758525312,39221
"(0.8796475392220073, 1.0)",1,94.75630987135422,39222
"(0.8091777408637875, 0.9539707149009474)",1,94.75619241298348,39223
"(0.9432380952380952, 0.960666032023912)",1,94.7560556326019,39224
"(0.812231932146279, 0.9524973279746984)",3,94.75605070909148,39227
"(0.9486619426325308, 0.987463247273494)",4,94.75592932127832,39231
"(0.7392209336901576, 0.9690968282937898)",1,94.75582093963337,39232
"(0.8517341550708587, 0.9539707149009474)",1,94.75562142614996,39233
"(0.931093393134094, 0.9538331745788698)",1,94.75535647977335,39234
"(0.925438675470188, 0.9749656593406592)",3,94.75530047276058,39237
"(0.7348436174331348, 0.9861310021084456)",2,94.75525335679576,39239
"(0.9422394177612392, 0.9537330920118182)",1,94.75515574591785,39240
"(0.7222399416093426, 0.9749910873440284)",1,94.75506807340658,39241
"(0.8201767124753505, 0.9736842105263158)",1,94.75465226388587,39242
"(0.727962128872139, 0.9539707149009474)",1,94.75465011060776,39243
"(0.8729557812660307, 0.964731521366774)",1,94.75449021500371,39244
"(0.775671600877193, 0.9691818330194464)",1,94.75432595319732,39245
"(0.924772436620778, 0.9524925769651508)",1,94.75415539346125,39246
"(0.7388695158543508, 0.9515714518877016)",3,94.75404214391202,39249
"(0.787221770032878, 0.9599989999749994)",1,94.75391044399328,39250
"(0.5029557589626239, 0.9516956990542454)",2,94.75388032750996,39252
"(0.6936817460684196, 0.9560315719855194)",1,94.75375700867394,39253
"(0.9036271334014516, 0.9679052771962776)",4,94.7536192080345,39257
"(0.8258152104305951, 0.9624978905063408)",1,94.75343850169614,39258
"(0.5695633155937887, 0.9764666952752286)",1,94.75331864027844,39259
"(0.8185034935353271, 0.9690968282937898)",1,94.75330379067944,39260
"(0.3841590381665586, 0.9958519089707664)",3,94.75312692863996,39263
"(0.8569579686922223, 0.9473684210526316)",3,94.75308440871302,39266
"(0.7829069509514622, 0.9575126626788776)",1,94.75295652644846,39267
"(0.9394971203231468, 0.9574285714285714)",1,94.75289481278156,39268
"(0.4517222778047475, 0.9787126075905072)",4,94.75284600085077,39272
"(0.7678405315614618, 0.964269276237512)",1,94.75281624023528,39273
"(0.9833229101521784, 1.0)",1,94.75251975616906,39274
"(0.8074780204479453, 0.9749910873440284)",1,94.7524843754936,39275
"(0.869254101161996, 0.9646309224447688)",1,94.75237488305946,39276
"(0.8652443837747164, 0.9735486410250802)",1,94.7523554990993,39277
"(0.876112115732369, 0.9468391231269042)",1,94.75208831292188,39278
"(0.9326628892940788, 0.947035873779261)",1,94.75192419928467,39279
"(0.8656595443322052, 0.9635116810923864)",4,94.75186354618678,39283
"(0.8746747225950852, 0.951437873033098)",1,94.75176125558676,39284
"(0.7301651663828291, 0.9515714518877016)",2,94.75174663499428,39286
"(0.8391399552284038, 0.941454716296154)",1,94.75155429397782,39287
"(0.8258470464352816, 0.960851077856154)",3,94.75154517216173,39290
"(0.3714297821849309, 0.9736189431913116)",1,94.7514153751214,39291
"(0.9080024622960912, 0.9560315719855194)",2,94.7513860642771,39293
"(0.8313174792337382, 0.9690968282937898)",1,94.75138410409409,39294
"(0.8171936889795594, 0.9646309224447688)",1,94.7513092424555,39295
"(0.8506653943511476, 0.9779263059241357)",1,94.75127277471545,39296
"(0.7817150682100042, 0.9366844919786096)",1,94.7511327476226,39297
"(0.7580266955266955, 0.972252530763169)",1,94.75108000850804,39298
"(0.9628689175769612, 0.9622598627787308)",1,94.75100318724814,39299
"(0.9261858974358974, 0.9747507916611692)",1,94.75093504282177,39300
"(0.6746336326928433, 0.9690968282937898)",1,94.7508752520222,39301
"(0.9498754528985508, 0.960851077856154)",1,94.75083361377196,39302
"(0.7755430561135663, 0.9601502499942144)",1,94.7507532868398,39303
"(0.8846362470895226, 0.9540153992631536)",1,94.7507469308347,39304
"(0.7962102115226081, 0.9766918866148322)",1,94.75070916940072,39305
"(0.9539272400433172, 0.9498754528985508)",1,94.75037127868664,39306
"(0.8933617810760668, 0.9540153992631536)",1,94.75031959100018,39307
"(0.8871082621082622, 0.972281746031746)",1,94.75030510533358,39308
"(0.945364478411655, 0.9916585206907788)",1,94.75025057675244,39309
"(0.8631546198466533, 0.9764666952752286)",1,94.7499184385794,39310
"(0.8723247367948496, 0.9515714518877016)",3,94.74982237772066,39313
"(0.727962128872139, 0.9539707149009474)",1,94.74961709054416,39314
"(0.9422585572257836, 0.9690968282937898)",4,94.7495711743931,39318
"(0.6933160650937552, 0.9764666952752286)",1,94.749453074953,39319
"(0.8349608011027915, 0.9648252575884156)",1,94.749415542029,39320
"(0.8340666247642992, 0.9499987499687492)",1,94.74935521133634,39321
"(0.5342296694992609, 0.9586731634182908)",1,94.74917052477574,39322
"(0.7548199009255377, 0.9722971455282776)",1,94.74913346160774,39323
"(0.8591722063944286, 0.9580331374974232)",1,94.7490668579982,39324
"(0.9505232430050672, 0.9496053534660264)",1,94.74892903450504,39325
"(0.8309403153153152, 0.9691818330194464)",1,94.74865915988462,39326
"(0.97899550533801, 0.8726747811124789)",1,94.74861946894774,39327
"(0.8891825109620656, 0.970945786774068)",4,94.74850411482264,39331
"(0.9212328545548654, 0.9497439544807966)",1,94.74835736760612,39332
"(0.8306479779411763, 0.9749910873440284)",1,94.7483452766496,39333
"(0.8108441558441559, 0.9495014245014244)",1,94.74818391693408,39334
"(0.7867950912705132, 0.9574997343733398)",1,94.7481770278152,39335
"(0.8651322276720679, 0.9574784734771978)",1,94.74814512912226,39336
"(0.8438530351707455, 0.9690968282937898)",1,94.74814091976884,39337
"(0.8992107069320523, 0.9505232430050672)",3,94.7481351274659,39340
"(0.8996664258511047, 0.94328971895932)",1,94.74810257189688,39341
"(0.8143540514876735, 0.964731521366774)",8,94.74798735799016,39349
"(0.8898894074675324, 0.9540153992631536)",1,94.74798353647284,39350
"(0.8745694076353437, 0.9648252575884156)",3,94.74777189152027,39353
"(0.9442283950617284, 1.0)",1,94.74760854828246,39354
"(0.8597791061504694, 0.9573389777809668)",1,94.74716150629826,39355
"(0.8810064268049709, 0.9690057499955)",1,94.74704347594806,39356
"(0.876112115732369, 0.9537330920118182)",1,94.7469042713175,39357
"(0.5379450468208387, 0.9606593486924077)",1,94.7468800174796,39358
"(0.9153439153439152, 1.0)",1,94.74680508168504,39359
"(0.9002005347593582, 0.9495014245014244)",2,94.7467766901088,39361
"(0.8493268538892306, 0.9690057499955)",8,94.74657315735486,39369
"(0.582531911173282, 0.960267350663444)",1,94.7464942238015,39370
"(0.9424190267563762, 0.9499887474681804)",1,94.7463211203046,39371
"(0.8536761519572441, 0.9539707149009474)",1,94.74630913142758,39372
"(0.9498754528985508, 0.9571428571428572)",1,94.74624179531048,39373
"(0.8016677935542034, 1.0)",1,94.74617886845584,39374
"(0.6043417366946778, 0.9572437766315318)",1,94.74609578576174,39375
"(0.9750780096985032, 0.9792592592592594)",1,94.74597993785444,39376
"(0.4624105982957163, 0.9875003125078128)",1,94.74585140880365,39377
"(0.9528533742496432, 0.941687552213868)",1,94.74582744351596,39378
"(0.9680383516315252, 0.9678176625650188)",1,94.7457931771798,39379
"(0.5853182863855046, 0.9716212329432669)",2,94.74576447821208,39381
"(0.8221762134805614, 0.958109559613319)",1,94.74555803289924,39382
"(0.8796475392220073, 1.0)",1,94.74552561453731,39383
"(0.8474214220323468, 0.9549718574108818)",1,94.74535571719656,39384
"(0.9603476243044132, 0.9603476243044132)",1,94.74533119860928,39385
"(0.8993301094022514, 0.9622641509433963)",1,94.74525666605685,39386
"(0.8391399552284038, 0.9529751605618932)",2,94.74524131596756,39388
"(0.6440664873253734, 1.0)",3,94.74489152353266,39391
"(0.8974984433303618, 0.9756805807622504)",1,94.74482568157364,39392
"(0.9422394177612392, 0.9675571471581564)",1,94.74478051482882,39393
"(0.8708656432979902, 0.9574784734771978)",1,94.74469024855712,39394
"(0.8287392966468705, 0.964731521366774)",3,94.74446984310173,39397
"(0.7630195891065458, 0.9499799919967988)",1,94.74442818900296,39398
"(0.8137861130877186, 0.964269276237512)",1,94.7444118117455,39399
"(0.7599364993320813, 0.9524973279746984)",1,94.74423932269136,39400
"(0.937386905097332, 0.944998624965624)",1,94.74410256986864,39401
"(0.9161379295307868, 0.9861310021084456)",1,94.74378396898254,39402
"(0.6698155645524068, 1.0)",1,94.743655402306,39403
"(0.8422693146507633, 0.9604782992262008)",1,94.74340910635723,39404
"(0.9399739902831624, 0.95)",1,94.7432908166428,39405
"(0.960851077856154, 0.9643698138596096)",1,94.7432640566678,39406
"(0.7707669475804315, 0.9646309224447688)",2,94.74302272240224,39408
"(0.8860074211502783, 0.9540153992631536)",4,94.7429386511119,39412
"(0.9537330920118182, 0.9572437766315318)",2,94.74277720016036,39414
"(0.8100807574491785, 0.9518108135836668)",3,94.74244499891472,39417
"(0.8991833854219174, 0.9574784734771978)",1,94.74217885386572,39418
"(0.7198784150003663, 0.9691818330194464)",3,94.74195422449716,39421
"(0.9084080904123386, 0.9460809481025116)",1,94.74190914753042,39422
"(0.8600428777729004, 0.9449504554098688)",1,94.74188687019776,39423
"(0.9449779911964784, 0.9499887474681804)",1,94.74166081015235,39424
"(0.7823116219667945, 0.972420634920635)",1,94.74162055220684,39425
"(0.7280701754385965, 0.9601502499942144)",1,94.7416020439013,39426
"(0.6865535441227247, 0.9512947499929286)",1,94.74144151715892,39427
"(0.8453642237906118, 0.9644491481508056)",1,94.74110468967724,39428
"(0.9349202773397411, 0.9474970467088774)",1,94.74095768492104,39429
"(0.81893131227901, 1.0)",2,94.740865206085,39431
"(0.9498754528985508, 0.95)",1,94.7407376055662,39432
"(0.9575126626788776, 0.9609357631051972)",1,94.7406482158434,39433
"(0.8936757955372995, 0.9646471322611444)",1,94.74062559283864,39434
"(0.457262827025654, 0.9935573665676214)",3,94.7405415152656,39437
"(0.874047619047619, 0.972045976510262)",1,94.7405269116004,39438
"(0.876112115732369, 0.9498754528985508)",1,94.74050814392542,39439
"(0.7434518366201162, 0.9691818330194464)",5,94.74034332714604,39444
"(0.950431439792024, 0.9539272400433172)",1,94.74027176687945,39445
"(0.8340166019865393, 0.9749910873440284)",1,94.74015802295438,39446
"(0.8743078626799556, 0.9861310021084456)",2,94.74013814701614,39448
"(0.8074780204479453, 0.9622598627787308)",1,94.74001617863712,39449
"(0.8868202139097957, 0.9449944994499452)",1,94.74000324306596,39450
"(0.8153895365851999, 0.9643944553313464)",1,94.73985808078974,39451
"(0.7956953792242888, 0.9599989999749994)",1,94.73981032938556,39452
"(0.3445871414842349, 0.9770266913709535)",4,94.739722552013,39456
"(0.9303901487133776, 0.9539272400433172)",2,94.73964178301866,39458
"(0.9326599326599326, 0.9833229101521784)",1,94.7396182529196,39459
"(0.9424967654430562, 0.95749335833724)",1,94.7394589472066,39460
"(0.9298245614035088, 0.954995499549955)",1,94.73930791622033,39461
"(0.8131627957608075, 0.964269276237512)",1,94.73917057217749,39462
"(0.8995772689779955, 0.9749656593406592)",1,94.73905627043013,39463
"(0.9549988749718742, 0.944998624965624)",1,94.73901486734717,39464
"(0.9574784734771978, 0.9499687304565354)",2,94.73894138808468,39466
"(0.9835547122074636, 0.9915151515151516)",1,94.7388371405172,39467
"(0.5222179798681013, 0.9539707149009474)",1,94.73882559769396,39468
"(0.8995772689779955, 0.9749656593406592)",1,94.73881876688203,39469
"(0.7401844059863599, 0.972420634920635)",1,94.73880047309622,39470
"(0.8743078626799556, 0.9861310021084456)",1,94.73836747953716,39471
"(0.888194940411122, 0.94291309888229)",3,94.738225940632,39474
"(0.8449106413122807, 0.964269276237512)",1,94.73818508331526,39475
"(0.888194940411122, 0.9473684210526316)",1,94.73796197014516,39476
"(0.9315095328894416, 0.960851077856154)",3,94.73773102403042,39479
"(0.8829656107481818, 0.9560315719855194)",2,94.73767993400156,39481
"(0.789994229453279, 0.9861673414304992)",1,94.73759415783168,39482
"(0.6658312447786132, 0.9574784734771978)",1,94.7373247206904,39483
"(0.8468951683237397, 1.0)",1,94.73723040180585,39484
"(0.9833229101521784, 1.0)",1,94.7370895333305,39485
"(0.6892156862745098, 0.972420634920635)",1,94.7370600422604,39486
"(0.9348222545262322, 0.950608853052493)",1,94.73689753451832,39487
"(0.8137484933708317, 0.9690968282937898)",1,94.73656441322,39488
"(0.5562558356676003, 0.9861673414304992)",3,94.73651763759366,39491
"(0.94484126984127, 0.9861673414304992)",1,94.73619825799736,39492
"(0.7084717607973421, 0.9764666952752286)",1,94.7361884767675,39493
"(0.6458122469635628, 0.960572483841182)",1,94.73618527580392,39494
"(0.9247290244881574, 0.95749335833724)",1,94.7360864525719,39495
"(0.8825487012987013, 0.9466151061674828)",1,94.73607126746874,39496
"(0.8514626506510005, 0.9572437766315318)",1,94.73596161217536,39497
"(0.7761555341771514, 0.9599959995999598)",1,94.73583937183945,39498
"(0.8498641779745659, 0.9524973279746984)",1,94.73575165276851,39499
"(0.8955173107890498, 0.9749910873440284)",1,94.73565296025107,39500
"(0.902192297684101, 0.9861310021084456)",2,94.73561029349844,39502
"(0.9202657807308968, 0.9539707149009474)",1,94.73529476930456,39503
"(0.9230627959463646, 0.978621888315766)",1,94.735271575897,39504
"(0.8137484933708317, 0.9690968282937898)",4,94.73522646271896,39508
"(0.7820945837686102, 0.9599959995999598)",3,94.73516715118194,39511
"(0.9002005347593582, 0.9495014245014244)",1,94.73491412063592,39512
"(0.448819084280689, 0.9779870235853187)",1,94.73478600982467,39513
"(0.9388917411828462, 0.9501177394034536)",1,94.73467201605658,39514
"(0.8089156509369275, 0.9450323339212228)",2,94.73452464446612,39516
"(0.8632321428571428, 0.95)",1,94.73447533747674,39517
"(0.9064143587480232, 0.9601502499942144)",1,94.73441765200572,39518
"(0.8176857647247633, 0.9574784734771978)",1,94.73434999346468,39519
"(0.8226000003393725, 0.960267350663444)",1,94.73424688516016,39520
"(0.8968435471383478, 0.9575126626788776)",1,94.73422902008149,39521
"(0.6981216457960644, 0.9767441860465116)",1,94.7342279447388,39522
"(0.8835857110930401, 0.9764666952752286)",1,94.7341754705398,39523
"(0.9575126626788776, 0.9609357631051972)",1,94.73407765353036,39524
"(0.4937125269096371, 0.9988619159967322)",3,94.73402143606864,39527
"(0.8351110130322311, 0.9557886530559612)",3,94.733916804268,39530
"(0.9310483384791604, 0.9861673414304992)",1,94.73381323193834,39531
"(0.8066487122350412, 0.9767441860465116)",1,94.73376076727595,39532
"(0.829147429978455, 0.9473684210526316)",1,94.73356793853294,39533
"(0.835848883169409, 0.9758777250199286)",1,94.73354081376146,39534
"(0.7075825156110616, 0.9780958243562125)",1,94.7333790401966,39535
"(0.7997685185185185, 0.972252530763169)",1,94.73337727808575,39536
"(0.950431439792024, 0.9575126626788776)",1,94.733268792089,39537
"(0.3875802750555293, 0.9726248689406464)",1,94.7328394368518,39538
"(0.8964397027091824, 0.9498754528985508)",1,94.73275172144712,39539
"(0.9468391231269042, 0.9540153992631536)",1,94.73271516979992,39540
"(0.7665484369555701, 0.9764666952752286)",1,94.7326514988117,39541
"(0.911911525974026, 0.9536268754076972)",1,94.73265133152698,39542
"(0.888425800230205, 0.9682365436156678)",1,94.73256671240549,39543
"(0.8403320842836972, 0.9622598627787308)",2,94.73245739192754,39545
"(0.789994229453279, 0.9861673414304992)",2,94.73236093783582,39547
"(0.8141106354402753, 0.964731521366774)",1,94.73235410646636,39548
"(0.5053993577226708, 0.9668924965233692)",4,94.73229821591686,39552
"(0.8326352665776878, 0.9571428571428572)",1,94.73228144307198,39553
"(0.8613133624575272, 0.9499887474681804)",1,94.73212874834174,39554
"(0.5218438528010998, 0.972281746031746)",1,94.731982476144,39555
"(0.842200034135518, 0.9572437766315318)",1,94.7318062069914,39556
"(0.5653455329500221, 0.9747507916611692)",1,94.73173425926022,39557
"(0.9452474337657768, 0.9611264631425924)",1,94.73164223741688,39558
"(0.8014549180327869, 0.9495014245014244)",1,94.73158715724556,39559
"(0.8810064268049709, 0.9557886530559612)",1,94.73155206505751,39560
"(0.9064143587480232, 0.9646309224447688)",1,94.73137953480963,39561
"(0.7602379596828609, 0.9495058714870036)",1,94.73121679453064,39562
"(0.9382963205525124, 0.9495014245014244)",1,94.7310845091092,39563
"(0.7833537331701346, 0.95153153367707)",1,94.73108065632928,39564
"(0.8329572772522432, 0.9656673832323628)",1,94.73105330450112,39565
"(0.8801420274178757, 0.9643944553313464)",1,94.73098379456408,39566
"(0.506190861938997, 0.9650450950662368)",1,94.73093415476856,39567
"(0.95, 0.9346153846153848)",1,94.730673706896,39568
"(0.8272165916646247, 0.9651902475342504)",2,94.73066537922568,39570
"(0.9707071808622552, 0.9958292603453894)",4,94.73054429229904,39574
"(0.7583018074821354, 0.9549718574108818)",1,94.73044664284944,39575
"(0.9240756756756756, 0.9680383516315252)",1,94.73043715545649,39576
"(0.8312205288949474, 0.988167361639188)",1,94.73030474609116,39577
"(0.931093393134094, 0.9432380952380952)",1,94.73016642682852,39578
"(0.9373666512059368, 0.9749910873440284)",2,94.73012113268048,39580
"(0.935554153726708, 0.9468391231269042)",1,94.72994074662908,39581
"(0.7447170736590969, 0.9692608993981562)",1,94.72985675833772,39582
"(0.8715701474388204, 0.958109559613319)",1,94.72983048251434,39583
"(0.8267756716773511, 0.960376642453574)",6,94.72965982928416,39589
"(0.9171764705882351, 0.944998624965624)",1,94.72964971570455,39590
"(0.798089617146851, 0.9574997343733398)",1,94.72926081482676,39591
"(0.8428883536673643, 0.9649927307623792)",1,94.72924288551616,39592
"(0.9310391447174572, 0.9719569533132176)",1,94.72920242431522,39593
"(0.8244920011417232, 0.9495014245014244)",1,94.7291350770098,39594
"(0.6981216457960644, 0.9650450950662368)",1,94.72867463930028,39595
"(0.9090190634069856, 0.9630499959484644)",1,94.72855528257178,39596
"(0.9069410647702764, 0.9549988749718742)",1,94.72849598544694,39597
"(0.8003813092161745, 0.966514261618626)",1,94.72847072711164,39598
"(0.9008284445853814, 0.9495014245014244)",1,94.72815904261002,39599
"(0.9326628892940788, 0.9540153992631536)",1,94.72797268843966,39600
"(0.8922888616891066, 0.9539707149009474)",1,94.72787212368726,39601
"(0.5392617806616317, 0.9289986228605154)",3,94.72779323702512,39604
"(0.9833229101521784, 0.9833229101521784)",1,94.72776252003658,39605
"(0.9623066688389268, 0.9832965806068272)",1,94.72767564116826,39606
"(0.8517341550708587, 0.9539707149009474)",1,94.72765631847008,39607
"(0.8306479779411763, 0.9619736581501288)",1,94.72764619652465,39608
"(0.8600428777729004, 0.9524925769651508)",2,94.72754636063704,39610
"(0.8040583964010628, 0.9470972820501607)",3,94.72714862311088,39613
"(0.9462256234379848, 0.9539272400433172)",1,94.72689155698204,39614
"(0.92008547008547, 0.9536268754076972)",1,94.72669243478116,39615
"(0.2317734141657155, 0.9599959995999598)",1,94.72647735904276,39616
"(0.682074987159733, 0.9650076460904662)",1,94.72641232289504,39617
"(0.8313174792337382, 0.9779263059241357)",2,94.72636160389442,39619
"(0.93600846667145, 0.947035873779261)",6,94.72635919871568,39625
"(0.7440767664806348, 0.964269276237512)",1,94.72627657062633,39626
"(0.8660316000154361, 0.960572483841182)",1,94.72626826563324,39627
"(0.8309403153153152, 0.9691818330194464)",1,94.72605834399012,39628
"(0.9466127311522048, 0.9867922141511912)",2,94.7260171048676,39630
"(0.8597791061504694, 0.9539272400433172)",1,94.7259747469306,39631
"(0.8374874819183264, 0.9764666952752286)",1,94.72577285322762,39632
"(0.9459285785969274, 0.9574285714285714)",1,94.72553560257953,39633
"(0.9308697752778572, 0.9640038239043044)",1,94.72533756587627,39634
"(0.7599364993320813, 0.9499799919967988)",1,94.72528187267156,39635
"(0.8470413622709255, 0.9690968282937898)",1,94.72527241564444,39636
"(0.8087623896023756, 0.9764666952752286)",1,94.72523856821984,39637
"(0.9269284534248317, 0.9764666952752286)",1,94.72522353120172,39638
"(0.9537330920118182, 0.9429917021753756)",1,94.725102276258,39639
"(0.917001490200517, 0.9499887474681804)",1,94.72499805126591,39640
"(0.8895939931776995, 0.9619736581501288)",1,94.72486509506902,39641
"(0.7836974395113928, 0.9644038253792572)",1,94.72483595278584,39642
"(0.835943054212425, 0.9604782992262008)",1,94.72460506903428,39643
"(0.9156086605607608, 0.9516956990542454)",3,94.72457025763995,39646
"(0.230265312807075, 0.9599909979745442)",1,94.72453674254191,39647
"(0.9017715617715616, 0.972252530763169)",1,94.7242241471357,39648
"(0.7673678366541239, 0.988167361639188)",1,94.7240155960128,39649
"(0.828966378966379, 0.9722222222222222)",1,94.72393782075576,39650
"(0.9497171590194848, 0.9833229101521784)",1,94.72380740113636,39651
"(0.8726893261776982, 0.9764666952752286)",1,94.72376571899096,39652
"(0.9047619047619048, 0.9499799919967988)",1,94.72373428078326,39653
"(0.8569370609099162, 0.9675675675675676)",1,94.723647238884,39654
"(0.9680383516315252, 0.9680383516315252)",1,94.72350537652989,39655
"(0.6135764983571678, 0.9690968282937898)",3,94.72332945475408,39658
"(0.9308697752778572, 0.9714285714285714)",1,94.72314414076628,39659
"(0.7101858663902063, 0.9539707149009474)",1,94.72314276507608,39660
"(0.9098809643282124, 0.9610899532226684)",1,94.7229245233612,39661
"(0.876112115732369, 0.9538331745788698)",1,94.72277370951105,39662
"(0.8589064384650125, 0.9791299139401608)",1,94.7224658148937,39663
"(0.917001490200517, 0.9474839169495658)",1,94.72227469289636,39664
"(0.8895939931776995, 0.94985853432282)",1,94.72206950143185,39665
"(0.8544761140104375, 0.9449325423643964)",1,94.7220233882946,39666
"(0.787221770032878, 0.9599959995999598)",2,94.72194758040187,39668
"(0.8685023559648746, 0.9495014245014244)",1,94.72192103961386,39669
"(0.9240041208791208, 0.9749910873440284)",1,94.72166511387276,39670
"(0.6945822252458408, 0.960267350663444)",1,94.72165645288358,39671
"(0.9833229101521784, 1.0)",1,94.72151705068524,39672
"(0.9537330920118182, 0.9429917021753756)",1,94.72143250481362,39673
"(0.826804915514593, 0.950431439792024)",1,94.72134572407616,39674
"(0.6423563565219435, 0.969334154098697)",1,94.72102888069008,39675
"(0.7348436174331348, 0.9861673414304992)",1,94.72101741072572,39676
"(0.789994229453279, 0.972420634920635)",1,94.72087166982112,39677
"(0.9364970967817766, 0.9681034738761426)",1,94.72082142118543,39678
"(0.7109688804604058, 0.972281746031746)",1,94.72064377159008,39679
"(0.9343984962406016, 0.9538331745788698)",1,94.7205794920099,39680
"(0.8876281048778143, 0.9538331745788698)",1,94.72057402528948,39681
"(0.838301471154743, 0.972045976510262)",2,94.72044554565132,39683
"(0.876112115732369, 0.9572437766315318)",1,94.72041704368124,39684
"(0.8173762627724085, 0.9599989999749994)",2,94.7201829783343,39686
"(0.9198203842940684, 0.9536268754076972)",1,94.7200302113318,39687
"(0.835943054212425, 0.9734731918335766)",8,94.7200229439304,39695
"(0.8229870141950848, 0.972045976510262)",2,94.71990761129862,39697
"(0.9501177394034536, 0.9540153992631536)",1,94.71979181068356,39698
"(0.8796475392220073, 1.0)",1,94.71956049709785,39699
"(0.8112275321577646, 0.9764666952752286)",2,94.719537983549,39701
"(0.8948142000428356, 0.9749656593406592)",1,94.71935964713454,39702
"(0.9153439153439152, 1.0)",1,94.71929897524686,39703
"(0.7943622269203664, 0.9650450950662368)",1,94.7192608298522,39704
"(0.5379450468208387, 0.9557886530559612)",3,94.71917006615774,39707
"(0.952999227799228, 0.9643698138596096)",1,94.7191313650771,39708
"(0.8043167829966709, 0.9726350258199842)",1,94.71908580780114,39709
"(0.9094202898550724, 0.93999399939994)",1,94.71908558401968,39710
"(0.9392111404005912, 0.9571428571428572)",1,94.71891959099705,39711
"(0.9498754528985508, 0.9536268754076972)",1,94.7185812227683,39712
"(0.8228213769860375, 0.9499799919967988)",1,94.71856578847832,39713
"(0.6809855026116619, 0.9622598627787308)",1,94.7183583615816,39714
"(0.9043086298506712, 0.9599959995999598)",2,94.7181118543114,39716
"(0.8428938985542759, 0.9495014245014244)",1,94.7179593691563,39717
"(0.9084080904123386, 0.9427148033126296)",1,94.71773627533172,39718
"(0.4990703502943405, 0.9539707149009474)",1,94.71754496010442,39719
"(0.8056354979267693, 0.9861310021084456)",1,94.71750164553973,39720
"(0.838301471154743, 0.972045976510262)",2,94.717194931431,39722
"(0.9012059369202228, 0.9749910873440284)",1,94.71695692011018,39723
"(0.5536430525672695, 0.9538370349708868)",1,94.71691049339108,39724
"(0.3592666181139386, 0.9529751605618932)",1,94.716830503686,39725
"(0.943455134862934, 0.950431439792024)",1,94.71666397297204,39726
"(0.8014564052299902, 0.9499887474681804)",1,94.71599566984683,39727
"(0.9599749843652282, 0.955)",3,94.71596117343134,39730
"(0.7392209336901576, 0.9476001081206318)",1,94.71575545812289,39731
"(0.917001490200517, 0.9524973279746984)",1,94.71535499679032,39732
"(1.0, 1.0)",1,94.71534652685776,39733
"(0.9227792207792208, 0.9643698138596096)",1,94.71523300651444,39734
"(0.8914897741591548, 0.9472378863826232)",1,94.71503474575098,39735
"(0.730305275736153, 0.9499887474681804)",1,94.7150295386222,39736
"(0.8750020493421985, 0.951437873033098)",1,94.71498306704363,39737
"(0.8131627957608075, 0.964269276237512)",1,94.71495706950546,39738
"(0.9574285714285714, 0.960851077856154)",1,94.71494219258328,39739
"(0.9349739895958384, 0.9474996718729491)",2,94.71486635905715,39741
"(0.8353823801019199, 0.960851077856154)",3,94.71462905408978,39744
"(0.9300655321826798, 0.9719548405744094)",2,94.71452050344786,39746
"(0.9666562434855118, 1.0)",1,94.71440390722157,39747
"(0.7084717607973421, 0.9766918866148322)",1,94.71436319314785,39748
"(0.8581022152450725, 0.972045976510262)",2,94.71421644087955,39750
"(0.8619023359137593, 0.9648252575884156)",1,94.71362078197684,39751
"(0.9298245614035088, 0.9474996718729491)",2,94.7135990561954,39753
"(0.8571777573149418, 0.9549988749718742)",1,94.71351394863936,39754
"(0.5029069767441862, 0.9529751605618932)",1,94.7133717986949,39755
"(0.8791645439245395, 0.964731521366774)",1,94.71324575870874,39756
"(0.6050868628167587, 0.9969635705802744)",3,94.71321395622036,39759
"(0.888425800230205, 0.9753378406526394)",2,94.71298362863368,39761
"(0.5029069767441862, 0.9529751605618932)",1,94.7129653240294,39762
"(0.7304951237809453, 0.9643944553313464)",2,94.71292267686094,39764
"(0.9499887474681804, 0.9524973279746984)",1,94.7128662975148,39765
"(0.9297564829445116, 0.9502288074111276)",1,94.71286302946288,39766
"(0.8729557812660307, 0.964731521366774)",1,94.71283459133195,39767
"(0.9348222545262322, 0.9610153569597296)",1,94.71278670732228,39768
"(0.9238400660955778, 0.9610899532226684)",1,94.71274342457993,39769
"(0.8091777408637875, 0.9539707149009474)",1,94.71223268241388,39770
"(0.9348370927318296, 0.934998374959374)",1,94.7119733748003,39771
"(0.4405458494775155, 0.971235386119257)",1,94.7117390598676,39772
"(0.656307097369308, 0.9764666952752286)",1,94.71160653511409,39773
"(0.7050663794439956, 0.9882320356476616)",1,94.71144337736672,39774
"(0.2955962541488857, 0.9646309224447688)",3,94.7113498136035,39777
"(0.8597791061504694, 0.9574285714285714)",1,94.71133657421105,39778
"(0.8014549180327869, 0.9495014245014244)",1,94.71129524940912,39779
"(0.8137484933708317, 0.9690968282937898)",1,94.71110231819344,39780
"(0.7829069509514622, 0.947035873779261)",1,94.71102287257426,39781
"(0.9432380952380952, 0.9610899532226684)",1,94.7109668939462,39782
"(0.952999227799228, 0.960666032023912)",3,94.71081249450636,39785
"(0.93795454842108, 0.9958292603453894)",1,94.71071366891027,39786
"(0.9326599326599326, 1.0)",1,94.71064600101076,39787
"(0.950608853052493, 0.9575126626788776)",3,94.710618037132,39790
"(0.9299507899507898, 1.0)",1,94.71057624261512,39791
"(0.9916585206907788, 0.9874877810361682)",4,94.71048847002028,39795
"(0.919542746211962, 0.9537330920118182)",1,94.71043922011644,39796
"(0.8809938281373634, 0.9524925769651508)",1,94.71038456906464,39797
"(0.9490213526488036, 0.9562022207183498)",1,94.71037864930771,39798
"(0.9171764705882351, 0.9524997031231444)",1,94.71018945677862,39799
"(0.8247905643738976, 1.0)",1,94.70999578043023,39800
"(0.8751897860593512, 0.9861673414304992)",2,94.70944315736584,39802
"(0.8459266053144301, 0.9364619668622164)",1,94.7094106067801,39803
"(0.8691207517489755, 0.950431439792024)",1,94.70922381892164,39804
"(0.7075825156110616, 0.9601502499942144)",1,94.70917244221911,39805
"(0.9394971203231468, 0.947035873779261)",4,94.70903186865227,39809
"(0.8796475392220073, 0.9833229101521784)",1,94.70902151415608,39810
"(0.9833229101521784, 1.0)",1,94.70894621120252,39811
"(0.9430491433261516, 0.9518108135836668)",1,94.70892804805791,39812
"(0.8715701474388204, 0.958109559613319)",1,94.7088965325124,39813
"(0.9028964862298196, 0.9861673414304992)",1,94.70876347486552,39814
"(0.9450323339212228, 0.972045976510262)",1,94.70872708821643,39815
"(0.9043086298506712, 0.954995499549955)",1,94.70847596622632,39816
"(0.756001848808409, 0.9645083003540348)",2,94.7084695032657,39818
"(0.8864121608239255, 0.9495014245014244)",1,94.70845622809232,39819
"(0.9094202898550724, 0.9499987499687492)",1,94.70843537456224,39820
"(0.6182998752190132, 0.9674985776894176)",1,94.70830401976224,39821
"(0.8058308902229048, 0.9735486410250802)",1,94.70802147923196,39822
"(0.8108021513875538, 0.9780434995701116)",1,94.7077976830506,39823
"(0.5529564209234128, 0.964269276237512)",1,94.7076534257374,39824
"(0.789994229453279, 0.9861673414304992)",2,94.70763927426133,39826
"(0.9425645194066248, 0.960666032023912)",2,94.7075869902092,39828
"(0.8992107069320523, 0.9575126626788776)",1,94.70751484091728,39829
"(0.9238400660955778, 0.9574285714285714)",1,94.70749455847198,39830
"(0.582531911173282, 0.9690968282937898)",1,94.70744757897184,39831
"(0.8879331046312178, 0.9874957118353344)",1,94.70742993288448,39832
"(0.9014867374005304, 0.9619736581501288)",1,94.70740207668656,39833
"(0.9343984962406016, 0.9571428571428572)",3,94.7073336510219,39836
"(0.7796429467887724, 0.9767441860465116)",1,94.70727909080394,39837
"(0.8420013166556946, 1.0)",1,94.70713213908728,39838
"(0.8468951683237397, 1.0)",1,94.70711035268116,39839
"(0.8460636535055139, 0.988167361639188)",1,94.706800788468,39840
"(0.9538370349708868, 0.9764666952752286)",2,94.7067050941539,39842
"(0.8933617810760668, 0.9575126626788776)",1,94.70663263415268,39843
"(0.874047619047619, 0.972045976510262)",2,94.7066220367072,39845
"(0.7711781618000022, 1.0)",2,94.70645820286715,39847
"(0.8887940768066828, 0.964269276237512)",2,94.7064095896477,39849
"(0.9524640509385224, 0.9399264098520688)",1,94.7061126156817,39850
"(0.8467135862913097, 0.9749656593406592)",1,94.7060217855877,39851
"(0.9171764705882351, 0.9499887474681804)",1,94.7060068247594,39852
"(0.4423707251851418, 0.9861310021084456)",2,94.70587860553118,39854
"(0.7608215527547845, 0.9601502499942144)",1,94.70568394001968,39855
"(0.7918004510354459, 0.9559144017084672)",3,94.7056572996323,39858
"(0.8274062797908469, 0.964731521366774)",1,94.70552133336751,39859
"(0.8137107474568775, 0.95)",1,94.70551787116187,39860
"(0.8690002703015793, 0.947489096143569)",1,94.70549262407572,39861
"(0.779286067193676, 0.9749910873440284)",1,94.70547154862857,39862
"(0.8686037591100882, 0.9469408453036384)",1,94.7053577780283,39863
"(0.9326599326599326, 0.9833229101521784)",1,94.70535236814877,39864
"(0.8602650098786556, 0.9675659387644048)",4,94.7052713285015,39868
"(0.8883678678403513, 0.9861673414304992)",2,94.70526706144406,39870
"(0.8360089412720991, 0.956140350877193)",1,94.70524238375464,39871
"(0.7973614008344031, 0.9690968282937898)",4,94.70522111055747,39875
"(0.8964397027091824, 0.9432380952380952)",1,94.7050016710461,39876
"(0.8876281048778143, 0.9641967520703932)",1,94.70489946781414,39877
"(0.8498641779745659, 0.9574976092405196)",1,94.70472668435856,39878
"(0.8756569714184869, 0.9469408453036384)",1,94.70462733593254,39879
"(0.950431439792024, 0.9609357631051972)",1,94.70445984362716,39880
"(0.7943622269203664, 0.9764666952752286)",1,94.70418631097182,39881
"(0.5218438528010998, 0.972281746031746)",1,94.70418561395374,39882
"(0.7014662756598241, 0.9650076460904662)",1,94.70408361039271,39883
"(0.9153439153439156, 0.9833229101521784)",1,94.70404717988548,39884
"(0.8131546784916719, 0.9549988749718742)",1,94.70392717541404,39885
"(0.8976982097186702, 1.0)",2,94.7038434257876,39887
"(0.7837606837606838, 0.9861673414304992)",1,94.70362728043683,39888
"(0.8571777573149418, 0.9549988749718742)",1,94.70326948836428,39889
"(0.9132516862059696, 0.9690968282937898)",1,94.70326033940088,39890
"(0.9331662489557224, 1.0)",1,94.70325513536235,39891
"(0.8874191651969431, 0.972252530763169)",1,94.70303374926296,39892
"(0.8600428777729004, 0.9549898727213622)",1,94.70301353734078,39893
"(0.9449656035021888, 0.947426067907996)",1,94.70300548720896,39894
"(0.9459285785969274, 0.9716190476190476)",1,94.70299893153506,39895
"(0.8422693146507633, 0.9691818330194464)",1,94.70291394772433,39896
"(0.9362689940183164, 0.9569233895549684)",1,94.70265817994708,39897
"(0.7760416666666667, 0.95749335833724)",1,94.70263994432182,39898
"(0.8814591883264935, 0.9643944553313464)",1,94.70262883992817,39899
"(0.8478418336329888, 0.9690968282937898)",1,94.7025261736442,39900
"(0.9256178650705564, 0.9495014245014244)",1,94.70249355395012,39901
"(0.833630878109023, 0.9549718574108818)",1,94.70230208066594,39902
"(0.9524854486686548, 0.94999499949995)",1,94.70217309478926,39903
"(0.9298245614035088, 0.95)",1,94.70210711724286,39904
"(0.8334507869391591, 0.9643944553313464)",2,94.70202335937208,39906
"(0.8422693146507633, 0.9472378863826232)",2,94.70199842830772,39908
"(0.8964397027091824, 0.9572437766315318)",1,94.70199537925338,39909
"(0.8488477689333478, 0.9646309224447688)",3,94.70174514535024,39912
"(0.9538370349708868, 0.9764666952752286)",1,94.70172586065618,39913
"(0.6911324786324786, 0.972045976510262)",1,94.70170412070874,39914
"(0.6843304843304845, 0.972045976510262)",1,94.7015568066864,39915
"(0.7931486840292131, 0.9495014245014244)",1,94.70150812840684,39916
"(0.8132775534810647, 0.964269276237512)",1,94.7014688004313,39917
"(0.912705831903945, 0.9495014245014244)",2,94.70100985620822,39919
"(0.8013184398461819, 0.9650076460904662)",1,94.70089950959174,39920
"(0.9041196741854636, 0.9736842105263158)",1,94.70086364063492,39921
"(0.8685314685314685, 0.9650076460904662)",1,94.70072807518622,39922
"(0.8310777799491891, 0.976761412575366)",1,94.70061136761832,39923
"(0.457262827025654, 0.9931399449121724)",3,94.70044251741822,39926
"(0.775671600877193, 0.951437873033098)",1,94.7000258151788,39927
"(0.8959020234471636, 0.9560315719855194)",3,94.69984134983392,39930
"(0.9198203842940684, 0.9503333333333333)",1,94.69983731576774,39931
"(0.9449325423643964, 0.9524973279746984)",1,94.6997423356605,39932
"(0.7731997731997731, 0.9574976092405196)",4,94.6995168758162,39936
"(0.8898894074675324, 0.9468391231269042)",1,94.69945967264871,39937
"(0.893939393939394, 0.9524854486686548)",1,94.69916746178612,39938
"(0.9432380952380952, 0.961159640771458)",1,94.69910065492915,39939
"(0.9017623122369548, 0.9574285714285714)",1,94.69908344172195,39940
"(0.9583291850464526, 0.9748377992448202)",1,94.6989825004026,39941
"(0.8250850808981499, 0.95749335833724)",1,94.69865040437662,39942
"(0.8791645439245395, 0.9690968282937898)",3,94.69863459968978,39945
"(0.8153895365851999, 0.9643944553313464)",1,94.69862448694096,39946
"(0.9645938855657314, 0.9463627709416984)",2,94.6985705329473,39948
"(0.8472645812528676, 0.960851077856154)",3,94.69856096951423,39951
"(0.743426756591496, 0.9472378863826232)",3,94.69836632223144,39954
"(0.8420013166556946, 1.0)",1,94.69810210109664,39955
"(0.8825487012987013, 0.9397510062104916)",1,94.6979577617627,39956
"(0.6702803520428978, 0.9691818330194464)",2,94.69792399813744,39958
"(0.8460636535055139, 0.9538370349708868)",1,94.6978113198154,39959
"(0.8774072892625049, 0.9574784734771978)",1,94.6975162981432,39960
"(0.9501177394034536, 0.947035873779261)",6,94.6971595871543,39966
"(0.8694846606452272, 0.9556541264979026)",2,94.6971333071615,39968
"(0.8091777408637875, 0.9539707149009474)",1,94.69708137656464,39969
"(0.8010054664946871, 0.9722222222222222)",1,94.69708081009578,39970
"(0.9425645194066248, 0.9645238095238096)",1,94.69706361929524,39971
"(0.7027263407347917, 0.9735486410250802)",1,94.69702945016049,39972
"(0.945600047211127, 0.9538331745788698)",1,94.696890100618,39973
"(0.9432380952380952, 0.9573389777809668)",1,94.69675986990104,39974
"(0.9424967654430562, 0.9549718574108818)",1,94.69670842251848,39975
"(0.9362689940183164, 0.9568045886851652)",1,94.6966849834513,39976
"(0.903667392883079, 1.0)",1,94.69660353693683,39977
"(0.8173762627724085, 0.9574997343733398)",1,94.69658895224902,39978
"(0.9318857896881138, 0.9463627709416984)",1,94.69652146523867,39979
"(0.7758504483774366, 0.95281045751634)",1,94.69642223063047,39980
"(0.835943054212425, 0.9691818330194464)",1,94.69636028947804,39981
"(0.4908087499260726, 0.9600251550024655)",1,94.69631732584664,39982
"(0.8716153127917834, 0.9861673414304992)",1,94.69623738046862,39983
"(0.4757785089725587, 0.9692544930632006)",4,94.69620132382197,39987
"(0.934868107918535, 0.9474996718729491)",1,94.69617189367632,39988
"(0.7434518366201162, 0.9648252575884156)",1,94.69612390907228,39989
"(0.9248798076923076, 0.9599959995999598)",1,94.6959567693892,39990
"(0.897953216374269, 0.9538331745788698)",1,94.6957080945314,39991
"(0.8724354204315935, 0.9524925769651508)",2,94.69570722260931,39993
"(0.9425645194066248, 0.9572437766315318)",1,94.6956309104766,39994
"(0.8729557812660307, 0.964731521366774)",1,94.6955551224426,39995
"(0.9070766178400336, 0.9549718574108818)",1,94.69553450394976,39996
"(0.9315095328894416, 0.9498754528985508)",1,94.69550407158695,39997
"(0.8569579686922223, 0.9516956990542454)",3,94.69537369094064,40000
"(0.8975998588152243, 0.9540153992631536)",1,94.69521340209582,40001
"(0.7280701754385965, 0.9780434995701116)",1,94.69521197982527,40002
"(0.5290122949697418, 0.9323134389160124)",1,94.69513181021304,40003
"(0.424546256663045, 0.9641967520703932)",1,94.69504906181189,40004
"(0.7002945207922506, 0.9649927307623792)",1,94.69490087603916,40005
"(0.8326352665776878, 0.9537330920118182)",2,94.69477026999868,40007
"(0.8621031746031745, 0.972045976510262)",1,94.69469831973048,40008
"(0.7801059423865424, 0.9539707149009474)",1,94.6944741173988,40009
"(0.9343984962406016, 0.9607612022680516)",1,94.6944720658903,40010
"(0.8313174792337382, 0.9646309224447688)",1,94.6944434983448,40011
"(0.91326516498939, 0.9744042964204256)",1,94.69437395576652,40012
"(0.8085259100433108, 0.972252530763169)",1,94.69432695292949,40013
"(0.949938674876724, 0.96)",4,94.69426210400572,40017
"(0.8871966240387292, 0.9861673414304992)",1,94.69426033258802,40018
"(0.9348370927318296, 0.944998624965624)",1,94.69404666621992,40019
"(0.9505232430050672, 0.9604593619418418)",1,94.69396583254547,40020
"(0.929787607512726, 0.9549718574108818)",2,94.6937843454383,40022
"(0.8396854781762315, 0.9474996718729491)",1,94.69377845798986,40023
"(0.9301209372637944, 0.9861310021084456)",1,94.6936652448706,40024
"(0.917283950617284, 0.9861673414304992)",2,94.6935963768539,40026
"(0.9429917021753756, 0.946730586052542)",2,94.69359280456308,40028
"(0.9206165335472736, 0.9874747474747476)",1,94.69358245612702,40029
"(0.9022759891180944, 0.972045976510262)",2,94.6935430330636,40031
"(0.8250850808981499, 0.9549718574108818)",1,94.69354166254108,40032
"(1.0, 0.9833229101521784)",1,94.69347947571534,40033
"(0.8514626506510005, 0.9498754528985508)",1,94.69340795758636,40034
"(0.9301209372637944, 0.9861310021084456)",2,94.6932241273528,40036
"(0.9315095328894416, 0.9498754528985508)",2,94.6931477652198,40038
"(0.9298245614035088, 0.9524973279746984)",1,94.69314617894048,40039
"(0.7662347176323114, 0.9560315719855194)",1,94.69297519195244,40040
"(0.9282056492582808, 0.9573389777809668)",1,94.692659244053,40041
"(0.7313293623054037, 0.9706042329731812)",1,94.69250606479812,40042
"(0.8228213769860375, 0.9474996718729491)",1,94.69224493421623,40043
"(0.766750208855472, 0.960376642453574)",3,94.69217627607507,40046
"(0.6635227905250788, 0.9691818330194464)",1,94.69197115470888,40047
"(0.5864263954025575, 0.9470972820501607)",3,94.6918342653769,40050
"(0.6397933055933888, 0.9937501074421884)",1,94.69181363518796,40051
"(0.7792617061891619, 0.9538370349708868)",1,94.69152934430925,40052
"(0.8812524081127344, 0.9474970467088774)",1,94.69145815606704,40053
"(0.4904033495004767, 0.9538370349708868)",2,94.6913607834922,40055
"(0.945600047211127, 0.9678176625650188)",1,94.69117346980138,40056
"(0.6658312447786132, 0.947405000281759)",1,94.69109769862288,40057
"(0.8014549180327869, 0.9495014245014244)",1,94.6908974397262,40058
"(0.8399999999999999, 0.9524925769651508)",1,94.69034619527498,40059
"(0.9007161410018553, 0.9571428571428572)",1,94.69028427465092,40060
"(0.9029281534808432, 0.9861673414304992)",2,94.69022734511768,40062
"(0.9425645194066248, 0.9501177394034536)",1,94.69008839867682,40063
"(0.841090626484176, 0.9779263059241357)",1,94.68987073038384,40064
"(0.8933617810760668, 0.9610899532226684)",1,94.68984443364658,40065
"(0.8353846973572038, 0.9560315719855194)",2,94.68958260859684,40067
"(0.4948385939474455, 0.971277786838611)",1,94.68936593407103,40068
"(0.9377148530109056, 0.9736842105263158)",1,94.68935677699211,40069
"(0.9300671002153482, 0.9861673414304992)",1,94.68919574760864,40070
"(0.8050115655679925, 0.9628284703849088)",1,94.68887165200364,40071
"(0.831031066037186, 0.9764666952752286)",1,94.68881598445688,40072
"(0.846224760385985, 0.9695887633117848)",1,94.6886888252978,40073
"(0.9665831244778612, 0.9833229101521784)",1,94.68845439088054,40074
"(0.9272595017275868, 0.9524973279746984)",1,94.6881588447727,40075
"(0.7736869137404373, 0.964731521366774)",6,94.688069428006,40081
"(0.893939393939394, 0.9474970467088774)",2,94.68798080968136,40083
"(0.9029281534808432, 0.9861673414304992)",1,94.68793175952224,40084
"(0.7736869137404373, 0.9420660316059192)",1,94.68754519449767,40085
"(0.7935498742420971, 0.9690968282937898)",1,94.687523983774,40086
"(0.8399999999999999, 0.9524973279746984)",1,94.68734360462167,40087
"(0.560515701017249, 0.9687249226071571)",1,94.68730191115088,40088
"(0.8480357142857143, 0.9538331745788698)",1,94.68699588742548,40089
"(0.7481666755361609, 0.9764666952752286)",1,94.6869560022437,40090
"(0.5964912280701754, 0.9648252575884156)",1,94.68670543470334,40091
"(0.9153439153439156, 0.9833229101521784)",1,94.68667363354172,40092
"(0.9225446428571428, 0.962470105966915)",2,94.68636580458887,40094
"(0.8724354204315935, 0.9499687304565354)",1,94.68629344553986,40095
"(0.9491452991452992, 0.9679690637004894)",1,94.68604129477052,40096
"(0.8967975785187935, 0.945)",1,94.6858939313417,40097
"(0.9224996008939976, 0.9749910873440284)",1,94.68577821777968,40098
"(0.7599364993320813, 0.9499799919967988)",1,94.68558043363544,40099
"(0.8103292776312431, 0.9610153569597296)",3,94.68545411778676,40102
"(0.917849761232425, 0.9634486670448098)",2,94.68527474694858,40104
"(0.8273694481451597, 0.95749335833724)",1,94.68520230200448,40105
"(0.582531911173282, 0.9691818330194464)",1,94.68472179692048,40106
"(0.7937829607256792, 0.951892755797645)",1,94.6847061719872,40107
"(0.8534255683423739, 0.9646309224447688)",1,94.68454325862234,40108
"(0.9459285785969274, 0.9574285714285714)",1,94.68453491351656,40109
"(0.949954959463517, 0.9549988749718742)",3,94.68451945206915,40112
"(0.9549819927971188, 0.944911858974359)",1,94.6842885319214,40113
"(0.8814814814814814, 1.0)",1,94.68420373236734,40114
"(0.9462256234379848, 0.9571428571428572)",1,94.68417372601324,40115
"(0.7837606837606838, 0.9861673414304992)",1,94.68395557811232,40116
"(0.7824403790656455, 0.9624978905063408)",1,94.68395058894438,40117
"(0.8724354204315935, 0.9499887474681804)",1,94.68392136489057,40118
"(0.763830245642582, 0.9709423376431572)",2,94.68375144887987,40120
"(0.922324745206372, 0.9599989999749994)",1,94.68365580949916,40121
"(0.9491452991452992, 0.9607612022680516)",3,94.68360636088354,40124
"(0.855702280912365, 0.9289986228605154)",3,94.68356962756096,40127
"(0.8898894074675324, 0.9573389777809668)",1,94.68350726688143,40128
"(0.7930780217019975, 0.9690968282937898)",1,94.68343781820008,40129
"(0.5070372093557577, 1.0)",2,94.68333812994852,40131
"(0.813515418166581, 0.9643944553313464)",1,94.68329251422126,40132
"(0.8976982097186702, 1.0)",1,94.68321795728964,40133
"(0.8729557812660307, 0.9690968282937898)",1,94.68304831989504,40134
"(0.582531911173282, 0.9691818330194464)",1,94.6825208238012,40135
"(0.4566269759061861, 0.9954313552879036)",1,94.68242446702774,40136
"(0.9377005347593584, 0.9495014245014244)",1,94.68220974474964,40137
"(0.9145191703331238, 0.9524759409451032)",1,94.68192430331112,40138
"(0.94291309888229, 0.991206314397104)",1,94.68183204978318,40139
"(0.7547920901036461, 0.9824561403508772)",1,94.6815770048075,40140
"(0.8010054664946871, 0.9722222222222222)",1,94.6814798143184,40141
"(0.9373586654890096, 0.949938674876724)",1,94.68146219026389,40142
"(0.9575126626788776, 0.9536268754076972)",3,94.68133076990829,40145
"(0.8627397499800719, 0.9690968282937898)",1,94.68126469628224,40146
"(0.4042620013682356, 0.9691818330194464)",1,94.68109519794592,40147
"(0.7118798171565847, 0.964269276237512)",1,94.6810205138338,40148
"(0.8468951683237397, 1.0)",1,94.68095378679632,40149
"(0.9429917021753756, 0.946730586052542)",1,94.68064499109536,40150
"(0.8108441558441559, 0.9495014245014244)",1,94.6805818558069,40151
"(0.919542746211962, 0.9573389777809668)",2,94.6804593865215,40153
"(0.8702889400021048, 0.919165601302105)",1,94.68044119309982,40154
"(0.7127034737372042, 0.9624885121068328)",1,94.68037235331396,40155
"(0.9574285714285714, 0.9643698138596096)",1,94.68033711709104,40156
"(0.727962128872139, 0.943189758511236)",1,94.68019173029936,40157
"(0.8955173107890498, 0.9749910873440284)",1,94.68017773711968,40158
"(0.593224625483241, 0.9736842105263158)",1,94.68013815608904,40159
"(0.9043086298506712, 0.9499987499687492)",1,94.68013812257146,40160
"(0.917001490200517, 0.9524925769651508)",2,94.6800660492784,40162
"(0.842200034135518, 0.9498754528985508)",1,94.67996777957876,40163
"(0.8770575330421131, 0.9706067695571492)",1,94.67985367443002,40164
"(0.9295946890286512, 1.0)",1,94.6796711911416,40165
"(0.7933030177759403, 0.9549988749718742)",3,94.6796313214846,40168
"(0.9599749843652282, 0.94999499949995)",3,94.67959320435696,40171
"(0.6969051878354204, 0.9764666952752286)",1,94.67956829321854,40172
"(0.8966154156501567, 0.949954959463517)",1,94.67954727030808,40173
"(0.8353823801019199, 0.960851077856154)",3,94.67938154282666,40176
"(0.9028964862298196, 0.9861673414304992)",1,94.67932563648772,40177
"(0.8060738581146745, 0.950431439792024)",1,94.67923658291814,40178
"(0.7259530953852703, 0.9643944553313464)",2,94.6790660181602,40180
"(0.9459285785969274, 0.9422394177612392)",1,94.67903488620428,40181
"(0.917955241105926, 0.9571428571428572)",1,94.67882507148384,40182
"(0.9170904871819552, 0.950431439792024)",1,94.6787053039836,40183
"(0.7304742252709461, 0.9650450950662368)",1,94.67856998996022,40184
"(0.8652443837747164, 0.9559144017084672)",1,94.67839846809868,40185
"(0.8176857647247633, 0.9549819927971188)",1,94.67834850415323,40186
"(0.7935498742420971, 0.9779870235853187)",1,94.67834593859308,40187
"(0.7709171448706333, 0.964269276237512)",1,94.6781636940747,40188
"(0.8929015655249481, 0.9874877810361682)",1,94.67784379852836,40189
"(0.7727171016497488, 0.9656673832323628)",1,94.67781402854337,40190
"(0.7999088007295942, 0.9630499959484644)",1,94.67781226233264,40191
"(0.7277677677677677, 1.0)",1,94.67772817126612,40192
"(0.8467368572432814, 0.9726319396301292)",2,94.67767380368385,40194
"(0.8535870458655268, 0.9463627709416984)",1,94.6776015303178,40195
"(0.6337011494252874, 0.9737481536477668)",1,94.67759879380348,40196
"(0.7552178152337704, 0.960267350663444)",3,94.67759316343457,40199
"(0.7051616630475925, 0.9474996718729491)",1,94.6775884338189,40200
"(0.954995499549955, 0.9424996406227538)",1,94.67746106448868,40201
"(0.8274062797908469, 0.9515714518877016)",1,94.677268005856,40202
"(0.9350193449813944, 0.960851077856154)",1,94.67724016278164,40203
"(0.9422394177612392, 0.9574285714285714)",1,94.6772200132754,40204
"(0.954995499549955, 0.9599909979745442)",1,94.67714562077974,40205
"(0.7101858663902063, 0.9539707149009474)",1,94.67711447189708,40206
"(0.9301209372637944, 0.9861310021084456)",1,94.67710972559787,40207
"(0.2955962541488857, 0.9646309224447688)",1,94.67708370393734,40208
"(0.8916138279602192, 0.971495851087688)",1,94.67707326302644,40209
"(0.9166145507608924, 1.0)",1,94.67705958733774,40210
"(0.961552316099405, 0.9958292603453894)",2,94.67702181855564,40212
"(0.934065934065934, 0.9833229101521784)",1,94.67701809283494,40213
"(0.926397848615755, 0.9648252575884156)",1,94.67689990348671,40214
"(0.8258470464352816, 0.9680383516315252)",1,94.67675575779542,40215
"(0.94291309888229, 0.9780434995701116)",1,94.67672439163488,40216
"(0.9499887474681804, 0.9524854486686548)",2,94.67661082577058,40218
"(0.8848000715856217, 1.0)",2,94.67649773777174,40220
"(0.9080705009276436, 0.9433502169051704)",1,94.67635533276383,40221
"(0.8993301094022514, 0.9495014245014244)",1,94.67628372514868,40222
"(0.7805215455557322, 0.9473684210526316)",3,94.67608052142614,40225
"(0.905854367649002, 0.9539272400433172)",1,94.67589078158154,40226
"(0.8880748880748881, 0.972281746031746)",1,94.67570250803378,40227
"(0.9497171590194848, 1.0)",2,94.6756798940183,40229
"(0.518883018547448, 0.9988619159967322)",3,94.67555608593898,40232
"(0.8306479779411763, 0.9749910873440284)",1,94.67551227303912,40233
"(0.4137299999469419, 0.9705954425330644)",1,94.67526385778508,40234
"(0.8686037591100882, 0.9538331745788698)",1,94.67525045422572,40235
"(0.811951754385965, 0.964731521366774)",1,94.67519735437423,40236
"(0.7665484369555701, 0.9764666952752286)",1,94.6750630698638,40237
"(0.8096434622047096, 0.9474917955930616)",1,94.67501836840094,40238
"(0.9382963205525124, 0.9495014245014244)",1,94.6749871660822,40239
"(0.9064143587480232, 0.9375010246710992)",1,94.67495599243756,40240
"(0.8029092456511812, 0.956406485233873)",4,94.67484014585364,40244
"(0.7179548459289354, 0.977027027027027)",1,94.6748246776489,40245
"(0.5356100633781995, 0.9764666952752286)",1,94.67481668054066,40246
"(0.9665831244778612, 1.0)",1,94.67478794289318,40247
"(0.9382963205525124, 0.9495014245014244)",1,94.674749618809,40248
"(0.9233339198521971, 0.9503333333333333)",1,94.67472929484283,40249
"(0.9829909379735984, 0.9832184229069656)",1,94.67471728312974,40250
"(0.8470413622709255, 0.9690968282937898)",1,94.6747044311166,40251
"(0.8222222222222222, 1.0)",1,94.67467690478485,40252
"(0.8890425386169811, 0.9572437766315318)",1,94.6746660513332,40253
"(0.9833229101521784, 1.0)",1,94.67459240539652,40254
"(0.6886904761904762, 1.0)",2,94.67450981730109,40256
"(0.8995772689779955, 0.9749656593406592)",1,94.67443195723676,40257
"(0.8647677913645324, 0.9690968282937898)",3,94.67439458046042,40260
"(0.9002005347593582, 0.9495014245014244)",1,94.67423807068498,40261
"(0.960851077856154, 0.9571428571428572)",1,94.67420225048818,40262
"(0.8360613745229131, 0.9549988749718742)",2,94.67414678919688,40264
"(0.8396854781762315, 0.945)",6,94.6740694353715,40270
"(0.8310777799491891, 0.988167361639188)",1,94.67406915671526,40271
"(0.9599749843652282, 0.944998624965624)",3,94.67405864951026,40274
"(0.9007161410018553, 0.9463627709416984)",1,94.6740229479084,40275
"(0.9298245614035088, 0.9511418561141246)",3,94.67396135689285,40278
"(0.9189485013229876, 0.9538331745788698)",1,94.67369763524202,40279
"(0.9153439153439156, 0.9833229101521784)",1,94.67342940991654,40280
"(0.8165509259259259, 1.0)",1,94.67337169890948,40281
"(0.9427148033126296, 0.95339554031292)",1,94.67312441928232,40282
"(0.8228213769860375, 0.9424564827150532)",1,94.6730352237561,40283
"(0.9202657807308968, 0.9539707149009474)",1,94.672928370386,40284
"(0.9537330920118182, 0.9575126626788776)",1,94.6729164780423,40285
"(0.7118798171565847, 0.964269276237512)",1,94.6728226185861,40286
"(0.8201767124753505, 0.9563334234338596)",1,94.67264507699662,40287
"(0.798089617146851, 0.9599909979745442)",1,94.67264332430084,40288
"(0.7956953792242888, 0.96)",3,94.67262691934992,40291
"(0.6881335718545021, 0.95153153367707)",1,94.67258247898114,40292
"(0.9349202773397411, 0.9499887474681804)",1,94.67256208552062,40293
"(0.8909417672294615, 0.9691818330194464)",1,94.67247685389935,40294
"(0.8071948928825261, 0.9861673414304992)",1,94.67181228831332,40295
"(0.8967975785187935, 0.9474734084130092)",1,94.67173745170965,40296
"(0.8428883536673643, 0.969334154098697)",1,94.67164796505628,40297
"(0.869254101161996, 0.956140350877193)",1,94.67144133752176,40298
"(0.9000617225831424, 0.9833229101521784)",1,94.671248159456,40299
"(0.786508365740383, 0.988167361639188)",2,94.6708274039702,40301
"(0.8268235294117647, 0.9549988749718742)",1,94.670682018968,40302
"(0.8768488063660478, 0.9749656593406592)",2,94.67064515636748,40304
"(0.9145814491005928, 0.9574997343733398)",1,94.67064098162344,40305
"(0.9498754528985508, 0.9572437766315318)",3,94.67042971531272,40308
"(0.2865293391016927, 0.9557886530559612)",1,94.6700109540494,40309
"(0.8475002808673183, 0.9861673414304992)",1,94.66994365173788,40310
"(0.7709171448706333, 0.964269276237512)",1,94.6697250241396,40311
"(0.6260123507862112, 0.9764666952752286)",1,94.6696977775464,40312
"(0.828966378966379, 0.9861673414304992)",1,94.66955691106396,40313
"(0.8702889400021048, 0.9644491481508056)",1,94.66947187256696,40314
"(0.9833229101521784, 1.0)",1,94.66933399711392,40315
"(0.6085487618529295, 0.9767441860465116)",1,94.66919891242468,40316
"(0.9165867390570612, 0.9538331745788698)",2,94.66919273798166,40318
"(0.8662655059929975, 0.9518108135836668)",1,94.66908187612192,40319
"(0.940074233084456, 0.9573389777809668)",2,94.66896718322776,40321
"(0.9610899532226684, 0.9572437766315318)",1,94.6688353068203,40322
"(0.8493268538892306, 0.9467849517974832)",1,94.668615877865,40323
"(0.946730586052542, 0.9541744135351724)",1,94.66857656772083,40324
"(0.8712231968810916, 0.9691818330194464)",3,94.66852341598076,40327
"(0.7778533896115083, 0.9650667387470876)",1,94.6685084496276,40328
"(0.9309821833269412, 0.988167361639188)",1,94.6681357274528,40329
"(0.912705831903945, 0.9495014245014244)",1,94.66800145251123,40330
"(0.9392111404005912, 0.9572437766315318)",1,94.6679002214298,40331
"(0.9599989999749994, 0.9524973279746984)",2,94.66780383988078,40333
"(0.9916585206907788, 0.910495486295351)",1,94.66779891786474,40334
"(0.7401844059863599, 0.9861673414304992)",1,94.66776856882848,40335
"(0.8493268538892306, 0.9648252575884156)",1,94.66775716802006,40336
"(0.8736897274633123, 1.0)",1,94.66773459874902,40337
"(0.9323791344788114, 0.9468391231269042)",1,94.66764904878968,40338
"(0.7823116219667945, 0.9861673414304992)",2,94.66756588687082,40340
"(0.3398897058823529, 0.940930997520722)",1,94.66755571146872,40341
"(0.9331814008429188, 0.9650076460904662)",1,94.66743114472018,40342
"(0.5029557589626239, 0.9604782992262008)",3,94.66733054175916,40345
"(0.8396854781762315, 0.9499799919967988)",1,94.66725138624352,40346
"(0.8843764852418178, 0.9764666952752286)",1,94.66717392106952,40347
"(0.8340666247642992, 0.9474970467088774)",1,94.66697369186572,40348
"(0.9272156862745098, 0.9499799919967988)",1,94.66687126704488,40349
"(0.978621888315766, 0.9604593619418418)",1,94.66664795700382,40350
"(0.8472645812528676, 0.9571428571428572)",1,94.66655741951848,40351
"(0.8952438710847427, 0.967565938748788)",1,94.66646220401238,40352
"(0.4810495602370786, 0.9539707149009474)",1,94.66644025378147,40353
"(0.9212328545548654, 0.950431439792024)",1,94.66642825904658,40354
"(0.6415148305084746, 0.9495058714870036)",1,94.66630357536366,40355
"(0.5070372093557577, 0.9861673414304992)",1,94.66626493024032,40356
"(0.8273694481451597, 0.9524973279746984)",1,94.66623217093316,40357
"(0.8567929292929293, 0.972281746031746)",1,94.66621538115282,40358
"(0.861957198953386, 0.9764666952752286)",1,94.66619948921516,40359
"(0.9424967654430562, 0.9549718574108818)",1,94.6658329368781,40360
"(0.9459285785969274, 0.9383467201726106)",1,94.66579907585182,40361
"(0.8734924499861754, 0.9601502499942144)",1,94.6656658743712,40362
"(0.8975998588152243, 0.9505232430050672)",1,94.6655834565862,40363
"(0.7323849002849002, 0.9950429441987424)",1,94.66549832232916,40364
"(0.9295946890286512, 1.0)",1,94.66539967182966,40365
"(0.8373770163686288, 0.955)",3,94.66530412069852,40368
"(0.6983464132286942, 0.9650450950662368)",1,94.66521376745168,40369
"(0.8662285714285716, 0.9575126626788776)",1,94.66508120355029,40370
"(0.9122507070492478, 0.9749656593406592)",1,94.66506142730638,40371
"(0.9834113430318364, 0.9958292603453894)",3,94.66489457337168,40374
"(0.93600846667145, 0.9505232430050672)",1,94.66459793593228,40375
"(0.95749335833724, 0.9574784734771978)",1,94.6645867698028,40376
"(0.7368760064412239, 0.9861673414304992)",1,94.66429085331148,40377
"(0.6283680900364117, 0.9779263059241357)",1,94.66400719408637,40378
"(0.8112169414494997, 0.9388945062352544)",1,94.6638875906231,40379
"(0.5909010756480338, 0.9549819927971188)",1,94.66379788513186,40380
"(0.6384521701955596, 0.9736842105263158)",1,94.66367833225334,40381
"(0.8825487012987013, 0.9540977572753596)",2,94.66364426940729,40383
"(0.950431439792024, 0.9468391231269042)",1,94.66362665541013,40384
"(0.7727171016497488, 0.9656673832323628)",1,94.66361878702838,40385
"(0.9497171590194846, 1.0)",1,94.6634351570056,40386
"(0.8451478848040399, 0.9721762578905436)",2,94.6634140077718,40388
"(0.7388695158543508, 0.9472378863826232)",3,94.66335537119464,40391
"(0.8885908209437621, 0.9469408453036384)",1,94.6630027145233,40392
"(0.9198203842940684, 0.9397510062104916)",1,94.6629311496388,40393
"(0.9253777472527472, 0.9749656593406592)",1,94.66291638445996,40394
"(0.9052422723475354, 0.9610153569597296)",3,94.66283388270855,40397
"(0.9524854486686548, 0.9424996406227538)",1,94.6627099059952,40398
"(0.9665831244778612, 0.9833229101521784)",1,94.66264989715384,40399
"(0.8514626506510005, 0.960851077856154)",4,94.66254041939366,40403
"(0.9599989999749994, 0.9374996093725584)",1,94.66238122265324,40404
"(0.8244920011417232, 0.9495014245014244)",1,94.66231344632412,40405
"(0.92008547008547, 0.9428571428571428)",2,94.66227354258923,40407
"(0.919542746211962, 0.9572437766315318)",1,94.66221785171108,40408
"(0.7434518366201162, 0.9779263059241357)",8,94.66213132984797,40416
"(0.8676532769556025, 0.9882048106149588)",1,94.66211790769948,40417
"(0.4525211933060535, 0.99696664329301)",3,94.66166319003908,40420
"(0.7011915690388763, 0.960376642453574)",1,94.66144236830196,40421
"(0.9640038239043044, 0.9381466410380824)",1,94.66133431206713,40422
"(0.9568045886851652, 0.9571428571428572)",1,94.66132922273248,40423
"(0.9364970967817766, 0.9680383516315252)",1,94.66100372463092,40424
"(0.8058308902229048, 0.9646309224447688)",1,94.66088276517512,40425
"(0.8091777408637875, 0.9539707149009474)",1,94.66074847123816,40426
"(0.6043417366946778, 0.9644491481508056)",3,94.66073843787912,40429
"(0.9609357631051972, 0.9537330920118182)",1,94.66063695976558,40430
"(0.6903919323688259, 0.9649122807017544)",1,94.66062186146772,40431
"(0.8334507869391591, 0.9643944553313464)",1,94.6603343093998,40432
"(0.869750601552687, 0.946492548547343)",1,94.66031581573642,40433
"(0.8806608357628766, 0.9536268754076972)",1,94.66015312595864,40434
"(0.7976364522417154, 0.9691818330194464)",1,94.65993379468335,40435
"(0.9572437766315318, 0.9609357631051972)",1,94.65981123150588,40436
"(0.5695633155937887, 0.9538370349708868)",1,94.6597436495828,40437
"(0.8258470464352816, 0.960851077856154)",2,94.659601346027,40439
"(0.852, 0.9749910873440284)",1,94.65944134302146,40440
"(0.8231949239400151, 0.9619736581501288)",1,94.65937253480432,40441
"(0.8402876991030895, 0.9650450950662368)",1,94.6593302011644,40442
"(0.844988344988345, 1.0)",1,94.6588524826282,40443
"(0.7388695158543508, 0.960376642453574)",1,94.65861351664614,40444
"(0.8029092456511812, 0.9709457867735594)",1,94.65858551850653,40445
"(0.6043417366946778, 0.9535144014828052)",1,94.65844953032138,40446
"(0.9102539775554236, 0.975507120023249)",1,94.6582603661772,40447
"(0.7999088007295942, 0.988167361639188)",1,94.65822421310548,40448
"(0.950608853052493, 0.9505232430050672)",6,94.65806220338872,40454
"(0.9449325423643964, 0.9474970467088774)",1,94.65778855581972,40455
"(0.7280584513944579, 0.9722222222222222)",2,94.65772121966904,40457
"(0.8834302325581395, 0.95153153367707)",1,94.65765480404367,40458
"(0.9145191703331238, 0.9524997031231444)",1,94.6576496332168,40459
"(0.9432380952380952, 0.939055706563049)",1,94.65755193108453,40460
"(0.8840455840455841, 1.0)",1,94.65745783575944,40461
"(0.7867950912705132, 0.9574997343733398)",1,94.65738718417838,40462
"(0.8504382366909891, 0.9556541264979026)",1,94.65728237274304,40463
"(0.7583018074821354, 0.9574869803877438)",6,94.65683448959868,40469
"(0.8715701474388204, 0.9861310021084456)",1,94.65680056369251,40470
"(0.8014549180327869, 0.9495014245014244)",1,94.65666892467878,40471
"(0.835943054212425, 0.9648252575884156)",1,94.65659247538052,40472
"(0.7611229730509549, 0.9539707149009474)",1,94.65649281228856,40473
"(0.8600428777729004, 0.9574997343733398)",1,94.65619982910408,40474
"(0.9084080904123386, 0.9572437766315318)",2,94.6561868793174,40476
"(0.8970129352925051, 0.9791299139401608)",2,94.65606800199168,40478
"(0.775671600877193, 0.9736189431913116)",1,94.65592274311972,40479
"(0.8399999999999999, 0.937386905097332)",1,94.65590026541324,40480
"(0.9068661074437891, 0.9624978905063408)",1,94.65589707764032,40481
"(0.9240041208791208, 0.9749910873440284)",1,94.65588230061388,40482
"(0.925438675470188, 0.9749656593406592)",1,94.65587311330776,40483
"(0.7884092310206264, 0.9643944553313464)",1,94.65566069850146,40484
"(0.852, 0.9749910873440284)",1,94.65564914545988,40485
"(0.7547920901036461, 0.964731521366774)",3,94.6556000621615,40488
"(0.8315474711586087, 0.9916585206907788)",1,94.65533679265695,40489
"(0.8228213769860375, 0.9499799919967988)",1,94.655282104612,40490
"(0.683178560611297, 0.966542082581464)",2,94.65523992453645,40492
"(0.8948142000428356, 0.9749656593406592)",1,94.65516923453562,40493
"(0.6043417366946778, 0.9609357631051972)",1,94.65516449226944,40494
"(0.8152898027898028, 0.9861673414304992)",1,94.65498498339076,40495
"(0.9370337013190184, 0.9916339869281046)",1,94.65486732433958,40496
"(0.8288092915955513, 0.9743242539927248)",2,94.65486354327938,40498
"(0.9425645194066248, 0.9536268754076972)",1,94.6545745317789,40499
"(0.8613133624575272, 0.9499987499687492)",1,94.65450857708804,40500
"(0.6458122469635628, 0.9557886530559612)",1,94.65450692538646,40501
"(0.9145814491005928, 0.9499987499687492)",2,94.65448041491412,40503
"(0.2955962541488857, 0.9556541264979026)",3,94.65442433755496,40506
"(0.9743030741133208, 0.991777356103732)",4,94.6543784561882,40510
"(0.805606866826574, 0.9472378863826232)",1,94.65419442656707,40511
"(0.6591398510479036, 0.9706070245192364)",1,94.65346720910392,40512
"(0.7205866507277225, 0.964269276237512)",1,94.65343602086618,40513
"(0.96, 0.9399984999624992)",1,94.65330171170996,40514
"(0.9790693693461476, 0.9958292603453894)",4,94.65328537205286,40518
"(0.7635561160151323, 0.9524854486686548)",1,94.65297081460857,40519
"(0.8514626506510005, 0.9607612022680516)",1,94.65296539147673,40520
"(0.6392731808632544, 0.9495014245014244)",1,94.65293335581217,40521
"(0.7805215455557322, 0.9560315719855194)",1,94.65290144323798,40522
"(0.9524759409451032, 0.95)",3,94.65275528319984,40525
"(0.448819084280689, 0.9690968282937898)",8,94.65272151887288,40533
"(0.799275702501509, 1.0)",1,94.65264004673595,40534
"(0.9609357631051972, 0.97502985598876)",2,94.65260601171131,40536
"(0.8925251217160295, 0.960851077856154)",1,94.652315321688,40537
"(0.9494594905410846, 0.9539272400433172)",2,94.65206243722623,40539
"(0.9497171590194846, 0.9833229101521784)",1,94.65203425074084,40540
"(0.8997493734335841, 1.0)",1,94.6517735280408,40541
"(0.912705831903945, 0.9495014245014244)",1,94.65168104499564,40542
"(0.8458807849973786, 0.9499987499687492)",1,94.65148028003546,40543
"(0.9469408453036384, 0.9539272400433172)",1,94.65143295488896,40544
"(0.7867950912705132, 0.9574976092405196)",1,94.65072389051066,40545
"(0.8514626506510005, 0.9505232430050672)",1,94.65062563605449,40546
"(0.966586548597934, 0.924735269238312)",1,94.64989632879474,40547
"(0.9539272400433172, 0.95)",1,94.6497939773364,40548
"(0.930124456440246, 0.9861673414304992)",2,94.6495695464731,40550
"(0.5529564209234128, 0.964269276237512)",1,94.6494799459194,40551
"(0.949954959463517, 0.944998624965624)",1,94.64877633448393,40552
"(0.860351329677713, 0.9539707149009474)",1,94.64871595305428,40553
"(0.897953216374269, 0.950431439792024)",1,94.64848609586691,40554
"(0.6892156862745098, 0.9861673414304992)",1,94.64799895654492,40555
"(0.8898894074675324, 0.9540153992631536)",1,94.6479800685803,40556
"(0.922324745206372, 0.9474996718729491)",1,94.647801729292,40557
"(0.6870644599303137, 0.9861310021084456)",1,94.6477682343499,40558
"(0.8322510822510822, 0.972420634920635)",1,94.64771605585784,40559
"(0.859079950617616, 0.9571428571428572)",1,94.64768971290326,40560
"(0.950431439792024, 0.9644491481508056)",1,94.64767754087232,40561
"(0.9599959995999598, 0.9474996718729491)",1,94.64759822119456,40562
"(0.4060631229235881, 0.9749910873440284)",1,94.64753840716098,40563
"(0.8874191651969431, 0.9861673414304992)",1,94.64742805462552,40564
"(0.7836974395113928, 0.9766918866148322)",1,94.64730901368551,40565
"(0.8058308902229048, 0.9691818330194464)",3,94.64705615823456,40568
"(0.7635561160151323, 0.9549718574108818)",1,94.647020271584,40569
"(0.8349489264123411, 1.0)",1,94.64700905554588,40570
"(0.3937681915859065, 0.94291309888229)",1,94.64700794081324,40571
"(0.9621616286938868, 0.9874877810361682)",4,94.64676994275624,40575
"(0.7246154408468525, 0.9690968282937898)",3,94.6467427217561,40578
"(0.5356100633781995, 0.9650076460904662)",1,94.64592787856697,40579
"(0.9161379295307868, 0.9861673414304992)",2,94.64591291772402,40581
"(0.8845244231527244, 0.9538370349708868)",1,94.6458904472824,40582
"(0.954995499549955, 0.9524925769651508)",1,94.64579742369996,40583
"(0.6746336326928433, 0.964731521366774)",1,94.6457618138574,40584
"(0.8099604803972105, 0.9690968282937898)",1,94.64562260886778,40585
"(0.8176857647247633, 0.9524997031231444)",1,94.64557071536876,40586
"(0.8724354204315935, 0.9474970467088774)",1,94.6455337507198,40587
"(0.8221871747362275, 0.9699323123210524)",1,94.64549157964254,40588
"(0.9425645194066248, 0.9502288074111276)",1,94.64534606103986,40589
"(0.9021765712888236, 0.9574869803877438)",3,94.64521918738532,40592
"(0.510124419309014, 0.9739780825144904)",4,94.64514775036147,40596
"(0.897575551646946, 0.9495014245014244)",1,94.64513153530255,40597
"(0.6658312447786132, 0.9524640509385224)",1,94.64501789375647,40598
"(0.9148957472904308, 0.96)",1,94.6448413366501,40599
"(0.960666032023912, 0.9675571471581564)",1,94.6447524944469,40600
"(0.9524973279746984, 0.9524925769651508)",1,94.6447187853444,40601
"(0.8258470464352816, 0.960851077856154)",1,94.64467659161146,40602
"(0.944911858974359, 0.945)",3,94.64462392183884,40605
"(0.8581022152450725, 0.9721762578905436)",1,94.6445664909662,40606
"(0.8455704732698088, 0.972281746031746)",1,94.64428717954692,40607
"(0.946492548547343, 0.94206422624554)",1,94.6442092868517,40608
"(0.8263489874613754, 0.942491014220972)",1,94.6441983366378,40609
"(0.9240756756756756, 0.9573389777809668)",1,94.64404730428784,40610
"(0.582531911173282, 0.9735486410250802)",3,94.64395502327343,40613
"(0.8623077787842691, 0.9610899532226684)",1,94.6439466160187,40614
"(0.8631918334993627, 0.9833229101521784)",1,94.64392793618023,40615
"(0.767932006258611, 0.9649551516300768)",1,94.6437562581672,40616
"(0.9373586654890096, 0.9574784734771978)",1,94.64371841010106,40617
"(0.8171936889795594, 0.960267350663444)",1,94.64340596466646,40618
"(0.6394191498302587, 0.9779870235853187)",4,94.6434004549799,40622
"(0.5069136832921234, 0.9516956990542454)",2,94.6433724026542,40624
"(0.3396187406448909, 0.9735486410250802)",1,94.64332801443248,40625
"(0.925, 0.9495014245014244)",2,94.64332366124704,40627
"(0.915887675849288, 0.9719594498582784)",1,94.64326765252844,40628
"(0.2707589122986075, 0.9539707149009474)",1,94.64324363644371,40629
"(0.9261858974358974, 0.9489093915343916)",1,94.64313263007844,40630
"(0.2184982066412125, 0.9538370349708868)",1,94.64308792681317,40631
"(0.6458122469635628, 0.9559144017084672)",1,94.64308265266864,40632
"(0.9137091172501388, 0.9495014245014244)",1,94.64301932813842,40633
"(0.9243000100356984, 0.950431439792024)",1,94.64297629843324,40634
"(0.9643698138596096, 0.9642857142857144)",3,94.64280763686106,40637
"(0.7670435855263158, 0.9646309224447688)",1,94.64272319223038,40638
"(0.9364970967817766, 0.9607612022680516)",1,94.64246070188896,40639
"(0.9146901709401708, 0.9861310021084456)",1,94.64231127489032,40640
"(0.8472645812528676, 0.9607612022680516)",1,94.64218803533969,40641
"(0.7002945207922506, 0.969334154098697)",1,94.64216982192151,40642
"(0.8885908209437621, 0.9432380952380952)",1,94.64213364471615,40643
"(0.940074233084456, 0.9463627709416984)",1,94.64200378729248,40644
"(0.9128205128205128, 0.9538331745788698)",1,94.6419014028609,40645
"(0.9160264866799612, 0.9861673414304992)",2,94.64181697636936,40647
"(0.946730586052542, 0.9540153992631536)",2,94.64178188534122,40649
"(0.84470156948104, 0.951892755797645)",1,94.64169249335372,40650
"(0.6702803520428978, 0.9690968282937898)",8,94.64152487844756,40658
"(0.9388917411828462, 0.9571428571428572)",1,94.64147092082756,40659
"(0.9253777472527472, 0.9749656593406592)",1,94.64135916016082,40660
"(0.8937533848783131, 0.9540153992631536)",1,94.64127436410662,40661
"(0.7077308656256025, 1.0)",1,94.64125962420486,40662
"(0.8933617810760668, 0.9505232430050672)",1,94.64123048197592,40663
"(0.950392857142857, 0.9749656593406592)",2,94.64119591554204,40665
"(0.9524640509385224, 0.939878253463263)",1,94.64118651583355,40666
"(0.8449106413122807, 0.964269276237512)",1,94.64107933202196,40667
"(0.912531328320802, 0.939866291344124)",1,94.64097881873413,40668
"(0.7472307467415887, 0.9767441860465116)",1,94.6409116177393,40669
"(0.816195709052852, 1.0)",1,94.6409046812322,40670
"(0.9449325423643964, 0.9599909979745442)",1,94.64084482675877,40671
"(0.7932043650793651, 0.960851077856154)",3,94.6408144434225,40674
"(0.7976364522417154, 0.9735486410250802)",1,94.64071230858374,40675
"(0.8868202139097957, 0.9499987499687492)",1,94.64066255797412,40676
"(0.8066487122350412, 0.9650450950662368)",1,94.64064497225736,40677
"(0.9348222545262322, 0.9575126626788776)",1,94.640622745936,40678
"(0.7707647794714906, 0.9734731918335766)",1,94.64042831733362,40679
"(0.9295946890286512, 0.9861673414304992)",1,94.64018913730092,40680
"(0.4255117986159442, 0.9650450950662368)",1,94.64005659636187,40681
"(0.9599749843652282, 0.93999399939994)",1,94.63987934422131,40682
"(0.6736022307473716, 0.9861673414304992)",1,94.6397209201634,40683
"(0.9422394177612392, 0.9436438561438562)",2,94.63948030029027,40685
"(0.9535144014828052, 0.950608853052493)",1,94.63945369592072,40686
"(0.8623077787842691, 0.9575913511472004)",3,94.63943392264028,40689
"(0.8524016298728943, 0.9748288386713434)",2,94.63940790062352,40691
"(0.7392209336901576, 0.9559144017084672)",1,94.63929195165314,40692
"(0.8975998588152243, 0.9503333333333333)",1,94.63928825933706,40693
"(0.7340930674264006, 1.0)",1,94.6392593172377,40694
"(0.9165867390570612, 0.9538331745788698)",1,94.63914538995262,40695
"(0.8756569714184869, 0.9540153992631536)",1,94.63900998920208,40696
"(0.9280317595086728, 0.9752040239248247)",1,94.63879886365156,40697
"(0.73687720936437, 1.0)",1,94.6386951302732,40698
"(0.4890221570564655, 0.9474996718729491)",3,94.63863073246247,40701
"(0.8534255683423739, 0.960267350663444)",1,94.638504468657,40702
"(0.9422585572257836, 0.964731521366774)",1,94.638459426459,40703
"(0.8258152104305951, 0.954995499549955)",1,94.6384459016655,40704
"(0.8066487122350412, 0.9650450950662368)",1,94.63840830439054,40705
"(0.7301651663828291, 0.9472378863826232)",1,94.63822431989222,40706
"(0.960851077856154, 0.9503333333333333)",1,94.6380777259172,40707
"(0.8352271364897016, 0.964269276237512)",1,94.63795969437447,40708
"(0.7740240830366936, 0.9779263059241357)",2,94.6378367782884,40710
"(0.9335837499903572, 0.9691818330194464)",1,94.63782540471574,40711
"(0.8571777573149418, 0.9499987499687492)",1,94.63768558877668,40712
"(0.950175761409158, 0.9518187757119904)",1,94.63757511579244,40713
"(0.7042648709315374, 1.0)",1,94.637520398324,40714
"(0.8266173510466989, 1.0)",1,94.6374492908501,40715
"(0.8388355871169197, 0.9474970467088774)",1,94.63738510184253,40716
"(0.7778533896115083, 0.9736189431913116)",1,94.63736064358632,40717
"(0.8810064268049709, 0.9737445480717845)",1,94.63731754581885,40718
"(0.7304742252709461, 0.9764666952752286)",1,94.6370201348546,40719
"(0.9549988749718742, 0.9474996718729491)",3,94.63698048160488,40722
"(0.9247290244881574, 0.9474839169495658)",1,94.63693926486594,40723
"(0.930124456440246, 0.972045976510262)",1,94.63690043248582,40724
"(0.8472645812528676, 0.960851077856154)",3,94.63675725154128,40727
"(0.9528629190035216, 0.95281045751634)",1,94.6366704662876,40728
"(0.9499987499687492, 0.9524973279746984)",1,94.63663139289676,40729
"(0.5371072475911186, 0.9996210215628012)",3,94.63660955257792,40732
"(0.8350431397306397, 0.9580331374974232)",1,94.63645406279294,40733
"(0.8148308968977662, 0.9861673414304992)",1,94.63636296937348,40734
"(0.7525252525252526, 0.9574976092405196)",1,94.6363551630606,40735
"(0.9916585206907788, 0.9916585206907788)",4,94.6361661984812,40739
"(0.2955962541488857, 0.9646309224447688)",2,94.63616579696269,40741
"(0.6936817460684196, 0.9559144017084672)",1,94.6358936807522,40742
"(0.944911858974359, 0.9549718574108818)",1,94.63563425241192,40743
"(0.5529564209234128, 0.964269276237512)",1,94.63553336768244,40744
"(0.8627397499800719, 0.9735486410250802)",1,94.63549733379304,40745
"(0.9835199925522506, 0.9915151515151516)",2,94.63543094448876,40747
"(0.869750601552687, 0.9607612022680516)",1,94.63520941709724,40748
"(0.844988344988345, 1.0)",1,94.63519882193908,40749
"(0.9240041208791208, 0.9622598627787308)",1,94.6349714782868,40750
"(0.6813936996863826, 0.9861673414304992)",1,94.6349249342908,40751
"(0.8799206023655463, 0.9645217831584576)",1,94.63484318970748,40752
"(0.8873415740885621, 0.9499799919967988)",1,94.6347614040358,40753
"(0.8349608011027915, 0.9736189431913116)",2,94.634596571861,40755
"(0.9499887474681804, 0.9499799919967988)",1,94.63457342731222,40756
"(0.8814591883264935, 0.9643944553313464)",1,94.63446173478606,40757
"(0.9171223888843544, 0.9524925769651508)",2,94.6343436694912,40759
"(0.9449325423643964, 0.9524973279746984)",1,94.63413057643407,40760
"(0.8066742741368069, 0.9695893187708255)",1,94.63396144811796,40761
"(0.8951521235521236, 0.9536268754076972)",1,94.63393861085744,40762
"(0.7935498742420971, 0.9692608993981562)",1,94.63372958673033,40763
"(0.9665831244778612, 0.9833229101521784)",1,94.63360526647864,40764
"(0.922324745206372, 0.9499799919967988)",1,94.63340723149852,40765
"(0.8456272791248162, 0.9539272400433172)",2,94.63340481288316,40767
"(0.751080181203132, 0.9861673414304992)",1,94.6333262769976,40768
"(0.8660545355265853, 0.9749910873440284)",1,94.63272090294706,40769
"(0.8752079951298701, 0.9680383516315252)",1,94.63257356290543,40770
"(0.8873352247505452, 0.964731521366774)",1,94.6324210179464,40771
"(0.4990703502943405, 0.9539707149009474)",1,94.63228220422155,40772
"(0.9546499948224086, 0.9708939880825308)",1,94.63215340018844,40773
"(0.960666032023912, 0.943455134862934)",2,94.63190168017452,40775
"(0.8672602388063438, 0.9474444882407044)",1,94.63186600716648,40776
"(0.7707647794714906, 0.964731521366774)",1,94.63185025229096,40777
"(0.7101858663902063, 0.9539707149009474)",1,94.63178910704929,40778
"(0.798089617146851, 0.9624810060092922)",1,94.6316588020703,40779
"(0.924772436620778, 0.9549718574108818)",1,94.63159131066551,40780
"(0.9165867390570612, 0.9540153992631536)",4,94.63151381657406,40784
"(0.945600047211127, 0.9536268754076972)",1,94.63150768309298,40785
"(0.8621031746031745, 0.9861310021084456)",2,94.6312866149474,40787
"(0.8248508603719991, 0.9572437766315318)",1,94.63126825692088,40788
"(0.8768488063660478, 0.9749656593406592)",1,94.63112463313888,40789
"(0.7761555341771514, 0.9599989999749994)",1,94.63078610296748,40790
"(0.8807153660012098, 0.9491363636363636)",1,94.630649503161,40791
"(0.9535144014828052, 0.9432380952380952)",1,94.63036853590432,40792
"(0.6458122469635628, 0.9692608993981562)",1,94.62986309548978,40793
"(0.8402876991030895, 0.9529751605618932)",1,94.62981692525707,40794
"(0.9261858974358974, 0.9491363636363636)",1,94.6298084805262,40795
"(0.9428571428571428, 0.9571428571428572)",1,94.62972678457548,40796
"(0.8957538774472412, 0.960376642453574)",6,94.62959744562096,40802
"(0.8734313112361893, 0.9861673414304992)",1,94.6294582941855,40803
"(0.5466837142306626, 0.9861673414304992)",1,94.62945464276945,40804
"(0.5536430525672695, 0.9538370349708868)",1,94.62941322682322,40805
"(0.7524760273298283, 0.9779870235853187)",2,94.6293392535121,40807
"(0.9253777472527472, 0.9749656593406592)",1,94.62932596310154,40808
"(0.8438719750195159, 0.95749335833724)",1,94.62928970409286,40809
"(0.8837179908491115, 0.95)",3,94.62912440766333,40812
"(0.8723204506337037, 0.9574869803877438)",3,94.62909813181534,40815
"(0.950431439792024, 0.9537330920118182)",2,94.62888531193332,40817
"(0.8829656107481818, 0.9469463836671532)",1,94.62863967980368,40818
"(0.9432380952380952, 0.9645938855657314)",1,94.62854594593264,40819
"(0.8552744708994707, 1.0)",2,94.6285440061062,40821
"(0.911911525974026, 0.9538331745788698)",2,94.62828593053376,40823
"(0.8459744503862151, 0.972045976510262)",2,94.62828556908256,40825
"(0.6825396825396824, 0.9833229101521784)",1,94.62827146861588,40826
"(0.944911858974359, 0.9449656035021888)",1,94.62825222001908,40827
"(0.8396854781762315, 0.9374526986033186)",1,94.62821596212471,40828
"(0.8458949964763919, 0.9539707149009474)",1,94.62793321763084,40829
"(0.9599749843652282, 0.9474996718729491)",1,94.62788251904144,40830
"(0.8388355871169197, 0.95)",1,94.6278562849162,40831
"(0.9045708198051948, 0.9681034738761426)",1,94.62776887779738,40832
"(0.9068661074437891, 0.9574997343733398)",2,94.6277031407529,40834
"(0.811951754385965, 0.964731521366774)",1,94.6276765476761,40835
"(0.5206038351693186, 0.9524997031231444)",3,94.62754390604962,40838
"(0.9665831244778612, 1.0)",1,94.6274923242638,40839
"(0.7602379596828609, 0.9622598627787308)",1,94.6272846229678,40840
"(0.8863741398837365, 0.9604782992262008)",3,94.62725894596484,40843
"(0.7856964763329513, 0.9861673414304992)",2,94.62722432941156,40845
"(0.924028417296471, 0.9539707149009474)",1,94.62713785223627,40846
"(0.8170562809603257, 0.9549988749718742)",1,94.62711786097267,40847
"(0.950431439792024, 0.960851077856154)",3,94.62705670457026,40850
"(0.6942027443208516, 1.0)",1,94.6269336296047,40851
"(0.7304742252709461, 0.9764666952752286)",2,94.62689058294404,40853
"(0.8586125966511082, 0.9743243008804898)",4,94.62674745214076,40857
"(0.844988344988345, 1.0)",1,94.62664090427543,40858
"(1.0, 0.9833229101521784)",1,94.6265621037868,40859
"(0.8000767913048615, 0.9649122807017544)",1,94.6265062846366,40860
"(0.8108441558441559, 0.9622641509433963)",1,94.62645831478372,40861
"(0.4794373036867545, 0.9722824120544435)",1,94.626343972608,40862
"(0.8846362470895226, 0.9645938855657314)",1,94.6263287756938,40863
"(0.7453091184935634, 0.9779870235853187)",1,94.62625019228535,40864
"(0.917001490200517, 0.9549988749718742)",4,94.62604282021545,40868
"(0.9388917411828462, 0.9536268754076972)",1,94.62598060601267,40869
"(0.9749088814411396, 0.987463247273494)",4,94.6255849960215,40873
"(0.5773079633544751, 0.964269276237512)",1,94.6251152967805,40874
"(0.7076390865537369, 0.9560315719855194)",1,94.62510030514676,40875
"(0.9364970967817766, 0.9571428571428572)",1,94.62504702807716,40876
"(0.8352271364897016, 0.964269276237512)",1,94.62502853554284,40877
"(0.8724354204315935, 0.9524854486686548)",1,94.62495967038336,40878
"(0.7524760273298283, 0.9780434995701116)",1,94.62487829988784,40879
"(0.4552477376263361, 0.9690968282937898)",3,94.62487595873056,40882
"(0.843845350684385, 0.9572437766315318)",1,94.62447867269093,40883
"(0.905854367649002, 0.950431439792024)",1,94.62441792927729,40884
"(0.8883034087952121, 0.9861310021084456)",1,94.62440075463964,40885
"(0.9235929095176316, 0.9503333333333333)",1,94.6242894377001,40886
"(0.8594059903090558, 0.9524854486686548)",1,94.62388627227956,40887
"(0.7866204373351484, 0.95)",1,94.623815092263,40888
"(1.0, 0.979051756240299)",1,94.6234160904214,40889
"(0.901608756801166, 0.9685786603434318)",1,94.6233442849104,40890
"(0.7472307467415887, 0.9767441860465116)",1,94.62326225147088,40891
"(0.8285118282046853, 0.9474734084130092)",1,94.62325140355166,40892
"(0.7011915690388763, 0.9779870235853187)",1,94.62322463205976,40893
"(0.7817150682100042, 0.9495014245014244)",1,94.62321959899216,40894
"(0.9145191703331238, 0.9474996718729491)",3,94.6229480979329,40897
"(0.9532701550221768, 0.9537330920118182)",1,94.62283401870847,40898
"(0.811951754385965, 0.964731521366774)",1,94.6228177310508,40899
"(0.9300671002153482, 1.0)",2,94.62264756656828,40901
"(0.7931469298245613, 0.9604782992262008)",1,94.62261581971376,40902
"(0.9288982963016116, 0.9680383516315252)",1,94.62251461874642,40903
"(0.7824403790656455, 0.9624978905063408)",1,94.6224245257808,40904
"(0.991777356103732, 0.9958292603453894)",1,94.62238679178576,40905
"(0.8976982097186702, 1.0)",1,94.62225796723295,40906
"(0.8315995778682346, 0.9861673414304992)",1,94.62198047969667,40907
"(0.7141684620908996, 0.9516956990542454)",3,94.62169180285676,40910
"(0.805606866826574, 0.9560315719855194)",1,94.62165930828648,40911
"(0.8892914653784219, 0.9524973279746984)",1,94.62110655780629,40912
"(0.7727171016497488, 0.9539707149009474)",1,94.6210066649965,40913
"(0.6936817460684196, 0.9780434995701116)",1,94.62099954879751,40914
"(0.9238400660955778, 0.9749692931061258)",1,94.6209934696448,40915
"(0.9506883741258744, 0.9680383516315252)",1,94.6209666361138,40916
"(0.8493268538892306, 0.9690057499955)",1,94.62067150241025,40917
"(0.9134717985546716, 0.9699293469984828)",1,94.62064494272406,40918
"(0.8660316000154361, 0.9736189431913116)",3,94.62064094206,40921
"(0.8185034935353271, 0.9690968282937898)",3,94.6205963739349,40924
"(0.8702889400021048, 0.9498754528985508)",1,94.6204375117692,40925
"(0.8627397499800719, 0.9691818330194464)",1,94.62032316600744,40926
"(0.8016677935542034, 0.9833229101521784)",2,94.6202206715304,40928
"(0.9583930063253372, 0.9861310021084456)",1,94.62008467224727,40929
"(0.4042348186801185, 0.968568432382428)",4,94.61997646331464,40933
"(0.7823116219667945, 0.972252530763169)",1,94.6199323665826,40934
"(0.9647058823529412, 0.917003047553332)",1,94.61969238992108,40935
"(0.486629218999443, 0.9601502499942144)",1,94.61968438773648,40936
"(0.7805215455557322, 0.9646309224447688)",1,94.6195201114864,40937
"(0.9348370927318296, 0.9574869803877438)",1,94.6194399688181,40938
"(0.8306479779411763, 0.9495058714870036)",1,94.61924401689664,40939
"(0.902192297684101, 0.9861310021084456)",1,94.61924055978106,40940
"(0.7801059423865424, 0.9539707149009474)",1,94.61915811526976,40941
"(0.950392857142857, 0.9749656593406592)",2,94.61908507590373,40943
"(0.9161379295307868, 1.0)",2,94.61896853816305,40945
"(0.8694846606452272, 0.9601502499942144)",1,94.61887538222592,40946
"(0.7829069509514622, 0.9540153992631536)",1,94.61884145625304,40947
"(0.92008547008547, 0.9362689940183164)",1,94.61883887866249,40948
"(0.5695633155937887, 0.9538370349708868)",2,94.61881846082764,40950
"(0.8389313963994772, 0.968912361836611)",1,94.61870255425372,40951
"(0.8130477958637364, 0.9780434995701116)",1,94.61865545196378,40952
"(0.7956953792242888, 0.9599749843652282)",1,94.61852421039475,40953
"(0.93600846667145, 0.9468391231269042)",1,94.61835250849596,40954
"(0.8996408045977011, 0.9749910873440284)",1,94.61828849245931,40955
"(0.8185034935353271, 0.964731521366774)",1,94.61824918465048,40956
"(0.8829656107481818, 0.9516956990542454)",3,94.61818578820176,40959
"(0.8458807849973786, 0.9474734084130092)",1,94.61812779260852,40960
"(0.9399739902831624, 0.940074233084456)",1,94.61804395442896,40961
"(0.8458949964763919, 0.9650450950662368)",1,94.61804375901258,40962
"(0.9080024622960912, 0.9516956990542454)",1,94.61801113721027,40963
"(0.5439418946866578, 0.9726348446389244)",4,94.61789136007738,40967
"(0.8449106413122807, 0.964269276237512)",1,94.61785220329465,40968
"(0.6886904761904762, 0.9861673414304992)",1,94.61783289266684,40969
"(0.7800511508951407, 0.9549718574108818)",1,94.61782870556031,40970
"(0.9396279975262144, 0.9503333333333333)",1,94.61780724277874,40971
"(0.962699692780338, 0.9958292603453894)",3,94.6177424412103,40974
"(0.88164537452478, 0.9350193449813944)",1,94.61771612233774,40975
"(0.9449325423643964, 0.937480853511388)",1,94.61764261810654,40976
"(0.8024695068301698, 0.9746598975721846)",2,94.61759050248916,40978
"(0.9424967654430562, 0.9574784734771978)",1,94.61751938154671,40979
"(0.4468328406505846, 0.9861673414304992)",1,94.61722420371947,40980
"(0.917955241105926, 0.9537330920118182)",1,94.61687542929327,40981
"(0.888194940411122, 0.9560315719855194)",2,94.61674834852975,40983
"(0.9119712774853967, 0.9474996718729491)",1,94.61668490381372,40984
"(0.9524973279746984, 0.944998624965624)",1,94.61667458675451,40985
"(0.8312205288949474, 0.988167361639188)",1,94.61665013630804,40986
"(0.5233498899370707, 0.9678987029372712)",1,94.61659960751903,40987
"(0.3980793293293293, 0.9861673414304992)",1,94.6165513019544,40988
"(0.8855699370755157, 0.9536268754076972)",1,94.61636074066348,40989
"(0.5209302325581396, 0.9539707149009474)",1,94.61622120726943,40990
"(0.9326628892940788, 0.950431439792024)",1,94.6160788107396,40991
"(0.8885714285714285, 1.0)",1,94.61601395682966,40992
"(0.9153439153439152, 1.0)",1,94.61594573390504,40993
"(0.9431186370412892, 0.9572437766315318)",3,94.6158998286308,40996
"(0.9431186370412892, 0.9571428571428572)",1,94.61586115795284,40997
"(0.9350193449813944, 0.9432380952380952)",1,94.6158554161429,40998
"(0.9460809481025116, 0.9645238095238096)",1,94.61585203012233,40999
"(0.6423563565219435, 0.9604782992262008)",1,94.61580080340808,41000
"(0.94993894993895, 1.0)",1,94.61579663301735,41001
"(0.941687552213868, 0.9538331745788698)",1,94.61572872653224,41002
"(0.7856964763329513, 0.9861673414304992)",1,94.615265233495,41003
"(0.8619023359137593, 0.956140350877193)",1,94.61524994323824,41004
"(0.8662655059929975, 0.9649122807017544)",1,94.61447220862684,41005
"(0.6042502004811546, 1.0)",1,94.61442221610103,41006
"(0.8340666247642992, 0.9524997031231444)",1,94.61432380425762,41007
"(0.9540153992631536, 0.95339554031292)",1,94.61423322458889,41008
"(0.8978420627840789, 0.9515714518877016)",1,94.61415114233888,41009
"(0.5717959790198108, 0.9726208661766156)",4,94.61411762746418,41013
"(1.0, 1.0)",1,94.61403022857678,41014
"(0.8613656783468103, 1.0)",2,94.6139358727342,41016
"(0.9018806250259218, 1.0)",2,94.61386619059314,41018
"(0.8561103441223091, 0.972045976510262)",1,94.6137482168244,41019
"(0.9146901709401708, 0.972281746031746)",1,94.61366428482476,41020
"(0.8396854781762315, 0.9499987499687492)",1,94.61364112879082,41021
"(0.7923306301473605, 0.9643944553313464)",1,94.61358592883133,41022
"(0.9029281534808432, 0.9861673414304992)",1,94.613579097708,41023
"(0.4757785089725587, 0.9685731704125208)",1,94.61356454586344,41024
"(0.6809855026116619, 0.9749910873440284)",2,94.6134999151432,41026
"(0.5529564209234128, 0.964269276237512)",1,94.61344122555234,41027
"(0.944911858974359, 0.9449876222149984)",1,94.61339000881696,41028
"(0.7583018074821354, 0.9449504554098688)",1,94.61334332899789,41029
"(0.8066742741368069, 0.9706079906955386)",4,94.61319016133032,41033
"(0.8340666247642992, 0.9524973279746984)",1,94.61295694712496,41034
"(0.8876281048778143, 0.9538331745788698)",1,94.61271238982232,41035
"(0.8523797616070684, 0.964269276237512)",1,94.6125178894322,41036
"(0.6880076348278104, 0.9516956990542454)",1,94.61224692778138,41037
"(0.8477957771158952, 0.9658771204188838)",1,94.61224005496588,41038
"(0.8374727668845315, 1.0)",1,94.61207322415834,41039
"(0.9388917411828462, 0.9466151061674828)",1,94.612038748357,41040
"(0.6398312855309005, 0.9735486410250802)",2,94.61201068154986,41042
"(0.9524759409451032, 0.9424967654430562)",1,94.611877320487,41043
"(0.8326352665776878, 0.9537330920118182)",1,94.6118192224034,41044
"(0.7931486840292131, 0.9495014245014244)",1,94.61180107355972,41045
"(0.656307097369308, 0.9764666952752286)",1,94.61179447563576,41046
"(0.8734924499861754, 0.9690968282937898)",1,94.61177655418273,41047
"(0.5512873845845042, 0.9824956222639148)",1,94.6117559203487,41048
"(0.9132516862059696, 0.960376642453574)",1,94.61162501302069,41049
"(0.4468328406505846, 0.9861673414304992)",1,94.61135270840632,41050
"(0.6947170805612278, 0.9556541264979026)",3,94.61116740458894,41053
"(0.9333333333333332, 1.0)",1,94.61099895505804,41054
"(0.9002005347593582, 0.937019566736548)",1,94.6108710276222,41055
"(0.7786375661375661, 1.0)",1,94.61083938547218,41056
"(0.8099604803972105, 0.9734731918335766)",1,94.61076656624664,41057
"(0.7976364522417154, 0.9606593486924077)",1,94.61075305069302,41058
"(0.7736869137404373, 0.9690968282937898)",1,94.61073559725052,41059
"(0.8736897274633123, 0.9450323339212228)",2,94.61065740581893,41061
"(0.7182046092832266, 0.9539707149009474)",1,94.61013146443402,41062
"(0.727962128872139, 0.9539707149009474)",1,94.61012385571892,41063
"(0.6970926301555105, 0.95749335833724)",1,94.61004763742014,41064
"(0.911911525974026, 0.9432380952380952)",1,94.60991444339216,41065
"(0.933096859926128, 1.0)",1,94.60980542043698,41066
"(0.7895950973122674, 0.9449876222149984)",1,94.60973337533768,41067
"(0.7707669475804315, 0.9556541264979026)",1,94.60972641331318,41068
"(0.549813159936279, 0.9650450950662368)",1,94.60957931154,41069
"(0.8222222222222222, 1.0)",1,94.60956414122452,41070
"(0.7525252525252526, 0.9574997343733398)",1,94.60954826224057,41071
"(0.4566269759061861, 0.9984833216465048)",2,94.60931368464335,41073
"(0.8771934243211048, 0.960851077856154)",2,94.60918706012414,41075
"(0.7461621541348561, 0.9736189431913116)",3,94.60884437686438,41078
"(0.5316580479583238, 0.9712479784871972)",1,94.60882104383884,41079
"(0.8992107069320523, 0.9540153992631536)",1,94.60880376075798,41080
"(0.8480357142857143, 0.950608853052493)",1,94.60875370119092,41081
"(0.8868202139097957, 0.9449656035021888)",1,94.60875002480236,41082
"(0.7630195891065458, 0.9499987499687492)",1,94.60872939832424,41083
"(0.95749335833724, 0.9449325423643964)",2,94.60864084794044,41085
"(0.8952438710847427, 0.9682431562541598)",4,94.60858048659492,41089
"(0.9294287857678706, 0.964269276237512)",1,94.60857525881325,41090
"(0.922324745206372, 0.9624941397093296)",1,94.60855419629266,41091
"(0.5218438528010998, 0.9861310021084456)",1,94.6081928961712,41092
"(0.841184456569072, 0.9549898727213622)",1,94.60818900816618,41093
"(0.9145191703331238, 0.9499987499687492)",2,94.6080160358764,41095
"(0.94999499949995, 0.94999499949995)",1,94.6079932862758,41096
"(0.8123989898989897, 0.9366844919786096)",1,94.60797310134016,41097
"(0.7736869137404373, 0.9736189431913116)",3,94.6078840733996,41100
"(0.943455134862934, 0.9468391231269042)",1,94.60784166451069,41101
"(0.8178923727890101, 0.964731521366774)",1,94.60782142090366,41102
"(0.8513842746400886, 0.9650450950662368)",1,94.60770294287477,41103
"(0.9524854486686548, 0.9524973279746984)",3,94.60769854490576,41106
"(0.950431439792024, 0.9607612022680516)",1,94.60752335186072,41107
"(0.8992107069320523, 0.9539272400433172)",1,94.607396705372,41108
"(0.905854367649002, 0.9574285714285714)",1,94.60733898251723,41109
"(0.912531328320802, 0.9540153992631536)",3,94.60733509502252,41112
"(0.8311329582337986, 0.972045976510262)",1,94.60732410179337,41113
"(0.8458949964763919, 0.9539707149009474)",1,94.60728701679312,41114
"(0.6983464132286942, 0.9650450950662368)",1,94.6072315240814,41115
"(0.4069389693383772, 0.9777005950257937)",3,94.60717293498476,41118
"(0.8997493734335841, 1.0)",1,94.6071696785846,41119
"(0.8458949964763919, 0.9539707149009474)",1,94.60669537338786,41120
"(0.9140194694749032, 0.9735486410250802)",1,94.6066826497242,41121
"(0.8228213769860375, 0.9474996718729491)",3,94.60668222208297,41124
"(0.9043086298506712, 0.9524997031231444)",1,94.60662187097424,41125
"(0.929787607512726, 0.9449779911964784)",3,94.60656275713647,41128
"(0.5029557589626239, 0.9560315719855194)",3,94.60651779415063,41131
"(0.9331814008429188, 0.964269276237512)",1,94.60638800126456,41132
"(0.8799206023655463, 0.9702687771863892)",4,94.6063605644406,41136
"(0.9021137271895612, 0.9539707149009474)",1,94.60624954978108,41137
"(0.9462256234379848, 0.9607612022680516)",1,94.60624315138377,41138
"(0.6260123507862112, 0.9766918866148322)",2,94.60618751459604,41140
"(0.8580559516200404, 0.9764666952752286)",1,94.60613261162716,41141
"(0.8613150576270225, 0.964731521366774)",3,94.60575109335652,41144
"(0.8403320842836972, 0.9491363636363636)",1,94.60569607777298,41145
"(0.9243000100356984, 0.9437278911564628)",1,94.60556687738784,41146
"(0.8574011356980978, 0.9599909979745442)",2,94.60553962047784,41148
"(0.9833229101521784, 1.0)",1,94.60523873195542,41149
"(0.9080024622960912, 0.9606593486924077)",1,94.6052012227168,41150
"(0.8652443837747164, 0.964523301198322)",1,94.60516776080934,41151
"(0.8736212624584717, 0.9764666952752286)",3,94.6051562788905,41154
"(0.8708656432979902, 0.9524997031231444)",1,94.60504697015178,41155
"(0.8547143556631046, 0.9430491433261516)",1,94.60499226706176,41156
"(0.926397848615755, 0.9780434995701116)",1,94.60492490744436,41157
"(0.88164537452478, 0.9501177394034536)",1,94.60469653195383,41158
"(0.9373586654890096, 0.9549898727213622)",3,94.6046822441895,41161
"(0.7778533896115083, 0.9824126287942077)",1,94.60438722943886,41162
"(0.8403320842836972, 0.9619736581501288)",1,94.60403352841998,41163
"(0.8388355871169197, 0.9499799919967988)",1,94.60391992363854,41164
"(0.8883034087952121, 0.9861310021084456)",1,94.6039154249143,41165
"(0.9628689175769612, 0.9749910873440284)",1,94.60388940805096,41166
"(0.9326599326599326, 1.0)",1,94.60386817590594,41167
"(0.6084354171454838, 0.9625018751875188)",1,94.60386349769549,41168
"(0.946730586052542, 0.9503333333333333)",1,94.60385005491148,41169
"(0.5864263954025575, 0.9516956990542454)",2,94.60382420978804,41171
"(0.9014293255242536, 0.950431439792024)",1,94.60372428781862,41172
"(0.8199566964749151, 0.9646309224447688)",1,94.60331258283676,41173
"(0.8640256615878108, 0.951892755797645)",1,94.603234293871,41174
"(0.8518774267621343, 0.9764666952752286)",1,94.60310611465516,41175
"(0.8619023359137593, 0.9648252575884156)",1,94.60292896599896,41176
"(0.9392111404005912, 0.946730586052542)",1,94.60275350664703,41177
"(0.7845149314277182, 0.9549988749718742)",1,94.60273156807422,41178
"(0.8014549180327869, 0.9495014245014244)",1,94.60269401499946,41179
"(0.8796475392220073, 0.9833229101521784)",1,94.60261156425926,41180
"(0.7440767664806348, 0.964269276237512)",1,94.6024281583637,41181
"(0.9394971203231468, 0.9540977572753596)",1,94.6023909181819,41182
"(0.935554153726708, 0.9575126626788776)",1,94.60238292805106,41183
"(0.9348370927318296, 0.9474996718729491)",2,94.60234983904613,41185
"(0.7604228876645498, 0.9495014245014244)",1,94.60228624324714,41186
"(0.8297320821606234, 0.954995499549955)",1,94.60206107279288,41187
"(0.8947368421052632, 0.9470972820501607)",1,94.60189625971408,41188
"(0.5536430525672695, 0.9522870228046522)",1,94.6017677835319,41189
"(0.8571451992482267, 0.9560315719855194)",1,94.60173850073753,41190
"(0.8048107302831546, 0.9747507916611692)",1,94.60165821113404,41191
"(0.468113893871426, 0.9515714518877016)",3,94.60165018385418,41194
"(0.4747763864042934, 0.9885557944107872)",1,94.6014364652432,41195
"(0.8456272791248162, 0.9538331745788698)",1,94.60138424442636,41196
"(0.9459285785969274, 0.9715593185206444)",1,94.60118317839216,41197
"(0.6423563565219435, 0.9560315719855194)",1,94.60109752431735,41198
"(0.7785456014174996, 0.9690968282937898)",1,94.60106727179664,41199
"(0.8467785183482723, 0.9524497750749228)",1,94.60105769975512,41200
"(0.7121693121693121, 1.0)",1,94.60087284004544,41201
"(0.9350193449813944, 0.9535144014828052)",2,94.60082792984848,41203
"(0.9388917411828462, 0.95)",1,94.60069536525408,41204
"(0.7772049591964847, 0.9861673414304992)",1,94.60064862967414,41205
"(0.7930780217019975, 0.9691818330194464)",1,94.60057613872792,41206
"(0.987491854024112, 0.9958292603453894)",4,94.60003748402174,41210
"(0.6635227905250788, 0.9779263059241357)",1,94.59985387037452,41211
"(0.9609357631051972, 0.9677353740627908)",1,94.5998279834984,41212
"(0.2184982066412125, 0.964269276237512)",1,94.5998065252124,41213
"(0.7454265278431212, 0.9735486410250802)",1,94.59975589027496,41214
"(0.8600428777729004, 0.9524759409451032)",1,94.59974568605882,41215
"(0.9396279975262144, 0.9538331745788698)",1,94.59972039934952,41216
"(0.7348436174331348, 0.9861673414304992)",1,94.59922399559606,41217
"(0.8352396678838058, 0.9649122807017544)",6,94.59888972895496,41223
"(0.7785456014174996, 0.9646309224447688)",1,94.59887605928954,41224
"(0.960851077856154, 0.9572437766315318)",3,94.59886969734744,41227
"(0.8120634920634922, 0.9399459513562204)",1,94.59875140017222,41228
"(0.7204649554921787, 0.9601502499942144)",2,94.59863016584778,41230
"(0.9666666666666668, 0.9833229101521784)",1,94.59851295251492,41231
"(0.8016677935542034, 0.9833229101521784)",1,94.59837402767096,41232
"(0.8472645812528676, 0.960851077856154)",3,94.59828899023032,41235
"(0.6415148305084746, 0.9749910873440284)",1,94.59823124237968,41236
"(0.8574011356980978, 0.945)",2,94.59811662711827,41238
"(0.4631616549920088, 0.9927399204933588)",2,94.59810088177088,41240
"(0.7103786816269286, 0.9779263059241357)",1,94.59801264428935,41241
"(0.8964397027091824, 0.9536268754076972)",1,94.59796751923128,41242
"(0.774892691053337, 0.9557886530559612)",1,94.59796586654129,41243
"(0.7525252525252526, 0.9624885121068328)",1,94.59795831466926,41244
"(0.844988344988345, 1.0)",1,94.59795664500484,41245
"(0.8955173107890498, 0.9622598627787308)",1,94.59783592025994,41246
"(0.9043086298506712, 0.9474917955930616)",2,94.59754447568773,41248
"(0.9248798076923076, 0.9549898727213622)",1,94.5973997390383,41249
"(0.9599959995999598, 0.9474917955930616)",1,94.59739447685556,41250
"(0.2184982066412125, 0.9650076460904662)",1,94.59734255982274,41251
"(0.7803195571784078, 0.9692608993981562)",1,94.5973277532614,41252
"(0.8890425386169811, 0.960851077856154)",1,94.5971841492997,41253
"(0.9791299139401608, 0.9958292603453894)",1,94.59695932802994,41254
"(0.4904033495004767, 0.9764666952752286)",1,94.59687776837524,41255
"(0.8170562809603257, 0.9474917955930616)",1,94.59665519530556,41256
"(0.583006022518984, 0.9648252575884156)",3,94.59657369374354,41259
"(0.9137091172501388, 0.9495014245014244)",2,94.59642333848484,41261
"(0.7842821339061942, 0.960376642453574)",1,94.59635024208012,41262
"(0.8420013166556946, 1.0)",1,94.59621392318012,41263
"(0.9131856219190184, 0.9876066164491212)",1,94.59599714731073,41264
"(0.8334507869391591, 0.9643944553313464)",1,94.59567262030134,41265
"(0.5029069767441862, 0.9529751605618932)",1,94.5955365153712,41266
"(0.6784722222222224, 1.0)",1,94.59553255915112,41267
"(0.8777335856148074, 0.9780434995701116)",1,94.59535950530088,41268
"(0.954995499549955, 0.9524973279746984)",1,94.59530287124537,41269
"(0.5222179798681013, 0.9539707149009474)",1,94.59509444617768,41270
"(0.5145696010475885, 0.9861310021084456)",1,94.59509050382476,41271
"(0.8560274494853222, 0.9539707149009474)",1,94.5949328755955,41272
"(0.6786367717848486, 0.9574678350502568)",1,94.59480614123244,41273
"(0.9283935041407868, 0.9469408453036384)",1,94.59468112165456,41274
"(0.8148308968977662, 0.9861673414304992)",1,94.59461021771396,41275
"(0.8785302156088673, 0.9574869803877438)",2,94.59460367456391,41277
"(0.9538331745788698, 0.9535144014828052)",1,94.59444578851192,41278
"(0.8892914653784219, 0.944998624965624)",1,94.59440049584023,41279
"(0.7943622269203664, 0.9764666952752286)",1,94.59431059016212,41280
"(0.5840612548892117, 0.9722734034203918)",1,94.59424543556104,41281
"(0.7580266955266955, 0.9861673414304992)",1,94.59424186889514,41282
"(0.486629218999443, 0.9648252575884156)",1,94.5939542372262,41283
"(0.9041196741854636, 0.991206314397104)",1,94.5938757404722,41284
"(0.9422394177612392, 0.9574285714285714)",1,94.5937352776948,41285
"(0.9145191703331238, 0.9524973279746984)",1,94.59371435584242,41286
"(0.6992775742775743, 0.9861673414304992)",1,94.593713245864,41287
"(0.8645256232686982, 0.964731521366774)",7,94.59351005627748,41294
"(0.8920790698579406, 0.9433502169051704)",1,94.59345199016543,41295
"(0.8650180064096209, 0.9690968282937898)",8,94.59326051919956,41303
"(0.8458949964763919, 0.9539707149009474)",1,94.5932355116164,41304
"(0.9833229101521784, 0.9833229101521784)",1,94.5931769542758,41305
"(0.8623077787842691, 0.9610899532226684)",1,94.59314192708796,41306
"(0.775651722678174, 0.9764666952752286)",1,94.59303937477476,41307
"(0.9288982963016116, 0.9716190476190476)",1,94.59301850270128,41308
"(0.7401844059863599, 0.972420634920635)",1,94.59298292749818,41309
"(0.9610899532226684, 0.9645238095238096)",1,94.59277778196548,41310
"(0.9497171590194846, 1.0)",2,94.59256439928544,41312
"(1.0, 1.0)",1,94.59254842834434,41313
"(0.8249504969211211, 0.9643944553313464)",1,94.5925167943929,41314
"(0.8594059903090558, 0.9499987499687492)",1,94.59240906684832,41315
"(0.8868202139097957, 0.949954959463517)",1,94.59234331709077,41316
"(0.9057330122004186, 0.9824126287942077)",1,94.59223267308528,41317
"(0.926397848615755, 0.9824126287942077)",1,94.5922087330272,41318
"(0.9574784734771978, 0.937480853511388)",1,94.59220703161247,41319
"(0.7434518366201162, 0.9600251550024655)",1,94.59219291697458,41320
"(0.7348436174331348, 0.972045976510262)",2,94.59214836775682,41322
"(0.9610153569597296, 0.9609357631051972)",1,94.59199056105729,41323
"(0.8975998588152243, 0.9503333333333333)",1,94.59194530635122,41324
"(0.8014564052299902, 0.9524997031231444)",1,94.59190220908788,41325
"(0.9568045886851652, 0.9645238095238096)",1,94.59182546607632,41326
"(0.8273694481451597, 0.9524973279746984)",1,94.59178538982148,41327
"(0.8334750774705025, 0.9650450950662368)",1,94.5917333160099,41328
"(0.8325642300300746, 0.9734731918335766)",1,94.59171355910256,41329
"(0.4255117986159442, 0.9650450950662368)",1,94.59164426047934,41330
"(0.9227792207792208, 0.9607612022680516)",3,94.59130276703756,41333
"(0.8885908209437621, 0.9571428571428572)",1,94.59097693286016,41334
"(0.8791645439245395, 0.9690968282937898)",2,94.59089146423835,41336
"(0.9202657807308968, 0.9539707149009474)",1,94.59086663522936,41337
"(0.7188585657770549, 0.9624941397093296)",1,94.59085887512823,41338
"(0.8431623931623932, 0.9870601047071634)",1,94.59075912471856,41339
"(0.8879331046312178, 0.9749656593406592)",1,94.59055592961604,41340
"(0.8795247311963099, 0.9610153569597296)",3,94.59054667773232,41343
"(0.8340666247642992, 0.954995499549955)",1,94.59048935970786,41344
"(0.7204649554921787, 0.9564180337206656)",1,94.59039821187322,41345
"(0.8513842746400886, 0.9650450950662368)",1,94.59032833560858,41346
"(0.7453091184935634, 0.9779263059241357)",1,94.59017772609336,41347
"(0.7665484369555701, 0.9766918866148322)",1,94.58997286481362,41348
"(0.7736869137404373, 0.9556541264979026)",1,94.58987714848136,41349
"(0.3865130008203705, 0.9969635705802744)",3,94.5898604289156,41352
"(0.9093334120185448, 0.9394971203231468)",1,94.58956559076496,41353
"(0.8292352872388802, 0.9682365436156678)",1,94.58955931722026,41354
"(0.8887419165196944, 0.972045976510262)",2,94.58944359584888,41356
"(0.7899536361074823, 0.94999499949995)",1,94.58943347278378,41357
"(0.7805215455557322, 0.9690968282937898)",1,94.58931070826748,41358
"(0.5085434725136265, 0.9575126626788776)",3,94.58921322978416,41361
"(0.924028417296471, 0.9539707149009474)",1,94.5889614221814,41362
"(0.9156086605607608, 0.9560315719855194)",1,94.5888464401917,41363
"(0.7785456014174996, 0.9690968282937898)",1,94.58883532961907,41364
"(0.8623077787842691, 0.9503333333333333)",1,94.58881766685556,41365
"(0.9468391231269042, 0.9503333333333333)",1,94.58876782300445,41366
"(0.8287392966468705, 0.9690968282937898)",1,94.588645512192,41367
"(0.9170904871819552, 0.9575126626788776)",1,94.5885709823419,41368
"(0.7434518366201162, 0.9690968282937898)",1,94.58840634801555,41369
"(0.9462256234379848, 0.9571428571428572)",1,94.58837810364815,41370
"(0.8191170968948748, 0.9690968282937898)",4,94.58820340807048,41374
"(0.9373586654890096, 0.9549898727213622)",2,94.588038448607,41376
"(0.846224760385985, 0.9601289097739504)",4,94.58789534409436,41380
"(0.9020800849800285, 0.9539272400433172)",1,94.5877827559298,41381
"(0.812418383596075, 0.9651701899685294)",1,94.58762240776193,41382
"(0.8340666247642992, 0.9524925769651508)",1,94.58757415681636,41383
"(0.6432772815188069, 0.972045976510262)",2,94.58757209962248,41385
"(0.798857609139127, 0.964269276237512)",1,94.58756193394606,41386
"(0.8574011356980978, 0.955)",2,94.58744937477934,41388
"(0.8267756716773511, 0.9691818330194464)",1,94.5873722329558,41389
"(0.9384174012481092, 0.9611927900352948)",1,94.58728666448602,41390
"(0.656307097369308, 0.9764666952752286)",1,94.58704224550178,41391
"(0.3701287531347074, 0.9763508006573084)",4,94.58687277705415,41395
"(0.8748200797381125, 0.9861310021084456)",1,94.58685454717627,41396
"(0.8425483191745751, 0.9764666952752286)",1,94.5867173137877,41397
"(0.9539272400433172, 0.9573389777809668)",1,94.58668582235696,41398
"(0.975195619792394, 0.9665445871835324)",2,94.58632419414435,41400
"(0.816099178371682, 0.9649122807017544)",1,94.58621579329036,41401
"(0.917001490200517, 0.96)",1,94.58620692415774,41402
"(0.9165867390570612, 0.9535144014828052)",1,94.58615136777313,41403
"(0.95749335833724, 0.945)",1,94.58612783103062,41404
"(0.8978420627840789, 0.9692608993981562)",1,94.58583946645518,41405
"(0.843845350684385, 0.9644491481508056)",1,94.58560789935,41406
"(0.5144246169578527, 0.969250336497807)",4,94.5854632299936,41410
"(0.833885981893572, 0.9574869803877438)",3,94.58544074214,41413
"(0.8420013166556946, 1.0)",1,94.58528149364552,41414
"(0.798857609139127, 0.964269276237512)",1,94.58522471605328,41415
"(0.9385964912280702, 0.9690968282937898)",1,94.58488450174636,41416
"(0.8353823801019199, 0.9497439544807966)",1,94.584866544458,41417
"(0.9142857142857144, 0.9505232430050672)",1,94.5848234971026,41418
"(0.792575421183231, 0.9604782992262008)",1,94.58479673031924,41419
"(0.5686274509803922, 0.9539707149009474)",1,94.5847692372448,41420
"(0.9538331745788698, 0.9502288074111276)",1,94.58470937391766,41421
"(0.8795903283708161, 0.9568045886851652)",1,94.58459566979964,41422
"(0.8842592592592592, 0.9474996718729491)",3,94.58445223237516,41425
"(0.8621031746031745, 0.9722222222222222)",1,94.58439847593174,41426
"(0.7213157894736841, 0.9495014245014244)",1,94.58439343734656,41427
"(0.8873415740885621, 0.95)",1,94.583952816359,41428
"(0.8933617810760668, 0.950431439792024)",1,94.5838392848462,41429
"(0.7840776800057233, 0.9599959995999598)",3,94.58346757997352,41432
"(0.8074780204479453, 0.9749910873440284)",1,94.58341617164544,41433
"(0.8829656107481818, 0.9690968282937898)",2,94.58336489547764,41435
"(0.946730586052542, 0.9432380952380952)",1,94.5832913755345,41436
"(0.8522301061007956, 0.9491363636363636)",1,94.58325859684798,41437
"(0.7785456014174996, 0.9559144017084672)",1,94.58324980149423,41438
"(0.7157872157872157, 0.9524973279746984)",1,94.58323520928154,41439
"(0.7127034737372042, 0.9599909979745442)",1,94.58309358995076,41440
"(0.926397848615755, 0.9434895802926228)",1,94.58301730724368,41441
"(0.8340799485585682, 0.9764666952752286)",1,94.58280193239574,41442
"(0.8829656107481818, 0.9427662613218292)",1,94.58278946029763,41443
"(0.9497171590194846, 1.0)",1,94.58277146750216,41444
"(0.8672602388063438, 0.9574784734771978)",1,94.58259693289438,41445
"(0.9153439153439152, 1.0)",1,94.58250559857356,41446
"(0.6698155645524068, 1.0)",1,94.58245538083447,41447
"(0.7635561160151323, 0.9474996718729491)",1,94.5824227501536,41448
"(0.8645256232686982, 0.9780434995701116)",1,94.58230979666396,41449
"(0.8871966240387292, 0.9861673414304992)",1,94.5822933457443,41450
"(0.939866291344124, 0.9535144014828052)",2,94.58220883931554,41452
"(0.7600022352306796, 0.964523301198322)",1,94.58202971274945,41453
"(0.8428938985542759, 0.9495014245014244)",1,94.58201407869888,41454
"(0.6630394611865931, 0.9740307967999522)",1,94.58199509534002,41455
"(0.8892914653784219, 0.9424564827150532)",1,94.58198444626852,41456
"(0.8809938281373634, 0.9474839169495658)",1,94.58186759655403,41457
"(0.8185034935353271, 0.964731521366774)",1,94.58152073455447,41458
"(0.9273504273504276, 0.9397510062104916)",1,94.58131088457544,41459
"(0.7836974395113928, 0.988167361639188)",1,94.58127150531584,41460
"(0.8547143556631046, 0.960376642453574)",1,94.58123802444088,41461
"(0.9497171590194848, 0.9833229101521784)",1,94.58123114384884,41462
"(0.9057330122004186, 0.9519169817351648)",1,94.58122608432544,41463
"(0.8584175084175085, 0.9861673414304992)",1,94.58103232003111,41464
"(0.4847252958987063, 0.9762510019672151)",1,94.58100458003608,41465
"(0.8860455063826657, 0.9861673414304992)",1,94.58088225118384,41466
"(0.888194940411122, 0.9604782992262008)",1,94.58084339840276,41467
"(0.8594436844505243, 0.9643944553313464)",1,94.58053589564972,41468
"(0.8831024654485521, 0.9649122807017544)",1,94.5804795944511,41469
"(0.8340799485585682, 0.9764666952752286)",1,94.58046233329448,41470
"(0.727962128872139, 0.9311270125223616)",1,94.5803953141441,41471
"(0.7205408331487906, 0.9601502499942144)",1,94.5803693397264,41472
"(0.8916052423523688, 0.970303832669424)",1,94.58029045580402,41473
"(0.9568045886851652, 0.9501177394034536)",1,94.58020551346355,41474
"(0.582531911173282, 0.9690057499955)",1,94.58016427955044,41475
"(0.9469408453036384, 0.9540153992631536)",1,94.57985412583317,41476
"(0.8645256232686982, 0.9512947499929286)",1,94.5798480086503,41477
"(0.9297564829445116, 0.9645238095238096)",1,94.57984326202256,41478
"(0.8399999999999999, 0.9524973279746984)",1,94.5797786350322,41479
"(0.7050663794439956, 0.9289986228605154)",1,94.5797271678178,41480
"(0.8311329582337986, 0.972045976510262)",1,94.57969549379727,41481
"(0.859079950617616, 0.9502288074111276)",1,94.57946829828008,41482
"(0.8880748880748881, 0.972281746031746)",1,94.57942362840222,41483
"(0.925, 0.9495014245014244)",2,94.57940161687549,41485
"(0.9399739902831624, 0.9536268754076972)",1,94.5792225163119,41486
"(0.8691207517489755, 0.9469408453036384)",1,94.57914161001632,41487
"(0.6809855026116619, 0.9622598627787308)",1,94.57901174645151,41488
"(0.9469408453036384, 0.9681645071821834)",1,94.5789963686518,41489
"(0.940074233084456, 0.9572437766315318)",1,94.5786534255051,41490
"(0.8120634920634922, 0.954995499549955)",1,94.57864394415398,41491
"(0.2184982066412125, 0.9538370349708868)",1,94.57856994597172,41492
"(0.9028964862298196, 0.9861673414304992)",2,94.57848618755251,41494
"(0.8796475392220073, 0.9833229101521784)",1,94.5784792285252,41495
"(0.7756534192624418, 0.9560315719855194)",1,94.57813257007388,41496
"(0.8160079573535582, 0.9702702702702702)",1,94.57806627942324,41497
"(0.831031066037186, 0.9630499959484644)",1,94.5780519489152,41498
"(0.944911858974359, 0.9499987499687492)",3,94.57786114564126,41501
"(0.7423856773080242, 0.9749656593406592)",1,94.57785162656825,41502
"(0.7926784788743209, 0.9474996718729491)",1,94.57770448567264,41503
"(0.4064779204985939, 0.9699939975990398)",1,94.5775968497293,41504
"(0.5938478261448741, 0.9539707149009474)",1,94.577593069563,41505
"(0.7773213291613077, 0.945)",1,94.57752430012516,41506
"(0.8474214220323468, 0.9574784734771978)",1,94.57749959800536,41507
"(0.8758315541941273, 0.9646309224447688)",1,94.577444710289,41508
"(0.9537330920118182, 0.9571428571428572)",1,94.57731115809294,41509
"(0.9502288074111276, 0.9385374517374516)",1,94.57727726505917,41510
"(0.861111111111111, 1.0)",1,94.57713556567889,41511
"(0.5391505078485688, 0.9515714518877016)",3,94.57667308674456,41514
"(0.6020449077786688, 0.9764666952752286)",2,94.57662535245484,41516
"(0.8199566964749151, 0.9779870235853187)",1,94.57652619707986,41517
"(0.9298245614035088, 0.9474970467088774)",1,94.5765224496024,41518
"(0.9537330920118182, 0.9571428571428572)",1,94.57643270989576,41519
"(0.9469408453036384, 0.9469408453036384)",1,94.5762176163908,41520
"(0.7368760064412239, 0.9861673414304992)",1,94.57620663376176,41521
"(0.874450386215092, 0.972281746031746)",1,94.57618155867496,41522
"(0.9574784734771978, 0.9549718574108818)",3,94.57614483286336,41525
"(0.8688607891739799, 0.9622641509433963)",1,94.57604311494252,41526
"(0.8066742741368069, 0.9733106189019902)",1,94.57582581015164,41527
"(0.9142857142857144, 0.9503333333333333)",1,94.57571194887716,41528
"(0.9388917411828462, 0.9537330920118182)",4,94.57562664299,41532
"(0.7970846609283874, 0.9649927307623792)",1,94.57525635432518,41533
"(0.9145191703331238, 0.9524973279746984)",1,94.57525363375048,41534
"(0.9524973279746984, 0.9449656035021888)",1,94.57513277241851,41535
"(0.8040583964010628, 0.94291309888229)",2,94.57501804981308,41537
"(0.7392209336901576, 0.9604782992262008)",1,94.57494193680726,41538
"(0.6444891298012474, 0.972281746031746)",1,94.5748747623325,41539
"(0.9599749843652282, 0.9574997343733398)",1,94.5748606712127,41540
"(0.627077337896347, 0.964269276237512)",1,94.5748283383276,41541
"(0.6658312447786132, 0.95749335833724)",1,94.5747609233776,41542
"(0.7971433156796661, 0.9574869803877438)",1,94.5747357111041,41543
"(0.8480357142857143, 0.9539272400433172)",1,94.57464875052467,41544
"(0.9094202898550724, 0.9524759409451032)",1,94.57460318937846,41545
"(0.937386905097332, 0.95)",1,94.57455451131722,41546
"(0.926397848615755, 0.9604782992262008)",1,94.57452197502838,41547
"(0.7374768177381903, 0.9601502499942144)",1,94.5745007338874,41548
"(0.5763404630399704, 0.9499799919967988)",1,94.574446003015,41549
"(0.549813159936279, 0.9650450950662368)",1,94.57436952121516,41550
"(0.9020800849800285, 0.9505232430050672)",1,94.57421950804468,41551
"(0.93795454842108, 0.9958292603453894)",1,94.57395247524924,41552
"(0.93600846667145, 0.9503333333333333)",1,94.57389680362348,41553
"(0.9462256234379848, 0.9537330920118182)",4,94.57378497676063,41557
"(0.4139252838240179, 0.9702421793925188)",1,94.57373182144418,41558
"(0.7246154408468525, 0.9511418561141246)",1,94.57372823639908,41559
"(0.7760416666666667, 0.949938674876724)",1,94.5736390006723,41560
"(0.5196861551771716, 0.9474917955930616)",1,94.57352601336076,41561
"(0.8224631915554647, 0.9650450950662368)",1,94.57347412160414,41562
"(0.944911858974359, 0.9399759903961584)",1,94.57321964841576,41563
"(0.8662285714285716, 0.9505232430050672)",2,94.57313548932548,41565
"(0.8992107069320523, 0.9505232430050672)",1,94.57294646870577,41566
"(0.4794373036867545, 0.9726208661766156)",4,94.57272614367014,41570
"(0.6020449077786688, 0.9764666952752286)",1,94.5727252369498,41571
"(0.8226000003393725, 0.9690968282937898)",1,94.57253059046884,41572
"(0.8123989898989897, 0.9495014245014244)",1,94.5723777678148,41573
"(0.7779212514298108, 0.9996210215628012)",1,94.57236168063712,41574
"(0.9916585206907788, 0.9958292603453894)",4,94.5723557267746,41578
"(0.925438675470188, 0.962470105966915)",1,94.57232696512096,41579
"(0.8393264911275135, 0.965875328769529)",2,94.57212495121296,41581
"(0.9524973279746984, 0.9474917955930616)",1,94.57194034173584,41582
"(0.8645256232686982, 0.9516956990542454)",3,94.57166362585062,41585
"(0.8876281048778143, 0.9642857142857144)",3,94.57137626481284,41588
"(0.9323791344788114, 0.946730586052542)",1,94.5709704232206,41589
"(0.8430987589231168, 0.9289986228605154)",3,94.57090645008338,41592
"(0.9029281534808432, 0.9861673414304992)",1,94.57090389563066,41593
"(0.7856964763329513, 0.9861673414304992)",1,94.57088841842756,41594
"(0.786508365740383, 1.0)",1,94.5706712005508,41595
"(0.903011683758628, 0.956140350877193)",3,94.57049057420824,41598
"(0.863519546228977, 0.9601502499942144)",1,94.57043803611772,41599
"(0.9032855633136024, 0.9861673414304992)",1,94.57021129164998,41600
"(0.8449978636391381, 1.0)",1,94.57013674585248,41601
"(0.917283950617284, 0.972252530763169)",1,94.57005596111098,41602
"(0.8273694481451597, 0.9524973279746984)",1,94.57000228957314,41603
"(0.9162596992611264, 0.9579305879305878)",1,94.56990084507102,41604
"(0.8810064268049709, 0.9560315719855194)",1,94.569864142002,41605
"(0.8831024654485521, 0.956240913452974)",1,94.56966380971198,41606
"(0.7999088007295942, 0.9766918866148322)",1,94.56964134091764,41607
"(0.8360544217687076, 0.960376642453574)",3,94.56949990887624,41610
"(0.5356353691697385, 0.9736189431913116)",6,94.56932706490598,41616
"(0.9499887474681804, 0.944998624965624)",2,94.569254756181,41618
"(0.9422585572257836, 0.9690968282937898)",4,94.56922690437864,41622
"(0.8451478848040399, 0.9580331374974232)",1,94.56921651269474,41623
"(0.9128205128205128, 0.9468391231269042)",1,94.5690223785624,41624
"(0.8571451992482267, 0.9604782992262008)",3,94.56897134249132,41627
"(0.7157872157872157, 0.954995499549955)",1,94.56894042385696,41628
"(0.9647058823529412, 0.9049337988274818)",2,94.56888563361134,41630
"(1.0, 1.0)",1,94.5687706176926,41631
"(0.7304742252709461, 0.9764666952752286)",1,94.56875683010584,41632
"(0.95749335833724, 0.939878253463263)",1,94.56863476720312,41633
"(0.912531328320802, 0.9540153992631536)",1,94.56858902206932,41634
"(0.6043417366946778, 0.9681034738761426)",1,94.56851810732014,41635
"(0.8261738954323147, 0.9692536019872128)",1,94.56844889426564,41636
"(0.7736869137404373, 0.9690968282937898)",1,94.5682838802974,41637
"(0.7711781618000022, 1.0)",1,94.56826262565946,41638
"(0.6042502004811546, 0.9882048106149588)",1,94.56794211792618,41639
"(0.9497171590194848, 1.0)",1,94.56783625929374,41640
"(0.436582475645901, 0.978377874886682)",4,94.56777833550092,41644
"(0.792575421183231, 0.9516956990542454)",3,94.56768901278268,41647
"(0.9499987499687492, 0.9474970467088774)",1,94.56768392594242,41648
"(0.9645938855657314, 0.939055706563049)",1,94.56767152193052,41649
"(0.8248508603719991, 0.9573389777809668)",2,94.56723730228066,41651
"(0.5356100633781995, 0.9538370349708868)",1,94.56720671244132,41652
"(0.7127034737372042, 0.9599909979745442)",1,94.5671835366296,41653
"(0.5123008671103045, 0.9690968282937898)",3,94.56711765468324,41656
"(0.8586166985951469, 0.9861673414304992)",2,94.56710436573236,41658
"(0.9225446428571428, 0.9749656593406592)",1,94.56675472009802,41659
"(0.8028720724362646, 0.9559144017084672)",3,94.56671729463632,41662
"(0.8723247367948496, 0.9472378863826232)",1,94.56667049535932,41663
"(0.9499887474681804, 0.9474996718729491)",2,94.56632768399344,41665
"(0.8252422194238135, 0.959983993597439)",1,94.5661564660045,41666
"(0.9874762808349148, 0.9958292603453894)",1,94.56602833992685,41667
"(0.946730586052542, 0.9540153992631536)",3,94.565532369193,41670
"(0.8112275321577646, 0.9764666952752286)",1,94.56545821952936,41671
"(0.8799206023655463, 0.9655362609256052)",1,94.56542621687592,41672
"(0.9497171590194846, 1.0)",1,94.5654199005743,41673
"(0.8103667838961957, 0.95)",1,94.56534508841636,41674
"(0.9186426294655792, 0.946492548547343)",1,94.5652234495628,41675
"(0.8460636535055139, 0.9764666952752286)",1,94.56515665308947,41676
"(0.4255117986159442, 0.9534883720930232)",2,94.56502162836664,41678
"(0.8623077787842691, 0.9572437766315318)",3,94.56501189529772,41681
"(0.8016677935542034, 1.0)",1,94.56496327050044,41682
"(0.888425800230205, 0.9702701073967208)",4,94.56493999576315,41686
"(0.8605691443799373, 0.9691818330194464)",1,94.56492006414648,41687
"(0.9165867390570612, 0.9572437766315318)",1,94.56484243518808,41688
"(0.8145048060975228, 0.9779263059241357)",1,94.56478387060008,41689
"(0.9396279975262144, 0.9575913511472004)",1,94.56473381176689,41690
"(0.6622690013906719, 0.9559144017084672)",1,94.5647189971462,41691
"(0.4904033495004767, 0.9764666952752286)",1,94.5646884791726,41692
"(0.8090204369274137, 0.9764666952752286)",1,94.56460668726014,41693
"(0.8438530351707455, 0.9646309224447688)",1,94.56439520499303,41694
"(0.9462256234379848, 0.960851077856154)",3,94.56433008276656,41697
"(0.841184456569072, 0.9499799919967988)",1,94.56419654374248,41698
"(0.8591722063944286, 0.9580331374974232)",2,94.56412368010184,41700
"(0.8933617810760668, 0.9433502169051704)",1,94.5638019174749,41701
"(0.812418383596075, 0.9767441860465116)",1,94.56366778917962,41702
"(0.9388917411828462, 0.9383467201726106)",1,94.56349383064858,41703
"(0.9202657807308968, 0.9539707149009474)",1,94.56348426883972,41704
"(0.9057330122004186, 0.960267350663444)",1,94.56341456607404,41705
"(0.9569233895549684, 0.9574285714285714)",1,94.56341454958432,41706
"(0.944911858974359, 0.95)",2,94.56307382604064,41708
"(0.7002945207922506, 0.9736842105263158)",1,94.5630480249973,41709
"(0.9221452744065148, 0.9524854486686548)",1,94.56300212307956,41710
"(0.8208353559736048, 0.972420634920635)",1,94.56294448953471,41711
"(0.4881960303896903, 0.9650019688607484)",1,94.5629078201324,41712
"(0.6947170805612278, 0.9646309224447688)",1,94.56283878748056,41713
"(0.7852506868131869, 0.9540153992631536)",1,94.56267128484733,41714
"(0.954995499549955, 0.9549988749718742)",3,94.56237770906527,41717
"(0.5685296942699924, 0.978710371142778)",2,94.56233780809576,41719
"(0.8746747225950852, 0.9516956990542454)",3,94.56224934552466,41722
"(0.9233339198521971, 0.9574285714285714)",1,94.56213913712958,41723
"(0.8967975785187935, 0.9499799919967988)",1,94.5620985456001,41724
"(0.8736897274633123, 0.9450323339212228)",1,94.56206024149832,41725
"(0.9537330920118182, 0.9502288074111276)",1,94.5620107196095,41726
"(0.8723247367948496, 0.9516956990542454)",1,94.56189683893182,41727
"(0.8613133624575272, 0.9549898727213622)",1,94.561887326503,41728
"(0.7662347176323114, 0.9472378863826232)",1,94.56184240951488,41729
"(0.8686037591100882, 0.9572437766315318)",1,94.56171872480994,41730
"(0.7190044489213464, 0.960572483841182)",1,94.56166775642164,41731
"(0.9382963205525124, 0.9495014245014244)",1,94.561587305629,41732
"(0.8898894074675324, 0.9572437766315318)",1,94.56152763252558,41733
"(0.7392209336901576, 0.9560315719855194)",4,94.56143253075832,41737
"(0.8459266053144301, 0.9749910873440284)",2,94.56140154350618,41739
"(0.9280076478086086, 0.9540153992631536)",1,94.56116066178764,41740
"(0.5910166282704363, 0.9984833216465048)",1,94.56107281299738,41741
"(0.9299982499562488, 0.95)",1,94.56101728651248,41742
"(0.941687552213868, 0.9501177394034536)",1,94.56095335992865,41743
"(0.95749335833724, 0.9423959526895456)",1,94.56085482008572,41744
"(0.8563094906941128, 0.9560315719855194)",1,94.56078057259772,41745
"(0.7817150682100042, 0.9495014245014244)",1,94.56075864254598,41746
"(0.9288982963016116, 0.9751915907925552)",1,94.5605674249485,41747
"(0.6496041991771884, 0.956240913452974)",1,94.56056333504284,41748
"(0.8390424521630195, 0.9861673414304992)",1,94.5604760535022,41749
"(0.9186426294655792, 0.9609357631051972)",1,94.56044295791536,41750
"(0.9364970967817766, 0.9537330920118182)",1,94.56038011864628,41751
"(0.6825396825396824, 1.0)",1,94.56014603398695,41752
"(0.9248798076923076, 0.9524997031231444)",1,94.5600266977507,41753
"(0.9491452991452992, 0.9641967520703932)",1,94.55977405155464,41754
"(0.9599959995999598, 0.9474917955930616)",2,94.5597367190218,41756
"(0.9067863328609668, 0.9574997343733398)",1,94.5595828767122,41757
"(0.865587044534413, 0.9737445480717845)",1,94.55939712778996,41758
"(0.7611229730509549, 0.9656673832323628)",1,94.55938955575677,41759
"(0.9599959995999598, 0.9574976092405196)",2,94.55935666301254,41761
"(0.9161379295307868, 0.9861673414304992)",1,94.55933693174325,41762
"(0.6466593921207574, 0.9528959415746864)",1,94.55929760098007,41763
"(0.6796326875518447, 0.960376642453574)",3,94.55914679435828,41766
"(0.94291309888229, 0.951437873033098)",1,94.55908377279007,41767
"(1.0, 1.0)",1,94.55897016177626,41768
"(0.9056521696628445, 0.9764666952752286)",1,94.5588763456992,41769
"(0.9153127183787562, 0.9861673414304992)",1,94.55885394001584,41770
"(0.917283950617284, 0.9861673414304992)",1,94.55851797816088,41771
"(0.7121693121693121, 1.0)",1,94.55843781765329,41772
"(0.4066370577143491, 0.9539707149009474)",1,94.5583806476913,41773
"(0.8600428777729004, 0.9474996718729491)",3,94.55830312366398,41776
"(0.842200034135518, 0.9605654571878554)",1,94.55828271893522,41777
"(0.7595184459263826, 0.991826873596228)",2,94.55804280251198,41779
"(0.7434518366201162, 0.9559144017084672)",3,94.55802422315053,41782
"(0.9449779911964784, 0.9449779911964784)",1,94.55792931639876,41783
"(0.9068661074437891, 0.9624978905063408)",2,94.55778972354986,41785
"(0.9575913511472004, 0.9712822597033124)",6,94.55771186445185,41791
"(0.9394971203231468, 0.9540153992631536)",1,94.55767739797416,41792
"(0.6384521701955596, 0.991206314397104)",3,94.5572994576362,41795
"(0.7883698092031425, 0.972045976510262)",1,94.55712724369268,41796
"(0.7205866507277225, 0.964269276237512)",1,94.55711679159984,41797
"(0.9502288074111276, 0.95)",1,94.55699410369668,41798
"(0.9272595017275868, 0.9524997031231444)",3,94.5569537362786,41801
"(0.5272796153610447, 0.9649122807017544)",5,94.55672979278944,41806
"(0.9348370927318296, 0.9524854486686548)",1,94.55666458665286,41807
"(0.8955173107890498, 0.9749910873440284)",1,94.55649479360856,41808
"(0.7931469298245613, 0.9516956990542454)",1,94.55646922400312,41809
"(0.95749335833724, 0.9374119856047568)",1,94.55646895616512,41810
"(0.8517690928240017, 0.9643944553313464)",1,94.55640840206225,41811
"(0.8680947159565582, 0.9734731918335766)",1,94.55634007503404,41812
"(0.7388695158543508, 0.9518108135836668)",1,94.5562384456058,41813
"(0.914452495974235, 0.9574997343733398)",1,94.55618507794742,41814
"(0.8441415402639044, 0.9580331374974232)",1,94.55602837882576,41815
"(0.4737094237094237, 0.9861673414304992)",1,94.55602411163004,41816
"(0.8863054971292138, 0.96)",3,94.55600578620468,41819
"(0.7474747474747474, 0.9643944553313464)",2,94.55587484119503,41821
"(0.6361158710730316, 0.964269276237512)",1,94.55568196863102,41822
"(0.8753086419753084, 0.9861310021084456)",2,94.55566308386904,41824
"(0.6020449077786688, 0.9764666952752286)",1,94.55561426556746,41825
"(0.9599989999749994, 0.9599909979745442)",1,94.55556512447588,41826
"(0.9175786309538356, 0.9289986228605154)",3,94.5553814874846,41829
"(0.8340166019865393, 0.9749910873440284)",1,94.5553284102094,41830
"(0.5389509930878212, 0.9735486410250802)",1,94.55522691647924,41831
"(0.8137861130877186, 0.964269276237512)",1,94.55514158219064,41832
"(0.6796326875518447, 0.9690968282937898)",1,94.5548782144448,41833
"(0.8456659619450317, 0.9764666952752286)",1,94.55481719225116,41834
"(0.8015172217594739, 0.9649122807017544)",1,94.55478385296809,41835
"(0.8449106413122807, 0.964269276237512)",1,94.55429010263472,41836
"(0.8795903283708161, 0.9641028246291404)",1,94.55426361314473,41837
"(0.893939393939394, 0.9474839169495658)",1,94.55420157302972,41838
"(0.8256721348826611, 0.960376642453574)",3,94.5539413519394,41841
"(0.9599959995999598, 0.9574997343733398)",1,94.5537433061654,41842
"(0.7180735022654807, 0.9524759409451032)",1,94.55351290301073,41843
"(0.9462256234379848, 0.960851077856154)",1,94.55348924680465,41844
"(0.7932043650793651, 0.9644491481508056)",1,94.55348769572254,41845
"(0.940074233084456, 0.9571428571428572)",1,94.55347036344052,41846
"(0.9916585206907788, 0.961552316099405)",1,94.55324389144364,41847
"(0.8715701474388204, 0.972045976510262)",2,94.55310171819288,41849
"(0.8876473063973064, 0.9861673414304992)",1,94.55289952973864,41850
"(0.792575421183231, 0.9473684210526316)",1,94.55289389040117,41851
"(0.9235929095176316, 0.9436438561438562)",2,94.55288279429988,41853
"(0.852, 0.9749910873440284)",1,94.55287526207084,41854
"(0.9160323884095494, 0.9571428571428572)",1,94.55281967665331,41855
"(0.8734313112361893, 0.9861673414304992)",1,94.55261256728896,41856
"(0.7687856874160781, 0.9873041598346182)",2,94.5525861450589,41858
"(0.7289193040024178, 0.9824126287942077)",1,94.55236516155551,41859
"(0.8024695068301698, 0.9729726028031112)",2,94.55225708945083,41861
"(0.7868967488760102, 0.9599989999749994)",1,94.55224558843388,41862
"(0.8571777573149418, 0.9524925769651508)",1,94.5521487229144,41863
"(0.9364970967817766, 0.9468391231269042)",1,94.55212924627388,41864
"(0.4845066627893052, 0.9961927960732532)",3,94.55203342727424,41867
"(0.9022759891180944, 0.972045976510262)",1,94.55196675193558,41868
"(0.677066737948855, 0.964269276237512)",1,94.55177132102502,41869
"(0.9221452744065148, 0.955)",1,94.55159349839884,41870
"(0.876112115732369, 0.9432380952380952)",1,94.5515022119794,41871
"(0.5356353691697385, 0.9600251550024655)",1,94.55103029567974,41872
"(0.9064143587480232, 0.9556541264979026)",2,94.55095943952176,41874
"(0.8959020234471636, 0.9472378863826232)",1,94.55095381028944,41875
"(0.8814591883264935, 0.951892755797645)",2,94.5509469469401,41877
"(0.8846362470895226, 0.9572437766315318)",3,94.55082363836644,41880
"(0.9082051469489508, 0.9604782992262008)",1,94.55063349096793,41881
"(0.9350193449813944, 0.9498754528985508)",1,94.55047296002137,41882
"(0.9528533742496432, 0.9642857142857144)",3,94.5503011632686,41885
"(0.6880076348278104, 0.960376642453574)",1,94.55024047705132,41886
"(0.9361428571428572, 0.9463627709416984)",1,94.55005974277692,41887
"(0.9524973279746984, 0.9524925769651508)",1,94.54994252244111,41888
"(0.913060207336523, 0.9495058714870036)",1,94.54961531310452,41889
"(0.912705831903945, 0.9495014245014244)",1,94.54959575524497,41890
"(0.9497439544807966, 0.9574285714285714)",2,94.5495133036728,41892
"(0.9235929095176316, 0.9503333333333333)",1,94.54930097544968,41893
"(0.9628689175769612, 0.9622598627787308)",2,94.54928944927208,41895
"(0.775671600877193, 0.9646309224447688)",2,94.54927621448714,41897
"(0.8560274494853222, 0.9539707149009474)",1,94.54924802148226,41898
"(0.8686559598432304, 0.9764666952752286)",1,94.54913614510455,41899
"(0.7084717607973421, 0.9764666952752286)",1,94.54893400036416,41900
"(0.8885908209437621, 0.9432380952380952)",1,94.54880158533211,41901
"(0.9348370927318296, 0.9474839169495658)",2,94.54874320083636,41903
"(0.6880076348278104, 0.964731521366774)",1,94.54859217438272,41904
"(0.811951754385965, 0.9691818330194464)",1,94.54853761982368,41905
"(0.8275581095807398, 0.9560315719855194)",2,94.54842424902404,41907
"(0.7931486840292131, 0.9366844919786096)",1,94.54834533494176,41908
"(0.8380855812016494, 0.960267350663444)",1,94.54824342214974,41909
"(0.8702889400021048, 0.9357142857142856)",1,94.5480325485089,41910
"(0.774892691053337, 0.960376642453574)",1,94.54783209773971,41911
"(0.7259530953852703, 0.9643944553313464)",1,94.54775986108385,41912
"(0.4740700129954515, 0.9690968282937898)",3,94.54775667284592,41915
"(0.9833229101521784, 1.0)",1,94.5477429925132,41916
"(0.485879976270526, 0.9984878738761844)",3,94.5476859017168,41919
"(0.763830245642582, 0.9709456806575452)",1,94.54759181249791,41920
"(0.8315416458960965, 0.9643944553313464)",1,94.54749908580015,41921
"(0.8885714285714285, 1.0)",1,94.54732184284588,41922
"(0.9298245614035088, 0.9524973279746984)",3,94.54716511763756,41925
"(0.9067863328609668, 0.95749335833724)",2,94.5471389842211,41927
"(0.8686037591100882, 0.9432380952380952)",1,94.54713229028812,41928
"(0.9250895679662802, 0.960851077856154)",1,94.54710071092757,41929
"(0.5116358728799874, 0.9750014063291058)",1,94.54687159852934,41930
"(0.8176857647247633, 0.95749335833724)",1,94.54685429783508,41931
"(0.902192297684101, 0.9861310021084456)",1,94.5466280504058,41932
"(0.8809938281373634, 0.9474970467088774)",1,94.54650119266354,41933
"(0.9227792207792208, 0.9607612022680516)",1,94.54646730051712,41934
"(0.7856964763329513, 0.9861673414304992)",1,94.54645303958998,41935
"(0.949938674876724, 0.949954959463517)",1,94.54639459507578,41936
"(0.686734693877551, 0.9503333333333333)",2,94.54638150701444,41938
"(0.9424967654430562, 0.9524640509385224)",1,94.546313507895,41939
"(0.787221770032878, 0.9574997343733398)",1,94.54628508837772,41940
"(0.9011810599946194, 0.9861673414304992)",1,94.546175444144,41941
"(0.9647058823529412, 0.940930997520722)",6,94.54613559481427,41947
"(0.7805215455557322, 0.9736842105263158)",2,94.5459582319916,41949
"(0.7956953792242888, 0.9599989999749994)",1,94.54589323137004,41950
"(0.8898894074675324, 0.946492548547343)",1,94.54588709080365,41951
"(0.9162596992611264, 0.9861673414304992)",1,94.54583374324038,41952
"(0.8352271364897016, 0.964269276237512)",1,94.54580748755345,41953
"(0.9497171590194848, 1.0)",1,94.54579539655532,41954
"(0.4009727434617732, 0.992461711201362)",3,94.54575243407264,41957
"(0.5361367504335325, 0.9939574902475482)",3,94.54570793081297,41960
"(0.7731997731997731, 0.9574997343733398)",1,94.54566005895232,41961
"(0.9833229101521784, 1.0)",1,94.54564087736529,41962
"(0.7294281157362763, 1.0)",1,94.54563675013856,41963
"(0.8459266053144301, 0.9749910873440284)",2,94.54558442006122,41965
"(0.8224984248811502, 0.95281045751634)",1,94.54550588664488,41966
"(0.8112169414494997, 0.9643944553313464)",1,94.54524012742758,41967
"(0.8831024654485521, 0.942439249991643)",1,94.54511601978837,41968
"(0.9192093318943212, 1.0)",1,94.54508338037311,41969
"(0.6262373285629099, 0.95153153367707)",1,94.54504238678744,41970
"(0.7481666755361609, 0.9764666952752286)",2,94.54476931170797,41972
"(0.8014564052299902, 0.9549988749718742)",1,94.54462277107552,41973
"(0.8318290279074593, 0.9861673414304992)",2,94.54459766128711,41975
"(0.8806608357628766, 0.9572437766315318)",1,94.54457375371103,41976
"(0.9233339198521971, 0.9574285714285714)",1,94.54423554956196,41977
"(0.6415148305084746, 0.9749910873440284)",1,94.54413678022298,41978
"(0.7323163951070927, 0.9528959415746864)",1,94.54397655231426,41979
"(0.7976968565203859, 0.9499987499687492)",1,94.5439585027585,41980
"(0.9153127183787562, 0.9861673414304992)",1,94.5439180002712,41981
"(0.7678405315614618, 0.9764666952752286)",1,94.54386778416526,41982
"(0.7145887100067465, 0.956240913452974)",1,94.54376290625608,41983
"(0.8317601729721721, 0.960267350663444)",1,94.54374287209208,41984
"(0.8315474711586087, 0.9705606370928952)",2,94.54371192848222,41986
"(0.676458026352318, 0.9539707149009474)",1,94.54370575732486,41987
"(0.9047619047619048, 0.9574869803877438)",1,94.54342688476102,41988
"(0.9318857896881138, 0.9332237575973912)",1,94.54339093146794,41989
"(0.875, 0.9747507916611692)",1,94.54332048568097,41990
"(0.3657690738474092, 0.9650076460904662)",1,94.54328496115404,41991
"(0.7615072500907597, 0.9764666952752286)",1,94.54321161692424,41992
"(0.3661516333053486, 0.9988619159967322)",3,94.5431888787227,41995
"(0.8176857647247633, 0.9474917955930616)",1,94.54312863916056,41996
"(0.8467135862913097, 0.9499464285714284)",1,94.54308923205564,41997
"(0.7583018074821354, 0.9574869803877438)",3,94.54299194819768,42000
"(0.9128205128205128, 0.946730586052542)",1,94.54270929987284,42001
"(0.4566269759061861, 0.9973498146227074)",3,94.54251420772194,42004
"(0.9432380952380952, 0.9535144014828052)",2,94.54250091723762,42006
"(0.9599959995999598, 0.9449944994499452)",1,94.54249607207842,42007
"(0.8416827657517105, 0.972045976510262)",1,94.54247853466916,42008
"(0.4468328406505846, 0.9861673414304992)",1,94.54220827413258,42009
"(0.8964397027091824, 0.9571428571428572)",1,94.54219434453157,42010
"(0.9539272400433172, 0.9535144014828052)",1,94.54211208690916,42011
"(0.7392209336901576, 0.9466127311522048)",1,94.54210184674554,42012
"(0.8605691443799373, 0.9779870235853187)",4,94.5420799090668,42016
"(0.865587044534413, 0.9824126287942077)",1,94.54205171731968,42017
"(0.8736212624584717, 0.9643944553313464)",1,94.5419392195764,42018
"(0.9311507936507936, 0.972420634920635)",1,94.54192645423402,42019
"(0.7615072500907597, 0.9643944553313464)",1,94.54160471168004,42020
"(0.727962128872139, 0.9539707149009474)",2,94.54138284711198,42022
"(0.5191994549480496, 0.9734731918335766)",1,94.54137151749228,42023
"(0.7611229730509549, 0.9656673832323628)",1,94.5413095790824,42024
"(0.9429917021753756, 0.9189485013229876)",1,94.54126913735767,42025
"(0.6880076348278104, 0.9516956990542454)",1,94.54124746331574,42026
"(0.9364970967817766, 0.9607612022680516)",2,94.54091692015696,42028
"(0.919542746211962, 0.9432380952380952)",1,94.54068081151284,42029
"(0.935554153726708, 0.9505232430050672)",1,94.54067040612962,42030
"(0.8420013166556946, 0.9665831244778612)",1,94.54059184896302,42031
"(0.4996495707241371, 0.9625018751875188)",1,94.54009897683184,42032
"(0.5655538862765757, 0.9474996718729491)",1,94.54009630095985,42033
"(0.743426756591496, 0.9470972820501607)",2,94.539888494829,42035
"(0.7817150682100042, 0.9495014245014244)",1,94.5398803483077,42036
"(0.8691207517489755, 0.9540153992631536)",1,94.53979220542486,42037
"(0.5695633155937887, 0.9764666952752286)",1,94.53947076735508,42038
"(0.7984443237466936, 0.9556541264979026)",3,94.53943271106628,42041
"(0.6933160650937552, 0.9764666952752286)",1,94.53941130573644,42042
"(0.6865535441227247, 0.9734731918335766)",1,94.53937836581666,42043
"(0.8498641779745659, 0.9449656035021888)",1,94.53919101351777,42044
"(0.9142857142857144, 0.9575913511472004)",1,94.53916347783029,42045
"(0.8906726275147329, 0.9427662613218292)",1,94.53915243315136,42046
"(0.7101858663902063, 0.9539707149009474)",1,94.53908181170831,42047
"(0.8695762175838077, 0.9289986228605154)",1,94.53906366324853,42048
"(0.905854367649002, 0.9540153992631536)",4,94.5389392144159,42052
"(0.9498754528985508, 0.9643698138596096)",1,94.53887874089308,42053
"(0.9833229101521784, 1.0)",1,94.53884412504893,42054
"(0.9388917411828462, 0.95)",1,94.53874707829212,42055
"(0.8268235294117647, 0.9499987499687492)",1,94.53866779340736,42056
"(0.8250850808981499, 0.95749335833724)",1,94.538620634884,42057
"(0.9543883398911862, 0.9834358767945106)",4,94.53821608857488,42061
"(0.7458851447555765, 0.9764666952752286)",1,94.5381288230364,42062
"(0.9599749843652282, 0.955)",1,94.53810778530796,42063
"(0.9014867374005304, 0.9495058714870036)",1,94.53805719428075,42064
"(0.9833040078201368, 0.9916625936787228)",1,94.53797266931306,42065
"(0.8191170968948748, 0.942439249991643)",1,94.53796554704324,42066
"(0.8680947159565582, 0.9690968282937898)",4,94.53788148780906,42070
"(0.8809938281373634, 0.9524973279746984)",1,94.53783500102384,42071
"(0.8493268538892306, 0.9691818330194464)",1,94.53756723687846,42072
"(0.8874735513743797, 0.964269276237512)",1,94.53751705327272,42073
"(0.9243000100356984, 0.9469408453036384)",1,94.53750863589144,42074
"(0.9233879528303708, 0.9516956990542454)",1,94.537468882987,42075
"(0.9422585572257836, 0.9691818330194464)",1,94.53741820020554,42076
"(0.656307097369308, 0.9650450950662368)",2,94.53724832237708,42078
"(0.8214274486132332, 0.9574997343733398)",3,94.5372115724366,42081
"(0.9017715617715616, 0.9861673414304992)",1,94.53713261507444,42082
"(0.7707647794714906, 0.9556541264979026)",1,94.53685226070982,42083
"(0.4066370577143491, 0.9539707149009474)",1,94.53676486689992,42084
"(0.8708656432979902, 0.9574784734771978)",1,94.53671994093926,42085
"(0.4380978837816118, 0.95281045751634)",1,94.53671010826903,42086
"(0.8132775534810647, 0.964269276237512)",1,94.53653985299428,42087
"(0.8123989898989897, 0.9495014245014244)",2,94.53650556711384,42089
"(0.2955962541488857, 0.9646309224447688)",1,94.53644902930944,42090
"(0.908421874225862, 0.9706076283899532)",4,94.53641273243284,42094
"(0.9582210352371644, 0.9874877810361682)",4,94.53627582781154,42098
"(0.8932254623044097, 0.9691818330194464)",1,94.53610348711108,42099
"(0.9501177394034536, 0.9468391231269042)",1,94.53607794328684,42100
"(0.949938674876724, 0.9524997031231444)",3,94.53602020020266,42103
"(0.9429917021753756, 0.957036102484472)",1,94.53601894729373,42104
"(0.8686037591100882, 0.9537330920118182)",1,94.5356638814344,42105
"(0.6423563565219435, 0.969334154098697)",1,94.53564377815538,42106
"(0.798089617146851, 0.9599959995999598)",1,94.5356113616068,42107
"(0.7127034737372042, 0.9599989999749994)",1,94.53556149309873,42108
"(0.7578328648096089, 0.9764666952752286)",1,94.53550599285992,42109
"(0.8176857647247633, 0.9549718574108818)",2,94.5354509209812,42111
"(0.7027263407347917, 0.9691818330194464)",1,94.53544665004746,42112
"(0.8660545355265853, 0.9749910873440284)",1,94.53522759582944,42113
"(0.7574146783449108, 0.9882048106149588)",2,94.53520421164144,42115
"(0.8768488063660478, 0.9749656593406592)",1,94.53508644612424,42116
"(0.6635227905250788, 0.9648252575884156)",1,94.53504837399976,42117
"(0.9468391231269042, 0.9468391231269042)",1,94.53483730729066,42118
"(0.9432380952380952, 0.9469408453036384)",1,94.5347654716071,42119
"(0.7423856773080242, 0.9874957118353344)",1,94.53464599816552,42120
"(0.8472645812528676, 0.960851077856154)",3,94.53460140070668,42123
"(0.828966378966379, 0.9861673414304992)",1,94.5345864121507,42124
"(0.8968435471383478, 0.9432380952380952)",1,94.53458248878202,42125
"(0.950392857142857, 0.9749656593406592)",1,94.53447541306704,42126
"(0.8892914653784219, 0.95)",1,94.53447371000134,42127
"(0.8438719750195159, 0.9323778575051188)",1,94.53446190565352,42128
"(0.5734466317588319, 0.9939084737172048)",2,94.53419514384294,42130
"(0.7773213291613077, 0.9499799919967988)",1,94.5341808891412,42131
"(0.7127034737372042, 0.9574997343733398)",1,94.5340921376085,42132
"(0.8790397045244691, 0.942439249991643)",1,94.53372560621835,42133
"(0.9022759891180944, 0.972045976510262)",2,94.5336988560648,42135
"(0.960851077856154, 0.9716190476190476)",1,94.53367344689372,42136
"(0.8975998588152243, 0.9325254089998868)",1,94.5334678456721,42137
"(0.8171936889795594, 0.9560315719855194)",1,94.53328208386674,42138
"(0.8315259512496974, 0.9690968282937898)",4,94.53319830555655,42142
"(0.9080024622960912, 0.9516956990542454)",1,94.53313826807256,42143
"(0.7127034737372042, 0.96)",1,94.53288354243162,42144
"(0.4293005092235618, 0.974323949179301)",4,94.5327549544749,42148
"(0.9764666952752286, 0.9643944553313464)",2,94.53230246763226,42150
"(0.8326352665776878, 0.9573389777809668)",1,94.53214087193044,42151
"(0.6043417366946778, 0.9609357631051972)",1,94.53213964777564,42152
"(0.8574563460059643, 0.9449325423643964)",1,94.53213733415632,42153
"(0.7785456014174996, 0.9604782992262008)",1,94.5320135315714,42154
"(0.5466837142306626, 0.972045976510262)",1,94.53194948635564,42155
"(0.8399999999999999, 0.9549988749718742)",1,94.5318699327052,42156
"(0.9041196741854636, 0.956140350877193)",1,94.53184967249008,42157
"(0.5070372093557577, 1.0)",1,94.53183176558213,42158
"(0.7709171448706333, 0.9764666952752286)",1,94.53160233670836,42159
"(0.8685023559648746, 0.9495014245014244)",2,94.53150164848644,42161
"(0.9269284534248317, 0.964269276237512)",1,94.53146013431392,42162
"(0.9253777472527472, 0.96196141192326)",1,94.53131556069994,42163
"(0.7727171016497488, 0.9539707149009474)",2,94.53120278148616,42165
"(0.686734693877551, 0.9642857142857144)",3,94.53107309996592,42168
"(0.8275581095807398, 0.9382801623918542)",1,94.53107164724608,42169
"(0.4066370577143491, 0.9539707149009474)",1,94.53104370124964,42170
"(0.9491452991452992, 0.9538331745788698)",1,94.53086605839675,42171
"(0.8050115655679925, 0.9624856008853724)",1,94.53067989921742,42172
"(0.6736022307473716, 0.972045976510262)",2,94.53051185960982,42174
"(0.9003351064851267, 0.9604593619418418)",1,94.5305073596702,42175
"(0.835943054212425, 0.9691818330194464)",1,94.53050094552444,42176
"(0.7829069509514622, 0.9575126626788776)",5,94.53049140607403,42181
"(0.8705155862492784, 0.9716180972328512)",2,94.53043832801065,42183
"(0.9610153569597296, 0.957036102484472)",1,94.5301405733226,42184
"(0.798857609139127, 0.964269276237512)",1,94.52994675756882,42185
"(0.7190044489213464, 0.9649122807017544)",1,94.52986363576672,42186
"(0.8066487122350412, 0.9650450950662368)",1,94.52960670734804,42187
"(0.8932254623044097, 0.9473684210526316)",1,94.5295898675642,42188
"(0.8885472610096672, 0.9619736581501288)",1,94.5294766126217,42189
"(0.8487453548561374, 0.9649122807017544)",1,94.5293648244976,42190
"(0.9499987499687492, 0.9524973279746984)",3,94.5293567062611,42193
"(0.8353823801019199, 0.9425645194066248)",1,94.52925337919186,42194
"(0.8992107069320523, 0.9539272400433172)",2,94.52923584334876,42196
"(0.8796475392220073, 1.0)",1,94.52911939822476,42197
"(0.9643944553313464, 0.9643944553313464)",1,94.52897077964896,42198
"(0.9422394177612392, 0.9498754528985508)",1,94.52809051719188,42199
"(0.919542746211962, 0.9537330920118182)",3,94.52806741401687,42202
"(0.8566261808367072, 0.9601502499942144)",1,94.52798000452177,42203
"(0.8602956786906761, 0.9472378863826232)",1,94.527936980504,42204
"(0.9502288074111276, 0.9787142857142856)",3,94.52784776746527,42207
"(0.8108021513875538, 0.956140350877193)",3,94.52740377262376,42210
"(0.8596618357487924, 0.9722222222222222)",1,94.52730380579048,42211
"(0.9429917021753756, 0.9432380952380952)",1,94.52715836679717,42212
"(0.6378166586499919, 0.9861673414304992)",2,94.52715805243272,42214
"(0.7727171016497488, 0.943189758511236)",1,94.5270237159435,42215
"(0.8898894074675324, 0.9471243233098142)",1,94.52691130646532,42216
"(0.8571451992482267, 0.9560315719855194)",3,94.52681843269474,42219
"(0.960851077856154, 0.9573389777809668)",1,94.52680954423796,42220
"(0.7650091026244196, 0.9692608993981562)",1,94.52674940541,42221
"(0.8372053872053872, 1.0)",1,94.52657176089116,42222
"(0.8148308968977662, 0.972045976510262)",1,94.52656432104548,42223
"(0.9142857142857144, 0.9432380952380952)",1,94.52655203402388,42224
"(0.4143158038414955, 0.9678987029372712)",1,94.52647277944266,42225
"(0.9394971203231468, 0.9610899532226684)",1,94.52644847662168,42226
"(0.8222222222222222, 1.0)",1,94.5264153413035,42227
"(0.8132775534810647, 0.964269276237512)",1,94.52635241161656,42228
"(0.7259530953852703, 0.9643944553313464)",1,94.52628090701668,42229
"(0.9227792207792208, 0.9538331745788698)",1,94.5262659351031,42230
"(0.3702168012422018, 0.9648252575884156)",1,94.52625690694504,42231
"(0.8561103441223091, 0.972045976510262)",1,94.52622218188463,42232
"(0.8584175084175085, 0.972420634920635)",1,94.52596287270288,42233
"(0.9043086298506712, 0.9549988749718742)",1,94.52561224153736,42234
"(0.9399739902831624, 0.9352068830277476)",1,94.52546285580723,42235
"(0.4746244400103808, 0.956140350877193)",1,94.52544443831104,42236
"(0.8380855812016494, 0.956140350877193)",1,94.5251127596681,42237
"(0.8964397027091824, 0.9573389777809668)",1,94.52482516858954,42238
"(0.5529564209234128, 0.964269276237512)",1,94.52456601186287,42239
"(0.4042620013682356, 0.960267350663444)",1,94.52453914885292,42240
"(0.8991833854219174, 0.9524640509385224)",2,94.52451585877246,42242
"(0.808446455505279, 1.0)",1,94.52436084284088,42243
"(0.6395938219147543, 0.9557886530559612)",1,94.52435648102475,42244
"(0.7932043650793651, 0.960851077856154)",3,94.5241612350526,42247
"(0.7707647794714906, 0.9648252575884156)",1,94.52407356701514,42248
"(0.8340166019865393, 0.9749910873440284)",1,94.52379356194712,42249
"(0.9171764705882351, 0.9524925769651508)",1,94.52364326880394,42250
"(0.7577353522053982, 0.96)",4,94.52359951768727,42254
"(0.8314591096968389, 0.9560315719855194)",3,94.52356901321389,42257
"(0.8165509259259259, 1.0)",1,94.52351575750028,42258
"(0.5029557589626239, 0.9648252575884156)",1,94.52349946126309,42259
"(0.8372053872053872, 1.0)",1,94.52336212841035,42260
"(0.7801059423865424, 0.9539707149009474)",1,94.52334944511918,42261
"(0.950392857142857, 0.9749656593406592)",4,94.52334176456588,42265
"(0.930124456440246, 0.972420634920635)",1,94.5231835996577,42266
"(0.9098809643282124, 0.9538331745788698)",1,94.52297627698,42267
"(0.8490208544183524, 0.972281746031746)",1,94.52273613435382,42268
"(0.8717520170461346, 0.9652487672648964)",1,94.52268375610898,42269
"(0.6658312447786132, 0.9449656035021888)",1,94.5226634022552,42270
"(0.843730230395311, 0.9764666952752286)",2,94.52248935591876,42272
"(0.6749447402728794, 0.9861310021084456)",1,94.52242826396812,42273
"(0.8964397027091824, 0.9537330920118182)",2,94.52240971435188,42275
"(0.9793622864590606, 0.9958292603453894)",4,94.52234327350372,42279
"(0.9873444118605408, 0.991777356103732)",4,94.52232651265848,42283
"(0.3907368421052631, 0.940930997520722)",3,94.5220884234113,42286
"(0.6384521701955596, 0.9734731918335766)",1,94.52199566041624,42287
"(0.9129278074866308, 0.9495014245014244)",1,94.52197996168115,42288
"(0.9167853751187084, 1.0)",1,94.52190762733233,42289
"(0.934868107918535, 0.9424996406227538)",1,94.52185251719388,42290
"(0.8734313112361893, 0.9861673414304992)",2,94.52182249991496,42292
"(0.8396854781762315, 0.9424996406227538)",1,94.52180591394308,42293
"(0.7453091184935634, 0.9646309224447688)",1,94.521700087496,42294
"(0.9300655321826798, 0.9692558619740284)",1,94.52166010036164,42295
"(0.859715976511684, 0.964731521366774)",3,94.52138122025193,42298
"(0.914452495974235, 0.932465810816726)",3,94.52134007222192,42301
"(0.4954100367197062, 0.9539707149009474)",1,94.52111885821064,42302
"(0.9047619047619048, 0.9524759409451032)",1,94.52079669448246,42303
"(0.947426067907996, 0.9474917955930616)",1,94.52073150444606,42304
"(0.8120634920634922, 0.954995499549955)",1,94.52065991859538,42305
"(0.8886316872427984, 0.9436368312757202)",1,94.52046307902738,42306
"(0.5708341567310015, 0.9511418561141246)",1,94.52020993140734,42307
"(0.9423959526895456, 0.9549448073890516)",1,94.52020208751864,42308
"(0.8517690928240017, 0.9522870228046522)",1,94.52014585097548,42309
"(0.9499887474681804, 0.9524997031231444)",2,94.52007859383605,42311
"(0.9273360519672512, 0.95749335833724)",1,94.5199888634685,42312
"(0.9348222545262322, 0.960851077856154)",1,94.51987408813184,42313
"(0.9665831244778612, 0.9833229101521784)",1,94.51983439345337,42314
"(0.8013184398461819, 0.9764666952752286)",1,94.51977898155876,42315
"(0.7392209336901576, 0.960376642453574)",6,94.51957238929224,42321
"(0.929787607512726, 0.9424967654430562)",3,94.51954096997488,42324
"(0.9019292060258446, 0.9861673414304992)",1,94.5193860388245,42325
"(0.727962128872139, 0.943189758511236)",1,94.5193498310266,42326
"(0.8498641779745659, 0.9549988749718742)",6,94.51934909242998,42332
"(0.7277677677677677, 1.0)",1,94.5191662266778,42333
"(0.4262114190232983, 0.9524759409451032)",1,94.51902345916506,42334
"(0.8517341550708587, 0.9539707149009474)",1,94.51902135848252,42335
"(0.6635201463842834, 0.9515714518877016)",3,94.51883305714328,42338
"(0.9574285714285714, 0.939055706563049)",1,94.5187976457126,42339
"(0.8633407843934159, 0.9606593486924077)",1,94.51878494965052,42340
"(0.7190044489213464, 0.9649927307623792)",3,94.5186787375024,42343
"(0.5066927083333332, 0.9912501504190636)",1,94.51865026056146,42344
"(0.94484126984127, 0.9861673414304992)",1,94.51864292719046,42345
"(0.861111111111111, 1.0)",1,94.5184881803894,42346
"(0.934868107918535, 0.9524925769651508)",1,94.5183926185857,42347
"(0.8976982097186702, 1.0)",1,94.51838840924076,42348
"(0.9248798076923076, 0.9599959995999598)",1,94.51819935848611,42349
"(0.94999499949995, 0.9424564827150532)",1,94.51807898754812,42350
"(0.8993301094022514, 0.9495014245014244)",1,94.51799113217407,42351
"(0.6432772815188069, 0.972045976510262)",1,94.51787434562289,42352
"(0.7296277808577878, 0.9726351257653078)",1,94.51763860766,42353
"(0.8309403153153152, 0.964731521366774)",1,94.5174271898724,42354
"(0.8275581095807398, 0.9384442007797272)",3,94.51741158859863,42357
"(0.9331531133914452, 0.9690968282937898)",4,94.517332901405,42361
"(0.9299160159815896, 0.9861673414304992)",1,94.51686440180004,42362
"(0.6933160650937552, 0.964269276237512)",1,94.51667141042984,42363
"(0.9524925769651508, 0.9474917955930616)",1,94.5166083389578,42364
"(0.9374119856047568, 0.9574997343733398)",2,94.51641558114116,42366
"(0.8074780204479453, 0.9749910873440284)",1,94.51634089807015,42367
"(0.7612209453612427, 0.9758777250199286)",1,94.51633993522104,42368
"(0.5125574921326554, 1.0)",3,94.5162979545587,42371
"(0.8662655059929975, 0.9563334234338596)",2,94.51629099852268,42373
"(0.8645256232686982, 0.9649927307623792)",1,94.51613989919366,42374
"(0.8898894074675324, 0.9680383516315252)",1,94.51603070092652,42375
"(0.9609357631051972, 0.9498754528985508)",1,94.5159373846659,42376
"(0.917955241105926, 0.9681034738761426)",1,94.51589013114696,42377
"(0.5167206104706105, 0.9733015055466544)",1,94.51577126434135,42378
"(0.6333118819585527, 0.9767441860465116)",1,94.51565971212769,42379
"(0.946730586052542, 0.9505232430050672)",1,94.51557846185088,42380
"(0.893939393939394, 0.9474996718729491)",1,94.51550531179171,42381
"(0.9276343133138456, 0.9665437327385826)",1,94.51549126218956,42382
"(0.8966154156501567, 0.942491014220972)",1,94.51544865726557,42383
"(0.7497774934022918, 0.9539707149009474)",1,94.51521294105429,42384
"(0.8472645812528676, 0.960851077856154)",3,94.51521090136384,42387
"(0.7368760064412239, 0.972252530763169)",1,94.51518665893327,42388
"(0.7606507144313153, 0.9549819927971188)",1,94.51516072315503,42389
"(0.5940885806246884, 0.9604782992262008)",1,94.515089637496,42390
"(0.8285118282046853, 0.9424708758809148)",1,94.5150530030266,42391
"(0.7931486840292131, 0.9495014245014244)",1,94.5149536827638,42392
"(0.7434518366201162, 0.9692608993981562)",1,94.51491705886114,42393
"(0.362211854979326, 0.9729538160899956)",2,94.51485782200452,42395
"(0.8809938281373634, 0.9499799919967988)",1,94.5148456157413,42396
"(0.9916585206907788, 0.840180348645715)",1,94.51483900242204,42397
"(0.7973614008344031, 0.9690968282937898)",3,94.51470819739542,42400
"(0.9599959995999598, 0.9474917955930616)",2,94.51462524058368,42402
"(0.717258275712923, 0.9690968282937898)",4,94.51458413173016,42406
"(0.826908968957639, 0.9601502499942144)",1,94.514536477928,42407
"(0.798089617146851, 0.9599909979745442)",1,94.51453582715524,42408
"(0.9474734084130092, 0.9474734084130092)",1,94.5144742942589,42409
"(0.8580559516200404, 0.9538370349708868)",1,94.51416548114928,42410
"(0.9539272400433172, 0.9536268754076972)",3,94.51390636796216,42413
"(0.8894752290768013, 0.9498754528985508)",1,94.51385873074324,42414
"(0.3300110741971206, 0.942217624820578)",1,94.5137264419404,42415
"(0.8340166019865393, 0.9749910873440284)",1,94.5137211494528,42416
"(0.8099604803972105, 0.9559144017084672)",1,94.51356772236905,42417
"(0.9223799456357596, 0.9764666952752286)",1,94.51351785764254,42418
"(0.5389509930878212, 0.9779870235853187)",4,94.513364519468,42422
"(0.9350193449813944, 0.9537330920118182)",1,94.51333844683865,42423
"(0.8258470464352816, 0.9535144014828052)",1,94.5131589531738,42424
"(0.9326628892940788, 0.946730586052542)",1,94.51314658267096,42425
"(0.4736801046915894, 0.9749857662155652)",1,94.5130719689536,42426
"(0.8458949964763919, 0.9656673832323628)",1,94.51291688032364,42427
"(0.8885472610096672, 0.9619736581501288)",1,94.5128473589848,42428
"(0.9029281534808432, 0.972045976510262)",1,94.51277060213214,42429
"(0.9165867390570612, 0.957036102484472)",2,94.51274439739947,42431
"(0.9146901709401708, 0.972281746031746)",1,94.51273839923614,42432
"(0.9569233895549684, 0.9574285714285714)",1,94.5127360536016,42433
"(0.949954959463517, 0.9474996718729491)",1,94.5126882570484,42434
"(0.8528265107212476, 0.964731521366774)",3,94.51265170869428,42437
"(0.8774931089873806, 0.9524997031231444)",1,94.512560618049,42438
"(0.9432380952380952, 0.946730586052542)",1,94.51231612403244,42439
"(0.8702889400021048, 0.9609357631051972)",1,94.51222214506052,42440
"(0.8474214220323468, 0.9624978905063408)",2,94.51209460043845,42442
"(0.8885472610096672, 0.96196141192326)",1,94.51197739931318,42443
"(0.7845149314277182, 0.9574869803877438)",1,94.51175866051376,42444
"(0.8688607891739799, 0.9495014245014244)",1,94.51172429875346,42445
"(0.912705831903945, 0.9495014245014244)",1,94.51139130659756,42446
"(0.970619176311776, 0.987491854024112)",2,94.5113707274616,42448
"(0.8594059903090558, 0.9474917955930616)",1,94.51129883435438,42449
"(0.8525073746312686, 0.9398496240601504)",1,94.51122416316328,42450
"(0.8715701474388204, 0.972281746031746)",1,94.5111470962966,42451
"(0.8518774267621343, 0.9764666952752286)",1,94.51080272745024,42452
"(0.6422933443905585, 0.9560315719855194)",2,94.51071041278485,42454
"(0.9111482937118004, 0.9662159077425988)",4,94.51071040827932,42458
"(0.8933617810760668, 0.939866291344124)",1,94.51061164594894,42459
"(0.5032117384111402, 0.9762495174507018)",1,94.5105253917808,42460
"(0.5139020215681815, 0.9767441860465116)",1,94.51041809523646,42461
"(0.549813159936279, 0.9404764605785594)",1,94.51036894235286,42462
"(0.8656512412692597, 0.9767441860465116)",1,94.51035401170788,42463
"(0.8060399169850845, 0.9499687304565354)",1,94.5102376296974,42464
"(0.8517341550708587, 0.9539707149009474)",1,94.51011771835856,42465
"(0.8534255683423739, 0.9779870235853187)",1,94.5101100451063,42466
"(0.6747507742934573, 1.0)",1,94.510090655416,42467
"(0.6395938219147543, 0.9690968282937898)",1,94.50988488253994,42468
"(0.979051756240299, 0.9916339869281046)",4,94.509806395154,42472
"(0.9466127311522048, 0.9646309224447688)",1,94.50978683989231,42473
"(0.8688607891739799, 0.9495014245014244)",1,94.50976083596343,42474
"(0.7923306301473605, 0.9643944553313464)",1,94.50974859106284,42475
"(0.891143553556146, 0.9470972820501607)",3,94.50968040741849,42478
"(0.8165509259259259, 1.0)",2,94.50963482023154,42480
"(0.896709179656747, 0.9474602668267876)",1,94.50958882906632,42481
"(0.7116720400513747, 0.9549718574108818)",1,94.50944439186722,42482
"(0.9348222545262322, 0.9610153569597296)",1,94.50942498564228,42483
"(0.9469408453036384, 0.9469408453036384)",1,94.50939913138572,42484
"(0.8514626506510005, 0.960851077856154)",3,94.509387911474,42487
"(0.839627810315511, 0.9572437766315318)",3,94.50927558998804,42490
"(0.7548199009255377, 0.9706046759491748)",1,94.50922999144004,42491
"(0.7864381427049374, 0.9733108016723372)",1,94.50919503980492,42492
"(0.835848883169409, 0.9522870228046522)",1,94.50916755734237,42493
"(0.8796475392220073, 1.0)",1,94.50913410249154,42494
"(0.7179586898280182, 0.9690968282937898)",3,94.50911943349304,42497
"(0.9002005347593582, 0.9495014245014244)",2,94.50906150870016,42499
"(0.864057359093178, 0.9648479176596928)",4,94.50896032526676,42503
"(0.9535144014828052, 0.9607612022680516)",1,94.50866587895707,42504
"(0.7604228876645498, 0.9495014245014244)",1,94.50838094310495,42505
"(0.934868107918535, 0.942491014220972)",1,94.50808375984882,42506
"(0.7330708089143778, 0.9499987499687492)",1,94.50797165446944,42507
"(0.9599989999749994, 0.95)",2,94.507967212744,42509
"(0.8558852999963277, 0.9764666952752286)",1,94.50788901425972,42510
"(0.8352271364897016, 0.964269276237512)",1,94.50762472185588,42511
"(0.7931469298245613, 0.9648252575884156)",6,94.50757625532626,42517
"(0.8380855812016494, 0.9690968282937898)",1,94.50753437514922,42518
"(0.934868107918535, 0.9574976092405196)",3,94.50722415715693,42521
"(0.8047323751083839, 0.9749910873440284)",1,94.50709386842928,42522
"(0.9017623122369548, 0.9536268754076972)",1,94.50700200931924,42523
"(0.8330958052404215, 0.9495014245014244)",1,94.50698863055425,42524
"(0.9524854486686548, 0.95)",3,94.50659908203964,42527
"(0.8771934243211048, 0.960851077856154)",6,94.50659759133848,42533
"(0.9147108205622834, 0.9690057499955)",1,94.50657397055944,42534
"(0.7374768177381903, 0.9823657606833868)",1,94.50655486244594,42535
"(0.9398496240601504, 0.9524854486686548)",1,94.50615212301744,42536
"(0.7013568257681949, 0.9909458093405612)",1,94.50612176762868,42537
"(0.9609357631051972, 0.9381466410380824)",1,94.506115433287,42538
"(0.6983464132286942, 0.9650450950662368)",1,94.5060258721814,42539
"(0.9030683555945836, 0.9712831446532636)",2,94.50600180966396,42541
"(0.9080024622960912, 0.9473684210526316)",3,94.50592803012388,42544
"(0.5029069767441862, 0.9650450950662368)",1,94.50562327611053,42545
"(0.8899966931216932, 0.972045976510262)",1,94.50559764371889,42546
"(0.2573753482290067, 0.9973390598305516)",2,94.50551584835291,42548
"(0.7497774934022918, 0.9656673832323628)",1,94.50546551067384,42549
"(0.9388917411828462, 0.960851077856154)",5,94.50540264418144,42554
"(0.9503333333333333, 0.940252835745034)",1,94.50511193296704,42555
"(0.4276312823980166, 0.940930997520722)",6,94.50502048320436,42561
"(0.7280701754385965, 0.9824126287942077)",1,94.50490552139874,42562
"(0.9680383516315252, 0.9610153569597296)",1,94.50470935876596,42563
"(0.9298245614035088, 0.9524854486686548)",1,94.50461953687864,42564
"(0.9459285785969274, 0.960666032023912)",1,94.50445319007844,42565
"(0.7259530953852703, 0.9643944553313464)",1,94.50432560213088,42566
"(0.9069410647702764, 0.94999499949995)",2,94.50408855677176,42568
"(0.5695633155937887, 0.9538370349708868)",1,94.50400288775948,42569
"(0.8428938985542759, 0.9495014245014244)",1,94.50399917169156,42570
"(0.9524640509385224, 0.939903846153846)",3,94.50396474876788,42573
"(0.9045708198051948, 0.9536268754076972)",1,94.50381486186916,42574
"(0.8436532894080064, 0.9440529448756316)",2,94.50378243173904,42576
"(0.7829069509514622, 0.950431439792024)",1,94.50364056583491,42577
"(0.8228213769860375, 0.95)",1,94.50351728005526,42578
"(0.816099178371682, 0.9690968282937898)",3,94.50331683676552,42581
"(0.924772436620778, 0.94999499949995)",1,94.50299040377666,42582
"(0.9160323884095494, 0.9536268754076972)",1,94.50265759235369,42583
"(0.9497439544807966, 0.9680383516315252)",1,94.50261025673538,42584
"(0.863869697334692, 0.9648252575884156)",1,94.50259454889296,42585
"(0.9017715617715616, 0.9861673414304992)",1,94.50259147864212,42586
"(0.8571777573149418, 0.9524973279746984)",1,94.502391725067,42587
"(0.9137091172501388, 0.9495014245014244)",1,94.5021852713643,42588
"(0.8560274494853222, 0.9539707149009474)",1,94.50212698278509,42589
"(0.939866291344124, 0.9536268754076972)",1,94.50211708003305,42590
"(0.7049247335867055, 0.9495014245014244)",1,94.50211082251654,42591
"(0.8701817267182292, 0.9736189431913116)",1,94.50208723510576,42592
"(0.916934636368785, 0.9474734084130092)",1,94.50205223052566,42593
"(0.8250850808981499, 0.9374964841772352)",1,94.50198218988577,42594
"(0.8268235294117647, 0.9524925769651508)",1,94.5018457129889,42595
"(0.9049688873143666, 0.9779870235853187)",4,94.50183215329984,42599
"(0.8782467532467533, 0.9449944994499452)",1,94.50182523265138,42600
"(0.924772436620778, 0.9549819927971188)",1,94.5017479146222,42601
"(0.4276312823980166, 0.940930997520722)",3,94.50165796341896,42604
"(0.798857609139127, 0.964269276237512)",1,94.50156026402664,42605
"(0.8467785183482723, 0.94999499949995)",1,94.50154260142229,42606
"(0.8993301094022514, 0.9495014245014244)",1,94.50150496828162,42607
"(0.8860455063826657, 0.9861673414304992)",1,94.50147872368504,42608
"(0.9153439153439156, 0.9833229101521784)",1,94.50147254344807,42609
"(0.8619023359137593, 0.9735486410250802)",1,94.50141877868292,42610
"(0.8846362470895226, 0.9572437766315318)",1,94.50140167944797,42611
"(0.6020449077786688, 0.9764666952752286)",1,94.50132226608214,42612
"(0.911234030893585, 0.9493061979648474)",1,94.50114733290587,42613
"(0.9431186370412892, 0.9572437766315318)",1,94.50089572347004,42614
"(0.8219317364145453, 0.942439249991643)",1,94.5006675856265,42615
"(0.9280076478086086, 0.9397510062104916)",1,94.50062402408707,42616
"(0.6432772815188069, 0.972045976510262)",1,94.50060381275588,42617
"(0.8333192389006343, 0.9766918866148322)",1,94.50054893946344,42618
"(0.843845350684385, 0.946730586052542)",1,94.50044383720238,42619
"(0.9111482937118004, 0.9655362609256052)",1,94.50025150580645,42620
"(0.8455917807202996, 0.9764666952752286)",1,94.50024341304774,42621
"(0.8843308668496638, 0.9366844919786096)",1,94.50018260006075,42622
"(0.7602379596828609, 0.94985853432282)",1,94.49997524311284,42623
"(0.8932254623044097, 0.9736842105263158)",1,94.49984535163476,42624
"(0.7931486840292131, 0.9495014245014244)",2,94.49966741430052,42626
"(0.9335837499903572, 0.9736189431913116)",1,94.49958424018106,42627
"(0.735358791776077, 0.992270286570732)",2,94.4994915079456,42629
"(0.9502288074111276, 0.9645238095238096)",1,94.49938827871112,42630
"(0.9574285714285714, 0.9681034738761426)",1,94.4993782881283,42631
"(0.876112115732369, 0.9536268754076972)",1,94.4993655528526,42632
"(0.8992107069320523, 0.9540153992631536)",2,94.4991452409399,42634
"(0.84470156948104, 0.9269606362629618)",1,94.49911427936854,42635
"(0.4566269759061861, 0.9965960223472146)",2,94.49898605965193,42637
"(0.8806608357628766, 0.9425645194066248)",1,94.498910194754,42638
"(0.954995499549955, 0.9474996718729491)",1,94.49886280949264,42639
"(0.9498754528985508, 0.9572437766315318)",1,94.49876913123778,42640
"(0.8334750774705025, 0.9650450950662368)",1,94.49869822939004,42641
"(0.954995499549955, 0.9449876222149984)",1,94.4984460968758,42642
"(0.8600428777729004, 0.9624978905063408)",1,94.49835827407128,42643
"(0.937386905097332, 0.9474970467088774)",1,94.49818008462258,42644
"(0.8285118282046853, 0.954995499549955)",1,94.4977913770183,42645
"(0.9096837488457986, 0.9690968282937898)",1,94.49773565875984,42646
"(0.9156086605607608, 0.9736189431913116)",2,94.49757283798226,42648
"(0.727962128872139, 0.9539707149009474)",1,94.49749229596055,42649
"(0.9043086298506712, 0.9499987499687492)",1,94.49745873012704,42650
"(0.8992107069320523, 0.9540153992631536)",1,94.49742610246692,42651
"(1.0, 1.0)",1,94.49741635385833,42652
"(0.8992107069320523, 0.9540153992631536)",1,94.497335871936,42653
"(0.7453310696095076, 0.9499799919967988)",1,94.49730580904482,42654
"(0.7711662053941748, 0.9736842105263158)",1,94.49724117959596,42655
"(0.9583930063253372, 1.0)",2,94.49722624001676,42657
"(0.9349202773397411, 0.9499987499687492)",1,94.49707025681502,42658
"(0.7976364522417154, 0.960376642453574)",1,94.49667128205424,42659
"(0.8795247311963099, 0.9610153569597296)",3,94.49638166325003,42662
"(0.9186426294655792, 0.9572437766315318)",1,94.4959531918648,42663
"(0.7600022352306796, 0.960267350663444)",3,94.49592561791164,42666
"(0.8829656107481818, 0.969334154098697)",1,94.4959219413018,42667
"(0.9666562434855118, 1.0)",1,94.49589700141355,42668
"(0.8894752290768013, 0.9572437766315318)",1,94.49588486007968,42669
"(0.8968435471383478, 0.9505232430050672)",6,94.4958482583491,42675
"(0.8961453813745834, 0.9560315719855194)",3,94.4958151779326,42678
"(0.8745694076353437, 0.956140350877193)",1,94.49564386251056,42679
"(0.3300110741971206, 0.9538370349708868)",1,94.4956292322262,42680
"(0.8771934243211048, 0.9536268754076972)",1,94.49550548266474,42681
"(0.6784722222222224, 1.0)",2,94.49540213731076,42683
"(0.8098502304147466, 0.9749910873440284)",1,94.49521178583512,42684
"(0.9379369827374928, 0.9678176625650188)",1,94.49512894882544,42685
"(0.9388917411828462, 0.9317025342631812)",1,94.49506246876948,42686
"(0.915887675849288, 0.9652021347574078)",4,94.49495484345128,42690
"(0.8360544217687076, 0.9384442007797272)",1,94.49469179201382,42691
"(0.8660545355265853, 0.9749910873440284)",1,94.49464090577048,42692
"(0.8074780204479453, 0.9622598627787308)",2,94.49449913208372,42694
"(0.8571777573149418, 0.9524973279746984)",3,94.49436334141473,42697
"(0.90903917799718, 0.9313065637065638)",1,94.49430548171348,42698
"(0.8465473145780051, 0.9499687304565354)",1,94.49413201492035,42699
"(0.7050663794439956, 0.940930997520722)",1,94.49404976901523,42700
"(0.9469408453036384, 0.9469408453036384)",1,94.49365833948966,42701
"(0.943455134862934, 0.95)",1,94.4935644590497,42702
"(0.5069956513518623, 0.9650450950662368)",1,94.49334904954596,42703
"(0.9323791344788114, 0.9468391231269042)",1,94.4931432608296,42704
"(0.9503333333333333, 0.943455134862934)",1,94.49301590840766,42705
"(0.8303529411764705, 0.9289986228605154)",1,94.49300280476766,42706
"(0.7773213291613077, 0.9524331090596152)",1,94.49297118498916,42707
"(0.826804915514593, 0.9573389777809668)",2,94.4929014929902,42709
"(0.8992107069320523, 0.9540153992631536)",1,94.49282728499432,42710
"(0.785056584180393, 0.9699289213219936)",1,94.49271514839768,42711
"(0.9392111404005912, 0.9645238095238096)",1,94.49271385915664,42712
"(0.864057359093178, 0.9702681527836212)",1,94.4926813892644,42713
"(0.9162596992611264, 0.972281746031746)",2,94.49259088886366,42715
"(0.8547539417104635, 0.9399624765478424)",1,94.49258250132516,42716
"(0.9677353740627908, 0.9491452991452992)",2,94.49221119877168,42718
"(0.8796475392220073, 1.0)",1,94.4921648057803,42719
"(0.9568045886851652, 0.9536268754076972)",1,94.49203794384186,42720
"(0.9471243233098142, 0.9607612022680516)",1,94.4918625340554,42721
"(0.9916585206907788, 0.7363535454284978)",1,94.49169931698736,42722
"(0.9309563801089225, 0.972281746031746)",1,94.4916418620324,42723
"(0.8040583964010628, 0.9515714518877016)",1,94.49154991514052,42724
"(0.8791645439245395, 0.9735486410250802)",3,94.49137848864842,42727
"(0.7344310184570442, 0.9574997343733398)",2,94.49133618735492,42729
"(0.9468391231269042, 0.9433502169051704)",1,94.49131844760484,42730
"(0.8874191651969431, 0.9861673414304992)",2,94.49130146315764,42732
"(0.8422693146507633, 0.960376642453574)",2,94.49118890878084,42734
"(0.7180735022654807, 0.9524997031231444)",1,94.49108847510044,42735
"(0.9382963205525124, 0.9495014245014244)",2,94.49103632790218,42737
"(0.8915010570824524, 0.9388945062352544)",1,94.4910307693193,42738
"(0.937386905097332, 0.9549988749718742)",1,94.49097861780233,42739
"(0.874450386215092, 0.972281746031746)",1,94.49083461122164,42740
"(0.94291309888229, 0.9780958243562125)",2,94.4908093819401,42742
"(0.6933160650937552, 0.9764666952752286)",1,94.49067356522168,42743
"(0.7453310696095076, 0.9499799919967988)",1,94.4905138012297,42744
"(0.9499987499687492, 0.942491014220972)",1,94.4904839781816,42745
"(0.8715701474388204, 0.972281746031746)",1,94.4903479218712,42746
"(0.8131546784916719, 0.9499198717948718)",1,94.49032902089604,42747
"(0.5297912526658138, 0.9692608993981562)",1,94.4903115151329,42748
"(0.3907368421052631, 0.9289986228605154)",1,94.49025599074498,42749
"(0.4232341065158651, 0.974322600856294)",4,94.4901703129163,42753
"(0.7417636540805025, 0.9931910769634832)",2,94.49005861692768,42755
"(0.9282056492582808, 0.9537330920118182)",4,94.49005556312392,42759
"(0.6700473292765382, 0.9549988749718742)",1,94.48998742656065,42760
"(0.8596618357487924, 0.972045976510262)",2,94.4896204674728,42762
"(0.8566002609393818, 0.9491363636363636)",1,94.48952593910496,42763
"(0.7152545882840207, 0.9599909979745442)",2,94.48948412580155,42765
"(0.9549819927971188, 0.9549898727213622)",4,94.48937111929006,42769
"(0.8843308668496638, 0.9495014245014244)",2,94.48936534903947,42771
"(0.95749335833724, 0.9474444882407044)",3,94.48929033650184,42774
"(0.9835199925522506, 0.9916585206907788)",3,94.48917272761992,42777
"(0.7761555341771514, 0.9524973279746984)",1,94.48914757292464,42778
"(0.7801059423865424, 0.9539707149009474)",1,94.4891397946951,42779
"(0.9430491433261516, 0.9601502499942144)",1,94.48893721197916,42780
"(0.861111111111111, 1.0)",1,94.48886264156772,42781
"(0.9287396277192196, 0.9574285714285714)",1,94.48870317833192,42782
"(0.6544644252235129, 1.0)",1,94.4886505938032,42783
"(0.829147429978455, 0.9470972820501607)",2,94.48851714243249,42785
"(0.785056584180393, 0.9699293469984828)",1,94.48845728047544,42786
"(0.7923306301473605, 0.9522870228046522)",1,94.4883308268708,42787
"(0.9449656035021888, 0.9474917955930616)",1,94.48825114106872,42788
"(0.8317215137803373, 0.9491363636363636)",1,94.48808728196768,42789
"(0.8745694076353437, 0.9604782992262008)",1,94.48808503313133,42790
"(0.7213157894736841, 0.9495014245014244)",1,94.48791679963507,42791
"(0.937386905097332, 0.95)",2,94.48787607637752,42793
"(0.9624885121068328, 0.95749335833724)",1,94.48774471885535,42794
"(0.8201767124753505, 0.9518108135836668)",1,94.4877259617632,42795
"(0.9165867390570612, 0.9607612022680516)",1,94.48769558921748,42796
"(0.8074780204479453, 0.9749910873440284)",2,94.48765651996318,42798
"(0.8229870141950848, 1.0)",1,94.48757140508846,42799
"(0.5536430525672695, 0.9764666952752286)",1,94.48755586160912,42800
"(0.9080024622960912, 0.9470972820501607)",2,94.48748583221833,42802
"(0.8174207783595256, 0.9767441860465116)",1,94.48748064033482,42803
"(0.829147429978455, 0.9382801623918542)",1,94.48739863608542,42804
"(0.8428883536673643, 0.9735486410250802)",1,94.4867312416572,42805
"(0.8756569714184869, 0.9505232430050672)",1,94.4866218473222,42806
"(0.9280076478086086, 0.9540153992631536)",1,94.48654503136304,42807
"(0.9, 1.0)",1,94.48639749347568,42808
"(0.642393019586002, 0.9690968282937898)",6,94.48634174973355,42814
"(0.8525073746312686, 0.949938674876724)",1,94.48625944470209,42815
"(0.949954959463517, 0.9499987499687492)",1,94.48622930156012,42816
"(0.944911858974359, 0.9474996718729491)",1,94.4861668195674,42817
"(0.8898894074675324, 0.9469408453036384)",1,94.48605338112468,42818
"(0.5260523119760656, 0.9524854486686548)",1,94.48596010046238,42819
"(0.7639004270430678, 0.9682409813825046)",1,94.48595869322328,42820
"(0.8864121608239255, 0.9495014245014244)",1,94.48591974401369,42821
"(0.5168441409023035, 0.9289986228605154)",1,94.4856862904635,42822
"(0.8326352665776878, 0.9537330920118182)",1,94.48528452804422,42823
"(0.9497171590194848, 1.0)",1,94.48521494976043,42824
"(0.9093334120185448, 0.9503333333333333)",1,94.48496923119832,42825
"(0.8453642237906118, 0.9535144014828052)",1,94.48466236345936,42826
"(0.7497774934022918, 0.9539707149009474)",1,94.48462039380196,42827
"(0.9153127183787562, 0.972420634920635)",1,94.48441377034274,42828
"(0.9664171122994653, 0.9535017023198908)",2,94.48428411160964,42830
"(0.6432772815188069, 0.972045976510262)",2,94.4842614248182,42832
"(0.415530332080681, 0.9289986228605154)",1,94.48417026546323,42833
"(0.8453642237906118, 0.960851077856154)",1,94.48414631669978,42834
"(0.7736869137404373, 0.960267350663444)",1,94.4839685891146,42835
"(0.4717425431711146, 0.9691818330194464)",1,94.48390271934336,42836
"(0.7127034737372042, 0.9599989999749994)",1,94.48384647835228,42837
"(0.6004570202950361, 0.9487348633186388)",1,94.483813396166,42838
"(0.95749335833724, 0.9574997343733398)",2,94.4837286700071,42840
"(0.8766640111271459, 0.9572437766315318)",1,94.4837140606819,42841
"(0.9000617225831424, 0.9833229101521784)",1,94.48334294884384,42842
"(0.9474444882407044, 0.9524854486686548)",1,94.48322977781432,42843
"(0.7497774934022918, 0.9539707149009474)",2,94.4831451439518,42845
"(0.8396854781762315, 0.9524973279746984)",1,94.48314153244792,42846
"(0.7707647794714906, 0.9691818330194464)",1,94.48279457698706,42847
"(0.9432380952380952, 0.9469408453036384)",1,94.4827913061129,42848
"(0.9712822597033124, 0.9575126626788776)",1,94.48274620400092,42849
"(0.6736022307473716, 0.9861673414304992)",1,94.4827338534853,42850
"(0.5210456423879579, 0.9737414228963523)",1,94.48272888830364,42851
"(0.972281746031746, 0.972420634920635)",1,94.48272458240363,42852
"(0.9014293255242536, 0.9574285714285714)",1,94.4826411572851,42853
"(0.8248508603719991, 0.960851077856154)",1,94.48262748201742,42854
"(0.888945374800638, 0.9749656593406592)",1,94.4825886108413,42855
"(0.6947170805612278, 0.9690968282937898)",1,94.48249550638792,42856
"(0.8729557812660307, 0.9601502499942144)",2,94.48242386555746,42858
"(0.6415148305084746, 0.9749910873440284)",1,94.48235255321636,42859
"(0.8523797616070684, 0.964269276237512)",1,94.48226582732998,42860
"(0.8103292776312431, 0.9574285714285714)",1,94.4819809270712,42861
"(0.8829656107481818, 0.9736189431913116)",2,94.48194915836356,42863
"(0.6702803520428978, 0.955510609293504)",1,94.48193448354996,42864
"(0.8868202139097957, 0.9474996718729491)",3,94.48189942461138,42867
"(0.874450386215092, 0.972045976510262)",1,94.48156076988016,42868
"(0.8275581095807398, 0.94291309888229)",3,94.48149397600676,42871
"(0.911911525974026, 0.9537330920118182)",3,94.48139170680778,42874
"(0.9160323884095494, 0.9572437766315318)",1,94.48136490157222,42875
"(0.7956953792242888, 0.9599989999749994)",1,94.48088981640272,42876
"(0.9748524098350704, 0.957222216898055)",1,94.48079587098798,42877
"(0.905854367649002, 0.9540153992631536)",1,94.4806594325279,42878
"(0.8685314685314685, 0.9764666952752286)",2,94.4805880538218,42880
"(0.9499887474681804, 0.9524997031231444)",1,94.4805332770628,42881
"(0.8178923727890101, 0.9736842105263158)",1,94.4804607375403,42882
"(0.9502288074111276, 0.9501177394034536)",2,94.48034000538183,42884
"(0.8308201058201059, 0.972420634920635)",1,94.4802962576822,42885
"(0.786508365740383, 0.9882048106149588)",1,94.48020413305323,42886
"(0.888194940411122, 0.9470972820501607)",3,94.48018114771814,42889
"(0.5260523119760656, 0.9524973279746984)",1,94.48016483807696,42890
"(0.682074987159733, 0.9538370349708868)",1,94.48015140468031,42891
"(0.8191170968948748, 0.9690968282937898)",3,94.47985549907078,42894
"(0.7372334455667788, 1.0)",1,94.47958183417852,42895
"(0.9399759903961584, 0.9474602668267876)",1,94.47949968845596,42896
"(0.844988344988345, 1.0)",1,94.4794439675918,42897
"(0.9310483384791604, 0.972252530763169)",1,94.47940097914535,42898
"(0.812231932146279, 0.9524925769651508)",1,94.47938934362662,42899
"(0.9876221896383188, 0.9097632337220872)",1,94.47938342327808,42900
"(0.8506653943511476, 0.9646309224447688)",1,94.47930656138392,42901
"(0.9145191703331238, 0.9449504554098688)",1,94.47911537177752,42902
"(0.9064143587480232, 0.9736842105263158)",1,94.47896343380832,42903
"(0.8587195484254307, 0.972045976510262)",1,94.47893059941838,42904
"(0.7956953792242888, 0.9599989999749994)",1,94.47889017608944,42905
"(0.8702889400021048, 0.9645938855657314)",1,94.47885362056688,42906
"(0.8417410714285716, 0.9874957118353344)",1,94.47866230133994,42907
"(0.937386905097332, 0.9574997343733398)",3,94.4785746704924,42910
"(0.7930780217019975, 0.9736189431913116)",1,94.47822178914365,42911
"(0.8968435471383478, 0.943455134862934)",2,94.47805179520536,42913
"(0.950431439792024, 0.946730586052542)",1,94.47803302833108,42914
"(0.8108021513875538, 0.960267350663444)",3,94.47784132922618,42917
"(0.8970308467957129, 0.9474996718729491)",1,94.47780581982072,42918
"(0.9348370927318296, 0.9524925769651508)",1,94.47780135778753,42919
"(0.95, 0.9502288074111276)",1,94.47769597886683,42920
"(0.8613133624575272, 0.9599989999749994)",1,94.47764967883025,42921
"(0.8860074211502783, 0.9503333333333333)",1,94.47758363417532,42922
"(0.4990703502943405, 0.9539707149009474)",1,94.477527159532,42923
"(0.8975998588152243, 0.9540153992631536)",1,94.47748434403628,42924
"(0.9449325423643964, 0.9449944994499452)",1,94.47747940840914,42925
"(0.8131546784916719, 0.95749335833724)",1,94.4772736318278,42926
"(0.8340666247642992, 0.9549819927971188)",1,94.47716328994316,42927
"(0.9014293255242536, 0.9397510062104916)",1,94.47702562781215,42928
"(0.946730586052542, 0.9575126626788776)",3,94.47697209563049,42931
"(0.8892914653784219, 0.9524854486686548)",1,94.47676421134372,42932
"(0.8930530569999261, 0.8936757955372995)",1,94.4767151393618,42933
"(0.7167218248460909, 0.9560315719855194)",1,94.47653986197248,42934
"(0.9599959995999598, 0.9499987499687492)",3,94.47645370303668,42937
"(0.8756569714184869, 0.9538331745788698)",1,94.47637512375783,42938
"(0.8796475392220073, 1.0)",1,94.47600626127556,42939
"(0.9020800849800285, 0.9468391231269042)",1,94.47592472700929,42940
"(0.5224438914023056, 0.9539707149009474)",1,94.47586980673996,42941
"(0.8860074211502783, 0.9471243233098142)",1,94.47581581768743,42942
"(0.9399739902831624, 0.9573389777809668)",1,94.47573844414934,42943
"(0.7049247335867055, 0.9495014245014244)",1,94.47573577988508,42944
"(0.6886904761904762, 1.0)",2,94.4757032091734,42946
"(0.8513842746400886, 0.9767441860465116)",2,94.47567007891558,42948
"(0.8959183051538302, 0.9690968282937898)",3,94.47553445217784,42951
"(0.8402876991030895, 0.9650450950662368)",1,94.475407029132,42952
"(0.874047619047619, 0.972045976510262)",1,94.47539429411572,42953
"(0.950431439792024, 0.9498754528985508)",2,94.47532888052744,42955
"(0.903667392883079, 1.0)",2,94.47511473811376,42957
"(0.9398496240601504, 0.9474734084130092)",1,94.47507463303184,42958
"(0.3976428889831154, 0.9767441860465116)",1,94.47501987168263,42959
"(0.9474444882407044, 0.9424564827150532)",1,94.47491327107052,42960
"(0.8721356163216629, 0.9539707149009474)",1,94.47482086697586,42961
"(0.9311507936507936, 0.972420634920635)",1,94.47478824565574,42962
"(0.8888888888888888, 0.9580331374974232)",1,94.4747035182039,42963
"(0.8132775534810647, 0.964269276237512)",1,94.47464342665296,42964
"(0.8937533848783131, 0.9574285714285714)",1,94.47450152759546,42965
"(0.908421874225862, 0.9716192634555034)",1,94.4744920152408,42966
"(0.8174207783595256, 0.9650450950662368)",1,94.47447354579784,42967
"(0.8458807849973786, 0.9474602668267876)",1,94.47444855066551,42968
"(0.8846362470895226, 0.9677353740627908)",1,94.47431538759636,42969
"(0.9707136080238548, 0.9829909379735984)",2,94.47416811555962,42971
"(0.5626274989800081, 0.9764666952752286)",1,94.474034946398,42972
"(0.786508365740383, 1.0)",2,94.47380158993708,42974
"(0.8472645812528676, 0.9498754528985508)",1,94.47362125233596,42975
"(0.7453091184935634, 0.9780434995701116)",1,94.4735639402527,42976
"(0.7773213291613077, 0.9524854486686548)",1,94.47351604238902,42977
"(0.8347775825943863, 0.9916585206907788)",1,94.47350551242128,42978
"(0.792575421183231, 0.9473684210526316)",2,94.47341092748276,42980
"(0.9165867390570612, 0.9540153992631536)",1,94.47319481922428,42981
"(0.3657690738474092, 0.9650076460904662)",1,94.47310228294738,42982
"(0.9382963205525124, 0.9495014245014244)",1,94.47306415966317,42983
"(0.826804915514593, 0.960851077856154)",1,94.47305677554994,42984
"(0.8183621933621934, 0.9436368312757202)",1,94.47287789017368,42985
"(0.8758315541941273, 0.964523301198322)",1,94.47277829996496,42986
"(0.8493268538892306, 0.956140350877193)",1,94.4726597697748,42987
"(0.917001490200517, 0.9524973279746984)",1,94.47257857619329,42988
"(0.802949627368232, 0.9767441860465116)",1,94.47243411775308,42989
"(0.7930780217019975, 0.9779870235853187)",1,94.47240463061908,42990
"(0.9396279975262144, 0.9396279975262144)",1,94.47189855408132,42991
"(0.9288982963016116, 0.9568045886851652)",1,94.47183869271042,42992
"(0.888622291021672, 0.9749656593406592)",1,94.4714806487838,42993
"(0.9131856219190184, 0.991777356103732)",1,94.47140878808818,42994
"(0.8003236732894304, 0.960851077856154)",3,94.47128179044763,42997
"(0.4423707251851418, 0.9861310021084456)",1,94.47116231603914,42998
"(0.9474734084130092, 0.9399264098520688)",1,94.47113379172905,42999
"(0.7167218248460909, 0.9604782992262008)",1,94.47096813344096,43000
"(0.8915010570824524, 0.951892755797645)",1,94.47094817745788,43001
"(0.8613150576270225, 0.964731521366774)",1,94.47087786561886,43002
"(0.9503333333333333, 0.9540153992631536)",3,94.47087264120128,43005
"(0.8467135862913097, 0.9749656593406592)",1,94.4707896718622,43006
"(0.7817150682100042, 0.9495014245014244)",2,94.4706914021206,43008
"(0.7073334452089277, 0.9549898727213622)",1,94.4705430659811,43009
"(0.9131755270308844, 0.9726330267507308)",1,94.47044504147244,43010
"(0.5539326088382568, 0.9474839169495658)",1,94.47028322339224,43011
"(0.9331814008429188, 0.9650076460904662)",1,94.47011142920198,43012
"(0.9524973279746984, 0.9524973279746984)",1,94.4701071163212,43013
"(0.8524016298728943, 0.9748524098350704)",1,94.4699284694844,43014
"(0.9259740526337398, 0.97502985598876)",1,94.46980766552716,43015
"(0.6746811878062335, 0.9689178972239796)",1,94.46979990816344,43016
"(0.7547920901036461, 0.9646309224447688)",1,94.4697496251575,43017
"(0.9474917955930616, 0.9474970467088774)",1,94.469677959351,43018
"(0.9574285714285714, 0.9425645194066248)",1,94.46958722484813,43019
"(0.9425645194066248, 0.9644491481508056)",1,94.46947527043648,43020
"(0.5938478261448741, 0.9539707149009474)",1,94.46942726804406,43021
"(0.5872553328883607, 0.9515714518877016)",3,94.46928366278767,43024
"(0.8686037591100882, 0.9536268754076972)",1,94.46908554121894,43025
"(0.3300110741971206, 0.9538370349708868)",1,94.46887267687976,43026
"(0.922324745206372, 0.9348370927318296)",2,94.46884063588008,43028
"(0.9012059369202228, 0.9622598627787308)",1,94.46876015512484,43029
"(0.8753086419753084, 0.9861310021084456)",2,94.46862053737549,43031
"(0.6907243513029603, 1.0)",1,94.46852430466994,43032
"(0.5071989642612148, 0.9539707149009474)",1,94.46831805476292,43033
"(0.8403320842836972, 0.9619736581501288)",1,94.46821332546725,43034
"(0.9531381014506703, 0.9605654571878554)",1,94.46816095609113,43035
"(0.9261858974358974, 0.9489093915343916)",2,94.46804069166238,43037
"(0.448819084280689, 0.951437873033098)",1,94.46791926058268,43038
"(0.8972301136363636, 0.9498754528985508)",1,94.46780782557693,43039
"(0.9349202773397411, 0.9549898727213622)",3,94.46769933475947,43042
"(0.8329050741331443, 1.0)",1,94.46766197165752,43043
"(0.8894752290768013, 0.9610899532226684)",1,94.46759637025647,43044
"(0.9398731501057084, 0.9766918866148322)",2,94.4674598878468,43046
"(0.9958292603453894, 0.9916585206907788)",1,94.4672984382278,43047
"(0.912705831903945, 0.9495014245014244)",1,94.46719000781866,43048
"(0.7127034737372042, 0.9599909979745442)",1,94.46709480988964,43049
"(0.590912874120593, 0.985)",1,94.4668847254088,43050
"(0.8462004761125518, 0.9473684210526316)",3,94.4668806984748,43053
"(0.971023600055858, 0.9687885885988352)",1,94.46684935510304,43054
"(0.7304742252709461, 0.9650450950662368)",1,94.46675830073777,43055
"(0.9349202773397411, 0.9549898727213622)",1,94.46675242900302,43056
"(0.8734313112361893, 0.9861673414304992)",1,94.46664043895814,43057
"(0.8769757374408538, 0.9539707149009474)",1,94.46647297045112,43058
"(0.7330708089143778, 0.9524925769651508)",1,94.4663541431548,43059
"(0.9392111404005912, 0.9539272400433172)",1,94.4663463340871,43060
"(0.7932043650793651, 0.9572437766315318)",1,94.4662265865657,43061
"(0.902898027898028, 0.972045976510262)",1,94.46614526976732,43062
"(0.826908968957639, 0.964731521366774)",1,94.46613491611986,43063
"(0.7612209453612427, 0.964269276237512)",1,94.46596085313814,43064
"(0.7370360778532582, 0.9499887474681804)",1,94.4656815130502,43065
"(0.7809828715722208, 0.9574976092405196)",1,94.46553647640732,43066
"(0.8326352665776878, 0.9571428571428572)",2,94.46549468411102,43068
"(0.5141491228070175, 0.961249212682724)",1,94.46544110557129,43069
"(0.748245243128964, 0.9529751605618932)",1,94.4653704425668,43070
"(0.8449106413122807, 0.964269276237512)",1,94.46532625209964,43071
"(0.8405124959819993, 0.9619736581501288)",1,94.46517413293996,43072
"(0.92974708952228, 0.939878253463263)",1,94.4650235052681,43073
"(0.8191170968948748, 0.9690968282937898)",3,94.46499618625236,43076
"(0.8428938985542759, 0.9495014245014244)",2,94.46486424670088,43078
"(0.798857609139127, 0.964269276237512)",2,94.46468172741832,43080
"(0.891143553556146, 0.94291309888229)",1,94.46459540155551,43081
"(0.9261858974358974, 0.9619736581501288)",1,94.464520356859,43082
"(0.8170562809603257, 0.94999499949995)",1,94.46448141378973,43083
"(0.9833229101521784, 0.9833229101521784)",1,94.4642960430836,43084
"(0.7837606837606838, 0.9861673414304992)",1,94.4640570584968,43085
"(0.8027044799462303, 0.9709456806586352)",4,94.46383037233912,43089
"(0.9283935041407868, 0.9432380952380952)",1,94.46359000200748,43090
"(0.7999088007295942, 0.9766918866148322)",2,94.46343304583633,43092
"(0.9666562434855118, 1.0)",1,94.46329968246404,43093
"(0.9348222545262322, 0.9750870495448254)",1,94.46320378943402,43094
"(0.869254101161996, 0.956240913452974)",1,94.46300196644728,43095
"(0.3956814652052849, 0.969252639639684)",4,94.46288141189184,43099
"(0.792575421183231, 0.9516956990542454)",2,94.46280068901524,43101
"(0.9082051469489508, 0.956140350877193)",1,94.46276615489042,43102
"(0.9315095328894416, 0.9425645194066248)",1,94.46260725448748,43103
"(0.7527128830512455, 0.9922656172420182)",1,94.46234451801706,43104
"(0.8103292776312431, 0.9436438561438562)",2,94.46223592802266,43106
"(0.9256898808634364, 0.942439249991643)",1,94.4622153593675,43107
"(0.7183489076634237, 1.0)",1,94.4621397798286,43108
"(0.9188863189008992, 0.9650450950662368)",1,94.46211124556208,43109
"(0.8610715260301386, 0.9764666952752286)",1,94.462049928437,43110
"(0.7883573323228494, 0.9491363636363636)",1,94.46204801257866,43111
"(0.8807153660012098, 0.9619736581501288)",2,94.46202028398906,43113
"(0.5708341567310015, 0.9734731918335766)",6,94.4619046738555,43119
"(0.6390957895666531, 0.9753983472305084)",1,94.46166743197328,43120
"(0.9833229101521784, 1.0)",1,94.46165014069724,43121
"(0.7867950912705132, 0.9599959995999598)",1,94.46162568225644,43122
"(0.5361367504335325, 0.9958395828688178)",3,94.46158622519413,43125
"(0.8645256232686982, 0.964731521366774)",1,94.4615782655968,43126
"(0.8459744503862151, 0.972045976510262)",1,94.4615427164786,43127
"(0.8074780204479453, 0.9622598627787308)",1,94.46150770990904,43128
"(0.8729557812660307, 0.9690968282937898)",1,94.46139482497816,43129
"(0.8887419165196944, 0.972045976510262)",1,94.46118424953076,43130
"(0.8263489874613754, 0.9524973279746984)",1,94.4611317600188,43131
"(0.9833229101521784, 1.0)",1,94.46104080298176,43132
"(0.9189485013229876, 0.9642857142857144)",2,94.46097457334108,43134
"(0.7786375661375661, 1.0)",1,94.4607901723567,43135
"(0.860405205616787, 0.9474996718729491)",2,94.46078834563876,43137
"(0.8128441201209393, 0.964269276237512)",1,94.46078436045778,43138
"(0.8825487012987013, 0.9318857896881138)",1,94.4607192306082,43139
"(0.7372561534433097, 0.9619736581501288)",1,94.4606347633791,43140
"(0.9373586654890096, 0.9474734084130092)",1,94.46054982893796,43141
"(0.8586166985951469, 1.0)",1,94.46041903751478,43142
"(0.9423959526895456, 0.9574997343733398)",2,94.46036498392704,43144
"(0.8662285714285716, 0.9539272400433172)",1,94.46034246532824,43145
"(0.8544761140104375, 0.9549718574108818)",1,94.46031547260104,43146
"(0.9162596992611264, 0.972045976510262)",1,94.46024967876232,43147
"(0.7902813299232736, 0.9574997343733398)",1,94.4602493192882,43148
"(0.891143553556146, 0.9473684210526316)",2,94.46012534127976,43150
"(0.7532376017916352, 1.0)",1,94.46006504075304,43151
"(0.9744745723240348, 1.0)",2,94.45981063840108,43153
"(0.8191170968948748, 0.9601502499942144)",1,94.45966113217656,43154
"(0.912099503362194, 0.9574997343733398)",3,94.45959194125,43157
"(0.838301471154743, 0.972045976510262)",1,94.45913054407808,43158
"(0.8730304179305696, 0.9539707149009474)",1,94.45909666248431,43159
"(0.8251731614605581, 0.964269276237512)",1,94.45895299262732,43160
"(0.9422585572257836, 0.9690968282937898)",3,94.45888768295924,43163
"(0.7956953792242888, 0.9624810060092922)",1,94.45887692658305,43164
"(0.8715701474388204, 0.972045976510262)",2,94.45851497402607,43166
"(0.9524973279746984, 0.9424564827150532)",1,94.4582121360288,43167
"(0.8580559516200404, 0.9764666952752286)",1,94.4580718409929,43168
"(0.8492240300928687, 0.9691818330194464)",1,94.45802112758273,43169
"(0.6087571664083069, 0.9385964912280702)",1,94.45788505124948,43170
"(0.8224713709935384, 0.9573389777809668)",1,94.45781366947026,43171
"(0.8428883536673643, 0.9477938642580908)",1,94.45771507386128,43172
"(0.9462256234379848, 0.960851077856154)",3,94.45760653287354,43175
"(0.8592657752039796, 0.972045976510262)",1,94.45759666863272,43176
"(0.7325800052772601, 0.93892607298166)",1,94.45741700041842,43177
"(0.9098809643282124, 0.9538331745788698)",1,94.45737502626784,43178
"(0.8597791061504694, 0.9574285714285714)",1,94.45697721661206,43179
"(0.8149514653506832, 0.9515714518877016)",1,94.45680881980084,43180
"(0.9098809643282124, 0.9539272400433172)",1,94.4566849348121,43181
"(0.8228052921446022, 0.9491363636363636)",1,94.45658641055016,43182
"(0.8547539417104635, 0.9474839169495658)",3,94.45619707466642,43185
"(0.8993128964059197, 0.951892755797645)",1,94.45581976054297,43186
"(0.8825487012987013, 0.9575913511472004)",1,94.45564385676867,43187
"(0.4055005521435353, 0.9699167541940592)",1,94.45563073204828,43188
"(0.937386905097332, 0.9524925769651508)",1,94.45561185686944,43189
"(0.4741602067183462, 0.9735486410250802)",1,94.45556557750648,43190
"(0.5901140084986851, 0.9524854486686548)",1,94.45537990128702,43191
"(0.7856964763329513, 0.9861673414304992)",1,94.45531052275297,43192
"(0.95749335833724, 0.9399624765478424)",2,94.45530086247032,43194
"(0.931093393134094, 0.9497439544807966)",1,94.45498209606276,43195
"(0.6733821733821733, 1.0)",1,94.4547561124541,43196
"(0.842200034135518, 0.9603476243044132)",1,94.45457506778224,43197
"(0.9067863328609668, 0.937480853511388)",2,94.45452830220675,43199
"(0.9166682405676116, 0.9861310021084456)",1,94.4543853201236,43200
"(0.9460809481025116, 0.9536268754076972)",1,94.4540687336576,43201
"(1.0, 1.0)",2,94.45404716527112,43203
"(0.7330708089143778, 0.954995499549955)",1,94.45403070452394,43204
"(0.4901583010700104, 0.9739796469202634)",2,94.4540224681638,43206
"(0.8247905643738976, 1.0)",1,94.45392947453864,43207
"(0.8777335856148074, 0.9563334234338596)",1,94.45391959025751,43208
"(0.8325642300300746, 0.9559144017084672)",1,94.45389800657408,43209
"(0.9153439153439156, 0.9833229101521784)",1,94.4536121137532,43210
"(0.843845350684385, 0.9462256234379848)",1,94.45342937388357,43211
"(0.7117488269507486, 0.9767441860465116)",1,94.453227942686,43212
"(0.9571428571428572, 0.9469408453036384)",1,94.45295333679348,43213
"(0.6260123507862112, 0.9764666952752286)",1,94.45289728854333,43214
"(0.617608039964183, 0.9637392875403208)",1,94.45289644574636,43215
"(0.8762860082304527, 1.0)",1,94.45285207307818,43216
"(0.7711781618000022, 1.0)",2,94.45276976670038,43218
"(0.8422693146507633, 0.9515714518877016)",3,94.45267976857237,43221
"(0.835943054212425, 0.9560315719855194)",1,94.45265322554026,43222
"(0.7188585657770549, 0.9599989999749994)",1,94.45241188989893,43223
"(0.8173762627724085, 0.9449656035021888)",1,94.45218621558328,43224
"(0.8376298701298701, 0.9491363636363636)",1,94.45215014479136,43225
"(0.9524973279746984, 0.9549988749718742)",1,94.45192770371084,43226
"(0.9474917955930616, 0.9524973279746984)",1,94.45188368903412,43227
"(0.8730304179305696, 0.9539707149009474)",1,94.45185192135752,43228
"(0.9538331745788698, 0.9471243233098142)",1,94.45183439129408,43229
"(0.934868107918535, 0.9499987499687492)",2,94.45179327360862,43231
"(0.9247290244881574, 0.9449656035021888)",1,94.4517371645786,43232
"(0.362211854979326, 0.974653976475153)",1,94.45172134950128,43233
"(0.8487453548561374, 0.9515714518877016)",2,94.4517160805664,43235
"(0.8170562809603257, 0.9549718574108818)",1,94.4517157582988,43236
"(0.8428938985542759, 0.9495014245014244)",1,94.45164406270835,43237
"(0.930124456440246, 0.972045976510262)",1,94.45137607720788,43238
"(0.9298245614035088, 0.9474602668267876)",1,94.45128367310932,43239
"(0.9610153569597296, 0.9642857142857144)",1,94.45118325803612,43240
"(0.9665831244778612, 1.0)",1,94.4511162137364,43241
"(0.9331094582012576, 1.0)",1,94.45111448220416,43242
"(0.7187807755293061, 0.9652021347574078)",4,94.451107644163,43246
"(0.5953937130407718, 0.9524925769651508)",1,94.45099732996124,43247
"(0.9058747619658436, 0.9236875534210738)",1,94.4509586796804,43248
"(0.943455134862934, 0.9432380952380952)",1,94.45091587680952,43249
"(0.9568045886851652, 0.9571428571428572)",2,94.45075773562871,43251
"(0.9102539775554236, 0.987463247273494)",1,94.450745343601,43252
"(0.8785302156088673, 0.9624978905063408)",1,94.45016596689165,43253
"(0.6740805942215464, 0.9996210215628012)",3,94.4500347272554,43256
"(0.9835199925522506, 0.9958292603453894)",1,94.4500107387614,43257
"(0.8498641779745659, 0.9499987499687492)",1,94.44999347748124,43258
"(0.8581022152450725, 0.9580331374974232)",1,94.44998475640423,43259
"(0.8376298701298701, 0.9495058714870036)",1,94.449771332005,43260
"(0.8218185392856778, 0.9861673414304992)",1,94.44961774070376,43261
"(0.8442988787957741, 0.9665518589309176)",4,94.44952557205818,43265
"(0.940074233084456, 0.960851077856154)",3,94.44939482532553,43268
"(0.9549988749718742, 0.9524997031231444)",3,94.44939054600552,43271
"(0.9499887474681804, 0.9474970467088774)",1,94.44929691113909,43272
"(0.8297320821606234, 0.9549988749718742)",1,94.44907123955056,43273
"(0.9272156862745098, 0.9524973279746984)",4,94.44905334960605,43277
"(0.7956953792242888, 0.9599909979745442)",1,94.44883420341822,43278
"(0.8574011356980978, 0.9599989999749994)",1,94.4487305103678,43279
"(0.8695762175838077, 0.9289986228605154)",1,94.4486044625373,43280
"(0.9432380952380952, 0.9610153569597296)",2,94.44825707930148,43282
"(0.8957538774472412, 0.964731521366774)",1,94.4481563577081,43283
"(0.8705155862492784, 0.9655367644097153)",1,94.4479815057493,43284
"(0.8721356163216629, 0.9539707149009474)",1,94.44777833850436,43285
"(0.614501096491228, 0.9690968282937898)",8,94.4477431747393,43293
"(0.8777335856148074, 0.9736842105263158)",2,94.44764186742208,43295
"(0.9568045886851652, 0.9681034738761426)",1,94.44732503159616,43296
"(0.9348222545262322, 0.9575126626788776)",1,94.4472486292459,43297
"(0.9503333333333333, 0.95)",1,94.4471904836118,43298
"(0.9221452744065148, 0.9499887474681804)",1,94.4471475859219,43299
"(0.8024695068301698, 0.9706080980442195)",4,94.44706360764236,43303
"(0.5168441409023035, 0.940930997520722)",1,94.44703995208457,43304
"(0.92974708952228, 0.9449779911964784)",1,94.44690529636767,43305
"(0.4066370577143491, 0.9539707149009474)",1,94.44690203321436,43306
"(0.8996408045977011, 0.950392857142857)",1,94.44687348017032,43307
"(0.6736022307473716, 0.9861673414304992)",1,94.44680565257578,43308
"(0.937386905097332, 0.95)",3,94.44676266660454,43311
"(0.7101858663902063, 0.943189758511236)",1,94.44663018882991,43312
"(0.9057330122004186, 0.991206314397104)",1,94.44655227340608,43313
"(0.5082822225940062, 0.962495076617214)",1,94.44654456948018,43314
"(0.7830368745938922, 0.9470972820501607)",3,94.44645259489288,43317
"(0.6395938219147543, 0.9601502499942144)",2,94.44630495032403,43319
"(0.8871966240387292, 0.9861673414304992)",1,94.44617973278147,43320
"(0.7731997731997731, 0.9549988749718742)",4,94.4461269783341,43324
"(0.874047619047619, 0.958109559613319)",1,94.44577124277106,43325
"(0.9080024622960912, 0.9516956990542454)",3,94.4457516948662,43328
"(0.8272165916646247, 0.968581070323131)",4,94.44568762928284,43332
"(0.93600846667145, 0.9505232430050672)",1,94.4456512832338,43333
"(0.8883034087952121, 0.9861310021084456)",1,94.44562780881536,43334
"(0.6505935170200232, 0.9399624765478424)",1,94.44562011592176,43335
"(0.6020449077786688, 0.9764666952752286)",1,94.44561211163652,43336
"(0.7101858663902063, 0.9539923613282046)",1,94.4454396464397,43337
"(0.9168447876447876, 0.9572437766315318)",2,94.44543485680768,43339
"(0.9388917411828462, 0.9607612022680516)",1,94.4453711060926,43340
"(0.7923306301473605, 0.9522870228046522)",1,94.4453305423968,43341
"(0.7809828715722208, 0.9449656035021888)",1,94.44531549236972,43342
"(0.876112115732369, 0.9537330920118182)",4,94.44494191345557,43346
"(0.8877819548872182, 0.9495014245014244)",1,94.44491128118908,43347
"(0.8123989898989897, 0.9495014245014244)",2,94.44478782017995,43349
"(0.7374768177381903, 0.9780434995701116)",1,94.44476802125764,43350
"(0.8003236732894304, 0.960851077856154)",3,94.4444445894829,43353
"(0.6880076348278104, 0.956240913452974)",1,94.44443655351787,43354
"(0.8171936889795594, 0.9559144017084672)",1,94.4441159776786,43355
"(0.9069410647702764, 0.9374526986033186)",2,94.44407381992777,43357
"(0.4495135398715946, 0.995827025321351)",3,94.44387224930026,43360
"(0.8645256232686982, 0.9515714518877016)",1,94.44379284875802,43361
"(0.8941425546930134, 0.9449876222149984)",1,94.44378672792882,43362
"(0.8493268538892306, 0.9473684210526316)",1,94.44377779845102,43363
"(0.9643698138596096, 0.9538331745788698)",1,94.44361251734884,43364
"(0.9474602668267876, 0.9474996718729491)",2,94.44357731946072,43366
"(0.9043086298506712, 0.9499987499687492)",3,94.44332386147045,43369
"(0.8569579686922223, 0.9606593486924077)",1,94.44327083834553,43370
"(0.7736869137404373, 0.9512947499929286)",1,94.44326859015982,43371
"(0.9833229101521784, 1.0)",1,94.44317517161832,43372
"(0.8517341550708587, 0.9539707149009474)",1,94.44293601260642,43373
"(0.9137091172501388, 0.9622641509433963)",1,94.44287181439609,43374
"(0.424546256663045, 0.9785714285714284)",3,94.4427504434602,43377
"(0.8972301136363636, 0.9463627709416984)",1,94.44249690032578,43378
"(0.8108441558441559, 0.9495014245014244)",2,94.44245474840903,43380
"(0.9324286277380484, 0.9524854486686548)",1,94.44245066547516,43381
"(0.9665831244778612, 1.0)",1,94.44242882405264,43382
"(0.8219317364145453, 0.964731521366774)",2,94.44228305749364,43384
"(0.5356100633781995, 0.9764666952752286)",1,94.44207135403374,43385
"(0.9289227371549232, 0.9708659377729586)",1,94.44205206106788,43386
"(0.8975998588152243, 0.9540153992631536)",1,94.44194943451316,43387
"(0.9064143587480232, 0.9735486410250802)",1,94.44180278525408,43388
"(0.9303715638302106, 1.0)",1,94.44161761223224,43389
"(0.9153127183787562, 0.9861673414304992)",1,94.44161613593177,43390
"(0.8517341550708587, 0.943189758511236)",1,94.44150714155312,43391
"(0.8974984433303618, 0.9790231494896808)",1,94.44147493364775,43392
"(0.8567210567210567, 0.9861673414304992)",1,94.44143910854164,43393
"(0.8108021513875538, 0.9560315719855194)",1,94.44126830544188,43394
"(0.614501096491228, 0.964523301198322)",2,94.44121936644058,43396
"(0.9243000100356984, 0.9540153992631536)",1,94.44120038071917,43397
"(0.9045708198051948, 0.9502288074111276)",1,94.44104594389492,43398
"(0.8774931089873806, 0.94999499949995)",1,94.44093506305546,43399
"(0.960666032023912, 0.9607612022680516)",1,94.44091293931116,43400
"(0.7756320245634175, 0.9706064877421516)",1,94.44083130172086,43401
"(0.7124941087515932, 0.974999931519232)",2,94.44080336006616,43403
"(0.5379450468208387, 0.9691818330194464)",1,94.44076123972224,43404
"(0.802949627368232, 0.9767441860465116)",1,94.44075921114867,43405
"(0.8766640111271459, 0.960851077856154)",3,94.4407557443732,43408
"(0.9575126626788776, 0.9572437766315318)",1,94.44034157708474,43409
"(0.8060399169850845, 0.9374119856047568)",1,94.4403203428866,43410
"(0.9247290244881574, 0.9574784734771978)",1,94.44017783027869,43411
"(0.8777335856148074, 0.9649927307623792)",1,94.44016381892816,43412
"(0.3636586849292732, 0.9736490456732262)",4,94.4401151712251,43416
"(0.9450323339212228, 0.972045976510262)",1,94.44009155413316,43417
"(0.7049247335867055, 0.9495014245014244)",2,94.44004996877408,43419
"(0.7101858663902063, 0.943189758511236)",1,94.43986011762604,43420
"(0.8847822547822548, 0.9861673414304992)",1,94.43983947993148,43421
"(0.8459744503862151, 0.9861310021084456)",1,94.4396808933928,43422
"(0.6307273362048251, 0.9812475086406204)",1,94.43957230406342,43423
"(0.7805215455557322, 0.94291309888229)",2,94.43952845725669,43425
"(0.9326628892940788, 0.9468391231269042)",1,94.43952804552109,43426
"(0.8458807849973786, 0.9499987499687492)",1,94.43946832253572,43427
"(0.897953216374269, 0.9503333333333333)",1,94.43940813852832,43428
"(0.8534255683423739, 0.964731521366774)",1,94.4393693895477,43429
"(0.9497171590194846, 1.0)",1,94.43936303237732,43430
"(0.7049247335867055, 0.9495014245014244)",1,94.43935210250363,43431
"(0.8809938281373634, 0.9524973279746984)",3,94.43926706416444,43434
"(0.9182966261114094, 0.951955427987686)",1,94.43917926043945,43435
"(0.900983347688774, 0.972420634920635)",2,94.43917752306274,43437
"(0.9017477562588572, 0.9399864969618164)",2,94.43917704540992,43439
"(0.9432380952380952, 0.960851077856154)",1,94.43869748576466,43440
"(0.5695633155937887, 0.9408664065499008)",1,94.4385452981754,43441
"(0.6591398510479036, 0.9736470605503386)",2,94.4384142972682,43443
"(0.9361428571428572, 0.9681034738761426)",1,94.43840677009132,43444
"(0.874047619047619, 0.972045976510262)",1,94.43831552759907,43445
"(0.9287396277192196, 0.9571428571428572)",1,94.4382946880198,43446
"(0.8453642237906118, 0.9498754528985508)",1,94.43810974552976,43447
"(0.8050115655679925, 0.9672237479778252)",1,94.43806907488356,43448
"(0.8347775825943863, 0.9835547122074636)",1,94.4380187036328,43449
"(0.7344310184570442, 0.9524997031231444)",1,94.43799520622252,43450
"(0.7246154408468525, 0.9601502499942144)",1,94.43771270094166,43451
"(0.8898894074675324, 0.9471243233098142)",1,94.4373473386438,43452
"(0.9574784734771978, 0.9423959526895456)",1,94.43730900415974,43453
"(0.6452330119832208, 0.964731521366774)",1,94.4372541856665,43454
"(0.8178923727890101, 0.9646309224447688)",2,94.43718313414384,43456
"(0.8087623896023756, 0.9764666952752286)",1,94.43710576087362,43457
"(0.5816693792141362, 0.9289986228605154)",1,94.43656932113709,43458
"(0.6746336326928433, 0.9779263059241357)",1,94.4364792250558,43459
"(0.8524016298728943, 0.9748524098350704)",1,94.4364183963022,43460
"(0.7127034737372042, 0.9599989999749994)",1,94.43622254535434,43461
"(0.8467785183482723, 0.9499687304565354)",1,94.43609783904762,43462
"(0.9137091172501388, 0.9495014245014244)",1,94.43563770522944,43463
"(0.913060207336523, 0.9747507916611692)",1,94.43561543226762,43464
"(0.8719725743599862, 0.9779870235853187)",2,94.43553236879224,43466
"(0.8297914945808617, 0.937386905097332)",1,94.4353773937749,43467
"(0.949954959463517, 0.9524973279746984)",2,94.43522383864595,43469
"(0.7325800052772601, 0.9650450950662368)",1,94.43510015705766,43470
"(1.0, 1.0)",1,94.4350858463643,43471
"(0.9876066164491212, 0.9525123183050012)",1,94.43507553525473,43472
"(0.8145048060975228, 0.9735486410250802)",1,94.43502230751275,43473
"(0.7773213291613077, 0.945)",1,94.43500350675346,43474
"(0.9537330920118182, 0.9576647311878512)",1,94.43471959164278,43475
"(0.6496041991771884, 0.9690968282937898)",1,94.43468541483756,43476
"(0.7935498742420971, 0.9737445480717845)",1,94.43452702194612,43477
"(0.9348222545262322, 0.9645938855657314)",3,94.43432995745096,43480
"(0.7980310463463742, 0.97297282490611)",1,94.4343151567044,43481
"(0.8729557812660307, 0.9734731918335766)",1,94.4342582981954,43482
"(0.9833229101521784, 1.0)",1,94.43382324411114,43483
"(0.934868107918535, 0.9474996718729491)",1,94.43375478151164,43484
"(0.9301334774941756, 0.956240913452974)",1,94.43369132168534,43485
"(0.727962128872139, 0.9656673832323628)",1,94.43353421744588,43486
"(0.642393019586002, 0.9692608993981562)",1,94.43329750369864,43487
"(0.8449106413122807, 0.964269276237512)",1,94.43328728029007,43488
"(0.8933617810760668, 0.9574285714285714)",1,94.4330812174978,43489
"(0.7976968565203859, 0.94999499949995)",2,94.43301222510333,43491
"(0.9394971203231468, 0.9503333333333333)",2,94.43300291803116,43493
"(0.9080024622960912, 0.969334154098697)",1,94.43296148413415,43494
"(0.8623077787842691, 0.9536268754076972)",1,94.43284473550902,43495
"(0.829147429978455, 0.9385964912280702)",3,94.43283790524774,43498
"(0.8898894074675324, 0.9538331745788698)",1,94.432823833917,43499
"(0.5683292214912281, 0.9604782992262008)",1,94.43280256548576,43500
"(0.9093334120185448, 0.950431439792024)",1,94.4327081201373,43501
"(0.8581022152450725, 0.972045976510262)",1,94.43269540556548,43502
"(0.8044914258149553, 0.9861310021084456)",1,94.4326256308714,43503
"(0.8695047001707931, 0.9619736581501288)",1,94.43262290498416,43504
"(0.888622291021672, 0.9749656593406592)",1,94.43261634609549,43505
"(0.8724513987671884, 0.9470972820501607)",1,94.43233591858782,43506
"(0.8340799485585682, 0.95153153367707)",1,94.432257114197,43507
"(0.779286067193676, 0.9749910873440284)",1,94.43220869796824,43508
"(0.4276312823980166, 0.940930997520722)",1,94.43190813391674,43509
"(1.0, 1.0)",1,94.43178198421504,43510
"(0.9318857896881138, 0.9536268754076972)",1,94.43170481218232,43511
"(0.4042620013682356, 0.9736842105263158)",1,94.43168212127745,43512
"(0.8333192389006343, 0.95153153367707)",1,94.43164943736448,43513
"(0.946730586052542, 0.9468391231269042)",1,94.43161066946608,43514
"(0.8459266053144301, 0.9749910873440284)",1,94.43158198295956,43515
"(0.8349608011027915, 0.9601502499942144)",1,94.43151769752572,43516
"(0.7984443237466936, 0.9646309224447688)",3,94.43149949513906,43519
"(0.8695762175838077, 0.95281045751634)",1,94.43141972161192,43520
"(0.9497439544807966, 0.9575913511472004)",2,94.43136883645568,43522
"(0.9043086298506712, 0.9474602668267876)",1,94.43129483281191,43523
"(0.8708656432979902, 0.9549718574108818)",1,94.43124254483098,43524
"(0.7999088007295942, 0.9766918866148322)",1,94.43098041792004,43525
"(0.9165867390570612, 0.9539272400433172)",1,94.43096156202336,43526
"(0.7268389025301591, 0.9690968282937898)",1,94.43084839566816,43527
"(0.9287396277192196, 0.939055706563049)",1,94.43079442049712,43528
"(0.8040695048423352, 1.0)",2,94.43069080252776,43530
"(0.4943189964157706, 1.0)",1,94.43061443793904,43531
"(0.9187883397948668, 0.9716190476190476)",1,94.4304174695972,43532
"(0.4992091380105255, 1.0)",3,94.43024363684766,43535
"(1.0, 1.0)",1,94.43021699747948,43536
"(0.7665484369555701, 0.9882048106149588)",1,94.43012911350112,43537
"(0.727962128872139, 0.943189758511236)",1,94.43003711429049,43538
"(0.7470459434759006, 0.9977318108142762)",1,94.43001538825668,43539
"(0.7371074312749817, 1.0)",1,94.42982923307014,43540
"(0.8395301149279116, 0.95153153367707)",1,94.42965517649512,43541
"(0.8968435471383478, 0.961159640771458)",1,94.42963729054468,43542
"(0.486629218999443, 0.9648252575884156)",1,94.42959265367564,43543
"(0.8876281048778143, 0.9538331745788698)",1,94.4295918854711,43544
"(0.8993301094022514, 0.9495014245014244)",2,94.4295337726419,43546
"(0.6392731808632544, 0.9495014245014244)",1,94.4295289628601,43547
"(0.9067863328609668, 0.939878253463263)",1,94.42951713459776,43548
"(0.6020449077786688, 0.9764666952752286)",1,94.42947522309852,43549
"(0.9272595017275868, 0.9549898727213622)",3,94.42933465595792,43552
"(0.8887940768066828, 0.9528125324922884)",1,94.42925948602608,43553
"(0.8380855812016494, 0.9690968282937898)",6,94.42922840776248,43559
"(0.8604306971015356, 0.9861673414304992)",1,94.42920819757266,43560
"(0.9640038239043044, 0.9381466410380824)",1,94.4289478950881,43561
"(0.950431439792024, 0.960851077856154)",1,94.42889703330933,43562
"(0.5222179798681013, 0.9656673832323628)",1,94.42883545944196,43563
"(0.9002005347593582, 0.9495014245014244)",1,94.42880139973605,43564
"(0.8669543634004626, 0.9515714518877016)",1,94.42866942964535,43565
"(0.8571451992482267, 0.9430491433261516)",1,94.42857030738892,43566
"(0.93600846667145, 0.9572437766315318)",1,94.42847196550062,43567
"(0.9524331090596152, 0.93999399939994)",1,94.42845685607044,43568
"(0.9269284534248317, 0.9413423693688424)",1,94.42838667222394,43569
"(0.6809855026116619, 0.9749910873440284)",1,94.42820541382868,43570
"(0.8569579686922223, 0.9427662613218292)",1,94.42819747672831,43571
"(0.8098502304147466, 0.9495058714870036)",1,94.42815901892786,43572
"(0.8967778972053937, 0.9643944553313464)",1,94.42814652566211,43573
"(0.9524640509385224, 0.9624978905063408)",1,94.42810366480984,43574
"(0.9002005347593582, 0.9495014245014244)",1,94.42805824839034,43575
"(0.93600846667145, 0.9468391231269042)",1,94.42799328752513,43576
"(0.9309563801089225, 0.972281746031746)",1,94.42784080495096,43577
"(0.8708656432979902, 0.9574784734771978)",2,94.42778548125212,43579
"(0.9348370927318296, 0.937480853511388)",1,94.42767237649096,43580
"(0.9028964862298196, 0.972420634920635)",1,94.42762159471287,43581
"(0.7524760273298283, 0.9646309224447688)",1,94.42758387478978,43582
"(0.9032855633136024, 0.9861673414304992)",1,94.42748222632036,43583
"(0.7198784150003663, 0.964523301198322)",1,94.42746181570332,43584
"(0.9162596992611264, 0.972420634920635)",1,94.4273461360138,43585
"(0.8153895365851999, 0.9643944553313464)",2,94.42734548991172,43587
"(0.779286067193676, 0.9495058714870036)",1,94.4272757766822,43588
"(0.6432772815188069, 0.972045976510262)",1,94.42716901191578,43589
"(0.9348370927318296, 0.9474602668267876)",1,94.42700095361236,43590
"(0.7516483516483518, 0.9861673414304992)",2,94.42699526635924,43592
"(0.8472645812528676, 0.9498754528985508)",1,94.4267329351488,43593
"(0.8975998588152243, 0.9573389777809668)",1,94.426673711101,43594
"(0.7707669475804315, 0.9559144017084672)",1,94.42662343347992,43595
"(0.8071948928825261, 0.9861673414304992)",1,94.42635253203537,43596
"(0.9574784734771978, 0.9499687304565354)",2,94.42632235105832,43598
"(0.9499887474681804, 0.95)",1,94.42631864014471,43599
"(0.7344310184570442, 0.9574997343733398)",4,94.42622587133924,43603
"(0.5374058749453883, 0.95)",1,94.42618887509131,43604
"(0.8131627957608075, 0.964269276237512)",1,94.42605705553255,43605
"(0.8894752290768013, 0.9575913511472004)",2,94.42601944211432,43607
"(0.861111111111111, 1.0)",1,94.42597417657645,43608
"(0.6003561059603759, 0.9538370349708868)",1,94.42583373950748,43609
"(0.9171223888843544, 0.96)",1,94.42571520919888,43610
"(0.6747507742934573, 1.0)",1,94.42570452985916,43611
"(0.7330708089143778, 0.9524925769651508)",1,94.42536209063456,43612
"(0.8016677935542034, 0.9833229101521784)",1,94.425350978457,43613
"(0.8829656107481818, 0.9691818330194464)",1,94.42522617302522,43614
"(0.9609357631051972, 0.9531381014506703)",1,94.4250905884308,43615
"(0.6892156862745098, 0.9587213599408722)",1,94.42490468818994,43616
"(0.8880287817151458, 0.95153153367707)",1,94.42490076783544,43617
"(0.8686559598432304, 0.942217624820578)",1,94.4248770551014,43618
"(0.8810064268049709, 0.9563334234338596)",1,94.42477001338676,43619
"(0.9331531133914452, 0.9509789498203932)",1,94.42457068321896,43620
"(0.9432380952380952, 0.9505232430050672)",1,94.42456107925132,43621
"(0.9429917021753756, 0.9343984962406016)",1,94.42445528637614,43622
"(0.9474444882407044, 0.9424564827150532)",1,94.42444194812455,43623
"(0.812418383596075, 0.9767441860465116)",1,94.42434992849626,43624
"(0.931093393134094, 0.9537330920118182)",1,94.42413825165224,43625
"(0.9361428571428572, 0.9471243233098142)",2,94.42390649143871,43627
"(0.735643158757169, 0.9580331374974232)",1,94.4238850838666,43628
"(0.7933030177759403, 0.9599749843652282)",1,94.4237286252404,43629
"(0.8228213769860375, 0.945)",1,94.42344616053217,43630
"(0.8191170968948748, 0.9601502499942144)",2,94.42335927055574,43632
"(0.6877902557095289, 0.996969696969697)",1,94.42319945598209,43633
"(0.8982888105990573, 0.9916585206907788)",1,94.42306326031728,43634
"(0.4879844209168711, 0.9810804591108104)",1,94.42303237242412,43635
"(0.9624885121068328, 0.9524973279746984)",1,94.42299952716668,43636
"(0.6749447402728794, 0.9861310021084456)",2,94.4229496793468,43638
"(0.8334750774705025, 0.9529751605618932)",1,94.42289732490748,43639
"(0.8739792317773969, 0.9474734084130092)",1,94.42284015535964,43640
"(0.9624885121068328, 0.9449656035021888)",1,94.4228291354632,43641
"(0.9250895679662802, 0.9645238095238096)",1,94.42271894588986,43642
"(0.681303158270386, 0.9539707149009474)",1,94.42231612795835,43643
"(0.9261858974358974, 0.9619736581501288)",1,94.42225738210917,43644
"(0.7651777469990767, 0.9736842105263158)",1,94.4222419077822,43645
"(0.812231932146279, 0.9574976092405196)",1,94.42212556631785,43646
"(0.9014867374005304, 0.9619736581501288)",2,94.42211176589169,43648
"(0.9294287857678706, 0.9758777250199286)",1,94.42209476923908,43649
"(0.88164537452478, 0.9572437766315318)",6,94.42198615453836,43655
"(0.8920790698579406, 0.9432380952380952)",1,94.42158920957996,43656
"(0.8219317364145453, 0.9560315719855194)",1,94.4214333400597,43657
"(0.77367178506624, 0.95)",1,94.42130544513527,43658
"(0.7373397435897436, 0.9743589743589745)",1,94.42128395805112,43659
"(0.7434518366201162, 0.9735486410250802)",1,94.4211928548351,43660
"(0.6043417366946778, 0.9680383516315252)",1,94.42116481944323,43661
"(0.9494594905410846, 0.9642857142857144)",2,94.42115835355332,43663
"(0.8347775825943863, 0.987463247273494)",1,94.4210435020846,43664
"(0.8865784508440914, 0.9495014245014244)",1,94.4210290628756,43665
"(0.8702889400021048, 0.9572437766315318)",1,94.42095084065843,43666
"(0.8101469077699316, 0.9470972820501607)",1,94.42062535433608,43667
"(0.947035873779261, 0.9716190476190476)",1,94.42031940097972,43668
"(0.911911525974026, 0.9610153569597296)",1,94.4202548755788,43669
"(0.4990703502943405, 0.9539707149009474)",1,94.42016192643334,43670
"(0.9427148033126296, 0.9716751084525852)",1,94.41973301321192,43671
"(0.8795903283708161, 0.9496053534660264)",1,94.41970023707616,43672
"(0.8441415402639044, 0.9440529448756316)",2,94.4196842457254,43674
"(0.7823116219667945, 0.9861673414304992)",1,94.41965396089508,43675
"(0.843730230395311, 0.9764666952752286)",1,94.4196188444256,43676
"(0.930124456440246, 1.0)",2,94.41957333592131,43678
"(0.8662285714285716, 0.950431439792024)",1,94.41951305352862,43679
"(0.5029069767441862, 0.9767441860465116)",1,94.41948392234798,43680
"(0.869750601552687, 0.9644491481508056)",1,94.41943150287088,43681
"(0.9272595017275868, 0.9474917955930616)",1,94.41930782011823,43682
"(0.9640038239043044, 0.97502985598876)",1,94.41922098114496,43683
"(0.8411857639615443, 0.9695945945945946)",4,94.41861476653536,43687
"(0.4513662280005281, 0.9658548131598936)",4,94.41860232081576,43691
"(0.8231949239400151, 0.9491363636363636)",1,94.41852265432908,43692
"(0.946730586052542, 0.9437278911564628)",1,94.41848488985202,43693
"(0.835943054212425, 0.9648252575884156)",1,94.4184530497203,43694
"(0.8574563460059643, 0.9449656035021888)",1,94.41844588939338,43695
"(1.0, 1.0)",1,94.41836517416418,43696
"(0.7956953792242888, 0.9599989999749994)",2,94.4183400579774,43698
"(0.682074987159733, 0.9643944553313464)",1,94.41825748517849,43699
"(0.8993301094022514, 0.9495014245014244)",1,94.41817034849744,43700
"(0.8297320821606234, 0.9499799919967988)",1,94.41804556022484,43701
"(0.8091777408637875, 0.9539707149009474)",1,94.41801473102542,43702
"(0.8991833854219174, 0.9549718574108818)",1,94.41799905299114,43703
"(0.4049163909196675, 1.0)",3,94.41785721703856,43706
"(0.7246154408468525, 0.960267350663444)",1,94.41774796511343,43707
"(0.8449106413122807, 0.964269276237512)",1,94.4176049635102,43708
"(0.4760120083755897, 0.9724876138524672)",1,94.41753765790044,43709
"(0.9499887474681804, 0.94999499949995)",1,94.41745535768337,43710
"(0.8722751392320632, 0.9722969178712836)",1,94.41720649502363,43711
"(0.8968435471383478, 0.9503333333333333)",1,94.41705782125538,43712
"(0.7923306301473605, 0.9643944553313464)",1,94.41699993192964,43713
"(0.8829656107481818, 0.964523301198322)",1,94.41691002286152,43714
"(0.7740397945754836, 0.9512947499929286)",3,94.41673906227837,43717
"(0.9165164082221422, 1.0)",1,94.41668334613097,43718
"(0.9311507936507936, 0.9861673414304992)",1,94.41664003403304,43719
"(0.9599959995999598, 0.9499987499687492)",1,94.41662379358098,43720
"(0.5209302325581396, 0.9539707149009474)",1,94.41649281087578,43721
"(0.7885047499939597, 0.9764666952752286)",1,94.41648383639316,43722
"(0.950608853052493, 0.9432380952380952)",1,94.41630332631748,43723
"(0.9599959995999598, 0.9624885121068328)",1,94.4161999559304,43724
"(0.9549718574108818, 0.9423959526895456)",1,94.41610027865777,43725
"(0.9298245614035088, 0.9499987499687492)",3,94.41609248576574,43728
"(0.8845244231527244, 0.9764666952752286)",1,94.41603694758938,43729
"(0.8871082621082622, 0.972281746031746)",1,94.4159188950162,43730
"(0.9002005347593582, 0.9495014245014244)",1,94.41565762001132,43731
"(0.8388355871169197, 0.944998624965624)",1,94.41564849010663,43732
"(0.8863054971292138, 0.9524925769651508)",2,94.415558007032,43734
"(0.8672602388063438, 0.9599909979745442)",1,94.41541145977274,43735
"(0.7580266955266955, 0.972252530763169)",1,94.41512071811056,43736
"(0.9161952650324744, 1.0)",1,94.41481106923425,43737
"(0.8080013586956521, 0.9495014245014244)",1,94.41476695475647,43738
"(0.8003236732894304, 0.9462256234379848)",1,94.41476571404606,43739
"(0.8874191651969431, 0.9861673414304992)",1,94.41468691476643,43740
"(0.7687856874160781, 0.991354501494548)",2,94.4145554768034,43742
"(0.8491999910545297, 0.9699310631101872)",2,94.41449300052392,43744
"(0.9028964862298196, 0.972420634920635)",1,94.41446963109404,43745
"(0.855702280912365, 0.9176242495336314)",1,94.41440344150256,43746
"(0.7612209453612427, 0.964269276237512)",1,94.41440144176713,43747
"(0.8227768765625336, 0.9672297334699456)",4,94.41438076537716,43751
"(0.6003561059603759, 0.9764666952752286)",1,94.41433092472025,43752
"(0.876112115732369, 0.9573389777809668)",1,94.4143225113053,43753
"(0.8796475392220073, 0.9833229101521784)",1,94.41431966471434,43754
"(0.8498641779745659, 0.9474970467088774)",1,94.41415283512625,43755
"(0.8472155025336763, 0.9599989999749994)",1,94.41405357963436,43756
"(0.4276312823980166, 0.9289986228605154)",1,94.41398749495922,43757
"(0.9014867374005304, 0.9491363636363636)",1,94.41387549331436,43758
"(0.9599749843652282, 0.94999499949995)",2,94.4135526081302,43760
"(0.816195709052852, 1.0)",1,94.4132615452731,43761
"(0.7152545882840207, 0.95749335833724)",1,94.41317602810727,43762
"(0.7204649554921787, 0.960376642453574)",1,94.41297498815904,43763
"(0.739156666010886, 0.940930997520722)",1,94.4128006268924,43764
"(0.9494594905410846, 0.9642857142857144)",1,94.4127765187951,43765
"(0.9398731501057084, 0.988167361639188)",1,94.41275348698711,43766
"(0.8909417672294615, 0.9690968282937898)",3,94.41272721572544,43769
"(0.9832925076188832, 0.9958292603453894)",1,94.41262113565266,43770
"(0.620130835563485, 0.9736842105263158)",1,94.41255368348156,43771
"(0.9080024622960912, 0.9518108135836668)",2,94.41252966337004,43773
"(0.6003561059603759, 0.9764666952752286)",1,94.41248319511254,43774
"(0.9549718574108818, 0.9524854486686548)",1,94.4123496664193,43775
"(0.929787607512726, 0.9423959526895456)",1,94.41232970403536,43776
"(0.9603476243044132, 0.9749692931061258)",1,94.41231511077686,43777
"(0.8178923727890101, 0.955510609293504)",1,94.41222980501595,43778
"(0.90224161204236, 0.972045976510262)",1,94.41214723987385,43779
"(0.7805215455557322, 0.9427662613218292)",1,94.41212042337214,43780
"(0.9, 1.0)",1,94.41190695943104,43781
"(0.93600846667145, 0.946730586052542)",1,94.41166454854488,43782
"(0.9423959526895456, 0.9449876222149984)",1,94.41166353124828,43783
"(0.9068661074437891, 0.9324793217922988)",3,94.4114691504588,43786
"(0.9462256234379848, 0.9502288074111276)",1,94.41146604263513,43787
"(0.8137861130877186, 0.964269276237512)",2,94.41136410647496,43789
"(0.9221452744065148, 0.9524973279746984)",1,94.41127439774084,43790
"(0.8544761140104375, 0.95749335833724)",2,94.41122588267169,43792
"(0.9165867390570612, 0.9539272400433172)",1,94.4112190943956,43793
"(0.8228213769860375, 0.9499987499687492)",1,94.41107056597798,43794
"(0.9833229101521784, 1.0)",1,94.41104525023916,43795
"(0.798089617146851, 0.954995499549955)",2,94.41073996972813,43797
"(0.683178560611297, 0.9722972720025992)",1,94.41053359513016,43798
"(0.8796475392220073, 1.0)",1,94.41044755729573,43799
"(0.7837606837606838, 0.972045976510262)",2,94.41040600346854,43801
"(0.9240041208791208, 0.9749910873440284)",1,94.41025051673736,43802
"(0.8691891027106093, 0.9645938855657314)",1,94.4101901942938,43803
"(0.8218185392856778, 0.9861673414304992)",2,94.41015281775674,43805
"(0.7785456014174996, 0.9646309224447688)",2,94.41012970723877,43807
"(0.8014564052299902, 0.9524973279746984)",1,94.41004421482756,43808
"(0.9082051469489508, 0.9692608993981562)",1,94.40976718467118,43809
"(0.6784722222222224, 1.0)",1,94.40972329676282,43810
"(0.935554153726708, 0.950431439792024)",1,94.40967730933804,43811
"(0.8347775825943863, 0.9916585206907788)",1,94.40957891333596,43812
"(0.8044914258149553, 0.9861310021084456)",1,94.40954563223748,43813
"(0.8016677935542034, 1.0)",1,94.4095343035798,43814
"(0.8964397027091824, 0.9388917411828462)",1,94.40943457991187,43815
"(0.5653455329500221, 0.9491363636363636)",1,94.40921023548292,43816
"(0.8380855812016494, 0.9691818330194464)",2,94.40910094564296,43818
"(0.9318857896881138, 0.9497439544807966)",1,94.40907992078264,43819
"(0.9860411258716344, 0.958109559613319)",1,94.40906180556628,43820
"(0.8112275321577646, 0.9764666952752286)",1,94.40899322641737,43821
"(0.3860590631364562, 0.996969696969697)",2,94.40863046198136,43823
"(0.9259776164181792, 0.942439249991643)",1,94.40855664024022,43824
"(0.7280701754385965, 0.9691818330194464)",1,94.4084262923845,43825
"(0.939903846153846, 0.9449656035021888)",1,94.40835551122797,43826
"(0.7801059423865424, 0.9656673832323628)",1,94.40833888572264,43827
"(0.9298245614035088, 0.9474734084130092)",1,94.40810967895864,43828
"(0.935554153726708, 0.9468391231269042)",1,94.4080954058904,43829
"(0.9377005347593584, 0.9495014245014244)",1,94.40801409852224,43830
"(0.8513842746400886, 0.9650450950662368)",1,94.40792042794632,43831
"(0.9297029951545278, 0.9524759409451032)",1,94.40787877775615,43832
"(0.9422394177612392, 0.9537330920118182)",3,94.40783640423318,43835
"(0.9002005347593582, 0.9495014245014244)",2,94.40775541437613,43837
"(0.9262130464282252, 0.9557886530559612)",1,94.40771112575791,43838
"(0.730305275736153, 0.9424708758809148)",1,94.40764631277096,43839
"(0.9503333333333333, 0.950608853052493)",1,94.407525504942,43840
"(0.9436368312757202, 0.972281746031746)",2,94.40751156044844,43842
"(0.9474917955930616, 0.955)",1,94.40749223293814,43843
"(0.943455134862934, 0.950431439792024)",1,94.40735863514016,43844
"(0.9131755270308844, 0.969256633945908)",2,94.40725223572844,43846
"(0.8755069547906272, 0.9690968282937898)",1,94.40719185021584,43847
"(0.9247290244881574, 0.9524854486686548)",1,94.40714567603956,43848
"(0.8613133624575272, 0.9574976092405196)",6,94.40704859108334,43854
"(0.4573473980309424, 0.9762475872535092)",1,94.40699895433949,43855
"(0.3875802750555293, 0.969250954456634)",1,94.40696909076468,43856
"(0.6500643039705666, 0.9691818330194464)",1,94.40678490940232,43857
"(0.5990872838163477, 0.955)",1,94.40642481653688,43858
"(0.9247290244881574, 0.9449876222149984)",1,94.40629951350444,43859
"(0.8898894074675324, 0.9501177394034536)",1,94.4061585769371,43860
"(0.9128205128205128, 0.9574285714285714)",1,94.40594935703696,43861
"(0.7479743867590829, 1.0)",1,94.40580808858368,43862
"(0.8964397027091824, 0.9432380952380952)",1,94.40579349812474,43863
"(0.911234030893585, 0.950431439792024)",1,94.40575316240316,43864
"(0.7075825156110616, 0.991206314397104)",1,94.40568183472156,43865
"(0.7709171448706333, 0.964269276237512)",1,94.40558221877032,43866
"(0.7434518366201162, 0.9691818330194464)",1,94.40552218512596,43867
"(0.9137091172501388, 0.9495014245014244)",1,94.40540220724336,43868
"(0.9156086605607608, 0.956140350877193)",2,94.40531552262092,43870
"(0.5999599959995999, 0.9624885121068328)",1,94.40530284226546,43871
"(0.9364970967817766, 0.9540153992631536)",2,94.40523727299356,43873
"(0.8453642237906118, 0.9462256234379848)",1,94.4050859487988,43874
"(0.9471243233098142, 0.9540153992631536)",1,94.40486981533049,43875
"(0.8458949964763919, 0.9539707149009474)",1,94.40481120876314,43876
"(0.4954100367197062, 0.9539707149009474)",2,94.40476112964178,43878
"(0.631027253668763, 0.9549819927971188)",1,94.40468275997868,43879
"(0.9449325423643964, 0.9474734084130092)",1,94.404429255634,43880
"(0.6530678548222407, 0.9690968282937898)",1,94.40439333000676,43881
"(0.8011433416753454, 0.9685741406064452)",4,94.40428728468936,43885
"(0.811297229901881, 0.9539707149009474)",1,94.4042569450889,43886
"(0.6043417366946778, 0.9496053534660264)",1,94.40421354396784,43887
"(0.9916585206907788, 0.9533480819755328)",1,94.40420747636276,43888
"(0.7868967488760102, 0.9574976092405196)",1,94.4041851676596,43889
"(0.738145558145558, 0.9861310021084456)",1,94.40392555743333,43890
"(0.7134615384615385, 0.9743589743589745)",3,94.40377178988965,43893
"(0.8273694481451597, 0.9524973279746984)",1,94.40367727384704,43894
"(0.9491452991452992, 0.9538331745788698)",1,94.4036431409072,43895
"(0.8399999999999999, 0.9524973279746984)",1,94.40351170092134,43896
"(0.8014564052299902, 0.9524854486686548)",1,94.4034726396964,43897
"(0.8894752290768013, 0.9607612022680516)",1,94.40344713395304,43898
"(0.8685314685314685, 0.9643944553313464)",2,94.40333031949088,43900
"(0.9280076478086086, 0.9575126626788776)",1,94.4031948072906,43901
"(0.6043417366946778, 0.9573389777809668)",1,94.40306172125268,43902
"(0.939866291344124, 0.9540977572753596)",1,94.4028193005914,43903
"(0.9374119856047568, 0.9624941397093296)",1,94.40251783613748,43904
"(0.9098759089802734, 0.9703563411896744)",1,94.40223634007327,43905
"(0.8691207517489755, 0.940252835745034)",1,94.40210013393155,43906
"(0.8176857647247633, 0.9448883990079912)",1,94.40208169631758,43907
"(0.7886860312719072, 0.9388945062352544)",1,94.4020039723404,43908
"(0.8514626506510005, 0.9392111404005912)",1,94.4018218850146,43909
"(0.8558506308506308, 0.9440529448756316)",1,94.40171044142112,43910
"(0.90903917799718, 0.9315095328894416)",1,94.4016930377147,43911
"(0.7630195891065458, 0.9549988749718742)",1,94.4016596394387,43912
"(0.8066487122350412, 0.9650450950662368)",1,94.4016070555038,43913
"(0.8512737540052664, 0.9515714518877016)",1,94.40132908173958,43914
"(0.7339614166971252, 0.9269606362629618)",1,94.40129337528242,43915
"(0.618403730526442, 0.9528125324922884)",1,94.40095762726402,43916
"(0.8310457516339869, 0.940930997520722)",3,94.4009099684094,43919
"(0.9248798076923076, 0.9499987499687492)",1,94.40087163307776,43920
"(0.9132516862059696, 0.9604782992262008)",1,94.40083208822917,43921
"(0.8003236732894304, 0.9572437766315318)",3,94.40067654757692,43924
"(0.9119712774853967, 0.9449656035021888)",1,94.40054916454176,43925
"(0.8777335856148074, 0.9780434995701116)",1,94.40047449828198,43926
"(0.8268235294117647, 0.9524925769651508)",1,94.40029720920484,43927
"(0.9432380952380952, 0.9576647311878512)",2,94.40005630592135,43929
"(0.7882395382395383, 0.9450323339212228)",1,94.39993491556316,43930
"(0.8566261808367072, 0.9601502499942144)",1,94.39988295317607,43931
"(0.8224316126353314, 0.9440529448756316)",1,94.3998790511572,43932
"(0.8872085807165035, 0.9432380952380952)",1,94.39948042362914,43933
"(0.9002005347593582, 0.9495014245014244)",1,94.39946394057576,43934
"(0.843845350684385, 0.9610153569597296)",1,94.39927888895352,43935
"(0.8656595443322052, 0.9722965890312012)",1,94.39913356797749,43936
"(0.789994229453279, 0.9861673414304992)",1,94.39895765414768,43937
"(0.92974708952228, 0.9524759409451032)",2,94.39831751897778,43939
"(0.7323163951070927, 0.9534883720930232)",1,94.39828873314036,43940
"(0.8108021513875538, 0.9736189431913116)",1,94.39817092326948,43941
"(0.614501096491228, 0.9690968282937898)",3,94.39787586974,43944
"(0.983305541180304, 0.991777356103732)",4,94.39784474594504,43948
"(0.919542746211962, 0.9537330920118182)",1,94.39783798870891,43949
"(0.8252422194238135, 0.95749335833724)",1,94.39730869814647,43950
"(0.9377005347593584, 0.9495014245014244)",1,94.39726295589392,43951
"(0.8872085807165035, 0.9468391231269042)",1,94.3972550033562,43952
"(0.9069647153947764, 0.9713574016563148)",1,94.39722059955876,43953
"(0.6591395909303083, 0.9992416608232524)",1,94.39719041498532,43954
"(0.9665831244778612, 0.9833229101521784)",1,94.39694837781607,43955
"(0.9499687304565352, 0.9833229101521784)",2,94.396625008038,43957
"(0.9640038239043044, 0.941687552213868)",2,94.39642566429984,43959
"(0.860351329677713, 0.9539707149009474)",1,94.39628174599504,43960
"(0.7999088007295942, 0.9644038253792572)",2,94.3961567931666,43962
"(0.861957198953386, 0.9294749837772264)",1,94.395902760162,43963
"(0.913060207336523, 0.9491363636363636)",1,94.39586597126214,43964
"(0.9535144014828052, 0.9643698138596096)",1,94.3957789235081,43965
"(0.7833537331701346, 0.9764666952752286)",1,94.39570949503212,43966
"(0.6415148305084746, 0.9749910873440284)",2,94.3955345058598,43968
"(0.8807153660012098, 0.9747507916611692)",1,94.395458505155,43969
"(0.925, 0.9495014245014244)",1,94.39542104240148,43970
"(0.912531328320802, 0.9433502169051704)",1,94.39518656351206,43971
"(0.5167206104706105, 0.9702523384042476)",4,94.39479060622168,43975
"(0.8876281048778143, 0.9642857142857144)",3,94.3946237900028,43978
"(0.8579868984630887, 0.9861673414304992)",1,94.39453274828816,43979
"(0.9188863189008992, 0.976761412575366)",1,94.39439384645252,43980
"(0.8396854781762315, 0.9499799919967988)",1,94.3941141668783,43981
"(0.8975998588152243, 0.9574285714285714)",1,94.3939414782234,43982
"(0.8178923727890101, 0.9734731918335766)",1,94.39393728478926,43983
"(0.8574011356980978, 0.9574976092405196)",5,94.39387632060291,43988
"(0.8804215399610136, 0.9824126287942077)",1,94.393785618837,43989
"(0.6936817460684196, 0.960267350663444)",2,94.39336786612304,43991
"(0.4743478079735079, 0.9943600115342536)",2,94.39331541866812,43993
"(0.8686559598432304, 0.9538370349708868)",1,94.39319967190934,43994
"(0.7824403790656455, 0.9549898727213622)",3,94.3930917717482,43997
"(1.0, 1.0)",1,94.39300057284962,43998
"(0.8498641779745659, 0.9574976092405196)",5,94.3929442979862,44003
"(0.9396279975262144, 0.9573389777809668)",1,94.39273543069064,44004
"(0.9429917021753756, 0.9502288074111276)",1,94.3926713868863,44005
"(0.9014867374005304, 0.9747507916611692)",1,94.39256413569224,44006
"(0.746671365914787, 0.9515714518877016)",1,94.3924096113414,44007
"(0.9008025849489264, 1.0)",1,94.39240741415236,44008
"(0.9462256234379848, 0.9573389777809668)",1,94.3923558589998,44009
"(0.9306013489647758, 0.9690968282937898)",1,94.3923073304255,44010
"(0.828966378966379, 0.9861673414304992)",1,94.39229951020609,44011
"(0.9124863259884356, 0.96)",1,94.3921692364857,44012
"(0.9494594905410846, 0.9677353740627908)",1,94.39215724527168,44013
"(0.8384307029790694, 0.969930774816684)",4,94.39183129612717,44017
"(0.8395301149279116, 0.9764666952752286)",1,94.3918266591404,44018
"(0.9535144014828052, 0.9645238095238096)",1,94.39178843079718,44019
"(0.6500643039705666, 0.960267350663444)",1,94.39170938743118,44020
"(0.8557264819266099, 0.9766918866148322)",1,94.39153758809276,44021
"(0.816099178371682, 0.9519169817351648)",1,94.39153104202548,44022
"(0.9374119856047568, 0.9574997343733398)",4,94.3914524474416,44026
"(0.8543547774492897, 0.9580331374974232)",1,94.39143493864572,44027
"(0.6341009759759758, 0.9762450616675968)",1,94.39139349060032,44028
"(0.9142857142857144, 0.9502288074111276)",1,94.39139125374848,44029
"(0.9429917021753756, 0.9422394177612392)",2,94.3908967170944,44031
"(0.925438675470188, 0.9749656593406592)",2,94.39083640438696,44033
"(0.8807153660012098, 0.9619736581501288)",1,94.39042800898643,44034
"(0.957036102484472, 0.9433502169051704)",1,94.3904267477388,44035
"(0.9070766178400336, 0.9499987499687492)",1,94.39035331999028,44036
"(0.8993301094022514, 0.9495014245014244)",1,94.39034461612796,44037
"(0.7824403790656455, 0.9549898727213622)",2,94.39011644273027,44039
"(0.6526770767943084, 0.9861310021084456)",1,94.39001441686806,44040
"(0.9429917021753756, 0.9540153992631536)",1,94.38994114900623,44041
"(0.9431186370412892, 0.960851077856154)",2,94.38973650839334,44043
"(0.5646425140758221, 0.9862481730031216)",1,94.38966729193793,44044
"(0.642393019586002, 0.964731521366774)",1,94.38965620287507,44045
"(0.8866868876737297, 0.9472378863826232)",3,94.3894982404773,44048
"(0.9259776164181792, 0.960376642453574)",1,94.3893291207224,44049
"(0.5224438914023056, 0.9539707149009474)",1,94.3892470879364,44050
"(0.812418383596075, 0.9529751605618932)",1,94.38896129800794,44051
"(0.9791585206907788, 0.9874877810361682)",4,94.38889092626972,44055
"(0.686734693877551, 0.9642857142857144)",1,94.38886191684476,44056
"(0.8898894074675324, 0.9462256234379848)",1,94.38878746881228,44057
"(0.8438719750195159, 0.954995499549955)",1,94.38875848362416,44058
"(0.8702889400021048, 0.946492548547343)",2,94.38858747107948,44060
"(0.9540153992631536, 0.95)",1,94.38849630675637,44061
"(0.8768488063660478, 0.962470105966915)",1,94.38844697506669,44062
"(0.9186779362907952, 0.95153153367707)",1,94.38842837157976,44063
"(0.929787607512726, 0.949954959463517)",1,94.38830716344276,44064
"(0.8394200626959247, 0.9495014245014244)",1,94.38822778185222,44065
"(0.8058308902229048, 0.9691818330194464)",2,94.38814566431164,44067
"(0.7727171016497488, 0.9539707149009474)",1,94.3878703853462,44068
"(0.902898027898028, 0.9861310021084456)",2,94.387774837922,44070
"(0.944911858974359, 0.9449779911964784)",1,94.38775861842542,44071
"(0.95749335833724, 0.9424708758809148)",3,94.38775643528338,44074
"(0.949954959463517, 0.9474839169495658)",1,94.3876826987648,44075
"(0.6933160650937552, 0.9764666952752286)",1,94.38767248183596,44076
"(0.9057330122004186, 0.955510609293504)",1,94.38744487242435,44077
"(0.846098299557419, 0.972420634920635)",2,94.38741190758918,44079
"(0.3883009830246211, 0.9656673832323628)",1,94.38740744181376,44080
"(0.9571428571428572, 0.9387190557431844)",1,94.3873988141047,44081
"(0.4565775668109984, 0.9612201111147618)",1,94.38725667151454,44082
"(0.9164187516971112, 0.9916585206907788)",1,94.38721678358364,44083
"(0.7011915690388763, 0.9646309224447688)",1,94.38717092373804,44084
"(0.6702803520428978, 0.9734731918335766)",1,94.38716368333604,44085
"(0.949938674876724, 0.9524925769651508)",2,94.38706570960662,44087
"(0.911911525974026, 0.960666032023912)",1,94.3868627686128,44088
"(0.754858950994775, 0.9922735100720208)",1,94.38674591330194,44089
"(0.7604166666666665, 0.9449944994499452)",1,94.38674147122816,44090
"(0.88164537452478, 0.960851077856154)",3,94.3867342913858,44093
"(0.7665484369555701, 0.9650076460904662)",1,94.3867149499362,44094
"(0.7121693121693121, 1.0)",1,94.38664838137,44095
"(0.7931486840292131, 0.9495014245014244)",1,94.38663668678076,44096
"(0.3742683280208634, 0.95281045751634)",1,94.38658893505064,44097
"(0.9326628892940788, 0.93600846667145)",1,94.38654181073274,44098
"(0.7761555341771514, 0.9449656035021888)",2,94.3863145911523,44100
"(0.4423707251851418, 0.9722222222222222)",1,94.3862685695419,44101
"(0.8438530351707455, 0.9560315719855194)",1,94.38608693873724,44102
"(0.7761555341771514, 0.95749335833724)",1,94.38594456956312,44103
"(0.7970846609283874, 0.960572483841182)",5,94.3858018913593,44108
"(0.9524759409451032, 0.945)",2,94.38568500643552,44110
"(0.8060399169850845, 0.942491014220972)",1,94.38563734323694,44111
"(0.8885908209437621, 0.9537330920118182)",1,94.38553893090632,44112
"(0.9153439153439156, 0.9833229101521784)",1,94.38542521035532,44113
"(0.7401844059863599, 0.9861673414304992)",2,94.38522825413744,44115
"(0.812231932146279, 0.9499887474681804)",1,94.38515902937914,44116
"(0.9019154091522512, 0.9791102677630192)",1,94.3851571656284,44117
"(0.7014555999774762, 0.9522870228046522)",1,94.38485910532084,44118
"(0.8472645812528676, 0.9643698138596096)",1,94.38481822472563,44119
"(0.5874751891549204, 0.9648252575884156)",1,94.38479913911654,44120
"(0.2184982066412125, 0.9650076460904662)",1,94.38458464278996,44121
"(0.9833211143695014, 0.8124283039614848)",1,94.38451741746697,44122
"(0.8591722063944286, 0.9580331374974232)",1,94.38441142181834,44123
"(0.9326599326599326, 1.0)",1,94.38425062161556,44124
"(0.5708341567310015, 0.9690968282937898)",3,94.3840661431121,44127
"(0.9574784734771978, 0.9499887474681804)",1,94.3840450002264,44128
"(0.8143540514876735, 0.9557886530559612)",1,94.3840441369217,44129
"(0.9001631299734747, 0.9619736581501288)",1,94.38395287171716,44130
"(0.9315095328894416, 0.960851077856154)",3,94.383866457181,44133
"(0.9833229101521784, 1.0)",1,94.38385310123084,44134
"(0.5356100633781995, 0.9650076460904662)",1,94.38380164310152,44135
"(0.943455134862934, 0.9536268754076972)",1,94.38377642924937,44136
"(0.8552744708994707, 0.9861673414304992)",1,94.38369862347146,44137
"(0.6911324786324786, 0.958109559613319)",1,94.3836502602013,44138
"(0.9524640509385224, 0.9524759409451032)",1,94.38358724071088,44139
"(0.5536430525672695, 0.9764666952752286)",1,94.38351130697907,44140
"(0.835943054212425, 0.9556541264979026)",1,94.38334930962375,44141
"(0.8843308668496638, 0.9495014245014244)",2,94.3833276129495,44143
"(0.9350193449813944, 0.960666032023912)",1,94.3832159558509,44144
"(1.0, 1.0)",1,94.38320215615562,44145
"(0.5417100692802794, 0.957498140055392)",1,94.38294173523916,44146
"(0.7583018074821354, 0.9574869803877438)",1,94.38265036741171,44147
"(0.8571777573149418, 0.9549988749718742)",1,94.38264859579031,44148
"(0.8258470464352816, 0.9535144014828052)",1,94.38252980196827,44149
"(0.8016677935542034, 0.9833229101521784)",1,94.3823582993072,44150
"(0.8966154156501567, 0.9499987499687492)",1,94.38224550722391,44151
"(0.9061764476533613, 0.9958292603453894)",1,94.38224039134596,44152
"(0.7837606837606838, 0.9861673414304992)",1,94.38223845886732,44153
"(0.9348222545262322, 0.9645938855657314)",3,94.38208922917066,44156
"(0.8498641779745659, 0.94999499949995)",1,94.38199395280354,44157
"(0.893939393939394, 0.94999499949995)",1,94.38199349313854,44158
"(0.8318916467605246, 0.9706080980442195)",4,94.38190644989882,44162
"(0.9306013489647758, 0.9420660316059192)",1,94.3817441672409,44163
"(0.9916625936787228, 0.991777356103732)",4,94.38173836599177,44167
"(0.5029069767441862, 0.9529751605618932)",1,94.38162874310176,44168
"(0.7976364522417154, 0.9692608993981562)",1,94.38158989961828,44169
"(0.7213157894736841, 0.9495014245014244)",2,94.38156413035766,44171
"(0.6397933055933888, 0.986249032863116)",1,94.3813537124786,44172
"(0.8136244723706807, 0.9522870228046522)",1,94.38133838967438,44173
"(0.7937829607256792, 0.9388945062352544)",1,94.381314860248,44174
"(0.9049688873143666, 0.9736189431913116)",1,94.38122940108396,44175
"(0.5968610769369782, 0.9499987499687492)",1,94.38107149528469,44176
"(0.945600047211127, 0.960851077856154)",1,94.38100018558974,44177
"(0.93600846667145, 0.9575126626788776)",3,94.38091036594264,44180
"(0.9300671002153482, 0.9861673414304992)",1,94.38073650915987,44181
"(0.93600846667145, 0.946730586052542)",1,94.38063231857006,44182
"(0.9145191703331238, 0.9524854486686548)",1,94.38061801138664,44183
"(0.8746747225950852, 0.9473684210526316)",1,94.38059260139094,44184
"(0.656307097369308, 0.9764666952752286)",1,94.38035630042717,44185
"(0.5183946488294314, 0.9474917955930616)",3,94.38026709163915,44188
"(0.8334507869391591, 0.9539707149009474)",1,94.38003537982624,44189
"(0.8273694481451597, 0.9499687304565354)",1,94.37991503253603,44190
"(0.7465441490296503, 0.9646961069429848)",1,94.37987785769948,44191
"(0.3931166197649245, 0.972292856607966)",3,94.379872694021,44194
"(0.7750729499528326, 0.9662151056782388)",4,94.37983846344147,44198
"(0.5238090023227023, 0.9691818330194464)",3,94.3797754953602,44201
"(0.9497439544807966, 0.9505232430050672)",1,94.3794924412963,44202
"(0.9388917411828462, 0.9571428571428572)",1,94.37943942404252,44203
"(0.91326516498939, 0.9626335418382136)",1,94.37942468630756,44204
"(0.9030683555945836, 0.9692531667449598)",1,94.37942319136329,44205
"(0.8449978636391381, 0.9764666952752286)",1,94.37941171728568,44206
"(0.9425645194066248, 0.9502288074111276)",1,94.3794056291988,44207
"(0.3907368421052631, 0.940930997520722)",1,94.37939602846603,44208
"(0.8894752290768013, 0.9425645194066248)",1,94.37924787613328,44209
"(0.7062332655280029, 0.9918190457893729)",1,94.3789890556856,44210
"(0.8244141795109201, 0.9489093915343916)",1,94.37896039946176,44211
"(0.9529281480033874, 0.940930997520722)",1,94.37890748488822,44212
"(0.9449325423643964, 0.9574976092405196)",2,94.37884027635754,44214
"(0.9068661074437891, 0.9574678350502568)",2,94.37875128474496,44216
"(0.6759495516512356, 0.9764666952752286)",1,94.37861858722576,44217
"(0.9499987499687492, 0.9499799919967988)",1,94.37855946787596,44218
"(0.8941425546930134, 0.9574976092405196)",3,94.37853287978297,44221
"(0.8566261808367072, 0.9601502499942144)",1,94.37849818267506,44222
"(0.8143540514876735, 0.9734731918335766)",1,94.3784514179064,44223
"(0.8261738954323147, 0.9733098268622952)",1,94.37842864260377,44224
"(0.8066487122350412, 0.9650450950662368)",1,94.3782916542936,44225
"(0.8685314685314685, 0.951892755797645)",1,94.37813833567073,44226
"(0.9067863328609668, 0.9449779911964784)",1,94.37812024414175,44227
"(0.8351110130322311, 0.9779870235853187)",1,94.37799974218608,44228
"(0.912099503362194, 0.9524925769651508)",2,94.37799807532528,44230
"(0.7999088007295942, 0.9766918866148322)",1,94.37784995482214,44231
"(0.6813936996863826, 0.9861673414304992)",1,94.37783139399647,44232
"(0.792575421183231, 0.9516956990542454)",1,94.37780817914116,44233
"(0.8843308668496638, 0.9495014245014244)",1,94.37754634826476,44234
"(0.7259530953852703, 0.9643944553313464)",1,94.37747389978163,44235
"(0.8102564102564102, 0.9539707149009474)",1,94.3774262478585,44236
"(0.9297564829445116, 0.960851077856154)",1,94.37741281961982,44237
"(0.9394971203231468, 0.9468391231269042)",1,94.37740841749806,44238
"(0.8632321428571428, 0.9538331745788698)",1,94.37719002414512,44239
"(0.5073536286909905, 0.999621402088958)",3,94.37702820929644,44242
"(0.8459744503862151, 0.958109559613319)",1,94.37702766505444,44243
"(0.865587044534413, 0.9649122807017544)",1,94.37701636245812,44244
"(0.9166682405676116, 0.9861310021084456)",1,94.37692457276567,44245
"(0.9392111404005912, 0.9575126626788776)",1,94.37683919473976,44246
"(0.9333333333333332, 1.0)",1,94.37682196957104,44247
"(0.7320994056404324, 0.951892755797645)",1,94.37682140766256,44248
"(0.4602518639752682, 0.951225219941349)",1,94.3765480419772,44249
"(0.8100807574491785, 0.9384442007797272)",1,94.37653310130104,44250
"(0.7278086237149632, 1.0)",1,94.37645493882498,44251
"(0.893939393939394, 0.9474996718729491)",2,94.376431372443,44253
"(0.4366279069767441, 0.9650076460904662)",1,94.37632860568424,44254
"(0.9007161410018553, 0.960851077856154)",1,94.37632826552932,44255
"(0.8992107069320523, 0.9575126626788776)",6,94.37629033040588,44261
"(0.829147429978455, 0.9470972820501607)",3,94.37621214611514,44264
"(0.787221770032878, 0.9599989999749994)",1,94.3759932400446,44265
"(0.8874679030103783, 0.9658783199614472)",1,94.37582748746796,44266
"(0.4746244400103808, 0.9560315719855194)",3,94.37581552242528,44269
"(0.7852506868131869, 0.9428571428571428)",1,94.37576154790716,44270
"(0.8736897274633123, 1.0)",1,94.37549421394506,44271
"(0.9297029951545278, 0.9549898727213622)",4,94.37473792317904,44275
"(0.7348436174331348, 1.0)",1,94.37456666936384,44276
"(0.9272595017275868, 0.944998624965624)",1,94.37443665197668,44277
"(0.9568045886851652, 0.9497439544807966)",1,94.37439527834783,44278
"(0.8975764647467728, 0.962470105966915)",2,94.37431447829822,44280
"(0.8563094906941128, 0.9560315719855194)",1,94.37427595744052,44281
"(0.9202657807308968, 0.9539707149009474)",1,94.37419102531015,44282
"(0.8074780204479453, 0.9622598627787308)",1,94.37410107477186,44283
"(0.9021765712888236, 0.9549718574108818)",1,94.3740888257739,44284
"(0.8285118282046853, 0.9549988749718742)",1,94.37398896006026,44285
"(0.95749335833724, 0.95749335833724)",1,94.37390575688842,44286
"(0.8600428777729004, 0.9649991249781243)",1,94.3736794183104,44287
"(0.8777335856148074, 0.9692608993981562)",1,94.37365983457398,44288
"(0.92974708952228, 0.9424967654430562)",2,94.37358566030004,44290
"(0.5272796153610447, 0.9692608993981562)",1,94.37357832510726,44291
"(0.8543547774492897, 0.9580331374974232)",1,94.37338854024412,44292
"(0.8810064268049709, 0.952014377580963)",2,94.37338133102394,44294
"(0.8574850392800137, 0.9649122807017544)",3,94.37328193420124,44297
"(0.4954100367197062, 0.9539707149009474)",1,94.3730946635113,44298
"(0.5623030806931559, 0.9737422427016116)",1,94.37299414848624,44299
"(0.7042648709315374, 0.986081059422206)",1,94.37283068152986,44300
"(0.7246022031823744, 0.9499799919967988)",1,94.37276083574494,44301
"(0.5098897251881673, 0.9524973279746984)",3,94.37270013249372,44304
"(0.979273283115788, 0.9740901074234408)",2,94.37266501399846,44306
"(0.8888888888888888, 0.9574869803877438)",1,94.3726604252604,44307
"(0.8863054971292138, 0.9574869803877438)",1,94.37257968024812,44308
"(0.9018806250259218, 1.0)",2,94.37256852863244,44310
"(0.8449106413122807, 0.964269276237512)",1,94.3725331604939,44311
"(0.9165867390570612, 0.9536268754076972)",1,94.37251038752616,44312
"(0.9277363565171916, 0.9832462877624168)",1,94.3724889925649,44313
"(0.95749335833724, 0.9399624765478424)",1,94.37229161623368,44314
"(0.8340666247642992, 0.9524973279746984)",1,94.372256875385,44315
"(0.6278178796228419, 0.9937502637052502)",1,94.37202921863876,44316
"(0.2184982066412125, 0.9764666952752286)",1,94.37183892932651,44317
"(0.7250237826596757, 0.9870601047071634)",2,94.37173176396516,44319
"(0.8374874819183264, 0.9764666952752286)",1,94.37170997946431,44320
"(0.8194074731341813, 0.9861673414304992)",2,94.371322330455,44322
"(0.9498754528985508, 0.9498754528985508)",1,94.37113662604564,44323
"(0.6767580302172832, 0.958422459893048)",1,94.37113603095382,44324
"(0.93795454842108, 0.9789824717765894)",1,94.3710200000957,44325
"(0.6911324786324786, 0.972045976510262)",1,94.37092214663916,44326
"(0.8399999999999999, 0.9499887474681804)",1,94.37090019973932,44327
"(0.8975998588152243, 0.9540153992631536)",3,94.3706234303063,44330
"(0.5222179798681013, 0.9539707149009474)",1,94.3705248553173,44331
"(0.8810064268049709, 0.9519169817351648)",1,94.37042676302345,44332
"(0.8691207517489755, 0.9540153992631536)",1,94.37026874830003,44333
"(0.6983464132286942, 0.9767441860465116)",1,94.37023327775492,44334
"(0.4799413873705827, 0.979051758423434)",4,94.37010098413172,44338
"(0.6871111895322293, 0.9941032225973268)",2,94.37006399031722,44340
"(0.8717520170461346, 0.9661085592521392)",1,94.36997011115926,44341
"(0.8183621933621934, 0.9580331374974232)",1,94.3699078433887,44342
"(0.8145048060975228, 0.9648252575884156)",1,94.36978564683751,44343
"(0.8380855812016494, 0.964731521366774)",1,94.36976930534075,44344
"(0.9085605849871624, 0.9559144017084672)",1,94.36968331687336,44345
"(0.7973614008344031, 0.9473684210526316)",3,94.36963297483298,44348
"(0.7548199009255377, 0.972968752460423)",4,94.36944526280732,44352
"(0.903667392883079, 1.0)",1,94.36923335007091,44353
"(0.8825487012987013, 0.950431439792024)",1,94.36919357383296,44354
"(0.8428938985542759, 0.9495014245014244)",1,94.3691687238495,44355
"(0.9499987499687492, 0.9399759903961584)",1,94.36910752740296,44356
"(0.8258152104305951, 0.9549898727213622)",4,94.3690716499237,44360
"(0.9528533742496432, 0.9538331745788698)",1,94.3690134984622,44361
"(0.8734924499861754, 0.9646309224447688)",1,94.36868849839408,44362
"(0.5209302325581396, 0.9539707149009474)",1,94.368501872129,44363
"(0.8843308668496638, 0.9495014245014244)",1,94.3684809760716,44364
"(0.9524640509385224, 0.9424564827150532)",1,94.3684705037713,44365
"(0.6611650515775019, 0.9977272727272728)",1,94.36824498867328,44366
"(0.9471243233098142, 0.9573389777809668)",1,94.36805822614276,44367
"(0.8843308668496638, 0.9495014245014244)",1,94.36798984093669,44368
"(0.8141106354402753, 0.960267350663444)",1,94.36791065597576,44369
"(0.8231949239400151, 0.9619736581501288)",1,94.36790986378246,44370
"(0.8119035685645549, 0.9764666952752286)",1,94.36787335560884,44371
"(0.9744745723240348, 0.9876907322068612)",4,94.36786771104182,44375
"(0.9833229101521784, 1.0)",1,94.36777788571077,44376
"(0.7866204373351484, 0.9574285714285714)",1,94.36750289456069,44377
"(0.812231932146279, 0.9449325423643964)",1,94.36746582144738,44378
"(0.7401844059863599, 0.9861673414304992)",1,94.36703085432508,44379
"(0.8915722651940667, 0.94999499949995)",1,94.36700323298312,44380
"(0.919542746211962, 0.95)",1,94.36695885960044,44381
"(0.9043086298506712, 0.9524997031231444)",3,94.3669329198204,44384
"(0.9256178650705564, 0.9495014245014244)",1,94.36680809466372,44385
"(0.7370360778532582, 0.9474996718729491)",1,94.36679485281464,44386
"(0.7401844059863599, 0.972420634920635)",1,94.36679175869456,44387
"(0.8470413622709255, 0.9690968282937898)",6,94.36670111851564,44393
"(0.8759297357176768, 0.9599989999749994)",2,94.36646084526214,44395
"(0.7651777469990767, 0.9690968282937898)",1,94.36642334248768,44396
"(0.9349202773397411, 0.9474602668267876)",1,94.36638380958269,44397
"(0.8231949239400151, 0.9491363636363636)",1,94.36634816690128,44398
"(0.9624885121068328, 0.944998624965624)",3,94.36622456031525,44401
"(0.5683292214912281, 0.9604782992262008)",1,94.3660147865248,44402
"(0.7802197802197803, 1.0)",1,94.36597766096436,44403
"(0.957036102484472, 0.9574285714285714)",1,94.36591543232652,44404
"(0.5708341567310015, 0.9690968282937898)",1,94.36582783761426,44405
"(0.9540153992631536, 0.939055706563049)",1,94.36577937696534,44406
"(0.5209302325581396, 0.9539707149009474)",2,94.36576075899526,44408
"(0.7313829340058848, 0.9491363636363636)",2,94.36563478160365,44410
"(0.9326599326599326, 1.0)",1,94.36556181045476,44411
"(0.8137861130877186, 0.964269276237512)",2,94.36553713149404,44413
"(0.7973614008344031, 0.9690968282937898)",3,94.36547560325587,44416
"(0.8372053872053872, 0.9833229101521784)",1,94.36541350104542,44417
"(0.4066370577143491, 0.9539707149009474)",1,94.3653308079289,44418
"(0.979051756240299, 0.9493732200168)",1,94.36477886256954,44419
"(0.7611229730509549, 0.9419039311639736)",1,94.36476514257971,44420
"(0.5356100633781995, 0.9764666952752286)",1,94.36475550804424,44421
"(0.944911858974359, 0.9274632782846316)",1,94.36469187879544,44422
"(0.9575126626788776, 0.9681034738761426)",1,94.36441093452603,44423
"(0.9665831244778612, 1.0)",1,94.3642525213177,44424
"(0.7053619734494676, 0.960572483841182)",1,94.3640394044594,44425
"(0.922476258354121, 0.9599959995999598)",1,94.36396600071215,44426
"(0.9431186370412892, 0.9361428571428572)",1,94.36391178875934,44427
"(0.8574563460059643, 0.9524973279746984)",6,94.36390417945388,44433
"(0.9269284534248317, 0.9538370349708868)",1,94.36383945949844,44434
"(0.950392857142857, 0.9749656593406592)",1,94.36355039945184,44435
"(0.7583018074821354, 0.95749335833724)",1,94.36316772887736,44436
"(0.7547920901036461, 0.9512947499929286)",1,94.363167394562,44437
"(0.913060207336523, 0.9619736581501288)",1,94.3629367605662,44438
"(0.7190044489213464, 0.956240913452974)",1,94.3625507253423,44439
"(0.789994229453279, 0.972252530763169)",1,94.3623665199725,44440
"(0.8976982097186702, 0.9833229101521784)",1,94.36226453555126,44441
"(0.4066370577143491, 0.9539707149009474)",1,94.36218239431692,44442
"(0.9043086298506712, 0.945)",2,94.36194153468382,44444
"(0.95, 0.9432380952380952)",1,94.36185963240209,44445
"(0.913060207336523, 0.9491363636363636)",1,94.36171528424508,44446
"(0.798857609139127, 0.964269276237512)",1,94.36153980491842,44447
"(0.9448883990079912, 0.9474839169495658)",1,94.36143100985308,44448
"(0.8535870458655268, 0.95)",1,94.36139768606556,44449
"(0.9032855633136024, 0.9861673414304992)",1,94.36135860933746,44450
"(0.861957198953386, 0.9764666952752286)",1,94.36130236333769,44451
"(0.536653895274585, 0.976470588235294)",1,94.36129459669822,44452
"(0.7976364522417154, 0.9476001081206318)",1,94.36128082394048,44453
"(0.7430884778239842, 0.9628276553774036)",3,94.36124355967964,44456
"(0.5015191675794085, 0.9912503691873502)",1,94.36108965966,44457
"(0.7931486840292131, 0.9495014245014244)",2,94.36098796076136,44459
"(0.9007161410018553, 0.9498754528985508)",1,94.36098669440248,44460
"(0.9362689940183164, 0.9569233895549684)",1,94.3609428914634,44461
"(0.95749335833724, 0.9399759903961584)",1,94.36094017506028,44462
"(0.3883009830246211, 0.9539707149009474)",1,94.36093092530686,44463
"(0.9171764705882351, 0.9449325423643964)",1,94.36088507809016,44464
"(0.933096859926128, 0.9833229101521784)",1,94.36070640169147,44465
"(0.8672602388063438, 0.95749335833724)",6,94.3605614710766,44471
"(0.9666666666666668, 0.9833229101521784)",1,94.36044993378368,44472
"(0.8947046219773493, 0.9766918866148322)",1,94.36041865486264,44473
"(0.9524759409451032, 0.9524973279746984)",1,94.36026778532202,44474
"(0.9315095328894416, 0.9498754528985508)",1,94.36026485651897,44475
"(0.9318857896881138, 0.9536268754076972)",1,94.35993637652123,44476
"(0.8691891027106093, 0.9532701550221768)",1,94.35973364615354,44477
"(0.8736212624584717, 0.9764666952752286)",2,94.35967930349044,44479
"(0.8091777408637875, 0.9539707149009474)",1,94.35967519675104,44480
"(0.9326628892940788, 0.9572437766315318)",1,94.35967499142497,44481
"(0.8273694481451597, 0.9524973279746984)",2,94.3596052499755,44483
"(0.8360544217687076, 0.9516956990542454)",1,94.35938825006824,44484
"(0.8685023559648746, 0.9495014245014244)",2,94.35922471139293,44486
"(0.924772436620778, 0.9574976092405196)",1,94.35901581114568,44487
"(0.7574146783449108, 0.9882048106149588)",1,94.3588421969957,44488
"(0.8460636535055139, 0.964269276237512)",1,94.35882921167924,44489
"(0.8523797616070684, 0.9528125324922884)",1,94.35859438489555,44490
"(0.8325642300300746, 0.9559144017084672)",1,94.35857983919682,44491
"(0.8228213769860375, 0.9499987499687492)",1,94.3585771333463,44492
"(0.8972301136363636, 0.9498754528985508)",1,94.35849473611754,44493
"(0.927168159928675, 0.9499887474681804)",1,94.3582321352451,44494
"(0.9272595017275868, 0.9524854486686548)",1,94.35814304342028,44495
"(0.8976982097186702, 0.9833229101521784)",1,94.35785910016084,44496
"(0.8250850808981499, 0.95749335833724)",1,94.35768706232436,44497
"(0.8574563460059643, 0.9524925769651508)",1,94.35728094328536,44498
"(0.7073334452089277, 0.9574976092405196)",1,94.3571957077307,44499
"(0.9280459216361852, 0.970432434948564)",1,94.35694004282736,44500
"(0.8330958052404215, 0.9622641509433963)",1,94.3569169623351,44501
"(0.912099503362194, 0.9624978905063408)",1,94.35687841823685,44502
"(0.8547539417104635, 0.9624997656235352)",1,94.35683631594053,44503
"(0.8315416458960965, 0.9766918866148322)",1,94.35669931785878,44504
"(0.3772408116545969, 0.9689001719680772)",4,94.35626362239891,44508
"(0.746671365914787, 0.9646309224447688)",1,94.35626220912626,44509
"(0.633533044641739, 0.9399759903961584)",1,94.35625554677414,44510
"(0.8472645812528676, 0.9680383516315252)",1,94.3561926718183,44511
"(0.7011915690388763, 0.9342874730686364)",1,94.35610531814469,44512
"(0.8574563460059643, 0.9524925769651508)",1,94.35603714119124,44513
"(0.8547539417104635, 0.95749335833724)",1,94.35580178145705,44514
"(0.9124863259884356, 0.9574976092405196)",1,94.35580060662556,44515
"(0.812557599070401, 1.0)",1,94.35546298571182,44516
"(0.8975998588152243, 0.943552974917135)",1,94.35545027187442,44517
"(0.902192297684101, 0.9861310021084456)",1,94.35544667714768,44518
"(0.9014867374005304, 0.96196141192326)",1,94.35534272661737,44519
"(0.7943622269203664, 0.9764666952752286)",2,94.35510821072052,44521
"(0.931200007971039, 0.971012823495484)",1,94.35495927117256,44522
"(0.5990872838163477, 0.9649859943977592)",1,94.35459244327151,44523
"(0.9043086298506712, 0.9474602668267876)",1,94.35443330646962,44524
"(0.9153439153439156, 0.9833229101521784)",1,94.35439374312554,44525
"(0.8465785121888342, 0.94999499949995)",1,94.35434924846012,44526
"(0.987463247273494, 0.9876907322068612)",1,94.35430570420804,44527
"(0.8060399169850845, 0.9549988749718742)",1,94.3542568346702,44528
"(0.9499887474681804, 0.9474996718729491)",1,94.35422684020452,44529
"(0.5391505078485688, 0.9518108135836668)",3,94.35422444812863,44532
"(0.95749335833724, 0.9449504554098688)",1,94.35401104906926,44533
"(0.7075825156110616, 0.9734731918335766)",1,94.35382351750108,44534
"(0.8258470464352816, 0.9607612022680516)",1,94.35381481984771,44535
"(0.7611229730509549, 0.9539707149009474)",1,94.35379317994096,44536
"(0.8600428777729004, 0.9524640509385224)",1,94.35378523220996,44537
"(0.9833229101521784, 1.0)",1,94.35368412986443,44538
"(0.8399999999999999, 0.9449656035021888)",1,94.35363151035484,44539
"(0.9431186370412892, 0.9571428571428572)",1,94.3536308440177,44540
"(0.9004206187154333, 0.9690968282937898)",1,94.35354825474847,44541
"(0.9021765712888236, 0.9549988749718742)",2,94.35346940169649,44543
"(0.7259530953852703, 0.9643944553313464)",1,94.3532764153712,44544
"(0.9502288074111276, 0.9436438561438562)",1,94.35317484426136,44545
"(0.869750601552687, 0.960851077856154)",1,94.3531193438845,44546
"(0.9422394177612392, 0.9537330920118182)",4,94.35310146517097,44550
"(0.92974708952228, 0.9474734084130092)",1,94.35293211243028,44551
"(0.9499887474681804, 0.945)",3,94.35281551650658,44554
"(0.8151606266814369, 0.9424967654430562)",1,94.35274742530808,44555
"(0.912705831903945, 0.9495014245014244)",2,94.35266445657642,44557
"(0.9398496240601504, 0.9424967654430562)",1,94.35247259370524,44558
"(0.8967975785187935, 0.9324286277380484)",1,94.35239365833216,44559
"(0.9280076478086086, 0.9472063024694604)",1,94.35237143728487,44560
"(0.8137107474568775, 0.9535144014828052)",1,94.35236677952231,44561
"(0.943552974917135, 0.9714285714285714)",1,94.35236427302247,44562
"(0.950608853052493, 0.9471243233098142)",2,94.35230117388734,44564
"(0.9468391231269042, 0.9503333333333333)",1,94.35217326676046,44565
"(0.7931469298245613, 0.9559144017084672)",3,94.35215693684668,44568
"(0.6250748921647628, 0.9862505801515504)",1,94.3521045790258,44569
"(0.7173333912422846, 0.991802976870092)",1,94.35175929372107,44570
"(0.9285514825676116, 0.9708659377729586)",1,94.35166368602796,44571
"(0.9462256234379848, 0.9432380952380952)",1,94.35151381715758,44572
"(0.794899754009515, 0.9599909979745442)",3,94.3512753960654,44575
"(0.4737094237094237, 0.9861673414304992)",1,94.351235772809,44576
"(0.9262130464282252, 0.9600251550024655)",1,94.35121999451226,44577
"(0.7708232538005143, 0.9549988749718742)",1,94.35112088465084,44578
"(0.7547920901036461, 0.955510609293504)",1,94.3511017075024,44579
"(0.7930780217019975, 0.9559144017084672)",6,94.35109549257068,44585
"(0.6395938219147543, 0.9646309224447688)",2,94.35093910633636,44587
"(0.5465579710144928, 0.9799991249945312)",1,94.35091513077924,44588
"(0.9348370927318296, 0.959983993597439)",1,94.35075450156208,44589
"(0.8074780204479453, 0.9624545454545456)",1,94.35069968448792,44590
"(0.9422394177612392, 0.943455134862934)",1,94.35064075197867,44591
"(0.8685023559648746, 0.9495014245014244)",1,94.35061026939287,44592
"(0.9275802828069248, 0.9460809481025116)",1,94.3505278388456,44593
"(0.9463627709416984, 0.9572437766315318)",3,94.35052387001294,44596
"(0.5192654074004637, 0.9675355426229032)",1,94.35024455693164,44597
"(0.8388048698116161, 0.9861673414304992)",2,94.35020523090324,44599
"(0.9326599326599326, 1.0)",1,94.35019803048648,44600
"(0.8571777573149418, 0.9524973279746984)",1,94.35011630153866,44601
"(0.9269284534248317, 0.9764666952752286)",1,94.34989494591493,44602
"(0.978621888315766, 0.9713574016563148)",1,94.3497853810914,44603
"(0.8604306971015356, 0.972420634920635)",1,94.34978272684428,44604
"(0.8701817267182292, 0.964731521366774)",1,94.3497025777326,44605
"(0.9297812306740878, 1.0)",1,94.34968094747173,44606
"(0.9643944553313464, 0.9643944553313464)",1,94.3496724331024,44607
"(0.7304951237809453, 0.9643944553313464)",1,94.34965536084565,44608
"(0.8300265307680562, 1.0)",1,94.34934574194888,44609
"(0.9715593185206444, 0.9536268754076972)",1,94.34920305856356,44610
"(0.6496041991771884, 0.9692608993981562)",1,94.34915964972214,44611
"(0.8428938985542759, 0.9495014245014244)",2,94.3491261044588,44613
"(0.8691891027106093, 0.9433502169051704)",1,94.34908014111916,44614
"(0.8616465603190429, 0.9749910873440284)",1,94.34905284556127,44615
"(0.9014293255242536, 0.9323791344788114)",1,94.34902411875407,44616
"(0.7612958226768967, 1.0)",1,94.34898101322676,44617
"(0.8801420274178757, 0.9643944553313464)",1,94.34888517822694,44618
"(0.3300110741971206, 0.9538370349708868)",1,94.3487948998764,44619
"(0.8103667838961957, 0.9644491481508056)",2,94.3487688756574,44621
"(0.7786375661375661, 1.0)",1,94.348767025032,44622
"(0.7525252525252526, 0.9574997343733398)",1,94.34867976420364,44623
"(0.8263489874613754, 0.9474970467088774)",2,94.34867318656022,44625
"(0.6749447402728794, 0.9722222222222222)",1,94.34866454042276,44626
"(0.8957538774472412, 0.9516956990542454)",1,94.34864036662545,44627
"(0.6809855026116619, 0.9495058714870036)",1,94.34859315532356,44628
"(0.9499887474681804, 0.944998624965624)",3,94.34844682061438,44631
"(0.9198203842940684, 0.9469408453036384)",1,94.34840865274646,44632
"(0.9394971203231468, 0.960851077856154)",2,94.34839362915584,44634
"(0.7173333912422846, 0.9845837684758612)",1,94.34837198573598,44635
"(0.9310391447174572, 0.973986192549118)",1,94.3483671305077,44636
"(0.950608853052493, 0.9539272400433172)",1,94.34824090440794,44637
"(0.8060399169850845, 0.9474996718729491)",2,94.3481180359447,44639
"(0.7868967488760102, 0.9424708758809148)",1,94.34811457517382,44640
"(0.9250895679662802, 0.9502288074111276)",1,94.34796956208268,44641
"(0.9335837499903572, 0.94291309888229)",1,94.34789802865006,44642
"(0.846098299557419, 0.9861673414304992)",1,94.34751392489846,44643
"(0.9680383516315252, 0.9574285714285714)",1,94.34740576694854,44644
"(0.7884092310206264, 0.9650076460904662)",1,94.34737031926863,44645
"(0.8941425546930134, 0.9524854486686548)",1,94.3473265337538,44646
"(0.8845244231527244, 0.9538370349708868)",1,94.3473079464876,44647
"(0.8170562809603257, 0.9499799919967988)",1,94.34727888584102,44648
"(0.979051756240299, 0.9958292603453894)",1,94.34724537057102,44649
"(0.7729389061386163, 0.988167361639188)",2,94.34720207004725,44651
"(0.9535144014828052, 0.9575126626788776)",1,94.3471583624912,44652
"(0.9373666512059368, 0.9495058714870036)",1,94.34714585012296,44653
"(0.8651322276720679, 0.9424190267563762)",1,94.34695160515626,44654
"(0.8756569714184869, 0.9472063024694604)",1,94.34683094397484,44655
"(0.775671600877193, 0.9604782992262008)",1,94.34681971831976,44656
"(0.9247290244881574, 0.954995499549955)",4,94.34670935063345,44660
"(0.8997493734335841, 1.0)",1,94.34662134454877,44661
"(0.8807153660012098, 0.9619736581501288)",1,94.34635690464944,44662
"(0.8975764647467728, 0.9749656593406592)",1,94.34593609360512,44663
"(0.8497596153846153, 0.9474917955930616)",1,94.34585441566615,44664
"(0.8623833924582841, 0.9539707149009474)",1,94.34580004157138,44665
"(0.9394971203231468, 0.946730586052542)",1,94.34547112523562,44666
"(0.6179693015417549, 1.0)",2,94.3454233716876,44668
"(0.8915722651940667, 0.9549988749718742)",1,94.34538232986456,44669
"(0.8445612358655836, 0.9599909979745442)",1,94.3453723651896,44670
"(0.7845149314277182, 0.9549819927971188)",1,94.34534772693569,44671
"(0.6226174561728305, 0.9812425817589852)",1,94.34525669242474,44672
"(0.8040583964010628, 0.9426083954027524)",2,94.34519422303497,44674
"(0.7443793904649157, 0.9713993994579015)",1,94.3450730145666,44675
"(0.4697320193773013, 0.9787502324396712)",1,94.34498631322396,44676
"(0.8975764647467728, 0.9874957118353344)",2,94.34497653566284,44678
"(0.8138306443491046, 0.9580331374974232)",2,94.34495430171005,44680
"(0.7214747213672065, 0.9988653407824049)",1,94.34493286862826,44681
"(0.9170904871819552, 0.9539272400433172)",1,94.3448739659038,44682
"(0.8428883536673643, 0.9779870235853187)",1,94.34433132221535,44683
"(0.8544761140104375, 0.95749335833724)",3,94.3442580966629,44686
"(0.9069410647702764, 0.9549819927971188)",1,94.34418212340528,44687
"(0.9430491433261516, 0.942439249991643)",1,94.3441680839794,44688
"(0.8757850574494108, 0.9549819927971188)",1,94.344152781976,44689
"(0.8258470464352816, 0.9498754528985508)",2,94.34404268910562,44691
"(0.9412964149491664, 0.9355728260085928)",1,94.34394544694092,44692
"(0.6713315879864084, 0.9984848484848484)",3,94.34339702767922,44695
"(0.8352271364897016, 0.964269276237512)",1,94.34312662873975,44696
"(0.7073334452089277, 0.9549819927971188)",1,94.34289451016568,44697
"(0.876112115732369, 0.9537330920118182)",3,94.34272202949208,44700
"(0.8871966240387292, 0.972420634920635)",1,94.34263094518276,44701
"(0.8309403153153152, 0.9690968282937898)",1,94.34255070189636,44702
"(0.9503333333333333, 0.9571428571428572)",3,94.34249223167056,44705
"(0.911911525974026, 0.9537330920118182)",1,94.34243753885052,44706
"(0.9248798076923076, 0.9524997031231444)",1,94.34237407381669,44707
"(0.9287396277192196, 0.9713574016563148)",1,94.3423078519954,44708
"(0.9574285714285714, 0.9641967520703932)",1,94.34226921652616,44709
"(0.8015172217594739, 0.960572483841182)",1,94.34223827672564,44710
"(0.5685296942699924, 0.9776914252805632)",1,94.34209689313448,44711
"(0.7891673497098101, 0.9692608993981562)",1,94.34199185675745,44712
"(0.911577306111922, 0.9690968282937898)",1,94.34192647144783,44713
"(0.7823116219667945, 0.972420634920635)",1,94.3418922605249,44714
"(0.9008284445853814, 0.9495014245014244)",2,94.3418915493433,44716
"(0.8669543634004626, 0.9779263059241357)",1,94.3418136163206,44717
"(0.8201767124753505, 0.964731521366774)",1,94.34163527520587,44718
"(0.7344310184570442, 0.944998624965624)",1,94.3414769894575,44719
"(0.9043086298506712, 0.9474917955930616)",1,94.34145274847444,44720
"(0.903907191101469, 0.9462256234379848)",1,94.3414046310168,44721
"(0.8603847907087363, 0.9619736581501288)",1,94.34133567350366,44722
"(0.2707589122986075, 0.9539707149009474)",1,94.34106454608296,44723
"(0.7866204373351484, 0.9538331745788698)",1,94.34081408829972,44724
"(0.8736212624584717, 0.9643944553313464)",1,94.3407806254598,44725
"(0.9126363636363636, 0.9491363636363636)",1,94.34077740591071,44726
"(0.93600846667145, 0.9574285714285714)",2,94.34065622414468,44728
"(0.7186738340996477, 0.9722971455282776)",1,94.34040498559204,44729
"(0.8571777573149418, 0.9524973279746984)",1,94.3399780674293,44730
"(0.548203614371085, 0.9656673832323628)",1,94.3399121409394,44731
"(0.7833537331701346, 0.9764666952752286)",1,94.33981298832268,44732
"(0.7650091026244196, 0.9648252575884156)",1,94.33979326622304,44733
"(0.8325642300300746, 0.9734731918335766)",1,94.33978897368372,44734
"(0.7213157894736841, 0.9495014245014244)",1,94.33973815867064,44735
"(0.7650091026244196, 0.9690968282937898)",4,94.3394460653986,44739
"(0.7809828715722208, 0.9474734084130092)",1,94.33931119794956,44740
"(0.8832603710652491, 1.0)",1,94.33919512894852,44741
"(0.8811262654045816, 0.9574976092405196)",4,94.339190421849,44745
"(0.8441083830078137, 0.947426067907996)",1,94.33917592740286,44746
"(0.8484583260465807, 0.9668908035731208)",4,94.33914828494876,44750
"(0.5973423423423424, 0.9762510020799507)",1,94.3390435939867,44751
"(0.8472645812528676, 0.9498754528985508)",1,94.33903815142544,44752
"(0.946730586052542, 0.9540153992631536)",4,94.3390362960551,44756
"(0.8604189044038668, 0.9619736581501288)",1,94.3390293969195,44757
"(0.686734693877551, 0.9607612022680516)",4,94.33888793581134,44761
"(0.8222222222222222, 1.0)",1,94.33853008207224,44762
"(0.9749625285109156, 0.9958292603453894)",4,94.3384525153264,44766
"(0.9202657807308968, 0.9539707149009474)",1,94.33839382862564,44767
"(0.8623077787842691, 0.9573389777809668)",1,94.33830553502976,44768
"(0.7118798171565847, 0.964269276237512)",1,94.33828451609752,44769
"(0.8591722063944286, 0.9436368312757202)",1,94.3381655639078,44770
"(0.9599749843652282, 0.9474996718729491)",1,94.33801018121434,44771
"(0.5029069767441862, 0.9529751605618932)",1,94.33785680093013,44772
"(0.5029069767441862, 0.9767441860465116)",1,94.33754577784818,44773
"(0.7049247335867055, 0.9495014245014244)",1,94.33743503332478,44774
"(0.913060207336523, 0.9619736581501288)",1,94.33731262365828,44775
"(0.5070372093557577, 0.972281746031746)",1,94.33727652662256,44776
"(0.7145887100067465, 0.956240913452974)",1,94.33715096420524,44777
"(0.9301334774941756, 0.942439249991643)",1,94.33711441737462,44778
"(0.5070372093557577, 1.0)",2,94.33705812644406,44780
"(0.8044914258149553, 0.9861310021084456)",1,94.33705508833506,44781
"(0.8303529411764705, 0.940930997520722)",1,94.33685664361062,44782
"(0.9068661074437891, 0.9549898727213622)",4,94.33680213186756,44786
"(0.930124456440246, 0.9861673414304992)",1,94.33677204509556,44787
"(0.7027263407347917, 0.9735486410250802)",1,94.3367650962778,44788
"(0.8898894074675324, 0.9540153992631536)",3,94.33670610701084,44791
"(0.8221871747362275, 0.9729687523891188)",2,94.33667505360656,44793
"(0.9425645194066248, 0.95)",1,94.33658909084892,44794
"(0.8275581095807398, 0.960572483841182)",1,94.33646510408,44795
"(0.9156086605607608, 0.9646309224447688)",1,94.33641485129016,44796
"(0.8645391194171682, 0.9749052909377262)",1,94.33631184478482,44797
"(0.8613150576270225, 0.9600251550024655)",1,94.33630436992978,44798
"(0.9466127311522048, 0.991206314397104)",1,94.33606541120416,44799
"(0.7970846609283874, 0.9649927307623792)",3,94.33588897916644,44802
"(0.9273504273504276, 0.9535144014828052)",1,94.33581376217896,44803
"(0.8091777408637875, 0.9539707149009474)",1,94.33569642202454,44804
"(0.8544761140104375, 0.9524854486686548)",1,94.33569166818508,44805
"(0.843730230395311, 0.9764666952752286)",1,94.33565333401468,44806
"(0.8228213769860375, 0.9474996718729491)",3,94.3355874378681,44809
"(0.9261858974358974, 0.9619736581501288)",1,94.33554421079592,44810
"(0.8975998588152243, 0.9540153992631536)",1,94.33549925520296,44811
"(0.8951521235521236, 0.960666032023912)",1,94.33545169103722,44812
"(0.8224316126353314, 0.9440529448756316)",1,94.33538884932504,44813
"(0.9524640509385224, 0.9574997343733398)",2,94.33502882469548,44815
"(0.7118798171565847, 0.964269276237512)",1,94.33493622548478,44816
"(0.8581022152450725, 0.972045976510262)",1,94.3347539102702,44817
"(0.8399999999999999, 0.9474734084130092)",1,94.334318613351,44818
"(0.8353823801019199, 0.960851077856154)",3,94.33409670955358,44821
"(0.7778533896115083, 0.9606593486924077)",1,94.33390661500822,44822
"(0.9171764705882351, 0.9574976092405196)",1,94.33390563691864,44823
"(0.8957538774472412, 0.9557886530559612)",1,94.33389915119736,44824
"(0.4788541666666667, 0.9724876138524672)",1,94.3338979700357,44825
"(0.727962128872139, 0.9539707149009474)",1,94.33387253567189,44826
"(0.8016677935542034, 0.9833229101521784)",2,94.33383231550889,44828
"(0.9833229101521784, 0.9833229101521784)",2,94.33381529266664,44830
"(0.9021765712888236, 0.9649991249781243)",2,94.33359542047116,44832
"(0.869254101161996, 0.9601502499942144)",1,94.333389617037,44833
"(0.8404355452872972, 0.958109559613319)",1,94.33331108765806,44834
"(0.9017623122369548, 0.9362689940183164)",1,94.33319416178604,44835
"(0.4143158038414955, 0.9706086817728048)",4,94.3331093990838,44839
"(0.8207953412961668, 0.9679039437693008)",1,94.33305461654048,44840
"(0.5466837142306626, 0.9861673414304992)",1,94.33293802672122,44841
"(0.5315840982557501, 0.9662154295104406)",4,94.33272774274748,44845
"(0.8613150576270225, 0.9690968282937898)",1,94.33271871709304,44846
"(0.8616465603190429, 0.9749656593406592)",4,94.33269942463448,44850
"(0.8326352665776878, 0.9536268754076972)",1,94.33266580100764,44851
"(0.7167218248460909, 0.960376642453574)",3,94.3326219067669,44854
"(0.7583018074821354, 0.9574784734771978)",1,94.33246303392438,44855
"(0.8619607843137254, 0.94999499949995)",1,94.33225254392376,44856
"(0.7931469298245613, 0.964523301198322)",1,94.33220074473816,44857
"(0.8898894074675324, 0.950431439792024)",1,94.3321882881076,44858
"(0.7118798171565847, 0.964269276237512)",1,94.33211033840573,44859
"(0.8619023359137593, 0.9690057499955)",1,94.33209774569956,44860
"(0.950431439792024, 0.9540153992631536)",1,94.33202448429316,44861
"(0.9569233895549684, 0.9680383516315252)",1,94.33201685213606,44862
"(0.891143553556146, 0.9427662613218292)",1,94.33182137775638,44863
"(0.8492240300928687, 0.964523301198322)",1,94.33170808912182,44864
"(0.8467785183482723, 0.94999499949995)",1,94.33153660648458,44865
"(0.6394191498302587, 0.9604782992262008)",1,94.33131110022016,44866
"(0.9833229101521784, 1.0)",1,94.33127215467388,44867
"(0.7802197802197803, 1.0)",1,94.33125477300509,44868
"(0.8547539417104635, 0.9424823852304768)",1,94.33120918090106,44869
"(0.8877034517510707, 0.9861673414304992)",1,94.33115459899136,44870
"(0.9165164082221422, 0.986081059422206)",2,94.33090724242156,44872
"(0.9468391231269042, 0.9366938775510204)",2,94.33087268588936,44874
"(0.9791258409522168, 0.9874877810361682)",4,94.33086923242428,44878
"(0.944911858974359, 0.94)",1,94.33049550909404,44879
"(0.8993301094022514, 0.9495014245014244)",1,94.33039609526584,44880
"(0.6500643039705666, 0.9779263059241357)",3,94.33025087090498,44883
"(0.3629356836243083, 0.9655050157306286)",1,94.33023152173914,44884
"(0.7313293623054037, 0.974999863037714)",2,94.33010092052083,44886
"(0.7848602813784739, 0.9909301370885202)",1,94.33009524996442,44887
"(0.841184456569072, 0.9574784734771978)",1,94.33008293955304,44888
"(0.9287396277192196, 0.9503333333333333)",1,94.32998996018728,44889
"(0.8814814814814814, 1.0)",1,94.32994472423042,44890
"(0.5312756357670222, 0.9825)",1,94.32984899848807,44891
"(0.9491452991452992, 0.9642857142857144)",1,94.32982574182893,44892
"(0.8801420274178757, 0.9643944553313464)",1,94.32976395545468,44893
"(0.7678405315614618, 0.9764666952752286)",1,94.32974321772473,44894
"(0.7778393157470125, 0.976761412575366)",1,94.32967043139315,44895
"(0.8010054664946871, 0.9861673414304992)",1,94.32933056119884,44896
"(0.9603476243044132, 0.9538331745788698)",1,94.3292521816713,44897
"(0.7931486840292131, 0.9495014245014244)",1,94.32924625116044,44898
"(0.642393019586002, 0.964731521366774)",1,94.32919826709973,44899
"(0.5406843573461177, 0.9650450950662368)",1,94.32906579463146,44900
"(0.8593554593554595, 0.9861673414304992)",2,94.32886610343812,44902
"(0.9041196741854636, 0.943394647849196)",2,94.32880571019022,44904
"(0.6290913377428313, 0.949982799492116)",1,94.32860090833196,44905
"(0.8099604803972105, 0.9646309224447688)",1,94.32854752575204,44906
"(0.6043417366946778, 0.9610153569597296)",3,94.32852684243434,44909
"(0.9253777472527472, 0.9749656593406592)",1,94.32843635605546,44910
"(0.8269995078134613, 0.9495014245014244)",1,94.3283788757181,44911
"(0.5999599959995999, 0.96)",4,94.32836104236902,44915
"(0.8993128964059197, 0.9398731501057084)",1,94.32828742648633,44916
"(0.7580266955266955, 0.9861673414304992)",1,94.32821609774982,44917
"(0.5363990257063117, 0.9996210215628012)",3,94.3281144721644,44920
"(0.8333333333333333, 0.964731521366774)",3,94.3280943111212,44923
"(0.774892691053337, 0.9470972820501607)",1,94.32807142063685,44924
"(0.937386905097332, 0.9424564827150532)",1,94.32803653091928,44925
"(0.919542746211962, 0.9497439544807966)",1,94.32799122427758,44926
"(0.7620265151515151, 0.9749656593406592)",1,94.32772570467002,44927
"(0.8756569714184869, 0.9468391231269042)",1,94.327685613697,44928
"(0.8131546784916719, 0.9574784734771978)",1,94.32759693882107,44929
"(0.9348370927318296, 0.9299982499562488)",1,94.3275170707195,44930
"(0.5250280969784772, 0.9687505372109416)",1,94.3274281293904,44931
"(0.943552974917135, 0.9604593619418418)",1,94.32729771794958,44932
"(0.7604228876645498, 0.9495014245014244)",1,94.32728830887334,44933
"(0.8390424521630195, 0.9861673414304992)",1,94.32728768239876,44934
"(0.8880984643179766, 0.9580331374974232)",1,94.32727177130846,44935
"(0.7179548459289354, 0.9685741406064452)",1,94.32720916312496,44936
"(0.8650180064096209, 0.9559144017084672)",1,94.32717022628034,44937
"(0.7756320245634175, 0.9692486736330386)",3,94.32711140144114,44940
"(0.9641028246291404, 0.9494594905410846)",1,94.32706681714892,44941
"(0.8422693146507633, 0.9516956990542454)",1,94.32705402687198,44942
"(0.9354654378932672, 0.9685790189957106)",1,94.32696528837516,44943
"(0.8941425546930134, 0.9474996718729491)",3,94.32683772752824,44946
"(0.9499887474681804, 0.9474996718729491)",3,94.3267091593738,44949
"(0.9833229101521784, 0.9833229101521784)",1,94.32663199857124,44950
"(0.7800511508951407, 0.9549898727213622)",5,94.32661054500566,44955
"(0.4060631229235881, 0.9749910873440284)",2,94.32660612617543,44957
"(0.9160323884095494, 0.9540153992631536)",1,94.3264708781317,44958
"(0.7871012248777423, 0.951892755797645)",1,94.32611803226187,44959
"(0.7868967488760102, 0.9449656035021888)",1,94.32603070955648,44960
"(0.8268235294117647, 0.954995499549955)",1,94.32602033165404,44961
"(0.6329443208101642, 0.967905680157313)",4,94.32598557294676,44965
"(0.8795247311963099, 0.9540153992631536)",1,94.32597985158635,44966
"(0.5999599959995999, 0.96)",3,94.32563444253826,44969
"(0.6752157640658086, 0.9927295750796008)",1,94.3255701696829,44970
"(0.9388917411828462, 0.93600846667145)",1,94.3253890135792,44971
"(0.9641028246291404, 0.9566795633209296)",1,94.3251964440174,44972
"(0.8228052921446022, 0.9619736581501288)",2,94.3251947452008,44974
"(0.4042348186801185, 0.9631335618699842)",1,94.3250144466974,44975
"(0.863869697334692, 0.9691818330194464)",1,94.32498795858254,44976
"(0.9326628892940788, 0.9575126626788776)",1,94.32498497315426,44977
"(0.8804215399610136, 0.991206314397104)",1,94.32485715044722,44978
"(0.8443391110742514, 0.9499887474681804)",1,94.3247492583089,44979
"(0.7388695158543508, 0.956140350877193)",1,94.32466482139934,44980
"(0.860351329677713, 0.9539707149009474)",1,94.32462581230138,44981
"(0.7720986603035019, 0.9992416608232524)",1,94.32454526516754,44982
"(0.9422394177612392, 0.960666032023912)",1,94.3244912314534,44983
"(0.9791258409522168, 0.9832184229069656)",1,94.32446232217768,44984
"(0.8512737540052664, 0.955510609293504)",1,94.32439023834046,44985
"(0.8916138279602192, 0.978518051242236)",1,94.32432280217988,44986
"(0.5389509930878212, 0.956240913452974)",1,94.32430651881675,44987
"(0.8868202139097957, 0.9449656035021888)",2,94.32427704658026,44989
"(0.486629218999443, 0.9564180337206656)",1,94.32400962848024,44990
"(0.8428938985542759, 0.9622641509433963)",1,94.3239359170972,44991
"(0.9377148530109056, 0.9736189431913116)",1,94.32341355658164,44992
"(0.7580266955266955, 0.9861673414304992)",2,94.32338804864813,44994
"(0.7246022031823744, 0.9574976092405196)",1,94.32320264351324,44995
"(0.8686037591100882, 0.9538331745788698)",1,94.3231848279398,44996
"(0.9227792207792208, 0.9607612022680516)",3,94.32291883326572,44999
"(0.842200034135518, 0.9610899532226684)",2,94.32276326419574,45001
"(0.8974984433303618, 0.9916339869281046)",1,94.3224159627373,45002
"(0.929787607512726, 0.949954959463517)",3,94.32235440739854,45005
"(0.9540153992631536, 0.9346153846153848)",1,94.32235350427275,45006
"(0.6725024794709796, 0.9764666952752286)",1,94.32230273504204,45007
"(0.9524854486686548, 0.9499987499687492)",1,94.32221976149688,45008
"(0.8574011356980978, 0.9474602668267876)",2,94.32210714994174,45010
"(0.8547352052419953, 0.9643944553313464)",1,94.32209039167148,45011
"(0.8226000003393725, 0.9646309224447688)",1,94.32199434263964,45012
"(0.8633407843934159, 0.9556541264979026)",1,94.3217272818789,45013
"(0.775671600877193, 0.9509789498203932)",1,94.32171010950212,45014
"(0.7932560759697408, 0.9473684210526316)",1,94.3216775992612,45015
"(0.8715701474388204, 0.9861310021084456)",1,94.32165324871129,45016
"(0.7084717607973421, 0.9650076460904662)",1,94.32156825904244,45017
"(0.939055706563049, 0.9574285714285714)",1,94.3215673773296,45018
"(0.9007161410018553, 0.9643698138596096)",2,94.32152353769504,45020
"(0.6983464132286942, 0.9767441860465116)",1,94.3211505475565,45021
"(0.8560274494853222, 0.9539707149009474)",1,94.32107508119364,45022
"(0.9449779911964784, 0.93999399939994)",1,94.32105570689656,45023
"(0.7956953792242888, 0.9599959995999598)",6,94.3209818230336,45029
"(0.6215073982652175, 1.0)",1,94.32095266647308,45030
"(0.5708341567310015, 0.9649122807017544)",2,94.32087966640847,45032
"(0.9202657807308968, 0.9539707149009474)",1,94.32061006919636,45033
"(0.917001490200517, 0.9474444882407044)",2,94.32060650629693,45035
"(0.8662655059929975, 0.9604782992262008)",1,94.32040437862156,45036
"(0.7052954993091118, 0.990457562024876)",1,94.32032873633456,45037
"(0.6519590950539392, 0.964731521366774)",1,94.32007393466984,45038
"(0.8100807574491785, 0.9559144017084672)",3,94.32006779349024,45041
"(0.8766640111271459, 0.9571428571428572)",1,94.31996361105344,45042
"(0.7729742929217565, 0.9719594114534664)",1,94.31990696048362,45043
"(0.9283935041407868, 0.9502288074111276)",1,94.31963003950963,45044
"(0.9253777472527472, 0.9747507916611692)",1,94.31953813686144,45045
"(0.9247290244881574, 0.9574976092405196)",4,94.31949163187072,45049
"(0.9645938855657314, 0.9571428571428572)",1,94.31939325949664,45050
"(0.8685023559648746, 0.9495014245014244)",2,94.31923856658976,45052
"(0.9499987499687492, 0.9424708758809148)",1,94.319014481381,45053
"(0.8252422194238135, 0.944911858974359)",1,94.3189568844493,45054
"(0.8475002808673183, 0.9722222222222222)",1,94.31889666744355,45055
"(0.8624785122675419, 0.9474996718729491)",2,94.31870090218544,45057
"(0.3821719537723012, 0.9739815768479212)",4,94.31855219207884,45061
"(0.9535144014828052, 0.9644491481508056)",2,94.31849546792684,45063
"(0.8686037591100882, 0.950431439792024)",1,94.31847268336942,45064
"(0.9575126626788776, 0.9573389777809668)",1,94.31837626114287,45065
"(0.8631918334993627, 0.9833229101521784)",1,94.31821908179452,45066
"(0.2955962541488857, 0.9601502499942144)",1,94.3180471085819,45067
"(0.8616465603190429, 0.9749656593406592)",2,94.31800730998673,45069
"(0.4143158038414955, 0.9520121313093916)",2,94.31795678943573,45071
"(0.2707589122986075, 0.9539707149009474)",1,94.31780675554116,45072
"(0.7419282777491291, 0.9877150243874704)",1,94.31778469692097,45073
"(0.5964912280701754, 0.960376642453574)",1,94.31762848004676,45074
"(0.8467785183482723, 0.9448883990079912)",1,94.31757941260962,45075
"(0.9247290244881574, 0.9524640509385224)",1,94.31729234855412,45076
"(0.8566261808367072, 0.9557886530559612)",1,94.3172031124631,45077
"(0.9382963205525124, 0.9495014245014244)",1,94.31718622094137,45078
"(0.7956953792242888, 0.9474734084130092)",1,94.31707096011012,45079
"(0.8885908209437621, 0.9537330920118182)",1,94.31660216521884,45080
"(0.9502288074111276, 0.9537330920118182)",1,94.31642084930031,45081
"(0.9036596119929452, 0.9580331374974232)",1,94.31625705165456,45082
"(0.9624885121068328, 0.945)",2,94.31602608716736,45084
"(0.8491340807583629, 0.972252530763169)",1,94.3159848461788,45085
"(0.95749335833724, 0.9424392014064856)",1,94.31579995426308,45086
"(0.9300655321826798, 0.9682431562541598)",1,94.31570506569663,45087
"(0.863869697334692, 0.9690057499955)",1,94.31566793903212,45088
"(0.9916585206907788, 0.8319404298898622)",1,94.3153364455382,45089
"(0.8662655059929975, 0.9649927307623792)",1,94.31532962185544,45090
"(0.8137861130877186, 0.964269276237512)",1,94.31527381686917,45091
"(0.4954100367197062, 0.9539707149009474)",1,94.31526431931056,45092
"(0.8933617810760668, 0.9540153992631536)",1,94.31523033486428,45093
"(0.8766640111271459, 0.9498754528985508)",1,94.3152192739104,45094
"(0.9080024622960912, 0.9516956990542454)",1,94.31511916622904,45095
"(0.9574285714285714, 0.9715593185206444)",1,94.31505120643185,45096
"(0.5049009603841538, 0.9700005625316424)",1,94.31503366472973,45097
"(0.8321429246263439, 0.972420634920635)",1,94.31487653512636,45098
"(0.8847822547822548, 0.9861673414304992)",1,94.31480713262756,45099
"(0.9422394177612392, 0.9537330920118182)",1,94.31480069894546,45100
"(0.8416827657517105, 0.9861310021084456)",1,94.3147887933686,45101
"(0.4199060500015764, 0.9524854486686548)",1,94.31474555307622,45102
"(0.9094202898550724, 0.9374339145722668)",3,94.31460433516489,45105
"(0.8768488063660478, 0.9749656593406592)",2,94.31439069829366,45107
"(0.8091777408637875, 0.9539707149009474)",1,94.31421594387068,45108
"(0.7524760273298283, 0.9690057499955)",1,94.31409792339568,45109
"(0.792575421183231, 0.956140350877193)",1,94.31396681443351,45110
"(0.4810495602370786, 0.9539707149009474)",1,94.31388062872183,45111
"(0.9102539775554236, 0.9791102677630192)",1,94.31385393307818,45112
"(0.9524973279746984, 0.93999399939994)",2,94.31365023939269,45114
"(0.935554153726708, 0.9575126626788776)",3,94.31356670427311,45117
"(0.8552744708994707, 1.0)",1,94.31345920346776,45118
"(0.9539272400433172, 0.9573389777809668)",1,94.31317897371234,45119
"(0.8219317364145453, 0.9735486410250802)",1,94.31314335383948,45120
"(0.8173762627724085, 0.9499687304565354)",1,94.31307068597177,45121
"(0.682074987159733, 0.9538370349708868)",1,94.31291204039437,45122
"(0.6746811878062335, 0.9749979225679434)",2,94.31276750821948,45124
"(0.8757850574494108, 0.9499198717948718)",2,94.31271021630069,45126
"(0.8310457516339869, 0.95281045751634)",1,94.31254776765128,45127
"(0.8915010570824524, 0.9388945062352544)",1,94.3122647751839,45128
"(0.6746336326928433, 0.964731521366774)",6,94.31205425765184,45134
"(0.7323695788812067, 0.9766918866148322)",1,94.31204816617354,45135
"(0.9549718574108818, 0.949954959463517)",1,94.31200524671354,45136
"(0.7932043650793651, 0.960851077856154)",3,94.3118816175257,45139
"(0.8770575330421131, 0.9682409813825046)",1,94.31185541843772,45140
"(0.7497774934022918, 0.9539707149009474)",1,94.3117944889608,45141
"(0.7481666755361609, 0.9764666952752286)",1,94.31176274513138,45142
"(0.9571428571428572, 0.95)",1,94.31152571641788,45143
"(0.805606866826574, 0.9384442007797272)",2,94.3114964851656,45145
"(0.8996408045977011, 0.9495058714870036)",1,94.31148079711608,45146
"(0.7513314536340852, 0.960376642453574)",3,94.31110543180806,45149
"(0.6809855026116619, 0.9749910873440284)",1,94.31101090448188,45150
"(0.9272156862745098, 0.9499987499687492)",2,94.31096596541732,45152
"(0.8494167439328729, 0.9916585206907788)",1,94.31069159000016,45153
"(0.9539272400433172, 0.960851077856154)",5,94.31055802372224,45158
"(0.5964912280701754, 0.9692608993981562)",1,94.31047613378134,45159
"(0.6886904761904762, 1.0)",1,94.31042806131856,45160
"(0.8091777408637875, 0.9419039311639736)",1,94.31032212835832,45161
"(0.9028964862298196, 0.972420634920635)",1,94.3103172686308,45162
"(0.3742683280208634, 0.9289986228605154)",1,94.3101132706148,45163
"(0.8138306443491046, 0.9580331374974232)",1,94.30991604840416,45164
"(0.8957538774472412, 0.969334154098697)",1,94.30988759838256,45165
"(0.9610153569597296, 0.9610153569597296)",2,94.30984868569782,45167
"(0.8014564052299902, 0.9524973279746984)",5,94.30976525287076,45172
"(0.7687856874160781, 0.996363482946768)",1,94.3097275863092,45173
"(0.8325642300300746, 0.9648252575884156)",1,94.30961552552724,45174
"(0.4667544811866356, 0.974990281087842)",2,94.30946084362785,45176
"(0.9540153992631536, 0.95)",1,94.30944986798632,45177
"(0.900983347688774, 0.972252530763169)",1,94.30935919478888,45178
"(0.9422394177612392, 0.9537330920118182)",3,94.3093393083015,45181
"(0.8547539417104635, 0.9474917955930616)",1,94.3093252887525,45182
"(0.9109491978609624, 0.9619736581501288)",1,94.30932191283011,45183
"(0.937386905097332, 0.9524925769651508)",1,94.30930012556,45184
"(0.8768488063660478, 0.962470105966915)",2,94.30926954335617,45186
"(0.9273504273504276, 0.9537330920118182)",1,94.3092644572202,45187
"(0.8193419055822156, 0.9861673414304992)",1,94.3091962265067,45188
"(0.8627397499800719, 0.9691818330194464)",1,94.30908526819192,45189
"(0.7604228876645498, 0.9495014245014244)",1,94.30900912150337,45190
"(0.932201731346617, 0.9643944553313464)",1,94.30899166173664,45191
"(0.9460809481025116, 0.9459285785969274)",1,94.30879293789152,45192
"(0.8477957771158952, 0.9635104815856472)",4,94.3086566746886,45196
"(0.6085487618529295, 0.9650450950662368)",1,94.30855384585072,45197
"(0.7943622269203664, 0.95153153367707)",1,94.30850132989876,45198
"(0.9188863189008992, 0.9650450950662368)",1,94.30840916353378,45199
"(0.8567210567210567, 0.9722222222222222)",1,94.30838221544444,45200
"(0.861957198953386, 0.9643944553313464)",1,94.3083785511992,45201
"(0.7800511508951407, 0.9574784734771978)",2,94.30822843882032,45203
"(0.9165867390570612, 0.9538331745788698)",1,94.30806893344136,45204
"(0.9462256234379848, 0.9574285714285714)",1,94.30795573752874,45205
"(0.7708796965987909, 0.9861673414304992)",1,94.30784109777716,45206
"(0.944911858974359, 0.9474917955930616)",1,94.3077849355886,45207
"(0.8045672878635017, 0.9574997343733398)",1,94.30776973083448,45208
"(0.5432504285293999, 0.9662507910267488)",1,94.30762309468167,45209
"(0.5169410170491575, 0.9969604786954545)",2,94.30728795699572,45211
"(0.8930530569999261, 0.940930997520722)",6,94.3072322553881,45217
"(0.682074987159733, 0.9650076460904662)",1,94.30713073124738,45218
"(0.9599989999749994, 0.939903846153846)",1,94.3067920543101,45219
"(0.7630195891065458, 0.954995499549955)",1,94.30679092304838,45220
"(0.9624871355060034, 0.9619736581501288)",1,94.3067857661896,45221
"(0.8231949239400151, 0.9491363636363636)",1,94.30674556236222,45222
"(0.8547756205106323, 1.0)",1,94.3066935042772,45223
"(0.8029092456511812, 0.9641739783857846)",2,94.30664400383024,45225
"(0.8993301094022514, 0.9495014245014244)",2,94.30657648059918,45227
"(0.8724354204315935, 0.9474970467088774)",1,94.3065373191965,45228
"(0.9445235834124724, 1.0)",1,94.30643312137632,45229
"(0.8997493734335841, 1.0)",1,94.3063889671814,45230
"(0.8436532894080064, 0.9440529448756316)",1,94.30623771768911,45231
"(0.5872553328883607, 0.9559144017084672)",2,94.30614172715912,45233
"(0.8544761140104375, 0.9574784734771978)",5,94.30608584551968,45238
"(0.8619023359137593, 0.9604782992262008)",1,94.30604569865768,45239
"(0.946730586052542, 0.9505232430050672)",1,94.30572755811144,45240
"(0.5897435897435898, 0.9549988749718742)",1,94.30570747922268,45241
"(0.9424967654430562, 0.9574784734771978)",1,94.3056723277722,45242
"(0.8100807574491785, 0.956140350877193)",1,94.3056080470498,45243
"(0.8322510822510822, 0.9861673414304992)",2,94.30513104747496,45245
"(0.8451478848040399, 0.972045976510262)",2,94.30509882514563,45247
"(0.8860074211502783, 0.9575126626788776)",1,94.30494267302608,45248
"(0.8703996834190741, 0.969334154098697)",1,94.3049220931204,45249
"(0.9247290244881574, 0.96)",1,94.30484013638876,45250
"(0.8143540514876735, 0.9377148530109056)",1,94.30449202762024,45251
"(0.8028720724362646, 0.9559144017084672)",1,94.30438771678271,45252
"(0.9225446428571428, 0.9749656593406592)",1,94.3043745271546,45253
"(0.3593082318976406, 0.9682362812687086)",1,94.30422048169152,45254
"(0.7399606127866998, 0.9495014245014244)",1,94.30404246471798,45255
"(0.5653455329500221, 0.9495058714870036)",1,94.3040179533826,45256
"(0.7190044489213464, 0.9604782992262008)",1,94.30397722921349,45257
"(0.8755069547906272, 0.9556541264979026)",2,94.3039457176818,45259
"(0.9788980434141724, 0.991777356103732)",4,94.30382738428705,45263
"(0.4066370577143491, 0.9539707149009474)",1,94.30379893324232,45264
"(0.8750020493421985, 0.9557886530559612)",3,94.30356767680962,45267
"(0.934868107918535, 0.9499987499687492)",3,94.303447960132,45270
"(0.8321429246263439, 0.9293598200132946)",1,94.30344380166896,45271
"(0.8453642237906118, 0.9609357631051972)",2,94.30339541691136,45273
"(0.925438675470188, 0.9749656593406592)",2,94.30320192232564,45275
"(0.4666099856929945, 0.9674985776894176)",1,94.3031861683565,45276
"(0.8892914653784219, 0.9499987499687492)",1,94.30292989075622,45277
"(0.5413458981722867, 0.98999899959984)",1,94.3028712534527,45278
"(0.8662285714285716, 0.946730586052542)",1,94.30283796629824,45279
"(0.8372053872053872, 0.9833229101521784)",1,94.30281777722152,45280
"(0.7931486840292131, 0.9495014245014244)",2,94.302622128692,45282
"(0.929936943248924, 0.9374119856047568)",1,94.30207295343548,45283
"(0.3987913031507923, 0.9675480055319066)",1,94.3019453925235,45284
"(0.917001490200517, 0.96)",2,94.30194479857212,45286
"(0.8325642300300746, 0.964523301198322)",1,94.30175696184062,45287
"(0.846098299557419, 0.972420634920635)",2,94.301599463652,45289
"(0.9036271334014516, 0.9655362609256052)",1,94.3015300053438,45290
"(0.8467785183482723, 0.9424967654430562)",1,94.30140596033218,45291
"(0.8650180064096209, 0.964731521366774)",1,94.30139567068416,45292
"(0.925, 0.9495014245014244)",1,94.30135733004848,45293
"(0.6714039267230757, 0.9524925769651508)",1,94.30134510613682,45294
"(0.922324745206372, 0.9574997343733398)",1,94.30132554382554,45295
"(0.8267756716773511, 0.9692608993981562)",1,94.30130227330758,45296
"(0.8014564052299902, 0.9524973279746984)",1,94.30123148624136,45297
"(1.0, 1.0)",1,94.301125490741,45298
"(0.8178923727890101, 0.9691818330194464)",1,94.30111639017044,45299
"(0.7447170736590969, 0.9779870235853187)",1,94.30108102777656,45300
"(0.6415148305084746, 0.9749910873440284)",2,94.30086876722116,45302
"(0.8807153660012098, 0.9619736581501288)",1,94.30086001315227,45303
"(0.9093334120185448, 0.9609357631051972)",1,94.30081706956884,45304
"(0.9310391447174572, 0.974323831995936)",4,94.30060116939806,45308
"(0.9574285714285714, 0.9572437766315318)",1,94.3004735938115,45309
"(0.9833229101521784, 1.0)",1,94.30008952089256,45310
"(0.9299160159815896, 1.0)",1,94.30004718554495,45311
"(0.485879976270526, 0.9962234314047176)",2,94.3000092856376,45313
"(0.9326628892940788, 0.9574285714285714)",1,94.29991276708655,45314
"(0.9164652836623464, 1.0)",1,94.29989240045576,45315
"(0.917955241105926, 0.9574285714285714)",2,94.29987932192113,45317
"(0.9067863328609668, 0.94999499949995)",2,94.29985198999636,45319
"(0.9399459513562204, 0.942491014220972)",1,94.29984991889472,45320
"(0.5782855852974957, 0.9945619721915424)",1,94.29956143730848,45321
"(0.8492240300928687, 0.9736189431913116)",1,94.29952973152298,45322
"(0.4746244400103808, 0.9515714518877016)",3,94.29930634865318,45325
"(0.9228120179844318, 0.9666080798450096)",1,94.2992892029612,45326
"(0.8475002808673183, 0.9861673414304992)",1,94.2991811969295,45327
"(0.9165164082221422, 1.0)",1,94.2991604540036,45328
"(0.8458807849973786, 0.9524997031231444)",1,94.2989119201626,45329
"(0.8868677229932935, 0.969334154098697)",1,94.29889595632292,45330
"(0.8267756716773511, 0.9736189431913116)",1,94.29887683871564,45331
"(0.8060399169850845, 0.9524973279746984)",2,94.29885581758886,45333
"(0.6458122469635628, 0.960376642453574)",1,94.29878026476112,45334
"(0.9275802828069248, 0.9535144014828052)",1,94.29871400645465,45335
"(0.9069410647702764, 0.9499987499687492)",1,94.2986622621638,45336
"(0.960851077856154, 0.9537330920118182)",1,94.29863042444728,45337
"(0.9388917411828462, 0.9427148033126296)",2,94.29839853248066,45339
"(0.7758504483774366, 0.9049337988274818)",1,94.29836725421114,45340
"(0.9469408453036384, 0.9469408453036384)",1,94.29829284511864,45341
"(0.9068661074437891, 0.949938674876724)",1,94.29828252638234,45342
"(0.6378166586499919, 1.0)",1,94.29812650371834,45343
"(0.9280076478086086, 0.9574285714285714)",1,94.29808747538895,45344
"(0.860351329677713, 0.943189758511236)",1,94.29791673097348,45345
"(0.8807153660012098, 0.9619736581501288)",1,94.29784834420111,45346
"(0.9388917411828462, 0.9571428571428572)",1,94.29781536685373,45347
"(0.893939393939394, 0.9474996718729491)",3,94.2976696748616,45350
"(0.5601948763955342, 0.9604782992262008)",3,94.29760220220736,45353
"(0.8224713709935384, 0.9496053534660264)",1,94.29752347893648,45354
"(0.92974708952228, 0.9524759409451032)",1,94.29744899448836,45355
"(0.7578328648096089, 0.9764666952752286)",1,94.2973995065326,45356
"(0.9497171590194848, 0.9833229101521784)",1,94.2973448234604,45357
"(0.7525252525252526, 0.9599989999749994)",1,94.29726409992548,45358
"(0.8872085807165035, 0.9575913511472004)",1,94.29725527615716,45359
"(0.763830245642582, 0.972630627470307)",4,94.296728747228,45363
"(0.8349608011027915, 0.960739036202606)",1,94.29666209060215,45364
"(0.9303901487133776, 0.9538331745788698)",1,94.29661250202015,45365
"(0.8071948928825261, 0.9861673414304992)",1,94.29660052706691,45366
"(0.5070372093557577, 0.972281746031746)",1,94.29654538695628,45367
"(0.9273504273504276, 0.9571428571428572)",1,94.29644499254418,45368
"(0.7543252595155708, 0.9529020477370548)",1,94.29636251100078,45369
"(0.9240756756756756, 0.9645238095238096)",1,94.2963437711176,45370
"(0.5536430525672695, 0.9764666952752286)",1,94.29624898033006,45371
"(0.9382963205525124, 0.9622641509433963)",1,94.2962277823302,45372
"(0.8222222222222222, 1.0)",1,94.29616191696358,45373
"(0.6444891298012474, 0.972281746031746)",1,94.2961452524602,45374
"(0.786508365740383, 0.988167361639188)",1,94.29604537966716,45375
"(0.7979797979797979, 1.0)",1,94.2960019200813,45376
"(0.9459285785969274, 0.9680383516315252)",1,94.2957441363318,45377
"(0.5345536229727782, 0.9695872759852848)",1,94.295685921018,45378
"(0.875, 0.9747507916611692)",2,94.29563321999989,45380
"(0.9392111404005912, 0.9645938855657314)",1,94.29555518637456,45381
"(0.8723247367948496, 0.9515714518877016)",1,94.29553066036416,45382
"(0.8591722063944286, 0.9580331374974232)",1,94.2954739601536,45383
"(0.8297914945808617, 0.95)",1,94.29534729293516,45384
"(0.7393955720057585, 0.965536764463163)",1,94.29525006370248,45385
"(0.8846362470895226, 0.9540153992631536)",1,94.29515428747584,45386
"(0.9087139373957754, 0.9382801623918542)",3,94.29511826154682,45389
"(0.8428938985542759, 0.9495014245014244)",2,94.29510157955526,45391
"(0.4904033495004767, 0.964269276237512)",1,94.2949975864278,45392
"(0.8771934243211048, 0.9501177394034536)",1,94.29478348050176,45393
"(0.7127034737372042, 0.9599909979745442)",1,94.29473983113172,45394
"(0.8864701128169651, 0.9747507916611692)",1,94.2945934176283,45395
"(0.7886860312719072, 0.9388945062352544)",2,94.29445530961868,45397
"(0.6936817460684196, 0.9649122807017544)",2,94.29427102399202,45399
"(0.8868677229932935, 0.956140350877193)",1,94.29423738959524,45400
"(0.3702168012422018, 0.9646309224447688)",1,94.2940592982414,45401
"(0.8593554593554595, 0.9722222222222222)",1,94.2939291780284,45402
"(0.8571451992482267, 0.960376642453574)",1,94.2937330230712,45403
"(0.897575551646946, 0.9495014245014244)",1,94.2936795881925,45404
"(0.5253763771155532, 0.9539707149009474)",1,94.29347820846264,45405
"(0.7778533896115083, 0.9649927307623792)",1,94.29344301135832,45406
"(0.8513842746400886, 0.9650450950662368)",1,94.29331940795464,45407
"(0.9540153992631536, 0.9645938855657314)",1,94.29331653351196,45408
"(0.9202657807308968, 0.9539707149009474)",1,94.29306846377784,45409
"(0.9474444882407044, 0.9474996718729491)",2,94.29300456097356,45411
"(0.5901140084986851, 0.9474996718729491)",6,94.29299902888884,45417
"(0.8384307029790694, 0.9729724547294882)",2,94.29296960650032,45419
"(0.8309102843416569, 0.9580331374974232)",1,94.292945384326,45420
"(0.4924777967362296, 0.9712461799156182)",1,94.29290498927232,45421
"(0.5874751891549204, 0.9650667387470876)",1,94.29276188982276,45422
"(0.5155965841499739, 0.9691818330194464)",1,94.29274004198383,45423
"(0.939866291344124, 0.9609357631051972)",1,94.29270447645304,45424
"(0.8428938985542759, 0.9495014245014244)",1,94.29242974695512,45425
"(0.9137091172501388, 0.9495014245014244)",1,94.29230313461936,45426
"(0.5361367504335325, 0.9954499649395152)",2,94.29228435206852,45428
"(0.8428883536673643, 0.9780434995701116)",1,94.29218623450446,45429
"(0.8650180064096209, 0.9511418561141246)",1,94.29195306120432,45430
"(0.9253777472527472, 0.9749656593406592)",2,94.2917536355415,45432
"(0.874047619047619, 0.9580331374974232)",1,94.29171877174568,45433
"(0.9348370927318296, 0.9424392014064856)",3,94.29169034306828,45436
"(0.4904033495004767, 0.9538370349708868)",1,94.29164821403126,45437
"(0.9388917411828462, 0.960851077856154)",1,94.29155198600196,45438
"(0.7296277808577878, 0.9679053944161016)",2,94.29146648295564,45440
"(0.8574011356980978, 0.935)",1,94.29136980479817,45441
"(0.7374768177381903, 0.991206314397104)",1,94.2912276695862,45442
"(0.6003561059603759, 0.9764666952752286)",1,94.29118698545903,45443
"(0.9474444882407044, 0.9599959995999598)",1,94.29076118244132,45444
"(0.5224438914023056, 0.9539707149009474)",1,94.29073470152208,45445
"(0.924772436620778, 0.9474970467088774)",1,94.2906939138169,45446
"(0.2707589122986075, 0.9539707149009474)",1,94.29035574372894,45447
"(0.5901140084986851, 0.9424564827150532)",1,94.29001017213966,45448
"(0.8058308902229048, 0.9648252575884156)",1,94.28989368374096,45449
"(0.8814814814814814, 1.0)",1,94.28981718432394,45450
"(0.8669543634004626, 0.960376642453574)",1,94.28968843702398,45451
"(0.7842821339061942, 0.9560315719855194)",3,94.28955438130124,45454
"(0.7731997731997731, 0.9499887474681804)",1,94.2894709335054,45455
"(0.5048749137169142, 0.9977272727272728)",1,94.28938260950216,45456
"(0.8972301136363636, 0.9535144014828052)",1,94.28936438986489,45457
"(0.9498754528985508, 0.960851077856154)",1,94.28932109418048,45458
"(0.6081690198186762, 0.9515714518877016)",1,94.28925540266236,45459
"(0.4890240875451667, 0.9692515442973996)",1,94.28921936660282,45460
"(0.9599989999749994, 0.9499987499687492)",1,94.2891555356349,45461
"(0.95, 0.9537330920118182)",3,94.28900629695131,45464
"(0.7937829607256792, 0.9388945062352544)",1,94.28896716355632,45465
"(0.7896141215106732, 0.9599909979745442)",1,94.28893015003666,45466
"(0.8175446168757694, 0.972252530763169)",1,94.2887599231982,45467
"(0.8137861130877186, 0.964269276237512)",2,94.28867014429824,45469
"(0.954995499549955, 0.944998624965624)",1,94.28841931277672,45470
"(0.2184301094356221, 0.9992416608232524)",3,94.28836197267194,45473
"(0.9581458989353726, 0.9861310021084456)",1,94.28833767593812,45474
"(0.8843764852418178, 0.9643944553313464)",1,94.28825742730164,45475
"(0.4037090566294931, 0.9931749474092728)",3,94.28808269181351,45478
"(0.8380110689610939, 0.972045976510262)",1,94.2879981954508,45479
"(0.861111111111111, 0.9833229101521784)",2,94.28796815238488,45481
"(0.8774072892625049, 0.934802778404674)",1,94.28793019537798,45482
"(0.9497439544807966, 0.9574285714285714)",1,94.28789592306218,45483
"(0.4066370577143491, 0.9539707149009474)",1,94.28784728021316,45484
"(0.7944219523166891, 1.0)",1,94.28781119532586,45485
"(0.798089617146851, 0.9599989999749994)",1,94.28779220996589,45486
"(0.5735975683158782, 0.9988619159967322)",1,94.28778790343893,45487
"(0.7708232538005143, 0.934868107918535)",1,94.28757488994523,45488
"(0.5155965841499739, 0.964731521366774)",1,94.28754359826132,45489
"(0.6945846131344157, 0.951892755797645)",1,94.28740563605682,45490
"(0.6730510127402202, 0.964731521366774)",1,94.28707925766842,45491
"(0.8613133624575272, 0.9449779911964784)",1,94.28704835968266,45492
"(0.9574678350502568, 0.9424967654430562)",1,94.28699853896572,45493
"(0.8139831183309444, 0.9549988749718742)",1,94.28689722695064,45494
"(0.8694846606452272, 0.9559144017084672)",1,94.28684758107936,45495
"(0.8498641779745659, 0.9474996718729491)",2,94.28680465253284,45497
"(0.8640256615878108, 0.9388945062352544)",1,94.28662963951572,45498
"(0.8933617810760668, 0.9432380952380952)",1,94.28647434102956,45499
"(0.9833229101521784, 0.9833229101521784)",1,94.28645555552164,45500
"(0.8596618357487924, 0.9861673414304992)",1,94.28639836788676,45501
"(0.9715593185206444, 0.9353850843324528)",1,94.28638653040588,45502
"(0.8920790698579406, 0.9574285714285714)",1,94.28633653936538,45503
"(0.7580266955266955, 0.9861673414304992)",2,94.28628292785632,45505
"(0.7979797979797979, 1.0)",1,94.2862192352492,45506
"(0.8493268538892306, 0.955510609293504)",1,94.28610571088116,45507
"(0.7073334452089277, 0.9474602668267876)",1,94.2859680064286,45508
"(0.7630195891065458, 0.9524854486686548)",1,94.28593321602972,45509
"(0.7545918011034292, 0.9767441860465116)",1,94.2858787813922,45510
"(0.8108441558441559, 0.9495014245014244)",2,94.28572874421069,45512
"(0.7942038054814895, 0.9861673414304992)",2,94.28566076185456,45514
"(0.8915722651940667, 0.9424564827150532)",1,94.28565414996072,45515
"(0.8811262654045816, 0.9474602668267876)",1,94.28557133008886,45516
"(0.9026337658413128, 0.9861673414304992)",2,94.28552506084712,45518
"(0.7650091026244196, 0.9512947499929286)",3,94.28546960998536,45521
"(0.8846362470895226, 0.9432380952380952)",1,94.28546607802993,45522
"(0.682074987159733, 0.9764666952752286)",1,94.2854082644682,45523
"(0.9186426294655792, 0.9425645194066248)",1,94.28537008230104,45524
"(0.8498641779745659, 0.95)",1,94.28532817678791,45525
"(0.933096859926128, 0.9833229101521784)",1,94.2853003673592,45526
"(0.8428938985542759, 0.9622641509433963)",1,94.285282525462,45527
"(0.9186426294655792, 0.9497439544807966)",1,94.28527313492845,45528
"(0.846224760385985, 0.966535342173144)",1,94.28522833898816,45529
"(0.7803195571784078, 0.9564180337206656)",1,94.28503593308274,45530
"(0.9449325423643964, 0.9524973279746984)",1,94.28472002424624,45531
"(0.8933617810760668, 0.939866291344124)",2,94.28458958699656,45533
"(0.8656512412692597, 0.9767441860465116)",1,94.28457620682502,45534
"(0.8868202139097957, 0.9474917955930616)",1,94.2845153164878,45535
"(0.9603476243044132, 0.960851077856154)",1,94.28438588892752,45536
"(0.9256898808634364, 0.9559144017084672)",1,94.28430922130964,45537
"(0.7026153868908955, 0.9604593619418418)",1,94.28419842577742,45538
"(0.8474214220323468, 0.949954959463517)",1,94.28407046866748,45539
"(0.9499887474681804, 0.945)",1,94.28404897419962,45540
"(0.8868677229932935, 0.956140350877193)",1,94.28396268154049,45541
"(0.8810064268049709, 0.991206314397104)",1,94.28392356670308,45542
"(0.8513842746400886, 0.9539707149009474)",1,94.28371694856848,45543
"(0.9162596992611264, 0.9722222222222222)",1,94.28357984477046,45544
"(0.9212328545548654, 0.9609357631051972)",1,94.2835713287844,45545
"(0.8845244231527244, 0.9643944553313464)",1,94.28353048106322,45546
"(0.4096230954290297, 1.0)",1,94.28352493078194,45547
"(0.7778533896115083, 0.956140350877193)",1,94.2834542251284,45548
"(0.7725182451236846, 0.9764666952752286)",1,94.28342567015277,45549
"(0.925438675470188, 0.9874957118353344)",2,94.2831467663921,45551
"(0.9524925769651508, 0.9524973279746984)",3,94.28309420877125,45554
"(0.7087692805522597, 0.9499887474681804)",1,94.28305170359918,45555
"(0.7678405315614618, 0.9764666952752286)",1,94.28290935550848,45556
"(0.9524973279746984, 0.9374964841772352)",1,94.28282903024096,45557
"(0.8571777573149418, 0.9499799919967988)",2,94.28261493334956,45559
"(0.9499987499687492, 0.9499887474681804)",1,94.2824159854558,45560
"(0.9432380952380952, 0.9431186370412892)",1,94.28224847216252,45561
"(0.9531381014506703, 0.9568045886851652)",1,94.28224735944688,45562
"(0.7198784150003663, 0.9779870235853187)",1,94.28220410346276,45563
"(0.8441415402639044, 0.9440529448756316)",1,94.28184291438316,45564
"(0.9068661074437891, 0.9499887474681804)",1,94.2817974865932,45565
"(0.8534255683423739, 0.969334154098697)",1,94.28173777606128,45566
"(0.9539272400433172, 0.960851077856154)",1,94.28161413138676,45567
"(0.9298245614035088, 0.9449325423643964)",1,94.281517885158,45568
"(0.9499987499687492, 0.9524973279746984)",1,94.28128790463887,45569
"(0.7578328648096089, 0.9764666952752286)",1,94.28128477985172,45570
"(0.9388917411828462, 0.95339554031292)",1,94.2812463638972,45571
"(0.9045708198051948, 0.9501177394034536)",1,94.28096509778996,45572
"(0.8287392966468705, 0.960267350663444)",1,94.2809358787043,45573
"(0.7213157894736841, 0.9495014245014244)",1,94.28075789969454,45574
"(0.7711781618000022, 0.9861310021084456)",1,94.280592402206,45575
"(0.9069410647702764, 0.9474917955930616)",1,94.28055427026668,45576
"(0.9535144014828052, 0.9572437766315318)",1,94.28048743205532,45577
"(0.8547539417104635, 0.9524497750749228)",1,94.28039430924042,45578
"(0.3729832026666541, 0.9736344895152024)",1,94.2803819443917,45579
"(0.8889982088347333, 0.9524973279746984)",3,94.28035327843108,45582
"(0.3860590631364562, 0.9996210215628012)",3,94.280282762792,45585
"(0.9004206187154333, 0.9556541264979026)",2,94.28013722326554,45587
"(0.947426067907996, 0.93999399939994)",3,94.28008245047836,45590
"(0.9094202898550724, 0.9474444882407044)",1,94.28004074008572,45591
"(0.6179693015417549, 1.0)",1,94.27999551661856,45592
"(0.926397848615755, 0.9736189431913116)",1,94.27981524293746,45593
"(0.8513842746400886, 0.9650450950662368)",1,94.27952514793796,45594
"(0.4380978837816118, 0.940930997520722)",1,94.27952466962904,45595
"(0.930124456440246, 1.0)",1,94.27942616489932,45596
"(0.94291309888229, 0.964731521366774)",1,94.27942223544618,45597
"(0.92008547008547, 0.9681034738761426)",1,94.27941114055088,45598
"(0.9061764476533613, 0.9706621720046767)",2,94.27930888983052,45600
"(0.9128205128205128, 0.9540153992631536)",1,94.27900703323895,45601
"(0.7462971759081929, 0.9909010452325228)",1,94.2789515350154,45602
"(0.3987913031507923, 0.9672300102461644)",1,94.27880409827516,45603
"(0.9575126626788776, 0.9645938855657314)",1,94.27871305894232,45604
"(0.88164537452478, 0.9607612022680516)",1,94.2786634358572,45605
"(0.7524760273298283, 0.9780958243562125)",1,94.27857055321196,45606
"(0.7152545882840207, 0.9624978905063408)",1,94.27851025391004,45607
"(0.9388917411828462, 0.9463627709416984)",1,94.27849945108674,45608
"(0.9874762808349148, 0.9873444118605408)",1,94.2784970833011,45609
"(0.775671600877193, 0.960376642453574)",3,94.27821922329456,45612
"(0.7856964763329513, 0.9861673414304992)",1,94.27820014745753,45613
"(0.8873415740885621, 0.94999499949995)",1,94.27818993588528,45614
"(0.8060738581146745, 0.9540153992631536)",4,94.27799793963248,45618
"(0.8811262654045816, 0.9399459513562204)",2,94.27796235421164,45620
"(0.8715701474388204, 0.958109559613319)",1,94.27796207362032,45621
"(0.9132516862059696, 0.9649122807017544)",1,94.27795415946254,45622
"(0.946730586052542, 0.9540153992631536)",1,94.27794533181,45623
"(0.8831024654485521, 0.94291309888229)",2,94.27788824285092,45625
"(0.8547143556631046, 0.9518108135836668)",1,94.27788216581412,45626
"(0.9524973279746984, 0.9474996718729491)",2,94.2777328353544,45628
"(0.9128205128205128, 0.936599338161838)",1,94.27745851479008,45629
"(0.9574784734771978, 0.9524759409451032)",2,94.27737600818108,45631
"(0.8685023559648746, 0.9495014245014244)",1,94.27737023694436,45632
"(0.7882395382395383, 0.9440529448756316)",1,94.27735352458367,45633
"(0.953828882481634, 0.9916339869281046)",1,94.27734257448016,45634
"(0.8014564052299902, 0.9549819927971188)",2,94.27731924273915,45636
"(0.7864381427049374, 0.974324300880458)",2,94.27717301859371,45638
"(0.8825487012987013, 0.9610899532226684)",1,94.2770944286856,45639
"(0.8972301136363636, 0.946730586052542)",1,94.27706118163844,45640
"(0.5048355899419729, 0.944998624965624)",3,94.27704823217006,45643
"(0.9302688539530646, 0.956140350877193)",1,94.27696007042856,45644
"(0.7612209453612427, 0.964269276237512)",1,94.27694135056126,45645
"(0.9162596992611264, 0.9861673414304992)",1,94.27688616716068,45646
"(0.7886860312719072, 0.9388945062352544)",1,94.27664620298567,45647
"(0.8951521235521236, 0.95)",1,94.27651040388469,45648
"(0.6173922423091859, 0.9643944553313464)",1,94.2763533482956,45649
"(0.7152545882840207, 0.9624978905063408)",1,94.27632550191294,45650
"(0.949954959463517, 0.9474970467088774)",1,94.27623668004412,45651
"(0.8544761140104375, 0.9549819927971188)",1,94.27575712766571,45652
"(0.7837606837606838, 0.972420634920635)",1,94.27573487852128,45653
"(0.8873415740885621, 0.945)",1,94.275614437211,45654
"(0.9137091172501388, 0.9495014245014244)",1,94.27557996796382,45655
"(0.9432380952380952, 0.946730586052542)",1,94.27552681665756,45656
"(0.6544644252235129, 0.9861673414304992)",2,94.2755146628886,45658
"(0.8467785183482723, 0.9474734084130092)",1,94.27544216020225,45659
"(0.8402876991030895, 0.9767441860465116)",1,94.27537512823976,45660
"(0.9474444882407044, 0.9474996718729491)",2,94.27528599420968,45662
"(0.424546256663045, 0.97502985598876)",1,94.275199368319,45663
"(0.5816693792141362, 0.9289986228605154)",1,94.27519475231236,45664
"(0.5999599959995999, 0.94999499949995)",1,94.27509127835089,45665
"(0.9532701550221768, 0.9432380952380952)",1,94.27492161066806,45666
"(0.912099503362194, 0.9549988749718742)",1,94.27490507433828,45667
"(0.9124863259884356, 0.9574976092405196)",3,94.27476354742282,45670
"(0.8467785183482723, 0.94999499949995)",1,94.27462927976696,45671
"(0.5626274989800081, 0.9764666952752286)",1,94.27460151611749,45672
"(0.8600428777729004, 0.9449325423643964)",1,94.27457403676948,45673
"(0.7547920901036461, 0.964731521366774)",1,94.27456068498051,45674
"(0.8753086419753084, 0.9583930063253372)",1,94.2744341458006,45675
"(0.7304951237809453, 0.9643944553313464)",2,94.27441141920936,45677
"(0.8837179908491115, 0.9574997343733398)",1,94.27420865519822,45678
"(0.939055706563049, 0.9497439544807966)",1,94.27400545568264,45679
"(0.5872553328883607, 0.9604782992262008)",3,94.27390533002176,45682
"(0.945878018492034, 0.9958292603453894)",4,94.27386298763702,45686
"(0.618403730526442, 0.9650076460904662)",1,94.27384811343742,45687
"(0.7976968565203859, 0.9549988749718742)",1,94.27350863539203,45688
"(0.897953216374269, 0.9539272400433172)",1,94.27338958006236,45689
"(0.5626274989800081, 0.95153153367707)",1,94.2732113053685,45690
"(0.8453642237906118, 0.960851077856154)",3,94.27305596891972,45693
"(0.8456793635741003, 0.9580331374974232)",1,94.27300594458022,45694
"(0.8688607891739799, 0.9495014245014244)",1,94.27292585546373,45695
"(0.860351329677713, 0.9539707149009474)",1,94.27277261582752,45696
"(0.8395301149279116, 0.964269276237512)",2,94.27274777317946,45698
"(0.7534600975471831, 0.9539707149009474)",1,94.27267351679362,45699
"(0.6658312447786132, 0.9549718574108818)",1,94.27266820235232,45700
"(0.8492240300928687, 0.960376642453574)",1,94.27265007341003,45701
"(0.4717425431711146, 0.9691818330194464)",1,94.27261779866272,45702
"(0.7650091026244196, 0.9649122807017544)",5,94.27257408722954,45707
"(0.602662742458966, 0.9988653407824049)",1,94.27250206669378,45708
"(0.8547143556631046, 0.9473684210526316)",1,94.27247421524166,45709
"(0.901575014782562, 0.986081059422206)",1,94.2724241072698,45710
"(0.8292352872388802, 0.970607775995539)",1,94.27237440895505,45711
"(0.786508365740383, 0.9885557944107872)",1,94.27237045717172,45712
"(0.8506653943511476, 0.9736842105263158)",1,94.27220521517958,45713
"(0.8694846606452272, 0.955510609293504)",1,94.27214435120138,45714
"(0.8476190476190477, 1.0)",1,94.272085984873,45715
"(0.865581803207783, 0.964731521366774)",1,94.27202307189776,45716
"(0.9609357631051972, 0.9640038239043044)",1,94.27197334419364,45717
"(0.925438675470188, 0.9749656593406592)",1,94.27190203526776,45718
"(0.4891052631578947, 0.9787485053339066)",1,94.27175694694505,45719
"(0.8645256232686982, 0.956140350877193)",1,94.2717539612521,45720
"(0.5062737076776085, 0.971235386119257)",1,94.2716926247208,45721
"(0.5356353691697385, 0.960376642453574)",2,94.27161348371207,45723
"(0.8758315541941273, 0.9692608993981562)",2,94.27159449788802,45725
"(0.8360613745229131, 0.9524973279746984)",2,94.27147875445802,45727
"(0.8089156509369275, 0.9293598200132946)",1,94.27137439368546,45728
"(0.9524973279746984, 0.9499799919967988)",1,94.27111144380476,45729
"(0.7599364993320813, 0.9474996718729491)",1,94.27095457233962,45730
"(0.50760582010582, 0.9861673414304992)",1,94.27087784954612,45731
"(0.9082051469489508, 0.9515714518877016)",2,94.2708091466392,45733
"(0.8425483191745751, 0.9882048106149588)",1,94.27070528942257,45734
"(0.935554153726708, 0.9468391231269042)",1,94.27054423694136,45735
"(0.8975998588152243, 0.9574285714285714)",1,94.27054297131257,45736
"(0.9067863328609668, 0.9474839169495658)",3,94.2704759005622,45739
"(0.8456793635741003, 0.9580331374974232)",1,94.2703580653603,45740
"(0.4486913952174731, 0.95)",1,94.27029407133676,45741
"(0.6933160650937552, 0.988167361639188)",1,94.27027242052768,45742
"(0.9299160159815896, 0.986081059422206)",2,94.27018831218602,45744
"(0.9253777472527472, 0.9749656593406592)",1,94.2701405266602,45745
"(0.4551660859366911, 0.9518108135836668)",1,94.26972711865956,45746
"(0.7182046092832266, 0.9539707149009474)",1,94.26970176614884,45747
"(0.95749335833724, 0.9399864969618164)",1,94.26961994320118,45748
"(0.799275702501509, 1.0)",1,94.269442396059,45749
"(0.7418922540873759, 0.988167361639188)",1,94.26943555207754,45750
"(0.939866291344124, 0.9645238095238096)",1,94.26932046880178,45751
"(0.9665831244778612, 0.9833229101521784)",1,94.26919244858196,45752
"(0.8273694481451597, 0.9524973279746984)",1,94.26916242296303,45753
"(0.8226000003393725, 0.9511418561141246)",1,94.26909339500152,45754
"(0.8465473145780051, 0.9524331090596152)",1,94.26908060275586,45755
"(0.8898894074675324, 0.9610899532226684)",1,94.26886964191296,45756
"(0.8843275841631104, 0.9557886530559612)",1,94.26885611484654,45757
"(0.9382963205525124, 0.9495014245014244)",1,94.26863020601137,45758
"(0.5897435897435898, 0.9649859943977592)",1,94.26856439257352,45759
"(0.727962128872139, 0.9539707149009474)",1,94.2684970348517,45760
"(0.944911858974359, 0.9474602668267876)",1,94.26828730646098,45761
"(0.8992107069320523, 0.9468391231269042)",1,94.26807388192827,45762
"(0.8785302156088673, 0.9649991249781243)",1,94.26802606409132,45763
"(0.8096434622047096, 0.9424823852304768)",1,94.2678162297778,45764
"(0.8112169414494997, 0.9388945062352544)",1,94.26781410647509,45765
"(0.8669543634004626, 0.942439249991643)",1,94.26771462612288,45766
"(0.7138200339558575, 0.9749656593406592)",1,94.26764255937285,45767
"(0.7399606127866998, 0.9495014245014244)",1,94.26757231794716,45768
"(0.966586548597934, 0.9575952907942156)",1,94.26752868141465,45769
"(0.9227792207792208, 0.9538331745788698)",1,94.26751357680465,45770
"(0.8795247311963099, 0.9539272400433172)",2,94.26747141573988,45772
"(0.8843308668496638, 0.9495014245014244)",1,94.26743937225493,45773
"(0.912531328320802, 0.9538331745788698)",2,94.26741090879726,45775
"(0.7675031231329097, 0.9692608993981562)",1,94.26733920856267,45776
"(0.8380110689610939, 0.9450323339212228)",1,94.26730126056744,45777
"(0.9020800849800285, 0.9367808346500603)",1,94.26712750351984,45778
"(0.4423707251851418, 0.9861310021084456)",1,94.26696564766284,45779
"(0.6892156862745098, 0.9861673414304992)",2,94.26690364434336,45781
"(0.2184982066412125, 0.9528959415746864)",1,94.2666708918175,45782
"(0.3972371170981162, 0.9716089809416576)",1,94.26666201938158,45783
"(0.8993301094022514, 0.9495014245014244)",1,94.26656217065673,45784
"(0.8555553864881315, 0.9491363636363636)",1,94.26639117331096,45785
"(0.9202657807308968, 0.9650450950662368)",1,94.26635638657706,45786
"(0.9833040078201368, 0.9792189172834334)",1,94.26621851392407,45787
"(0.5578721277457231, 0.9637451833718664)",1,94.26602794669373,45788
"(0.8584175084175085, 0.9861673414304992)",1,94.26601367294847,45789
"(0.8388355871169197, 0.9474996718729491)",1,94.26595167706286,45790
"(0.8325642300300746, 0.9600251550024655)",1,94.26552045149911,45791
"(0.7687856874160781, 0.9649971514477916)",1,94.26541284639356,45792
"(0.6085242154650133, 0.9437523733472518)",1,94.26537459390433,45793
"(0.9491452991452992, 0.9469408453036384)",1,94.2652175431476,45794
"(0.7606763768073482, 0.9918177914319152)",1,94.26516668068756,45795
"(0.7962397203531956, 0.9440529448756316)",1,94.2651471601466,45796
"(0.8160079573535582, 0.9743243008804898)",1,94.26512486445968,45797
"(0.8750020493421985, 0.9512947499929286)",1,94.26508440641868,45798
"(0.9043086298506712, 0.9424996406227538)",3,94.264992722582,45801
"(0.7933030177759403, 0.9524973279746984)",3,94.26494256072657,45804
"(0.9093334120185448, 0.950431439792024)",1,94.26484619745328,45805
"(0.8640256615878108, 0.9388945062352544)",1,94.26484108704142,45806
"(0.6455545643770444, 0.9427662613218292)",3,94.26482783421176,45809
"(0.9392111404005912, 0.9540153992631536)",2,94.26479869659208,45811
"(0.9145191703331238, 0.9499987499687492)",1,94.26478282087808,45812
"(0.8898894074675324, 0.9538331745788698)",1,94.26470912516528,45813
"(0.8633762288330498, 1.0)",1,94.264657621295,45814
"(0.7157872157872157, 0.9599959995999598)",1,94.2646117021854,45815
"(0.7320994056404324, 0.951892755797645)",1,94.26432008783954,45816
"(0.8467785183482723, 0.9474996718729491)",1,94.26416655092254,45817
"(0.8739792317773969, 0.9574976092405196)",4,94.26415600531278,45821
"(0.7392209336901576, 0.960376642453574)",3,94.2641241975726,45824
"(0.8941425546930134, 0.9574976092405196)",1,94.26409426743622,45825
"(0.5490977443609023, 0.9712179225368092)",1,94.26404525932836,45826
"(0.8492240300928687, 0.9604782992262008)",1,94.26383154916444,45827
"(0.917001490200517, 0.9549988749718742)",1,94.26374767975216,45828
"(0.8992107069320523, 0.9502288074111276)",1,94.26333547758456,45829
"(0.6847442749929737, 0.9917993566031236)",1,94.2632299723112,45830
"(0.8843308668496638, 0.9495014245014244)",2,94.26321580609648,45832
"(0.9137091172501388, 0.9495014245014244)",1,94.26316516175852,45833
"(0.841184456569072, 0.95749335833724)",1,94.26315226395624,45834
"(0.799275702501509, 0.9833229101521784)",1,94.26314515449876,45835
"(0.8680947159565582, 0.9557886530559612)",1,94.2630324131866,45836
"(0.7608215527547845, 0.9559144017084672)",1,94.26292747222298,45837
"(0.9343984962406016, 0.9501177394034536)",1,94.26291857264228,45838
"(0.7053619734494676, 0.956140350877193)",1,94.26278011683988,45839
"(0.8726893261776982, 0.951578401747332)",1,94.2626581382776,45840
"(0.9474970467088774, 0.9424564827150532)",1,94.26244441072124,45841
"(0.9574784734771978, 0.939878253463263)",1,94.26224698223896,45842
"(0.8717520170461346, 0.983305541180304)",1,94.26205658753555,45843
"(0.8894752290768013, 0.9575913511472004)",1,94.26201533519492,45844
"(0.8766640111271459, 0.960851077856154)",3,94.26189783680898,45847
"(0.8024695068301698, 0.968570624598143)",1,94.26178183946112,45848
"(0.9022759891180944, 0.972045976510262)",2,94.26159711491005,45850
"(0.6546467031424641, 0.9470972820501607)",1,94.2615309179003,45851
"(0.9349202773397411, 0.9474444882407044)",1,94.26147373742133,45852
"(0.9876066164491212, 0.991777356103732)",4,94.2613747974306,45856
"(0.9549819927971188, 0.9524759409451032)",1,94.2613379587451,45857
"(0.5562558356676003, 0.9861673414304992)",1,94.26124046459115,45858
"(0.6307273362048251, 0.9662429823697432)",1,94.26118667735568,45859
"(0.8474214220323468, 0.9474444882407044)",1,94.2610977488456,45860
"(0.8166003784222112, 0.9472378863826232)",2,94.26094381137456,45862
"(0.4631616549920088, 0.9901613781713402)",1,94.26090998829132,45863
"(0.7440767664806348, 0.964269276237512)",1,94.26086695007776,45864
"(0.944911858974359, 0.9474734084130092)",1,94.26072327127795,45865
"(0.9459285785969274, 0.9571428571428572)",2,94.26070092631474,45867
"(0.9160323884095494, 0.9571428571428572)",1,94.2606793599891,45868
"(0.911911525974026, 0.9537330920118182)",2,94.26059266420827,45870
"(0.6635201463842834, 0.9342874730686364)",2,94.26036644518445,45872
"(0.5989995627127022, 0.986250322278214)",1,94.26030573841756,45873
"(0.8420013166556946, 1.0)",1,94.26027239861646,45874
"(0.9244352123384382, 0.987463247273494)",1,94.259979465979,45875
"(0.8558506308506308, 0.9440529448756316)",1,94.25978743691756,45876
"(0.8758315541941273, 0.960739036202606)",1,94.2595636867629,45877
"(0.6384521701955596, 0.9559144017084672)",1,94.25952997374831,45878
"(0.939055706563049, 0.9642857142857144)",1,94.25952691125254,45879
"(0.7180735022654807, 0.94999499949995)",1,94.25951758513202,45880
"(0.9524973279746984, 0.9524973279746984)",3,94.2594986330694,45883
"(0.7090909090909091, 1.0)",1,94.25927177707366,45884
"(0.9153439153439152, 1.0)",1,94.25892204942544,45885
"(0.8656595443322052, 0.96722181717946)",1,94.25890817358034,45886
"(0.8028624192059096, 0.9690968282937898)",3,94.25879217476766,45889
"(0.8108441558441559, 0.9495014245014244)",1,94.2584901108935,45890
"(0.8951521235521236, 0.9573389777809668)",1,94.25839127738784,45891
"(0.3618298321342925, 0.9981051078140064)",2,94.25834069263288,45893
"(0.9003556829643787, 1.0)",1,94.25818176376836,45894
"(0.5224438914023056, 0.9539707149009474)",1,94.25814490719917,45895
"(0.8860074211502783, 0.9397510062104916)",1,94.25807777257836,45896
"(0.8739792317773969, 0.9424967654430562)",1,94.25802373631808,45897
"(0.8475002808673183, 0.9861673414304992)",1,94.25798850893,45898
"(0.6146899224806203, 1.0)",1,94.25786699488812,45899
"(0.821324233716475, 0.9495014245014244)",1,94.2578053247749,45900
"(0.9196060697417344, 0.9474734084130092)",1,94.2577589714664,45901
"(0.902898027898028, 0.9861310021084456)",1,94.25759056473188,45902
"(0.8014564052299902, 0.9524973279746984)",1,94.25749259975082,45903
"(0.935554153726708, 0.9432380952380952)",1,94.25741950710017,45904
"(0.8806608357628766, 0.9502288074111276)",1,94.25738841059696,45905
"(0.8455917807202996, 0.9764666952752286)",1,94.25717995314214,45906
"(0.8567210567210567, 0.9861673414304992)",1,94.2570061318226,45907
"(0.8717520170461346, 0.9621728557212428)",1,94.25653367677604,45908
"(0.9575126626788776, 0.9573389777809668)",1,94.2565139970349,45909
"(0.448819084280689, 0.964731521366774)",1,94.25650024655354,45910
"(0.8705155862492784, 0.970945866360007)",4,94.25634699119172,45914
"(0.7931469298245613, 0.9601502499942144)",2,94.25633208237052,45916
"(0.9444901834607716, 0.9861310021084456)",1,94.25600859688495,45917
"(0.9549819927971188, 0.9574869803877438)",2,94.2560059945354,45919
"(0.9497171590194846, 1.0)",1,94.25598881835568,45920
"(0.8472645812528676, 0.9388917411828462)",1,94.2559043983414,45921
"(0.6736022307473716, 0.9861673414304992)",1,94.25589528316232,45922
"(0.6936817460684196, 0.964731521366774)",1,94.255818385149,45923
"(0.8995772689779955, 0.9749656593406592)",1,94.2556464876297,45924
"(0.8402876991030895, 0.9650450950662368)",1,94.25562004352568,45925
"(0.8873352247505452, 0.964731521366774)",3,94.2555842346086,45928
"(0.7824403790656455, 0.9549898727213622)",4,94.25553023294567,45932
"(0.7805215455557322, 0.9515714518877016)",1,94.25492395691715,45933
"(0.9538370349708868, 0.9522870228046522)",1,94.2543513846792,45934
"(0.9449876222149984, 0.9424823852304768)",1,94.25433398302822,45935
"(0.9311507936507936, 0.972420634920635)",1,94.25416671683094,45936
"(0.8377935954980907, 0.9495014245014244)",1,94.2540824179012,45937
"(0.5452310701354139, 0.9947022805537984)",3,94.25388877168058,45940
"(0.9524973279746984, 0.954995499549955)",1,94.2536895018964,45941
"(0.8098502304147466, 0.9749910873440284)",2,94.2536441539703,45943
"(0.8748200797381125, 0.9861310021084456)",1,94.25361473804692,45944
"(0.8736897274633123, 0.9440529448756316)",1,94.2533789661594,45945
"(0.6796326875518447, 0.9648252575884156)",1,94.25319540454358,45946
"(0.6164277827081168, 0.9529751605618932)",1,94.2530957531008,45947
"(0.8108441558441559, 0.9495014245014244)",1,94.25295585294312,45948
"(0.9261858974358974, 0.9619736581501288)",1,94.252924597489,45949
"(0.8652443837747164, 0.956240913452974)",2,94.25265108586386,45951
"(0.7708232538005143, 0.9474734084130092)",1,94.2525222269152,45952
"(0.8741696772871107, 0.9580331374974232)",1,94.25229554174489,45953
"(0.8975998588152243, 0.9540153992631536)",3,94.25203696371108,45956
"(0.8074780204479453, 0.9749910873440284)",1,94.2520249696689,45957
"(0.6530678548222407, 0.9516956990542454)",1,94.2517132349656,45958
"(0.2184982066412125, 0.9764666952752286)",1,94.25146405602152,45959
"(0.95749335833724, 0.9449876222149984)",1,94.25136353684186,45960
"(0.7611229730509549, 0.9539707149009474)",1,94.2513172262411,45961
"(0.5131569832583307, 0.9882048106149588)",1,94.25123603228788,45962
"(0.8753086419753084, 0.9861310021084456)",1,94.25121241548094,45963
"(0.7213157894736841, 0.9495014245014244)",2,94.25107204589682,45965
"(0.8098502304147466, 0.9749910873440284)",1,94.25104182187016,45966
"(0.9309563801089225, 0.972045976510262)",1,94.25091996299156,45967
"(0.9549718574108818, 0.9574997343733398)",2,94.25090200776744,45969
"(0.9599749843652282, 0.9474996718729491)",3,94.25082770487134,45972
"(0.8799206023655463, 0.9550031489612416)",1,94.25082715208386,45973
"(0.8252422194238135, 0.9599909979745442)",1,94.25074096807758,45974
"(0.9247290244881574, 0.9474734084130092)",1,94.25073168586935,45975
"(0.7474747474747474, 0.9643944553313464)",1,94.25056174258836,45976
"(0.8766640111271459, 0.9607612022680516)",1,94.25052769019116,45977
"(0.9499887474681804, 0.9349202773397411)",1,94.25041454555058,45978
"(0.943455134862934, 0.9505232430050672)",3,94.25009843223344,45981
"(0.8814591883264935, 0.9643944553313464)",2,94.24999786408766,45983
"(0.9365496267832196, 0.948578431372549)",1,94.2497545888874,45984
"(0.7713401051412279, 1.0)",2,94.24973697479308,45986
"(0.8518774267621343, 0.9764666952752286)",1,94.24969453245332,45987
"(0.9494594905410846, 0.9571428571428572)",1,94.2495301114351,45988
"(0.4039045743444857, 1.0)",1,94.24948448324945,45989
"(0.9833229101521784, 1.0)",1,94.24940652693456,45990
"(0.7725182451236846, 0.9764666952752286)",2,94.24928644625204,45992
"(0.7340930674264006, 1.0)",1,94.24923964549556,45993
"(0.5168441409023035, 0.9289986228605154)",1,94.24909539863069,45994
"(0.8214334285325716, 0.95153153367707)",1,94.2490143552092,45995
"(0.4746244400103808, 0.9472378863826232)",3,94.24897840345442,45998
"(0.8108441558441559, 0.9495014245014244)",1,94.24896163653152,45999
"(0.9432380952380952, 0.9610153569597296)",1,94.24884541632534,46000
"(0.888945374800638, 0.9749656593406592)",4,94.24878953093707,46004
"(0.8330958052404215, 0.9495014245014244)",1,94.24873767247544,46005
"(0.913060207336523, 0.9491363636363636)",1,94.24843622435334,46006
"(0.859079950617616, 0.9536268754076972)",1,94.24825624585004,46007
"(0.95749335833724, 0.9499799919967988)",2,94.24817227957116,46009
"(0.9085605849871624, 0.9519169817351648)",1,94.248114498441,46010
"(0.6947170805612278, 0.9515714518877016)",1,94.24803219077562,46011
"(0.8640256615878108, 0.951892755797645)",1,94.24788180857198,46012
"(0.9348370927318296, 0.9574997343733398)",2,94.24783097224186,46014
"(0.70721819788673, 0.97351676253429)",1,94.24761826534854,46015
"(0.7611229730509549, 0.9539707149009474)",1,94.24760356944216,46016
"(0.5356353691697385, 0.9648252575884156)",1,94.24741082630904,46017
"(0.3565880743185461, 0.9992431829362568)",3,94.24724647630698,46020
"(0.5259326147073762, 0.9499987499687492)",1,94.24706040376586,46021
"(0.7871012248777423, 0.9388945062352544)",1,94.24683523765098,46022
"(0.812231932146279, 0.9524973279746984)",1,94.24675907410143,46023
"(0.3702168012422018, 0.9735486410250802)",1,94.2467105942286,46024
"(0.8436532894080064, 0.9450323339212228)",1,94.24654636636834,46025
"(1.0, 1.0)",1,94.24646462944769,46026
"(0.7727171016497488, 0.9656673832323628)",1,94.24645785033144,46027
"(0.9628689175769612, 0.9749910873440284)",1,94.24645728249295,46028
"(0.9007161410018553, 0.9535144014828052)",1,94.24643421334804,46029
"(0.912705831903945, 0.9495014245014244)",1,94.2462406372959,46030
"(0.826804915514593, 0.960851077856154)",3,94.24621033681552,46033
"(0.9244352123384382, 0.9705669077554506)",2,94.2462094449258,46035
"(0.7845149314277182, 0.9574976092405196)",2,94.24617065485776,46037
"(0.5070372093557577, 0.9861673414304992)",2,94.24610993875136,46039
"(0.8916989083023239, 0.9433502169051704)",1,94.24605207784325,46040
"(0.8915722651940667, 0.9474996718729491)",2,94.24583235711675,46042
"(0.8325833763761025, 0.9580331374974232)",1,94.2457926912138,46043
"(0.7971433156796661, 0.9574869803877438)",1,94.2455850399298,46044
"(0.9162596992611264, 0.972045976510262)",1,94.24554259775302,46045
"(0.8829656107481818, 0.9649122807017544)",1,94.24532824554088,46046
"(0.917001490200517, 0.9449944994499452)",1,94.24530672333763,46047
"(0.8898894074675324, 0.957036102484472)",1,94.24527135469144,46048
"(0.8258152104305951, 0.9574784734771978)",1,94.24525863638137,46049
"(0.9153439153439156, 0.9833229101521784)",1,94.24505738154984,46050
"(0.9188863189008992, 0.9767441860465116)",1,94.24490111213674,46051
"(0.891143553556146, 0.9384442007797272)",3,94.2448557459598,46054
"(0.8722751392320632, 0.9655388099205872)",1,94.24481586892132,46055
"(0.8787045138421501, 0.960572483841182)",6,94.24463174420666,46061
"(0.8170562809603257, 0.922390862149898)",1,94.24459999951992,46062
"(0.8506653943511476, 0.991206314397104)",1,94.24455078611336,46063
"(0.6865535441227247, 0.9691818330194464)",1,94.24451889524713,46064
"(0.8309403153153152, 0.956140350877193)",1,94.24449384351088,46065
"(0.8572686362747016, 0.9560315719855194)",1,94.2444031727042,46066
"(0.8177442148030384, 1.0)",1,94.24433532369017,46067
"(0.754858950994775, 0.9731618062614767)",1,94.24427166279264,46068
"(0.8569579686922223, 0.9649122807017544)",1,94.24414882684728,46069
"(0.4900437105390967, 0.942491014220972)",1,94.24411148404434,46070
"(0.8757850574494108, 0.939878253463263)",1,94.24401963114254,46071
"(0.5117935466772677, 0.951892755797645)",1,94.24394310070876,46072
"(0.7817150682100042, 0.9622641509433963)",1,94.24388423833608,46073
"(0.8139831183309444, 0.9599959995999598)",1,94.24378384943644,46074
"(0.7980310463463742, 0.9726330267757592)",1,94.24373637148386,46075
"(0.9028964862298196, 0.972420634920635)",1,94.24373023126388,46076
"(0.8743078626799556, 0.9861310021084456)",1,94.24368112423844,46077
"(0.8708656432979902, 0.92974708952228)",1,94.24363312383304,46078
"(0.9618291283060416, 0.9832925076188832)",2,94.24358589945716,46080
"(0.8805377184744008, 0.9874877810361682)",1,94.24357251529428,46081
"(0.8458807849973786, 0.9424708758809148)",1,94.24337331307076,46082
"(0.9186426294655792, 0.9571428571428572)",1,94.24320269355266,46083
"(0.9448883990079912, 0.9399984999624992)",1,94.2430700540453,46084
"(0.9085605849871624, 0.9692608993981562)",1,94.24301603160684,46085
"(0.6635201463842834, 0.9516956990542454)",2,94.24297114913917,46087
"(0.8594059903090558, 0.9449656035021888)",1,94.24296481938782,46088
"(0.864057359093178, 0.971283773951258)",1,94.24288872432514,46089
"(0.9497439544807966, 0.9645238095238096)",1,94.2426202845754,46090
"(0.6886904761904762, 1.0)",1,94.24259822417912,46091
"(0.8480357142857143, 0.9574285714285714)",1,94.24255443358096,46092
"(0.7708232538005143, 0.9474734084130092)",1,94.242527587514,46093
"(1.0, 1.0)",1,94.2424359312284,46094
"(0.8645256232686982, 0.9735486410250802)",1,94.24229557186128,46095
"(0.8525073746312686, 0.9549718574108818)",1,94.242218266536,46096
"(0.9574678350502568, 0.9574869803877438)",1,94.24217189729217,46097
"(0.5155965841499739, 0.9690968282937898)",8,94.2421250867758,46105
"(0.8909417672294615, 0.9690968282937898)",1,94.24209074064788,46106
"(0.3828732626211156, 0.9719573947719304)",4,94.24198225166089,46110
"(0.9165867390570612, 0.960851077856154)",1,94.24186670832128,46111
"(0.8843308668496638, 0.9495014245014244)",1,94.24182583057708,46112
"(0.9004206187154333, 0.94291309888229)",1,94.24180717670352,46113
"(0.8380855812016494, 0.9690968282937898)",1,94.24178120314474,46114
"(0.8263489874613754, 0.9499887474681804)",1,94.24169784462804,46115
"(0.9253213924599162, 0.9269606362629618)",1,94.24158162556546,46116
"(0.8620014245014246, 0.9293598200132946)",1,94.24140666796625,46117
"(0.682074987159733, 0.9300756598444966)",1,94.2413162340977,46118
"(0.940074233084456, 0.9498754528985508)",1,94.24126893358428,46119
"(0.7434518366201162, 0.9559144017084672)",1,94.241192481125,46120
"(0.9373586654890096, 0.9524854486686548)",3,94.24093634277818,46123
"(0.7393955720057585, 0.9652000216706824)",1,94.24079766522236,46124
"(0.8752079951298701, 0.9462256234379848)",1,94.24059382135997,46125
"(0.8292811839323466, 0.9539707149009474)",1,94.24053248807132,46126
"(0.8334750774705025, 0.9529751605618932)",1,94.24042352005804,46127
"(0.92974708952228, 0.9324286277380484)",1,94.24037187190387,46128
"(0.7474747474747474, 0.951892755797645)",1,94.24035774040244,46129
"(0.8741696772871107, 0.9580331374974232)",2,94.24034070351009,46131
"(0.912705831903945, 0.9495014245014244)",1,94.24030359684568,46132
"(0.8571451992482267, 0.9473684210526316)",1,94.24025858224496,46133
"(0.9096837488457986, 0.9690057499955)",1,94.24017347291958,46134
"(0.8756569714184869, 0.9432380952380952)",1,94.23992879341478,46135
"(0.8876797256298641, 0.9516956990542454)",3,94.23988239729698,46138
"(0.8600428777729004, 0.9399459513562204)",1,94.23976586624214,46139
"(0.8139831183309444, 0.9474734084130092)",1,94.23950146187772,46140
"(0.8715701474388204, 0.972281746031746)",1,94.23947038231024,46141
"(0.8645256232686982, 0.964731521366774)",1,94.23924266438716,46142
"(0.8060399169850845, 0.9524973279746984)",4,94.23919905326804,46146
"(0.8236214810281519, 0.9495058714870036)",1,94.23919678032,46147
"(0.96, 0.9499987499687492)",3,94.23911031982269,46150
"(0.6635201463842834, 0.9473684210526316)",1,94.2388435029306,46151
"(0.9196060697417344, 0.9599959995999598)",1,94.2388308728846,46152
"(0.9568045886851652, 0.9571428571428572)",1,94.23860950505266,46153
"(0.9043086298506712, 0.9449944994499452)",1,94.23824489248838,46154
"(0.4993867487672399, 0.94999499949995)",3,94.2381904828689,46157
"(0.9068661074437891, 0.9424967654430562)",1,94.2380912541054,46158
"(0.8719725743599862, 0.9736189431913116)",1,94.23792638682198,46159
"(0.8686037591100882, 0.9540153992631536)",1,94.23786858226563,46160
"(0.415530332080681, 0.9289986228605154)",6,94.2373675939761,46166
"(0.8722751392320632, 0.9685796502031974)",4,94.2370987592092,46170
"(0.8863054971292138, 0.9474444882407044)",1,94.23704149667836,46171
"(0.8329339143064635, 0.9861673414304992)",2,94.23703542076773,46173
"(0.3865130008203705, 0.9943435122328632)",3,94.23696865553914,46176
"(0.9641028246291404, 0.9568045886851652)",1,94.23688541182838,46177
"(0.914452495974235, 0.9474839169495658)",2,94.23684053403626,46179
"(0.7090909090909091, 1.0)",1,94.23681726850386,46180
"(0.4358982301788995, 0.9775004218987317)",1,94.2367932716977,46181
"(0.9165867390570612, 0.9501177394034536)",1,94.2367932639844,46182
"(0.9539272400433172, 0.9502288074111276)",1,94.2367633071874,46183
"(0.6429276433769509, 0.9762510020799507)",1,94.23661233971538,46184
"(0.8258152104305951, 0.9524854486686548)",1,94.23656029291544,46185
"(0.8310457516339869, 0.9289986228605154)",1,94.23620890162088,46186
"(0.9574784734771978, 0.9549718574108818)",1,94.23614543452216,46187
"(0.8621746874893693, 0.9539707149009474)",1,94.23611786613463,46188
"(0.8948142000428356, 0.962470105966915)",1,94.23606159137336,46189
"(0.3300110741971206, 0.9650076460904662)",1,94.23577079285756,46190
"(0.7246022031823744, 0.9574976092405196)",3,94.23571270054632,46193
"(0.8453177368288579, 0.9779870235853187)",4,94.23562149010444,46197
"(0.8688607891739799, 0.9495014245014244)",2,94.23530336146408,46199
"(0.8894752290768013, 0.9501177394034536)",1,94.23529699717676,46200
"(0.5529564209234128, 0.964269276237512)",2,94.23520471598717,46202
"(0.9549718574108818, 0.9499799919967988)",2,94.23503304863472,46204
"(0.798089617146851, 0.9599989999749994)",1,94.2348346682623,46205
"(0.9335837499903572, 0.942439249991643)",1,94.23483344370312,46206
"(0.9916585206907788, 0.983030303030303)",1,94.2347277682198,46207
"(0.9348370927318296, 0.9449779911964784)",1,94.23448555273428,46208
"(0.9348370927318296, 0.9449325423643964)",2,94.23444957234555,46210
"(0.8316498316498316, 0.9665831244778612)",1,94.2343158019869,46211
"(0.9498754528985508, 0.9536268754076972)",1,94.2341318949754,46212
"(0.7599364993320813, 0.9449944994499452)",1,94.23411563268812,46213
"(0.9132516862059696, 0.9691818330194464)",1,94.23388104435271,46214
"(0.8040583964010628, 0.9516956990542454)",1,94.23375708806432,46215
"(0.805606866826574, 0.956140350877193)",3,94.23370731533704,46218
"(0.7277677677677677, 1.0)",1,94.23350577902332,46219
"(0.888622291021672, 0.9749656593406592)",1,94.23348763267089,46220
"(0.8110714507900957, 0.9440529448756316)",1,94.23347481531331,46221
"(0.9004206187154333, 0.9690968282937898)",4,94.23342952112912,46225
"(0.3714740615814956, 0.9649122807017544)",1,94.2333796690997,46226
"(0.9459285785969274, 0.9716190476190476)",1,94.23328262313518,46227
"(0.7198784150003663, 0.9648252575884156)",1,94.2332715474802,46228
"(0.874047619047619, 0.972045976510262)",1,94.23310730536846,46229
"(0.4060631229235881, 0.9752059550235188)",1,94.23309701731353,46230
"(0.6260123507862112, 0.9764666952752286)",1,94.23298466561558,46231
"(0.8645256232686982, 0.964731521366774)",1,94.23284669717891,46232
"(0.8592657752039796, 0.972045976510262)",1,94.23279052142138,46233
"(0.9424190267563762, 0.949938674876724)",1,94.23264563455814,46234
"(0.4827246972385666, 0.964269276237512)",1,94.23262393933436,46235
"(0.8376298701298701, 0.9489093915343916)",1,94.23256782730348,46236
"(0.9084080904123386, 0.960851077856154)",1,94.23230836745988,46237
"(0.9259776164181792, 0.9601502499942144)",1,94.23229091886752,46238
"(0.9012059369202228, 0.9874957118353344)",1,94.23212355473738,46239
"(0.9474444882407044, 0.9524640509385224)",1,94.23204558886064,46240
"(0.9189485013229876, 0.9469408453036384)",1,94.2319441115223,46241
"(0.8586166985951469, 0.972420634920635)",1,94.23188710340987,46242
"(0.7167218248460909, 0.9515714518877016)",2,94.2318671777644,46244
"(0.8067495925637244, 0.9474917955930616)",1,94.2318157105446,46245
"(0.826804915514593, 0.9535144014828052)",2,94.23175203819363,46247
"(0.943455134862934, 0.9575126626788776)",1,94.2316214026932,46248
"(0.9571428571428572, 0.9680383516315252)",1,94.2315794182388,46249
"(0.9310391447174572, 0.969930774800034)",1,94.2314828567627,46250
"(0.7620283018867924, 0.9747507916611692)",1,94.23126701965664,46251
"(0.8060399169850845, 0.94999499949995)",1,94.23115870445255,46252
"(0.7932043650793651, 0.9536268754076972)",1,94.23113126518204,46253
"(0.9250895679662802, 0.9645238095238096)",3,94.2310827156439,46256
"(0.8717520170461346, 0.987491854024112)",1,94.2310261238778,46257
"(0.8300961741952172, 0.9767441860465116)",1,94.23084854863222,46258
"(0.7127034737372042, 0.9599989999749994)",1,94.23064653783835,46259
"(0.9096837488457986, 0.9646309224447688)",2,94.23053113870252,46261
"(0.6164277827081168, 0.9529751605618932)",1,94.2304719311198,46262
"(0.912531328320802, 0.9574285714285714)",1,94.23040969300357,46263
"(0.9474602668267876, 0.9449779911964784)",1,94.2303666147586,46264
"(0.9399459513562204, 0.9399759903961584)",1,94.23029924992508,46265
"(0.8228052921446022, 0.9619736581501288)",1,94.2301298760328,46266
"(0.8478418336329888, 0.9867922141511912)",1,94.2300306514068,46267
"(0.9643944553313464, 0.9764666952752286)",1,94.2298909798877,46268
"(0.8695762175838077, 0.9646471322611444)",1,94.22988846565885,46269
"(0.9238400660955778, 0.9574285714285714)",1,94.2298283889278,46270
"(0.924772436620778, 0.9499987499687492)",1,94.22968675111258,46271
"(0.7805215455557322, 0.9646309224447688)",1,94.22957299310356,46272
"(0.828966378966379, 0.972045976510262)",2,94.2294401633876,46274
"(0.8806608357628766, 0.9502288074111276)",1,94.22942587515242,46275
"(0.6006542472969815, 0.95)",1,94.22922933738316,46276
"(0.9323791344788114, 0.9432380952380952)",2,94.22902190655373,46278
"(0.5233498899370707, 0.9641597273950216)",1,94.22869412666688,46279
"(0.859079950617616, 0.9571428571428572)",1,94.22857102482368,46280
"(0.8210319542875959, 0.9977226779352056)",1,94.22841438075426,46281
"(0.8651322276720679, 0.9423959526895456)",1,94.2282380138792,46282
"(0.6020449077786688, 0.9764666952752286)",1,94.22814788477612,46283
"(0.7923306301473605, 0.9643944553313464)",1,94.22790734658406,46284
"(0.5888137650974399, 0.9645020849175644)",1,94.22764511220538,46285
"(0.8449106413122807, 0.9644038253792572)",1,94.2275017111976,46286
"(0.4037090566294931, 0.9992431829362568)",3,94.22730798381254,46289
"(0.8498641779745659, 0.9424823852304768)",1,94.22722118911,46290
"(0.8757850574494108, 0.9549898727213622)",1,94.22711023538,46291
"(0.865587044534413, 0.956140350877193)",1,94.22688184585787,46292
"(0.9643698138596096, 0.9501177394034536)",1,94.22684865064916,46293
"(0.8571451992482267, 0.9604782992262008)",3,94.22683950790912,46296
"(0.8175446168757694, 0.972420634920635)",1,94.2267124356152,46297
"(0.92008547008547, 0.9537330920118182)",1,94.2265305735081,46298
"(0.8402876991030895, 0.9529751605618932)",1,94.22635609348744,46299
"(0.4746244400103808, 0.9516956990542454)",2,94.22632596742136,46301
"(0.8194074731341813, 0.9861673414304992)",2,94.22623433649554,46303
"(0.8741696772871107, 0.972420634920635)",1,94.22611890618964,46304
"(0.8091777408637875, 0.9656673832323628)",1,94.22608704291328,46305
"(0.8574011356980978, 0.9424564827150532)",1,94.22579051727826,46306
"(0.6259562980551786, 0.9712512130441512)",1,94.22568179516738,46307
"(0.8137484933708317, 0.9690968282937898)",1,94.22561098704412,46308
"(0.7330708089143778, 0.9524973279746984)",2,94.22520566570545,46310
"(0.7943622269203664, 0.964269276237512)",1,94.22502904071978,46311
"(0.5208957469413343, 0.9984863658725142)",3,94.2248502185692,46314
"(0.9549819927971188, 0.9574784734771978)",1,94.22483863076926,46315
"(0.8868677229932935, 0.952014377580963)",1,94.22420271445615,46316
"(0.8318916467605246, 0.9638471301903644)",1,94.22413935117116,46317
"(0.6702803520428978, 0.964731521366774)",2,94.22411587565028,46319
"(0.9110813074094206, 0.9764666952752286)",4,94.22406501224972,46323
"(0.8563094906941128, 0.9473684210526316)",2,94.22404159811938,46325
"(0.8467368572432814, 0.9695940115706744)",1,94.22396037798354,46326
"(0.8472645812528676, 0.960851077856154)",3,94.22373956247824,46329
"(0.7124941087515932, 0.9706080577886652)",2,94.2236906935586,46331
"(0.9069410647702764, 0.9474734084130092)",1,94.2236033825002,46332
"(0.9043086298506712, 0.9599959995999598)",1,94.22336000325228,46333
"(0.9833211143695014, 0.7520102950642489)",1,94.22329809781216,46334
"(0.5529564209234128, 0.964269276237512)",1,94.22327976591872,46335
"(0.8660316000154361, 0.960572483841182)",1,94.22299855946622,46336
"(0.9422585572257836, 0.9646309224447688)",1,94.22290942293624,46337
"(0.860405205616787, 0.9524973279746984)",4,94.2229048341678,46341
"(0.9788980434141724, 0.7762829775585995)",1,94.22275348004852,46342
"(0.6892156862745098, 0.972420634920635)",1,94.22273955526695,46343
"(0.9154520780570968, 0.9575200278648556)",1,94.22266934219296,46344
"(0.8915010570824524, 0.9388945062352544)",1,94.2226664864267,46345
"(0.8756569714184869, 0.9540153992631536)",2,94.2226358029609,46347
"(0.682074987159733, 0.9538370349708868)",1,94.22235112853627,46348
"(0.8848365568890763, 0.9643944553313464)",1,94.22218899894236,46349
"(0.4619316653214958, 0.9499799919967988)",3,94.2221340333403,46352
"(0.9373586654890096, 0.9524759409451032)",1,94.22203485299706,46353
"(0.9399459513562204, 0.94999499949995)",1,94.22203158693917,46354
"(0.8685314685314685, 0.9764666952752286)",1,94.22195413624893,46355
"(0.7817150682100042, 0.9495014245014244)",1,94.2219125020976,46356
"(0.8432844932844933, 0.9440529448756316)",1,94.22190775471856,46357
"(0.8330958052404215, 0.9495014245014244)",1,94.22180640251332,46358
"(0.9524854486686548, 0.9449504554098688)",1,94.22179036333236,46359
"(0.9153439153439156, 0.9833229101521784)",1,94.22175148570597,46360
"(0.9658159033159032, 0.9788980434141724)",1,94.22171890325713,46361
"(0.8285118282046853, 0.944998624965624)",1,94.2216917045542,46362
"(0.7084717607973421, 0.9764666952752286)",1,94.22168808269883,46363
"(0.8171936889795594, 0.9560315719855194)",1,94.22155782403476,46364
"(0.8377935954980907, 0.9495014245014244)",1,94.22153731490762,46365
"(0.944911858974359, 0.9499198717948718)",1,94.2213656780861,46366
"(0.9164187516971112, 0.9749510283096622)",2,94.22114595151804,46368
"(0.9137091172501388, 0.9495014245014244)",1,94.22110374805604,46369
"(0.8948142000428356, 0.9749656593406592)",1,94.22096032212256,46370
"(0.564922563324656, 0.9961927960732532)",3,94.22096009322594,46373
"(0.987491854024112, 0.8494134042062688)",1,94.22094578965223,46374
"(0.9428571428571428, 0.960851077856154)",1,94.22094299758216,46375
"(0.5066927083333332, 0.9750012501250126)",1,94.22080850309924,46376
"(0.8715701474388204, 0.9861310021084456)",2,94.22076392351067,46378
"(0.8898894074675324, 0.9229174357081332)",1,94.22075001708107,46379
"(0.860405205616787, 0.9424823852304768)",1,94.2206899053595,46380
"(0.593224625483241, 0.9867922141511912)",2,94.22062572523656,46382
"(0.8394200626959247, 0.9495014245014244)",1,94.21994834260578,46383
"(0.7173333912422846, 0.9850149481979348)",1,94.21990200686406,46384
"(0.8176857647247633, 0.9474996718729491)",2,94.21959154615357,46386
"(0.468113893871426, 0.9385964912280702)",1,94.2195845356998,46387
"(0.8449106413122807, 0.964269276237512)",1,94.21941942984002,46388
"(0.8824350378406377, 0.9734731918335766)",1,94.21936063272176,46389
"(0.9750481776288228, 0.9876106894370652)",2,94.2193310982258,46391
"(0.5222179798681013, 0.9539707149009474)",1,94.21929356495056,46392
"(0.8326352665776878, 0.9433502169051704)",1,94.21926553103178,46393
"(0.8193419055822156, 0.9861673414304992)",1,94.21926544071482,46394
"(0.6765178311005944, 0.9539707149009474)",1,94.219224186012,46395
"(0.7178663713547435, 0.9388945062352544)",1,94.21921091746884,46396
"(0.943455134862934, 0.9540153992631536)",1,94.21914418919,46397
"(0.4904033495004767, 0.9643944553313464)",1,94.21906185102657,46398
"(0.8600428777729004, 0.9549988749718742)",2,94.21894780477145,46400
"(0.8103667838961957, 0.9501177394034536)",2,94.21888001259066,46402
"(0.9020800849800285, 0.9468391231269042)",1,94.21877856771869,46403
"(0.8915010570824524, 0.9388945062352544)",2,94.21874022137564,46405
"(0.9388917411828462, 0.9388917411828462)",2,94.2186493668826,46407
"(0.5069136832921234, 0.9472378863826232)",1,94.2186406354184,46408
"(0.8888888888888888, 0.95)",1,94.21851500053558,46409
"(0.8388048698116161, 0.9861673414304992)",1,94.21847105558533,46410
"(0.6736022307473716, 0.9861673414304992)",1,94.21844071160685,46411
"(0.8074780204479453, 0.9749910873440284)",1,94.21827333834275,46412
"(0.829147429978455, 0.9472378863826232)",3,94.21806185455912,46415
"(0.9272595017275868, 0.9424996406227538)",1,94.21792852861816,46416
"(0.7809828715722208, 0.9499987499687492)",1,94.21776041019548,46417
"(0.8885908209437621, 0.9497439544807966)",1,94.21773248974942,46418
"(0.8422693146507633, 0.960572483841182)",1,94.21772487489687,46419
"(0.7304742252709461, 0.9764666952752286)",1,94.2176979521904,46420
"(0.8128441201209393, 0.964269276237512)",2,94.21756064753676,46422
"(0.777006807446513, 0.9495014245014244)",1,94.21755097556245,46423
"(0.944911858974359, 0.9424996406227538)",1,94.21719076840463,46424
"(0.9014867374005304, 0.9245008912655972)",1,94.217040649407,46425
"(0.8586125966511082, 0.971956581992879)",1,94.21703943726558,46426
"(0.8151606266814369, 0.9449944994499452)",1,94.21675139030212,46427
"(0.9134717985546716, 0.9692565356964218)",3,94.21673430114228,46430
"(0.9537330920118182, 0.9610899532226684)",2,94.2167139807302,46432
"(0.9599749843652282, 0.955)",1,94.21656291771566,46433
"(0.9566795633209296, 0.9605654571878554)",1,94.21618455425492,46434
"(0.9002005347593582, 0.9495014245014244)",1,94.2159904930979,46435
"(0.7348436174331348, 0.972045976510262)",1,94.21587295944042,46436
"(0.8993128964059197, 0.9388945062352544)",1,94.21581129871836,46437
"(0.8915010570824524, 0.951892755797645)",1,94.21543375988225,46438
"(0.9750943974852894, 0.9789783987886456)",1,94.2150347635305,46439
"(0.7497774934022918, 0.9539707149009474)",1,94.214902004549,46440
"(0.9575126626788776, 0.9425645194066248)",1,94.21460984369833,46441
"(0.8349608011027915, 0.9556541264979026)",2,94.21439098913731,46443
"(0.8091777408637875, 0.9539707149009474)",1,94.21427949073563,46444
"(0.8757850574494108, 0.9524640509385224)",1,94.21424162045808,46445
"(0.9212328545548654, 0.9679690637004894)",1,94.21418998453012,46446
"(0.7188585657770549, 0.9599989999749994)",2,94.21400223997068,46448
"(0.7497774934022918, 0.9539707149009474)",1,94.2139862926073,46449
"(0.8467204520428354, 0.9388945062352544)",1,94.213706334003,46450
"(0.9628689175769612, 0.9622598627787308)",1,94.2136096548507,46451
"(0.5904761904761905, 0.9538370349708868)",1,94.21352976541984,46452
"(0.8472645812528676, 0.960851077856154)",3,94.21352393893302,46455
"(0.929787607512726, 0.9474734084130092)",1,94.21346535322786,46456
"(0.9643698138596096, 0.9642857142857144)",3,94.21343261176506,46459
"(0.8231949239400151, 0.94948489010989)",1,94.21331581058324,46460
"(0.6141682785299807, 0.9349450790173682)",1,94.21325955777397,46461
"(0.9424392014064856, 0.9499887474681804)",1,94.21319489012429,46462
"(0.7339614166971252, 0.913471232954048)",1,94.21319465549094,46463
"(0.838301471154743, 0.972045976510262)",1,94.21314155941133,46464
"(0.8558506308506308, 0.9450323339212228)",2,94.21302132496486,46466
"(0.913060207336523, 0.9619736581501288)",1,94.21271977003283,46467
"(0.8441415402639044, 0.9580331374974232)",1,94.21254888988626,46468
"(0.6164277827081168, 0.9767441860465116)",2,94.21231402996628,46470
"(0.9170904871819552, 0.9540153992631536)",1,94.21226273438504,46471
"(0.654684769216789, 0.9450323339212228)",1,94.2121917537324,46472
"(0.3987913031507923, 0.967558279195502)",4,94.21204630475798,46476
"(0.4006503394959648, 0.9678973246149404)",1,94.2120341587728,46477
"(0.8686037591100882, 0.9537330920118182)",3,94.2119887779554,46480
"(0.8756569714184869, 0.9502288074111276)",2,94.21186765790004,46482
"(0.9348222545262322, 0.9539272400433172)",1,94.21178036589336,46483
"(0.8997493734335841, 1.0)",1,94.21164332673096,46484
"(0.8543547774492897, 0.9440529448756316)",1,94.21158371766428,46485
"(0.7080774830455289, 0.9918134998829516)",1,94.2113411543821,46486
"(0.8552744708994707, 1.0)",2,94.21116281543613,46488
"(0.95749335833724, 0.9499799919967988)",2,94.21093540818288,46490
"(0.4684544892656223, 0.9862507520107008)",1,94.21090878320726,46491
"(0.8871082621082622, 0.972281746031746)",1,94.21084357309242,46492
"(0.8404355452872972, 0.9580331374974232)",1,94.21083742496144,46493
"(0.943455134862934, 0.9535144014828052)",1,94.21074762874017,46494
"(0.8873352247505452, 0.964731521366774)",6,94.21064995114564,46500
"(0.7915502508303457, 0.9599909979745442)",1,94.21045166472068,46501
"(0.9860411258716344, 0.972045976510262)",1,94.21021776565472,46502
"(0.8846362470895226, 0.9427148033126296)",1,94.2101850599228,46503
"(0.7157872157872157, 0.9474970467088774)",1,94.210138155263,46504
"(0.8605691443799373, 0.960267350663444)",1,94.21010133258348,46505
"(0.9315095328894416, 0.9498754528985508)",1,94.21005129333234,46506
"(0.9273504273504276, 0.9571428571428572)",2,94.20994722373736,46508
"(0.9624885121068328, 0.9599959995999598)",1,94.2099374586519,46509
"(0.8552744708994707, 0.9861673414304992)",1,94.20990532889208,46510
"(0.843845350684385, 0.9535144014828052)",1,94.20988071986378,46511
"(0.8890425386169811, 0.9498754528985508)",1,94.20984892334364,46512
"(0.9124863259884356, 0.9499987499687492)",1,94.2096893414409,46513
"(0.8915010570824524, 0.9388945062352544)",1,94.20959885671216,46514
"(0.81893131227901, 1.0)",2,94.20939504213854,46516
"(0.8933617810760668, 0.9540153992631536)",3,94.20930002944218,46519
"(0.9424967654430562, 0.9524759409451032)",1,94.2092536562207,46520
"(0.944073617452092, 0.986081059422206)",1,94.20893565012592,46521
"(0.9574285714285714, 0.960851077856154)",1,94.20892102220408,46522
"(0.7933030177759403, 0.9474444882407044)",1,94.20890054406108,46523
"(0.9276343133138456, 0.9719579135775596)",1,94.20878875561868,46524
"(0.8868202139097957, 0.9474839169495658)",1,94.20857899056712,46525
"(0.7989676702614233, 0.9539707149009474)",1,94.20845116559244,46526
"(0.5466837142306626, 0.9861673414304992)",1,94.20840236162536,46527
"(0.9524640509385224, 0.9399624765478424)",2,94.20836379366077,46529
"(0.549813159936279, 0.9885557944107872)",1,94.2083219610619,46530
"(0.8045672878635017, 0.9474996718729491)",1,94.20827833573593,46531
"(0.7325800052772601, 0.9650450950662368)",1,94.20827816826196,46532
"(0.8091777408637875, 0.9539707149009474)",1,94.20808779470396,46533
"(0.7886860312719072, 0.9388945062352544)",1,94.20800388209211,46534
"(0.6969051878354204, 0.9538370349708868)",1,94.2079687851785,46535
"(0.8809938281373634, 0.9424564827150532)",1,94.20796837876966,46536
"(0.7604228876645498, 0.9495014245014244)",2,94.20793614039589,46538
"(0.8755069547906272, 0.9690968282937898)",3,94.20790076134467,46541
"(0.713297614373802, 0.9539707149009474)",1,94.20780797437854,46542
"(0.8795247311963099, 0.943455134862934)",1,94.20758529267503,46543
"(0.8096434622047096, 0.9349414473025724)",1,94.20755938422413,46544
"(0.8535870458655268, 0.9460809481025116)",1,94.20745913988304,46545
"(0.7708796965987909, 0.9440529448756316)",1,94.2074359026576,46546
"(0.9666562434855118, 1.0)",1,94.20737726283146,46547
"(0.9285714285714286, 0.9610153569597296)",3,94.20732508316443,46550
"(0.8330958052404215, 0.9495014245014244)",2,94.20731473669744,46552
"(0.8964397027091824, 0.9462256234379848)",1,94.2071232644685,46553
"(0.8785302156088673, 0.9549898727213622)",4,94.20695113500167,46557
"(0.9145814491005928, 0.9524925769651508)",1,94.20686415329546,46558
"(0.8116470752541504, 0.9695908184637694)",1,94.20680082190644,46559
"(0.7401844059863599, 0.972420634920635)",1,94.2066376841879,46560
"(0.7188585657770549, 0.9574976092405196)",3,94.20663161754976,46563
"(0.6916090143326244, 0.9440529448756316)",1,94.20661180070422,46564
"(0.8258470464352816, 0.9425645194066248)",1,94.206606976392,46565
"(0.8514626506510005, 0.960851077856154)",1,94.2062793239077,46566
"(0.8313174792337382, 0.955510609293504)",1,94.20621020158788,46567
"(0.8449106413122807, 0.964269276237512)",1,94.20619689688816,46568
"(0.95749335833724, 0.9449656035021888)",1,94.20619491176735,46569
"(0.6415148305084746, 0.9749910873440284)",1,94.2061665879374,46570
"(0.9524925769651508, 0.9524854486686548)",1,94.2061406962354,46571
"(0.8326352665776878, 0.9432380952380952)",1,94.20610437153036,46572
"(0.8922888616891066, 0.9419039311639736)",1,94.20594710083294,46573
"(0.4584512045970383, 0.9749986301369862)",4,94.20591396961906,46577
"(0.8975998588152243, 0.9468391231269042)",1,94.20582772578508,46578
"(0.8108441558441559, 0.9495014245014244)",1,94.20574951214812,46579
"(0.7620265151515151, 0.9749656593406592)",1,94.20556277955504,46580
"(0.7736995193616906, 0.9495014245014244)",1,94.20552408768424,46581
"(0.8890425386169811, 0.9433502169051704)",1,94.20541019753313,46582
"(0.95749335833724, 0.939878253463263)",1,94.2053956813272,46583
"(0.829593594810986, 0.9738603988603988)",3,94.20533203190776,46586
"(0.593224625483241, 0.9780434995701116)",1,94.20501466027387,46587
"(0.8888888888888888, 0.9580331374974232)",2,94.20491045219288,46589
"(0.7778533896115083, 0.9779870235853187)",1,94.20489688394424,46590
"(0.7731997731997731, 0.9599909979745442)",1,94.20474596848771,46591
"(0.8574011356980978, 0.9549988749718742)",1,94.20454647242654,46592
"(0.9323791344788114, 0.9505232430050672)",1,94.20453232669968,46593
"(0.954995499549955, 0.9499887474681804)",1,94.20444309798796,46594
"(0.954995499549955, 0.947426067907996)",1,94.20413232628748,46595
"(0.8043167829966709, 0.96687782907365)",4,94.20404616159688,46599
"(0.8551452042262022, 0.9574997343733398)",1,94.20397235780544,46600
"(0.9273688099129052, 0.9424564827150532)",1,94.20392876587498,46601
"(0.8752079951298701, 0.9572437766315318)",1,94.20364090212703,46602
"(0.7872277593207826, 0.9495014245014244)",1,94.20328734500896,46603
"(0.855702280912365, 0.940930997520722)",1,94.2031251034278,46604
"(0.5529564209234128, 0.964269276237512)",1,94.20307831361572,46605
"(0.946730586052542, 0.9469408453036384)",1,94.20305098915816,46606
"(0.8422693146507633, 0.9604782992262008)",1,94.2030474027197,46607
"(0.8892914653784219, 0.9449656035021888)",1,94.20300388915612,46608
"(0.90224161204236, 0.9722222222222222)",1,94.20289882158282,46609
"(0.9792521035784794, 0.9958292603453894)",1,94.20288067737296,46610
"(0.917001490200517, 0.9549988749718742)",1,94.20287238742704,46611
"(0.914452495974235, 0.9474734084130092)",1,94.2028156952556,46612
"(0.9259776164181792, 0.9560315719855194)",1,94.20278811677647,46613
"(0.8525073746312686, 0.9474444882407044)",1,94.20277490761852,46614
"(0.8014549180327869, 0.9495014245014244)",1,94.20274706149594,46615
"(0.8317601729721721, 0.9342874730686364)",1,94.20273976728548,46616
"(0.8796475392220073, 1.0)",1,94.20267668254031,46617
"(0.8020670413815576, 0.9495014245014244)",1,94.20265079413332,46618
"(0.9326628892940788, 0.9468391231269042)",1,94.20255114224064,46619
"(0.787221770032878, 0.9574976092405196)",3,94.202544807017,46622
"(0.8428883536673643, 0.9649927307623792)",1,94.20236170809058,46623
"(0.7842821339061942, 0.9473684210526316)",2,94.2021659674589,46625
"(0.8318290279074593, 0.9861673414304992)",1,94.20215402130724,46626
"(0.9388917411828462, 0.9572437766315318)",1,94.2021193785382,46627
"(0.5111055664919109, 0.963749263477387)",1,94.20201417400264,46628
"(0.9549718574108818, 0.9524854486686548)",1,94.20194360854003,46629
"(0.8441415402639044, 0.9436368312757202)",1,94.2017105887916,46630
"(0.9449656035021888, 0.9449944994499452)",3,94.20161441041007,46633
"(0.9609357631051972, 0.9610153569597296)",1,94.20156635881274,46634
"(0.860351329677713, 0.9539707149009474)",1,94.20155216794788,46635
"(0.8688607891739799, 0.9495014245014244)",1,94.20133881715276,46636
"(0.826908968957639, 0.9646309224447688)",1,94.20130199584162,46637
"(0.875, 0.9619736581501288)",1,94.20115703272444,46638
"(0.944911858974359, 0.9424967654430562)",1,94.20109004722144,46639
"(0.4835654773292069, 0.9726288453162218)",4,94.200703513274,46643
"(0.7980310463463742, 0.9736486245878712)",4,94.20063157034454,46647
"(0.8933617810760668, 0.9538331745788698)",1,94.20054773054147,46648
"(0.9599989999749994, 0.95)",1,94.20053300073488,46649
"(0.826804915514593, 0.9536268754076972)",1,94.20011981721407,46650
"(0.95749335833724, 0.9499887474681804)",1,94.20006006053828,46651
"(0.8547539417104635, 0.95749335833724)",2,94.19998653026023,46653
"(0.8309403153153152, 0.9511418561141246)",1,94.19990652718948,46654
"(0.7871012248777423, 0.9388945062352544)",1,94.19975952288432,46655
"(0.8480357142857143, 0.9574285714285714)",1,94.19958757733536,46656
"(0.8574563460059643, 0.9474970467088774)",2,94.1994948263996,46658
"(0.8278311965811965, 0.9580331374974232)",1,94.1994929104872,46659
"(0.8846362470895226, 0.9540153992631536)",1,94.19948098334488,46660
"(0.8060399169850845, 0.9524997031231444)",1,94.19922880239682,46661
"(0.8584175084175085, 0.972420634920635)",1,94.19880798603336,46662
"(0.9436368312757202, 0.972045976510262)",1,94.198522226528,46663
"(0.7781407751391581, 0.9699293469984828)",1,94.1984919841065,46664
"(0.3629356836243083, 0.9675670937001698)",4,94.19836290389824,46668
"(0.8098502304147466, 0.94985853432282)",1,94.19832171797368,46669
"(0.7845149314277182, 0.9399864969618164)",1,94.19826852783994,46670
"(0.9449656035021888, 0.934998374959374)",1,94.19823759992036,46671
"(0.944911858974359, 0.9524973279746984)",3,94.19813552423582,46674
"(0.7820135271430143, 0.951892755797645)",1,94.198030093829,46675
"(0.8796475392220073, 1.0)",1,94.19790408693255,46676
"(0.6892156862745098, 0.9861673414304992)",1,94.19788539548892,46677
"(0.4566269759061861, 0.9984817852901372)",3,94.19785949254008,46680
"(0.8003236732894304, 0.9536268754076972)",1,94.19783460509171,46681
"(0.8191170968948748, 0.9735486410250802)",3,94.1976697186654,46684
"(0.7842821339061942, 0.9430491433261516)",1,94.19752398690184,46685
"(0.7976364522417154, 0.9518108135836668)",1,94.19740450532464,46686
"(0.812418383596075, 0.9529751605618932)",1,94.19723006912264,46687
"(0.4586050724637681, 0.9712503144536164)",1,94.19722781866788,46688
"(0.8992107069320523, 0.9432380952380952)",1,94.19713106292008,46689
"(0.6767580302172832, 0.972281746031746)",2,94.19706204204924,46691
"(0.88164537452478, 0.960851077856154)",1,94.19703409154172,46692
"(0.9494594905410846, 0.9603476243044132)",1,94.19700794447284,46693
"(0.6698155645524068, 1.0)",1,94.19696328983734,46694
"(0.9474917955930616, 0.942491014220972)",1,94.19669893522796,46695
"(0.9422585572257836, 0.9646309224447688)",1,94.19655153550792,46696
"(0.8297914945808617, 0.9549988749718742)",6,94.19649127578003,46702
"(0.4645247657295849, 0.9524973279746984)",3,94.1964553550258,46705
"(0.8964397027091824, 0.960666032023912)",1,94.19634874352832,46706
"(0.8777335856148074, 0.9780958243562125)",1,94.19629235900685,46707
"(0.9020800849800285, 0.9432380952380952)",1,94.19612119499996,46708
"(0.8487453548561374, 0.9604782992262008)",2,94.19608106274188,46710
"(0.7727171016497488, 0.9539707149009474)",1,94.19600460655506,46711
"(0.8686037591100882, 0.9537330920118182)",3,94.19598634206729,46714
"(0.7474747474747474, 0.9643944553313464)",1,94.19596549984934,46715
"(0.8228052921446022, 0.9747507916611692)",1,94.19583997678852,46716
"(0.939817949296622, 0.9474839169495658)",1,94.19545984451312,46717
"(0.7330714411623984, 0.9474734084130092)",1,94.19545384470226,46718
"(0.846098299557419, 0.972420634920635)",1,94.1953827650814,46719
"(0.8864121608239255, 0.9495014245014244)",1,94.19513163182918,46720
"(0.8389313963994772, 0.9638354891480992)",1,94.19507077348732,46721
"(0.8231949239400151, 0.9619736581501288)",1,94.19488810535104,46722
"(0.8000767913048615, 0.9649122807017544)",1,94.19486046831108,46723
"(0.84470156948104, 0.951892755797645)",1,94.19484329773096,46724
"(0.686734693877551, 0.9571428571428572)",2,94.19463422618117,46726
"(0.7931486840292131, 0.9622641509433963)",1,94.19460368595078,46727
"(0.9348222545262322, 0.9645938855657314)",3,94.19449099892276,46730
"(0.4717425431711146, 0.9648252575884156)",1,94.19444954709095,46731
"(0.8110714507900957, 0.9450323339212228)",2,94.19440981725867,46733
"(0.8458807849973786, 0.9549898727213622)",1,94.19432557941067,46734
"(0.8591722063944286, 0.9580331374974232)",1,94.19412408184432,46735
"(0.8500264270613107, 0.9388945062352544)",1,94.19409235837624,46736
"(0.9599749843652282, 0.9299842464554524)",2,94.19405681550268,46738
"(0.841184456569072, 0.9549898727213622)",3,94.19404676721548,46741
"(0.7340930674264006, 1.0)",1,94.19398925439364,46742
"(0.94291309888229, 0.991206314397104)",1,94.19394117095015,46743
"(0.929787607512726, 0.9399459513562204)",1,94.19390217805352,46744
"(0.9348370927318296, 0.9499687304565354)",1,94.19382492211751,46745
"(0.960666032023912, 0.9363870267208008)",1,94.19382267924654,46746
"(0.8627397499800719, 0.960376642453574)",1,94.1938021540211,46747
"(0.8708656432979902, 0.944911858974359)",1,94.19375034370852,46748
"(0.5901140084986851, 0.9474996718729491)",1,94.1935768451184,46749
"(0.826804915514593, 0.9609357631051972)",2,94.1935475560358,46751
"(0.8685023559648746, 0.9495014245014244)",1,94.1933093678873,46752
"(0.8436532894080064, 0.9440529448756316)",1,94.19325747803676,46753
"(0.7186738340996477, 0.9621594671483928)",4,94.19316966838733,46757
"(0.8868677229932935, 0.9691818330194464)",1,94.19316265871424,46758
"(0.8060738581146745, 0.9540153992631536)",1,94.19312154853723,46759
"(0.7999088007295942, 0.988167361639188)",1,94.19311948344928,46760
"(0.954995499549955, 0.9373586654890096)",1,94.19309908697907,46761
"(0.8873415740885621, 0.94999499949995)",1,94.19304122668964,46762
"(0.5218438528010998, 0.972281746031746)",1,94.1930171320692,46763
"(0.3974337753332183, 0.997729548808771)",2,94.19284947331111,46765
"(0.8455704732698088, 0.958422459893048)",1,94.19274711995944,46766
"(0.8716376921138826, 0.9440529448756316)",1,94.19273718355272,46767
"(0.8388355871169197, 0.9449876222149984)",2,94.19267785755169,46769
"(0.95749335833724, 0.9399864969618164)",1,94.1926751057634,46770
"(0.9082051469489508, 0.956240913452974)",1,94.19267244076104,46771
"(0.8843308668496638, 0.9495014245014244)",1,94.19266949841555,46772
"(0.2955962541488857, 0.9735486410250802)",1,94.19259697693802,46773
"(0.4892103139203941, 0.9691818330194464)",3,94.19247804176236,46776
"(0.924953095684803, 0.95749335833724)",1,94.19233155209557,46777
"(0.860405205616787, 0.9424708758809148)",2,94.19212615662464,46779
"(0.4992218132083787, 0.9984833216465048)",3,94.1920530998949,46782
"(0.9216907963871362, 0.9384442007797272)",3,94.19205141641766,46785
"(0.8493268538892306, 0.9690968282937898)",1,94.1917952692174,46786
"(0.8396854781762315, 0.9474996718729491)",2,94.1917574649336,46788
"(0.8208353559736048, 0.9861673414304992)",1,94.19175678396952,46789
"(0.614501096491228, 0.9690968282937898)",1,94.19170987288965,46790
"(0.9392111404005912, 0.9540153992631536)",1,94.19144355342762,46791
"(0.5964912280701754, 0.9692608993981562)",1,94.19113579069288,46792
"(0.7415118167849071, 0.951437873033098)",1,94.19098061513404,46793
"(0.5897435897435898, 0.9524997031231444)",4,94.1909231428894,46797
"(0.5208957469413343, 0.9988630646884038)",1,94.1906465160632,46798
"(0.7801059423865424, 0.9539707149009474)",1,94.19062196991923,46799
"(0.7678405315614618, 0.9650450950662368)",1,94.19041275192444,46800
"(0.7803195571784078, 0.9736842105263158)",1,94.19036323377044,46801
"(0.8687499999999999, 0.951578401747332)",2,94.19017585615384,46803
"(0.9833229101521784, 1.0)",2,94.18977701596268,46805
"(0.8066487122350412, 0.9650450950662368)",1,94.18968238919062,46806
"(0.8453642237906118, 0.960851077856154)",3,94.18959839570618,46809
"(0.893939393939394, 0.9474996718729491)",1,94.18949956821984,46810
"(0.8613150576270225, 0.9690968282937898)",1,94.1894715999682,46811
"(0.8777335856148074, 0.9606593486924077)",1,94.18941077374154,46812
"(0.8993301094022514, 0.9366844919786096)",1,94.1892123332144,46813
"(0.4768807437940118, 0.9662018664016836)",4,94.188919529665,46817
"(0.9272156862745098, 0.944998624965624)",2,94.1887913808644,46819
"(0.9379369827374928, 0.9714285714285714)",1,94.18873991973136,46820
"(0.8569579686922223, 0.960572483841182)",3,94.18866956857866,46823
"(0.9017623122369548, 0.9427148033126296)",1,94.18860562876456,46824
"(0.9424190267563762, 0.9423959526895456)",1,94.18855020324162,46825
"(0.531353757109443, 0.9699969987995196)",1,94.18852657059132,46826
"(0.548203614371085, 0.943189758511236)",1,94.18843411043396,46827
"(0.3833435083435083, 0.9603669058214512)",1,94.18827515826808,46828
"(0.6226174561728305, 0.9312537599124966)",1,94.18822413640672,46829
"(0.8930530569999261, 0.9289986228605154)",1,94.18811845768364,46830
"(0.8574563460059643, 0.9474734084130092)",1,94.18801880267752,46831
"(0.8806608357628766, 0.9459285785969274)",1,94.18792773006096,46832
"(0.8391399552284038, 0.9767441860465116)",1,94.18787771341266,46833
"(0.8620521272050296, 0.9630499959484644)",1,94.1878585091004,46834
"(0.7257906890632683, 0.988162014427002)",1,94.18774952778884,46835
"(0.4990703502943405, 0.9539707149009474)",1,94.1876694877911,46836
"(0.754858950994775, 0.9904640059863072)",2,94.1875302294908,46838
"(0.8137861130877186, 0.951578401747332)",1,94.18720780865009,46839
"(0.7525252525252526, 0.9599909979745442)",1,94.18710320588148,46840
"(0.9599749843652282, 0.9499887474681804)",1,94.18659005005412,46841
"(0.9449325423643964, 0.944998624965624)",2,94.18657819926668,46843
"(0.8631546198466533, 0.9764666952752286)",1,94.18655947367988,46844
"(0.4042620013682356, 0.9735486410250802)",1,94.18640466453272,46845
"(0.874450386215092, 0.972281746031746)",1,94.18639104049724,46846
"(0.8755069547906272, 0.9601502499942144)",1,94.18607070821258,46847
"(0.9624885121068328, 0.937480853511388)",1,94.1860526166825,46848
"(0.9156086605607608, 0.9560315719855194)",1,94.18594771387598,46849
"(0.9026337658413128, 0.9861673414304992)",1,94.1859082998999,46850
"(0.9162596992611264, 0.972420634920635)",1,94.18590262687952,46851
"(0.9503333333333333, 0.9505232430050672)",3,94.18582568858704,46854
"(0.8110714507900957, 0.9440529448756316)",1,94.18577878787713,46855
"(0.7073334452089277, 0.9549988749718742)",1,94.18577231548852,46856
"(0.9649790647893116, 0.9916585206907788)",1,94.1857019110739,46857
"(0.8403320842836972, 0.924260951312838)",1,94.18559777544652,46858
"(0.3702168012422018, 0.9779263059241357)",3,94.18555593396476,46861
"(0.5222179798681013, 0.9539707149009474)",1,94.18549804506604,46862
"(0.9575913511472004, 0.9603476243044132)",1,94.18539754413716,46863
"(0.7736869137404373, 0.9690968282937898)",3,94.18537595896905,46866
"(0.8226000003393725, 0.9560315719855194)",1,94.18535941616663,46867
"(0.8467785183482723, 0.945)",2,94.18519842458424,46869
"(0.7011915690388763, 0.9690968282937898)",1,94.1851771049227,46870
"(0.8122244268077601, 0.9450323339212228)",1,94.18497297429045,46871
"(0.8835857110930401, 0.9764666952752286)",1,94.1849527272325,46872
"(0.9712822597033124, 0.9607612022680516)",1,94.18495056304866,46873
"(0.8467368572432814, 0.972296766100878)",3,94.18493510038036,46876
"(0.9665831244778612, 1.0)",1,94.18470996788136,46877
"(0.9110813074094206, 0.9764666952752286)",1,94.18465731684717,46878
"(0.7935498742420971, 0.9648252575884156)",1,94.18463286491163,46879
"(0.8449106413122807, 0.964269276237512)",1,94.18458524285968,46880
"(0.8456659619450317, 0.9764666952752286)",1,94.18441099889397,46881
"(0.7786375661375661, 1.0)",1,94.18435100422732,46882
"(0.960851077856154, 0.9536268754076972)",2,94.18423797431716,46884
"(0.826908968957639, 0.951437873033098)",1,94.18403649075276,46885
"(0.9326599326599326, 0.9833229101521784)",1,94.18398775122908,46886
"(0.7119388248146047, 1.0)",1,94.18388706555972,46887
"(0.8112169414494997, 0.9388945062352544)",2,94.18374709883902,46889
"(0.5233498899370707, 0.967884385000367)",1,94.18369262516993,46890
"(0.8736897274633123, 0.9440529448756316)",1,94.1835491100504,46891
"(0.9666562434855118, 1.0)",1,94.1834855187034,46892
"(0.9499887474681804, 0.95749335833724)",2,94.18345892839478,46894
"(0.7809828715722208, 0.9499799919967988)",1,94.18326443912954,46895
"(0.9297812306740878, 1.0)",1,94.18319932491178,46896
"(0.8964397027091824, 0.9571428571428572)",1,94.1831828034073,46897
"(0.9156086605607608, 0.9649122807017544)",1,94.18316796241211,46898
"(0.9679690637004894, 0.9644491481508056)",3,94.18311587801948,46901
"(0.8688607891739799, 0.9495014245014244)",2,94.1828987015929,46903
"(0.6910881126324849, 0.9764666952752286)",2,94.18288112903848,46905
"(0.8403320842836972, 0.9747507916611692)",1,94.18265710190089,46906
"(0.9067863328609668, 0.9499799919967988)",1,94.1825931276378,46907
"(0.7931486840292131, 0.9495014245014244)",1,94.1825243520678,46908
"(0.8269995078134613, 0.9495014245014244)",1,94.18249775807472,46909
"(0.6333118819585527, 0.9529751605618932)",1,94.18244897647716,46910
"(0.8932254623044097, 0.9344322478206792)",1,94.18235846595604,46911
"(0.8228052921446022, 0.9619736581501288)",1,94.18235565747652,46912
"(0.8393264911275135, 0.968918635122025)",2,94.18230721503204,46914
"(0.7823116219667945, 0.9861673414304992)",1,94.18230079335,46915
"(0.7050663794439956, 0.9289986228605154)",1,94.18227138380024,46916
"(0.8459266053144301, 0.9749910873440284)",1,94.18214966303655,46917
"(0.8602650098786556, 0.9655362609256052)",1,94.18210042027488,46918
"(0.9126363636363636, 0.9619736581501288)",1,94.1820809776726,46919
"(0.8696923468090515, 0.9604782992262008)",3,94.1817931304559,46922
"(0.8587708587708588, 1.0)",1,94.181776436866,46923
"(0.8151249335459861, 1.0)",1,94.18177438241176,46924
"(0.943455134862934, 0.950431439792024)",1,94.1817621325673,46925
"(0.9145191703331238, 0.9499987499687492)",3,94.18172981007037,46928
"(0.861957198953386, 0.988167361639188)",1,94.18170900290126,46929
"(0.5901140084986851, 0.9474996718729491)",1,94.18165466330768,46930
"(0.7942038054814895, 0.9861673414304992)",1,94.18161119333014,46931
"(0.8422150008452768, 0.9474996718729491)",2,94.18133648942164,46933
"(0.8978420627840789, 0.9516956990542454)",1,94.18115278727026,46934
"(0.7545469576719577, 1.0)",1,94.18112234654753,46935
"(0.7772049591964847, 0.9861673414304992)",1,94.18110553706892,46936
"(0.943455134862934, 0.9575126626788776)",1,94.18109179428367,46937
"(0.8523797616070684, 0.964269276237512)",1,94.18042441940518,46938
"(0.8035746489663118, 0.9515714518877016)",3,94.18033454237111,46941
"(0.486629218999443, 0.9735486410250802)",1,94.18030447528449,46942
"(0.746671365914787, 0.9779870235853187)",1,94.1802345967917,46943
"(0.7393955720057585, 0.9672268008974684)",2,94.18010651016829,46945
"(0.7453310696095076, 0.9474996718729491)",1,94.18006899055644,46946
"(0.946730586052542, 0.9540977572753596)",2,94.17983003695814,46948
"(0.9067863328609668, 0.9574997343733398)",2,94.17963527731608,46950
"(0.9609357631051972, 0.9565481696841548)",2,94.1795038633552,46952
"(0.7885047499939597, 0.9764666952752286)",1,94.17943769857958,46953
"(0.8498641779745659, 0.95)",1,94.1792735789416,46954
"(0.917283950617284, 0.9585145265646386)",1,94.1792529238746,46955
"(0.8809938281373634, 0.9474839169495658)",1,94.17913438782789,46956
"(0.6392731808632544, 0.9495014245014244)",1,94.17911721599395,46957
"(0.9647058823529412, 0.9289986228605154)",1,94.17892646073686,46958
"(0.8574563460059643, 0.9524973279746984)",1,94.17855151650464,46959
"(0.4943189964157706, 1.0)",1,94.17850930374944,46960
"(0.7664480222619757, 0.951892755797645)",1,94.17839817268704,46961
"(0.7167218248460909, 0.960376642453574)",1,94.1783207105287,46962
"(0.9422394177612392, 0.9573389777809668)",1,94.17827564783644,46963
"(0.8560274494853222, 0.9539707149009474)",1,94.17819880706652,46964
"(0.6500643039705666, 0.9515714518877016)",1,94.17794468829683,46965
"(0.7175192115841101, 0.988184799232526)",1,94.17770824210228,46966
"(0.8014549180327869, 0.9495014245014244)",1,94.1775539288194,46967
"(0.9388917411828462, 0.9361428571428572)",1,94.1774942280257,46968
"(0.5222179798681013, 0.9539707149009474)",1,94.17747837526876,46969
"(0.7289193040024178, 0.9649927307623792)",1,94.1772775798658,46970
"(0.7930780217019975, 0.9779263059241357)",1,94.17705241724438,46971
"(0.9833229101521784, 0.9833229101521784)",1,94.1770365351242,46972
"(0.8750583443290422, 0.9685782729895088)",1,94.17697378892908,46973
"(0.8141106354402753, 0.9646309224447688)",1,94.17691931049517,46974
"(0.8571777573149418, 0.94999499949995)",2,94.1768403653192,46976
"(0.816099178371682, 0.9649122807017544)",3,94.17674912971616,46979
"(0.4845066627893052, 0.9931818181818182)",2,94.17641481077108,46981
"(0.8787045138421501, 0.960572483841182)",1,94.17630651130663,46982
"(0.8739792317773969, 0.9574976092405196)",1,94.17628343754625,46983
"(0.9143747708104144, 0.964731521366774)",1,94.17626051544303,46984
"(0.8201767124753505, 0.9648252575884156)",1,94.17625233294216,46985
"(0.9057330122004186, 0.991206314397104)",3,94.176209491357,46988
"(0.6219687519109642, 0.9981051078140064)",1,94.17616216309112,46989
"(0.3714740615814956, 0.956140350877193)",3,94.1761520331924,46992
"(0.8110714507900957, 0.9450323339212228)",2,94.17606012484262,46994
"(0.944911858974359, 0.9549988749718742)",1,94.17595014774297,46995
"(0.7970846609283874, 0.9649122807017544)",1,94.17549458026352,46996
"(0.8224316126353314, 0.9293598200132946)",1,94.17548382759496,46997
"(0.8517341550708587, 0.9539707149009474)",1,94.17545662267936,46998
"(0.6361158710730316, 0.9764666952752286)",1,94.1753134423839,46999
"(0.9140194694749032, 0.9646309224447688)",1,94.17504691079934,47000
"(0.7976364522417154, 0.9473684210526316)",2,94.17504646269502,47002
"(0.8885714285714285, 0.9861673414304992)",1,94.17491896836658,47003
"(0.937386905097332, 0.94)",1,94.17487711071892,47004
"(0.95749335833724, 0.9574997343733398)",2,94.17484464754524,47006
"(0.7127034737372042, 0.9549988749718742)",1,94.17466749430822,47007
"(0.917955241105926, 0.960666032023912)",1,94.17464993415244,47008
"(0.940074233084456, 0.9497439544807966)",1,94.17456282651914,47009
"(0.9137091172501388, 0.9495014245014244)",1,94.17453090557775,47010
"(0.8703996834190741, 0.9648252575884156)",1,94.17445886432613,47011
"(0.8498641779745659, 0.9424392014064856)",1,94.17435828160356,47012
"(0.7829069509514622, 0.9575126626788776)",1,94.1741717215577,47013
"(0.8593554593554595, 0.9861673414304992)",1,94.17407732544412,47014
"(0.9168447876447876, 0.9535144014828052)",1,94.17388310276225,47015
"(0.8504382366909891, 0.9735486410250802)",3,94.1738485253588,47018
"(0.7992282793924381, 0.9764666952752286)",1,94.17370892705635,47019
"(0.8108021513875538, 0.960376642453574)",1,94.17370150290807,47020
"(0.860405205616787, 0.94999499949995)",1,94.17369929553486,47021
"(0.9422394177612392, 0.9537330920118182)",3,94.17352514265836,47024
"(0.8672602388063438, 0.9574869803877438)",1,94.17341399419244,47025
"(0.8153895365851999, 0.9643944553313464)",1,94.17333670209004,47026
"(0.8263489874613754, 0.9499887474681804)",1,94.17293810334422,47027
"(0.8688607891739799, 0.9495014245014244)",2,94.17267477049404,47029
"(0.8334507869391591, 0.9643944553313464)",1,94.1726075396711,47030
"(0.9422394177612392, 0.9680383516315252)",1,94.17257575167326,47031
"(0.8967975785187935, 0.9424996406227538)",2,94.17252602527084,47033
"(0.8975998588152243, 0.9572437766315318)",2,94.17248820775994,47035
"(0.8886526976414618, 0.9424708758809148)",1,94.17245176513477,47036
"(0.9069410647702764, 0.94999499949995)",1,94.17231294099412,47037
"(0.8811262654045816, 0.9474996718729491)",2,94.17228430612006,47039
"(0.96, 0.9524997031231444)",2,94.17196016889125,47041
"(0.9153439153439152, 1.0)",1,94.17195122351428,47042
"(0.943552974917135, 0.9353850843324528)",1,94.17171621086824,47043
"(0.8941425546930134, 0.9474996718729491)",1,94.17170174921252,47044
"(0.9017715617715616, 0.972420634920635)",1,94.1715751855124,47045
"(0.9110813074094206, 0.9764666952752286)",1,94.17154847551492,47046
"(0.8843308668496638, 0.9495014245014244)",1,94.1715098516816,47047
"(0.8685023559648746, 0.9495014245014244)",1,94.17147409690952,47048
"(0.944911858974359, 0.9499799919967988)",2,94.1714146072841,47050
"(0.9282056492582808, 0.9572437766315318)",2,94.17133116829127,47052
"(0.756001848808409, 0.9712818991027528)",1,94.1713124279932,47053
"(0.8050115655679925, 0.9706061790605034)",4,94.17119301615062,47057
"(0.6333118819585527, 0.9529751605618932)",1,94.17112072902091,47058
"(0.9349739895958384, 0.9474996718729491)",4,94.1710957205905,47062
"(0.4262114190232983, 0.9499799919967988)",1,94.17107938842427,47063
"(0.9399459513562204, 0.9549988749718742)",2,94.17095575877372,47065
"(0.9348370927318296, 0.9499687304565354)",2,94.17083021166324,47067
"(0.3937681915859065, 0.9384442007797272)",3,94.17083010322568,47070
"(0.8422150008452768, 0.94999499949995)",1,94.17070598663048,47071
"(0.8472645812528676, 0.9425645194066248)",1,94.1706318304823,47072
"(0.8166003784222112, 0.9604782992262008)",1,94.17059620871645,47073
"(0.8561103441223091, 0.958109559613319)",1,94.17058529429303,47074
"(0.9915151515151516, 0.9915151515151516)",1,94.1705394568501,47075
"(0.9017715617715616, 0.9861673414304992)",1,94.17041202709692,47076
"(0.8120634920634922, 0.9499987499687492)",1,94.17038279554808,47077
"(0.8100807574491785, 0.9427662613218292)",3,94.17008618699194,47080
"(0.8405124959819993, 0.9619736581501288)",1,94.16991984566812,47081
"(0.8040695048423352, 0.986081059422206)",1,94.16970818355983,47082
"(0.9468391231269042, 0.9576647311878512)",2,94.16966365781886,47084
"(0.9599749843652282, 0.955)",2,94.16961905953332,47086
"(0.8393264911275135, 0.970267012478023)",1,94.169565099303,47087
"(0.8695047001707931, 0.9619736581501288)",1,94.1694715339211,47088
"(0.9524854486686548, 0.9399264098520688)",1,94.16946878529316,47089
"(0.9468391231269042, 0.950431439792024)",1,94.16939163786306,47090
"(0.5994410151073721, 0.9675623687117648)",1,94.16909250014676,47091
"(0.7461621541348561, 0.9779870235853187)",4,94.16908715244944,47095
"(0.8405124959819993, 0.9367013269954446)",2,94.16880480981196,47097
"(0.8340799485585682, 0.9764666952752286)",1,94.16859045450968,47098
"(0.8475002808673183, 0.972252530763169)",1,94.1685132475208,47099
"(0.8580559516200404, 0.9538370349708868)",1,94.1685086767286,47100
"(0.954995499549955, 0.9524973279746984)",1,94.16841538063365,47101
"(0.4076247491511041, 0.994280320229318)",3,94.1683749753808,47104
"(0.9243000100356984, 0.9540153992631536)",3,94.16829315995294,47107
"(0.598883501626719, 0.9799949968730456)",1,94.16818542366248,47108
"(0.8562003179650239, 0.9289986228605154)",1,94.16810165039333,47109
"(0.9028964862298196, 0.972420634920635)",1,94.1680543820187,47110
"(0.8811262654045816, 0.9424564827150532)",1,94.16796304141444,47111
"(0.7599364993320813, 0.95)",1,94.16794232713517,47112
"(0.7453765521802005, 0.9712822006676192)",4,94.16790776901118,47116
"(0.7213157894736841, 0.9495014245014244)",1,94.167893528945,47117
"(0.8791645439245395, 0.9511418561141246)",1,94.16786401718592,47118
"(0.7868967488760102, 0.9499799919967988)",1,94.16775341867547,47119
"(0.7665484369555701, 0.9764666952752286)",1,94.16743209683406,47120
"(0.7152545882840207, 0.95749335833724)",4,94.16739688136984,47124
"(0.6635201463842834, 0.9473684210526316)",3,94.16737863639167,47127
"(0.5029557589626239, 0.9472378863826232)",3,94.16728530502355,47130
"(0.8748200797381125, 0.9861310021084456)",1,94.16724189964116,47131
"(0.9166145507608924, 1.0)",1,94.16715576325451,47132
"(0.7304951237809453, 0.9643944553313464)",1,94.16699318279944,47133
"(0.8703996834190741, 0.9516956990542454)",1,94.1668435231086,47134
"(0.5675807533251369, 0.999621402088958)",1,94.16683928859771,47135
"(0.8750583443290422, 0.9695912627616146)",1,94.16675737741376,47136
"(0.9093334120185448, 0.9574285714285714)",1,94.16671377229048,47137
"(0.8686037591100882, 0.9538331745788698)",1,94.16659634797342,47138
"(0.7474747474747474, 0.9643944553313464)",1,94.16659427229956,47139
"(0.8563094906941128, 0.9473684210526316)",1,94.16638507394538,47140
"(0.9432380952380952, 0.9538331745788698)",1,94.16597862588578,47141
"(0.950431439792024, 0.9539272400433172)",1,94.16592226270076,47142
"(0.6746336326928433, 0.9779870235853187)",1,94.16574694497628,47143
"(0.7423484803208692, 0.94999499949995)",1,94.16553206845332,47144
"(0.9833229101521784, 1.0)",1,94.16541828771402,47145
"(0.9238400660955778, 0.9569233895549684)",1,94.16521576995618,47146
"(0.8514626506510005, 0.9680383516315252)",1,94.16499098432249,47147
"(0.6611718926579557, 0.9861310021084456)",1,94.16466396726108,47148
"(0.8096434622047096, 0.9474917955930616)",1,94.16447408138698,47149
"(0.8258470464352816, 0.9571428571428572)",1,94.16443864528394,47150
"(0.8687499999999999, 0.9766918866148322)",1,94.16443620972468,47151
"(0.8173762627724085, 0.9474602668267876)",1,94.1644337182375,47152
"(0.5816693792141362, 0.9289986228605154)",1,94.16443071633071,47153
"(0.9422394177612392, 0.9532701550221768)",1,94.16426161909745,47154
"(0.8131546784916719, 0.9549718574108818)",1,94.1640607290352,47155
"(0.8676532769556025, 0.9882048106149588)",1,94.16402104757984,47156
"(0.8219317364145453, 0.9560315719855194)",1,94.16385284051005,47157
"(0.944563492063492, 1.0)",1,94.1638350275814,47158
"(0.8569579686922223, 0.947489096143569)",1,94.16356996696862,47159
"(0.9399459513562204, 0.9399864969618164)",1,94.16355667310032,47160
"(0.9171223888843544, 0.9474734084130092)",2,94.16350556039568,47162
"(0.8623833924582841, 0.9539707149009474)",1,94.16343586416096,47163
"(0.8292352872388802, 0.9743238319930138)",2,94.16338314383884,47165
"(0.8790397045244691, 0.9560315719855194)",3,94.16327432277564,47168
"(0.3860590631364562, 0.9904868894363672)",1,94.16321702060476,47169
"(0.913060207336523, 0.9619736581501288)",1,94.16318610120898,47170
"(0.9043086298506712, 0.9474970467088774)",1,94.16314232037791,47171
"(0.9256898808634364, 0.9518108135836668)",1,94.16302591456324,47172
"(0.7167218248460909, 0.9472378863826232)",3,94.16270213148232,47175
"(0.4048994086920545, 0.9779870235853187)",3,94.16266878063226,47178
"(0.8586166985951469, 0.9861673414304992)",1,94.1626357595512,47179
"(0.7711662053941748, 0.9648252575884156)",1,94.1624325629642,47180
"(0.9227792207792208, 0.9536268754076972)",1,94.1623705862942,47181
"(0.8726893261776982, 0.9758777250199286)",1,94.16226911982297,47182
"(0.9505232430050672, 0.9610153569597296)",1,94.16226055217506,47183
"(0.9538331745788698, 0.960666032023912)",1,94.16212193592894,47184
"(0.8472645812528676, 0.9572437766315318)",1,94.1621185423366,47185
"(0.8843764852418178, 0.951892755797645)",1,94.162080453187,47186
"(0.8282882665638434, 0.9767441860465116)",1,94.16206027796838,47187
"(0.8458949964763919, 0.9539707149009474)",1,94.16200661833687,47188
"(0.8915010570824524, 0.9398731501057084)",1,94.16193929830006,47189
"(0.9425645194066248, 0.9574285714285714)",1,94.1618690722416,47190
"(0.8592657752039796, 0.972045976510262)",1,94.16163657894263,47191
"(0.9171764705882351, 0.9524854486686548)",1,94.16159002487709,47192
"(0.9247290244881574, 0.9549898727213622)",1,94.16150971725196,47193
"(0.9248798076923076, 0.945)",1,94.16136201160404,47194
"(0.8785302156088673, 0.9549898727213622)",3,94.16118376126929,47197
"(0.917955241105926, 0.9536268754076972)",1,94.16091292975742,47198
"(0.7002945207922506, 0.9563334234338596)",1,94.16075658115034,47199
"(0.8957538774472412, 0.9516956990542454)",1,94.1607095463054,47200
"(0.8627397499800719, 0.9649122807017544)",2,94.16061890006598,47202
"(0.9459285785969274, 0.9610153569597296)",1,94.16060533267732,47203
"(0.9364970967817766, 0.9680383516315252)",1,94.16048576566008,47204
"(0.7691417578315675, 0.9690968282937898)",3,94.16047213329702,47207
"(0.925, 0.9495014245014244)",2,94.16046248031785,47209
"(0.7604228876645498, 0.9495014245014244)",1,94.16037281097316,47210
"(0.9438271604938272, 0.9861673414304992)",1,94.16011972652625,47211
"(0.5125143020594966, 0.956140350877193)",3,94.1600328837086,47214
"(0.9331531133914452, 0.9690968282937898)",3,94.159942390849,47217
"(0.7109688804604058, 0.972281746031746)",1,94.15989283889256,47218
"(0.8014549180327869, 0.9495014245014244)",2,94.1596644609632,47220
"(0.943552974917135, 0.9494594905410846)",1,94.15941644533808,47221
"(0.7330708089143778, 0.9524973279746984)",1,94.15931378948342,47222
"(0.8587195484254307, 0.9861310021084456)",2,94.1592611578736,47224
"(0.7399606127866998, 0.9495014245014244)",1,94.15921509519926,47225
"(0.9124863259884356, 0.9524640509385224)",1,94.15921141315144,47226
"(0.9148957472904308, 0.9549718574108818)",3,94.15916795415988,47229
"(0.6582215598609042, 0.954995499549955)",1,94.15895360239884,47230
"(0.8967975785187935, 0.94999499949995)",1,94.1589273345338,47231
"(0.9916585206907788, 0.9958292603453894)",4,94.158822552004,47235
"(0.8558506308506308, 0.9450323339212228)",1,94.15857113432676,47236
"(0.4060631229235881, 0.9749910873440284)",1,94.15832943343554,47237
"(0.970619176311776, 0.9958292603453894)",1,94.1582664533461,47238
"(0.7898649785693143, 0.9293598200132946)",1,94.15824227910716,47239
"(0.6003561059603759, 0.9764666952752286)",1,94.15823476944564,47240
"(0.8848000715856217, 0.9861310021084456)",1,94.15801383049951,47241
"(0.8561103441223091, 0.958109559613319)",1,94.15785921296394,47242
"(0.7930780217019975, 0.9601502499942144)",1,94.1578499143384,47243
"(0.8741696772871107, 0.9580331374974232)",1,94.15783063829576,47244
"(0.9574285714285714, 0.9716751084525852)",1,94.15781711739209,47245
"(0.6880076348278104, 0.956140350877193)",1,94.15752527910374,47246
"(0.9069410647702764, 0.95)",3,94.1575036421362,47249
"(0.8228213769860375, 0.94999499949995)",1,94.15743595963112,47250
"(0.3636586849292732, 0.9682362812687086)",1,94.15740003264516,47251
"(0.9124863259884356, 0.9549448073890516)",1,94.15735944604006,47252
"(0.8876281048778143, 0.9536268754076972)",1,94.15731395496756,47253
"(0.8660316000154361, 0.9430491433261516)",1,94.15690070436916,47254
"(0.9297029951545278, 0.9524854486686548)",1,94.15689765603564,47255
"(0.8350431397306397, 0.972420634920635)",1,94.15688647387758,47256
"(0.7529411764705882, 0.9175099752760032)",1,94.1568850556766,47257
"(0.8676532769556025, 0.9885557944107872)",1,94.1568781100584,47258
"(0.8426192275313588, 0.9645217832446548)",1,94.1568393392392,47259
"(0.8535870458655268, 0.9572437766315318)",1,94.15677092656216,47260
"(0.8405124959819993, 0.9747507916611692)",1,94.15670490066228,47261
"(0.9272595017275868, 0.9474444882407044)",1,94.1566608416708,47262
"(0.944911858974359, 0.942491014220972)",3,94.15663909772957,47265
"(0.954995499549955, 0.9574869803877438)",1,94.15654294361012,47266
"(0.8571777573149418, 0.954995499549955)",1,94.1563671948264,47267
"(0.9449779911964784, 0.9549988749718742)",2,94.15615824379005,47269
"(0.4837588747247526, 0.970001500037501)",1,94.15601161311048,47270
"(0.9499987499687492, 0.935)",1,94.15601004513492,47271
"(0.4947979191676671, 0.945)",3,94.15592743941431,47274
"(0.8623077787842691, 0.9431186370412892)",1,94.15584845351796,47275
"(0.826804915514593, 0.9644491481508056)",1,94.1557799276167,47276
"(0.8090208511560183, 0.9695893187708255)",1,94.1557118354702,47277
"(0.7867950912705132, 0.9624997656235352)",1,94.15568336635836,47278
"(0.4049163909196675, 0.9977272727272728)",2,94.15551579949452,47280
"(0.979051756240299, 0.9958292603453894)",4,94.15534153593876,47284
"(0.8563094906941128, 0.956140350877193)",1,94.15525150132696,47285
"(0.3300110741971206, 0.9764666952752286)",1,94.15521671090056,47286
"(0.4966677541128769, 0.9524759409451032)",3,94.1551241483746,47289
"(0.9449876222149984, 0.9374902328488828)",1,94.15507356752524,47290
"(0.8468951683237397, 1.0)",1,94.15499080738648,47291
"(0.8176857647247633, 0.9449656035021888)",1,94.15490596600684,47292
"(0.6392731808632544, 0.9495014245014244)",1,94.1548072835734,47293
"(0.6215073982652175, 0.9760403530895334)",1,94.1544453996578,47294
"(0.8619023359137593, 0.9646309224447688)",1,94.15433574034498,47295
"(0.7803195571784078, 0.9649927307623792)",1,94.15428120584026,47296
"(0.7101858663902063, 0.9539707149009474)",1,94.15421055070333,47297
"(0.6164277827081168, 0.9767441860465116)",1,94.154197189312,47298
"(0.9424967654430562, 0.9574869803877438)",6,94.1538387299779,47304
"(0.8224316126353314, 0.9450323339212228)",1,94.15377077455464,47305
"(0.8340666247642992, 0.9524925769651508)",1,94.15365221594011,47306
"(0.92974708952228, 0.9524640509385224)",1,94.15364652394356,47307
"(0.6414869944621582, 0.9324932472989196)",1,94.15359396911086,47308
"(0.7301651663828291, 0.9560315719855194)",3,94.15316388034084,47311
"(0.3976428889831154, 0.9650450950662368)",1,94.15303966661055,47312
"(0.8839304743891843, 0.9294630427335476)",1,94.15299043255555,47313
"(0.893939393939394, 0.9499987499687492)",4,94.15283157391931,47317
"(0.8829656107481818, 0.9470972820501607)",1,94.15279824113564,47318
"(0.9000617225831424, 0.9833229101521784)",1,94.15277153207452,47319
"(0.5379450468208387, 0.9556541264979026)",1,94.1527154850984,47320
"(0.8108021513875538, 0.9427662613218292)",3,94.1525857652102,47323
"(0.4437501725645391, 0.9649964999124978)",1,94.15257002641178,47324
"(0.950608853052493, 0.9540153992631536)",1,94.15254246168152,47325
"(0.7856964763329513, 0.9861673414304992)",1,94.1525026981931,47326
"(0.8287392966468705, 0.964731521366774)",1,94.15245630794736,47327
"(0.7802197802197803, 1.0)",1,94.1522633838528,47328
"(0.8597791061504694, 0.9399739902831624)",1,94.1520824037116,47329
"(0.5683292214912281, 0.9560315719855194)",3,94.15199228634194,47332
"(0.8617875180375181, 0.9440529448756316)",1,94.1519834756492,47333
"(0.8185034935353271, 0.964731521366774)",1,94.15198012054827,47334
"(0.4043541268691127, 0.9647058823529412)",1,94.15194884323311,47335
"(0.4525211933060535, 0.9962159146812848)",1,94.15187553418542,47336
"(0.7976968565203859, 0.9474970467088774)",1,94.15179186320027,47337
"(0.9494594905410846, 0.9607612022680516)",1,94.15174068345112,47338
"(0.5872553328883607, 0.9560315719855194)",3,94.1517350057414,47341
"(0.7801059423865424, 0.9539707149009474)",1,94.15170780818488,47342
"(0.8131627957608075, 0.964269276237512)",1,94.15169392348044,47343
"(0.9198203842940684, 0.9432380952380952)",1,94.15164196658029,47344
"(0.9080705009276436, 0.9436438561438562)",1,94.15162290004112,47345
"(0.9640038239043044, 0.9574285714285714)",2,94.15139342444849,47347
"(0.9499987499687492, 0.93999399939994)",3,94.15109618617228,47350
"(0.8975998588152243, 0.9437278911564628)",1,94.15108175277076,47351
"(0.9958292603453894, 0.9834358767945106)",4,94.15098052836986,47355
"(0.9261858974358974, 0.9747507916611692)",1,94.15090622635034,47356
"(0.8227768765625336, 0.9655391245923364)",1,94.15072358749016,47357
"(0.9080024622960912, 0.943174614777922)",1,94.15069748346984,47358
"(0.9165164082221422, 1.0)",1,94.1506721929096,47359
"(0.6886904761904762, 1.0)",2,94.1503975927821,47361
"(0.6831352928913905, 1.0)",1,94.15026149533486,47362
"(0.960851077856154, 0.960666032023912)",1,94.1502030475258,47363
"(0.7049247335867055, 0.9495014245014244)",1,94.15017716500472,47364
"(0.8428938985542759, 0.9495014245014244)",1,94.15011075334884,47365
"(0.8991833854219174, 0.9649991249781243)",1,94.1500240282902,47366
"(0.8746747225950852, 0.9344322478206792)",2,94.14998443005398,47368
"(0.7109439652598261, 0.9992416608232524)",1,94.14989282754908,47369
"(0.9432380952380952, 0.9540153992631536)",1,94.14985199853972,47370
"(0.785056584180393, 0.9668910454275332)",4,94.14981348108984,47374
"(0.5827601051042656, 0.9874996093139552)",1,94.14964105744622,47375
"(0.7168719671519223, 0.991206314397104)",1,94.14956871335472,47376
"(0.8458949964763919, 0.9269606362629618)",1,94.14932359000832,47377
"(0.9575126626788776, 0.960851077856154)",1,94.14904811797628,47378
"(0.9331531133914452, 0.9690968282937898)",1,94.14903176131746,47379
"(0.9394971203231468, 0.9538331745788698)",1,94.14900695714508,47380
"(0.7937829607256792, 0.9388945062352544)",1,94.14869455554056,47381
"(0.9014293255242536, 0.9610153569597296)",1,94.1486087269178,47382
"(0.8660545355265853, 0.9749910873440284)",1,94.14860862713311,47383
"(0.8955173107890498, 0.9749910873440284)",1,94.14859248918324,47384
"(0.8993128964059197, 0.951892755797645)",1,94.1484533047361,47385
"(0.897575551646946, 0.9495014245014244)",1,94.14838946193696,47386
"(0.8702889400021048, 0.9573389777809668)",2,94.1483376506458,47388
"(0.9008627640703112, 1.0)",1,94.14826892148028,47389
"(0.7401844059863599, 0.972420634920635)",1,94.14821691281692,47390
"(0.8932254623044097, 0.9519169817351648)",1,94.1481490262152,47391
"(0.9146779555619334, 0.9645938855657314)",1,94.1480779064384,47392
"(0.9348370927318296, 0.9574997343733398)",2,94.14793588624062,47394
"(0.912705831903945, 0.9495014245014244)",1,94.1478498157702,47395
"(0.8250850808981499, 0.939878253463263)",1,94.14781426731206,47396
"(0.5539162487178357, 0.98375088870659)",1,94.14758581390768,47397
"(0.5356100633781995, 0.964269276237512)",1,94.14754835010464,47398
"(0.888194940411122, 0.9472378863826232)",1,94.14751511909868,47399
"(0.9283935041407868, 0.9574285714285714)",1,94.14734369964958,47400
"(0.8374874819183264, 0.9764666952752286)",1,94.14730218668674,47401
"(0.8895939931776995, 0.9749910873440284)",1,94.14688696837544,47402
"(0.8097000243032949, 0.970267012478023)",1,94.14660069580444,47403
"(0.7731997731997731, 0.9474734084130092)",1,94.14652975478576,47404
"(0.954995499549955, 0.9474996718729491)",3,94.14647504804763,47407
"(0.5303843494657449, 0.9750014063291058)",1,94.1464169414996,47408
"(0.7443793904649157, 0.9904504144782024)",1,94.14629410831948,47409
"(0.8123989898989897, 0.9495014245014244)",1,94.14624270544633,47410
"(0.7833537331701346, 0.9764666952752286)",1,94.14617707280097,47411
"(0.9535144014828052, 0.9715593185206444)",1,94.14608751611452,47412
"(0.94999499949995, 0.9424996406227538)",3,94.14602199670529,47415
"(0.8843275841631104, 0.960376642453574)",1,94.14584621558852,47416
"(0.8894752290768013, 0.9645238095238096)",2,94.14584012453814,47418
"(0.8422150008452768, 0.9524973279746984)",3,94.14575187852476,47421
"(0.9712822597033124, 0.978518051242236)",1,94.145750017493,47422
"(0.9599749843652282, 0.9399864969618164)",1,94.14567540183764,47423
"(0.9323791344788114, 0.9575126626788776)",1,94.1456506543331,47424
"(0.9873444118605408, 0.7656771107018084)",1,94.14559506499025,47425
"(0.7213157894736841, 0.9495014245014244)",1,94.14532879150828,47426
"(0.8600428777729004, 0.9524997031231444)",1,94.14527992292577,47427
"(0.6947170805612278, 0.9646309224447688)",1,94.14526925432418,47428
"(0.92008547008547, 0.9645238095238096)",1,94.1452128307103,47429
"(0.8993301094022514, 0.9495014245014244)",1,94.14497681462288,47430
"(0.9609357631051972, 0.9603476243044132)",1,94.1448113379454,47431
"(0.7039601928798604, 0.960376642453574)",3,94.14470362758492,47434
"(0.7280701754385965, 0.956140350877193)",1,94.14461679861786,47435
"(0.8417410714285716, 0.9749656593406592)",2,94.14453080628228,47437
"(0.4423707251851418, 0.9861310021084456)",1,94.14439368309375,47438
"(0.927168159928675, 0.942491014220972)",1,94.14434679514358,47439
"(0.7583018074821354, 0.944998624965624)",2,94.14425837526964,47441
"(1.0, 1.0)",2,94.14396327362846,47443
"(0.3865130008203705, 0.9950732803164164)",2,94.14396010406394,47445
"(0.952999227799228, 0.957036102484472)",1,94.14394294231792,47446
"(0.941687552213868, 0.9571428571428572)",1,94.14390564371516,47447
"(0.6997956902377436, 0.9890736940559764)",1,94.14385122337264,47448
"(0.9315095328894416, 0.943455134862934)",1,94.1437146254886,47449
"(0.8572686362747016, 0.9430491433261516)",1,94.14348038876616,47450
"(0.916934636368785, 0.9424967654430562)",1,94.14338279395298,47451
"(0.8656595443322052, 0.9749987444642286)",2,94.14337519426002,47453
"(0.5212761826633853, 0.9937498730133428)",1,94.14336531775388,47454
"(0.9084080904123386, 0.9536268754076972)",1,94.14308192871368,47455
"(0.8466020359004198, 0.9440529448756316)",1,94.14306210791284,47456
"(0.8446957236842105, 0.9601502499942144)",1,94.14302905053756,47457
"(0.9172008547008548, 0.9861673414304992)",1,94.14291794365288,47458
"(0.826804915514593, 0.9571428571428572)",1,94.14276638259936,47459
"(0.8096434622047096, 0.9399624765478424)",1,94.14276035835933,47460
"(0.869254101161996, 0.9649122807017544)",1,94.1426851447922,47461
"(0.7506381133298498, 0.9388945062352544)",1,94.14267719616052,47462
"(0.8941425546930134, 0.945)",2,94.14249353029764,47464
"(0.9295946890286512, 1.0)",1,94.1424140674478,47465
"(0.5155965841499739, 0.964731521366774)",1,94.14226075780806,47466
"(0.8868202139097957, 0.9499987499687492)",1,94.14223636106186,47467
"(0.7829069509514622, 0.9575126626788776)",1,94.14208193306156,47468
"(0.9499887474681804, 0.944998624965624)",1,94.14198868490202,47469
"(0.917283950617284, 0.972420634920635)",1,94.1417993354967,47470
"(0.9348370927318296, 0.937386905097332)",1,94.14175409143712,47471
"(0.8131835341697149, 0.95153153367707)",1,94.1416446710494,47472
"(0.9176242495336314, 0.940930997520722)",1,94.141577388407,47473
"(0.8428938985542759, 0.9495014245014244)",1,94.14156339966824,47474
"(0.9524973279746984, 0.9399759903961584)",1,94.14130118035207,47475
"(0.9876221896383188, 0.9873444118605408)",1,94.14127536182905,47476
"(0.9539272400433172, 0.9572437766315318)",1,94.14110101466578,47477
"(0.9422394177612392, 0.9641967520703932)",1,94.14105044078217,47478
"(0.8620014245014246, 0.9580331374974232)",1,94.14098333852137,47479
"(0.8091777408637875, 0.9656673832323628)",1,94.14094396781672,47480
"(0.8730304179305696, 0.9650450950662368)",1,94.14060873558422,47481
"(0.8108441558441559, 0.9495014245014244)",2,94.14055771957004,47483
"(0.8143540514876735, 0.9690968282937898)",1,94.1404410694517,47484
"(0.7809828715722208, 0.9524854486686548)",1,94.1401529475726,47485
"(0.7871012248777423, 0.951892755797645)",1,94.1401485391514,47486
"(0.8774931089873806, 0.9474996718729491)",2,94.14014413097492,47488
"(0.4042620013682356, 0.9512947499929286)",1,94.14002865133556,47489
"(0.5450348040348041, 0.996969696969697)",1,94.13996567248851,47490
"(0.6252671064494743, 0.951892755797645)",1,94.13993926015188,47491
"(0.9148957472904308, 0.947426067907996)",1,94.13992887061684,47492
"(0.3828732626211156, 0.9668871745258084)",1,94.1397810526164,47493
"(0.1523541666666666, 0.9939574902475482)",3,94.13968035899585,47496
"(0.7483025928896017, 0.95153153367707)",1,94.13965513059932,47497
"(0.9680383516315252, 0.9645238095238096)",1,94.1395348721719,47498
"(0.9221452744065148, 0.9474970467088774)",3,94.13928617813951,47501
"(0.230265312807075, 0.9624885121068328)",1,94.13916710174246,47502
"(0.869254101161996, 0.956240913452974)",1,94.13914060779916,47503
"(0.8788362782703474, 0.9649927307623792)",3,94.13908967194008,47506
"(0.4937125269096371, 0.9954681176856612)",3,94.13899298354008,47509
"(0.9310391447174572, 0.9743227769302348)",2,94.13893241583536,47511
"(0.7167218248460909, 0.9476001081206318)",1,94.1387992266118,47512
"(0.8613133624575272, 0.9599989999749994)",1,94.13877921021074,47513
"(0.8991833854219174, 0.9474734084130092)",1,94.1387014770992,47514
"(0.8600428777729004, 0.9474839169495658)",1,94.1386597922272,47515
"(0.8571777573149418, 0.9449779911964784)",1,94.13861329511089,47516
"(0.9474970467088774, 0.9474996718729491)",2,94.13859009497834,47518
"(0.7805215455557322, 0.9384442007797272)",3,94.13849403920142,47521
"(0.5411764705882354, 0.9410785537685736)",1,94.13841965158572,47522
"(0.9503333333333333, 0.9502288074111276)",2,94.13823736522755,47524
"(0.8395301149279116, 0.9539707149009474)",1,94.13807493483483,47525
"(0.5361367504335325, 0.9962234314047176)",3,94.13803565397764,47528
"(0.8933617810760668, 0.9574285714285714)",1,94.13802080703891,47529
"(0.8252422194238135, 0.9574784734771978)",1,94.13794078135996,47530
"(0.9491452991452992, 0.9501177394034536)",1,94.13786447195255,47531
"(0.8321429246263439, 0.9436368312757202)",1,94.13768750269357,47532
"(0.96, 0.9424967654430562)",3,94.13762148799655,47535
"(0.415530332080681, 0.940930997520722)",1,94.13759549171704,47536
"(0.9499887474681804, 0.935)",1,94.1375691719104,47537
"(0.582531911173282, 0.9735486410250802)",8,94.13735680784676,47545
"(0.8428938985542759, 0.9495014245014244)",1,94.13731739845302,47546
"(0.939866291344124, 0.9538331745788698)",1,94.1371279308024,47547
"(0.841184456569072, 0.9549819927971188)",1,94.13700578770762,47548
"(0.7886860312719072, 0.9388945062352544)",1,94.13695276678384,47549
"(0.7845149314277182, 0.9499987499687492)",1,94.13690973380258,47550
"(0.8804215399610136, 0.964523301198322)",1,94.13686893019263,47551
"(0.9449779911964784, 0.9399759903961584)",1,94.13682497034146,47552
"(0.7829069509514622, 0.950431439792024)",1,94.13674410871737,47553
"(0.7149565408467913, 0.9927177145248388)",1,94.1366595623352,47554
"(0.7620265151515151, 0.962470105966915)",2,94.13665634033995,47556
"(0.8631918334993627, 0.9833229101521784)",1,94.13663100074471,47557
"(0.8572686362747016, 0.9516956990542454)",1,94.13659686292311,47558
"(0.9043086298506712, 0.9524925769651508)",1,94.13634633506838,47559
"(0.656307097369308, 0.9764666952752286)",1,94.13630572269508,47560
"(0.8222222222222222, 1.0)",1,94.13621992127116,47561
"(0.9462256234379848, 0.9503333333333333)",1,94.13613716113304,47562
"(0.8076794742163802, 0.951892755797645)",1,94.13610248227096,47563
"(0.9468391231269042, 0.9468391231269042)",1,94.1360459748954,47564
"(0.8751897860593512, 0.9861673414304992)",1,94.13600065762331,47565
"(0.8627397499800719, 0.9691818330194464)",1,94.1358678931602,47566
"(0.8697983697983697, 1.0)",1,94.13576405935208,47567
"(0.8933617810760668, 0.943455134862934)",1,94.13571862642102,47568
"(0.8594059903090558, 0.945)",1,94.13560705117769,47569
"(0.8438530351707455, 0.9512947499929286)",1,94.13556150766853,47570
"(0.775651722678174, 0.9764666952752286)",1,94.1354014986244,47571
"(0.7852506868131869, 0.9503333333333333)",1,94.13529586771249,47572
"(0.6622598208843227, 0.987293397650342)",1,94.13527586663464,47573
"(0.8028720724362646, 0.9690968282937898)",1,94.13513624090594,47574
"(0.925, 0.9495014245014244)",1,94.13497967130398,47575
"(0.7731997731997731, 0.9524997031231444)",1,94.13491867282777,47576
"(0.9238400660955778, 0.9432380952380952)",1,94.13478951569388,47577
"(0.8587801087801087, 0.9293598200132946)",1,94.13474536576705,47578
"(0.891143553556146, 0.9518108135836668)",1,94.13459776727194,47579
"(0.8396854781762315, 0.945)",1,94.1344362641846,47580
"(0.8258152104305951, 0.9574678350502568)",1,94.13440973989258,47581
"(0.8258470464352816, 0.9572437766315318)",1,94.13437864162552,47582
"(0.8139831183309444, 0.9474996718729491)",1,94.13437613267712,47583
"(0.7709217005509239, 0.9440529448756316)",1,94.13432834775348,47584
"(0.8810064268049709, 0.9600251550024655)",1,94.13430532792582,47585
"(0.7323163951070927, 0.9764666952752286)",1,94.13402049183476,47586
"(0.8340666247642992, 0.9499887474681804)",1,94.13372490166572,47587
"(0.7611229730509549, 0.9656673832323628)",1,94.1337107699576,47588
"(0.9399459513562204, 0.9349934993499348)",2,94.13370367811832,47590
"(0.738145558145558, 1.0)",1,94.13354893778734,47591
"(0.975195619792394, 0.783861031111088)",1,94.1334752897582,47592
"(0.6702803520428978, 0.964731521366774)",1,94.13320071102709,47593
"(0.917955241105926, 0.9571428571428572)",1,94.13318571066146,47594
"(0.8456659619450317, 0.9764666952752286)",1,94.13317601175548,47595
"(0.6158123053599641, 0.9289986228605154)",3,94.13308162374832,47598
"(0.84470156948104, 0.9388945062352544)",1,94.13299112754476,47599
"(0.9041196741854636, 0.9604782992262008)",1,94.13296770024306,47600
"(0.8898894074675324, 0.9574285714285714)",1,94.13284768988684,47601
"(0.925, 0.9495014245014244)",1,94.13239898080217,47602
"(0.8514626506510005, 0.9572437766315318)",1,94.13239195961216,47603
"(0.7890215034961747, 0.9563334234338596)",3,94.13230217965572,47606
"(0.4060631229235881, 0.9622598627787308)",1,94.1322427696016,47607
"(0.8860074211502783, 0.950431439792024)",1,94.13192048765896,47608
"(0.913060207336523, 0.9747507916611692)",1,94.1318408577816,47609
"(0.9396279975262144, 0.9573389777809668)",2,94.13179863093224,47611
"(0.8472645812528676, 0.943455134862934)",1,94.1317905699194,47612
"(0.95749335833724, 0.949954959463517)",2,94.13165486774513,47614
"(0.9273688099129052, 0.93999399939994)",1,94.1314286099724,47615
"(0.485092970675409, 1.0)",3,94.13138099674974,47618
"(0.8173762627724085, 0.9599989999749994)",1,94.1313223865116,47619
"(0.4262114190232983, 0.94999499949995)",1,94.1311910733718,47620
"(0.925, 0.9495014245014244)",1,94.13106445088056,47621
"(0.914452495974235, 0.932496202911414)",1,94.13076817625756,47622
"(0.7053619734494676, 0.9649122807017544)",1,94.13071461608185,47623
"(0.7999088007295942, 0.9766918866148322)",1,94.1306944911194,47624
"(0.436083926037933, 0.9996210215628012)",3,94.13068967140764,47627
"(0.7732484806788212, 0.9384442007797272)",1,94.1306765330979,47628
"(0.8330958052404215, 0.9495014245014244)",1,94.13043562521456,47629
"(0.9164652836623464, 1.0)",1,94.13043083302898,47630
"(0.9499887474681804, 0.927488670104704)",1,94.13033289848872,47631
"(0.9298245614035088, 0.9474996718729491)",2,94.13032575509276,47633
"(0.7304742252709461, 0.9764666952752286)",1,94.13030469608272,47634
"(0.3956814652052849, 0.967198072322378)",1,94.13023158212953,47635
"(0.9170904871819552, 0.950431439792024)",3,94.13016470502735,47638
"(0.5131569832583307, 0.9882048106149588)",1,94.13003017347356,47639
"(0.6947170805612278, 0.9559144017084672)",1,94.12998016974592,47640
"(0.7344692811916678, 1.0)",1,94.12997789132874,47641
"(0.4366033352371548, 0.978040467849998)",3,94.12995243430966,47644
"(0.9423959526895456, 0.9524497750749228)",2,94.12989344080754,47646
"(0.8258152104305951, 0.9474734084130092)",1,94.12961079615532,47647
"(0.8558852999963277, 0.9764666952752286)",1,94.12957011695568,47648
"(0.8027044799462303, 0.9662141801713614)",1,94.12956555280714,47649
"(0.9531381014506703, 0.9424061182468868)",1,94.12953562800988,47650
"(0.8968435471383478, 0.947035873779261)",1,94.12943837453264,47651
"(0.9124863259884356, 0.9474734084130092)",1,94.12930410145611,47652
"(0.8306650246305418, 0.9374526986033186)",1,94.12920562644844,47653
"(0.7188585657770549, 0.9574997343733398)",1,94.12918891896445,47654
"(0.92974708952228, 0.9449504554098688)",3,94.12913926357656,47657
"(0.7707669475804315, 0.9646309224447688)",1,94.12913169114982,47658
"(0.937386905097332, 0.9424996406227538)",2,94.12911865628436,47660
"(0.9575913511472004, 0.9640038239043044)",1,94.12909476408652,47661
"(0.92008547008547, 0.95)",1,94.1290384272452,47662
"(0.7169344572257821, 0.966783881891354)",1,94.12879805402775,47663
"(0.8873352247505452, 0.9779870235853187)",1,94.12866359651753,47664
"(0.5708341567310015, 0.9646309224447688)",1,94.12862092862468,47665
"(0.8120634920634922, 0.9549898727213622)",2,94.12860783177528,47667
"(0.7630195891065458, 0.9474970467088774)",1,94.12851965658068,47668
"(0.7301651663828291, 0.9427662613218292)",3,94.12851257947328,47671
"(0.7829939941125632, 0.9388945062352544)",1,94.12848741040246,47672
"(0.4746453255640638, 0.9587764069564396)",1,94.128371691725,47673
"(0.8885908209437621, 0.9572437766315318)",2,94.12831795986634,47675
"(0.9331814008429188, 0.9538370349708868)",2,94.12829290465028,47677
"(0.9503333333333333, 0.9540153992631536)",1,94.12825221835917,47678
"(0.92008547008547, 0.9643698138596096)",1,94.1281666305728,47679
"(0.8513842746400886, 0.9529751605618932)",1,94.12803050817652,47680
"(0.8547539417104635, 0.9474734084130092)",1,94.12801275855035,47681
"(0.8777008472715792, 0.963172838500713)",1,94.12798964538791,47682
"(0.8740662931839402, 0.9580331374974232)",1,94.12791856336186,47683
"(0.8224316126353314, 0.9440529448756316)",2,94.1278886959158,47685
"(0.8324747264921755, 0.942439249991643)",1,94.12785201340677,47686
"(0.8340166019865393, 0.9749910873440284)",1,94.12783853621644,47687
"(0.9161952650324744, 1.0)",1,94.12769170455074,47688
"(0.9449325423643964, 0.9474996718729491)",1,94.127642665088,47689
"(0.9310391447174572, 0.9679052771962776)",1,94.12761803832252,47690
"(0.8225205933985379, 0.95749335833724)",3,94.12750648972356,47693
"(0.5653455329500221, 0.9619736581501288)",1,94.12750279637646,47694
"(0.7138200339558575, 0.9749656593406592)",1,94.12749739517167,47695
"(0.7668537890977591, 0.9668849071737812)",4,94.12740700621526,47699
"(0.7761555341771514, 0.9474839169495658)",1,94.127304095818,47700
"(0.3841590381665586, 0.9981031933278868)",2,94.12719344681086,47702
"(0.4990703502943405, 0.943189758511236)",1,94.12709293745874,47703
"(0.9273504273504276, 0.9093334120185448)",1,94.12708651272436,47704
"(0.9145814491005928, 0.9524997031231444)",1,94.1268454679107,47705
"(0.9186426294655792, 0.9536268754076972)",1,94.1268390045834,47706
"(0.3905365287038095, 0.9682438956843048)",4,94.12678702655415,47710
"(0.8888888888888888, 0.9580331374974232)",1,94.1265714631928,47711
"(0.8170562809603257, 0.9474996718729491)",3,94.12648222319308,47714
"(0.8686559598432304, 0.9538370349708868)",1,94.12647548235856,47715
"(0.8600428777729004, 0.9449504554098688)",1,94.12645704828458,47716
"(0.8600428777729004, 0.9399264098520688)",1,94.12635135278543,47717
"(0.9272156862745098, 0.9449656035021888)",1,94.12633409389242,47718
"(0.8708656432979902, 0.9599989999749994)",1,94.12620044729285,47719
"(0.8947046219773493, 0.988167361639188)",1,94.12609535598943,47720
"(0.5466837142306626, 0.9861673414304992)",1,94.12604249453412,47721
"(0.8920790698579406, 0.9540153992631536)",3,94.12599581522696,47724
"(0.9618291283060416, 0.9702049500151968)",1,94.12592838359224,47725
"(0.9069410647702764, 0.9574976092405196)",4,94.12576801384618,47729
"(0.7882395382395383, 0.9440529448756316)",1,94.1257438207855,47730
"(0.8569579686922223, 0.9600251550024655)",1,94.12572329354298,47731
"(0.9294287857678706, 0.964269276237512)",1,94.12569382682616,47732
"(0.9131856219190184, 0.9790476832523552)",1,94.1256410437577,47733
"(0.8880287817151458, 0.9630499959484644)",1,94.12560244169532,47734
"(0.9009133567957098, 0.972281746031746)",1,94.12540990765226,47735
"(0.6903919323688259, 0.960572483841182)",1,94.12532309366716,47736
"(0.8123989898989897, 0.9495014245014244)",1,94.12530494689344,47737
"(0.8040583964010628, 0.9382801623918542)",3,94.12513496856332,47740
"(0.8422150008452768, 0.9424564827150532)",2,94.12511743804431,47742
"(0.8116470752541504, 0.9662120205152992)",2,94.12503936930472,47744
"(0.7776627757652426, 0.94999499949995)",1,94.12474775089602,47745
"(0.8111858543148185, 0.9630499959484644)",1,94.12468371033128,47746
"(0.8787045138421501, 0.960572483841182)",1,94.12423115014272,47747
"(0.7651777469990767, 0.9556541264979026)",1,94.12418592557307,47748
"(0.8787045138421501, 0.9516956990542454)",1,94.12410832009482,47749
"(0.8460636535055139, 0.9764666952752286)",1,94.1238713667222,47750
"(0.9474444882407044, 0.9524973279746984)",4,94.1238369758583,47754
"(0.8768488063660478, 0.9749656593406592)",1,94.1236561754216,47755
"(0.9449656035021888, 0.942491014220972)",3,94.12358958427107,47758
"(0.9047619047619048, 0.9549988749718742)",5,94.12345290094945,47763
"(0.6749447402728794, 0.9861310021084456)",1,94.12341584920316,47764
"(0.5708341567310015, 0.9648252575884156)",1,94.1233688204742,47765
"(0.9247290244881574, 0.9549898727213622)",1,94.12333507071888,47766
"(0.8420013166556946, 1.0)",1,94.12331043399084,47767
"(0.5222179798681013, 0.943189758511236)",1,94.12318294032568,47768
"(0.8472645812528676, 0.960851077856154)",2,94.12302389700176,47770
"(0.4495135398715946, 0.9927848142269592)",1,94.12297329341108,47771
"(0.8380110689610939, 0.9440529448756316)",2,94.12296872133662,47773
"(0.913060207336523, 0.9619736581501288)",2,94.12291709272816,47775
"(0.5391505078485688, 0.9472378863826232)",2,94.12274217393626,47777
"(0.8885908209437621, 0.9537330920118182)",1,94.12258269118404,47778
"(0.8885908209437621, 0.9497439544807966)",1,94.12252671901192,47779
"(0.9503333333333333, 0.940074233084456)",1,94.1223334734407,47780
"(0.8517690928240017, 0.9643944553313464)",2,94.12225510544933,47782
"(0.7886860312719072, 0.9398731501057084)",1,94.12211181444589,47783
"(0.8872085807165035, 0.9610153569597296)",3,94.12197622122054,47786
"(0.9469408453036384, 0.946730586052542)",1,94.12192130988784,47787
"(0.8098502304147466, 0.9495058714870036)",1,94.12180522376352,47788
"(0.8729557812660307, 0.9556541264979026)",1,94.12175892134492,47789
"(0.7423856773080242, 0.962470105966915)",2,94.12175324962084,47791
"(0.9186426294655792, 0.943455134862934)",1,94.12141539339738,47792
"(0.9272595017275868, 0.9524854486686548)",3,94.12141351353851,47795
"(0.4874967968549804, 0.9424967654430562)",3,94.12140130343718,47798
"(0.6392731808632544, 0.9495014245014244)",1,94.12134062140396,47799
"(0.8360613745229131, 0.9574997343733398)",4,94.12122873141354,47803
"(0.9524854486686548, 0.9474970467088774)",2,94.12098899626874,47805
"(0.510124419309014, 0.9685615951814028)",1,94.12080666996472,47806
"(0.8591722063944286, 0.9440529448756316)",1,94.12077421632203,47807
"(0.7731997731997731, 0.9599989999749994)",1,94.1207067903384,47808
"(0.852417321342681, 0.9516956990542454)",1,94.12068560994052,47809
"(0.8112169414494997, 0.951892755797645)",1,94.12058891467716,47810
"(0.9069647153947764, 0.9422394177612392)",1,94.12046817775412,47811
"(0.9423959526895456, 0.9574976092405196)",4,94.1202219420336,47815
"(0.8350431397306397, 0.9580331374974232)",1,94.12017107876584,47816
"(0.7135473163103189, 0.9969573675011548)",1,94.12015770602292,47817
"(0.8404355452872972, 0.972045976510262)",1,94.12014245589108,47818
"(0.4436235877652245, 0.9774992967651196)",1,94.11982890760524,47819
"(0.8660316000154361, 0.956240913452974)",6,94.11968184824646,47825
"(0.754858950994775, 0.9922875211218648)",2,94.1194978271246,47827
"(0.8753086419753084, 0.9861310021084456)",1,94.11946356686624,47828
"(0.860405205616787, 0.9524973279746984)",1,94.1193559996646,47829
"(0.7167218248460909, 0.956140350877193)",3,94.11930397724686,47832
"(0.8138306443491046, 0.972420634920635)",1,94.11925996655906,47833
"(0.9833229101521784, 1.0)",1,94.118758444098,47834
"(0.9524759409451032, 0.9449944994499452)",1,94.11850609741852,47835
"(0.9327510896243466, 0.965201117966982)",4,94.11848420795955,47839
"(0.4423707251851418, 0.9861310021084456)",1,94.11847191341911,47840
"(0.4954100367197062, 0.9539707149009474)",1,94.11814672159856,47841
"(0.7257906890632683, 0.9890675832037592)",2,94.1180187619512,47843
"(0.935554153726708, 0.9468391231269042)",1,94.11801521633006,47844
"(0.8552744708994707, 1.0)",4,94.11795694932415,47848
"(0.7127034737372042, 0.959983993597439)",1,94.1175016621034,47849
"(0.7779388809425842, 0.9499987499687492)",1,94.11738986877222,47850
"(0.816099178371682, 0.9692608993981562)",1,94.11723118076024,47851
"(0.8495378883833893, 0.974934640522876)",1,94.11692817601482,47852
"(0.8746747225950852, 0.9649122807017544)",1,94.11686641351852,47853
"(0.448819084280689, 0.9734731918335766)",1,94.11681518106334,47854
"(0.7611229730509549, 0.9529751605618932)",1,94.1167248713437,47855
"(0.8876281048778143, 0.9607612022680516)",3,94.11645226089806,47858
"(0.9247290244881574, 0.9624978905063408)",1,94.1162795240802,47859
"(0.5699300729280296, 0.991249111093398)",1,94.11625920318676,47860
"(0.9399739902831624, 0.9572437766315318)",1,94.11606690887947,47861
"(0.8244920011417232, 0.9495014245014244)",1,94.11605214470572,47862
"(0.9247290244881574, 0.9599989999749994)",1,94.11604131466792,47863
"(0.7937829607256792, 0.9388945062352544)",1,94.11595555062996,47864
"(0.746671365914787, 0.9736189431913116)",1,94.11581419765211,47865
"(0.3875802750555293, 0.9682418656915686)",4,94.11577644089624,47869
"(0.7109688804604058, 0.972281746031746)",1,94.11569780814614,47870
"(0.9427148033126296, 0.9751409401578528)",1,94.11569575688588,47871
"(0.947035873779261, 0.9388917411828462)",1,94.1155559764721,47872
"(0.5450348040348041, 0.9973444706590416)",3,94.11551291812748,47875
"(0.8736212624584717, 0.9764666952752286)",1,94.11548352034612,47876
"(0.925, 0.9495014245014244)",1,94.11548341036118,47877
"(0.8514626506510005, 0.9571428571428572)",1,94.11546029681578,47878
"(0.6585885239934335, 0.993644843179417)",1,94.11543575223864,47879
"(0.8329156223893065, 1.0)",1,94.11517249112252,47880
"(0.8334507869391591, 0.951892755797645)",1,94.11493311125362,47881
"(0.448819084280689, 0.9601502499942144)",1,94.1147462097652,47882
"(0.9833229101521784, 1.0)",1,94.11434184564082,47883
"(0.4276312823980166, 0.940930997520722)",1,94.1142781599171,47884
"(0.960666032023912, 0.9538331745788698)",1,94.11421474988036,47885
"(0.9019848076451852, 0.9474734084130092)",1,94.11418018368155,47886
"(0.9603476243044132, 0.9642857142857144)",1,94.1141750130222,47887
"(0.9581458989353726, 1.0)",1,94.1141606664784,47888
"(0.9610899532226684, 0.9165867390570612)",1,94.1140396299191,47889
"(0.9449656035021888, 0.945)",3,94.11362570444582,47892
"(0.7423856773080242, 0.9749656593406592)",1,94.11360751734288,47893
"(0.8396854781762315, 0.9499987499687492)",1,94.11345585179384,47894
"(0.5327872964005991, 0.9474839169495658)",1,94.11334316089012,47895
"(0.5345536229727782, 0.9699329369016104)",4,94.11333735925535,47899
"(0.960666032023912, 0.960666032023912)",3,94.11319401307676,47902
"(0.95749335833724, 0.9574997343733398)",2,94.11318947067332,47904
"(0.9298245614035088, 0.95)",2,94.11312487107304,47906
"(0.8633407843934159, 0.9648252575884156)",1,94.11312007780602,47907
"(0.8993301094022514, 0.9622641509433963)",1,94.1130941508399,47908
"(0.9524973279746984, 0.9524973279746984)",1,94.11299759883924,47909
"(0.9298245614035088, 0.944998624965624)",2,94.11298920099038,47911
"(0.8948142000428356, 0.9749656593406592)",1,94.11280001408348,47912
"(0.8561103441223091, 0.972045976510262)",1,94.11268147911473,47913
"(0.8890425386169811, 0.9350193449813944)",1,94.11258282577566,47914
"(0.8751897860593512, 0.972420634920635)",1,94.1124629234847,47915
"(0.5653455329500221, 0.9619736581501288)",1,94.11239193540716,47916
"(0.8131546784916719, 0.9574869803877438)",1,94.11228347200712,47917
"(0.8657434402332361, 0.9540153992631536)",1,94.11214276766808,47918
"(0.8456272791248162, 0.9642857142857144)",3,94.11203059028944,47921
"(0.8543547774492897, 0.9580331374974232)",1,94.11199167293992,47922
"(0.8843308668496638, 0.9495014245014244)",1,94.11188548787403,47923
"(0.812231932146279, 0.9524973279746984)",1,94.11188378417512,47924
"(0.9349739895958384, 0.9524854486686548)",1,94.1116204116909,47925
"(0.8112275321577646, 0.9764666952752286)",1,94.1115598814946,47926
"(0.8252422194238135, 0.9574869803877438)",6,94.11150130053568,47932
"(0.4990204708059675, 0.9984833216465048)",3,94.11139031986612,47935
"(0.8686559598432304, 0.9764666952752286)",1,94.11136481798508,47936
"(0.8307565789473685, 0.9601502499942144)",1,94.11136200223449,47937
"(0.6645551610887285, 0.9767441860465116)",1,94.11135262320244,47938
"(0.8268235294117647, 0.9499887474681804)",1,94.1112793816968,47939
"(0.8872085807165035, 0.9468391231269042)",2,94.11127566060416,47941
"(0.8811262654045816, 0.954995499549955)",1,94.11114241468036,47942
"(0.8330958052404215, 0.9495014245014244)",1,94.11108724444436,47943
"(0.8586125966511082, 0.968581070323131)",2,94.11108186559623,47945
"(0.9262130464282252, 0.9600251550024655)",1,94.11078702147502,47946
"(0.503442416215342, 0.9923777165690804)",2,94.11061819631696,47948
"(0.939817949296622, 0.9449944994499452)",3,94.11059073334144,47951
"(0.9261858974358974, 0.9619736581501288)",1,94.1104957890612,47952
"(0.9833229101521784, 1.0)",1,94.11048168260086,47953
"(0.8340166019865393, 0.9749910873440284)",1,94.11043679430752,47954
"(0.8669543634004626, 0.9560315719855194)",4,94.11041379211903,47958
"(0.8967975785187935, 0.9449779911964784)",1,94.11034948700018,47959
"(0.7109688804604058, 0.972281746031746)",1,94.11031844139414,47960
"(0.950608853052493, 0.9540153992631536)",1,94.1100786911087,47961
"(0.7820135271430143, 0.9643944553313464)",1,94.109985529201,47962
"(0.8422693146507633, 0.9560315719855194)",1,94.10990070243614,47963
"(0.8416827657517105, 0.9861310021084456)",1,94.10988464718008,47964
"(0.8806608357628766, 0.9536268754076972)",1,94.10985547638047,47965
"(0.9474602668267876, 0.9524925769651508)",1,94.10984147593716,47966
"(0.8330958052404215, 0.9495014245014244)",1,94.1096537332462,47967
"(0.9160264866799612, 0.9861673414304992)",1,94.10950950665438,47968
"(0.9575126626788776, 0.9463627709416984)",2,94.10949360622595,47970
"(0.8743078626799556, 0.9861310021084456)",1,94.10931664084704,47971
"(0.623046875, 0.9489093915343916)",1,94.10921631496724,47972
"(0.9247290244881574, 0.9574997343733398)",1,94.10919733826005,47973
"(0.8360613745229131, 0.9574997343733398)",1,94.10918665401566,47974
"(0.9432380952380952, 0.9572437766315318)",4,94.10917282149748,47978
"(0.8139831183309444, 0.9549988749718742)",1,94.1089976138152,47979
"(0.929787607512726, 0.9374119856047568)",1,94.10898561643468,47980
"(0.3779476270528901, 0.9672183042788038)",4,94.10892354609364,47984
"(0.7612209453612427, 0.964269276237512)",1,94.10885876737711,47985
"(0.9399459513562204, 0.94)",1,94.10865992349068,47986
"(0.8351110130322311, 0.9650667387470876)",2,94.10865004708336,47988
"(0.8899966931216932, 0.9861310021084456)",1,94.108584446799,47989
"(0.7931486840292131, 0.9495014245014244)",1,94.10855403736088,47990
"(0.9474917955930616, 0.9474444882407044)",1,94.10831323552355,47991
"(0.5990872838163477, 0.9449656035021888)",1,94.10824945818864,47992
"(0.5677461891139935, 0.9812475086406204)",1,94.10822331984448,47993
"(0.8110714507900957, 0.9440529448756316)",1,94.10816803638184,47994
"(0.8863054971292138, 0.9549594635171657)",1,94.10816765227176,47995
"(0.8149450855878979, 0.94999499949995)",1,94.1079219756914,47996
"(0.8417410714285716, 0.9749656593406592)",1,94.1078959235799,47997
"(0.912531328320802, 0.9505232430050672)",1,94.1078421663601,47998
"(0.4060631229235881, 0.9749910873440284)",1,94.10779244508694,47999
"(0.7802197802197803, 1.0)",1,94.10776854608258,48000
"(0.8432844932844933, 0.9440529448756316)",4,94.10772007275062,48004
"(0.7578328648096089, 0.9764666952752286)",1,94.10766454670306,48005
"(0.8662285714285716, 0.9468391231269042)",1,94.10740022287592,48006
"(0.7731997731997731, 0.9599959995999598)",1,94.10731742048046,48007
"(0.9501177394034536, 0.9505232430050672)",1,94.10716344148074,48008
"(0.5096884338097788, 0.9996210215628012)",3,94.10715774326064,48011
"(0.897575551646946, 0.9495014245014244)",1,94.1071188206859,48012
"(0.8244141795109201, 0.9489093915343916)",1,94.10679974435652,48013
"(0.9749706744868036, 0.9873444118605408)",2,94.1066857957488,48015
"(0.8558506308506308, 0.9450323339212228)",1,94.10662061207398,48016
"(0.8213266129032257, 0.9619736581501288)",1,94.10652365126836,48017
"(0.7415118167849071, 0.9519169817351648)",1,94.10652084062583,48018
"(0.8739792317773969, 0.9599959995999598)",1,94.10649554756486,48019
"(0.9916585206907788, 0.9873444118605408)",1,94.10646049936209,48020
"(0.960851077856154, 0.9536268754076972)",1,94.1064480565269,48021
"(1.0, 1.0)",1,94.10639881448256,48022
"(0.931093393134094, 0.9535144014828052)",1,94.1062912630825,48023
"(0.583006022518984, 0.9604782992262008)",1,94.10595727988064,48024
"(0.9301334774941756, 0.9560315719855194)",4,94.1051937210278,48028
"(0.950431439792024, 0.9572437766315318)",1,94.10512627158612,48029
"(0.9460809481025116, 0.9644491481508056)",1,94.1050001480806,48030
"(0.8045672878635017, 0.937480853511388)",1,94.10481932200996,48031
"(0.8376298701298701, 0.924260951312838)",1,94.10464817918444,48032
"(0.8228052921446022, 0.9367013269954446)",1,94.10449761509916,48033
"(0.514585158944719, 0.9954266299414484)",1,94.10445247584248,48034
"(0.8594059903090558, 0.944998624965624)",1,94.1044075181385,48035
"(0.7976968565203859, 0.9474996718729491)",1,94.10432250876843,48036
"(0.8171936889795594, 0.9557886530559612)",2,94.10423808274248,48038
"(0.9603476243044132, 0.9501177394034536)",1,94.10417123142592,48039
"(0.7344310184570442, 0.9649859943977592)",1,94.1041233373614,48040
"(0.9449325423643964, 0.9574869803877438)",1,94.10411952562526,48041
"(0.911021218587008, 0.9823657606833868)",1,94.10380329154756,48042
"(0.5218438528010998, 0.972281746031746)",1,94.1036857653165,48043
"(0.3937681915859065, 0.9472378863826232)",1,94.10359790965448,48044
"(0.7167218248460909, 0.9473684210526316)",1,94.10346435018702,48045
"(0.8394200626959247, 0.9495014245014244)",1,94.10344291890462,48046
"(0.4495135398715946, 0.9988619159967322)",3,94.1033608294467,48049
"(0.9666562434855118, 1.0)",2,94.10334813384966,48051
"(0.4890240875451667, 0.9692571603002246)",4,94.10332189341244,48055
"(0.826804915514593, 0.9535144014828052)",1,94.10324634222678,48056
"(0.9449325423643964, 0.9399759903961584)",1,94.10318244051828,48057
"(0.5070372093557577, 1.0)",1,94.10316572171423,48058
"(0.8472645812528676, 0.9425645194066248)",1,94.10311096751862,48059
"(0.5141491228070175, 0.9837451978629024)",1,94.10291728608492,48060
"(0.875, 0.9240041208791208)",1,94.10290251094588,48061
"(0.9269284534248317, 0.9396371070789676)",1,94.10280777966604,48062
"(0.9569233895549684, 0.960851077856154)",1,94.10261675740908,48063
"(0.8640256615878108, 0.951892755797645)",1,94.10250652183969,48064
"(0.893939393939394, 0.9449944994499452)",1,94.1023821610962,48065
"(0.9250895679662802, 0.9428571428571428)",1,94.1023373208959,48066
"(0.8972301136363636, 0.9498754528985508)",1,94.1022723543038,48067
"(0.9082051469489508, 0.9736189431913116)",1,94.102254206976,48068
"(0.8176857647247633, 0.9499887474681804)",1,94.10223835749676,48069
"(0.8380110689610939, 0.9440529448756316)",2,94.10203752715869,48071
"(0.8315259512496974, 0.9511418561141246)",1,94.1020280808344,48072
"(0.8399999999999999, 0.9499987499687492)",2,94.10200624627706,48074
"(0.9540153992631536, 0.9536268754076972)",1,94.10198055557704,48075
"(0.8499431760854415, 0.9699293469984828)",1,94.10165868973964,48076
"(0.9540153992631536, 0.9640038239043044)",1,94.10153226069744,48077
"(0.8569370609099162, 0.9695927621542252)",1,94.10144214167454,48078
"(0.7997685185185185, 0.972420634920635)",2,94.1013609658613,48080
"(0.4130640425070805, 0.9689192594936946)",4,94.10132432787655,48084
"(0.7606763768073482, 0.9876915532732184)",1,94.10110671607622,48085
"(0.6445974707185653, 0.9992416608232524)",1,94.10102617233188,48086
"(0.8694846606452272, 0.9557886530559612)",1,94.10094231748536,48087
"(0.9498754528985508, 0.9498754528985508)",1,94.1009287783044,48088
"(0.937386905097332, 0.9474444882407044)",1,94.10089425434252,48089
"(0.9399459513562204, 0.945)",2,94.10089380184294,48091
"(0.8335321009739615, 0.964269276237512)",1,94.1008724571804,48092
"(0.8384307029790694, 0.9756756090455873)",1,94.10086068648414,48093
"(0.9377005347593584, 0.9495014245014244)",1,94.10057535739152,48094
"(0.9269284534248317, 0.9764666952752286)",1,94.1002131466843,48095
"(0.8402876991030895, 0.9529751605618932)",1,94.09951458188004,48096
"(0.8472645812528676, 0.9425645194066248)",1,94.0994419162124,48097
"(0.9528533742496432, 0.9678176625650188)",1,94.09916823898824,48098
"(0.9224996008939976, 0.962470105966915)",1,94.09914243542346,48099
"(0.4009542951846135, 0.9668807760791044)",4,94.0990291873888,48103
"(0.8676532769556025, 1.0)",2,94.09893930664492,48105
"(0.9080705009276436, 0.9680383516315252)",1,94.09890643263928,48106
"(0.9204195755007296, 0.9560315719855194)",4,94.09872678590196,48110
"(0.8484583260465807, 0.9662125141795715)",1,94.09870065610264,48111
"(0.9349202773397411, 0.9524925769651508)",1,94.09866476028468,48112
"(0.9017623122369548, 0.9498754528985508)",1,94.09863857330951,48113
"(0.8951521235521236, 0.9397510062104916)",1,94.0986227049366,48114
"(0.9250895679662802, 0.9537330920118182)",1,94.09843832589726,48115
"(0.8003236732894304, 0.9572437766315318)",1,94.09842405034816,48116
"(0.8894752290768013, 0.950431439792024)",1,94.09840995122283,48117
"(0.8224316126353314, 0.9450323339212228)",1,94.09834192804104,48118
"(0.7630195891065458, 0.939903846153846)",1,94.09833177191332,48119
"(0.7805215455557322, 0.9515714518877016)",2,94.0982891919204,48121
"(0.5208957469413343, 0.9943038007054942)",2,94.09827230845372,48123
"(0.7073334452089277, 0.9524973279746984)",1,94.0982693449588,48124
"(0.7241265800489103, 0.9927221681112272)",1,94.0981647437334,48125
"(0.4009542951846135, 0.9692496904169902)",1,94.0981399015981,48126
"(0.9424190267563762, 0.9499799919967988)",1,94.09802306471776,48127
"(0.9122507070492478, 0.9749656593406592)",1,94.0979831436597,48128
"(0.950431439792024, 0.9538331745788698)",1,94.0976601195147,48129
"(0.8451478848040399, 0.972045976510262)",1,94.09745912244406,48130
"(0.8967975785187935, 0.945)",2,94.09732878528509,48132
"(0.9833229101521784, 1.0)",1,94.09723977451472,48133
"(0.2556205894487595, 0.9996210215628012)",3,94.09718752669066,48136
"(0.842200034135518, 0.9749052909377262)",1,94.0970966879537,48137
"(0.8874735513743797, 0.9758777250199286)",2,94.09708706888784,48139
"(0.8898894074675324, 0.9572437766315318)",2,94.09707871833554,48141
"(0.7188585657770549, 0.9449656035021888)",1,94.09705222791057,48142
"(0.7344310184570442, 0.9649859943977592)",1,94.09699488920492,48143
"(0.9373666512059368, 0.9749910873440284)",1,94.09696414674283,48144
"(0.4504195472150979, 0.9988619159967322)",1,94.09691135103364,48145
"(0.6445317921992708, 0.951892755797645)",1,94.09669384064053,48146
"(0.9665755481078062, 0.987463247273494)",4,94.0966700382078,48150
"(0.8877819548872182, 0.9495014245014244)",1,94.09664398891276,48151
"(0.8340166019865393, 0.9749910873440284)",1,94.09661023665709,48152
"(0.8099604803972105, 0.9466127311522048)",1,94.09659567245252,48153
"(0.798857609139127, 0.9758777250199286)",1,94.09659069968528,48154
"(0.8224713709935384, 0.9540977572753596)",1,94.09644798855334,48155
"(0.9067863328609668, 0.9574997343733398)",1,94.09630313940816,48156
"(0.8741340408491008, 0.9580331374974232)",1,94.0962791447177,48157
"(0.9162596992611264, 0.9580331374974232)",1,94.096274865358,48158
"(0.8796475392220073, 1.0)",1,94.0961935013304,48159
"(0.9640038239043044, 0.9381466410380824)",1,94.0961622604861,48160
"(0.9474444882407044, 0.9499987499687492)",1,94.09607156502295,48161
"(0.9186426294655792, 0.9571428571428572)",6,94.09581274337188,48167
"(0.6796326875518447, 0.9823657606833868)",6,94.09581204311117,48173
"(0.9524925769651508, 0.9524854486686548)",1,94.09571485696382,48174
"(0.893939393939394, 0.9474917955930616)",1,94.09542425681164,48175
"(0.8321429246263439, 0.9436368312757202)",2,94.09532410329552,48177
"(0.4817463236342279, 0.9996210215628012)",3,94.09528549736606,48180
"(0.8560274494853222, 0.9539707149009474)",1,94.0952265660628,48181
"(0.4566467981502238, 0.955)",3,94.0952142302144,48184
"(0.9425645194066248, 0.9498754528985508)",1,94.09520909408816,48185
"(0.7882395382395383, 0.9440529448756316)",1,94.09520051979314,48186
"(0.8645256232686982, 0.964731521366774)",3,94.09518199438456,48189
"(0.642393019586002, 0.9604782992262008)",1,94.09512457112967,48190
"(0.7281118881118881, 0.9495014245014244)",1,94.09502899267946,48191
"(0.8732774170274171, 1.0)",1,94.09499043793606,48192
"(0.8868202139097957, 0.945)",1,94.09495587122233,48193
"(0.9437903841498612, 1.0)",1,94.0949026617899,48194
"(0.9539272400433172, 0.960851077856154)",1,94.09486806376474,48195
"(0.95749335833724, 0.9399264098520688)",2,94.09473235599026,48197
"(0.9609357631051972, 0.9532701550221768)",1,94.09462335048856,48198
"(0.9300655321826798, 0.9695943169671982)",4,94.09459631624256,48202
"(0.8558506308506308, 0.9440529448756316)",1,94.09457821903716,48203
"(0.8686559598432304, 0.9764666952752286)",1,94.09440121042924,48204
"(0.9069410647702764, 0.9374964841772352)",1,94.09434629118763,48205
"(0.9126363636363636, 0.9747507916611692)",1,94.0942499081419,48206
"(0.8014480646059594, 0.956240913452974)",2,94.09418946896022,48208
"(0.6582044709060338, 0.9499887474681804)",1,94.09409383859288,48209
"(0.7973614008344031, 0.964523301198322)",1,94.09404591982432,48210
"(0.8261738954323147, 0.9668915895877468)",4,94.09393136637615,48214
"(0.8848365568890763, 0.951892755797645)",1,94.09389918121543,48215
"(0.8560274494853222, 0.9539707149009474)",1,94.093857138843,48216
"(0.9068661074437891, 0.9524759409451032)",3,94.09379026248772,48219
"(0.8954032809295966, 0.9515714518877016)",3,94.09377979497044,48222
"(0.9645238095238096, 0.9569233895549684)",1,94.09376738449512,48223
"(0.8043167829966709, 0.9743218625025524)",1,94.09319906053726,48224
"(0.943455134862934, 0.9287396277192196)",1,94.09305612576176,48225
"(0.859079950617616, 0.9433502169051704)",1,94.09301299664854,48226
"(0.7392209336901576, 0.942439249991643)",1,94.09294187157352,48227
"(0.9124863259884356, 0.9574997343733398)",1,94.09278533052183,48228
"(0.9422585572257836, 0.9690968282937898)",1,94.09274819133508,48229
"(0.9399459513562204, 0.9424996406227538)",3,94.09242329621596,48232
"(0.4908087499260726, 0.9779870235853187)",1,94.09237549875832,48233
"(0.950608853052493, 0.950431439792024)",1,94.09194363130464,48234
"(0.929936943248924, 0.95749335833724)",1,94.09191243629772,48235
"(0.2707589122986075, 0.9539707149009474)",1,94.09149789967545,48236
"(0.3865130008203705, 0.9992431829362568)",1,94.09144415900958,48237
"(0.8892914653784219, 0.94)",1,94.0914228810786,48238
"(0.8996408045977011, 0.9749910873440284)",1,94.09141692578102,48239
"(0.7600022352306796, 0.9648252575884156)",1,94.09141654131857,48240
"(0.8185034935353271, 0.9557886530559612)",1,94.09140992530271,48241
"(0.92974708952228, 0.939903846153846)",1,94.0913540595288,48242
"(0.8708656432979902, 0.9524640509385224)",1,94.09133781856868,48243
"(0.6736022307473716, 0.9861673414304992)",1,94.09129736324498,48244
"(0.8996664258511047, 0.9734731918335766)",1,94.0908250903692,48245
"(0.8785302156088673, 0.95749335833724)",1,94.09042865734192,48246
"(0.3937681915859065, 0.9515714518877016)",3,94.09039558114338,48249
"(0.6658312447786132, 0.9524640509385224)",1,94.0903564306328,48250
"(0.8428938985542759, 0.9495014245014244)",1,94.090295669577,48251
"(0.917001490200517, 0.9574869803877438)",1,94.0902165652586,48252
"(0.876112115732369, 0.9537330920118182)",2,94.09012668554706,48254
"(0.5166535087719297, 0.9824970453792232)",1,94.09006753007336,48255
"(0.8571777573149418, 0.9474734084130092)",1,94.09005453054544,48256
"(0.8566261808367072, 0.9335837499903572)",1,94.08994716860713,48257
"(0.8388355871169197, 0.945)",2,94.08984416957912,48259
"(0.7516483516483518, 0.9861673414304992)",1,94.08982808217549,48260
"(0.9449325423643964, 0.9399459513562204)",1,94.08979935326852,48261
"(0.9302688539530646, 0.9509789498203932)",1,94.08976444080466,48262
"(0.7834009175752681, 0.9427662613218292)",3,94.089619731793,48265
"(0.4898183577428861, 0.945)",3,94.08961198126823,48268
"(0.8498641779745659, 0.9524997031231444)",1,94.0895509385822,48269
"(0.835848883169409, 0.9644038253792572)",2,94.08945715906852,48271
"(0.947426067907996, 0.9424996406227538)",1,94.08944095267216,48272
"(0.9429917021753756, 0.9536268754076972)",1,94.08939345355488,48273
"(0.4782989297130066, 1.0)",3,94.08928235571824,48276
"(0.8766640111271459, 0.943455134862934)",1,94.0890170163044,48277
"(0.7729742929217565, 0.9675672714316782)",4,94.0889275247552,48281
"(0.7472307467415887, 0.9529751605618932)",1,94.08889384607816,48282
"(0.950431439792024, 0.9575126626788776)",6,94.0888547171545,48288
"(0.9041196741854636, 0.9563334234338596)",1,94.08878258327216,48289
"(0.9019848076451852, 0.9474734084130092)",1,94.08864497763729,48290
"(0.5536430525672695, 0.9418479305417444)",1,94.08835527183682,48291
"(0.9431186370412892, 0.9498754528985508)",1,94.08834068904812,48292
"(0.7823116219667945, 0.972420634920635)",1,94.0881462124089,48293
"(0.8498641779745659, 0.9424392014064856)",1,94.08797235575877,48294
"(0.8472645812528676, 0.943455134862934)",1,94.0879400303394,48295
"(0.9145191703331238, 0.9474917955930616)",1,94.08786659600868,48296
"(0.8171936889795594, 0.9556541264979026)",1,94.08782591431938,48297
"(0.9171764705882351, 0.9524973279746984)",1,94.0878173596851,48298
"(0.9665831244778612, 1.0)",1,94.08768420802195,48299
"(0.9004206187154333, 0.9557886530559612)",1,94.08761399796396,48300
"(0.8726893261776982, 0.9643944553313464)",2,94.08749095839254,48302
"(0.7833537331701346, 0.9764666952752286)",1,94.08732474073466,48303
"(0.7727171016497488, 0.9539707149009474)",1,94.0871496406427,48304
"(0.9468391231269042, 0.9540153992631536)",1,94.08698186612304,48305
"(0.7011915690388763, 0.9556541264979026)",1,94.0868643785792,48306
"(0.8768488063660478, 0.9749656593406592)",2,94.08676868115876,48308
"(0.944911858974359, 0.9549898727213622)",3,94.0864883476961,48311
"(1.0, 1.0)",1,94.08617228436316,48312
"(0.9399459513562204, 0.94)",3,94.08602711878656,48315
"(0.8660316000154361, 0.9519169817351648)",1,94.08585134487184,48316
"(0.8825487012987013, 0.9432380952380952)",1,94.0856504298739,48317
"(0.9540153992631536, 0.9680383516315252)",2,94.08564902151348,48319
"(0.9165867390570612, 0.9468391231269042)",1,94.08552457633702,48320
"(0.8514626506510005, 0.9571428571428572)",1,94.08552398874316,48321
"(0.5308180191901123, 0.9656673832323628)",1,94.08552314833342,48322
"(0.9388917411828462, 0.9643698138596096)",1,94.08543831338264,48323
"(0.9396279975262144, 0.9502288074111276)",1,94.08533702813176,48324
"(0.7574146783449108, 0.9634486670448098)",1,94.0853247571786,48325
"(0.6702803520428978, 0.960267350663444)",1,94.0852319744722,48326
"(0.7707669475804315, 0.9601502499942144)",1,94.0851486143243,48327
"(0.9833229101521784, 0.9833229101521784)",1,94.084706776955,48328
"(0.7886860312719072, 0.951892755797645)",1,94.08462959970264,48329
"(0.7026153868908955, 0.9531381014506703)",1,94.08408855945632,48330
"(0.8975764647467728, 0.9749656593406592)",1,94.0839483637805,48331
"(0.9571428571428572, 0.9536268754076972)",1,94.08386466519023,48332
"(0.7447170736590969, 0.9604782992262008)",1,94.08374587091788,48333
"(0.8045672878635017, 0.944998624965624)",1,94.08348841387466,48334
"(0.9058747619658436, 0.9834113430318364)",2,94.08335095055232,48336
"(0.7999088007295942, 0.9766918866148322)",1,94.0832796059302,48337
"(0.8730304179305696, 0.9539707149009474)",1,94.08324035632938,48338
"(0.8506653943511476, 0.991206314397104)",3,94.08317415529584,48341
"(0.957036102484472, 0.9680383516315252)",1,94.08307199520593,48342
"(0.7049247335867055, 0.9495014245014244)",1,94.0830671403393,48343
"(0.9524925769651508, 0.9474996718729491)",2,94.08306665484142,48345
"(0.5709785862217186, 0.9099909963985594)",1,94.08300525207488,48346
"(0.777006807446513, 0.9495014245014244)",1,94.08294907153604,48347
"(0.859079950617616, 0.9462256234379848)",1,94.082633630532,48348
"(0.8513842746400886, 0.9529751605618932)",1,94.08259474774702,48349
"(0.8885908209437621, 0.9498754528985508)",2,94.08241795860494,48351
"(0.4262114190232983, 0.9424392014064856)",1,94.08240817354394,48352
"(0.7548199009255377, 0.9557004543385508)",1,94.082389889771,48353
"(0.8734313112361893, 0.9722222222222222)",1,94.08236114867915,48354
"(0.9298245614035088, 0.9474917955930616)",1,94.08225672797356,48355
"(0.8941425546930134, 0.9399984999624992)",1,94.0822447001047,48356
"(0.949954959463517, 0.9524997031231444)",3,94.08222693238888,48359
"(0.8547539417104635, 0.9449779911964784)",1,94.08191128715444,48360
"(0.9019292060258446, 0.9861673414304992)",1,94.0817284130235,48361
"(0.7709217005509239, 0.9293598200132946)",1,94.08168169574948,48362
"(1.0, 1.0)",1,94.0816547365084,48363
"(0.7711662053941748, 0.9606593486924077)",3,94.08159142607892,48366
"(0.93600846667145, 0.9503333333333333)",1,94.08146799274304,48367
"(0.7182046092832266, 0.9539707149009474)",1,94.08134942219418,48368
"(0.4232341065158651, 0.9678999638269552)",1,94.08127934063302,48369
"(0.8139831183309444, 0.9424564827150532)",1,94.08082114347512,48370
"(0.7268389025301591, 0.960376642453574)",1,94.08080512549388,48371
"(0.8110714507900957, 0.9450323339212228)",1,94.08045934756866,48372
"(0.8645256232686982, 0.9472378863826232)",1,94.08043116328476,48373
"(0.7604228876645498, 0.9495014245014244)",1,94.08041623645002,48374
"(0.9168447876447876, 0.9645238095238096)",1,94.08023164859723,48375
"(0.8810064268049709, 0.956140350877193)",1,94.08012897729024,48376
"(0.9449656035021888, 0.9449779911964784)",1,94.08000710976933,48377
"(0.8557264819266099, 0.9764666952752286)",1,94.07996472604728,48378
"(0.5665422026431718, 0.9992416608232524)",1,94.07991191649342,48379
"(0.8078239529852432, 0.9580331374974232)",1,94.07981254014976,48380
"(0.8716376921138826, 0.9450323339212228)",1,94.0797255727176,48381
"(0.9253777472527472, 0.9491363636363636)",1,94.07970709540186,48382
"(0.8231120738827542, 0.954995499549955)",2,94.0796477493077,48384
"(0.869254101161996, 0.960572483841182)",5,94.07960423164748,48389
"(0.8811262654045816, 0.9574976092405196)",3,94.07958772120963,48392
"(0.93600846667145, 0.9505232430050672)",1,94.07958020016056,48393
"(0.8269995078134613, 0.9495014245014244)",1,94.079479940918,48394
"(0.7999088007295942, 0.9766918866148322)",1,94.07946723077836,48395
"(0.9057330122004186, 0.9472378863826232)",1,94.07926606560082,48396
"(0.922324745206372, 0.9599989999749994)",1,94.07920351033758,48397
"(0.6955337254778818, 0.9560315719855194)",3,94.07909118385489,48400
"(0.7708232538005143, 0.9599959995999598)",1,94.07890482237508,48401
"(0.8467532467532467, 1.0)",1,94.07882449229548,48402
"(0.9610899532226684, 0.9463627709416984)",1,94.07875778961662,48403
"(0.8176857647247633, 0.9474996718729491)",2,94.07867258056528,48405
"(0.614501096491228, 0.964731521366774)",1,94.07857593612512,48406
"(0.8774931089873806, 0.9449876222149984)",1,94.07844797465896,48407
"(0.4936062160591765, 0.99696664329301)",1,94.07842515355642,48408
"(0.7937829607256792, 0.9398731501057084)",1,94.07805389731448,48409
"(0.8214334285325716, 0.9398731501057084)",1,94.077856219722,48410
"(0.5048355899419729, 0.9524997031231444)",1,94.07783470882558,48411
"(0.8292352872388802, 0.958082617377278)",1,94.07774717521497,48412
"(0.7608215527547845, 0.9516956990542454)",1,94.07764723005472,48413
"(0.8274062797908469, 0.9604782992262008)",1,94.07759252015477,48414
"(0.7994987468671678, 1.0)",1,94.07756704976772,48415
"(0.9156086605607608, 0.9690968282937898)",1,94.07756569932756,48416
"(0.7180735022654807, 0.9424996406227538)",1,94.07756472173313,48417
"(0.9153439153439152, 1.0)",1,94.07744729077528,48418
"(0.8498641779745659, 0.9549988749718742)",1,94.07739100164572,48419
"(0.819469971224357, 0.9440529448756316)",2,94.07729431255686,48421
"(0.7800511508951407, 0.9423959526895456)",1,94.07721766472224,48422
"(0.8340666247642992, 0.9474970467088774)",2,94.07712910139313,48424
"(0.7392209336901576, 0.960376642453574)",1,94.0771140697075,48425
"(0.7145887100067465, 0.9518108135836668)",1,94.07697806854344,48426
"(0.8224316126353314, 0.9580331374974232)",1,94.07687675566773,48427
"(0.9298245614035088, 0.9499887474681804)",1,94.07677731679802,48428
"(0.6395938219147543, 0.9601502499942144)",1,94.0766776547219,48429
"(0.925438675470188, 0.9499464285714284)",1,94.07661541374422,48430
"(0.9196060697417344, 0.9574976092405196)",4,94.07653326147565,48434
"(0.9324286277380484, 0.9474996718729491)",1,94.07621548349874,48435
"(0.7149565408467913, 0.9909239505405764)",2,94.0761581918823,48437
"(0.9318857896881138, 0.9352068830277476)",1,94.07605659500815,48438
"(0.9002005347593582, 0.9495014245014244)",1,94.0757266812513,48439
"(0.9145191703331238, 0.9474917955930616)",1,94.07568804098676,48440
"(0.9680383516315252, 0.9676485688615069)",1,94.07566646901508,48441
"(0.8044914258149553, 0.9861310021084456)",2,94.07562505924726,48443
"(0.8777335856148074, 0.9691818330194464)",1,94.07559203319636,48444
"(0.929787607512726, 0.942491014220972)",1,94.0754510230058,48445
"(0.5218438528010998, 0.958422459893048)",1,94.07543760889972,48446
"(0.7760416666666667, 0.9574784734771978)",1,94.07539314073304,48447
"(0.8877034517510707, 0.9861673414304992)",1,94.07531969241406,48448
"(0.6128103629529902, 0.9699313239334718)",1,94.07530929337176,48449
"(0.8477957771158952, 0.9604683573109593)",1,94.07523093338288,48450
"(0.2317734141657155, 0.9599959995999598)",1,94.07509062610346,48451
"(0.8785302156088673, 0.9524640509385224)",1,94.07501167499142,48452
"(0.7494683962461578, 0.951892755797645)",1,94.07499584010633,48453
"(0.2200027398216297, 0.9973444706590416)",1,94.07497435292814,48454
"(0.564922563324656, 0.9973524618256112)",3,94.07490988864195,48457
"(0.8067495925637244, 0.9499799919967988)",1,94.07485620221271,48458
"(0.8219317364145453, 0.9560315719855194)",1,94.07468684426902,48459
"(0.9043086298506712, 0.9524973279746984)",1,94.07459201331793,48460
"(0.5073536286909905, 0.9931818181818182)",1,94.07446638661035,48461
"(0.8623077787842691, 0.9540153992631536)",2,94.07444849016213,48463
"(0.826804915514593, 0.9535144014828052)",1,94.07433530886368,48464
"(0.9204195755007296, 0.9557886530559612)",1,94.07427376550318,48465
"(0.8395301149279116, 0.9764666952752286)",2,94.07401874244748,48467
"(0.5196192999992734, 0.9766874727622072)",4,94.07400229094156,48471
"(0.9248798076923076, 0.9524997031231444)",1,94.0739727518061,48472
"(0.7801059423865424, 0.9539707149009474)",1,94.07383399817378,48473
"(0.9043086298506712, 0.9499799919967988)",2,94.07380766964096,48475
"(0.8795903283708161, 0.9641967520703932)",6,94.07367793551046,48481
"(0.9916585206907788, 0.9834358767945106)",3,94.07351390276224,48484
"(0.8487453548561374, 0.9472378863826232)",3,94.0734068502678,48487
"(0.3550798514340383, 0.960267350663444)",1,94.07324831184329,48488
"(0.5708341567310015, 0.964731521366774)",1,94.07321034158586,48489
"(0.8315995778682346, 0.9861673414304992)",1,94.07308126319668,48490
"(0.6548434461717655, 0.9604689169364404)",1,94.0730546381586,48491
"(0.6085242154650133, 0.9649964985994398)",1,94.0728863875134,48492
"(0.8752079951298701, 0.9498754528985508)",1,94.072471585815,48493
"(0.9067863328609668, 0.9474734084130092)",1,94.07231952088834,48494
"(0.7188585657770549, 0.9524759409451032)",1,94.0720739640662,48495
"(0.6759495516512356, 0.9764666952752286)",1,94.07202052774586,48496
"(0.8645256232686982, 0.9604782992262008)",1,94.0719772586916,48497
"(0.7404350561362756, 0.9861673414304992)",1,94.07133816271828,48498
"(0.9295946890286512, 1.0)",1,94.07133158315985,48499
"(0.9958292603453894, 0.7557769358730237)",1,94.07131657572567,48500
"(0.8915722651940667, 0.9499799919967988)",1,94.0712855685076,48501
"(0.9506883741258744, 0.9462256234379848)",1,94.07115967493084,48502
"(0.8120634920634922, 0.9449656035021888)",1,94.071081327735,48503
"(0.8160079573535582, 0.9695930675769888)",1,94.071059176292,48504
"(0.9292943785052824, 0.940930997520722)",1,94.07095713528685,48505
"(0.7773213291613077, 0.9424996406227538)",1,94.07085357240936,48506
"(0.8806608357628766, 0.9428571428571428)",2,94.07049458106516,48508
"(0.5011825360822144, 0.998107010444791)",1,94.07042091821089,48509
"(0.9603476243044132, 0.9568045886851652)",1,94.07008331228045,48510
"(0.4293005092235618, 0.9678987029372712)",1,94.07003432683366,48511
"(0.9326599326599326, 0.9833229101521784)",1,94.06996104006966,48512
"(0.7404350561362756, 0.9861310021084456)",1,94.06979719207852,48513
"(0.7630560946847559, 0.9992424242424244)",1,94.06971468517548,48514
"(0.7817150682100042, 0.9495014245014244)",2,94.0696040277275,48516
"(0.7976968565203859, 0.945)",1,94.06947397700348,48517
"(0.94999499949995, 0.9349853717086344)",1,94.06934355543446,48518
"(0.9399759903961584, 0.9424708758809148)",1,94.06926705604056,48519
"(0.9497171590194846, 0.9833229101521784)",1,94.06910045095668,48520
"(0.8326657023107452, 0.9630499959484644)",1,94.06906093182025,48521
"(0.7727171016497488, 0.9311270125223616)",1,94.06881419102533,48522
"(0.5176470588235295, 0.9646471322611444)",1,94.0687297522016,48523
"(0.8352396678838058, 0.9690968282937898)",1,94.068586134844,48524
"(0.9388917411828462, 0.9572437766315318)",3,94.06857818036964,48527
"(0.947035873779261, 0.9605654571878554)",1,94.06846896973737,48528
"(0.8888888888888888, 0.9580331374974232)",1,94.06821035928864,48529
"(0.912705831903945, 0.9495014245014244)",1,94.06810543120282,48530
"(0.922324745206372, 0.9474602668267876)",1,94.06798342510471,48531
"(0.9240756756756756, 0.95)",2,94.06785783375932,48533
"(0.941687552213868, 0.9571428571428572)",1,94.06783528832985,48534
"(0.94999499949995, 0.944998624965624)",1,94.06774629922964,48535
"(0.9196060697417344, 0.9524997031231444)",1,94.06771673910968,48536
"(0.911911525974026, 0.9466151061674828)",1,94.0676352444885,48537
"(0.9303715638302106, 1.0)",1,94.06762312013504,48538
"(0.9449325423643964, 0.935)",1,94.06759809436883,48539
"(0.8915010570824524, 0.9269606362629618)",1,94.06758671499362,48540
"(0.9524640509385224, 0.9524497750749228)",1,94.06756134054052,48541
"(0.9043086298506712, 0.94999499949995)",2,94.067485289825,48543
"(0.80285509389987, 1.0)",1,94.06748491132,48544
"(0.8110714507900957, 0.9440529448756316)",1,94.06734780270138,48545
"(0.7654166666666666, 0.9495014245014244)",1,94.0672126676507,48546
"(0.9145191703331238, 0.9474970467088774)",1,94.06714748579483,48547
"(0.7372334455667788, 1.0)",1,94.06712912714094,48548
"(0.7246154408468525, 0.9556541264979026)",1,94.06710874776934,48549
"(0.7932043650793651, 0.960851077856154)",1,94.06706483719948,48550
"(0.7668537890977591, 0.9719592578330004)",2,94.06703704089084,48552
"(0.8547539417104635, 0.9424564827150532)",1,94.0669235465058,48553
"(0.97495917428555, 0.9834358767945106)",4,94.06687596106052,48557
"(0.6735455459483788, 0.996969696969697)",1,94.06685779514024,48558
"(0.8525073746312686, 0.9574784734771978)",1,94.06660275022004,48559
"(0.8669543634004626, 0.960376642453574)",1,94.06660093995602,48560
"(0.8547143556631046, 0.9648252575884156)",1,94.06655605380784,48561
"(0.9474444882407044, 0.9549898727213622)",3,94.06633134087537,48564
"(0.7956953792242888, 0.9574997343733398)",3,94.06628566658397,48567
"(0.9628689175769612, 0.962470105966915)",1,94.06620378504988,48568
"(0.9145191703331238, 0.9524973279746984)",3,94.06615340711978,48571
"(0.8855699370755157, 0.960851077856154)",1,94.06600633114728,48572
"(0.9331531133914452, 0.9690968282937898)",3,94.06594471102942,48575
"(0.798089617146851, 0.9574997343733398)",1,94.06562131595092,48576
"(0.8340166019865393, 0.9622598627787308)",1,94.06559363736996,48577
"(0.8137566137566138, 1.0)",1,94.06552177915032,48578
"(0.7049247335867055, 0.9495014245014244)",1,94.06541543692238,48579
"(0.929787607512726, 0.9423959526895456)",1,94.06529207822246,48580
"(0.7805215455557322, 0.9690968282937898)",1,94.06526768288909,48581
"(0.949954959463517, 0.9549988749718742)",3,94.06526124122792,48584
"(0.7931469298245613, 0.9466127311522048)",1,94.06492026682318,48585
"(0.8543547774492897, 0.9580331374974232)",1,94.06488686084312,48586
"(0.8471527473990528, 1.0)",1,94.064596042085,48587
"(0.828966378966379, 0.9861673414304992)",1,94.06418507413898,48588
"(0.7073334452089277, 0.9474734084130092)",1,94.0640893162672,48589
"(0.9303715638302106, 1.0)",1,94.0639778732579,48590
"(0.8350431397306397, 0.9440529448756316)",1,94.06390296479567,48591
"(0.8078239529852432, 0.9580331374974232)",1,94.06384197838344,48592
"(0.8624785122675419, 0.9524854486686548)",1,94.06383733398602,48593
"(0.8417410714285716, 0.962470105966915)",2,94.06380827223916,48595
"(0.7976968565203859, 0.9524925769651508)",1,94.06380466763194,48596
"(0.7190044489213464, 0.9736189431913116)",1,94.0634022637395,48597
"(0.8777335856148074, 0.9648252575884156)",1,94.06327749444064,48598
"(0.9574784734771978, 0.9524759409451032)",1,94.06325966990956,48599
"(0.8899966931216932, 0.9861310021084456)",1,94.0632196987182,48600
"(0.833630878109023, 0.9599909979745442)",6,94.0630989565189,48606
"(0.9645938855657314, 0.9498754528985508)",1,94.06303210989954,48607
"(0.8716376921138826, 0.9440529448756316)",1,94.06298185584008,48608
"(0.5253763771155532, 0.943189758511236)",1,94.06290915734112,48609
"(0.7932043650793651, 0.9498754528985508)",1,94.06288344076424,48610
"(0.944120583717358, 0.953492593181136)",1,94.06286704429812,48611
"(0.7933030177759403, 0.9474734084130092)",1,94.06276746297512,48612
"(0.6484274819632211, 0.99044201207077)",1,94.06260165364992,48613
"(0.7956953792242888, 0.96)",4,94.0624051884851,48617
"(0.8701817267182292, 0.9736189431913116)",1,94.0619794739969,48618
"(0.8768488063660478, 0.9749656593406592)",1,94.06186804695898,48619
"(0.6796326875518447, 0.9559144017084672)",1,94.06171930109484,48620
"(0.9499987499687492, 0.9524997031231444)",1,94.0616685947493,48621
"(0.929787607512726, 0.949938674876724)",2,94.061489076197,48623
"(0.4976493767325073, 0.9758777250199286)",1,94.06140753220456,48624
"(0.398562919363056, 0.9992416608232524)",3,94.06136537551956,48627
"(0.950431439792024, 0.9540153992631536)",1,94.06115627872995,48628
"(0.8405124959819993, 0.9622598627787308)",1,94.06097238317666,48629
"(0.7984443237466936, 0.9646309224447688)",1,94.06094278831188,48630
"(0.869750601552687, 0.960851077856154)",3,94.06088671902351,48633
"(0.8498641779745659, 0.9549988749718742)",3,94.0608430086762,48636
"(0.7607800827623068, 0.9440529448756316)",1,94.06082919503488,48637
"(0.8306479779411763, 0.9622598627787308)",1,94.0605888791611,48638
"(0.6085487618529295, 0.9650450950662368)",1,94.0604696623265,48639
"(0.8403320842836972, 0.924260951312838)",1,94.06046585120652,48640
"(1.0, 1.0)",1,94.06023668248484,48641
"(0.95749335833724, 0.934998374959374)",1,94.06019185378764,48642
"(0.9126363636363636, 0.9489093915343916)",1,94.0601783295451,48643
"(0.8676532769556025, 0.988167361639188)",1,94.0600346935924,48644
"(0.8756569714184869, 0.9539272400433172)",1,94.05999745349536,48645
"(0.7277677677677677, 1.0)",1,94.05997600633933,48646
"(0.9170904871819552, 0.9431186370412892)",1,94.05969865562798,48647
"(0.7871012248777423, 0.9388945062352544)",1,94.05962575192017,48648
"(0.9124863259884356, 0.9524759409451032)",1,94.05957301800156,48649
"(0.4904871668221649, 0.9779870235853187)",4,94.05928230529162,48653
"(0.5536430525672695, 0.9764666952752286)",2,94.05923733220214,48655
"(0.7280701754385965, 0.969334154098697)",1,94.05917323973225,48656
"(0.8739792317773969, 0.9624941397093296)",1,94.05914897673526,48657
"(0.9171223888843544, 0.9474602668267876)",1,94.05887923160128,48658
"(0.8959020234471636, 0.9515714518877016)",1,94.05875184724997,48659
"(0.9199973910846122, 0.987463247273494)",1,94.0587494486839,48660
"(0.8685023559648746, 0.9495014245014244)",1,94.05874032375182,48661
"(0.9445235834124724, 1.0)",1,94.05870246216566,48662
"(0.8831024654485521, 0.9601502499942144)",1,94.05867551544796,48663
"(0.8329339143064635, 0.972420634920635)",1,94.05864439444711,48664
"(0.978621888315766, 0.9568045886851652)",1,94.05861496340076,48665
"(0.8740662931839402, 0.9436368312757202)",1,94.05861141645784,48666
"(0.7937829607256792, 0.9388945062352544)",1,94.05856132412455,48667
"(0.5683292214912281, 0.956140350877193)",3,94.05838701010713,48670
"(0.9425645194066248, 0.9681034738761426)",1,94.05838596484556,48671
"(0.746304385688563, 1.0)",1,94.05838074933143,48672
"(0.7898649785693143, 0.9440529448756316)",1,94.05834020231217,48673
"(0.9253777472527472, 0.9495058714870036)",1,94.05831537127531,48674
"(0.8811262654045816, 0.9474734084130092)",1,94.05794495638106,48675
"(0.8645256232686982, 0.9649927307623792)",1,94.05786259876491,48676
"(0.9043086298506712, 0.942491014220972)",1,94.05772091524322,48677
"(0.940074233084456, 0.9425645194066248)",1,94.05770660698572,48678
"(0.924772436620778, 0.9399624765478424)",1,94.05743350894124,48679
"(0.95, 0.9425645194066248)",1,94.05740292229376,48680
"(0.8892914653784219, 0.9474996718729491)",1,94.0573504977155,48681
"(0.8120634920634922, 0.9374683433488205)",1,94.05732583298943,48682
"(0.8020670413815576, 0.9495014245014244)",1,94.05731176191978,48683
"(0.8016677935542034, 0.9833229101521784)",1,94.0571048385288,48684
"(0.8110714507900957, 0.9440529448756316)",1,94.05703459232,48685
"(0.7443793904649157, 0.9913588351446356)",2,94.05675203362344,48687
"(0.8498641779745659, 0.9474996718729491)",1,94.0566875095194,48688
"(0.950608853052493, 0.9505232430050672)",1,94.0565469778152,48689
"(0.8536761519572441, 0.9539707149009474)",1,94.05653712867216,48690
"(0.3408529104344701, 0.9712838722838698)",4,94.05653490605977,48694
"(0.9198203842940684, 0.9505232430050672)",1,94.056002658749,48695
"(0.8869412702469182, 0.9587213599408722)",1,94.05588285755428,48696
"(0.9247290244881574, 0.9499987499687492)",2,94.0558008821324,48698
"(0.7965746171391332, 1.0)",1,94.05572033815736,48699
"(0.5708341567310015, 0.9735486410250802)",1,94.0557146988396,48700
"(0.8685023559648746, 0.9495014245014244)",1,94.05556675374912,48701
"(0.917955241105926, 0.9568045886851652)",1,94.05536872053337,48702
"(0.8110682791635173, 0.9861673414304992)",2,94.05534719173858,48704
"(0.8498641779745659, 0.9474996718729491)",2,94.05527743904344,48706
"(0.882673371045464, 1.0)",1,94.05518438356307,48707
"(0.9170904871819552, 0.9431186370412892)",1,94.05515898603286,48708
"(0.8268235294117647, 0.9524973279746984)",6,94.05510060859504,48714
"(0.8736897274633123, 0.9440529448756316)",4,94.05500781572115,48718
"(0.8885472610096672, 0.9367013269954446)",1,94.0548056312166,48719
"(0.9273504273504276, 0.9501177394034536)",1,94.05463253133442,48720
"(0.95749335833724, 0.93999399939994)",1,94.05458759985667,48721
"(0.7833537331701346, 0.9764666952752286)",1,94.0544873643156,48722
"(0.5078921924099589, 0.9958559670781892)",1,94.05447649292084,48723
"(0.8558506308506308, 0.9440529448756316)",1,94.05437616561214,48724
"(0.8935699035949664, 0.956140350877193)",1,94.05437576011246,48725
"(0.7761555341771514, 0.9374119856047568)",1,94.05434848844436,48726
"(0.542759392515396, 0.9690968282937898)",4,94.05416194864368,48730
"(0.8108441558441559, 0.9495014245014244)",1,94.05410167355556,48731
"(0.950297813353496, 0.9916585206907788)",4,94.05400400932778,48735
"(0.8491999910545297, 0.9635130137842002)",4,94.05390142964175,48739
"(0.8691891027106093, 0.9679690637004894)",1,94.05385961580092,48740
"(0.7976024137861208, 0.9436368312757202)",1,94.0536424212747,48741
"(0.8936757955372995, 0.9289986228605154)",3,94.05342928391003,48744
"(0.5394138341253634, 0.9549594635171657)",3,94.05338258665614,48747
"(0.9474970467088774, 0.9449779911964784)",1,94.0531964948923,48748
"(0.6840391909724373, 0.9690968282937898)",8,94.05307927999117,48756
"(0.9230627959463646, 0.9575126626788776)",1,94.05301844716776,48757
"(0.7011915690388763, 0.9601502499942144)",1,94.05295349792712,48758
"(0.9958292603453894, 0.9874877810361682)",4,94.05288310083802,48762
"(0.9162596992611264, 0.972045976510262)",1,94.05274288177752,48763
"(0.9665831244778612, 0.9833229101521784)",1,94.05261308145558,48764
"(0.7393955720057585, 0.9692558619740284)",1,94.0525805831781,48765
"(0.8571451992482267, 0.956140350877193)",1,94.05240706084192,48766
"(0.8224316126353314, 0.9450323339212228)",2,94.05211084676051,48768
"(0.7490894235232071, 0.9900020569514348)",2,94.05210185734478,48770
"(0.9424190267563762, 0.954995499549955)",1,94.0519170628162,48771
"(0.9262130464282252, 0.9519169817351648)",1,94.05190903482072,48772
"(0.9674564520532262, 0.991777356103732)",4,94.05171788203918,48776
"(0.7053619734494676, 0.9560315719855194)",1,94.05171202801527,48777
"(0.8292352872388802, 0.9722963866561558)",4,94.05162181877996,48781
"(0.8131546784916719, 0.9474444882407044)",1,94.05146926585428,48782
"(0.8468951683237397, 1.0)",1,94.05122717555405,48783
"(0.9008627640703112, 1.0)",1,94.05111381277592,48784
"(0.819469971224357, 0.9300671002153482)",1,94.05082179077722,48785
"(0.8462850388382304, 0.9440529448756316)",2,94.05080690692192,48787
"(0.8108441558441559, 0.9622641509433963)",1,94.05069596434284,48788
"(0.9210526315789472, 0.9473684210526316)",1,94.05060751857587,48789
"(0.939866291344124, 0.9462256234379848)",2,94.05059246982638,48791
"(0.9068661074437891, 0.9474602668267876)",1,94.05057334533748,48792
"(0.8344065656565657, 0.972420634920635)",2,94.0504998272596,48794
"(0.4037090566294931, 0.9981012669018314)",1,94.0504421105911,48795
"(0.861111111111111, 1.0)",1,94.05041468227104,48796
"(0.7820135271430143, 0.9643944553313464)",1,94.05022072393324,48797
"(0.8426192275313588, 0.9645217831584576)",4,94.0501018944592,48801
"(0.9524759409451032, 0.9474970467088774)",2,94.05006636971862,48803
"(0.7868967488760102, 0.95)",1,94.05006451343264,48804
"(0.8957538774472412, 0.947489096143569)",1,94.05005716866746,48805
"(0.9575913511472004, 0.9677353740627908)",1,94.04981079169616,48806
"(0.6395938219147543, 0.9512947499929286)",1,94.04973910658174,48807
"(0.9833040078201368, 0.9958292603453894)",1,94.04942438227852,48808
"(0.6392731808632544, 0.9495014245014244)",1,94.04941243426305,48809
"(0.8995772689779955, 0.9749656593406592)",1,94.04937545293949,48810
"(0.8297914945808617, 0.9524973279746984)",1,94.04917992870736,48811
"(0.9298245614035088, 0.9424708758809148)",1,94.0488549964918,48812
"(0.8090204369274137, 0.9764666952752286)",1,94.04875084880054,48813
"(0.8403320842836972, 0.9491363636363636)",1,94.04872680276436,48814
"(0.6447432598773244, 0.9850004688232536)",1,94.04866770971157,48815
"(0.8462850388382304, 0.9440529448756316)",1,94.04853123359894,48816
"(0.3714297821849309, 0.9736189431913116)",6,94.0484565927289,48822
"(0.5029069767441862, 0.9645985304336254)",2,94.04835924998407,48824
"(0.8831024654485521, 0.960376642453574)",1,94.04825241938362,48825
"(0.9449325423643964, 0.95749335833724)",1,94.04821292348056,48826
"(0.945600047211127, 0.9501177394034536)",1,94.0481748275689,48827
"(0.9374119856047568, 0.9549988749718742)",2,94.04816060361284,48829
"(0.6054204941400063, 0.9587517402588474)",1,94.04813937172284,48830
"(0.4667544811866356, 0.9810804591108104)",4,94.04811562599475,48834
"(0.9004206187154333, 0.9646309224447688)",1,94.0478473016564,48835
"(0.8458949964763919, 0.9539707149009474)",1,94.04782211641516,48836
"(0.8456659619450317, 0.964269276237512)",1,94.0478037726059,48837
"(0.8662655059929975, 0.9649927307623792)",1,94.0477873218672,48838
"(0.8806608357628766, 0.9609357631051972)",2,94.04778371804352,48840
"(0.8795247311963099, 0.9574285714285714)",1,94.04777633743416,48841
"(0.9323791344788114, 0.9574285714285714)",2,94.04769650725508,48843
"(0.9233339198521971, 0.9643698138596096)",1,94.04765806442656,48844
"(0.746671365914787, 0.9606593486924077)",1,94.04764880159078,48845
"(0.9460809481025116, 0.9463627709416984)",1,94.04755455264,48846
"(0.5450348040348041, 0.9992424242424244)",3,94.04754064352512,48849
"(0.8624785122675419, 0.9424823852304768)",1,94.04740820091422,48850
"(0.971023600055858, 0.9958292603453894)",1,94.04726451256629,48851
"(0.8151249335459861, 1.0)",1,94.04696686451751,48852
"(0.9288982963016116, 0.9572437766315318)",1,94.04681797827544,48853
"(0.9549718574108818, 0.9549898727213622)",2,94.04681719470284,48855
"(0.8600428777729004, 0.96)",2,94.04673770203974,48857
"(0.8694846606452272, 0.960376642453574)",1,94.0466036363508,48858
"(0.8136244723706807, 0.9643944553313464)",1,94.0465801744387,48859
"(0.8472645812528676, 0.9388917411828462)",1,94.04651753085412,48860
"(0.612332385792632, 0.960572483841182)",3,94.04649032021707,48863
"(0.6870644599303137, 0.9722222222222222)",1,94.04621960477564,48864
"(0.798857609139127, 0.964269276237512)",1,94.04620329028488,48865
"(0.5964912280701754, 0.9604782992262008)",1,94.04618103722824,48866
"(0.8074690347739995, 0.9450323339212228)",1,94.04612591684608,48867
"(0.533622350053788, 0.9449504554098688)",3,94.046084829982,48870
"(0.95749335833724, 0.9574997343733398)",2,94.0460574936124,48872
"(0.8617875180375181, 0.9440529448756316)",1,94.04564527104635,48873
"(0.8958208965097509, 0.9916585206907788)",1,94.04523174862491,48874
"(0.7344310184570442, 0.9474917955930616)",1,94.04519345245802,48875
"(0.8344065656565657, 0.972252530763169)",1,94.04507275020794,48876
"(0.6500643039705666, 0.942439249991643)",1,94.04489752796226,48877
"(0.8330958052404215, 0.9495014245014244)",1,94.0447671675944,48878
"(0.8014564052299902, 0.9499987499687492)",1,94.04472342650092,48879
"(0.7817150682100042, 0.9495014245014244)",1,94.04471572821612,48880
"(0.9298245614035088, 0.9499987499687492)",4,94.0446638421512,48884
"(0.8202279202279202, 0.9580331374974232)",1,94.04459337026732,48885
"(0.8472645812528676, 0.960851077856154)",2,94.04456557401129,48887
"(0.8978420627840789, 0.9557886530559612)",2,94.04452834758592,48889
"(0.943455134862934, 0.9572437766315318)",1,94.0444182170042,48890
"(0.6747507742934573, 1.0)",1,94.044384677563,48891
"(0.8694846606452272, 0.934795669568411)",1,94.04426447247089,48892
"(0.8602426706085242, 0.9450323339212228)",1,94.04425238086776,48893
"(0.8996408045977011, 0.9749910873440284)",1,94.0442099440248,48894
"(0.8574563460059643, 0.9474734084130092)",1,94.0441140320674,48895
"(0.7778533896115083, 0.956240913452974)",1,94.04375870408283,48896
"(0.7187807755293061, 0.972297044347892)",1,94.04351469429469,48897
"(0.8067495925637244, 0.9474996718729491)",2,94.0434485716163,48899
"(0.7243493664307722, 0.9931950632727848)",1,94.04344143415364,48900
"(0.8961282139486474, 0.9708659377729586)",1,94.04337945940809,48901
"(0.9124863259884356, 0.9574976092405196)",4,94.04321347090776,48905
"(0.8351110130322311, 0.964523301198322)",1,94.04320476811918,48906
"(0.9306013489647758, 0.9735486410250802)",3,94.04315151581334,48909
"(0.8224316126353314, 0.9440529448756316)",2,94.04311136196192,48911
"(0.8376298701298701, 0.9491363636363636)",1,94.04304636263504,48912
"(0.8991833854219174, 0.9499987499687492)",2,94.04291893782673,48914
"(0.9253213924599162, 0.9764666952752286)",1,94.04284331832832,48915
"(0.925, 0.9622641509433963)",1,94.04263373701392,48916
"(0.8770575330421131, 0.9689173579675884)",3,94.04263002227746,48919
"(0.7256862771453021, 0.9738603988603988)",3,94.0426125836776,48922
"(0.8572686362747016, 0.9516956990542454)",1,94.04253844901046,48923
"(0.8574011356980978, 0.9574976092405196)",3,94.04246805359512,48926
"(0.8376298701298701, 0.9619736581501288)",1,94.04229713299983,48927
"(0.8045672878635017, 0.9524997031231444)",1,94.04216847115345,48928
"(0.5069136832921234, 0.9385964912280702)",3,94.04209396971784,48931
"(0.8734924499861754, 0.9646309224447688)",2,94.04204653704468,48933
"(0.5209302325581396, 0.9539707149009474)",1,94.0418320921802,48934
"(0.9398496240601504, 0.9374683433488205)",1,94.04176238736504,48935
"(0.8829656107481818, 0.960572483841182)",2,94.04166425549298,48937
"(0.939055706563049, 0.9681034738761426)",1,94.04140756206988,48938
"(0.7882395382395383, 0.9293598200132946)",1,94.0409143038567,48939
"(0.9501177394034536, 0.9541744135351724)",2,94.04090609950406,48941
"(0.8843308668496638, 0.9495014245014244)",1,94.04072915938902,48942
"(0.947426067907996, 0.9449779911964784)",1,94.04051778087415,48943
"(0.7805215455557322, 0.9604782992262008)",2,94.04039656778902,48945
"(0.7736869137404373, 0.964731521366774)",1,94.04034618495558,48946
"(0.7461621541348561, 0.94328971895932)",1,94.0402349132353,48947
"(0.9068661074437891, 0.9474444882407044)",2,94.03998580364517,48949
"(0.937386905097332, 0.9524973279746984)",1,94.0398814272625,48950
"(0.9156086605607608, 0.9509789498203932)",1,94.039868909594,48951
"(0.8892914653784219, 0.9424996406227538)",2,94.03975364422836,48953
"(0.4937125269096371, 0.9947022805537984)",1,94.0395087979039,48954
"(0.8787045138421501, 0.956240913452974)",1,94.03945606228288,48955
"(0.9354654378932672, 0.9675675675675676)",1,94.03936849146058,48956
"(0.9497171590194848, 1.0)",1,94.0391497226288,48957
"(0.5005466528962331, 0.9984848484848484)",1,94.03906755785478,48958
"(0.9137091172501388, 0.9495014245014244)",1,94.0389533883612,48959
"(0.8136254234949641, 0.9388945062352544)",1,94.03881487455035,48960
"(0.8879331046312178, 0.9749656593406592)",1,94.03873946436958,48961
"(0.8224316126353314, 0.9440529448756316)",1,94.03854809023494,48962
"(0.6898614491889679, 0.951892755797645)",1,94.03839091049014,48963
"(0.8916989083023239, 0.9574285714285714)",1,94.03838744714228,48964
"(0.8060399169850845, 0.95749335833724)",1,94.0379632330932,48965
"(0.9131755270308844, 0.9509432862982196)",1,94.03789195979569,48966
"(0.2865293391016927, 0.9690968282937898)",4,94.03779938981008,48970
"(0.9497171590194846, 1.0)",1,94.03774115577812,48971
"(0.9275802828069248, 0.9538331745788698)",1,94.03764842793218,48972
"(0.7713475407179321, 0.95153153367707)",1,94.03764643139614,48973
"(0.4869710843825643, 0.9725)",1,94.03752740580197,48974
"(0.8089156509369275, 0.9440529448756316)",2,94.03740284406048,48976
"(0.614501096491228, 0.9556541264979026)",1,94.03721524708808,48977
"(0.7374768177381903, 0.9734731918335766)",2,94.03712732221676,48979
"(0.8130477958637364, 0.9606593486924077)",1,94.037078083231,48980
"(0.8736897274633123, 0.9440529448756316)",1,94.03703976463903,48981
"(0.6635227905250788, 0.964523301198322)",1,94.03695496976955,48982
"(0.8476190476190477, 1.0)",1,94.03687610280838,48983
"(0.9599749843652282, 0.9424967654430562)",2,94.0368198865448,48985
"(0.9524640509385224, 0.9298245614035088)",1,94.03673075447564,48986
"(0.833630878109023, 0.947405000281759)",1,94.03662994640308,48987
"(0.6042502004811546, 0.976761412575366)",1,94.0365191928346,48988
"(0.839627810315511, 0.960851077856154)",1,94.03637843673584,48989
"(0.9538370349708868, 0.9764666952752286)",4,94.03633637701688,48993
"(0.9122507070492478, 0.96196141192326)",1,94.0362431099691,48994
"(0.9431186370412892, 0.9353850843324528)",1,94.03622779440911,48995
"(0.9012059369202228, 0.9749910873440284)",1,94.0361669469667,48996
"(0.5029069767441862, 0.9650450950662368)",2,94.03615766268844,48998
"(0.5562558356676003, 0.972420634920635)",2,94.03603693375896,49000
"(0.8422150008452768, 0.9524854486686548)",1,94.03601849348412,49001
"(0.7323695788812067, 0.9766918866148322)",1,94.0360091141513,49002
"(0.8175446168757694, 0.972252530763169)",1,94.0359967937355,49003
"(0.8315474711586087, 0.9833211143695014)",1,94.03589098236937,49004
"(0.4743478079735079, 0.9924763771154256)",3,94.03582514932437,49007
"(0.9145191703331238, 0.9499987499687492)",3,94.03575295243266,49010
"(0.8258470464352816, 0.9607612022680516)",1,94.03564265819716,49011
"(0.8514626506510005, 0.9397510062104916)",1,94.03550140681642,49012
"(0.8791645439245395, 0.9690968282937898)",1,94.03526576203862,49013
"(0.8936757955372995, 0.940930997520722)",6,94.03525421469304,49019
"(0.8395301149279116, 0.9643944553313464)",1,94.03517389805032,49020
"(0.905854367649002, 0.9433502169051704)",1,94.03514111228304,49021
"(0.939055706563049, 0.9610899532226684)",1,94.03510536136382,49022
"(0.7392209336901576, 0.9600251550024655)",1,94.0350660738968,49023
"(0.8837179908491115, 0.9474734084130092)",1,94.03499357349172,49024
"(0.8920790698579406, 0.947035873779261)",1,94.03498320979746,49025
"(0.6458122469635628, 0.9690968282937898)",1,94.03483338526912,49026
"(0.8716376921138826, 0.9440529448756316)",1,94.03447117870256,49027
"(0.8937533848783131, 0.9538331745788698)",2,94.03443960330068,49029
"(0.8045672878635017, 0.9549988749718742)",3,94.03428424312447,49032
"(0.5312235853879125, 0.9775)",1,94.03422727739478,49033
"(0.8085259100433108, 0.972420634920635)",1,94.0341776426961,49034
"(0.917001490200517, 0.955)",3,94.03408241969773,49037
"(0.8774072892625049, 0.9549819927971188)",6,94.03406024525805,49043
"(0.9069410647702764, 0.9424708758809148)",1,94.033778082934,49044
"(0.7651777469990767, 0.9823657606833868)",1,94.03361375638433,49045
"(0.9499887474681804, 0.9424996406227538)",1,94.03357709851332,49046
"(0.8396854781762315, 0.9349414473025724)",1,94.03338851121306,49047
"(0.9665831244778612, 0.9833229101521784)",1,94.03332988283798,49048
"(0.9532701550221768, 0.95)",1,94.03318702619268,49049
"(0.8574513162639741, 0.9489093915343916)",1,94.03314729133167,49050
"(0.8045672878635017, 0.9449504554098688)",1,94.03310446411244,49051
"(0.8252422194238135, 0.9549718574108818)",2,94.03297782672556,49053
"(0.9424967654430562, 0.9524640509385224)",1,94.03295530552724,49054
"(0.7864381427049374, 0.967902932638236)",1,94.0327434310292,49055
"(0.9160323884095494, 0.946492548547343)",1,94.0324847553555,49056
"(0.8454613935969868, 0.9580331374974232)",1,94.03236118391514,49057
"(0.7304951237809453, 0.9643944553313464)",2,94.03230663907506,49059
"(0.8191170968948748, 0.9690968282937898)",3,94.03221332974388,49062
"(0.5089864109567541, 0.9984848484848484)",3,94.03218485261232,49065
"(0.9664171122994653, 0.9741748073183872)",1,94.03217910139308,49066
"(0.2184982066412125, 0.9764666952752286)",1,94.03199349628116,49067
"(0.7800511508951407, 0.9549819927971188)",1,94.03192149183104,49068
"(0.8686037591100882, 0.9540153992631536)",4,94.03143100124562,49072
"(0.9170904871819552, 0.9503333333333333)",1,94.0313925163583,49073
"(0.8229870141950848, 1.0)",1,94.0312415320118,49074
"(0.7760416666666667, 0.9549718574108818)",1,94.0310404595088,49075
"(0.8915722651940667, 0.9424708758809148)",2,94.03102291318838,49077
"(0.8915722651940667, 0.9524973279746984)",3,94.0308093970509,49080
"(0.9569233895549684, 0.960851077856154)",1,94.0307573865786,49081
"(0.5726082805748166, 0.9774970459703284)",1,94.030702639543,49082
"(0.872151605428666, 0.962470105966915)",2,94.03068726026162,49084
"(0.841184456569072, 0.9549594635171657)",1,94.03063523904233,49085
"(0.8991833854219174, 0.9549898727213622)",6,94.03057084921262,49091
"(0.5973694779116466, 0.9700016875949272)",1,94.030540175745,49092
"(0.6683490555773165, 0.9440529448756316)",1,94.0302237239044,49093
"(0.5763404630399704, 0.9424392014064856)",1,94.03011244634484,49094
"(0.8558506308506308, 0.9440529448756316)",1,94.02983278188466,49095
"(0.8898894074675324, 0.943455134862934)",1,94.0297991614665,49096
"(0.6378166586499919, 1.0)",1,94.0296733927254,49097
"(0.6879441418397356, 0.956240913452974)",3,94.02966197523328,49100
"(0.9043086298506712, 0.9399984999624992)",1,94.02965766221944,49101
"(0.4685034316109736, 0.979054054054054)",4,94.029337718947,49105
"(0.7387794573238652, 0.9436368312757202)",1,94.02925544235596,49106
"(0.9715593185206444, 0.9680383516315252)",2,94.02923807531424,49108
"(0.9373586654890096, 0.9524854486686548)",3,94.0291993177052,49111
"(0.8183621933621934, 0.9580331374974232)",1,94.02907004959803,49112
"(0.5922908221721781, 0.9762406035613812)",1,94.0289935913072,49113
"(0.9196060697417344, 0.9574976092405196)",2,94.02892568444584,49115
"(0.7453091184935634, 0.9690057499955)",2,94.02879376931747,49117
"(0.8799206023655463, 0.972972281976928)",2,94.02861891773186,49119
"(0.5864263954025575, 0.9473684210526316)",1,94.02851518833242,49120
"(0.3929204539802519, 0.9977203590215908)",1,94.0283389999491,49121
"(0.8170562809603257, 0.9474970467088774)",2,94.02825276483364,49123
"(0.8221762134805614, 0.972045976510262)",2,94.02815943552436,49125
"(0.9017715617715616, 0.9861673414304992)",1,94.0281587999161,49126
"(0.7578328648096089, 0.9764666952752286)",1,94.02806599272589,49127
"(0.9566795633209296, 0.9532701550221768)",1,94.02783446949496,49128
"(0.8420013166556946, 1.0)",1,94.0275556749296,49129
"(0.7731997731997731, 0.9499887474681804)",2,94.02736000402852,49131
"(0.70721819788673, 0.991363107147397)",1,94.02721855813742,49132
"(0.6052212368618619, 0.9962083041162626)",3,94.02719484643116,49135
"(0.957036102484472, 0.9643698138596096)",1,94.02705943290992,49136
"(0.7713401051412279, 1.0)",1,94.0270576451998,49137
"(0.926397848615755, 0.9564180337206656)",1,94.02702691739792,49138
"(0.7213157894736841, 0.9495014245014244)",1,94.0268733126789,49139
"(0.7976364522417154, 0.9736189431913116)",1,94.0268079970084,49140
"(0.9624885121068328, 0.9574784734771978)",1,94.02680653726432,49141
"(0.9002005347593582, 0.9622641509433963)",1,94.02673128891372,49142
"(0.9082051469489508, 0.942439249991643)",1,94.02672775947312,49143
"(0.4990204708059675, 0.9992416608232524)",1,94.0266114328395,49144
"(0.8572686362747016, 0.956140350877193)",3,94.0264531134944,49147
"(0.8096434622047096, 0.945)",2,94.02643803469331,49149
"(0.978621888315766, 0.9383467201726106)",1,94.02630169926834,49150
"(0.9610153569597296, 0.95)",1,94.02624065736649,49151
"(0.620130835563485, 0.9646309224447688)",1,94.02619940310132,49152
"(0.7168719671519223, 0.964731521366774)",1,94.0260626296197,49153
"(0.947426067907996, 0.942491014220972)",2,94.02593516438456,49155
"(0.5168441409023035, 0.9289986228605154)",5,94.0257130639384,49160
"(0.8090208511560183, 0.9638493584874736)",4,94.02555216640842,49164
"(0.8029538767243686, 0.9450323339212228)",1,94.02550756522928,49165
"(0.9429917021753756, 0.9540153992631536)",1,94.02539989512212,49166
"(0.614501096491228, 0.964731521366774)",1,94.02539777540184,49167
"(0.485879976270526, 0.9977226779352056)",1,94.02539291816964,49168
"(0.7709217005509239, 0.9450323339212228)",2,94.0252068595872,49170
"(0.8451478848040399, 0.972045976510262)",1,94.0251910142178,49171
"(0.7602379596828609, 0.9749910873440284)",2,94.02514715515647,49173
"(0.9162596992611264, 0.972420634920635)",1,94.02496865097004,49174
"(0.3300110741971206, 0.9538370349708868)",1,94.0249502221486,49175
"(0.6591398510479036, 0.9672285215904132)",4,94.02491355129612,49179
"(0.78926267636401, 0.9424996406227538)",1,94.02486641963227,49180
"(0.6947170805612278, 0.9646309224447688)",1,94.02454866294832,49181
"(0.8829656107481818, 0.942439249991643)",1,94.02453516851956,49182
"(0.7923306301473605, 0.9764666952752286)",1,94.024251773118,49183
"(0.788501353718745, 0.9474996718729491)",3,94.02414863228204,49186
"(0.9004206187154333, 0.9691818330194464)",1,94.02414310939172,49187
"(0.8796475392220073, 0.9833229101521784)",1,94.02413434655251,49188
"(0.5169410170491575, 0.9909716525385106)",3,94.0241266389014,49191
"(0.8978420627840789, 0.9560315719855194)",1,94.02405497775575,49192
"(0.5452310701354139, 0.9943323414238006)",3,94.02396087195068,49195
"(0.3592666181139386, 0.9275486084635912)",1,94.02379122967557,49196
"(0.9298245614035088, 0.9474996718729491)",2,94.02371264443516,49198
"(0.8307565789473685, 0.9646309224447688)",1,94.02365405197774,49199
"(0.9599989999749994, 0.95)",3,94.02362420228248,49202
"(0.5678747591522157, 0.987497889556588)",1,94.02342866619688,49203
"(0.6677355095225639, 0.9927369512796198)",1,94.0234088834899,49204
"(0.8796475392220073, 0.9833229101521784)",2,94.0233580982477,49206
"(0.8285118282046853, 0.9549988749718742)",1,94.02333765966397,49207
"(0.7472307467415887, 0.9767441860465116)",1,94.02315981485224,49208
"(0.3593082318976406, 0.970267011955842)",4,94.02307102821794,49212
"(0.5192654074004637, 0.9665231520307044)",4,94.02304184396884,49216
"(0.8455704732698088, 0.972045976510262)",1,94.02279756472625,49217
"(0.798089617146851, 0.9574976092405196)",6,94.0227940480116,49223
"(0.8297320821606234, 0.9374683433488205)",1,94.02278351701796,49224
"(0.6484274819632211, 0.9661433443690502)",1,94.0227768525866,49225
"(0.9303715638302106, 1.0)",2,94.0227420728457,49227
"(0.8350431397306397, 0.9580331374974232)",2,94.02264020821032,49229
"(0.8558506308506308, 0.9293598200132946)",4,94.022608403042,49233
"(1.0, 1.0)",1,94.02259449413148,49234
"(0.8680947159565582, 0.9735486410250802)",1,94.02235165817144,49235
"(0.8399999999999999, 0.9524854486686548)",1,94.02232797844208,49236
"(0.7923306301473605, 0.951892755797645)",1,94.02230676179865,49237
"(0.954995499549955, 0.9549988749718742)",1,94.02208997524087,49238
"(0.8417410714285716, 0.9749656593406592)",1,94.02194178301178,49239
"(0.4634763035367396, 0.9549988749718742)",1,94.02163916756552,49240
"(0.5626274989800081, 0.9764666952752286)",1,94.021168219386,49241
"(0.7090909090909091, 1.0)",1,94.02112535566438,49242
"(0.7962397203531956, 0.9440529448756316)",2,94.02096166054643,49244
"(0.8231120738827542, 0.95)",1,94.02088408658577,49245
"(0.5466837142306626, 0.9861673414304992)",2,94.02077523820032,49247
"(0.9677353740627908, 0.94206422624554)",1,94.02077175559842,49248
"(0.5901140084986851, 0.944998624965624)",1,94.02070116194984,49249
"(0.6141682785299807, 0.9450017187607423)",1,94.02066541430064,49250
"(0.947426067907996, 0.9424967654430562)",3,94.02032954658962,49253
"(0.8623077787842691, 0.9575126626788776)",1,94.0202858754198,49254
"(0.7851227464298004, 0.9695893187708255)",4,94.02007322721698,49258
"(0.826908968957639, 0.9601502499942144)",1,94.02003890717556,49259
"(0.9449656035021888, 0.9424996406227538)",1,94.01997428756609,49260
"(0.9449325423643964, 0.9599989999749994)",1,94.0199616861503,49261
"(0.843845350684385, 0.95339554031292)",1,94.01983177334768,49262
"(0.6933160650937552, 0.9764666952752286)",1,94.01974369550904,49263
"(0.6702803520428978, 0.9648252575884156)",1,94.0195584640956,49264
"(0.8119193608324042, 0.9580331374974232)",1,94.0195572468549,49265
"(0.7781407751391581, 0.9662114959815624)",4,94.0195509330948,49269
"(0.8902783631946863, 0.9861673414304992)",1,94.0194946392046,49270
"(0.4827246972385666, 0.964269276237512)",1,94.01942335090791,49271
"(0.9064143587480232, 0.9509789498203932)",1,94.0193695531824,49272
"(0.8883678678403513, 0.972252530763169)",1,94.01924576484328,49273
"(0.9283935041407868, 0.939358221686989)",1,94.01915454102124,49274
"(0.949938674876724, 0.9574869803877438)",1,94.01911441607454,49275
"(0.419237903544084, 0.9984878738761844)",3,94.01911185215592,49278
"(0.8137107474568775, 0.9572437766315318)",1,94.01906777785192,49279
"(0.8224316126353314, 0.9440529448756316)",1,94.01900085647308,49280
"(0.3937681915859065, 0.9648252575884156)",2,94.01882259285952,49282
"(0.9432380952380952, 0.946730586052542)",1,94.01852570955616,49283
"(0.987463247273494, 0.9831777451938742)",2,94.01840134978151,49285
"(0.8139831183309444, 0.9424392014064856)",1,94.01840078975194,49286
"(0.987463247273494, 0.9094878234157172)",1,94.01828074298548,49287
"(0.4042620013682356, 0.9690057499955)",1,94.0182136257953,49288
"(0.8750020493421985, 0.9515714518877016)",1,94.01802282633976,49289
"(0.843845350684385, 0.9607612022680516)",1,94.01787057531072,49290
"(0.9153439153439152, 1.0)",2,94.01781723563975,49292
"(0.4822651515151516, 0.9965891940652114)",2,94.0177452858611,49294
"(0.8273694481451597, 0.9499987499687492)",1,94.01774125820148,49295
"(0.8941425546930134, 0.9449504554098688)",1,94.01765518765372,49296
"(0.9833080808080809, 0.9874877810361682)",4,94.01753890223348,49300
"(0.8499431760854415, 0.9702661163973922)",1,94.01753080713152,49301
"(0.9373666512059368, 0.9749910873440284)",1,94.0171800189804,49302
"(0.7453091184935634, 0.9690057499955)",1,94.01691588554677,49303
"(0.8224316126353314, 0.9440529448756316)",3,94.01682262186564,49306
"(0.5536430525672695, 0.9538370349708868)",1,94.01680281845526,49307
"(0.7933030177759403, 0.94999499949995)",1,94.01679629041249,49308
"(0.8491999910545297, 0.971959347445169)",2,94.0167090968738,49310
"(0.4685034316109736, 0.9692376899086842)",1,94.01667171530733,49311
"(0.8809938281373634, 0.9524973279746984)",1,94.01631822170646,49312
"(0.9422394177612392, 0.9572437766315318)",1,94.01600829941478,49313
"(0.819469971224357, 0.9440529448756316)",1,94.01592740357292,49314
"(0.6496041991771884, 0.9734731918335766)",1,94.01588649682276,49315
"(0.8517341550708587, 0.943189758511236)",1,94.01571578196362,49316
"(0.8810064268049709, 0.956140350877193)",1,94.01562215343256,49317
"(0.8428883536673643, 0.9604782992262008)",1,94.01558688612737,49318
"(0.8695047001707931, 0.9491363636363636)",1,94.01538350319952,49319
"(0.9599959995999598, 0.9574869803877438)",1,94.01536010725552,49320
"(0.8139831183309444, 0.9474970467088774)",1,94.01531829996244,49321
"(0.8131546784916719, 0.9348370927318296)",1,94.01510178537042,49322
"(0.6886904761904762, 1.0)",1,94.01507931771468,49323
"(0.8148308968977662, 0.9861673414304992)",2,94.01502981833104,49325
"(0.8329339143064635, 0.972252530763169)",1,94.0149946462012,49326
"(0.8474214220323468, 0.9549819927971188)",1,94.0147766178704,49327
"(0.8089156509369275, 0.9440529448756316)",1,94.01459089223164,49328
"(0.9524640509385224, 0.9173134384454926)",1,94.01439533696912,49329
"(0.8045672878635017, 0.9574976092405196)",1,94.01425776896026,49330
"(0.8976982097186702, 1.0)",1,94.01419530624062,49331
"(0.8672602388063438, 0.9549718574108818)",2,94.01410628249648,49333
"(0.7817150682100042, 0.9495014245014244)",1,94.01403079020469,49334
"(0.7280701754385965, 0.9780434995701116)",1,94.0140082360926,49335
"(0.9677353740627908, 0.9568045886851652)",1,94.01394902752143,49336
"(0.9068661074437891, 0.9574976092405196)",1,94.01385605049256,49337
"(0.8888888888888888, 0.944998624965624)",1,94.01348841731958,49338
"(0.7026153868908955, 0.9568045886851652)",1,94.0133015642678,49339
"(0.9019848076451852, 0.9449779911964784)",1,94.01310661502797,49340
"(0.902192297684101, 0.9861310021084456)",2,94.01307855482106,49342
"(0.833630878109023, 0.9524640509385224)",2,94.01303128355131,49344
"(0.7075825156110616, 0.9823657606833868)",1,94.01288088087529,49345
"(0.8898894074675324, 0.9501177394034536)",1,94.01267837342516,49346
"(0.7497774934022918, 0.9539707149009474)",1,94.01267806525048,49347
"(0.7280701754385965, 0.960267350663444)",1,94.01264052908076,49348
"(0.7864381427049374, 0.9709449908832852)",3,94.01261188602994,49351
"(0.92008547008547, 0.9431186370412892)",1,94.01254462450468,49352
"(0.7871012248777423, 0.9643944553313464)",1,94.012362206243,49353
"(0.6786367717848486, 0.9474444882407044)",1,94.01229389938734,49354
"(0.5187734941865547, 0.972281746031746)",1,94.01211782140206,49355
"(0.84470156948104, 0.9388945062352544)",1,94.01138611510883,49356
"(0.8380110689610939, 0.9440529448756316)",2,94.0113458056646,49358
"(0.925, 0.9495014245014244)",1,94.0113019789286,49359
"(0.925, 0.9622641509433963)",1,94.01120584009026,49360
"(0.8855699370755157, 0.9569233895549684)",1,94.01109642680257,49361
"(0.8330958052404215, 0.9495014245014244)",1,94.010996314345,49362
"(0.7852506868131869, 0.9537330920118182)",2,94.01090644198707,49364
"(0.9153439153439156, 0.9833229101521784)",1,94.010857715566,49365
"(0.8716376921138826, 0.9440529448756316)",1,94.01081650114278,49366
"(0.8353823801019199, 0.9535144014828052)",1,94.01069757129795,49367
"(0.7604228876645498, 0.9495014245014244)",1,94.01065655474,49368
"(0.8650180064096209, 0.9779263059241357)",1,94.0105466476576,49369
"(0.8777335856148074, 0.9780434995701116)",1,94.0104781325322,49370
"(0.9198203842940684, 0.9571428571428572)",1,94.01035993927076,49371
"(0.8740662931839402, 0.9580331374974232)",2,94.0102483020797,49373
"(0.8888888888888888, 0.9441468253968254)",1,94.01022207541897,49374
"(0.922324745206372, 0.9549988749718742)",1,94.01017751074168,49375
"(0.8297914945808617, 0.9474734084130092)",1,94.01010757361156,49376
"(0.3974337753332183, 0.9992424242424244)",3,94.0100682090052,49379
"(0.9198203842940684, 0.9540153992631536)",1,94.00996348129846,49380
"(0.7462971759081929, 0.9868014029360272)",2,94.00996205038712,49382
"(0.7371074312749817, 1.0)",1,94.00974272858222,49383
"(0.9309821833269412, 0.9766918866148322)",1,94.0096519807188,49384
"(0.8633407843934159, 0.9563334234338596)",1,94.00958582803648,49385
"(0.3967398280066743, 0.93999399939994)",1,94.0095827099743,49386
"(0.9068661074437891, 0.9449325423643964)",1,94.00947761881868,49387
"(0.8131835341697149, 0.964269276237512)",1,94.00946387850132,49388
"(0.8771934243211048, 0.9572437766315318)",1,94.00945299226336,49389
"(0.7602379596828609, 0.9749910873440284)",1,94.0094505646884,49390
"(0.8774072892625049, 0.9549819927971188)",1,94.00931085396022,49391
"(0.8399999999999999, 0.9524973279746984)",1,94.0093103142769,49392
"(0.8258470464352816, 0.943455134862934)",1,94.00930982753138,49393
"(0.8740662931839402, 0.9293598200132946)",1,94.00917129851406,49394
"(0.8420013166556946, 1.0)",1,94.00908054404567,49395
"(0.946730586052542, 0.960851077856154)",1,94.0088510407936,49396
"(0.8871966240387292, 0.972420634920635)",1,94.00870653477718,49397
"(0.6961664979757085, 0.9440529448756316)",2,94.00865554005476,49399
"(0.8029538767243686, 0.9440529448756316)",1,94.00828408977064,49400
"(0.8416148121906113, 0.9649927307623792)",3,94.0082240485023,49403
"(0.92008547008547, 0.9643698138596096)",1,94.00796810938604,49404
"(0.5224438914023056, 0.9539707149009474)",1,94.00791841512664,49405
"(0.9474917955930616, 0.9374683433488205)",1,94.00781971641256,49406
"(0.9261858974358974, 0.9619736581501288)",1,94.00763175498317,49407
"(0.869254101161996, 0.9649927307623792)",3,94.00761303280352,49410
"(0.9474444882407044, 0.95749335833724)",3,94.00755352416772,49413
"(0.8796475392220073, 1.0)",1,94.00739705709442,49414
"(0.9539272400433172, 0.9535144014828052)",2,94.0073106035318,49416
"(0.9160323884095494, 0.957036102484472)",1,94.00722209936598,49417
"(0.7294281157362763, 1.0)",1,94.00705902383082,49418
"(0.9876221896383188, 0.983545503234046)",1,94.0069793047376,49419
"(0.8236214810281519, 0.9619736581501288)",2,94.00689723873175,49421
"(0.7599364993320813, 0.9474996718729491)",1,94.00684537192367,49422
"(0.90224161204236, 0.9861310021084456)",2,94.00670085260089,49424
"(0.8662285714285716, 0.9469408453036384)",1,94.00669429722323,49425
"(0.8587195484254307, 0.9861310021084456)",1,94.006628331053,49426
"(0.9524973279746984, 0.944998624965624)",1,94.0065660798215,49427
"(0.8835857110930401, 0.988167361639188)",1,94.0065586518244,49428
"(0.9373586654890096, 0.9524331090596152)",2,94.00652479761212,49430
"(0.8645256232686982, 0.9515714518877016)",1,94.0065097043214,49431
"(0.829593594810986, 0.9743589743589745)",3,94.00630090917826,49434
"(0.9384174012481092, 0.9873444118605408)",1,94.00594637531135,49435
"(0.7394745529782975, 0.9726350258199842)",4,94.0059455634791,49439
"(0.8705155862492784, 0.9709423376431572)",1,94.00589424215867,49440
"(0.8438719750195159, 0.9574997343733398)",1,94.00587147484056,49441
"(0.8610715260301386, 0.9538370349708868)",2,94.00581678222912,49443
"(0.8431623931623932, 1.0)",1,94.00568876090804,49444
"(0.7127034737372042, 0.9574976092405196)",1,94.00539674711392,49445
"(0.7866204373351484, 0.9502288074111276)",1,94.00539265580872,49446
"(0.8208353559736048, 0.9861673414304992)",2,94.00528614156926,49448
"(0.754604317214126, 0.951892755797645)",1,94.00523932256748,49449
"(0.8138306443491046, 0.9580331374974232)",1,94.00509175978004,49450
"(0.8651322276720679, 0.947405000281759)",2,94.0050787923082,49452
"(0.7882395382395383, 0.9440529448756316)",4,94.00507320264616,49456
"(0.8920790698579406, 0.9538331745788698)",2,94.00492049750132,49458
"(0.8029538767243686, 0.9440529448756316)",1,94.0045781344764,49459
"(0.8543547774492897, 0.9580331374974232)",1,94.00443994281166,49460
"(0.9643698138596096, 0.9642857142857144)",3,94.00443812740694,49463
"(0.8736897274633123, 0.9450323339212228)",1,94.00428958409408,49464
"(0.950431439792024, 0.9609357631051972)",1,94.00419151992708,49465
"(0.8003236732894304, 0.960851077856154)",3,94.00417259911436,49468
"(0.4423707251851418, 0.9581458989353726)",1,94.00410289609742,49469
"(0.8959020234471636, 0.9470972820501607)",1,94.00404711970432,49470
"(0.789994229453279, 0.9861673414304992)",1,94.00403999216984,49471
"(0.8898894074675324, 0.9574285714285714)",1,94.0039932087132,49472
"(0.8389313963994772, 0.9679016576456508)",4,94.00395675806962,49476
"(0.8003236732894304, 0.9536268754076972)",1,94.0038664523197,49477
"(0.7677237478025478, 0.9645011010137072)",2,94.00384840673097,49479
"(0.9680383516315252, 0.9568045886851652)",1,94.00382882799016,49480
"(0.869750601552687, 0.9277992722015492)",1,94.0035851799894,49481
"(0.8645256232686982, 0.9515714518877016)",1,94.0034868825866,49482
"(0.843730230395311, 0.951892755797645)",1,94.00333027503946,49483
"(0.9069410647702764, 0.9474970467088774)",1,94.00328649766254,49484
"(0.719171389486027, 0.9388945062352544)",1,94.00322889819628,49485
"(0.8219056507099984, 0.9440529448756316)",1,94.00311033764817,49486
"(0.8879787907565686, 0.9440529448756316)",1,94.00279660708136,49487
"(0.8600428777729004, 0.9574976092405196)",4,94.00276992006872,49491
"(0.9172008547008548, 0.9861673414304992)",2,94.002641310908,49493
"(0.779286067193676, 0.9749910873440284)",1,94.00255628548938,49494
"(0.8876281048778143, 0.9607612022680516)",3,94.00241782280968,49497
"(0.940074233084456, 0.960851077856154)",2,94.00235371083596,49499
"(0.94999499949995, 0.94)",3,94.00233046426634,49502
"(0.8228052921446022, 0.9747507916611692)",1,94.00224660168942,49503
"(0.9068661074437891, 0.9524854486686548)",1,94.00220348897176,49504
"(0.8552744708994707, 0.986081059422206)",1,94.0021947497115,49505
"(0.9524759409451032, 0.9424996406227538)",1,94.00202942735666,49506
"(0.7392209336901576, 0.960376642453574)",1,94.00176161532846,49507
"(0.6635227905250788, 0.9604782992262008)",1,94.00168264667307,49508
"(0.888945374800638, 0.9749656593406592)",1,94.00167581128652,49509
"(0.865581803207783, 0.960267350663444)",1,94.00135474257766,49510
"(0.8777335856148074, 0.969334154098697)",2,94.00132621653157,49512
"(0.8324747264921755, 0.9559144017084672)",1,94.00067175754256,49513
"(0.7933030177759403, 0.9524925769651508)",1,94.00067006645342,49514
"(0.7344310184570442, 0.954995499549955)",1,94.0004401398882,49515
"(0.5209302325581396, 0.9539707149009474)",1,94.00036904058858,49516
"(0.7962397203531956, 0.9440529448756316)",1,94.0003224052136,49517
"(0.8010054664946871, 0.9861673414304992)",2,94.00031779404556,49519
"(0.9524640509385224, 0.9324489144915842)",3,94.0001180766804,49522
"(0.7497774934022918, 0.943189758511236)",1,93.9999604673446,49523
"(0.8860074211502783, 0.9505232430050672)",1,93.99994978047526,49524
"(0.6809855026116619, 0.9749910873440284)",2,93.9998474467698,49526
"(0.8594059903090558, 0.9449876222149984)",1,93.99983632598668,49527
"(0.6286775855084206, 0.9549980312376952)",1,93.9998206867269,49528
"(0.9326599326599326, 1.0)",1,93.999695384052,49529
"(0.9206165335472736, 0.9622824066087824)",1,93.99958461888482,49530
"(0.8890425386169811, 0.9607612022680516)",1,93.9994349507904,49531
"(0.8782467532467533, 0.9374996093725584)",1,93.9993593514777,49532
"(0.94484126984127, 0.958123377614903)",1,93.99914072539092,49533
"(0.6961664979757085, 0.9440529448756316)",1,93.99911594989727,49534
"(0.8085259100433108, 0.972252530763169)",1,93.99892018399362,49535
"(0.954995499549955, 0.9474996718729491)",1,93.99875482362062,49536
"(0.9069410647702764, 0.9574976092405196)",1,93.99860771241202,49537
"(0.9072982531347122, 0.9396371070789676)",4,93.99851940405732,49541
"(0.9148957472904308, 0.944911858974359)",1,93.99850109325048,49542
"(0.7213157894736841, 0.9495014245014244)",1,93.99844117877808,49543
"(0.8567210567210567, 0.9861673414304992)",2,93.99833780114103,49545
"(0.4015189621923474, 0.9777002589668812)",4,93.9983185656596,49549
"(0.9958292603453894, 0.9916585206907788)",1,93.99809195441784,49550
"(0.7932043650793651, 0.9497439544807966)",1,93.99803096817,49551
"(0.7817150682100042, 0.9495014245014244)",1,93.99801012912197,49552
"(0.7907680396814234, 0.9668877801049932)",4,93.99797089279424,49556
"(0.876112115732369, 0.9459285785969274)",2,93.99796803018135,49558
"(0.9524854486686548, 0.9399264098520688)",1,93.99784149943407,49559
"(0.912705831903945, 0.9495014245014244)",2,93.99780598744069,49561
"(0.8045672878635017, 0.9399624765478424)",1,93.9978049998527,49562
"(0.4525211933060535, 0.9984833216465048)",1,93.9977867162781,49563
"(0.8404355452872972, 0.972045976510262)",1,93.9977863542569,49564
"(0.9020800849800285, 0.9574285714285714)",1,93.99757244763124,49565
"(0.9326599326599326, 1.0)",1,93.99748082483748,49566
"(0.9599959995999598, 0.9649921232277262)",1,93.99745837067604,49567
"(0.6215073982652175, 0.9882048106149588)",1,93.99743286475444,49568
"(0.9282056492582808, 0.9574285714285714)",1,93.997334763473,49569
"(0.8359911406423035, 0.9396371070789676)",1,93.99704164625906,49570
"(0.8902783631946863, 0.9861673414304992)",1,93.99693946269436,49571
"(0.7190044489213464, 0.960572483841182)",6,93.99680304568317,49577
"(0.9373586654890096, 0.9474734084130092)",1,93.99650135578564,49578
"(0.9449325423643964, 0.9474996718729491)",1,93.99638516456044,49579
"(0.9272595017275868, 0.9524997031231444)",1,93.99635601947811,49580
"(0.9110813074094206, 0.9764666952752286)",1,93.99628089912112,49581
"(0.6702803520428978, 0.9690968282937898)",1,93.99616728324185,49582
"(0.8160331384015596, 0.9736189431913116)",1,93.99614571129132,49583
"(0.8623422286332492, 0.9491363636363636)",1,93.99582453285066,49584
"(0.8424416071338096, 0.9580331374974232)",1,93.99578930554829,49585
"(0.95, 0.9644491481508056)",1,93.99576498425094,49586
"(0.8594436844505243, 0.9643944553313464)",1,93.99562596418434,49587
"(0.9280076478086086, 0.9538331745788698)",1,93.9955601390085,49588
"(0.5763404630399704, 0.9474996718729491)",1,93.99529426033357,49589
"(0.5763404630399704, 0.9499799919967988)",1,93.99509932824496,49590
"(0.8886526976414618, 0.927488670104704)",1,93.99504309025066,49591
"(0.9499887474681804, 0.9474970467088774)",1,93.99502246630344,49592
"(0.9609357631051972, 0.957036102484472)",1,93.99478842953889,49593
"(0.8391399552284038, 0.941454716296154)",1,93.99458407224677,49594
"(0.9524640509385224, 0.934959349593496)",1,93.9945369522594,49595
"(0.96, 0.9449944994499452)",1,93.99449142123278,49596
"(0.7118798171565847, 0.9528125324922884)",1,93.9944452520767,49597
"(0.8586166985951469, 0.9861310021084456)",1,93.994386212847,49598
"(0.5167206104706105, 0.9678783659062412)",2,93.9941499703387,49600
"(0.9574285714285714, 0.9346153846153848)",2,93.99412108601923,49602
"(0.6858874098209818, 0.9945453348815454)",1,93.99398853664108,49603
"(0.9422585572257836, 0.9557886530559612)",2,93.99394776952872,49605
"(0.9599749843652282, 0.959983993597439)",1,93.99387646858754,49606
"(0.9599749843652282, 0.959983993597439)",1,93.99387009063804,49607
"(0.8543547774492897, 0.9436368312757202)",1,93.9938065196684,49608
"(0.9494594905410846, 0.960666032023912)",3,93.99375574797838,49611
"(0.9145191703331238, 0.9474917955930616)",1,93.99374279711792,49612
"(0.8882276632843848, 0.9861673414304992)",1,93.99363789593392,49613
"(0.8334507869391591, 0.9643944553313464)",1,93.99345664371344,49614
"(0.6414869944621582, 0.9824956222639148)",1,93.99321918662578,49615
"(0.863519546228977, 0.9690968282937898)",1,93.99312899704678,49616
"(0.8740662931839402, 0.9440529448756316)",1,93.99304062633291,49617
"(0.5816693792141362, 0.9289986228605154)",3,93.99295864635424,49620
"(0.7330648874663779, 0.9556541264979026)",1,93.99284259050386,49621
"(0.9474917955930616, 0.9424967654430562)",1,93.99280848802849,49622
"(0.9069410647702764, 0.9424996406227538)",1,93.9927525788336,49623
"(0.9132516862059696, 0.9559144017084672)",1,93.99235643842626,49624
"(0.9469408453036384, 0.9432380952380952)",1,93.99231276357476,49625
"(0.861111111111111, 0.9833229101521784)",1,93.9922904503335,49626
"(0.8395301149279116, 0.9764666952752286)",1,93.9922137191077,49627
"(0.8432844932844933, 0.9440529448756316)",1,93.9920280415407,49628
"(0.9323791344788114, 0.9503333333333333)",1,93.99183562259628,49629
"(0.8267756716773511, 0.9690968282937898)",1,93.99173266606532,49630
"(0.9350193449813944, 0.943455134862934)",1,93.99164735622628,49631
"(0.8458807849973786, 0.9499687304565354)",2,93.99162893155952,49633
"(0.8258152104305951, 0.9549819927971188)",2,93.99159840283212,49635
"(0.859079950617616, 0.9459285785969274)",1,93.99146368166664,49636
"(0.4958269460057912, 0.9524997031231444)",1,93.99143891487064,49637
"(0.8014549180327869, 0.9622641509433963)",1,93.99136766435063,49638
"(0.8627397499800719, 0.956140350877193)",1,93.99126868870916,49639
"(0.5005466528962331, 0.9988619159967322)",3,93.99123207936044,49642
"(0.6816032713898568, 0.9619736581501288)",1,93.99116096253168,49643
"(0.8360613745229131, 0.9599909979745442)",1,93.99115088383304,49644
"(0.8310457516339869, 0.9646471322611444)",1,93.99100263755238,49645
"(0.9132516862059696, 0.964523301198322)",1,93.99087511330148,49646
"(0.7725182451236846, 0.9764666952752286)",1,93.99084209810329,49647
"(0.685541383296858, 0.9682431562541598)",1,93.99076256646308,49648
"(0.7087692805522597, 0.9424967654430562)",1,93.9903549783363,49649
"(0.8350431397306397, 0.9440529448756316)",1,93.99034986014786,49650
"(0.8417410714285716, 0.9749656593406592)",1,93.99028260869144,49651
"(0.8384307029790694, 0.967229194871557)",1,93.99015961139791,49652
"(0.9171764705882351, 0.942491014220972)",1,93.99005592663296,49653
"(0.835943054212425, 0.9691818330194464)",3,93.99002722973528,49656
"(0.6911324786324786, 0.972045976510262)",2,93.99002657883288,49658
"(0.3892988407371969, 0.9766874727622072)",4,93.98987340949824,49662
"(0.7073334452089277, 0.9423959526895456)",1,93.98987217170288,49663
"(0.617608039964183, 0.986245936653225)",1,93.98969064804288,49664
"(0.8885908209437621, 0.9536268754076972)",1,93.98960054834755,49665
"(0.8736897274633123, 0.9450323339212228)",1,93.9895400411938,49666
"(0.8176857647247633, 0.9574869803877438)",3,93.98952815451634,49669
"(0.6500643039705666, 0.9779263059241357)",1,93.98942271533387,49670
"(0.9225446428571428, 0.9749656593406592)",2,93.98928736603808,49672
"(0.8651322276720679, 0.9574869803877438)",3,93.98912472757682,49675
"(0.9326628892940788, 0.9574285714285714)",1,93.98906420903216,49676
"(0.7101858663902063, 0.9539707149009474)",1,93.98888456290068,49677
"(0.8321429246263439, 0.9440529448756316)",1,93.9886611510349,49678
"(0.9098809643282124, 0.9502288074111276)",1,93.98865949063752,49679
"(0.97934925289764, 0.987463247273494)",2,93.98858426053332,49681
"(0.8472645812528676, 0.943455134862934)",1,93.988363662666,49682
"(0.9132516862059696, 0.9557886530559612)",1,93.98831889940374,49683
"(0.9468391231269042, 0.946730586052542)",1,93.98818431215076,49684
"(0.8306479779411763, 0.9749910873440284)",1,93.98804945731445,49685
"(0.9432380952380952, 0.9357142857142856)",1,93.98801970135256,49686
"(0.9029281534808432, 0.9861673414304992)",2,93.98792989167464,49688
"(0.8957538774472412, 0.9736189431913116)",1,93.98784686295532,49689
"(0.5487040682414698, 0.9981051078140064)",1,93.98779777931594,49690
"(0.927168159928675, 0.94)",2,93.9877856778554,49692
"(0.924772436620778, 0.9424708758809148)",1,93.9877641805366,49693
"(0.9499887474681804, 0.9374964841772352)",1,93.9876483688457,49694
"(0.9288982963016116, 0.9568045886851652)",1,93.98762112899914,49695
"(0.917283950617284, 0.9861673414304992)",1,93.98737288605312,49696
"(0.8143540514876735, 0.960376642453574)",1,93.98729040408566,49697
"(0.7976968565203859, 0.945)",1,93.987221529398,49698
"(0.954995499549955, 0.9424996406227538)",3,93.9871424023508,49701
"(0.4958269460057912, 0.94999499949995)",3,93.98711805473393,49704
"(0.8490208544183524, 0.972281746031746)",1,93.98684038035243,49705
"(0.8171936889795594, 0.9516956990542454)",1,93.9867636952573,49706
"(0.6710165002065562, 0.951892755797645)",1,93.98672907496004,49707
"(0.8112275321577646, 0.9764666952752286)",1,93.98664609436936,49708
"(0.7820135271430143, 0.9643944553313464)",1,93.98659498794908,49709
"(0.6648539670993949, 0.990892358986088)",1,93.9864149637796,49710
"(0.911577306111922, 0.9509789498203932)",1,93.98622049501743,49711
"(0.9392111404005912, 0.9540153992631536)",3,93.98606963545411,49714
"(0.8493268538892306, 0.956240913452974)",1,93.9860424763434,49715
"(0.9349739895958384, 0.9424823852304768)",2,93.98593272641588,49717
"(0.7497774934022918, 0.9539707149009474)",1,93.98589393995432,49718
"(0.8741696772871107, 0.9580331374974232)",1,93.98580296641228,49719
"(0.9379369827374928, 0.952999227799228)",1,93.98575752236404,49720
"(0.9431186370412892, 0.9387190557431844)",1,93.9857318559188,49721
"(0.9124863259884356, 0.9549898727213622)",1,93.98563103774448,49722
"(0.4262114190232983, 0.945)",1,93.98523549092484,49723
"(0.7760416666666667, 0.9574784734771978)",1,93.98512118608768,49724
"(0.8600428777729004, 0.9549898727213622)",3,93.98510843302934,49727
"(0.8582784583501945, 0.9580331374974232)",1,93.984982182203,49728
"(0.8723247367948496, 0.947489096143569)",1,93.98490819637448,49729
"(0.4859247782423509, 0.9775011250281256)",1,93.98477842763168,49730
"(0.949954959463517, 0.9499799919967988)",1,93.9847225591875,49731
"(0.8968435471383478, 0.9505232430050672)",1,93.98470335351286,49732
"(0.865587044534413, 0.9736189431913116)",1,93.98447483607056,49733
"(0.7842821339061942, 0.9385964912280702)",3,93.9844159783106,49736
"(0.5653455329500221, 0.96196141192326)",2,93.9843848252066,49738
"(0.7662347176323114, 0.9515714518877016)",1,93.9842566454984,49739
"(0.4255117986159442, 0.9650450950662368)",1,93.98414329969292,49740
"(0.4666099856929945, 0.9662286182229444)",1,93.98409255740928,49741
"(0.9388917411828462, 0.95)",1,93.98404622653968,49742
"(0.8028720724362646, 0.9646309224447688)",1,93.98402307159245,49743
"(0.9599989999749994, 0.9574784734771978)",1,93.98399829019266,49744
"(0.8886526976414618, 0.932496202911414)",1,93.98391095110848,49745
"(0.7578328648096089, 0.9764666952752286)",2,93.98388071738418,49747
"(0.5730351811691473, 0.9736472047389854)",3,93.98367687271788,49750
"(0.5536430525672695, 0.9650076460904662)",1,93.9836477285091,49751
"(0.7654166666666666, 0.9495014245014244)",1,93.9835950732911,49752
"(0.8941425546930134, 0.9474734084130092)",1,93.98337796410205,49753
"(0.3490394448502557, 0.9753298704358156)",1,93.9831786489128,49754
"(0.8288092915955513, 0.9736485764662176)",2,93.98314777495212,49756
"(0.9665831244778612, 0.9833229101521784)",1,93.98304639699194,49757
"(0.8916989083023239, 0.9680383516315252)",1,93.98272742106272,49758
"(0.9132516862059696, 0.9692608993981562)",3,93.98263474422409,49761
"(0.9524925769651508, 0.9474839169495658)",1,93.98263319744886,49762
"(0.5775552042851917, 0.9499799919967988)",1,93.98259596481844,49763
"(0.7392209336901576, 0.9515714518877016)",1,93.9825052577866,49764
"(0.9043086298506712, 0.9599989999749994)",1,93.98232453790268,49765
"(0.9498754528985508, 0.9462256234379848)",1,93.98212118913894,49766
"(0.9272595017275868, 0.9474996718729491)",2,93.98204633987676,49768
"(0.8574563460059643, 0.934868107918535)",1,93.981830964542,49769
"(0.8273694481451597, 0.9549988749718742)",1,93.98161082191896,49770
"(0.4862716741329175, 0.9712512129076812)",1,93.98158632077634,49771
"(0.7769438264738598, 0.9495014245014244)",1,93.98151454688556,49772
"(0.5219311273566756, 0.9624831097988188)",1,93.98141966874464,49773
"(0.7180735022654807, 0.9424996406227538)",1,93.98131331886378,49774
"(0.583006022518984, 0.9648252575884156)",1,93.98122847988054,49775
"(0.9958292603453894, 0.9873891625615764)",1,93.98118267185684,49776
"(0.7053619734494676, 0.960572483841182)",1,93.98113250086712,49777
"(0.8213266129032257, 0.9619736581501288)",1,93.98091665663792,49778
"(0.8091777408637875, 0.9539707149009474)",1,93.98081225384794,49779
"(0.7962102115226081, 0.988167361639188)",1,93.980786121674,49780
"(0.9549718574108818, 0.9524854486686548)",1,93.98069644553634,49781
"(0.8465473145780051, 0.9474602668267876)",1,93.98068386544524,49782
"(0.9428571428571428, 0.9536268754076972)",1,93.98060868098308,49783
"(0.9425645194066248, 0.9535144014828052)",1,93.98050246596308,49784
"(0.8224316126353314, 0.9440529448756316)",1,93.98028196695536,49785
"(0.4255117986159442, 0.9529751605618932)",1,93.98027920039684,49786
"(0.8806608357628766, 0.9572437766315318)",1,93.98021008385128,49787
"(0.8011433416753454, 0.9672237479778252)",1,93.98020738273132,49788
"(0.8831024654485521, 0.9560315719855194)",3,93.98015086793204,49791
"(0.9354654378932672, 0.9675671233615027)",1,93.98010164391518,49792
"(0.8740282972841112, 0.9398731501057084)",1,93.98001704764351,49793
"(0.7280584513944579, 0.9580331374974232)",1,93.9796537674682,49794
"(0.8829656107481818, 0.9779870235853187)",1,93.97955784890424,49795
"(0.9080024622960912, 0.9604782992262008)",1,93.97949568120929,49796
"(0.8416827657517105, 0.9861310021084456)",1,93.97928818846836,49797
"(0.950431439792024, 0.9422394177612392)",1,93.97928488305104,49798
"(0.7650091026244196, 0.956140350877193)",1,93.97915277661292,49799
"(0.8846362470895226, 0.9437278911564628)",1,93.97908188779256,49800
"(0.8297914945808617, 0.944998624965624)",1,93.97906233943576,49801
"(0.9750072792119512, 0.9958292603453894)",4,93.97887712680269,49805
"(0.9641028246291404, 0.9604593619418418)",1,93.97866195394232,49806
"(0.8624785122675419, 0.9524997031231444)",4,93.97858842437697,49810
"(0.3751155993044512, 0.9665405893103266)",4,93.97849493899778,49814
"(0.6423563565219435, 0.9604782992262008)",1,93.978314480149,49815
"(0.5258046301524563, 0.9610899532226684)",1,93.97822775303024,49816
"(0.8685023559648746, 0.9622641509433963)",1,93.9779262104026,49817
"(0.8340666247642992, 0.95)",6,93.97790873943428,49823
"(0.7867950912705132, 0.9599989999749994)",1,93.97783515192477,49824
"(0.8843308668496638, 0.9622641509433963)",1,93.97734375034403,49825
"(0.9247290244881574, 0.9549718574108818)",2,93.9773263090388,49827
"(0.8574011356980978, 0.9599989999749994)",1,93.97713009112547,49828
"(0.8128441201209393, 0.964269276237512)",1,93.9767985105906,49829
"(0.8885472610096672, 0.9619736581501288)",2,93.9767796089774,49831
"(0.7883573323228494, 0.9489093915343916)",1,93.97669979978711,49832
"(0.9624885121068328, 0.9524973279746984)",1,93.97638425162864,49833
"(0.9227792207792208, 0.9571428571428572)",1,93.97637754027178,49834
"(0.8957538774472412, 0.9560315719855194)",1,93.9763308382942,49835
"(0.8252422194238135, 0.9599909979745442)",3,93.97626964698075,49838
"(0.8991833854219174, 0.9574997343733398)",1,93.97618680824831,49839
"(0.916934636368785, 0.9399864969618164)",1,93.97601049153836,49840
"(0.8596618357487924, 0.9722222222222222)",1,93.97586988403845,49841
"(0.6521663785997688, 1.0)",1,93.9758572415607,49842
"(0.828966378966379, 0.9861673414304992)",1,93.97577168230389,49843
"(0.843845350684385, 0.9535144014828052)",1,93.97544528280834,49844
"(0.7611229730509549, 0.9539707149009474)",1,93.97539883691516,49845
"(0.3860590631364562, 0.996969696969697)",1,93.97527014090096,49846
"(0.8746747225950852, 0.9388667928074036)",1,93.97520897442948,49847
"(0.8058308902229048, 0.9601502499942144)",1,93.97505555206304,49848
"(0.8868202139097957, 0.9449876222149984)",1,93.97490570680884,49849
"(0.8306479779411763, 0.9749910873440284)",2,93.97487265491093,49851
"(0.4633850039213374, 0.970584502034876)",1,93.97475034235472,49852
"(0.8591722063944286, 0.9580331374974232)",1,93.97473333253431,49853
"(0.7233692569483834, 0.9580331374974232)",1,93.97460734440402,49854
"(0.9247290244881574, 0.9499887474681804)",2,93.97460247301898,49856
"(0.7388695158543508, 0.9476001081206318)",1,93.97453775033642,49857
"(0.9503333333333333, 0.9535144014828052)",1,93.97452827703196,49858
"(0.4468328406505846, 0.9861673414304992)",1,93.9745081552015,49859
"(0.8948142000428356, 0.9749656593406592)",1,93.97410878432876,49860
"(0.686734693877551, 0.9538331745788698)",1,93.97409988692476,49861
"(0.9301209372637944, 0.9861310021084456)",1,93.9739758525004,49862
"(0.9167853751187084, 1.0)",1,93.97392757938997,49863
"(0.8141106354402753, 0.9516956990542454)",1,93.97392527375116,49864
"(0.9128205128205128, 0.946730586052542)",1,93.97384391865523,49865
"(0.9069410647702764, 0.949938674876724)",1,93.97378509167314,49866
"(0.7313829340058848, 0.9489093915343916)",1,93.97374317233236,49867
"(0.5224438914023056, 0.9539707149009474)",1,93.9736738926948,49868
"(0.8258152104305951, 0.9524497750749228)",1,93.97361367562736,49869
"(0.3714740615814956, 0.9516956990542454)",3,93.97348052422436,49872
"(0.9425645194066248, 0.9540153992631536)",1,93.97325136470708,49873
"(0.949954959463517, 0.9424996406227538)",1,93.973239036441,49874
"(0.9036271334014516, 0.9614857479895208)",1,93.97321814595308,49875
"(0.8441415402639044, 0.9580331374974232)",1,93.9730643077284,49876
"(0.7898649785693143, 0.9440529448756316)",1,93.97301353496016,49877
"(0.7966193433895297, 0.9495014245014244)",1,93.9728892941836,49878
"(0.9272595017275868, 0.9524640509385224)",1,93.97284332085536,49879
"(0.614501096491228, 0.9734731918335766)",1,93.97279137973302,49880
"(0.8975998588152243, 0.9540153992631536)",4,93.9727476417694,49884
"(0.9349739895958384, 0.9549898727213622)",1,93.97269562205756,49885
"(0.8422150008452768, 0.954995499549955)",3,93.97267298770277,49888
"(0.6767580302172832, 1.0)",1,93.97257386468308,49889
"(0.9047619047619048, 0.9474970467088774)",1,93.97244113683624,49890
"(0.8428938985542759, 0.9495014245014244)",1,93.97244091521276,49891
"(0.5773118003674994, 0.9779263059241357)",1,93.97242664987732,49892
"(0.7497774934022918, 0.9539707149009474)",1,93.97236487232516,49893
"(0.4130640425070805, 0.9722832859546388)",2,93.97235802644217,49895
"(0.8741696772871107, 0.9580331374974232)",1,93.97215527517112,49896
"(0.914452495974235, 0.9449779911964784)",1,93.97208445429465,49897
"(0.9665633291439744, 0.9916585206907788)",4,93.97196803798386,49901
"(0.4345640839445211, 0.9996210215628012)",1,93.97196784255094,49902
"(0.7761555341771514, 0.9599989999749994)",1,93.97190053002114,49903
"(0.8739792317773969, 0.9323778575051188)",2,93.9718778706154,49905
"(0.6983464132286942, 0.9652022669532928)",1,93.97178151341446,49906
"(0.8258470464352816, 0.960851077856154)",1,93.97164630429349,49907
"(0.8097000243032949, 0.9699301158125316)",1,93.97143601258384,49908
"(0.7461621541348561, 0.9434895802926228)",1,93.9714009583268,49909
"(0.6395938219147543, 0.9469463836671532)",1,93.9713538149049,49910
"(0.8512737540052664, 0.9600251550024655)",2,93.97123160428542,49912
"(0.8933617810760668, 0.9397510062104916)",1,93.9711845835902,49913
"(0.8108021513875538, 0.9646309224447688)",1,93.97094946571366,49914
"(0.7999088007295942, 0.9766918866148322)",1,93.97084482527208,49915
"(0.8885908209437621, 0.9498754528985508)",1,93.97084343580188,49916
"(0.5874751891549204, 0.9564180337206656)",1,93.97070334210476,49917
"(0.934065934065934, 0.9833229101521784)",1,93.97063375470653,49918
"(0.7678405315614618, 0.9764666952752286)",1,93.9704282532202,49919
"(0.9007161410018553, 0.9498754528985508)",1,93.97041736054504,49920
"(0.6981216457960644, 0.9650450950662368)",1,93.97028696423313,49921
"(0.7250237826596757, 0.9487179487179488)",3,93.97015240678049,49924
"(0.424546256663045, 0.9785714285714284)",1,93.9701458370026,49925
"(0.8806608357628766, 0.946730586052542)",1,93.9701206851298,49926
"(0.7481666755361609, 0.9764666952752286)",4,93.9699902071894,49930
"(0.960666032023912, 0.9642857142857144)",3,93.96987619967952,49933
"(0.5222179798681013, 0.9539707149009474)",1,93.96982825044196,49934
"(0.8685023559648746, 0.9495014245014244)",1,93.96982693076563,49935
"(0.9603476243044132, 0.9604593619418418)",1,93.96982154781293,49936
"(0.8574513162639741, 0.9491363636363636)",1,93.96980916000878,49937
"(0.6880076348278104, 0.960572483841182)",1,93.96978311230215,49938
"(0.468113893871426, 0.9515714518877016)",3,93.96974673675784,49941
"(0.8467532467532467, 1.0)",1,93.96962786337956,49942
"(0.9449779911964784, 0.9424967654430562)",1,93.96949582531224,49943
"(0.8937533848783131, 0.9540153992631536)",3,93.96937099437496,49946
"(0.6423563565219435, 0.9648252575884156)",1,93.9691809205534,49947
"(0.8268235294117647, 0.9524854486686548)",1,93.96914752275104,49948
"(0.2214665086585351, 0.9931680338056174)",1,93.9691207970395,49949
"(0.8691891027106093, 0.9540977572753596)",1,93.96906435847204,49950
"(0.90903917799718, 0.9536268754076972)",1,93.96893293507765,49951
"(0.7709171448706333, 0.964269276237512)",1,93.96884155358794,49952
"(0.8436532894080064, 0.9293598200132946)",2,93.9686719155013,49954
"(0.6252671064494743, 0.951892755797645)",1,93.96838796208576,49955
"(0.5545910889925154, 0.9737506152430268)",1,93.96836872450464,49956
"(0.8138306443491046, 0.9580331374974232)",1,93.96819208052892,49957
"(0.9221452744065148, 0.9474996718729491)",2,93.96810888425614,49959
"(0.9022759891180944, 0.972045976510262)",1,93.96805446997509,49960
"(0.6880076348278104, 0.969334154098697)",1,93.968018096481,49961
"(0.5391505078485688, 0.9473684210526316)",1,93.96787147267447,49962
"(0.8892914653784219, 0.9424708758809148)",1,93.96779732859471,49963
"(0.94999499949995, 0.9374964841772352)",1,93.96778784617828,49964
"(0.7423856773080242, 0.9749656593406592)",1,93.96757337542633,49965
"(0.8472645812528676, 0.9535144014828052)",1,93.96756586044756,49966
"(0.869254101161996, 0.9519169817351648)",1,93.96754634693885,49967
"(0.6639781000006315, 0.9988630646884038)",1,93.96745066451908,49968
"(0.922476258354121, 0.9524925769651508)",1,93.96735592938047,49969
"(0.9269284534248317, 0.9764666952752286)",1,93.9672629683097,49970
"(0.8688607891739799, 0.9495014245014244)",1,93.96719632232283,49971
"(0.8513842746400886, 0.941454716296154)",1,93.96713601671496,49972
"(0.9153439153439156, 0.9833229101521784)",1,93.96708420304628,49973
"(0.8774931089873806, 0.9474996718729491)",4,93.96681546683428,49977
"(0.7970846609283874, 0.956140350877193)",1,93.96681223163414,49978
"(0.6799104548742957, 0.9704359981540908)",1,93.96675721183615,49979
"(0.8388355871169197, 0.945)",1,93.9666620928339,49980
"(0.8432844932844933, 0.9450323339212228)",2,93.96642077483811,49982
"(0.6555978046721082, 0.9674725395086842)",1,93.9663866501577,49983
"(0.8089156509369275, 0.9450323339212228)",1,93.96635974394356,49984
"(0.9028964862298196, 0.9861673414304992)",1,93.96632105547958,49985
"(0.5069136832921234, 0.9560315719855194)",1,93.96631594288642,49986
"(0.8376298701298701, 0.9747507916611692)",1,93.96588815480092,49987
"(0.8403320842836972, 0.9495058714870036)",1,93.96583343879432,49988
"(0.9276343133138456, 0.9709423376431572)",1,93.96578736037632,49989
"(0.8569370609099162, 0.9689188905395404)",1,93.96571323760476,49990
"(0.9128205128205128, 0.9575126626788776)",2,93.96568883414876,49992
"(0.912531328320802, 0.9540153992631536)",3,93.9656714827443,49995
"(0.7246154408468525, 0.9646309224447688)",1,93.96566864848532,49996
"(0.6635227905250788, 0.9473684210526316)",1,93.96560161888728,49997
"(0.9132516862059696, 0.9735486410250802)",1,93.965555737759,49998
"(0.5901140084986851, 0.9474970467088774)",1,93.965513054301,49999
"(0.9247290244881574, 0.9524997031231444)",1,93.965493161639,50000
