,ALIPY_RANDOM,ALIPY_UNCERTAINTY_ENTROPY,ALIPY_UNCERTAINTY_LC,ALIPY_UNCERTAINTY_MM,OPTIMAL_GREEDY_10,SKACTIVEML_DAL,SMALLTEXT_EMBEDDINGKMEANS,SMALLTEXT_LIGHTWEIGHTCORESET
ALIPY_RANDOM,0,224,233,215,321,259,225,220
ALIPY_UNCERTAINTY_ENTROPY,224,0,325,257,259,204,190,164
ALIPY_UNCERTAINTY_LC,233,325,0,295,275,207,192,176
ALIPY_UNCERTAINTY_MM,215,257,295,0,255,192,171,165
OPTIMAL_GREEDY_10,321,259,275,255,0,281,242,225
SKACTIVEML_DAL,259,204,207,192,281,0,212,191
SMALLTEXT_EMBEDDINGKMEANS,225,190,192,171,242,212,0,190
SMALLTEXT_LIGHTWEIGHTCORESET,220,164,176,165,225,191,190,0
