,ALIPY_RANDOM,ALIPY_UNCERTAINTY_ENTROPY,ALIPY_UNCERTAINTY_LC,ALIPY_UNCERTAINTY_MM,OPTIMAL_GREEDY_10,SKACTIVEML_DAL,SMALLTEXT_EMBEDDINGKMEANS,SMALLTEXT_LIGHTWEIGHTCORESET
ALIPY_RANDOM,0,28709,29415,28168,38305,34630,32996,31339
ALIPY_UNCERTAINTY_ENTROPY,28709,0,45893,41457,29267,27462,27237,26051
ALIPY_UNCERTAINTY_LC,29415,45893,0,46753,30152,27225,27077,27039
ALIPY_UNCERTAINTY_MM,28168,41457,46753,0,29648,27432,26441,26792
OPTIMAL_GREEDY_10,38305,29267,30152,29648,0,36114,32392,30189
SKACTIVEML_DAL,34630,27462,27225,27432,36114,0,31258,29327
SMALLTEXT_EMBEDDINGKMEANS,32996,27237,27077,26441,32392,31258,0,33024
SMALLTEXT_LIGHTWEIGHTCORESET,31339,26051,27039,26792,30189,29327,33024,0
