,ALIPY_RANDOM,ALIPY_UNCERTAINTY_ENTROPY,ALIPY_UNCERTAINTY_LC,ALIPY_UNCERTAINTY_MM,OPTIMAL_GREEDY_10,SKACTIVEML_DAL,SMALLTEXT_EMBEDDINGKMEANS,SMALLTEXT_LIGHTWEIGHTCORESET
ALIPY_RANDOM,0,98,91,78,218,141,122,123
ALIPY_UNCERTAINTY_ENTROPY,98,0,230,164,122,78,59,40
ALIPY_UNCERTAINTY_LC,91,230,0,249,155,67,64,48
ALIPY_UNCERTAINTY_MM,78,164,249,0,131,67,47,57
OPTIMAL_GREEDY_10,218,122,155,131,0,166,137,109
SKACTIVEML_DAL,141,78,67,67,166,0,95,79
SMALLTEXT_EMBEDDINGKMEANS,122,59,64,47,137,95,0,76
SMALLTEXT_LIGHTWEIGHTCORESET,123,40,48,57,109,79,76,0
