,ALIPY_RANDOM,ALIPY_UNCERTAINTY_ENTROPY,ALIPY_UNCERTAINTY_LC,ALIPY_UNCERTAINTY_MM,OPTIMAL_GREEDY_10,SKACTIVEML_DAL,SMALLTEXT_EMBEDDINGKMEANS,SMALLTEXT_LIGHTWEIGHTCORESET
ALIPY_RANDOM,0,164,157,136,288,212,181,185
ALIPY_UNCERTAINTY_ENTROPY,164,0,279,214,202,136,125,86
ALIPY_UNCERTAINTY_LC,157,279,0,287,225,134,120,103
ALIPY_UNCERTAINTY_MM,136,214,287,0,199,121,92,102
OPTIMAL_GREEDY_10,288,202,225,199,0,240,215,179
SKACTIVEML_DAL,212,136,134,121,240,0,156,137
SMALLTEXT_EMBEDDINGKMEANS,181,125,120,92,215,156,0,138
SMALLTEXT_LIGHTWEIGHTCORESET,185,86,103,102,179,137,138,0
