,ALIPY_RANDOM,ALIPY_UNCERTAINTY_ENTROPY,ALIPY_UNCERTAINTY_LC,ALIPY_UNCERTAINTY_MM,OPTIMAL_GREEDY_10,SKACTIVEML_DAL,SMALLTEXT_EMBEDDINGKMEANS,SMALLTEXT_LIGHTWEIGHTCORESET
ALIPY_RANDOM,0,54,48,42,155,91,84,74
ALIPY_UNCERTAINTY_ENTROPY,54,0,186,118,78,45,28,22
ALIPY_UNCERTAINTY_LC,48,186,0,208,107,36,30,26
ALIPY_UNCERTAINTY_MM,42,118,208,0,92,44,25,33
OPTIMAL_GREEDY_10,155,78,107,92,0,111,97,67
SKACTIVEML_DAL,91,45,36,44,111,0,56,45
SMALLTEXT_EMBEDDINGKMEANS,84,28,30,25,97,56,0,51
SMALLTEXT_LIGHTWEIGHTCORESET,74,22,26,33,67,45,51,0
