,ALIPY_RANDOM,ALIPY_UNCERTAINTY_ENTROPY,ALIPY_UNCERTAINTY_LC,ALIPY_UNCERTAINTY_MM,OPTIMAL_GREEDY_10,SKACTIVEML_DAL,SMALLTEXT_EMBEDDINGKMEANS,SMALLTEXT_LIGHTWEIGHTCORESET
ALIPY_RANDOM,0,102,92,78,217,137,122,122
ALIPY_UNCERTAINTY_ENTROPY,102,0,227,162,121,77,59,41
ALIPY_UNCERTAINTY_LC,92,227,0,248,156,67,63,52
ALIPY_UNCERTAINTY_MM,78,162,248,0,135,65,46,58
OPTIMAL_GREEDY_10,217,121,156,135,0,169,140,110
SKACTIVEML_DAL,137,77,67,65,169,0,94,77
SMALLTEXT_EMBEDDINGKMEANS,122,59,63,46,140,94,0,75
SMALLTEXT_LIGHTWEIGHTCORESET,122,41,52,58,110,77,75,0
