,ALIPY_RANDOM,ALIPY_UNCERTAINTY_ENTROPY,ALIPY_UNCERTAINTY_LC,ALIPY_UNCERTAINTY_MM,OPTIMAL_GREEDY_10,SKACTIVEML_DAL,SMALLTEXT_EMBEDDINGKMEANS,SMALLTEXT_LIGHTWEIGHTCORESET
ALIPY_RANDOM,0,54,49,43,152,91,85,74
ALIPY_UNCERTAINTY_ENTROPY,54,0,187,116,77,45,27,23
ALIPY_UNCERTAINTY_LC,49,187,0,207,108,38,29,26
ALIPY_UNCERTAINTY_MM,43,116,207,0,92,46,25,32
OPTIMAL_GREEDY_10,152,77,108,92,0,113,98,65
SKACTIVEML_DAL,91,45,38,46,113,0,56,44
SMALLTEXT_EMBEDDINGKMEANS,85,27,29,25,98,56,0,50
SMALLTEXT_LIGHTWEIGHTCORESET,74,23,26,32,65,44,50,0
