,ALIPY_RANDOM,ALIPY_UNCERTAINTY_ENTROPY,ALIPY_UNCERTAINTY_LC,ALIPY_UNCERTAINTY_MM,OPTIMAL_GREEDY_10,SKACTIVEML_DAL,SMALLTEXT_EMBEDDINGKMEANS,SMALLTEXT_LIGHTWEIGHTCORESET
ALIPY_RANDOM,0,165,158,137,288,211,181,186
ALIPY_UNCERTAINTY_ENTROPY,165,0,278,216,202,133,124,86
ALIPY_UNCERTAINTY_LC,158,278,0,287,227,132,121,101
ALIPY_UNCERTAINTY_MM,137,216,287,0,202,121,93,100
OPTIMAL_GREEDY_10,288,202,227,202,0,241,214,179
SKACTIVEML_DAL,211,133,132,121,241,0,156,138
SMALLTEXT_EMBEDDINGKMEANS,181,124,121,93,214,156,0,137
SMALLTEXT_LIGHTWEIGHTCORESET,186,86,101,100,179,138,137,0
