,ALIPY_RANDOM,ALIPY_UNCERTAINTY_ENTROPY,ALIPY_UNCERTAINTY_LC,ALIPY_UNCERTAINTY_MM,OPTIMAL_GREEDY_10,SKACTIVEML_DAL,SMALLTEXT_EMBEDDINGKMEANS,SMALLTEXT_LIGHTWEIGHTCORESET
ALIPY_RANDOM,0,101,91,77,216,137,119,121
ALIPY_UNCERTAINTY_ENTROPY,101,0,226,162,124,76,57,43
ALIPY_UNCERTAINTY_LC,91,226,0,247,159,68,64,49
ALIPY_UNCERTAINTY_MM,77,162,247,0,136,65,47,57
OPTIMAL_GREEDY_10,216,124,159,136,0,168,140,110
SKACTIVEML_DAL,137,76,68,65,168,0,94,77
SMALLTEXT_EMBEDDINGKMEANS,119,57,64,47,140,94,0,76
SMALLTEXT_LIGHTWEIGHTCORESET,121,43,49,57,110,77,76,0
