,ALIPY_RANDOM,ALIPY_UNCERTAINTY_ENTROPY,ALIPY_UNCERTAINTY_LC,ALIPY_UNCERTAINTY_MM,OPTIMAL_GREEDY_10,SKACTIVEML_DAL,SMALLTEXT_EMBEDDINGKMEANS,SMALLTEXT_LIGHTWEIGHTCORESET
ALIPY_RANDOM,0,99,89,77,217,139,121,120
ALIPY_UNCERTAINTY_ENTROPY,99,0,231,161,125,77,59,42
ALIPY_UNCERTAINTY_LC,89,231,0,246,159,66,64,47
ALIPY_UNCERTAINTY_MM,77,161,246,0,136,68,45,56
OPTIMAL_GREEDY_10,217,125,159,136,0,168,138,111
SKACTIVEML_DAL,139,77,66,68,168,0,95,81
SMALLTEXT_EMBEDDINGKMEANS,121,59,64,45,138,95,0,77
SMALLTEXT_LIGHTWEIGHTCORESET,120,42,47,56,111,81,77,0
