,ALIPY_RANDOM,ALIPY_UNCERTAINTY_ENTROPY,ALIPY_UNCERTAINTY_LC,ALIPY_UNCERTAINTY_MM,OPTIMAL_GREEDY_10,SKACTIVEML_DAL,SMALLTEXT_EMBEDDINGKMEANS,SMALLTEXT_LIGHTWEIGHTCORESET
ALIPY_RANDOM,0,99,89,74,216,138,120,121
ALIPY_UNCERTAINTY_ENTROPY,99,0,227,162,126,77,58,43
ALIPY_UNCERTAINTY_LC,89,227,0,246,158,65,62,49
ALIPY_UNCERTAINTY_MM,74,162,246,0,137,67,45,57
OPTIMAL_GREEDY_10,216,126,158,137,0,168,137,112
SKACTIVEML_DAL,138,77,65,67,168,0,93,77
SMALLTEXT_EMBEDDINGKMEANS,120,58,62,45,137,93,0,78
SMALLTEXT_LIGHTWEIGHTCORESET,121,43,49,57,112,77,78,0
