,ALIPY_RANDOM,ALIPY_UNCERTAINTY_ENTROPY,ALIPY_UNCERTAINTY_LC,ALIPY_UNCERTAINTY_MM,OPTIMAL_GREEDY_10,SKACTIVEML_DAL,SMALLTEXT_EMBEDDINGKMEANS,SMALLTEXT_LIGHTWEIGHTCORESET
ALIPY_RANDOM,0,55,51,43,154,92,84,74
ALIPY_UNCERTAINTY_ENTROPY,55,0,186,118,78,44,26,22
ALIPY_UNCERTAINTY_LC,51,186,0,210,107,36,29,26
ALIPY_UNCERTAINTY_MM,43,118,210,0,90,43,25,31
OPTIMAL_GREEDY_10,154,78,107,90,0,113,98,66
SKACTIVEML_DAL,92,44,36,43,113,0,56,44
SMALLTEXT_EMBEDDINGKMEANS,84,26,29,25,98,56,0,52
SMALLTEXT_LIGHTWEIGHTCORESET,74,22,26,31,66,44,52,0
