,ALIPY_RANDOM,ALIPY_UNCERTAINTY_ENTROPY,ALIPY_UNCERTAINTY_LC,ALIPY_UNCERTAINTY_MM,OPTIMAL_GREEDY_10,SKACTIVEML_DAL,SMALLTEXT_EMBEDDINGKMEANS,SMALLTEXT_LIGHTWEIGHTCORESET
ALIPY_RANDOM,0,160,156,134,289,211,181,184
ALIPY_UNCERTAINTY_ENTROPY,160,0,277,214,205,138,121,85
ALIPY_UNCERTAINTY_LC,156,277,0,287,228,135,120,103
ALIPY_UNCERTAINTY_MM,134,214,287,0,200,123,90,100
OPTIMAL_GREEDY_10,289,205,228,200,0,239,214,179
SKACTIVEML_DAL,211,138,135,123,239,0,158,135
SMALLTEXT_EMBEDDINGKMEANS,181,121,120,90,214,158,0,138
SMALLTEXT_LIGHTWEIGHTCORESET,184,85,103,100,179,135,138,0
