,ALIPY_RANDOM,ALIPY_UNCERTAINTY_ENTROPY,ALIPY_UNCERTAINTY_LC,ALIPY_UNCERTAINTY_MM,OPTIMAL_GREEDY_10,SKACTIVEML_DAL,SMALLTEXT_EMBEDDINGKMEANS,SMALLTEXT_LIGHTWEIGHTCORESET
ALIPY_RANDOM,0,53,48,41,153,90,85,73
ALIPY_UNCERTAINTY_ENTROPY,53,0,188,118,77,42,28,24
ALIPY_UNCERTAINTY_LC,48,188,0,210,109,35,30,26
ALIPY_UNCERTAINTY_MM,41,118,210,0,92,44,25,33
OPTIMAL_GREEDY_10,153,77,109,92,0,113,99,65
SKACTIVEML_DAL,90,42,35,44,113,0,57,46
SMALLTEXT_EMBEDDINGKMEANS,85,28,30,25,99,57,0,51
SMALLTEXT_LIGHTWEIGHTCORESET,73,24,26,33,65,46,51,0
