,ALIPY_RANDOM,ALIPY_UNCERTAINTY_ENTROPY,ALIPY_UNCERTAINTY_LC,ALIPY_UNCERTAINTY_MM,OPTIMAL_GREEDY_10,SKACTIVEML_DAL,SMALLTEXT_EMBEDDINGKMEANS,SMALLTEXT_LIGHTWEIGHTCORESET
ALIPY_RANDOM,0,54,49,42,156,92,85,72
ALIPY_UNCERTAINTY_ENTROPY,54,0,188,115,79,43,26,23
ALIPY_UNCERTAINTY_LC,49,188,0,209,110,36,30,25
ALIPY_UNCERTAINTY_MM,42,115,209,0,92,44,25,31
OPTIMAL_GREEDY_10,156,79,110,92,0,112,98,64
SKACTIVEML_DAL,92,43,36,44,112,0,57,46
SMALLTEXT_EMBEDDINGKMEANS,85,26,30,25,98,57,0,53
SMALLTEXT_LIGHTWEIGHTCORESET,72,23,25,31,64,46,53,0
