,ALIPY_RANDOM,ALIPY_UNCERTAINTY_ENTROPY,ALIPY_UNCERTAINTY_LC,ALIPY_UNCERTAINTY_MM,OPTIMAL_GREEDY_10,SKACTIVEML_DAL,SMALLTEXT_EMBEDDINGKMEANS,SMALLTEXT_LIGHTWEIGHTCORESET
ALIPY_RANDOM,0,160,155,133,288,210,179,190
ALIPY_UNCERTAINTY_ENTROPY,160,0,278,214,198,136,123,84
ALIPY_UNCERTAINTY_LC,155,278,0,287,225,134,118,100
ALIPY_UNCERTAINTY_MM,133,214,287,0,198,121,89,99
OPTIMAL_GREEDY_10,288,198,225,198,0,238,213,180
SKACTIVEML_DAL,210,136,134,121,238,0,155,137
SMALLTEXT_EMBEDDINGKMEANS,179,123,118,89,213,155,0,140
SMALLTEXT_LIGHTWEIGHTCORESET,190,84,100,99,180,137,140,0
