,ALIPY_RANDOM,ALIPY_UNCERTAINTY_ENTROPY,ALIPY_UNCERTAINTY_LC,ALIPY_UNCERTAINTY_MM,OPTIMAL_GREEDY_10,SKACTIVEML_DAL,SMALLTEXT_EMBEDDINGKMEANS,SMALLTEXT_LIGHTWEIGHTCORESET
ALIPY_RANDOM,0,55,47,41,154,89,84,76
ALIPY_UNCERTAINTY_ENTROPY,55,0,188,116,78,44,27,22
ALIPY_UNCERTAINTY_LC,47,188,0,208,106,37,29,26
ALIPY_UNCERTAINTY_MM,41,116,208,0,89,43,25,32
OPTIMAL_GREEDY_10,154,78,106,89,0,114,98,65
SKACTIVEML_DAL,89,44,37,43,114,0,56,45
SMALLTEXT_EMBEDDINGKMEANS,84,27,29,25,98,56,0,52
SMALLTEXT_LIGHTWEIGHTCORESET,76,22,26,32,65,45,52,0
