,ALIPY_RANDOM,ALIPY_UNCERTAINTY_ENTROPY,ALIPY_UNCERTAINTY_LC,ALIPY_UNCERTAINTY_MM,OPTIMAL_GREEDY_10,SKACTIVEML_DAL,SMALLTEXT_EMBEDDINGKMEANS,SMALLTEXT_LIGHTWEIGHTCORESET
ALIPY_RANDOM,0,98,90,76,216,140,121,120
ALIPY_UNCERTAINTY_ENTROPY,98,0,227,161,123,79,59,41
ALIPY_UNCERTAINTY_LC,90,227,0,246,159,69,62,51
ALIPY_UNCERTAINTY_MM,76,161,246,0,135,69,46,59
OPTIMAL_GREEDY_10,216,123,159,135,0,168,138,110
SKACTIVEML_DAL,140,79,69,69,168,0,94,78
SMALLTEXT_EMBEDDINGKMEANS,121,59,62,46,138,94,0,75
SMALLTEXT_LIGHTWEIGHTCORESET,120,41,51,59,110,78,75,0
