,ALIPY_RANDOM,ALIPY_UNCERTAINTY_ENTROPY,ALIPY_UNCERTAINTY_LC,ALIPY_UNCERTAINTY_MM,OPTIMAL_GREEDY_10,SKACTIVEML_DAL,SMALLTEXT_EMBEDDINGKMEANS,SMALLTEXT_LIGHTWEIGHTCORESET
ALIPY_RANDOM,0,186,155,159,303,271,258,255
ALIPY_UNCERTAINTY_ENTROPY,186,0,298,249,201,205,205,215
ALIPY_UNCERTAINTY_LC,155,298,0,333,184,159,171,179
ALIPY_UNCERTAINTY_MM,159,249,333,0,180,181,185,203
OPTIMAL_GREEDY_10,303,201,184,180,0,259,260,224
SKACTIVEML_DAL,271,205,159,181,259,0,268,262
SMALLTEXT_EMBEDDINGKMEANS,258,205,171,185,260,268,0,277
SMALLTEXT_LIGHTWEIGHTCORESET,255,215,179,203,224,262,277,0
