,ALIPY_RANDOM,ALIPY_UNCERTAINTY_ENTROPY,ALIPY_UNCERTAINTY_LC,ALIPY_UNCERTAINTY_MM,OPTIMAL_GREEDY_10,SKACTIVEML_DAL,SMALLTEXT_EMBEDDINGKMEANS,SMALLTEXT_LIGHTWEIGHTCORESET
ALIPY_RANDOM,0,132,135,132,239,184,170,158
ALIPY_UNCERTAINTY_ENTROPY,132,0,231,180,153,124,119,121
ALIPY_UNCERTAINTY_LC,135,231,0,267,160,120,119,128
ALIPY_UNCERTAINTY_MM,132,180,267,0,147,120,117,134
OPTIMAL_GREEDY_10,239,153,160,147,0,185,175,153
SKACTIVEML_DAL,184,124,120,120,185,0,146,137
SMALLTEXT_EMBEDDINGKMEANS,170,119,119,117,175,146,0,143
SMALLTEXT_LIGHTWEIGHTCORESET,158,121,128,134,153,137,143,0
