,ALIPY_RANDOM,ALIPY_UNCERTAINTY_ENTROPY,ALIPY_UNCERTAINTY_LC,ALIPY_UNCERTAINTY_MM,OPTIMAL_GREEDY_10,SKACTIVEML_DAL,SMALLTEXT_EMBEDDINGKMEANS,SMALLTEXT_LIGHTWEIGHTCORESET
ALIPY_RANDOM,0,132,128,108,262,193,161,164
ALIPY_UNCERTAINTY_ENTROPY,132,0,271,203,172,124,106,88
ALIPY_UNCERTAINTY_LC,128,271,0,272,195,103,96,91
ALIPY_UNCERTAINTY_MM,108,203,272,0,179,107,82,100
OPTIMAL_GREEDY_10,262,172,195,179,0,206,178,145
SKACTIVEML_DAL,193,124,103,107,206,0,133,138
SMALLTEXT_EMBEDDINGKMEANS,161,106,96,82,178,133,0,147
SMALLTEXT_LIGHTWEIGHTCORESET,164,88,91,100,145,138,147,0
