,ALIPY_RANDOM,ALIPY_UNCERTAINTY_ENTROPY,ALIPY_UNCERTAINTY_LC,ALIPY_UNCERTAINTY_MM,OPTIMAL_GREEDY_10,SKACTIVEML_DAL,SMALLTEXT_EMBEDDINGKMEANS,SMALLTEXT_LIGHTWEIGHTCORESET
ALIPY_RANDOM,0,71,71,54,188,113,117,113
ALIPY_UNCERTAINTY_ENTROPY,71,0,209,148,91,74,60,51
ALIPY_UNCERTAINTY_LC,71,209,0,221,126,52,59,51
ALIPY_UNCERTAINTY_MM,54,148,221,0,109,69,40,56
OPTIMAL_GREEDY_10,188,91,126,109,0,143,118,97
SKACTIVEML_DAL,113,74,52,69,143,0,75,79
SMALLTEXT_EMBEDDINGKMEANS,117,60,59,40,118,75,0,93
SMALLTEXT_LIGHTWEIGHTCORESET,113,51,51,56,97,79,93,0
