,ALIPY_RANDOM,ALIPY_UNCERTAINTY_ENTROPY,ALIPY_UNCERTAINTY_LC,ALIPY_UNCERTAINTY_MM,OPTIMAL_GREEDY_10,SKACTIVEML_DAL,SMALLTEXT_EMBEDDINGKMEANS,SMALLTEXT_LIGHTWEIGHTCORESET
ALIPY_RANDOM,0,134,130,108,262,195,160,163
ALIPY_UNCERTAINTY_ENTROPY,134,0,274,203,174,124,105,86
ALIPY_UNCERTAINTY_LC,130,274,0,269,199,102,99,91
ALIPY_UNCERTAINTY_MM,108,203,269,0,179,109,82,97
OPTIMAL_GREEDY_10,262,174,199,179,0,210,180,145
SKACTIVEML_DAL,195,124,102,109,210,0,135,138
SMALLTEXT_EMBEDDINGKMEANS,160,105,99,82,180,135,0,146
SMALLTEXT_LIGHTWEIGHTCORESET,163,86,91,97,145,138,146,0
