,ALIPY_RANDOM,ALIPY_UNCERTAINTY_ENTROPY,ALIPY_UNCERTAINTY_LC,ALIPY_UNCERTAINTY_MM,OPTIMAL_GREEDY_10,SKACTIVEML_DAL,SMALLTEXT_EMBEDDINGKMEANS,SMALLTEXT_LIGHTWEIGHTCORESET
ALIPY_RANDOM,0,134,129,109,261,196,163,164
ALIPY_UNCERTAINTY_ENTROPY,134,0,272,202,173,125,106,87
ALIPY_UNCERTAINTY_LC,129,272,0,269,198,104,97,89
ALIPY_UNCERTAINTY_MM,109,202,269,0,178,110,82,100
OPTIMAL_GREEDY_10,261,173,198,178,0,208,180,145
SKACTIVEML_DAL,196,125,104,110,208,0,134,136
SMALLTEXT_EMBEDDINGKMEANS,163,106,97,82,180,134,0,148
SMALLTEXT_LIGHTWEIGHTCORESET,164,87,89,100,145,136,148,0
