,ALIPY_RANDOM,ALIPY_UNCERTAINTY_ENTROPY,ALIPY_UNCERTAINTY_LC,ALIPY_UNCERTAINTY_MM,OPTIMAL_GREEDY_10,SKACTIVEML_DAL,SMALLTEXT_EMBEDDINGKMEANS,SMALLTEXT_LIGHTWEIGHTCORESET
ALIPY_RANDOM,0,71,67,54,192,117,115,111
ALIPY_UNCERTAINTY_ENTROPY,71,0,206,147,96,74,57,49
ALIPY_UNCERTAINTY_LC,67,206,0,228,127,47,62,51
ALIPY_UNCERTAINTY_MM,54,147,228,0,106,70,40,58
OPTIMAL_GREEDY_10,192,96,127,106,0,145,119,95
SKACTIVEML_DAL,117,74,47,70,145,0,76,79
SMALLTEXT_EMBEDDINGKMEANS,115,57,62,40,119,76,0,94
SMALLTEXT_LIGHTWEIGHTCORESET,111,49,51,58,95,79,94,0
