,ALIPY_RANDOM,ALIPY_UNCERTAINTY_ENTROPY,ALIPY_UNCERTAINTY_LC,ALIPY_UNCERTAINTY_MM,OPTIMAL_GREEDY_10,SKACTIVEML_DAL,SMALLTEXT_EMBEDDINGKMEANS,SMALLTEXT_LIGHTWEIGHTCORESET
ALIPY_RANDOM,0,37,38,36,126,74,69,60
ALIPY_UNCERTAINTY_ENTROPY,37,0,176,111,45,39,32,24
ALIPY_UNCERTAINTY_LC,38,176,0,173,79,25,27,25
ALIPY_UNCERTAINTY_MM,36,111,173,0,67,44,22,29
OPTIMAL_GREEDY_10,126,45,79,67,0,89,74,54
SKACTIVEML_DAL,74,39,25,44,89,0,50,55
SMALLTEXT_EMBEDDINGKMEANS,69,32,27,22,74,50,0,62
SMALLTEXT_LIGHTWEIGHTCORESET,60,24,25,29,54,55,62,0
