,ALIPY_RANDOM,ALIPY_UNCERTAINTY_ENTROPY,ALIPY_UNCERTAINTY_LC,ALIPY_UNCERTAINTY_MM,OPTIMAL_GREEDY_10,SKACTIVEML_DAL,SMALLTEXT_EMBEDDINGKMEANS,SMALLTEXT_LIGHTWEIGHTCORESET
ALIPY_RANDOM,0,75,64,56,191,117,117,111
ALIPY_UNCERTAINTY_ENTROPY,75,0,206,144,95,73,59,51
ALIPY_UNCERTAINTY_LC,64,206,0,226,127,53,61,51
ALIPY_UNCERTAINTY_MM,56,144,226,0,109,70,40,57
OPTIMAL_GREEDY_10,191,95,127,109,0,144,117,93
SKACTIVEML_DAL,117,73,53,70,144,0,77,79
SMALLTEXT_EMBEDDINGKMEANS,117,59,61,40,117,77,0,88
SMALLTEXT_LIGHTWEIGHTCORESET,111,51,51,57,93,79,88,0
