,ALIPY_RANDOM,ALIPY_UNCERTAINTY_ENTROPY,ALIPY_UNCERTAINTY_LC,ALIPY_UNCERTAINTY_MM,OPTIMAL_GREEDY_10,SKACTIVEML_DAL,SMALLTEXT_EMBEDDINGKMEANS,SMALLTEXT_LIGHTWEIGHTCORESET
ALIPY_RANDOM,0,38,36,33,123,69,68,60
ALIPY_UNCERTAINTY_ENTROPY,38,0,171,113,45,43,35,26
ALIPY_UNCERTAINTY_LC,36,171,0,171,80,26,26,26
ALIPY_UNCERTAINTY_MM,33,113,171,0,68,44,20,31
OPTIMAL_GREEDY_10,123,45,80,68,0,89,81,49
SKACTIVEML_DAL,69,43,26,44,89,0,50,54
SMALLTEXT_EMBEDDINGKMEANS,68,35,26,20,81,50,0,63
SMALLTEXT_LIGHTWEIGHTCORESET,60,26,26,31,49,54,63,0
