,ALIPY_RANDOM,ALIPY_UNCERTAINTY_ENTROPY,ALIPY_UNCERTAINTY_LC,ALIPY_UNCERTAINTY_MM,OPTIMAL_GREEDY_10,SKACTIVEML_DAL,SMALLTEXT_EMBEDDINGKMEANS,SMALLTEXT_LIGHTWEIGHTCORESET
ALIPY_RANDOM,0,131,132,106,262,192,163,164
ALIPY_UNCERTAINTY_ENTROPY,131,0,276,203,174,122,108,88
ALIPY_UNCERTAINTY_LC,132,276,0,271,199,103,100,91
ALIPY_UNCERTAINTY_MM,106,203,271,0,176,107,82,96
OPTIMAL_GREEDY_10,262,174,199,176,0,209,180,147
SKACTIVEML_DAL,192,122,103,107,209,0,133,137
SMALLTEXT_EMBEDDINGKMEANS,163,108,100,82,180,133,0,148
SMALLTEXT_LIGHTWEIGHTCORESET,164,88,91,96,147,137,148,0
