,ALIPY_RANDOM,ALIPY_UNCERTAINTY_ENTROPY,ALIPY_UNCERTAINTY_LC,ALIPY_UNCERTAINTY_MM,OPTIMAL_GREEDY_10,SKACTIVEML_DAL,SMALLTEXT_EMBEDDINGKMEANS,SMALLTEXT_LIGHTWEIGHTCORESET
ALIPY_RANDOM,0,37,33,33,124,70,70,62
ALIPY_UNCERTAINTY_ENTROPY,37,0,173,110,45,44,34,31
ALIPY_UNCERTAINTY_LC,33,173,0,174,83,27,24,26
ALIPY_UNCERTAINTY_MM,33,110,174,0,68,47,19,29
OPTIMAL_GREEDY_10,124,45,83,68,0,88,81,47
SKACTIVEML_DAL,70,44,27,47,88,0,50,51
SMALLTEXT_EMBEDDINGKMEANS,70,34,24,19,81,50,0,61
SMALLTEXT_LIGHTWEIGHTCORESET,62,31,26,29,47,51,61,0
