,ALIPY_RANDOM,ALIPY_UNCERTAINTY_ENTROPY,ALIPY_UNCERTAINTY_LC,ALIPY_UNCERTAINTY_MM,OPTIMAL_GREEDY_10,SKACTIVEML_DAL,SMALLTEXT_EMBEDDINGKMEANS,SMALLTEXT_LIGHTWEIGHTCORESET
ALIPY_RANDOM,0,22577,22542,22118,31443,28086,27363,26082
ALIPY_UNCERTAINTY_ENTROPY,22577,0,39219,35462,23882,23251,22990,22576
ALIPY_UNCERTAINTY_LC,22542,39219,0,39313,24299,22319,22459,23083
ALIPY_UNCERTAINTY_MM,22118,35462,39313,0,24092,22656,21873,22750
OPTIMAL_GREEDY_10,31443,23882,24299,24092,0,31178,28351,26225
SKACTIVEML_DAL,28086,23251,22319,22656,31178,0,27678,26767
SMALLTEXT_EMBEDDINGKMEANS,27363,22990,22459,21873,28351,27678,0,31333
SMALLTEXT_LIGHTWEIGHTCORESET,26082,22576,23083,22750,26225,26767,31333,0
