,ALIPY_RANDOM,ALIPY_UNCERTAINTY_ENTROPY,ALIPY_UNCERTAINTY_LC,ALIPY_UNCERTAINTY_MM,OPTIMAL_GREEDY_10,SKACTIVEML_DAL,SMALLTEXT_EMBEDDINGKMEANS,SMALLTEXT_LIGHTWEIGHTCORESET
ALIPY_RANDOM,0,72,64,53,191,116,119,113
ALIPY_UNCERTAINTY_ENTROPY,72,0,206,150,96,74,58,52
ALIPY_UNCERTAINTY_LC,64,206,0,228,126,50,58,48
ALIPY_UNCERTAINTY_MM,53,150,228,0,110,73,44,56
OPTIMAL_GREEDY_10,191,96,126,110,0,142,116,98
SKACTIVEML_DAL,116,74,50,73,142,0,76,77
SMALLTEXT_EMBEDDINGKMEANS,119,58,58,44,116,76,0,93
SMALLTEXT_LIGHTWEIGHTCORESET,113,52,48,56,98,77,93,0
