,ALIPY_RANDOM,ALIPY_UNCERTAINTY_ENTROPY,ALIPY_UNCERTAINTY_LC,ALIPY_UNCERTAINTY_MM,OPTIMAL_GREEDY_10,SKACTIVEML_DAL,SMALLTEXT_EMBEDDINGKMEANS,SMALLTEXT_LIGHTWEIGHTCORESET
ALIPY_RANDOM,0,36,40,34,129,76,70,59
ALIPY_UNCERTAINTY_ENTROPY,36,0,170,111,46,42,31,27
ALIPY_UNCERTAINTY_LC,40,170,0,171,82,27,29,27
ALIPY_UNCERTAINTY_MM,34,111,171,0,70,46,21,32
OPTIMAL_GREEDY_10,129,46,82,70,0,91,77,51
SKACTIVEML_DAL,76,42,27,46,91,0,49,48
SMALLTEXT_EMBEDDINGKMEANS,70,31,29,21,77,49,0,63
SMALLTEXT_LIGHTWEIGHTCORESET,59,27,27,32,51,48,63,0
