,ALIPY_RANDOM,ALIPY_UNCERTAINTY_ENTROPY,ALIPY_UNCERTAINTY_LC,ALIPY_UNCERTAINTY_MM,OPTIMAL_GREEDY_10,SKACTIVEML_DAL,SMALLTEXT_EMBEDDINGKMEANS,SMALLTEXT_LIGHTWEIGHTCORESET
ALIPY_RANDOM,0,41,39,30,129,70,75,61
ALIPY_UNCERTAINTY_ENTROPY,41,0,173,106,46,44,37,28
ALIPY_UNCERTAINTY_LC,39,173,0,169,85,24,32,28
ALIPY_UNCERTAINTY_MM,30,106,169,0,67,45,19,31
OPTIMAL_GREEDY_10,129,46,85,67,0,86,74,50
SKACTIVEML_DAL,70,44,24,45,86,0,47,48
SMALLTEXT_EMBEDDINGKMEANS,75,37,32,19,74,47,0,65
SMALLTEXT_LIGHTWEIGHTCORESET,61,28,28,31,50,48,65,0
