,ALIPY_RANDOM,ALIPY_UNCERTAINTY_ENTROPY,ALIPY_UNCERTAINTY_LC,ALIPY_UNCERTAINTY_MM,OPTIMAL_GREEDY_10,SKACTIVEML_DAL,SMALLTEXT_EMBEDDINGKMEANS,SMALLTEXT_LIGHTWEIGHTCORESET
ALIPY_RANDOM,0,74,66,51,187,116,120,114
ALIPY_UNCERTAINTY_ENTROPY,74,0,206,144,91,74,57,52
ALIPY_UNCERTAINTY_LC,66,206,0,225,129,50,59,49
ALIPY_UNCERTAINTY_MM,51,144,225,0,108,71,39,57
OPTIMAL_GREEDY_10,187,91,129,108,0,137,118,98
SKACTIVEML_DAL,116,74,50,71,137,0,77,78
SMALLTEXT_EMBEDDINGKMEANS,120,57,59,39,118,77,0,94
SMALLTEXT_LIGHTWEIGHTCORESET,114,52,49,57,98,78,94,0
