,ALIPY_RANDOM,ALIPY_UNCERTAINTY_ENTROPY,ALIPY_UNCERTAINTY_LC,ALIPY_UNCERTAINTY_MM,OPTIMAL_GREEDY_10,SKACTIVEML_DAL,SMALLTEXT_EMBEDDINGKMEANS,SMALLTEXT_LIGHTWEIGHTCORESET
ALIPY_RANDOM,0,43,34,33,131,68,66,61
ALIPY_UNCERTAINTY_ENTROPY,43,0,174,111,47,45,36,27
ALIPY_UNCERTAINTY_LC,34,174,0,171,82,27,29,26
ALIPY_UNCERTAINTY_MM,33,111,171,0,68,46,18,33
OPTIMAL_GREEDY_10,131,47,82,68,0,89,81,52
SKACTIVEML_DAL,68,45,27,46,89,0,47,54
SMALLTEXT_EMBEDDINGKMEANS,66,36,29,18,81,47,0,61
SMALLTEXT_LIGHTWEIGHTCORESET,61,27,26,33,52,54,61,0
