,ALIPY_RANDOM,ALIPY_UNCERTAINTY_ENTROPY,ALIPY_UNCERTAINTY_LC,ALIPY_UNCERTAINTY_MM,OPTIMAL_GREEDY_10,SKACTIVEML_DAL,SMALLTEXT_EMBEDDINGKMEANS,SMALLTEXT_LIGHTWEIGHTCORESET
ALIPY_RANDOM,0,135,128,107,263,193,165,165
ALIPY_UNCERTAINTY_ENTROPY,135,0,272,202,171,125,107,88
ALIPY_UNCERTAINTY_LC,128,272,0,269,197,103,96,91
ALIPY_UNCERTAINTY_MM,107,202,269,0,176,109,83,98
OPTIMAL_GREEDY_10,263,171,197,176,0,206,183,145
SKACTIVEML_DAL,193,125,103,109,206,0,133,137
SMALLTEXT_EMBEDDINGKMEANS,165,107,96,83,183,133,0,148
SMALLTEXT_LIGHTWEIGHTCORESET,165,88,91,98,145,137,148,0
