,ALIPY_RANDOM,ALIPY_UNCERTAINTY_ENTROPY,ALIPY_UNCERTAINTY_LC,ALIPY_UNCERTAINTY_MM,OPTIMAL_GREEDY_10,SKACTIVEML_DAL,SMALLTEXT_EMBEDDINGKMEANS,SMALLTEXT_LIGHTWEIGHTCORESET
ALIPY_RANDOM,0,39,37,33,123,67,70,63
ALIPY_UNCERTAINTY_ENTROPY,39,0,171,108,48,42,36,25
ALIPY_UNCERTAINTY_LC,37,171,0,169,78,27,25,26
ALIPY_UNCERTAINTY_MM,33,108,169,0,72,48,20,32
OPTIMAL_GREEDY_10,123,48,78,72,0,91,78,54
SKACTIVEML_DAL,67,42,27,48,91,0,49,51
SMALLTEXT_EMBEDDINGKMEANS,70,36,25,20,78,49,0,63
SMALLTEXT_LIGHTWEIGHTCORESET,63,25,26,32,54,51,63,0
