,ALIPY_CORESET_GREEDY,ALIPY_DENSITY_WEIGHTED,ALIPY_GRAPH_DENSITY,ALIPY_RANDOM,ALIPY_UNCERTAINTY_LC,ALIPY_UNCERTAINTY_MM,LIBACT_DWUS,LIBACT_QUIRE,LIBACT_UNCERTAINTY_ENT,LIBACT_UNCERTAINTY_LC,LIBACT_UNCERTAINTY_SM,OPTIMAL_GREEDY_10,OPTIMAL_GREEDY_20,PLAYGROUND_BANDIT,PLAYGROUND_GRAPH_DENSITY,PLAYGROUND_INFORMATIVE_DIVERSE,PLAYGROUND_KCENTER_GREEDY,PLAYGROUND_MARGIN,PLAYGROUND_MIXTURE,PLAYGROUND_UNIFORM,SKACTIVEML_COST_EMBEDDING,SKACTIVEML_DAL,SKACTIVEML_DWUS,SKACTIVEML_QBC,SKACTIVEML_QBC_VOTE_ENTROPY,SKACTIVEML_QUIRE,SKACTIVEML_US_ENTROPY,SKACTIVEML_US_LC,SKACTIVEML_US_MARGIN,SMALLTEXT_BREAKINGTIES,SMALLTEXT_CONTRASTIVEAL,SMALLTEXT_EMBEDDINGKMEANS,SMALLTEXT_GREEDYCORESET,SMALLTEXT_LEASTCONFIDENCE,SMALLTEXT_LIGHTWEIGHTCORESET,SMALLTEXT_PREDICTIONENTROPY,SMALLTEXT_RANDOM
ALIPY_CORESET_GREEDY,1.0,0.1666902372520846,0.11126353423014697,0.1305565298064195,0.10394062475250886,0.10035978141581907,0.09115311075158111,0.16287745935488251,0.08037946756876012,0.07952526955321484,0.07845893626890832,0.13711009537601684,0.13463801237738582,0.12061445687714256,0.11156335207666286,0.13040096394266126,0.885263104302669,0.10934865987079548,0.12925543349135055,0.15175025739079276,0.12052111735888763,0.13334822994331746,0.1040679059137656,0.10736024528494009,0.13230452442101215,0.12630251055019404,0.08064251530202406,0.08106678583954655,0.07756513966986095,0.08937117449398667,0.1243225813750891,0.13177560048423412,0.22988957652143416,0.09373833256021813,0.14958364917917794,0.09021688709878149,0.13041227782366185
ALIPY_DENSITY_WEIGHTED,0.1666902372520846,1.0,0.10113195379411,0.10378223041850046,0.15285053231810108,0.14664486858927217,0.12371163180105672,0.20282960163824998,0.11982814214760089,0.1224869041827418,0.11837713690927398,0.12728964666749634,0.12859357145281547,0.1552377612092276,0.10147137022412799,0.16175738513582313,0.1682656951814181,0.1491735209929062,0.1410077273807234,0.14016484324617873,0.16072216502426828,0.13572980189394368,0.15132598685327028,0.11998370801135913,0.12940251394435834,0.18562401710658807,0.12514849468813288,0.12506929752112866,0.12064839852014436,0.1306583547354249,0.15438073472343217,0.14039677780669102,0.19923744442055957,0.13589951010895268,0.15438073472343217,0.14018181406767963,0.10330704741647527
ALIPY_GRAPH_DENSITY,0.11126353423014697,0.10113195379411,1.0,0.13521784877866655,0.09556269587156482,0.09863724303347778,0.11751728195322841,0.09104280041182526,0.07397863939267087,0.07227024336158032,0.07653274802855624,0.13254494439227488,0.13039530700216095,0.11081380746037313,0.8954031701494564,0.11381764286603234,0.11441445008881397,0.10102164345435415,0.11215167388869404,0.1600772738072341,0.10248961951418195,0.12611017457318385,0.12532951678414248,0.11730797515471732,0.13720060642402163,0.09053650423704844,0.0732771787706337,0.07271148472060371,0.07557672508400556,0.08723285098487334,0.10692466086641701,0.1338432122370937,0.12760077839501285,0.08541414461402695,0.14544842567345875,0.08188138527158971,0.13442022016812427
ALIPY_RANDOM,0.1305565298064195,0.10378223041850046,0.13521784877866655,1.0,0.10370586172174641,0.10677192347290891,0.11676490886668854,0.09797820946519284,0.0806283729507733,0.07877855340717527,0.08259415977462749,0.19051444216909727,0.1880791292837182,0.13593345175195448,0.13601547738920883,0.14086630386821591,0.1349491441049023,0.11685259144444318,0.14836175003111318,0.21989659112765453,0.11800660730650435,0.1740810300157263,0.12232568137848326,0.1460112912532386,0.19520404584384582,0.09900211569574711,0.07921413782569835,0.08037381062825981,0.08425164334121533,0.0930906128729338,0.11910405376356252,0.1707660628825506,0.1447299942299207,0.09127756344258771,0.18535248396257367,0.08688777761435505,0.8905382013191985
ALIPY_UNCERTAINTY_LC,0.10394062475250886,0.15285053231810108,0.09556269587156482,0.10370586172174641,1.0,0.6878726509554572,0.09875603878398408,0.10086324912034575,0.17164854560059736,0.1930317806917307,0.16338941247015965,0.12066536934164526,0.12041080701913177,0.1850809508185593,0.10451480421328928,0.17938724020500751,0.11531107515811148,0.23143674974826614,0.1800773869460441,0.13695735798250874,0.15611741545702423,0.11871372486904183,0.12622897032369013,0.10591489698711348,0.11572686028488352,0.12943645558736014,0.17945795196126127,0.19809757090974917,0.16792062181089978,0.23242388586556847,0.11985076990960208,0.11451061807731906,0.12792322400352993,0.3270786427868352,0.1338149275345922,0.24711778881509724,0.1104432778576035
ALIPY_UNCERTAINTY_MM,0.10035978141581907,0.14664486858927217,0.09863724303347778,0.10677192347290891,0.6878726509554572,1.0,0.10171179019539073,0.09830065507370994,0.15289861631235363,0.16085510312602533,0.19005622998857297,0.12459411451910349,0.12483170602011608,0.19292995576272529,0.10756955208345119,0.18230056456266194,0.111735888761922,0.27423999004378474,0.19980879541108987,0.14002907667417155,0.15414031475216944,0.1213244029099302,0.1268568907192234,0.10739984386844219,0.11785386991299626,0.12496181565162298,0.1588525461889192,0.16493941416724178,0.19249154287395207,0.32320646701437994,0.1194830687770826,0.11703927048095308,0.1267946643737201,0.2332865692918642,0.13637469311097786,0.21731985472976795,0.11295495943973662
LIBACT_DWUS,0.09115311075158111,0.12371163180105672,0.11751728195322841,0.11676490886668854,0.09875603878398408,0.10171179019539073,1.0,0.15227069591682035,0.08455428965798138,0.08320228087840972,0.08646633554708272,0.1675076651543779,0.16655729915032755,0.13590516704945296,0.12582167060766855,0.1355714075599353,0.10221525789991741,0.11595313790489552,0.1269078031837261,0.17742993879190377,0.141301888286739,0.16605948838630116,0.21325817145055267,0.18182538156063674,0.17548395125980065,0.1421193161890323,0.08594872549130528,0.08550465566203175,0.08818604545917386,0.08825392874517746,0.17469197958975868,0.24722809915485308,0.15212361546381256,0.08433366897846968,0.1619978051070859,0.08830201273943,0.12186464072770882
LIBACT_QUIRE,0.16287745935488251,0.20282960163824998,0.09104280041182526,0.09797820946519284,0.10086324912034575,0.09830065507370994,0.15227069591682035,1.0,0.08607034971206173,0.08441286614547389,0.08262810141762929,0.14167524635975878,0.14140088474549425,0.1257396449704142,0.0990982836842522,0.12751592428750835,0.17299772590991888,0.1073149897609377,0.11698552954620023,0.1512807313292679,0.13921164877187822,0.15145043954427687,0.14649213119576407,0.14760654847432314,0.1483645785013633,0.18439363254777286,0.08733750438412889,0.08722153710387275,0.08416113229321054,0.08551596954303235,0.18210540011540158,0.16255218527611526,0.20939730955909805,0.08681423738785116,0.1615056512835598,0.09038942378404063,0.10429135506352744
LIBACT_UNCERTAINTY_ENT,0.08037946756876012,0.11982814214760089,0.07397863939267087,0.0806283729507733,0.17164854560059736,0.15289861631235363,0.08455428965798138,0.08607034971206173,1.0,0.708076413952278,0.6781596841164425,0.1072471064749341,0.10669838324640502,0.1372769751207757,0.08260547365562809,0.14447260343715704,0.0919450824216231,0.1350509690339077,0.12412458845757861,0.11338205844750925,0.1362021564257187,0.10695011709866836,0.12047586183488522,0.09129736273433876,0.10342867163723173,0.1119847941439352,0.1982305090115062,0.1750115967280256,0.15663219704255152,0.1799416203740369,0.1038190005317524,0.09842793623496668,0.10887630533902044,0.19760824555647324,0.1056716485456006,0.2252169436681865,0.08668978469684456
LIBACT_UNCERTAINTY_LC,0.07952526955321484,0.1224869041827418,0.07227024336158032,0.07877855340717527,0.1930317806917307,0.16085510312602533,0.08320228087840972,0.08441286614547389,0.708076413952278,1.0,0.6948391731815765,0.10687091993166416,0.10680303664566056,0.14237953545204612,0.08116578229830179,0.1489924988968966,0.0915886951701042,0.14080407752271262,0.12731793136999786,0.10648059103714347,0.1383998778100852,0.10425741342052565,0.12151391041669024,0.08989161302001425,0.10162410761763607,0.11066955547761549,0.18177164062588388,0.19906490773530044,0.16818366954416372,0.1891624333895256,0.09746625634991571,0.09596716711733626,0.10582721440935884,0.2214607351759874,0.1042885265932773,0.2061191125391743,0.08492481926075102
LIBACT_UNCERTAINTY_SM,0.07845893626890832,0.11837713690927398,0.07653274802855624,0.08259415977462749,0.16338941247015965,0.19005622998857297,0.08646633554708272,0.08262810141762929,0.6781596841164425,0.6948391731815765,1.0,0.11298890108273842,0.11237229456820573,0.14566904635297045,0.0852981773337708,0.15282507608584972,0.0901603176937785,0.14577652822247616,0.1317982282462353,0.11272868181972462,0.14041092015794177,0.10940522927579847,0.12417832939233145,0.0945981875162637,0.10738004457669115,0.10798816568047337,0.16080136219127247,0.16783859617364544,0.1961034993833935,0.21976082455564733,0.0960661635760915,0.09989874076504464,0.10490230463755983,0.1892981999615328,0.108641542308258,0.187886793306708,0.08874608256870355
OPTIMAL_GREEDY_10,0.13711009537601684,0.12728964666749634,0.13254494439227488,0.19051444216909727,0.12066536934164526,0.12459411451910349,0.1675076651543779,0.14167524635975878,0.1072471064749341,0.10687091993166416,0.11298890108273842,1.0,0.36652166042517564,0.1797832260400285,0.14134997228099155,0.18735786936992996,0.14785545385633633,0.14254641519680497,0.19370495661126635,0.2663146164028647,0.17158066231459376,0.24021349293448133,0.17221423965062735,0.21065032187991448,0.26558204260807583,0.14909715229615214,0.10864437077850815,0.11142758550465566,0.11476518039983255,0.10903187120277869,0.1603544638917488,0.23903684931041896,0.18011415705929604,0.10385011370450406,0.231660198898028,0.10582155746885855,0.19662959484992137
OPTIMAL_GREEDY_20,0.13463801237738582,0.12859357145281547,0.13039530700216095,0.1880791292837182,0.12041080701913177,0.12483170602011608,0.16655729915032755,0.14140088474549425,0.10669838324640502,0.10680303664566056,0.11237229456820573,0.36652166042517564,1.0,0.17973231357552583,0.1390023419733671,0.18758697546019212,0.14422086958489372,0.14195809338477378,0.1910886216298777,0.25939900664124815,0.17034744928552842,0.2388077432201568,0.17038987633928065,0.2067300621132067,0.2593905212304977,0.14770837340332854,0.10856517361150396,0.11208944754319074,0.11623881340016065,0.1085340604387523,0.1598227114847206,0.2380072861393644,0.17731397151164763,0.1041527600212701,0.2292305429531492,0.105377487639585,0.19490139952707977
PLAYGROUND_BANDIT,0.12061445687714256,0.1552377612092276,0.11081380746037313,0.13593345175195448,0.1850809508185593,0.19292995576272529,0.13590516704945296,0.1257396449704142,0.1372769751207757,0.14237953545204612,0.14566904635297045,0.1797832260400285,0.17973231357552583,1.0,0.1195056965390838,0.3772953036079966,0.13272879495853462,0.4605117268376571,0.38863181237059746,0.1878415377827056,0.224037471573874,0.1680620453234073,0.15118739181101293,0.1495016235419236,0.16883704617194836,0.16203740369058797,0.14204294749227828,0.145886838562232,0.14801384819034474,0.1710545668480659,0.1504548180162241,0.16220145496509666,0.15907316686843087,0.16186486700532884,0.17425922364148574,0.16079570525077216,0.1425888422505572
PLAYGROUND_GRAPH_DENSITY,0.11156335207666286,0.10147137022412799,0.8954031701494564,0.13601547738920883,0.10451480421328928,0.10756955208345119,0.12582167060766855,0.0990982836842522,0.08260547365562809,0.08116578229830179,0.0852981773337708,0.14134997228099155,0.1390023419733671,0.1195056965390838,1.0,0.12343727018679218,0.12263398463574961,0.10979838664056932,0.12119146480817315,0.16876916288594476,0.11118433706314276,0.1351358231414122,0.1336112776765814,0.12504101281862717,0.14566904635297045,0.09897383099324561,0.0820906920701008,0.08128174957855794,0.08431952662721894,0.09578331655107651,0.1151017683596004,0.14290280244832385,0.13634640840847637,0.09420220168124271,0.15360290540464094,0.09055064658829919,0.14262844083405932
PLAYGROUND_INFORMATIVE_DIVERSE,0.13040096394266126,0.16175738513582313,0.11381764286603234,0.14086630386821591,0.17938724020500751,0.18230056456266194,0.1355714075599353,0.12751592428750835,0.14447260343715704,0.1489924988968966,0.15282507608584972,0.18735786936992996,0.18758697546019212,0.3772953036079966,0.12343727018679218,1.0,0.14225225429078936,0.36668571169968434,0.3582710127054884,0.19007320081007387,0.20622376593842986,0.1694847658592327,0.15134861461527147,0.14983255456119113,0.17178996911310487,0.1566378539830518,0.1438588253928745,0.14762069082557389,0.15052552977247785,0.1616866733795694,0.1506188692907328,0.17292135721316484,0.16299625510538882,0.15925418896444046,0.1844417165420254,0.15473712197495107,0.1474170409675631
PLAYGROUND_KCENTER_GREEDY,0.885263104302669,0.1682656951814181,0.11441445008881397,0.1349491441049023,0.11531107515811148,0.111735888761922,0.10221525789991741,0.17299772590991888,0.0919450824216231,0.0915886951701042,0.0901603176937785,0.14785545385633633,0.14422086958489372,0.13272879495853462,0.12263398463574961,0.14225225429078936,1.0,0.12158745064319414,0.14121420570898435,0.16364680326292327,0.1320358197472479,0.14527306051794947,0.11542138549786733,0.11878160815504543,0.14369194564811566,0.13859221378709538,0.09220247321438674,0.09274836797266567,0.08911661217147318,0.10070485478633735,0.1348642899973978,0.1430357405500809,0.24170692522656045,0.10484007829205652,0.15965017479946145,0.10075293878058991,0.14042223403894238
PLAYGROUND_MARGIN,0.10934865987079548,0.1491735209929062,0.10102164345435415,0.11685259144444318,0.23143674974826614,0.27423999004378474,0.11595313790489552,0.1073149897609377,0.1350509690339077,0.14080407752271262,0.14577652822247616,0.14254641519680497,0.14195809338477378,0.4605117268376571,0.10979838664056932,0.36668571169968434,0.12158745064319414,1.0,0.4835128469118762,0.1545815561111928,0.20142385192392545,0.1322734112482605,0.12926674737235114,0.12335524454953783,0.1321998710217566,0.14803081901184564,0.141867582336769,0.14644970414201183,0.1490886668854017,0.25042144206727235,0.13078846436693178,0.13014923009039792,0.13634640840847637,0.20954156154185571,0.14879450597938612,0.19634109088440607,0.12350232500254563
PLAYGROUND_MIXTURE,0.12925543349135055,0.1410077273807234,0.11215167388869404,0.14836175003111318,0.1800773869460441,0.19980879541108987,0.1269078031837261,0.11698552954620023,0.12412458845757861,0.12731793136999786,0.1317982282462353,0.19370495661126635,0.1910886216298777,0.38863181237059746,0.12119146480817315,0.3582710127054884,0.14121420570898435,0.4835128469118762,1.0,0.19996153280459797,0.18848925746998993,0.16728704447486623,0.13792469480806002,0.14415015782863996,0.17598741896432735,0.1444132055619039,0.12704074128548315,0.1305169312229174,0.1351810786654146,0.1802244673990519,0.1399527079774175,0.17022582506477196,0.15627298132078246,0.15814260015613155,0.18056105535881975,0.15209250229106092,0.15550080894249155
PLAYGROUND_UNIFORM,0.15175025739079276,0.14016484324617873,0.1600772738072341,0.21989659112765453,0.13695735798250874,0.14002907667417155,0.17742993879190377,0.1512807313292679,0.11338205844750925,0.10648059103714347,0.11272868181972462,0.2663146164028647,0.25939900664124815,0.1878415377827056,0.16876916288594476,0.19007320081007387,0.16364680326292327,0.1545815561111928,0.19996153280459797,1.0,0.17148166585583852,0.23822507834862594,0.17614298482808557,0.20821218052428525,0.2661731928903572,0.148981185015896,0.10689637616391551,0.10655695973389752,0.111792458166925,0.12171756027470103,0.18107866541459716,0.24091212508626833,0.19714720490569881,0.11784255603199566,0.24614196657879553,0.11563917770712888,0.22511794720943126
SKACTIVEML_COST_EMBEDDING,0.12052111735888763,0.16072216502426828,0.10248961951418195,0.11800660730650435,0.15611741545702423,0.15414031475216944,0.141301888286739,0.13921164877187822,0.1362021564257187,0.1383998778100852,0.14041092015794177,0.17158066231459376,0.17034744928552842,0.224037471573874,0.11118433706314276,0.20622376593842986,0.1320358197472479,0.20142385192392545,0.18848925746998993,0.17148166585583852,1.0,0.16913120707796395,0.1650638668582484,0.1552547320307285,0.17012965707626687,0.19207292927692987,0.14155927907950264,0.14111803772047926,0.14074185117720933,0.1312155633747044,0.15480500526095467,0.15762499010035413,0.16029506601649565,0.13141072782196478,0.16792910722165025,0.13527441818366953,0.12480059284736443
SKACTIVEML_DAL,0.13334822994331746,0.13572980189394368,0.12611017457318385,0.1740810300157263,0.11871372486904183,0.1213244029099302,0.16605948838630116,0.15145043954427687,0.10695011709866836,0.10425741342052565,0.10940522927579847,0.24021349293448133,0.2388077432201568,0.1680620453234073,0.1351358231414122,0.1694847658592327,0.14527306051794947,0.1322734112482605,0.16728704447486623,0.23822507834862594,0.16913120707796395,1.0,0.17744690961340467,0.19978051070858838,0.2421340242343331,0.15257617070383653,0.1119169108579316,0.11164254924366705,0.11471143946507971,0.10324482107097198,0.17003914602826206,0.22023035061717222,0.1838053107357417,0.099358502947266,0.22108172016246733,0.10369737631099596,0.1789035717922319
SKACTIVEML_DWUS,0.1040679059137656,0.15132598685327028,0.12532951678414248,0.12232568137848326,0.12622897032369013,0.1268568907192234,0.21325817145055267,0.14649213119576407,0.12047586183488522,0.12151391041669024,0.12417832939233145,0.17221423965062735,0.17038987633928065,0.15118739181101293,0.1336112776765814,0.15134861461527147,0.11542138549786733,0.12926674737235114,0.13792469480806002,0.17614298482808557,0.1650638668582484,0.17744690961340467,1.0,0.1742959937547377,0.1785415276002127,0.15261294081708848,0.12710862457148675,0.12748763958500683,0.12875196578682385,0.10969656171156392,0.16178849830857478,0.199585346261328,0.1595342075192053,0.10621754330387953,0.16351952210166654,0.10975878805706722,0.12863317003631755
SKACTIVEML_QBC,0.10736024528494009,0.11998370801135913,0.11730797515471732,0.1460112912532386,0.10591489698711348,0.10739984386844219,0.18182538156063674,0.14760654847432314,0.09129736273433876,0.08989161302001425,0.0945981875162637,0.21065032187991448,0.2067300621132067,0.1495016235419236,0.12504101281862717,0.14983255456119113,0.11878160815504543,0.12335524454953783,0.14415015782863996,0.20821218052428525,0.1552547320307285,0.19978051070858838,0.1742959937547377,1.0,0.23075791688823016,0.14854842906762306,0.09422765791349406,0.09558249516331588,0.09926799189926121,0.09067792774955594,0.17095557038931064,0.2095302476608551,0.16038557706450043,0.0883359543824318,0.18965175874280155,0.091566067408103,0.15345582495163315
SKACTIVEML_QBC_VOTE_ENTROPY,0.13230452442101215,0.12940251394435834,0.13720060642402163,0.19520404584384582,0.11572686028488352,0.11785386991299626,0.17548395125980065,0.1483645785013633,0.10342867163723173,0.10162410761763607,0.10738004457669115,0.26558204260807583,0.2593905212304977,0.16883704617194836,0.14566904635297045,0.17178996911310487,0.14369194564811566,0.1321998710217566,0.17598741896432735,0.2661731928903572,0.17012965707626687,0.2421340242343331,0.1785415276002127,0.23075791688823016,1.0,0.14780454139183363,0.10622602871462998,0.10787219840021722,0.11160860760066525,0.10143177164062589,0.16580492606378766,0.23357790172762963,0.18707219387466484,0.09819883014470454,0.23169979748153008,0.10228596965617115,0.2004678289793748
SKACTIVEML_QUIRE,0.12630251055019404,0.18562401710658807,0.09053650423704844,0.09900211569574711,0.12943645558736014,0.12496181565162298,0.1421193161890323,0.18439363254777286,0.1119847941439352,0.11066955547761549,0.10798816568047337,0.14909715229615214,0.14770837340332854,0.16203740369058797,0.09897383099324561,0.1566378539830518,0.13859221378709538,0.14803081901184564,0.1444132055619039,0.148981185015896,0.19207292927692987,0.15257617070383653,0.15261294081708848,0.14854842906762306,0.14780454139183363,1.0,0.11496883025784335,0.11434939527306051,0.11080815051987283,0.10796836638872233,0.16824589588966704,0.14674669351827757,0.1754867797300508,0.11064975618586444,0.1538376684354034,0.11524036340185774,0.10497018792356343
SKACTIVEML_US_ENTROPY,0.08064251530202406,0.12514849468813288,0.0732771787706337,0.07921413782569835,0.17945795196126127,0.1588525461889192,0.08594872549130528,0.08733750438412889,0.1982305090115062,0.18177164062588388,0.16080136219127247,0.10864437077850815,0.10856517361150396,0.14204294749227828,0.0820906920701008,0.1438588253928745,0.09220247321438674,0.141867582336769,0.12704074128548315,0.10689637616391551,0.14155927907950264,0.1119169108579316,0.12710862457148675,0.09422765791349406,0.10622602871462998,0.11496883025784335,1.0,0.7135551608268185,0.6856551302793398,0.14773665810583003,0.10153076809938114,0.09761616527317366,0.107150938486429,0.16603120368379964,0.10452894656454004,0.1941377125595393,0.0853660606197744
SKACTIVEML_US_LC,0.08106678583954655,0.12506929752112866,0.07271148472060371,0.08037381062825981,0.19809757090974917,0.16493941416724178,0.08550465566203175,0.08722153710387275,0.1750115967280256,0.19906490773530044,0.16783859617364544,0.11142758550465566,0.11208944754319074,0.145886838562232,0.08128174957855794,0.14762069082557389,0.09274836797266567,0.14644970414201183,0.1305169312229174,0.10655695973389752,0.14111803772047926,0.11164254924366705,0.12748763958500683,0.09558249516331588,0.10787219840021722,0.11434939527306051,0.7135551608268185,1.0,0.6943951033523029,0.15449953047393847,0.10178533042189462,0.09905019968999966,0.10640422234038942,0.18480658920429474,0.105547195854594,0.1724037471573874,0.08681423738785116
SKACTIVEML_US_MARGIN,0.07756513966986095,0.12064839852014436,0.07557672508400556,0.08425164334121533,0.16792062181089978,0.19249154287395207,0.08818604545917386,0.08416113229321054,0.15663219704255152,0.16818366954416372,0.1961034993833935,0.11476518039983255,0.11623881340016065,0.14801384819034474,0.08431952662721894,0.15052552977247785,0.08911661217147318,0.1490886668854017,0.1351810786654146,0.111792458166925,0.14074185117720933,0.11471143946507971,0.12875196578682385,0.09926799189926121,0.11160860760066525,0.11080815051987283,0.6856551302793398,0.6943951033523029,1.0,0.18027255139330445,0.10048140563657551,0.10281206512269904,0.10549911186034146,0.15396777806691028,0.10895833097627479,0.15242343331032845,0.09029042732528539
SMALLTEXT_BREAKINGTIES,0.08937117449398667,0.1306583547354249,0.08723285098487334,0.0930906128729338,0.23242388586556847,0.32320646701437994,0.08825392874517746,0.08551596954303235,0.1799416203740369,0.1891624333895256,0.21976082455564733,0.10903187120277869,0.1085340604387523,0.1710545668480659,0.09578331655107651,0.1616866733795694,0.10070485478633735,0.25042144206727235,0.1802244673990519,0.12171756027470103,0.1312155633747044,0.10324482107097198,0.10969656171156392,0.09067792774955594,0.10143177164062589,0.10796836638872233,0.14773665810583003,0.15449953047393847,0.18027255139330445,1.0,0.10170896172514057,0.10368323395974521,0.11333680292350685,0.6883167207847308,0.1197828866235985,0.6733852263341894,0.09912939685700385
SMALLTEXT_CONTRASTIVEAL,0.1243225813750891,0.15438073472343217,0.10692466086641701,0.11910405376356252,0.11985076990960208,0.1194830687770826,0.17469197958975868,0.18210540011540158,0.1038190005317524,0.09746625634991571,0.0960661635760915,0.1603544638917488,0.1598227114847206,0.1504548180162241,0.1151017683596004,0.1506188692907328,0.1348642899973978,0.13078846436693178,0.1399527079774175,0.18107866541459716,0.15480500526095467,0.17003914602826206,0.16178849830857478,0.17095557038931064,0.16580492606378766,0.16824589588966704,0.10153076809938114,0.10178533042189462,0.10048140563657551,0.10170896172514057,1.0,0.18676106214714833,0.1889644404720151,0.10381051512100195,0.17428750834398724,0.10938825845429757,0.1251343523368821
SMALLTEXT_EMBEDDINGKMEANS,0.13177560048423412,0.14039677780669102,0.1338432122370937,0.1707660628825506,0.11451061807731906,0.11703927048095308,0.24722809915485308,0.16255218527611526,0.09842793623496668,0.09596716711733626,0.09989874076504464,0.23903684931041896,0.2380072861393644,0.16220145496509666,0.14290280244832385,0.17292135721316484,0.1430357405500809,0.13014923009039792,0.17022582506477196,0.24091212508626833,0.15762499010035413,0.22023035061717222,0.199585346261328,0.2095302476608551,0.23357790172762963,0.14674669351827757,0.09761616527317366,0.09905019968999966,0.10281206512269904,0.10368323395974521,0.18676106214714833,1.0,0.1939680043445303,0.09979691583603924,0.23478000158394333,0.10372000407299715,0.1767228212293663
SMALLTEXT_GREEDYCORESET,0.22988957652143416,0.19923744442055957,0.12760077839501285,0.1447299942299207,0.12792322400352993,0.1267946643737201,0.15212361546381256,0.20939730955909805,0.10887630533902044,0.10582721440935884,0.10490230463755983,0.18011415705929604,0.17731397151164763,0.15907316686843087,0.13634640840847637,0.16299625510538882,0.24170692522656045,0.13634640840847637,0.15627298132078246,0.19714720490569881,0.16029506601649565,0.1838053107357417,0.1595342075192053,0.16038557706450043,0.18707219387466484,0.1754867797300508,0.107150938486429,0.10640422234038942,0.10549911186034146,0.11333680292350685,0.1889644404720151,0.1939680043445303,1.0,0.11405523436704493,0.2111905596976931,0.11723726339846358,0.150641497052734
SMALLTEXT_LEASTCONFIDENCE,0.09373833256021813,0.13589951010895268,0.08541414461402695,0.09127756344258771,0.3270786427868352,0.2332865692918642,0.08433366897846968,0.08681423738785116,0.19760824555647324,0.2214607351759874,0.1892981999615328,0.10385011370450406,0.1041527600212701,0.16186486700532884,0.09420220168124271,0.15925418896444046,0.10484007829205652,0.20954156154185571,0.15814260015613155,0.11784255603199566,0.13141072782196478,0.099358502947266,0.10621754330387953,0.0883359543824318,0.09819883014470454,0.11064975618586444,0.16603120368379964,0.18480658920429474,0.15396777806691028,0.6883167207847308,0.10381051512100195,0.09979691583603924,0.11405523436704493,1.0,0.11999219342210958,0.7057429259959044,0.0994829556382726
SMALLTEXT_LIGHTWEIGHTCORESET,0.14958364917917794,0.15438073472343217,0.14544842567345875,0.18535248396257367,0.1338149275345922,0.13637469311097786,0.1619978051070859,0.1615056512835598,0.1056716485456006,0.1042885265932773,0.108641542308258,0.231660198898028,0.2292305429531492,0.17425922364148574,0.15360290540464094,0.1844417165420254,0.15965017479946145,0.14879450597938612,0.18056105535881975,0.24614196657879553,0.16792910722165025,0.22108172016246733,0.16351952210166654,0.18965175874280155,0.23169979748153008,0.1538376684354034,0.10452894656454004,0.105547195854594,0.10895833097627479,0.1197828866235985,0.17428750834398724,0.23478000158394333,0.2111905596976931,0.11999219342210958,1.0,0.11644529172842161,0.19375586907576905
SMALLTEXT_PREDICTIONENTROPY,0.09021688709878149,0.14018181406767963,0.08188138527158971,0.08688777761435505,0.24711778881509724,0.21731985472976795,0.08830201273943,0.09038942378404063,0.2252169436681865,0.2061191125391743,0.187886793306708,0.10582155746885855,0.105377487639585,0.16079570525077216,0.09055064658829919,0.15473712197495107,0.10075293878058991,0.19634109088440607,0.15209250229106092,0.11563917770712888,0.13527441818366953,0.10369737631099596,0.10975878805706722,0.091566067408103,0.10228596965617115,0.11524036340185774,0.1941377125595393,0.1724037471573874,0.15242343331032845,0.6733852263341894,0.10938825845429757,0.10372000407299715,0.11723726339846358,0.7057429259959044,0.11644529172842161,1.0,0.09512145451254143
SMALLTEXT_RANDOM,0.13041227782366185,0.10330704741647527,0.13442022016812427,0.8905382013191985,0.1104432778576035,0.11295495943973662,0.12186464072770882,0.10429135506352744,0.08668978469684456,0.08492481926075102,0.08874608256870355,0.19662959484992137,0.19490139952707977,0.1425888422505572,0.14262844083405932,0.1474170409675631,0.14042223403894238,0.12350232500254563,0.15550080894249155,0.22511794720943126,0.12480059284736443,0.1789035717922319,0.12863317003631755,0.15345582495163315,0.2004678289793748,0.10497018792356343,0.0853660606197744,0.08681423738785116,0.09029042732528539,0.09912939685700385,0.1251343523368821,0.1767228212293663,0.150641497052734,0.0994829556382726,0.19375586907576905,0.09512145451254143,1.0
