,ALIPY_CORESET_GREEDY,ALIPY_DENSITY_WEIGHTED,ALIPY_GRAPH_DENSITY,ALIPY_RANDOM,ALIPY_UNCERTAINTY_LC,ALIPY_UNCERTAINTY_MM,LIBACT_DWUS,LIBACT_QUIRE,LIBACT_UNCERTAINTY_ENT,LIBACT_UNCERTAINTY_LC,LIBACT_UNCERTAINTY_SM,OPTIMAL_GREEDY_10,OPTIMAL_GREEDY_20,PLAYGROUND_BANDIT,PLAYGROUND_GRAPH_DENSITY,PLAYGROUND_INFORMATIVE_DIVERSE,PLAYGROUND_KCENTER_GREEDY,PLAYGROUND_MARGIN,PLAYGROUND_MIXTURE,PLAYGROUND_UNIFORM,SKACTIVEML_COST_EMBEDDING,SKACTIVEML_DAL,SKACTIVEML_DWUS,SKACTIVEML_QBC,SKACTIVEML_QBC_VOTE_ENTROPY,SKACTIVEML_QUIRE,SKACTIVEML_US_ENTROPY,SKACTIVEML_US_LC,SKACTIVEML_US_MARGIN,SMALLTEXT_BREAKINGTIES,SMALLTEXT_CONTRASTIVEAL,SMALLTEXT_EMBEDDINGKMEANS,SMALLTEXT_GREEDYCORESET,SMALLTEXT_LEASTCONFIDENCE,SMALLTEXT_LIGHTWEIGHTCORESET,SMALLTEXT_PREDICTIONENTROPY,SMALLTEXT_RANDOM
ALIPY_CORESET_GREEDY,4034,441,366,492,240,217,528,774,250,205,205,596,616,326,385,274,2498,224,308,592,364,608,405,479,592,487,228,212,201,211,603,571,827,204,613,218,482
ALIPY_DENSITY_WEIGHTED,441,4034,198,194,583,545,263,573,553,575,548,302,322,600,195,742,412,576,513,277,774,291,327,217,286,780,604,544,553,492,517,277,542,495,315,522,183
ALIPY_GRAPH_DENSITY,366,198,4034,655,134,146,741,485,155,137,140,790,793,210,2516,158,357,137,176,772,236,710,550,771,734,361,127,122,125,136,599,650,587,114,720,114,639
ALIPY_RANDOM,492,194,655,4034,139,135,935,609,137,112,125,1059,1026,243,646,158,499,139,242,1061,214,1023,701,919,1033,417,112,119,133,116,675,944,739,129,988,120,2499
ALIPY_UNCERTAINTY_LC,240,583,134,139,4034,1975,158,225,627,670,588,179,200,554,147,690,215,672,527,172,718,178,225,133,163,485,647,705,563,643,320,166,267,923,196,721,152
ALIPY_UNCERTAINTY_MM,217,545,146,135,1975,4034,187,210,527,572,624,205,209,564,162,716,221,824,597,180,637,192,246,158,179,441,531,540,621,922,319,161,265,682,199,639,144
LIBACT_DWUS,528,263,741,935,158,187,4034,673,118,149,145,1231,1222,292,730,237,536,177,259,1196,350,1133,1084,1264,1225,519,136,132,142,128,820,1406,844,120,1083,131,899
LIBACT_QUIRE,774,573,485,609,225,210,673,4034,208,208,176,803,843,359,469,320,767,230,285,836,442,764,598,701,834,739,239,209,193,225,816,744,945,205,859,225,606
LIBACT_UNCERTAINTY_ENT,250,553,155,137,627,527,118,208,4034,2072,1947,177,155,386,144,524,206,445,361,193,543,145,191,118,162,387,632,599,483,524,310,163,276,577,167,665,141
LIBACT_UNCERTAINTY_LC,205,575,137,112,670,572,149,208,2072,4034,2020,133,159,416,139,546,228,445,371,140,560,148,192,108,120,339,629,651,546,559,267,107,254,699,153,658,105
LIBACT_UNCERTAINTY_SM,205,548,140,125,588,624,145,176,1947,2020,4034,154,151,444,124,586,219,492,405,143,543,163,205,115,141,352,518,567,661,660,272,139,259,540,136,541,124
OPTIMAL_GREEDY_10,596,302,790,1059,179,205,1231,803,177,133,154,4034,1583,320,759,234,587,183,317,1402,330,1284,1034,1278,1405,606,123,136,136,126,894,1256,979,148,1343,150,1066
OPTIMAL_GREEDY_20,616,322,793,1026,200,209,1222,843,155,159,151,1583,4034,348,801,246,579,155,284,1388,338,1331,968,1277,1384,608,166,150,158,175,913,1243,1017,162,1363,149,1018
PLAYGROUND_BANDIT,326,600,210,243,554,564,292,359,386,416,444,320,348,4034,218,1405,298,1254,1440,330,797,313,417,232,329,541,409,408,444,448,477,298,422,410,340,403,258
PLAYGROUND_GRAPH_DENSITY,385,195,2516,646,147,162,730,469,144,139,124,759,801,218,4034,168,347,129,179,791,234,704,542,731,752,371,120,120,135,140,604,678,577,111,731,115,625
PLAYGROUND_INFORMATIVE_DIVERSE,274,742,158,158,690,716,237,320,524,546,586,234,246,1405,168,4034,267,1450,1309,256,908,232,312,166,227,585,523,514,598,532,455,235,421,514,239,492,155
PLAYGROUND_KCENTER_GREEDY,2498,412,357,499,215,221,536,767,206,228,219,587,579,298,347,267,4034,238,315,593,353,601,433,482,612,505,211,213,195,190,604,569,817,217,607,212,473
PLAYGROUND_MARGIN,224,576,137,139,672,824,177,230,445,445,492,183,155,1254,129,1450,238,4034,1814,177,702,165,240,140,161,476,451,468,508,643,322,132,290,549,154,503,132
PLAYGROUND_MIXTURE,308,513,176,242,527,597,259,285,361,371,405,317,284,1440,179,1309,315,1814,4034,282,665,279,346,204,278,483,390,409,390,531,436,193,369,432,284,428,227
PLAYGROUND_UNIFORM,592,277,772,1061,172,180,1196,836,193,140,143,1402,1388,330,791,256,593,177,282,4034,358,1312,946,1203,1346,596,143,157,156,153,995,1254,963,141,1388,136,1040
SKACTIVEML_COST_EMBEDDING,364,774,236,214,718,637,350,442,543,560,543,330,338,797,234,908,353,702,665,358,4034,353,455,256,363,809,583,526,518,502,588,353,543,521,355,532,244
SKACTIVEML_DAL,608,291,710,1023,178,192,1133,764,145,148,163,1284,1331,313,704,232,601,165,279,1312,353,4034,884,1132,1341,629,145,135,158,140,925,1219,1004,123,1298,148,975
SKACTIVEML_DWUS,405,327,550,701,225,246,1084,598,191,192,205,1034,968,417,542,312,433,240,346,946,455,884,4034,1009,965,551,184,167,183,184,625,1032,608,169,879,193,716
SKACTIVEML_QBC,479,217,771,919,133,158,1264,701,118,108,115,1278,1277,232,731,166,482,140,204,1203,256,1132,1009,4034,1199,566,114,120,115,99,835,1256,808,101,1123,103,925
SKACTIVEML_QBC_VOTE_ENTROPY,592,286,734,1033,163,179,1225,834,162,120,141,1405,1384,329,752,227,612,161,278,1346,363,1341,965,1199,4034,586,142,144,133,120,967,1258,972,127,1355,146,1010
SKACTIVEML_QUIRE,487,780,361,417,485,441,519,739,387,339,352,606,608,541,371,585,505,476,483,596,809,629,551,566,586,4034,316,335,346,298,817,525,745,341,636,335,415
SKACTIVEML_US_ENTROPY,228,604,127,112,647,531,136,239,632,629,518,123,166,409,120,523,211,451,390,143,583,145,184,114,142,316,4034,2114,2009,492,310,118,275,596,131,669,124
SKACTIVEML_US_LC,212,544,122,119,705,540,132,209,599,651,567,136,150,408,120,514,213,468,409,157,526,135,167,120,144,335,2114,4034,2002,513,300,130,269,628,146,627,113
SKACTIVEML_US_MARGIN,201,553,125,133,563,621,142,193,483,546,661,136,158,444,135,598,195,508,390,156,518,158,183,115,133,346,2009,2002,4034,600,289,151,255,517,158,496,128
SMALLTEXT_BREAKINGTIES,211,492,136,116,643,922,128,225,524,559,660,126,175,448,140,532,190,643,531,153,502,140,184,99,120,298,492,513,600,4034,272,128,214,2042,148,1948,122
SMALLTEXT_CONTRASTIVEAL,603,517,599,675,320,319,820,816,310,267,272,894,913,477,604,455,604,322,436,995,588,925,625,835,967,817,310,300,289,272,4034,847,986,259,937,294,668
SMALLTEXT_EMBEDDINGKMEANS,571,277,650,944,166,161,1406,744,163,107,139,1256,1243,298,678,235,569,132,193,1254,353,1219,1032,1256,1258,525,118,130,151,128,847,4034,937,115,1185,128,941
SMALLTEXT_GREEDYCORESET,827,542,587,739,267,265,844,945,276,254,259,979,1017,422,577,421,817,290,369,963,543,1004,608,808,972,745,275,269,255,214,986,937,4034,217,992,254,716
SMALLTEXT_LEASTCONFIDENCE,204,495,114,129,923,682,120,205,577,699,540,148,162,410,111,514,217,549,432,141,521,123,169,101,127,341,596,628,517,2042,259,115,217,4034,151,2117,117
SMALLTEXT_LIGHTWEIGHTCORESET,613,315,720,988,196,199,1083,859,167,153,136,1343,1363,340,731,239,607,154,284,1388,355,1298,879,1123,1355,636,131,146,158,148,937,1185,992,151,4034,148,1008
SMALLTEXT_PREDICTIONENTROPY,218,522,114,120,721,639,131,225,665,658,541,150,149,403,115,492,212,503,428,136,532,148,193,103,146,335,669,627,496,1948,294,128,254,2117,148,4034,129
SMALLTEXT_RANDOM,482,183,639,2499,152,144,899,606,141,105,124,1066,1018,258,625,155,473,132,227,1040,244,975,716,925,1010,415,124,113,128,122,668,941,716,117,1008,129,4034
