,ALIPY_CORESET_GREEDY,ALIPY_DENSITY_WEIGHTED,ALIPY_GRAPH_DENSITY,ALIPY_RANDOM,ALIPY_UNCERTAINTY_LC,ALIPY_UNCERTAINTY_MM,LIBACT_DWUS,LIBACT_QUIRE,LIBACT_UNCERTAINTY_ENT,LIBACT_UNCERTAINTY_LC,LIBACT_UNCERTAINTY_SM,OPTIMAL_GREEDY_10,OPTIMAL_GREEDY_20,PLAYGROUND_BANDIT,PLAYGROUND_GRAPH_DENSITY,PLAYGROUND_INFORMATIVE_DIVERSE,PLAYGROUND_KCENTER_GREEDY,PLAYGROUND_MARGIN,PLAYGROUND_MIXTURE,PLAYGROUND_UNIFORM,SKACTIVEML_COST_EMBEDDING,SKACTIVEML_DAL,SKACTIVEML_DWUS,SKACTIVEML_QBC,SKACTIVEML_QBC_VOTE_ENTROPY,SKACTIVEML_QUIRE,SKACTIVEML_US_ENTROPY,SKACTIVEML_US_LC,SKACTIVEML_US_MARGIN,SMALLTEXT_BREAKINGTIES,SMALLTEXT_CONTRASTIVEAL,SMALLTEXT_EMBEDDINGKMEANS,SMALLTEXT_GREEDYCORESET,SMALLTEXT_LEASTCONFIDENCE,SMALLTEXT_LIGHTWEIGHTCORESET,SMALLTEXT_PREDICTIONENTROPY,SMALLTEXT_RANDOM
ALIPY_CORESET_GREEDY,1.0,0.07982151710461081,0.049826474962816066,0.0480912245909767,0.04833911750123947,0.046355974219137334,0.06470004957858205,0.07659890927119484,0.03024293505205751,0.03173029251363411,0.03148239960337134,0.07535944471988101,0.06618740704015866,0.05528011898859692,0.050322260783341594,0.059742191373326724,0.9881011403073872,0.05230540406544373,0.053544868616757564,0.07709469509172037,0.06618740704015866,0.07288051561725335,0.06767476450173525,0.07114526524541398,0.07461576598909271,0.07015369360436291,0.03148239960337134,0.03272186415468518,0.029995042141794746,0.03272186415468518,0.07040158651462568,0.07535944471988101,0.0909766980664353,0.031978185423896875,0.07015369360436291,0.03396132870599901,0.046355974219137334
ALIPY_DENSITY_WEIGHTED,0.07982151710461081,1.0,0.056023797719385225,0.05775904809122459,0.146504709965295,0.14005949429846307,0.17055032226078334,0.1665840356965791,0.08279623202776401,0.09345562716906297,0.08676251859196826,0.1554288547347546,0.1626177491323748,0.18071393158155677,0.057263262270699056,0.1938522558254834,0.08180466038671294,0.15716410510659395,0.1536936043629152,0.16088249876053545,0.2055032226078334,0.16955875061973227,0.2077342588001983,0.15790778383738224,0.1752602875557759,0.21269211700545365,0.08453148239960337,0.0917203767972236,0.08329201784828955,0.07610312345066932,0.17476450173525038,0.17178978681209717,0.17773921665840356,0.08180466038671294,0.15592464055528013,0.0880019831432821,0.05751115518096182
ALIPY_GRAPH_DENSITY,0.049826474962816066,0.056023797719385225,1.0,0.048834903321764996,0.04908279623202776,0.050322260783341594,0.08477937530986614,0.06891422905304909,0.031234506693108576,0.02875557759048091,0.03222607833415964,0.0850272682201289,0.07610312345066932,0.06246901338621715,0.993554784333168,0.061973227565691624,0.054784333168071395,0.051313832424392664,0.05503222607833416,0.07783837382250867,0.061973227565691624,0.07610312345066932,0.07585523054040655,0.07511155180961825,0.0805651958353991,0.06296479920674268,0.029995042141794746,0.030490827962320277,0.029995042141794746,0.031234506693108576,0.07089737233515121,0.07362419434804164,0.07982151710461081,0.02875557759048091,0.07312840852751612,0.03247397124442241,0.0458601883986118
ALIPY_RANDOM,0.0480912245909767,0.05775904809122459,0.048834903321764996,1.0,0.045364402578086264,0.04338125929598413,0.06916212196331185,0.059742191373326724,0.03272186415468518,0.03371343579573624,0.03470500743678731,0.08254833911750124,0.07982151710461081,0.049826474962816066,0.0495785820525533,0.056023797719385225,0.05304908279623203,0.0443728309370352,0.05081804660386713,0.07783837382250867,0.062221120475954385,0.07263262270699058,0.06891422905304909,0.06941001487357462,0.07659890927119484,0.053792761527020325,0.03173029251363411,0.03247397124442241,0.03594447198810114,0.028507684680218144,0.059494298463063956,0.07957362419434805,0.07164105106593951,0.027020327218641546,0.07312840852751612,0.02602875557759048,0.9940505701536936
ALIPY_UNCERTAINTY_LC,0.04833911750123947,0.146504709965295,0.04908279623202776,0.045364402578086264,1.0,0.7345066931085771,0.08205255329697571,0.08304412493802678,0.10039662865642042,0.12047595438770452,0.10039662865642042,0.08676251859196826,0.0887456618740704,0.12667327714427368,0.052553296975706494,0.12741695587506197,0.05577590480912246,0.17104610808130888,0.12518591968269707,0.1036192364898364,0.12964799206742686,0.09816559246405553,0.11279127416955875,0.07957362419434805,0.08849776896380764,0.1065939514129896,0.10386712940009915,0.11427863163113534,0.0954387704511651,0.14154685176003967,0.08552305404065444,0.08824987605354487,0.08304412493802678,0.22905304908279622,0.0872583044124938,0.15443728309370353,0.043877045116509666
ALIPY_UNCERTAINTY_MM,0.046355974219137334,0.14005949429846307,0.050322260783341594,0.04338125929598413,0.7345066931085771,1.0,0.0842835894893406,0.08180466038671294,0.08849776896380764,0.09147248388696083,0.11403073872087258,0.08824987605354487,0.08775409023301933,0.12915220624690135,0.05280118988596926,0.1249380267724343,0.052553296975706494,0.21244422409519087,0.13882002974714924,0.10386712940009915,0.1294000991571641,0.09196826970748637,0.11204759543877045,0.07783837382250867,0.08279623202776401,0.10213187902825979,0.09072880515617253,0.09370352007932573,0.11155180961824492,0.22806147744174515,0.08626673277144274,0.09271194843827467,0.08899355478433317,0.14700049578582053,0.08081308874566187,0.13212692117005453,0.0421417947446703
LIBACT_DWUS,0.06470004957858205,0.17055032226078334,0.08477937530986614,0.06916212196331185,0.08205255329697571,0.0842835894893406,1.0,0.18839861179970252,0.051065939514129896,0.047595438770451165,0.05007436787307883,0.18765493306891423,0.1906296479920674,0.14476945959345563,0.08676251859196826,0.14700049578582053,0.06990580069410014,0.11328705999008429,0.124194348041646,0.19533961328705998,0.1707982151710461,0.20674268715914726,0.20054536440257809,0.20451165096678234,0.19162121963311848,0.1670798215171046,0.05428854734754586,0.05577590480912246,0.05800694100148736,0.051065939514129896,0.18443232523549827,0.2131879028259792,0.19038175508180466,0.043877045116509666,0.1871591472483887,0.05081804660386713,0.06717897868120971
LIBACT_QUIRE,0.07659890927119484,0.1665840356965791,0.06891422905304909,0.059742191373326724,0.08304412493802678,0.08180466038671294,0.18839861179970252,1.0,0.050322260783341594,0.04709965294992563,0.048834903321764996,0.1745166088249876,0.17402082300446206,0.13931581556767478,0.06965790778383739,0.12915220624690135,0.07907783837382251,0.10089241447694595,0.10857709469509172,0.18145761031234506,0.15989092711948438,0.18517600396628656,0.16980664352999505,0.18319286068418444,0.1901338621715419,0.17550818046603867,0.044868616757560736,0.048834903321764996,0.04610808130887457,0.044868616757560736,0.1893901834407536,0.1782350024789291,0.20252850768468023,0.04338125929598413,0.19038175508180466,0.045364402578086264,0.06048587010411502
LIBACT_UNCERTAINTY_ENT,0.03024293505205751,0.08279623202776401,0.031234506693108576,0.03272186415468518,0.10039662865642042,0.08849776896380764,0.051065939514129896,0.050322260783341594,1.0,0.763262270699058,0.7416955875061974,0.06990580069410014,0.06519583539910759,0.08378780366881507,0.03495290034705007,0.08626673277144274,0.03891918691125434,0.07560733763014378,0.07362419434804164,0.06271690629647993,0.08899355478433317,0.07535944471988101,0.08180466038671294,0.059494298463063956,0.06941001487357462,0.07734258800198314,0.11849281110560238,0.10337134357957363,0.09048091224590976,0.08527516113039167,0.07015369360436291,0.06544372830937036,0.07535944471988101,0.09048091224590976,0.06420426375805652,0.11725334655428855,0.03148239960337134
LIBACT_UNCERTAINTY_LC,0.03173029251363411,0.09345562716906297,0.02875557759048091,0.03371343579573624,0.12047595438770452,0.09147248388696083,0.047595438770451165,0.04709965294992563,0.763262270699058,1.0,0.7526028755577591,0.06668319286068418,0.06742687159147248,0.08824987605354487,0.031978185423896875,0.09890927119484383,0.03966286564204264,0.07585523054040655,0.07982151710461081,0.060981655924640554,0.09122459097669806,0.07188894397620228,0.0842835894893406,0.05404065443728309,0.05899851264253842,0.07560733763014378,0.10337134357957363,0.11353495290034706,0.10262766484878533,0.09221616261774913,0.06445215666831929,0.06618740704015866,0.06891422905304909,0.10634605850272683,0.06668319286068418,0.10510659395141299,0.031978185423896875
LIBACT_UNCERTAINTY_SM,0.03148239960337134,0.08676251859196826,0.03222607833415964,0.03470500743678731,0.10039662865642042,0.11403073872087258,0.05007436787307883,0.048834903321764996,0.7416955875061974,0.7526028755577591,1.0,0.07585523054040655,0.06445215666831929,0.09444719881011403,0.03619236489836391,0.09444719881011403,0.039167079821517105,0.08626673277144274,0.0857709469509172,0.06643529995042141,0.0894893406048587,0.06618740704015866,0.08205255329697571,0.05899851264253842,0.06494794248884482,0.07164105106593951,0.0917203767972236,0.0984134853743183,0.11601388200297472,0.10039662865642042,0.06519583539910759,0.07089737233515121,0.07040158651462568,0.0924640555280119,0.06792265741199802,0.09890927119484383,0.033217649975210706
OPTIMAL_GREEDY_10,0.07535944471988101,0.1554288547347546,0.0850272682201289,0.08254833911750124,0.08676251859196826,0.08824987605354487,0.18765493306891423,0.1745166088249876,0.06990580069410014,0.06668319286068418,0.07585523054040655,1.0,0.2404561229548835,0.1611303916707982,0.0887456618740704,0.1457610312345067,0.08477937530986614,0.11527020327218641,0.12692117005453643,0.20252850768468023,0.18071393158155677,0.19162121963311848,0.19509172037679723,0.2020327218641547,0.19633118492811105,0.16732771442736738,0.07188894397620228,0.06817055032226078,0.06544372830937036,0.06246901338621715,0.17426871591472484,0.1998016856717898,0.20104115022310362,0.053544868616757564,0.19757064947942488,0.06296479920674268,0.08155676747645017
OPTIMAL_GREEDY_20,0.06618740704015866,0.1626177491323748,0.07610312345066932,0.07982151710461081,0.0887456618740704,0.08775409023301933,0.1906296479920674,0.17402082300446206,0.06519583539910759,0.06742687159147248,0.06445215666831929,0.2404561229548835,1.0,0.15468517600396628,0.07982151710461081,0.15840356965790778,0.07511155180961825,0.11576598909271195,0.12171541893901834,0.20798215171046108,0.18021814576103123,0.19757064947942488,0.18914229053049084,0.19856222112047595,0.20748636588993555,0.17402082300446206,0.06693108577094695,0.06866633614278632,0.06643529995042141,0.052553296975706494,0.1715418939018344,0.1983143282102132,0.1998016856717898,0.05428854734754586,0.20153693604362916,0.056023797719385225,0.07882994546355974
PLAYGROUND_BANDIT,0.05528011898859692,0.18071393158155677,0.06246901338621715,0.049826474962816066,0.12667327714427368,0.12915220624690135,0.14476945959345563,0.13931581556767478,0.08378780366881507,0.08824987605354487,0.09444719881011403,0.1611303916707982,0.15468517600396628,1.0,0.06693108577094695,0.3601883986117997,0.06494794248884482,0.3668815071888944,0.3329201784828954,0.14476945959345563,0.20327218641546851,0.16162617749132374,0.1745166088249876,0.1502231036192365,0.16013882002974714,0.16782350024789291,0.08750619732275657,0.08973723351512147,0.08378780366881507,0.08031730292513634,0.1499752107089737,0.14774417451660882,0.1591472483886961,0.07783837382250867,0.15047099652949925,0.08378780366881507,0.048834903321764996
PLAYGROUND_GRAPH_DENSITY,0.050322260783341594,0.057263262270699056,0.993554784333168,0.0495785820525533,0.052553296975706494,0.05280118988596926,0.08676251859196826,0.06965790778383739,0.03495290034705007,0.031978185423896875,0.03619236489836391,0.0887456618740704,0.07982151710461081,0.06693108577094695,1.0,0.06569162121963312,0.059494298463063956,0.05552801189885969,0.05924640555280119,0.08230044620723848,0.06593951412989589,0.07982151710461081,0.07858205255329698,0.07858205255329698,0.08477937530986614,0.06643529995042141,0.03346554288547347,0.034209221616261776,0.033217649975210706,0.03396132870599901,0.07188894397620228,0.07709469509172037,0.0850272682201289,0.030986613782845812,0.07535944471988101,0.03520079325731284,0.04908279623202776
PLAYGROUND_INFORMATIVE_DIVERSE,0.059742191373326724,0.1938522558254834,0.061973227565691624,0.056023797719385225,0.12741695587506197,0.1249380267724343,0.14700049578582053,0.12915220624690135,0.08626673277144274,0.09890927119484383,0.09444719881011403,0.1457610312345067,0.15840356965790778,0.3601883986117997,0.06569162121963312,1.0,0.06841844323252355,0.33490332176499754,0.3284581060981656,0.15518096182449181,0.19211700545364402,0.16385721368368864,0.18021814576103123,0.14724838869608328,0.15245413981160139,0.16757560733763013,0.08701041150223103,0.09816559246405553,0.09221616261774913,0.0805651958353991,0.14179474467030243,0.14848785324739713,0.15245413981160139,0.07932573128408528,0.15195835399107585,0.0894893406048587,0.05453644025780863
PLAYGROUND_KCENTER_GREEDY,0.9881011403073872,0.08180466038671294,0.054784333168071395,0.05304908279623203,0.05577590480912246,0.052553296975706494,0.06990580069410014,0.07907783837382251,0.03891918691125434,0.03966286564204264,0.039167079821517105,0.08477937530986614,0.07511155180961825,0.06494794248884482,0.059494298463063956,0.06841844323252355,1.0,0.060981655924640554,0.06246901338621715,0.0857709469509172,0.07436787307882994,0.08081308874566187,0.07535944471988101,0.07659890927119484,0.08279623202776401,0.07535944471988101,0.03867129400099157,0.04090233019335647,0.036936043629152204,0.03966286564204264,0.07288051561725335,0.08378780366881507,0.10039662865642042,0.03718393653941497,0.07486365889935548,0.03941497273177987,0.05230540406544373
PLAYGROUND_MARGIN,0.05230540406544373,0.15716410510659395,0.051313832424392664,0.0443728309370352,0.17104610808130888,0.21244422409519087,0.11328705999008429,0.10089241447694595,0.07560733763014378,0.07585523054040655,0.08626673277144274,0.11527020327218641,0.11576598909271195,0.3668815071888944,0.05552801189885969,0.33490332176499754,0.060981655924640554,1.0,0.485126425384234,0.11279127416955875,0.16584035696579078,0.11874070401586515,0.12741695587506197,0.11179970252850768,0.1212196331184928,0.14179474467030243,0.08081308874566187,0.08378780366881507,0.0835399107585523,0.1663361427863163,0.11130391670798215,0.10560237977193852,0.11923648983639068,0.1301437778879524,0.0984134853743183,0.12469013386217154,0.0436291522062469
PLAYGROUND_MIXTURE,0.053544868616757564,0.1536936043629152,0.05503222607833416,0.05081804660386713,0.12518591968269707,0.13882002974714924,0.124194348041646,0.10857709469509172,0.07362419434804164,0.07982151710461081,0.0857709469509172,0.12692117005453643,0.12171541893901834,0.3329201784828954,0.05924640555280119,0.3284581060981656,0.06246901338621715,0.485126425384234,1.0,0.12692117005453643,0.1650966782350025,0.13039167079821518,0.14080317302925136,0.12295488349033218,0.12394645513138325,0.13857213683688646,0.06990580069410014,0.07982151710461081,0.07585523054040655,0.10783341596430342,0.12221120475954388,0.12146752602875557,0.12964799206742686,0.0894893406048587,0.11923648983639068,0.0894893406048587,0.05007436787307883
PLAYGROUND_UNIFORM,0.07709469509172037,0.16088249876053545,0.07783837382250867,0.07783837382250867,0.1036192364898364,0.10386712940009915,0.19533961328705998,0.18145761031234506,0.06271690629647993,0.060981655924640554,0.06643529995042141,0.20252850768468023,0.20798215171046108,0.14476945959345563,0.08230044620723848,0.15518096182449181,0.0857709469509172,0.11279127416955875,0.12692117005453643,1.0,0.18443232523549827,0.20228061477441744,0.18591968269707487,0.20277640059494298,0.20674268715914726,0.18368864650470995,0.07337630143777887,0.06866633614278632,0.07312840852751612,0.06271690629647993,0.1931085770946951,0.20748636588993555,0.19881011403073873,0.06172533465542886,0.1923648983639068,0.06717897868120971,0.07734258800198314
SKACTIVEML_COST_EMBEDDING,0.06618740704015866,0.2055032226078334,0.061973227565691624,0.062221120475954385,0.12964799206742686,0.1294000991571641,0.1707982151710461,0.15989092711948438,0.08899355478433317,0.09122459097669806,0.0894893406048587,0.18071393158155677,0.18021814576103123,0.20327218641546851,0.06593951412989589,0.19211700545364402,0.07436787307882994,0.16584035696579078,0.1650966782350025,0.18443232523549827,1.0,0.1893901834407536,0.1968269707486366,0.18319286068418444,0.1826970748636589,0.19410014873574616,0.0917203767972236,0.0917203767972236,0.08899355478433317,0.07734258800198314,0.17426871591472484,0.19137332672285573,0.19112543381259295,0.0768468021814576,0.1841844323252355,0.0850272682201289,0.060981655924640554
SKACTIVEML_DAL,0.07288051561725335,0.16955875061973227,0.07610312345066932,0.07263262270699058,0.09816559246405553,0.09196826970748637,0.20674268715914726,0.18517600396628656,0.07535944471988101,0.07188894397620228,0.06618740704015866,0.19162121963311848,0.19757064947942488,0.16162617749132374,0.07982151710461081,0.16385721368368864,0.08081308874566187,0.11874070401586515,0.13039167079821518,0.20228061477441744,0.1893901834407536,1.0,0.20649479424888448,0.2057511155180962,0.21194843827466534,0.18740704015865145,0.06841844323252355,0.07486365889935548,0.06817055032226078,0.06172533465542886,0.18765493306891423,0.21219633118492812,0.19657907783837383,0.05775904809122459,0.20252850768468023,0.06246901338621715,0.07139315815567675
SKACTIVEML_DWUS,0.06767476450173525,0.2077342588001983,0.07585523054040655,0.06891422905304909,0.11279127416955875,0.11204759543877045,0.20054536440257809,0.16980664352999505,0.08180466038671294,0.0842835894893406,0.08205255329697571,0.19509172037679723,0.18914229053049084,0.1745166088249876,0.07858205255329698,0.18021814576103123,0.07535944471988101,0.12741695587506197,0.14080317302925136,0.18591968269707487,0.1968269707486366,0.20649479424888448,1.0,0.18393653941497273,0.20054536440257809,0.18988596926127913,0.08453148239960337,0.08552305404065444,0.08527516113039167,0.07089737233515121,0.1670798215171046,0.1960832920178483,0.19038175508180466,0.06792265741199802,0.18468021814576102,0.07411998016856718,0.06668319286068418
SKACTIVEML_QBC,0.07114526524541398,0.15790778383738224,0.07511155180961825,0.06941001487357462,0.07957362419434805,0.07783837382250867,0.20451165096678234,0.18319286068418444,0.059494298463063956,0.05404065443728309,0.05899851264253842,0.2020327218641547,0.19856222112047595,0.1502231036192365,0.07858205255329698,0.14724838869608328,0.07659890927119484,0.11179970252850768,0.12295488349033218,0.20277640059494298,0.18319286068418444,0.2057511155180962,0.18393653941497273,1.0,0.22211204759543876,0.17129400099157163,0.05899851264253842,0.06569162121963312,0.06172533465542886,0.0480912245909767,0.18319286068418444,0.21170054536440258,0.1849281110560238,0.0466038671294001,0.20525532969757065,0.05304908279623203,0.06916212196331185
SKACTIVEML_QBC_VOTE_ENTROPY,0.07461576598909271,0.1752602875557759,0.0805651958353991,0.07659890927119484,0.08849776896380764,0.08279623202776401,0.19162121963311848,0.1901338621715419,0.06941001487357462,0.05899851264253842,0.06494794248884482,0.19633118492811105,0.20748636588993555,0.16013882002974714,0.08477937530986614,0.15245413981160139,0.08279623202776401,0.1212196331184928,0.12394645513138325,0.20674268715914726,0.1826970748636589,0.21194843827466534,0.20054536440257809,0.22211204759543876,1.0,0.18170550322260784,0.06817055032226078,0.06817055032226078,0.06618740704015866,0.053792761527020325,0.18616757560733763,0.2077342588001983,0.19137332672285573,0.05552801189885969,0.2131879028259792,0.06494794248884482,0.07659890927119484
SKACTIVEML_QUIRE,0.07015369360436291,0.21269211700545365,0.06296479920674268,0.053792761527020325,0.1065939514129896,0.10213187902825979,0.1670798215171046,0.17550818046603867,0.07734258800198314,0.07560733763014378,0.07164105106593951,0.16732771442736738,0.17402082300446206,0.16782350024789291,0.06643529995042141,0.16757560733763013,0.07535944471988101,0.14179474467030243,0.13857213683688646,0.18368864650470995,0.19410014873574616,0.18740704015865145,0.18988596926127913,0.17129400099157163,0.18170550322260784,1.0,0.07610312345066932,0.07461576598909271,0.07188894397620228,0.06321269211700545,0.1923648983639068,0.17625185919682698,0.1893901834407536,0.058750619732275654,0.16311353495290035,0.06494794248884482,0.053792761527020325
SKACTIVEML_US_ENTROPY,0.03148239960337134,0.08453148239960337,0.029995042141794746,0.03173029251363411,0.10386712940009915,0.09072880515617253,0.05428854734754586,0.044868616757560736,0.11849281110560238,0.10337134357957363,0.0917203767972236,0.07188894397620228,0.06693108577094695,0.08750619732275657,0.03346554288547347,0.08701041150223103,0.03867129400099157,0.08081308874566187,0.06990580069410014,0.07337630143777887,0.0917203767972236,0.06841844323252355,0.08453148239960337,0.05899851264253842,0.06817055032226078,0.07610312345066932,1.0,0.7647496281606346,0.7481408031730292,0.07709469509172037,0.06346058502726822,0.06916212196331185,0.06866633614278632,0.09072880515617253,0.05999008428358949,0.11031234506693109,0.030738720872583045
SKACTIVEML_US_LC,0.03272186415468518,0.0917203767972236,0.030490827962320277,0.03247397124442241,0.11427863163113534,0.09370352007932573,0.05577590480912246,0.048834903321764996,0.10337134357957363,0.11353495290034706,0.0984134853743183,0.06817055032226078,0.06866633614278632,0.08973723351512147,0.034209221616261776,0.09816559246405553,0.04090233019335647,0.08378780366881507,0.07982151710461081,0.06866633614278632,0.0917203767972236,0.07486365889935548,0.08552305404065444,0.06569162121963312,0.06817055032226078,0.07461576598909271,0.7647496281606346,1.0,0.7513634110064452,0.0813088745661874,0.06693108577094695,0.07213683688646505,0.07089737233515121,0.09519087754090233,0.06668319286068418,0.09866137828458106,0.03148239960337134
SKACTIVEML_US_MARGIN,0.029995042141794746,0.08329201784828955,0.029995042141794746,0.03594447198810114,0.0954387704511651,0.11155180961824492,0.05800694100148736,0.04610808130887457,0.09048091224590976,0.10262766484878533,0.11601388200297472,0.06544372830937036,0.06643529995042141,0.08378780366881507,0.033217649975210706,0.09221616261774913,0.036936043629152204,0.0835399107585523,0.07585523054040655,0.07312840852751612,0.08899355478433317,0.06817055032226078,0.08527516113039167,0.06172533465542886,0.06618740704015866,0.07188894397620228,0.7481408031730292,0.7513634110064452,1.0,0.0946950917203768,0.06891422905304909,0.07139315815567675,0.07040158651462568,0.08230044620723848,0.06246901338621715,0.08477937530986614,0.034209221616261776
SMALLTEXT_BREAKINGTIES,0.03272186415468518,0.07610312345066932,0.031234506693108576,0.028507684680218144,0.14154685176003967,0.22806147744174515,0.051065939514129896,0.044868616757560736,0.08527516113039167,0.09221616261774913,0.10039662865642042,0.06246901338621715,0.052553296975706494,0.08031730292513634,0.03396132870599901,0.0805651958353991,0.03966286564204264,0.1663361427863163,0.10783341596430342,0.06271690629647993,0.07734258800198314,0.06172533465542886,0.07089737233515121,0.0480912245909767,0.053792761527020325,0.06321269211700545,0.07709469509172037,0.0813088745661874,0.0946950917203768,1.0,0.05651958353991076,0.0518096182449182,0.05999008428358949,0.7317798710956867,0.0458601883986118,0.7302925136341101,0.027268220128904314
SMALLTEXT_CONTRASTIVEAL,0.07040158651462568,0.17476450173525038,0.07089737233515121,0.059494298463063956,0.08552305404065444,0.08626673277144274,0.18443232523549827,0.1893901834407536,0.07015369360436291,0.06445215666831929,0.06519583539910759,0.17426871591472484,0.1715418939018344,0.1499752107089737,0.07188894397620228,0.14179474467030243,0.07288051561725335,0.11130391670798215,0.12221120475954388,0.1931085770946951,0.17426871591472484,0.18765493306891423,0.1670798215171046,0.18319286068418444,0.18616757560733763,0.1923648983639068,0.06346058502726822,0.06693108577094695,0.06891422905304909,0.05651958353991076,1.0,0.1864154685176004,0.18988596926127913,0.05627169062964799,0.18443232523549827,0.05999008428358949,0.05850272682201289
SMALLTEXT_EMBEDDINGKMEANS,0.07535944471988101,0.17178978681209717,0.07362419434804164,0.07957362419434805,0.08824987605354487,0.09271194843827467,0.2131879028259792,0.1782350024789291,0.06544372830937036,0.06618740704015866,0.07089737233515121,0.1998016856717898,0.1983143282102132,0.14774417451660882,0.07709469509172037,0.14848785324739713,0.08378780366881507,0.10560237977193852,0.12146752602875557,0.20748636588993555,0.19137332672285573,0.21219633118492812,0.1960832920178483,0.21170054536440258,0.2077342588001983,0.17625185919682698,0.06916212196331185,0.07213683688646505,0.07139315815567675,0.0518096182449182,0.1864154685176004,1.0,0.1980664352999504,0.050322260783341594,0.1923648983639068,0.057263262270699056,0.07783837382250867
SMALLTEXT_GREEDYCORESET,0.0909766980664353,0.17773921665840356,0.07982151710461081,0.07164105106593951,0.08304412493802678,0.08899355478433317,0.19038175508180466,0.20252850768468023,0.07535944471988101,0.06891422905304909,0.07040158651462568,0.20104115022310362,0.1998016856717898,0.1591472483886961,0.0850272682201289,0.15245413981160139,0.10039662865642042,0.11923648983639068,0.12964799206742686,0.19881011403073873,0.19112543381259295,0.19657907783837383,0.19038175508180466,0.1849281110560238,0.19137332672285573,0.1893901834407536,0.06866633614278632,0.07089737233515121,0.07040158651462568,0.05999008428358949,0.18988596926127913,0.1980664352999504,1.0,0.06346058502726822,0.20054536440257809,0.06916212196331185,0.07089737233515121
SMALLTEXT_LEASTCONFIDENCE,0.031978185423896875,0.08180466038671294,0.02875557759048091,0.027020327218641546,0.22905304908279622,0.14700049578582053,0.043877045116509666,0.04338125929598413,0.09048091224590976,0.10634605850272683,0.0924640555280119,0.053544868616757564,0.05428854734754586,0.07783837382250867,0.030986613782845812,0.07932573128408528,0.03718393653941497,0.1301437778879524,0.0894893406048587,0.06172533465542886,0.0768468021814576,0.05775904809122459,0.06792265741199802,0.0466038671294001,0.05552801189885969,0.058750619732275654,0.09072880515617253,0.09519087754090233,0.08230044620723848,0.7317798710956867,0.05627169062964799,0.050322260783341594,0.06346058502726822,1.0,0.0518096182449182,0.7481408031730292,0.030490827962320277
SMALLTEXT_LIGHTWEIGHTCORESET,0.07015369360436291,0.15592464055528013,0.07312840852751612,0.07312840852751612,0.0872583044124938,0.08081308874566187,0.1871591472483887,0.19038175508180466,0.06420426375805652,0.06668319286068418,0.06792265741199802,0.19757064947942488,0.20153693604362916,0.15047099652949925,0.07535944471988101,0.15195835399107585,0.07486365889935548,0.0984134853743183,0.11923648983639068,0.1923648983639068,0.1841844323252355,0.20252850768468023,0.18468021814576102,0.20525532969757065,0.2131879028259792,0.16311353495290035,0.05999008428358949,0.06668319286068418,0.06246901338621715,0.0458601883986118,0.18443232523549827,0.1923648983639068,0.20054536440257809,0.0518096182449182,1.0,0.05676747645017353,0.0768468021814576
SMALLTEXT_PREDICTIONENTROPY,0.03396132870599901,0.0880019831432821,0.03247397124442241,0.02602875557759048,0.15443728309370353,0.13212692117005453,0.05081804660386713,0.045364402578086264,0.11725334655428855,0.10510659395141299,0.09890927119484383,0.06296479920674268,0.056023797719385225,0.08378780366881507,0.03520079325731284,0.0894893406048587,0.03941497273177987,0.12469013386217154,0.0894893406048587,0.06717897868120971,0.0850272682201289,0.06246901338621715,0.07411998016856718,0.05304908279623203,0.06494794248884482,0.06494794248884482,0.11031234506693109,0.09866137828458106,0.08477937530986614,0.7302925136341101,0.05999008428358949,0.057263262270699056,0.06916212196331185,0.7481408031730292,0.05676747645017353,1.0,0.029747149231531978
SMALLTEXT_RANDOM,0.046355974219137334,0.05751115518096182,0.0458601883986118,0.9940505701536936,0.043877045116509666,0.0421417947446703,0.06717897868120971,0.06048587010411502,0.03148239960337134,0.031978185423896875,0.033217649975210706,0.08155676747645017,0.07882994546355974,0.048834903321764996,0.04908279623202776,0.05453644025780863,0.05230540406544373,0.0436291522062469,0.05007436787307883,0.07734258800198314,0.060981655924640554,0.07139315815567675,0.06668319286068418,0.06916212196331185,0.07659890927119484,0.053792761527020325,0.030738720872583045,0.03148239960337134,0.034209221616261776,0.027268220128904314,0.05850272682201289,0.07783837382250867,0.07089737233515121,0.030490827962320277,0.0768468021814576,0.029747149231531978,1.0
