,ALIPY_CORESET_GREEDY,ALIPY_DENSITY_WEIGHTED,ALIPY_GRAPH_DENSITY,ALIPY_RANDOM,ALIPY_UNCERTAINTY_LC,ALIPY_UNCERTAINTY_MM,LIBACT_DWUS,LIBACT_QUIRE,LIBACT_UNCERTAINTY_ENT,LIBACT_UNCERTAINTY_LC,LIBACT_UNCERTAINTY_SM,OPTIMAL_GREEDY_10,OPTIMAL_GREEDY_20,PLAYGROUND_BANDIT,PLAYGROUND_GRAPH_DENSITY,PLAYGROUND_INFORMATIVE_DIVERSE,PLAYGROUND_KCENTER_GREEDY,PLAYGROUND_MARGIN,PLAYGROUND_MIXTURE,PLAYGROUND_UNIFORM,SKACTIVEML_COST_EMBEDDING,SKACTIVEML_DAL,SKACTIVEML_DWUS,SKACTIVEML_QBC,SKACTIVEML_QBC_VOTE_ENTROPY,SKACTIVEML_QUIRE,SKACTIVEML_US_ENTROPY,SKACTIVEML_US_LC,SKACTIVEML_US_MARGIN,SMALLTEXT_BREAKINGTIES,SMALLTEXT_CONTRASTIVEAL,SMALLTEXT_EMBEDDINGKMEANS,SMALLTEXT_GREEDYCORESET,SMALLTEXT_LEASTCONFIDENCE,SMALLTEXT_LIGHTWEIGHTCORESET,SMALLTEXT_PREDICTIONENTROPY,SMALLTEXT_RANDOM
ALIPY_CORESET_GREEDY,1.0,0.15666831928606842,0.09295984134853744,0.11204759543877045,0.06395637084779375,0.06841844323252355,0.10014873574615767,0.1849281110560238,0.060981655924640554,0.06122954883490332,0.06048587010411502,0.15865146256817056,0.15865146256817056,0.07114526524541398,0.09295984134853744,0.12816063460585028,1.0,0.05205751115518096,0.10014873574615767,0.12890431333663857,0.10213187902825979,0.1375805651958354,0.0835399107585523,0.10832920178482895,0.14179474467030243,0.09395141298958849,0.05428854734754586,0.053544868616757564,0.05899851264253842,0.04685176003966286,0.13113534952900346,0.16584035696579078,0.24367873078829946,0.0466038671294001,0.1301437778879524,0.05205751115518096,0.11204759543877045
ALIPY_DENSITY_WEIGHTED,0.15666831928606842,1.0,0.05775904809122459,0.06147744174516609,0.1028755577590481,0.10213187902825979,0.11155180961824492,0.18542389687654934,0.09196826970748637,0.09395141298958849,0.0887456618740704,0.07337630143777887,0.07882994546355974,0.06841844323252355,0.05775904809122459,0.06073376301437779,0.15666831928606842,0.06965790778383739,0.06643529995042141,0.07015369360436291,0.08676251859196826,0.1028755577590481,0.12840852751611304,0.07932573128408528,0.08304412493802678,0.13138324243926625,0.10064452156668319,0.09643034209221617,0.09072880515617253,0.0894893406048587,0.11948438274665345,0.09643034209221617,0.1499752107089737,0.09667823500247893,0.08180466038671294,0.09568666336142786,0.06147744174516609
ALIPY_GRAPH_DENSITY,0.09295984134853744,0.05775904809122459,1.0,0.0991571641051066,0.04610808130887457,0.044124938026772434,0.13584531482399603,0.07982151710461081,0.03767972235994051,0.03743182944967774,0.04189390183440753,0.11477441745166088,0.10708973723351513,0.05528011898859692,1.0,0.09593455627169063,0.09295984134853744,0.04090233019335647,0.08031730292513634,0.09890927119484383,0.058254833911750126,0.11700545364402579,0.16608824987605356,0.10634605850272683,0.11551809618244918,0.03891918691125434,0.03272186415468518,0.03371343579573624,0.03966286564204264,0.03445711452652454,0.08453148239960337,0.12915220624690135,0.10163609320773426,0.03718393653941497,0.09890927119484383,0.035696579077838374,0.0991571641051066
ALIPY_RANDOM,0.11204759543877045,0.06147744174516609,0.0991571641051066,1.0,0.058750619732275654,0.05999008428358949,0.09742191373326722,0.07089737233515121,0.052553296975706494,0.049826474962816066,0.051065939514129896,0.19335647000495787,0.19112543381259295,0.0805651958353991,0.0991571641051066,0.13113534952900346,0.11204759543877045,0.05676747645017353,0.11130391670798215,0.19286068418443233,0.08081308874566187,0.16038671294000992,0.07139315815567675,0.12816063460585028,0.1745166088249876,0.05404065443728309,0.0473475458601884,0.050322260783341594,0.054784333168071395,0.04908279623202776,0.0805651958353991,0.18368864650470995,0.11328705999008429,0.04685176003966286,0.16757560733763013,0.0495785820525533,1.0
ALIPY_UNCERTAINTY_LC,0.06395637084779375,0.1028755577590481,0.04610808130887457,0.058750619732275654,1.0,0.7327714427367378,0.06470004957858205,0.06569162121963312,0.13708477937530986,0.17426871591472484,0.10907288051561725,0.07635101636093208,0.07461576598909271,0.11105602379771938,0.04610808130887457,0.07015369360436291,0.06395637084779375,0.16881507188894398,0.09965294992563213,0.07288051561725335,0.08626673277144274,0.08180466038671294,0.07957362419434805,0.07164105106593951,0.07089737233515121,0.07461576598909271,0.13336638572136836,0.1670798215171046,0.11229548834903322,0.19732275656916212,0.07139315815567675,0.07858205255329698,0.07238472979672782,0.3475458601883986,0.06767476450173525,0.23797719385225583,0.058750619732275654
ALIPY_UNCERTAINTY_MM,0.06841844323252355,0.10213187902825979,0.044124938026772434,0.05999008428358949,0.7327714427367378,1.0,0.07535944471988101,0.06073376301437779,0.0961824491819534,0.10535448686167576,0.16236985622211206,0.07635101636093208,0.07610312345066932,0.131631135349529,0.044124938026772434,0.0768468021814576,0.06841844323252355,0.23797719385225583,0.13138324243926625,0.07288051561725335,0.0880019831432821,0.07759048091224591,0.08081308874566187,0.07411998016856718,0.07337630143777887,0.07263262270699058,0.09643034209221617,0.10262766484878533,0.15964303420922163,0.3408527516113039,0.07288051561725335,0.0768468021814576,0.07560733763014378,0.19583539910758552,0.07312840852751612,0.17402082300446206,0.05999008428358949
LIBACT_DWUS,0.10014873574615767,0.11155180961824492,0.13584531482399603,0.09742191373326722,0.06470004957858205,0.07535944471988101,1.0,0.14823996033713435,0.05850272682201289,0.05503222607833416,0.06494794248884482,0.14179474467030243,0.1308874566187407,0.07387208725830441,0.13584531482399603,0.09444719881011403,0.10014873574615767,0.06073376301437779,0.09295984134853744,0.12270699058006941,0.07957362419434805,0.13782845810609817,0.17625185919682698,0.13857213683688646,0.12394645513138325,0.10436291522062469,0.058254833911750126,0.05552801189885969,0.07064947942488845,0.061973227565691624,0.11303916707982152,0.19211700545364402,0.14030738720872582,0.05428854734754586,0.1383242439266237,0.05676747645017353,0.09742191373326722
LIBACT_QUIRE,0.1849281110560238,0.18542389687654934,0.07982151710461081,0.07089737233515121,0.06569162121963312,0.06073376301437779,0.14823996033713435,1.0,0.05924640555280119,0.05775904809122459,0.05404065443728309,0.0835399107585523,0.08527516113039167,0.06246901338621715,0.07982151710461081,0.06891422905304909,0.1849281110560238,0.05156172533465543,0.07362419434804164,0.08849776896380764,0.07635101636093208,0.10932077342588002,0.13113534952900346,0.09791769955379276,0.09072880515617253,0.13510163609320774,0.059494298463063956,0.053792761527020325,0.05230540406544373,0.05453644025780863,0.17649975210708974,0.11626177491323748,0.17055032226078334,0.05751115518096182,0.10089241447694595,0.059494298463063956,0.07089737233515121
LIBACT_UNCERTAINTY_ENT,0.060981655924640554,0.09196826970748637,0.03767972235994051,0.052553296975706494,0.13708477937530986,0.0961824491819534,0.05850272682201289,0.05924640555280119,1.0,0.7761527020327219,0.7186415468517601,0.07139315815567675,0.07783837382250867,0.07089737233515121,0.03767972235994051,0.06841844323252355,0.060981655924640554,0.06296479920674268,0.06643529995042141,0.07486365889935548,0.07114526524541398,0.07461576598909271,0.07188894397620228,0.053792761527020325,0.06916212196331185,0.07064947942488845,0.16906296479920674,0.1249380267724343,0.09271194843827467,0.16435299950421417,0.07560733763014378,0.06990580069410014,0.06593951412989589,0.2072384729796728,0.06470004957858205,0.2560733763014378,0.052553296975706494
LIBACT_UNCERTAINTY_LC,0.06122954883490332,0.09395141298958849,0.03743182944967774,0.049826474962816066,0.17426871591472484,0.10535448686167576,0.05503222607833416,0.05775904809122459,0.7761527020327219,1.0,0.7436787307882995,0.061973227565691624,0.07064947942488845,0.06841844323252355,0.03743182944967774,0.07139315815567675,0.06122954883490332,0.07139315815567675,0.06866633614278632,0.06445215666831929,0.07560733763014378,0.06767476450173525,0.06916212196331185,0.05156172533465543,0.06891422905304909,0.06767476450173525,0.13435795736241943,0.16906296479920674,0.1036192364898364,0.17873078829945463,0.06147744174516609,0.06742687159147248,0.06841844323252355,0.24938026772434307,0.06321269211700545,0.20996529499256322,0.049826474962816066
LIBACT_UNCERTAINTY_SM,0.06048587010411502,0.0887456618740704,0.04189390183440753,0.051065939514129896,0.10907288051561725,0.16236985622211206,0.06494794248884482,0.05404065443728309,0.7186415468517601,0.7436787307882995,1.0,0.07337630143777887,0.07808626673277144,0.07783837382250867,0.04189390183440753,0.07808626673277144,0.06048587010411502,0.07610312345066932,0.07337630143777887,0.07213683688646505,0.07957362419434805,0.07040158651462568,0.07288051561725335,0.058254833911750126,0.07709469509172037,0.06792265741199802,0.09221616261774913,0.10461080813088745,0.15716410510659395,0.23425880019831433,0.05924640555280119,0.06965790778383739,0.06519583539910759,0.17724343083787802,0.06717897868120971,0.17699553792761527,0.051065939514129896
OPTIMAL_GREEDY_10,0.15865146256817056,0.07337630143777887,0.11477441745166088,0.19335647000495787,0.07635101636093208,0.07635101636093208,0.14179474467030243,0.0835399107585523,0.07139315815567675,0.061973227565691624,0.07337630143777887,1.0,0.3973723351512147,0.0999008428358949,0.11477441745166088,0.17352503718393653,0.15865146256817056,0.07932573128408528,0.15121467526028756,0.23549826474962815,0.10014873574615767,0.19038175508180466,0.0887456618740704,0.14105106593951414,0.23574615765989093,0.07833415964303421,0.06618740704015866,0.06817055032226078,0.06990580069410014,0.06271690629647993,0.10907288051561725,0.263262270699058,0.14303420922161625,0.06048587010411502,0.19533961328705998,0.06470004957858205,0.19335647000495787
OPTIMAL_GREEDY_20,0.15865146256817056,0.07882994546355974,0.10708973723351513,0.19112543381259295,0.07461576598909271,0.07610312345066932,0.1308874566187407,0.08527516113039167,0.07783837382250867,0.07064947942488845,0.07808626673277144,0.3973723351512147,1.0,0.10783341596430342,0.10708973723351513,0.1760039662865642,0.15865146256817056,0.07486365889935548,0.15567674764501735,0.2345066931085771,0.10981655924640556,0.19162121963311848,0.09568666336142786,0.14724838869608328,0.24020823004462072,0.07585523054040655,0.07114526524541398,0.06841844323252355,0.07387208725830441,0.07263262270699058,0.11601388200297472,0.2627664848785325,0.1502231036192365,0.06817055032226078,0.1998016856717898,0.07263262270699058,0.19112543381259295
PLAYGROUND_BANDIT,0.07114526524541398,0.06841844323252355,0.05528011898859692,0.0805651958353991,0.11105602379771938,0.131631135349529,0.07387208725830441,0.06246901338621715,0.07089737233515121,0.06841844323252355,0.07783837382250867,0.0999008428358949,0.10783341596430342,1.0,0.05528011898859692,0.30168567178978684,0.07114526524541398,0.5969261279127417,0.30565195835399106,0.10585027268220129,0.15939514129895885,0.09717402082300446,0.07436787307882994,0.09791769955379276,0.10832920178482895,0.10039662865642042,0.07188894397620228,0.07511155180961825,0.07982151710461081,0.11303916707982152,0.07436787307882994,0.09048091224590976,0.07511155180961825,0.09048091224590976,0.08899355478433317,0.0887456618740704,0.0805651958353991
PLAYGROUND_GRAPH_DENSITY,0.09295984134853744,0.05775904809122459,1.0,0.0991571641051066,0.04610808130887457,0.044124938026772434,0.13584531482399603,0.07982151710461081,0.03767972235994051,0.03743182944967774,0.04189390183440753,0.11477441745166088,0.10708973723351513,0.05528011898859692,1.0,0.09593455627169063,0.09295984134853744,0.04090233019335647,0.08031730292513634,0.09890927119484383,0.058254833911750126,0.11700545364402579,0.16608824987605356,0.10634605850272683,0.11551809618244918,0.03891918691125434,0.03272186415468518,0.03371343579573624,0.03966286564204264,0.03445711452652454,0.08453148239960337,0.12915220624690135,0.10163609320773426,0.03718393653941497,0.09890927119484383,0.035696579077838374,0.0991571641051066
PLAYGROUND_INFORMATIVE_DIVERSE,0.12816063460585028,0.06073376301437779,0.09593455627169063,0.13113534952900346,0.07015369360436291,0.0768468021814576,0.09444719881011403,0.06891422905304909,0.06841844323252355,0.07139315815567675,0.07808626673277144,0.17352503718393653,0.1760039662865642,0.30168567178978684,0.09593455627169063,1.0,0.12816063460585028,0.28061477441745164,0.2962320277640059,0.14551313832424392,0.12295488349033218,0.13485374318294496,0.07015369360436291,0.11774913237481408,0.15865146256817056,0.08527516113039167,0.06420426375805652,0.06494794248884482,0.07387208725830441,0.06569162121963312,0.07585523054040655,0.15815567674764502,0.1028755577590481,0.05999008428358949,0.13361427863163114,0.06271690629647993,0.13113534952900346
PLAYGROUND_KCENTER_GREEDY,1.0,0.15666831928606842,0.09295984134853744,0.11204759543877045,0.06395637084779375,0.06841844323252355,0.10014873574615767,0.1849281110560238,0.060981655924640554,0.06122954883490332,0.06048587010411502,0.15865146256817056,0.15865146256817056,0.07114526524541398,0.09295984134853744,0.12816063460585028,1.0,0.05205751115518096,0.10014873574615767,0.12890431333663857,0.10213187902825979,0.1375805651958354,0.0835399107585523,0.10832920178482895,0.14179474467030243,0.09395141298958849,0.05428854734754586,0.053544868616757564,0.05899851264253842,0.04685176003966286,0.13113534952900346,0.16584035696579078,0.24367873078829946,0.0466038671294001,0.1301437778879524,0.05205751115518096,0.11204759543877045
PLAYGROUND_MARGIN,0.05205751115518096,0.06965790778383739,0.04090233019335647,0.05676747645017353,0.16881507188894398,0.23797719385225583,0.06073376301437779,0.05156172533465543,0.06296479920674268,0.07139315815567675,0.07610312345066932,0.07932573128408528,0.07486365889935548,0.5969261279127417,0.04090233019335647,0.28061477441745164,0.05205751115518096,1.0,0.4119980168567179,0.07387208725830441,0.14551313832424392,0.07461576598909271,0.061973227565691624,0.07411998016856718,0.08081308874566187,0.10089241447694595,0.07114526524541398,0.07982151710461081,0.08304412493802678,0.22211204759543876,0.053544868616757564,0.05528011898859692,0.05999008428358949,0.1536936043629152,0.07114526524541398,0.1353495290034705,0.05676747645017353
PLAYGROUND_MIXTURE,0.10014873574615767,0.06643529995042141,0.08031730292513634,0.11130391670798215,0.09965294992563213,0.13138324243926625,0.09295984134853744,0.07362419434804164,0.06643529995042141,0.06866633614278632,0.07337630143777887,0.15121467526028756,0.15567674764501735,0.30565195835399106,0.08031730292513634,0.2962320277640059,0.10014873574615767,0.4119980168567179,1.0,0.1536936043629152,0.11725334655428855,0.12444224095190877,0.07759048091224591,0.11353495290034706,0.13807635101636093,0.07164105106593951,0.060981655924640554,0.06792265741199802,0.07213683688646505,0.11006445215666832,0.08155676747645017,0.13212692117005453,0.11204759543877045,0.0805651958353991,0.13584531482399603,0.07659890927119484,0.11130391670798215
PLAYGROUND_UNIFORM,0.12890431333663857,0.07015369360436291,0.09890927119484383,0.19286068418443233,0.07288051561725335,0.07288051561725335,0.12270699058006941,0.08849776896380764,0.07486365889935548,0.06445215666831929,0.07213683688646505,0.23549826474962815,0.2345066931085771,0.10585027268220129,0.09890927119484383,0.14551313832424392,0.12890431333663857,0.07387208725830441,0.1536936043629152,1.0,0.10857709469509172,0.17649975210708974,0.08527516113039167,0.15220624690133863,0.22310361923648983,0.07288051561725335,0.06693108577094695,0.06395637084779375,0.07238472979672782,0.06370847793753098,0.11750123946455131,0.23202776400594943,0.15096678235002478,0.059742191373326724,0.19335647000495787,0.060981655924640554,0.19286068418443233
SKACTIVEML_COST_EMBEDDING,0.10213187902825979,0.08676251859196826,0.058254833911750126,0.08081308874566187,0.08626673277144274,0.0880019831432821,0.07957362419434805,0.07635101636093208,0.07114526524541398,0.07560733763014378,0.07957362419434805,0.10014873574615767,0.10981655924640556,0.15939514129895885,0.058254833911750126,0.12295488349033218,0.10213187902825979,0.14551313832424392,0.11725334655428855,0.10857709469509172,1.0,0.090233019335647,0.09196826970748637,0.10312345066931086,0.09667823500247893,0.1346058502726822,0.07907783837382251,0.07759048091224591,0.08304412493802678,0.07238472979672782,0.0857709469509172,0.08775409023301933,0.08750619732275657,0.06916212196331185,0.09890927119484383,0.07164105106593951,0.08081308874566187
SKACTIVEML_DAL,0.1375805651958354,0.1028755577590481,0.11700545364402579,0.16038671294000992,0.08180466038671294,0.07759048091224591,0.13782845810609817,0.10932077342588002,0.07461576598909271,0.06767476450173525,0.07040158651462568,0.19038175508180466,0.19162121963311848,0.09717402082300446,0.11700545364402579,0.13485374318294496,0.1375805651958354,0.07461576598909271,0.12444224095190877,0.17649975210708974,0.090233019335647,1.0,0.11204759543877045,0.13287059990084282,0.18021814576103123,0.0768468021814576,0.06965790778383739,0.06990580069410014,0.06767476450173525,0.07238472979672782,0.11006445215666832,0.20624690133862172,0.13113534952900346,0.06693108577094695,0.16955875061973227,0.06817055032226078,0.16038671294000992
SKACTIVEML_DWUS,0.0835399107585523,0.12840852751611304,0.16608824987605356,0.07139315815567675,0.07957362419434805,0.08081308874566187,0.17625185919682698,0.13113534952900346,0.07188894397620228,0.06916212196331185,0.07288051561725335,0.0887456618740704,0.09568666336142786,0.07436787307882994,0.16608824987605356,0.07015369360436291,0.0835399107585523,0.061973227565691624,0.07759048091224591,0.08527516113039167,0.09196826970748637,0.11204759543877045,1.0,0.10386712940009915,0.09444719881011403,0.0850272682201289,0.07015369360436291,0.06792265741199802,0.07040158651462568,0.07040158651462568,0.0961824491819534,0.12146752602875557,0.10188398611799702,0.06445215666831929,0.09295984134853744,0.07139315815567675,0.07139315815567675
SKACTIVEML_QBC,0.10832920178482895,0.07932573128408528,0.10634605850272683,0.12816063460585028,0.07164105106593951,0.07411998016856718,0.13857213683688646,0.09791769955379276,0.053792761527020325,0.05156172533465543,0.058254833911750126,0.14105106593951414,0.14724838869608328,0.09791769955379276,0.10634605850272683,0.11774913237481408,0.10832920178482895,0.07411998016856718,0.11353495290034706,0.15220624690133863,0.10312345066931086,0.13287059990084282,0.10386712940009915,1.0,0.15790778383738224,0.08031730292513634,0.0532969757064948,0.05205751115518096,0.058254833911750126,0.05156172533465543,0.12072384729796728,0.16782350024789291,0.12196331184928111,0.05007436787307883,0.13931581556767478,0.052553296975706494,0.12816063460585028
SKACTIVEML_QBC_VOTE_ENTROPY,0.14179474467030243,0.08304412493802678,0.11551809618244918,0.1745166088249876,0.07089737233515121,0.07337630143777887,0.12394645513138325,0.09072880515617253,0.06916212196331185,0.06891422905304909,0.07709469509172037,0.23574615765989093,0.24020823004462072,0.10832920178482895,0.11551809618244918,0.15865146256817056,0.14179474467030243,0.08081308874566187,0.13807635101636093,0.22310361923648983,0.09667823500247893,0.18021814576103123,0.09444719881011403,0.15790778383738224,1.0,0.07164105106593951,0.07040158651462568,0.07089737233515121,0.07486365889935548,0.06916212196331185,0.10907288051561725,0.23252354982647497,0.15964303420922163,0.059742191373326724,0.19038175508180466,0.062221120475954385,0.1745166088249876
SKACTIVEML_QUIRE,0.09395141298958849,0.13138324243926625,0.03891918691125434,0.05404065443728309,0.07461576598909271,0.07263262270699058,0.10436291522062469,0.13510163609320774,0.07064947942488845,0.06767476450173525,0.06792265741199802,0.07833415964303421,0.07585523054040655,0.10039662865642042,0.03891918691125434,0.08527516113039167,0.09395141298958849,0.10089241447694595,0.07164105106593951,0.07288051561725335,0.1346058502726822,0.0768468021814576,0.0850272682201289,0.08031730292513634,0.07164105106593951,1.0,0.07362419434804164,0.07164105106593951,0.07064947942488845,0.059742191373326724,0.09742191373326722,0.06643529995042141,0.10436291522062469,0.06519583539910759,0.07560733763014378,0.06792265741199802,0.05404065443728309
SKACTIVEML_US_ENTROPY,0.05428854734754586,0.10064452156668319,0.03272186415468518,0.0473475458601884,0.13336638572136836,0.09643034209221617,0.058254833911750126,0.059494298463063956,0.16906296479920674,0.13435795736241943,0.09221616261774913,0.06618740704015866,0.07114526524541398,0.07188894397620228,0.03272186415468518,0.06420426375805652,0.05428854734754586,0.07114526524541398,0.060981655924640554,0.06693108577094695,0.07907783837382251,0.06965790778383739,0.07015369360436291,0.0532969757064948,0.07040158651462568,0.07362419434804164,1.0,0.7840852751611304,0.7260783341596431,0.08651462568170551,0.06593951412989589,0.06866633614278632,0.06544372830937036,0.12840852751611304,0.06370847793753098,0.1760039662865642,0.0473475458601884
SKACTIVEML_US_LC,0.053544868616757564,0.09643034209221617,0.03371343579573624,0.050322260783341594,0.1670798215171046,0.10262766484878533,0.05552801189885969,0.053792761527020325,0.1249380267724343,0.16906296479920674,0.10461080813088745,0.06817055032226078,0.06841844323252355,0.07511155180961825,0.03371343579573624,0.06494794248884482,0.053544868616757564,0.07982151710461081,0.06792265741199802,0.06395637084779375,0.07759048091224591,0.06990580069410014,0.06792265741199802,0.05205751115518096,0.07089737233515121,0.07164105106593951,0.7840852751611304,1.0,0.7488844819038175,0.10560237977193852,0.06246901338621715,0.060981655924640554,0.06593951412989589,0.1588993554784333,0.06395637084779375,0.1308874566187407,0.050322260783341594
SKACTIVEML_US_MARGIN,0.05899851264253842,0.09072880515617253,0.03966286564204264,0.054784333168071395,0.11229548834903322,0.15964303420922163,0.07064947942488845,0.05230540406544373,0.09271194843827467,0.1036192364898364,0.15716410510659395,0.06990580069410014,0.07387208725830441,0.07982151710461081,0.03966286564204264,0.07387208725830441,0.05899851264253842,0.08304412493802678,0.07213683688646505,0.07238472979672782,0.08304412493802678,0.06767476450173525,0.07040158651462568,0.058254833911750126,0.07486365889935548,0.07064947942488845,0.7260783341596431,0.7488844819038175,1.0,0.1502231036192365,0.058254833911750126,0.07164105106593951,0.07238472979672782,0.10386712940009915,0.06891422905304909,0.0924640555280119,0.054784333168071395
SMALLTEXT_BREAKINGTIES,0.04685176003966286,0.0894893406048587,0.03445711452652454,0.04908279623202776,0.19732275656916212,0.3408527516113039,0.061973227565691624,0.05453644025780863,0.16435299950421417,0.17873078829945463,0.23425880019831433,0.06271690629647993,0.07263262270699058,0.11303916707982152,0.03445711452652454,0.06569162121963312,0.04685176003966286,0.22211204759543876,0.11006445215666832,0.06370847793753098,0.07238472979672782,0.07238472979672782,0.07040158651462568,0.05156172533465543,0.06916212196331185,0.059742191373326724,0.08651462568170551,0.10560237977193852,0.1502231036192365,1.0,0.05775904809122459,0.06172533465542886,0.06122954883490332,0.7342588001983144,0.06643529995042141,0.7139315815567675,0.04908279623202776
SMALLTEXT_CONTRASTIVEAL,0.13113534952900346,0.11948438274665345,0.08453148239960337,0.0805651958353991,0.07139315815567675,0.07288051561725335,0.11303916707982152,0.17649975210708974,0.07560733763014378,0.06147744174516609,0.05924640555280119,0.10907288051561725,0.11601388200297472,0.07436787307882994,0.08453148239960337,0.07585523054040655,0.13113534952900346,0.053544868616757564,0.08155676747645017,0.11750123946455131,0.0857709469509172,0.11006445215666832,0.0961824491819534,0.12072384729796728,0.10907288051561725,0.09742191373326722,0.06593951412989589,0.06246901338621715,0.058254833911750126,0.05775904809122459,1.0,0.13361427863163114,0.18740704015865145,0.06023797719385226,0.11080813088745661,0.06817055032226078,0.0805651958353991
SMALLTEXT_EMBEDDINGKMEANS,0.16584035696579078,0.09643034209221617,0.12915220624690135,0.18368864650470995,0.07858205255329698,0.0768468021814576,0.19211700545364402,0.11626177491323748,0.06990580069410014,0.06742687159147248,0.06965790778383739,0.263262270699058,0.2627664848785325,0.09048091224590976,0.12915220624690135,0.15815567674764502,0.16584035696579078,0.05528011898859692,0.13212692117005453,0.23202776400594943,0.08775409023301933,0.20624690133862172,0.12146752602875557,0.16782350024789291,0.23252354982647497,0.06643529995042141,0.06866633614278632,0.060981655924640554,0.07164105106593951,0.06172533465542886,0.13361427863163114,1.0,0.1737729300941993,0.06445215666831929,0.21095686663361427,0.06593951412989589,0.18368864650470995
SMALLTEXT_GREEDYCORESET,0.24367873078829946,0.1499752107089737,0.10163609320773426,0.11328705999008429,0.07238472979672782,0.07560733763014378,0.14030738720872582,0.17055032226078334,0.06593951412989589,0.06841844323252355,0.06519583539910759,0.14303420922161625,0.1502231036192365,0.07511155180961825,0.10163609320773426,0.1028755577590481,0.24367873078829946,0.05999008428358949,0.11204759543877045,0.15096678235002478,0.08750619732275657,0.13113534952900346,0.10188398611799702,0.12196331184928111,0.15964303420922163,0.10436291522062469,0.06544372830937036,0.06593951412989589,0.07238472979672782,0.06122954883490332,0.18740704015865145,0.1737729300941993,1.0,0.06073376301437779,0.14675260287555775,0.06643529995042141,0.11328705999008429
SMALLTEXT_LEASTCONFIDENCE,0.0466038671294001,0.09667823500247893,0.03718393653941497,0.04685176003966286,0.3475458601883986,0.19583539910758552,0.05428854734754586,0.05751115518096182,0.2072384729796728,0.24938026772434307,0.17724343083787802,0.06048587010411502,0.06817055032226078,0.09048091224590976,0.03718393653941497,0.05999008428358949,0.0466038671294001,0.1536936043629152,0.0805651958353991,0.059742191373326724,0.06916212196331185,0.06693108577094695,0.06445215666831929,0.05007436787307883,0.059742191373326724,0.06519583539910759,0.12840852751611304,0.1588993554784333,0.10386712940009915,0.7342588001983144,0.06023797719385226,0.06445215666831929,0.06073376301437779,1.0,0.06122954883490332,0.7828458106098165,0.04685176003966286
SMALLTEXT_LIGHTWEIGHTCORESET,0.1301437778879524,0.08180466038671294,0.09890927119484383,0.16757560733763013,0.06767476450173525,0.07312840852751612,0.1383242439266237,0.10089241447694595,0.06470004957858205,0.06321269211700545,0.06717897868120971,0.19533961328705998,0.1998016856717898,0.08899355478433317,0.09890927119484383,0.13361427863163114,0.1301437778879524,0.07114526524541398,0.13584531482399603,0.19335647000495787,0.09890927119484383,0.16955875061973227,0.09295984134853744,0.13931581556767478,0.19038175508180466,0.07560733763014378,0.06370847793753098,0.06395637084779375,0.06891422905304909,0.06643529995042141,0.11080813088745661,0.21095686663361427,0.14675260287555775,0.06122954883490332,1.0,0.06048587010411502,0.16757560733763013
SMALLTEXT_PREDICTIONENTROPY,0.05205751115518096,0.09568666336142786,0.035696579077838374,0.0495785820525533,0.23797719385225583,0.17402082300446206,0.05676747645017353,0.059494298463063956,0.2560733763014378,0.20996529499256322,0.17699553792761527,0.06470004957858205,0.07263262270699058,0.0887456618740704,0.035696579077838374,0.06271690629647993,0.05205751115518096,0.1353495290034705,0.07659890927119484,0.060981655924640554,0.07164105106593951,0.06817055032226078,0.07139315815567675,0.052553296975706494,0.062221120475954385,0.06792265741199802,0.1760039662865642,0.1308874566187407,0.0924640555280119,0.7139315815567675,0.06817055032226078,0.06593951412989589,0.06643529995042141,0.7828458106098165,0.06048587010411502,1.0,0.0495785820525533
SMALLTEXT_RANDOM,0.11204759543877045,0.06147744174516609,0.0991571641051066,1.0,0.058750619732275654,0.05999008428358949,0.09742191373326722,0.07089737233515121,0.052553296975706494,0.049826474962816066,0.051065939514129896,0.19335647000495787,0.19112543381259295,0.0805651958353991,0.0991571641051066,0.13113534952900346,0.11204759543877045,0.05676747645017353,0.11130391670798215,0.19286068418443233,0.08081308874566187,0.16038671294000992,0.07139315815567675,0.12816063460585028,0.1745166088249876,0.05404065443728309,0.0473475458601884,0.050322260783341594,0.054784333168071395,0.04908279623202776,0.0805651958353991,0.18368864650470995,0.11328705999008429,0.04685176003966286,0.16757560733763013,0.0495785820525533,1.0
