,ALIPY_CORESET_GREEDY,ALIPY_DENSITY_WEIGHTED,ALIPY_GRAPH_DENSITY,ALIPY_RANDOM,ALIPY_UNCERTAINTY_LC,ALIPY_UNCERTAINTY_MM,LIBACT_DWUS,LIBACT_QUIRE,LIBACT_UNCERTAINTY_ENT,LIBACT_UNCERTAINTY_LC,LIBACT_UNCERTAINTY_SM,OPTIMAL_GREEDY_10,OPTIMAL_GREEDY_20,PLAYGROUND_BANDIT,PLAYGROUND_GRAPH_DENSITY,PLAYGROUND_INFORMATIVE_DIVERSE,PLAYGROUND_KCENTER_GREEDY,PLAYGROUND_MARGIN,PLAYGROUND_MIXTURE,PLAYGROUND_UNIFORM,SKACTIVEML_COST_EMBEDDING,SKACTIVEML_DAL,SKACTIVEML_DWUS,SKACTIVEML_QBC,SKACTIVEML_QBC_VOTE_ENTROPY,SKACTIVEML_QUIRE,SKACTIVEML_US_ENTROPY,SKACTIVEML_US_LC,SKACTIVEML_US_MARGIN,SMALLTEXT_BREAKINGTIES,SMALLTEXT_CONTRASTIVEAL,SMALLTEXT_EMBEDDINGKMEANS,SMALLTEXT_GREEDYCORESET,SMALLTEXT_LEASTCONFIDENCE,SMALLTEXT_LIGHTWEIGHTCORESET,SMALLTEXT_PREDICTIONENTROPY,SMALLTEXT_RANDOM
ALIPY_CORESET_GREEDY,1.0,0.12072384729796728,0.06618740704015866,0.12245909766980664,0.05701536936043629,0.05701536936043629,0.14972731779871096,0.1494794248884482,0.05280118988596926,0.04908279623202776,0.04709965294992563,0.1554288547347546,0.1591472483886961,0.12072384729796728,0.06618740704015866,0.14402578086266732,0.9801685671789787,0.09345562716906297,0.1301437778879524,0.15047099652949925,0.10932077342588002,0.14972731779871096,0.12394645513138325,0.13981160138820029,0.14972731779871096,0.12072384729796728,0.0473475458601884,0.04709965294992563,0.053544868616757564,0.045364402578086264,0.13435795736241943,0.16906296479920674,0.1737729300941993,0.042637580565195836,0.1479920674268716,0.04338125929598413,0.12245909766980664
ALIPY_DENSITY_WEIGHTED,0.12072384729796728,1.0,0.09717402082300446,0.10708973723351513,0.0813088745661874,0.07932573128408528,0.20228061477441744,0.20674268715914726,0.07015369360436291,0.07312840852751612,0.06941001487357462,0.17129400099157163,0.17699553792761527,0.1294000991571641,0.09717402082300446,0.14774417451660882,0.12072384729796728,0.1065939514129896,0.11849281110560238,0.17699553792761527,0.1611303916707982,0.17625185919682698,0.18740704015865145,0.1826970748636589,0.1826970748636589,0.17773921665840356,0.06941001487357462,0.07288051561725335,0.06990580069410014,0.06246901338621715,0.18591968269707487,0.18319286068418444,0.18889439762022806,0.06817055032226078,0.18220128904313337,0.07040158651462568,0.10708973723351513
ALIPY_GRAPH_DENSITY,0.06618740704015866,0.09717402082300446,1.0,0.05751115518096182,0.056023797719385225,0.0532969757064948,0.1065939514129896,0.11576598909271195,0.04685176003966286,0.047595438770451165,0.047595438770451165,0.10337134357957363,0.10114030738720872,0.07808626673277144,0.9801685671789787,0.07759048091224591,0.06618740704015866,0.05156172533465543,0.06122954883490332,0.09271194843827467,0.08998512642538424,0.09965294992563213,0.11551809618244918,0.10733763014377788,0.0999008428358949,0.09519087754090233,0.0495785820525533,0.042637580565195836,0.044124938026772434,0.037927615270203274,0.10634605850272683,0.10386712940009915,0.10560237977193852,0.0421417947446703,0.0991571641051066,0.04561229548834903,0.05751115518096182
ALIPY_RANDOM,0.12245909766980664,0.10708973723351513,0.05751115518096182,1.0,0.05503222607833416,0.06023797719385226,0.1442736737729301,0.1338621715418939,0.051065939514129896,0.048834903321764996,0.0473475458601884,0.1752602875557759,0.18368864650470995,0.12667327714427368,0.05751115518096182,0.14253842340109074,0.12245909766980664,0.0969261279127417,0.15096678235002478,0.18294496777392166,0.10956866633614279,0.16187407040158652,0.13485374318294496,0.14898363906792267,0.17426871591472484,0.11874070401586515,0.042637580565195836,0.048834903321764996,0.051313832424392664,0.047595438770451165,0.131631135349529,0.17947446703024295,0.14923153197818542,0.0451165096678235,0.16955875061973227,0.04238968765493307,0.9801685671789787
ALIPY_UNCERTAINTY_LC,0.05701536936043629,0.0813088745661874,0.056023797719385225,0.05503222607833416,1.0,0.7389687654933069,0.09395141298958849,0.0946950917203768,0.09122459097669806,0.09717402082300446,0.08180466038671294,0.09568666336142786,0.0909766980664353,0.10708973723351513,0.07585523054040655,0.0909766980664353,0.0768468021814576,0.139067922657412,0.09494298463063956,0.09519087754090233,0.09940505701536936,0.09395141298958849,0.10510659395141299,0.10510659395141299,0.09568666336142786,0.11427863163113534,0.08626673277144274,0.0969261279127417,0.0857709469509172,0.13212692117005453,0.10014873574615767,0.09791769955379276,0.10114030738720872,0.2114526524541398,0.10163609320773426,0.13882002974714924,0.07486365889935548
ALIPY_UNCERTAINTY_MM,0.05701536936043629,0.07932573128408528,0.0532969757064948,0.06023797719385226,0.7389687654933069,1.0,0.09593455627169063,0.09345562716906297,0.08626673277144274,0.0842835894893406,0.09419930589985126,0.0999008428358949,0.09866137828458106,0.10733763014377788,0.07312840852751612,0.09890927119484383,0.0768468021814576,0.1819533961328706,0.10882498760535449,0.10163609320773426,0.10213187902825979,0.0961824491819534,0.10560237977193852,0.10535448686167576,0.0999008428358949,0.11006445215666832,0.08626673277144274,0.0850272682201289,0.090233019335647,0.20996529499256322,0.10114030738720872,0.10213187902825979,0.10064452156668319,0.1338621715418939,0.10014873574615767,0.13039167079821518,0.08006941001487357
LIBACT_DWUS,0.14972731779871096,0.20228061477441744,0.1065939514129896,0.1442736737729301,0.09395141298958849,0.09593455627169063,1.0,0.2900347050074368,0.08899355478433317,0.0835399107585523,0.08403569657907783,0.2692117005453644,0.27689638076351014,0.19137332672285573,0.1264253842340109,0.21839365394149726,0.16955875061973227,0.13807635101636093,0.1819533961328706,0.2630143777887952,0.19533961328705998,0.25632126921170056,0.26003966286564206,0.2640059494298463,0.26499752107089736,0.21393158155676748,0.08329201784828955,0.08676251859196826,0.08601883986117997,0.08329201784828955,0.2528507684680218,0.3034209221616262,0.2741695587506197,0.07808626673277144,0.27169062964799207,0.08601883986117997,0.16410510659395142
LIBACT_QUIRE,0.1494794248884482,0.20674268715914726,0.11576598909271195,0.1338621715418939,0.0946950917203768,0.09345562716906297,0.2900347050074368,1.0,0.09072880515617253,0.0917203767972236,0.09147248388696083,0.26524541398116014,0.2699553792761527,0.18691125433812594,0.13559742191373328,0.22657411998016858,0.16931085770946952,0.1353495290034705,0.16683192860684184,0.2699553792761527,0.1908775409023302,0.26103123450669313,0.25855230540406543,0.2702032721864155,0.26871591472483886,0.2240951908775409,0.09271194843827467,0.0932077342588002,0.09196826970748637,0.0835399107585523,0.2659890927119484,0.3001983143282102,0.29176995537927614,0.08081308874566187,0.2635101636093208,0.08626673277144274,0.1536936043629152
LIBACT_UNCERTAINTY_ENT,0.05280118988596926,0.07015369360436291,0.04685176003966286,0.051065939514129896,0.09122459097669806,0.08626673277144274,0.08899355478433317,0.09072880515617253,1.0,0.7530986613782846,0.7419434804164601,0.09444719881011403,0.09122459097669806,0.0835399107585523,0.06668319286068418,0.09196826970748637,0.07263262270699058,0.07288051561725335,0.07461576598909271,0.10114030738720872,0.0872583044124938,0.0961824491819534,0.0946950917203768,0.0917203767972236,0.09271194843827467,0.09221616261774913,0.09643034209221617,0.09072880515617253,0.09048091224590976,0.07982151710461081,0.09295984134853744,0.09419930589985126,0.09196826970748637,0.08155676747645017,0.0887456618740704,0.10188398611799702,0.07089737233515121
LIBACT_UNCERTAINTY_LC,0.04908279623202776,0.07312840852751612,0.047595438770451165,0.048834903321764996,0.09717402082300446,0.0842835894893406,0.0835399107585523,0.0917203767972236,0.7530986613782846,1.0,0.7449181953396132,0.08552305404065444,0.0857709469509172,0.0813088745661874,0.06742687159147248,0.07858205255329698,0.06891422905304909,0.07635101636093208,0.07139315815567675,0.0880019831432821,0.08106098165592464,0.08651462568170551,0.08824987605354487,0.090233019335647,0.08254833911750124,0.09221616261774913,0.0880019831432821,0.09345562716906297,0.0850272682201289,0.08651462568170551,0.08453148239960337,0.07957362419434805,0.08552305404065444,0.08973723351512147,0.08279623202776401,0.09271194843827467,0.06866633614278632
LIBACT_UNCERTAINTY_SM,0.04709965294992563,0.06941001487357462,0.047595438770451165,0.0473475458601884,0.08180466038671294,0.09419930589985126,0.08403569657907783,0.09147248388696083,0.7419434804164601,0.7449181953396132,1.0,0.08824987605354487,0.0842835894893406,0.0842835894893406,0.06742687159147248,0.08106098165592464,0.06693108577094695,0.07932573128408528,0.07263262270699058,0.08552305404065444,0.08701041150223103,0.08775409023301933,0.0917203767972236,0.09048091224590976,0.08849776896380764,0.0917203767972236,0.08329201784828955,0.08601883986117997,0.09519087754090233,0.0887456618740704,0.08899355478433317,0.08626673277144274,0.09271194843827467,0.08403569657907783,0.08403569657907783,0.08378780366881507,0.06717897868120971
OPTIMAL_GREEDY_10,0.1554288547347546,0.17129400099157163,0.10337134357957363,0.1752602875557759,0.09568666336142786,0.0999008428358949,0.2692117005453644,0.26524541398116014,0.09444719881011403,0.08552305404065444,0.08824987605354487,1.0,0.3202776400594943,0.19732275656916212,0.12320277640059495,0.23946455131383243,0.1752602875557759,0.1457610312345067,0.21120475954387705,0.3076351016360932,0.1908775409023302,0.2848289538919187,0.2278135845314824,0.2635101636093208,0.3068914229053049,0.20079325731284084,0.08403569657907783,0.0850272682201289,0.0894893406048587,0.07486365889935548,0.23921665840356965,0.3331680713931582,0.270699058006941,0.07387208725830441,0.28755577590480913,0.07957362419434805,0.19509172037679723
OPTIMAL_GREEDY_20,0.1591472483886961,0.17699553792761527,0.10114030738720872,0.18368864650470995,0.0909766980664353,0.09866137828458106,0.27689638076351014,0.2699553792761527,0.09122459097669806,0.0857709469509172,0.0842835894893406,0.3202776400594943,1.0,0.20104115022310362,0.12097174020823004,0.23921665840356965,0.1789786812097174,0.14105106593951414,0.22310361923648983,0.29424888448190384,0.18591968269707487,0.2863163113534953,0.23624194348041647,0.2588001983143282,0.28730788299454635,0.2035200793257313,0.08254833911750124,0.08626673277144274,0.08998512642538424,0.07362419434804164,0.23698562221120476,0.32796232027764005,0.26896380763510164,0.07337630143777887,0.2915220624690134,0.08106098165592464,0.2035200793257313
PLAYGROUND_BANDIT,0.12072384729796728,0.1294000991571641,0.07808626673277144,0.12667327714427368,0.10708973723351513,0.10733763014377788,0.19137332672285573,0.18691125433812594,0.0835399107585523,0.0813088745661874,0.0842835894893406,0.19732275656916212,0.20104115022310362,1.0,0.09791769955379276,0.3406048587010411,0.1405552801189886,0.33886960832920177,0.3252354982647496,0.19633118492811105,0.16063460585027267,0.18765493306891423,0.16980664352999505,0.19261279127416955,0.19509172037679723,0.16360932077342588,0.07759048091224591,0.07709469509172037,0.08106098165592464,0.08453148239960337,0.18393653941497273,0.20649479424888448,0.19038175508180466,0.08329201784828955,0.19930589985126426,0.07734258800198314,0.146504709965295
PLAYGROUND_GRAPH_DENSITY,0.06618740704015866,0.09717402082300446,0.9801685671789787,0.05751115518096182,0.07585523054040655,0.07312840852751612,0.1264253842340109,0.13559742191373328,0.06668319286068418,0.06742687159147248,0.06742687159147248,0.12320277640059495,0.12097174020823004,0.09791769955379276,1.0,0.09742191373326722,0.08601883986117997,0.07139315815567675,0.08106098165592464,0.11254338125929599,0.10981655924640556,0.11948438274665345,0.1353495290034705,0.1271690629647992,0.11973227565691621,0.11502231036192365,0.06941001487357462,0.06246901338621715,0.06395637084779375,0.05775904809122459,0.12617749132374814,0.12369856222112048,0.12543381259295985,0.061973227565691624,0.11898859692612791,0.06544372830937036,0.07734258800198314
PLAYGROUND_INFORMATIVE_DIVERSE,0.14402578086266732,0.14774417451660882,0.07759048091224591,0.14253842340109074,0.0909766980664353,0.09890927119484383,0.21839365394149726,0.22657411998016858,0.09196826970748637,0.07858205255329698,0.08106098165592464,0.23946455131383243,0.23921665840356965,0.3406048587010411,0.09742191373326722,1.0,0.16385721368368864,0.2848289538919187,0.32721864154685176,0.23500247892910262,0.15790778383738224,0.22830937035200793,0.18691125433812594,0.22062469013386218,0.23723351512146754,0.17476450173525038,0.08106098165592464,0.08106098165592464,0.0872583044124938,0.08477937530986614,0.19856222112047595,0.263262270699058,0.22979672781358454,0.07858205255329698,0.23351512146752604,0.08254833911750124,0.16236985622211206
PLAYGROUND_KCENTER_GREEDY,0.9801685671789787,0.12072384729796728,0.06618740704015866,0.12245909766980664,0.0768468021814576,0.0768468021814576,0.16955875061973227,0.16931085770946952,0.07263262270699058,0.06891422905304909,0.06693108577094695,0.1752602875557759,0.1789786812097174,0.1405552801189886,0.08601883986117997,0.16385721368368864,1.0,0.11328705999008429,0.1499752107089737,0.17030242935052056,0.12915220624690135,0.16955875061973227,0.14377788795240456,0.15964303420922163,0.16955875061973227,0.1405552801189886,0.06717897868120971,0.06693108577094695,0.07337630143777887,0.06519583539910759,0.15418939018344074,0.18889439762022806,0.19360436291522062,0.06246901338621715,0.16782350024789291,0.06321269211700545,0.14229053049082796
PLAYGROUND_MARGIN,0.09345562716906297,0.1065939514129896,0.05156172533465543,0.0969261279127417,0.139067922657412,0.1819533961328706,0.13807635101636093,0.1353495290034705,0.07288051561725335,0.07635101636093208,0.07932573128408528,0.1457610312345067,0.14105106593951414,0.33886960832920177,0.07139315815567675,0.2848289538919187,0.11328705999008429,1.0,0.42761527020327217,0.1405552801189886,0.12518591968269707,0.13956370847793753,0.12840852751611304,0.14774417451660882,0.14526524541398117,0.13361427863163114,0.07164105106593951,0.07759048091224591,0.07486365889935548,0.16683192860684184,0.1360932077342588,0.14253842340109074,0.14352999504214178,0.12469013386217154,0.146504709965295,0.11948438274665345,0.11675756073376302
PLAYGROUND_MIXTURE,0.1301437778879524,0.11849281110560238,0.06122954883490332,0.15096678235002478,0.09494298463063956,0.10882498760535449,0.1819533961328706,0.16683192860684184,0.07461576598909271,0.07139315815567675,0.07263262270699058,0.21120475954387705,0.22310361923648983,0.3252354982647496,0.08106098165592464,0.32721864154685176,0.1499752107089737,0.42761527020327217,1.0,0.21244422409519087,0.1450173525037184,0.19856222112047595,0.1650966782350025,0.19137332672285573,0.21021318790282598,0.15245413981160139,0.07064947942488845,0.07213683688646505,0.07759048091224591,0.10039662865642042,0.1665840356965791,0.21839365394149726,0.1893901834407536,0.08205255329697571,0.1980664352999504,0.0842835894893406,0.1707982151710461
PLAYGROUND_UNIFORM,0.15047099652949925,0.17699553792761527,0.09271194843827467,0.18294496777392166,0.09519087754090233,0.10163609320773426,0.2630143777887952,0.2699553792761527,0.10114030738720872,0.0880019831432821,0.08552305404065444,0.3076351016360932,0.29424888448190384,0.19633118492811105,0.11254338125929599,0.23500247892910262,0.17030242935052056,0.1405552801189886,0.21244422409519087,1.0,0.1945959345562717,0.2840852751611304,0.2461576598909271,0.2635101636093208,0.29796727813584534,0.2077342588001983,0.07486365889935548,0.0842835894893406,0.08626673277144274,0.07907783837382251,0.2374814080317303,0.33192860684184433,0.28011898859692613,0.07560733763014378,0.2776400594942985,0.08180466038671294,0.20277640059494298
SKACTIVEML_COST_EMBEDDING,0.10932077342588002,0.1611303916707982,0.08998512642538424,0.10956866633614279,0.09940505701536936,0.10213187902825979,0.19533961328705998,0.1908775409023302,0.0872583044124938,0.08106098165592464,0.08701041150223103,0.1908775409023302,0.18591968269707487,0.16063460585027267,0.10981655924640556,0.15790778383738224,0.12915220624690135,0.12518591968269707,0.1450173525037184,0.1945959345562717,1.0,0.19583539910758552,0.1871591472483887,0.18765493306891423,0.18294496777392166,0.1834407535944472,0.08824987605354487,0.08378780366881507,0.08155676747645017,0.07511155180961825,0.1819533961328706,0.19881011403073873,0.18666336142786316,0.07907783837382251,0.1893901834407536,0.08254833911750124,0.1294000991571641
SKACTIVEML_DAL,0.14972731779871096,0.17625185919682698,0.09965294992563213,0.16187407040158652,0.09395141298958849,0.0961824491819534,0.25632126921170056,0.26103123450669313,0.0961824491819534,0.08651462568170551,0.08775409023301933,0.2848289538919187,0.2863163113534953,0.18765493306891423,0.11948438274665345,0.22830937035200793,0.16955875061973227,0.13956370847793753,0.19856222112047595,0.2840852751611304,0.19583539910758552,1.0,0.23549826474962815,0.2659890927119484,0.2863163113534953,0.19657907783837383,0.08254833911750124,0.08676251859196826,0.09048091224590976,0.08230044620723848,0.2498760535448686,0.3177987109568666,0.263262270699058,0.07436787307882994,0.27268220128904314,0.08329201784828955,0.18170550322260784
SKACTIVEML_DWUS,0.12394645513138325,0.18740704015865145,0.11551809618244918,0.13485374318294496,0.10510659395141299,0.10560237977193852,0.26003966286564206,0.25855230540406543,0.0946950917203768,0.08824987605354487,0.0917203767972236,0.2278135845314824,0.23624194348041647,0.16980664352999505,0.1353495290034705,0.18691125433812594,0.14377788795240456,0.12840852751611304,0.1650966782350025,0.2461576598909271,0.1871591472483887,0.23549826474962815,1.0,0.24566187407040158,0.2307882994546356,0.1945959345562717,0.0880019831432821,0.08552305404065444,0.0909766980664353,0.08230044620723848,0.2248388696083292,0.26202280614774415,0.24714923153197818,0.07833415964303421,0.23946455131383243,0.0872583044124938,0.15468517600396628
SKACTIVEML_QBC,0.13981160138820029,0.1826970748636589,0.10733763014377788,0.14898363906792267,0.10510659395141299,0.10535448686167576,0.2640059494298463,0.2702032721864155,0.0917203767972236,0.090233019335647,0.09048091224590976,0.2635101636093208,0.2588001983143282,0.19261279127416955,0.1271690629647992,0.22062469013386218,0.15964303420922163,0.14774417451660882,0.19137332672285573,0.2635101636093208,0.18765493306891423,0.2659890927119484,0.24566187407040158,1.0,0.2635101636093208,0.20599900842835894,0.08378780366881507,0.0835399107585523,0.09072880515617253,0.07907783837382251,0.24367873078829946,0.2900347050074368,0.2543381259295984,0.07932573128408528,0.27193852255825485,0.0835399107585523,0.16881507188894398
SKACTIVEML_QBC_VOTE_ENTROPY,0.14972731779871096,0.1826970748636589,0.0999008428358949,0.17426871591472484,0.09568666336142786,0.0999008428358949,0.26499752107089736,0.26871591472483886,0.09271194843827467,0.08254833911750124,0.08849776896380764,0.3068914229053049,0.28730788299454635,0.19509172037679723,0.11973227565691621,0.23723351512146754,0.16955875061973227,0.14526524541398117,0.21021318790282598,0.29796727813584534,0.18294496777392166,0.2863163113534953,0.2307882994546356,0.2635101636093208,1.0,0.19930589985126426,0.08403569657907783,0.08527516113039167,0.09072880515617253,0.07759048091224591,0.2411998016856718,0.31680713931581556,0.27268220128904314,0.07486365889935548,0.27317798710956864,0.08527516113039167,0.19410014873574616
SKACTIVEML_QUIRE,0.12072384729796728,0.17773921665840356,0.09519087754090233,0.11874070401586515,0.11427863163113534,0.11006445215666832,0.21393158155676748,0.2240951908775409,0.09221616261774913,0.09221616261774913,0.0917203767972236,0.20079325731284084,0.2035200793257313,0.16360932077342588,0.11502231036192365,0.17476450173525038,0.1405552801189886,0.13361427863163114,0.15245413981160139,0.2077342588001983,0.1834407535944472,0.19657907783837383,0.1945959345562717,0.20599900842835894,0.19930589985126426,1.0,0.09444719881011403,0.09395141298958849,0.0924640555280119,0.08676251859196826,0.20674268715914726,0.2092216162617749,0.20823004462072384,0.08676251859196826,0.20153693604362916,0.09444719881011403,0.13857213683688646
SKACTIVEML_US_ENTROPY,0.0473475458601884,0.06941001487357462,0.0495785820525533,0.042637580565195836,0.08626673277144274,0.08626673277144274,0.08329201784828955,0.09271194843827467,0.09643034209221617,0.0880019831432821,0.08329201784828955,0.08403569657907783,0.08254833911750124,0.07759048091224591,0.06941001487357462,0.08106098165592464,0.06717897868120971,0.07164105106593951,0.07064947942488845,0.07486365889935548,0.08824987605354487,0.08254833911750124,0.0880019831432821,0.08378780366881507,0.08403569657907783,0.09444719881011403,1.0,0.7496281606346058,0.7416955875061974,0.07436787307882994,0.08973723351512147,0.07833415964303421,0.0835399107585523,0.08230044620723848,0.08106098165592464,0.09742191373326722,0.06246901338621715
SKACTIVEML_US_LC,0.04709965294992563,0.07288051561725335,0.042637580565195836,0.048834903321764996,0.0969261279127417,0.0850272682201289,0.08676251859196826,0.0932077342588002,0.09072880515617253,0.09345562716906297,0.08601883986117997,0.0850272682201289,0.08626673277144274,0.07709469509172037,0.06246901338621715,0.08106098165592464,0.06693108577094695,0.07759048091224591,0.07213683688646505,0.0842835894893406,0.08378780366881507,0.08676251859196826,0.08552305404065444,0.0835399107585523,0.08527516113039167,0.09395141298958849,0.7496281606346058,1.0,0.7476450173525038,0.08230044620723848,0.0887456618740704,0.0835399107585523,0.08626673277144274,0.08750619732275657,0.08626673277144274,0.08973723351512147,0.06866633614278632
SKACTIVEML_US_MARGIN,0.053544868616757564,0.06990580069410014,0.044124938026772434,0.051313832424392664,0.0857709469509172,0.090233019335647,0.08601883986117997,0.09196826970748637,0.09048091224590976,0.0850272682201289,0.09519087754090233,0.0894893406048587,0.08998512642538424,0.08106098165592464,0.06395637084779375,0.0872583044124938,0.07337630143777887,0.07486365889935548,0.07759048091224591,0.08626673277144274,0.08155676747645017,0.09048091224590976,0.0909766980664353,0.09072880515617253,0.09072880515617253,0.0924640555280119,0.7416955875061974,0.7476450173525038,1.0,0.0835399107585523,0.08552305404065444,0.09667823500247893,0.08899355478433317,0.07882994546355974,0.08701041150223103,0.08701041150223103,0.07114526524541398
SMALLTEXT_BREAKINGTIES,0.045364402578086264,0.06246901338621715,0.037927615270203274,0.047595438770451165,0.13212692117005453,0.20996529499256322,0.08329201784828955,0.0835399107585523,0.07982151710461081,0.08651462568170551,0.0887456618740704,0.07486365889935548,0.07362419434804164,0.08453148239960337,0.05775904809122459,0.08477937530986614,0.06519583539910759,0.16683192860684184,0.10039662865642042,0.07907783837382251,0.07511155180961825,0.08230044620723848,0.08230044620723848,0.07907783837382251,0.07759048091224591,0.08676251859196826,0.07436787307882994,0.08230044620723848,0.0835399107585523,1.0,0.08304412493802678,0.07635101636093208,0.07511155180961825,0.7354982647496282,0.08031730292513634,0.7327714427367378,0.06742687159147248
SMALLTEXT_CONTRASTIVEAL,0.13435795736241943,0.18591968269707487,0.10634605850272683,0.131631135349529,0.10014873574615767,0.10114030738720872,0.2528507684680218,0.2659890927119484,0.09295984134853744,0.08453148239960337,0.08899355478433317,0.23921665840356965,0.23698562221120476,0.18393653941497273,0.12617749132374814,0.19856222112047595,0.15418939018344074,0.1360932077342588,0.1665840356965791,0.2374814080317303,0.1819533961328706,0.2498760535448686,0.2248388696083292,0.24367873078829946,0.2411998016856718,0.20674268715914726,0.08973723351512147,0.0887456618740704,0.08552305404065444,0.08304412493802678,1.0,0.2625185919682697,0.2518591968269707,0.08106098165592464,0.2389687654933069,0.09122459097669806,0.15146256817055032
SMALLTEXT_EMBEDDINGKMEANS,0.16906296479920674,0.18319286068418444,0.10386712940009915,0.17947446703024295,0.09791769955379276,0.10213187902825979,0.3034209221616262,0.3001983143282102,0.09419930589985126,0.07957362419434805,0.08626673277144274,0.3331680713931582,0.32796232027764005,0.20649479424888448,0.12369856222112048,0.263262270699058,0.18889439762022806,0.14253842340109074,0.21839365394149726,0.33192860684184433,0.19881011403073873,0.3177987109568666,0.26202280614774415,0.2900347050074368,0.31680713931581556,0.2092216162617749,0.07833415964303421,0.0835399107585523,0.09667823500247893,0.07635101636093208,0.2625185919682697,1.0,0.30565195835399106,0.07957362419434805,0.3108577094695092,0.07982151710461081,0.19930589985126426
SMALLTEXT_GREEDYCORESET,0.1737729300941993,0.18889439762022806,0.10560237977193852,0.14923153197818542,0.10114030738720872,0.10064452156668319,0.2741695587506197,0.29176995537927614,0.09196826970748637,0.08552305404065444,0.09271194843827467,0.270699058006941,0.26896380763510164,0.19038175508180466,0.12543381259295985,0.22979672781358454,0.19360436291522062,0.14352999504214178,0.1893901834407536,0.28011898859692613,0.18666336142786316,0.263262270699058,0.24714923153197818,0.2543381259295984,0.27268220128904314,0.20823004462072384,0.0835399107585523,0.08626673277144274,0.08899355478433317,0.07511155180961825,0.2518591968269707,0.30565195835399106,1.0,0.07808626673277144,0.2602875557759048,0.07833415964303421,0.16906296479920674
SMALLTEXT_LEASTCONFIDENCE,0.042637580565195836,0.06817055032226078,0.0421417947446703,0.0451165096678235,0.2114526524541398,0.1338621715418939,0.07808626673277144,0.08081308874566187,0.08155676747645017,0.08973723351512147,0.08403569657907783,0.07387208725830441,0.07337630143777887,0.08329201784828955,0.061973227565691624,0.07858205255329698,0.06246901338621715,0.12469013386217154,0.08205255329697571,0.07560733763014378,0.07907783837382251,0.07436787307882994,0.07833415964303421,0.07932573128408528,0.07486365889935548,0.08676251859196826,0.08230044620723848,0.08750619732275657,0.07882994546355974,0.7354982647496282,0.08106098165592464,0.07957362419434805,0.07808626673277144,1.0,0.07659890927119484,0.7439266236985622,0.06494794248884482
SMALLTEXT_LIGHTWEIGHTCORESET,0.1479920674268716,0.18220128904313337,0.0991571641051066,0.16955875061973227,0.10163609320773426,0.10014873574615767,0.27169062964799207,0.2635101636093208,0.0887456618740704,0.08279623202776401,0.08403569657907783,0.28755577590480913,0.2915220624690134,0.19930589985126426,0.11898859692612791,0.23351512146752604,0.16782350024789291,0.146504709965295,0.1980664352999504,0.2776400594942985,0.1893901834407536,0.27268220128904314,0.23946455131383243,0.27193852255825485,0.27317798710956864,0.20153693604362916,0.08106098165592464,0.08626673277144274,0.08701041150223103,0.08031730292513634,0.2389687654933069,0.3108577094695092,0.2602875557759048,0.07659890927119484,1.0,0.07882994546355974,0.1893901834407536
SMALLTEXT_PREDICTIONENTROPY,0.04338125929598413,0.07040158651462568,0.04561229548834903,0.04238968765493307,0.13882002974714924,0.13039167079821518,0.08601883986117997,0.08626673277144274,0.10188398611799702,0.09271194843827467,0.08378780366881507,0.07957362419434805,0.08106098165592464,0.07734258800198314,0.06544372830937036,0.08254833911750124,0.06321269211700545,0.11948438274665345,0.0842835894893406,0.08180466038671294,0.08254833911750124,0.08329201784828955,0.0872583044124938,0.0835399107585523,0.08527516113039167,0.09444719881011403,0.09742191373326722,0.08973723351512147,0.08701041150223103,0.7327714427367378,0.09122459097669806,0.07982151710461081,0.07833415964303421,0.7439266236985622,0.07882994546355974,1.0,0.062221120475954385
SMALLTEXT_RANDOM,0.12245909766980664,0.10708973723351513,0.05751115518096182,0.9801685671789787,0.07486365889935548,0.08006941001487357,0.16410510659395142,0.1536936043629152,0.07089737233515121,0.06866633614278632,0.06717897868120971,0.19509172037679723,0.2035200793257313,0.146504709965295,0.07734258800198314,0.16236985622211206,0.14229053049082796,0.11675756073376302,0.1707982151710461,0.20277640059494298,0.1294000991571641,0.18170550322260784,0.15468517600396628,0.16881507188894398,0.19410014873574616,0.13857213683688646,0.06246901338621715,0.06866633614278632,0.07114526524541398,0.06742687159147248,0.15146256817055032,0.19930589985126426,0.16906296479920674,0.06494794248884482,0.1893901834407536,0.062221120475954385,1.0
