,ALIPY_CORESET_GREEDY,ALIPY_DENSITY_WEIGHTED,ALIPY_GRAPH_DENSITY,ALIPY_RANDOM,ALIPY_UNCERTAINTY_LC,ALIPY_UNCERTAINTY_MM,LIBACT_DWUS,LIBACT_QUIRE,LIBACT_UNCERTAINTY_ENT,LIBACT_UNCERTAINTY_LC,LIBACT_UNCERTAINTY_SM,OPTIMAL_GREEDY_10,OPTIMAL_GREEDY_20,PLAYGROUND_BANDIT,PLAYGROUND_GRAPH_DENSITY,PLAYGROUND_INFORMATIVE_DIVERSE,PLAYGROUND_KCENTER_GREEDY,PLAYGROUND_MARGIN,PLAYGROUND_MIXTURE,PLAYGROUND_UNIFORM,SKACTIVEML_COST_EMBEDDING,SKACTIVEML_DAL,SKACTIVEML_DWUS,SKACTIVEML_QBC,SKACTIVEML_QBC_VOTE_ENTROPY,SKACTIVEML_QUIRE,SKACTIVEML_US_ENTROPY,SKACTIVEML_US_LC,SKACTIVEML_US_MARGIN,SMALLTEXT_BREAKINGTIES,SMALLTEXT_CONTRASTIVEAL,SMALLTEXT_EMBEDDINGKMEANS,SMALLTEXT_GREEDYCORESET,SMALLTEXT_LEASTCONFIDENCE,SMALLTEXT_LIGHTWEIGHTCORESET,SMALLTEXT_PREDICTIONENTROPY,SMALLTEXT_RANDOM
ALIPY_CORESET_GREEDY,1.0,0.20996529499256322,0.023797719385225583,0.03445711452652454,0.046355974219137334,0.03396132870599901,0.05676747645017353,0.24863658899355479,0.041398116013882005,0.0421417947446703,0.031234506693108576,0.07436787307882994,0.07833415964303421,0.06370847793753098,0.023797719385225583,0.08849776896380764,1.0,0.050322260783341594,0.06321269211700545,0.07263262270699058,0.10510659395141299,0.08849776896380764,0.08626673277144274,0.07486365889935548,0.07387208725830441,0.14253842340109074,0.044868616757560736,0.04090233019335647,0.03346554288547347,0.02875557759048091,0.13510163609320774,0.0917203767972236,0.3039167079821517,0.0384234010907288,0.0842835894893406,0.0443728309370352,0.03445711452652454
ALIPY_DENSITY_WEIGHTED,0.20996529499256322,1.0,0.05205751115518096,0.052553296975706494,0.08973723351512147,0.07288051561725335,0.12543381259295985,0.2845810609816559,0.07312840852751612,0.07511155180961825,0.05924640555280119,0.12146752602875557,0.11725334655428855,0.10411502231036192,0.05205751115518096,0.11179970252850768,0.20996529499256322,0.08304412493802678,0.08849776896380764,0.12518591968269707,0.15294992563212692,0.1368368864650471,0.16187407040158652,0.124194348041646,0.12245909766980664,0.19484382746653445,0.06519583539910759,0.06965790778383739,0.058750619732275654,0.0518096182449182,0.1665840356965791,0.16559246405552802,0.3150718889439762,0.06544372830937036,0.12617749132374814,0.07064947942488845,0.052553296975706494
ALIPY_GRAPH_DENSITY,0.023797719385225583,0.05205751115518096,1.0,0.06717897868120971,0.04685176003966286,0.04610808130887457,0.13981160138820029,0.07882994546355974,0.035696579077838374,0.03668815071888944,0.0384234010907288,0.11799702528507684,0.10758552305404065,0.06965790778383739,1.0,0.06147744174516609,0.023797719385225583,0.03718393653941497,0.04338125929598413,0.11477441745166088,0.0932077342588002,0.0984134853743183,0.1420426375805652,0.11725334655428855,0.10386712940009915,0.06965790778383739,0.03594447198810114,0.034209221616261776,0.033217649975210706,0.03346554288547347,0.10981655924640556,0.13708477937530986,0.05503222607833416,0.03148239960337134,0.08750619732275657,0.03520079325731284,0.06717897868120971
ALIPY_RANDOM,0.03445711452652454,0.052553296975706494,0.06717897868120971,1.0,0.04462072384729797,0.04858701041150223,0.14253842340109074,0.06668319286068418,0.032969757064947945,0.031234506693108576,0.03445711452652454,0.12692117005453643,0.13411006445215667,0.08403569657907783,0.06717897868120971,0.08849776896380764,0.03445711452652454,0.061973227565691624,0.08676251859196826,0.13584531482399603,0.0894893406048587,0.12394645513138325,0.124194348041646,0.13039167079821518,0.13063956370847793,0.06618740704015866,0.03148239960337134,0.03173029251363411,0.03941497273177987,0.03594447198810114,0.11774913237481408,0.146504709965295,0.053544868616757564,0.02900347050074368,0.10758552305404065,0.03272186415468518,1.0
ALIPY_UNCERTAINTY_LC,0.046355974219137334,0.08973723351512147,0.04685176003966286,0.04462072384729797,1.0,0.7233515121467526,0.08701041150223103,0.08477937530986614,0.0946950917203768,0.10634605850272683,0.07833415964303421,0.08081308874566187,0.07882994546355974,0.0887456618740704,0.04685176003966286,0.0850272682201289,0.046355974219137334,0.13782845810609817,0.08601883986117997,0.08205255329697571,0.09072880515617253,0.08205255329697571,0.09940505701536936,0.0857709469509172,0.0842835894893406,0.08403569657907783,0.0991571641051066,0.10857709469509172,0.08304412493802678,0.14328210213187903,0.09395141298958849,0.10312345066931086,0.06717897868120971,0.2550818046603867,0.07337630143777887,0.16782350024789291,0.04462072384729797
ALIPY_UNCERTAINTY_MM,0.03396132870599901,0.07288051561725335,0.04610808130887457,0.04858701041150223,0.7233515121467526,1.0,0.0909766980664353,0.07263262270699058,0.07387208725830441,0.07585523054040655,0.09419930589985126,0.08155676747645017,0.08180466038671294,0.09791769955379276,0.04610808130887457,0.090233019335647,0.03396132870599901,0.18691125433812594,0.11056023797719385,0.07982151710461081,0.08701041150223103,0.08279623202776401,0.09395141298958849,0.09048091224590976,0.08676251859196826,0.07114526524541398,0.07337630143777887,0.08205255329697571,0.10436291522062469,0.24566187407040158,0.09444719881011403,0.10956866633614279,0.06246901338621715,0.14303420922161625,0.07312840852751612,0.13361427863163114,0.04858701041150223
LIBACT_DWUS,0.05676747645017353,0.12543381259295985,0.13981160138820029,0.14253842340109074,0.08701041150223103,0.0909766980664353,1.0,0.1960832920178483,0.053792761527020325,0.05280118988596926,0.06420426375805652,0.29548834903321763,0.30490827962320277,0.18244918195339613,0.13981160138820029,0.19410014873574616,0.05676747645017353,0.12047595438770452,0.15939514129895885,0.31705503222607834,0.19360436291522062,0.27863163113534956,0.3911750123946455,0.3041646008924145,0.30218145761031234,0.1760039662865642,0.06346058502726822,0.059494298463063956,0.07238472979672782,0.057263262270699056,0.2702032721864155,0.47521070897372336,0.12072384729796728,0.0518096182449182,0.22657411998016858,0.05528011898859692,0.14253842340109074
LIBACT_QUIRE,0.24863658899355479,0.2845810609816559,0.07882994546355974,0.06668319286068418,0.08477937530986614,0.07263262270699058,0.1960832920178483,1.0,0.07486365889935548,0.07114526524541398,0.061973227565691624,0.15418939018344074,0.1611303916707982,0.12196331184928111,0.07882994546355974,0.13262270699058007,0.24863658899355479,0.08527516113039167,0.0999008428358949,0.16807139315815567,0.18839861179970252,0.18071393158155677,0.2151710461080813,0.16906296479920674,0.1715418939018344,0.24367873078829946,0.06767476450173525,0.06891422905304909,0.059494298463063956,0.044124938026772434,0.2307882994546356,0.23103619236489836,0.38373822508676253,0.05676747645017353,0.15716410510659395,0.06792265741199802,0.06668319286068418
LIBACT_UNCERTAINTY_ENT,0.041398116013882005,0.07312840852751612,0.035696579077838374,0.032969757064947945,0.0946950917203768,0.07387208725830441,0.053792761527020325,0.07486365889935548,1.0,0.7478929102627665,0.7174020823004462,0.05999008428358949,0.06296479920674268,0.06023797719385226,0.035696579077838374,0.06941001487357462,0.041398116013882005,0.059494298463063956,0.05156172533465543,0.06841844323252355,0.06841844323252355,0.06494794248884482,0.06420426375805652,0.06172533465542886,0.06271690629647993,0.07263262270699058,0.11353495290034706,0.0909766980664353,0.07114526524541398,0.08081308874566187,0.07535944471988101,0.07511155180961825,0.06519583539910759,0.0999008428358949,0.05751115518096182,0.12890431333663857,0.032969757064947945
LIBACT_UNCERTAINTY_LC,0.0421417947446703,0.07511155180961825,0.03668815071888944,0.031234506693108576,0.10634605850272683,0.07585523054040655,0.05280118988596926,0.07114526524541398,0.7478929102627665,1.0,0.7325235498264749,0.059742191373326724,0.05676747645017353,0.059742191373326724,0.03668815071888944,0.06593951412989589,0.0421417947446703,0.06048587010411502,0.0495785820525533,0.06370847793753098,0.07040158651462568,0.06271690629647993,0.06494794248884482,0.06147744174516609,0.06172533465542886,0.07064947942488845,0.09568666336142786,0.10510659395141299,0.07585523054040655,0.08601883986117997,0.06693108577094695,0.06891422905304909,0.06742687159147248,0.11874070401586515,0.05701536936043629,0.11378284581060982,0.031234506693108576
LIBACT_UNCERTAINTY_SM,0.031234506693108576,0.05924640555280119,0.0384234010907288,0.03445711452652454,0.07833415964303421,0.09419930589985126,0.06420426375805652,0.061973227565691624,0.7174020823004462,0.7325235498264749,1.0,0.06767476450173525,0.06593951412989589,0.06668319286068418,0.0384234010907288,0.06767476450173525,0.031234506693108576,0.06593951412989589,0.05404065443728309,0.06767476450173525,0.07064947942488845,0.07114526524541398,0.07089737233515121,0.07164105106593951,0.07040158651462568,0.05676747645017353,0.07139315815567675,0.07436787307882994,0.09866137828458106,0.10386712940009915,0.06717897868120971,0.08453148239960337,0.05057015369360436,0.08701041150223103,0.06668319286068418,0.09196826970748637,0.03445711452652454
OPTIMAL_GREEDY_10,0.07436787307882994,0.12146752602875557,0.11799702528507684,0.12692117005453643,0.08081308874566187,0.08155676747645017,0.29548834903321763,0.15418939018344074,0.05999008428358949,0.059742191373326724,0.06767476450173525,1.0,0.26375805651958356,0.16410510659395142,0.11799702528507684,0.16534457114526524,0.07436787307882994,0.10907288051561725,0.1554288547347546,0.2630143777887952,0.161378284581061,0.2330193356470005,0.24293505205751115,0.23847297967278136,0.26152702032721864,0.14476945959345563,0.061973227565691624,0.06172533465542886,0.07337630143777887,0.059494298463063956,0.22211204759543876,0.31234506693108577,0.1256817055032226,0.05924640555280119,0.2107089737233515,0.06296479920674268,0.12692117005453643
OPTIMAL_GREEDY_20,0.07833415964303421,0.11725334655428855,0.10758552305404065,0.13411006445215667,0.07882994546355974,0.08180466038671294,0.30490827962320277,0.1611303916707982,0.06296479920674268,0.05676747645017353,0.06593951412989589,0.26375805651958356,1.0,0.16187407040158652,0.10758552305404065,0.16608824987605356,0.07833415964303421,0.11923648983639068,0.15146256817055032,0.24442240951908775,0.16385721368368864,0.2411998016856718,0.25359444719881014,0.23921665840356965,0.2592959841348537,0.139067922657412,0.06470004957858205,0.061973227565691624,0.06866633614278632,0.058254833911750126,0.22211204759543876,0.31308874566187406,0.12692117005453643,0.05503222607833416,0.20128904313336637,0.05800694100148736,0.13411006445215667
PLAYGROUND_BANDIT,0.06370847793753098,0.10411502231036192,0.06965790778383739,0.08403569657907783,0.0887456618740704,0.09791769955379276,0.18244918195339613,0.12196331184928111,0.06023797719385226,0.059742191373326724,0.06668319286068418,0.16410510659395142,0.16187407040158652,1.0,0.06965790778383739,0.32771442736737727,0.06370847793753098,0.36489836390679226,0.32374814080317305,0.15865146256817056,0.1663361427863163,0.153941497273178,0.16683192860684184,0.16360932077342588,0.16831928606841845,0.11725334655428855,0.059742191373326724,0.06147744174516609,0.07535944471988101,0.07164105106593951,0.14105106593951414,0.19707486365889937,0.10560237977193852,0.06296479920674268,0.13708477937530986,0.06618740704015866,0.08403569657907783
PLAYGROUND_GRAPH_DENSITY,0.023797719385225583,0.05205751115518096,1.0,0.06717897868120971,0.04685176003966286,0.04610808130887457,0.13981160138820029,0.07882994546355974,0.035696579077838374,0.03668815071888944,0.0384234010907288,0.11799702528507684,0.10758552305404065,0.06965790778383739,1.0,0.06147744174516609,0.023797719385225583,0.03718393653941497,0.04338125929598413,0.11477441745166088,0.0932077342588002,0.0984134853743183,0.1420426375805652,0.11725334655428855,0.10386712940009915,0.06965790778383739,0.03594447198810114,0.034209221616261776,0.033217649975210706,0.03346554288547347,0.10981655924640556,0.13708477937530986,0.05503222607833416,0.03148239960337134,0.08750619732275657,0.03520079325731284,0.06717897868120971
PLAYGROUND_INFORMATIVE_DIVERSE,0.08849776896380764,0.11179970252850768,0.06147744174516609,0.08849776896380764,0.0850272682201289,0.090233019335647,0.19410014873574616,0.13262270699058007,0.06941001487357462,0.06593951412989589,0.06767476450173525,0.16534457114526524,0.16608824987605356,0.32771442736737727,0.06147744174516609,1.0,0.08849776896380764,0.30466038671294,0.31036192364898363,0.16385721368368864,0.15047099652949925,0.16782350024789291,0.16732771442736738,0.17327714427367377,0.17625185919682698,0.1271690629647992,0.07064947942488845,0.07164105106593951,0.07709469509172037,0.06246901338621715,0.153941497273178,0.20475954387704512,0.12667327714427368,0.059742191373326724,0.15716410510659395,0.061973227565691624,0.08849776896380764
PLAYGROUND_KCENTER_GREEDY,1.0,0.20996529499256322,0.023797719385225583,0.03445711452652454,0.046355974219137334,0.03396132870599901,0.05676747645017353,0.24863658899355479,0.041398116013882005,0.0421417947446703,0.031234506693108576,0.07436787307882994,0.07833415964303421,0.06370847793753098,0.023797719385225583,0.08849776896380764,1.0,0.050322260783341594,0.06321269211700545,0.07263262270699058,0.10510659395141299,0.08849776896380764,0.08626673277144274,0.07486365889935548,0.07387208725830441,0.14253842340109074,0.044868616757560736,0.04090233019335647,0.03346554288547347,0.02875557759048091,0.13510163609320774,0.0917203767972236,0.3039167079821517,0.0384234010907288,0.0842835894893406,0.0443728309370352,0.03445711452652454
PLAYGROUND_MARGIN,0.050322260783341594,0.08304412493802678,0.03718393653941497,0.061973227565691624,0.13782845810609817,0.18691125433812594,0.12047595438770452,0.08527516113039167,0.059494298463063956,0.06048587010411502,0.06593951412989589,0.10907288051561725,0.11923648983639068,0.36489836390679226,0.03718393653941497,0.30466038671294,0.050322260783341594,1.0,0.4541398116013882,0.11452652454139811,0.12345066931085771,0.10956866633614279,0.11774913237481408,0.11279127416955875,0.11279127416955875,0.09048091224590976,0.061973227565691624,0.06742687159147248,0.07015369360436291,0.16584035696579078,0.1028755577590481,0.1353495290034705,0.08031730292513634,0.11477441745166088,0.10808130887456618,0.10560237977193852,0.061973227565691624
PLAYGROUND_MIXTURE,0.06321269211700545,0.08849776896380764,0.04338125929598413,0.08676251859196826,0.08601883986117997,0.11056023797719385,0.15939514129895885,0.0999008428358949,0.05156172533465543,0.0495785820525533,0.05404065443728309,0.1554288547347546,0.15146256817055032,0.32374814080317305,0.04338125929598413,0.31036192364898363,0.06321269211700545,0.4541398116013882,1.0,0.15071888943976203,0.12295488349033218,0.14823996033713435,0.13956370847793753,0.15270203272186417,0.146504709965295,0.09717402082300446,0.05205751115518096,0.054784333168071395,0.05924640555280119,0.08453148239960337,0.13733267228557264,0.17649975210708974,0.09295984134853744,0.06346058502726822,0.1353495290034705,0.061973227565691624,0.08676251859196826
PLAYGROUND_UNIFORM,0.07263262270699058,0.12518591968269707,0.11477441745166088,0.13584531482399603,0.08205255329697571,0.07982151710461081,0.31705503222607834,0.16807139315815567,0.06841844323252355,0.06370847793753098,0.06767476450173525,0.2630143777887952,0.24442240951908775,0.15865146256817056,0.11477441745166088,0.16385721368368864,0.07263262270699058,0.11452652454139811,0.15071888943976203,1.0,0.17724343083787802,0.23946455131383243,0.2553296975706495,0.24938026772434307,0.2595438770451165,0.14526524541398117,0.05850272682201289,0.05751115518096182,0.06965790778383739,0.06271690629647993,0.23425880019831433,0.31036192364898363,0.12989588497768964,0.06470004957858205,0.20823004462072384,0.06618740704015866,0.13584531482399603
SKACTIVEML_COST_EMBEDDING,0.10510659395141299,0.15294992563212692,0.0932077342588002,0.0894893406048587,0.09072880515617253,0.08701041150223103,0.19360436291522062,0.18839861179970252,0.06841844323252355,0.07040158651462568,0.07064947942488845,0.161378284581061,0.16385721368368864,0.1663361427863163,0.0932077342588002,0.15047099652949925,0.10510659395141299,0.12345066931085771,0.12295488349033218,0.17724343083787802,1.0,0.17278135845314824,0.19707486365889937,0.16807139315815567,0.16906296479920674,0.17501239464551313,0.07288051561725335,0.07486365889935548,0.07114526524541398,0.06147744174516609,0.18096182449181952,0.21913733267228558,0.16955875061973227,0.062221120475954385,0.16063460585027267,0.07040158651462568,0.0894893406048587
SKACTIVEML_DAL,0.08849776896380764,0.1368368864650471,0.0984134853743183,0.12394645513138325,0.08205255329697571,0.08279623202776401,0.27863163113534956,0.18071393158155677,0.06494794248884482,0.06271690629647993,0.07114526524541398,0.2330193356470005,0.2411998016856718,0.153941497273178,0.0984134853743183,0.16782350024789291,0.08849776896380764,0.10956866633614279,0.14823996033713435,0.23946455131383243,0.17278135845314824,1.0,0.24318294496777393,0.24169558750619732,0.2518591968269707,0.15518096182449181,0.06470004957858205,0.06073376301437779,0.06792265741199802,0.059494298463063956,0.22211204759543876,0.30441249380267726,0.13981160138820029,0.05230540406544373,0.2092216162617749,0.05552801189885969,0.12394645513138325
SKACTIVEML_DWUS,0.08626673277144274,0.16187407040158652,0.1420426375805652,0.124194348041646,0.09940505701536936,0.09395141298958849,0.3911750123946455,0.2151710461080813,0.06420426375805652,0.06494794248884482,0.07089737233515121,0.24293505205751115,0.25359444719881014,0.16683192860684184,0.1420426375805652,0.16732771442736738,0.08626673277144274,0.11774913237481408,0.13956370847793753,0.2553296975706495,0.19707486365889937,0.24318294496777393,1.0,0.27912741695587506,0.2640059494298463,0.17649975210708974,0.07213683688646505,0.07139315815567675,0.07709469509172037,0.06271690629647993,0.2508676251859197,0.3745661874070402,0.15294992563212692,0.06296479920674268,0.20426375805651958,0.07114526524541398,0.124194348041646
SKACTIVEML_QBC,0.07486365889935548,0.124194348041646,0.11725334655428855,0.13039167079821518,0.0857709469509172,0.09048091224590976,0.3041646008924145,0.16906296479920674,0.06172533465542886,0.06147744174516609,0.07164105106593951,0.23847297967278136,0.23921665840356965,0.16360932077342588,0.11725334655428855,0.17327714427367377,0.07486365889935548,0.11279127416955875,0.15270203272186417,0.24938026772434307,0.16807139315815567,0.24169558750619732,0.27912741695587506,1.0,0.2803668815071889,0.15344571145265246,0.05775904809122459,0.06271690629647993,0.07312840852751612,0.06494794248884482,0.2315319781854239,0.3158155676747645,0.1346058502726822,0.06073376301437779,0.20079325731284084,0.06544372830937036,0.13039167079821518
SKACTIVEML_QBC_VOTE_ENTROPY,0.07387208725830441,0.12245909766980664,0.10386712940009915,0.13063956370847793,0.0842835894893406,0.08676251859196826,0.30218145761031234,0.1715418939018344,0.06271690629647993,0.06172533465542886,0.07040158651462568,0.26152702032721864,0.2592959841348537,0.16831928606841845,0.10386712940009915,0.17625185919682698,0.07387208725830441,0.11279127416955875,0.146504709965295,0.2595438770451165,0.16906296479920674,0.2518591968269707,0.2640059494298463,0.2803668815071889,1.0,0.15071888943976203,0.06618740704015866,0.06544372830937036,0.07337630143777887,0.06073376301437779,0.23326722855726326,0.31928606841844326,0.13559742191373328,0.05676747645017353,0.20699058006941,0.059742191373326724,0.13063956370847793
SKACTIVEML_QUIRE,0.14253842340109074,0.19484382746653445,0.06965790778383739,0.06618740704015866,0.08403569657907783,0.07114526524541398,0.1760039662865642,0.24367873078829946,0.07263262270699058,0.07064947942488845,0.05676747645017353,0.14476945959345563,0.139067922657412,0.11725334655428855,0.06965790778383739,0.1271690629647992,0.14253842340109074,0.09048091224590976,0.09717402082300446,0.14526524541398117,0.17501239464551313,0.15518096182449181,0.17649975210708974,0.15344571145265246,0.15071888943976203,1.0,0.06569162121963312,0.06122954883490332,0.05230540406544373,0.053792761527020325,0.17674764501735252,0.17997025285076848,0.2057511155180962,0.06717897868120971,0.1301437778879524,0.07858205255329698,0.06618740704015866
SKACTIVEML_US_ENTROPY,0.044868616757560736,0.06519583539910759,0.03594447198810114,0.03148239960337134,0.0991571641051066,0.07337630143777887,0.06346058502726822,0.06767476450173525,0.11353495290034706,0.09568666336142786,0.07139315815567675,0.061973227565691624,0.06470004957858205,0.059742191373326724,0.03594447198810114,0.07064947942488845,0.044868616757560736,0.061973227565691624,0.05205751115518096,0.05850272682201289,0.07288051561725335,0.06470004957858205,0.07213683688646505,0.05775904809122459,0.06618740704015866,0.06569162121963312,1.0,0.7511155180961825,0.7206246901338622,0.062221120475954385,0.07139315815567675,0.07411998016856718,0.059494298463063956,0.08701041150223103,0.05800694100148736,0.11130391670798215,0.03148239960337134
SKACTIVEML_US_LC,0.04090233019335647,0.06965790778383739,0.034209221616261776,0.03173029251363411,0.10857709469509172,0.08205255329697571,0.059494298463063956,0.06891422905304909,0.0909766980664353,0.10510659395141299,0.07436787307882994,0.06172533465542886,0.061973227565691624,0.06147744174516609,0.034209221616261776,0.07164105106593951,0.04090233019335647,0.06742687159147248,0.054784333168071395,0.05751115518096182,0.07486365889935548,0.06073376301437779,0.07139315815567675,0.06271690629647993,0.06544372830937036,0.06122954883490332,0.7511155180961825,1.0,0.7317798710956867,0.06941001487357462,0.07164105106593951,0.06965790778383739,0.06668319286068418,0.09593455627169063,0.05627169062964799,0.09072880515617253,0.03173029251363411
SKACTIVEML_US_MARGIN,0.03346554288547347,0.058750619732275654,0.033217649975210706,0.03941497273177987,0.08304412493802678,0.10436291522062469,0.07238472979672782,0.059494298463063956,0.07114526524541398,0.07585523054040655,0.09866137828458106,0.07337630143777887,0.06866633614278632,0.07535944471988101,0.033217649975210706,0.07709469509172037,0.03346554288547347,0.07015369360436291,0.05924640555280119,0.06965790778383739,0.07114526524541398,0.06792265741199802,0.07709469509172037,0.07312840852751612,0.07337630143777887,0.05230540406544373,0.7206246901338622,0.7317798710956867,1.0,0.08601883986117997,0.07436787307882994,0.08998512642538424,0.0532969757064948,0.07610312345066932,0.06346058502726822,0.07288051561725335,0.03941497273177987
SMALLTEXT_BREAKINGTIES,0.02875557759048091,0.0518096182449182,0.03346554288547347,0.03594447198810114,0.14328210213187903,0.24566187407040158,0.057263262270699056,0.044124938026772434,0.08081308874566187,0.08601883986117997,0.10386712940009915,0.059494298463063956,0.058254833911750126,0.07164105106593951,0.03346554288547347,0.06246901338621715,0.02875557759048091,0.16584035696579078,0.08453148239960337,0.06271690629647993,0.06147744174516609,0.059494298463063956,0.06271690629647993,0.06494794248884482,0.06073376301437779,0.053792761527020325,0.062221120475954385,0.06941001487357462,0.08601883986117997,1.0,0.058750619732275654,0.07015369360436291,0.0428854734754586,0.721864154685176,0.04858701041150223,0.7099652949925632,0.03594447198810114
SMALLTEXT_CONTRASTIVEAL,0.13510163609320774,0.1665840356965791,0.10981655924640556,0.11774913237481408,0.09395141298958849,0.09444719881011403,0.2702032721864155,0.2307882994546356,0.07535944471988101,0.06693108577094695,0.06717897868120971,0.22211204759543876,0.22211204759543876,0.14105106593951414,0.10981655924640556,0.153941497273178,0.13510163609320774,0.1028755577590481,0.13733267228557264,0.23425880019831433,0.18096182449181952,0.22211204759543876,0.2508676251859197,0.2315319781854239,0.23326722855726326,0.17674764501735252,0.07139315815567675,0.07164105106593951,0.07436787307882994,0.058750619732275654,1.0,0.3031730292513634,0.21046108081308876,0.06519583539910759,0.1886465047099653,0.07709469509172037,0.11774913237481408
SMALLTEXT_EMBEDDINGKMEANS,0.0917203767972236,0.16559246405552802,0.13708477937530986,0.146504709965295,0.10312345066931086,0.10956866633614279,0.47521070897372336,0.23103619236489836,0.07511155180961825,0.06891422905304909,0.08453148239960337,0.31234506693108577,0.31308874566187406,0.19707486365889937,0.13708477937530986,0.20475954387704512,0.0917203767972236,0.1353495290034705,0.17649975210708974,0.31036192364898363,0.21913733267228558,0.30441249380267726,0.3745661874070402,0.3158155676747645,0.31928606841844326,0.17997025285076848,0.07411998016856718,0.06965790778383739,0.08998512642538424,0.07015369360436291,0.3031730292513634,1.0,0.16980664352999505,0.06172533465542886,0.26871591472483886,0.07040158651462568,0.146504709965295
SMALLTEXT_GREEDYCORESET,0.3039167079821517,0.3150718889439762,0.05503222607833416,0.053544868616757564,0.06717897868120971,0.06246901338621715,0.12072384729796728,0.38373822508676253,0.06519583539910759,0.06742687159147248,0.05057015369360436,0.1256817055032226,0.12692117005453643,0.10560237977193852,0.05503222607833416,0.12667327714427368,0.3039167079821517,0.08031730292513634,0.09295984134853744,0.12989588497768964,0.16955875061973227,0.13981160138820029,0.15294992563212692,0.1346058502726822,0.13559742191373328,0.2057511155180962,0.059494298463063956,0.06668319286068418,0.0532969757064948,0.0428854734754586,0.21046108081308876,0.16980664352999505,1.0,0.05701536936043629,0.14105106593951414,0.06742687159147248,0.053544868616757564
SMALLTEXT_LEASTCONFIDENCE,0.0384234010907288,0.06544372830937036,0.03148239960337134,0.02900347050074368,0.2550818046603867,0.14303420922161625,0.0518096182449182,0.05676747645017353,0.0999008428358949,0.11874070401586515,0.08701041150223103,0.05924640555280119,0.05503222607833416,0.06296479920674268,0.03148239960337134,0.059742191373326724,0.0384234010907288,0.11477441745166088,0.06346058502726822,0.06470004957858205,0.062221120475954385,0.05230540406544373,0.06296479920674268,0.06073376301437779,0.05676747645017353,0.06717897868120971,0.08701041150223103,0.09593455627169063,0.07610312345066932,0.721864154685176,0.06519583539910759,0.06172533465542886,0.05701536936043629,1.0,0.047595438770451165,0.7439266236985622,0.02900347050074368
SMALLTEXT_LIGHTWEIGHTCORESET,0.0842835894893406,0.12617749132374814,0.08750619732275657,0.10758552305404065,0.07337630143777887,0.07312840852751612,0.22657411998016858,0.15716410510659395,0.05751115518096182,0.05701536936043629,0.06668319286068418,0.2107089737233515,0.20128904313336637,0.13708477937530986,0.08750619732275657,0.15716410510659395,0.0842835894893406,0.10808130887456618,0.1353495290034705,0.20823004462072384,0.16063460585027267,0.2092216162617749,0.20426375805651958,0.20079325731284084,0.20699058006941,0.1301437778879524,0.05800694100148736,0.05627169062964799,0.06346058502726822,0.04858701041150223,0.1886465047099653,0.26871591472483886,0.14105106593951414,0.047595438770451165,1.0,0.05280118988596926,0.10758552305404065
SMALLTEXT_PREDICTIONENTROPY,0.0443728309370352,0.07064947942488845,0.03520079325731284,0.03272186415468518,0.16782350024789291,0.13361427863163114,0.05528011898859692,0.06792265741199802,0.12890431333663857,0.11378284581060982,0.09196826970748637,0.06296479920674268,0.05800694100148736,0.06618740704015866,0.03520079325731284,0.061973227565691624,0.0443728309370352,0.10560237977193852,0.061973227565691624,0.06618740704015866,0.07040158651462568,0.05552801189885969,0.07114526524541398,0.06544372830937036,0.059742191373326724,0.07858205255329698,0.11130391670798215,0.09072880515617253,0.07288051561725335,0.7099652949925632,0.07709469509172037,0.07040158651462568,0.06742687159147248,0.7439266236985622,0.05280118988596926,1.0,0.03272186415468518
SMALLTEXT_RANDOM,0.03445711452652454,0.052553296975706494,0.06717897868120971,1.0,0.04462072384729797,0.04858701041150223,0.14253842340109074,0.06668319286068418,0.032969757064947945,0.031234506693108576,0.03445711452652454,0.12692117005453643,0.13411006445215667,0.08403569657907783,0.06717897868120971,0.08849776896380764,0.03445711452652454,0.061973227565691624,0.08676251859196826,0.13584531482399603,0.0894893406048587,0.12394645513138325,0.124194348041646,0.13039167079821518,0.13063956370847793,0.06618740704015866,0.03148239960337134,0.03173029251363411,0.03941497273177987,0.03594447198810114,0.11774913237481408,0.146504709965295,0.053544868616757564,0.02900347050074368,0.10758552305404065,0.03272186415468518,1.0
