,ALIPY_CORESET_GREEDY,ALIPY_DENSITY_WEIGHTED,ALIPY_GRAPH_DENSITY,ALIPY_RANDOM,ALIPY_UNCERTAINTY_LC,ALIPY_UNCERTAINTY_MM,LIBACT_DWUS,LIBACT_QUIRE,LIBACT_UNCERTAINTY_ENT,LIBACT_UNCERTAINTY_LC,LIBACT_UNCERTAINTY_SM,OPTIMAL_GREEDY_10,OPTIMAL_GREEDY_20,PLAYGROUND_BANDIT,PLAYGROUND_GRAPH_DENSITY,PLAYGROUND_INFORMATIVE_DIVERSE,PLAYGROUND_KCENTER_GREEDY,PLAYGROUND_MARGIN,PLAYGROUND_MIXTURE,PLAYGROUND_UNIFORM,SKACTIVEML_COST_EMBEDDING,SKACTIVEML_DAL,SKACTIVEML_DWUS,SKACTIVEML_QBC,SKACTIVEML_QBC_VOTE_ENTROPY,SKACTIVEML_QUIRE,SKACTIVEML_US_ENTROPY,SKACTIVEML_US_LC,SKACTIVEML_US_MARGIN,SMALLTEXT_BREAKINGTIES,SMALLTEXT_CONTRASTIVEAL,SMALLTEXT_EMBEDDINGKMEANS,SMALLTEXT_GREEDYCORESET,SMALLTEXT_LEASTCONFIDENCE,SMALLTEXT_LIGHTWEIGHTCORESET,SMALLTEXT_PREDICTIONENTROPY,SMALLTEXT_RANDOM
ALIPY_CORESET_GREEDY,1.0,0.10039662865642042,0.03668815071888944,0.05651958353991076,0.03470500743678731,0.03445711452652454,0.09345562716906297,0.12816063460585028,0.029995042141794746,0.02478929102627665,0.027268220128904314,0.0999008428358949,0.09295984134853744,0.05676747645017353,0.03668815071888944,0.06494794248884482,0.9997521070897373,0.05230540406544373,0.07486365889935548,0.08651462568170551,0.08378780366881507,0.0999008428358949,0.06941001487357462,0.09196826970748637,0.0924640555280119,0.0961824491819534,0.029251363411006447,0.026524541398116015,0.026524541398116015,0.023549826474962815,0.0961824491819534,0.0999008428358949,0.1338621715418939,0.026772434308378782,0.0961824491819534,0.026276648487853247,0.05651958353991076
ALIPY_DENSITY_WEIGHTED,0.10039662865642042,1.0,0.07089737233515121,0.08279623202776401,0.07932573128408528,0.07957362419434805,0.16807139315815567,0.18616757560733763,0.06544372830937036,0.06494794248884482,0.06841844323252355,0.15964303420922163,0.15989092711948438,0.10188398611799702,0.07089737233515121,0.13956370847793753,0.10039662865642042,0.0954387704511651,0.11502231036192365,0.15666831928606842,0.14105106593951414,0.15443728309370353,0.13733267228557264,0.15666831928606842,0.14972731779871096,0.16608824987605356,0.06792265741199802,0.06618740704015866,0.07759048091224591,0.05800694100148736,0.16360932077342588,0.16410510659395142,0.1722855726326227,0.05850272682201289,0.15146256817055032,0.06048587010411502,0.08279623202776401
ALIPY_GRAPH_DENSITY,0.03668815071888944,0.07089737233515121,1.0,0.06817055032226078,0.03470500743678731,0.03619236489836391,0.12766484878532475,0.09419930589985126,0.026276648487853247,0.02454139811601388,0.029747149231531978,0.12196331184928111,0.12022806147744175,0.0480912245909767,1.0,0.058254833911750126,0.03668815071888944,0.033217649975210706,0.0436291522062469,0.11725334655428855,0.07560733763014378,0.10733763014377788,0.10932077342588002,0.10956866633614279,0.11155180961824492,0.0805651958353991,0.018839861179970253,0.022062469013386217,0.025780862667327716,0.02255825483391175,0.10560237977193852,0.11799702528507684,0.11155180961824492,0.023549826474962815,0.10386712940009915,0.021566683192860685,0.06817055032226078
ALIPY_RANDOM,0.05651958353991076,0.08279623202776401,0.06817055032226078,1.0,0.036936043629152204,0.036440257808626676,0.14253842340109074,0.11229548834903322,0.027268220128904314,0.025780862667327716,0.030490827962320277,0.12865642042637582,0.14005949429846307,0.06792265741199802,0.06817055032226078,0.07387208725830441,0.05651958353991076,0.051065939514129896,0.07635101636093208,0.1308874566187407,0.0805651958353991,0.1212196331184928,0.1065939514129896,0.12766484878532475,0.1256817055032226,0.09048091224590976,0.025037183936539417,0.025037183936539417,0.023054040654437283,0.022310361923648984,0.124194348041646,0.1308874566187407,0.124194348041646,0.02478929102627665,0.12766484878532475,0.02602875557759048,1.0
ALIPY_UNCERTAINTY_LC,0.03470500743678731,0.07932573128408528,0.03470500743678731,0.036936043629152204,1.0,0.7174020823004462,0.07362419434804164,0.06618740704015866,0.06965790778383739,0.0880019831432821,0.07213683688646505,0.0768468021814576,0.07114526524541398,0.07411998016856718,0.03470500743678731,0.0835399107585523,0.03470500743678731,0.12692117005453643,0.07882994546355974,0.07858205255329698,0.07511155180961825,0.07436787307882994,0.07511155180961825,0.07213683688646505,0.07411998016856718,0.07238472979672782,0.06643529995042141,0.08031730292513634,0.06470004957858205,0.12369856222112048,0.07907783837382251,0.07610312345066932,0.07486365889935548,0.2270699058006941,0.07436787307882994,0.13411006445215667,0.036936043629152204
ALIPY_UNCERTAINTY_MM,0.03445711452652454,0.07957362419434805,0.03619236489836391,0.036440257808626676,0.7174020823004462,1.0,0.07064947942488845,0.06668319286068418,0.06519583539910759,0.06519583539910759,0.08304412493802678,0.07585523054040655,0.07312840852751612,0.07833415964303421,0.03619236489836391,0.0805651958353991,0.03445711452652454,0.17873078829945463,0.0954387704511651,0.07709469509172037,0.07436787307882994,0.07114526524541398,0.07709469509172037,0.07585523054040655,0.07585523054040655,0.06990580069410014,0.05999008428358949,0.058750619732275654,0.07387208725830441,0.21492315319781854,0.07461576598909271,0.07238472979672782,0.07411998016856718,0.12369856222112048,0.07709469509172037,0.11353495290034706,0.036440257808626676
LIBACT_DWUS,0.09345562716906297,0.16807139315815567,0.12766484878532475,0.14253842340109074,0.07362419434804164,0.07064947942488845,1.0,0.2330193356470005,0.05924640555280119,0.05007436787307883,0.05899851264253842,0.27689638076351014,0.2699553792761527,0.11303916707982152,0.12766484878532475,0.15567674764501735,0.09345562716906297,0.10114030738720872,0.15047099652949925,0.2672285572632623,0.1760039662865642,0.25706494794248885,0.2506197322756569,0.2714427367377293,0.2654933068914229,0.2017848289538919,0.05651958353991076,0.05751115518096182,0.058254833911750126,0.04908279623202776,0.24367873078829946,0.3034209221616262,0.24764501735250372,0.0473475458601884,0.2630143777887952,0.05404065443728309,0.14253842340109074
LIBACT_QUIRE,0.12816063460585028,0.18616757560733763,0.09419930589985126,0.11229548834903322,0.06618740704015866,0.06668319286068418,0.2330193356470005,1.0,0.05577590480912246,0.0532969757064948,0.0532969757064948,0.23103619236489836,0.21913733267228558,0.10560237977193852,0.09419930589985126,0.15071888943976203,0.12816063460585028,0.09494298463063956,0.12245909766980664,0.20748636588993555,0.15840356965790778,0.21368368864650472,0.1923648983639068,0.22459097669806644,0.2255825483391175,0.2107089737233515,0.05627169062964799,0.057263262270699056,0.05899851264253842,0.04685176003966286,0.2226078334159643,0.23103619236489836,0.21467526028755576,0.04313336638572137,0.21641051065939515,0.05156172533465543,0.11229548834903322
LIBACT_UNCERTAINTY_ENT,0.029995042141794746,0.06544372830937036,0.026276648487853247,0.027268220128904314,0.06965790778383739,0.06519583539910759,0.05924640555280119,0.05577590480912246,1.0,0.7273177987109569,0.7159147248388696,0.06470004957858205,0.060981655924640554,0.04561229548834903,0.026276648487853247,0.05577590480912246,0.029995042141794746,0.05577590480912246,0.04933068914229053,0.07015369360436291,0.06073376301437779,0.052553296975706494,0.04933068914229053,0.05651958353991076,0.0532969757064948,0.06965790778383739,0.08304412493802678,0.07040158651462568,0.06246901338621715,0.052553296975706494,0.06841844323252355,0.05701536936043629,0.062221120475954385,0.05999008428358949,0.05924640555280119,0.0835399107585523,0.027268220128904314
LIBACT_UNCERTAINTY_LC,0.02478929102627665,0.06494794248884482,0.02454139811601388,0.025780862667327716,0.0880019831432821,0.06519583539910759,0.05007436787307883,0.0532969757064948,0.7273177987109569,1.0,0.7305404065443728,0.06147744174516609,0.058254833911750126,0.05057015369360436,0.02454139811601388,0.06073376301437779,0.02478929102627665,0.06023797719385226,0.05280118988596926,0.056023797719385225,0.06246901338621715,0.05304908279623203,0.04908279623202776,0.0532969757064948,0.05453644025780863,0.06172533465542886,0.07411998016856718,0.07858205255329698,0.06941001487357462,0.05800694100148736,0.05701536936043629,0.05899851264253842,0.05453644025780863,0.07511155180961825,0.053544868616757564,0.07288051561725335,0.025780862667327716
LIBACT_UNCERTAINTY_SM,0.027268220128904314,0.06841844323252355,0.029747149231531978,0.030490827962320277,0.07213683688646505,0.08304412493802678,0.05899851264253842,0.0532969757064948,0.7159147248388696,0.7305404065443728,1.0,0.06593951412989589,0.06618740704015866,0.05230540406544373,0.029747149231531978,0.06073376301437779,0.027268220128904314,0.06395637084779375,0.051313832424392664,0.061973227565691624,0.06519583539910759,0.060981655924640554,0.05899851264253842,0.06346058502726822,0.05577590480912246,0.06668319286068418,0.07015369360436291,0.06866633614278632,0.08527516113039167,0.07139315815567675,0.060981655924640554,0.06147744174516609,0.058750619732275654,0.05627169062964799,0.06420426375805652,0.059742191373326724,0.030490827962320277
OPTIMAL_GREEDY_10,0.0999008428358949,0.15964303420922163,0.12196331184928111,0.12865642042637582,0.0768468021814576,0.07585523054040655,0.27689638076351014,0.23103619236489836,0.06470004957858205,0.06147744174516609,0.06593951412989589,1.0,0.2850768468021815,0.10560237977193852,0.12196331184928111,0.14253842340109074,0.09965294992563213,0.10014873574615767,0.139067922657412,0.25483391175012393,0.17104610808130888,0.2404561229548835,0.22607833415964304,0.2498760535448686,0.25012394645513136,0.19261279127416955,0.05428854734754586,0.05503222607833416,0.06296479920674268,0.048834903321764996,0.23202776400594943,0.26474962816063463,0.24020823004462072,0.0451165096678235,0.24814080317302925,0.052553296975706494,0.12865642042637582
OPTIMAL_GREEDY_20,0.09295984134853744,0.15989092711948438,0.12022806147744175,0.14005949429846307,0.07114526524541398,0.07312840852751612,0.2699553792761527,0.21913733267228558,0.060981655924640554,0.058254833911750126,0.06618740704015866,0.2850768468021815,1.0,0.11204759543877045,0.12022806147744175,0.1499752107089737,0.09295984134853744,0.10337134357957363,0.14452156668319285,0.2449181953396133,0.17203767972235995,0.24293505205751115,0.22359940505701537,0.2521070897372335,0.24764501735250372,0.1849281110560238,0.05404065443728309,0.05304908279623203,0.06147744174516609,0.048834903321764996,0.23054040654437283,0.27540902330193356,0.23128408527516114,0.043877045116509666,0.23797719385225583,0.051065939514129896,0.14005949429846307
PLAYGROUND_BANDIT,0.05676747645017353,0.10188398611799702,0.0480912245909767,0.06792265741199802,0.07411998016856718,0.07833415964303421,0.11303916707982152,0.10560237977193852,0.04561229548834903,0.05057015369360436,0.05230540406544373,0.10560237977193852,0.11204759543877045,1.0,0.0480912245909767,0.285572632622707,0.05676747645017353,0.30887456618740705,0.26846802181457613,0.11799702528507684,0.12320277640059495,0.11849281110560238,0.11427863163113534,0.1249380267724343,0.11849281110560238,0.11353495290034706,0.04908279623202776,0.05230540406544373,0.051065939514129896,0.05503222607833416,0.11626177491323748,0.11452652454139811,0.10560237977193852,0.05577590480912246,0.12072384729796728,0.05528011898859692,0.06792265741199802
PLAYGROUND_GRAPH_DENSITY,0.03668815071888944,0.07089737233515121,1.0,0.06817055032226078,0.03470500743678731,0.03619236489836391,0.12766484878532475,0.09419930589985126,0.026276648487853247,0.02454139811601388,0.029747149231531978,0.12196331184928111,0.12022806147744175,0.0480912245909767,1.0,0.058254833911750126,0.03668815071888944,0.033217649975210706,0.0436291522062469,0.11725334655428855,0.07560733763014378,0.10733763014377788,0.10932077342588002,0.10956866633614279,0.11155180961824492,0.0805651958353991,0.018839861179970253,0.022062469013386217,0.025780862667327716,0.02255825483391175,0.10560237977193852,0.11799702528507684,0.11155180961824492,0.023549826474962815,0.10386712940009915,0.021566683192860685,0.06817055032226078
PLAYGROUND_INFORMATIVE_DIVERSE,0.06494794248884482,0.13956370847793753,0.058254833911750126,0.07387208725830441,0.0835399107585523,0.0805651958353991,0.15567674764501735,0.15071888943976203,0.05577590480912246,0.06073376301437779,0.06073376301437779,0.14253842340109074,0.1499752107089737,0.285572632622707,0.058254833911750126,1.0,0.06494794248884482,0.28582052553296977,0.2892910262766485,0.15294992563212692,0.12692117005453643,0.1588993554784333,0.13782845810609817,0.1502231036192365,0.1502231036192365,0.14105106593951414,0.058254833911750126,0.061973227565691624,0.06147744174516609,0.06023797719385226,0.14823996033713435,0.15716410510659395,0.14328210213187903,0.05701536936043629,0.15047099652949925,0.06048587010411502,0.07387208725830441
PLAYGROUND_KCENTER_GREEDY,0.9997521070897373,0.10039662865642042,0.03668815071888944,0.05651958353991076,0.03470500743678731,0.03445711452652454,0.09345562716906297,0.12816063460585028,0.029995042141794746,0.02478929102627665,0.027268220128904314,0.09965294992563213,0.09295984134853744,0.05676747645017353,0.03668815071888944,0.06494794248884482,1.0,0.05205751115518096,0.07486365889935548,0.08651462568170551,0.08378780366881507,0.0999008428358949,0.06941001487357462,0.09221616261774913,0.09221616261774913,0.0961824491819534,0.029251363411006447,0.026524541398116015,0.026524541398116015,0.023549826474962815,0.09643034209221617,0.09965294992563213,0.1338621715418939,0.026772434308378782,0.0961824491819534,0.026276648487853247,0.05651958353991076
PLAYGROUND_MARGIN,0.05230540406544373,0.0954387704511651,0.033217649975210706,0.051065939514129896,0.12692117005453643,0.17873078829945463,0.10114030738720872,0.09494298463063956,0.05577590480912246,0.06023797719385226,0.06395637084779375,0.10014873574615767,0.10337134357957363,0.30887456618740705,0.033217649975210706,0.28582052553296977,0.05205751115518096,1.0,0.44199305899851266,0.10386712940009915,0.10436291522062469,0.09643034209221617,0.0887456618740704,0.09519087754090233,0.09568666336142786,0.09965294992563213,0.0458601883986118,0.05280118988596926,0.05651958353991076,0.16608824987605356,0.10386712940009915,0.09965294992563213,0.09568666336142786,0.11626177491323748,0.0887456618740704,0.10461080813088745,0.051065939514129896
PLAYGROUND_MIXTURE,0.07486365889935548,0.11502231036192365,0.0436291522062469,0.07635101636093208,0.07882994546355974,0.0954387704511651,0.15047099652949925,0.12245909766980664,0.04933068914229053,0.05280118988596926,0.051313832424392664,0.139067922657412,0.14452156668319285,0.26846802181457613,0.0436291522062469,0.2892910262766485,0.07486365889935548,0.44199305899851266,1.0,0.13287059990084282,0.11601388200297472,0.14179474467030243,0.11502231036192365,0.14303420922161625,0.13807635101636093,0.12444224095190877,0.03470500743678731,0.040406544372830935,0.04709965294992563,0.0872583044124938,0.12369856222112048,0.1494794248884482,0.13708477937530986,0.06420426375805652,0.13212692117005453,0.06023797719385226,0.07635101636093208
PLAYGROUND_UNIFORM,0.08651462568170551,0.15666831928606842,0.11725334655428855,0.1308874566187407,0.07858205255329698,0.07709469509172037,0.2672285572632623,0.20748636588993555,0.07015369360436291,0.056023797719385225,0.061973227565691624,0.25483391175012393,0.2449181953396133,0.11799702528507684,0.11725334655428855,0.15294992563212692,0.08651462568170551,0.10386712940009915,0.13287059990084282,1.0,0.16410510659395142,0.2374814080317303,0.22211204759543876,0.24888448190381754,0.23252354982647497,0.19261279127416955,0.05304908279623203,0.05528011898859692,0.06470004957858205,0.0518096182449182,0.23624194348041647,0.24938026772434307,0.21343579573624194,0.0495785820525533,0.22359940505701537,0.05751115518096182,0.1308874566187407
SKACTIVEML_COST_EMBEDDING,0.08378780366881507,0.14105106593951414,0.07560733763014378,0.0805651958353991,0.07511155180961825,0.07436787307882994,0.1760039662865642,0.15840356965790778,0.06073376301437779,0.06246901338621715,0.06519583539910759,0.17104610808130888,0.17203767972235995,0.12320277640059495,0.07560733763014378,0.12692117005453643,0.08378780366881507,0.10436291522062469,0.11601388200297472,0.16410510659395142,1.0,0.1633614278631631,0.15146256817055032,0.1611303916707982,0.16088249876053545,0.1611303916707982,0.06841844323252355,0.06470004957858205,0.06420426375805652,0.052553296975706494,0.16013882002974714,0.18170550322260784,0.1648487853247397,0.05552801189885969,0.1591472483886961,0.05924640555280119,0.0805651958353991
SKACTIVEML_DAL,0.0999008428358949,0.15443728309370353,0.10733763014377788,0.1212196331184928,0.07436787307882994,0.07114526524541398,0.25706494794248885,0.21368368864650472,0.052553296975706494,0.05304908279623203,0.060981655924640554,0.2404561229548835,0.24293505205751115,0.11849281110560238,0.10733763014377788,0.1588993554784333,0.0999008428358949,0.09643034209221617,0.14179474467030243,0.2374814080317303,0.1633614278631631,1.0,0.20104115022310362,0.2449181953396133,0.24442240951908775,0.18468021814576102,0.053792761527020325,0.05304908279623203,0.059494298463063956,0.0428854734754586,0.23549826474962815,0.24814080317302925,0.22136836886465047,0.04115022310361924,0.22459097669806644,0.04858701041150223,0.1212196331184928
SKACTIVEML_DWUS,0.06941001487357462,0.13733267228557264,0.10932077342588002,0.1065939514129896,0.07511155180961825,0.07709469509172037,0.2506197322756569,0.1923648983639068,0.04933068914229053,0.04908279623202776,0.05899851264253842,0.22607833415964304,0.22359940505701537,0.11427863163113534,0.10932077342588002,0.13782845810609817,0.06941001487357462,0.0887456618740704,0.11502231036192365,0.22211204759543876,0.15146256817055032,0.20104115022310362,1.0,0.22384729796727815,0.2166584035696579,0.18170550322260784,0.05627169062964799,0.054784333168071395,0.06593951412989589,0.05404065443728309,0.20128904313336637,0.2315319781854239,0.18765493306891423,0.048834903321764996,0.20426375805651958,0.0518096182449182,0.1065939514129896
SKACTIVEML_QBC,0.09196826970748637,0.15666831928606842,0.10956866633614279,0.12766484878532475,0.07213683688646505,0.07585523054040655,0.2714427367377293,0.22459097669806644,0.05651958353991076,0.0532969757064948,0.06346058502726822,0.2498760535448686,0.2521070897372335,0.1249380267724343,0.10956866633614279,0.1502231036192365,0.09221616261774913,0.09519087754090233,0.14303420922161625,0.24888448190381754,0.1611303916707982,0.2449181953396133,0.22384729796727815,1.0,0.2592959841348537,0.19781854238968766,0.05850272682201289,0.051065939514129896,0.05899851264253842,0.04833911750123947,0.24293505205751115,0.2617749132374814,0.22830937035200793,0.044868616757560736,0.2426871591472484,0.05528011898859692,0.12766484878532475
SKACTIVEML_QBC_VOTE_ENTROPY,0.0924640555280119,0.14972731779871096,0.11155180961824492,0.1256817055032226,0.07411998016856718,0.07585523054040655,0.2654933068914229,0.2255825483391175,0.0532969757064948,0.05453644025780863,0.05577590480912246,0.25012394645513136,0.24764501735250372,0.11849281110560238,0.11155180961824492,0.1502231036192365,0.09221616261774913,0.09568666336142786,0.13807635101636093,0.23252354982647497,0.16088249876053545,0.24442240951908775,0.2166584035696579,0.2592959841348537,1.0,0.18393653941497273,0.046355974219137334,0.05676747645017353,0.05428854734754586,0.05081804660386713,0.22731779871095686,0.26450173525037185,0.22830937035200793,0.04833911750123947,0.24590976698066436,0.05503222607833416,0.1256817055032226
SKACTIVEML_QUIRE,0.0961824491819534,0.16608824987605356,0.0805651958353991,0.09048091224590976,0.07238472979672782,0.06990580069410014,0.2017848289538919,0.2107089737233515,0.06965790778383739,0.06172533465542886,0.06668319286068418,0.19261279127416955,0.1849281110560238,0.11353495290034706,0.0805651958353991,0.14105106593951414,0.0961824491819534,0.09965294992563213,0.12444224095190877,0.19261279127416955,0.1611303916707982,0.18468021814576102,0.18170550322260784,0.19781854238968766,0.18393653941497273,1.0,0.06420426375805652,0.06122954883490332,0.06544372830937036,0.05503222607833416,0.1968269707486366,0.19930589985126426,0.19757064947942488,0.05304908279623203,0.19335647000495787,0.06246901338621715,0.09048091224590976
SKACTIVEML_US_ENTROPY,0.029251363411006447,0.06792265741199802,0.018839861179970253,0.025037183936539417,0.06643529995042141,0.05999008428358949,0.05651958353991076,0.05627169062964799,0.08304412493802678,0.07411998016856718,0.07015369360436291,0.05428854734754586,0.05404065443728309,0.04908279623202776,0.018839861179970253,0.058254833911750126,0.029251363411006447,0.0458601883986118,0.03470500743678731,0.05304908279623203,0.06841844323252355,0.053792761527020325,0.05627169062964799,0.05850272682201289,0.046355974219137334,0.06420426375805652,1.0,0.7364898363906792,0.7198810114030739,0.04933068914229053,0.06470004957858205,0.0473475458601884,0.05924640555280119,0.05651958353991076,0.058750619732275654,0.08477937530986614,0.025037183936539417
SKACTIVEML_US_LC,0.026524541398116015,0.06618740704015866,0.022062469013386217,0.025037183936539417,0.08031730292513634,0.058750619732275654,0.05751115518096182,0.057263262270699056,0.07040158651462568,0.07858205255329698,0.06866633614278632,0.05503222607833416,0.05304908279623203,0.05230540406544373,0.022062469013386217,0.061973227565691624,0.026524541398116015,0.05280118988596926,0.040406544372830935,0.05528011898859692,0.06470004957858205,0.05304908279623203,0.054784333168071395,0.051065939514129896,0.05676747645017353,0.06122954883490332,0.7364898363906792,1.0,0.7330193356470005,0.05552801189885969,0.05850272682201289,0.051065939514129896,0.05577590480912246,0.07040158651462568,0.054784333168071395,0.06916212196331185,0.025037183936539417
SKACTIVEML_US_MARGIN,0.026524541398116015,0.07759048091224591,0.025780862667327716,0.023054040654437283,0.06470004957858205,0.07387208725830441,0.058254833911750126,0.05899851264253842,0.06246901338621715,0.06941001487357462,0.08527516113039167,0.06296479920674268,0.06147744174516609,0.051065939514129896,0.025780862667327716,0.06147744174516609,0.026524541398116015,0.05651958353991076,0.04709965294992563,0.06470004957858205,0.06420426375805652,0.059494298463063956,0.06593951412989589,0.05899851264253842,0.05428854734754586,0.06544372830937036,0.7198810114030739,0.7330193356470005,1.0,0.06866633614278632,0.06370847793753098,0.059742191373326724,0.06147744174516609,0.06172533465542886,0.05503222607833416,0.05627169062964799,0.023054040654437283
SMALLTEXT_BREAKINGTIES,0.023549826474962815,0.05800694100148736,0.02255825483391175,0.022310361923648984,0.12369856222112048,0.21492315319781854,0.04908279623202776,0.04685176003966286,0.052553296975706494,0.05800694100148736,0.07139315815567675,0.048834903321764996,0.048834903321764996,0.05503222607833416,0.02255825483391175,0.06023797719385226,0.023549826474962815,0.16608824987605356,0.0872583044124938,0.0518096182449182,0.052553296975706494,0.0428854734754586,0.05404065443728309,0.04833911750123947,0.05081804660386713,0.05503222607833416,0.04933068914229053,0.05552801189885969,0.06866633614278632,1.0,0.04858701041150223,0.056023797719385225,0.05156172533465543,0.7174020823004462,0.048834903321764996,0.7074863658899355,0.022310361923648984
SMALLTEXT_CONTRASTIVEAL,0.0961824491819534,0.16360932077342588,0.10560237977193852,0.124194348041646,0.07907783837382251,0.07461576598909271,0.24367873078829946,0.2226078334159643,0.06841844323252355,0.05701536936043629,0.060981655924640554,0.23202776400594943,0.23054040654437283,0.11626177491323748,0.10560237977193852,0.14823996033713435,0.09643034209221617,0.10386712940009915,0.12369856222112048,0.23624194348041647,0.16013882002974714,0.23549826474962815,0.20128904313336637,0.24293505205751115,0.22731779871095686,0.1968269707486366,0.06470004957858205,0.05850272682201289,0.06370847793753098,0.04858701041150223,1.0,0.2322756569162122,0.23202776400594943,0.047595438770451165,0.21641051065939515,0.05651958353991076,0.124194348041646
SMALLTEXT_EMBEDDINGKMEANS,0.0999008428358949,0.16410510659395142,0.11799702528507684,0.1308874566187407,0.07610312345066932,0.07238472979672782,0.3034209221616262,0.23103619236489836,0.05701536936043629,0.05899851264253842,0.06147744174516609,0.26474962816063463,0.27540902330193356,0.11452652454139811,0.11799702528507684,0.15716410510659395,0.09965294992563213,0.09965294992563213,0.1494794248884482,0.24938026772434307,0.18170550322260784,0.24814080317302925,0.2315319781854239,0.2617749132374814,0.26450173525037185,0.19930589985126426,0.0473475458601884,0.051065939514129896,0.059742191373326724,0.056023797719385225,0.2322756569162122,1.0,0.24144769459593457,0.05230540406544373,0.2508676251859197,0.05528011898859692,0.1308874566187407
SMALLTEXT_GREEDYCORESET,0.1338621715418939,0.1722855726326227,0.11155180961824492,0.124194348041646,0.07486365889935548,0.07411998016856718,0.24764501735250372,0.21467526028755576,0.062221120475954385,0.05453644025780863,0.058750619732275654,0.24020823004462072,0.23128408527516114,0.10560237977193852,0.11155180961824492,0.14328210213187903,0.1338621715418939,0.09568666336142786,0.13708477937530986,0.21343579573624194,0.1648487853247397,0.22136836886465047,0.18765493306891423,0.22830937035200793,0.22830937035200793,0.19757064947942488,0.05924640555280119,0.05577590480912246,0.06147744174516609,0.05156172533465543,0.23202776400594943,0.24144769459593457,1.0,0.046355974219137334,0.2278135845314824,0.057263262270699056,0.124194348041646
SMALLTEXT_LEASTCONFIDENCE,0.026772434308378782,0.05850272682201289,0.023549826474962815,0.02478929102627665,0.2270699058006941,0.12369856222112048,0.0473475458601884,0.04313336638572137,0.05999008428358949,0.07511155180961825,0.05627169062964799,0.0451165096678235,0.043877045116509666,0.05577590480912246,0.023549826474962815,0.05701536936043629,0.026772434308378782,0.11626177491323748,0.06420426375805652,0.0495785820525533,0.05552801189885969,0.04115022310361924,0.048834903321764996,0.044868616757560736,0.04833911750123947,0.05304908279623203,0.05651958353991076,0.07040158651462568,0.06172533465542886,0.7174020823004462,0.047595438770451165,0.05230540406544373,0.046355974219137334,1.0,0.04561229548834903,0.7307882994546356,0.02478929102627665
SMALLTEXT_LIGHTWEIGHTCORESET,0.0961824491819534,0.15146256817055032,0.10386712940009915,0.12766484878532475,0.07436787307882994,0.07709469509172037,0.2630143777887952,0.21641051065939515,0.05924640555280119,0.053544868616757564,0.06420426375805652,0.24814080317302925,0.23797719385225583,0.12072384729796728,0.10386712940009915,0.15047099652949925,0.0961824491819534,0.0887456618740704,0.13212692117005453,0.22359940505701537,0.1591472483886961,0.22459097669806644,0.20426375805651958,0.2426871591472484,0.24590976698066436,0.19335647000495787,0.058750619732275654,0.054784333168071395,0.05503222607833416,0.048834903321764996,0.21641051065939515,0.2508676251859197,0.2278135845314824,0.04561229548834903,1.0,0.054784333168071395,0.12766484878532475
SMALLTEXT_PREDICTIONENTROPY,0.026276648487853247,0.06048587010411502,0.021566683192860685,0.02602875557759048,0.13411006445215667,0.11353495290034706,0.05404065443728309,0.05156172533465543,0.0835399107585523,0.07288051561725335,0.059742191373326724,0.052553296975706494,0.051065939514129896,0.05528011898859692,0.021566683192860685,0.06048587010411502,0.026276648487853247,0.10461080813088745,0.06023797719385226,0.05751115518096182,0.05924640555280119,0.04858701041150223,0.0518096182449182,0.05528011898859692,0.05503222607833416,0.06246901338621715,0.08477937530986614,0.06916212196331185,0.05627169062964799,0.7074863658899355,0.05651958353991076,0.05528011898859692,0.057263262270699056,0.7307882994546356,0.054784333168071395,1.0,0.02602875557759048
SMALLTEXT_RANDOM,0.05651958353991076,0.08279623202776401,0.06817055032226078,1.0,0.036936043629152204,0.036440257808626676,0.14253842340109074,0.11229548834903322,0.027268220128904314,0.025780862667327716,0.030490827962320277,0.12865642042637582,0.14005949429846307,0.06792265741199802,0.06817055032226078,0.07387208725830441,0.05651958353991076,0.051065939514129896,0.07635101636093208,0.1308874566187407,0.0805651958353991,0.1212196331184928,0.1065939514129896,0.12766484878532475,0.1256817055032226,0.09048091224590976,0.025037183936539417,0.025037183936539417,0.023054040654437283,0.022310361923648984,0.124194348041646,0.1308874566187407,0.124194348041646,0.02478929102627665,0.12766484878532475,0.02602875557759048,1.0
