,ALIPY_CORESET_GREEDY,ALIPY_DENSITY_WEIGHTED,ALIPY_GRAPH_DENSITY,ALIPY_RANDOM,ALIPY_UNCERTAINTY_LC,ALIPY_UNCERTAINTY_MM,LIBACT_DWUS,LIBACT_QUIRE,LIBACT_UNCERTAINTY_ENT,LIBACT_UNCERTAINTY_LC,LIBACT_UNCERTAINTY_SM,OPTIMAL_GREEDY_10,OPTIMAL_GREEDY_20,PLAYGROUND_BANDIT,PLAYGROUND_GRAPH_DENSITY,PLAYGROUND_INFORMATIVE_DIVERSE,PLAYGROUND_KCENTER_GREEDY,PLAYGROUND_MARGIN,PLAYGROUND_MIXTURE,PLAYGROUND_UNIFORM,SKACTIVEML_COST_EMBEDDING,SKACTIVEML_DAL,SKACTIVEML_DWUS,SKACTIVEML_QBC,SKACTIVEML_QBC_VOTE_ENTROPY,SKACTIVEML_QUIRE,SKACTIVEML_US_ENTROPY,SKACTIVEML_US_LC,SKACTIVEML_US_MARGIN,SMALLTEXT_BREAKINGTIES,SMALLTEXT_CONTRASTIVEAL,SMALLTEXT_EMBEDDINGKMEANS,SMALLTEXT_GREEDYCORESET,SMALLTEXT_LEASTCONFIDENCE,SMALLTEXT_LIGHTWEIGHTCORESET,SMALLTEXT_PREDICTIONENTROPY,SMALLTEXT_RANDOM
ALIPY_CORESET_GREEDY,1.0,0.12816063460585028,0.09444719881011403,0.11105602379771938,0.07932573128408528,0.08155676747645017,0.0813088745661874,0.1249380267724343,0.062221120475954385,0.06147744174516609,0.06519583539910759,0.1648487853247397,0.16385721368368864,0.08279623202776401,0.09444719881011403,0.10758552305404065,0.9997521070897373,0.07635101636093208,0.12047595438770452,0.13931581556767478,0.0969261279127417,0.14253842340109074,0.0857709469509172,0.11750123946455131,0.14352999504214178,0.12270699058006941,0.07932573128408528,0.08701041150223103,0.07907783837382251,0.07114526524541398,0.10089241447694595,0.14898363906792267,0.1908775409023302,0.07709469509172037,0.14080317302925136,0.07461576598909271,0.11105602379771938
ALIPY_DENSITY_WEIGHTED,0.12816063460585028,1.0,0.0835399107585523,0.09395141298958849,0.12295488349033218,0.11551809618244918,0.12667327714427368,0.1665840356965791,0.0991571641051066,0.10188398611799702,0.1065939514129896,0.14774417451660882,0.14675260287555775,0.11303916707982152,0.0835399107585523,0.1065939514129896,0.12840852751611304,0.10262766484878533,0.11279127416955875,0.13411006445215667,0.12245909766980664,0.14402578086266732,0.13956370847793753,0.11477441745166088,0.13187902825979178,0.16757560733763013,0.10808130887456618,0.11700545364402579,0.11750123946455131,0.10956866633614279,0.10808130887456618,0.13584531482399603,0.14724838869608328,0.11006445215666832,0.1442736737729301,0.10981655924640556,0.09395141298958849
ALIPY_GRAPH_DENSITY,0.09444719881011403,0.0835399107585523,1.0,0.12667327714427368,0.07882994546355974,0.08403569657907783,0.12617749132374814,0.07064947942488845,0.06693108577094695,0.06172533465542886,0.07139315815567675,0.18145761031234506,0.1819533961328706,0.09048091224590976,1.0,0.10089241447694595,0.09444719881011403,0.08254833911750124,0.12072384729796728,0.16608824987605356,0.0917203767972236,0.1405552801189886,0.14179474467030243,0.12741695587506197,0.16559246405552802,0.08230044620723848,0.058254833911750126,0.060981655924640554,0.06296479920674268,0.07015369360436291,0.08601883986117997,0.1849281110560238,0.13882002974714924,0.06296479920674268,0.15865146256817056,0.06643529995042141,0.12667327714427368
ALIPY_RANDOM,0.11105602379771938,0.09395141298958849,0.12667327714427368,1.0,0.09072880515617253,0.09295984134853744,0.09816559246405553,0.090233019335647,0.0768468021814576,0.07387208725830441,0.0850272682201289,0.2337630143777888,0.2387208725830441,0.10188398611799702,0.12667327714427368,0.12469013386217154,0.11130391670798215,0.09271194843827467,0.14848785324739713,0.19905800694100148,0.10386712940009915,0.18517600396628656,0.10932077342588002,0.1450173525037184,0.20228061477441744,0.09742191373326722,0.08006941001487357,0.08552305404065444,0.09271194843827467,0.0850272682201289,0.10436291522062469,0.20500743678730787,0.12171541893901834,0.07858205255329698,0.2020327218641547,0.07734258800198314,1.0
ALIPY_UNCERTAINTY_LC,0.07932573128408528,0.12295488349033218,0.07882994546355974,0.09072880515617253,1.0,0.7434308378780367,0.08230044620723848,0.08031730292513634,0.13956370847793753,0.1700545364402578,0.1249380267724343,0.1368368864650471,0.1405552801189886,0.161378284581061,0.07882994546355974,0.11452652454139811,0.07957362419434805,0.20029747149231533,0.15716410510659395,0.13708477937530986,0.11774913237481408,0.12617749132374814,0.10758552305404065,0.10981655924640556,0.12617749132374814,0.10188398611799702,0.15964303420922163,0.18889439762022806,0.14452156668319285,0.229300941993059,0.0909766980664353,0.12766484878532475,0.10461080813088745,0.3591968269707486,0.12741695587506197,0.2583044124938027,0.09072880515617253
ALIPY_UNCERTAINTY_MM,0.08155676747645017,0.11551809618244918,0.08403569657907783,0.09295984134853744,0.7434308378780367,1.0,0.09196826970748637,0.08031730292513634,0.11254338125929599,0.12146752602875557,0.1737729300941993,0.14724838869608328,0.14724838869608328,0.18691125433812594,0.08403569657907783,0.11601388200297472,0.08180466038671294,0.2630143777887952,0.1841844323252355,0.13882002974714924,0.11080813088745661,0.12915220624690135,0.11155180961824492,0.10907288051561725,0.12543381259295985,0.10014873574615767,0.12989588497768964,0.13658899355478432,0.18145761031234506,0.35845314823996033,0.08676251859196826,0.13634110064452157,0.10882498760535449,0.23326722855726326,0.13882002974714924,0.2072384729796728,0.09295984134853744
LIBACT_DWUS,0.0813088745661874,0.12667327714427368,0.12617749132374814,0.09816559246405553,0.08230044620723848,0.09196826970748637,1.0,0.10609816559246406,0.07411998016856718,0.07040158651462568,0.07858205255329698,0.14625681705503224,0.13435795736241943,0.08750619732275657,0.12617749132374814,0.0857709469509172,0.0813088745661874,0.07882994546355974,0.08973723351512147,0.12518591968269707,0.10163609320773426,0.1249380267724343,0.16584035696579078,0.12692117005453643,0.14848785324739713,0.11303916707982152,0.07263262270699058,0.07610312345066932,0.08378780366881507,0.07337630143777887,0.10932077342588002,0.1650966782350025,0.12245909766980664,0.06792265741199802,0.13485374318294496,0.06792265741199802,0.09816559246405553
LIBACT_QUIRE,0.1249380267724343,0.1665840356965791,0.07064947942488845,0.090233019335647,0.08031730292513634,0.08031730292513634,0.10609816559246406,1.0,0.06122954883490332,0.06048587010411502,0.06445215666831929,0.1256817055032226,0.12245909766980664,0.07411998016856718,0.07064947942488845,0.0850272682201289,0.1249380267724343,0.07387208725830441,0.08824987605354487,0.1249380267724343,0.08651462568170551,0.11502231036192365,0.10411502231036192,0.10262766484878533,0.11403073872087258,0.13882002974714924,0.06593951412989589,0.06370847793753098,0.06866633614278632,0.06693108577094695,0.11824491819533961,0.11626177491323748,0.131631135349529,0.07040158651462568,0.11179970252850768,0.06866633614278632,0.090233019335647
LIBACT_UNCERTAINTY_ENT,0.062221120475954385,0.0991571641051066,0.06693108577094695,0.0768468021814576,0.13956370847793753,0.11254338125929599,0.07411998016856718,0.06122954883490332,1.0,0.7890431333663858,0.7312840852751611,0.10312345066931086,0.10138820029747149,0.09271194843827467,0.06693108577094695,0.11378284581060982,0.062221120475954385,0.08081308874566187,0.08676251859196826,0.09816559246405553,0.0932077342588002,0.09866137828458106,0.09816559246405553,0.0835399107585523,0.10510659395141299,0.09072880515617253,0.1789786812097174,0.13634110064452157,0.10634605850272683,0.17550818046603867,0.07585523054040655,0.10014873574615767,0.08924144769459594,0.20401586514625683,0.0984134853743183,0.25037183936539414,0.0768468021814576
LIBACT_UNCERTAINTY_LC,0.06147744174516609,0.10188398611799702,0.06172533465542886,0.07387208725830441,0.1700545364402578,0.12146752602875557,0.07040158651462568,0.06048587010411502,0.7890431333663858,1.0,0.7555775904809122,0.10932077342588002,0.10907288051561725,0.09370352007932573,0.06172533465542886,0.11303916707982152,0.06172533465542886,0.08899355478433317,0.08824987605354487,0.09494298463063956,0.09667823500247893,0.10560237977193852,0.10436291522062469,0.08106098165592464,0.10411502231036192,0.08601883986117997,0.14154685176003967,0.17649975210708974,0.1212196331184928,0.1849281110560238,0.0768468021814576,0.0999008428358949,0.08205255329697571,0.23648983639067922,0.09519087754090233,0.20649479424888448,0.07387208725830441
LIBACT_UNCERTAINTY_SM,0.06519583539910759,0.1065939514129896,0.07139315815567675,0.0850272682201289,0.1249380267724343,0.1737729300941993,0.07858205255329698,0.06445215666831929,0.7312840852751611,0.7555775904809122,1.0,0.12543381259295985,0.12072384729796728,0.09766980664352999,0.07139315815567675,0.1249380267724343,0.06544372830937036,0.09122459097669806,0.09519087754090233,0.10981655924640556,0.09717402082300446,0.10882498760535449,0.11601388200297472,0.09048091224590976,0.11576598909271195,0.08651462568170551,0.11254338125929599,0.12369856222112048,0.16757560733763013,0.23822508676251858,0.07213683688646505,0.11328705999008429,0.0894893406048587,0.18542389687654934,0.10932077342588002,0.17922657411998016,0.0850272682201289
OPTIMAL_GREEDY_10,0.1648487853247397,0.14774417451660882,0.18145761031234506,0.2337630143777888,0.1368368864650471,0.14724838869608328,0.14625681705503224,0.1256817055032226,0.10312345066931086,0.10932077342588002,0.12543381259295985,1.0,0.587010411502231,0.15691621219633117,0.18145761031234506,0.1856717897868121,0.1650966782350025,0.1405552801189886,0.22806147744174515,0.3076351016360932,0.14154685176003967,0.26574119980168565,0.15047099652949925,0.22607833415964304,0.31234506693108577,0.14675260287555775,0.1279127416955875,0.13658899355478432,0.13857213683688646,0.12592959841348536,0.1338621715418939,0.34357957362419433,0.1826970748636589,0.11353495290034706,0.28358948934060485,0.10907288051561725,0.2337630143777888
OPTIMAL_GREEDY_20,0.16385721368368864,0.14675260287555775,0.1819533961328706,0.2387208725830441,0.1405552801189886,0.14724838869608328,0.13435795736241943,0.12245909766980664,0.10138820029747149,0.10907288051561725,0.12072384729796728,0.587010411502231,1.0,0.15443728309370353,0.1819533961328706,0.19335647000495787,0.16410510659395142,0.13485374318294496,0.2255825483391175,0.307882994546356,0.14080317302925136,0.2709469509172038,0.15840356965790778,0.2188894397620228,0.31631135349529005,0.1368368864650471,0.1331184928111056,0.1360932077342588,0.14352999504214178,0.12667327714427368,0.13807635101636093,0.3381259295984135,0.17699553792761527,0.11799702528507684,0.2776400594942985,0.11551809618244918,0.2387208725830441
PLAYGROUND_BANDIT,0.08279623202776401,0.11303916707982152,0.09048091224590976,0.10188398611799702,0.161378284581061,0.18691125433812594,0.08750619732275657,0.07411998016856718,0.09271194843827467,0.09370352007932573,0.09766980664352999,0.15691621219633117,0.15443728309370353,1.0,0.09048091224590976,0.3321764997521071,0.08304412493802678,0.6427863163113535,0.3859692612791274,0.14377788795240456,0.21393158155676748,0.13708477937530986,0.09593455627169063,0.131631135349529,0.1383242439266237,0.13981160138820029,0.10907288051561725,0.10832920178482895,0.11204759543877045,0.17104610808130888,0.0984134853743183,0.13287059990084282,0.09667823500247893,0.14402578086266732,0.14352999504214178,0.14080317302925136,0.10188398611799702
PLAYGROUND_GRAPH_DENSITY,0.09444719881011403,0.0835399107585523,1.0,0.12667327714427368,0.07882994546355974,0.08403569657907783,0.12617749132374814,0.07064947942488845,0.06693108577094695,0.06172533465542886,0.07139315815567675,0.18145761031234506,0.1819533961328706,0.09048091224590976,1.0,0.10089241447694595,0.09444719881011403,0.08254833911750124,0.12072384729796728,0.16608824987605356,0.0917203767972236,0.1405552801189886,0.14179474467030243,0.12741695587506197,0.16559246405552802,0.08230044620723848,0.058254833911750126,0.060981655924640554,0.06296479920674268,0.07015369360436291,0.08601883986117997,0.1849281110560238,0.13882002974714924,0.06296479920674268,0.15865146256817056,0.06643529995042141,0.12667327714427368
PLAYGROUND_INFORMATIVE_DIVERSE,0.10758552305404065,0.1065939514129896,0.10089241447694595,0.12469013386217154,0.11452652454139811,0.11601388200297472,0.0857709469509172,0.0850272682201289,0.11378284581060982,0.11303916707982152,0.1249380267724343,0.1856717897868121,0.19335647000495787,0.3321764997521071,0.10089241447694595,1.0,0.10783341596430342,0.3299454635597422,0.3232523549826475,0.16063460585027267,0.16683192860684184,0.16088249876053545,0.11973227565691621,0.13485374318294496,0.16187407040158652,0.12146752602875557,0.11204759543877045,0.11849281110560238,0.124194348041646,0.11031234506693109,0.09766980664352999,0.16236985622211206,0.11403073872087258,0.10932077342588002,0.15220624690133863,0.10485870104115022,0.12469013386217154
PLAYGROUND_KCENTER_GREEDY,0.9997521070897373,0.12840852751611304,0.09444719881011403,0.11130391670798215,0.07957362419434805,0.08180466038671294,0.0813088745661874,0.1249380267724343,0.062221120475954385,0.06172533465542886,0.06544372830937036,0.1650966782350025,0.16410510659395142,0.08304412493802678,0.09444719881011403,0.10783341596430342,1.0,0.07659890927119484,0.12072384729796728,0.13956370847793753,0.0969261279127417,0.14253842340109074,0.08601883986117997,0.11750123946455131,0.14377788795240456,0.12270699058006941,0.07957362419434805,0.0872583044124938,0.07932573128408528,0.07139315815567675,0.10089241447694595,0.14923153197818542,0.1908775409023302,0.07734258800198314,0.14105106593951414,0.07461576598909271,0.11130391670798215
PLAYGROUND_MARGIN,0.07635101636093208,0.10262766484878533,0.08254833911750124,0.09271194843827467,0.20029747149231533,0.2630143777887952,0.07882994546355974,0.07387208725830441,0.08081308874566187,0.08899355478433317,0.09122459097669806,0.1405552801189886,0.13485374318294496,0.6427863163113535,0.08254833911750124,0.3299454635597422,0.07659890927119484,1.0,0.4675260287555776,0.13063956370847793,0.20525532969757065,0.11898859692612791,0.09568666336142786,0.12221120475954388,0.11750123946455131,0.13559742191373328,0.1028755577590481,0.11031234506693109,0.11031234506693109,0.2528507684680218,0.09221616261774913,0.12245909766980664,0.0932077342588002,0.19211700545364402,0.12171541893901834,0.16881507188894398,0.09271194843827467
PLAYGROUND_MIXTURE,0.12047595438770452,0.11279127416955875,0.12072384729796728,0.14848785324739713,0.15716410510659395,0.1841844323252355,0.08973723351512147,0.08824987605354487,0.08676251859196826,0.08824987605354487,0.09519087754090233,0.22806147744174515,0.2255825483391175,0.3859692612791274,0.12072384729796728,0.3232523549826475,0.12072384729796728,0.4675260287555776,1.0,0.21541893901834408,0.16212196331184928,0.17402082300446206,0.10485870104115022,0.14848785324739713,0.19211700545364402,0.131631135349529,0.11080813088745661,0.11130391670798215,0.11923648983639068,0.17055032226078334,0.10337134357957363,0.18740704015865145,0.12295488349033218,0.14377788795240456,0.18319286068418444,0.13212692117005453,0.14848785324739713
PLAYGROUND_UNIFORM,0.13931581556767478,0.13411006445215667,0.16608824987605356,0.19905800694100148,0.13708477937530986,0.13882002974714924,0.12518591968269707,0.1249380267724343,0.09816559246405553,0.09494298463063956,0.10981655924640556,0.3076351016360932,0.307882994546356,0.14377788795240456,0.16608824987605356,0.16063460585027267,0.13956370847793753,0.13063956370847793,0.21541893901834408,1.0,0.1331184928111056,0.21764997521070897,0.1271690629647992,0.18220128904313337,0.25334655428854735,0.1279127416955875,0.10932077342588002,0.10956866633614279,0.12072384729796728,0.11229548834903322,0.13187902825979178,0.26375805651958356,0.15840356965790778,0.1065939514129896,0.22979672781358454,0.10138820029747149,0.19905800694100148
SKACTIVEML_COST_EMBEDDING,0.0969261279127417,0.12245909766980664,0.0917203767972236,0.10386712940009915,0.11774913237481408,0.11080813088745661,0.10163609320773426,0.08651462568170551,0.0932077342588002,0.09667823500247893,0.09717402082300446,0.14154685176003967,0.14080317302925136,0.21393158155676748,0.0917203767972236,0.16683192860684184,0.0969261279127417,0.20525532969757065,0.16212196331184928,0.1331184928111056,1.0,0.14154685176003967,0.11080813088745661,0.1279127416955875,0.1427863163113535,0.16311353495290035,0.11155180961824492,0.10733763014377788,0.10485870104115022,0.09593455627169063,0.0991571641051066,0.12915220624690135,0.10262766484878533,0.0984134853743183,0.14402578086266732,0.09940505701536936,0.10386712940009915
SKACTIVEML_DAL,0.14253842340109074,0.14402578086266732,0.1405552801189886,0.18517600396628656,0.12617749132374814,0.12915220624690135,0.1249380267724343,0.11502231036192365,0.09866137828458106,0.10560237977193852,0.10882498760535449,0.26574119980168565,0.2709469509172038,0.13708477937530986,0.1405552801189886,0.16088249876053545,0.14253842340109074,0.11898859692612791,0.17402082300446206,0.21764997521070897,0.14154685176003967,1.0,0.15047099652949925,0.16410510659395142,0.23822508676251858,0.1368368864650471,0.1271690629647992,0.13361427863163114,0.13584531482399603,0.12196331184928111,0.13658899355478432,0.22607833415964304,0.15840356965790778,0.11923648983639068,0.21566683192860683,0.11204759543877045,0.18517600396628656
SKACTIVEML_DWUS,0.0857709469509172,0.13956370847793753,0.14179474467030243,0.10932077342588002,0.10758552305404065,0.11155180961824492,0.16584035696579078,0.10411502231036192,0.09816559246405553,0.10436291522062469,0.11601388200297472,0.15047099652949925,0.15840356965790778,0.09593455627169063,0.14179474467030243,0.11973227565691621,0.08601883986117997,0.09568666336142786,0.10485870104115022,0.1271690629647992,0.11080813088745661,0.15047099652949925,1.0,0.13237481408031732,0.15047099652949925,0.11824491819533961,0.10808130887456618,0.10733763014377788,0.11774913237481408,0.10510659395141299,0.11824491819533961,0.1633614278631631,0.12617749132374814,0.0969261279127417,0.14600892414476946,0.0969261279127417,0.10932077342588002
SKACTIVEML_QBC,0.11750123946455131,0.11477441745166088,0.12741695587506197,0.1450173525037184,0.10981655924640556,0.10907288051561725,0.12692117005453643,0.10262766484878533,0.0835399107585523,0.08106098165592464,0.09048091224590976,0.22607833415964304,0.2188894397620228,0.131631135349529,0.12741695587506197,0.13485374318294496,0.11750123946455131,0.12221120475954388,0.14848785324739713,0.18220128904313337,0.1279127416955875,0.16410510659395142,0.13237481408031732,1.0,0.19533961328705998,0.12171541893901834,0.0961824491819534,0.0991571641051066,0.10609816559246406,0.09791769955379276,0.11650966782350025,0.1886465047099653,0.12741695587506197,0.0887456618740704,0.17104610808130888,0.08676251859196826,0.1450173525037184
SKACTIVEML_QBC_VOTE_ENTROPY,0.14352999504214178,0.13187902825979178,0.16559246405552802,0.20228061477441744,0.12617749132374814,0.12543381259295985,0.14848785324739713,0.11403073872087258,0.10510659395141299,0.10411502231036192,0.11576598909271195,0.31234506693108577,0.31631135349529005,0.1383242439266237,0.16559246405552802,0.16187407040158652,0.14377788795240456,0.11750123946455131,0.19211700545364402,0.25334655428854735,0.1427863163113535,0.23822508676251858,0.15047099652949925,0.19533961328705998,1.0,0.13361427863163114,0.11601388200297472,0.11973227565691621,0.12196331184928111,0.11279127416955875,0.13237481408031732,0.2625185919682697,0.16955875061973227,0.10808130887456618,0.23698562221120476,0.10312345066931086,0.20228061477441744
SKACTIVEML_QUIRE,0.12270699058006941,0.16757560733763013,0.08230044620723848,0.09742191373326722,0.10188398611799702,0.10014873574615767,0.11303916707982152,0.13882002974714924,0.09072880515617253,0.08601883986117997,0.08651462568170551,0.14675260287555775,0.1368368864650471,0.13981160138820029,0.08230044620723848,0.12146752602875557,0.12270699058006941,0.13559742191373328,0.131631135349529,0.1279127416955875,0.16311353495290035,0.1368368864650471,0.11824491819533961,0.12171541893901834,0.13361427863163114,1.0,0.1028755577590481,0.10188398611799702,0.09965294992563213,0.09048091224590976,0.10907288051561725,0.12816063460585028,0.1502231036192365,0.0954387704511651,0.13262270699058007,0.09667823500247893,0.09742191373326722
SKACTIVEML_US_ENTROPY,0.07932573128408528,0.10808130887456618,0.058254833911750126,0.08006941001487357,0.15964303420922163,0.12989588497768964,0.07263262270699058,0.06593951412989589,0.1789786812097174,0.14154685176003967,0.11254338125929599,0.1279127416955875,0.1331184928111056,0.10907288051561725,0.058254833911750126,0.11204759543877045,0.07957362419434805,0.1028755577590481,0.11080813088745661,0.10932077342588002,0.11155180961824492,0.1271690629647992,0.10808130887456618,0.0961824491819534,0.11601388200297472,0.1028755577590481,1.0,0.7835894893406049,0.7350024789291026,0.11551809618244918,0.0842835894893406,0.11328705999008429,0.0999008428358949,0.1442736737729301,0.11155180961824492,0.18765493306891423,0.08006941001487357
SKACTIVEML_US_LC,0.08701041150223103,0.11700545364402579,0.060981655924640554,0.08552305404065444,0.18889439762022806,0.13658899355478432,0.07610312345066932,0.06370847793753098,0.13634110064452157,0.17649975210708974,0.12369856222112048,0.13658899355478432,0.1360932077342588,0.10832920178482895,0.060981655924640554,0.11849281110560238,0.0872583044124938,0.11031234506693109,0.11130391670798215,0.10956866633614279,0.10733763014377788,0.13361427863163114,0.10733763014377788,0.0991571641051066,0.11973227565691621,0.10188398611799702,0.7835894893406049,1.0,0.7573128408527516,0.12592959841348536,0.08651462568170551,0.11353495290034706,0.0999008428358949,0.17922657411998016,0.11527020327218641,0.1427863163113535,0.08552305404065444
SKACTIVEML_US_MARGIN,0.07907783837382251,0.11750123946455131,0.06296479920674268,0.09271194843827467,0.14452156668319285,0.18145761031234506,0.08378780366881507,0.06866633614278632,0.10634605850272683,0.1212196331184928,0.16757560733763013,0.13857213683688646,0.14352999504214178,0.11204759543877045,0.06296479920674268,0.124194348041646,0.07932573128408528,0.11031234506693109,0.11923648983639068,0.12072384729796728,0.10485870104115022,0.13584531482399603,0.11774913237481408,0.10609816559246406,0.12196331184928111,0.09965294992563213,0.7350024789291026,0.7573128408527516,1.0,0.16584035696579078,0.08155676747645017,0.12543381259295985,0.10064452156668319,0.12989588497768964,0.12345066931085771,0.11527020327218641,0.09271194843827467
SMALLTEXT_BREAKINGTIES,0.07114526524541398,0.10956866633614279,0.07015369360436291,0.0850272682201289,0.229300941993059,0.35845314823996033,0.07337630143777887,0.06693108577094695,0.17550818046603867,0.1849281110560238,0.23822508676251858,0.12592959841348536,0.12667327714427368,0.17104610808130888,0.07015369360436291,0.11031234506693109,0.07139315815567675,0.2528507684680218,0.17055032226078334,0.11229548834903322,0.09593455627169063,0.12196331184928111,0.10510659395141299,0.09791769955379276,0.11279127416955875,0.09048091224590976,0.11551809618244918,0.12592959841348536,0.16584035696579078,1.0,0.07511155180961825,0.11824491819533961,0.0917203767972236,0.7459097669806644,0.11725334655428855,0.7288051561725335,0.0850272682201289
SMALLTEXT_CONTRASTIVEAL,0.10089241447694595,0.10808130887456618,0.08601883986117997,0.10436291522062469,0.0909766980664353,0.08676251859196826,0.10932077342588002,0.11824491819533961,0.07585523054040655,0.0768468021814576,0.07213683688646505,0.1338621715418939,0.13807635101636093,0.0984134853743183,0.08601883986117997,0.09766980664352999,0.10089241447694595,0.09221616261774913,0.10337134357957363,0.13187902825979178,0.0991571641051066,0.13658899355478432,0.11824491819533961,0.11650966782350025,0.13237481408031732,0.10907288051561725,0.0842835894893406,0.08651462568170551,0.08155676747645017,0.07511155180961825,1.0,0.13559742191373328,0.1383242439266237,0.08279623202776401,0.13411006445215667,0.08106098165592464,0.10436291522062469
SMALLTEXT_EMBEDDINGKMEANS,0.14898363906792267,0.13584531482399603,0.1849281110560238,0.20500743678730787,0.12766484878532475,0.13634110064452157,0.1650966782350025,0.11626177491323748,0.10014873574615767,0.0999008428358949,0.11328705999008429,0.34357957362419433,0.3381259295984135,0.13287059990084282,0.1849281110560238,0.16236985622211206,0.14923153197818542,0.12245909766980664,0.18740704015865145,0.26375805651958356,0.12915220624690135,0.22607833415964304,0.1633614278631631,0.1886465047099653,0.2625185919682697,0.12816063460585028,0.11328705999008429,0.11353495290034706,0.12543381259295985,0.11824491819533961,0.13559742191373328,1.0,0.16187407040158652,0.11080813088745661,0.2595438770451165,0.10882498760535449,0.20500743678730787
SMALLTEXT_GREEDYCORESET,0.1908775409023302,0.14724838869608328,0.13882002974714924,0.12171541893901834,0.10461080813088745,0.10882498760535449,0.12245909766980664,0.131631135349529,0.08924144769459594,0.08205255329697571,0.0894893406048587,0.1826970748636589,0.17699553792761527,0.09667823500247893,0.13882002974714924,0.11403073872087258,0.1908775409023302,0.0932077342588002,0.12295488349033218,0.15840356965790778,0.10262766484878533,0.15840356965790778,0.12617749132374814,0.12741695587506197,0.16955875061973227,0.1502231036192365,0.0999008428358949,0.0999008428358949,0.10064452156668319,0.0917203767972236,0.1383242439266237,0.16187407040158652,1.0,0.0894893406048587,0.16385721368368864,0.09345562716906297,0.12171541893901834
SMALLTEXT_LEASTCONFIDENCE,0.07709469509172037,0.11006445215666832,0.06296479920674268,0.07858205255329698,0.3591968269707486,0.23326722855726326,0.06792265741199802,0.07040158651462568,0.20401586514625683,0.23648983639067922,0.18542389687654934,0.11353495290034706,0.11799702528507684,0.14402578086266732,0.06296479920674268,0.10932077342588002,0.07734258800198314,0.19211700545364402,0.14377788795240456,0.1065939514129896,0.0984134853743183,0.11923648983639068,0.0969261279127417,0.0887456618740704,0.10808130887456618,0.0954387704511651,0.1442736737729301,0.17922657411998016,0.12989588497768964,0.7459097669806644,0.08279623202776401,0.11080813088745661,0.0894893406048587,1.0,0.10436291522062469,0.7716906296479921,0.07858205255329698
SMALLTEXT_LIGHTWEIGHTCORESET,0.14080317302925136,0.1442736737729301,0.15865146256817056,0.2020327218641547,0.12741695587506197,0.13882002974714924,0.13485374318294496,0.11179970252850768,0.0984134853743183,0.09519087754090233,0.10932077342588002,0.28358948934060485,0.2776400594942985,0.14352999504214178,0.15865146256817056,0.15220624690133863,0.14105106593951414,0.12171541893901834,0.18319286068418444,0.22979672781358454,0.14402578086266732,0.21566683192860683,0.14600892414476946,0.17104610808130888,0.23698562221120476,0.13262270699058007,0.11155180961824492,0.11527020327218641,0.12345066931085771,0.11725334655428855,0.13411006445215667,0.2595438770451165,0.16385721368368864,0.10436291522062469,1.0,0.10485870104115022,0.2020327218641547
SMALLTEXT_PREDICTIONENTROPY,0.07461576598909271,0.10981655924640556,0.06643529995042141,0.07734258800198314,0.2583044124938027,0.2072384729796728,0.06792265741199802,0.06866633614278632,0.25037183936539414,0.20649479424888448,0.17922657411998016,0.10907288051561725,0.11551809618244918,0.14080317302925136,0.06643529995042141,0.10485870104115022,0.07461576598909271,0.16881507188894398,0.13212692117005453,0.10138820029747149,0.09940505701536936,0.11204759543877045,0.0969261279127417,0.08676251859196826,0.10312345066931086,0.09667823500247893,0.18765493306891423,0.1427863163113535,0.11527020327218641,0.7288051561725335,0.08106098165592464,0.10882498760535449,0.09345562716906297,0.7716906296479921,0.10485870104115022,1.0,0.07734258800198314
SMALLTEXT_RANDOM,0.11105602379771938,0.09395141298958849,0.12667327714427368,1.0,0.09072880515617253,0.09295984134853744,0.09816559246405553,0.090233019335647,0.0768468021814576,0.07387208725830441,0.0850272682201289,0.2337630143777888,0.2387208725830441,0.10188398611799702,0.12667327714427368,0.12469013386217154,0.11130391670798215,0.09271194843827467,0.14848785324739713,0.19905800694100148,0.10386712940009915,0.18517600396628656,0.10932077342588002,0.1450173525037184,0.20228061477441744,0.09742191373326722,0.08006941001487357,0.08552305404065444,0.09271194843827467,0.0850272682201289,0.10436291522062469,0.20500743678730787,0.12171541893901834,0.07858205255329698,0.2020327218641547,0.07734258800198314,1.0
