,ALIPY_CORESET_GREEDY,ALIPY_DENSITY_WEIGHTED,ALIPY_GRAPH_DENSITY,ALIPY_RANDOM,ALIPY_UNCERTAINTY_LC,ALIPY_UNCERTAINTY_MM,LIBACT_DWUS,LIBACT_QUIRE,LIBACT_UNCERTAINTY_ENT,LIBACT_UNCERTAINTY_LC,LIBACT_UNCERTAINTY_SM,OPTIMAL_GREEDY_10,OPTIMAL_GREEDY_20,PLAYGROUND_BANDIT,PLAYGROUND_GRAPH_DENSITY,PLAYGROUND_INFORMATIVE_DIVERSE,PLAYGROUND_KCENTER_GREEDY,PLAYGROUND_MARGIN,PLAYGROUND_MIXTURE,PLAYGROUND_UNIFORM,SKACTIVEML_COST_EMBEDDING,SKACTIVEML_DAL,SKACTIVEML_DWUS,SKACTIVEML_QBC,SKACTIVEML_QBC_VOTE_ENTROPY,SKACTIVEML_QUIRE,SKACTIVEML_US_ENTROPY,SKACTIVEML_US_LC,SKACTIVEML_US_MARGIN,SMALLTEXT_BREAKINGTIES,SMALLTEXT_CONTRASTIVEAL,SMALLTEXT_EMBEDDINGKMEANS,SMALLTEXT_GREEDYCORESET,SMALLTEXT_LEASTCONFIDENCE,SMALLTEXT_LIGHTWEIGHTCORESET,SMALLTEXT_PREDICTIONENTROPY,SMALLTEXT_RANDOM
ALIPY_CORESET_GREEDY,4034,280,202,181,198,194,240,273,131,135,126,300,265,224,203,228,3982,195,224,264,246,260,282,292,288,247,128,137,126,120,279,305,376,136,290,139,178
ALIPY_DENSITY_WEIGHTED,280,4034,281,229,535,503,647,674,343,381,348,619,602,777,282,751,284,619,619,653,832,713,777,633,650,807,355,365,365,327,714,657,669,384,654,370,233
ALIPY_GRAPH_DENSITY,202,281,4034,214,179,188,328,258,137,127,122,329,313,242,4008,246,218,205,217,331,251,336,293,304,309,293,112,118,125,122,281,313,331,115,310,121,207
ALIPY_RANDOM,181,229,214,4034,167,162,259,239,137,141,131,325,311,209,222,217,206,196,186,312,270,288,282,277,299,232,122,131,143,127,259,333,282,111,299,120,4010
ALIPY_UNCERTAINTY_LC,198,535,179,167,4034,2979,318,314,390,455,359,348,353,477,196,516,226,680,512,360,519,371,468,340,345,458,418,462,391,583,354,359,369,945,352,629,161
ALIPY_UNCERTAINTY_MM,194,503,188,162,2979,4034,335,300,339,334,443,357,374,492,203,521,222,829,573,364,515,355,456,338,346,434,373,382,450,920,355,368,371,582,325,550,157
LIBACT_DWUS,240,647,328,259,318,335,4034,791,223,217,234,777,775,576,338,587,261,438,505,774,698,738,832,795,764,681,213,199,220,212,794,858,730,182,757,195,252
LIBACT_QUIRE,273,674,258,239,314,300,791,4034,237,203,190,777,747,583,259,530,284,390,419,741,686,723,694,687,758,721,206,185,198,169,783,743,776,168,711,183,238
LIBACT_UNCERTAINTY_ENT,131,343,137,137,390,339,223,237,4034,3055,2979,262,257,355,155,370,166,323,284,286,370,283,331,245,279,291,429,367,338,347,269,264,293,383,240,457,131
LIBACT_UNCERTAINTY_LC,135,381,127,141,455,334,217,203,3055,4034,3033,296,293,366,143,396,168,329,316,254,392,272,324,235,277,285,420,463,384,363,266,242,266,429,271,449,135
LIBACT_UNCERTAINTY_SM,126,348,122,131,359,443,234,190,2979,3033,4034,282,266,395,140,392,157,355,312,270,398,285,340,263,277,287,355,380,427,426,234,279,283,393,270,388,128
OPTIMAL_GREEDY_10,300,619,329,325,348,357,777,777,262,296,282,4034,969,632,347,606,336,441,519,821,753,784,816,801,827,671,268,258,294,247,706,791,807,233,791,264,321
OPTIMAL_GREEDY_20,265,602,313,311,353,374,775,747,257,293,266,969,4034,618,330,634,303,469,487,856,737,804,765,838,850,644,242,264,259,229,703,797,812,198,829,217,308
PLAYGROUND_BANDIT,224,777,242,209,477,492,576,583,355,366,395,632,618,4034,261,1460,264,1494,1361,642,826,612,665,626,615,664,376,390,364,341,602,604,610,331,579,341,206
PLAYGROUND_GRAPH_DENSITY,203,282,4008,222,196,203,338,259,155,143,140,347,330,261,4034,264,239,224,238,351,269,349,306,316,326,301,128,137,143,136,285,327,350,126,319,132,217
PLAYGROUND_INFORMATIVE_DIVERSE,228,751,246,217,516,521,587,530,370,396,392,606,634,1460,264,4034,265,1326,1294,631,815,654,731,596,635,678,364,399,388,340,616,583,634,350,618,368,211
PLAYGROUND_KCENTER_GREEDY,3982,284,218,206,226,222,261,284,166,168,157,336,303,264,239,265,4034,232,260,296,280,294,311,315,321,273,156,170,157,150,292,341,412,156,312,162,202
PLAYGROUND_MARGIN,195,619,205,196,680,829,438,390,323,329,355,441,469,1494,224,1326,232,4034,1940,496,689,464,554,464,463,554,341,351,365,672,460,439,472,508,425,492,193
PLAYGROUND_MIXTURE,224,619,217,186,512,573,505,419,284,316,312,519,487,1361,238,1294,260,1940,4034,538,677,512,567,526,500,547,309,317,308,419,515,453,500,355,501,359,185
PLAYGROUND_UNIFORM,264,653,331,312,360,364,774,741,286,254,270,821,856,642,351,631,296,496,538,4034,737,881,777,811,836,769,267,259,258,257,754,815,819,227,821,261,305
SKACTIVEML_COST_EMBEDDING,246,832,251,270,519,515,698,686,370,392,398,753,737,826,269,815,280,689,677,737,4034,791,829,734,780,806,364,383,363,332,729,727,763,312,737,319,267
SKACTIVEML_DAL,260,713,336,288,371,355,738,723,283,272,285,784,804,612,349,654,294,464,512,881,791,4034,810,781,838,772,309,304,294,221,748,838,804,220,813,247,280
SKACTIVEML_DWUS,282,777,293,282,468,456,832,694,331,324,340,816,765,665,306,731,311,554,567,777,829,810,4034,750,792,721,363,358,341,302,722,821,736,290,764,314,277
SKACTIVEML_QBC,292,633,304,277,340,338,795,687,245,235,263,801,838,626,316,596,315,464,526,811,734,781,750,4034,864,680,229,243,238,202,768,806,789,193,838,239,274
SKACTIVEML_QBC_VOTE_ENTROPY,288,650,309,299,345,346,764,758,279,277,277,827,850,615,326,635,321,463,500,836,780,838,792,864,4034,719,262,305,282,234,720,837,814,215,818,256,297
SKACTIVEML_QUIRE,247,807,293,232,458,434,681,721,291,285,287,671,644,664,301,678,273,554,547,769,806,772,721,680,719,4034,318,300,271,251,777,692,722,253,671,279,227
SKACTIVEML_US_ENTROPY,128,355,112,122,418,373,213,206,429,420,355,268,242,376,128,364,156,341,309,267,364,309,363,229,262,318,4034,3083,3009,327,273,255,279,354,240,478,116
SKACTIVEML_US_LC,137,365,118,131,462,382,199,185,367,463,380,258,264,390,137,399,170,351,317,259,383,304,358,243,305,300,3083,4034,3041,336,287,272,267,386,270,388,125
SKACTIVEML_US_MARGIN,126,365,125,143,391,450,220,198,338,384,427,294,259,364,143,388,157,365,308,258,363,294,341,238,282,271,3009,3041,4034,381,288,253,274,341,265,355,136
SMALLTEXT_BREAKINGTIES,120,327,122,127,583,920,212,169,347,363,426,247,229,341,136,340,150,672,419,257,332,221,302,202,234,251,327,336,381,4034,227,227,243,2960,195,2945,123
SMALLTEXT_CONTRASTIVEAL,279,714,281,259,354,355,794,783,269,266,234,706,703,602,285,616,292,460,515,754,729,748,722,768,720,777,273,287,288,227,4034,736,771,245,722,266,256
SMALLTEXT_EMBEDDINGKMEANS,305,657,313,333,359,368,858,743,264,242,279,791,797,604,327,583,341,439,453,815,727,838,821,806,837,692,255,272,253,227,736,4034,758,193,811,213,325
SMALLTEXT_GREEDYCORESET,376,669,331,282,369,371,730,776,293,266,283,807,812,610,350,634,412,472,500,819,763,804,736,789,814,722,279,267,274,243,771,758,4034,226,782,250,276
SMALLTEXT_LEASTCONFIDENCE,136,384,115,111,945,582,182,168,383,429,393,233,198,331,126,350,156,508,355,227,312,220,290,193,215,253,354,386,341,2960,245,193,226,4034,219,3039,129
SMALLTEXT_LIGHTWEIGHTCORESET,290,654,310,299,352,325,757,711,240,271,270,791,829,579,319,618,312,425,501,821,737,813,764,838,818,671,240,270,265,195,722,811,782,219,4034,234,314
SMALLTEXT_PREDICTIONENTROPY,139,370,121,120,629,550,195,183,457,449,388,264,217,341,132,368,162,492,359,261,319,247,314,239,256,279,478,388,355,2945,266,213,250,3039,234,4034,136
SMALLTEXT_RANDOM,178,233,207,4010,161,157,252,238,131,135,128,321,308,206,217,211,202,193,185,305,267,280,277,274,297,227,116,125,136,123,256,325,276,129,314,136,4034
