,ALIPY_CORESET_GREEDY,ALIPY_DENSITY_WEIGHTED,ALIPY_GRAPH_DENSITY,ALIPY_RANDOM,ALIPY_UNCERTAINTY_LC,ALIPY_UNCERTAINTY_MM,LIBACT_DWUS,LIBACT_QUIRE,LIBACT_UNCERTAINTY_ENT,LIBACT_UNCERTAINTY_LC,LIBACT_UNCERTAINTY_SM,OPTIMAL_GREEDY_10,OPTIMAL_GREEDY_20,PLAYGROUND_BANDIT,PLAYGROUND_GRAPH_DENSITY,PLAYGROUND_INFORMATIVE_DIVERSE,PLAYGROUND_KCENTER_GREEDY,PLAYGROUND_MARGIN,PLAYGROUND_MIXTURE,PLAYGROUND_UNIFORM,SKACTIVEML_COST_EMBEDDING,SKACTIVEML_DAL,SKACTIVEML_DWUS,SKACTIVEML_QBC,SKACTIVEML_QBC_VOTE_ENTROPY,SKACTIVEML_QUIRE,SKACTIVEML_US_ENTROPY,SKACTIVEML_US_LC,SKACTIVEML_US_MARGIN,SMALLTEXT_BREAKINGTIES,SMALLTEXT_CONTRASTIVEAL,SMALLTEXT_EMBEDDINGKMEANS,SMALLTEXT_GREEDYCORESET,SMALLTEXT_LEASTCONFIDENCE,SMALLTEXT_LIGHTWEIGHTCORESET,SMALLTEXT_PREDICTIONENTROPY,SMALLTEXT_RANDOM
ALIPY_CORESET_GREEDY,1.0,0.1760039662865642,0.10783341596430342,0.11725334655428855,0.13510163609320774,0.11973227565691621,0.05850272682201289,0.15567674764501735,0.12320277640059495,0.11477441745166088,0.11006445215666832,0.14080317302925136,0.13212692117005453,0.131631135349529,0.10783341596430342,0.1353495290034705,0.9923153197818543,0.12394645513138325,0.12840852751611304,0.11874070401586515,0.13435795736241943,0.13113534952900346,0.10485870104115022,0.10039662865642042,0.13336638572136836,0.14154685176003967,0.12543381259295985,0.12295488349033218,0.10832920178482895,0.10882498760535449,0.10907288051561725,0.1249380267724343,0.18319286068418444,0.13063956370847793,0.1271690629647992,0.13138324243926625,0.11700545364402579
ALIPY_DENSITY_WEIGHTED,0.1760039662865642,1.0,0.0850272682201289,0.08849776896380764,0.13262270699058007,0.12245909766980664,0.07312840852751612,0.17550818046603867,0.12592959841348536,0.12816063460585028,0.11998016856717898,0.09742191373326722,0.10386712940009915,0.12320277640059495,0.0850272682201289,0.12617749132374814,0.1797223599405057,0.11626177491323748,0.11626177491323748,0.09667823500247893,0.11973227565691621,0.11130391670798215,0.1028755577590481,0.0932077342588002,0.10808130887456618,0.15865146256817056,0.12543381259295985,0.12816063460585028,0.11650966782350025,0.12245909766980664,0.09370352007932573,0.09940505701536936,0.1301437778879524,0.13435795736241943,0.10609816559246406,0.13336638572136836,0.0880019831432821
ALIPY_GRAPH_DENSITY,0.10783341596430342,0.0850272682201289,1.0,0.153941497273178,0.09568666336142786,0.10733763014377788,0.15518096182449181,0.06891422905304909,0.0961824491819534,0.09271194843827467,0.10262766484878533,0.1752602875557759,0.16435299950421417,0.12146752602875557,0.9997521070897373,0.12890431333663857,0.11080813088745661,0.11502231036192365,0.1353495290034705,0.1774913237481408,0.10510659395141299,0.14700049578582053,0.16757560733763013,0.131631135349529,0.1700545364402578,0.08651462568170551,0.10014873574615767,0.09866137828458106,0.10882498760535449,0.10733763014377788,0.10014873574615767,0.17873078829945463,0.12469013386217154,0.09742191373326722,0.16757560733763013,0.09742191373326722,0.15319781854238967
ALIPY_RANDOM,0.11725334655428855,0.08849776896380764,0.153941497273178,1.0,0.11353495290034706,0.11452652454139811,0.0999008428358949,0.08453148239960337,0.10114030738720872,0.10064452156668319,0.10485870104115022,0.18839861179970252,0.1819533961328706,0.13336638572136836,0.153941497273178,0.13510163609320774,0.12097174020823004,0.12047595438770452,0.15195835399107585,0.18616757560733763,0.11155180961824492,0.15270203272186417,0.1256817055032226,0.1264253842340109,0.1812097174020823,0.09395141298958849,0.10808130887456618,0.10981655924640556,0.12097174020823004,0.10708973723351513,0.0969261279127417,0.18145761031234506,0.1264253842340109,0.10857709469509172,0.17402082300446206,0.10758552305404065,0.9980168567178979
ALIPY_UNCERTAINTY_LC,0.13510163609320774,0.13262270699058007,0.09568666336142786,0.11353495290034706,1.0,0.7392166584035696,0.07759048091224591,0.09667823500247893,0.18616757560733763,0.23425880019831433,0.1611303916707982,0.13708477937530986,0.124194348041646,0.19509172037679723,0.09568666336142786,0.15443728309370353,0.13981160138820029,0.21690629647992068,0.17278135845314824,0.12667327714427368,0.14600892414476946,0.11576598909271195,0.11973227565691621,0.10188398611799702,0.11576598909271195,0.12270699058006941,0.2077342588001983,0.2518591968269707,0.1812097174020823,0.2387208725830441,0.09444719881011403,0.11750123946455131,0.11998016856717898,0.3705999008428359,0.11155180961824492,0.2721864154685176,0.11279127416955875
ALIPY_UNCERTAINTY_MM,0.11973227565691621,0.12245909766980664,0.10733763014377788,0.11452652454139811,0.7392166584035696,1.0,0.0813088745661874,0.08899355478433317,0.1611303916707982,0.1670798215171046,0.23029251363411007,0.13708477937530986,0.12964799206742686,0.20847793753098662,0.10733763014377788,0.15939514129895885,0.12369856222112048,0.273921665840357,0.20054536440257809,0.13237481408031732,0.14229053049082796,0.11725334655428855,0.12171541893901834,0.10436291522062469,0.12047595438770452,0.11477441745166088,0.18021814576103123,0.1774913237481408,0.2389687654933069,0.3666336142786316,0.09370352007932573,0.11700545364402579,0.12270699058006941,0.23549826474962815,0.11576598909271195,0.2240951908775409,0.11378284581060982
LIBACT_DWUS,0.05850272682201289,0.07312840852751612,0.15518096182449181,0.0999008428358949,0.07759048091224591,0.0813088745661874,1.0,0.06866633614278632,0.06792265741199802,0.06717897868120971,0.07015369360436291,0.07585523054040655,0.08106098165592464,0.07635101636093208,0.15518096182449181,0.08378780366881507,0.059494298463063956,0.08279623202776401,0.0805651958353991,0.10138820029747149,0.09742191373326722,0.08453148239960337,0.12171541893901834,0.0999008428358949,0.10510659395141299,0.07213683688646505,0.07461576598909271,0.07535944471988101,0.07932573128408528,0.07461576598909271,0.0887456618740704,0.12047595438770452,0.08775409023301933,0.07064947942488845,0.10089241447694595,0.07387208725830441,0.09866137828458106
LIBACT_QUIRE,0.15567674764501735,0.17550818046603867,0.06891422905304909,0.08453148239960337,0.09667823500247893,0.08899355478433317,0.06866633614278632,1.0,0.09890927119484383,0.1036192364898364,0.09271194843827467,0.07907783837382251,0.06916212196331185,0.0969261279127417,0.06891422905304909,0.10114030738720872,0.15840356965790778,0.09519087754090233,0.0909766980664353,0.0872583044124938,0.09791769955379276,0.0887456618740704,0.0887456618740704,0.09147248388696083,0.08849776896380764,0.13931581556767478,0.09965294992563213,0.10733763014377788,0.0917203767972236,0.0917203767972236,0.11328705999008429,0.09345562716906297,0.11849281110560238,0.09866137828458106,0.0909766980664353,0.09742191373326722,0.08453148239960337
LIBACT_UNCERTAINTY_ENT,0.12320277640059495,0.12592959841348536,0.0961824491819534,0.10114030738720872,0.18616757560733763,0.1611303916707982,0.06792265741199802,0.09890927119484383,1.0,0.7798710956866634,0.7340109072880515,0.12221120475954388,0.12766484878532475,0.15319781854238967,0.0961824491819534,0.15047099652949925,0.12667327714427368,0.14452156668319285,0.13411006445215667,0.11948438274665345,0.14080317302925136,0.12320277640059495,0.10609816559246406,0.09519087754090233,0.11948438274665345,0.12320277640059495,0.2278135845314824,0.18368864650470995,0.15865146256817056,0.2550818046603867,0.09196826970748637,0.11799702528507684,0.12270699058006941,0.28681209717402084,0.11527020327218641,0.33242439266236984,0.10064452156668319
LIBACT_UNCERTAINTY_LC,0.11477441745166088,0.12816063460585028,0.09271194843827467,0.10064452156668319,0.23425880019831433,0.1670798215171046,0.06717897868120971,0.1036192364898364,0.7798710956866634,1.0,0.7454139811601388,0.12592959841348536,0.12890431333663857,0.15468517600396628,0.09271194843827467,0.14823996033713435,0.11849281110560238,0.15220624690133863,0.13063956370847793,0.11328705999008429,0.14724838869608328,0.11998016856717898,0.11254338125929599,0.09717402082300446,0.11898859692612791,0.12543381259295985,0.18963807635101637,0.2330193356470005,0.1650966782350025,0.26574119980168565,0.09196826970748637,0.11527020327218641,0.12369856222112048,0.3363906792265741,0.11328705999008429,0.28681209717402084,0.10014873574615767
LIBACT_UNCERTAINTY_SM,0.11006445215666832,0.11998016856717898,0.10262766484878533,0.10485870104115022,0.1611303916707982,0.23029251363411007,0.07015369360436291,0.09271194843827467,0.7340109072880515,0.7454139811601388,1.0,0.12766484878532475,0.1353495290034705,0.15344571145265246,0.10262766484878533,0.15617253346554288,0.11279127416955875,0.15096678235002478,0.1412989588497769,0.12469013386217154,0.13435795736241943,0.12964799206742686,0.11056023797719385,0.10089241447694595,0.12518591968269707,0.11328705999008429,0.1633614278631631,0.1626177491323748,0.22806147744174515,0.3296975706494794,0.08899355478433317,0.11849281110560238,0.11898859692612791,0.2617749132374814,0.11650966782350025,0.25359444719881014,0.10436291522062469
OPTIMAL_GREEDY_10,0.14080317302925136,0.09742191373326722,0.1752602875557759,0.18839861179970252,0.13708477937530986,0.13708477937530986,0.07585523054040655,0.07907783837382251,0.12221120475954388,0.12592959841348536,0.12766484878532475,1.0,0.41968269707486366,0.1405552801189886,0.1752602875557759,0.15865146256817056,0.14476945959345563,0.13931581556767478,0.18691125433812594,0.22359940505701537,0.11403073872087258,0.18393653941497273,0.1301437778879524,0.1442736737729301,0.22062469013386218,0.09766980664352999,0.1271690629647992,0.13262270699058007,0.13411006445215667,0.1301437778879524,0.09271194843827467,0.21715418939018344,0.13634110064452157,0.1249380267724343,0.19732275656916212,0.12196331184928111,0.18740704015865145
OPTIMAL_GREEDY_20,0.13212692117005453,0.10386712940009915,0.16435299950421417,0.1819533961328706,0.124194348041646,0.12964799206742686,0.08106098165592464,0.06916212196331185,0.12766484878532475,0.12890431333663857,0.1353495290034705,0.41968269707486366,1.0,0.14080317302925136,0.16435299950421417,0.16881507188894398,0.13510163609320774,0.1301437778879524,0.18319286068418444,0.2094695091720377,0.11328705999008429,0.17922657411998016,0.13063956370847793,0.1353495290034705,0.20153693604362916,0.11006445215666832,0.11725334655428855,0.12617749132374814,0.12543381259295985,0.13634110064452157,0.08601883986117997,0.2151710461080813,0.13435795736241943,0.12840852751611304,0.19162121963311848,0.12394645513138325,0.18096182449181952
PLAYGROUND_BANDIT,0.131631135349529,0.12320277640059495,0.12146752602875557,0.13336638572136836,0.19509172037679723,0.20847793753098662,0.07635101636093208,0.0969261279127417,0.15319781854238967,0.15468517600396628,0.15344571145265246,0.1405552801189886,0.14080317302925136,1.0,0.12146752602875557,0.3148239960337134,0.13559742191373328,0.548834903321765,0.34977689638076354,0.14675260287555775,0.22583044124938026,0.14476945959345563,0.11799702528507684,0.10857709469509172,0.13931581556767478,0.1308874566187407,0.15294992563212692,0.15518096182449181,0.15443728309370353,0.1938522558254834,0.10312345066931086,0.13782845810609817,0.11799702528507684,0.17501239464551313,0.1346058502726822,0.1745166088249876,0.13287059990084282
PLAYGROUND_GRAPH_DENSITY,0.10783341596430342,0.0850272682201289,0.9997521070897373,0.153941497273178,0.09568666336142786,0.10733763014377788,0.15518096182449181,0.06891422905304909,0.0961824491819534,0.09271194843827467,0.10262766484878533,0.1752602875557759,0.16435299950421417,0.12146752602875557,1.0,0.12890431333663857,0.11080813088745661,0.11502231036192365,0.1353495290034705,0.1774913237481408,0.10510659395141299,0.14700049578582053,0.16757560733763013,0.131631135349529,0.1700545364402578,0.08651462568170551,0.10014873574615767,0.09866137828458106,0.10882498760535449,0.10733763014377788,0.10014873574615767,0.17873078829945463,0.12469013386217154,0.09742191373326722,0.16757560733763013,0.09742191373326722,0.15319781854238967
PLAYGROUND_INFORMATIVE_DIVERSE,0.1353495290034705,0.12617749132374814,0.12890431333663857,0.13510163609320774,0.15443728309370353,0.15939514129895885,0.08378780366881507,0.10114030738720872,0.15047099652949925,0.14823996033713435,0.15617253346554288,0.15865146256817056,0.16881507188894398,0.3148239960337134,0.12890431333663857,1.0,0.13981160138820029,0.3143282102131879,0.31259295984134855,0.15294992563212692,0.17699553792761527,0.14675260287555775,0.12295488349033218,0.11527020327218641,0.1442736737729301,0.13262270699058007,0.1517104610808131,0.14898363906792267,0.15245413981160139,0.14749628160634606,0.10188398611799702,0.14972731779871096,0.11923648983639068,0.14303420922161625,0.13708477937530986,0.14377788795240456,0.1346058502726822
PLAYGROUND_KCENTER_GREEDY,0.9923153197818543,0.1797223599405057,0.11080813088745661,0.12097174020823004,0.13981160138820029,0.12369856222112048,0.059494298463063956,0.15840356965790778,0.12667327714427368,0.11849281110560238,0.11279127416955875,0.14476945959345563,0.13510163609320774,0.13559742191373328,0.11080813088745661,0.13981160138820029,1.0,0.12816063460585028,0.13237481408031732,0.12196331184928111,0.1383242439266237,0.13435795736241943,0.10733763014377788,0.10337134357957363,0.13658899355478432,0.14476945959345563,0.12989588497768964,0.12766484878532475,0.11254338125929599,0.11179970252850768,0.10981655924640556,0.12840852751611304,0.18790282597917699,0.13435795736241943,0.13063956370847793,0.13510163609320774,0.12072384729796728
PLAYGROUND_MARGIN,0.12394645513138325,0.11626177491323748,0.11502231036192365,0.12047595438770452,0.21690629647992068,0.273921665840357,0.08279623202776401,0.09519087754090233,0.14452156668319285,0.15220624690133863,0.15096678235002478,0.13931581556767478,0.1301437778879524,0.548834903321765,0.11502231036192365,0.3143282102131879,0.12816063460585028,1.0,0.45661874070401587,0.1353495290034705,0.2248388696083292,0.1360932077342588,0.11502231036192365,0.10832920178482895,0.13584531482399603,0.13262270699058007,0.15790778383738224,0.15418939018344074,0.1633614278631631,0.2617749132374814,0.09519087754090233,0.1279127416955875,0.11650966782350025,0.20451165096678234,0.12245909766980664,0.1998016856717898,0.11998016856717898
PLAYGROUND_MIXTURE,0.12840852751611304,0.11626177491323748,0.1353495290034705,0.15195835399107585,0.17278135845314824,0.20054536440257809,0.0805651958353991,0.0909766980664353,0.13411006445215667,0.13063956370847793,0.1412989588497769,0.18691125433812594,0.18319286068418444,0.34977689638076354,0.1353495290034705,0.31259295984134855,0.13237481408031732,0.45661874070401587,1.0,0.1856717897868121,0.16584035696579078,0.15815567674764502,0.11080813088745661,0.11502231036192365,0.16782350024789291,0.11973227565691621,0.1405552801189886,0.13981160138820029,0.14972731779871096,0.1908775409023302,0.0932077342588002,0.16212196331184928,0.11601388200297472,0.1611303916707982,0.15964303420922163,0.15344571145265246,0.15146256817055032
PLAYGROUND_UNIFORM,0.11874070401586515,0.09667823500247893,0.1774913237481408,0.18616757560733763,0.12667327714427368,0.13237481408031732,0.10138820029747149,0.0872583044124938,0.11948438274665345,0.11328705999008429,0.12469013386217154,0.22359940505701537,0.2094695091720377,0.14675260287555775,0.1774913237481408,0.15294992563212692,0.12196331184928111,0.1353495290034705,0.1856717897868121,1.0,0.11973227565691621,0.17178978681209717,0.13187902825979178,0.13956370847793753,0.19533961328705998,0.09519087754090233,0.11849281110560238,0.11824491819533961,0.12345066931085771,0.1308874566187407,0.0999008428358949,0.20228061477441744,0.13187902825979178,0.12915220624690135,0.17798710956866634,0.12518591968269707,0.18542389687654934
SKACTIVEML_COST_EMBEDDING,0.13435795736241943,0.11973227565691621,0.10510659395141299,0.11155180961824492,0.14600892414476946,0.14229053049082796,0.09742191373326722,0.09791769955379276,0.14080317302925136,0.14724838869608328,0.13435795736241943,0.11403073872087258,0.11328705999008429,0.22583044124938026,0.10510659395141299,0.17699553792761527,0.1383242439266237,0.2248388696083292,0.16584035696579078,0.11973227565691621,1.0,0.11998016856717898,0.11080813088745661,0.1028755577590481,0.11403073872087258,0.15518096182449181,0.14105106593951414,0.14328210213187903,0.139067922657412,0.14526524541398117,0.09221616261774913,0.1212196331184928,0.11948438274665345,0.14253842340109074,0.11650966782350025,0.14898363906792267,0.11080813088745661
SKACTIVEML_DAL,0.13113534952900346,0.11130391670798215,0.14700049578582053,0.15270203272186417,0.11576598909271195,0.11725334655428855,0.08453148239960337,0.0887456618740704,0.12320277640059495,0.11998016856717898,0.12964799206742686,0.18393653941497273,0.17922657411998016,0.14476945959345563,0.14700049578582053,0.14675260287555775,0.13435795736241943,0.1360932077342588,0.15815567674764502,0.17178978681209717,0.11998016856717898,1.0,0.12692117005453643,0.12047595438770452,0.1665840356965791,0.10932077342588002,0.1279127416955875,0.12964799206742686,0.13138324243926625,0.11750123946455131,0.10262766484878533,0.16980664352999505,0.12964799206742686,0.11204759543877045,0.16955875061973227,0.11353495290034706,0.15245413981160139
SKACTIVEML_DWUS,0.10485870104115022,0.1028755577590481,0.16757560733763013,0.1256817055032226,0.11973227565691621,0.12171541893901834,0.12171541893901834,0.0887456618740704,0.10609816559246406,0.11254338125929599,0.11056023797719385,0.1301437778879524,0.13063956370847793,0.11799702528507684,0.16757560733763013,0.12295488349033218,0.10733763014377788,0.11502231036192365,0.11080813088745661,0.13187902825979178,0.11080813088745661,0.12692117005453643,1.0,0.11080813088745661,0.13411006445215667,0.10832920178482895,0.11254338125929599,0.11427863163113534,0.11923648983639068,0.12245909766980664,0.10386712940009915,0.12964799206742686,0.11427863163113534,0.124194348041646,0.1271690629647992,0.12072384729796728,0.12469013386217154
SKACTIVEML_QBC,0.10039662865642042,0.0932077342588002,0.131631135349529,0.1264253842340109,0.10188398611799702,0.10436291522062469,0.0999008428358949,0.09147248388696083,0.09519087754090233,0.09717402082300446,0.10089241447694595,0.1442736737729301,0.1353495290034705,0.10857709469509172,0.131631135349529,0.11527020327218641,0.10337134357957363,0.10832920178482895,0.11502231036192365,0.13956370847793753,0.1028755577590481,0.12047595438770452,0.11080813088745661,1.0,0.15344571145265246,0.10163609320773426,0.10312345066931086,0.1065939514129896,0.10907288051561725,0.10114030738720872,0.09568666336142786,0.1375805651958354,0.10188398611799702,0.0946950917203768,0.13435795736241943,0.09122459097669806,0.12617749132374814
SKACTIVEML_QBC_VOTE_ENTROPY,0.13336638572136836,0.10808130887456618,0.1700545364402578,0.1812097174020823,0.11576598909271195,0.12047595438770452,0.10510659395141299,0.08849776896380764,0.11948438274665345,0.11898859692612791,0.12518591968269707,0.22062469013386218,0.20153693604362916,0.13931581556767478,0.1700545364402578,0.1442736737729301,0.13658899355478432,0.13584531482399603,0.16782350024789291,0.19533961328705998,0.11403073872087258,0.1665840356965791,0.13411006445215667,0.15344571145265246,1.0,0.11179970252850768,0.1256817055032226,0.1279127416955875,0.13187902825979178,0.12146752602875557,0.0946950917203768,0.19732275656916212,0.1487357461576599,0.11378284581060982,0.18616757560733763,0.12022806147744175,0.180466038671294
SKACTIVEML_QUIRE,0.14154685176003967,0.15865146256817056,0.08651462568170551,0.09395141298958849,0.12270699058006941,0.11477441745166088,0.07213683688646505,0.13931581556767478,0.12320277640059495,0.12543381259295985,0.11328705999008429,0.09766980664352999,0.11006445215666832,0.1308874566187407,0.08651462568170551,0.13262270699058007,0.14476945959345563,0.13262270699058007,0.11973227565691621,0.09519087754090233,0.15518096182449181,0.10932077342588002,0.10832920178482895,0.10163609320773426,0.11179970252850768,1.0,0.12915220624690135,0.13187902825979178,0.12097174020823004,0.11254338125929599,0.09667823500247893,0.09766980664352999,0.1338621715418939,0.12320277640059495,0.11130391670798215,0.12469013386217154,0.09370352007932573
SKACTIVEML_US_ENTROPY,0.12543381259295985,0.12543381259295985,0.10014873574615767,0.10808130887456618,0.2077342588001983,0.18021814576103123,0.07461576598909271,0.09965294992563213,0.2278135845314824,0.18963807635101637,0.1633614278631631,0.1271690629647992,0.11725334655428855,0.15294992563212692,0.10014873574615767,0.1517104610808131,0.12989588497768964,0.15790778383738224,0.1405552801189886,0.11849281110560238,0.14105106593951414,0.1279127416955875,0.11254338125929599,0.10312345066931086,0.1256817055032226,0.12915220624690135,1.0,0.7798710956866634,0.736737729300942,0.1650966782350025,0.09345562716906297,0.11551809618244918,0.12097174020823004,0.19930589985126426,0.11527020327218641,0.24516608824987604,0.10733763014377788
SKACTIVEML_US_LC,0.12295488349033218,0.12816063460585028,0.09866137828458106,0.10981655924640556,0.2518591968269707,0.1774913237481408,0.07535944471988101,0.10733763014377788,0.18368864650470995,0.2330193356470005,0.1626177491323748,0.13262270699058007,0.12617749132374814,0.15518096182449181,0.09866137828458106,0.14898363906792267,0.12766484878532475,0.15418939018344074,0.13981160138820029,0.11824491819533961,0.14328210213187903,0.12964799206742686,0.11427863163113534,0.1065939514129896,0.1279127416955875,0.13187902825979178,0.7798710956866634,1.0,0.7545860188398612,0.17055032226078334,0.09419930589985126,0.11973227565691621,0.11874070401586515,0.24169558750619732,0.11601388200297472,0.19732275656916212,0.10907288051561725
SKACTIVEML_US_MARGIN,0.10832920178482895,0.11650966782350025,0.10882498760535449,0.12097174020823004,0.1812097174020823,0.2389687654933069,0.07932573128408528,0.0917203767972236,0.15865146256817056,0.1650966782350025,0.22806147744174515,0.13411006445215667,0.12543381259295985,0.15443728309370353,0.10882498760535449,0.15245413981160139,0.11254338125929599,0.1633614278631631,0.14972731779871096,0.12345066931085771,0.139067922657412,0.13138324243926625,0.11923648983639068,0.10907288051561725,0.13187902825979178,0.12097174020823004,0.736737729300942,0.7545860188398612,1.0,0.23103619236489836,0.0917203767972236,0.12741695587506197,0.11576598909271195,0.1685671789786812,0.12072384729796728,0.1648487853247397,0.12047595438770452
SMALLTEXT_BREAKINGTIES,0.10882498760535449,0.12245909766980664,0.10733763014377788,0.10708973723351513,0.2387208725830441,0.3666336142786316,0.07461576598909271,0.0917203767972236,0.2550818046603867,0.26574119980168565,0.3296975706494794,0.1301437778879524,0.13634110064452157,0.1938522558254834,0.10733763014377788,0.14749628160634606,0.11179970252850768,0.2617749132374814,0.1908775409023302,0.1308874566187407,0.14526524541398117,0.11750123946455131,0.12245909766980664,0.10114030738720872,0.12146752602875557,0.11254338125929599,0.1650966782350025,0.17055032226078334,0.23103619236489836,1.0,0.08924144769459594,0.11898859692612791,0.11998016856717898,0.7414476945959345,0.11725334655428855,0.7283093703520079,0.1065939514129896
SMALLTEXT_CONTRASTIVEAL,0.10907288051561725,0.09370352007932573,0.10014873574615767,0.0969261279127417,0.09444719881011403,0.09370352007932573,0.0887456618740704,0.11328705999008429,0.09196826970748637,0.09196826970748637,0.08899355478433317,0.09271194843827467,0.08601883986117997,0.10312345066931086,0.10014873574615767,0.10188398611799702,0.10981655924640556,0.09519087754090233,0.0932077342588002,0.0999008428358949,0.09221616261774913,0.10262766484878533,0.10386712940009915,0.09568666336142786,0.0946950917203768,0.09667823500247893,0.09345562716906297,0.09419930589985126,0.0917203767972236,0.08924144769459594,1.0,0.09221616261774913,0.12741695587506197,0.09072880515617253,0.0999008428358949,0.09295984134853744,0.0961824491819534
SMALLTEXT_EMBEDDINGKMEANS,0.1249380267724343,0.09940505701536936,0.17873078829945463,0.18145761031234506,0.11750123946455131,0.11700545364402579,0.12047595438770452,0.09345562716906297,0.11799702528507684,0.11527020327218641,0.11849281110560238,0.21715418939018344,0.2151710461080813,0.13782845810609817,0.17873078829945463,0.14972731779871096,0.12840852751611304,0.1279127416955875,0.16212196331184928,0.20228061477441744,0.1212196331184928,0.16980664352999505,0.12964799206742686,0.1375805651958354,0.19732275656916212,0.09766980664352999,0.11551809618244918,0.11973227565691621,0.12741695587506197,0.11898859692612791,0.09221616261774913,1.0,0.13287059990084282,0.11477441745166088,0.19261279127416955,0.11179970252850768,0.180466038671294
SMALLTEXT_GREEDYCORESET,0.18319286068418444,0.1301437778879524,0.12469013386217154,0.1264253842340109,0.11998016856717898,0.12270699058006941,0.08775409023301933,0.11849281110560238,0.12270699058006941,0.12369856222112048,0.11898859692612791,0.13634110064452157,0.13435795736241943,0.11799702528507684,0.12469013386217154,0.11923648983639068,0.18790282597917699,0.11650966782350025,0.11601388200297472,0.13187902825979178,0.11948438274665345,0.12964799206742686,0.11427863163113534,0.10188398611799702,0.1487357461576599,0.1338621715418939,0.12097174020823004,0.11874070401586515,0.11576598909271195,0.11998016856717898,0.12741695587506197,0.13287059990084282,1.0,0.11948438274665345,0.13262270699058007,0.12543381259295985,0.12592959841348536
SMALLTEXT_LEASTCONFIDENCE,0.13063956370847793,0.13435795736241943,0.09742191373326722,0.10857709469509172,0.3705999008428359,0.23549826474962815,0.07064947942488845,0.09866137828458106,0.28681209717402084,0.3363906792265741,0.2617749132374814,0.1249380267724343,0.12840852751611304,0.17501239464551313,0.09742191373326722,0.14303420922161625,0.13435795736241943,0.20451165096678234,0.1611303916707982,0.12915220624690135,0.14253842340109074,0.11204759543877045,0.124194348041646,0.0946950917203768,0.11378284581060982,0.12320277640059495,0.19930589985126426,0.24169558750619732,0.1685671789786812,0.7414476945959345,0.09072880515617253,0.11477441745166088,0.11948438274665345,1.0,0.11427863163113534,0.7786316311353495,0.10857709469509172
SMALLTEXT_LIGHTWEIGHTCORESET,0.1271690629647992,0.10609816559246406,0.16757560733763013,0.17402082300446206,0.11155180961824492,0.11576598909271195,0.10089241447694595,0.0909766980664353,0.11527020327218641,0.11328705999008429,0.11650966782350025,0.19732275656916212,0.19162121963311848,0.1346058502726822,0.16757560733763013,0.13708477937530986,0.13063956370847793,0.12245909766980664,0.15964303420922163,0.17798710956866634,0.11650966782350025,0.16955875061973227,0.1271690629647992,0.13435795736241943,0.18616757560733763,0.11130391670798215,0.11527020327218641,0.11601388200297472,0.12072384729796728,0.11725334655428855,0.0999008428358949,0.19261279127416955,0.13262270699058007,0.11427863163113534,1.0,0.11527020327218641,0.17402082300446206
SMALLTEXT_PREDICTIONENTROPY,0.13138324243926625,0.13336638572136836,0.09742191373326722,0.10758552305404065,0.2721864154685176,0.2240951908775409,0.07387208725830441,0.09742191373326722,0.33242439266236984,0.28681209717402084,0.25359444719881014,0.12196331184928111,0.12394645513138325,0.1745166088249876,0.09742191373326722,0.14377788795240456,0.13510163609320774,0.1998016856717898,0.15344571145265246,0.12518591968269707,0.14898363906792267,0.11353495290034706,0.12072384729796728,0.09122459097669806,0.12022806147744175,0.12469013386217154,0.24516608824987604,0.19732275656916212,0.1648487853247397,0.7283093703520079,0.09295984134853744,0.11179970252850768,0.12543381259295985,0.7786316311353495,0.11527020327218641,1.0,0.10808130887456618
SMALLTEXT_RANDOM,0.11700545364402579,0.0880019831432821,0.15319781854238967,0.9980168567178979,0.11279127416955875,0.11378284581060982,0.09866137828458106,0.08453148239960337,0.10064452156668319,0.10014873574615767,0.10436291522062469,0.18740704015865145,0.18096182449181952,0.13287059990084282,0.15319781854238967,0.1346058502726822,0.12072384729796728,0.11998016856717898,0.15146256817055032,0.18542389687654934,0.11080813088745661,0.15245413981160139,0.12469013386217154,0.12617749132374814,0.180466038671294,0.09370352007932573,0.10733763014377788,0.10907288051561725,0.12047595438770452,0.1065939514129896,0.0961824491819534,0.180466038671294,0.12592959841348536,0.10857709469509172,0.17402082300446206,0.10808130887456618,1.0
