,ALIPY_CORESET_GREEDY,ALIPY_DENSITY_WEIGHTED,ALIPY_GRAPH_DENSITY,ALIPY_RANDOM,ALIPY_UNCERTAINTY_LC,ALIPY_UNCERTAINTY_MM,LIBACT_DWUS,LIBACT_QUIRE,LIBACT_UNCERTAINTY_ENT,LIBACT_UNCERTAINTY_LC,LIBACT_UNCERTAINTY_SM,OPTIMAL_GREEDY_10,OPTIMAL_GREEDY_20,PLAYGROUND_BANDIT,PLAYGROUND_GRAPH_DENSITY,PLAYGROUND_INFORMATIVE_DIVERSE,PLAYGROUND_KCENTER_GREEDY,PLAYGROUND_MARGIN,PLAYGROUND_MIXTURE,PLAYGROUND_UNIFORM,SKACTIVEML_COST_EMBEDDING,SKACTIVEML_DAL,SKACTIVEML_DWUS,SKACTIVEML_QBC,SKACTIVEML_QBC_VOTE_ENTROPY,SKACTIVEML_QUIRE,SKACTIVEML_US_ENTROPY,SKACTIVEML_US_LC,SKACTIVEML_US_MARGIN,SMALLTEXT_BREAKINGTIES,SMALLTEXT_CONTRASTIVEAL,SMALLTEXT_EMBEDDINGKMEANS,SMALLTEXT_GREEDYCORESET,SMALLTEXT_LEASTCONFIDENCE,SMALLTEXT_LIGHTWEIGHTCORESET,SMALLTEXT_PREDICTIONENTROPY,SMALLTEXT_RANDOM
ALIPY_CORESET_GREEDY,4034,578,274,396,292,273,295,714,266,265,255,481,496,400,274,466,2875,367,474,509,413,482,357,431,491,486,241,259,251,241,493,560,971,241,572,256,396
ALIPY_DENSITY_WEIGHTED,578,4034,290,349,417,398,517,893,354,348,340,515,545,509,290,616,578,507,555,508,509,579,554,530,536,681,350,356,339,330,632,728,788,358,622,362,349
ALIPY_GRAPH_DENSITY,274,290,4034,305,253,257,364,350,222,230,247,372,373,328,2875,320,274,301,326,380,305,354,329,375,372,323,241,240,249,236,340,367,282,230,382,252,305
ALIPY_RANDOM,396,349,305,4034,286,298,466,423,254,258,274,539,556,447,305,456,396,382,494,552,414,558,445,521,546,370,228,252,261,259,472,505,440,255,495,264,2875
ALIPY_UNCERTAINTY_LC,292,417,253,286,4034,3291,1496,1534,1557,1583,1545,1523,1517,1576,1412,1540,1451,1750,1544,1532,1517,1538,1540,1514,1510,1571,1557,1592,1547,1708,1554,1541,1497,1852,1528,1715,1445
ALIPY_UNCERTAINTY_MM,273,398,257,298,3291,4034,1516,1519,1524,1541,1593,1527,1534,1588,1416,1564,1432,1899,1564,1547,1518,1531,1545,1509,1503,1561,1528,1534,1586,1861,1560,1566,1493,1693,1530,1676,1457
LIBACT_DWUS,295,517,364,466,1496,1516,4034,1880,1447,1448,1456,1854,1823,1806,1523,1851,1454,1751,1813,1852,1710,1794,2114,1903,1873,1890,1461,1462,1460,1461,1993,2173,1625,1452,1706,1473,1625
LIBACT_QUIRE,714,893,350,423,1534,1519,1880,4034,1500,1486,1485,1863,1856,1802,1509,1901,1873,1720,1815,1803,1770,1901,1813,1847,1868,2085,1482,1489,1479,1455,2070,2371,2187,1462,2075,1445,1582
LIBACT_UNCERTAINTY_ENT,266,354,222,254,1557,1524,1447,1500,4034,3322,3269,1468,1466,1514,1381,1503,1425,1516,1479,1447,1458,1469,1467,1446,1477,1511,1585,1543,1497,1533,1498,1495,1457,1563,1481,1579,1413
LIBACT_UNCERTAINTY_LC,265,348,230,258,1583,1541,1448,1486,3322,4034,3297,1480,1471,1503,1389,1511,1424,1514,1489,1463,1464,1461,1482,1450,1484,1516,1529,1583,1499,1548,1500,1468,1459,1593,1457,1574,1417
LIBACT_UNCERTAINTY_SM,255,340,247,274,1545,1593,1456,1485,3269,3297,4034,1485,1491,1514,1406,1533,1414,1539,1491,1481,1472,1480,1479,1475,1500,1491,1487,1514,1554,1597,1528,1498,1469,1547,1484,1529,1433
OPTIMAL_GREEDY_10,481,515,372,539,1523,1527,1854,1863,1468,1480,1485,4034,1993,1775,1531,1854,1640,1691,1843,1936,1670,1936,1806,1937,1957,1747,1450,1458,1497,1472,1871,2075,1812,1465,1887,1478,1698
OPTIMAL_GREEDY_20,496,545,373,556,1517,1534,1823,1856,1466,1471,1491,1993,4034,1798,1532,1848,1655,1697,1847,1943,1678,1918,1777,1881,1949,1775,1453,1467,1472,1471,1889,2042,1810,1462,1907,1482,1715
PLAYGROUND_BANDIT,400,509,328,447,1576,1588,1806,1802,1514,1503,1514,1775,1798,4034,1487,1889,1559,2006,1899,1751,1744,1751,1749,1780,1784,1771,1505,1518,1507,1517,1811,1856,1703,1498,1741,1499,1606
PLAYGROUND_GRAPH_DENSITY,274,290,2875,305,1412,1416,1523,1509,1381,1389,1406,1531,1532,1487,4034,1479,1433,1460,1485,1539,1464,1513,1488,1534,1531,1482,1400,1399,1408,1395,1499,1526,1441,1389,1541,1411,1464
PLAYGROUND_INFORMATIVE_DIVERSE,466,616,320,456,1540,1564,1851,1901,1503,1511,1533,1854,1848,1889,1479,4034,1625,1855,1951,1845,1762,1839,1753,1821,1857,1815,1506,1496,1508,1530,1862,2041,1816,1514,1888,1501,1615
PLAYGROUND_KCENTER_GREEDY,2875,578,274,396,1451,1432,1454,1873,1425,1424,1414,1640,1655,1559,1433,1625,4034,1526,1633,1668,1572,1641,1516,1590,1650,1645,1400,1418,1410,1400,1652,1719,2130,1400,1731,1415,1555
PLAYGROUND_MARGIN,367,507,301,382,1750,1899,1751,1720,1516,1514,1539,1691,1697,2006,1460,1855,1526,4034,1827,1698,1734,1715,1722,1700,1713,1748,1526,1521,1541,1803,1762,1834,1647,1668,1710,1664,1541
PLAYGROUND_MIXTURE,474,555,326,494,1544,1564,1813,1815,1479,1489,1491,1843,1847,1899,1485,1951,1633,1827,4034,1849,1727,1860,1823,1866,1912,1786,1488,1492,1520,1523,1832,1949,1754,1488,1816,1514,1653
PLAYGROUND_UNIFORM,509,508,380,552,1532,1547,1852,1803,1447,1463,1481,1936,1943,1751,1539,1845,1668,1698,1849,4034,1679,1913,1800,1890,1914,1742,1448,1459,1472,1478,1882,2034,1817,1447,1924,1453,1711
SKACTIVEML_COST_EMBEDDING,413,509,305,414,1517,1518,1710,1770,1458,1464,1472,1670,1678,1744,1464,1762,1572,1734,1727,1679,4034,1737,1717,1719,1694,1770,1457,1470,1473,1455,1721,1795,1717,1456,1708,1464,1573
SKACTIVEML_DAL,482,579,354,558,1538,1531,1794,1901,1469,1461,1480,1936,1918,1751,1513,1839,1641,1715,1860,1913,1737,4034,1762,1887,1911,1781,1467,1475,1464,1477,1901,2086,1828,1463,1942,1472,1717
SKACTIVEML_DWUS,357,554,329,445,1540,1545,2114,1813,1467,1482,1479,1806,1777,1749,1488,1753,1516,1722,1823,1800,1717,1762,4034,1820,1796,1778,1471,1473,1481,1462,1855,1972,1625,1472,1734,1477,1604
SKACTIVEML_QBC,431,530,375,521,1514,1509,1903,1847,1446,1450,1475,1937,1881,1780,1534,1821,1590,1700,1866,1890,1719,1887,1820,4034,1973,1785,1459,1462,1464,1456,1857,2004,1751,1461,1887,1456,1680
SKACTIVEML_QBC_VOTE_ENTROPY,491,536,372,546,1510,1503,1873,1868,1477,1484,1500,1957,1949,1784,1531,1857,1650,1713,1912,1914,1694,1911,1796,1973,4034,1776,1478,1473,1489,1452,1834,2068,1802,1465,1908,1472,1705
SKACTIVEML_QUIRE,486,681,323,370,1571,1561,1890,2085,1511,1516,1491,1747,1775,1771,1482,1815,1645,1748,1786,1742,1770,1781,1778,1785,1776,4034,1518,1505,1511,1482,1932,2033,1801,1493,1838,1516,1529
SKACTIVEML_US_ENTROPY,241,350,241,228,1557,1528,1461,1482,1585,1529,1487,1450,1453,1505,1400,1506,1400,1526,1488,1448,1457,1467,1471,1459,1478,1518,4034,3319,3290,1493,1497,1479,1451,1531,1457,1578,1387
SKACTIVEML_US_LC,259,356,240,252,1592,1534,1462,1489,1543,1583,1514,1458,1467,1518,1399,1496,1418,1521,1492,1459,1470,1475,1473,1462,1473,1505,3319,4034,3316,1502,1476,1477,1465,1547,1457,1525,1411
SKACTIVEML_US_MARGIN,251,339,249,261,1547,1586,1460,1479,1497,1499,1554,1497,1472,1507,1408,1508,1410,1541,1520,1472,1473,1464,1481,1464,1489,1511,3290,3316,4034,1560,1474,1502,1482,1525,1487,1501,1420
SMALLTEXT_BREAKINGTIES,241,330,236,259,1708,1861,1461,1455,1533,1548,1597,1472,1471,1517,1395,1530,1400,1803,1523,1478,1455,1477,1462,1456,1452,1482,1493,1502,1560,4034,1483,1472,1473,3288,1457,3282,1418
SMALLTEXT_CONTRASTIVEAL,493,632,340,472,1554,1560,1993,2070,1498,1500,1528,1871,1889,1811,1499,1862,1652,1762,1832,1882,1721,1901,1855,1857,1834,1932,1497,1476,1474,1483,4034,2208,1811,1451,1916,1470,1631
SMALLTEXT_EMBEDDINGKMEANS,560,728,367,505,1541,1566,2173,2371,1495,1468,1498,2075,2042,1856,1526,2041,1719,1834,1949,2034,1795,2086,1972,2004,2068,2033,1479,1477,1502,1472,2208,4034,2017,1475,2266,1464,1664
SMALLTEXT_GREEDYCORESET,971,788,282,440,1497,1493,1625,2187,1457,1459,1469,1812,1810,1703,1441,1816,2130,1647,1754,1817,1717,1828,1625,1751,1802,1801,1451,1465,1482,1473,1811,2017,4034,1471,1941,1476,1599
SMALLTEXT_LEASTCONFIDENCE,241,358,230,255,1852,1693,1452,1462,1563,1593,1547,1465,1462,1498,1389,1514,1400,1668,1488,1447,1456,1463,1472,1461,1465,1493,1531,1547,1525,3288,1451,1475,1471,4034,1458,3336,1414
SMALLTEXT_LIGHTWEIGHTCORESET,572,622,382,495,1528,1530,1706,2075,1481,1457,1484,1887,1907,1741,1541,1888,1731,1710,1816,1924,1708,1942,1734,1887,1908,1838,1457,1457,1487,1457,1916,2266,1941,1458,4034,1467,1654
SMALLTEXT_PREDICTIONENTROPY,256,362,252,264,1715,1676,1473,1445,1579,1574,1529,1478,1482,1499,1411,1501,1415,1664,1514,1453,1464,1472,1477,1456,1472,1516,1578,1525,1501,3282,1470,1464,1476,3336,1467,4034,1423
SMALLTEXT_RANDOM,396,349,305,2875,1445,1457,1625,1582,1413,1417,1433,1698,1715,1606,1464,1615,1555,1541,1653,1711,1573,1717,1604,1680,1705,1529,1387,1411,1420,1418,1631,1664,1599,1414,1654,1423,4034
