,ALIPY_CORESET_GREEDY,ALIPY_DENSITY_WEIGHTED,ALIPY_GRAPH_DENSITY,ALIPY_RANDOM,ALIPY_UNCERTAINTY_LC,ALIPY_UNCERTAINTY_MM,LIBACT_DWUS,LIBACT_QUIRE,LIBACT_UNCERTAINTY_ENT,LIBACT_UNCERTAINTY_LC,LIBACT_UNCERTAINTY_SM,OPTIMAL_GREEDY_10,OPTIMAL_GREEDY_20,PLAYGROUND_BANDIT,PLAYGROUND_GRAPH_DENSITY,PLAYGROUND_INFORMATIVE_DIVERSE,PLAYGROUND_KCENTER_GREEDY,PLAYGROUND_MARGIN,PLAYGROUND_MIXTURE,PLAYGROUND_UNIFORM,SKACTIVEML_COST_EMBEDDING,SKACTIVEML_DAL,SKACTIVEML_DWUS,SKACTIVEML_QBC,SKACTIVEML_QBC_VOTE_ENTROPY,SKACTIVEML_QUIRE,SKACTIVEML_US_ENTROPY,SKACTIVEML_US_LC,SKACTIVEML_US_MARGIN,SMALLTEXT_BREAKINGTIES,SMALLTEXT_CONTRASTIVEAL,SMALLTEXT_EMBEDDINGKMEANS,SMALLTEXT_GREEDYCORESET,SMALLTEXT_LEASTCONFIDENCE,SMALLTEXT_LIGHTWEIGHTCORESET,SMALLTEXT_PREDICTIONENTROPY,SMALLTEXT_RANDOM
ALIPY_CORESET_GREEDY,1.0,0.09519087754090233,0.06048587010411502,0.1864154685176004,0.06643529995042141,0.06965790778383739,0.16088249876053545,0.11973227565691621,0.053792761527020325,0.04833911750123947,0.05081804660386713,0.2077342588001983,0.2077342588001983,0.14823996033713435,0.057263262270699056,0.13857213683688646,0.6460089241447695,0.07858205255329698,0.15840356965790778,0.1960832920178483,0.10312345066931086,0.18815071888943977,0.09395141298958849,0.1353495290034705,0.20228061477441744,0.08403569657907783,0.05081804660386713,0.05057015369360436,0.05205751115518096,0.05304908279623203,0.11998016856717898,0.20252850768468023,0.2543381259295984,0.04685176003966286,0.1908775409023302,0.04561229548834903,0.1834407535944472
ALIPY_DENSITY_WEIGHTED,0.09519087754090233,1.0,0.08626673277144274,0.06965790778383739,0.17476450173525038,0.15468517600396628,0.15245413981160139,0.19955379276152702,0.12245909766980664,0.12989588497768964,0.11874070401586515,0.11849281110560238,0.12320277640059495,0.12741695587506197,0.09147248388696083,0.1331184928111056,0.09221616261774913,0.13361427863163114,0.07783837382250867,0.11229548834903322,0.1980664352999504,0.11774913237481408,0.19856222112047595,0.14476945959345563,0.11229548834903322,0.19360436291522062,0.1368368864650471,0.13262270699058007,0.12469013386217154,0.11378284581060982,0.18889439762022806,0.10560237977193852,0.14179474467030243,0.12221120475954388,0.124194348041646,0.13510163609320774,0.06866633614278632
ALIPY_GRAPH_DENSITY,0.06048587010411502,0.08626673277144274,1.0,0.07486365889935548,0.06494794248884482,0.06668319286068418,0.090233019335647,0.11923648983639068,0.051065939514129896,0.05156172533465543,0.0480912245909767,0.07461576598909271,0.07238472979672782,0.06296479920674268,0.6735250371839365,0.05577590480912246,0.06569162121963312,0.05999008428358949,0.05577590480912246,0.07213683688646505,0.09395141298958849,0.07486365889935548,0.11130391670798215,0.08081308874566187,0.07833415964303421,0.08750619732275657,0.04784333168071393,0.051313832424392664,0.04685176003966286,0.048834903321764996,0.08973723351512147,0.07635101636093208,0.06866633614278632,0.0518096182449182,0.07957362419434805,0.041398116013882005,0.07362419434804164
ALIPY_RANDOM,0.1864154685176004,0.06965790778383739,0.07486365889935548,1.0,0.05701536936043629,0.06296479920674268,0.15493306891422906,0.07486365889935548,0.0480912245909767,0.04933068914229053,0.05230540406544373,0.2721864154685176,0.270699058006941,0.16212196331184928,0.07188894397620228,0.161378284581061,0.1849281110560238,0.07957362419434805,0.19856222112047595,0.2778879524045612,0.0999008428358949,0.24343083787803668,0.09791769955379276,0.15294992563212692,0.285572632622707,0.07659890927119484,0.04338125929598413,0.0451165096678235,0.0458601883986118,0.04685176003966286,0.08924144769459594,0.25111551809618243,0.2017848289538919,0.04238968765493307,0.26871591472483886,0.04238968765493307,0.6494794248884482
ALIPY_UNCERTAINTY_LC,0.06643529995042141,0.17476450173525038,0.06494794248884482,0.05701536936043629,1.0,0.5267724343083788,0.0984134853743183,0.09048091224590976,0.12989588497768964,0.1442736737729301,0.12741695587506197,0.07734258800198314,0.06891422905304909,0.10485870104115022,0.06593951412989589,0.09072880515617253,0.06916212196331185,0.14526524541398117,0.08775409023301933,0.06941001487357462,0.12072384729796728,0.07783837382250867,0.12617749132374814,0.09196826970748637,0.06990580069410014,0.11973227565691621,0.14749628160634606,0.14724838869608328,0.12840852751611304,0.1626177491323748,0.09940505701536936,0.06742687159147248,0.07957362419434805,0.21492315319781854,0.07783837382250867,0.17773921665840356,0.059494298463063956
ALIPY_UNCERTAINTY_MM,0.06965790778383739,0.15468517600396628,0.06668319286068418,0.06296479920674268,0.5267724343083788,1.0,0.10386712940009915,0.09048091224590976,0.11774913237481408,0.1308874566187407,0.146504709965295,0.07535944471988101,0.07436787307882994,0.10981655924640556,0.06618740704015866,0.0880019831432821,0.06544372830937036,0.18145761031234506,0.10436291522062469,0.07362419434804164,0.13039167079821518,0.08403569657907783,0.13039167079821518,0.09370352007932573,0.06990580069410014,0.11080813088745661,0.12295488349033218,0.13411006445215667,0.14675260287555775,0.21715418939018344,0.1065939514129896,0.06618740704015866,0.08750619732275657,0.1648487853247397,0.08006941001487357,0.161378284581061,0.05899851264253842
LIBACT_DWUS,0.16088249876053545,0.15245413981160139,0.090233019335647,0.15493306891422906,0.0984134853743183,0.10386712940009915,1.0,0.13510163609320774,0.08601883986117997,0.08973723351512147,0.08775409023301933,0.2055032226078334,0.20971740208230044,0.18294496777392166,0.09395141298958849,0.15716410510659395,0.1576598909271195,0.12667327714427368,0.1479920674268716,0.20228061477441744,0.17625185919682698,0.1998016856717898,0.21913733267228558,0.214427367377293,0.19558750619732276,0.15319781854238967,0.08701041150223103,0.08180466038671294,0.0857709469509172,0.07263262270699058,0.1685671789786812,0.24764501735250372,0.2263262270699058,0.0805651958353991,0.19930589985126426,0.0857709469509172,0.1591472483886961
LIBACT_QUIRE,0.11973227565691621,0.19955379276152702,0.11923648983639068,0.07486365889935548,0.09048091224590976,0.09048091224590976,0.13510163609320774,1.0,0.07164105106593951,0.07808626673277144,0.07312840852751612,0.12816063460585028,0.12469013386217154,0.09816559246405553,0.11700545364402579,0.09791769955379276,0.12047595438770452,0.0880019831432821,0.07585523054040655,0.11923648983639068,0.14700049578582053,0.13857213683688646,0.13262270699058007,0.12890431333663857,0.12369856222112048,0.19757064947942488,0.06941001487357462,0.07808626673277144,0.06841844323252355,0.07188894397620228,0.2092216162617749,0.12592959841348536,0.1308874566187407,0.06693108577094695,0.124194348041646,0.07734258800198314,0.06941001487357462
LIBACT_UNCERTAINTY_ENT,0.053792761527020325,0.12245909766980664,0.051065939514129896,0.0480912245909767,0.12989588497768964,0.11774913237481408,0.08601883986117997,0.07164105106593951,1.0,0.5401586514625681,0.5104115022310362,0.06569162121963312,0.05800694100148736,0.07882994546355974,0.049826474962816066,0.07511155180961825,0.05156172533465543,0.08230044620723848,0.059494298463063956,0.06470004957858205,0.0872583044124938,0.061973227565691624,0.08924144769459594,0.06990580069410014,0.059742191373326724,0.0835399107585523,0.14005949429846307,0.12840852751611304,0.11452652454139811,0.10956866633614279,0.0909766980664353,0.05552801189885969,0.07734258800198314,0.13187902825979178,0.06742687159147248,0.14030738720872582,0.053792761527020325
LIBACT_UNCERTAINTY_LC,0.04833911750123947,0.12989588497768964,0.05156172533465543,0.04933068914229053,0.1442736737729301,0.1308874566187407,0.08973723351512147,0.07808626673277144,0.5401586514625681,1.0,0.5401586514625681,0.062221120475954385,0.05999008428358949,0.08155676747645017,0.05280118988596926,0.07213683688646505,0.04685176003966286,0.08973723351512147,0.05701536936043629,0.054784333168071395,0.08973723351512147,0.062221120475954385,0.0894893406048587,0.06916212196331185,0.05676747645017353,0.08453148239960337,0.13882002974714924,0.14229053049082796,0.13237481408031732,0.13063956370847793,0.08230044620723848,0.056023797719385225,0.07461576598909271,0.13857213683688646,0.06395637084779375,0.13361427863163114,0.04908279623202776
LIBACT_UNCERTAINTY_SM,0.05081804660386713,0.11874070401586515,0.0480912245909767,0.05230540406544373,0.12741695587506197,0.146504709965295,0.08775409023301933,0.07312840852751612,0.5104115022310362,0.5401586514625681,1.0,0.06470004957858205,0.05850272682201289,0.08601883986117997,0.05081804660386713,0.08304412493802678,0.05007436787307883,0.09742191373326722,0.057263262270699056,0.058254833911750126,0.09766980664352999,0.062221120475954385,0.09643034209221617,0.07535944471988101,0.05899851264253842,0.07957362419434805,0.12196331184928111,0.1271690629647992,0.14700049578582053,0.14377788795240456,0.07709469509172037,0.06023797719385226,0.07238472979672782,0.12369856222112048,0.07015369360436291,0.12741695587506197,0.04833911750123947
OPTIMAL_GREEDY_10,0.2077342588001983,0.11849281110560238,0.07461576598909271,0.2721864154685176,0.07734258800198314,0.07535944471988101,0.2055032226078334,0.12816063460585028,0.06569162121963312,0.062221120475954385,0.06470004957858205,1.0,0.3802677243430838,0.19410014873574616,0.07907783837382251,0.2151710461080813,0.20327218641546851,0.08824987605354487,0.22905304908279622,0.35324739712444225,0.15666831928606842,0.30937035200793256,0.1494794248884482,0.20475954387704512,0.3505205751115518,0.11576598909271195,0.057263262270699056,0.06246901338621715,0.058750619732275654,0.0532969757064948,0.124194348041646,0.31928606841844326,0.26425384234010907,0.05528011898859692,0.33862171541893904,0.05404065443728309,0.27317798710956864
OPTIMAL_GREEDY_20,0.2077342588001983,0.12320277640059495,0.07238472979672782,0.270699058006941,0.06891422905304909,0.07436787307882994,0.20971740208230044,0.12469013386217154,0.05800694100148736,0.05999008428358949,0.05850272682201289,0.3802677243430838,1.0,0.20079325731284084,0.07139315815567675,0.19261279127416955,0.19905800694100148,0.08701041150223103,0.21740208230044622,0.3406048587010411,0.15964303420922163,0.31284085275161133,0.13882002974714924,0.20699058006941,0.34729796727813583,0.12047595438770452,0.05676747645017353,0.058750619732275654,0.06544372830937036,0.05800694100148736,0.12270699058006941,0.3247397124442241,0.25483391175012393,0.04933068914229053,0.3378780366881507,0.0532969757064948,0.26846802181457613
PLAYGROUND_BANDIT,0.14823996033713435,0.12741695587506197,0.06296479920674268,0.16212196331184928,0.10485870104115022,0.10981655924640556,0.18294496777392166,0.09816559246405553,0.07882994546355974,0.08155676747645017,0.08601883986117997,0.19410014873574616,0.20079325731284084,1.0,0.06370847793753098,0.36365889935547846,0.14179474467030243,0.2989588497768964,0.349281110560238,0.20748636588993555,0.16360932077342588,0.2226078334159643,0.1308874566187407,0.17873078829945463,0.19583539910758552,0.12692117005453643,0.08006941001487357,0.07808626673277144,0.08527516113039167,0.0842835894893406,0.13212692117005453,0.19261279127416955,0.19286068418443233,0.07535944471988101,0.20823004462072384,0.08006941001487357,0.16088249876053545
PLAYGROUND_GRAPH_DENSITY,0.057263262270699056,0.09147248388696083,0.6735250371839365,0.07188894397620228,0.06593951412989589,0.06618740704015866,0.09395141298958849,0.11700545364402579,0.049826474962816066,0.05280118988596926,0.05081804660386713,0.07907783837382251,0.07139315815567675,0.06370847793753098,1.0,0.06346058502726822,0.06048587010411502,0.05627169062964799,0.053792761527020325,0.07535944471988101,0.0887456618740704,0.07957362419434805,0.10758552305404065,0.07858205255329698,0.07188894397620228,0.08824987605354487,0.05404065443728309,0.04858701041150223,0.04709965294992563,0.04610808130887457,0.0880019831432821,0.08552305404065444,0.07436787307882994,0.048834903321764996,0.07932573128408528,0.04933068914229053,0.07783837382250867
PLAYGROUND_INFORMATIVE_DIVERSE,0.13857213683688646,0.1331184928111056,0.05577590480912246,0.161378284581061,0.09072880515617253,0.0880019831432821,0.15716410510659395,0.09791769955379276,0.07511155180961825,0.07213683688646505,0.08304412493802678,0.2151710461080813,0.19261279127416955,0.36365889935547846,0.06346058502726822,1.0,0.14328210213187903,0.27912741695587506,0.32498760535448684,0.19930589985126426,0.16038671294000992,0.20475954387704512,0.12667327714427368,0.1812097174020823,0.19261279127416955,0.11874070401586515,0.06891422905304909,0.07486365889935548,0.07461576598909271,0.06965790778383739,0.11750123946455131,0.21641051065939515,0.18096182449181952,0.07188894397620228,0.20079325731284084,0.07312840852751612,0.16088249876053545
PLAYGROUND_KCENTER_GREEDY,0.6460089241447695,0.09221616261774913,0.06569162121963312,0.1849281110560238,0.06916212196331185,0.06544372830937036,0.1576598909271195,0.12047595438770452,0.05156172533465543,0.04685176003966286,0.05007436787307883,0.20327218641546851,0.19905800694100148,0.14179474467030243,0.06048587010411502,0.14328210213187903,1.0,0.08006941001487357,0.1576598909271195,0.20302429350520576,0.10014873574615767,0.19955379276152702,0.09221616261774913,0.14080317302925136,0.20823004462072384,0.08552305404065444,0.051065939514129896,0.05280118988596926,0.047595438770451165,0.0495785820525533,0.12097174020823004,0.20277640059494298,0.2543381259295984,0.04709965294992563,0.1968269707486366,0.0436291522062469,0.18616757560733763
PLAYGROUND_MARGIN,0.07858205255329698,0.13361427863163114,0.05999008428358949,0.07957362419434805,0.14526524541398117,0.18145761031234506,0.12667327714427368,0.0880019831432821,0.08230044620723848,0.08973723351512147,0.09742191373326722,0.08824987605354487,0.08701041150223103,0.2989588497768964,0.05627169062964799,0.27912741695587506,0.08006941001487357,1.0,0.4053049082796232,0.0872583044124938,0.14402578086266732,0.10089241447694595,0.12320277640059495,0.13882002974714924,0.08205255329697571,0.12890431333663857,0.0872583044124938,0.09221616261774913,0.08924144769459594,0.13782845810609817,0.12692117005453643,0.08601883986117997,0.09667823500247893,0.11650966782350025,0.09295984134853744,0.11477441745166088,0.07263262270699058
PLAYGROUND_MIXTURE,0.15840356965790778,0.07783837382250867,0.05577590480912246,0.19856222112047595,0.08775409023301933,0.10436291522062469,0.1479920674268716,0.07585523054040655,0.059494298463063956,0.05701536936043629,0.057263262270699056,0.22905304908279622,0.21740208230044622,0.349281110560238,0.053792761527020325,0.32498760535448684,0.1576598909271195,0.4053049082796232,1.0,0.22508676251859197,0.11650966782350025,0.21715418939018344,0.09345562716906297,0.1588993554784333,0.2226078334159643,0.0924640555280119,0.052553296975706494,0.056023797719385225,0.061973227565691624,0.08924144769459594,0.09072880515617253,0.20823004462072384,0.17649975210708974,0.06990580069410014,0.23029251363411007,0.06544372830937036,0.2035200793257313
PLAYGROUND_UNIFORM,0.1960832920178483,0.11229548834903322,0.07213683688646505,0.2778879524045612,0.06941001487357462,0.07362419434804164,0.20228061477441744,0.11923648983639068,0.06470004957858205,0.054784333168071395,0.058254833911750126,0.35324739712444225,0.3406048587010411,0.20748636588993555,0.07535944471988101,0.19930589985126426,0.20302429350520576,0.0872583044124938,0.22508676251859197,1.0,0.14898363906792267,0.31036192364898363,0.14452156668319285,0.21641051065939515,0.3527516113039167,0.11824491819533961,0.0518096182449182,0.05528011898859692,0.053544868616757564,0.05428854734754586,0.13138324243926625,0.3140803173029251,0.26053544868616757,0.048834903321764996,0.34878532473971247,0.0518096182449182,0.26871591472483886
SKACTIVEML_COST_EMBEDDING,0.10312345066931086,0.1980664352999504,0.09395141298958849,0.0999008428358949,0.12072384729796728,0.13039167079821518,0.17625185919682698,0.14700049578582053,0.0872583044124938,0.08973723351512147,0.09766980664352999,0.15666831928606842,0.15964303420922163,0.16360932077342588,0.0887456618740704,0.16038671294000992,0.10014873574615767,0.14402578086266732,0.11650966782350025,0.14898363906792267,1.0,0.1700545364402578,0.19137332672285573,0.18220128904313337,0.14749628160634606,0.22756569162121965,0.09667823500247893,0.0857709469509172,0.0961824491819534,0.0872583044124938,0.18815071888943977,0.13237481408031732,0.15567674764501735,0.08552305404065444,0.16013882002974714,0.08279623202776401,0.10089241447694595
SKACTIVEML_DAL,0.18815071888943977,0.11774913237481408,0.07486365889935548,0.24343083787803668,0.07783837382250867,0.08403569657907783,0.1998016856717898,0.13857213683688646,0.061973227565691624,0.062221120475954385,0.062221120475954385,0.30937035200793256,0.31284085275161133,0.2226078334159643,0.07957362419434805,0.20475954387704512,0.19955379276152702,0.10089241447694595,0.21715418939018344,0.31036192364898363,0.1700545364402578,1.0,0.15617253346554288,0.23103619236489836,0.3158155676747645,0.13336638572136836,0.05676747645017353,0.06172533465542886,0.061973227565691624,0.06569162121963312,0.1383242439266237,0.2892910262766485,0.24343083787803668,0.05701536936043629,0.3068914229053049,0.06147744174516609,0.23128408527516114
SKACTIVEML_DWUS,0.09395141298958849,0.19856222112047595,0.11130391670798215,0.09791769955379276,0.12617749132374814,0.13039167079821518,0.21913733267228558,0.13262270699058007,0.08924144769459594,0.0894893406048587,0.09643034209221617,0.1494794248884482,0.13882002974714924,0.1308874566187407,0.10758552305404065,0.12667327714427368,0.09221616261774913,0.12320277640059495,0.09345562716906297,0.14452156668319285,0.19137332672285573,0.15617253346554288,1.0,0.18319286068418444,0.15071888943976203,0.16906296479920674,0.08824987605354487,0.10064452156668319,0.09643034209221617,0.0894893406048587,0.15468517600396628,0.16063460585027267,0.15245413981160139,0.0894893406048587,0.1499752107089737,0.0857709469509172,0.09940505701536936
SKACTIVEML_QBC,0.1353495290034705,0.14476945959345563,0.08081308874566187,0.15294992563212692,0.09196826970748637,0.09370352007932573,0.214427367377293,0.12890431333663857,0.06990580069410014,0.06916212196331185,0.07535944471988101,0.20475954387704512,0.20699058006941,0.17873078829945463,0.07858205255329698,0.1812097174020823,0.14080317302925136,0.13882002974714924,0.1588993554784333,0.21641051065939515,0.18220128904313337,0.23103619236489836,0.18319286068418444,1.0,0.20699058006941,0.16683192860684184,0.06767476450173525,0.07064947942488845,0.07436787307882994,0.06965790778383739,0.1737729300941993,0.20500743678730787,0.19360436291522062,0.07139315815567675,0.21244422409519087,0.07064947942488845,0.16831928606841845
SKACTIVEML_QBC_VOTE_ENTROPY,0.20228061477441744,0.11229548834903322,0.07833415964303421,0.285572632622707,0.06990580069410014,0.06990580069410014,0.19558750619732276,0.12369856222112048,0.059742191373326724,0.05676747645017353,0.05899851264253842,0.3505205751115518,0.34729796727813583,0.19583539910758552,0.07188894397620228,0.19261279127416955,0.20823004462072384,0.08205255329697571,0.2226078334159643,0.3527516113039167,0.14749628160634606,0.3158155676747645,0.15071888943976203,0.20699058006941,1.0,0.12245909766980664,0.05528011898859692,0.059494298463063956,0.05999008428358949,0.053792761527020325,0.12592959841348536,0.3177987109568666,0.27268220128904314,0.047595438770451165,0.3433316807139316,0.053792761527020325,0.27169062964799207
SKACTIVEML_QUIRE,0.08403569657907783,0.19360436291522062,0.08750619732275657,0.07659890927119484,0.11973227565691621,0.11080813088745661,0.15319781854238967,0.19757064947942488,0.0835399107585523,0.08453148239960337,0.07957362419434805,0.11576598909271195,0.12047595438770452,0.12692117005453643,0.08824987605354487,0.11874070401586515,0.08552305404065444,0.12890431333663857,0.0924640555280119,0.11824491819533961,0.22756569162121965,0.13336638572136836,0.16906296479920674,0.16683192860684184,0.12245909766980664,1.0,0.08477937530986614,0.08329201784828955,0.0805651958353991,0.07783837382250867,0.20277640059494298,0.10312345066931086,0.1427863163113535,0.07957362419434805,0.1346058502726822,0.08180466038671294,0.07337630143777887
SKACTIVEML_US_ENTROPY,0.05081804660386713,0.1368368864650471,0.04784333168071393,0.04338125929598413,0.14749628160634606,0.12295488349033218,0.08701041150223103,0.06941001487357462,0.14005949429846307,0.13882002974714924,0.12196331184928111,0.057263262270699056,0.05676747645017353,0.08006941001487357,0.05404065443728309,0.06891422905304909,0.051065939514129896,0.0872583044124938,0.052553296975706494,0.0518096182449182,0.09667823500247893,0.05676747645017353,0.08824987605354487,0.06767476450173525,0.05528011898859692,0.08477937530986614,1.0,0.5431333663857214,0.5399107585523054,0.11427863163113534,0.08279623202776401,0.045364402578086264,0.06569162121963312,0.12692117005453643,0.059742191373326724,0.1338621715418939,0.04610808130887457
SKACTIVEML_US_LC,0.05057015369360436,0.13262270699058007,0.051313832424392664,0.0451165096678235,0.14724838869608328,0.13411006445215667,0.08180466038671294,0.07808626673277144,0.12840852751611304,0.14229053049082796,0.1271690629647992,0.06246901338621715,0.058750619732275654,0.07808626673277144,0.04858701041150223,0.07486365889935548,0.05280118988596926,0.09221616261774913,0.056023797719385225,0.05528011898859692,0.0857709469509172,0.06172533465542886,0.10064452156668319,0.07064947942488845,0.059494298463063956,0.08329201784828955,0.5431333663857214,1.0,0.5376797223599405,0.11874070401586515,0.09271194843827467,0.05156172533465543,0.07139315815567675,0.13113534952900346,0.06122954883490332,0.13336638572136836,0.0443728309370352
SKACTIVEML_US_MARGIN,0.05205751115518096,0.12469013386217154,0.04685176003966286,0.0458601883986118,0.12840852751611304,0.14675260287555775,0.0857709469509172,0.06841844323252355,0.11452652454139811,0.13237481408031732,0.14700049578582053,0.058750619732275654,0.06544372830937036,0.08527516113039167,0.04709965294992563,0.07461576598909271,0.047595438770451165,0.08924144769459594,0.061973227565691624,0.053544868616757564,0.0961824491819534,0.061973227565691624,0.09643034209221617,0.07436787307882994,0.05999008428358949,0.0805651958353991,0.5399107585523054,0.5376797223599405,1.0,0.1308874566187407,0.08304412493802678,0.06023797719385226,0.07114526524541398,0.11576598909271195,0.06023797719385226,0.12444224095190877,0.045364402578086264
SMALLTEXT_BREAKINGTIES,0.05304908279623203,0.11378284581060982,0.048834903321764996,0.04685176003966286,0.1626177491323748,0.21715418939018344,0.07263262270699058,0.07188894397620228,0.10956866633614279,0.13063956370847793,0.14377788795240456,0.0532969757064948,0.05800694100148736,0.0842835894893406,0.04610808130887457,0.06965790778383739,0.0495785820525533,0.13782845810609817,0.08924144769459594,0.05428854734754586,0.0872583044124938,0.06569162121963312,0.0894893406048587,0.06965790778383739,0.053792761527020325,0.07783837382250867,0.11427863163113534,0.11874070401586515,0.1308874566187407,1.0,0.07610312345066932,0.05503222607833416,0.06494794248884482,0.540406544372831,0.05627169062964799,0.5277640059494298,0.0458601883986118
SMALLTEXT_CONTRASTIVEAL,0.11998016856717898,0.18889439762022806,0.08973723351512147,0.08924144769459594,0.09940505701536936,0.1065939514129896,0.1685671789786812,0.2092216162617749,0.0909766980664353,0.08230044620723848,0.07709469509172037,0.124194348041646,0.12270699058006941,0.13212692117005453,0.0880019831432821,0.11750123946455131,0.12097174020823004,0.12692117005453643,0.09072880515617253,0.13138324243926625,0.18815071888943977,0.1383242439266237,0.15468517600396628,0.1737729300941993,0.12592959841348536,0.20277640059494298,0.08279623202776401,0.09271194843827467,0.08304412493802678,0.07610312345066932,1.0,0.13584531482399603,0.17873078829945463,0.08006941001487357,0.12667327714427368,0.0842835894893406,0.08973723351512147
SMALLTEXT_EMBEDDINGKMEANS,0.20252850768468023,0.10560237977193852,0.07635101636093208,0.25111551809618243,0.06742687159147248,0.06618740704015866,0.24764501735250372,0.12592959841348536,0.05552801189885969,0.056023797719385225,0.06023797719385226,0.31928606841844326,0.3247397124442241,0.19261279127416955,0.08552305404065444,0.21641051065939515,0.20277640059494298,0.08601883986117997,0.20823004462072384,0.3140803173029251,0.13237481408031732,0.2892910262766485,0.16063460585027267,0.20500743678730787,0.3177987109568666,0.10312345066931086,0.045364402578086264,0.05156172533465543,0.06023797719385226,0.05503222607833416,0.13584531482399603,1.0,0.2508676251859197,0.05057015369360436,0.2999504214179474,0.05057015369360436,0.2530986613782846
SMALLTEXT_GREEDYCORESET,0.2543381259295984,0.14179474467030243,0.06866633614278632,0.2017848289538919,0.07957362419434805,0.08750619732275657,0.2263262270699058,0.1308874566187407,0.07734258800198314,0.07461576598909271,0.07238472979672782,0.26425384234010907,0.25483391175012393,0.19286068418443233,0.07436787307882994,0.18096182449181952,0.2543381259295984,0.09667823500247893,0.17649975210708974,0.26053544868616757,0.15567674764501735,0.24343083787803668,0.15245413981160139,0.19360436291522062,0.27268220128904314,0.1427863163113535,0.06569162121963312,0.07139315815567675,0.07114526524541398,0.06494794248884482,0.17873078829945463,0.2508676251859197,1.0,0.06271690629647993,0.26747645017352506,0.06866633614278632,0.19335647000495787
SMALLTEXT_LEASTCONFIDENCE,0.04685176003966286,0.12221120475954388,0.0518096182449182,0.04238968765493307,0.21492315319781854,0.1648487853247397,0.0805651958353991,0.06693108577094695,0.13187902825979178,0.13857213683688646,0.12369856222112048,0.05528011898859692,0.04933068914229053,0.07535944471988101,0.048834903321764996,0.07188894397620228,0.04709965294992563,0.11650966782350025,0.06990580069410014,0.048834903321764996,0.08552305404065444,0.05701536936043629,0.0894893406048587,0.07139315815567675,0.047595438770451165,0.07957362419434805,0.12692117005453643,0.13113534952900346,0.11576598909271195,0.540406544372831,0.08006941001487357,0.05057015369360436,0.06271690629647993,1.0,0.05651958353991076,0.5575111551809618,0.04561229548834903
SMALLTEXT_LIGHTWEIGHTCORESET,0.1908775409023302,0.124194348041646,0.07957362419434805,0.26871591472483886,0.07783837382250867,0.08006941001487357,0.19930589985126426,0.124194348041646,0.06742687159147248,0.06395637084779375,0.07015369360436291,0.33862171541893904,0.3378780366881507,0.20823004462072384,0.07932573128408528,0.20079325731284084,0.1968269707486366,0.09295984134853744,0.23029251363411007,0.34878532473971247,0.16013882002974714,0.3068914229053049,0.1499752107089737,0.21244422409519087,0.3433316807139316,0.1346058502726822,0.059742191373326724,0.06122954883490332,0.06023797719385226,0.05627169062964799,0.12667327714427368,0.2999504214179474,0.26747645017352506,0.05651958353991076,1.0,0.05800694100148736,0.26375805651958356
SMALLTEXT_PREDICTIONENTROPY,0.04561229548834903,0.13510163609320774,0.041398116013882005,0.04238968765493307,0.17773921665840356,0.161378284581061,0.0857709469509172,0.07734258800198314,0.14030738720872582,0.13361427863163114,0.12741695587506197,0.05404065443728309,0.0532969757064948,0.08006941001487357,0.04933068914229053,0.07312840852751612,0.0436291522062469,0.11477441745166088,0.06544372830937036,0.0518096182449182,0.08279623202776401,0.06147744174516609,0.0857709469509172,0.07064947942488845,0.053792761527020325,0.08180466038671294,0.1338621715418939,0.13336638572136836,0.12444224095190877,0.5277640059494298,0.0842835894893406,0.05057015369360436,0.06866633614278632,0.5575111551809618,0.05800694100148736,1.0,0.0443728309370352
SMALLTEXT_RANDOM,0.1834407535944472,0.06866633614278632,0.07362419434804164,0.6494794248884482,0.059494298463063956,0.05899851264253842,0.1591472483886961,0.06941001487357462,0.053792761527020325,0.04908279623202776,0.04833911750123947,0.27317798710956864,0.26846802181457613,0.16088249876053545,0.07783837382250867,0.16088249876053545,0.18616757560733763,0.07263262270699058,0.2035200793257313,0.26871591472483886,0.10089241447694595,0.23128408527516114,0.09940505701536936,0.16831928606841845,0.27169062964799207,0.07337630143777887,0.04610808130887457,0.0443728309370352,0.045364402578086264,0.0458601883986118,0.08973723351512147,0.2530986613782846,0.19335647000495787,0.04561229548834903,0.26375805651958356,0.0443728309370352,1.0
