,ALIPY_CORESET_GREEDY,ALIPY_DENSITY_WEIGHTED,ALIPY_GRAPH_DENSITY,ALIPY_RANDOM,ALIPY_UNCERTAINTY_LC,ALIPY_UNCERTAINTY_MM,LIBACT_DWUS,LIBACT_QUIRE,LIBACT_UNCERTAINTY_ENT,LIBACT_UNCERTAINTY_LC,LIBACT_UNCERTAINTY_SM,OPTIMAL_GREEDY_10,OPTIMAL_GREEDY_20,PLAYGROUND_BANDIT,PLAYGROUND_GRAPH_DENSITY,PLAYGROUND_INFORMATIVE_DIVERSE,PLAYGROUND_KCENTER_GREEDY,PLAYGROUND_MARGIN,PLAYGROUND_MIXTURE,PLAYGROUND_UNIFORM,SKACTIVEML_COST_EMBEDDING,SKACTIVEML_DAL,SKACTIVEML_DWUS,SKACTIVEML_QBC,SKACTIVEML_QBC_VOTE_ENTROPY,SKACTIVEML_QUIRE,SKACTIVEML_US_ENTROPY,SKACTIVEML_US_LC,SKACTIVEML_US_MARGIN,SMALLTEXT_BREAKINGTIES,SMALLTEXT_CONTRASTIVEAL,SMALLTEXT_EMBEDDINGKMEANS,SMALLTEXT_GREEDYCORESET,SMALLTEXT_LEASTCONFIDENCE,SMALLTEXT_LIGHTWEIGHTCORESET,SMALLTEXT_PREDICTIONENTROPY,SMALLTEXT_RANDOM
ALIPY_CORESET_GREEDY,1.0,0.12617749132374814,0.05230540406544373,0.14972731779871096,0.05205751115518096,0.05404065443728309,0.0466038671294001,0.15642042637580567,0.053544868616757564,0.048834903321764996,0.053544868616757564,0.1707982151710461,0.16013882002974714,0.10188398611799702,0.05230540406544373,0.11080813088745661,0.7126921170054537,0.056023797719385225,0.12915220624690135,0.16534457114526524,0.06122954883490332,0.1626177491323748,0.057263262270699056,0.11403073872087258,0.16807139315815567,0.06593951412989589,0.048834903321764996,0.050322260783341594,0.05156172533465543,0.05156172533465543,0.10089241447694595,0.16360932077342588,0.43877045116509666,0.04908279623202776,0.19335647000495787,0.05007436787307883,0.14972731779871096
ALIPY_DENSITY_WEIGHTED,0.12617749132374814,1.0,0.07064947942488845,0.05676747645017353,0.1294000991571641,0.1294000991571641,0.06891422905304909,0.24293505205751115,0.11105602379771938,0.11328705999008429,0.11155180961824492,0.059494298463063956,0.06122954883490332,0.08998512642538424,0.07064947942488845,0.08230044620723848,0.12617749132374814,0.12865642042637582,0.07659890927119484,0.05924640555280119,0.12022806147744175,0.06941001487357462,0.11105602379771938,0.07833415964303421,0.06023797719385226,0.1487357461576599,0.11353495290034706,0.11130391670798215,0.10485870104115022,0.10585027268220129,0.14923153197818542,0.07238472979672782,0.13336638572136836,0.1065939514129896,0.08180466038671294,0.10932077342588002,0.05676747645017353
ALIPY_GRAPH_DENSITY,0.05230540406544373,0.07064947942488845,1.0,0.04833911750123947,0.0532969757064948,0.05627169062964799,0.044868616757560736,0.10981655924640556,0.050322260783341594,0.05081804660386713,0.05577590480912246,0.0473475458601884,0.05057015369360436,0.05552801189885969,0.7126921170054537,0.05428854734754586,0.05230540406544373,0.05651958353991076,0.05651958353991076,0.0480912245909767,0.059494298463063956,0.049826474962816066,0.05627169062964799,0.05627169062964799,0.04610808130887457,0.06470004957858205,0.05007436787307883,0.051313832424392664,0.05453644025780863,0.05156172533465543,0.06296479920674268,0.05627169062964799,0.04610808130887457,0.0495785820525533,0.05775904809122459,0.05057015369360436,0.04833911750123947
ALIPY_RANDOM,0.14972731779871096,0.05676747645017353,0.04833911750123947,1.0,0.05800694100148736,0.059742191373326724,0.05453644025780863,0.07759048091224591,0.056023797719385225,0.053544868616757564,0.057263262270699056,0.35299950421417947,0.35101636093207733,0.16584035696579078,0.04833911750123947,0.16212196331184928,0.14972731779871096,0.07511155180961825,0.22211204759543876,0.3587010411502231,0.10163609320773426,0.2783837382250868,0.07312840852751612,0.21368368864650472,0.3589489340604859,0.07188894397620228,0.050322260783341594,0.0518096182449182,0.0532969757064948,0.05503222607833416,0.09048091224590976,0.1760039662865642,0.13510163609320774,0.052553296975706494,0.16906296479920674,0.051065939514129896,0.7126921170054537
ALIPY_UNCERTAINTY_LC,0.05205751115518096,0.1294000991571641,0.0532969757064948,0.05800694100148736,1.0,0.8403569657907783,0.3668815071888944,0.3579573624194348,0.4866137828458106,0.5029747149231532,0.4690133862171542,0.35027268220128904,0.35076846802181455,0.40852751611303917,0.3406048587010411,0.4152206246901339,0.33936539414972733,0.5493306891422906,0.3854734754586019,0.3515121467526029,0.4186911254338126,0.36043629152206247,0.3998512642538423,0.38423401090728804,0.35324739712444225,0.40109072880515617,0.5004957858205256,0.5176003966286564,0.4784333168071393,0.5218145761031234,0.4000991571641051,0.3477937530986614,0.3358948934060486,0.5875061973227566,0.35374318294496776,0.5535448686167576,0.3453148239960337
ALIPY_UNCERTAINTY_MM,0.05404065443728309,0.1294000991571641,0.05627169062964799,0.059742191373326724,0.8403569657907783,1.0,0.3668815071888944,0.3512642538423401,0.45066931085770945,0.4625681705503223,0.504214179474467,0.35299950421417947,0.3517600396628656,0.41745166088249874,0.34357957362419433,0.42736737729300944,0.34134853743182947,0.5907288051561725,0.3956370847793753,0.3527516113039167,0.42414476945959345,0.3639067922657412,0.40183440753594446,0.3824987605354487,0.3542389687654933,0.39043133366385724,0.46777392166584036,0.4712444224095191,0.5166088249876054,0.5937035200793257,0.39687654933068917,0.3527516113039167,0.33886960832920177,0.5252850768468021,0.3549826474962816,0.5133862171541894,0.34705007436787305
LIBACT_DWUS,0.0466038671294001,0.06891422905304909,0.044868616757560736,0.05453644025780863,0.3668815071888944,0.3668815071888944,1.0,0.3579573624194348,0.35746157659890926,0.35473475458601883,0.3557263262270699,0.3411006445215667,0.34506693108577097,0.3696083292017848,0.3321764997521071,0.37208725830441247,0.33391175012394647,0.3973723351512147,0.35671789786812097,0.3482895389191869,0.39514129895884975,0.3485374318294497,0.5171046108081309,0.38720872583044125,0.3455627169062965,0.42117005453644024,0.35324739712444225,0.3549826474962816,0.3527516113039167,0.35324739712444225,0.39910758552305403,0.3772930094199306,0.33143282102131877,0.3554784333168071,0.3371343579573624,0.35696579077838375,0.341844323252355
LIBACT_QUIRE,0.15642042637580567,0.24293505205751115,0.10981655924640556,0.07759048091224591,0.3579573624194348,0.3512642538423401,0.3579573624194348,1.0,0.3557263262270699,0.35250371839365396,0.34729796727813583,0.36564204263758054,0.36415468517600397,0.34952900347050075,0.3971244422409519,0.3475458601883986,0.443728309370352,0.35076846802181455,0.35324739712444225,0.3634110064452157,0.3621715418939018,0.3743182944967774,0.3676251859196827,0.3559742191373327,0.3646504709965295,0.46033713435795737,0.3564700049578582,0.3557263262270699,0.3490332176499752,0.34630639563708476,0.4821517104610808,0.35820525532969755,0.4452156668319286,0.35027268220128904,0.4015865146256817,0.35374318294496776,0.36489836390679226
LIBACT_UNCERTAINTY_ENT,0.053544868616757564,0.11105602379771938,0.050322260783341594,0.056023797719385225,0.4866137828458106,0.45066931085770945,0.35746157659890926,0.3557263262270699,1.0,0.8658899355478433,0.8259791769955379,0.34977689638076354,0.3505205751115518,0.3844819038175508,0.33763014377788797,0.38299454635597424,0.3408527516113039,0.4189390183440754,0.3646504709965295,0.3520079325731284,0.38745661874070403,0.35324739712444225,0.37555775904809124,0.36043629152206247,0.3512642538423401,0.3839861179970253,0.49305899851264257,0.47595438770451165,0.440505701536936,0.4514129895884978,0.3921665840356966,0.3443232523549826,0.3415964303420922,0.48339117501239465,0.3468021814576103,0.5054536440257809,0.3433316807139316
LIBACT_UNCERTAINTY_LC,0.048834903321764996,0.11328705999008429,0.05081804660386713,0.053544868616757564,0.5029747149231532,0.4625681705503223,0.35473475458601883,0.35250371839365396,0.8658899355478433,1.0,0.8475458601883986,0.3430837878036688,0.34357957362419433,0.38051561725334654,0.3381259295984135,0.38274665344571146,0.33614278631631134,0.4295984134853743,0.36440257808626675,0.3448190381755082,0.3926623698562221,0.34581060981655926,0.3787803668815072,0.35994050570153696,0.34506693108577097,0.3785324739712444,0.4811601388200297,0.4970252850768468,0.4563708477937531,0.46479920674268715,0.3787803668815072,0.3438274665344571,0.3336638572136837,0.5071888943976203,0.3440753594447199,0.4933068914229053,0.3408527516113039
LIBACT_UNCERTAINTY_SM,0.053544868616757564,0.11155180961824492,0.05577590480912246,0.057263262270699056,0.4690133862171542,0.504214179474467,0.3557263262270699,0.34729796727813583,0.8259791769955379,0.8475458601883986,1.0,0.349281110560238,0.35101636093207733,0.394893406048587,0.3430837878036688,0.3998512642538423,0.3408527516113039,0.4467030242935052,0.3770451165096678,0.349281110560238,0.39762022806147745,0.3552305404065444,0.37530986613782846,0.36365889935547846,0.3490332176499752,0.36861675756073375,0.447942488844819,0.4590976698066435,0.49727317798710957,0.49801685671789786,0.3765493306891423,0.35027268220128904,0.3368864650470996,0.4712444224095191,0.34729796727813583,0.466038671294001,0.3445711452652454
OPTIMAL_GREEDY_10,0.1707982151710461,0.059494298463063956,0.0473475458601884,0.35299950421417947,0.35027268220128904,0.35299950421417947,0.3411006445215667,0.36564204263758054,0.34977689638076354,0.3430837878036688,0.349281110560238,1.0,0.7015369360436291,0.49157164105106593,0.33465542885473476,0.4771938522558255,0.45810609816559245,0.37555775904809124,0.5498264749628161,0.7032721864154685,0.41398116013882,0.6177491323748141,0.36812097174020825,0.541398116013882,0.7035200793257312,0.3658899355478433,0.34357957362419433,0.3433316807139316,0.3455627169062965,0.34630639563708476,0.39067922657411996,0.46777392166584036,0.4365394149727318,0.3445711452652454,0.46628656420426373,0.3443232523549826,0.6403073872087258
OPTIMAL_GREEDY_20,0.16013882002974714,0.06122954883490332,0.05057015369360436,0.35101636093207733,0.35076846802181455,0.3517600396628656,0.34506693108577097,0.36415468517600397,0.3505205751115518,0.34357957362419433,0.35101636093207733,0.7015369360436291,1.0,0.4928111056023798,0.3378780366881507,0.48314328210213187,0.4474467030242935,0.3733267228557263,0.552057511155181,0.6980664352999504,0.4115022310361924,0.6135349529003471,0.3701041150223104,0.5384234010907288,0.6945959345562717,0.3663857213683689,0.3477937530986614,0.3468021814576103,0.34878532473971247,0.34729796727813583,0.39142290530490825,0.47892910262766486,0.4343083787803669,0.3433316807139316,0.47198810114030737,0.3445711452652454,0.6383242439266237
PLAYGROUND_BANDIT,0.10188398611799702,0.08998512642538424,0.05552801189885969,0.16584035696579078,0.40852751611303917,0.41745166088249874,0.3696083292017848,0.34952900347050075,0.3844819038175508,0.38051561725334654,0.394893406048587,0.49157164105106593,0.4928111056023798,1.0,0.34283589489340605,0.5904809122459098,0.3891918691125434,0.5577590480912246,0.6398116013882003,0.5007436787307883,0.492563212692117,0.5121467526028756,0.3926623698562221,0.46826970748636587,0.4873574615765989,0.39786812097174024,0.3740704015865146,0.37605354486861675,0.38671294000991574,0.3859692612791274,0.41323748140803174,0.4090233019335647,0.37208725830441247,0.3748140803173029,0.4117501239464551,0.37233515121467525,0.45314823996033715
PLAYGROUND_GRAPH_DENSITY,0.05230540406544373,0.07064947942488845,0.7126921170054537,0.04833911750123947,0.3406048587010411,0.34357957362419433,0.3321764997521071,0.3971244422409519,0.33763014377788797,0.3381259295984135,0.3430837878036688,0.33465542885473476,0.3378780366881507,0.34283589489340605,1.0,0.3415964303420922,0.3396132870599901,0.3438274665344571,0.3438274665344571,0.33539910758552305,0.3468021814576103,0.3371343579573624,0.34357957362419433,0.34357957362419433,0.3334159643034209,0.3520079325731284,0.3373822508676252,0.33862171541893904,0.341844323252355,0.33886960832920177,0.35027268220128904,0.34357957362419433,0.3334159643034209,0.3368864650470996,0.34506693108577097,0.3378780366881507,0.33564700049578583
PLAYGROUND_INFORMATIVE_DIVERSE,0.11080813088745661,0.08230044620723848,0.05428854734754586,0.16212196331184928,0.4152206246901339,0.42736737729300944,0.37208725830441247,0.3475458601883986,0.38299454635597424,0.38274665344571146,0.3998512642538423,0.4771938522558255,0.48314328210213187,0.5904809122459098,0.3415964303420922,1.0,0.39811601388200296,0.5203272186415469,0.5862667327714427,0.4769459593455627,0.4620723847297967,0.495785820525533,0.38001983143282103,0.466038671294001,0.47645017352503716,0.3770451165096678,0.37902825979176996,0.38349033217649975,0.3961328705999008,0.39811601388200296,0.39786812097174024,0.43207734258800196,0.3849776896380763,0.3817550818046604,0.433068914229053,0.38051561725334654,0.44942984630639565
PLAYGROUND_KCENTER_GREEDY,0.7126921170054537,0.12617749132374814,0.05230540406544373,0.14972731779871096,0.33936539414972733,0.34134853743182947,0.33391175012394647,0.443728309370352,0.3408527516113039,0.33614278631631134,0.3408527516113039,0.45810609816559245,0.4474467030242935,0.3891918691125434,0.3396132870599901,0.39811601388200296,1.0,0.3433316807139316,0.4164600892414477,0.4526524541398116,0.3485374318294497,0.44992563212692116,0.3445711452652454,0.40133862171541895,0.455379276152702,0.35324739712444225,0.33614278631631134,0.33763014377788797,0.33886960832920177,0.33886960832920177,0.3882002974714923,0.45091720376797223,0.7260783341596431,0.3363906792265741,0.4806643529995042,0.3373822508676252,0.4370352007932573
PLAYGROUND_MARGIN,0.056023797719385225,0.12865642042637582,0.05651958353991076,0.07511155180961825,0.5493306891422906,0.5907288051561725,0.3973723351512147,0.35076846802181455,0.4189390183440754,0.4295984134853743,0.4467030242935052,0.37555775904809124,0.3733267228557263,0.5577590480912246,0.3438274665344571,0.5203272186415469,0.3433316807139316,1.0,0.4620723847297967,0.37258304412493803,0.49058006941001486,0.39018344075359446,0.4253842340109073,0.4181953396132871,0.3735746157659891,0.41745166088249874,0.43108577094695094,0.4392662369856222,0.45314823996033715,0.5280118988596926,0.4224095190877541,0.36812097174020825,0.33886960832920177,0.4816559246405553,0.3646504709965295,0.4747149231531978,0.3624194348041646
PLAYGROUND_MIXTURE,0.12915220624690135,0.07659890927119484,0.05651958353991076,0.22211204759543876,0.3854734754586019,0.3956370847793753,0.35671789786812097,0.35324739712444225,0.3646504709965295,0.36440257808626675,0.3770451165096678,0.5498264749628161,0.552057511155181,0.6398116013882003,0.3438274665344571,0.5862667327714427,0.4164600892414477,0.4620723847297967,1.0,0.5607337630143778,0.46777392166584036,0.5470996529499257,0.3745661874070402,0.4866137828458106,0.5508180466038671,0.3728309370352008,0.3676251859196827,0.36812097174020825,0.3777887952404561,0.37580565195835397,0.3919186911254338,0.43505205751115517,0.3963807635101636,0.36365889935547846,0.44695091720376795,0.36415468517600397,0.5094199305899851
PLAYGROUND_UNIFORM,0.16534457114526524,0.05924640555280119,0.0480912245909767,0.3587010411502231,0.3515121467526029,0.3527516113039167,0.3482895389191869,0.3634110064452157,0.3520079325731284,0.3448190381755082,0.349281110560238,0.7032721864154685,0.6980664352999504,0.5007436787307883,0.33539910758552305,0.4769459593455627,0.4526524541398116,0.37258304412493803,0.5607337630143778,1.0,0.40629647992067425,0.6140307387208725,0.3822508676251859,0.5356965790778384,0.6948438274665345,0.36787307882994547,0.34630639563708476,0.34605850272682204,0.34878532473971247,0.3477937530986614,0.3862171541893902,0.4771938522558255,0.4365394149727318,0.34729796727813583,0.4608329201784829,0.3475458601883986,0.6460089241447695
SKACTIVEML_COST_EMBEDDING,0.06122954883490332,0.12022806147744175,0.059494298463063956,0.10163609320773426,0.4186911254338126,0.42414476945959345,0.39514129895884975,0.3621715418939018,0.38745661874070403,0.3926623698562221,0.39762022806147745,0.41398116013882,0.4115022310361924,0.492563212692117,0.3468021814576103,0.4620723847297967,0.3485374318294497,0.49058006941001486,0.46777392166584036,0.40629647992067425,1.0,0.4189390183440754,0.4261279127416956,0.4372830937035201,0.4105106593951413,0.4489340604858701,0.38373822508676253,0.3882002974714923,0.39538919186911253,0.3926623698562221,0.44719881011403073,0.3802677243430838,0.34952900347050075,0.38324243926623697,0.39043133366385724,0.3886960832920178,0.3889439762022806
SKACTIVEML_DAL,0.1626177491323748,0.06941001487357462,0.049826474962816066,0.2783837382250868,0.36043629152206247,0.3639067922657412,0.3485374318294497,0.3743182944967774,0.35324739712444225,0.34581060981655926,0.3552305404065444,0.6177491323748141,0.6135349529003471,0.5121467526028756,0.3371343579573624,0.495785820525533,0.44992563212692116,0.39018344075359446,0.5470996529499257,0.6140307387208725,0.4189390183440754,1.0,0.37307882994546354,0.533961328705999,0.6155180961824492,0.3661378284581061,0.3468021814576103,0.34581060981655926,0.3480416460089241,0.35299950421417947,0.3986117997025285,0.46826970748636587,0.4410014873574616,0.349281110560238,0.4873574615765989,0.3468021814576103,0.5656916212196331
SKACTIVEML_DWUS,0.057263262270699056,0.11105602379771938,0.05627169062964799,0.07312840852751612,0.3998512642538423,0.40183440753594446,0.5171046108081309,0.3676251859196827,0.37555775904809124,0.3787803668815072,0.37530986613782846,0.36812097174020825,0.3701041150223104,0.3926623698562221,0.34357957362419433,0.38001983143282103,0.3445711452652454,0.4253842340109073,0.3745661874070402,0.3822508676251859,0.4261279127416956,0.37307882994546354,1.0,0.4144769459593456,0.37605354486861675,0.42389687654933067,0.38299454635597424,0.3812592959841348,0.3782845810609817,0.3780366881507189,0.428854734754586,0.3666336142786316,0.3403569657907784,0.3782845810609817,0.33986117997025284,0.3750619732275657,0.36043629152206247
SKACTIVEML_QBC,0.11403073872087258,0.07833415964303421,0.05627169062964799,0.21368368864650472,0.38423401090728804,0.3824987605354487,0.38720872583044125,0.3559742191373327,0.36043629152206247,0.35994050570153696,0.36365889935547846,0.541398116013882,0.5384234010907288,0.46826970748636587,0.34357957362419433,0.466038671294001,0.40133862171541895,0.4181953396132871,0.4866137828458106,0.5356965790778384,0.4372830937035201,0.533961328705999,0.4144769459593456,1.0,0.5537927615270203,0.3807635101636093,0.36564204263758054,0.3639067922657412,0.3691125433812593,0.35845314823996033,0.4082796232027764,0.4343083787803669,0.38274665344571146,0.3616757560733763,0.4127416955875062,0.36068418443232525,0.500991571641051
SKACTIVEML_QBC_VOTE_ENTROPY,0.16807139315815567,0.06023797719385226,0.04610808130887457,0.3589489340604859,0.35324739712444225,0.3542389687654933,0.3455627169062965,0.3646504709965295,0.3512642538423401,0.34506693108577097,0.3490332176499752,0.7035200793257312,0.6945959345562717,0.4873574615765989,0.3334159643034209,0.47645017352503716,0.455379276152702,0.3735746157659891,0.5508180466038671,0.6948438274665345,0.4105106593951413,0.6155180961824492,0.37605354486861675,0.5537927615270203,1.0,0.36415468517600397,0.34705007436787305,0.3448190381755082,0.349281110560238,0.35027268220128904,0.3889439762022806,0.47992067426871593,0.43604362915220624,0.3445711452652454,0.4645513138324244,0.3468021814576103,0.6462568170550322
SKACTIVEML_QUIRE,0.06593951412989589,0.1487357461576599,0.06470004957858205,0.07188894397620228,0.40109072880515617,0.39043133366385724,0.42117005453644024,0.46033713435795737,0.3839861179970253,0.3785324739712444,0.36861675756073375,0.3658899355478433,0.3663857213683689,0.39786812097174024,0.3520079325731284,0.3770451165096678,0.35324739712444225,0.41745166088249874,0.3728309370352008,0.36787307882994547,0.4489340604858701,0.3661378284581061,0.42389687654933067,0.3807635101636093,0.36415468517600397,1.0,0.3775409023301934,0.3787803668815072,0.36564204263758054,0.37258304412493803,0.5173525037183937,0.3515121467526029,0.35299950421417947,0.38299454635597424,0.3708477937530987,0.3854734754586019,0.3591968269707486
SKACTIVEML_US_ENTROPY,0.048834903321764996,0.11353495290034706,0.05007436787307883,0.050322260783341594,0.5004957858205256,0.46777392166584036,0.35324739712444225,0.3564700049578582,0.49305899851264257,0.4811601388200297,0.447942488844819,0.34357957362419433,0.3477937530986614,0.3740704015865146,0.3373822508676252,0.37902825979176996,0.33614278631631134,0.43108577094695094,0.3676251859196827,0.34630639563708476,0.38373822508676253,0.3468021814576103,0.38299454635597424,0.36564204263758054,0.34705007436787305,0.3775409023301934,1.0,0.8792761527020327,0.8415964303420922,0.4343083787803669,0.3859692612791274,0.34283589489340605,0.33465542885473476,0.47000495785820523,0.3453148239960337,0.4940505701536936,0.33763014377788797
SKACTIVEML_US_LC,0.050322260783341594,0.11130391670798215,0.051313832424392664,0.0518096182449182,0.5176003966286564,0.4712444224095191,0.3549826474962816,0.3557263262270699,0.47595438770451165,0.4970252850768468,0.4590976698066435,0.3433316807139316,0.3468021814576103,0.37605354486861675,0.33862171541893904,0.38349033217649975,0.33763014377788797,0.4392662369856222,0.36812097174020825,0.34605850272682204,0.3882002974714923,0.34581060981655926,0.3812592959841348,0.3639067922657412,0.3448190381755082,0.3787803668815072,0.8792761527020327,1.0,0.8525037183936539,0.440505701536936,0.3854734754586019,0.34581060981655926,0.334407535944472,0.48289538919186914,0.3438274665344571,0.470252850768468,0.33911750123946455
SKACTIVEML_US_MARGIN,0.05156172533465543,0.10485870104115022,0.05453644025780863,0.0532969757064948,0.4784333168071393,0.5166088249876054,0.3527516113039167,0.3490332176499752,0.440505701536936,0.4563708477937531,0.49727317798710957,0.3455627169062965,0.34878532473971247,0.38671294000991574,0.341844323252355,0.3961328705999008,0.33886960832920177,0.45314823996033715,0.3777887952404561,0.34878532473971247,0.39538919186911253,0.3480416460089241,0.3782845810609817,0.3691125433812593,0.349281110560238,0.36564204263758054,0.8415964303420922,0.8525037183936539,1.0,0.48339117501239465,0.3775409023301934,0.35101636093207733,0.3366385721368369,0.4519087754090233,0.349281110560238,0.4442240951908775,0.3406048587010411
SMALLTEXT_BREAKINGTIES,0.05156172533465543,0.10585027268220129,0.05156172533465543,0.05503222607833416,0.5218145761031234,0.5937035200793257,0.35324739712444225,0.34630639563708476,0.4514129895884978,0.46479920674268715,0.49801685671789786,0.34630639563708476,0.34729796727813583,0.3859692612791274,0.33886960832920177,0.39811601388200296,0.33886960832920177,0.5280118988596926,0.37580565195835397,0.3477937530986614,0.3926623698562221,0.35299950421417947,0.3780366881507189,0.35845314823996033,0.35027268220128904,0.37258304412493803,0.4343083787803669,0.440505701536936,0.48339117501239465,1.0,0.3710956866633614,0.34630639563708476,0.33490332176499754,0.8500247892910263,0.3455627169062965,0.8440753594447199,0.34234010907288054
SMALLTEXT_CONTRASTIVEAL,0.10089241447694595,0.14923153197818542,0.06296479920674268,0.09048091224590976,0.4000991571641051,0.39687654933068917,0.39910758552305403,0.4821517104610808,0.3921665840356966,0.3787803668815072,0.3765493306891423,0.39067922657411996,0.39142290530490825,0.41323748140803174,0.35027268220128904,0.39786812097174024,0.3882002974714923,0.4224095190877541,0.3919186911254338,0.3862171541893902,0.44719881011403073,0.3986117997025285,0.428854734754586,0.4082796232027764,0.3889439762022806,0.5173525037183937,0.3859692612791274,0.3854734754586019,0.3775409023301934,0.3710956866633614,1.0,0.37530986613782846,0.38200297471492317,0.3770451165096678,0.39092711948438275,0.3772930094199306,0.3777887952404561
SMALLTEXT_EMBEDDINGKMEANS,0.16360932077342588,0.07238472979672782,0.05627169062964799,0.1760039662865642,0.3477937530986614,0.3527516113039167,0.3772930094199306,0.35820525532969755,0.3443232523549826,0.3438274665344571,0.35027268220128904,0.46777392166584036,0.47892910262766486,0.4090233019335647,0.34357957362419433,0.43207734258800196,0.45091720376797223,0.36812097174020825,0.43505205751115517,0.4771938522558255,0.3802677243430838,0.46826970748636587,0.3666336142786316,0.4343083787803669,0.47992067426871593,0.3515121467526029,0.34283589489340605,0.34581060981655926,0.35101636093207733,0.34630639563708476,0.37530986613782846,1.0,0.49008428358948936,0.3408527516113039,0.6482399603371344,0.34234010907288054,0.4633118492811106
SMALLTEXT_GREEDYCORESET,0.43877045116509666,0.13336638572136836,0.04610808130887457,0.13510163609320774,0.3358948934060486,0.33886960832920177,0.33143282102131877,0.4452156668319286,0.3415964303420922,0.3336638572136837,0.3368864650470996,0.4365394149727318,0.4343083787803669,0.37208725830441247,0.3334159643034209,0.3849776896380763,0.7260783341596431,0.33886960832920177,0.3963807635101636,0.4365394149727318,0.34952900347050075,0.4410014873574616,0.3403569657907784,0.38274665344571146,0.43604362915220624,0.35299950421417947,0.33465542885473476,0.334407535944472,0.3366385721368369,0.33490332176499754,0.38200297471492317,0.49008428358948936,1.0,0.3336638572136837,0.5287555775904809,0.3331680713931582,0.4224095190877541
SMALLTEXT_LEASTCONFIDENCE,0.04908279623202776,0.1065939514129896,0.0495785820525533,0.052553296975706494,0.5875061973227566,0.5252850768468021,0.3554784333168071,0.35027268220128904,0.48339117501239465,0.5071888943976203,0.4712444224095191,0.3445711452652454,0.3433316807139316,0.3748140803173029,0.3368864650470996,0.3817550818046604,0.3363906792265741,0.4816559246405553,0.36365889935547846,0.34729796727813583,0.38324243926623697,0.349281110560238,0.3782845810609817,0.3616757560733763,0.3445711452652454,0.38299454635597424,0.47000495785820523,0.48289538919186914,0.4519087754090233,0.8500247892910263,0.3770451165096678,0.3408527516113039,0.3336638572136837,1.0,0.3438274665344571,0.8753098661378285,0.33986117997025284
SMALLTEXT_LIGHTWEIGHTCORESET,0.19335647000495787,0.08180466038671294,0.05775904809122459,0.16906296479920674,0.35374318294496776,0.3549826474962816,0.3371343579573624,0.4015865146256817,0.3468021814576103,0.3440753594447199,0.34729796727813583,0.46628656420426373,0.47198810114030737,0.4117501239464551,0.34506693108577097,0.433068914229053,0.4806643529995042,0.3646504709965295,0.44695091720376795,0.4608329201784829,0.39043133366385724,0.4873574615765989,0.33986117997025284,0.4127416955875062,0.4645513138324244,0.3708477937530987,0.3453148239960337,0.3438274665344571,0.349281110560238,0.3455627169062965,0.39092711948438275,0.6482399603371344,0.5287555775904809,0.3438274665344571,1.0,0.3440753594447199,0.4563708477937531
SMALLTEXT_PREDICTIONENTROPY,0.05007436787307883,0.10932077342588002,0.05057015369360436,0.051065939514129896,0.5535448686167576,0.5133862171541894,0.35696579077838375,0.35374318294496776,0.5054536440257809,0.4933068914229053,0.466038671294001,0.3443232523549826,0.3445711452652454,0.37233515121467525,0.3378780366881507,0.38051561725334654,0.3373822508676252,0.4747149231531978,0.36415468517600397,0.3475458601883986,0.3886960832920178,0.3468021814576103,0.3750619732275657,0.36068418443232525,0.3468021814576103,0.3854734754586019,0.4940505701536936,0.470252850768468,0.4442240951908775,0.8440753594447199,0.3772930094199306,0.34234010907288054,0.3331680713931582,0.8753098661378285,0.3440753594447199,1.0,0.33837382250867626
SMALLTEXT_RANDOM,0.14972731779871096,0.05676747645017353,0.04833911750123947,0.7126921170054537,0.3453148239960337,0.34705007436787305,0.341844323252355,0.36489836390679226,0.3433316807139316,0.3408527516113039,0.3445711452652454,0.6403073872087258,0.6383242439266237,0.45314823996033715,0.33564700049578583,0.44942984630639565,0.4370352007932573,0.3624194348041646,0.5094199305899851,0.6460089241447695,0.3889439762022806,0.5656916212196331,0.36043629152206247,0.500991571641051,0.6462568170550322,0.3591968269707486,0.33763014377788797,0.33911750123946455,0.3406048587010411,0.34234010907288054,0.3777887952404561,0.4633118492811106,0.4224095190877541,0.33986117997025284,0.4563708477937531,0.33837382250867626,1.0
