,ALIPY_CORESET_GREEDY,ALIPY_DENSITY_WEIGHTED,ALIPY_GRAPH_DENSITY,ALIPY_RANDOM,ALIPY_UNCERTAINTY_LC,ALIPY_UNCERTAINTY_MM,LIBACT_DWUS,LIBACT_QUIRE,LIBACT_UNCERTAINTY_ENT,LIBACT_UNCERTAINTY_LC,LIBACT_UNCERTAINTY_SM,OPTIMAL_GREEDY_10,OPTIMAL_GREEDY_20,PLAYGROUND_BANDIT,PLAYGROUND_GRAPH_DENSITY,PLAYGROUND_INFORMATIVE_DIVERSE,PLAYGROUND_KCENTER_GREEDY,PLAYGROUND_MARGIN,PLAYGROUND_MIXTURE,PLAYGROUND_UNIFORM,SKACTIVEML_COST_EMBEDDING,SKACTIVEML_DAL,SKACTIVEML_DWUS,SKACTIVEML_QBC,SKACTIVEML_QBC_VOTE_ENTROPY,SKACTIVEML_QUIRE,SKACTIVEML_US_ENTROPY,SKACTIVEML_US_LC,SKACTIVEML_US_MARGIN,SMALLTEXT_BREAKINGTIES,SMALLTEXT_CONTRASTIVEAL,SMALLTEXT_EMBEDDINGKMEANS,SMALLTEXT_GREEDYCORESET,SMALLTEXT_LEASTCONFIDENCE,SMALLTEXT_LIGHTWEIGHTCORESET,SMALLTEXT_PREDICTIONENTROPY,SMALLTEXT_RANDOM
ALIPY_CORESET_GREEDY,1.0,0.10932077342588002,0.09072880515617253,0.12196331184928111,0.059494298463063956,0.053792761527020325,0.1308874566187407,0.19186911254338126,0.061973227565691624,0.05081804660386713,0.05081804660386713,0.14774417451660882,0.15270203272186417,0.08081308874566187,0.0954387704511651,0.06792265741199802,0.6192364898363907,0.05552801189885969,0.07635101636093208,0.14675260287555775,0.090233019335647,0.15071888943976203,0.10039662865642042,0.11874070401586515,0.14675260287555775,0.12072384729796728,0.05651958353991076,0.052553296975706494,0.049826474962816066,0.05230540406544373,0.1494794248884482,0.14154685176003967,0.20500743678730787,0.05057015369360436,0.15195835399107585,0.05404065443728309,0.11948438274665345
ALIPY_DENSITY_WEIGHTED,0.10932077342588002,1.0,0.04908279623202776,0.0480912245909767,0.14452156668319285,0.13510163609320774,0.06519583539910759,0.1420426375805652,0.13708477937530986,0.14253842340109074,0.13584531482399603,0.07486365889935548,0.07982151710461081,0.1487357461576599,0.04833911750123947,0.18393653941497273,0.10213187902825979,0.1427863163113535,0.1271690629647992,0.06866633614278632,0.19186911254338126,0.07213683688646505,0.08106098165592464,0.053792761527020325,0.07089737233515121,0.19335647000495787,0.14972731779871096,0.13485374318294496,0.13708477937530986,0.12196331184928111,0.12816063460585028,0.06866633614278632,0.13435795736241943,0.12270699058006941,0.07808626673277144,0.1294000991571641,0.045364402578086264
ALIPY_GRAPH_DENSITY,0.09072880515617253,0.04908279623202776,1.0,0.16236985622211206,0.033217649975210706,0.03619236489836391,0.18368864650470995,0.12022806147744175,0.0384234010907288,0.03396132870599901,0.03470500743678731,0.19583539910758552,0.19657907783837383,0.05205751115518096,0.6236985622211205,0.039167079821517105,0.08849776896380764,0.03396132870599901,0.0436291522062469,0.19137332672285573,0.05850272682201289,0.1760039662865642,0.13634110064452157,0.19112543381259295,0.1819533961328706,0.0894893406048587,0.03148239960337134,0.03024293505205751,0.030986613782845812,0.03371343579573624,0.14848785324739713,0.1611303916707982,0.14551313832424392,0.02825979176995538,0.17848289538919188,0.02825979176995538,0.15840356965790778
ALIPY_RANDOM,0.12196331184928111,0.0480912245909767,0.16236985622211206,1.0,0.03445711452652454,0.03346554288547347,0.23177987109568665,0.15096678235002478,0.03396132870599901,0.027764005949429845,0.030986613782845812,0.2625185919682697,0.2543381259295984,0.06023797719385226,0.16013882002974714,0.039167079821517105,0.12369856222112048,0.03445711452652454,0.05999008428358949,0.2630143777887952,0.05304908279623203,0.25359444719881014,0.1737729300941993,0.2278135845314824,0.2560733763014378,0.10337134357957363,0.027764005949429845,0.02949925632126921,0.032969757064947945,0.02875557759048091,0.16732771442736738,0.23401090728805157,0.18319286068418444,0.031978185423896875,0.2449181953396133,0.029747149231531978,0.6194843827466534
ALIPY_UNCERTAINTY_LC,0.059494298463063956,0.14452156668319285,0.033217649975210706,0.03445711452652454,1.0,0.4895884977689638,0.039167079821517105,0.05577590480912246,0.1554288547347546,0.16608824987605356,0.1457610312345067,0.0443728309370352,0.0495785820525533,0.13733267228557264,0.036440257808626676,0.17104610808130888,0.0532969757064948,0.1665840356965791,0.13063956370847793,0.042637580565195836,0.17798710956866634,0.044124938026772434,0.05577590480912246,0.032969757064947945,0.040406544372830935,0.12022806147744175,0.16038671294000992,0.17476450173525038,0.13956370847793753,0.15939514129895885,0.07932573128408528,0.04115022310361924,0.06618740704015866,0.22880515617253347,0.04858701041150223,0.17873078829945463,0.03767972235994051
ALIPY_UNCERTAINTY_MM,0.053792761527020325,0.13510163609320774,0.03619236489836391,0.03346554288547347,0.4895884977689638,1.0,0.046355974219137334,0.05205751115518096,0.13063956370847793,0.14179474467030243,0.15468517600396628,0.05081804660386713,0.0518096182449182,0.13981160138820029,0.04015865146256817,0.1774913237481408,0.054784333168071395,0.20426375805651958,0.1479920674268716,0.04462072384729797,0.15790778383738224,0.047595438770451165,0.060981655924640554,0.039167079821517105,0.0443728309370352,0.10932077342588002,0.131631135349529,0.1338621715418939,0.153941497273178,0.2285572632622707,0.07907783837382251,0.03991075855230541,0.06569162121963312,0.16906296479920674,0.04933068914229053,0.15840356965790778,0.035696579077838374
LIBACT_DWUS,0.1308874566187407,0.06519583539910759,0.18368864650470995,0.23177987109568665,0.039167079821517105,0.046355974219137334,1.0,0.16683192860684184,0.029251363411006447,0.036936043629152204,0.03594447198810114,0.30515617253346555,0.30292513634110063,0.07238472979672782,0.18096182449181952,0.058750619732275654,0.13287059990084282,0.043877045116509666,0.06420426375805652,0.2964799206742687,0.08676251859196826,0.2808626673277144,0.26871591472483886,0.31333663857213684,0.3036688150718889,0.12865642042637582,0.03371343579573624,0.03272186415468518,0.03520079325731284,0.03173029251363411,0.20327218641546851,0.3485374318294497,0.2092216162617749,0.029747149231531978,0.26846802181457613,0.03247397124442241,0.22285572632622708
LIBACT_QUIRE,0.19186911254338126,0.1420426375805652,0.12022806147744175,0.15096678235002478,0.05577590480912246,0.05205751115518096,0.16683192860684184,1.0,0.05156172533465543,0.05156172533465543,0.0436291522062469,0.19905800694100148,0.20897372335151215,0.08899355478433317,0.11626177491323748,0.07932573128408528,0.1901338621715419,0.05701536936043629,0.07064947942488845,0.2072384729796728,0.10956866633614279,0.1893901834407536,0.14823996033713435,0.1737729300941993,0.20674268715914726,0.18319286068418444,0.05924640555280119,0.0518096182449182,0.04784333168071393,0.05577590480912246,0.20228061477441744,0.18443232523549827,0.23425880019831433,0.05081804660386713,0.2129400099157164,0.05577590480912246,0.1502231036192365
LIBACT_UNCERTAINTY_ENT,0.061973227565691624,0.13708477937530986,0.0384234010907288,0.03396132870599901,0.1554288547347546,0.13063956370847793,0.029251363411006447,0.05156172533465543,1.0,0.5136341100644521,0.48264749628160636,0.043877045116509666,0.0384234010907288,0.09568666336142786,0.035696579077838374,0.12989588497768964,0.051065939514129896,0.11031234506693109,0.0894893406048587,0.04784333168071393,0.1346058502726822,0.03594447198810114,0.0473475458601884,0.029251363411006447,0.04015865146256817,0.09593455627169063,0.15666831928606842,0.14848785324739713,0.11973227565691621,0.12989588497768964,0.0768468021814576,0.040406544372830935,0.06841844323252355,0.14303420922161625,0.041398116013882005,0.1648487853247397,0.03495290034705007
LIBACT_UNCERTAINTY_LC,0.05081804660386713,0.14253842340109074,0.03396132870599901,0.027764005949429845,0.16608824987605356,0.14179474467030243,0.036936043629152204,0.05156172533465543,0.5136341100644521,1.0,0.5007436787307883,0.032969757064947945,0.03941497273177987,0.10312345066931086,0.03445711452652454,0.1353495290034705,0.05651958353991076,0.11031234506693109,0.09196826970748637,0.03470500743678731,0.13882002974714924,0.03668815071888944,0.047595438770451165,0.026772434308378782,0.029747149231531978,0.08403569657907783,0.15592464055528013,0.161378284581061,0.1353495290034705,0.13857213683688646,0.06618740704015866,0.026524541398116015,0.06296479920674268,0.17327714427367377,0.037927615270203274,0.16311353495290035,0.02602875557759048
LIBACT_UNCERTAINTY_SM,0.05081804660386713,0.13584531482399603,0.03470500743678731,0.030986613782845812,0.1457610312345067,0.15468517600396628,0.03594447198810114,0.0436291522062469,0.48264749628160636,0.5007436787307883,1.0,0.03817550818046604,0.03743182944967774,0.11006445215666832,0.030738720872583045,0.14526524541398117,0.05428854734754586,0.12196331184928111,0.10039662865642042,0.035448686167575606,0.1346058502726822,0.040406544372830935,0.05081804660386713,0.028507684680218144,0.03495290034705007,0.0872583044124938,0.12840852751611304,0.1405552801189886,0.16385721368368864,0.16360932077342588,0.06742687159147248,0.03445711452652454,0.06420426375805652,0.1338621715418939,0.03371343579573624,0.13411006445215667,0.030738720872583045
OPTIMAL_GREEDY_10,0.14774417451660882,0.07486365889935548,0.19583539910758552,0.2625185919682697,0.0443728309370352,0.05081804660386713,0.30515617253346555,0.19905800694100148,0.043877045116509666,0.032969757064947945,0.03817550818046604,1.0,0.3924144769459593,0.07932573128408528,0.18815071888943977,0.05800694100148736,0.14551313832424392,0.045364402578086264,0.07858205255329698,0.3475458601883986,0.08180466038671294,0.3182944967773922,0.25632126921170056,0.31680713931581556,0.3482895389191869,0.1502231036192365,0.030490827962320277,0.03371343579573624,0.03371343579573624,0.031234506693108576,0.22161626177491323,0.3113534952900347,0.2426871591472484,0.03668815071888944,0.3329201784828954,0.03718393653941497,0.26425384234010907
OPTIMAL_GREEDY_20,0.15270203272186417,0.07982151710461081,0.19657907783837383,0.2543381259295984,0.0495785820525533,0.0518096182449182,0.30292513634110063,0.20897372335151215,0.0384234010907288,0.03941497273177987,0.03743182944967774,0.3924144769459593,1.0,0.08626673277144274,0.19856222112047595,0.060981655924640554,0.14352999504214178,0.0384234010907288,0.07040158651462568,0.3440753594447199,0.08378780366881507,0.3299454635597422,0.23996033713435796,0.3165592464055528,0.3430837878036688,0.15071888943976203,0.04115022310361924,0.03718393653941497,0.039167079821517105,0.04338125929598413,0.2263262270699058,0.30813088745661876,0.2521070897372335,0.04015865146256817,0.3378780366881507,0.036936043629152204,0.2523549826474963
PLAYGROUND_BANDIT,0.08081308874566187,0.1487357461576599,0.05205751115518096,0.06023797719385226,0.13733267228557264,0.13981160138820029,0.07238472979672782,0.08899355478433317,0.09568666336142786,0.10312345066931086,0.11006445215666832,0.07932573128408528,0.08626673277144274,1.0,0.05404065443728309,0.3482895389191869,0.07387208725830441,0.3108577094695092,0.35696579077838375,0.08180466038671294,0.19757064947942488,0.07759048091224591,0.10337134357957363,0.05751115518096182,0.08155676747645017,0.13411006445215667,0.10138820029747149,0.10114030738720872,0.11006445215666832,0.11105602379771938,0.11824491819533961,0.07387208725830441,0.10461080813088745,0.10163609320773426,0.0842835894893406,0.0999008428358949,0.06395637084779375
PLAYGROUND_GRAPH_DENSITY,0.0954387704511651,0.04833911750123947,0.6236985622211205,0.16013882002974714,0.036440257808626676,0.04015865146256817,0.18096182449181952,0.11626177491323748,0.035696579077838374,0.03445711452652454,0.030738720872583045,0.18815071888943977,0.19856222112047595,0.05404065443728309,1.0,0.04164600892414477,0.08601883986117997,0.031978185423896875,0.0443728309370352,0.1960832920178483,0.05800694100148736,0.1745166088249876,0.13435795736241943,0.1812097174020823,0.1864154685176004,0.09196826970748637,0.029747149231531978,0.029747149231531978,0.03346554288547347,0.03470500743678731,0.14972731779871096,0.16807139315815567,0.14303420922161625,0.02751611303916708,0.1812097174020823,0.028507684680218144,0.15493306891422906
PLAYGROUND_INFORMATIVE_DIVERSE,0.06792265741199802,0.18393653941497273,0.039167079821517105,0.039167079821517105,0.17104610808130888,0.1774913237481408,0.058750619732275654,0.07932573128408528,0.12989588497768964,0.1353495290034705,0.14526524541398117,0.05800694100148736,0.060981655924640554,0.3482895389191869,0.04164600892414477,1.0,0.06618740704015866,0.3594447198810114,0.32449181953396133,0.06346058502726822,0.22508676251859197,0.05751115518096182,0.07734258800198314,0.04115022310361924,0.05627169062964799,0.1450173525037184,0.12964799206742686,0.12741695587506197,0.14823996033713435,0.13187902825979178,0.11279127416955875,0.058254833911750126,0.10436291522062469,0.12741695587506197,0.05924640555280119,0.12196331184928111,0.0384234010907288
PLAYGROUND_KCENTER_GREEDY,0.6192364898363907,0.10213187902825979,0.08849776896380764,0.12369856222112048,0.0532969757064948,0.054784333168071395,0.13287059990084282,0.1901338621715419,0.051065939514129896,0.05651958353991076,0.05428854734754586,0.14551313832424392,0.14352999504214178,0.07387208725830441,0.08601883986117997,0.06618740704015866,1.0,0.05899851264253842,0.07808626673277144,0.14700049578582053,0.08750619732275657,0.14898363906792267,0.10733763014377788,0.11948438274665345,0.1517104610808131,0.12518591968269707,0.05230540406544373,0.05280118988596926,0.04833911750123947,0.04709965294992563,0.14972731779871096,0.14105106593951414,0.20252850768468023,0.053792761527020325,0.15047099652949925,0.052553296975706494,0.11725334655428855
PLAYGROUND_MARGIN,0.05552801189885969,0.1427863163113535,0.03396132870599901,0.03445711452652454,0.1665840356965791,0.20426375805651958,0.043877045116509666,0.05701536936043629,0.11031234506693109,0.11031234506693109,0.12196331184928111,0.045364402578086264,0.0384234010907288,0.3108577094695092,0.031978185423896875,0.3594447198810114,0.05899851264253842,1.0,0.4496777392166584,0.043877045116509666,0.17402082300446206,0.04090233019335647,0.059494298463063956,0.03470500743678731,0.03991075855230541,0.11799702528507684,0.11179970252850768,0.11601388200297472,0.12592959841348536,0.15939514129895885,0.07982151710461081,0.03272186415468518,0.07188894397620228,0.1360932077342588,0.03817550818046604,0.12469013386217154,0.03272186415468518
PLAYGROUND_MIXTURE,0.07635101636093208,0.1271690629647992,0.0436291522062469,0.05999008428358949,0.13063956370847793,0.1479920674268716,0.06420426375805652,0.07064947942488845,0.0894893406048587,0.09196826970748637,0.10039662865642042,0.07858205255329698,0.07040158651462568,0.35696579077838375,0.0443728309370352,0.32449181953396133,0.07808626673277144,0.4496777392166584,1.0,0.06990580069410014,0.1648487853247397,0.06916212196331185,0.0857709469509172,0.05057015369360436,0.06891422905304909,0.11973227565691621,0.09667823500247893,0.10138820029747149,0.09667823500247893,0.131631135349529,0.10808130887456618,0.04784333168071393,0.09147248388696083,0.10708973723351513,0.07040158651462568,0.10609816559246406,0.05627169062964799
PLAYGROUND_UNIFORM,0.14675260287555775,0.06866633614278632,0.19137332672285573,0.2630143777887952,0.042637580565195836,0.04462072384729797,0.2964799206742687,0.2072384729796728,0.04784333168071393,0.03470500743678731,0.035448686167575606,0.3475458601883986,0.3440753594447199,0.08180466038671294,0.1960832920178483,0.06346058502726822,0.14700049578582053,0.043877045116509666,0.06990580069410014,1.0,0.0887456618740704,0.3252354982647496,0.2345066931085771,0.29821517104610806,0.3336638572136837,0.14774417451660882,0.035448686167575606,0.03891918691125434,0.03867129400099157,0.037927615270203274,0.24665344571145265,0.3108577094695092,0.2387208725830441,0.03495290034705007,0.3440753594447199,0.03371343579573624,0.25780862667327714
SKACTIVEML_COST_EMBEDDING,0.090233019335647,0.19186911254338126,0.05850272682201289,0.05304908279623203,0.17798710956866634,0.15790778383738224,0.08676251859196826,0.10956866633614279,0.1346058502726822,0.13882002974714924,0.1346058502726822,0.08180466038671294,0.08378780366881507,0.19757064947942488,0.05800694100148736,0.22508676251859197,0.08750619732275657,0.17402082300446206,0.1648487853247397,0.0887456618740704,1.0,0.08750619732275657,0.11279127416955875,0.06346058502726822,0.08998512642538424,0.20054536440257809,0.14452156668319285,0.13039167079821518,0.12840852751611304,0.12444224095190877,0.1457610312345067,0.08750619732275657,0.1346058502726822,0.12915220624690135,0.0880019831432821,0.13187902825979178,0.06048587010411502
SKACTIVEML_DAL,0.15071888943976203,0.07213683688646505,0.1760039662865642,0.25359444719881014,0.044124938026772434,0.047595438770451165,0.2808626673277144,0.1893901834407536,0.03594447198810114,0.03668815071888944,0.040406544372830935,0.3182944967773922,0.3299454635597422,0.07759048091224591,0.1745166088249876,0.05751115518096182,0.14898363906792267,0.04090233019335647,0.06916212196331185,0.3252354982647496,0.08750619732275657,1.0,0.21913733267228558,0.28061477441745164,0.33242439266236984,0.15592464055528013,0.03594447198810114,0.03346554288547347,0.039167079821517105,0.03470500743678731,0.229300941993059,0.30218145761031234,0.24888448190381754,0.030490827962320277,0.3217649975210709,0.03668815071888944,0.24169558750619732
SKACTIVEML_DWUS,0.10039662865642042,0.08106098165592464,0.13634110064452157,0.1737729300941993,0.05577590480912246,0.060981655924640554,0.26871591472483886,0.14823996033713435,0.0473475458601884,0.047595438770451165,0.05081804660386713,0.25632126921170056,0.23996033713435796,0.10337134357957363,0.13435795736241943,0.07734258800198314,0.10733763014377788,0.059494298463063956,0.0857709469509172,0.2345066931085771,0.11279127416955875,0.21913733267228558,1.0,0.25012394645513136,0.23921665840356965,0.13658899355478432,0.04561229548834903,0.041398116013882005,0.045364402578086264,0.04561229548834903,0.15493306891422906,0.255825483391175,0.15071888943976203,0.04189390183440753,0.21789786812097173,0.04784333168071393,0.1774913237481408
SKACTIVEML_QBC,0.11874070401586515,0.053792761527020325,0.19112543381259295,0.2278135845314824,0.032969757064947945,0.039167079821517105,0.31333663857213684,0.1737729300941993,0.029251363411006447,0.026772434308378782,0.028507684680218144,0.31680713931581556,0.3165592464055528,0.05751115518096182,0.1812097174020823,0.04115022310361924,0.11948438274665345,0.03470500743678731,0.05057015369360436,0.29821517104610806,0.06346058502726822,0.28061477441745164,0.25012394645513136,1.0,0.297223599405057,0.14030738720872582,0.02825979176995538,0.029747149231531978,0.028507684680218144,0.02454139811601388,0.20699058006941,0.3113534952900347,0.20029747149231533,0.025037183936539417,0.2783837382250868,0.025532969757064948,0.229300941993059
SKACTIVEML_QBC_VOTE_ENTROPY,0.14675260287555775,0.07089737233515121,0.1819533961328706,0.2560733763014378,0.040406544372830935,0.0443728309370352,0.3036688150718889,0.20674268715914726,0.04015865146256817,0.029747149231531978,0.03495290034705007,0.3482895389191869,0.3430837878036688,0.08155676747645017,0.1864154685176004,0.05627169062964799,0.1517104610808131,0.03991075855230541,0.06891422905304909,0.3336638572136837,0.08998512642538424,0.33242439266236984,0.23921665840356965,0.297223599405057,1.0,0.14526524541398117,0.03520079325731284,0.035696579077838374,0.032969757064947945,0.029747149231531978,0.23971244422409518,0.31184928111056026,0.24095190877540903,0.03148239960337134,0.3358948934060486,0.03619236489836391,0.25037183936539414
SKACTIVEML_QUIRE,0.12072384729796728,0.19335647000495787,0.0894893406048587,0.10337134357957363,0.12022806147744175,0.10932077342588002,0.12865642042637582,0.18319286068418444,0.09593455627169063,0.08403569657907783,0.0872583044124938,0.1502231036192365,0.15071888943976203,0.13411006445215667,0.09196826970748637,0.1450173525037184,0.12518591968269707,0.11799702528507684,0.11973227565691621,0.14774417451660882,0.20054536440257809,0.15592464055528013,0.13658899355478432,0.14030738720872582,0.14526524541398117,1.0,0.07833415964303421,0.08304412493802678,0.0857709469509172,0.07387208725830441,0.20252850768468023,0.1301437778879524,0.18468021814576102,0.08453148239960337,0.1576598909271195,0.08304412493802678,0.1028755577590481
SKACTIVEML_US_ENTROPY,0.05651958353991076,0.14972731779871096,0.03148239960337134,0.027764005949429845,0.16038671294000992,0.131631135349529,0.03371343579573624,0.05924640555280119,0.15666831928606842,0.15592464055528013,0.12840852751611304,0.030490827962320277,0.04115022310361924,0.10138820029747149,0.029747149231531978,0.12964799206742686,0.05230540406544373,0.11179970252850768,0.09667823500247893,0.035448686167575606,0.14452156668319285,0.03594447198810114,0.04561229548834903,0.02825979176995538,0.03520079325731284,0.07833415964303421,1.0,0.5240456122954883,0.49801685671789786,0.12196331184928111,0.0768468021814576,0.029251363411006447,0.06817055032226078,0.14774417451660882,0.03247397124442241,0.16584035696579078,0.030738720872583045
SKACTIVEML_US_LC,0.052553296975706494,0.13485374318294496,0.03024293505205751,0.02949925632126921,0.17476450173525038,0.1338621715418939,0.03272186415468518,0.0518096182449182,0.14848785324739713,0.161378284581061,0.1405552801189886,0.03371343579573624,0.03718393653941497,0.10114030738720872,0.029747149231531978,0.12741695587506197,0.05280118988596926,0.11601388200297472,0.10138820029747149,0.03891918691125434,0.13039167079821518,0.03346554288547347,0.041398116013882005,0.029747149231531978,0.035696579077838374,0.08304412493802678,0.5240456122954883,1.0,0.4962816063460585,0.1271690629647992,0.07436787307882994,0.03222607833415964,0.06668319286068418,0.15567674764501735,0.03619236489836391,0.1554288547347546,0.028011898859692613
SKACTIVEML_US_MARGIN,0.049826474962816066,0.13708477937530986,0.030986613782845812,0.032969757064947945,0.13956370847793753,0.153941497273178,0.03520079325731284,0.04784333168071393,0.11973227565691621,0.1353495290034705,0.16385721368368864,0.03371343579573624,0.039167079821517105,0.11006445215666832,0.03346554288547347,0.14823996033713435,0.04833911750123947,0.12592959841348536,0.09667823500247893,0.03867129400099157,0.12840852751611304,0.039167079821517105,0.045364402578086264,0.028507684680218144,0.032969757064947945,0.0857709469509172,0.49801685671789786,0.4962816063460585,1.0,0.1487357461576599,0.07164105106593951,0.03743182944967774,0.06321269211700545,0.12816063460585028,0.039167079821517105,0.12295488349033218,0.03173029251363411
SMALLTEXT_BREAKINGTIES,0.05230540406544373,0.12196331184928111,0.03371343579573624,0.02875557759048091,0.15939514129895885,0.2285572632622707,0.03173029251363411,0.05577590480912246,0.12989588497768964,0.13857213683688646,0.16360932077342588,0.031234506693108576,0.04338125929598413,0.11105602379771938,0.03470500743678731,0.13187902825979178,0.04709965294992563,0.15939514129895885,0.131631135349529,0.037927615270203274,0.12444224095190877,0.03470500743678731,0.04561229548834903,0.02454139811601388,0.029747149231531978,0.07387208725830441,0.12196331184928111,0.1271690629647992,0.1487357461576599,1.0,0.06742687159147248,0.03173029251363411,0.05304908279623203,0.5061973227565691,0.03668815071888944,0.48289538919186914,0.03024293505205751
SMALLTEXT_CONTRASTIVEAL,0.1494794248884482,0.12816063460585028,0.14848785324739713,0.16732771442736738,0.07932573128408528,0.07907783837382251,0.20327218641546851,0.20228061477441744,0.0768468021814576,0.06618740704015866,0.06742687159147248,0.22161626177491323,0.2263262270699058,0.11824491819533961,0.14972731779871096,0.11279127416955875,0.14972731779871096,0.07982151710461081,0.10808130887456618,0.24665344571145265,0.1457610312345067,0.229300941993059,0.15493306891422906,0.20699058006941,0.23971244422409518,0.20252850768468023,0.0768468021814576,0.07436787307882994,0.07164105106593951,0.06742687159147248,1.0,0.20996529499256322,0.24442240951908775,0.06420426375805652,0.2322756569162122,0.07288051561725335,0.16559246405552802
SMALLTEXT_EMBEDDINGKMEANS,0.14154685176003967,0.06866633614278632,0.1611303916707982,0.23401090728805157,0.04115022310361924,0.03991075855230541,0.3485374318294497,0.18443232523549827,0.040406544372830935,0.026524541398116015,0.03445711452652454,0.3113534952900347,0.30813088745661876,0.07387208725830441,0.16807139315815567,0.058254833911750126,0.14105106593951414,0.03272186415468518,0.04784333168071393,0.3108577094695092,0.08750619732275657,0.30218145761031234,0.255825483391175,0.3113534952900347,0.31184928111056026,0.1301437778879524,0.029251363411006447,0.03222607833415964,0.03743182944967774,0.03173029251363411,0.20996529499256322,1.0,0.2322756569162122,0.028507684680218144,0.2937530986613783,0.03173029251363411,0.23326722855726326
SMALLTEXT_GREEDYCORESET,0.20500743678730787,0.13435795736241943,0.14551313832424392,0.18319286068418444,0.06618740704015866,0.06569162121963312,0.2092216162617749,0.23425880019831433,0.06841844323252355,0.06296479920674268,0.06420426375805652,0.2426871591472484,0.2521070897372335,0.10461080813088745,0.14303420922161625,0.10436291522062469,0.20252850768468023,0.07188894397620228,0.09147248388696083,0.2387208725830441,0.1346058502726822,0.24888448190381754,0.15071888943976203,0.20029747149231533,0.24095190877540903,0.18468021814576102,0.06817055032226078,0.06668319286068418,0.06321269211700545,0.05304908279623203,0.24442240951908775,0.2322756569162122,1.0,0.053792761527020325,0.24590976698066436,0.06296479920674268,0.1774913237481408
SMALLTEXT_LEASTCONFIDENCE,0.05057015369360436,0.12270699058006941,0.02825979176995538,0.031978185423896875,0.22880515617253347,0.16906296479920674,0.029747149231531978,0.05081804660386713,0.14303420922161625,0.17327714427367377,0.1338621715418939,0.03668815071888944,0.04015865146256817,0.10163609320773426,0.02751611303916708,0.12741695587506197,0.053792761527020325,0.1360932077342588,0.10708973723351513,0.03495290034705007,0.12915220624690135,0.030490827962320277,0.04189390183440753,0.025037183936539417,0.03148239960337134,0.08453148239960337,0.14774417451660882,0.15567674764501735,0.12816063460585028,0.5061973227565691,0.06420426375805652,0.028507684680218144,0.053792761527020325,1.0,0.03743182944967774,0.5247892910262767,0.02900347050074368
SMALLTEXT_LIGHTWEIGHTCORESET,0.15195835399107585,0.07808626673277144,0.17848289538919188,0.2449181953396133,0.04858701041150223,0.04933068914229053,0.26846802181457613,0.2129400099157164,0.041398116013882005,0.037927615270203274,0.03371343579573624,0.3329201784828954,0.3378780366881507,0.0842835894893406,0.1812097174020823,0.05924640555280119,0.15047099652949925,0.03817550818046604,0.07040158651462568,0.3440753594447199,0.0880019831432821,0.3217649975210709,0.21789786812097173,0.2783837382250868,0.3358948934060486,0.1576598909271195,0.03247397124442241,0.03619236489836391,0.039167079821517105,0.03668815071888944,0.2322756569162122,0.2937530986613783,0.24590976698066436,0.03743182944967774,1.0,0.03668815071888944,0.2498760535448686
SMALLTEXT_PREDICTIONENTROPY,0.05404065443728309,0.1294000991571641,0.02825979176995538,0.029747149231531978,0.17873078829945463,0.15840356965790778,0.03247397124442241,0.05577590480912246,0.1648487853247397,0.16311353495290035,0.13411006445215667,0.03718393653941497,0.036936043629152204,0.0999008428358949,0.028507684680218144,0.12196331184928111,0.052553296975706494,0.12469013386217154,0.10609816559246406,0.03371343579573624,0.13187902825979178,0.03668815071888944,0.04784333168071393,0.025532969757064948,0.03619236489836391,0.08304412493802678,0.16584035696579078,0.1554288547347546,0.12295488349033218,0.48289538919186914,0.07288051561725335,0.03173029251363411,0.06296479920674268,0.5247892910262767,0.03668815071888944,1.0,0.031978185423896875
SMALLTEXT_RANDOM,0.11948438274665345,0.045364402578086264,0.15840356965790778,0.6194843827466534,0.03767972235994051,0.035696579077838374,0.22285572632622708,0.1502231036192365,0.03495290034705007,0.02602875557759048,0.030738720872583045,0.26425384234010907,0.2523549826474963,0.06395637084779375,0.15493306891422906,0.0384234010907288,0.11725334655428855,0.03272186415468518,0.05627169062964799,0.25780862667327714,0.06048587010411502,0.24169558750619732,0.1774913237481408,0.229300941993059,0.25037183936539414,0.1028755577590481,0.030738720872583045,0.028011898859692613,0.03173029251363411,0.03024293505205751,0.16559246405552802,0.23326722855726326,0.1774913237481408,0.02900347050074368,0.2498760535448686,0.031978185423896875,1.0
