,ALIPY_CORESET_GREEDY,ALIPY_DENSITY_WEIGHTED,ALIPY_GRAPH_DENSITY,ALIPY_RANDOM,ALIPY_UNCERTAINTY_LC,ALIPY_UNCERTAINTY_MM,LIBACT_DWUS,LIBACT_QUIRE,LIBACT_UNCERTAINTY_ENT,LIBACT_UNCERTAINTY_LC,LIBACT_UNCERTAINTY_SM,OPTIMAL_GREEDY_10,OPTIMAL_GREEDY_20,PLAYGROUND_BANDIT,PLAYGROUND_GRAPH_DENSITY,PLAYGROUND_INFORMATIVE_DIVERSE,PLAYGROUND_KCENTER_GREEDY,PLAYGROUND_MARGIN,PLAYGROUND_MIXTURE,PLAYGROUND_UNIFORM,SKACTIVEML_COST_EMBEDDING,SKACTIVEML_DAL,SKACTIVEML_DWUS,SKACTIVEML_QBC,SKACTIVEML_QBC_VOTE_ENTROPY,SKACTIVEML_QUIRE,SKACTIVEML_US_ENTROPY,SKACTIVEML_US_LC,SKACTIVEML_US_MARGIN,SMALLTEXT_BREAKINGTIES,SMALLTEXT_CONTRASTIVEAL,SMALLTEXT_EMBEDDINGKMEANS,SMALLTEXT_GREEDYCORESET,SMALLTEXT_LEASTCONFIDENCE,SMALLTEXT_LIGHTWEIGHTCORESET,SMALLTEXT_PREDICTIONENTROPY,SMALLTEXT_RANDOM
ALIPY_CORESET_GREEDY,4034,310,191,185,215,187,242,308,126,131,128,292,289,226,188,226,3975,189,217,273,275,292,274,288,284,272,136,131,127,124,262,316,384,135,296,161,184
ALIPY_DENSITY_WEIGHTED,310,4034,270,234,554,547,686,715,348,362,335,671,663,738,273,808,314,619,642,696,805,729,822,678,693,841,360,349,344,346,721,679,723,341,657,386,235
ALIPY_GRAPH_DENSITY,191,270,4034,224,207,202,349,281,136,120,128,328,317,244,4009,252,212,214,227,347,284,321,282,311,322,288,133,128,126,136,274,340,343,134,313,138,215
ALIPY_RANDOM,185,234,224,4034,190,198,277,242,150,147,155,329,305,244,230,248,218,205,213,336,289,304,312,327,343,225,141,143,167,119,260,345,294,114,317,121,4015
ALIPY_UNCERTAINTY_LC,215,554,207,190,4034,2970,336,348,398,468,382,357,386,489,221,506,247,690,517,406,500,380,472,319,361,443,406,471,406,568,354,365,400,910,374,612,179
ALIPY_UNCERTAINTY_MM,187,547,202,198,2970,4034,364,333,346,350,416,375,396,509,214,505,224,837,584,388,481,399,473,320,380,432,364,394,462,912,360,384,400,568,361,540,186
LIBACT_DWUS,242,686,349,277,336,364,4034,702,234,219,234,754,744,587,356,562,269,486,502,759,702,776,819,750,765,708,251,229,231,225,787,853,730,187,713,211,268
LIBACT_QUIRE,308,715,281,242,348,333,702,4034,214,212,223,708,740,563,286,512,321,403,485,762,639,714,695,739,707,729,189,187,178,185,812,773,786,193,678,197,241
LIBACT_UNCERTAINTY_ENT,126,348,136,150,398,346,234,214,4034,3072,2997,284,264,353,152,373,167,318,308,308,362,301,347,288,274,305,472,418,349,338,282,278,321,369,281,478,136
LIBACT_UNCERTAINTY_LC,131,362,120,147,468,350,219,212,3072,4034,3066,284,287,379,134,403,168,307,323,260,358,301,347,239,249,303,430,480,403,357,257,293,296,435,293,416,134
LIBACT_UNCERTAINTY_SM,128,335,128,155,382,416,234,223,2997,3066,4034,298,289,389,144,384,163,341,331,292,376,297,365,244,274,312,390,406,459,422,269,309,296,376,289,396,143
OPTIMAL_GREEDY_10,292,671,328,329,357,375,754,708,284,284,298,4034,923,675,344,625,334,490,534,853,758,835,805,791,873,721,282,279,278,255,695,802,804,215,791,236,319
OPTIMAL_GREEDY_20,289,663,317,305,386,396,744,740,264,287,289,923,4034,625,332,637,331,472,501,841,769,796,776,793,820,705,250,274,266,244,732,823,788,229,795,242,291
PLAYGROUND_BANDIT,226,738,244,244,489,509,587,563,353,379,389,675,625,4034,261,1450,271,1473,1323,606,821,667,725,630,631,663,367,398,389,332,583,623,625,364,583,336,233
PLAYGROUND_GRAPH_DENSITY,188,273,4009,230,221,214,356,286,152,134,144,344,332,261,4034,269,230,229,244,364,297,337,295,319,336,299,147,144,141,149,277,354,362,144,324,148,220
PLAYGROUND_INFORMATIVE_DIVERSE,226,808,252,248,506,505,562,512,373,403,384,625,637,1450,269,4034,266,1345,1273,641,802,637,721,589,601,676,364,402,389,351,605,597,604,343,614,351,236
PLAYGROUND_KCENTER_GREEDY,3975,314,212,218,247,224,269,321,167,168,163,334,331,271,230,266,4034,231,263,309,313,331,309,318,321,299,171,172,160,159,276,356,430,162,313,185,207
PLAYGROUND_MARGIN,189,619,214,205,690,837,486,403,318,307,341,490,472,1473,229,1345,231,4034,1953,485,673,487,567,434,502,595,354,373,360,675,477,427,501,543,440,520,195
PLAYGROUND_MIXTURE,217,642,227,213,517,584,502,485,308,323,331,534,501,1323,244,1273,263,1953,4034,532,648,536,575,470,525,607,315,329,339,453,510,471,527,364,507,354,203
PLAYGROUND_UNIFORM,273,696,347,336,406,388,759,762,308,260,292,853,841,606,364,641,309,485,532,4034,768,840,776,809,829,753,278,266,298,245,828,801,747,241,793,265,325
SKACTIVEML_COST_EMBEDDING,275,805,284,289,500,481,702,639,362,358,376,758,769,821,297,802,313,673,648,768,4034,772,834,754,740,790,350,376,374,325,709,761,772,338,719,354,279
SKACTIVEML_DAL,292,729,321,304,380,399,776,714,301,301,297,835,796,667,337,637,331,487,536,840,772,4034,837,799,857,778,306,308,295,247,756,851,807,252,821,268,295
SKACTIVEML_DWUS,274,822,282,312,472,473,819,695,347,347,365,805,776,725,295,721,309,567,575,776,834,837,4034,737,774,775,337,335,333,327,700,798,777,303,758,297,299
SKACTIVEML_QBC,288,678,311,327,319,320,750,739,288,239,244,791,793,630,319,589,318,434,470,809,754,799,737,4034,814,669,226,243,245,193,726,823,726,193,812,224,316
SKACTIVEML_QBC_VOTE_ENTROPY,284,693,322,343,361,380,765,707,274,249,274,873,820,631,336,601,321,502,525,829,740,857,774,814,4034,738,273,270,286,247,721,832,825,228,812,252,332
SKACTIVEML_QUIRE,272,841,288,225,443,432,708,729,305,303,312,721,705,663,299,676,299,595,607,753,790,778,775,669,738,4034,329,326,321,261,778,697,748,265,691,280,222
SKACTIVEML_US_ENTROPY,136,360,133,141,406,364,251,189,472,430,390,282,250,367,147,364,171,354,315,278,350,306,337,226,273,329,4034,3098,3015,335,277,280,281,370,258,482,132
SKACTIVEML_US_LC,131,349,128,143,471,394,229,187,418,480,406,279,274,398,144,402,172,373,329,266,376,308,335,243,270,326,3098,4034,3035,325,279,292,278,416,285,407,130
SKACTIVEML_US_MARGIN,127,344,126,167,406,462,231,178,349,403,459,278,266,389,141,389,160,360,339,298,374,295,333,245,286,321,3015,3035,4034,389,260,293,259,360,267,350,153
SMALLTEXT_BREAKINGTIES,124,346,136,119,568,912,225,185,338,357,422,255,244,332,149,351,159,675,453,245,325,247,327,193,247,261,335,325,389,4034,226,218,244,2977,229,2954,108
SMALLTEXT_CONTRASTIVEAL,262,721,274,260,354,360,787,812,282,257,269,695,732,583,277,605,276,477,510,828,709,756,700,726,721,778,277,279,260,226,4034,754,761,238,744,249,253
SMALLTEXT_EMBEDDINGKMEANS,316,679,340,345,365,384,853,773,278,293,309,802,823,623,354,597,356,427,471,801,761,851,798,823,832,697,280,292,293,218,754,4034,768,224,766,226,333
SMALLTEXT_GREEDYCORESET,384,723,343,294,400,400,730,786,321,296,296,804,788,625,362,604,430,501,527,747,772,807,777,726,825,748,281,278,259,244,761,768,4034,248,772,268,285
SMALLTEXT_LEASTCONFIDENCE,135,341,134,114,910,568,187,193,369,435,376,215,229,364,144,343,162,543,364,241,338,252,303,193,228,265,370,416,360,2977,238,224,248,4034,243,3018,125
SMALLTEXT_LIGHTWEIGHTCORESET,296,657,313,317,374,361,713,678,281,293,289,791,795,583,324,614,313,440,507,793,719,821,758,812,812,691,258,285,267,229,744,766,772,243,4034,237,331
SMALLTEXT_PREDICTIONENTROPY,161,386,138,121,612,540,211,197,478,416,396,236,242,336,148,351,185,520,354,265,354,268,297,224,252,280,482,407,350,2954,249,226,268,3018,237,4034,133
SMALLTEXT_RANDOM,184,235,215,4015,179,186,268,241,136,134,143,319,291,233,220,236,207,195,203,325,279,295,299,316,332,222,132,130,153,108,253,333,285,125,331,133,4034
