,ALIPY_CORESET_GREEDY,ALIPY_DENSITY_WEIGHTED,ALIPY_GRAPH_DENSITY,ALIPY_RANDOM,ALIPY_UNCERTAINTY_LC,ALIPY_UNCERTAINTY_MM,LIBACT_DWUS,LIBACT_QUIRE,LIBACT_UNCERTAINTY_ENT,LIBACT_UNCERTAINTY_LC,LIBACT_UNCERTAINTY_SM,OPTIMAL_GREEDY_10,OPTIMAL_GREEDY_20,PLAYGROUND_BANDIT,PLAYGROUND_GRAPH_DENSITY,PLAYGROUND_INFORMATIVE_DIVERSE,PLAYGROUND_KCENTER_GREEDY,PLAYGROUND_MARGIN,PLAYGROUND_MIXTURE,PLAYGROUND_UNIFORM,SKACTIVEML_COST_EMBEDDING,SKACTIVEML_DAL,SKACTIVEML_DWUS,SKACTIVEML_QBC,SKACTIVEML_QBC_VOTE_ENTROPY,SKACTIVEML_QUIRE,SKACTIVEML_US_ENTROPY,SKACTIVEML_US_LC,SKACTIVEML_US_MARGIN,SMALLTEXT_BREAKINGTIES,SMALLTEXT_CONTRASTIVEAL,SMALLTEXT_EMBEDDINGKMEANS,SMALLTEXT_GREEDYCORESET,SMALLTEXT_LEASTCONFIDENCE,SMALLTEXT_LIGHTWEIGHTCORESET,SMALLTEXT_PREDICTIONENTROPY,SMALLTEXT_RANDOM
ALIPY_CORESET_GREEDY,4034,531,579,559,466,447,159,408,345,399,402,820,812,571,560,606,2719,499,672,617,548,612,341,324,646,435,401,447,401,433,341,447,863,406,535,403,568
ALIPY_DENSITY_WEIGHTED,531,4034,389,451,621,607,148,430,577,582,586,506,513,599,400,615,551,631,622,423,650,501,444,297,464,578,605,610,596,594,338,367,511,615,505,606,461
ALIPY_GRAPH_DENSITY,579,389,4034,702,342,380,280,253,349,332,365,620,602,505,2753,470,571,422,548,796,465,630,378,355,830,316,351,375,350,365,272,476,594,326,699,321,703
ALIPY_RANDOM,559,451,702,4034,419,410,243,365,402,385,400,758,707,520,718,582,587,455,607,972,571,841,423,430,979,432,396,396,410,418,271,665,671,394,933,406,2676
ALIPY_UNCERTAINTY_LC,466,621,342,419,4034,2326,147,213,919,1070,916,662,652,990,371,935,446,1060,983,472,806,457,388,255,433,421,1023,1121,1006,1070,217,306,407,1391,455,1184,415
ALIPY_UNCERTAINTY_MM,447,607,380,410,2326,4034,161,227,818,879,1044,701,686,1015,389,988,461,1190,1052,475,792,473,391,249,413,417,898,958,1076,1378,218,314,398,1067,456,1021,425
LIBACT_DWUS,159,148,280,243,147,161,4034,335,140,130,141,133,130,144,278,138,159,136,130,253,153,210,338,257,313,252,140,143,163,149,293,427,232,131,221,146,233
LIBACT_QUIRE,408,430,253,365,213,227,335,4034,172,178,175,258,271,252,267,244,400,238,255,353,307,350,261,321,365,485,212,206,188,198,414,337,409,210,370,180,362
LIBACT_UNCERTAINTY_ENT,345,577,349,402,919,818,140,172,4034,2372,2196,586,595,737,340,792,348,728,745,476,697,439,372,193,415,396,941,851,755,964,265,270,381,1053,422,1170,363
LIBACT_UNCERTAINTY_LC,399,582,332,385,1070,879,130,178,2372,4034,2334,643,641,826,347,874,394,808,778,441,758,380,350,203,407,367,946,1006,883,1038,225,276,393,1198,413,1110,392
LIBACT_UNCERTAINTY_SM,402,586,365,400,916,1044,141,175,2196,2334,4034,673,678,838,370,931,402,849,831,469,764,422,352,224,472,373,826,876,1009,1212,203,247,374,1064,439,1005,390
OPTIMAL_GREEDY_10,820,506,620,758,662,701,133,258,586,643,673,4034,2284,1032,662,1057,836,934,1190,835,822,714,310,385,781,481,629,688,681,718,243,540,544,683,742,636,759
OPTIMAL_GREEDY_20,812,513,602,707,652,686,130,271,595,641,678,2284,4034,1028,635,1101,798,963,1218,822,791,749,276,342,743,525,633,694,713,714,246,537,518,729,699,660,751
PLAYGROUND_BANDIT,571,599,505,520,990,1015,144,252,737,826,838,1032,1028,4034,530,1743,579,2054,1896,665,1153,566,352,303,566,608,782,836,873,928,257,358,430,898,578,844,549
PLAYGROUND_GRAPH_DENSITY,560,400,2753,718,371,389,278,267,340,347,370,662,635,530,4034,516,579,436,579,769,484,667,387,400,797,329,367,359,359,376,260,489,595,360,732,334,730
PLAYGROUND_INFORMATIVE_DIVERSE,606,615,470,582,935,988,138,244,792,874,931,1057,1101,1743,516,4034,622,1748,1726,620,1047,550,327,322,615,568,818,881,895,901,252,378,438,910,565,852,570
PLAYGROUND_KCENTER_GREEDY,2719,551,571,587,446,461,159,400,348,394,402,836,798,579,579,622,4034,502,686,643,563,608,359,346,633,471,415,428,418,414,355,465,875,421,530,402,553
PLAYGROUND_MARGIN,499,631,422,455,1060,1190,136,238,728,808,849,934,963,2054,436,1748,502,4034,2101,533,1130,479,343,283,504,644,813,915,875,1109,221,328,409,973,505,952,478
PLAYGROUND_MIXTURE,672,622,548,607,983,1052,130,255,745,778,831,1190,1218,1896,579,1726,686,2101,4034,743,1025,576,332,305,677,613,770,817,847,992,229,442,462,916,653,857,628
PLAYGROUND_UNIFORM,617,423,796,972,472,475,253,353,476,441,469,835,822,665,769,620,643,533,743,4034,608,843,420,463,1051,469,471,474,470,459,319,664,674,433,957,443,998
SKACTIVEML_COST_EMBEDDING,548,650,465,571,806,792,153,307,697,758,764,822,791,1153,484,1047,563,1130,1025,608,4034,607,397,349,622,684,759,749,740,765,292,387,510,745,610,756,565
SKACTIVEML_DAL,612,501,630,841,457,473,210,350,439,380,422,714,749,566,667,550,608,479,576,843,607,4034,432,439,900,465,443,442,434,433,346,571,644,419,874,425,813
SKACTIVEML_DWUS,341,444,378,423,388,391,338,261,372,350,352,310,276,352,387,327,359,343,332,420,397,432,4034,365,421,320,351,385,354,361,277,359,399,347,443,342,382
SKACTIVEML_QBC,324,297,355,430,255,249,257,321,193,203,224,385,342,303,400,322,346,283,305,463,349,439,365,4034,481,389,202,225,235,224,342,417,346,231,470,212,454
SKACTIVEML_QBC_VOTE_ENTROPY,646,464,830,979,433,413,313,365,415,407,472,781,743,566,797,615,633,504,677,1051,622,900,421,481,4034,434,409,442,453,413,307,747,720,412,975,410,1012
SKACTIVEML_QUIRE,435,578,316,432,421,417,252,485,396,367,373,481,525,608,329,568,471,644,613,469,684,465,320,389,434,4034,420,409,424,420,420,291,454,420,465,429,392
SKACTIVEML_US_ENTROPY,401,605,351,396,1023,898,140,212,941,946,826,629,633,782,367,818,415,813,770,471,759,443,351,202,409,420,4034,2372,2287,850,247,294,363,948,424,1070,409
SKACTIVEML_US_LC,447,610,375,396,1121,958,143,206,851,1006,876,688,694,836,359,881,428,915,817,474,749,442,385,225,442,409,2372,4034,2306,926,247,290,370,1055,448,957,405
SKACTIVEML_US_MARGIN,401,596,350,410,1006,1076,163,188,755,883,1009,681,713,873,359,895,418,875,847,470,740,434,354,235,453,424,2287,2306,4034,1041,220,294,353,879,428,836,413
SMALLTEXT_BREAKINGTIES,433,594,365,418,1070,1378,149,198,964,1038,1212,718,714,928,376,901,414,1109,992,459,765,433,361,224,413,420,850,926,1041,4034,202,295,404,2275,446,2228,413
SMALLTEXT_CONTRASTIVEAL,341,338,272,271,217,218,293,414,265,225,203,243,246,257,260,252,355,221,229,319,292,346,277,342,307,420,247,247,220,202,4034,359,404,223,355,206,264
SMALLTEXT_EMBEDDINGKMEANS,447,367,476,665,306,314,427,337,270,276,247,540,537,358,489,378,465,328,442,664,387,571,359,417,747,291,294,290,294,295,359,4034,527,302,669,285,648
SMALLTEXT_GREEDYCORESET,863,511,594,671,407,398,232,409,381,393,374,544,518,430,595,438,875,409,462,674,510,644,399,346,720,454,363,370,353,404,404,527,4034,394,733,393,685
SMALLTEXT_LEASTCONFIDENCE,406,615,326,394,1391,1067,131,210,1053,1198,1064,683,729,898,360,910,421,973,916,433,745,419,347,231,412,420,948,1055,879,2275,223,302,394,4034,427,2383,402
SMALLTEXT_LIGHTWEIGHTCORESET,535,505,699,933,455,456,221,370,422,413,439,742,699,578,732,565,530,505,653,957,610,874,443,470,975,465,424,448,428,446,355,669,733,427,4034,423,957
SMALLTEXT_PREDICTIONENTROPY,403,606,321,406,1184,1021,146,180,1170,1110,1005,636,660,844,334,852,402,952,857,443,756,425,342,212,410,429,1070,957,836,2228,206,285,393,2383,423,4034,375
SMALLTEXT_RANDOM,568,461,703,2676,415,425,233,362,363,392,390,759,751,549,730,570,553,478,628,998,565,813,382,454,1012,392,409,405,413,413,264,648,685,402,957,375,4034
