,ALIPY_CORESET_GREEDY,ALIPY_DENSITY_WEIGHTED,ALIPY_GRAPH_DENSITY,ALIPY_RANDOM,ALIPY_UNCERTAINTY_LC,ALIPY_UNCERTAINTY_MM,LIBACT_DWUS,LIBACT_QUIRE,LIBACT_UNCERTAINTY_ENT,LIBACT_UNCERTAINTY_LC,LIBACT_UNCERTAINTY_SM,OPTIMAL_GREEDY_10,OPTIMAL_GREEDY_20,PLAYGROUND_BANDIT,PLAYGROUND_GRAPH_DENSITY,PLAYGROUND_INFORMATIVE_DIVERSE,PLAYGROUND_KCENTER_GREEDY,PLAYGROUND_MARGIN,PLAYGROUND_MIXTURE,PLAYGROUND_UNIFORM,SKACTIVEML_COST_EMBEDDING,SKACTIVEML_DAL,SKACTIVEML_DWUS,SKACTIVEML_QBC,SKACTIVEML_QBC_VOTE_ENTROPY,SKACTIVEML_QUIRE,SKACTIVEML_US_ENTROPY,SKACTIVEML_US_LC,SKACTIVEML_US_MARGIN,SMALLTEXT_BREAKINGTIES,SMALLTEXT_CONTRASTIVEAL,SMALLTEXT_EMBEDDINGKMEANS,SMALLTEXT_GREEDYCORESET,SMALLTEXT_LEASTCONFIDENCE,SMALLTEXT_LIGHTWEIGHTCORESET,SMALLTEXT_PREDICTIONENTROPY,SMALLTEXT_RANDOM
ALIPY_CORESET_GREEDY,1.0,0.28061477441745164,0.029251363411006447,0.11576598909271195,0.03371343579573624,0.031234506693108576,0.00024789291026276647,0.2630143777887952,0.03966286564204264,0.02949925632126921,0.026276648487853247,0.12022806147744175,0.12171541893901834,0.06494794248884482,0.029251363411006447,0.06544372830937036,1.0,0.03991075855230541,0.08304412493802678,0.12221120475954388,0.08254833911750124,0.11427863163113534,0.053544868616757564,0.08106098165592464,0.12022806147744175,0.13212692117005453,0.03272186415468518,0.030738720872583045,0.026772434308378782,0.02330193356470005,0.05924640555280119,0.124194348041646,0.5907288051561725,0.03024293505205751,0.16360932077342588,0.03173029251363411,0.11576598909271195
ALIPY_DENSITY_WEIGHTED,0.28061477441745164,1.0,0.02751611303916708,0.044124938026772434,0.06494794248884482,0.049826474962816066,0.002974714923153198,0.28383738225086763,0.06395637084779375,0.05751115518096182,0.04709965294992563,0.06321269211700545,0.06866633614278632,0.05057015369360436,0.02751611303916708,0.044124938026772434,0.28061477441745164,0.03941497273177987,0.03668815071888944,0.05304908279623203,0.07511155180961825,0.06073376301437779,0.06494794248884482,0.0436291522062469,0.05280118988596926,0.1715418939018344,0.05800694100148736,0.05503222607833416,0.04833911750123947,0.037927615270203274,0.06569162121963312,0.05552801189885969,0.29474467030242935,0.05205751115518096,0.1308874566187407,0.05924640555280119,0.044124938026772434
ALIPY_GRAPH_DENSITY,0.029251363411006447,0.02751611303916708,1.0,0.09419930589985126,0.03495290034705007,0.035696579077838374,0.0022310361923648984,0.020079325731284084,0.017104610808130888,0.015617253346554288,0.014873574615765989,0.08824987605354487,0.08676251859196826,0.04090233019335647,1.0,0.030490827962320277,0.029251363411006447,0.023549826474962815,0.040406544372830935,0.0991571641051066,0.05800694100148736,0.08552305404065444,0.03867129400099157,0.07164105106593951,0.10114030738720872,0.022310361923648984,0.014625681705503223,0.01264253842340109,0.015617253346554288,0.015865146256817054,0.046355974219137334,0.030738720872583045,0.030986613782845812,0.012890431333663858,0.047595438770451165,0.014873574615765989,0.09419930589985126
ALIPY_RANDOM,0.11576598909271195,0.044124938026772434,0.09419930589985126,1.0,0.08304412493802678,0.0835399107585523,0.002974714923153198,0.06643529995042141,0.051313832424392664,0.046355974219137334,0.057263262270699056,0.4417451660882499,0.440505701536936,0.19211700545364402,0.09419930589985126,0.16385721368368864,0.11576598909271195,0.0932077342588002,0.21368368864650472,0.46405552801189887,0.17724343083787802,0.35845314823996033,0.09295984134853744,0.2627664848785325,0.4590976698066435,0.03991075855230541,0.040406544372830935,0.040406544372830935,0.048834903321764996,0.04115022310361924,0.11725334655428855,0.16534457114526524,0.08973723351512147,0.03817550818046604,0.18368864650470995,0.033217649975210706,1.0
ALIPY_UNCERTAINTY_LC,0.03371343579573624,0.06494794248884482,0.03495290034705007,0.08304412493802678,1.0,0.7590480912245909,0.013138324243926624,0.03668815071888944,0.2278135845314824,0.2662369856222112,0.19881011403073873,0.09345562716906297,0.0946950917203768,0.18096182449181952,0.03495290034705007,0.20128904313336637,0.03371343579573624,0.27937530986613784,0.16732771442736738,0.10039662865642042,0.17550818046603867,0.10014873574615767,0.10783341596430342,0.0961824491819534,0.09866137828458106,0.07164105106593951,0.25260287555775907,0.27640059494298463,0.2203767972235994,0.27169062964799207,0.0872583044124938,0.03767972235994051,0.01908775409023302,0.4077838373822509,0.06593951412989589,0.319533961328706,0.08304412493802678
ALIPY_UNCERTAINTY_MM,0.031234506693108576,0.049826474962816066,0.035696579077838374,0.0835399107585523,0.7590480912245909,1.0,0.013386217154189391,0.034209221616261776,0.1648487853247397,0.19335647000495787,0.2602875557759048,0.0961824491819534,0.0946950917203768,0.19211700545364402,0.035696579077838374,0.22384729796727815,0.031234506693108576,0.35027268220128904,0.20079325731284084,0.10808130887456618,0.1737729300941993,0.10684184432325236,0.10262766484878533,0.10312345066931086,0.10733763014377788,0.05924640555280119,0.19757064947942488,0.21393158155676748,0.2704511650966782,0.4033217649975211,0.0842835894893406,0.03991075855230541,0.015617253346554288,0.26574119980168565,0.07015369360436291,0.25111551809618243,0.0835399107585523
LIBACT_DWUS,0.00024789291026276647,0.002974714923153198,0.0022310361923648984,0.002974714923153198,0.013138324243926624,0.013386217154189391,1.0,0.07535944471988101,0.012146752602875557,0.009667823500247892,0.009667823500247892,0.010163609320773426,0.017104610808130888,0.02528507684680218,0.0022310361923648984,0.03346554288547347,0.00024789291026276647,0.03173029251363411,0.017104610808130888,0.0032226078334159644,0.017104610808130888,0.010411502231036193,0.16385721368368864,0.035448686167575606,0.0019831432821021317,0.02949925632126921,0.008924144769459593,0.008924144769459593,0.008676251859196828,0.010411502231036193,0.1893901834407536,0.3411006445215667,0.008676251859196828,0.010163609320773426,0.0,0.011650966782350025,0.002974714923153198
LIBACT_QUIRE,0.2630143777887952,0.28383738225086763,0.020079325731284084,0.06643529995042141,0.03668815071888944,0.034209221616261776,0.07535944471988101,1.0,0.03222607833415964,0.03024293505205751,0.03148239960337134,0.07858205255329698,0.07907783837382251,0.05007436787307883,0.020079325731284084,0.047595438770451165,0.2630143777887952,0.03346554288547347,0.03941497273177987,0.07213683688646505,0.07982151710461081,0.08701041150223103,0.07164105106593951,0.06470004957858205,0.07288051561725335,0.15964303420922163,0.03495290034705007,0.03247397124442241,0.030986613782845812,0.02404561229548835,0.124194348041646,0.07238472979672782,0.2885473475458602,0.027764005949429845,0.14328210213187903,0.031234506693108576,0.06643529995042141
LIBACT_UNCERTAINTY_ENT,0.03966286564204264,0.06395637084779375,0.017104610808130888,0.051313832424392664,0.2278135845314824,0.1648487853247397,0.012146752602875557,0.03222607833415964,1.0,0.8091224590976698,0.7436787307882995,0.06866633614278632,0.06618740704015866,0.10485870104115022,0.017104610808130888,0.12196331184928111,0.03966286564204264,0.11923648983639068,0.08279623202776401,0.07387208725830441,0.10733763014377788,0.07511155180961825,0.08601883986117997,0.06544372830937036,0.06122954883490332,0.05899851264253842,0.24690133862171543,0.2107089737233515,0.15989092711948438,0.19583539910758552,0.07858205255329698,0.0436291522062469,0.029995042141794746,0.2498760535448686,0.06122954883490332,0.29424888448190384,0.051313832424392664
LIBACT_UNCERTAINTY_LC,0.02949925632126921,0.05751115518096182,0.015617253346554288,0.046355974219137334,0.2662369856222112,0.19335647000495787,0.009667823500247892,0.03024293505205751,0.8091224590976698,1.0,0.7786316311353495,0.059742191373326724,0.05156172533465543,0.11799702528507684,0.015617253346554288,0.14328210213187903,0.02949925632126921,0.1360932077342588,0.09196826970748637,0.056023797719385225,0.11998016856717898,0.05676747645017353,0.09221616261774913,0.06767476450173525,0.06023797719385226,0.057263262270699056,0.22508676251859197,0.25483391175012393,0.1938522558254834,0.22459097669806644,0.06494794248884482,0.030490827962320277,0.01834407535944472,0.2892910262766485,0.05205751115518096,0.2736737729300942,0.046355974219137334
LIBACT_UNCERTAINTY_SM,0.026276648487853247,0.04709965294992563,0.014873574615765989,0.057263262270699056,0.19881011403073873,0.2602875557759048,0.009667823500247892,0.03148239960337134,0.7436787307882995,0.7786316311353495,1.0,0.07511155180961825,0.06941001487357462,0.1331184928111056,0.014873574615765989,0.17178978681209717,0.026276648487853247,0.16435299950421417,0.10808130887456618,0.07362419434804164,0.12890431333663857,0.07288051561725335,0.09072880515617253,0.07238472979672782,0.07535944471988101,0.047595438770451165,0.16460089241447695,0.1864154685176004,0.24665344571145265,0.2920178482895389,0.062221120475954385,0.033217649975210706,0.015121467526028755,0.2240951908775409,0.05503222607833416,0.21641051065939515,0.057263262270699056
OPTIMAL_GREEDY_10,0.12022806147744175,0.06321269211700545,0.08824987605354487,0.4417451660882499,0.09345562716906297,0.0961824491819534,0.010163609320773426,0.07858205255329698,0.06866633614278632,0.059742191373326724,0.07511155180961825,1.0,0.564700049578582,0.23326722855726326,0.08824987605354487,0.2114526524541398,0.12022806147744175,0.11477441745166088,0.24690133862171543,0.5171046108081309,0.2226078334159643,0.4229053049082796,0.124194348041646,0.3076351016360932,0.5173525037183937,0.05676747645017353,0.058254833911750126,0.057263262270699056,0.07089737233515121,0.05751115518096182,0.131631135349529,0.16980664352999505,0.09816559246405553,0.05205751115518096,0.2315319781854239,0.051065939514129896,0.4417451660882499
OPTIMAL_GREEDY_20,0.12171541893901834,0.06866633614278632,0.08676251859196826,0.440505701536936,0.0946950917203768,0.0946950917203768,0.017104610808130888,0.07907783837382251,0.06618740704015866,0.05156172533465543,0.06941001487357462,0.564700049578582,1.0,0.22905304908279622,0.08676251859196826,0.2035200793257313,0.12171541893901834,0.11155180961824492,0.23698562221120476,0.49082796232027764,0.2092216162617749,0.4149727317798711,0.12245909766980664,0.31184928111056026,0.5111551809618244,0.051313832424392664,0.05304908279623203,0.05230540406544373,0.060981655924640554,0.052553296975706494,0.14179474467030243,0.18591968269707487,0.10114030738720872,0.04908279623202776,0.22756569162121965,0.0518096182449182,0.440505701536936
PLAYGROUND_BANDIT,0.06494794248884482,0.05057015369360436,0.04090233019335647,0.19211700545364402,0.18096182449181952,0.19211700545364402,0.02528507684680218,0.05007436787307883,0.10485870104115022,0.11799702528507684,0.1331184928111056,0.23326722855726326,0.22905304908279622,1.0,0.04090233019335647,0.5138820029747149,0.06494794248884482,0.5443728309370351,0.5748636588993554,0.25384234010907286,0.2850768468021815,0.2248388696083292,0.09866137828458106,0.1626177491323748,0.229300941993059,0.07858205255329698,0.10956866633614279,0.11774913237481408,0.13510163609320774,0.12444224095190877,0.1212196331184928,0.09345562716906297,0.03470500743678731,0.11130391670798215,0.10535448686167576,0.11179970252850768,0.19211700545364402
PLAYGROUND_GRAPH_DENSITY,0.029251363411006447,0.02751611303916708,1.0,0.09419930589985126,0.03495290034705007,0.035696579077838374,0.0022310361923648984,0.020079325731284084,0.017104610808130888,0.015617253346554288,0.014873574615765989,0.08824987605354487,0.08676251859196826,0.04090233019335647,1.0,0.030490827962320277,0.029251363411006447,0.023549826474962815,0.040406544372830935,0.0991571641051066,0.05800694100148736,0.08552305404065444,0.03867129400099157,0.07164105106593951,0.10114030738720872,0.022310361923648984,0.014625681705503223,0.01264253842340109,0.015617253346554288,0.015865146256817054,0.046355974219137334,0.030738720872583045,0.030986613782845812,0.012890431333663858,0.047595438770451165,0.014873574615765989,0.09419930589985126
PLAYGROUND_INFORMATIVE_DIVERSE,0.06544372830937036,0.044124938026772434,0.030490827962320277,0.16385721368368864,0.20128904313336637,0.22384729796727815,0.03346554288547347,0.047595438770451165,0.12196331184928111,0.14328210213187903,0.17178978681209717,0.2114526524541398,0.2035200793257313,0.5138820029747149,0.030490827962320277,1.0,0.06544372830937036,0.47174020823004464,0.4853743182944968,0.1980664352999504,0.2736737729300942,0.1841844323252355,0.13039167079821518,0.16534457114526524,0.1938522558254834,0.07040158651462568,0.1353495290034705,0.15047099652949925,0.16831928606841845,0.15964303420922163,0.11824491819533961,0.0813088745661874,0.027268220128904314,0.13634110064452157,0.11031234506693109,0.13559742191373328,0.16385721368368864
PLAYGROUND_KCENTER_GREEDY,1.0,0.28061477441745164,0.029251363411006447,0.11576598909271195,0.03371343579573624,0.031234506693108576,0.00024789291026276647,0.2630143777887952,0.03966286564204264,0.02949925632126921,0.026276648487853247,0.12022806147744175,0.12171541893901834,0.06494794248884482,0.029251363411006447,0.06544372830937036,1.0,0.03991075855230541,0.08304412493802678,0.12221120475954388,0.08254833911750124,0.11427863163113534,0.053544868616757564,0.08106098165592464,0.12022806147744175,0.13212692117005453,0.03272186415468518,0.030738720872583045,0.026772434308378782,0.02330193356470005,0.05924640555280119,0.124194348041646,0.5907288051561725,0.03024293505205751,0.16360932077342588,0.03173029251363411,0.11576598909271195
PLAYGROUND_MARGIN,0.03991075855230541,0.03941497273177987,0.023549826474962815,0.0932077342588002,0.27937530986613784,0.35027268220128904,0.03173029251363411,0.03346554288547347,0.11923648983639068,0.1360932077342588,0.16435299950421417,0.11477441745166088,0.11155180961824492,0.5443728309370351,0.023549826474962815,0.47174020823004464,0.03991075855230541,1.0,0.5617253346554288,0.11328705999008429,0.2278135845314824,0.11700545364402579,0.07709469509172037,0.10882498760535449,0.11279127416955875,0.06470004957858205,0.1308874566187407,0.1479920674268716,0.16881507188894398,0.2778879524045612,0.09271194843827467,0.06023797719385226,0.020823004462072386,0.20624690133862172,0.07362419434804164,0.1886465047099653,0.0932077342588002
PLAYGROUND_MIXTURE,0.08304412493802678,0.03668815071888944,0.040406544372830935,0.21368368864650472,0.16732771442736738,0.20079325731284084,0.017104610808130888,0.03941497273177987,0.08279623202776401,0.09196826970748637,0.10808130887456618,0.24690133862171543,0.23698562221120476,0.5748636588993554,0.040406544372830935,0.4853743182944968,0.08304412493802678,0.5617253346554288,1.0,0.2625185919682697,0.24590976698066436,0.21368368864650472,0.0894893406048587,0.16683192860684184,0.2374814080317303,0.05850272682201289,0.0887456618740704,0.0894893406048587,0.11056023797719385,0.1420426375805652,0.11477441745166088,0.11056023797719385,0.041398116013882005,0.11527020327218641,0.09940505701536936,0.10312345066931086,0.21368368864650472
PLAYGROUND_UNIFORM,0.12221120475954388,0.05304908279623203,0.0991571641051066,0.46405552801189887,0.10039662865642042,0.10808130887456618,0.0032226078334159644,0.07213683688646505,0.07387208725830441,0.056023797719385225,0.07362419434804164,0.5171046108081309,0.49082796232027764,0.25384234010907286,0.0991571641051066,0.1980664352999504,0.12221120475954388,0.11328705999008429,0.2625185919682697,1.0,0.2240951908775409,0.4333168071393158,0.12394645513138325,0.32399603371343577,0.5503222607833416,0.05156172533465543,0.053792761527020325,0.05899851264253842,0.07114526524541398,0.05528011898859692,0.14005949429846307,0.18096182449181952,0.0961824491819534,0.050322260783341594,0.2055032226078334,0.0466038671294001,0.46405552801189887
SKACTIVEML_COST_EMBEDDING,0.08254833911750124,0.07511155180961825,0.05800694100148736,0.17724343083787802,0.17550818046603867,0.1737729300941993,0.017104610808130888,0.07982151710461081,0.10733763014377788,0.11998016856717898,0.12890431333663857,0.2226078334159643,0.2092216162617749,0.2850768468021815,0.05800694100148736,0.2736737729300942,0.08254833911750124,0.2278135845314824,0.24590976698066436,0.2240951908775409,1.0,0.20649479424888448,0.14229053049082796,0.17922657411998016,0.2337630143777888,0.12667327714427368,0.11551809618244918,0.11824491819533961,0.12543381259295985,0.11477441745166088,0.12840852751611304,0.0872583044124938,0.06866633614278632,0.11130391670798215,0.16410510659395142,0.10783341596430342,0.17724343083787802
SKACTIVEML_DAL,0.11427863163113534,0.06073376301437779,0.08552305404065444,0.35845314823996033,0.10014873574615767,0.10684184432325236,0.010411502231036193,0.08701041150223103,0.07511155180961825,0.05676747645017353,0.07288051561725335,0.4229053049082796,0.4149727317798711,0.2248388696083292,0.08552305404065444,0.1841844323252355,0.11427863163113534,0.11700545364402579,0.21368368864650472,0.4333168071393158,0.20649479424888448,1.0,0.11155180961824492,0.3009419930589985,0.43480416460089244,0.06048587010411502,0.06569162121963312,0.06172533465542886,0.07362419434804164,0.05751115518096182,0.13584531482399603,0.1849281110560238,0.11948438274665345,0.05304908279623203,0.24144769459593457,0.05850272682201289,0.35845314823996033
SKACTIVEML_DWUS,0.053544868616757564,0.06494794248884482,0.03867129400099157,0.09295984134853744,0.10783341596430342,0.10262766484878533,0.16385721368368864,0.07164105106593951,0.08601883986117997,0.09221616261774913,0.09072880515617253,0.124194348041646,0.12245909766980664,0.09866137828458106,0.03867129400099157,0.13039167079821518,0.053544868616757564,0.07709469509172037,0.0894893406048587,0.12394645513138325,0.14229053049082796,0.11155180961824492,1.0,0.15220624690133863,0.12171541893901834,0.06544372830937036,0.08552305404065444,0.08601883986117997,0.0887456618740704,0.07436787307882994,0.15865146256817056,0.20376797223599405,0.05651958353991076,0.08081308874566187,0.06519583539910759,0.08304412493802678,0.09295984134853744
SKACTIVEML_QBC,0.08106098165592464,0.0436291522062469,0.07164105106593951,0.2627664848785325,0.0961824491819534,0.10312345066931086,0.035448686167575606,0.06470004957858205,0.06544372830937036,0.06767476450173525,0.07238472979672782,0.3076351016360932,0.31184928111056026,0.1626177491323748,0.07164105106593951,0.16534457114526524,0.08106098165592464,0.10882498760535449,0.16683192860684184,0.32399603371343577,0.17922657411998016,0.3009419930589985,0.15220624690133863,1.0,0.326970748636589,0.06048587010411502,0.06321269211700545,0.05999008428358949,0.07238472979672782,0.06866633614278632,0.15418939018344074,0.16187407040158652,0.07833415964303421,0.06321269211700545,0.1588993554784333,0.06470004957858205,0.2627664848785325
SKACTIVEML_QBC_VOTE_ENTROPY,0.12022806147744175,0.05280118988596926,0.10114030738720872,0.4590976698066435,0.09866137828458106,0.10733763014377788,0.0019831432821021317,0.07288051561725335,0.06122954883490332,0.06023797719385226,0.07535944471988101,0.5173525037183937,0.5111551809618244,0.229300941993059,0.10114030738720872,0.1938522558254834,0.12022806147744175,0.11279127416955875,0.2374814080317303,0.5503222607833416,0.2337630143777888,0.43480416460089244,0.12171541893901834,0.326970748636589,1.0,0.06048587010411502,0.05800694100148736,0.06048587010411502,0.07759048091224591,0.06023797719385226,0.13262270699058007,0.1737729300941993,0.09048091224590976,0.050322260783341594,0.20302429350520576,0.05428854734754586,0.4590976698066435
SKACTIVEML_QUIRE,0.13212692117005453,0.1715418939018344,0.022310361923648984,0.03991075855230541,0.07164105106593951,0.05924640555280119,0.02949925632126921,0.15964303420922163,0.05899851264253842,0.057263262270699056,0.047595438770451165,0.05676747645017353,0.051313832424392664,0.07858205255329698,0.022310361923648984,0.07040158651462568,0.13212692117005453,0.06470004957858205,0.05850272682201289,0.05156172533465543,0.12667327714427368,0.06048587010411502,0.06544372830937036,0.06048587010411502,0.06048587010411502,1.0,0.05850272682201289,0.058750619732275654,0.049826474962816066,0.04164600892414477,0.10585027268220129,0.03470500743678731,0.12295488349033218,0.049826474962816066,0.09370352007932573,0.05453644025780863,0.03991075855230541
SKACTIVEML_US_ENTROPY,0.03272186415468518,0.05800694100148736,0.014625681705503223,0.040406544372830935,0.25260287555775907,0.19757064947942488,0.008924144769459593,0.03495290034705007,0.24690133862171543,0.22508676251859197,0.16460089241447695,0.058254833911750126,0.05304908279623203,0.10956866633614279,0.014625681705503223,0.1353495290034705,0.03272186415468518,0.1308874566187407,0.0887456618740704,0.053792761527020325,0.11551809618244918,0.06569162121963312,0.08552305404065444,0.06321269211700545,0.05800694100148736,0.05850272682201289,1.0,0.8235002478929102,0.7600396628656421,0.16013882002974714,0.06172533465542886,0.034209221616261776,0.017848289538919187,0.2114526524541398,0.0443728309370352,0.2560733763014378,0.040406544372830935
SKACTIVEML_US_LC,0.030738720872583045,0.05503222607833416,0.01264253842340109,0.040406544372830935,0.27640059494298463,0.21393158155676748,0.008924144769459593,0.03247397124442241,0.2107089737233515,0.25483391175012393,0.1864154685176004,0.057263262270699056,0.05230540406544373,0.11774913237481408,0.01264253842340109,0.15047099652949925,0.030738720872583045,0.1479920674268716,0.0894893406048587,0.05899851264253842,0.11824491819533961,0.06172533465542886,0.08601883986117997,0.05999008428358949,0.06048587010411502,0.058750619732275654,0.8235002478929102,1.0,0.7892910262766485,0.17625185919682698,0.06122954883490332,0.030738720872583045,0.018591968269707486,0.23599405057015369,0.04313336638572137,0.2226078334159643,0.040406544372830935
SKACTIVEML_US_MARGIN,0.026772434308378782,0.04833911750123947,0.015617253346554288,0.048834903321764996,0.2203767972235994,0.2704511650966782,0.008676251859196828,0.030986613782845812,0.15989092711948438,0.1938522558254834,0.24665344571145265,0.07089737233515121,0.060981655924640554,0.13510163609320774,0.015617253346554288,0.16831928606841845,0.026772434308378782,0.16881507188894398,0.11056023797719385,0.07114526524541398,0.12543381259295985,0.07362419434804164,0.0887456618740704,0.07238472979672782,0.07759048091224591,0.049826474962816066,0.7600396628656421,0.7892910262766485,1.0,0.22533465542885472,0.058750619732275654,0.031978185423896875,0.01412989588497769,0.17278135845314824,0.05304908279623203,0.17203767972235995,0.048834903321764996
SMALLTEXT_BREAKINGTIES,0.02330193356470005,0.037927615270203274,0.015865146256817054,0.04115022310361924,0.27169062964799207,0.4033217649975211,0.010411502231036193,0.02404561229548835,0.19583539910758552,0.22459097669806644,0.2920178482895389,0.05751115518096182,0.052553296975706494,0.12444224095190877,0.015865146256817054,0.15964303420922163,0.02330193356470005,0.2778879524045612,0.1420426375805652,0.05528011898859692,0.11477441745166088,0.05751115518096182,0.07436787307882994,0.06866633614278632,0.06023797719385226,0.04164600892414477,0.16013882002974714,0.17625185919682698,0.22533465542885472,1.0,0.05503222607833416,0.027020327218641546,0.011403073872087258,0.7635101636093208,0.0458601883986118,0.7409519087754091,0.04115022310361924
SMALLTEXT_CONTRASTIVEAL,0.05924640555280119,0.06569162121963312,0.046355974219137334,0.11725334655428855,0.0872583044124938,0.0842835894893406,0.1893901834407536,0.124194348041646,0.07858205255329698,0.06494794248884482,0.062221120475954385,0.131631135349529,0.14179474467030243,0.1212196331184928,0.046355974219137334,0.11824491819533961,0.05924640555280119,0.09271194843827467,0.11477441745166088,0.14005949429846307,0.12840852751611304,0.13584531482399603,0.15865146256817056,0.15418939018344074,0.13262270699058007,0.10585027268220129,0.06172533465542886,0.06122954883490332,0.058750619732275654,0.05503222607833416,1.0,0.15939514129895885,0.05453644025780863,0.05651958353991076,0.12964799206742686,0.06023797719385226,0.11725334655428855
SMALLTEXT_EMBEDDINGKMEANS,0.124194348041646,0.05552801189885969,0.030738720872583045,0.16534457114526524,0.03767972235994051,0.03991075855230541,0.3411006445215667,0.07238472979672782,0.0436291522062469,0.030490827962320277,0.033217649975210706,0.16980664352999505,0.18591968269707487,0.09345562716906297,0.030738720872583045,0.0813088745661874,0.124194348041646,0.06023797719385226,0.11056023797719385,0.18096182449181952,0.0872583044124938,0.1849281110560238,0.20376797223599405,0.16187407040158652,0.1737729300941993,0.03470500743678731,0.034209221616261776,0.030738720872583045,0.031978185423896875,0.027020327218641546,0.15939514129895885,1.0,0.18294496777392166,0.024293505205751114,0.22756569162121965,0.02875557759048091,0.16534457114526524
SMALLTEXT_GREEDYCORESET,0.5907288051561725,0.29474467030242935,0.030986613782845812,0.08973723351512147,0.01908775409023302,0.015617253346554288,0.008676251859196828,0.2885473475458602,0.029995042141794746,0.01834407535944472,0.015121467526028755,0.09816559246405553,0.10114030738720872,0.03470500743678731,0.030986613782845812,0.027268220128904314,0.5907288051561725,0.020823004462072386,0.041398116013882005,0.0961824491819534,0.06866633614278632,0.11948438274665345,0.05651958353991076,0.07833415964303421,0.09048091224590976,0.12295488349033218,0.017848289538919187,0.018591968269707486,0.01412989588497769,0.011403073872087258,0.05453644025780863,0.18294496777392166,1.0,0.01611303916707982,0.24714923153197818,0.020079325731284084,0.08973723351512147
SMALLTEXT_LEASTCONFIDENCE,0.03024293505205751,0.05205751115518096,0.012890431333663858,0.03817550818046604,0.4077838373822509,0.26574119980168565,0.010163609320773426,0.027764005949429845,0.2498760535448686,0.2892910262766485,0.2240951908775409,0.05205751115518096,0.04908279623202776,0.11130391670798215,0.012890431333663858,0.13634110064452157,0.03024293505205751,0.20624690133862172,0.11527020327218641,0.050322260783341594,0.11130391670798215,0.05304908279623203,0.08081308874566187,0.06321269211700545,0.050322260783341594,0.049826474962816066,0.2114526524541398,0.23599405057015369,0.17278135845314824,0.7635101636093208,0.05651958353991076,0.024293505205751114,0.01611303916707982,1.0,0.04115022310361924,0.8076351016360932,0.03817550818046604
SMALLTEXT_LIGHTWEIGHTCORESET,0.16360932077342588,0.1308874566187407,0.047595438770451165,0.18368864650470995,0.06593951412989589,0.07015369360436291,0.0,0.14328210213187903,0.06122954883490332,0.05205751115518096,0.05503222607833416,0.2315319781854239,0.22756569162121965,0.10535448686167576,0.047595438770451165,0.11031234506693109,0.16360932077342588,0.07362419434804164,0.09940505701536936,0.2055032226078334,0.16410510659395142,0.24144769459593457,0.06519583539910759,0.1588993554784333,0.20302429350520576,0.09370352007932573,0.0443728309370352,0.04313336638572137,0.05304908279623203,0.0458601883986118,0.12964799206742686,0.22756569162121965,0.24714923153197818,0.04115022310361924,1.0,0.04462072384729797,0.18368864650470995
SMALLTEXT_PREDICTIONENTROPY,0.03173029251363411,0.05924640555280119,0.014873574615765989,0.033217649975210706,0.319533961328706,0.25111551809618243,0.011650966782350025,0.031234506693108576,0.29424888448190384,0.2736737729300942,0.21641051065939515,0.051065939514129896,0.0518096182449182,0.11179970252850768,0.014873574615765989,0.13559742191373328,0.03173029251363411,0.1886465047099653,0.10312345066931086,0.0466038671294001,0.10783341596430342,0.05850272682201289,0.08304412493802678,0.06470004957858205,0.05428854734754586,0.05453644025780863,0.2560733763014378,0.2226078334159643,0.17203767972235995,0.7409519087754091,0.06023797719385226,0.02875557759048091,0.020079325731284084,0.8076351016360932,0.04462072384729797,1.0,0.033217649975210706
SMALLTEXT_RANDOM,0.11576598909271195,0.044124938026772434,0.09419930589985126,1.0,0.08304412493802678,0.0835399107585523,0.002974714923153198,0.06643529995042141,0.051313832424392664,0.046355974219137334,0.057263262270699056,0.4417451660882499,0.440505701536936,0.19211700545364402,0.09419930589985126,0.16385721368368864,0.11576598909271195,0.0932077342588002,0.21368368864650472,0.46405552801189887,0.17724343083787802,0.35845314823996033,0.09295984134853744,0.2627664848785325,0.4590976698066435,0.03991075855230541,0.040406544372830935,0.040406544372830935,0.048834903321764996,0.04115022310361924,0.11725334655428855,0.16534457114526524,0.08973723351512147,0.03817550818046604,0.18368864650470995,0.033217649975210706,1.0
