,ALIPY_CORESET_GREEDY,ALIPY_DENSITY_WEIGHTED,ALIPY_GRAPH_DENSITY,ALIPY_RANDOM,ALIPY_UNCERTAINTY_LC,ALIPY_UNCERTAINTY_MM,LIBACT_DWUS,LIBACT_QUIRE,LIBACT_UNCERTAINTY_ENT,LIBACT_UNCERTAINTY_LC,LIBACT_UNCERTAINTY_SM,OPTIMAL_GREEDY_10,OPTIMAL_GREEDY_20,PLAYGROUND_BANDIT,PLAYGROUND_GRAPH_DENSITY,PLAYGROUND_INFORMATIVE_DIVERSE,PLAYGROUND_KCENTER_GREEDY,PLAYGROUND_MARGIN,PLAYGROUND_MIXTURE,PLAYGROUND_UNIFORM,SKACTIVEML_COST_EMBEDDING,SKACTIVEML_DAL,SKACTIVEML_DWUS,SKACTIVEML_QBC,SKACTIVEML_QBC_VOTE_ENTROPY,SKACTIVEML_QUIRE,SKACTIVEML_US_ENTROPY,SKACTIVEML_US_LC,SKACTIVEML_US_MARGIN,SMALLTEXT_BREAKINGTIES,SMALLTEXT_CONTRASTIVEAL,SMALLTEXT_EMBEDDINGKMEANS,SMALLTEXT_GREEDYCORESET,SMALLTEXT_LEASTCONFIDENCE,SMALLTEXT_LIGHTWEIGHTCORESET,SMALLTEXT_PREDICTIONENTROPY,SMALLTEXT_RANDOM
ALIPY_CORESET_GREEDY,4034,526,429,433,331,327,328,486,260,245,254,629,609,333,429,444,4033,299,455,541,422,571,380,418,580,492,278,311,284,277,406,587,781,295,570,289,434
ALIPY_DENSITY_WEIGHTED,526,4034,395,402,492,475,537,703,405,412,437,606,572,447,395,426,525,400,462,555,496,591,596,450,550,708,422,430,455,446,504,594,626,457,572,452,403
ALIPY_GRAPH_DENSITY,429,395,4034,471,289,301,431,341,222,213,247,698,703,332,4034,381,429,306,478,634,357,585,503,514,623,328,248,254,285,276,366,677,618,257,582,273,471
ALIPY_RANDOM,433,402,471,4034,354,354,323,352,267,271,304,884,855,408,471,530,434,362,572,746,431,714,404,572,747,375,321,340,361,301,430,780,490,295,714,278,4033
ALIPY_UNCERTAINTY_LC,331,492,289,354,4034,2998,290,319,528,640,473,500,523,685,289,481,332,817,647,478,478,499,425,399,505,417,615,739,545,880,362,481,427,1403,504,976,353
ALIPY_UNCERTAINTY_MM,327,475,301,354,2998,4034,329,315,424,457,672,544,543,762,301,497,328,1056,748,484,447,499,476,425,501,415,508,508,706,1378,366,525,458,890,535,778,353
LIBACT_DWUS,328,537,431,323,290,329,4034,504,257,256,300,448,435,311,431,305,328,281,308,431,414,455,642,473,519,417,274,289,325,282,494,665,466,275,441,249,323
LIBACT_QUIRE,486,703,341,352,319,315,504,4034,266,278,289,500,516,342,341,361,486,311,405,505,381,495,464,443,477,601,271,269,295,270,482,518,565,274,459,287,352
LIBACT_UNCERTAINTY_ENT,260,405,222,267,528,424,257,266,4034,3142,2936,419,388,359,222,433,260,350,346,365,405,379,370,305,402,359,685,506,399,675,277,396,370,764,388,953,267
LIBACT_UNCERTAINTY_LC,245,412,213,271,640,457,256,278,3142,4034,3015,413,404,370,213,468,246,362,342,375,413,386,403,305,382,340,538,668,445,694,277,404,340,904,372,779,270
LIBACT_UNCERTAINTY_SM,254,437,247,304,473,672,300,289,2936,3015,4034,452,449,378,247,478,255,353,359,415,402,428,452,352,412,356,417,440,647,910,296,443,372,707,420,685,303
OPTIMAL_GREEDY_10,629,606,698,884,500,544,448,500,419,413,452,4034,2198,617,698,720,630,522,872,1168,560,1006,581,822,1125,540,483,500,528,504,549,1303,671,449,1088,448,883
OPTIMAL_GREEDY_20,609,572,703,855,523,543,435,516,388,404,449,2198,4034,596,703,750,610,529,879,1148,547,1008,600,798,1141,520,495,505,550,471,567,1276,720,442,1080,444,854
PLAYGROUND_BANDIT,333,447,332,408,685,762,311,342,359,370,378,617,596,4034,332,1381,334,2588,1490,554,827,517,404,536,552,538,417,419,435,666,372,515,404,561,575,532,407
PLAYGROUND_GRAPH_DENSITY,429,395,4034,471,289,301,431,341,222,213,247,698,703,332,4034,381,429,306,478,634,357,585,503,514,623,328,248,254,285,276,366,677,618,257,582,273,471
PLAYGROUND_INFORMATIVE_DIVERSE,444,426,381,530,481,497,305,361,433,468,478,720,750,1381,381,4034,445,1317,1282,592,633,623,447,536,664,512,413,454,465,439,407,649,469,419,618,405,529
PLAYGROUND_KCENTER_GREEDY,4033,525,429,434,332,328,328,486,260,246,255,630,610,334,429,445,4034,300,456,542,422,571,381,418,581,492,279,312,285,278,406,588,781,294,569,289,433
PLAYGROUND_MARGIN,299,400,306,362,817,1056,281,311,350,362,353,522,529,2588,306,1317,300,4034,1872,494,775,477,368,494,483,519,418,430,441,997,339,435,408,753,488,672,361
PLAYGROUND_MIXTURE,455,462,478,572,647,748,308,405,346,342,359,872,879,1490,478,1282,456,1872,4034,803,638,670,393,575,768,500,419,406,439,660,398,747,503,557,710,501,571
PLAYGROUND_UNIFORM,541,555,634,746,478,484,431,505,365,375,415,1168,1148,554,634,592,542,494,803,4034,542,831,501,695,957,489,425,429,453,418,533,1015,581,398,866,392,745
SKACTIVEML_COST_EMBEDDING,422,496,357,431,478,447,414,381,405,413,402,560,547,827,357,633,422,775,638,542,4034,555,462,513,555,653,450,446,443,413,385,538,476,434,530,430,431
SKACTIVEML_DAL,571,591,585,714,499,499,455,495,379,386,428,1006,1008,517,585,623,571,477,670,831,555,4034,583,641,877,524,489,503,519,446,550,892,603,443,808,433,714
SKACTIVEML_DWUS,380,596,503,404,425,476,642,464,370,403,452,581,600,404,503,447,381,368,393,501,462,583,4034,537,562,486,425,431,470,418,543,635,569,362,562,392,403
SKACTIVEML_QBC,418,450,514,572,399,425,473,443,305,305,352,822,798,536,514,536,418,494,575,695,513,641,537,4034,795,489,383,388,430,365,476,726,481,333,663,338,572
SKACTIVEML_QBC_VOTE_ENTROPY,580,550,623,747,505,501,519,477,402,382,412,1125,1141,552,623,664,581,483,768,957,555,877,562,795,4034,542,453,469,495,398,549,1045,666,418,891,407,746
SKACTIVEML_QUIRE,492,708,328,375,417,415,417,601,359,340,356,540,520,538,328,512,492,519,500,489,653,524,486,489,542,4034,379,355,392,339,457,522,591,349,513,366,375
SKACTIVEML_US_ENTROPY,278,422,248,321,615,508,274,271,685,538,417,483,495,417,248,413,279,418,419,425,450,489,425,383,453,379,4034,3152,2947,440,320,429,375,545,419,765,320
SKACTIVEML_US_LC,311,430,254,340,739,508,289,269,506,668,440,500,505,419,254,454,312,430,406,429,446,503,431,388,469,355,3152,4034,3009,464,335,448,373,699,429,547,339
SKACTIVEML_US_MARGIN,284,455,285,361,545,706,325,295,399,445,647,528,550,435,285,465,285,441,439,453,443,519,470,430,495,392,2947,3009,4034,637,332,490,396,498,473,441,360
SMALLTEXT_BREAKINGTIES,277,446,276,301,880,1378,282,270,675,694,910,504,471,666,276,439,278,997,660,418,413,446,418,365,398,339,440,464,637,4034,302,465,395,3009,446,2921,300
SMALLTEXT_CONTRASTIVEAL,406,504,366,430,362,366,494,482,277,277,296,549,567,372,366,407,406,339,398,533,385,550,543,476,549,457,320,335,332,302,4034,589,578,339,538,334,430
SMALLTEXT_EMBEDDINGKMEANS,587,594,677,780,481,525,665,518,396,404,443,1303,1276,515,677,649,588,435,747,1015,538,892,635,726,1045,522,429,448,490,465,589,4034,690,426,955,437,779
SMALLTEXT_GREEDYCORESET,781,626,618,490,427,458,466,565,370,340,372,671,720,404,618,469,781,408,503,581,476,603,569,481,666,591,375,373,396,395,578,690,4034,380,653,397,490
SMALLTEXT_LEASTCONFIDENCE,295,457,257,295,1403,890,275,274,764,904,707,449,442,561,257,419,294,753,557,398,434,443,362,333,418,349,545,699,498,3009,339,426,380,4034,411,3101,296
SMALLTEXT_LIGHTWEIGHTCORESET,570,572,582,714,504,535,441,459,388,372,420,1088,1080,575,582,618,569,488,710,866,530,808,562,663,891,513,419,429,473,446,538,955,653,411,4034,404,715
SMALLTEXT_PREDICTIONENTROPY,289,452,273,278,976,778,249,287,953,779,685,448,444,532,273,405,289,672,501,392,430,433,392,338,407,366,765,547,441,2921,334,437,397,3101,404,4034,278
SMALLTEXT_RANDOM,434,403,471,4033,353,353,323,352,267,270,303,883,854,407,471,529,433,361,571,745,431,714,403,572,746,375,320,339,360,300,430,779,490,296,715,278,4034
