,ALIPY_CORESET_GREEDY,ALIPY_DENSITY_WEIGHTED,ALIPY_GRAPH_DENSITY,ALIPY_RANDOM,ALIPY_UNCERTAINTY_LC,ALIPY_UNCERTAINTY_MM,LIBACT_DWUS,LIBACT_QUIRE,LIBACT_UNCERTAINTY_ENT,LIBACT_UNCERTAINTY_LC,LIBACT_UNCERTAINTY_SM,OPTIMAL_GREEDY_10,OPTIMAL_GREEDY_20,PLAYGROUND_BANDIT,PLAYGROUND_GRAPH_DENSITY,PLAYGROUND_INFORMATIVE_DIVERSE,PLAYGROUND_KCENTER_GREEDY,PLAYGROUND_MARGIN,PLAYGROUND_MIXTURE,PLAYGROUND_UNIFORM,SKACTIVEML_COST_EMBEDDING,SKACTIVEML_DAL,SKACTIVEML_DWUS,SKACTIVEML_QBC,SKACTIVEML_QBC_VOTE_ENTROPY,SKACTIVEML_QUIRE,SKACTIVEML_US_ENTROPY,SKACTIVEML_US_LC,SKACTIVEML_US_MARGIN,SMALLTEXT_BREAKINGTIES,SMALLTEXT_CONTRASTIVEAL,SMALLTEXT_EMBEDDINGKMEANS,SMALLTEXT_GREEDYCORESET,SMALLTEXT_LEASTCONFIDENCE,SMALLTEXT_LIGHTWEIGHTCORESET,SMALLTEXT_PREDICTIONENTROPY,SMALLTEXT_RANDOM
ALIPY_CORESET_GREEDY,1.0,0.1383242439266237,0.1591472483886961,0.14229053049082796,0.10882498760535449,0.10956866633614279,0.0518096182449182,0.09196826970748637,0.0872583044124938,0.09395141298958849,0.10089241447694595,0.2057511155180962,0.20624690133862172,0.15047099652949925,0.1591472483886961,0.14253842340109074,0.6712940009915717,0.12270699058006941,0.16236985622211206,0.16410510659395142,0.14600892414476946,0.1663361427863163,0.09122459097669806,0.08527516113039167,0.15964303420922163,0.11403073872087258,0.0999008428358949,0.10684184432325236,0.1065939514129896,0.10163609320773426,0.08230044620723848,0.09643034209221617,0.20699058006941,0.0984134853743183,0.1383242439266237,0.09568666336142786,0.1450173525037184
ALIPY_DENSITY_WEIGHTED,0.1383242439266237,1.0,0.10014873574615767,0.11279127416955875,0.14551313832424392,0.14848785324739713,0.03966286564204264,0.10485870104115022,0.13411006445215667,0.13584531482399603,0.13510163609320774,0.1256817055032226,0.12964799206742686,0.14005949429846307,0.09667823500247893,0.14551313832424392,0.13733267228557264,0.1442736737729301,0.14005949429846307,0.11923648983639068,0.16162617749132374,0.12270699058006941,0.11998016856717898,0.07213683688646505,0.11998016856717898,0.1360932077342588,0.14848785324739713,0.14551313832424392,0.13510163609320774,0.14030738720872582,0.07610312345066932,0.07337630143777887,0.13782845810609817,0.14229053049082796,0.11948438274665345,0.14105106593951414,0.10733763014377788
ALIPY_GRAPH_DENSITY,0.1591472483886961,0.10014873574615767,1.0,0.17104610808130888,0.0894893406048587,0.10411502231036192,0.05627169062964799,0.053544868616757564,0.08378780366881507,0.08453148239960337,0.0894893406048587,0.17625185919682698,0.1536936043629152,0.1271690629647992,0.6983143282102132,0.12444224095190877,0.16360932077342588,0.11551809618244918,0.13956370847793753,0.1931085770946951,0.1271690629647992,0.16236985622211206,0.10634605850272683,0.0932077342588002,0.1980664352999504,0.09147248388696083,0.0880019831432821,0.0842835894893406,0.09147248388696083,0.0924640555280119,0.06643529995042141,0.11105602379771938,0.16732771442736738,0.08775409023301933,0.16831928606841845,0.08651462568170551,0.16807139315815567
ALIPY_RANDOM,0.14229053049082796,0.11279127416955875,0.17104610808130888,1.0,0.12295488349033218,0.1256817055032226,0.06048587010411502,0.09295984134853744,0.10039662865642042,0.09766980664352999,0.10907288051561725,0.2181457610312345,0.2196331184928111,0.15518096182449181,0.16683192860684184,0.1648487853247397,0.14724838869608328,0.13658899355478432,0.1700545364402578,0.2545860188398612,0.15716410510659395,0.21541893901834408,0.10386712940009915,0.13212692117005453,0.2588001983143282,0.10485870104115022,0.11130391670798215,0.11254338125929599,0.11824491819533961,0.11502231036192365,0.08205255329697571,0.1626177491323748,0.18244918195339613,0.10312345066931086,0.2513634110064452,0.10882498760535449,0.6784828953891918
ALIPY_UNCERTAINTY_LC,0.10882498760535449,0.14551313832424392,0.0894893406048587,0.12295488349033218,1.0,0.5790778383738225,0.037927615270203274,0.051313832424392664,0.22954883490332176,0.263262270699058,0.22211204759543876,0.17798710956866634,0.18294496777392166,0.24293505205751115,0.09791769955379276,0.2345066931085771,0.10684184432325236,0.25780862667327714,0.24714923153197818,0.13634110064452157,0.19856222112047595,0.1271690629647992,0.10758552305404065,0.06817055032226078,0.12543381259295985,0.10932077342588002,0.2528507684680218,0.2803668815071889,0.24144769459593457,0.278135845314824,0.061973227565691624,0.07213683688646505,0.11056023797719385,0.35448686167575605,0.12221120475954388,0.30218145761031234,0.12964799206742686
ALIPY_UNCERTAINTY_MM,0.10956866633614279,0.14848785324739713,0.10411502231036192,0.1256817055032226,0.5790778383738225,1.0,0.03991075855230541,0.05205751115518096,0.19955379276152702,0.21988101140307387,0.26474962816063463,0.1923648983639068,0.19781854238968766,0.2498760535448686,0.10262766484878533,0.24590976698066436,0.11353495290034706,0.2935052057511155,0.26499752107089736,0.1442736737729301,0.20252850768468023,0.13039167079821518,0.11056023797719385,0.07213683688646505,0.13510163609320774,0.11105602379771938,0.22161626177491323,0.2411998016856718,0.27193852255825485,0.34977689638076354,0.05899851264253842,0.07610312345066932,0.10014873574615767,0.2734258800198314,0.1301437778879524,0.26103123450669313,0.1308874566187407
LIBACT_DWUS,0.0518096182449182,0.03966286564204264,0.05627169062964799,0.06048587010411502,0.037927615270203274,0.03991075855230541,1.0,0.06544372830937036,0.03520079325731284,0.03371343579573624,0.040406544372830935,0.050322260783341594,0.050322260783341594,0.04709965294992563,0.058254833911750126,0.0443728309370352,0.050322260783341594,0.0458601883986118,0.04685176003966286,0.06717897868120971,0.05552801189885969,0.05924640555280119,0.06965790778383739,0.08750619732275657,0.07387208725830441,0.05528011898859692,0.037927615270203274,0.03445711452652454,0.04338125929598413,0.035696579077838374,0.08106098165592464,0.09643034209221617,0.04858701041150223,0.03024293505205751,0.059494298463063956,0.033217649975210706,0.05800694100148736
LIBACT_QUIRE,0.09196826970748637,0.10485870104115022,0.053544868616757564,0.09295984134853744,0.051313832424392664,0.05205751115518096,0.06544372830937036,1.0,0.04610808130887457,0.043877045116509666,0.04561229548834903,0.07585523054040655,0.07362419434804164,0.06370847793753098,0.05651958353991076,0.05453644025780863,0.08899355478433317,0.05577590480912246,0.06767476450173525,0.11303916707982152,0.07411998016856718,0.0909766980664353,0.05924640555280119,0.10485870104115022,0.10039662865642042,0.10932077342588002,0.044124938026772434,0.04833911750123947,0.04784333168071393,0.046355974219137334,0.10436291522062469,0.07759048091224591,0.0969261279127417,0.0428854734754586,0.10237977193852256,0.0436291522062469,0.09048091224590976
LIBACT_UNCERTAINTY_ENT,0.0872583044124938,0.13411006445215667,0.08378780366881507,0.10039662865642042,0.22954883490332176,0.19955379276152702,0.03520079325731284,0.04610808130887457,1.0,0.605106593951413,0.5622211204759544,0.15146256817055032,0.16063460585027267,0.18071393158155677,0.0909766980664353,0.21244422409519087,0.08849776896380764,0.1782350024789291,0.18443232523549827,0.12592959841348536,0.15939514129895885,0.11179970252850768,0.09791769955379276,0.05627169062964799,0.11948438274665345,0.09643034209221617,0.23252354982647497,0.2188894397620228,0.19137332672285573,0.251611303916708,0.06370847793753098,0.06370847793753098,0.09271194843827467,0.2890431333663857,0.10907288051561725,0.3143282102131879,0.10262766484878533
LIBACT_UNCERTAINTY_LC,0.09395141298958849,0.13584531482399603,0.08453148239960337,0.09766980664352999,0.263262270699058,0.21988101140307387,0.03371343579573624,0.043877045116509666,0.605106593951413,1.0,0.5855230540406544,0.1591472483886961,0.16311353495290035,0.1943480416460089,0.08477937530986614,0.22285572632622708,0.10064452156668319,0.20327218641546851,0.2035200793257313,0.11080813088745661,0.1685671789786812,0.11229548834903322,0.09766980664352999,0.05453644025780863,0.10832920178482895,0.0932077342588002,0.23425880019831433,0.2543381259295984,0.21417947446703026,0.2771442736737729,0.05627169062964799,0.06693108577094695,0.09370352007932573,0.30937035200793256,0.10857709469509172,0.29102627664848785,0.10411502231036192
LIBACT_UNCERTAINTY_SM,0.10089241447694595,0.13510163609320774,0.0894893406048587,0.10907288051561725,0.22211204759543876,0.26474962816063463,0.040406544372830935,0.04561229548834903,0.5622211204759544,0.5855230540406544,1.0,0.17848289538919188,0.1760039662865642,0.20823004462072384,0.0932077342588002,0.23252354982647497,0.10213187902825979,0.21393158155676748,0.21492315319781854,0.12592959841348536,0.1826970748636589,0.12295488349033218,0.1028755577590481,0.07064947942488845,0.12047595438770452,0.09940505701536936,0.20327218641546851,0.2151710461080813,0.24665344571145265,0.31333663857213684,0.0451165096678235,0.06767476450173525,0.09419930589985126,0.27615270203272185,0.11527020327218641,0.25855230540406543,0.10808130887456618
OPTIMAL_GREEDY_10,0.2057511155180962,0.1256817055032226,0.17625185919682698,0.2181457610312345,0.17798710956866634,0.1923648983639068,0.050322260783341594,0.07585523054040655,0.15146256817055032,0.1591472483886961,0.17848289538919188,1.0,0.5619732275656916,0.26524541398116014,0.18145761031234506,0.27863163113534956,0.2092216162617749,0.23351512146752604,0.3071393158155677,0.2352503718393654,0.20872583044124937,0.2300446207238473,0.10014873574615767,0.11923648983639068,0.25037183936539414,0.1457610312345067,0.17104610808130888,0.18542389687654934,0.1960832920178483,0.1943480416460089,0.07089737233515121,0.14600892414476946,0.14774417451660882,0.18691125433812594,0.23574615765989093,0.1760039662865642,0.22508676251859197
OPTIMAL_GREEDY_20,0.20624690133862172,0.12964799206742686,0.1536936043629152,0.2196331184928111,0.18294496777392166,0.19781854238968766,0.050322260783341594,0.07362419434804164,0.16063460585027267,0.16311353495290035,0.1760039662865642,0.5619732275656916,1.0,0.26896380763510164,0.16980664352999505,0.2709469509172038,0.19881011403073873,0.23574615765989093,0.3024293505205751,0.24095190877540903,0.2057511155180962,0.2181457610312345,0.0894893406048587,0.11229548834903322,0.24764501735250372,0.15642042637580567,0.16435299950421417,0.17848289538919188,0.19360436291522062,0.19186911254338126,0.07610312345066932,0.1383242439266237,0.14848785324739713,0.17649975210708974,0.2300446207238473,0.1722855726326227,0.2307882994546356
PLAYGROUND_BANDIT,0.15047099652949925,0.14005949429846307,0.1271690629647992,0.15518096182449181,0.24293505205751115,0.2498760535448686,0.04709965294992563,0.06370847793753098,0.18071393158155677,0.1943480416460089,0.20823004462072384,0.26524541398116014,0.26896380763510164,1.0,0.12469013386217154,0.42711948438274666,0.15071888943976203,0.533961328705999,0.46479920674268715,0.1834407535944472,0.2935052057511155,0.16683192860684184,0.10585027268220129,0.0932077342588002,0.17055032226078334,0.1517104610808131,0.20153693604362916,0.21591472483886961,0.21715418939018344,0.2374814080317303,0.06370847793753098,0.0805651958353991,0.11774913237481408,0.21740208230044622,0.1536936043629152,0.21269211700545365,0.1626177491323748
PLAYGROUND_GRAPH_DENSITY,0.1591472483886961,0.09667823500247893,0.6983143282102132,0.16683192860684184,0.09791769955379276,0.10262766484878533,0.058254833911750126,0.05651958353991076,0.0909766980664353,0.08477937530986614,0.0932077342588002,0.18145761031234506,0.16980664352999505,0.12469013386217154,1.0,0.1346058502726822,0.1554288547347546,0.11328705999008429,0.1427863163113535,0.1980664352999504,0.12741695587506197,0.1685671789786812,0.10708973723351513,0.09940505701536936,0.19583539910758552,0.08998512642538424,0.09643034209221617,0.08924144769459594,0.09717402082300446,0.09890927119484383,0.06420426375805652,0.11799702528507684,0.1685671789786812,0.08899355478433317,0.18096182449181952,0.0924640555280119,0.1745166088249876
PLAYGROUND_INFORMATIVE_DIVERSE,0.14253842340109074,0.14551313832424392,0.12444224095190877,0.1648487853247397,0.2345066931085771,0.24590976698066436,0.0443728309370352,0.05453644025780863,0.21244422409519087,0.22285572632622708,0.23252354982647497,0.27863163113534956,0.2709469509172038,0.42711948438274666,0.1346058502726822,1.0,0.1554288547347546,0.4229053049082796,0.4229053049082796,0.17848289538919188,0.2744174516608825,0.15964303420922163,0.10262766484878533,0.09742191373326722,0.18740704015865145,0.14724838869608328,0.22136836886465047,0.23029251363411007,0.2315319781854239,0.22583044124938026,0.06395637084779375,0.10014873574615767,0.11576598909271195,0.2263262270699058,0.16906296479920674,0.21789786812097173,0.16931085770946952
PLAYGROUND_KCENTER_GREEDY,0.6712940009915717,0.13733267228557264,0.16360932077342588,0.14724838869608328,0.10684184432325236,0.11353495290034706,0.050322260783341594,0.08899355478433317,0.08849776896380764,0.10064452156668319,0.10213187902825979,0.2092216162617749,0.19881011403073873,0.15071888943976203,0.1554288547347546,0.1554288547347546,1.0,0.1249380267724343,0.16881507188894398,0.16584035696579078,0.15047099652949925,0.1591472483886961,0.09221616261774913,0.08626673277144274,0.16013882002974714,0.11452652454139811,0.1036192364898364,0.11031234506693109,0.10138820029747149,0.10857709469509172,0.07932573128408528,0.09419930589985126,0.2114526524541398,0.10188398611799702,0.14253842340109074,0.10237977193852256,0.1353495290034705
PLAYGROUND_MARGIN,0.12270699058006941,0.1442736737729301,0.11551809618244918,0.13658899355478432,0.25780862667327714,0.2935052057511155,0.0458601883986118,0.05577590480912246,0.1782350024789291,0.20327218641546851,0.21393158155676748,0.23351512146752604,0.23574615765989093,0.533961328705999,0.11328705999008429,0.4229053049082796,0.1249380267724343,1.0,0.5233019335647,0.16236985622211206,0.2821021318790283,0.14898363906792267,0.10832920178482895,0.0917203767972236,0.1650966782350025,0.15319781854238967,0.2017848289538919,0.21492315319781854,0.221864154685176,0.2816063460585027,0.05850272682201289,0.07511155180961825,0.10609816559246406,0.2424392662369856,0.1427863163113535,0.24392662369856222,0.14179474467030243
PLAYGROUND_MIXTURE,0.16236985622211206,0.14005949429846307,0.13956370847793753,0.1700545364402578,0.24714923153197818,0.26499752107089736,0.04685176003966286,0.06767476450173525,0.18443232523549827,0.2035200793257313,0.21492315319781854,0.3071393158155677,0.3024293505205751,0.46479920674268715,0.1427863163113535,0.4229053049082796,0.16881507188894398,0.5233019335647,1.0,0.21591472483886961,0.25855230540406543,0.17253346554288548,0.10237977193852256,0.10039662865642042,0.1983143282102132,0.14600892414476946,0.21789786812097173,0.21938522558254833,0.2307882994546356,0.2592959841348537,0.06792265741199802,0.10436291522062469,0.12518591968269707,0.2307882994546356,0.180466038671294,0.22459097669806644,0.17997025285076848
PLAYGROUND_UNIFORM,0.16410510659395142,0.11923648983639068,0.1931085770946951,0.2545860188398612,0.13634110064452157,0.1442736737729301,0.06717897868120971,0.11303916707982152,0.12592959841348536,0.11080813088745661,0.12592959841348536,0.2352503718393654,0.24095190877540903,0.1834407535944472,0.1980664352999504,0.17848289538919188,0.16584035696579078,0.16236985622211206,0.21591472483886961,1.0,0.18145761031234506,0.23500247892910262,0.11254338125929599,0.12865642042637582,0.29077838373822507,0.12444224095190877,0.12469013386217154,0.12022806147744175,0.13336638572136836,0.13187902825979178,0.10237977193852256,0.16608824987605356,0.18740704015865145,0.12369856222112048,0.2580565195835399,0.12320277640059495,0.2550818046603867
SKACTIVEML_COST_EMBEDDING,0.14600892414476946,0.16162617749132374,0.1271690629647992,0.15716410510659395,0.19856222112047595,0.20252850768468023,0.05552801189885969,0.07411998016856718,0.15939514129895885,0.1685671789786812,0.1826970748636589,0.20872583044124937,0.2057511155180962,0.2935052057511155,0.12741695587506197,0.2744174516608825,0.15047099652949925,0.2821021318790283,0.25855230540406543,0.18145761031234506,1.0,0.16559246405552802,0.12196331184928111,0.0999008428358949,0.1789786812097174,0.16831928606841845,0.18443232523549827,0.1841844323252355,0.18740704015865145,0.18691125433812594,0.07139315815567675,0.0969261279127417,0.14253842340109074,0.18443232523549827,0.17327714427367377,0.1819533961328706,0.16435299950421417
SKACTIVEML_DAL,0.1663361427863163,0.12270699058006941,0.16236985622211206,0.21541893901834408,0.1271690629647992,0.13039167079821518,0.05924640555280119,0.0909766980664353,0.11179970252850768,0.11229548834903322,0.12295488349033218,0.2300446207238473,0.2181457610312345,0.16683192860684184,0.1685671789786812,0.15964303420922163,0.1591472483886961,0.14898363906792267,0.17253346554288548,0.23500247892910262,0.16559246405552802,1.0,0.11080813088745661,0.11105602379771938,0.2387208725830441,0.11056023797719385,0.12816063460585028,0.11650966782350025,0.12890431333663857,0.11675756073376302,0.0969261279127417,0.146504709965295,0.1700545364402578,0.11551809618244918,0.23847297967278136,0.11502231036192365,0.21492315319781854
SKACTIVEML_DWUS,0.09122459097669806,0.11998016856717898,0.10634605850272683,0.10386712940009915,0.10758552305404065,0.11056023797719385,0.06965790778383739,0.05924640555280119,0.09791769955379276,0.09766980664352999,0.1028755577590481,0.10014873574615767,0.0894893406048587,0.10585027268220129,0.10708973723351513,0.10262766484878533,0.09221616261774913,0.10832920178482895,0.10237977193852256,0.11254338125929599,0.12196331184928111,0.11080813088745661,1.0,0.08899355478433317,0.12146752602875557,0.0917203767972236,0.10461080813088745,0.10634605850272683,0.10237977193852256,0.0984134853743183,0.05924640555280119,0.09593455627169063,0.0984134853743183,0.09568666336142786,0.11204759543877045,0.0999008428358949,0.1028755577590481
SKACTIVEML_QBC,0.08527516113039167,0.07213683688646505,0.0932077342588002,0.13212692117005453,0.06817055032226078,0.07213683688646505,0.08750619732275657,0.10485870104115022,0.05627169062964799,0.05453644025780863,0.07064947942488845,0.11923648983639068,0.11229548834903322,0.0932077342588002,0.09940505701536936,0.09742191373326722,0.08626673277144274,0.0917203767972236,0.10039662865642042,0.12865642042637582,0.0999008428358949,0.11105602379771938,0.08899355478433317,1.0,0.139067922657412,0.10461080813088745,0.06470004957858205,0.06470004957858205,0.08031730292513634,0.06817055032226078,0.11700545364402579,0.11130391670798215,0.0924640555280119,0.059742191373326724,0.13658899355478432,0.060981655924640554,0.13237481408031732
SKACTIVEML_QBC_VOTE_ENTROPY,0.15964303420922163,0.11998016856717898,0.1980664352999504,0.2588001983143282,0.12543381259295985,0.13510163609320774,0.07387208725830441,0.10039662865642042,0.11948438274665345,0.10832920178482895,0.12047595438770452,0.25037183936539414,0.24764501735250372,0.17055032226078334,0.19583539910758552,0.18740704015865145,0.16013882002974714,0.1650966782350025,0.1983143282102132,0.29077838373822507,0.1789786812097174,0.2387208725830441,0.12146752602875557,0.139067922657412,1.0,0.11849281110560238,0.11923648983639068,0.11452652454139811,0.1294000991571641,0.12146752602875557,0.08626673277144274,0.17055032226078334,0.18790282597917699,0.11774913237481408,0.2788795240456123,0.11551809618244918,0.26474962816063463
SKACTIVEML_QUIRE,0.11403073872087258,0.1360932077342588,0.09147248388696083,0.10485870104115022,0.10932077342588002,0.11105602379771938,0.05528011898859692,0.10932077342588002,0.09643034209221617,0.0932077342588002,0.09940505701536936,0.1457610312345067,0.15642042637580567,0.1517104610808131,0.08998512642538424,0.14724838869608328,0.11452652454139811,0.15319781854238967,0.14600892414476946,0.12444224095190877,0.16831928606841845,0.11056023797719385,0.0917203767972236,0.10461080813088745,0.11849281110560238,1.0,0.10882498760535449,0.11105602379771938,0.11080813088745661,0.10064452156668319,0.10138820029747149,0.0805651958353991,0.11998016856717898,0.09816559246405553,0.1249380267724343,0.10585027268220129,0.10857709469509172
SKACTIVEML_US_ENTROPY,0.0999008428358949,0.14848785324739713,0.0880019831432821,0.11130391670798215,0.2528507684680218,0.22161626177491323,0.037927615270203274,0.044124938026772434,0.23252354982647497,0.23425880019831433,0.20327218641546851,0.17104610808130888,0.16435299950421417,0.20153693604362916,0.09643034209221617,0.22136836886465047,0.1036192364898364,0.2017848289538919,0.21789786812097173,0.12469013386217154,0.18443232523549827,0.12816063460585028,0.10461080813088745,0.06470004957858205,0.11923648983639068,0.10882498760535449,1.0,0.6070897372335151,0.5765989092711948,0.20525532969757065,0.060981655924640554,0.06792265741199802,0.10114030738720872,0.23921665840356965,0.11898859692612791,0.263262270699058,0.11427863163113534
SKACTIVEML_US_LC,0.10684184432325236,0.14551313832424392,0.0842835894893406,0.11254338125929599,0.2803668815071889,0.2411998016856718,0.03445711452652454,0.04833911750123947,0.2188894397620228,0.2543381259295984,0.2151710461080813,0.18542389687654934,0.17848289538919188,0.21591472483886961,0.08924144769459594,0.23029251363411007,0.11031234506693109,0.21492315319781854,0.21938522558254833,0.12022806147744175,0.1841844323252355,0.11650966782350025,0.10634605850272683,0.06470004957858205,0.11452652454139811,0.11105602379771938,0.6070897372335151,1.0,0.5815567674764501,0.2278135845314824,0.059494298463063956,0.06643529995042141,0.0999008428358949,0.2744174516608825,0.11725334655428855,0.25012394645513136,0.11824491819533961
SKACTIVEML_US_MARGIN,0.1065939514129896,0.13510163609320774,0.09147248388696083,0.11824491819533961,0.24144769459593457,0.27193852255825485,0.04338125929598413,0.04784333168071393,0.19137332672285573,0.21417947446703026,0.24665344571145265,0.1960832920178483,0.19360436291522062,0.21715418939018344,0.09717402082300446,0.2315319781854239,0.10138820029747149,0.221864154685176,0.2307882994546356,0.13336638572136836,0.18740704015865145,0.12890431333663857,0.10237977193852256,0.08031730292513634,0.1294000991571641,0.11080813088745661,0.5765989092711948,0.5815567674764501,1.0,0.26053544868616757,0.051313832424392664,0.07164105106593951,0.09866137828458106,0.2263262270699058,0.12196331184928111,0.2077342588001983,0.12097174020823004
SMALLTEXT_BREAKINGTIES,0.10163609320773426,0.14030738720872582,0.0924640555280119,0.11502231036192365,0.278135845314824,0.34977689638076354,0.035696579077838374,0.046355974219137334,0.251611303916708,0.2771442736737729,0.31333663857213684,0.1943480416460089,0.19186911254338126,0.2374814080317303,0.09890927119484383,0.22583044124938026,0.10857709469509172,0.2816063460585027,0.2592959841348537,0.13187902825979178,0.18691125433812594,0.11675756073376302,0.0984134853743183,0.06817055032226078,0.12146752602875557,0.10064452156668319,0.20525532969757065,0.2278135845314824,0.26053544868616757,1.0,0.049826474962816066,0.0768468021814576,0.09791769955379276,0.581804660386713,0.12171541893901834,0.5567674764501735,0.11105602379771938
SMALLTEXT_CONTRASTIVEAL,0.08230044620723848,0.07610312345066932,0.06643529995042141,0.08205255329697571,0.061973227565691624,0.05899851264253842,0.08106098165592464,0.10436291522062469,0.06370847793753098,0.05627169062964799,0.0451165096678235,0.07089737233515121,0.07610312345066932,0.06370847793753098,0.06420426375805652,0.06395637084779375,0.07932573128408528,0.05850272682201289,0.06792265741199802,0.10237977193852256,0.07139315815567675,0.0969261279127417,0.05924640555280119,0.11700545364402579,0.08626673277144274,0.10138820029747149,0.060981655924640554,0.059494298463063956,0.051313832424392664,0.049826474962816066,1.0,0.08824987605354487,0.10436291522062469,0.052553296975706494,0.09370352007932573,0.05428854734754586,0.0887456618740704
SMALLTEXT_EMBEDDINGKMEANS,0.09643034209221617,0.07337630143777887,0.11105602379771938,0.1626177491323748,0.07213683688646505,0.07610312345066932,0.09643034209221617,0.07759048091224591,0.06370847793753098,0.06693108577094695,0.06767476450173525,0.14600892414476946,0.1383242439266237,0.0805651958353991,0.11799702528507684,0.10014873574615767,0.09419930589985126,0.07511155180961825,0.10436291522062469,0.16608824987605356,0.0969261279127417,0.146504709965295,0.09593455627169063,0.11130391670798215,0.17055032226078334,0.0805651958353991,0.06792265741199802,0.06643529995042141,0.07164105106593951,0.0768468021814576,0.08824987605354487,1.0,0.12915220624690135,0.06990580069410014,0.18839861179970252,0.07064947942488845,0.16584035696579078
SMALLTEXT_GREEDYCORESET,0.20699058006941,0.13782845810609817,0.16732771442736738,0.18244918195339613,0.11056023797719385,0.10014873574615767,0.04858701041150223,0.0969261279127417,0.09271194843827467,0.09370352007932573,0.09419930589985126,0.14774417451660882,0.14848785324739713,0.11774913237481408,0.1685671789786812,0.11576598909271195,0.2114526524541398,0.10609816559246406,0.12518591968269707,0.18740704015865145,0.14253842340109074,0.1700545364402578,0.0984134853743183,0.0924640555280119,0.18790282597917699,0.11998016856717898,0.10114030738720872,0.0999008428358949,0.09866137828458106,0.09791769955379276,0.10436291522062469,0.12915220624690135,1.0,0.10039662865642042,0.1886465047099653,0.10138820029747149,0.18468021814576102
SMALLTEXT_LEASTCONFIDENCE,0.0984134853743183,0.14229053049082796,0.08775409023301933,0.10312345066931086,0.35448686167575605,0.2734258800198314,0.03024293505205751,0.0428854734754586,0.2890431333663857,0.30937035200793256,0.27615270203272185,0.18691125433812594,0.17649975210708974,0.21740208230044622,0.08899355478433317,0.2263262270699058,0.10188398611799702,0.2424392662369856,0.2307882994546356,0.12369856222112048,0.18443232523549827,0.11551809618244918,0.09568666336142786,0.059742191373326724,0.11774913237481408,0.09816559246405553,0.23921665840356965,0.2744174516608825,0.2263262270699058,0.581804660386713,0.052553296975706494,0.06990580069410014,0.10039662865642042,1.0,0.10956866633614279,0.6036192364898364,0.10609816559246406
SMALLTEXT_LIGHTWEIGHTCORESET,0.1383242439266237,0.11948438274665345,0.16831928606841845,0.2513634110064452,0.12221120475954388,0.1301437778879524,0.059494298463063956,0.10237977193852256,0.10907288051561725,0.10857709469509172,0.11527020327218641,0.23574615765989093,0.2300446207238473,0.1536936043629152,0.18096182449181952,0.16906296479920674,0.14253842340109074,0.1427863163113535,0.180466038671294,0.2580565195835399,0.17327714427367377,0.23847297967278136,0.11204759543877045,0.13658899355478432,0.2788795240456123,0.1249380267724343,0.11898859692612791,0.11725334655428855,0.12196331184928111,0.12171541893901834,0.09370352007932573,0.18839861179970252,0.1886465047099653,0.10956866633614279,1.0,0.11477441745166088,0.2523549826474963
SMALLTEXT_PREDICTIONENTROPY,0.09568666336142786,0.14105106593951414,0.08651462568170551,0.10882498760535449,0.30218145761031234,0.26103123450669313,0.033217649975210706,0.0436291522062469,0.3143282102131879,0.29102627664848785,0.25855230540406543,0.1760039662865642,0.1722855726326227,0.21269211700545365,0.0924640555280119,0.21789786812097173,0.10237977193852256,0.24392662369856222,0.22459097669806644,0.12320277640059495,0.1819533961328706,0.11502231036192365,0.0999008428358949,0.060981655924640554,0.11551809618244918,0.10585027268220129,0.263262270699058,0.25012394645513136,0.2077342588001983,0.5567674764501735,0.05428854734754586,0.07064947942488845,0.10138820029747149,0.6036192364898364,0.11477441745166088,1.0,0.09965294992563213
SMALLTEXT_RANDOM,0.1450173525037184,0.10733763014377788,0.16807139315815567,0.6784828953891918,0.12964799206742686,0.1308874566187407,0.05800694100148736,0.09048091224590976,0.10262766484878533,0.10411502231036192,0.10808130887456618,0.22508676251859197,0.2307882994546356,0.1626177491323748,0.1745166088249876,0.16931085770946952,0.1353495290034705,0.14179474467030243,0.17997025285076848,0.2550818046603867,0.16435299950421417,0.21492315319781854,0.1028755577590481,0.13237481408031732,0.26474962816063463,0.10857709469509172,0.11427863163113534,0.11824491819533961,0.12097174020823004,0.11105602379771938,0.0887456618740704,0.16584035696579078,0.18468021814576102,0.10609816559246406,0.2523549826474963,0.09965294992563213,1.0
