,ALIPY_CORESET_GREEDY,ALIPY_DENSITY_WEIGHTED,ALIPY_GRAPH_DENSITY,ALIPY_RANDOM,ALIPY_UNCERTAINTY_LC,ALIPY_UNCERTAINTY_MM,LIBACT_DWUS,LIBACT_QUIRE,LIBACT_UNCERTAINTY_ENT,LIBACT_UNCERTAINTY_LC,LIBACT_UNCERTAINTY_SM,OPTIMAL_GREEDY_10,OPTIMAL_GREEDY_20,PLAYGROUND_BANDIT,PLAYGROUND_GRAPH_DENSITY,PLAYGROUND_INFORMATIVE_DIVERSE,PLAYGROUND_KCENTER_GREEDY,PLAYGROUND_MARGIN,PLAYGROUND_MIXTURE,PLAYGROUND_UNIFORM,SKACTIVEML_COST_EMBEDDING,SKACTIVEML_DAL,SKACTIVEML_DWUS,SKACTIVEML_QBC,SKACTIVEML_QBC_VOTE_ENTROPY,SKACTIVEML_QUIRE,SKACTIVEML_US_ENTROPY,SKACTIVEML_US_LC,SKACTIVEML_US_MARGIN,SMALLTEXT_BREAKINGTIES,SMALLTEXT_CONTRASTIVEAL,SMALLTEXT_EMBEDDINGKMEANS,SMALLTEXT_GREEDYCORESET,SMALLTEXT_LEASTCONFIDENCE,SMALLTEXT_LIGHTWEIGHTCORESET,SMALLTEXT_PREDICTIONENTROPY,SMALLTEXT_RANDOM
ALIPY_CORESET_GREEDY,1.0,0.07722222222222222,0.05555555555555555,0.07111111111111111,0.06555555555555556,0.06333333333333334,0.07722222222222222,0.09666666666666666,0.05444444444444444,0.05444444444444444,0.051666666666666666,0.08333333333333333,0.09722222222222222,0.0661111111111111,0.06111111111111111,0.07222222222222222,0.6627777777777778,0.06111111111111111,0.07555555555555556,0.085,0.065,0.09722222222222222,0.07333333333333333,0.08611111111111111,0.085,0.08722222222222223,0.052222222222222225,0.058333333333333334,0.04666666666666667,0.04777777777777778,0.09222222222222222,0.08222222222222222,0.11388888888888889,0.05,0.09166666666666666,0.04666666666666667,0.06833333333333333
ALIPY_DENSITY_WEIGHTED,0.07722222222222222,1.0,0.07166666666666667,0.07,0.12833333333333333,0.12444444444444444,0.21,0.16666666666666666,0.09333333333333334,0.11666666666666667,0.10555555555555556,0.16277777777777777,0.15388888888888888,0.1638888888888889,0.07055555555555555,0.18166666666666667,0.075,0.145,0.13277777777777777,0.15888888888888889,0.23555555555555555,0.16166666666666665,0.21833333333333332,0.1711111111111111,0.16,0.19111111111111112,0.11444444444444445,0.12555555555555556,0.11222222222222222,0.10111111111111111,0.15388888888888888,0.1688888888888889,0.1738888888888889,0.08666666666666667,0.1638888888888889,0.08777777777777777,0.07055555555555555
ALIPY_GRAPH_DENSITY,0.05555555555555555,0.07166666666666667,1.0,0.06277777777777778,0.051111111111111114,0.04722222222222222,0.07333333333333333,0.06666666666666667,0.04777777777777778,0.04722222222222222,0.056666666666666664,0.0811111111111111,0.07555555555555556,0.06333333333333334,0.6644444444444444,0.06388888888888888,0.0661111111111111,0.05388888888888889,0.05722222222222222,0.07166666666666667,0.07333333333333333,0.07944444444444444,0.08222222222222222,0.07,0.08555555555555555,0.09,0.04888888888888889,0.04777777777777778,0.051666666666666666,0.04833333333333333,0.08333333333333333,0.07944444444444444,0.07833333333333334,0.03944444444444444,0.07166666666666667,0.04888888888888889,0.06833333333333333
ALIPY_RANDOM,0.07111111111111111,0.07,0.06277777777777778,1.0,0.065,0.05333333333333334,0.07388888888888889,0.09277777777777778,0.05611111111111111,0.05555555555555555,0.052222222222222225,0.09555555555555556,0.09388888888888888,0.06111111111111111,0.06777777777777778,0.06944444444444445,0.07444444444444444,0.058888888888888886,0.07166666666666667,0.08833333333333333,0.07555555555555556,0.09055555555555556,0.07333333333333333,0.095,0.08888888888888889,0.08166666666666667,0.06055555555555556,0.055,0.05333333333333334,0.04388888888888889,0.08444444444444445,0.095,0.09666666666666666,0.043333333333333335,0.08333333333333333,0.05722222222222222,0.6616666666666666
ALIPY_UNCERTAINTY_LC,0.06555555555555556,0.12833333333333333,0.051111111111111114,0.065,1.0,0.4288888888888889,0.11888888888888889,0.09277777777777778,0.10222222222222223,0.10666666666666667,0.10833333333333334,0.09888888888888889,0.09111111111111111,0.09777777777777778,0.051111111111111114,0.12611111111111112,0.056666666666666664,0.125,0.11166666666666666,0.09888888888888889,0.155,0.11222222222222222,0.13,0.10611111111111111,0.10611111111111111,0.11444444444444445,0.09944444444444445,0.12166666666666667,0.10277777777777777,0.1288888888888889,0.0811111111111111,0.09388888888888888,0.10777777777777778,0.21388888888888888,0.09,0.13444444444444445,0.06666666666666667
ALIPY_UNCERTAINTY_MM,0.06333333333333334,0.12444444444444444,0.04722222222222222,0.05333333333333334,0.4288888888888889,1.0,0.11,0.09111111111111111,0.10166666666666667,0.10055555555555555,0.09444444444444444,0.08555555555555555,0.09055555555555556,0.10444444444444445,0.05333333333333334,0.11,0.051111111111111114,0.16277777777777777,0.12166666666666667,0.09222222222222222,0.12833333333333333,0.10611111111111111,0.11666666666666667,0.09722222222222222,0.10555555555555556,0.1111111111111111,0.10111111111111111,0.10111111111111111,0.115,0.20166666666666666,0.1,0.09833333333333333,0.10333333333333333,0.12277777777777778,0.09166666666666666,0.1338888888888889,0.06388888888888888
LIBACT_DWUS,0.07722222222222222,0.21,0.07333333333333333,0.07388888888888889,0.11888888888888889,0.11,1.0,0.16833333333333333,0.10277777777777777,0.09444444444444444,0.09722222222222222,0.16333333333333333,0.16833333333333333,0.16055555555555556,0.085,0.15833333333333333,0.07777777777777778,0.13333333333333333,0.14055555555555554,0.175,0.23055555555555557,0.1738888888888889,0.20222222222222222,0.1811111111111111,0.2061111111111111,0.2,0.095,0.09555555555555556,0.08944444444444444,0.07444444444444444,0.16833333333333333,0.2011111111111111,0.17944444444444443,0.07777777777777778,0.17055555555555554,0.09777777777777778,0.08222222222222222
LIBACT_QUIRE,0.09666666666666666,0.16666666666666666,0.06666666666666667,0.09277777777777778,0.09277777777777778,0.09111111111111111,0.16833333333333333,1.0,0.08555555555555555,0.095,0.09166666666666666,0.18888888888888888,0.21166666666666667,0.13833333333333334,0.07777777777777778,0.12166666666666667,0.08722222222222223,0.09,0.10166666666666667,0.17722222222222223,0.15944444444444444,0.1988888888888889,0.1461111111111111,0.20333333333333334,0.1922222222222222,0.19611111111111112,0.08611111111111111,0.08722222222222223,0.09333333333333334,0.08333333333333333,0.22277777777777777,0.20333333333333334,0.20722222222222222,0.08888888888888889,0.21444444444444444,0.09833333333333333,0.07666666666666666
LIBACT_UNCERTAINTY_ENT,0.05444444444444444,0.09333333333333334,0.04777777777777778,0.05611111111111111,0.10222222222222223,0.10166666666666667,0.10277777777777777,0.08555555555555555,1.0,0.4533333333333333,0.4388888888888889,0.09777777777777778,0.08277777777777778,0.08388888888888889,0.05555555555555555,0.09833333333333333,0.052222222222222225,0.07833333333333334,0.06944444444444445,0.10333333333333333,0.11166666666666666,0.09333333333333334,0.08388888888888889,0.08666666666666667,0.08277777777777778,0.1111111111111111,0.12333333333333334,0.10111111111111111,0.09666666666666666,0.10166666666666667,0.10055555555555555,0.09055555555555556,0.09111111111111111,0.10333333333333333,0.08777777777777777,0.1388888888888889,0.05444444444444444
LIBACT_UNCERTAINTY_LC,0.05444444444444444,0.11666666666666667,0.04722222222222222,0.05555555555555555,0.10666666666666667,0.10055555555555555,0.09444444444444444,0.095,0.4533333333333333,1.0,0.4538888888888889,0.09333333333333334,0.09444444444444444,0.09833333333333333,0.06,0.09666666666666666,0.055,0.07722222222222222,0.075,0.08666666666666667,0.09444444444444444,0.09277777777777778,0.10111111111111111,0.08555555555555555,0.09388888888888888,0.09111111111111111,0.11333333333333333,0.11777777777777777,0.11388888888888889,0.10222222222222223,0.08166666666666667,0.09,0.08666666666666667,0.10722222222222222,0.08444444444444445,0.12444444444444444,0.05
LIBACT_UNCERTAINTY_SM,0.051666666666666666,0.10555555555555556,0.056666666666666664,0.052222222222222225,0.10833333333333334,0.09444444444444444,0.09722222222222222,0.09166666666666666,0.4388888888888889,0.4538888888888889,1.0,0.10222222222222223,0.10222222222222223,0.08611111111111111,0.045,0.09555555555555556,0.051666666666666666,0.07777777777777778,0.07388888888888889,0.08277777777777778,0.11888888888888889,0.08222222222222222,0.10277777777777777,0.09388888888888888,0.085,0.10444444444444445,0.10666666666666667,0.12277777777777778,0.11833333333333333,0.12,0.08388888888888889,0.09277777777777778,0.08833333333333333,0.10444444444444445,0.08888888888888889,0.11166666666666666,0.05333333333333334
OPTIMAL_GREEDY_10,0.08333333333333333,0.16277777777777777,0.0811111111111111,0.09555555555555556,0.09888888888888889,0.08555555555555555,0.16333333333333333,0.18888888888888888,0.09777777777777778,0.09333333333333334,0.10222222222222223,1.0,0.21611111111111111,0.13055555555555556,0.09111111111111111,0.12666666666666668,0.095,0.0961111111111111,0.10888888888888888,0.21166666666666667,0.16333333333333333,0.20833333333333334,0.17,0.20444444444444446,0.21722222222222223,0.18722222222222223,0.08444444444444445,0.08555555555555555,0.08833333333333333,0.07833333333333334,0.21666666666666667,0.20277777777777778,0.2088888888888889,0.07444444444444444,0.20277777777777778,0.08666666666666667,0.09055555555555556
OPTIMAL_GREEDY_20,0.09722222222222222,0.15388888888888888,0.07555555555555556,0.09388888888888888,0.09111111111111111,0.09055555555555556,0.16833333333333333,0.21166666666666667,0.08277777777777778,0.09444444444444444,0.10222222222222223,0.21611111111111111,1.0,0.14555555555555555,0.07833333333333334,0.12444444444444444,0.085,0.09333333333333334,0.11666666666666667,0.20666666666666667,0.15722222222222224,0.2127777777777778,0.18222222222222223,0.19944444444444445,0.21611111111111111,0.18333333333333332,0.09111111111111111,0.095,0.1,0.09055555555555556,0.1988888888888889,0.21388888888888888,0.20166666666666666,0.07722222222222222,0.21222222222222223,0.09555555555555556,0.09
PLAYGROUND_BANDIT,0.0661111111111111,0.1638888888888889,0.06333333333333334,0.06111111111111111,0.09777777777777778,0.10444444444444445,0.16055555555555556,0.13833333333333334,0.08388888888888889,0.09833333333333333,0.08611111111111111,0.13055555555555556,0.14555555555555555,1.0,0.065,0.3138888888888889,0.07111111111111111,0.2916666666666667,0.3016666666666667,0.14666666666666667,0.16722222222222222,0.14666666666666667,0.16,0.13277777777777777,0.12277777777777778,0.1622222222222222,0.08388888888888889,0.095,0.10333333333333333,0.08833333333333333,0.12833333333333333,0.1411111111111111,0.13666666666666666,0.08666666666666667,0.13,0.09722222222222222,0.06555555555555556
PLAYGROUND_GRAPH_DENSITY,0.06111111111111111,0.07055555555555555,0.6644444444444444,0.06777777777777778,0.051111111111111114,0.05333333333333334,0.085,0.07777777777777778,0.05555555555555555,0.06,0.045,0.09111111111111111,0.07833333333333334,0.065,1.0,0.06777777777777778,0.06111111111111111,0.06222222222222222,0.06444444444444444,0.06944444444444445,0.07,0.07333333333333333,0.08166666666666667,0.075,0.08722222222222223,0.07666666666666666,0.04611111111111111,0.055,0.045,0.052222222222222225,0.0961111111111111,0.08055555555555556,0.07833333333333334,0.04777777777777778,0.0811111111111111,0.05277777777777778,0.06166666666666667
PLAYGROUND_INFORMATIVE_DIVERSE,0.07222222222222222,0.18166666666666667,0.06388888888888888,0.06944444444444445,0.12611111111111112,0.11,0.15833333333333333,0.12166666666666667,0.09833333333333333,0.09666666666666666,0.09555555555555556,0.12666666666666668,0.12444444444444444,0.3138888888888889,0.06777777777777778,1.0,0.06222222222222222,0.3238888888888889,0.2811111111111111,0.13555555555555557,0.19555555555555557,0.13555555555555557,0.17666666666666667,0.1288888888888889,0.12833333333333333,0.14666666666666667,0.09555555555555556,0.10611111111111111,0.09555555555555556,0.0961111111111111,0.11722222222222223,0.11722222222222223,0.13166666666666665,0.09055555555555556,0.12833333333333333,0.09444444444444444,0.07055555555555555
PLAYGROUND_KCENTER_GREEDY,0.6627777777777778,0.075,0.0661111111111111,0.07444444444444444,0.056666666666666664,0.051111111111111114,0.07777777777777778,0.08722222222222223,0.052222222222222225,0.055,0.051666666666666666,0.095,0.085,0.07111111111111111,0.06111111111111111,0.06222222222222222,1.0,0.059444444444444446,0.0661111111111111,0.09111111111111111,0.07277777777777777,0.10555555555555556,0.07333333333333333,0.08777777777777777,0.08777777777777777,0.08666666666666667,0.051666666666666666,0.04777777777777778,0.05555555555555555,0.04666666666666667,0.09666666666666666,0.08222222222222222,0.10277777777777777,0.05,0.08777777777777777,0.049444444444444444,0.06722222222222222
PLAYGROUND_MARGIN,0.06111111111111111,0.145,0.05388888888888889,0.058888888888888886,0.125,0.16277777777777777,0.13333333333333333,0.09,0.07833333333333334,0.07722222222222222,0.07777777777777778,0.0961111111111111,0.09333333333333334,0.2916666666666667,0.06222222222222222,0.3238888888888889,0.059444444444444446,1.0,0.45222222222222225,0.095,0.14888888888888888,0.09055555555555556,0.1361111111111111,0.09444444444444444,0.08722222222222223,0.10611111111111111,0.07944444444444444,0.07833333333333334,0.0811111111111111,0.13111111111111112,0.08611111111111111,0.08777777777777777,0.08611111111111111,0.11055555555555556,0.07555555555555556,0.09777777777777778,0.05555555555555555
PLAYGROUND_MIXTURE,0.07555555555555556,0.13277777777777777,0.05722222222222222,0.07166666666666667,0.11166666666666666,0.12166666666666667,0.14055555555555554,0.10166666666666667,0.06944444444444445,0.075,0.07388888888888889,0.10888888888888888,0.11666666666666667,0.3016666666666667,0.06444444444444444,0.2811111111111111,0.0661111111111111,0.45222222222222225,1.0,0.12555555555555556,0.1338888888888889,0.11555555555555555,0.13055555555555556,0.10888888888888888,0.11333333333333333,0.13111111111111112,0.06666666666666667,0.07166666666666667,0.07166666666666667,0.1111111111111111,0.10444444444444445,0.11222222222222222,0.09888888888888889,0.07666666666666666,0.10055555555555555,0.08944444444444444,0.06777777777777778
PLAYGROUND_UNIFORM,0.085,0.15888888888888889,0.07166666666666667,0.08833333333333333,0.09888888888888889,0.09222222222222222,0.175,0.17722222222222223,0.10333333333333333,0.08666666666666667,0.08277777777777778,0.21166666666666667,0.20666666666666667,0.14666666666666667,0.06944444444444445,0.13555555555555557,0.09111111111111111,0.095,0.12555555555555556,1.0,0.1511111111111111,0.22,0.1688888888888889,0.205,0.20555555555555555,0.18833333333333332,0.075,0.08611111111111111,0.08666666666666667,0.08,0.20777777777777778,0.22166666666666668,0.2011111111111111,0.07333333333333333,0.2288888888888889,0.08055555555555556,0.08777777777777777
SKACTIVEML_COST_EMBEDDING,0.065,0.23555555555555555,0.07333333333333333,0.07555555555555556,0.155,0.12833333333333333,0.23055555555555557,0.15944444444444444,0.11166666666666666,0.09444444444444444,0.11888888888888889,0.16333333333333333,0.15722222222222224,0.16722222222222222,0.07,0.19555555555555557,0.07277777777777777,0.14888888888888888,0.1338888888888889,0.1511111111111111,1.0,0.1527777777777778,0.2061111111111111,0.1688888888888889,0.1661111111111111,0.19555555555555557,0.09444444444444444,0.09111111111111111,0.10333333333333333,0.08833333333333333,0.1622222222222222,0.1827777777777778,0.16333333333333333,0.09111111111111111,0.1622222222222222,0.09388888888888888,0.07388888888888889
SKACTIVEML_DAL,0.09722222222222222,0.16166666666666665,0.07944444444444444,0.09055555555555556,0.11222222222222222,0.10611111111111111,0.1738888888888889,0.1988888888888889,0.09333333333333334,0.09277777777777778,0.08222222222222222,0.20833333333333334,0.2127777777777778,0.14666666666666667,0.07333333333333333,0.13555555555555557,0.10555555555555556,0.09055555555555556,0.11555555555555555,0.22,0.1527777777777778,1.0,0.165,0.20444444444444446,0.21333333333333335,0.18555555555555556,0.08555555555555555,0.09388888888888888,0.09388888888888888,0.08388888888888889,0.21166666666666667,0.19666666666666666,0.21222222222222223,0.06888888888888889,0.19555555555555557,0.1,0.09333333333333334
SKACTIVEML_DWUS,0.07333333333333333,0.21833333333333332,0.08222222222222222,0.07333333333333333,0.13,0.11666666666666667,0.20222222222222222,0.1461111111111111,0.08388888888888889,0.10111111111111111,0.10277777777777777,0.17,0.18222222222222223,0.16,0.08166666666666667,0.17666666666666667,0.07333333333333333,0.1361111111111111,0.13055555555555556,0.1688888888888889,0.2061111111111111,0.165,1.0,0.17277777777777778,0.17166666666666666,0.19722222222222222,0.10277777777777777,0.10055555555555555,0.09888888888888889,0.07944444444444444,0.15611111111111112,0.17222222222222222,0.17666666666666667,0.08444444444444445,0.16,0.095,0.08444444444444445
SKACTIVEML_QBC,0.08611111111111111,0.1711111111111111,0.07,0.095,0.10611111111111111,0.09722222222222222,0.1811111111111111,0.20333333333333334,0.08666666666666667,0.08555555555555555,0.09388888888888888,0.20444444444444446,0.19944444444444445,0.13277777777777777,0.075,0.1288888888888889,0.08777777777777777,0.09444444444444444,0.10888888888888888,0.205,0.1688888888888889,0.20444444444444446,0.17277777777777778,1.0,0.20277777777777778,0.2,0.09222222222222222,0.09,0.10666666666666667,0.07888888888888888,0.2038888888888889,0.19611111111111112,0.22,0.09222222222222222,0.21333333333333335,0.09444444444444444,0.09166666666666666
SKACTIVEML_QBC_VOTE_ENTROPY,0.085,0.16,0.08555555555555555,0.08888888888888889,0.10611111111111111,0.10555555555555556,0.2061111111111111,0.1922222222222222,0.08277777777777778,0.09388888888888888,0.085,0.21722222222222223,0.21611111111111111,0.12277777777777778,0.08722222222222223,0.12833333333333333,0.08777777777777777,0.08722222222222223,0.11333333333333333,0.20555555555555555,0.1661111111111111,0.21333333333333335,0.17166666666666666,0.20277777777777778,1.0,0.19166666666666668,0.08222222222222222,0.08611111111111111,0.09111111111111111,0.08888888888888889,0.18666666666666668,0.21222222222222223,0.19833333333333333,0.07388888888888889,0.2038888888888889,0.09888888888888889,0.09111111111111111
SKACTIVEML_QUIRE,0.08722222222222223,0.19111111111111112,0.09,0.08166666666666667,0.11444444444444445,0.1111111111111111,0.2,0.19611111111111112,0.1111111111111111,0.09111111111111111,0.10444444444444445,0.18722222222222223,0.18333333333333332,0.1622222222222222,0.07666666666666666,0.14666666666666667,0.08666666666666667,0.10611111111111111,0.13111111111111112,0.18833333333333332,0.19555555555555557,0.18555555555555556,0.19722222222222222,0.2,0.19166666666666668,1.0,0.0961111111111111,0.08944444444444444,0.10055555555555555,0.08555555555555555,0.18222222222222223,0.19277777777777777,0.18611111111111112,0.07555555555555556,0.19055555555555556,0.08777777777777777,0.08777777777777777
SKACTIVEML_US_ENTROPY,0.052222222222222225,0.11444444444444445,0.04888888888888889,0.06055555555555556,0.09944444444444445,0.10111111111111111,0.095,0.08611111111111111,0.12333333333333334,0.11333333333333333,0.10666666666666667,0.08444444444444445,0.09111111111111111,0.08388888888888889,0.04611111111111111,0.09555555555555556,0.051666666666666666,0.07944444444444444,0.06666666666666667,0.075,0.09444444444444444,0.08555555555555555,0.10277777777777777,0.09222222222222222,0.08222222222222222,0.0961111111111111,1.0,0.46555555555555556,0.45222222222222225,0.08444444444444445,0.08333333333333333,0.09166666666666666,0.09777777777777778,0.09333333333333334,0.08833333333333333,0.11444444444444445,0.04888888888888889
SKACTIVEML_US_LC,0.058333333333333334,0.12555555555555556,0.04777777777777778,0.055,0.12166666666666667,0.10111111111111111,0.09555555555555556,0.08722222222222223,0.10111111111111111,0.11777777777777777,0.12277777777777778,0.08555555555555555,0.095,0.095,0.055,0.10611111111111111,0.04777777777777778,0.07833333333333334,0.07166666666666667,0.08611111111111111,0.09111111111111111,0.09388888888888888,0.10055555555555555,0.09,0.08611111111111111,0.08944444444444444,0.46555555555555556,1.0,0.45611111111111113,0.09166666666666666,0.08666666666666667,0.09388888888888888,0.09111111111111111,0.0961111111111111,0.09444444444444444,0.11,0.06
SKACTIVEML_US_MARGIN,0.04666666666666667,0.11222222222222222,0.051666666666666666,0.05333333333333334,0.10277777777777777,0.115,0.08944444444444444,0.09333333333333334,0.09666666666666666,0.11388888888888889,0.11833333333333333,0.08833333333333333,0.1,0.10333333333333333,0.045,0.09555555555555556,0.05555555555555555,0.0811111111111111,0.07166666666666667,0.08666666666666667,0.10333333333333333,0.09388888888888888,0.09888888888888889,0.10666666666666667,0.09111111111111111,0.10055555555555555,0.45222222222222225,0.45611111111111113,1.0,0.095,0.09277777777777778,0.09833333333333333,0.10222222222222223,0.09277777777777778,0.08611111111111111,0.11555555555555555,0.052222222222222225
SMALLTEXT_BREAKINGTIES,0.04777777777777778,0.10111111111111111,0.04833333333333333,0.04388888888888889,0.1288888888888889,0.20166666666666666,0.07444444444444444,0.08333333333333333,0.10166666666666667,0.10222222222222223,0.12,0.07833333333333334,0.09055555555555556,0.08833333333333333,0.052222222222222225,0.0961111111111111,0.04666666666666667,0.13111111111111112,0.1111111111111111,0.08,0.08833333333333333,0.08388888888888889,0.07944444444444444,0.07888888888888888,0.08888888888888889,0.08555555555555555,0.08444444444444445,0.09166666666666666,0.095,1.0,0.07444444444444444,0.09055555555555556,0.075,0.45111111111111113,0.07833333333333334,0.4411111111111111,0.056666666666666664
SMALLTEXT_CONTRASTIVEAL,0.09222222222222222,0.15388888888888888,0.08333333333333333,0.08444444444444445,0.0811111111111111,0.1,0.16833333333333333,0.22277777777777777,0.10055555555555555,0.08166666666666667,0.08388888888888889,0.21666666666666667,0.1988888888888889,0.12833333333333333,0.0961111111111111,0.11722222222222223,0.09666666666666666,0.08611111111111111,0.10444444444444445,0.20777777777777778,0.1622222222222222,0.21166666666666667,0.15611111111111112,0.2038888888888889,0.18666666666666668,0.18222222222222223,0.08333333333333333,0.08666666666666667,0.09277777777777778,0.07444444444444444,1.0,0.1988888888888889,0.21,0.07388888888888889,0.20777777777777778,0.09,0.08555555555555555
SMALLTEXT_EMBEDDINGKMEANS,0.08222222222222222,0.1688888888888889,0.07944444444444444,0.095,0.09388888888888888,0.09833333333333333,0.2011111111111111,0.20333333333333334,0.09055555555555556,0.09,0.09277777777777778,0.20277777777777778,0.21388888888888888,0.1411111111111111,0.08055555555555556,0.11722222222222223,0.08222222222222222,0.08777777777777777,0.11222222222222222,0.22166666666666668,0.1827777777777778,0.19666666666666666,0.17222222222222222,0.19611111111111112,0.21222222222222223,0.19277777777777777,0.09166666666666666,0.09388888888888888,0.09833333333333333,0.09055555555555556,0.1988888888888889,1.0,0.19777777777777777,0.08333333333333333,0.22111111111111112,0.095,0.08833333333333333
SMALLTEXT_GREEDYCORESET,0.11388888888888889,0.1738888888888889,0.07833333333333334,0.09666666666666666,0.10777777777777778,0.10333333333333333,0.17944444444444443,0.20722222222222222,0.09111111111111111,0.08666666666666667,0.08833333333333333,0.2088888888888889,0.20166666666666666,0.13666666666666666,0.07833333333333334,0.13166666666666665,0.10277777777777777,0.08611111111111111,0.09888888888888889,0.2011111111111111,0.16333333333333333,0.21222222222222223,0.17666666666666667,0.22,0.19833333333333333,0.18611111111111112,0.09777777777777778,0.09111111111111111,0.10222222222222223,0.075,0.21,0.19777777777777777,1.0,0.07666666666666666,0.22166666666666668,0.0961111111111111,0.08722222222222223
SMALLTEXT_LEASTCONFIDENCE,0.05,0.08666666666666667,0.03944444444444444,0.043333333333333335,0.21388888888888888,0.12277777777777778,0.07777777777777778,0.08888888888888889,0.10333333333333333,0.10722222222222222,0.10444444444444445,0.07444444444444444,0.07722222222222222,0.08666666666666667,0.04777777777777778,0.09055555555555556,0.05,0.11055555555555556,0.07666666666666666,0.07333333333333333,0.09111111111111111,0.06888888888888889,0.08444444444444445,0.09222222222222222,0.07388888888888889,0.07555555555555556,0.09333333333333334,0.0961111111111111,0.09277777777777778,0.45111111111111113,0.07388888888888889,0.08333333333333333,0.07666666666666666,1.0,0.07722222222222222,0.4661111111111111,0.04611111111111111
SMALLTEXT_LIGHTWEIGHTCORESET,0.09166666666666666,0.1638888888888889,0.07166666666666667,0.08333333333333333,0.09,0.09166666666666666,0.17055555555555554,0.21444444444444444,0.08777777777777777,0.08444444444444445,0.08888888888888889,0.20277777777777778,0.21222222222222223,0.13,0.0811111111111111,0.12833333333333333,0.08777777777777777,0.07555555555555556,0.10055555555555555,0.2288888888888889,0.1622222222222222,0.19555555555555557,0.16,0.21333333333333335,0.2038888888888889,0.19055555555555556,0.08833333333333333,0.09444444444444444,0.08611111111111111,0.07833333333333334,0.20777777777777778,0.22111111111111112,0.22166666666666668,0.07722222222222222,1.0,0.085,0.08333333333333333
SMALLTEXT_PREDICTIONENTROPY,0.04666666666666667,0.08777777777777777,0.04888888888888889,0.05722222222222222,0.13444444444444445,0.1338888888888889,0.09777777777777778,0.09833333333333333,0.1388888888888889,0.12444444444444444,0.11166666666666666,0.08666666666666667,0.09555555555555556,0.09722222222222222,0.05277777777777778,0.09444444444444444,0.049444444444444444,0.09777777777777778,0.08944444444444444,0.08055555555555556,0.09388888888888888,0.1,0.095,0.09444444444444444,0.09888888888888889,0.08777777777777777,0.11444444444444445,0.11,0.11555555555555555,0.4411111111111111,0.09,0.095,0.0961111111111111,0.4661111111111111,0.085,1.0,0.051666666666666666
SMALLTEXT_RANDOM,0.06833333333333333,0.07055555555555555,0.06833333333333333,0.6616666666666666,0.06666666666666667,0.06388888888888888,0.08222222222222222,0.07666666666666666,0.05444444444444444,0.05,0.05333333333333334,0.09055555555555556,0.09,0.06555555555555556,0.06166666666666667,0.07055555555555555,0.06722222222222222,0.05555555555555555,0.06777777777777778,0.08777777777777777,0.07388888888888889,0.09333333333333334,0.08444444444444445,0.09166666666666666,0.09111111111111111,0.08777777777777777,0.04888888888888889,0.06,0.052222222222222225,0.056666666666666664,0.08555555555555555,0.08833333333333333,0.08722222222222223,0.04611111111111111,0.08333333333333333,0.051666666666666666,1.0
