,ALIPY_CORESET_GREEDY,ALIPY_DENSITY_WEIGHTED,ALIPY_GRAPH_DENSITY,ALIPY_RANDOM,ALIPY_UNCERTAINTY_LC,ALIPY_UNCERTAINTY_MM,LIBACT_DWUS,LIBACT_QUIRE,LIBACT_UNCERTAINTY_ENT,LIBACT_UNCERTAINTY_LC,LIBACT_UNCERTAINTY_SM,OPTIMAL_GREEDY_10,OPTIMAL_GREEDY_20,PLAYGROUND_BANDIT,PLAYGROUND_GRAPH_DENSITY,PLAYGROUND_INFORMATIVE_DIVERSE,PLAYGROUND_KCENTER_GREEDY,PLAYGROUND_MARGIN,PLAYGROUND_MIXTURE,PLAYGROUND_UNIFORM,SKACTIVEML_COST_EMBEDDING,SKACTIVEML_DAL,SKACTIVEML_DWUS,SKACTIVEML_QBC,SKACTIVEML_QBC_VOTE_ENTROPY,SKACTIVEML_QUIRE,SKACTIVEML_US_ENTROPY,SKACTIVEML_US_LC,SKACTIVEML_US_MARGIN,SMALLTEXT_BREAKINGTIES,SMALLTEXT_CONTRASTIVEAL,SMALLTEXT_EMBEDDINGKMEANS,SMALLTEXT_GREEDYCORESET,SMALLTEXT_LEASTCONFIDENCE,SMALLTEXT_LIGHTWEIGHTCORESET,SMALLTEXT_PREDICTIONENTROPY,SMALLTEXT_RANDOM
ALIPY_CORESET_GREEDY,1.0,0.18914229053049084,0.10907288051561725,0.1360932077342588,0.1301437778879524,0.12221120475954388,0.08180466038671294,0.15964303420922163,0.14154685176003967,0.13981160138820029,0.13063956370847793,0.15121467526028756,0.146504709965295,0.14551313832424392,0.10907288051561725,0.1576598909271195,0.9945463559742191,0.14526524541398117,0.15294992563212692,0.1308874566187407,0.1611303916707982,0.1383242439266237,0.11006445215666832,0.11923648983639068,0.14823996033713435,0.15939514129895885,0.1375805651958354,0.1353495290034705,0.12295488349033218,0.13212692117005453,0.10039662865642042,0.13262270699058007,0.1998016856717898,0.14154685176003967,0.14476945959345563,0.14600892414476946,0.1360932077342588
ALIPY_DENSITY_WEIGHTED,0.18914229053049084,1.0,0.08701041150223103,0.11056023797719385,0.1611303916707982,0.14923153197818542,0.09122459097669806,0.19930589985126426,0.14080317302925136,0.14005949429846307,0.1301437778879524,0.11105602379771938,0.11700545364402579,0.15617253346554288,0.08701041150223103,0.15195835399107585,0.19211700545364402,0.16311353495290035,0.14476945959345563,0.11725334655428855,0.14600892414476946,0.12072384729796728,0.11824491819533961,0.11328705999008429,0.12915220624690135,0.1931085770946951,0.15344571145265246,0.15518096182449181,0.1383242439266237,0.13931581556767478,0.11527020327218641,0.10857709469509172,0.15270203272186417,0.14823996033713435,0.124194348041646,0.14724838869608328,0.11056023797719385
ALIPY_GRAPH_DENSITY,0.10907288051561725,0.08701041150223103,1.0,0.1405552801189886,0.10089241447694595,0.10832920178482895,0.1360932077342588,0.06866633614278632,0.0946950917203768,0.09122459097669806,0.0984134853743183,0.15220624690133863,0.14476945959345563,0.11824491819533961,0.9997521070897373,0.11725334655428855,0.11080813088745661,0.10758552305404065,0.1338621715418939,0.15691621219633117,0.10386712940009915,0.1383242439266237,0.13510163609320774,0.1212196331184928,0.1442736737729301,0.07436787307882994,0.09866137828458106,0.09816559246405553,0.10163609320773426,0.09568666336142786,0.090233019335647,0.1494794248884482,0.13857213683688646,0.09196826970748637,0.1517104610808131,0.08899355478433317,0.14005949429846307
ALIPY_RANDOM,0.1360932077342588,0.11056023797719385,0.1405552801189886,1.0,0.11700545364402579,0.12617749132374814,0.10188398611799702,0.10188398611799702,0.11452652454139811,0.10932077342588002,0.11774913237481408,0.19533961328705998,0.2017848289538919,0.1368368864650471,0.1405552801189886,0.1375805651958354,0.13857213683688646,0.13485374318294496,0.16410510659395142,0.1834407535944472,0.12345066931085771,0.16013882002974714,0.11403073872087258,0.13411006445215667,0.1745166088249876,0.09643034209221617,0.11279127416955875,0.11898859692612791,0.12469013386217154,0.12345066931085771,0.10014873574615767,0.1760039662865642,0.14303420922161625,0.1212196331184928,0.16955875061973227,0.11799702528507684,0.9980168567178979
ALIPY_UNCERTAINTY_LC,0.1301437778879524,0.1611303916707982,0.10089241447694595,0.11700545364402579,1.0,0.7429350520575112,0.08750619732275657,0.11750123946455131,0.19261279127416955,0.23723351512146754,0.1685671789786812,0.1308874566187407,0.13361427863163114,0.20897372335151215,0.10089241447694595,0.16460089241447695,0.1338621715418939,0.2478929102627665,0.18839861179970252,0.12592959841348536,0.16732771442736738,0.1368368864650471,0.11155180961824492,0.11998016856717898,0.12766484878532475,0.14700049578582053,0.21864154685176004,0.26127912741695586,0.19112543381259295,0.24566187407040158,0.10783341596430342,0.11898859692612791,0.1294000991571641,0.3824987605354487,0.1294000991571641,0.28358948934060485,0.11700545364402579
ALIPY_UNCERTAINTY_MM,0.12221120475954388,0.14923153197818542,0.10832920178482895,0.12617749132374814,0.7429350520575112,1.0,0.08601883986117997,0.10560237977193852,0.16608824987605356,0.1650966782350025,0.2322756569162122,0.13634110064452157,0.14030738720872582,0.22533465542885472,0.10832920178482895,0.16757560733763013,0.12518591968269707,0.2957362419434804,0.2129400099157164,0.13336638572136836,0.1611303916707982,0.14377788795240456,0.11254338125929599,0.11700545364402579,0.1301437778879524,0.13981160138820029,0.18393653941497273,0.18988596926127913,0.25384234010907286,0.37630143777887953,0.10783341596430342,0.12592959841348536,0.12270699058006941,0.25111551809618243,0.13237481408031732,0.2404561229548835,0.12617749132374814
LIBACT_DWUS,0.08180466038671294,0.09122459097669806,0.1360932077342588,0.10188398611799702,0.08750619732275657,0.08601883986117997,1.0,0.0768468021814576,0.08527516113039167,0.08329201784828955,0.0813088745661874,0.08477937530986614,0.07982151710461081,0.10337134357957363,0.1360932077342588,0.09643034209221617,0.0835399107585523,0.10510659395141299,0.10535448686167576,0.11031234506693109,0.11328705999008429,0.09866137828458106,0.11056023797719385,0.10609816559246406,0.10510659395141299,0.0909766980664353,0.090233019335647,0.0880019831432821,0.08973723351512147,0.08601883986117997,0.08601883986117997,0.12196331184928111,0.08750619732275657,0.08527516113039167,0.10808130887456618,0.08106098165592464,0.10064452156668319
LIBACT_QUIRE,0.15964303420922163,0.19930589985126426,0.06866633614278632,0.10188398611799702,0.11750123946455131,0.10560237977193852,0.0768468021814576,1.0,0.11551809618244918,0.11179970252850768,0.0984134853743183,0.09370352007932573,0.08973723351512147,0.12171541893901834,0.06866633614278632,0.11502231036192365,0.16187407040158652,0.11551809618244918,0.11179970252850768,0.10188398611799702,0.131631135349529,0.10138820029747149,0.09816559246405553,0.09890927119484383,0.10436291522062469,0.1611303916707982,0.12146752602875557,0.11874070401586515,0.1065939514129896,0.1036192364898364,0.10560237977193852,0.09866137828458106,0.13237481408031732,0.11006445215666832,0.0961824491819534,0.11031234506693109,0.10188398611799702
LIBACT_UNCERTAINTY_ENT,0.14154685176003967,0.14080317302925136,0.0946950917203768,0.11452652454139811,0.19261279127416955,0.16608824987605356,0.08527516113039167,0.11551809618244918,1.0,0.7863163113534953,0.7382250867625186,0.12890431333663857,0.13807635101636093,0.15418939018344074,0.0946950917203768,0.161378284581061,0.1457610312345067,0.15493306891422906,0.13782845810609817,0.13113534952900346,0.16212196331184928,0.12221120475954388,0.11750123946455131,0.10708973723351513,0.1294000991571641,0.14377788795240456,0.23847297967278136,0.19162121963311848,0.16683192860684184,0.25731284085275163,0.10585027268220129,0.11353495290034706,0.1346058502726822,0.2853247397124442,0.11998016856717898,0.33564700049578583,0.11452652454139811
LIBACT_UNCERTAINTY_LC,0.13981160138820029,0.14005949429846307,0.09122459097669806,0.10932077342588002,0.23723351512146754,0.1650966782350025,0.08329201784828955,0.11179970252850768,0.7863163113534953,1.0,0.7483886960832921,0.12915220624690135,0.1331184928111056,0.1536936043629152,0.09122459097669806,0.16236985622211206,0.14402578086266732,0.1536936043629152,0.1368368864650471,0.12171541893901834,0.15964303420922163,0.11948438274665345,0.11254338125929599,0.10114030738720872,0.12840852751611304,0.14229053049082796,0.1923648983639068,0.23252354982647497,0.16831928606841845,0.25855230540406543,0.10163609320773426,0.11527020327218641,0.13138324243926625,0.3366385721368369,0.11898859692612791,0.2925136341100645,0.10932077342588002
LIBACT_UNCERTAINTY_SM,0.13063956370847793,0.1301437778879524,0.0984134853743183,0.11774913237481408,0.1685671789786812,0.2322756569162122,0.0813088745661874,0.0984134853743183,0.7382250867625186,0.7483886960832921,1.0,0.13435795736241943,0.14080317302925136,0.1576598909271195,0.0984134853743183,0.15989092711948438,0.13411006445215667,0.15617253346554288,0.13782845810609817,0.13336638572136836,0.1588993554784333,0.12221120475954388,0.11204759543877045,0.10907288051561725,0.13212692117005453,0.13063956370847793,0.16162617749132374,0.17178978681209717,0.23252354982647497,0.3336638572136837,0.10237977193852256,0.11527020327218641,0.1271690629647992,0.25706494794248885,0.1279127416955875,0.25855230540406543,0.11774913237481408
OPTIMAL_GREEDY_10,0.15121467526028756,0.11105602379771938,0.15220624690133863,0.19533961328705998,0.1308874566187407,0.13634110064452157,0.08477937530986614,0.09370352007932573,0.12890431333663857,0.12915220624690135,0.13435795736241943,1.0,0.38572136836886467,0.14700049578582053,0.15220624690133863,0.16212196331184928,0.1536936043629152,0.14229053049082796,0.18443232523549827,0.2094695091720377,0.12047595438770452,0.18914229053049084,0.11576598909271195,0.1487357461576599,0.21021318790282598,0.10163609320773426,0.1338621715418939,0.1353495290034705,0.14402578086266732,0.13411006445215667,0.09866137828458106,0.20599900842835894,0.15592464055528013,0.124194348041646,0.19781854238968766,0.1256817055032226,0.19484382746653445
OPTIMAL_GREEDY_20,0.146504709965295,0.11700545364402579,0.14476945959345563,0.2017848289538919,0.13361427863163114,0.14030738720872582,0.07982151710461081,0.08973723351512147,0.13807635101636093,0.1331184928111056,0.14080317302925136,0.38572136836886467,1.0,0.14700049578582053,0.14476945959345563,0.16311353495290035,0.1487357461576599,0.13807635101636093,0.18145761031234506,0.20798215171046108,0.11750123946455131,0.18294496777392166,0.11551809618244918,0.146504709965295,0.1968269707486366,0.1036192364898364,0.1249380267724343,0.13336638572136836,0.13981160138820029,0.13782845810609817,0.10461080813088745,0.2107089737233515,0.15047099652949925,0.13063956370847793,0.2020327218641547,0.12890431333663857,0.20128904313336637
PLAYGROUND_BANDIT,0.14551313832424392,0.15617253346554288,0.11824491819533961,0.1368368864650471,0.20897372335151215,0.22533465542885472,0.10337134357957363,0.12171541893901834,0.15418939018344074,0.1536936043629152,0.1576598909271195,0.14700049578582053,0.14700049578582053,1.0,0.11824491819533961,0.3408527516113039,0.14898363906792267,0.5842835894893406,0.35845314823996033,0.16360932077342588,0.24913237481408032,0.14774417451660882,0.11973227565691621,0.1368368864650471,0.14749628160634606,0.1663361427863163,0.17575607337630145,0.1722855726326227,0.1685671789786812,0.21393158155676748,0.10733763014377788,0.14303420922161625,0.14402578086266732,0.2057511155180962,0.14551313832424392,0.20004957858205255,0.13658899355478432
PLAYGROUND_GRAPH_DENSITY,0.10907288051561725,0.08701041150223103,0.9997521070897373,0.1405552801189886,0.10089241447694595,0.10832920178482895,0.1360932077342588,0.06866633614278632,0.0946950917203768,0.09122459097669806,0.0984134853743183,0.15220624690133863,0.14476945959345563,0.11824491819533961,1.0,0.11725334655428855,0.11080813088745661,0.10758552305404065,0.1338621715418939,0.15691621219633117,0.10386712940009915,0.13857213683688646,0.13510163609320774,0.12146752602875557,0.1442736737729301,0.07461576598909271,0.09866137828458106,0.09816559246405553,0.10163609320773426,0.09568666336142786,0.090233019335647,0.1494794248884482,0.13882002974714924,0.09196826970748637,0.1517104610808131,0.08899355478433317,0.14005949429846307
PLAYGROUND_INFORMATIVE_DIVERSE,0.1576598909271195,0.15195835399107585,0.11725334655428855,0.1375805651958354,0.16460089241447695,0.16757560733763013,0.09643034209221617,0.11502231036192365,0.161378284581061,0.16236985622211206,0.15989092711948438,0.16212196331184928,0.16311353495290035,0.3408527516113039,0.11725334655428855,1.0,0.16088249876053545,0.3329201784828954,0.3098661378284581,0.153941497273178,0.19881011403073873,0.15418939018344074,0.1212196331184928,0.13510163609320774,0.15270203272186417,0.1536936043629152,0.15592464055528013,0.15716410510659395,0.15642042637580567,0.161378284581061,0.10808130887456618,0.14749628160634606,0.13807635101636093,0.1576598909271195,0.15319781854238967,0.15840356965790778,0.13733267228557264
PLAYGROUND_KCENTER_GREEDY,0.9945463559742191,0.19211700545364402,0.11080813088745661,0.13857213683688646,0.1338621715418939,0.12518591968269707,0.0835399107585523,0.16187407040158652,0.1457610312345067,0.14402578086266732,0.13411006445215667,0.1536936043629152,0.1487357461576599,0.14898363906792267,0.11080813088745661,0.16088249876053545,1.0,0.1487357461576599,0.15592464055528013,0.13361427863163114,0.16435299950421417,0.1405552801189886,0.11303916707982152,0.12171541893901834,0.15146256817055032,0.1626177491323748,0.1405552801189886,0.13857213683688646,0.12543381259295985,0.13510163609320774,0.10114030738720872,0.13411006445215667,0.20302429350520576,0.14526524541398117,0.14700049578582053,0.1494794248884482,0.13857213683688646
PLAYGROUND_MARGIN,0.14526524541398117,0.16311353495290035,0.10758552305404065,0.13485374318294496,0.2478929102627665,0.2957362419434804,0.10510659395141299,0.11551809618244918,0.15493306891422906,0.1536936043629152,0.15617253346554288,0.14229053049082796,0.13807635101636093,0.5842835894893406,0.10758552305404065,0.3329201784828954,0.1487357461576599,1.0,0.4583539910758552,0.15617253346554288,0.2521070897372335,0.13782845810609817,0.12369856222112048,0.13559742191373328,0.13559742191373328,0.1670798215171046,0.17055032226078334,0.1670798215171046,0.1722855726326227,0.2863163113534953,0.10882498760535449,0.1353495290034705,0.1360932077342588,0.23723351512146754,0.13931581556767478,0.23252354982647497,0.1346058502726822
PLAYGROUND_MIXTURE,0.15294992563212692,0.14476945959345563,0.1338621715418939,0.16410510659395142,0.18839861179970252,0.2129400099157164,0.10535448686167576,0.11179970252850768,0.13782845810609817,0.1368368864650471,0.13782845810609817,0.18443232523549827,0.18145761031234506,0.35845314823996033,0.1338621715418939,0.3098661378284581,0.15592464055528013,0.4583539910758552,1.0,0.19137332672285573,0.1923648983639068,0.16013882002974714,0.12444224095190877,0.14303420922161625,0.17055032226078334,0.14253842340109074,0.14823996033713435,0.14700049578582053,0.15493306891422906,0.2020327218641547,0.10213187902825979,0.17476450173525038,0.14030738720872582,0.17699553792761527,0.16559246405552802,0.1685671789786812,0.16385721368368864
PLAYGROUND_UNIFORM,0.1308874566187407,0.11725334655428855,0.15691621219633117,0.1834407535944472,0.12592959841348536,0.13336638572136836,0.11031234506693109,0.10188398611799702,0.13113534952900346,0.12171541893901834,0.13336638572136836,0.2094695091720377,0.20798215171046108,0.16360932077342588,0.15691621219633117,0.153941497273178,0.13361427863163114,0.15617253346554288,0.19137332672285573,1.0,0.13510163609320774,0.1812097174020823,0.11973227565691621,0.14402578086266732,0.19137332672285573,0.11105602379771938,0.13237481408031732,0.12915220624690135,0.1368368864650471,0.13287059990084282,0.11378284581060982,0.1968269707486366,0.1502231036192365,0.12592959841348536,0.1760039662865642,0.12245909766980664,0.1826970748636589
SKACTIVEML_COST_EMBEDDING,0.1611303916707982,0.14600892414476946,0.10386712940009915,0.12345066931085771,0.16732771442736738,0.1611303916707982,0.11328705999008429,0.131631135349529,0.16212196331184928,0.15964303420922163,0.1588993554784333,0.12047595438770452,0.11750123946455131,0.24913237481408032,0.10386712940009915,0.19881011403073873,0.16435299950421417,0.2521070897372335,0.1923648983639068,0.13510163609320774,1.0,0.1279127416955875,0.12221120475954388,0.12245909766980664,0.13435795736241943,0.18319286068418444,0.1648487853247397,0.16807139315815567,0.16013882002974714,0.16435299950421417,0.11353495290034706,0.12592959841348536,0.13981160138820029,0.16683192860684184,0.13212692117005453,0.17327714427367377,0.12320277640059495
SKACTIVEML_DAL,0.1383242439266237,0.12072384729796728,0.1383242439266237,0.16013882002974714,0.1368368864650471,0.14377788795240456,0.09866137828458106,0.10138820029747149,0.12221120475954388,0.11948438274665345,0.12221120475954388,0.18914229053049084,0.18294496777392166,0.14774417451660882,0.13857213683688646,0.15418939018344074,0.1405552801189886,0.13782845810609817,0.16013882002974714,0.1812097174020823,0.1279127416955875,1.0,0.11477441745166088,0.13063956370847793,0.17302925136341102,0.11031234506693109,0.13039167079821518,0.1308874566187407,0.13658899355478432,0.13782845810609817,0.11080813088745661,0.1611303916707982,0.15245413981160139,0.13559742191373328,0.16608824987605356,0.12741695587506197,0.15964303420922163
SKACTIVEML_DWUS,0.11006445215666832,0.11824491819533961,0.13510163609320774,0.11403073872087258,0.11155180961824492,0.11254338125929599,0.11056023797719385,0.09816559246405553,0.11750123946455131,0.11254338125929599,0.11204759543877045,0.11576598909271195,0.11551809618244918,0.11973227565691621,0.13510163609320774,0.1212196331184928,0.11303916707982152,0.12369856222112048,0.12444224095190877,0.11973227565691621,0.12221120475954388,0.11477441745166088,1.0,0.10560237977193852,0.12072384729796728,0.11452652454139811,0.11155180961824492,0.11130391670798215,0.11477441745166088,0.10981655924640556,0.09345562716906297,0.11874070401586515,0.11254338125929599,0.11130391670798215,0.11650966782350025,0.11204759543877045,0.11328705999008429
SKACTIVEML_QBC,0.11923648983639068,0.11328705999008429,0.1212196331184928,0.13411006445215667,0.11998016856717898,0.11700545364402579,0.10609816559246406,0.09890927119484383,0.10708973723351513,0.10114030738720872,0.10907288051561725,0.1487357461576599,0.146504709965295,0.1368368864650471,0.12146752602875557,0.13510163609320774,0.12171541893901834,0.13559742191373328,0.14303420922161625,0.14402578086266732,0.12245909766980664,0.13063956370847793,0.10560237977193852,1.0,0.15642042637580567,0.11675756073376302,0.12295488349033218,0.12146752602875557,0.1256817055032226,0.11700545364402579,0.10783341596430342,0.14253842340109074,0.11824491819533961,0.11849281110560238,0.1383242439266237,0.11452652454139811,0.13336638572136836
SKACTIVEML_QBC_VOTE_ENTROPY,0.14823996033713435,0.12915220624690135,0.1442736737729301,0.1745166088249876,0.12766484878532475,0.1301437778879524,0.10510659395141299,0.10436291522062469,0.1294000991571641,0.12840852751611304,0.13212692117005453,0.21021318790282598,0.1968269707486366,0.14749628160634606,0.1442736737729301,0.15270203272186417,0.15146256817055032,0.13559742191373328,0.17055032226078334,0.19137332672285573,0.13435795736241943,0.17302925136341102,0.12072384729796728,0.15642042637580567,1.0,0.11898859692612791,0.13237481408031732,0.13708477937530986,0.14030738720872582,0.1301437778879524,0.09295984134853744,0.1834407535944472,0.15592464055528013,0.1256817055032226,0.18740704015865145,0.12766484878532475,0.1745166088249876
SKACTIVEML_QUIRE,0.15939514129895885,0.1931085770946951,0.07436787307882994,0.09643034209221617,0.14700049578582053,0.13981160138820029,0.0909766980664353,0.1611303916707982,0.14377788795240456,0.14229053049082796,0.13063956370847793,0.10163609320773426,0.1036192364898364,0.1663361427863163,0.07461576598909271,0.1536936043629152,0.1626177491323748,0.1670798215171046,0.14253842340109074,0.11105602379771938,0.18319286068418444,0.11031234506693109,0.11452652454139811,0.11675756073376302,0.11898859692612791,1.0,0.1494794248884482,0.1479920674268716,0.13485374318294496,0.13212692117005453,0.11204759543877045,0.10733763014377788,0.13510163609320774,0.14377788795240456,0.11799702528507684,0.1457610312345067,0.09643034209221617
SKACTIVEML_US_ENTROPY,0.1375805651958354,0.15344571145265246,0.09866137828458106,0.11279127416955875,0.21864154685176004,0.18393653941497273,0.090233019335647,0.12146752602875557,0.23847297967278136,0.1923648983639068,0.16162617749132374,0.1338621715418939,0.1249380267724343,0.17575607337630145,0.09866137828458106,0.15592464055528013,0.1405552801189886,0.17055032226078334,0.14823996033713435,0.13237481408031732,0.1648487853247397,0.13039167079821518,0.11155180961824492,0.12295488349033218,0.13237481408031732,0.1494794248884482,1.0,0.7927615270203272,0.7414476945959345,0.16881507188894398,0.10485870104115022,0.11279127416955875,0.14005949429846307,0.20277640059494298,0.11948438274665345,0.24913237481408032,0.11229548834903322
SKACTIVEML_US_LC,0.1353495290034705,0.15518096182449181,0.09816559246405553,0.11898859692612791,0.26127912741695586,0.18988596926127913,0.0880019831432821,0.11874070401586515,0.19162121963311848,0.23252354982647497,0.17178978681209717,0.1353495290034705,0.13336638572136836,0.1722855726326227,0.09816559246405553,0.15716410510659395,0.13857213683688646,0.1670798215171046,0.14700049578582053,0.12915220624690135,0.16807139315815567,0.1308874566187407,0.11130391670798215,0.12146752602875557,0.13708477937530986,0.1479920674268716,0.7927615270203272,1.0,0.7635101636093208,0.1722855726326227,0.10188398611799702,0.11328705999008429,0.13336638572136836,0.24714923153197818,0.12469013386217154,0.20376797223599405,0.11849281110560238
SKACTIVEML_US_MARGIN,0.12295488349033218,0.1383242439266237,0.10163609320773426,0.12469013386217154,0.19112543381259295,0.25384234010907286,0.08973723351512147,0.1065939514129896,0.16683192860684184,0.16831928606841845,0.23252354982647497,0.14402578086266732,0.13981160138820029,0.1685671789786812,0.10163609320773426,0.15642042637580567,0.12543381259295985,0.1722855726326227,0.15493306891422906,0.1368368864650471,0.16013882002974714,0.13658899355478432,0.11477441745166088,0.1256817055032226,0.14030738720872582,0.13485374318294496,0.7414476945959345,0.7635101636093208,1.0,0.23351512146752604,0.1036192364898364,0.11650966782350025,0.12518591968269707,0.17402082300446206,0.13287059990084282,0.16931085770946952,0.124194348041646
SMALLTEXT_BREAKINGTIES,0.13212692117005453,0.13931581556767478,0.09568666336142786,0.12345066931085771,0.24566187407040158,0.37630143777887953,0.08601883986117997,0.1036192364898364,0.25731284085275163,0.25855230540406543,0.3336638572136837,0.13411006445215667,0.13782845810609817,0.21393158155676748,0.09568666336142786,0.161378284581061,0.13510163609320774,0.2863163113534953,0.2020327218641547,0.13287059990084282,0.16435299950421417,0.13782845810609817,0.10981655924640556,0.11700545364402579,0.1301437778879524,0.13212692117005453,0.16881507188894398,0.1722855726326227,0.23351512146752604,1.0,0.10138820029747149,0.11675756073376302,0.12345066931085771,0.7483886960832921,0.13411006445215667,0.7330193356470005,0.12320277640059495
SMALLTEXT_CONTRASTIVEAL,0.10039662865642042,0.11527020327218641,0.090233019335647,0.10014873574615767,0.10783341596430342,0.10783341596430342,0.08601883986117997,0.10560237977193852,0.10585027268220129,0.10163609320773426,0.10237977193852256,0.09866137828458106,0.10461080813088745,0.10733763014377788,0.090233019335647,0.10808130887456618,0.10114030738720872,0.10882498760535449,0.10213187902825979,0.11378284581060982,0.11353495290034706,0.11080813088745661,0.09345562716906297,0.10783341596430342,0.09295984134853744,0.11204759543877045,0.10485870104115022,0.10188398611799702,0.1036192364898364,0.10138820029747149,1.0,0.09791769955379276,0.12320277640059495,0.10237977193852256,0.1065939514129896,0.10560237977193852,0.09866137828458106
SMALLTEXT_EMBEDDINGKMEANS,0.13262270699058007,0.10857709469509172,0.1494794248884482,0.1760039662865642,0.11898859692612791,0.12592959841348536,0.12196331184928111,0.09866137828458106,0.11353495290034706,0.11527020327218641,0.11527020327218641,0.20599900842835894,0.2107089737233515,0.14303420922161625,0.1494794248884482,0.14749628160634606,0.13411006445215667,0.1353495290034705,0.17476450173525038,0.1968269707486366,0.12592959841348536,0.1611303916707982,0.11874070401586515,0.14253842340109074,0.1834407535944472,0.10733763014377788,0.11279127416955875,0.11328705999008429,0.11650966782350025,0.11675756073376302,0.09791769955379276,1.0,0.1353495290034705,0.11254338125929599,0.19360436291522062,0.11279127416955875,0.17575607337630145
SMALLTEXT_GREEDYCORESET,0.1998016856717898,0.15270203272186417,0.13857213683688646,0.14303420922161625,0.1294000991571641,0.12270699058006941,0.08750619732275657,0.13237481408031732,0.1346058502726822,0.13138324243926625,0.1271690629647992,0.15592464055528013,0.15047099652949925,0.14402578086266732,0.13882002974714924,0.13807635101636093,0.20302429350520576,0.1360932077342588,0.14030738720872582,0.1502231036192365,0.13981160138820029,0.15245413981160139,0.11254338125929599,0.11824491819533961,0.15592464055528013,0.13510163609320774,0.14005949429846307,0.13336638572136836,0.12518591968269707,0.12345066931085771,0.12320277640059495,0.1353495290034705,1.0,0.12989588497768964,0.15468517600396628,0.13113534952900346,0.14253842340109074
SMALLTEXT_LEASTCONFIDENCE,0.14154685176003967,0.14823996033713435,0.09196826970748637,0.1212196331184928,0.3824987605354487,0.25111551809618243,0.08527516113039167,0.11006445215666832,0.2853247397124442,0.3366385721368369,0.25706494794248885,0.124194348041646,0.13063956370847793,0.2057511155180962,0.09196826970748637,0.1576598909271195,0.14526524541398117,0.23723351512146754,0.17699553792761527,0.12592959841348536,0.16683192860684184,0.13559742191373328,0.11130391670798215,0.11849281110560238,0.1256817055032226,0.14377788795240456,0.20277640059494298,0.24714923153197818,0.17402082300446206,0.7483886960832921,0.10237977193852256,0.11254338125929599,0.12989588497768964,1.0,0.12890431333663857,0.7863163113534953,0.12097174020823004
SMALLTEXT_LIGHTWEIGHTCORESET,0.14476945959345563,0.124194348041646,0.1517104610808131,0.16955875061973227,0.1294000991571641,0.13237481408031732,0.10808130887456618,0.0961824491819534,0.11998016856717898,0.11898859692612791,0.1279127416955875,0.19781854238968766,0.2020327218641547,0.14551313832424392,0.1517104610808131,0.15319781854238967,0.14700049578582053,0.13931581556767478,0.16559246405552802,0.1760039662865642,0.13212692117005453,0.16608824987605356,0.11650966782350025,0.1383242439266237,0.18740704015865145,0.11799702528507684,0.11948438274665345,0.12469013386217154,0.13287059990084282,0.13411006445215667,0.1065939514129896,0.19360436291522062,0.15468517600396628,0.12890431333663857,1.0,0.12741695587506197,0.16931085770946952
SMALLTEXT_PREDICTIONENTROPY,0.14600892414476946,0.14724838869608328,0.08899355478433317,0.11799702528507684,0.28358948934060485,0.2404561229548835,0.08106098165592464,0.11031234506693109,0.33564700049578583,0.2925136341100645,0.25855230540406543,0.1256817055032226,0.12890431333663857,0.20004957858205255,0.08899355478433317,0.15840356965790778,0.1494794248884482,0.23252354982647497,0.1685671789786812,0.12245909766980664,0.17327714427367377,0.12741695587506197,0.11204759543877045,0.11452652454139811,0.12766484878532475,0.1457610312345067,0.24913237481408032,0.20376797223599405,0.16931085770946952,0.7330193356470005,0.10560237977193852,0.11279127416955875,0.13113534952900346,0.7863163113534953,0.12741695587506197,1.0,0.11824491819533961
SMALLTEXT_RANDOM,0.1360932077342588,0.11056023797719385,0.14005949429846307,0.9980168567178979,0.11700545364402579,0.12617749132374814,0.10064452156668319,0.10188398611799702,0.11452652454139811,0.10932077342588002,0.11774913237481408,0.19484382746653445,0.20128904313336637,0.13658899355478432,0.14005949429846307,0.13733267228557264,0.13857213683688646,0.1346058502726822,0.16385721368368864,0.1826970748636589,0.12320277640059495,0.15964303420922163,0.11328705999008429,0.13336638572136836,0.1745166088249876,0.09643034209221617,0.11229548834903322,0.11849281110560238,0.124194348041646,0.12320277640059495,0.09866137828458106,0.17575607337630145,0.14253842340109074,0.12097174020823004,0.16931085770946952,0.11824491819533961,1.0
