,ALIPY_CORESET_GREEDY,ALIPY_DENSITY_WEIGHTED,ALIPY_GRAPH_DENSITY,ALIPY_RANDOM,ALIPY_UNCERTAINTY_LC,ALIPY_UNCERTAINTY_MM,LIBACT_DWUS,LIBACT_QUIRE,LIBACT_UNCERTAINTY_ENT,LIBACT_UNCERTAINTY_LC,LIBACT_UNCERTAINTY_SM,OPTIMAL_GREEDY_10,OPTIMAL_GREEDY_20,PLAYGROUND_BANDIT,PLAYGROUND_GRAPH_DENSITY,PLAYGROUND_INFORMATIVE_DIVERSE,PLAYGROUND_KCENTER_GREEDY,PLAYGROUND_MARGIN,PLAYGROUND_MIXTURE,PLAYGROUND_UNIFORM,SKACTIVEML_COST_EMBEDDING,SKACTIVEML_DAL,SKACTIVEML_DWUS,SKACTIVEML_QBC,SKACTIVEML_QBC_VOTE_ENTROPY,SKACTIVEML_QUIRE,SKACTIVEML_US_ENTROPY,SKACTIVEML_US_LC,SKACTIVEML_US_MARGIN,SMALLTEXT_BREAKINGTIES,SMALLTEXT_CONTRASTIVEAL,SMALLTEXT_EMBEDDINGKMEANS,SMALLTEXT_GREEDYCORESET,SMALLTEXT_LEASTCONFIDENCE,SMALLTEXT_LIGHTWEIGHTCORESET,SMALLTEXT_PREDICTIONENTROPY,SMALLTEXT_RANDOM
ALIPY_CORESET_GREEDY,1.0,0.2788795240456123,0.2263262270699058,0.2211204759543877,0.24194348041646008,0.2387208725830441,0.221864154685176,0.251611303916708,0.221864154685176,0.22211204759543876,0.21938522558254833,0.24442240951908775,0.2300446207238473,0.2709469509172038,0.22682201289043133,0.26152702032721864,0.9536440257808627,0.25756073376301436,0.25681705503222607,0.24590976698066436,0.27119484382746656,0.2352503718393654,0.2263262270699058,0.22211204759543876,0.2461576598909271,0.2654933068914229,0.22583044124938026,0.22508676251859197,0.229300941993059,0.2263262270699058,0.22806147744174515,0.221864154685176,0.285572632622707,0.2278135845314824,0.24343083787803668,0.23425880019831433,0.2233515121467526
ALIPY_DENSITY_WEIGHTED,0.2788795240456123,1.0,0.2543381259295984,0.24541398116013882,0.27491323748140806,0.2672285572632623,0.25409023301933564,0.2890431333663857,0.2588001983143282,0.2592959841348537,0.2560733763014378,0.25260287555775907,0.2602875557759048,0.30664352999504213,0.2543381259295984,0.289786812097174,0.2878036688150719,0.2937530986613783,0.28358948934060485,0.2773921665840357,0.2962320277640059,0.2588001983143282,0.2595438770451165,0.25731284085275163,0.2528507684680218,0.3135845314823996,0.2721864154685176,0.26846802181457613,0.266484878532474,0.26524541398116014,0.2550818046603867,0.2461576598909271,0.2818542389687655,0.2692117005453644,0.2667327714427367,0.2692117005453644,0.2424392662369856
ALIPY_GRAPH_DENSITY,0.2263262270699058,0.2543381259295984,1.0,0.24690133862171543,0.23549826474962815,0.24318294496777393,0.26871591472483886,0.21417947446703026,0.22657411998016858,0.2211204759543877,0.2300446207238473,0.2426871591472484,0.2602875557759048,0.27863163113534956,0.9811601388200297,0.2597917699553793,0.24690133862171543,0.26202280614774415,0.26053544868616757,0.2788795240456123,0.26945959345562714,0.26474962816063463,0.2543381259295984,0.24169558750619732,0.26797223599405057,0.2508676251859197,0.2278135845314824,0.22235994050570154,0.2322756569162122,0.23599405057015369,0.23971244422409518,0.24566187407040158,0.2697074863658899,0.22136836886465047,0.24590976698066436,0.22285572632622708,0.24392662369856222
ALIPY_RANDOM,0.2211204759543877,0.24541398116013882,0.24690133862171543,1.0,0.24962816063460586,0.2588001983143282,0.2508676251859197,0.22062469013386218,0.2330193356470005,0.2330193356470005,0.23624194348041647,0.2699553792761527,0.2751611303916708,0.28805156172533464,0.2545860188398612,0.2771442736737729,0.25012394645513136,0.27169062964799207,0.2816063460585027,0.2860684184432325,0.27689638076351014,0.26499752107089736,0.24442240951908775,0.2640059494298463,0.2788795240456123,0.2602875557759048,0.2461576598909271,0.24714923153197818,0.25409023301933564,0.24219137332672286,0.24541398116013882,0.2588001983143282,0.2677243430837878,0.22508676251859197,0.26103123450669313,0.23252354982647497,0.981903817550818
ALIPY_UNCERTAINTY_LC,0.24194348041646008,0.27491323748140806,0.23549826474962815,0.24962816063460586,1.0,0.8061477441745166,0.26003966286564206,0.2580565195835399,0.3257312840852752,0.3448190381755082,0.31284085275161133,0.24888448190381754,0.26797223599405057,0.36068418443232525,0.24739712444224096,0.3061477441745166,0.27540902330193356,0.3824987605354487,0.33118492811105604,0.2885473475458602,0.3190381755081805,0.27268220128904314,0.27615270203272185,0.27565691621219635,0.2667327714427367,0.30143777887952405,0.3299454635597422,0.34506693108577097,0.3145761031234507,0.3812592959841348,0.2672285572632623,0.24194348041646008,0.28805156172533464,0.4615765989092712,0.263262270699058,0.38646504709965296,0.24566187407040158
ALIPY_UNCERTAINTY_MM,0.2387208725830441,0.2672285572632623,0.24318294496777393,0.2588001983143282,0.8061477441745166,1.0,0.26797223599405057,0.2543381259295984,0.31011403073872085,0.30862667327714427,0.3371343579573624,0.2640059494298463,0.27863163113534956,0.3646504709965295,0.25632126921170056,0.31556767476450176,0.2746653445711453,0.42811105602379773,0.36365889935547846,0.2994546355974219,0.32002974714923155,0.2776400594942985,0.27912741695587506,0.2734258800198314,0.2677243430837878,0.29920674268715913,0.30961824491819534,0.3098661378284581,0.3455627169062965,0.46628656420426373,0.2672285572632623,0.2506197322756569,0.285572632622707,0.3676251859196827,0.26822012890431335,0.3624194348041646,0.25632126921170056
LIBACT_DWUS,0.221864154685176,0.25409023301933564,0.26871591472483886,0.2508676251859197,0.26003966286564206,0.26797223599405057,1.0,0.23847297967278136,0.2404561229548835,0.23723351512146754,0.24293505205751115,0.2498760535448686,0.26003966286564206,0.30292513634110063,0.2816063460585027,0.27169062964799207,0.25483391175012393,0.2922657411998017,0.27540902330193356,0.28433316807139314,0.28656420426375806,0.27243430837878035,0.2736737729300942,0.2704511650966782,0.26499752107089736,0.2788795240456123,0.25012394645513136,0.2449181953396133,0.2543381259295984,0.25756073376301436,0.26871591472483886,0.2677243430837878,0.26797223599405057,0.2404561229548835,0.2555775904809122,0.24318294496777393,0.24814080317302925
LIBACT_QUIRE,0.251611303916708,0.2890431333663857,0.21417947446703026,0.22062469013386218,0.2580565195835399,0.2543381259295984,0.23847297967278136,1.0,0.2424392662369856,0.23822508676251858,0.23549826474962815,0.2337630143777888,0.23574615765989093,0.2890431333663857,0.2248388696083292,0.26871591472483886,0.2808626673277144,0.27565691621219635,0.2659890927119484,0.2595438770451165,0.27540902330193356,0.24541398116013882,0.244174516608825,0.25111551809618243,0.2424392662369856,0.29697570649479427,0.24392662369856222,0.24293505205751115,0.24442240951908775,0.24739712444224096,0.2597917699553793,0.2278135845314824,0.263262270699058,0.24516608824987604,0.24392662369856222,0.24566187407040158,0.21789786812097173
LIBACT_UNCERTAINTY_ENT,0.221864154685176,0.2588001983143282,0.22657411998016858,0.2330193356470005,0.3257312840852752,0.31011403073872085,0.2404561229548835,0.2424392662369856,1.0,0.8401090728805156,0.8111056023797719,0.24690133862171543,0.255825483391175,0.322756569162122,0.2404561229548835,0.3068914229053049,0.25855230540406543,0.29771938522558256,0.28061477441745164,0.2771442736737729,0.30292513634110063,0.259048091224591,0.25731284085275163,0.25632126921170056,0.2597917699553793,0.2860684184432325,0.3396132870599901,0.31011403073872085,0.3039167079821517,0.3696083292017848,0.25384234010907286,0.24392662369856222,0.278135845314824,0.3745661874070402,0.24219137332672286,0.4040654437283094,0.23029251363411007
LIBACT_UNCERTAINTY_LC,0.22211204759543876,0.2592959841348537,0.2211204759543877,0.2330193356470005,0.3448190381755082,0.30862667327714427,0.23723351512146754,0.23822508676251858,0.8401090728805156,1.0,0.8192860684184432,0.24144769459593457,0.24888448190381754,0.31308874566187406,0.23475458601883986,0.30193356470004956,0.2583044124938027,0.29548834903321763,0.27565691621219635,0.26846802181457613,0.2974714923153198,0.2583044124938027,0.255825483391175,0.25359444719881014,0.259048091224591,0.2850768468021815,0.31383242439266235,0.32746653445711454,0.3024293505205751,0.36886465047099654,0.24888448190381754,0.24194348041646008,0.27640059494298463,0.3971244422409519,0.24343083787803668,0.3750619732275657,0.2300446207238473
LIBACT_UNCERTAINTY_SM,0.21938522558254833,0.2560733763014378,0.2300446207238473,0.23624194348041647,0.31284085275161133,0.3371343579573624,0.24293505205751115,0.23549826474962815,0.8111056023797719,0.8192860684184432,1.0,0.24962816063460586,0.259048091224591,0.31333663857213684,0.244174516608825,0.3024293505205751,0.25483391175012393,0.2952404561229549,0.28334159643034207,0.273921665840357,0.29796727813584534,0.2588001983143282,0.26103123450669313,0.26103123450669313,0.2662369856222112,0.2783837382250868,0.2959841348537432,0.2967278135845315,0.33391175012394647,0.39910758552305403,0.25012394645513136,0.24690133862171543,0.2702032721864155,0.35845314823996033,0.24938026772434307,0.3639067922657412,0.2345066931085771
OPTIMAL_GREEDY_10,0.24442240951908775,0.25260287555775907,0.2426871591472484,0.2699553792761527,0.24888448190381754,0.2640059494298463,0.2498760535448686,0.2337630143777888,0.24690133862171543,0.24144769459593457,0.24962816063460586,1.0,0.36043629152206247,0.3041646008924145,0.2518591968269707,0.2997025285076847,0.2721864154685176,0.282350024789291,0.30887456618740705,0.30143777887952405,0.27987109568666335,0.2808626673277144,0.25409023301933564,0.26896380763510164,0.29325731284085277,0.26747645017352506,0.24293505205751115,0.24665344571145265,0.26227069905800693,0.2478929102627665,0.2506197322756569,0.27615270203272185,0.2766484878532474,0.23029251363411007,0.28681209717402084,0.23574615765989093,0.26747645017352506
OPTIMAL_GREEDY_20,0.2300446207238473,0.2602875557759048,0.2602875557759048,0.2751611303916708,0.26797223599405057,0.27863163113534956,0.26003966286564206,0.23574615765989093,0.255825483391175,0.24888448190381754,0.259048091224591,0.36043629152206247,1.0,0.3135845314823996,0.26846802181457613,0.3202776400594943,0.25632126921170056,0.2925136341100645,0.30441249380267726,0.29548834903321763,0.2892910262766485,0.29400099157164106,0.2597917699553793,0.28135845314824,0.30565195835399106,0.263262270699058,0.2550818046603867,0.26103123450669313,0.27243430837878035,0.2588001983143282,0.26499752107089736,0.2853247397124442,0.27863163113534956,0.24442240951908775,0.29053049082796234,0.24888448190381754,0.2734258800198314
PLAYGROUND_BANDIT,0.2709469509172038,0.30664352999504213,0.27863163113534956,0.28805156172533464,0.36068418443232525,0.3646504709965295,0.30292513634110063,0.2890431333663857,0.322756569162122,0.31308874566187406,0.31333663857213684,0.3041646008924145,0.3135845314823996,1.0,0.2922657411998017,0.4484382746653446,0.3083787803668815,0.6512146752602875,0.4940505701536936,0.33886960832920177,0.38646504709965296,0.31234506693108577,0.2999504214179474,0.3190381755081805,0.3210213187902826,0.35101636093207733,0.3252354982647496,0.32399603371343577,0.32796232027764005,0.3527516113039167,0.3083787803668815,0.2952404561229549,0.3190381755081805,0.3358948934060486,0.30515617253346555,0.3373822508676252,0.2850768468021815
PLAYGROUND_GRAPH_DENSITY,0.22682201289043133,0.2543381259295984,0.9811601388200297,0.2545860188398612,0.24739712444224096,0.25632126921170056,0.2816063460585027,0.2248388696083292,0.2404561229548835,0.23475458601883986,0.244174516608825,0.2518591968269707,0.26846802181457613,0.2922657411998017,1.0,0.27169062964799207,0.26003966286564206,0.27540902330193356,0.273921665840357,0.2915220624690134,0.2803668815071889,0.27640059494298463,0.2667327714427367,0.2528507684680218,0.27863163113534956,0.26375805651958356,0.24095190877540903,0.23549826474962815,0.24541398116013882,0.24962816063460586,0.2498760535448686,0.2565691621219633,0.28135845314824,0.22979672781358454,0.25260287555775907,0.23054040654437283,0.2518591968269707
PLAYGROUND_INFORMATIVE_DIVERSE,0.26152702032721864,0.289786812097174,0.2597917699553793,0.2771442736737729,0.3061477441745166,0.31556767476450176,0.27169062964799207,0.26871591472483886,0.3068914229053049,0.30193356470004956,0.3024293505205751,0.2997025285076847,0.3202776400594943,0.4484382746653446,0.27169062964799207,1.0,0.2949925632126921,0.44273673772930094,0.4184432325235498,0.315319781854239,0.3490332176499752,0.30515617253346555,0.28309370352007934,0.29176995537927614,0.30540406544372833,0.3177987109568666,0.3031730292513634,0.30441249380267726,0.3083787803668815,0.30540406544372833,0.28755577590480913,0.28681209717402084,0.30193356470004956,0.2935052057511155,0.2848289538919187,0.2967278135845315,0.273921665840357
PLAYGROUND_KCENTER_GREEDY,0.9536440257808627,0.2878036688150719,0.24690133862171543,0.25012394645513136,0.27540902330193356,0.2746653445711453,0.25483391175012393,0.2808626673277144,0.25855230540406543,0.2583044124938027,0.25483391175012393,0.2721864154685176,0.25632126921170056,0.3083787803668815,0.26003966286564206,0.2949925632126921,1.0,0.29449677739216656,0.2925136341100645,0.27912741695587506,0.30565195835399106,0.2640059494298463,0.2583044124938027,0.25334655428854735,0.27689638076351014,0.3009419930589985,0.26103123450669313,0.26103123450669313,0.26474962816063463,0.26127912741695586,0.2588001983143282,0.2513634110064452,0.3177987109568666,0.2560733763014378,0.26450173525037185,0.26053544868616757,0.2478929102627665
PLAYGROUND_MARGIN,0.25756073376301436,0.2937530986613783,0.26202280614774415,0.27169062964799207,0.3824987605354487,0.42811105602379773,0.2922657411998017,0.27565691621219635,0.29771938522558256,0.29548834903321763,0.2952404561229549,0.282350024789291,0.2925136341100645,0.6512146752602875,0.27540902330193356,0.44273673772930094,0.29449677739216656,1.0,0.5726326227069906,0.32424392662369855,0.37530986613782846,0.29400099157164106,0.2845810609816559,0.30466038671294,0.30143777887952405,0.33192860684184433,0.30961824491819534,0.3113534952900347,0.3202776400594943,0.4105106593951413,0.2967278135845315,0.28681209717402084,0.30143777887952405,0.35845314823996033,0.28309370352007934,0.3522558254833912,0.26846802181457613
PLAYGROUND_MIXTURE,0.25681705503222607,0.28358948934060485,0.26053544868616757,0.2816063460585027,0.33118492811105604,0.36365889935547846,0.27540902330193356,0.2659890927119484,0.28061477441745164,0.27565691621219635,0.28334159643034207,0.30887456618740705,0.30441249380267726,0.4940505701536936,0.273921665840357,0.4184432325235498,0.2925136341100645,0.5726326227069906,1.0,0.3326722855726326,0.3403569657907784,0.2987109568666336,0.28061477441745164,0.29920674268715913,0.30218145761031234,0.31383242439266235,0.28334159643034207,0.28730788299454635,0.29449677739216656,0.34506693108577097,0.28334159643034207,0.29176995537927614,0.30218145761031234,0.30490827962320277,0.2900347050074368,0.3034209221616262,0.2778879524045612
PLAYGROUND_UNIFORM,0.24590976698066436,0.2773921665840357,0.2788795240456123,0.2860684184432325,0.2885473475458602,0.2994546355974219,0.28433316807139314,0.2595438770451165,0.2771442736737729,0.26846802181457613,0.273921665840357,0.30143777887952405,0.29548834903321763,0.33886960832920177,0.2915220624690134,0.315319781854239,0.27912741695587506,0.32424392662369855,0.3326722855726326,1.0,0.31705503222607834,0.3011898859692613,0.2672285572632623,0.29920674268715913,0.3113534952900347,0.3001983143282102,0.2744174516608825,0.27169062964799207,0.2808626673277144,0.29127416955875063,0.28730788299454635,0.288795240456123,0.300446207238473,0.2741695587506197,0.2878036688150719,0.2744174516608825,0.28383738225086763
SKACTIVEML_COST_EMBEDDING,0.27119484382746656,0.2962320277640059,0.26945959345562714,0.27689638076351014,0.3190381755081805,0.32002974714923155,0.28656420426375806,0.27540902330193356,0.30292513634110063,0.2974714923153198,0.29796727813584534,0.27987109568666335,0.2892910262766485,0.38646504709965296,0.2803668815071889,0.3490332176499752,0.30565195835399106,0.37530986613782846,0.3403569657907784,0.31705503222607834,1.0,0.2821021318790283,0.285572632622707,0.28953891918691127,0.2989588497768964,0.34729796727813583,0.31631135349529005,0.3106098165592464,0.31680713931581556,0.3098661378284581,0.2974714923153198,0.27962320277640057,0.3039167079821517,0.2999504214179474,0.285572632622707,0.30912245909766983,0.2751611303916708
SKACTIVEML_DAL,0.2352503718393654,0.2588001983143282,0.26474962816063463,0.26499752107089736,0.27268220128904314,0.2776400594942985,0.27243430837878035,0.24541398116013882,0.259048091224591,0.2583044124938027,0.2588001983143282,0.2808626673277144,0.29400099157164106,0.31234506693108577,0.27640059494298463,0.30515617253346555,0.2640059494298463,0.29400099157164106,0.2987109568666336,0.3011898859692613,0.2821021318790283,1.0,0.2709469509172038,0.2709469509172038,0.29077838373822507,0.28334159643034207,0.2699553792761527,0.26871591472483886,0.282350024789291,0.27243430837878035,0.26450173525037185,0.2709469509172038,0.28755577590480913,0.2630143777887952,0.2788795240456123,0.26524541398116014,0.2630143777887952
SKACTIVEML_DWUS,0.2263262270699058,0.2595438770451165,0.2543381259295984,0.24442240951908775,0.27615270203272185,0.27912741695587506,0.2736737729300942,0.244174516608825,0.25731284085275163,0.255825483391175,0.26103123450669313,0.25409023301933564,0.2597917699553793,0.2999504214179474,0.2667327714427367,0.28309370352007934,0.2583044124938027,0.2845810609816559,0.28061477441745164,0.2672285572632623,0.285572632622707,0.2709469509172038,1.0,0.25756073376301436,0.26896380763510164,0.28681209717402084,0.27193852255825485,0.26822012890431335,0.27590480912245907,0.2714427367377293,0.2555775904809122,0.2498760535448686,0.28358948934060485,0.25483391175012393,0.25483391175012393,0.25681705503222607,0.2426871591472484
SKACTIVEML_QBC,0.22211204759543876,0.25731284085275163,0.24169558750619732,0.2640059494298463,0.27565691621219635,0.2734258800198314,0.2704511650966782,0.25111551809618243,0.25632126921170056,0.25359444719881014,0.26103123450669313,0.26896380763510164,0.28135845314824,0.3190381755081805,0.2528507684680218,0.29176995537927614,0.25334655428854735,0.30466038671294,0.29920674268715913,0.29920674268715913,0.28953891918691127,0.2709469509172038,0.25756073376301436,1.0,0.29449677739216656,0.28953891918691127,0.26747645017352506,0.2702032721864155,0.278135845314824,0.26524541398116014,0.2672285572632623,0.27169062964799207,0.27912741695587506,0.2588001983143282,0.26896380763510164,0.2545860188398612,0.2625185919682697
SKACTIVEML_QBC_VOTE_ENTROPY,0.2461576598909271,0.2528507684680218,0.26797223599405057,0.2788795240456123,0.2667327714427367,0.2677243430837878,0.26499752107089736,0.2424392662369856,0.2597917699553793,0.259048091224591,0.2662369856222112,0.29325731284085277,0.30565195835399106,0.3210213187902826,0.27863163113534956,0.30540406544372833,0.27689638076351014,0.30143777887952405,0.30218145761031234,0.3113534952900347,0.2989588497768964,0.29077838373822507,0.26896380763510164,0.29449677739216656,1.0,0.27962320277640057,0.2721864154685176,0.26945959345562714,0.27962320277640057,0.263262270699058,0.27491323748140806,0.2776400594942985,0.2863163113534953,0.24962816063460586,0.278135845314824,0.2523549826474963,0.27689638076351014
SKACTIVEML_QUIRE,0.2654933068914229,0.3135845314823996,0.2508676251859197,0.2602875557759048,0.30143777887952405,0.29920674268715913,0.2788795240456123,0.29697570649479427,0.2860684184432325,0.2850768468021815,0.2783837382250868,0.26747645017352506,0.263262270699058,0.35101636093207733,0.26375805651958356,0.3177987109568666,0.3009419930589985,0.33192860684184433,0.31383242439266235,0.3001983143282102,0.34729796727813583,0.28334159643034207,0.28681209717402084,0.28953891918691127,0.27962320277640057,1.0,0.29424888448190384,0.29300941993059,0.2922657411998017,0.29300941993059,0.28755577590480913,0.2602875557759048,0.3001983143282102,0.2863163113534953,0.27987109568666335,0.288795240456123,0.259048091224591
SKACTIVEML_US_ENTROPY,0.22583044124938026,0.2721864154685176,0.2278135845314824,0.2461576598909271,0.3299454635597422,0.30961824491819534,0.25012394645513136,0.24392662369856222,0.3396132870599901,0.31383242439266235,0.2959841348537432,0.24293505205751115,0.2550818046603867,0.3252354982647496,0.24095190877540903,0.3031730292513634,0.26103123450669313,0.30961824491819534,0.28334159643034207,0.2744174516608825,0.31631135349529005,0.2699553792761527,0.27193852255825485,0.26747645017352506,0.2721864154685176,0.29424888448190384,1.0,0.841844323252355,0.8153197818542389,0.3024293505205751,0.2672285572632623,0.2374814080317303,0.27962320277640057,0.30813088745661876,0.2555775904809122,0.3329201784828954,0.24318294496777393
SKACTIVEML_US_LC,0.22508676251859197,0.26846802181457613,0.22235994050570154,0.24714923153197818,0.34506693108577097,0.3098661378284581,0.2449181953396133,0.24293505205751115,0.31011403073872085,0.32746653445711454,0.2967278135845315,0.24665344571145265,0.26103123450669313,0.32399603371343577,0.23549826474962815,0.30441249380267726,0.26103123450669313,0.3113534952900347,0.28730788299454635,0.27169062964799207,0.3106098165592464,0.26871591472483886,0.26822012890431335,0.2702032721864155,0.26945959345562714,0.29300941993059,0.841844323252355,1.0,0.8173029251363411,0.3011898859692613,0.2630143777887952,0.23698562221120476,0.2773921665840357,0.32350024789291026,0.25409023301933564,0.30664352999504213,0.244174516608825
SKACTIVEML_US_MARGIN,0.229300941993059,0.266484878532474,0.2322756569162122,0.25409023301933564,0.3145761031234507,0.3455627169062965,0.2543381259295984,0.24442240951908775,0.3039167079821517,0.3024293505205751,0.33391175012394647,0.26227069905800693,0.27243430837878035,0.32796232027764005,0.24541398116013882,0.3083787803668815,0.26474962816063463,0.3202776400594943,0.29449677739216656,0.2808626673277144,0.31680713931581556,0.282350024789291,0.27590480912245907,0.278135845314824,0.27962320277640057,0.2922657411998017,0.8153197818542389,0.8173029251363411,1.0,0.33118492811105604,0.26747645017352506,0.24764501735250372,0.27987109568666335,0.29053049082796234,0.2625185919682697,0.2964799206742687,0.2513634110064452
SMALLTEXT_BREAKINGTIES,0.2263262270699058,0.26524541398116014,0.23599405057015369,0.24219137332672286,0.3812592959841348,0.46628656420426373,0.25756073376301436,0.24739712444224096,0.3696083292017848,0.36886465047099654,0.39910758552305403,0.2478929102627665,0.2588001983143282,0.3527516113039167,0.24962816063460586,0.30540406544372833,0.26127912741695586,0.4105106593951413,0.34506693108577097,0.29127416955875063,0.3098661378284581,0.27243430837878035,0.2714427367377293,0.26524541398116014,0.263262270699058,0.29300941993059,0.3024293505205751,0.3011898859692613,0.33118492811105604,1.0,0.2595438770451165,0.24764501735250372,0.2699553792761527,0.8026772434308379,0.25706494794248885,0.7944967773921666,0.23971244422409518
SMALLTEXT_CONTRASTIVEAL,0.22806147744174515,0.2550818046603867,0.23971244422409518,0.24541398116013882,0.2672285572632623,0.2672285572632623,0.26871591472483886,0.2597917699553793,0.25384234010907286,0.24888448190381754,0.25012394645513136,0.2506197322756569,0.26499752107089736,0.3083787803668815,0.2498760535448686,0.28755577590480913,0.2588001983143282,0.2967278135845315,0.28334159643034207,0.28730788299454635,0.2974714923153198,0.26450173525037185,0.2555775904809122,0.2672285572632623,0.27491323748140806,0.28755577590480913,0.2672285572632623,0.2630143777887952,0.26747645017352506,0.2595438770451165,1.0,0.25111551809618243,0.27962320277640057,0.25409023301933564,0.25855230540406543,0.255825483391175,0.24318294496777393
SMALLTEXT_EMBEDDINGKMEANS,0.221864154685176,0.2461576598909271,0.24566187407040158,0.2588001983143282,0.24194348041646008,0.2506197322756569,0.2677243430837878,0.2278135845314824,0.24392662369856222,0.24194348041646008,0.24690133862171543,0.27615270203272185,0.2853247397124442,0.2952404561229549,0.2565691621219633,0.28681209717402084,0.2513634110064452,0.28681209717402084,0.29176995537927614,0.288795240456123,0.27962320277640057,0.2709469509172038,0.2498760535448686,0.27169062964799207,0.2776400594942985,0.2602875557759048,0.2374814080317303,0.23698562221120476,0.24764501735250372,0.24764501735250372,0.25111551809618243,1.0,0.26078334159643035,0.23277144273673772,0.2721864154685176,0.23723351512146754,0.2560733763014378
SMALLTEXT_GREEDYCORESET,0.285572632622707,0.2818542389687655,0.2697074863658899,0.2677243430837878,0.28805156172533464,0.285572632622707,0.26797223599405057,0.263262270699058,0.278135845314824,0.27640059494298463,0.2702032721864155,0.2766484878532474,0.27863163113534956,0.3190381755081805,0.28135845314824,0.30193356470004956,0.3177987109568666,0.30143777887952405,0.30218145761031234,0.300446207238473,0.3039167079821517,0.28755577590480913,0.28358948934060485,0.27912741695587506,0.2863163113534953,0.3001983143282102,0.27962320277640057,0.2773921665840357,0.27987109568666335,0.2699553792761527,0.27962320277640057,0.26078334159643035,1.0,0.26474962816063463,0.27640059494298463,0.26871591472483886,0.2654933068914229
SMALLTEXT_LEASTCONFIDENCE,0.2278135845314824,0.2692117005453644,0.22136836886465047,0.22508676251859197,0.4615765989092712,0.3676251859196827,0.2404561229548835,0.24516608824987604,0.3745661874070402,0.3971244422409519,0.35845314823996033,0.23029251363411007,0.24442240951908775,0.3358948934060486,0.22979672781358454,0.2935052057511155,0.2560733763014378,0.35845314823996033,0.30490827962320277,0.2741695587506197,0.2999504214179474,0.2630143777887952,0.25483391175012393,0.2588001983143282,0.24962816063460586,0.2863163113534953,0.30813088745661876,0.32350024789291026,0.29053049082796234,0.8026772434308379,0.25409023301933564,0.23277144273673772,0.26474962816063463,1.0,0.25706494794248885,0.8292017848289539,0.23599405057015369
SMALLTEXT_LIGHTWEIGHTCORESET,0.24343083787803668,0.2667327714427367,0.24590976698066436,0.26103123450669313,0.263262270699058,0.26822012890431335,0.2555775904809122,0.24392662369856222,0.24219137332672286,0.24343083787803668,0.24938026772434307,0.28681209717402084,0.29053049082796234,0.30515617253346555,0.25260287555775907,0.2848289538919187,0.26450173525037185,0.28309370352007934,0.2900347050074368,0.2878036688150719,0.285572632622707,0.2788795240456123,0.25483391175012393,0.26896380763510164,0.278135845314824,0.27987109568666335,0.2555775904809122,0.25409023301933564,0.2625185919682697,0.25706494794248885,0.25855230540406543,0.2721864154685176,0.27640059494298463,0.25706494794248885,1.0,0.26375805651958356,0.2714427367377293
SMALLTEXT_PREDICTIONENTROPY,0.23425880019831433,0.2692117005453644,0.22285572632622708,0.23252354982647497,0.38646504709965296,0.3624194348041646,0.24318294496777393,0.24566187407040158,0.4040654437283094,0.3750619732275657,0.3639067922657412,0.23574615765989093,0.24888448190381754,0.3373822508676252,0.23054040654437283,0.2967278135845315,0.26053544868616757,0.3522558254833912,0.3034209221616262,0.2744174516608825,0.30912245909766983,0.26524541398116014,0.25681705503222607,0.2545860188398612,0.2523549826474963,0.288795240456123,0.3329201784828954,0.30664352999504213,0.2964799206742687,0.7944967773921666,0.255825483391175,0.23723351512146754,0.26871591472483886,0.8292017848289539,0.26375805651958356,1.0,0.24690133862171543
SMALLTEXT_RANDOM,0.2233515121467526,0.2424392662369856,0.24392662369856222,0.981903817550818,0.24566187407040158,0.25632126921170056,0.24814080317302925,0.21789786812097173,0.23029251363411007,0.2300446207238473,0.2345066931085771,0.26747645017352506,0.2734258800198314,0.2850768468021815,0.2518591968269707,0.273921665840357,0.2478929102627665,0.26846802181457613,0.2778879524045612,0.28383738225086763,0.2751611303916708,0.2630143777887952,0.2426871591472484,0.2625185919682697,0.27689638076351014,0.259048091224591,0.24318294496777393,0.244174516608825,0.2513634110064452,0.23971244422409518,0.24318294496777393,0.2560733763014378,0.2654933068914229,0.23599405057015369,0.2714427367377293,0.24690133862171543,1.0
