,ALIPY_CORESET_GREEDY,ALIPY_DENSITY_WEIGHTED,ALIPY_GRAPH_DENSITY,ALIPY_RANDOM,ALIPY_UNCERTAINTY_LC,ALIPY_UNCERTAINTY_MM,LIBACT_DWUS,LIBACT_QUIRE,LIBACT_UNCERTAINTY_ENT,LIBACT_UNCERTAINTY_LC,LIBACT_UNCERTAINTY_SM,OPTIMAL_GREEDY_10,OPTIMAL_GREEDY_20,PLAYGROUND_BANDIT,PLAYGROUND_GRAPH_DENSITY,PLAYGROUND_INFORMATIVE_DIVERSE,PLAYGROUND_KCENTER_GREEDY,PLAYGROUND_MARGIN,PLAYGROUND_MIXTURE,PLAYGROUND_UNIFORM,SKACTIVEML_COST_EMBEDDING,SKACTIVEML_DAL,SKACTIVEML_DWUS,SKACTIVEML_QBC,SKACTIVEML_QBC_VOTE_ENTROPY,SKACTIVEML_QUIRE,SKACTIVEML_US_ENTROPY,SKACTIVEML_US_LC,SKACTIVEML_US_MARGIN,SMALLTEXT_BREAKINGTIES,SMALLTEXT_CONTRASTIVEAL,SMALLTEXT_EMBEDDINGKMEANS,SMALLTEXT_GREEDYCORESET,SMALLTEXT_LEASTCONFIDENCE,SMALLTEXT_LIGHTWEIGHTCORESET,SMALLTEXT_PREDICTIONENTROPY,SMALLTEXT_RANDOM
ALIPY_CORESET_GREEDY,1.0,0.08477937530986614,0.10907288051561725,0.10064452156668319,0.07139315815567675,0.06717897868120971,0.0887456618740704,0.09766980664352999,0.06246901338621715,0.06668319286068418,0.06445215666831929,0.12295488349033218,0.11031234506693109,0.07535944471988101,0.10907288051561725,0.08006941001487357,0.9866137828458106,0.07064947942488845,0.08552305404065444,0.12989588497768964,0.09965294992563213,0.12345066931085771,0.10237977193852256,0.10064452156668319,0.12816063460585028,0.0894893406048587,0.06271690629647993,0.06544372830937036,0.06296479920674268,0.06246901338621715,0.10188398611799702,0.11105602379771938,0.15691621219633117,0.06643529995042141,0.11973227565691621,0.06569162121963312,0.10114030738720872
ALIPY_DENSITY_WEIGHTED,0.08477937530986614,1.0,0.07114526524541398,0.08254833911750124,0.15270203272186417,0.14675260287555775,0.08031730292513634,0.0813088745661874,0.14352999504214178,0.14675260287555775,0.1502231036192365,0.08701041150223103,0.08626673277144274,0.14105106593951414,0.07114526524541398,0.14080317302925136,0.08676251859196826,0.1554288547347546,0.13857213683688646,0.09370352007932573,0.13981160138820029,0.10188398611799702,0.12171541893901834,0.07213683688646505,0.08824987605354487,0.12369856222112048,0.14625681705503224,0.14972731779871096,0.1420426375805652,0.14154685176003967,0.09444719881011403,0.08155676747645017,0.10560237977193852,0.14700049578582053,0.09295984134853744,0.1479920674268716,0.08230044620723848
ALIPY_GRAPH_DENSITY,0.10907288051561725,0.07114526524541398,1.0,0.11551809618244918,0.06544372830937036,0.06841844323252355,0.08775409023301933,0.08849776896380764,0.06767476450173525,0.06395637084779375,0.06445215666831929,0.11204759543877045,0.11031234506693109,0.0857709469509172,0.9995042141794744,0.07734258800198314,0.11303916707982152,0.06742687159147248,0.08701041150223103,0.12915220624690135,0.09221616261774913,0.12890431333663857,0.09370352007932573,0.10535448686167576,0.1212196331184928,0.0835399107585523,0.06965790778383739,0.06693108577094695,0.06891422905304909,0.06073376301437779,0.09494298463063956,0.11105602379771938,0.11204759543877045,0.06271690629647993,0.12766484878532475,0.06767476450173525,0.11502231036192365
ALIPY_RANDOM,0.10064452156668319,0.08254833911750124,0.11551809618244918,1.0,0.06593951412989589,0.06693108577094695,0.09419930589985126,0.0880019831432821,0.06742687159147248,0.06717897868120971,0.06569162121963312,0.13807635101636093,0.13658899355478432,0.09295984134853744,0.11551809618244918,0.07833415964303421,0.10560237977193852,0.07263262270699058,0.0954387704511651,0.13733267228557264,0.09395141298958849,0.13287059990084282,0.09519087754090233,0.11849281110560238,0.1442736737729301,0.08676251859196826,0.06246901338621715,0.06122954883490332,0.06271690629647993,0.06445215666831929,0.09122459097669806,0.12617749132374814,0.12890431333663857,0.06470004957858205,0.13485374318294496,0.06742687159147248,0.9977689638076351
ALIPY_UNCERTAINTY_LC,0.07139315815567675,0.15270203272186417,0.06544372830937036,0.06593951412989589,1.0,0.7436787307882995,0.06420426375805652,0.07164105106593951,0.1626177491323748,0.17848289538919188,0.16559246405552802,0.08403569657907783,0.08006941001487357,0.1737729300941993,0.06544372830937036,0.16980664352999505,0.07535944471988101,0.20624690133862172,0.16435299950421417,0.08279623202776401,0.13857213683688646,0.0909766980664353,0.10262766484878533,0.07064947942488845,0.07932573128408528,0.11725334655428855,0.15840356965790778,0.16732771442736738,0.15642042637580567,0.20327218641546851,0.0887456618740704,0.06717897868120971,0.08973723351512147,0.2729300941993059,0.07907783837382251,0.2057511155180962,0.06544372830937036
ALIPY_UNCERTAINTY_MM,0.06717897868120971,0.14675260287555775,0.06841844323252355,0.06693108577094695,0.7436787307882995,1.0,0.06792265741199802,0.07213683688646505,0.15344571145265246,0.15964303420922163,0.17501239464551313,0.07734258800198314,0.07511155180961825,0.17327714427367377,0.06841844323252355,0.16980664352999505,0.07064947942488845,0.23326722855726326,0.1841844323252355,0.0835399107585523,0.14551313832424392,0.09196826970748637,0.10262766484878533,0.06767476450173525,0.07734258800198314,0.11353495290034706,0.153941497273178,0.1494794248884482,0.16584035696579078,0.2741695587506197,0.0850272682201289,0.06668319286068418,0.08899355478433317,0.19955379276152702,0.07139315815567675,0.19137332672285573,0.06643529995042141
LIBACT_DWUS,0.0887456618740704,0.08031730292513634,0.08775409023301933,0.09419930589985126,0.06420426375805652,0.06792265741199802,1.0,0.11006445215666832,0.05999008428358949,0.058750619732275654,0.058750619732275654,0.09742191373326722,0.09345562716906297,0.08081308874566187,0.0880019831432821,0.06593951412989589,0.0894893406048587,0.07486365889935548,0.07907783837382251,0.1028755577590481,0.09221616261774913,0.10039662865642042,0.10808130887456618,0.11204759543877045,0.10064452156668319,0.09345562716906297,0.06916212196331185,0.07486365889935548,0.06965790778383739,0.06916212196331185,0.10783341596430342,0.13485374318294496,0.09742191373326722,0.06544372830937036,0.10808130887456618,0.06569162121963312,0.09370352007932573
LIBACT_QUIRE,0.09766980664352999,0.0813088745661874,0.08849776896380764,0.0880019831432821,0.07164105106593951,0.07213683688646505,0.11006445215666832,1.0,0.07238472979672782,0.06841844323252355,0.06346058502726822,0.09419930589985126,0.09196826970748637,0.07858205255329698,0.08849776896380764,0.07064947942488845,0.09791769955379276,0.06668319286068418,0.07635101636093208,0.10436291522062469,0.08626673277144274,0.10436291522062469,0.08824987605354487,0.10312345066931086,0.09866137828458106,0.10733763014377788,0.06742687159147248,0.06990580069410014,0.06470004957858205,0.05627169062964799,0.13063956370847793,0.10337134357957363,0.10832920178482895,0.05627169062964799,0.10064452156668319,0.06296479920674268,0.0880019831432821
LIBACT_UNCERTAINTY_ENT,0.06246901338621715,0.14352999504214178,0.06767476450173525,0.06742687159147248,0.1626177491323748,0.15344571145265246,0.05999008428358949,0.07238472979672782,1.0,0.7426871591472484,0.7270699058006941,0.08230044620723848,0.08552305404065444,0.1412989588497769,0.06792265741199802,0.146504709965295,0.06519583539910759,0.14551313832424392,0.11452652454139811,0.09196826970748637,0.14303420922161625,0.0961824491819534,0.0984134853743183,0.07089737233515121,0.08230044620723848,0.10609816559246406,0.15790778383738224,0.1427863163113535,0.14154685176003967,0.153941497273178,0.09295984134853744,0.06990580069410014,0.08775409023301933,0.16212196331184928,0.08304412493802678,0.1722855726326227,0.06668319286068418
LIBACT_UNCERTAINTY_LC,0.06668319286068418,0.14675260287555775,0.06395637084779375,0.06717897868120971,0.17848289538919188,0.15964303420922163,0.058750619732275654,0.06841844323252355,0.7426871591472484,1.0,0.7521070897372335,0.08329201784828955,0.08453148239960337,0.15443728309370353,0.06395637084779375,0.15468517600396628,0.06965790778383739,0.15270203272186417,0.12469013386217154,0.08899355478433317,0.14625681705503224,0.08750619732275657,0.10213187902825979,0.06346058502726822,0.08453148239960337,0.10510659395141299,0.1487357461576599,0.15567674764501735,0.14823996033713435,0.1707982151710461,0.0917203767972236,0.06965790778383739,0.0880019831432821,0.17575607337630145,0.07635101636093208,0.1663361427863163,0.06618740704015866
LIBACT_UNCERTAINTY_SM,0.06445215666831929,0.1502231036192365,0.06445215666831929,0.06569162121963312,0.16559246405552802,0.17501239464551313,0.058750619732275654,0.06346058502726822,0.7270699058006941,0.7521070897372335,1.0,0.08106098165592464,0.0842835894893406,0.15121467526028756,0.06445215666831929,0.1536936043629152,0.06693108577094695,0.1588993554784333,0.1294000991571641,0.08824987605354487,0.1442736737729301,0.09295984134853744,0.10411502231036192,0.06569162121963312,0.08081308874566187,0.10386712940009915,0.13287059990084282,0.1502231036192365,0.15319781854238967,0.18071393158155677,0.0842835894893406,0.07040158651462568,0.08998512642538424,0.16881507188894398,0.07312840852751612,0.16088249876053545,0.06494794248884482
OPTIMAL_GREEDY_10,0.12295488349033218,0.08701041150223103,0.11204759543877045,0.13807635101636093,0.08403569657907783,0.07734258800198314,0.09742191373326722,0.09419930589985126,0.08230044620723848,0.08329201784828955,0.08106098165592464,1.0,0.20004957858205255,0.1065939514129896,0.11204759543877045,0.09593455627169063,0.1279127416955875,0.08924144769459594,0.10411502231036192,0.1611303916707982,0.0924640555280119,0.14253842340109074,0.10560237977193852,0.12146752602875557,0.13981160138820029,0.0880019831432821,0.07907783837382251,0.07932573128408528,0.0768468021814576,0.08626673277144274,0.09593455627169063,0.12989588497768964,0.12518591968269707,0.0872583044124938,0.14452156668319285,0.08701041150223103,0.1375805651958354
OPTIMAL_GREEDY_20,0.11031234506693109,0.08626673277144274,0.11031234506693109,0.13658899355478432,0.08006941001487357,0.07511155180961825,0.09345562716906297,0.09196826970748637,0.08552305404065444,0.08453148239960337,0.0842835894893406,0.20004957858205255,1.0,0.09295984134853744,0.11031234506693109,0.0984134853743183,0.11576598909271195,0.0850272682201289,0.09444719881011403,0.14675260287555775,0.09494298463063956,0.13658899355478432,0.09940505701536936,0.12369856222112048,0.13956370847793753,0.09147248388696083,0.07858205255329698,0.0850272682201289,0.08230044620723848,0.08106098165592464,0.10163609320773426,0.12469013386217154,0.12270699058006941,0.07932573128408528,0.12865642042637582,0.0813088745661874,0.13559742191373328
PLAYGROUND_BANDIT,0.07535944471988101,0.14105106593951414,0.0857709469509172,0.09295984134853744,0.1737729300941993,0.17327714427367377,0.08081308874566187,0.07858205255329698,0.1412989588497769,0.15443728309370353,0.15121467526028756,0.1065939514129896,0.09295984134853744,1.0,0.0857709469509172,0.32002974714923155,0.07858205255329698,0.34705007436787305,0.3182944967773922,0.11948438274665345,0.18790282597917699,0.10634605850272683,0.10163609320773426,0.08180466038671294,0.10609816559246406,0.13485374318294496,0.14229053049082796,0.14724838869608328,0.15071888943976203,0.15989092711948438,0.09717402082300446,0.08304412493802678,0.09940505701536936,0.15493306891422906,0.09866137828458106,0.1574119980168567,0.0924640555280119
PLAYGROUND_GRAPH_DENSITY,0.10907288051561725,0.07114526524541398,0.9995042141794744,0.11551809618244918,0.06544372830937036,0.06841844323252355,0.0880019831432821,0.08849776896380764,0.06792265741199802,0.06395637084779375,0.06445215666831929,0.11204759543877045,0.11031234506693109,0.0857709469509172,1.0,0.07734258800198314,0.11303916707982152,0.06742687159147248,0.08701041150223103,0.12915220624690135,0.0924640555280119,0.12890431333663857,0.09370352007932573,0.10535448686167576,0.12146752602875557,0.0835399107585523,0.06990580069410014,0.06693108577094695,0.06891422905304909,0.06073376301437779,0.09494298463063956,0.11105602379771938,0.11204759543877045,0.06271690629647993,0.12766484878532475,0.06792265741199802,0.11502231036192365
PLAYGROUND_INFORMATIVE_DIVERSE,0.08006941001487357,0.14080317302925136,0.07734258800198314,0.07833415964303421,0.16980664352999505,0.16980664352999505,0.06593951412989589,0.07064947942488845,0.146504709965295,0.15468517600396628,0.1536936043629152,0.09593455627169063,0.0984134853743183,0.32002974714923155,0.07734258800198314,1.0,0.08329201784828955,0.3143282102131879,0.2892910262766485,0.10312345066931086,0.17575607337630145,0.09890927119484383,0.10337134357957363,0.06941001487357462,0.10312345066931086,0.12245909766980664,0.15642042637580567,0.15319781854238967,0.15840356965790778,0.1670798215171046,0.09742191373326722,0.07535944471988101,0.09494298463063956,0.16732771442736738,0.10114030738720872,0.16683192860684184,0.07759048091224591
PLAYGROUND_KCENTER_GREEDY,0.9866137828458106,0.08676251859196826,0.11303916707982152,0.10560237977193852,0.07535944471988101,0.07064947942488845,0.0894893406048587,0.09791769955379276,0.06519583539910759,0.06965790778383739,0.06693108577094695,0.1279127416955875,0.11576598909271195,0.07858205255329698,0.11303916707982152,0.08329201784828955,1.0,0.07387208725830441,0.0887456618740704,0.13361427863163114,0.1028755577590481,0.12766484878532475,0.10609816559246406,0.10237977193852256,0.13212692117005453,0.08924144769459594,0.06569162121963312,0.06866633614278632,0.06643529995042141,0.06593951412989589,0.10337134357957363,0.11427863163113534,0.1588993554784333,0.06866633614278632,0.12146752602875557,0.06891422905304909,0.10535448686167576
PLAYGROUND_MARGIN,0.07064947942488845,0.1554288547347546,0.06742687159147248,0.07263262270699058,0.20624690133862172,0.23326722855726326,0.07486365889935548,0.06668319286068418,0.14551313832424392,0.15270203272186417,0.1588993554784333,0.08924144769459594,0.0850272682201289,0.34705007436787305,0.06742687159147248,0.3143282102131879,0.07387208725830441,1.0,0.44496777392166587,0.09593455627169063,0.17674764501735252,0.09791769955379276,0.10634605850272683,0.06866633614278632,0.08477937530986614,0.13237481408031732,0.14476945959345563,0.15319781854238967,0.1494794248884482,0.23054040654437283,0.08775409023301933,0.06693108577094695,0.09419930589985126,0.19856222112047595,0.08329201784828955,0.19261279127416955,0.07213683688646505
PLAYGROUND_MIXTURE,0.08552305404065444,0.13857213683688646,0.08701041150223103,0.0954387704511651,0.16435299950421417,0.1841844323252355,0.07907783837382251,0.07635101636093208,0.11452652454139811,0.12469013386217154,0.1294000991571641,0.10411502231036192,0.09444719881011403,0.3182944967773922,0.08701041150223103,0.2892910262766485,0.0887456618740704,0.44496777392166587,1.0,0.11254338125929599,0.18071393158155677,0.10857709469509172,0.10907288051561725,0.07659890927119484,0.10609816559246406,0.12964799206742686,0.1271690629647992,0.12840852751611304,0.12989588497768964,0.16187407040158652,0.10064452156668319,0.08329201784828955,0.10213187902825979,0.14030738720872582,0.09717402082300446,0.13882002974714924,0.09494298463063956
PLAYGROUND_UNIFORM,0.12989588497768964,0.09370352007932573,0.12915220624690135,0.13733267228557264,0.08279623202776401,0.0835399107585523,0.1028755577590481,0.10436291522062469,0.09196826970748637,0.08899355478433317,0.08824987605354487,0.1611303916707982,0.14675260287555775,0.11948438274665345,0.12915220624690135,0.10312345066931086,0.13361427863163114,0.09593455627169063,0.11254338125929599,1.0,0.11303916707982152,0.15344571145265246,0.10783341596430342,0.12667327714427368,0.16534457114526524,0.09866137828458106,0.08031730292513634,0.08031730292513634,0.08106098165592464,0.08651462568170551,0.1065939514129896,0.14749628160634606,0.15344571145265246,0.08155676747645017,0.1574119980168567,0.08254833911750124,0.13658899355478432
SKACTIVEML_COST_EMBEDDING,0.09965294992563213,0.13981160138820029,0.09221616261774913,0.09395141298958849,0.13857213683688646,0.14551313832424392,0.09221616261774913,0.08626673277144274,0.14303420922161625,0.14625681705503224,0.1442736737729301,0.0924640555280119,0.09494298463063956,0.18790282597917699,0.0924640555280119,0.17575607337630145,0.1028755577590481,0.17674764501735252,0.18071393158155677,0.11303916707982152,1.0,0.11874070401586515,0.11700545364402579,0.08824987605354487,0.11601388200297472,0.13063956370847793,0.14452156668319285,0.14452156668319285,0.1494794248884482,0.13262270699058007,0.11923648983639068,0.090233019335647,0.11774913237481408,0.1264253842340109,0.10461080813088745,0.1249380267724343,0.09345562716906297
SKACTIVEML_DAL,0.12345066931085771,0.10188398611799702,0.12890431333663857,0.13287059990084282,0.0909766980664353,0.09196826970748637,0.10039662865642042,0.10436291522062469,0.0961824491819534,0.08750619732275657,0.09295984134853744,0.14253842340109074,0.13658899355478432,0.10634605850272683,0.12890431333663857,0.09890927119484383,0.12766484878532475,0.09791769955379276,0.10857709469509172,0.15344571145265246,0.11874070401586515,1.0,0.11799702528507684,0.12245909766980664,0.15319781854238967,0.0999008428358949,0.08180466038671294,0.090233019335647,0.08329201784828955,0.08676251859196826,0.10312345066931086,0.13187902825979178,0.13956370847793753,0.08329201784828955,0.14724838869608328,0.07957362419434805,0.13212692117005453
SKACTIVEML_DWUS,0.10237977193852256,0.12171541893901834,0.09370352007932573,0.09519087754090233,0.10262766484878533,0.10262766484878533,0.10808130887456618,0.08824987605354487,0.0984134853743183,0.10213187902825979,0.10411502231036192,0.10560237977193852,0.09940505701536936,0.10163609320773426,0.09370352007932573,0.10337134357957363,0.10609816559246406,0.10634605850272683,0.10907288051561725,0.10783341596430342,0.11700545364402579,0.11799702528507684,1.0,0.09766980664352999,0.11031234506693109,0.10213187902825979,0.10485870104115022,0.10436291522062469,0.1028755577590481,0.09965294992563213,0.09395141298958849,0.10857709469509172,0.11700545364402579,0.0946950917203768,0.11254338125929599,0.09593455627169063,0.09395141298958849
SKACTIVEML_QBC,0.10064452156668319,0.07213683688646505,0.10535448686167576,0.11849281110560238,0.07064947942488845,0.06767476450173525,0.11204759543877045,0.10312345066931086,0.07089737233515121,0.06346058502726822,0.06569162121963312,0.12146752602875557,0.12369856222112048,0.08180466038671294,0.10535448686167576,0.06941001487357462,0.10237977193852256,0.06866633614278632,0.07659890927119484,0.12667327714427368,0.08824987605354487,0.12245909766980664,0.09766980664352999,1.0,0.12245909766980664,0.0984134853743183,0.07040158651462568,0.07213683688646505,0.06866633614278632,0.06841844323252355,0.1212196331184928,0.13138324243926625,0.12047595438770452,0.06569162121963312,0.13262270699058007,0.06841844323252355,0.11849281110560238
SKACTIVEML_QBC_VOTE_ENTROPY,0.12816063460585028,0.08824987605354487,0.1212196331184928,0.1442736737729301,0.07932573128408528,0.07734258800198314,0.10064452156668319,0.09866137828458106,0.08230044620723848,0.08453148239960337,0.08081308874566187,0.13981160138820029,0.13956370847793753,0.10609816559246406,0.12146752602875557,0.10312345066931086,0.13212692117005453,0.08477937530986614,0.10609816559246406,0.16534457114526524,0.11601388200297472,0.15319781854238967,0.11031234506693109,0.12245909766980664,1.0,0.10014873574615767,0.07461576598909271,0.0850272682201289,0.08651462568170551,0.07709469509172037,0.10089241447694595,0.14080317302925136,0.13584531482399603,0.08106098165592464,0.1457610312345067,0.08006941001487357,0.14352999504214178
SKACTIVEML_QUIRE,0.0894893406048587,0.12369856222112048,0.0835399107585523,0.08676251859196826,0.11725334655428855,0.11353495290034706,0.09345562716906297,0.10733763014377788,0.10609816559246406,0.10510659395141299,0.10386712940009915,0.0880019831432821,0.09147248388696083,0.13485374318294496,0.0835399107585523,0.12245909766980664,0.08924144769459594,0.13237481408031732,0.12964799206742686,0.09866137828458106,0.13063956370847793,0.0999008428358949,0.10213187902825979,0.0984134853743183,0.10014873574615767,1.0,0.1065939514129896,0.10510659395141299,0.09667823500247893,0.10907288051561725,0.1301437778879524,0.08453148239960337,0.10708973723351513,0.10907288051561725,0.0946950917203768,0.10857709469509172,0.08701041150223103
SKACTIVEML_US_ENTROPY,0.06271690629647993,0.14625681705503224,0.06965790778383739,0.06246901338621715,0.15840356965790778,0.153941497273178,0.06916212196331185,0.06742687159147248,0.15790778383738224,0.1487357461576599,0.13287059990084282,0.07907783837382251,0.07858205255329698,0.14229053049082796,0.06990580069410014,0.15642042637580567,0.06569162121963312,0.14476945959345563,0.1271690629647992,0.08031730292513634,0.14452156668319285,0.08180466038671294,0.10485870104115022,0.07040158651462568,0.07461576598909271,0.1065939514129896,1.0,0.7464055528011899,0.7436787307882995,0.14823996033713435,0.0842835894893406,0.06817055032226078,0.0880019831432821,0.14749628160634606,0.07213683688646505,0.16063460585027267,0.061973227565691624
SKACTIVEML_US_LC,0.06544372830937036,0.14972731779871096,0.06693108577094695,0.06122954883490332,0.16732771442736738,0.1494794248884482,0.07486365889935548,0.06990580069410014,0.1427863163113535,0.15567674764501735,0.1502231036192365,0.07932573128408528,0.0850272682201289,0.14724838869608328,0.06693108577094695,0.15319781854238967,0.06866633614278632,0.15319781854238967,0.12840852751611304,0.08031730292513634,0.14452156668319285,0.090233019335647,0.10436291522062469,0.07213683688646505,0.0850272682201289,0.10510659395141299,0.7464055528011899,1.0,0.7486365889935548,0.1457610312345067,0.08626673277144274,0.07114526524541398,0.08601883986117997,0.15865146256817056,0.0805651958353991,0.14476945959345563,0.06073376301437779
SKACTIVEML_US_MARGIN,0.06296479920674268,0.1420426375805652,0.06891422905304909,0.06271690629647993,0.15642042637580567,0.16584035696579078,0.06965790778383739,0.06470004957858205,0.14154685176003967,0.14823996033713435,0.15319781854238967,0.0768468021814576,0.08230044620723848,0.15071888943976203,0.06891422905304909,0.15840356965790778,0.06643529995042141,0.1494794248884482,0.12989588497768964,0.08106098165592464,0.1494794248884482,0.08329201784828955,0.1028755577590481,0.06866633614278632,0.08651462568170551,0.09667823500247893,0.7436787307882995,0.7486365889935548,1.0,0.16187407040158652,0.08031730292513634,0.06941001487357462,0.08304412493802678,0.14452156668319285,0.08031730292513634,0.14526524541398117,0.06246901338621715
SMALLTEXT_BREAKINGTIES,0.06246901338621715,0.14154685176003967,0.06073376301437779,0.06445215666831929,0.20327218641546851,0.2741695587506197,0.06916212196331185,0.05627169062964799,0.153941497273178,0.1707982151710461,0.18071393158155677,0.08626673277144274,0.08106098165592464,0.15989092711948438,0.06073376301437779,0.1670798215171046,0.06593951412989589,0.23054040654437283,0.16187407040158652,0.08651462568170551,0.13262270699058007,0.08676251859196826,0.09965294992563213,0.06841844323252355,0.07709469509172037,0.10907288051561725,0.14823996033713435,0.1457610312345067,0.16187407040158652,1.0,0.08180466038671294,0.06941001487357462,0.08155676747645017,0.7424392662369856,0.07411998016856718,0.7387208725830441,0.06395637084779375
SMALLTEXT_CONTRASTIVEAL,0.10188398611799702,0.09444719881011403,0.09494298463063956,0.09122459097669806,0.0887456618740704,0.0850272682201289,0.10783341596430342,0.13063956370847793,0.09295984134853744,0.0917203767972236,0.0842835894893406,0.09593455627169063,0.10163609320773426,0.09717402082300446,0.09494298463063956,0.09742191373326722,0.10337134357957363,0.08775409023301933,0.10064452156668319,0.1065939514129896,0.11923648983639068,0.10312345066931086,0.09395141298958849,0.1212196331184928,0.10089241447694595,0.1301437778879524,0.0842835894893406,0.08626673277144274,0.08031730292513634,0.08180466038671294,1.0,0.09791769955379276,0.11998016856717898,0.0842835894893406,0.11006445215666832,0.08279623202776401,0.09122459097669806
SMALLTEXT_EMBEDDINGKMEANS,0.11105602379771938,0.08155676747645017,0.11105602379771938,0.12617749132374814,0.06717897868120971,0.06668319286068418,0.13485374318294496,0.10337134357957363,0.06990580069410014,0.06965790778383739,0.07040158651462568,0.12989588497768964,0.12469013386217154,0.08304412493802678,0.11105602379771938,0.07535944471988101,0.11427863163113534,0.06693108577094695,0.08329201784828955,0.14749628160634606,0.090233019335647,0.13187902825979178,0.10857709469509172,0.13138324243926625,0.14080317302925136,0.08453148239960337,0.06817055032226078,0.07114526524541398,0.06941001487357462,0.06941001487357462,0.09791769955379276,1.0,0.12196331184928111,0.06990580069410014,0.13113534952900346,0.06717897868120971,0.12543381259295985
SMALLTEXT_GREEDYCORESET,0.15691621219633117,0.10560237977193852,0.11204759543877045,0.12890431333663857,0.08973723351512147,0.08899355478433317,0.09742191373326722,0.10832920178482895,0.08775409023301933,0.0880019831432821,0.08998512642538424,0.12518591968269707,0.12270699058006941,0.09940505701536936,0.11204759543877045,0.09494298463063956,0.1588993554784333,0.09419930589985126,0.10213187902825979,0.15344571145265246,0.11774913237481408,0.13956370847793753,0.11700545364402579,0.12047595438770452,0.13584531482399603,0.10708973723351513,0.0880019831432821,0.08601883986117997,0.08304412493802678,0.08155676747645017,0.11998016856717898,0.12196331184928111,1.0,0.0842835894893406,0.1353495290034705,0.08378780366881507,0.1279127416955875
SMALLTEXT_LEASTCONFIDENCE,0.06643529995042141,0.14700049578582053,0.06271690629647993,0.06470004957858205,0.2729300941993059,0.19955379276152702,0.06544372830937036,0.05627169062964799,0.16212196331184928,0.17575607337630145,0.16881507188894398,0.0872583044124938,0.07932573128408528,0.15493306891422906,0.06271690629647993,0.16732771442736738,0.06866633614278632,0.19856222112047595,0.14030738720872582,0.08155676747645017,0.1264253842340109,0.08329201784828955,0.0946950917203768,0.06569162121963312,0.08106098165592464,0.10907288051561725,0.14749628160634606,0.15865146256817056,0.14452156668319285,0.7424392662369856,0.0842835894893406,0.06990580069410014,0.0842835894893406,1.0,0.07387208725830441,0.7518591968269708,0.06470004957858205
SMALLTEXT_LIGHTWEIGHTCORESET,0.11973227565691621,0.09295984134853744,0.12766484878532475,0.13485374318294496,0.07907783837382251,0.07139315815567675,0.10808130887456618,0.10064452156668319,0.08304412493802678,0.07635101636093208,0.07312840852751612,0.14452156668319285,0.12865642042637582,0.09866137828458106,0.12766484878532475,0.10114030738720872,0.12146752602875557,0.08329201784828955,0.09717402082300446,0.1574119980168567,0.10461080813088745,0.14724838869608328,0.11254338125929599,0.13262270699058007,0.1457610312345067,0.0946950917203768,0.07213683688646505,0.0805651958353991,0.08031730292513634,0.07411998016856718,0.11006445215666832,0.13113534952900346,0.1353495290034705,0.07387208725830441,1.0,0.07436787307882994,0.13584531482399603
SMALLTEXT_PREDICTIONENTROPY,0.06569162121963312,0.1479920674268716,0.06767476450173525,0.06742687159147248,0.2057511155180962,0.19137332672285573,0.06569162121963312,0.06296479920674268,0.1722855726326227,0.1663361427863163,0.16088249876053545,0.08701041150223103,0.0813088745661874,0.1574119980168567,0.06792265741199802,0.16683192860684184,0.06891422905304909,0.19261279127416955,0.13882002974714924,0.08254833911750124,0.1249380267724343,0.07957362419434805,0.09593455627169063,0.06841844323252355,0.08006941001487357,0.10857709469509172,0.16063460585027267,0.14476945959345563,0.14526524541398117,0.7387208725830441,0.08279623202776401,0.06717897868120971,0.08378780366881507,0.7518591968269708,0.07436787307882994,1.0,0.06866633614278632
SMALLTEXT_RANDOM,0.10114030738720872,0.08230044620723848,0.11502231036192365,0.9977689638076351,0.06544372830937036,0.06643529995042141,0.09370352007932573,0.0880019831432821,0.06668319286068418,0.06618740704015866,0.06494794248884482,0.1375805651958354,0.13559742191373328,0.0924640555280119,0.11502231036192365,0.07759048091224591,0.10535448686167576,0.07213683688646505,0.09494298463063956,0.13658899355478432,0.09345562716906297,0.13212692117005453,0.09395141298958849,0.11849281110560238,0.14352999504214178,0.08701041150223103,0.061973227565691624,0.06073376301437779,0.06246901338621715,0.06395637084779375,0.09122459097669806,0.12543381259295985,0.1279127416955875,0.06470004957858205,0.13584531482399603,0.06866633614278632,1.0
