,ALIPY_CORESET_GREEDY,ALIPY_DENSITY_WEIGHTED,ALIPY_GRAPH_DENSITY,ALIPY_RANDOM,ALIPY_UNCERTAINTY_LC,ALIPY_UNCERTAINTY_MM,LIBACT_DWUS,LIBACT_QUIRE,LIBACT_UNCERTAINTY_ENT,LIBACT_UNCERTAINTY_LC,LIBACT_UNCERTAINTY_SM,OPTIMAL_GREEDY_10,OPTIMAL_GREEDY_20,PLAYGROUND_BANDIT,PLAYGROUND_GRAPH_DENSITY,PLAYGROUND_INFORMATIVE_DIVERSE,PLAYGROUND_KCENTER_GREEDY,PLAYGROUND_MARGIN,PLAYGROUND_MIXTURE,PLAYGROUND_UNIFORM,SKACTIVEML_COST_EMBEDDING,SKACTIVEML_DAL,SKACTIVEML_DWUS,SKACTIVEML_QBC,SKACTIVEML_QBC_VOTE_ENTROPY,SKACTIVEML_QUIRE,SKACTIVEML_US_ENTROPY,SKACTIVEML_US_LC,SKACTIVEML_US_MARGIN,SMALLTEXT_BREAKINGTIES,SMALLTEXT_CONTRASTIVEAL,SMALLTEXT_EMBEDDINGKMEANS,SMALLTEXT_GREEDYCORESET,SMALLTEXT_LEASTCONFIDENCE,SMALLTEXT_LIGHTWEIGHTCORESET,SMALLTEXT_PREDICTIONENTROPY,SMALLTEXT_RANDOM
ALIPY_CORESET_GREEDY,1.0,0.06941001487357462,0.05007436787307883,0.044868616757560736,0.04908279623202776,0.0480912245909767,0.059494298463063956,0.06767476450173525,0.03247397124442241,0.03346554288547347,0.031234506693108576,0.07436787307882994,0.06569162121963312,0.05552801189885969,0.050322260783341594,0.05651958353991076,0.9871095686663361,0.04833911750123947,0.05552801189885969,0.06544372830937036,0.060981655924640554,0.06445215666831929,0.06990580069410014,0.07238472979672782,0.07139315815567675,0.06122954883490332,0.03173029251363411,0.03396132870599901,0.031234506693108576,0.029747149231531978,0.06916212196331185,0.07560733763014378,0.0932077342588002,0.03371343579573624,0.07188894397620228,0.03445711452652454,0.044124938026772434
ALIPY_DENSITY_WEIGHTED,0.06941001487357462,1.0,0.06965790778383739,0.05676747645017353,0.13262270699058007,0.12469013386217154,0.16038671294000992,0.1670798215171046,0.0850272682201289,0.09444719881011403,0.08626673277144274,0.15344571145265246,0.14923153197818542,0.19261279127416955,0.06990580069410014,0.18616757560733763,0.07040158651462568,0.15344571145265246,0.15344571145265246,0.16187407040158652,0.20624690133862172,0.17674764501735252,0.19261279127416955,0.15691621219633117,0.1611303916707982,0.20004957858205255,0.0880019831432821,0.09048091224590976,0.09048091224590976,0.08106098165592464,0.17699553792761527,0.1628656420426376,0.16584035696579078,0.09519087754090233,0.16212196331184928,0.0917203767972236,0.05775904809122459
ALIPY_GRAPH_DENSITY,0.05007436787307883,0.06965790778383739,1.0,0.05304908279623203,0.0443728309370352,0.0466038671294001,0.0813088745661874,0.06395637084779375,0.03396132870599901,0.03148239960337134,0.03024293505205751,0.08155676747645017,0.07759048091224591,0.05999008428358949,0.993554784333168,0.060981655924640554,0.05404065443728309,0.05081804660386713,0.053792761527020325,0.08205255329697571,0.062221120475954385,0.08329201784828955,0.07263262270699058,0.07535944471988101,0.07659890927119484,0.07263262270699058,0.027764005949429845,0.029251363411006447,0.030986613782845812,0.03024293505205751,0.06965790778383739,0.07759048091224591,0.08205255329697571,0.028507684680218144,0.0768468021814576,0.029995042141794746,0.051313832424392664
ALIPY_RANDOM,0.044868616757560736,0.05676747645017353,0.05304908279623203,1.0,0.041398116013882005,0.04015865146256817,0.06420426375805652,0.05924640555280119,0.03396132870599901,0.03495290034705007,0.03247397124442241,0.0805651958353991,0.07709469509172037,0.0518096182449182,0.05503222607833416,0.053792761527020325,0.051065939514129896,0.04858701041150223,0.04610808130887457,0.07734258800198314,0.06693108577094695,0.07139315815567675,0.06990580069410014,0.06866633614278632,0.07411998016856718,0.05751115518096182,0.03024293505205751,0.03247397124442241,0.035448686167575606,0.03148239960337134,0.06420426375805652,0.08254833911750124,0.06990580069410014,0.02751611303916708,0.07411998016856718,0.029747149231531978,0.9940505701536936
ALIPY_UNCERTAINTY_LC,0.04908279623202776,0.13262270699058007,0.0443728309370352,0.041398116013882005,1.0,0.7384729796727814,0.07882994546355974,0.07783837382250867,0.09667823500247893,0.11279127416955875,0.08899355478433317,0.08626673277144274,0.08750619732275657,0.11824491819533961,0.04858701041150223,0.1279127416955875,0.056023797719385225,0.1685671789786812,0.12692117005453643,0.08924144769459594,0.12865642042637582,0.09196826970748637,0.11601388200297472,0.0842835894893406,0.08552305404065444,0.11353495290034706,0.1036192364898364,0.11452652454139811,0.0969261279127417,0.14452156668319285,0.08775409023301933,0.08899355478433317,0.09147248388696083,0.23425880019831433,0.0872583044124938,0.15592464055528013,0.03991075855230541
ALIPY_UNCERTAINTY_MM,0.0480912245909767,0.12469013386217154,0.0466038671294001,0.04015865146256817,0.7384729796727814,1.0,0.08304412493802678,0.07436787307882994,0.08403569657907783,0.08279623202776401,0.10981655924640556,0.08849776896380764,0.09271194843827467,0.12196331184928111,0.050322260783341594,0.12915220624690135,0.05503222607833416,0.2055032226078334,0.1420426375805652,0.090233019335647,0.12766484878532475,0.0880019831432821,0.11303916707982152,0.08378780366881507,0.0857709469509172,0.10758552305404065,0.0924640555280119,0.0946950917203768,0.11155180961824492,0.22806147744174515,0.0880019831432821,0.09122459097669806,0.09196826970748637,0.1442736737729301,0.0805651958353991,0.13634110064452157,0.03891918691125434
LIBACT_DWUS,0.059494298463063956,0.16038671294000992,0.0813088745661874,0.06420426375805652,0.07882994546355974,0.08304412493802678,1.0,0.1960832920178483,0.05528011898859692,0.053792761527020325,0.05800694100148736,0.19261279127416955,0.19211700545364402,0.1427863163113535,0.08378780366881507,0.14551313832424392,0.06470004957858205,0.10857709469509172,0.12518591968269707,0.19186911254338126,0.17302925136341102,0.18294496777392166,0.20624690133862172,0.19707486365889937,0.1893901834407536,0.16881507188894398,0.05280118988596926,0.04933068914229053,0.05453644025780863,0.052553296975706494,0.1968269707486366,0.21269211700545365,0.18096182449181952,0.0451165096678235,0.18765493306891423,0.04833911750123947,0.06246901338621715
LIBACT_QUIRE,0.06767476450173525,0.1670798215171046,0.06395637084779375,0.05924640555280119,0.07783837382250867,0.07436787307882994,0.1960832920178483,1.0,0.058750619732275654,0.050322260783341594,0.04709965294992563,0.19261279127416955,0.18517600396628656,0.14452156668319285,0.06420426375805652,0.13138324243926625,0.07040158651462568,0.09667823500247893,0.10386712940009915,0.18368864650470995,0.1700545364402578,0.17922657411998016,0.17203767972235995,0.17030242935052056,0.18790282597917699,0.17873078829945463,0.051065939514129896,0.0458601883986118,0.04908279623202776,0.04189390183440753,0.19410014873574616,0.1841844323252355,0.1923648983639068,0.04164600892414477,0.17625185919682698,0.045364402578086264,0.05899851264253842
LIBACT_UNCERTAINTY_ENT,0.03247397124442241,0.0850272682201289,0.03396132870599901,0.03396132870599901,0.09667823500247893,0.08403569657907783,0.05528011898859692,0.058750619732275654,1.0,0.7573128408527516,0.7384729796727814,0.06494794248884482,0.06370847793753098,0.0880019831432821,0.0384234010907288,0.0917203767972236,0.04115022310361924,0.08006941001487357,0.07040158651462568,0.07089737233515121,0.0917203767972236,0.07015369360436291,0.08205255329697571,0.06073376301437779,0.06916212196331185,0.07213683688646505,0.10634605850272683,0.0909766980664353,0.08378780366881507,0.08601883986117997,0.06668319286068418,0.06544372830937036,0.07263262270699058,0.09494298463063956,0.059494298463063956,0.11328705999008429,0.03247397124442241
LIBACT_UNCERTAINTY_LC,0.03346554288547347,0.09444719881011403,0.03148239960337134,0.03495290034705007,0.11279127416955875,0.08279623202776401,0.053792761527020325,0.050322260783341594,0.7573128408527516,1.0,0.7518591968269708,0.07337630143777887,0.07263262270699058,0.09072880515617253,0.035448686167575606,0.09816559246405553,0.04164600892414477,0.08155676747645017,0.07833415964303421,0.06296479920674268,0.09717402082300446,0.06742687159147248,0.08031730292513634,0.058254833911750126,0.06866633614278632,0.07064947942488845,0.10411502231036192,0.11477441745166088,0.09519087754090233,0.08998512642538424,0.06593951412989589,0.05999008428358949,0.06593951412989589,0.10634605850272683,0.06717897868120971,0.11130391670798215,0.03346554288547347
LIBACT_UNCERTAINTY_SM,0.031234506693108576,0.08626673277144274,0.03024293505205751,0.03247397124442241,0.08899355478433317,0.10981655924640556,0.05800694100148736,0.04709965294992563,0.7384729796727814,0.7518591968269708,1.0,0.06990580069410014,0.06593951412989589,0.09791769955379276,0.03470500743678731,0.09717402082300446,0.03891918691125434,0.0880019831432821,0.07734258800198314,0.06693108577094695,0.09866137828458106,0.07064947942488845,0.0842835894893406,0.06519583539910759,0.06866633614278632,0.07114526524541398,0.0880019831432821,0.09419930589985126,0.10585027268220129,0.10560237977193852,0.05800694100148736,0.06916212196331185,0.07015369360436291,0.09742191373326722,0.06693108577094695,0.0961824491819534,0.03173029251363411
OPTIMAL_GREEDY_10,0.07436787307882994,0.15344571145265246,0.08155676747645017,0.0805651958353991,0.08626673277144274,0.08849776896380764,0.19261279127416955,0.19261279127416955,0.06494794248884482,0.07337630143777887,0.06990580069410014,1.0,0.24020823004462072,0.15666831928606842,0.08601883986117997,0.1502231036192365,0.08329201784828955,0.10932077342588002,0.12865642042637582,0.2035200793257313,0.18666336142786316,0.1943480416460089,0.20228061477441744,0.19856222112047595,0.20500743678730787,0.1663361427863163,0.06643529995042141,0.06395637084779375,0.07288051561725335,0.06122954883490332,0.17501239464551313,0.1960832920178483,0.20004957858205255,0.05775904809122459,0.1960832920178483,0.06544372830937036,0.07957362419434805
OPTIMAL_GREEDY_20,0.06569162121963312,0.14923153197818542,0.07759048091224591,0.07709469509172037,0.08750619732275657,0.09271194843827467,0.19211700545364402,0.18517600396628656,0.06370847793753098,0.07263262270699058,0.06593951412989589,0.24020823004462072,1.0,0.15319781854238967,0.08180466038671294,0.15716410510659395,0.07511155180961825,0.11626177491323748,0.12072384729796728,0.21219633118492812,0.1826970748636589,0.19930589985126426,0.18963807635101637,0.2077342588001983,0.2107089737233515,0.15964303420922163,0.05999008428358949,0.06544372830937036,0.06420426375805652,0.05676747645017353,0.17426871591472484,0.19757064947942488,0.20128904313336637,0.04908279623202776,0.2055032226078334,0.053792761527020325,0.07635101636093208
PLAYGROUND_BANDIT,0.05552801189885969,0.19261279127416955,0.05999008428358949,0.0518096182449182,0.11824491819533961,0.12196331184928111,0.1427863163113535,0.14452156668319285,0.0880019831432821,0.09072880515617253,0.09791769955379276,0.15666831928606842,0.15319781854238967,1.0,0.06470004957858205,0.36192364898363905,0.06544372830937036,0.3703520079325731,0.3373822508676252,0.1591472483886961,0.20475954387704512,0.1517104610808131,0.1648487853247397,0.15518096182449181,0.15245413981160139,0.16460089241447695,0.0932077342588002,0.09667823500247893,0.090233019335647,0.08453148239960337,0.14923153197818542,0.14972731779871096,0.15121467526028756,0.08205255329697571,0.14352999504214178,0.08453148239960337,0.051065939514129896
PLAYGROUND_GRAPH_DENSITY,0.050322260783341594,0.06990580069410014,0.993554784333168,0.05503222607833416,0.04858701041150223,0.050322260783341594,0.08378780366881507,0.06420426375805652,0.0384234010907288,0.035448686167575606,0.03470500743678731,0.08601883986117997,0.08180466038671294,0.06470004957858205,1.0,0.06544372830937036,0.05924640555280119,0.05552801189885969,0.05899851264253842,0.08701041150223103,0.06668319286068418,0.08651462568170551,0.07585523054040655,0.07833415964303421,0.08081308874566187,0.07461576598909271,0.03173029251363411,0.03396132870599901,0.035448686167575606,0.03371343579573624,0.07064947942488845,0.08106098165592464,0.08676251859196826,0.031234506693108576,0.07907783837382251,0.03272186415468518,0.053792761527020325
PLAYGROUND_INFORMATIVE_DIVERSE,0.05651958353991076,0.18616757560733763,0.060981655924640554,0.053792761527020325,0.1279127416955875,0.12915220624690135,0.14551313832424392,0.13138324243926625,0.0917203767972236,0.09816559246405553,0.09717402082300446,0.1502231036192365,0.15716410510659395,0.36192364898363905,0.06544372830937036,1.0,0.06569162121963312,0.32870599900842834,0.32077342588001984,0.15642042637580567,0.2020327218641547,0.16212196331184928,0.1812097174020823,0.14774417451660882,0.1574119980168567,0.16807139315815567,0.090233019335647,0.09890927119484383,0.0961824491819534,0.0842835894893406,0.15270203272186417,0.14452156668319285,0.15716410510659395,0.08676251859196826,0.15319781854238967,0.09122459097669806,0.05230540406544373
PLAYGROUND_KCENTER_GREEDY,0.9871095686663361,0.07040158651462568,0.05404065443728309,0.051065939514129896,0.056023797719385225,0.05503222607833416,0.06470004957858205,0.07040158651462568,0.04115022310361924,0.04164600892414477,0.03891918691125434,0.08329201784828955,0.07511155180961825,0.06544372830937036,0.05924640555280119,0.06569162121963312,1.0,0.05751115518096182,0.06445215666831929,0.07337630143777887,0.06941001487357462,0.07288051561725335,0.07709469509172037,0.07808626673277144,0.07957362419434805,0.06767476450173525,0.03867129400099157,0.0421417947446703,0.03891918691125434,0.03718393653941497,0.07238472979672782,0.08453148239960337,0.10213187902825979,0.03867129400099157,0.07734258800198314,0.04015865146256817,0.05007436787307883
PLAYGROUND_MARGIN,0.04833911750123947,0.15344571145265246,0.05081804660386713,0.04858701041150223,0.1685671789786812,0.2055032226078334,0.10857709469509172,0.09667823500247893,0.08006941001487357,0.08155676747645017,0.0880019831432821,0.10932077342588002,0.11626177491323748,0.3703520079325731,0.05552801189885969,0.32870599900842834,0.05751115518096182,1.0,0.480912245909767,0.12295488349033218,0.1707982151710461,0.11502231036192365,0.13733267228557264,0.11502231036192365,0.11477441745166088,0.13733267228557264,0.08453148239960337,0.08701041150223103,0.09048091224590976,0.1665840356965791,0.11403073872087258,0.10882498760535449,0.11700545364402579,0.12592959841348536,0.10535448686167576,0.12196331184928111,0.04784333168071393
PLAYGROUND_MIXTURE,0.05552801189885969,0.15344571145265246,0.053792761527020325,0.04610808130887457,0.12692117005453643,0.1420426375805652,0.12518591968269707,0.10386712940009915,0.07040158651462568,0.07833415964303421,0.07734258800198314,0.12865642042637582,0.12072384729796728,0.3373822508676252,0.05899851264253842,0.32077342588001984,0.06445215666831929,0.480912245909767,1.0,0.13336638572136836,0.16782350024789291,0.12692117005453643,0.1405552801189886,0.13039167079821518,0.12394645513138325,0.13559742191373328,0.07659890927119484,0.07858205255329698,0.07635101636093208,0.10386712940009915,0.12766484878532475,0.11229548834903322,0.12394645513138325,0.0880019831432821,0.124194348041646,0.08899355478433317,0.0458601883986118
PLAYGROUND_UNIFORM,0.06544372830937036,0.16187407040158652,0.08205255329697571,0.07734258800198314,0.08924144769459594,0.090233019335647,0.19186911254338126,0.18368864650470995,0.07089737233515121,0.06296479920674268,0.06693108577094695,0.2035200793257313,0.21219633118492812,0.1591472483886961,0.08701041150223103,0.15642042637580567,0.07337630143777887,0.12295488349033218,0.13336638572136836,1.0,0.1826970748636589,0.21839365394149726,0.19261279127416955,0.20104115022310362,0.2072384729796728,0.1906296479920674,0.06618740704015866,0.06420426375805652,0.06395637084779375,0.06370847793753098,0.18691125433812594,0.2020327218641547,0.20302429350520576,0.05627169062964799,0.2035200793257313,0.06470004957858205,0.07560733763014378
SKACTIVEML_COST_EMBEDDING,0.060981655924640554,0.20624690133862172,0.062221120475954385,0.06693108577094695,0.12865642042637582,0.12766484878532475,0.17302925136341102,0.1700545364402578,0.0917203767972236,0.09717402082300446,0.09866137828458106,0.18666336142786316,0.1826970748636589,0.20475954387704512,0.06668319286068418,0.2020327218641547,0.06941001487357462,0.1707982151710461,0.16782350024789291,0.1826970748636589,1.0,0.1960832920178483,0.2055032226078334,0.1819533961328706,0.19335647000495787,0.1998016856717898,0.090233019335647,0.09494298463063956,0.08998512642538424,0.08230044620723848,0.18071393158155677,0.18021814576103123,0.18914229053049084,0.07734258800198314,0.1826970748636589,0.07907783837382251,0.06618740704015866
SKACTIVEML_DAL,0.06445215666831929,0.17674764501735252,0.08329201784828955,0.07139315815567675,0.09196826970748637,0.0880019831432821,0.18294496777392166,0.17922657411998016,0.07015369360436291,0.06742687159147248,0.07064947942488845,0.1943480416460089,0.19930589985126426,0.1517104610808131,0.08651462568170551,0.16212196331184928,0.07288051561725335,0.11502231036192365,0.12692117005453643,0.21839365394149726,0.1960832920178483,1.0,0.20079325731284084,0.19360436291522062,0.2077342588001983,0.19137332672285573,0.07659890927119484,0.07535944471988101,0.07288051561725335,0.054784333168071395,0.18542389687654934,0.2077342588001983,0.19930589985126426,0.05453644025780863,0.20153693604362916,0.06122954883490332,0.06941001487357462
SKACTIVEML_DWUS,0.06990580069410014,0.19261279127416955,0.07263262270699058,0.06990580069410014,0.11601388200297472,0.11303916707982152,0.20624690133862172,0.17203767972235995,0.08205255329697571,0.08031730292513634,0.0842835894893406,0.20228061477441744,0.18963807635101637,0.1648487853247397,0.07585523054040655,0.1812097174020823,0.07709469509172037,0.13733267228557264,0.1405552801189886,0.19261279127416955,0.2055032226078334,0.20079325731284084,1.0,0.18591968269707487,0.19633118492811105,0.17873078829945463,0.08998512642538424,0.0887456618740704,0.08453148239960337,0.07486365889935548,0.1789786812097174,0.2035200793257313,0.18244918195339613,0.07188894397620228,0.1893901834407536,0.07783837382250867,0.06866633614278632
SKACTIVEML_QBC,0.07238472979672782,0.15691621219633117,0.07535944471988101,0.06866633614278632,0.0842835894893406,0.08378780366881507,0.19707486365889937,0.17030242935052056,0.06073376301437779,0.058254833911750126,0.06519583539910759,0.19856222112047595,0.2077342588001983,0.15518096182449181,0.07833415964303421,0.14774417451660882,0.07808626673277144,0.11502231036192365,0.13039167079821518,0.20104115022310362,0.1819533961328706,0.19360436291522062,0.18591968269707487,1.0,0.21417947446703026,0.1685671789786812,0.05676747645017353,0.06023797719385226,0.05899851264253842,0.05007436787307883,0.19038175508180466,0.1998016856717898,0.19558750619732276,0.04784333168071393,0.2077342588001983,0.05924640555280119,0.06792265741199802
SKACTIVEML_QBC_VOTE_ENTROPY,0.07139315815567675,0.1611303916707982,0.07659890927119484,0.07411998016856718,0.08552305404065444,0.0857709469509172,0.1893901834407536,0.18790282597917699,0.06916212196331185,0.06866633614278632,0.06866633614278632,0.20500743678730787,0.2107089737233515,0.15245413981160139,0.08081308874566187,0.1574119980168567,0.07957362419434805,0.11477441745166088,0.12394645513138325,0.2072384729796728,0.19335647000495787,0.2077342588001983,0.19633118492811105,0.21417947446703026,1.0,0.1782350024789291,0.06494794248884482,0.07560733763014378,0.06990580069410014,0.05800694100148736,0.17848289538919188,0.20748636588993555,0.2017848289538919,0.0532969757064948,0.20277640059494298,0.06346058502726822,0.07362419434804164
SKACTIVEML_QUIRE,0.06122954883490332,0.20004957858205255,0.07263262270699058,0.05751115518096182,0.11353495290034706,0.10758552305404065,0.16881507188894398,0.17873078829945463,0.07213683688646505,0.07064947942488845,0.07114526524541398,0.1663361427863163,0.15964303420922163,0.16460089241447695,0.07461576598909271,0.16807139315815567,0.06767476450173525,0.13733267228557264,0.13559742191373328,0.1906296479920674,0.1998016856717898,0.19137332672285573,0.17873078829945463,0.1685671789786812,0.1782350024789291,1.0,0.07882994546355974,0.07436787307882994,0.06717897868120971,0.062221120475954385,0.19261279127416955,0.1715418939018344,0.1789786812097174,0.06271690629647993,0.1663361427863163,0.06916212196331185,0.05627169062964799
SKACTIVEML_US_ENTROPY,0.03173029251363411,0.0880019831432821,0.027764005949429845,0.03024293505205751,0.1036192364898364,0.0924640555280119,0.05280118988596926,0.051065939514129896,0.10634605850272683,0.10411502231036192,0.0880019831432821,0.06643529995042141,0.05999008428358949,0.0932077342588002,0.03173029251363411,0.090233019335647,0.03867129400099157,0.08453148239960337,0.07659890927119484,0.06618740704015866,0.090233019335647,0.07659890927119484,0.08998512642538424,0.05676747645017353,0.06494794248884482,0.07882994546355974,1.0,0.7642538423401091,0.7459097669806644,0.08106098165592464,0.06767476450173525,0.06321269211700545,0.06916212196331185,0.08775409023301933,0.059494298463063956,0.11849281110560238,0.02875557759048091
SKACTIVEML_US_LC,0.03396132870599901,0.09048091224590976,0.029251363411006447,0.03247397124442241,0.11452652454139811,0.0946950917203768,0.04933068914229053,0.0458601883986118,0.0909766980664353,0.11477441745166088,0.09419930589985126,0.06395637084779375,0.06544372830937036,0.09667823500247893,0.03396132870599901,0.09890927119484383,0.0421417947446703,0.08701041150223103,0.07858205255329698,0.06420426375805652,0.09494298463063956,0.07535944471988101,0.0887456618740704,0.06023797719385226,0.07560733763014378,0.07436787307882994,0.7642538423401091,1.0,0.7538423401090729,0.08329201784828955,0.07114526524541398,0.06742687159147248,0.06618740704015866,0.09568666336142786,0.06693108577094695,0.0961824491819534,0.030986613782845812
SKACTIVEML_US_MARGIN,0.031234506693108576,0.09048091224590976,0.030986613782845812,0.035448686167575606,0.0969261279127417,0.11155180961824492,0.05453644025780863,0.04908279623202776,0.08378780366881507,0.09519087754090233,0.10585027268220129,0.07288051561725335,0.06420426375805652,0.090233019335647,0.035448686167575606,0.0961824491819534,0.03891918691125434,0.09048091224590976,0.07635101636093208,0.06395637084779375,0.08998512642538424,0.07288051561725335,0.08453148239960337,0.05899851264253842,0.06990580069410014,0.06717897868120971,0.7459097669806644,0.7538423401090729,1.0,0.09444719881011403,0.07139315815567675,0.06271690629647993,0.06792265741199802,0.08453148239960337,0.06569162121963312,0.0880019831432821,0.03371343579573624
SMALLTEXT_BREAKINGTIES,0.029747149231531978,0.08106098165592464,0.03024293505205751,0.03148239960337134,0.14452156668319285,0.22806147744174515,0.052553296975706494,0.04189390183440753,0.08601883986117997,0.08998512642538424,0.10560237977193852,0.06122954883490332,0.05676747645017353,0.08453148239960337,0.03371343579573624,0.0842835894893406,0.03718393653941497,0.1665840356965791,0.10386712940009915,0.06370847793753098,0.08230044620723848,0.054784333168071395,0.07486365889935548,0.05007436787307883,0.05800694100148736,0.062221120475954385,0.08106098165592464,0.08329201784828955,0.09444719881011403,1.0,0.05627169062964799,0.05627169062964799,0.06023797719385226,0.7337630143777888,0.04833911750123947,0.7300446207238473,0.030490827962320277
SMALLTEXT_CONTRASTIVEAL,0.06916212196331185,0.17699553792761527,0.06965790778383739,0.06420426375805652,0.08775409023301933,0.0880019831432821,0.1968269707486366,0.19410014873574616,0.06668319286068418,0.06593951412989589,0.05800694100148736,0.17501239464551313,0.17426871591472484,0.14923153197818542,0.07064947942488845,0.15270203272186417,0.07238472979672782,0.11403073872087258,0.12766484878532475,0.18691125433812594,0.18071393158155677,0.18542389687654934,0.1789786812097174,0.19038175508180466,0.17848289538919188,0.19261279127416955,0.06767476450173525,0.07114526524541398,0.07139315815567675,0.05627169062964799,1.0,0.18244918195339613,0.19112543381259295,0.06073376301437779,0.1789786812097174,0.06593951412989589,0.06346058502726822
SMALLTEXT_EMBEDDINGKMEANS,0.07560733763014378,0.1628656420426376,0.07759048091224591,0.08254833911750124,0.08899355478433317,0.09122459097669806,0.21269211700545365,0.1841844323252355,0.06544372830937036,0.05999008428358949,0.06916212196331185,0.1960832920178483,0.19757064947942488,0.14972731779871096,0.08106098165592464,0.14452156668319285,0.08453148239960337,0.10882498760535449,0.11229548834903322,0.2020327218641547,0.18021814576103123,0.2077342588001983,0.2035200793257313,0.1998016856717898,0.20748636588993555,0.1715418939018344,0.06321269211700545,0.06742687159147248,0.06271690629647993,0.05627169062964799,0.18244918195339613,1.0,0.18790282597917699,0.04784333168071393,0.20104115022310362,0.05280118988596926,0.0805651958353991
SMALLTEXT_GREEDYCORESET,0.0932077342588002,0.16584035696579078,0.08205255329697571,0.06990580069410014,0.09147248388696083,0.09196826970748637,0.18096182449181952,0.1923648983639068,0.07263262270699058,0.06593951412989589,0.07015369360436291,0.20004957858205255,0.20128904313336637,0.15121467526028756,0.08676251859196826,0.15716410510659395,0.10213187902825979,0.11700545364402579,0.12394645513138325,0.20302429350520576,0.18914229053049084,0.19930589985126426,0.18244918195339613,0.19558750619732276,0.2017848289538919,0.1789786812097174,0.06916212196331185,0.06618740704015866,0.06792265741199802,0.06023797719385226,0.19112543381259295,0.18790282597917699,1.0,0.056023797719385225,0.1938522558254834,0.061973227565691624,0.06841844323252355
SMALLTEXT_LEASTCONFIDENCE,0.03371343579573624,0.09519087754090233,0.028507684680218144,0.02751611303916708,0.23425880019831433,0.1442736737729301,0.0451165096678235,0.04164600892414477,0.09494298463063956,0.10634605850272683,0.09742191373326722,0.05775904809122459,0.04908279623202776,0.08205255329697571,0.031234506693108576,0.08676251859196826,0.03867129400099157,0.12592959841348536,0.0880019831432821,0.05627169062964799,0.07734258800198314,0.05453644025780863,0.07188894397620228,0.04784333168071393,0.0532969757064948,0.06271690629647993,0.08775409023301933,0.09568666336142786,0.08453148239960337,0.7337630143777888,0.06073376301437779,0.04784333168071393,0.056023797719385225,1.0,0.05428854734754586,0.7533465542885474,0.031978185423896875
SMALLTEXT_LIGHTWEIGHTCORESET,0.07188894397620228,0.16212196331184928,0.0768468021814576,0.07411998016856718,0.0872583044124938,0.0805651958353991,0.18765493306891423,0.17625185919682698,0.059494298463063956,0.06717897868120971,0.06693108577094695,0.1960832920178483,0.2055032226078334,0.14352999504214178,0.07907783837382251,0.15319781854238967,0.07734258800198314,0.10535448686167576,0.124194348041646,0.2035200793257313,0.1826970748636589,0.20153693604362916,0.1893901834407536,0.2077342588001983,0.20277640059494298,0.1663361427863163,0.059494298463063956,0.06693108577094695,0.06569162121963312,0.04833911750123947,0.1789786812097174,0.20104115022310362,0.1938522558254834,0.05428854734754586,1.0,0.05800694100148736,0.07783837382250867
SMALLTEXT_PREDICTIONENTROPY,0.03445711452652454,0.0917203767972236,0.029995042141794746,0.029747149231531978,0.15592464055528013,0.13634110064452157,0.04833911750123947,0.045364402578086264,0.11328705999008429,0.11130391670798215,0.0961824491819534,0.06544372830937036,0.053792761527020325,0.08453148239960337,0.03272186415468518,0.09122459097669806,0.04015865146256817,0.12196331184928111,0.08899355478433317,0.06470004957858205,0.07907783837382251,0.06122954883490332,0.07783837382250867,0.05924640555280119,0.06346058502726822,0.06916212196331185,0.11849281110560238,0.0961824491819534,0.0880019831432821,0.7300446207238473,0.06593951412989589,0.05280118988596926,0.061973227565691624,0.7533465542885474,0.05800694100148736,1.0,0.03371343579573624
SMALLTEXT_RANDOM,0.044124938026772434,0.05775904809122459,0.051313832424392664,0.9940505701536936,0.03991075855230541,0.03891918691125434,0.06246901338621715,0.05899851264253842,0.03247397124442241,0.03346554288547347,0.03173029251363411,0.07957362419434805,0.07635101636093208,0.051065939514129896,0.053792761527020325,0.05230540406544373,0.05007436787307883,0.04784333168071393,0.0458601883986118,0.07560733763014378,0.06618740704015866,0.06941001487357462,0.06866633614278632,0.06792265741199802,0.07362419434804164,0.05627169062964799,0.02875557759048091,0.030986613782845812,0.03371343579573624,0.030490827962320277,0.06346058502726822,0.0805651958353991,0.06841844323252355,0.031978185423896875,0.07783837382250867,0.03371343579573624,1.0
