,ALIPY_CORESET_GREEDY,ALIPY_DENSITY_WEIGHTED,ALIPY_GRAPH_DENSITY,ALIPY_RANDOM,ALIPY_UNCERTAINTY_LC,ALIPY_UNCERTAINTY_MM,LIBACT_DWUS,LIBACT_QUIRE,LIBACT_UNCERTAINTY_ENT,LIBACT_UNCERTAINTY_LC,LIBACT_UNCERTAINTY_SM,OPTIMAL_GREEDY_10,OPTIMAL_GREEDY_20,PLAYGROUND_BANDIT,PLAYGROUND_GRAPH_DENSITY,PLAYGROUND_INFORMATIVE_DIVERSE,PLAYGROUND_KCENTER_GREEDY,PLAYGROUND_MARGIN,PLAYGROUND_MIXTURE,PLAYGROUND_UNIFORM,SKACTIVEML_COST_EMBEDDING,SKACTIVEML_DAL,SKACTIVEML_DWUS,SKACTIVEML_QBC,SKACTIVEML_QBC_VOTE_ENTROPY,SKACTIVEML_QUIRE,SKACTIVEML_US_ENTROPY,SKACTIVEML_US_LC,SKACTIVEML_US_MARGIN,SMALLTEXT_BREAKINGTIES,SMALLTEXT_CONTRASTIVEAL,SMALLTEXT_EMBEDDINGKMEANS,SMALLTEXT_GREEDYCORESET,SMALLTEXT_LEASTCONFIDENCE,SMALLTEXT_LIGHTWEIGHTCORESET,SMALLTEXT_PREDICTIONENTROPY,SMALLTEXT_RANDOM
ALIPY_CORESET_GREEDY,1.0,0.1256817055032226,0.15344571145265246,0.14303420922161625,0.1065939514129896,0.10585027268220129,0.04933068914229053,0.0880019831432821,0.0850272682201289,0.09370352007932573,0.0917203767972236,0.1923648983639068,0.18393653941497273,0.14377788795240456,0.15220624690133863,0.1346058502726822,0.6767476450173525,0.11849281110560238,0.16187407040158652,0.15989092711948438,0.1375805651958354,0.1494794248884482,0.0850272682201289,0.08006941001487357,0.15790778383738224,0.11502231036192365,0.0969261279127417,0.10783341596430342,0.0961824491819534,0.09717402082300446,0.08329201784828955,0.10956866633614279,0.21219633118492812,0.09791769955379276,0.14179474467030243,0.09866137828458106,0.14600892414476946
ALIPY_DENSITY_WEIGHTED,0.1256817055032226,1.0,0.09147248388696083,0.11403073872087258,0.1502231036192365,0.14229053049082796,0.05428854734754586,0.0969261279127417,0.12196331184928111,0.13411006445215667,0.12741695587506197,0.10634605850272683,0.10981655924640556,0.14005949429846307,0.09742191373326722,0.13435795736241943,0.1301437778879524,0.13857213683688646,0.13212692117005453,0.10758552305404065,0.16360932077342588,0.11601388200297472,0.11824491819533961,0.06569162121963312,0.1212196331184928,0.12816063460585028,0.13981160138820029,0.14452156668319285,0.13857213683688646,0.12766484878532475,0.06668319286068418,0.07932573128408528,0.10857709469509172,0.1375805651958354,0.12221120475954388,0.13658899355478432,0.11031234506693109
ALIPY_GRAPH_DENSITY,0.15344571145265246,0.09147248388696083,1.0,0.19930589985126426,0.0946950917203768,0.10237977193852256,0.05850272682201289,0.043877045116509666,0.0917203767972236,0.0909766980664353,0.0924640555280119,0.16063460585027267,0.1487357461576599,0.13435795736241943,0.6784828953891918,0.1308874566187407,0.15617253346554288,0.12097174020823004,0.15146256817055032,0.22434308378780368,0.13287059990084282,0.17278135845314824,0.11056023797719385,0.10064452156668319,0.2285572632622707,0.07907783837382251,0.08552305404065444,0.09196826970748637,0.09072880515617253,0.09667823500247893,0.050322260783341594,0.11527020327218641,0.15047099652949925,0.08899355478433317,0.1931085770946951,0.09048091224590976,0.19881011403073873
ALIPY_RANDOM,0.14303420922161625,0.11403073872087258,0.19930589985126426,1.0,0.10857709469509172,0.11452652454139811,0.06395637084779375,0.08230044620723848,0.10114030738720872,0.10386712940009915,0.11056023797719385,0.20277640059494298,0.19286068418443233,0.15146256817055032,0.19856222112047595,0.15220624690133863,0.14823996033713435,0.12890431333663857,0.16807139315815567,0.2825979176995538,0.1487357461576599,0.229300941993059,0.11279127416955875,0.11378284581060982,0.2890431333663857,0.10064452156668319,0.10213187902825979,0.11006445215666832,0.11378284581060982,0.11378284581060982,0.06668319286068418,0.1797223599405057,0.1752602875557759,0.11254338125929599,0.2597917699553793,0.10560237977193852,0.6660882498760535
ALIPY_UNCERTAINTY_LC,0.1065939514129896,0.1502231036192365,0.0946950917203768,0.10857709469509172,1.0,0.5894893406048587,0.033217649975210706,0.03991075855230541,0.2255825483391175,0.26945959345562714,0.23549826474962815,0.17773921665840356,0.16955875061973227,0.25681705503222607,0.09890927119484383,0.24566187407040158,0.10436291522062469,0.28383738225086763,0.2654933068914229,0.1249380267724343,0.20500743678730787,0.124194348041646,0.10882498760535449,0.06395637084779375,0.11155180961824492,0.10808130887456618,0.2597917699553793,0.29846306395637084,0.26127912741695586,0.2746653445711453,0.0473475458601884,0.07635101636093208,0.09494298463063956,0.3515121467526029,0.11527020327218641,0.3026772434308379,0.11204759543877045
ALIPY_UNCERTAINTY_MM,0.10585027268220129,0.14229053049082796,0.10237977193852256,0.11452652454139811,0.5894893406048587,1.0,0.03817550818046604,0.0384234010907288,0.21046108081308876,0.2330193356470005,0.2692117005453644,0.18790282597917699,0.18740704015865145,0.2659890927119484,0.10585027268220129,0.25855230540406543,0.10758552305404065,0.3222607833415964,0.27640059494298463,0.1331184928111056,0.2020327218641547,0.1308874566187407,0.10064452156668319,0.07064947942488845,0.11973227565691621,0.10535448686167576,0.23549826474962815,0.25012394645513136,0.2840852751611304,0.35002478929102626,0.04858701041150223,0.0813088745661874,0.09370352007932573,0.2741695587506197,0.12196331184928111,0.263262270699058,0.12072384729796728
LIBACT_DWUS,0.04933068914229053,0.05428854734754586,0.05850272682201289,0.06395637084779375,0.033217649975210706,0.03817550818046604,1.0,0.07436787307882994,0.034209221616261776,0.031978185423896875,0.0384234010907288,0.029747149231531978,0.031234506693108576,0.037927615270203274,0.05503222607833416,0.03173029251363411,0.04908279623202776,0.03767972235994051,0.03445711452652454,0.06668319286068418,0.0458601883986118,0.062221120475954385,0.09122459097669806,0.07858205255329698,0.07139315815567675,0.06048587010411502,0.03396132870599901,0.03396132870599901,0.034209221616261776,0.03718393653941497,0.07560733763014378,0.11973227565691621,0.04858701041150223,0.03024293505205751,0.060981655924640554,0.03594447198810114,0.05453644025780863
LIBACT_QUIRE,0.0880019831432821,0.0969261279127417,0.043877045116509666,0.08230044620723848,0.03991075855230541,0.0384234010907288,0.07436787307882994,1.0,0.03817550818046604,0.03991075855230541,0.04015865146256817,0.04858701041150223,0.05205751115518096,0.047595438770451165,0.0428854734754586,0.04610808130887457,0.08552305404065444,0.042637580565195836,0.0518096182449182,0.07114526524541398,0.058254833911750126,0.07907783837382251,0.05428854734754586,0.08651462568170551,0.08180466038671294,0.10882498760535449,0.04015865146256817,0.03718393653941497,0.03867129400099157,0.03668815071888944,0.09568666336142786,0.07709469509172037,0.08849776896380764,0.036440257808626676,0.08849776896380764,0.03520079325731284,0.08031730292513634
LIBACT_UNCERTAINTY_ENT,0.0850272682201289,0.12196331184928111,0.0917203767972236,0.10114030738720872,0.2255825483391175,0.21046108081308876,0.034209221616261776,0.03817550818046604,1.0,0.5984134853743183,0.5639563708477937,0.15245413981160139,0.1574119980168567,0.1826970748636589,0.08750619732275657,0.21021318790282598,0.08676251859196826,0.19261279127416955,0.18443232523549827,0.12146752602875557,0.17278135845314824,0.12221120475954388,0.09791769955379276,0.058750619732275654,0.10634605850272683,0.09866137828458106,0.2508676251859197,0.2263262270699058,0.19930589985126426,0.26202280614774415,0.05676747645017353,0.07312840852751612,0.09122459097669806,0.2878036688150719,0.11948438274665345,0.30912245909766983,0.0999008428358949
LIBACT_UNCERTAINTY_LC,0.09370352007932573,0.13411006445215667,0.0909766980664353,0.10386712940009915,0.26945959345562714,0.2330193356470005,0.031978185423896875,0.03991075855230541,0.5984134853743183,1.0,0.5842835894893406,0.1670798215171046,0.1626177491323748,0.20302429350520576,0.09072880515617253,0.23698562221120476,0.0961824491819534,0.2092216162617749,0.20699058006941,0.11750123946455131,0.17798710956866634,0.11527020327218641,0.09494298463063956,0.058254833911750126,0.11006445215666832,0.09345562716906297,0.2345066931085771,0.2672285572632623,0.221864154685176,0.2776400594942985,0.0473475458601884,0.07188894397620228,0.09395141298958849,0.3232523549826475,0.11006445215666832,0.2959841348537432,0.10411502231036192
LIBACT_UNCERTAINTY_SM,0.0917203767972236,0.12741695587506197,0.0924640555280119,0.11056023797719385,0.23549826474962815,0.2692117005453644,0.0384234010907288,0.04015865146256817,0.5639563708477937,0.5842835894893406,1.0,0.1797223599405057,0.17699553792761527,0.2055032226078334,0.0991571641051066,0.23822508676251858,0.09667823500247893,0.22310361923648983,0.21764997521070897,0.12295488349033218,0.18765493306891423,0.1279127416955875,0.09370352007932573,0.06023797719385226,0.12047595438770452,0.09667823500247893,0.20897372335151215,0.23202776400594943,0.26103123450669313,0.32424392662369855,0.04015865146256817,0.07759048091224591,0.09196826970748637,0.2853247397124442,0.11898859692612791,0.27540902330193356,0.10857709469509172
OPTIMAL_GREEDY_10,0.1923648983639068,0.10634605850272683,0.16063460585027267,0.20277640059494298,0.17773921665840356,0.18790282597917699,0.029747149231531978,0.04858701041150223,0.15245413981160139,0.1670798215171046,0.1797223599405057,1.0,0.6016360932077343,0.270699058006941,0.17055032226078334,0.2766484878532474,0.19360436291522062,0.24070401586514625,0.31631135349529005,0.22830937035200793,0.20104115022310362,0.19335647000495787,0.08329201784828955,0.09866137828458106,0.22235994050570154,0.1301437778879524,0.17649975210708974,0.1886465047099653,0.19633118492811105,0.19137332672285573,0.05304908279623203,0.14724838869608328,0.12394645513138325,0.1737729300941993,0.20872583044124937,0.16410510659395142,0.20525532969757065
OPTIMAL_GREEDY_20,0.18393653941497273,0.10981655924640556,0.1487357461576599,0.19286068418443233,0.16955875061973227,0.18740704015865145,0.031234506693108576,0.05205751115518096,0.1574119980168567,0.1626177491323748,0.17699553792761527,0.6016360932077343,1.0,0.27169062964799207,0.16088249876053545,0.28383738225086763,0.18244918195339613,0.24814080317302925,0.3220128904313337,0.23103619236489836,0.19261279127416955,0.19038175508180466,0.07560733763014378,0.09816559246405553,0.21194843827466534,0.13708477937530986,0.1700545364402578,0.18468021814576102,0.19558750619732276,0.18988596926127913,0.05627169062964799,0.1368368864650471,0.11700545364402579,0.17724343083787802,0.20401586514625683,0.16732771442736738,0.20699058006941
PLAYGROUND_BANDIT,0.14377788795240456,0.14005949429846307,0.13435795736241943,0.15146256817055032,0.25681705503222607,0.2659890927119484,0.037927615270203274,0.047595438770451165,0.1826970748636589,0.20302429350520576,0.2055032226078334,0.270699058006941,0.27169062964799207,1.0,0.13634110064452157,0.43877045116509666,0.13857213683688646,0.5322260783341597,0.48041646008924144,0.16757560733763013,0.28730788299454635,0.15840356965790778,0.0924640555280119,0.08527516113039167,0.15270203272186417,0.14253842340109074,0.2057511155180962,0.2196331184928111,0.22682201289043133,0.24814080317302925,0.05156172533465543,0.08924144769459594,0.10585027268220129,0.236737729300942,0.15146256817055032,0.2233515121467526,0.15270203272186417
PLAYGROUND_GRAPH_DENSITY,0.15220624690133863,0.09742191373326722,0.6784828953891918,0.19856222112047595,0.09890927119484383,0.10585027268220129,0.05503222607833416,0.0428854734754586,0.08750619732275657,0.09072880515617253,0.0991571641051066,0.17055032226078334,0.16088249876053545,0.13634110064452157,1.0,0.13931581556767478,0.15121467526028756,0.12617749132374814,0.15567674764501735,0.2203767972235994,0.13981160138820029,0.17674764501735252,0.10981655924640556,0.10510659395141299,0.22905304908279622,0.08552305404065444,0.0909766980664353,0.09370352007932573,0.09072880515617253,0.09494298463063956,0.051065939514129896,0.12022806147744175,0.15468517600396628,0.0954387704511651,0.19186911254338126,0.09643034209221617,0.20228061477441744
PLAYGROUND_INFORMATIVE_DIVERSE,0.1346058502726822,0.13435795736241943,0.1308874566187407,0.15220624690133863,0.24566187407040158,0.25855230540406543,0.03173029251363411,0.04610808130887457,0.21021318790282598,0.23698562221120476,0.23822508676251858,0.2766484878532474,0.28383738225086763,0.43877045116509666,0.13931581556767478,1.0,0.14154685176003967,0.4422409519087754,0.44124938026772437,0.16757560733763013,0.26524541398116014,0.15121467526028756,0.0894893406048587,0.08824987605354487,0.16460089241447695,0.13882002974714924,0.22161626177491323,0.24442240951908775,0.24367873078829946,0.2352503718393654,0.048834903321764996,0.10262766484878533,0.1065939514129896,0.22880515617253347,0.15220624690133863,0.2270699058006941,0.15493306891422906
PLAYGROUND_KCENTER_GREEDY,0.6767476450173525,0.1301437778879524,0.15617253346554288,0.14823996033713435,0.10436291522062469,0.10758552305404065,0.04908279623202776,0.08552305404065444,0.08676251859196826,0.0961824491819534,0.09667823500247893,0.19360436291522062,0.18244918195339613,0.13857213683688646,0.15121467526028756,0.14154685176003967,1.0,0.11725334655428855,0.15790778383738224,0.1648487853247397,0.1338621715418939,0.14600892414476946,0.08031730292513634,0.08106098165592464,0.15047099652949925,0.11650966782350025,0.10188398611799702,0.10535448686167576,0.09568666336142786,0.09766980664352999,0.07982151710461081,0.1065939514129896,0.21343579573624194,0.09444719881011403,0.14476945959345563,0.09593455627169063,0.14625681705503224
PLAYGROUND_MARGIN,0.11849281110560238,0.13857213683688646,0.12097174020823004,0.12890431333663857,0.28383738225086763,0.3222607833415964,0.03767972235994051,0.042637580565195836,0.19261279127416955,0.2092216162617749,0.22310361923648983,0.24070401586514625,0.24814080317302925,0.5322260783341597,0.12617749132374814,0.4422409519087754,0.11725334655428855,1.0,0.5275161130391671,0.1457610312345067,0.2840852751611304,0.13287059990084282,0.0946950917203768,0.0850272682201289,0.14452156668319285,0.14923153197818542,0.20847793753098662,0.22756569162121965,0.22756569162121965,0.28705999008428357,0.04858701041150223,0.08180466038671294,0.0954387704511651,0.2630143777887952,0.1375805651958354,0.24888448190381754,0.1346058502726822
PLAYGROUND_MIXTURE,0.16187407040158652,0.13212692117005453,0.15146256817055032,0.16807139315815567,0.2654933068914229,0.27640059494298463,0.03445711452652454,0.0518096182449182,0.18443232523549827,0.20699058006941,0.21764997521070897,0.31631135349529005,0.3220128904313337,0.48041646008924144,0.15567674764501735,0.44124938026772437,0.15790778383738224,0.5275161130391671,1.0,0.19905800694100148,0.25756073376301436,0.16311353495290035,0.09048091224590976,0.08279623202776401,0.1864154685176004,0.13981160138820029,0.20451165096678234,0.21541893901834408,0.22235994050570154,0.26127912741695586,0.04784333168071393,0.11675756073376302,0.11527020327218641,0.24293505205751115,0.18542389687654934,0.2270699058006941,0.1774913237481408
PLAYGROUND_UNIFORM,0.15989092711948438,0.10758552305404065,0.22434308378780368,0.2825979176995538,0.1249380267724343,0.1331184928111056,0.06668319286068418,0.07114526524541398,0.12146752602875557,0.11750123946455131,0.12295488349033218,0.22830937035200793,0.23103619236489836,0.16757560733763013,0.2203767972235994,0.16757560733763013,0.1648487853247397,0.1457610312345067,0.19905800694100148,1.0,0.16732771442736738,0.24144769459593457,0.11601388200297472,0.1279127416955875,0.29474467030242935,0.11527020327218641,0.12320277640059495,0.12394645513138325,0.13212692117005453,0.12915220624690135,0.08304412493802678,0.17674764501735252,0.16410510659395142,0.11750123946455131,0.2773921665840357,0.11750123946455131,0.2783837382250868
SKACTIVEML_COST_EMBEDDING,0.1375805651958354,0.16360932077342588,0.13287059990084282,0.1487357461576599,0.20500743678730787,0.2020327218641547,0.0458601883986118,0.058254833911750126,0.17278135845314824,0.17798710956866634,0.18765493306891423,0.20104115022310362,0.19261279127416955,0.28730788299454635,0.13981160138820029,0.26524541398116014,0.1338621715418939,0.2840852751611304,0.25756073376301436,0.16732771442736738,1.0,0.1626177491323748,0.10535448686167576,0.09295984134853744,0.16906296479920674,0.1633614278631631,0.20327218641546851,0.19732275656916212,0.19137332672285573,0.1834407535944472,0.06420426375805652,0.09196826970748637,0.12072384729796728,0.1849281110560238,0.17253346554288548,0.1864154685176004,0.14848785324739713
SKACTIVEML_DAL,0.1494794248884482,0.11601388200297472,0.17278135845314824,0.229300941993059,0.124194348041646,0.1308874566187407,0.062221120475954385,0.07907783837382251,0.12221120475954388,0.11527020327218641,0.1279127416955875,0.19335647000495787,0.19038175508180466,0.15840356965790778,0.17674764501735252,0.15121467526028756,0.14600892414476946,0.13287059990084282,0.16311353495290035,0.24144769459593457,0.1626177491323748,1.0,0.10262766484878533,0.11626177491323748,0.23599405057015369,0.11006445215666832,0.13063956370847793,0.12270699058006941,0.1271690629647992,0.12369856222112048,0.07932573128408528,0.14823996033713435,0.16212196331184928,0.11725334655428855,0.23475458601883986,0.11799702528507684,0.2315319781854239
SKACTIVEML_DWUS,0.0850272682201289,0.11824491819533961,0.11056023797719385,0.11279127416955875,0.10882498760535449,0.10064452156668319,0.09122459097669806,0.05428854734754586,0.09791769955379276,0.09494298463063956,0.09370352007932573,0.08329201784828955,0.07560733763014378,0.0924640555280119,0.10981655924640556,0.0894893406048587,0.08031730292513634,0.0946950917203768,0.09048091224590976,0.11601388200297472,0.10535448686167576,0.10262766484878533,1.0,0.09717402082300446,0.12097174020823004,0.0880019831432821,0.0969261279127417,0.10039662865642042,0.10039662865642042,0.09643034209221617,0.05999008428358949,0.10064452156668319,0.0887456618740704,0.09221616261774913,0.11898859692612791,0.08998512642538424,0.10461080813088745
SKACTIVEML_QBC,0.08006941001487357,0.06569162121963312,0.10064452156668319,0.11378284581060982,0.06395637084779375,0.07064947942488845,0.07858205255329698,0.08651462568170551,0.058750619732275654,0.058254833911750126,0.06023797719385226,0.09866137828458106,0.09816559246405553,0.08527516113039167,0.10510659395141299,0.08824987605354487,0.08106098165592464,0.0850272682201289,0.08279623202776401,0.1279127416955875,0.09295984134853744,0.11626177491323748,0.09717402082300446,1.0,0.13287059990084282,0.09742191373326722,0.06122954883490332,0.06693108577094695,0.06346058502726822,0.06618740704015866,0.07982151710461081,0.12295488349033218,0.0805651958353991,0.059494298463063956,0.12592959841348536,0.05924640555280119,0.11774913237481408
SKACTIVEML_QBC_VOTE_ENTROPY,0.15790778383738224,0.1212196331184928,0.2285572632622707,0.2890431333663857,0.11155180961824492,0.11973227565691621,0.07139315815567675,0.08180466038671294,0.10634605850272683,0.11006445215666832,0.12047595438770452,0.22235994050570154,0.21194843827466534,0.15270203272186417,0.22905304908279622,0.16460089241447695,0.15047099652949925,0.14452156668319285,0.1864154685176004,0.29474467030242935,0.16906296479920674,0.23599405057015369,0.12097174020823004,0.13287059990084282,1.0,0.10832920178482895,0.11774913237481408,0.11353495290034706,0.12295488349033218,0.11452652454139811,0.07288051561725335,0.19211700545364402,0.17352503718393653,0.11155180961824492,0.29077838373822507,0.10733763014377788,0.28755577590480913
SKACTIVEML_QUIRE,0.11502231036192365,0.12816063460585028,0.07907783837382251,0.10064452156668319,0.10808130887456618,0.10535448686167576,0.06048587010411502,0.10882498760535449,0.09866137828458106,0.09345562716906297,0.09667823500247893,0.1301437778879524,0.13708477937530986,0.14253842340109074,0.08552305404065444,0.13882002974714924,0.11650966782350025,0.14923153197818542,0.13981160138820029,0.11527020327218641,0.1633614278631631,0.11006445215666832,0.0880019831432821,0.09742191373326722,0.10832920178482895,1.0,0.1028755577590481,0.10114030738720872,0.10733763014377788,0.1028755577590481,0.09494298463063956,0.07040158651462568,0.11130391670798215,0.10535448686167576,0.12022806147744175,0.1036192364898364,0.1028755577590481
SKACTIVEML_US_ENTROPY,0.0969261279127417,0.13981160138820029,0.08552305404065444,0.10213187902825979,0.2597917699553793,0.23549826474962815,0.03396132870599901,0.04015865146256817,0.2508676251859197,0.2345066931085771,0.20897372335151215,0.17649975210708974,0.1700545364402578,0.2057511155180962,0.0909766980664353,0.22161626177491323,0.10188398611799702,0.20847793753098662,0.20451165096678234,0.12320277640059495,0.20327218641546851,0.13063956370847793,0.0969261279127417,0.06122954883490332,0.11774913237481408,0.1028755577590481,1.0,0.6011403073872087,0.5723847297967278,0.22359940505701537,0.05676747645017353,0.07585523054040655,0.09643034209221617,0.24566187407040158,0.12692117005453643,0.2778879524045612,0.10832920178482895
SKACTIVEML_US_LC,0.10783341596430342,0.14452156668319285,0.09196826970748637,0.11006445215666832,0.29846306395637084,0.25012394645513136,0.03396132870599901,0.03718393653941497,0.2263262270699058,0.2672285572632623,0.23202776400594943,0.1886465047099653,0.18468021814576102,0.2196331184928111,0.09370352007932573,0.24442240951908775,0.10535448686167576,0.22756569162121965,0.21541893901834408,0.12394645513138325,0.19732275656916212,0.12270699058006941,0.10039662865642042,0.06693108577094695,0.11353495290034706,0.10114030738720872,0.6011403073872087,1.0,0.587010411502231,0.24392662369856222,0.05528011898859692,0.07461576598909271,0.08924144769459594,0.28755577590480913,0.11551809618244918,0.25037183936539414,0.10733763014377788
SKACTIVEML_US_MARGIN,0.0961824491819534,0.13857213683688646,0.09072880515617253,0.11378284581060982,0.26127912741695586,0.2840852751611304,0.034209221616261776,0.03867129400099157,0.19930589985126426,0.221864154685176,0.26103123450669313,0.19633118492811105,0.19558750619732276,0.22682201289043133,0.09072880515617253,0.24367873078829946,0.09568666336142786,0.22756569162121965,0.22235994050570154,0.13212692117005453,0.19137332672285573,0.1271690629647992,0.10039662865642042,0.06346058502726822,0.12295488349033218,0.10733763014377788,0.5723847297967278,0.587010411502231,1.0,0.27243430837878035,0.04709965294992563,0.07659890927119484,0.09345562716906297,0.2263262270699058,0.11254338125929599,0.22459097669806644,0.11427863163113534
SMALLTEXT_BREAKINGTIES,0.09717402082300446,0.12766484878532475,0.09667823500247893,0.11378284581060982,0.2746653445711453,0.35002478929102626,0.03718393653941497,0.03668815071888944,0.26202280614774415,0.2776400594942985,0.32424392662369855,0.19137332672285573,0.18988596926127913,0.24814080317302925,0.09494298463063956,0.2352503718393654,0.09766980664352999,0.28705999008428357,0.26127912741695586,0.12915220624690135,0.1834407535944472,0.12369856222112048,0.09643034209221617,0.06618740704015866,0.11452652454139811,0.1028755577590481,0.22359940505701537,0.24392662369856222,0.27243430837878035,1.0,0.0443728309370352,0.07858205255329698,0.0872583044124938,0.5748636588993554,0.12171541893901834,0.5589985126425384,0.11378284581060982
SMALLTEXT_CONTRASTIVEAL,0.08329201784828955,0.06668319286068418,0.050322260783341594,0.06668319286068418,0.0473475458601884,0.04858701041150223,0.07560733763014378,0.09568666336142786,0.05676747645017353,0.0473475458601884,0.04015865146256817,0.05304908279623203,0.05627169062964799,0.05156172533465543,0.051065939514129896,0.048834903321764996,0.07982151710461081,0.04858701041150223,0.04784333168071393,0.08304412493802678,0.06420426375805652,0.07932573128408528,0.05999008428358949,0.07982151710461081,0.07288051561725335,0.09494298463063956,0.05676747645017353,0.05528011898859692,0.04709965294992563,0.0443728309370352,1.0,0.08973723351512147,0.0961824491819534,0.04933068914229053,0.07833415964303421,0.0518096182449182,0.07015369360436291
SMALLTEXT_EMBEDDINGKMEANS,0.10956866633614279,0.07932573128408528,0.11527020327218641,0.1797223599405057,0.07635101636093208,0.0813088745661874,0.11973227565691621,0.07709469509172037,0.07312840852751612,0.07188894397620228,0.07759048091224591,0.14724838869608328,0.1368368864650471,0.08924144769459594,0.12022806147744175,0.10262766484878533,0.1065939514129896,0.08180466038671294,0.11675756073376302,0.17674764501735252,0.09196826970748637,0.14823996033713435,0.10064452156668319,0.12295488349033218,0.19211700545364402,0.07040158651462568,0.07585523054040655,0.07461576598909271,0.07659890927119484,0.07858205255329698,0.08973723351512147,1.0,0.12543381259295985,0.07486365889935548,0.1923648983639068,0.07288051561725335,0.17203767972235995
SMALLTEXT_GREEDYCORESET,0.21219633118492812,0.10857709469509172,0.15047099652949925,0.1752602875557759,0.09494298463063956,0.09370352007932573,0.04858701041150223,0.08849776896380764,0.09122459097669806,0.09395141298958849,0.09196826970748637,0.12394645513138325,0.11700545364402579,0.10585027268220129,0.15468517600396628,0.1065939514129896,0.21343579573624194,0.0954387704511651,0.11527020327218641,0.16410510659395142,0.12072384729796728,0.16212196331184928,0.0887456618740704,0.0805651958353991,0.17352503718393653,0.11130391670798215,0.09643034209221617,0.08924144769459594,0.09345562716906297,0.0872583044124938,0.0961824491819534,0.12543381259295985,1.0,0.09395141298958849,0.18319286068418444,0.09345562716906297,0.17278135845314824
SMALLTEXT_LEASTCONFIDENCE,0.09791769955379276,0.1375805651958354,0.08899355478433317,0.11254338125929599,0.3515121467526029,0.2741695587506197,0.03024293505205751,0.036440257808626676,0.2878036688150719,0.3232523549826475,0.2853247397124442,0.1737729300941993,0.17724343083787802,0.236737729300942,0.0954387704511651,0.22880515617253347,0.09444719881011403,0.2630143777887952,0.24293505205751115,0.11750123946455131,0.1849281110560238,0.11725334655428855,0.09221616261774913,0.059494298463063956,0.11155180961824492,0.10535448686167576,0.24566187407040158,0.28755577590480913,0.2263262270699058,0.5748636588993554,0.04933068914229053,0.07486365889935548,0.09395141298958849,1.0,0.11576598909271195,0.6028755577590481,0.11155180961824492
SMALLTEXT_LIGHTWEIGHTCORESET,0.14179474467030243,0.12221120475954388,0.1931085770946951,0.2597917699553793,0.11527020327218641,0.12196331184928111,0.060981655924640554,0.08849776896380764,0.11948438274665345,0.11006445215666832,0.11898859692612791,0.20872583044124937,0.20401586514625683,0.15146256817055032,0.19186911254338126,0.15220624690133863,0.14476945959345563,0.1375805651958354,0.18542389687654934,0.2773921665840357,0.17253346554288548,0.23475458601883986,0.11898859692612791,0.12592959841348536,0.29077838373822507,0.12022806147744175,0.12692117005453643,0.11551809618244918,0.11254338125929599,0.12171541893901834,0.07833415964303421,0.1923648983639068,0.18319286068418444,0.11576598909271195,1.0,0.11080813088745661,0.266484878532474
SMALLTEXT_PREDICTIONENTROPY,0.09866137828458106,0.13658899355478432,0.09048091224590976,0.10560237977193852,0.3026772434308379,0.263262270699058,0.03594447198810114,0.03520079325731284,0.30912245909766983,0.2959841348537432,0.27540902330193356,0.16410510659395142,0.16732771442736738,0.2233515121467526,0.09643034209221617,0.2270699058006941,0.09593455627169063,0.24888448190381754,0.2270699058006941,0.11750123946455131,0.1864154685176004,0.11799702528507684,0.08998512642538424,0.05924640555280119,0.10733763014377788,0.1036192364898364,0.2778879524045612,0.25037183936539414,0.22459097669806644,0.5589985126425384,0.0518096182449182,0.07288051561725335,0.09345562716906297,0.6028755577590481,0.11080813088745661,1.0,0.10188398611799702
SMALLTEXT_RANDOM,0.14600892414476946,0.11031234506693109,0.19881011403073873,0.6660882498760535,0.11204759543877045,0.12072384729796728,0.05453644025780863,0.08031730292513634,0.0999008428358949,0.10411502231036192,0.10857709469509172,0.20525532969757065,0.20699058006941,0.15270203272186417,0.20228061477441744,0.15493306891422906,0.14625681705503224,0.1346058502726822,0.1774913237481408,0.2783837382250868,0.14848785324739713,0.2315319781854239,0.10461080813088745,0.11774913237481408,0.28755577590480913,0.1028755577590481,0.10832920178482895,0.10733763014377788,0.11427863163113534,0.11378284581060982,0.07015369360436291,0.17203767972235995,0.17278135845314824,0.11155180961824492,0.266484878532474,0.10188398611799702,1.0
