,ALIPY_CORESET_GREEDY,ALIPY_DENSITY_WEIGHTED,ALIPY_GRAPH_DENSITY,ALIPY_RANDOM,ALIPY_UNCERTAINTY_LC,ALIPY_UNCERTAINTY_MM,LIBACT_DWUS,LIBACT_QUIRE,LIBACT_UNCERTAINTY_ENT,LIBACT_UNCERTAINTY_LC,LIBACT_UNCERTAINTY_SM,OPTIMAL_GREEDY_10,OPTIMAL_GREEDY_20,PLAYGROUND_BANDIT,PLAYGROUND_GRAPH_DENSITY,PLAYGROUND_INFORMATIVE_DIVERSE,PLAYGROUND_KCENTER_GREEDY,PLAYGROUND_MARGIN,PLAYGROUND_MIXTURE,PLAYGROUND_UNIFORM,SKACTIVEML_COST_EMBEDDING,SKACTIVEML_DAL,SKACTIVEML_DWUS,SKACTIVEML_QBC,SKACTIVEML_QBC_VOTE_ENTROPY,SKACTIVEML_QUIRE,SKACTIVEML_US_ENTROPY,SKACTIVEML_US_LC,SKACTIVEML_US_MARGIN,SMALLTEXT_BREAKINGTIES,SMALLTEXT_CONTRASTIVEAL,SMALLTEXT_EMBEDDINGKMEANS,SMALLTEXT_GREEDYCORESET,SMALLTEXT_LEASTCONFIDENCE,SMALLTEXT_LIGHTWEIGHTCORESET,SMALLTEXT_PREDICTIONENTROPY,SMALLTEXT_RANDOM
ALIPY_CORESET_GREEDY,1.0,0.244174516608825,0.031978185423896875,0.03743182944967774,0.05404065443728309,0.043877045116509666,0.09593455627169063,0.3145761031234507,0.044868616757560736,0.039167079821517105,0.0384234010907288,0.0887456618740704,0.08254833911750124,0.08279623202776401,0.031978185423896875,0.09890927119484383,1.0,0.06073376301437779,0.07808626673277144,0.08973723351512147,0.13807635101636093,0.11303916707982152,0.11750123946455131,0.10014873574615767,0.0872583044124938,0.17649975210708974,0.03445711452652454,0.034209221616261776,0.031234506693108576,0.024293505205751114,0.15294992563212692,0.09593455627169063,0.24913237481408032,0.031978185423896875,0.09147248388696083,0.0406544372830937,0.03743182944967774
ALIPY_DENSITY_WEIGHTED,0.244174516608825,1.0,0.06395637084779375,0.04933068914229053,0.08279623202776401,0.06916212196331185,0.1628656420426376,0.3294496777392167,0.06519583539910759,0.06470004957858205,0.05057015369360436,0.131631135349529,0.12543381259295985,0.11998016856717898,0.06395637084779375,0.1294000991571641,0.244174516608825,0.08081308874566187,0.09072880515617253,0.1256817055032226,0.18145761031234506,0.14972731779871096,0.17402082300446206,0.15121467526028756,0.13510163609320774,0.24516608824987604,0.058254833911750126,0.06296479920674268,0.05057015369360436,0.04238968765493307,0.18468021814576102,0.15195835399107585,0.2677243430837878,0.05280118988596926,0.1405552801189886,0.062221120475954385,0.04933068914229053
ALIPY_GRAPH_DENSITY,0.031978185423896875,0.06395637084779375,1.0,0.03272186415468518,0.021566683192860685,0.028011898859692613,0.11056023797719385,0.06817055032226078,0.019335647000495785,0.018096182449181954,0.01983143282102132,0.08081308874566187,0.08106098165592464,0.0406544372830937,1.0,0.0443728309370352,0.031978185423896875,0.024293505205751114,0.023549826474962815,0.08651462568170551,0.06048587010411502,0.0768468021814576,0.09419930589985126,0.08552305404065444,0.07362419434804164,0.05751115518096182,0.01636093207734259,0.020079325731284084,0.022062469013386217,0.018591968269707486,0.07164105106593951,0.10585027268220129,0.060981655924640554,0.01685671789786812,0.08031730292513634,0.01908775409023302,0.03272186415468518
ALIPY_RANDOM,0.03743182944967774,0.04933068914229053,0.03272186415468518,1.0,0.02404561229548835,0.03247397124442241,0.11700545364402579,0.06122954883490332,0.019335647000495785,0.01908775409023302,0.02107089737233515,0.11527020327218641,0.11204759543877045,0.07114526524541398,0.03272186415468518,0.08304412493802678,0.03743182944967774,0.05999008428358949,0.08230044620723848,0.11130391670798215,0.06916212196331185,0.11031234506693109,0.08701041150223103,0.10535448686167576,0.10461080813088745,0.062221120475954385,0.018591968269707486,0.01983143282102132,0.019583539910758552,0.02404561229548835,0.08403569657907783,0.12692117005453643,0.07610312345066932,0.01760039662865642,0.12072384729796728,0.01908775409023302,1.0
ALIPY_UNCERTAINTY_LC,0.05404065443728309,0.08279623202776401,0.021566683192860685,0.02404561229548835,1.0,0.7161626177491324,0.06172533465542886,0.06569162121963312,0.06643529995042141,0.07907783837382251,0.06147744174516609,0.06494794248884482,0.06172533465542886,0.07015369360436291,0.021566683192860685,0.06470004957858205,0.05404065443728309,0.1212196331184928,0.06172533465542886,0.06370847793753098,0.07511155180961825,0.07188894397620228,0.07064947942488845,0.05899851264253842,0.06321269211700545,0.07213683688646505,0.07164105106593951,0.08006941001487357,0.06246901338621715,0.11551809618244918,0.06445215666831929,0.07312840852751612,0.06916212196331185,0.22508676251859197,0.06668319286068418,0.13287059990084282,0.02404561229548835
ALIPY_UNCERTAINTY_MM,0.043877045116509666,0.06916212196331185,0.028011898859692613,0.03247397124442241,0.7161626177491324,1.0,0.06990580069410014,0.06370847793753098,0.04908279623202776,0.05304908279623203,0.07759048091224591,0.07089737233515121,0.07188894397620228,0.07585523054040655,0.028011898859692613,0.06445215666831929,0.043877045116509666,0.16881507188894398,0.08403569657907783,0.07040158651462568,0.07064947942488845,0.07064947942488845,0.06618740704015866,0.06866633614278632,0.07139315815567675,0.061973227565691624,0.05428854734754586,0.058750619732275654,0.07709469509172037,0.21095686663361427,0.06445215666831929,0.07659890927119484,0.06122954883490332,0.11353495290034706,0.06668319286068418,0.11080813088745661,0.03247397124442241
LIBACT_DWUS,0.09593455627169063,0.1628656420426376,0.11056023797719385,0.11700545364402579,0.06172533465542886,0.06990580069410014,1.0,0.21591472483886961,0.05007436787307883,0.047595438770451165,0.051065939514129896,0.24392662369856222,0.23971244422409518,0.1479920674268716,0.11056023797719385,0.1576598909271195,0.09593455627169063,0.0984134853743183,0.13658899355478432,0.26003966286564206,0.15840356965790778,0.2464055528011899,0.29077838373822507,0.2461576598909271,0.24169558750619732,0.17129400099157163,0.047595438770451165,0.0458601883986118,0.05205751115518096,0.037927615270203274,0.21938522558254833,0.3658899355478433,0.20029747149231533,0.036440257808626676,0.23202776400594943,0.04090233019335647,0.11700545364402579
LIBACT_QUIRE,0.3145761031234507,0.3294496777392167,0.06817055032226078,0.06122954883490332,0.06569162121963312,0.06370847793753098,0.21591472483886961,1.0,0.05701536936043629,0.051313832424392664,0.04338125929598413,0.1628656420426376,0.1663361427863163,0.13113534952900346,0.06817055032226078,0.153941497273178,0.3145761031234507,0.08750619732275657,0.11080813088745661,0.15790778383738224,0.2017848289538919,0.1908775409023302,0.20699058006941,0.1901338621715419,0.1648487853247397,0.27689638076351014,0.05453644025780863,0.05230540406544373,0.04908279623202776,0.03520079325731284,0.2411998016856718,0.19410014873574616,0.32077342588001984,0.044868616757560736,0.16435299950421417,0.05528011898859692,0.06122954883490332
LIBACT_UNCERTAINTY_ENT,0.044868616757560736,0.06519583539910759,0.019335647000495785,0.019335647000495785,0.06643529995042141,0.04908279623202776,0.05007436787307883,0.05701536936043629,1.0,0.7379771938522558,0.7149231531978185,0.050322260783341594,0.046355974219137334,0.05775904809122459,0.019335647000495785,0.04933068914229053,0.044868616757560736,0.044868616757560736,0.03817550818046604,0.0532969757064948,0.05081804660386713,0.0466038671294001,0.0458601883986118,0.0466038671294001,0.044868616757560736,0.05751115518096182,0.08924144769459594,0.07808626673277144,0.05676747645017353,0.051313832424392664,0.05899851264253842,0.05676747645017353,0.053544868616757564,0.07089737233515121,0.0480912245909767,0.09345562716906297,0.019335647000495785
LIBACT_UNCERTAINTY_LC,0.039167079821517105,0.06470004957858205,0.018096182449181954,0.01908775409023302,0.07907783837382251,0.05304908279623203,0.047595438770451165,0.051313832424392664,0.7379771938522558,1.0,0.7245909766980664,0.042637580565195836,0.051065939514129896,0.053792761527020325,0.018096182449181954,0.049826474962816066,0.039167079821517105,0.043877045116509666,0.032969757064947945,0.0428854734754586,0.05057015369360436,0.04709965294992563,0.04610808130887457,0.0443728309370352,0.04015865146256817,0.05999008428358949,0.07659890927119484,0.07759048091224591,0.059494298463063956,0.05775904809122459,0.0518096182449182,0.051313832424392664,0.0532969757064948,0.08081308874566187,0.046355974219137334,0.07882994546355974,0.01908775409023302
LIBACT_UNCERTAINTY_SM,0.0384234010907288,0.05057015369360436,0.01983143282102132,0.02107089737233515,0.06147744174516609,0.07759048091224591,0.051065939514129896,0.04338125929598413,0.7149231531978185,0.7245909766980664,1.0,0.05404065443728309,0.0532969757064948,0.05651958353991076,0.01983143282102132,0.054784333168071395,0.0384234010907288,0.052553296975706494,0.0458601883986118,0.05007436787307883,0.053792761527020325,0.0532969757064948,0.045364402578086264,0.05850272682201289,0.05280118988596926,0.05404065443728309,0.051065939514129896,0.062221120475954385,0.08527516113039167,0.07982151710461081,0.0473475458601884,0.06147744174516609,0.0518096182449182,0.061973227565691624,0.0532969757064948,0.06841844323252355,0.02107089737233515
OPTIMAL_GREEDY_10,0.0887456618740704,0.131631135349529,0.08081308874566187,0.11527020327218641,0.06494794248884482,0.07089737233515121,0.24392662369856222,0.1628656420426376,0.050322260783341594,0.042637580565195836,0.05404065443728309,1.0,0.2449181953396133,0.14551313832424392,0.08081308874566187,0.16038671294000992,0.0887456618740704,0.10882498760535449,0.15195835399107585,0.229300941993059,0.14774417451660882,0.21690629647992068,0.18319286068418444,0.22136836886465047,0.22806147744174515,0.14625681705503224,0.04685176003966286,0.05230540406544373,0.04709965294992563,0.04610808130887457,0.2017848289538919,0.2580565195835399,0.1864154685176004,0.03966286564204264,0.22806147744174515,0.04090233019335647,0.11527020327218641
OPTIMAL_GREEDY_20,0.08254833911750124,0.12543381259295985,0.08106098165592464,0.11204759543877045,0.06172533465542886,0.07188894397620228,0.23971244422409518,0.1663361427863163,0.046355974219137334,0.051065939514129896,0.0532969757064948,0.2449181953396133,1.0,0.14303420922161625,0.08106098165592464,0.1700545364402578,0.08254833911750124,0.10585027268220129,0.1588993554784333,0.2226078334159643,0.14823996033713435,0.2211204759543877,0.18517600396628656,0.2129400099157164,0.21864154685176004,0.139067922657412,0.04338125929598413,0.0480912245909767,0.05156172533465543,0.044124938026772434,0.19484382746653445,0.2667327714427367,0.16608824987605356,0.03619236489836391,0.22384729796727815,0.04561229548834903,0.11204759543877045
PLAYGROUND_BANDIT,0.08279623202776401,0.11998016856717898,0.0406544372830937,0.07114526524541398,0.07015369360436291,0.07585523054040655,0.1479920674268716,0.13113534952900346,0.05775904809122459,0.053792761527020325,0.05651958353991076,0.14551313832424392,0.14303420922161625,1.0,0.0406544372830937,0.3336638572136837,0.08279623202776401,0.34234010907288054,0.30466038671294,0.13063956370847793,0.13411006445215667,0.13981160138820029,0.13510163609320774,0.14600892414476946,0.14005949429846307,0.11601388200297472,0.04685176003966286,0.052553296975706494,0.05304908279623203,0.052553296975706494,0.12444224095190877,0.15468517600396628,0.1331184928111056,0.04858701041150223,0.14402578086266732,0.04164600892414477,0.07114526524541398
PLAYGROUND_GRAPH_DENSITY,0.031978185423896875,0.06395637084779375,1.0,0.03272186415468518,0.021566683192860685,0.028011898859692613,0.11056023797719385,0.06817055032226078,0.019335647000495785,0.018096182449181954,0.01983143282102132,0.08081308874566187,0.08106098165592464,0.0406544372830937,1.0,0.0443728309370352,0.031978185423896875,0.024293505205751114,0.023549826474962815,0.08651462568170551,0.06048587010411502,0.0768468021814576,0.09419930589985126,0.08552305404065444,0.07362419434804164,0.05751115518096182,0.01636093207734259,0.020079325731284084,0.022062469013386217,0.018591968269707486,0.07164105106593951,0.10585027268220129,0.060981655924640554,0.01685671789786812,0.08031730292513634,0.01908775409023302,0.03272186415468518
PLAYGROUND_INFORMATIVE_DIVERSE,0.09890927119484383,0.1294000991571641,0.0443728309370352,0.08304412493802678,0.06470004957858205,0.06445215666831929,0.1576598909271195,0.153941497273178,0.04933068914229053,0.049826474962816066,0.054784333168071395,0.16038671294000992,0.1700545364402578,0.3336638572136837,0.0443728309370352,1.0,0.09890927119484383,0.2949925632126921,0.31333663857213684,0.15319781854238967,0.1360932077342588,0.15418939018344074,0.14352999504214178,0.16534457114526524,0.16608824987605356,0.13435795736241943,0.05007436787307883,0.05156172533465543,0.05701536936043629,0.044868616757560736,0.14848785324739713,0.1782350024789291,0.15121467526028756,0.041398116013882005,0.16534457114526524,0.042637580565195836,0.08304412493802678
PLAYGROUND_KCENTER_GREEDY,1.0,0.244174516608825,0.031978185423896875,0.03743182944967774,0.05404065443728309,0.043877045116509666,0.09593455627169063,0.3145761031234507,0.044868616757560736,0.039167079821517105,0.0384234010907288,0.0887456618740704,0.08254833911750124,0.08279623202776401,0.031978185423896875,0.09890927119484383,1.0,0.06073376301437779,0.07808626673277144,0.08973723351512147,0.13807635101636093,0.11303916707982152,0.11750123946455131,0.10014873574615767,0.0872583044124938,0.17649975210708974,0.03445711452652454,0.034209221616261776,0.031234506693108576,0.024293505205751114,0.15294992563212692,0.09593455627169063,0.24913237481408032,0.031978185423896875,0.09147248388696083,0.0406544372830937,0.03743182944967774
PLAYGROUND_MARGIN,0.06073376301437779,0.08081308874566187,0.024293505205751114,0.05999008428358949,0.1212196331184928,0.16881507188894398,0.0984134853743183,0.08750619732275657,0.044868616757560736,0.043877045116509666,0.052553296975706494,0.10882498760535449,0.10585027268220129,0.34234010907288054,0.024293505205751114,0.2949925632126921,0.06073376301437779,1.0,0.458601883986118,0.10138820029747149,0.10188398611799702,0.1065939514129896,0.09345562716906297,0.10634605850272683,0.10510659395141299,0.08676251859196826,0.04115022310361924,0.04462072384729797,0.051065939514129896,0.13807635101636093,0.0954387704511651,0.11923648983639068,0.08775409023301933,0.0909766980664353,0.10436291522062469,0.08651462568170551,0.05999008428358949
PLAYGROUND_MIXTURE,0.07808626673277144,0.09072880515617253,0.023549826474962815,0.08230044620723848,0.06172533465542886,0.08403569657907783,0.13658899355478432,0.11080813088745661,0.03817550818046604,0.032969757064947945,0.0458601883986118,0.15195835399107585,0.1588993554784333,0.30466038671294,0.023549826474962815,0.31333663857213684,0.07808626673277144,0.458601883986118,1.0,0.14625681705503224,0.10337134357957363,0.14303420922161625,0.12022806147744175,0.1427863163113535,0.14476945959345563,0.09568666336142786,0.033217649975210706,0.035448686167575606,0.040406544372830935,0.06965790778383739,0.11774913237481408,0.16782350024789291,0.12022806147744175,0.04561229548834903,0.1442736737729301,0.043877045116509666,0.08230044620723848
PLAYGROUND_UNIFORM,0.08973723351512147,0.1256817055032226,0.08651462568170551,0.11130391670798215,0.06370847793753098,0.07040158651462568,0.26003966286564206,0.15790778383738224,0.0532969757064948,0.0428854734754586,0.05007436787307883,0.229300941993059,0.2226078334159643,0.13063956370847793,0.08651462568170551,0.15319781854238967,0.08973723351512147,0.10138820029747149,0.14625681705503224,1.0,0.14823996033713435,0.22434308378780368,0.1893901834407536,0.22062469013386218,0.21417947446703026,0.13882002974714924,0.04189390183440753,0.045364402578086264,0.052553296975706494,0.04338125929598413,0.2055032226078334,0.2677243430837878,0.17848289538919188,0.036440257808626676,0.2131879028259792,0.0466038671294001,0.11130391670798215
SKACTIVEML_COST_EMBEDDING,0.13807635101636093,0.18145761031234506,0.06048587010411502,0.06916212196331185,0.07511155180961825,0.07064947942488845,0.15840356965790778,0.2017848289538919,0.05081804660386713,0.05057015369360436,0.053792761527020325,0.14774417451660882,0.14823996033713435,0.13411006445215667,0.06048587010411502,0.1360932077342588,0.13807635101636093,0.10188398611799702,0.10337134357957363,0.14823996033713435,1.0,0.16162617749132374,0.1685671789786812,0.14774417451660882,0.1375805651958354,0.18666336142786316,0.04784333168071393,0.05230540406544373,0.0466038671294001,0.0406544372830937,0.16063460585027267,0.16013882002974714,0.18393653941497273,0.045364402578086264,0.15319781854238967,0.04933068914229053,0.06916212196331185
SKACTIVEML_DAL,0.11303916707982152,0.14972731779871096,0.0768468021814576,0.11031234506693109,0.07188894397620228,0.07064947942488845,0.2464055528011899,0.1908775409023302,0.0466038671294001,0.04709965294992563,0.0532969757064948,0.21690629647992068,0.2211204759543877,0.13981160138820029,0.0768468021814576,0.15418939018344074,0.11303916707982152,0.1065939514129896,0.14303420922161625,0.22434308378780368,0.16162617749132374,1.0,0.19509172037679723,0.21343579573624194,0.2226078334159643,0.16831928606841845,0.0466038671294001,0.043877045116509666,0.0480912245909767,0.045364402578086264,0.22310361923648983,0.25731284085275163,0.1968269707486366,0.037927615270203274,0.2255825483391175,0.048834903321764996,0.11031234506693109
SKACTIVEML_DWUS,0.11750123946455131,0.17402082300446206,0.09419930589985126,0.08701041150223103,0.07064947942488845,0.06618740704015866,0.29077838373822507,0.20699058006941,0.0458601883986118,0.04610808130887457,0.045364402578086264,0.18319286068418444,0.18517600396628656,0.13510163609320774,0.09419930589985126,0.14352999504214178,0.11750123946455131,0.09345562716906297,0.12022806147744175,0.1893901834407536,0.1685671789786812,0.19509172037679723,1.0,0.1968269707486366,0.18517600396628656,0.1685671789786812,0.0495785820525533,0.04610808130887457,0.053792761527020325,0.03817550818046604,0.18963807635101637,0.25632126921170056,0.19707486365889937,0.04015865146256817,0.1886465047099653,0.04784333168071393,0.08701041150223103
SKACTIVEML_QBC,0.10014873574615767,0.15121467526028756,0.08552305404065444,0.10535448686167576,0.05899851264253842,0.06866633614278632,0.2461576598909271,0.1901338621715419,0.0466038671294001,0.0443728309370352,0.05850272682201289,0.22136836886465047,0.2129400099157164,0.14600892414476946,0.08552305404065444,0.16534457114526524,0.10014873574615767,0.10634605850272683,0.1427863163113535,0.22062469013386218,0.14774417451660882,0.21343579573624194,0.1968269707486366,1.0,0.236737729300942,0.16236985622211206,0.04462072384729797,0.04462072384729797,0.058254833911750126,0.043877045116509666,0.20228061477441744,0.24888448190381754,0.16906296479920674,0.03594447198810114,0.22161626177491323,0.048834903321764996,0.10535448686167576
SKACTIVEML_QBC_VOTE_ENTROPY,0.0872583044124938,0.13510163609320774,0.07362419434804164,0.10461080813088745,0.06321269211700545,0.07139315815567675,0.24169558750619732,0.1648487853247397,0.044868616757560736,0.04015865146256817,0.05280118988596926,0.22806147744174515,0.21864154685176004,0.14005949429846307,0.07362419434804164,0.16608824987605356,0.0872583044124938,0.10510659395141299,0.14476945959345563,0.21417947446703026,0.1375805651958354,0.2226078334159643,0.18517600396628656,0.236737729300942,1.0,0.1457610312345067,0.053544868616757564,0.0466038671294001,0.05404065443728309,0.0466038671294001,0.1931085770946951,0.2595438770451165,0.1745166088249876,0.04238968765493307,0.20699058006941,0.0466038671294001,0.10461080813088745
SKACTIVEML_QUIRE,0.17649975210708974,0.24516608824987604,0.05751115518096182,0.062221120475954385,0.07213683688646505,0.061973227565691624,0.17129400099157163,0.27689638076351014,0.05751115518096182,0.05999008428358949,0.05404065443728309,0.14625681705503224,0.139067922657412,0.11601388200297472,0.05751115518096182,0.13435795736241943,0.17649975210708974,0.08676251859196826,0.09568666336142786,0.13882002974714924,0.18666336142786316,0.16831928606841845,0.1685671789786812,0.16236985622211206,0.1457610312345067,1.0,0.05999008428358949,0.054784333168071395,0.04709965294992563,0.03867129400099157,0.17922657411998016,0.16906296479920674,0.23054040654437283,0.0443728309370352,0.14600892414476946,0.051065939514129896,0.062221120475954385
SKACTIVEML_US_ENTROPY,0.03445711452652454,0.058254833911750126,0.01636093207734259,0.018591968269707486,0.07164105106593951,0.05428854734754586,0.047595438770451165,0.05453644025780863,0.08924144769459594,0.07659890927119484,0.051065939514129896,0.04685176003966286,0.04338125929598413,0.04685176003966286,0.01636093207734259,0.05007436787307883,0.03445711452652454,0.04115022310361924,0.033217649975210706,0.04189390183440753,0.04784333168071393,0.0466038671294001,0.0495785820525533,0.04462072384729797,0.053544868616757564,0.05999008428358949,1.0,0.7441745166088249,0.721864154685176,0.04561229548834903,0.04858701041150223,0.05503222607833416,0.0466038671294001,0.06395637084779375,0.04858701041150223,0.07858205255329698,0.018591968269707486
SKACTIVEML_US_LC,0.034209221616261776,0.06296479920674268,0.020079325731284084,0.01983143282102132,0.08006941001487357,0.058750619732275654,0.0458601883986118,0.05230540406544373,0.07808626673277144,0.07759048091224591,0.062221120475954385,0.05230540406544373,0.0480912245909767,0.052553296975706494,0.020079325731284084,0.05156172533465543,0.034209221616261776,0.04462072384729797,0.035448686167575606,0.045364402578086264,0.05230540406544373,0.043877045116509666,0.04610808130887457,0.04462072384729797,0.0466038671294001,0.054784333168071395,0.7441745166088249,1.0,0.7253346554288548,0.045364402578086264,0.04933068914229053,0.04709965294992563,0.053792761527020325,0.06990580069410014,0.04338125929598413,0.06916212196331185,0.01983143282102132
SKACTIVEML_US_MARGIN,0.031234506693108576,0.05057015369360436,0.022062469013386217,0.019583539910758552,0.06246901338621715,0.07709469509172037,0.05205751115518096,0.04908279623202776,0.05676747645017353,0.059494298463063956,0.08527516113039167,0.04709965294992563,0.05156172533465543,0.05304908279623203,0.022062469013386217,0.05701536936043629,0.031234506693108576,0.051065939514129896,0.040406544372830935,0.052553296975706494,0.0466038671294001,0.0480912245909767,0.053792761527020325,0.058254833911750126,0.05404065443728309,0.04709965294992563,0.721864154685176,0.7253346554288548,1.0,0.06841844323252355,0.05503222607833416,0.054784333168071395,0.04685176003966286,0.05230540406544373,0.053792761527020325,0.05304908279623203,0.019583539910758552
SMALLTEXT_BREAKINGTIES,0.024293505205751114,0.04238968765493307,0.018591968269707486,0.02404561229548835,0.11551809618244918,0.21095686663361427,0.037927615270203274,0.03520079325731284,0.051313832424392664,0.05775904809122459,0.07982151710461081,0.04610808130887457,0.044124938026772434,0.052553296975706494,0.018591968269707486,0.044868616757560736,0.024293505205751114,0.13807635101636093,0.06965790778383739,0.04338125929598413,0.0406544372830937,0.045364402578086264,0.03817550818046604,0.043877045116509666,0.0466038671294001,0.03867129400099157,0.04561229548834903,0.045364402578086264,0.06841844323252355,1.0,0.0406544372830937,0.0428854734754586,0.03718393653941497,0.7159147248388696,0.04313336638572137,0.7069905800694101,0.02404561229548835
SMALLTEXT_CONTRASTIVEAL,0.15294992563212692,0.18468021814576102,0.07164105106593951,0.08403569657907783,0.06445215666831929,0.06445215666831929,0.21938522558254833,0.2411998016856718,0.05899851264253842,0.0518096182449182,0.0473475458601884,0.2017848289538919,0.19484382746653445,0.12444224095190877,0.07164105106593951,0.14848785324739713,0.15294992563212692,0.0954387704511651,0.11774913237481408,0.2055032226078334,0.16063460585027267,0.22310361923648983,0.18963807635101637,0.20228061477441744,0.1931085770946951,0.17922657411998016,0.04858701041150223,0.04933068914229053,0.05503222607833416,0.0406544372830937,1.0,0.22979672781358454,0.2300446207238473,0.045364402578086264,0.20748636588993555,0.05280118988596926,0.08403569657907783
SMALLTEXT_EMBEDDINGKMEANS,0.09593455627169063,0.15195835399107585,0.10585027268220129,0.12692117005453643,0.07312840852751612,0.07659890927119484,0.3658899355478433,0.19410014873574616,0.05676747645017353,0.051313832424392664,0.06147744174516609,0.2580565195835399,0.2667327714427367,0.15468517600396628,0.10585027268220129,0.1782350024789291,0.09593455627169063,0.11923648983639068,0.16782350024789291,0.2677243430837878,0.16013882002974714,0.25731284085275163,0.25632126921170056,0.24888448190381754,0.2595438770451165,0.16906296479920674,0.05503222607833416,0.04709965294992563,0.054784333168071395,0.0428854734754586,0.22979672781358454,1.0,0.19781854238968766,0.04338125929598413,0.2464055528011899,0.0451165096678235,0.12692117005453643
SMALLTEXT_GREEDYCORESET,0.24913237481408032,0.2677243430837878,0.060981655924640554,0.07610312345066932,0.06916212196331185,0.06122954883490332,0.20029747149231533,0.32077342588001984,0.053544868616757564,0.0532969757064948,0.0518096182449182,0.1864154685176004,0.16608824987605356,0.1331184928111056,0.060981655924640554,0.15121467526028756,0.24913237481408032,0.08775409023301933,0.12022806147744175,0.17848289538919188,0.18393653941497273,0.1968269707486366,0.19707486365889937,0.16906296479920674,0.1745166088249876,0.23054040654437283,0.0466038671294001,0.053792761527020325,0.04685176003966286,0.03718393653941497,0.2300446207238473,0.19781854238968766,1.0,0.042637580565195836,0.18443232523549827,0.04858701041150223,0.07610312345066932
SMALLTEXT_LEASTCONFIDENCE,0.031978185423896875,0.05280118988596926,0.01685671789786812,0.01760039662865642,0.22508676251859197,0.11353495290034706,0.036440257808626676,0.044868616757560736,0.07089737233515121,0.08081308874566187,0.061973227565691624,0.03966286564204264,0.03619236489836391,0.04858701041150223,0.01685671789786812,0.041398116013882005,0.031978185423896875,0.0909766980664353,0.04561229548834903,0.036440257808626676,0.045364402578086264,0.037927615270203274,0.04015865146256817,0.03594447198810114,0.04238968765493307,0.0443728309370352,0.06395637084779375,0.06990580069410014,0.05230540406544373,0.7159147248388696,0.045364402578086264,0.04338125929598413,0.042637580565195836,1.0,0.04015865146256817,0.7310361923648984,0.01760039662865642
SMALLTEXT_LIGHTWEIGHTCORESET,0.09147248388696083,0.1405552801189886,0.08031730292513634,0.12072384729796728,0.06668319286068418,0.06668319286068418,0.23202776400594943,0.16435299950421417,0.0480912245909767,0.046355974219137334,0.0532969757064948,0.22806147744174515,0.22384729796727815,0.14402578086266732,0.08031730292513634,0.16534457114526524,0.09147248388696083,0.10436291522062469,0.1442736737729301,0.2131879028259792,0.15319781854238967,0.2255825483391175,0.1886465047099653,0.22161626177491323,0.20699058006941,0.14600892414476946,0.04858701041150223,0.04338125929598413,0.053792761527020325,0.04313336638572137,0.20748636588993555,0.2464055528011899,0.18443232523549827,0.04015865146256817,1.0,0.042637580565195836,0.12072384729796728
SMALLTEXT_PREDICTIONENTROPY,0.0406544372830937,0.062221120475954385,0.01908775409023302,0.01908775409023302,0.13287059990084282,0.11080813088745661,0.04090233019335647,0.05528011898859692,0.09345562716906297,0.07882994546355974,0.06841844323252355,0.04090233019335647,0.04561229548834903,0.04164600892414477,0.01908775409023302,0.042637580565195836,0.0406544372830937,0.08651462568170551,0.043877045116509666,0.0466038671294001,0.04933068914229053,0.048834903321764996,0.04784333168071393,0.048834903321764996,0.0466038671294001,0.051065939514129896,0.07858205255329698,0.06916212196331185,0.05304908279623203,0.7069905800694101,0.05280118988596926,0.0451165096678235,0.04858701041150223,0.7310361923648984,0.042637580565195836,1.0,0.01908775409023302
SMALLTEXT_RANDOM,0.03743182944967774,0.04933068914229053,0.03272186415468518,1.0,0.02404561229548835,0.03247397124442241,0.11700545364402579,0.06122954883490332,0.019335647000495785,0.01908775409023302,0.02107089737233515,0.11527020327218641,0.11204759543877045,0.07114526524541398,0.03272186415468518,0.08304412493802678,0.03743182944967774,0.05999008428358949,0.08230044620723848,0.11130391670798215,0.06916212196331185,0.11031234506693109,0.08701041150223103,0.10535448686167576,0.10461080813088745,0.062221120475954385,0.018591968269707486,0.01983143282102132,0.019583539910758552,0.02404561229548835,0.08403569657907783,0.12692117005453643,0.07610312345066932,0.01760039662865642,0.12072384729796728,0.01908775409023302,1.0
