,ALIPY_CORESET_GREEDY,ALIPY_DENSITY_WEIGHTED,ALIPY_GRAPH_DENSITY,ALIPY_RANDOM,ALIPY_UNCERTAINTY_LC,ALIPY_UNCERTAINTY_MM,LIBACT_DWUS,LIBACT_QUIRE,LIBACT_UNCERTAINTY_ENT,LIBACT_UNCERTAINTY_LC,LIBACT_UNCERTAINTY_SM,OPTIMAL_GREEDY_10,OPTIMAL_GREEDY_20,PLAYGROUND_BANDIT,PLAYGROUND_GRAPH_DENSITY,PLAYGROUND_INFORMATIVE_DIVERSE,PLAYGROUND_KCENTER_GREEDY,PLAYGROUND_MARGIN,PLAYGROUND_MIXTURE,PLAYGROUND_UNIFORM,SKACTIVEML_COST_EMBEDDING,SKACTIVEML_DAL,SKACTIVEML_DWUS,SKACTIVEML_QBC,SKACTIVEML_QBC_VOTE_ENTROPY,SKACTIVEML_QUIRE,SKACTIVEML_US_ENTROPY,SKACTIVEML_US_LC,SKACTIVEML_US_MARGIN,SMALLTEXT_BREAKINGTIES,SMALLTEXT_CONTRASTIVEAL,SMALLTEXT_EMBEDDINGKMEANS,SMALLTEXT_GREEDYCORESET,SMALLTEXT_LEASTCONFIDENCE,SMALLTEXT_LIGHTWEIGHTCORESET,SMALLTEXT_PREDICTIONENTROPY,SMALLTEXT_RANDOM
ALIPY_CORESET_GREEDY,4034,818,238,482,284,280,189,986,260,250,254,534,510,448,249,412,2457,315,468,511,547,567,230,529,508,718,260,238,252,230,617,421,1054,219,587,231,444
ALIPY_DENSITY_WEIGHTED,818,4034,159,206,454,433,199,1160,420,437,437,321,303,422,163,488,800,403,342,315,553,363,385,333,318,985,452,462,445,402,465,312,819,394,423,398,206
ALIPY_GRAPH_DENSITY,238,159,4034,448,222,212,248,216,159,173,167,476,485,282,2497,278,261,223,266,464,352,414,386,444,481,249,171,163,177,166,347,388,321,158,422,153,424
ALIPY_RANDOM,482,206,448,4034,293,308,412,294,224,250,219,999,996,596,401,398,466,332,582,1021,585,905,543,784,1014,283,250,234,266,246,598,787,622,225,809,229,2453
ALIPY_UNCERTAINTY_LC,284,454,222,293,4034,1873,247,256,558,535,526,386,338,535,237,587,283,664,549,396,552,368,357,343,365,338,566,591,534,594,392,337,366,854,419,649,305
ALIPY_UNCERTAINTY_MM,280,433,212,308,1873,4034,261,247,519,490,541,402,382,547,235,565,264,751,583,389,529,369,368,361,386,343,506,539,547,835,407,319,344,640,416,619,316
LIBACT_DWUS,189,199,248,412,247,261,4034,195,220,227,247,530,532,281,246,303,178,231,245,502,346,472,850,622,508,268,246,227,259,212,414,1108,308,218,393,236,389
LIBACT_QUIRE,986,1160,216,294,256,247,195,4034,227,239,262,427,424,351,226,329,980,226,299,396,484,469,302,435,392,1100,225,265,242,262,566,292,925,215,511,245,262
LIBACT_UNCERTAINTY_ENT,260,420,159,224,558,519,220,227,4034,1961,1935,287,276,377,165,468,250,401,359,316,410,303,286,266,289,277,577,558,491,522,348,308,326,544,307,611,219
LIBACT_UNCERTAINTY_LC,250,437,173,250,535,490,227,239,1961,4034,1965,299,292,402,173,469,229,422,337,328,374,304,302,292,282,312,579,568,566,522,301,303,316,600,315,573,235
LIBACT_UNCERTAINTY_SM,254,437,167,219,526,541,247,262,1935,1965,4034,306,304,419,163,484,251,434,377,296,458,321,299,267,285,306,527,536,599,574,317,292,312,536,344,536,237
OPTIMAL_GREEDY_10,534,321,476,999,386,402,530,427,287,299,306,4034,1404,734,476,623,514,413,695,1330,789,1152,741,1028,1331,413,283,290,304,249,770,996,783,262,1134,261,969
OPTIMAL_GREEDY_20,510,303,485,996,338,382,532,424,276,292,304,1404,4034,791,472,593,512,387,664,1264,763,1197,716,1061,1259,401,271,304,314,287,720,1016,780,272,1157,256,998
PLAYGROUND_BANDIT,448,422,282,596,535,547,281,351,377,402,419,734,791,4034,296,1485,440,1351,1475,755,751,735,448,547,769,434,397,390,403,401,575,597,601,383,751,401,592
PLAYGROUND_GRAPH_DENSITY,249,163,2497,401,237,235,246,226,165,173,163,476,472,296,4034,290,245,213,257,470,358,429,376,435,498,235,192,169,162,156,352,408,319,165,416,167,413
PLAYGROUND_INFORMATIVE_DIVERSE,412,488,278,398,587,565,303,329,468,469,484,623,593,1485,290,4034,385,1386,1358,580,748,582,429,519,584,421,488,490,508,428,587,552,554,468,691,477,431
PLAYGROUND_KCENTER_GREEDY,2457,800,261,466,283,264,178,980,250,229,251,514,512,440,245,385,4034,320,432,498,566,564,228,540,530,720,233,235,238,224,601,411,1046,226,569,227,455
PLAYGROUND_MARGIN,315,403,223,332,664,751,231,226,401,422,434,413,387,1351,213,1386,320,4034,1871,403,522,415,332,376,415,342,407,411,428,559,414,359,394,483,459,475,354
PLAYGROUND_MIXTURE,468,342,266,582,549,583,245,299,359,337,377,695,664,1475,257,1358,432,1871,4034,649,625,638,354,534,681,346,319,362,381,455,489,589,538,357,654,356,603
PLAYGROUND_UNIFORM,511,315,464,1021,396,389,502,396,316,328,296,1330,1264,755,470,580,498,403,649,4034,818,1222,748,1047,1314,393,263,254,278,239,815,1001,784,242,1128,285,1012
SKACTIVEML_COST_EMBEDDING,547,553,352,585,552,529,346,484,410,374,458,789,763,751,358,748,566,522,625,818,4034,714,555,683,754,636,376,375,395,367,727,603,831,378,851,364,595
SKACTIVEML_DAL,567,363,414,905,368,369,472,469,303,304,321,1152,1197,735,429,582,564,415,638,1222,714,4034,652,970,1211,520,279,296,324,276,828,864,746,254,1101,304,858
SKACTIVEML_DWUS,230,385,386,543,357,368,850,302,286,302,299,741,716,448,376,429,228,332,354,748,555,652,4034,711,719,373,283,293,327,273,506,881,437,264,555,273,545
SKACTIVEML_QBC,529,333,444,784,343,361,622,435,266,292,267,1028,1061,547,435,519,540,376,534,1047,683,970,711,4034,1080,511,290,264,302,227,822,910,740,266,927,282,837
SKACTIVEML_QBC_VOTE_ENTROPY,508,318,481,1014,365,386,508,392,289,282,285,1331,1259,769,498,584,530,415,681,1314,754,1211,719,1080,4034,414,283,305,306,236,755,938,818,264,1167,302,989
SKACTIVEML_QUIRE,718,985,249,283,338,343,268,1100,277,312,306,413,401,434,235,421,720,342,346,393,636,520,373,511,414,4034,323,300,309,263,765,288,938,278,522,304,295
SKACTIVEML_US_ENTROPY,260,452,171,250,566,506,246,225,577,579,527,283,271,397,192,488,233,407,319,263,376,279,283,290,283,323,4034,2022,1963,460,324,264,334,525,335,568,229
SKACTIVEML_US_LC,238,462,163,234,591,539,227,265,558,568,536,290,304,390,169,490,235,411,362,254,375,296,293,264,305,300,2022,4034,1950,507,342,293,331,521,311,573,236
SKACTIVEML_US_MARGIN,252,445,177,266,534,547,259,242,491,566,599,304,314,403,162,508,238,428,381,278,395,324,327,302,306,309,1963,1950,4034,499,305,343,312,490,346,485,238
SMALLTEXT_BREAKINGTIES,230,402,166,246,594,835,212,262,522,522,574,249,287,401,156,428,224,559,455,239,367,276,273,227,236,263,460,507,499,4034,267,282,261,1928,264,1896,224
SMALLTEXT_CONTRASTIVEAL,617,465,347,598,392,407,414,566,348,301,317,770,720,575,352,587,601,414,489,815,727,828,506,822,755,765,324,342,305,267,4034,590,831,279,831,313,589
SMALLTEXT_EMBEDDINGKMEANS,421,312,388,787,337,319,1108,292,308,303,292,996,1016,597,408,552,411,359,589,1001,603,864,881,910,938,288,264,293,343,282,590,4034,693,273,737,293,731
SMALLTEXT_GREEDYCORESET,1054,819,321,622,366,344,308,925,326,316,312,783,780,601,319,554,1046,394,538,784,831,746,437,740,818,938,334,331,312,261,831,693,4034,270,888,287,623
SMALLTEXT_LEASTCONFIDENCE,219,394,158,225,854,640,218,215,544,600,536,262,272,383,165,468,226,483,357,242,378,254,264,266,264,278,525,521,490,1928,279,273,270,4034,272,2005,216
SMALLTEXT_LIGHTWEIGHTCORESET,587,423,422,809,419,416,393,511,307,315,344,1134,1157,751,416,691,569,459,654,1128,851,1101,555,927,1167,522,335,311,346,264,831,737,888,272,4034,304,805
SMALLTEXT_PREDICTIONENTROPY,231,398,153,229,649,619,236,245,611,573,536,261,256,401,167,477,227,475,356,285,364,304,273,282,302,304,568,573,485,1896,313,293,287,2005,304,4034,209
SMALLTEXT_RANDOM,444,206,424,2453,305,316,389,262,219,235,237,969,998,592,413,431,455,354,603,1012,595,858,545,837,989,295,229,236,238,224,589,731,623,216,805,209,4034
