,ALIPY_CORESET_GREEDY,ALIPY_DENSITY_WEIGHTED,ALIPY_GRAPH_DENSITY,ALIPY_RANDOM,ALIPY_UNCERTAINTY_LC,ALIPY_UNCERTAINTY_MM,LIBACT_DWUS,LIBACT_QUIRE,LIBACT_UNCERTAINTY_ENT,LIBACT_UNCERTAINTY_LC,LIBACT_UNCERTAINTY_SM,OPTIMAL_GREEDY_10,OPTIMAL_GREEDY_20,PLAYGROUND_BANDIT,PLAYGROUND_GRAPH_DENSITY,PLAYGROUND_INFORMATIVE_DIVERSE,PLAYGROUND_KCENTER_GREEDY,PLAYGROUND_MARGIN,PLAYGROUND_MIXTURE,PLAYGROUND_UNIFORM,SKACTIVEML_COST_EMBEDDING,SKACTIVEML_DAL,SKACTIVEML_DWUS,SKACTIVEML_QBC,SKACTIVEML_QBC_VOTE_ENTROPY,SKACTIVEML_QUIRE,SKACTIVEML_US_ENTROPY,SKACTIVEML_US_LC,SKACTIVEML_US_MARGIN,SMALLTEXT_BREAKINGTIES,SMALLTEXT_CONTRASTIVEAL,SMALLTEXT_EMBEDDINGKMEANS,SMALLTEXT_GREEDYCORESET,SMALLTEXT_LEASTCONFIDENCE,SMALLTEXT_LIGHTWEIGHTCORESET,SMALLTEXT_PREDICTIONENTROPY,SMALLTEXT_RANDOM
ALIPY_CORESET_GREEDY,1.0,0.1849281110560238,0.05850272682201289,0.1256817055032226,0.07238472979672782,0.06544372830937036,0.028011898859692613,0.17501239464551313,0.06395637084779375,0.06246901338621715,0.05552801189885969,0.1427863163113535,0.146504709965295,0.1028755577590481,0.05999008428358949,0.08701041150223103,0.6175012394645513,0.06693108577094695,0.11006445215666832,0.13956370847793753,0.10684184432325236,0.14452156668319285,0.09395141298958849,0.11056023797719385,0.13485374318294496,0.1331184928111056,0.06073376301437779,0.06048587010411502,0.05552801189885969,0.05057015369360436,0.0999008428358949,0.12890431333663857,0.2853247397124442,0.05552801189885969,0.13634110064452157,0.05503222607833416,0.1249380267724343
ALIPY_DENSITY_WEIGHTED,0.1849281110560238,1.0,0.0384234010907288,0.059494298463063956,0.0813088745661874,0.07114526524541398,0.033217649975210706,0.2811105602379772,0.08205255329697571,0.07139315815567675,0.06965790778383739,0.07957362419434805,0.08750619732275657,0.07411998016856718,0.040406544372830935,0.07957362419434805,0.1782350024789291,0.06965790778383739,0.058254833911750126,0.07411998016856718,0.09940505701536936,0.10039662865642042,0.11303916707982152,0.07808626673277144,0.07015369360436291,0.1901338621715419,0.08453148239960337,0.08403569657907783,0.07263262270699058,0.06445215666831929,0.11353495290034706,0.0835399107585523,0.24739712444224096,0.07064947942488845,0.13658899355478432,0.07982151710461081,0.05924640555280119
ALIPY_GRAPH_DENSITY,0.05850272682201289,0.0384234010907288,1.0,0.10386712940009915,0.06767476450173525,0.06643529995042141,0.05701536936043629,0.035696579077838374,0.05081804660386713,0.05230540406544373,0.04858701041150223,0.11403073872087258,0.11031234506693109,0.08081308874566187,0.6298958849776897,0.07486365889935548,0.054784333168071395,0.05850272682201289,0.06717897868120971,0.11799702528507684,0.0946950917203768,0.10411502231036192,0.09345562716906297,0.10684184432325236,0.10907288051561725,0.061973227565691624,0.05428854734754586,0.05999008428358949,0.05304908279623203,0.053792761527020325,0.08453148239960337,0.07659890927119484,0.0532969757064948,0.04858701041150223,0.07659890927119484,0.048834903321764996,0.10213187902825979
ALIPY_RANDOM,0.1256817055032226,0.059494298463063956,0.10386712940009915,1.0,0.09122459097669806,0.10237977193852256,0.07709469509172037,0.06370847793753098,0.08279623202776401,0.07461576598909271,0.07238472979672782,0.25731284085275163,0.24367873078829946,0.16038671294000992,0.10213187902825979,0.14179474467030243,0.12964799206742686,0.11080813088745661,0.1670798215171046,0.25632126921170056,0.1576598909271195,0.2345066931085771,0.12915220624690135,0.1923648983639068,0.25855230540406543,0.09791769955379276,0.07907783837382251,0.07833415964303421,0.07238472979672782,0.07238472979672782,0.1301437778879524,0.1722855726326227,0.11650966782350025,0.06544372830937036,0.1375805651958354,0.07312840852751612,0.6127912741695587
ALIPY_UNCERTAINTY_LC,0.07238472979672782,0.0813088745661874,0.06767476450173525,0.09122459097669806,1.0,0.49058006941001486,0.08205255329697571,0.05651958353991076,0.16757560733763013,0.18220128904313337,0.16807139315815567,0.11502231036192365,0.11403073872087258,0.14724838869608328,0.07288051561725335,0.17253346554288548,0.07362419434804164,0.1715418939018344,0.14749628160634606,0.12394645513138325,0.16955875061973227,0.11824491819533961,0.13361427863163114,0.11105602379771938,0.12146752602875557,0.0924640555280119,0.18319286068418444,0.18517600396628656,0.16187407040158652,0.17253346554288548,0.09940505701536936,0.09791769955379276,0.059742191373326724,0.23549826474962815,0.08849776896380764,0.20674268715914726,0.0991571641051066
ALIPY_UNCERTAINTY_MM,0.06544372830937036,0.07114526524541398,0.06643529995042141,0.10237977193852256,0.49058006941001486,1.0,0.07659890927119484,0.05057015369360436,0.14352999504214178,0.1499752107089737,0.17203767972235995,0.12518591968269707,0.12295488349033218,0.15691621219633117,0.06618740704015866,0.16410510659395142,0.06817055032226078,0.20252850768468023,0.1628656420426376,0.12518591968269707,0.16559246405552802,0.12469013386217154,0.14005949429846307,0.10733763014377788,0.12890431333663857,0.08998512642538424,0.1499752107089737,0.16955875061973227,0.17253346554288548,0.23698562221120476,0.10560237977193852,0.09940505701536936,0.05676747645017353,0.1789786812097174,0.09444719881011403,0.1737729300941993,0.09593455627169063
LIBACT_DWUS,0.028011898859692613,0.033217649975210706,0.05701536936043629,0.07709469509172037,0.08205255329697571,0.07659890927119484,1.0,0.051065939514129896,0.06271690629647993,0.06569162121963312,0.06445215666831929,0.09271194843827467,0.08651462568170551,0.0894893406048587,0.051313832424392664,0.10138820029747149,0.026276648487853247,0.0813088745661874,0.07585523054040655,0.0909766980664353,0.11254338125929599,0.08775409023301933,0.22136836886465047,0.12667327714427368,0.0894893406048587,0.0894893406048587,0.05899851264253842,0.06321269211700545,0.05800694100148736,0.06073376301437779,0.15047099652949925,0.36142786316311354,0.041398116013882005,0.05775904809122459,0.02875557759048091,0.058750619732275654,0.07610312345066932
LIBACT_QUIRE,0.17501239464551313,0.2811105602379772,0.035696579077838374,0.06370847793753098,0.05651958353991076,0.05057015369360436,0.051065939514129896,1.0,0.0495785820525533,0.04685176003966286,0.0436291522062469,0.10213187902825979,0.10262766484878533,0.06370847793753098,0.03520079325731284,0.06048587010411502,0.1789786812097174,0.0451165096678235,0.05924640555280119,0.0961824491819534,0.08205255329697571,0.10510659395141299,0.09345562716906297,0.08453148239960337,0.09965294992563213,0.17575607337630145,0.04115022310361924,0.04858701041150223,0.0421417947446703,0.0436291522062469,0.12741695587506197,0.07759048091224591,0.2521070897372335,0.0466038671294001,0.15617253346554288,0.04709965294992563,0.05924640555280119
LIBACT_UNCERTAINTY_ENT,0.06395637084779375,0.08205255329697571,0.05081804660386713,0.08279623202776401,0.16757560733763013,0.14352999504214178,0.06271690629647993,0.0495785820525533,1.0,0.5250371839365394,0.5007436787307883,0.09519087754090233,0.0850272682201289,0.1028755577590481,0.050322260783341594,0.12692117005453643,0.06519583539910759,0.11080813088745661,0.08899355478433317,0.10039662865642042,0.11551809618244918,0.0872583044124938,0.09791769955379276,0.08155676747645017,0.09370352007932573,0.08031730292513634,0.19162121963311848,0.16360932077342588,0.13113534952900346,0.15691621219633117,0.08775409023301933,0.0813088745661874,0.05304908279623203,0.16881507188894398,0.07411998016856718,0.18765493306891423,0.0805651958353991
LIBACT_UNCERTAINTY_LC,0.06246901338621715,0.07139315815567675,0.05230540406544373,0.07461576598909271,0.18220128904313337,0.1499752107089737,0.06569162121963312,0.04685176003966286,0.5250371839365394,1.0,0.5079325731284086,0.07882994546355974,0.08477937530986614,0.11229548834903322,0.050322260783341594,0.13237481408031732,0.06544372830937036,0.11477441745166088,0.09568666336142786,0.08453148239960337,0.10956866633614279,0.08403569657907783,0.0999008428358949,0.07759048091224591,0.08651462568170551,0.08031730292513634,0.17402082300446206,0.180466038671294,0.15840356965790778,0.15939514129895885,0.08006941001487357,0.07436787307882994,0.04685176003966286,0.1923648983639068,0.07957362419434805,0.19112543381259295,0.07164105106593951
LIBACT_UNCERTAINTY_SM,0.05552801189885969,0.06965790778383739,0.04858701041150223,0.07238472979672782,0.16807139315815567,0.17203767972235995,0.06445215666831929,0.0436291522062469,0.5007436787307883,0.5079325731284086,1.0,0.09444719881011403,0.0857709469509172,0.10560237977193852,0.05057015369360436,0.13559742191373328,0.05751115518096182,0.1256817055032226,0.10312345066931086,0.08998512642538424,0.12097174020823004,0.08998512642538424,0.0954387704511651,0.07759048091224591,0.09072880515617253,0.0768468021814576,0.15418939018344074,0.15245413981160139,0.17724343083787802,0.1886465047099653,0.0768468021814576,0.07263262270699058,0.0480912245909767,0.15989092711948438,0.06916212196331185,0.1663361427863163,0.07411998016856718
OPTIMAL_GREEDY_10,0.1427863163113535,0.07957362419434805,0.11403073872087258,0.25731284085275163,0.11502231036192365,0.12518591968269707,0.09271194843827467,0.10213187902825979,0.09519087754090233,0.07882994546355974,0.09444719881011403,1.0,0.3748140803173029,0.19707486365889937,0.11650966782350025,0.1707982151710461,0.13931581556767478,0.12915220624690135,0.18591968269707487,0.33911750123946455,0.20823004462072384,0.30441249380267726,0.16807139315815567,0.25409023301933564,0.3403569657907784,0.1346058502726822,0.090233019335647,0.09072880515617253,0.08403569657907783,0.08254833911750124,0.17798710956866634,0.1886465047099653,0.15294992563212692,0.0835399107585523,0.22459097669806644,0.08477937530986614,0.2583044124938027
OPTIMAL_GREEDY_20,0.146504709965295,0.08750619732275657,0.11031234506693109,0.24367873078829946,0.11403073872087258,0.12295488349033218,0.08651462568170551,0.10262766484878533,0.0850272682201289,0.08477937530986614,0.0857709469509172,0.3748140803173029,1.0,0.20847793753098662,0.10411502231036192,0.16881507188894398,0.14476945959345563,0.11650966782350025,0.1760039662865642,0.3321764997521071,0.2017848289538919,0.30466038671294,0.1633614278631631,0.24541398116013882,0.32746653445711454,0.13113534952900346,0.09221616261774913,0.09221616261774913,0.0924640555280119,0.08378780366881507,0.17302925136341102,0.1983143282102132,0.1536936043629152,0.07982151710461081,0.2151710461080813,0.0872583044124938,0.24467030242935053
PLAYGROUND_BANDIT,0.1028755577590481,0.07411998016856718,0.08081308874566187,0.16038671294000992,0.14724838869608328,0.15691621219633117,0.0894893406048587,0.06370847793753098,0.1028755577590481,0.11229548834903322,0.10560237977193852,0.19707486365889937,0.20847793753098662,1.0,0.07808626673277144,0.40133862171541895,0.10535448686167576,0.3596926127912742,0.4003470500743679,0.20277640059494298,0.2240951908775409,0.19112543381259295,0.13708477937530986,0.16187407040158652,0.20971740208230044,0.10138820029747149,0.11155180961824492,0.11353495290034706,0.11576598909271195,0.11155180961824492,0.13411006445215667,0.13782845810609817,0.0872583044124938,0.09766980664352999,0.13187902825979178,0.11204759543877045,0.15642042637580567
PLAYGROUND_GRAPH_DENSITY,0.05999008428358949,0.040406544372830935,0.6298958849776897,0.10213187902825979,0.07288051561725335,0.06618740704015866,0.051313832424392664,0.03520079325731284,0.050322260783341594,0.050322260783341594,0.05057015369360436,0.11650966782350025,0.10411502231036192,0.07808626673277144,1.0,0.07907783837382251,0.05627169062964799,0.06544372830937036,0.07312840852751612,0.11576598909271195,0.09791769955379276,0.10956866633614279,0.0924640555280119,0.10436291522062469,0.10783341596430342,0.05751115518096182,0.04858701041150223,0.054784333168071395,0.05007436787307883,0.05007436787307883,0.08824987605354487,0.08254833911750124,0.05428854734754586,0.048834903321764996,0.08031730292513634,0.046355974219137334,0.10312345066931086
PLAYGROUND_INFORMATIVE_DIVERSE,0.08701041150223103,0.07957362419434805,0.07486365889935548,0.14179474467030243,0.17253346554288548,0.16410510659395142,0.10138820029747149,0.06048587010411502,0.12692117005453643,0.13237481408031732,0.13559742191373328,0.1707982151710461,0.16881507188894398,0.40133862171541895,0.07907783837382251,1.0,0.08477937530986614,0.36787307882994547,0.36117997025285076,0.17203767972235995,0.2330193356470005,0.16881507188894398,0.1494794248884482,0.15121467526028756,0.16732771442736738,0.10783341596430342,0.13237481408031732,0.1301437778879524,0.13212692117005453,0.131631135349529,0.13212692117005453,0.12964799206742686,0.07139315815567675,0.12518591968269707,0.11948438274665345,0.12320277640059495,0.14105106593951414
PLAYGROUND_KCENTER_GREEDY,0.6175012394645513,0.1782350024789291,0.054784333168071395,0.12964799206742686,0.07362419434804164,0.06817055032226078,0.026276648487853247,0.1789786812097174,0.06519583539910759,0.06544372830937036,0.05751115518096182,0.13931581556767478,0.14476945959345563,0.10535448686167576,0.05627169062964799,0.08477937530986614,1.0,0.06767476450173525,0.11179970252850768,0.13559742191373328,0.10436291522062469,0.15790778383738224,0.09048091224590976,0.10585027268220129,0.13807635101636093,0.13981160138820029,0.058750619732275654,0.059742191373326724,0.056023797719385225,0.05007436787307883,0.09568666336142786,0.12295488349033218,0.28656420426375806,0.05701536936043629,0.13931581556767478,0.05701536936043629,0.12469013386217154
PLAYGROUND_MARGIN,0.06693108577094695,0.06965790778383739,0.05850272682201289,0.11080813088745661,0.1715418939018344,0.20252850768468023,0.0813088745661874,0.0451165096678235,0.11080813088745661,0.11477441745166088,0.1256817055032226,0.12915220624690135,0.11650966782350025,0.3596926127912742,0.06544372830937036,0.36787307882994547,0.06767476450173525,1.0,0.48760535448686165,0.12369856222112048,0.1834407535944472,0.11626177491323748,0.11229548834903322,0.10684184432325236,0.12171541893901834,0.08924144769459594,0.11080813088745661,0.11874070401586515,0.12196331184928111,0.16038671294000992,0.0991571641051066,0.09519087754090233,0.05899851264253842,0.13708477937530986,0.08601883986117997,0.12989588497768964,0.10956866633614279
PLAYGROUND_MIXTURE,0.11006445215666832,0.058254833911750126,0.06717897868120971,0.1670798215171046,0.14749628160634606,0.1628656420426376,0.07585523054040655,0.05924640555280119,0.08899355478433317,0.09568666336142786,0.10312345066931086,0.18591968269707487,0.1760039662865642,0.4003470500743679,0.07312840852751612,0.36117997025285076,0.11179970252850768,0.48760535448686165,1.0,0.1789786812097174,0.19707486365889937,0.18021814576103123,0.11279127416955875,0.13981160138820029,0.1819533961328706,0.09419930589985126,0.09370352007932573,0.10560237977193852,0.09766980664352999,0.12345066931085771,0.11477441745166088,0.13485374318294496,0.08081308874566187,0.10461080813088745,0.11551809618244918,0.0984134853743183,0.1628656420426376
PLAYGROUND_UNIFORM,0.13956370847793753,0.07411998016856718,0.11799702528507684,0.25632126921170056,0.12394645513138325,0.12518591968269707,0.0909766980664353,0.0961824491819534,0.10039662865642042,0.08453148239960337,0.08998512642538424,0.33911750123946455,0.3321764997521071,0.20277640059494298,0.11576598909271195,0.17203767972235995,0.13559742191373328,0.12369856222112048,0.1789786812097174,1.0,0.21269211700545365,0.30143777887952405,0.15840356965790778,0.2560733763014378,0.35076846802181455,0.12741695587506197,0.10089241447694595,0.09494298463063956,0.0991571641051066,0.0842835894893406,0.18145761031234506,0.20128904313336637,0.13931581556767478,0.07759048091224591,0.20004957858205255,0.0946950917203768,0.2555775904809122
SKACTIVEML_COST_EMBEDDING,0.10684184432325236,0.09940505701536936,0.0946950917203768,0.1576598909271195,0.16955875061973227,0.16559246405552802,0.11254338125929599,0.08205255329697571,0.11551809618244918,0.10956866633614279,0.12097174020823004,0.20823004462072384,0.2017848289538919,0.2240951908775409,0.09791769955379276,0.2330193356470005,0.10436291522062469,0.1834407535944472,0.19707486365889937,0.21269211700545365,1.0,0.20128904313336637,0.20624690133862172,0.1938522558254834,0.20897372335151215,0.15840356965790778,0.10956866633614279,0.11353495290034706,0.11403073872087258,0.11006445215666832,0.16385721368368864,0.14476945959345563,0.0999008428358949,0.11229548834903322,0.16435299950421417,0.11874070401586515,0.1588993554784333
SKACTIVEML_DAL,0.14452156668319285,0.10039662865642042,0.10411502231036192,0.2345066931085771,0.11824491819533961,0.12469013386217154,0.08775409023301933,0.10510659395141299,0.0872583044124938,0.08403569657907783,0.08998512642538424,0.30441249380267726,0.30466038671294,0.19112543381259295,0.10956866633614279,0.16881507188894398,0.15790778383738224,0.11626177491323748,0.18021814576103123,0.30143777887952405,0.20128904313336637,1.0,0.14030738720872582,0.24194348041646008,0.2974714923153198,0.13658899355478432,0.09147248388696083,0.0894893406048587,0.09072880515617253,0.08279623202776401,0.1670798215171046,0.18765493306891423,0.15195835399107585,0.07486365889935548,0.2151710461080813,0.08775409023301933,0.22657411998016858
SKACTIVEML_DWUS,0.09395141298958849,0.11303916707982152,0.09345562716906297,0.12915220624690135,0.13361427863163114,0.14005949429846307,0.22136836886465047,0.09345562716906297,0.09791769955379276,0.0999008428358949,0.0954387704511651,0.16807139315815567,0.1633614278631631,0.13708477937530986,0.0924640555280119,0.1494794248884482,0.09048091224590976,0.11229548834903322,0.11279127416955875,0.15840356965790778,0.20624690133862172,0.14030738720872582,1.0,0.16608824987605356,0.16782350024789291,0.13807635101636093,0.09866137828458106,0.0991571641051066,0.09345562716906297,0.0932077342588002,0.17253346554288548,0.2345066931085771,0.09147248388696083,0.0932077342588002,0.07833415964303421,0.0909766980664353,0.12915220624690135
SKACTIVEML_QBC,0.11056023797719385,0.07808626673277144,0.10684184432325236,0.1923648983639068,0.11105602379771938,0.10733763014377788,0.12667327714427368,0.08453148239960337,0.08155676747645017,0.07759048091224591,0.07759048091224591,0.25409023301933564,0.24541398116013882,0.16187407040158652,0.10436291522062469,0.15121467526028756,0.10585027268220129,0.10684184432325236,0.13981160138820029,0.2560733763014378,0.1938522558254834,0.24194348041646008,0.16608824987605356,1.0,0.25855230540406543,0.12295488349033218,0.08849776896380764,0.08081308874566187,0.0850272682201289,0.07907783837382251,0.1760039662865642,0.20228061477441744,0.12667327714427368,0.0813088745661874,0.17203767972235995,0.0805651958353991,0.19558750619732276
SKACTIVEML_QBC_VOTE_ENTROPY,0.13485374318294496,0.07015369360436291,0.10907288051561725,0.25855230540406543,0.12146752602875557,0.12890431333663857,0.0894893406048587,0.09965294992563213,0.09370352007932573,0.08651462568170551,0.09072880515617253,0.3403569657907784,0.32746653445711454,0.20971740208230044,0.10783341596430342,0.16732771442736738,0.13807635101636093,0.12171541893901834,0.1819533961328706,0.35076846802181455,0.20897372335151215,0.2974714923153198,0.16782350024789291,0.25855230540406543,1.0,0.12989588497768964,0.09643034209221617,0.0999008428358949,0.09271194843827467,0.07982151710461081,0.1663361427863163,0.19732275656916212,0.14253842340109074,0.0850272682201289,0.1938522558254834,0.09295984134853744,0.2553296975706495
SKACTIVEML_QUIRE,0.1331184928111056,0.1901338621715419,0.061973227565691624,0.09791769955379276,0.0924640555280119,0.08998512642538424,0.0894893406048587,0.17575607337630145,0.08031730292513634,0.08031730292513634,0.0768468021814576,0.1346058502726822,0.13113534952900346,0.10138820029747149,0.05751115518096182,0.10783341596430342,0.13981160138820029,0.08924144769459594,0.09419930589985126,0.12741695587506197,0.15840356965790778,0.13658899355478432,0.13807635101636093,0.12295488349033218,0.12989588497768964,1.0,0.07882994546355974,0.07610312345066932,0.06891422905304909,0.06643529995042141,0.17203767972235995,0.09643034209221617,0.1479920674268716,0.07387208725830441,0.14377788795240456,0.08230044620723848,0.09766980664352999
SKACTIVEML_US_ENTROPY,0.06073376301437779,0.08453148239960337,0.05428854734754586,0.07907783837382251,0.18319286068418444,0.1499752107089737,0.05899851264253842,0.04115022310361924,0.19162121963311848,0.17402082300446206,0.15418939018344074,0.090233019335647,0.09221616261774913,0.11155180961824492,0.04858701041150223,0.13237481408031732,0.058750619732275654,0.11080813088745661,0.09370352007932573,0.10089241447694595,0.10956866633614279,0.09147248388696083,0.09866137828458106,0.08849776896380764,0.09643034209221617,0.07882994546355974,1.0,0.541398116013882,0.518096182449182,0.13956370847793753,0.07560733763014378,0.07362419434804164,0.04933068914229053,0.1554288547347546,0.06717897868120971,0.1760039662865642,0.07040158651462568
SKACTIVEML_US_LC,0.06048587010411502,0.08403569657907783,0.05999008428358949,0.07833415964303421,0.18517600396628656,0.16955875061973227,0.06321269211700545,0.04858701041150223,0.16360932077342588,0.180466038671294,0.15245413981160139,0.09072880515617253,0.09221616261774913,0.11353495290034706,0.054784333168071395,0.1301437778879524,0.059742191373326724,0.11874070401586515,0.10560237977193852,0.09494298463063956,0.11353495290034706,0.0894893406048587,0.0991571641051066,0.08081308874566187,0.0999008428358949,0.07610312345066932,0.541398116013882,1.0,0.5208230044620724,0.14402578086266732,0.08552305404065444,0.08155676747645017,0.052553296975706494,0.17055032226078334,0.06965790778383739,0.17352503718393653,0.07783837382250867
SKACTIVEML_US_MARGIN,0.05552801189885969,0.07263262270699058,0.05304908279623203,0.07238472979672782,0.16187407040158652,0.17253346554288548,0.05800694100148736,0.0421417947446703,0.13113534952900346,0.15840356965790778,0.17724343083787802,0.08403569657907783,0.0924640555280119,0.11576598909271195,0.05007436787307883,0.13212692117005453,0.056023797719385225,0.12196331184928111,0.09766980664352999,0.0991571641051066,0.11403073872087258,0.09072880515617253,0.09345562716906297,0.0850272682201289,0.09271194843827467,0.06891422905304909,0.518096182449182,0.5208230044620724,1.0,0.15443728309370353,0.07882994546355974,0.07436787307882994,0.04685176003966286,0.14823996033713435,0.07461576598909271,0.1499752107089737,0.07734258800198314
SMALLTEXT_BREAKINGTIES,0.05057015369360436,0.06445215666831929,0.053792761527020325,0.07238472979672782,0.17253346554288548,0.23698562221120476,0.06073376301437779,0.0436291522062469,0.15691621219633117,0.15939514129895885,0.1886465047099653,0.08254833911750124,0.08378780366881507,0.11155180961824492,0.05007436787307883,0.131631135349529,0.05007436787307883,0.16038671294000992,0.12345066931085771,0.0842835894893406,0.11006445215666832,0.08279623202776401,0.0932077342588002,0.07907783837382251,0.07982151710461081,0.06643529995042141,0.13956370847793753,0.14402578086266732,0.15443728309370353,1.0,0.07040158651462568,0.07833415964303421,0.0421417947446703,0.506445215666832,0.06593951412989589,0.4970252850768468,0.06494794248884482
SMALLTEXT_CONTRASTIVEAL,0.0999008428358949,0.11353495290034706,0.08453148239960337,0.1301437778879524,0.09940505701536936,0.10560237977193852,0.15047099652949925,0.12741695587506197,0.08775409023301933,0.08006941001487357,0.0768468021814576,0.17798710956866634,0.17302925136341102,0.13411006445215667,0.08824987605354487,0.13212692117005453,0.09568666336142786,0.0991571641051066,0.11477441745166088,0.18145761031234506,0.16385721368368864,0.1670798215171046,0.17253346554288548,0.1760039662865642,0.1663361427863163,0.17203767972235995,0.07560733763014378,0.08552305404065444,0.07882994546355974,0.07040158651462568,1.0,0.1499752107089737,0.11031234506693109,0.07610312345066932,0.15270203272186417,0.07957362419434805,0.12072384729796728
SMALLTEXT_EMBEDDINGKMEANS,0.12890431333663857,0.0835399107585523,0.07659890927119484,0.1722855726326227,0.09791769955379276,0.09940505701536936,0.36142786316311354,0.07759048091224591,0.0813088745661874,0.07436787307882994,0.07263262270699058,0.1886465047099653,0.1983143282102132,0.13782845810609817,0.08254833911750124,0.12964799206742686,0.12295488349033218,0.09519087754090233,0.13485374318294496,0.20128904313336637,0.14476945959345563,0.18765493306891423,0.2345066931085771,0.20228061477441744,0.19732275656916212,0.09643034209221617,0.07362419434804164,0.08155676747645017,0.07436787307882994,0.07833415964303421,0.1499752107089737,1.0,0.13956370847793753,0.07114526524541398,0.13237481408031732,0.08329201784828955,0.16807139315815567
SMALLTEXT_GREEDYCORESET,0.2853247397124442,0.24739712444224096,0.0532969757064948,0.11650966782350025,0.059742191373326724,0.05676747645017353,0.041398116013882005,0.2521070897372335,0.05304908279623203,0.04685176003966286,0.0480912245909767,0.15294992563212692,0.1536936043629152,0.0872583044124938,0.05428854734754586,0.07139315815567675,0.28656420426375806,0.05899851264253842,0.08081308874566187,0.13931581556767478,0.0999008428358949,0.15195835399107585,0.09147248388696083,0.12667327714427368,0.14253842340109074,0.1479920674268716,0.04933068914229053,0.052553296975706494,0.04685176003966286,0.0421417947446703,0.11031234506693109,0.13956370847793753,1.0,0.03966286564204264,0.18542389687654934,0.0451165096678235,0.11403073872087258
SMALLTEXT_LEASTCONFIDENCE,0.05552801189885969,0.07064947942488845,0.04858701041150223,0.06544372830937036,0.23549826474962815,0.1789786812097174,0.05775904809122459,0.0466038671294001,0.16881507188894398,0.1923648983639068,0.15989092711948438,0.0835399107585523,0.07982151710461081,0.09766980664352999,0.048834903321764996,0.12518591968269707,0.05701536936043629,0.13708477937530986,0.10461080813088745,0.07759048091224591,0.11229548834903322,0.07486365889935548,0.0932077342588002,0.0813088745661874,0.0850272682201289,0.07387208725830441,0.1554288547347546,0.17055032226078334,0.14823996033713435,0.506445215666832,0.07610312345066932,0.07114526524541398,0.03966286564204264,1.0,0.07585523054040655,0.5280118988596926,0.06742687159147248
SMALLTEXT_LIGHTWEIGHTCORESET,0.13634110064452157,0.13658899355478432,0.07659890927119484,0.1375805651958354,0.08849776896380764,0.09444719881011403,0.02875557759048091,0.15617253346554288,0.07411998016856718,0.07957362419434805,0.06916212196331185,0.22459097669806644,0.2151710461080813,0.13187902825979178,0.08031730292513634,0.11948438274665345,0.13931581556767478,0.08601883986117997,0.11551809618244918,0.20004957858205255,0.16435299950421417,0.2151710461080813,0.07833415964303421,0.17203767972235995,0.1938522558254834,0.14377788795240456,0.06717897868120971,0.06965790778383739,0.07461576598909271,0.06593951412989589,0.15270203272186417,0.13237481408031732,0.18542389687654934,0.07585523054040655,1.0,0.06445215666831929,0.13510163609320774
SMALLTEXT_PREDICTIONENTROPY,0.05503222607833416,0.07982151710461081,0.048834903321764996,0.07312840852751612,0.20674268715914726,0.1737729300941993,0.058750619732275654,0.04709965294992563,0.18765493306891423,0.19112543381259295,0.1663361427863163,0.08477937530986614,0.0872583044124938,0.11204759543877045,0.046355974219137334,0.12320277640059495,0.05701536936043629,0.12989588497768964,0.0984134853743183,0.0946950917203768,0.11874070401586515,0.08775409023301933,0.0909766980664353,0.0805651958353991,0.09295984134853744,0.08230044620723848,0.1760039662865642,0.17352503718393653,0.1499752107089737,0.4970252850768468,0.07957362419434805,0.08329201784828955,0.0451165096678235,0.5280118988596926,0.06445215666831929,1.0,0.07535944471988101
SMALLTEXT_RANDOM,0.1249380267724343,0.05924640555280119,0.10213187902825979,0.6127912741695587,0.0991571641051066,0.09593455627169063,0.07610312345066932,0.05924640555280119,0.0805651958353991,0.07164105106593951,0.07411998016856718,0.2583044124938027,0.24467030242935053,0.15642042637580567,0.10312345066931086,0.14105106593951414,0.12469013386217154,0.10956866633614279,0.1628656420426376,0.2555775904809122,0.1588993554784333,0.22657411998016858,0.12915220624690135,0.19558750619732276,0.2553296975706495,0.09766980664352999,0.07040158651462568,0.07783837382250867,0.07734258800198314,0.06494794248884482,0.12072384729796728,0.16807139315815567,0.11403073872087258,0.06742687159147248,0.13510163609320774,0.07535944471988101,1.0
