,ALIPY_CORESET_GREEDY,ALIPY_DENSITY_WEIGHTED,ALIPY_GRAPH_DENSITY,ALIPY_RANDOM,ALIPY_UNCERTAINTY_LC,ALIPY_UNCERTAINTY_MM,LIBACT_DWUS,LIBACT_QUIRE,LIBACT_UNCERTAINTY_ENT,LIBACT_UNCERTAINTY_LC,LIBACT_UNCERTAINTY_SM,OPTIMAL_GREEDY_10,OPTIMAL_GREEDY_20,PLAYGROUND_BANDIT,PLAYGROUND_GRAPH_DENSITY,PLAYGROUND_INFORMATIVE_DIVERSE,PLAYGROUND_KCENTER_GREEDY,PLAYGROUND_MARGIN,PLAYGROUND_MIXTURE,PLAYGROUND_UNIFORM,SKACTIVEML_COST_EMBEDDING,SKACTIVEML_DAL,SKACTIVEML_DWUS,SKACTIVEML_QBC,SKACTIVEML_QBC_VOTE_ENTROPY,SKACTIVEML_QUIRE,SKACTIVEML_US_ENTROPY,SKACTIVEML_US_LC,SKACTIVEML_US_MARGIN,SMALLTEXT_BREAKINGTIES,SMALLTEXT_CONTRASTIVEAL,SMALLTEXT_EMBEDDINGKMEANS,SMALLTEXT_GREEDYCORESET,SMALLTEXT_LEASTCONFIDENCE,SMALLTEXT_LIGHTWEIGHTCORESET,SMALLTEXT_PREDICTIONENTROPY,SMALLTEXT_RANDOM
ALIPY_CORESET_GREEDY,4034,360,432,445,306,294,319,433,284,287,285,481,469,339,432,355,3984,306,353,494,391,541,410,391,507,351,320,311,286,290,381,466,649,303,482,284,445
ALIPY_DENSITY_WEIGHTED,360,4034,333,333,626,633,334,369,586,581,587,345,331,600,332,589,369,648,587,359,577,420,461,312,391,498,611,611,593,587,417,372,422,585,364,602,332
ALIPY_GRAPH_DENSITY,432,333,4034,425,273,280,354,354,291,266,277,473,428,355,4033,337,450,324,384,510,396,532,381,419,495,351,300,285,298,264,334,458,481,269,512,290,424
ALIPY_RANDOM,445,333,425,4034,303,298,419,344,268,274,279,525,559,367,426,347,455,313,381,567,379,517,389,464,599,354,263,276,277,256,357,490,530,258,564,267,4023
ALIPY_UNCERTAINTY_LC,306,626,273,303,4034,2990,255,278,665,717,663,330,355,672,273,641,325,838,615,343,590,359,434,298,351,468,665,710,644,838,378,284,326,1166,316,878,301
ALIPY_UNCERTAINTY_MM,294,633,280,298,2990,4034,274,265,611,671,707,321,349,692,281,645,310,955,676,339,633,388,422,273,358,481,620,648,700,1148,365,308,322,834,311,807,295
LIBACT_DWUS,319,334,354,419,255,274,4034,438,266,270,279,429,396,339,354,300,329,304,289,438,401,415,419,447,413,370,249,247,249,265,458,534,406,252,454,261,418
LIBACT_QUIRE,433,369,354,344,278,265,438,4034,285,260,259,386,374,332,354,308,434,276,314,460,369,418,356,424,440,413,285,284,272,249,451,461,428,271,438,265,344
LIBACT_UNCERTAINTY_ENT,284,586,291,268,665,611,266,285,4034,3005,2958,349,343,561,291,605,291,586,505,344,567,384,392,296,364,444,654,563,549,600,363,311,366,644,322,703,264
LIBACT_UNCERTAINTY_LC,287,581,266,274,717,671,270,260,3005,4034,3053,342,327,617,266,655,292,617,548,334,588,356,425,272,350,455,599,642,579,643,358,300,349,703,311,647,270
LIBACT_UNCERTAINTY_SM,285,587,277,279,663,707,279,259,2958,3053,4034,367,331,623,277,661,292,627,543,343,579,383,429,298,355,444,579,577,628,678,345,305,341,645,331,635,275
OPTIMAL_GREEDY_10,481,345,473,525,330,321,429,386,349,342,367,4034,832,412,473,392,494,372,450,651,418,579,468,507,574,340,321,336,326,334,381,516,498,330,599,345,522
OPTIMAL_GREEDY_20,469,331,428,559,355,349,396,374,343,327,331,832,4034,394,428,406,483,363,396,598,387,560,460,477,584,329,323,336,338,316,368,521,507,308,547,329,554
PLAYGROUND_BANDIT,339,600,355,367,672,692,339,332,561,617,623,412,394,4034,355,1279,351,1447,1285,441,755,422,437,307,402,512,581,631,588,642,377,323,405,603,377,593,366
PLAYGROUND_GRAPH_DENSITY,432,332,4033,426,273,281,354,354,291,266,277,473,428,355,4034,337,450,324,384,511,396,532,381,420,496,352,300,286,299,265,335,458,482,269,512,290,423
PLAYGROUND_INFORMATIVE_DIVERSE,355,589,337,347,641,645,300,308,605,655,661,392,406,1279,337,4034,375,1286,1209,435,675,432,436,302,395,513,613,640,623,661,369,333,381,655,444,637,343
PLAYGROUND_KCENTER_GREEDY,3984,369,450,455,325,310,329,434,291,292,292,494,483,351,450,375,4034,325,370,506,407,554,424,404,520,359,332,325,299,300,385,477,658,312,495,296,453
PLAYGROUND_MARGIN,306,648,324,313,838,955,304,276,586,617,627,372,363,1447,324,1286,325,4034,1831,388,640,367,416,301,335,490,622,639,624,944,396,276,396,814,330,785,311
PLAYGROUND_MIXTURE,353,587,384,381,615,676,289,314,505,548,543,450,396,1285,384,1209,370,1831,4034,435,690,427,420,292,415,479,554,561,566,671,383,339,427,591,356,589,378
PLAYGROUND_UNIFORM,494,359,510,567,343,339,438,460,344,334,343,651,598,441,511,435,506,388,435,4034,442,606,449,507,670,406,341,338,323,349,446,561,566,321,630,329,563
SKACTIVEML_COST_EMBEDDING,391,577,396,379,590,633,401,369,567,588,579,418,387,755,396,675,407,640,690,442,4034,490,455,357,479,530,573,551,563,553,454,370,463,551,494,557,377
SKACTIVEML_DAL,541,420,532,517,359,388,415,418,384,356,383,579,560,422,532,432,554,367,427,606,490,4034,470,459,569,396,369,359,355,357,427,530,556,365,593,374,514
SKACTIVEML_DWUS,410,461,381,389,434,422,419,356,392,425,429,468,460,437,381,436,424,416,420,449,455,470,4034,401,471,399,447,430,419,416,359,422,442,407,455,430,387
SKACTIVEML_QBC,391,312,419,464,298,273,447,424,296,272,298,507,477,307,420,302,404,301,292,507,357,459,401,4034,499,384,294,291,288,261,473,475,483,259,518,260,462
SKACTIVEML_QBC_VOTE_ENTROPY,507,391,495,599,351,358,413,440,364,350,355,574,584,402,496,395,520,335,415,670,479,569,471,499,4034,363,341,354,354,335,388,550,566,340,692,356,594
SKACTIVEML_QUIRE,351,498,351,354,468,481,370,413,444,455,444,340,329,512,352,513,359,490,479,406,530,396,399,384,363,4034,428,430,410,459,476,370,413,428,391,447,353
SKACTIVEML_US_ENTROPY,320,611,300,263,665,620,249,285,654,599,579,321,323,581,300,613,332,622,554,341,573,369,447,294,341,428,4034,3032,2975,586,344,272,342,616,318,654,261
SKACTIVEML_US_LC,311,611,285,276,710,648,247,284,563,642,577,336,336,631,286,640,325,639,561,338,551,359,430,291,354,430,3032,4034,3022,575,319,290,329,657,323,586,273
SKACTIVEML_US_MARGIN,286,593,298,277,644,700,249,272,549,579,628,326,338,588,299,623,299,624,566,323,563,355,419,288,354,410,2975,3022,4034,662,340,288,329,581,335,560,275
SMALLTEXT_BREAKINGTIES,290,587,264,256,838,1148,265,249,600,643,678,334,316,642,265,661,300,944,671,349,553,357,416,261,335,459,586,575,662,4034,356,308,319,2987,357,2954,253
SMALLTEXT_CONTRASTIVEAL,381,417,334,357,378,365,458,451,363,358,345,381,368,377,335,369,385,396,383,446,454,427,359,473,388,476,344,319,340,356,4034,401,482,370,421,369,356
SMALLTEXT_EMBEDDINGKMEANS,466,372,458,490,284,308,534,461,311,300,305,516,521,323,458,333,477,276,339,561,370,530,422,475,550,370,272,290,288,308,401,4034,467,281,569,281,487
SMALLTEXT_GREEDYCORESET,649,422,481,530,326,322,406,428,366,349,341,498,507,405,482,381,658,396,427,566,463,556,442,483,566,413,342,329,329,319,482,467,4034,327,569,324,526
SMALLTEXT_LEASTCONFIDENCE,303,585,269,258,1166,834,252,271,644,703,645,330,308,603,269,655,312,814,591,321,551,365,407,259,340,428,616,657,581,2987,370,281,327,4034,345,3004,260
SMALLTEXT_LIGHTWEIGHTCORESET,482,364,512,564,316,311,454,438,322,311,331,599,547,377,512,444,495,330,356,630,494,593,455,518,692,391,318,323,335,357,421,569,569,345,4034,338,569
SMALLTEXT_PREDICTIONENTROPY,284,602,290,267,878,807,261,265,703,647,635,345,329,593,290,637,296,785,589,329,557,374,430,260,356,447,654,586,560,2954,369,281,324,3004,338,4034,272
SMALLTEXT_RANDOM,445,332,424,4023,301,295,418,344,264,270,275,522,554,366,423,343,453,311,378,563,377,514,387,462,594,353,261,273,275,253,356,487,526,260,569,272,4034
