,ALIPY_CORESET_GREEDY,ALIPY_DENSITY_WEIGHTED,ALIPY_GRAPH_DENSITY,ALIPY_RANDOM,ALIPY_UNCERTAINTY_LC,ALIPY_UNCERTAINTY_MM,LIBACT_DWUS,LIBACT_QUIRE,LIBACT_UNCERTAINTY_ENT,LIBACT_UNCERTAINTY_LC,LIBACT_UNCERTAINTY_SM,OPTIMAL_GREEDY_10,OPTIMAL_GREEDY_20,PLAYGROUND_BANDIT,PLAYGROUND_GRAPH_DENSITY,PLAYGROUND_INFORMATIVE_DIVERSE,PLAYGROUND_KCENTER_GREEDY,PLAYGROUND_MARGIN,PLAYGROUND_MIXTURE,PLAYGROUND_UNIFORM,SKACTIVEML_COST_EMBEDDING,SKACTIVEML_DAL,SKACTIVEML_DWUS,SKACTIVEML_QBC,SKACTIVEML_QBC_VOTE_ENTROPY,SKACTIVEML_QUIRE,SKACTIVEML_US_ENTROPY,SKACTIVEML_US_LC,SKACTIVEML_US_MARGIN,SMALLTEXT_BREAKINGTIES,SMALLTEXT_CONTRASTIVEAL,SMALLTEXT_EMBEDDINGKMEANS,SMALLTEXT_GREEDYCORESET,SMALLTEXT_LEASTCONFIDENCE,SMALLTEXT_LIGHTWEIGHTCORESET,SMALLTEXT_PREDICTIONENTROPY,SMALLTEXT_RANDOM
ALIPY_CORESET_GREEDY,1.0,0.06631299734748011,0.02586206896551724,0.06763925729442971,0.027188328912466843,0.022546419098143235,0.10278514588859416,0.11870026525198939,0.03779840848806366,0.029177718832891247,0.027851458885941646,0.09482758620689655,0.09814323607427056,0.058355437665782495,0.02586206896551724,0.07758620689655173,1.0,0.04111405835543767,0.11007957559681697,0.09283819628647215,0.08023872679045092,0.10875331564986737,0.07161803713527852,0.08620689655172414,0.10145888594164457,0.0656498673740053,0.025198938992042442,0.028514588859416445,0.03183023872679045,0.029177718832891247,0.08554376657824933,0.1240053050397878,0.17440318302387267,0.026525198938992044,0.10411140583554376,0.027851458885941646,0.06763925729442971
ALIPY_DENSITY_WEIGHTED,0.06631299734748011,1.0,0.0629973474801061,0.05636604774535809,0.11936339522546419,0.11074270557029178,0.14986737400530503,0.20689655172413793,0.10875331564986737,0.11936339522546419,0.1240053050397878,0.12931034482758622,0.12798408488063662,0.11206896551724138,0.0629973474801061,0.16246684350132626,0.06631299734748011,0.11007957559681697,0.10809018567639257,0.10411140583554376,0.16511936339522545,0.1226790450928382,0.16710875331564987,0.133289124668435,0.1306366047745358,0.17904509283819628,0.1259946949602122,0.11936339522546419,0.13262599469496023,0.09416445623342175,0.17175066312997347,0.13925729442970822,0.12002652519893899,0.10610079575596817,0.1259946949602122,0.1206896551724138,0.05636604774535809
ALIPY_GRAPH_DENSITY,0.02586206896551724,0.0629973474801061,1.0,0.03050397877984085,0.033819628647214856,0.03713527851458886,0.08023872679045092,0.07824933687002653,0.02586206896551724,0.034482758620689655,0.03580901856763926,0.07493368700265252,0.07493368700265252,0.03580901856763926,1.0,0.04376657824933687,0.02586206896551724,0.027851458885941646,0.034482758620689655,0.0709549071618037,0.054376657824933686,0.06697612732095491,0.08355437665782493,0.07493368700265252,0.06962864721485411,0.05702917771883289,0.029840848806366047,0.029840848806366047,0.025198938992042442,0.021883289124668436,0.06830238726790451,0.06631299734748011,0.0636604774535809,0.01989389920424403,0.07029177718832891,0.03183023872679045,0.03050397877984085
ALIPY_RANDOM,0.06763925729442971,0.05636604774535809,0.03050397877984085,1.0,0.02453580901856764,0.029177718832891247,0.09549071618037135,0.06962864721485411,0.023209549071618037,0.013262599469496022,0.021883289124668436,0.09946949602122016,0.11007957559681697,0.04907161803713528,0.03050397877984085,0.0623342175066313,0.06763925729442971,0.023209549071618037,0.06763925729442971,0.09283819628647215,0.04045092838196287,0.10013262599469495,0.07957559681697612,0.08885941644562334,0.09681697612732096,0.04442970822281167,0.019230769230769232,0.020557029177718834,0.021220159151193633,0.027851458885941646,0.07029177718832891,0.11604774535809019,0.09681697612732096,0.020557029177718834,0.11074270557029178,0.021220159151193633,1.0
ALIPY_UNCERTAINTY_LC,0.027188328912466843,0.11936339522546419,0.033819628647214856,0.02453580901856764,1.0,0.5431034482758621,0.07625994694960213,0.10477453580901856,0.1306366047745358,0.15517241379310345,0.1306366047745358,0.07824933687002653,0.08023872679045092,0.10344827586206896,0.033819628647214856,0.10610079575596817,0.027188328912466843,0.1883289124668435,0.10344827586206896,0.07824933687002653,0.10875331564986737,0.07294429708222812,0.08421750663129973,0.08023872679045092,0.06896551724137931,0.10742705570291777,0.1319628647214854,0.14986737400530503,0.1306366047745358,0.21618037135278514,0.10278514588859416,0.07692307692307693,0.06631299734748011,0.4482758620689655,0.07427055702917772,0.2506631299734748,0.02453580901856764
ALIPY_UNCERTAINTY_MM,0.022546419098143235,0.11074270557029178,0.03713527851458886,0.029177718832891247,0.5431034482758621,1.0,0.08620689655172414,0.09482758620689655,0.10875331564986737,0.1226790450928382,0.16246684350132626,0.07824933687002653,0.08753315649867374,0.09748010610079576,0.03713527851458886,0.09681697612732096,0.022546419098143235,0.3030503978779841,0.14588859416445624,0.08289124668435013,0.10411140583554376,0.08090185676392574,0.08090185676392574,0.07824933687002653,0.07360742705570292,0.09615384615384616,0.10079575596816977,0.11405835543766578,0.16578249336870027,0.4423076923076923,0.08421750663129973,0.07493368700265252,0.07758620689655173,0.22413793103448276,0.07625994694960213,0.19694960212201593,0.029177718832891247
LIBACT_DWUS,0.10278514588859416,0.14986737400530503,0.08023872679045092,0.09549071618037135,0.07625994694960213,0.08620689655172414,1.0,0.20092838196286472,0.08023872679045092,0.08952254641909814,0.09681697612732096,0.18501326259946949,0.1843501326259947,0.10013262599469495,0.08023872679045092,0.16511936339522545,0.10278514588859416,0.06896551724137931,0.1226790450928382,0.21286472148541113,0.14854111405835543,0.17904509283819628,0.17374005305039789,0.16379310344827586,0.19827586206896552,0.1346153846153846,0.08620689655172414,0.08222811671087533,0.08421750663129973,0.0649867374005305,0.1916445623342175,0.2460212201591512,0.16312997347480107,0.06697612732095491,0.17639257294429708,0.08753315649867374,0.09549071618037135
LIBACT_QUIRE,0.11870026525198939,0.20689655172413793,0.07824933687002653,0.06962864721485411,0.10477453580901856,0.09482758620689655,0.20092838196286472,1.0,0.10742705570291777,0.10013262599469495,0.10941644562334217,0.15053050397877984,0.15915119363395225,0.12002652519893899,0.07824933687002653,0.13793103448275862,0.11870026525198939,0.06962864721485411,0.10610079575596817,0.1346153846153846,0.16578249336870027,0.14721485411140584,0.1419098143236074,0.16511936339522545,0.14456233421750664,0.1896551724137931,0.11007957559681697,0.09946949602122016,0.11074270557029178,0.08355437665782493,0.20755968169761274,0.16909814323607428,0.15716180371352786,0.08554376657824933,0.15848806366047746,0.10941644562334217,0.06962864721485411
LIBACT_UNCERTAINTY_ENT,0.03779840848806366,0.10875331564986737,0.02586206896551724,0.023209549071618037,0.1306366047745358,0.10875331564986737,0.08023872679045092,0.10742705570291777,1.0,0.5636604774535809,0.5371352785145889,0.07559681697612732,0.07493368700265252,0.09615384615384616,0.02586206896551724,0.10411140583554376,0.03779840848806366,0.08687002652519894,0.08488063660477453,0.0709549071618037,0.10941644562334217,0.07692307692307693,0.08289124668435013,0.07824933687002653,0.06962864721485411,0.10742705570291777,0.16114058355437666,0.13925729442970822,0.11472148541114058,0.09880636604774536,0.11339522546419098,0.07427055702917772,0.07360742705570292,0.133289124668435,0.07891246684350132,0.18037135278514588,0.023209549071618037
LIBACT_UNCERTAINTY_LC,0.029177718832891247,0.11936339522546419,0.034482758620689655,0.013262599469496022,0.15517241379310345,0.1226790450928382,0.08952254641909814,0.10013262599469495,0.5636604774535809,1.0,0.5683023872679045,0.06763925729442971,0.0643236074270557,0.08687002652519894,0.034482758620689655,0.09748010610079576,0.029177718832891247,0.10742705570291777,0.07692307692307693,0.0629973474801061,0.10079575596816977,0.0610079575596817,0.08421750663129973,0.09681697612732096,0.06763925729442971,0.1240053050397878,0.15782493368700265,0.17042440318302388,0.13262599469496023,0.11538461538461539,0.11074270557029178,0.07161803713527852,0.0656498673740053,0.15649867374005305,0.06697612732095491,0.16246684350132626,0.013262599469496022
LIBACT_UNCERTAINTY_SM,0.027851458885941646,0.1240053050397878,0.03580901856763926,0.021883289124668436,0.1306366047745358,0.16246684350132626,0.09681697612732096,0.10941644562334217,0.5371352785145889,0.5683023872679045,1.0,0.07360742705570292,0.07824933687002653,0.10742705570291777,0.03580901856763926,0.11671087533156499,0.027851458885941646,0.10278514588859416,0.07559681697612732,0.07029177718832891,0.11671087533156499,0.0709549071618037,0.09946949602122016,0.08753315649867374,0.07427055702917772,0.10742705570291777,0.13395225464190982,0.13726790450928383,0.1989389920424403,0.16644562334217505,0.11339522546419098,0.08355437665782493,0.07493368700265252,0.11936339522546419,0.0656498673740053,0.13395225464190982,0.021883289124668436
OPTIMAL_GREEDY_10,0.09482758620689655,0.12931034482758622,0.07493368700265252,0.09946949602122016,0.07824933687002653,0.07824933687002653,0.18501326259946949,0.15053050397877984,0.07559681697612732,0.06763925729442971,0.07360742705570292,1.0,0.1989389920424403,0.07692307692307693,0.07493368700265252,0.15053050397877984,0.09482758620689655,0.05968169761273209,0.1319628647214854,0.1823607427055703,0.11936339522546419,0.16246684350132626,0.1419098143236074,0.17771883289124668,0.1830238726790451,0.11604774535809019,0.06697612732095491,0.07161803713527852,0.0709549071618037,0.054376657824933686,0.16180371352785147,0.1876657824933687,0.14986737400530503,0.05238726790450928,0.16379310344827586,0.0623342175066313,0.09946949602122016
OPTIMAL_GREEDY_20,0.09814323607427056,0.12798408488063662,0.07493368700265252,0.11007957559681697,0.08023872679045092,0.08753315649867374,0.1843501326259947,0.15915119363395225,0.07493368700265252,0.0643236074270557,0.07824933687002653,0.1989389920424403,1.0,0.08819628647214854,0.07493368700265252,0.12798408488063662,0.09814323607427056,0.05636604774535809,0.10676392572944297,0.17771883289124668,0.1312997347480106,0.17042440318302388,0.1240053050397878,0.16180371352785147,0.1856763925729443,0.11273209549071618,0.0616710875331565,0.07228116710875332,0.07427055702917772,0.05968169761273209,0.14655172413793102,0.1823607427055703,0.17108753315649866,0.0623342175066313,0.17506631299734748,0.06763925729442971,0.11007957559681697
PLAYGROUND_BANDIT,0.058355437665782495,0.11206896551724138,0.03580901856763926,0.04907161803713528,0.10344827586206896,0.09748010610079576,0.10013262599469495,0.12002652519893899,0.09615384615384616,0.08687002652519894,0.10742705570291777,0.07692307692307693,0.08819628647214854,1.0,0.03580901856763926,0.28580901856763924,0.058355437665782495,0.3713527851458886,0.2619363395225464,0.09549071618037135,0.14854111405835543,0.09018567639257294,0.09151193633952255,0.09681697612732096,0.10477453580901856,0.123342175066313,0.09217506631299735,0.08952254641909814,0.09416445623342175,0.08156498673740054,0.1213527851458886,0.08687002652519894,0.10278514588859416,0.08090185676392574,0.09681697612732096,0.08222811671087533,0.04907161803713528
PLAYGROUND_GRAPH_DENSITY,0.02586206896551724,0.0629973474801061,1.0,0.03050397877984085,0.033819628647214856,0.03713527851458886,0.08023872679045092,0.07824933687002653,0.02586206896551724,0.034482758620689655,0.03580901856763926,0.07493368700265252,0.07493368700265252,0.03580901856763926,1.0,0.04376657824933687,0.02586206896551724,0.027851458885941646,0.034482758620689655,0.0709549071618037,0.054376657824933686,0.06697612732095491,0.08355437665782493,0.07493368700265252,0.06962864721485411,0.05702917771883289,0.029840848806366047,0.029840848806366047,0.025198938992042442,0.021883289124668436,0.06830238726790451,0.06631299734748011,0.0636604774535809,0.01989389920424403,0.07029177718832891,0.03183023872679045,0.03050397877984085
PLAYGROUND_INFORMATIVE_DIVERSE,0.07758620689655173,0.16246684350132626,0.04376657824933687,0.0623342175066313,0.10610079575596817,0.09681697612732096,0.16511936339522545,0.13793103448275862,0.10411140583554376,0.09748010610079576,0.11671087533156499,0.15053050397877984,0.12798408488063662,0.28580901856763924,0.04376657824933687,1.0,0.07758620689655173,0.29045092838196285,0.3229442970822281,0.133289124668435,0.1724137931034483,0.13660477453580902,0.11671087533156499,0.13992042440318303,0.13859416445623343,0.14920424403183025,0.09482758620689655,0.09880636604774536,0.09880636604774536,0.07625994694960213,0.14920424403183025,0.15716180371352786,0.16114058355437666,0.09416445623342175,0.13527851458885942,0.08687002652519894,0.0623342175066313
PLAYGROUND_KCENTER_GREEDY,1.0,0.06631299734748011,0.02586206896551724,0.06763925729442971,0.027188328912466843,0.022546419098143235,0.10278514588859416,0.11870026525198939,0.03779840848806366,0.029177718832891247,0.027851458885941646,0.09482758620689655,0.09814323607427056,0.058355437665782495,0.02586206896551724,0.07758620689655173,1.0,0.04111405835543767,0.11007957559681697,0.09283819628647215,0.08023872679045092,0.10875331564986737,0.07161803713527852,0.08620689655172414,0.10145888594164457,0.0656498673740053,0.025198938992042442,0.028514588859416445,0.03183023872679045,0.029177718832891247,0.08554376657824933,0.1240053050397878,0.17440318302387267,0.026525198938992044,0.10411140583554376,0.027851458885941646,0.06763925729442971
PLAYGROUND_MARGIN,0.04111405835543767,0.11007957559681697,0.027851458885941646,0.023209549071618037,0.1883289124668435,0.3030503978779841,0.06896551724137931,0.06962864721485411,0.08687002652519894,0.10742705570291777,0.10278514588859416,0.05968169761273209,0.05636604774535809,0.3713527851458886,0.027851458885941646,0.29045092838196285,0.04111405835543767,1.0,0.4389920424403183,0.0629973474801061,0.11936339522546419,0.07360742705570292,0.07493368700265252,0.07161803713527852,0.07824933687002653,0.10941644562334217,0.09018567639257294,0.09615384615384616,0.10610079575596817,0.27586206896551724,0.10543766578249338,0.07427055702917772,0.07161803713527852,0.16843501326259946,0.07161803713527852,0.15053050397877984,0.023209549071618037
PLAYGROUND_MIXTURE,0.11007957559681697,0.10809018567639257,0.034482758620689655,0.06763925729442971,0.10344827586206896,0.14588859416445624,0.1226790450928382,0.10610079575596817,0.08488063660477453,0.07692307692307693,0.07559681697612732,0.1319628647214854,0.10676392572944297,0.2619363395225464,0.034482758620689655,0.3229442970822281,0.11007957559681697,0.4389920424403183,1.0,0.1306366047745358,0.123342175066313,0.1312997347480106,0.10543766578249338,0.1259946949602122,0.13859416445623343,0.10411140583554376,0.07427055702917772,0.07161803713527852,0.08554376657824933,0.1259946949602122,0.14124668435013263,0.14787798408488065,0.1306366047745358,0.08023872679045092,0.1226790450928382,0.08289124668435013,0.06763925729442971
PLAYGROUND_UNIFORM,0.09283819628647215,0.10411140583554376,0.0709549071618037,0.09283819628647215,0.07824933687002653,0.08289124668435013,0.21286472148541113,0.1346153846153846,0.0709549071618037,0.0629973474801061,0.07029177718832891,0.1823607427055703,0.17771883289124668,0.09549071618037135,0.0709549071618037,0.133289124668435,0.09283819628647215,0.0629973474801061,0.1306366047745358,1.0,0.11140583554376658,0.1816976127320955,0.1306366047745358,0.17108753315649866,0.1830238726790451,0.10477453580901856,0.06763925729442971,0.0629973474801061,0.06697612732095491,0.05702917771883289,0.14655172413793102,0.1883289124668435,0.16511936339522545,0.05702917771883289,0.17307692307692307,0.0610079575596817,0.09283819628647215
SKACTIVEML_COST_EMBEDDING,0.08023872679045092,0.16511936339522545,0.054376657824933686,0.04045092838196287,0.10875331564986737,0.10411140583554376,0.14854111405835543,0.16578249336870027,0.10941644562334217,0.10079575596816977,0.11671087533156499,0.11936339522546419,0.1312997347480106,0.14854111405835543,0.054376657824933686,0.1724137931034483,0.08023872679045092,0.11936339522546419,0.123342175066313,0.11140583554376658,1.0,0.11870026525198939,0.13660477453580902,0.13925729442970822,0.133289124668435,0.16047745358090185,0.1220159151193634,0.11074270557029178,0.11671087533156499,0.08488063660477453,0.16312997347480107,0.1346153846153846,0.13527851458885942,0.08620689655172414,0.11870026525198939,0.09217506631299735,0.04045092838196287
SKACTIVEML_DAL,0.10875331564986737,0.1226790450928382,0.06697612732095491,0.10013262599469495,0.07294429708222812,0.08090185676392574,0.17904509283819628,0.14721485411140584,0.07692307692307693,0.0610079575596817,0.0709549071618037,0.16246684350132626,0.17042440318302388,0.09018567639257294,0.06697612732095491,0.13660477453580902,0.10875331564986737,0.07360742705570292,0.1312997347480106,0.1816976127320955,0.11870026525198939,1.0,0.1286472148541114,0.1876657824933687,0.1883289124668435,0.10411140583554376,0.0636604774535809,0.07029177718832891,0.07559681697612732,0.05570291777188329,0.15185676392572944,0.1976127320954907,0.1783819628647215,0.057692307692307696,0.16246684350132626,0.05636604774535809,0.10013262599469495
SKACTIVEML_DWUS,0.07161803713527852,0.16710875331564987,0.08355437665782493,0.07957559681697612,0.08421750663129973,0.08090185676392574,0.17374005305039789,0.1419098143236074,0.08289124668435013,0.08421750663129973,0.09946949602122016,0.1419098143236074,0.1240053050397878,0.09151193633952255,0.08355437665782493,0.11671087533156499,0.07161803713527852,0.07493368700265252,0.10543766578249338,0.1306366047745358,0.13660477453580902,0.1286472148541114,1.0,0.15915119363395225,0.14456233421750664,0.14323607427055704,0.09681697612732096,0.08488063660477453,0.08687002652519894,0.06697612732095491,0.14721485411140584,0.15450928381962864,0.133289124668435,0.06896551724137931,0.13925729442970822,0.08421750663129973,0.07957559681697612
SKACTIVEML_QBC,0.08620689655172414,0.133289124668435,0.07493368700265252,0.08885941644562334,0.08023872679045092,0.07824933687002653,0.16379310344827586,0.16511936339522545,0.07824933687002653,0.09681697612732096,0.08753315649867374,0.17771883289124668,0.16180371352785147,0.09681697612732096,0.07493368700265252,0.13992042440318303,0.08620689655172414,0.07161803713527852,0.1259946949602122,0.17108753315649866,0.13925729442970822,0.1876657824933687,0.15915119363395225,1.0,0.1810344827586207,0.14389920424403183,0.09018567639257294,0.08885941644562334,0.09018567639257294,0.06830238726790451,0.17175066312997347,0.1876657824933687,0.17374005305039789,0.07228116710875332,0.17108753315649866,0.07957559681697612,0.08885941644562334
SKACTIVEML_QBC_VOTE_ENTROPY,0.10145888594164457,0.1306366047745358,0.06962864721485411,0.09681697612732096,0.06896551724137931,0.07360742705570292,0.19827586206896552,0.14456233421750664,0.06962864721485411,0.06763925729442971,0.07427055702917772,0.1830238726790451,0.1856763925729443,0.10477453580901856,0.06962864721485411,0.13859416445623343,0.10145888594164457,0.07824933687002653,0.13859416445623343,0.1830238726790451,0.133289124668435,0.1883289124668435,0.14456233421750664,0.1810344827586207,1.0,0.10875331564986737,0.07427055702917772,0.07228116710875332,0.08090185676392574,0.07360742705570292,0.14787798408488065,0.22679045092838196,0.16777188328912468,0.0623342175066313,0.1942970822281167,0.06697612732095491,0.09681697612732096
SKACTIVEML_QUIRE,0.0656498673740053,0.17904509283819628,0.05702917771883289,0.04442970822281167,0.10742705570291777,0.09615384615384616,0.1346153846153846,0.1896551724137931,0.10742705570291777,0.1240053050397878,0.10742705570291777,0.11604774535809019,0.11273209549071618,0.123342175066313,0.05702917771883289,0.14920424403183025,0.0656498673740053,0.10941644562334217,0.10411140583554376,0.10477453580901856,0.16047745358090185,0.10411140583554376,0.14323607427055704,0.14389920424403183,0.10875331564986737,1.0,0.10610079575596817,0.09549071618037135,0.09018567639257294,0.08952254641909814,0.16246684350132626,0.1240053050397878,0.1319628647214854,0.08421750663129973,0.11140583554376658,0.10742705570291777,0.04442970822281167
SKACTIVEML_US_ENTROPY,0.025198938992042442,0.1259946949602122,0.029840848806366047,0.019230769230769232,0.1319628647214854,0.10079575596816977,0.08620689655172414,0.11007957559681697,0.16114058355437666,0.15782493368700265,0.13395225464190982,0.06697612732095491,0.0616710875331565,0.09217506631299735,0.029840848806366047,0.09482758620689655,0.025198938992042442,0.09018567639257294,0.07427055702917772,0.06763925729442971,0.1220159151193634,0.0636604774535809,0.09681697612732096,0.09018567639257294,0.07427055702917772,0.10610079575596817,1.0,0.5928381962864722,0.5523872679045093,0.10477453580901856,0.12002652519893899,0.07957559681697612,0.07228116710875332,0.1319628647214854,0.07559681697612732,0.1783819628647215,0.019230769230769232
SKACTIVEML_US_LC,0.028514588859416445,0.11936339522546419,0.029840848806366047,0.020557029177718834,0.14986737400530503,0.11405835543766578,0.08222811671087533,0.09946949602122016,0.13925729442970822,0.17042440318302388,0.13726790450928383,0.07161803713527852,0.07228116710875332,0.08952254641909814,0.029840848806366047,0.09880636604774536,0.028514588859416445,0.09615384615384616,0.07161803713527852,0.0629973474801061,0.11074270557029178,0.07029177718832891,0.08488063660477453,0.08885941644562334,0.07228116710875332,0.09549071618037135,0.5928381962864722,1.0,0.5822281167108754,0.11803713527851459,0.10543766578249338,0.07891246684350132,0.07228116710875332,0.15583554376657824,0.06697612732095491,0.15450928381962864,0.020557029177718834
SKACTIVEML_US_MARGIN,0.03183023872679045,0.13262599469496023,0.025198938992042442,0.021220159151193633,0.1306366047745358,0.16578249336870027,0.08421750663129973,0.11074270557029178,0.11472148541114058,0.13262599469496023,0.1989389920424403,0.0709549071618037,0.07427055702917772,0.09416445623342175,0.025198938992042442,0.09880636604774536,0.03183023872679045,0.10610079575596817,0.08554376657824933,0.06697612732095491,0.11671087533156499,0.07559681697612732,0.08687002652519894,0.09018567639257294,0.08090185676392574,0.09018567639257294,0.5523872679045093,0.5822281167108754,1.0,0.15119363395225463,0.10742705570291777,0.08753315649867374,0.07427055702917772,0.1253315649867374,0.06697612732095491,0.1273209549071618,0.021220159151193633
SMALLTEXT_BREAKINGTIES,0.029177718832891247,0.09416445623342175,0.021883289124668436,0.027851458885941646,0.21618037135278514,0.4423076923076923,0.0649867374005305,0.08355437665782493,0.09880636604774536,0.11538461538461539,0.16644562334217505,0.054376657824933686,0.05968169761273209,0.08156498673740054,0.021883289124668436,0.07625994694960213,0.029177718832891247,0.27586206896551724,0.1259946949602122,0.05702917771883289,0.08488063660477453,0.05570291777188329,0.06697612732095491,0.06830238726790451,0.07360742705570292,0.08952254641909814,0.10477453580901856,0.11803713527851459,0.15119363395225463,1.0,0.07161803713527852,0.0603448275862069,0.0636604774535809,0.5384615384615384,0.05106100795755968,0.5212201591511937,0.027851458885941646
SMALLTEXT_CONTRASTIVEAL,0.08554376657824933,0.17175066312997347,0.06830238726790451,0.07029177718832891,0.10278514588859416,0.08421750663129973,0.1916445623342175,0.20755968169761274,0.11339522546419098,0.11074270557029178,0.11339522546419098,0.16180371352785147,0.14655172413793102,0.1213527851458886,0.06830238726790451,0.14920424403183025,0.08554376657824933,0.10543766578249338,0.14124668435013263,0.14655172413793102,0.16312997347480107,0.15185676392572944,0.14721485411140584,0.17175066312997347,0.14787798408488065,0.16246684350132626,0.12002652519893899,0.10543766578249338,0.10742705570291777,0.07161803713527852,1.0,0.1863395225464191,0.16578249336870027,0.08156498673740054,0.16047745358090185,0.10013262599469495,0.07029177718832891
SMALLTEXT_EMBEDDINGKMEANS,0.1240053050397878,0.13925729442970822,0.06631299734748011,0.11604774535809019,0.07692307692307693,0.07493368700265252,0.2460212201591512,0.16909814323607428,0.07427055702917772,0.07161803713527852,0.08355437665782493,0.1876657824933687,0.1823607427055703,0.08687002652519894,0.06631299734748011,0.15716180371352786,0.1240053050397878,0.07427055702917772,0.14787798408488065,0.1883289124668435,0.1346153846153846,0.1976127320954907,0.15450928381962864,0.1876657824933687,0.22679045092838196,0.1240053050397878,0.07957559681697612,0.07891246684350132,0.08753315649867374,0.0603448275862069,0.1863395225464191,1.0,0.20822281167108753,0.0636604774535809,0.22148541114058357,0.08156498673740054,0.11604774535809019
SMALLTEXT_GREEDYCORESET,0.17440318302387267,0.12002652519893899,0.0636604774535809,0.09681697612732096,0.06631299734748011,0.07758620689655173,0.16312997347480107,0.15716180371352786,0.07360742705570292,0.0656498673740053,0.07493368700265252,0.14986737400530503,0.17108753315649866,0.10278514588859416,0.0636604774535809,0.16114058355437666,0.17440318302387267,0.07161803713527852,0.1306366047745358,0.16511936339522545,0.13527851458885942,0.1783819628647215,0.133289124668435,0.17374005305039789,0.16777188328912468,0.1319628647214854,0.07228116710875332,0.07228116710875332,0.07427055702917772,0.0636604774535809,0.16578249336870027,0.20822281167108753,1.0,0.06697612732095491,0.1816976127320955,0.07758620689655173,0.09681697612732096
SMALLTEXT_LEASTCONFIDENCE,0.026525198938992044,0.10610079575596817,0.01989389920424403,0.020557029177718834,0.4482758620689655,0.22413793103448276,0.06697612732095491,0.08554376657824933,0.133289124668435,0.15649867374005305,0.11936339522546419,0.05238726790450928,0.0623342175066313,0.08090185676392574,0.01989389920424403,0.09416445623342175,0.026525198938992044,0.16843501326259946,0.08023872679045092,0.05702917771883289,0.08620689655172414,0.057692307692307696,0.06896551724137931,0.07228116710875332,0.0623342175066313,0.08421750663129973,0.1319628647214854,0.15583554376657824,0.1253315649867374,0.5384615384615384,0.08156498673740054,0.0636604774535809,0.06697612732095491,1.0,0.05636604774535809,0.5696286472148541,0.020557029177718834
SMALLTEXT_LIGHTWEIGHTCORESET,0.10411140583554376,0.1259946949602122,0.07029177718832891,0.11074270557029178,0.07427055702917772,0.07625994694960213,0.17639257294429708,0.15848806366047746,0.07891246684350132,0.06697612732095491,0.0656498673740053,0.16379310344827586,0.17506631299734748,0.09681697612732096,0.07029177718832891,0.13527851458885942,0.10411140583554376,0.07161803713527852,0.1226790450928382,0.17307692307692307,0.11870026525198939,0.16246684350132626,0.13925729442970822,0.17108753315649866,0.1942970822281167,0.11140583554376658,0.07559681697612732,0.06697612732095491,0.06697612732095491,0.05106100795755968,0.16047745358090185,0.22148541114058357,0.1816976127320955,0.05636604774535809,1.0,0.0636604774535809,0.11074270557029178
SMALLTEXT_PREDICTIONENTROPY,0.027851458885941646,0.1206896551724138,0.03183023872679045,0.021220159151193633,0.2506631299734748,0.19694960212201593,0.08753315649867374,0.10941644562334217,0.18037135278514588,0.16246684350132626,0.13395225464190982,0.0623342175066313,0.06763925729442971,0.08222811671087533,0.03183023872679045,0.08687002652519894,0.027851458885941646,0.15053050397877984,0.08289124668435013,0.0610079575596817,0.09217506631299735,0.05636604774535809,0.08421750663129973,0.07957559681697612,0.06697612732095491,0.10742705570291777,0.1783819628647215,0.15450928381962864,0.1273209549071618,0.5212201591511937,0.10013262599469495,0.08156498673740054,0.07758620689655173,0.5696286472148541,0.0636604774535809,1.0,0.021220159151193633
SMALLTEXT_RANDOM,0.06763925729442971,0.05636604774535809,0.03050397877984085,1.0,0.02453580901856764,0.029177718832891247,0.09549071618037135,0.06962864721485411,0.023209549071618037,0.013262599469496022,0.021883289124668436,0.09946949602122016,0.11007957559681697,0.04907161803713528,0.03050397877984085,0.0623342175066313,0.06763925729442971,0.023209549071618037,0.06763925729442971,0.09283819628647215,0.04045092838196287,0.10013262599469495,0.07957559681697612,0.08885941644562334,0.09681697612732096,0.04442970822281167,0.019230769230769232,0.020557029177718834,0.021220159151193633,0.027851458885941646,0.07029177718832891,0.11604774535809019,0.09681697612732096,0.020557029177718834,0.11074270557029178,0.021220159151193633,1.0
