,ALIPY_CORESET_GREEDY,ALIPY_DENSITY_WEIGHTED,ALIPY_GRAPH_DENSITY,ALIPY_RANDOM,ALIPY_UNCERTAINTY_LC,ALIPY_UNCERTAINTY_MM,LIBACT_DWUS,LIBACT_QUIRE,LIBACT_UNCERTAINTY_ENT,LIBACT_UNCERTAINTY_LC,LIBACT_UNCERTAINTY_SM,OPTIMAL_GREEDY_10,OPTIMAL_GREEDY_20,PLAYGROUND_BANDIT,PLAYGROUND_GRAPH_DENSITY,PLAYGROUND_INFORMATIVE_DIVERSE,PLAYGROUND_KCENTER_GREEDY,PLAYGROUND_MARGIN,PLAYGROUND_MIXTURE,PLAYGROUND_UNIFORM,SKACTIVEML_COST_EMBEDDING,SKACTIVEML_DAL,SKACTIVEML_DWUS,SKACTIVEML_QBC,SKACTIVEML_QBC_VOTE_ENTROPY,SKACTIVEML_QUIRE,SKACTIVEML_US_ENTROPY,SKACTIVEML_US_LC,SKACTIVEML_US_MARGIN,SMALLTEXT_BREAKINGTIES,SMALLTEXT_CONTRASTIVEAL,SMALLTEXT_EMBEDDINGKMEANS,SMALLTEXT_GREEDYCORESET,SMALLTEXT_LEASTCONFIDENCE,SMALLTEXT_LIGHTWEIGHTCORESET,SMALLTEXT_PREDICTIONENTROPY,SMALLTEXT_RANDOM
ALIPY_CORESET_GREEDY,1.0,0.13559742191373328,0.0909766980664353,0.10832920178482895,0.0835399107585523,0.08155676747645017,0.08031730292513634,0.12345066931085771,0.06147744174516609,0.05751115518096182,0.05999008428358949,0.17352503718393653,0.17278135845314824,0.08403569657907783,0.0909766980664353,0.10708973723351513,0.9997521070897373,0.07436787307882994,0.11130391670798215,0.13658899355478432,0.09866137828458106,0.14154685176003967,0.08601883986117997,0.11229548834903322,0.1536936043629152,0.1249380267724343,0.07387208725830441,0.07783837382250867,0.07139315815567675,0.07064947942488845,0.08998512642538424,0.14923153197818542,0.18790282597917699,0.07436787307882994,0.14105106593951414,0.07560733763014378,0.10832920178482895
ALIPY_DENSITY_WEIGHTED,0.13559742191373328,1.0,0.08626673277144274,0.0917203767972236,0.12146752602875557,0.11328705999008429,0.13411006445215667,0.1685671789786812,0.09717402082300446,0.10337134357957363,0.10213187902825979,0.17203767972235995,0.16534457114526524,0.10758552305404065,0.08626673277144274,0.10907288051561725,0.13559742191373328,0.09667823500247893,0.10981655924640556,0.1346058502726822,0.12171541893901834,0.15245413981160139,0.1450173525037184,0.12097174020823004,0.14402578086266732,0.17922657411998016,0.10882498760535449,0.10808130887456618,0.10684184432325236,0.10461080813088745,0.10708973723351513,0.14848785324739713,0.15716410510659395,0.11130391670798215,0.1368368864650471,0.11006445215666832,0.0917203767972236
ALIPY_GRAPH_DENSITY,0.0909766980664353,0.08626673277144274,1.0,0.13782845810609817,0.08254833911750124,0.0894893406048587,0.14625681705503224,0.07362419434804164,0.06271690629647993,0.06271690629647993,0.07436787307882994,0.20029747149231533,0.19335647000495787,0.09667823500247893,1.0,0.09568666336142786,0.0909766980664353,0.08849776896380764,0.12766484878532475,0.1797223599405057,0.10213187902825979,0.14600892414476946,0.153941497273178,0.14724838869608328,0.17501239464551313,0.08180466038671294,0.06395637084779375,0.06593951412989589,0.07808626673277144,0.07263262270699058,0.08230044620723848,0.19335647000495787,0.13882002974714924,0.06321269211700545,0.16311353495290035,0.06246901338621715,0.13782845810609817
ALIPY_RANDOM,0.10832920178482895,0.0917203767972236,0.13782845810609817,1.0,0.08626673277144274,0.09295984134853744,0.11006445215666832,0.08601883986117997,0.07015369360436291,0.06544372830937036,0.07759048091224591,0.23202776400594943,0.23971244422409518,0.10436291522062469,0.13782845810609817,0.12741695587506197,0.10857709469509172,0.10188398611799702,0.15071888943976203,0.20475954387704512,0.11204759543877045,0.18542389687654934,0.10932077342588002,0.14179474467030243,0.19905800694100148,0.09766980664352999,0.07858205255329698,0.08006941001487357,0.08973723351512147,0.08230044620723848,0.0954387704511651,0.20525532969757065,0.12816063460585028,0.07089737233515121,0.19881011403073873,0.06965790778383739,1.0
ALIPY_UNCERTAINTY_LC,0.0835399107585523,0.12146752602875557,0.08254833911750124,0.08626673277144274,1.0,0.7493802677243431,0.09271194843827467,0.08006941001487357,0.12840852751611304,0.15865146256817056,0.11527020327218641,0.14030738720872582,0.13708477937530986,0.17278135845314824,0.08254833911750124,0.11998016856717898,0.08378780366881507,0.20699058006941,0.1574119980168567,0.12989588497768964,0.12270699058006941,0.12592959841348536,0.12072384729796728,0.11378284581060982,0.1353495290034705,0.10907288051561725,0.16732771442736738,0.19261279127416955,0.146504709965295,0.2181457610312345,0.0961824491819534,0.1264253842340109,0.10634605850272683,0.3512642538423401,0.11874070401586515,0.2404561229548835,0.08626673277144274
ALIPY_UNCERTAINTY_MM,0.08155676747645017,0.11328705999008429,0.0894893406048587,0.09295984134853744,0.7493802677243431,1.0,0.09866137828458106,0.08155676747645017,0.11006445215666832,0.11204759543877045,0.1650966782350025,0.15071888943976203,0.14377788795240456,0.19509172037679723,0.0894893406048587,0.12444224095190877,0.08180466038671294,0.2654933068914229,0.1864154685176004,0.13237481408031732,0.11874070401586515,0.13336638572136836,0.12245909766980664,0.11328705999008429,0.13708477937530986,0.10907288051561725,0.1346058502726822,0.14105106593951414,0.1906296479920674,0.34605850272682204,0.09419930589985126,0.12915220624690135,0.10808130887456618,0.22161626177491323,0.1249380267724343,0.19410014873574616,0.09295984134853744
LIBACT_DWUS,0.08031730292513634,0.13411006445215667,0.14625681705503224,0.11006445215666832,0.09271194843827467,0.09866137828458106,1.0,0.10907288051561725,0.07164105106593951,0.07436787307882994,0.08329201784828955,0.1707982151710461,0.16608824987605356,0.09940505701536936,0.14625681705503224,0.09519087754090233,0.08031730292513634,0.08849776896380764,0.09766980664352999,0.14352999504214178,0.10237977193852256,0.14179474467030243,0.1856717897868121,0.1502231036192365,0.16608824987605356,0.11650966782350025,0.07288051561725335,0.07312840852751612,0.08205255329697571,0.08750619732275657,0.1308874566187407,0.18468021814576102,0.124194348041646,0.0768468021814576,0.14823996033713435,0.07635101636093208,0.11006445215666832
LIBACT_QUIRE,0.12345066931085771,0.1685671789786812,0.07362419434804164,0.08601883986117997,0.08006941001487357,0.08155676747645017,0.10907288051561725,1.0,0.05528011898859692,0.05701536936043629,0.059742191373326724,0.1264253842340109,0.12394645513138325,0.08552305404065444,0.07362419434804164,0.09147248388696083,0.12345066931085771,0.07858205255329698,0.0954387704511651,0.1212196331184928,0.09345562716906297,0.12469013386217154,0.12022806147744175,0.10832920178482895,0.12146752602875557,0.14030738720872582,0.06643529995042141,0.06593951412989589,0.06817055032226078,0.07411998016856718,0.13212692117005453,0.11403073872087258,0.1450173525037184,0.07263262270699058,0.11874070401586515,0.06866633614278632,0.08601883986117997
LIBACT_UNCERTAINTY_ENT,0.06147744174516609,0.09717402082300446,0.06271690629647993,0.07015369360436291,0.12840852751611304,0.11006445215666832,0.07164105106593951,0.05528011898859692,1.0,0.7801189885969261,0.7335151214675261,0.10808130887456618,0.1036192364898364,0.08081308874566187,0.06271690629647993,0.11279127416955875,0.06147744174516609,0.07610312345066932,0.08254833911750124,0.0969261279127417,0.0946950917203768,0.09494298463063956,0.1028755577590481,0.07337630143777887,0.10014873574615767,0.08403569657907783,0.16460089241447695,0.12022806147744175,0.10262766484878533,0.16955875061973227,0.06891422905304909,0.10262766484878533,0.08824987605354487,0.19286068418443233,0.09667823500247893,0.23996033713435796,0.07015369360436291
LIBACT_UNCERTAINTY_LC,0.05751115518096182,0.10337134357957363,0.06271690629647993,0.06544372830937036,0.15865146256817056,0.11204759543877045,0.07436787307882994,0.05701536936043629,0.7801189885969261,1.0,0.7533465542885474,0.10510659395141299,0.1065939514129896,0.08651462568170551,0.06271690629647993,0.11477441745166088,0.05775904809122459,0.0850272682201289,0.0880019831432821,0.09271194843827467,0.09221616261774913,0.10237977193852256,0.10808130887456618,0.07362419434804164,0.10337134357957363,0.08750619732275657,0.131631135349529,0.16410510659395142,0.11155180961824492,0.1737729300941993,0.07188894397620228,0.0999008428358949,0.08279623202776401,0.2226078334159643,0.09072880515617253,0.1931085770946951,0.06544372830937036
LIBACT_UNCERTAINTY_SM,0.05999008428358949,0.10213187902825979,0.07436787307882994,0.07759048091224591,0.11527020327218641,0.1650966782350025,0.08329201784828955,0.059742191373326724,0.7335151214675261,0.7533465542885474,1.0,0.12345066931085771,0.12518591968269707,0.0917203767972236,0.07436787307882994,0.12295488349033218,0.06023797719385226,0.08205255329697571,0.09221616261774913,0.10783341596430342,0.10014873574615767,0.10461080813088745,0.11774913237481408,0.08775409023301933,0.11378284581060982,0.0835399107585523,0.10461080813088745,0.10857709469509172,0.1611303916707982,0.2278135845314824,0.06965790778383739,0.11031234506693109,0.08279623202776401,0.18021814576103123,0.10932077342588002,0.1737729300941993,0.07759048091224591
OPTIMAL_GREEDY_10,0.17352503718393653,0.17203767972235995,0.20029747149231533,0.23202776400594943,0.14030738720872582,0.15071888943976203,0.1707982151710461,0.1264253842340109,0.10808130887456618,0.10510659395141299,0.12345066931085771,1.0,0.5820525532969757,0.16212196331184928,0.20029747149231533,0.1960832920178483,0.1737729300941993,0.14229053049082796,0.2300446207238473,0.3039167079821517,0.1487357461576599,0.27689638076351014,0.17352503718393653,0.2226078334159643,0.3148239960337134,0.16435299950421417,0.13287059990084282,0.13287059990084282,0.14030738720872582,0.13287059990084282,0.13981160138820029,0.3549826474962816,0.19162121963311848,0.12345066931085771,0.2821021318790283,0.11849281110560238,0.23202776400594943
OPTIMAL_GREEDY_20,0.17278135845314824,0.16534457114526524,0.19335647000495787,0.23971244422409518,0.13708477937530986,0.14377788795240456,0.16608824987605356,0.12394645513138325,0.1036192364898364,0.1065939514129896,0.12518591968269707,0.5820525532969757,1.0,0.15939514129895885,0.19335647000495787,0.1923648983639068,0.17302925136341102,0.13485374318294496,0.2278135845314824,0.30565195835399106,0.1487357461576599,0.2721864154685176,0.1752602875557759,0.21641051065939515,0.3202776400594943,0.1663361427863163,0.13510163609320774,0.13510163609320774,0.14600892414476946,0.1346058502726822,0.13931581556767478,0.349281110560238,0.1960832920178483,0.12369856222112048,0.28284581060981656,0.12518591968269707,0.23971244422409518
PLAYGROUND_BANDIT,0.08403569657907783,0.10758552305404065,0.09667823500247893,0.10436291522062469,0.17278135845314824,0.19509172037679723,0.09940505701536936,0.08552305404065444,0.08081308874566187,0.08651462568170551,0.0917203767972236,0.16212196331184928,0.15939514129895885,1.0,0.09667823500247893,0.3406048587010411,0.0842835894893406,0.6239464551313832,0.3748140803173029,0.15493306891422906,0.20451165096678234,0.15146256817055032,0.11948438274665345,0.131631135349529,0.15220624690133863,0.1412989588497769,0.10758552305404065,0.11006445215666832,0.11403073872087258,0.16807139315815567,0.0917203767972236,0.13981160138820029,0.10808130887456618,0.14551313832424392,0.14328210213187903,0.13510163609320774,0.10436291522062469
PLAYGROUND_GRAPH_DENSITY,0.0909766980664353,0.08626673277144274,1.0,0.13782845810609817,0.08254833911750124,0.0894893406048587,0.14625681705503224,0.07362419434804164,0.06271690629647993,0.06271690629647993,0.07436787307882994,0.20029747149231533,0.19335647000495787,0.09667823500247893,1.0,0.09568666336142786,0.0909766980664353,0.08849776896380764,0.12766484878532475,0.1797223599405057,0.10213187902825979,0.14600892414476946,0.153941497273178,0.14724838869608328,0.17501239464551313,0.08180466038671294,0.06395637084779375,0.06593951412989589,0.07808626673277144,0.07263262270699058,0.08230044620723848,0.19335647000495787,0.13882002974714924,0.06321269211700545,0.16311353495290035,0.06246901338621715,0.13782845810609817
PLAYGROUND_INFORMATIVE_DIVERSE,0.10708973723351513,0.10907288051561725,0.09568666336142786,0.12741695587506197,0.11998016856717898,0.12444224095190877,0.09519087754090233,0.09147248388696083,0.11279127416955875,0.11477441745166088,0.12295488349033218,0.1960832920178483,0.1923648983639068,0.3406048587010411,0.09568666336142786,1.0,0.10733763014377788,0.3254833911750124,0.3187902825979177,0.15815567674764502,0.1648487853247397,0.15418939018344074,0.12865642042637582,0.13857213683688646,0.1752602875557759,0.1264253842340109,0.11353495290034706,0.11452652454139811,0.11675756073376302,0.11031234506693109,0.0984134853743183,0.16534457114526524,0.11874070401586515,0.10832920178482895,0.15815567674764502,0.10758552305404065,0.12741695587506197
PLAYGROUND_KCENTER_GREEDY,0.9997521070897373,0.13559742191373328,0.0909766980664353,0.10857709469509172,0.08378780366881507,0.08180466038671294,0.08031730292513634,0.12345066931085771,0.06147744174516609,0.05775904809122459,0.06023797719385226,0.1737729300941993,0.17302925136341102,0.0842835894893406,0.0909766980664353,0.10733763014377788,1.0,0.07461576598909271,0.11155180961824492,0.1368368864650471,0.09866137828458106,0.14154685176003967,0.08626673277144274,0.11229548834903322,0.153941497273178,0.1249380267724343,0.07411998016856718,0.07808626673277144,0.07164105106593951,0.07089737233515121,0.08998512642538424,0.1494794248884482,0.18790282597917699,0.07461576598909271,0.1412989588497769,0.07560733763014378,0.10857709469509172
PLAYGROUND_MARGIN,0.07436787307882994,0.09667823500247893,0.08849776896380764,0.10188398611799702,0.20699058006941,0.2654933068914229,0.08849776896380764,0.07858205255329698,0.07610312345066932,0.0850272682201289,0.08205255329697571,0.14229053049082796,0.13485374318294496,0.6239464551313832,0.08849776896380764,0.3254833911750124,0.07461576598909271,1.0,0.4667823500247893,0.13931581556767478,0.20079325731284084,0.13039167079821518,0.1065939514129896,0.12221120475954388,0.13411006445215667,0.12394645513138325,0.10535448686167576,0.10386712940009915,0.11254338125929599,0.24367873078829946,0.0850272682201289,0.11973227565691621,0.09122459097669806,0.17873078829945463,0.12667327714427368,0.15790778383738224,0.10188398611799702
PLAYGROUND_MIXTURE,0.11130391670798215,0.10981655924640556,0.12766484878532475,0.15071888943976203,0.1574119980168567,0.1864154685176004,0.09766980664352999,0.0954387704511651,0.08254833911750124,0.0880019831432821,0.09221616261774913,0.2300446207238473,0.2278135845314824,0.3748140803173029,0.12766484878532475,0.3187902825979177,0.11155180961824492,0.4667823500247893,1.0,0.21789786812097173,0.16088249876053545,0.1745166088249876,0.11874070401586515,0.14352999504214178,0.20451165096678234,0.12816063460585028,0.10436291522062469,0.1065939514129896,0.11080813088745661,0.16435299950421417,0.0954387704511651,0.19583539910758552,0.12345066931085771,0.13361427863163114,0.17873078829945463,0.12047595438770452,0.15071888943976203
PLAYGROUND_UNIFORM,0.13658899355478432,0.1346058502726822,0.1797223599405057,0.20475954387704512,0.12989588497768964,0.13237481408031732,0.14352999504214178,0.1212196331184928,0.0969261279127417,0.09271194843827467,0.10783341596430342,0.3039167079821517,0.30565195835399106,0.15493306891422906,0.1797223599405057,0.15815567674764502,0.1368368864650471,0.13931581556767478,0.21789786812097173,1.0,0.14600892414476946,0.21343579573624194,0.14551313832424392,0.1906296479920674,0.26499752107089736,0.12692117005453643,0.10163609320773426,0.10138820029747149,0.11303916707982152,0.11378284581060982,0.13510163609320774,0.26822012890431335,0.16038671294000992,0.10708973723351513,0.22954883490332176,0.10386712940009915,0.20475954387704512
SKACTIVEML_COST_EMBEDDING,0.09866137828458106,0.12171541893901834,0.10213187902825979,0.11204759543877045,0.12270699058006941,0.11874070401586515,0.10237977193852256,0.09345562716906297,0.0946950917203768,0.09221616261774913,0.10014873574615767,0.1487357461576599,0.1487357461576599,0.20451165096678234,0.10213187902825979,0.1648487853247397,0.09866137828458106,0.20079325731284084,0.16088249876053545,0.14600892414476946,1.0,0.13138324243926625,0.1346058502726822,0.12097174020823004,0.14675260287555775,0.15865146256817056,0.11328705999008429,0.11502231036192365,0.11502231036192365,0.10510659395141299,0.09890927119484383,0.146504709965295,0.11502231036192365,0.10138820029747149,0.1420426375805652,0.10436291522062469,0.11204759543877045
SKACTIVEML_DAL,0.14154685176003967,0.15245413981160139,0.14600892414476946,0.18542389687654934,0.12592959841348536,0.13336638572136836,0.14179474467030243,0.12469013386217154,0.09494298463063956,0.10237977193852256,0.10461080813088745,0.27689638076351014,0.2721864154685176,0.15146256817055032,0.14600892414476946,0.15418939018344074,0.14154685176003967,0.13039167079821518,0.1745166088249876,0.21343579573624194,0.13138324243926625,1.0,0.16236985622211206,0.1685671789786812,0.2300446207238473,0.14253842340109074,0.11799702528507684,0.12146752602875557,0.12320277640059495,0.11650966782350025,0.14229053049082796,0.2285572632622707,0.16187407040158652,0.10981655924640556,0.21343579573624194,0.10461080813088745,0.18542389687654934
SKACTIVEML_DWUS,0.08601883986117997,0.1450173525037184,0.153941497273178,0.10932077342588002,0.12072384729796728,0.12245909766980664,0.1856717897868121,0.12022806147744175,0.1028755577590481,0.10808130887456618,0.11774913237481408,0.17352503718393653,0.1752602875557759,0.11948438274665345,0.153941497273178,0.12865642042637582,0.08626673277144274,0.1065939514129896,0.11874070401586515,0.14551313832424392,0.1346058502726822,0.16236985622211206,1.0,0.13559742191373328,0.1663361427863163,0.1331184928111056,0.10535448686167576,0.10237977193852256,0.11056023797719385,0.10585027268220129,0.1249380267724343,0.1752602875557759,0.12444224095190877,0.09643034209221617,0.15294992563212692,0.0991571641051066,0.10932077342588002
SKACTIVEML_QBC,0.11229548834903322,0.12097174020823004,0.14724838869608328,0.14179474467030243,0.11378284581060982,0.11328705999008429,0.1502231036192365,0.10832920178482895,0.07337630143777887,0.07362419434804164,0.08775409023301933,0.2226078334159643,0.21641051065939515,0.131631135349529,0.14724838869608328,0.13857213683688646,0.11229548834903322,0.12221120475954388,0.14352999504214178,0.1906296479920674,0.12097174020823004,0.1685671789786812,0.13559742191373328,1.0,0.20525532969757065,0.14005949429846307,0.09295984134853744,0.09494298463063956,0.10609816559246406,0.10138820029747149,0.12369856222112048,0.2035200793257313,0.1331184928111056,0.0909766980664353,0.17203767972235995,0.09221616261774913,0.14179474467030243
SKACTIVEML_QBC_VOTE_ENTROPY,0.1536936043629152,0.14402578086266732,0.17501239464551313,0.19905800694100148,0.1353495290034705,0.13708477937530986,0.16608824987605356,0.12146752602875557,0.10014873574615767,0.10337134357957363,0.11378284581060982,0.3148239960337134,0.3202776400594943,0.15220624690133863,0.17501239464551313,0.1752602875557759,0.153941497273178,0.13411006445215667,0.20451165096678234,0.26499752107089736,0.14675260287555775,0.2300446207238473,0.1663361427863163,0.20525532969757065,1.0,0.14030738720872582,0.12196331184928111,0.12221120475954388,0.1279127416955875,0.11031234506693109,0.13435795736241943,0.2697074863658899,0.1745166088249876,0.10882498760535449,0.24144769459593457,0.10609816559246406,0.19905800694100148
SKACTIVEML_QUIRE,0.1249380267724343,0.17922657411998016,0.08180466038671294,0.09766980664352999,0.10907288051561725,0.10907288051561725,0.11650966782350025,0.14030738720872582,0.08403569657907783,0.08750619732275657,0.0835399107585523,0.16435299950421417,0.1663361427863163,0.1412989588497769,0.08180466038671294,0.1264253842340109,0.1249380267724343,0.12394645513138325,0.12816063460585028,0.12692117005453643,0.15865146256817056,0.14253842340109074,0.1331184928111056,0.14005949429846307,0.14030738720872582,1.0,0.1028755577590481,0.09791769955379276,0.10039662865642042,0.0924640555280119,0.12245909766980664,0.13336638572136836,0.1588993554784333,0.0954387704511651,0.14105106593951414,0.09494298463063956,0.09766980664352999
SKACTIVEML_US_ENTROPY,0.07387208725830441,0.10882498760535449,0.06395637084779375,0.07858205255329698,0.16732771442736738,0.1346058502726822,0.07288051561725335,0.06643529995042141,0.16460089241447695,0.131631135349529,0.10461080813088745,0.13287059990084282,0.13510163609320774,0.10758552305404065,0.06395637084779375,0.11353495290034706,0.07411998016856718,0.10535448686167576,0.10436291522062469,0.10163609320773426,0.11328705999008429,0.11799702528507684,0.10535448686167576,0.09295984134853744,0.12196331184928111,0.1028755577590481,1.0,0.7848289538919186,0.7377293009419931,0.11551809618244918,0.07783837382250867,0.11179970252850768,0.09965294992563213,0.14352999504214178,0.11254338125929599,0.19038175508180466,0.07858205255329698
SKACTIVEML_US_LC,0.07783837382250867,0.10808130887456618,0.06593951412989589,0.08006941001487357,0.19261279127416955,0.14105106593951414,0.07312840852751612,0.06593951412989589,0.12022806147744175,0.16410510659395142,0.10857709469509172,0.13287059990084282,0.13510163609320774,0.11006445215666832,0.06593951412989589,0.11452652454139811,0.07808626673277144,0.10386712940009915,0.1065939514129896,0.10138820029747149,0.11502231036192365,0.12146752602875557,0.10237977193852256,0.09494298463063956,0.12221120475954388,0.09791769955379276,0.7848289538919186,1.0,0.7543381259295984,0.11973227565691621,0.0805651958353991,0.11155180961824492,0.09221616261774913,0.17501239464551313,0.11502231036192365,0.14080317302925136,0.08006941001487357
SKACTIVEML_US_MARGIN,0.07139315815567675,0.10684184432325236,0.07808626673277144,0.08973723351512147,0.146504709965295,0.1906296479920674,0.08205255329697571,0.06817055032226078,0.10262766484878533,0.11155180961824492,0.1611303916707982,0.14030738720872582,0.14600892414476946,0.11403073872087258,0.07808626673277144,0.11675756073376302,0.07164105106593951,0.11254338125929599,0.11080813088745661,0.11303916707982152,0.11502231036192365,0.12320277640059495,0.11056023797719385,0.10609816559246406,0.1279127416955875,0.10039662865642042,0.7377293009419931,0.7543381259295984,1.0,0.1633614278631631,0.07734258800198314,0.12320277640059495,0.09816559246405553,0.12543381259295985,0.124194348041646,0.11527020327218641,0.08973723351512147
SMALLTEXT_BREAKINGTIES,0.07064947942488845,0.10461080813088745,0.07263262270699058,0.08230044620723848,0.2181457610312345,0.34605850272682204,0.08750619732275657,0.07411998016856718,0.16955875061973227,0.1737729300941993,0.2278135845314824,0.13287059990084282,0.1346058502726822,0.16807139315815567,0.07263262270699058,0.11031234506693109,0.07089737233515121,0.24367873078829946,0.16435299950421417,0.11378284581060982,0.10510659395141299,0.11650966782350025,0.10585027268220129,0.10138820029747149,0.11031234506693109,0.0924640555280119,0.11551809618244918,0.11973227565691621,0.1633614278631631,1.0,0.07734258800198314,0.1212196331184928,0.09444719881011403,0.7464055528011899,0.11551809618244918,0.7253346554288548,0.08230044620723848
SMALLTEXT_CONTRASTIVEAL,0.08998512642538424,0.10708973723351513,0.08230044620723848,0.0954387704511651,0.0961824491819534,0.09419930589985126,0.1308874566187407,0.13212692117005453,0.06891422905304909,0.07188894397620228,0.06965790778383739,0.13981160138820029,0.13931581556767478,0.0917203767972236,0.08230044620723848,0.0984134853743183,0.08998512642538424,0.0850272682201289,0.0954387704511651,0.13510163609320774,0.09890927119484383,0.14229053049082796,0.1249380267724343,0.12369856222112048,0.13435795736241943,0.12245909766980664,0.07783837382250867,0.0805651958353991,0.07734258800198314,0.07734258800198314,1.0,0.12667327714427368,0.14625681705503224,0.08329201784828955,0.139067922657412,0.08106098165592464,0.0954387704511651
SMALLTEXT_EMBEDDINGKMEANS,0.14923153197818542,0.14848785324739713,0.19335647000495787,0.20525532969757065,0.1264253842340109,0.12915220624690135,0.18468021814576102,0.11403073872087258,0.10262766484878533,0.0999008428358949,0.11031234506693109,0.3549826474962816,0.349281110560238,0.13981160138820029,0.19335647000495787,0.16534457114526524,0.1494794248884482,0.11973227565691621,0.19583539910758552,0.26822012890431335,0.146504709965295,0.2285572632622707,0.1752602875557759,0.2035200793257313,0.2697074863658899,0.13336638572136836,0.11179970252850768,0.11155180961824492,0.12320277640059495,0.1212196331184928,0.12667327714427368,1.0,0.16063460585027267,0.11328705999008429,0.2595438770451165,0.11353495290034706,0.20525532969757065
SMALLTEXT_GREEDYCORESET,0.18790282597917699,0.15716410510659395,0.13882002974714924,0.12816063460585028,0.10634605850272683,0.10808130887456618,0.124194348041646,0.1450173525037184,0.08824987605354487,0.08279623202776401,0.08279623202776401,0.19162121963311848,0.1960832920178483,0.10808130887456618,0.13882002974714924,0.11874070401586515,0.18790282597917699,0.09122459097669806,0.12345066931085771,0.16038671294000992,0.11502231036192365,0.16187407040158652,0.12444224095190877,0.1331184928111056,0.1745166088249876,0.1588993554784333,0.09965294992563213,0.09221616261774913,0.09816559246405553,0.09444719881011403,0.14625681705503224,0.16063460585027267,1.0,0.09667823500247893,0.17302925136341102,0.0969261279127417,0.12816063460585028
SMALLTEXT_LEASTCONFIDENCE,0.07436787307882994,0.11130391670798215,0.06321269211700545,0.07089737233515121,0.3512642538423401,0.22161626177491323,0.0768468021814576,0.07263262270699058,0.19286068418443233,0.2226078334159643,0.18021814576103123,0.12345066931085771,0.12369856222112048,0.14551313832424392,0.06321269211700545,0.10832920178482895,0.07461576598909271,0.17873078829945463,0.13361427863163114,0.10708973723351513,0.10138820029747149,0.10981655924640556,0.09643034209221617,0.0909766980664353,0.10882498760535449,0.0954387704511651,0.14352999504214178,0.17501239464551313,0.12543381259295985,0.7464055528011899,0.08329201784828955,0.11328705999008429,0.09667823500247893,1.0,0.10758552305404065,0.7721864154685176,0.07089737233515121
SMALLTEXT_LIGHTWEIGHTCORESET,0.14105106593951414,0.1368368864650471,0.16311353495290035,0.19881011403073873,0.11874070401586515,0.1249380267724343,0.14823996033713435,0.11874070401586515,0.09667823500247893,0.09072880515617253,0.10932077342588002,0.2821021318790283,0.28284581060981656,0.14328210213187903,0.16311353495290035,0.15815567674764502,0.1412989588497769,0.12667327714427368,0.17873078829945463,0.22954883490332176,0.1420426375805652,0.21343579573624194,0.15294992563212692,0.17203767972235995,0.24144769459593457,0.14105106593951414,0.11254338125929599,0.11502231036192365,0.124194348041646,0.11551809618244918,0.139067922657412,0.2595438770451165,0.17302925136341102,0.10758552305404065,1.0,0.1036192364898364,0.19881011403073873
SMALLTEXT_PREDICTIONENTROPY,0.07560733763014378,0.11006445215666832,0.06246901338621715,0.06965790778383739,0.2404561229548835,0.19410014873574616,0.07635101636093208,0.06866633614278632,0.23996033713435796,0.1931085770946951,0.1737729300941993,0.11849281110560238,0.12518591968269707,0.13510163609320774,0.06246901338621715,0.10758552305404065,0.07560733763014378,0.15790778383738224,0.12047595438770452,0.10386712940009915,0.10436291522062469,0.10461080813088745,0.0991571641051066,0.09221616261774913,0.10609816559246406,0.09494298463063956,0.19038175508180466,0.14080317302925136,0.11527020327218641,0.7253346554288548,0.08106098165592464,0.11353495290034706,0.0969261279127417,0.7721864154685176,0.1036192364898364,1.0,0.06965790778383739
SMALLTEXT_RANDOM,0.10832920178482895,0.0917203767972236,0.13782845810609817,1.0,0.08626673277144274,0.09295984134853744,0.11006445215666832,0.08601883986117997,0.07015369360436291,0.06544372830937036,0.07759048091224591,0.23202776400594943,0.23971244422409518,0.10436291522062469,0.13782845810609817,0.12741695587506197,0.10857709469509172,0.10188398611799702,0.15071888943976203,0.20475954387704512,0.11204759543877045,0.18542389687654934,0.10932077342588002,0.14179474467030243,0.19905800694100148,0.09766980664352999,0.07858205255329698,0.08006941001487357,0.08973723351512147,0.08230044620723848,0.0954387704511651,0.20525532969757065,0.12816063460585028,0.07089737233515121,0.19881011403073873,0.06965790778383739,1.0
