,ALIPY_CORESET_GREEDY,ALIPY_DENSITY_WEIGHTED,ALIPY_GRAPH_DENSITY,ALIPY_RANDOM,ALIPY_UNCERTAINTY_LC,ALIPY_UNCERTAINTY_MM,LIBACT_DWUS,LIBACT_QUIRE,LIBACT_UNCERTAINTY_ENT,LIBACT_UNCERTAINTY_LC,LIBACT_UNCERTAINTY_SM,OPTIMAL_GREEDY_10,OPTIMAL_GREEDY_20,PLAYGROUND_BANDIT,PLAYGROUND_GRAPH_DENSITY,PLAYGROUND_INFORMATIVE_DIVERSE,PLAYGROUND_KCENTER_GREEDY,PLAYGROUND_MARGIN,PLAYGROUND_MIXTURE,PLAYGROUND_UNIFORM,SKACTIVEML_COST_EMBEDDING,SKACTIVEML_DAL,SKACTIVEML_DWUS,SKACTIVEML_QBC,SKACTIVEML_QBC_VOTE_ENTROPY,SKACTIVEML_QUIRE,SKACTIVEML_US_ENTROPY,SKACTIVEML_US_LC,SKACTIVEML_US_MARGIN,SMALLTEXT_BREAKINGTIES,SMALLTEXT_CONTRASTIVEAL,SMALLTEXT_EMBEDDINGKMEANS,SMALLTEXT_GREEDYCORESET,SMALLTEXT_LEASTCONFIDENCE,SMALLTEXT_LIGHTWEIGHTCORESET,SMALLTEXT_PREDICTIONENTROPY,SMALLTEXT_RANDOM
ALIPY_CORESET_GREEDY,4034,558,422,474,367,346,273,521,271,262,269,704,693,402,422,463,4034,381,512,606,489,565,366,499,604,472,343,345,323,292,403,573,693,309,573,311,474
ALIPY_DENSITY_WEIGHTED,558,4034,443,404,487,486,438,710,407,407,423,626,620,470,443,471,558,405,457,572,520,581,541,506,574,658,421,408,423,438,485,524,624,431,558,450,404
ALIPY_GRAPH_DENSITY,422,443,4034,516,332,349,454,319,253,245,284,714,743,344,4034,366,422,309,417,650,367,581,477,507,617,389,264,266,310,304,405,589,585,307,605,301,516
ALIPY_RANDOM,474,404,516,4034,382,430,383,425,311,300,332,966,969,454,516,598,474,426,598,819,473,760,419,656,747,433,341,380,401,364,471,797,597,342,770,337,4034
ALIPY_UNCERTAINTY_LC,367,487,332,382,4034,3008,347,355,560,683,494,592,639,709,332,512,367,865,654,561,517,503,450,505,532,454,645,769,608,945,442,462,467,1434,485,1038,382
ALIPY_UNCERTAINTY_MM,346,486,349,430,3008,4034,396,353,455,497,701,625,676,783,349,506,346,1115,768,587,523,524,487,518,557,449,552,576,771,1448,425,527,476,938,520,858,430
LIBACT_DWUS,273,438,454,383,347,396,4034,411,301,291,318,578,597,373,454,349,273,328,381,532,367,470,499,481,509,381,291,315,325,319,464,601,416,287,507,286,383
LIBACT_QUIRE,521,710,319,425,355,353,411,4034,301,309,313,624,571,375,319,426,521,352,428,541,455,506,414,452,504,555,320,317,339,310,507,497,534,301,513,308,425
LIBACT_UNCERTAINTY_ENT,271,407,253,311,560,455,301,301,4034,3154,2951,484,510,401,253,471,271,346,337,395,417,411,383,390,406,374,697,525,441,728,321,368,357,842,412,1040,311
LIBACT_UNCERTAINTY_LC,262,407,245,300,683,497,291,309,3154,4034,3048,485,500,389,245,491,262,359,345,411,408,389,400,383,423,354,547,697,477,768,342,370,344,999,414,858,300
LIBACT_UNCERTAINTY_SM,269,423,284,332,494,701,318,313,2951,3048,4034,527,539,399,284,490,269,368,367,427,420,465,447,424,451,352,424,477,647,978,326,419,358,784,438,762,332
OPTIMAL_GREEDY_10,704,626,714,966,592,625,578,624,484,485,527,4034,2099,633,714,751,704,540,904,1143,612,1062,663,896,1162,612,566,581,631,571,637,1212,792,539,1127,546,966
OPTIMAL_GREEDY_20,693,620,743,969,639,676,597,571,510,500,539,2099,4034,609,743,766,693,550,880,1161,582,1109,680,915,1120,589,590,596,632,551,686,1289,846,542,1120,557,969
PLAYGROUND_BANDIT,402,470,344,454,709,783,373,375,401,389,399,633,609,4034,344,1360,402,2515,1475,638,900,554,440,565,588,573,465,489,487,674,451,514,468,603,586,588,454
PLAYGROUND_GRAPH_DENSITY,422,443,4034,516,332,349,454,319,253,245,284,714,743,344,4034,366,422,309,417,650,367,581,477,507,617,389,264,266,310,304,405,589,585,307,605,301,516
PLAYGROUND_INFORMATIVE_DIVERSE,463,471,366,598,512,506,349,426,471,491,490,751,766,1360,366,4034,463,1325,1299,631,706,642,497,575,707,506,455,489,479,481,481,654,497,487,621,470,598
PLAYGROUND_KCENTER_GREEDY,4034,558,422,474,367,346,273,521,271,262,269,704,693,402,422,463,4034,381,512,606,489,565,366,499,604,472,343,345,323,292,403,573,693,309,573,311,474
PLAYGROUND_MARGIN,381,405,309,426,865,1115,328,352,346,359,368,540,550,2515,309,1325,381,4034,1870,567,871,514,394,480,527,507,434,443,465,1015,423,476,437,795,504,740,426
PLAYGROUND_MIXTURE,512,457,417,598,654,768,381,428,337,345,367,904,880,1475,417,1299,512,1870,4034,851,696,701,455,597,743,497,451,469,496,684,457,720,525,579,744,540,598
PLAYGROUND_UNIFORM,606,572,650,819,561,587,532,541,395,411,427,1143,1161,638,650,631,606,567,851,4034,586,859,513,798,961,565,465,492,494,477,628,926,678,461,890,448,819
SKACTIVEML_COST_EMBEDDING,489,520,367,473,517,523,367,455,417,408,420,612,582,900,367,706,489,871,696,586,4034,576,444,527,549,688,479,478,492,473,442,555,525,482,548,483,473
SKACTIVEML_DAL,565,581,581,760,503,524,470,506,411,389,465,1062,1109,554,581,642,565,514,701,859,576,4034,590,704,861,551,528,541,562,461,627,852,688,453,862,450,760
SKACTIVEML_DWUS,366,541,477,419,450,487,499,414,383,400,447,663,680,440,477,497,366,394,455,513,444,590,4034,527,550,434,397,412,437,399,433,542,493,364,549,354,419
SKACTIVEML_QBC,499,506,507,656,505,518,481,452,390,383,424,896,915,565,507,575,499,480,597,798,527,704,527,4034,835,507,462,468,519,429,566,762,600,395,680,409,656
SKACTIVEML_QBC_VOTE_ENTROPY,604,574,617,747,532,557,509,504,406,423,451,1162,1120,588,617,707,604,527,743,961,549,861,550,835,4034,509,482,503,533,468,610,920,671,443,910,433,747
SKACTIVEML_QUIRE,472,658,389,433,454,449,381,555,374,354,352,612,589,573,389,506,472,507,497,565,688,551,434,507,509,4034,437,426,426,407,480,500,567,408,519,428,433
SKACTIVEML_US_ENTROPY,343,421,264,341,645,552,291,320,697,547,424,566,590,465,264,455,343,434,451,465,479,528,397,462,482,437,4034,3173,2993,488,410,406,427,584,468,786,341
SKACTIVEML_US_LC,345,408,266,380,769,576,315,317,525,697,477,581,596,489,266,489,345,443,469,492,478,541,412,468,503,426,3173,4034,3052,522,410,428,417,732,470,588,380
SKACTIVEML_US_MARGIN,323,423,310,401,608,771,325,339,441,477,647,631,632,487,310,479,323,465,496,494,492,562,437,519,533,426,2993,3052,4034,696,407,493,426,526,493,501,401
SMALLTEXT_BREAKINGTIES,292,438,304,364,945,1448,319,310,728,768,978,571,551,674,304,481,292,1015,684,477,473,461,399,429,468,407,488,522,696,4034,368,464,395,3023,474,2933,364
SMALLTEXT_CONTRASTIVEAL,403,485,405,471,442,425,464,507,321,342,326,637,686,451,405,481,403,423,457,628,442,627,433,566,610,480,410,410,407,368,4034,540,586,393,578,381,471
SMALLTEXT_EMBEDDINGKMEANS,573,524,589,797,462,527,601,497,368,370,419,1212,1289,514,589,654,573,476,720,926,555,852,542,762,920,500,406,428,493,464,540,4034,661,418,941,419,797
SMALLTEXT_GREEDYCORESET,693,624,585,597,467,476,416,534,357,344,358,792,846,468,585,497,693,437,525,678,525,688,493,600,671,567,427,417,426,395,586,661,4034,410,656,429,597
SMALLTEXT_LEASTCONFIDENCE,309,431,307,342,1434,938,287,301,842,999,784,539,542,603,307,487,309,795,579,461,482,453,364,395,443,408,584,732,526,3023,393,418,410,4034,447,3114,342
SMALLTEXT_LIGHTWEIGHTCORESET,573,558,605,770,485,520,507,513,412,414,438,1127,1120,586,605,621,573,504,744,890,548,862,549,680,910,519,468,470,493,474,578,941,656,447,4034,443,770
SMALLTEXT_PREDICTIONENTROPY,311,450,301,337,1038,858,286,308,1040,858,762,546,557,588,301,470,311,740,540,448,483,450,354,409,433,428,786,588,501,2933,381,419,429,3114,443,4034,337
SMALLTEXT_RANDOM,474,404,516,4034,382,430,383,425,311,300,332,966,969,454,516,598,474,426,598,819,473,760,419,656,747,433,341,380,401,364,471,797,597,342,770,337,4034
