,ALIPY_CORESET_GREEDY,ALIPY_DENSITY_WEIGHTED,ALIPY_GRAPH_DENSITY,ALIPY_RANDOM,ALIPY_UNCERTAINTY_LC,ALIPY_UNCERTAINTY_MM,LIBACT_DWUS,LIBACT_QUIRE,LIBACT_UNCERTAINTY_ENT,LIBACT_UNCERTAINTY_LC,LIBACT_UNCERTAINTY_SM,OPTIMAL_GREEDY_10,OPTIMAL_GREEDY_20,PLAYGROUND_BANDIT,PLAYGROUND_GRAPH_DENSITY,PLAYGROUND_INFORMATIVE_DIVERSE,PLAYGROUND_KCENTER_GREEDY,PLAYGROUND_MARGIN,PLAYGROUND_MIXTURE,PLAYGROUND_UNIFORM,SKACTIVEML_COST_EMBEDDING,SKACTIVEML_DAL,SKACTIVEML_DWUS,SKACTIVEML_QBC,SKACTIVEML_QBC_VOTE_ENTROPY,SKACTIVEML_QUIRE,SKACTIVEML_US_ENTROPY,SKACTIVEML_US_LC,SKACTIVEML_US_MARGIN,SMALLTEXT_BREAKINGTIES,SMALLTEXT_CONTRASTIVEAL,SMALLTEXT_EMBEDDINGKMEANS,SMALLTEXT_GREEDYCORESET,SMALLTEXT_LEASTCONFIDENCE,SMALLTEXT_LIGHTWEIGHTCORESET,SMALLTEXT_PREDICTIONENTROPY,SMALLTEXT_RANDOM
ALIPY_CORESET_GREEDY,4034,441,228,409,175,172,510,520,177,157,164,563,583,373,228,529,4034,301,421,550,426,572,436,500,543,462,155,148,148,126,441,618,627,142,563,138,409
ALIPY_DENSITY_WEIGHTED,441,4034,375,380,335,309,775,795,240,263,242,657,661,520,375,581,441,402,432,681,629,671,698,691,696,706,271,265,247,230,667,712,726,245,675,277,380
ALIPY_GRAPH_DENSITY,228,375,4034,188,176,179,426,455,156,159,169,385,384,253,4034,298,228,151,210,371,357,367,452,407,378,391,168,134,149,114,404,424,414,128,387,145,188
ALIPY_RANDOM,409,380,188,4034,177,188,552,455,146,142,133,657,655,441,188,509,409,327,511,651,394,574,478,549,583,418,153,151,165,130,466,666,540,119,600,131,4034
ALIPY_UNCERTAINTY_LC,175,335,176,177,4034,2873,272,278,240,267,215,248,274,297,176,240,175,466,289,283,317,263,311,325,264,350,242,298,243,416,298,271,268,824,273,434,177
ALIPY_UNCERTAINTY_MM,172,309,179,188,2873,4034,274,269,220,227,272,273,291,310,179,260,172,659,340,293,322,279,311,313,296,312,233,228,279,792,297,277,270,412,282,393,188
LIBACT_DWUS,510,775,426,552,272,274,4034,1145,266,216,277,971,999,667,426,776,510,439,601,956,728,944,1006,986,961,763,244,261,243,216,978,1100,966,202,1006,236,552
LIBACT_QUIRE,520,795,455,455,278,269,1145,4034,275,266,280,948,979,666,455,826,520,442,584,955,675,958,942,947,966,824,285,278,272,218,1028,1182,1053,216,953,267,455
LIBACT_UNCERTAINTY_ENT,177,240,156,146,240,220,266,275,4034,2921,2878,241,256,216,156,227,177,189,185,280,227,263,277,230,251,245,288,241,239,210,273,239,240,231,259,300,146
LIBACT_UNCERTAINTY_LC,157,263,159,142,267,227,216,266,2921,4034,2895,238,233,217,159,207,157,202,176,211,218,241,244,261,226,251,275,278,260,225,231,210,226,275,234,303,142
LIBACT_UNCERTAINTY_SM,164,242,169,133,215,272,277,280,2878,2895,4034,244,260,236,169,226,164,223,183,243,235,228,253,268,236,242,213,256,277,259,254,245,242,219,257,257,133
OPTIMAL_GREEDY_10,563,657,385,657,248,273,971,948,241,238,244,4034,1145,650,385,833,563,419,714,1095,623,991,804,928,1066,692,237,234,244,196,822,1194,912,190,1021,213,657
OPTIMAL_GREEDY_20,583,661,384,655,274,291,999,979,256,233,260,1145,4034,658,384,784,583,424,697,1049,640,1043,823,925,1122,720,243,223,247,178,819,1167,931,187,1003,221,655
PLAYGROUND_BANDIT,373,520,253,441,297,310,667,666,216,217,236,650,658,4034,253,1298,373,1242,1210,707,535,658,552,671,673,545,201,199,220,213,608,719,663,211,644,208,441
PLAYGROUND_GRAPH_DENSITY,228,375,4034,188,176,179,426,455,156,159,169,385,384,253,4034,298,228,151,210,371,357,367,452,407,378,391,168,134,149,114,404,424,414,128,387,145,188
PLAYGROUND_INFORMATIVE_DIVERSE,529,581,298,509,240,260,776,826,227,207,226,833,784,1298,298,4034,529,1075,1233,820,587,789,619,779,783,595,203,187,234,203,642,974,754,187,768,213,509
PLAYGROUND_KCENTER_GREEDY,4034,441,228,409,175,172,510,520,177,157,164,563,583,373,228,529,4034,301,421,550,426,572,436,500,543,462,155,148,148,126,441,618,627,142,563,138,409
PLAYGROUND_MARGIN,301,402,151,327,466,659,439,442,189,202,223,419,424,1242,151,1075,301,4034,1740,417,383,431,408,440,423,429,189,192,190,592,424,449,419,391,419,376,327
PLAYGROUND_MIXTURE,421,432,210,511,289,340,601,584,185,176,183,714,697,1210,210,1233,421,1740,4034,671,482,642,564,633,689,513,167,165,191,298,514,752,599,228,655,236,511
PLAYGROUND_UNIFORM,550,681,371,651,283,293,956,955,280,211,243,1095,1049,707,371,820,550,417,671,4034,644,1043,846,927,1044,705,207,210,235,204,854,1232,972,181,990,210,651
SKACTIVEML_COST_EMBEDDING,426,629,357,394,317,322,728,675,227,218,235,623,640,535,357,587,426,383,482,644,4034,712,677,675,685,658,245,233,221,206,646,703,681,231,680,240,394
SKACTIVEML_DAL,572,671,367,574,263,279,944,958,263,241,228,991,1043,658,367,789,572,431,642,1043,712,4034,866,917,1068,700,237,223,239,212,891,1184,932,191,976,238,574
SKACTIVEML_DWUS,436,698,452,478,311,311,1006,942,277,244,253,804,823,552,452,619,436,408,564,846,677,866,4034,871,807,682,266,251,253,221,779,942,889,218,868,258,478
SKACTIVEML_QBC,500,691,407,549,325,313,986,947,230,261,268,928,925,671,407,779,500,440,633,927,675,917,871,4034,969,707,219,243,256,192,845,1026,881,191,935,234,549
SKACTIVEML_QBC_VOTE_ENTROPY,543,696,378,583,264,296,961,966,251,226,236,1066,1122,673,378,783,543,423,689,1044,685,1068,807,969,4034,709,245,218,232,193,852,1133,944,192,953,218,583
SKACTIVEML_QUIRE,462,706,391,418,350,312,763,824,245,251,242,692,720,545,391,595,462,429,513,705,658,700,682,707,709,4034,278,267,266,226,713,769,734,253,748,275,418
SKACTIVEML_US_ENTROPY,155,271,168,153,242,233,244,285,288,275,213,237,243,201,168,203,155,189,167,207,245,237,266,219,245,278,4034,2945,2884,201,274,231,225,244,250,313,153
SKACTIVEML_US_LC,148,265,134,151,298,228,261,278,241,278,256,234,223,199,134,187,148,192,165,210,233,223,251,243,218,267,2945,4034,2922,214,273,223,237,243,262,256,151
SKACTIVEML_US_MARGIN,148,247,149,165,243,279,243,272,239,260,277,244,247,220,149,234,148,190,191,235,221,239,253,256,232,266,2884,2922,4034,246,248,249,245,213,245,227,165
SMALLTEXT_BREAKINGTIES,126,230,114,130,416,792,216,218,210,225,259,196,178,213,114,203,126,592,298,204,206,212,221,192,193,226,201,214,246,4034,201,205,216,2867,199,2844,130
SMALLTEXT_CONTRASTIVEAL,441,667,404,466,298,297,978,1028,273,231,254,822,819,608,404,642,441,424,514,854,646,891,779,845,852,713,274,273,248,201,4034,933,862,207,818,241,466
SMALLTEXT_EMBEDDINGKMEANS,618,712,424,666,271,277,1100,1182,239,210,245,1194,1167,719,424,974,618,449,752,1232,703,1184,942,1026,1133,769,231,223,249,205,933,4034,1129,208,1126,214,666
SMALLTEXT_GREEDYCORESET,627,726,414,540,268,270,966,1053,240,226,242,912,931,663,414,754,627,419,599,972,681,932,889,881,944,734,225,237,245,216,862,1129,4034,199,934,229,540
SMALLTEXT_LEASTCONFIDENCE,142,245,128,119,824,412,202,216,231,275,219,190,187,211,128,187,142,391,228,181,231,191,218,191,192,253,244,243,213,2867,207,208,199,4034,196,2889,119
SMALLTEXT_LIGHTWEIGHTCORESET,563,675,387,600,273,282,1006,953,259,234,257,1021,1003,644,387,768,563,419,655,990,680,976,868,935,953,748,250,262,245,199,818,1126,934,196,4034,211,600
SMALLTEXT_PREDICTIONENTROPY,138,277,145,131,434,393,236,267,300,303,257,213,221,208,145,213,138,376,236,210,240,238,258,234,218,275,313,256,227,2844,241,214,229,2889,211,4034,131
SMALLTEXT_RANDOM,409,380,188,4034,177,188,552,455,146,142,133,657,655,441,188,509,409,327,511,651,394,574,478,549,583,418,153,151,165,130,466,666,540,119,600,131,4034
