,ALIPY_CORESET_GREEDY,ALIPY_DENSITY_WEIGHTED,ALIPY_GRAPH_DENSITY,ALIPY_RANDOM,ALIPY_UNCERTAINTY_LC,ALIPY_UNCERTAINTY_MM,LIBACT_DWUS,LIBACT_QUIRE,LIBACT_UNCERTAINTY_ENT,LIBACT_UNCERTAINTY_LC,LIBACT_UNCERTAINTY_SM,OPTIMAL_GREEDY_10,OPTIMAL_GREEDY_20,PLAYGROUND_BANDIT,PLAYGROUND_GRAPH_DENSITY,PLAYGROUND_INFORMATIVE_DIVERSE,PLAYGROUND_KCENTER_GREEDY,PLAYGROUND_MARGIN,PLAYGROUND_MIXTURE,PLAYGROUND_UNIFORM,SKACTIVEML_COST_EMBEDDING,SKACTIVEML_DAL,SKACTIVEML_DWUS,SKACTIVEML_QBC,SKACTIVEML_QBC_VOTE_ENTROPY,SKACTIVEML_QUIRE,SKACTIVEML_US_ENTROPY,SKACTIVEML_US_LC,SKACTIVEML_US_MARGIN,SMALLTEXT_BREAKINGTIES,SMALLTEXT_CONTRASTIVEAL,SMALLTEXT_EMBEDDINGKMEANS,SMALLTEXT_GREEDYCORESET,SMALLTEXT_LEASTCONFIDENCE,SMALLTEXT_LIGHTWEIGHTCORESET,SMALLTEXT_PREDICTIONENTROPY,SMALLTEXT_RANDOM
ALIPY_CORESET_GREEDY,1.0,0.13634110064452157,0.15939514129895885,0.1487357461576599,0.11229548834903322,0.12196331184928111,0.05230540406544373,0.09940505701536936,0.0872583044124938,0.0999008428358949,0.10733763014377788,0.21566683192860683,0.21393158155676748,0.15195835399107585,0.15518096182449181,0.1457610312345067,0.6690629647992068,0.12369856222112048,0.1626177491323748,0.17327714427367377,0.15294992563212692,0.17253346554288548,0.09965294992563213,0.07635101636093208,0.16212196331184928,0.12196331184928111,0.1036192364898364,0.11279127416955875,0.10758552305404065,0.11006445215666832,0.08453148239960337,0.10560237977193852,0.2072384729796728,0.10436291522062469,0.14700049578582053,0.10064452156668319,0.15443728309370353
ALIPY_DENSITY_WEIGHTED,0.13634110064452157,1.0,0.09419930589985126,0.11527020327218641,0.1517104610808131,0.15617253346554288,0.0495785820525533,0.09519087754090233,0.14402578086266732,0.1383242439266237,0.14080317302925136,0.1368368864650471,0.13782845810609817,0.15146256817055032,0.08998512642538424,0.15146256817055032,0.13733267228557264,0.14675260287555775,0.14600892414476946,0.12444224095190877,0.1700545364402578,0.11998016856717898,0.11378284581060982,0.07015369360436291,0.11774913237481408,0.14229053049082796,0.15270203272186417,0.1494794248884482,0.1487357461576599,0.14452156668319285,0.06321269211700545,0.08403569657907783,0.13063956370847793,0.14848785324739713,0.12816063460585028,0.14972731779871096,0.11179970252850768
ALIPY_GRAPH_DENSITY,0.15939514129895885,0.09419930589985126,1.0,0.17302925136341102,0.0880019831432821,0.10312345066931086,0.06445215666831929,0.05304908279623203,0.08006941001487357,0.08180466038671294,0.09196826970748637,0.16063460585027267,0.15666831928606842,0.12989588497768964,0.7017848289538919,0.11973227565691621,0.15195835399107585,0.11130391670798215,0.1427863163113535,0.1945959345562717,0.12617749132374814,0.17030242935052056,0.11006445215666832,0.09271194843827467,0.1945959345562717,0.0917203767972236,0.08378780366881507,0.08403569657907783,0.0909766980664353,0.09295984134853744,0.061973227565691624,0.11898859692612791,0.15468517600396628,0.0842835894893406,0.1707982151710461,0.0835399107585523,0.17278135845314824
ALIPY_RANDOM,0.1487357461576599,0.11527020327218641,0.17302925136341102,1.0,0.11105602379771938,0.12295488349033218,0.07188894397620228,0.09519087754090233,0.09742191373326722,0.10064452156668319,0.10213187902825979,0.20971740208230044,0.20277640059494298,0.15195835399107585,0.1745166088249876,0.15344571145265246,0.15666831928606842,0.12692117005453643,0.1576598909271195,0.2550818046603867,0.15642042637580567,0.21120475954387705,0.11130391670798215,0.12097174020823004,0.2672285572632623,0.11626177491323748,0.10609816559246406,0.10956866633614279,0.11254338125929599,0.11204759543877045,0.07734258800198314,0.16931085770946952,0.17947446703024295,0.10461080813088745,0.2498760535448686,0.1028755577590481,0.67203767972236
ALIPY_UNCERTAINTY_LC,0.11229548834903322,0.1517104610808131,0.0880019831432821,0.11105602379771938,1.0,0.5847793753098661,0.036440257808626676,0.05057015369360436,0.22905304908279622,0.27169062964799207,0.2337630143777888,0.18170550322260784,0.18616757560733763,0.24814080317302925,0.0946950917203768,0.2307882994546356,0.11204759543877045,0.26450173525037185,0.24863658899355479,0.13138324243926625,0.20401586514625683,0.11650966782350025,0.0991571641051066,0.06717897868120971,0.11973227565691621,0.10857709469509172,0.2555775904809122,0.2890431333663857,0.2424392662369856,0.28656420426375806,0.06023797719385226,0.07535944471988101,0.10808130887456618,0.35994050570153696,0.11849281110560238,0.3083787803668815,0.11874070401586515
ALIPY_UNCERTAINTY_MM,0.12196331184928111,0.15617253346554288,0.10312345066931086,0.12295488349033218,0.5847793753098661,1.0,0.0428854734754586,0.05404065443728309,0.20599900842835894,0.2352503718393654,0.2741695587506197,0.20525532969757065,0.20699058006941,0.25384234010907286,0.10535448686167576,0.24665344571145265,0.11774913237481408,0.2997025285076847,0.26896380763510164,0.13485374318294496,0.20475954387704512,0.12270699058006941,0.10064452156668319,0.06841844323252355,0.12667327714427368,0.11080813088745661,0.2248388696083292,0.24863658899355479,0.27640059494298463,0.36142786316311354,0.06296479920674268,0.07213683688646505,0.10634605850272683,0.2848289538919187,0.12072384729796728,0.27119484382746656,0.12816063460585028
LIBACT_DWUS,0.05230540406544373,0.0495785820525533,0.06445215666831929,0.07188894397620228,0.036440257808626676,0.0428854734754586,1.0,0.06916212196331185,0.03668815071888944,0.034209221616261776,0.04238968765493307,0.04610808130887457,0.04709965294992563,0.0428854734754586,0.06246901338621715,0.045364402578086264,0.05230540406544373,0.0480912245909767,0.04462072384729797,0.07535944471988101,0.053544868616757564,0.06717897868120971,0.06841844323252355,0.07858205255329698,0.08676251859196826,0.05007436787307883,0.03445711452652454,0.03445711452652454,0.0458601883986118,0.0384234010907288,0.08601883986117997,0.10114030738720872,0.04015865146256817,0.02825979176995538,0.07585523054040655,0.03891918691125434,0.06841844323252355
LIBACT_QUIRE,0.09940505701536936,0.09519087754090233,0.05304908279623203,0.09519087754090233,0.05057015369360436,0.05404065443728309,0.06916212196331185,1.0,0.0428854734754586,0.0428854734754586,0.04685176003966286,0.07486365889935548,0.07238472979672782,0.06445215666831929,0.05528011898859692,0.05775904809122459,0.0909766980664353,0.059742191373326724,0.06841844323252355,0.11130391670798215,0.06916212196331185,0.10014873574615767,0.06271690629647993,0.10064452156668319,0.10808130887456618,0.11378284581060982,0.05081804660386713,0.05007436787307883,0.04313336638572137,0.045364402578086264,0.0961824491819534,0.08180466038671294,0.10237977193852256,0.045364402578086264,0.10783341596430342,0.04933068914229053,0.09940505701536936
LIBACT_UNCERTAINTY_ENT,0.0872583044124938,0.14402578086266732,0.08006941001487357,0.09742191373326722,0.22905304908279622,0.20599900842835894,0.03668815071888944,0.0428854734754586,1.0,0.6006445215666832,0.5597421913733267,0.14972731779871096,0.16088249876053545,0.1826970748636589,0.0805651958353991,0.20996529499256322,0.09196826970748637,0.19558750619732276,0.1812097174020823,0.12617749132374814,0.17055032226078334,0.10932077342588002,0.0984134853743183,0.05651958353991076,0.10708973723351513,0.10039662865642042,0.24194348041646008,0.22062469013386218,0.1908775409023302,0.2617749132374814,0.059494298463063956,0.06643529995042141,0.0984134853743183,0.2974714923153198,0.10981655924640556,0.3135845314823996,0.09568666336142786
LIBACT_UNCERTAINTY_LC,0.0999008428358949,0.1383242439266237,0.08180466038671294,0.10064452156668319,0.27169062964799207,0.2352503718393654,0.034209221616261776,0.0428854734754586,0.6006445215666832,1.0,0.594447198810114,0.1650966782350025,0.1760039662865642,0.20798215171046108,0.08230044620723848,0.23599405057015369,0.10337134357957363,0.21120475954387705,0.20649479424888448,0.10808130887456618,0.17848289538919188,0.10733763014377788,0.09196826970748637,0.057263262270699056,0.10733763014377788,0.09791769955379276,0.2330193356470005,0.26227069905800693,0.21789786812097173,0.2878036688150719,0.05280118988596926,0.06668319286068418,0.10114030738720872,0.3254833911750124,0.11303916707982152,0.30193356470004956,0.10461080813088745
LIBACT_UNCERTAINTY_SM,0.10733763014377788,0.14080317302925136,0.09196826970748637,0.10213187902825979,0.2337630143777888,0.2741695587506197,0.04238968765493307,0.04685176003966286,0.5597421913733267,0.594447198810114,1.0,0.17848289538919188,0.18294496777392166,0.2129400099157164,0.09122459097669806,0.23574615765989093,0.10708973723351513,0.22459097669806644,0.22235994050570154,0.12469013386217154,0.18517600396628656,0.11774913237481408,0.09643034209221617,0.07064947942488845,0.11452652454139811,0.0999008428358949,0.2020327218641547,0.2248388696083292,0.25359444719881014,0.33192860684184433,0.052553296975706494,0.06990580069410014,0.10014873574615767,0.2900347050074368,0.1065939514129896,0.273921665840357,0.10461080813088745
OPTIMAL_GREEDY_10,0.21566683192860683,0.1368368864650471,0.16063460585027267,0.20971740208230044,0.18170550322260784,0.20525532969757065,0.04610808130887457,0.07486365889935548,0.14972731779871096,0.1650966782350025,0.17848289538919188,1.0,0.577590480912246,0.27193852255825485,0.1737729300941993,0.2825979176995538,0.2196331184928111,0.2478929102627665,0.3254833911750124,0.22657411998016858,0.22136836886465047,0.214427367377293,0.09395141298958849,0.11750123946455131,0.2330193356470005,0.15319781854238967,0.18393653941497273,0.19781854238968766,0.20599900842835894,0.20376797223599405,0.06941001487357462,0.14898363906792267,0.15716410510659395,0.18839861179970252,0.22359940505701537,0.16980664352999505,0.2092216162617749
OPTIMAL_GREEDY_20,0.21393158155676748,0.13782845810609817,0.15666831928606842,0.20277640059494298,0.18616757560733763,0.20699058006941,0.04709965294992563,0.07238472979672782,0.16088249876053545,0.1760039662865642,0.18294496777392166,0.577590480912246,1.0,0.2734258800198314,0.16732771442736738,0.28805156172533464,0.21095686663361427,0.2518591968269707,0.3232523549826475,0.2240951908775409,0.20748636588993555,0.20674268715914726,0.08477937530986614,0.11601388200297472,0.23103619236489836,0.1588993554784333,0.17848289538919188,0.19484382746653445,0.21021318790282598,0.1998016856717898,0.07486365889935548,0.14253842340109074,0.1536936043629152,0.19038175508180466,0.21467526028755576,0.17426871591472484,0.2114526524541398
PLAYGROUND_BANDIT,0.15195835399107585,0.15146256817055032,0.12989588497768964,0.15195835399107585,0.24814080317302925,0.25384234010907286,0.0428854734754586,0.06445215666831929,0.1826970748636589,0.20798215171046108,0.2129400099157164,0.27193852255825485,0.2734258800198314,1.0,0.12890431333663857,0.4328210213187903,0.15716410510659395,0.5347050074367873,0.47620228061477443,0.17302925136341102,0.30193356470004956,0.15989092711948438,0.09940505701536936,0.08973723351512147,0.17476450173525038,0.16236985622211206,0.2094695091720377,0.221864154685176,0.2307882994546356,0.24095190877540903,0.06147744174516609,0.08750619732275657,0.12345066931085771,0.2263262270699058,0.14749628160634606,0.21343579573624194,0.15294992563212692
PLAYGROUND_GRAPH_DENSITY,0.15518096182449181,0.08998512642538424,0.7017848289538919,0.1745166088249876,0.0946950917203768,0.10535448686167576,0.06246901338621715,0.05528011898859692,0.0805651958353991,0.08230044620723848,0.09122459097669806,0.1737729300941993,0.16732771442736738,0.12890431333663857,1.0,0.1294000991571641,0.15642042637580567,0.11551809618244918,0.1375805651958354,0.19881011403073873,0.1346058502726822,0.17055032226078334,0.11328705999008429,0.09271194843827467,0.1945959345562717,0.08701041150223103,0.08403569657907783,0.08601883986117997,0.09568666336142786,0.0991571641051066,0.06569162121963312,0.11898859692612791,0.16236985622211206,0.0917203767972236,0.17352503718393653,0.08998512642538424,0.17997025285076848
PLAYGROUND_INFORMATIVE_DIVERSE,0.1457610312345067,0.15146256817055032,0.11973227565691621,0.15344571145265246,0.2307882994546356,0.24665344571145265,0.045364402578086264,0.05775904809122459,0.20996529499256322,0.23599405057015369,0.23574615765989093,0.2825979176995538,0.28805156172533464,0.4328210213187903,0.1294000991571641,1.0,0.15245413981160139,0.4452156668319286,0.4325731284085275,0.17402082300446206,0.2811105602379772,0.15964303420922163,0.09593455627169063,0.09717402082300446,0.17947446703024295,0.15220624690133863,0.21269211700545365,0.23277144273673772,0.24516608824987604,0.2300446207238473,0.06445215666831929,0.10188398611799702,0.12295488349033218,0.22657411998016858,0.16311353495290035,0.22062469013386218,0.15592464055528013
PLAYGROUND_KCENTER_GREEDY,0.6690629647992068,0.13733267228557264,0.15195835399107585,0.15666831928606842,0.11204759543877045,0.11774913237481408,0.05230540406544373,0.0909766980664353,0.09196826970748637,0.10337134357957363,0.10708973723351513,0.2196331184928111,0.21095686663361427,0.15716410510659395,0.15642042637580567,0.15245413981160139,1.0,0.1264253842340109,0.1663361427863163,0.17575607337630145,0.15245413981160139,0.16187407040158652,0.10386712940009915,0.08378780366881507,0.15939514129895885,0.12766484878532475,0.1065939514129896,0.10981655924640556,0.10956866633614279,0.11155180961824492,0.08106098165592464,0.1065939514129896,0.2094695091720377,0.10857709469509172,0.14526524541398117,0.10684184432325236,0.14303420922161625
PLAYGROUND_MARGIN,0.12369856222112048,0.14675260287555775,0.11130391670798215,0.12692117005453643,0.26450173525037185,0.2997025285076847,0.0480912245909767,0.059742191373326724,0.19558750619732276,0.21120475954387705,0.22459097669806644,0.2478929102627665,0.2518591968269707,0.5347050074367873,0.11551809618244918,0.4452156668319286,0.1264253842340109,1.0,0.5247892910262767,0.15096678235002478,0.2974714923153198,0.14080317302925136,0.09866137828458106,0.08899355478433317,0.1502231036192365,0.16187407040158652,0.214427367377293,0.2322756569162122,0.2352503718393654,0.2863163113534953,0.059742191373326724,0.07982151710461081,0.10262766484878533,0.2545860188398612,0.1405552801189886,0.2506197322756569,0.13287059990084282
PLAYGROUND_MIXTURE,0.1626177491323748,0.14600892414476946,0.1427863163113535,0.1576598909271195,0.24863658899355479,0.26896380763510164,0.04462072384729797,0.06841844323252355,0.1812097174020823,0.20649479424888448,0.22235994050570154,0.3254833911750124,0.3232523549826475,0.47620228061477443,0.1375805651958354,0.4325731284085275,0.1663361427863163,0.5247892910262767,1.0,0.20079325731284084,0.2630143777887952,0.1737729300941993,0.09122459097669806,0.0909766980664353,0.19335647000495787,0.15666831928606842,0.21393158155676748,0.2226078334159643,0.2315319781854239,0.26425384234010907,0.06346058502726822,0.11056023797719385,0.12047595438770452,0.2387208725830441,0.17550818046603867,0.22285572632622708,0.16782350024789291
PLAYGROUND_UNIFORM,0.17327714427367377,0.12444224095190877,0.1945959345562717,0.2550818046603867,0.13138324243926625,0.13485374318294496,0.07535944471988101,0.11130391670798215,0.12617749132374814,0.10808130887456618,0.12469013386217154,0.22657411998016858,0.2240951908775409,0.17302925136341102,0.19881011403073873,0.17402082300446206,0.17575607337630145,0.15096678235002478,0.20079325731284084,1.0,0.1774913237481408,0.229300941993059,0.11427863163113534,0.13336638572136836,0.282350024789291,0.12989588497768964,0.11675756073376302,0.11799702528507684,0.13336638572136836,0.1301437778879524,0.09593455627169063,0.17129400099157163,0.18988596926127913,0.12146752602875557,0.2595438770451165,0.11874070401586515,0.25334655428854735
SKACTIVEML_COST_EMBEDDING,0.15294992563212692,0.1700545364402578,0.12617749132374814,0.15642042637580567,0.20401586514625683,0.20475954387704512,0.053544868616757564,0.06916212196331185,0.17055032226078334,0.17848289538919188,0.18517600396628656,0.22136836886465047,0.20748636588993555,0.30193356470004956,0.1346058502726822,0.2811105602379772,0.15245413981160139,0.2974714923153198,0.2630143777887952,0.1774913237481408,1.0,0.16360932077342588,0.11998016856717898,0.09816559246405553,0.17352503718393653,0.17426871591472484,0.1945959345562717,0.19410014873574616,0.19137332672285573,0.1901338621715419,0.07188894397620228,0.10312345066931086,0.1427863163113535,0.1901338621715419,0.1685671789786812,0.18591968269707487,0.15592464055528013
SKACTIVEML_DAL,0.17253346554288548,0.11998016856717898,0.17030242935052056,0.21120475954387705,0.11650966782350025,0.12270699058006941,0.06717897868120971,0.10014873574615767,0.10932077342588002,0.10733763014377788,0.11774913237481408,0.214427367377293,0.20674268715914726,0.15989092711948438,0.17055032226078334,0.15964303420922163,0.16187407040158652,0.14080317302925136,0.1737729300941993,0.229300941993059,0.16360932077342588,1.0,0.11155180961824492,0.10932077342588002,0.22384729796727815,0.11254338125929599,0.12369856222112048,0.11998016856717898,0.12221120475954388,0.11502231036192365,0.0946950917203768,0.14452156668319285,0.16559246405552802,0.10907288051561725,0.23054040654437283,0.11254338125929599,0.20897372335151215
SKACTIVEML_DWUS,0.09965294992563213,0.11378284581060982,0.11006445215666832,0.11130391670798215,0.0991571641051066,0.10064452156668319,0.06841844323252355,0.06271690629647993,0.0984134853743183,0.09196826970748637,0.09643034209221617,0.09395141298958849,0.08477937530986614,0.09940505701536936,0.11328705999008429,0.09593455627169063,0.10386712940009915,0.09866137828458106,0.09122459097669806,0.11427863163113534,0.11998016856717898,0.11155180961824492,1.0,0.08701041150223103,0.11229548834903322,0.08998512642538424,0.09890927119484383,0.0991571641051066,0.0954387704511651,0.09742191373326722,0.06346058502726822,0.09494298463063956,0.10188398611799702,0.09345562716906297,0.11105602379771938,0.09519087754090233,0.10708973723351513
SKACTIVEML_QBC,0.07635101636093208,0.07015369360436291,0.09271194843827467,0.12097174020823004,0.06717897868120971,0.06841844323252355,0.07858205255329698,0.10064452156668319,0.05651958353991076,0.057263262270699056,0.07064947942488845,0.11750123946455131,0.11601388200297472,0.08973723351512147,0.09271194843827467,0.09717402082300446,0.08378780366881507,0.08899355478433317,0.0909766980664353,0.13336638572136836,0.09816559246405553,0.10932077342588002,0.08701041150223103,1.0,0.1375805651958354,0.10708973723351513,0.06817055032226078,0.06916212196331185,0.07659890927119484,0.07164105106593951,0.11031234506693109,0.11155180961824492,0.0924640555280119,0.06122954883490332,0.13187902825979178,0.05899851264253842,0.13113534952900346
SKACTIVEML_QBC_VOTE_ENTROPY,0.16212196331184928,0.11774913237481408,0.1945959345562717,0.2672285572632623,0.11973227565691621,0.12667327714427368,0.08676251859196826,0.10808130887456618,0.10708973723351513,0.10733763014377788,0.11452652454139811,0.2330193356470005,0.23103619236489836,0.17476450173525038,0.1945959345562717,0.17947446703024295,0.15939514129895885,0.1502231036192365,0.19335647000495787,0.282350024789291,0.17352503718393653,0.22384729796727815,0.11229548834903322,0.1375805651958354,1.0,0.11700545364402579,0.11973227565691621,0.124194348041646,0.13187902825979178,0.11700545364402579,0.08998512642538424,0.1789786812097174,0.1983143282102132,0.11527020327218641,0.2672285572632623,0.11179970252850768,0.2721864154685176
SKACTIVEML_QUIRE,0.12196331184928111,0.14229053049082796,0.0917203767972236,0.11626177491323748,0.10857709469509172,0.11080813088745661,0.05007436787307883,0.11378284581060982,0.10039662865642042,0.09791769955379276,0.0999008428358949,0.15319781854238967,0.1588993554784333,0.16236985622211206,0.08701041150223103,0.15220624690133863,0.12766484878532475,0.16187407040158652,0.15666831928606842,0.12989588497768964,0.17426871591472484,0.11254338125929599,0.08998512642538424,0.10708973723351513,0.11700545364402579,1.0,0.10585027268220129,0.11403073872087258,0.11229548834903322,0.11279127416955875,0.10138820029747149,0.07808626673277144,0.12097174020823004,0.10436291522062469,0.12469013386217154,0.11179970252850768,0.11750123946455131
SKACTIVEML_US_ENTROPY,0.1036192364898364,0.15270203272186417,0.08378780366881507,0.10609816559246406,0.2555775904809122,0.2248388696083292,0.03445711452652454,0.05081804660386713,0.24194348041646008,0.2330193356470005,0.2020327218641547,0.18393653941497273,0.17848289538919188,0.2094695091720377,0.08403569657907783,0.21269211700545365,0.1065939514129896,0.214427367377293,0.21393158155676748,0.11675756073376302,0.1945959345562717,0.12369856222112048,0.09890927119484383,0.06817055032226078,0.11973227565691621,0.10585027268220129,1.0,0.6006445215666832,0.571145265245414,0.20674268715914726,0.06073376301437779,0.06569162121963312,0.10213187902825979,0.23648983639067922,0.11874070401586515,0.26871591472483886,0.10857709469509172
SKACTIVEML_US_LC,0.11279127416955875,0.1494794248884482,0.08403569657907783,0.10956866633614279,0.2890431333663857,0.24863658899355479,0.03445711452652454,0.05007436787307883,0.22062469013386218,0.26227069905800693,0.2248388696083292,0.19781854238968766,0.19484382746653445,0.221864154685176,0.08601883986117997,0.23277144273673772,0.10981655924640556,0.2322756569162122,0.2226078334159643,0.11799702528507684,0.19410014873574616,0.11998016856717898,0.0991571641051066,0.06916212196331185,0.124194348041646,0.11403073872087258,0.6006445215666832,1.0,0.5865146256817055,0.2374814080317303,0.05850272682201289,0.06742687159147248,0.09866137828458106,0.282350024789291,0.11824491819533961,0.244174516608825,0.11576598909271195
SKACTIVEML_US_MARGIN,0.10758552305404065,0.1487357461576599,0.0909766980664353,0.11254338125929599,0.2424392662369856,0.27640059494298463,0.0458601883986118,0.04313336638572137,0.1908775409023302,0.21789786812097173,0.25359444719881014,0.20599900842835894,0.21021318790282598,0.2307882994546356,0.09568666336142786,0.24516608824987604,0.10956866633614279,0.2352503718393654,0.2315319781854239,0.13336638572136836,0.19137332672285573,0.12221120475954388,0.0954387704511651,0.07659890927119484,0.13187902825979178,0.11229548834903322,0.571145265245414,0.5865146256817055,1.0,0.26945959345562714,0.05230540406544373,0.07312840852751612,0.10089241447694595,0.22905304908279622,0.11849281110560238,0.21715418939018344,0.12047595438770452
SMALLTEXT_BREAKINGTIES,0.11006445215666832,0.14452156668319285,0.09295984134853744,0.11204759543877045,0.28656420426375806,0.36142786316311354,0.0384234010907288,0.045364402578086264,0.2617749132374814,0.2878036688150719,0.33192860684184433,0.20376797223599405,0.1998016856717898,0.24095190877540903,0.0991571641051066,0.2300446207238473,0.11155180961824492,0.2863163113534953,0.26425384234010907,0.1301437778879524,0.1901338621715419,0.11502231036192365,0.09742191373326722,0.07164105106593951,0.11700545364402579,0.11279127416955875,0.20674268715914726,0.2374814080317303,0.26945959345562714,1.0,0.050322260783341594,0.07585523054040655,0.09742191373326722,0.5800694100148736,0.11874070401586515,0.5634605850272683,0.11923648983639068
SMALLTEXT_CONTRASTIVEAL,0.08453148239960337,0.06321269211700545,0.061973227565691624,0.07734258800198314,0.06023797719385226,0.06296479920674268,0.08601883986117997,0.0961824491819534,0.059494298463063956,0.05280118988596926,0.052553296975706494,0.06941001487357462,0.07486365889935548,0.06147744174516609,0.06569162121963312,0.06445215666831929,0.08106098165592464,0.059742191373326724,0.06346058502726822,0.09593455627169063,0.07188894397620228,0.0946950917203768,0.06346058502726822,0.11031234506693109,0.08998512642538424,0.10138820029747149,0.06073376301437779,0.05850272682201289,0.05230540406544373,0.050322260783341594,1.0,0.08329201784828955,0.10461080813088745,0.06023797719385226,0.0887456618740704,0.05577590480912246,0.08477937530986614
SMALLTEXT_EMBEDDINGKMEANS,0.10560237977193852,0.08403569657907783,0.11898859692612791,0.16931085770946952,0.07535944471988101,0.07213683688646505,0.10114030738720872,0.08180466038671294,0.06643529995042141,0.06668319286068418,0.06990580069410014,0.14898363906792267,0.14253842340109074,0.08750619732275657,0.11898859692612791,0.10188398611799702,0.1065939514129896,0.07982151710461081,0.11056023797719385,0.17129400099157163,0.10312345066931086,0.14452156668319285,0.09494298463063956,0.11155180961824492,0.1789786812097174,0.07808626673277144,0.06569162121963312,0.06742687159147248,0.07312840852751612,0.07585523054040655,0.08329201784828955,1.0,0.12295488349033218,0.06841844323252355,0.1856717897868121,0.06569162121963312,0.1663361427863163
SMALLTEXT_GREEDYCORESET,0.2072384729796728,0.13063956370847793,0.15468517600396628,0.17947446703024295,0.10808130887456618,0.10634605850272683,0.04015865146256817,0.10237977193852256,0.0984134853743183,0.10114030738720872,0.10014873574615767,0.15716410510659395,0.1536936043629152,0.12345066931085771,0.16236985622211206,0.12295488349033218,0.2094695091720377,0.10262766484878533,0.12047595438770452,0.18988596926127913,0.1427863163113535,0.16559246405552802,0.10188398611799702,0.0924640555280119,0.1983143282102132,0.12097174020823004,0.10213187902825979,0.09866137828458106,0.10089241447694595,0.09742191373326722,0.10461080813088745,0.12295488349033218,1.0,0.0961824491819534,0.19583539910758552,0.0946950917203768,0.17699553792761527
SMALLTEXT_LEASTCONFIDENCE,0.10436291522062469,0.14848785324739713,0.0842835894893406,0.10461080813088745,0.35994050570153696,0.2848289538919187,0.02825979176995538,0.045364402578086264,0.2974714923153198,0.3254833911750124,0.2900347050074368,0.18839861179970252,0.19038175508180466,0.2263262270699058,0.0917203767972236,0.22657411998016858,0.10857709469509172,0.2545860188398612,0.2387208725830441,0.12146752602875557,0.1901338621715419,0.10907288051561725,0.09345562716906297,0.06122954883490332,0.11527020327218641,0.10436291522062469,0.23648983639067922,0.282350024789291,0.22905304908279622,0.5800694100148736,0.06023797719385226,0.06841844323252355,0.0961824491819534,1.0,0.10783341596430342,0.605106593951413,0.11204759543877045
SMALLTEXT_LIGHTWEIGHTCORESET,0.14700049578582053,0.12816063460585028,0.1707982151710461,0.2498760535448686,0.11849281110560238,0.12072384729796728,0.07585523054040655,0.10783341596430342,0.10981655924640556,0.11303916707982152,0.1065939514129896,0.22359940505701537,0.21467526028755576,0.14749628160634606,0.17352503718393653,0.16311353495290035,0.14526524541398117,0.1405552801189886,0.17550818046603867,0.2595438770451165,0.1685671789786812,0.23054040654437283,0.11105602379771938,0.13187902825979178,0.2672285572632623,0.12469013386217154,0.11874070401586515,0.11824491819533961,0.11849281110560238,0.11874070401586515,0.0887456618740704,0.1856717897868121,0.19583539910758552,0.10783341596430342,1.0,0.11056023797719385,0.2506197322756569
SMALLTEXT_PREDICTIONENTROPY,0.10064452156668319,0.14972731779871096,0.0835399107585523,0.1028755577590481,0.3083787803668815,0.27119484382746656,0.03891918691125434,0.04933068914229053,0.3135845314823996,0.30193356470004956,0.273921665840357,0.16980664352999505,0.17426871591472484,0.21343579573624194,0.08998512642538424,0.22062469013386218,0.10684184432325236,0.2506197322756569,0.22285572632622708,0.11874070401586515,0.18591968269707487,0.11254338125929599,0.09519087754090233,0.05899851264253842,0.11179970252850768,0.11179970252850768,0.26871591472483886,0.244174516608825,0.21715418939018344,0.5634605850272683,0.05577590480912246,0.06569162121963312,0.0946950917203768,0.605106593951413,0.11056023797719385,1.0,0.10163609320773426
SMALLTEXT_RANDOM,0.15443728309370353,0.11179970252850768,0.17278135845314824,0.67203767972236,0.11874070401586515,0.12816063460585028,0.06841844323252355,0.09940505701536936,0.09568666336142786,0.10461080813088745,0.10461080813088745,0.2092216162617749,0.2114526524541398,0.15294992563212692,0.17997025285076848,0.15592464055528013,0.14303420922161625,0.13287059990084282,0.16782350024789291,0.25334655428854735,0.15592464055528013,0.20897372335151215,0.10708973723351513,0.13113534952900346,0.2721864154685176,0.11750123946455131,0.10857709469509172,0.11576598909271195,0.12047595438770452,0.11923648983639068,0.08477937530986614,0.1663361427863163,0.17699553792761527,0.11204759543877045,0.2506197322756569,0.10163609320773426,1.0
