,ALIPY_CORESET_GREEDY,ALIPY_DENSITY_WEIGHTED,ALIPY_GRAPH_DENSITY,ALIPY_RANDOM,ALIPY_UNCERTAINTY_LC,ALIPY_UNCERTAINTY_MM,LIBACT_DWUS,LIBACT_QUIRE,LIBACT_UNCERTAINTY_ENT,LIBACT_UNCERTAINTY_LC,LIBACT_UNCERTAINTY_SM,OPTIMAL_GREEDY_10,OPTIMAL_GREEDY_20,PLAYGROUND_BANDIT,PLAYGROUND_GRAPH_DENSITY,PLAYGROUND_INFORMATIVE_DIVERSE,PLAYGROUND_KCENTER_GREEDY,PLAYGROUND_MARGIN,PLAYGROUND_MIXTURE,PLAYGROUND_UNIFORM,SKACTIVEML_COST_EMBEDDING,SKACTIVEML_DAL,SKACTIVEML_DWUS,SKACTIVEML_QBC,SKACTIVEML_QBC_VOTE_ENTROPY,SKACTIVEML_QUIRE,SKACTIVEML_US_ENTROPY,SKACTIVEML_US_LC,SKACTIVEML_US_MARGIN,SMALLTEXT_BREAKINGTIES,SMALLTEXT_CONTRASTIVEAL,SMALLTEXT_EMBEDDINGKMEANS,SMALLTEXT_GREEDYCORESET,SMALLTEXT_LEASTCONFIDENCE,SMALLTEXT_LIGHTWEIGHTCORESET,SMALLTEXT_PREDICTIONENTROPY,SMALLTEXT_RANDOM
ALIPY_CORESET_GREEDY,1.0,0.19484382746653445,0.10312345066931086,0.1346058502726822,0.12915220624690135,0.12469013386217154,0.07957362419434805,0.16931085770946952,0.1360932077342588,0.13411006445215667,0.13187902825979178,0.14898363906792267,0.14452156668319285,0.14972731779871096,0.10312345066931086,0.1611303916707982,0.9913237481408032,0.14675260287555775,0.1611303916707982,0.13981160138820029,0.16385721368368864,0.14154685176003967,0.11080813088745661,0.12171541893901834,0.15319781854238967,0.16088249876053545,0.14030738720872582,0.1360932077342588,0.12840852751611304,0.1338621715418939,0.0999008428358949,0.12146752602875557,0.19484382746653445,0.1412989588497769,0.13981160138820029,0.14625681705503224,0.13411006445215667
ALIPY_DENSITY_WEIGHTED,0.19484382746653445,1.0,0.08477937530986614,0.10485870104115022,0.15691621219633117,0.14377788795240456,0.08924144769459594,0.19410014873574616,0.14229053049082796,0.1457610312345067,0.13485374318294496,0.10857709469509172,0.11080813088745661,0.15666831928606842,0.08477937530986614,0.15642042637580567,0.19930589985126426,0.15493306891422906,0.1383242439266237,0.11849281110560238,0.1588993554784333,0.12022806147744175,0.11824491819533961,0.11080813088745661,0.12245909766980664,0.1960832920178483,0.15294992563212692,0.1588993554784333,0.14749628160634606,0.14229053049082796,0.11303916707982152,0.10758552305404065,0.15493306891422906,0.15121467526028756,0.12543381259295985,0.15294992563212692,0.10485870104115022
ALIPY_GRAPH_DENSITY,0.10312345066931086,0.08477937530986614,1.0,0.14030738720872582,0.10064452156668319,0.10907288051561725,0.13485374318294496,0.06321269211700545,0.09419930589985126,0.09221616261774913,0.10337134357957363,0.15989092711948438,0.14774417451660882,0.1249380267724343,0.9992563212692117,0.11725334655428855,0.10535448686167576,0.10312345066931086,0.12766484878532475,0.15840356965790778,0.10907288051561725,0.13782845810609817,0.13510163609320774,0.12543381259295985,0.15666831928606842,0.07585523054040655,0.09593455627169063,0.0932077342588002,0.10114030738720872,0.09866137828458106,0.08527516113039167,0.1499752107089737,0.1353495290034705,0.09345562716906297,0.14848785324739713,0.08849776896380764,0.14005949429846307
ALIPY_RANDOM,0.1346058502726822,0.10485870104115022,0.14030738720872582,1.0,0.11626177491323748,0.12196331184928111,0.10337134357957363,0.09940505701536936,0.11403073872087258,0.11874070401586515,0.11998016856717898,0.1980664352999504,0.19533961328705998,0.14625681705503224,0.14030738720872582,0.15047099652949925,0.13782845810609817,0.13708477937530986,0.17030242935052056,0.18021814576103123,0.11874070401586515,0.16385721368368864,0.11130391670798215,0.12964799206742686,0.18765493306891423,0.10312345066931086,0.11626177491323748,0.11824491819533961,0.124194348041646,0.12394645513138325,0.09866137828458106,0.17575607337630145,0.13063956370847793,0.11750123946455131,0.17476450173525038,0.11824491819533961,0.9985126425384234
ALIPY_UNCERTAINTY_LC,0.12915220624690135,0.15691621219633117,0.10064452156668319,0.11626177491323748,1.0,0.7478929102627665,0.09048091224590976,0.1212196331184928,0.19533961328705998,0.2389687654933069,0.1745166088249876,0.13411006445215667,0.1346058502726822,0.20674268715914726,0.10064452156668319,0.17129400099157163,0.13361427863163114,0.24888448190381754,0.18963807635101637,0.12964799206742686,0.1665840356965791,0.14452156668319285,0.11403073872087258,0.11799702528507684,0.12221120475954388,0.15047099652949925,0.21740208230044622,0.2669806643529995,0.20128904313336637,0.2506197322756569,0.1065939514129896,0.11601388200297472,0.13931581556767478,0.38349033217649975,0.12518591968269707,0.2821021318790283,0.11576598909271195
ALIPY_UNCERTAINTY_MM,0.12469013386217154,0.14377788795240456,0.10907288051561725,0.12196331184928111,0.7478929102627665,1.0,0.09419930589985126,0.1065939514129896,0.1665840356965791,0.1722855726326227,0.24367873078829946,0.1375805651958354,0.14229053049082796,0.21839365394149726,0.10907288051561725,0.17476450173525038,0.12865642042637582,0.2949925632126921,0.21417947446703026,0.13708477937530986,0.16088249876053545,0.14749628160634606,0.11626177491323748,0.11452652454139811,0.12766484878532475,0.14303420922161625,0.1871591472483887,0.19633118492811105,0.2669806643529995,0.37580565195835397,0.1028755577590481,0.12072384729796728,0.1331184928111056,0.25384234010907286,0.1279127416955875,0.23401090728805157,0.12146752602875557
LIBACT_DWUS,0.07957362419434805,0.08924144769459594,0.13485374318294496,0.10337134357957363,0.09048091224590976,0.09419930589985126,1.0,0.08205255329697571,0.08329201784828955,0.08230044620723848,0.08651462568170551,0.0880019831432821,0.08081308874566187,0.10708973723351513,0.13485374318294496,0.09866137828458106,0.08230044620723848,0.10064452156668319,0.10436291522062469,0.10733763014377788,0.11229548834903322,0.09791769955379276,0.11601388200297472,0.10956866633614279,0.11080813088745661,0.08998512642538424,0.08155676747645017,0.08031730292513634,0.08775409023301933,0.090233019335647,0.09295984134853744,0.13237481408031732,0.08924144769459594,0.08601883986117997,0.10932077342588002,0.08304412493802678,0.10262766484878533
LIBACT_QUIRE,0.16931085770946952,0.19410014873574616,0.06321269211700545,0.09940505701536936,0.1212196331184928,0.1065939514129896,0.08205255329697571,1.0,0.11601388200297472,0.11452652454139811,0.10262766484878533,0.09667823500247893,0.08973723351512147,0.12592959841348536,0.06321269211700545,0.11973227565691621,0.17253346554288548,0.11948438274665345,0.11502231036192365,0.10461080813088745,0.13237481408031732,0.09568666336142786,0.0969261279127417,0.10262766484878533,0.10535448686167576,0.16360932077342588,0.11403073872087258,0.11303916707982152,0.10163609320773426,0.10708973723351513,0.10138820029747149,0.09717402082300446,0.13435795736241943,0.11725334655428855,0.10188398611799702,0.11551809618244918,0.09890927119484383
LIBACT_UNCERTAINTY_ENT,0.1360932077342588,0.14229053049082796,0.09419930589985126,0.11403073872087258,0.19533961328705998,0.1665840356965791,0.08329201784828955,0.11601388200297472,1.0,0.7880515617253346,0.7411998016856718,0.12617749132374814,0.13237481408031732,0.16683192860684184,0.09419930589985126,0.17055032226078334,0.1412989588497769,0.16360932077342588,0.1360932077342588,0.12915220624690135,0.1591472483886961,0.12692117005453643,0.11452652454139811,0.10609816559246406,0.12989588497768964,0.14675260287555775,0.24144769459593457,0.19484382746653445,0.16980664352999505,0.26078334159643035,0.1065939514129896,0.11700545364402579,0.1368368864650471,0.28582052553296977,0.12221120475954388,0.33986117997025284,0.11353495290034706
LIBACT_UNCERTAINTY_LC,0.13411006445215667,0.1457610312345067,0.09221616261774913,0.11874070401586515,0.2389687654933069,0.1722855726326227,0.08230044620723848,0.11452652454139811,0.7880515617253346,1.0,0.7580565195835399,0.1271690629647992,0.13212692117005453,0.16831928606841845,0.09221616261774913,0.17278135845314824,0.13931581556767478,0.16534457114526524,0.1375805651958354,0.12543381259295985,0.16559246405552802,0.12989588497768964,0.11502231036192365,0.10708973723351513,0.12865642042637582,0.1450173525037184,0.19633118492811105,0.23772930094199307,0.17575607337630145,0.2692117005453644,0.10064452156668319,0.12097174020823004,0.13361427863163114,0.33886960832920177,0.1256817055032226,0.2920178482895389,0.11824491819533961
LIBACT_UNCERTAINTY_SM,0.13187902825979178,0.13485374318294496,0.10337134357957363,0.11998016856717898,0.1745166088249876,0.24367873078829946,0.08651462568170551,0.10262766484878533,0.7411998016856718,0.7580565195835399,1.0,0.13287059990084282,0.1353495290034705,0.1633614278631631,0.10337134357957363,0.16683192860684184,0.13634110064452157,0.1663361427863163,0.14005949429846307,0.13782845810609817,0.161378284581061,0.12766484878532475,0.11700545364402579,0.10956866633614279,0.131631135349529,0.13634110064452157,0.17104610808130888,0.17848289538919188,0.24095190877540903,0.33886960832920177,0.10163609320773426,0.12221120475954388,0.1308874566187407,0.2667327714427367,0.1338621715418939,0.26003966286564206,0.11948438274665345
OPTIMAL_GREEDY_10,0.14898363906792267,0.10857709469509172,0.15989092711948438,0.1980664352999504,0.13411006445215667,0.1375805651958354,0.0880019831432821,0.09667823500247893,0.12617749132374814,0.1271690629647992,0.13287059990084282,1.0,0.4112543381259296,0.1494794248884482,0.15989092711948438,0.16906296479920674,0.15195835399107585,0.1405552801189886,0.18839861179970252,0.2188894397620228,0.12394645513138325,0.18468021814576102,0.11427863163113534,0.15567674764501735,0.1998016856717898,0.10733763014377788,0.13287059990084282,0.13882002974714924,0.14377788795240456,0.13807635101636093,0.10114030738720872,0.20649479424888448,0.1574119980168567,0.12667327714427368,0.19881011403073873,0.12592959841348536,0.19781854238968766
OPTIMAL_GREEDY_20,0.14452156668319285,0.11080813088745661,0.14774417451660882,0.19533961328705998,0.1346058502726822,0.14229053049082796,0.08081308874566187,0.08973723351512147,0.13237481408031732,0.13212692117005453,0.1353495290034705,0.4112543381259296,1.0,0.14675260287555775,0.14774417451660882,0.16955875061973227,0.14774417451660882,0.13807635101636093,0.18319286068418444,0.20624690133862172,0.11849281110560238,0.1812097174020823,0.11155180961824492,0.14774417451660882,0.19410014873574616,0.10485870104115022,0.12345066931085771,0.13336638572136836,0.139067922657412,0.1479920674268716,0.09791769955379276,0.20401586514625683,0.13956370847793753,0.13857213683688646,0.19335647000495787,0.1383242439266237,0.19509172037679723
PLAYGROUND_BANDIT,0.14972731779871096,0.15666831928606842,0.1249380267724343,0.14625681705503224,0.20674268715914726,0.21839365394149726,0.10708973723351513,0.12592959841348536,0.16683192860684184,0.16831928606841845,0.1633614278631631,0.1494794248884482,0.14675260287555775,1.0,0.1249380267724343,0.33986117997025284,0.153941497273178,0.5770946950917204,0.3594447198810114,0.15790778383738224,0.26103123450669313,0.1502231036192365,0.12741695587506197,0.13063956370847793,0.15121467526028756,0.17699553792761527,0.17030242935052056,0.17476450173525038,0.16782350024789291,0.21591472483886961,0.10758552305404065,0.1412989588497769,0.13882002974714924,0.20401586514625683,0.13956370847793753,0.2020327218641547,0.14551313832424392
PLAYGROUND_GRAPH_DENSITY,0.10312345066931086,0.08477937530986614,0.9992563212692117,0.14030738720872582,0.10064452156668319,0.10907288051561725,0.13485374318294496,0.06321269211700545,0.09419930589985126,0.09221616261774913,0.10337134357957363,0.15989092711948438,0.14774417451660882,0.1249380267724343,1.0,0.11725334655428855,0.10535448686167576,0.10312345066931086,0.12766484878532475,0.15840356965790778,0.10907288051561725,0.13782845810609817,0.13510163609320774,0.12543381259295985,0.15666831928606842,0.07585523054040655,0.09593455627169063,0.0932077342588002,0.10114030738720872,0.09866137828458106,0.08527516113039167,0.1499752107089737,0.1353495290034705,0.09345562716906297,0.14848785324739713,0.08849776896380764,0.14005949429846307
PLAYGROUND_INFORMATIVE_DIVERSE,0.1611303916707982,0.15642042637580567,0.11725334655428855,0.15047099652949925,0.17129400099157163,0.17476450173525038,0.09866137828458106,0.11973227565691621,0.17055032226078334,0.17278135845314824,0.16683192860684184,0.16906296479920674,0.16955875061973227,0.33986117997025284,0.11725334655428855,1.0,0.16534457114526524,0.33763014377788797,0.31680713931581556,0.16013882002974714,0.2077342588001983,0.16063460585027267,0.12369856222112048,0.13212692117005453,0.15443728309370353,0.1588993554784333,0.1648487853247397,0.16435299950421417,0.16187407040158652,0.1752602875557759,0.1065939514129896,0.15840356965790778,0.12989588497768964,0.1670798215171046,0.1457610312345067,0.1715418939018344,0.14972731779871096
PLAYGROUND_KCENTER_GREEDY,0.9913237481408032,0.19930589985126426,0.10535448686167576,0.13782845810609817,0.13361427863163114,0.12865642042637582,0.08230044620723848,0.17253346554288548,0.1412989588497769,0.13931581556767478,0.13634110064452157,0.15195835399107585,0.14774417451660882,0.153941497273178,0.10535448686167576,0.16534457114526524,1.0,0.15146256817055032,0.16460089241447695,0.14328210213187903,0.16782350024789291,0.14452156668319285,0.11427863163113534,0.12469013386217154,0.15691621219633117,0.16584035696579078,0.14526524541398117,0.14105106593951414,0.13262270699058007,0.13857213683688646,0.10188398611799702,0.12444224095190877,0.19930589985126426,0.1457610312345067,0.14303420922161625,0.1502231036192365,0.13733267228557264
PLAYGROUND_MARGIN,0.14675260287555775,0.15493306891422906,0.10312345066931086,0.13708477937530986,0.24888448190381754,0.2949925632126921,0.10064452156668319,0.11948438274665345,0.16360932077342588,0.16534457114526524,0.1663361427863163,0.1405552801189886,0.13807635101636093,0.5770946950917204,0.10312345066931086,0.33763014377788797,0.15146256817055032,1.0,0.4561229548834903,0.15617253346554288,0.25855230540406543,0.14551313832424392,0.12345066931085771,0.13287059990084282,0.13435795736241943,0.1752602875557759,0.16807139315815567,0.1665840356965791,0.17104610808130888,0.28805156172533464,0.10932077342588002,0.1353495290034705,0.13113534952900346,0.23797719385225583,0.1346058502726822,0.22905304908279622,0.13634110064452157
PLAYGROUND_MIXTURE,0.1611303916707982,0.1383242439266237,0.12766484878532475,0.17030242935052056,0.18963807635101637,0.21417947446703026,0.10436291522062469,0.11502231036192365,0.1360932077342588,0.1375805651958354,0.14005949429846307,0.18839861179970252,0.18319286068418444,0.3594447198810114,0.12766484878532475,0.31680713931581556,0.16460089241447695,0.4561229548834903,1.0,0.1908775409023302,0.18889439762022806,0.16732771442736738,0.11898859692612791,0.13658899355478432,0.16559246405552802,0.1412989588497769,0.14526524541398117,0.1517104610808131,0.15344571145265246,0.20426375805651958,0.09643034209221617,0.1685671789786812,0.1331184928111056,0.17575607337630145,0.16460089241447695,0.16807139315815567,0.16955875061973227
PLAYGROUND_UNIFORM,0.13981160138820029,0.11849281110560238,0.15840356965790778,0.18021814576103123,0.12964799206742686,0.13708477937530986,0.10733763014377788,0.10461080813088745,0.12915220624690135,0.12543381259295985,0.13782845810609817,0.2188894397620228,0.20624690133862172,0.15790778383738224,0.15840356965790778,0.16013882002974714,0.14328210213187903,0.15617253346554288,0.1908775409023302,1.0,0.13782845810609817,0.17178978681209717,0.11130391670798215,0.14328210213187903,0.18790282597917699,0.11452652454139811,0.12295488349033218,0.12617749132374814,0.1264253842340109,0.13411006445215667,0.11551809618244918,0.19162121963311848,0.14303420922161625,0.12816063460585028,0.1737729300941993,0.12444224095190877,0.17947446703024295
SKACTIVEML_COST_EMBEDDING,0.16385721368368864,0.1588993554784333,0.10907288051561725,0.11874070401586515,0.1665840356965791,0.16088249876053545,0.11229548834903322,0.13237481408031732,0.1591472483886961,0.16559246405552802,0.161378284581061,0.12394645513138325,0.11849281110560238,0.26103123450669313,0.10907288051561725,0.2077342588001983,0.16782350024789291,0.25855230540406543,0.18889439762022806,0.13782845810609817,1.0,0.13733267228557264,0.12221120475954388,0.12518591968269707,0.1375805651958354,0.18616757560733763,0.1663361427863163,0.16757560733763013,0.1611303916707982,0.1663361427863163,0.11750123946455131,0.13039167079821518,0.13113534952900346,0.16757560733763013,0.1346058502726822,0.16906296479920674,0.11824491819533961
SKACTIVEML_DAL,0.14154685176003967,0.12022806147744175,0.13782845810609817,0.16385721368368864,0.14452156668319285,0.14749628160634606,0.09791769955379276,0.09568666336142786,0.12692117005453643,0.12989588497768964,0.12766484878532475,0.18468021814576102,0.1812097174020823,0.1502231036192365,0.13782845810609817,0.16063460585027267,0.14452156668319285,0.14551313832424392,0.16732771442736738,0.17178978681209717,0.13733267228557264,1.0,0.11328705999008429,0.12915220624690135,0.1797223599405057,0.11700545364402579,0.13708477937530986,0.14005949429846307,0.1457610312345067,0.13807635101636093,0.11527020327218641,0.16534457114526524,0.15096678235002478,0.13981160138820029,0.15989092711948438,0.13435795736241943,0.16311353495290035
SKACTIVEML_DWUS,0.11080813088745661,0.11824491819533961,0.13510163609320774,0.11130391670798215,0.11403073872087258,0.11626177491323748,0.11601388200297472,0.0969261279127417,0.11452652454139811,0.11502231036192365,0.11700545364402579,0.11427863163113534,0.11155180961824492,0.12741695587506197,0.13510163609320774,0.12369856222112048,0.11427863163113534,0.12345066931085771,0.11898859692612791,0.11130391670798215,0.12221120475954388,0.11328705999008429,1.0,0.10064452156668319,0.11477441745166088,0.11502231036192365,0.11179970252850768,0.11502231036192365,0.11650966782350025,0.11204759543877045,0.08973723351512147,0.11179970252850768,0.11378284581060982,0.11254338125929599,0.11799702528507684,0.10832920178482895,0.11056023797719385
SKACTIVEML_QBC,0.12171541893901834,0.11080813088745661,0.12543381259295985,0.12964799206742686,0.11799702528507684,0.11452652454139811,0.10956866633614279,0.10262766484878533,0.10609816559246406,0.10708973723351513,0.10956866633614279,0.15567674764501735,0.14774417451660882,0.13063956370847793,0.12543381259295985,0.13212692117005453,0.12469013386217154,0.13287059990084282,0.13658899355478432,0.14328210213187903,0.12518591968269707,0.12915220624690135,0.10064452156668319,1.0,0.1588993554784333,0.11799702528507684,0.11948438274665345,0.12047595438770452,0.11725334655428855,0.11849281110560238,0.10163609320773426,0.14303420922161625,0.11179970252850768,0.11824491819533961,0.14030738720872582,0.11551809618244918,0.12840852751611304
SKACTIVEML_QBC_VOTE_ENTROPY,0.15319781854238967,0.12245909766980664,0.15666831928606842,0.18765493306891423,0.12221120475954388,0.12766484878532475,0.11080813088745661,0.10535448686167576,0.12989588497768964,0.12865642042637582,0.131631135349529,0.1998016856717898,0.19410014873574616,0.15121467526028756,0.15666831928606842,0.15443728309370353,0.15691621219633117,0.13435795736241943,0.16559246405552802,0.18790282597917699,0.1375805651958354,0.1797223599405057,0.11477441745166088,0.1588993554784333,1.0,0.11774913237481408,0.13882002974714924,0.13807635101636093,0.1487357461576599,0.13336638572136836,0.09419930589985126,0.1856717897868121,0.15468517600396628,0.1279127416955875,0.18294496777392166,0.1301437778879524,0.1871591472483887
SKACTIVEML_QUIRE,0.16088249876053545,0.1960832920178483,0.07585523054040655,0.10312345066931086,0.15047099652949925,0.14303420922161625,0.08998512642538424,0.16360932077342588,0.14675260287555775,0.1450173525037184,0.13634110064452157,0.10733763014377788,0.10485870104115022,0.17699553792761527,0.07585523054040655,0.1588993554784333,0.16584035696579078,0.1752602875557759,0.1412989588497769,0.11452652454139811,0.18616757560733763,0.11700545364402579,0.11502231036192365,0.11799702528507684,0.11774913237481408,1.0,0.15270203272186417,0.15121467526028756,0.1420426375805652,0.1346058502726822,0.10634605850272683,0.10609816559246406,0.1353495290034705,0.14476945959345563,0.11725334655428855,0.1450173525037184,0.10262766484878533
SKACTIVEML_US_ENTROPY,0.14030738720872582,0.15294992563212692,0.09593455627169063,0.11626177491323748,0.21740208230044622,0.1871591472483887,0.08155676747645017,0.11403073872087258,0.24144769459593457,0.19633118492811105,0.17104610808130888,0.13287059990084282,0.12345066931085771,0.17030242935052056,0.09593455627169063,0.1648487853247397,0.14526524541398117,0.16807139315815567,0.14526524541398117,0.12295488349033218,0.1663361427863163,0.13708477937530986,0.11179970252850768,0.11948438274665345,0.13882002974714924,0.15270203272186417,1.0,0.7922657411998016,0.7486365889935548,0.17402082300446206,0.1028755577590481,0.11477441745166088,0.13584531482399603,0.20104115022310362,0.12543381259295985,0.248388696083292,0.11551809618244918
SKACTIVEML_US_LC,0.1360932077342588,0.1588993554784333,0.0932077342588002,0.11824491819533961,0.2669806643529995,0.19633118492811105,0.08031730292513634,0.11303916707982152,0.19484382746653445,0.23772930094199307,0.17848289538919188,0.13882002974714924,0.13336638572136836,0.17476450173525038,0.0932077342588002,0.16435299950421417,0.14105106593951414,0.1665840356965791,0.1517104610808131,0.12617749132374814,0.16757560733763013,0.14005949429846307,0.11502231036192365,0.12047595438770452,0.13807635101636093,0.15121467526028756,0.7922657411998016,1.0,0.7702032721864155,0.18170550322260784,0.10237977193852256,0.11576598909271195,0.1331184928111056,0.2528507684680218,0.12469013386217154,0.20847793753098662,0.11750123946455131
SKACTIVEML_US_MARGIN,0.12840852751611304,0.14749628160634606,0.10114030738720872,0.124194348041646,0.20128904313336637,0.2669806643529995,0.08775409023301933,0.10163609320773426,0.16980664352999505,0.17575607337630145,0.24095190877540903,0.14377788795240456,0.139067922657412,0.16782350024789291,0.10114030738720872,0.16187407040158652,0.13262270699058007,0.17104610808130888,0.15344571145265246,0.1264253842340109,0.1611303916707982,0.1457610312345067,0.11650966782350025,0.11725334655428855,0.1487357461576599,0.1420426375805652,0.7486365889935548,0.7702032721864155,1.0,0.2508676251859197,0.10386712940009915,0.12022806147744175,0.13485374318294496,0.1812097174020823,0.1353495290034705,0.17104610808130888,0.12345066931085771
SMALLTEXT_BREAKINGTIES,0.1338621715418939,0.14229053049082796,0.09866137828458106,0.12394645513138325,0.2506197322756569,0.37580565195835397,0.090233019335647,0.10708973723351513,0.26078334159643035,0.2692117005453644,0.33886960832920177,0.13807635101636093,0.1479920674268716,0.21591472483886961,0.09866137828458106,0.1752602875557759,0.13857213683688646,0.28805156172533464,0.20426375805651958,0.13411006445215667,0.1663361427863163,0.13807635101636093,0.11204759543877045,0.11849281110560238,0.13336638572136836,0.1346058502726822,0.17402082300446206,0.18170550322260784,0.2508676251859197,1.0,0.10114030738720872,0.12072384729796728,0.12964799206742686,0.7553296975706495,0.1308874566187407,0.7354982647496282,0.12345066931085771
SMALLTEXT_CONTRASTIVEAL,0.0999008428358949,0.11303916707982152,0.08527516113039167,0.09866137828458106,0.1065939514129896,0.1028755577590481,0.09295984134853744,0.10138820029747149,0.1065939514129896,0.10064452156668319,0.10163609320773426,0.10114030738720872,0.09791769955379276,0.10758552305404065,0.08527516113039167,0.1065939514129896,0.10188398611799702,0.10932077342588002,0.09643034209221617,0.11551809618244918,0.11750123946455131,0.11527020327218641,0.08973723351512147,0.10163609320773426,0.09419930589985126,0.10634605850272683,0.1028755577590481,0.10237977193852256,0.10386712940009915,0.10114030738720872,1.0,0.09965294992563213,0.11626177491323748,0.10312345066931086,0.10163609320773426,0.10436291522062469,0.09791769955379276
SMALLTEXT_EMBEDDINGKMEANS,0.12146752602875557,0.10758552305404065,0.1499752107089737,0.17575607337630145,0.11601388200297472,0.12072384729796728,0.13237481408031732,0.09717402082300446,0.11700545364402579,0.12097174020823004,0.12221120475954388,0.20649479424888448,0.20401586514625683,0.1412989588497769,0.1499752107089737,0.15840356965790778,0.12444224095190877,0.1353495290034705,0.1685671789786812,0.19162121963311848,0.13039167079821518,0.16534457114526524,0.11179970252850768,0.14303420922161625,0.1856717897868121,0.10609816559246406,0.11477441745166088,0.11576598909271195,0.12022806147744175,0.12072384729796728,0.09965294992563213,1.0,0.12741695587506197,0.12221120475954388,0.1849281110560238,0.11650966782350025,0.17501239464551313
SMALLTEXT_GREEDYCORESET,0.19484382746653445,0.15493306891422906,0.1353495290034705,0.13063956370847793,0.13931581556767478,0.1331184928111056,0.08924144769459594,0.13435795736241943,0.1368368864650471,0.13361427863163114,0.1308874566187407,0.1574119980168567,0.13956370847793753,0.13882002974714924,0.1353495290034705,0.12989588497768964,0.19930589985126426,0.13113534952900346,0.1331184928111056,0.14303420922161625,0.13113534952900346,0.15096678235002478,0.11378284581060982,0.11179970252850768,0.15468517600396628,0.1353495290034705,0.13584531482399603,0.1331184928111056,0.13485374318294496,0.12964799206742686,0.11626177491323748,0.12741695587506197,1.0,0.1256817055032226,0.14898363906792267,0.1271690629647992,0.13039167079821518
SMALLTEXT_LEASTCONFIDENCE,0.1412989588497769,0.15121467526028756,0.09345562716906297,0.11750123946455131,0.38349033217649975,0.25384234010907286,0.08601883986117997,0.11725334655428855,0.28582052553296977,0.33886960832920177,0.2667327714427367,0.12667327714427368,0.13857213683688646,0.20401586514625683,0.09345562716906297,0.1670798215171046,0.1457610312345067,0.23797719385225583,0.17575607337630145,0.12816063460585028,0.16757560733763013,0.13981160138820029,0.11254338125929599,0.11824491819533961,0.1279127416955875,0.14476945959345563,0.20104115022310362,0.2528507684680218,0.1812097174020823,0.7553296975706495,0.10312345066931086,0.12221120475954388,0.1256817055032226,1.0,0.1249380267724343,0.7845810609816559,0.11700545364402579
SMALLTEXT_LIGHTWEIGHTCORESET,0.13981160138820029,0.12543381259295985,0.14848785324739713,0.17476450173525038,0.12518591968269707,0.1279127416955875,0.10932077342588002,0.10188398611799702,0.12221120475954388,0.1256817055032226,0.1338621715418939,0.19881011403073873,0.19335647000495787,0.13956370847793753,0.14848785324739713,0.1457610312345067,0.14303420922161625,0.1346058502726822,0.16460089241447695,0.1737729300941993,0.1346058502726822,0.15989092711948438,0.11799702528507684,0.14030738720872582,0.18294496777392166,0.11725334655428855,0.12543381259295985,0.12469013386217154,0.1353495290034705,0.1308874566187407,0.10163609320773426,0.1849281110560238,0.14898363906792267,0.1249380267724343,1.0,0.12394645513138325,0.17550818046603867
SMALLTEXT_PREDICTIONENTROPY,0.14625681705503224,0.15294992563212692,0.08849776896380764,0.11824491819533961,0.2821021318790283,0.23401090728805157,0.08304412493802678,0.11551809618244918,0.33986117997025284,0.2920178482895389,0.26003966286564206,0.12592959841348536,0.1383242439266237,0.2020327218641547,0.08849776896380764,0.1715418939018344,0.1502231036192365,0.22905304908279622,0.16807139315815567,0.12444224095190877,0.16906296479920674,0.13435795736241943,0.10832920178482895,0.11551809618244918,0.1301437778879524,0.1450173525037184,0.248388696083292,0.20847793753098662,0.17104610808130888,0.7354982647496282,0.10436291522062469,0.11650966782350025,0.1271690629647992,0.7845810609816559,0.12394645513138325,1.0,0.11874070401586515
SMALLTEXT_RANDOM,0.13411006445215667,0.10485870104115022,0.14005949429846307,0.9985126425384234,0.11576598909271195,0.12146752602875557,0.10262766484878533,0.09890927119484383,0.11353495290034706,0.11824491819533961,0.11948438274665345,0.19781854238968766,0.19509172037679723,0.14551313832424392,0.14005949429846307,0.14972731779871096,0.13733267228557264,0.13634110064452157,0.16955875061973227,0.17947446703024295,0.11824491819533961,0.16311353495290035,0.11056023797719385,0.12840852751611304,0.1871591472483887,0.10262766484878533,0.11551809618244918,0.11750123946455131,0.12345066931085771,0.12345066931085771,0.09791769955379276,0.17501239464551313,0.13039167079821518,0.11700545364402579,0.17550818046603867,0.11874070401586515,1.0
