,ALIPY_CORESET_GREEDY,ALIPY_DENSITY_WEIGHTED,ALIPY_GRAPH_DENSITY,ALIPY_RANDOM,ALIPY_UNCERTAINTY_LC,ALIPY_UNCERTAINTY_MM,LIBACT_DWUS,LIBACT_QUIRE,LIBACT_UNCERTAINTY_ENT,LIBACT_UNCERTAINTY_LC,LIBACT_UNCERTAINTY_SM,OPTIMAL_GREEDY_10,OPTIMAL_GREEDY_20,PLAYGROUND_BANDIT,PLAYGROUND_GRAPH_DENSITY,PLAYGROUND_INFORMATIVE_DIVERSE,PLAYGROUND_KCENTER_GREEDY,PLAYGROUND_MARGIN,PLAYGROUND_MIXTURE,PLAYGROUND_UNIFORM,SKACTIVEML_COST_EMBEDDING,SKACTIVEML_DAL,SKACTIVEML_DWUS,SKACTIVEML_QBC,SKACTIVEML_QBC_VOTE_ENTROPY,SKACTIVEML_QUIRE,SKACTIVEML_US_ENTROPY,SKACTIVEML_US_LC,SKACTIVEML_US_MARGIN,SMALLTEXT_BREAKINGTIES,SMALLTEXT_CONTRASTIVEAL,SMALLTEXT_EMBEDDINGKMEANS,SMALLTEXT_GREEDYCORESET,SMALLTEXT_LEASTCONFIDENCE,SMALLTEXT_LIGHTWEIGHTCORESET,SMALLTEXT_PREDICTIONENTROPY,SMALLTEXT_RANDOM
ALIPY_CORESET_GREEDY,4034,941,165,295,288,237,175,1176,244,253,195,345,314,279,170,312,2822,261,286,337,444,388,314,325,327,655,266,253,220,187,650,303,1179,225,444,225,280
ALIPY_DENSITY_WEIGHTED,941,4034,151,201,459,406,146,1057,404,414,367,316,332,408,147,479,943,410,333,307,609,416,329,281,326,785,435,430,394,318,631,254,1211,384,437,415,201
ALIPY_GRAPH_DENSITY,165,151,4034,589,252,267,580,278,181,183,203,615,631,340,2920,307,185,258,295,637,355,547,477,629,637,305,197,195,222,203,411,661,207,185,521,194,575
ALIPY_RANDOM,295,201,589,4034,329,364,694,338,243,255,280,1107,1080,565,578,445,283,358,560,1161,524,1005,694,1002,1131,452,254,249,281,259,685,918,325,237,800,234,2859
ALIPY_UNCERTAINTY_LC,288,459,252,329,4034,2199,213,275,650,724,641,444,446,549,258,616,304,659,540,421,564,422,278,333,405,418,661,721,615,701,398,301,264,1004,462,791,320
ALIPY_UNCERTAINTY_MM,237,406,267,364,2199,4034,251,232,589,595,709,448,451,565,274,624,225,805,615,460,570,439,290,372,449,369,575,622,708,1010,401,307,239,707,473,690,361
LIBACT_DWUS,175,146,580,694,213,251,4034,354,205,192,224,961,961,412,574,367,177,274,346,928,349,873,1539,1157,958,392,185,180,209,181,637,1667,270,179,517,169,661
LIBACT_QUIRE,1176,1057,278,338,275,232,354,4034,266,255,203,454,442,346,281,357,1167,253,279,417,499,484,463,501,491,776,256,245,214,190,829,466,1309,219,484,232,337
LIBACT_UNCERTAINTY_ENT,244,404,181,243,650,589,205,266,4034,2323,2175,375,356,415,195,503,251,448,396,375,484,339,261,276,346,354,779,667,575,629,349,298,290,700,403,808,259
LIBACT_UNCERTAINTY_LC,253,414,183,255,724,595,192,255,2323,4034,2267,328,330,432,200,494,267,464,394,328,458,305,256,271,316,323,696,763,630,666,311,246,278,771,410,767,237
LIBACT_UNCERTAINTY_SM,195,367,203,280,641,709,224,203,2175,2267,4034,389,363,492,200,516,198,497,410,382,485,356,259,283,376,306,627,620,721,764,291,284,208,652,416,674,278
OPTIMAL_GREEDY_10,345,316,615,1107,444,448,961,454,375,328,389,4034,1632,764,593,674,336,472,720,1499,771,1324,909,1301,1548,593,334,345,374,342,799,1239,444,340,1142,332,1105
OPTIMAL_GREEDY_20,314,332,631,1080,446,451,961,442,356,330,363,1632,4034,802,631,647,312,461,723,1396,783,1266,935,1281,1490,578,357,335,376,321,761,1236,444,301,1139,329,1072
PLAYGROUND_BANDIT,279,408,340,565,549,565,412,346,415,432,492,764,802,4034,334,1556,286,1481,1533,788,820,725,485,592,756,553,444,463,504,451,530,477,346,433,794,446,570
PLAYGROUND_GRAPH_DENSITY,170,147,2920,578,258,274,574,281,195,200,200,593,631,334,4034,312,167,242,315,640,360,573,488,601,644,296,202,203,214,210,405,638,213,202,507,192,563
PLAYGROUND_INFORMATIVE_DIVERSE,312,479,307,445,616,624,367,357,503,494,516,674,647,1556,312,4034,298,1387,1392,680,819,649,424,519,638,547,509,517,540,463,545,490,351,468,706,498,473
PLAYGROUND_KCENTER_GREEDY,2822,943,185,283,304,225,177,1167,251,267,198,336,312,286,167,298,4034,256,296,329,434,401,297,333,333,648,248,254,199,189,663,328,1206,231,459,232,290
PLAYGROUND_MARGIN,261,410,258,358,659,805,274,253,448,464,497,472,461,1481,242,1387,256,4034,1963,452,664,445,313,351,455,458,480,494,529,692,410,330,257,602,508,551,363
PLAYGROUND_MIXTURE,286,333,295,560,540,615,346,279,396,394,410,720,723,1533,315,1392,296,1963,4034,735,701,701,418,575,721,501,402,410,456,512,493,482,301,413,701,454,555
PLAYGROUND_UNIFORM,337,307,637,1161,421,460,928,417,375,328,382,1499,1396,788,640,680,329,452,735,4034,798,1360,896,1263,1489,513,325,346,384,345,807,1206,389,314,1099,347,1117
SKACTIVEML_COST_EMBEDDING,444,609,355,524,564,570,349,499,484,458,485,771,783,820,360,819,434,664,701,798,4034,730,498,619,807,778,449,487,456,403,654,535,513,435,863,470,529
SKACTIVEML_DAL,388,416,547,1005,422,439,873,484,339,305,356,1324,1266,725,573,649,401,445,701,1360,730,4034,822,1186,1391,609,341,316,375,321,822,1101,444,303,1095,323,990
SKACTIVEML_DWUS,314,329,477,694,278,290,1539,463,261,256,259,909,935,485,488,424,297,313,418,896,498,822,4034,1054,950,479,247,268,271,232,693,1236,371,246,605,235,694
SKACTIVEML_QBC,325,281,629,1002,333,372,1157,501,276,271,283,1301,1281,592,601,519,333,351,575,1263,619,1186,1054,4034,1338,564,268,255,315,267,843,1346,418,231,891,244,978
SKACTIVEML_QBC_VOTE_ENTROPY,327,326,637,1131,405,449,958,491,346,316,376,1548,1490,756,644,638,333,455,721,1489,807,1391,950,1338,4034,570,309,363,377,328,809,1210,435,315,1164,326,1110
SKACTIVEML_QUIRE,655,785,305,452,418,369,392,776,354,323,306,593,578,553,296,547,648,458,501,513,778,609,479,564,570,4034,330,342,283,279,814,488,818,333,705,343,448
SKACTIVEML_US_ENTROPY,266,435,197,254,661,575,185,256,779,696,627,334,357,444,202,509,248,480,402,325,449,341,247,268,309,330,4034,2414,2276,549,298,227,267,614,425,731,247
SKACTIVEML_US_LC,253,430,195,249,721,622,180,245,667,763,620,345,335,463,203,517,254,494,410,346,487,316,268,255,363,342,2414,4034,2272,568,325,261,267,665,421,670,271
SKACTIVEML_US_MARGIN,220,394,222,281,615,708,209,214,575,630,721,374,376,504,214,540,199,529,456,384,456,375,271,315,377,283,2276,2272,4034,621,291,262,199,596,479,587,267
SMALLTEXT_BREAKINGTIES,187,318,203,259,701,1010,181,190,629,666,764,342,321,451,210,463,189,692,512,345,403,321,232,267,328,279,549,568,621,4034,270,258,189,2260,327,2238,236
SMALLTEXT_CONTRASTIVEAL,650,631,411,685,398,401,637,829,349,311,291,799,761,530,405,545,663,410,493,807,654,822,693,843,809,814,298,325,291,270,4034,718,798,299,740,323,633
SMALLTEXT_EMBEDDINGKMEANS,303,254,661,918,301,307,1667,466,298,246,284,1239,1236,477,638,490,328,330,482,1206,535,1101,1236,1346,1210,488,227,261,262,258,718,4034,423,222,862,237,954
SMALLTEXT_GREEDYCORESET,1179,1211,207,325,264,239,270,1309,290,278,208,444,444,346,213,351,1206,257,301,389,513,444,371,418,435,818,267,267,199,189,798,423,4034,260,506,273,323
SMALLTEXT_LEASTCONFIDENCE,225,384,185,237,1004,707,179,219,700,771,652,340,301,433,202,468,231,602,413,314,435,303,246,231,315,333,614,665,596,2260,299,222,260,4034,369,2341,229
SMALLTEXT_LIGHTWEIGHTCORESET,444,437,521,800,462,473,517,484,403,410,416,1142,1139,794,507,706,459,508,701,1099,863,1095,605,891,1164,705,425,421,479,327,740,862,506,369,4034,356,791
SMALLTEXT_PREDICTIONENTROPY,225,415,194,234,791,690,169,232,808,767,674,332,329,446,192,498,232,551,454,347,470,323,235,244,326,343,731,670,587,2238,323,237,273,2341,356,4034,232
SMALLTEXT_RANDOM,280,201,575,2859,320,361,661,337,259,237,278,1105,1072,570,563,473,290,363,555,1117,529,990,694,978,1110,448,247,271,267,236,633,954,323,229,791,232,4034
