,ALIPY_CORESET_GREEDY,ALIPY_DENSITY_WEIGHTED,ALIPY_GRAPH_DENSITY,ALIPY_RANDOM,ALIPY_UNCERTAINTY_LC,ALIPY_UNCERTAINTY_MM,LIBACT_DWUS,LIBACT_QUIRE,LIBACT_UNCERTAINTY_ENT,LIBACT_UNCERTAINTY_LC,LIBACT_UNCERTAINTY_SM,OPTIMAL_GREEDY_10,OPTIMAL_GREEDY_20,PLAYGROUND_BANDIT,PLAYGROUND_GRAPH_DENSITY,PLAYGROUND_INFORMATIVE_DIVERSE,PLAYGROUND_KCENTER_GREEDY,PLAYGROUND_MARGIN,PLAYGROUND_MIXTURE,PLAYGROUND_UNIFORM,SKACTIVEML_COST_EMBEDDING,SKACTIVEML_DAL,SKACTIVEML_DWUS,SKACTIVEML_QBC,SKACTIVEML_QBC_VOTE_ENTROPY,SKACTIVEML_QUIRE,SKACTIVEML_US_ENTROPY,SKACTIVEML_US_LC,SKACTIVEML_US_MARGIN,SMALLTEXT_BREAKINGTIES,SMALLTEXT_CONTRASTIVEAL,SMALLTEXT_EMBEDDINGKMEANS,SMALLTEXT_GREEDYCORESET,SMALLTEXT_LEASTCONFIDENCE,SMALLTEXT_LIGHTWEIGHTCORESET,SMALLTEXT_PREDICTIONENTROPY,SMALLTEXT_RANDOM
ALIPY_CORESET_GREEDY,4034,347,453,426,284,266,330,400,267,285,278,484,460,323,453,326,3975,314,347,508,394,521,409,385,547,379,255,276,249,247,427,465,636,283,507,241,427
ALIPY_DENSITY_WEIGHTED,347,4034,319,343,582,573,320,324,597,595,582,371,339,585,319,572,356,605,546,358,572,416,497,287,367,500,602,598,591,608,364,339,408,615,386,609,340
ALIPY_GRAPH_DENSITY,453,319,4034,435,243,270,354,333,264,260,265,458,447,353,4032,309,468,276,351,528,375,524,393,431,455,320,290,295,308,257,364,445,436,248,508,267,432
ALIPY_RANDOM,426,343,435,4034,266,274,362,361,284,287,305,591,522,390,435,350,443,318,394,586,389,526,406,453,605,340,285,276,272,267,360,470,514,289,563,295,4027
ALIPY_UNCERTAINTY_LC,284,582,243,266,4034,2998,268,266,656,716,667,320,348,694,244,655,303,828,667,325,595,367,399,287,319,456,656,688,655,851,343,269,357,1150,302,860,264
ALIPY_UNCERTAINTY_MM,266,573,270,274,2998,4034,271,260,609,644,711,308,333,707,271,689,282,947,719,336,599,366,400,272,312,449,644,655,667,1140,344,265,351,836,282,815,272
LIBACT_DWUS,330,320,354,362,268,271,4034,455,247,239,233,388,392,310,354,251,334,304,291,415,361,368,431,439,425,383,271,282,276,289,427,533,393,249,435,269,361
LIBACT_QUIRE,400,324,333,361,266,260,455,4034,279,262,250,378,386,291,333,282,405,273,311,412,350,395,376,434,393,417,298,266,257,234,502,379,448,249,478,245,361
LIBACT_UNCERTAINTY_ENT,267,597,264,284,656,609,247,279,4034,2997,2945,348,337,593,264,622,278,586,474,348,603,391,398,292,333,422,636,554,541,624,383,301,353,681,324,706,282
LIBACT_UNCERTAINTY_LC,285,595,260,287,716,644,239,262,2997,4034,3043,356,333,632,261,662,295,612,518,338,607,372,402,274,335,435,593,637,597,682,373,276,343,710,314,681,284
LIBACT_UNCERTAINTY_SM,278,582,265,305,667,711,233,250,2945,3043,4034,353,334,663,266,657,288,626,536,336,591,373,421,283,338,438,556,596,621,719,364,289,339,668,302,672,303
OPTIMAL_GREEDY_10,484,371,458,591,320,308,388,378,348,356,353,4034,816,422,459,384,506,336,432,618,363,565,428,484,571,348,323,329,315,322,382,515,504,335,541,342,588
OPTIMAL_GREEDY_20,460,339,447,522,348,333,392,386,337,333,334,816,4034,381,447,377,481,348,410,619,394,560,383,483,548,359,340,366,353,327,365,488,485,319,521,340,518
PLAYGROUND_BANDIT,323,585,353,390,694,707,310,291,593,632,663,422,381,4034,354,1337,337,1403,1285,448,801,438,437,315,429,538,583,597,603,619,391,302,401,608,378,598,388
PLAYGROUND_GRAPH_DENSITY,453,319,4032,435,244,271,354,333,264,261,266,459,447,354,4034,309,469,277,352,529,376,525,393,431,455,321,291,296,309,258,365,445,436,248,508,267,432
PLAYGROUND_INFORMATIVE_DIVERSE,326,572,309,350,655,689,251,282,622,662,657,384,377,1337,309,4034,337,1304,1190,413,712,422,440,305,416,528,645,652,637,635,395,312,369,629,361,636,348
PLAYGROUND_KCENTER_GREEDY,3975,356,468,443,303,282,334,405,278,295,288,506,481,337,469,337,4034,329,362,526,413,544,425,390,562,378,267,290,265,261,435,478,645,290,515,253,441
PLAYGROUND_MARGIN,314,605,276,318,828,947,304,273,586,612,626,336,348,1403,277,1304,329,4034,1794,376,700,383,416,283,351,509,612,660,648,896,346,265,353,782,331,751,316
PLAYGROUND_MIXTURE,347,546,351,394,667,719,291,311,474,518,536,432,410,1285,352,1190,362,1794,4034,466,718,432,463,309,401,509,527,543,542,634,385,338,381,591,364,564,391
PLAYGROUND_UNIFORM,508,358,528,586,325,336,415,412,348,338,336,618,619,448,529,413,526,376,466,4034,419,631,432,481,665,392,350,342,335,321,414,558,584,321,632,333,582
SKACTIVEML_COST_EMBEDDING,394,572,375,389,595,599,361,350,603,607,591,363,394,801,376,712,413,700,718,419,4034,477,448,364,444,556,571,577,592,554,481,366,452,536,418,546,386
SKACTIVEML_DAL,521,416,524,526,367,366,368,395,391,372,373,565,560,438,525,422,544,383,432,631,477,4034,497,499,586,415,386,395,382,349,411,524,571,328,559,340,522
SKACTIVEML_DWUS,409,497,393,406,399,400,431,376,398,402,421,428,383,437,393,440,425,416,463,432,448,497,4034,407,470,426,432,423,408,411,343,446,489,399,471,417,402
SKACTIVEML_QBC,385,287,431,453,287,272,439,434,292,274,283,484,483,315,431,305,390,283,309,481,364,499,407,4034,490,419,310,296,298,259,493,531,464,267,539,271,453
SKACTIVEML_QBC_VOTE_ENTROPY,547,367,455,605,319,312,425,393,333,335,338,571,548,429,455,416,562,351,401,665,444,586,470,490,4034,369,307,344,321,316,393,536,574,314,633,335,602
SKACTIVEML_QUIRE,379,500,320,340,456,449,383,417,422,435,438,348,359,538,321,528,378,509,509,392,556,415,426,419,369,4034,445,462,420,426,496,362,435,427,388,431,340
SKACTIVEML_US_ENTROPY,255,602,290,285,656,644,271,298,636,593,556,323,340,583,291,645,267,612,527,350,571,386,432,310,307,445,4034,3017,3001,605,329,284,377,610,317,667,283
SKACTIVEML_US_LC,276,598,295,276,688,655,282,266,554,637,596,329,366,597,296,652,290,660,543,342,577,395,423,296,344,462,3017,4034,3026,624,366,291,355,654,328,593,274
SKACTIVEML_US_MARGIN,249,591,308,272,655,667,276,257,541,597,621,315,353,603,309,637,265,648,542,335,592,382,408,298,321,420,3001,3026,4034,658,362,299,342,606,342,591,271
SMALLTEXT_BREAKINGTIES,247,608,257,267,851,1140,289,234,624,682,719,322,327,619,258,635,261,896,634,321,554,349,411,259,316,426,605,624,658,4034,326,259,313,3004,288,2962,265
SMALLTEXT_CONTRASTIVEAL,427,364,364,360,343,344,427,502,383,373,364,382,365,391,365,395,435,346,385,414,481,411,343,493,393,496,329,366,362,326,4034,406,473,325,437,336,359
SMALLTEXT_EMBEDDINGKMEANS,465,339,445,470,269,265,533,379,301,276,289,515,488,302,445,312,478,265,338,558,366,524,446,531,536,362,284,291,299,259,406,4034,476,255,543,254,467
SMALLTEXT_GREEDYCORESET,636,408,436,514,357,351,393,448,353,343,339,504,485,401,436,369,645,353,381,584,452,571,489,464,574,435,377,355,342,313,473,476,4034,320,550,325,511
SMALLTEXT_LEASTCONFIDENCE,283,615,248,289,1150,836,249,249,681,710,668,335,319,608,248,629,290,782,591,321,536,328,399,267,314,427,610,654,606,3004,325,255,320,4034,292,3020,289
SMALLTEXT_LIGHTWEIGHTCORESET,507,386,508,563,302,282,435,478,324,314,302,541,521,378,508,361,515,331,364,632,418,559,471,539,633,388,317,328,342,288,437,543,550,292,4034,318,566
SMALLTEXT_PREDICTIONENTROPY,241,609,267,295,860,815,269,245,706,681,672,342,340,598,267,636,253,751,564,333,546,340,417,271,335,431,667,593,591,2962,336,254,325,3020,318,4034,297
SMALLTEXT_RANDOM,427,340,432,4027,264,272,361,361,282,284,303,588,518,388,432,348,441,316,391,582,386,522,402,453,602,340,283,274,271,265,359,467,511,289,566,297,4034
