,ALIPY_CORESET_GREEDY,ALIPY_DENSITY_WEIGHTED,ALIPY_GRAPH_DENSITY,ALIPY_RANDOM,ALIPY_UNCERTAINTY_LC,ALIPY_UNCERTAINTY_MM,LIBACT_DWUS,LIBACT_QUIRE,LIBACT_UNCERTAINTY_ENT,LIBACT_UNCERTAINTY_LC,LIBACT_UNCERTAINTY_SM,OPTIMAL_GREEDY_10,OPTIMAL_GREEDY_20,PLAYGROUND_BANDIT,PLAYGROUND_GRAPH_DENSITY,PLAYGROUND_INFORMATIVE_DIVERSE,PLAYGROUND_KCENTER_GREEDY,PLAYGROUND_MARGIN,PLAYGROUND_MIXTURE,PLAYGROUND_UNIFORM,SKACTIVEML_COST_EMBEDDING,SKACTIVEML_DAL,SKACTIVEML_DWUS,SKACTIVEML_QBC,SKACTIVEML_QBC_VOTE_ENTROPY,SKACTIVEML_QUIRE,SKACTIVEML_US_ENTROPY,SKACTIVEML_US_LC,SKACTIVEML_US_MARGIN,SMALLTEXT_BREAKINGTIES,SMALLTEXT_CONTRASTIVEAL,SMALLTEXT_EMBEDDINGKMEANS,SMALLTEXT_GREEDYCORESET,SMALLTEXT_LEASTCONFIDENCE,SMALLTEXT_LIGHTWEIGHTCORESET,SMALLTEXT_PREDICTIONENTROPY,SMALLTEXT_RANDOM
ALIPY_CORESET_GREEDY,1.0,0.07411998016856718,0.024293505205751114,0.06420426375805652,0.04462072384729797,0.03991075855230541,0.09072880515617253,0.10708973723351513,0.022806147744174516,0.023797719385225583,0.02528507684680218,0.10237977193852256,0.10485870104115022,0.07486365889935548,0.024293505205751114,0.09048091224590976,1.0,0.058750619732275654,0.08676251859196826,0.10039662865642042,0.08180466038671294,0.10634605850272683,0.07858205255329698,0.09147248388696083,0.10684184432325236,0.06916212196331185,0.02255825483391175,0.021318790282597918,0.02528507684680218,0.02057511155180962,0.09717402082300446,0.10857709469509172,0.12816063460585028,0.024293505205751114,0.10262766484878533,0.021566683192860685,0.06420426375805652
ALIPY_DENSITY_WEIGHTED,0.07411998016856718,1.0,0.05156172533465543,0.06941001487357462,0.09444719881011403,0.09419930589985126,0.17575607337630145,0.20798215171046108,0.06296479920674268,0.07511155180961825,0.07040158651462568,0.16534457114526524,0.1782350024789291,0.12320277640059495,0.05156172533465543,0.14774417451660882,0.07411998016856718,0.11179970252850768,0.124194348041646,0.16385721368368864,0.1737729300941993,0.1685671789786812,0.17476450173525038,0.17302925136341102,0.17327714427367377,0.1826970748636589,0.07015369360436291,0.06891422905304909,0.06395637084779375,0.05528011898859692,0.1906296479920674,0.1901338621715419,0.18220128904313337,0.05428854734754586,0.16460089241447695,0.06742687159147248,0.06941001487357462
ALIPY_GRAPH_DENSITY,0.024293505205751114,0.05156172533465543,1.0,0.02949925632126921,0.025780862667327716,0.02751611303916708,0.06395637084779375,0.06445215666831929,0.019583539910758552,0.02032721864154685,0.01908775409023302,0.05751115518096182,0.06420426375805652,0.03767972235994051,1.0,0.045364402578086264,0.024293505205751114,0.027020327218641546,0.03222607833415964,0.06147744174516609,0.05230540406544373,0.0518096182449182,0.05304908279623203,0.05775904809122459,0.05701536936043629,0.05404065443728309,0.01760039662865642,0.018591968269707486,0.02107089737233515,0.01908775409023302,0.05676747645017353,0.05230540406544373,0.06891422905304909,0.01611303916707982,0.06767476450173525,0.01760039662865642,0.02949925632126921
ALIPY_RANDOM,0.06420426375805652,0.06941001487357462,0.02949925632126921,1.0,0.03148239960337134,0.03470500743678731,0.09742191373326722,0.07982151710461081,0.025780862667327716,0.021318790282597918,0.02528507684680218,0.0909766980664353,0.0999008428358949,0.06420426375805652,0.02949925632126921,0.07808626673277144,0.06420426375805652,0.051313832424392664,0.07387208725830441,0.0946950917203768,0.06395637084779375,0.09345562716906297,0.07411998016856718,0.09147248388696083,0.09494298463063956,0.06321269211700545,0.018839861179970253,0.02057511155180962,0.025037183936539417,0.018591968269707486,0.07882994546355974,0.1036192364898364,0.09643034209221617,0.01983143282102132,0.1036192364898364,0.01636093207734259,1.0
ALIPY_UNCERTAINTY_LC,0.04462072384729797,0.09444719881011403,0.025780862667327716,0.03148239960337134,1.0,0.7161626177491324,0.07882994546355974,0.0887456618740704,0.062221120475954385,0.06866633614278632,0.058750619732275654,0.07759048091224591,0.0805651958353991,0.07461576598909271,0.025780862667327716,0.08081308874566187,0.04462072384729797,0.13187902825979178,0.07759048091224591,0.07585523054040655,0.09072880515617253,0.08601883986117997,0.07907783837382251,0.08552305404065444,0.08279623202776401,0.08601883986117997,0.062221120475954385,0.07213683688646505,0.06296479920674268,0.12047595438770452,0.0813088745661874,0.08701041150223103,0.08180466038671294,0.21616261774913237,0.07411998016856718,0.12692117005453643,0.03148239960337134
ALIPY_UNCERTAINTY_MM,0.03991075855230541,0.09419930589985126,0.02751611303916708,0.03470500743678731,0.7161626177491324,1.0,0.08230044620723848,0.08899355478433317,0.05081804660386713,0.06048587010411502,0.07362419434804164,0.07734258800198314,0.07759048091224591,0.07709469509172037,0.02751611303916708,0.07982151710461081,0.03991075855230541,0.18071393158155677,0.09643034209221617,0.07734258800198314,0.0872583044124938,0.0805651958353991,0.07882994546355974,0.08849776896380764,0.07982151710461081,0.08230044620723848,0.052553296975706494,0.06073376301437779,0.07188894397620228,0.22062469013386218,0.08651462568170551,0.0872583044124938,0.08552305404065444,0.1212196331184928,0.07089737233515121,0.11155180961824492,0.03470500743678731
LIBACT_DWUS,0.09072880515617253,0.17575607337630145,0.06395637084779375,0.09742191373326722,0.07882994546355974,0.08230044620723848,1.0,0.23822508676251858,0.05528011898859692,0.0466038671294001,0.05577590480912246,0.2248388696083292,0.21913733267228558,0.15493306891422906,0.06395637084779375,0.18740704015865145,0.09072880515617253,0.11551809618244918,0.15418939018344074,0.2181457610312345,0.16831928606841845,0.22136836886465047,0.2131879028259792,0.21046108081308876,0.23847297967278136,0.17253346554288548,0.05676747645017353,0.05428854734754586,0.05701536936043629,0.05528011898859692,0.2464055528011899,0.297223599405057,0.21244422409519087,0.050322260783341594,0.22235994050570154,0.06048587010411502,0.09742191373326722
LIBACT_QUIRE,0.10708973723351513,0.20798215171046108,0.06445215666831929,0.07982151710461081,0.0887456618740704,0.08899355478433317,0.23822508676251858,1.0,0.06395637084779375,0.059494298463063956,0.06172533465542886,0.21566683192860683,0.2307882994546356,0.15344571145265246,0.06445215666831929,0.18988596926127913,0.10708973723351513,0.11650966782350025,0.14675260287555775,0.23029251363411007,0.1871591472483887,0.229300941993059,0.21120475954387705,0.20748636588993555,0.23103619236489836,0.19583539910758552,0.06073376301437779,0.05924640555280119,0.059742191373326724,0.058254833911750126,0.25409023301933564,0.27962320277640057,0.24392662369856222,0.05503222607833416,0.22087258304412494,0.06519583539910759,0.07982151710461081
LIBACT_UNCERTAINTY_ENT,0.022806147744174516,0.06296479920674268,0.019583539910758552,0.025780862667327716,0.062221120475954385,0.05081804660386713,0.05528011898859692,0.06395637084779375,1.0,0.7275656916212196,0.7134357957362419,0.06296479920674268,0.06296479920674268,0.05156172533465543,0.019583539910758552,0.05528011898859692,0.022806147744174516,0.044868616757560736,0.0458601883986118,0.06891422905304909,0.06569162121963312,0.058254833911750126,0.05552801189885969,0.06569162121963312,0.06048587010411502,0.06445215666831929,0.07312840852751612,0.05751115518096182,0.06073376301437779,0.05205751115518096,0.07461576598909271,0.06246901338621715,0.06395637084779375,0.05577590480912246,0.058750619732275654,0.07957362419434805,0.025780862667327716
LIBACT_UNCERTAINTY_LC,0.023797719385225583,0.07511155180961825,0.02032721864154685,0.021318790282597918,0.06866633614278632,0.06048587010411502,0.0466038671294001,0.059494298463063956,0.7275656916212196,1.0,0.7245909766980664,0.06321269211700545,0.06122954883490332,0.051065939514129896,0.02032721864154685,0.05701536936043629,0.023797719385225583,0.04933068914229053,0.04189390183440753,0.057263262270699056,0.07015369360436291,0.05751115518096182,0.054784333168071395,0.05800694100148736,0.05999008428358949,0.061973227565691624,0.062221120475954385,0.07114526524541398,0.06023797719385226,0.05552801189885969,0.07040158651462568,0.053792761527020325,0.05528011898859692,0.07040158651462568,0.053544868616757564,0.06593951412989589,0.021318790282597918
LIBACT_UNCERTAINTY_SM,0.02528507684680218,0.07040158651462568,0.01908775409023302,0.02528507684680218,0.058750619732275654,0.07362419434804164,0.05577590480912246,0.06172533465542886,0.7134357957362419,0.7245909766980664,1.0,0.06296479920674268,0.05899851264253842,0.04561229548834903,0.01908775409023302,0.058254833911750126,0.02528507684680218,0.048834903321764996,0.040406544372830935,0.059494298463063956,0.062221120475954385,0.06296479920674268,0.058254833911750126,0.062221120475954385,0.06271690629647993,0.06668319286068418,0.054784333168071395,0.05751115518096182,0.06990580069410014,0.07164105106593951,0.07263262270699058,0.06246901338621715,0.06122954883490332,0.058750619732275654,0.05924640555280119,0.05999008428358949,0.02528507684680218
OPTIMAL_GREEDY_10,0.10237977193852256,0.16534457114526524,0.05751115518096182,0.0909766980664353,0.07759048091224591,0.07734258800198314,0.2248388696083292,0.21566683192860683,0.06296479920674268,0.06321269211700545,0.06296479920674268,1.0,0.22384729796727815,0.1368368864650471,0.05751115518096182,0.17178978681209717,0.10237977193852256,0.11080813088745661,0.1611303916707982,0.21095686663361427,0.15989092711948438,0.21764997521070897,0.18244918195339613,0.20029747149231533,0.21492315319781854,0.15790778383738224,0.05775904809122459,0.05899851264253842,0.06172533465542886,0.04933068914229053,0.21492315319781854,0.24714923153197818,0.19410014873574616,0.04462072384729797,0.20847793753098662,0.05404065443728309,0.0909766980664353
OPTIMAL_GREEDY_20,0.10485870104115022,0.1782350024789291,0.06420426375805652,0.0999008428358949,0.0805651958353991,0.07759048091224591,0.21913733267228558,0.2307882994546356,0.06296479920674268,0.06122954883490332,0.05899851264253842,0.22384729796727815,1.0,0.13237481408031732,0.06420426375805652,0.17575607337630145,0.10485870104115022,0.10832920178482895,0.15319781854238967,0.2166584035696579,0.16435299950421417,0.21244422409519087,0.1849281110560238,0.21194843827466534,0.22062469013386218,0.16534457114526524,0.059742191373326724,0.059742191373326724,0.06073376301437779,0.042637580565195836,0.2131879028259792,0.244174516608825,0.21219633118492812,0.0451165096678235,0.20327218641546851,0.049826474962816066,0.0999008428358949
PLAYGROUND_BANDIT,0.07486365889935548,0.12320277640059495,0.03767972235994051,0.06420426375805652,0.07461576598909271,0.07709469509172037,0.15493306891422906,0.15344571145265246,0.05156172533465543,0.051065939514129896,0.04561229548834903,0.1368368864650471,0.13237481408031732,1.0,0.03767972235994051,0.319533961328706,0.07486365889935548,0.33093703520079326,0.29077838373822507,0.13782845810609817,0.13733267228557264,0.12890431333663857,0.12592959841348536,0.13807635101636093,0.1427863163113535,0.12369856222112048,0.05081804660386713,0.04833911750123947,0.04908279623202776,0.053792761527020325,0.14898363906792267,0.15468517600396628,0.139067922657412,0.05651958353991076,0.14229053049082796,0.051065939514129896,0.06420426375805652
PLAYGROUND_GRAPH_DENSITY,0.024293505205751114,0.05156172533465543,1.0,0.02949925632126921,0.025780862667327716,0.02751611303916708,0.06395637084779375,0.06445215666831929,0.019583539910758552,0.02032721864154685,0.01908775409023302,0.05751115518096182,0.06420426375805652,0.03767972235994051,1.0,0.045364402578086264,0.024293505205751114,0.027020327218641546,0.03222607833415964,0.06147744174516609,0.05230540406544373,0.0518096182449182,0.05304908279623203,0.05775904809122459,0.05701536936043629,0.05404065443728309,0.01760039662865642,0.018591968269707486,0.02107089737233515,0.01908775409023302,0.05676747645017353,0.05230540406544373,0.06891422905304909,0.01611303916707982,0.06767476450173525,0.01760039662865642,0.02949925632126921
PLAYGROUND_INFORMATIVE_DIVERSE,0.09048091224590976,0.14774417451660882,0.045364402578086264,0.07808626673277144,0.08081308874566187,0.07982151710461081,0.18740704015865145,0.18988596926127913,0.05528011898859692,0.05701536936043629,0.058254833911750126,0.17178978681209717,0.17575607337630145,0.319533961328706,0.045364402578086264,1.0,0.09048091224590976,0.297223599405057,0.3185423896876549,0.18691125433812594,0.14774417451660882,0.1752602875557759,0.1450173525037184,0.17402082300446206,0.18468021814576102,0.14551313832424392,0.052553296975706494,0.05081804660386713,0.05850272682201289,0.05577590480912246,0.19781854238968766,0.22136836886465047,0.18616757560733763,0.0532969757064948,0.1782350024789291,0.05800694100148736,0.07808626673277144
PLAYGROUND_KCENTER_GREEDY,1.0,0.07411998016856718,0.024293505205751114,0.06420426375805652,0.04462072384729797,0.03991075855230541,0.09072880515617253,0.10708973723351513,0.022806147744174516,0.023797719385225583,0.02528507684680218,0.10237977193852256,0.10485870104115022,0.07486365889935548,0.024293505205751114,0.09048091224590976,1.0,0.058750619732275654,0.08676251859196826,0.10039662865642042,0.08180466038671294,0.10634605850272683,0.07858205255329698,0.09147248388696083,0.10684184432325236,0.06916212196331185,0.02255825483391175,0.021318790282597918,0.02528507684680218,0.02057511155180962,0.09717402082300446,0.10857709469509172,0.12816063460585028,0.024293505205751114,0.10262766484878533,0.021566683192860685,0.06420426375805652
PLAYGROUND_MARGIN,0.058750619732275654,0.11179970252850768,0.027020327218641546,0.051313832424392664,0.13187902825979178,0.18071393158155677,0.11551809618244918,0.11650966782350025,0.044868616757560736,0.04933068914229053,0.048834903321764996,0.11080813088745661,0.10832920178482895,0.33093703520079326,0.027020327218641546,0.297223599405057,0.058750619732275654,1.0,0.4524045612295488,0.11204759543877045,0.1065939514129896,0.11031234506693109,0.10089241447694595,0.10758552305404065,0.11576598909271195,0.10337134357957363,0.04908279623202776,0.04561229548834903,0.04784333168071393,0.15270203272186417,0.12369856222112048,0.1331184928111056,0.11204759543877045,0.10262766484878533,0.11502231036192365,0.09667823500247893,0.051313832424392664
PLAYGROUND_MIXTURE,0.08676251859196826,0.124194348041646,0.03222607833415964,0.07387208725830441,0.07759048091224591,0.09643034209221617,0.15418939018344074,0.14675260287555775,0.0458601883986118,0.04189390183440753,0.040406544372830935,0.1611303916707982,0.15319781854238967,0.29077838373822507,0.03222607833415964,0.3185423896876549,0.08676251859196826,0.4524045612295488,1.0,0.15270203272186417,0.12196331184928111,0.14774417451660882,0.1271690629647992,0.14749628160634606,0.1499752107089737,0.12915220624690135,0.03470500743678731,0.03891918691125434,0.035696579077838374,0.07188894397620228,0.1588993554784333,0.18145761031234506,0.15865146256817056,0.05428854734754586,0.14030738720872582,0.058750619732275654,0.07387208725830441
PLAYGROUND_UNIFORM,0.10039662865642042,0.16385721368368864,0.06147744174516609,0.0946950917203768,0.07585523054040655,0.07734258800198314,0.2181457610312345,0.23029251363411007,0.06891422905304909,0.057263262270699056,0.059494298463063956,0.21095686663361427,0.2166584035696579,0.13782845810609817,0.06147744174516609,0.18691125433812594,0.10039662865642042,0.11204759543877045,0.15270203272186417,1.0,0.161378284581061,0.2055032226078334,0.18988596926127913,0.20624690133862172,0.21789786812097173,0.1574119980168567,0.05676747645017353,0.0480912245909767,0.05676747645017353,0.0473475458601884,0.21095686663361427,0.24739712444224096,0.22136836886465047,0.0473475458601884,0.20748636588993555,0.05156172533465543,0.0946950917203768
SKACTIVEML_COST_EMBEDDING,0.08180466038671294,0.1737729300941993,0.05230540406544373,0.06395637084779375,0.09072880515617253,0.0872583044124938,0.16831928606841845,0.1871591472483887,0.06569162121963312,0.07015369360436291,0.062221120475954385,0.15989092711948438,0.16435299950421417,0.13733267228557264,0.05230540406544373,0.14774417451660882,0.08180466038671294,0.1065939514129896,0.12196331184928111,0.161378284581061,1.0,0.15840356965790778,0.1685671789786812,0.1611303916707982,0.16311353495290035,0.17327714427367377,0.06420426375805652,0.05999008428358949,0.05924640555280119,0.05057015369360436,0.18443232523549827,0.1819533961328706,0.17203767972235995,0.0495785820525533,0.1588993554784333,0.06395637084779375,0.06395637084779375
SKACTIVEML_DAL,0.10634605850272683,0.1685671789786812,0.0518096182449182,0.09345562716906297,0.08601883986117997,0.0805651958353991,0.22136836886465047,0.229300941993059,0.058254833911750126,0.05751115518096182,0.06296479920674268,0.21764997521070897,0.21244422409519087,0.12890431333663857,0.0518096182449182,0.1752602875557759,0.10634605850272683,0.11031234506693109,0.14774417451660882,0.2055032226078334,0.15840356965790778,1.0,0.1841844323252355,0.20426375805651958,0.21789786812097173,0.1670798215171046,0.0495785820525533,0.05453644025780863,0.05057015369360436,0.053544868616757564,0.21417947446703026,0.24714923153197818,0.21269211700545365,0.05428854734754586,0.21021318790282598,0.05775904809122459,0.09345562716906297
SKACTIVEML_DWUS,0.07858205255329698,0.17476450173525038,0.05304908279623203,0.07411998016856718,0.07907783837382251,0.07882994546355974,0.2131879028259792,0.21120475954387705,0.05552801189885969,0.054784333168071395,0.058254833911750126,0.18244918195339613,0.1849281110560238,0.12592959841348536,0.05304908279623203,0.1450173525037184,0.07858205255329698,0.10089241447694595,0.1271690629647992,0.18988596926127913,0.1685671789786812,0.1841844323252355,1.0,0.1871591472483887,0.18765493306891423,0.16460089241447695,0.05701536936043629,0.058254833911750126,0.05676747645017353,0.05081804660386713,0.19757064947942488,0.21393158155676748,0.1864154685176004,0.042637580565195836,0.17674764501735252,0.05775904809122459,0.07411998016856718
SKACTIVEML_QBC,0.09147248388696083,0.17302925136341102,0.05775904809122459,0.09147248388696083,0.08552305404065444,0.08849776896380764,0.21046108081308876,0.20748636588993555,0.06569162121963312,0.05800694100148736,0.062221120475954385,0.20029747149231533,0.21194843827466534,0.13807635101636093,0.05775904809122459,0.17402082300446206,0.09147248388696083,0.10758552305404065,0.14749628160634606,0.20624690133862172,0.1611303916707982,0.20426375805651958,0.1871591472483887,1.0,0.2248388696083292,0.17178978681209717,0.05751115518096182,0.06470004957858205,0.059742191373326724,0.052553296975706494,0.21740208230044622,0.24690133862171543,0.21764997521070897,0.053544868616757564,0.20500743678730787,0.06048587010411502,0.09147248388696083
SKACTIVEML_QBC_VOTE_ENTROPY,0.10684184432325236,0.17327714427367377,0.05701536936043629,0.09494298463063956,0.08279623202776401,0.07982151710461081,0.23847297967278136,0.23103619236489836,0.06048587010411502,0.05999008428358949,0.06271690629647993,0.21492315319781854,0.22062469013386218,0.1427863163113535,0.05701536936043629,0.18468021814576102,0.10684184432325236,0.11576598909271195,0.1499752107089737,0.21789786812097173,0.16311353495290035,0.21789786812097173,0.18765493306891423,0.2248388696083292,1.0,0.16931085770946952,0.06172533465542886,0.053792761527020325,0.06246901338621715,0.05156172533465543,0.22657411998016858,0.2677243430837878,0.21492315319781854,0.04833911750123947,0.21938522558254833,0.05304908279623203,0.09494298463063956
SKACTIVEML_QUIRE,0.06916212196331185,0.1826970748636589,0.05404065443728309,0.06321269211700545,0.08601883986117997,0.08230044620723848,0.17253346554288548,0.19583539910758552,0.06445215666831929,0.061973227565691624,0.06668319286068418,0.15790778383738224,0.16534457114526524,0.12369856222112048,0.05404065443728309,0.14551313832424392,0.06916212196331185,0.10337134357957363,0.12915220624690135,0.1574119980168567,0.17327714427367377,0.1670798215171046,0.16460089241447695,0.17178978681209717,0.16931085770946952,1.0,0.07238472979672782,0.06593951412989589,0.06618740704015866,0.05280118988596926,0.19186911254338126,0.1856717897868121,0.16732771442736738,0.05751115518096182,0.16584035696579078,0.07064947942488845,0.06321269211700545
SKACTIVEML_US_ENTROPY,0.02255825483391175,0.07015369360436291,0.01760039662865642,0.018839861179970253,0.062221120475954385,0.052553296975706494,0.05676747645017353,0.06073376301437779,0.07312840852751612,0.062221120475954385,0.054784333168071395,0.05775904809122459,0.059742191373326724,0.05081804660386713,0.01760039662865642,0.052553296975706494,0.02255825483391175,0.04908279623202776,0.03470500743678731,0.05676747645017353,0.06420426375805652,0.0495785820525533,0.05701536936043629,0.05751115518096182,0.06172533465542886,0.07238472979672782,1.0,0.7310361923648984,0.7250867625185919,0.04933068914229053,0.05775904809122459,0.05775904809122459,0.058254833911750126,0.05999008428358949,0.05503222607833416,0.07486365889935548,0.018839861179970253
SKACTIVEML_US_LC,0.021318790282597918,0.06891422905304909,0.018591968269707486,0.02057511155180962,0.07213683688646505,0.06073376301437779,0.05428854734754586,0.05924640555280119,0.05751115518096182,0.07114526524541398,0.05751115518096182,0.05899851264253842,0.059742191373326724,0.04833911750123947,0.018591968269707486,0.05081804660386713,0.021318790282597918,0.04561229548834903,0.03891918691125434,0.0480912245909767,0.05999008428358949,0.05453644025780863,0.058254833911750126,0.06470004957858205,0.053792761527020325,0.06593951412989589,0.7310361923648984,1.0,0.7285572632622707,0.058254833911750126,0.058750619732275654,0.05503222607833416,0.06073376301437779,0.06916212196331185,0.05428854734754586,0.06519583539910759,0.02057511155180962
SKACTIVEML_US_MARGIN,0.02528507684680218,0.06395637084779375,0.02107089737233515,0.025037183936539417,0.06296479920674268,0.07188894397620228,0.05701536936043629,0.059742191373326724,0.06073376301437779,0.06023797719385226,0.06990580069410014,0.06172533465542886,0.06073376301437779,0.04908279623202776,0.02107089737233515,0.05850272682201289,0.02528507684680218,0.04784333168071393,0.035696579077838374,0.05676747645017353,0.05924640555280119,0.05057015369360436,0.05676747645017353,0.059742191373326724,0.06246901338621715,0.06618740704015866,0.7250867625185919,0.7285572632622707,1.0,0.06494794248884482,0.06569162121963312,0.05676747645017353,0.05899851264253842,0.05428854734754586,0.06147744174516609,0.06073376301437779,0.025037183936539417
SMALLTEXT_BREAKINGTIES,0.02057511155180962,0.05528011898859692,0.01908775409023302,0.018591968269707486,0.12047595438770452,0.22062469013386218,0.05528011898859692,0.058254833911750126,0.05205751115518096,0.05552801189885969,0.07164105106593951,0.04933068914229053,0.042637580565195836,0.053792761527020325,0.01908775409023302,0.05577590480912246,0.02057511155180962,0.15270203272186417,0.07188894397620228,0.0473475458601884,0.05057015369360436,0.053544868616757564,0.05081804660386713,0.052553296975706494,0.05156172533465543,0.05280118988596926,0.04933068914229053,0.058254833911750126,0.06494794248884482,1.0,0.059494298463063956,0.0518096182449182,0.05304908279623203,0.7151710461080814,0.0466038671294001,0.7087258304412494,0.018591968269707486
SMALLTEXT_CONTRASTIVEAL,0.09717402082300446,0.1906296479920674,0.05676747645017353,0.07882994546355974,0.0813088745661874,0.08651462568170551,0.2464055528011899,0.25409023301933564,0.07461576598909271,0.07040158651462568,0.07263262270699058,0.21492315319781854,0.2131879028259792,0.14898363906792267,0.05676747645017353,0.19781854238968766,0.09717402082300446,0.12369856222112048,0.1588993554784333,0.21095686663361427,0.18443232523549827,0.21417947446703026,0.19757064947942488,0.21740208230044622,0.22657411998016858,0.19186911254338126,0.05775904809122459,0.058750619732275654,0.06569162121963312,0.059494298463063956,1.0,0.2659890927119484,0.22285572632622708,0.05280118988596926,0.20897372335151215,0.06470004957858205,0.07882994546355974
SMALLTEXT_EMBEDDINGKMEANS,0.10857709469509172,0.1901338621715419,0.05230540406544373,0.1036192364898364,0.08701041150223103,0.0872583044124938,0.297223599405057,0.27962320277640057,0.06246901338621715,0.053792761527020325,0.06246901338621715,0.24714923153197818,0.244174516608825,0.15468517600396628,0.05230540406544373,0.22136836886465047,0.10857709469509172,0.1331184928111056,0.18145761031234506,0.24739712444224096,0.1819533961328706,0.24714923153197818,0.21393158155676748,0.24690133862171543,0.2677243430837878,0.1856717897868121,0.05775904809122459,0.05503222607833416,0.05676747645017353,0.0518096182449182,0.2659890927119484,1.0,0.2553296975706495,0.052553296975706494,0.2530986613782846,0.05751115518096182,0.1036192364898364
SMALLTEXT_GREEDYCORESET,0.12816063460585028,0.18220128904313337,0.06891422905304909,0.09643034209221617,0.08180466038671294,0.08552305404065444,0.21244422409519087,0.24392662369856222,0.06395637084779375,0.05528011898859692,0.06122954883490332,0.19410014873574616,0.21219633118492812,0.139067922657412,0.06891422905304909,0.18616757560733763,0.12816063460585028,0.11204759543877045,0.15865146256817056,0.22136836886465047,0.17203767972235995,0.21269211700545365,0.1864154685176004,0.21764997521070897,0.21492315319781854,0.16732771442736738,0.058254833911750126,0.06073376301437779,0.05899851264253842,0.05304908279623203,0.22285572632622708,0.2553296975706495,1.0,0.048834903321764996,0.21591472483886961,0.06073376301437779,0.09643034209221617
SMALLTEXT_LEASTCONFIDENCE,0.024293505205751114,0.05428854734754586,0.01611303916707982,0.01983143282102132,0.21616261774913237,0.1212196331184928,0.050322260783341594,0.05503222607833416,0.05577590480912246,0.07040158651462568,0.058750619732275654,0.04462072384729797,0.0451165096678235,0.05651958353991076,0.01611303916707982,0.0532969757064948,0.024293505205751114,0.10262766484878533,0.05428854734754586,0.0473475458601884,0.0495785820525533,0.05428854734754586,0.042637580565195836,0.053544868616757564,0.04833911750123947,0.05751115518096182,0.05999008428358949,0.06916212196331185,0.05428854734754586,0.7151710461080814,0.05280118988596926,0.052553296975706494,0.048834903321764996,1.0,0.05007436787307883,0.7159147248388696,0.01983143282102132
SMALLTEXT_LIGHTWEIGHTCORESET,0.10262766484878533,0.16460089241447695,0.06767476450173525,0.1036192364898364,0.07411998016856718,0.07089737233515121,0.22235994050570154,0.22087258304412494,0.058750619732275654,0.053544868616757564,0.05924640555280119,0.20847793753098662,0.20327218641546851,0.14229053049082796,0.06767476450173525,0.1782350024789291,0.10262766484878533,0.11502231036192365,0.14030738720872582,0.20748636588993555,0.1588993554784333,0.21021318790282598,0.17674764501735252,0.20500743678730787,0.21938522558254833,0.16584035696579078,0.05503222607833416,0.05428854734754586,0.06147744174516609,0.0466038671294001,0.20897372335151215,0.2530986613782846,0.21591472483886961,0.05007436787307883,1.0,0.053544868616757564,0.1036192364898364
SMALLTEXT_PREDICTIONENTROPY,0.021566683192860685,0.06742687159147248,0.01760039662865642,0.01636093207734259,0.12692117005453643,0.11155180961824492,0.06048587010411502,0.06519583539910759,0.07957362419434805,0.06593951412989589,0.05999008428358949,0.05404065443728309,0.049826474962816066,0.051065939514129896,0.01760039662865642,0.05800694100148736,0.021566683192860685,0.09667823500247893,0.058750619732275654,0.05156172533465543,0.06395637084779375,0.05775904809122459,0.05775904809122459,0.06048587010411502,0.05304908279623203,0.07064947942488845,0.07486365889935548,0.06519583539910759,0.06073376301437779,0.7087258304412494,0.06470004957858205,0.05751115518096182,0.06073376301437779,0.7159147248388696,0.053544868616757564,1.0,0.01636093207734259
SMALLTEXT_RANDOM,0.06420426375805652,0.06941001487357462,0.02949925632126921,1.0,0.03148239960337134,0.03470500743678731,0.09742191373326722,0.07982151710461081,0.025780862667327716,0.021318790282597918,0.02528507684680218,0.0909766980664353,0.0999008428358949,0.06420426375805652,0.02949925632126921,0.07808626673277144,0.06420426375805652,0.051313832424392664,0.07387208725830441,0.0946950917203768,0.06395637084779375,0.09345562716906297,0.07411998016856718,0.09147248388696083,0.09494298463063956,0.06321269211700545,0.018839861179970253,0.02057511155180962,0.025037183936539417,0.018591968269707486,0.07882994546355974,0.1036192364898364,0.09643034209221617,0.01983143282102132,0.1036192364898364,0.01636093207734259,1.0
