,ALIPY_CORESET_GREEDY,ALIPY_DENSITY_WEIGHTED,ALIPY_GRAPH_DENSITY,ALIPY_RANDOM,ALIPY_UNCERTAINTY_LC,ALIPY_UNCERTAINTY_MM,LIBACT_DWUS,LIBACT_QUIRE,LIBACT_UNCERTAINTY_ENT,LIBACT_UNCERTAINTY_LC,LIBACT_UNCERTAINTY_SM,OPTIMAL_GREEDY_10,OPTIMAL_GREEDY_20,PLAYGROUND_BANDIT,PLAYGROUND_GRAPH_DENSITY,PLAYGROUND_INFORMATIVE_DIVERSE,PLAYGROUND_KCENTER_GREEDY,PLAYGROUND_MARGIN,PLAYGROUND_MIXTURE,PLAYGROUND_UNIFORM,SKACTIVEML_COST_EMBEDDING,SKACTIVEML_DAL,SKACTIVEML_DWUS,SKACTIVEML_QBC,SKACTIVEML_QBC_VOTE_ENTROPY,SKACTIVEML_QUIRE,SKACTIVEML_US_ENTROPY,SKACTIVEML_US_LC,SKACTIVEML_US_MARGIN,SMALLTEXT_BREAKINGTIES,SMALLTEXT_CONTRASTIVEAL,SMALLTEXT_EMBEDDINGKMEANS,SMALLTEXT_GREEDYCORESET,SMALLTEXT_LEASTCONFIDENCE,SMALLTEXT_LIGHTWEIGHTCORESET,SMALLTEXT_PREDICTIONENTROPY,SMALLTEXT_RANDOM
ALIPY_CORESET_GREEDY,4034,452,397,687,229,233,502,436,228,216,219,852,793,427,397,550,4034,317,522,783,524,648,255,311,778,321,228,227,240,181,372,582,1156,188,533,182,687
ALIPY_DENSITY_WEIGHTED,452,4034,187,205,724,727,209,308,626,636,620,268,318,457,187,451,452,576,382,269,502,283,362,219,284,456,706,694,689,682,249,242,398,707,300,700,205
ALIPY_GRAPH_DENSITY,397,187,4034,400,154,164,276,131,143,145,160,494,482,284,4034,364,397,197,347,492,285,359,321,238,441,137,145,139,150,138,169,434,284,118,419,123,400
ALIPY_RANDOM,687,205,400,4034,201,236,248,123,237,207,235,1493,1433,552,400,595,687,283,648,1632,450,1128,363,439,1609,244,191,184,238,224,222,798,532,192,993,213,4034
ALIPY_UNCERTAINTY_LC,229,724,154,201,4034,3169,139,90,1114,1296,1025,305,306,701,154,704,229,1229,681,284,633,275,253,257,274,401,1159,1280,1003,1406,185,295,280,1931,250,1598,201
ALIPY_UNCERTAINTY_MM,233,727,164,236,3169,4034,139,105,895,1022,1294,332,325,773,164,789,233,1471,763,312,611,267,268,258,310,385,945,1008,1263,1935,160,255,292,1384,280,1291,236
LIBACT_DWUS,502,209,276,248,139,139,4034,369,158,156,152,296,285,212,276,228,502,187,242,276,301,257,636,217,262,337,141,141,134,127,261,466,556,128,346,131,248
LIBACT_QUIRE,436,308,131,123,90,105,369,4034,91,81,87,138,155,154,131,98,436,105,162,161,95,168,123,131,155,387,90,75,99,93,402,125,357,81,178,87,123
LIBACT_UNCERTAINTY_ENT,228,626,143,237,1114,895,158,91,4034,3309,3036,313,312,562,143,677,228,735,497,349,623,258,293,236,297,391,1198,985,838,1052,247,293,271,1273,266,1446,237
LIBACT_UNCERTAINTY_LC,216,636,145,207,1296,1022,156,81,3309,4034,3213,275,289,608,145,732,216,835,553,268,612,231,270,211,243,394,1099,1236,945,1159,168,275,272,1444,267,1326,207
LIBACT_UNCERTAINTY_SM,219,620,160,235,1025,1294,152,87,3036,3213,4034,296,299,642,160,799,219,899,578,304,605,241,290,246,290,387,856,981,1195,1448,147,255,284,1160,282,1123,235
OPTIMAL_GREEDY_10,852,268,494,1493,305,332,296,138,313,275,296,4034,2168,670,494,838,852,426,845,1651,533,1298,406,473,1664,332,288,293,334,293,255,1008,621,276,1137,281,1493
OPTIMAL_GREEDY_20,793,318,482,1433,306,325,285,155,312,289,299,2168,4034,673,482,834,793,405,851,1598,550,1292,371,495,1601,357,288,292,324,304,245,935,626,275,1113,280,1433
PLAYGROUND_BANDIT,427,457,284,552,701,773,212,154,562,608,642,670,673,4034,284,1587,427,2256,1985,693,1105,543,319,336,634,681,574,604,621,719,244,472,506,648,582,629,552
PLAYGROUND_GRAPH_DENSITY,397,187,4034,400,154,164,276,131,143,145,160,494,482,284,4034,364,397,197,347,492,285,359,321,238,441,137,145,139,150,138,169,434,284,118,419,123,400
PLAYGROUND_INFORMATIVE_DIVERSE,550,451,364,595,704,789,228,98,677,732,799,838,834,1587,364,4034,550,1709,1595,655,1074,551,291,385,705,700,673,719,774,761,254,644,499,660,542,658,595
PLAYGROUND_KCENTER_GREEDY,4034,452,397,687,229,233,502,436,228,216,219,852,793,427,397,550,4034,317,522,783,524,648,255,311,778,321,228,227,240,181,372,582,1156,188,533,182,687
PLAYGROUND_MARGIN,317,576,197,283,1229,1471,187,105,735,835,899,426,405,2256,197,1709,317,4034,1904,372,1089,293,261,305,368,691,767,830,880,1367,222,337,374,1092,406,1038,283
PLAYGROUND_MIXTURE,522,382,347,648,681,763,242,162,497,553,578,845,851,1985,347,1595,522,1904,4034,798,960,575,340,431,751,640,505,544,578,661,250,654,620,549,659,544,648
PLAYGROUND_UNIFORM,783,269,492,1632,284,312,276,161,349,268,304,1651,1598,693,492,655,783,372,798,4034,567,1132,396,501,1840,332,254,251,281,326,288,911,664,280,1086,289,1632
SKACTIVEML_COST_EMBEDDING,524,502,285,450,633,611,301,95,623,612,605,533,550,1105,285,1074,524,1089,960,567,4034,429,400,383,570,828,637,620,595,529,250,540,530,569,555,593,450
SKACTIVEML_DAL,648,283,359,1128,275,267,257,168,258,231,241,1298,1292,543,359,551,648,293,575,1132,429,4034,426,423,1163,270,233,243,243,240,230,678,500,242,861,245,1128
SKACTIVEML_DWUS,255,362,321,363,253,268,636,123,293,270,290,406,371,319,321,291,255,261,340,396,400,426,4034,277,457,276,307,288,303,268,190,376,294,263,357,285,363
SKACTIVEML_QBC,311,219,238,439,257,258,217,131,236,211,246,473,495,336,238,385,311,305,431,501,383,423,277,4034,499,234,210,211,249,240,267,455,354,217,438,227,439
SKACTIVEML_QBC_VOTE_ENTROPY,778,284,441,1609,274,310,262,155,297,243,290,1664,1601,634,441,705,778,368,751,1840,570,1163,457,499,4034,319,243,227,284,309,266,913,648,240,1060,250,1609
SKACTIVEML_QUIRE,321,456,137,244,401,385,337,387,391,394,387,332,357,681,137,700,321,691,640,332,828,270,276,234,319,4034,375,370,356,341,237,215,448,353,313,357,244
SKACTIVEML_US_ENTROPY,228,706,145,191,1159,945,141,90,1198,1099,856,288,288,574,145,673,228,767,505,254,637,233,307,210,243,375,4034,3382,3110,845,184,259,260,1053,231,1266,191
SKACTIVEML_US_LC,227,694,139,184,1280,1008,141,75,985,1236,981,293,292,604,139,719,227,830,544,251,620,243,288,211,227,370,3382,4034,3218,919,178,270,255,1176,236,1055,184
SKACTIVEML_US_MARGIN,240,689,150,238,1003,1263,134,99,838,945,1195,334,324,621,150,774,240,880,578,281,595,243,303,249,284,356,3110,3218,4034,1149,152,234,268,922,256,869,238
SMALLTEXT_BREAKINGTIES,181,682,138,224,1406,1935,127,93,1052,1159,1448,293,304,719,138,761,181,1367,661,326,529,240,268,240,309,341,845,919,1149,4034,161,244,257,3146,272,3060,224
SMALLTEXT_CONTRASTIVEAL,372,249,169,222,185,160,261,402,247,168,147,255,245,244,169,254,372,222,250,288,250,230,190,267,266,237,184,178,152,161,4034,289,574,183,279,175,222
SMALLTEXT_EMBEDDINGKMEANS,582,242,434,798,295,255,466,125,293,275,255,1008,935,472,434,644,582,337,654,911,540,678,376,455,913,215,259,270,234,244,289,4034,704,273,876,272,798
SMALLTEXT_GREEDYCORESET,1156,398,284,532,280,292,556,357,271,272,284,621,626,506,284,499,1156,374,620,664,530,500,294,354,648,448,260,255,268,257,574,704,4034,257,644,251,532
SMALLTEXT_LEASTCONFIDENCE,188,707,118,192,1931,1384,128,81,1273,1444,1160,276,275,648,118,660,188,1092,549,280,569,242,263,217,240,353,1053,1176,922,3146,183,273,257,4034,263,3396,192
SMALLTEXT_LIGHTWEIGHTCORESET,533,300,419,993,250,280,346,178,266,267,282,1137,1113,582,419,542,533,406,659,1086,555,861,357,438,1060,313,231,236,256,272,279,876,644,263,4034,265,993
SMALLTEXT_PREDICTIONENTROPY,182,700,123,213,1598,1291,131,87,1446,1326,1123,281,280,629,123,658,182,1038,544,289,593,245,285,227,250,357,1266,1055,869,3060,175,272,251,3396,265,4034,213
SMALLTEXT_RANDOM,687,205,400,4034,201,236,248,123,237,207,235,1493,1433,552,400,595,687,283,648,1632,450,1128,363,439,1609,244,191,184,238,224,222,798,532,192,993,213,4034
