,ALIPY_CORESET_GREEDY,ALIPY_DENSITY_WEIGHTED,ALIPY_GRAPH_DENSITY,ALIPY_RANDOM,ALIPY_UNCERTAINTY_LC,ALIPY_UNCERTAINTY_MM,LIBACT_DWUS,LIBACT_QUIRE,LIBACT_UNCERTAINTY_ENT,LIBACT_UNCERTAINTY_LC,LIBACT_UNCERTAINTY_SM,OPTIMAL_GREEDY_10,OPTIMAL_GREEDY_20,PLAYGROUND_BANDIT,PLAYGROUND_GRAPH_DENSITY,PLAYGROUND_INFORMATIVE_DIVERSE,PLAYGROUND_KCENTER_GREEDY,PLAYGROUND_MARGIN,PLAYGROUND_MIXTURE,PLAYGROUND_UNIFORM,SKACTIVEML_COST_EMBEDDING,SKACTIVEML_DAL,SKACTIVEML_DWUS,SKACTIVEML_QBC,SKACTIVEML_QBC_VOTE_ENTROPY,SKACTIVEML_QUIRE,SKACTIVEML_US_ENTROPY,SKACTIVEML_US_LC,SKACTIVEML_US_MARGIN,SMALLTEXT_BREAKINGTIES,SMALLTEXT_CONTRASTIVEAL,SMALLTEXT_EMBEDDINGKMEANS,SMALLTEXT_GREEDYCORESET,SMALLTEXT_LEASTCONFIDENCE,SMALLTEXT_LIGHTWEIGHTCORESET,SMALLTEXT_PREDICTIONENTROPY,SMALLTEXT_RANDOM
ALIPY_CORESET_GREEDY,1.0,0.14328210213187903,0.06792265741199802,0.09816559246405553,0.07238472979672782,0.06767476450173525,0.07312840852751612,0.17699553792761527,0.06593951412989589,0.06569162121963312,0.06321269211700545,0.11923648983639068,0.12295488349033218,0.0991571641051066,0.06792265741199802,0.11551809618244918,0.7126921170054537,0.0909766980664353,0.11750123946455131,0.12617749132374814,0.10237977193852256,0.11948438274665345,0.08849776896380764,0.10684184432325236,0.12171541893901834,0.12047595438770452,0.059742191373326724,0.06420426375805652,0.062221120475954385,0.059742191373326724,0.12221120475954388,0.13882002974714924,0.24070401586514625,0.059742191373326724,0.14179474467030243,0.06346058502726822,0.09816559246405553
ALIPY_DENSITY_WEIGHTED,0.14328210213187903,1.0,0.07188894397620228,0.08651462568170551,0.10337134357957363,0.09866137828458106,0.12816063460585028,0.22136836886465047,0.08775409023301933,0.08626673277144274,0.0842835894893406,0.12766484878532475,0.13510163609320774,0.12617749132374814,0.07188894397620228,0.15270203272186417,0.14328210213187903,0.1256817055032226,0.1375805651958354,0.12592959841348536,0.12617749132374814,0.14352999504214178,0.13733267228557264,0.13138324243926625,0.13287059990084282,0.16881507188894398,0.08676251859196826,0.08824987605354487,0.08403569657907783,0.08180466038671294,0.15666831928606842,0.180466038671294,0.19533961328705998,0.0887456618740704,0.15418939018344074,0.08973723351512147,0.08651462568170551
ALIPY_GRAPH_DENSITY,0.06792265741199802,0.07188894397620228,1.0,0.07560733763014378,0.06271690629647993,0.06370847793753098,0.090233019335647,0.08676251859196826,0.05503222607833416,0.05701536936043629,0.06122954883490332,0.09221616261774913,0.0924640555280119,0.0813088745661874,0.7126921170054537,0.07932573128408528,0.06792265741199802,0.07461576598909271,0.08081308874566187,0.09419930589985126,0.07560733763014378,0.08775409023301933,0.08155676747645017,0.09295984134853744,0.09221616261774913,0.08006941001487357,0.059742191373326724,0.059494298463063956,0.06172533465542886,0.05850272682201289,0.0842835894893406,0.0909766980664353,0.06990580069410014,0.05701536936043629,0.0946950917203768,0.06246901338621715,0.07560733763014378
ALIPY_RANDOM,0.09816559246405553,0.08651462568170551,0.07560733763014378,1.0,0.07089737233515121,0.07387208725830441,0.11551809618244918,0.10485870104115022,0.06296479920674268,0.06395637084779375,0.06792265741199802,0.13361427863163114,0.13782845810609817,0.11080813088745661,0.07560733763014378,0.11303916707982152,0.09816559246405553,0.0946950917203768,0.12245909766980664,0.1368368864650471,0.10262766484878533,0.1383242439266237,0.11031234506693109,0.12915220624690135,0.1353495290034705,0.0917203767972236,0.05651958353991076,0.06246901338621715,0.06470004957858205,0.06420426375805652,0.11700545364402579,0.12518591968269707,0.10907288051561725,0.06321269211700545,0.12270699058006941,0.06544372830937036,0.7126921170054537
ALIPY_UNCERTAINTY_LC,0.07238472979672782,0.10337134357957363,0.06271690629647993,0.07089737233515121,1.0,0.8158155676747645,0.3708477937530987,0.3802677243430838,0.3859692612791274,0.3924144769459593,0.38299454635597424,0.3775409023301934,0.37605354486861675,0.39067922657411996,0.35002478929102626,0.3817550818046604,0.3596926127912742,0.43381259295984137,0.38274665344571146,0.37977193852255825,0.37605354486861675,0.3812592959841348,0.3817550818046604,0.37530986613782846,0.3743182944967774,0.38943976202280617,0.3859692612791274,0.39464551313832424,0.38349033217649975,0.42340109072880516,0.3852255825483391,0.38200297471492317,0.3710956866633614,0.4590976698066435,0.3787803668815072,0.4251363411006445,0.35820525532969755
ALIPY_UNCERTAINTY_MM,0.06767476450173525,0.09866137828458106,0.06370847793753098,0.07387208725830441,0.8158155676747645,1.0,0.37580565195835397,0.3765493306891423,0.3777887952404561,0.38200297471492317,0.394893406048587,0.3785324739712444,0.3802677243430838,0.3936539414972732,0.35101636093207733,0.3877045116509668,0.3549826474962816,0.4707486365889936,0.3877045116509668,0.38349033217649975,0.37630143777887953,0.37952404561229547,0.38299454635597424,0.3740704015865146,0.37258304412493803,0.38696083292017847,0.3787803668815072,0.3802677243430838,0.39315815567674767,0.46132870599900844,0.38671294000991574,0.3882002974714923,0.3701041150223104,0.41968269707486366,0.37927615270203274,0.4154685176003966,0.36117997025285076
LIBACT_DWUS,0.07312840852751612,0.12816063460585028,0.090233019335647,0.11551809618244918,0.3708477937530987,0.37580565195835397,1.0,0.466038671294001,0.3587010411502231,0.3589489340604859,0.360932077342588,0.4595934556271691,0.4519087754090233,0.4476945959345563,0.3775409023301934,0.4588497768963808,0.36043629152206247,0.4340604858701041,0.44942984630639565,0.4590976698066435,0.42389687654933067,0.4447198810114031,0.5240456122954883,0.47174020823004464,0.46430342092216165,0.46851760039662865,0.3621715418939018,0.3624194348041646,0.36192364898363905,0.3621715418939018,0.4940505701536936,0.5386712940009916,0.40282597917699553,0.35994050570153696,0.4229053049082796,0.36514625681705504,0.40282597917699553
LIBACT_QUIRE,0.17699553792761527,0.22136836886465047,0.08676251859196826,0.10485870104115022,0.3802677243430838,0.3765493306891423,0.466038671294001,1.0,0.37183936539414975,0.368368864650471,0.36812097174020825,0.46182449181953394,0.4600892414476946,0.4467030242935052,0.3740704015865146,0.4712444224095191,0.46430342092216165,0.4263758056519584,0.44992563212692116,0.44695091720376795,0.43877045116509666,0.4712444224095191,0.44942984630639565,0.4578582052553297,0.4630639563708478,0.5168567178978681,0.3673772930094199,0.3691125433812593,0.3666336142786316,0.36068418443232525,0.5131383242439266,0.5877540902330194,0.5421417947446703,0.3624194348041646,0.5143777887952404,0.35820525532969755,0.3921665840356966
LIBACT_UNCERTAINTY_ENT,0.06593951412989589,0.08775409023301933,0.05503222607833416,0.06296479920674268,0.3859692612791274,0.3777887952404561,0.3587010411502231,0.37183936539414975,1.0,0.8235002478929102,0.8103619236489836,0.3639067922657412,0.3634110064452157,0.37530986613782846,0.34234010907288054,0.37258304412493803,0.35324739712444225,0.37580565195835397,0.3666336142786316,0.3587010411502231,0.36142786316311354,0.36415468517600397,0.36365889935547846,0.35845314823996033,0.3661378284581061,0.3745661874070402,0.3929102627664849,0.3824987605354487,0.3710956866633614,0.38001983143282103,0.3713435795736242,0.3705999008428359,0.36117997025285076,0.38745661874070403,0.3671294000991572,0.39142290530490825,0.35027268220128904
LIBACT_UNCERTAINTY_LC,0.06569162121963312,0.08626673277144274,0.05701536936043629,0.06395637084779375,0.3924144769459593,0.38200297471492317,0.3589489340604859,0.368368864650471,0.8235002478929102,1.0,0.8173029251363411,0.3668815071888944,0.3646504709965295,0.37258304412493803,0.3443232523549826,0.3745661874070402,0.35299950421417947,0.37530986613782846,0.3691125433812593,0.3626673277144274,0.3629152206246901,0.3621715418939018,0.3673772930094199,0.3594447198810114,0.36787307882994547,0.37580565195835397,0.37902825979176996,0.3924144769459593,0.37159147248388696,0.38373822508676253,0.37183936539414975,0.3639067922657412,0.3616757560733763,0.394893406048587,0.36117997025285076,0.39018344075359446,0.3512642538423401
LIBACT_UNCERTAINTY_SM,0.06321269211700545,0.0842835894893406,0.06122954883490332,0.06792265741199802,0.38299454635597424,0.394893406048587,0.360932077342588,0.36812097174020825,0.8103619236489836,0.8173029251363411,1.0,0.36812097174020825,0.3696083292017848,0.37530986613782846,0.3485374318294497,0.38001983143282103,0.3505205751115518,0.3815071888943976,0.3696083292017848,0.3671294000991572,0.36489836390679226,0.3668815071888944,0.3666336142786316,0.36564204263758054,0.37183936539414975,0.3696083292017848,0.36861675756073375,0.37530986613782846,0.3852255825483391,0.3958849776896381,0.3787803668815072,0.3713435795736242,0.36415468517600397,0.38349033217649975,0.36787307882994547,0.37902825979176996,0.3552305404065444
OPTIMAL_GREEDY_10,0.11923648983639068,0.12766484878532475,0.09221616261774913,0.13361427863163114,0.3775409023301934,0.3785324739712444,0.4595934556271691,0.46182449181953394,0.3639067922657412,0.3668815071888944,0.36812097174020825,1.0,0.4940505701536936,0.4400099157164105,0.37952404561229547,0.4595934556271691,0.40654437283093703,0.4191869112543381,0.45686663361427865,0.47992067426871593,0.41398116013882,0.47992067426871593,0.4476945959345563,0.48016856717897866,0.485126425384234,0.433068914229053,0.3594447198810114,0.36142786316311354,0.3710956866633614,0.36489836390679226,0.4638076351016361,0.5143777887952404,0.44918195339613287,0.3631631135349529,0.46777392166584036,0.3663857213683689,0.4209221616261775
OPTIMAL_GREEDY_20,0.12295488349033218,0.13510163609320774,0.0924640555280119,0.13782845810609817,0.37605354486861675,0.3802677243430838,0.4519087754090233,0.4600892414476946,0.3634110064452157,0.3646504709965295,0.3696083292017848,0.4940505701536936,1.0,0.44571145265245415,0.37977193852255825,0.45810609816559245,0.4102627664848785,0.42067426871591473,0.4578582052553297,0.4816559246405553,0.41596430342092217,0.47545860188398614,0.440505701536936,0.46628656420426373,0.48314328210213187,0.4400099157164105,0.3601883986117997,0.36365889935547846,0.36489836390679226,0.3646504709965295,0.46826970748636587,0.5061973227565691,0.44868616757560736,0.3624194348041646,0.4727317798710957,0.3673772930094199,0.4251363411006445
PLAYGROUND_BANDIT,0.0991571641051066,0.12617749132374814,0.0813088745661874,0.11080813088745661,0.39067922657411996,0.3936539414972732,0.4476945959345563,0.4467030242935052,0.37530986613782846,0.37258304412493803,0.37530986613782846,0.4400099157164105,0.44571145265245415,1.0,0.36861675756073375,0.46826970748636587,0.38646504709965296,0.49727317798710957,0.4707486365889936,0.4340604858701041,0.43232523549826474,0.4340604858701041,0.4335647000495786,0.44124938026772437,0.4422409519087754,0.43901834407535945,0.37307882994546354,0.37630143777887953,0.3735746157659891,0.37605354486861675,0.4489340604858701,0.4600892414476946,0.4221616261774913,0.3713435795736242,0.43158155676747645,0.37159147248388696,0.39811601388200296
PLAYGROUND_GRAPH_DENSITY,0.06792265741199802,0.07188894397620228,0.7126921170054537,0.07560733763014378,0.35002478929102626,0.35101636093207733,0.3775409023301934,0.3740704015865146,0.34234010907288054,0.3443232523549826,0.3485374318294497,0.37952404561229547,0.37977193852255825,0.36861675756073375,1.0,0.3666336142786316,0.3552305404065444,0.36192364898363905,0.36812097174020825,0.3815071888943976,0.3629152206246901,0.3750619732275657,0.36886465047099654,0.3802677243430838,0.37952404561229547,0.3673772930094199,0.34705007436787305,0.3468021814576103,0.3490332176499752,0.34581060981655926,0.37159147248388696,0.3782845810609817,0.3572136836886465,0.3443232523549826,0.38200297471492317,0.34977689638076354,0.3629152206246901
PLAYGROUND_INFORMATIVE_DIVERSE,0.11551809618244918,0.15270203272186417,0.07932573128408528,0.11303916707982152,0.3817550818046604,0.3877045116509668,0.4588497768963808,0.4712444224095191,0.37258304412493803,0.3745661874070402,0.38001983143282103,0.4595934556271691,0.45810609816559245,0.46826970748636587,0.3666336142786316,1.0,0.40282597917699553,0.4598413485374318,0.48363906792265743,0.45736241943480416,0.4367873078829945,0.4558750619732276,0.43455627169062966,0.4514129895884978,0.46033713435795737,0.44992563212692116,0.3733267228557263,0.3708477937530987,0.3738225086762519,0.37927615270203274,0.4615765989092712,0.5059494298463064,0.45017352503718394,0.37530986613782846,0.46802181457610315,0.37208725830441247,0.4003470500743679
PLAYGROUND_KCENTER_GREEDY,0.7126921170054537,0.14328210213187903,0.06792265741199802,0.09816559246405553,0.3596926127912742,0.3549826474962816,0.36043629152206247,0.46430342092216165,0.35324739712444225,0.35299950421417947,0.3505205751115518,0.40654437283093703,0.4102627664848785,0.38646504709965296,0.3552305404065444,0.40282597917699553,1.0,0.3782845810609817,0.40480912245909767,0.4134853743182945,0.3896876549330689,0.4067922657411998,0.37580565195835397,0.39414972731779874,0.4090233019335647,0.4077838373822509,0.34705007436787305,0.3515121467526029,0.34952900347050075,0.34705007436787305,0.40951908775409024,0.4261279127416956,0.5280118988596926,0.34705007436787305,0.4291026276648488,0.35076846802181455,0.3854734754586019
PLAYGROUND_MARGIN,0.0909766980664353,0.1256817055032226,0.07461576598909271,0.0946950917203768,0.43381259295984137,0.4707486365889936,0.4340604858701041,0.4263758056519584,0.37580565195835397,0.37530986613782846,0.3815071888943976,0.4191869112543381,0.42067426871591473,0.49727317798710957,0.36192364898363905,0.4598413485374318,0.3782845810609817,1.0,0.45290034705007437,0.4209221616261775,0.4298463063956371,0.4251363411006445,0.4268715914724839,0.421417947446703,0.424640555280119,0.4333168071393158,0.3782845810609817,0.3770451165096678,0.38200297471492317,0.44695091720376795,0.4367873078829945,0.45463559742191373,0.4082796232027764,0.4134853743182945,0.42389687654933067,0.41249380267724345,0.38200297471492317
PLAYGROUND_MIXTURE,0.11750123946455131,0.1375805651958354,0.08081308874566187,0.12245909766980664,0.38274665344571146,0.3877045116509668,0.44942984630639565,0.44992563212692116,0.3666336142786316,0.3691125433812593,0.3696083292017848,0.45686663361427865,0.4578582052553297,0.4707486365889936,0.36812097174020825,0.48363906792265743,0.40480912245909767,0.45290034705007437,1.0,0.4583539910758552,0.42811105602379773,0.46108081308874566,0.4519087754090233,0.4625681705503223,0.4739712444224095,0.44273673772930094,0.36886465047099654,0.3698562221120476,0.37679722359940504,0.3775409023301934,0.4541398116013882,0.48314328210213187,0.43480416460089244,0.36886465047099654,0.45017352503718394,0.37530986613782846,0.409766980664353
PLAYGROUND_UNIFORM,0.12617749132374814,0.12592959841348536,0.09419930589985126,0.1368368864650471,0.37977193852255825,0.38349033217649975,0.4590976698066435,0.44695091720376795,0.3587010411502231,0.3626673277144274,0.3671294000991572,0.47992067426871593,0.4816559246405553,0.4340604858701041,0.3815071888943976,0.45736241943480416,0.4134853743182945,0.4209221616261775,0.4583539910758552,1.0,0.41621219633118495,0.4742191373326723,0.44620723847297966,0.46851760039662865,0.4744670302429351,0.43182944967773923,0.3589489340604859,0.3616757560733763,0.36489836390679226,0.3663857213683689,0.4665344571145265,0.504214179474467,0.4504214179474467,0.3587010411502231,0.4769459593455627,0.3601883986117997,0.42414476945959345
SKACTIVEML_COST_EMBEDDING,0.10237977193852256,0.12617749132374814,0.07560733763014378,0.10262766484878533,0.37605354486861675,0.37630143777887953,0.42389687654933067,0.43877045116509666,0.36142786316311354,0.3629152206246901,0.36489836390679226,0.41398116013882,0.41596430342092217,0.43232523549826474,0.3629152206246901,0.4367873078829945,0.3896876549330689,0.4298463063956371,0.42811105602379773,0.41621219633118495,1.0,0.4305899851264254,0.42563212692117003,0.4261279127416956,0.41993058998512645,0.43877045116509666,0.36117997025285076,0.36440257808626675,0.36514625681705504,0.36068418443232525,0.4266236985622211,0.44496777392166587,0.42563212692117003,0.360932077342588,0.42340109072880516,0.3629152206246901,0.3899355478433317
SKACTIVEML_DAL,0.11948438274665345,0.14352999504214178,0.08775409023301933,0.1383242439266237,0.3812592959841348,0.37952404561229547,0.4447198810114031,0.4712444224095191,0.36415468517600397,0.3621715418939018,0.3668815071888944,0.47992067426871593,0.47545860188398614,0.4340604858701041,0.3750619732275657,0.4558750619732276,0.4067922657411998,0.4251363411006445,0.46108081308874566,0.4742191373326723,0.4305899851264254,1.0,0.4367873078829945,0.46777392166584036,0.47372335151214673,0.4414972731779871,0.36365889935547846,0.36564204263758054,0.3629152206246901,0.3661378284581061,0.4712444224095191,0.5171046108081309,0.45314823996033715,0.3626673277144274,0.4814080317302925,0.36489836390679226,0.42563212692117003
SKACTIVEML_DWUS,0.08849776896380764,0.13733267228557264,0.08155676747645017,0.11031234506693109,0.3817550818046604,0.38299454635597424,0.5240456122954883,0.44942984630639565,0.36365889935547846,0.3673772930094199,0.3666336142786316,0.4476945959345563,0.440505701536936,0.4335647000495786,0.36886465047099654,0.43455627169062966,0.37580565195835397,0.4268715914724839,0.4519087754090233,0.44620723847297966,0.42563212692117003,0.4367873078829945,1.0,0.451165096678235,0.4452156668319286,0.4407535944471988,0.3646504709965295,0.36514625681705504,0.3671294000991572,0.3624194348041646,0.4598413485374318,0.4888448190381755,0.40282597917699553,0.36489836390679226,0.4298463063956371,0.3661378284581061,0.39762022806147745
SKACTIVEML_QBC,0.10684184432325236,0.13138324243926625,0.09295984134853744,0.12915220624690135,0.37530986613782846,0.3740704015865146,0.47174020823004464,0.4578582052553297,0.35845314823996033,0.3594447198810114,0.36564204263758054,0.48016856717897866,0.46628656420426373,0.44124938026772437,0.3802677243430838,0.4514129895884978,0.39414972731779874,0.421417947446703,0.4625681705503223,0.46851760039662865,0.4261279127416956,0.46777392166584036,0.451165096678235,1.0,0.4890927119484383,0.44248884481903816,0.3616757560733763,0.3624194348041646,0.3629152206246901,0.360932077342588,0.46033713435795737,0.496777392166584,0.4340604858701041,0.3621715418939018,0.46777392166584036,0.360932077342588,0.4164600892414477
SKACTIVEML_QBC_VOTE_ENTROPY,0.12171541893901834,0.13287059990084282,0.09221616261774913,0.1353495290034705,0.3743182944967774,0.37258304412493803,0.46430342092216165,0.4630639563708478,0.3661378284581061,0.36787307882994547,0.37183936539414975,0.485126425384234,0.48314328210213187,0.4422409519087754,0.37952404561229547,0.46033713435795737,0.4090233019335647,0.424640555280119,0.4739712444224095,0.4744670302429351,0.41993058998512645,0.47372335151214673,0.4452156668319286,0.4890927119484383,1.0,0.4402578086266733,0.3663857213683689,0.36514625681705504,0.3691125433812593,0.35994050570153696,0.45463559742191373,0.5126425384234011,0.4467030242935052,0.3631631135349529,0.47297967278135844,0.36489836390679226,0.4226574119980169
SKACTIVEML_QUIRE,0.12047595438770452,0.16881507188894398,0.08006941001487357,0.0917203767972236,0.38943976202280617,0.38696083292017847,0.46851760039662865,0.5168567178978681,0.3745661874070402,0.37580565195835397,0.3696083292017848,0.433068914229053,0.4400099157164105,0.43901834407535945,0.3673772930094199,0.44992563212692116,0.4077838373822509,0.4333168071393158,0.44273673772930094,0.43182944967773923,0.43877045116509666,0.4414972731779871,0.4407535944471988,0.44248884481903816,0.4402578086266733,1.0,0.37630143777887953,0.37307882994546354,0.3745661874070402,0.3673772930094199,0.47892910262766486,0.5039662865642043,0.44645513138324244,0.3701041150223104,0.4556271690629648,0.37580565195835397,0.37902825979176996
SKACTIVEML_US_ENTROPY,0.059742191373326724,0.08676251859196826,0.059742191373326724,0.05651958353991076,0.3859692612791274,0.3787803668815072,0.3621715418939018,0.3673772930094199,0.3929102627664849,0.37902825979176996,0.36861675756073375,0.3594447198810114,0.3601883986117997,0.37307882994546354,0.34705007436787305,0.3733267228557263,0.34705007436787305,0.3782845810609817,0.36886465047099654,0.3589489340604859,0.36117997025285076,0.36365889935547846,0.3646504709965295,0.3616757560733763,0.3663857213683689,0.37630143777887953,1.0,0.8227565691621219,0.8155676747645018,0.3701041150223104,0.3710956866633614,0.3666336142786316,0.3596926127912742,0.37952404561229547,0.36117997025285076,0.3911750123946455,0.3438274665344571
SKACTIVEML_US_LC,0.06420426375805652,0.08824987605354487,0.059494298463063956,0.06246901338621715,0.39464551313832424,0.3802677243430838,0.3624194348041646,0.3691125433812593,0.3824987605354487,0.3924144769459593,0.37530986613782846,0.36142786316311354,0.36365889935547846,0.37630143777887953,0.3468021814576103,0.3708477937530987,0.3515121467526029,0.3770451165096678,0.3698562221120476,0.3616757560733763,0.36440257808626675,0.36564204263758054,0.36514625681705504,0.3624194348041646,0.36514625681705504,0.37307882994546354,0.8227565691621219,1.0,0.8220128904313336,0.37233515121467525,0.3658899355478433,0.3661378284581061,0.3631631135349529,0.38349033217649975,0.36117997025285076,0.3780366881507189,0.34977689638076354
SKACTIVEML_US_MARGIN,0.062221120475954385,0.08403569657907783,0.06172533465542886,0.06470004957858205,0.38349033217649975,0.39315815567674767,0.36192364898363905,0.3666336142786316,0.3710956866633614,0.37159147248388696,0.3852255825483391,0.3710956866633614,0.36489836390679226,0.3735746157659891,0.3490332176499752,0.3738225086762519,0.34952900347050075,0.38200297471492317,0.37679722359940504,0.36489836390679226,0.36514625681705504,0.3629152206246901,0.3671294000991572,0.3629152206246901,0.3691125433812593,0.3745661874070402,0.8155676747645018,0.8220128904313336,1.0,0.38671294000991574,0.3653941497273178,0.37233515121467525,0.3673772930094199,0.3780366881507189,0.36861675756073375,0.37208725830441247,0.3520079325731284
SMALLTEXT_BREAKINGTIES,0.059742191373326724,0.08180466038671294,0.05850272682201289,0.06420426375805652,0.42340109072880516,0.46132870599900844,0.3621715418939018,0.36068418443232525,0.38001983143282103,0.38373822508676253,0.3958849776896381,0.36489836390679226,0.3646504709965295,0.37605354486861675,0.34581060981655926,0.37927615270203274,0.34705007436787305,0.44695091720376795,0.3775409023301934,0.3663857213683689,0.36068418443232525,0.3661378284581061,0.3624194348041646,0.360932077342588,0.35994050570153696,0.3673772930094199,0.3701041150223104,0.37233515121467525,0.38671294000991574,1.0,0.3676251859196827,0.36489836390679226,0.36514625681705504,0.8150718889439762,0.36117997025285076,0.8135845314823996,0.3515121467526029
SMALLTEXT_CONTRASTIVEAL,0.12221120475954388,0.15666831928606842,0.0842835894893406,0.11700545364402579,0.3852255825483391,0.38671294000991574,0.4940505701536936,0.5131383242439266,0.3713435795736242,0.37183936539414975,0.3787803668815072,0.4638076351016361,0.46826970748636587,0.4489340604858701,0.37159147248388696,0.4615765989092712,0.40951908775409024,0.4367873078829945,0.4541398116013882,0.4665344571145265,0.4266236985622211,0.4712444224095191,0.4598413485374318,0.46033713435795737,0.45463559742191373,0.47892910262766486,0.3710956866633614,0.3658899355478433,0.3653941497273178,0.3676251859196827,1.0,0.5473475458601884,0.4489340604858701,0.3596926127912742,0.4749628160634606,0.36440257808626675,0.40431333663857216
SMALLTEXT_EMBEDDINGKMEANS,0.13882002974714924,0.180466038671294,0.0909766980664353,0.12518591968269707,0.38200297471492317,0.3882002974714923,0.5386712940009916,0.5877540902330194,0.3705999008428359,0.3639067922657412,0.3713435795736242,0.5143777887952404,0.5061973227565691,0.4600892414476946,0.3782845810609817,0.5059494298463064,0.4261279127416956,0.45463559742191373,0.48314328210213187,0.504214179474467,0.44496777392166587,0.5171046108081309,0.4888448190381755,0.496777392166584,0.5126425384234011,0.5039662865642043,0.3666336142786316,0.3661378284581061,0.37233515121467525,0.36489836390679226,0.5473475458601884,1.0,0.5,0.36564204263758054,0.5617253346554288,0.3629152206246901,0.41249380267724345
SMALLTEXT_GREEDYCORESET,0.24070401586514625,0.19533961328705998,0.06990580069410014,0.10907288051561725,0.3710956866633614,0.3701041150223104,0.40282597917699553,0.5421417947446703,0.36117997025285076,0.3616757560733763,0.36415468517600397,0.44918195339613287,0.44868616757560736,0.4221616261774913,0.3572136836886465,0.45017352503718394,0.5280118988596926,0.4082796232027764,0.43480416460089244,0.4504214179474467,0.42563212692117003,0.45314823996033715,0.40282597917699553,0.4340604858701041,0.4467030242935052,0.44645513138324244,0.3596926127912742,0.3631631135349529,0.3673772930094199,0.36514625681705504,0.4489340604858701,0.5,1.0,0.3646504709965295,0.4811601388200297,0.3658899355478433,0.3963807635101636
SMALLTEXT_LEASTCONFIDENCE,0.059742191373326724,0.0887456618740704,0.05701536936043629,0.06321269211700545,0.4590976698066435,0.41968269707486366,0.35994050570153696,0.3624194348041646,0.38745661874070403,0.394893406048587,0.38349033217649975,0.3631631135349529,0.3624194348041646,0.3713435795736242,0.3443232523549826,0.37530986613782846,0.34705007436787305,0.4134853743182945,0.36886465047099654,0.3587010411502231,0.360932077342588,0.3626673277144274,0.36489836390679226,0.3621715418939018,0.3631631135349529,0.3701041150223104,0.37952404561229547,0.38349033217649975,0.3780366881507189,0.8150718889439762,0.3596926127912742,0.36564204263758054,0.3646504709965295,1.0,0.36142786316311354,0.826970748636589,0.3505205751115518
SMALLTEXT_LIGHTWEIGHTCORESET,0.14179474467030243,0.15418939018344074,0.0946950917203768,0.12270699058006941,0.3787803668815072,0.37927615270203274,0.4229053049082796,0.5143777887952404,0.3671294000991572,0.36117997025285076,0.36787307882994547,0.46777392166584036,0.4727317798710957,0.43158155676747645,0.38200297471492317,0.46802181457610315,0.4291026276648488,0.42389687654933067,0.45017352503718394,0.4769459593455627,0.42340109072880516,0.4814080317302925,0.4298463063956371,0.46777392166584036,0.47297967278135844,0.4556271690629648,0.36117997025285076,0.36117997025285076,0.36861675756073375,0.36117997025285076,0.4749628160634606,0.5617253346554288,0.4811601388200297,0.36142786316311354,1.0,0.36365889935547846,0.41001487357461575
SMALLTEXT_PREDICTIONENTROPY,0.06346058502726822,0.08973723351512147,0.06246901338621715,0.06544372830937036,0.4251363411006445,0.4154685176003966,0.36514625681705504,0.35820525532969755,0.39142290530490825,0.39018344075359446,0.37902825979176996,0.3663857213683689,0.3673772930094199,0.37159147248388696,0.34977689638076354,0.37208725830441247,0.35076846802181455,0.41249380267724345,0.37530986613782846,0.3601883986117997,0.3629152206246901,0.36489836390679226,0.3661378284581061,0.360932077342588,0.36489836390679226,0.37580565195835397,0.3911750123946455,0.3780366881507189,0.37208725830441247,0.8135845314823996,0.36440257808626675,0.3629152206246901,0.3658899355478433,0.826970748636589,0.36365889935547846,1.0,0.3527516113039167
SMALLTEXT_RANDOM,0.09816559246405553,0.08651462568170551,0.07560733763014378,0.7126921170054537,0.35820525532969755,0.36117997025285076,0.40282597917699553,0.3921665840356966,0.35027268220128904,0.3512642538423401,0.3552305404065444,0.4209221616261775,0.4251363411006445,0.39811601388200296,0.3629152206246901,0.4003470500743679,0.3854734754586019,0.38200297471492317,0.409766980664353,0.42414476945959345,0.3899355478433317,0.42563212692117003,0.39762022806147745,0.4164600892414477,0.4226574119980169,0.37902825979176996,0.3438274665344571,0.34977689638076354,0.3520079325731284,0.3515121467526029,0.40431333663857216,0.41249380267724345,0.3963807635101636,0.3505205751115518,0.41001487357461575,0.3527516113039167,1.0
