,ALIPY_CORESET_GREEDY,ALIPY_DENSITY_WEIGHTED,ALIPY_GRAPH_DENSITY,ALIPY_RANDOM,ALIPY_UNCERTAINTY_LC,ALIPY_UNCERTAINTY_MM,LIBACT_DWUS,LIBACT_QUIRE,LIBACT_UNCERTAINTY_ENT,LIBACT_UNCERTAINTY_LC,LIBACT_UNCERTAINTY_SM,OPTIMAL_GREEDY_10,OPTIMAL_GREEDY_20,PLAYGROUND_BANDIT,PLAYGROUND_GRAPH_DENSITY,PLAYGROUND_INFORMATIVE_DIVERSE,PLAYGROUND_KCENTER_GREEDY,PLAYGROUND_MARGIN,PLAYGROUND_MIXTURE,PLAYGROUND_UNIFORM,SKACTIVEML_COST_EMBEDDING,SKACTIVEML_DAL,SKACTIVEML_DWUS,SKACTIVEML_QBC,SKACTIVEML_QBC_VOTE_ENTROPY,SKACTIVEML_QUIRE,SKACTIVEML_US_ENTROPY,SKACTIVEML_US_LC,SKACTIVEML_US_MARGIN,SMALLTEXT_BREAKINGTIES,SMALLTEXT_CONTRASTIVEAL,SMALLTEXT_EMBEDDINGKMEANS,SMALLTEXT_GREEDYCORESET,SMALLTEXT_LEASTCONFIDENCE,SMALLTEXT_LIGHTWEIGHTCORESET,SMALLTEXT_PREDICTIONENTROPY,SMALLTEXT_RANDOM
ALIPY_CORESET_GREEDY,1.0,0.06519583539910759,0.04164600892414477,0.04933068914229053,0.04561229548834903,0.0421417947446703,0.06395637084779375,0.07535944471988101,0.033217649975210706,0.030738720872583045,0.02875557759048091,0.07387208725830441,0.07387208725830441,0.0532969757064948,0.04189390183440753,0.05503222607833416,0.9873574615765989,0.04833911750123947,0.057263262270699056,0.07436787307882994,0.06891422905304909,0.07064947942488845,0.06593951412989589,0.07089737233515121,0.07040158651462568,0.06122954883490332,0.031234506693108576,0.03173029251363411,0.02875557759048091,0.029995042141794746,0.06817055032226078,0.06965790778383739,0.0909766980664353,0.03272186415468518,0.07957362419434805,0.032969757064947945,0.05007436787307883
ALIPY_DENSITY_WEIGHTED,0.06519583539910759,1.0,0.06643529995042141,0.05676747645017353,0.13212692117005453,0.12840852751611304,0.16360932077342588,0.15939514129895885,0.0813088745661874,0.08477937530986614,0.08676251859196826,0.15989092711948438,0.16534457114526524,0.1774913237481408,0.06693108577094695,0.18815071888943977,0.06668319286068418,0.1588993554784333,0.15617253346554288,0.16559246405552802,0.20996529499256322,0.17327714427367377,0.20327218641546851,0.15592464055528013,0.1576598909271195,0.2057511155180962,0.08155676747645017,0.09122459097669806,0.08899355478433317,0.07932573128408528,0.18170550322260784,0.17030242935052056,0.17030242935052056,0.08403569657907783,0.16187407040158652,0.09147248388696083,0.05676747645017353
ALIPY_GRAPH_DENSITY,0.04164600892414477,0.06643529995042141,1.0,0.05280118988596926,0.0466038671294001,0.0480912245909767,0.08230044620723848,0.06643529995042141,0.028507684680218144,0.02825979176995538,0.02825979176995538,0.07164105106593951,0.0768468021814576,0.05577590480912246,0.992563212692117,0.05701536936043629,0.045364402578086264,0.05007436787307883,0.05205751115518096,0.07387208725830441,0.058254833911750126,0.07734258800198314,0.07486365889935548,0.07982151710461081,0.07387208725830441,0.06990580069410014,0.027020327218641546,0.030738720872583045,0.030986613782845812,0.03272186415468518,0.07064947942488845,0.08304412493802678,0.06990580069410014,0.029747149231531978,0.07164105106593951,0.029995042141794746,0.051065939514129896
ALIPY_RANDOM,0.04933068914229053,0.05676747645017353,0.05280118988596926,1.0,0.044868616757560736,0.0428854734754586,0.06841844323252355,0.059742191373326724,0.030738720872583045,0.03222607833415964,0.03222607833415964,0.08180466038671294,0.08626673277144274,0.05775904809122459,0.05651958353991076,0.05651958353991076,0.05701536936043629,0.04933068914229053,0.048834903321764996,0.08254833911750124,0.06395637084779375,0.07312840852751612,0.07188894397620228,0.07213683688646505,0.07957362419434805,0.057263262270699056,0.026772434308378782,0.030986613782845812,0.03396132870599901,0.02875557759048091,0.06246901338621715,0.08180466038671294,0.06916212196331185,0.028507684680218144,0.07188894397620228,0.028011898859692613,0.9950421417947447
ALIPY_UNCERTAINTY_LC,0.04561229548834903,0.13212692117005453,0.0466038671294001,0.044868616757560736,1.0,0.7382250867625186,0.08527516113039167,0.08006941001487357,0.09444719881011403,0.10956866633614279,0.09345562716906297,0.0917203767972236,0.0872583044124938,0.11898859692612791,0.05057015369360436,0.12320277640059495,0.053544868616757564,0.1707982151710461,0.12667327714427368,0.0909766980664353,0.12617749132374814,0.08750619732275657,0.11229548834903322,0.0857709469509172,0.08601883986117997,0.11056023797719385,0.10436291522062469,0.11080813088745661,0.0969261279127417,0.14923153197818542,0.08701041150223103,0.08205255329697571,0.0909766980664353,0.23202776400594943,0.08775409023301933,0.15592464055528013,0.0436291522062469
ALIPY_UNCERTAINTY_MM,0.0421417947446703,0.12840852751611304,0.0480912245909767,0.0428854734754586,0.7382250867625186,1.0,0.08552305404065444,0.07759048091224591,0.08254833911750124,0.0894893406048587,0.10832920178482895,0.09395141298958849,0.09072880515617253,0.11601388200297472,0.05230540406544373,0.12444224095190877,0.0495785820525533,0.20674268715914726,0.15047099652949925,0.08973723351512147,0.12890431333663857,0.090233019335647,0.11130391670798215,0.08304412493802678,0.07709469509172037,0.09940505701536936,0.09519087754090233,0.09667823500247893,0.10485870104115022,0.22880515617253347,0.08750619732275657,0.08775409023301933,0.0887456618740704,0.1383242439266237,0.07882994546355974,0.1331184928111056,0.04164600892414477
LIBACT_DWUS,0.06395637084779375,0.16360932077342588,0.08230044620723848,0.06841844323252355,0.08527516113039167,0.08552305404065444,1.0,0.1923648983639068,0.05453644025780863,0.05230540406544373,0.05453644025780863,0.18319286068418444,0.1931085770946951,0.14774417451660882,0.08477937530986614,0.1487357461576599,0.06990580069410014,0.11204759543877045,0.11774913237481408,0.2017848289538919,0.16360932077342588,0.18988596926127913,0.20426375805651958,0.20525532969757065,0.19038175508180466,0.16311353495290035,0.05280118988596926,0.056023797719385225,0.05404065443728309,0.05552801189885969,0.1906296479920674,0.20971740208230044,0.1908775409023302,0.0466038671294001,0.18914229053049084,0.05503222607833416,0.06742687159147248
LIBACT_QUIRE,0.07535944471988101,0.15939514129895885,0.06643529995042141,0.059742191373326724,0.08006941001487357,0.07759048091224591,0.1923648983639068,1.0,0.05280118988596926,0.048834903321764996,0.051313832424392664,0.1819533961328706,0.17302925136341102,0.14724838869608328,0.06717897868120971,0.12890431333663857,0.07783837382250867,0.1036192364898364,0.10535448686167576,0.18790282597917699,0.161378284581061,0.18591968269707487,0.17550818046603867,0.1812097174020823,0.18468021814576102,0.16931085770946952,0.044124938026772434,0.04858701041150223,0.04709965294992563,0.0384234010907288,0.18914229053049084,0.18319286068418444,0.1812097174020823,0.04784333168071393,0.17104610808130888,0.051065939514129896,0.05924640555280119
LIBACT_UNCERTAINTY_ENT,0.033217649975210706,0.0813088745661874,0.028507684680218144,0.030738720872583045,0.09444719881011403,0.08254833911750124,0.05453644025780863,0.05280118988596926,1.0,0.7583044124938026,0.7384729796727814,0.06941001487357462,0.06866633614278632,0.08155676747645017,0.03346554288547347,0.08824987605354487,0.04189390183440753,0.07486365889935548,0.07387208725830441,0.06668319286068418,0.08775409023301933,0.06990580069410014,0.07585523054040655,0.06420426375805652,0.06891422905304909,0.07833415964303421,0.11279127416955875,0.09866137828458106,0.08924144769459594,0.08180466038671294,0.06841844323252355,0.06370847793753098,0.06742687159147248,0.09444719881011403,0.06122954883490332,0.11427863163113534,0.02900347050074368
LIBACT_UNCERTAINTY_LC,0.030738720872583045,0.08477937530986614,0.02825979176995538,0.03222607833415964,0.10956866633614279,0.0894893406048587,0.05230540406544373,0.048834903321764996,0.7583044124938026,1.0,0.7498760535448686,0.06767476450173525,0.07139315815567675,0.08849776896380764,0.03247397124442241,0.09370352007932573,0.03867129400099157,0.07411998016856718,0.07709469509172037,0.06420426375805652,0.09370352007932573,0.06643529995042141,0.07957362419434805,0.06470004957858205,0.06717897868120971,0.06965790778383739,0.09940505701536936,0.11403073872087258,0.09816559246405553,0.08849776896380764,0.06817055032226078,0.06569162121963312,0.06941001487357462,0.10461080813088745,0.06420426375805652,0.10262766484878533,0.030738720872583045
LIBACT_UNCERTAINTY_SM,0.02875557759048091,0.08676251859196826,0.02825979176995538,0.03222607833415964,0.09345562716906297,0.10832920178482895,0.05453644025780863,0.051313832424392664,0.7384729796727814,0.7498760535448686,1.0,0.06841844323252355,0.07089737233515121,0.09816559246405553,0.03346554288547347,0.0932077342588002,0.035696579077838374,0.08527516113039167,0.08205255329697571,0.07288051561725335,0.10064452156668319,0.07312840852751612,0.08601883986117997,0.06420426375805652,0.06668319286068418,0.07213683688646505,0.090233019335647,0.09742191373326722,0.10758552305404065,0.10560237977193852,0.06470004957858205,0.06891422905304909,0.06668319286068418,0.09345562716906297,0.06420426375805652,0.09667823500247893,0.031234506693108576
OPTIMAL_GREEDY_10,0.07387208725830441,0.15989092711948438,0.07164105106593951,0.08180466038671294,0.0917203767972236,0.09395141298958849,0.18319286068418444,0.1819533961328706,0.06941001487357462,0.06767476450173525,0.06841844323252355,1.0,0.22508676251859197,0.1626177491323748,0.0768468021814576,0.15642042637580567,0.08254833911750124,0.11477441745166088,0.12543381259295985,0.21095686663361427,0.18914229053049084,0.20054536440257809,0.19261279127416955,0.2055032226078334,0.20525532969757065,0.1752602875557759,0.06742687159147248,0.06519583539910759,0.06891422905304909,0.05999008428358949,0.17625185919682698,0.20128904313336637,0.21368368864650472,0.053544868616757564,0.19211700545364402,0.06122954883490332,0.08031730292513634
OPTIMAL_GREEDY_20,0.07387208725830441,0.16534457114526524,0.0768468021814576,0.08626673277144274,0.0872583044124938,0.09072880515617253,0.1931085770946951,0.17302925136341102,0.06866633614278632,0.07139315815567675,0.07089737233515121,0.22508676251859197,1.0,0.15865146256817056,0.08155676747645017,0.1517104610808131,0.08205255329697571,0.11774913237481408,0.12543381259295985,0.19930589985126426,0.17922657411998016,0.2035200793257313,0.19484382746653445,0.21764997521070897,0.2055032226078334,0.17302925136341102,0.06420426375805652,0.07188894397620228,0.07213683688646505,0.05850272682201289,0.17625185919682698,0.2017848289538919,0.20376797223599405,0.05775904809122459,0.20079325731284084,0.06246901338621715,0.08527516113039167
PLAYGROUND_BANDIT,0.0532969757064948,0.1774913237481408,0.05577590480912246,0.05775904809122459,0.11898859692612791,0.11601388200297472,0.14774417451660882,0.14724838869608328,0.08155676747645017,0.08849776896380764,0.09816559246405553,0.1626177491323748,0.15865146256817056,1.0,0.06147744174516609,0.36117997025285076,0.06321269211700545,0.3691125433812593,0.32002974714923155,0.14923153197818542,0.19856222112047595,0.153941497273178,0.17501239464551313,0.15840356965790778,0.15815567674764502,0.15518096182449181,0.0872583044124938,0.09048091224590976,0.090233019335647,0.08849776896380764,0.139067922657412,0.14848785324739713,0.15716410510659395,0.0857709469509172,0.14600892414476946,0.08750619732275657,0.056023797719385225
PLAYGROUND_GRAPH_DENSITY,0.04189390183440753,0.06693108577094695,0.992563212692117,0.05651958353991076,0.05057015369360436,0.05230540406544373,0.08477937530986614,0.06717897868120971,0.03346554288547347,0.03247397124442241,0.03346554288547347,0.0768468021814576,0.08155676747645017,0.06147744174516609,1.0,0.06172533465542886,0.051313832424392664,0.05528011898859692,0.05775904809122459,0.07858205255329698,0.06370847793753098,0.08155676747645017,0.07858205255329698,0.0835399107585523,0.07907783837382251,0.07188894397620228,0.031234506693108576,0.03520079325731284,0.03594447198810114,0.03668815071888944,0.07164105106593951,0.08651462568170551,0.07535944471988101,0.03272186415468518,0.07511155180961825,0.032969757064947945,0.05503222607833416
PLAYGROUND_INFORMATIVE_DIVERSE,0.05503222607833416,0.18815071888943977,0.05701536936043629,0.05651958353991076,0.12320277640059495,0.12444224095190877,0.1487357461576599,0.12890431333663857,0.08824987605354487,0.09370352007932573,0.0932077342588002,0.15642042637580567,0.1517104610808131,0.36117997025285076,0.06172533465542886,1.0,0.06420426375805652,0.3296975706494794,0.3182944967773922,0.15121467526028756,0.19732275656916212,0.1628656420426376,0.17798710956866634,0.14402578086266732,0.15195835399107585,0.1650966782350025,0.09122459097669806,0.09048091224590976,0.0894893406048587,0.08601883986117997,0.153941497273178,0.14328210213187903,0.15716410510659395,0.08081308874566187,0.15096678235002478,0.08081308874566187,0.05552801189885969
PLAYGROUND_KCENTER_GREEDY,0.9873574615765989,0.06668319286068418,0.045364402578086264,0.05701536936043629,0.053544868616757564,0.0495785820525533,0.06990580069410014,0.07783837382250867,0.04189390183440753,0.03867129400099157,0.035696579077838374,0.08254833911750124,0.08205255329697571,0.06321269211700545,0.051313832424392664,0.06420426375805652,1.0,0.057263262270699056,0.06668319286068418,0.08304412493802678,0.07610312345066932,0.07833415964303421,0.07263262270699058,0.0768468021814576,0.07882994546355974,0.06618740704015866,0.0384234010907288,0.04015865146256817,0.03594447198810114,0.03718393653941497,0.07114526524541398,0.07808626673277144,0.09965294992563213,0.03817550818046604,0.0842835894893406,0.03817550818046604,0.05552801189885969
PLAYGROUND_MARGIN,0.04833911750123947,0.1588993554784333,0.05007436787307883,0.04933068914229053,0.1707982151710461,0.20674268715914726,0.11204759543877045,0.1036192364898364,0.07486365889935548,0.07411998016856718,0.08527516113039167,0.11477441745166088,0.11774913237481408,0.3691125433812593,0.05528011898859692,0.3296975706494794,0.057263262270699056,1.0,0.4814080317302925,0.12518591968269707,0.16385721368368864,0.12022806147744175,0.13782845810609817,0.1271690629647992,0.11923648983639068,0.13981160138820029,0.08205255329697571,0.08279623202776401,0.08304412493802678,0.16460089241447695,0.11650966782350025,0.10461080813088745,0.11675756073376302,0.12766484878532475,0.11725334655428855,0.1212196331184928,0.0480912245909767
PLAYGROUND_MIXTURE,0.057263262270699056,0.15617253346554288,0.05205751115518096,0.048834903321764996,0.12667327714427368,0.15047099652949925,0.11774913237481408,0.10535448686167576,0.07387208725830441,0.07709469509172037,0.08205255329697571,0.12543381259295985,0.12543381259295985,0.32002974714923155,0.05775904809122459,0.3182944967773922,0.06668319286068418,0.4814080317302925,1.0,0.1271690629647992,0.16460089241447695,0.12840852751611304,0.1442736737729301,0.11849281110560238,0.12394645513138325,0.13782845810609817,0.07535944471988101,0.07709469509172037,0.07635101636093208,0.10064452156668319,0.12915220624690135,0.11452652454139811,0.12518591968269707,0.0842835894893406,0.1256817055032226,0.08304412493802678,0.04784333168071393
PLAYGROUND_UNIFORM,0.07436787307882994,0.16559246405552802,0.07387208725830441,0.08254833911750124,0.0909766980664353,0.08973723351512147,0.2017848289538919,0.18790282597917699,0.06668319286068418,0.06420426375805652,0.07288051561725335,0.21095686663361427,0.19930589985126426,0.14923153197818542,0.07858205255329698,0.15121467526028756,0.08304412493802678,0.12518591968269707,0.1271690629647992,1.0,0.17997025285076848,0.21541893901834408,0.18765493306891423,0.20252850768468023,0.21244422409519087,0.1819533961328706,0.06321269211700545,0.06321269211700545,0.06693108577094695,0.06122954883490332,0.19558750619732276,0.20128904313336637,0.21095686663361427,0.05850272682201289,0.19410014873574616,0.06817055032226078,0.08155676747645017
SKACTIVEML_COST_EMBEDDING,0.06891422905304909,0.20996529499256322,0.058254833911750126,0.06395637084779375,0.12617749132374814,0.12890431333663857,0.16360932077342588,0.161378284581061,0.08775409023301933,0.09370352007932573,0.10064452156668319,0.18914229053049084,0.17922657411998016,0.19856222112047595,0.06370847793753098,0.19732275656916212,0.07610312345066932,0.16385721368368864,0.16460089241447695,0.17997025285076848,1.0,0.18591968269707487,0.19657907783837383,0.16782350024789291,0.18591968269707487,0.20128904313336637,0.08824987605354487,0.0954387704511651,0.09221616261774913,0.08081308874566187,0.18765493306891423,0.1700545364402578,0.19335647000495787,0.08155676747645017,0.1774913237481408,0.07808626673277144,0.06271690629647993
SKACTIVEML_DAL,0.07064947942488845,0.17327714427367377,0.07734258800198314,0.07312840852751612,0.08750619732275657,0.090233019335647,0.18988596926127913,0.18591968269707487,0.06990580069410014,0.06643529995042141,0.07312840852751612,0.20054536440257809,0.2035200793257313,0.153941497273178,0.08155676747645017,0.1628656420426376,0.07833415964303421,0.12022806147744175,0.12840852751611304,0.21541893901834408,0.18591968269707487,1.0,0.20004957858205255,0.1968269707486366,0.20079325731284084,0.1841844323252355,0.07635101636093208,0.0813088745661874,0.07535944471988101,0.05775904809122459,0.18294496777392166,0.20674268715914726,0.2077342588001983,0.05651958353991076,0.20674268715914726,0.06346058502726822,0.07089737233515121
SKACTIVEML_DWUS,0.06593951412989589,0.20327218641546851,0.07486365889935548,0.07188894397620228,0.11229548834903322,0.11130391670798215,0.20426375805651958,0.17550818046603867,0.07585523054040655,0.07957362419434805,0.08601883986117997,0.19261279127416955,0.19484382746653445,0.17501239464551313,0.07858205255329698,0.17798710956866634,0.07263262270699058,0.13782845810609817,0.1442736737729301,0.18765493306891423,0.19657907783837383,0.20004957858205255,1.0,0.1931085770946951,0.19211700545364402,0.17724343083787802,0.07957362419434805,0.0813088745661874,0.08477937530986614,0.06916212196331185,0.1797223599405057,0.2057511155180962,0.1943480416460089,0.07114526524541398,0.1931085770946951,0.08031730292513634,0.07064947942488845
SKACTIVEML_QBC,0.07089737233515121,0.15592464055528013,0.07982151710461081,0.07213683688646505,0.0857709469509172,0.08304412493802678,0.20525532969757065,0.1812097174020823,0.06420426375805652,0.06470004957858205,0.06420426375805652,0.2055032226078334,0.21764997521070897,0.15840356965790778,0.0835399107585523,0.14402578086266732,0.0768468021814576,0.1271690629647992,0.11849281110560238,0.20252850768468023,0.16782350024789291,0.1968269707486366,0.1931085770946951,1.0,0.21095686663361427,0.1737729300941993,0.05552801189885969,0.06172533465542886,0.05924640555280119,0.05280118988596926,0.18740704015865145,0.21641051065939515,0.19558750619732276,0.0466038671294001,0.2151710461080813,0.05280118988596926,0.07064947942488845
SKACTIVEML_QBC_VOTE_ENTROPY,0.07040158651462568,0.1576598909271195,0.07387208725830441,0.07957362419434805,0.08601883986117997,0.07709469509172037,0.19038175508180466,0.18468021814576102,0.06891422905304909,0.06717897868120971,0.06668319286068418,0.20525532969757065,0.2055032226078334,0.15815567674764502,0.07907783837382251,0.15195835399107585,0.07882994546355974,0.11923648983639068,0.12394645513138325,0.21244422409519087,0.18591968269707487,0.20079325731284084,0.19211700545364402,0.21095686663361427,1.0,0.18319286068418444,0.06990580069410014,0.07114526524541398,0.06445215666831929,0.053792761527020325,0.17947446703024295,0.20302429350520576,0.21046108081308876,0.05428854734754586,0.20004957858205255,0.06321269211700545,0.07833415964303421
SKACTIVEML_QUIRE,0.06122954883490332,0.2057511155180962,0.06990580069410014,0.057263262270699056,0.11056023797719385,0.09940505701536936,0.16311353495290035,0.16931085770946952,0.07833415964303421,0.06965790778383739,0.07213683688646505,0.1752602875557759,0.17302925136341102,0.15518096182449181,0.07188894397620228,0.1650966782350025,0.06618740704015866,0.13981160138820029,0.13782845810609817,0.1819533961328706,0.20128904313336637,0.1841844323252355,0.17724343083787802,0.1737729300941993,0.18319286068418444,1.0,0.07982151710461081,0.07783837382250867,0.07511155180961825,0.06841844323252355,0.19484382746653445,0.17302925136341102,0.18914229053049084,0.07238472979672782,0.1707982151710461,0.07734258800198314,0.05577590480912246
SKACTIVEML_US_ENTROPY,0.031234506693108576,0.08155676747645017,0.027020327218641546,0.026772434308378782,0.10436291522062469,0.09519087754090233,0.05280118988596926,0.044124938026772434,0.11279127416955875,0.09940505701536936,0.090233019335647,0.06742687159147248,0.06420426375805652,0.0872583044124938,0.031234506693108576,0.09122459097669806,0.0384234010907288,0.08205255329697571,0.07535944471988101,0.06321269211700545,0.08824987605354487,0.07635101636093208,0.07957362419434805,0.05552801189885969,0.06990580069410014,0.07982151710461081,1.0,0.7679722359940506,0.7436787307882995,0.08477937530986614,0.06370847793753098,0.06172533465542886,0.061973227565691624,0.09345562716906297,0.061973227565691624,0.11700545364402579,0.025037183936539417
SKACTIVEML_US_LC,0.03173029251363411,0.09122459097669806,0.030738720872583045,0.030986613782845812,0.11080813088745661,0.09667823500247893,0.056023797719385225,0.04858701041150223,0.09866137828458106,0.11403073872087258,0.09742191373326722,0.06519583539910759,0.07188894397620228,0.09048091224590976,0.03520079325731284,0.09048091224590976,0.04015865146256817,0.08279623202776401,0.07709469509172037,0.06321269211700545,0.0954387704511651,0.0813088745661874,0.0813088745661874,0.06172533465542886,0.07114526524541398,0.07783837382250867,0.7679722359940506,1.0,0.7493802677243431,0.09122459097669806,0.06494794248884482,0.06420426375805652,0.06916212196331185,0.09965294992563213,0.06494794248884482,0.0999008428358949,0.029747149231531978
SKACTIVEML_US_MARGIN,0.02875557759048091,0.08899355478433317,0.030986613782845812,0.03396132870599901,0.0969261279127417,0.10485870104115022,0.05404065443728309,0.04709965294992563,0.08924144769459594,0.09816559246405553,0.10758552305404065,0.06891422905304909,0.07213683688646505,0.090233019335647,0.03594447198810114,0.0894893406048587,0.03594447198810114,0.08304412493802678,0.07635101636093208,0.06693108577094695,0.09221616261774913,0.07535944471988101,0.08477937530986614,0.05924640555280119,0.06445215666831929,0.07511155180961825,0.7436787307882995,0.7493802677243431,1.0,0.0961824491819534,0.06965790778383739,0.06668319286068418,0.05924640555280119,0.0880019831432821,0.062221120475954385,0.0872583044124938,0.03222607833415964
SMALLTEXT_BREAKINGTIES,0.029995042141794746,0.07932573128408528,0.03272186415468518,0.02875557759048091,0.14923153197818542,0.22880515617253347,0.05552801189885969,0.0384234010907288,0.08180466038671294,0.08849776896380764,0.10560237977193852,0.05999008428358949,0.05850272682201289,0.08849776896380764,0.03668815071888944,0.08601883986117997,0.03718393653941497,0.16460089241447695,0.10064452156668319,0.06122954883490332,0.08081308874566187,0.05775904809122459,0.06916212196331185,0.05280118988596926,0.053792761527020325,0.06841844323252355,0.08477937530986614,0.09122459097669806,0.0961824491819534,1.0,0.05552801189885969,0.06122954883490332,0.058254833911750126,0.7362419434804165,0.05230540406544373,0.7290530490827962,0.027268220128904314
SMALLTEXT_CONTRASTIVEAL,0.06817055032226078,0.18170550322260784,0.07064947942488845,0.06246901338621715,0.08701041150223103,0.08750619732275657,0.1906296479920674,0.18914229053049084,0.06841844323252355,0.06817055032226078,0.06470004957858205,0.17625185919682698,0.17625185919682698,0.139067922657412,0.07164105106593951,0.153941497273178,0.07114526524541398,0.11650966782350025,0.12915220624690135,0.19558750619732276,0.18765493306891423,0.18294496777392166,0.1797223599405057,0.18740704015865145,0.17947446703024295,0.19484382746653445,0.06370847793753098,0.06494794248884482,0.06965790778383739,0.05552801189885969,1.0,0.18691125433812594,0.19112543381259295,0.05800694100148736,0.18071393158155677,0.059742191373326724,0.06172533465542886
SMALLTEXT_EMBEDDINGKMEANS,0.06965790778383739,0.17030242935052056,0.08304412493802678,0.08180466038671294,0.08205255329697571,0.08775409023301933,0.20971740208230044,0.18319286068418444,0.06370847793753098,0.06569162121963312,0.06891422905304909,0.20128904313336637,0.2017848289538919,0.14848785324739713,0.08651462568170551,0.14328210213187903,0.07808626673277144,0.10461080813088745,0.11452652454139811,0.20128904313336637,0.1700545364402578,0.20674268715914726,0.2057511155180962,0.21641051065939515,0.20302429350520576,0.17302925136341102,0.06172533465542886,0.06420426375805652,0.06668319286068418,0.06122954883490332,0.18691125433812594,1.0,0.1923648983639068,0.05528011898859692,0.20401586514625683,0.06569162121963312,0.08031730292513634
SMALLTEXT_GREEDYCORESET,0.0909766980664353,0.17030242935052056,0.06990580069410014,0.06916212196331185,0.0909766980664353,0.0887456618740704,0.1908775409023302,0.1812097174020823,0.06742687159147248,0.06941001487357462,0.06668319286068418,0.21368368864650472,0.20376797223599405,0.15716410510659395,0.07535944471988101,0.15716410510659395,0.09965294992563213,0.11675756073376302,0.12518591968269707,0.21095686663361427,0.19335647000495787,0.2077342588001983,0.1943480416460089,0.19558750619732276,0.21046108081308876,0.18914229053049084,0.061973227565691624,0.06916212196331185,0.05924640555280119,0.058254833911750126,0.19112543381259295,0.1923648983639068,1.0,0.05701536936043629,0.19112543381259295,0.06346058502726822,0.06742687159147248
SMALLTEXT_LEASTCONFIDENCE,0.03272186415468518,0.08403569657907783,0.029747149231531978,0.028507684680218144,0.23202776400594943,0.1383242439266237,0.0466038671294001,0.04784333168071393,0.09444719881011403,0.10461080813088745,0.09345562716906297,0.053544868616757564,0.05775904809122459,0.0857709469509172,0.03272186415468518,0.08081308874566187,0.03817550818046604,0.12766484878532475,0.0842835894893406,0.05850272682201289,0.08155676747645017,0.05651958353991076,0.07114526524541398,0.0466038671294001,0.05428854734754586,0.07238472979672782,0.09345562716906297,0.09965294992563213,0.0880019831432821,0.7362419434804165,0.05800694100148736,0.05528011898859692,0.05701536936043629,1.0,0.05528011898859692,0.7493802677243431,0.031978185423896875
SMALLTEXT_LIGHTWEIGHTCORESET,0.07957362419434805,0.16187407040158652,0.07164105106593951,0.07188894397620228,0.08775409023301933,0.07882994546355974,0.18914229053049084,0.17104610808130888,0.06122954883490332,0.06420426375805652,0.06420426375805652,0.19211700545364402,0.20079325731284084,0.14600892414476946,0.07511155180961825,0.15096678235002478,0.0842835894893406,0.11725334655428855,0.1256817055032226,0.19410014873574616,0.1774913237481408,0.20674268715914726,0.1931085770946951,0.2151710461080813,0.20004957858205255,0.1707982151710461,0.061973227565691624,0.06494794248884482,0.062221120475954385,0.05230540406544373,0.18071393158155677,0.20401586514625683,0.19112543381259295,0.05528011898859692,1.0,0.053792761527020325,0.07486365889935548
SMALLTEXT_PREDICTIONENTROPY,0.032969757064947945,0.09147248388696083,0.029995042141794746,0.028011898859692613,0.15592464055528013,0.1331184928111056,0.05503222607833416,0.051065939514129896,0.11427863163113534,0.10262766484878533,0.09667823500247893,0.06122954883490332,0.06246901338621715,0.08750619732275657,0.032969757064947945,0.08081308874566187,0.03817550818046604,0.1212196331184928,0.08304412493802678,0.06817055032226078,0.07808626673277144,0.06346058502726822,0.08031730292513634,0.05280118988596926,0.06321269211700545,0.07734258800198314,0.11700545364402579,0.0999008428358949,0.0872583044124938,0.7290530490827962,0.059742191373326724,0.06569162121963312,0.06346058502726822,0.7493802677243431,0.053792761527020325,1.0,0.031234506693108576
SMALLTEXT_RANDOM,0.05007436787307883,0.05676747645017353,0.051065939514129896,0.9950421417947447,0.0436291522062469,0.04164600892414477,0.06742687159147248,0.05924640555280119,0.02900347050074368,0.030738720872583045,0.031234506693108576,0.08031730292513634,0.08527516113039167,0.056023797719385225,0.05503222607833416,0.05552801189885969,0.05552801189885969,0.0480912245909767,0.04784333168071393,0.08155676747645017,0.06271690629647993,0.07089737233515121,0.07064947942488845,0.07064947942488845,0.07833415964303421,0.05577590480912246,0.025037183936539417,0.029747149231531978,0.03222607833415964,0.027268220128904314,0.06172533465542886,0.08031730292513634,0.06742687159147248,0.031978185423896875,0.07486365889935548,0.031234506693108576,1.0
