,ALIPY_CORESET_GREEDY,ALIPY_DENSITY_WEIGHTED,ALIPY_GRAPH_DENSITY,ALIPY_RANDOM,ALIPY_UNCERTAINTY_LC,ALIPY_UNCERTAINTY_MM,LIBACT_DWUS,LIBACT_QUIRE,LIBACT_UNCERTAINTY_ENT,LIBACT_UNCERTAINTY_LC,LIBACT_UNCERTAINTY_SM,OPTIMAL_GREEDY_10,OPTIMAL_GREEDY_20,PLAYGROUND_BANDIT,PLAYGROUND_GRAPH_DENSITY,PLAYGROUND_INFORMATIVE_DIVERSE,PLAYGROUND_KCENTER_GREEDY,PLAYGROUND_MARGIN,PLAYGROUND_MIXTURE,PLAYGROUND_UNIFORM,SKACTIVEML_COST_EMBEDDING,SKACTIVEML_DAL,SKACTIVEML_DWUS,SKACTIVEML_QBC,SKACTIVEML_QBC_VOTE_ENTROPY,SKACTIVEML_QUIRE,SKACTIVEML_US_ENTROPY,SKACTIVEML_US_LC,SKACTIVEML_US_MARGIN,SMALLTEXT_BREAKINGTIES,SMALLTEXT_CONTRASTIVEAL,SMALLTEXT_EMBEDDINGKMEANS,SMALLTEXT_GREEDYCORESET,SMALLTEXT_LEASTCONFIDENCE,SMALLTEXT_LIGHTWEIGHTCORESET,SMALLTEXT_PREDICTIONENTROPY,SMALLTEXT_RANDOM
ALIPY_CORESET_GREEDY,1.0,0.15344571145265246,0.02478929102627665,0.051065939514129896,0.039167079821517105,0.03470500743678731,0.07411998016856718,0.21095686663361427,0.036440257808626676,0.030490827962320277,0.03371343579573624,0.09965294992563213,0.09643034209221617,0.0813088745661874,0.02478929102627665,0.08651462568170551,1.0,0.061973227565691624,0.07982151710461081,0.09345562716906297,0.10585027268220129,0.10039662865642042,0.10337134357957363,0.09048091224590976,0.09419930589985126,0.11998016856717898,0.03173029251363411,0.02602875557759048,0.033217649975210706,0.02330193356470005,0.11006445215666832,0.11006445215666832,0.2521070897372335,0.02528507684680218,0.10089241447694595,0.02330193356470005,0.051065939514129896
ALIPY_DENSITY_WEIGHTED,0.15344571145265246,1.0,0.06841844323252355,0.051065939514129896,0.08230044620723848,0.07734258800198314,0.18096182449181952,0.2957362419434804,0.06172533465542886,0.06742687159147248,0.05800694100148736,0.139067922657412,0.14328210213187903,0.12196331184928111,0.06841844323252355,0.12245909766980664,0.15344571145265246,0.08527516113039167,0.08701041150223103,0.1353495290034705,0.16831928606841845,0.14551313832424392,0.19533961328705998,0.16088249876053545,0.13336638572136836,0.2107089737233515,0.059494298463063956,0.06147744174516609,0.050322260783341594,0.04561229548834903,0.17402082300446206,0.2211204759543877,0.2744174516608825,0.053792761527020325,0.1353495290034705,0.05701536936043629,0.051065939514129896
ALIPY_GRAPH_DENSITY,0.02478929102627665,0.06841844323252355,1.0,0.036440257808626676,0.03619236489836391,0.03396132870599901,0.10783341596430342,0.08824987605354487,0.02528507684680218,0.023797719385225583,0.026772434308378782,0.09048091224590976,0.09221616261774913,0.05205751115518096,1.0,0.05230540406544373,0.02478929102627665,0.027268220128904314,0.03891918691125434,0.0857709469509172,0.07064947942488845,0.08378780366881507,0.09866137828458106,0.0932077342588002,0.0880019831432821,0.06395637084779375,0.028011898859692613,0.02875557759048091,0.024293505205751114,0.018096182449181954,0.08899355478433317,0.10461080813088745,0.05999008428358949,0.01908775409023302,0.07585523054040655,0.02478929102627665,0.036440257808626676
ALIPY_RANDOM,0.051065939514129896,0.051065939514129896,0.036440257808626676,1.0,0.03222607833415964,0.03520079325731284,0.13882002974714924,0.08676251859196826,0.025037183936539417,0.021566683192860685,0.021318790282597918,0.12766484878532475,0.12394645513138325,0.08254833911750124,0.036440257808626676,0.09519087754090233,0.051065939514129896,0.06296479920674268,0.09766980664352999,0.1271690629647992,0.07114526524541398,0.12047595438770452,0.10733763014377788,0.11378284581060982,0.131631135349529,0.06618740704015866,0.019335647000495785,0.020079325731284084,0.019583539910758552,0.02032721864154685,0.10956866633614279,0.13510163609320774,0.08081308874566187,0.02057511155180962,0.12097174020823004,0.01908775409023302,1.0
ALIPY_UNCERTAINTY_LC,0.039167079821517105,0.08230044620723848,0.03619236489836391,0.03222607833415964,1.0,0.7129400099157164,0.06618740704015866,0.07064947942488845,0.060981655924640554,0.07808626673277144,0.053792761527020325,0.06792265741199802,0.07288051561725335,0.06916212196331185,0.03619236489836391,0.06618740704015866,0.039167079821517105,0.11700545364402579,0.06866633614278632,0.06742687159147248,0.07114526524541398,0.06742687159147248,0.0842835894893406,0.06296479920674268,0.07288051561725335,0.07882994546355974,0.06073376301437779,0.07089737233515121,0.05676747645017353,0.12171541893901834,0.07188894397620228,0.07659890927119484,0.06891422905304909,0.22434308378780368,0.061973227565691624,0.13212692117005453,0.03222607833415964
ALIPY_UNCERTAINTY_MM,0.03470500743678731,0.07734258800198314,0.03396132870599901,0.03520079325731284,0.7129400099157164,1.0,0.07759048091224591,0.06569162121963312,0.0518096182449182,0.053792761527020325,0.06866633614278632,0.07015369360436291,0.07635101636093208,0.07263262270699058,0.03396132870599901,0.06841844323252355,0.03470500743678731,0.1685671789786812,0.08924144769459594,0.07213683688646505,0.07015369360436291,0.06916212196331185,0.0805651958353991,0.06792265741199802,0.07411998016856718,0.07337630143777887,0.05230540406544373,0.053792761527020325,0.07610312345066932,0.22136836886465047,0.07213683688646505,0.07982151710461081,0.06891422905304909,0.12369856222112048,0.06445215666831929,0.10882498760535449,0.03520079325731284
LIBACT_DWUS,0.07411998016856718,0.18096182449181952,0.10783341596430342,0.13882002974714924,0.06618740704015866,0.07759048091224591,1.0,0.30292513634110063,0.06296479920674268,0.059494298463063956,0.06073376301437779,0.29400099157164106,0.30937035200793256,0.18616757560733763,0.10783341596430342,0.2330193356470005,0.07411998016856718,0.12196331184928111,0.20079325731284084,0.3076351016360932,0.18170550322260784,0.28805156172533464,0.34506693108577097,0.312097174020823,0.2964799206742687,0.17997025285076848,0.05453644025780863,0.056023797719385225,0.06122954883490332,0.05156172533465543,0.334407535944472,0.5696579077838374,0.19533961328705998,0.0443728309370352,0.23946455131383243,0.05701536936043629,0.13882002974714924
LIBACT_QUIRE,0.21095686663361427,0.2957362419434804,0.08824987605354487,0.08676251859196826,0.07064947942488845,0.06569162121963312,0.30292513634110063,1.0,0.05627169062964799,0.05899851264253842,0.05503222607833416,0.21095686663361427,0.21244422409519087,0.1591472483886961,0.08824987605354487,0.1893901834407536,0.21095686663361427,0.10237977193852256,0.14551313832424392,0.20153693604362916,0.20327218641546851,0.2131879028259792,0.2555775904809122,0.22459097669806644,0.20525532969757065,0.23574615765989093,0.059742191373326724,0.05156172533465543,0.05057015369360436,0.04833911750123947,0.2741695587506197,0.36043629152206247,0.34952900347050075,0.0466038671294001,0.21120475954387705,0.05528011898859692,0.08676251859196826
LIBACT_UNCERTAINTY_ENT,0.036440257808626676,0.06172533465542886,0.02528507684680218,0.025037183936539417,0.060981655924640554,0.0518096182449182,0.06296479920674268,0.05627169062964799,1.0,0.7307882994546356,0.7166584035696579,0.05057015369360436,0.05528011898859692,0.047595438770451165,0.02528507684680218,0.058254833911750126,0.036440257808626676,0.04238968765493307,0.035448686167575606,0.06172533465542886,0.052553296975706494,0.05999008428358949,0.05676747645017353,0.057263262270699056,0.053792761527020325,0.05676747645017353,0.08031730292513634,0.06693108577094695,0.05924640555280119,0.05924640555280119,0.07188894397620228,0.06693108577094695,0.045364402578086264,0.06916212196331185,0.044868616757560736,0.09643034209221617,0.025037183936539417
LIBACT_UNCERTAINTY_LC,0.030490827962320277,0.06742687159147248,0.023797719385225583,0.021566683192860685,0.07808626673277144,0.053792761527020325,0.059494298463063956,0.05899851264253842,0.7307882994546356,1.0,0.7240951908775409,0.051065939514129896,0.04784333168071393,0.0473475458601884,0.023797719385225583,0.05205751115518096,0.030490827962320277,0.03718393653941497,0.03396132870599901,0.04709965294992563,0.05627169062964799,0.04908279623202776,0.06122954883490332,0.05280118988596926,0.05304908279623203,0.06147744174516609,0.07511155180961825,0.0850272682201289,0.06370847793753098,0.059494298463063956,0.05999008428358949,0.059494298463063956,0.0473475458601884,0.08081308874566187,0.0421417947446703,0.08180466038671294,0.021566683192860685
LIBACT_UNCERTAINTY_SM,0.03371343579573624,0.05800694100148736,0.026772434308378782,0.021318790282597918,0.053792761527020325,0.06866633614278632,0.06073376301437779,0.05503222607833416,0.7166584035696579,0.7240951908775409,1.0,0.05280118988596926,0.05453644025780863,0.04908279623202776,0.026772434308378782,0.05528011898859692,0.03371343579573624,0.04561229548834903,0.0406544372830937,0.05503222607833416,0.054784333168071395,0.059742191373326724,0.05924640555280119,0.057263262270699056,0.058750619732275654,0.05304908279623203,0.056023797719385225,0.06296479920674268,0.07337630143777887,0.07659890927119484,0.059494298463063956,0.06370847793753098,0.0458601883986118,0.06470004957858205,0.04833911750123947,0.06767476450173525,0.021318790282597918
OPTIMAL_GREEDY_10,0.09965294992563213,0.139067922657412,0.09048091224590976,0.12766484878532475,0.06792265741199802,0.07015369360436291,0.29400099157164106,0.21095686663361427,0.05057015369360436,0.051065939514129896,0.05280118988596926,1.0,0.26450173525037185,0.15418939018344074,0.09048091224590976,0.19732275656916212,0.09965294992563213,0.10708973723351513,0.16236985622211206,0.24516608824987604,0.16212196331184928,0.229300941993059,0.2322756569162122,0.2411998016856718,0.24888448190381754,0.15096678235002478,0.05304908279623203,0.051313832424392664,0.05552801189885969,0.04313336638572137,0.23475458601883986,0.330193356470005,0.1745166088249876,0.0421417947446703,0.22979672781358454,0.0451165096678235,0.12766484878532475
OPTIMAL_GREEDY_20,0.09643034209221617,0.14328210213187903,0.09221616261774913,0.12394645513138325,0.07288051561725335,0.07635101636093208,0.30937035200793256,0.21244422409519087,0.05528011898859692,0.04784333168071393,0.05453644025780863,0.26450173525037185,1.0,0.1591472483886961,0.09221616261774913,0.19038175508180466,0.09643034209221617,0.11130391670798215,0.1574119980168567,0.23822508676251858,0.16088249876053545,0.24194348041646008,0.22211204759543876,0.23277144273673772,0.24367873078829946,0.14476945959345563,0.05404065443728309,0.051065939514129896,0.05428854734754586,0.045364402578086264,0.2315319781854239,0.32821021318790283,0.16385721368368864,0.03867129400099157,0.2248388696083292,0.05205751115518096,0.12394645513138325
PLAYGROUND_BANDIT,0.0813088745661874,0.12196331184928111,0.05205751115518096,0.08254833911750124,0.06916212196331185,0.07263262270699058,0.18616757560733763,0.1591472483886961,0.047595438770451165,0.0473475458601884,0.04908279623202776,0.15418939018344074,0.1591472483886961,1.0,0.05205751115518096,0.34952900347050075,0.0813088745661874,0.3559742191373327,0.3145761031234507,0.15617253346554288,0.14724838869608328,0.15567674764501735,0.15716410510659395,0.1626177491323748,0.16013882002974714,0.12320277640059495,0.05007436787307883,0.0532969757064948,0.05899851264253842,0.0466038671294001,0.14898363906792267,0.2020327218641547,0.12816063460585028,0.0443728309370352,0.1457610312345067,0.0495785820525533,0.08254833911750124
PLAYGROUND_GRAPH_DENSITY,0.02478929102627665,0.06841844323252355,1.0,0.036440257808626676,0.03619236489836391,0.03396132870599901,0.10783341596430342,0.08824987605354487,0.02528507684680218,0.023797719385225583,0.026772434308378782,0.09048091224590976,0.09221616261774913,0.05205751115518096,1.0,0.05230540406544373,0.02478929102627665,0.027268220128904314,0.03891918691125434,0.0857709469509172,0.07064947942488845,0.08378780366881507,0.09866137828458106,0.0932077342588002,0.0880019831432821,0.06395637084779375,0.028011898859692613,0.02875557759048091,0.024293505205751114,0.018096182449181954,0.08899355478433317,0.10461080813088745,0.05999008428358949,0.01908775409023302,0.07585523054040655,0.02478929102627665,0.036440257808626676
PLAYGROUND_INFORMATIVE_DIVERSE,0.08651462568170551,0.12245909766980664,0.05230540406544373,0.09519087754090233,0.06618740704015866,0.06841844323252355,0.2330193356470005,0.1893901834407536,0.058254833911750126,0.05205751115518096,0.05528011898859692,0.19732275656916212,0.19038175508180466,0.34952900347050075,0.05230540406544373,1.0,0.08651462568170551,0.3011898859692613,0.3326722855726326,0.18914229053049084,0.146504709965295,0.18839861179970252,0.17699553792761527,0.1931085770946951,0.18889439762022806,0.11998016856717898,0.05007436787307883,0.04784333168071393,0.05528011898859692,0.047595438770451165,0.17798710956866634,0.25632126921170056,0.1502231036192365,0.0421417947446703,0.18294496777392166,0.04833911750123947,0.09519087754090233
PLAYGROUND_KCENTER_GREEDY,1.0,0.15344571145265246,0.02478929102627665,0.051065939514129896,0.039167079821517105,0.03470500743678731,0.07411998016856718,0.21095686663361427,0.036440257808626676,0.030490827962320277,0.03371343579573624,0.09965294992563213,0.09643034209221617,0.0813088745661874,0.02478929102627665,0.08651462568170551,1.0,0.061973227565691624,0.07982151710461081,0.09345562716906297,0.10585027268220129,0.10039662865642042,0.10337134357957363,0.09048091224590976,0.09419930589985126,0.11998016856717898,0.03173029251363411,0.02602875557759048,0.033217649975210706,0.02330193356470005,0.11006445215666832,0.11006445215666832,0.2521070897372335,0.02528507684680218,0.10089241447694595,0.02330193356470005,0.051065939514129896
PLAYGROUND_MARGIN,0.061973227565691624,0.08527516113039167,0.027268220128904314,0.06296479920674268,0.11700545364402579,0.1685671789786812,0.12196331184928111,0.10237977193852256,0.04238968765493307,0.03718393653941497,0.04561229548834903,0.10708973723351513,0.11130391670798215,0.3559742191373327,0.027268220128904314,0.3011898859692613,0.061973227565691624,1.0,0.45314823996033715,0.12146752602875557,0.10386712940009915,0.11006445215666832,0.09221616261774913,0.11056023797719385,0.11279127416955875,0.08775409023301933,0.03941497273177987,0.04685176003966286,0.04685176003966286,0.14476945959345563,0.10733763014377788,0.12369856222112048,0.08626673277144274,0.09271194843827467,0.1065939514129896,0.08180466038671294,0.06296479920674268
PLAYGROUND_MIXTURE,0.07982151710461081,0.08701041150223103,0.03891918691125434,0.09766980664352999,0.06866633614278632,0.08924144769459594,0.20079325731284084,0.14551313832424392,0.035448686167575606,0.03396132870599901,0.0406544372830937,0.16236985622211206,0.1574119980168567,0.3145761031234507,0.03891918691125434,0.3326722855726326,0.07982151710461081,0.45314823996033715,1.0,0.15865146256817056,0.11551809618244918,0.15617253346554288,0.1368368864650471,0.153941497273178,0.16013882002974714,0.10114030738720872,0.03594447198810114,0.036440257808626676,0.0421417947446703,0.07164105106593951,0.14923153197818542,0.19856222112047595,0.11948438274665345,0.049826474962816066,0.14972731779871096,0.05205751115518096,0.09766980664352999
PLAYGROUND_UNIFORM,0.09345562716906297,0.1353495290034705,0.0857709469509172,0.1271690629647992,0.06742687159147248,0.07213683688646505,0.3076351016360932,0.20153693604362916,0.06172533465542886,0.04709965294992563,0.05503222607833416,0.24516608824987604,0.23822508676251858,0.15617253346554288,0.0857709469509172,0.18914229053049084,0.09345562716906297,0.12146752602875557,0.15865146256817056,1.0,0.14749628160634606,0.22657411998016858,0.21764997521070897,0.24169558750619732,0.23996033713435796,0.15270203272186417,0.058254833911750126,0.05404065443728309,0.06048587010411502,0.04462072384729797,0.24938026772434307,0.3296975706494794,0.16435299950421417,0.043877045116509666,0.22459097669806644,0.0518096182449182,0.1271690629647992
SKACTIVEML_COST_EMBEDDING,0.10585027268220129,0.16831928606841845,0.07064947942488845,0.07114526524541398,0.07114526524541398,0.07015369360436291,0.18170550322260784,0.20327218641546851,0.052553296975706494,0.05627169062964799,0.054784333168071395,0.16212196331184928,0.16088249876053545,0.14724838869608328,0.07064947942488845,0.146504709965295,0.10585027268220129,0.10386712940009915,0.11551809618244918,0.14749628160634606,1.0,0.15493306891422906,0.18170550322260784,0.1591472483886961,0.14774417451660882,0.17699553792761527,0.05701536936043629,0.048834903321764996,0.051313832424392664,0.04908279623202776,0.17278135845314824,0.1923648983639068,0.17873078829945463,0.0466038671294001,0.15270203272186417,0.059494298463063956,0.07114526524541398
SKACTIVEML_DAL,0.10039662865642042,0.14551313832424392,0.08378780366881507,0.12047595438770452,0.06742687159147248,0.06916212196331185,0.28805156172533464,0.2131879028259792,0.05999008428358949,0.04908279623202776,0.059742191373326724,0.229300941993059,0.24194348041646008,0.15567674764501735,0.08378780366881507,0.18839861179970252,0.10039662865642042,0.11006445215666832,0.15617253346554288,0.22657411998016858,0.15493306891422906,1.0,0.22607833415964304,0.23252354982647497,0.23054040654437283,0.15617253346554288,0.05899851264253842,0.052553296975706494,0.053792761527020325,0.0458601883986118,0.24020823004462072,0.31978185423896877,0.18170550322260784,0.04164600892414477,0.22508676251859197,0.04784333168071393,0.12047595438770452
SKACTIVEML_DWUS,0.10337134357957363,0.19533961328705998,0.09866137828458106,0.10733763014377788,0.0842835894893406,0.0805651958353991,0.34506693108577097,0.2555775904809122,0.05676747645017353,0.06122954883490332,0.05924640555280119,0.2322756569162122,0.22211204759543876,0.15716410510659395,0.09866137828458106,0.17699553792761527,0.10337134357957363,0.09221616261774913,0.1368368864650471,0.21764997521070897,0.18170550322260784,0.22607833415964304,1.0,0.2387208725830441,0.22731779871095686,0.18889439762022806,0.053544868616757564,0.059494298463063956,0.059494298463063956,0.04833911750123947,0.2669806643529995,0.37208725830441247,0.1980664352999504,0.0518096182449182,0.18765493306891423,0.05528011898859692,0.10733763014377788
SKACTIVEML_QBC,0.09048091224590976,0.16088249876053545,0.0932077342588002,0.11378284581060982,0.06296479920674268,0.06792265741199802,0.312097174020823,0.22459097669806644,0.057263262270699056,0.05280118988596926,0.057263262270699056,0.2411998016856718,0.23277144273673772,0.1626177491323748,0.0932077342588002,0.1931085770946951,0.09048091224590976,0.11056023797719385,0.153941497273178,0.24169558750619732,0.1591472483886961,0.23252354982647497,0.2387208725830441,1.0,0.2545860188398612,0.15617253346554288,0.05751115518096182,0.05453644025780863,0.053544868616757564,0.05205751115518096,0.2449181953396133,0.3368864650470996,0.16955875061973227,0.0495785820525533,0.21566683192860683,0.06122954883490332,0.11378284581060982
SKACTIVEML_QBC_VOTE_ENTROPY,0.09419930589985126,0.13336638572136836,0.0880019831432821,0.131631135349529,0.07288051561725335,0.07411998016856718,0.2964799206742687,0.20525532969757065,0.053792761527020325,0.05304908279623203,0.058750619732275654,0.24888448190381754,0.24367873078829946,0.16013882002974714,0.0880019831432821,0.18889439762022806,0.09419930589985126,0.11279127416955875,0.16013882002974714,0.23996033713435796,0.14774417451660882,0.23054040654437283,0.22731779871095686,0.2545860188398612,1.0,0.14675260287555775,0.057263262270699056,0.05528011898859692,0.05651958353991076,0.04115022310361924,0.22583044124938026,0.3024293505205751,0.16236985622211206,0.04238968765493307,0.2188894397620228,0.0436291522062469,0.131631135349529
SKACTIVEML_QUIRE,0.11998016856717898,0.2107089737233515,0.06395637084779375,0.06618740704015866,0.07882994546355974,0.07337630143777887,0.17997025285076848,0.23574615765989093,0.05676747645017353,0.06147744174516609,0.05304908279623203,0.15096678235002478,0.14476945959345563,0.12320277640059495,0.06395637084779375,0.11998016856717898,0.11998016856717898,0.08775409023301933,0.10114030738720872,0.15270203272186417,0.17699553792761527,0.15617253346554288,0.18889439762022806,0.15617253346554288,0.14675260287555775,1.0,0.05999008428358949,0.05528011898859692,0.05081804660386713,0.050322260783341594,0.1760039662865642,0.21492315319781854,0.1943480416460089,0.05701536936043629,0.13336638572136836,0.06941001487357462,0.06618740704015866
SKACTIVEML_US_ENTROPY,0.03173029251363411,0.059494298463063956,0.028011898859692613,0.019335647000495785,0.06073376301437779,0.05230540406544373,0.05453644025780863,0.059742191373326724,0.08031730292513634,0.07511155180961825,0.056023797719385225,0.05304908279623203,0.05404065443728309,0.05007436787307883,0.028011898859692613,0.05007436787307883,0.03173029251363411,0.03941497273177987,0.03594447198810114,0.058254833911750126,0.05701536936043629,0.05899851264253842,0.053544868616757564,0.05751115518096182,0.057263262270699056,0.05999008428358949,1.0,0.7330193356470005,0.717649975210709,0.04338125929598413,0.05676747645017353,0.061973227565691624,0.0436291522062469,0.05404065443728309,0.047595438770451165,0.07560733763014378,0.019335647000495785
SKACTIVEML_US_LC,0.02602875557759048,0.06147744174516609,0.02875557759048091,0.020079325731284084,0.07089737233515121,0.053792761527020325,0.056023797719385225,0.05156172533465543,0.06693108577094695,0.0850272682201289,0.06296479920674268,0.051313832424392664,0.051065939514129896,0.0532969757064948,0.02875557759048091,0.04784333168071393,0.02602875557759048,0.04685176003966286,0.036440257808626676,0.05404065443728309,0.048834903321764996,0.052553296975706494,0.059494298463063956,0.05453644025780863,0.05528011898859692,0.05528011898859692,0.7330193356470005,1.0,0.7273177987109569,0.05007436787307883,0.05156172533465543,0.05453644025780863,0.0443728309370352,0.06792265741199802,0.04238968765493307,0.06767476450173525,0.020079325731284084
SKACTIVEML_US_MARGIN,0.033217649975210706,0.050322260783341594,0.024293505205751114,0.019583539910758552,0.05676747645017353,0.07610312345066932,0.06122954883490332,0.05057015369360436,0.05924640555280119,0.06370847793753098,0.07337630143777887,0.05552801189885969,0.05428854734754586,0.05899851264253842,0.024293505205751114,0.05528011898859692,0.033217649975210706,0.04685176003966286,0.0421417947446703,0.06048587010411502,0.051313832424392664,0.053792761527020325,0.059494298463063956,0.053544868616757564,0.05651958353991076,0.05081804660386713,0.717649975210709,0.7273177987109569,1.0,0.06172533465542886,0.05701536936043629,0.05800694100148736,0.0458601883986118,0.05651958353991076,0.0473475458601884,0.05577590480912246,0.019583539910758552
SMALLTEXT_BREAKINGTIES,0.02330193356470005,0.04561229548834903,0.018096182449181954,0.02032721864154685,0.12171541893901834,0.22136836886465047,0.05156172533465543,0.04833911750123947,0.05924640555280119,0.059494298463063956,0.07659890927119484,0.04313336638572137,0.045364402578086264,0.0466038671294001,0.018096182449181954,0.047595438770451165,0.02330193356470005,0.14476945959345563,0.07164105106593951,0.04462072384729797,0.04908279623202776,0.0458601883986118,0.04833911750123947,0.05205751115518096,0.04115022310361924,0.050322260783341594,0.04338125929598413,0.05007436787307883,0.06172533465542886,1.0,0.046355974219137334,0.05007436787307883,0.04238968765493307,0.7104610808130888,0.04115022310361924,0.7040158651462568,0.02032721864154685
SMALLTEXT_CONTRASTIVEAL,0.11006445215666832,0.17402082300446206,0.08899355478433317,0.10956866633614279,0.07188894397620228,0.07213683688646505,0.334407535944472,0.2741695587506197,0.07188894397620228,0.05999008428358949,0.059494298463063956,0.23475458601883986,0.2315319781854239,0.14898363906792267,0.08899355478433317,0.17798710956866634,0.11006445215666832,0.10733763014377788,0.14923153197818542,0.24938026772434307,0.17278135845314824,0.24020823004462072,0.2669806643529995,0.2449181953396133,0.22583044124938026,0.1760039662865642,0.05676747645017353,0.05156172533465543,0.05701536936043629,0.046355974219137334,1.0,0.36415468517600397,0.20624690133862172,0.0436291522062469,0.20847793753098662,0.056023797719385225,0.10956866633614279
SMALLTEXT_EMBEDDINGKMEANS,0.11006445215666832,0.2211204759543877,0.10461080813088745,0.13510163609320774,0.07659890927119484,0.07982151710461081,0.5696579077838374,0.36043629152206247,0.06693108577094695,0.059494298463063956,0.06370847793753098,0.330193356470005,0.32821021318790283,0.2020327218641547,0.10461080813088745,0.25632126921170056,0.11006445215666832,0.12369856222112048,0.19856222112047595,0.3296975706494794,0.1923648983639068,0.31978185423896877,0.37208725830441247,0.3368864650470996,0.3024293505205751,0.21492315319781854,0.061973227565691624,0.05453644025780863,0.05800694100148736,0.05007436787307883,0.36415468517600397,1.0,0.23698562221120476,0.04709965294992563,0.29771938522558256,0.0532969757064948,0.13510163609320774
SMALLTEXT_GREEDYCORESET,0.2521070897372335,0.2744174516608825,0.05999008428358949,0.08081308874566187,0.06891422905304909,0.06891422905304909,0.19533961328705998,0.34952900347050075,0.045364402578086264,0.0473475458601884,0.0458601883986118,0.1745166088249876,0.16385721368368864,0.12816063460585028,0.05999008428358949,0.1502231036192365,0.2521070897372335,0.08626673277144274,0.11948438274665345,0.16435299950421417,0.17873078829945463,0.18170550322260784,0.1980664352999504,0.16955875061973227,0.16236985622211206,0.1943480416460089,0.0436291522062469,0.0443728309370352,0.0458601883986118,0.04238968765493307,0.20624690133862172,0.23698562221120476,1.0,0.04462072384729797,0.19137332672285573,0.05057015369360436,0.08081308874566187
SMALLTEXT_LEASTCONFIDENCE,0.02528507684680218,0.053792761527020325,0.01908775409023302,0.02057511155180962,0.22434308378780368,0.12369856222112048,0.0443728309370352,0.0466038671294001,0.06916212196331185,0.08081308874566187,0.06470004957858205,0.0421417947446703,0.03867129400099157,0.0443728309370352,0.01908775409023302,0.0421417947446703,0.02528507684680218,0.09271194843827467,0.049826474962816066,0.043877045116509666,0.0466038671294001,0.04164600892414477,0.0518096182449182,0.0495785820525533,0.04238968765493307,0.05701536936043629,0.05404065443728309,0.06792265741199802,0.05651958353991076,0.7104610808130888,0.0436291522062469,0.04709965294992563,0.04462072384729797,1.0,0.037927615270203274,0.7278135845314824,0.02057511155180962
SMALLTEXT_LIGHTWEIGHTCORESET,0.10089241447694595,0.1353495290034705,0.07585523054040655,0.12097174020823004,0.061973227565691624,0.06445215666831929,0.23946455131383243,0.21120475954387705,0.044868616757560736,0.0421417947446703,0.04833911750123947,0.22979672781358454,0.2248388696083292,0.1457610312345067,0.07585523054040655,0.18294496777392166,0.10089241447694595,0.1065939514129896,0.14972731779871096,0.22459097669806644,0.15270203272186417,0.22508676251859197,0.18765493306891423,0.21566683192860683,0.2188894397620228,0.13336638572136836,0.047595438770451165,0.04238968765493307,0.0473475458601884,0.04115022310361924,0.20847793753098662,0.29771938522558256,0.19137332672285573,0.037927615270203274,1.0,0.043877045116509666,0.12097174020823004
SMALLTEXT_PREDICTIONENTROPY,0.02330193356470005,0.05701536936043629,0.02478929102627665,0.01908775409023302,0.13212692117005453,0.10882498760535449,0.05701536936043629,0.05528011898859692,0.09643034209221617,0.08180466038671294,0.06767476450173525,0.0451165096678235,0.05205751115518096,0.0495785820525533,0.02478929102627665,0.04833911750123947,0.02330193356470005,0.08180466038671294,0.05205751115518096,0.0518096182449182,0.059494298463063956,0.04784333168071393,0.05528011898859692,0.06122954883490332,0.0436291522062469,0.06941001487357462,0.07560733763014378,0.06767476450173525,0.05577590480912246,0.7040158651462568,0.056023797719385225,0.0532969757064948,0.05057015369360436,0.7278135845314824,0.043877045116509666,1.0,0.01908775409023302
SMALLTEXT_RANDOM,0.051065939514129896,0.051065939514129896,0.036440257808626676,1.0,0.03222607833415964,0.03520079325731284,0.13882002974714924,0.08676251859196826,0.025037183936539417,0.021566683192860685,0.021318790282597918,0.12766484878532475,0.12394645513138325,0.08254833911750124,0.036440257808626676,0.09519087754090233,0.051065939514129896,0.06296479920674268,0.09766980664352999,0.1271690629647992,0.07114526524541398,0.12047595438770452,0.10733763014377788,0.11378284581060982,0.131631135349529,0.06618740704015866,0.019335647000495785,0.020079325731284084,0.019583539910758552,0.02032721864154685,0.10956866633614279,0.13510163609320774,0.08081308874566187,0.02057511155180962,0.12097174020823004,0.01908775409023302,1.0
