,ALIPY_CORESET_GREEDY,ALIPY_DENSITY_WEIGHTED,ALIPY_GRAPH_DENSITY,ALIPY_RANDOM,ALIPY_UNCERTAINTY_LC,ALIPY_UNCERTAINTY_MM,LIBACT_DWUS,LIBACT_QUIRE,LIBACT_UNCERTAINTY_ENT,LIBACT_UNCERTAINTY_LC,LIBACT_UNCERTAINTY_SM,OPTIMAL_GREEDY_10,OPTIMAL_GREEDY_20,PLAYGROUND_BANDIT,PLAYGROUND_GRAPH_DENSITY,PLAYGROUND_INFORMATIVE_DIVERSE,PLAYGROUND_KCENTER_GREEDY,PLAYGROUND_MARGIN,PLAYGROUND_MIXTURE,PLAYGROUND_UNIFORM,SKACTIVEML_COST_EMBEDDING,SKACTIVEML_DAL,SKACTIVEML_DWUS,SKACTIVEML_QBC,SKACTIVEML_QBC_VOTE_ENTROPY,SKACTIVEML_QUIRE,SKACTIVEML_US_ENTROPY,SKACTIVEML_US_LC,SKACTIVEML_US_MARGIN,SMALLTEXT_BREAKINGTIES,SMALLTEXT_CONTRASTIVEAL,SMALLTEXT_EMBEDDINGKMEANS,SMALLTEXT_GREEDYCORESET,SMALLTEXT_LEASTCONFIDENCE,SMALLTEXT_LIGHTWEIGHTCORESET,SMALLTEXT_PREDICTIONENTROPY,SMALLTEXT_RANDOM
ALIPY_CORESET_GREEDY,1.0,0.15840356965790778,0.03718393653941497,0.06519583539910759,0.0384234010907288,0.0406544372830937,0.09593455627169063,0.1908775409023302,0.022062469013386217,0.025780862667327716,0.02900347050074368,0.11527020327218641,0.12592959841348536,0.10634605850272683,0.03718393653941497,0.12097174020823004,1.0,0.06866633614278632,0.10832920178482895,0.1383242439266237,0.10783341596430342,0.13882002974714924,0.10188398611799702,0.13138324243926625,0.12840852751611304,0.12295488349033218,0.02528507684680218,0.026772434308378782,0.031978185423896875,0.025532969757064948,0.1346058502726822,0.14005949429846307,0.19261279127416955,0.02478929102627665,0.13485374318294496,0.02900347050074368,0.06519583539910759
ALIPY_DENSITY_WEIGHTED,0.15840356965790778,1.0,0.06866633614278632,0.06494794248884482,0.06296479920674268,0.06544372830937036,0.1960832920178483,0.29325731284085277,0.05428854734754586,0.0532969757064948,0.052553296975706494,0.1745166088249876,0.1826970748636589,0.14526524541398117,0.06866633614278632,0.1420426375805652,0.15840356965790778,0.10188398611799702,0.10684184432325236,0.16683192860684184,0.1715418939018344,0.16980664352999505,0.1943480416460089,0.1752602875557759,0.1591472483886961,0.22682201289043133,0.050322260783341594,0.05007436787307883,0.05651958353991076,0.04561229548834903,0.2094695091720377,0.17327714427367377,0.23946455131383243,0.04685176003966286,0.1864154685176004,0.051065939514129896,0.06494794248884482
ALIPY_GRAPH_DENSITY,0.03718393653941497,0.06866633614278632,1.0,0.03817550818046604,0.025532969757064948,0.029995042141794746,0.09444719881011403,0.08899355478433317,0.02454139811601388,0.026772434308378782,0.025532969757064948,0.0850272682201289,0.08651462568170551,0.052553296975706494,1.0,0.05775904809122459,0.03718393653941497,0.033217649975210706,0.031234506693108576,0.0842835894893406,0.06470004957858205,0.08180466038671294,0.09667823500247893,0.0924640555280119,0.0894893406048587,0.07560733763014378,0.02949925632126921,0.024293505205751114,0.030490827962320277,0.01611303916707982,0.08973723351512147,0.09940505701536936,0.07114526524541398,0.01685671789786812,0.08403569657907783,0.02404561229548835,0.03817550818046604
ALIPY_RANDOM,0.06519583539910759,0.06494794248884482,0.03817550818046604,1.0,0.036936043629152204,0.03346554288547347,0.12221120475954388,0.09048091224590976,0.02602875557759048,0.021566683192860685,0.02602875557759048,0.11973227565691621,0.1301437778879524,0.08155676747645017,0.03817550818046604,0.0909766980664353,0.06519583539910759,0.06346058502726822,0.090233019335647,0.11923648983639068,0.06742687159147248,0.11105602379771938,0.09568666336142786,0.10857709469509172,0.11427863163113534,0.07263262270699058,0.02454139811601388,0.025037183936539417,0.030986613782845812,0.02107089737233515,0.10163609320773426,0.11774913237481408,0.10014873574615767,0.021566683192860685,0.11799702528507684,0.020823004462072386,1.0
ALIPY_UNCERTAINTY_LC,0.0384234010907288,0.06296479920674268,0.025532969757064948,0.036936043629152204,1.0,0.7134357957362419,0.05552801189885969,0.05701536936043629,0.05007436787307883,0.06122954883490332,0.04858701041150223,0.061973227565691624,0.05999008428358949,0.06246901338621715,0.025532969757064948,0.05577590480912246,0.0384234010907288,0.11601388200297472,0.06544372830937036,0.06147744174516609,0.06470004957858205,0.06296479920674268,0.06643529995042141,0.05751115518096182,0.059494298463063956,0.06470004957858205,0.044124938026772434,0.05577590480912246,0.051313832424392664,0.11080813088745661,0.062221120475954385,0.05453644025780863,0.06048587010411502,0.21021318790282598,0.06296479920674268,0.11328705999008429,0.036936043629152204
ALIPY_UNCERTAINTY_MM,0.0406544372830937,0.06544372830937036,0.029995042141794746,0.03346554288547347,0.7134357957362419,1.0,0.053544868616757564,0.06271690629647993,0.04561229548834903,0.045364402578086264,0.05899851264253842,0.06246901338621715,0.06569162121963312,0.06841844323252355,0.029995042141794746,0.060981655924640554,0.0406544372830937,0.16212196331184928,0.08924144769459594,0.06643529995042141,0.06767476450173525,0.06841844323252355,0.06569162121963312,0.06296479920674268,0.06370847793753098,0.06494794248884482,0.04338125929598413,0.04685176003966286,0.05577590480912246,0.20475954387704512,0.06172533465542886,0.06023797719385226,0.06470004957858205,0.10535448686167576,0.06296479920674268,0.10609816559246406,0.03346554288547347
LIBACT_DWUS,0.09593455627169063,0.1960832920178483,0.09444719881011403,0.12221120475954388,0.05552801189885969,0.053544868616757564,1.0,0.29548834903321763,0.04933068914229053,0.0458601883986118,0.04709965294992563,0.2699553792761527,0.2744174516608825,0.15989092711948438,0.09444719881011403,0.1826970748636589,0.09593455627169063,0.09791769955379276,0.15840356965790778,0.28135845314824,0.14898363906792267,0.263262270699058,0.2709469509172038,0.26425384234010907,0.25731284085275163,0.22682201289043133,0.0480912245909767,0.04313336638572137,0.052553296975706494,0.03619236489836391,0.26499752107089736,0.3475458601883986,0.23698562221120476,0.036440257808626676,0.2635101636093208,0.04610808130887457,0.12221120475954388
LIBACT_QUIRE,0.1908775409023302,0.29325731284085277,0.08899355478433317,0.09048091224590976,0.05701536936043629,0.06271690629647993,0.29548834903321763,1.0,0.05230540406544373,0.05156172533465543,0.053792761527020325,0.2404561229548835,0.2374814080317303,0.17129400099157163,0.08899355478433317,0.18691125433812594,0.1908775409023302,0.1028755577590481,0.14229053049082796,0.2307882994546356,0.17922657411998016,0.2498760535448686,0.2285572632622707,0.2530986613782846,0.236737729300942,0.2778879524045612,0.045364402578086264,0.0473475458601884,0.05304908279623203,0.0384234010907288,0.26822012890431335,0.2692117005453644,0.2967278135845315,0.03371343579573624,0.24814080317302925,0.0495785820525533,0.09048091224590976
LIBACT_UNCERTAINTY_ENT,0.022062469013386217,0.05428854734754586,0.02454139811601388,0.02602875557759048,0.05007436787307883,0.04561229548834903,0.04933068914229053,0.05230540406544373,1.0,0.7216162617749132,0.7055032226078334,0.04833911750123947,0.0480912245909767,0.039167079821517105,0.02454139811601388,0.046355974219137334,0.022062469013386217,0.03272186415468518,0.02949925632126921,0.06048587010411502,0.0451165096678235,0.048834903321764996,0.04784333168071393,0.0473475458601884,0.04338125929598413,0.047595438770451165,0.06742687159147248,0.05304908279623203,0.04858701041150223,0.03941497273177987,0.06023797719385226,0.0406544372830937,0.0518096182449182,0.0443728309370352,0.041398116013882005,0.06519583539910759,0.02602875557759048
LIBACT_UNCERTAINTY_LC,0.025780862667327716,0.0532969757064948,0.026772434308378782,0.021566683192860685,0.06122954883490332,0.045364402578086264,0.0458601883986118,0.05156172533465543,0.7216162617749132,1.0,0.729300941993059,0.04858701041150223,0.04685176003966286,0.04313336638572137,0.026772434308378782,0.046355974219137334,0.025780862667327716,0.032969757064947945,0.02751611303916708,0.0466038671294001,0.04908279623202776,0.052553296975706494,0.046355974219137334,0.04858701041150223,0.04338125929598413,0.049826474962816066,0.06172533465542886,0.06445215666831929,0.058750619732275654,0.04933068914229053,0.04833911750123947,0.03966286564204264,0.051065939514129896,0.05627169062964799,0.0406544372830937,0.056023797719385225,0.021566683192860685
LIBACT_UNCERTAINTY_SM,0.02900347050074368,0.052553296975706494,0.025532969757064948,0.02602875557759048,0.04858701041150223,0.05899851264253842,0.04709965294992563,0.053792761527020325,0.7055032226078334,0.729300941993059,1.0,0.04610808130887457,0.05428854734754586,0.047595438770451165,0.025532969757064948,0.044868616757560736,0.02900347050074368,0.03941497273177987,0.031234506693108576,0.0532969757064948,0.047595438770451165,0.04908279623202776,0.051065939514129896,0.05230540406544373,0.04858701041150223,0.05205751115518096,0.0480912245909767,0.0518096182449182,0.06346058502726822,0.05577590480912246,0.053792761527020325,0.043877045116509666,0.051065939514129896,0.04933068914229053,0.052553296975706494,0.05205751115518096,0.02602875557759048
OPTIMAL_GREEDY_10,0.11527020327218641,0.1745166088249876,0.0850272682201289,0.11973227565691621,0.061973227565691624,0.06246901338621715,0.2699553792761527,0.2404561229548835,0.04833911750123947,0.04858701041150223,0.04610808130887457,1.0,0.25384234010907286,0.14675260287555775,0.0850272682201289,0.16906296479920674,0.11527020327218641,0.10163609320773426,0.14452156668319285,0.25260287555775907,0.12989588497768964,0.22583044124938026,0.19533961328705998,0.23599405057015369,0.23326722855726326,0.18294496777392166,0.04833911750123947,0.052553296975706494,0.05404065443728309,0.0384234010907288,0.21492315319781854,0.2677243430837878,0.2226078334159643,0.033217649975210706,0.24169558750619732,0.03966286564204264,0.11973227565691621
OPTIMAL_GREEDY_20,0.12592959841348536,0.1826970748636589,0.08651462568170551,0.1301437778879524,0.05999008428358949,0.06569162121963312,0.2744174516608825,0.2374814080317303,0.0480912245909767,0.04685176003966286,0.05428854734754586,0.25384234010907286,1.0,0.14600892414476946,0.08651462568170551,0.18021814576103123,0.12592959841348536,0.0887456618740704,0.14972731779871096,0.22731779871095686,0.13187902825979178,0.22583044124938026,0.20525532969757065,0.24714923153197818,0.2424392662369856,0.18368864650470995,0.0443728309370352,0.0428854734754586,0.053544868616757564,0.040406544372830935,0.21789786812097173,0.25855230540406543,0.21740208230044622,0.036936043629152204,0.24392662369856222,0.04238968765493307,0.1301437778879524
PLAYGROUND_BANDIT,0.10634605850272683,0.14526524541398117,0.052553296975706494,0.08155676747645017,0.06246901338621715,0.06841844323252355,0.15989092711948438,0.17129400099157163,0.039167079821517105,0.04313336638572137,0.047595438770451165,0.14675260287555775,0.14600892414476946,1.0,0.052553296975706494,0.322756569162122,0.10634605850272683,0.3262270699058007,0.29846306395637084,0.15716410510659395,0.11998016856717898,0.14823996033713435,0.1331184928111056,0.1502231036192365,0.153941497273178,0.12915220624690135,0.037927615270203274,0.0458601883986118,0.0480912245909767,0.04858701041150223,0.15443728309370353,0.17302925136341102,0.1633614278631631,0.04189390183440753,0.14229053049082796,0.04115022310361924,0.08155676747645017
PLAYGROUND_GRAPH_DENSITY,0.03718393653941497,0.06866633614278632,1.0,0.03817550818046604,0.025532969757064948,0.029995042141794746,0.09444719881011403,0.08899355478433317,0.02454139811601388,0.026772434308378782,0.025532969757064948,0.0850272682201289,0.08651462568170551,0.052553296975706494,1.0,0.05775904809122459,0.03718393653941497,0.033217649975210706,0.031234506693108576,0.0842835894893406,0.06470004957858205,0.08180466038671294,0.09667823500247893,0.0924640555280119,0.0894893406048587,0.07560733763014378,0.02949925632126921,0.024293505205751114,0.030490827962320277,0.01611303916707982,0.08973723351512147,0.09940505701536936,0.07114526524541398,0.01685671789786812,0.08403569657907783,0.02404561229548835,0.03817550818046604
PLAYGROUND_INFORMATIVE_DIVERSE,0.12097174020823004,0.1420426375805652,0.05775904809122459,0.0909766980664353,0.05577590480912246,0.060981655924640554,0.1826970748636589,0.18691125433812594,0.046355974219137334,0.046355974219137334,0.044868616757560736,0.16906296479920674,0.18021814576103123,0.322756569162122,0.05775904809122459,1.0,0.12097174020823004,0.2935052057511155,0.3076351016360932,0.1707982151710461,0.12766484878532475,0.17030242935052056,0.1420426375805652,0.1663361427863163,0.16559246405552802,0.14005949429846307,0.0443728309370352,0.0443728309370352,0.05057015369360436,0.03520079325731284,0.16360932077342588,0.19905800694100148,0.16831928606841845,0.03346554288547347,0.17402082300446206,0.03718393653941497,0.0909766980664353
PLAYGROUND_KCENTER_GREEDY,1.0,0.15840356965790778,0.03718393653941497,0.06519583539910759,0.0384234010907288,0.0406544372830937,0.09593455627169063,0.1908775409023302,0.022062469013386217,0.025780862667327716,0.02900347050074368,0.11527020327218641,0.12592959841348536,0.10634605850272683,0.03718393653941497,0.12097174020823004,1.0,0.06866633614278632,0.10832920178482895,0.1383242439266237,0.10783341596430342,0.13882002974714924,0.10188398611799702,0.13138324243926625,0.12840852751611304,0.12295488349033218,0.02528507684680218,0.026772434308378782,0.031978185423896875,0.025532969757064948,0.1346058502726822,0.14005949429846307,0.19261279127416955,0.02478929102627665,0.13485374318294496,0.02900347050074368,0.06519583539910759
PLAYGROUND_MARGIN,0.06866633614278632,0.10188398611799702,0.033217649975210706,0.06346058502726822,0.11601388200297472,0.16212196331184928,0.09791769955379276,0.1028755577590481,0.03272186415468518,0.032969757064947945,0.03941497273177987,0.10163609320773426,0.0887456618740704,0.3262270699058007,0.033217649975210706,0.2935052057511155,0.06866633614278632,1.0,0.44571145265245415,0.09122459097669806,0.0880019831432821,0.09766980664352999,0.0850272682201289,0.0924640555280119,0.08899355478433317,0.08849776896380764,0.03396132870599901,0.035448686167575606,0.036440257808626676,0.13857213683688646,0.0880019831432821,0.09940505701536936,0.0991571641051066,0.08403569657907783,0.10089241447694595,0.08403569657907783,0.06346058502726822
PLAYGROUND_MIXTURE,0.10832920178482895,0.10684184432325236,0.031234506693108576,0.090233019335647,0.06544372830937036,0.08924144769459594,0.15840356965790778,0.14229053049082796,0.02949925632126921,0.02751611303916708,0.031234506693108576,0.14452156668319285,0.14972731779871096,0.29846306395637084,0.031234506693108576,0.3076351016360932,0.10832920178482895,0.44571145265245415,1.0,0.14724838869608328,0.09717402082300446,0.14551313832424392,0.11576598909271195,0.1405552801189886,0.14253842340109074,0.11155180961824492,0.026524541398116015,0.028011898859692613,0.03520079325731284,0.059742191373326724,0.12840852751611304,0.16683192860684184,0.1479920674268716,0.03445711452652454,0.15096678235002478,0.037927615270203274,0.090233019335647
PLAYGROUND_UNIFORM,0.1383242439266237,0.16683192860684184,0.0842835894893406,0.11923648983639068,0.06147744174516609,0.06643529995042141,0.28135845314824,0.2307882994546356,0.06048587010411502,0.0466038671294001,0.0532969757064948,0.25260287555775907,0.22731779871095686,0.15716410510659395,0.0842835894893406,0.1707982151710461,0.1383242439266237,0.09122459097669806,0.14724838869608328,1.0,0.15096678235002478,0.23797719385225583,0.21591472483886961,0.22434308378780368,0.2337630143777888,0.18889439762022806,0.046355974219137334,0.03991075855230541,0.0495785820525533,0.03594447198810114,0.21641051065939515,0.2709469509172038,0.22235994050570154,0.03520079325731284,0.22508676251859197,0.044868616757560736,0.11923648983639068
SKACTIVEML_COST_EMBEDDING,0.10783341596430342,0.1715418939018344,0.06470004957858205,0.06742687159147248,0.06470004957858205,0.06767476450173525,0.14898363906792267,0.17922657411998016,0.0451165096678235,0.04908279623202776,0.047595438770451165,0.12989588497768964,0.13187902825979178,0.11998016856717898,0.06470004957858205,0.12766484878532475,0.10783341596430342,0.0880019831432821,0.09717402082300446,0.15096678235002478,1.0,0.13882002974714924,0.15096678235002478,0.13857213683688646,0.13857213683688646,0.16906296479920674,0.0436291522062469,0.03718393653941497,0.04164600892414477,0.03743182944967774,0.14476945959345563,0.13981160138820029,0.15220624690133863,0.034209221616261776,0.1375805651958354,0.0428854734754586,0.06742687159147248
SKACTIVEML_DAL,0.13882002974714924,0.16980664352999505,0.08180466038671294,0.11105602379771938,0.06296479920674268,0.06841844323252355,0.263262270699058,0.2498760535448686,0.048834903321764996,0.052553296975706494,0.04908279623202776,0.22583044124938026,0.22583044124938026,0.14823996033713435,0.08180466038671294,0.17030242935052056,0.13882002974714924,0.09766980664352999,0.14551313832424392,0.23797719385225583,0.13882002974714924,1.0,0.19137332672285573,0.23500247892910262,0.22682201289043133,0.20054536440257809,0.04858701041150223,0.047595438770451165,0.04833911750123947,0.03991075855230541,0.22508676251859197,0.2565691621219633,0.248388696083292,0.035448686167575606,0.22905304908279622,0.04784333168071393,0.11105602379771938
SKACTIVEML_DWUS,0.10188398611799702,0.1943480416460089,0.09667823500247893,0.09568666336142786,0.06643529995042141,0.06569162121963312,0.2709469509172038,0.2285572632622707,0.04784333168071393,0.046355974219137334,0.051065939514129896,0.19533961328705998,0.20525532969757065,0.1331184928111056,0.09667823500247893,0.1420426375805652,0.10188398611799702,0.0850272682201289,0.11576598909271195,0.21591472483886961,0.15096678235002478,0.19137332672285573,1.0,0.214427367377293,0.20252850768468023,0.2057511155180962,0.04908279623202776,0.050322260783341594,0.052553296975706494,0.0406544372830937,0.21219633118492812,0.22830937035200793,0.1908775409023302,0.04238968765493307,0.1980664352999504,0.0495785820525533,0.09568666336142786
SKACTIVEML_QBC,0.13138324243926625,0.1752602875557759,0.0924640555280119,0.10857709469509172,0.05751115518096182,0.06296479920674268,0.26425384234010907,0.2530986613782846,0.0473475458601884,0.04858701041150223,0.05230540406544373,0.23599405057015369,0.24714923153197818,0.1502231036192365,0.0924640555280119,0.1663361427863163,0.13138324243926625,0.0924640555280119,0.1405552801189886,0.22434308378780368,0.13857213683688646,0.23500247892910262,0.214427367377293,1.0,0.24293505205751115,0.2094695091720377,0.04338125929598413,0.052553296975706494,0.05205751115518096,0.04462072384729797,0.23648983639067922,0.2669806643529995,0.23500247892910262,0.03991075855230541,0.23946455131383243,0.0428854734754586,0.10857709469509172
SKACTIVEML_QBC_VOTE_ENTROPY,0.12840852751611304,0.1591472483886961,0.0894893406048587,0.11427863163113534,0.059494298463063956,0.06370847793753098,0.25731284085275163,0.236737729300942,0.04338125929598413,0.04338125929598413,0.04858701041150223,0.23326722855726326,0.2424392662369856,0.153941497273178,0.0894893406048587,0.16559246405552802,0.12840852751611304,0.08899355478433317,0.14253842340109074,0.2337630143777888,0.13857213683688646,0.22682201289043133,0.20252850768468023,0.24293505205751115,1.0,0.17848289538919188,0.04238968765493307,0.0451165096678235,0.050322260783341594,0.045364402578086264,0.229300941993059,0.2602875557759048,0.22087258304412494,0.037927615270203274,0.23847297967278136,0.0458601883986118,0.11427863163113534
SKACTIVEML_QUIRE,0.12295488349033218,0.22682201289043133,0.07560733763014378,0.07263262270699058,0.06470004957858205,0.06494794248884482,0.22682201289043133,0.2778879524045612,0.047595438770451165,0.049826474962816066,0.05205751115518096,0.18294496777392166,0.18368864650470995,0.12915220624690135,0.07560733763014378,0.14005949429846307,0.12295488349033218,0.08849776896380764,0.11155180961824492,0.18889439762022806,0.16906296479920674,0.20054536440257809,0.2057511155180962,0.2094695091720377,0.17848289538919188,1.0,0.04908279623202776,0.04685176003966286,0.05528011898859692,0.0443728309370352,0.23549826474962815,0.21417947446703026,0.229300941993059,0.03767972235994051,0.19410014873574616,0.04858701041150223,0.07263262270699058
SKACTIVEML_US_ENTROPY,0.02528507684680218,0.050322260783341594,0.02949925632126921,0.02454139811601388,0.044124938026772434,0.04338125929598413,0.0480912245909767,0.045364402578086264,0.06742687159147248,0.06172533465542886,0.0480912245909767,0.04833911750123947,0.0443728309370352,0.037927615270203274,0.02949925632126921,0.0443728309370352,0.02528507684680218,0.03396132870599901,0.026524541398116015,0.046355974219137334,0.0436291522062469,0.04858701041150223,0.04908279623202776,0.04338125929598413,0.04238968765493307,0.04908279623202776,1.0,0.7288051561725335,0.7181457610312345,0.03520079325731284,0.05304908279623203,0.03941497273177987,0.044124938026772434,0.03867129400099157,0.04115022310361924,0.06693108577094695,0.02454139811601388
SKACTIVEML_US_LC,0.026772434308378782,0.05007436787307883,0.024293505205751114,0.025037183936539417,0.05577590480912246,0.04685176003966286,0.04313336638572137,0.0473475458601884,0.05304908279623203,0.06445215666831929,0.0518096182449182,0.052553296975706494,0.0428854734754586,0.0458601883986118,0.024293505205751114,0.0443728309370352,0.026772434308378782,0.035448686167575606,0.028011898859692613,0.03991075855230541,0.03718393653941497,0.047595438770451165,0.050322260783341594,0.052553296975706494,0.0451165096678235,0.04685176003966286,0.7288051561725335,1.0,0.7203767972235994,0.04090233019335647,0.05081804660386713,0.04338125929598413,0.04462072384729797,0.048834903321764996,0.04561229548834903,0.05627169062964799,0.025037183936539417
SKACTIVEML_US_MARGIN,0.031978185423896875,0.05651958353991076,0.030490827962320277,0.030986613782845812,0.051313832424392664,0.05577590480912246,0.052553296975706494,0.05304908279623203,0.04858701041150223,0.058750619732275654,0.06346058502726822,0.05404065443728309,0.053544868616757564,0.0480912245909767,0.030490827962320277,0.05057015369360436,0.031978185423896875,0.036440257808626676,0.03520079325731284,0.0495785820525533,0.04164600892414477,0.04833911750123947,0.052553296975706494,0.05205751115518096,0.050322260783341594,0.05528011898859692,0.7181457610312345,0.7203767972235994,1.0,0.04908279623202776,0.06346058502726822,0.05304908279623203,0.06122954883490332,0.045364402578086264,0.0480912245909767,0.049826474962816066,0.030986613782845812
SMALLTEXT_BREAKINGTIES,0.025532969757064948,0.04561229548834903,0.01611303916707982,0.02107089737233515,0.11080813088745661,0.20475954387704512,0.03619236489836391,0.0384234010907288,0.03941497273177987,0.04933068914229053,0.05577590480912246,0.0384234010907288,0.040406544372830935,0.04858701041150223,0.01611303916707982,0.03520079325731284,0.025532969757064948,0.13857213683688646,0.059742191373326724,0.03594447198810114,0.03743182944967774,0.03991075855230541,0.0406544372830937,0.04462072384729797,0.045364402578086264,0.0443728309370352,0.03520079325731284,0.04090233019335647,0.04908279623202776,1.0,0.03891918691125434,0.03767972235994051,0.03371343579573624,0.7109568666336142,0.03668815071888944,0.7015369360436291,0.02107089737233515
SMALLTEXT_CONTRASTIVEAL,0.1346058502726822,0.2094695091720377,0.08973723351512147,0.10163609320773426,0.062221120475954385,0.06172533465542886,0.26499752107089736,0.26822012890431335,0.06023797719385226,0.04833911750123947,0.053792761527020325,0.21492315319781854,0.21789786812097173,0.15443728309370353,0.08973723351512147,0.16360932077342588,0.1346058502726822,0.0880019831432821,0.12840852751611304,0.21641051065939515,0.14476945959345563,0.22508676251859197,0.21219633118492812,0.23648983639067922,0.229300941993059,0.23549826474962815,0.05304908279623203,0.05081804660386713,0.06346058502726822,0.03891918691125434,1.0,0.25037183936539414,0.23946455131383243,0.03891918691125434,0.2322756569162122,0.046355974219137334,0.10163609320773426
SMALLTEXT_EMBEDDINGKMEANS,0.14005949429846307,0.17327714427367377,0.09940505701536936,0.11774913237481408,0.05453644025780863,0.06023797719385226,0.3475458601883986,0.2692117005453644,0.0406544372830937,0.03966286564204264,0.043877045116509666,0.2677243430837878,0.25855230540406543,0.17302925136341102,0.09940505701536936,0.19905800694100148,0.14005949429846307,0.09940505701536936,0.16683192860684184,0.2709469509172038,0.13981160138820029,0.2565691621219633,0.22830937035200793,0.2669806643529995,0.2602875557759048,0.21417947446703026,0.03941497273177987,0.04338125929598413,0.05304908279623203,0.03767972235994051,0.25037183936539414,1.0,0.2389687654933069,0.029747149231531978,0.27565691621219635,0.03991075855230541,0.11774913237481408
SMALLTEXT_GREEDYCORESET,0.19261279127416955,0.23946455131383243,0.07114526524541398,0.10014873574615767,0.06048587010411502,0.06470004957858205,0.23698562221120476,0.2967278135845315,0.0518096182449182,0.051065939514129896,0.051065939514129896,0.2226078334159643,0.21740208230044622,0.1633614278631631,0.07114526524541398,0.16831928606841845,0.19261279127416955,0.0991571641051066,0.1479920674268716,0.22235994050570154,0.15220624690133863,0.248388696083292,0.1908775409023302,0.23500247892910262,0.22087258304412494,0.229300941993059,0.044124938026772434,0.04462072384729797,0.06122954883490332,0.03371343579573624,0.23946455131383243,0.2389687654933069,1.0,0.03767972235994051,0.2300446207238473,0.04238968765493307,0.10014873574615767
SMALLTEXT_LEASTCONFIDENCE,0.02478929102627665,0.04685176003966286,0.01685671789786812,0.021566683192860685,0.21021318790282598,0.10535448686167576,0.036440257808626676,0.03371343579573624,0.0443728309370352,0.05627169062964799,0.04933068914229053,0.033217649975210706,0.036936043629152204,0.04189390183440753,0.01685671789786812,0.03346554288547347,0.02478929102627665,0.08403569657907783,0.03445711452652454,0.03520079325731284,0.034209221616261776,0.035448686167575606,0.04238968765493307,0.03991075855230541,0.037927615270203274,0.03767972235994051,0.03867129400099157,0.048834903321764996,0.045364402578086264,0.7109568666336142,0.03891918691125434,0.029747149231531978,0.03767972235994051,1.0,0.03520079325731284,0.7126921170054537,0.021566683192860685
SMALLTEXT_LIGHTWEIGHTCORESET,0.13485374318294496,0.1864154685176004,0.08403569657907783,0.11799702528507684,0.06296479920674268,0.06296479920674268,0.2635101636093208,0.24814080317302925,0.041398116013882005,0.0406544372830937,0.052553296975706494,0.24169558750619732,0.24392662369856222,0.14229053049082796,0.08403569657907783,0.17402082300446206,0.13485374318294496,0.10089241447694595,0.15096678235002478,0.22508676251859197,0.1375805651958354,0.22905304908279622,0.1980664352999504,0.23946455131383243,0.23847297967278136,0.19410014873574616,0.04115022310361924,0.04561229548834903,0.0480912245909767,0.03668815071888944,0.2322756569162122,0.27565691621219635,0.2300446207238473,0.03520079325731284,1.0,0.04313336638572137,0.11799702528507684
SMALLTEXT_PREDICTIONENTROPY,0.02900347050074368,0.051065939514129896,0.02404561229548835,0.020823004462072386,0.11328705999008429,0.10609816559246406,0.04610808130887457,0.0495785820525533,0.06519583539910759,0.056023797719385225,0.05205751115518096,0.03966286564204264,0.04238968765493307,0.04115022310361924,0.02404561229548835,0.03718393653941497,0.02900347050074368,0.08403569657907783,0.037927615270203274,0.044868616757560736,0.0428854734754586,0.04784333168071393,0.0495785820525533,0.0428854734754586,0.0458601883986118,0.04858701041150223,0.06693108577094695,0.05627169062964799,0.049826474962816066,0.7015369360436291,0.046355974219137334,0.03991075855230541,0.04238968765493307,0.7126921170054537,0.04313336638572137,1.0,0.020823004462072386
SMALLTEXT_RANDOM,0.06519583539910759,0.06494794248884482,0.03817550818046604,1.0,0.036936043629152204,0.03346554288547347,0.12221120475954388,0.09048091224590976,0.02602875557759048,0.021566683192860685,0.02602875557759048,0.11973227565691621,0.1301437778879524,0.08155676747645017,0.03817550818046604,0.0909766980664353,0.06519583539910759,0.06346058502726822,0.090233019335647,0.11923648983639068,0.06742687159147248,0.11105602379771938,0.09568666336142786,0.10857709469509172,0.11427863163113534,0.07263262270699058,0.02454139811601388,0.025037183936539417,0.030986613782845812,0.02107089737233515,0.10163609320773426,0.11774913237481408,0.10014873574615767,0.021566683192860685,0.11799702528507684,0.020823004462072386,1.0
