,ALIPY_CORESET_GREEDY,ALIPY_DENSITY_WEIGHTED,ALIPY_GRAPH_DENSITY,ALIPY_RANDOM,ALIPY_UNCERTAINTY_LC,ALIPY_UNCERTAINTY_MM,LIBACT_DWUS,LIBACT_QUIRE,LIBACT_UNCERTAINTY_ENT,LIBACT_UNCERTAINTY_LC,LIBACT_UNCERTAINTY_SM,OPTIMAL_GREEDY_10,OPTIMAL_GREEDY_20,PLAYGROUND_BANDIT,PLAYGROUND_GRAPH_DENSITY,PLAYGROUND_INFORMATIVE_DIVERSE,PLAYGROUND_KCENTER_GREEDY,PLAYGROUND_MARGIN,PLAYGROUND_MIXTURE,PLAYGROUND_UNIFORM,SKACTIVEML_COST_EMBEDDING,SKACTIVEML_DAL,SKACTIVEML_DWUS,SKACTIVEML_QBC,SKACTIVEML_QBC_VOTE_ENTROPY,SKACTIVEML_QUIRE,SKACTIVEML_US_ENTROPY,SKACTIVEML_US_LC,SKACTIVEML_US_MARGIN,SMALLTEXT_BREAKINGTIES,SMALLTEXT_CONTRASTIVEAL,SMALLTEXT_EMBEDDINGKMEANS,SMALLTEXT_GREEDYCORESET,SMALLTEXT_LEASTCONFIDENCE,SMALLTEXT_LIGHTWEIGHTCORESET,SMALLTEXT_PREDICTIONENTROPY,SMALLTEXT_RANDOM
ALIPY_CORESET_GREEDY,1.0,0.12989588497768964,0.06494794248884482,0.09370352007932573,0.05577590480912246,0.0518096182449182,0.08601883986117997,0.16807139315815567,0.05850272682201289,0.05230540406544373,0.051065939514129896,0.10783341596430342,0.10857709469509172,0.07808626673277144,0.06941001487357462,0.06817055032226078,0.6194843827466534,0.062221120475954385,0.07610312345066932,0.11279127416955875,0.09519087754090233,0.11105602379771938,0.0887456618740704,0.10436291522062469,0.10634605850272683,0.11130391670798215,0.050322260783341594,0.0451165096678235,0.04561229548834903,0.0495785820525533,0.10882498760535449,0.10262766484878533,0.16732771442736738,0.04685176003966286,0.12221120475954388,0.0495785820525533,0.08998512642538424
ALIPY_DENSITY_WEIGHTED,0.12989588497768964,1.0,0.06916212196331185,0.07659890927119484,0.0999008428358949,0.0880019831432821,0.12221120475954388,0.22235994050570154,0.09122459097669806,0.0924640555280119,0.0835399107585523,0.11452652454139811,0.11279127416955875,0.11725334655428855,0.07089737233515121,0.11626177491323748,0.1256817055032226,0.09221616261774913,0.10039662865642042,0.11650966782350025,0.15096678235002478,0.11155180961824492,0.13981160138820029,0.11105602379771938,0.11750123946455131,0.1789786812097174,0.09494298463063956,0.0872583044124938,0.08453148239960337,0.07238472979672782,0.12964799206742686,0.1346058502726822,0.1700545364402578,0.08453148239960337,0.12617749132374814,0.09072880515617253,0.07288051561725335
ALIPY_GRAPH_DENSITY,0.06494794248884482,0.06916212196331185,1.0,0.11576598909271195,0.0518096182449182,0.053544868616757564,0.08453148239960337,0.07089737233515121,0.043877045116509666,0.04833911750123947,0.047595438770451165,0.12444224095190877,0.12469013386217154,0.0850272682201289,0.6286564204263758,0.07709469509172037,0.05627169062964799,0.05899851264253842,0.07387208725830441,0.12196331184928111,0.09643034209221617,0.11303916707982152,0.10585027268220129,0.12617749132374814,0.12543381259295985,0.0880019831432821,0.04908279623202776,0.044868616757560736,0.0458601883986118,0.04090233019335647,0.10808130887456618,0.11303916707982152,0.10609816559246406,0.0406544372830937,0.11998016856717898,0.03966286564204264,0.10733763014377788
ALIPY_RANDOM,0.09370352007932573,0.07659890927119484,0.11576598909271195,1.0,0.06841844323252355,0.07560733763014378,0.12245909766980664,0.09345562716906297,0.058254833911750126,0.05428854734754586,0.06742687159147248,0.19781854238968766,0.1938522558254834,0.11353495290034706,0.11551809618244918,0.10634605850272683,0.09643034209221617,0.07882994546355974,0.11155180961824492,0.18145761031234506,0.12245909766980664,0.19112543381259295,0.1405552801189886,0.18691125433812594,0.20054536440257809,0.10783341596430342,0.06569162121963312,0.06048587010411502,0.06841844323252355,0.05404065443728309,0.15964303420922163,0.1789786812097174,0.1517104610808131,0.058254833911750126,0.18517600396628656,0.05850272682201289,0.626425384234011
ALIPY_UNCERTAINTY_LC,0.05577590480912246,0.0999008428358949,0.0518096182449182,0.06841844323252355,1.0,0.4821517104610808,0.08626673277144274,0.06767476450173525,0.13039167079821518,0.1308874566187407,0.11998016856717898,0.08899355478433317,0.08378780366881507,0.1271690629647992,0.05552801189885969,0.1412989588497769,0.05775904809122459,0.16187407040158652,0.11328705999008429,0.0880019831432821,0.14724838869608328,0.09221616261774913,0.1271690629647992,0.08824987605354487,0.08477937530986614,0.0969261279127417,0.12741695587506197,0.14402578086266732,0.1271690629647992,0.13361427863163114,0.09295984134853744,0.09295984134853744,0.07957362419434805,0.20996529499256322,0.08304412493802678,0.153941497273178,0.06965790778383739
ALIPY_UNCERTAINTY_MM,0.0518096182449182,0.0880019831432821,0.053544868616757564,0.07560733763014378,0.4821517104610808,1.0,0.0842835894893406,0.061973227565691624,0.11279127416955875,0.12592959841348536,0.12964799206742686,0.09419930589985126,0.0894893406048587,0.13287059990084282,0.05999008428358949,0.14352999504214178,0.05428854734754586,0.1819533961328706,0.13857213683688646,0.09345562716906297,0.13187902825979178,0.10014873574615767,0.13882002974714924,0.08626673277144274,0.09122459097669806,0.0909766980664353,0.11998016856717898,0.12146752602875557,0.13485374318294496,0.20079325731284084,0.09890927119484383,0.08304412493802678,0.07560733763014378,0.14774417451660882,0.0954387704511651,0.14600892414476946,0.06767476450173525
LIBACT_DWUS,0.08601883986117997,0.12221120475954388,0.08453148239960337,0.12245909766980664,0.08626673277144274,0.0842835894893406,1.0,0.12245909766980664,0.06891422905304909,0.07436787307882994,0.07461576598909271,0.1871591472483887,0.19112543381259295,0.14823996033713435,0.0835399107585523,0.14005949429846307,0.08676251859196826,0.10262766484878533,0.13584531482399603,0.18790282597917699,0.1715418939018344,0.16906296479920674,0.24913237481408032,0.18096182449181952,0.19261279127416955,0.13956370847793753,0.07411998016856718,0.07064947942488845,0.06767476450173525,0.05651958353991076,0.15840356965790778,0.24665344571145265,0.15865146256817056,0.060981655924640554,0.1536936043629152,0.06420426375805652,0.11006445215666832
LIBACT_QUIRE,0.16807139315815567,0.22235994050570154,0.07089737233515121,0.09345562716906297,0.06767476450173525,0.061973227565691624,0.12245909766980664,1.0,0.06593951412989589,0.062221120475954385,0.06023797719385226,0.14923153197818542,0.15121467526028756,0.09494298463063956,0.07411998016856718,0.07882994546355974,0.1588993554784333,0.058254833911750126,0.07734258800198314,0.15691621219633117,0.12270699058006941,0.15790778383738224,0.12692117005453643,0.14452156668319285,0.153941497273178,0.1871591472483887,0.06370847793753098,0.06321269211700545,0.05899851264253842,0.05577590480912246,0.16435299950421417,0.1412989588497769,0.1943480416460089,0.05007436787307883,0.15493306891422906,0.06420426375805652,0.09221616261774913
LIBACT_UNCERTAINTY_ENT,0.05850272682201289,0.09122459097669806,0.043877045116509666,0.058254833911750126,0.13039167079821518,0.11279127416955875,0.06891422905304909,0.06593951412989589,1.0,0.5151214675260287,0.4903321764997521,0.07783837382250867,0.06618740704015866,0.09444719881011403,0.0428854734754586,0.09568666336142786,0.0532969757064948,0.0932077342588002,0.07238472979672782,0.07759048091224591,0.11080813088745661,0.07312840852751612,0.09295984134853744,0.06767476450173525,0.07015369360436291,0.08924144769459594,0.13138324243926625,0.13063956370847793,0.10585027268220129,0.12245909766980664,0.09370352007932573,0.07089737233515121,0.07932573128408528,0.12840852751611304,0.06445215666831929,0.14105106593951414,0.05800694100148736
LIBACT_UNCERTAINTY_LC,0.05230540406544373,0.0924640555280119,0.04833911750123947,0.05428854734754586,0.1308874566187407,0.12592959841348536,0.07436787307882994,0.062221120475954385,0.5151214675260287,1.0,0.507436787307883,0.07436787307882994,0.06767476450173525,0.0961824491819534,0.04610808130887457,0.1065939514129896,0.0532969757064948,0.08676251859196826,0.07188894397620228,0.07511155180961825,0.10510659395141299,0.07362419434804164,0.09295984134853744,0.07659890927119484,0.06941001487357462,0.09122459097669806,0.1331184928111056,0.13411006445215667,0.12270699058006941,0.12072384729796728,0.07560733763014378,0.07139315815567675,0.06891422905304909,0.14551313832424392,0.07263262270699058,0.13857213683688646,0.0518096182449182
LIBACT_UNCERTAINTY_SM,0.051065939514129896,0.0835399107585523,0.047595438770451165,0.06742687159147248,0.11998016856717898,0.12964799206742686,0.07461576598909271,0.06023797719385226,0.4903321764997521,0.507436787307883,1.0,0.0813088745661874,0.08378780366881507,0.08973723351512147,0.04164600892414477,0.10956866633614279,0.0518096182449182,0.09271194843827467,0.06792265741199802,0.07833415964303421,0.11650966782350025,0.08155676747645017,0.10560237977193852,0.07957362419434805,0.0842835894893406,0.0850272682201289,0.11229548834903322,0.11998016856717898,0.14005949429846307,0.13435795736241943,0.07783837382250867,0.06767476450173525,0.06494794248884482,0.1212196331184928,0.07461576598909271,0.12097174020823004,0.06271690629647993
OPTIMAL_GREEDY_10,0.10783341596430342,0.11452652454139811,0.12444224095190877,0.19781854238968766,0.08899355478433317,0.09419930589985126,0.1871591472483887,0.14923153197818542,0.07783837382250867,0.07436787307882994,0.0813088745661874,1.0,0.3190381755081805,0.1626177491323748,0.1279127416955875,0.15270203272186417,0.10832920178482895,0.10436291522062469,0.13212692117005453,0.27912741695587506,0.18368864650470995,0.27689638076351014,0.20426375805651958,0.2677243430837878,0.282350024789291,0.16608824987605356,0.07089737233515121,0.07783837382250867,0.07734258800198314,0.06990580069410014,0.23401090728805157,0.2508676251859197,0.2203767972235994,0.06147744174516609,0.2853247397124442,0.06767476450173525,0.19905800694100148
OPTIMAL_GREEDY_20,0.10857709469509172,0.11279127416955875,0.12469013386217154,0.1938522558254834,0.08378780366881507,0.0894893406048587,0.19112543381259295,0.15121467526028756,0.06618740704015866,0.06767476450173525,0.08378780366881507,0.3190381755081805,1.0,0.16038671294000992,0.12890431333663857,0.13981160138820029,0.0999008428358949,0.09816559246405553,0.12692117005453643,0.24913237481408032,0.17699553792761527,0.2788795240456123,0.20823004462072384,0.2640059494298463,0.26945959345562714,0.1576598909271195,0.07486365889935548,0.07114526524541398,0.08378780366881507,0.06296479920674268,0.22235994050570154,0.2595438770451165,0.20426375805651958,0.06668319286068418,0.27937530986613784,0.06246901338621715,0.18666336142786316
PLAYGROUND_BANDIT,0.07808626673277144,0.11725334655428855,0.0850272682201289,0.11353495290034706,0.1271690629647992,0.13287059990084282,0.14823996033713435,0.09494298463063956,0.09444719881011403,0.0961824491819534,0.08973723351512147,0.1626177491323748,0.16038671294000992,1.0,0.0842835894893406,0.3579573624194348,0.07907783837382251,0.32374814080317305,0.341844323252355,0.15047099652949925,0.19162121963311848,0.15592464055528013,0.17278135845314824,0.14303420922161625,0.1591472483886961,0.12047595438770452,0.09568666336142786,0.0924640555280119,0.09965294992563213,0.09147248388696083,0.1405552801189886,0.15220624690133863,0.1212196331184928,0.09568666336142786,0.14923153197818542,0.09196826970748637,0.10932077342588002
PLAYGROUND_GRAPH_DENSITY,0.06941001487357462,0.07089737233515121,0.6286564204263758,0.11551809618244918,0.05552801189885969,0.05999008428358949,0.0835399107585523,0.07411998016856718,0.0428854734754586,0.04610808130887457,0.04164600892414477,0.1279127416955875,0.12890431333663857,0.0842835894893406,1.0,0.07585523054040655,0.06048587010411502,0.06172533465542886,0.07337630143777887,0.12245909766980664,0.0917203767972236,0.12072384729796728,0.11056023797719385,0.12097174020823004,0.12915220624690135,0.0932077342588002,0.0466038671294001,0.0436291522062469,0.04709965294992563,0.040406544372830935,0.12022806147744175,0.12518591968269707,0.10436291522062469,0.0421417947446703,0.11477441745166088,0.04115022310361924,0.10808130887456618
PLAYGROUND_INFORMATIVE_DIVERSE,0.06817055032226078,0.11626177491323748,0.07709469509172037,0.10634605850272683,0.1412989588497769,0.14352999504214178,0.14005949429846307,0.07882994546355974,0.09568666336142786,0.1065939514129896,0.10956866633614279,0.15270203272186417,0.13981160138820029,0.3579573624194348,0.07585523054040655,1.0,0.06742687159147248,0.33862171541893904,0.31705503222607834,0.1383242439266237,0.1938522558254834,0.14600892414476946,0.1774913237481408,0.13634110064452157,0.14551313832424392,0.11898859692612791,0.10535448686167576,0.11279127416955875,0.11725334655428855,0.09593455627169063,0.12741695587506197,0.13336638572136836,0.11725334655428855,0.10014873574615767,0.14253842340109074,0.0999008428358949,0.10237977193852256
PLAYGROUND_KCENTER_GREEDY,0.6194843827466534,0.1256817055032226,0.05627169062964799,0.09643034209221617,0.05775904809122459,0.05428854734754586,0.08676251859196826,0.1588993554784333,0.0532969757064948,0.0532969757064948,0.0518096182449182,0.10832920178482895,0.0999008428358949,0.07907783837382251,0.06048587010411502,0.06742687159147248,1.0,0.059494298463063956,0.07213683688646505,0.11031234506693109,0.09345562716906297,0.11328705999008429,0.08205255329697571,0.10684184432325236,0.10733763014377788,0.11601388200297472,0.04685176003966286,0.043877045116509666,0.04784333168071393,0.04784333168071393,0.10932077342588002,0.10188398611799702,0.16236985622211206,0.0495785820525533,0.11006445215666832,0.04462072384729797,0.08279623202776401
PLAYGROUND_MARGIN,0.062221120475954385,0.09221616261774913,0.05899851264253842,0.07882994546355974,0.16187407040158652,0.1819533961328706,0.10262766484878533,0.058254833911750126,0.0932077342588002,0.08676251859196826,0.09271194843827467,0.10436291522062469,0.09816559246405553,0.32374814080317305,0.06172533465542886,0.33862171541893904,0.059494298463063956,1.0,0.4563708477937531,0.09271194843827467,0.14675260287555775,0.09568666336142786,0.12865642042637582,0.0924640555280119,0.0887456618740704,0.08254833911750124,0.09494298463063956,0.0894893406048587,0.09593455627169063,0.13411006445215667,0.09196826970748637,0.0887456618740704,0.07734258800198314,0.11551809618244918,0.0813088745661874,0.10733763014377788,0.07288051561725335
PLAYGROUND_MIXTURE,0.07610312345066932,0.10039662865642042,0.07387208725830441,0.11155180961824492,0.11328705999008429,0.13857213683688646,0.13584531482399603,0.07734258800198314,0.07238472979672782,0.07188894397620228,0.06792265741199802,0.13212692117005453,0.12692117005453643,0.341844323252355,0.07337630143777887,0.31705503222607834,0.07213683688646505,0.4563708477937531,1.0,0.13882002974714924,0.15121467526028756,0.1271690629647992,0.1368368864650471,0.11527020327218641,0.12766484878532475,0.09295984134853744,0.07064947942488845,0.0768468021814576,0.07882994546355974,0.10411502231036192,0.11031234506693109,0.14303420922161625,0.1036192364898364,0.09048091224590976,0.12444224095190877,0.08378780366881507,0.10237977193852256
PLAYGROUND_UNIFORM,0.11279127416955875,0.11650966782350025,0.12196331184928111,0.18145761031234506,0.0880019831432821,0.09345562716906297,0.18790282597917699,0.15691621219633117,0.07759048091224591,0.07511155180961825,0.07833415964303421,0.27912741695587506,0.24913237481408032,0.15047099652949925,0.12245909766980664,0.1383242439266237,0.11031234506693109,0.09271194843827467,0.13882002974714924,1.0,0.1789786812097174,0.2602875557759048,0.19732275656916212,0.25037183936539414,0.28309370352007934,0.15964303420922163,0.07188894397620228,0.06866633614278632,0.07882994546355974,0.06841844323252355,0.21616261774913237,0.2736737729300942,0.2092216162617749,0.059742191373326724,0.25681705503222607,0.06593951412989589,0.17327714427367377
SKACTIVEML_COST_EMBEDDING,0.09519087754090233,0.15096678235002478,0.09643034209221617,0.12245909766980664,0.14724838869608328,0.13187902825979178,0.1715418939018344,0.12270699058006941,0.11080813088745661,0.10510659395141299,0.11650966782350025,0.18368864650470995,0.17699553792761527,0.19162121963311848,0.0917203767972236,0.1938522558254834,0.09345562716906297,0.14675260287555775,0.15121467526028756,0.1789786812097174,1.0,0.1670798215171046,0.20054536440257809,0.17302925136341102,0.17848289538919188,0.1628656420426376,0.11229548834903322,0.10163609320773426,0.10832920178482895,0.08626673277144274,0.1670798215171046,0.16881507188894398,0.15270203272186417,0.09766980664352999,0.17426871591472484,0.10114030738720872,0.11824491819533961
SKACTIVEML_DAL,0.11105602379771938,0.11155180961824492,0.11303916707982152,0.19112543381259295,0.09221616261774913,0.10014873574615767,0.16906296479920674,0.15790778383738224,0.07312840852751612,0.07362419434804164,0.08155676747645017,0.27689638076351014,0.2788795240456123,0.15592464055528013,0.12072384729796728,0.14600892414476946,0.11328705999008429,0.09568666336142786,0.1271690629647992,0.2602875557759048,0.1670798215171046,1.0,0.1871591472483887,0.25260287555775907,0.26747645017352506,0.15468517600396628,0.07040158651462568,0.07461576598909271,0.0857709469509172,0.06643529995042141,0.20401586514625683,0.2464055528011899,0.2094695091720377,0.06346058502726822,0.2640059494298463,0.07213683688646505,0.18740704015865145
SKACTIVEML_DWUS,0.0887456618740704,0.13981160138820029,0.10585027268220129,0.1405552801189886,0.1271690629647992,0.13882002974714924,0.24913237481408032,0.12692117005453643,0.09295984134853744,0.09295984134853744,0.10560237977193852,0.20426375805651958,0.20823004462072384,0.17278135845314824,0.11056023797719385,0.1774913237481408,0.08205255329697571,0.12865642042637582,0.1368368864650471,0.19732275656916212,0.20054536440257809,0.1871591472483887,1.0,0.19162121963311848,0.2077342588001983,0.15865146256817056,0.09444719881011403,0.09593455627169063,0.10114030738720872,0.09122459097669806,0.1715418939018344,0.20798215171046108,0.16063460585027267,0.08676251859196826,0.19186911254338126,0.09345562716906297,0.1405552801189886
SKACTIVEML_QBC,0.10436291522062469,0.11105602379771938,0.12617749132374814,0.18691125433812594,0.08824987605354487,0.08626673277144274,0.18096182449181952,0.14452156668319285,0.06767476450173525,0.07659890927119484,0.07957362419434805,0.2677243430837878,0.2640059494298463,0.14303420922161625,0.12097174020823004,0.13634110064452157,0.10684184432325236,0.0924640555280119,0.11527020327218641,0.25037183936539414,0.17302925136341102,0.25260287555775907,0.19162121963311848,1.0,0.26375805651958356,0.15666831928606842,0.07486365889935548,0.07362419434804164,0.08601883986117997,0.05651958353991076,0.22731779871095686,0.2461576598909271,0.20029747149231533,0.06321269211700545,0.23698562221120476,0.06767476450173525,0.18319286068418444
SKACTIVEML_QBC_VOTE_ENTROPY,0.10634605850272683,0.11750123946455131,0.12543381259295985,0.20054536440257809,0.08477937530986614,0.09122459097669806,0.19261279127416955,0.153941497273178,0.07015369360436291,0.06941001487357462,0.0842835894893406,0.282350024789291,0.26945959345562714,0.1591472483886961,0.12915220624690135,0.14551313832424392,0.10733763014377788,0.0887456618740704,0.12766484878532475,0.28309370352007934,0.17848289538919188,0.26747645017352506,0.2077342588001983,0.26375805651958356,1.0,0.16534457114526524,0.07560733763014378,0.08031730292513634,0.07882994546355974,0.06742687159147248,0.20897372335151215,0.2677243430837878,0.20699058006941,0.06321269211700545,0.26152702032721864,0.07411998016856718,0.1908775409023302
SKACTIVEML_QUIRE,0.11130391670798215,0.1789786812097174,0.0880019831432821,0.10783341596430342,0.0969261279127417,0.0909766980664353,0.13956370847793753,0.1871591472483887,0.08924144769459594,0.09122459097669806,0.0850272682201289,0.16608824987605356,0.1576598909271195,0.12047595438770452,0.0932077342588002,0.11898859692612791,0.11601388200297472,0.08254833911750124,0.09295984134853744,0.15964303420922163,0.1628656420426376,0.15468517600396628,0.15865146256817056,0.15666831928606842,0.16534457114526524,1.0,0.08205255329697571,0.08403569657907783,0.08205255329697571,0.07139315815567675,0.17997025285076848,0.1574119980168567,0.17055032226078334,0.07783837382250867,0.1611303916707982,0.0805651958353991,0.0984134853743183
SKACTIVEML_US_ENTROPY,0.050322260783341594,0.09494298463063956,0.04908279623202776,0.06569162121963312,0.12741695587506197,0.11998016856717898,0.07411998016856718,0.06370847793753098,0.13138324243926625,0.1331184928111056,0.11229548834903322,0.07089737233515121,0.07486365889935548,0.09568666336142786,0.0466038671294001,0.10535448686167576,0.04685176003966286,0.09494298463063956,0.07064947942488845,0.07188894397620228,0.11229548834903322,0.07040158651462568,0.09444719881011403,0.07486365889935548,0.07560733763014378,0.08205255329697571,1.0,0.5225582548339117,0.5059494298463064,0.10436291522062469,0.07709469509172037,0.06841844323252355,0.07709469509172037,0.1264253842340109,0.06519583539910759,0.13882002974714924,0.058750619732275654
SKACTIVEML_US_LC,0.0451165096678235,0.0872583044124938,0.044868616757560736,0.06048587010411502,0.14402578086266732,0.12146752602875557,0.07064947942488845,0.06321269211700545,0.13063956370847793,0.13411006445215667,0.11998016856717898,0.07783837382250867,0.07114526524541398,0.0924640555280119,0.0436291522062469,0.11279127416955875,0.043877045116509666,0.0894893406048587,0.0768468021814576,0.06866633614278632,0.10163609320773426,0.07461576598909271,0.09593455627169063,0.07362419434804164,0.08031730292513634,0.08403569657907783,0.5225582548339117,1.0,0.49900842835894893,0.10312345066931086,0.08378780366881507,0.07585523054040655,0.07461576598909271,0.11204759543877045,0.06420426375805652,0.12369856222112048,0.05676747645017353
SKACTIVEML_US_MARGIN,0.04561229548834903,0.08453148239960337,0.0458601883986118,0.06841844323252355,0.1271690629647992,0.13485374318294496,0.06767476450173525,0.05899851264253842,0.10585027268220129,0.12270699058006941,0.14005949429846307,0.07734258800198314,0.08378780366881507,0.09965294992563213,0.04709965294992563,0.11725334655428855,0.04784333168071393,0.09593455627169063,0.07882994546355974,0.07882994546355974,0.10832920178482895,0.0857709469509172,0.10114030738720872,0.08601883986117997,0.07882994546355974,0.08205255329697571,0.5059494298463064,0.49900842835894893,1.0,0.1264253842340109,0.08155676747645017,0.08279623202776401,0.06792265741199802,0.11725334655428855,0.07610312345066932,0.11378284581060982,0.06519583539910759
SMALLTEXT_BREAKINGTIES,0.0495785820525533,0.07238472979672782,0.04090233019335647,0.05404065443728309,0.13361427863163114,0.20079325731284084,0.05651958353991076,0.05577590480912246,0.12245909766980664,0.12072384729796728,0.13435795736241943,0.06990580069410014,0.06296479920674268,0.09147248388696083,0.040406544372830935,0.09593455627169063,0.04784333168071393,0.13411006445215667,0.10411502231036192,0.06841844323252355,0.08626673277144274,0.06643529995042141,0.09122459097669806,0.05651958353991076,0.06742687159147248,0.07139315815567675,0.10436291522062469,0.10312345066931086,0.1264253842340109,1.0,0.07064947942488845,0.06693108577094695,0.06023797719385226,0.5037183936539414,0.058750619732275654,0.4910758552305404,0.05230540406544373
SMALLTEXT_CONTRASTIVEAL,0.10882498760535449,0.12964799206742686,0.10808130887456618,0.15964303420922163,0.09295984134853744,0.09890927119484383,0.15840356965790778,0.16435299950421417,0.09370352007932573,0.07560733763014378,0.07783837382250867,0.23401090728805157,0.22235994050570154,0.1405552801189886,0.12022806147744175,0.12741695587506197,0.10932077342588002,0.09196826970748637,0.11031234506693109,0.21616261774913237,0.1670798215171046,0.20401586514625683,0.1715418939018344,0.22731779871095686,0.20897372335151215,0.17997025285076848,0.07709469509172037,0.08378780366881507,0.08155676747645017,0.07064947942488845,1.0,0.19856222112047595,0.20277640059494298,0.07114526524541398,0.21764997521070897,0.07040158651462568,0.14823996033713435
SMALLTEXT_EMBEDDINGKMEANS,0.10262766484878533,0.1346058502726822,0.11303916707982152,0.1789786812097174,0.09295984134853744,0.08304412493802678,0.24665344571145265,0.1412989588497769,0.07089737233515121,0.07139315815567675,0.06767476450173525,0.2508676251859197,0.2595438770451165,0.15220624690133863,0.12518591968269707,0.13336638572136836,0.10188398611799702,0.0887456618740704,0.14303420922161625,0.2736737729300942,0.16881507188894398,0.2464055528011899,0.20798215171046108,0.2461576598909271,0.2677243430837878,0.1574119980168567,0.06841844323252355,0.07585523054040655,0.08279623202776401,0.06693108577094695,0.19856222112047595,1.0,0.20451165096678234,0.06965790778383739,0.24367873078829946,0.07015369360436291,0.17302925136341102
SMALLTEXT_GREEDYCORESET,0.16732771442736738,0.1700545364402578,0.10609816559246406,0.1517104610808131,0.07957362419434805,0.07560733763014378,0.15865146256817056,0.1943480416460089,0.07932573128408528,0.06891422905304909,0.06494794248884482,0.2203767972235994,0.20426375805651958,0.1212196331184928,0.10436291522062469,0.11725334655428855,0.16236985622211206,0.07734258800198314,0.1036192364898364,0.2092216162617749,0.15270203272186417,0.2094695091720377,0.16063460585027267,0.20029747149231533,0.20699058006941,0.17055032226078334,0.07709469509172037,0.07461576598909271,0.06792265741199802,0.06023797719385226,0.20277640059494298,0.20451165096678234,1.0,0.059494298463063956,0.21913733267228558,0.06891422905304909,0.1450173525037184
SMALLTEXT_LEASTCONFIDENCE,0.04685176003966286,0.08453148239960337,0.0406544372830937,0.058254833911750126,0.20996529499256322,0.14774417451660882,0.060981655924640554,0.05007436787307883,0.12840852751611304,0.14551313832424392,0.1212196331184928,0.06147744174516609,0.06668319286068418,0.09568666336142786,0.0421417947446703,0.10014873574615767,0.0495785820525533,0.11551809618244918,0.09048091224590976,0.059742191373326724,0.09766980664352999,0.06346058502726822,0.08676251859196826,0.06321269211700545,0.06321269211700545,0.07783837382250867,0.1264253842340109,0.11204759543877045,0.11725334655428855,0.5037183936539414,0.07114526524541398,0.06965790778383739,0.059494298463063956,1.0,0.06296479920674268,0.5195835399107586,0.05057015369360436
SMALLTEXT_LIGHTWEIGHTCORESET,0.12221120475954388,0.12617749132374814,0.11998016856717898,0.18517600396628656,0.08304412493802678,0.0954387704511651,0.1536936043629152,0.15493306891422906,0.06445215666831929,0.07263262270699058,0.07461576598909271,0.2853247397124442,0.27937530986613784,0.14923153197818542,0.11477441745166088,0.14253842340109074,0.11006445215666832,0.0813088745661874,0.12444224095190877,0.25681705503222607,0.17426871591472484,0.2640059494298463,0.19186911254338126,0.23698562221120476,0.26152702032721864,0.1611303916707982,0.06519583539910759,0.06420426375805652,0.07610312345066932,0.058750619732275654,0.21764997521070897,0.24367873078829946,0.21913733267228558,0.06296479920674268,1.0,0.06519583539910759,0.17922657411998016
SMALLTEXT_PREDICTIONENTROPY,0.0495785820525533,0.09072880515617253,0.03966286564204264,0.05850272682201289,0.153941497273178,0.14600892414476946,0.06420426375805652,0.06420426375805652,0.14105106593951414,0.13857213683688646,0.12097174020823004,0.06767476450173525,0.06246901338621715,0.09196826970748637,0.04115022310361924,0.0999008428358949,0.04462072384729797,0.10733763014377788,0.08378780366881507,0.06593951412989589,0.10114030738720872,0.07213683688646505,0.09345562716906297,0.06767476450173525,0.07411998016856718,0.0805651958353991,0.13882002974714924,0.12369856222112048,0.11378284581060982,0.4910758552305404,0.07040158651462568,0.07015369360436291,0.06891422905304909,0.5195835399107586,0.06519583539910759,1.0,0.05627169062964799
SMALLTEXT_RANDOM,0.08998512642538424,0.07288051561725335,0.10733763014377788,0.626425384234011,0.06965790778383739,0.06767476450173525,0.11006445215666832,0.09221616261774913,0.05800694100148736,0.0518096182449182,0.06271690629647993,0.19905800694100148,0.18666336142786316,0.10932077342588002,0.10808130887456618,0.10237977193852256,0.08279623202776401,0.07288051561725335,0.10237977193852256,0.17327714427367377,0.11824491819533961,0.18740704015865145,0.1405552801189886,0.18319286068418444,0.1908775409023302,0.0984134853743183,0.058750619732275654,0.05676747645017353,0.06519583539910759,0.05230540406544373,0.14823996033713435,0.17302925136341102,0.1450173525037184,0.05057015369360436,0.17922657411998016,0.05627169062964799,1.0
