,ALIPY_CORESET_GREEDY,ALIPY_DENSITY_WEIGHTED,ALIPY_GRAPH_DENSITY,ALIPY_RANDOM,ALIPY_UNCERTAINTY_LC,ALIPY_UNCERTAINTY_MM,LIBACT_DWUS,LIBACT_QUIRE,LIBACT_UNCERTAINTY_ENT,LIBACT_UNCERTAINTY_LC,LIBACT_UNCERTAINTY_SM,OPTIMAL_GREEDY_10,OPTIMAL_GREEDY_20,PLAYGROUND_BANDIT,PLAYGROUND_GRAPH_DENSITY,PLAYGROUND_INFORMATIVE_DIVERSE,PLAYGROUND_KCENTER_GREEDY,PLAYGROUND_MARGIN,PLAYGROUND_MIXTURE,PLAYGROUND_UNIFORM,SKACTIVEML_COST_EMBEDDING,SKACTIVEML_DAL,SKACTIVEML_DWUS,SKACTIVEML_QBC,SKACTIVEML_QBC_VOTE_ENTROPY,SKACTIVEML_QUIRE,SKACTIVEML_US_ENTROPY,SKACTIVEML_US_LC,SKACTIVEML_US_MARGIN,SMALLTEXT_BREAKINGTIES,SMALLTEXT_CONTRASTIVEAL,SMALLTEXT_EMBEDDINGKMEANS,SMALLTEXT_GREEDYCORESET,SMALLTEXT_LEASTCONFIDENCE,SMALLTEXT_LIGHTWEIGHTCORESET,SMALLTEXT_PREDICTIONENTROPY,SMALLTEXT_RANDOM
ALIPY_CORESET_GREEDY,4034,558,642,574,439,442,209,371,352,379,407,830,832,607,642,575,2708,495,655,662,589,671,368,344,644,460,403,431,430,410,332,389,835,397,558,386,585
ALIPY_DENSITY_WEIGHTED,558,4034,404,455,587,599,160,423,541,548,545,507,523,565,390,587,554,582,565,481,652,495,484,291,484,549,599,587,545,566,307,296,556,574,482,569,433
ALIPY_GRAPH_DENSITY,642,404,4034,690,361,420,227,216,338,341,361,711,620,513,2817,502,660,466,563,779,513,655,429,376,799,369,355,340,369,373,268,448,675,354,679,349,678
ALIPY_RANDOM,574,455,690,4034,496,507,244,375,405,394,440,880,886,626,673,665,594,551,686,1027,634,869,419,533,1044,423,449,454,477,464,331,656,736,416,1014,439,2737
ALIPY_UNCERTAINTY_LC,439,587,361,496,4034,2336,153,207,926,1062,896,718,738,980,395,946,431,1040,997,550,801,513,434,275,506,441,1020,1131,974,1122,250,291,446,1430,493,1219,523
ALIPY_UNCERTAINTY_MM,442,599,420,507,2336,4034,161,210,805,887,1068,776,798,1008,414,992,458,1184,1069,582,817,526,446,291,545,448,894,973,1097,1411,238,307,404,1103,525,1053,528
LIBACT_DWUS,209,160,227,244,153,161,4034,264,142,136,163,203,203,190,235,179,203,185,189,271,224,239,281,353,298,223,153,139,175,144,327,389,196,122,240,134,234
LIBACT_QUIRE,371,423,216,375,207,210,264,4034,186,177,184,306,297,257,228,220,359,225,273,456,299,367,239,423,405,441,178,195,193,187,421,313,391,173,413,176,365
LIBACT_UNCERTAINTY_ENT,352,541,338,405,926,805,142,186,4034,2441,2268,611,648,729,367,857,357,719,744,508,643,451,395,227,482,389,938,883,772,1015,257,257,374,1166,440,1268,414
LIBACT_UNCERTAINTY_LC,379,548,341,394,1062,887,136,177,2441,4034,2362,642,658,784,342,899,406,820,821,447,680,453,394,220,437,376,945,1026,864,1118,227,270,378,1248,438,1174,420
LIBACT_UNCERTAINTY_SM,407,545,361,440,896,1068,163,184,2268,2362,4034,720,710,840,376,938,412,863,867,508,737,496,415,285,486,401,820,868,995,1264,182,273,380,1114,465,1043,436
OPTIMAL_GREEDY_10,830,507,711,880,718,776,203,306,611,642,720,4034,2267,1070,732,1124,844,942,1239,949,842,928,404,481,1010,588,690,748,791,784,286,589,596,754,951,710,908
OPTIMAL_GREEDY_20,832,523,620,886,738,798,203,297,648,658,710,2267,4034,1085,685,1093,802,951,1220,972,830,880,361,453,999,631,663,720,781,774,307,558,599,712,928,695,931
PLAYGROUND_BANDIT,607,565,513,626,980,1008,190,257,729,784,840,1070,1085,4034,503,1723,608,2154,1875,740,1184,673,427,376,688,612,813,871,876,958,257,325,475,877,620,858,656
PLAYGROUND_GRAPH_DENSITY,642,390,2817,673,395,414,235,228,367,342,376,732,685,503,4034,543,627,457,576,799,514,680,432,401,790,363,389,360,392,399,259,476,680,359,730,373,704
PLAYGROUND_INFORMATIVE_DIVERSE,575,587,502,665,946,992,179,220,857,899,938,1124,1093,1723,543,4034,627,1706,1706,720,1107,644,414,393,756,594,893,929,934,911,258,404,467,913,682,879,683
PLAYGROUND_KCENTER_GREEDY,2708,554,660,594,431,458,203,359,357,406,412,844,802,608,627,627,4034,504,681,669,607,642,372,348,646,462,418,445,409,438,320,380,853,411,575,413,546
PLAYGROUND_MARGIN,495,582,466,551,1040,1184,185,225,719,820,863,942,951,2154,457,1706,504,4034,2111,655,1138,601,437,370,666,618,814,867,895,1136,236,303,428,978,576,984,572
PLAYGROUND_MIXTURE,655,565,563,686,997,1069,189,273,744,821,867,1239,1220,1875,576,1706,681,2111,4034,871,1043,696,413,405,800,589,879,885,931,1046,274,421,505,931,728,906,726
PLAYGROUND_UNIFORM,662,481,779,1027,550,582,271,456,508,447,508,949,972,740,799,720,669,655,871,4034,732,948,454,519,1173,502,503,485,538,532,413,670,756,499,1041,497,1029
SKACTIVEML_COST_EMBEDDING,589,652,513,634,801,817,224,299,643,680,737,842,830,1184,514,1107,607,1138,1043,732,4034,668,492,403,722,679,744,743,756,754,288,391,575,744,699,734,663
SKACTIVEML_DAL,671,495,655,869,513,526,239,367,451,453,496,928,880,673,680,644,642,601,696,948,668,4034,447,448,963,446,517,470,520,471,391,591,686,466,962,464,867
SKACTIVEML_DWUS,368,484,429,419,434,446,281,239,395,394,415,404,361,427,432,414,372,437,413,454,492,447,4034,359,490,370,422,429,413,397,239,387,397,386,452,403,415
SKACTIVEML_QBC,344,291,376,533,275,291,353,423,227,220,285,481,453,376,401,393,348,370,405,519,403,448,359,4034,561,422,261,261,324,275,472,449,373,241,551,246,534
SKACTIVEML_QBC_VOTE_ENTROPY,644,484,799,1044,506,545,298,405,482,437,486,1010,999,688,790,756,646,666,800,1173,722,963,490,561,4034,478,481,462,522,490,348,688,758,475,1125,466,1068
SKACTIVEML_QUIRE,460,549,369,423,441,448,223,441,389,376,401,588,631,612,363,594,462,618,589,502,679,446,370,422,478,4034,439,448,447,406,409,325,484,396,504,427,438
SKACTIVEML_US_ENTROPY,403,599,355,449,1020,894,153,178,938,945,820,690,663,813,389,893,418,814,879,503,744,517,422,261,481,439,4034,2449,2326,828,246,274,408,965,480,1062,461
SKACTIVEML_US_LC,431,587,340,454,1131,973,139,195,883,1026,868,748,720,871,360,929,445,867,885,485,743,470,429,261,462,448,2449,4034,2346,919,240,268,403,1107,473,1009,477
SKACTIVEML_US_MARGIN,430,545,369,477,974,1097,175,193,772,864,995,791,781,876,392,934,409,895,931,538,756,520,413,324,522,447,2326,2346,4034,1051,207,289,398,913,492,838,488
SMALLTEXT_BREAKINGTIES,410,566,373,464,1122,1411,144,187,1015,1118,1264,784,774,958,399,911,438,1136,1046,532,754,471,397,275,490,406,828,919,1051,4034,201,310,395,2347,491,2246,448
SMALLTEXT_CONTRASTIVEAL,332,307,268,331,250,238,327,421,257,227,182,286,307,257,259,258,320,236,274,413,288,391,239,472,348,409,246,240,207,201,4034,356,421,212,378,219,358
SMALLTEXT_EMBEDDINGKMEANS,389,296,448,656,291,307,389,313,257,270,273,589,558,325,476,404,380,303,421,670,391,591,387,449,688,325,274,268,289,310,356,4034,521,282,760,285,669
SMALLTEXT_GREEDYCORESET,835,556,675,736,446,404,196,391,374,378,380,596,599,475,680,467,853,428,505,756,575,686,397,373,758,484,408,403,398,395,421,521,4034,405,761,409,745
SMALLTEXT_LEASTCONFIDENCE,397,574,354,416,1430,1103,122,173,1166,1248,1114,754,712,877,359,913,411,978,931,499,744,466,386,241,475,396,965,1107,913,2347,212,282,405,4034,442,2435,428
SMALLTEXT_LIGHTWEIGHTCORESET,558,482,679,1014,493,525,240,413,440,438,465,951,928,620,730,682,575,576,728,1041,699,962,452,551,1125,504,480,473,492,491,378,760,761,442,4034,463,1018
SMALLTEXT_PREDICTIONENTROPY,386,569,349,439,1219,1053,134,176,1268,1174,1043,710,695,858,373,879,413,984,906,497,734,464,403,246,466,427,1062,1009,838,2246,219,285,409,2435,463,4034,402
SMALLTEXT_RANDOM,585,433,678,2737,523,528,234,365,414,420,436,908,931,656,704,683,546,572,726,1029,663,867,415,534,1068,438,461,477,488,448,358,669,745,428,1018,402,4034
