,ALIPY_CORESET_GREEDY,ALIPY_DENSITY_WEIGHTED,ALIPY_GRAPH_DENSITY,ALIPY_RANDOM,ALIPY_UNCERTAINTY_LC,ALIPY_UNCERTAINTY_MM,LIBACT_DWUS,LIBACT_QUIRE,LIBACT_UNCERTAINTY_ENT,LIBACT_UNCERTAINTY_LC,LIBACT_UNCERTAINTY_SM,OPTIMAL_GREEDY_10,OPTIMAL_GREEDY_20,PLAYGROUND_BANDIT,PLAYGROUND_GRAPH_DENSITY,PLAYGROUND_INFORMATIVE_DIVERSE,PLAYGROUND_KCENTER_GREEDY,PLAYGROUND_MARGIN,PLAYGROUND_MIXTURE,PLAYGROUND_UNIFORM,SKACTIVEML_COST_EMBEDDING,SKACTIVEML_DAL,SKACTIVEML_DWUS,SKACTIVEML_QBC,SKACTIVEML_QBC_VOTE_ENTROPY,SKACTIVEML_QUIRE,SKACTIVEML_US_ENTROPY,SKACTIVEML_US_LC,SKACTIVEML_US_MARGIN,SMALLTEXT_BREAKINGTIES,SMALLTEXT_CONTRASTIVEAL,SMALLTEXT_EMBEDDINGKMEANS,SMALLTEXT_GREEDYCORESET,SMALLTEXT_LEASTCONFIDENCE,SMALLTEXT_LIGHTWEIGHTCORESET,SMALLTEXT_PREDICTIONENTROPY,SMALLTEXT_RANDOM
ALIPY_CORESET_GREEDY,1.0,0.6678235002478929,0.9997521070897373,1.0,0.7773921665840356,0.7778879524045612,0.19261279127416955,0.2565691621219633,0.11254338125929599,0.11031234506693109,0.11477441745166088,0.0017352503718393653,0.0004957858205255329,0.5153693604362916,0.9997521070897373,0.7077342588001984,1.0,0.7149231531978185,0.633862171541894,1.0,0.05156172533465543,0.00917203767972236,0.09072880515617253,0.01834407535944472,0.011403073872087258,0.0857709469509172,0.0857709469509172,0.08701041150223103,0.09593455627169063,0.6859196826970748,0.5086762518591968,0.47620228061477443,0.6281606346058503,0.7429350520575112,0.7530986613782846,0.5592464055528011,1.0
ALIPY_DENSITY_WEIGHTED,0.6678235002478929,1.0,0.6675756073376301,0.6678235002478929,0.7932573128408528,0.7927615270203272,0.30540406544372833,0.2952404561229549,0.139067922657412,0.14105106593951414,0.1405552801189886,0.007188894397620228,0.0012394645513138325,0.668815071888944,0.6675756073376301,0.8051561725334655,0.6678235002478929,0.8024293505205751,0.7164105106593951,0.6678235002478929,0.06544372830937036,0.012146752602875557,0.13981160138820029,0.0406544372830937,0.02528507684680218,0.11080813088745661,0.13857213683688646,0.13733267228557264,0.146504709965295,0.8381259295984135,0.6435299950421418,0.6896380763510164,0.7528507684680218,0.8024293505205751,0.7982151710461081,0.7873078829945463,0.6678235002478929
ALIPY_GRAPH_DENSITY,0.9997521070897373,0.6675756073376301,1.0,0.9997521070897373,0.7773921665840356,0.7776400594942985,0.19261279127416955,0.25681705503222607,0.11254338125929599,0.11031234506693109,0.11502231036192365,0.0017352503718393653,0.0004957858205255329,0.5151214675260287,1.0,0.7077342588001984,0.9997521070897373,0.7149231531978185,0.6336142786316311,0.9997521070897373,0.05156172533465543,0.00917203767972236,0.0909766980664353,0.01834407535944472,0.011403073872087258,0.0857709469509172,0.0857709469509172,0.08701041150223103,0.0961824491819534,0.6859196826970748,0.5086762518591968,0.47620228061477443,0.6279127416955875,0.7426871591472484,0.7528507684680218,0.559494298463064,0.9997521070897373
ALIPY_RANDOM,1.0,0.6678235002478929,0.9997521070897373,1.0,0.7773921665840356,0.7778879524045612,0.19261279127416955,0.2565691621219633,0.11254338125929599,0.11031234506693109,0.11477441745166088,0.0017352503718393653,0.0004957858205255329,0.5153693604362916,0.9997521070897373,0.7077342588001984,1.0,0.7149231531978185,0.633862171541894,1.0,0.05156172533465543,0.00917203767972236,0.09072880515617253,0.01834407535944472,0.011403073872087258,0.0857709469509172,0.0857709469509172,0.08701041150223103,0.09593455627169063,0.6859196826970748,0.5086762518591968,0.47620228061477443,0.6281606346058503,0.7429350520575112,0.7530986613782846,0.5592464055528011,1.0
ALIPY_UNCERTAINTY_LC,0.7773921665840356,0.7932573128408528,0.7773921665840356,0.7773921665840356,1.0,0.9308378780366882,0.26202280614774415,0.29846306395637084,0.13039167079821518,0.13187902825979178,0.1375805651958354,0.0034705007436787306,0.0009915716410510659,0.590233019335647,0.7773921665840356,0.884234010907288,0.7773921665840356,0.8820029747149232,0.7858205255329698,0.7773921665840356,0.05404065443728309,0.010907288051561725,0.10634605850272683,0.02825979176995538,0.01834407535944472,0.10808130887456618,0.09816559246405553,0.0984134853743183,0.10808130887456618,0.8403569657907783,0.5959345562716907,0.6259295984134854,0.7920178482895389,0.9000991571641052,0.9013386217154189,0.6760039662865642,0.7773921665840356
ALIPY_UNCERTAINTY_MM,0.7778879524045612,0.7927615270203272,0.7776400594942985,0.7778879524045612,0.9308378780366882,1.0,0.25780862667327714,0.30069410014873577,0.12865642042637582,0.1294000991571641,0.1346058502726822,0.00495785820525533,0.0009915716410510659,0.5882498760535448,0.7776400594942985,0.875805651958354,0.7778879524045612,0.8790282597917699,0.7833415964303421,0.7778879524045612,0.053792761527020325,0.012890431333663858,0.10386712940009915,0.02602875557759048,0.01908775409023302,0.10708973723351513,0.09419930589985126,0.0984134853743183,0.10535448686167576,0.8433316807139316,0.596678235002479,0.6271690629647992,0.7853247397124442,0.8973723351512147,0.8956370847793753,0.676251859196827,0.7778879524045612
LIBACT_DWUS,0.19261279127416955,0.30540406544372833,0.19261279127416955,0.19261279127416955,0.26202280614774415,0.25780862667327714,1.0,0.09791769955379276,0.06618740704015866,0.06891422905304909,0.06693108577094695,0.020079325731284084,0.012394645513138325,0.3116013882002975,0.19261279127416955,0.2967278135845315,0.19261279127416955,0.2935052057511155,0.3135845314823996,0.19261279127416955,0.15294992563212692,0.015369360436291522,0.06618740704015866,0.04189390183440753,0.027020327218641546,0.13807635101636093,0.06792265741199802,0.06866633614278632,0.07312840852751612,0.29548834903321763,0.31755081804660384,0.35027268220128904,0.3036688150718889,0.282350024789291,0.2714427367377293,0.33614278631631134,0.19261279127416955
LIBACT_QUIRE,0.2565691621219633,0.2952404561229549,0.25681705503222607,0.2565691621219633,0.29846306395637084,0.30069410014873577,0.09791769955379276,1.0,0.03867129400099157,0.03445711452652454,0.03743182944967774,0.013138324243926624,0.0017352503718393653,0.26202280614774415,0.25681705503222607,0.2997025285076847,0.2565691621219633,0.29449677739216656,0.29400099157164106,0.2565691621219633,0.05057015369360436,0.01908775409023302,0.041398116013882005,0.02404561229548835,0.02404561229548835,0.12617749132374814,0.0384234010907288,0.03817550818046604,0.04462072384729797,0.2999504214179474,0.30490827962320277,0.29449677739216656,0.30441249380267726,0.29548834903321763,0.29846306395637084,0.2997025285076847,0.2565691621219633
LIBACT_UNCERTAINTY_ENT,0.11254338125929599,0.139067922657412,0.11254338125929599,0.11254338125929599,0.13039167079821518,0.12865642042637582,0.06618740704015866,0.03867129400099157,1.0,0.5941993058998513,0.585027268220129,0.0007436787307882995,0.0,0.2300446207238473,0.11254338125929599,0.1427863163113535,0.11254338125929599,0.14724838869608328,0.18096182449181952,0.11254338125929599,0.1264253842340109,0.08601883986117997,0.5327218641546851,0.008180466038671294,0.005205751115518097,0.008180466038671294,0.5218145761031234,0.5391670798215171,0.5282597917699554,0.17178978681209717,0.131631135349529,0.17550818046603867,0.20748636588993555,0.14229053049082796,0.13212692117005453,0.18542389687654934,0.11254338125929599
LIBACT_UNCERTAINTY_LC,0.11031234506693109,0.14105106593951414,0.11031234506693109,0.11031234506693109,0.13187902825979178,0.1294000991571641,0.06891422905304909,0.03445711452652454,0.5941993058998513,1.0,0.5894893406048587,0.0004957858205255329,0.00024789291026276647,0.23202776400594943,0.11031234506693109,0.1450173525037184,0.11031234506693109,0.14600892414476946,0.18170550322260784,0.11031234506693109,0.12394645513138325,0.08453148239960337,0.5287555775904809,0.00842835894893406,0.006197322756569162,0.008676251859196828,0.533961328705999,0.537183936539415,0.5438770451165097,0.1722855726326227,0.13237481408031732,0.1834407535944472,0.20971740208230044,0.14452156668319285,0.13336638572136836,0.1886465047099653,0.11031234506693109
LIBACT_UNCERTAINTY_SM,0.11477441745166088,0.1405552801189886,0.11502231036192365,0.11477441745166088,0.1375805651958354,0.1346058502726822,0.06693108577094695,0.03743182944967774,0.585027268220129,0.5894893406048587,1.0,0.0009915716410510659,0.0,0.22954883490332176,0.11502231036192365,0.14972731779871096,0.11477441745166088,0.15195835399107585,0.18244918195339613,0.11477441745166088,0.12816063460585028,0.08230044620723848,0.540406544372831,0.010659395141298959,0.007188894397620228,0.007932573128408527,0.5304908279623203,0.5262766484878533,0.5314823996033713,0.17575607337630145,0.131631135349529,0.1774913237481408,0.2129400099157164,0.14898363906792267,0.13708477937530986,0.18765493306891423,0.11477441745166088
OPTIMAL_GREEDY_10,0.0017352503718393653,0.007188894397620228,0.0017352503718393653,0.0017352503718393653,0.0034705007436787306,0.00495785820525533,0.020079325731284084,0.013138324243926624,0.0007436787307882995,0.0004957858205255329,0.0009915716410510659,1.0,0.00842835894893406,0.011155180961824492,0.0017352503718393653,0.006941001487357461,0.0017352503718393653,0.005453644025780862,0.007684680218145761,0.0017352503718393653,0.01264253842340109,0.027764005949429845,0.0007436787307882995,0.030490827962320277,0.04908279623202776,0.01983143282102132,0.0007436787307882995,0.0007436787307882995,0.0007436787307882995,0.00495785820525533,0.020079325731284084,0.01636093207734259,0.004709965294992563,0.005701536936043629,0.007188894397620228,0.005701536936043629,0.0017352503718393653
OPTIMAL_GREEDY_20,0.0004957858205255329,0.0012394645513138325,0.0004957858205255329,0.0004957858205255329,0.0009915716410510659,0.0009915716410510659,0.012394645513138325,0.0017352503718393653,0.0,0.00024789291026276647,0.0,0.00842835894893406,1.0,0.0019831432821021317,0.0004957858205255329,0.0009915716410510659,0.0004957858205255329,0.0009915716410510659,0.0012394645513138325,0.0004957858205255329,0.00917203767972236,0.005701536936043629,0.00024789291026276647,0.0012394645513138325,0.0009915716410510659,0.009419930589985127,0.0004957858205255329,0.0004957858205255329,0.00024789291026276647,0.0007436787307882995,0.001487357461576599,0.0032226078334159644,0.0009915716410510659,0.0012394645513138325,0.0009915716410510659,0.0004957858205255329,0.0004957858205255329
PLAYGROUND_BANDIT,0.5153693604362916,0.668815071888944,0.5151214675260287,0.5153693604362916,0.590233019335647,0.5882498760535448,0.3116013882002975,0.26202280614774415,0.2300446207238473,0.23202776400594943,0.22954883490332176,0.011155180961824492,0.0019831432821021317,1.0,0.5151214675260287,0.6060981655924641,0.5153693604362916,0.6145265245413981,0.6988101140307387,0.5153693604362916,0.11328705999008429,0.014873574615765989,0.21046108081308876,0.04090233019335647,0.02454139811601388,0.14700049578582053,0.2151710461080813,0.2196331184928111,0.22384729796727815,0.6487357461576599,0.6596430342092217,0.714427367377293,0.68368864650471,0.600892414476946,0.6065939514129896,0.7407040158651462,0.5153693604362916
PLAYGROUND_GRAPH_DENSITY,0.9997521070897373,0.6675756073376301,1.0,0.9997521070897373,0.7773921665840356,0.7776400594942985,0.19261279127416955,0.25681705503222607,0.11254338125929599,0.11031234506693109,0.11502231036192365,0.0017352503718393653,0.0004957858205255329,0.5151214675260287,1.0,0.7077342588001984,0.9997521070897373,0.7149231531978185,0.6336142786316311,0.9997521070897373,0.05156172533465543,0.00917203767972236,0.0909766980664353,0.01834407535944472,0.011403073872087258,0.0857709469509172,0.0857709469509172,0.08701041150223103,0.0961824491819534,0.6859196826970748,0.5086762518591968,0.47620228061477443,0.6279127416955875,0.7426871591472484,0.7528507684680218,0.559494298463064,0.9997521070897373
PLAYGROUND_INFORMATIVE_DIVERSE,0.7077342588001984,0.8051561725334655,0.7077342588001984,0.7077342588001984,0.884234010907288,0.875805651958354,0.2967278135845315,0.2997025285076847,0.1427863163113535,0.1450173525037184,0.14972731779871096,0.006941001487357461,0.0009915716410510659,0.6060981655924641,0.7077342588001984,1.0,0.7077342588001984,0.9157164105106594,0.8158155676747645,0.7077342588001984,0.05577590480912246,0.010659395141298959,0.11898859692612791,0.030490827962320277,0.02032721864154685,0.11378284581060982,0.11031234506693109,0.10907288051561725,0.11898859692612791,0.8772930094199306,0.6291522062469014,0.6675756073376301,0.8197818542389688,0.9060485870104115,0.8867129400099157,0.7156668319286068,0.7077342588001984
PLAYGROUND_KCENTER_GREEDY,1.0,0.6678235002478929,0.9997521070897373,1.0,0.7773921665840356,0.7778879524045612,0.19261279127416955,0.2565691621219633,0.11254338125929599,0.11031234506693109,0.11477441745166088,0.0017352503718393653,0.0004957858205255329,0.5153693604362916,0.9997521070897373,0.7077342588001984,1.0,0.7149231531978185,0.633862171541894,1.0,0.05156172533465543,0.00917203767972236,0.09072880515617253,0.01834407535944472,0.011403073872087258,0.0857709469509172,0.0857709469509172,0.08701041150223103,0.09593455627169063,0.6859196826970748,0.5086762518591968,0.47620228061477443,0.6281606346058503,0.7429350520575112,0.7530986613782846,0.5592464055528011,1.0
PLAYGROUND_MARGIN,0.7149231531978185,0.8024293505205751,0.7149231531978185,0.7149231531978185,0.8820029747149232,0.8790282597917699,0.2935052057511155,0.29449677739216656,0.14724838869608328,0.14600892414476946,0.15195835399107585,0.005453644025780862,0.0009915716410510659,0.6145265245413981,0.7149231531978185,0.9157164105106594,0.7149231531978185,1.0,0.8071393158155676,0.7149231531978185,0.05552801189885969,0.00917203767972236,0.11948438274665345,0.02751611303916708,0.020079325731284084,0.11229548834903322,0.10708973723351513,0.10956866633614279,0.11849281110560238,0.8790282597917699,0.630639563708478,0.6670798215171047,0.8175508180466039,0.9100148735746157,0.887456618740704,0.714427367377293,0.7149231531978185
PLAYGROUND_MIXTURE,0.633862171541894,0.7164105106593951,0.6336142786316311,0.633862171541894,0.7858205255329698,0.7833415964303421,0.3135845314823996,0.29400099157164106,0.18096182449181952,0.18170550322260784,0.18244918195339613,0.007684680218145761,0.0012394645513138325,0.6988101140307387,0.6336142786316311,0.8158155676747645,0.633862171541894,0.8071393158155676,1.0,0.633862171541894,0.08180466038671294,0.012394645513138325,0.15418939018344074,0.037927615270203274,0.023797719385225583,0.12245909766980664,0.14402578086266732,0.1450173525037184,0.1499752107089737,0.7773921665840356,0.6636093207734258,0.7015369360436291,0.8358948934060486,0.7979672781358453,0.797223599405057,0.717649975210709,0.633862171541894
PLAYGROUND_UNIFORM,1.0,0.6678235002478929,0.9997521070897373,1.0,0.7773921665840356,0.7778879524045612,0.19261279127416955,0.2565691621219633,0.11254338125929599,0.11031234506693109,0.11477441745166088,0.0017352503718393653,0.0004957858205255329,0.5153693604362916,0.9997521070897373,0.7077342588001984,1.0,0.7149231531978185,0.633862171541894,1.0,0.05156172533465543,0.00917203767972236,0.09072880515617253,0.01834407535944472,0.011403073872087258,0.0857709469509172,0.0857709469509172,0.08701041150223103,0.09593455627169063,0.6859196826970748,0.5086762518591968,0.47620228061477443,0.6281606346058503,0.7429350520575112,0.7530986613782846,0.5592464055528011,1.0
SKACTIVEML_COST_EMBEDDING,0.05156172533465543,0.06544372830937036,0.05156172533465543,0.05156172533465543,0.05404065443728309,0.053792761527020325,0.15294992563212692,0.05057015369360436,0.1264253842340109,0.12394645513138325,0.12816063460585028,0.01264253842340109,0.00917203767972236,0.11328705999008429,0.05156172533465543,0.05577590480912246,0.05156172533465543,0.05552801189885969,0.08180466038671294,0.05156172533465543,1.0,0.010659395141298959,0.12692117005453643,0.027764005949429845,0.029747149231531978,0.07238472979672782,0.11849281110560238,0.12097174020823004,0.11849281110560238,0.05676747645017353,0.11750123946455131,0.08601883986117997,0.07263262270699058,0.05552801189885969,0.05528011898859692,0.07015369360436291,0.05156172533465543
SKACTIVEML_DAL,0.00917203767972236,0.012146752602875557,0.00917203767972236,0.00917203767972236,0.010907288051561725,0.012890431333663858,0.015369360436291522,0.01908775409023302,0.08601883986117997,0.08453148239960337,0.08230044620723848,0.027764005949429845,0.005701536936043629,0.014873574615765989,0.00917203767972236,0.010659395141298959,0.00917203767972236,0.00917203767972236,0.012394645513138325,0.00917203767972236,0.010659395141298959,1.0,0.10907288051561725,0.024293505205751114,0.022062469013386217,0.014377788795240456,0.11626177491323748,0.11725334655428855,0.11378284581060982,0.010659395141298959,0.040406544372830935,0.03891918691125434,0.011650966782350025,0.009667823500247892,0.010163609320773426,0.01611303916707982,0.00917203767972236
SKACTIVEML_DWUS,0.09072880515617253,0.13981160138820029,0.0909766980664353,0.09072880515617253,0.10634605850272683,0.10386712940009915,0.06618740704015866,0.041398116013882005,0.5327218641546851,0.5287555775904809,0.540406544372831,0.0007436787307882995,0.00024789291026276647,0.21046108081308876,0.0909766980664353,0.11898859692612791,0.09072880515617253,0.11948438274665345,0.15418939018344074,0.09072880515617253,0.12692117005453643,0.10907288051561725,1.0,0.00917203767972236,0.007684680218145761,0.012890431333663858,0.5706494794248884,0.5793257312840853,0.5857709469509172,0.15195835399107585,0.15939514129895885,0.22012890431333665,0.17997025285076848,0.11626177491323748,0.1065939514129896,0.17724343083787802,0.09072880515617253
SKACTIVEML_QBC,0.01834407535944472,0.0406544372830937,0.01834407535944472,0.01834407535944472,0.02825979176995538,0.02602875557759048,0.04189390183440753,0.02404561229548835,0.008180466038671294,0.00842835894893406,0.010659395141298959,0.030490827962320277,0.0012394645513138325,0.04090233019335647,0.01834407535944472,0.030490827962320277,0.01834407535944472,0.02751611303916708,0.037927615270203274,0.01834407535944472,0.027764005949429845,0.024293505205751114,0.00917203767972236,1.0,0.42488844819038174,0.015121467526028755,0.011898859692612791,0.012394645513138325,0.012146752602875557,0.02528507684680218,0.07436787307882994,0.042637580565195836,0.03024293505205751,0.02404561229548835,0.02751611303916708,0.0428854734754586,0.01834407535944472
SKACTIVEML_QBC_VOTE_ENTROPY,0.011403073872087258,0.02528507684680218,0.011403073872087258,0.011403073872087258,0.01834407535944472,0.01908775409023302,0.027020327218641546,0.02404561229548835,0.005205751115518097,0.006197322756569162,0.007188894397620228,0.04908279623202776,0.0009915716410510659,0.02454139811601388,0.011403073872087258,0.02032721864154685,0.011403073872087258,0.020079325731284084,0.023797719385225583,0.011403073872087258,0.029747149231531978,0.022062469013386217,0.007684680218145761,0.42488844819038174,1.0,0.012394645513138325,0.0066931085770946955,0.005701536936043629,0.004709965294992563,0.016608824987605353,0.058750619732275654,0.03173029251363411,0.020079325731284084,0.01636093207734259,0.019583539910758552,0.026276648487853247,0.011403073872087258
SKACTIVEML_QUIRE,0.0857709469509172,0.11080813088745661,0.0857709469509172,0.0857709469509172,0.10808130887456618,0.10708973723351513,0.13807635101636093,0.12617749132374814,0.008180466038671294,0.008676251859196828,0.007932573128408527,0.01983143282102132,0.009419930589985127,0.14700049578582053,0.0857709469509172,0.11378284581060982,0.0857709469509172,0.11229548834903322,0.12245909766980664,0.0857709469509172,0.07238472979672782,0.014377788795240456,0.012890431333663858,0.015121467526028755,0.012394645513138325,1.0,0.009667823500247892,0.009667823500247892,0.008924144769459593,0.11130391670798215,0.11551809618244918,0.14328210213187903,0.11229548834903322,0.11105602379771938,0.10882498760535449,0.11303916707982152,0.0857709469509172
SKACTIVEML_US_ENTROPY,0.0857709469509172,0.13857213683688646,0.0857709469509172,0.0857709469509172,0.09816559246405553,0.09419930589985126,0.06792265741199802,0.0384234010907288,0.5218145761031234,0.533961328705999,0.5304908279623203,0.0007436787307882995,0.0004957858205255329,0.2151710461080813,0.0857709469509172,0.11031234506693109,0.0857709469509172,0.10708973723351513,0.14402578086266732,0.0857709469509172,0.11849281110560238,0.11626177491323748,0.5706494794248884,0.011898859692612791,0.0066931085770946955,0.009667823500247892,1.0,0.5875061973227566,0.5974219137332673,0.14303420922161625,0.15865146256817056,0.221864154685176,0.16955875061973227,0.10684184432325236,0.0999008428358949,0.18071393158155677,0.0857709469509172
SKACTIVEML_US_LC,0.08701041150223103,0.13733267228557264,0.08701041150223103,0.08701041150223103,0.0984134853743183,0.0984134853743183,0.06866633614278632,0.03817550818046604,0.5391670798215171,0.537183936539415,0.5262766484878533,0.0007436787307882995,0.0004957858205255329,0.2196331184928111,0.08701041150223103,0.10907288051561725,0.08701041150223103,0.10956866633614279,0.1450173525037184,0.08701041150223103,0.12097174020823004,0.11725334655428855,0.5793257312840853,0.012394645513138325,0.005701536936043629,0.009667823500247892,0.5875061973227566,1.0,0.5887456618740704,0.14526524541398117,0.161378284581061,0.22087258304412494,0.16906296479920674,0.10684184432325236,0.10114030738720872,0.18294496777392166,0.08701041150223103
SKACTIVEML_US_MARGIN,0.09593455627169063,0.146504709965295,0.0961824491819534,0.09593455627169063,0.10808130887456618,0.10535448686167576,0.07312840852751612,0.04462072384729797,0.5282597917699554,0.5438770451165097,0.5314823996033713,0.0007436787307882995,0.00024789291026276647,0.22384729796727815,0.0961824491819534,0.11898859692612791,0.09593455627169063,0.11849281110560238,0.1499752107089737,0.09593455627169063,0.11849281110560238,0.11378284581060982,0.5857709469509172,0.012146752602875557,0.004709965294992563,0.008924144769459593,0.5974219137332673,0.5887456618740704,1.0,0.15071888943976203,0.16881507188894398,0.2263262270699058,0.17674764501735252,0.11725334655428855,0.10956866633614279,0.1886465047099653,0.09593455627169063
SMALLTEXT_BREAKINGTIES,0.6859196826970748,0.8381259295984135,0.6859196826970748,0.6859196826970748,0.8403569657907783,0.8433316807139316,0.29548834903321763,0.2999504214179474,0.17178978681209717,0.1722855726326227,0.17575607337630145,0.00495785820525533,0.0007436787307882995,0.6487357461576599,0.6859196826970748,0.8772930094199306,0.6859196826970748,0.8790282597917699,0.7773921665840356,0.6859196826970748,0.05676747645017353,0.010659395141298959,0.15195835399107585,0.02528507684680218,0.016608824987605353,0.11130391670798215,0.14303420922161625,0.14526524541398117,0.15071888943976203,1.0,0.6326227069905801,0.6998016856717898,0.8212692117005453,0.8708477937530986,0.8596926127912742,0.7518591968269708,0.6859196826970748
SMALLTEXT_CONTRASTIVEAL,0.5086762518591968,0.6435299950421418,0.5086762518591968,0.5086762518591968,0.5959345562716907,0.596678235002479,0.31755081804660384,0.30490827962320277,0.131631135349529,0.13237481408031732,0.131631135349529,0.020079325731284084,0.001487357461576599,0.6596430342092217,0.5086762518591968,0.6291522062469014,0.5086762518591968,0.630639563708478,0.6636093207734258,0.5086762518591968,0.11750123946455131,0.040406544372830935,0.15939514129895885,0.07436787307882994,0.058750619732275654,0.11551809618244918,0.15865146256817056,0.161378284581061,0.16881507188894398,0.6326227069905801,1.0,0.7374814080317303,0.6822012890431334,0.6194843827466534,0.612543381259296,0.7245909766980664,0.5086762518591968
SMALLTEXT_EMBEDDINGKMEANS,0.47620228061477443,0.6896380763510164,0.47620228061477443,0.47620228061477443,0.6259295984134854,0.6271690629647992,0.35027268220128904,0.29449677739216656,0.17550818046603867,0.1834407535944472,0.1774913237481408,0.01636093207734259,0.0032226078334159644,0.714427367377293,0.47620228061477443,0.6675756073376301,0.47620228061477443,0.6670798215171047,0.7015369360436291,0.47620228061477443,0.08601883986117997,0.03891918691125434,0.22012890431333665,0.042637580565195836,0.03173029251363411,0.14328210213187903,0.221864154685176,0.22087258304412494,0.2263262270699058,0.6998016856717898,0.7374814080317303,1.0,0.7411998016856718,0.650718889439762,0.6425384234010907,0.7697074863658899,0.47620228061477443
SMALLTEXT_GREEDYCORESET,0.6281606346058503,0.7528507684680218,0.6279127416955875,0.6281606346058503,0.7920178482895389,0.7853247397124442,0.3036688150718889,0.30441249380267726,0.20748636588993555,0.20971740208230044,0.2129400099157164,0.004709965294992563,0.0009915716410510659,0.68368864650471,0.6279127416955875,0.8197818542389688,0.6281606346058503,0.8175508180466039,0.8358948934060486,0.6281606346058503,0.07263262270699058,0.011650966782350025,0.17997025285076848,0.03024293505205751,0.020079325731284084,0.11229548834903322,0.16955875061973227,0.16906296479920674,0.17674764501735252,0.8212692117005453,0.6822012890431334,0.7411998016856718,1.0,0.80466038671294,0.7984630639563709,0.7585523054040655,0.6281606346058503
SMALLTEXT_LEASTCONFIDENCE,0.7429350520575112,0.8024293505205751,0.7426871591472484,0.7429350520575112,0.9000991571641052,0.8973723351512147,0.282350024789291,0.29548834903321763,0.14229053049082796,0.14452156668319285,0.14898363906792267,0.005701536936043629,0.0012394645513138325,0.600892414476946,0.7426871591472484,0.9060485870104115,0.7429350520575112,0.9100148735746157,0.7979672781358453,0.7429350520575112,0.05552801189885969,0.009667823500247892,0.11626177491323748,0.02404561229548835,0.01636093207734259,0.11105602379771938,0.10684184432325236,0.10684184432325236,0.11725334655428855,0.8708477937530986,0.6194843827466534,0.650718889439762,0.80466038671294,1.0,0.8956370847793753,0.7040158651462568,0.7429350520575112
SMALLTEXT_LIGHTWEIGHTCORESET,0.7530986613782846,0.7982151710461081,0.7528507684680218,0.7530986613782846,0.9013386217154189,0.8956370847793753,0.2714427367377293,0.29846306395637084,0.13212692117005453,0.13336638572136836,0.13708477937530986,0.007188894397620228,0.0009915716410510659,0.6065939514129896,0.7528507684680218,0.8867129400099157,0.7530986613782846,0.887456618740704,0.797223599405057,0.7530986613782846,0.05528011898859692,0.010163609320773426,0.1065939514129896,0.02751611303916708,0.019583539910758552,0.10882498760535449,0.0999008428358949,0.10114030738720872,0.10956866633614279,0.8596926127912742,0.612543381259296,0.6425384234010907,0.7984630639563709,0.8956370847793753,1.0,0.7005453644025781,0.7530986613782846
SMALLTEXT_PREDICTIONENTROPY,0.5592464055528011,0.7873078829945463,0.559494298463064,0.5592464055528011,0.6760039662865642,0.676251859196827,0.33614278631631134,0.2997025285076847,0.18542389687654934,0.1886465047099653,0.18765493306891423,0.005701536936043629,0.0004957858205255329,0.7407040158651462,0.559494298463064,0.7156668319286068,0.5592464055528011,0.714427367377293,0.717649975210709,0.5592464055528011,0.07015369360436291,0.01611303916707982,0.17724343083787802,0.0428854734754586,0.026276648487853247,0.11303916707982152,0.18071393158155677,0.18294496777392166,0.1886465047099653,0.7518591968269708,0.7245909766980664,0.7697074863658899,0.7585523054040655,0.7040158651462568,0.7005453644025781,1.0,0.5592464055528011
SMALLTEXT_RANDOM,1.0,0.6678235002478929,0.9997521070897373,1.0,0.7773921665840356,0.7778879524045612,0.19261279127416955,0.2565691621219633,0.11254338125929599,0.11031234506693109,0.11477441745166088,0.0017352503718393653,0.0004957858205255329,0.5153693604362916,0.9997521070897373,0.7077342588001984,1.0,0.7149231531978185,0.633862171541894,1.0,0.05156172533465543,0.00917203767972236,0.09072880515617253,0.01834407535944472,0.011403073872087258,0.0857709469509172,0.0857709469509172,0.08701041150223103,0.09593455627169063,0.6859196826970748,0.5086762518591968,0.47620228061477443,0.6281606346058503,0.7429350520575112,0.7530986613782846,0.5592464055528011,1.0
