,ALIPY_CORESET_GREEDY,ALIPY_DENSITY_WEIGHTED,ALIPY_GRAPH_DENSITY,ALIPY_RANDOM,ALIPY_UNCERTAINTY_LC,ALIPY_UNCERTAINTY_MM,LIBACT_DWUS,LIBACT_QUIRE,LIBACT_UNCERTAINTY_ENT,LIBACT_UNCERTAINTY_LC,LIBACT_UNCERTAINTY_SM,OPTIMAL_GREEDY_10,OPTIMAL_GREEDY_20,PLAYGROUND_BANDIT,PLAYGROUND_GRAPH_DENSITY,PLAYGROUND_INFORMATIVE_DIVERSE,PLAYGROUND_KCENTER_GREEDY,PLAYGROUND_MARGIN,PLAYGROUND_MIXTURE,PLAYGROUND_UNIFORM,SKACTIVEML_COST_EMBEDDING,SKACTIVEML_DAL,SKACTIVEML_DWUS,SKACTIVEML_QBC,SKACTIVEML_QBC_VOTE_ENTROPY,SKACTIVEML_QUIRE,SKACTIVEML_US_ENTROPY,SKACTIVEML_US_LC,SKACTIVEML_US_MARGIN,SMALLTEXT_BREAKINGTIES,SMALLTEXT_CONTRASTIVEAL,SMALLTEXT_EMBEDDINGKMEANS,SMALLTEXT_GREEDYCORESET,SMALLTEXT_LEASTCONFIDENCE,SMALLTEXT_LIGHTWEIGHTCORESET,SMALLTEXT_PREDICTIONENTROPY,SMALLTEXT_RANDOM
ALIPY_CORESET_GREEDY,4034,562,116,237,154,152,305,821,127,138,135,437,440,345,116,380,4034,248,400,411,412,459,422,403,416,431,106,101,129,103,441,508,1048,108,462,116,237
ALIPY_DENSITY_WEIGHTED,562,4034,285,236,365,364,651,1203,298,274,313,561,602,483,285,564,562,418,404,577,640,629,758,646,593,824,289,294,257,255,748,924,951,270,592,302,236
ALIPY_GRAPH_DENSITY,116,285,4034,193,135,130,446,374,105,99,119,385,373,226,4034,245,116,125,167,416,292,367,390,393,426,294,108,120,120,83,391,467,237,92,321,99,193
ALIPY_RANDOM,237,236,193,4034,141,165,512,297,101,123,120,583,532,336,193,369,237,264,383,597,344,554,422,545,568,261,93,116,104,94,413,511,348,85,431,94,4034
ALIPY_UNCERTAINTY_LC,154,365,135,141,4034,2896,282,311,305,351,269,278,272,341,135,324,154,539,323,272,288,301,303,266,318,304,325,361,330,500,316,321,267,906,264,546,141
ALIPY_UNCERTAINTY_MM,152,364,130,165,2896,4034,308,309,287,309,366,286,279,334,130,320,152,718,384,286,299,313,333,280,326,302,280,315,392,889,323,334,248,529,280,496,165
LIBACT_DWUS,305,651,446,512,282,308,4034,1056,243,244,253,1016,1068,660,446,734,305,413,640,1076,753,921,1347,1117,1066,736,225,240,244,191,1071,1829,656,216,667,223,512
LIBACT_QUIRE,821,1203,374,297,311,309,1056,4034,249,237,251,761,787,623,374,745,821,396,535,759,772,869,909,870,796,991,239,224,225,177,1030,1582,1325,179,979,224,297
LIBACT_UNCERTAINTY_ENT,127,298,105,101,305,287,243,249,4034,2972,2915,206,235,227,105,255,127,184,178,235,203,216,240,204,224,283,362,319,243,295,285,300,179,346,173,392,101
LIBACT_UNCERTAINTY_LC,138,274,99,123,351,309,244,237,2972,4034,2951,237,222,236,99,235,138,193,183,196,213,202,246,213,216,305,333,361,287,331,255,268,172,393,165,403,123
LIBACT_UNCERTAINTY_SM,135,313,119,120,269,366,253,251,2915,2951,4034,234,254,236,119,281,135,217,201,211,218,240,258,227,236,258,264,278,375,377,259,284,176,310,190,336,120
OPTIMAL_GREEDY_10,437,561,385,583,278,286,1016,761,206,237,234,4034,1117,635,385,733,437,445,688,1074,699,939,891,1051,1049,634,201,203,233,198,843,1184,695,180,850,187,583
OPTIMAL_GREEDY_20,440,602,373,532,272,279,1068,787,235,222,254,1117,4034,655,373,729,440,432,671,1038,664,1044,881,1029,1090,610,221,217,261,203,825,1244,661,176,802,210,532
PLAYGROUND_BANDIT,345,483,226,336,341,334,660,623,227,236,236,635,655,4034,226,1441,345,1427,1338,640,593,624,612,680,657,554,231,226,243,227,590,737,491,245,547,240,336
PLAYGROUND_GRAPH_DENSITY,116,285,4034,193,135,130,446,374,105,99,119,385,373,226,4034,245,116,125,167,416,292,367,390,393,426,294,108,120,120,83,391,467,237,92,321,99,193
PLAYGROUND_INFORMATIVE_DIVERSE,380,564,245,369,324,320,734,745,255,235,281,733,729,1441,245,4034,380,1269,1346,730,592,724,625,712,710,574,252,240,254,234,652,940,583,220,667,230,369
PLAYGROUND_KCENTER_GREEDY,4034,562,116,237,154,152,305,821,127,138,135,437,440,345,116,380,4034,248,400,411,412,459,422,403,416,431,106,101,129,103,441,508,1048,108,462,116,237
PLAYGROUND_MARGIN,248,418,125,264,539,718,413,396,184,193,217,445,432,1427,125,1269,248,4034,1866,432,429,465,407,447,419,394,206,239,253,605,383,496,344,408,428,391,264
PLAYGROUND_MIXTURE,400,404,167,383,323,384,640,535,178,183,201,688,671,1338,167,1346,400,1866,4034,624,488,640,545,637,660,409,188,179,218,319,530,760,442,234,551,231,383
PLAYGROUND_UNIFORM,411,577,416,597,272,286,1076,759,235,196,211,1074,1038,640,416,730,411,432,624,4034,653,947,873,1048,1032,604,203,191,213,166,893,1235,687,169,820,180,597
SKACTIVEML_COST_EMBEDDING,412,640,292,344,288,299,753,772,203,213,218,699,664,593,292,592,412,429,488,653,4034,657,709,700,655,679,215,207,214,201,689,887,690,195,594,236,344
SKACTIVEML_DAL,459,629,367,554,301,313,921,869,216,202,240,939,1044,624,367,724,459,465,640,947,657,4034,824,977,964,644,193,221,231,178,874,1274,698,188,928,189,554
SKACTIVEML_DWUS,422,758,390,422,303,333,1347,909,240,246,258,891,881,612,390,625,422,407,545,873,709,824,4034,885,900,702,243,246,266,210,912,1372,671,233,623,218,422
SKACTIVEML_QBC,403,646,393,545,266,280,1117,870,204,213,227,1051,1029,680,393,712,403,447,637,1048,700,977,885,4034,1101,649,235,247,227,200,900,1316,683,178,818,221,545
SKACTIVEML_QBC_VOTE_ENTROPY,416,593,426,568,318,326,1066,796,224,216,236,1049,1090,657,426,710,416,419,660,1032,655,964,900,1101,4034,600,217,215,261,213,872,1205,679,213,778,199,568
SKACTIVEML_QUIRE,431,824,294,261,304,302,736,991,283,305,258,634,610,554,294,574,431,394,409,604,679,644,702,649,600,4034,248,259,246,208,715,956,730,246,579,271,261
SKACTIVEML_US_ENTROPY,106,289,108,93,325,280,225,239,362,333,264,201,221,231,108,252,106,206,188,203,215,193,243,235,217,248,4034,3028,2940,220,231,275,170,278,181,363,93
SKACTIVEML_US_LC,101,294,120,116,361,315,240,224,319,361,278,203,217,226,120,240,101,239,179,191,207,221,246,247,215,259,3028,4034,2959,279,223,255,164,330,163,316,116
SKACTIVEML_US_MARGIN,129,257,120,104,330,392,244,225,243,287,375,233,261,243,120,254,129,253,218,213,214,231,266,227,261,246,2940,2959,4034,324,236,277,178,284,201,291,104
SMALLTEXT_BREAKINGTIES,103,255,83,94,500,889,191,177,295,331,377,198,203,227,83,234,103,605,319,166,201,178,210,200,213,208,220,279,324,4034,210,212,151,2909,167,2892,94
SMALLTEXT_CONTRASTIVEAL,441,748,391,413,316,323,1071,1030,285,255,259,843,825,590,391,652,441,383,530,893,689,874,912,900,872,715,231,223,236,210,4034,1334,672,212,742,223,413
SMALLTEXT_EMBEDDINGKMEANS,508,924,467,511,321,334,1829,1582,300,268,284,1184,1244,737,467,940,508,496,760,1235,887,1274,1372,1316,1205,956,275,255,277,212,1334,4034,939,220,1285,237,511
SMALLTEXT_GREEDYCORESET,1048,951,237,348,267,248,656,1325,179,172,176,695,661,491,237,583,1048,344,442,687,690,698,671,683,679,730,170,164,178,151,672,939,4034,148,760,170,348
SMALLTEXT_LEASTCONFIDENCE,108,270,92,85,906,529,216,179,346,393,310,180,176,245,92,220,108,408,234,169,195,188,233,178,213,246,278,330,284,2909,212,220,148,4034,157,2961,85
SMALLTEXT_LIGHTWEIGHTCORESET,462,592,321,431,264,280,667,979,173,165,190,850,802,547,321,667,462,428,551,820,594,928,623,818,778,579,181,163,201,167,742,1285,760,157,4034,187,431
SMALLTEXT_PREDICTIONENTROPY,116,302,99,94,546,496,223,224,392,403,336,187,210,240,99,230,116,391,231,180,236,189,218,221,199,271,363,316,291,2892,223,237,170,2961,187,4034,94
SMALLTEXT_RANDOM,237,236,193,4034,141,165,512,297,101,123,120,583,532,336,193,369,237,264,383,597,344,554,422,545,568,261,93,116,104,94,413,511,348,85,431,94,4034
