,ALIPY_CORESET_GREEDY,ALIPY_DENSITY_WEIGHTED,ALIPY_GRAPH_DENSITY,ALIPY_RANDOM,ALIPY_UNCERTAINTY_LC,ALIPY_UNCERTAINTY_MM,LIBACT_DWUS,LIBACT_QUIRE,LIBACT_UNCERTAINTY_ENT,LIBACT_UNCERTAINTY_LC,LIBACT_UNCERTAINTY_SM,OPTIMAL_GREEDY_10,OPTIMAL_GREEDY_20,PLAYGROUND_BANDIT,PLAYGROUND_GRAPH_DENSITY,PLAYGROUND_INFORMATIVE_DIVERSE,PLAYGROUND_KCENTER_GREEDY,PLAYGROUND_MARGIN,PLAYGROUND_MIXTURE,PLAYGROUND_UNIFORM,SKACTIVEML_COST_EMBEDDING,SKACTIVEML_DAL,SKACTIVEML_DWUS,SKACTIVEML_QBC,SKACTIVEML_QBC_VOTE_ENTROPY,SKACTIVEML_QUIRE,SKACTIVEML_US_ENTROPY,SKACTIVEML_US_LC,SKACTIVEML_US_MARGIN,SMALLTEXT_BREAKINGTIES,SMALLTEXT_CONTRASTIVEAL,SMALLTEXT_EMBEDDINGKMEANS,SMALLTEXT_GREEDYCORESET,SMALLTEXT_LEASTCONFIDENCE,SMALLTEXT_LIGHTWEIGHTCORESET,SMALLTEXT_PREDICTIONENTROPY,SMALLTEXT_RANDOM
ALIPY_CORESET_GREEDY,1.0,0.11146496815286625,0.12048832271762208,0.1173036093418259,0.0732484076433121,0.05997876857749469,0.11942675159235669,0.17038216560509553,0.07430997876857749,0.061040339702760085,0.06050955414012739,0.13800424628450106,0.15074309978768577,0.08970276008492568,0.12101910828025478,0.10084925690021232,0.5313163481953291,0.05997876857749469,0.10509554140127389,0.12738853503184713,0.08333333333333333,0.13959660297239915,0.09978768577494693,0.1316348195329087,0.13906581740976645,0.10244161358811041,0.06050955414012739,0.06050955414012739,0.058386411889596604,0.06528662420382166,0.17728237791932058,0.1321656050955414,0.18949044585987262,0.05626326963906582,0.13535031847133758,0.06422505307855626,0.1183651804670913
ALIPY_DENSITY_WEIGHTED,0.11146496815286625,1.0,0.07961783439490445,0.07961783439490445,0.1624203821656051,0.14225053078556263,0.10668789808917198,0.13481953290870488,0.13481953290870488,0.15764331210191082,0.14331210191082802,0.1178343949044586,0.13588110403397027,0.15552016985138004,0.07430997876857749,0.1762208067940552,0.10987261146496816,0.12473460721868365,0.1178343949044586,0.10084925690021232,0.16507430997876857,0.10562632696390659,0.14118895966029724,0.10562632696390659,0.11040339702760085,0.16772823779193205,0.1459660297239915,0.14968152866242038,0.1449044585987261,0.11995753715498939,0.15817409766454352,0.1045647558386412,0.15127388535031847,0.12898089171974522,0.12791932059447983,0.1480891719745223,0.07643312101910828
ALIPY_GRAPH_DENSITY,0.12048832271762208,0.07961783439490445,1.0,0.13747346072186836,0.0440552016985138,0.04777070063694268,0.13641188959660297,0.11199575371549894,0.04670912951167728,0.041401273885350316,0.0435244161358811,0.14065817409766454,0.15286624203821655,0.06953290870488323,0.5408704883227177,0.06210191082802548,0.12154989384288747,0.04777070063694268,0.06953290870488323,0.1326963906581741,0.07961783439490445,0.14012738853503184,0.11889596602972399,0.15445859872611464,0.13641188959660297,0.09501061571125266,0.04883227176220807,0.04723991507430998,0.048301486199575375,0.04511677282377919,0.10668789808917198,0.12420382165605096,0.10881104033970276,0.03821656050955414,0.13906581740976645,0.04246284501061571,0.12526539278131635
ALIPY_RANDOM,0.1173036093418259,0.07961783439490445,0.13747346072186836,1.0,0.05307855626326964,0.05307855626326964,0.15233545647558386,0.10881104033970276,0.06210191082802548,0.04777070063694268,0.045647558386411886,0.17834394904458598,0.1873673036093418,0.08917197452229299,0.13428874734607218,0.08917197452229299,0.12367303609341826,0.05201698513800425,0.08545647558386411,0.1942675159235669,0.09766454352441614,0.1746284501061571,0.12526539278131635,0.17144373673036092,0.20116772823779194,0.10509554140127389,0.048301486199575375,0.04883227176220807,0.04617834394904458,0.04511677282377919,0.1045647558386412,0.18365180467091294,0.13004246284501061,0.048301486199575375,0.15286624203821655,0.056794055201698515,0.5392781316348195
ALIPY_UNCERTAINTY_LC,0.0732484076433121,0.1624203821656051,0.0440552016985138,0.05307855626326964,1.0,0.35987261146496813,0.06687898089171974,0.06740976645435244,0.14225053078556263,0.1602972399150743,0.14331210191082802,0.07059447983014862,0.0727176220806794,0.12261146496815287,0.04723991507430998,0.12791932059447983,0.07165605095541401,0.15658174097664543,0.14384288747346072,0.06369426751592357,0.14118895966029724,0.06687898089171974,0.08014861995753715,0.04723991507430998,0.07537154989384288,0.11411889596602973,0.1618895966029724,0.16772823779193205,0.16613588110403396,0.20329087048832273,0.09394904458598727,0.07165605095541401,0.05626326963906582,0.28821656050955413,0.07749469214437367,0.20222929936305734,0.056794055201698515
ALIPY_UNCERTAINTY_MM,0.05997876857749469,0.14225053078556263,0.04777070063694268,0.05307855626326964,0.35987261146496813,1.0,0.06794055201698514,0.06050955414012739,0.12951167728237792,0.15180467091295116,0.160828025477707,0.06422505307855626,0.06581740976645435,0.131104033970276,0.04617834394904458,0.11942675159235669,0.06157112526539278,0.2059447983014862,0.15817409766454352,0.06050955414012739,0.12208067940552017,0.06475583864118896,0.08227176220806794,0.05785562632696391,0.06369426751592357,0.10881104033970276,0.13853503184713375,0.1449044585987261,0.1464968152866242,0.2898089171974522,0.08174097664543524,0.058386411889596604,0.06157112526539278,0.20966029723991508,0.06263269639065817,0.1947983014861996,0.04723991507430998
LIBACT_DWUS,0.11942675159235669,0.10668789808917198,0.13641188959660297,0.15233545647558386,0.06687898089171974,0.06794055201698514,1.0,0.1454352441613588,0.0732484076433121,0.07537154989384288,0.06369426751592357,0.17781316348195328,0.17834394904458598,0.09341825902335456,0.1326963906581741,0.09288747346072186,0.12261146496815287,0.05360934182590234,0.06581740976645435,0.18630573248407642,0.10668789808917198,0.2070063694267516,0.20966029723991508,0.24628450106157113,0.21019108280254778,0.14012738853503184,0.06369426751592357,0.06263269639065817,0.055201698513800426,0.0589171974522293,0.1613588110403397,0.26963906581740976,0.15711252653927812,0.04883227176220807,0.1587048832271762,0.06422505307855626,0.15127388535031847
LIBACT_QUIRE,0.17038216560509553,0.13481953290870488,0.11199575371549894,0.10881104033970276,0.06740976645435244,0.06050955414012739,0.1454352441613588,1.0,0.07537154989384288,0.061040339702760085,0.058386411889596604,0.1746284501061571,0.18152866242038215,0.07908704883227176,0.11040339702760085,0.09978768577494693,0.1613588110403397,0.056794055201698515,0.07961783439490445,0.15339702760084925,0.10934182590233546,0.17887473460721867,0.15817409766454352,0.18895966029723993,0.17038216560509553,0.1470276008492569,0.06794055201698514,0.05732484076433121,0.06953290870488323,0.05732484076433121,0.22505307855626328,0.16772823779193205,0.24522292993630573,0.05732484076433121,0.21709129511677283,0.06316348195329087,0.11199575371549894
LIBACT_UNCERTAINTY_ENT,0.07430997876857749,0.13481953290870488,0.04670912951167728,0.06210191082802548,0.14225053078556263,0.12951167728237792,0.0732484076433121,0.07537154989384288,1.0,0.3821656050955414,0.3657112526539278,0.08386411889596602,0.07961783439490445,0.1035031847133758,0.045647558386411886,0.10934182590233546,0.07059447983014862,0.09872611464968153,0.09713375796178345,0.07165605095541401,0.11677282377919321,0.07643312101910828,0.08439490445859872,0.0589171974522293,0.07590233545647558,0.09713375796178345,0.16295116772823778,0.15552016985138004,0.13959660297239915,0.1337579617834395,0.0870488322717622,0.07537154989384288,0.08227176220806794,0.1464968152866242,0.07430997876857749,0.16772823779193205,0.06210191082802548
LIBACT_UNCERTAINTY_LC,0.061040339702760085,0.15764331210191082,0.041401273885350316,0.04777070063694268,0.1602972399150743,0.15180467091295116,0.07537154989384288,0.061040339702760085,0.3821656050955414,1.0,0.4012738853503185,0.06528662420382166,0.07430997876857749,0.12101910828025478,0.048301486199575375,0.13428874734607218,0.059447983014861996,0.1183651804670913,0.10509554140127389,0.056794055201698515,0.12526539278131635,0.05307855626326964,0.06581740976645435,0.04511677282377919,0.06369426751592357,0.09925690021231423,0.16825902335456475,0.17197452229299362,0.17197452229299362,0.15445859872611464,0.07112526539278131,0.06050955414012739,0.06687898089171974,0.18099787685774946,0.05785562632696391,0.17144373673036092,0.042993630573248405
LIBACT_UNCERTAINTY_SM,0.06050955414012739,0.14331210191082802,0.0435244161358811,0.045647558386411886,0.14331210191082802,0.160828025477707,0.06369426751592357,0.058386411889596604,0.3657112526539278,0.4012738853503185,1.0,0.07218683651804671,0.06157112526539278,0.10828025477707007,0.041401273885350316,0.12738853503184713,0.056794055201698515,0.10668789808917198,0.09872611464968153,0.06528662420382166,0.1337579617834395,0.06422505307855626,0.07696390658174097,0.058386411889596604,0.06210191082802548,0.10934182590233546,0.15605095541401273,0.1592356687898089,0.1735668789808917,0.1624203821656051,0.07218683651804671,0.06050955414012739,0.059447983014861996,0.1449044585987261,0.056794055201698515,0.1592356687898089,0.04777070063694268
OPTIMAL_GREEDY_10,0.13800424628450106,0.1178343949044586,0.14065817409766454,0.17834394904458598,0.07059447983014862,0.06422505307855626,0.17781316348195328,0.1746284501061571,0.08386411889596602,0.06528662420382166,0.07218683651804671,1.0,0.267515923566879,0.1173036093418259,0.14225053078556263,0.12579617834394904,0.14171974522292993,0.07218683651804671,0.1029723991507431,0.25902335456475584,0.15445859872611464,0.25,0.17250530785562632,0.25636942675159236,0.2351380042462845,0.15233545647558386,0.06581740976645435,0.06210191082802548,0.06581740976645435,0.05148619957537155,0.1464968152866242,0.21656050955414013,0.20488322717622082,0.04936305732484077,0.22558386411889597,0.06634819532908705,0.18312101910828024
OPTIMAL_GREEDY_20,0.15074309978768577,0.13588110403397027,0.15286624203821655,0.1873673036093418,0.0727176220806794,0.06581740976645435,0.17834394904458598,0.18152866242038215,0.07961783439490445,0.07430997876857749,0.06157112526539278,0.267515923566879,1.0,0.12314225053078556,0.1449044585987261,0.11464968152866242,0.13641188959660297,0.07484076433121019,0.1035031847133758,0.24575371549893843,0.1464968152866242,0.2494692144373673,0.17887473460721867,0.2616772823779193,0.23832271762208068,0.14437367303609341,0.07590233545647558,0.06422505307855626,0.058386411889596604,0.059447983014861996,0.1464968152866242,0.2208067940552017,0.19904458598726116,0.05732484076433121,0.2521231422505308,0.0732484076433121,0.1767515923566879
PLAYGROUND_BANDIT,0.08970276008492568,0.15552016985138004,0.06953290870488323,0.08917197452229299,0.12261146496815287,0.131104033970276,0.09341825902335456,0.07908704883227176,0.1035031847133758,0.12101910828025478,0.10828025477707007,0.1173036093418259,0.12314225053078556,1.0,0.06740976645435244,0.32537154989384287,0.0875796178343949,0.291932059447983,0.29777070063694266,0.11624203821656051,0.15233545647558386,0.1173036093418259,0.11411889596602973,0.09288747346072186,0.1035031847133758,0.14118895966029724,0.10774946921443737,0.10668789808917198,0.12048832271762208,0.11040339702760085,0.11305732484076433,0.10721868365180467,0.1045647558386412,0.11199575371549894,0.11093418259023355,0.12154989384288747,0.09023354564755838
PLAYGROUND_GRAPH_DENSITY,0.12101910828025478,0.07430997876857749,0.5408704883227177,0.13428874734607218,0.04723991507430998,0.04617834394904458,0.1326963906581741,0.11040339702760085,0.045647558386411886,0.048301486199575375,0.041401273885350316,0.14225053078556263,0.1449044585987261,0.06740976645435244,1.0,0.07006369426751592,0.11518046709129512,0.05201698513800425,0.06687898089171974,0.13853503184713375,0.08174097664543524,0.13853503184713375,0.13588110403397027,0.14065817409766454,0.14437367303609341,0.09925690021231423,0.045647558386411886,0.042993630573248405,0.03556263269639066,0.049893842887473464,0.10987261146496816,0.13959660297239915,0.10774946921443737,0.03927813163481953,0.13694267515923567,0.04193205944798301,0.12420382165605096
PLAYGROUND_INFORMATIVE_DIVERSE,0.10084925690021232,0.1762208067940552,0.06210191082802548,0.08917197452229299,0.12791932059447983,0.11942675159235669,0.09288747346072186,0.09978768577494693,0.10934182590233546,0.13428874734607218,0.12738853503184713,0.12579617834394904,0.11464968152866242,0.32537154989384287,0.07006369426751592,1.0,0.09713375796178345,0.2781316348195329,0.28821656050955413,0.10721868365180467,0.16666666666666666,0.11624203821656051,0.11411889596602973,0.1040339702760085,0.1045647558386412,0.14171974522292993,0.11358811040339703,0.12738853503184713,0.1332271762208068,0.11411889596602973,0.12367303609341826,0.10881104033970276,0.10138004246284502,0.12154989384288747,0.09872611464968153,0.10881104033970276,0.08121019108280254
PLAYGROUND_KCENTER_GREEDY,0.5313163481953291,0.10987261146496816,0.12154989384288747,0.12367303609341826,0.07165605095541401,0.06157112526539278,0.12261146496815287,0.1613588110403397,0.07059447983014862,0.059447983014861996,0.056794055201698515,0.14171974522292993,0.13641188959660297,0.0875796178343949,0.11518046709129512,0.09713375796178345,1.0,0.06475583864118896,0.09501061571125266,0.14225053078556263,0.08333333333333333,0.14331210191082802,0.10244161358811041,0.14012738853503184,0.1454352441613588,0.11358811040339703,0.06263269639065817,0.06634819532908705,0.05626326963906582,0.05148619957537155,0.17038216560509553,0.14437367303609341,0.2054140127388535,0.058386411889596604,0.12685774946921444,0.06900212314225053,0.12154989384288747
PLAYGROUND_MARGIN,0.05997876857749469,0.12473460721868365,0.04777070063694268,0.05201698513800425,0.15658174097664543,0.2059447983014862,0.05360934182590234,0.056794055201698515,0.09872611464968153,0.1183651804670913,0.10668789808917198,0.07218683651804671,0.07484076433121019,0.291932059447983,0.05201698513800425,0.2781316348195329,0.06475583864118896,1.0,0.4400212314225053,0.058386411889596604,0.11942675159235669,0.05997876857749469,0.0589171974522293,0.05785562632696391,0.06422505307855626,0.09978768577494693,0.11889596602972399,0.11093418259023355,0.1040339702760085,0.18630573248407642,0.07537154989384288,0.059447983014861996,0.050955414012738856,0.15658174097664543,0.059447983014861996,0.13588110403397027,0.054140127388535034
PLAYGROUND_MIXTURE,0.10509554140127389,0.1178343949044586,0.06953290870488323,0.08545647558386411,0.14384288747346072,0.15817409766454352,0.06581740976645435,0.07961783439490445,0.09713375796178345,0.10509554140127389,0.09872611464968153,0.1029723991507431,0.1035031847133758,0.29777070063694266,0.06687898089171974,0.28821656050955413,0.09501061571125266,0.4400212314225053,1.0,0.09713375796178345,0.13853503184713375,0.09978768577494693,0.07855626326963906,0.0865180467091295,0.08970276008492568,0.1178343949044586,0.0870488322717622,0.09554140127388536,0.09872611464968153,0.1470276008492569,0.09288747346072186,0.08970276008492568,0.07537154989384288,0.11518046709129512,0.08227176220806794,0.12738853503184713,0.08545647558386411
PLAYGROUND_UNIFORM,0.12738853503184713,0.10084925690021232,0.1326963906581741,0.1942675159235669,0.06369426751592357,0.06050955414012739,0.18630573248407642,0.15339702760084925,0.07165605095541401,0.056794055201698515,0.06528662420382166,0.25902335456475584,0.24575371549893843,0.11624203821656051,0.13853503184713375,0.10721868365180467,0.14225053078556263,0.058386411889596604,0.09713375796178345,1.0,0.1480891719745223,0.23885350318471338,0.17940552016985137,0.23832271762208068,0.23885350318471338,0.14968152866242038,0.06581740976645435,0.05573248407643312,0.06422505307855626,0.04777070063694268,0.1337579617834395,0.22399150743099788,0.17887473460721867,0.04670912951167728,0.22399150743099788,0.06369426751592357,0.19002123142250532
SKACTIVEML_COST_EMBEDDING,0.08333333333333333,0.16507430997876857,0.07961783439490445,0.09766454352441614,0.14118895966029724,0.12208067940552017,0.10668789808917198,0.10934182590233546,0.11677282377919321,0.12526539278131635,0.1337579617834395,0.15445859872611464,0.1464968152866242,0.15233545647558386,0.08174097664543524,0.16666666666666666,0.08333333333333333,0.11942675159235669,0.13853503184713375,0.1480891719745223,1.0,0.14065817409766454,0.13535031847133758,0.12367303609341826,0.12951167728237792,0.16878980891719744,0.1326963906581741,0.11624203821656051,0.12791932059447983,0.11040339702760085,0.14915074309978768,0.13428874734607218,0.13481953290870488,0.11464968152866242,0.1449044585987261,0.1173036093418259,0.11146496815286625
SKACTIVEML_DAL,0.13959660297239915,0.10562632696390659,0.14012738853503184,0.1746284501061571,0.06687898089171974,0.06475583864118896,0.2070063694267516,0.17887473460721867,0.07643312101910828,0.05307855626326964,0.06422505307855626,0.25,0.2494692144373673,0.1173036093418259,0.13853503184713375,0.11624203821656051,0.14331210191082802,0.05997876857749469,0.09978768577494693,0.23885350318471338,0.14065817409766454,1.0,0.16772823779193205,0.25743099787685775,0.2531847133757962,0.15498938428874734,0.06210191082802548,0.05626326963906582,0.061040339702760085,0.055201698513800426,0.15180467091295116,0.23991507430997877,0.1942675159235669,0.054140127388535034,0.24097664543524416,0.06369426751592357,0.17887473460721867
SKACTIVEML_DWUS,0.09978768577494693,0.14118895966029724,0.11889596602972399,0.12526539278131635,0.08014861995753715,0.08227176220806794,0.20966029723991508,0.15817409766454352,0.08439490445859872,0.06581740976645435,0.07696390658174097,0.17250530785562632,0.17887473460721867,0.11411889596602973,0.13588110403397027,0.11411889596602973,0.10244161358811041,0.0589171974522293,0.07855626326963906,0.17940552016985137,0.13535031847133758,0.16772823779193205,1.0,0.18152866242038215,0.18789808917197454,0.13641188959660297,0.08492569002123142,0.07430997876857749,0.07590233545647558,0.07696390658174097,0.1332271762208068,0.20169851380042464,0.17038216560509553,0.06581740976645435,0.17887473460721867,0.07749469214437367,0.1321656050955414
SKACTIVEML_QBC,0.1316348195329087,0.10562632696390659,0.15445859872611464,0.17144373673036092,0.04723991507430998,0.05785562632696391,0.24628450106157113,0.18895966029723993,0.0589171974522293,0.04511677282377919,0.058386411889596604,0.25636942675159236,0.2616772823779193,0.09288747346072186,0.14065817409766454,0.1040339702760085,0.14012738853503184,0.05785562632696391,0.0865180467091295,0.23832271762208068,0.12367303609341826,0.25743099787685775,0.18152866242038215,1.0,0.24416135881104034,0.14437367303609341,0.05997876857749469,0.04883227176220807,0.054140127388535034,0.0440552016985138,0.1470276008492569,0.24044585987261147,0.20169851380042464,0.045647558386411886,0.24522292993630573,0.05360934182590234,0.1937367303609342
SKACTIVEML_QBC_VOTE_ENTROPY,0.13906581740976645,0.11040339702760085,0.13641188959660297,0.20116772823779194,0.07537154989384288,0.06369426751592357,0.21019108280254778,0.17038216560509553,0.07590233545647558,0.06369426751592357,0.06210191082802548,0.2351380042462845,0.23832271762208068,0.1035031847133758,0.14437367303609341,0.1045647558386412,0.1454352441613588,0.06422505307855626,0.08970276008492568,0.23885350318471338,0.12951167728237792,0.2531847133757962,0.18789808917197454,0.24416135881104034,1.0,0.16560509554140126,0.05626326963906582,0.06316348195329087,0.05997876857749469,0.055201698513800426,0.15074309978768577,0.23195329087048833,0.1932059447983015,0.050955414012738856,0.2223991507430998,0.061040339702760085,0.1735668789808917
SKACTIVEML_QUIRE,0.10244161358811041,0.16772823779193205,0.09501061571125266,0.10509554140127389,0.11411889596602973,0.10881104033970276,0.14012738853503184,0.1470276008492569,0.09713375796178345,0.09925690021231423,0.10934182590233546,0.15233545647558386,0.14437367303609341,0.14118895966029724,0.09925690021231423,0.14171974522292993,0.11358811040339703,0.09978768577494693,0.1178343949044586,0.14968152866242038,0.16878980891719744,0.15498938428874734,0.13641188959660297,0.14437367303609341,0.16560509554140126,1.0,0.08917197452229299,0.09607218683651805,0.09129511677282377,0.08333333333333333,0.1873673036093418,0.1613588110403397,0.14384288747346072,0.0881104033970276,0.160828025477707,0.1035031847133758,0.0881104033970276
SKACTIVEML_US_ENTROPY,0.06050955414012739,0.1459660297239915,0.04883227176220807,0.048301486199575375,0.1618895966029724,0.13853503184713375,0.06369426751592357,0.06794055201698514,0.16295116772823778,0.16825902335456475,0.15605095541401273,0.06581740976645435,0.07590233545647558,0.10774946921443737,0.045647558386411886,0.11358811040339703,0.06263269639065817,0.11889596602972399,0.0870488322717622,0.06581740976645435,0.1326963906581741,0.06210191082802548,0.08492569002123142,0.05997876857749469,0.05626326963906582,0.08917197452229299,1.0,0.40923566878980894,0.3848195329087049,0.12898089171974522,0.09288747346072186,0.05148619957537155,0.06634819532908705,0.15817409766454352,0.06422505307855626,0.16348195329087048,0.04723991507430998
SKACTIVEML_US_LC,0.06050955414012739,0.14968152866242038,0.04723991507430998,0.04883227176220807,0.16772823779193205,0.1449044585987261,0.06263269639065817,0.05732484076433121,0.15552016985138004,0.17197452229299362,0.1592356687898089,0.06210191082802548,0.06422505307855626,0.10668789808917198,0.042993630573248405,0.12738853503184713,0.06634819532908705,0.11093418259023355,0.09554140127388536,0.05573248407643312,0.11624203821656051,0.05626326963906582,0.07430997876857749,0.04883227176220807,0.06316348195329087,0.09607218683651805,0.40923566878980894,1.0,0.39225053078556266,0.14065817409766454,0.09235668789808917,0.05042462845010616,0.07059447983014862,0.16985138004246284,0.05626326963906582,0.16772823779193205,0.04723991507430998
SKACTIVEML_US_MARGIN,0.058386411889596604,0.1449044585987261,0.048301486199575375,0.04617834394904458,0.16613588110403396,0.1464968152866242,0.055201698513800426,0.06953290870488323,0.13959660297239915,0.17197452229299362,0.1735668789808917,0.06581740976645435,0.058386411889596604,0.12048832271762208,0.03556263269639066,0.1332271762208068,0.05626326963906582,0.1040339702760085,0.09872611464968153,0.06422505307855626,0.12791932059447983,0.061040339702760085,0.07590233545647558,0.054140127388535034,0.05997876857749469,0.09129511677282377,0.3848195329087049,0.39225053078556266,1.0,0.1475583864118896,0.09501061571125266,0.0589171974522293,0.0727176220806794,0.1602972399150743,0.05785562632696391,0.14225053078556263,0.0435244161358811
SMALLTEXT_BREAKINGTIES,0.06528662420382166,0.11995753715498939,0.04511677282377919,0.04511677282377919,0.20329087048832273,0.2898089171974522,0.0589171974522293,0.05732484076433121,0.1337579617834395,0.15445859872611464,0.1624203821656051,0.05148619957537155,0.059447983014861996,0.11040339702760085,0.049893842887473464,0.11411889596602973,0.05148619957537155,0.18630573248407642,0.1470276008492569,0.04777070063694268,0.11040339702760085,0.055201698513800426,0.07696390658174097,0.0440552016985138,0.055201698513800426,0.08333333333333333,0.12898089171974522,0.14065817409766454,0.1475583864118896,1.0,0.08014861995753715,0.050955414012738856,0.055201698513800426,0.4002123142250531,0.05148619957537155,0.37951167728237795,0.03821656050955414
SMALLTEXT_CONTRASTIVEAL,0.17728237791932058,0.15817409766454352,0.10668789808917198,0.1045647558386412,0.09394904458598727,0.08174097664543524,0.1613588110403397,0.22505307855626328,0.0870488322717622,0.07112526539278131,0.07218683651804671,0.1464968152866242,0.1464968152866242,0.11305732484076433,0.10987261146496816,0.12367303609341826,0.17038216560509553,0.07537154989384288,0.09288747346072186,0.1337579617834395,0.14915074309978768,0.15180467091295116,0.1332271762208068,0.1470276008492569,0.15074309978768577,0.1873673036093418,0.09288747346072186,0.09235668789808917,0.09501061571125266,0.08014861995753715,1.0,0.12845010615711253,0.21019108280254778,0.06900212314225053,0.13641188959660297,0.08067940552016985,0.09554140127388536
SMALLTEXT_EMBEDDINGKMEANS,0.1321656050955414,0.1045647558386412,0.12420382165605096,0.18365180467091294,0.07165605095541401,0.058386411889596604,0.26963906581740976,0.16772823779193205,0.07537154989384288,0.06050955414012739,0.06050955414012739,0.21656050955414013,0.2208067940552017,0.10721868365180467,0.13959660297239915,0.10881104033970276,0.14437367303609341,0.059447983014861996,0.08970276008492568,0.22399150743099788,0.13428874734607218,0.23991507430997877,0.20169851380042464,0.24044585987261147,0.23195329087048833,0.1613588110403397,0.05148619957537155,0.05042462845010616,0.0589171974522293,0.050955414012738856,0.12845010615711253,1.0,0.1921443736730361,0.045647558386411886,0.2075371549893843,0.06528662420382166,0.17993630573248406
SMALLTEXT_GREEDYCORESET,0.18949044585987262,0.15127388535031847,0.10881104033970276,0.13004246284501061,0.05626326963906582,0.06157112526539278,0.15711252653927812,0.24522292993630573,0.08227176220806794,0.06687898089171974,0.059447983014861996,0.20488322717622082,0.19904458598726116,0.1045647558386412,0.10774946921443737,0.10138004246284502,0.2054140127388535,0.050955414012738856,0.07537154989384288,0.17887473460721867,0.13481953290870488,0.1942675159235669,0.17038216560509553,0.20169851380042464,0.1932059447983015,0.14384288747346072,0.06634819532908705,0.07059447983014862,0.0727176220806794,0.055201698513800426,0.21019108280254778,0.1921443736730361,1.0,0.044585987261146494,0.22664543524416136,0.056794055201698515,0.14065817409766454
SMALLTEXT_LEASTCONFIDENCE,0.05626326963906582,0.12898089171974522,0.03821656050955414,0.048301486199575375,0.28821656050955413,0.20966029723991508,0.04883227176220807,0.05732484076433121,0.1464968152866242,0.18099787685774946,0.1449044585987261,0.04936305732484077,0.05732484076433121,0.11199575371549894,0.03927813163481953,0.12154989384288747,0.058386411889596604,0.15658174097664543,0.11518046709129512,0.04670912951167728,0.11464968152866242,0.054140127388535034,0.06581740976645435,0.045647558386411886,0.050955414012738856,0.0881104033970276,0.15817409766454352,0.16985138004246284,0.1602972399150743,0.4002123142250531,0.06900212314225053,0.045647558386411886,0.044585987261146494,1.0,0.050955414012738856,0.4023354564755839,0.03662420382165605
SMALLTEXT_LIGHTWEIGHTCORESET,0.13535031847133758,0.12791932059447983,0.13906581740976645,0.15286624203821655,0.07749469214437367,0.06263269639065817,0.1587048832271762,0.21709129511677283,0.07430997876857749,0.05785562632696391,0.056794055201698515,0.22558386411889597,0.2521231422505308,0.11093418259023355,0.13694267515923567,0.09872611464968153,0.12685774946921444,0.059447983014861996,0.08227176220806794,0.22399150743099788,0.1449044585987261,0.24097664543524416,0.17887473460721867,0.24522292993630573,0.2223991507430998,0.160828025477707,0.06422505307855626,0.05626326963906582,0.05785562632696391,0.05148619957537155,0.13641188959660297,0.2075371549893843,0.22664543524416136,0.050955414012738856,1.0,0.05732484076433121,0.16719745222929935
SMALLTEXT_PREDICTIONENTROPY,0.06422505307855626,0.1480891719745223,0.04246284501061571,0.056794055201698515,0.20222929936305734,0.1947983014861996,0.06422505307855626,0.06316348195329087,0.16772823779193205,0.17144373673036092,0.1592356687898089,0.06634819532908705,0.0732484076433121,0.12154989384288747,0.04193205944798301,0.10881104033970276,0.06900212314225053,0.13588110403397027,0.12738853503184713,0.06369426751592357,0.1173036093418259,0.06369426751592357,0.07749469214437367,0.05360934182590234,0.061040339702760085,0.1035031847133758,0.16348195329087048,0.16772823779193205,0.14225053078556263,0.37951167728237795,0.08067940552016985,0.06528662420382166,0.056794055201698515,0.4023354564755839,0.05732484076433121,1.0,0.05626326963906582
SMALLTEXT_RANDOM,0.1183651804670913,0.07643312101910828,0.12526539278131635,0.5392781316348195,0.056794055201698515,0.04723991507430998,0.15127388535031847,0.11199575371549894,0.06210191082802548,0.042993630573248405,0.04777070063694268,0.18312101910828024,0.1767515923566879,0.09023354564755838,0.12420382165605096,0.08121019108280254,0.12154989384288747,0.054140127388535034,0.08545647558386411,0.19002123142250532,0.11146496815286625,0.17887473460721867,0.1321656050955414,0.1937367303609342,0.1735668789808917,0.0881104033970276,0.04723991507430998,0.04723991507430998,0.0435244161358811,0.03821656050955414,0.09554140127388536,0.17993630573248406,0.14065817409766454,0.03662420382165605,0.16719745222929935,0.05626326963906582,1.0
