,ALIPY_CORESET_GREEDY,ALIPY_DENSITY_WEIGHTED,ALIPY_GRAPH_DENSITY,ALIPY_RANDOM,ALIPY_UNCERTAINTY_LC,ALIPY_UNCERTAINTY_MM,LIBACT_DWUS,LIBACT_QUIRE,LIBACT_UNCERTAINTY_ENT,LIBACT_UNCERTAINTY_LC,LIBACT_UNCERTAINTY_SM,OPTIMAL_GREEDY_10,OPTIMAL_GREEDY_20,PLAYGROUND_BANDIT,PLAYGROUND_GRAPH_DENSITY,PLAYGROUND_INFORMATIVE_DIVERSE,PLAYGROUND_KCENTER_GREEDY,PLAYGROUND_MARGIN,PLAYGROUND_MIXTURE,PLAYGROUND_UNIFORM,SKACTIVEML_COST_EMBEDDING,SKACTIVEML_DAL,SKACTIVEML_DWUS,SKACTIVEML_QBC,SKACTIVEML_QBC_VOTE_ENTROPY,SKACTIVEML_QUIRE,SKACTIVEML_US_ENTROPY,SKACTIVEML_US_LC,SKACTIVEML_US_MARGIN,SMALLTEXT_BREAKINGTIES,SMALLTEXT_CONTRASTIVEAL,SMALLTEXT_EMBEDDINGKMEANS,SMALLTEXT_GREEDYCORESET,SMALLTEXT_LEASTCONFIDENCE,SMALLTEXT_LIGHTWEIGHTCORESET,SMALLTEXT_PREDICTIONENTROPY,SMALLTEXT_RANDOM
ALIPY_CORESET_GREEDY,4034,786,416,543,521,503,321,683,549,541,532,601,583,604,416,650,3999,592,650,564,661,571,447,491,618,649,566,549,518,540,403,490,786,570,564,590,541
ALIPY_DENSITY_WEIGHTED,786,4034,342,423,633,580,360,783,574,588,544,438,447,632,342,631,804,625,558,478,641,485,477,447,494,791,617,641,595,574,456,434,625,610,506,617,423
ALIPY_GRAPH_DENSITY,416,342,4034,566,406,440,544,255,380,372,417,645,596,504,4031,473,425,416,515,639,440,556,545,506,632,306,387,376,408,398,344,605,546,377,599,357,565
ALIPY_RANDOM,543,423,566,4034,469,492,417,401,460,479,484,799,788,590,566,607,556,553,687,727,479,661,449,523,757,416,469,477,501,500,398,709,527,474,705,477,4028
ALIPY_UNCERTAINTY_LC,521,633,406,469,4034,3017,365,489,788,964,704,541,543,834,406,691,539,1004,765,523,672,583,460,476,493,607,877,1077,812,1011,430,468,562,1547,505,1138,467
ALIPY_UNCERTAINTY_MM,503,580,440,492,3017,4034,380,430,672,695,983,555,574,881,440,705,519,1190,864,553,649,595,469,462,515,577,755,792,1077,1516,415,487,537,1024,516,944,490
LIBACT_DWUS,321,360,544,417,365,380,4034,331,336,332,349,355,326,432,544,398,332,406,421,433,453,395,468,442,447,363,329,324,354,364,375,534,360,347,441,335,414
LIBACT_QUIRE,683,783,255,401,489,430,331,4034,468,462,414,390,362,508,255,483,696,482,464,422,534,386,391,414,425,660,460,456,410,432,409,392,542,473,411,466,399
LIBACT_UNCERTAINTY_ENT,549,574,380,460,788,672,336,468,4034,3179,2990,509,534,673,380,688,570,660,549,521,642,512,462,428,524,592,974,786,685,1052,430,472,552,1153,493,1371,458
LIBACT_UNCERTAINTY_LC,541,588,372,479,964,695,332,462,3179,4034,3058,513,533,679,372,697,562,667,555,506,668,524,464,432,519,585,792,959,709,1086,406,488,539,1367,507,1178,477
LIBACT_UNCERTAINTY_SM,532,544,417,484,704,983,349,414,2990,3058,4034,536,546,659,417,673,550,671,565,556,651,515,472,442,531,550,690,720,972,1367,410,493,528,1076,540,1049,482
OPTIMAL_GREEDY_10,601,438,645,799,541,555,355,390,509,513,536,4034,1659,603,645,682,613,567,760,883,500,745,461,628,806,433,536,560,580,557,408,833,635,511,802,508,798
OPTIMAL_GREEDY_20,583,447,596,788,543,574,326,362,534,533,546,1659,4034,592,596,684,596,557,739,832,478,731,450,596,783,423,498,538,561,597,395,823,563,559,780,558,787
PLAYGROUND_BANDIT,604,632,504,590,834,881,432,508,673,679,659,603,592,4034,504,1371,621,2328,1450,637,1053,606,514,527,610,714,687,705,677,871,434,570,560,823,563,815,587
PLAYGROUND_GRAPH_DENSITY,416,342,4031,566,406,440,544,255,380,372,417,645,596,504,4034,473,425,416,515,639,440,556,545,506,632,306,387,376,408,398,344,605,546,377,599,357,565
PLAYGROUND_INFORMATIVE_DIVERSE,650,631,473,607,691,705,398,483,688,697,673,682,684,1371,473,4034,667,1362,1278,646,838,648,499,533,623,641,665,663,653,707,430,639,524,674,588,692,604
PLAYGROUND_KCENTER_GREEDY,3999,804,425,556,539,519,332,696,570,562,550,613,596,621,425,667,4034,611,664,578,677,583,461,503,633,669,586,569,535,559,411,502,804,588,577,606,554
PLAYGROUND_MARGIN,592,625,416,553,1004,1190,406,482,660,667,671,567,557,2328,416,1362,611,4034,1840,630,1043,587,498,536,542,707,678,672,690,1162,441,546,529,960,543,924,550
PLAYGROUND_MIXTURE,650,558,515,687,765,864,421,464,549,555,565,760,739,1450,515,1278,664,1840,4034,770,762,675,480,551,668,570,586,612,619,824,389,680,537,709,664,678,684
PLAYGROUND_UNIFORM,564,478,639,727,523,553,433,422,521,506,556,883,832,637,639,646,578,630,770,4034,556,693,449,578,758,462,496,509,510,541,466,773,577,517,701,502,724
SKACTIVEML_COST_EMBEDDING,661,641,440,479,672,649,453,534,642,668,651,500,478,1053,440,838,677,1043,762,556,4034,554,493,505,555,751,671,676,650,671,474,526,529,676,543,682,477
SKACTIVEML_DAL,571,485,556,661,583,595,395,386,512,524,515,745,731,606,556,648,583,587,675,693,554,4034,457,521,725,472,553,565,588,557,465,667,609,564,645,542,658
SKACTIVEML_DWUS,447,477,545,449,460,469,468,391,462,464,472,461,450,514,545,499,461,498,480,449,493,457,4034,406,463,464,451,464,470,452,362,451,459,454,476,437,446
SKACTIVEML_QBC,491,447,506,523,476,462,442,414,428,432,442,628,596,527,506,533,503,536,551,578,505,521,406,4034,641,476,482,486,473,478,410,577,451,477,566,466,518
SKACTIVEML_QBC_VOTE_ENTROPY,618,494,632,757,493,515,447,425,524,519,531,806,783,610,632,623,633,542,668,758,555,725,463,641,4034,475,560,557,600,538,380,749,624,516,738,525,755
SKACTIVEML_QUIRE,649,791,306,416,607,577,363,660,592,585,550,433,423,714,306,641,669,707,570,462,751,472,464,476,475,4034,616,610,573,543,429,428,546,584,473,585,414
SKACTIVEML_US_ENTROPY,566,617,387,469,877,755,329,460,974,792,690,536,498,687,387,665,586,678,586,496,671,553,451,482,560,616,4034,3196,3020,702,415,463,548,811,506,1002,466
SKACTIVEML_US_LC,549,641,376,477,1077,792,324,456,786,959,720,560,538,705,376,663,569,672,612,509,676,565,464,486,557,610,3196,4034,3107,733,413,467,537,1020,503,841,474
SKACTIVEML_US_MARGIN,518,595,408,501,812,1077,354,410,685,709,972,580,561,677,408,653,535,690,619,510,650,588,470,473,600,573,3020,3107,4034,1012,419,485,544,731,546,690,498
SMALLTEXT_BREAKINGTIES,540,574,398,500,1011,1516,364,432,1052,1086,1367,557,597,871,398,707,559,1162,824,541,671,557,452,478,538,543,702,733,1012,4034,408,487,523,3047,528,2967,498
SMALLTEXT_CONTRASTIVEAL,403,456,344,398,430,415,375,409,430,406,410,408,395,434,344,430,411,441,389,466,474,465,362,410,380,429,415,413,419,408,4034,402,469,416,410,421,395
SMALLTEXT_EMBEDDINGKMEANS,490,434,605,709,468,487,534,392,472,488,493,833,823,570,605,639,502,546,680,773,526,667,451,577,749,428,463,467,485,487,402,4034,514,493,746,470,706
SMALLTEXT_GREEDYCORESET,786,625,546,527,562,537,360,542,552,539,528,635,563,560,546,524,804,529,537,577,529,609,459,451,624,546,548,537,544,523,469,514,4034,507,601,513,526
SMALLTEXT_LEASTCONFIDENCE,570,610,377,474,1547,1024,347,473,1153,1367,1076,511,559,823,377,674,588,960,709,517,676,564,454,477,516,584,811,1020,731,3047,416,493,507,4034,504,3165,472
SMALLTEXT_LIGHTWEIGHTCORESET,564,506,599,705,505,516,441,411,493,507,540,802,780,563,599,588,577,543,664,701,543,645,476,566,738,473,506,503,546,528,410,746,601,504,4034,500,708
SMALLTEXT_PREDICTIONENTROPY,590,617,357,477,1138,944,335,466,1371,1178,1049,508,558,815,357,692,606,924,678,502,682,542,437,466,525,585,1002,841,690,2967,421,470,513,3165,500,4034,479
SMALLTEXT_RANDOM,541,423,565,4028,467,490,414,399,458,477,482,798,787,587,565,604,554,550,684,724,477,658,446,518,755,414,466,474,498,498,395,706,526,472,708,479,4034
