,ALIPY_CORESET_GREEDY,ALIPY_DENSITY_WEIGHTED,ALIPY_GRAPH_DENSITY,ALIPY_RANDOM,ALIPY_UNCERTAINTY_LC,ALIPY_UNCERTAINTY_MM,LIBACT_DWUS,LIBACT_QUIRE,LIBACT_UNCERTAINTY_ENT,LIBACT_UNCERTAINTY_LC,LIBACT_UNCERTAINTY_SM,OPTIMAL_GREEDY_10,OPTIMAL_GREEDY_20,PLAYGROUND_BANDIT,PLAYGROUND_GRAPH_DENSITY,PLAYGROUND_INFORMATIVE_DIVERSE,PLAYGROUND_KCENTER_GREEDY,PLAYGROUND_MARGIN,PLAYGROUND_MIXTURE,PLAYGROUND_UNIFORM,SKACTIVEML_COST_EMBEDDING,SKACTIVEML_DAL,SKACTIVEML_DWUS,SKACTIVEML_QBC,SKACTIVEML_QBC_VOTE_ENTROPY,SKACTIVEML_QUIRE,SKACTIVEML_US_ENTROPY,SKACTIVEML_US_LC,SKACTIVEML_US_MARGIN,SMALLTEXT_BREAKINGTIES,SMALLTEXT_CONTRASTIVEAL,SMALLTEXT_EMBEDDINGKMEANS,SMALLTEXT_GREEDYCORESET,SMALLTEXT_LEASTCONFIDENCE,SMALLTEXT_LIGHTWEIGHTCORESET,SMALLTEXT_PREDICTIONENTROPY,SMALLTEXT_RANDOM
ALIPY_CORESET_GREEDY,1.0,0.20004957858205255,0.10733763014377788,0.1271690629647992,0.1479920674268716,0.13287059990084282,0.06717897868120971,0.16980664352999505,0.1308874566187407,0.1294000991571641,0.12022806147744175,0.14179474467030243,0.13435795736241943,0.14229053049082796,0.10733763014377788,0.15195835399107585,0.9940505701536936,0.13956370847793753,0.14526524541398117,0.13361427863163114,0.14724838869608328,0.1375805651958354,0.10386712940009915,0.10907288051561725,0.14303420922161625,0.16534457114526524,0.13435795736241943,0.13435795736241943,0.124194348041646,0.12270699058006941,0.11130391670798215,0.13981160138820029,0.1886465047099653,0.14005949429846307,0.13485374318294496,0.14328210213187903,0.12741695587506197
ALIPY_DENSITY_WEIGHTED,0.20004957858205255,1.0,0.07957362419434805,0.0954387704511651,0.1405552801189886,0.1294000991571641,0.08750619732275657,0.20104115022310362,0.13039167079821518,0.13212692117005453,0.12469013386217154,0.09271194843827467,0.09816559246405553,0.13510163609320774,0.07957362419434805,0.13956370847793753,0.20426375805651958,0.13336638572136836,0.12444224095190877,0.11080813088745661,0.12369856222112048,0.11923648983639068,0.11626177491323748,0.1028755577590481,0.11725334655428855,0.18170550322260784,0.13733267228557264,0.13956370847793753,0.13063956370847793,0.1331184928111056,0.11303916707982152,0.10832920178482895,0.14526524541398117,0.14229053049082796,0.11601388200297472,0.14476945959345563,0.09444719881011403
ALIPY_GRAPH_DENSITY,0.10733763014377788,0.07957362419434805,1.0,0.15121467526028756,0.09568666336142786,0.10535448686167576,0.1517104610808131,0.06271690629647993,0.09717402082300446,0.0969261279127417,0.10411502231036192,0.16311353495290035,0.15121467526028756,0.11601388200297472,0.9995042141794744,0.13039167079821518,0.10932077342588002,0.11973227565691621,0.14080317302925136,0.17278135845314824,0.10535448686167576,0.14749628160634606,0.15567674764501735,0.1294000991571641,0.15195835399107585,0.08180466038671294,0.09519087754090233,0.09593455627169063,0.10560237977193852,0.10733763014377788,0.08552305404065444,0.17203767972235995,0.12394645513138325,0.0969261279127417,0.15865146256817056,0.0991571641051066,0.15071888943976203
ALIPY_RANDOM,0.1271690629647992,0.0954387704511651,0.15121467526028756,1.0,0.12047595438770452,0.12171541893901834,0.10312345066931086,0.08626673277144274,0.10585027268220129,0.10708973723351513,0.11279127416955875,0.20228061477441744,0.19162121963311848,0.13807635101636093,0.15121467526028756,0.1450173525037184,0.12964799206742686,0.13485374318294496,0.161378284581061,0.18988596926127913,0.11378284581060982,0.161378284581061,0.12518591968269707,0.13063956370847793,0.19484382746653445,0.0946950917203768,0.11948438274665345,0.11774913237481408,0.12221120475954388,0.10882498760535449,0.08676251859196826,0.18591968269707487,0.13212692117005453,0.10684184432325236,0.17848289538919188,0.10461080813088745,0.9977689638076351
ALIPY_UNCERTAINTY_LC,0.1479920674268716,0.1405552801189886,0.09568666336142786,0.12047595438770452,1.0,0.7469013386217154,0.08899355478433317,0.11477441745166088,0.2017848289538919,0.2518591968269707,0.17873078829945463,0.1338621715418939,0.12295488349033218,0.20004957858205255,0.09568666336142786,0.16038671294000992,0.15121467526028756,0.2426871591472484,0.1960832920178483,0.14005949429846307,0.15567674764501735,0.13138324243926625,0.11725334655428855,0.11725334655428855,0.1271690629647992,0.1353495290034705,0.21988101140307387,0.26524541398116014,0.18839861179970252,0.2560733763014378,0.09866137828458106,0.1264253842340109,0.1279127416955875,0.3899355478433317,0.12369856222112048,0.28681209717402084,0.11948438274665345
ALIPY_UNCERTAINTY_MM,0.13287059990084282,0.1294000991571641,0.10535448686167576,0.12171541893901834,0.7469013386217154,1.0,0.09122459097669806,0.10237977193852256,0.17773921665840356,0.1812097174020823,0.2513634110064452,0.13857213683688646,0.12692117005453643,0.22087258304412494,0.10535448686167576,0.16410510659395142,0.13584531482399603,0.29548834903321763,0.2226078334159643,0.14303420922161625,0.15493306891422906,0.1338621715418939,0.11675756073376302,0.11650966782350025,0.12741695587506197,0.1301437778879524,0.18839861179970252,0.1923648983639068,0.25681705503222607,0.3849776896380763,0.09593455627169063,0.12766484878532475,0.12592959841348536,0.2565691621219633,0.1249380267724343,0.24095190877540903,0.12047595438770452
LIBACT_DWUS,0.06717897868120971,0.08750619732275657,0.1517104610808131,0.10312345066931086,0.08899355478433317,0.09122459097669806,1.0,0.0857709469509172,0.07238472979672782,0.07188894397620228,0.07882994546355974,0.07486365889935548,0.07461576598909271,0.09395141298958849,0.1517104610808131,0.0924640555280119,0.06916212196331185,0.0946950917203768,0.0924640555280119,0.10461080813088745,0.11006445215666832,0.08750619732275657,0.11378284581060982,0.10956866633614279,0.11229548834903322,0.08824987605354487,0.0805651958353991,0.08378780366881507,0.08824987605354487,0.0894893406048587,0.08824987605354487,0.12072384729796728,0.09717402082300446,0.08552305404065444,0.10014873574615767,0.08279623202776401,0.10213187902825979
LIBACT_QUIRE,0.16980664352999505,0.20104115022310362,0.06271690629647993,0.08626673277144274,0.11477441745166088,0.10237977193852256,0.0857709469509172,1.0,0.10337134357957363,0.10585027268220129,0.09345562716906297,0.07635101636093208,0.07164105106593951,0.10808130887456618,0.06271690629647993,0.10213187902825979,0.17203767972235995,0.10783341596430342,0.09816559246405553,0.09742191373326722,0.10783341596430342,0.08527516113039167,0.09791769955379276,0.09122459097669806,0.09519087754090233,0.15418939018344074,0.10535448686167576,0.10882498760535449,0.10064452156668319,0.09419930589985126,0.10708973723351513,0.0946950917203768,0.13039167079821518,0.10585027268220129,0.0946950917203768,0.10609816559246406,0.08527516113039167
LIBACT_UNCERTAINTY_ENT,0.1308874566187407,0.13039167079821518,0.09717402082300446,0.10585027268220129,0.2017848289538919,0.17773921665840356,0.07238472979672782,0.10337134357957363,1.0,0.7905304908279623,0.7394645513138324,0.12171541893901834,0.12245909766980664,0.1554288547347546,0.09717402082300446,0.153941497273178,0.13336638572136836,0.15493306891422906,0.14551313832424392,0.12320277640059495,0.15294992563212692,0.1308874566187407,0.11403073872087258,0.10138820029747149,0.12072384729796728,0.13559742191373328,0.24144769459593457,0.19137332672285573,0.16584035696579078,0.2863163113534953,0.09345562716906297,0.11427863163113534,0.12146752602875557,0.31606346058502727,0.11378284581060982,0.37233515121467525,0.10510659395141299
LIBACT_UNCERTAINTY_LC,0.1294000991571641,0.13212692117005453,0.0969261279127417,0.10708973723351513,0.2518591968269707,0.1812097174020823,0.07188894397620228,0.10585027268220129,0.7905304908279623,1.0,0.7553296975706495,0.124194348041646,0.1256817055032226,0.1626177491323748,0.0969261279127417,0.1628656420426376,0.13187902825979178,0.1588993554784333,0.14229053049082796,0.11898859692612791,0.15418939018344074,0.13039167079821518,0.11799702528507684,0.0999008428358949,0.1271690629647992,0.1301437778879524,0.1960832920178483,0.24144769459593457,0.17402082300446206,0.29697570649479427,0.08998512642538424,0.11849281110560238,0.11973227565691621,0.3705999008428359,0.11799702528507684,0.31755081804660384,0.10634605850272683
LIBACT_UNCERTAINTY_SM,0.12022806147744175,0.12469013386217154,0.10411502231036192,0.11279127416955875,0.17873078829945463,0.2513634110064452,0.07882994546355974,0.09345562716906297,0.7394645513138324,0.7553296975706495,1.0,0.12989588497768964,0.1331184928111056,0.161378284581061,0.10411502231036192,0.161378284581061,0.12221120475954388,0.16236985622211206,0.15319781854238967,0.13138324243926625,0.14823996033713435,0.13807635101636093,0.11626177491323748,0.10163609320773426,0.13063956370847793,0.12072384729796728,0.17030242935052056,0.17402082300446206,0.2389687654933069,0.3673772930094199,0.08750619732275657,0.11824491819533961,0.11824491819533961,0.2962320277640059,0.12245909766980664,0.29028259791769956,0.11204759543877045
OPTIMAL_GREEDY_10,0.14179474467030243,0.09271194843827467,0.16311353495290035,0.20228061477441744,0.1338621715418939,0.13857213683688646,0.07486365889935548,0.07635101636093208,0.12171541893901834,0.124194348041646,0.12989588497768964,1.0,0.44620723847297966,0.1427863163113535,0.16311353495290035,0.16732771442736738,0.14328210213187903,0.1427863163113535,0.19286068418443233,0.22806147744174515,0.10956866633614279,0.1901338621715419,0.11204759543877045,0.1457610312345067,0.2211204759543877,0.0984134853743183,0.13237481408031732,0.13262270699058007,0.13708477937530986,0.1346058502726822,0.08453148239960337,0.24020823004462072,0.14005949429846307,0.12741695587506197,0.20153693604362916,0.12221120475954388,0.2017848289538919
OPTIMAL_GREEDY_20,0.13435795736241943,0.09816559246405553,0.15121467526028756,0.19162121963311848,0.12295488349033218,0.12692117005453643,0.07461576598909271,0.07164105106593951,0.12245909766980664,0.1256817055032226,0.1331184928111056,0.44620723847297966,1.0,0.13857213683688646,0.15121467526028756,0.1745166088249876,0.13510163609320774,0.12989588497768964,0.18963807635101637,0.21120475954387705,0.10882498760535449,0.18839861179970252,0.11080813088745661,0.13485374318294496,0.20996529499256322,0.09048091224590976,0.12692117005453643,0.13782845810609817,0.1383242439266237,0.1338621715418939,0.07635101636093208,0.2330193356470005,0.12840852751611304,0.1279127416955875,0.19558750619732276,0.12543381259295985,0.1908775409023302
PLAYGROUND_BANDIT,0.14229053049082796,0.13510163609320774,0.11601388200297472,0.13807635101636093,0.20004957858205255,0.22087258304412494,0.09395141298958849,0.10808130887456618,0.1554288547347546,0.1626177491323748,0.161378284581061,0.1427863163113535,0.13857213683688646,1.0,0.11601388200297472,0.33837382250867626,0.1450173525037184,0.6080813088745662,0.3748140803173029,0.15617253346554288,0.26127912741695586,0.14377788795240456,0.12989588497768964,0.11898859692612791,0.1412989588497769,0.1536936043629152,0.16757560733763013,0.16980664352999505,0.16460089241447695,0.21864154685176004,0.10138820029747149,0.14749628160634606,0.12692117005453643,0.19707486365889937,0.13658899355478432,0.19583539910758552,0.1375805651958354
PLAYGROUND_GRAPH_DENSITY,0.10733763014377788,0.07957362419434805,0.9995042141794744,0.15121467526028756,0.09568666336142786,0.10535448686167576,0.1517104610808131,0.06271690629647993,0.09717402082300446,0.0969261279127417,0.10411502231036192,0.16311353495290035,0.15121467526028756,0.11601388200297472,1.0,0.13039167079821518,0.10932077342588002,0.11973227565691621,0.14080317302925136,0.17278135845314824,0.10535448686167576,0.14749628160634606,0.15567674764501735,0.1294000991571641,0.15195835399107585,0.08180466038671294,0.09519087754090233,0.09593455627169063,0.10560237977193852,0.10733763014377788,0.08552305404065444,0.17203767972235995,0.12394645513138325,0.0969261279127417,0.15865146256817056,0.0991571641051066,0.15071888943976203
PLAYGROUND_INFORMATIVE_DIVERSE,0.15195835399107585,0.13956370847793753,0.13039167079821518,0.1450173525037184,0.16038671294000992,0.16410510659395142,0.0924640555280119,0.10213187902825979,0.153941497273178,0.1628656420426376,0.161378284581061,0.16732771442736738,0.1745166088249876,0.33837382250867626,0.13039167079821518,1.0,0.15493306891422906,0.3336638572136837,0.3284581060981656,0.16212196331184928,0.19484382746653445,0.1554288547347546,0.13634110064452157,0.12295488349033218,0.1650966782350025,0.14526524541398117,0.1574119980168567,0.16212196331184928,0.16013882002974714,0.16460089241447695,0.10114030738720872,0.16212196331184928,0.13435795736241943,0.1611303916707982,0.14105106593951414,0.16162617749132374,0.14452156668319285
PLAYGROUND_KCENTER_GREEDY,0.9940505701536936,0.20426375805651958,0.10932077342588002,0.12964799206742686,0.15121467526028756,0.13584531482399603,0.06916212196331185,0.17203767972235995,0.13336638572136836,0.13187902825979178,0.12221120475954388,0.14328210213187903,0.13510163609320774,0.1450173525037184,0.10932077342588002,0.15493306891422906,1.0,0.14229053049082796,0.1479920674268716,0.13510163609320774,0.15047099652949925,0.13956370847793753,0.1065939514129896,0.11006445215666832,0.14600892414476946,0.16831928606841845,0.13782845810609817,0.13807635101636093,0.12741695587506197,0.12469013386217154,0.11204759543877045,0.14179474467030243,0.19211700545364402,0.14179474467030243,0.13634110064452157,0.1450173525037184,0.12865642042637582
PLAYGROUND_MARGIN,0.13956370847793753,0.13336638572136836,0.11973227565691621,0.13485374318294496,0.2426871591472484,0.29548834903321763,0.0946950917203768,0.10783341596430342,0.15493306891422906,0.1588993554784333,0.16236985622211206,0.1427863163113535,0.12989588497768964,0.6080813088745662,0.11973227565691621,0.3336638572136837,0.14229053049082796,1.0,0.4667823500247893,0.1450173525037184,0.2555775904809122,0.13981160138820029,0.12146752602875557,0.12072384729796728,0.13708477937530986,0.15220624690133863,0.1650966782350025,0.1626177491323748,0.16732771442736738,0.2922657411998017,0.10485870104115022,0.1353495290034705,0.11898859692612791,0.23574615765989093,0.13262270699058007,0.22905304908279622,0.13435795736241943
PLAYGROUND_MIXTURE,0.14526524541398117,0.12444224095190877,0.14080317302925136,0.161378284581061,0.1960832920178483,0.2226078334159643,0.0924640555280119,0.09816559246405553,0.14551313832424392,0.14229053049082796,0.15319781854238967,0.19286068418443233,0.18963807635101637,0.3748140803173029,0.14080317302925136,0.3284581060981656,0.1479920674268716,0.4667823500247893,1.0,0.20401586514625683,0.1812097174020823,0.1628656420426376,0.11080813088745661,0.13039167079821518,0.1760039662865642,0.1360932077342588,0.14328210213187903,0.1450173525037184,0.16013882002974714,0.20823004462072384,0.10039662865642042,0.18096182449181952,0.1308874566187407,0.180466038671294,0.16013882002974714,0.17699553792761527,0.16088249876053545
PLAYGROUND_UNIFORM,0.13361427863163114,0.11080813088745661,0.17278135845314824,0.18988596926127913,0.14005949429846307,0.14303420922161625,0.10461080813088745,0.09742191373326722,0.12320277640059495,0.11898859692612791,0.13138324243926625,0.22806147744174515,0.21120475954387705,0.15617253346554288,0.17278135845314824,0.16212196331184928,0.13510163609320774,0.1450173525037184,0.20401586514625683,1.0,0.1264253842340109,0.17649975210708974,0.12022806147744175,0.1442736737729301,0.20376797223599405,0.10237977193852256,0.12741695587506197,0.12692117005453643,0.13138324243926625,0.1338621715418939,0.10485870104115022,0.2188894397620228,0.14402578086266732,0.13187902825979178,0.17649975210708974,0.131631135349529,0.18914229053049084
SKACTIVEML_COST_EMBEDDING,0.14724838869608328,0.12369856222112048,0.10535448686167576,0.11378284581060982,0.15567674764501735,0.15493306891422906,0.11006445215666832,0.10783341596430342,0.15294992563212692,0.15418939018344074,0.14823996033713435,0.10956866633614279,0.10882498760535449,0.26127912741695586,0.10535448686167576,0.19484382746653445,0.15047099652949925,0.2555775904809122,0.1812097174020823,0.1264253842340109,1.0,0.13039167079821518,0.11551809618244918,0.11452652454139811,0.1212196331184928,0.17253346554288548,0.1574119980168567,0.16088249876053545,0.15146256817055032,0.15195835399107585,0.09271194843827467,0.13411006445215667,0.11799702528507684,0.15270203272186417,0.11849281110560238,0.16311353495290035,0.11279127416955875
SKACTIVEML_DAL,0.1375805651958354,0.11923648983639068,0.14749628160634606,0.161378284581061,0.13138324243926625,0.1338621715418939,0.08750619732275657,0.08527516113039167,0.1308874566187407,0.13039167079821518,0.13807635101636093,0.1901338621715419,0.18839861179970252,0.14377788795240456,0.14749628160634606,0.1554288547347546,0.13956370847793753,0.13981160138820029,0.1628656420426376,0.17649975210708974,0.13039167079821518,1.0,0.13262270699058007,0.1256817055032226,0.16460089241447695,0.11080813088745661,0.1412989588497769,0.13931581556767478,0.1427863163113535,0.13287059990084282,0.0961824491819534,0.17426871591472484,0.14377788795240456,0.13138324243926625,0.17203767972235995,0.13212692117005453,0.16038671294000992
SKACTIVEML_DWUS,0.10386712940009915,0.11626177491323748,0.15567674764501735,0.12518591968269707,0.11725334655428855,0.11675756073376302,0.11378284581060982,0.09791769955379276,0.11403073872087258,0.11799702528507684,0.11626177491323748,0.11204759543877045,0.11080813088745661,0.12989588497768964,0.15567674764501735,0.13634110064452157,0.1065939514129896,0.12146752602875557,0.11080813088745661,0.12022806147744175,0.11551809618244918,0.13262270699058007,1.0,0.11031234506693109,0.12394645513138325,0.11923648983639068,0.11031234506693109,0.11700545364402579,0.11527020327218641,0.11998016856717898,0.0894893406048587,0.12890431333663857,0.11824491819533961,0.11824491819533961,0.12196331184928111,0.11799702528507684,0.1249380267724343
SKACTIVEML_QBC,0.10907288051561725,0.1028755577590481,0.1294000991571641,0.13063956370847793,0.11725334655428855,0.11650966782350025,0.10956866633614279,0.09122459097669806,0.10138820029747149,0.0999008428358949,0.10163609320773426,0.1457610312345067,0.13485374318294496,0.11898859692612791,0.1294000991571641,0.12295488349033218,0.11006445215666832,0.12072384729796728,0.13039167079821518,0.1442736737729301,0.11452652454139811,0.1256817055032226,0.11031234506693109,1.0,0.16038671294000992,0.10932077342588002,0.11353495290034706,0.11874070401586515,0.12097174020823004,0.10585027268220129,0.0946950917203768,0.14303420922161625,0.11006445215666832,0.10461080813088745,0.1308874566187407,0.10609816559246406,0.12989588497768964
SKACTIVEML_QBC_VOTE_ENTROPY,0.14303420922161625,0.11725334655428855,0.15195835399107585,0.19484382746653445,0.1271690629647992,0.12741695587506197,0.11229548834903322,0.09519087754090233,0.12072384729796728,0.1271690629647992,0.13063956370847793,0.2211204759543877,0.20996529499256322,0.1412989588497769,0.15195835399107585,0.1650966782350025,0.14600892414476946,0.13708477937530986,0.1760039662865642,0.20376797223599405,0.1212196331184928,0.16460089241447695,0.12394645513138325,0.16038671294000992,1.0,0.11254338125929599,0.13584531482399603,0.13262270699058007,0.14377788795240456,0.12369856222112048,0.09890927119484383,0.1943480416460089,0.1536936043629152,0.12097174020823004,0.1871591472483887,0.11874070401586515,0.19410014873574616
SKACTIVEML_QUIRE,0.16534457114526524,0.18170550322260784,0.08180466038671294,0.0946950917203768,0.1353495290034705,0.1301437778879524,0.08824987605354487,0.15418939018344074,0.13559742191373328,0.1301437778879524,0.12072384729796728,0.0984134853743183,0.09048091224590976,0.1536936043629152,0.08180466038671294,0.14526524541398117,0.16831928606841845,0.15220624690133863,0.1360932077342588,0.10237977193852256,0.17253346554288548,0.11080813088745661,0.11923648983639068,0.10932077342588002,0.11254338125929599,1.0,0.14005949429846307,0.13634110064452157,0.12840852751611304,0.1212196331184928,0.10188398611799702,0.1036192364898364,0.13559742191373328,0.13113534952900346,0.11179970252850768,0.13708477937530986,0.09370352007932573
SKACTIVEML_US_ENTROPY,0.13435795736241943,0.13733267228557264,0.09519087754090233,0.11948438274665345,0.21988101140307387,0.18839861179970252,0.0805651958353991,0.10535448686167576,0.24144769459593457,0.1960832920178483,0.17030242935052056,0.13237481408031732,0.12692117005453643,0.16757560733763013,0.09519087754090233,0.1574119980168567,0.13782845810609817,0.1650966782350025,0.14328210213187903,0.12741695587506197,0.1574119980168567,0.1412989588497769,0.11031234506693109,0.11353495290034706,0.13584531482399603,0.14005949429846307,1.0,0.7870599900842836,0.7464055528011899,0.17798710956866634,0.08329201784828955,0.12345066931085771,0.12816063460585028,0.2131879028259792,0.12022806147744175,0.2530986613782846,0.11923648983639068
SKACTIVEML_US_LC,0.13435795736241943,0.13956370847793753,0.09593455627169063,0.11774913237481408,0.26524541398116014,0.1923648983639068,0.08378780366881507,0.10882498760535449,0.19137332672285573,0.24144769459593457,0.17402082300446206,0.13262270699058007,0.13782845810609817,0.16980664352999505,0.09593455627169063,0.16212196331184928,0.13807635101636093,0.1626177491323748,0.1450173525037184,0.12692117005453643,0.16088249876053545,0.13931581556767478,0.11700545364402579,0.11874070401586515,0.13262270699058007,0.13634110064452157,0.7870599900842836,1.0,0.7578086266732772,0.18220128904313337,0.08601883986117997,0.12345066931085771,0.1279127416955875,0.2560733763014378,0.12518591968269707,0.20500743678730787,0.11750123946455131
SKACTIVEML_US_MARGIN,0.124194348041646,0.13063956370847793,0.10560237977193852,0.12221120475954388,0.18839861179970252,0.25681705503222607,0.08824987605354487,0.10064452156668319,0.16584035696579078,0.17402082300446206,0.2389687654933069,0.13708477937530986,0.1383242439266237,0.16460089241447695,0.10560237977193852,0.16013882002974714,0.12741695587506197,0.16732771442736738,0.16013882002974714,0.13138324243926625,0.15146256817055032,0.1427863163113535,0.11527020327218641,0.12097174020823004,0.14377788795240456,0.12840852751611304,0.7464055528011899,0.7578086266732772,1.0,0.2464055528011899,0.08403569657907783,0.13187902825979178,0.12617749132374814,0.17922657411998016,0.1271690629647992,0.17674764501735252,0.12196331184928111
SMALLTEXT_BREAKINGTIES,0.12270699058006941,0.1331184928111056,0.10733763014377788,0.10882498760535449,0.2560733763014378,0.3849776896380763,0.0894893406048587,0.09419930589985126,0.2863163113534953,0.29697570649479427,0.3673772930094199,0.1346058502726822,0.1338621715418939,0.21864154685176004,0.10733763014377788,0.16460089241447695,0.12469013386217154,0.2922657411998017,0.20823004462072384,0.1338621715418939,0.15195835399107585,0.13287059990084282,0.11998016856717898,0.10585027268220129,0.12369856222112048,0.1212196331184928,0.17798710956866634,0.18220128904313337,0.2464055528011899,1.0,0.0880019831432821,0.12221120475954388,0.12146752602875557,0.7486365889935548,0.1256817055032226,0.7317798710956867,0.10808130887456618
SMALLTEXT_CONTRASTIVEAL,0.11130391670798215,0.11303916707982152,0.08552305404065444,0.08676251859196826,0.09866137828458106,0.09593455627169063,0.08824987605354487,0.10708973723351513,0.09345562716906297,0.08998512642538424,0.08750619732275657,0.08453148239960337,0.07635101636093208,0.10138820029747149,0.08552305404065444,0.10114030738720872,0.11204759543877045,0.10485870104115022,0.10039662865642042,0.10485870104115022,0.09271194843827467,0.0961824491819534,0.0894893406048587,0.0946950917203768,0.09890927119484383,0.10188398611799702,0.08329201784828955,0.08601883986117997,0.08403569657907783,0.0880019831432821,1.0,0.0872583044124938,0.12890431333663857,0.090233019335647,0.1028755577590481,0.09122459097669806,0.08651462568170551
SMALLTEXT_EMBEDDINGKMEANS,0.13981160138820029,0.10832920178482895,0.17203767972235995,0.18591968269707487,0.1264253842340109,0.12766484878532475,0.12072384729796728,0.0946950917203768,0.11427863163113534,0.11849281110560238,0.11824491819533961,0.24020823004462072,0.2330193356470005,0.14749628160634606,0.17203767972235995,0.16212196331184928,0.14179474467030243,0.1353495290034705,0.18096182449181952,0.2188894397620228,0.13411006445215667,0.17426871591472484,0.12890431333663857,0.14303420922161625,0.1943480416460089,0.1036192364898364,0.12345066931085771,0.12345066931085771,0.13187902825979178,0.12221120475954388,0.0872583044124938,1.0,0.13336638572136836,0.11774913237481408,0.19533961328705998,0.11923648983639068,0.1849281110560238
SMALLTEXT_GREEDYCORESET,0.1886465047099653,0.14526524541398117,0.12394645513138325,0.13212692117005453,0.1279127416955875,0.12592959841348536,0.09717402082300446,0.13039167079821518,0.12146752602875557,0.11973227565691621,0.11824491819533961,0.14005949429846307,0.12840852751611304,0.12692117005453643,0.12394645513138325,0.13435795736241943,0.19211700545364402,0.11898859692612791,0.1308874566187407,0.14402578086266732,0.11799702528507684,0.14377788795240456,0.11824491819533961,0.11006445215666832,0.1536936043629152,0.13559742191373328,0.12816063460585028,0.1279127416955875,0.12617749132374814,0.12146752602875557,0.12890431333663857,0.13336638572136836,1.0,0.11874070401586515,0.1405552801189886,0.12543381259295985,0.13113534952900346
SMALLTEXT_LEASTCONFIDENCE,0.14005949429846307,0.14229053049082796,0.0969261279127417,0.10684184432325236,0.3899355478433317,0.2565691621219633,0.08552305404065444,0.10585027268220129,0.31606346058502727,0.3705999008428359,0.2962320277640059,0.12741695587506197,0.1279127416955875,0.19707486365889937,0.0969261279127417,0.1611303916707982,0.14179474467030243,0.23574615765989093,0.180466038671294,0.13187902825979178,0.15270203272186417,0.13138324243926625,0.11824491819533961,0.10461080813088745,0.12097174020823004,0.13113534952900346,0.2131879028259792,0.2560733763014378,0.17922657411998016,0.7486365889935548,0.090233019335647,0.11774913237481408,0.11874070401586515,1.0,0.12221120475954388,0.7850768468021815,0.10758552305404065
SMALLTEXT_LIGHTWEIGHTCORESET,0.13485374318294496,0.11601388200297472,0.15865146256817056,0.17848289538919188,0.12369856222112048,0.1249380267724343,0.10014873574615767,0.0946950917203768,0.11378284581060982,0.11799702528507684,0.12245909766980664,0.20153693604362916,0.19558750619732276,0.13658899355478432,0.15865146256817056,0.14105106593951414,0.13634110064452157,0.13262270699058007,0.16013882002974714,0.17649975210708974,0.11849281110560238,0.17203767972235995,0.12196331184928111,0.1308874566187407,0.1871591472483887,0.11179970252850768,0.12022806147744175,0.12518591968269707,0.1271690629647992,0.1256817055032226,0.1028755577590481,0.19533961328705998,0.1405552801189886,0.12221120475954388,1.0,0.1271690629647992,0.17922657411998016
SMALLTEXT_PREDICTIONENTROPY,0.14328210213187903,0.14476945959345563,0.0991571641051066,0.10461080813088745,0.28681209717402084,0.24095190877540903,0.08279623202776401,0.10609816559246406,0.37233515121467525,0.31755081804660384,0.29028259791769956,0.12221120475954388,0.12543381259295985,0.19583539910758552,0.0991571641051066,0.16162617749132374,0.1450173525037184,0.22905304908279622,0.17699553792761527,0.131631135349529,0.16311353495290035,0.13212692117005453,0.11799702528507684,0.10609816559246406,0.11874070401586515,0.13708477937530986,0.2530986613782846,0.20500743678730787,0.17674764501735252,0.7317798710956867,0.09122459097669806,0.11923648983639068,0.12543381259295985,0.7850768468021815,0.1271690629647992,1.0,0.10535448686167576
SMALLTEXT_RANDOM,0.12741695587506197,0.09444719881011403,0.15071888943976203,0.9977689638076351,0.11948438274665345,0.12047595438770452,0.10213187902825979,0.08527516113039167,0.10510659395141299,0.10634605850272683,0.11204759543877045,0.2017848289538919,0.1908775409023302,0.1375805651958354,0.15071888943976203,0.14452156668319285,0.12865642042637582,0.13435795736241943,0.16088249876053545,0.18914229053049084,0.11279127416955875,0.16038671294000992,0.1249380267724343,0.12989588497768964,0.19410014873574616,0.09370352007932573,0.11923648983639068,0.11750123946455131,0.12196331184928111,0.10808130887456618,0.08651462568170551,0.1849281110560238,0.13113534952900346,0.10758552305404065,0.17922657411998016,0.10535448686167576,1.0
