,ALIPY_CORESET_GREEDY,ALIPY_DENSITY_WEIGHTED,ALIPY_GRAPH_DENSITY,ALIPY_RANDOM,ALIPY_UNCERTAINTY_LC,ALIPY_UNCERTAINTY_MM,LIBACT_DWUS,LIBACT_QUIRE,LIBACT_UNCERTAINTY_ENT,LIBACT_UNCERTAINTY_LC,LIBACT_UNCERTAINTY_SM,OPTIMAL_GREEDY_10,OPTIMAL_GREEDY_20,PLAYGROUND_BANDIT,PLAYGROUND_GRAPH_DENSITY,PLAYGROUND_INFORMATIVE_DIVERSE,PLAYGROUND_KCENTER_GREEDY,PLAYGROUND_MARGIN,PLAYGROUND_MIXTURE,PLAYGROUND_UNIFORM,SKACTIVEML_COST_EMBEDDING,SKACTIVEML_DAL,SKACTIVEML_DWUS,SKACTIVEML_QBC,SKACTIVEML_QBC_VOTE_ENTROPY,SKACTIVEML_QUIRE,SKACTIVEML_US_ENTROPY,SKACTIVEML_US_LC,SKACTIVEML_US_MARGIN,SMALLTEXT_BREAKINGTIES,SMALLTEXT_CONTRASTIVEAL,SMALLTEXT_EMBEDDINGKMEANS,SMALLTEXT_GREEDYCORESET,SMALLTEXT_LEASTCONFIDENCE,SMALLTEXT_LIGHTWEIGHTCORESET,SMALLTEXT_PREDICTIONENTROPY,SMALLTEXT_RANDOM
ALIPY_CORESET_GREEDY,1.0,0.13485374318294496,0.14080317302925136,0.1479920674268716,0.11303916707982152,0.11378284581060982,0.04610808130887457,0.0961824491819534,0.08601883986117997,0.10039662865642042,0.09890927119484383,0.214427367377293,0.20971740208230044,0.15493306891422906,0.14352999504214178,0.153941497273178,0.6755081804660387,0.13039167079821518,0.16385721368368864,0.16311353495290035,0.14080317302925136,0.15865146256817056,0.08651462568170551,0.08601883986117997,0.16212196331184928,0.10808130887456618,0.10039662865642042,0.11303916707982152,0.09866137828458106,0.10436291522062469,0.0842835894893406,0.11452652454139811,0.21467526028755576,0.10089241447694595,0.1427863163113535,0.10262766484878533,0.15270203272186417
ALIPY_DENSITY_WEIGHTED,0.13485374318294496,1.0,0.10039662865642042,0.11155180961824492,0.14972731779871096,0.14179474467030243,0.0436291522062469,0.09519087754090233,0.13287059990084282,0.1383242439266237,0.13658899355478432,0.12047595438770452,0.12097174020823004,0.1412989588497769,0.10188398611799702,0.14551313832424392,0.13485374318294496,0.1457610312345067,0.13807635101636093,0.11204759543877045,0.15518096182449181,0.1212196331184928,0.11080813088745661,0.06817055032226078,0.11626177491323748,0.1256817055032226,0.1383242439266237,0.13931581556767478,0.13733267228557264,0.12816063460585028,0.07461576598909271,0.08403569657907783,0.11923648983639068,0.1405552801189886,0.12692117005453643,0.13485374318294496,0.1036192364898364
ALIPY_GRAPH_DENSITY,0.14080317302925136,0.10039662865642042,1.0,0.17550818046603867,0.0961824491819534,0.10535448686167576,0.06593951412989589,0.05577590480912246,0.08601883986117997,0.08626673277144274,0.09568666336142786,0.1554288547347546,0.1554288547347546,0.12221120475954388,0.6955875061973228,0.12047595438770452,0.14303420922161625,0.10510659395141299,0.1420426375805652,0.20004957858205255,0.1256817055032226,0.16559246405552802,0.09816559246405553,0.09345562716906297,0.21194843827466534,0.0813088745661874,0.08973723351512147,0.09519087754090233,0.0917203767972236,0.09643034209221617,0.06321269211700545,0.11477441745166088,0.15146256817055032,0.0880019831432821,0.17402082300446206,0.08899355478433317,0.17575607337630145
ALIPY_RANDOM,0.1479920674268716,0.11155180961824492,0.17550818046603867,1.0,0.11477441745166088,0.11799702528507684,0.059494298463063956,0.08601883986117997,0.11105602379771938,0.10708973723351513,0.10981655924640556,0.20823004462072384,0.19633118492811105,0.14774417451660882,0.17848289538919188,0.1665840356965791,0.15294992563212692,0.1294000991571641,0.17030242935052056,0.2654933068914229,0.146504709965295,0.22136836886465047,0.11155180961824492,0.11725334655428855,0.26425384234010907,0.1065939514129896,0.10808130887456618,0.11229548834903322,0.11477441745166088,0.11452652454139811,0.07040158651462568,0.17649975210708974,0.16955875061973227,0.11155180961824492,0.24566187407040158,0.11204759543877045,0.6755081804660387
ALIPY_UNCERTAINTY_LC,0.11303916707982152,0.14972731779871096,0.0961824491819534,0.11477441745166088,1.0,0.5907288051561725,0.0384234010907288,0.048834903321764996,0.221864154685176,0.2565691621219633,0.23202776400594943,0.17302925136341102,0.17327714427367377,0.25111551809618243,0.10485870104115022,0.23723351512146754,0.10956866633614279,0.2672285572632623,0.2513634110064452,0.12915220624690135,0.20823004462072384,0.1264253842340109,0.1028755577590481,0.06792265741199802,0.11303916707982152,0.11750123946455131,0.2513634110064452,0.2821021318790283,0.2506197322756569,0.2741695587506197,0.05528011898859692,0.0813088745661874,0.10411502231036192,0.35399107585523054,0.11056023797719385,0.3001983143282102,0.11998016856717898
ALIPY_UNCERTAINTY_MM,0.11378284581060982,0.14179474467030243,0.10535448686167576,0.11799702528507684,0.5907288051561725,1.0,0.042637580565195836,0.04858701041150223,0.2094695091720377,0.23029251363411007,0.26474962816063463,0.19211700545364402,0.18765493306891423,0.26375805651958356,0.1036192364898364,0.25012394645513136,0.11105602379771938,0.3026772434308379,0.27268220128904314,0.1360932077342588,0.20128904313336637,0.1353495290034705,0.0954387704511651,0.06693108577094695,0.12171541893901834,0.10981655924640556,0.23252354982647497,0.2461576598909271,0.2734258800198314,0.3490332176499752,0.06073376301437779,0.0857709469509172,0.10312345066931086,0.2721864154685176,0.11923648983639068,0.2595438770451165,0.12221120475954388
LIBACT_DWUS,0.04610808130887457,0.0436291522062469,0.06593951412989589,0.059494298463063956,0.0384234010907288,0.042637580565195836,1.0,0.06693108577094695,0.03817550818046604,0.032969757064947945,0.03966286564204264,0.036936043629152204,0.03619236489836391,0.04189390183440753,0.06593951412989589,0.035448686167575606,0.0451165096678235,0.04015865146256817,0.035696579077838374,0.06246901338621715,0.0384234010907288,0.052553296975706494,0.07436787307882994,0.05899851264253842,0.06693108577094695,0.05850272682201289,0.03520079325731284,0.034209221616261776,0.04115022310361924,0.0384234010907288,0.08180466038671294,0.08899355478433317,0.05751115518096182,0.03222607833415964,0.05453644025780863,0.03668815071888944,0.05453644025780863
LIBACT_QUIRE,0.0961824491819534,0.09519087754090233,0.05577590480912246,0.08601883986117997,0.048834903321764996,0.04858701041150223,0.06693108577094695,1.0,0.04015865146256817,0.0443728309370352,0.042637580565195836,0.06122954883490332,0.06271690629647993,0.05751115518096182,0.05701536936043629,0.0532969757064948,0.0946950917203768,0.05304908279623203,0.06172533465542886,0.08329201784828955,0.07188894397620228,0.08750619732275657,0.05627169062964799,0.08601883986117997,0.09221616261774913,0.10510659395141299,0.0428854734754586,0.045364402578086264,0.03991075855230541,0.041398116013882005,0.09419930589985126,0.07511155180961825,0.09395141298958849,0.0428854734754586,0.09444719881011403,0.0406544372830937,0.08775409023301933
LIBACT_UNCERTAINTY_ENT,0.08601883986117997,0.13287059990084282,0.08601883986117997,0.11105602379771938,0.221864154685176,0.2094695091720377,0.03817550818046604,0.04015865146256817,1.0,0.6016360932077343,0.5661874070401587,0.15294992563212692,0.15840356965790778,0.18170550322260784,0.09122459097669806,0.20971740208230044,0.08899355478433317,0.1864154685176004,0.1856717897868121,0.12964799206742686,0.17426871591472484,0.11923648983639068,0.08527516113039167,0.0518096182449182,0.10609816559246406,0.09866137828458106,0.2424392662369856,0.2166584035696579,0.19360436291522062,0.26078334159643035,0.06519583539910759,0.07164105106593951,0.09221616261774913,0.2808626673277144,0.11328705999008429,0.30639563708477935,0.10237977193852256
LIBACT_UNCERTAINTY_LC,0.10039662865642042,0.1383242439266237,0.08626673277144274,0.10708973723351513,0.2565691621219633,0.23029251363411007,0.032969757064947945,0.0443728309370352,0.6016360932077343,1.0,0.5894893406048587,0.1685671789786812,0.1707982151710461,0.2092216162617749,0.0887456618740704,0.22310361923648983,0.09643034209221617,0.2072384729796728,0.20475954387704512,0.12469013386217154,0.18963807635101637,0.11254338125929599,0.09072880515617253,0.05528011898859692,0.11378284581060982,0.0961824491819534,0.23723351512146754,0.25855230540406543,0.21789786812097173,0.2773921665840357,0.048834903321764996,0.07610312345066932,0.09295984134853744,0.31234506693108577,0.11155180961824492,0.28805156172533464,0.11179970252850768
LIBACT_UNCERTAINTY_SM,0.09890927119484383,0.13658899355478432,0.09568666336142786,0.10981655924640556,0.23202776400594943,0.26474962816063463,0.03966286564204264,0.042637580565195836,0.5661874070401587,0.5894893406048587,1.0,0.17773921665840356,0.18021814576103123,0.21541893901834408,0.09494298463063956,0.2352503718393654,0.10138820029747149,0.22062469013386218,0.22062469013386218,0.1271690629647992,0.1968269707486366,0.12245909766980664,0.09295984134853744,0.06643529995042141,0.12518591968269707,0.0946950917203768,0.20228061477441744,0.22012890431333665,0.2506197322756569,0.31928606841844326,0.04833911750123947,0.07560733763014378,0.09593455627169063,0.28358948934060485,0.12097174020823004,0.2667327714427367,0.10956866633614279
OPTIMAL_GREEDY_10,0.214427367377293,0.12047595438770452,0.1554288547347546,0.20823004462072384,0.17302925136341102,0.19211700545364402,0.036936043629152204,0.06122954883490332,0.15294992563212692,0.1685671789786812,0.17773921665840356,1.0,0.6105602379771938,0.278135845314824,0.16410510659395142,0.29077838373822507,0.20872583044124937,0.25384234010907286,0.3289538919186911,0.22905304908279622,0.21839365394149726,0.19707486365889937,0.08676251859196826,0.11105602379771938,0.22459097669806644,0.1360932077342588,0.1752602875557759,0.1886465047099653,0.18517600396628656,0.1983143282102132,0.058750619732275654,0.15319781854238967,0.1368368864650471,0.18244918195339613,0.21120475954387705,0.1665840356965791,0.2107089737233515
OPTIMAL_GREEDY_20,0.20971740208230044,0.12097174020823004,0.1554288547347546,0.19633118492811105,0.17327714427367377,0.18765493306891423,0.03619236489836391,0.06271690629647993,0.15840356965790778,0.1707982151710461,0.18021814576103123,0.6105602379771938,1.0,0.27640059494298463,0.15840356965790778,0.2925136341100645,0.20277640059494298,0.26152702032721864,0.33465542885473476,0.229300941993059,0.21194843827466534,0.2020327218641547,0.06891422905304909,0.10560237977193852,0.21740208230044622,0.13857213683688646,0.1774913237481408,0.19410014873574616,0.19162121963311848,0.1906296479920674,0.06172533465542886,0.1457610312345067,0.13063956370847793,0.1826970748636589,0.20475954387704512,0.1700545364402578,0.20475954387704512
PLAYGROUND_BANDIT,0.15493306891422906,0.1412989588497769,0.12221120475954388,0.14774417451660882,0.25111551809618243,0.26375805651958356,0.04189390183440753,0.05751115518096182,0.18170550322260784,0.2092216162617749,0.21541893901834408,0.278135845314824,0.27640059494298463,1.0,0.12692117005453643,0.44348041646008923,0.15468517600396628,0.5352007932573128,0.4744670302429351,0.17575607337630145,0.30168567178978684,0.16881507188894398,0.08453148239960337,0.09643034209221617,0.15815567674764502,0.15096678235002478,0.2072384729796728,0.2166584035696579,0.21938522558254833,0.24169558750619732,0.059742191373326724,0.08849776896380764,0.12022806147744175,0.23772930094199307,0.1499752107089737,0.21988101140307387,0.1554288547347546
PLAYGROUND_GRAPH_DENSITY,0.14352999504214178,0.10188398611799702,0.6955875061973228,0.17848289538919188,0.10485870104115022,0.1036192364898364,0.06593951412989589,0.05701536936043629,0.09122459097669806,0.0887456618740704,0.09494298463063956,0.16410510659395142,0.15840356965790778,0.12692117005453643,1.0,0.12989588497768964,0.14625681705503224,0.1065939514129896,0.1442736737729301,0.20252850768468023,0.13187902825979178,0.17278135845314824,0.09965294992563213,0.0954387704511651,0.20376797223599405,0.08155676747645017,0.08899355478433317,0.0894893406048587,0.090233019335647,0.0961824491819534,0.06122954883490332,0.11824491819533961,0.15344571145265246,0.09444719881011403,0.1745166088249876,0.0946950917203768,0.1864154685176004
PLAYGROUND_INFORMATIVE_DIVERSE,0.153941497273178,0.14551313832424392,0.12047595438770452,0.1665840356965791,0.23723351512146754,0.25012394645513136,0.035448686167575606,0.0532969757064948,0.20971740208230044,0.22310361923648983,0.2352503718393654,0.29077838373822507,0.2925136341100645,0.44348041646008923,0.12989588497768964,1.0,0.15592464055528013,0.4422409519087754,0.4370352007932573,0.17278135845314824,0.27268220128904314,0.16559246405552802,0.08304412493802678,0.09965294992563213,0.1685671789786812,0.1574119980168567,0.21591472483886961,0.23326722855726326,0.23177987109568665,0.22211204759543876,0.06420426375805652,0.0991571641051066,0.11923648983639068,0.22954883490332176,0.16435299950421417,0.21368368864650472,0.1700545364402578
PLAYGROUND_KCENTER_GREEDY,0.6755081804660387,0.13485374318294496,0.14303420922161625,0.15294992563212692,0.10956866633614279,0.11105602379771938,0.0451165096678235,0.0946950917203768,0.08899355478433317,0.09643034209221617,0.10138820029747149,0.20872583044124937,0.20277640059494298,0.15468517600396628,0.14625681705503224,0.15592464055528013,1.0,0.12617749132374814,0.1715418939018344,0.16311353495290035,0.14328210213187903,0.16038671294000992,0.0880019831432821,0.08552305404065444,0.15071888943976203,0.11229548834903322,0.10262766484878533,0.10783341596430342,0.09742191373326722,0.10163609320773426,0.08552305404065444,0.11898859692612791,0.21938522558254833,0.10337134357957363,0.13981160138820029,0.10163609320773426,0.14898363906792267
PLAYGROUND_MARGIN,0.13039167079821518,0.1457610312345067,0.10510659395141299,0.1294000991571641,0.2672285572632623,0.3026772434308379,0.04015865146256817,0.05304908279623203,0.1864154685176004,0.2072384729796728,0.22062469013386218,0.25384234010907286,0.26152702032721864,0.5352007932573128,0.1065939514129896,0.4422409519087754,0.12617749132374814,1.0,0.5225582548339117,0.15195835399107585,0.2927615270203272,0.13931581556767478,0.0872583044124938,0.08924144769459594,0.14476945959345563,0.161378284581061,0.20252850768468023,0.2285572632622707,0.21591472483886961,0.28730788299454635,0.05775904809122459,0.0857709469509172,0.10907288051561725,0.2543381259295984,0.13510163609320774,0.24169558750619732,0.1375805651958354
PLAYGROUND_MIXTURE,0.16385721368368864,0.13807635101636093,0.1420426375805652,0.17030242935052056,0.2513634110064452,0.27268220128904314,0.035696579077838374,0.06172533465542886,0.1856717897868121,0.20475954387704512,0.22062469013386218,0.3289538919186911,0.33465542885473476,0.4744670302429351,0.1442736737729301,0.4370352007932573,0.1715418939018344,0.5225582548339117,1.0,0.2107089737233515,0.26871591472483886,0.16435299950421417,0.0842835894893406,0.09345562716906297,0.19137332672285573,0.15146256817055032,0.20475954387704512,0.21690629647992068,0.2255825483391175,0.2583044124938027,0.05899851264253842,0.11626177491323748,0.1256817055032226,0.23475458601883986,0.1819533961328706,0.21864154685176004,0.17848289538919188
PLAYGROUND_UNIFORM,0.16311353495290035,0.11204759543877045,0.20004957858205255,0.2654933068914229,0.12915220624690135,0.1360932077342588,0.06246901338621715,0.08329201784828955,0.12964799206742686,0.12469013386217154,0.1271690629647992,0.22905304908279622,0.229300941993059,0.17575607337630145,0.20252850768468023,0.17278135845314824,0.16311353495290035,0.15195835399107585,0.2107089737233515,1.0,0.16608824987605356,0.22682201289043133,0.10758552305404065,0.1331184928111056,0.29176995537927614,0.12741695587506197,0.12369856222112048,0.12741695587506197,0.12964799206742686,0.12766484878532475,0.08849776896380764,0.16881507188894398,0.17798710956866634,0.12245909766980664,0.259048091224591,0.12097174020823004,0.2714427367377293
SKACTIVEML_COST_EMBEDDING,0.14080317302925136,0.15518096182449181,0.1256817055032226,0.146504709965295,0.20823004462072384,0.20128904313336637,0.0384234010907288,0.07188894397620228,0.17426871591472484,0.18963807635101637,0.1968269707486366,0.21839365394149726,0.21194843827466534,0.30168567178978684,0.13187902825979178,0.27268220128904314,0.14328210213187903,0.2927615270203272,0.26871591472483886,0.16608824987605356,1.0,0.15493306891422906,0.10609816559246406,0.09717402082300446,0.15815567674764502,0.16757560733763013,0.1968269707486366,0.19261279127416955,0.19137332672285573,0.18988596926127913,0.06742687159147248,0.10064452156668319,0.12816063460585028,0.1886465047099653,0.15840356965790778,0.1923648983639068,0.14923153197818542
SKACTIVEML_DAL,0.15865146256817056,0.1212196331184928,0.16559246405552802,0.22136836886465047,0.1264253842340109,0.1353495290034705,0.052553296975706494,0.08750619732275657,0.11923648983639068,0.11254338125929599,0.12245909766980664,0.19707486365889937,0.2020327218641547,0.16881507188894398,0.17278135845314824,0.16559246405552802,0.16038671294000992,0.13931581556767478,0.16435299950421417,0.22682201289043133,0.15493306891422906,1.0,0.09940505701536936,0.11551809618244918,0.23772930094199307,0.11998016856717898,0.12469013386217154,0.12022806147744175,0.12840852751611304,0.12469013386217154,0.0932077342588002,0.1450173525037184,0.16782350024789291,0.11824491819533961,0.22062469013386218,0.11923648983639068,0.21541893901834408
SKACTIVEML_DWUS,0.08651462568170551,0.11080813088745661,0.09816559246405553,0.11155180961824492,0.1028755577590481,0.0954387704511651,0.07436787307882994,0.05627169062964799,0.08527516113039167,0.09072880515617253,0.09295984134853744,0.08676251859196826,0.06891422905304909,0.08453148239960337,0.09965294992563213,0.08304412493802678,0.0880019831432821,0.0872583044124938,0.0842835894893406,0.10758552305404065,0.10609816559246406,0.09940505701536936,1.0,0.08676251859196826,0.10510659395141299,0.08180466038671294,0.08973723351512147,0.09742191373326722,0.08601883986117997,0.08973723351512147,0.06073376301437779,0.08205255329697571,0.09196826970748637,0.08775409023301933,0.11452652454139811,0.08230044620723848,0.10064452156668319
SKACTIVEML_QBC,0.08601883986117997,0.06817055032226078,0.09345562716906297,0.11725334655428855,0.06792265741199802,0.06693108577094695,0.05899851264253842,0.08601883986117997,0.0518096182449182,0.05528011898859692,0.06643529995042141,0.11105602379771938,0.10560237977193852,0.09643034209221617,0.0954387704511651,0.09965294992563213,0.08552305404065444,0.08924144769459594,0.09345562716906297,0.1331184928111056,0.09717402082300446,0.11551809618244918,0.08676251859196826,1.0,0.131631135349529,0.09791769955379276,0.05924640555280119,0.06321269211700545,0.06941001487357462,0.07238472979672782,0.0917203767972236,0.10386712940009915,0.0932077342588002,0.06420426375805652,0.12518591968269707,0.062221120475954385,0.12097174020823004
SKACTIVEML_QBC_VOTE_ENTROPY,0.16212196331184928,0.11626177491323748,0.21194843827466534,0.26425384234010907,0.11303916707982152,0.12171541893901834,0.06693108577094695,0.09221616261774913,0.10609816559246406,0.11378284581060982,0.12518591968269707,0.22459097669806644,0.21740208230044622,0.15815567674764502,0.20376797223599405,0.1685671789786812,0.15071888943976203,0.14476945959345563,0.19137332672285573,0.29176995537927614,0.15815567674764502,0.23772930094199307,0.10510659395141299,0.131631135349529,1.0,0.11452652454139811,0.11452652454139811,0.12171541893901834,0.12345066931085771,0.11626177491323748,0.08378780366881507,0.18170550322260784,0.1737729300941993,0.11056023797719385,0.2602875557759048,0.11427863163113534,0.26797223599405057
SKACTIVEML_QUIRE,0.10808130887456618,0.1256817055032226,0.0813088745661874,0.1065939514129896,0.11750123946455131,0.10981655924640556,0.05850272682201289,0.10510659395141299,0.09866137828458106,0.0961824491819534,0.0946950917203768,0.1360932077342588,0.13857213683688646,0.15096678235002478,0.08155676747645017,0.1574119980168567,0.11229548834903322,0.161378284581061,0.15146256817055032,0.12741695587506197,0.16757560733763013,0.11998016856717898,0.08180466038671294,0.09791769955379276,0.11452652454139811,1.0,0.10312345066931086,0.10609816559246406,0.10535448686167576,0.10907288051561725,0.0932077342588002,0.07957362419434805,0.11105602379771938,0.10262766484878533,0.12320277640059495,0.11155180961824492,0.11130391670798215
SKACTIVEML_US_ENTROPY,0.10039662865642042,0.1383242439266237,0.08973723351512147,0.10808130887456618,0.2513634110064452,0.23252354982647497,0.03520079325731284,0.0428854734754586,0.2424392662369856,0.23723351512146754,0.20228061477441744,0.1752602875557759,0.1774913237481408,0.2072384729796728,0.08899355478433317,0.21591472483886961,0.10262766484878533,0.20252850768468023,0.20475954387704512,0.12369856222112048,0.1968269707486366,0.12469013386217154,0.08973723351512147,0.05924640555280119,0.11452652454139811,0.10312345066931086,1.0,0.6038671294000991,0.5842835894893406,0.21492315319781854,0.05528011898859692,0.06767476450173525,0.09395141298958849,0.23277144273673772,0.11824491819533961,0.263262270699058,0.11378284581060982
SKACTIVEML_US_LC,0.11303916707982152,0.13931581556767478,0.09519087754090233,0.11229548834903322,0.2821021318790283,0.2461576598909271,0.034209221616261776,0.045364402578086264,0.2166584035696579,0.25855230540406543,0.22012890431333665,0.1886465047099653,0.19410014873574616,0.2166584035696579,0.0894893406048587,0.23326722855726326,0.10783341596430342,0.2285572632622707,0.21690629647992068,0.12741695587506197,0.19261279127416955,0.12022806147744175,0.09742191373326722,0.06321269211700545,0.12171541893901834,0.10609816559246406,0.6038671294000991,1.0,0.5865146256817055,0.23549826474962815,0.05404065443728309,0.07114526524541398,0.09370352007932573,0.2672285572632623,0.12072384729796728,0.24566187407040158,0.11229548834903322
SKACTIVEML_US_MARGIN,0.09866137828458106,0.13733267228557264,0.0917203767972236,0.11477441745166088,0.2506197322756569,0.2734258800198314,0.04115022310361924,0.03991075855230541,0.19360436291522062,0.21789786812097173,0.2506197322756569,0.18517600396628656,0.19162121963311848,0.21938522558254833,0.090233019335647,0.23177987109568665,0.09742191373326722,0.21591472483886961,0.2255825483391175,0.12964799206742686,0.19137332672285573,0.12840852751611304,0.08601883986117997,0.06941001487357462,0.12345066931085771,0.10535448686167576,0.5842835894893406,0.5865146256817055,1.0,0.25756073376301436,0.04933068914229053,0.07362419434804164,0.0932077342588002,0.2233515121467526,0.12196331184928111,0.21690629647992068,0.11452652454139811
SMALLTEXT_BREAKINGTIES,0.10436291522062469,0.12816063460585028,0.09643034209221617,0.11452652454139811,0.2741695587506197,0.3490332176499752,0.0384234010907288,0.041398116013882005,0.26078334159643035,0.2773921665840357,0.31928606841844326,0.1983143282102132,0.1906296479920674,0.24169558750619732,0.0961824491819534,0.22211204759543876,0.10163609320773426,0.28730788299454635,0.2583044124938027,0.12766484878532475,0.18988596926127913,0.12469013386217154,0.08973723351512147,0.07238472979672782,0.11626177491323748,0.10907288051561725,0.21492315319781854,0.23549826474962815,0.25756073376301436,1.0,0.04933068914229053,0.07734258800198314,0.0872583044124938,0.5832920178482895,0.12345066931085771,0.563708477937531,0.11998016856717898
SMALLTEXT_CONTRASTIVEAL,0.0842835894893406,0.07461576598909271,0.06321269211700545,0.07040158651462568,0.05528011898859692,0.06073376301437779,0.08180466038671294,0.09419930589985126,0.06519583539910759,0.048834903321764996,0.04833911750123947,0.058750619732275654,0.06172533465542886,0.059742191373326724,0.06122954883490332,0.06420426375805652,0.08552305404065444,0.05775904809122459,0.05899851264253842,0.08849776896380764,0.06742687159147248,0.0932077342588002,0.06073376301437779,0.0917203767972236,0.08378780366881507,0.0932077342588002,0.05528011898859692,0.05404065443728309,0.04933068914229053,0.04933068914229053,1.0,0.08527516113039167,0.09345562716906297,0.056023797719385225,0.08230044620723848,0.05751115518096182,0.07312840852751612
SMALLTEXT_EMBEDDINGKMEANS,0.11452652454139811,0.08403569657907783,0.11477441745166088,0.17649975210708974,0.0813088745661874,0.0857709469509172,0.08899355478433317,0.07511155180961825,0.07164105106593951,0.07610312345066932,0.07560733763014378,0.15319781854238967,0.1457610312345067,0.08849776896380764,0.11824491819533961,0.0991571641051066,0.11898859692612791,0.0857709469509172,0.11626177491323748,0.16881507188894398,0.10064452156668319,0.1450173525037184,0.08205255329697571,0.10386712940009915,0.18170550322260784,0.07957362419434805,0.06767476450173525,0.07114526524541398,0.07362419434804164,0.07734258800198314,0.08527516113039167,1.0,0.12667327714427368,0.07486365889935548,0.18443232523549827,0.07411998016856718,0.16881507188894398
SMALLTEXT_GREEDYCORESET,0.21467526028755576,0.11923648983639068,0.15146256817055032,0.16955875061973227,0.10411502231036192,0.10312345066931086,0.05751115518096182,0.09395141298958849,0.09221616261774913,0.09295984134853744,0.09593455627169063,0.1368368864650471,0.13063956370847793,0.12022806147744175,0.15344571145265246,0.11923648983639068,0.21938522558254833,0.10907288051561725,0.1256817055032226,0.17798710956866634,0.12816063460585028,0.16782350024789291,0.09196826970748637,0.0932077342588002,0.1737729300941993,0.11105602379771938,0.09395141298958849,0.09370352007932573,0.0932077342588002,0.0872583044124938,0.09345562716906297,0.12667327714427368,1.0,0.09196826970748637,0.1789786812097174,0.09271194843827467,0.1774913237481408
SMALLTEXT_LEASTCONFIDENCE,0.10089241447694595,0.1405552801189886,0.0880019831432821,0.11155180961824492,0.35399107585523054,0.2721864154685176,0.03222607833415964,0.0428854734754586,0.2808626673277144,0.31234506693108577,0.28358948934060485,0.18244918195339613,0.1826970748636589,0.23772930094199307,0.09444719881011403,0.22954883490332176,0.10337134357957363,0.2543381259295984,0.23475458601883986,0.12245909766980664,0.1886465047099653,0.11824491819533961,0.08775409023301933,0.06420426375805652,0.11056023797719385,0.10262766484878533,0.23277144273673772,0.2672285572632623,0.2233515121467526,0.5832920178482895,0.056023797719385225,0.07486365889935548,0.09196826970748637,1.0,0.11626177491323748,0.6031234506693108,0.10857709469509172
SMALLTEXT_LIGHTWEIGHTCORESET,0.1427863163113535,0.12692117005453643,0.17402082300446206,0.24566187407040158,0.11056023797719385,0.11923648983639068,0.05453644025780863,0.09444719881011403,0.11328705999008429,0.11155180961824492,0.12097174020823004,0.21120475954387705,0.20475954387704512,0.1499752107089737,0.1745166088249876,0.16435299950421417,0.13981160138820029,0.13510163609320774,0.1819533961328706,0.259048091224591,0.15840356965790778,0.22062469013386218,0.11452652454139811,0.12518591968269707,0.2602875557759048,0.12320277640059495,0.11824491819533961,0.12072384729796728,0.12196331184928111,0.12345066931085771,0.08230044620723848,0.18443232523549827,0.1789786812097174,0.11626177491323748,1.0,0.11105602379771938,0.2528507684680218
SMALLTEXT_PREDICTIONENTROPY,0.10262766484878533,0.13485374318294496,0.08899355478433317,0.11204759543877045,0.3001983143282102,0.2595438770451165,0.03668815071888944,0.0406544372830937,0.30639563708477935,0.28805156172533464,0.2667327714427367,0.1665840356965791,0.1700545364402578,0.21988101140307387,0.0946950917203768,0.21368368864650472,0.10163609320773426,0.24169558750619732,0.21864154685176004,0.12097174020823004,0.1923648983639068,0.11923648983639068,0.08230044620723848,0.062221120475954385,0.11427863163113534,0.11155180961824492,0.263262270699058,0.24566187407040158,0.21690629647992068,0.563708477937531,0.05751115518096182,0.07411998016856718,0.09271194843827467,0.6031234506693108,0.11105602379771938,1.0,0.10758552305404065
SMALLTEXT_RANDOM,0.15270203272186417,0.1036192364898364,0.17575607337630145,0.6755081804660387,0.11998016856717898,0.12221120475954388,0.05453644025780863,0.08775409023301933,0.10237977193852256,0.11179970252850768,0.10956866633614279,0.2107089737233515,0.20475954387704512,0.1554288547347546,0.1864154685176004,0.1700545364402578,0.14898363906792267,0.1375805651958354,0.17848289538919188,0.2714427367377293,0.14923153197818542,0.21541893901834408,0.10064452156668319,0.12097174020823004,0.26797223599405057,0.11130391670798215,0.11378284581060982,0.11229548834903322,0.11452652454139811,0.11998016856717898,0.07312840852751612,0.16881507188894398,0.1774913237481408,0.10857709469509172,0.2528507684680218,0.10758552305404065,1.0
