,ALIPY_CORESET_GREEDY,ALIPY_DENSITY_WEIGHTED,ALIPY_GRAPH_DENSITY,ALIPY_RANDOM,ALIPY_UNCERTAINTY_LC,ALIPY_UNCERTAINTY_MM,LIBACT_DWUS,LIBACT_QUIRE,LIBACT_UNCERTAINTY_ENT,LIBACT_UNCERTAINTY_LC,LIBACT_UNCERTAINTY_SM,OPTIMAL_GREEDY_10,OPTIMAL_GREEDY_20,PLAYGROUND_BANDIT,PLAYGROUND_GRAPH_DENSITY,PLAYGROUND_INFORMATIVE_DIVERSE,PLAYGROUND_KCENTER_GREEDY,PLAYGROUND_MARGIN,PLAYGROUND_MIXTURE,PLAYGROUND_UNIFORM,SKACTIVEML_COST_EMBEDDING,SKACTIVEML_DAL,SKACTIVEML_DWUS,SKACTIVEML_QBC,SKACTIVEML_QBC_VOTE_ENTROPY,SKACTIVEML_QUIRE,SKACTIVEML_US_ENTROPY,SKACTIVEML_US_LC,SKACTIVEML_US_MARGIN,SMALLTEXT_BREAKINGTIES,SMALLTEXT_CONTRASTIVEAL,SMALLTEXT_EMBEDDINGKMEANS,SMALLTEXT_GREEDYCORESET,SMALLTEXT_LEASTCONFIDENCE,SMALLTEXT_LIGHTWEIGHTCORESET,SMALLTEXT_PREDICTIONENTROPY,SMALLTEXT_RANDOM
ALIPY_CORESET_GREEDY,1.0,0.2345066931085771,0.027268220128904314,0.06494794248884482,0.06395637084779375,0.053544868616757564,0.02181457610312345,0.2721864154685176,0.059494298463063956,0.05428854734754586,0.04858701041150223,0.06941001487357462,0.07461576598909271,0.07040158651462568,0.031234506693108576,0.07461576598909271,0.6948438274665345,0.060981655924640554,0.07064947942488845,0.062221120475954385,0.10609816559246406,0.0880019831432821,0.06122954883490332,0.06668319286068418,0.06470004957858205,0.13361427863163114,0.05800694100148736,0.05627169062964799,0.04709965294992563,0.04610808130887457,0.14352999504214178,0.057263262270699056,0.2821021318790283,0.05304908279623203,0.09444719881011403,0.05428854734754586,0.06172533465542886
ALIPY_DENSITY_WEIGHTED,0.2345066931085771,1.0,0.03024293505205751,0.05453644025780863,0.11750123946455131,0.10436291522062469,0.034209221616261776,0.2672285572632623,0.1036192364898364,0.10832920178482895,0.08998512642538424,0.08527516113039167,0.0850272682201289,0.10832920178482895,0.031978185423896875,0.10956866633614279,0.23599405057015369,0.10535448686167576,0.09271194843827467,0.0768468021814576,0.13807635101636093,0.09965294992563213,0.08031730292513634,0.06693108577094695,0.08378780366881507,0.17426871591472484,0.11799702528507684,0.11130391670798215,0.09395141298958849,0.08676251859196826,0.1338621715418939,0.06470004957858205,0.31284085275161133,0.10064452156668319,0.10981655924640556,0.11279127416955875,0.05428854734754586
ALIPY_GRAPH_DENSITY,0.027268220128904314,0.03024293505205751,1.0,0.1279127416955875,0.07312840852751612,0.08006941001487357,0.10411502231036192,0.0458601883986118,0.05751115518096182,0.05552801189885969,0.06122954883490332,0.1450173525037184,0.14303420922161625,0.09395141298958849,0.7139315815567675,0.08601883986117997,0.029747149231531978,0.06767476450173525,0.07808626673277144,0.14898363906792267,0.10262766484878533,0.12469013386217154,0.12617749132374814,0.13981160138820029,0.14749628160634606,0.05775904809122459,0.05552801189885969,0.05230540406544373,0.06048587010411502,0.059494298463063956,0.09940505701536936,0.14551313832424392,0.020079325731284084,0.05627169062964799,0.10411502231036192,0.05651958353991076,0.1346058502726822
ALIPY_RANDOM,0.06494794248884482,0.05453644025780863,0.1279127416955875,1.0,0.09345562716906297,0.09568666336142786,0.13634110064452157,0.051313832424392664,0.06717897868120971,0.07213683688646505,0.07783837382250867,0.2555775904809122,0.2597917699553793,0.16162617749132374,0.12518591968269707,0.139067922657412,0.05751115518096182,0.10585027268220129,0.15567674764501735,0.2778879524045612,0.1648487853247397,0.2352503718393654,0.1517104610808131,0.23475458601883986,0.2667327714427367,0.10609816559246406,0.07337630143777887,0.06990580069410014,0.07932573128408528,0.07486365889935548,0.1487357461576599,0.2035200793257313,0.03817550818046604,0.06048587010411502,0.1812097174020823,0.06296479920674268,0.6955875061973228
ALIPY_UNCERTAINTY_LC,0.06395637084779375,0.11750123946455131,0.07312840852751612,0.09345562716906297,1.0,0.5480912245909767,0.07759048091224591,0.06643529995042141,0.17501239464551313,0.19186911254338126,0.17055032226078334,0.1271690629647992,0.12221120475954388,0.15195835399107585,0.07362419434804164,0.17030242935052056,0.06073376301437779,0.17501239464551313,0.1494794248884482,0.12221120475954388,0.15294992563212692,0.12171541893901834,0.10064452156668319,0.1036192364898364,0.12543381259295985,0.1036192364898364,0.18591968269707487,0.20029747149231533,0.16807139315815567,0.18914229053049084,0.10783341596430342,0.09048091224590976,0.06073376301437779,0.273921665840357,0.12345066931085771,0.22682201289043133,0.0924640555280119
ALIPY_UNCERTAINTY_MM,0.053544868616757564,0.10436291522062469,0.08006941001487357,0.09568666336142786,0.5480912245909767,1.0,0.08453148239960337,0.05800694100148736,0.15468517600396628,0.1574119980168567,0.1797223599405057,0.13708477937530986,0.12345066931085771,0.16584035696579078,0.08279623202776401,0.17625185919682698,0.051065939514129896,0.21021318790282598,0.1665840356965791,0.13287059990084282,0.14774417451660882,0.1346058502726822,0.10114030738720872,0.11229548834903322,0.13063956370847793,0.09122459097669806,0.1633614278631631,0.1670798215171046,0.19484382746653445,0.26524541398116014,0.10733763014377788,0.0984134853743183,0.0480912245909767,0.20128904313336637,0.12320277640059495,0.1945959345562717,0.0969261279127417
LIBACT_DWUS,0.02181457610312345,0.034209221616261776,0.10411502231036192,0.13634110064452157,0.07759048091224591,0.08453148239960337,1.0,0.07387208725830441,0.06544372830937036,0.06346058502726822,0.06941001487357462,0.1715418939018344,0.17352503718393653,0.11105602379771938,0.1065939514129896,0.1065939514129896,0.017352503718393655,0.08651462568170551,0.08899355478433317,0.1812097174020823,0.10262766484878533,0.17129400099157163,0.39439762022806146,0.21170054536440258,0.1737729300941993,0.0850272682201289,0.06296479920674268,0.06593951412989589,0.06990580069410014,0.06321269211700545,0.1442736737729301,0.41001487357461575,0.011898859692612791,0.061973227565691624,0.08552305404065444,0.06122954883490332,0.12692117005453643
LIBACT_QUIRE,0.2721864154685176,0.2672285572632623,0.0458601883986118,0.051313832424392664,0.06643529995042141,0.05800694100148736,0.07387208725830441,1.0,0.05924640555280119,0.06048587010411502,0.04933068914229053,0.07858205255329698,0.07585523054040655,0.07387208725830441,0.04561229548834903,0.07411998016856718,0.26822012890431335,0.058254833911750126,0.05899851264253842,0.07957362419434805,0.12047595438770452,0.090233019335647,0.0969261279127417,0.09345562716906297,0.09196826970748637,0.17649975210708974,0.058750619732275654,0.06420426375805652,0.047595438770451165,0.0458601883986118,0.17773921665840356,0.09643034209221617,0.3143282102131879,0.05552801189885969,0.09965294992563213,0.05280118988596926,0.04784333168071393
LIBACT_UNCERTAINTY_ENT,0.059494298463063956,0.1036192364898364,0.05751115518096182,0.06717897868120971,0.17501239464551313,0.15468517600396628,0.06544372830937036,0.05924640555280119,1.0,0.5847793753098661,0.5510659395141299,0.10039662865642042,0.0932077342588002,0.11328705999008429,0.05850272682201289,0.12915220624690135,0.06470004957858205,0.11799702528507684,0.0984134853743183,0.10386712940009915,0.12171541893901834,0.09345562716906297,0.07585523054040655,0.08081308874566187,0.09072880515617253,0.08775409023301933,0.19211700545364402,0.1797223599405057,0.15716410510659395,0.17178978681209717,0.0872583044124938,0.07610312345066932,0.06841844323252355,0.18319286068418444,0.0932077342588002,0.21021318790282598,0.06494794248884482
LIBACT_UNCERTAINTY_LC,0.05428854734754586,0.10832920178482895,0.05552801189885969,0.07213683688646505,0.19186911254338126,0.1574119980168567,0.06346058502726822,0.06048587010411502,0.5847793753098661,1.0,0.5659395141298958,0.0917203767972236,0.09196826970748637,0.11725334655428855,0.05899851264253842,0.1249380267724343,0.05751115518096182,0.12543381259295985,0.09965294992563213,0.09147248388696083,0.12221120475954388,0.0880019831432821,0.08205255329697571,0.07337630143777887,0.0887456618740704,0.0835399107585523,0.18393653941497273,0.20054536440257809,0.16807139315815567,0.17352503718393653,0.08254833911750124,0.07436787307882994,0.05924640555280119,0.21046108081308876,0.09965294992563213,0.20277640059494298,0.06321269211700545
LIBACT_UNCERTAINTY_SM,0.04858701041150223,0.08998512642538424,0.06122954883490332,0.07783837382250867,0.17055032226078334,0.1797223599405057,0.06941001487357462,0.04933068914229053,0.5510659395141299,0.5659395141298958,1.0,0.1036192364898364,0.0969261279127417,0.12617749132374814,0.06346058502726822,0.13212692117005453,0.048834903321764996,0.1249380267724343,0.1036192364898364,0.10535448686167576,0.12816063460585028,0.10560237977193852,0.0813088745661874,0.08155676747645017,0.10014873574615767,0.07783837382250867,0.1628656420426376,0.161378284581061,0.19286068418443233,0.1980664352999504,0.07709469509172037,0.07783837382250867,0.0473475458601884,0.17649975210708974,0.10411502231036192,0.17798710956866634,0.07783837382250867
OPTIMAL_GREEDY_10,0.06941001487357462,0.08527516113039167,0.1450173525037184,0.2555775904809122,0.1271690629647992,0.13708477937530986,0.1715418939018344,0.07858205255329698,0.10039662865642042,0.0917203767972236,0.1036192364898364,1.0,0.3775409023301934,0.21789786812097173,0.1368368864650471,0.19211700545364402,0.07015369360436291,0.14823996033713435,0.20426375805651958,0.37258304412493803,0.21417947446703026,0.3034209221616262,0.20649479424888448,0.2964799206742687,0.3691125433812593,0.14105106593951414,0.09271194843827467,0.09444719881011403,0.09766980664352999,0.0961824491819534,0.19261279127416955,0.26425384234010907,0.046355974219137334,0.0909766980664353,0.24541398116013882,0.0946950917203768,0.25359444719881014
OPTIMAL_GREEDY_20,0.07461576598909271,0.0850272682201289,0.14303420922161625,0.2597917699553793,0.12221120475954388,0.12345066931085771,0.17352503718393653,0.07585523054040655,0.0932077342588002,0.09196826970748637,0.0969261279127417,0.3775409023301934,1.0,0.22235994050570154,0.139067922657412,0.1886465047099653,0.07337630143777887,0.1420426375805652,0.20649479424888448,0.3371343579573624,0.21839365394149726,0.29424888448190384,0.20451165096678234,0.28656420426375806,0.3445711452652454,0.14005949429846307,0.09271194843827467,0.08924144769459594,0.10560237977193852,0.0887456618740704,0.18790282597917699,0.2692117005453644,0.049826474962816066,0.08750619732275657,0.2404561229548835,0.0924640555280119,0.2597917699553793
PLAYGROUND_BANDIT,0.07040158651462568,0.10832920178482895,0.09395141298958849,0.16162617749132374,0.15195835399107585,0.16584035696579078,0.11105602379771938,0.07387208725830441,0.11328705999008429,0.11725334655428855,0.12617749132374814,0.21789786812097173,0.22235994050570154,1.0,0.08849776896380764,0.40951908775409024,0.06841844323252355,0.3822508676251859,0.4102627664848785,0.22012890431333665,0.23996033713435796,0.20674268715914726,0.13435795736241943,0.1663361427863163,0.2131879028259792,0.12890431333663857,0.12171541893901834,0.1249380267724343,0.1256817055032226,0.124194348041646,0.1479920674268716,0.14700049578582053,0.05800694100148736,0.11774913237481408,0.19261279127416955,0.12245909766980664,0.16683192860684184
PLAYGROUND_GRAPH_DENSITY,0.031234506693108576,0.031978185423896875,0.7139315815567675,0.12518591968269707,0.07362419434804164,0.08279623202776401,0.1065939514129896,0.04561229548834903,0.05850272682201289,0.05899851264253842,0.06346058502726822,0.1368368864650471,0.139067922657412,0.08849776896380764,1.0,0.08527516113039167,0.027764005949429845,0.06841844323252355,0.07907783837382251,0.15096678235002478,0.10089241447694595,0.12865642042637582,0.12245909766980664,0.1301437778879524,0.1442736737729301,0.05701536936043629,0.059494298463063956,0.05924640555280119,0.06296479920674268,0.053792761527020325,0.10262766484878533,0.13857213683688646,0.01983143282102132,0.05800694100148736,0.10386712940009915,0.058254833911750126,0.12667327714427368
PLAYGROUND_INFORMATIVE_DIVERSE,0.07461576598909271,0.10956866633614279,0.08601883986117997,0.139067922657412,0.17030242935052056,0.17625185919682698,0.1065939514129896,0.07411998016856718,0.12915220624690135,0.1249380267724343,0.13212692117005453,0.19211700545364402,0.1886465047099653,0.40951908775409024,0.08527516113039167,1.0,0.06693108577094695,0.38646504709965296,0.3658899355478433,0.19211700545364402,0.22583044124938026,0.19360436291522062,0.1256817055032226,0.15840356965790778,0.18691125433812594,0.11725334655428855,0.13584531482399603,0.13559742191373328,0.14476945959345563,0.13336638572136836,0.14377788795240456,0.1383242439266237,0.06470004957858205,0.13113534952900346,0.17773921665840356,0.1294000991571641,0.14774417451660882
PLAYGROUND_KCENTER_GREEDY,0.6948438274665345,0.23599405057015369,0.029747149231531978,0.05751115518096182,0.06073376301437779,0.051065939514129896,0.017352503718393655,0.26822012890431335,0.06470004957858205,0.05751115518096182,0.048834903321764996,0.07015369360436291,0.07337630143777887,0.06841844323252355,0.027764005949429845,0.06693108577094695,1.0,0.06122954883490332,0.06941001487357462,0.06321269211700545,0.0961824491819534,0.08701041150223103,0.05627169062964799,0.07040158651462568,0.06395637084779375,0.13237481408031732,0.05304908279623203,0.05404065443728309,0.0466038671294001,0.04610808130887457,0.1420426375805652,0.05552801189885969,0.28705999008428357,0.05280118988596926,0.09494298463063956,0.052553296975706494,0.06122954883490332
PLAYGROUND_MARGIN,0.060981655924640554,0.10535448686167576,0.06767476450173525,0.10585027268220129,0.17501239464551313,0.21021318790282598,0.08651462568170551,0.058254833911750126,0.11799702528507684,0.12543381259295985,0.1249380267724343,0.14823996033713435,0.1420426375805652,0.3822508676251859,0.06841844323252355,0.38646504709965296,0.06122954883490332,1.0,0.4955379276152702,0.14476945959345563,0.17649975210708974,0.1360932077342588,0.10039662865642042,0.11874070401586515,0.13807635101636093,0.10560237977193852,0.12667327714427368,0.1256817055032226,0.13336638572136836,0.17178978681209717,0.10932077342588002,0.10535448686167576,0.04784333168071393,0.1536936043629152,0.13212692117005453,0.1405552801189886,0.11204759543877045
PLAYGROUND_MIXTURE,0.07064947942488845,0.09271194843827467,0.07808626673277144,0.15567674764501735,0.1494794248884482,0.1665840356965791,0.08899355478433317,0.05899851264253842,0.0984134853743183,0.09965294992563213,0.1036192364898364,0.20426375805651958,0.20649479424888448,0.4102627664848785,0.07907783837382251,0.3658899355478433,0.06941001487357462,0.4955379276152702,1.0,0.21417947446703026,0.19484382746653445,0.20228061477441744,0.11626177491323748,0.16559246405552802,0.20451165096678234,0.11378284581060982,0.10262766484878533,0.10560237977193852,0.11551809618244918,0.13262270699058007,0.12221120475954388,0.14105106593951414,0.0532969757064948,0.11080813088745661,0.1650966782350025,0.11427863163113534,0.1611303916707982
PLAYGROUND_UNIFORM,0.062221120475954385,0.0768468021814576,0.14898363906792267,0.2778879524045612,0.12221120475954388,0.13287059990084282,0.1812097174020823,0.07957362419434805,0.10386712940009915,0.09147248388696083,0.10535448686167576,0.37258304412493803,0.3371343579573624,0.22012890431333665,0.15096678235002478,0.19211700545364402,0.06321269211700545,0.14476945959345563,0.21417947446703026,1.0,0.2263262270699058,0.319533961328706,0.20674268715914726,0.3031730292513634,0.3785324739712444,0.1212196331184928,0.09444719881011403,0.09370352007932573,0.10411502231036192,0.09494298463063956,0.1945959345562717,0.27937530986613784,0.041398116013882005,0.08329201784828955,0.24020823004462072,0.09221616261774913,0.2744174516608825
SKACTIVEML_COST_EMBEDDING,0.10609816559246406,0.13807635101636093,0.10262766484878533,0.1648487853247397,0.15294992563212692,0.14774417451660882,0.10262766484878533,0.12047595438770452,0.12171541893901834,0.12221120475954388,0.12816063460585028,0.21417947446703026,0.21839365394149726,0.23996033713435796,0.10089241447694595,0.22583044124938026,0.0961824491819534,0.17649975210708974,0.19484382746653445,0.2263262270699058,1.0,0.21120475954387705,0.14402578086266732,0.18319286068418444,0.22359940505701537,0.18691125433812594,0.11849281110560238,0.12245909766980664,0.124194348041646,0.11056023797719385,0.16931085770946952,0.14328210213187903,0.09791769955379276,0.11105602379771938,0.22285572632622708,0.12047595438770452,0.1670798215171046
SKACTIVEML_DAL,0.0880019831432821,0.09965294992563213,0.12469013386217154,0.2352503718393654,0.12171541893901834,0.1346058502726822,0.17129400099157163,0.090233019335647,0.09345562716906297,0.0880019831432821,0.10560237977193852,0.3034209221616262,0.29424888448190384,0.20674268715914726,0.12865642042637582,0.19360436291522062,0.08701041150223103,0.1360932077342588,0.20228061477441744,0.319533961328706,0.21120475954387705,1.0,0.19484382746653445,0.28284581060981656,0.3210213187902826,0.13857213683688646,0.09444719881011403,0.09568666336142786,0.11105602379771938,0.0909766980664353,0.1893901834407536,0.24739712444224096,0.06445215666831929,0.08006941001487357,0.23822508676251858,0.09196826970748637,0.2270699058006941
SKACTIVEML_DWUS,0.06122954883490332,0.08031730292513634,0.12617749132374814,0.1517104610808131,0.10064452156668319,0.10114030738720872,0.39439762022806146,0.0969261279127417,0.07585523054040655,0.08205255329697571,0.0813088745661874,0.20649479424888448,0.20451165096678234,0.13435795736241943,0.12245909766980664,0.1256817055032226,0.05627169062964799,0.10039662865642042,0.11626177491323748,0.20674268715914726,0.14402578086266732,0.19484382746653445,1.0,0.2307882994546356,0.2166584035696579,0.11774913237481408,0.07932573128408528,0.0805651958353991,0.08304412493802678,0.07808626673277144,0.18294496777392166,0.3076351016360932,0.056023797719385225,0.07659890927119484,0.11080813088745661,0.07833415964303421,0.15418939018344074
SKACTIVEML_QBC,0.06668319286068418,0.06693108577094695,0.13981160138820029,0.23475458601883986,0.1036192364898364,0.11229548834903322,0.21170054536440258,0.09345562716906297,0.08081308874566187,0.07337630143777887,0.08155676747645017,0.2964799206742687,0.28656420426375806,0.1663361427863163,0.1301437778879524,0.15840356965790778,0.07040158651462568,0.11874070401586515,0.16559246405552802,0.3031730292513634,0.18319286068418444,0.28284581060981656,0.2307882994546356,1.0,0.31234506693108577,0.1353495290034705,0.07833415964303421,0.07486365889935548,0.08849776896380764,0.07486365889935548,0.18517600396628656,0.2952404561229549,0.05999008428358949,0.07040158651462568,0.1923648983639068,0.07238472979672782,0.2307882994546356
SKACTIVEML_QBC_VOTE_ENTROPY,0.06470004957858205,0.08378780366881507,0.14749628160634606,0.2667327714427367,0.12543381259295985,0.13063956370847793,0.1737729300941993,0.09196826970748637,0.09072880515617253,0.0887456618740704,0.10014873574615767,0.3691125433812593,0.3445711452652454,0.2131879028259792,0.1442736737729301,0.18691125433812594,0.06395637084779375,0.13807635101636093,0.20451165096678234,0.3785324739712444,0.22359940505701537,0.3210213187902826,0.2166584035696579,0.31234506693108577,1.0,0.12816063460585028,0.09494298463063956,0.09965294992563213,0.10560237977193852,0.09147248388696083,0.19757064947942488,0.2697074863658899,0.04833911750123947,0.09147248388696083,0.24938026772434307,0.0909766980664353,0.2635101636093208
SKACTIVEML_QUIRE,0.13361427863163114,0.17426871591472484,0.05775904809122459,0.10609816559246406,0.1036192364898364,0.09122459097669806,0.0850272682201289,0.17649975210708974,0.08775409023301933,0.0835399107585523,0.07783837382250867,0.14105106593951414,0.14005949429846307,0.12890431333663857,0.05701536936043629,0.11725334655428855,0.13237481408031732,0.10560237977193852,0.11378284581060982,0.1212196331184928,0.18691125433812594,0.13857213683688646,0.11774913237481408,0.1353495290034705,0.12816063460585028,1.0,0.0857709469509172,0.09221616261774913,0.07312840852751612,0.07064947942488845,0.17798710956866634,0.10758552305404065,0.1797223599405057,0.08031730292513634,0.15939514129895885,0.08924144769459594,0.10014873574615767
SKACTIVEML_US_ENTROPY,0.05800694100148736,0.11799702528507684,0.05552801189885969,0.07337630143777887,0.18591968269707487,0.1633614278631631,0.06296479920674268,0.058750619732275654,0.19211700545364402,0.18393653941497273,0.1628656420426376,0.09271194843827467,0.09271194843827467,0.12171541893901834,0.059494298463063956,0.13584531482399603,0.05304908279623203,0.12667327714427368,0.10262766484878533,0.09444719881011403,0.11849281110560238,0.09444719881011403,0.07932573128408528,0.07833415964303421,0.09494298463063956,0.0857709469509172,1.0,0.5912245909766981,0.5671789786812097,0.1499752107089737,0.0880019831432821,0.07015369360436291,0.05899851264253842,0.16608824987605356,0.10634605850272683,0.18914229053049084,0.07411998016856718
SKACTIVEML_US_LC,0.05627169062964799,0.11130391670798215,0.05230540406544373,0.06990580069410014,0.20029747149231533,0.1670798215171046,0.06593951412989589,0.06420426375805652,0.1797223599405057,0.20054536440257809,0.161378284581061,0.09444719881011403,0.08924144769459594,0.1249380267724343,0.05924640555280119,0.13559742191373328,0.05404065443728309,0.1256817055032226,0.10560237977193852,0.09370352007932573,0.12245909766980664,0.09568666336142786,0.0805651958353991,0.07486365889935548,0.09965294992563213,0.09221616261774913,0.5912245909766981,1.0,0.563708477937531,0.15617253346554288,0.08924144769459594,0.07139315815567675,0.062221120475954385,0.1745166088249876,0.0969261279127417,0.17798710956866634,0.07362419434804164
SKACTIVEML_US_MARGIN,0.04709965294992563,0.09395141298958849,0.06048587010411502,0.07932573128408528,0.16807139315815567,0.19484382746653445,0.06990580069410014,0.047595438770451165,0.15716410510659395,0.16807139315815567,0.19286068418443233,0.09766980664352999,0.10560237977193852,0.1256817055032226,0.06296479920674268,0.14476945959345563,0.0466038671294001,0.13336638572136836,0.11551809618244918,0.10411502231036192,0.124194348041646,0.11105602379771938,0.08304412493802678,0.08849776896380764,0.10560237977193852,0.07312840852751612,0.5671789786812097,0.563708477937531,1.0,0.16732771442736738,0.0805651958353991,0.08081308874566187,0.0428854734754586,0.15865146256817056,0.10708973723351513,0.15493306891422906,0.08006941001487357
SMALLTEXT_BREAKINGTIES,0.04610808130887457,0.08676251859196826,0.059494298463063956,0.07486365889935548,0.18914229053049084,0.26524541398116014,0.06321269211700545,0.0458601883986118,0.17178978681209717,0.17352503718393653,0.1980664352999504,0.0961824491819534,0.0887456618740704,0.124194348041646,0.053792761527020325,0.13336638572136836,0.04610808130887457,0.17178978681209717,0.13262270699058007,0.09494298463063956,0.11056023797719385,0.0909766980664353,0.07808626673277144,0.07486365889935548,0.09147248388696083,0.07064947942488845,0.1499752107089737,0.15617253346554288,0.16732771442736738,1.0,0.07312840852751612,0.08081308874566187,0.04313336638572137,0.563708477937531,0.0917203767972236,0.5485870104115023,0.07064947942488845
SMALLTEXT_CONTRASTIVEAL,0.14352999504214178,0.1338621715418939,0.09940505701536936,0.1487357461576599,0.10783341596430342,0.10733763014377788,0.1442736737729301,0.17773921665840356,0.0872583044124938,0.08254833911750124,0.07709469509172037,0.19261279127416955,0.18790282597917699,0.1479920674268716,0.10262766484878533,0.14377788795240456,0.1420426375805652,0.10932077342588002,0.12221120475954388,0.1945959345562717,0.16931085770946952,0.1893901834407536,0.18294496777392166,0.18517600396628656,0.19757064947942488,0.17798710956866634,0.0880019831432821,0.08924144769459594,0.0805651958353991,0.07312840852751612,1.0,0.16013882002974714,0.14724838869608328,0.07759048091224591,0.1685671789786812,0.07858205255329698,0.14724838869608328
SMALLTEXT_EMBEDDINGKMEANS,0.057263262270699056,0.06470004957858205,0.14551313832424392,0.2035200793257313,0.09048091224590976,0.0984134853743183,0.41001487357461575,0.09643034209221617,0.07610312345066932,0.07436787307882994,0.07783837382250867,0.26425384234010907,0.2692117005453644,0.14700049578582053,0.13857213683688646,0.1383242439266237,0.05552801189885969,0.10535448686167576,0.14105106593951414,0.27937530986613784,0.14328210213187903,0.24739712444224096,0.3076351016360932,0.2952404561229549,0.2697074863658899,0.10758552305404065,0.07015369360436291,0.07139315815567675,0.08081308874566187,0.08081308874566187,0.16013882002974714,1.0,0.07139315815567675,0.07411998016856718,0.16831928606841845,0.07288051561725335,0.2077342588001983
SMALLTEXT_GREEDYCORESET,0.2821021318790283,0.31284085275161133,0.020079325731284084,0.03817550818046604,0.06073376301437779,0.0480912245909767,0.011898859692612791,0.3143282102131879,0.06841844323252355,0.05924640555280119,0.0473475458601884,0.046355974219137334,0.049826474962816066,0.05800694100148736,0.01983143282102132,0.06470004957858205,0.28705999008428357,0.04784333168071393,0.0532969757064948,0.041398116013882005,0.09791769955379276,0.06445215666831929,0.056023797719385225,0.05999008428358949,0.04833911750123947,0.1797223599405057,0.05899851264253842,0.062221120475954385,0.0428854734754586,0.04313336638572137,0.14724838869608328,0.07139315815567675,1.0,0.05751115518096182,0.12295488349033218,0.059742191373326724,0.03817550818046604
SMALLTEXT_LEASTCONFIDENCE,0.05304908279623203,0.10064452156668319,0.05627169062964799,0.06048587010411502,0.273921665840357,0.20128904313336637,0.061973227565691624,0.05552801189885969,0.18319286068418444,0.21046108081308876,0.17649975210708974,0.0909766980664353,0.08750619732275657,0.11774913237481408,0.05800694100148736,0.13113534952900346,0.05280118988596926,0.1536936043629152,0.11080813088745661,0.08329201784828955,0.11105602379771938,0.08006941001487357,0.07659890927119484,0.07040158651462568,0.09147248388696083,0.08031730292513634,0.16608824987605356,0.1745166088249876,0.15865146256817056,0.563708477937531,0.07759048091224591,0.07411998016856718,0.05751115518096182,1.0,0.09568666336142786,0.582796232027764,0.06494794248884482
SMALLTEXT_LIGHTWEIGHTCORESET,0.09444719881011403,0.10981655924640556,0.10411502231036192,0.1812097174020823,0.12345066931085771,0.12320277640059495,0.08552305404065444,0.09965294992563213,0.0932077342588002,0.09965294992563213,0.10411502231036192,0.24541398116013882,0.2404561229548835,0.19261279127416955,0.10386712940009915,0.17773921665840356,0.09494298463063956,0.13212692117005453,0.1650966782350025,0.24020823004462072,0.22285572632622708,0.23822508676251858,0.11080813088745661,0.1923648983639068,0.24938026772434307,0.15939514129895885,0.10634605850272683,0.0969261279127417,0.10708973723351513,0.0917203767972236,0.1685671789786812,0.16831928606841845,0.12295488349033218,0.09568666336142786,1.0,0.09395141298958849,0.17402082300446206
SMALLTEXT_PREDICTIONENTROPY,0.05428854734754586,0.11279127416955875,0.05651958353991076,0.06296479920674268,0.22682201289043133,0.1945959345562717,0.06122954883490332,0.05280118988596926,0.21021318790282598,0.20277640059494298,0.17798710956866634,0.0946950917203768,0.0924640555280119,0.12245909766980664,0.058254833911750126,0.1294000991571641,0.052553296975706494,0.1405552801189886,0.11427863163113534,0.09221616261774913,0.12047595438770452,0.09196826970748637,0.07833415964303421,0.07238472979672782,0.0909766980664353,0.08924144769459594,0.18914229053049084,0.17798710956866634,0.15493306891422906,0.5485870104115023,0.07858205255329698,0.07288051561725335,0.059742191373326724,0.582796232027764,0.09395141298958849,1.0,0.06470004957858205
SMALLTEXT_RANDOM,0.06172533465542886,0.05428854734754586,0.1346058502726822,0.6955875061973228,0.0924640555280119,0.0969261279127417,0.12692117005453643,0.04784333168071393,0.06494794248884482,0.06321269211700545,0.07783837382250867,0.25359444719881014,0.2597917699553793,0.16683192860684184,0.12667327714427368,0.14774417451660882,0.06122954883490332,0.11204759543877045,0.1611303916707982,0.2744174516608825,0.1670798215171046,0.2270699058006941,0.15418939018344074,0.2307882994546356,0.2635101636093208,0.10014873574615767,0.07411998016856718,0.07362419434804164,0.08006941001487357,0.07064947942488845,0.14724838869608328,0.2077342588001983,0.03817550818046604,0.06494794248884482,0.17402082300446206,0.06470004957858205,1.0
