,ALIPY_CORESET_GREEDY,ALIPY_DENSITY_WEIGHTED,ALIPY_GRAPH_DENSITY,ALIPY_RANDOM,ALIPY_UNCERTAINTY_LC,ALIPY_UNCERTAINTY_MM,LIBACT_DWUS,LIBACT_QUIRE,LIBACT_UNCERTAINTY_ENT,LIBACT_UNCERTAINTY_LC,LIBACT_UNCERTAINTY_SM,OPTIMAL_GREEDY_10,OPTIMAL_GREEDY_20,PLAYGROUND_BANDIT,PLAYGROUND_GRAPH_DENSITY,PLAYGROUND_INFORMATIVE_DIVERSE,PLAYGROUND_KCENTER_GREEDY,PLAYGROUND_MARGIN,PLAYGROUND_MIXTURE,PLAYGROUND_UNIFORM,SKACTIVEML_COST_EMBEDDING,SKACTIVEML_DAL,SKACTIVEML_DWUS,SKACTIVEML_QBC,SKACTIVEML_QBC_VOTE_ENTROPY,SKACTIVEML_QUIRE,SKACTIVEML_US_ENTROPY,SKACTIVEML_US_LC,SKACTIVEML_US_MARGIN,SMALLTEXT_BREAKINGTIES,SMALLTEXT_CONTRASTIVEAL,SMALLTEXT_EMBEDDINGKMEANS,SMALLTEXT_GREEDYCORESET,SMALLTEXT_LEASTCONFIDENCE,SMALLTEXT_LIGHTWEIGHTCORESET,SMALLTEXT_PREDICTIONENTROPY,SMALLTEXT_RANDOM
ALIPY_CORESET_GREEDY,1.0,0.17625185919682698,0.10808130887456618,0.11650966782350025,0.12964799206742686,0.11700545364402579,0.05701536936043629,0.15567674764501735,0.12072384729796728,0.11551809618244918,0.10956866633614279,0.1375805651958354,0.13063956370847793,0.12915220624690135,0.10808130887456618,0.13733267228557264,0.9920674268715914,0.12369856222112048,0.13039167079821518,0.11774913237481408,0.13336638572136836,0.13361427863163114,0.10560237977193852,0.10114030738720872,0.12692117005453643,0.1427863163113535,0.12221120475954388,0.12146752602875557,0.10609816559246406,0.10708973723351513,0.10634605850272683,0.1256817055032226,0.18220128904313337,0.1279127416955875,0.12667327714427368,0.12915220624690135,0.11626177491323748
ALIPY_DENSITY_WEIGHTED,0.17625185919682698,1.0,0.0842835894893406,0.09395141298958849,0.13212692117005453,0.12369856222112048,0.07461576598909271,0.1760039662865642,0.11874070401586515,0.12072384729796728,0.11576598909271195,0.10089241447694595,0.10461080813088745,0.12543381259295985,0.0842835894893406,0.12320277640059495,0.18021814576103123,0.11551809618244918,0.11452652454139811,0.0999008428358949,0.12146752602875557,0.11179970252850768,0.10262766484878533,0.09147248388696083,0.11130391670798215,0.15939514129895885,0.12741695587506197,0.13039167079821518,0.11874070401586515,0.12097174020823004,0.09568666336142786,0.09742191373326722,0.13411006445215667,0.13485374318294496,0.10808130887456618,0.13336638572136836,0.09345562716906297
ALIPY_GRAPH_DENSITY,0.10808130887456618,0.0842835894893406,1.0,0.15518096182449181,0.09717402082300446,0.10684184432325236,0.1494794248884482,0.06569162121963312,0.0984134853743183,0.09494298463063956,0.10411502231036192,0.17178978681209717,0.16187407040158652,0.11824491819533961,1.0,0.12816063460585028,0.11105602379771938,0.11502231036192365,0.1375805651958354,0.17402082300446206,0.10237977193852256,0.14328210213187903,0.16831928606841845,0.12865642042637582,0.16385721368368864,0.090233019335647,0.09370352007932573,0.0946950917203768,0.0991571641051066,0.10585027268220129,0.09419930589985126,0.17402082300446206,0.12741695587506197,0.09866137828458106,0.16955875061973227,0.09742191373326722,0.15443728309370353
ALIPY_RANDOM,0.11650966782350025,0.09395141298958849,0.15518096182449181,1.0,0.11576598909271195,0.11378284581060982,0.09816559246405553,0.08403569657907783,0.10411502231036192,0.10461080813088745,0.10708973723351513,0.18765493306891423,0.18591968269707487,0.13287059990084282,0.15518096182449181,0.13708477937530986,0.12047595438770452,0.12171541893901834,0.15691621219633117,0.1849281110560238,0.11799702528507684,0.15071888943976203,0.12196331184928111,0.13361427863163114,0.180466038671294,0.0954387704511651,0.11006445215666832,0.10857709469509172,0.11700545364402579,0.10535448686167576,0.09568666336142786,0.1774913237481408,0.12270699058006941,0.11056023797719385,0.1789786812097174,0.10733763014377788,0.9977689638076351
ALIPY_UNCERTAINTY_LC,0.12964799206742686,0.13212692117005453,0.09717402082300446,0.11576598909271195,1.0,0.7374814080317303,0.07064947942488845,0.0984134853743183,0.18740704015865145,0.2337630143777888,0.16410510659395142,0.13138324243926625,0.11948438274665345,0.1908775409023302,0.09717402082300446,0.1554288547347546,0.13485374318294496,0.22062469013386218,0.17030242935052056,0.12543381259295985,0.1420426375805652,0.12543381259295985,0.12072384729796728,0.10510659395141299,0.11650966782350025,0.12295488349033218,0.20599900842835894,0.24739712444224096,0.180466038671294,0.23698562221120476,0.09643034209221617,0.11527020327218641,0.12022806147744175,0.3708477937530987,0.11477441745166088,0.273921665840357,0.11502231036192365
ALIPY_UNCERTAINTY_MM,0.11700545364402579,0.12369856222112048,0.10684184432325236,0.11378284581060982,0.7374814080317303,1.0,0.07635101636093208,0.090233019335647,0.15939514129895885,0.16435299950421417,0.2315319781854239,0.1308874566187407,0.12741695587506197,0.20277640059494298,0.10684184432325236,0.1611303916707982,0.1212196331184928,0.2744174516608825,0.19881011403073873,0.13262270699058007,0.13882002974714924,0.11799702528507684,0.12047595438770452,0.10758552305404065,0.11725334655428855,0.11799702528507684,0.180466038671294,0.17649975210708974,0.2374814080317303,0.36514625681705504,0.09221616261774913,0.11427863163113534,0.12171541893901834,0.23648983639067922,0.11799702528507684,0.22459097669806644,0.11303916707982152
LIBACT_DWUS,0.05701536936043629,0.07461576598909271,0.1494794248884482,0.09816559246405553,0.07064947942488845,0.07635101636093208,1.0,0.06866633614278632,0.06916212196331185,0.06494794248884482,0.07015369360436291,0.07461576598909271,0.08230044620723848,0.07858205255329698,0.1494794248884482,0.08230044620723848,0.05800694100148736,0.0813088745661874,0.08155676747645017,0.10386712940009915,0.09444719881011403,0.08106098165592464,0.12295488349033218,0.09419930589985126,0.1036192364898364,0.07411998016856718,0.07238472979672782,0.07139315815567675,0.07734258800198314,0.07734258800198314,0.0872583044124938,0.12592959841348536,0.08601883986117997,0.06965790778383739,0.09890927119484383,0.07560733763014378,0.0969261279127417
LIBACT_QUIRE,0.15567674764501735,0.1760039662865642,0.06569162121963312,0.08403569657907783,0.0984134853743183,0.090233019335647,0.06866633614278632,1.0,0.0969261279127417,0.10014873574615767,0.09147248388696083,0.0768468021814576,0.07064947942488845,0.09494298463063956,0.06569162121963312,0.1036192364898364,0.15865146256817056,0.09419930589985126,0.09122459097669806,0.08824987605354487,0.10585027268220129,0.0909766980664353,0.09122459097669806,0.0887456618740704,0.08998512642538424,0.14303420922161625,0.09940505701536936,0.10609816559246406,0.09072880515617253,0.0924640555280119,0.11031234506693109,0.08849776896380764,0.11948438274665345,0.10114030738720872,0.0887456618740704,0.10014873574615767,0.08403569657907783
LIBACT_UNCERTAINTY_ENT,0.12072384729796728,0.11874070401586515,0.0984134853743183,0.10411502231036192,0.18740704015865145,0.15939514129895885,0.06916212196331185,0.0969261279127417,1.0,0.7806147744174516,0.7342588001983144,0.12171541893901834,0.12543381259295985,0.14774417451660882,0.0984134853743183,0.1536936043629152,0.124194348041646,0.14328210213187903,0.13187902825979178,0.12345066931085771,0.1427863163113535,0.12543381259295985,0.10337134357957363,0.09568666336142786,0.12171541893901834,0.12369856222112048,0.2263262270699058,0.18244918195339613,0.15964303420922163,0.25483391175012393,0.09048091224590976,0.11973227565691621,0.12047595438770452,0.2885473475458602,0.11527020327218641,0.3306891422905305,0.1036192364898364
LIBACT_UNCERTAINTY_LC,0.11551809618244918,0.12072384729796728,0.09494298463063956,0.10461080813088745,0.2337630143777888,0.16435299950421417,0.06494794248884482,0.10014873574615767,0.7806147744174516,1.0,0.7454139811601388,0.124194348041646,0.1264253842340109,0.14923153197818542,0.09494298463063956,0.14823996033713435,0.11948438274665345,0.14823996033713435,0.12865642042637582,0.11898859692612791,0.14179474467030243,0.11923648983639068,0.11006445215666832,0.10089241447694595,0.12245909766980664,0.1256817055032226,0.1864154685176004,0.2300446207238473,0.16212196331184928,0.2640059494298463,0.09122459097669806,0.11824491819533961,0.12171541893901834,0.33490332176499754,0.11551809618244918,0.28755577590480913,0.10411502231036192
LIBACT_UNCERTAINTY_SM,0.10956866633614279,0.11576598909271195,0.10411502231036192,0.10708973723351513,0.16410510659395142,0.2315319781854239,0.07015369360436291,0.09147248388696083,0.7342588001983144,0.7454139811601388,1.0,0.12865642042637582,0.1368368864650471,0.15418939018344074,0.10411502231036192,0.15691621219633117,0.11229548834903322,0.1502231036192365,0.1420426375805652,0.13063956370847793,0.13435795736241943,0.12766484878532475,0.10808130887456618,0.10337134357957363,0.12840852751611304,0.11353495290034706,0.15964303420922163,0.1626177491323748,0.2263262270699058,0.33093703520079326,0.08626673277144274,0.12072384729796728,0.11650966782350025,0.2625185919682697,0.11799702528507684,0.2555775904809122,0.1065939514129896
OPTIMAL_GREEDY_10,0.1375805651958354,0.10089241447694595,0.17178978681209717,0.18765493306891423,0.13138324243926625,0.1308874566187407,0.07461576598909271,0.0768468021814576,0.12171541893901834,0.124194348041646,0.12865642042637582,1.0,0.40803173029251366,0.13336638572136836,0.17178978681209717,0.16088249876053545,0.14154685176003967,0.1338621715418939,0.18220128904313337,0.21095686663361427,0.11080813088745661,0.17997025285076848,0.12692117005453643,0.14328210213187903,0.2129400099157164,0.0984134853743183,0.1249380267724343,0.13063956370847793,0.13212692117005453,0.13187902825979178,0.08924144769459594,0.21789786812097173,0.13584531482399603,0.12394645513138325,0.19856222112047595,0.12394645513138325,0.18666336142786316
OPTIMAL_GREEDY_20,0.13063956370847793,0.10461080813088745,0.16187407040158652,0.18591968269707487,0.11948438274665345,0.12741695587506197,0.08230044620723848,0.07064947942488845,0.12543381259295985,0.1264253842340109,0.1368368864650471,0.40803173029251366,1.0,0.13857213683688646,0.16187407040158652,0.16807139315815567,0.13361427863163114,0.12915220624690135,0.18096182449181952,0.20798215171046108,0.11006445215666832,0.17773921665840356,0.1294000991571641,0.13658899355478432,0.19856222112047595,0.10585027268220129,0.11923648983639068,0.1279127416955875,0.12592959841348536,0.13361427863163114,0.08453148239960337,0.2129400099157164,0.1301437778879524,0.12592959841348536,0.1886465047099653,0.1271690629647992,0.18468021814576102
PLAYGROUND_BANDIT,0.12915220624690135,0.12543381259295985,0.11824491819533961,0.13287059990084282,0.1908775409023302,0.20277640059494298,0.07858205255329698,0.09494298463063956,0.14774417451660882,0.14923153197818542,0.15418939018344074,0.13336638572136836,0.13857213683688646,1.0,0.11824491819533961,0.31308874566187406,0.13336638572136836,0.5448686167575607,0.34630639563708476,0.14600892414476946,0.229300941993059,0.1450173525037184,0.11948438274665345,0.11155180961824492,0.13510163609320774,0.13584531482399603,0.15344571145265246,0.1574119980168567,0.15592464055528013,0.1968269707486366,0.1028755577590481,0.13733267228557264,0.11774913237481408,0.1774913237481408,0.13435795736241943,0.180466038671294,0.13237481408031732
PLAYGROUND_GRAPH_DENSITY,0.10808130887456618,0.0842835894893406,1.0,0.15518096182449181,0.09717402082300446,0.10684184432325236,0.1494794248884482,0.06569162121963312,0.0984134853743183,0.09494298463063956,0.10411502231036192,0.17178978681209717,0.16187407040158652,0.11824491819533961,1.0,0.12816063460585028,0.11105602379771938,0.11502231036192365,0.1375805651958354,0.17402082300446206,0.10237977193852256,0.14328210213187903,0.16831928606841845,0.12865642042637582,0.16385721368368864,0.090233019335647,0.09370352007932573,0.0946950917203768,0.0991571641051066,0.10585027268220129,0.09419930589985126,0.17402082300446206,0.12741695587506197,0.09866137828458106,0.16955875061973227,0.09742191373326722,0.15443728309370353
PLAYGROUND_INFORMATIVE_DIVERSE,0.13733267228557264,0.12320277640059495,0.12816063460585028,0.13708477937530986,0.1554288547347546,0.1611303916707982,0.08230044620723848,0.1036192364898364,0.1536936043629152,0.14823996033713435,0.15691621219633117,0.16088249876053545,0.16807139315815567,0.31308874566187406,0.12816063460585028,1.0,0.1420426375805652,0.3135845314823996,0.3113534952900347,0.15146256817055032,0.1715418939018344,0.14600892414476946,0.11973227565691621,0.11204759543877045,0.15047099652949925,0.13336638572136836,0.15047099652949925,0.1517104610808131,0.1554288547347546,0.15245413981160139,0.10560237977193852,0.1487357461576599,0.12345066931085771,0.14675260287555775,0.131631135349529,0.14526524541398117,0.13658899355478432
PLAYGROUND_KCENTER_GREEDY,0.9920674268715914,0.18021814576103123,0.11105602379771938,0.12047595438770452,0.13485374318294496,0.1212196331184928,0.05800694100148736,0.15865146256817056,0.124194348041646,0.11948438274665345,0.11229548834903322,0.14154685176003967,0.13361427863163114,0.13336638572136836,0.11105602379771938,0.1420426375805652,1.0,0.12816063460585028,0.1346058502726822,0.12097174020823004,0.13782845810609817,0.1368368864650471,0.10857709469509172,0.10411502231036192,0.13039167079821518,0.14625681705503224,0.1271690629647992,0.12667327714427368,0.11056023797719385,0.11031234506693109,0.10708973723351513,0.1294000991571641,0.18740704015865145,0.13212692117005453,0.1301437778879524,0.1331184928111056,0.12022806147744175
PLAYGROUND_MARGIN,0.12369856222112048,0.11551809618244918,0.11502231036192365,0.12171541893901834,0.22062469013386218,0.2744174516608825,0.0813088745661874,0.09419930589985126,0.14328210213187903,0.14823996033713435,0.1502231036192365,0.1338621715418939,0.12915220624690135,0.5448686167575607,0.11502231036192365,0.3135845314823996,0.12816063460585028,1.0,0.4558750619732276,0.14179474467030243,0.22310361923648983,0.13262270699058007,0.11650966782350025,0.10461080813088745,0.13063956370847793,0.13708477937530986,0.15939514129895885,0.15418939018344074,0.1591472483886961,0.26524541398116014,0.09643034209221617,0.12766484878532475,0.11650966782350025,0.2094695091720377,0.11750123946455131,0.20451165096678234,0.1212196331184928
PLAYGROUND_MIXTURE,0.13039167079821518,0.11452652454139811,0.1375805651958354,0.15691621219633117,0.17030242935052056,0.19881011403073873,0.08155676747645017,0.09122459097669806,0.13187902825979178,0.12865642042637582,0.1420426375805652,0.18220128904313337,0.18096182449181952,0.34630639563708476,0.1375805651958354,0.3113534952900347,0.1346058502726822,0.4558750619732276,1.0,0.1908775409023302,0.16236985622211206,0.15418939018344074,0.10956866633614279,0.11725334655428855,0.1628656420426376,0.1256817055032226,0.1368368864650471,0.13733267228557264,0.14675260287555775,0.18740704015865145,0.0961824491819534,0.16410510659395142,0.11824491819533961,0.15865146256817056,0.15245413981160139,0.15121467526028756,0.15642042637580567
PLAYGROUND_UNIFORM,0.11774913237481408,0.0999008428358949,0.17402082300446206,0.1849281110560238,0.12543381259295985,0.13262270699058007,0.10386712940009915,0.08824987605354487,0.12345066931085771,0.11898859692612791,0.13063956370847793,0.21095686663361427,0.20798215171046108,0.14600892414476946,0.17402082300446206,0.15146256817055032,0.12097174020823004,0.14179474467030243,0.1908775409023302,1.0,0.12047595438770452,0.17476450173525038,0.12741695587506197,0.13708477937530986,0.19137332672285573,0.09816559246405553,0.11898859692612791,0.11626177491323748,0.12270699058006941,0.131631135349529,0.0991571641051066,0.20029747149231533,0.13336638572136836,0.12840852751611304,0.17922657411998016,0.12518591968269707,0.1841844323252355
SKACTIVEML_COST_EMBEDDING,0.13336638572136836,0.12146752602875557,0.10237977193852256,0.11799702528507684,0.1420426375805652,0.13882002974714924,0.09444719881011403,0.10585027268220129,0.1427863163113535,0.14179474467030243,0.13435795736241943,0.11080813088745661,0.11006445215666832,0.229300941993059,0.10237977193852256,0.1715418939018344,0.13782845810609817,0.22310361923648983,0.16236985622211206,0.12047595438770452,1.0,0.11799702528507684,0.11130391670798215,0.10064452156668319,0.11551809618244918,0.15642042637580567,0.14303420922161625,0.1412989588497769,0.14105106593951414,0.14476945959345563,0.08750619732275657,0.12047595438770452,0.1249380267724343,0.14452156668319285,0.11874070401586515,0.1479920674268716,0.11725334655428855
SKACTIVEML_DAL,0.13361427863163114,0.11179970252850768,0.14328210213187903,0.15071888943976203,0.12543381259295985,0.11799702528507684,0.08106098165592464,0.0909766980664353,0.12543381259295985,0.11923648983639068,0.12766484878532475,0.17997025285076848,0.17773921665840356,0.1450173525037184,0.14328210213187903,0.14600892414476946,0.1368368864650471,0.13262270699058007,0.15418939018344074,0.17476450173525038,0.11799702528507684,1.0,0.12964799206742686,0.11774913237481408,0.16683192860684184,0.10808130887456618,0.12369856222112048,0.1256817055032226,0.12816063460585028,0.11774913237481408,0.10237977193852256,0.16683192860684184,0.1301437778879524,0.11849281110560238,0.17178978681209717,0.11452652454139811,0.15047099652949925
SKACTIVEML_DWUS,0.10560237977193852,0.10262766484878533,0.16831928606841845,0.12196331184928111,0.12072384729796728,0.12047595438770452,0.12295488349033218,0.09122459097669806,0.10337134357957363,0.11006445215666832,0.10808130887456618,0.12692117005453643,0.1294000991571641,0.11948438274665345,0.16831928606841845,0.11973227565691621,0.10857709469509172,0.11650966782350025,0.10956866633614279,0.12741695587506197,0.11130391670798215,0.12964799206742686,1.0,0.10808130887456618,0.12741695587506197,0.10560237977193852,0.10882498760535449,0.11254338125929599,0.11477441745166088,0.11923648983639068,0.10039662865642042,0.12865642042637582,0.11204759543877045,0.11973227565691621,0.12667327714427368,0.11799702528507684,0.12097174020823004
SKACTIVEML_QBC,0.10114030738720872,0.09147248388696083,0.12865642042637582,0.13361427863163114,0.10510659395141299,0.10758552305404065,0.09419930589985126,0.0887456618740704,0.09568666336142786,0.10089241447694595,0.10337134357957363,0.14328210213187903,0.13658899355478432,0.11155180961824492,0.12865642042637582,0.11204759543877045,0.10411502231036192,0.10461080813088745,0.11725334655428855,0.13708477937530986,0.10064452156668319,0.11774913237481408,0.10808130887456618,1.0,0.14724838869608328,0.10114030738720872,0.10188398611799702,0.10609816559246406,0.10808130887456618,0.10039662865642042,0.09643034209221617,0.13559742191373328,0.10560237977193852,0.09643034209221617,0.13237481408031732,0.09494298463063956,0.13336638572136836
SKACTIVEML_QBC_VOTE_ENTROPY,0.12692117005453643,0.11130391670798215,0.16385721368368864,0.180466038671294,0.11650966782350025,0.11725334655428855,0.1036192364898364,0.08998512642538424,0.12171541893901834,0.12245909766980664,0.12840852751611304,0.2129400099157164,0.19856222112047595,0.13510163609320774,0.16385721368368864,0.15047099652949925,0.13039167079821518,0.13063956370847793,0.1628656420426376,0.19137332672285573,0.11551809618244918,0.16683192860684184,0.12741695587506197,0.14724838869608328,1.0,0.11179970252850768,0.12816063460585028,0.1308874566187407,0.13559742191373328,0.11948438274665345,0.0932077342588002,0.18889439762022806,0.14675260287555775,0.11378284581060982,0.1893901834407536,0.12097174020823004,0.1797223599405057
SKACTIVEML_QUIRE,0.1427863163113535,0.15939514129895885,0.090233019335647,0.0954387704511651,0.12295488349033218,0.11799702528507684,0.07411998016856718,0.14303420922161625,0.12369856222112048,0.1256817055032226,0.11353495290034706,0.0984134853743183,0.10585027268220129,0.13584531482399603,0.090233019335647,0.13336638572136836,0.14625681705503224,0.13708477937530986,0.1256817055032226,0.09816559246405553,0.15642042637580567,0.10808130887456618,0.10560237977193852,0.10114030738720872,0.11179970252850768,1.0,0.13411006445215667,0.13485374318294496,0.12221120475954388,0.11626177491323748,0.10039662865642042,0.10039662865642042,0.1338621715418939,0.12444224095190877,0.11279127416955875,0.12915220624690135,0.09519087754090233
SKACTIVEML_US_ENTROPY,0.12221120475954388,0.12741695587506197,0.09370352007932573,0.11006445215666832,0.20599900842835894,0.180466038671294,0.07238472979672782,0.09940505701536936,0.2263262270699058,0.1864154685176004,0.15964303420922163,0.1249380267724343,0.11923648983639068,0.15344571145265246,0.09370352007932573,0.15047099652949925,0.1271690629647992,0.15939514129895885,0.1368368864650471,0.11898859692612791,0.14303420922161625,0.12369856222112048,0.10882498760535449,0.10188398611799702,0.12816063460585028,0.13411006445215667,1.0,0.778135845314824,0.7382250867625186,0.1611303916707982,0.09568666336142786,0.10857709469509172,0.12146752602875557,0.1960832920178483,0.11675756073376302,0.24020823004462072,0.10932077342588002
SKACTIVEML_US_LC,0.12146752602875557,0.13039167079821518,0.0946950917203768,0.10857709469509172,0.24739712444224096,0.17649975210708974,0.07139315815567675,0.10609816559246406,0.18244918195339613,0.2300446207238473,0.1626177491323748,0.13063956370847793,0.1279127416955875,0.1574119980168567,0.0946950917203768,0.1517104610808131,0.12667327714427368,0.15418939018344074,0.13733267228557264,0.11626177491323748,0.1412989588497769,0.1256817055032226,0.11254338125929599,0.10609816559246406,0.1308874566187407,0.13485374318294496,0.778135845314824,1.0,0.7535944471988101,0.1650966782350025,0.09593455627169063,0.11279127416955875,0.12221120475954388,0.2387208725830441,0.11874070401586515,0.1923648983639068,0.10783341596430342
SKACTIVEML_US_MARGIN,0.10609816559246406,0.11874070401586515,0.0991571641051066,0.11700545364402579,0.180466038671294,0.2374814080317303,0.07734258800198314,0.09072880515617253,0.15964303420922163,0.16212196331184928,0.2263262270699058,0.13212692117005453,0.12592959841348536,0.15592464055528013,0.0991571641051066,0.1554288547347546,0.11056023797719385,0.1591472483886961,0.14675260287555775,0.12270699058006941,0.14105106593951414,0.12816063460585028,0.11477441745166088,0.10808130887456618,0.13559742191373328,0.12221120475954388,0.7382250867625186,0.7535944471988101,1.0,0.2278135845314824,0.09667823500247893,0.11948438274665345,0.11700545364402579,0.16683192860684184,0.12320277640059495,0.16162617749132374,0.11650966782350025
SMALLTEXT_BREAKINGTIES,0.10708973723351513,0.12097174020823004,0.10585027268220129,0.10535448686167576,0.23698562221120476,0.36514625681705504,0.07734258800198314,0.0924640555280119,0.25483391175012393,0.2640059494298463,0.33093703520079326,0.13187902825979178,0.13361427863163114,0.1968269707486366,0.10585027268220129,0.15245413981160139,0.11031234506693109,0.26524541398116014,0.18740704015865145,0.131631135349529,0.14476945959345563,0.11774913237481408,0.11923648983639068,0.10039662865642042,0.11948438274665345,0.11626177491323748,0.1611303916707982,0.1650966782350025,0.2278135845314824,1.0,0.08998512642538424,0.11452652454139811,0.11427863163113534,0.7387208725830441,0.11750123946455131,0.7263262270699058,0.10485870104115022
SMALLTEXT_CONTRASTIVEAL,0.10634605850272683,0.09568666336142786,0.09419930589985126,0.09568666336142786,0.09643034209221617,0.09221616261774913,0.0872583044124938,0.11031234506693109,0.09048091224590976,0.09122459097669806,0.08626673277144274,0.08924144769459594,0.08453148239960337,0.1028755577590481,0.09419930589985126,0.10560237977193852,0.10708973723351513,0.09643034209221617,0.0961824491819534,0.0991571641051066,0.08750619732275657,0.10237977193852256,0.10039662865642042,0.09643034209221617,0.0932077342588002,0.10039662865642042,0.09568666336142786,0.09593455627169063,0.09667823500247893,0.08998512642538424,1.0,0.09048091224590976,0.1271690629647992,0.0932077342588002,0.09742191373326722,0.09494298463063956,0.09494298463063956
SMALLTEXT_EMBEDDINGKMEANS,0.1256817055032226,0.09742191373326722,0.17402082300446206,0.1774913237481408,0.11527020327218641,0.11427863163113534,0.12592959841348536,0.08849776896380764,0.11973227565691621,0.11824491819533961,0.12072384729796728,0.21789786812097173,0.2129400099157164,0.13733267228557264,0.17402082300446206,0.1487357461576599,0.1294000991571641,0.12766484878532475,0.16410510659395142,0.20029747149231533,0.12047595438770452,0.16683192860684184,0.12865642042637582,0.13559742191373328,0.18889439762022806,0.10039662865642042,0.10857709469509172,0.11279127416955875,0.11948438274665345,0.11452652454139811,0.09048091224590976,1.0,0.13113534952900346,0.11179970252850768,0.1849281110560238,0.10708973723351513,0.17649975210708974
SMALLTEXT_GREEDYCORESET,0.18220128904313337,0.13411006445215667,0.12741695587506197,0.12270699058006941,0.12022806147744175,0.12171541893901834,0.08601883986117997,0.11948438274665345,0.12047595438770452,0.12171541893901834,0.11650966782350025,0.13584531482399603,0.1301437778879524,0.11774913237481408,0.12741695587506197,0.12345066931085771,0.18740704015865145,0.11650966782350025,0.11824491819533961,0.13336638572136836,0.1249380267724343,0.1301437778879524,0.11204759543877045,0.10560237977193852,0.14675260287555775,0.1338621715418939,0.12146752602875557,0.12221120475954388,0.11700545364402579,0.11427863163113534,0.1271690629647992,0.13113534952900346,1.0,0.11700545364402579,0.13138324243926625,0.12221120475954388,0.12221120475954388
SMALLTEXT_LEASTCONFIDENCE,0.1279127416955875,0.13485374318294496,0.09866137828458106,0.11056023797719385,0.3708477937530987,0.23648983639067922,0.06965790778383739,0.10114030738720872,0.2885473475458602,0.33490332176499754,0.2625185919682697,0.12394645513138325,0.12592959841348536,0.1774913237481408,0.09866137828458106,0.14675260287555775,0.13212692117005453,0.2094695091720377,0.15865146256817056,0.12840852751611304,0.14452156668319285,0.11849281110560238,0.11973227565691621,0.09643034209221617,0.11378284581060982,0.12444224095190877,0.1960832920178483,0.2387208725830441,0.16683192860684184,0.7387208725830441,0.0932077342588002,0.11179970252850768,0.11700545364402579,1.0,0.11403073872087258,0.7773921665840356,0.11056023797719385
SMALLTEXT_LIGHTWEIGHTCORESET,0.12667327714427368,0.10808130887456618,0.16955875061973227,0.1789786812097174,0.11477441745166088,0.11799702528507684,0.09890927119484383,0.0887456618740704,0.11527020327218641,0.11551809618244918,0.11799702528507684,0.19856222112047595,0.1886465047099653,0.13435795736241943,0.16955875061973227,0.131631135349529,0.1301437778879524,0.11750123946455131,0.15245413981160139,0.17922657411998016,0.11874070401586515,0.17178978681209717,0.12667327714427368,0.13237481408031732,0.1893901834407536,0.11279127416955875,0.11675756073376302,0.11874070401586515,0.12320277640059495,0.11750123946455131,0.09742191373326722,0.1849281110560238,0.13138324243926625,0.11403073872087258,1.0,0.11551809618244918,0.17873078829945463
SMALLTEXT_PREDICTIONENTROPY,0.12915220624690135,0.13336638572136836,0.09742191373326722,0.10733763014377788,0.273921665840357,0.22459097669806644,0.07560733763014378,0.10014873574615767,0.3306891422905305,0.28755577590480913,0.2555775904809122,0.12394645513138325,0.1271690629647992,0.180466038671294,0.09742191373326722,0.14526524541398117,0.1331184928111056,0.20451165096678234,0.15121467526028756,0.12518591968269707,0.1479920674268716,0.11452652454139811,0.11799702528507684,0.09494298463063956,0.12097174020823004,0.12915220624690135,0.24020823004462072,0.1923648983639068,0.16162617749132374,0.7263262270699058,0.09494298463063956,0.10708973723351513,0.12221120475954388,0.7773921665840356,0.11551809618244918,1.0,0.10783341596430342
SMALLTEXT_RANDOM,0.11626177491323748,0.09345562716906297,0.15443728309370353,0.9977689638076351,0.11502231036192365,0.11303916707982152,0.0969261279127417,0.08403569657907783,0.1036192364898364,0.10411502231036192,0.1065939514129896,0.18666336142786316,0.18468021814576102,0.13237481408031732,0.15443728309370353,0.13658899355478432,0.12022806147744175,0.1212196331184928,0.15642042637580567,0.1841844323252355,0.11725334655428855,0.15047099652949925,0.12097174020823004,0.13336638572136836,0.1797223599405057,0.09519087754090233,0.10932077342588002,0.10783341596430342,0.11650966782350025,0.10485870104115022,0.09494298463063956,0.17649975210708974,0.12221120475954388,0.11056023797719385,0.17873078829945463,0.10783341596430342,1.0
