,ALIPY_CORESET_GREEDY,ALIPY_DENSITY_WEIGHTED,ALIPY_GRAPH_DENSITY,ALIPY_RANDOM,ALIPY_UNCERTAINTY_LC,ALIPY_UNCERTAINTY_MM,LIBACT_DWUS,LIBACT_QUIRE,LIBACT_UNCERTAINTY_ENT,LIBACT_UNCERTAINTY_LC,LIBACT_UNCERTAINTY_SM,OPTIMAL_GREEDY_10,OPTIMAL_GREEDY_20,PLAYGROUND_BANDIT,PLAYGROUND_GRAPH_DENSITY,PLAYGROUND_INFORMATIVE_DIVERSE,PLAYGROUND_KCENTER_GREEDY,PLAYGROUND_MARGIN,PLAYGROUND_MIXTURE,PLAYGROUND_UNIFORM,SKACTIVEML_COST_EMBEDDING,SKACTIVEML_DAL,SKACTIVEML_DWUS,SKACTIVEML_QBC,SKACTIVEML_QBC_VOTE_ENTROPY,SKACTIVEML_QUIRE,SKACTIVEML_US_ENTROPY,SKACTIVEML_US_LC,SKACTIVEML_US_MARGIN,SMALLTEXT_BREAKINGTIES,SMALLTEXT_CONTRASTIVEAL,SMALLTEXT_EMBEDDINGKMEANS,SMALLTEXT_GREEDYCORESET,SMALLTEXT_LEASTCONFIDENCE,SMALLTEXT_LIGHTWEIGHTCORESET,SMALLTEXT_PREDICTIONENTROPY,SMALLTEXT_RANDOM
ALIPY_CORESET_GREEDY,4034,517,381,448,320,329,328,504,251,248,263,665,661,334,381,434,4033,308,486,562,391,575,346,474,579,495,320,351,319,287,407,601,770,311,568,301,448
ALIPY_DENSITY_WEIGHTED,517,4034,337,379,496,466,511,672,400,411,430,596,592,456,337,430,518,414,455,541,494,581,563,463,532,676,436,472,474,442,436,548,594,444,582,443,379
ALIPY_GRAPH_DENSITY,381,337,4034,511,318,339,509,285,270,249,288,732,734,365,4034,407,381,333,487,670,370,567,572,514,668,332,235,246,254,283,347,746,560,254,640,268,511
ALIPY_RANDOM,448,379,511,4034,366,375,396,364,310,298,343,943,963,411,511,503,449,374,599,803,419,747,441,585,816,393,323,345,374,343,421,827,491,317,815,312,4034
ALIPY_UNCERTAINTY_LC,320,496,318,366,4034,2999,332,324,563,686,504,552,567,651,318,462,321,808,634,553,475,509,434,443,509,411,644,762,583,925,367,515,422,1449,514,1042,366
ALIPY_UNCERTAINTY_MM,329,466,339,375,2999,4034,371,324,454,490,701,594,594,754,339,468,330,1061,743,560,447,521,450,440,506,404,524,551,732,1446,350,550,439,941,560,836,375
LIBACT_DWUS,328,511,509,396,332,371,4034,428,299,284,317,590,542,353,509,346,328,318,362,505,410,504,669,512,599,456,293,307,338,296,441,666,494,274,544,274,396
LIBACT_QUIRE,504,672,285,364,324,324,428,4034,247,244,260,507,494,299,285,343,504,298,356,504,349,464,420,414,460,560,266,257,277,270,477,469,531,284,451,277,364
LIBACT_UNCERTAINTY_ENT,251,400,270,310,563,454,299,247,4034,3183,2950,416,409,374,270,459,251,326,350,396,376,398,396,337,424,366,722,550,429,708,306,404,360,823,397,1010,310
LIBACT_UNCERTAINTY_LC,248,411,249,298,686,490,284,244,3183,4034,3048,441,440,378,249,456,249,359,356,383,390,426,421,327,420,347,571,712,489,746,310,403,331,954,384,833,298
LIBACT_UNCERTAINTY_SM,263,430,288,343,504,701,317,260,2950,3048,4034,506,487,394,288,504,264,368,384,443,392,439,468,365,467,349,454,499,676,961,291,457,361,748,441,723,343
OPTIMAL_GREEDY_10,665,596,732,943,552,594,590,507,416,441,506,4034,2368,633,732,749,666,567,920,1241,571,1072,607,912,1260,592,516,551,559,508,540,1386,737,458,1144,440,943
OPTIMAL_GREEDY_20,661,592,734,963,567,594,542,494,409,440,487,2368,4034,623,734,780,662,544,910,1242,568,1093,639,883,1276,552,537,549,579,511,557,1364,714,476,1120,466,963
PLAYGROUND_BANDIT,334,456,365,411,651,754,353,299,374,378,394,633,623,4034,365,1340,335,2593,1557,580,863,553,387,531,558,564,440,437,452,690,397,536,390,581,579,568,411
PLAYGROUND_GRAPH_DENSITY,381,337,4034,511,318,339,509,285,270,249,288,732,734,365,4034,407,381,333,487,670,370,567,572,514,668,332,235,246,254,283,347,746,560,254,640,268,511
PLAYGROUND_INFORMATIVE_DIVERSE,434,430,407,503,462,468,346,343,459,456,504,749,780,1340,407,4034,435,1331,1304,648,673,649,483,544,653,490,452,478,501,445,394,655,460,441,614,423,503
PLAYGROUND_KCENTER_GREEDY,4033,518,381,449,321,330,328,504,251,249,264,666,662,335,381,435,4034,309,487,563,391,575,347,474,580,495,321,352,320,288,407,602,770,312,569,301,449
PLAYGROUND_MARGIN,308,414,333,374,808,1061,318,298,326,359,368,567,544,2593,333,1331,309,4034,1886,527,828,480,386,493,474,547,415,445,445,1020,372,494,376,775,491,681,374
PLAYGROUND_MIXTURE,486,455,487,599,634,743,362,356,350,356,384,920,910,1557,487,1304,487,1886,4034,869,654,702,423,599,775,531,447,449,481,688,417,756,496,580,739,533,599
PLAYGROUND_UNIFORM,562,541,670,803,553,560,505,504,396,383,443,1241,1242,580,670,648,563,527,869,4034,537,878,513,735,1022,516,441,442,487,453,532,1064,639,430,927,409,803
SKACTIVEML_COST_EMBEDDING,391,494,370,419,475,447,410,349,376,390,392,571,568,863,370,673,391,828,654,537,4034,571,447,516,576,658,450,433,423,387,400,521,414,397,581,401,419
SKACTIVEML_DAL,575,581,567,747,509,521,504,464,398,426,439,1072,1093,553,567,649,575,480,702,878,571,4034,607,662,961,552,513,539,548,492,551,912,639,481,870,452,747
SKACTIVEML_DWUS,346,563,572,441,434,450,669,420,396,421,468,607,639,387,572,483,347,386,423,513,447,607,4034,534,607,477,436,433,475,424,477,659,509,391,589,391,441
SKACTIVEML_QBC,474,463,514,585,443,440,512,414,337,327,365,912,883,531,514,544,474,493,599,735,516,662,534,4034,788,491,388,400,428,395,470,761,514,358,690,350,585
SKACTIVEML_QBC_VOTE_ENTROPY,579,532,668,816,509,506,599,460,424,420,467,1260,1276,558,668,653,580,474,775,1022,576,961,607,788,4034,539,468,483,492,455,534,1059,684,436,956,416,816
SKACTIVEML_QUIRE,495,676,332,393,411,404,456,560,366,347,349,592,552,564,332,490,495,547,531,516,658,552,477,491,539,4034,415,411,402,365,440,517,606,385,535,390,393
SKACTIVEML_US_ENTROPY,320,436,235,323,644,524,293,266,722,571,454,516,537,440,235,452,321,415,447,441,450,513,436,388,468,415,4034,3161,2965,466,340,457,403,582,450,757,323
SKACTIVEML_US_LC,351,472,246,345,762,551,307,257,550,712,499,551,549,437,246,478,352,445,449,442,433,539,433,400,483,411,3161,4034,3055,508,349,458,403,723,465,576,345
SKACTIVEML_US_MARGIN,319,474,254,374,583,732,338,277,429,489,676,559,579,452,254,501,320,445,481,487,423,548,475,428,492,402,2965,3055,4034,669,329,506,406,524,498,465,374
SMALLTEXT_BREAKINGTIES,287,442,283,343,925,1446,296,270,708,746,961,508,511,690,283,445,288,1020,688,453,387,492,424,395,455,365,466,508,669,4034,303,477,370,3009,473,2940,343
SMALLTEXT_CONTRASTIVEAL,407,436,347,421,367,350,441,477,306,310,291,540,557,397,347,394,407,372,417,532,400,551,477,470,534,440,340,349,329,303,4034,547,558,334,541,327,421
SMALLTEXT_EMBEDDINGKMEANS,601,548,746,827,515,550,666,469,404,403,457,1386,1364,536,746,655,602,494,756,1064,521,912,659,761,1059,517,457,458,506,477,547,4034,653,447,1047,439,827
SMALLTEXT_GREEDYCORESET,770,594,560,491,422,439,494,531,360,331,361,737,714,390,560,460,770,376,496,639,414,639,509,514,684,606,403,403,406,370,558,653,4034,361,661,377,491
SMALLTEXT_LEASTCONFIDENCE,311,444,254,317,1449,941,274,284,823,954,748,458,476,581,254,441,312,775,580,430,397,481,391,358,436,385,582,723,524,3009,334,447,361,4034,421,3113,317
SMALLTEXT_LIGHTWEIGHTCORESET,568,582,640,815,514,560,544,451,397,384,441,1144,1120,579,640,614,569,491,739,927,581,870,589,690,956,535,450,465,498,473,541,1047,661,421,4034,423,815
SMALLTEXT_PREDICTIONENTROPY,301,443,268,312,1042,836,274,277,1010,833,723,440,466,568,268,423,301,681,533,409,401,452,391,350,416,390,757,576,465,2940,327,439,377,3113,423,4034,312
SMALLTEXT_RANDOM,448,379,511,4034,366,375,396,364,310,298,343,943,963,411,511,503,449,374,599,803,419,747,441,585,816,393,323,345,374,343,421,827,491,317,815,312,4034
