,ALIPY_CORESET_GREEDY,ALIPY_DENSITY_WEIGHTED,ALIPY_GRAPH_DENSITY,ALIPY_RANDOM,ALIPY_UNCERTAINTY_LC,ALIPY_UNCERTAINTY_MM,LIBACT_DWUS,LIBACT_QUIRE,LIBACT_UNCERTAINTY_ENT,LIBACT_UNCERTAINTY_LC,LIBACT_UNCERTAINTY_SM,OPTIMAL_GREEDY_10,OPTIMAL_GREEDY_20,PLAYGROUND_BANDIT,PLAYGROUND_GRAPH_DENSITY,PLAYGROUND_INFORMATIVE_DIVERSE,PLAYGROUND_KCENTER_GREEDY,PLAYGROUND_MARGIN,PLAYGROUND_MIXTURE,PLAYGROUND_UNIFORM,SKACTIVEML_COST_EMBEDDING,SKACTIVEML_DAL,SKACTIVEML_DWUS,SKACTIVEML_QBC,SKACTIVEML_QBC_VOTE_ENTROPY,SKACTIVEML_QUIRE,SKACTIVEML_US_ENTROPY,SKACTIVEML_US_LC,SKACTIVEML_US_MARGIN,SMALLTEXT_BREAKINGTIES,SMALLTEXT_CONTRASTIVEAL,SMALLTEXT_EMBEDDINGKMEANS,SMALLTEXT_GREEDYCORESET,SMALLTEXT_LEASTCONFIDENCE,SMALLTEXT_LIGHTWEIGHTCORESET,SMALLTEXT_PREDICTIONENTROPY,SMALLTEXT_RANDOM
ALIPY_CORESET_GREEDY,4034,946,110,262,258,216,88,1098,240,219,196,280,301,284,126,301,2803,246,285,251,428,355,247,269,261,539,234,227,190,186,579,231,1138,214,381,219,249
ALIPY_DENSITY_WEIGHTED,946,4034,122,220,474,421,138,1078,418,437,363,344,343,437,129,442,952,425,374,310,557,402,324,270,338,703,476,449,379,350,540,261,1262,406,443,455,219
ALIPY_GRAPH_DENSITY,110,122,4034,516,295,323,420,185,232,224,247,585,577,379,2880,347,120,273,315,601,414,503,509,564,595,233,224,211,244,240,401,587,81,227,420,228,543
ALIPY_RANDOM,262,220,516,4034,377,386,550,207,271,291,314,1031,1048,652,505,561,232,427,628,1121,665,949,612,947,1076,428,296,282,320,302,600,821,154,244,731,254,2806
ALIPY_UNCERTAINTY_LC,258,474,295,377,4034,2211,313,268,706,774,688,513,493,613,297,687,245,706,603,493,617,491,406,418,506,418,750,808,678,763,435,365,245,1105,498,915,373
ALIPY_UNCERTAINTY_MM,216,421,323,386,2211,4034,341,234,624,635,725,553,498,669,334,711,206,848,672,536,596,543,408,453,527,368,659,674,786,1070,433,397,194,812,497,785,391
LIBACT_DWUS,88,138,420,550,313,341,4034,298,264,256,280,692,700,448,430,430,70,349,359,731,414,691,1591,854,701,343,254,266,282,255,582,1654,48,250,345,247,512
LIBACT_QUIRE,1098,1078,185,207,268,234,298,4034,239,244,199,317,306,298,184,299,1082,235,238,321,486,364,391,377,371,712,237,259,192,185,717,389,1268,224,402,213,193
LIBACT_UNCERTAINTY_ENT,240,418,232,271,706,624,264,239,4034,2359,2223,405,376,457,236,521,261,476,397,419,491,377,306,326,366,354,775,725,634,693,352,307,276,739,376,848,262
LIBACT_UNCERTAINTY_LC,219,437,224,291,774,635,256,244,2359,4034,2283,370,371,473,238,504,232,506,402,369,493,355,331,296,358,337,742,809,678,700,333,300,239,849,402,818,255
LIBACT_UNCERTAINTY_SM,196,363,247,314,688,725,280,199,2223,2283,4034,418,391,509,256,533,197,504,418,425,517,426,328,329,404,314,657,651,778,799,311,314,191,712,420,718,314
OPTIMAL_GREEDY_10,280,344,585,1031,513,553,692,317,405,370,418,4034,1523,879,552,775,283,598,824,1503,864,1224,833,1196,1489,569,374,381,394,388,777,1066,187,367,990,382,1023
OPTIMAL_GREEDY_20,301,343,577,1048,493,498,700,306,376,371,391,1523,4034,897,561,761,296,573,833,1360,881,1187,825,1156,1390,565,374,360,426,358,758,1086,201,353,970,373,1048
PLAYGROUND_BANDIT,284,437,379,652,613,669,448,298,457,473,509,879,897,4034,357,1652,276,1542,1655,888,968,834,542,671,860,520,491,504,507,501,597,593,234,475,777,494,673
PLAYGROUND_GRAPH_DENSITY,126,129,2880,505,297,334,430,184,236,238,256,552,561,357,4034,344,112,276,319,609,407,519,494,525,582,230,240,239,254,217,414,559,80,234,419,235,511
PLAYGROUND_INFORMATIVE_DIVERSE,301,442,347,561,687,711,430,299,521,504,533,775,761,1652,344,4034,270,1559,1476,775,911,781,507,639,754,473,548,547,584,538,580,558,261,529,717,522,596
PLAYGROUND_KCENTER_GREEDY,2803,952,120,232,245,206,70,1082,261,232,197,283,296,276,112,270,4034,247,280,255,388,351,227,284,258,534,214,218,188,186,573,224,1158,213,383,212,247
PLAYGROUND_MARGIN,246,425,273,427,706,848,349,235,476,506,504,598,573,1542,276,1559,247,4034,1999,584,712,549,405,479,557,426,511,507,538,693,441,425,193,620,533,567,452
PLAYGROUND_MIXTURE,285,374,315,628,603,672,359,238,397,402,418,824,833,1655,319,1476,280,1999,4034,864,786,816,469,668,825,459,414,426,466,535,493,569,215,447,666,461,650
PLAYGROUND_UNIFORM,251,310,601,1121,493,536,731,321,419,369,425,1503,1360,888,609,775,255,584,864,4034,913,1289,834,1223,1527,489,381,378,420,383,785,1127,167,336,969,372,1107
SKACTIVEML_COST_EMBEDDING,428,557,414,665,617,596,414,486,491,493,517,864,881,968,407,911,388,712,786,913,4034,852,581,739,902,754,478,494,501,446,683,578,395,448,899,486,674
SKACTIVEML_DAL,355,402,503,949,491,543,691,364,377,355,426,1224,1187,834,519,781,351,549,816,1289,852,4034,786,1141,1295,559,381,386,448,367,764,998,260,323,961,371,916
SKACTIVEML_DWUS,247,324,509,612,406,408,1591,391,306,331,328,833,825,542,494,507,227,405,469,834,581,786,4034,931,874,475,320,325,335,315,738,1241,226,309,447,316,622
SKACTIVEML_QBC,269,270,564,947,418,453,854,377,326,296,329,1196,1156,671,525,639,284,479,668,1223,739,1141,931,4034,1260,546,316,302,357,302,747,1191,242,284,776,292,931
SKACTIVEML_QBC_VOTE_ENTROPY,261,338,595,1076,506,527,701,371,366,358,404,1489,1390,860,582,754,258,557,825,1527,902,1295,874,1260,4034,517,383,402,426,369,797,1088,195,369,1006,367,1063
SKACTIVEML_QUIRE,539,703,233,428,418,368,343,712,354,337,314,569,565,520,230,473,534,426,459,489,754,559,475,546,517,4034,346,372,295,285,718,434,725,324,643,360,404
SKACTIVEML_US_ENTROPY,234,476,224,296,750,659,254,237,775,742,657,374,374,491,240,548,214,511,414,381,478,381,320,316,383,346,4034,2385,2288,605,355,283,238,670,429,763,299
SKACTIVEML_US_LC,227,449,211,282,808,674,266,259,725,809,651,381,360,504,239,547,218,507,426,378,494,386,325,302,402,372,2385,4034,2274,630,360,288,251,704,391,718,297
SKACTIVEML_US_MARGIN,190,379,244,320,678,786,282,192,634,678,778,394,426,507,254,584,188,538,466,420,501,448,335,357,426,295,2288,2274,4034,675,325,326,173,640,432,625,323
SMALLTEXT_BREAKINGTIES,186,350,240,302,763,1070,255,185,693,700,799,388,358,501,217,538,186,693,535,383,446,367,315,302,369,285,605,630,675,4034,295,326,174,2274,370,2213,285
SMALLTEXT_CONTRASTIVEAL,579,540,401,600,435,433,582,717,352,333,311,777,758,597,414,580,573,441,493,785,683,764,738,747,797,718,355,360,325,295,4034,646,594,313,680,317,594
SMALLTEXT_EMBEDDINGKMEANS,231,261,587,821,365,397,1654,389,307,300,314,1066,1086,593,559,558,224,425,569,1127,578,998,1241,1191,1088,434,283,288,326,326,646,4034,288,299,679,294,838
SMALLTEXT_GREEDYCORESET,1138,1262,81,154,245,194,48,1268,276,239,191,187,201,234,80,261,1158,193,215,167,395,260,226,242,195,725,238,251,173,174,594,288,4034,232,496,241,154
SMALLTEXT_LEASTCONFIDENCE,214,406,227,244,1105,812,250,224,739,849,712,367,353,475,234,529,213,620,447,336,448,323,309,284,369,324,670,704,640,2274,313,299,232,4034,386,2351,262
SMALLTEXT_LIGHTWEIGHTCORESET,381,443,420,731,498,497,345,402,376,402,420,990,970,777,419,717,383,533,666,969,899,961,447,776,1006,643,429,391,432,370,680,679,496,386,4034,379,702
SMALLTEXT_PREDICTIONENTROPY,219,455,228,254,915,785,247,213,848,818,718,382,373,494,235,522,212,567,461,372,486,371,316,292,367,360,763,718,625,2213,317,294,241,2351,379,4034,261
SMALLTEXT_RANDOM,249,219,543,2806,373,391,512,193,262,255,314,1023,1048,673,511,596,247,452,650,1107,674,916,622,931,1063,404,299,297,323,285,594,838,154,262,702,261,4034
