,ALIPY_CORESET_GREEDY,ALIPY_DENSITY_WEIGHTED,ALIPY_GRAPH_DENSITY,ALIPY_RANDOM,ALIPY_UNCERTAINTY_LC,ALIPY_UNCERTAINTY_MM,LIBACT_DWUS,LIBACT_QUIRE,LIBACT_UNCERTAINTY_ENT,LIBACT_UNCERTAINTY_LC,LIBACT_UNCERTAINTY_SM,OPTIMAL_GREEDY_10,OPTIMAL_GREEDY_20,PLAYGROUND_BANDIT,PLAYGROUND_GRAPH_DENSITY,PLAYGROUND_INFORMATIVE_DIVERSE,PLAYGROUND_KCENTER_GREEDY,PLAYGROUND_MARGIN,PLAYGROUND_MIXTURE,PLAYGROUND_UNIFORM,SKACTIVEML_COST_EMBEDDING,SKACTIVEML_DAL,SKACTIVEML_DWUS,SKACTIVEML_QBC,SKACTIVEML_QBC_VOTE_ENTROPY,SKACTIVEML_QUIRE,SKACTIVEML_US_ENTROPY,SKACTIVEML_US_LC,SKACTIVEML_US_MARGIN,SMALLTEXT_BREAKINGTIES,SMALLTEXT_CONTRASTIVEAL,SMALLTEXT_EMBEDDINGKMEANS,SMALLTEXT_GREEDYCORESET,SMALLTEXT_LEASTCONFIDENCE,SMALLTEXT_LIGHTWEIGHTCORESET,SMALLTEXT_PREDICTIONENTROPY,SMALLTEXT_RANDOM
ALIPY_CORESET_GREEDY,1.0,0.6551809618244918,0.9908279623202776,0.9913237481408032,0.8579573624194348,0.8591968269707486,0.13187902825979178,0.19955379276152702,0.32796232027764005,0.32449181953396133,0.3296975706494794,0.0007436787307882995,0.0,0.6608824987605354,0.9920674268715914,0.8512642538423401,0.9972731779871096,0.8507684680218146,0.6668319286068418,0.9913237481408032,0.018591968269707486,0.0039662865642042635,0.20624690133862172,0.008180466038671294,0.0066931085770946955,0.0421417947446703,0.1983143282102132,0.19881011403073873,0.19781854238968766,0.8118492811105602,0.33886960832920177,0.1308874566187407,0.6797223599405057,0.8510163609320773,0.8485374318294496,0.6006445215666832,0.9913237481408032
ALIPY_DENSITY_WEIGHTED,0.6551809618244918,1.0,0.6479920674268715,0.6626177491323748,0.7734258800198315,0.7759048091224591,0.14080317302925136,0.21864154685176004,0.2307882994546356,0.22682201289043133,0.22830937035200793,0.03495290034705007,0.002478929102627665,0.66038671294001,0.6492315319781854,0.7716906296479921,0.6564204263758057,0.7731779871095686,0.6279127416955875,0.6626177491323748,0.03619236489836391,0.05552801189885969,0.18319286068418444,0.04709965294992563,0.04462072384729797,0.06370847793753098,0.1782350024789291,0.17575607337630145,0.1782350024789291,0.7825979176995538,0.4910758552305404,0.2226078334159643,0.7397124442240952,0.7744174516608825,0.7768963807635102,0.8296975706494795,0.6626177491323748
ALIPY_GRAPH_DENSITY,0.9908279623202776,0.6479920674268715,1.0,0.984134853743183,0.8507684680218146,0.8520079325731285,0.13262270699058007,0.20228061477441744,0.322756569162122,0.31928606841844326,0.32399603371343577,0.0007436787307882995,0.0,0.6546851760039663,0.9945463559742191,0.8440753594447199,0.9910758552305404,0.8435795736241943,0.6626177491323748,0.984134853743183,0.018591968269707486,0.0039662865642042635,0.21343579573624194,0.008180466038671294,0.0066931085770946955,0.0421417947446703,0.2055032226078334,0.20599900842835894,0.20500743678730787,0.80466038671294,0.3455627169062965,0.1308874566187407,0.6859196826970748,0.8438274665344571,0.8413485374318295,0.5969261279127417,0.984134853743183
ALIPY_RANDOM,0.9913237481408032,0.6626177491323748,0.984134853743183,1.0,0.866137828458106,0.8673772930094199,0.13187902825979178,0.19533961328705998,0.3296975706494794,0.3257312840852752,0.33093703520079326,0.0007436787307882995,0.0,0.6641051065939514,0.9853743182944967,0.8599405057015369,0.992563212692117,0.8589489340604859,0.6710461080813088,1.0,0.018591968269707486,0.0039662865642042635,0.19955379276152702,0.008180466038671294,0.0066931085770946955,0.0421417947446703,0.19186911254338126,0.19211700545364402,0.19112543381259295,0.8200297471492315,0.3326722855726326,0.1308874566187407,0.6710461080813088,0.8591968269707486,0.8552305404065443,0.6016360932077343,1.0
ALIPY_UNCERTAINTY_LC,0.8579573624194348,0.7734258800198315,0.8507684680218146,0.866137828458106,1.0,0.9846306395637084,0.161378284581061,0.2203767972235994,0.33143282102131877,0.32771442736737727,0.3329201784828954,0.0007436787307882995,0.0,0.7709469509172038,0.8515121467526029,0.9779375309866137,0.8591968269707486,0.9759543877045117,0.7786316311353495,0.866137828458106,0.018591968269707486,0.00421417947446703,0.20079325731284084,0.008180466038671294,0.0066931085770946955,0.06122954883490332,0.19335647000495787,0.19360436291522062,0.19261279127416955,0.9390183440753594,0.4181953396132871,0.15964303420922163,0.7947446703024293,0.977689638076351,0.9722359940505702,0.7174020823004462,0.866137828458106
ALIPY_UNCERTAINTY_MM,0.8591968269707486,0.7759048091224591,0.8520079325731285,0.8673772930094199,0.9846306395637084,1.0,0.1628656420426376,0.21913733267228558,0.33168071393158155,0.32796232027764005,0.3331680713931582,0.0007436787307882995,0.0,0.7709469509172038,0.8527516113039167,0.9789291026276649,0.8604362915220625,0.9806643529995042,0.7801189885969261,0.8673772930094199,0.018591968269707486,0.004462072384729797,0.20104115022310362,0.008180466038671294,0.0066931085770946955,0.06246901338621715,0.19360436291522062,0.1938522558254834,0.19286068418443233,0.9410014873574616,0.4194348041646009,0.15964303420922163,0.7947446703024293,0.9796727813584531,0.9764501735250372,0.7201289043133366,0.8673772930094199
LIBACT_DWUS,0.13187902825979178,0.14080317302925136,0.13262270699058007,0.13187902825979178,0.161378284581061,0.1628656420426376,1.0,0.036440257808626676,0.028507684680218144,0.02900347050074368,0.02875557759048091,0.0017352503718393653,0.00024789291026276647,0.17501239464551313,0.13212692117005453,0.16410510659395142,0.13187902825979178,0.16460089241447695,0.17278135845314824,0.13187902825979178,0.02057511155180962,0.001487357461576599,0.03024293505205751,0.005701536936043629,0.005453644025780862,0.04685176003966286,0.03024293505205751,0.029747149231531978,0.029995042141794746,0.16807139315815567,0.14229053049082796,0.1294000991571641,0.18170550322260784,0.16088249876053545,0.16212196331184928,0.16782350024789291,0.13187902825979178
LIBACT_QUIRE,0.19955379276152702,0.21864154685176004,0.20228061477441744,0.19533961328705998,0.2203767972235994,0.21913733267228558,0.036440257808626676,1.0,0.015369360436291522,0.015617253346554288,0.015865146256817054,0.001487357461576599,0.0,0.2020327218641547,0.20302429350520576,0.21913733267228558,0.19856222112047595,0.21839365394149726,0.19038175508180466,0.19533961328705998,0.017104610808130888,0.00991571641051066,0.03743182944967774,0.009667823500247892,0.010163609320773426,0.05081804660386713,0.036936043629152204,0.03668815071888944,0.03619236489836391,0.21938522558254833,0.22211204759543876,0.08849776896380764,0.2352503718393654,0.21740208230044622,0.2188894397620228,0.21938522558254833,0.19533961328705998
LIBACT_UNCERTAINTY_ENT,0.32796232027764005,0.2307882994546356,0.322756569162122,0.3296975706494794,0.33143282102131877,0.33168071393158155,0.028507684680218144,0.015369360436291522,1.0,0.8904313336638572,0.8939018344075359,0.0007436787307882995,0.0,0.4226574119980169,0.3220128904313337,0.3321764997521071,0.32821021318790283,0.3326722855726326,0.3934060485870104,0.3296975706494794,0.18790282597917699,0.10114030738720872,0.653941497273178,0.011650966782350025,0.007188894397620228,0.008180466038671294,0.6551809618244918,0.6554288547347545,0.6588993554784334,0.3294496777392167,0.0984134853743183,0.04561229548834903,0.33118492811105604,0.3306891422905305,0.33490332176499754,0.2345066931085771,0.3296975706494794
LIBACT_UNCERTAINTY_LC,0.32449181953396133,0.22682201289043133,0.31928606841844326,0.3257312840852752,0.32771442736737727,0.32796232027764005,0.02900347050074368,0.015617253346554288,0.8904313336638572,1.0,0.8946455131383242,0.0009915716410510659,0.0,0.42067426871591473,0.3190381755081805,0.3294496777392167,0.3247397124442241,0.3299454635597422,0.39018344075359446,0.3257312840852752,0.18244918195339613,0.10014873574615767,0.6541893901834408,0.012890431333663858,0.008180466038671294,0.008676251859196828,0.6517104610808131,0.6584035696579078,0.657164105106594,0.32870599900842834,0.09766980664352999,0.0451165096678235,0.3306891422905305,0.326970748636589,0.3321764997521071,0.2300446207238473,0.3257312840852752
LIBACT_UNCERTAINTY_SM,0.3296975706494794,0.22830937035200793,0.32399603371343577,0.33093703520079326,0.3329201784828954,0.3331680713931582,0.02875557759048091,0.015865146256817054,0.8939018344075359,0.8946455131383242,1.0,0.0007436787307882995,0.0,0.42191373326722853,0.32374814080317305,0.3341596430342092,0.3299454635597422,0.3341596430342092,0.39390183440753596,0.33093703520079326,0.1871591472483887,0.09940505701536936,0.658155676747645,0.012146752602875557,0.006445215666831929,0.008676251859196828,0.658155676747645,0.6621219633118492,0.6618740704015865,0.3294496777392167,0.0984134853743183,0.046355974219137334,0.3306891422905305,0.3326722855726326,0.3368864650470996,0.23252354982647497,0.33093703520079326
OPTIMAL_GREEDY_10,0.0007436787307882995,0.03495290034705007,0.0007436787307882995,0.0007436787307882995,0.0007436787307882995,0.0007436787307882995,0.0017352503718393653,0.001487357461576599,0.0007436787307882995,0.0009915716410510659,0.0007436787307882995,1.0,0.005205751115518097,0.0012394645513138325,0.0007436787307882995,0.0007436787307882995,0.0007436787307882995,0.0007436787307882995,0.001487357461576599,0.0007436787307882995,0.0,0.011155180961824492,0.001487357461576599,0.11155180961824492,0.10882498760535449,0.0,0.0009915716410510659,0.0007436787307882995,0.0012394645513138325,0.001487357461576599,0.011155180961824492,0.002726822012890431,0.015617253346554288,0.0009915716410510659,0.0007436787307882995,0.052553296975706494,0.0007436787307882995
OPTIMAL_GREEDY_20,0.0,0.002478929102627665,0.0,0.0,0.0,0.0,0.00024789291026276647,0.0,0.0,0.0,0.0,0.005205751115518097,1.0,0.0,0.0,0.0,0.0,0.0,0.0,0.0,0.0,0.0,0.0,0.0004957858205255329,0.0,0.0,0.0,0.0,0.0,0.0,0.02900347050074368,0.00421417947446703,0.0004957858205255329,0.0,0.0,0.0007436787307882995,0.0
PLAYGROUND_BANDIT,0.6608824987605354,0.66038671294001,0.6546851760039663,0.6641051065939514,0.7709469509172038,0.7709469509172038,0.17501239464551313,0.2020327218641547,0.4226574119980169,0.42067426871591473,0.42191373326722853,0.0012394645513138325,0.0,1.0,0.6544372830937035,0.7739216658403569,0.6611303916707982,0.7739216658403569,0.8334159643034209,0.6641051065939514,0.024293505205751114,0.007932573128408527,0.2925136341100645,0.009667823500247892,0.008180466038671294,0.07288051561725335,0.2860684184432325,0.2863163113534953,0.2848289538919187,0.7647496281606346,0.4407535944471988,0.2592959841348537,0.7741695587506198,0.7734258800198315,0.7759048091224591,0.7012890431333664,0.6641051065939514
PLAYGROUND_GRAPH_DENSITY,0.9920674268715914,0.6492315319781854,0.9945463559742191,0.9853743182944967,0.8515121467526029,0.8527516113039167,0.13212692117005453,0.20302429350520576,0.3220128904313337,0.3190381755081805,0.32374814080317305,0.0007436787307882995,0.0,0.6544372830937035,1.0,0.8453148239960337,0.9918195339613287,0.8443232523549826,0.6631135349529004,0.9853743182944967,0.018591968269707486,0.0039662865642042635,0.2114526524541398,0.008180466038671294,0.006941001487357461,0.0421417947446703,0.2035200793257313,0.20401586514625683,0.20302429350520576,0.8058998512642539,0.3440753594447199,0.1308874566187407,0.6846802181457611,0.8445711452652455,0.8420922161626178,0.5961824491819534,0.9853743182944967
PLAYGROUND_INFORMATIVE_DIVERSE,0.8512642538423401,0.7716906296479921,0.8440753594447199,0.8599405057015369,0.9779375309866137,0.9789291026276649,0.16410510659395142,0.21913733267228558,0.3321764997521071,0.3294496777392167,0.3341596430342092,0.0007436787307882995,0.0,0.7739216658403569,0.8453148239960337,1.0,0.8525037183936539,0.9742191373326723,0.7833415964303421,0.8599405057015369,0.018591968269707486,0.00421417947446703,0.20153693604362916,0.007932573128408527,0.006941001487357461,0.06172533465542886,0.19558750619732276,0.19583539910758552,0.1938522558254834,0.940505701536936,0.42389687654933067,0.16063460585027267,0.7994546355974219,0.9759543877045117,0.9727317798710957,0.7228557263262271,0.8599405057015369
PLAYGROUND_KCENTER_GREEDY,0.9972731779871096,0.6564204263758057,0.9910758552305404,0.992563212692117,0.8591968269707486,0.8604362915220625,0.13187902825979178,0.19856222112047595,0.32821021318790283,0.3247397124442241,0.3299454635597422,0.0007436787307882995,0.0,0.6611303916707982,0.9918195339613287,0.8525037183936539,1.0,0.8520079325731285,0.6680713931581557,0.992563212692117,0.018591968269707486,0.0039662865642042635,0.20525532969757065,0.008180466038671294,0.0066931085770946955,0.0421417947446703,0.19732275656916212,0.19781854238968766,0.1968269707486366,0.8130887456618741,0.3381259295984135,0.1308874566187407,0.6784828953891918,0.8522558254833912,0.8497768963807635,0.6003966286564204,0.992563212692117
PLAYGROUND_MARGIN,0.8507684680218146,0.7731779871095686,0.8435795736241943,0.8589489340604859,0.9759543877045117,0.9806643529995042,0.16460089241447695,0.21839365394149726,0.3326722855726326,0.3299454635597422,0.3341596430342092,0.0007436787307882995,0.0,0.7739216658403569,0.8443232523549826,0.9742191373326723,0.8520079325731285,1.0,0.7816063460585028,0.8589489340604859,0.018591968269707486,0.004462072384729797,0.2020327218641547,0.008180466038671294,0.007188894397620228,0.061973227565691624,0.19509172037679723,0.19533961328705998,0.1938522558254834,0.9392662369856222,0.4226574119980169,0.16013882002974714,0.7962320277640059,0.9781854238968766,0.9717402082300446,0.7208725830441249,0.8589489340604859
PLAYGROUND_MIXTURE,0.6668319286068418,0.6279127416955875,0.6626177491323748,0.6710461080813088,0.7786316311353495,0.7801189885969261,0.17278135845314824,0.19038175508180466,0.3934060485870104,0.39018344075359446,0.39390183440753596,0.001487357461576599,0.0,0.8334159643034209,0.6631135349529004,0.7833415964303421,0.6680713931581557,0.7816063460585028,1.0,0.6710461080813088,0.02528507684680218,0.0066931085770946955,0.2662369856222112,0.0066931085770946955,0.006941001487357461,0.06569162121963312,0.2595438770451165,0.26003966286564206,0.2580565195835399,0.7597917699553792,0.39067922657411996,0.21938522558254833,0.7615270203272186,0.7830937035200793,0.7813584531482399,0.6534457114526524,0.6710461080813088
PLAYGROUND_UNIFORM,0.9913237481408032,0.6626177491323748,0.984134853743183,1.0,0.866137828458106,0.8673772930094199,0.13187902825979178,0.19533961328705998,0.3296975706494794,0.3257312840852752,0.33093703520079326,0.0007436787307882995,0.0,0.6641051065939514,0.9853743182944967,0.8599405057015369,0.992563212692117,0.8589489340604859,0.6710461080813088,1.0,0.018591968269707486,0.0039662865642042635,0.19955379276152702,0.008180466038671294,0.0066931085770946955,0.0421417947446703,0.19186911254338126,0.19211700545364402,0.19112543381259295,0.8200297471492315,0.3326722855726326,0.1308874566187407,0.6710461080813088,0.8591968269707486,0.8552305404065443,0.6016360932077343,1.0
SKACTIVEML_COST_EMBEDDING,0.018591968269707486,0.03619236489836391,0.018591968269707486,0.018591968269707486,0.018591968269707486,0.018591968269707486,0.02057511155180962,0.017104610808130888,0.18790282597917699,0.18244918195339613,0.1871591472483887,0.0,0.0,0.024293505205751114,0.018591968269707486,0.018591968269707486,0.018591968269707486,0.018591968269707486,0.02528507684680218,0.018591968269707486,1.0,0.06618740704015866,0.21492315319781854,0.0004957858205255329,0.00024789291026276647,0.04338125929598413,0.21021318790282598,0.21021318790282598,0.2092216162617749,0.018839861179970253,0.08775409023301933,0.11403073872087258,0.022806147744174516,0.018591968269707486,0.018839861179970253,0.020823004462072386,0.018591968269707486
SKACTIVEML_DAL,0.0039662865642042635,0.05552801189885969,0.0039662865642042635,0.0039662865642042635,0.00421417947446703,0.004462072384729797,0.001487357461576599,0.00991571641051066,0.10114030738720872,0.10014873574615767,0.09940505701536936,0.011155180961824492,0.0,0.007932573128408527,0.0039662865642042635,0.00421417947446703,0.0039662865642042635,0.004462072384729797,0.0066931085770946955,0.0039662865642042635,0.06618740704015866,1.0,0.19410014873574616,0.05751115518096182,0.05999008428358949,0.007684680218145761,0.2057511155180962,0.2035200793257313,0.20624690133862172,0.00917203767972236,0.049826474962816066,0.011155180961824492,0.006445215666831929,0.00421417947446703,0.00421417947446703,0.07337630143777887,0.0039662865642042635
SKACTIVEML_DWUS,0.20624690133862172,0.18319286068418444,0.21343579573624194,0.19955379276152702,0.20079325731284084,0.20104115022310362,0.03024293505205751,0.03743182944967774,0.653941497273178,0.6541893901834408,0.658155676747645,0.001487357461576599,0.0,0.2925136341100645,0.2114526524541398,0.20153693604362916,0.20525532969757065,0.2020327218641547,0.2662369856222112,0.19955379276152702,0.21492315319781854,0.19410014873574616,1.0,0.011403073872087258,0.008180466038671294,0.008676251859196828,0.8495290034705008,0.8527516113039167,0.8525037183936539,0.23029251363411007,0.17402082300446206,0.0480912245909767,0.27565691621219635,0.20029747149231533,0.20376797223599405,0.23326722855726326,0.19955379276152702
SKACTIVEML_QBC,0.008180466038671294,0.04709965294992563,0.008180466038671294,0.008180466038671294,0.008180466038671294,0.008180466038671294,0.005701536936043629,0.009667823500247892,0.011650966782350025,0.012890431333663858,0.012146752602875557,0.11155180961824492,0.0004957858205255329,0.009667823500247892,0.008180466038671294,0.007932573128408527,0.008180466038671294,0.008180466038671294,0.0066931085770946955,0.008180466038671294,0.0004957858205255329,0.05751115518096182,0.011403073872087258,1.0,0.6871591472483887,0.00024789291026276647,0.012890431333663858,0.013386217154189391,0.014625681705503223,0.008924144769459593,0.016608824987605353,0.00421417947446703,0.02949925632126921,0.007932573128408527,0.008180466038671294,0.07436787307882994,0.008180466038671294
SKACTIVEML_QBC_VOTE_ENTROPY,0.0066931085770946955,0.04462072384729797,0.0066931085770946955,0.0066931085770946955,0.0066931085770946955,0.0066931085770946955,0.005453644025780862,0.010163609320773426,0.007188894397620228,0.008180466038671294,0.006445215666831929,0.10882498760535449,0.0,0.008180466038671294,0.006941001487357461,0.006941001487357461,0.0066931085770946955,0.007188894397620228,0.006941001487357461,0.0066931085770946955,0.00024789291026276647,0.05999008428358949,0.008180466038671294,0.6871591472483887,1.0,0.00024789291026276647,0.007932573128408527,0.007932573128408527,0.008676251859196828,0.007932573128408527,0.01636093207734259,0.0012394645513138325,0.027764005949429845,0.006941001487357461,0.0066931085770946955,0.07188894397620228,0.0066931085770946955
SKACTIVEML_QUIRE,0.0421417947446703,0.06370847793753098,0.0421417947446703,0.0421417947446703,0.06122954883490332,0.06246901338621715,0.04685176003966286,0.05081804660386713,0.008180466038671294,0.008676251859196828,0.008676251859196828,0.0,0.0,0.07288051561725335,0.0421417947446703,0.06172533465542886,0.0421417947446703,0.061973227565691624,0.06569162121963312,0.0421417947446703,0.04338125929598413,0.007684680218145761,0.008676251859196828,0.00024789291026276647,0.00024789291026276647,1.0,0.008924144769459593,0.00842835894893406,0.008676251859196828,0.06296479920674268,0.0991571641051066,0.18591968269707487,0.06271690629647993,0.06147744174516609,0.06321269211700545,0.06420426375805652,0.0421417947446703
SKACTIVEML_US_ENTROPY,0.1983143282102132,0.1782350024789291,0.2055032226078334,0.19186911254338126,0.19335647000495787,0.19360436291522062,0.03024293505205751,0.036936043629152204,0.6551809618244918,0.6517104610808131,0.658155676747645,0.0009915716410510659,0.0,0.2860684184432325,0.2035200793257313,0.19558750619732276,0.19732275656916212,0.19509172037679723,0.2595438770451165,0.19186911254338126,0.21021318790282598,0.2057511155180962,0.8495290034705008,0.012890431333663858,0.007932573128408527,0.008924144769459593,1.0,0.895884977689638,0.8978681209717402,0.22211204759543876,0.1722855726326227,0.0451165096678235,0.2659890927119484,0.1938522558254834,0.1968269707486366,0.22533465542885472,0.19186911254338126
SKACTIVEML_US_LC,0.19881011403073873,0.17575607337630145,0.20599900842835894,0.19211700545364402,0.19360436291522062,0.1938522558254834,0.029747149231531978,0.03668815071888944,0.6554288547347545,0.6584035696579078,0.6621219633118492,0.0007436787307882995,0.0,0.2863163113534953,0.20401586514625683,0.19583539910758552,0.19781854238968766,0.19533961328705998,0.26003966286564206,0.19211700545364402,0.21021318790282598,0.2035200793257313,0.8527516113039167,0.013386217154189391,0.007932573128408527,0.00842835894893406,0.895884977689638,1.0,0.8978681209717402,0.2226078334159643,0.16980664352999505,0.043877045116509666,0.2654933068914229,0.19410014873574616,0.19707486365889937,0.2248388696083292,0.19211700545364402
SKACTIVEML_US_MARGIN,0.19781854238968766,0.1782350024789291,0.20500743678730787,0.19112543381259295,0.19261279127416955,0.19286068418443233,0.029995042141794746,0.03619236489836391,0.6588993554784334,0.657164105106594,0.6618740704015865,0.0012394645513138325,0.0,0.2848289538919187,0.20302429350520576,0.1938522558254834,0.1968269707486366,0.1938522558254834,0.2580565195835399,0.19112543381259295,0.2092216162617749,0.20624690133862172,0.8525037183936539,0.014625681705503223,0.008676251859196828,0.008676251859196828,0.8978681209717402,0.8978681209717402,1.0,0.2233515121467526,0.16831928606841845,0.04338125929598413,0.26822012890431335,0.19211700545364402,0.19558750619732276,0.2270699058006941,0.19112543381259295
SMALLTEXT_BREAKINGTIES,0.8118492811105602,0.7825979176995538,0.80466038671294,0.8200297471492315,0.9390183440753594,0.9410014873574616,0.16807139315815567,0.21938522558254833,0.3294496777392167,0.32870599900842834,0.3294496777392167,0.001487357461576599,0.0,0.7647496281606346,0.8058998512642539,0.940505701536936,0.8130887456618741,0.9392662369856222,0.7597917699553792,0.8200297471492315,0.018839861179970253,0.00917203767972236,0.23029251363411007,0.008924144769459593,0.007932573128408527,0.06296479920674268,0.22211204759543876,0.2226078334159643,0.2233515121467526,1.0,0.43083787803668816,0.16931085770946952,0.8143282102131879,0.9392662369856222,0.9449677739216659,0.7369856222112048,0.8200297471492315
SMALLTEXT_CONTRASTIVEAL,0.33886960832920177,0.4910758552305404,0.3455627169062965,0.3326722855726326,0.4181953396132871,0.4194348041646009,0.14229053049082796,0.22211204759543876,0.0984134853743183,0.09766980664352999,0.0984134853743183,0.011155180961824492,0.02900347050074368,0.4407535944471988,0.3440753594447199,0.42389687654933067,0.3381259295984135,0.4226574119980169,0.39067922657411996,0.3326722855726326,0.08775409023301933,0.049826474962816066,0.17402082300446206,0.016608824987605353,0.01636093207734259,0.0991571641051066,0.1722855726326227,0.16980664352999505,0.16831928606841845,0.43083787803668816,1.0,0.43108577094695094,0.496777392166584,0.4216658403569658,0.4261279127416956,0.5213187902825979,0.3326722855726326
SMALLTEXT_EMBEDDINGKMEANS,0.1308874566187407,0.2226078334159643,0.1308874566187407,0.1308874566187407,0.15964303420922163,0.15964303420922163,0.1294000991571641,0.08849776896380764,0.04561229548834903,0.0451165096678235,0.046355974219137334,0.002726822012890431,0.00421417947446703,0.2592959841348537,0.1308874566187407,0.16063460585027267,0.1308874566187407,0.16013882002974714,0.21938522558254833,0.1308874566187407,0.11403073872087258,0.011155180961824492,0.0480912245909767,0.00421417947446703,0.0012394645513138325,0.18591968269707487,0.0451165096678235,0.043877045116509666,0.04338125929598413,0.16931085770946952,0.43108577094695094,1.0,0.21021318790282598,0.16187407040158652,0.16311353495290035,0.2203767972235994,0.1308874566187407
SMALLTEXT_GREEDYCORESET,0.6797223599405057,0.7397124442240952,0.6859196826970748,0.6710461080813088,0.7947446703024293,0.7947446703024293,0.18170550322260784,0.2352503718393654,0.33118492811105604,0.3306891422905305,0.3306891422905305,0.015617253346554288,0.0004957858205255329,0.7741695587506198,0.6846802181457611,0.7994546355974219,0.6784828953891918,0.7962320277640059,0.7615270203272186,0.6710461080813088,0.022806147744174516,0.006445215666831929,0.27565691621219635,0.02949925632126921,0.027764005949429845,0.06271690629647993,0.2659890927119484,0.2654933068914229,0.26822012890431335,0.8143282102131879,0.496777392166584,0.21021318790282598,1.0,0.7964799206742688,0.8029251363411006,0.7773921665840356,0.6710461080813088
SMALLTEXT_LEASTCONFIDENCE,0.8510163609320773,0.7744174516608825,0.8438274665344571,0.8591968269707486,0.977689638076351,0.9796727813584531,0.16088249876053545,0.21740208230044622,0.3306891422905305,0.326970748636589,0.3326722855726326,0.0009915716410510659,0.0,0.7734258800198315,0.8445711452652455,0.9759543877045117,0.8522558254833912,0.9781854238968766,0.7830937035200793,0.8591968269707486,0.018591968269707486,0.00421417947446703,0.20029747149231533,0.007932573128408527,0.006941001487357461,0.06147744174516609,0.1938522558254834,0.19410014873574616,0.19211700545364402,0.9392662369856222,0.4216658403569658,0.16187407040158652,0.7964799206742688,1.0,0.9739712444224096,0.7201289043133366,0.8591968269707486
SMALLTEXT_LIGHTWEIGHTCORESET,0.8485374318294496,0.7768963807635102,0.8413485374318295,0.8552305404065443,0.9722359940505702,0.9764501735250372,0.16212196331184928,0.2188894397620228,0.33490332176499754,0.3321764997521071,0.3368864650470996,0.0007436787307882995,0.0,0.7759048091224591,0.8420922161626178,0.9727317798710957,0.8497768963807635,0.9717402082300446,0.7813584531482399,0.8552305404065443,0.018839861179970253,0.00421417947446703,0.20376797223599405,0.008180466038671294,0.0066931085770946955,0.06321269211700545,0.1968269707486366,0.19707486365889937,0.19558750619732276,0.9449677739216659,0.4261279127416956,0.16311353495290035,0.8029251363411006,0.9739712444224096,1.0,0.7255825483391175,0.8552305404065443
SMALLTEXT_PREDICTIONENTROPY,0.6006445215666832,0.8296975706494795,0.5969261279127417,0.6016360932077343,0.7174020823004462,0.7201289043133366,0.16782350024789291,0.21938522558254833,0.2345066931085771,0.2300446207238473,0.23252354982647497,0.052553296975706494,0.0007436787307882995,0.7012890431333664,0.5961824491819534,0.7228557263262271,0.6003966286564204,0.7208725830441249,0.6534457114526524,0.6016360932077343,0.020823004462072386,0.07337630143777887,0.23326722855726326,0.07436787307882994,0.07188894397620228,0.06420426375805652,0.22533465542885472,0.2248388696083292,0.2270699058006941,0.7369856222112048,0.5213187902825979,0.2203767972235994,0.7773921665840356,0.7201289043133366,0.7255825483391175,1.0,0.6016360932077343
SMALLTEXT_RANDOM,0.9913237481408032,0.6626177491323748,0.984134853743183,1.0,0.866137828458106,0.8673772930094199,0.13187902825979178,0.19533961328705998,0.3296975706494794,0.3257312840852752,0.33093703520079326,0.0007436787307882995,0.0,0.6641051065939514,0.9853743182944967,0.8599405057015369,0.992563212692117,0.8589489340604859,0.6710461080813088,1.0,0.018591968269707486,0.0039662865642042635,0.19955379276152702,0.008180466038671294,0.0066931085770946955,0.0421417947446703,0.19186911254338126,0.19211700545364402,0.19112543381259295,0.8200297471492315,0.3326722855726326,0.1308874566187407,0.6710461080813088,0.8591968269707486,0.8552305404065443,0.6016360932077343,1.0
