,ALIPY_CORESET_GREEDY,ALIPY_DENSITY_WEIGHTED,ALIPY_GRAPH_DENSITY,ALIPY_RANDOM,ALIPY_UNCERTAINTY_LC,ALIPY_UNCERTAINTY_MM,LIBACT_DWUS,LIBACT_QUIRE,LIBACT_UNCERTAINTY_ENT,LIBACT_UNCERTAINTY_LC,LIBACT_UNCERTAINTY_SM,OPTIMAL_GREEDY_10,OPTIMAL_GREEDY_20,PLAYGROUND_BANDIT,PLAYGROUND_GRAPH_DENSITY,PLAYGROUND_INFORMATIVE_DIVERSE,PLAYGROUND_KCENTER_GREEDY,PLAYGROUND_MARGIN,PLAYGROUND_MIXTURE,PLAYGROUND_UNIFORM,SKACTIVEML_COST_EMBEDDING,SKACTIVEML_DAL,SKACTIVEML_DWUS,SKACTIVEML_QBC,SKACTIVEML_QBC_VOTE_ENTROPY,SKACTIVEML_QUIRE,SKACTIVEML_US_ENTROPY,SKACTIVEML_US_LC,SKACTIVEML_US_MARGIN,SMALLTEXT_BREAKINGTIES,SMALLTEXT_CONTRASTIVEAL,SMALLTEXT_EMBEDDINGKMEANS,SMALLTEXT_GREEDYCORESET,SMALLTEXT_LEASTCONFIDENCE,SMALLTEXT_LIGHTWEIGHTCORESET,SMALLTEXT_PREDICTIONENTROPY,SMALLTEXT_RANDOM
ALIPY_CORESET_GREEDY,1.0,0.12320277640059495,0.15047099652949925,0.14898363906792267,0.10585027268220129,0.11006445215666832,0.0473475458601884,0.08180466038671294,0.08651462568170551,0.09494298463063956,0.0991571641051066,0.19657907783837383,0.18839861179970252,0.14229053049082796,0.14774417451660882,0.1360932077342588,0.6690629647992068,0.11898859692612791,0.1591472483886961,0.1554288547347546,0.13113534952900346,0.15790778383738224,0.0880019831432821,0.07659890927119484,0.15319781854238967,0.11179970252850768,0.09667823500247893,0.10832920178482895,0.10014873574615767,0.09593455627169063,0.08205255329697571,0.0984134853743183,0.21219633118492812,0.09419930589985126,0.14080317302925136,0.09667823500247893,0.14600892414476946
ALIPY_DENSITY_WEIGHTED,0.12320277640059495,1.0,0.0954387704511651,0.11328705999008429,0.15121467526028756,0.14724838869608328,0.051065939514129896,0.09048091224590976,0.12518591968269707,0.1353495290034705,0.12766484878532475,0.11378284581060982,0.11948438274665345,0.14179474467030243,0.09717402082300446,0.139067922657412,0.12766484878532475,0.13931581556767478,0.13336638572136836,0.10956866633614279,0.15815567674764502,0.11849281110560238,0.11650966782350025,0.06346058502726822,0.11576598909271195,0.13113534952900346,0.14452156668319285,0.13882002974714924,0.139067922657412,0.12989588497768964,0.06841844323252355,0.07858205255329698,0.10907288051561725,0.14105106593951414,0.12369856222112048,0.14005949429846307,0.11378284581060982
ALIPY_GRAPH_DENSITY,0.15047099652949925,0.0954387704511651,1.0,0.1938522558254834,0.10064452156668319,0.11279127416955875,0.05924640555280119,0.045364402578086264,0.0880019831432821,0.0842835894893406,0.08973723351512147,0.15964303420922163,0.1457610312345067,0.1331184928111056,0.6812097174020822,0.13510163609320774,0.1502231036192365,0.12146752602875557,0.15468517600396628,0.21938522558254833,0.13237481408031732,0.17302925136341102,0.11056023797719385,0.09940505701536936,0.2307882994546356,0.07759048091224591,0.08552305404065444,0.09742191373326722,0.09494298463063956,0.09940505701536936,0.05304908279623203,0.11601388200297472,0.1611303916707982,0.09667823500247893,0.1893901834407536,0.09072880515617253,0.1938522558254834
ALIPY_RANDOM,0.14898363906792267,0.11328705999008429,0.1938522558254834,1.0,0.11551809618244918,0.12369856222112048,0.06048587010411502,0.0813088745661874,0.10039662865642042,0.10262766484878533,0.10956866633614279,0.1980664352999504,0.18542389687654934,0.1517104610808131,0.19583539910758552,0.16187407040158652,0.14898363906792267,0.12865642042637582,0.16931085770946952,0.2729300941993059,0.15220624690133863,0.2278135845314824,0.10882498760535449,0.11204759543877045,0.278135845314824,0.09965294992563213,0.1036192364898364,0.10783341596430342,0.11006445215666832,0.11477441745166088,0.06544372830937036,0.17327714427367377,0.17129400099157163,0.11303916707982152,0.2523549826474963,0.10510659395141299,0.6685671789786812
ALIPY_UNCERTAINTY_LC,0.10585027268220129,0.15121467526028756,0.10064452156668319,0.11551809618244918,1.0,0.5865146256817055,0.035696579077838374,0.03817550818046604,0.2278135845314824,0.26053544868616757,0.23549826474962815,0.16732771442736738,0.16584035696579078,0.2630143777887952,0.10039662865642042,0.2424392662369856,0.1036192364898364,0.28358948934060485,0.26078334159643035,0.13187902825979178,0.20252850768468023,0.12915220624690135,0.10386712940009915,0.06544372830937036,0.11799702528507684,0.11279127416955875,0.25731284085275163,0.30589985126425384,0.26053544868616757,0.2783837382250868,0.0518096182449182,0.0768468021814576,0.0991571641051066,0.3522558254833912,0.11527020327218641,0.2999504214179474,0.12072384729796728
ALIPY_UNCERTAINTY_MM,0.11006445215666832,0.14724838869608328,0.11279127416955875,0.12369856222112048,0.5865146256817055,1.0,0.044124938026772434,0.04015865146256817,0.20996529499256322,0.23202776400594943,0.26822012890431335,0.1849281110560238,0.18244918195339613,0.27268220128904314,0.10932077342588002,0.25334655428854735,0.11056023797719385,0.31383242439266235,0.270699058006941,0.1412989588497769,0.19657907783837383,0.13559742191373328,0.1036192364898364,0.07362419434804164,0.12543381259295985,0.10956866633614279,0.24219137332672286,0.24814080317302925,0.28681209717402084,0.35448686167575605,0.05081804660386713,0.08031730292513634,0.0999008428358949,0.28334159643034207,0.12146752602875557,0.25731284085275163,0.12196331184928111
LIBACT_DWUS,0.0473475458601884,0.051065939514129896,0.05924640555280119,0.06048587010411502,0.035696579077838374,0.044124938026772434,1.0,0.07213683688646505,0.03767972235994051,0.030490827962320277,0.03991075855230541,0.03024293505205751,0.03148239960337134,0.03767972235994051,0.059494298463063956,0.03445711452652454,0.04784333168071393,0.03991075855230541,0.03817550818046604,0.06296479920674268,0.04313336638572137,0.06246901338621715,0.09221616261774913,0.07808626673277144,0.07337630143777887,0.06172533465542886,0.03817550818046604,0.03520079325731284,0.04313336638572137,0.03941497273177987,0.07635101636093208,0.11799702528507684,0.04784333168071393,0.03520079325731284,0.06321269211700545,0.0406544372830937,0.05230540406544373
LIBACT_QUIRE,0.08180466038671294,0.09048091224590976,0.045364402578086264,0.0813088745661874,0.03817550818046604,0.04015865146256817,0.07213683688646505,1.0,0.033217649975210706,0.036936043629152204,0.03767972235994051,0.04784333168071393,0.0518096182449182,0.04685176003966286,0.04784333168071393,0.04338125929598413,0.0805651958353991,0.04561229548834903,0.050322260783341594,0.07288051561725335,0.05924640555280119,0.0842835894893406,0.05081804660386713,0.08750619732275657,0.08651462568170551,0.10932077342588002,0.0384234010907288,0.03396132870599901,0.03396132870599901,0.03767972235994051,0.09345562716906297,0.08254833911750124,0.08304412493802678,0.03966286564204264,0.08775409023301933,0.039167079821517105,0.0842835894893406
LIBACT_UNCERTAINTY_ENT,0.08651462568170551,0.12518591968269707,0.0880019831432821,0.10039662865642042,0.2278135845314824,0.20996529499256322,0.03767972235994051,0.033217649975210706,1.0,0.594447198810114,0.5639563708477937,0.1427863163113535,0.14898363906792267,0.17947446703024295,0.08750619732275657,0.20228061477441744,0.08676251859196826,0.18963807635101637,0.1797223599405057,0.1279127416955875,0.16931085770946952,0.11923648983639068,0.09890927119484383,0.05627169062964799,0.10535448686167576,0.10436291522062469,0.24888448190381754,0.22682201289043133,0.19856222112047595,0.26152702032721864,0.06073376301437779,0.06916212196331185,0.09295984134853744,0.2825979176995538,0.12047595438770452,0.31383242439266235,0.10138820029747149
LIBACT_UNCERTAINTY_LC,0.09494298463063956,0.1353495290034705,0.0842835894893406,0.10262766484878533,0.26053544868616757,0.23202776400594943,0.030490827962320277,0.036936043629152204,0.594447198810114,1.0,0.5830441249380268,0.15518096182449181,0.15468517600396628,0.20599900842835894,0.08676251859196826,0.22756569162121965,0.09494298463063956,0.2094695091720377,0.19955379276152702,0.11973227565691621,0.17550818046603867,0.11031234506693109,0.0954387704511651,0.05503222607833416,0.11254338125929599,0.0954387704511651,0.23921665840356965,0.2617749132374814,0.2203767972235994,0.2766484878532474,0.049826474962816066,0.07064947942488845,0.09221616261774913,0.3262270699058007,0.11551809618244918,0.2900347050074368,0.10114030738720872
LIBACT_UNCERTAINTY_SM,0.0991571641051066,0.12766484878532475,0.08973723351512147,0.10956866633614279,0.23549826474962815,0.26822012890431335,0.03991075855230541,0.03767972235994051,0.5639563708477937,0.5830441249380268,1.0,0.1663361427863163,0.1685671789786812,0.2131879028259792,0.0984134853743183,0.23401090728805157,0.0984134853743183,0.21715418939018344,0.20699058006941,0.12543381259295985,0.18294496777392166,0.11700545364402579,0.10014873574615767,0.06544372830937036,0.12221120475954388,0.09742191373326722,0.20798215171046108,0.23599405057015369,0.263262270699058,0.3257312840852752,0.04462072384729797,0.07312840852751612,0.09395141298958849,0.2885473475458602,0.12295488349033218,0.27317798710956864,0.10956866633614279
OPTIMAL_GREEDY_10,0.19657907783837383,0.11378284581060982,0.15964303420922163,0.1980664352999504,0.16732771442736738,0.1849281110560238,0.03024293505205751,0.04784333168071393,0.1427863163113535,0.15518096182449181,0.1663361427863163,1.0,0.5991571641051066,0.26499752107089736,0.1685671789786812,0.2860684184432325,0.19732275656916212,0.24888448190381754,0.3210213187902826,0.2278135845314824,0.19856222112047595,0.1980664352999504,0.08527516113039167,0.10114030738720872,0.2181457610312345,0.13237481408031732,0.16732771442736738,0.1760039662865642,0.18170550322260784,0.1893901834407536,0.05304908279623203,0.13931581556767478,0.12146752602875557,0.17575607337630145,0.20451165096678234,0.16187407040158652,0.19657907783837383
OPTIMAL_GREEDY_20,0.18839861179970252,0.11948438274665345,0.1457610312345067,0.18542389687654934,0.16584035696579078,0.18244918195339613,0.03148239960337134,0.0518096182449182,0.14898363906792267,0.15468517600396628,0.1685671789786812,0.5991571641051066,1.0,0.26474962816063463,0.15964303420922163,0.28582052553296977,0.18468021814576102,0.2449181953396133,0.32300446207238476,0.22533465542885472,0.18889439762022806,0.18889439762022806,0.07932573128408528,0.09667823500247893,0.21170054536440258,0.13956370847793753,0.16782350024789291,0.18517600396628656,0.19162121963311848,0.17848289538919188,0.05701536936043629,0.131631135349529,0.10981655924640556,0.17476450173525038,0.19955379276152702,0.16410510659395142,0.19558750619732276
PLAYGROUND_BANDIT,0.14229053049082796,0.14179474467030243,0.1331184928111056,0.1517104610808131,0.2630143777887952,0.27268220128904314,0.03767972235994051,0.04685176003966286,0.17947446703024295,0.20599900842835894,0.2131879028259792,0.26499752107089736,0.26474962816063463,1.0,0.1353495290034705,0.4442240951908775,0.13956370847793753,0.5359444719881011,0.47669806643529994,0.16435299950421417,0.2853247397124442,0.15418939018344074,0.09295984134853744,0.0842835894893406,0.15617253346554288,0.15319781854238967,0.20971740208230044,0.21690629647992068,0.23252354982647497,0.2521070897372335,0.05230540406544373,0.08899355478433317,0.11080813088745661,0.24095190877540903,0.15146256817055032,0.23277144273673772,0.15220624690133863
PLAYGROUND_GRAPH_DENSITY,0.14774417451660882,0.09717402082300446,0.6812097174020822,0.19583539910758552,0.10039662865642042,0.10932077342588002,0.059494298463063956,0.04784333168071393,0.08750619732275657,0.08676251859196826,0.0984134853743183,0.1685671789786812,0.15964303420922163,0.1353495290034705,1.0,0.14105106593951414,0.15096678235002478,0.12097174020823004,0.15617253346554288,0.21690629647992068,0.1368368864650471,0.1797223599405057,0.11080813088745661,0.10312345066931086,0.23698562221120476,0.08651462568170551,0.09345562716906297,0.09866137828458106,0.09940505701536936,0.10188398611799702,0.05280118988596926,0.12270699058006941,0.15989092711948438,0.10485870104115022,0.1931085770946951,0.09742191373326722,0.19930589985126426
PLAYGROUND_INFORMATIVE_DIVERSE,0.1360932077342588,0.139067922657412,0.13510163609320774,0.16187407040158652,0.2424392662369856,0.25334655428854735,0.03445711452652454,0.04338125929598413,0.20228061477441744,0.22756569162121965,0.23401090728805157,0.2860684184432325,0.28582052553296977,0.4442240951908775,0.14105106593951414,1.0,0.14352999504214178,0.44868616757560736,0.44323252354982645,0.17426871591472484,0.259048091224591,0.15493306891422906,0.09048091224590976,0.08849776896380764,0.16881507188894398,0.13882002974714924,0.22161626177491323,0.23822508676251858,0.24392662369856222,0.23549826474962815,0.048834903321764996,0.10262766484878533,0.1065939514129896,0.2352503718393654,0.15840356965790778,0.22880515617253347,0.16038671294000992
PLAYGROUND_KCENTER_GREEDY,0.6690629647992068,0.12766484878532475,0.1502231036192365,0.14898363906792267,0.1036192364898364,0.11056023797719385,0.04784333168071393,0.0805651958353991,0.08676251859196826,0.09494298463063956,0.0984134853743183,0.19732275656916212,0.18468021814576102,0.13956370847793753,0.15096678235002478,0.14352999504214178,1.0,0.11700545364402579,0.15518096182449181,0.15865146256817056,0.13287059990084282,0.15468517600396628,0.0894893406048587,0.0805651958353991,0.15071888943976203,0.11973227565691621,0.10337134357957363,0.10882498760535449,0.09940505701536936,0.09965294992563213,0.08205255329697571,0.09766980664352999,0.21641051065939515,0.09593455627169063,0.14476945959345563,0.09742191373326722,0.15418939018344074
PLAYGROUND_MARGIN,0.11898859692612791,0.13931581556767478,0.12146752602875557,0.12865642042637582,0.28358948934060485,0.31383242439266235,0.03991075855230541,0.04561229548834903,0.18963807635101637,0.2094695091720377,0.21715418939018344,0.24888448190381754,0.2449181953396133,0.5359444719881011,0.12097174020823004,0.44868616757560736,0.11700545364402579,1.0,0.5200793257312841,0.1494794248884482,0.2850768468021815,0.13435795736241943,0.09444719881011403,0.07882994546355974,0.14700049578582053,0.1494794248884482,0.21244422409519087,0.22459097669806644,0.23351512146752604,0.2892910262766485,0.04685176003966286,0.08403569657907783,0.0924640555280119,0.26474962816063463,0.1375805651958354,0.25731284085275163,0.13782845810609817
PLAYGROUND_MIXTURE,0.1591472483886961,0.13336638572136836,0.15468517600396628,0.16931085770946952,0.26078334159643035,0.270699058006941,0.03817550818046604,0.050322260783341594,0.1797223599405057,0.19955379276152702,0.20699058006941,0.3210213187902826,0.32300446207238476,0.47669806643529994,0.15617253346554288,0.44323252354982645,0.15518096182449181,0.5200793257312841,1.0,0.1980664352999504,0.26202280614774415,0.15964303420922163,0.08701041150223103,0.08477937530986614,0.18368864650470995,0.14377788795240456,0.19881011403073873,0.2077342588001983,0.22607833415964304,0.2588001983143282,0.05081804660386713,0.10857709469509172,0.11080813088745661,0.24219137332672286,0.18691125433812594,0.22905304908279622,0.17302925136341102
PLAYGROUND_UNIFORM,0.1554288547347546,0.10956866633614279,0.21938522558254833,0.2729300941993059,0.13187902825979178,0.1412989588497769,0.06296479920674268,0.07288051561725335,0.1279127416955875,0.11973227565691621,0.12543381259295985,0.2278135845314824,0.22533465542885472,0.16435299950421417,0.21690629647992068,0.17426871591472484,0.15865146256817056,0.1494794248884482,0.1980664352999504,1.0,0.16559246405552802,0.24665344571145265,0.10857709469509172,0.13063956370847793,0.30218145761031234,0.11774913237481408,0.11774913237481408,0.12196331184928111,0.1301437778879524,0.12692117005453643,0.08254833911750124,0.180466038671294,0.16881507188894398,0.11774913237481408,0.27119484382746656,0.11675756073376302,0.27565691621219635
SKACTIVEML_COST_EMBEDDING,0.13113534952900346,0.15815567674764502,0.13237481408031732,0.15220624690133863,0.20252850768468023,0.19657907783837383,0.04313336638572137,0.05924640555280119,0.16931085770946952,0.17550818046603867,0.18294496777392166,0.19856222112047595,0.18889439762022806,0.2853247397124442,0.1368368864650471,0.259048091224591,0.13287059990084282,0.2850768468021815,0.26202280614774415,0.16559246405552802,1.0,0.15964303420922163,0.10510659395141299,0.0924640555280119,0.17278135845314824,0.1663361427863163,0.1998016856717898,0.18790282597917699,0.1908775409023302,0.19038175508180466,0.06420426375805652,0.09593455627169063,0.12617749132374814,0.18790282597917699,0.1685671789786812,0.1906296479920674,0.14972731779871096
SKACTIVEML_DAL,0.15790778383738224,0.11849281110560238,0.17302925136341102,0.2278135845314824,0.12915220624690135,0.13559742191373328,0.06246901338621715,0.0842835894893406,0.11923648983639068,0.11031234506693109,0.11700545364402579,0.1980664352999504,0.18889439762022806,0.15418939018344074,0.1797223599405057,0.15493306891422906,0.15468517600396628,0.13435795736241943,0.15964303420922163,0.24665344571145265,0.15964303420922163,1.0,0.10684184432325236,0.11700545364402579,0.25384234010907286,0.11973227565691621,0.11998016856717898,0.11477441745166088,0.12369856222112048,0.1212196331184928,0.08081308874566187,0.14923153197818542,0.1591472483886961,0.11551809618244918,0.23401090728805157,0.11898859692612791,0.22682201289043133
SKACTIVEML_DWUS,0.0880019831432821,0.11650966782350025,0.11056023797719385,0.10882498760535449,0.10386712940009915,0.1036192364898364,0.09221616261774913,0.05081804660386713,0.09890927119484383,0.0954387704511651,0.10014873574615767,0.08527516113039167,0.07932573128408528,0.09295984134853744,0.11080813088745661,0.09048091224590976,0.0894893406048587,0.09444719881011403,0.08701041150223103,0.10857709469509172,0.10510659395141299,0.10684184432325236,1.0,0.08899355478433317,0.11824491819533961,0.08230044620723848,0.09717402082300446,0.09816559246405553,0.09568666336142786,0.09643034209221617,0.059742191373326724,0.10089241447694595,0.08552305404065444,0.09643034209221617,0.11774913237481408,0.0894893406048587,0.10882498760535449
SKACTIVEML_QBC,0.07659890927119484,0.06346058502726822,0.09940505701536936,0.11204759543877045,0.06544372830937036,0.07362419434804164,0.07808626673277144,0.08750619732275657,0.05627169062964799,0.05503222607833416,0.06544372830937036,0.10114030738720872,0.09667823500247893,0.0842835894893406,0.10312345066931086,0.08849776896380764,0.0805651958353991,0.07882994546355974,0.08477937530986614,0.13063956370847793,0.0924640555280119,0.11700545364402579,0.08899355478433317,1.0,0.13039167079821518,0.09568666336142786,0.05850272682201289,0.06643529995042141,0.06271690629647993,0.06346058502726822,0.08106098165592464,0.12865642042637582,0.08155676747645017,0.060981655924640554,0.12592959841348536,0.05775904809122459,0.11477441745166088
SKACTIVEML_QBC_VOTE_ENTROPY,0.15319781854238967,0.11576598909271195,0.2307882994546356,0.278135845314824,0.11799702528507684,0.12543381259295985,0.07337630143777887,0.08651462568170551,0.10535448686167576,0.11254338125929599,0.12221120475954388,0.2181457610312345,0.21170054536440258,0.15617253346554288,0.23698562221120476,0.16881507188894398,0.15071888943976203,0.14700049578582053,0.18368864650470995,0.30218145761031234,0.17278135845314824,0.25384234010907286,0.11824491819533961,0.13039167079821518,1.0,0.10461080813088745,0.11254338125929599,0.11279127416955875,0.12369856222112048,0.11799702528507684,0.07089737233515121,0.18889439762022806,0.17402082300446206,0.11750123946455131,0.28582052553296977,0.10832920178482895,0.2845810609816559
SKACTIVEML_QUIRE,0.11179970252850768,0.13113534952900346,0.07759048091224591,0.09965294992563213,0.11279127416955875,0.10956866633614279,0.06172533465542886,0.10932077342588002,0.10436291522062469,0.0954387704511651,0.09742191373326722,0.13237481408031732,0.13956370847793753,0.15319781854238967,0.08651462568170551,0.13882002974714924,0.11973227565691621,0.1494794248884482,0.14377788795240456,0.11774913237481408,0.1663361427863163,0.11973227565691621,0.08230044620723848,0.09568666336142786,0.10461080813088745,1.0,0.10436291522062469,0.10758552305404065,0.11204759543877045,0.10634605850272683,0.0946950917203768,0.06841844323252355,0.11080813088745661,0.10857709469509172,0.12146752602875557,0.10981655924640556,0.10436291522062469
SKACTIVEML_US_ENTROPY,0.09667823500247893,0.14452156668319285,0.08552305404065444,0.1036192364898364,0.25731284085275163,0.24219137332672286,0.03817550818046604,0.0384234010907288,0.24888448190381754,0.23921665840356965,0.20798215171046108,0.16732771442736738,0.16782350024789291,0.20971740208230044,0.09345562716906297,0.22161626177491323,0.10337134357957363,0.21244422409519087,0.19881011403073873,0.11774913237481408,0.1998016856717898,0.11998016856717898,0.09717402082300446,0.05850272682201289,0.11254338125929599,0.10436291522062469,1.0,0.5986613782845811,0.579573624194348,0.21913733267228558,0.05999008428358949,0.06891422905304909,0.0984134853743183,0.24764501735250372,0.124194348041646,0.27193852255825485,0.10733763014377788
SKACTIVEML_US_LC,0.10832920178482895,0.13882002974714924,0.09742191373326722,0.10783341596430342,0.30589985126425384,0.24814080317302925,0.03520079325731284,0.03396132870599901,0.22682201289043133,0.2617749132374814,0.23599405057015369,0.1760039662865642,0.18517600396628656,0.21690629647992068,0.09866137828458106,0.23822508676251858,0.10882498760535449,0.22459097669806644,0.2077342588001983,0.12196331184928111,0.18790282597917699,0.11477441745166088,0.09816559246405553,0.06643529995042141,0.11279127416955875,0.10758552305404065,0.5986613782845811,1.0,0.5882498760535448,0.23351512146752604,0.054784333168071395,0.07263262270699058,0.090233019335647,0.2803668815071889,0.11874070401586515,0.2523549826474963,0.10485870104115022
SKACTIVEML_US_MARGIN,0.10014873574615767,0.139067922657412,0.09494298463063956,0.11006445215666832,0.26053544868616757,0.28681209717402084,0.04313336638572137,0.03396132870599901,0.19856222112047595,0.2203767972235994,0.263262270699058,0.18170550322260784,0.19162121963311848,0.23252354982647497,0.09940505701536936,0.24392662369856222,0.09940505701536936,0.23351512146752604,0.22607833415964304,0.1301437778879524,0.1908775409023302,0.12369856222112048,0.09568666336142786,0.06271690629647993,0.12369856222112048,0.11204759543877045,0.579573624194348,0.5882498760535448,1.0,0.273921665840357,0.046355974219137334,0.07461576598909271,0.09395141298958849,0.23351512146752604,0.11576598909271195,0.22359940505701537,0.11353495290034706
SMALLTEXT_BREAKINGTIES,0.09593455627169063,0.12989588497768964,0.09940505701536936,0.11477441745166088,0.2783837382250868,0.35448686167575605,0.03941497273177987,0.03767972235994051,0.26152702032721864,0.2766484878532474,0.3257312840852752,0.1893901834407536,0.17848289538919188,0.2521070897372335,0.10188398611799702,0.23549826474962815,0.09965294992563213,0.2892910262766485,0.2588001983143282,0.12692117005453643,0.19038175508180466,0.1212196331184928,0.09643034209221617,0.06346058502726822,0.11799702528507684,0.10634605850272683,0.21913733267228558,0.23351512146752604,0.273921665840357,1.0,0.04685176003966286,0.07411998016856718,0.09048091224590976,0.5835399107585523,0.11626177491323748,0.5542885473475458,0.11551809618244918
SMALLTEXT_CONTRASTIVEAL,0.08205255329697571,0.06841844323252355,0.05304908279623203,0.06544372830937036,0.0518096182449182,0.05081804660386713,0.07635101636093208,0.09345562716906297,0.06073376301437779,0.049826474962816066,0.04462072384729797,0.05304908279623203,0.05701536936043629,0.05230540406544373,0.05280118988596926,0.048834903321764996,0.08205255329697571,0.04685176003966286,0.05081804660386713,0.08254833911750124,0.06420426375805652,0.08081308874566187,0.059742191373326724,0.08106098165592464,0.07089737233515121,0.0946950917203768,0.05999008428358949,0.054784333168071395,0.046355974219137334,0.04685176003966286,1.0,0.08849776896380764,0.09370352007932573,0.0518096182449182,0.08106098165592464,0.050322260783341594,0.07164105106593951
SMALLTEXT_EMBEDDINGKMEANS,0.0984134853743183,0.07858205255329698,0.11601388200297472,0.17327714427367377,0.0768468021814576,0.08031730292513634,0.11799702528507684,0.08254833911750124,0.06916212196331185,0.07064947942488845,0.07312840852751612,0.13931581556767478,0.131631135349529,0.08899355478433317,0.12270699058006941,0.10262766484878533,0.09766980664352999,0.08403569657907783,0.10857709469509172,0.180466038671294,0.09593455627169063,0.14923153197818542,0.10089241447694595,0.12865642042637582,0.18889439762022806,0.06841844323252355,0.06891422905304909,0.07263262270699058,0.07461576598909271,0.07411998016856718,0.08849776896380764,1.0,0.12345066931085771,0.07486365889935548,0.18889439762022806,0.07015369360436291,0.17178978681209717
SMALLTEXT_GREEDYCORESET,0.21219633118492812,0.10907288051561725,0.1611303916707982,0.17129400099157163,0.0991571641051066,0.0999008428358949,0.04784333168071393,0.08304412493802678,0.09295984134853744,0.09221616261774913,0.09395141298958849,0.12146752602875557,0.10981655924640556,0.11080813088745661,0.15989092711948438,0.1065939514129896,0.21641051065939515,0.0924640555280119,0.11080813088745661,0.16881507188894398,0.12617749132374814,0.1591472483886961,0.08552305404065444,0.08155676747645017,0.17402082300446206,0.11080813088745661,0.0984134853743183,0.090233019335647,0.09395141298958849,0.09048091224590976,0.09370352007932573,0.12345066931085771,1.0,0.08998512642538424,0.18517600396628656,0.09742191373326722,0.1670798215171046
SMALLTEXT_LEASTCONFIDENCE,0.09419930589985126,0.14105106593951414,0.09667823500247893,0.11303916707982152,0.3522558254833912,0.28334159643034207,0.03520079325731284,0.03966286564204264,0.2825979176995538,0.3262270699058007,0.2885473475458602,0.17575607337630145,0.17476450173525038,0.24095190877540903,0.10485870104115022,0.2352503718393654,0.09593455627169063,0.26474962816063463,0.24219137332672286,0.11774913237481408,0.18790282597917699,0.11551809618244918,0.09643034209221617,0.060981655924640554,0.11750123946455131,0.10857709469509172,0.24764501735250372,0.2803668815071889,0.23351512146752604,0.5835399107585523,0.0518096182449182,0.07486365889935548,0.08998512642538424,1.0,0.11403073872087258,0.604115022310362,0.11403073872087258
SMALLTEXT_LIGHTWEIGHTCORESET,0.14080317302925136,0.12369856222112048,0.1893901834407536,0.2523549826474963,0.11527020327218641,0.12146752602875557,0.06321269211700545,0.08775409023301933,0.12047595438770452,0.11551809618244918,0.12295488349033218,0.20451165096678234,0.19955379276152702,0.15146256817055032,0.1931085770946951,0.15840356965790778,0.14476945959345563,0.1375805651958354,0.18691125433812594,0.27119484382746656,0.1685671789786812,0.23401090728805157,0.11774913237481408,0.12592959841348536,0.28582052553296977,0.12146752602875557,0.124194348041646,0.11874070401586515,0.11576598909271195,0.11626177491323748,0.08106098165592464,0.18889439762022806,0.18517600396628656,0.11403073872087258,1.0,0.11650966782350025,0.2592959841348537
SMALLTEXT_PREDICTIONENTROPY,0.09667823500247893,0.14005949429846307,0.09072880515617253,0.10510659395141299,0.2999504214179474,0.25731284085275163,0.0406544372830937,0.039167079821517105,0.31383242439266235,0.2900347050074368,0.27317798710956864,0.16187407040158652,0.16410510659395142,0.23277144273673772,0.09742191373326722,0.22880515617253347,0.09742191373326722,0.25731284085275163,0.22905304908279622,0.11675756073376302,0.1906296479920674,0.11898859692612791,0.0894893406048587,0.05775904809122459,0.10832920178482895,0.10981655924640556,0.27193852255825485,0.2523549826474963,0.22359940505701537,0.5542885473475458,0.050322260783341594,0.07015369360436291,0.09742191373326722,0.604115022310362,0.11650966782350025,1.0,0.10312345066931086
SMALLTEXT_RANDOM,0.14600892414476946,0.11378284581060982,0.1938522558254834,0.6685671789786812,0.12072384729796728,0.12196331184928111,0.05230540406544373,0.0842835894893406,0.10138820029747149,0.10114030738720872,0.10956866633614279,0.19657907783837383,0.19558750619732276,0.15220624690133863,0.19930589985126426,0.16038671294000992,0.15418939018344074,0.13782845810609817,0.17302925136341102,0.27565691621219635,0.14972731779871096,0.22682201289043133,0.10882498760535449,0.11477441745166088,0.2845810609816559,0.10436291522062469,0.10733763014377788,0.10485870104115022,0.11353495290034706,0.11551809618244918,0.07164105106593951,0.17178978681209717,0.1670798215171046,0.11403073872087258,0.2592959841348537,0.10312345066931086,1.0
