,ALIPY_CORESET_GREEDY,ALIPY_DENSITY_WEIGHTED,ALIPY_GRAPH_DENSITY,ALIPY_RANDOM,ALIPY_UNCERTAINTY_LC,ALIPY_UNCERTAINTY_MM,LIBACT_DWUS,LIBACT_QUIRE,LIBACT_UNCERTAINTY_ENT,LIBACT_UNCERTAINTY_LC,LIBACT_UNCERTAINTY_SM,OPTIMAL_GREEDY_10,OPTIMAL_GREEDY_20,PLAYGROUND_BANDIT,PLAYGROUND_GRAPH_DENSITY,PLAYGROUND_INFORMATIVE_DIVERSE,PLAYGROUND_KCENTER_GREEDY,PLAYGROUND_MARGIN,PLAYGROUND_MIXTURE,PLAYGROUND_UNIFORM,SKACTIVEML_COST_EMBEDDING,SKACTIVEML_DAL,SKACTIVEML_DWUS,SKACTIVEML_QBC,SKACTIVEML_QBC_VOTE_ENTROPY,SKACTIVEML_QUIRE,SKACTIVEML_US_ENTROPY,SKACTIVEML_US_LC,SKACTIVEML_US_MARGIN,SMALLTEXT_BREAKINGTIES,SMALLTEXT_CONTRASTIVEAL,SMALLTEXT_EMBEDDINGKMEANS,SMALLTEXT_GREEDYCORESET,SMALLTEXT_LEASTCONFIDENCE,SMALLTEXT_LIGHTWEIGHTCORESET,SMALLTEXT_PREDICTIONENTROPY,SMALLTEXT_RANDOM
ALIPY_CORESET_GREEDY,4034,390,294,505,235,231,383,556,215,194,216,624,591,426,302,326,2474,264,405,599,400,613,414,537,628,338,198,200,195,191,412,563,804,181,664,187,526
ALIPY_DENSITY_WEIGHTED,390,4034,179,278,733,699,380,549,575,592,579,441,442,678,194,773,356,605,547,412,863,448,459,396,430,796,594,580,585,541,738,399,611,540,437,589,263
ALIPY_GRAPH_DENSITY,294,179,4034,342,149,149,341,307,127,104,111,407,415,183,2495,141,294,127,165,398,193,354,364,413,397,205,124,132,114,120,209,321,304,109,375,110,360
ALIPY_RANDOM,505,278,342,4034,186,197,543,414,127,129,125,758,753,351,349,272,517,221,344,808,336,771,559,637,789,277,141,150,145,126,301,644,594,135,720,125,2478
ALIPY_UNCERTAINTY_LC,235,733,149,186,4034,2017,284,267,665,707,646,223,214,571,136,690,244,732,522,229,760,254,373,217,270,608,675,668,645,700,510,273,308,944,226,808,208
ALIPY_UNCERTAINTY_MM,231,699,149,197,2017,4034,290,271,599,622,690,239,220,585,151,720,221,835,590,256,698,267,373,222,247,595,585,591,641,945,526,271,344,693,218,726,200
LIBACT_DWUS,383,380,341,543,284,290,4034,478,183,211,232,743,740,452,337,449,365,342,382,752,487,722,940,862,739,447,195,189,191,190,595,1142,538,188,631,186,544
LIBACT_QUIRE,556,549,307,414,267,271,478,4034,212,186,208,680,687,378,297,363,556,289,318,688,413,708,520,607,699,535,206,207,217,205,596,538,929,197,799,213,419
LIBACT_UNCERTAINTY_ENT,215,575,127,127,665,599,183,212,4034,2086,2000,174,143,382,111,517,198,452,359,212,575,192,235,144,183,403,684,668,515,581,451,191,263,638,161,734,135
LIBACT_UNCERTAINTY_LC,194,592,104,129,707,622,211,186,2086,4034,2051,153,151,428,114,554,196,485,343,158,557,177,257,131,170,421,672,707,656,631,388,155,248,728,154,702,118
LIBACT_UNCERTAINTY_SM,216,579,111,125,646,690,232,208,2000,2051,4034,195,152,427,112,580,189,487,381,179,587,201,260,158,166,438,597,616,696,728,412,191,268,605,161,650,134
OPTIMAL_GREEDY_10,624,441,407,758,223,239,743,680,174,153,195,4034,1318,504,369,397,601,293,447,1206,487,1123,810,1014,1189,469,152,177,177,180,468,949,905,157,1153,178,760
OPTIMAL_GREEDY_20,591,442,415,753,214,220,740,687,143,151,152,1318,4034,457,412,367,568,272,437,1184,484,1072,761,976,1120,479,168,174,182,174,427,919,840,154,1121,163,743
PLAYGROUND_BANDIT,426,678,183,351,571,585,452,378,382,428,427,504,457,4034,181,1489,390,1287,1449,533,797,481,499,378,506,648,401,419,434,398,609,482,575,393,436,391,363
PLAYGROUND_GRAPH_DENSITY,302,194,2495,349,136,151,337,297,111,114,112,369,412,181,4034,167,262,139,158,394,213,371,348,383,413,192,124,116,121,111,212,322,290,109,364,110,372
PLAYGROUND_INFORMATIVE_DIVERSE,326,773,141,272,690,720,449,363,517,554,580,397,367,1489,167,4034,305,1457,1308,380,841,394,453,331,400,700,526,578,585,529,655,449,474,532,324,539,267
PLAYGROUND_KCENTER_GREEDY,2474,356,294,517,244,221,365,556,198,196,189,601,568,390,262,305,4034,274,390,602,367,623,402,541,637,346,165,186,185,181,404,526,808,177,654,187,500
PLAYGROUND_MARGIN,264,605,127,221,732,835,342,289,452,485,487,293,272,1287,139,1457,274,4034,1830,277,669,284,346,259,285,584,480,465,505,646,516,325,328,558,232,518,209
PLAYGROUND_MIXTURE,405,547,165,344,522,590,382,318,359,343,381,447,437,1449,158,1308,390,1830,4034,459,653,447,379,336,434,534,327,356,400,470,515,473,510,391,367,401,350
PLAYGROUND_UNIFORM,599,412,398,808,229,256,752,688,212,158,179,1206,1184,533,394,380,602,277,459,4034,540,1123,819,929,1205,475,178,177,192,166,518,981,887,153,1121,174,768
SKACTIVEML_COST_EMBEDDING,400,863,193,336,760,698,487,413,575,557,587,487,484,797,213,841,367,669,653,540,4034,509,544,444,527,862,575,545,560,504,769,538,537,523,469,558,354
SKACTIVEML_DAL,613,448,354,771,254,267,722,708,192,177,201,1123,1072,481,371,394,623,284,447,1123,509,4034,729,895,1158,546,158,193,185,166,497,894,901,147,1134,195,720
SKACTIVEML_DWUS,414,459,364,559,373,373,940,520,235,257,260,810,761,499,348,453,402,346,379,819,544,729,4034,751,776,547,273,270,264,240,526,814,605,249,721,266,569
SKACTIVEML_QBC,537,396,413,637,217,222,862,607,144,131,158,1014,976,378,383,331,541,259,336,929,444,895,751,4034,987,432,161,150,156,133,417,908,713,130,906,137,672
SKACTIVEML_QBC_VOTE_ENTROPY,628,430,397,789,270,247,739,699,183,170,166,1189,1120,506,413,400,637,285,434,1205,527,1158,776,987,4034,507,181,183,183,159,482,1032,924,143,1138,173,771
SKACTIVEML_QUIRE,338,796,205,277,608,595,447,535,403,421,438,469,479,648,192,700,346,584,534,475,862,546,547,432,507,4034,399,418,413,400,788,442,531,377,559,420,267
SKACTIVEML_US_ENTROPY,198,594,124,141,675,585,195,206,684,672,597,152,168,401,124,526,165,480,327,178,575,158,273,161,181,399,4034,2130,2060,543,407,164,255,643,144,708,129
SKACTIVEML_US_LC,200,580,132,150,668,591,189,207,668,707,616,177,174,419,116,578,186,465,356,177,545,193,270,150,183,418,2130,4034,2038,558,425,196,208,650,153,662,151
SKACTIVEML_US_MARGIN,195,585,114,145,645,641,191,217,515,656,696,177,182,434,121,585,185,505,400,192,560,185,264,156,183,413,2060,2038,4034,634,426,179,256,606,163,596,123
SMALLTEXT_BREAKINGTIES,191,541,120,126,700,945,190,205,581,631,728,180,174,398,111,529,181,646,470,166,504,166,240,133,159,400,543,558,634,4034,358,173,201,2037,128,1999,112
SMALLTEXT_CONTRASTIVEAL,412,738,209,301,510,526,595,596,451,388,412,468,427,609,212,655,404,516,515,518,769,497,526,417,482,788,407,425,426,358,4034,504,605,391,440,413,277
SMALLTEXT_EMBEDDINGKMEANS,563,399,321,644,273,271,1142,538,191,155,191,949,919,482,322,449,526,325,473,981,538,894,814,908,1032,442,164,196,179,173,504,4034,774,168,921,183,640
SMALLTEXT_GREEDYCORESET,804,611,304,594,308,344,538,929,263,248,268,905,840,575,290,474,808,328,510,887,537,901,605,713,924,531,255,208,256,201,605,774,4034,198,1019,241,580
SMALLTEXT_LEASTCONFIDENCE,181,540,109,135,944,693,188,197,638,728,605,157,154,393,109,532,177,558,391,153,523,147,249,130,143,377,643,650,606,2037,391,168,198,4034,124,2133,125
SMALLTEXT_LIGHTWEIGHTCORESET,664,437,375,720,226,218,631,799,161,154,161,1153,1121,436,364,324,654,232,367,1121,469,1134,721,906,1138,559,144,153,163,128,440,921,1019,124,4034,148,745
SMALLTEXT_PREDICTIONENTROPY,187,589,110,125,808,726,186,213,734,702,650,178,163,391,110,539,187,518,401,174,558,195,266,137,173,420,708,662,596,1999,413,183,241,2133,148,4034,138
SMALLTEXT_RANDOM,526,263,360,2478,208,200,544,419,135,118,134,760,743,363,372,267,500,209,350,768,354,720,569,672,771,267,129,151,123,112,277,640,580,125,745,138,4034
