,ALIPY_CORESET_GREEDY,ALIPY_DENSITY_WEIGHTED,ALIPY_GRAPH_DENSITY,ALIPY_RANDOM,ALIPY_UNCERTAINTY_LC,ALIPY_UNCERTAINTY_MM,LIBACT_DWUS,LIBACT_QUIRE,LIBACT_UNCERTAINTY_ENT,LIBACT_UNCERTAINTY_LC,LIBACT_UNCERTAINTY_SM,OPTIMAL_GREEDY_10,OPTIMAL_GREEDY_20,PLAYGROUND_BANDIT,PLAYGROUND_GRAPH_DENSITY,PLAYGROUND_INFORMATIVE_DIVERSE,PLAYGROUND_KCENTER_GREEDY,PLAYGROUND_MARGIN,PLAYGROUND_MIXTURE,PLAYGROUND_UNIFORM,SKACTIVEML_COST_EMBEDDING,SKACTIVEML_DAL,SKACTIVEML_DWUS,SKACTIVEML_QBC,SKACTIVEML_QBC_VOTE_ENTROPY,SKACTIVEML_QUIRE,SKACTIVEML_US_ENTROPY,SKACTIVEML_US_LC,SKACTIVEML_US_MARGIN,SMALLTEXT_BREAKINGTIES,SMALLTEXT_CONTRASTIVEAL,SMALLTEXT_EMBEDDINGKMEANS,SMALLTEXT_GREEDYCORESET,SMALLTEXT_LEASTCONFIDENCE,SMALLTEXT_LIGHTWEIGHTCORESET,SMALLTEXT_PREDICTIONENTROPY,SMALLTEXT_RANDOM
ALIPY_CORESET_GREEDY,1.0,0.15418939018344074,0.022806147744174516,0.05528011898859692,0.036936043629152204,0.03594447198810114,0.08254833911750124,0.20426375805651958,0.03668815071888944,0.030986613782845812,0.03371343579573624,0.10461080813088745,0.09519087754090233,0.08230044620723848,0.022806147744174516,0.09370352007932573,0.9997521070897373,0.06296479920674268,0.0872583044124938,0.09395141298958849,0.11179970252850768,0.10857709469509172,0.10684184432325236,0.09345562716906297,0.09965294992563213,0.11303916707982152,0.028011898859692613,0.023549826474962815,0.02751611303916708,0.022806147744174516,0.11502231036192365,0.11725334655428855,0.2550818046603867,0.027268220128904314,0.11080813088745661,0.02602875557759048,0.05528011898859692
ALIPY_DENSITY_WEIGHTED,0.15418939018344074,1.0,0.06420426375805652,0.05304908279623203,0.07907783837382251,0.07659890927119484,0.17649975210708974,0.288795240456123,0.06246901338621715,0.06370847793753098,0.06048587010411502,0.12989588497768964,0.1405552801189886,0.11576598909271195,0.06420426375805652,0.12543381259295985,0.15443728309370353,0.09072880515617253,0.09419930589985126,0.12667327714427368,0.16038671294000992,0.139067922657412,0.19881011403073873,0.15121467526028756,0.13584531482399603,0.21244422409519087,0.05676747645017353,0.059742191373326724,0.04933068914229053,0.0458601883986118,0.18021814576103123,0.21492315319781854,0.27119484382746656,0.053544868616757564,0.13857213683688646,0.058750619732275654,0.05304908279623203
ALIPY_GRAPH_DENSITY,0.022806147744174516,0.06420426375805652,1.0,0.036440257808626676,0.033217649975210706,0.03222607833415964,0.11279127416955875,0.08254833911750124,0.027020327218641546,0.022806147744174516,0.025780862667327716,0.090233019335647,0.08676251859196826,0.05577590480912246,1.0,0.05528011898859692,0.022806147744174516,0.026772434308378782,0.03867129400099157,0.0850272682201289,0.07015369360436291,0.07882994546355974,0.0969261279127417,0.09370352007932573,0.08254833911750124,0.06569162121963312,0.02875557759048091,0.02825979176995538,0.02528507684680218,0.017848289538919187,0.09147248388696083,0.10262766484878533,0.06370847793753098,0.01983143282102132,0.0813088745661874,0.027764005949429845,0.036440257808626676
ALIPY_RANDOM,0.05528011898859692,0.05304908279623203,0.036440257808626676,1.0,0.032969757064947945,0.03619236489836391,0.1338621715418939,0.08180466038671294,0.02602875557759048,0.022310361923648984,0.02751611303916708,0.12667327714427368,0.124194348041646,0.08601883986117997,0.036440257808626676,0.10262766484878533,0.05528011898859692,0.06470004957858205,0.10262766484878533,0.11849281110560238,0.07312840852751612,0.12047595438770452,0.11080813088745661,0.12097174020823004,0.13039167079821518,0.05999008428358949,0.02032721864154685,0.02181457610312345,0.02454139811601388,0.019583539910758552,0.10882498760535449,0.1294000991571641,0.07535944471988101,0.017848289538919187,0.11898859692612791,0.020823004462072386,1.0
ALIPY_UNCERTAINTY_LC,0.036936043629152204,0.07907783837382251,0.033217649975210706,0.032969757064947945,1.0,0.714427367377293,0.07089737233515121,0.07015369360436291,0.06395637084779375,0.07858205255329698,0.05280118988596926,0.06792265741199802,0.07040158651462568,0.07213683688646505,0.033217649975210706,0.059742191373326724,0.036936043629152204,0.11700545364402579,0.06841844323252355,0.07411998016856718,0.07535944471988101,0.06990580069410014,0.08601883986117997,0.06817055032226078,0.07040158651462568,0.07759048091224591,0.06246901338621715,0.07188894397620228,0.06048587010411502,0.11774913237481408,0.07040158651462568,0.07411998016856718,0.06370847793753098,0.22285572632622708,0.062221120475954385,0.12592959841348536,0.032969757064947945
ALIPY_UNCERTAINTY_MM,0.03594447198810114,0.07659890927119484,0.03222607833415964,0.03619236489836391,0.714427367377293,1.0,0.07635101636093208,0.06792265741199802,0.052553296975706494,0.058750619732275654,0.07213683688646505,0.06593951412989589,0.07263262270699058,0.07040158651462568,0.03222607833415964,0.06321269211700545,0.03594447198810114,0.16980664352999505,0.08973723351512147,0.07535944471988101,0.07486365889935548,0.06668319286068418,0.07858205255329698,0.07585523054040655,0.07164105106593951,0.06965790778383739,0.05230540406544373,0.05627169062964799,0.07808626673277144,0.21690629647992068,0.07337630143777887,0.07808626673277144,0.06246901338621715,0.12196331184928111,0.06767476450173525,0.10634605850272683,0.03619236489836391
LIBACT_DWUS,0.08254833911750124,0.17649975210708974,0.11279127416955875,0.1338621715418939,0.07089737233515121,0.07635101636093208,1.0,0.30565195835399106,0.05924640555280119,0.06420426375805652,0.061973227565691624,0.29821517104610806,0.3217649975210709,0.1960832920178483,0.11279127416955875,0.23698562221120476,0.08254833911750124,0.11948438274665345,0.18914229053049084,0.30862667327714427,0.1856717897868121,0.270699058006941,0.34605850272682204,0.29796727813584534,0.2952404561229549,0.17773921665840356,0.05627169062964799,0.06023797719385226,0.06048587010411502,0.05230540406544373,0.3232523549826475,0.567922657411998,0.1841844323252355,0.04784333168071393,0.24467030242935053,0.05503222607833416,0.1338621715418939
LIBACT_QUIRE,0.20426375805651958,0.288795240456123,0.08254833911750124,0.08180466038671294,0.07015369360436291,0.06792265741199802,0.30565195835399106,1.0,0.06321269211700545,0.06246901338621715,0.05651958353991076,0.20376797223599405,0.2151710461080813,0.15790778383738224,0.08254833911750124,0.18591968269707487,0.20451165096678234,0.09965294992563213,0.14080317302925136,0.20228061477441744,0.2055032226078334,0.21219633118492812,0.2583044124938027,0.2188894397620228,0.2057511155180962,0.2285572632622707,0.056023797719385225,0.059742191373326724,0.053544868616757564,0.044868616757560736,0.2654933068914229,0.35250371839365396,0.33936539414972733,0.0451165096678235,0.2131879028259792,0.058750619732275654,0.08180466038671294
LIBACT_UNCERTAINTY_ENT,0.03668815071888944,0.06246901338621715,0.027020327218641546,0.02602875557759048,0.06395637084779375,0.052553296975706494,0.05924640555280119,0.06321269211700545,1.0,0.7382250867625186,0.7146752602875558,0.0532969757064948,0.05924640555280119,0.0473475458601884,0.027020327218641546,0.05552801189885969,0.03668815071888944,0.04338125929598413,0.03817550818046604,0.05999008428358949,0.054784333168071395,0.05552801189885969,0.056023797719385225,0.05503222607833416,0.05057015369360436,0.06569162121963312,0.08230044620723848,0.07015369360436291,0.05751115518096182,0.05701536936043629,0.06941001487357462,0.06693108577094695,0.0466038671294001,0.06668319286068418,0.0495785820525533,0.09295984134853744,0.02602875557759048
LIBACT_UNCERTAINTY_LC,0.030986613782845812,0.06370847793753098,0.022806147744174516,0.022310361923648984,0.07858205255329698,0.058750619732275654,0.06420426375805652,0.06246901338621715,0.7382250867625186,1.0,0.7250867625185919,0.05924640555280119,0.05577590480912246,0.04610808130887457,0.022806147744174516,0.047595438770451165,0.030986613782845812,0.03743182944967774,0.035696579077838374,0.04858701041150223,0.058254833911750126,0.05280118988596926,0.06073376301437779,0.0532969757064948,0.05081804660386713,0.07089737233515121,0.07635101636093208,0.08750619732275657,0.06147744174516609,0.05528011898859692,0.06023797719385226,0.06643529995042141,0.0451165096678235,0.07982151710461081,0.04338125929598413,0.07932573128408528,0.022310361923648984
LIBACT_UNCERTAINTY_SM,0.03371343579573624,0.06048587010411502,0.025780862667327716,0.02751611303916708,0.05280118988596926,0.07213683688646505,0.061973227565691624,0.05651958353991076,0.7146752602875558,0.7250867625185919,1.0,0.054784333168071395,0.06147744174516609,0.04833911750123947,0.025780862667327716,0.05676747645017353,0.03371343579573624,0.0480912245909767,0.03966286564204264,0.053792761527020325,0.056023797719385225,0.05775904809122459,0.059494298463063956,0.06172533465542886,0.06122954883490332,0.05924640555280119,0.05651958353991076,0.06048587010411502,0.0768468021814576,0.07337630143777887,0.06395637084779375,0.06742687159147248,0.046355974219137334,0.05701536936043629,0.05552801189885969,0.06668319286068418,0.02751611303916708
OPTIMAL_GREEDY_10,0.10461080813088745,0.12989588497768964,0.090233019335647,0.12667327714427368,0.06792265741199802,0.06593951412989589,0.29821517104610806,0.20376797223599405,0.0532969757064948,0.05924640555280119,0.054784333168071395,1.0,0.2721864154685176,0.15790778383738224,0.090233019335647,0.19781854238968766,0.10461080813088745,0.10535448686167576,0.16906296479920674,0.24590976698066436,0.16162617749132374,0.22954883490332176,0.2307882994546356,0.2330193356470005,0.24739712444224096,0.14724838869608328,0.04858701041150223,0.0480912245909767,0.04709965294992563,0.04015865146256817,0.2300446207238473,0.3358948934060486,0.17649975210708974,0.043877045116509666,0.2300446207238473,0.04164600892414477,0.12667327714427368
OPTIMAL_GREEDY_20,0.09519087754090233,0.1405552801189886,0.08676251859196826,0.124194348041646,0.07040158651462568,0.07263262270699058,0.3217649975210709,0.2151710461080813,0.05924640555280119,0.05577590480912246,0.06147744174516609,0.2721864154685176,1.0,0.16608824987605356,0.08676251859196826,0.19930589985126426,0.09519087754090233,0.11403073872087258,0.1628656420426376,0.24095190877540903,0.15716410510659395,0.24169558750619732,0.2263262270699058,0.23425880019831433,0.24442240951908775,0.14030738720872582,0.05627169062964799,0.05577590480912246,0.061973227565691624,0.051065939514129896,0.2411998016856718,0.3433316807139316,0.16162617749132374,0.04338125929598413,0.22211204759543876,0.0532969757064948,0.124194348041646
PLAYGROUND_BANDIT,0.08230044620723848,0.11576598909271195,0.05577590480912246,0.08601883986117997,0.07213683688646505,0.07040158651462568,0.1960832920178483,0.15790778383738224,0.0473475458601884,0.04610808130887457,0.04833911750123947,0.15790778383738224,0.16608824987605356,1.0,0.05577590480912246,0.35324739712444225,0.08254833911750124,0.35250371839365396,0.31383242439266235,0.15418939018344074,0.14774417451660882,0.15518096182449181,0.1665840356965791,0.17501239464551313,0.16460089241447695,0.12816063460585028,0.0480912245909767,0.049826474962816066,0.05404065443728309,0.0495785820525533,0.15047099652949925,0.20996529499256322,0.12022806147744175,0.05007436787307883,0.14377788795240456,0.053544868616757564,0.08601883986117997
PLAYGROUND_GRAPH_DENSITY,0.022806147744174516,0.06420426375805652,1.0,0.036440257808626676,0.033217649975210706,0.03222607833415964,0.11279127416955875,0.08254833911750124,0.027020327218641546,0.022806147744174516,0.025780862667327716,0.090233019335647,0.08676251859196826,0.05577590480912246,1.0,0.05528011898859692,0.022806147744174516,0.026772434308378782,0.03867129400099157,0.0850272682201289,0.07015369360436291,0.07882994546355974,0.0969261279127417,0.09370352007932573,0.08254833911750124,0.06569162121963312,0.02875557759048091,0.02825979176995538,0.02528507684680218,0.017848289538919187,0.09147248388696083,0.10262766484878533,0.06370847793753098,0.01983143282102132,0.0813088745661874,0.027764005949429845,0.036440257808626676
PLAYGROUND_INFORMATIVE_DIVERSE,0.09370352007932573,0.12543381259295985,0.05528011898859692,0.10262766484878533,0.059742191373326724,0.06321269211700545,0.23698562221120476,0.18591968269707487,0.05552801189885969,0.047595438770451165,0.05676747645017353,0.19781854238968766,0.19930589985126426,0.35324739712444225,0.05528011898859692,1.0,0.09395141298958849,0.2999504214179474,0.3363906792265741,0.18963807635101637,0.1487357461576599,0.18765493306891423,0.1789786812097174,0.18071393158155677,0.1819533961328706,0.1264253842340109,0.052553296975706494,0.05503222607833416,0.058750619732275654,0.04338125929598413,0.17426871591472484,0.25706494794248885,0.14600892414476946,0.04238968765493307,0.18145761031234506,0.0473475458601884,0.10262766484878533
PLAYGROUND_KCENTER_GREEDY,0.9997521070897373,0.15443728309370353,0.022806147744174516,0.05528011898859692,0.036936043629152204,0.03594447198810114,0.08254833911750124,0.20451165096678234,0.03668815071888944,0.030986613782845812,0.03371343579573624,0.10461080813088745,0.09519087754090233,0.08254833911750124,0.022806147744174516,0.09395141298958849,1.0,0.06271690629647993,0.0872583044124938,0.09395141298958849,0.11179970252850768,0.10857709469509172,0.10708973723351513,0.09345562716906297,0.09940505701536936,0.11303916707982152,0.028011898859692613,0.023549826474962815,0.02751611303916708,0.022806147744174516,0.11527020327218641,0.11725334655428855,0.25483391175012393,0.027268220128904314,0.11080813088745661,0.02602875557759048,0.05528011898859692
PLAYGROUND_MARGIN,0.06296479920674268,0.09072880515617253,0.026772434308378782,0.06470004957858205,0.11700545364402579,0.16980664352999505,0.11948438274665345,0.09965294992563213,0.04338125929598413,0.03743182944967774,0.0480912245909767,0.10535448686167576,0.11403073872087258,0.35250371839365396,0.026772434308378782,0.2999504214179474,0.06271690629647993,1.0,0.45364402578086266,0.10857709469509172,0.10758552305404065,0.11080813088745661,0.0991571641051066,0.10634605850272683,0.11155180961824492,0.08824987605354487,0.03867129400099157,0.047595438770451165,0.04685176003966286,0.14402578086266732,0.10337134357957363,0.1264253842340109,0.08403569657907783,0.09147248388696083,0.1028755577590481,0.08279623202776401,0.06470004957858205
PLAYGROUND_MIXTURE,0.0872583044124938,0.09419930589985126,0.03867129400099157,0.10262766484878533,0.06841844323252355,0.08973723351512147,0.18914229053049084,0.14080317302925136,0.03817550818046604,0.035696579077838374,0.03966286564204264,0.16906296479920674,0.1628656420426376,0.31383242439266235,0.03867129400099157,0.3363906792265741,0.0872583044124938,0.45364402578086266,1.0,0.15964303420922163,0.11452652454139811,0.15567674764501735,0.13931581556767478,0.15617253346554288,0.15964303420922163,0.0954387704511651,0.037927615270203274,0.03891918691125434,0.040406544372830935,0.06693108577094695,0.14823996033713435,0.20004957858205255,0.11551809618244918,0.048834903321764996,0.15617253346554288,0.0458601883986118,0.10262766484878533
PLAYGROUND_UNIFORM,0.09395141298958849,0.12667327714427368,0.0850272682201289,0.11849281110560238,0.07411998016856718,0.07535944471988101,0.30862667327714427,0.20228061477441744,0.05999008428358949,0.04858701041150223,0.053792761527020325,0.24590976698066436,0.24095190877540903,0.15418939018344074,0.0850272682201289,0.18963807635101637,0.09395141298958849,0.10857709469509172,0.15964303420922163,1.0,0.153941497273178,0.23277144273673772,0.221864154685176,0.23599405057015369,0.23797719385225583,0.15592464055528013,0.04833911750123947,0.0518096182449182,0.054784333168071395,0.043877045116509666,0.2518591968269707,0.3145761031234507,0.16088249876053545,0.0451165096678235,0.2255825483391175,0.05156172533465543,0.11849281110560238
SKACTIVEML_COST_EMBEDDING,0.11179970252850768,0.16038671294000992,0.07015369360436291,0.07312840852751612,0.07535944471988101,0.07486365889935548,0.1856717897868121,0.2055032226078334,0.054784333168071395,0.058254833911750126,0.056023797719385225,0.16162617749132374,0.15716410510659395,0.14774417451660882,0.07015369360436291,0.1487357461576599,0.11179970252850768,0.10758552305404065,0.11452652454139811,0.153941497273178,1.0,0.15294992563212692,0.1782350024789291,0.16187407040158652,0.15096678235002478,0.17649975210708974,0.049826474962816066,0.0466038671294001,0.048834903321764996,0.04189390183440753,0.16410510659395142,0.20451165096678234,0.17947446703024295,0.044868616757560736,0.14972731779871096,0.05800694100148736,0.07312840852751612
SKACTIVEML_DAL,0.10857709469509172,0.139067922657412,0.07882994546355974,0.12047595438770452,0.06990580069410014,0.06668319286068418,0.270699058006941,0.21219633118492812,0.05552801189885969,0.05280118988596926,0.05775904809122459,0.22954883490332176,0.24169558750619732,0.15518096182449181,0.07882994546355974,0.18765493306891423,0.10857709469509172,0.11080813088745661,0.15567674764501735,0.23277144273673772,0.15294992563212692,1.0,0.2248388696083292,0.2345066931085771,0.21541893901834408,0.14600892414476946,0.05627169062964799,0.0532969757064948,0.057263262270699056,0.04164600892414477,0.23996033713435796,0.31308874566187406,0.18914229053049084,0.0406544372830937,0.22806147744174515,0.0473475458601884,0.12047595438770452
SKACTIVEML_DWUS,0.10684184432325236,0.19881011403073873,0.0969261279127417,0.11080813088745661,0.08601883986117997,0.07858205255329698,0.34605850272682204,0.2583044124938027,0.056023797719385225,0.06073376301437779,0.059494298463063956,0.2307882994546356,0.2263262270699058,0.1665840356965791,0.0969261279127417,0.1789786812097174,0.10708973723351513,0.0991571641051066,0.13931581556767478,0.221864154685176,0.1782350024789291,0.2248388696083292,1.0,0.2387208725830441,0.22905304908279622,0.18790282597917699,0.05651958353991076,0.062221120475954385,0.057263262270699056,0.045364402578086264,0.26574119980168565,0.36861675756073375,0.1980664352999504,0.05007436787307883,0.18443232523549827,0.052553296975706494,0.11080813088745661
SKACTIVEML_QBC,0.09345562716906297,0.15121467526028756,0.09370352007932573,0.12097174020823004,0.06817055032226078,0.07585523054040655,0.29796727813584534,0.2188894397620228,0.05503222607833416,0.0532969757064948,0.06172533465542886,0.2330193356470005,0.23425880019831433,0.17501239464551313,0.09370352007932573,0.18071393158155677,0.09345562716906297,0.10634605850272683,0.15617253346554288,0.23599405057015369,0.16187407040158652,0.2345066931085771,0.2387208725830441,1.0,0.2588001983143282,0.15468517600396628,0.059742191373326724,0.06122954883490332,0.05924640555280119,0.04933068914229053,0.2307882994546356,0.3259791769955379,0.16807139315815567,0.04090233019335647,0.22012890431333665,0.05453644025780863,0.12097174020823004
SKACTIVEML_QBC_VOTE_ENTROPY,0.09965294992563213,0.13584531482399603,0.08254833911750124,0.13039167079821518,0.07040158651462568,0.07164105106593951,0.2952404561229549,0.2057511155180962,0.05057015369360436,0.05081804660386713,0.06122954883490332,0.24739712444224096,0.24442240951908775,0.16460089241447695,0.08254833911750124,0.1819533961328706,0.09940505701536936,0.11155180961824492,0.15964303420922163,0.23797719385225583,0.15096678235002478,0.21541893901834408,0.22905304908279622,0.2588001983143282,1.0,0.1368368864650471,0.05800694100148736,0.05453644025780863,0.05850272682201289,0.04338125929598413,0.22731779871095686,0.30218145761031234,0.17178978681209717,0.0428854734754586,0.21641051065939515,0.04833911750123947,0.13039167079821518
SKACTIVEML_QUIRE,0.11303916707982152,0.21244422409519087,0.06569162121963312,0.05999008428358949,0.07759048091224591,0.06965790778383739,0.17773921665840356,0.2285572632622707,0.06569162121963312,0.07089737233515121,0.05924640555280119,0.14724838869608328,0.14030738720872582,0.12816063460585028,0.06569162121963312,0.1264253842340109,0.11303916707982152,0.08824987605354487,0.0954387704511651,0.15592464055528013,0.17649975210708974,0.14600892414476946,0.18790282597917699,0.15468517600396628,0.1368368864650471,1.0,0.05701536936043629,0.05651958353991076,0.05404065443728309,0.04462072384729797,0.17030242935052056,0.21690629647992068,0.19757064947942488,0.04933068914229053,0.12865642042637582,0.06147744174516609,0.05999008428358949
SKACTIVEML_US_ENTROPY,0.028011898859692613,0.05676747645017353,0.02875557759048091,0.02032721864154685,0.06246901338621715,0.05230540406544373,0.05627169062964799,0.056023797719385225,0.08230044620723848,0.07635101636093208,0.05651958353991076,0.04858701041150223,0.05627169062964799,0.0480912245909767,0.02875557759048091,0.052553296975706494,0.028011898859692613,0.03867129400099157,0.037927615270203274,0.04833911750123947,0.049826474962816066,0.05627169062964799,0.05651958353991076,0.059742191373326724,0.05800694100148736,0.05701536936043629,1.0,0.7374814080317303,0.7201289043133366,0.044868616757560736,0.05999008428358949,0.06321269211700545,0.045364402578086264,0.05577590480912246,0.0495785820525533,0.07882994546355974,0.02032721864154685
SKACTIVEML_US_LC,0.023549826474962815,0.059742191373326724,0.02825979176995538,0.02181457610312345,0.07188894397620228,0.05627169062964799,0.06023797719385226,0.059742191373326724,0.07015369360436291,0.08750619732275657,0.06048587010411502,0.0480912245909767,0.05577590480912246,0.049826474962816066,0.02825979176995538,0.05503222607833416,0.023549826474962815,0.047595438770451165,0.03891918691125434,0.0518096182449182,0.0466038671294001,0.0532969757064948,0.062221120475954385,0.06122954883490332,0.05453644025780863,0.05651958353991076,0.7374814080317303,1.0,0.7243430837878037,0.05280118988596926,0.05428854734754586,0.06346058502726822,0.0443728309370352,0.06767476450173525,0.0466038671294001,0.07015369360436291,0.02181457610312345
SKACTIVEML_US_MARGIN,0.02751611303916708,0.04933068914229053,0.02528507684680218,0.02454139811601388,0.06048587010411502,0.07808626673277144,0.06048587010411502,0.053544868616757564,0.05751115518096182,0.06147744174516609,0.0768468021814576,0.04709965294992563,0.061973227565691624,0.05404065443728309,0.02528507684680218,0.058750619732275654,0.02751611303916708,0.04685176003966286,0.040406544372830935,0.054784333168071395,0.048834903321764996,0.057263262270699056,0.057263262270699056,0.05924640555280119,0.05850272682201289,0.05404065443728309,0.7201289043133366,0.7243430837878037,1.0,0.06246901338621715,0.05850272682201289,0.057263262270699056,0.04933068914229053,0.053544868616757564,0.05156172533465543,0.05627169062964799,0.02454139811601388
SMALLTEXT_BREAKINGTIES,0.022806147744174516,0.0458601883986118,0.017848289538919187,0.019583539910758552,0.11774913237481408,0.21690629647992068,0.05230540406544373,0.044868616757560736,0.05701536936043629,0.05528011898859692,0.07337630143777887,0.04015865146256817,0.051065939514129896,0.0495785820525533,0.017848289538919187,0.04338125929598413,0.022806147744174516,0.14402578086266732,0.06693108577094695,0.043877045116509666,0.04189390183440753,0.04164600892414477,0.045364402578086264,0.04933068914229053,0.04338125929598413,0.04462072384729797,0.044868616757560736,0.05280118988596926,0.06246901338621715,1.0,0.0443728309370352,0.0532969757064948,0.04189390183440753,0.7136836886465047,0.04462072384729797,0.7045116509667824,0.019583539910758552
SMALLTEXT_CONTRASTIVEAL,0.11502231036192365,0.18021814576103123,0.09147248388696083,0.10882498760535449,0.07040158651462568,0.07337630143777887,0.3232523549826475,0.2654933068914229,0.06941001487357462,0.06023797719385226,0.06395637084779375,0.2300446207238473,0.2411998016856718,0.15047099652949925,0.09147248388696083,0.17426871591472484,0.11527020327218641,0.10337134357957363,0.14823996033713435,0.2518591968269707,0.16410510659395142,0.23996033713435796,0.26574119980168565,0.2307882994546356,0.22731779871095686,0.17030242935052056,0.05999008428358949,0.05428854734754586,0.05850272682201289,0.0443728309370352,1.0,0.35324739712444225,0.1943480416460089,0.046355974219137334,0.21046108081308876,0.053544868616757564,0.10882498760535449
SMALLTEXT_EMBEDDINGKMEANS,0.11725334655428855,0.21492315319781854,0.10262766484878533,0.1294000991571641,0.07411998016856718,0.07808626673277144,0.567922657411998,0.35250371839365396,0.06693108577094695,0.06643529995042141,0.06742687159147248,0.3358948934060486,0.3433316807139316,0.20996529499256322,0.10262766484878533,0.25706494794248885,0.11725334655428855,0.1264253842340109,0.20004957858205255,0.3145761031234507,0.20451165096678234,0.31308874566187406,0.36861675756073375,0.3259791769955379,0.30218145761031234,0.21690629647992068,0.06321269211700545,0.06346058502726822,0.057263262270699056,0.0532969757064948,0.35324739712444225,1.0,0.23202776400594943,0.051065939514129896,0.2994546355974219,0.053792761527020325,0.1294000991571641
SMALLTEXT_GREEDYCORESET,0.2550818046603867,0.27119484382746656,0.06370847793753098,0.07535944471988101,0.06370847793753098,0.06246901338621715,0.1841844323252355,0.33936539414972733,0.0466038671294001,0.0451165096678235,0.046355974219137334,0.17649975210708974,0.16162617749132374,0.12022806147744175,0.06370847793753098,0.14600892414476946,0.25483391175012393,0.08403569657907783,0.11551809618244918,0.16088249876053545,0.17947446703024295,0.18914229053049084,0.1980664352999504,0.16807139315815567,0.17178978681209717,0.19757064947942488,0.045364402578086264,0.0443728309370352,0.04933068914229053,0.04189390183440753,0.1943480416460089,0.23202776400594943,1.0,0.03891918691125434,0.18616757560733763,0.049826474962816066,0.07535944471988101
SMALLTEXT_LEASTCONFIDENCE,0.027268220128904314,0.053544868616757564,0.01983143282102132,0.017848289538919187,0.22285572632622708,0.12196331184928111,0.04784333168071393,0.0451165096678235,0.06668319286068418,0.07982151710461081,0.05701536936043629,0.043877045116509666,0.04338125929598413,0.05007436787307883,0.01983143282102132,0.04238968765493307,0.027268220128904314,0.09147248388696083,0.048834903321764996,0.0451165096678235,0.044868616757560736,0.0406544372830937,0.05007436787307883,0.04090233019335647,0.0428854734754586,0.04933068914229053,0.05577590480912246,0.06767476450173525,0.053544868616757564,0.7136836886465047,0.046355974219137334,0.051065939514129896,0.03891918691125434,1.0,0.0436291522062469,0.7265741199801685,0.017848289538919187
SMALLTEXT_LIGHTWEIGHTCORESET,0.11080813088745661,0.13857213683688646,0.0813088745661874,0.11898859692612791,0.062221120475954385,0.06767476450173525,0.24467030242935053,0.2131879028259792,0.0495785820525533,0.04338125929598413,0.05552801189885969,0.2300446207238473,0.22211204759543876,0.14377788795240456,0.0813088745661874,0.18145761031234506,0.11080813088745661,0.1028755577590481,0.15617253346554288,0.2255825483391175,0.14972731779871096,0.22806147744174515,0.18443232523549827,0.22012890431333665,0.21641051065939515,0.12865642042637582,0.0495785820525533,0.0466038671294001,0.05156172533465543,0.04462072384729797,0.21046108081308876,0.2994546355974219,0.18616757560733763,0.0436291522062469,1.0,0.04908279623202776,0.11898859692612791
SMALLTEXT_PREDICTIONENTROPY,0.02602875557759048,0.058750619732275654,0.027764005949429845,0.020823004462072386,0.12592959841348536,0.10634605850272683,0.05503222607833416,0.058750619732275654,0.09295984134853744,0.07932573128408528,0.06668319286068418,0.04164600892414477,0.0532969757064948,0.053544868616757564,0.027764005949429845,0.0473475458601884,0.02602875557759048,0.08279623202776401,0.0458601883986118,0.05156172533465543,0.05800694100148736,0.0473475458601884,0.052553296975706494,0.05453644025780863,0.04833911750123947,0.06147744174516609,0.07882994546355974,0.07015369360436291,0.05627169062964799,0.7045116509667824,0.053544868616757564,0.053792761527020325,0.049826474962816066,0.7265741199801685,0.04908279623202776,1.0,0.020823004462072386
SMALLTEXT_RANDOM,0.05528011898859692,0.05304908279623203,0.036440257808626676,1.0,0.032969757064947945,0.03619236489836391,0.1338621715418939,0.08180466038671294,0.02602875557759048,0.022310361923648984,0.02751611303916708,0.12667327714427368,0.124194348041646,0.08601883986117997,0.036440257808626676,0.10262766484878533,0.05528011898859692,0.06470004957858205,0.10262766484878533,0.11849281110560238,0.07312840852751612,0.12047595438770452,0.11080813088745661,0.12097174020823004,0.13039167079821518,0.05999008428358949,0.02032721864154685,0.02181457610312345,0.02454139811601388,0.019583539910758552,0.10882498760535449,0.1294000991571641,0.07535944471988101,0.017848289538919187,0.11898859692612791,0.020823004462072386,1.0
