,ALIPY_CORESET_GREEDY,ALIPY_DENSITY_WEIGHTED,ALIPY_GRAPH_DENSITY,ALIPY_RANDOM,ALIPY_UNCERTAINTY_LC,ALIPY_UNCERTAINTY_MM,LIBACT_DWUS,LIBACT_QUIRE,LIBACT_UNCERTAINTY_ENT,LIBACT_UNCERTAINTY_LC,LIBACT_UNCERTAINTY_SM,OPTIMAL_GREEDY_10,OPTIMAL_GREEDY_20,PLAYGROUND_BANDIT,PLAYGROUND_GRAPH_DENSITY,PLAYGROUND_INFORMATIVE_DIVERSE,PLAYGROUND_KCENTER_GREEDY,PLAYGROUND_MARGIN,PLAYGROUND_MIXTURE,PLAYGROUND_UNIFORM,SKACTIVEML_COST_EMBEDDING,SKACTIVEML_DAL,SKACTIVEML_DWUS,SKACTIVEML_QBC,SKACTIVEML_QBC_VOTE_ENTROPY,SKACTIVEML_QUIRE,SKACTIVEML_US_ENTROPY,SKACTIVEML_US_LC,SKACTIVEML_US_MARGIN,SMALLTEXT_BREAKINGTIES,SMALLTEXT_CONTRASTIVEAL,SMALLTEXT_EMBEDDINGKMEANS,SMALLTEXT_GREEDYCORESET,SMALLTEXT_LEASTCONFIDENCE,SMALLTEXT_LIGHTWEIGHTCORESET,SMALLTEXT_PREDICTIONENTROPY,SMALLTEXT_RANDOM
ALIPY_CORESET_GREEDY,4034,297,206,203,202,188,276,312,124,124,132,299,278,224,206,237,3985,203,243,311,267,322,299,279,298,282,119,124,112,136,297,291,375,145,300,136,206
ALIPY_DENSITY_WEIGHTED,297,4034,219,237,544,528,649,633,337,360,345,592,626,733,222,778,307,624,597,694,796,685,811,620,695,856,344,348,364,324,680,676,728,333,645,344,234
ALIPY_GRAPH_DENSITY,206,219,4034,210,205,207,337,277,128,114,133,353,306,237,4011,250,225,206,234,321,250,299,297,312,344,256,120,127,129,120,251,316,330,116,303,123,202
ALIPY_RANDOM,203,237,210,4034,162,161,276,216,135,133,140,339,356,217,218,233,228,186,204,312,277,305,300,277,330,231,131,132,169,119,259,324,267,109,312,106,4011
ALIPY_UNCERTAINTY_LC,202,544,205,162,4034,2974,315,319,395,471,391,359,346,521,220,502,233,681,510,387,500,370,424,345,330,450,420,472,381,584,340,341,354,918,365,661,152
ALIPY_UNCERTAINTY_MM,188,528,207,161,2974,4034,310,287,350,367,466,356,344,492,220,478,214,840,579,383,486,371,441,354,341,437,347,382,435,904,316,384,369,579,339,552,155
LIBACT_DWUS,276,649,337,276,315,310,4034,757,221,202,243,781,735,582,346,557,294,450,527,784,681,776,797,777,752,661,215,219,233,191,738,862,786,166,780,188,268
LIBACT_QUIRE,312,633,277,216,319,287,757,4034,220,195,202,697,720,564,280,522,318,397,471,760,630,712,719,743,738,716,210,207,213,178,772,749,792,193,743,215,219
LIBACT_UNCERTAINTY_ENT,124,337,128,135,395,350,221,220,4034,3068,2980,295,239,332,143,349,160,329,288,259,341,274,324,239,251,290,469,389,350,326,274,257,283,378,261,475,126
LIBACT_UNCERTAINTY_LC,124,360,114,133,471,367,202,195,3068,4034,3028,279,259,345,127,388,156,324,304,241,350,310,337,229,263,274,419,464,414,362,263,263,268,443,257,418,124
LIBACT_UNCERTAINTY_SM,132,345,133,140,391,466,243,202,2980,3028,4034,299,250,371,147,368,162,356,312,262,362,300,333,250,274,283,374,395,465,425,258,289,251,362,271,383,131
OPTIMAL_GREEDY_10,299,592,353,339,359,356,781,697,295,279,299,4034,938,665,368,625,334,462,514,851,743,840,740,800,845,695,283,283,282,252,665,813,772,230,779,255,331
OPTIMAL_GREEDY_20,278,626,306,356,346,344,735,720,239,259,250,938,4034,608,322,615,309,455,474,839,716,793,748,794,832,686,267,280,280,235,676,816,752,235,775,260,350
PLAYGROUND_BANDIT,224,733,237,217,521,492,582,564,332,345,371,665,608,4034,257,1449,259,1466,1288,583,800,621,652,602,605,660,362,380,382,330,561,605,632,316,563,340,209
PLAYGROUND_GRAPH_DENSITY,206,222,4011,218,220,220,346,280,143,127,147,368,322,257,4034,264,244,224,252,337,265,315,309,326,362,268,132,141,144,133,253,329,350,122,309,131,210
PLAYGROUND_INFORMATIVE_DIVERSE,237,778,250,233,502,478,557,522,349,388,368,625,615,1449,264,4034,270,1335,1298,630,775,643,710,590,623,680,367,395,392,328,521,604,634,326,582,347,225
PLAYGROUND_KCENTER_GREEDY,3985,307,225,228,233,214,294,318,160,156,162,334,309,259,244,270,4034,236,277,343,296,355,328,303,332,305,148,158,141,164,307,325,414,160,312,155,223
PLAYGROUND_MARGIN,203,624,206,186,681,840,450,397,329,324,356,462,455,1466,224,1335,236,4034,1929,505,664,488,501,415,480,574,330,356,351,669,421,429,500,524,431,500,178
PLAYGROUND_MIXTURE,243,597,234,204,510,579,527,471,288,304,312,514,474,1288,252,1298,277,1929,4034,508,637,505,551,467,476,572,286,335,310,461,484,479,523,361,477,350,199
PLAYGROUND_UNIFORM,311,694,321,312,387,383,784,760,259,241,262,851,839,583,337,630,343,505,508,4034,702,845,729,770,824,754,274,252,286,261,785,821,821,226,834,268,305
SKACTIVEML_COST_EMBEDDING,267,796,250,277,500,486,681,630,341,350,362,743,716,800,265,775,296,664,637,702,4034,767,794,725,717,783,362,377,374,320,690,719,708,323,697,334,268
SKACTIVEML_DAL,322,685,299,305,370,371,776,712,274,310,300,840,793,621,315,643,355,488,505,845,767,4034,846,822,860,744,319,313,282,237,759,840,812,239,848,260,298
SKACTIVEML_DWUS,299,811,297,300,424,441,797,719,324,337,333,740,748,652,309,710,328,501,551,729,794,846,4034,729,798,790,347,349,363,301,711,790,755,271,743,302,289
SKACTIVEML_QBC,279,620,312,277,345,354,777,743,239,229,250,800,794,602,326,590,303,415,467,770,725,822,729,4034,898,699,240,270,277,187,738,848,765,201,842,215,273
SKACTIVEML_QBC_VOTE_ENTROPY,298,695,344,330,330,341,752,738,251,263,274,845,832,605,362,623,332,480,476,824,717,860,798,898,4034,719,283,278,261,216,700,881,780,220,841,221,324
SKACTIVEML_QUIRE,282,856,256,231,450,437,661,716,290,274,283,695,686,660,268,680,305,574,572,754,783,744,790,699,719,4034,308,312,295,269,748,680,764,273,688,294,228
SKACTIVEML_US_ENTROPY,119,344,120,131,420,347,215,210,469,419,374,283,267,362,132,367,148,330,286,274,362,319,347,240,283,308,4034,3072,3014,325,270,255,293,355,273,462,122
SKACTIVEML_US_LC,124,348,127,132,472,382,219,207,389,464,395,283,280,380,141,395,158,356,335,252,377,313,349,270,278,312,3072,4034,3019,331,276,296,276,412,262,408,123
SKACTIVEML_US_MARGIN,112,364,129,169,381,435,233,213,350,414,465,282,280,382,144,392,141,351,310,286,374,282,363,277,261,295,3014,3019,4034,406,283,264,255,349,268,347,158
SMALLTEXT_BREAKINGTIES,136,324,120,119,584,904,191,178,326,362,425,252,235,330,133,328,164,669,461,261,320,237,301,187,216,269,325,331,406,4034,214,239,244,2958,212,2942,112
SMALLTEXT_CONTRASTIVEAL,297,680,251,259,340,316,738,772,274,263,258,665,676,561,253,521,307,421,484,785,690,759,711,738,700,748,270,276,283,214,4034,728,743,246,756,243,255
SMALLTEXT_EMBEDDINGKMEANS,291,676,316,324,341,384,862,749,257,263,289,813,816,605,329,604,325,429,479,821,719,840,790,848,881,680,255,296,264,239,728,4034,815,222,773,221,314
SMALLTEXT_GREEDYCORESET,375,728,330,267,354,369,786,792,283,268,251,772,752,632,350,634,414,500,523,821,708,812,755,765,780,764,293,276,255,244,743,815,4034,227,749,290,262
SMALLTEXT_LEASTCONFIDENCE,145,333,116,109,918,579,166,193,378,443,362,230,235,316,122,326,160,524,361,226,323,239,271,201,220,273,355,412,349,2958,246,222,227,4034,222,3024,125
SMALLTEXT_LIGHTWEIGHTCORESET,300,645,303,312,365,339,780,743,261,257,271,779,775,563,309,582,312,431,477,834,697,848,743,842,841,688,273,262,268,212,756,773,749,222,4034,231,327
SMALLTEXT_PREDICTIONENTROPY,136,344,123,106,661,552,188,215,475,418,383,255,260,340,131,347,155,500,350,268,334,260,302,215,221,294,462,408,347,2942,243,221,290,3024,231,4034,123
SMALLTEXT_RANDOM,206,234,202,4011,152,155,268,219,126,124,131,331,350,209,210,225,223,178,199,305,268,298,289,273,324,228,122,123,158,112,255,314,262,125,327,123,4034
