,ALIPY_CORESET_GREEDY,ALIPY_DENSITY_WEIGHTED,ALIPY_GRAPH_DENSITY,ALIPY_RANDOM,ALIPY_UNCERTAINTY_LC,ALIPY_UNCERTAINTY_MM,LIBACT_DWUS,LIBACT_QUIRE,LIBACT_UNCERTAINTY_ENT,LIBACT_UNCERTAINTY_LC,LIBACT_UNCERTAINTY_SM,OPTIMAL_GREEDY_10,OPTIMAL_GREEDY_20,PLAYGROUND_BANDIT,PLAYGROUND_GRAPH_DENSITY,PLAYGROUND_INFORMATIVE_DIVERSE,PLAYGROUND_KCENTER_GREEDY,PLAYGROUND_MARGIN,PLAYGROUND_MIXTURE,PLAYGROUND_UNIFORM,SKACTIVEML_COST_EMBEDDING,SKACTIVEML_DAL,SKACTIVEML_DWUS,SKACTIVEML_QBC,SKACTIVEML_QBC_VOTE_ENTROPY,SKACTIVEML_QUIRE,SKACTIVEML_US_ENTROPY,SKACTIVEML_US_LC,SKACTIVEML_US_MARGIN,SMALLTEXT_BREAKINGTIES,SMALLTEXT_CONTRASTIVEAL,SMALLTEXT_EMBEDDINGKMEANS,SMALLTEXT_GREEDYCORESET,SMALLTEXT_LEASTCONFIDENCE,SMALLTEXT_LIGHTWEIGHTCORESET,SMALLTEXT_PREDICTIONENTROPY,SMALLTEXT_RANDOM
ALIPY_CORESET_GREEDY,1.0,0.08156498673740054,0.09084880636604775,0.11074270557029178,0.06896551724137931,0.06830238726790451,0.10543766578249338,0.11936339522546419,0.07493368700265252,0.05702917771883289,0.05570291777188329,0.1226790450928382,0.1246684350132626,0.10610079575596817,0.09350132625994695,0.08090185676392574,0.4582228116710875,0.06962864721485411,0.09615384615384616,0.11472148541114058,0.10676392572944297,0.1213527851458886,0.08753315649867374,0.11206896551724138,0.1226790450928382,0.09084880636604775,0.0643236074270557,0.06697612732095491,0.06830238726790451,0.0610079575596817,0.10676392572944297,0.11936339522546419,0.15583554376657824,0.0636604774535809,0.11671087533156499,0.0636604774535809,0.10543766578249338
ALIPY_DENSITY_WEIGHTED,0.08156498673740054,1.0,0.04774535809018567,0.045755968169761276,0.2486737400530504,0.20755968169761274,0.08885941644562334,0.10344827586206896,0.19363395225464192,0.21485411140583555,0.20888594164456234,0.0649867374005305,0.07029177718832891,0.1870026525198939,0.04509283819628647,0.22214854111405835,0.07891246684350132,0.1916445623342175,0.16909814323607428,0.055039787798408485,0.20888594164456234,0.0610079575596817,0.14721485411140584,0.05702917771883289,0.07625994694960213,0.1883289124668435,0.1989389920424403,0.20888594164456234,0.20092838196286472,0.1836870026525199,0.14721485411140584,0.08156498673740054,0.10212201591511937,0.21816976127320956,0.0709549071618037,0.22745358090185677,0.05172413793103448
ALIPY_GRAPH_DENSITY,0.09084880636604775,0.04774535809018567,1.0,0.1213527851458886,0.04310344827586207,0.03183023872679045,0.10013262599469495,0.09350132625994695,0.04442970822281167,0.033819628647214856,0.03912466843501326,0.11737400530503979,0.12002652519893899,0.057692307692307696,0.4542440318302387,0.04111405835543767,0.08885941644562334,0.03713527851458886,0.050397877984084884,0.11538461538461539,0.0610079575596817,0.11472148541114058,0.09615384615384616,0.13262599469496023,0.10941644562334217,0.07228116710875332,0.04045092838196287,0.03183023872679045,0.03779840848806366,0.033819628647214856,0.09018567639257294,0.10477453580901856,0.10742705570291777,0.03580901856763926,0.10676392572944297,0.033819628647214856,0.09748010610079576
ALIPY_RANDOM,0.11074270557029178,0.045755968169761276,0.1213527851458886,1.0,0.03713527851458886,0.027188328912466843,0.133289124668435,0.10543766578249338,0.03647214854111406,0.029840848806366047,0.04177718832891247,0.17307692307692307,0.16644562334217505,0.07228116710875332,0.12002652519893899,0.04376657824933687,0.11936339522546419,0.04310344827586207,0.06631299734748011,0.17771883289124668,0.06763925729442971,0.1724137931034483,0.10543766578249338,0.14257294429708223,0.16710875331564987,0.05968169761273209,0.03779840848806366,0.03647214854111406,0.03647214854111406,0.033819628647214856,0.08023872679045092,0.16379310344827586,0.13859416445623343,0.04442970822281167,0.15915119363395225,0.03978779840848806,0.46750663129973474
ALIPY_UNCERTAINTY_LC,0.06896551724137931,0.2486737400530504,0.04310344827586207,0.03713527851458886,1.0,0.32360742705570295,0.08023872679045092,0.06763925729442971,0.21949602122015915,0.253315649867374,0.23872679045092837,0.04774535809018567,0.05305039787798409,0.19230769230769232,0.04310344827586207,0.21087533156498675,0.06830238726790451,0.20557029177718833,0.1989389920424403,0.050397877984084884,0.1830238726790451,0.050397877984084884,0.09350132625994695,0.04310344827586207,0.04774535809018567,0.1783819628647215,0.24469496021220158,0.2619363395225464,0.23872679045092837,0.23209549071618038,0.12798408488063662,0.058355437665782495,0.0603448275862069,0.3249336870026525,0.04509283819628647,0.27851458885941643,0.038461538461538464
ALIPY_UNCERTAINTY_MM,0.06830238726790451,0.20755968169761274,0.03183023872679045,0.027188328912466843,0.32360742705570295,1.0,0.08090185676392574,0.06962864721485411,0.18501326259946949,0.21684350132625996,0.2539787798408488,0.05371352785145889,0.04442970822281167,0.1797082228116711,0.03116710875331565,0.1896551724137931,0.0616710875331565,0.2427055702917772,0.21618037135278514,0.04111405835543767,0.17440318302387267,0.050397877984084884,0.09151193633952255,0.038461538461538464,0.05636604774535809,0.15450928381962864,0.20225464190981432,0.22148541114058357,0.24204244031830238,0.3282493368700265,0.1259946949602122,0.05968169761273209,0.07625994694960213,0.2354111405835544,0.0603448275862069,0.22944297082228116,0.04509283819628647
LIBACT_DWUS,0.10543766578249338,0.08885941644562334,0.10013262599469495,0.133289124668435,0.08023872679045092,0.08090185676392574,1.0,0.11339522546419098,0.07559681697612732,0.08222811671087533,0.07161803713527852,0.1956233421750663,0.16578249336870027,0.10411140583554376,0.10610079575596817,0.08554376657824933,0.10278514588859416,0.06631299734748011,0.08819628647214854,0.1929708222811671,0.1346153846153846,0.1863395225464191,0.19496021220159152,0.21352785145888595,0.19230769230769232,0.1206896551724138,0.08687002652519894,0.07294429708222812,0.06763925729442971,0.07161803713527852,0.15119363395225463,0.2612732095490716,0.15716180371352786,0.07493368700265252,0.1810344827586207,0.06896551724137931,0.11936339522546419
LIBACT_QUIRE,0.11936339522546419,0.10344827586206896,0.09350132625994695,0.10543766578249338,0.06763925729442971,0.06962864721485411,0.11339522546419098,1.0,0.0649867374005305,0.05172413793103448,0.05968169761273209,0.17440318302387267,0.1883289124668435,0.08687002652519894,0.09748010610079576,0.08554376657824933,0.11140583554376658,0.054376657824933686,0.08753315649867374,0.13925729442970822,0.10543766578249338,0.15848806366047746,0.13859416445623343,0.15716180371352786,0.16312997347480107,0.126657824933687,0.059018567639257294,0.05305039787798409,0.05106100795755968,0.05636604774535809,0.13925729442970822,0.1346153846153846,0.15450928381962864,0.058355437665782495,0.16976127320954906,0.058355437665782495,0.10875331564986737
LIBACT_UNCERTAINTY_ENT,0.07493368700265252,0.19363395225464192,0.04442970822281167,0.03647214854111406,0.21949602122015915,0.18501326259946949,0.07559681697612732,0.0649867374005305,1.0,0.34880636604774534,0.33156498673740054,0.0656498673740053,0.050397877984084884,0.15981432360742706,0.04840848806366048,0.1783819628647215,0.0709549071618037,0.15716180371352786,0.14323607427055704,0.05636604774535809,0.17904509283819628,0.05172413793103448,0.08222811671087533,0.047082228116710874,0.058355437665782495,0.1346153846153846,0.2480106100795756,0.23607427055702918,0.1823607427055703,0.1896551724137931,0.1220159151193634,0.06631299734748011,0.08355437665782493,0.19960212201591512,0.04973474801061008,0.2513262599469496,0.059018567639257294
LIBACT_UNCERTAINTY_LC,0.05702917771883289,0.21485411140583555,0.033819628647214856,0.029840848806366047,0.253315649867374,0.21684350132625996,0.08222811671087533,0.05172413793103448,0.34880636604774534,1.0,0.3647214854111406,0.045755968169761276,0.045755968169761276,0.1724137931034483,0.03779840848806366,0.19496021220159152,0.0603448275862069,0.17042440318302388,0.16644562334217505,0.050397877984084884,0.1797082228116711,0.03713527851458886,0.07360742705570292,0.04310344827586207,0.054376657824933686,0.13262599469496023,0.24336870026525198,0.25,0.22546419098143236,0.21684350132625996,0.10477453580901856,0.05172413793103448,0.057692307692307696,0.2738726790450928,0.035145888594164454,0.23275862068965517,0.03647214854111406
LIBACT_UNCERTAINTY_SM,0.05570291777188329,0.20888594164456234,0.03912466843501326,0.04177718832891247,0.23872679045092837,0.2539787798408488,0.07161803713527852,0.05968169761273209,0.33156498673740054,0.3647214854111406,1.0,0.050397877984084884,0.03912466843501326,0.17904509283819628,0.03249336870026525,0.20225464190981432,0.05238726790450928,0.1836870026525199,0.16180371352785147,0.047082228116710874,0.20358090185676392,0.04310344827586207,0.09151193633952255,0.03912466843501326,0.04310344827586207,0.13793103448275862,0.22214854111405835,0.2413793103448276,0.27320954907161804,0.2539787798408488,0.10742705570291777,0.05570291777188329,0.05968169761273209,0.22281167108753316,0.04310344827586207,0.22612732095490717,0.04111405835543767
OPTIMAL_GREEDY_10,0.1226790450928382,0.0649867374005305,0.11737400530503979,0.17307692307692307,0.04774535809018567,0.05371352785145889,0.1956233421750663,0.17440318302387267,0.0656498673740053,0.045755968169761276,0.050397877984084884,1.0,0.26326259946949604,0.07625994694960213,0.1253315649867374,0.05702917771883289,0.1273209549071618,0.04973474801061008,0.07758620689655173,0.21883289124668434,0.08687002652519894,0.21021220159151194,0.1797082228116711,0.23209549071618038,0.22347480106100795,0.09946949602122016,0.04310344827586207,0.05106100795755968,0.03647214854111406,0.03978779840848806,0.123342175066313,0.19363395225464192,0.17904509283819628,0.04310344827586207,0.20490716180371352,0.05106100795755968,0.16644562334217505
OPTIMAL_GREEDY_20,0.1246684350132626,0.07029177718832891,0.12002652519893899,0.16644562334217505,0.05305039787798409,0.04442970822281167,0.16578249336870027,0.1883289124668435,0.050397877984084884,0.045755968169761276,0.03912466843501326,0.26326259946949604,1.0,0.08421750663129973,0.11538461538461539,0.04840848806366048,0.11538461538461539,0.04177718832891247,0.0643236074270557,0.22214854111405835,0.07824933687002653,0.22944297082228116,0.17175066312997347,0.23076923076923078,0.22214854111405835,0.08687002652519894,0.047082228116710874,0.04111405835543767,0.04774535809018567,0.04310344827586207,0.10212201591511937,0.19363395225464192,0.17108753315649866,0.04442970822281167,0.22148541114058357,0.04509283819628647,0.14655172413793102
PLAYGROUND_BANDIT,0.10610079575596817,0.1870026525198939,0.057692307692307696,0.07228116710875332,0.19230769230769232,0.1797082228116711,0.10411140583554376,0.08687002652519894,0.15981432360742706,0.1724137931034483,0.17904509283819628,0.07625994694960213,0.08421750663129973,1.0,0.05371352785145889,0.34681697612732093,0.10013262599469495,0.32891246684350134,0.3202917771883289,0.07758620689655173,0.19363395225464192,0.07625994694960213,0.10941644562334217,0.0649867374005305,0.07228116710875332,0.15981432360742706,0.15981432360742706,0.17771883289124668,0.17374005305039789,0.17108753315649866,0.13925729442970822,0.08952254641909814,0.10344827586206896,0.18501326259946949,0.06697612732095491,0.16246684350132626,0.06962864721485411
PLAYGROUND_GRAPH_DENSITY,0.09350132625994695,0.04509283819628647,0.4542440318302387,0.12002652519893899,0.04310344827586207,0.03116710875331565,0.10610079575596817,0.09748010610079576,0.04840848806366048,0.03779840848806366,0.03249336870026525,0.1253315649867374,0.11538461538461539,0.05371352785145889,1.0,0.03912466843501326,0.08885941644562334,0.04509283819628647,0.05305039787798409,0.11936339522546419,0.0636604774535809,0.11074270557029178,0.10145888594164457,0.1206896551724138,0.1240053050397878,0.07029177718832891,0.04774535809018567,0.04310344827586207,0.04509283819628647,0.046419098143236075,0.08819628647214854,0.1253315649867374,0.11405835543766578,0.04442970822281167,0.10809018567639257,0.04774535809018567,0.11007957559681697
PLAYGROUND_INFORMATIVE_DIVERSE,0.08090185676392574,0.22214854111405835,0.04111405835543767,0.04376657824933687,0.21087533156498675,0.1896551724137931,0.08554376657824933,0.08554376657824933,0.1783819628647215,0.19496021220159152,0.20225464190981432,0.05702917771883289,0.04840848806366048,0.34681697612732093,0.03912466843501326,1.0,0.07029177718832891,0.33421750663129973,0.3395225464190981,0.05371352785145889,0.22413793103448276,0.0636604774535809,0.09549071618037135,0.04509283819628647,0.05238726790450928,0.15848806366047746,0.19694960212201593,0.19960212201591512,0.1942970822281167,0.1903183023872679,0.13660477453580902,0.05305039787798409,0.08023872679045092,0.1976127320954907,0.058355437665782495,0.1843501326259947,0.04310344827586207
PLAYGROUND_KCENTER_GREEDY,0.4582228116710875,0.07891246684350132,0.08885941644562334,0.11936339522546419,0.06830238726790451,0.0616710875331565,0.10278514588859416,0.11140583554376658,0.0709549071618037,0.0603448275862069,0.05238726790450928,0.1273209549071618,0.11538461538461539,0.10013262599469495,0.08885941644562334,0.07029177718832891,1.0,0.07360742705570292,0.08156498673740054,0.1226790450928382,0.10212201591511937,0.1226790450928382,0.08488063660477453,0.11273209549071618,0.1259946949602122,0.09814323607427056,0.05305039787798409,0.05106100795755968,0.06697612732095491,0.05305039787798409,0.10941644562334217,0.1246684350132626,0.15583554376657824,0.0629973474801061,0.10610079575596817,0.0643236074270557,0.10013262599469495
PLAYGROUND_MARGIN,0.06962864721485411,0.1916445623342175,0.03713527851458886,0.04310344827586207,0.20557029177718833,0.2427055702917772,0.06631299734748011,0.054376657824933686,0.15716180371352786,0.17042440318302388,0.1836870026525199,0.04973474801061008,0.04177718832891247,0.32891246684350134,0.04509283819628647,0.33421750663129973,0.07360742705570292,1.0,0.4277188328912467,0.038461538461538464,0.1770557029177719,0.038461538461538464,0.08488063660477453,0.045755968169761276,0.047082228116710874,0.15517241379310345,0.16976127320954906,0.17904509283819628,0.1724137931034483,0.21485411140583555,0.11273209549071618,0.045755968169761276,0.0656498673740053,0.20822281167108753,0.03912466843501326,0.17904509283819628,0.04111405835543767
PLAYGROUND_MIXTURE,0.09615384615384616,0.16909814323607428,0.050397877984084884,0.06631299734748011,0.1989389920424403,0.21618037135278514,0.08819628647214854,0.08753315649867374,0.14323607427055704,0.16644562334217505,0.16180371352785147,0.07758620689655173,0.0643236074270557,0.3202917771883289,0.05305039787798409,0.3395225464190981,0.08156498673740054,0.4277188328912467,1.0,0.06631299734748011,0.1870026525198939,0.0649867374005305,0.08554376657824933,0.046419098143236075,0.06896551724137931,0.16312997347480107,0.15583554376657824,0.16644562334217505,0.16909814323607428,0.19960212201591512,0.1259946949602122,0.06896551724137931,0.08885941644562334,0.1883289124668435,0.07493368700265252,0.17042440318302388,0.06697612732095491
PLAYGROUND_UNIFORM,0.11472148541114058,0.055039787798408485,0.11538461538461539,0.17771883289124668,0.050397877984084884,0.04111405835543767,0.1929708222811671,0.13925729442970822,0.05636604774535809,0.050397877984084884,0.047082228116710874,0.21883289124668434,0.22214854111405835,0.07758620689655173,0.11936339522546419,0.05371352785145889,0.1226790450928382,0.038461538461538464,0.06631299734748011,1.0,0.08885941644562334,0.24005305039787797,0.16909814323607428,0.20225464190981432,0.22877984084880637,0.09084880636604775,0.04111405835543767,0.038461538461538464,0.047082228116710874,0.03978779840848806,0.1213527851458886,0.22082228116710875,0.1883289124668435,0.04310344827586207,0.23143236074270557,0.04111405835543767,0.15848806366047746
SKACTIVEML_COST_EMBEDDING,0.10676392572944297,0.20888594164456234,0.0610079575596817,0.06763925729442971,0.1830238726790451,0.17440318302387267,0.1346153846153846,0.10543766578249338,0.17904509283819628,0.1797082228116711,0.20358090185676392,0.08687002652519894,0.07824933687002653,0.19363395225464192,0.0636604774535809,0.22413793103448276,0.10212201591511937,0.1770557029177719,0.1870026525198939,0.08885941644562334,1.0,0.08156498673740054,0.11737400530503979,0.06830238726790451,0.08819628647214854,0.1830238726790451,0.1830238726790451,0.17440318302387267,0.1889920424403183,0.16843501326259946,0.20557029177718833,0.1226790450928382,0.14655172413793102,0.17042440318302388,0.08355437665782493,0.17108753315649866,0.07758620689655173
SKACTIVEML_DAL,0.1213527851458886,0.0610079575596817,0.11472148541114058,0.1724137931034483,0.050397877984084884,0.050397877984084884,0.1863395225464191,0.15848806366047746,0.05172413793103448,0.03713527851458886,0.04310344827586207,0.21021220159151194,0.22944297082228116,0.07625994694960213,0.11074270557029178,0.0636604774535809,0.1226790450928382,0.038461538461538464,0.0649867374005305,0.24005305039787797,0.08156498673740054,1.0,0.15119363395225463,0.22546419098143236,0.24071618037135278,0.09549071618037135,0.046419098143236075,0.033156498673740056,0.04774535809018567,0.03713527851458886,0.11472148541114058,0.22281167108753316,0.1956233421750663,0.04907161803713528,0.22679045092838196,0.04907161803713528,0.14522546419098142
SKACTIVEML_DWUS,0.08753315649867374,0.14721485411140584,0.09615384615384616,0.10543766578249338,0.09350132625994695,0.09151193633952255,0.19496021220159152,0.13859416445623343,0.08222811671087533,0.07360742705570292,0.09151193633952255,0.1797082228116711,0.17175066312997347,0.10941644562334217,0.10145888594164457,0.09549071618037135,0.08488063660477453,0.08488063660477453,0.08554376657824933,0.16909814323607428,0.11737400530503979,0.15119363395225463,1.0,0.15981432360742706,0.16710875331564987,0.15053050397877984,0.08421750663129973,0.08222811671087533,0.08687002652519894,0.08156498673740054,0.14986737400530503,0.18501326259946949,0.16843501326259946,0.07692307692307693,0.1724137931034483,0.07427055702917772,0.11870026525198939
SKACTIVEML_QBC,0.11206896551724138,0.05702917771883289,0.13262599469496023,0.14257294429708223,0.04310344827586207,0.038461538461538464,0.21352785145888595,0.15716180371352786,0.047082228116710874,0.04310344827586207,0.03912466843501326,0.23209549071618038,0.23076923076923078,0.0649867374005305,0.1206896551724138,0.04509283819628647,0.11273209549071618,0.045755968169761276,0.046419098143236075,0.20225464190981432,0.06830238726790451,0.22546419098143236,0.15981432360742706,1.0,0.22214854111405835,0.09151193633952255,0.05172413793103448,0.04177718832891247,0.04310344827586207,0.03249336870026525,0.11074270557029178,0.19960212201591512,0.15716180371352786,0.04509283819628647,0.20159151193633953,0.03713527851458886,0.15716180371352786
SKACTIVEML_QBC_VOTE_ENTROPY,0.1226790450928382,0.07625994694960213,0.10941644562334217,0.16710875331564987,0.04774535809018567,0.05636604774535809,0.19230769230769232,0.16312997347480107,0.058355437665782495,0.054376657824933686,0.04310344827586207,0.22347480106100795,0.22214854111405835,0.07228116710875332,0.1240053050397878,0.05238726790450928,0.1259946949602122,0.047082228116710874,0.06896551724137931,0.22877984084880637,0.08819628647214854,0.24071618037135278,0.16710875331564987,0.22214854111405835,1.0,0.09814323607427056,0.05106100795755968,0.045755968169761276,0.050397877984084884,0.04111405835543767,0.1319628647214854,0.22480106100795755,0.1823607427055703,0.04177718832891247,0.22148541114058357,0.055039787798408485,0.15318302387267904
SKACTIVEML_QUIRE,0.09084880636604775,0.1883289124668435,0.07228116710875332,0.05968169761273209,0.1783819628647215,0.15450928381962864,0.1206896551724138,0.126657824933687,0.1346153846153846,0.13262599469496023,0.13793103448275862,0.09946949602122016,0.08687002652519894,0.15981432360742706,0.07029177718832891,0.15848806366047746,0.09814323607427056,0.15517241379310345,0.16312997347480107,0.09084880636604775,0.1830238726790451,0.09549071618037135,0.15053050397877984,0.09151193633952255,0.09814323607427056,1.0,0.13262599469496023,0.13793103448275862,0.1246684350132626,0.1273209549071618,0.19694960212201593,0.11206896551724138,0.1359416445623342,0.1312997347480106,0.08753315649867374,0.13793103448275862,0.0610079575596817
SKACTIVEML_US_ENTROPY,0.0643236074270557,0.1989389920424403,0.04045092838196287,0.03779840848806366,0.24469496021220158,0.20225464190981432,0.08687002652519894,0.059018567639257294,0.2480106100795756,0.24336870026525198,0.22214854111405835,0.04310344827586207,0.047082228116710874,0.15981432360742706,0.04774535809018567,0.19694960212201593,0.05305039787798409,0.16976127320954906,0.15583554376657824,0.04111405835543767,0.1830238726790451,0.046419098143236075,0.08421750663129973,0.05172413793103448,0.05106100795755968,0.13262599469496023,1.0,0.3759946949602122,0.3348806366047745,0.1870026525198939,0.11074270557029178,0.047082228116710874,0.05636604774535809,0.23474801061007958,0.04310344827586207,0.24204244031830238,0.04907161803713528
SKACTIVEML_US_LC,0.06697612732095491,0.20888594164456234,0.03183023872679045,0.03647214854111406,0.2619363395225464,0.22148541114058357,0.07294429708222812,0.05305039787798409,0.23607427055702918,0.25,0.2413793103448276,0.05106100795755968,0.04111405835543767,0.17771883289124668,0.04310344827586207,0.19960212201591512,0.05106100795755968,0.17904509283819628,0.16644562334217505,0.038461538461538464,0.17440318302387267,0.033156498673740056,0.08222811671087533,0.04177718832891247,0.045755968169761276,0.13793103448275862,0.3759946949602122,1.0,0.3541114058355438,0.20954907161803712,0.1220159151193634,0.046419098143236075,0.05636604774535809,0.2354111405835544,0.042440318302387266,0.23740053050397877,0.04442970822281167
SKACTIVEML_US_MARGIN,0.06830238726790451,0.20092838196286472,0.03779840848806366,0.03647214854111406,0.23872679045092837,0.24204244031830238,0.06763925729442971,0.05106100795755968,0.1823607427055703,0.22546419098143236,0.27320954907161804,0.03647214854111406,0.04774535809018567,0.17374005305039789,0.04509283819628647,0.1942970822281167,0.06697612732095491,0.1724137931034483,0.16909814323607428,0.047082228116710874,0.1889920424403183,0.04774535809018567,0.08687002652519894,0.04310344827586207,0.050397877984084884,0.1246684350132626,0.3348806366047745,0.3541114058355438,1.0,0.24204244031830238,0.129973474801061,0.055039787798408485,0.057692307692307696,0.21352785145888595,0.05106100795755968,0.1956233421750663,0.033819628647214856
SMALLTEXT_BREAKINGTIES,0.0610079575596817,0.1836870026525199,0.033819628647214856,0.033819628647214856,0.23209549071618038,0.3282493368700265,0.07161803713527852,0.05636604774535809,0.1896551724137931,0.21684350132625996,0.2539787798408488,0.03978779840848806,0.04310344827586207,0.17108753315649866,0.046419098143236075,0.1903183023872679,0.05305039787798409,0.21485411140583555,0.19960212201591512,0.03978779840848806,0.16843501326259946,0.03713527851458886,0.08156498673740054,0.03249336870026525,0.04111405835543767,0.1273209549071618,0.1870026525198939,0.20954907161803712,0.24204244031830238,1.0,0.08488063660477453,0.04376657824933687,0.04973474801061008,0.34681697612732093,0.03978779840848806,0.3295755968169761,0.03779840848806366
SMALLTEXT_CONTRASTIVEAL,0.10676392572944297,0.14721485411140584,0.09018567639257294,0.08023872679045092,0.12798408488063662,0.1259946949602122,0.15119363395225463,0.13925729442970822,0.1220159151193634,0.10477453580901856,0.10742705570291777,0.123342175066313,0.10212201591511937,0.13925729442970822,0.08819628647214854,0.13660477453580902,0.10941644562334217,0.11273209549071618,0.1259946949602122,0.1213527851458886,0.20557029177718833,0.11472148541114058,0.14986737400530503,0.11074270557029178,0.1319628647214854,0.19694960212201593,0.11074270557029178,0.1220159151193634,0.129973474801061,0.08488063660477453,1.0,0.1273209549071618,0.17042440318302388,0.11206896551724138,0.13262599469496023,0.11604774535809019,0.06896551724137931
SMALLTEXT_EMBEDDINGKMEANS,0.11936339522546419,0.08156498673740054,0.10477453580901856,0.16379310344827586,0.058355437665782495,0.05968169761273209,0.2612732095490716,0.1346153846153846,0.06631299734748011,0.05172413793103448,0.05570291777188329,0.19363395225464192,0.19363395225464192,0.08952254641909814,0.1253315649867374,0.05305039787798409,0.1246684350132626,0.045755968169761276,0.06896551724137931,0.22082228116710875,0.1226790450928382,0.22281167108753316,0.18501326259946949,0.19960212201591512,0.22480106100795755,0.11206896551724138,0.047082228116710874,0.046419098143236075,0.055039787798408485,0.04376657824933687,0.1273209549071618,1.0,0.1876657824933687,0.055039787798408485,0.22811671087533156,0.05172413793103448,0.16180371352785147
SMALLTEXT_GREEDYCORESET,0.15583554376657824,0.10212201591511937,0.10742705570291777,0.13859416445623343,0.0603448275862069,0.07625994694960213,0.15716180371352786,0.15450928381962864,0.08355437665782493,0.057692307692307696,0.05968169761273209,0.17904509283819628,0.17108753315649866,0.10344827586206896,0.11405835543766578,0.08023872679045092,0.15583554376657824,0.0656498673740053,0.08885941644562334,0.1883289124668435,0.14655172413793102,0.1956233421750663,0.16843501326259946,0.15716180371352786,0.1823607427055703,0.1359416445623342,0.05636604774535809,0.05636604774535809,0.057692307692307696,0.04973474801061008,0.17042440318302388,0.1876657824933687,1.0,0.0629973474801061,0.21816976127320956,0.06763925729442971,0.1312997347480106
SMALLTEXT_LEASTCONFIDENCE,0.0636604774535809,0.21816976127320956,0.03580901856763926,0.04442970822281167,0.3249336870026525,0.2354111405835544,0.07493368700265252,0.058355437665782495,0.19960212201591512,0.2738726790450928,0.22281167108753316,0.04310344827586207,0.04442970822281167,0.18501326259946949,0.04442970822281167,0.1976127320954907,0.0629973474801061,0.20822281167108753,0.1883289124668435,0.04310344827586207,0.17042440318302388,0.04907161803713528,0.07692307692307693,0.04509283819628647,0.04177718832891247,0.1312997347480106,0.23474801061007958,0.2354111405835544,0.21352785145888595,0.34681697612732093,0.11206896551724138,0.055039787798408485,0.0629973474801061,1.0,0.04376657824933687,0.3740053050397878,0.03647214854111406
SMALLTEXT_LIGHTWEIGHTCORESET,0.11671087533156499,0.0709549071618037,0.10676392572944297,0.15915119363395225,0.04509283819628647,0.0603448275862069,0.1810344827586207,0.16976127320954906,0.04973474801061008,0.035145888594164454,0.04310344827586207,0.20490716180371352,0.22148541114058357,0.06697612732095491,0.10809018567639257,0.058355437665782495,0.10610079575596817,0.03912466843501326,0.07493368700265252,0.23143236074270557,0.08355437665782493,0.22679045092838196,0.1724137931034483,0.20159151193633953,0.22148541114058357,0.08753315649867374,0.04310344827586207,0.042440318302387266,0.05106100795755968,0.03978779840848806,0.13262599469496023,0.22811671087533156,0.21816976127320956,0.04376657824933687,1.0,0.04310344827586207,0.14323607427055704
SMALLTEXT_PREDICTIONENTROPY,0.0636604774535809,0.22745358090185677,0.033819628647214856,0.03978779840848806,0.27851458885941643,0.22944297082228116,0.06896551724137931,0.058355437665782495,0.2513262599469496,0.23275862068965517,0.22612732095490717,0.05106100795755968,0.04509283819628647,0.16246684350132626,0.04774535809018567,0.1843501326259947,0.0643236074270557,0.17904509283819628,0.17042440318302388,0.04111405835543767,0.17108753315649866,0.04907161803713528,0.07427055702917772,0.03713527851458886,0.055039787798408485,0.13793103448275862,0.24204244031830238,0.23740053050397877,0.1956233421750663,0.3295755968169761,0.11604774535809019,0.05172413793103448,0.06763925729442971,0.3740053050397878,0.04310344827586207,1.0,0.04442970822281167
SMALLTEXT_RANDOM,0.10543766578249338,0.05172413793103448,0.09748010610079576,0.46750663129973474,0.038461538461538464,0.04509283819628647,0.11936339522546419,0.10875331564986737,0.059018567639257294,0.03647214854111406,0.04111405835543767,0.16644562334217505,0.14655172413793102,0.06962864721485411,0.11007957559681697,0.04310344827586207,0.10013262599469495,0.04111405835543767,0.06697612732095491,0.15848806366047746,0.07758620689655173,0.14522546419098142,0.11870026525198939,0.15716180371352786,0.15318302387267904,0.0610079575596817,0.04907161803713528,0.04442970822281167,0.033819628647214856,0.03779840848806366,0.06896551724137931,0.16180371352785147,0.1312997347480106,0.03647214854111406,0.14323607427055704,0.04442970822281167,1.0
