,ALIPY_CORESET_GREEDY,ALIPY_DENSITY_WEIGHTED,ALIPY_GRAPH_DENSITY,ALIPY_RANDOM,ALIPY_UNCERTAINTY_LC,ALIPY_UNCERTAINTY_MM,LIBACT_DWUS,LIBACT_QUIRE,LIBACT_UNCERTAINTY_ENT,LIBACT_UNCERTAINTY_LC,LIBACT_UNCERTAINTY_SM,OPTIMAL_GREEDY_10,OPTIMAL_GREEDY_20,PLAYGROUND_BANDIT,PLAYGROUND_GRAPH_DENSITY,PLAYGROUND_INFORMATIVE_DIVERSE,PLAYGROUND_KCENTER_GREEDY,PLAYGROUND_MARGIN,PLAYGROUND_MIXTURE,PLAYGROUND_UNIFORM,SKACTIVEML_COST_EMBEDDING,SKACTIVEML_DAL,SKACTIVEML_DWUS,SKACTIVEML_QBC,SKACTIVEML_QBC_VOTE_ENTROPY,SKACTIVEML_QUIRE,SKACTIVEML_US_ENTROPY,SKACTIVEML_US_LC,SKACTIVEML_US_MARGIN,SMALLTEXT_BREAKINGTIES,SMALLTEXT_CONTRASTIVEAL,SMALLTEXT_EMBEDDINGKMEANS,SMALLTEXT_GREEDYCORESET,SMALLTEXT_LEASTCONFIDENCE,SMALLTEXT_LIGHTWEIGHTCORESET,SMALLTEXT_PREDICTIONENTROPY,SMALLTEXT_RANDOM
ALIPY_CORESET_GREEDY,1.0,0.23549826474962815,0.03991075855230541,0.06817055032226078,0.07734258800198314,0.06817055032226078,0.04858701041150223,0.2920178482895389,0.06470004957858205,0.06321269211700545,0.049826474962816066,0.08552305404065444,0.08403569657907783,0.07362419434804164,0.03817550818046604,0.08552305404065444,0.7010411502231036,0.07188894397620228,0.07585523054040655,0.08279623202776401,0.11477441745166088,0.09965294992563213,0.07957362419434805,0.08403569657907783,0.07709469509172037,0.1700545364402578,0.06866633614278632,0.061973227565691624,0.05552801189885969,0.051313832424392664,0.16460089241447695,0.07511155180961825,0.29474467030242935,0.058750619732275654,0.10733763014377788,0.06271690629647993,0.06271690629647993
ALIPY_DENSITY_WEIGHTED,0.23549826474962815,1.0,0.04090233019335647,0.054784333168071395,0.11229548834903322,0.10163609320773426,0.03520079325731284,0.2662369856222112,0.0991571641051066,0.10535448686167576,0.0954387704511651,0.07833415964303421,0.08601883986117997,0.10436291522062469,0.039167079821517105,0.11700545364402579,0.23549826474962815,0.09866137828458106,0.0872583044124938,0.07783837382250867,0.1494794248884482,0.0946950917203768,0.08254833911750124,0.07139315815567675,0.08477937530986614,0.1893901834407536,0.1036192364898364,0.1028755577590481,0.09717402082300446,0.0857709469509172,0.15642042637580567,0.06841844323252355,0.29474467030242935,0.0917203767972236,0.11328705999008429,0.0984134853743183,0.049826474962816066
ALIPY_GRAPH_DENSITY,0.03991075855230541,0.04090233019335647,1.0,0.14823996033713435,0.06147744174516609,0.06445215666831929,0.13857213683688646,0.07337630143777887,0.04933068914229053,0.04833911750123947,0.05156172533465543,0.16584035696579078,0.16236985622211206,0.09221616261774913,0.7233515121467526,0.07560733763014378,0.0443728309370352,0.06470004957858205,0.07188894397620228,0.1576598909271195,0.09221616261774913,0.13931581556767478,0.1271690629647992,0.1611303916707982,0.16038671294000992,0.07535944471988101,0.05503222607833416,0.05453644025780863,0.05800694100148736,0.050322260783341594,0.10386712940009915,0.16212196331184928,0.05404065443728309,0.04908279623202776,0.12394645513138325,0.0466038671294001,0.15245413981160139
ALIPY_RANDOM,0.06817055032226078,0.054784333168071395,0.14823996033713435,1.0,0.08106098165592464,0.08750619732275657,0.16757560733763013,0.08849776896380764,0.05701536936043629,0.06023797719385226,0.06494794248884482,0.2704511650966782,0.27243430837878035,0.14154685176003967,0.1450173525037184,0.11056023797719385,0.06593951412989589,0.0924640555280119,0.13435795736241943,0.27962320277640057,0.12741695587506197,0.24814080317302925,0.1760039662865642,0.24467030242935053,0.27590480912245907,0.11452652454139811,0.06271690629647993,0.06544372830937036,0.07188894397620228,0.05899851264253842,0.15840356965790778,0.22459097669806644,0.08477937530986614,0.05552801189885969,0.20624690133862172,0.05156172533465543,0.7040158651462568
ALIPY_UNCERTAINTY_LC,0.07734258800198314,0.11229548834903322,0.06147744174516609,0.08106098165592464,1.0,0.5510659395141299,0.0495785820525533,0.06544372830937036,0.16559246405552802,0.17773921665840356,0.1576598909271195,0.10560237977193852,0.1036192364898364,0.1383242439266237,0.06370847793753098,0.1628656420426376,0.07238472979672782,0.16212196331184928,0.13361427863163114,0.0946950917203768,0.14625681705503224,0.09816559246405553,0.06742687159147248,0.08155676747645017,0.10560237977193852,0.11006445215666832,0.16757560733763013,0.1819533961328706,0.14600892414476946,0.17724343083787802,0.10138820029747149,0.07089737233515121,0.07064947942488845,0.26003966286564206,0.11898859692612791,0.19484382746653445,0.07907783837382251
ALIPY_UNCERTAINTY_MM,0.06817055032226078,0.10163609320773426,0.06445215666831929,0.08750619732275657,0.5510659395141299,1.0,0.0532969757064948,0.06916212196331185,0.14625681705503224,0.14724838869608328,0.1685671789786812,0.11130391670798215,0.11006445215666832,0.1494794248884482,0.06643529995042141,0.15121467526028756,0.061973227565691624,0.19955379276152702,0.1536936043629152,0.10213187902825979,0.14030738720872582,0.10064452156668319,0.07064947942488845,0.09122459097669806,0.11031234506693109,0.10089241447694595,0.14328210213187903,0.15220624690133863,0.17055032226078334,0.25111551809618243,0.10312345066931086,0.07759048091224591,0.06122954883490332,0.1893901834407536,0.11824491819533961,0.1722855726326227,0.0887456618740704
LIBACT_DWUS,0.04858701041150223,0.03520079325731284,0.13857213683688646,0.16757560733763013,0.0495785820525533,0.0532969757064948,1.0,0.07957362419434805,0.048834903321764996,0.04462072384729797,0.049826474962816066,0.23054040654437283,0.22731779871095686,0.0946950917203768,0.1383242439266237,0.0805651958353991,0.04610808130887457,0.05924640555280119,0.08006941001487357,0.2270699058006941,0.08329201784828955,0.20971740208230044,0.3782845810609817,0.28011898859692613,0.23177987109568665,0.09196826970748637,0.04610808130887457,0.0421417947446703,0.04313336638572137,0.03718393653941497,0.14377788795240456,0.4060485870104115,0.06544372830937036,0.04338125929598413,0.13782845810609817,0.044124938026772434,0.15790778383738224
LIBACT_QUIRE,0.2920178482895389,0.2662369856222112,0.07337630143777887,0.08849776896380764,0.06544372830937036,0.06916212196331185,0.07957362419434805,1.0,0.06370847793753098,0.061973227565691624,0.0495785820525533,0.11303916707982152,0.11477441745166088,0.08081308874566187,0.07015369360436291,0.08899355478433317,0.2952404561229549,0.06246901338621715,0.07882994546355974,0.11750123946455131,0.12072384729796728,0.11898859692612791,0.11378284581060982,0.13187902825979178,0.12518591968269707,0.2017848289538919,0.06668319286068418,0.06321269211700545,0.05577590480912246,0.0518096182449182,0.20401586514625683,0.11973227565691621,0.32498760535448684,0.053792761527020325,0.12196331184928111,0.05775904809122459,0.08849776896380764
LIBACT_UNCERTAINTY_ENT,0.06470004957858205,0.0991571641051066,0.04933068914229053,0.05701536936043629,0.16559246405552802,0.14625681705503224,0.048834903321764996,0.06370847793753098,1.0,0.5758552305404065,0.5510659395141299,0.08230044620723848,0.08527516113039167,0.10436291522062469,0.048834903321764996,0.12469013386217154,0.06420426375805652,0.11031234506693109,0.09519087754090233,0.08329201784828955,0.11601388200297472,0.07808626673277144,0.06866633614278632,0.06668319286068418,0.07882994546355974,0.08552305404065444,0.18666336142786316,0.16236985622211206,0.14848785324739713,0.15567674764501735,0.08254833911750124,0.07263262270699058,0.07040158651462568,0.17055032226078334,0.09816559246405553,0.19410014873574616,0.05850272682201289
LIBACT_UNCERTAINTY_LC,0.06321269211700545,0.10535448686167576,0.04833911750123947,0.06023797719385226,0.17773921665840356,0.14724838869608328,0.04462072384729797,0.061973227565691624,0.5758552305404065,1.0,0.5649479424888448,0.07387208725830441,0.07957362419434805,0.10312345066931086,0.05081804660386713,0.12196331184928111,0.061973227565691624,0.11006445215666832,0.08849776896380764,0.07808626673277144,0.11452652454139811,0.07114526524541398,0.06048587010411502,0.06246901338621715,0.07362419434804164,0.08155676747645017,0.16955875061973227,0.1893901834407536,0.15989092711948438,0.16906296479920674,0.07535944471988101,0.06172533465542886,0.06346058502726822,0.1923648983639068,0.09742191373326722,0.18368864650470995,0.058750619732275654
LIBACT_UNCERTAINTY_SM,0.049826474962816066,0.0954387704511651,0.05156172533465543,0.06494794248884482,0.1576598909271195,0.1685671789786812,0.049826474962816066,0.0495785820525533,0.5510659395141299,0.5649479424888448,1.0,0.0880019831432821,0.08651462568170551,0.12320277640059495,0.051065939514129896,0.12072384729796728,0.05156172533465543,0.11923648983639068,0.0969261279127417,0.0924640555280119,0.12146752602875557,0.08998512642538424,0.06271690629647993,0.06965790778383739,0.0909766980664353,0.07635101636093208,0.15096678235002478,0.153941497273178,0.1700545364402578,0.1864154685176004,0.06916212196331185,0.06792265741199802,0.053792761527020325,0.16559246405552802,0.10262766484878533,0.15964303420922163,0.06742687159147248
OPTIMAL_GREEDY_10,0.08552305404065444,0.07833415964303421,0.16584035696579078,0.2704511650966782,0.10560237977193852,0.11130391670798215,0.23054040654437283,0.11303916707982152,0.08230044620723848,0.07387208725830441,0.0880019831432821,1.0,0.4045612295488349,0.18517600396628656,0.1650966782350025,0.16311353495290035,0.08304412493802678,0.11378284581060982,0.1700545364402578,0.3705999008428359,0.18145761031234506,0.3182944967773922,0.23054040654437283,0.3257312840852752,0.37902825979176996,0.1487357461576599,0.07907783837382251,0.08378780366881507,0.0872583044124938,0.0835399107585523,0.1983143282102132,0.31036192364898363,0.11105602379771938,0.08006941001487357,0.28681209717402084,0.07957362419434805,0.27268220128904314
OPTIMAL_GREEDY_20,0.08403569657907783,0.08601883986117997,0.16236985622211206,0.27243430837878035,0.1036192364898364,0.11006445215666832,0.22731779871095686,0.11477441745166088,0.08527516113039167,0.07957362419434805,0.08651462568170551,0.4045612295488349,1.0,0.19509172037679723,0.16360932077342588,0.15220624690133863,0.08081308874566187,0.11378284581060982,0.1715418939018344,0.3468021814576103,0.18963807635101637,0.3116013882002975,0.2300446207238473,0.31755081804660384,0.3701041150223104,0.14823996033713435,0.08081308874566187,0.07882994546355974,0.09196826970748637,0.07411998016856718,0.1998016856717898,0.30664352999504213,0.11105602379771938,0.07833415964303421,0.29424888448190384,0.07808626673277144,0.27590480912245907
PLAYGROUND_BANDIT,0.07362419434804164,0.10436291522062469,0.09221616261774913,0.14154685176003967,0.1383242439266237,0.1494794248884482,0.0946950917203768,0.08081308874566187,0.10436291522062469,0.10312345066931086,0.12320277640059495,0.18517600396628656,0.19509172037679723,1.0,0.0887456618740704,0.3748140803173029,0.07015369360436291,0.35349529003470503,0.3750619732275657,0.19410014873574616,0.2035200793257313,0.17724343083787802,0.11452652454139811,0.1420426375805652,0.17575607337630145,0.1346058502726822,0.10832920178482895,0.11774913237481408,0.12345066931085771,0.11279127416955875,0.13287059990084282,0.1264253842340109,0.09147248388696083,0.11254338125929599,0.1945959345562717,0.10808130887456618,0.1427863163113535
PLAYGROUND_GRAPH_DENSITY,0.03817550818046604,0.039167079821517105,0.7233515121467526,0.1450173525037184,0.06370847793753098,0.06643529995042141,0.1383242439266237,0.07015369360436291,0.048834903321764996,0.05081804660386713,0.051065939514129896,0.1650966782350025,0.16360932077342588,0.0887456618740704,1.0,0.07535944471988101,0.04189390183440753,0.06321269211700545,0.07139315815567675,0.15815567674764502,0.08676251859196826,0.1442736737729301,0.13138324243926625,0.15195835399107585,0.16559246405552802,0.07040158651462568,0.05552801189885969,0.05205751115518096,0.06048587010411502,0.0466038671294001,0.10039662865642042,0.15493306891422906,0.05528011898859692,0.05057015369360436,0.12741695587506197,0.0458601883986118,0.14402578086266732
PLAYGROUND_INFORMATIVE_DIVERSE,0.08552305404065444,0.11700545364402579,0.07560733763014378,0.11056023797719385,0.1628656420426376,0.15121467526028756,0.0805651958353991,0.08899355478433317,0.12469013386217154,0.12196331184928111,0.12072384729796728,0.16311353495290035,0.15220624690133863,0.3748140803173029,0.07535944471988101,1.0,0.07932573128408528,0.34357957362419433,0.34234010907288054,0.153941497273178,0.20674268715914726,0.15270203272186417,0.09816559246405553,0.13361427863163114,0.14700049578582053,0.1427863163113535,0.12592959841348536,0.1264253842340109,0.13411006445215667,0.12022806147744175,0.13708477937530986,0.11824491819533961,0.09048091224590976,0.12245909766980664,0.1752602875557759,0.124194348041646,0.11056023797719385
PLAYGROUND_KCENTER_GREEDY,0.7010411502231036,0.23549826474962815,0.0443728309370352,0.06593951412989589,0.07238472979672782,0.061973227565691624,0.04610808130887457,0.2952404561229549,0.06420426375805652,0.061973227565691624,0.05156172533465543,0.08304412493802678,0.08081308874566187,0.07015369360436291,0.04189390183440753,0.07932573128408528,1.0,0.07040158651462568,0.07337630143777887,0.08477937530986614,0.11056023797719385,0.10213187902825979,0.07560733763014378,0.08329201784828955,0.08230044620723848,0.1665840356965791,0.06346058502726822,0.062221120475954385,0.05205751115518096,0.05280118988596926,0.17104610808130888,0.07783837382250867,0.29821517104610806,0.058750619732275654,0.10609816559246406,0.060981655924640554,0.06841844323252355
PLAYGROUND_MARGIN,0.07188894397620228,0.09866137828458106,0.06470004957858205,0.0924640555280119,0.16212196331184928,0.19955379276152702,0.05924640555280119,0.06246901338621715,0.11031234506693109,0.11006445215666832,0.11923648983639068,0.11378284581060982,0.11378284581060982,0.35349529003470503,0.06321269211700545,0.34357957362419433,0.07040158651462568,1.0,0.480912245909767,0.11353495290034706,0.16038671294000992,0.10907288051561725,0.07585523054040655,0.08899355478433317,0.10783341596430342,0.11353495290034706,0.11452652454139811,0.11824491819533961,0.12345066931085771,0.1707982151710461,0.10684184432325236,0.0872583044124938,0.07312840852751612,0.14675260287555775,0.12592959841348536,0.1338621715418939,0.0932077342588002
PLAYGROUND_MIXTURE,0.07585523054040655,0.0872583044124938,0.07188894397620228,0.13435795736241943,0.13361427863163114,0.1536936043629152,0.08006941001487357,0.07882994546355974,0.09519087754090233,0.08849776896380764,0.0969261279127417,0.1700545364402578,0.1715418939018344,0.3750619732275657,0.07139315815567675,0.34234010907288054,0.07337630143777887,0.480912245909767,1.0,0.17947446703024295,0.1707982151710461,0.1648487853247397,0.10039662865642042,0.13485374318294496,0.17104610808130888,0.12245909766980664,0.09940505701536936,0.0954387704511651,0.10064452156668319,0.12592959841348536,0.11799702528507684,0.12072384729796728,0.0805651958353991,0.10312345066931086,0.18691125433812594,0.10312345066931086,0.13435795736241943
PLAYGROUND_UNIFORM,0.08279623202776401,0.07783837382250867,0.1576598909271195,0.27962320277640057,0.0946950917203768,0.10213187902825979,0.2270699058006941,0.11750123946455131,0.08329201784828955,0.07808626673277144,0.0924640555280119,0.3705999008428359,0.3468021814576103,0.19410014873574616,0.15815567674764502,0.153941497273178,0.08477937530986614,0.11353495290034706,0.17947446703024295,1.0,0.1864154685176004,0.33490332176499754,0.23202776400594943,0.3210213187902826,0.3691125433812593,0.13435795736241943,0.07882994546355974,0.08329201784828955,0.08453148239960337,0.07907783837382251,0.19707486365889937,0.3011898859692613,0.10039662865642042,0.07288051561725335,0.2778879524045612,0.07511155180961825,0.26846802181457613
SKACTIVEML_COST_EMBEDDING,0.11477441745166088,0.1494794248884482,0.09221616261774913,0.12741695587506197,0.14625681705503224,0.14030738720872582,0.08329201784828955,0.12072384729796728,0.11601388200297472,0.11452652454139811,0.12146752602875557,0.18145761031234506,0.18963807635101637,0.2035200793257313,0.08676251859196826,0.20674268715914726,0.11056023797719385,0.16038671294000992,0.1707982151710461,0.1864154685176004,1.0,0.17625185919682698,0.11204759543877045,0.15121467526028756,0.17922657411998016,0.19856222112047595,0.10808130887456618,0.12196331184928111,0.11650966782350025,0.10585027268220129,0.15468517600396628,0.11824491819533961,0.12394645513138325,0.11155180961824492,0.20798215171046108,0.11155180961824492,0.12295488349033218
SKACTIVEML_DAL,0.09965294992563213,0.0946950917203768,0.13931581556767478,0.24814080317302925,0.09816559246405553,0.10064452156668319,0.20971740208230044,0.11898859692612791,0.07808626673277144,0.07114526524541398,0.08998512642538424,0.3182944967773922,0.3116013882002975,0.17724343083787802,0.1442736737729301,0.15270203272186417,0.10213187902825979,0.10907288051561725,0.1648487853247397,0.33490332176499754,0.17625185919682698,1.0,0.2057511155180962,0.29449677739216656,0.3396132870599901,0.14923153197818542,0.08031730292513634,0.07907783837382251,0.09122459097669806,0.07560733763014378,0.19781854238968766,0.2744174516608825,0.11080813088745661,0.06965790778383739,0.27565691621219635,0.07610312345066932,0.244174516608825
SKACTIVEML_DWUS,0.07957362419434805,0.08254833911750124,0.1271690629647992,0.1760039662865642,0.06742687159147248,0.07064947942488845,0.3782845810609817,0.11378284581060982,0.06866633614278632,0.06048587010411502,0.06271690629647993,0.23054040654437283,0.2300446207238473,0.11452652454139811,0.13138324243926625,0.09816559246405553,0.07560733763014378,0.07585523054040655,0.10039662865642042,0.23202776400594943,0.11204759543877045,0.2057511155180962,1.0,0.26499752107089736,0.23054040654437283,0.11750123946455131,0.07114526524541398,0.06445215666831929,0.06693108577094695,0.05899851264253842,0.1685671789786812,0.30862667327714427,0.10237977193852256,0.059494298463063956,0.15418939018344074,0.05751115518096182,0.17922657411998016
SKACTIVEML_QBC,0.08403569657907783,0.07139315815567675,0.1611303916707982,0.24467030242935053,0.08155676747645017,0.09122459097669806,0.28011898859692613,0.13187902825979178,0.06668319286068418,0.06246901338621715,0.06965790778383739,0.3257312840852752,0.31755081804660384,0.1420426375805652,0.15195835399107585,0.13361427863163114,0.08329201784828955,0.08899355478433317,0.13485374318294496,0.3210213187902826,0.15121467526028756,0.29449677739216656,0.26499752107089736,1.0,0.326970748636589,0.1412989588497769,0.06693108577094695,0.06717897868120971,0.07436787307882994,0.06544372830937036,0.2017848289538919,0.3336638572136837,0.10510659395141299,0.061973227565691624,0.2263262270699058,0.06296479920674268,0.24566187407040158
SKACTIVEML_QBC_VOTE_ENTROPY,0.07709469509172037,0.08477937530986614,0.16038671294000992,0.27590480912245907,0.10560237977193852,0.11031234506693109,0.23177987109568665,0.12518591968269707,0.07882994546355974,0.07362419434804164,0.0909766980664353,0.37902825979176996,0.3701041150223104,0.17575607337630145,0.16559246405552802,0.14700049578582053,0.08230044620723848,0.10783341596430342,0.17104610808130888,0.3691125433812593,0.17922657411998016,0.3396132870599901,0.23054040654437283,0.326970748636589,1.0,0.14476945959345563,0.07560733763014378,0.08676251859196826,0.09221616261774913,0.08106098165592464,0.1893901834407536,0.29424888448190384,0.11279127416955875,0.08180466038671294,0.2890431333663857,0.07808626673277144,0.27243430837878035
SKACTIVEML_QUIRE,0.1700545364402578,0.1893901834407536,0.07535944471988101,0.11452652454139811,0.11006445215666832,0.10089241447694595,0.09196826970748637,0.2017848289538919,0.08552305404065444,0.08155676747645017,0.07635101636093208,0.1487357461576599,0.14823996033713435,0.1346058502726822,0.07040158651462568,0.1427863163113535,0.1665840356965791,0.11353495290034706,0.12245909766980664,0.13435795736241943,0.19856222112047595,0.14923153197818542,0.11750123946455131,0.1412989588497769,0.14476945959345563,1.0,0.07858205255329698,0.0850272682201289,0.07139315815567675,0.06941001487357462,0.1980664352999504,0.11626177491323748,0.2094695091720377,0.07610312345066932,0.1774913237481408,0.08081308874566187,0.11403073872087258
SKACTIVEML_US_ENTROPY,0.06866633614278632,0.1036192364898364,0.05503222607833416,0.06271690629647993,0.16757560733763013,0.14328210213187903,0.04610808130887457,0.06668319286068418,0.18666336142786316,0.16955875061973227,0.15096678235002478,0.07907783837382251,0.08081308874566187,0.10832920178482895,0.05552801189885969,0.12592959841348536,0.06346058502726822,0.11452652454139811,0.09940505701536936,0.07882994546355974,0.10808130887456618,0.08031730292513634,0.07114526524541398,0.06693108577094695,0.07560733763014378,0.07858205255329698,1.0,0.5939514129895885,0.5676747645017353,0.13981160138820029,0.07833415964303421,0.05651958353991076,0.06941001487357462,0.15319781854238967,0.10014873574615767,0.17575607337630145,0.06296479920674268
SKACTIVEML_US_LC,0.061973227565691624,0.1028755577590481,0.05453644025780863,0.06544372830937036,0.1819533961328706,0.15220624690133863,0.0421417947446703,0.06321269211700545,0.16236985622211206,0.1893901834407536,0.153941497273178,0.08378780366881507,0.07882994546355974,0.11774913237481408,0.05205751115518096,0.1264253842340109,0.062221120475954385,0.11824491819533961,0.0954387704511651,0.08329201784828955,0.12196331184928111,0.07907783837382251,0.06445215666831929,0.06717897868120971,0.08676251859196826,0.0850272682201289,0.5939514129895885,1.0,0.5654437283093704,0.1479920674268716,0.07610312345066932,0.06023797719385226,0.06717897868120971,0.16683192860684184,0.10510659395141299,0.16038671294000992,0.06866633614278632
SKACTIVEML_US_MARGIN,0.05552801189885969,0.09717402082300446,0.05800694100148736,0.07188894397620228,0.14600892414476946,0.17055032226078334,0.04313336638572137,0.05577590480912246,0.14848785324739713,0.15989092711948438,0.1700545364402578,0.0872583044124938,0.09196826970748637,0.12345066931085771,0.06048587010411502,0.13411006445215667,0.05205751115518096,0.12345066931085771,0.10064452156668319,0.08453148239960337,0.11650966782350025,0.09122459097669806,0.06693108577094695,0.07436787307882994,0.09221616261774913,0.07139315815567675,0.5676747645017353,0.5654437283093704,1.0,0.15096678235002478,0.07436787307882994,0.061973227565691624,0.053544868616757564,0.14377788795240456,0.11155180961824492,0.14229053049082796,0.06941001487357462
SMALLTEXT_BREAKINGTIES,0.051313832424392664,0.0857709469509172,0.050322260783341594,0.05899851264253842,0.17724343083787802,0.25111551809618243,0.03718393653941497,0.0518096182449182,0.15567674764501735,0.16906296479920674,0.1864154685176004,0.0835399107585523,0.07411998016856718,0.11279127416955875,0.0466038671294001,0.12022806147744175,0.05280118988596926,0.1707982151710461,0.12592959841348536,0.07907783837382251,0.10585027268220129,0.07560733763014378,0.05899851264253842,0.06544372830937036,0.08106098165592464,0.06941001487357462,0.13981160138820029,0.1479920674268716,0.15096678235002478,1.0,0.06841844323252355,0.06048587010411502,0.04784333168071393,0.5649479424888448,0.08651462568170551,0.5560237977193853,0.054784333168071395
SMALLTEXT_CONTRASTIVEAL,0.16460089241447695,0.15642042637580567,0.10386712940009915,0.15840356965790778,0.10138820029747149,0.10312345066931086,0.14377788795240456,0.20401586514625683,0.08254833911750124,0.07535944471988101,0.06916212196331185,0.1983143282102132,0.1998016856717898,0.13287059990084282,0.10039662865642042,0.13708477937530986,0.17104610808130888,0.10684184432325236,0.11799702528507684,0.19707486365889937,0.15468517600396628,0.19781854238968766,0.1685671789786812,0.2017848289538919,0.1893901834407536,0.1980664352999504,0.07833415964303421,0.07610312345066932,0.07436787307882994,0.06841844323252355,1.0,0.1722855726326227,0.20252850768468023,0.07387208725830441,0.19137332672285573,0.07783837382250867,0.15418939018344074
SMALLTEXT_EMBEDDINGKMEANS,0.07511155180961825,0.06841844323252355,0.16212196331184928,0.22459097669806644,0.07089737233515121,0.07759048091224591,0.4060485870104115,0.11973227565691621,0.07263262270699058,0.06172533465542886,0.06792265741199802,0.31036192364898363,0.30664352999504213,0.1264253842340109,0.15493306891422906,0.11824491819533961,0.07783837382250867,0.0872583044124938,0.12072384729796728,0.3011898859692613,0.11824491819533961,0.2744174516608825,0.30862667327714427,0.3336638572136837,0.29424888448190384,0.11626177491323748,0.05651958353991076,0.06023797719385226,0.061973227565691624,0.06048587010411502,0.1722855726326227,1.0,0.11056023797719385,0.05775904809122459,0.21740208230044622,0.05701536936043629,0.23351512146752604
SMALLTEXT_GREEDYCORESET,0.29474467030242935,0.29474467030242935,0.05404065443728309,0.08477937530986614,0.07064947942488845,0.06122954883490332,0.06544372830937036,0.32498760535448684,0.07040158651462568,0.06346058502726822,0.053792761527020325,0.11105602379771938,0.11105602379771938,0.09147248388696083,0.05528011898859692,0.09048091224590976,0.29821517104610806,0.07312840852751612,0.0805651958353991,0.10039662865642042,0.12394645513138325,0.11080813088745661,0.10237977193852256,0.10510659395141299,0.11279127416955875,0.2094695091720377,0.06941001487357462,0.06717897868120971,0.053544868616757564,0.04784333168071393,0.20252850768468023,0.11056023797719385,1.0,0.06445215666831929,0.139067922657412,0.06544372830937036,0.08155676747645017
SMALLTEXT_LEASTCONFIDENCE,0.058750619732275654,0.0917203767972236,0.04908279623202776,0.05552801189885969,0.26003966286564206,0.1893901834407536,0.04338125929598413,0.053792761527020325,0.17055032226078334,0.1923648983639068,0.16559246405552802,0.08006941001487357,0.07833415964303421,0.11254338125929599,0.05057015369360436,0.12245909766980664,0.058750619732275654,0.14675260287555775,0.10312345066931086,0.07288051561725335,0.11155180961824492,0.06965790778383739,0.059494298463063956,0.061973227565691624,0.08180466038671294,0.07610312345066932,0.15319781854238967,0.16683192860684184,0.14377788795240456,0.5649479424888448,0.07387208725830441,0.05775904809122459,0.06445215666831929,1.0,0.09593455627169063,0.5728805156172534,0.05528011898859692
SMALLTEXT_LIGHTWEIGHTCORESET,0.10733763014377788,0.11328705999008429,0.12394645513138325,0.20624690133862172,0.11898859692612791,0.11824491819533961,0.13782845810609817,0.12196331184928111,0.09816559246405553,0.09742191373326722,0.10262766484878533,0.28681209717402084,0.29424888448190384,0.1945959345562717,0.12741695587506197,0.1752602875557759,0.10609816559246406,0.12592959841348536,0.18691125433812594,0.2778879524045612,0.20798215171046108,0.27565691621219635,0.15418939018344074,0.2263262270699058,0.2890431333663857,0.1774913237481408,0.10014873574615767,0.10510659395141299,0.11155180961824492,0.08651462568170551,0.19137332672285573,0.21740208230044622,0.139067922657412,0.09593455627169063,1.0,0.0850272682201289,0.20823004462072384
SMALLTEXT_PREDICTIONENTROPY,0.06271690629647993,0.0984134853743183,0.0466038671294001,0.05156172533465543,0.19484382746653445,0.1722855726326227,0.044124938026772434,0.05775904809122459,0.19410014873574616,0.18368864650470995,0.15964303420922163,0.07957362419434805,0.07808626673277144,0.10808130887456618,0.0458601883986118,0.124194348041646,0.060981655924640554,0.1338621715418939,0.10312345066931086,0.07511155180961825,0.11155180961824492,0.07610312345066932,0.05751115518096182,0.06296479920674268,0.07808626673277144,0.08081308874566187,0.17575607337630145,0.16038671294000992,0.14229053049082796,0.5560237977193853,0.07783837382250867,0.05701536936043629,0.06544372830937036,0.5728805156172534,0.0850272682201289,1.0,0.0532969757064948
SMALLTEXT_RANDOM,0.06271690629647993,0.049826474962816066,0.15245413981160139,0.7040158651462568,0.07907783837382251,0.0887456618740704,0.15790778383738224,0.08849776896380764,0.05850272682201289,0.058750619732275654,0.06742687159147248,0.27268220128904314,0.27590480912245907,0.1427863163113535,0.14402578086266732,0.11056023797719385,0.06841844323252355,0.0932077342588002,0.13435795736241943,0.26846802181457613,0.12295488349033218,0.244174516608825,0.17922657411998016,0.24566187407040158,0.27243430837878035,0.11403073872087258,0.06296479920674268,0.06866633614278632,0.06941001487357462,0.054784333168071395,0.15418939018344074,0.23351512146752604,0.08155676747645017,0.05528011898859692,0.20823004462072384,0.0532969757064948,1.0
