,ALIPY_CORESET_GREEDY,ALIPY_DENSITY_WEIGHTED,ALIPY_GRAPH_DENSITY,ALIPY_RANDOM,ALIPY_UNCERTAINTY_LC,ALIPY_UNCERTAINTY_MM,LIBACT_DWUS,LIBACT_QUIRE,LIBACT_UNCERTAINTY_ENT,LIBACT_UNCERTAINTY_LC,LIBACT_UNCERTAINTY_SM,OPTIMAL_GREEDY_10,OPTIMAL_GREEDY_20,PLAYGROUND_BANDIT,PLAYGROUND_GRAPH_DENSITY,PLAYGROUND_INFORMATIVE_DIVERSE,PLAYGROUND_KCENTER_GREEDY,PLAYGROUND_MARGIN,PLAYGROUND_MIXTURE,PLAYGROUND_UNIFORM,SKACTIVEML_COST_EMBEDDING,SKACTIVEML_DAL,SKACTIVEML_DWUS,SKACTIVEML_QBC,SKACTIVEML_QBC_VOTE_ENTROPY,SKACTIVEML_QUIRE,SKACTIVEML_US_ENTROPY,SKACTIVEML_US_LC,SKACTIVEML_US_MARGIN,SMALLTEXT_BREAKINGTIES,SMALLTEXT_CONTRASTIVEAL,SMALLTEXT_EMBEDDINGKMEANS,SMALLTEXT_GREEDYCORESET,SMALLTEXT_LEASTCONFIDENCE,SMALLTEXT_LIGHTWEIGHTCORESET,SMALLTEXT_PREDICTIONENTROPY,SMALLTEXT_RANDOM
ALIPY_CORESET_GREEDY,1.0,0.08439490445859872,0.04723991507430998,0.07961783439490445,0.03343949044585987,0.02653927813163482,0.11358811040339703,0.13588110403397027,0.029193205944798302,0.03184713375796178,0.030254777070063694,0.12579617834394904,0.1475583864118896,0.0737791932059448,0.04723991507430998,0.1035031847133758,1.0,0.05573248407643312,0.09129511677282377,0.10774946921443737,0.07802547770700637,0.12101910828025478,0.11146496815286625,0.11518046709129512,0.12208067940552017,0.07961783439490445,0.025477707006369428,0.024416135881104035,0.024416135881104035,0.021231422505307854,0.12208067940552017,0.1321656050955414,0.18312101910828024,0.024946921443736732,0.12420382165605096,0.030254777070063694,0.07961783439490445
ALIPY_DENSITY_WEIGHTED,0.08439490445859872,1.0,0.0881104033970276,0.07218683651804671,0.07908704883227176,0.07059447983014862,0.13800424628450106,0.15233545647558386,0.08545647558386411,0.08439490445859872,0.08067940552016985,0.13428874734607218,0.14225053078556263,0.09288747346072186,0.0881104033970276,0.11464968152866242,0.08439490445859872,0.07537154989384288,0.09713375796178345,0.13747346072186836,0.131104033970276,0.1449044585987261,0.13906581740976645,0.1449044585987261,0.1459660297239915,0.13428874734607218,0.08121019108280254,0.07112526539278131,0.07749469214437367,0.06210191082802548,0.15605095541401273,0.14065817409766454,0.14968152866242038,0.07059447983014862,0.13906581740976645,0.07749469214437367,0.07218683651804671
ALIPY_GRAPH_DENSITY,0.04723991507430998,0.0881104033970276,1.0,0.04670912951167728,0.03556263269639066,0.03556263269639066,0.1183651804670913,0.1326963906581741,0.032908704883227176,0.03078556263269639,0.03821656050955414,0.09978768577494693,0.10615711252653928,0.06263269639065817,1.0,0.06794055201698514,0.04723991507430998,0.029723991507430998,0.042993630573248405,0.10721868365180467,0.07696390658174097,0.0870488322717622,0.10244161358811041,0.10881104033970276,0.10244161358811041,0.07484076433121019,0.03662420382165605,0.02653927813163482,0.036093418259023353,0.02653927813163482,0.11358811040339703,0.10244161358811041,0.11464968152866242,0.021231422505307854,0.09925690021231423,0.03184713375796178,0.04670912951167728
ALIPY_RANDOM,0.07961783439490445,0.07218683651804671,0.04670912951167728,1.0,0.03237791932059448,0.036093418259023353,0.11995753715498939,0.08014861995753715,0.024946921443736732,0.02176220806794055,0.022823779193205943,0.1178343949044586,0.1173036093418259,0.07218683651804671,0.04670912951167728,0.07484076433121019,0.07961783439490445,0.032908704883227176,0.07749469214437367,0.1337579617834395,0.07112526539278131,0.11358811040339703,0.08227176220806794,0.09925690021231423,0.1040339702760085,0.06369426751592357,0.027070063694267517,0.027600849256900213,0.03131634819532909,0.021231422505307854,0.08864118895966029,0.12951167728237792,0.10881104033970276,0.020169851380042462,0.1178343949044586,0.016985138004246284,1.0
ALIPY_UNCERTAINTY_LC,0.03343949044585987,0.07908704883227176,0.03556263269639066,0.03237791932059448,1.0,0.6056263269639066,0.06634819532908705,0.058386411889596604,0.08121019108280254,0.09660297239915075,0.07696390658174097,0.06316348195329087,0.061040339702760085,0.08280254777070063,0.03556263269639066,0.06210191082802548,0.03343949044585987,0.1746284501061571,0.08227176220806794,0.05307855626326964,0.0870488322717622,0.07430997876857749,0.06528662420382166,0.06157112526539278,0.06157112526539278,0.07590233545647558,0.08917197452229299,0.0870488322717622,0.07484076433121019,0.1746284501061571,0.07590233545647558,0.055201698513800426,0.06581740976645435,0.3487261146496815,0.06794055201698514,0.18099787685774946,0.03237791932059448
ALIPY_UNCERTAINTY_MM,0.02653927813163482,0.07059447983014862,0.03556263269639066,0.036093418259023353,0.6056263269639066,1.0,0.05785562632696391,0.06157112526539278,0.06953290870488323,0.0737791932059448,0.09076433121019108,0.059447983014861996,0.06050955414012739,0.07961783439490445,0.03556263269639066,0.06475583864118896,0.02653927813163482,0.25955414012738853,0.10828025477707007,0.05732484076433121,0.07696390658174097,0.06528662420382166,0.05732484076433121,0.05732484076433121,0.06050955414012739,0.059447983014861996,0.059447983014861996,0.0737791932059448,0.09182590233545647,0.3503184713375796,0.0732484076433121,0.06157112526539278,0.059447983014861996,0.17728237791932058,0.06794055201698514,0.1613588110403397,0.036093418259023353
LIBACT_DWUS,0.11358811040339703,0.13800424628450106,0.1183651804670913,0.11995753715498939,0.06634819532908705,0.05785562632696391,1.0,0.22717622080679406,0.07484076433121019,0.058386411889596604,0.05732484076433121,0.2213375796178344,0.22399150743099788,0.10987261146496816,0.1183651804670913,0.16295116772823778,0.11358811040339703,0.05785562632696391,0.10774946921443737,0.2059447983014862,0.14065817409766454,0.23991507430997877,0.2075371549893843,0.2340764331210191,0.22717622080679406,0.1326963906581741,0.06422505307855626,0.06210191082802548,0.0727176220806794,0.037154989384288746,0.24416135881104034,0.26008492569002123,0.22611464968152867,0.040339702760084924,0.23938428874734607,0.058386411889596604,0.11995753715498939
LIBACT_QUIRE,0.13588110403397027,0.15233545647558386,0.1326963906581741,0.08014861995753715,0.058386411889596604,0.06157112526539278,0.22717622080679406,1.0,0.07484076433121019,0.06794055201698514,0.06900212314225053,0.19585987261146498,0.19851380042462846,0.1178343949044586,0.1326963906581741,0.13747346072186836,0.13588110403397027,0.048301486199575375,0.09501061571125266,0.1767515923566879,0.1470276008492569,0.1910828025477707,0.18099787685774946,0.22929936305732485,0.19532908704883228,0.14065817409766454,0.06687898089171974,0.061040339702760085,0.07218683651804671,0.04670912951167728,0.2223991507430998,0.21337579617834396,0.24628450106157113,0.052547770700636945,0.21815286624203822,0.06740976645435244,0.08014861995753715
LIBACT_UNCERTAINTY_ENT,0.029193205944798302,0.08545647558386411,0.032908704883227176,0.024946921443736732,0.08121019108280254,0.06953290870488323,0.07484076433121019,0.07484076433121019,1.0,0.6332271762208068,0.6130573248407644,0.054140127388535034,0.06050955414012739,0.06581740976645435,0.032908704883227176,0.06475583864118896,0.029193205944798302,0.05785562632696391,0.04670912951167728,0.06422505307855626,0.06210191082802548,0.0589171974522293,0.06581740976645435,0.06316348195329087,0.06050955414012739,0.06316348195329087,0.11889596602972399,0.08227176220806794,0.07112526539278131,0.06157112526539278,0.07112526539278131,0.056794055201698515,0.050955414012738856,0.07961783439490445,0.06263269639065817,0.11995753715498939,0.024946921443736732
LIBACT_UNCERTAINTY_LC,0.03184713375796178,0.08439490445859872,0.03078556263269639,0.02176220806794055,0.09660297239915075,0.0737791932059448,0.058386411889596604,0.06794055201698514,0.6332271762208068,1.0,0.6215498938428875,0.06475583864118896,0.05732484076433121,0.06953290870488323,0.03078556263269639,0.05732484076433121,0.03184713375796178,0.06475583864118896,0.04511677282377919,0.05997876857749469,0.07696390658174097,0.06794055201698514,0.059447983014861996,0.05785562632696391,0.05997876857749469,0.06475583864118896,0.09182590233545647,0.10668789808917198,0.09129511677282377,0.07218683651804671,0.07537154989384288,0.05201698513800425,0.04883227176220807,0.09554140127388536,0.06263269639065817,0.09554140127388536,0.02176220806794055
LIBACT_UNCERTAINTY_SM,0.030254777070063694,0.08067940552016985,0.03821656050955414,0.022823779193205943,0.07696390658174097,0.09076433121019108,0.05732484076433121,0.06900212314225053,0.6130573248407644,0.6215498938428875,1.0,0.06687898089171974,0.05732484076433121,0.06794055201698514,0.03821656050955414,0.06687898089171974,0.030254777070063694,0.06422505307855626,0.04670912951167728,0.06634819532908705,0.07430997876857749,0.06050955414012739,0.06581740976645435,0.06210191082802548,0.06687898089171974,0.06475583864118896,0.0732484076433121,0.08227176220806794,0.11571125265392782,0.09447983014861996,0.07590233545647558,0.05785562632696391,0.050955414012738856,0.07165605095541401,0.05467091295116773,0.07537154989384288,0.022823779193205943
OPTIMAL_GREEDY_10,0.12579617834394904,0.13428874734607218,0.09978768577494693,0.1178343949044586,0.06316348195329087,0.059447983014861996,0.2213375796178344,0.19585987261146498,0.054140127388535034,0.06475583864118896,0.06687898089171974,1.0,0.22399150743099788,0.10881104033970276,0.09978768577494693,0.15233545647558386,0.12579617834394904,0.05626326963906582,0.12101910828025478,0.20329087048832273,0.12208067940552017,0.1926751592356688,0.17197452229299362,0.21231422505307856,0.19851380042462846,0.1178343949044586,0.06475583864118896,0.06847133757961783,0.059447983014861996,0.050955414012738856,0.17887473460721867,0.2223991507430998,0.18895966029723993,0.03662420382165605,0.2085987261146497,0.058386411889596604,0.1178343949044586
OPTIMAL_GREEDY_20,0.1475583864118896,0.14225053078556263,0.10615711252653928,0.1173036093418259,0.061040339702760085,0.06050955414012739,0.22399150743099788,0.19851380042462846,0.06050955414012739,0.05732484076433121,0.05732484076433121,0.22399150743099788,1.0,0.10138004246284502,0.10615711252653928,0.1470276008492569,0.1475583864118896,0.06794055201698514,0.11571125265392782,0.20169851380042464,0.1316348195329087,0.208067940552017,0.17993630573248406,0.2075371549893843,0.21178343949044587,0.12261146496815287,0.059447983014861996,0.06050955414012739,0.06157112526539278,0.044585987261146494,0.17834394904458598,0.23089171974522293,0.19639065817409768,0.045647558386411886,0.21125265392781317,0.05732484076433121,0.1173036093418259
PLAYGROUND_BANDIT,0.0737791932059448,0.09288747346072186,0.06263269639065817,0.07218683651804671,0.08280254777070063,0.07961783439490445,0.10987261146496816,0.1178343949044586,0.06581740976645435,0.06953290870488323,0.06794055201698514,0.10881104033970276,0.10138004246284502,1.0,0.06263269639065817,0.28450106157112526,0.0737791932059448,0.3349256900212314,0.25690021231422505,0.10244161358811041,0.10774946921443737,0.1183651804670913,0.10138004246284502,0.11199575371549894,0.09394904458598727,0.10031847133757962,0.06263269639065817,0.0737791932059448,0.06740976645435244,0.055201698513800426,0.11995753715498939,0.1040339702760085,0.1035031847133758,0.06210191082802548,0.12101910828025478,0.055201698513800426,0.07218683651804671
PLAYGROUND_GRAPH_DENSITY,0.04723991507430998,0.0881104033970276,1.0,0.04670912951167728,0.03556263269639066,0.03556263269639066,0.1183651804670913,0.1326963906581741,0.032908704883227176,0.03078556263269639,0.03821656050955414,0.09978768577494693,0.10615711252653928,0.06263269639065817,1.0,0.06794055201698514,0.04723991507430998,0.029723991507430998,0.042993630573248405,0.10721868365180467,0.07696390658174097,0.0870488322717622,0.10244161358811041,0.10881104033970276,0.10244161358811041,0.07484076433121019,0.03662420382165605,0.02653927813163482,0.036093418259023353,0.02653927813163482,0.11358811040339703,0.10244161358811041,0.11464968152866242,0.021231422505307854,0.09925690021231423,0.03184713375796178,0.04670912951167728
PLAYGROUND_INFORMATIVE_DIVERSE,0.1035031847133758,0.11464968152866242,0.06794055201698514,0.07484076433121019,0.06210191082802548,0.06475583864118896,0.16295116772823778,0.13747346072186836,0.06475583864118896,0.05732484076433121,0.06687898089171974,0.15233545647558386,0.1470276008492569,0.28450106157112526,0.06794055201698514,1.0,0.1035031847133758,0.2494692144373673,0.25477707006369427,0.12898089171974522,0.11889596602972399,0.14968152866242038,0.11199575371549894,0.1332271762208068,0.14225053078556263,0.09447983014861996,0.061040339702760085,0.07059447983014862,0.06900212314225053,0.050955414012738856,0.14437367303609341,0.16878980891719744,0.13959660297239915,0.04777070063694268,0.13906581740976645,0.056794055201698515,0.07484076433121019
PLAYGROUND_KCENTER_GREEDY,1.0,0.08439490445859872,0.04723991507430998,0.07961783439490445,0.03343949044585987,0.02653927813163482,0.11358811040339703,0.13588110403397027,0.029193205944798302,0.03184713375796178,0.030254777070063694,0.12579617834394904,0.1475583864118896,0.0737791932059448,0.04723991507430998,0.1035031847133758,1.0,0.05573248407643312,0.09129511677282377,0.10774946921443737,0.07802547770700637,0.12101910828025478,0.11146496815286625,0.11518046709129512,0.12208067940552017,0.07961783439490445,0.025477707006369428,0.024416135881104035,0.024416135881104035,0.021231422505307854,0.12208067940552017,0.1321656050955414,0.18312101910828024,0.024946921443736732,0.12420382165605096,0.030254777070063694,0.07961783439490445
PLAYGROUND_MARGIN,0.05573248407643312,0.07537154989384288,0.029723991507430998,0.032908704883227176,0.1746284501061571,0.25955414012738853,0.05785562632696391,0.048301486199575375,0.05785562632696391,0.06475583864118896,0.06422505307855626,0.05626326963906582,0.06794055201698514,0.3349256900212314,0.029723991507430998,0.2494692144373673,0.05573248407643312,1.0,0.40817409766454354,0.06316348195329087,0.08545647558386411,0.05785562632696391,0.05732484076433121,0.05626326963906582,0.0440552016985138,0.07590233545647558,0.050955414012738856,0.059447983014861996,0.06263269639065817,0.23885350318471338,0.07006369426751592,0.056794055201698515,0.05360934182590234,0.15286624203821655,0.04777070063694268,0.14118895966029724,0.032908704883227176
PLAYGROUND_MIXTURE,0.09129511677282377,0.09713375796178345,0.042993630573248405,0.07749469214437367,0.08227176220806794,0.10828025477707007,0.10774946921443737,0.09501061571125266,0.04670912951167728,0.04511677282377919,0.04670912951167728,0.12101910828025478,0.11571125265392782,0.25690021231422505,0.042993630573248405,0.25477707006369427,0.09129511677282377,0.40817409766454354,1.0,0.11093418259023355,0.10721868365180467,0.11995753715498939,0.09235668789808917,0.1183651804670913,0.1183651804670913,0.06900212314225053,0.05467091295116773,0.05042462845010616,0.05785562632696391,0.09394904458598727,0.11146496815286625,0.11624203821656051,0.10244161358811041,0.06953290870488323,0.11252653927813164,0.06475583864118896,0.07749469214437367
PLAYGROUND_UNIFORM,0.10774946921443737,0.13747346072186836,0.10721868365180467,0.1337579617834395,0.05307855626326964,0.05732484076433121,0.2059447983014862,0.1767515923566879,0.06422505307855626,0.05997876857749469,0.06634819532908705,0.20329087048832273,0.20169851380042464,0.10244161358811041,0.10721868365180467,0.12898089171974522,0.10774946921443737,0.06316348195329087,0.11093418259023355,1.0,0.13481953290870488,0.18365180467091294,0.160828025477707,0.19692144373673037,0.20435244161358812,0.12367303609341826,0.07059447983014862,0.06157112526539278,0.06847133757961783,0.048301486199575375,0.1762208067940552,0.21868365180467092,0.18683651804670912,0.04723991507430998,0.21602972399150744,0.05573248407643312,0.1337579617834395
SKACTIVEML_COST_EMBEDDING,0.07802547770700637,0.131104033970276,0.07696390658174097,0.07112526539278131,0.0870488322717622,0.07696390658174097,0.14065817409766454,0.1470276008492569,0.06210191082802548,0.07696390658174097,0.07430997876857749,0.12208067940552017,0.1316348195329087,0.10774946921443737,0.07696390658174097,0.11889596602972399,0.07802547770700637,0.08545647558386411,0.10721868365180467,0.13481953290870488,1.0,0.13588110403397027,0.1337579617834395,0.12367303609341826,0.13428874734607218,0.12526539278131635,0.06581740976645435,0.07059447983014862,0.0727176220806794,0.05732484076433121,0.13959660297239915,0.13428874734607218,0.1321656050955414,0.06157112526539278,0.13747346072186836,0.0737791932059448,0.07112526539278131
SKACTIVEML_DAL,0.12101910828025478,0.1449044585987261,0.0870488322717622,0.11358811040339703,0.07430997876857749,0.06528662420382166,0.23991507430997877,0.1910828025477707,0.0589171974522293,0.06794055201698514,0.06050955414012739,0.1926751592356688,0.208067940552017,0.1183651804670913,0.0870488322717622,0.14968152866242038,0.12101910828025478,0.05785562632696391,0.11995753715498939,0.18365180467091294,0.13588110403397027,1.0,0.16454352441613587,0.21019108280254778,0.20276008492569003,0.11358811040339703,0.056794055201698515,0.049893842887473464,0.06316348195329087,0.05626326963906582,0.19904458598726116,0.23832271762208068,0.21072186836518048,0.048301486199575375,0.18418259023354563,0.05467091295116773,0.11358811040339703
SKACTIVEML_DWUS,0.11146496815286625,0.13906581740976645,0.10244161358811041,0.08227176220806794,0.06528662420382166,0.05732484076433121,0.2075371549893843,0.18099787685774946,0.06581740976645435,0.059447983014861996,0.06581740976645435,0.17197452229299362,0.17993630573248406,0.10138004246284502,0.10244161358811041,0.11199575371549894,0.11146496815286625,0.05732484076433121,0.09235668789808917,0.160828025477707,0.1337579617834395,0.16454352441613587,1.0,0.1921443736730361,0.1756900212314225,0.12791932059447983,0.07006369426751592,0.06210191082802548,0.06157112526539278,0.059447983014861996,0.16401273885350318,0.18418259023354563,0.1932059447983015,0.05732484076433121,0.15021231422505307,0.06953290870488323,0.08227176220806794
SKACTIVEML_QBC,0.11518046709129512,0.1449044585987261,0.10881104033970276,0.09925690021231423,0.06157112526539278,0.05732484076433121,0.2340764331210191,0.22929936305732485,0.06316348195329087,0.05785562632696391,0.06210191082802548,0.21231422505307856,0.2075371549893843,0.11199575371549894,0.10881104033970276,0.1332271762208068,0.11518046709129512,0.05626326963906582,0.1183651804670913,0.19692144373673037,0.12367303609341826,0.21019108280254778,0.1921443736730361,1.0,0.2223991507430998,0.12101910828025478,0.06581740976645435,0.06369426751592357,0.06528662420382166,0.04193205944798301,0.19002123142250532,0.22558386411889597,0.21337579617834396,0.040339702760084924,0.1916135881104034,0.05360934182590234,0.09925690021231423
SKACTIVEML_QBC_VOTE_ENTROPY,0.12208067940552017,0.1459660297239915,0.10244161358811041,0.1040339702760085,0.06157112526539278,0.06050955414012739,0.22717622080679406,0.19532908704883228,0.06050955414012739,0.05997876857749469,0.06687898089171974,0.19851380042462846,0.21178343949044587,0.09394904458598727,0.10244161358811041,0.14225053078556263,0.12208067940552017,0.0440552016985138,0.1183651804670913,0.20435244161358812,0.13428874734607218,0.20276008492569003,0.1756900212314225,0.2223991507430998,1.0,0.11889596602972399,0.06475583864118896,0.06422505307855626,0.06687898089171974,0.04617834394904458,0.1937367303609342,0.21709129511677283,0.19639065817409768,0.04246284501061571,0.1916135881104034,0.06263269639065817,0.1040339702760085
SKACTIVEML_QUIRE,0.07961783439490445,0.13428874734607218,0.07484076433121019,0.06369426751592357,0.07590233545647558,0.059447983014861996,0.1326963906581741,0.14065817409766454,0.06316348195329087,0.06475583864118896,0.06475583864118896,0.1178343949044586,0.12261146496815287,0.10031847133757962,0.07484076433121019,0.09447983014861996,0.07961783439490445,0.07590233545647558,0.06900212314225053,0.12367303609341826,0.12526539278131635,0.11358811040339703,0.12791932059447983,0.12101910828025478,0.11889596602972399,1.0,0.06953290870488323,0.06687898089171974,0.06847133757961783,0.0440552016985138,0.12048832271762208,0.12208067940552017,0.12367303609341826,0.05042462845010616,0.13481953290870488,0.058386411889596604,0.06369426751592357
SKACTIVEML_US_ENTROPY,0.025477707006369428,0.08121019108280254,0.03662420382165605,0.027070063694267517,0.08917197452229299,0.059447983014861996,0.06422505307855626,0.06687898089171974,0.11889596602972399,0.09182590233545647,0.0732484076433121,0.06475583864118896,0.059447983014861996,0.06263269639065817,0.03662420382165605,0.061040339702760085,0.025477707006369428,0.050955414012738856,0.05467091295116773,0.07059447983014862,0.06581740976645435,0.056794055201698515,0.07006369426751592,0.06581740976645435,0.06475583864118896,0.06953290870488323,1.0,0.6332271762208068,0.6029723991507431,0.055201698513800426,0.06953290870488323,0.06157112526539278,0.056794055201698515,0.07696390658174097,0.05732484076433121,0.10562632696390659,0.027070063694267517
SKACTIVEML_US_LC,0.024416135881104035,0.07112526539278131,0.02653927813163482,0.027600849256900213,0.0870488322717622,0.0737791932059448,0.06210191082802548,0.061040339702760085,0.08227176220806794,0.10668789808917198,0.08227176220806794,0.06847133757961783,0.06050955414012739,0.0737791932059448,0.02653927813163482,0.07059447983014862,0.024416135881104035,0.059447983014861996,0.05042462845010616,0.06157112526539278,0.07059447983014862,0.049893842887473464,0.06210191082802548,0.06369426751592357,0.06422505307855626,0.06687898089171974,0.6332271762208068,1.0,0.6374734607218684,0.06794055201698514,0.058386411889596604,0.05732484076433121,0.058386411889596604,0.08917197452229299,0.06422505307855626,0.08121019108280254,0.027600849256900213
SKACTIVEML_US_MARGIN,0.024416135881104035,0.07749469214437367,0.036093418259023353,0.03131634819532909,0.07484076433121019,0.09182590233545647,0.0727176220806794,0.07218683651804671,0.07112526539278131,0.09129511677282377,0.11571125265392782,0.059447983014861996,0.06157112526539278,0.06740976645435244,0.036093418259023353,0.06900212314225053,0.024416135881104035,0.06263269639065817,0.05785562632696391,0.06847133757961783,0.0727176220806794,0.06316348195329087,0.06157112526539278,0.06528662420382166,0.06687898089171974,0.06847133757961783,0.6029723991507431,0.6374734607218684,1.0,0.09288747346072186,0.06316348195329087,0.06687898089171974,0.06422505307855626,0.07112526539278131,0.06687898089171974,0.07059447983014862,0.03131634819532909
SMALLTEXT_BREAKINGTIES,0.021231422505307854,0.06210191082802548,0.02653927813163482,0.021231422505307854,0.1746284501061571,0.3503184713375796,0.037154989384288746,0.04670912951167728,0.06157112526539278,0.07218683651804671,0.09447983014861996,0.050955414012738856,0.044585987261146494,0.055201698513800426,0.02653927813163482,0.050955414012738856,0.021231422505307854,0.23885350318471338,0.09394904458598727,0.048301486199575375,0.05732484076433121,0.05626326963906582,0.059447983014861996,0.04193205944798301,0.04617834394904458,0.0440552016985138,0.055201698513800426,0.06794055201698514,0.09288747346072186,1.0,0.054140127388535034,0.04670912951167728,0.04246284501061571,0.6093418259023354,0.034501061571125265,0.5928874734607219,0.021231422505307854
SMALLTEXT_CONTRASTIVEAL,0.12208067940552017,0.15605095541401273,0.11358811040339703,0.08864118895966029,0.07590233545647558,0.0732484076433121,0.24416135881104034,0.2223991507430998,0.07112526539278131,0.07537154989384288,0.07590233545647558,0.17887473460721867,0.17834394904458598,0.11995753715498939,0.11358811040339703,0.14437367303609341,0.12208067940552017,0.07006369426751592,0.11146496815286625,0.1762208067940552,0.13959660297239915,0.19904458598726116,0.16401273885350318,0.19002123142250532,0.1937367303609342,0.12048832271762208,0.06953290870488323,0.058386411889596604,0.06316348195329087,0.054140127388535034,1.0,0.21125265392781317,0.20382165605095542,0.04936305732484077,0.18365180467091294,0.06740976645435244,0.08864118895966029
SMALLTEXT_EMBEDDINGKMEANS,0.1321656050955414,0.14065817409766454,0.10244161358811041,0.12951167728237792,0.055201698513800426,0.06157112526539278,0.26008492569002123,0.21337579617834396,0.056794055201698515,0.05201698513800425,0.05785562632696391,0.2223991507430998,0.23089171974522293,0.1040339702760085,0.10244161358811041,0.16878980891719744,0.1321656050955414,0.056794055201698515,0.11624203821656051,0.21868365180467092,0.13428874734607218,0.23832271762208068,0.18418259023354563,0.22558386411889597,0.21709129511677283,0.12208067940552017,0.06157112526539278,0.05732484076433121,0.06687898089171974,0.04670912951167728,0.21125265392781317,1.0,0.2346072186836518,0.038747346072186835,0.22505307855626328,0.05042462845010616,0.12951167728237792
SMALLTEXT_GREEDYCORESET,0.18312101910828024,0.14968152866242038,0.11464968152866242,0.10881104033970276,0.06581740976645435,0.059447983014861996,0.22611464968152867,0.24628450106157113,0.050955414012738856,0.04883227176220807,0.050955414012738856,0.18895966029723993,0.19639065817409768,0.1035031847133758,0.11464968152866242,0.13959660297239915,0.18312101910828024,0.05360934182590234,0.10244161358811041,0.18683651804670912,0.1321656050955414,0.21072186836518048,0.1932059447983015,0.21337579617834396,0.19639065817409768,0.12367303609341826,0.056794055201698515,0.058386411889596604,0.06422505307855626,0.04246284501061571,0.20382165605095542,0.2346072186836518,1.0,0.0435244161358811,0.21284501061571126,0.04936305732484077,0.10881104033970276
SMALLTEXT_LEASTCONFIDENCE,0.024946921443736732,0.07059447983014862,0.021231422505307854,0.020169851380042462,0.3487261146496815,0.17728237791932058,0.040339702760084924,0.052547770700636945,0.07961783439490445,0.09554140127388536,0.07165605095541401,0.03662420382165605,0.045647558386411886,0.06210191082802548,0.021231422505307854,0.04777070063694268,0.024946921443736732,0.15286624203821655,0.06953290870488323,0.04723991507430998,0.06157112526539278,0.048301486199575375,0.05732484076433121,0.040339702760084924,0.04246284501061571,0.05042462845010616,0.07696390658174097,0.08917197452229299,0.07112526539278131,0.6093418259023354,0.04936305732484077,0.038747346072186835,0.0435244161358811,1.0,0.041401273885350316,0.6173036093418259,0.020169851380042462
SMALLTEXT_LIGHTWEIGHTCORESET,0.12420382165605096,0.13906581740976645,0.09925690021231423,0.1178343949044586,0.06794055201698514,0.06794055201698514,0.23938428874734607,0.21815286624203822,0.06263269639065817,0.06263269639065817,0.05467091295116773,0.2085987261146497,0.21125265392781317,0.12101910828025478,0.09925690021231423,0.13906581740976645,0.12420382165605096,0.04777070063694268,0.11252653927813164,0.21602972399150744,0.13747346072186836,0.18418259023354563,0.15021231422505307,0.1916135881104034,0.1916135881104034,0.13481953290870488,0.05732484076433121,0.06422505307855626,0.06687898089171974,0.034501061571125265,0.18365180467091294,0.22505307855626328,0.21284501061571126,0.041401273885350316,1.0,0.05467091295116773,0.1178343949044586
SMALLTEXT_PREDICTIONENTROPY,0.030254777070063694,0.07749469214437367,0.03184713375796178,0.016985138004246284,0.18099787685774946,0.1613588110403397,0.058386411889596604,0.06740976645435244,0.11995753715498939,0.09554140127388536,0.07537154989384288,0.058386411889596604,0.05732484076433121,0.055201698513800426,0.03184713375796178,0.056794055201698515,0.030254777070063694,0.14118895966029724,0.06475583864118896,0.05573248407643312,0.0737791932059448,0.05467091295116773,0.06953290870488323,0.05360934182590234,0.06263269639065817,0.058386411889596604,0.10562632696390659,0.08121019108280254,0.07059447983014862,0.5928874734607219,0.06740976645435244,0.05042462845010616,0.04936305732484077,0.6173036093418259,0.05467091295116773,1.0,0.016985138004246284
SMALLTEXT_RANDOM,0.07961783439490445,0.07218683651804671,0.04670912951167728,1.0,0.03237791932059448,0.036093418259023353,0.11995753715498939,0.08014861995753715,0.024946921443736732,0.02176220806794055,0.022823779193205943,0.1178343949044586,0.1173036093418259,0.07218683651804671,0.04670912951167728,0.07484076433121019,0.07961783439490445,0.032908704883227176,0.07749469214437367,0.1337579617834395,0.07112526539278131,0.11358811040339703,0.08227176220806794,0.09925690021231423,0.1040339702760085,0.06369426751592357,0.027070063694267517,0.027600849256900213,0.03131634819532909,0.021231422505307854,0.08864118895966029,0.12951167728237792,0.10881104033970276,0.020169851380042462,0.1178343949044586,0.016985138004246284,1.0
