,ALIPY_CORESET_GREEDY,ALIPY_DENSITY_WEIGHTED,ALIPY_GRAPH_DENSITY,ALIPY_RANDOM,ALIPY_UNCERTAINTY_LC,ALIPY_UNCERTAINTY_MM,LIBACT_DWUS,LIBACT_QUIRE,LIBACT_UNCERTAINTY_ENT,LIBACT_UNCERTAINTY_LC,LIBACT_UNCERTAINTY_SM,OPTIMAL_GREEDY_10,OPTIMAL_GREEDY_20,PLAYGROUND_BANDIT,PLAYGROUND_GRAPH_DENSITY,PLAYGROUND_INFORMATIVE_DIVERSE,PLAYGROUND_KCENTER_GREEDY,PLAYGROUND_MARGIN,PLAYGROUND_MIXTURE,PLAYGROUND_UNIFORM,SKACTIVEML_COST_EMBEDDING,SKACTIVEML_DAL,SKACTIVEML_DWUS,SKACTIVEML_QBC,SKACTIVEML_QBC_VOTE_ENTROPY,SKACTIVEML_QUIRE,SKACTIVEML_US_ENTROPY,SKACTIVEML_US_LC,SKACTIVEML_US_MARGIN,SMALLTEXT_BREAKINGTIES,SMALLTEXT_CONTRASTIVEAL,SMALLTEXT_EMBEDDINGKMEANS,SMALLTEXT_GREEDYCORESET,SMALLTEXT_LEASTCONFIDENCE,SMALLTEXT_LIGHTWEIGHTCORESET,SMALLTEXT_PREDICTIONENTROPY,SMALLTEXT_RANDOM
ALIPY_CORESET_GREEDY,4034,299,98,259,180,161,366,432,92,96,102,413,423,302,98,365,4034,237,350,405,330,429,317,369,431,279,91,86,102,83,392,438,517,98,414,87,259
ALIPY_DENSITY_WEIGHTED,299,4034,208,280,381,380,709,839,254,303,284,667,719,497,208,596,299,451,501,661,701,680,705,698,699,737,283,278,258,223,769,767,735,219,664,272,280
ALIPY_GRAPH_DENSITY,98,208,4034,119,104,111,258,260,79,82,77,232,259,152,4034,183,98,109,130,248,211,209,214,233,230,218,71,75,85,77,229,211,278,65,273,71,119
ALIPY_RANDOM,259,280,119,4034,127,140,393,322,104,86,102,367,403,259,119,315,259,207,298,382,258,377,299,369,383,255,76,83,101,75,318,418,389,80,418,66,4034
ALIPY_UNCERTAINTY_LC,180,381,104,127,4034,2889,318,358,251,277,237,313,325,301,104,326,180,532,313,306,366,347,319,345,334,347,251,291,254,486,328,351,330,872,299,512,127
ALIPY_UNCERTAINTY_MM,161,380,111,140,2889,4034,332,359,205,244,297,312,313,311,111,322,161,729,389,312,352,325,318,357,322,332,212,245,290,890,349,352,345,489,286,450,140
LIBACT_DWUS,366,709,258,393,318,332,4034,961,223,188,225,907,884,625,258,756,366,466,622,880,679,893,860,849,962,696,229,219,230,223,994,1199,857,203,897,244,393
LIBACT_QUIRE,432,839,260,322,358,359,961,4034,258,240,249,870,931,619,260,766,432,470,592,929,755,925,852,837,932,790,245,239,241,235,1025,1128,984,222,891,263,322
LIBACT_UNCERTAINTY_ENT,92,254,79,104,251,205,223,258,4034,2935,2878,254,254,208,79,223,92,181,185,278,265,235,224,265,244,260,295,232,245,210,301,252,258,225,237,321,104
LIBACT_UNCERTAINTY_LC,96,303,82,86,277,244,188,240,2935,4034,2923,255,247,206,82,230,96,199,169,231,283,232,221,234,242,250,251,287,243,224,284,217,223,284,216,266,86
LIBACT_UNCERTAINTY_SM,102,284,77,102,237,297,225,249,2878,2923,4034,254,238,184,77,235,102,197,163,240,251,254,235,251,253,269,221,232,282,289,293,252,247,237,239,242,102
OPTIMAL_GREEDY_10,413,667,232,367,313,312,907,870,254,255,254,4034,903,552,232,693,413,447,650,851,645,878,736,808,867,637,233,238,249,199,867,997,783,180,841,218,367
OPTIMAL_GREEDY_20,423,719,259,403,325,313,884,931,254,247,238,903,4034,534,259,709,423,437,618,874,663,857,746,855,890,667,241,241,245,172,860,985,856,182,820,201,403
PLAYGROUND_BANDIT,302,497,152,259,301,311,625,619,208,206,184,552,534,4034,152,1289,302,1335,1173,556,554,520,508,557,576,499,205,195,198,217,601,624,561,228,574,206,259
PLAYGROUND_GRAPH_DENSITY,98,208,4034,119,104,111,258,260,79,82,77,232,259,152,4034,183,98,109,130,248,211,209,214,233,230,218,71,75,85,77,229,211,278,65,273,71,119
PLAYGROUND_INFORMATIVE_DIVERSE,365,596,183,315,326,322,756,766,223,230,235,693,709,1289,183,4034,365,1199,1285,754,596,707,585,702,745,587,212,205,236,225,798,893,751,215,719,234,315
PLAYGROUND_KCENTER_GREEDY,4034,299,98,259,180,161,366,432,92,96,102,413,423,302,98,365,4034,237,350,405,330,429,317,369,431,279,91,86,102,83,392,438,517,98,414,87,259
PLAYGROUND_MARGIN,237,451,109,207,532,729,466,470,181,199,197,447,437,1335,109,1199,237,4034,1825,452,430,445,407,434,467,417,198,184,193,616,499,537,452,414,464,390,207
PLAYGROUND_MIXTURE,350,501,130,298,313,389,622,592,185,169,163,650,618,1173,130,1285,350,1825,4034,616,492,596,513,595,605,521,140,157,144,290,641,732,640,219,566,237,298
PLAYGROUND_UNIFORM,405,661,248,382,306,312,880,929,278,231,240,851,874,556,248,754,405,452,616,4034,651,829,766,832,879,635,229,194,229,191,851,998,893,191,837,208,382
SKACTIVEML_COST_EMBEDDING,330,701,211,258,366,352,679,755,265,283,251,645,663,554,211,596,330,430,492,651,4034,639,680,650,658,699,259,242,239,204,744,734,694,200,641,258,258
SKACTIVEML_DAL,429,680,209,377,347,325,893,925,235,232,254,878,857,520,209,707,429,445,596,829,639,4034,743,824,879,674,200,220,204,216,864,997,858,219,848,233,377
SKACTIVEML_DWUS,317,705,214,299,319,318,860,852,224,221,235,736,746,508,214,585,317,407,513,766,680,743,4034,755,757,664,230,235,229,205,797,863,752,172,713,233,299
SKACTIVEML_QBC,369,698,233,369,345,357,849,837,265,234,251,808,855,557,233,702,369,434,595,832,650,824,755,4034,907,693,232,261,241,212,877,996,878,216,827,244,369
SKACTIVEML_QBC_VOTE_ENTROPY,431,699,230,383,334,322,962,932,244,242,253,867,890,576,230,745,431,467,605,879,658,879,757,907,4034,683,249,217,252,208,914,1080,867,195,885,214,383
SKACTIVEML_QUIRE,279,737,218,255,347,332,696,790,260,250,269,637,667,499,218,587,279,417,521,635,699,674,664,693,683,4034,292,266,267,213,774,749,675,232,669,285,255
SKACTIVEML_US_ENTROPY,91,283,71,76,251,212,229,245,295,251,221,233,241,205,71,212,91,198,140,229,259,200,230,232,249,292,4034,2949,2925,199,233,233,235,242,222,302,76
SKACTIVEML_US_LC,86,278,75,83,291,245,219,239,232,287,232,238,241,195,75,205,86,184,157,194,242,220,235,261,217,266,2949,4034,2939,235,237,222,245,279,219,263,83
SKACTIVEML_US_MARGIN,102,258,85,101,254,290,230,241,245,243,282,249,245,198,85,236,102,193,144,229,239,204,229,241,252,267,2925,2939,4034,262,265,229,238,219,248,245,101
SMALLTEXT_BREAKINGTIES,83,223,77,75,486,890,223,235,210,224,289,199,172,217,77,225,83,616,290,191,204,216,205,212,208,213,199,235,262,4034,240,209,214,2885,188,2859,75
SMALLTEXT_CONTRASTIVEAL,392,769,229,318,328,349,994,1025,301,284,293,867,860,601,229,798,392,499,641,851,744,864,797,877,914,774,233,237,265,240,4034,1073,899,213,843,261,318
SMALLTEXT_EMBEDDINGKMEANS,438,767,211,418,351,352,1199,1128,252,217,252,997,985,624,211,893,438,537,732,998,734,997,863,996,1080,749,233,222,229,209,1073,4034,1030,212,1021,232,418
SMALLTEXT_GREEDYCORESET,517,735,278,389,330,345,857,984,258,223,247,783,856,561,278,751,517,452,640,893,694,858,752,878,867,675,235,245,238,214,899,1030,4034,197,871,245,389
SMALLTEXT_LEASTCONFIDENCE,98,219,65,80,872,489,203,222,225,284,237,180,182,228,65,215,98,414,219,191,200,219,172,216,195,232,242,279,219,2885,213,212,197,4034,202,2888,80
SMALLTEXT_LIGHTWEIGHTCORESET,414,664,273,418,299,286,897,891,237,216,239,841,820,574,273,719,414,464,566,837,641,848,713,827,885,669,222,219,248,188,843,1021,871,202,4034,216,418
SMALLTEXT_PREDICTIONENTROPY,87,272,71,66,512,450,244,263,321,266,242,218,201,206,71,234,87,390,237,208,258,233,233,244,214,285,302,263,245,2859,261,232,245,2888,216,4034,66
SMALLTEXT_RANDOM,259,280,119,4034,127,140,393,322,104,86,102,367,403,259,119,315,259,207,298,382,258,377,299,369,383,255,76,83,101,75,318,418,389,80,418,66,4034
