,ALIPY_CORESET_GREEDY,ALIPY_DENSITY_WEIGHTED,ALIPY_GRAPH_DENSITY,ALIPY_RANDOM,ALIPY_UNCERTAINTY_LC,ALIPY_UNCERTAINTY_MM,LIBACT_DWUS,LIBACT_QUIRE,LIBACT_UNCERTAINTY_ENT,LIBACT_UNCERTAINTY_LC,LIBACT_UNCERTAINTY_SM,OPTIMAL_GREEDY_10,OPTIMAL_GREEDY_20,PLAYGROUND_BANDIT,PLAYGROUND_GRAPH_DENSITY,PLAYGROUND_INFORMATIVE_DIVERSE,PLAYGROUND_KCENTER_GREEDY,PLAYGROUND_MARGIN,PLAYGROUND_MIXTURE,PLAYGROUND_UNIFORM,SKACTIVEML_COST_EMBEDDING,SKACTIVEML_DAL,SKACTIVEML_DWUS,SKACTIVEML_QBC,SKACTIVEML_QBC_VOTE_ENTROPY,SKACTIVEML_QUIRE,SKACTIVEML_US_ENTROPY,SKACTIVEML_US_LC,SKACTIVEML_US_MARGIN,SMALLTEXT_BREAKINGTIES,SMALLTEXT_CONTRASTIVEAL,SMALLTEXT_EMBEDDINGKMEANS,SMALLTEXT_GREEDYCORESET,SMALLTEXT_LEASTCONFIDENCE,SMALLTEXT_LIGHTWEIGHTCORESET,SMALLTEXT_PREDICTIONENTROPY,SMALLTEXT_RANDOM
ALIPY_CORESET_GREEDY,1.0,0.10089241447694595,0.09568666336142786,0.1685671789786812,0.05800694100148736,0.05751115518096182,0.12320277640059495,0.10237977193852256,0.04610808130887457,0.0451165096678235,0.0480912245909767,0.20426375805651958,0.1945959345562717,0.1065939514129896,0.09568666336142786,0.1353495290034705,1.0,0.07511155180961825,0.12667327714427368,0.1960832920178483,0.13336638572136836,0.1611303916707982,0.06717897868120971,0.08106098165592464,0.18963807635101637,0.08279623202776401,0.05627169062964799,0.05577590480912246,0.05775904809122459,0.0443728309370352,0.08899355478433317,0.14452156668319285,0.2803668815071889,0.04709965294992563,0.13510163609320774,0.04561229548834903,0.1685671789786812
ALIPY_DENSITY_WEIGHTED,0.10089241447694595,1.0,0.054784333168071395,0.04858701041150223,0.17848289538919188,0.17798710956866634,0.05676747645017353,0.07932573128408528,0.15319781854238967,0.1626177491323748,0.15840356965790778,0.07089737233515121,0.07759048091224591,0.11204759543877045,0.054784333168071395,0.12295488349033218,0.10089241447694595,0.14452156668319285,0.0917203767972236,0.061973227565691624,0.12394645513138325,0.07882994546355974,0.0954387704511651,0.05503222607833416,0.06742687159147248,0.11254338125929599,0.17302925136341102,0.16931085770946952,0.16559246405552802,0.1648487853247397,0.05924640555280119,0.05577590480912246,0.08899355478433317,0.16831928606841845,0.07089737233515121,0.17104610808130888,0.04858701041150223
ALIPY_GRAPH_DENSITY,0.09568666336142786,0.054784333168071395,1.0,0.0961824491819534,0.03941497273177987,0.04238968765493307,0.06668319286068418,0.02875557759048091,0.037927615270203274,0.03718393653941497,0.04189390183440753,0.11824491819533961,0.11080813088745661,0.07387208725830441,1.0,0.07808626673277144,0.09568666336142786,0.05057015369360436,0.07783837382250867,0.12320277640059495,0.06693108577094695,0.0924640555280119,0.07759048091224591,0.06370847793753098,0.11700545364402579,0.03867129400099157,0.036440257808626676,0.03445711452652454,0.03718393653941497,0.032969757064947945,0.03991075855230541,0.10535448686167576,0.07164105106593951,0.029995042141794746,0.09866137828458106,0.03024293505205751,0.0961824491819534
ALIPY_RANDOM,0.1685671789786812,0.04858701041150223,0.0961824491819534,1.0,0.0518096182449182,0.06346058502726822,0.06370847793753098,0.03148239960337134,0.059742191373326724,0.04933068914229053,0.05552801189885969,0.3807635101636093,0.35696579077838375,0.1346058502726822,0.0961824491819534,0.15071888943976203,0.1685671789786812,0.07610312345066932,0.16584035696579078,0.40951908775409024,0.11427863163113534,0.27689638076351014,0.08899355478433317,0.10758552305404065,0.40431333663857216,0.06147744174516609,0.04784333168071393,0.0495785820525533,0.06346058502726822,0.059494298463063956,0.05800694100148736,0.1968269707486366,0.13634110064452157,0.04784333168071393,0.24566187407040158,0.049826474962816066,1.0
ALIPY_UNCERTAINTY_LC,0.05800694100148736,0.17848289538919188,0.03941497273177987,0.0518096182449182,1.0,0.7870599900842836,0.03445711452652454,0.019583539910758552,0.26822012890431335,0.31680713931581556,0.25012394645513136,0.07288051561725335,0.07015369360436291,0.17055032226078334,0.03941497273177987,0.17674764501735252,0.05800694100148736,0.30664352999504213,0.15815567674764502,0.06693108577094695,0.1611303916707982,0.06470004957858205,0.07461576598909271,0.06147744174516609,0.06717897868120971,0.10312345066931086,0.2959841348537432,0.3210213187902826,0.2530986613782846,0.3455627169062965,0.044124938026772434,0.06990580069410014,0.06965790778383739,0.47967278135845315,0.06990580069410014,0.4000991571641051,0.0518096182449182
ALIPY_UNCERTAINTY_MM,0.05751115518096182,0.17798710956866634,0.04238968765493307,0.06346058502726822,0.7870599900842836,1.0,0.032969757064947945,0.02330193356470005,0.21690629647992068,0.24690133862171543,0.32077342588001984,0.08205255329697571,0.07709469509172037,0.1945959345562717,0.04238968765493307,0.1945959345562717,0.05751115518096182,0.3646504709965295,0.18691125433812594,0.07783837382250867,0.15815567674764502,0.06519583539910759,0.07312840852751612,0.06767476450173525,0.08230044620723848,0.10188398611799702,0.23128408527516114,0.25681705503222607,0.3232523549826475,0.4774417451660882,0.043877045116509666,0.060981655924640554,0.07486365889935548,0.3411006445215667,0.07610312345066932,0.3135845314823996,0.06346058502726822
LIBACT_DWUS,0.12320277640059495,0.05676747645017353,0.06668319286068418,0.06370847793753098,0.03445711452652454,0.032969757064947945,1.0,0.06643529995042141,0.03445711452652454,0.03445711452652454,0.034209221616261776,0.07387208725830441,0.07263262270699058,0.061973227565691624,0.06668319286068418,0.06693108577094695,0.12320277640059495,0.059494298463063956,0.06321269211700545,0.06593951412989589,0.07114526524541398,0.06618740704015866,0.16360932077342588,0.05899851264253842,0.06246901338621715,0.06420426375805652,0.036440257808626676,0.03470500743678731,0.034209221616261776,0.03173029251363411,0.06717897868120971,0.11675756073376302,0.13559742191373328,0.03222607833415964,0.08205255329697571,0.03247397124442241,0.06370847793753098
LIBACT_QUIRE,0.10237977193852256,0.07932573128408528,0.02875557759048091,0.03148239960337134,0.019583539910758552,0.02330193356470005,0.06643529995042141,1.0,0.020823004462072386,0.019335647000495785,0.02255825483391175,0.03495290034705007,0.04090233019335647,0.03767972235994051,0.02875557759048091,0.02454139811601388,0.10237977193852256,0.02404561229548835,0.036440257808626676,0.036936043629152204,0.02255825483391175,0.04313336638572137,0.029747149231531978,0.03470500743678731,0.0421417947446703,0.0894893406048587,0.01983143282102132,0.018839861179970253,0.023549826474962815,0.02404561229548835,0.10386712940009915,0.034209221616261776,0.0850272682201289,0.02057511155180962,0.045364402578086264,0.01983143282102132,0.03148239960337134
LIBACT_UNCERTAINTY_ENT,0.04610808130887457,0.15319781854238967,0.037927615270203274,0.059742191373326724,0.26822012890431335,0.21690629647992068,0.03445711452652454,0.020823004462072386,1.0,0.8202776400594943,0.7528507684680218,0.07833415964303421,0.07783837382250867,0.14080317302925136,0.037927615270203274,0.16385721368368864,0.04610808130887457,0.18294496777392166,0.1308874566187407,0.08279623202776401,0.1487357461576599,0.06593951412989589,0.07907783837382251,0.05751115518096182,0.06941001487357462,0.10114030738720872,0.3031730292513634,0.24814080317302925,0.20475954387704512,0.25681705503222607,0.06519583539910759,0.06990580069410014,0.06569162121963312,0.31680713931581556,0.06246901338621715,0.36365889935547846,0.059742191373326724
LIBACT_UNCERTAINTY_LC,0.0451165096678235,0.1626177491323748,0.03718393653941497,0.04933068914229053,0.31680713931581556,0.24690133862171543,0.03445711452652454,0.019335647000495785,0.8202776400594943,1.0,0.7992067426871592,0.06717897868120971,0.06717897868120971,0.14303420922161625,0.03718393653941497,0.1812097174020823,0.0451165096678235,0.20153693604362916,0.13807635101636093,0.06668319286068418,0.1457610312345067,0.05676747645017353,0.06990580069410014,0.05453644025780863,0.05850272682201289,0.10138820029747149,0.27193852255825485,0.29920674268715913,0.23252354982647497,0.2845810609816559,0.04238968765493307,0.07040158651462568,0.07040158651462568,0.3579573624194348,0.06246901338621715,0.3381259295984135,0.04933068914229053
LIBACT_UNCERTAINTY_SM,0.0480912245909767,0.15840356965790778,0.04189390183440753,0.05552801189885969,0.25012394645513136,0.32077342588001984,0.034209221616261776,0.02255825483391175,0.7528507684680218,0.7992067426871592,1.0,0.07585523054040655,0.07535944471988101,0.15195835399107585,0.04189390183440753,0.1931085770946951,0.0480912245909767,0.21541893901834408,0.14377788795240456,0.07759048091224591,0.1450173525037184,0.06172533465542886,0.07288051561725335,0.059742191373326724,0.07411998016856718,0.09940505701536936,0.21864154685176004,0.2387208725830441,0.3071393158155677,0.3658899355478433,0.04189390183440753,0.06717897868120971,0.07139315815567675,0.2920178482895389,0.06519583539910759,0.27937530986613784,0.05552801189885969
OPTIMAL_GREEDY_10,0.20426375805651958,0.07089737233515121,0.11824491819533961,0.3807635101636093,0.07288051561725335,0.08205255329697571,0.07387208725830441,0.03495290034705007,0.07833415964303421,0.06717897868120971,0.07585523054040655,1.0,0.5364402578086267,0.17178978681209717,0.11824491819533961,0.19112543381259295,0.20426375805651958,0.10857709469509172,0.21219633118492812,0.41695587506197324,0.1338621715418939,0.3143282102131879,0.09667823500247893,0.12072384729796728,0.4164600892414477,0.0842835894893406,0.06048587010411502,0.06544372830937036,0.07610312345066932,0.07560733763014378,0.06296479920674268,0.24070401586514625,0.1574119980168567,0.06470004957858205,0.26103123450669313,0.06742687159147248,0.3807635101636093
OPTIMAL_GREEDY_20,0.1945959345562717,0.07759048091224591,0.11080813088745661,0.35696579077838375,0.07015369360436291,0.07709469509172037,0.07263262270699058,0.04090233019335647,0.07783837382250867,0.06717897868120971,0.07535944471988101,0.5364402578086267,1.0,0.16038671294000992,0.11080813088745661,0.19533961328705998,0.1945959345562717,0.10089241447694595,0.21095686663361427,0.39762022806147745,0.13485374318294496,0.31284085275161133,0.0932077342588002,0.11998016856717898,0.40059494298463066,0.08973723351512147,0.06246901338621715,0.06519583539910759,0.07288051561725335,0.07238472979672782,0.06742687159147248,0.22384729796727815,0.16013882002974714,0.06593951412989589,0.25409023301933564,0.06717897868120971,0.35696579077838375
PLAYGROUND_BANDIT,0.1065939514129896,0.11204759543877045,0.07387208725830441,0.1346058502726822,0.17055032226078334,0.1945959345562717,0.061973227565691624,0.03767972235994051,0.14080317302925136,0.14303420922161625,0.15195835399107585,0.17178978681209717,0.16038671294000992,1.0,0.07387208725830441,0.38671294000991574,0.1065939514129896,0.555280118988597,0.4997521070897372,0.17625185919682698,0.2751611303916708,0.12469013386217154,0.08230044620723848,0.08824987605354487,0.16187407040158652,0.17352503718393653,0.13584531482399603,0.146504709965295,0.15592464055528013,0.18294496777392166,0.07064947942488845,0.11675756073376302,0.12840852751611304,0.1554288547347546,0.1375805651958354,0.15691621219633117,0.1346058502726822
PLAYGROUND_GRAPH_DENSITY,0.09568666336142786,0.054784333168071395,1.0,0.0961824491819534,0.03941497273177987,0.04238968765493307,0.06668319286068418,0.02875557759048091,0.037927615270203274,0.03718393653941497,0.04189390183440753,0.11824491819533961,0.11080813088745661,0.07387208725830441,1.0,0.07808626673277144,0.09568666336142786,0.05057015369360436,0.07783837382250867,0.12320277640059495,0.06693108577094695,0.0924640555280119,0.07759048091224591,0.06370847793753098,0.11700545364402579,0.03867129400099157,0.036440257808626676,0.03445711452652454,0.03718393653941497,0.032969757064947945,0.03991075855230541,0.10535448686167576,0.07164105106593951,0.029995042141794746,0.09866137828458106,0.03024293505205751,0.0961824491819534
PLAYGROUND_INFORMATIVE_DIVERSE,0.1353495290034705,0.12295488349033218,0.07808626673277144,0.15071888943976203,0.17674764501735252,0.1945959345562717,0.06693108577094695,0.02454139811601388,0.16385721368368864,0.1812097174020823,0.1931085770946951,0.19112543381259295,0.19533961328705998,0.38671294000991574,0.07808626673277144,1.0,0.1353495290034705,0.42414476945959345,0.3986117997025285,0.16807139315815567,0.2697074863658899,0.13187902825979178,0.07783837382250867,0.09643034209221617,0.17848289538919188,0.1722855726326227,0.1648487853247397,0.1774913237481408,0.18963807635101637,0.1864154685176004,0.06693108577094695,0.1457610312345067,0.11923648983639068,0.16955875061973227,0.13931581556767478,0.1700545364402578,0.15071888943976203
PLAYGROUND_KCENTER_GREEDY,1.0,0.10089241447694595,0.09568666336142786,0.1685671789786812,0.05800694100148736,0.05751115518096182,0.12320277640059495,0.10237977193852256,0.04610808130887457,0.0451165096678235,0.0480912245909767,0.20426375805651958,0.1945959345562717,0.1065939514129896,0.09568666336142786,0.1353495290034705,1.0,0.07511155180961825,0.12667327714427368,0.1960832920178483,0.13336638572136836,0.1611303916707982,0.06717897868120971,0.08106098165592464,0.18963807635101637,0.08279623202776401,0.05627169062964799,0.05577590480912246,0.05775904809122459,0.0443728309370352,0.08899355478433317,0.14452156668319285,0.2803668815071889,0.04709965294992563,0.13510163609320774,0.04561229548834903,0.1685671789786812
PLAYGROUND_MARGIN,0.07511155180961825,0.14452156668319285,0.05057015369360436,0.07610312345066932,0.30664352999504213,0.3646504709965295,0.059494298463063956,0.02404561229548835,0.18294496777392166,0.20153693604362916,0.21541893901834408,0.10857709469509172,0.10089241447694595,0.555280118988597,0.05057015369360436,0.42414476945959345,0.07511155180961825,1.0,0.4645513138324244,0.10014873574615767,0.2773921665840357,0.07164105106593951,0.0768468021814576,0.07734258800198314,0.0932077342588002,0.17178978681209717,0.18691125433812594,0.20475954387704512,0.21641051065939515,0.341844323252355,0.06271690629647993,0.08106098165592464,0.09419930589985126,0.2734258800198314,0.10262766484878533,0.26003966286564206,0.07610312345066932
PLAYGROUND_MIXTURE,0.12667327714427368,0.0917203767972236,0.07783837382250867,0.16584035696579078,0.15815567674764502,0.18691125433812594,0.06321269211700545,0.036440257808626676,0.1308874566187407,0.13807635101636093,0.14377788795240456,0.21219633118492812,0.21095686663361427,0.4997521070897372,0.07783837382250867,0.3986117997025285,0.12667327714427368,0.4645513138324244,1.0,0.2057511155180962,0.23921665840356965,0.14526524541398117,0.09271194843827467,0.10089241447694595,0.1923648983639068,0.15146256817055032,0.11774913237481408,0.12592959841348536,0.13658899355478432,0.16831928606841845,0.06767476450173525,0.15642042637580567,0.15567674764501735,0.139067922657412,0.1628656420426376,0.13733267228557264,0.16584035696579078
PLAYGROUND_UNIFORM,0.1960832920178483,0.061973227565691624,0.12320277640059495,0.40951908775409024,0.06693108577094695,0.07783837382250867,0.06593951412989589,0.036936043629152204,0.08279623202776401,0.06668319286068418,0.07759048091224591,0.41695587506197324,0.39762022806147745,0.17625185919682698,0.12320277640059495,0.16807139315815567,0.1960832920178483,0.10014873574615767,0.2057511155180962,1.0,0.14253842340109074,0.2816063460585027,0.10014873574615767,0.12816063460585028,0.4598413485374318,0.08403569657907783,0.062221120475954385,0.06370847793753098,0.07511155180961825,0.0768468021814576,0.07362419434804164,0.2203767972235994,0.16807139315815567,0.06817055032226078,0.2583044124938027,0.06618740704015866,0.40951908775409024
SKACTIVEML_COST_EMBEDDING,0.13336638572136836,0.12394645513138325,0.06693108577094695,0.11427863163113534,0.1611303916707982,0.15815567674764502,0.07114526524541398,0.02255825483391175,0.1487357461576599,0.1457610312345067,0.1450173525037184,0.1338621715418939,0.13485374318294496,0.2751611303916708,0.06693108577094695,0.2697074863658899,0.13336638572136836,0.2773921665840357,0.23921665840356965,0.14253842340109074,1.0,0.10981655924640556,0.11031234506693109,0.10262766484878533,0.13708477937530986,0.19905800694100148,0.14724838869608328,0.14923153197818542,0.1499752107089737,0.13807635101636093,0.06817055032226078,0.13262270699058007,0.14625681705503224,0.14476945959345563,0.13857213683688646,0.14898363906792267,0.11427863163113534
SKACTIVEML_DAL,0.1611303916707982,0.07882994546355974,0.0924640555280119,0.27689638076351014,0.06470004957858205,0.06519583539910759,0.06618740704015866,0.04313336638572137,0.06593951412989589,0.05676747645017353,0.06172533465542886,0.3143282102131879,0.31284085275161133,0.12469013386217154,0.0924640555280119,0.13187902825979178,0.1611303916707982,0.07164105106593951,0.14526524541398117,0.2816063460585027,0.10981655924640556,1.0,0.10609816559246406,0.10609816559246406,0.2885473475458602,0.06519583539910759,0.05651958353991076,0.05651958353991076,0.05800694100148736,0.06346058502726822,0.06346058502726822,0.1611303916707982,0.12692117005453643,0.05701536936043629,0.22136836886465047,0.05775904809122459,0.27689638076351014
SKACTIVEML_DWUS,0.06717897868120971,0.0954387704511651,0.07759048091224591,0.08899355478433317,0.07461576598909271,0.07312840852751612,0.16360932077342588,0.029747149231531978,0.07907783837382251,0.06990580069410014,0.07288051561725335,0.09667823500247893,0.0932077342588002,0.08230044620723848,0.07759048091224591,0.07783837382250867,0.06717897868120971,0.0768468021814576,0.09271194843827467,0.10014873574615767,0.11031234506693109,0.10609816559246406,1.0,0.06817055032226078,0.10808130887456618,0.06593951412989589,0.0857709469509172,0.0768468021814576,0.07882994546355974,0.07659890927119484,0.0532969757064948,0.0917203767972236,0.07213683688646505,0.07511155180961825,0.0924640555280119,0.08329201784828955,0.08899355478433317
SKACTIVEML_QBC,0.08106098165592464,0.05503222607833416,0.06370847793753098,0.10758552305404065,0.06147744174516609,0.06767476450173525,0.05899851264253842,0.03470500743678731,0.05751115518096182,0.05453644025780863,0.059742191373326724,0.12072384729796728,0.11998016856717898,0.08824987605354487,0.06370847793753098,0.09643034209221617,0.08106098165592464,0.07734258800198314,0.10089241447694595,0.12816063460585028,0.10262766484878533,0.10609816559246406,0.06817055032226078,1.0,0.1249380267724343,0.06122954883490332,0.05280118988596926,0.05528011898859692,0.062221120475954385,0.06246901338621715,0.06891422905304909,0.1065939514129896,0.0909766980664353,0.05528011898859692,0.10684184432325236,0.05404065443728309,0.10758552305404065
SKACTIVEML_QBC_VOTE_ENTROPY,0.18963807635101637,0.06742687159147248,0.11700545364402579,0.40431333663857216,0.06717897868120971,0.08230044620723848,0.06246901338621715,0.0421417947446703,0.06941001487357462,0.05850272682201289,0.07411998016856718,0.4164600892414477,0.40059494298463066,0.16187407040158652,0.11700545364402579,0.17848289538919188,0.18963807635101637,0.0932077342588002,0.1923648983639068,0.4598413485374318,0.13708477937530986,0.2885473475458602,0.10808130887456618,0.1249380267724343,1.0,0.0813088745661874,0.06172533465542886,0.06048587010411502,0.07982151710461081,0.07411998016856718,0.06717897868120971,0.22533465542885472,0.16782350024789291,0.057263262270699056,0.2630143777887952,0.05999008428358949,0.40431333663857216
SKACTIVEML_QUIRE,0.08279623202776401,0.11254338125929599,0.03867129400099157,0.06147744174516609,0.10312345066931086,0.10188398611799702,0.06420426375805652,0.0894893406048587,0.10114030738720872,0.10138820029747149,0.09940505701536936,0.0842835894893406,0.08973723351512147,0.17352503718393653,0.03867129400099157,0.1722855726326227,0.08279623202776401,0.17178978681209717,0.15146256817055032,0.08403569657907783,0.19905800694100148,0.06519583539910759,0.06593951412989589,0.06122954883490332,0.0813088745661874,1.0,0.0909766980664353,0.0887456618740704,0.08651462568170551,0.08329201784828955,0.06817055032226078,0.05651958353991076,0.10684184432325236,0.08453148239960337,0.07511155180961825,0.08477937530986614,0.06147744174516609
SKACTIVEML_US_ENTROPY,0.05627169062964799,0.17302925136341102,0.036440257808626676,0.04784333168071393,0.2959841348537432,0.23128408527516114,0.036440257808626676,0.01983143282102132,0.3031730292513634,0.27193852255825485,0.21864154685176004,0.06048587010411502,0.06246901338621715,0.13584531482399603,0.036440257808626676,0.1648487853247397,0.05627169062964799,0.18691125433812594,0.11774913237481408,0.062221120475954385,0.14724838869608328,0.05651958353991076,0.0857709469509172,0.05280118988596926,0.06172533465542886,0.0909766980664353,1.0,0.8475458601883986,0.7716906296479921,0.2072384729796728,0.051313832424392664,0.06494794248884482,0.06519583539910759,0.26896380763510164,0.06420426375805652,0.32126921170054534,0.04784333168071393
SKACTIVEML_US_LC,0.05577590480912246,0.16931085770946952,0.03445711452652454,0.0495785820525533,0.3210213187902826,0.25681705503222607,0.03470500743678731,0.018839861179970253,0.24814080317302925,0.29920674268715913,0.2387208725830441,0.06544372830937036,0.06519583539910759,0.146504709965295,0.03445711452652454,0.1774913237481408,0.05577590480912246,0.20475954387704512,0.12592959841348536,0.06370847793753098,0.14923153197818542,0.05651958353991076,0.0768468021814576,0.05528011898859692,0.06048587010411502,0.0887456618740704,0.8475458601883986,1.0,0.80466038671294,0.229300941993059,0.044868616757560736,0.06445215666831929,0.06593951412989589,0.2997025285076847,0.06346058502726822,0.273921665840357,0.0495785820525533
SKACTIVEML_US_MARGIN,0.05775904809122459,0.16559246405552802,0.03718393653941497,0.06346058502726822,0.2530986613782846,0.3232523549826475,0.034209221616261776,0.023549826474962815,0.20475954387704512,0.23252354982647497,0.3071393158155677,0.07610312345066932,0.07288051561725335,0.15592464055528013,0.03718393653941497,0.18963807635101637,0.05775904809122459,0.21641051065939515,0.13658899355478432,0.07511155180961825,0.1499752107089737,0.05800694100148736,0.07882994546355974,0.062221120475954385,0.07982151710461081,0.08651462568170551,0.7716906296479921,0.80466038671294,1.0,0.2962320277640059,0.04561229548834903,0.062221120475954385,0.07064947942488845,0.2322756569162122,0.06965790778383739,0.2203767972235994,0.06346058502726822
SMALLTEXT_BREAKINGTIES,0.0443728309370352,0.1648487853247397,0.032969757064947945,0.059494298463063956,0.3455627169062965,0.4774417451660882,0.03173029251363411,0.02404561229548835,0.25681705503222607,0.2845810609816559,0.3658899355478433,0.07560733763014378,0.07238472979672782,0.18294496777392166,0.032969757064947945,0.1864154685176004,0.0443728309370352,0.341844323252355,0.16831928606841845,0.0768468021814576,0.13807635101636093,0.06346058502726822,0.07659890927119484,0.06246901338621715,0.07411998016856718,0.08329201784828955,0.2072384729796728,0.229300941993059,0.2962320277640059,1.0,0.04313336638572137,0.05775904809122459,0.06643529995042141,0.7892910262766485,0.06668319286068418,0.7605354486861676,0.059494298463063956
SMALLTEXT_CONTRASTIVEAL,0.08899355478433317,0.05924640555280119,0.03991075855230541,0.05800694100148736,0.044124938026772434,0.043877045116509666,0.06717897868120971,0.10386712940009915,0.06519583539910759,0.04238968765493307,0.04189390183440753,0.06296479920674268,0.06742687159147248,0.07064947942488845,0.03991075855230541,0.06693108577094695,0.08899355478433317,0.06271690629647993,0.06767476450173525,0.07362419434804164,0.06817055032226078,0.06346058502726822,0.0532969757064948,0.06891422905304909,0.06717897868120971,0.06817055032226078,0.051313832424392664,0.044868616757560736,0.04561229548834903,0.04313336638572137,1.0,0.07188894397620228,0.14526524541398117,0.0421417947446703,0.06643529995042141,0.0495785820525533,0.05800694100148736
SMALLTEXT_EMBEDDINGKMEANS,0.14452156668319285,0.05577590480912246,0.10535448686167576,0.1968269707486366,0.06990580069410014,0.060981655924640554,0.11675756073376302,0.034209221616261776,0.06990580069410014,0.07040158651462568,0.06717897868120971,0.24070401586514625,0.22384729796727815,0.11675756073376302,0.10535448686167576,0.1457610312345067,0.14452156668319285,0.08106098165592464,0.15642042637580567,0.2203767972235994,0.13262270699058007,0.1611303916707982,0.0917203767972236,0.1065939514129896,0.22533465542885472,0.05651958353991076,0.06494794248884482,0.06445215666831929,0.062221120475954385,0.05775904809122459,0.07188894397620228,1.0,0.1834407535944472,0.06643529995042141,0.21690629647992068,0.06693108577094695,0.1968269707486366
SMALLTEXT_GREEDYCORESET,0.2803668815071889,0.08899355478433317,0.07164105106593951,0.13634110064452157,0.06965790778383739,0.07486365889935548,0.13559742191373328,0.0850272682201289,0.06569162121963312,0.07040158651462568,0.07139315815567675,0.1574119980168567,0.16013882002974714,0.12840852751611304,0.07164105106593951,0.11923648983639068,0.2803668815071889,0.09419930589985126,0.15567674764501735,0.16807139315815567,0.14625681705503224,0.12692117005453643,0.07213683688646505,0.0909766980664353,0.16782350024789291,0.10684184432325236,0.06519583539910759,0.06593951412989589,0.07064947942488845,0.06643529995042141,0.14526524541398117,0.1834407535944472,1.0,0.062221120475954385,0.15617253346554288,0.06122954883490332,0.13634110064452157
SMALLTEXT_LEASTCONFIDENCE,0.04709965294992563,0.16831928606841845,0.029995042141794746,0.04784333168071393,0.47967278135845315,0.3411006445215667,0.03222607833415964,0.02057511155180962,0.31680713931581556,0.3579573624194348,0.2920178482895389,0.06470004957858205,0.06593951412989589,0.1554288547347546,0.029995042141794746,0.16955875061973227,0.04709965294992563,0.2734258800198314,0.139067922657412,0.06817055032226078,0.14476945959345563,0.05701536936043629,0.07511155180961825,0.05528011898859692,0.057263262270699056,0.08453148239960337,0.26896380763510164,0.2997025285076847,0.2322756569162122,0.7892910262766485,0.0421417947446703,0.06643529995042141,0.062221120475954385,1.0,0.06420426375805652,0.8505205751115518,0.04784333168071393
SMALLTEXT_LIGHTWEIGHTCORESET,0.13510163609320774,0.07089737233515121,0.09866137828458106,0.24566187407040158,0.06990580069410014,0.07610312345066932,0.08205255329697571,0.045364402578086264,0.06246901338621715,0.06246901338621715,0.06519583539910759,0.26103123450669313,0.25409023301933564,0.1375805651958354,0.09866137828458106,0.13931581556767478,0.13510163609320774,0.10262766484878533,0.1628656420426376,0.2583044124938027,0.13857213683688646,0.22136836886465047,0.0924640555280119,0.10684184432325236,0.2630143777887952,0.07511155180961825,0.06420426375805652,0.06346058502726822,0.06965790778383739,0.06668319286068418,0.06643529995042141,0.21690629647992068,0.15617253346554288,0.06420426375805652,1.0,0.06544372830937036,0.24566187407040158
SMALLTEXT_PREDICTIONENTROPY,0.04561229548834903,0.17104610808130888,0.03024293505205751,0.049826474962816066,0.4000991571641051,0.3135845314823996,0.03247397124442241,0.01983143282102132,0.36365889935547846,0.3381259295984135,0.27937530986613784,0.06742687159147248,0.06717897868120971,0.15691621219633117,0.03024293505205751,0.1700545364402578,0.04561229548834903,0.26003966286564206,0.13733267228557264,0.06618740704015866,0.14898363906792267,0.05775904809122459,0.08329201784828955,0.05404065443728309,0.05999008428358949,0.08477937530986614,0.32126921170054534,0.273921665840357,0.2203767972235994,0.7605354486861676,0.0495785820525533,0.06693108577094695,0.06122954883490332,0.8505205751115518,0.06544372830937036,1.0,0.049826474962816066
SMALLTEXT_RANDOM,0.1685671789786812,0.04858701041150223,0.0961824491819534,1.0,0.0518096182449182,0.06346058502726822,0.06370847793753098,0.03148239960337134,0.059742191373326724,0.04933068914229053,0.05552801189885969,0.3807635101636093,0.35696579077838375,0.1346058502726822,0.0961824491819534,0.15071888943976203,0.1685671789786812,0.07610312345066932,0.16584035696579078,0.40951908775409024,0.11427863163113534,0.27689638076351014,0.08899355478433317,0.10758552305404065,0.40431333663857216,0.06147744174516609,0.04784333168071393,0.0495785820525533,0.06346058502726822,0.059494298463063956,0.05800694100148736,0.1968269707486366,0.13634110064452157,0.04784333168071393,0.24566187407040158,0.049826474962816066,1.0
