,ALIPY_CORESET_GREEDY,ALIPY_DENSITY_WEIGHTED,ALIPY_GRAPH_DENSITY,ALIPY_RANDOM,ALIPY_UNCERTAINTY_LC,ALIPY_UNCERTAINTY_MM,LIBACT_DWUS,LIBACT_QUIRE,LIBACT_UNCERTAINTY_ENT,LIBACT_UNCERTAINTY_LC,LIBACT_UNCERTAINTY_SM,OPTIMAL_GREEDY_10,OPTIMAL_GREEDY_20,PLAYGROUND_BANDIT,PLAYGROUND_GRAPH_DENSITY,PLAYGROUND_INFORMATIVE_DIVERSE,PLAYGROUND_KCENTER_GREEDY,PLAYGROUND_MARGIN,PLAYGROUND_MIXTURE,PLAYGROUND_UNIFORM,SKACTIVEML_COST_EMBEDDING,SKACTIVEML_DAL,SKACTIVEML_DWUS,SKACTIVEML_QBC,SKACTIVEML_QBC_VOTE_ENTROPY,SKACTIVEML_QUIRE,SKACTIVEML_US_ENTROPY,SKACTIVEML_US_LC,SKACTIVEML_US_MARGIN,SMALLTEXT_BREAKINGTIES,SMALLTEXT_CONTRASTIVEAL,SMALLTEXT_EMBEDDINGKMEANS,SMALLTEXT_GREEDYCORESET,SMALLTEXT_LEASTCONFIDENCE,SMALLTEXT_LIGHTWEIGHTCORESET,SMALLTEXT_PREDICTIONENTROPY,SMALLTEXT_RANDOM
ALIPY_CORESET_GREEDY,1.0,0.22235994050570154,0.033217649975210706,0.05304908279623203,0.051065939514129896,0.03867129400099157,0.08230044620723848,0.2672285572632623,0.044868616757560736,0.0466038671294001,0.03619236489836391,0.09370352007932573,0.09742191373326722,0.06742687159147248,0.033217649975210706,0.08924144769459594,0.9997521070897373,0.05428854734754586,0.07833415964303421,0.0909766980664353,0.12543381259295985,0.10436291522062469,0.10163609320773426,0.0961824491819534,0.0961824491819534,0.15592464055528013,0.0480912245909767,0.047595438770451165,0.03718393653941497,0.028507684680218144,0.16385721368368864,0.10981655924640556,0.307882994546356,0.03941497273177987,0.11204759543877045,0.0458601883986118,0.05304908279623203
ALIPY_DENSITY_WEIGHTED,0.22235994050570154,1.0,0.059494298463063956,0.06395637084779375,0.07312840852751612,0.05899851264253842,0.12270699058006941,0.2816063460585027,0.06668319286068418,0.07263262270699058,0.05676747645017353,0.124194348041646,0.13212692117005453,0.0984134853743183,0.059494298463063956,0.11155180961824492,0.2226078334159643,0.07337630143777887,0.08899355478433317,0.1212196331184928,0.153941497273178,0.13782845810609817,0.1499752107089737,0.1360932077342588,0.12047595438770452,0.19930589985126426,0.06767476450173525,0.06965790778383739,0.06321269211700545,0.045364402578086264,0.1856717897868121,0.16311353495290035,0.3041646008924145,0.05899851264253842,0.12692117005453643,0.06445215666831929,0.06395637084779375
ALIPY_GRAPH_DENSITY,0.033217649975210706,0.059494298463063956,1.0,0.08279623202776401,0.03867129400099157,0.03743182944967774,0.1633614278631631,0.09122459097669806,0.03470500743678731,0.030986613782845812,0.032969757064947945,0.13981160138820029,0.1338621715418939,0.06916212196331185,1.0,0.06891422905304909,0.033217649975210706,0.039167079821517105,0.046355974219137334,0.124194348041646,0.08254833911750124,0.1264253842340109,0.14972731779871096,0.13956370847793753,0.13857213683688646,0.0954387704511651,0.03024293505205751,0.029995042141794746,0.03272186415468518,0.027764005949429845,0.11973227565691621,0.153941497273178,0.0850272682201289,0.023549826474962815,0.10932077342588002,0.02875557759048091,0.08279623202776401
ALIPY_RANDOM,0.05304908279623203,0.06395637084779375,0.08279623202776401,1.0,0.046355974219137334,0.051313832424392664,0.16534457114526524,0.08775409023301933,0.030490827962320277,0.02900347050074368,0.031234506693108576,0.15642042637580567,0.16063460585027267,0.0872583044124938,0.08279623202776401,0.08304412493802678,0.05304908279623203,0.05999008428358949,0.0909766980664353,0.1536936043629152,0.08676251859196826,0.14848785324739713,0.12840852751611304,0.15840356965790778,0.15815567674764502,0.0835399107585523,0.03371343579573624,0.030490827962320277,0.03371343579573624,0.02949925632126921,0.13510163609320774,0.15468517600396628,0.08651462568170551,0.027268220128904314,0.13063956370847793,0.029995042141794746,1.0
ALIPY_UNCERTAINTY_LC,0.051065939514129896,0.07312840852751612,0.03867129400099157,0.046355974219137334,1.0,0.7126921170054537,0.06271690629647993,0.06643529995042141,0.08601883986117997,0.10089241447694595,0.07015369360436291,0.07362419434804164,0.06891422905304909,0.07982151710461081,0.03867129400099157,0.08279623202776401,0.051065939514129896,0.12667327714427368,0.07560733763014378,0.07288051561725335,0.07411998016856718,0.07411998016856718,0.07139315815567675,0.07511155180961825,0.06817055032226078,0.07783837382250867,0.07808626673277144,0.09395141298958849,0.06346058502726822,0.1308874566187407,0.07957362419434805,0.08031730292513634,0.06891422905304909,0.24169558750619732,0.07387208725830441,0.1536936043629152,0.046355974219137334
ALIPY_UNCERTAINTY_MM,0.03867129400099157,0.05899851264253842,0.03743182944967774,0.051313832424392664,0.7126921170054537,1.0,0.07089737233515121,0.053792761527020325,0.06841844323252355,0.07337630143777887,0.09295984134853744,0.07808626673277144,0.07486365889935548,0.0887456618740704,0.03743182944967774,0.08651462568170551,0.03867129400099157,0.1760039662865642,0.10114030738720872,0.07461576598909271,0.07560733763014378,0.07659890927119484,0.07709469509172037,0.0813088745661874,0.07932573128408528,0.07040158651462568,0.06271690629647993,0.07213683688646505,0.0880019831432821,0.23797719385225583,0.07362419434804164,0.08973723351512147,0.054784333168071395,0.13039167079821518,0.0805651958353991,0.11824491819533961,0.051313832424392664
LIBACT_DWUS,0.08230044620723848,0.12270699058006941,0.1633614278631631,0.16534457114526524,0.06271690629647993,0.07089737233515121,1.0,0.2151710461080813,0.05800694100148736,0.04908279623202776,0.05676747645017353,0.31978185423896877,0.3140803173029251,0.16212196331184928,0.1633614278631631,0.17030242935052056,0.08254833911750124,0.09816559246405553,0.15294992563212692,0.3190381755081805,0.1633614278631631,0.2997025285076847,0.36142786316311354,0.3326722855726326,0.312097174020823,0.18393653941497273,0.048834903321764996,0.04858701041150223,0.05651958353991076,0.04784333168071393,0.25855230540406543,0.44496777392166587,0.16732771442736738,0.04015865146256817,0.2315319781854239,0.043877045116509666,0.16534457114526524
LIBACT_QUIRE,0.2672285572632623,0.2816063460585027,0.09122459097669806,0.08775409023301933,0.06643529995042141,0.053792761527020325,0.2151710461080813,1.0,0.06891422905304909,0.06717897868120971,0.0518096182449182,0.19286068418443233,0.19162121963311848,0.13435795736241943,0.09122459097669806,0.1353495290034705,0.2672285572632623,0.0842835894893406,0.10510659395141299,0.17649975210708974,0.19038175508180466,0.19558750619732276,0.2196331184928111,0.1980664352999504,0.1908775409023302,0.266484878532474,0.06593951412989589,0.06618740704015866,0.05651958353991076,0.03891918691125434,0.2602875557759048,0.23401090728805157,0.39836390679226574,0.05404065443728309,0.18145761031234506,0.06023797719385226,0.08775409023301933
LIBACT_UNCERTAINTY_ENT,0.044868616757560736,0.06668319286068418,0.03470500743678731,0.030490827962320277,0.08601883986117997,0.06841844323252355,0.05800694100148736,0.06891422905304909,1.0,0.7461576598909271,0.7159147248388696,0.059742191373326724,0.06668319286068418,0.06321269211700545,0.03470500743678731,0.06668319286068418,0.044868616757560736,0.053544868616757564,0.0532969757064948,0.06395637084779375,0.06494794248884482,0.06296479920674268,0.06569162121963312,0.05899851264253842,0.05899851264253842,0.07089737233515121,0.11279127416955875,0.09072880515617253,0.07659890927119484,0.07263262270699058,0.07858205255329698,0.07387208725830441,0.06643529995042141,0.08899355478433317,0.053544868616757564,0.12469013386217154,0.030490827962320277
LIBACT_UNCERTAINTY_LC,0.0466038671294001,0.07263262270699058,0.030986613782845812,0.02900347050074368,0.10089241447694595,0.07337630143777887,0.04908279623202776,0.06717897868120971,0.7461576598909271,1.0,0.7285572632622707,0.05528011898859692,0.056023797719385225,0.059494298463063956,0.030986613782845812,0.061973227565691624,0.0466038671294001,0.05528011898859692,0.05057015369360436,0.059494298463063956,0.058254833911750126,0.05899851264253842,0.06420426375805652,0.05205751115518096,0.05280118988596926,0.06841844323252355,0.0917203767972236,0.10609816559246406,0.07337630143777887,0.07759048091224591,0.06494794248884482,0.06693108577094695,0.06916212196331185,0.10386712940009915,0.05552801189885969,0.0991571641051066,0.02900347050074368
LIBACT_UNCERTAINTY_SM,0.03619236489836391,0.05676747645017353,0.032969757064947945,0.031234506693108576,0.07015369360436291,0.09295984134853744,0.05676747645017353,0.0518096182449182,0.7159147248388696,0.7285572632622707,1.0,0.06370847793753098,0.07164105106593951,0.06296479920674268,0.032969757064947945,0.06494794248884482,0.03619236489836391,0.05899851264253842,0.05280118988596926,0.05800694100148736,0.06593951412989589,0.06296479920674268,0.06544372830937036,0.06122954883490332,0.06866633614278632,0.0532969757064948,0.06941001487357462,0.07436787307882994,0.0984134853743183,0.0999008428358949,0.06593951412989589,0.07263262270699058,0.05428854734754586,0.07585523054040655,0.060981655924640554,0.08279623202776401,0.031234506693108576
OPTIMAL_GREEDY_10,0.09370352007932573,0.124194348041646,0.13981160138820029,0.15642042637580567,0.07362419434804164,0.07808626673277144,0.31978185423896877,0.19286068418443233,0.059742191373326724,0.05528011898859692,0.06370847793753098,1.0,0.29400099157164106,0.14972731779871096,0.13981160138820029,0.1628656420426376,0.09370352007932573,0.0961824491819534,0.16460089241447695,0.2808626673277144,0.16063460585027267,0.27317798710956864,0.2498760535448686,0.288795240456123,0.2736737729300942,0.1760039662865642,0.054784333168071395,0.05800694100148736,0.06668319286068418,0.0532969757064948,0.24194348041646008,0.32002974714923155,0.17625185919682698,0.047595438770451165,0.2330193356470005,0.05552801189885969,0.15642042637580567
OPTIMAL_GREEDY_20,0.09742191373326722,0.13212692117005453,0.1338621715418939,0.16063460585027267,0.06891422905304909,0.07486365889935548,0.3140803173029251,0.19162121963311848,0.06668319286068418,0.056023797719385225,0.07164105106593951,0.29400099157164106,1.0,0.1554288547347546,0.1338621715418939,0.15939514129895885,0.09717402082300446,0.1036192364898364,0.14402578086266732,0.2669806643529995,0.15642042637580567,0.27268220128904314,0.26227069905800693,0.28309370352007934,0.2890431333663857,0.16311353495290035,0.06296479920674268,0.057263262270699056,0.06370847793753098,0.05850272682201289,0.23326722855726326,0.3182944967773922,0.1685671789786812,0.0466038671294001,0.2248388696083292,0.05304908279623203,0.16063460585027267
PLAYGROUND_BANDIT,0.06742687159147248,0.0984134853743183,0.06916212196331185,0.0872583044124938,0.07982151710461081,0.0887456618740704,0.16212196331184928,0.13435795736241943,0.06321269211700545,0.059494298463063956,0.06296479920674268,0.14972731779871096,0.1554288547347546,1.0,0.06916212196331185,0.31680713931581556,0.06742687159147248,0.3505205751115518,0.3009419930589985,0.15567674764501735,0.15220624690133863,0.15294992563212692,0.14823996033713435,0.1574119980168567,0.15418939018344074,0.124194348041646,0.05577590480912246,0.06073376301437779,0.07139315815567675,0.06544372830937036,0.14352999504214178,0.1782350024789291,0.11675756073376302,0.05999008428358949,0.14377788795240456,0.059742191373326724,0.0872583044124938
PLAYGROUND_GRAPH_DENSITY,0.033217649975210706,0.059494298463063956,1.0,0.08279623202776401,0.03867129400099157,0.03743182944967774,0.1633614278631631,0.09122459097669806,0.03470500743678731,0.030986613782845812,0.032969757064947945,0.13981160138820029,0.1338621715418939,0.06916212196331185,1.0,0.06891422905304909,0.033217649975210706,0.039167079821517105,0.046355974219137334,0.124194348041646,0.08254833911750124,0.1264253842340109,0.14972731779871096,0.13956370847793753,0.13857213683688646,0.0954387704511651,0.03024293505205751,0.029995042141794746,0.03272186415468518,0.027764005949429845,0.11973227565691621,0.153941497273178,0.0850272682201289,0.023549826474962815,0.10932077342588002,0.02875557759048091,0.08279623202776401
PLAYGROUND_INFORMATIVE_DIVERSE,0.08924144769459594,0.11155180961824492,0.06891422905304909,0.08304412493802678,0.08279623202776401,0.08651462568170551,0.17030242935052056,0.1353495290034705,0.06668319286068418,0.061973227565691624,0.06494794248884482,0.1628656420426376,0.15939514129895885,0.31680713931581556,0.06891422905304909,1.0,0.08899355478433317,0.28284581060981656,0.2937530986613783,0.1648487853247397,0.14005949429846307,0.16980664352999505,0.15716410510659395,0.16460089241447695,0.16360932077342588,0.1212196331184928,0.06023797719385226,0.059742191373326724,0.06147744174516609,0.06073376301437779,0.14675260287555775,0.19955379276152702,0.1301437778879524,0.05503222607833416,0.14600892414476946,0.06023797719385226,0.08304412493802678
PLAYGROUND_KCENTER_GREEDY,0.9997521070897373,0.2226078334159643,0.033217649975210706,0.05304908279623203,0.051065939514129896,0.03867129400099157,0.08254833911750124,0.2672285572632623,0.044868616757560736,0.0466038671294001,0.03619236489836391,0.09370352007932573,0.09717402082300446,0.06742687159147248,0.033217649975210706,0.08899355478433317,1.0,0.05428854734754586,0.07808626673277144,0.09122459097669806,0.1256817055032226,0.10461080813088745,0.10163609320773426,0.09593455627169063,0.09593455627169063,0.15567674764501735,0.0480912245909767,0.047595438770451165,0.03718393653941497,0.028507684680218144,0.16385721368368864,0.10956866633614279,0.30813088745661876,0.03941497273177987,0.11204759543877045,0.0458601883986118,0.05304908279623203
PLAYGROUND_MARGIN,0.05428854734754586,0.07337630143777887,0.039167079821517105,0.05999008428358949,0.12667327714427368,0.1760039662865642,0.09816559246405553,0.0842835894893406,0.053544868616757564,0.05528011898859692,0.05899851264253842,0.0961824491819534,0.1036192364898364,0.3505205751115518,0.039167079821517105,0.28284581060981656,0.05428854734754586,1.0,0.44199305899851266,0.10510659395141299,0.11204759543877045,0.11229548834903322,0.09419930589985126,0.10485870104115022,0.11527020327218641,0.0984134853743183,0.05428854734754586,0.06147744174516609,0.05775904809122459,0.1650966782350025,0.09791769955379276,0.11824491819533961,0.07585523054040655,0.11006445215666832,0.09519087754090233,0.1036192364898364,0.05999008428358949
PLAYGROUND_MIXTURE,0.07833415964303421,0.08899355478433317,0.046355974219137334,0.0909766980664353,0.07560733763014378,0.10114030738720872,0.15294992563212692,0.10510659395141299,0.0532969757064948,0.05057015369360436,0.05280118988596926,0.16460089241447695,0.14402578086266732,0.3009419930589985,0.046355974219137334,0.2937530986613783,0.07808626673277144,0.44199305899851266,1.0,0.16311353495290035,0.11378284581060982,0.15493306891422906,0.1264253842340109,0.14898363906792267,0.14823996033713435,0.1028755577590481,0.044124938026772434,0.054784333168071395,0.05503222607833416,0.08279623202776401,0.1338621715418939,0.17129400099157163,0.0946950917203768,0.059742191373326724,0.14154685176003967,0.05577590480912246,0.0909766980664353
PLAYGROUND_UNIFORM,0.0909766980664353,0.1212196331184928,0.124194348041646,0.1536936043629152,0.07288051561725335,0.07461576598909271,0.3190381755081805,0.17649975210708974,0.06395637084779375,0.059494298463063956,0.05800694100148736,0.2808626673277144,0.2669806643529995,0.15567674764501735,0.124194348041646,0.1648487853247397,0.09122459097669806,0.10510659395141299,0.16311353495290035,1.0,0.15294992563212692,0.25780862667327714,0.24739712444224096,0.26053544868616757,0.25632126921170056,0.16807139315815567,0.054784333168071395,0.05577590480912246,0.06048587010411502,0.05627169062964799,0.23648983639067922,0.30887456618740705,0.16385721368368864,0.0532969757064948,0.22806147744174515,0.05899851264253842,0.1536936043629152
SKACTIVEML_COST_EMBEDDING,0.12543381259295985,0.153941497273178,0.08254833911750124,0.08676251859196826,0.07411998016856718,0.07560733763014378,0.1633614278631631,0.19038175508180466,0.06494794248884482,0.058254833911750126,0.06593951412989589,0.16063460585027267,0.15642042637580567,0.15220624690133863,0.08254833911750124,0.14005949429846307,0.1256817055032226,0.11204759543877045,0.11378284581060982,0.15294992563212692,1.0,0.1633614278631631,0.17327714427367377,0.1588993554784333,0.15815567674764502,0.17476450173525038,0.06494794248884482,0.06470004957858205,0.05899851264253842,0.0532969757064948,0.15840356965790778,0.18294496777392166,0.1663361427863163,0.05627169062964799,0.15096678235002478,0.06122954883490332,0.08676251859196826
SKACTIVEML_DAL,0.10436291522062469,0.13782845810609817,0.1264253842340109,0.14848785324739713,0.07411998016856718,0.07659890927119484,0.2997025285076847,0.19558750619732276,0.06296479920674268,0.05899851264253842,0.06296479920674268,0.27317798710956864,0.27268220128904314,0.15294992563212692,0.1264253842340109,0.16980664352999505,0.10461080813088745,0.11229548834903322,0.15493306891422906,0.25780862667327714,0.1633614278631631,1.0,0.24541398116013882,0.2697074863658899,0.27193852255825485,0.17699553792761527,0.054784333168071395,0.05577590480912246,0.06470004957858205,0.05057015369360436,0.24194348041646008,0.32126921170054534,0.18319286068418444,0.0466038671294001,0.21913733267228558,0.05156172533465543,0.14848785324739713
SKACTIVEML_DWUS,0.10163609320773426,0.1499752107089737,0.14972731779871096,0.12840852751611304,0.07139315815567675,0.07709469509172037,0.36142786316311354,0.2196331184928111,0.06569162121963312,0.06420426375805652,0.06544372830937036,0.2498760535448686,0.26227069905800693,0.14823996033713435,0.14972731779871096,0.15716410510659395,0.10163609320773426,0.09419930589985126,0.1264253842340109,0.24739712444224096,0.17327714427367377,0.24541398116013882,1.0,0.27243430837878035,0.25731284085275163,0.1752602875557759,0.06668319286068418,0.06643529995042141,0.06643529995042141,0.053544868616757564,0.23475458601883986,0.3403569657907784,0.1715418939018344,0.053792761527020325,0.19707486365889937,0.05775904809122459,0.12840852751611304
SKACTIVEML_QBC,0.0961824491819534,0.1360932077342588,0.13956370847793753,0.15840356965790778,0.07511155180961825,0.0813088745661874,0.3326722855726326,0.1980664352999504,0.05899851264253842,0.05205751115518096,0.06122954883490332,0.288795240456123,0.28309370352007934,0.1574119980168567,0.13956370847793753,0.16460089241447695,0.09593455627169063,0.10485870104115022,0.14898363906792267,0.26053544868616757,0.1588993554784333,0.2697074863658899,0.27243430837878035,1.0,0.3031730292513634,0.17575607337630145,0.058750619732275654,0.056023797719385225,0.06767476450173525,0.05156172533465543,0.25334655428854735,0.3329201784828954,0.18468021814576102,0.053544868616757564,0.229300941993059,0.05676747645017353,0.15840356965790778
SKACTIVEML_QBC_VOTE_ENTROPY,0.0961824491819534,0.12047595438770452,0.13857213683688646,0.15815567674764502,0.06817055032226078,0.07932573128408528,0.312097174020823,0.1908775409023302,0.05899851264253842,0.05280118988596926,0.06866633614278632,0.2736737729300942,0.2890431333663857,0.15418939018344074,0.13857213683688646,0.16360932077342588,0.09593455627169063,0.11527020327218641,0.14823996033713435,0.25632126921170056,0.15815567674764502,0.27193852255825485,0.25731284085275163,0.3031730292513634,1.0,0.17178978681209717,0.059742191373326724,0.06271690629647993,0.06891422905304909,0.05800694100148736,0.24070401586514625,0.3185423896876549,0.17426871591472484,0.05230540406544373,0.24318294496777393,0.05676747645017353,0.15815567674764502
SKACTIVEML_QUIRE,0.15592464055528013,0.19930589985126426,0.0954387704511651,0.0835399107585523,0.07783837382250867,0.07040158651462568,0.18393653941497273,0.266484878532474,0.07089737233515121,0.06841844323252355,0.0532969757064948,0.1760039662865642,0.16311353495290035,0.124194348041646,0.0954387704511651,0.1212196331184928,0.15567674764501735,0.0984134853743183,0.1028755577590481,0.16807139315815567,0.17476450173525038,0.17699553792761527,0.1752602875557759,0.17575607337630145,0.17178978681209717,1.0,0.06470004957858205,0.06172533465542886,0.05230540406544373,0.04685176003966286,0.20599900842835894,0.20079325731284084,0.2426871591472484,0.061973227565691624,0.15840356965790778,0.06544372830937036,0.0835399107585523
SKACTIVEML_US_ENTROPY,0.0480912245909767,0.06767476450173525,0.03024293505205751,0.03371343579573624,0.07808626673277144,0.06271690629647993,0.048834903321764996,0.06593951412989589,0.11279127416955875,0.0917203767972236,0.06941001487357462,0.054784333168071395,0.06296479920674268,0.05577590480912246,0.03024293505205751,0.06023797719385226,0.0480912245909767,0.05428854734754586,0.044124938026772434,0.054784333168071395,0.06494794248884482,0.054784333168071395,0.06668319286068418,0.058750619732275654,0.059742191373326724,0.06470004957858205,1.0,0.7501239464551314,0.7228557263262271,0.05552801189885969,0.06023797719385226,0.06321269211700545,0.06172533465542886,0.07461576598909271,0.06048587010411502,0.1028755577590481,0.03371343579573624
SKACTIVEML_US_LC,0.047595438770451165,0.06965790778383739,0.029995042141794746,0.030490827962320277,0.09395141298958849,0.07213683688646505,0.04858701041150223,0.06618740704015866,0.09072880515617253,0.10609816559246406,0.07436787307882994,0.05800694100148736,0.057263262270699056,0.06073376301437779,0.029995042141794746,0.059742191373326724,0.047595438770451165,0.06147744174516609,0.054784333168071395,0.05577590480912246,0.06470004957858205,0.05577590480912246,0.06643529995042141,0.056023797719385225,0.06271690629647993,0.06172533465542886,0.7501239464551314,1.0,0.7235994050570154,0.06246901338621715,0.06395637084779375,0.06445215666831929,0.06147744174516609,0.08824987605354487,0.05577590480912246,0.08552305404065444,0.030490827962320277
SKACTIVEML_US_MARGIN,0.03718393653941497,0.06321269211700545,0.03272186415468518,0.03371343579573624,0.06346058502726822,0.0880019831432821,0.05651958353991076,0.05651958353991076,0.07659890927119484,0.07337630143777887,0.0984134853743183,0.06668319286068418,0.06370847793753098,0.07139315815567675,0.03272186415468518,0.06147744174516609,0.03718393653941497,0.05775904809122459,0.05503222607833416,0.06048587010411502,0.05899851264253842,0.06470004957858205,0.06643529995042141,0.06767476450173525,0.06891422905304909,0.05230540406544373,0.7228557263262271,0.7235994050570154,1.0,0.07858205255329698,0.06395637084779375,0.07659890927119484,0.05404065443728309,0.07040158651462568,0.05775904809122459,0.06494794248884482,0.03371343579573624
SMALLTEXT_BREAKINGTIES,0.028507684680218144,0.045364402578086264,0.027764005949429845,0.02949925632126921,0.1308874566187407,0.23797719385225583,0.04784333168071393,0.03891918691125434,0.07263262270699058,0.07759048091224591,0.0999008428358949,0.0532969757064948,0.05850272682201289,0.06544372830937036,0.027764005949429845,0.06073376301437779,0.028507684680218144,0.1650966782350025,0.08279623202776401,0.05627169062964799,0.0532969757064948,0.05057015369360436,0.053544868616757564,0.05156172533465543,0.05800694100148736,0.04685176003966286,0.05552801189885969,0.06246901338621715,0.07858205255329698,1.0,0.051313832424392664,0.06470004957858205,0.040406544372830935,0.7149231531978185,0.05280118988596926,0.7092216162617749,0.02949925632126921
SMALLTEXT_CONTRASTIVEAL,0.16385721368368864,0.1856717897868121,0.11973227565691621,0.13510163609320774,0.07957362419434805,0.07362419434804164,0.25855230540406543,0.2602875557759048,0.07858205255329698,0.06494794248884482,0.06593951412989589,0.24194348041646008,0.23326722855726326,0.14352999504214178,0.11973227565691621,0.14675260287555775,0.16385721368368864,0.09791769955379276,0.1338621715418939,0.23648983639067922,0.15840356965790778,0.24194348041646008,0.23475458601883986,0.25334655428854735,0.24070401586514625,0.20599900842835894,0.06023797719385226,0.06395637084779375,0.06395637084779375,0.051313832424392664,1.0,0.2922657411998017,0.251611303916708,0.05428854734754586,0.19781854238968766,0.06321269211700545,0.13510163609320774
SMALLTEXT_EMBEDDINGKMEANS,0.10981655924640556,0.16311353495290035,0.153941497273178,0.15468517600396628,0.08031730292513634,0.08973723351512147,0.44496777392166587,0.23401090728805157,0.07387208725830441,0.06693108577094695,0.07263262270699058,0.32002974714923155,0.3182944967773922,0.1782350024789291,0.153941497273178,0.19955379276152702,0.10956866633614279,0.11824491819533961,0.17129400099157163,0.30887456618740705,0.18294496777392166,0.32126921170054534,0.3403569657907784,0.3329201784828954,0.3185423896876549,0.20079325731284084,0.06321269211700545,0.06445215666831929,0.07659890927119484,0.06470004957858205,0.2922657411998017,1.0,0.20029747149231533,0.05528011898859692,0.27193852255825485,0.06370847793753098,0.15468517600396628
SMALLTEXT_GREEDYCORESET,0.307882994546356,0.3041646008924145,0.0850272682201289,0.08651462568170551,0.06891422905304909,0.054784333168071395,0.16732771442736738,0.39836390679226574,0.06643529995042141,0.06916212196331185,0.05428854734754586,0.17625185919682698,0.1685671789786812,0.11675756073376302,0.0850272682201289,0.1301437778879524,0.30813088745661876,0.07585523054040655,0.0946950917203768,0.16385721368368864,0.1663361427863163,0.18319286068418444,0.1715418939018344,0.18468021814576102,0.17426871591472484,0.2426871591472484,0.06172533465542886,0.06147744174516609,0.05404065443728309,0.040406544372830935,0.251611303916708,0.20029747149231533,1.0,0.05627169062964799,0.16559246405552802,0.06370847793753098,0.08651462568170551
SMALLTEXT_LEASTCONFIDENCE,0.03941497273177987,0.05899851264253842,0.023549826474962815,0.027268220128904314,0.24169558750619732,0.13039167079821518,0.04015865146256817,0.05404065443728309,0.08899355478433317,0.10386712940009915,0.07585523054040655,0.047595438770451165,0.0466038671294001,0.05999008428358949,0.023549826474962815,0.05503222607833416,0.03941497273177987,0.11006445215666832,0.059742191373326724,0.0532969757064948,0.05627169062964799,0.0466038671294001,0.053792761527020325,0.053544868616757564,0.05230540406544373,0.061973227565691624,0.07461576598909271,0.08824987605354487,0.07040158651462568,0.7149231531978185,0.05428854734754586,0.05528011898859692,0.05627169062964799,1.0,0.05081804660386713,0.7357461576598909,0.027268220128904314
SMALLTEXT_LIGHTWEIGHTCORESET,0.11204759543877045,0.12692117005453643,0.10932077342588002,0.13063956370847793,0.07387208725830441,0.0805651958353991,0.2315319781854239,0.18145761031234506,0.053544868616757564,0.05552801189885969,0.060981655924640554,0.2330193356470005,0.2248388696083292,0.14377788795240456,0.10932077342588002,0.14600892414476946,0.11204759543877045,0.09519087754090233,0.14154685176003967,0.22806147744174515,0.15096678235002478,0.21913733267228558,0.19707486365889937,0.229300941993059,0.24318294496777393,0.15840356965790778,0.06048587010411502,0.05577590480912246,0.05775904809122459,0.05280118988596926,0.19781854238968766,0.27193852255825485,0.16559246405552802,0.05081804660386713,1.0,0.04561229548834903,0.13063956370847793
SMALLTEXT_PREDICTIONENTROPY,0.0458601883986118,0.06445215666831929,0.02875557759048091,0.029995042141794746,0.1536936043629152,0.11824491819533961,0.043877045116509666,0.06023797719385226,0.12469013386217154,0.0991571641051066,0.08279623202776401,0.05552801189885969,0.05304908279623203,0.059742191373326724,0.02875557759048091,0.06023797719385226,0.0458601883986118,0.1036192364898364,0.05577590480912246,0.05899851264253842,0.06122954883490332,0.05156172533465543,0.05775904809122459,0.05676747645017353,0.05676747645017353,0.06544372830937036,0.1028755577590481,0.08552305404065444,0.06494794248884482,0.7092216162617749,0.06321269211700545,0.06370847793753098,0.06370847793753098,0.7357461576598909,0.04561229548834903,1.0,0.029995042141794746
SMALLTEXT_RANDOM,0.05304908279623203,0.06395637084779375,0.08279623202776401,1.0,0.046355974219137334,0.051313832424392664,0.16534457114526524,0.08775409023301933,0.030490827962320277,0.02900347050074368,0.031234506693108576,0.15642042637580567,0.16063460585027267,0.0872583044124938,0.08279623202776401,0.08304412493802678,0.05304908279623203,0.05999008428358949,0.0909766980664353,0.1536936043629152,0.08676251859196826,0.14848785324739713,0.12840852751611304,0.15840356965790778,0.15815567674764502,0.0835399107585523,0.03371343579573624,0.030490827962320277,0.03371343579573624,0.02949925632126921,0.13510163609320774,0.15468517600396628,0.08651462568170551,0.027268220128904314,0.13063956370847793,0.029995042141794746,1.0
