,ALIPY_CORESET_GREEDY,ALIPY_DENSITY_WEIGHTED,ALIPY_GRAPH_DENSITY,ALIPY_RANDOM,ALIPY_UNCERTAINTY_LC,ALIPY_UNCERTAINTY_MM,LIBACT_DWUS,LIBACT_QUIRE,LIBACT_UNCERTAINTY_ENT,LIBACT_UNCERTAINTY_LC,LIBACT_UNCERTAINTY_SM,OPTIMAL_GREEDY_10,OPTIMAL_GREEDY_20,PLAYGROUND_BANDIT,PLAYGROUND_GRAPH_DENSITY,PLAYGROUND_INFORMATIVE_DIVERSE,PLAYGROUND_KCENTER_GREEDY,PLAYGROUND_MARGIN,PLAYGROUND_MIXTURE,PLAYGROUND_UNIFORM,SKACTIVEML_COST_EMBEDDING,SKACTIVEML_DAL,SKACTIVEML_DWUS,SKACTIVEML_QBC,SKACTIVEML_QBC_VOTE_ENTROPY,SKACTIVEML_QUIRE,SKACTIVEML_US_ENTROPY,SKACTIVEML_US_LC,SKACTIVEML_US_MARGIN,SMALLTEXT_BREAKINGTIES,SMALLTEXT_CONTRASTIVEAL,SMALLTEXT_EMBEDDINGKMEANS,SMALLTEXT_GREEDYCORESET,SMALLTEXT_LEASTCONFIDENCE,SMALLTEXT_LIGHTWEIGHTCORESET,SMALLTEXT_PREDICTIONENTROPY,SMALLTEXT_RANDOM
ALIPY_CORESET_GREEDY,1.0,0.131631135349529,0.14352999504214178,0.13857213683688646,0.11551809618244918,0.11080813088745661,0.03941497273177987,0.10114030738720872,0.08552305404065444,0.09890927119484383,0.09965294992563213,0.20327218641546851,0.20128904313336637,0.14154685176003967,0.13882002974714924,0.1502231036192365,0.6740208230044621,0.12369856222112048,0.1665840356965791,0.15294992563212692,0.13584531482399603,0.1517104610808131,0.08453148239960337,0.08031730292513634,0.16013882002974714,0.10783341596430342,0.09940505701536936,0.11080813088745661,0.09940505701536936,0.10733763014377788,0.08453148239960337,0.11080813088745661,0.21393158155676748,0.10064452156668319,0.13262270699058007,0.0999008428358949,0.14080317302925136
ALIPY_DENSITY_WEIGHTED,0.131631135349529,1.0,0.09643034209221617,0.11179970252850768,0.153941497273178,0.15047099652949925,0.03668815071888944,0.1065939514129896,0.14303420922161625,0.1442736737729301,0.14526524541398117,0.12543381259295985,0.1271690629647992,0.14848785324739713,0.0991571641051066,0.15245413981160139,0.13658899355478432,0.15642042637580567,0.15418939018344074,0.10485870104115022,0.1611303916707982,0.124194348041646,0.11006445215666832,0.07362419434804164,0.11502231036192365,0.14328210213187903,0.1499752107089737,0.15121467526028756,0.14774417451660882,0.14724838869608328,0.08378780366881507,0.0909766980664353,0.12667327714427368,0.15245413981160139,0.12518591968269707,0.1502231036192365,0.11427863163113534
ALIPY_GRAPH_DENSITY,0.14352999504214178,0.09643034209221617,1.0,0.17402082300446206,0.08477937530986614,0.09419930589985126,0.06941001487357462,0.06271690629647993,0.08651462568170551,0.08230044620723848,0.09048091224590976,0.1536936043629152,0.14923153197818542,0.12518591968269707,0.6824491819533961,0.11650966782350025,0.14154685176003967,0.10461080813088745,0.13584531482399603,0.19732275656916212,0.11527020327218641,0.15617253346554288,0.09370352007932573,0.0880019831432821,0.2057511155180962,0.07833415964303421,0.08701041150223103,0.09295984134853744,0.08676251859196826,0.09048091224590976,0.06742687159147248,0.11799702528507684,0.14724838869608328,0.08081308874566187,0.17327714427367377,0.07957362419434805,0.17426871591472484
ALIPY_RANDOM,0.13857213683688646,0.11179970252850768,0.17402082300446206,1.0,0.10386712940009915,0.10163609320773426,0.06023797719385226,0.09048091224590976,0.09965294992563213,0.0954387704511651,0.0991571641051066,0.18790282597917699,0.1752602875557759,0.12890431333663857,0.17798710956866634,0.1442736737729301,0.14551313832424392,0.11279127416955875,0.15047099652949925,0.24095190877540903,0.14154685176003967,0.20847793753098662,0.10485870104115022,0.1065939514129896,0.2426871591472484,0.10708973723351513,0.09816559246405553,0.09816559246405553,0.10163609320773426,0.1036192364898364,0.06717897868120971,0.1648487853247397,0.1663361427863163,0.09766980664352999,0.23128408527516114,0.10064452156668319,0.6633614278631631
ALIPY_UNCERTAINTY_LC,0.11551809618244918,0.153941497273178,0.08477937530986614,0.10386712940009915,1.0,0.5765989092711948,0.036440257808626676,0.05280118988596926,0.2278135845314824,0.26524541398116014,0.2270699058006941,0.16410510659395142,0.16162617749132374,0.24541398116013882,0.09196826970748637,0.23177987109568665,0.11056023797719385,0.2627664848785325,0.24367873078829946,0.11700545364402579,0.1998016856717898,0.11328705999008429,0.0961824491819534,0.06321269211700545,0.10733763014377788,0.10436291522062469,0.25359444719881014,0.2778879524045612,0.24938026772434307,0.26524541398116014,0.053792761527020325,0.07585523054040655,0.10089241447694595,0.3448190381755082,0.11279127416955875,0.2935052057511155,0.1028755577590481
ALIPY_UNCERTAINTY_MM,0.11080813088745661,0.15047099652949925,0.09419930589985126,0.10163609320773426,0.5765989092711948,1.0,0.03991075855230541,0.05627169062964799,0.20277640059494298,0.21789786812097173,0.2588001983143282,0.1737729300941993,0.1700545364402578,0.251611303916708,0.09643034209221617,0.2449181953396133,0.11427863163113534,0.2949925632126921,0.26078334159643035,0.11774913237481408,0.19633118492811105,0.11725334655428855,0.0969261279127417,0.06172533465542886,0.10237977193852256,0.10337134357957363,0.2226078334159643,0.2374814080317303,0.2667327714427367,0.3415964303420922,0.05404065443728309,0.07783837382250867,0.09866137828458106,0.26450173525037185,0.11303916707982152,0.2530986613782846,0.10535448686167576
LIBACT_DWUS,0.03941497273177987,0.03668815071888944,0.06941001487357462,0.06023797719385226,0.036440257808626676,0.03991075855230541,1.0,0.08304412493802678,0.03470500743678731,0.03222607833415964,0.03495290034705007,0.032969757064947945,0.03222607833415964,0.035696579077838374,0.06891422905304909,0.034209221616261776,0.03941497273177987,0.03371343579573624,0.03222607833415964,0.06271690629647993,0.037927615270203274,0.05205751115518096,0.08378780366881507,0.06370847793753098,0.07759048091224591,0.06246901338621715,0.03470500743678731,0.035448686167575606,0.040406544372830935,0.036936043629152204,0.07263262270699058,0.10585027268220129,0.05751115518096182,0.03247397124442241,0.054784333168071395,0.03619236489836391,0.05775904809122459
LIBACT_QUIRE,0.10114030738720872,0.1065939514129896,0.06271690629647993,0.09048091224590976,0.05280118988596926,0.05627169062964799,0.08304412493802678,1.0,0.042637580565195836,0.044124938026772434,0.04338125929598413,0.06395637084779375,0.06717897868120971,0.06246901338621715,0.06618740704015866,0.06048587010411502,0.0991571641051066,0.05899851264253842,0.06321269211700545,0.08750619732275657,0.07610312345066932,0.08676251859196826,0.06470004957858205,0.07957362419434805,0.09048091224590976,0.12022806147744175,0.052553296975706494,0.051065939514129896,0.0466038671294001,0.04908279623202776,0.10262766484878533,0.0835399107585523,0.10138820029747149,0.05205751115518096,0.0917203767972236,0.04462072384729797,0.08973723351512147
LIBACT_UNCERTAINTY_ENT,0.08552305404065444,0.14303420922161625,0.08651462568170551,0.09965294992563213,0.2278135845314824,0.20277640059494298,0.03470500743678731,0.042637580565195836,1.0,0.5880019831432821,0.5443728309370351,0.14526524541398117,0.14749628160634606,0.1826970748636589,0.0842835894893406,0.19633118492811105,0.08626673277144274,0.180466038671294,0.18468021814576102,0.11799702528507684,0.17278135845314824,0.10882498760535449,0.09221616261774913,0.04784333168071393,0.1028755577590481,0.09816559246405553,0.23326722855726326,0.21095686663361427,0.1871591472483887,0.2389687654933069,0.06569162121963312,0.06693108577094695,0.09444719881011403,0.26103123450669313,0.10461080813088745,0.2900347050074368,0.08998512642538424
LIBACT_UNCERTAINTY_LC,0.09890927119484383,0.1442736737729301,0.08230044620723848,0.0954387704511651,0.26524541398116014,0.21789786812097173,0.03222607833415964,0.044124938026772434,0.5880019831432821,1.0,0.578582052553297,0.15939514129895885,0.1588993554784333,0.20475954387704512,0.08601883986117997,0.2166584035696579,0.09766980664352999,0.20029747149231533,0.19286068418443233,0.10932077342588002,0.18790282597917699,0.09419930589985126,0.08676251859196826,0.050322260783341594,0.10089241447694595,0.0909766980664353,0.2345066931085771,0.24938026772434307,0.2188894397620228,0.25731284085275163,0.05577590480912246,0.06841844323252355,0.09742191373326722,0.29697570649479427,0.10237977193852256,0.2751611303916708,0.09717402082300446
LIBACT_UNCERTAINTY_SM,0.09965294992563213,0.14526524541398117,0.09048091224590976,0.0991571641051066,0.2270699058006941,0.2588001983143282,0.03495290034705007,0.04338125929598413,0.5443728309370351,0.578582052553297,1.0,0.16683192860684184,0.16807139315815567,0.2077342588001983,0.0917203767972236,0.2307882994546356,0.09965294992563213,0.21046108081308876,0.20599900842835894,0.11626177491323748,0.1893901834407536,0.10461080813088745,0.0872583044124938,0.05552801189885969,0.11700545364402579,0.0924640555280119,0.20475954387704512,0.21715418939018344,0.25012394645513136,0.300446207238473,0.050322260783341594,0.06122954883490332,0.09271194843827467,0.26375805651958356,0.10882498760535449,0.24913237481408032,0.09667823500247893
OPTIMAL_GREEDY_10,0.20327218641546851,0.12543381259295985,0.1536936043629152,0.18790282597917699,0.16410510659395142,0.1737729300941993,0.032969757064947945,0.06395637084779375,0.14526524541398117,0.15939514129895885,0.16683192860684184,1.0,0.5661874070401587,0.255825483391175,0.16410510659395142,0.26202280614774415,0.2072384729796728,0.2315319781854239,0.2949925632126921,0.20699058006941,0.20376797223599405,0.17699553792761527,0.0768468021814576,0.0954387704511651,0.19360436291522062,0.11923648983639068,0.15592464055528013,0.17055032226078334,0.16881507188894398,0.17798710956866634,0.06023797719385226,0.1338621715418939,0.13485374318294496,0.16931085770946952,0.18393653941497273,0.1576598909271195,0.18815071888943977
OPTIMAL_GREEDY_20,0.20128904313336637,0.1271690629647992,0.14923153197818542,0.1752602875557759,0.16162617749132374,0.1700545364402578,0.03222607833415964,0.06717897868120971,0.14749628160634606,0.1588993554784333,0.16807139315815567,0.5661874070401587,1.0,0.25483391175012393,0.1574119980168567,0.2729300941993059,0.19781854238968766,0.2387208725830441,0.30193356470004956,0.20376797223599405,0.1960832920178483,0.1856717897868121,0.06841844323252355,0.08477937530986614,0.1841844323252355,0.1301437778879524,0.15691621219633117,0.17203767972235995,0.17674764501735252,0.17699553792761527,0.060981655924640554,0.1331184928111056,0.12840852751611304,0.18071393158155677,0.17327714427367377,0.16360932077342588,0.18616757560733763
PLAYGROUND_BANDIT,0.14154685176003967,0.14848785324739713,0.12518591968269707,0.12890431333663857,0.24541398116013882,0.251611303916708,0.035696579077838374,0.06246901338621715,0.1826970748636589,0.20475954387704512,0.2077342588001983,0.255825483391175,0.25483391175012393,1.0,0.13138324243926625,0.43207734258800196,0.14352999504214178,0.5091720376797224,0.47000495785820523,0.1648487853247397,0.28582052553296977,0.14030738720872582,0.0872583044124938,0.07511155180961825,0.14030738720872582,0.15071888943976203,0.1938522558254834,0.2072384729796728,0.21641051065939515,0.2300446207238473,0.06370847793753098,0.0887456618740704,0.1065939514129896,0.2226078334159643,0.14328210213187903,0.2092216162617749,0.1360932077342588
PLAYGROUND_GRAPH_DENSITY,0.13882002974714924,0.0991571641051066,0.6824491819533961,0.17798710956866634,0.09196826970748637,0.09643034209221617,0.06891422905304909,0.06618740704015866,0.0842835894893406,0.08601883986117997,0.0917203767972236,0.16410510659395142,0.1574119980168567,0.13138324243926625,1.0,0.1279127416955875,0.14352999504214178,0.10808130887456618,0.14352999504214178,0.1906296479920674,0.11998016856717898,0.16534457114526524,0.09593455627169063,0.0991571641051066,0.19757064947942488,0.08155676747645017,0.0909766980664353,0.08899355478433317,0.08899355478433317,0.0932077342588002,0.06445215666831929,0.1212196331184928,0.14749628160634606,0.08924144769459594,0.18145761031234506,0.08279623202776401,0.18096182449181952
PLAYGROUND_INFORMATIVE_DIVERSE,0.1502231036192365,0.15245413981160139,0.11650966782350025,0.1442736737729301,0.23177987109568665,0.2449181953396133,0.034209221616261776,0.06048587010411502,0.19633118492811105,0.2166584035696579,0.2307882994546356,0.26202280614774415,0.2729300941993059,0.43207734258800196,0.1279127416955875,1.0,0.15418939018344074,0.4333168071393158,0.42786316311353495,0.1536936043629152,0.2595438770451165,0.13634110064452157,0.08106098165592464,0.07982151710461081,0.15245413981160139,0.14080317302925136,0.20277640059494298,0.21839365394149726,0.221864154685176,0.2233515121467526,0.06246901338621715,0.09370352007932573,0.10857709469509172,0.2255825483391175,0.14005949429846307,0.21120475954387705,0.1412989588497769
PLAYGROUND_KCENTER_GREEDY,0.6740208230044621,0.13658899355478432,0.14154685176003967,0.14551313832424392,0.11056023797719385,0.11427863163113534,0.03941497273177987,0.0991571641051066,0.08626673277144274,0.09766980664352999,0.09965294992563213,0.2072384729796728,0.19781854238968766,0.14352999504214178,0.14352999504214178,0.15418939018344074,1.0,0.12444224095190877,0.1700545364402578,0.15939514129895885,0.13956370847793753,0.15071888943976203,0.08899355478433317,0.0857709469509172,0.15691621219633117,0.11675756073376302,0.1028755577590481,0.10609816559246406,0.1036192364898364,0.10262766484878533,0.0880019831432821,0.11527020327218641,0.21690629647992068,0.10436291522062469,0.13138324243926625,0.09965294992563213,0.13708477937530986
PLAYGROUND_MARGIN,0.12369856222112048,0.15642042637580567,0.10461080813088745,0.11279127416955875,0.2627664848785325,0.2949925632126921,0.03371343579573624,0.05899851264253842,0.180466038671294,0.20029747149231533,0.21046108081308876,0.2315319781854239,0.2387208725830441,0.5091720376797224,0.10808130887456618,0.4333168071393158,0.12444224095190877,1.0,0.5208230044620724,0.13212692117005453,0.28011898859692613,0.11874070401586515,0.0850272682201289,0.07015369360436291,0.1249380267724343,0.15964303420922163,0.20153693604362916,0.22682201289043133,0.21690629647992068,0.27491323748140806,0.054784333168071395,0.0813088745661874,0.10138820029747149,0.2411998016856718,0.12518591968269707,0.23599405057015369,0.11849281110560238
PLAYGROUND_MIXTURE,0.1665840356965791,0.15418939018344074,0.13584531482399603,0.15047099652949925,0.24367873078829946,0.26078334159643035,0.03222607833415964,0.06321269211700545,0.18468021814576102,0.19286068418443233,0.20599900842835894,0.2949925632126921,0.30193356470004956,0.47000495785820523,0.14352999504214178,0.42786316311353495,0.1700545364402578,0.5208230044620724,1.0,0.1841844323252355,0.25409023301933564,0.1427863163113535,0.08230044620723848,0.07560733763014378,0.16782350024789291,0.15195835399107585,0.1908775409023302,0.20252850768468023,0.20996529499256322,0.24590976698066436,0.05676747645017353,0.10956866633614279,0.11452652454139811,0.2270699058006941,0.16187407040158652,0.21244422409519087,0.15567674764501735
PLAYGROUND_UNIFORM,0.15294992563212692,0.10485870104115022,0.19732275656916212,0.24095190877540903,0.11700545364402579,0.11774913237481408,0.06271690629647993,0.08750619732275657,0.11799702528507684,0.10932077342588002,0.11626177491323748,0.20699058006941,0.20376797223599405,0.1648487853247397,0.1906296479920674,0.1536936043629152,0.15939514129895885,0.13212692117005453,0.1841844323252355,1.0,0.15071888943976203,0.20897372335151215,0.10411502231036192,0.11477441745166088,0.26053544868616757,0.11626177491323748,0.11675756073376302,0.11750123946455131,0.11650966782350025,0.11378284581060982,0.07907783837382251,0.16460089241447695,0.1670798215171046,0.10733763014377788,0.23723351512146754,0.10981655924640556,0.24739712444224096
SKACTIVEML_COST_EMBEDDING,0.13584531482399603,0.1611303916707982,0.11527020327218641,0.14154685176003967,0.1998016856717898,0.19633118492811105,0.037927615270203274,0.07610312345066932,0.17278135845314824,0.18790282597917699,0.1893901834407536,0.20376797223599405,0.1960832920178483,0.28582052553296977,0.11998016856717898,0.2595438770451165,0.13956370847793753,0.28011898859692613,0.25409023301933564,0.15071888943976203,1.0,0.15047099652949925,0.0984134853743183,0.08651462568170551,0.15418939018344074,0.16955875061973227,0.18815071888943977,0.1856717897868121,0.1834407535944472,0.18963807635101637,0.07238472979672782,0.09593455627169063,0.1264253842340109,0.18468021814576102,0.15121467526028756,0.18740704015865145,0.14005949429846307
SKACTIVEML_DAL,0.1517104610808131,0.124194348041646,0.15617253346554288,0.20847793753098662,0.11328705999008429,0.11725334655428855,0.05205751115518096,0.08676251859196826,0.10882498760535449,0.09419930589985126,0.10461080813088745,0.17699553792761527,0.1856717897868121,0.14030738720872582,0.16534457114526524,0.13634110064452157,0.15071888943976203,0.11874070401586515,0.1427863163113535,0.20897372335151215,0.15047099652949925,1.0,0.10708973723351513,0.10882498760535449,0.22310361923648983,0.11527020327218641,0.10981655924640556,0.10956866633614279,0.10758552305404065,0.10733763014377788,0.0857709469509172,0.14154685176003967,0.15964303420922163,0.10386712940009915,0.2166584035696579,0.10535448686167576,0.20153693604362916
SKACTIVEML_DWUS,0.08453148239960337,0.11006445215666832,0.09370352007932573,0.10485870104115022,0.0961824491819534,0.0969261279127417,0.08378780366881507,0.06470004957858205,0.09221616261774913,0.08676251859196826,0.0872583044124938,0.0768468021814576,0.06841844323252355,0.0872583044124938,0.09593455627169063,0.08106098165592464,0.08899355478433317,0.0850272682201289,0.08230044620723848,0.10411502231036192,0.0984134853743183,0.10708973723351513,1.0,0.09048091224590976,0.10436291522062469,0.07932573128408528,0.08701041150223103,0.0954387704511651,0.08775409023301933,0.0894893406048587,0.06866633614278632,0.08899355478433317,0.09890927119484383,0.08601883986117997,0.10981655924640556,0.08477937530986614,0.0946950917203768
SKACTIVEML_QBC,0.08031730292513634,0.07362419434804164,0.0880019831432821,0.1065939514129896,0.06321269211700545,0.06172533465542886,0.06370847793753098,0.07957362419434805,0.04784333168071393,0.050322260783341594,0.05552801189885969,0.0954387704511651,0.08477937530986614,0.07511155180961825,0.0991571641051066,0.07982151710461081,0.0857709469509172,0.07015369360436291,0.07560733763014378,0.11477441745166088,0.08651462568170551,0.10882498760535449,0.09048091224590976,1.0,0.11923648983639068,0.09643034209221617,0.05007436787307883,0.05577590480912246,0.058254833911750126,0.05552801189885969,0.08477937530986614,0.10337134357957363,0.0857709469509172,0.057263262270699056,0.11650966782350025,0.052553296975706494,0.11254338125929599
SKACTIVEML_QBC_VOTE_ENTROPY,0.16013882002974714,0.11502231036192365,0.2057511155180962,0.2426871591472484,0.10733763014377788,0.10237977193852256,0.07759048091224591,0.09048091224590976,0.1028755577590481,0.10089241447694595,0.11700545364402579,0.19360436291522062,0.1841844323252355,0.14030738720872582,0.19757064947942488,0.15245413981160139,0.15691621219633117,0.1249380267724343,0.16782350024789291,0.26053544868616757,0.15418939018344074,0.22310361923648983,0.10436291522062469,0.11923648983639068,1.0,0.10758552305404065,0.10138820029747149,0.10956866633614279,0.11229548834903322,0.10237977193852256,0.07610312345066932,0.18517600396628656,0.17848289538919188,0.10213187902825979,0.24169558750619732,0.10163609320773426,0.2508676251859197
SKACTIVEML_QUIRE,0.10783341596430342,0.14328210213187903,0.07833415964303421,0.10708973723351513,0.10436291522062469,0.10337134357957363,0.06246901338621715,0.12022806147744175,0.09816559246405553,0.0909766980664353,0.0924640555280119,0.11923648983639068,0.1301437778879524,0.15071888943976203,0.08155676747645017,0.14080317302925136,0.11675756073376302,0.15964303420922163,0.15195835399107585,0.11626177491323748,0.16955875061973227,0.11527020327218641,0.07932573128408528,0.09643034209221617,0.10758552305404065,1.0,0.10411502231036192,0.10138820029747149,0.10510659395141299,0.10411502231036192,0.10411502231036192,0.07213683688646505,0.11254338125929599,0.10411502231036192,0.11527020327218641,0.10634605850272683,0.09717402082300446
SKACTIVEML_US_ENTROPY,0.09940505701536936,0.1499752107089737,0.08701041150223103,0.09816559246405553,0.25359444719881014,0.2226078334159643,0.03470500743678731,0.052553296975706494,0.23326722855726326,0.2345066931085771,0.20475954387704512,0.15592464055528013,0.15691621219633117,0.1938522558254834,0.0909766980664353,0.20277640059494298,0.1028755577590481,0.20153693604362916,0.1908775409023302,0.11675756073376302,0.18815071888943977,0.10981655924640556,0.08701041150223103,0.05007436787307883,0.10138820029747149,0.10411502231036192,1.0,0.5880019831432821,0.566931085770947,0.2107089737233515,0.06122954883490332,0.07288051561725335,0.08998512642538424,0.23500247892910262,0.10510659395141299,0.26524541398116014,0.10138820029747149
SKACTIVEML_US_LC,0.11080813088745661,0.15121467526028756,0.09295984134853744,0.09816559246405553,0.2778879524045612,0.2374814080317303,0.035448686167575606,0.051065939514129896,0.21095686663361427,0.24938026772434307,0.21715418939018344,0.17055032226078334,0.17203767972235995,0.2072384729796728,0.08899355478433317,0.21839365394149726,0.10609816559246406,0.22682201289043133,0.20252850768468023,0.11750123946455131,0.1856717897868121,0.10956866633614279,0.0954387704511651,0.05577590480912246,0.10956866633614279,0.10138820029747149,0.5880019831432821,1.0,0.5716410510659395,0.22954883490332176,0.06122954883490332,0.07188894397620228,0.0917203767972236,0.26152702032721864,0.11105602379771938,0.23723351512146754,0.10039662865642042
SKACTIVEML_US_MARGIN,0.09940505701536936,0.14774417451660882,0.08676251859196826,0.10163609320773426,0.24938026772434307,0.2667327714427367,0.040406544372830935,0.0466038671294001,0.1871591472483887,0.2188894397620228,0.25012394645513136,0.16881507188894398,0.17674764501735252,0.21641051065939515,0.08899355478433317,0.221864154685176,0.1036192364898364,0.21690629647992068,0.20996529499256322,0.11650966782350025,0.1834407535944472,0.10758552305404065,0.08775409023301933,0.058254833911750126,0.11229548834903322,0.10510659395141299,0.566931085770947,0.5716410510659395,1.0,0.2580565195835399,0.05453644025780863,0.07288051561725335,0.08750619732275657,0.21789786812097173,0.10609816559246406,0.2072384729796728,0.10237977193852256
SMALLTEXT_BREAKINGTIES,0.10733763014377788,0.14724838869608328,0.09048091224590976,0.1036192364898364,0.26524541398116014,0.3415964303420922,0.036936043629152204,0.04908279623202776,0.2389687654933069,0.25731284085275163,0.300446207238473,0.17798710956866634,0.17699553792761527,0.2300446207238473,0.0932077342588002,0.2233515121467526,0.10262766484878533,0.27491323748140806,0.24590976698066436,0.11378284581060982,0.18963807635101637,0.10733763014377788,0.0894893406048587,0.05552801189885969,0.10237977193852256,0.10411502231036192,0.2107089737233515,0.22954883490332176,0.2580565195835399,1.0,0.05007436787307883,0.07312840852751612,0.10014873574615767,0.5639563708477937,0.11056023797719385,0.5523054040654437,0.10237977193852256
SMALLTEXT_CONTRASTIVEAL,0.08453148239960337,0.08378780366881507,0.06742687159147248,0.06717897868120971,0.053792761527020325,0.05404065443728309,0.07263262270699058,0.10262766484878533,0.06569162121963312,0.05577590480912246,0.050322260783341594,0.06023797719385226,0.060981655924640554,0.06370847793753098,0.06445215666831929,0.06246901338621715,0.0880019831432821,0.054784333168071395,0.05676747645017353,0.07907783837382251,0.07238472979672782,0.0857709469509172,0.06866633614278632,0.08477937530986614,0.07610312345066932,0.10411502231036192,0.06122954883490332,0.06122954883490332,0.05453644025780863,0.05007436787307883,1.0,0.08899355478433317,0.10014873574615767,0.05528011898859692,0.0880019831432821,0.051065939514129896,0.06544372830937036
SMALLTEXT_EMBEDDINGKMEANS,0.11080813088745661,0.0909766980664353,0.11799702528507684,0.1648487853247397,0.07585523054040655,0.07783837382250867,0.10585027268220129,0.0835399107585523,0.06693108577094695,0.06841844323252355,0.06122954883490332,0.1338621715418939,0.1331184928111056,0.0887456618740704,0.1212196331184928,0.09370352007932573,0.11527020327218641,0.0813088745661874,0.10956866633614279,0.16460089241447695,0.09593455627169063,0.14154685176003967,0.08899355478433317,0.10337134357957363,0.18517600396628656,0.07213683688646505,0.07288051561725335,0.07188894397620228,0.07288051561725335,0.07312840852751612,0.08899355478433317,1.0,0.13063956370847793,0.07486365889935548,0.16584035696579078,0.07064947942488845,0.16063460585027267
SMALLTEXT_GREEDYCORESET,0.21393158155676748,0.12667327714427368,0.14724838869608328,0.1663361427863163,0.10089241447694595,0.09866137828458106,0.05751115518096182,0.10138820029747149,0.09444719881011403,0.09742191373326722,0.09271194843827467,0.13485374318294496,0.12840852751611304,0.1065939514129896,0.14749628160634606,0.10857709469509172,0.21690629647992068,0.10138820029747149,0.11452652454139811,0.1670798215171046,0.1264253842340109,0.15964303420922163,0.09890927119484383,0.0857709469509172,0.17848289538919188,0.11254338125929599,0.08998512642538424,0.0917203767972236,0.08750619732275657,0.10014873574615767,0.10014873574615767,0.13063956370847793,1.0,0.09766980664352999,0.18170550322260784,0.09742191373326722,0.16980664352999505
SMALLTEXT_LEASTCONFIDENCE,0.10064452156668319,0.15245413981160139,0.08081308874566187,0.09766980664352999,0.3448190381755082,0.26450173525037185,0.03247397124442241,0.05205751115518096,0.26103123450669313,0.29697570649479427,0.26375805651958356,0.16931085770946952,0.18071393158155677,0.2226078334159643,0.08924144769459594,0.2255825483391175,0.10436291522062469,0.2411998016856718,0.2270699058006941,0.10733763014377788,0.18468021814576102,0.10386712940009915,0.08601883986117997,0.057263262270699056,0.10213187902825979,0.10411502231036192,0.23500247892910262,0.26152702032721864,0.21789786812097173,0.5639563708477937,0.05528011898859692,0.07486365889935548,0.09766980664352999,1.0,0.10585027268220129,0.5907288051561725,0.09965294992563213
SMALLTEXT_LIGHTWEIGHTCORESET,0.13262270699058007,0.12518591968269707,0.17327714427367377,0.23128408527516114,0.11279127416955875,0.11303916707982152,0.054784333168071395,0.0917203767972236,0.10461080813088745,0.10237977193852256,0.10882498760535449,0.18393653941497273,0.17327714427367377,0.14328210213187903,0.18145761031234506,0.14005949429846307,0.13138324243926625,0.12518591968269707,0.16187407040158652,0.23723351512146754,0.15121467526028756,0.2166584035696579,0.10981655924640556,0.11650966782350025,0.24169558750619732,0.11527020327218641,0.10510659395141299,0.11105602379771938,0.10609816559246406,0.11056023797719385,0.0880019831432821,0.16584035696579078,0.18170550322260784,0.10585027268220129,1.0,0.10485870104115022,0.23723351512146754
SMALLTEXT_PREDICTIONENTROPY,0.0999008428358949,0.1502231036192365,0.07957362419434805,0.10064452156668319,0.2935052057511155,0.2530986613782846,0.03619236489836391,0.04462072384729797,0.2900347050074368,0.2751611303916708,0.24913237481408032,0.1576598909271195,0.16360932077342588,0.2092216162617749,0.08279623202776401,0.21120475954387705,0.09965294992563213,0.23599405057015369,0.21244422409519087,0.10981655924640556,0.18740704015865145,0.10535448686167576,0.08477937530986614,0.052553296975706494,0.10163609320773426,0.10634605850272683,0.26524541398116014,0.23723351512146754,0.2072384729796728,0.5523054040654437,0.051065939514129896,0.07064947942488845,0.09742191373326722,0.5907288051561725,0.10485870104115022,1.0,0.09295984134853744
SMALLTEXT_RANDOM,0.14080317302925136,0.11427863163113534,0.17426871591472484,0.6633614278631631,0.1028755577590481,0.10535448686167576,0.05775904809122459,0.08973723351512147,0.08998512642538424,0.09717402082300446,0.09667823500247893,0.18815071888943977,0.18616757560733763,0.1360932077342588,0.18096182449181952,0.1412989588497769,0.13708477937530986,0.11849281110560238,0.15567674764501735,0.24739712444224096,0.14005949429846307,0.20153693604362916,0.0946950917203768,0.11254338125929599,0.2508676251859197,0.09717402082300446,0.10138820029747149,0.10039662865642042,0.10237977193852256,0.10237977193852256,0.06544372830937036,0.16063460585027267,0.16980664352999505,0.09965294992563213,0.23723351512146754,0.09295984134853744,1.0
