,ALIPY_CORESET_GREEDY,ALIPY_DENSITY_WEIGHTED,ALIPY_GRAPH_DENSITY,ALIPY_RANDOM,ALIPY_UNCERTAINTY_LC,ALIPY_UNCERTAINTY_MM,LIBACT_DWUS,LIBACT_QUIRE,LIBACT_UNCERTAINTY_ENT,LIBACT_UNCERTAINTY_LC,LIBACT_UNCERTAINTY_SM,OPTIMAL_GREEDY_10,OPTIMAL_GREEDY_20,PLAYGROUND_BANDIT,PLAYGROUND_GRAPH_DENSITY,PLAYGROUND_INFORMATIVE_DIVERSE,PLAYGROUND_KCENTER_GREEDY,PLAYGROUND_MARGIN,PLAYGROUND_MIXTURE,PLAYGROUND_UNIFORM,SKACTIVEML_COST_EMBEDDING,SKACTIVEML_DAL,SKACTIVEML_DWUS,SKACTIVEML_QBC,SKACTIVEML_QBC_VOTE_ENTROPY,SKACTIVEML_QUIRE,SKACTIVEML_US_ENTROPY,SKACTIVEML_US_LC,SKACTIVEML_US_MARGIN,SMALLTEXT_BREAKINGTIES,SMALLTEXT_CONTRASTIVEAL,SMALLTEXT_EMBEDDINGKMEANS,SMALLTEXT_GREEDYCORESET,SMALLTEXT_LEASTCONFIDENCE,SMALLTEXT_LIGHTWEIGHTCORESET,SMALLTEXT_PREDICTIONENTROPY,SMALLTEXT_RANDOM
ALIPY_CORESET_GREEDY,4034,497,607,601,427,444,191,330,349,383,400,793,760,574,596,549,2699,480,642,627,529,637,355,309,618,451,390,437,404,387,331,397,856,380,568,390,589
ALIPY_DENSITY_WEIGHTED,497,4034,385,457,610,594,206,365,505,546,515,459,482,572,392,561,515,562,538,442,638,478,470,256,467,529,583,560,561,524,276,317,440,569,499,565,459
ALIPY_GRAPH_DENSITY,607,385,4034,782,406,455,239,183,355,340,362,644,588,537,2748,545,606,490,624,885,534,698,446,401,931,313,345,393,383,401,214,468,650,390,764,366,782
ALIPY_RANDOM,601,457,782,4034,466,499,244,328,405,414,442,799,748,612,790,653,601,519,683,1101,614,919,439,452,1122,402,418,435,444,463,264,699,691,456,1018,424,2697
ALIPY_UNCERTAINTY_LC,427,610,406,466,4034,2366,144,154,919,1051,950,675,669,1061,405,978,418,1144,1052,532,817,521,419,264,476,455,1038,1234,1051,1123,209,310,400,1421,465,1210,487
ALIPY_UNCERTAINTY_MM,444,594,455,499,2366,4034,178,162,847,936,1082,746,736,1100,441,1022,446,1266,1092,570,793,547,418,297,506,442,977,1001,1157,1430,205,324,403,1143,490,1038,492
LIBACT_DWUS,191,206,239,244,144,178,4034,291,152,123,161,122,127,152,240,139,193,161,154,254,174,252,372,315,296,249,154,142,174,159,308,476,193,142,255,164,211
LIBACT_QUIRE,330,365,183,328,154,162,291,4034,134,149,152,193,209,189,193,175,325,184,203,294,239,340,205,353,349,441,155,137,137,152,377,333,335,160,354,158,340
LIBACT_UNCERTAINTY_ENT,349,505,355,405,919,847,152,134,4034,2398,2275,576,601,724,353,816,350,765,725,516,683,481,399,227,425,421,1004,915,801,1055,245,279,375,1140,486,1266,409
LIBACT_UNCERTAINTY_LC,383,546,340,414,1051,936,123,149,2398,4034,2352,626,624,831,350,918,383,845,805,483,708,445,385,222,454,385,965,1056,889,1116,201,285,372,1316,466,1170,408
LIBACT_UNCERTAINTY_SM,400,515,362,442,950,1082,161,152,2275,2352,4034,671,680,860,397,944,397,876,835,506,738,472,404,264,493,393,839,952,1062,1314,180,295,379,1164,496,1102,442
OPTIMAL_GREEDY_10,793,459,644,799,675,746,122,193,576,626,671,4034,2417,1069,680,1154,796,1004,1295,919,801,799,344,408,880,534,675,710,733,764,214,562,490,709,825,653,793
OPTIMAL_GREEDY_20,760,482,588,748,669,736,127,209,601,624,680,2417,4034,1068,644,1153,745,988,1303,909,762,762,320,390,854,563,677,747,773,720,230,531,443,705,805,662,789
PLAYGROUND_BANDIT,574,572,537,612,1061,1100,152,189,724,831,860,1069,1068,4034,546,1792,563,2162,1923,663,1151,622,375,340,630,618,846,875,938,1017,211,359,447,972,611,939,614
PLAYGROUND_GRAPH_DENSITY,596,392,2748,790,405,441,240,193,353,350,397,680,644,546,4034,569,609,488,630,875,552,725,447,416,956,349,377,398,401,411,213,495,645,423,779,393,804
PLAYGROUND_INFORMATIVE_DIVERSE,549,561,545,653,978,1022,139,175,816,918,944,1154,1153,1792,569,4034,579,1810,1788,703,1045,625,365,357,681,560,894,961,984,950,197,414,430,949,639,923,647
PLAYGROUND_KCENTER_GREEDY,2699,515,606,601,418,446,193,325,350,383,397,796,745,563,609,579,4034,472,626,640,536,624,361,325,608,483,417,439,401,402,331,394,873,387,584,393,622
PLAYGROUND_MARGIN,480,562,490,519,1144,1266,161,184,765,845,876,1004,988,2162,488,1810,472,4034,2098,603,1150,542,381,318,593,603,857,906,942,1167,189,339,373,1068,555,1038,556
PLAYGROUND_MIXTURE,642,538,624,683,1052,1092,154,203,725,805,835,1295,1303,1923,630,1788,626,2098,4034,799,1057,644,351,342,741,580,802,838,912,1044,205,438,447,977,754,924,698
PLAYGROUND_UNIFORM,627,442,885,1101,532,570,254,294,516,483,506,919,909,663,875,703,640,603,799,4034,668,995,438,527,1219,475,475,492,525,512,333,728,681,475,1094,471,1112
SKACTIVEML_COST_EMBEDDING,529,638,534,614,817,793,174,239,683,708,738,801,762,1151,552,1045,536,1150,1057,668,4034,644,424,373,697,671,806,758,770,768,259,387,509,758,680,769,604
SKACTIVEML_DAL,637,478,698,919,521,547,252,340,481,445,472,799,762,622,725,625,624,542,644,995,644,4034,431,472,1024,483,484,463,499,489,326,602,642,466,944,480,915
SKACTIVEML_DWUS,355,470,446,439,419,418,372,205,399,385,404,344,320,375,447,365,361,381,351,438,424,431,4034,359,477,332,392,396,386,389,241,407,345,389,475,361,439
SKACTIVEML_QBC,309,256,401,452,264,297,315,353,227,222,264,408,390,340,416,357,325,318,342,527,373,472,359,4034,526,386,236,268,253,256,327,519,329,246,508,233,463
SKACTIVEML_QBC_VOTE_ENTROPY,618,467,931,1122,476,506,296,349,425,454,493,880,854,630,956,681,608,593,741,1219,697,1024,477,526,4034,422,454,455,499,476,286,762,702,474,1153,437,1148
SKACTIVEML_QUIRE,451,529,313,402,455,442,249,441,421,385,393,534,563,618,349,560,483,603,580,475,671,483,332,386,422,4034,421,434,452,429,382,276,447,438,490,443,421
SKACTIVEML_US_ENTROPY,390,583,345,418,1038,977,154,155,1004,965,839,675,677,846,377,894,417,857,802,475,806,484,392,236,454,421,4034,2415,2338,884,242,278,397,999,501,1097,433
SKACTIVEML_US_LC,437,560,393,435,1234,1001,142,137,915,1056,952,710,747,875,398,961,439,906,838,492,758,463,396,268,455,434,2415,4034,2373,942,221,293,364,1131,479,1018,423
SKACTIVEML_US_MARGIN,404,561,383,444,1051,1157,174,137,801,889,1062,733,773,938,401,984,401,942,912,525,770,499,386,253,499,452,2338,2373,4034,1105,187,301,379,942,467,902,458
SMALLTEXT_BREAKINGTIES,387,524,401,463,1123,1430,159,152,1055,1116,1314,764,720,1017,411,950,402,1167,1044,512,768,489,389,256,476,429,884,942,1105,4034,189,299,365,2354,469,2236,466
SMALLTEXT_CONTRASTIVEAL,331,276,214,264,209,205,308,377,245,201,180,214,230,211,213,197,331,189,205,333,259,326,241,327,286,382,242,221,187,189,4034,357,378,209,327,203,289
SMALLTEXT_EMBEDDINGKMEANS,397,317,468,699,310,324,476,333,279,285,295,562,531,359,495,414,394,339,438,728,387,602,407,519,762,276,278,293,301,299,357,4034,498,302,762,283,693
SMALLTEXT_GREEDYCORESET,856,440,650,691,400,403,193,335,375,372,379,490,443,447,645,430,873,373,447,681,509,642,345,329,702,447,397,364,379,365,378,498,4034,363,747,393,674
SMALLTEXT_LEASTCONFIDENCE,380,569,390,456,1421,1143,142,160,1140,1316,1164,709,705,972,423,949,387,1068,977,475,758,466,389,246,474,438,999,1131,942,2354,209,302,363,4034,460,2437,460
SMALLTEXT_LIGHTWEIGHTCORESET,568,499,764,1018,465,490,255,354,486,466,496,825,805,611,779,639,584,555,754,1094,680,944,475,508,1153,490,501,479,467,469,327,762,747,460,4034,470,1046
SMALLTEXT_PREDICTIONENTROPY,390,565,366,424,1210,1038,164,158,1266,1170,1102,653,662,939,393,923,393,1038,924,471,769,480,361,233,437,443,1097,1018,902,2236,203,283,393,2437,470,4034,416
SMALLTEXT_RANDOM,589,459,782,2697,487,492,211,340,409,408,442,793,789,614,804,647,622,556,698,1112,604,915,439,463,1148,421,433,423,458,466,289,693,674,460,1046,416,4034
