,ALIPY_CORESET_GREEDY,ALIPY_DENSITY_WEIGHTED,ALIPY_GRAPH_DENSITY,ALIPY_RANDOM,ALIPY_UNCERTAINTY_LC,ALIPY_UNCERTAINTY_MM,LIBACT_DWUS,LIBACT_QUIRE,LIBACT_UNCERTAINTY_ENT,LIBACT_UNCERTAINTY_LC,LIBACT_UNCERTAINTY_SM,OPTIMAL_GREEDY_10,OPTIMAL_GREEDY_20,PLAYGROUND_BANDIT,PLAYGROUND_GRAPH_DENSITY,PLAYGROUND_INFORMATIVE_DIVERSE,PLAYGROUND_KCENTER_GREEDY,PLAYGROUND_MARGIN,PLAYGROUND_MIXTURE,PLAYGROUND_UNIFORM,SKACTIVEML_COST_EMBEDDING,SKACTIVEML_DAL,SKACTIVEML_DWUS,SKACTIVEML_QBC,SKACTIVEML_QBC_VOTE_ENTROPY,SKACTIVEML_QUIRE,SKACTIVEML_US_ENTROPY,SKACTIVEML_US_LC,SKACTIVEML_US_MARGIN,SMALLTEXT_BREAKINGTIES,SMALLTEXT_CONTRASTIVEAL,SMALLTEXT_EMBEDDINGKMEANS,SMALLTEXT_GREEDYCORESET,SMALLTEXT_LEASTCONFIDENCE,SMALLTEXT_LIGHTWEIGHTCORESET,SMALLTEXT_PREDICTIONENTROPY,SMALLTEXT_RANDOM
ALIPY_CORESET_GREEDY,1.0,0.0768468021814576,0.0473475458601884,0.0458601883986118,0.0532969757064948,0.046355974219137334,0.05999008428358949,0.07635101636093208,0.031234506693108576,0.03247397124442241,0.03173029251363411,0.07238472979672782,0.07164105106593951,0.056023797719385225,0.0466038671294001,0.056023797719385225,0.9853743182944967,0.04685176003966286,0.053792761527020325,0.06767476450173525,0.06817055032226078,0.07238472979672782,0.06792265741199802,0.07139315815567675,0.07040158651462568,0.06742687159147248,0.03371343579573624,0.03247397124442241,0.03148239960337134,0.030738720872583045,0.06494794248884482,0.07833415964303421,0.09519087754090233,0.03346554288547347,0.07337630143777887,0.03991075855230541,0.04561229548834903
ALIPY_DENSITY_WEIGHTED,0.0768468021814576,1.0,0.06693108577094695,0.05800694100148736,0.13733267228557264,0.13559742191373328,0.1700545364402578,0.17724343083787802,0.08626673277144274,0.08973723351512147,0.08304412493802678,0.1663361427863163,0.16435299950421417,0.18294496777392166,0.06767476450173525,0.20029747149231533,0.07783837382250867,0.15344571145265246,0.1591472483886961,0.17253346554288548,0.19955379276152702,0.18071393158155677,0.20376797223599405,0.16807139315815567,0.17178978681209717,0.20847793753098662,0.08924144769459594,0.08651462568170551,0.08527516113039167,0.0857709469509172,0.17873078829945463,0.16831928606841845,0.17922657411998016,0.08453148239960337,0.1628656420426376,0.09568666336142786,0.058254833911750126
ALIPY_GRAPH_DENSITY,0.0473475458601884,0.06693108577094695,1.0,0.05552801189885969,0.051313832424392664,0.05007436787307883,0.08651462568170551,0.06965790778383739,0.03371343579573624,0.029747149231531978,0.03173029251363411,0.0813088745661874,0.07858205255329698,0.06048587010411502,0.9938026772434309,0.06246901338621715,0.052553296975706494,0.05304908279623203,0.05627169062964799,0.08601883986117997,0.07040158651462568,0.07957362419434805,0.06990580069410014,0.07709469509172037,0.07982151710461081,0.07139315815567675,0.032969757064947945,0.03173029251363411,0.031234506693108576,0.03371343579573624,0.06792265741199802,0.0842835894893406,0.0850272682201289,0.033217649975210706,0.07759048091224591,0.034209221616261776,0.0532969757064948
ALIPY_RANDOM,0.0458601883986118,0.05800694100148736,0.05552801189885969,1.0,0.04709965294992563,0.04908279623202776,0.06866633614278632,0.05999008428358949,0.03718393653941497,0.036440257808626676,0.0384234010907288,0.08155676747645017,0.07560733763014378,0.06048587010411502,0.05701536936043629,0.06147744174516609,0.05404065443728309,0.05081804660386713,0.05280118988596926,0.08329201784828955,0.07164105106593951,0.07535944471988101,0.07734258800198314,0.08106098165592464,0.0850272682201289,0.05577590480912246,0.03495290034705007,0.035448686167575606,0.041398116013882005,0.02949925632126921,0.06445215666831929,0.08552305404065444,0.07288051561725335,0.02825979176995538,0.07858205255329698,0.029995042141794746,0.9952900347050074
ALIPY_UNCERTAINTY_LC,0.0532969757064948,0.13733267228557264,0.051313832424392664,0.04709965294992563,1.0,0.7362419434804165,0.08329201784828955,0.08626673277144274,0.09866137828458106,0.11601388200297472,0.0946950917203768,0.08849776896380764,0.09568666336142786,0.1212196331184928,0.054784333168071395,0.12543381259295985,0.06122954883490332,0.17104610808130888,0.12816063460585028,0.10064452156668319,0.12394645513138325,0.09419930589985126,0.11700545364402579,0.07907783837382251,0.0894893406048587,0.10981655924640556,0.10064452156668319,0.11675756073376302,0.10064452156668319,0.14080317302925136,0.08775409023301933,0.09048091224590976,0.0991571641051066,0.2255825483391175,0.09271194843827467,0.1517104610808131,0.0443728309370352
ALIPY_UNCERTAINTY_MM,0.046355974219137334,0.13559742191373328,0.05007436787307883,0.04908279623202776,0.7362419434804165,1.0,0.090233019335647,0.08254833911750124,0.0857709469509172,0.08676251859196826,0.10312345066931086,0.09295984134853744,0.09816559246405553,0.12617749132374814,0.05304908279623203,0.12518591968269707,0.05552801189885969,0.20748636588993555,0.14476945959345563,0.0961824491819534,0.11923648983639068,0.09890927119484383,0.11725334655428855,0.07932573128408528,0.09419930589985126,0.10708973723351513,0.090233019335647,0.09766980664352999,0.11452652454139811,0.22607833415964304,0.08924144769459594,0.09519087754090233,0.0991571641051066,0.14080317302925136,0.0894893406048587,0.1338621715418939,0.04610808130887457
LIBACT_DWUS,0.05999008428358949,0.1700545364402578,0.08651462568170551,0.06866633614278632,0.08329201784828955,0.090233019335647,1.0,0.17402082300446206,0.05800694100148736,0.05428854734754586,0.05800694100148736,0.18691125433812594,0.18443232523549827,0.14551313832424392,0.08824987605354487,0.13931581556767478,0.06668319286068418,0.12047595438770452,0.12444224095190877,0.18815071888943977,0.17402082300446206,0.1923648983639068,0.20302429350520576,0.18591968269707487,0.18963807635101637,0.17550818046603867,0.062221120475954385,0.05676747645017353,0.057263262270699056,0.05577590480912246,0.19509172037679723,0.2114526524541398,0.18096182449181952,0.046355974219137334,0.17674764501735252,0.05230540406544373,0.06643529995042141
LIBACT_QUIRE,0.07635101636093208,0.17724343083787802,0.06965790778383739,0.05999008428358949,0.08626673277144274,0.08254833911750124,0.17402082300446206,1.0,0.05304908279623203,0.052553296975706494,0.05528011898859692,0.17550818046603867,0.1834407535944472,0.13956370847793753,0.07089737233515121,0.12692117005453643,0.07957362419434805,0.0999008428358949,0.12022806147744175,0.18889439762022806,0.15840356965790778,0.17699553792761527,0.1722855726326227,0.18319286068418444,0.1752602875557759,0.18071393158155677,0.04685176003966286,0.046355974219137334,0.044124938026772434,0.0458601883986118,0.20128904313336637,0.19162121963311848,0.19484382746653445,0.04784333168071393,0.16807139315815567,0.048834903321764996,0.059742191373326724
LIBACT_UNCERTAINTY_ENT,0.031234506693108576,0.08626673277144274,0.03371343579573624,0.03718393653941497,0.09866137828458106,0.0857709469509172,0.05800694100148736,0.05304908279623203,1.0,0.7615270203272186,0.7429350520575112,0.07040158651462568,0.06544372830937036,0.08750619732275657,0.03767972235994051,0.0924640555280119,0.041398116013882005,0.07882994546355974,0.07635101636093208,0.07635101636093208,0.08973723351512147,0.07461576598909271,0.08601883986117997,0.07139315815567675,0.06792265741199802,0.07560733763014378,0.11700545364402579,0.1036192364898364,0.08651462568170551,0.08378780366881507,0.06990580069410014,0.06891422905304909,0.07957362419434805,0.09147248388696083,0.06965790778383739,0.11849281110560238,0.03371343579573624
LIBACT_UNCERTAINTY_LC,0.03247397124442241,0.08973723351512147,0.029747149231531978,0.036440257808626676,0.11601388200297472,0.08676251859196826,0.05428854734754586,0.052553296975706494,0.7615270203272186,1.0,0.7600396628656421,0.07040158651462568,0.07114526524541398,0.09395141298958849,0.033217649975210706,0.0999008428358949,0.04164600892414477,0.07610312345066932,0.08006941001487357,0.06445215666831929,0.0887456618740704,0.07461576598909271,0.08601883986117997,0.05924640555280119,0.06172533465542886,0.07511155180961825,0.1065939514129896,0.11898859692612791,0.0999008428358949,0.08849776896380764,0.06370847793753098,0.07263262270699058,0.07337630143777887,0.10783341596430342,0.07263262270699058,0.10312345066931086,0.033217649975210706
LIBACT_UNCERTAINTY_SM,0.03173029251363411,0.08304412493802678,0.03173029251363411,0.0384234010907288,0.0946950917203768,0.10312345066931086,0.05800694100148736,0.05528011898859692,0.7429350520575112,0.7600396628656421,1.0,0.07387208725830441,0.07164105106593951,0.09643034209221617,0.035696579077838374,0.09519087754090233,0.040406544372830935,0.08453148239960337,0.08205255329697571,0.07238472979672782,0.0932077342588002,0.07362419434804164,0.09048091224590976,0.06048587010411502,0.06792265741199802,0.07734258800198314,0.09667823500247893,0.10064452156668319,0.11378284581060982,0.10461080813088745,0.06668319286068418,0.07659890927119484,0.07337630143777887,0.0932077342588002,0.07164105106593951,0.09816559246405553,0.035448686167575606
OPTIMAL_GREEDY_10,0.07238472979672782,0.1663361427863163,0.0813088745661874,0.08155676747645017,0.08849776896380764,0.09295984134853744,0.18691125433812594,0.17550818046603867,0.07040158651462568,0.07040158651462568,0.07387208725830441,1.0,0.22880515617253347,0.16732771442736738,0.08527516113039167,0.15493306891422906,0.08279623202776401,0.12146752602875557,0.13237481408031732,0.2114526524541398,0.18790282597917699,0.20699058006941,0.19955379276152702,0.1960832920178483,0.21641051065939515,0.17873078829945463,0.06990580069410014,0.06916212196331185,0.06891422905304909,0.06321269211700545,0.1722855726326227,0.19881011403073873,0.19930589985126426,0.0532969757064948,0.1960832920178483,0.05850272682201289,0.07907783837382251
OPTIMAL_GREEDY_20,0.07164105106593951,0.16435299950421417,0.07858205255329698,0.07560733763014378,0.09568666336142786,0.09816559246405553,0.18443232523549827,0.1834407535944472,0.06544372830937036,0.07114526524541398,0.07164105106593951,0.22880515617253347,1.0,0.15493306891422906,0.08230044620723848,0.15790778383738224,0.08205255329697571,0.11700545364402579,0.124194348041646,0.20847793753098662,0.1906296479920674,0.19732275656916212,0.1923648983639068,0.19657907783837383,0.20327218641546851,0.17476450173525038,0.061973227565691624,0.06792265741199802,0.06593951412989589,0.06048587010411502,0.18145761031234506,0.20401586514625683,0.19533961328705998,0.05676747645017353,0.19707486365889937,0.05999008428358949,0.07213683688646505
PLAYGROUND_BANDIT,0.056023797719385225,0.18294496777392166,0.06048587010411502,0.06048587010411502,0.1212196331184928,0.12617749132374814,0.14551313832424392,0.13956370847793753,0.08750619732275657,0.09395141298958849,0.09643034209221617,0.16732771442736738,0.15493306891422906,1.0,0.06470004957858205,0.3594447198810114,0.06717897868120971,0.36514625681705504,0.32796232027764005,0.1502231036192365,0.2035200793257313,0.16534457114526524,0.1797223599405057,0.15617253346554288,0.15642042637580567,0.16435299950421417,0.0909766980664353,0.09866137828458106,0.09643034209221617,0.08230044620723848,0.14452156668319285,0.15443728309370353,0.15493306891422906,0.090233019335647,0.14452156668319285,0.08329201784828955,0.05775904809122459
PLAYGROUND_GRAPH_DENSITY,0.0466038671294001,0.06767476450173525,0.9938026772434309,0.05701536936043629,0.054784333168071395,0.05304908279623203,0.08824987605354487,0.07089737233515121,0.03767972235994051,0.033217649975210706,0.035696579077838374,0.08527516113039167,0.08230044620723848,0.06470004957858205,1.0,0.06668319286068418,0.05701536936043629,0.05676747645017353,0.06048587010411502,0.090233019335647,0.07362419434804164,0.0835399107585523,0.07312840852751612,0.07907783837382251,0.08329201784828955,0.07411998016856718,0.036440257808626676,0.035696579077838374,0.03495290034705007,0.036936043629152204,0.06866633614278632,0.08775409023301933,0.08973723351512147,0.035696579077838374,0.08031730292513634,0.03668815071888944,0.05453644025780863
PLAYGROUND_INFORMATIVE_DIVERSE,0.056023797719385225,0.20029747149231533,0.06246901338621715,0.06147744174516609,0.12543381259295985,0.12518591968269707,0.13931581556767478,0.12692117005453643,0.0924640555280119,0.0999008428358949,0.09519087754090233,0.15493306891422906,0.15790778383738224,0.3594447198810114,0.06668319286068418,1.0,0.06593951412989589,0.3334159643034209,0.31556767476450176,0.1588993554784333,0.19881011403073873,0.15790778383738224,0.17873078829945463,0.14600892414476946,0.14898363906792267,0.16757560733763013,0.090233019335647,0.09965294992563213,0.09643034209221617,0.08701041150223103,0.1499752107089737,0.1479920674268716,0.14972731779871096,0.0850272682201289,0.15220624690133863,0.08701041150223103,0.05850272682201289
PLAYGROUND_KCENTER_GREEDY,0.9853743182944967,0.07783837382250867,0.052553296975706494,0.05404065443728309,0.06122954883490332,0.05552801189885969,0.06668319286068418,0.07957362419434805,0.041398116013882005,0.04164600892414477,0.040406544372830935,0.08279623202776401,0.08205255329697571,0.06717897868120971,0.05701536936043629,0.06593951412989589,1.0,0.057263262270699056,0.06519583539910759,0.07659890927119484,0.07759048091224591,0.08205255329697571,0.07659890927119484,0.07882994546355974,0.07957362419434805,0.07411998016856718,0.04238968765493307,0.042637580565195836,0.03966286564204264,0.03941497273177987,0.06841844323252355,0.08824987605354487,0.1065939514129896,0.04015865146256817,0.07759048091224591,0.0458601883986118,0.051313832424392664
PLAYGROUND_MARGIN,0.04685176003966286,0.15344571145265246,0.05304908279623203,0.05081804660386713,0.17104610808130888,0.20748636588993555,0.12047595438770452,0.0999008428358949,0.07882994546355974,0.07610312345066932,0.08453148239960337,0.12146752602875557,0.11700545364402579,0.36514625681705504,0.05676747645017353,0.3334159643034209,0.057263262270699056,1.0,0.48413485374318294,0.12022806147744175,0.16683192860684184,0.12072384729796728,0.1405552801189886,0.10758552305404065,0.12444224095190877,0.14749628160634606,0.08775409023301933,0.0924640555280119,0.08924144769459594,0.16732771442736738,0.11824491819533961,0.10585027268220129,0.124194348041646,0.1346058502726822,0.10907288051561725,0.12890431333663857,0.04833911750123947
PLAYGROUND_MIXTURE,0.053792761527020325,0.1591472483886961,0.05627169062964799,0.05280118988596926,0.12816063460585028,0.14476945959345563,0.12444224095190877,0.12022806147744175,0.07635101636093208,0.08006941001487357,0.08205255329697571,0.13237481408031732,0.124194348041646,0.32796232027764005,0.06048587010411502,0.31556767476450176,0.06519583539910759,0.48413485374318294,1.0,0.13187902825979178,0.16063460585027267,0.13287059990084282,0.14253842340109074,0.11650966782350025,0.1301437778879524,0.15047099652949925,0.07808626673277144,0.08155676747645017,0.08403569657907783,0.11229548834903322,0.1264253842340109,0.11675756073376302,0.13063956370847793,0.090233019335647,0.1256817055032226,0.08775409023301933,0.050322260783341594
PLAYGROUND_UNIFORM,0.06767476450173525,0.17253346554288548,0.08601883986117997,0.08329201784828955,0.10064452156668319,0.0961824491819534,0.18815071888943977,0.18889439762022806,0.07635101636093208,0.06445215666831929,0.07238472979672782,0.2114526524541398,0.20847793753098662,0.1502231036192365,0.090233019335647,0.1588993554784333,0.07659890927119484,0.12022806147744175,0.13187902825979178,1.0,0.19038175508180466,0.20823004462072384,0.1923648983639068,0.20054536440257809,0.2055032226078334,0.18666336142786316,0.06891422905304909,0.06593951412989589,0.07387208725830441,0.06073376301437779,0.20525532969757065,0.19856222112047595,0.18517600396628656,0.059742191373326724,0.19657907783837383,0.06569162121963312,0.0805651958353991
SKACTIVEML_COST_EMBEDDING,0.06817055032226078,0.19955379276152702,0.07040158651462568,0.07164105106593951,0.12394645513138325,0.11923648983639068,0.17402082300446206,0.15840356965790778,0.08973723351512147,0.0887456618740704,0.0932077342588002,0.18790282597917699,0.1906296479920674,0.2035200793257313,0.07362419434804164,0.19881011403073873,0.07759048091224591,0.16683192860684184,0.16063460585027267,0.19038175508180466,1.0,0.19137332672285573,0.20674268715914726,0.18691125433812594,0.1834407535944472,0.19583539910758552,0.08676251859196826,0.0932077342588002,0.09271194843827467,0.0805651958353991,0.17575607337630145,0.1886465047099653,0.19137332672285573,0.08378780366881507,0.1782350024789291,0.08775409023301933,0.06916212196331185
SKACTIVEML_DAL,0.07238472979672782,0.18071393158155677,0.07957362419434805,0.07535944471988101,0.09419930589985126,0.09890927119484383,0.1923648983639068,0.17699553792761527,0.07461576598909271,0.07461576598909271,0.07362419434804164,0.20699058006941,0.19732275656916212,0.16534457114526524,0.0835399107585523,0.15790778383738224,0.08205255329697571,0.12072384729796728,0.13287059990084282,0.20823004462072384,0.19137332672285573,1.0,0.20748636588993555,0.1980664352999504,0.21244422409519087,0.19286068418443233,0.07585523054040655,0.07635101636093208,0.07312840852751612,0.06122954883490332,0.18740704015865145,0.21095686663361427,0.20004957858205255,0.06246901338621715,0.2035200793257313,0.06643529995042141,0.07312840852751612
SKACTIVEML_DWUS,0.06792265741199802,0.20376797223599405,0.06990580069410014,0.07734258800198314,0.11700545364402579,0.11725334655428855,0.20302429350520576,0.1722855726326227,0.08601883986117997,0.08601883986117997,0.09048091224590976,0.19955379276152702,0.1923648983639068,0.1797223599405057,0.07312840852751612,0.17873078829945463,0.07659890927119484,0.1405552801189886,0.14253842340109074,0.1923648983639068,0.20674268715914726,0.20748636588993555,1.0,0.1826970748636589,0.19186911254338126,0.19211700545364402,0.0835399107585523,0.08304412493802678,0.08254833911750124,0.08106098165592464,0.17352503718393653,0.19781854238968766,0.19261279127416955,0.07511155180961825,0.18790282597917699,0.07362419434804164,0.07411998016856718
SKACTIVEML_QBC,0.07139315815567675,0.16807139315815567,0.07709469509172037,0.08106098165592464,0.07907783837382251,0.07932573128408528,0.18591968269707487,0.18319286068418444,0.07139315815567675,0.05924640555280119,0.06048587010411502,0.1960832920178483,0.19657907783837383,0.15617253346554288,0.07907783837382251,0.14600892414476946,0.07882994546355974,0.10758552305404065,0.11650966782350025,0.20054536440257809,0.18691125433812594,0.1980664352999504,0.1826970748636589,1.0,0.2017848289538919,0.16584035696579078,0.056023797719385225,0.06023797719385226,0.06073376301437779,0.04784333168071393,0.17997025285076848,0.20401586514625683,0.17997025285076848,0.04784333168071393,0.20128904313336637,0.05552801189885969,0.07833415964303421
SKACTIVEML_QBC_VOTE_ENTROPY,0.07040158651462568,0.17178978681209717,0.07982151710461081,0.0850272682201289,0.0894893406048587,0.09419930589985126,0.18963807635101637,0.1752602875557759,0.06792265741199802,0.06172533465542886,0.06792265741199802,0.21641051065939515,0.20327218641546851,0.15642042637580567,0.08329201784828955,0.14898363906792267,0.07957362419434805,0.12444224095190877,0.1301437778879524,0.2055032226078334,0.1834407535944472,0.21244422409519087,0.19186911254338126,0.2017848289538919,1.0,0.18294496777392166,0.06767476450173525,0.06693108577094695,0.07089737233515121,0.06122954883490332,0.17873078829945463,0.20624690133862172,0.20451165096678234,0.05651958353991076,0.20128904313336637,0.06246901338621715,0.08230044620723848
SKACTIVEML_QUIRE,0.06742687159147248,0.20847793753098662,0.07139315815567675,0.05577590480912246,0.10981655924640556,0.10708973723351513,0.17550818046603867,0.18071393158155677,0.07560733763014378,0.07511155180961825,0.07734258800198314,0.17873078829945463,0.17476450173525038,0.16435299950421417,0.07411998016856718,0.16757560733763013,0.07411998016856718,0.14749628160634606,0.15047099652949925,0.18666336142786316,0.19583539910758552,0.19286068418443233,0.19211700545364402,0.16584035696579078,0.18294496777392166,1.0,0.08155676747645017,0.08081308874566187,0.07957362419434805,0.06470004957858205,0.19286068418443233,0.17278135845314824,0.18542389687654934,0.06569162121963312,0.17129400099157163,0.06941001487357462,0.05503222607833416
SKACTIVEML_US_ENTROPY,0.03371343579573624,0.08924144769459594,0.032969757064947945,0.03495290034705007,0.10064452156668319,0.090233019335647,0.062221120475954385,0.04685176003966286,0.11700545364402579,0.1065939514129896,0.09667823500247893,0.06990580069410014,0.061973227565691624,0.0909766980664353,0.036440257808626676,0.090233019335647,0.04238968765493307,0.08775409023301933,0.07808626673277144,0.06891422905304909,0.08676251859196826,0.07585523054040655,0.0835399107585523,0.056023797719385225,0.06767476450173525,0.08155676747645017,1.0,0.7679722359940506,0.7473971244422409,0.08304412493802678,0.06866633614278632,0.06941001487357462,0.06965790778383739,0.0917203767972236,0.06395637084779375,0.11948438274665345,0.03272186415468518
SKACTIVEML_US_LC,0.03247397124442241,0.08651462568170551,0.03173029251363411,0.035448686167575606,0.11675756073376302,0.09766980664352999,0.05676747645017353,0.046355974219137334,0.1036192364898364,0.11898859692612791,0.10064452156668319,0.06916212196331185,0.06792265741199802,0.09866137828458106,0.035696579077838374,0.09965294992563213,0.042637580565195836,0.0924640555280119,0.08155676747645017,0.06593951412989589,0.0932077342588002,0.07635101636093208,0.08304412493802678,0.06023797719385226,0.06693108577094695,0.08081308874566187,0.7679722359940506,1.0,0.7523549826474962,0.0805651958353991,0.06916212196331185,0.07238472979672782,0.06891422905304909,0.10312345066931086,0.07064947942488845,0.10089241447694595,0.03222607833415964
SKACTIVEML_US_MARGIN,0.03148239960337134,0.08527516113039167,0.031234506693108576,0.041398116013882005,0.10064452156668319,0.11452652454139811,0.057263262270699056,0.044124938026772434,0.08651462568170551,0.0999008428358949,0.11378284581060982,0.06891422905304909,0.06593951412989589,0.09643034209221617,0.03495290034705007,0.09643034209221617,0.03966286564204264,0.08924144769459594,0.08403569657907783,0.07387208725830441,0.09271194843827467,0.07312840852751612,0.08254833911750124,0.06073376301437779,0.07089737233515121,0.07957362419434805,0.7473971244422409,0.7523549826474962,1.0,0.09643034209221617,0.06445215666831929,0.07263262270699058,0.06420426375805652,0.08924144769459594,0.06618740704015866,0.08676251859196826,0.037927615270203274
SMALLTEXT_BREAKINGTIES,0.030738720872583045,0.0857709469509172,0.03371343579573624,0.02949925632126921,0.14080317302925136,0.22607833415964304,0.05577590480912246,0.0458601883986118,0.08378780366881507,0.08849776896380764,0.10461080813088745,0.06321269211700545,0.06048587010411502,0.08230044620723848,0.036936043629152204,0.08701041150223103,0.03941497273177987,0.16732771442736738,0.11229548834903322,0.06073376301437779,0.0805651958353991,0.06122954883490332,0.08106098165592464,0.04784333168071393,0.06122954883490332,0.06470004957858205,0.08304412493802678,0.0805651958353991,0.09643034209221617,1.0,0.056023797719385225,0.05404065443728309,0.06048587010411502,0.7379771938522558,0.05676747645017353,0.7322756569162122,0.026772434308378782
SMALLTEXT_CONTRASTIVEAL,0.06494794248884482,0.17873078829945463,0.06792265741199802,0.06445215666831929,0.08775409023301933,0.08924144769459594,0.19509172037679723,0.20128904313336637,0.06990580069410014,0.06370847793753098,0.06668319286068418,0.1722855726326227,0.18145761031234506,0.14452156668319285,0.06866633614278632,0.1499752107089737,0.06841844323252355,0.11824491819533961,0.1264253842340109,0.20525532969757065,0.17575607337630145,0.18740704015865145,0.17352503718393653,0.17997025285076848,0.17873078829945463,0.19286068418443233,0.06866633614278632,0.06916212196331185,0.06445215666831929,0.056023797719385225,1.0,0.18691125433812594,0.1886465047099653,0.05899851264253842,0.18443232523549827,0.06172533465542886,0.06271690629647993
SMALLTEXT_EMBEDDINGKMEANS,0.07833415964303421,0.16831928606841845,0.0842835894893406,0.08552305404065444,0.09048091224590976,0.09519087754090233,0.2114526524541398,0.19162121963311848,0.06891422905304909,0.07263262270699058,0.07659890927119484,0.19881011403073873,0.20401586514625683,0.15443728309370353,0.08775409023301933,0.1479920674268716,0.08824987605354487,0.10585027268220129,0.11675756073376302,0.19856222112047595,0.1886465047099653,0.21095686663361427,0.19781854238968766,0.20401586514625683,0.20624690133862172,0.17278135845314824,0.06941001487357462,0.07238472979672782,0.07263262270699058,0.05404065443728309,0.18691125433812594,1.0,0.19038175508180466,0.05552801189885969,0.18988596926127913,0.056023797719385225,0.08254833911750124
SMALLTEXT_GREEDYCORESET,0.09519087754090233,0.17922657411998016,0.0850272682201289,0.07288051561725335,0.0991571641051066,0.0991571641051066,0.18096182449181952,0.19484382746653445,0.07957362419434805,0.07337630143777887,0.07337630143777887,0.19930589985126426,0.19533961328705998,0.15493306891422906,0.08973723351512147,0.14972731779871096,0.1065939514129896,0.124194348041646,0.13063956370847793,0.18517600396628656,0.19137332672285573,0.20004957858205255,0.19261279127416955,0.17997025285076848,0.20451165096678234,0.18542389687654934,0.06965790778383739,0.06891422905304909,0.06420426375805652,0.06048587010411502,0.1886465047099653,0.19038175508180466,1.0,0.06147744174516609,0.19137332672285573,0.06643529995042141,0.07064947942488845
SMALLTEXT_LEASTCONFIDENCE,0.03346554288547347,0.08453148239960337,0.033217649975210706,0.02825979176995538,0.2255825483391175,0.14080317302925136,0.046355974219137334,0.04784333168071393,0.09147248388696083,0.10783341596430342,0.0932077342588002,0.0532969757064948,0.05676747645017353,0.090233019335647,0.035696579077838374,0.0850272682201289,0.04015865146256817,0.1346058502726822,0.090233019335647,0.059742191373326724,0.08378780366881507,0.06246901338621715,0.07511155180961825,0.04784333168071393,0.05651958353991076,0.06569162121963312,0.0917203767972236,0.10312345066931086,0.08924144769459594,0.7379771938522558,0.05899851264253842,0.05552801189885969,0.06147744174516609,1.0,0.06023797719385226,0.7481408031730292,0.030986613782845812
SMALLTEXT_LIGHTWEIGHTCORESET,0.07337630143777887,0.1628656420426376,0.07759048091224591,0.07858205255329698,0.09271194843827467,0.0894893406048587,0.17674764501735252,0.16807139315815567,0.06965790778383739,0.07263262270699058,0.07164105106593951,0.1960832920178483,0.19707486365889937,0.14452156668319285,0.08031730292513634,0.15220624690133863,0.07759048091224591,0.10907288051561725,0.1256817055032226,0.19657907783837383,0.1782350024789291,0.2035200793257313,0.18790282597917699,0.20128904313336637,0.20128904313336637,0.17129400099157163,0.06395637084779375,0.07064947942488845,0.06618740704015866,0.05676747645017353,0.18443232523549827,0.18988596926127913,0.19137332672285573,0.06023797719385226,1.0,0.058750619732275654,0.08205255329697571
SMALLTEXT_PREDICTIONENTROPY,0.03991075855230541,0.09568666336142786,0.034209221616261776,0.029995042141794746,0.1517104610808131,0.1338621715418939,0.05230540406544373,0.048834903321764996,0.11849281110560238,0.10312345066931086,0.09816559246405553,0.05850272682201289,0.05999008428358949,0.08329201784828955,0.03668815071888944,0.08701041150223103,0.0458601883986118,0.12890431333663857,0.08775409023301933,0.06569162121963312,0.08775409023301933,0.06643529995042141,0.07362419434804164,0.05552801189885969,0.06246901338621715,0.06941001487357462,0.11948438274665345,0.10089241447694595,0.08676251859196826,0.7322756569162122,0.06172533465542886,0.056023797719385225,0.06643529995042141,0.7481408031730292,0.058750619732275654,1.0,0.032969757064947945
SMALLTEXT_RANDOM,0.04561229548834903,0.058254833911750126,0.0532969757064948,0.9952900347050074,0.0443728309370352,0.04610808130887457,0.06643529995042141,0.059742191373326724,0.03371343579573624,0.033217649975210706,0.035448686167575606,0.07907783837382251,0.07213683688646505,0.05775904809122459,0.05453644025780863,0.05850272682201289,0.051313832424392664,0.04833911750123947,0.050322260783341594,0.0805651958353991,0.06916212196331185,0.07312840852751612,0.07411998016856718,0.07833415964303421,0.08230044620723848,0.05503222607833416,0.03272186415468518,0.03222607833415964,0.037927615270203274,0.026772434308378782,0.06271690629647993,0.08254833911750124,0.07064947942488845,0.030986613782845812,0.08205255329697571,0.032969757064947945,1.0
