,ALIPY_CORESET_GREEDY,ALIPY_DENSITY_WEIGHTED,ALIPY_GRAPH_DENSITY,ALIPY_RANDOM,ALIPY_UNCERTAINTY_LC,ALIPY_UNCERTAINTY_MM,LIBACT_DWUS,LIBACT_QUIRE,LIBACT_UNCERTAINTY_ENT,LIBACT_UNCERTAINTY_LC,LIBACT_UNCERTAINTY_SM,OPTIMAL_GREEDY_10,OPTIMAL_GREEDY_20,PLAYGROUND_BANDIT,PLAYGROUND_GRAPH_DENSITY,PLAYGROUND_INFORMATIVE_DIVERSE,PLAYGROUND_KCENTER_GREEDY,PLAYGROUND_MARGIN,PLAYGROUND_MIXTURE,PLAYGROUND_UNIFORM,SKACTIVEML_COST_EMBEDDING,SKACTIVEML_DAL,SKACTIVEML_DWUS,SKACTIVEML_QBC,SKACTIVEML_QBC_VOTE_ENTROPY,SKACTIVEML_QUIRE,SKACTIVEML_US_ENTROPY,SKACTIVEML_US_LC,SKACTIVEML_US_MARGIN,SMALLTEXT_BREAKINGTIES,SMALLTEXT_CONTRASTIVEAL,SMALLTEXT_EMBEDDINGKMEANS,SMALLTEXT_GREEDYCORESET,SMALLTEXT_LEASTCONFIDENCE,SMALLTEXT_LIGHTWEIGHTCORESET,SMALLTEXT_PREDICTIONENTROPY,SMALLTEXT_RANDOM
ALIPY_CORESET_GREEDY,1.0,0.12543381259295985,0.0946950917203768,0.10014873574615767,0.07337630143777887,0.07511155180961825,0.07486365889935548,0.11973227565691621,0.06420426375805652,0.060981655924640554,0.060981655924640554,0.13931581556767478,0.14105106593951414,0.0805651958353991,0.0946950917203768,0.10312345066931086,0.9997521070897373,0.07238472979672782,0.11204759543877045,0.12171541893901834,0.09965294992563213,0.1360932077342588,0.09271194843827467,0.11403073872087258,0.1301437778879524,0.11328705999008429,0.06767476450173525,0.07337630143777887,0.06841844323252355,0.06023797719385226,0.1028755577590481,0.14328210213187903,0.1923648983639068,0.062221120475954385,0.13113534952900346,0.059742191373326724,0.0999008428358949
ALIPY_DENSITY_WEIGHTED,0.12543381259295985,1.0,0.0954387704511651,0.10163609320773426,0.11874070401586515,0.11675756073376302,0.13510163609320774,0.18988596926127913,0.09494298463063956,0.09395141298958849,0.09643034209221617,0.1502231036192365,0.14328210213187903,0.11998016856717898,0.0954387704511651,0.11601388200297472,0.12543381259295985,0.10163609320773426,0.11824491819533961,0.1308874566187407,0.1294000991571641,0.15939514129895885,0.1494794248884482,0.12667327714427368,0.1502231036192365,0.1901338621715419,0.09965294992563213,0.10089241447694595,0.09940505701536936,0.09791769955379276,0.13039167079821518,0.1479920674268716,0.1663361427863163,0.1028755577590481,0.1487357461576599,0.10312345066931086,0.10138820029747149
ALIPY_GRAPH_DENSITY,0.0946950917203768,0.0954387704511651,1.0,0.11056023797719385,0.06321269211700545,0.06717897868120971,0.11179970252850768,0.0835399107585523,0.05627169062964799,0.051313832424392664,0.06023797719385226,0.16038671294000992,0.16088249876053545,0.07783837382250867,1.0,0.08824987605354487,0.0946950917203768,0.06817055032226078,0.10411502231036192,0.14724838869608328,0.0932077342588002,0.13435795736241943,0.11551809618244918,0.11700545364402579,0.15294992563212692,0.0805651958353991,0.06023797719385226,0.05999008428358949,0.06891422905304909,0.05676747645017353,0.0872583044124938,0.16831928606841845,0.13584531482399603,0.05081804660386713,0.15294992563212692,0.05627169062964799,0.11056023797719385
ALIPY_RANDOM,0.10014873574615767,0.10163609320773426,0.11056023797719385,1.0,0.07064947942488845,0.07635101636093208,0.08477937530986614,0.09643034209221617,0.06073376301437779,0.05528011898859692,0.06494794248884482,0.19583539910758552,0.19211700545364402,0.09419930589985126,0.11056023797719385,0.11378284581060982,0.10014873574615767,0.08527516113039167,0.13063956370847793,0.1752602875557759,0.10188398611799702,0.16038671294000992,0.09370352007932573,0.13708477937530986,0.1663361427863163,0.09766980664352999,0.06891422905304909,0.06990580069410014,0.07362419434804164,0.06643529995042141,0.09742191373326722,0.1774913237481408,0.12171541893901834,0.059494298463063956,0.16757560733763013,0.05999008428358949,0.9997521070897373
ALIPY_UNCERTAINTY_LC,0.07337630143777887,0.11874070401586515,0.06321269211700545,0.07064947942488845,1.0,0.7379771938522558,0.07213683688646505,0.08477937530986614,0.12320277640059495,0.1494794248884482,0.10436291522062469,0.10981655924640556,0.11254338125929599,0.15716410510659395,0.06321269211700545,0.10956866633614279,0.07337630143777887,0.18666336142786316,0.13882002974714924,0.11279127416955875,0.11155180961824492,0.11328705999008429,0.10808130887456618,0.09643034209221617,0.11551809618244918,0.10609816559246406,0.13262270699058007,0.16906296479920674,0.12146752602875557,0.2017848289538919,0.0991571641051066,0.11031234506693109,0.09717402082300446,0.33886960832920177,0.11675756073376302,0.22533465542885472,0.07040158651462568
ALIPY_UNCERTAINTY_MM,0.07511155180961825,0.11675756073376302,0.06717897868120971,0.07635101636093208,0.7379771938522558,1.0,0.08081308874566187,0.0813088745661874,0.10014873574615767,0.10138820029747149,0.1499752107089737,0.11601388200297472,0.11527020327218641,0.1722855726326227,0.06717897868120971,0.11204759543877045,0.07511155180961825,0.2426871591472484,0.1633614278631631,0.11675756073376302,0.10560237977193852,0.11626177491323748,0.11774913237481408,0.10163609320773426,0.11551809618244918,0.10461080813088745,0.11056023797719385,0.11254338125929599,0.15666831928606842,0.3294496777392167,0.09221616261774913,0.11502231036192365,0.1036192364898364,0.2094695091720377,0.12444224095190877,0.18244918195339613,0.07610312345066932
LIBACT_DWUS,0.07486365889935548,0.13510163609320774,0.11179970252850768,0.08477937530986614,0.07213683688646505,0.08081308874566187,1.0,0.13658899355478432,0.06370847793753098,0.06122954883490332,0.07337630143777887,0.11080813088745661,0.1065939514129896,0.08304412493802678,0.11179970252850768,0.0857709469509172,0.07486365889935548,0.07659890927119484,0.0768468021814576,0.11849281110560238,0.10684184432325236,0.12444224095190877,0.17575607337630145,0.12444224095190877,0.14253842340109074,0.12469013386217154,0.06420426375805652,0.06420426375805652,0.07833415964303421,0.06643529995042141,0.15096678235002478,0.17104610808130888,0.12989588497768964,0.06593951412989589,0.1294000991571641,0.06370847793753098,0.08477937530986614
LIBACT_QUIRE,0.11973227565691621,0.18988596926127913,0.0835399107585523,0.09643034209221617,0.08477937530986614,0.0813088745661874,0.13658899355478432,1.0,0.06668319286068418,0.06470004957858205,0.06965790778383739,0.13361427863163114,0.1338621715418939,0.0954387704511651,0.0835399107585523,0.09568666336142786,0.11973227565691621,0.08279623202776401,0.10411502231036192,0.13435795736241943,0.10981655924640556,0.14030738720872582,0.13882002974714924,0.12692117005453643,0.14402578086266732,0.17550818046603867,0.07808626673277144,0.07759048091224591,0.08006941001487357,0.06271690629647993,0.14724838869608328,0.14352999504214178,0.15865146256817056,0.06519583539910759,0.14303420922161625,0.06693108577094695,0.09643034209221617
LIBACT_UNCERTAINTY_ENT,0.06420426375805652,0.09494298463063956,0.05627169062964799,0.06073376301437779,0.12320277640059495,0.10014873574615767,0.06370847793753098,0.06668319286068418,1.0,0.7764005949429846,0.7268220128904314,0.0850272682201289,0.07982151710461081,0.07882994546355974,0.05627169062964799,0.09395141298958849,0.06420426375805652,0.06841844323252355,0.07263262270699058,0.08329201784828955,0.0894893406048587,0.08998512642538424,0.09643034209221617,0.06817055032226078,0.08924144769459594,0.08601883986117997,0.15468517600396628,0.11328705999008429,0.09048091224590976,0.139067922657412,0.06693108577094695,0.09643034209221617,0.090233019335647,0.16534457114526524,0.08973723351512147,0.20897372335151215,0.06073376301437779
LIBACT_UNCERTAINTY_LC,0.060981655924640554,0.09395141298958849,0.051313832424392664,0.05528011898859692,0.1494794248884482,0.10138820029747149,0.06122954883490332,0.06470004957858205,0.7764005949429846,1.0,0.7501239464551314,0.08527516113039167,0.0857709469509172,0.08775409023301933,0.051313832424392664,0.09742191373326722,0.06122954883490332,0.08081308874566187,0.07808626673277144,0.07858205255329698,0.09419930589985126,0.0932077342588002,0.10138820029747149,0.062221120475954385,0.08824987605354487,0.08254833911750124,0.11799702528507684,0.15096678235002478,0.09742191373326722,0.1494794248884482,0.07312840852751612,0.0909766980664353,0.08205255329697571,0.19484382746653445,0.08453148239960337,0.16757560733763013,0.05503222607833416
LIBACT_UNCERTAINTY_SM,0.060981655924640554,0.09643034209221617,0.06023797719385226,0.06494794248884482,0.10436291522062469,0.1499752107089737,0.07337630143777887,0.06965790778383739,0.7268220128904314,0.7501239464551314,1.0,0.09395141298958849,0.09147248388696083,0.0842835894893406,0.06023797719385226,0.10114030738720872,0.060981655924640554,0.07585523054040655,0.07833415964303421,0.0924640555280119,0.09295984134853744,0.0984134853743183,0.11056023797719385,0.07610312345066932,0.0954387704511651,0.08230044620723848,0.0961824491819534,0.09766980664352999,0.14328210213187903,0.19732275656916212,0.07288051561725335,0.10436291522062469,0.09048091224590976,0.14848785324739713,0.09717402082300446,0.1502231036192365,0.06470004957858205
OPTIMAL_GREEDY_10,0.13931581556767478,0.1502231036192365,0.16038671294000992,0.19583539910758552,0.10981655924640556,0.11601388200297472,0.11080813088745661,0.13361427863163114,0.0850272682201289,0.08527516113039167,0.09395141298958849,1.0,0.49529003470500743,0.12816063460585028,0.16038671294000992,0.16385721368368864,0.13931581556767478,0.11601388200297472,0.1893901834407536,0.26127912741695586,0.13634110064452157,0.24467030242935053,0.13584531482399603,0.19657907783837383,0.2640059494298463,0.14402578086266732,0.09494298463063956,0.0999008428358949,0.10535448686167576,0.09791769955379276,0.14377788795240456,0.29300941993059,0.17203767972235995,0.0924640555280119,0.2513634110064452,0.09196826970748637,0.19558750619732276
OPTIMAL_GREEDY_20,0.14105106593951414,0.14328210213187903,0.16088249876053545,0.19211700545364402,0.11254338125929599,0.11527020327218641,0.1065939514129896,0.1338621715418939,0.07982151710461081,0.0857709469509172,0.09147248388696083,0.49529003470500743,1.0,0.13733267228557264,0.16088249876053545,0.17302925136341102,0.14105106593951414,0.12221120475954388,0.1983143282102132,0.2602875557759048,0.13113534952900346,0.22905304908279622,0.15220624690133863,0.1943480416460089,0.26227069905800693,0.14080317302925136,0.10188398611799702,0.11056023797719385,0.11279127416955875,0.09866137828458106,0.13782845810609817,0.2915220624690134,0.1722855726326227,0.09568666336142786,0.2464055528011899,0.09345562716906297,0.19186911254338126
PLAYGROUND_BANDIT,0.0805651958353991,0.11998016856717898,0.07783837382250867,0.09419930589985126,0.15716410510659395,0.1722855726326227,0.08304412493802678,0.0954387704511651,0.07882994546355974,0.08775409023301933,0.0842835894893406,0.12816063460585028,0.13733267228557264,1.0,0.07783837382250867,0.330193356470005,0.0805651958353991,0.6013882002974715,0.3475458601883986,0.1427863163113535,0.19930589985126426,0.13782845810609817,0.09419930589985126,0.1279127416955875,0.13708477937530986,0.1494794248884482,0.09593455627169063,0.09345562716906297,0.10237977193852256,0.14774417451660882,0.10708973723351513,0.12394645513138325,0.11626177491323748,0.12741695587506197,0.14229053049082796,0.11849281110560238,0.09395141298958849
PLAYGROUND_GRAPH_DENSITY,0.0946950917203768,0.0954387704511651,1.0,0.11056023797719385,0.06321269211700545,0.06717897868120971,0.11179970252850768,0.0835399107585523,0.05627169062964799,0.051313832424392664,0.06023797719385226,0.16038671294000992,0.16088249876053545,0.07783837382250867,1.0,0.08824987605354487,0.0946950917203768,0.06817055032226078,0.10411502231036192,0.14724838869608328,0.0932077342588002,0.13435795736241943,0.11551809618244918,0.11700545364402579,0.15294992563212692,0.0805651958353991,0.06023797719385226,0.05999008428358949,0.06891422905304909,0.05676747645017353,0.0872583044124938,0.16831928606841845,0.13584531482399603,0.05081804660386713,0.15294992563212692,0.05627169062964799,0.11056023797719385
PLAYGROUND_INFORMATIVE_DIVERSE,0.10312345066931086,0.11601388200297472,0.08824987605354487,0.11378284581060982,0.10956866633614279,0.11204759543877045,0.0857709469509172,0.09568666336142786,0.09395141298958849,0.09742191373326722,0.10114030738720872,0.16385721368368864,0.17302925136341102,0.330193356470005,0.08824987605354487,1.0,0.10337134357957363,0.322756569162122,0.3158155676747645,0.1487357461576599,0.1707982151710461,0.14724838869608328,0.11179970252850768,0.12444224095190877,0.15493306891422906,0.13039167079821518,0.0991571641051066,0.09965294992563213,0.0991571641051066,0.09890927119484383,0.10932077342588002,0.14625681705503224,0.11849281110560238,0.0917203767972236,0.14972731779871096,0.08973723351512147,0.11353495290034706
PLAYGROUND_KCENTER_GREEDY,0.9997521070897373,0.12543381259295985,0.0946950917203768,0.10014873574615767,0.07337630143777887,0.07511155180961825,0.07486365889935548,0.11973227565691621,0.06420426375805652,0.06122954883490332,0.060981655924640554,0.13931581556767478,0.14105106593951414,0.0805651958353991,0.0946950917203768,0.10337134357957363,1.0,0.07238472979672782,0.11179970252850768,0.12146752602875557,0.09965294992563213,0.1360932077342588,0.09295984134853744,0.11403073872087258,0.1301437778879524,0.11328705999008429,0.06792265741199802,0.07337630143777887,0.06866633614278632,0.06023797719385226,0.1028755577590481,0.14328210213187903,0.1923648983639068,0.062221120475954385,0.13113534952900346,0.059742191373326724,0.0999008428358949
PLAYGROUND_MARGIN,0.07238472979672782,0.10163609320773426,0.06817055032226078,0.08527516113039167,0.18666336142786316,0.2426871591472484,0.07659890927119484,0.08279623202776401,0.06841844323252355,0.08081308874566187,0.07585523054040655,0.11601388200297472,0.12221120475954388,0.6013882002974715,0.06817055032226078,0.322756569162122,0.07238472979672782,1.0,0.45389191869112544,0.12245909766980664,0.18319286068418444,0.11403073872087258,0.0887456618740704,0.10609816559246406,0.11650966782350025,0.12766484878532475,0.09122459097669806,0.09295984134853744,0.10163609320773426,0.22682201289043133,0.09444719881011403,0.11303916707982152,0.0984134853743183,0.17278135845314824,0.11824491819533961,0.1487357461576599,0.0850272682201289
PLAYGROUND_MIXTURE,0.11204759543877045,0.11824491819533961,0.10411502231036192,0.13063956370847793,0.13882002974714924,0.1633614278631631,0.0768468021814576,0.10411502231036192,0.07263262270699058,0.07808626673277144,0.07833415964303421,0.1893901834407536,0.1983143282102132,0.3475458601883986,0.10411502231036192,0.3158155676747645,0.11179970252850768,0.45389191869112544,1.0,0.1931085770946951,0.1576598909271195,0.15592464055528013,0.10089241447694595,0.1301437778879524,0.1745166088249876,0.12543381259295985,0.09271194843827467,0.09271194843827467,0.10188398611799702,0.13931581556767478,0.10337134357957363,0.16683192860684184,0.11948438274665345,0.11700545364402579,0.15642042637580567,0.10485870104115022,0.13039167079821518
PLAYGROUND_UNIFORM,0.12171541893901834,0.1308874566187407,0.14724838869608328,0.1752602875557759,0.11279127416955875,0.11675756073376302,0.11849281110560238,0.13435795736241943,0.08329201784828955,0.07858205255329698,0.0924640555280119,0.26127912741695586,0.2602875557759048,0.1427863163113535,0.14724838869608328,0.1487357461576599,0.12146752602875557,0.12245909766980664,0.1931085770946951,1.0,0.1368368864650471,0.2072384729796728,0.12741695587506197,0.17674764501735252,0.23103619236489836,0.1331184928111056,0.09072880515617253,0.08973723351512147,0.10411502231036192,0.09593455627169063,0.13733267228557264,0.23202776400594943,0.16683192860684184,0.0917203767972236,0.2114526524541398,0.08701041150223103,0.17501239464551313
SKACTIVEML_COST_EMBEDDING,0.09965294992563213,0.1294000991571641,0.0932077342588002,0.10188398611799702,0.11155180961824492,0.10560237977193852,0.10684184432325236,0.10981655924640556,0.0894893406048587,0.09419930589985126,0.09295984134853744,0.13634110064452157,0.13113534952900346,0.19930589985126426,0.0932077342588002,0.1707982151710461,0.09965294992563213,0.18319286068418444,0.1576598909271195,0.1368368864650471,1.0,0.13981160138820029,0.12146752602875557,0.1301437778879524,0.13782845810609817,0.16608824987605356,0.10312345066931086,0.0999008428358949,0.09965294992563213,0.08651462568170551,0.10609816559246406,0.14253842340109074,0.12741695587506197,0.0954387704511651,0.13882002974714924,0.0924640555280119,0.10188398611799702
SKACTIVEML_DAL,0.1360932077342588,0.15939514129895885,0.13435795736241943,0.16038671294000992,0.11328705999008429,0.11626177491323748,0.12444224095190877,0.14030738720872582,0.08998512642538424,0.0932077342588002,0.0984134853743183,0.24467030242935053,0.22905304908279622,0.13782845810609817,0.13435795736241943,0.14724838869608328,0.1360932077342588,0.11403073872087258,0.15592464055528013,0.2072384729796728,0.13981160138820029,1.0,0.1626177491323748,0.1700545364402578,0.20996529499256322,0.15815567674764502,0.11204759543877045,0.10907288051561725,0.11601388200297472,0.10114030738720872,0.14749628160634606,0.22657411998016858,0.16460089241447695,0.10064452156668319,0.20649479424888448,0.09816559246405553,0.16038671294000992
SKACTIVEML_DWUS,0.09271194843827467,0.1494794248884482,0.11551809618244918,0.09370352007932573,0.10808130887456618,0.11774913237481408,0.17575607337630145,0.13882002974714924,0.09643034209221617,0.10138820029747149,0.11056023797719385,0.13584531482399603,0.15220624690133863,0.09419930589985126,0.11551809618244918,0.11179970252850768,0.09295984134853744,0.0887456618740704,0.10089241447694595,0.12741695587506197,0.12146752602875557,0.1626177491323748,1.0,0.13559742191373328,0.14774417451660882,0.13510163609320774,0.10510659395141299,0.10138820029747149,0.11031234506693109,0.0984134853743183,0.14179474467030243,0.16038671294000992,0.146504709965295,0.08601883986117997,0.14551313832424392,0.09048091224590976,0.09345562716906297
SKACTIVEML_QBC,0.11403073872087258,0.12667327714427368,0.11700545364402579,0.13708477937530986,0.09643034209221617,0.10163609320773426,0.12444224095190877,0.12692117005453643,0.06817055032226078,0.062221120475954385,0.07610312345066932,0.19657907783837383,0.1943480416460089,0.1279127416955875,0.11700545364402579,0.12444224095190877,0.11403073872087258,0.10609816559246406,0.1301437778879524,0.17674764501735252,0.1301437778879524,0.1700545364402578,0.13559742191373328,1.0,0.18740704015865145,0.1427863163113535,0.08378780366881507,0.0880019831432821,0.0954387704511651,0.08329201784828955,0.13138324243926625,0.18815071888943977,0.139067922657412,0.07907783837382251,0.16831928606841845,0.07932573128408528,0.13708477937530986
SKACTIVEML_QBC_VOTE_ENTROPY,0.1301437778879524,0.1502231036192365,0.15294992563212692,0.1663361427863163,0.11551809618244918,0.11551809618244918,0.14253842340109074,0.14402578086266732,0.08924144769459594,0.08824987605354487,0.0954387704511651,0.2640059494298463,0.26227069905800693,0.13708477937530986,0.15294992563212692,0.15493306891422906,0.1301437778879524,0.11650966782350025,0.1745166088249876,0.23103619236489836,0.13782845810609817,0.20996529499256322,0.14774417451660882,0.18740704015865145,1.0,0.1420426375805652,0.10213187902825979,0.10237977193852256,0.10956866633614279,0.090233019335647,0.1457610312345067,0.24690133862171543,0.16980664352999505,0.08998512642538424,0.2255825483391175,0.09221616261774913,0.16608824987605356
SKACTIVEML_QUIRE,0.11328705999008429,0.1901338621715419,0.0805651958353991,0.09766980664352999,0.10609816559246406,0.10461080813088745,0.12469013386217154,0.17550818046603867,0.08601883986117997,0.08254833911750124,0.08230044620723848,0.14402578086266732,0.14080317302925136,0.1494794248884482,0.0805651958353991,0.13039167079821518,0.11328705999008429,0.12766484878532475,0.12543381259295985,0.1331184928111056,0.16608824987605356,0.15815567674764502,0.13510163609320774,0.1427863163113535,0.1420426375805652,1.0,0.08998512642538424,0.08329201784828955,0.08824987605354487,0.08973723351512147,0.13857213683688646,0.15146256817055032,0.1628656420426376,0.09196826970748637,0.14476945959345563,0.09593455627169063,0.09766980664352999
SKACTIVEML_US_ENTROPY,0.06767476450173525,0.09965294992563213,0.06023797719385226,0.06891422905304909,0.13262270699058007,0.11056023797719385,0.06420426375805652,0.07808626673277144,0.15468517600396628,0.11799702528507684,0.0961824491819534,0.09494298463063956,0.10188398611799702,0.09593455627169063,0.06023797719385226,0.0991571641051066,0.06792265741199802,0.09122459097669806,0.09271194843827467,0.09072880515617253,0.10312345066931086,0.11204759543877045,0.10510659395141299,0.08378780366881507,0.10213187902825979,0.08998512642538424,1.0,0.7773921665840356,0.7263262270699058,0.09519087754090233,0.07982151710461081,0.10213187902825979,0.0872583044124938,0.11973227565691621,0.09444719881011403,0.16807139315815567,0.06866633614278632
SKACTIVEML_US_LC,0.07337630143777887,0.10089241447694595,0.05999008428358949,0.06990580069410014,0.16906296479920674,0.11254338125929599,0.06420426375805652,0.07759048091224591,0.11328705999008429,0.15096678235002478,0.09766980664352999,0.0999008428358949,0.11056023797719385,0.09345562716906297,0.05999008428358949,0.09965294992563213,0.07337630143777887,0.09295984134853744,0.09271194843827467,0.08973723351512147,0.0999008428358949,0.10907288051561725,0.10138820029747149,0.0880019831432821,0.10237977193852256,0.08329201784828955,0.7773921665840356,1.0,0.7481408031730292,0.10510659395141299,0.08081308874566187,0.10337134357957363,0.08701041150223103,0.15989092711948438,0.09643034209221617,0.13113534952900346,0.06965790778383739
SKACTIVEML_US_MARGIN,0.06841844323252355,0.09940505701536936,0.06891422905304909,0.07362419434804164,0.12146752602875557,0.15666831928606842,0.07833415964303421,0.08006941001487357,0.09048091224590976,0.09742191373326722,0.14328210213187903,0.10535448686167576,0.11279127416955875,0.10237977193852256,0.06891422905304909,0.0991571641051066,0.06866633614278632,0.10163609320773426,0.10188398611799702,0.10411502231036192,0.09965294992563213,0.11601388200297472,0.11031234506693109,0.0954387704511651,0.10956866633614279,0.08824987605354487,0.7263262270699058,0.7481408031730292,1.0,0.14377788795240456,0.0805651958353991,0.11700545364402579,0.09494298463063956,0.11229548834903322,0.10262766484878533,0.09940505701536936,0.07337630143777887
SMALLTEXT_BREAKINGTIES,0.06023797719385226,0.09791769955379276,0.05676747645017353,0.06643529995042141,0.2017848289538919,0.3294496777392167,0.06643529995042141,0.06271690629647993,0.139067922657412,0.1494794248884482,0.19732275656916212,0.09791769955379276,0.09866137828458106,0.14774417451660882,0.05676747645017353,0.09890927119484383,0.06023797719385226,0.22682201289043133,0.13931581556767478,0.09593455627169063,0.08651462568170551,0.10114030738720872,0.0984134853743183,0.08329201784828955,0.090233019335647,0.08973723351512147,0.09519087754090233,0.10510659395141299,0.14377788795240456,1.0,0.07387208725830441,0.10213187902825979,0.0909766980664353,0.7384729796727814,0.09271194843827467,0.721864154685176,0.06618740704015866
SMALLTEXT_CONTRASTIVEAL,0.1028755577590481,0.13039167079821518,0.0872583044124938,0.09742191373326722,0.0991571641051066,0.09221616261774913,0.15096678235002478,0.14724838869608328,0.06693108577094695,0.07312840852751612,0.07288051561725335,0.14377788795240456,0.13782845810609817,0.10708973723351513,0.0872583044124938,0.10932077342588002,0.1028755577590481,0.09444719881011403,0.10337134357957363,0.13733267228557264,0.10609816559246406,0.14749628160634606,0.14179474467030243,0.13138324243926625,0.1457610312345067,0.13857213683688646,0.07982151710461081,0.08081308874566187,0.0805651958353991,0.07387208725830441,1.0,0.1536936043629152,0.16088249876053545,0.08031730292513634,0.14551313832424392,0.07263262270699058,0.09742191373326722
SMALLTEXT_EMBEDDINGKMEANS,0.14328210213187903,0.1479920674268716,0.16831928606841845,0.1774913237481408,0.11031234506693109,0.11502231036192365,0.17104610808130888,0.14352999504214178,0.09643034209221617,0.0909766980664353,0.10436291522062469,0.29300941993059,0.2915220624690134,0.12394645513138325,0.16831928606841845,0.14625681705503224,0.14328210213187903,0.11303916707982152,0.16683192860684184,0.23202776400594943,0.14253842340109074,0.22657411998016858,0.16038671294000992,0.18815071888943977,0.24690133862171543,0.15146256817055032,0.10213187902825979,0.10337134357957363,0.11700545364402579,0.10213187902825979,0.1536936043629152,1.0,0.18096182449181952,0.09593455627169063,0.24863658899355479,0.09766980664352999,0.17724343083787802
SMALLTEXT_GREEDYCORESET,0.1923648983639068,0.1663361427863163,0.13584531482399603,0.12171541893901834,0.09717402082300446,0.1036192364898364,0.12989588497768964,0.15865146256817056,0.090233019335647,0.08205255329697571,0.09048091224590976,0.17203767972235995,0.1722855726326227,0.11626177491323748,0.13584531482399603,0.11849281110560238,0.1923648983639068,0.0984134853743183,0.11948438274665345,0.16683192860684184,0.12741695587506197,0.16460089241447695,0.146504709965295,0.139067922657412,0.16980664352999505,0.1628656420426376,0.0872583044124938,0.08701041150223103,0.09494298463063956,0.0909766980664353,0.16088249876053545,0.18096182449181952,1.0,0.0842835894893406,0.16584035696579078,0.08329201784828955,0.12171541893901834
SMALLTEXT_LEASTCONFIDENCE,0.062221120475954385,0.1028755577590481,0.05081804660386713,0.059494298463063956,0.33886960832920177,0.2094695091720377,0.06593951412989589,0.06519583539910759,0.16534457114526524,0.19484382746653445,0.14848785324739713,0.0924640555280119,0.09568666336142786,0.12741695587506197,0.05081804660386713,0.0917203767972236,0.062221120475954385,0.17278135845314824,0.11700545364402579,0.0917203767972236,0.0954387704511651,0.10064452156668319,0.08601883986117997,0.07907783837382251,0.08998512642538424,0.09196826970748637,0.11973227565691621,0.15989092711948438,0.11229548834903322,0.7384729796727814,0.08031730292513634,0.09593455627169063,0.0842835894893406,1.0,0.08849776896380764,0.7620228061477442,0.059742191373326724
SMALLTEXT_LIGHTWEIGHTCORESET,0.13113534952900346,0.1487357461576599,0.15294992563212692,0.16757560733763013,0.11675756073376302,0.12444224095190877,0.1294000991571641,0.14303420922161625,0.08973723351512147,0.08453148239960337,0.09717402082300446,0.2513634110064452,0.2464055528011899,0.14229053049082796,0.15294992563212692,0.14972731779871096,0.13113534952900346,0.11824491819533961,0.15642042637580567,0.2114526524541398,0.13882002974714924,0.20649479424888448,0.14551313832424392,0.16831928606841845,0.2255825483391175,0.14476945959345563,0.09444719881011403,0.09643034209221617,0.10262766484878533,0.09271194843827467,0.14551313832424392,0.24863658899355479,0.16584035696579078,0.08849776896380764,1.0,0.08552305404065444,0.16782350024789291
SMALLTEXT_PREDICTIONENTROPY,0.059742191373326724,0.10312345066931086,0.05627169062964799,0.05999008428358949,0.22533465542885472,0.18244918195339613,0.06370847793753098,0.06693108577094695,0.20897372335151215,0.16757560733763013,0.1502231036192365,0.09196826970748637,0.09345562716906297,0.11849281110560238,0.05627169062964799,0.08973723351512147,0.059742191373326724,0.1487357461576599,0.10485870104115022,0.08701041150223103,0.0924640555280119,0.09816559246405553,0.09048091224590976,0.07932573128408528,0.09221616261774913,0.09593455627169063,0.16807139315815567,0.13113534952900346,0.09940505701536936,0.721864154685176,0.07263262270699058,0.09766980664352999,0.08329201784828955,0.7620228061477442,0.08552305404065444,1.0,0.05999008428358949
SMALLTEXT_RANDOM,0.0999008428358949,0.10138820029747149,0.11056023797719385,0.9997521070897373,0.07040158651462568,0.07610312345066932,0.08477937530986614,0.09643034209221617,0.06073376301437779,0.05503222607833416,0.06470004957858205,0.19558750619732276,0.19186911254338126,0.09395141298958849,0.11056023797719385,0.11353495290034706,0.0999008428358949,0.0850272682201289,0.13039167079821518,0.17501239464551313,0.10188398611799702,0.16038671294000992,0.09345562716906297,0.13708477937530986,0.16608824987605356,0.09766980664352999,0.06866633614278632,0.06965790778383739,0.07337630143777887,0.06618740704015866,0.09742191373326722,0.17724343083787802,0.12171541893901834,0.059742191373326724,0.16782350024789291,0.05999008428358949,1.0
