,ALIPY_CORESET_GREEDY,ALIPY_DENSITY_WEIGHTED,ALIPY_GRAPH_DENSITY,ALIPY_RANDOM,ALIPY_UNCERTAINTY_LC,ALIPY_UNCERTAINTY_MM,LIBACT_DWUS,LIBACT_QUIRE,LIBACT_UNCERTAINTY_ENT,LIBACT_UNCERTAINTY_LC,LIBACT_UNCERTAINTY_SM,OPTIMAL_GREEDY_10,OPTIMAL_GREEDY_20,PLAYGROUND_BANDIT,PLAYGROUND_GRAPH_DENSITY,PLAYGROUND_INFORMATIVE_DIVERSE,PLAYGROUND_KCENTER_GREEDY,PLAYGROUND_MARGIN,PLAYGROUND_MIXTURE,PLAYGROUND_UNIFORM,SKACTIVEML_COST_EMBEDDING,SKACTIVEML_DAL,SKACTIVEML_DWUS,SKACTIVEML_QBC,SKACTIVEML_QBC_VOTE_ENTROPY,SKACTIVEML_QUIRE,SKACTIVEML_US_ENTROPY,SKACTIVEML_US_LC,SKACTIVEML_US_MARGIN,SMALLTEXT_BREAKINGTIES,SMALLTEXT_CONTRASTIVEAL,SMALLTEXT_EMBEDDINGKMEANS,SMALLTEXT_GREEDYCORESET,SMALLTEXT_LEASTCONFIDENCE,SMALLTEXT_LIGHTWEIGHTCORESET,SMALLTEXT_PREDICTIONENTROPY,SMALLTEXT_RANDOM
ALIPY_CORESET_GREEDY,4034,384,209,189,243,233,352,385,235,231,241,407,386,318,209,320,4023,273,316,405,369,375,419,362,395,383,209,220,187,226,351,406,527,235,363,243,171
ALIPY_DENSITY_WEIGHTED,384,4034,312,317,615,600,517,544,493,545,503,570,519,624,312,662,386,590,587,582,589,587,684,528,578,650,512,511,507,529,582,543,587,551,537,551,305
ALIPY_GRAPH_DENSITY,209,312,4034,203,213,211,435,324,189,190,194,457,413,308,4034,316,211,279,300,443,347,460,382,417,447,375,191,188,206,195,339,417,441,185,415,209,185
ALIPY_RANDOM,189,317,203,4034,200,209,352,300,197,210,195,406,401,284,203,316,188,249,257,438,346,415,377,382,394,337,203,195,206,174,308,384,365,189,410,180,4014
ALIPY_UNCERTAINTY_LC,243,615,213,200,4034,2945,403,399,421,486,419,433,447,557,213,534,243,686,544,456,555,475,490,412,437,492,435,503,441,579,427,396,425,945,448,678,185
ALIPY_UNCERTAINTY_MM,233,600,211,209,2945,4034,394,375,399,399,455,441,455,539,211,517,234,842,614,453,557,472,502,394,420,509,398,439,467,944,404,428,431,608,441,564,193
LIBACT_DWUS,352,517,435,352,403,394,4034,606,378,361,376,622,580,473,435,461,353,480,450,636,554,665,677,662,651,590,395,404,399,393,642,660,639,394,617,403,342
LIBACT_QUIRE,385,544,324,300,399,375,606,4034,357,330,336,550,510,408,324,417,383,430,410,542,455,519,543,551,531,545,357,352,357,317,593,543,571,344,509,367,298
LIBACT_UNCERTAINTY_ENT,235,493,189,197,421,399,378,357,4034,3043,2983,433,438,479,189,516,236,451,441,426,523,469,491,392,448,496,448,366,333,355,437,418,480,389,445,470,182
LIBACT_UNCERTAINTY_LC,231,545,190,210,486,399,361,330,3043,4034,3016,453,454,475,190,548,233,452,452,413,530,474,516,388,436,482,400,462,395,355,410,441,462,445,452,429,196
LIBACT_UNCERTAINTY_SM,241,503,194,195,419,455,376,336,2983,3016,4034,456,472,505,194,534,242,490,441,426,533,482,539,419,453,493,374,396,428,420,435,440,451,403,445,400,179
OPTIMAL_GREEDY_10,407,570,457,406,433,441,622,550,433,453,456,4034,743,535,457,521,407,501,475,652,586,678,655,621,664,583,454,454,441,456,589,612,640,435,644,478,389
OPTIMAL_GREEDY_20,386,519,413,401,447,455,580,510,438,454,472,743,4034,497,413,517,388,472,458,665,551,635,626,640,656,545,440,470,447,429,557,658,634,429,634,439,384
PLAYGROUND_BANDIT,318,624,308,284,557,539,473,408,479,475,505,535,497,4034,308,1310,321,1439,1235,483,678,511,555,463,484,575,511,503,505,479,470,475,504,484,468,475,266
PLAYGROUND_GRAPH_DENSITY,209,312,4034,203,213,211,435,324,189,190,194,457,413,308,4034,316,211,279,300,443,347,460,382,417,447,375,191,188,206,195,339,417,441,185,415,209,185
PLAYGROUND_INFORMATIVE_DIVERSE,320,662,316,316,534,517,461,417,516,548,534,521,517,1310,316,4034,321,1262,1218,539,653,570,587,490,523,589,526,543,534,472,471,476,528,515,476,493,301
PLAYGROUND_KCENTER_GREEDY,4023,386,211,188,243,234,353,383,236,233,242,407,388,321,211,321,4034,272,317,402,368,376,420,361,394,382,209,220,187,227,350,406,528,236,359,244,170
PLAYGROUND_MARGIN,273,590,279,249,686,842,480,430,451,452,490,501,472,1439,279,1262,272,4034,1832,473,659,536,530,458,463,583,478,500,508,814,475,452,472,654,414,637,231
PLAYGROUND_MIXTURE,316,587,300,257,544,614,450,410,441,452,441,475,458,1235,300,1218,317,1832,4034,533,615,482,508,416,463,590,428,447,452,557,454,429,473,489,416,489,242
PLAYGROUND_UNIFORM,405,582,443,438,456,453,636,542,426,413,426,652,665,483,443,539,402,473,533,4034,571,654,610,630,663,595,424,395,432,432,589,646,632,427,651,462,424
SKACTIVEML_COST_EMBEDDING,369,589,347,346,555,557,554,455,523,530,533,586,551,678,347,653,368,659,615,571,4034,600,610,536,590,597,553,558,551,527,501,542,543,524,567,521,333
SKACTIVEML_DAL,375,587,460,415,475,472,665,519,469,474,482,678,635,511,460,570,376,536,482,654,600,4034,666,659,673,619,492,510,497,399,541,654,635,414,659,451,399
SKACTIVEML_DWUS,419,684,382,377,490,502,677,543,491,516,539,655,626,555,382,587,420,530,508,610,610,666,4034,625,665,642,543,549,523,494,590,635,656,518,614,500,365
SKACTIVEML_QBC,362,528,417,382,412,394,662,551,392,388,419,621,640,463,417,490,361,458,416,630,536,659,625,4034,673,522,402,402,397,345,569,639,573,362,601,354,368
SKACTIVEML_QBC_VOTE_ENTROPY,395,578,447,394,437,420,651,531,448,436,453,664,656,484,447,523,394,463,463,663,590,673,665,673,4034,604,446,442,451,400,576,653,653,408,666,465,377
SKACTIVEML_QUIRE,383,650,375,337,492,509,590,545,496,482,493,583,545,575,375,589,382,583,590,595,597,619,642,522,604,4034,488,482,475,456,588,583,628,481,570,505,327
SKACTIVEML_US_ENTROPY,209,512,191,203,435,398,395,357,448,400,374,454,440,511,191,526,209,478,428,424,553,492,543,402,446,488,4034,3053,2986,313,423,441,437,356,436,443,190
SKACTIVEML_US_LC,220,511,188,195,503,439,404,352,366,462,396,454,470,503,188,543,220,500,447,395,558,510,549,402,442,482,3053,4034,3010,324,435,438,444,423,464,357,179
SKACTIVEML_US_MARGIN,187,507,206,206,441,467,399,357,333,395,428,441,447,505,206,534,187,508,452,432,551,497,523,397,451,475,2986,3010,4034,381,448,445,438,335,455,337,190
SMALLTEXT_BREAKINGTIES,226,529,195,174,579,944,393,317,355,355,420,456,429,479,195,472,227,814,557,432,527,399,494,345,400,456,313,324,381,4034,428,403,423,2938,386,2919,157
SMALLTEXT_CONTRASTIVEAL,351,582,339,308,427,404,642,593,437,410,435,589,557,470,339,471,350,475,454,589,501,541,590,569,576,588,423,435,448,428,4034,561,628,455,561,460,303
SMALLTEXT_EMBEDDINGKMEANS,406,543,417,384,396,428,660,543,418,441,440,612,658,475,417,476,406,452,429,646,542,654,635,639,653,583,441,438,445,403,561,4034,659,384,657,417,369
SMALLTEXT_GREEDYCORESET,527,587,441,365,425,431,639,571,480,462,451,640,634,504,441,528,528,472,473,632,543,635,656,573,653,628,437,444,438,423,628,659,4034,437,585,468,349
SMALLTEXT_LEASTCONFIDENCE,235,551,185,189,945,608,394,344,389,445,403,435,429,484,185,515,236,654,489,427,524,414,518,362,408,481,356,423,335,2938,455,384,437,4034,412,3034,174
SMALLTEXT_LIGHTWEIGHTCORESET,363,537,415,410,448,441,617,509,445,452,445,644,634,468,415,476,359,414,416,651,567,659,614,601,666,570,436,464,455,386,561,657,585,412,4034,407,398
SMALLTEXT_PREDICTIONENTROPY,243,551,209,180,678,564,403,367,470,429,400,478,439,475,209,493,244,637,489,462,521,451,500,354,465,505,443,357,337,2919,460,417,468,3034,407,4034,167
SMALLTEXT_RANDOM,171,305,185,4014,185,193,342,298,182,196,179,389,384,266,185,301,170,231,242,424,333,399,365,368,377,327,190,179,190,157,303,369,349,174,398,167,4034
