,ALIPY_CORESET_GREEDY,ALIPY_DENSITY_WEIGHTED,ALIPY_GRAPH_DENSITY,ALIPY_RANDOM,ALIPY_UNCERTAINTY_LC,ALIPY_UNCERTAINTY_MM,LIBACT_DWUS,LIBACT_QUIRE,LIBACT_UNCERTAINTY_ENT,LIBACT_UNCERTAINTY_LC,LIBACT_UNCERTAINTY_SM,OPTIMAL_GREEDY_10,OPTIMAL_GREEDY_20,PLAYGROUND_BANDIT,PLAYGROUND_GRAPH_DENSITY,PLAYGROUND_INFORMATIVE_DIVERSE,PLAYGROUND_KCENTER_GREEDY,PLAYGROUND_MARGIN,PLAYGROUND_MIXTURE,PLAYGROUND_UNIFORM,SKACTIVEML_COST_EMBEDDING,SKACTIVEML_DAL,SKACTIVEML_DWUS,SKACTIVEML_QBC,SKACTIVEML_QBC_VOTE_ENTROPY,SKACTIVEML_QUIRE,SKACTIVEML_US_ENTROPY,SKACTIVEML_US_LC,SKACTIVEML_US_MARGIN,SMALLTEXT_BREAKINGTIES,SMALLTEXT_CONTRASTIVEAL,SMALLTEXT_EMBEDDINGKMEANS,SMALLTEXT_GREEDYCORESET,SMALLTEXT_LEASTCONFIDENCE,SMALLTEXT_LIGHTWEIGHTCORESET,SMALLTEXT_PREDICTIONENTROPY,SMALLTEXT_RANDOM
ALIPY_CORESET_GREEDY,1.0,0.10708973723351513,0.0880019831432821,0.1626177491323748,0.05453644025780863,0.052553296975706494,0.13361427863163114,0.10907288051561725,0.0473475458601884,0.04784333168071393,0.04933068914229053,0.21219633118492812,0.20302429350520576,0.09766980664352999,0.0880019831432821,0.13287059990084282,1.0,0.07139315815567675,0.12915220624690135,0.19533961328705998,0.12295488349033218,0.16757560733763013,0.06445215666831929,0.07882994546355974,0.19360436291522062,0.08775409023301933,0.04784333168071393,0.045364402578086264,0.0466038671294001,0.037927615270203274,0.09072880515617253,0.1554288547347546,0.2878036688150719,0.04090233019335647,0.1375805651958354,0.04015865146256817,0.1626177491323748
ALIPY_DENSITY_WEIGHTED,0.10708973723351513,1.0,0.0480912245909767,0.046355974219137334,0.17873078829945463,0.17922657411998016,0.06321269211700545,0.07907783837382251,0.1574119980168567,0.15815567674764502,0.1576598909271195,0.06841844323252355,0.07312840852751612,0.11427863163113534,0.0480912245909767,0.12146752602875557,0.10708973723351513,0.15518096182449181,0.09568666336142786,0.06643529995042141,0.12617749132374814,0.07882994546355974,0.09791769955379276,0.053792761527020325,0.06965790778383739,0.11650966782350025,0.16807139315815567,0.16435299950421417,0.16385721368368864,0.16608824987605356,0.06519583539910759,0.06023797719385226,0.09643034209221617,0.16906296479920674,0.07337630143777887,0.16831928606841845,0.046355974219137334
ALIPY_GRAPH_DENSITY,0.0880019831432821,0.0480912245909767,1.0,0.08676251859196826,0.03396132870599901,0.03619236489836391,0.06321269211700545,0.02478929102627665,0.02602875557759048,0.027764005949429845,0.03024293505205751,0.1065939514129896,0.11105602379771938,0.062221120475954385,1.0,0.06717897868120971,0.0880019831432821,0.044868616757560736,0.07089737233515121,0.10708973723351513,0.062221120475954385,0.08626673277144274,0.06941001487357462,0.05552801189885969,0.09965294992563213,0.03445711452652454,0.02900347050074368,0.028507684680218144,0.030986613782845812,0.029747149231531978,0.036440257808626676,0.09816559246405553,0.06817055032226078,0.026524541398116015,0.09271194843827467,0.025532969757064948,0.08676251859196826
ALIPY_RANDOM,0.1626177491323748,0.046355974219137334,0.08676251859196826,1.0,0.051313832424392664,0.059742191373326724,0.062221120475954385,0.03247397124442241,0.053792761527020325,0.042637580565195836,0.05280118988596926,0.3802677243430838,0.3673772930094199,0.13138324243926625,0.08676251859196826,0.14625681705503224,0.1626177491323748,0.07288051561725335,0.16807139315815567,0.40654437283093703,0.10882498760535449,0.28805156172533464,0.0924640555280119,0.10585027268220129,0.4179474467030243,0.06122954883490332,0.04189390183440753,0.0421417947446703,0.05404065443728309,0.05676747645017353,0.06445215666831929,0.2107089737233515,0.14749628160634606,0.04338125929598413,0.24814080317302925,0.0466038671294001,1.0
ALIPY_UNCERTAINTY_LC,0.05453644025780863,0.17873078829945463,0.03396132870599901,0.051313832424392664,1.0,0.7843331680713932,0.03743182944967774,0.02181457610312345,0.2550818046603867,0.3024293505205751,0.2315319781854239,0.07238472979672782,0.07213683688646505,0.16831928606841845,0.03396132870599901,0.16460089241447695,0.05453644025780863,0.2920178482895389,0.16013882002974714,0.06717897868120971,0.15716410510659395,0.06445215666831929,0.07411998016856718,0.05899851264253842,0.06792265741199802,0.09271194843827467,0.2714427367377293,0.3073872087258304,0.23277144273673772,0.31556767476450176,0.051065939514129896,0.07312840852751612,0.06990580069410014,0.4524045612295488,0.06717897868120971,0.37208725830441247,0.051313832424392664
ALIPY_UNCERTAINTY_MM,0.052553296975706494,0.17922657411998016,0.03619236489836391,0.059742191373326724,0.7843331680713932,1.0,0.036440257808626676,0.02825979176995538,0.2057511155180962,0.2352503718393654,0.2974714923153198,0.08205255329697571,0.07659890927119484,0.1864154685176004,0.03619236489836391,0.1834407535944472,0.052553296975706494,0.34357957362419433,0.1819533961328706,0.07436787307882994,0.14898363906792267,0.06618740704015866,0.07263262270699058,0.06494794248884482,0.08081308874566187,0.09147248388696083,0.21417947446703026,0.23574615765989093,0.2999504214179474,0.4489340604858701,0.0451165096678235,0.06246901338621715,0.07436787307882994,0.3173029251363411,0.07089737233515121,0.29325731284085277,0.059742191373326724
LIBACT_DWUS,0.13361427863163114,0.06321269211700545,0.06321269211700545,0.062221120475954385,0.03743182944967774,0.036440257808626676,1.0,0.07436787307882994,0.03445711452652454,0.03445711452652454,0.03445711452652454,0.07535944471988101,0.07659890927119484,0.06569162121963312,0.06321269211700545,0.06965790778383739,0.13361427863163114,0.06271690629647993,0.061973227565691624,0.06445215666831929,0.07535944471988101,0.06866633614278632,0.1648487853247397,0.059494298463063956,0.06618740704015866,0.06841844323252355,0.03520079325731284,0.03495290034705007,0.03396132870599901,0.029747149231531978,0.07089737233515121,0.11973227565691621,0.1457610312345067,0.030490827962320277,0.08378780366881507,0.03148239960337134,0.062221120475954385
LIBACT_QUIRE,0.10907288051561725,0.07907783837382251,0.02478929102627665,0.03247397124442241,0.02181457610312345,0.02825979176995538,0.07436787307882994,1.0,0.018839861179970253,0.017352503718393655,0.020079325731284084,0.03594447198810114,0.03991075855230541,0.04090233019335647,0.02478929102627665,0.026276648487853247,0.10907288051561725,0.025037183936539417,0.0384234010907288,0.0406544372830937,0.02330193356470005,0.043877045116509666,0.03594447198810114,0.03520079325731284,0.03767972235994051,0.08477937530986614,0.018096182449181954,0.018839861179970253,0.01983143282102132,0.024293505205751114,0.1028755577590481,0.03767972235994051,0.0917203767972236,0.020823004462072386,0.0480912245909767,0.01908775409023302,0.03247397124442241
LIBACT_UNCERTAINTY_ENT,0.0473475458601884,0.1574119980168567,0.02602875557759048,0.053792761527020325,0.2550818046603867,0.2057511155180962,0.03445711452652454,0.018839861179970253,1.0,0.8200297471492315,0.7516113039167079,0.07387208725830441,0.06941001487357462,0.12196331184928111,0.02602875557759048,0.14923153197818542,0.0473475458601884,0.16038671294000992,0.11502231036192365,0.08081308874566187,0.139067922657412,0.06965790778383739,0.08254833911750124,0.05701536936043629,0.06717897868120971,0.08924144769459594,0.2697074863658899,0.22434308378780368,0.17476450173525038,0.23401090728805157,0.06792265741199802,0.07312840852751612,0.06122954883490332,0.2967278135845315,0.05775904809122459,0.334407535944472,0.053792761527020325
LIBACT_UNCERTAINTY_LC,0.04784333168071393,0.15815567674764502,0.027764005949429845,0.042637580565195836,0.3024293505205751,0.2352503718393654,0.03445711452652454,0.017352503718393655,0.8200297471492315,1.0,0.7957362419434805,0.05899851264253842,0.06246901338621715,0.12692117005453643,0.027764005949429845,0.16460089241447695,0.04784333168071393,0.18666336142786316,0.12047595438770452,0.06494794248884482,0.14625681705503224,0.05751115518096182,0.07188894397620228,0.05057015369360436,0.052553296975706494,0.0872583044124938,0.2498760535448686,0.27863163113534956,0.20228061477441744,0.2635101636093208,0.04462072384729797,0.07411998016856718,0.06048587010411502,0.33391175012394647,0.06048587010411502,0.31259295984134855,0.042637580565195836
LIBACT_UNCERTAINTY_SM,0.04933068914229053,0.1576598909271195,0.03024293505205751,0.05280118988596926,0.2315319781854239,0.2974714923153198,0.03445711452652454,0.020079325731284084,0.7516113039167079,0.7957362419434805,1.0,0.06841844323252355,0.06643529995042141,0.13411006445215667,0.03024293505205751,0.17302925136341102,0.04933068914229053,0.1906296479920674,0.1212196331184928,0.07535944471988101,0.14229053049082796,0.06122954883490332,0.07535944471988101,0.061973227565691624,0.06519583539910759,0.08824987605354487,0.18963807635101637,0.2107089737233515,0.27863163113534956,0.33192860684184433,0.0428854734754586,0.06916212196331185,0.06817055032226078,0.26574119980168565,0.06643529995042141,0.2550818046603867,0.05280118988596926
OPTIMAL_GREEDY_10,0.21219633118492812,0.06841844323252355,0.1065939514129896,0.3802677243430838,0.07238472979672782,0.08205255329697571,0.07535944471988101,0.03594447198810114,0.07387208725830441,0.05899851264253842,0.06841844323252355,1.0,0.552057511155181,0.1745166088249876,0.1065939514129896,0.20897372335151215,0.21219633118492812,0.11279127416955875,0.2315319781854239,0.4258800198314328,0.13559742191373328,0.32399603371343577,0.09890927119484383,0.1279127416955875,0.4266236985622211,0.090233019335647,0.06023797719385226,0.062221120475954385,0.07436787307882994,0.06941001487357462,0.06494794248884482,0.2506197322756569,0.17129400099157163,0.05999008428358949,0.2734258800198314,0.061973227565691624,0.3802677243430838
OPTIMAL_GREEDY_20,0.20302429350520576,0.07312840852751612,0.11105602379771938,0.3673772930094199,0.07213683688646505,0.07659890927119484,0.07659890927119484,0.03991075855230541,0.06941001487357462,0.06246901338621715,0.06643529995042141,0.552057511155181,1.0,0.16782350024789291,0.11105602379771938,0.20649479424888448,0.20302429350520576,0.10510659395141299,0.21616261774913237,0.4090233019335647,0.12865642042637582,0.32746653445711454,0.09494298463063956,0.12840852751611304,0.42017848289538917,0.09370352007932573,0.06172533465542886,0.06519583539910759,0.07015369360436291,0.06445215666831929,0.06346058502726822,0.24739712444224096,0.17129400099157163,0.05924640555280119,0.2736737729300942,0.058750619732275654,0.3673772930094199
PLAYGROUND_BANDIT,0.09766980664352999,0.11427863163113534,0.062221120475954385,0.13138324243926625,0.16831928606841845,0.1864154685176004,0.06569162121963312,0.04090233019335647,0.12196331184928111,0.12692117005453643,0.13411006445215667,0.1745166088249876,0.16782350024789291,1.0,0.062221120475954385,0.39439762022806146,0.09766980664352999,0.5651958353991076,0.4940505701536936,0.17203767972235995,0.2704511650966782,0.13336638572136836,0.090233019335647,0.08899355478433317,0.15220624690133863,0.17848289538919188,0.12295488349033218,0.13113534952900346,0.13857213683688646,0.16807139315815567,0.07015369360436291,0.12097174020823004,0.12394645513138325,0.15270203272186417,0.1353495290034705,0.14476945959345563,0.13138324243926625
PLAYGROUND_GRAPH_DENSITY,0.0880019831432821,0.0480912245909767,1.0,0.08676251859196826,0.03396132870599901,0.03619236489836391,0.06321269211700545,0.02478929102627665,0.02602875557759048,0.027764005949429845,0.03024293505205751,0.1065939514129896,0.11105602379771938,0.062221120475954385,1.0,0.06717897868120971,0.0880019831432821,0.044868616757560736,0.07089737233515121,0.10708973723351513,0.062221120475954385,0.08626673277144274,0.06941001487357462,0.05552801189885969,0.09965294992563213,0.03445711452652454,0.02900347050074368,0.028507684680218144,0.030986613782845812,0.029747149231531978,0.036440257808626676,0.09816559246405553,0.06817055032226078,0.026524541398116015,0.09271194843827467,0.025532969757064948,0.08676251859196826
PLAYGROUND_INFORMATIVE_DIVERSE,0.13287059990084282,0.12146752602875557,0.06717897868120971,0.14625681705503224,0.16460089241447695,0.1834407535944472,0.06965790778383739,0.026276648487853247,0.14923153197818542,0.16460089241447695,0.17302925136341102,0.20897372335151215,0.20649479424888448,0.39439762022806146,0.06717897868120971,1.0,0.13287059990084282,0.4194348041646009,0.39811601388200296,0.15716410510659395,0.2635101636093208,0.13782845810609817,0.07833415964303421,0.09766980664352999,0.17674764501735252,0.17278135845314824,0.15567674764501735,0.16162617749132374,0.1782350024789291,0.16955875061973227,0.06792265741199802,0.15294992563212692,0.1249380267724343,0.15096678235002478,0.1383242439266237,0.15468517600396628,0.14625681705503224
PLAYGROUND_KCENTER_GREEDY,1.0,0.10708973723351513,0.0880019831432821,0.1626177491323748,0.05453644025780863,0.052553296975706494,0.13361427863163114,0.10907288051561725,0.0473475458601884,0.04784333168071393,0.04933068914229053,0.21219633118492812,0.20302429350520576,0.09766980664352999,0.0880019831432821,0.13287059990084282,1.0,0.07139315815567675,0.12915220624690135,0.19533961328705998,0.12295488349033218,0.16757560733763013,0.06445215666831929,0.07882994546355974,0.19360436291522062,0.08775409023301933,0.04784333168071393,0.045364402578086264,0.0466038671294001,0.037927615270203274,0.09072880515617253,0.1554288547347546,0.2878036688150719,0.04090233019335647,0.1375805651958354,0.04015865146256817,0.1626177491323748
PLAYGROUND_MARGIN,0.07139315815567675,0.15518096182449181,0.044868616757560736,0.07288051561725335,0.2920178482895389,0.34357957362419433,0.06271690629647993,0.025037183936539417,0.16038671294000992,0.18666336142786316,0.1906296479920674,0.11279127416955875,0.10510659395141299,0.5651958353991076,0.044868616757560736,0.4194348041646009,0.07139315815567675,1.0,0.4690133862171542,0.10089241447694595,0.26127912741695586,0.07436787307882994,0.07932573128408528,0.07957362419434805,0.0946950917203768,0.1722855726326227,0.17873078829945463,0.19112543381259295,0.20451165096678234,0.3222607833415964,0.06073376301437779,0.0835399107585523,0.09147248388696083,0.26375805651958356,0.0991571641051066,0.248388696083292,0.07288051561725335
PLAYGROUND_MIXTURE,0.12915220624690135,0.09568666336142786,0.07089737233515121,0.16807139315815567,0.16013882002974714,0.1819533961328706,0.061973227565691624,0.0384234010907288,0.11502231036192365,0.12047595438770452,0.1212196331184928,0.2315319781854239,0.21616261774913237,0.4940505701536936,0.07089737233515121,0.39811601388200296,0.12915220624690135,0.4690133862171542,1.0,0.20252850768468023,0.2426871591472484,0.15270203272186417,0.0880019831432821,0.10733763014377788,0.20302429350520576,0.1633614278631631,0.11328705999008429,0.11948438274665345,0.12890431333663857,0.15443728309370353,0.06965790778383739,0.1685671789786812,0.1588993554784333,0.13262270699058007,0.16757560733763013,0.12840852751611304,0.16807139315815567
PLAYGROUND_UNIFORM,0.19533961328705998,0.06643529995042141,0.10708973723351513,0.40654437283093703,0.06717897868120971,0.07436787307882994,0.06445215666831929,0.0406544372830937,0.08081308874566187,0.06494794248884482,0.07535944471988101,0.4258800198314328,0.4090233019335647,0.17203767972235995,0.10708973723351513,0.15716410510659395,0.19533961328705998,0.10089241447694595,0.20252850768468023,1.0,0.14600892414476946,0.28730788299454635,0.10461080813088745,0.12667327714427368,0.4548834903321765,0.07932573128408528,0.05503222607833416,0.058254833911750126,0.06817055032226078,0.07362419434804164,0.07114526524541398,0.23177987109568665,0.1700545364402578,0.06296479920674268,0.26375805651958356,0.06321269211700545,0.40654437283093703
SKACTIVEML_COST_EMBEDDING,0.12295488349033218,0.12617749132374814,0.062221120475954385,0.10882498760535449,0.15716410510659395,0.14898363906792267,0.07535944471988101,0.02330193356470005,0.139067922657412,0.14625681705503224,0.14229053049082796,0.13559742191373328,0.12865642042637582,0.2704511650966782,0.062221120475954385,0.2635101636093208,0.12295488349033218,0.26127912741695586,0.2426871591472484,0.14600892414476946,1.0,0.11130391670798215,0.10609816559246406,0.0932077342588002,0.14675260287555775,0.2055032226078334,0.13981160138820029,0.13931581556767478,0.13981160138820029,0.12469013386217154,0.06470004957858205,0.13262270699058007,0.1457610312345067,0.13138324243926625,0.13138324243926625,0.13411006445215667,0.10882498760535449
SKACTIVEML_DAL,0.16757560733763013,0.07882994546355974,0.08626673277144274,0.28805156172533464,0.06445215666831929,0.06618740704015866,0.06866633614278632,0.043877045116509666,0.06965790778383739,0.05751115518096182,0.06122954883490332,0.32399603371343577,0.32746653445711454,0.13336638572136836,0.08626673277144274,0.13782845810609817,0.16757560733763013,0.07436787307882994,0.15270203272186417,0.28730788299454635,0.11130391670798215,1.0,0.10684184432325236,0.10634605850272683,0.300446207238473,0.06717897868120971,0.056023797719385225,0.05503222607833416,0.05577590480912246,0.06048587010411502,0.06271690629647993,0.17501239464551313,0.12617749132374814,0.05528011898859692,0.22136836886465047,0.05676747645017353,0.28805156172533464
SKACTIVEML_DWUS,0.06445215666831929,0.09791769955379276,0.06941001487357462,0.0924640555280119,0.07411998016856718,0.07263262270699058,0.1648487853247397,0.03594447198810114,0.08254833911750124,0.07188894397620228,0.07535944471988101,0.09890927119484383,0.09494298463063956,0.090233019335647,0.06941001487357462,0.07833415964303421,0.06445215666831929,0.07932573128408528,0.0880019831432821,0.10461080813088745,0.10609816559246406,0.10684184432325236,1.0,0.06668319286068418,0.10758552305404065,0.06693108577094695,0.08477937530986614,0.08006941001487357,0.08081308874566187,0.07486365889935548,0.05280118988596926,0.10039662865642042,0.08205255329697571,0.07139315815567675,0.0984134853743183,0.07833415964303421,0.0924640555280119
SKACTIVEML_QBC,0.07882994546355974,0.053792761527020325,0.05552801189885969,0.10585027268220129,0.05899851264253842,0.06494794248884482,0.059494298463063956,0.03520079325731284,0.05701536936043629,0.05057015369360436,0.061973227565691624,0.1279127416955875,0.12840852751611304,0.08899355478433317,0.05552801189885969,0.09766980664352999,0.07882994546355974,0.07957362419434805,0.10733763014377788,0.12667327714427368,0.0932077342588002,0.10634605850272683,0.06668319286068418,1.0,0.12816063460585028,0.06246901338621715,0.0436291522062469,0.045364402578086264,0.05552801189885969,0.06172533465542886,0.07263262270699058,0.10956866633614279,0.09122459097669806,0.05775904809122459,0.10981655924640556,0.05503222607833416,0.10585027268220129
SKACTIVEML_QBC_VOTE_ENTROPY,0.19360436291522062,0.06965790778383739,0.09965294992563213,0.4179474467030243,0.06792265741199802,0.08081308874566187,0.06618740704015866,0.03767972235994051,0.06717897868120971,0.052553296975706494,0.06519583539910759,0.4266236985622211,0.42017848289538917,0.15220624690133863,0.09965294992563213,0.17674764501735252,0.19360436291522062,0.0946950917203768,0.20302429350520576,0.4548834903321765,0.14675260287555775,0.300446207238473,0.10758552305404065,0.12816063460585028,1.0,0.08527516113039167,0.06023797719385226,0.05999008428358949,0.07535944471988101,0.06891422905304909,0.06841844323252355,0.23351512146752604,0.17327714427367377,0.053544868616757564,0.2659890927119484,0.05701536936043629,0.4179474467030243
SKACTIVEML_QUIRE,0.08775409023301933,0.11650966782350025,0.03445711452652454,0.06122954883490332,0.09271194843827467,0.09147248388696083,0.06841844323252355,0.08477937530986614,0.08924144769459594,0.0872583044124938,0.08824987605354487,0.090233019335647,0.09370352007932573,0.17848289538919188,0.03445711452652454,0.17278135845314824,0.08775409023301933,0.1722855726326227,0.1633614278631631,0.07932573128408528,0.2055032226078334,0.06717897868120971,0.06693108577094695,0.06246901338621715,0.08527516113039167,1.0,0.08626673277144274,0.08254833911750124,0.08230044620723848,0.08453148239960337,0.06668319286068418,0.06073376301437779,0.11204759543877045,0.08527516113039167,0.07585523054040655,0.0857709469509172,0.06122954883490332
SKACTIVEML_US_ENTROPY,0.04784333168071393,0.16807139315815567,0.02900347050074368,0.04189390183440753,0.2714427367377293,0.21417947446703026,0.03520079325731284,0.018096182449181954,0.2697074863658899,0.2498760535448686,0.18963807635101637,0.06023797719385226,0.06172533465542886,0.12295488349033218,0.02900347050074368,0.15567674764501735,0.04784333168071393,0.17873078829945463,0.11328705999008429,0.05503222607833416,0.13981160138820029,0.056023797719385225,0.08477937530986614,0.0436291522062469,0.06023797719385226,0.08626673277144274,1.0,0.838621715418939,0.7662369856222112,0.17773921665840356,0.04784333168071393,0.06593951412989589,0.06370847793753098,0.23599405057015369,0.06544372830937036,0.288795240456123,0.04189390183440753
SKACTIVEML_US_LC,0.045364402578086264,0.16435299950421417,0.028507684680218144,0.0421417947446703,0.3073872087258304,0.23574615765989093,0.03495290034705007,0.018839861179970253,0.22434308378780368,0.27863163113534956,0.2107089737233515,0.062221120475954385,0.06519583539910759,0.13113534952900346,0.028507684680218144,0.16162617749132374,0.045364402578086264,0.19112543381259295,0.11948438274665345,0.058254833911750126,0.13931581556767478,0.05503222607833416,0.08006941001487357,0.045364402578086264,0.05999008428358949,0.08254833911750124,0.838621715418939,1.0,0.8006941001487358,0.19781854238968766,0.0436291522062469,0.06767476450173525,0.06346058502726822,0.26846802181457613,0.06321269211700545,0.24541398116013882,0.0421417947446703
SKACTIVEML_US_MARGIN,0.0466038671294001,0.16385721368368864,0.030986613782845812,0.05404065443728309,0.23277144273673772,0.2999504214179474,0.03396132870599901,0.01983143282102132,0.17476450173525038,0.20228061477441744,0.27863163113534956,0.07436787307882994,0.07015369360436291,0.13857213683688646,0.030986613782845812,0.1782350024789291,0.0466038671294001,0.20451165096678234,0.12890431333663857,0.06817055032226078,0.13981160138820029,0.05577590480912246,0.08081308874566187,0.05552801189885969,0.07535944471988101,0.08230044620723848,0.7662369856222112,0.8006941001487358,1.0,0.2640059494298463,0.0406544372830937,0.06271690629647993,0.06841844323252355,0.1983143282102132,0.06891422905304909,0.18368864650470995,0.05404065443728309
SMALLTEXT_BREAKINGTIES,0.037927615270203274,0.16608824987605356,0.029747149231531978,0.05676747645017353,0.31556767476450176,0.4489340604858701,0.029747149231531978,0.024293505205751114,0.23401090728805157,0.2635101636093208,0.33192860684184433,0.06941001487357462,0.06445215666831929,0.16807139315815567,0.029747149231531978,0.16955875061973227,0.037927615270203274,0.3222607833415964,0.15443728309370353,0.07362419434804164,0.12469013386217154,0.06048587010411502,0.07486365889935548,0.06172533465542886,0.06891422905304909,0.08453148239960337,0.17773921665840356,0.19781854238968766,0.2640059494298463,1.0,0.041398116013882005,0.05800694100148736,0.06420426375805652,0.785572632622707,0.06494794248884482,0.7600396628656421,0.05676747645017353
SMALLTEXT_CONTRASTIVEAL,0.09072880515617253,0.06519583539910759,0.036440257808626676,0.06445215666831929,0.051065939514129896,0.0451165096678235,0.07089737233515121,0.1028755577590481,0.06792265741199802,0.04462072384729797,0.0428854734754586,0.06494794248884482,0.06346058502726822,0.07015369360436291,0.036440257808626676,0.06792265741199802,0.09072880515617253,0.06073376301437779,0.06965790778383739,0.07114526524541398,0.06470004957858205,0.06271690629647993,0.05280118988596926,0.07263262270699058,0.06841844323252355,0.06668319286068418,0.04784333168071393,0.0436291522062469,0.0406544372830937,0.041398116013882005,1.0,0.08081308874566187,0.14848785324739713,0.045364402578086264,0.07238472979672782,0.0480912245909767,0.06445215666831929
SMALLTEXT_EMBEDDINGKMEANS,0.1554288547347546,0.06023797719385226,0.09816559246405553,0.2107089737233515,0.07312840852751612,0.06246901338621715,0.11973227565691621,0.03767972235994051,0.07312840852751612,0.07411998016856718,0.06916212196331185,0.2506197322756569,0.24739712444224096,0.12097174020823004,0.09816559246405553,0.15294992563212692,0.1554288547347546,0.0835399107585523,0.1685671789786812,0.23177987109568665,0.13262270699058007,0.17501239464551313,0.10039662865642042,0.10956866633614279,0.23351512146752604,0.06073376301437779,0.06593951412989589,0.06767476450173525,0.06271690629647993,0.05800694100148736,0.08081308874566187,1.0,0.18616757560733763,0.06891422905304909,0.23277144273673772,0.06866633614278632,0.2107089737233515
SMALLTEXT_GREEDYCORESET,0.2878036688150719,0.09643034209221617,0.06817055032226078,0.14749628160634606,0.06990580069410014,0.07436787307882994,0.1457610312345067,0.0917203767972236,0.06122954883490332,0.06048587010411502,0.06817055032226078,0.17129400099157163,0.17129400099157163,0.12394645513138325,0.06817055032226078,0.1249380267724343,0.2878036688150719,0.09147248388696083,0.1588993554784333,0.1700545364402578,0.1457610312345067,0.12617749132374814,0.08205255329697571,0.09122459097669806,0.17327714427367377,0.11204759543877045,0.06370847793753098,0.06346058502726822,0.06841844323252355,0.06420426375805652,0.14848785324739713,0.18616757560733763,1.0,0.06122954883490332,0.16460089241447695,0.06246901338621715,0.14749628160634606
SMALLTEXT_LEASTCONFIDENCE,0.04090233019335647,0.16906296479920674,0.026524541398116015,0.04338125929598413,0.4524045612295488,0.3173029251363411,0.030490827962320277,0.020823004462072386,0.2967278135845315,0.33391175012394647,0.26574119980168565,0.05999008428358949,0.05924640555280119,0.15270203272186417,0.026524541398116015,0.15096678235002478,0.04090233019335647,0.26375805651958356,0.13262270699058007,0.06296479920674268,0.13138324243926625,0.05528011898859692,0.07139315815567675,0.05775904809122459,0.053544868616757564,0.08527516113039167,0.23599405057015369,0.26846802181457613,0.1983143282102132,0.785572632622707,0.045364402578086264,0.06891422905304909,0.06122954883490332,1.0,0.06122954883490332,0.83961328705999,0.04338125929598413
SMALLTEXT_LIGHTWEIGHTCORESET,0.1375805651958354,0.07337630143777887,0.09271194843827467,0.24814080317302925,0.06717897868120971,0.07089737233515121,0.08378780366881507,0.0480912245909767,0.05775904809122459,0.06048587010411502,0.06643529995042141,0.2734258800198314,0.2736737729300942,0.1353495290034705,0.09271194843827467,0.1383242439266237,0.1375805651958354,0.0991571641051066,0.16757560733763013,0.26375805651958356,0.13138324243926625,0.22136836886465047,0.0984134853743183,0.10981655924640556,0.2659890927119484,0.07585523054040655,0.06544372830937036,0.06321269211700545,0.06891422905304909,0.06494794248884482,0.07238472979672782,0.23277144273673772,0.16460089241447695,0.06122954883490332,1.0,0.060981655924640554,0.24814080317302925
SMALLTEXT_PREDICTIONENTROPY,0.04015865146256817,0.16831928606841845,0.025532969757064948,0.0466038671294001,0.37208725830441247,0.29325731284085277,0.03148239960337134,0.01908775409023302,0.334407535944472,0.31259295984134855,0.2550818046603867,0.061973227565691624,0.058750619732275654,0.14476945959345563,0.025532969757064948,0.15468517600396628,0.04015865146256817,0.248388696083292,0.12840852751611304,0.06321269211700545,0.13411006445215667,0.05676747645017353,0.07833415964303421,0.05503222607833416,0.05701536936043629,0.0857709469509172,0.288795240456123,0.24541398116013882,0.18368864650470995,0.7600396628656421,0.0480912245909767,0.06866633614278632,0.06246901338621715,0.83961328705999,0.060981655924640554,1.0,0.0466038671294001
SMALLTEXT_RANDOM,0.1626177491323748,0.046355974219137334,0.08676251859196826,1.0,0.051313832424392664,0.059742191373326724,0.062221120475954385,0.03247397124442241,0.053792761527020325,0.042637580565195836,0.05280118988596926,0.3802677243430838,0.3673772930094199,0.13138324243926625,0.08676251859196826,0.14625681705503224,0.1626177491323748,0.07288051561725335,0.16807139315815567,0.40654437283093703,0.10882498760535449,0.28805156172533464,0.0924640555280119,0.10585027268220129,0.4179474467030243,0.06122954883490332,0.04189390183440753,0.0421417947446703,0.05404065443728309,0.05676747645017353,0.06445215666831929,0.2107089737233515,0.14749628160634606,0.04338125929598413,0.24814080317302925,0.0466038671294001,1.0
