,ALIPY_CORESET_GREEDY,ALIPY_DENSITY_WEIGHTED,ALIPY_GRAPH_DENSITY,ALIPY_RANDOM,ALIPY_UNCERTAINTY_LC,ALIPY_UNCERTAINTY_MM,LIBACT_DWUS,LIBACT_QUIRE,LIBACT_UNCERTAINTY_ENT,LIBACT_UNCERTAINTY_LC,LIBACT_UNCERTAINTY_SM,OPTIMAL_GREEDY_10,OPTIMAL_GREEDY_20,PLAYGROUND_BANDIT,PLAYGROUND_GRAPH_DENSITY,PLAYGROUND_INFORMATIVE_DIVERSE,PLAYGROUND_KCENTER_GREEDY,PLAYGROUND_MARGIN,PLAYGROUND_MIXTURE,PLAYGROUND_UNIFORM,SKACTIVEML_COST_EMBEDDING,SKACTIVEML_DAL,SKACTIVEML_DWUS,SKACTIVEML_QBC,SKACTIVEML_QBC_VOTE_ENTROPY,SKACTIVEML_QUIRE,SKACTIVEML_US_ENTROPY,SKACTIVEML_US_LC,SKACTIVEML_US_MARGIN,SMALLTEXT_BREAKINGTIES,SMALLTEXT_CONTRASTIVEAL,SMALLTEXT_EMBEDDINGKMEANS,SMALLTEXT_GREEDYCORESET,SMALLTEXT_LEASTCONFIDENCE,SMALLTEXT_LIGHTWEIGHTCORESET,SMALLTEXT_PREDICTIONENTROPY,SMALLTEXT_RANDOM
ALIPY_CORESET_GREEDY,1.0,0.14005949429846307,0.10138820029747149,0.12022806147744175,0.09717402082300446,0.10064452156668319,0.07511155180961825,0.12345066931085771,0.06172533465542886,0.062221120475954385,0.06841844323252355,0.1938522558254834,0.2020327218641547,0.11080813088745661,0.10138820029747149,0.12964799206742686,1.0,0.10138820029747149,0.14154685176003967,0.15468517600396628,0.13063956370847793,0.14972731779871096,0.10436291522062469,0.13262270699058007,0.15790778383738224,0.13857213683688646,0.08676251859196826,0.0887456618740704,0.08304412493802678,0.07932573128408528,0.10014873574615767,0.15865146256817056,0.20029747149231533,0.07833415964303421,0.16038671294000992,0.07858205255329698,0.12022806147744175
ALIPY_DENSITY_WEIGHTED,0.14005949429846307,1.0,0.10758552305404065,0.11179970252850768,0.13931581556767478,0.13485374318294496,0.11279127416955875,0.1588993554784333,0.1036192364898364,0.11130391670798215,0.11179970252850768,0.1983143282102132,0.19707486365889937,0.15220624690133863,0.10758552305404065,0.1420426375805652,0.14005949429846307,0.1279127416955875,0.14526524541398117,0.17997025285076848,0.16460089241447695,0.17476450173525038,0.13237481408031732,0.1420426375805652,0.1670798215171046,0.1797223599405057,0.12518591968269707,0.1331184928111056,0.1301437778879524,0.13138324243926625,0.11725334655428855,0.14179474467030243,0.16955875061973227,0.1346058502726822,0.17178978681209717,0.13510163609320774,0.11179970252850768
ALIPY_GRAPH_DENSITY,0.10138820029747149,0.10758552305404065,1.0,0.1279127416955875,0.08899355478433317,0.09419930589985126,0.10832920178482895,0.08527516113039167,0.06321269211700545,0.05924640555280119,0.07263262270699058,0.20228061477441744,0.20475954387704512,0.0969261279127417,1.0,0.10882498760535449,0.10138820029747149,0.08453148239960337,0.12469013386217154,0.17327714427367377,0.11378284581060982,0.15840356965790778,0.11403073872087258,0.1420426375805652,0.16732771442736738,0.0991571641051066,0.06717897868120971,0.07213683688646505,0.08031730292513634,0.07734258800198314,0.10510659395141299,0.1588993554784333,0.15617253346554288,0.07238472979672782,0.17055032226078334,0.07114526524541398,0.1279127416955875
ALIPY_RANDOM,0.12022806147744175,0.11179970252850768,0.1279127416955875,1.0,0.10014873574615767,0.10832920178482895,0.10585027268220129,0.11750123946455131,0.07337630143777887,0.07461576598909271,0.08552305404065444,0.26003966286564206,0.25681705503222607,0.1249380267724343,0.1279127416955875,0.14625681705503224,0.12022806147744175,0.11551809618244918,0.16831928606841845,0.22731779871095686,0.13634110064452157,0.2017848289538919,0.11799702528507684,0.17129400099157163,0.21641051065939515,0.11774913237481408,0.09370352007932573,0.09494298463063956,0.10708973723351513,0.08750619732275657,0.12617749132374814,0.20649479424888448,0.1626177491323748,0.08378780366881507,0.21046108081308876,0.0835399107585523,1.0
ALIPY_UNCERTAINTY_LC,0.09717402082300446,0.13931581556767478,0.08899355478433317,0.10014873574615767,1.0,0.7498760535448686,0.09742191373326722,0.0991571641051066,0.1368368864650471,0.1648487853247397,0.12369856222112048,0.17997025285076848,0.18244918195339613,0.19955379276152702,0.08899355478433317,0.1442736737729301,0.09717402082300446,0.21789786812097173,0.17724343083787802,0.15939514129895885,0.16236985622211206,0.1536936043629152,0.1249380267724343,0.13063956370847793,0.15418939018344074,0.14154685176003967,0.1633614278631631,0.19112543381259295,0.1517104610808131,0.23128408527516114,0.12196331184928111,0.13039167079821518,0.13485374318294496,0.3572136836886465,0.15344571145265246,0.25409023301933564,0.10014873574615767
ALIPY_UNCERTAINTY_MM,0.10064452156668319,0.13485374318294496,0.09419930589985126,0.10832920178482895,0.7498760535448686,1.0,0.10560237977193852,0.10684184432325236,0.11923648983639068,0.12171541893901834,0.17699553792761527,0.1908775409023302,0.1960832920178483,0.21690629647992068,0.09419930589985126,0.14402578086266732,0.10064452156668319,0.2821021318790283,0.20277640059494298,0.16757560733763013,0.16162617749132374,0.16212196331184928,0.13361427863163114,0.13807635101636093,0.1626177491323748,0.13510163609320774,0.14080317302925136,0.146504709965295,0.19162121963311848,0.35399107585523054,0.12295488349033218,0.14154685176003967,0.14080317302925136,0.2352503718393654,0.16831928606841845,0.21343579573624194,0.10832920178482895
LIBACT_DWUS,0.07511155180961825,0.11279127416955875,0.10832920178482895,0.10585027268220129,0.09742191373326722,0.10560237977193852,1.0,0.10163609320773426,0.08081308874566187,0.07833415964303421,0.08403569657907783,0.16955875061973227,0.1826970748636589,0.10461080813088745,0.10832920178482895,0.09766980664352999,0.07511155180961825,0.10188398611799702,0.11378284581060982,0.14700049578582053,0.11279127416955875,0.1412989588497769,0.11923648983639068,0.13882002974714924,0.14774417451660882,0.11279127416955875,0.08651462568170551,0.0835399107585523,0.09593455627169063,0.09271194843827467,0.11898859692612791,0.15047099652949925,0.11427863163113534,0.08701041150223103,0.14452156668319285,0.08849776896380764,0.10585027268220129
LIBACT_QUIRE,0.12345066931085771,0.1588993554784333,0.08527516113039167,0.11750123946455131,0.0991571641051066,0.10684184432325236,0.10163609320773426,1.0,0.07535944471988101,0.07585523054040655,0.08477937530986614,0.17253346554288548,0.18220128904313337,0.11056023797719385,0.08527516113039167,0.11527020327218641,0.12345066931085771,0.10634605850272683,0.12270699058006941,0.1554288547347546,0.12394645513138325,0.14526524541398117,0.10485870104115022,0.13485374318294496,0.15220624690133863,0.153941497273178,0.08924144769459594,0.09295984134853744,0.09667823500247893,0.09444719881011403,0.12394645513138325,0.13485374318294496,0.13956370847793753,0.08924144769459594,0.15047099652949925,0.0917203767972236,0.11750123946455131
LIBACT_UNCERTAINTY_ENT,0.06172533465542886,0.1036192364898364,0.06321269211700545,0.07337630143777887,0.1368368864650471,0.11923648983639068,0.08081308874566187,0.07535944471988101,1.0,0.7882994546355975,0.7481408031730292,0.13039167079821518,0.13063956370847793,0.10411502231036192,0.06321269211700545,0.12989588497768964,0.06172533465542886,0.09568666336142786,0.0909766980664353,0.11056023797719385,0.12047595438770452,0.10932077342588002,0.11303916707982152,0.09890927119484383,0.11824491819533961,0.0991571641051066,0.16063460585027267,0.12840852751611304,0.11378284581060982,0.16360932077342588,0.0835399107585523,0.09742191373326722,0.09667823500247893,0.18666336142786316,0.11923648983639068,0.2278135845314824,0.07337630143777887
LIBACT_UNCERTAINTY_LC,0.062221120475954385,0.11130391670798215,0.05924640555280119,0.07461576598909271,0.1648487853247397,0.12171541893901834,0.07833415964303421,0.07585523054040655,0.7882994546355975,1.0,0.7702032721864155,0.12840852751611304,0.13435795736241943,0.10708973723351513,0.05924640555280119,0.13336638572136836,0.062221120475954385,0.0961824491819534,0.09519087754090233,0.10609816559246406,0.12221120475954388,0.11155180961824492,0.11750123946455131,0.10138820029747149,0.11650966782350025,0.10213187902825979,0.13237481408031732,0.15691621219633117,0.12295488349033218,0.17327714427367377,0.08601883986117997,0.09643034209221617,0.09122459097669806,0.2166584035696579,0.11874070401586515,0.1906296479920674,0.07461576598909271
LIBACT_UNCERTAINTY_SM,0.06841844323252355,0.11179970252850768,0.07263262270699058,0.08552305404065444,0.12369856222112048,0.17699553792761527,0.08403569657907783,0.08477937530986614,0.7481408031730292,0.7702032721864155,1.0,0.14476945959345563,0.1487357461576599,0.10956866633614279,0.07263262270699058,0.14154685176003967,0.06841844323252355,0.10237977193852256,0.10262766484878533,0.12320277640059495,0.12692117005453643,0.1256817055032226,0.12592959841348536,0.11601388200297472,0.12766484878532475,0.10188398611799702,0.11403073872087258,0.11626177491323748,0.16559246405552802,0.2211204759543877,0.0887456618740704,0.10882498760535449,0.09816559246405553,0.17302925136341102,0.12915220624690135,0.1752602875557759,0.08552305404065444
OPTIMAL_GREEDY_10,0.1938522558254834,0.1983143282102132,0.20228061477441744,0.26003966286564206,0.17997025285076848,0.1908775409023302,0.16955875061973227,0.17253346554288548,0.13039167079821518,0.12840852751611304,0.14476945959345563,1.0,0.5865146256817055,0.19955379276152702,0.20228061477441744,0.22359940505701537,0.1938522558254834,0.17327714427367377,0.2592959841348537,0.34605850272682204,0.20104115022310362,0.31284085275161133,0.18244918195339613,0.2744174516608825,0.3381259295984135,0.19112543381259295,0.15815567674764502,0.16980664352999505,0.1849281110560238,0.1626177491323748,0.18914229053049084,0.3453148239960337,0.2426871591472484,0.1479920674268716,0.3182944967773922,0.14600892414476946,0.26003966286564206
OPTIMAL_GREEDY_20,0.2020327218641547,0.19707486365889937,0.20475954387704512,0.25681705503222607,0.18244918195339613,0.1960832920178483,0.1826970748636589,0.18220128904313337,0.13063956370847793,0.13435795736241943,0.1487357461576599,0.5865146256817055,1.0,0.19633118492811105,0.20475954387704512,0.22682201289043133,0.2020327218641547,0.17649975210708974,0.26474962816063463,0.33862171541893904,0.19633118492811105,0.31259295984134855,0.1908775409023302,0.27962320277640057,0.334407535944472,0.19633118492811105,0.1650966782350025,0.16782350024789291,0.18294496777392166,0.16435299950421417,0.18839861179970252,0.34655428854734754,0.2498760535448686,0.1502231036192365,0.3294496777392167,0.15195835399107585,0.25681705503222607
PLAYGROUND_BANDIT,0.11080813088745661,0.15220624690133863,0.0969261279127417,0.1249380267724343,0.19955379276152702,0.21690629647992068,0.10461080813088745,0.11056023797719385,0.10411502231036192,0.10708973723351513,0.10956866633614279,0.19955379276152702,0.19633118492811105,1.0,0.0969261279127417,0.3671294000991572,0.11080813088745661,0.6286564204263758,0.39885969261279125,0.1968269707486366,0.26152702032721864,0.17947446703024295,0.12543381259295985,0.161378284581061,0.19137332672285573,0.16732771442736738,0.13658899355478432,0.13782845810609817,0.14105106593951414,0.1841844323252355,0.12592959841348536,0.1611303916707982,0.15121467526028756,0.1648487853247397,0.17997025285076848,0.1588993554784333,0.1249380267724343
PLAYGROUND_GRAPH_DENSITY,0.10138820029747149,0.10758552305404065,1.0,0.1279127416955875,0.08899355478433317,0.09419930589985126,0.10832920178482895,0.08527516113039167,0.06321269211700545,0.05924640555280119,0.07263262270699058,0.20228061477441744,0.20475954387704512,0.0969261279127417,1.0,0.10882498760535449,0.10138820029747149,0.08453148239960337,0.12469013386217154,0.17327714427367377,0.11378284581060982,0.15840356965790778,0.11403073872087258,0.1420426375805652,0.16732771442736738,0.0991571641051066,0.06717897868120971,0.07213683688646505,0.08031730292513634,0.07734258800198314,0.10510659395141299,0.1588993554784333,0.15617253346554288,0.07238472979672782,0.17055032226078334,0.07114526524541398,0.1279127416955875
PLAYGROUND_INFORMATIVE_DIVERSE,0.12964799206742686,0.1420426375805652,0.10882498760535449,0.14625681705503224,0.1442736737729301,0.14402578086266732,0.09766980664352999,0.11527020327218641,0.12989588497768964,0.13336638572136836,0.14154685176003967,0.22359940505701537,0.22682201289043133,0.3671294000991572,0.10882498760535449,1.0,0.12964799206742686,0.3448190381755082,0.3445711452652454,0.1901338621715419,0.20847793753098662,0.18542389687654934,0.1294000991571641,0.16360932077342588,0.20823004462072384,0.153941497273178,0.13138324243926625,0.13956370847793753,0.1427863163113535,0.12890431333663857,0.12394645513138325,0.17922657411998016,0.15146256817055032,0.12543381259295985,0.1893901834407536,0.12097174020823004,0.14625681705503224
PLAYGROUND_KCENTER_GREEDY,1.0,0.14005949429846307,0.10138820029747149,0.12022806147744175,0.09717402082300446,0.10064452156668319,0.07511155180961825,0.12345066931085771,0.06172533465542886,0.062221120475954385,0.06841844323252355,0.1938522558254834,0.2020327218641547,0.11080813088745661,0.10138820029747149,0.12964799206742686,1.0,0.10138820029747149,0.14154685176003967,0.15468517600396628,0.13063956370847793,0.14972731779871096,0.10436291522062469,0.13262270699058007,0.15790778383738224,0.13857213683688646,0.08676251859196826,0.0887456618740704,0.08304412493802678,0.07932573128408528,0.10014873574615767,0.15865146256817056,0.20029747149231533,0.07833415964303421,0.16038671294000992,0.07858205255329698,0.12022806147744175
PLAYGROUND_MARGIN,0.10138820029747149,0.1279127416955875,0.08453148239960337,0.11551809618244918,0.21789786812097173,0.2821021318790283,0.10188398611799702,0.10634605850272683,0.09568666336142786,0.0961824491819534,0.10237977193852256,0.17327714427367377,0.17649975210708974,0.6286564204263758,0.08453148239960337,0.3448190381755082,0.10138820029747149,1.0,0.48785324739712443,0.16831928606841845,0.24144769459593457,0.15245413981160139,0.11204759543877045,0.14700049578582053,0.16212196331184928,0.15493306891422906,0.11948438274665345,0.1249380267724343,0.12865642042637582,0.25012394645513136,0.11799702528507684,0.14328210213187903,0.1375805651958354,0.19533961328705998,0.15790778383738224,0.17947446703024295,0.11551809618244918
PLAYGROUND_MIXTURE,0.14154685176003967,0.14526524541398117,0.12469013386217154,0.16831928606841845,0.17724343083787802,0.20277640059494298,0.11378284581060982,0.12270699058006941,0.0909766980664353,0.09519087754090233,0.10262766484878533,0.2592959841348537,0.26474962816063463,0.39885969261279125,0.12469013386217154,0.3445711452652454,0.14154685176003967,0.48785324739712443,1.0,0.2506197322756569,0.2035200793257313,0.19732275656916212,0.12196331184928111,0.1782350024789291,0.21467526028755576,0.1450173525037184,0.11824491819533961,0.12592959841348536,0.13237481408031732,0.17402082300446206,0.1308874566187407,0.20699058006941,0.1628656420426376,0.14625681705503224,0.2072384729796728,0.13212692117005453,0.16831928606841845
PLAYGROUND_UNIFORM,0.15468517600396628,0.17997025285076848,0.17327714427367377,0.22731779871095686,0.15939514129895885,0.16757560733763013,0.14700049578582053,0.1554288547347546,0.11056023797719385,0.10609816559246406,0.12320277640059495,0.34605850272682204,0.33862171541893904,0.1968269707486366,0.17327714427367377,0.1901338621715419,0.15468517600396628,0.16831928606841845,0.2506197322756569,1.0,0.18468021814576102,0.24343083787803668,0.15518096182449181,0.21170054536440258,0.27565691621219635,0.1782350024789291,0.13336638572136836,0.13336638572136836,0.14724838869608328,0.14972731779871096,0.17501239464551313,0.26127912741695586,0.20500743678730787,0.1427863163113535,0.2592959841348537,0.13981160138820029,0.22731779871095686
SKACTIVEML_COST_EMBEDDING,0.13063956370847793,0.16460089241447695,0.11378284581060982,0.13634110064452157,0.16236985622211206,0.16162617749132374,0.11279127416955875,0.12394645513138325,0.12047595438770452,0.12221120475954388,0.12692117005453643,0.20104115022310362,0.19633118492811105,0.26152702032721864,0.11378284581060982,0.20847793753098662,0.13063956370847793,0.24144769459593457,0.2035200793257313,0.18468021814576102,1.0,0.17649975210708974,0.1368368864650471,0.1670798215171046,0.17699553792761527,0.20475954387704512,0.13981160138820029,0.14328210213187903,0.14476945959345563,0.14551313832424392,0.13435795736241943,0.15840356965790778,0.1633614278631631,0.14724838869608328,0.1826970748636589,0.1442736737729301,0.13634110064452157
SKACTIVEML_DAL,0.14972731779871096,0.17476450173525038,0.15840356965790778,0.2017848289538919,0.1536936043629152,0.16212196331184928,0.1412989588497769,0.14526524541398117,0.10932077342588002,0.11155180961824492,0.1256817055032226,0.31284085275161133,0.31259295984134855,0.17947446703024295,0.15840356965790778,0.18542389687654934,0.14972731779871096,0.15245413981160139,0.19732275656916212,0.24343083787803668,0.17649975210708974,1.0,0.1626177491323748,0.20104115022310362,0.24913237481408032,0.16534457114526524,0.14080317302925136,0.14724838869608328,0.1574119980168567,0.13981160138820029,0.15964303420922163,0.24442240951908775,0.19905800694100148,0.13063956370847793,0.23277144273673772,0.13262270699058007,0.2017848289538919
SKACTIVEML_DWUS,0.10436291522062469,0.13237481408031732,0.11403073872087258,0.11799702528507684,0.1249380267724343,0.13361427863163114,0.11923648983639068,0.10485870104115022,0.11303916707982152,0.11750123946455131,0.12592959841348536,0.18244918195339613,0.1908775409023302,0.12543381259295985,0.11403073872087258,0.1294000991571641,0.10436291522062469,0.11204759543877045,0.12196331184928111,0.15518096182449181,0.1368368864650471,0.1626177491323748,1.0,0.14229053049082796,0.16063460585027267,0.1264253842340109,0.12047595438770452,0.11328705999008429,0.1264253842340109,0.10932077342588002,0.11452652454139811,0.14600892414476946,0.13361427863163114,0.10436291522062469,0.15344571145265246,0.10138820029747149,0.11799702528507684
SKACTIVEML_QBC,0.13262270699058007,0.1420426375805652,0.1420426375805652,0.17129400099157163,0.13063956370847793,0.13807635101636093,0.13882002974714924,0.13485374318294496,0.09890927119484383,0.10138820029747149,0.11601388200297472,0.2744174516608825,0.27962320277640057,0.161378284581061,0.1420426375805652,0.16360932077342588,0.13262270699058007,0.14700049578582053,0.1782350024789291,0.21170054536440258,0.1670798215171046,0.20104115022310362,0.14229053049082796,1.0,0.2300446207238473,0.15195835399107585,0.12295488349033218,0.12890431333663857,0.1375805651958354,0.11849281110560238,0.15096678235002478,0.2129400099157164,0.1737729300941993,0.11328705999008429,0.2020327218641547,0.11303916707982152,0.17129400099157163
SKACTIVEML_QBC_VOTE_ENTROPY,0.15790778383738224,0.1670798215171046,0.16732771442736738,0.21641051065939515,0.15418939018344074,0.1626177491323748,0.14774417451660882,0.15220624690133863,0.11824491819533961,0.11650966782350025,0.12766484878532475,0.3381259295984135,0.334407535944472,0.19137332672285573,0.16732771442736738,0.20823004462072384,0.15790778383738224,0.16212196331184928,0.21467526028755576,0.27565691621219635,0.17699553792761527,0.24913237481408032,0.16063460585027267,0.2300446207238473,1.0,0.16162617749132374,0.14774417451660882,0.14724838869608328,0.16212196331184928,0.13063956370847793,0.16385721368368864,0.2699553792761527,0.20327218641546851,0.12369856222112048,0.26103123450669313,0.1271690629647992,0.21641051065939515
SKACTIVEML_QUIRE,0.13857213683688646,0.1797223599405057,0.0991571641051066,0.11774913237481408,0.14154685176003967,0.13510163609320774,0.11279127416955875,0.153941497273178,0.0991571641051066,0.10213187902825979,0.10188398611799702,0.19112543381259295,0.19633118492811105,0.16732771442736738,0.0991571641051066,0.153941497273178,0.13857213683688646,0.15493306891422906,0.1450173525037184,0.1782350024789291,0.20475954387704512,0.16534457114526524,0.1264253842340109,0.15195835399107585,0.16162617749132374,1.0,0.12444224095190877,0.1264253842340109,0.12741695587506197,0.1264253842340109,0.12592959841348536,0.14923153197818542,0.16435299950421417,0.12890431333663857,0.16385721368368864,0.1249380267724343,0.11774913237481408
SKACTIVEML_US_ENTROPY,0.08676251859196826,0.12518591968269707,0.06717897868120971,0.09370352007932573,0.1633614278631631,0.14080317302925136,0.08651462568170551,0.08924144769459594,0.16063460585027267,0.13237481408031732,0.11403073872087258,0.15815567674764502,0.1650966782350025,0.13658899355478432,0.06717897868120971,0.13138324243926625,0.08676251859196826,0.11948438274665345,0.11824491819533961,0.13336638572136836,0.13981160138820029,0.14080317302925136,0.12047595438770452,0.12295488349033218,0.14774417451660882,0.12444224095190877,1.0,0.7915220624690134,0.7516113039167079,0.11725334655428855,0.0969261279127417,0.11601388200297472,0.11626177491323748,0.1420426375805652,0.12915220624690135,0.1826970748636589,0.09370352007932573
SKACTIVEML_US_LC,0.0887456618740704,0.1331184928111056,0.07213683688646505,0.09494298463063956,0.19112543381259295,0.146504709965295,0.0835399107585523,0.09295984134853744,0.12840852751611304,0.15691621219633117,0.11626177491323748,0.16980664352999505,0.16782350024789291,0.13782845810609817,0.07213683688646505,0.13956370847793753,0.0887456618740704,0.1249380267724343,0.12592959841348536,0.13336638572136836,0.14328210213187903,0.14724838869608328,0.11328705999008429,0.12890431333663857,0.14724838869608328,0.1264253842340109,0.7915220624690134,1.0,0.7677243430837878,0.12692117005453643,0.10039662865642042,0.12196331184928111,0.11923648983639068,0.17030242935052056,0.1338621715418939,0.1412989588497769,0.09494298463063956
SKACTIVEML_US_MARGIN,0.08304412493802678,0.1301437778879524,0.08031730292513634,0.10708973723351513,0.1517104610808131,0.19162121963311848,0.09593455627169063,0.09667823500247893,0.11378284581060982,0.12295488349033218,0.16559246405552802,0.1849281110560238,0.18294496777392166,0.14105106593951414,0.08031730292513634,0.1427863163113535,0.08304412493802678,0.12865642042637582,0.13237481408031732,0.14724838869608328,0.14476945959345563,0.1574119980168567,0.1264253842340109,0.1375805651958354,0.16212196331184928,0.12741695587506197,0.7516113039167079,0.7677243430837878,1.0,0.16683192860684184,0.1036192364898364,0.12915220624690135,0.12022806147744175,0.1294000991571641,0.1536936043629152,0.12022806147744175,0.10708973723351513
SMALLTEXT_BREAKINGTIES,0.07932573128408528,0.13138324243926625,0.07734258800198314,0.08750619732275657,0.23128408527516114,0.35399107585523054,0.09271194843827467,0.09444719881011403,0.16360932077342588,0.17327714427367377,0.2211204759543877,0.1626177491323748,0.16435299950421417,0.1841844323252355,0.07734258800198314,0.12890431333663857,0.07932573128408528,0.25012394645513136,0.17402082300446206,0.14972731779871096,0.14551313832424392,0.13981160138820029,0.10932077342588002,0.11849281110560238,0.13063956370847793,0.1264253842340109,0.11725334655428855,0.12692117005453643,0.16683192860684184,1.0,0.09965294992563213,0.1256817055032226,0.12518591968269707,0.7513634110064452,0.1346058502726822,0.736737729300942,0.08750619732275657
SMALLTEXT_CONTRASTIVEAL,0.10014873574615767,0.11725334655428855,0.10510659395141299,0.12617749132374814,0.12196331184928111,0.12295488349033218,0.11898859692612791,0.12394645513138325,0.0835399107585523,0.08601883986117997,0.0887456618740704,0.18914229053049084,0.18839861179970252,0.12592959841348536,0.10510659395141299,0.12394645513138325,0.10014873574615767,0.11799702528507684,0.1308874566187407,0.17501239464551313,0.13435795736241943,0.15964303420922163,0.11452652454139811,0.15096678235002478,0.16385721368368864,0.12592959841348536,0.0969261279127417,0.10039662865642042,0.1036192364898364,0.09965294992563213,1.0,0.15047099652949925,0.15294992563212692,0.10138820029747149,0.16410510659395142,0.1028755577590481,0.12617749132374814
SMALLTEXT_EMBEDDINGKMEANS,0.15865146256817056,0.14179474467030243,0.1588993554784333,0.20649479424888448,0.13039167079821518,0.14154685176003967,0.15047099652949925,0.13485374318294496,0.09742191373326722,0.09643034209221617,0.10882498760535449,0.3453148239960337,0.34655428854734754,0.1611303916707982,0.1588993554784333,0.17922657411998016,0.15865146256817056,0.14328210213187903,0.20699058006941,0.26127912741695586,0.15840356965790778,0.24442240951908775,0.14600892414476946,0.2129400099157164,0.2699553792761527,0.14923153197818542,0.11601388200297472,0.12196331184928111,0.12915220624690135,0.1256817055032226,0.15047099652949925,1.0,0.18616757560733763,0.11328705999008429,0.26078334159643035,0.11080813088745661,0.20649479424888448
SMALLTEXT_GREEDYCORESET,0.20029747149231533,0.16955875061973227,0.15617253346554288,0.1626177491323748,0.13485374318294496,0.14080317302925136,0.11427863163113534,0.13956370847793753,0.09667823500247893,0.09122459097669806,0.09816559246405553,0.2426871591472484,0.2498760535448686,0.15121467526028756,0.15617253346554288,0.15146256817055032,0.20029747149231533,0.1375805651958354,0.1628656420426376,0.20500743678730787,0.1633614278631631,0.19905800694100148,0.13361427863163114,0.1737729300941993,0.20327218641546851,0.16435299950421417,0.11626177491323748,0.11923648983639068,0.12022806147744175,0.12518591968269707,0.15294992563212692,0.18616757560733763,1.0,0.11750123946455131,0.20748636588993555,0.12592959841348536,0.1626177491323748
SMALLTEXT_LEASTCONFIDENCE,0.07833415964303421,0.1346058502726822,0.07238472979672782,0.08378780366881507,0.3572136836886465,0.2352503718393654,0.08701041150223103,0.08924144769459594,0.18666336142786316,0.2166584035696579,0.17302925136341102,0.1479920674268716,0.1502231036192365,0.1648487853247397,0.07238472979672782,0.12543381259295985,0.07833415964303421,0.19533961328705998,0.14625681705503224,0.1427863163113535,0.14724838869608328,0.13063956370847793,0.10436291522062469,0.11328705999008429,0.12369856222112048,0.12890431333663857,0.1420426375805652,0.17030242935052056,0.1294000991571641,0.7513634110064452,0.10138820029747149,0.11328705999008429,0.11750123946455131,1.0,0.12394645513138325,0.7736737729300942,0.08378780366881507
SMALLTEXT_LIGHTWEIGHTCORESET,0.16038671294000992,0.17178978681209717,0.17055032226078334,0.21046108081308876,0.15344571145265246,0.16831928606841845,0.14452156668319285,0.15047099652949925,0.11923648983639068,0.11874070401586515,0.12915220624690135,0.3182944967773922,0.3294496777392167,0.17997025285076848,0.17055032226078334,0.1893901834407536,0.16038671294000992,0.15790778383738224,0.2072384729796728,0.2592959841348537,0.1826970748636589,0.23277144273673772,0.15344571145265246,0.2020327218641547,0.26103123450669313,0.16385721368368864,0.12915220624690135,0.1338621715418939,0.1536936043629152,0.1346058502726822,0.16410510659395142,0.26078334159643035,0.20748636588993555,0.12394645513138325,1.0,0.12865642042637582,0.21046108081308876
SMALLTEXT_PREDICTIONENTROPY,0.07858205255329698,0.13510163609320774,0.07114526524541398,0.0835399107585523,0.25409023301933564,0.21343579573624194,0.08849776896380764,0.0917203767972236,0.2278135845314824,0.1906296479920674,0.1752602875557759,0.14600892414476946,0.15195835399107585,0.1588993554784333,0.07114526524541398,0.12097174020823004,0.07858205255329698,0.17947446703024295,0.13212692117005453,0.13981160138820029,0.1442736737729301,0.13262270699058007,0.10138820029747149,0.11303916707982152,0.1271690629647992,0.1249380267724343,0.1826970748636589,0.1412989588497769,0.12022806147744175,0.736737729300942,0.1028755577590481,0.11080813088745661,0.12592959841348536,0.7736737729300942,0.12865642042637582,1.0,0.0835399107585523
SMALLTEXT_RANDOM,0.12022806147744175,0.11179970252850768,0.1279127416955875,1.0,0.10014873574615767,0.10832920178482895,0.10585027268220129,0.11750123946455131,0.07337630143777887,0.07461576598909271,0.08552305404065444,0.26003966286564206,0.25681705503222607,0.1249380267724343,0.1279127416955875,0.14625681705503224,0.12022806147744175,0.11551809618244918,0.16831928606841845,0.22731779871095686,0.13634110064452157,0.2017848289538919,0.11799702528507684,0.17129400099157163,0.21641051065939515,0.11774913237481408,0.09370352007932573,0.09494298463063956,0.10708973723351513,0.08750619732275657,0.12617749132374814,0.20649479424888448,0.1626177491323748,0.08378780366881507,0.21046108081308876,0.0835399107585523,1.0
