,ALIPY_CORESET_GREEDY,ALIPY_DENSITY_WEIGHTED,ALIPY_GRAPH_DENSITY,ALIPY_RANDOM,ALIPY_UNCERTAINTY_LC,ALIPY_UNCERTAINTY_MM,LIBACT_DWUS,LIBACT_QUIRE,LIBACT_UNCERTAINTY_ENT,LIBACT_UNCERTAINTY_LC,LIBACT_UNCERTAINTY_SM,OPTIMAL_GREEDY_10,OPTIMAL_GREEDY_20,PLAYGROUND_BANDIT,PLAYGROUND_GRAPH_DENSITY,PLAYGROUND_INFORMATIVE_DIVERSE,PLAYGROUND_KCENTER_GREEDY,PLAYGROUND_MARGIN,PLAYGROUND_MIXTURE,PLAYGROUND_UNIFORM,SKACTIVEML_COST_EMBEDDING,SKACTIVEML_DAL,SKACTIVEML_DWUS,SKACTIVEML_QBC,SKACTIVEML_QBC_VOTE_ENTROPY,SKACTIVEML_QUIRE,SKACTIVEML_US_ENTROPY,SKACTIVEML_US_LC,SKACTIVEML_US_MARGIN,SMALLTEXT_BREAKINGTIES,SMALLTEXT_CONTRASTIVEAL,SMALLTEXT_EMBEDDINGKMEANS,SMALLTEXT_GREEDYCORESET,SMALLTEXT_LEASTCONFIDENCE,SMALLTEXT_LIGHTWEIGHTCORESET,SMALLTEXT_PREDICTIONENTROPY,SMALLTEXT_RANDOM
ALIPY_CORESET_GREEDY,1.0,0.0917203767972236,0.026524541398116015,0.07139315815567675,0.04189390183440753,0.035448686167575606,0.07907783837382251,0.16038671294000992,0.029995042141794746,0.02825979176995538,0.03148239960337134,0.13634110064452157,0.1271690629647992,0.10014873574615767,0.026524541398116015,0.0768468021814576,1.0,0.05156172533465543,0.10461080813088745,0.14724838869608328,0.09221616261774913,0.15642042637580567,0.10312345066931086,0.11303916707982152,0.1502231036192365,0.07882994546355974,0.03173029251363411,0.029251363411006447,0.029251363411006447,0.028507684680218144,0.10510659395141299,0.11378284581060982,0.2811105602379772,0.027020327218641546,0.1536936043629152,0.026772434308378782,0.07139315815567675
ALIPY_DENSITY_WEIGHTED,0.0917203767972236,1.0,0.032969757064947945,0.06147744174516609,0.20252850768468023,0.20054536440257809,0.08775409023301933,0.13733267228557264,0.1707982151710461,0.17699553792761527,0.17203767972235995,0.1065939514129896,0.11378284581060982,0.180466038671294,0.032969757064947945,0.21913733267228558,0.0917203767972236,0.20674268715914726,0.19186911254338126,0.11378284581060982,0.19286068418443233,0.11477441745166088,0.1294000991571641,0.08849776896380764,0.11378284581060982,0.20029747149231533,0.18542389687654934,0.17674764501735252,0.17947446703024295,0.17129400099157163,0.19286068418443233,0.10758552305404065,0.16212196331184928,0.17352503718393653,0.10832920178482895,0.18319286068418444,0.06147744174516609
ALIPY_GRAPH_DENSITY,0.026524541398116015,0.032969757064947945,1.0,0.03024293505205751,0.015369360436291522,0.016608824987605353,0.06321269211700545,0.05528011898859692,0.013882002974714923,0.008924144769459593,0.013634110064452157,0.07808626673277144,0.07833415964303421,0.031978185423896875,1.0,0.027764005949429845,0.026524541398116015,0.020079325731284084,0.02825979176995538,0.060981655924640554,0.03520079325731284,0.058254833911750126,0.05627169062964799,0.06767476450173525,0.08378780366881507,0.04338125929598413,0.014377788795240456,0.01412989588497769,0.016608824987605353,0.011898859692612791,0.05205751115518096,0.060981655924640554,0.051313832424392664,0.00991571641051066,0.06767476450173525,0.010163609320773426,0.03024293505205751
ALIPY_RANDOM,0.07139315815567675,0.06147744174516609,0.03024293505205751,1.0,0.027020327218641546,0.029995042141794746,0.1065939514129896,0.090233019335647,0.021566683192860685,0.017352503718393655,0.01908775409023302,0.16162617749132374,0.16732771442736738,0.07486365889935548,0.03024293505205751,0.058254833911750126,0.07139315815567675,0.043877045116509666,0.07387208725830441,0.17947446703024295,0.07486365889935548,0.1665840356965791,0.11477441745166088,0.14303420922161625,0.15790778383738224,0.06643529995042141,0.018839861179970253,0.020823004462072386,0.020823004462072386,0.01760039662865642,0.05850272682201289,0.14625681705503224,0.12518591968269707,0.01983143282102132,0.14848785324739713,0.017848289538919187,1.0
ALIPY_UNCERTAINTY_LC,0.04189390183440753,0.20252850768468023,0.015369360436291522,0.027020327218641546,1.0,0.7647496281606346,0.06494794248884482,0.06172533465542886,0.1650966782350025,0.19211700545364402,0.16782350024789291,0.05503222607833416,0.05404065443728309,0.13510163609320774,0.015369360436291522,0.17798710956866634,0.04189390183440753,0.23054040654437283,0.14848785324739713,0.05428854734754586,0.16038671294000992,0.058254833911750126,0.0924640555280119,0.05205751115518096,0.05999008428358949,0.13485374318294496,0.16906296479920674,0.19186911254338126,0.1700545364402578,0.23103619236489836,0.13063956370847793,0.058750619732275654,0.07833415964303421,0.3259791769955379,0.05156172533465543,0.2508676251859197,0.027020327218641546
ALIPY_UNCERTAINTY_MM,0.035448686167575606,0.20054536440257809,0.016608824987605353,0.029995042141794746,0.7647496281606346,1.0,0.06668319286068418,0.06296479920674268,0.1502231036192365,0.16683192860684184,0.1960832920178483,0.05651958353991076,0.054784333168071395,0.13782845810609817,0.016608824987605353,0.18170550322260784,0.035448686167575606,0.27962320277640057,0.1707982151710461,0.053544868616757564,0.15642042637580567,0.059742191373326724,0.09147248388696083,0.05280118988596926,0.06519583539910759,0.13634110064452157,0.16187407040158652,0.17104610808130888,0.19360436291522062,0.3336638572136837,0.1271690629647992,0.05850272682201289,0.07982151710461081,0.2270699058006941,0.05081804660386713,0.21864154685176004,0.029995042141794746
LIBACT_DWUS,0.07907783837382251,0.08775409023301933,0.06321269211700545,0.1065939514129896,0.06494794248884482,0.06668319286068418,1.0,0.11403073872087258,0.05057015369360436,0.05280118988596926,0.05304908279623203,0.1864154685176004,0.19186911254338126,0.1331184928111056,0.06321269211700545,0.12865642042637582,0.07907783837382251,0.10163609320773426,0.12022806147744175,0.20798215171046108,0.14328210213187903,0.1760039662865642,0.25483391175012393,0.1797223599405057,0.20153693604362916,0.11824491819533961,0.05304908279623203,0.05007436787307883,0.0532969757064948,0.04685176003966286,0.15790778383738224,0.2553296975706495,0.11750123946455131,0.0451165096678235,0.15518096182449181,0.048834903321764996,0.1065939514129896
LIBACT_QUIRE,0.16038671294000992,0.13733267228557264,0.05528011898859692,0.090233019335647,0.06172533465542886,0.06296479920674268,0.11403073872087258,1.0,0.04784333168071393,0.0458601883986118,0.04933068914229053,0.16038671294000992,0.16187407040158652,0.10981655924640556,0.05528011898859692,0.09890927119484383,0.16038671294000992,0.08378780366881507,0.10956866633614279,0.15245413981160139,0.09890927119484383,0.1611303916707982,0.1346058502726822,0.14551313832424392,0.15592464055528013,0.1405552801189886,0.05156172533465543,0.050322260783341594,0.0532969757064948,0.049826474962816066,0.18393653941497273,0.1626177491323748,0.2233515121467526,0.05280118988596926,0.17278135845314824,0.04858701041150223,0.090233019335647
LIBACT_UNCERTAINTY_ENT,0.029995042141794746,0.1707982151710461,0.013882002974714923,0.021566683192860685,0.1650966782350025,0.1502231036192365,0.05057015369360436,0.04784333168071393,1.0,0.7764005949429846,0.7530986613782846,0.04610808130887457,0.044124938026772434,0.10188398611799702,0.013882002974714923,0.15294992563212692,0.029995042141794746,0.13411006445215667,0.10783341596430342,0.04933068914229053,0.1375805651958354,0.050322260783341594,0.06965790778383739,0.035696579077838374,0.041398116013882005,0.11179970252850768,0.17203767972235995,0.15096678235002478,0.1360932077342588,0.14923153197818542,0.12394645513138325,0.04164600892414477,0.06296479920674268,0.16088249876053545,0.04685176003966286,0.18839861179970252,0.021566683192860685
LIBACT_UNCERTAINTY_LC,0.02825979176995538,0.17699553792761527,0.008924144769459593,0.017352503718393655,0.19211700545364402,0.16683192860684184,0.05280118988596926,0.0458601883986118,0.7764005949429846,1.0,0.7741695587506198,0.03991075855230541,0.03991075855230541,0.1065939514129896,0.008924144769459593,0.1588993554784333,0.02825979176995538,0.14154685176003967,0.10857709469509172,0.03817550818046604,0.13857213683688646,0.046355974219137334,0.06916212196331185,0.035696579077838374,0.04115022310361924,0.10808130887456618,0.1626177491323748,0.16683192860684184,0.15592464055528013,0.15964303420922163,0.10832920178482895,0.037927615270203274,0.06122954883490332,0.18790282597917699,0.035448686167575606,0.18765493306891423,0.017352503718393655
LIBACT_UNCERTAINTY_SM,0.03148239960337134,0.17203767972235995,0.013634110064452157,0.01908775409023302,0.16782350024789291,0.1960832920178483,0.05304908279623203,0.04933068914229053,0.7530986613782846,0.7741695587506198,1.0,0.04462072384729797,0.044868616757560736,0.11031234506693109,0.013634110064452157,0.17476450173525038,0.03148239960337134,0.15642042637580567,0.12369856222112048,0.039167079821517105,0.13708477937530986,0.04833911750123947,0.06593951412989589,0.035448686167575606,0.04164600892414477,0.11229548834903322,0.15096678235002478,0.15096678235002478,0.17997025285076848,0.1968269707486366,0.11229548834903322,0.0384234010907288,0.06122954883490332,0.16212196331184928,0.03941497273177987,0.16534457114526524,0.01908775409023302
OPTIMAL_GREEDY_10,0.13634110064452157,0.1065939514129896,0.07808626673277144,0.16162617749132374,0.05503222607833416,0.05651958353991076,0.1864154685176004,0.16038671294000992,0.04610808130887457,0.03991075855230541,0.04462072384729797,1.0,0.3150718889439762,0.12221120475954388,0.07808626673277144,0.1036192364898364,0.13634110064452157,0.08477937530986614,0.12097174020823004,0.2625185919682697,0.13039167079821518,0.2545860188398612,0.1901338621715419,0.23277144273673772,0.26078334159643035,0.11229548834903322,0.0451165096678235,0.04238968765493307,0.04610808130887457,0.0384234010907288,0.10089241447694595,0.24714923153197818,0.2017848289538919,0.03594447198810114,0.23599405057015369,0.03891918691125434,0.16162617749132374
OPTIMAL_GREEDY_20,0.1271690629647992,0.11378284581060982,0.07833415964303421,0.16732771442736738,0.05404065443728309,0.054784333168071395,0.19186911254338126,0.16187407040158652,0.044124938026772434,0.03991075855230541,0.044868616757560736,0.3150718889439762,1.0,0.12369856222112048,0.07833415964303421,0.10262766484878533,0.1271690629647992,0.08453148239960337,0.12667327714427368,0.27119484382746656,0.12592959841348536,0.24318294496777393,0.1923648983639068,0.248388696083292,0.2811105602379772,0.11279127416955875,0.04189390183440753,0.03718393653941497,0.04115022310361924,0.03718393653941497,0.10535448686167576,0.26871591472483886,0.20996529499256322,0.03619236489836391,0.24714923153197818,0.03767972235994051,0.16732771442736738
PLAYGROUND_BANDIT,0.10014873574615767,0.180466038671294,0.031978185423896875,0.07486365889935548,0.13510163609320774,0.13782845810609817,0.1331184928111056,0.10981655924640556,0.10188398611799702,0.1065939514129896,0.11031234506693109,0.12221120475954388,0.12369856222112048,1.0,0.031978185423896875,0.4090233019335647,0.10014873574615767,0.41373326722855724,0.4447198810114031,0.13857213683688646,0.21269211700545365,0.139067922657412,0.1405552801189886,0.11650966782350025,0.1412989588497769,0.17873078829945463,0.10758552305404065,0.10485870104115022,0.10609816559246406,0.11650966782350025,0.18765493306891423,0.14105106593951414,0.15493306891422906,0.11551809618244918,0.12469013386217154,0.11378284581060982,0.07486365889935548
PLAYGROUND_GRAPH_DENSITY,0.026524541398116015,0.032969757064947945,1.0,0.03024293505205751,0.015369360436291522,0.016608824987605353,0.06321269211700545,0.05528011898859692,0.013882002974714923,0.008924144769459593,0.013634110064452157,0.07808626673277144,0.07833415964303421,0.031978185423896875,1.0,0.027764005949429845,0.026524541398116015,0.020079325731284084,0.02825979176995538,0.060981655924640554,0.03520079325731284,0.058254833911750126,0.05627169062964799,0.06767476450173525,0.08378780366881507,0.04338125929598413,0.014377788795240456,0.01412989588497769,0.016608824987605353,0.011898859692612791,0.05205751115518096,0.060981655924640554,0.051313832424392664,0.00991571641051066,0.06767476450173525,0.010163609320773426,0.03024293505205751
PLAYGROUND_INFORMATIVE_DIVERSE,0.0768468021814576,0.21913733267228558,0.027764005949429845,0.058254833911750126,0.17798710956866634,0.18170550322260784,0.12865642042637582,0.09890927119484383,0.15294992563212692,0.1588993554784333,0.17476450173525038,0.1036192364898364,0.10262766484878533,0.4090233019335647,0.027764005949429845,1.0,0.0768468021814576,0.42711948438274666,0.38943976202280617,0.10956866633614279,0.2404561229548835,0.12766484878532475,0.14179474467030243,0.09221616261774913,0.10485870104115022,0.1945959345562717,0.1663361427863163,0.17055032226078334,0.18220128904313337,0.16608824987605356,0.2017848289538919,0.13113534952900346,0.13658899355478432,0.15146256817055032,0.10436291522062469,0.1536936043629152,0.058254833911750126
PLAYGROUND_KCENTER_GREEDY,1.0,0.0917203767972236,0.026524541398116015,0.07139315815567675,0.04189390183440753,0.035448686167575606,0.07907783837382251,0.16038671294000992,0.029995042141794746,0.02825979176995538,0.03148239960337134,0.13634110064452157,0.1271690629647992,0.10014873574615767,0.026524541398116015,0.0768468021814576,1.0,0.05156172533465543,0.10461080813088745,0.14724838869608328,0.09221616261774913,0.15642042637580567,0.10312345066931086,0.11303916707982152,0.1502231036192365,0.07882994546355974,0.03173029251363411,0.029251363411006447,0.029251363411006447,0.028507684680218144,0.10510659395141299,0.11378284581060982,0.2811105602379772,0.027020327218641546,0.1536936043629152,0.026772434308378782,0.07139315815567675
PLAYGROUND_MARGIN,0.05156172533465543,0.20674268715914726,0.020079325731284084,0.043877045116509666,0.23054040654437283,0.27962320277640057,0.10163609320773426,0.08378780366881507,0.13411006445215667,0.14154685176003967,0.15642042637580567,0.08477937530986614,0.08453148239960337,0.41373326722855724,0.020079325731284084,0.42711948438274666,0.05156172533465543,1.0,0.5233019335647,0.0880019831432821,0.21715418939018344,0.0961824491819534,0.1065939514129896,0.07759048091224591,0.08750619732275657,0.1665840356965791,0.15815567674764502,0.15617253346554288,0.1611303916707982,0.24169558750619732,0.17302925136341102,0.09593455627169063,0.11006445215666832,0.19211700545364402,0.08106098165592464,0.19509172037679723,0.043877045116509666
PLAYGROUND_MIXTURE,0.10461080813088745,0.19186911254338126,0.02825979176995538,0.07387208725830441,0.14848785324739713,0.1707982151710461,0.12022806147744175,0.10956866633614279,0.10783341596430342,0.10857709469509172,0.12369856222112048,0.12097174020823004,0.12667327714427368,0.4447198810114031,0.02825979176995538,0.38943976202280617,0.10461080813088745,0.5233019335647,1.0,0.12592959841348536,0.2151710461080813,0.1412989588497769,0.13063956370847793,0.10733763014377788,0.13262270699058007,0.17724343083787802,0.10535448686167576,0.10436291522062469,0.10733763014377788,0.14303420922161625,0.17848289538919188,0.13807635101636093,0.17055032226078334,0.11477441745166088,0.12345066931085771,0.12146752602875557,0.07387208725830441
PLAYGROUND_UNIFORM,0.14724838869608328,0.11378284581060982,0.060981655924640554,0.17947446703024295,0.05428854734754586,0.053544868616757564,0.20798215171046108,0.15245413981160139,0.04933068914229053,0.03817550818046604,0.039167079821517105,0.2625185919682697,0.27119484382746656,0.13857213683688646,0.060981655924640554,0.10956866633614279,0.14724838869608328,0.0880019831432821,0.12592959841348536,1.0,0.14377788795240456,0.24863658899355479,0.1789786812097174,0.23847297967278136,0.26103123450669313,0.11006445215666832,0.040406544372830935,0.039167079821517105,0.039167079821517105,0.03594447198810114,0.12097174020823004,0.25756073376301436,0.2166584035696579,0.03495290034705007,0.24219137332672286,0.03619236489836391,0.17947446703024295
SKACTIVEML_COST_EMBEDDING,0.09221616261774913,0.19286068418443233,0.03520079325731284,0.07486365889935548,0.16038671294000992,0.15642042637580567,0.14328210213187903,0.09890927119484383,0.1375805651958354,0.13857213683688646,0.13708477937530986,0.13039167079821518,0.12592959841348536,0.21269211700545365,0.03520079325731284,0.2404561229548835,0.09221616261774913,0.21715418939018344,0.2151710461080813,0.14377788795240456,1.0,0.1338621715418939,0.14402578086266732,0.10907288051561725,0.13782845810609817,0.1871591472483887,0.14402578086266732,0.14179474467030243,0.14377788795240456,0.13411006445215667,0.1797223599405057,0.146504709965295,0.16212196331184928,0.14080317302925136,0.11774913237481408,0.14030738720872582,0.07486365889935548
SKACTIVEML_DAL,0.15642042637580567,0.11477441745166088,0.058254833911750126,0.1665840356965791,0.058254833911750126,0.059742191373326724,0.1760039662865642,0.1611303916707982,0.050322260783341594,0.046355974219137334,0.04833911750123947,0.2545860188398612,0.24318294496777393,0.139067922657412,0.058254833911750126,0.12766484878532475,0.15642042637580567,0.0961824491819534,0.1412989588497769,0.24863658899355479,0.1338621715418939,1.0,0.17848289538919188,0.21244422409519087,0.24962816063460586,0.11998016856717898,0.0436291522062469,0.043877045116509666,0.04313336638572137,0.046355974219137334,0.1264253842340109,0.2530986613782846,0.21046108081308876,0.040406544372830935,0.24343083787803668,0.0406544372830937,0.1665840356965791
SKACTIVEML_DWUS,0.10312345066931086,0.1294000991571641,0.05627169062964799,0.11477441745166088,0.0924640555280119,0.09147248388696083,0.25483391175012393,0.1346058502726822,0.06965790778383739,0.06916212196331185,0.06593951412989589,0.1901338621715419,0.1923648983639068,0.1405552801189886,0.05627169062964799,0.14179474467030243,0.10312345066931086,0.1065939514129896,0.13063956370847793,0.1789786812097174,0.14402578086266732,0.17848289538919188,1.0,0.17501239464551313,0.18765493306891423,0.12964799206742686,0.06395637084779375,0.06494794248884482,0.06519583539910759,0.06370847793753098,0.12692117005453643,0.21417947446703026,0.16410510659395142,0.06841844323252355,0.16559246405552802,0.06965790778383739,0.11477441745166088
SKACTIVEML_QBC,0.11303916707982152,0.08849776896380764,0.06767476450173525,0.14303420922161625,0.05205751115518096,0.05280118988596926,0.1797223599405057,0.14551313832424392,0.035696579077838374,0.035696579077838374,0.035448686167575606,0.23277144273673772,0.248388696083292,0.11650966782350025,0.06767476450173525,0.09221616261774913,0.11303916707982152,0.07759048091224591,0.10733763014377788,0.23847297967278136,0.10907288051561725,0.21244422409519087,0.17501239464551313,1.0,0.22533465542885472,0.10485870104115022,0.036440257808626676,0.03668815071888944,0.03718393653941497,0.035448686167575606,0.0991571641051066,0.21938522558254833,0.16410510659395142,0.033217649975210706,0.19657907783837383,0.031978185423896875,0.14303420922161625
SKACTIVEML_QBC_VOTE_ENTROPY,0.1502231036192365,0.11378284581060982,0.08378780366881507,0.15790778383738224,0.05999008428358949,0.06519583539910759,0.20153693604362916,0.15592464055528013,0.041398116013882005,0.04115022310361924,0.04164600892414477,0.26078334159643035,0.2811105602379772,0.1412989588497769,0.08378780366881507,0.10485870104115022,0.1502231036192365,0.08750619732275657,0.13262270699058007,0.26103123450669313,0.13782845810609817,0.24962816063460586,0.18765493306891423,0.22533465542885472,1.0,0.11303916707982152,0.0428854734754586,0.04338125929598413,0.04115022310361924,0.044124938026772434,0.12394645513138325,0.2640059494298463,0.2255825483391175,0.03966286564204264,0.24020823004462072,0.0406544372830937,0.15790778383738224
SKACTIVEML_QUIRE,0.07882994546355974,0.20029747149231533,0.04338125929598413,0.06643529995042141,0.13485374318294496,0.13634110064452157,0.11824491819533961,0.1405552801189886,0.11179970252850768,0.10808130887456618,0.11229548834903322,0.11229548834903322,0.11279127416955875,0.17873078829945463,0.04338125929598413,0.1945959345562717,0.07882994546355974,0.1665840356965791,0.17724343083787802,0.11006445215666832,0.1871591472483887,0.11998016856717898,0.12964799206742686,0.10485870104115022,0.11303916707982152,1.0,0.11874070401586515,0.124194348041646,0.12171541893901834,0.11328705999008429,0.2322756569162122,0.10411502231036192,0.12816063460585028,0.11155180961824492,0.11056023797719385,0.11750123946455131,0.06643529995042141
SKACTIVEML_US_ENTROPY,0.03173029251363411,0.18542389687654934,0.014377788795240456,0.018839861179970253,0.16906296479920674,0.16187407040158652,0.05304908279623203,0.05156172533465543,0.17203767972235995,0.1626177491323748,0.15096678235002478,0.0451165096678235,0.04189390183440753,0.10758552305404065,0.014377788795240456,0.1663361427863163,0.03173029251363411,0.15815567674764502,0.10535448686167576,0.040406544372830935,0.14402578086266732,0.0436291522062469,0.06395637084779375,0.036440257808626676,0.0428854734754586,0.11874070401586515,1.0,0.7890431333663858,0.7657411998016856,0.14377788795240456,0.11254338125929599,0.031978185423896875,0.059494298463063956,0.15220624690133863,0.03396132870599901,0.18145761031234506,0.018839861179970253
SKACTIVEML_US_LC,0.029251363411006447,0.17674764501735252,0.01412989588497769,0.020823004462072386,0.19186911254338126,0.17104610808130888,0.05007436787307883,0.050322260783341594,0.15096678235002478,0.16683192860684184,0.15096678235002478,0.04238968765493307,0.03718393653941497,0.10485870104115022,0.01412989588497769,0.17055032226078334,0.029251363411006447,0.15617253346554288,0.10436291522062469,0.039167079821517105,0.14179474467030243,0.043877045116509666,0.06494794248884482,0.03668815071888944,0.04338125929598413,0.124194348041646,0.7890431333663858,1.0,0.7736737729300942,0.14724838869608328,0.11130391670798215,0.03371343579573624,0.06494794248884482,0.1752602875557759,0.031234506693108576,0.16212196331184928,0.020823004462072386
SKACTIVEML_US_MARGIN,0.029251363411006447,0.17947446703024295,0.016608824987605353,0.020823004462072386,0.1700545364402578,0.19360436291522062,0.0532969757064948,0.0532969757064948,0.1360932077342588,0.15592464055528013,0.17997025285076848,0.04610808130887457,0.04115022310361924,0.10609816559246406,0.016608824987605353,0.18220128904313337,0.029251363411006447,0.1611303916707982,0.10733763014377788,0.039167079821517105,0.14377788795240456,0.04313336638572137,0.06519583539910759,0.03718393653941497,0.04115022310361924,0.12171541893901834,0.7657411998016856,0.7736737729300942,1.0,0.17798710956866634,0.11973227565691621,0.033217649975210706,0.06370847793753098,0.1502231036192365,0.029995042141794746,0.14402578086266732,0.020823004462072386
SMALLTEXT_BREAKINGTIES,0.028507684680218144,0.17129400099157163,0.011898859692612791,0.01760039662865642,0.23103619236489836,0.3336638572136837,0.04685176003966286,0.049826474962816066,0.14923153197818542,0.15964303420922163,0.1968269707486366,0.0384234010907288,0.03718393653941497,0.11650966782350025,0.011898859692612791,0.16608824987605356,0.028507684680218144,0.24169558750619732,0.14303420922161625,0.03594447198810114,0.13411006445215667,0.046355974219137334,0.06370847793753098,0.035448686167575606,0.044124938026772434,0.11328705999008429,0.14377788795240456,0.14724838869608328,0.17798710956866634,1.0,0.10733763014377788,0.034209221616261776,0.059494298463063956,0.7615270203272186,0.031234506693108576,0.7545860188398612,0.01760039662865642
SMALLTEXT_CONTRASTIVEAL,0.10510659395141299,0.19286068418443233,0.05205751115518096,0.05850272682201289,0.13063956370847793,0.1271690629647992,0.15790778383738224,0.18393653941497273,0.12394645513138325,0.10832920178482895,0.11229548834903322,0.10089241447694595,0.10535448686167576,0.18765493306891423,0.05205751115518096,0.2017848289538919,0.10510659395141299,0.17302925136341102,0.17848289538919188,0.12097174020823004,0.1797223599405057,0.1264253842340109,0.12692117005453643,0.0991571641051066,0.12394645513138325,0.2322756569162122,0.11254338125929599,0.11130391670798215,0.11973227565691621,0.10733763014377788,1.0,0.12766484878532475,0.17550818046603867,0.11056023797719385,0.10758552305404065,0.11179970252850768,0.05850272682201289
SMALLTEXT_EMBEDDINGKMEANS,0.11378284581060982,0.10758552305404065,0.060981655924640554,0.14625681705503224,0.058750619732275654,0.05850272682201289,0.2553296975706495,0.1626177491323748,0.04164600892414477,0.037927615270203274,0.0384234010907288,0.24714923153197818,0.26871591472483886,0.14105106593951414,0.060981655924640554,0.13113534952900346,0.11378284581060982,0.09593455627169063,0.13807635101636093,0.25756073376301436,0.146504709965295,0.2530986613782846,0.21417947446703026,0.21938522558254833,0.2640059494298463,0.10411502231036192,0.031978185423896875,0.03371343579573624,0.033217649975210706,0.034209221616261776,0.12766484878532475,1.0,0.2072384729796728,0.03495290034705007,0.29300941993059,0.035448686167575606,0.14625681705503224
SMALLTEXT_GREEDYCORESET,0.2811105602379772,0.16212196331184928,0.051313832424392664,0.12518591968269707,0.07833415964303421,0.07982151710461081,0.11750123946455131,0.2233515121467526,0.06296479920674268,0.06122954883490332,0.06122954883490332,0.2017848289538919,0.20996529499256322,0.15493306891422906,0.051313832424392664,0.13658899355478432,0.2811105602379772,0.11006445215666832,0.17055032226078334,0.2166584035696579,0.16212196331184928,0.21046108081308876,0.16410510659395142,0.16410510659395142,0.2255825483391175,0.12816063460585028,0.059494298463063956,0.06494794248884482,0.06370847793753098,0.059494298463063956,0.17550818046603867,0.2072384729796728,1.0,0.05676747645017353,0.24714923153197818,0.05999008428358949,0.12518591968269707
SMALLTEXT_LEASTCONFIDENCE,0.027020327218641546,0.17352503718393653,0.00991571641051066,0.01983143282102132,0.3259791769955379,0.2270699058006941,0.0451165096678235,0.05280118988596926,0.16088249876053545,0.18790282597917699,0.16212196331184928,0.03594447198810114,0.03619236489836391,0.11551809618244918,0.00991571641051066,0.15146256817055032,0.027020327218641546,0.19211700545364402,0.11477441745166088,0.03495290034705007,0.14080317302925136,0.040406544372830935,0.06841844323252355,0.033217649975210706,0.03966286564204264,0.11155180961824492,0.15220624690133863,0.1752602875557759,0.1502231036192365,0.7615270203272186,0.11056023797719385,0.03495290034705007,0.05676747645017353,1.0,0.02825979176995538,0.7868120971740208,0.01983143282102132
SMALLTEXT_LIGHTWEIGHTCORESET,0.1536936043629152,0.10832920178482895,0.06767476450173525,0.14848785324739713,0.05156172533465543,0.05081804660386713,0.15518096182449181,0.17278135845314824,0.04685176003966286,0.035448686167575606,0.03941497273177987,0.23599405057015369,0.24714923153197818,0.12469013386217154,0.06767476450173525,0.10436291522062469,0.1536936043629152,0.08106098165592464,0.12345066931085771,0.24219137332672286,0.11774913237481408,0.24343083787803668,0.16559246405552802,0.19657907783837383,0.24020823004462072,0.11056023797719385,0.03396132870599901,0.031234506693108576,0.029995042141794746,0.031234506693108576,0.10758552305404065,0.29300941993059,0.24714923153197818,0.02825979176995538,1.0,0.034209221616261776,0.14848785324739713
SMALLTEXT_PREDICTIONENTROPY,0.026772434308378782,0.18319286068418444,0.010163609320773426,0.017848289538919187,0.2508676251859197,0.21864154685176004,0.048834903321764996,0.04858701041150223,0.18839861179970252,0.18765493306891423,0.16534457114526524,0.03891918691125434,0.03767972235994051,0.11378284581060982,0.010163609320773426,0.1536936043629152,0.026772434308378782,0.19509172037679723,0.12146752602875557,0.03619236489836391,0.14030738720872582,0.0406544372830937,0.06965790778383739,0.031978185423896875,0.0406544372830937,0.11750123946455131,0.18145761031234506,0.16212196331184928,0.14402578086266732,0.7545860188398612,0.11179970252850768,0.035448686167575606,0.05999008428358949,0.7868120971740208,0.034209221616261776,1.0,0.017848289538919187
SMALLTEXT_RANDOM,0.07139315815567675,0.06147744174516609,0.03024293505205751,1.0,0.027020327218641546,0.029995042141794746,0.1065939514129896,0.090233019335647,0.021566683192860685,0.017352503718393655,0.01908775409023302,0.16162617749132374,0.16732771442736738,0.07486365889935548,0.03024293505205751,0.058254833911750126,0.07139315815567675,0.043877045116509666,0.07387208725830441,0.17947446703024295,0.07486365889935548,0.1665840356965791,0.11477441745166088,0.14303420922161625,0.15790778383738224,0.06643529995042141,0.018839861179970253,0.020823004462072386,0.020823004462072386,0.01760039662865642,0.05850272682201289,0.14625681705503224,0.12518591968269707,0.01983143282102132,0.14848785324739713,0.017848289538919187,1.0
