,ALIPY_CORESET_GREEDY,ALIPY_DENSITY_WEIGHTED,ALIPY_GRAPH_DENSITY,ALIPY_RANDOM,ALIPY_UNCERTAINTY_LC,ALIPY_UNCERTAINTY_MM,LIBACT_DWUS,LIBACT_QUIRE,LIBACT_UNCERTAINTY_ENT,LIBACT_UNCERTAINTY_LC,LIBACT_UNCERTAINTY_SM,OPTIMAL_GREEDY_10,OPTIMAL_GREEDY_20,PLAYGROUND_BANDIT,PLAYGROUND_GRAPH_DENSITY,PLAYGROUND_INFORMATIVE_DIVERSE,PLAYGROUND_KCENTER_GREEDY,PLAYGROUND_MARGIN,PLAYGROUND_MIXTURE,PLAYGROUND_UNIFORM,SKACTIVEML_COST_EMBEDDING,SKACTIVEML_DAL,SKACTIVEML_DWUS,SKACTIVEML_QBC,SKACTIVEML_QBC_VOTE_ENTROPY,SKACTIVEML_QUIRE,SKACTIVEML_US_ENTROPY,SKACTIVEML_US_LC,SKACTIVEML_US_MARGIN,SMALLTEXT_BREAKINGTIES,SMALLTEXT_CONTRASTIVEAL,SMALLTEXT_EMBEDDINGKMEANS,SMALLTEXT_GREEDYCORESET,SMALLTEXT_LEASTCONFIDENCE,SMALLTEXT_LIGHTWEIGHTCORESET,SMALLTEXT_PREDICTIONENTROPY,SMALLTEXT_RANDOM
ALIPY_CORESET_GREEDY,1.0,0.3252354982647496,0.007684680218145761,0.02875557759048091,0.04561229548834903,0.035696579077838374,0.04189390183440753,0.4035696579077838,0.047595438770451165,0.041398116013882005,0.036440257808626676,0.047595438770451165,0.05230540406544373,0.05775904809122459,0.007684680218145761,0.06965790778383739,1.0,0.03941497273177987,0.047595438770451165,0.06593951412989589,0.12221120475954388,0.10386712940009915,0.07461576598909271,0.053792761527020325,0.049826474962816066,0.16931085770946952,0.0421417947446703,0.03966286564204264,0.02825979176995538,0.02825979176995538,0.1906296479920674,0.048834903321764996,0.3852255825483391,0.035696579077838374,0.07387208725830441,0.04238968765493307,0.02875557759048091
ALIPY_DENSITY_WEIGHTED,0.3252354982647496,1.0,0.018096182449181954,0.03743182944967774,0.13262270699058007,0.11725334655428855,0.045364402578086264,0.3284581060981656,0.13435795736241943,0.124194348041646,0.11551809618244918,0.06593951412989589,0.06668319286068418,0.10461080813088745,0.018096182449181954,0.13931581556767478,0.3252354982647496,0.11973227565691621,0.090233019335647,0.06122954883490332,0.1450173525037184,0.08626673277144274,0.08626673277144274,0.06122954883490332,0.06841844323252355,0.19732275656916212,0.12394645513138325,0.12766484878532475,0.11056023797719385,0.0991571641051066,0.15493306891422906,0.06370847793753098,0.2672285572632623,0.11080813088745661,0.08403569657907783,0.12320277640059495,0.03743182944967774
ALIPY_GRAPH_DENSITY,0.007684680218145761,0.018096182449181954,1.0,0.047595438770451165,0.02454139811601388,0.025037183936539417,0.0466038671294001,0.02330193356470005,0.018591968269707486,0.02255825483391175,0.030490827962320277,0.08626673277144274,0.08824987605354487,0.048834903321764996,1.0,0.0384234010907288,0.007684680218145761,0.025532969757064948,0.03941497273177987,0.08601883986117997,0.06172533465542886,0.07932573128408528,0.05453644025780863,0.0768468021814576,0.07734258800198314,0.03148239960337134,0.016608824987605353,0.020823004462072386,0.027020327218641546,0.025532969757064948,0.057263262270699056,0.08006941001487357,0.042637580565195836,0.02107089737233515,0.090233019335647,0.021318790282597918,0.047595438770451165
ALIPY_RANDOM,0.02875557759048091,0.03743182944967774,0.047595438770451165,1.0,0.03520079325731284,0.0428854734754586,0.07337630143777887,0.05230540406544373,0.03222607833415964,0.03024293505205751,0.032969757064947945,0.20599900842835894,0.20872583044124937,0.10461080813088745,0.047595438770451165,0.07188894397620228,0.02875557759048091,0.0518096182449182,0.10163609320773426,0.22880515617253347,0.09965294992563213,0.18096182449181952,0.10138820029747149,0.19112543381259295,0.20624690133862172,0.08453148239960337,0.032969757064947945,0.03272186415468518,0.03445711452652454,0.03148239960337134,0.1256817055032226,0.17030242935052056,0.0894893406048587,0.029251363411006447,0.17476450173525038,0.03396132870599901,1.0
ALIPY_UNCERTAINTY_LC,0.04561229548834903,0.13262270699058007,0.02454139811601388,0.03520079325731284,1.0,0.7597917699553792,0.02602875557759048,0.06470004957858205,0.1893901834407536,0.19558750619732276,0.1707982151710461,0.07759048091224591,0.06742687159147248,0.13138324243926625,0.02454139811601388,0.16013882002974714,0.04561229548834903,0.21170054536440258,0.12146752602875557,0.06990580069410014,0.11155180961824492,0.06990580069410014,0.06172533465542886,0.061973227565691624,0.07659890927119484,0.06470004957858205,0.18368864650470995,0.19583539910758552,0.16906296479920674,0.2151710461080813,0.0880019831432821,0.05899851264253842,0.07635101636093208,0.3143282102131879,0.08701041150223103,0.24169558750619732,0.03520079325731284
ALIPY_UNCERTAINTY_MM,0.035696579077838374,0.11725334655428855,0.025037183936539417,0.0428854734754586,0.7597917699553792,1.0,0.026276648487853247,0.05280118988596926,0.15716410510659395,0.16931085770946952,0.20599900842835894,0.07635101636093208,0.07436787307882994,0.13733267228557264,0.025037183936539417,0.16608824987605356,0.035696579077838374,0.2602875557759048,0.1457610312345067,0.07635101636093208,0.11179970252850768,0.07734258800198314,0.05850272682201289,0.06693108577094695,0.08230044620723848,0.05577590480912246,0.16683192860684184,0.16782350024789291,0.20004957858205255,0.312097174020823,0.08849776896380764,0.06767476450173525,0.06569162121963312,0.2226078334159643,0.09295984134853744,0.2131879028259792,0.0428854734754586
LIBACT_DWUS,0.04189390183440753,0.045364402578086264,0.0466038671294001,0.07337630143777887,0.02602875557759048,0.026276648487853247,1.0,0.07263262270699058,0.017848289538919187,0.01834407535944472,0.02330193356470005,0.14848785324739713,0.15071888943976203,0.05899851264253842,0.0466038671294001,0.04833911750123947,0.04189390183440753,0.026276648487853247,0.0428854734754586,0.15518096182449181,0.04933068914229053,0.1536936043629152,0.273921665840357,0.18839861179970252,0.15220624690133863,0.10932077342588002,0.01983143282102132,0.017848289538919187,0.02404561229548835,0.02032721864154685,0.11774913237481408,0.27119484382746656,0.06941001487357462,0.01760039662865642,0.12245909766980664,0.017848289538919187,0.07337630143777887
LIBACT_QUIRE,0.4035696579077838,0.3284581060981656,0.02330193356470005,0.05230540406544373,0.06470004957858205,0.05280118988596926,0.07263262270699058,1.0,0.06668319286068418,0.058750619732275654,0.050322260783341594,0.10014873574615767,0.09345562716906297,0.08651462568170551,0.02330193356470005,0.08453148239960337,0.4035696579077838,0.06271690629647993,0.07411998016856718,0.08824987605354487,0.1301437778879524,0.12196331184928111,0.09890927119484383,0.0917203767972236,0.10014873574615767,0.21393158155676748,0.06296479920674268,0.06643529995042141,0.050322260783341594,0.0443728309370352,0.18963807635101637,0.10138820029747149,0.36440257808626675,0.05404065443728309,0.11179970252850768,0.06767476450173525,0.05230540406544373
LIBACT_UNCERTAINTY_ENT,0.047595438770451165,0.13435795736241943,0.018591968269707486,0.03222607833415964,0.1893901834407536,0.15716410510659395,0.017848289538919187,0.06668319286068418,1.0,0.7870599900842836,0.7501239464551314,0.06172533465542886,0.06494794248884482,0.10684184432325236,0.018591968269707486,0.14253842340109074,0.047595438770451165,0.14402578086266732,0.08824987605354487,0.07511155180961825,0.1036192364898364,0.05701536936043629,0.0480912245909767,0.05428854734754586,0.060981655924640554,0.07709469509172037,0.18542389687654934,0.16236985622211206,0.1368368864650471,0.15146256817055032,0.08676251859196826,0.05057015369360436,0.07659890927119484,0.17302925136341102,0.07709469509172037,0.2131879028259792,0.03222607833415964
LIBACT_UNCERTAINTY_LC,0.041398116013882005,0.124194348041646,0.02255825483391175,0.03024293505205751,0.19558750619732276,0.16931085770946952,0.01834407535944472,0.058750619732275654,0.7870599900842836,1.0,0.7607833415964304,0.06147744174516609,0.07436787307882994,0.11378284581060982,0.02255825483391175,0.15220624690133863,0.041398116013882005,0.15642042637580567,0.10163609320773426,0.06395637084779375,0.11080813088745661,0.05899851264253842,0.047595438770451165,0.05751115518096182,0.06023797719385226,0.06321269211700545,0.17030242935052056,0.18443232523549827,0.1457610312345067,0.17253346554288548,0.07907783837382251,0.057263262270699056,0.06693108577094695,0.1998016856717898,0.07808626673277144,0.2072384729796728,0.03024293505205751
LIBACT_UNCERTAINTY_SM,0.036440257808626676,0.11551809618244918,0.030490827962320277,0.032969757064947945,0.1707982151710461,0.20599900842835894,0.02330193356470005,0.050322260783341594,0.7501239464551314,0.7607833415964304,1.0,0.06593951412989589,0.07635101636093208,0.11601388200297472,0.030490827962320277,0.15815567674764502,0.036440257808626676,0.16038671294000992,0.09816559246405553,0.07858205255329698,0.10907288051561725,0.06618740704015866,0.0495785820525533,0.05999008428358949,0.07164105106593951,0.059742191373326724,0.14154685176003967,0.14898363906792267,0.1760039662865642,0.20277640059494298,0.07759048091224591,0.06569162121963312,0.06668319286068418,0.1670798215171046,0.07882994546355974,0.17426871591472484,0.032969757064947945
OPTIMAL_GREEDY_10,0.047595438770451165,0.06593951412989589,0.08626673277144274,0.20599900842835894,0.07759048091224591,0.07635101636093208,0.14848785324739713,0.10014873574615767,0.06172533465542886,0.06147744174516609,0.06593951412989589,1.0,0.3111056023797719,0.14724838869608328,0.08626673277144274,0.12469013386217154,0.047595438770451165,0.09766980664352999,0.1479920674268716,0.2964799206742687,0.15071888943976203,0.23772930094199307,0.16732771442736738,0.26524541398116014,0.27987109568666335,0.12592959841348536,0.06519583539910759,0.059742191373326724,0.06990580069410014,0.07040158651462568,0.16559246405552802,0.26822012890431335,0.13485374318294496,0.06346058502726822,0.25012394645513136,0.06693108577094695,0.20599900842835894
OPTIMAL_GREEDY_20,0.05230540406544373,0.06668319286068418,0.08824987605354487,0.20872583044124937,0.06742687159147248,0.07436787307882994,0.15071888943976203,0.09345562716906297,0.06494794248884482,0.07436787307882994,0.07635101636093208,0.3111056023797719,1.0,0.15567674764501735,0.08824987605354487,0.12518591968269707,0.05230540406544373,0.08899355478433317,0.14179474467030243,0.29077838373822507,0.15294992563212692,0.24888448190381754,0.16732771442736738,0.27193852255825485,0.28433316807139314,0.11973227565691621,0.06395637084779375,0.06445215666831929,0.07089737233515121,0.06643529995042141,0.18170550322260784,0.26103123450669313,0.13559742191373328,0.058750619732275654,0.2545860188398612,0.06321269211700545,0.20872583044124937
PLAYGROUND_BANDIT,0.05775904809122459,0.10461080813088745,0.048834903321764996,0.10461080813088745,0.13138324243926625,0.13733267228557264,0.05899851264253842,0.08651462568170551,0.10684184432325236,0.11378284581060982,0.11601388200297472,0.14724838869608328,0.15567674764501735,1.0,0.048834903321764996,0.36936043629152204,0.05775904809122459,0.3733267228557263,0.4261279127416956,0.15666831928606842,0.1871591472483887,0.16063460585027267,0.0813088745661874,0.13063956370847793,0.1412989588497769,0.10312345066931086,0.10485870104115022,0.10436291522062469,0.11849281110560238,0.12270699058006941,0.13931581556767478,0.12592959841348536,0.11403073872087258,0.11998016856717898,0.16584035696579078,0.11874070401586515,0.10461080813088745
PLAYGROUND_GRAPH_DENSITY,0.007684680218145761,0.018096182449181954,1.0,0.047595438770451165,0.02454139811601388,0.025037183936539417,0.0466038671294001,0.02330193356470005,0.018591968269707486,0.02255825483391175,0.030490827962320277,0.08626673277144274,0.08824987605354487,0.048834903321764996,1.0,0.0384234010907288,0.007684680218145761,0.025532969757064948,0.03941497273177987,0.08601883986117997,0.06172533465542886,0.07932573128408528,0.05453644025780863,0.0768468021814576,0.07734258800198314,0.03148239960337134,0.016608824987605353,0.020823004462072386,0.027020327218641546,0.025532969757064948,0.057263262270699056,0.08006941001487357,0.042637580565195836,0.02107089737233515,0.090233019335647,0.021318790282597918,0.047595438770451165
PLAYGROUND_INFORMATIVE_DIVERSE,0.06965790778383739,0.13931581556767478,0.0384234010907288,0.07188894397620228,0.16013882002974714,0.16608824987605356,0.04833911750123947,0.08453148239960337,0.14253842340109074,0.15220624690133863,0.15815567674764502,0.12469013386217154,0.12518591968269707,0.36936043629152204,0.0384234010907288,1.0,0.06965790778383739,0.3926623698562221,0.3517600396628656,0.11849281110560238,0.18740704015865145,0.12543381259295985,0.07882994546355974,0.10882498760535449,0.11353495290034706,0.09717402082300446,0.1574119980168567,0.16013882002974714,0.16584035696579078,0.15344571145265246,0.1346058502726822,0.10907288051561725,0.11527020327218641,0.14526524541398117,0.1502231036192365,0.14625681705503224,0.07188894397620228
PLAYGROUND_KCENTER_GREEDY,1.0,0.3252354982647496,0.007684680218145761,0.02875557759048091,0.04561229548834903,0.035696579077838374,0.04189390183440753,0.4035696579077838,0.047595438770451165,0.041398116013882005,0.036440257808626676,0.047595438770451165,0.05230540406544373,0.05775904809122459,0.007684680218145761,0.06965790778383739,1.0,0.03941497273177987,0.047595438770451165,0.06593951412989589,0.12221120475954388,0.10386712940009915,0.07461576598909271,0.053792761527020325,0.049826474962816066,0.16931085770946952,0.0421417947446703,0.03966286564204264,0.02825979176995538,0.02825979176995538,0.1906296479920674,0.048834903321764996,0.3852255825483391,0.035696579077838374,0.07387208725830441,0.04238968765493307,0.02875557759048091
PLAYGROUND_MARGIN,0.03941497273177987,0.11973227565691621,0.025532969757064948,0.0518096182449182,0.21170054536440258,0.2602875557759048,0.026276648487853247,0.06271690629647993,0.14402578086266732,0.15642042637580567,0.16038671294000992,0.09766980664352999,0.08899355478433317,0.3733267228557263,0.025532969757064948,0.3926623698562221,0.03941497273177987,1.0,0.48710956866633615,0.0887456618740704,0.14972731779871096,0.0872583044124938,0.058254833911750126,0.07734258800198314,0.09444719881011403,0.07089737233515121,0.1479920674268716,0.15344571145265246,0.15493306891422906,0.2387208725830441,0.09717402082300446,0.06866633614278632,0.08180466038671294,0.19360436291522062,0.11056023797719385,0.1968269707486366,0.0518096182449182
PLAYGROUND_MIXTURE,0.047595438770451165,0.090233019335647,0.03941497273177987,0.10163609320773426,0.12146752602875557,0.1457610312345067,0.0428854734754586,0.07411998016856718,0.08824987605354487,0.10163609320773426,0.09816559246405553,0.1479920674268716,0.14179474467030243,0.4261279127416956,0.03941497273177987,0.3517600396628656,0.047595438770451165,0.48710956866633615,1.0,0.13981160138820029,0.1700545364402578,0.15319781854238967,0.06445215666831929,0.11403073872087258,0.13857213683688646,0.08626673277144274,0.09965294992563213,0.09568666336142786,0.1028755577590481,0.13262270699058007,0.13782845810609817,0.11774913237481408,0.11874070401586515,0.11279127416955875,0.16683192860684184,0.11254338125929599,0.10163609320773426
PLAYGROUND_UNIFORM,0.06593951412989589,0.06122954883490332,0.08601883986117997,0.22880515617253347,0.06990580069410014,0.07635101636093208,0.15518096182449181,0.08824987605354487,0.07511155180961825,0.06395637084779375,0.07858205255329698,0.2964799206742687,0.29077838373822507,0.15666831928606842,0.08601883986117997,0.11849281110560238,0.06593951412989589,0.0887456618740704,0.13981160138820029,1.0,0.15047099652949925,0.24938026772434307,0.16360932077342588,0.2592959841348537,0.27565691621219635,0.10237977193852256,0.06296479920674268,0.06618740704015866,0.07263262270699058,0.06395637084779375,0.19112543381259295,0.28358948934060485,0.12989588497768964,0.0532969757064948,0.23847297967278136,0.059742191373326724,0.22880515617253347
SKACTIVEML_COST_EMBEDDING,0.12221120475954388,0.1450173525037184,0.06172533465542886,0.09965294992563213,0.11155180961824492,0.11179970252850768,0.04933068914229053,0.1301437778879524,0.1036192364898364,0.11080813088745661,0.10907288051561725,0.15071888943976203,0.15294992563212692,0.1871591472483887,0.06172533465542886,0.18740704015865145,0.12221120475954388,0.14972731779871096,0.1700545364402578,0.15047099652949925,1.0,0.1494794248884482,0.08205255329697571,0.12369856222112048,0.15592464055528013,0.12865642042637582,0.10609816559246406,0.11130391670798215,0.10932077342588002,0.10684184432325236,0.15840356965790778,0.11923648983639068,0.15121467526028756,0.10138820029747149,0.16435299950421417,0.10808130887456618,0.09965294992563213
SKACTIVEML_DAL,0.10386712940009915,0.08626673277144274,0.07932573128408528,0.18096182449181952,0.06990580069410014,0.07734258800198314,0.1536936043629152,0.12196331184928111,0.05701536936043629,0.05899851264253842,0.06618740704015866,0.23772930094199307,0.24888448190381754,0.16063460585027267,0.07932573128408528,0.12543381259295985,0.10386712940009915,0.0872583044124938,0.15319781854238967,0.24938026772434307,0.1494794248884482,1.0,0.15518096182449181,0.2263262270699058,0.24566187407040158,0.12469013386217154,0.06346058502726822,0.06717897868120971,0.07362419434804164,0.06916212196331185,0.21715418939018344,0.2530986613782846,0.161378284581061,0.06073376301437779,0.2478929102627665,0.060981655924640554,0.18096182449181952
SKACTIVEML_DWUS,0.07461576598909271,0.08626673277144274,0.05453644025780863,0.10138820029747149,0.06172533465542886,0.05850272682201289,0.273921665840357,0.09890927119484383,0.0480912245909767,0.047595438770451165,0.0495785820525533,0.16732771442736738,0.16732771442736738,0.0813088745661874,0.05453644025780863,0.07882994546355974,0.07461576598909271,0.058254833911750126,0.06445215666831929,0.16360932077342588,0.08205255329697571,0.15518096182449181,1.0,0.19186911254338126,0.1663361427863163,0.10684184432325236,0.058254833911750126,0.05676747645017353,0.05924640555280119,0.0443728309370352,0.11378284581060982,0.25855230540406543,0.10932077342588002,0.045364402578086264,0.13931581556767478,0.0495785820525533,0.10138820029747149
SKACTIVEML_QBC,0.053792761527020325,0.06122954883490332,0.0768468021814576,0.19112543381259295,0.061973227565691624,0.06693108577094695,0.18839861179970252,0.0917203767972236,0.05428854734754586,0.05751115518096182,0.05999008428358949,0.26524541398116014,0.27193852255825485,0.13063956370847793,0.0768468021814576,0.10882498760535449,0.053792761527020325,0.07734258800198314,0.11403073872087258,0.2592959841348537,0.12369856222112048,0.2263262270699058,0.19186911254338126,1.0,0.26524541398116014,0.11750123946455131,0.05627169062964799,0.051313832424392664,0.06941001487357462,0.06073376301437779,0.16980664352999505,0.29176995537927614,0.11750123946455131,0.05676747645017353,0.21244422409519087,0.053792761527020325,0.19112543381259295
SKACTIVEML_QBC_VOTE_ENTROPY,0.049826474962816066,0.06841844323252355,0.07734258800198314,0.20624690133862172,0.07659890927119484,0.08230044620723848,0.15220624690133863,0.10014873574615767,0.060981655924640554,0.06023797719385226,0.07164105106593951,0.27987109568666335,0.28433316807139314,0.1412989588497769,0.07734258800198314,0.11353495290034706,0.049826474962816066,0.09444719881011403,0.13857213683688646,0.27565691621219635,0.15592464055528013,0.24566187407040158,0.1663361427863163,0.26524541398116014,1.0,0.11155180961824492,0.06693108577094695,0.06841844323252355,0.07585523054040655,0.06792265741199802,0.17798710956866634,0.2553296975706495,0.13435795736241943,0.06395637084779375,0.2389687654933069,0.06792265741199802,0.20624690133862172
SKACTIVEML_QUIRE,0.16931085770946952,0.19732275656916212,0.03148239960337134,0.08453148239960337,0.06470004957858205,0.05577590480912246,0.10932077342588002,0.21393158155676748,0.07709469509172037,0.06321269211700545,0.059742191373326724,0.12592959841348536,0.11973227565691621,0.10312345066931086,0.03148239960337134,0.09717402082300446,0.16931085770946952,0.07089737233515121,0.08626673277144274,0.10237977193852256,0.12865642042637582,0.12469013386217154,0.10684184432325236,0.11750123946455131,0.11155180961824492,1.0,0.062221120475954385,0.05899851264253842,0.05057015369360436,0.0458601883986118,0.15047099652949925,0.11229548834903322,0.18591968269707487,0.05404065443728309,0.1294000991571641,0.05775904809122459,0.08453148239960337
SKACTIVEML_US_ENTROPY,0.0421417947446703,0.12394645513138325,0.016608824987605353,0.032969757064947945,0.18368864650470995,0.16683192860684184,0.01983143282102132,0.06296479920674268,0.18542389687654934,0.17030242935052056,0.14154685176003967,0.06519583539910759,0.06395637084779375,0.10485870104115022,0.016608824987605353,0.1574119980168567,0.0421417947446703,0.1479920674268716,0.09965294992563213,0.06296479920674268,0.10609816559246406,0.06346058502726822,0.058254833911750126,0.05627169062964799,0.06693108577094695,0.062221120475954385,1.0,0.7912741695587506,0.7615270203272186,0.13411006445215667,0.07635101636093208,0.057263262270699056,0.07535944471988101,0.15790778383738224,0.07411998016856718,0.180466038671294,0.032969757064947945
SKACTIVEML_US_LC,0.03966286564204264,0.12766484878532475,0.020823004462072386,0.03272186415468518,0.19583539910758552,0.16782350024789291,0.017848289538919187,0.06643529995042141,0.16236985622211206,0.18443232523549827,0.14898363906792267,0.059742191373326724,0.06445215666831929,0.10436291522062469,0.020823004462072386,0.16013882002974714,0.03966286564204264,0.15344571145265246,0.09568666336142786,0.06618740704015866,0.11130391670798215,0.06717897868120971,0.05676747645017353,0.051313832424392664,0.06841844323252355,0.05899851264253842,0.7912741695587506,1.0,0.7642538423401091,0.14328210213187903,0.07882994546355974,0.05057015369360436,0.07238472979672782,0.1745166088249876,0.07511155180961825,0.1648487853247397,0.03272186415468518
SKACTIVEML_US_MARGIN,0.02825979176995538,0.11056023797719385,0.027020327218641546,0.03445711452652454,0.16906296479920674,0.20004957858205255,0.02404561229548835,0.050322260783341594,0.1368368864650471,0.1457610312345067,0.1760039662865642,0.06990580069410014,0.07089737233515121,0.11849281110560238,0.027020327218641546,0.16584035696579078,0.02825979176995538,0.15493306891422906,0.1028755577590481,0.07263262270699058,0.10932077342588002,0.07362419434804164,0.05924640555280119,0.06941001487357462,0.07585523054040655,0.05057015369360436,0.7615270203272186,0.7642538423401091,1.0,0.16881507188894398,0.07114526524541398,0.06296479920674268,0.060981655924640554,0.14080317302925136,0.08775409023301933,0.14080317302925136,0.03445711452652454
SMALLTEXT_BREAKINGTIES,0.02825979176995538,0.0991571641051066,0.025532969757064948,0.03148239960337134,0.2151710461080813,0.312097174020823,0.02032721864154685,0.0443728309370352,0.15146256817055032,0.17253346554288548,0.20277640059494298,0.07040158651462568,0.06643529995042141,0.12270699058006941,0.025532969757064948,0.15344571145265246,0.02825979176995538,0.2387208725830441,0.13262270699058007,0.06395637084779375,0.10684184432325236,0.06916212196331185,0.0443728309370352,0.06073376301437779,0.06792265741199802,0.0458601883986118,0.13411006445215667,0.14328210213187903,0.16881507188894398,1.0,0.07535944471988101,0.05899851264253842,0.05627169062964799,0.7543381259295984,0.08254833911750124,0.7550818046603868,0.03148239960337134
SMALLTEXT_CONTRASTIVEAL,0.1906296479920674,0.15493306891422906,0.057263262270699056,0.1256817055032226,0.0880019831432821,0.08849776896380764,0.11774913237481408,0.18963807635101637,0.08676251859196826,0.07907783837382251,0.07759048091224591,0.16559246405552802,0.18170550322260784,0.13931581556767478,0.057263262270699056,0.1346058502726822,0.1906296479920674,0.09717402082300446,0.13782845810609817,0.19112543381259295,0.15840356965790778,0.21715418939018344,0.11378284581060982,0.16980664352999505,0.17798710956866634,0.15047099652949925,0.07635101636093208,0.07882994546355974,0.07114526524541398,0.07535944471988101,1.0,0.16931085770946952,0.2278135845314824,0.07238472979672782,0.19286068418443233,0.07932573128408528,0.1256817055032226
SMALLTEXT_EMBEDDINGKMEANS,0.048834903321764996,0.06370847793753098,0.08006941001487357,0.17030242935052056,0.05899851264253842,0.06767476450173525,0.27119484382746656,0.10138820029747149,0.05057015369360436,0.057263262270699056,0.06569162121963312,0.26822012890431335,0.26103123450669313,0.12592959841348536,0.08006941001487357,0.10907288051561725,0.048834903321764996,0.06866633614278632,0.11774913237481408,0.28358948934060485,0.11923648983639068,0.2530986613782846,0.25855230540406543,0.29176995537927614,0.2553296975706495,0.11229548834903322,0.057263262270699056,0.05057015369360436,0.06296479920674268,0.05899851264253842,0.16931085770946952,1.0,0.11601388200297472,0.053792761527020325,0.24888448190381754,0.05453644025780863,0.17030242935052056
SMALLTEXT_GREEDYCORESET,0.3852255825483391,0.2672285572632623,0.042637580565195836,0.0894893406048587,0.07635101636093208,0.06569162121963312,0.06941001487357462,0.36440257808626675,0.07659890927119484,0.06693108577094695,0.06668319286068418,0.13485374318294496,0.13559742191373328,0.11403073872087258,0.042637580565195836,0.11527020327218641,0.3852255825483391,0.08180466038671294,0.11874070401586515,0.12989588497768964,0.15121467526028756,0.161378284581061,0.10932077342588002,0.11750123946455131,0.13435795736241943,0.18591968269707487,0.07535944471988101,0.07238472979672782,0.060981655924640554,0.05627169062964799,0.2278135845314824,0.11601388200297472,1.0,0.06643529995042141,0.15666831928606842,0.06990580069410014,0.0894893406048587
SMALLTEXT_LEASTCONFIDENCE,0.035696579077838374,0.11080813088745661,0.02107089737233515,0.029251363411006447,0.3143282102131879,0.2226078334159643,0.01760039662865642,0.05404065443728309,0.17302925136341102,0.1998016856717898,0.1670798215171046,0.06346058502726822,0.058750619732275654,0.11998016856717898,0.02107089737233515,0.14526524541398117,0.035696579077838374,0.19360436291522062,0.11279127416955875,0.0532969757064948,0.10138820029747149,0.06073376301437779,0.045364402578086264,0.05676747645017353,0.06395637084779375,0.05404065443728309,0.15790778383738224,0.1745166088249876,0.14080317302925136,0.7543381259295984,0.07238472979672782,0.053792761527020325,0.06643529995042141,1.0,0.08155676747645017,0.7816063460585028,0.029251363411006447
SMALLTEXT_LIGHTWEIGHTCORESET,0.07387208725830441,0.08403569657907783,0.090233019335647,0.17476450173525038,0.08701041150223103,0.09295984134853744,0.12245909766980664,0.11179970252850768,0.07709469509172037,0.07808626673277144,0.07882994546355974,0.25012394645513136,0.2545860188398612,0.16584035696579078,0.090233019335647,0.1502231036192365,0.07387208725830441,0.11056023797719385,0.16683192860684184,0.23847297967278136,0.16435299950421417,0.2478929102627665,0.13931581556767478,0.21244422409519087,0.2389687654933069,0.1294000991571641,0.07411998016856718,0.07511155180961825,0.08775409023301933,0.08254833911750124,0.19286068418443233,0.24888448190381754,0.15666831928606842,0.08155676747645017,1.0,0.08205255329697571,0.17476450173525038
SMALLTEXT_PREDICTIONENTROPY,0.04238968765493307,0.12320277640059495,0.021318790282597918,0.03396132870599901,0.24169558750619732,0.2131879028259792,0.017848289538919187,0.06767476450173525,0.2131879028259792,0.2072384729796728,0.17426871591472484,0.06693108577094695,0.06321269211700545,0.11874070401586515,0.021318790282597918,0.14625681705503224,0.04238968765493307,0.1968269707486366,0.11254338125929599,0.059742191373326724,0.10808130887456618,0.060981655924640554,0.0495785820525533,0.053792761527020325,0.06792265741199802,0.05775904809122459,0.180466038671294,0.1648487853247397,0.14080317302925136,0.7550818046603868,0.07932573128408528,0.05453644025780863,0.06990580069410014,0.7816063460585028,0.08205255329697571,1.0,0.03396132870599901
SMALLTEXT_RANDOM,0.02875557759048091,0.03743182944967774,0.047595438770451165,1.0,0.03520079325731284,0.0428854734754586,0.07337630143777887,0.05230540406544373,0.03222607833415964,0.03024293505205751,0.032969757064947945,0.20599900842835894,0.20872583044124937,0.10461080813088745,0.047595438770451165,0.07188894397620228,0.02875557759048091,0.0518096182449182,0.10163609320773426,0.22880515617253347,0.09965294992563213,0.18096182449181952,0.10138820029747149,0.19112543381259295,0.20624690133862172,0.08453148239960337,0.032969757064947945,0.03272186415468518,0.03445711452652454,0.03148239960337134,0.1256817055032226,0.17030242935052056,0.0894893406048587,0.029251363411006447,0.17476450173525038,0.03396132870599901,1.0
