,ALIPY_CORESET_GREEDY,ALIPY_DENSITY_WEIGHTED,ALIPY_GRAPH_DENSITY,ALIPY_RANDOM,ALIPY_UNCERTAINTY_LC,ALIPY_UNCERTAINTY_MM,LIBACT_DWUS,LIBACT_QUIRE,LIBACT_UNCERTAINTY_ENT,LIBACT_UNCERTAINTY_LC,LIBACT_UNCERTAINTY_SM,OPTIMAL_GREEDY_10,OPTIMAL_GREEDY_20,PLAYGROUND_BANDIT,PLAYGROUND_GRAPH_DENSITY,PLAYGROUND_INFORMATIVE_DIVERSE,PLAYGROUND_KCENTER_GREEDY,PLAYGROUND_MARGIN,PLAYGROUND_MIXTURE,PLAYGROUND_UNIFORM,SKACTIVEML_COST_EMBEDDING,SKACTIVEML_DAL,SKACTIVEML_DWUS,SKACTIVEML_QBC,SKACTIVEML_QBC_VOTE_ENTROPY,SKACTIVEML_QUIRE,SKACTIVEML_US_ENTROPY,SKACTIVEML_US_LC,SKACTIVEML_US_MARGIN,SMALLTEXT_BREAKINGTIES,SMALLTEXT_CONTRASTIVEAL,SMALLTEXT_EMBEDDINGKMEANS,SMALLTEXT_GREEDYCORESET,SMALLTEXT_LEASTCONFIDENCE,SMALLTEXT_LIGHTWEIGHTCORESET,SMALLTEXT_PREDICTIONENTROPY,SMALLTEXT_RANDOM
ALIPY_CORESET_GREEDY,1.0,0.12741695587506197,0.03991075855230541,0.05280118988596926,0.05156172533465543,0.04784333168071393,0.11551809618244918,0.1536936043629152,0.03718393653941497,0.03891918691125434,0.03891918691125434,0.11452652454139811,0.10461080813088745,0.06891422905304909,0.03991075855230541,0.0880019831432821,1.0,0.057263262270699056,0.07982151710461081,0.11056023797719385,0.09890927119484383,0.1212196331184928,0.08998512642538424,0.11006445215666832,0.11824491819533961,0.11204759543877045,0.0428854734754586,0.0384234010907288,0.04015865146256817,0.03718393653941497,0.12320277640059495,0.11774913237481408,0.1628656420426376,0.03817550818046604,0.11031234506693109,0.04015865146256817,0.05280118988596926
ALIPY_DENSITY_WEIGHTED,0.12741695587506197,1.0,0.07957362419434805,0.09196826970748637,0.11650966782350025,0.12146752602875557,0.1968269707486366,0.23425880019831433,0.10411502231036192,0.10832920178482895,0.11378284581060982,0.1906296479920674,0.1945959345562717,0.13634110064452157,0.07957362419434805,0.161378284581061,0.12741695587506197,0.13063956370847793,0.13857213683688646,0.1943480416460089,0.18542389687654934,0.18666336142786316,0.18963807635101637,0.20327218641546851,0.19707486365889937,0.2114526524541398,0.10907288051561725,0.10560237977193852,0.11824491819533961,0.1065939514129896,0.20500743678730787,0.19955379276152702,0.19955379276152702,0.10337134357957363,0.20079325731284084,0.10907288051561725,0.09196826970748637
ALIPY_GRAPH_DENSITY,0.03991075855230541,0.07957362419434805,1.0,0.05751115518096182,0.036440257808626676,0.03991075855230541,0.13882002974714924,0.11725334655428855,0.029747149231531978,0.030738720872583045,0.033217649975210706,0.12890431333663857,0.1264253842340109,0.05999008428358949,1.0,0.07164105106593951,0.03991075855230541,0.04164600892414477,0.05057015369360436,0.12741695587506197,0.09048091224590976,0.11948438274665345,0.12245909766980664,0.1271690629647992,0.13113534952900346,0.10560237977193852,0.025780862667327716,0.02528507684680218,0.029747149231531978,0.029747149231531978,0.11477441745166088,0.13336638572136836,0.11799702528507684,0.02751611303916708,0.12022806147744175,0.034209221616261776,0.05751115518096182
ALIPY_RANDOM,0.05280118988596926,0.09196826970748637,0.05751115518096182,1.0,0.0421417947446703,0.043877045116509666,0.15493306891422906,0.12617749132374814,0.031234506693108576,0.031978185423896875,0.03470500743678731,0.14253842340109074,0.14352999504214178,0.08205255329697571,0.05751115518096182,0.08180466038671294,0.05280118988596926,0.05007436787307883,0.07808626673277144,0.14551313832424392,0.0924640555280119,0.13336638572136836,0.1338621715418939,0.14600892414476946,0.1405552801189886,0.11279127416955875,0.029995042141794746,0.02875557759048091,0.03495290034705007,0.031978185423896875,0.12766484878532475,0.15195835399107585,0.14005949429846307,0.03173029251363411,0.14179474467030243,0.03148239960337134,1.0
ALIPY_UNCERTAINTY_LC,0.05156172533465543,0.11650966782350025,0.036440257808626676,0.0421417947446703,1.0,0.7399603371343579,0.10758552305404065,0.10535448686167576,0.0932077342588002,0.10585027268220129,0.0880019831432821,0.11080813088745661,0.11328705999008429,0.10312345066931086,0.036440257808626676,0.12617749132374814,0.05156172533465543,0.15939514129895885,0.11056023797719385,0.11898859692612791,0.11799702528507684,0.11874070401586515,0.11006445215666832,0.11675756073376302,0.11353495290034706,0.11254338125929599,0.09494298463063956,0.10510659395141299,0.09122459097669806,0.1494794248884482,0.11799702528507684,0.11427863163113534,0.10832920178482895,0.2461576598909271,0.10981655924640556,0.1576598909271195,0.0421417947446703
ALIPY_UNCERTAINTY_MM,0.04784333168071393,0.12146752602875557,0.03991075855230541,0.043877045116509666,0.7399603371343579,1.0,0.11056023797719385,0.10783341596430342,0.08477937530986614,0.0909766980664353,0.10956866633614279,0.12097174020823004,0.12369856222112048,0.11105602379771938,0.03991075855230541,0.12865642042637582,0.04784333168071393,0.21219633118492812,0.1308874566187407,0.12097174020823004,0.12320277640059495,0.12295488349033218,0.11998016856717898,0.12245909766980664,0.11601388200297472,0.11576598909271195,0.08230044620723848,0.09147248388696083,0.11279127416955875,0.25359444719881014,0.11923648983639068,0.12444224095190877,0.11130391670798215,0.15096678235002478,0.11576598909271195,0.1383242439266237,0.043877045116509666
LIBACT_DWUS,0.11551809618244918,0.1968269707486366,0.13882002974714924,0.15493306891422906,0.10758552305404065,0.11056023797719385,1.0,0.25706494794248885,0.09196826970748637,0.09667823500247893,0.10262766484878533,0.29796727813584534,0.3024293505205751,0.1760039662865642,0.13882002974714924,0.19509172037679723,0.11551809618244918,0.13435795736241943,0.17352503718393653,0.2808626673277144,0.21467526028755576,0.28656420426375806,0.28681209717402084,0.31259295984134855,0.29400099157164106,0.25855230540406543,0.0887456618740704,0.09147248388696083,0.0999008428358949,0.08775409023301933,0.27912741695587506,0.3113534952900347,0.2776400594942985,0.08155676747645017,0.28755577590480913,0.0880019831432821,0.15493306891422906
LIBACT_QUIRE,0.1536936043629152,0.23425880019831433,0.11725334655428855,0.12617749132374814,0.10535448686167576,0.10783341596430342,0.25706494794248885,1.0,0.10535448686167576,0.10386712940009915,0.10882498760535449,0.2530986613782846,0.25681705503222607,0.14105106593951414,0.11725334655428855,0.1774913237481408,0.1536936043629152,0.12270699058006941,0.15047099652949925,0.24863658899355479,0.20823004462072384,0.24590976698066436,0.23202776400594943,0.2625185919682697,0.25483391175012393,0.25731284085275163,0.10138820029747149,0.0991571641051066,0.10436291522062469,0.090233019335647,0.2597917699553793,0.266484878532474,0.2597917699553793,0.08849776896380764,0.25681705503222607,0.10213187902825979,0.12617749132374814
LIBACT_UNCERTAINTY_ENT,0.03718393653941497,0.10411502231036192,0.029747149231531978,0.031234506693108576,0.0932077342588002,0.08477937530986614,0.09196826970748637,0.10535448686167576,1.0,0.7508676251859197,0.7397124442240952,0.09791769955379276,0.10089241447694595,0.07907783837382251,0.029747149231531978,0.10237977193852256,0.03718393653941497,0.0768468021814576,0.07932573128408528,0.10560237977193852,0.10560237977193852,0.09395141298958849,0.09791769955379276,0.10039662865642042,0.09444719881011403,0.11279127416955875,0.11006445215666832,0.09295984134853744,0.08676251859196826,0.07511155180961825,0.11303916707982152,0.08701041150223103,0.0969261279127417,0.08155676747645017,0.0969261279127417,0.10114030738720872,0.031234506693108576
LIBACT_UNCERTAINTY_LC,0.03891918691125434,0.10832920178482895,0.030738720872583045,0.031978185423896875,0.10585027268220129,0.0909766980664353,0.09667823500247893,0.10386712940009915,0.7508676251859197,1.0,0.7501239464551314,0.09519087754090233,0.10163609320773426,0.09395141298958849,0.030738720872583045,0.11056023797719385,0.03891918691125434,0.08750619732275657,0.08676251859196826,0.09568666336142786,0.10708973723351513,0.09419930589985126,0.0969261279127417,0.10039662865642042,0.09866137828458106,0.11403073872087258,0.09519087754090233,0.10163609320773426,0.08924144769459594,0.0805651958353991,0.09965294992563213,0.0932077342588002,0.09816559246405553,0.09717402082300446,0.10411502231036192,0.0946950917203768,0.031978185423896875
LIBACT_UNCERTAINTY_SM,0.03891918691125434,0.11378284581060982,0.033217649975210706,0.03470500743678731,0.0880019831432821,0.10956866633614279,0.10262766484878533,0.10882498760535449,0.7397124442240952,0.7501239464551314,1.0,0.10138820029747149,0.10461080813088745,0.08750619732275657,0.033217649975210706,0.10758552305404065,0.03891918691125434,0.09345562716906297,0.08477937530986614,0.09940505701536936,0.10907288051561725,0.10064452156668319,0.1036192364898364,0.1065939514129896,0.09890927119484383,0.10708973723351513,0.09295984134853744,0.09568666336142786,0.10882498760535449,0.09965294992563213,0.10436291522062469,0.09419930589985126,0.09494298463063956,0.07535944471988101,0.10956866633614279,0.08453148239960337,0.03470500743678731
OPTIMAL_GREEDY_10,0.11452652454139811,0.1906296479920674,0.12890431333663857,0.14253842340109074,0.11080813088745661,0.12097174020823004,0.29796727813584534,0.2530986613782846,0.09791769955379276,0.09519087754090233,0.10138820029747149,1.0,0.2949925632126921,0.15220624690133863,0.12890431333663857,0.17699553792761527,0.11452652454139811,0.1353495290034705,0.1745166088249876,0.2863163113534953,0.21343579573624194,0.27193852255825485,0.2692117005453644,0.29127416955875063,0.28730788299454635,0.24169558750619732,0.0954387704511651,0.09519087754090233,0.10312345066931086,0.10808130887456618,0.2580565195835399,0.300446207238473,0.2783837382250868,0.09271194843827467,0.2776400594942985,0.10560237977193852,0.14253842340109074
OPTIMAL_GREEDY_20,0.10461080813088745,0.1945959345562717,0.1264253842340109,0.14352999504214178,0.11328705999008429,0.12369856222112048,0.3024293505205751,0.25681705503222607,0.10089241447694595,0.10163609320773426,0.10461080813088745,0.2949925632126921,1.0,0.15294992563212692,0.1264253842340109,0.18170550322260784,0.10461080813088745,0.1301437778879524,0.15815567674764502,0.2811105602379772,0.2188894397620228,0.2771442736737729,0.27193852255825485,0.2922657411998017,0.278135845314824,0.2424392662369856,0.08849776896380764,0.09122459097669806,0.10064452156668319,0.0917203767972236,0.26450173525037185,0.30168567178978684,0.26227069905800693,0.08477937530986614,0.2821021318790283,0.0887456618740704,0.14352999504214178
PLAYGROUND_BANDIT,0.06891422905304909,0.13634110064452157,0.05999008428358949,0.08205255329697571,0.10312345066931086,0.11105602379771938,0.1760039662865642,0.14105106593951414,0.07907783837382251,0.09395141298958849,0.08750619732275657,0.15220624690133863,0.15294992563212692,1.0,0.05999008428358949,0.32300446207238476,0.06891422905304909,0.3373822508676252,0.29846306395637084,0.16063460585027267,0.15443728309370353,0.14749628160634606,0.14724838869608328,0.17550818046603867,0.1591472483886961,0.1626177491323748,0.08601883986117997,0.08403569657907783,0.090233019335647,0.09717402082300446,0.15716410510659395,0.1588993554784333,0.153941497273178,0.09271194843827467,0.16559246405552802,0.09568666336142786,0.08205255329697571
PLAYGROUND_GRAPH_DENSITY,0.03991075855230541,0.07957362419434805,1.0,0.05751115518096182,0.036440257808626676,0.03991075855230541,0.13882002974714924,0.11725334655428855,0.029747149231531978,0.030738720872583045,0.033217649975210706,0.12890431333663857,0.1264253842340109,0.05999008428358949,1.0,0.07164105106593951,0.03991075855230541,0.04164600892414477,0.05057015369360436,0.12741695587506197,0.09048091224590976,0.11948438274665345,0.12245909766980664,0.1271690629647992,0.13113534952900346,0.10560237977193852,0.025780862667327716,0.02528507684680218,0.029747149231531978,0.029747149231531978,0.11477441745166088,0.13336638572136836,0.11799702528507684,0.02751611303916708,0.12022806147744175,0.034209221616261776,0.05751115518096182
PLAYGROUND_INFORMATIVE_DIVERSE,0.0880019831432821,0.161378284581061,0.07164105106593951,0.08180466038671294,0.12617749132374814,0.12865642042637582,0.19509172037679723,0.1774913237481408,0.10237977193852256,0.11056023797719385,0.10758552305404065,0.17699553792761527,0.18170550322260784,0.32300446207238476,0.07164105106593951,1.0,0.0880019831432821,0.326970748636589,0.32350024789291026,0.1819533961328706,0.17724343083787802,0.17922657411998016,0.1834407535944472,0.19335647000495787,0.19533961328705998,0.1812097174020823,0.1028755577590481,0.10832920178482895,0.11527020327218641,0.10783341596430342,0.1943480416460089,0.19335647000495787,0.180466038671294,0.10461080813088745,0.18889439762022806,0.1065939514129896,0.08180466038671294
PLAYGROUND_KCENTER_GREEDY,1.0,0.12741695587506197,0.03991075855230541,0.05280118988596926,0.05156172533465543,0.04784333168071393,0.11551809618244918,0.1536936043629152,0.03718393653941497,0.03891918691125434,0.03891918691125434,0.11452652454139811,0.10461080813088745,0.06891422905304909,0.03991075855230541,0.0880019831432821,1.0,0.057263262270699056,0.07982151710461081,0.11056023797719385,0.09890927119484383,0.1212196331184928,0.08998512642538424,0.11006445215666832,0.11824491819533961,0.11204759543877045,0.0428854734754586,0.0384234010907288,0.04015865146256817,0.03718393653941497,0.12320277640059495,0.11774913237481408,0.1628656420426376,0.03817550818046604,0.11031234506693109,0.04015865146256817,0.05280118988596926
PLAYGROUND_MARGIN,0.057263262270699056,0.13063956370847793,0.04164600892414477,0.05007436787307883,0.15939514129895885,0.21219633118492812,0.13435795736241943,0.12270699058006941,0.0768468021814576,0.08750619732275657,0.09345562716906297,0.1353495290034705,0.1301437778879524,0.3373822508676252,0.04164600892414477,0.326970748636589,0.057263262270699056,1.0,0.46628656420426373,0.13807635101636093,0.14700049578582053,0.11700545364402579,0.11750123946455131,0.12369856222112048,0.13584531482399603,0.13187902825979178,0.07907783837382251,0.08477937530986614,0.0909766980664353,0.1923648983639068,0.13237481408031732,0.13981160138820029,0.12692117005453643,0.1420426375805652,0.12345066931085771,0.1301437778879524,0.05007436787307883
PLAYGROUND_MIXTURE,0.07982151710461081,0.13857213683688646,0.05057015369360436,0.07808626673277144,0.11056023797719385,0.1308874566187407,0.17352503718393653,0.15047099652949925,0.07932573128408528,0.08676251859196826,0.08477937530986614,0.1745166088249876,0.15815567674764502,0.29846306395637084,0.05057015369360436,0.32350024789291026,0.07982151710461081,0.46628656420426373,1.0,0.16807139315815567,0.15146256817055032,0.15518096182449181,0.14898363906792267,0.1648487853247397,0.161378284581061,0.15418939018344074,0.07015369360436291,0.07411998016856718,0.08106098165592464,0.11874070401586515,0.16460089241447695,0.16881507188894398,0.16732771442736738,0.09816559246405553,0.16162617749132374,0.08998512642538424,0.07808626673277144
PLAYGROUND_UNIFORM,0.11056023797719385,0.1943480416460089,0.12741695587506197,0.14551313832424392,0.11898859692612791,0.12097174020823004,0.2808626673277144,0.24863658899355479,0.10560237977193852,0.09568666336142786,0.09940505701536936,0.2863163113534953,0.2811105602379772,0.16063460585027267,0.12741695587506197,0.1819533961328706,0.11056023797719385,0.13807635101636093,0.16807139315815567,1.0,0.21244422409519087,0.2588001983143282,0.2630143777887952,0.285572632622707,0.27615270203272185,0.23252354982647497,0.08924144769459594,0.09271194843827467,0.10039662865642042,0.10039662865642042,0.26797223599405057,0.28805156172533464,0.24888448190381754,0.09072880515617253,0.2659890927119484,0.09568666336142786,0.14551313832424392
SKACTIVEML_COST_EMBEDDING,0.09890927119484383,0.18542389687654934,0.09048091224590976,0.0924640555280119,0.11799702528507684,0.12320277640059495,0.21467526028755576,0.20823004462072384,0.10560237977193852,0.10708973723351513,0.10907288051561725,0.21343579573624194,0.2188894397620228,0.15443728309370353,0.09048091224590976,0.17724343083787802,0.09890927119484383,0.14700049578582053,0.15146256817055032,0.21244422409519087,1.0,0.20153693604362916,0.21120475954387705,0.2211204759543877,0.21194843827466534,0.21046108081308876,0.10585027268220129,0.10337134357957363,0.10808130887456618,0.10188398611799702,0.20847793753098662,0.21467526028755576,0.20525532969757065,0.0954387704511651,0.20649479424888448,0.10337134357957363,0.0924640555280119
SKACTIVEML_DAL,0.1212196331184928,0.18666336142786316,0.11948438274665345,0.13336638572136836,0.11874070401586515,0.12295488349033218,0.28656420426375806,0.24590976698066436,0.09395141298958849,0.09419930589985126,0.10064452156668319,0.27193852255825485,0.2771442736737729,0.14749628160634606,0.11948438274665345,0.17922657411998016,0.1212196331184928,0.11700545364402579,0.15518096182449181,0.2588001983143282,0.20153693604362916,1.0,0.25384234010907286,0.27912741695587506,0.28011898859692613,0.2387208725830441,0.10634605850272683,0.10535448686167576,0.10783341596430342,0.0880019831432821,0.2592959841348537,0.2776400594942985,0.2550818046603867,0.0880019831432821,0.2721864154685176,0.09122459097669806,0.13336638572136836
SKACTIVEML_DWUS,0.08998512642538424,0.18963807635101637,0.12245909766980664,0.1338621715418939,0.11006445215666832,0.11998016856717898,0.28681209717402084,0.23202776400594943,0.09791769955379276,0.0969261279127417,0.1036192364898364,0.2692117005453644,0.27193852255825485,0.14724838869608328,0.12245909766980664,0.1834407535944472,0.08998512642538424,0.11750123946455131,0.14898363906792267,0.2630143777887952,0.21120475954387705,0.25384234010907286,1.0,0.27119484382746656,0.2702032721864155,0.22384729796727815,0.09419930589985126,0.10114030738720872,0.1028755577590481,0.09221616261774913,0.24516608824987604,0.2776400594942985,0.23351512146752604,0.0894893406048587,0.2602875557759048,0.09519087754090233,0.1338621715418939
SKACTIVEML_QBC,0.11006445215666832,0.20327218641546851,0.1271690629647992,0.14600892414476946,0.11675756073376302,0.12245909766980664,0.31259295984134855,0.2625185919682697,0.10039662865642042,0.10039662865642042,0.1065939514129896,0.29127416955875063,0.2922657411998017,0.17550818046603867,0.1271690629647992,0.19335647000495787,0.11006445215666832,0.12369856222112048,0.1648487853247397,0.285572632622707,0.2211204759543877,0.27912741695587506,0.27119484382746656,1.0,0.2989588497768964,0.2506197322756569,0.09395141298958849,0.10039662865642042,0.10510659395141299,0.09221616261774913,0.2714427367377293,0.29424888448190384,0.2714427367377293,0.0894893406048587,0.2744174516608825,0.09196826970748637,0.14600892414476946
SKACTIVEML_QBC_VOTE_ENTROPY,0.11824491819533961,0.19707486365889937,0.13113534952900346,0.1405552801189886,0.11353495290034706,0.11601388200297472,0.29400099157164106,0.25483391175012393,0.09444719881011403,0.09866137828458106,0.09890927119484383,0.28730788299454635,0.278135845314824,0.1591472483886961,0.13113534952900346,0.19533961328705998,0.11824491819533961,0.13584531482399603,0.161378284581061,0.27615270203272185,0.21194843827466534,0.28011898859692613,0.2702032721864155,0.2989588497768964,1.0,0.23723351512146754,0.09940505701536936,0.10114030738720872,0.10783341596430342,0.09072880515617253,0.26499752107089736,0.3009419930589985,0.2597917699553793,0.08180466038671294,0.27565691621219635,0.08824987605354487,0.1405552801189886
SKACTIVEML_QUIRE,0.11204759543877045,0.2114526524541398,0.10560237977193852,0.11279127416955875,0.11254338125929599,0.11576598909271195,0.25855230540406543,0.25731284085275163,0.11279127416955875,0.11403073872087258,0.10708973723351513,0.24169558750619732,0.2424392662369856,0.1626177491323748,0.10560237977193852,0.1812097174020823,0.11204759543877045,0.13187902825979178,0.15418939018344074,0.23252354982647497,0.21046108081308876,0.2387208725830441,0.22384729796727815,0.2506197322756569,0.23723351512146754,1.0,0.11378284581060982,0.11279127416955875,0.11303916707982152,0.10634605850272683,0.24144769459593457,0.24590976698066436,0.23574615765989093,0.09940505701536936,0.24293505205751115,0.10758552305404065,0.11279127416955875
SKACTIVEML_US_ENTROPY,0.0428854734754586,0.10907288051561725,0.025780862667327716,0.029995042141794746,0.09494298463063956,0.08230044620723848,0.0887456618740704,0.10138820029747149,0.11006445215666832,0.09519087754090233,0.09295984134853744,0.0954387704511651,0.08849776896380764,0.08601883986117997,0.025780862667327716,0.1028755577590481,0.0428854734754586,0.07907783837382251,0.07015369360436291,0.08924144769459594,0.10585027268220129,0.10634605850272683,0.09419930589985126,0.09395141298958849,0.09940505701536936,0.11378284581060982,1.0,0.7565691621219633,0.7407040158651462,0.06544372830937036,0.10411502231036192,0.0909766980664353,0.0917203767972236,0.07164105106593951,0.09345562716906297,0.10337134357957363,0.029995042141794746
SKACTIVEML_US_LC,0.0384234010907288,0.10560237977193852,0.02528507684680218,0.02875557759048091,0.10510659395141299,0.09147248388696083,0.09147248388696083,0.0991571641051066,0.09295984134853744,0.10163609320773426,0.09568666336142786,0.09519087754090233,0.09122459097669806,0.08403569657907783,0.02528507684680218,0.10832920178482895,0.0384234010907288,0.08477937530986614,0.07411998016856718,0.09271194843827467,0.10337134357957363,0.10535448686167576,0.10114030738720872,0.10039662865642042,0.10114030738720872,0.11279127416955875,0.7565691621219633,1.0,0.7526028755577591,0.07486365889935548,0.1028755577590481,0.08651462568170551,0.09122459097669806,0.0946950917203768,0.09444719881011403,0.08651462568170551,0.02875557759048091
SKACTIVEML_US_MARGIN,0.04015865146256817,0.11824491819533961,0.029747149231531978,0.03495290034705007,0.09122459097669806,0.11279127416955875,0.0999008428358949,0.10436291522062469,0.08676251859196826,0.08924144769459594,0.10882498760535449,0.10312345066931086,0.10064452156668319,0.090233019335647,0.029747149231531978,0.11527020327218641,0.04015865146256817,0.0909766980664353,0.08106098165592464,0.10039662865642042,0.10808130887456618,0.10783341596430342,0.1028755577590481,0.10510659395141299,0.10783341596430342,0.11303916707982152,0.7407040158651462,0.7526028755577591,1.0,0.09147248388696083,0.1028755577590481,0.0969261279127417,0.0984134853743183,0.07238472979672782,0.10163609320773426,0.07783837382250867,0.03495290034705007
SMALLTEXT_BREAKINGTIES,0.03718393653941497,0.1065939514129896,0.029747149231531978,0.031978185423896875,0.1494794248884482,0.25359444719881014,0.08775409023301933,0.090233019335647,0.07511155180961825,0.0805651958353991,0.09965294992563213,0.10808130887456618,0.0917203767972236,0.09717402082300446,0.029747149231531978,0.10783341596430342,0.03718393653941497,0.1923648983639068,0.11874070401586515,0.10039662865642042,0.10188398611799702,0.0880019831432821,0.09221616261774913,0.09221616261774913,0.09072880515617253,0.10634605850272683,0.06544372830937036,0.07486365889935548,0.09147248388696083,1.0,0.0969261279127417,0.09295984134853744,0.09345562716906297,0.7337630143777888,0.09419930589985126,0.7221120475954388,0.031978185423896875
SMALLTEXT_CONTRASTIVEAL,0.12320277640059495,0.20500743678730787,0.11477441745166088,0.12766484878532475,0.11799702528507684,0.11923648983639068,0.27912741695587506,0.2597917699553793,0.11303916707982152,0.09965294992563213,0.10436291522062469,0.2580565195835399,0.26450173525037185,0.15716410510659395,0.11477441745166088,0.1943480416460089,0.12320277640059495,0.13237481408031732,0.16460089241447695,0.26797223599405057,0.20847793753098662,0.2592959841348537,0.24516608824987604,0.2714427367377293,0.26499752107089736,0.24144769459593457,0.10411502231036192,0.1028755577590481,0.1028755577590481,0.0969261279127417,1.0,0.273921665840357,0.26103123450669313,0.0961824491819534,0.2677243430837878,0.1036192364898364,0.12766484878532475
SMALLTEXT_EMBEDDINGKMEANS,0.11774913237481408,0.19955379276152702,0.13336638572136836,0.15195835399107585,0.11427863163113534,0.12444224095190877,0.3113534952900347,0.266484878532474,0.08701041150223103,0.0932077342588002,0.09419930589985126,0.300446207238473,0.30168567178978684,0.1588993554784333,0.13336638572136836,0.19335647000495787,0.11774913237481408,0.13981160138820029,0.16881507188894398,0.28805156172533464,0.21467526028755576,0.2776400594942985,0.2776400594942985,0.29424888448190384,0.3009419930589985,0.24590976698066436,0.0909766980664353,0.08651462568170551,0.0969261279127417,0.09295984134853744,0.273921665840357,1.0,0.2741695587506197,0.08453148239960337,0.289786812097174,0.08824987605354487,0.15195835399107585
SMALLTEXT_GREEDYCORESET,0.1628656420426376,0.19955379276152702,0.11799702528507684,0.14005949429846307,0.10832920178482895,0.11130391670798215,0.2776400594942985,0.2597917699553793,0.0969261279127417,0.09816559246405553,0.09494298463063956,0.2783837382250868,0.26227069905800693,0.153941497273178,0.11799702528507684,0.180466038671294,0.1628656420426376,0.12692117005453643,0.16732771442736738,0.24888448190381754,0.20525532969757065,0.2550818046603867,0.23351512146752604,0.2714427367377293,0.2597917699553793,0.23574615765989093,0.0917203767972236,0.09122459097669806,0.0984134853743183,0.09345562716906297,0.26103123450669313,0.2741695587506197,1.0,0.0909766980664353,0.263262270699058,0.1028755577590481,0.14005949429846307
SMALLTEXT_LEASTCONFIDENCE,0.03817550818046604,0.10337134357957363,0.02751611303916708,0.03173029251363411,0.2461576598909271,0.15096678235002478,0.08155676747645017,0.08849776896380764,0.08155676747645017,0.09717402082300446,0.07535944471988101,0.09271194843827467,0.08477937530986614,0.09271194843827467,0.02751611303916708,0.10461080813088745,0.03817550818046604,0.1420426375805652,0.09816559246405553,0.09072880515617253,0.0954387704511651,0.0880019831432821,0.0894893406048587,0.0894893406048587,0.08180466038671294,0.09940505701536936,0.07164105106593951,0.0946950917203768,0.07238472979672782,0.7337630143777888,0.0961824491819534,0.08453148239960337,0.0909766980664353,1.0,0.0909766980664353,0.7481408031730292,0.03173029251363411
SMALLTEXT_LIGHTWEIGHTCORESET,0.11031234506693109,0.20079325731284084,0.12022806147744175,0.14179474467030243,0.10981655924640556,0.11576598909271195,0.28755577590480913,0.25681705503222607,0.0969261279127417,0.10411502231036192,0.10956866633614279,0.2776400594942985,0.2821021318790283,0.16559246405552802,0.12022806147744175,0.18889439762022806,0.11031234506693109,0.12345066931085771,0.16162617749132374,0.2659890927119484,0.20649479424888448,0.2721864154685176,0.2602875557759048,0.2744174516608825,0.27565691621219635,0.24293505205751115,0.09345562716906297,0.09444719881011403,0.10163609320773426,0.09419930589985126,0.2677243430837878,0.289786812097174,0.263262270699058,0.0909766980664353,1.0,0.09667823500247893,0.14179474467030243
SMALLTEXT_PREDICTIONENTROPY,0.04015865146256817,0.10907288051561725,0.034209221616261776,0.03148239960337134,0.1576598909271195,0.1383242439266237,0.0880019831432821,0.10213187902825979,0.10114030738720872,0.0946950917203768,0.08453148239960337,0.10560237977193852,0.0887456618740704,0.09568666336142786,0.034209221616261776,0.1065939514129896,0.04015865146256817,0.1301437778879524,0.08998512642538424,0.09568666336142786,0.10337134357957363,0.09122459097669806,0.09519087754090233,0.09196826970748637,0.08824987605354487,0.10758552305404065,0.10337134357957363,0.08651462568170551,0.07783837382250867,0.7221120475954388,0.1036192364898364,0.08824987605354487,0.1028755577590481,0.7481408031730292,0.09667823500247893,1.0,0.03148239960337134
SMALLTEXT_RANDOM,0.05280118988596926,0.09196826970748637,0.05751115518096182,1.0,0.0421417947446703,0.043877045116509666,0.15493306891422906,0.12617749132374814,0.031234506693108576,0.031978185423896875,0.03470500743678731,0.14253842340109074,0.14352999504214178,0.08205255329697571,0.05751115518096182,0.08180466038671294,0.05280118988596926,0.05007436787307883,0.07808626673277144,0.14551313832424392,0.0924640555280119,0.13336638572136836,0.1338621715418939,0.14600892414476946,0.1405552801189886,0.11279127416955875,0.029995042141794746,0.02875557759048091,0.03495290034705007,0.031978185423896875,0.12766484878532475,0.15195835399107585,0.14005949429846307,0.03173029251363411,0.14179474467030243,0.03148239960337134,1.0
