,ALIPY_CORESET_GREEDY,ALIPY_DENSITY_WEIGHTED,ALIPY_GRAPH_DENSITY,ALIPY_RANDOM,ALIPY_UNCERTAINTY_LC,ALIPY_UNCERTAINTY_MM,LIBACT_DWUS,LIBACT_QUIRE,LIBACT_UNCERTAINTY_ENT,LIBACT_UNCERTAINTY_LC,LIBACT_UNCERTAINTY_SM,OPTIMAL_GREEDY_10,OPTIMAL_GREEDY_20,PLAYGROUND_BANDIT,PLAYGROUND_GRAPH_DENSITY,PLAYGROUND_INFORMATIVE_DIVERSE,PLAYGROUND_KCENTER_GREEDY,PLAYGROUND_MARGIN,PLAYGROUND_MIXTURE,PLAYGROUND_UNIFORM,SKACTIVEML_COST_EMBEDDING,SKACTIVEML_DAL,SKACTIVEML_DWUS,SKACTIVEML_QBC,SKACTIVEML_QBC_VOTE_ENTROPY,SKACTIVEML_QUIRE,SKACTIVEML_US_ENTROPY,SKACTIVEML_US_LC,SKACTIVEML_US_MARGIN,SMALLTEXT_BREAKINGTIES,SMALLTEXT_CONTRASTIVEAL,SMALLTEXT_EMBEDDINGKMEANS,SMALLTEXT_GREEDYCORESET,SMALLTEXT_LEASTCONFIDENCE,SMALLTEXT_LIGHTWEIGHTCORESET,SMALLTEXT_PREDICTIONENTROPY,SMALLTEXT_RANDOM
ALIPY_CORESET_GREEDY,1.0,0.45290034705007437,0.33886960832920177,0.4038175508180466,0.34655428854734754,0.3455627169062965,0.3445711452652454,0.46926127912741694,0.3480416460089241,0.34258800198314326,0.34878532473971247,0.4516608824987605,0.4526524541398116,0.39067922657411996,0.33886960832920177,0.4060485870104115,1.0,0.35399107585523054,0.41993058998512645,0.44199305899851266,0.36489836390679226,0.4454635597421914,0.349281110560238,0.4144769459593456,0.4516608824987605,0.3621715418939018,0.3411006445215667,0.3445711452652454,0.34878532473971247,0.3440753594447199,0.39910758552305403,0.4895884977689638,0.7193852255825484,0.3440753594447199,0.5193356470004958,0.3448190381755082,0.4038175508180466
ALIPY_DENSITY_WEIGHTED,0.45290034705007437,1.0,0.3594447198810114,0.35002478929102626,0.40927119484382746,0.40133862171541895,0.3676251859196827,0.5260287555775904,0.40654437283093703,0.40629647992067425,0.4030738720872583,0.3579573624194348,0.3552305404065444,0.3817550818046604,0.3594447198810114,0.37902825979176996,0.45290034705007437,0.41621219633118495,0.3668815071888944,0.3559742191373327,0.39885969261279125,0.36142786316311354,0.4070401586514626,0.368368864650471,0.3594447198810114,0.45091720376797223,0.40505701536936045,0.40580069410014874,0.40183440753594446,0.40951908775409024,0.44942984630639565,0.37927615270203274,0.4561229548834903,0.41621219633118495,0.37530986613782846,0.4117501239464551,0.35002478929102626
ALIPY_GRAPH_DENSITY,0.33886960832920177,0.3594447198810114,1.0,0.3381259295984135,0.3445711452652454,0.3445711452652454,0.33515121467526027,0.4134853743182945,0.34283589489340605,0.34234010907288054,0.34630639563708476,0.3406048587010411,0.3406048587010411,0.3443232523549826,1.0,0.3440753594447199,0.33886960832920177,0.3453148239960337,0.34605850272682204,0.33911750123946455,0.34977689638076354,0.33986117997025284,0.34729796727813583,0.34234010907288054,0.3378780366881507,0.35994050570153696,0.3430837878036688,0.34209221616261776,0.3443232523549826,0.3443232523549826,0.35746157659890926,0.34209221616261776,0.3358948934060486,0.34258800198314326,0.3475458601883986,0.3440753594447199,0.3381259295984135
ALIPY_RANDOM,0.4038175508180466,0.35002478929102626,0.3381259295984135,1.0,0.3480416460089241,0.34878532473971247,0.36415468517600397,0.35994050570153696,0.3443232523549826,0.3433316807139316,0.3485374318294497,0.56271690629648,0.5518096182449181,0.43529995042141795,0.3381259295984135,0.4367873078829945,0.4038175508180466,0.3663857213683689,0.48413485374318294,0.5589985126425384,0.3926623698562221,0.5332176499752107,0.3696083292017848,0.48388696083292015,0.5639563708477937,0.3634110064452157,0.33862171541893904,0.33886960832920177,0.34209221616261776,0.3440753594447199,0.3815071888943976,0.46479920674268715,0.4231531978185424,0.34234010907288054,0.4563708477937531,0.3430837878036688,1.0
ALIPY_UNCERTAINTY_LC,0.34655428854734754,0.40927119484382746,0.3445711452652454,0.3480416460089241,1.0,0.8443232523549826,0.3733267228557263,0.36489836390679226,0.44695091720376795,0.4608329201784829,0.43877045116509666,0.3552305404065444,0.35374318294496776,0.41373326722855724,0.3445711452652454,0.42117005453644024,0.34655428854734754,0.5161130391670798,0.3936539414972732,0.3591968269707486,0.41298958849776896,0.3621715418939018,0.4003470500743679,0.38274665344571146,0.35622211204759546,0.40109072880515617,0.451165096678235,0.45686663361427865,0.4372830937035201,0.4890927119484383,0.40629647992067425,0.3621715418939018,0.33911750123946455,0.5359444719881011,0.3587010411502231,0.5019831432821021,0.3480416460089241
ALIPY_UNCERTAINTY_MM,0.3455627169062965,0.40133862171541895,0.3445711452652454,0.34878532473971247,0.8443232523549826,1.0,0.3785324739712444,0.3579573624194348,0.4261279127416956,0.4410014873574616,0.46058502726822015,0.3579573624194348,0.3522558254833912,0.4216658403569658,0.3445711452652454,0.4291026276648488,0.3455627169062965,0.5495785820525533,0.39910758552305403,0.36415468517600397,0.4194348041646009,0.3639067922657412,0.40109072880515617,0.38324243926623697,0.3559742191373327,0.3919186911254338,0.428854734754586,0.43381259295984137,0.4638076351016361,0.5384234010907288,0.40282597917699553,0.36415468517600397,0.33986117997025284,0.4881011403073872,0.36043629152206247,0.47545860188398614,0.34878532473971247
LIBACT_DWUS,0.3445711452652454,0.3676251859196827,0.33515121467526027,0.36415468517600397,0.3733267228557263,0.3785324739712444,1.0,0.37902825979176996,0.3691125433812593,0.3673772930094199,0.3701041150223104,0.3708477937530987,0.3738225086762519,0.39762022806147745,0.33515121467526027,0.39910758552305403,0.3445711452652454,0.4184432325235498,0.39043133366385724,0.3777887952404561,0.4149727317798711,0.37927615270203274,0.5485870104115023,0.4261279127416956,0.37307882994546354,0.4484382746653446,0.3658899355478433,0.36886465047099654,0.3691125433812593,0.3666336142786316,0.43455627169062966,0.4115022310361924,0.3430837878036688,0.3666336142786316,0.349281110560238,0.3691125433812593,0.36415468517600397
LIBACT_QUIRE,0.46926127912741694,0.5260287555775904,0.4134853743182945,0.35994050570153696,0.36489836390679226,0.3579573624194348,0.37902825979176996,1.0,0.3639067922657412,0.3616757560733763,0.36068418443232525,0.36068418443232525,0.3629152206246901,0.36192364898363905,0.4134853743182945,0.3564700049578582,0.46926127912741694,0.3691125433812593,0.3629152206246901,0.3626673277144274,0.38373822508676253,0.3748140803173029,0.38373822508676253,0.36936043629152204,0.3621715418939018,0.4910758552305404,0.3639067922657412,0.36564204263758054,0.3594447198810114,0.35076846802181455,0.496777392166584,0.3750619732275657,0.49380267724343085,0.3579573624194348,0.409766980664353,0.35770946950917204,0.35994050570153696
LIBACT_UNCERTAINTY_ENT,0.3480416460089241,0.40654437283093703,0.34283589489340605,0.3443232523549826,0.44695091720376795,0.4261279127416956,0.3691125433812593,0.3639067922657412,1.0,0.8517600396628656,0.8336638572136836,0.3564700049578582,0.35374318294496776,0.3993554784333168,0.34283589489340605,0.40505701536936045,0.3480416460089241,0.4283589489340605,0.3807635101636093,0.3589489340604859,0.4035696579077838,0.36068418443232525,0.39315815567674767,0.37208725830441247,0.35076846802181455,0.40282597917699553,0.440505701536936,0.43009419930589987,0.41695587506197324,0.4231531978185424,0.4117501239464551,0.35845314823996033,0.34357957362419433,0.4414972731779871,0.35076846802181455,0.45438770451165095,0.3443232523549826
LIBACT_UNCERTAINTY_LC,0.34258800198314326,0.40629647992067425,0.34234010907288054,0.3433316807139316,0.4608329201784829,0.4410014873574616,0.3673772930094199,0.3616757560733763,0.8517600396628656,1.0,0.846058502726822,0.3512642538423401,0.3522558254833912,0.39439762022806146,0.34234010907288054,0.4072880515617253,0.34258800198314326,0.44124938026772437,0.37977193852255825,0.3520079325731284,0.40951908775409024,0.35399107585523054,0.39067922657411996,0.3691125433812593,0.34952900347050075,0.39687654933068917,0.43554784333168073,0.4452156668319286,0.4231531978185424,0.4325731284085275,0.39836390679226574,0.35746157659890926,0.3378780366881507,0.45736241943480416,0.34878532473971247,0.4516608824987605,0.3433316807139316
LIBACT_UNCERTAINTY_SM,0.34878532473971247,0.4030738720872583,0.34630639563708476,0.3485374318294497,0.43877045116509666,0.46058502726822015,0.3701041150223104,0.36068418443232525,0.8336638572136836,0.846058502726822,1.0,0.3579573624194348,0.3564700049578582,0.40183440753594446,0.34630639563708476,0.4184432325235498,0.34878532473971247,0.447942488844819,0.39167079821517103,0.3587010411502231,0.4105106593951413,0.36489836390679226,0.39167079821517103,0.3770451165096678,0.35845314823996033,0.38795240456122954,0.41373326722855724,0.41621219633118495,0.4526524541398116,0.4593455627169063,0.3936539414972732,0.36043629152206247,0.3408527516113039,0.43529995042141795,0.3549826474962816,0.43182944967773923,0.3485374318294497
OPTIMAL_GREEDY_10,0.4516608824987605,0.3579573624194348,0.3406048587010411,0.56271690629648,0.3552305404065444,0.3579573624194348,0.3708477937530987,0.36068418443232525,0.3564700049578582,0.3512642538423401,0.3579573624194348,1.0,0.6383242439266237,0.47149231531978186,0.3406048587010411,0.47917699553792764,0.4516608824987605,0.38572136836886467,0.5369360436291523,0.6298958849776897,0.4105106593951413,0.5763510163609321,0.37977193852255825,0.5290034705007437,0.6355974219137333,0.37183936539414975,0.3505205751115518,0.35101636093207733,0.35746157659890926,0.35845314823996033,0.38795240456122954,0.5242935052057511,0.4652949925632127,0.3554784333168071,0.5178482895389191,0.35299950421417947,0.56271690629648
OPTIMAL_GREEDY_20,0.4526524541398116,0.3552305404065444,0.3406048587010411,0.5518096182449181,0.35374318294496776,0.3522558254833912,0.3738225086762519,0.3629152206246901,0.35374318294496776,0.3522558254833912,0.3564700049578582,0.6383242439266237,1.0,0.4739712444224095,0.3406048587010411,0.4732275656916212,0.4526524541398116,0.3765493306891423,0.5327218641546851,0.6284085275161131,0.40852751611303917,0.579573624194348,0.3802677243430838,0.5277640059494298,0.6435299950421418,0.3738225086762519,0.3482895389191869,0.3517600396628656,0.3527516113039167,0.3527516113039167,0.38696083292017847,0.541398116013882,0.47248388696083293,0.3515121467526029,0.5237977193852256,0.35027268220128904,0.5518096182449181
PLAYGROUND_BANDIT,0.39067922657411996,0.3817550818046604,0.3443232523549826,0.43529995042141795,0.41373326722855724,0.4216658403569658,0.39762022806147745,0.36192364898363905,0.3993554784333168,0.39439762022806146,0.40183440753594446,0.47149231531978186,0.4739712444224095,1.0,0.3443232523549826,0.537183936539415,0.39067922657411996,0.5359444719881011,0.559494298463064,0.4774417451660882,0.46108081308874566,0.48760535448686165,0.40133862171541895,0.4561229548834903,0.4727317798710957,0.40208230044620724,0.39018344075359446,0.39464551313832424,0.40109072880515617,0.4070401586514626,0.41596430342092217,0.43901834407535945,0.38671294000991574,0.40133862171541895,0.43529995042141795,0.3996033713435796,0.43529995042141795
PLAYGROUND_GRAPH_DENSITY,0.33886960832920177,0.3594447198810114,1.0,0.3381259295984135,0.3445711452652454,0.3445711452652454,0.33515121467526027,0.4134853743182945,0.34283589489340605,0.34234010907288054,0.34630639563708476,0.3406048587010411,0.3406048587010411,0.3443232523549826,1.0,0.3440753594447199,0.33886960832920177,0.3453148239960337,0.34605850272682204,0.33911750123946455,0.34977689638076354,0.33986117997025284,0.34729796727813583,0.34234010907288054,0.3378780366881507,0.35994050570153696,0.3430837878036688,0.34209221616261776,0.3443232523549826,0.3443232523549826,0.35746157659890926,0.34209221616261776,0.3358948934060486,0.34258800198314326,0.3475458601883986,0.3440753594447199,0.3381259295984135
PLAYGROUND_INFORMATIVE_DIVERSE,0.4060485870104115,0.37902825979176996,0.3440753594447199,0.4367873078829945,0.42117005453644024,0.4291026276648488,0.39910758552305403,0.3564700049578582,0.40505701536936045,0.4072880515617253,0.4184432325235498,0.47917699553792764,0.4732275656916212,0.537183936539415,0.3440753594447199,1.0,0.4060485870104115,0.5059494298463064,0.5448686167575607,0.4823996033713436,0.4548834903321765,0.4816559246405553,0.3921665840356966,0.44918195339613287,0.47992067426871593,0.3886960832920178,0.3998512642538423,0.40555280118988596,0.4184432325235498,0.4060485870104115,0.40852751611303917,0.4739712444224095,0.3973723351512147,0.40109072880515617,0.45438770451165095,0.39786812097174024,0.4367873078829945
PLAYGROUND_KCENTER_GREEDY,1.0,0.45290034705007437,0.33886960832920177,0.4038175508180466,0.34655428854734754,0.3455627169062965,0.3445711452652454,0.46926127912741694,0.3480416460089241,0.34258800198314326,0.34878532473971247,0.4516608824987605,0.4526524541398116,0.39067922657411996,0.33886960832920177,0.4060485870104115,1.0,0.35399107585523054,0.41993058998512645,0.44199305899851266,0.36489836390679226,0.4454635597421914,0.349281110560238,0.4144769459593456,0.4516608824987605,0.3621715418939018,0.3411006445215667,0.3445711452652454,0.34878532473971247,0.3440753594447199,0.39910758552305403,0.4895884977689638,0.7193852255825484,0.3440753594447199,0.5193356470004958,0.3448190381755082,0.4038175508180466
PLAYGROUND_MARGIN,0.35399107585523054,0.41621219633118495,0.3453148239960337,0.3663857213683689,0.5161130391670798,0.5495785820525533,0.4184432325235498,0.3691125433812593,0.4283589489340605,0.44124938026772437,0.447942488844819,0.38572136836886467,0.3765493306891423,0.5359444719881011,0.3453148239960337,0.5059494298463064,0.35399107585523054,1.0,0.4548834903321765,0.38200297471492317,0.46851760039662865,0.3919186911254338,0.4253842340109073,0.4102627664848785,0.3782845810609817,0.4325731284085275,0.4325731284085275,0.4380267724343084,0.4439762022806148,0.5176003966286564,0.4221616261774913,0.3775409023301934,0.3430837878036688,0.48934060485870107,0.37605354486861675,0.47372335151214673,0.3663857213683689
PLAYGROUND_MIXTURE,0.41993058998512645,0.3668815071888944,0.34605850272682204,0.48413485374318294,0.3936539414972732,0.39910758552305403,0.39043133366385724,0.3629152206246901,0.3807635101636093,0.37977193852255825,0.39167079821517103,0.5369360436291523,0.5327218641546851,0.559494298463064,0.34605850272682204,0.5448686167575607,0.41993058998512645,0.4548834903321765,1.0,0.5319781854238969,0.451165096678235,0.5240456122954883,0.3934060485870104,0.4823996033713436,0.5356965790778384,0.3862171541893902,0.38200297471492317,0.38572136836886467,0.3911750123946455,0.39043133366385724,0.4015865146256817,0.49058006941001486,0.4157164105106594,0.38572136836886467,0.47645017352503716,0.38423401090728804,0.48413485374318294
PLAYGROUND_UNIFORM,0.44199305899851266,0.3559742191373327,0.33911750123946455,0.5589985126425384,0.3591968269707486,0.36415468517600397,0.3777887952404561,0.3626673277144274,0.3589489340604859,0.3520079325731284,0.3587010411502231,0.6298958849776897,0.6284085275161131,0.4774417451660882,0.33911750123946455,0.4823996033713436,0.44199305899851266,0.38200297471492317,0.5319781854238969,1.0,0.40431333663857216,0.5748636588993554,0.38745661874070403,0.5220624690133863,0.6383242439266237,0.37630143777887953,0.35076846802181455,0.35324739712444225,0.3554784333168071,0.35448686167575605,0.39067922657411996,0.5374318294496777,0.4620723847297967,0.35101636093207733,0.5091720376797224,0.34977689638076354,0.5589985126425384
SKACTIVEML_COST_EMBEDDING,0.36489836390679226,0.39885969261279125,0.34977689638076354,0.3926623698562221,0.41298958849776896,0.4194348041646009,0.4149727317798711,0.38373822508676253,0.4035696579077838,0.40951908775409024,0.4105106593951413,0.4105106593951413,0.40852751611303917,0.46108081308874566,0.34977689638076354,0.4548834903321765,0.36489836390679226,0.46851760039662865,0.451165096678235,0.40431333663857216,1.0,0.41323748140803174,0.42711948438274666,0.42191373326722853,0.4144769459593456,0.44248884481903816,0.40257808626673275,0.40109072880515617,0.40877540902330195,0.40431333663857216,0.4429846306395637,0.39167079821517103,0.35994050570153696,0.4035696579077838,0.3934060485870104,0.4035696579077838,0.3926623698562221
SKACTIVEML_DAL,0.4454635597421914,0.36142786316311354,0.33986117997025284,0.5332176499752107,0.3621715418939018,0.3639067922657412,0.37927615270203274,0.3748140803173029,0.36068418443232525,0.35399107585523054,0.36489836390679226,0.5763510163609321,0.579573624194348,0.48760535448686165,0.33986117997025284,0.4816559246405553,0.4454635597421914,0.3919186911254338,0.5240456122954883,0.5748636588993554,0.41323748140803174,1.0,0.37679722359940504,0.5111551809618244,0.5830441249380268,0.37977193852255825,0.35349529003470503,0.35448686167575605,0.35746157659890926,0.35448686167575605,0.39414972731779874,0.530738720872583,0.48314328210213187,0.35448686167575605,0.5215666831928607,0.35349529003470503,0.5332176499752107
SKACTIVEML_DWUS,0.349281110560238,0.4070401586514626,0.34729796727813583,0.3696083292017848,0.4003470500743679,0.40109072880515617,0.5485870104115023,0.38373822508676253,0.39315815567674767,0.39067922657411996,0.39167079821517103,0.37977193852255825,0.3802677243430838,0.40133862171541895,0.34729796727813583,0.3921665840356966,0.349281110560238,0.4253842340109073,0.3934060485870104,0.38745661874070403,0.42711948438274666,0.37679722359940504,1.0,0.42389687654933067,0.3822508676251859,0.4400099157164105,0.38943976202280617,0.39067922657411996,0.3921665840356966,0.38671294000991574,0.43951412989588495,0.3886960832920178,0.34134853743182947,0.3911750123946455,0.34234010907288054,0.39043133366385724,0.3696083292017848
SKACTIVEML_QBC,0.4144769459593456,0.368368864650471,0.34234010907288054,0.48388696083292015,0.38274665344571146,0.38324243926623697,0.4261279127416956,0.36936043629152204,0.37208725830441247,0.3691125433812593,0.3770451165096678,0.5290034705007437,0.5277640059494298,0.4561229548834903,0.34234010907288054,0.44918195339613287,0.4144769459593456,0.4102627664848785,0.4823996033713436,0.5220624690133863,0.42191373326722853,0.5111551809618244,0.42389687654933067,1.0,0.538175508180466,0.39414972731779874,0.3708477937530987,0.3750619732275657,0.3777887952404561,0.3698562221120476,0.4157164105106594,0.4697570649479425,0.4107585523054041,0.36787307882994547,0.4454635597421914,0.3676251859196827,0.48388696083292015
SKACTIVEML_QBC_VOTE_ENTROPY,0.4516608824987605,0.3594447198810114,0.3378780366881507,0.5639563708477937,0.35622211204759546,0.3559742191373327,0.37307882994546354,0.3621715418939018,0.35076846802181455,0.34952900347050075,0.35845314823996033,0.6355974219137333,0.6435299950421418,0.4727317798710957,0.3378780366881507,0.47992067426871593,0.4516608824987605,0.3782845810609817,0.5356965790778384,0.6383242439266237,0.4144769459593456,0.5830441249380268,0.3822508676251859,0.538175508180466,1.0,0.3750619732275657,0.349281110560238,0.3482895389191869,0.3554784333168071,0.3522558254833912,0.3911750123946455,0.5262766484878533,0.4667823500247893,0.34878532473971247,0.5146256817055033,0.3485374318294497,0.5639563708477937
SKACTIVEML_QUIRE,0.3621715418939018,0.45091720376797223,0.35994050570153696,0.3634110064452157,0.40109072880515617,0.3919186911254338,0.4484382746653446,0.4910758552305404,0.40282597917699553,0.39687654933068917,0.38795240456122954,0.37183936539414975,0.3738225086762519,0.40208230044620724,0.35994050570153696,0.3886960832920178,0.3621715418939018,0.4325731284085275,0.3862171541893902,0.37630143777887953,0.44248884481903816,0.37977193852255825,0.4400099157164105,0.39414972731779874,0.3750619732275657,1.0,0.3971244422409519,0.39439762022806146,0.3815071888943976,0.3849776896380763,0.5294992563212693,0.36787307882994547,0.37258304412493803,0.39786812097174024,0.37580565195835397,0.39538919186911253,0.3634110064452157
SKACTIVEML_US_ENTROPY,0.3411006445215667,0.40505701536936045,0.3430837878036688,0.33862171541893904,0.451165096678235,0.428854734754586,0.3658899355478433,0.3639067922657412,0.440505701536936,0.43554784333168073,0.41373326722855724,0.3505205751115518,0.3482895389191869,0.39018344075359446,0.3430837878036688,0.3998512642538423,0.3411006445215667,0.4325731284085275,0.38200297471492317,0.35076846802181455,0.40257808626673275,0.35349529003470503,0.38943976202280617,0.3708477937530987,0.349281110560238,0.3971244422409519,1.0,0.8596926127912742,0.8415964303420922,0.4030738720872583,0.394893406048587,0.35299950421417947,0.3371343579573624,0.4283589489340605,0.3515121467526029,0.4400099157164105,0.33862171541893904
SKACTIVEML_US_LC,0.3445711452652454,0.40580069410014874,0.34209221616261776,0.33886960832920177,0.45686663361427865,0.43381259295984137,0.36886465047099654,0.36564204263758054,0.43009419930589987,0.4452156668319286,0.41621219633118495,0.35101636093207733,0.3517600396628656,0.39464551313832424,0.34209221616261776,0.40555280118988596,0.3445711452652454,0.4380267724343084,0.38572136836886467,0.35324739712444225,0.40109072880515617,0.35448686167575605,0.39067922657411996,0.3750619732275657,0.3482895389191869,0.39439762022806146,0.8596926127912742,1.0,0.8458106098165592,0.40852751611303917,0.3973723351512147,0.35770946950917204,0.3381259295984135,0.4335647000495786,0.35349529003470503,0.424640555280119,0.33886960832920177
SKACTIVEML_US_MARGIN,0.34878532473971247,0.40183440753594446,0.3443232523549826,0.34209221616261776,0.4372830937035201,0.4638076351016361,0.3691125433812593,0.3594447198810114,0.41695587506197324,0.4231531978185424,0.4526524541398116,0.35746157659890926,0.3527516113039167,0.40109072880515617,0.3443232523549826,0.4184432325235498,0.34878532473971247,0.4439762022806148,0.3911750123946455,0.3554784333168071,0.40877540902330195,0.35746157659890926,0.3921665840356966,0.3777887952404561,0.3554784333168071,0.3815071888943976,0.8415964303420922,0.8458106098165592,1.0,0.43232523549826474,0.3926623698562221,0.3626673277144274,0.3411006445215667,0.4184432325235498,0.35770946950917204,0.4070401586514626,0.34209221616261776
SMALLTEXT_BREAKINGTIES,0.3440753594447199,0.40951908775409024,0.3443232523549826,0.3440753594447199,0.4890927119484383,0.5384234010907288,0.3666336142786316,0.35076846802181455,0.4231531978185424,0.4325731284085275,0.4593455627169063,0.35845314823996033,0.3527516113039167,0.4070401586514626,0.3443232523549826,0.4060485870104115,0.3440753594447199,0.5176003966286564,0.39043133366385724,0.35448686167575605,0.40431333663857216,0.35448686167575605,0.38671294000991574,0.3698562221120476,0.3522558254833912,0.3849776896380763,0.4030738720872583,0.40852751611303917,0.43232523549826474,1.0,0.38943976202280617,0.3557263262270699,0.3381259295984135,0.8445711452652455,0.3522558254833912,0.8341596430342092,0.3440753594447199
SMALLTEXT_CONTRASTIVEAL,0.39910758552305403,0.44942984630639565,0.35746157659890926,0.3815071888943976,0.40629647992067425,0.40282597917699553,0.43455627169062966,0.496777392166584,0.4117501239464551,0.39836390679226574,0.3936539414972732,0.38795240456122954,0.38696083292017847,0.41596430342092217,0.35746157659890926,0.40852751611303917,0.39910758552305403,0.4221616261774913,0.4015865146256817,0.39067922657411996,0.4429846306395637,0.39414972731779874,0.43951412989588495,0.4157164105106594,0.3911750123946455,0.5294992563212693,0.394893406048587,0.3973723351512147,0.3926623698562221,0.38943976202280617,1.0,0.38720872583044125,0.3993554784333168,0.3993554784333168,0.39067922657411996,0.39464551313832424,0.3815071888943976
SMALLTEXT_EMBEDDINGKMEANS,0.4895884977689638,0.37927615270203274,0.34209221616261776,0.46479920674268715,0.3621715418939018,0.36415468517600397,0.4115022310361924,0.3750619732275657,0.35845314823996033,0.35746157659890926,0.36043629152206247,0.5242935052057511,0.541398116013882,0.43901834407535945,0.34209221616261776,0.4739712444224095,0.4895884977689638,0.3775409023301934,0.49058006941001486,0.5374318294496777,0.39167079821517103,0.530738720872583,0.3886960832920178,0.4697570649479425,0.5262766484878533,0.36787307882994547,0.35299950421417947,0.35770946950917204,0.3626673277144274,0.3557263262270699,0.38720872583044125,1.0,0.5532969757064948,0.35448686167575605,0.6693108577094695,0.35349529003470503,0.46479920674268715
SMALLTEXT_GREEDYCORESET,0.7193852255825484,0.4561229548834903,0.3358948934060486,0.4231531978185424,0.33911750123946455,0.33986117997025284,0.3430837878036688,0.49380267724343085,0.34357957362419433,0.3378780366881507,0.3408527516113039,0.4652949925632127,0.47248388696083293,0.38671294000991574,0.3358948934060486,0.3973723351512147,0.7193852255825484,0.3430837878036688,0.4157164105106594,0.4620723847297967,0.35994050570153696,0.48314328210213187,0.34134853743182947,0.4107585523054041,0.4667823500247893,0.37258304412493803,0.3371343579573624,0.3381259295984135,0.3411006445215667,0.3381259295984135,0.3993554784333168,0.5532969757064948,1.0,0.33564700049578583,0.6026276648487853,0.3371343579573624,0.4231531978185424
SMALLTEXT_LEASTCONFIDENCE,0.3440753594447199,0.41621219633118495,0.34258800198314326,0.34234010907288054,0.5359444719881011,0.4881011403073872,0.3666336142786316,0.3579573624194348,0.4414972731779871,0.45736241943480416,0.43529995042141795,0.3554784333168071,0.3515121467526029,0.40133862171541895,0.34258800198314326,0.40109072880515617,0.3440753594447199,0.48934060485870107,0.38572136836886467,0.35101636093207733,0.4035696579077838,0.35448686167575605,0.3911750123946455,0.36787307882994547,0.34878532473971247,0.39786812097174024,0.4283589489340605,0.4335647000495786,0.4184432325235498,0.8445711452652455,0.3993554784333168,0.35448686167575605,0.33564700049578583,1.0,0.35101636093207733,0.8591968269707486,0.34234010907288054
SMALLTEXT_LIGHTWEIGHTCORESET,0.5193356470004958,0.37530986613782846,0.3475458601883986,0.4563708477937531,0.3587010411502231,0.36043629152206247,0.349281110560238,0.409766980664353,0.35076846802181455,0.34878532473971247,0.3549826474962816,0.5178482895389191,0.5237977193852256,0.43529995042141795,0.3475458601883986,0.45438770451165095,0.5193356470004958,0.37605354486861675,0.47645017352503716,0.5091720376797224,0.3934060485870104,0.5215666831928607,0.34234010907288054,0.4454635597421914,0.5146256817055033,0.37580565195835397,0.3515121467526029,0.35349529003470503,0.35770946950917204,0.3522558254833912,0.39067922657411996,0.6693108577094695,0.6026276648487853,0.35101636093207733,1.0,0.3520079325731284,0.4563708477937531
SMALLTEXT_PREDICTIONENTROPY,0.3448190381755082,0.4117501239464551,0.3440753594447199,0.3430837878036688,0.5019831432821021,0.47545860188398614,0.3691125433812593,0.35770946950917204,0.45438770451165095,0.4516608824987605,0.43182944967773923,0.35299950421417947,0.35027268220128904,0.3996033713435796,0.3440753594447199,0.39786812097174024,0.3448190381755082,0.47372335151214673,0.38423401090728804,0.34977689638076354,0.4035696579077838,0.35349529003470503,0.39043133366385724,0.3676251859196827,0.3485374318294497,0.39538919186911253,0.4400099157164105,0.424640555280119,0.4070401586514626,0.8341596430342092,0.39464551313832424,0.35349529003470503,0.3371343579573624,0.8591968269707486,0.3520079325731284,1.0,0.3430837878036688
SMALLTEXT_RANDOM,0.4038175508180466,0.35002478929102626,0.3381259295984135,1.0,0.3480416460089241,0.34878532473971247,0.36415468517600397,0.35994050570153696,0.3443232523549826,0.3433316807139316,0.3485374318294497,0.56271690629648,0.5518096182449181,0.43529995042141795,0.3381259295984135,0.4367873078829945,0.4038175508180466,0.3663857213683689,0.48413485374318294,0.5589985126425384,0.3926623698562221,0.5332176499752107,0.3696083292017848,0.48388696083292015,0.5639563708477937,0.3634110064452157,0.33862171541893904,0.33886960832920177,0.34209221616261776,0.3440753594447199,0.3815071888943976,0.46479920674268715,0.4231531978185424,0.34234010907288054,0.4563708477937531,0.3430837878036688,1.0
