,ALIPY_CORESET_GREEDY,ALIPY_DENSITY_WEIGHTED,ALIPY_GRAPH_DENSITY,ALIPY_RANDOM,ALIPY_UNCERTAINTY_LC,ALIPY_UNCERTAINTY_MM,LIBACT_DWUS,LIBACT_QUIRE,LIBACT_UNCERTAINTY_ENT,LIBACT_UNCERTAINTY_LC,LIBACT_UNCERTAINTY_SM,OPTIMAL_GREEDY_10,OPTIMAL_GREEDY_20,PLAYGROUND_BANDIT,PLAYGROUND_GRAPH_DENSITY,PLAYGROUND_INFORMATIVE_DIVERSE,PLAYGROUND_KCENTER_GREEDY,PLAYGROUND_MARGIN,PLAYGROUND_MIXTURE,PLAYGROUND_UNIFORM,SKACTIVEML_COST_EMBEDDING,SKACTIVEML_DAL,SKACTIVEML_DWUS,SKACTIVEML_QBC,SKACTIVEML_QBC_VOTE_ENTROPY,SKACTIVEML_QUIRE,SKACTIVEML_US_ENTROPY,SKACTIVEML_US_LC,SKACTIVEML_US_MARGIN,SMALLTEXT_BREAKINGTIES,SMALLTEXT_CONTRASTIVEAL,SMALLTEXT_EMBEDDINGKMEANS,SMALLTEXT_GREEDYCORESET,SMALLTEXT_LEASTCONFIDENCE,SMALLTEXT_LIGHTWEIGHTCORESET,SMALLTEXT_PREDICTIONENTROPY,SMALLTEXT_RANDOM
ALIPY_CORESET_GREEDY,1.0,0.2729300941993059,0.03594447198810114,0.051313832424392664,0.06172533465542886,0.0458601883986118,0.0932077342588002,0.3264749628160635,0.06321269211700545,0.06122954883490332,0.05205751115518096,0.11675756073376302,0.12320277640059495,0.11378284581060982,0.03594447198810114,0.12345066931085771,1.0,0.08626673277144274,0.09742191373326722,0.11427863163113534,0.15840356965790778,0.139067922657412,0.1338621715418939,0.11998016856717898,0.11923648983639068,0.20525532969757065,0.060981655924640554,0.058750619732275654,0.0495785820525533,0.0428854734754586,0.19732275656916212,0.12915220624690135,0.3710956866633614,0.051065939514129896,0.1420426375805652,0.06246901338621715,0.051313832424392664
ALIPY_DENSITY_WEIGHTED,0.2729300941993059,1.0,0.0872583044124938,0.08453148239960337,0.10585027268220129,0.09444719881011403,0.1886465047099653,0.38299454635597424,0.09122459097669806,0.09196826970748637,0.08601883986117997,0.1943480416460089,0.19286068418443233,0.14377788795240456,0.0872583044124938,0.16931085770946952,0.2729300941993059,0.11204759543877045,0.11006445215666832,0.18691125433812594,0.22359940505701537,0.20599900842835894,0.20699058006941,0.20054536440257809,0.1983143282102132,0.28433316807139314,0.0932077342588002,0.09370352007932573,0.0887456618740704,0.07709469509172037,0.24392662369856222,0.2307882994546356,0.3934060485870104,0.08552305404065444,0.19186911254338126,0.09816559246405553,0.08453148239960337
ALIPY_GRAPH_DENSITY,0.03594447198810114,0.0872583044124938,1.0,0.07783837382250867,0.0458601883986118,0.04709965294992563,0.17203767972235995,0.11750123946455131,0.03668815071888944,0.036440257808626676,0.039167079821517105,0.15840356965790778,0.15270203272186417,0.0917203767972236,1.0,0.09072880515617253,0.03594447198810114,0.04933068914229053,0.056023797719385225,0.1479920674268716,0.10907288051561725,0.14600892414476946,0.15121467526028756,0.15865146256817056,0.15691621219633117,0.10609816559246406,0.041398116013882005,0.035696579077838374,0.042637580565195836,0.037927615270203274,0.1353495290034705,0.17922657411998016,0.10684184432325236,0.03470500743678731,0.12072384729796728,0.03668815071888944,0.07783837382250867
ALIPY_RANDOM,0.051313832424392664,0.08453148239960337,0.07783837382250867,1.0,0.0451165096678235,0.04833911750123947,0.18170550322260784,0.11824491819533961,0.036440257808626676,0.035696579077838374,0.036936043629152204,0.1722855726326227,0.16460089241447695,0.10609816559246406,0.07783837382250867,0.10312345066931086,0.051313832424392664,0.06841844323252355,0.09345562716906297,0.16683192860684184,0.10733763014377788,0.1628656420426376,0.15270203272186417,0.17352503718393653,0.16732771442736738,0.10411502231036192,0.039167079821517105,0.03495290034705007,0.040406544372830935,0.03619236489836391,0.15071888943976203,0.18021814576103123,0.10609816559246406,0.03470500743678731,0.15319781854238967,0.03668815071888944,1.0
ALIPY_UNCERTAINTY_LC,0.06172533465542886,0.10585027268220129,0.0458601883986118,0.0451165096678235,1.0,0.7297967278135845,0.09494298463063956,0.10386712940009915,0.10436291522062469,0.12196331184928111,0.09717402082300446,0.11229548834903322,0.10585027268220129,0.1036192364898364,0.0458601883986118,0.11601388200297472,0.06172533465542886,0.14551313832424392,0.09965294992563213,0.10585027268220129,0.09866137828458106,0.10708973723351513,0.10510659395141299,0.11254338125929599,0.11080813088745661,0.11874070401586515,0.11080813088745661,0.12245909766980664,0.09494298463063956,0.1517104610808131,0.11056023797719385,0.12097174020823004,0.10089241447694595,0.26524541398116014,0.10188398611799702,0.1707982151710461,0.0451165096678235
ALIPY_UNCERTAINTY_MM,0.0458601883986118,0.09444719881011403,0.04709965294992563,0.04833911750123947,0.7297967278135845,1.0,0.09866137828458106,0.0924640555280119,0.08998512642538424,0.0894893406048587,0.11254338125929599,0.11155180961824492,0.10510659395141299,0.11179970252850768,0.04709965294992563,0.11378284581060982,0.0458601883986118,0.1893901834407536,0.11601388200297472,0.11006445215666832,0.09717402082300446,0.11031234506693109,0.10461080813088745,0.11105602379771938,0.11502231036192365,0.10411502231036192,0.08701041150223103,0.09816559246405553,0.11427863163113534,0.2523549826474963,0.10337134357957363,0.12146752602875557,0.08081308874566187,0.15071888943976203,0.0984134853743183,0.14253842340109074,0.04833911750123947
LIBACT_DWUS,0.0932077342588002,0.1886465047099653,0.17203767972235995,0.18170550322260784,0.09494298463063956,0.09866137828458106,1.0,0.25731284085275163,0.07957362419434805,0.07585523054040655,0.08775409023301933,0.38572136836886467,0.37605354486861675,0.22607833415964304,0.17203767972235995,0.2374814080317303,0.0932077342588002,0.131631135349529,0.18393653941497273,0.38671294000991574,0.24541398116013882,0.36117997025285076,0.3886960832920178,0.3785324739712444,0.3802677243430838,0.2592959841348537,0.07858205255329698,0.07808626673277144,0.0850272682201289,0.06593951412989589,0.3145761031234507,0.4608329201784829,0.22459097669806644,0.06172533465542886,0.3024293505205751,0.07089737233515121,0.18170550322260784
LIBACT_QUIRE,0.3264749628160635,0.38299454635597424,0.11750123946455131,0.11824491819533961,0.10386712940009915,0.0924640555280119,0.25731284085275163,1.0,0.0984134853743183,0.0946950917203768,0.08279623202776401,0.2640059494298463,0.26053544868616757,0.18839861179970252,0.11750123946455131,0.19955379276152702,0.3264749628160635,0.11799702528507684,0.13237481408031732,0.2521070897372335,0.2630143777887952,0.2746653445711453,0.2751611303916708,0.26797223599405057,0.26375805651958356,0.3517600396628656,0.09940505701536936,0.09766980664352999,0.08527516113039167,0.07858205255329698,0.3341596430342092,0.2964799206742687,0.4928111056023798,0.08403569657907783,0.25483391175012393,0.10262766484878533,0.11824491819533961
LIBACT_UNCERTAINTY_ENT,0.06321269211700545,0.09122459097669806,0.03668815071888944,0.036440257808626676,0.10436291522062469,0.08998512642538424,0.07957362419434805,0.0984134853743183,1.0,0.770699058006941,0.7350024789291026,0.08973723351512147,0.08651462568170551,0.08453148239960337,0.03668815071888944,0.10213187902825979,0.06321269211700545,0.07759048091224591,0.07213683688646505,0.09147248388696083,0.09147248388696083,0.09519087754090233,0.0842835894893406,0.09295984134853744,0.09345562716906297,0.10411502231036192,0.13113534952900346,0.10783341596430342,0.09147248388696083,0.09295984134853744,0.10411502231036192,0.10262766484878533,0.09370352007932573,0.11601388200297472,0.08006941001487357,0.13807635101636093,0.036440257808626676
LIBACT_UNCERTAINTY_LC,0.06122954883490332,0.09196826970748637,0.036440257808626676,0.035696579077838374,0.12196331184928111,0.0894893406048587,0.07585523054040655,0.0946950917203768,0.770699058006941,1.0,0.7535944471988101,0.08453148239960337,0.0872583044124938,0.0857709469509172,0.036440257808626676,0.0991571641051066,0.06122954883490332,0.08106098165592464,0.07288051561725335,0.08601883986117997,0.09196826970748637,0.08973723351512147,0.0857709469509172,0.08403569657907783,0.090233019335647,0.10039662865642042,0.11130391670798215,0.12196331184928111,0.09890927119484383,0.10461080813088745,0.0961824491819534,0.09667823500247893,0.0857709469509172,0.1308874566187407,0.08477937530986614,0.11874070401586515,0.035696579077838374
LIBACT_UNCERTAINTY_SM,0.05205751115518096,0.08601883986117997,0.039167079821517105,0.036936043629152204,0.09717402082300446,0.11254338125929599,0.08775409023301933,0.08279623202776401,0.7350024789291026,0.7535944471988101,1.0,0.09370352007932573,0.09221616261774913,0.09147248388696083,0.039167079821517105,0.09890927119484383,0.05205751115518096,0.08849776896380764,0.08106098165592464,0.0961824491819534,0.09345562716906297,0.0946950917203768,0.09395141298958849,0.09370352007932573,0.0991571641051066,0.0842835894893406,0.0880019831432821,0.09345562716906297,0.11973227565691621,0.11799702528507684,0.09519087754090233,0.10857709469509172,0.08329201784828955,0.09742191373326722,0.08676251859196826,0.10188398611799702,0.036936043629152204
OPTIMAL_GREEDY_10,0.11675756073376302,0.1943480416460089,0.15840356965790778,0.1722855726326227,0.11229548834903322,0.11155180961824492,0.38572136836886467,0.2640059494298463,0.08973723351512147,0.08453148239960337,0.09370352007932573,1.0,0.35770946950917204,0.2203767972235994,0.15840356965790778,0.23599405057015369,0.11675756073376302,0.14749628160634606,0.19112543381259295,0.34506693108577097,0.23971244422409518,0.3371343579573624,0.3145761031234507,0.34878532473971247,0.34630639563708476,0.24194348041646008,0.09295984134853744,0.0850272682201289,0.09395141298958849,0.08477937530986614,0.307882994546356,0.4003470500743679,0.23500247892910262,0.0805651958353991,0.2952404561229549,0.08750619732275657,0.1722855726326227
OPTIMAL_GREEDY_20,0.12320277640059495,0.19286068418443233,0.15270203272186417,0.16460089241447695,0.10585027268220129,0.10510659395141299,0.37605354486861675,0.26053544868616757,0.08651462568170551,0.0872583044124938,0.09221616261774913,0.35770946950917204,1.0,0.20847793753098662,0.15270203272186417,0.21764997521070897,0.12320277640059495,0.14229053049082796,0.17922657411998016,0.3326722855726326,0.22979672781358454,0.32821021318790283,0.30912245909766983,0.3468021814576103,0.3448190381755082,0.2478929102627665,0.09667823500247893,0.0894893406048587,0.09370352007932573,0.08552305404065444,0.30292513634110063,0.39836390679226574,0.23475458601883986,0.07882994546355974,0.2989588497768964,0.08254833911750124,0.16460089241447695
PLAYGROUND_BANDIT,0.11378284581060982,0.14377788795240456,0.0917203767972236,0.10609816559246406,0.1036192364898364,0.11179970252850768,0.22607833415964304,0.18839861179970252,0.08453148239960337,0.0857709469509172,0.09147248388696083,0.2203767972235994,0.20847793753098662,1.0,0.0917203767972236,0.38001983143282103,0.11378284581060982,0.38299454635597424,0.33168071393158155,0.21219633118492812,0.19930589985126426,0.2211204759543877,0.20277640059494298,0.2092216162617749,0.21368368864650472,0.18294496777392166,0.0894893406048587,0.08849776896380764,0.0954387704511651,0.09147248388696083,0.1931085770946951,0.24863658899355479,0.17501239464551313,0.08998512642538424,0.19856222112047595,0.0880019831432821,0.10609816559246406
PLAYGROUND_GRAPH_DENSITY,0.03594447198810114,0.0872583044124938,1.0,0.07783837382250867,0.0458601883986118,0.04709965294992563,0.17203767972235995,0.11750123946455131,0.03668815071888944,0.036440257808626676,0.039167079821517105,0.15840356965790778,0.15270203272186417,0.0917203767972236,1.0,0.09072880515617253,0.03594447198810114,0.04933068914229053,0.056023797719385225,0.1479920674268716,0.10907288051561725,0.14600892414476946,0.15121467526028756,0.15865146256817056,0.15691621219633117,0.10609816559246406,0.041398116013882005,0.035696579077838374,0.042637580565195836,0.037927615270203274,0.1353495290034705,0.17922657411998016,0.10684184432325236,0.03470500743678731,0.12072384729796728,0.03668815071888944,0.07783837382250867
PLAYGROUND_INFORMATIVE_DIVERSE,0.12345066931085771,0.16931085770946952,0.09072880515617253,0.10312345066931086,0.11601388200297472,0.11378284581060982,0.2374814080317303,0.19955379276152702,0.10213187902825979,0.0991571641051066,0.09890927119484383,0.23599405057015369,0.21764997521070897,0.38001983143282103,0.09072880515617253,1.0,0.12345066931085771,0.3254833911750124,0.33490332176499754,0.22533465542885472,0.1901338621715419,0.23252354982647497,0.21467526028755576,0.221864154685176,0.22533465542885472,0.1901338621715419,0.0961824491819534,0.08924144769459594,0.09717402082300446,0.08775409023301933,0.20847793753098662,0.2630143777887952,0.1960832920178483,0.08973723351512147,0.21393158155676748,0.09593455627169063,0.10312345066931086
PLAYGROUND_KCENTER_GREEDY,1.0,0.2729300941993059,0.03594447198810114,0.051313832424392664,0.06172533465542886,0.0458601883986118,0.0932077342588002,0.3264749628160635,0.06321269211700545,0.06122954883490332,0.05205751115518096,0.11675756073376302,0.12320277640059495,0.11378284581060982,0.03594447198810114,0.12345066931085771,1.0,0.08626673277144274,0.09742191373326722,0.11427863163113534,0.15840356965790778,0.139067922657412,0.1338621715418939,0.11998016856717898,0.11923648983639068,0.20525532969757065,0.060981655924640554,0.058750619732275654,0.0495785820525533,0.0428854734754586,0.19732275656916212,0.12915220624690135,0.3710956866633614,0.051065939514129896,0.1420426375805652,0.06246901338621715,0.051313832424392664
PLAYGROUND_MARGIN,0.08626673277144274,0.11204759543877045,0.04933068914229053,0.06841844323252355,0.14551313832424392,0.1893901834407536,0.131631135349529,0.11799702528507684,0.07759048091224591,0.08106098165592464,0.08849776896380764,0.14749628160634606,0.14229053049082796,0.38299454635597424,0.04933068914229053,0.3254833911750124,0.08626673277144274,1.0,0.47372335151214673,0.13733267228557264,0.15121467526028756,0.13336638572136836,0.12840852751611304,0.14352999504214178,0.139067922657412,0.1338621715418939,0.07882994546355974,0.08626673277144274,0.0894893406048587,0.17798710956866634,0.13212692117005453,0.15815567674764502,0.11452652454139811,0.13336638572136836,0.1360932077342588,0.1264253842340109,0.06841844323252355
PLAYGROUND_MIXTURE,0.09742191373326722,0.11006445215666832,0.056023797719385225,0.09345562716906297,0.09965294992563213,0.11601388200297472,0.18393653941497273,0.13237481408031732,0.07213683688646505,0.07288051561725335,0.08106098165592464,0.19112543381259295,0.17922657411998016,0.33168071393158155,0.056023797719385225,0.33490332176499754,0.09742191373326722,0.47372335151214673,1.0,0.1893901834407536,0.15270203272186417,0.18591968269707487,0.16385721368368864,0.1812097174020823,0.17625185919682698,0.1405552801189886,0.06470004957858205,0.06742687159147248,0.07560733763014378,0.10485870104115022,0.16162617749132374,0.2020327218641547,0.1271690629647992,0.0813088745661874,0.17327714427367377,0.08453148239960337,0.09345562716906297
PLAYGROUND_UNIFORM,0.11427863163113534,0.18691125433812594,0.1479920674268716,0.16683192860684184,0.10585027268220129,0.11006445215666832,0.38671294000991574,0.2521070897372335,0.09147248388696083,0.08601883986117997,0.0961824491819534,0.34506693108577097,0.3326722855726326,0.21219633118492812,0.1479920674268716,0.22533465542885472,0.11427863163113534,0.13733267228557264,0.1893901834407536,1.0,0.22954883490332176,0.34357957362419433,0.3190381755081805,0.33391175012394647,0.32721864154685176,0.23500247892910262,0.0946950917203768,0.0924640555280119,0.09444719881011403,0.08205255329697571,0.30813088745661876,0.3924144769459593,0.23822508676251858,0.07263262270699058,0.2853247397124442,0.08676251859196826,0.16683192860684184
SKACTIVEML_COST_EMBEDDING,0.15840356965790778,0.22359940505701537,0.10907288051561725,0.10733763014377788,0.09866137828458106,0.09717402082300446,0.24541398116013882,0.2630143777887952,0.09147248388696083,0.09196826970748637,0.09345562716906297,0.23971244422409518,0.22979672781358454,0.19930589985126426,0.10907288051561725,0.1901338621715419,0.15840356965790778,0.15121467526028756,0.15270203272186417,0.22954883490332176,1.0,0.23772930094199307,0.23723351512146754,0.23475458601883986,0.23996033713435796,0.24566187407040158,0.09196826970748637,0.09494298463063956,0.0917203767972236,0.08329201784828955,0.23624194348041647,0.2771442736737729,0.2506197322756569,0.08155676747645017,0.22136836886465047,0.09965294992563213,0.10733763014377788
SKACTIVEML_DAL,0.139067922657412,0.20599900842835894,0.14600892414476946,0.1628656420426376,0.10708973723351513,0.11031234506693109,0.36117997025285076,0.2746653445711453,0.09519087754090233,0.08973723351512147,0.0946950917203768,0.3371343579573624,0.32821021318790283,0.2211204759543877,0.14600892414476946,0.23252354982647497,0.139067922657412,0.13336638572136836,0.18591968269707487,0.34357957362419433,0.23772930094199307,1.0,0.30887456618740705,0.3284581060981656,0.34506693108577097,0.2411998016856718,0.09419930589985126,0.09295984134853744,0.09667823500247893,0.08279623202776401,0.3068914229053049,0.3963807635101636,0.2528507684680218,0.07882994546355974,0.29424888448190384,0.08750619732275657,0.1628656420426376
SKACTIVEML_DWUS,0.1338621715418939,0.20699058006941,0.15121467526028756,0.15270203272186417,0.10510659395141299,0.10461080813088745,0.3886960832920178,0.2751611303916708,0.0842835894893406,0.0857709469509172,0.09395141298958849,0.3145761031234507,0.30912245909766983,0.20277640059494298,0.15121467526028756,0.21467526028755576,0.1338621715418939,0.12840852751611304,0.16385721368368864,0.3190381755081805,0.23723351512146754,0.30887456618740705,1.0,0.31978185423896877,0.3150718889439762,0.25681705503222607,0.09965294992563213,0.09221616261774913,0.10262766484878533,0.08329201784828955,0.3041646008924145,0.3748140803173029,0.24888448190381754,0.0813088745661874,0.2560733763014378,0.0909766980664353,0.15270203272186417
SKACTIVEML_QBC,0.11998016856717898,0.20054536440257809,0.15865146256817056,0.17352503718393653,0.11254338125929599,0.11105602379771938,0.3785324739712444,0.26797223599405057,0.09295984134853744,0.08403569657907783,0.09370352007932573,0.34878532473971247,0.3468021814576103,0.2092216162617749,0.15865146256817056,0.221864154685176,0.11998016856717898,0.14352999504214178,0.1812097174020823,0.33391175012394647,0.23475458601883986,0.3284581060981656,0.31978185423896877,1.0,0.3661378284581061,0.24442240951908775,0.09122459097669806,0.09395141298958849,0.10411502231036192,0.0857709469509172,0.30218145761031234,0.39910758552305403,0.2464055528011899,0.08403569657907783,0.29474467030242935,0.08304412493802678,0.17352503718393653
SKACTIVEML_QBC_VOTE_ENTROPY,0.11923648983639068,0.1983143282102132,0.15691621219633117,0.16732771442736738,0.11080813088745661,0.11502231036192365,0.3802677243430838,0.26375805651958356,0.09345562716906297,0.090233019335647,0.0991571641051066,0.34630639563708476,0.3448190381755082,0.21368368864650472,0.15691621219633117,0.22533465542885472,0.11923648983639068,0.139067922657412,0.17625185919682698,0.32721864154685176,0.23996033713435796,0.34506693108577097,0.3150718889439762,0.3661378284581061,1.0,0.24739712444224096,0.09667823500247893,0.0999008428358949,0.10634605850272683,0.0857709469509172,0.3098661378284581,0.39390183440753596,0.244174516608825,0.07635101636093208,0.3009419930589985,0.08849776896380764,0.16732771442736738
SKACTIVEML_QUIRE,0.20525532969757065,0.28433316807139314,0.10609816559246406,0.10411502231036192,0.11874070401586515,0.10411502231036192,0.2592959841348537,0.3517600396628656,0.10411502231036192,0.10039662865642042,0.0842835894893406,0.24194348041646008,0.2478929102627665,0.18294496777392166,0.10609816559246406,0.1901338621715419,0.20525532969757065,0.1338621715418939,0.1405552801189886,0.23500247892910262,0.24566187407040158,0.2411998016856718,0.25681705503222607,0.24442240951908775,0.24739712444224096,1.0,0.10337134357957363,0.10213187902825979,0.09593455627169063,0.07709469509172037,0.27317798710956864,0.270699058006941,0.31928606841844326,0.09295984134853744,0.2322756569162122,0.10089241447694595,0.10411502231036192
SKACTIVEML_US_ENTROPY,0.060981655924640554,0.0932077342588002,0.041398116013882005,0.039167079821517105,0.11080813088745661,0.08701041150223103,0.07858205255329698,0.09940505701536936,0.13113534952900346,0.11130391670798215,0.0880019831432821,0.09295984134853744,0.09667823500247893,0.0894893406048587,0.041398116013882005,0.0961824491819534,0.060981655924640554,0.07882994546355974,0.06470004957858205,0.0946950917203768,0.09196826970748637,0.09419930589985126,0.09965294992563213,0.09122459097669806,0.09667823500247893,0.10337134357957363,1.0,0.7672285572632622,0.7402082300446208,0.07882994546355974,0.0991571641051066,0.10609816559246406,0.10039662865642042,0.10014873574615767,0.0887456618740704,0.12989588497768964,0.039167079821517105
SKACTIVEML_US_LC,0.058750619732275654,0.09370352007932573,0.035696579077838374,0.03495290034705007,0.12245909766980664,0.09816559246405553,0.07808626673277144,0.09766980664352999,0.10783341596430342,0.12196331184928111,0.09345562716906297,0.0850272682201289,0.0894893406048587,0.08849776896380764,0.035696579077838374,0.08924144769459594,0.058750619732275654,0.08626673277144274,0.06742687159147248,0.0924640555280119,0.09494298463063956,0.09295984134853744,0.09221616261774913,0.09395141298958849,0.0999008428358949,0.10213187902825979,0.7672285572632622,1.0,0.7478929102627665,0.08279623202776401,0.0969261279127417,0.09890927119484383,0.0917203767972236,0.10981655924640556,0.08279623202776401,0.10609816559246406,0.03495290034705007
SKACTIVEML_US_MARGIN,0.0495785820525533,0.0887456618740704,0.042637580565195836,0.040406544372830935,0.09494298463063956,0.11427863163113534,0.0850272682201289,0.08527516113039167,0.09147248388696083,0.09890927119484383,0.11973227565691621,0.09395141298958849,0.09370352007932573,0.0954387704511651,0.042637580565195836,0.09717402082300446,0.0495785820525533,0.0894893406048587,0.07560733763014378,0.09444719881011403,0.0917203767972236,0.09667823500247893,0.10262766484878533,0.10411502231036192,0.10634605850272683,0.09593455627169063,0.7402082300446208,0.7478929102627665,1.0,0.10163609320773426,0.10064452156668319,0.11155180961824492,0.08453148239960337,0.08924144769459594,0.0917203767972236,0.08626673277144274,0.040406544372830935
SMALLTEXT_BREAKINGTIES,0.0428854734754586,0.07709469509172037,0.037927615270203274,0.03619236489836391,0.1517104610808131,0.2523549826474963,0.06593951412989589,0.07858205255329698,0.09295984134853744,0.10461080813088745,0.11799702528507684,0.08477937530986614,0.08552305404065444,0.09147248388696083,0.037927615270203274,0.08775409023301933,0.0428854734754586,0.17798710956866634,0.10485870104115022,0.08205255329697571,0.08329201784828955,0.08279623202776401,0.08329201784828955,0.0857709469509172,0.0857709469509172,0.07709469509172037,0.07882994546355974,0.08279623202776401,0.10163609320773426,1.0,0.08106098165592464,0.09221616261774913,0.06891422905304909,0.7387208725830441,0.07833415964303421,0.7273177987109569,0.03619236489836391
SMALLTEXT_CONTRASTIVEAL,0.19732275656916212,0.24392662369856222,0.1353495290034705,0.15071888943976203,0.11056023797719385,0.10337134357957363,0.3145761031234507,0.3341596430342092,0.10411502231036192,0.0961824491819534,0.09519087754090233,0.307882994546356,0.30292513634110063,0.1931085770946951,0.1353495290034705,0.20847793753098662,0.19732275656916212,0.13212692117005453,0.16162617749132374,0.30813088745661876,0.23624194348041647,0.3068914229053049,0.3041646008924145,0.30218145761031234,0.3098661378284581,0.27317798710956864,0.0991571641051066,0.0969261279127417,0.10064452156668319,0.08106098165592464,1.0,0.36440257808626675,0.32350024789291026,0.08750619732275657,0.2736737729300942,0.09742191373326722,0.15071888943976203
SMALLTEXT_EMBEDDINGKMEANS,0.12915220624690135,0.2307882994546356,0.17922657411998016,0.18021814576103123,0.12097174020823004,0.12146752602875557,0.4608329201784829,0.2964799206742687,0.10262766484878533,0.09667823500247893,0.10857709469509172,0.4003470500743679,0.39836390679226574,0.24863658899355479,0.17922657411998016,0.2630143777887952,0.12915220624690135,0.15815567674764502,0.2020327218641547,0.3924144769459593,0.2771442736737729,0.3963807635101636,0.3748140803173029,0.39910758552305403,0.39390183440753596,0.270699058006941,0.10609816559246406,0.09890927119484383,0.11155180961824492,0.09221616261774913,0.36440257808626675,1.0,0.26871591472483886,0.0850272682201289,0.35027268220128904,0.09816559246405553,0.18021814576103123
SMALLTEXT_GREEDYCORESET,0.3710956866633614,0.3934060485870104,0.10684184432325236,0.10609816559246406,0.10089241447694595,0.08081308874566187,0.22459097669806644,0.4928111056023798,0.09370352007932573,0.0857709469509172,0.08329201784828955,0.23500247892910262,0.23475458601883986,0.17501239464551313,0.10684184432325236,0.1960832920178483,0.3710956866633614,0.11452652454139811,0.1271690629647992,0.23822508676251858,0.2506197322756569,0.2528507684680218,0.24888448190381754,0.2464055528011899,0.244174516608825,0.31928606841844326,0.10039662865642042,0.0917203767972236,0.08453148239960337,0.06891422905304909,0.32350024789291026,0.26871591472483886,1.0,0.08403569657907783,0.23847297967278136,0.09890927119484383,0.10609816559246406
SMALLTEXT_LEASTCONFIDENCE,0.051065939514129896,0.08552305404065444,0.03470500743678731,0.03470500743678731,0.26524541398116014,0.15071888943976203,0.06172533465542886,0.08403569657907783,0.11601388200297472,0.1308874566187407,0.09742191373326722,0.0805651958353991,0.07882994546355974,0.08998512642538424,0.03470500743678731,0.08973723351512147,0.051065939514129896,0.13336638572136836,0.0813088745661874,0.07263262270699058,0.08155676747645017,0.07882994546355974,0.0813088745661874,0.08403569657907783,0.07635101636093208,0.09295984134853744,0.10014873574615767,0.10981655924640556,0.08924144769459594,0.7387208725830441,0.08750619732275657,0.0850272682201289,0.08403569657907783,1.0,0.07486365889935548,0.7553296975706495,0.03470500743678731
SMALLTEXT_LIGHTWEIGHTCORESET,0.1420426375805652,0.19186911254338126,0.12072384729796728,0.15319781854238967,0.10188398611799702,0.0984134853743183,0.3024293505205751,0.25483391175012393,0.08006941001487357,0.08477937530986614,0.08676251859196826,0.2952404561229549,0.2989588497768964,0.19856222112047595,0.12072384729796728,0.21393158155676748,0.1420426375805652,0.1360932077342588,0.17327714427367377,0.2853247397124442,0.22136836886465047,0.29424888448190384,0.2560733763014378,0.29474467030242935,0.3009419930589985,0.2322756569162122,0.0887456618740704,0.08279623202776401,0.0917203767972236,0.07833415964303421,0.2736737729300942,0.35027268220128904,0.23847297967278136,0.07486365889935548,1.0,0.08205255329697571,0.15319781854238967
SMALLTEXT_PREDICTIONENTROPY,0.06246901338621715,0.09816559246405553,0.03668815071888944,0.03668815071888944,0.1707982151710461,0.14253842340109074,0.07089737233515121,0.10262766484878533,0.13807635101636093,0.11874070401586515,0.10188398611799702,0.08750619732275657,0.08254833911750124,0.0880019831432821,0.03668815071888944,0.09593455627169063,0.06246901338621715,0.1264253842340109,0.08453148239960337,0.08676251859196826,0.09965294992563213,0.08750619732275657,0.0909766980664353,0.08304412493802678,0.08849776896380764,0.10089241447694595,0.12989588497768964,0.10609816559246406,0.08626673277144274,0.7273177987109569,0.09742191373326722,0.09816559246405553,0.09890927119484383,0.7553296975706495,0.08205255329697571,1.0,0.03668815071888944
SMALLTEXT_RANDOM,0.051313832424392664,0.08453148239960337,0.07783837382250867,1.0,0.0451165096678235,0.04833911750123947,0.18170550322260784,0.11824491819533961,0.036440257808626676,0.035696579077838374,0.036936043629152204,0.1722855726326227,0.16460089241447695,0.10609816559246406,0.07783837382250867,0.10312345066931086,0.051313832424392664,0.06841844323252355,0.09345562716906297,0.16683192860684184,0.10733763014377788,0.1628656420426376,0.15270203272186417,0.17352503718393653,0.16732771442736738,0.10411502231036192,0.039167079821517105,0.03495290034705007,0.040406544372830935,0.03619236489836391,0.15071888943976203,0.18021814576103123,0.10609816559246406,0.03470500743678731,0.15319781854238967,0.03668815071888944,1.0
