,ALIPY_CORESET_GREEDY,ALIPY_DENSITY_WEIGHTED,ALIPY_GRAPH_DENSITY,ALIPY_RANDOM,ALIPY_UNCERTAINTY_LC,ALIPY_UNCERTAINTY_MM,LIBACT_DWUS,LIBACT_QUIRE,LIBACT_UNCERTAINTY_ENT,LIBACT_UNCERTAINTY_LC,LIBACT_UNCERTAINTY_SM,OPTIMAL_GREEDY_10,OPTIMAL_GREEDY_20,PLAYGROUND_BANDIT,PLAYGROUND_GRAPH_DENSITY,PLAYGROUND_INFORMATIVE_DIVERSE,PLAYGROUND_KCENTER_GREEDY,PLAYGROUND_MARGIN,PLAYGROUND_MIXTURE,PLAYGROUND_UNIFORM,SKACTIVEML_COST_EMBEDDING,SKACTIVEML_DAL,SKACTIVEML_DWUS,SKACTIVEML_QBC,SKACTIVEML_QBC_VOTE_ENTROPY,SKACTIVEML_QUIRE,SKACTIVEML_US_ENTROPY,SKACTIVEML_US_LC,SKACTIVEML_US_MARGIN,SMALLTEXT_BREAKINGTIES,SMALLTEXT_CONTRASTIVEAL,SMALLTEXT_EMBEDDINGKMEANS,SMALLTEXT_GREEDYCORESET,SMALLTEXT_LEASTCONFIDENCE,SMALLTEXT_LIGHTWEIGHTCORESET,SMALLTEXT_PREDICTIONENTROPY,SMALLTEXT_RANDOM
ALIPY_CORESET_GREEDY,1.0,0.37159147248388696,0.3202776400594943,0.2964799206742687,0.3396132870599901,0.3321764997521071,0.3552305404065444,0.3254833911750124,0.3222607833415964,0.3220128904313337,0.32002974714923155,0.2736737729300942,0.2704511650966782,0.3661378284581061,0.3202776400594943,0.3358948934060486,1.0,0.36142786316311354,0.33490332176499754,0.31284085275161133,0.36142786316311354,0.3148239960337134,0.33986117997025284,0.29796727813584534,0.319533961328706,0.36068418443232525,0.330193356470005,0.326970748636589,0.31978185423896877,0.3254833911750124,0.3225086762518592,0.29697570649479427,0.3733267228557263,0.3341596430342092,0.30589985126425384,0.3373822508676252,0.27268220128904314
ALIPY_DENSITY_WEIGHTED,0.37159147248388696,1.0,0.3448190381755082,0.3113534952900347,0.3748140803173029,0.3653941497273178,0.3958849776896381,0.3775409023301934,0.3517600396628656,0.3515121467526029,0.3490332176499752,0.29424888448190384,0.27962320277640057,0.4045612295488349,0.3448190381755082,0.3572136836886465,0.37159147248388696,0.3929102627664849,0.3629152206246901,0.3358948934060486,0.3780366881507189,0.3289538919186911,0.3787803668815072,0.32077342588001984,0.33515121467526027,0.39910758552305403,0.3624194348041646,0.3639067922657412,0.3591968269707486,0.35473475458601883,0.35076846802181455,0.32424392662369855,0.3847297967278136,0.3639067922657412,0.32821021318790283,0.3673772930094199,0.28705999008428357
ALIPY_GRAPH_DENSITY,0.3202776400594943,0.3448190381755082,1.0,0.2989588497768964,0.3257312840852752,0.3247397124442241,0.3817550818046604,0.2994546355974219,0.3217649975210709,0.3150718889439762,0.3225086762518592,0.2878036688150719,0.27317798710956864,0.37307882994546354,1.0,0.34283589489340605,0.3202776400594943,0.35845314823996033,0.3401090728805156,0.3284581060981656,0.3527516113039167,0.31333663857213684,0.3629152206246901,0.3158155676747645,0.32374814080317305,0.334407535944472,0.3222607833415964,0.31606346058502727,0.3232523549826475,0.32002974714923155,0.3262270699058007,0.3150718889439762,0.36142786316311354,0.31705503222607834,0.3202776400594943,0.32126921170054534,0.2773921665840357
ALIPY_RANDOM,0.2964799206742687,0.3113534952900347,0.2989588497768964,1.0,0.3009419930589985,0.29920674268715913,0.32350024789291026,0.2850768468021815,0.2935052057511155,0.29077838373822507,0.29028259791769956,0.2803668815071889,0.26053544868616757,0.3373822508676252,0.2989588497768964,0.3111056023797719,0.2964799206742687,0.3284581060981656,0.3116013882002975,0.3111056023797719,0.31631135349529005,0.289786812097174,0.3135845314823996,0.2935052057511155,0.3148239960337134,0.3150718889439762,0.2935052057511155,0.2920178482895389,0.29300941993059,0.28681209717402084,0.2825979176995538,0.3024293505205751,0.31308874566187406,0.29127416955875063,0.30441249380267726,0.29697570649479427,0.9695091720376797
ALIPY_UNCERTAINTY_LC,0.3396132870599901,0.3748140803173029,0.3257312840852752,0.3009419930589985,1.0,0.8277144273673773,0.3703520079325731,0.3331680713931582,0.38795240456122954,0.40629647992067425,0.38200297471492317,0.2900347050074368,0.2885473475458602,0.43480416460089244,0.3257312840852752,0.36812097174020825,0.3396132870599901,0.45686663361427865,0.3956370847793753,0.33539910758552305,0.39910758552305403,0.330193356470005,0.37927615270203274,0.32126921170054534,0.3267228557263262,0.3844819038175508,0.4053049082796232,0.4186911254338126,0.3854734754586019,0.4429846306395637,0.334407535944472,0.3145761031234507,0.35696579077838375,0.5282597917699554,0.3140803173029251,0.46182449181953394,0.27590480912245907
ALIPY_UNCERTAINTY_MM,0.3321764997521071,0.3653941497273178,0.3247397124442241,0.29920674268715913,0.8277144273673773,1.0,0.3668815071888944,0.322756569162122,0.3710956866633614,0.37233515121467525,0.39464551313832424,0.29176995537927614,0.28284581060981656,0.43579573624194345,0.3247397124442241,0.3663857213683689,0.3321764997521071,0.495785820525533,0.4077838373822509,0.33391175012394647,0.3896876549330689,0.3289538919186911,0.3705999008428359,0.3187902825979177,0.3252354982647496,0.37952404561229547,0.3884481903817551,0.38324243926623697,0.40803173029251366,0.5161130391670798,0.3329201784828954,0.3180466038671294,0.35448686167575605,0.4377788795240456,0.3225086762518592,0.4340604858701041,0.2744174516608825
LIBACT_DWUS,0.3552305404065444,0.3958849776896381,0.3817550818046604,0.32350024789291026,0.3703520079325731,0.3668815071888944,1.0,0.34630639563708476,0.3549826474962816,0.349281110560238,0.3512642538423401,0.31284085275161133,0.3026772434308379,0.42042637580565195,0.3817550818046604,0.3653941497273178,0.3552305404065444,0.4127416955875062,0.3728309370352008,0.3542389687654933,0.39762022806147745,0.334407535944472,0.39538919186911253,0.35696579077838375,0.3520079325731284,0.3877045116509668,0.37183936539414975,0.3631631135349529,0.3621715418939018,0.3596926127912742,0.3862171541893902,0.34630639563708476,0.39092711948438275,0.3646504709965295,0.34705007436787305,0.3703520079325731,0.3001983143282102
LIBACT_QUIRE,0.3254833911750124,0.3775409023301934,0.2994546355974219,0.2850768468021815,0.3331680713931582,0.322756569162122,0.34630639563708476,1.0,0.3083787803668815,0.3031730292513634,0.3011898859692613,0.25756073376301436,0.24467030242935053,0.34357957362419433,0.2994546355974219,0.31036192364898363,0.3254833911750124,0.341844323252355,0.3135845314823996,0.29325731284085277,0.32771442736737727,0.2922657411998017,0.3381259295984135,0.2850768468021815,0.29449677739216656,0.3520079325731284,0.3220128904313337,0.3177987109568666,0.3073872087258304,0.3098661378284581,0.32052553296975705,0.28358948934060485,0.3292017848289539,0.3150718889439762,0.29102627664848785,0.3180466038671294,0.2635101636093208
LIBACT_UNCERTAINTY_ENT,0.3222607833415964,0.3517600396628656,0.3217649975210709,0.2935052057511155,0.38795240456122954,0.3710956866633614,0.3549826474962816,0.3083787803668815,1.0,0.8601883986117997,0.8393653941497273,0.278135845314824,0.2741695587506197,0.3936539414972732,0.3217649975210709,0.3646504709965295,0.3222607833415964,0.3859692612791274,0.3520079325731284,0.322756569162122,0.3777887952404561,0.31184928111056026,0.3631631135349529,0.3140803173029251,0.3187902825979177,0.36861675756073375,0.4082796232027764,0.38720872583044125,0.3728309370352008,0.43579573624194345,0.3210213187902826,0.29920674268715913,0.35374318294496776,0.447942488844819,0.30515617253346555,0.4712444224095191,0.26871591472483886
LIBACT_UNCERTAINTY_LC,0.3220128904313337,0.3515121467526029,0.3150718889439762,0.29077838373822507,0.40629647992067425,0.37233515121467525,0.349281110560238,0.3031730292513634,0.8601883986117997,1.0,0.8420922161626178,0.27491323748140806,0.270699058006941,0.39142290530490825,0.3150718889439762,0.3616757560733763,0.3220128904313337,0.3862171541893902,0.34977689638076354,0.3180466038671294,0.37307882994546354,0.31259295984134855,0.3629152206246901,0.31184928111056026,0.3150718889439762,0.3663857213683689,0.3919186911254338,0.4000991571641051,0.37233515121467525,0.433068914229053,0.3225086762518592,0.2967278135845315,0.3517600396628656,0.4712444224095191,0.30912245909766983,0.45017352503718394,0.26574119980168565
LIBACT_UNCERTAINTY_SM,0.32002974714923155,0.3490332176499752,0.3225086762518592,0.29028259791769956,0.38200297471492317,0.39464551313832424,0.3512642538423401,0.3011898859692613,0.8393653941497273,0.8420922161626178,1.0,0.2778879524045612,0.27689638076351014,0.3896876549330689,0.3225086762518592,0.3646504709965295,0.32002974714923155,0.38646504709965296,0.35027268220128904,0.32399603371343577,0.36936043629152204,0.31680713931581556,0.3626673277144274,0.31036192364898363,0.3202776400594943,0.3626673277144274,0.3765493306891423,0.3733267228557263,0.39786812097174024,0.4608329201784829,0.31978185423896877,0.29697570649479427,0.3517600396628656,0.43976202280614773,0.30862667327714427,0.4410014873574616,0.26524541398116014
OPTIMAL_GREEDY_10,0.2736737729300942,0.29424888448190384,0.2878036688150719,0.2803668815071889,0.2900347050074368,0.29176995537927614,0.31284085275161133,0.25756073376301436,0.278135845314824,0.27491323748140806,0.2778879524045612,1.0,0.3482895389191869,0.3358948934060486,0.2878036688150719,0.3140803173029251,0.2736737729300942,0.3225086762518592,0.3150718889439762,0.31606346058502727,0.30887456618740705,0.28755577590480913,0.30515617253346555,0.28656420426375806,0.31184928111056026,0.2974714923153198,0.27640059494298463,0.27615270203272185,0.27615270203272185,0.27268220128904314,0.27317798710956864,0.31308874566187406,0.2989588497768964,0.2702032721864155,0.3036688150718889,0.2744174516608825,0.2659890927119484
OPTIMAL_GREEDY_20,0.2704511650966782,0.27962320277640057,0.27317798710956864,0.26053544868616757,0.2885473475458602,0.28284581060981656,0.3026772434308379,0.24467030242935053,0.2741695587506197,0.270699058006941,0.27689638076351014,0.3482895389191869,1.0,0.33118492811105604,0.27317798710956864,0.30540406544372833,0.2704511650966782,0.3222607833415964,0.31383242439266235,0.2997025285076847,0.30466038671294,0.28805156172533464,0.2962320277640059,0.2783837382250868,0.2957362419434804,0.28582052553296977,0.2709469509172038,0.2751611303916708,0.2776400594942985,0.27689638076351014,0.27169062964799207,0.2962320277640059,0.2922657411998017,0.27689638076351014,0.2962320277640059,0.278135845314824,0.2464055528011899
PLAYGROUND_BANDIT,0.3661378284581061,0.4045612295488349,0.37307882994546354,0.3373822508676252,0.43480416460089244,0.43579573624194345,0.42042637580565195,0.34357957362419433,0.3936539414972732,0.39142290530490825,0.3896876549330689,0.3358948934060486,0.33118492811105604,1.0,0.37307882994546354,0.4935547843331681,0.3661378284581061,0.68368864650471,0.5270203272186416,0.37927615270203274,0.4608329201784829,0.3579573624194348,0.40555280118988596,0.360932077342588,0.3705999008428359,0.41968269707486366,0.40480912245909767,0.40059494298463066,0.3963807635101636,0.42563212692117003,0.37233515121467525,0.3629152206246901,0.39464551313832424,0.42067426871591473,0.36365889935547846,0.4231531978185424,0.3135845314823996
PLAYGROUND_GRAPH_DENSITY,0.3202776400594943,0.3448190381755082,1.0,0.2989588497768964,0.3257312840852752,0.3247397124442241,0.3817550818046604,0.2994546355974219,0.3217649975210709,0.3150718889439762,0.3225086762518592,0.2878036688150719,0.27317798710956864,0.37307882994546354,1.0,0.34283589489340605,0.3202776400594943,0.35845314823996033,0.3401090728805156,0.3284581060981656,0.3527516113039167,0.31333663857213684,0.3629152206246901,0.3158155676747645,0.32374814080317305,0.334407535944472,0.3222607833415964,0.31606346058502727,0.3232523549826475,0.32002974714923155,0.3262270699058007,0.3150718889439762,0.36142786316311354,0.31705503222607834,0.3202776400594943,0.32126921170054534,0.2773921665840357
PLAYGROUND_INFORMATIVE_DIVERSE,0.3358948934060486,0.3572136836886465,0.34283589489340605,0.3111056023797719,0.36812097174020825,0.3663857213683689,0.3653941497273178,0.31036192364898363,0.3646504709965295,0.3616757560733763,0.3646504709965295,0.3140803173029251,0.30540406544372833,0.4935547843331681,0.34283589489340605,1.0,0.3358948934060486,0.4885969261279127,0.4429846306395637,0.33986117997025284,0.4003470500743679,0.33564700049578583,0.3775409023301934,0.33143282102131877,0.33515121467526027,0.3710956866633614,0.3624194348041646,0.3631631135349529,0.3621715418939018,0.3631631135349529,0.3368864650470996,0.3358948934060486,0.349281110560238,0.3646504709965295,0.3264749628160635,0.36514625681705504,0.29102627664848785
PLAYGROUND_KCENTER_GREEDY,1.0,0.37159147248388696,0.3202776400594943,0.2964799206742687,0.3396132870599901,0.3321764997521071,0.3552305404065444,0.3254833911750124,0.3222607833415964,0.3220128904313337,0.32002974714923155,0.2736737729300942,0.2704511650966782,0.3661378284581061,0.3202776400594943,0.3358948934060486,1.0,0.36142786316311354,0.33490332176499754,0.31284085275161133,0.36142786316311354,0.3148239960337134,0.33986117997025284,0.29796727813584534,0.319533961328706,0.36068418443232525,0.330193356470005,0.326970748636589,0.31978185423896877,0.3254833911750124,0.3225086762518592,0.29697570649479427,0.3733267228557263,0.3341596430342092,0.30589985126425384,0.3373822508676252,0.27268220128904314
PLAYGROUND_MARGIN,0.36142786316311354,0.3929102627664849,0.35845314823996033,0.3284581060981656,0.45686663361427865,0.495785820525533,0.4127416955875062,0.341844323252355,0.3859692612791274,0.3862171541893902,0.38646504709965296,0.3225086762518592,0.3222607833415964,0.68368864650471,0.35845314823996033,0.4885969261279127,0.36142786316311354,1.0,0.5989092711948438,0.3634110064452157,0.4476945959345563,0.35101636093207733,0.3911750123946455,0.3621715418939018,0.35746157659890926,0.40505701536936045,0.4003470500743679,0.394893406048587,0.39414972731779874,0.48339117501239465,0.36886465047099654,0.35845314823996033,0.3884481903817551,0.45066931085770945,0.3552305404065444,0.45017352503718394,0.30466038671294
PLAYGROUND_MIXTURE,0.33490332176499754,0.3629152206246901,0.3401090728805156,0.3116013882002975,0.3956370847793753,0.4077838373822509,0.3728309370352008,0.3135845314823996,0.3520079325731284,0.34977689638076354,0.35027268220128904,0.3150718889439762,0.31383242439266235,0.5270203272186416,0.3401090728805156,0.4429846306395637,0.33490332176499754,0.5989092711948438,1.0,0.35820525532969755,0.3958849776896381,0.3378780366881507,0.3589489340604859,0.33539910758552305,0.3468021814576103,0.3740704015865146,0.3559742191373327,0.35299950421417947,0.35473475458601883,0.39811601388200296,0.33490332176499754,0.3358948934060486,0.3559742191373327,0.38696083292017847,0.3358948934060486,0.38324243926623697,0.29077838373822507
PLAYGROUND_UNIFORM,0.31284085275161133,0.3358948934060486,0.3284581060981656,0.3111056023797719,0.33539910758552305,0.33391175012394647,0.3542389687654933,0.29325731284085277,0.322756569162122,0.3180466038671294,0.32399603371343577,0.31606346058502727,0.2997025285076847,0.37927615270203274,0.3284581060981656,0.33986117997025284,0.31284085275161133,0.3634110064452157,0.35820525532969755,1.0,0.35324739712444225,0.31631135349529005,0.3358948934060486,0.3108577094695092,0.326970748636589,0.3373822508676252,0.32350024789291026,0.32002974714923155,0.32077342588001984,0.3225086762518592,0.3202776400594943,0.32300446207238476,0.3403569657907784,0.31978185423896877,0.32077342588001984,0.32126921170054534,0.29053049082796234
SKACTIVEML_COST_EMBEDDING,0.36142786316311354,0.3780366881507189,0.3527516113039167,0.31631135349529005,0.39910758552305403,0.3896876549330689,0.39762022806147745,0.32771442736737727,0.3777887952404561,0.37307882994546354,0.36936043629152204,0.30887456618740705,0.30466038671294,0.4608329201784829,0.3527516113039167,0.4003470500743679,0.36142786316311354,0.4476945959345563,0.3958849776896381,0.35324739712444225,1.0,0.34283589489340605,0.37679722359940504,0.3408527516113039,0.34357957362419433,0.41670798215171045,0.38720872583044125,0.3810114030738721,0.37530986613782846,0.3787803668815072,0.35101636093207733,0.32870599900842834,0.37605354486861675,0.3844819038175508,0.3443232523549826,0.39414972731779874,0.29176995537927614
SKACTIVEML_DAL,0.3148239960337134,0.3289538919186911,0.31333663857213684,0.289786812097174,0.330193356470005,0.3289538919186911,0.334407535944472,0.2922657411998017,0.31184928111056026,0.31259295984134855,0.31680713931581556,0.28755577590480913,0.28805156172533464,0.3579573624194348,0.31333663857213684,0.33564700049578583,0.3148239960337134,0.35101636093207733,0.3378780366881507,0.31631135349529005,0.34283589489340605,1.0,0.3433316807139316,0.3009419930589985,0.3252354982647496,0.3292017848289539,0.3259791769955379,0.3222607833415964,0.32300446207238476,0.31705503222607834,0.30912245909766983,0.30589985126425384,0.3259791769955379,0.31755081804660384,0.3113534952900347,0.3225086762518592,0.2692117005453644
SKACTIVEML_DWUS,0.33986117997025284,0.3787803668815072,0.3629152206246901,0.3135845314823996,0.37927615270203274,0.3705999008428359,0.39538919186911253,0.3381259295984135,0.3631631135349529,0.3629152206246901,0.3626673277144274,0.30515617253346555,0.2962320277640059,0.40555280118988596,0.3629152206246901,0.3775409023301934,0.33986117997025284,0.3911750123946455,0.3589489340604859,0.3358948934060486,0.37679722359940504,0.3433316807139316,1.0,0.3371343579573624,0.3453148239960337,0.38324243926623697,0.37159147248388696,0.3653941497273178,0.36514625681705504,0.35473475458601883,0.3482895389191869,0.3329201784828954,0.3782845810609817,0.3616757560733763,0.33515121467526027,0.3629152206246901,0.29028259791769956
SKACTIVEML_QBC,0.29796727813584534,0.32077342588001984,0.3158155676747645,0.2935052057511155,0.32126921170054534,0.3187902825979177,0.35696579077838375,0.2850768468021815,0.3140803173029251,0.31184928111056026,0.31036192364898363,0.28656420426375806,0.2783837382250868,0.360932077342588,0.3158155676747645,0.33143282102131877,0.29796727813584534,0.3621715418939018,0.33539910758552305,0.3108577094695092,0.3408527516113039,0.3009419930589985,0.3371343579573624,1.0,0.32449181953396133,0.3363906792265741,0.32002974714923155,0.3247397124442241,0.3220128904313337,0.31308874566187406,0.322756569162122,0.3009419930589985,0.32721864154685176,0.3187902825979177,0.3026772434308379,0.3165592464055528,0.27169062964799207
SKACTIVEML_QBC_VOTE_ENTROPY,0.319533961328706,0.33515121467526027,0.32374814080317305,0.3148239960337134,0.3267228557263262,0.3252354982647496,0.3520079325731284,0.29449677739216656,0.3187902825979177,0.3150718889439762,0.3202776400594943,0.31184928111056026,0.2957362419434804,0.3705999008428359,0.32374814080317305,0.33515121467526027,0.319533961328706,0.35746157659890926,0.3468021814576103,0.326970748636589,0.34357957362419433,0.3252354982647496,0.3453148239960337,0.32449181953396133,1.0,0.3396132870599901,0.32870599900842834,0.3259791769955379,0.3294496777392167,0.32002974714923155,0.32870599900842834,0.32052553296975705,0.33936539414972733,0.3190381755081805,0.32821021318790283,0.32498760535448684,0.29424888448190384
SKACTIVEML_QUIRE,0.36068418443232525,0.39910758552305403,0.334407535944472,0.3150718889439762,0.3844819038175508,0.37952404561229547,0.3877045116509668,0.3520079325731284,0.36861675756073375,0.3663857213683689,0.3626673277144274,0.2974714923153198,0.28582052553296977,0.41968269707486366,0.334407535944472,0.3710956866633614,0.36068418443232525,0.40505701536936045,0.3740704015865146,0.3373822508676252,0.41670798215171045,0.3292017848289539,0.38324243926623697,0.3363906792265741,0.3396132870599901,1.0,0.3765493306891423,0.3735746157659891,0.36861675756073375,0.368368864650471,0.3480416460089241,0.31284085275161133,0.38200297471492317,0.3787803668815072,0.33539910758552305,0.3824987605354487,0.289786812097174
SKACTIVEML_US_ENTROPY,0.330193356470005,0.3624194348041646,0.3222607833415964,0.2935052057511155,0.4053049082796232,0.3884481903817551,0.37183936539414975,0.3220128904313337,0.4082796232027764,0.3919186911254338,0.3765493306891423,0.27640059494298463,0.2709469509172038,0.40480912245909767,0.3222607833415964,0.3624194348041646,0.330193356470005,0.4003470500743679,0.3559742191373327,0.32350024789291026,0.38720872583044125,0.3259791769955379,0.37159147248388696,0.32002974714923155,0.32870599900842834,0.3765493306891423,1.0,0.8594447198810115,0.8287059990084283,0.37530986613782846,0.33564700049578583,0.31011403073872085,0.3564700049578582,0.39315815567674767,0.31234506693108577,0.41373326722855724,0.26896380763510164
SKACTIVEML_US_LC,0.326970748636589,0.3639067922657412,0.31606346058502727,0.2920178482895389,0.4186911254338126,0.38324243926623697,0.3631631135349529,0.3177987109568666,0.38720872583044125,0.4000991571641051,0.3733267228557263,0.27615270203272185,0.2751611303916708,0.40059494298463066,0.31606346058502727,0.3631631135349529,0.326970748636589,0.394893406048587,0.35299950421417947,0.32002974714923155,0.3810114030738721,0.3222607833415964,0.3653941497273178,0.3247397124442241,0.3259791769955379,0.3735746157659891,0.8594447198810115,1.0,0.8331680713931582,0.3668815071888944,0.3321764997521071,0.31284085275161133,0.35448686167575605,0.40629647992067425,0.31606346058502727,0.39067922657411996,0.2672285572632623
SKACTIVEML_US_MARGIN,0.31978185423896877,0.3591968269707486,0.3232523549826475,0.29300941993059,0.3854734754586019,0.40803173029251366,0.3621715418939018,0.3073872087258304,0.3728309370352008,0.37233515121467525,0.39786812097174024,0.27615270203272185,0.2776400594942985,0.3963807635101636,0.3232523549826475,0.3621715418939018,0.31978185423896877,0.39414972731779874,0.35473475458601883,0.32077342588001984,0.37530986613782846,0.32300446207238476,0.36514625681705504,0.3220128904313337,0.3294496777392167,0.36861675756073375,0.8287059990084283,0.8331680713931582,1.0,0.3934060485870104,0.3329201784828954,0.30937035200793256,0.35250371839365396,0.3748140803173029,0.31383242439266235,0.3772930094199306,0.26846802181457613
SMALLTEXT_BREAKINGTIES,0.3254833911750124,0.35473475458601883,0.32002974714923155,0.28681209717402084,0.4429846306395637,0.5161130391670798,0.3596926127912742,0.3098661378284581,0.43579573624194345,0.433068914229053,0.4608329201784829,0.27268220128904314,0.27689638076351014,0.42563212692117003,0.32002974714923155,0.3631631135349529,0.3254833911750124,0.48339117501239465,0.39811601388200296,0.3225086762518592,0.3787803668815072,0.31705503222607834,0.35473475458601883,0.31308874566187406,0.32002974714923155,0.368368864650471,0.37530986613782846,0.3668815071888944,0.3934060485870104,1.0,0.31705503222607834,0.30193356470004956,0.3453148239960337,0.8249876053544869,0.3158155676747645,0.8239960337134358,0.26152702032721864
SMALLTEXT_CONTRASTIVEAL,0.3225086762518592,0.35076846802181455,0.3262270699058007,0.2825979176995538,0.334407535944472,0.3329201784828954,0.3862171541893902,0.32052553296975705,0.3210213187902826,0.3225086762518592,0.31978185423896877,0.27317798710956864,0.27169062964799207,0.37233515121467525,0.3262270699058007,0.3368864650470996,0.3225086762518592,0.36886465047099654,0.33490332176499754,0.3202776400594943,0.35101636093207733,0.30912245909766983,0.3482895389191869,0.322756569162122,0.32870599900842834,0.3480416460089241,0.33564700049578583,0.3321764997521071,0.3329201784828954,0.31705503222607834,1.0,0.3098661378284581,0.35299950421417947,0.32424392662369855,0.30143777887952405,0.3259791769955379,0.26078334159643035
SMALLTEXT_EMBEDDINGKMEANS,0.29697570649479427,0.32424392662369855,0.3150718889439762,0.3024293505205751,0.3145761031234507,0.3180466038671294,0.34630639563708476,0.28358948934060485,0.29920674268715913,0.2967278135845315,0.29697570649479427,0.31308874566187406,0.2962320277640059,0.3629152206246901,0.3150718889439762,0.3358948934060486,0.29697570649479427,0.35845314823996033,0.3358948934060486,0.32300446207238476,0.32870599900842834,0.30589985126425384,0.3329201784828954,0.3009419930589985,0.32052553296975705,0.31284085275161133,0.31011403073872085,0.31284085275161133,0.30937035200793256,0.30193356470004956,0.3098661378284581,1.0,0.31011403073872085,0.3026772434308379,0.31755081804660384,0.30292513634110063,0.2811105602379772
SMALLTEXT_GREEDYCORESET,0.3733267228557263,0.3847297967278136,0.36142786316311354,0.31308874566187406,0.35696579077838375,0.35448686167575605,0.39092711948438275,0.3292017848289539,0.35374318294496776,0.3517600396628656,0.3517600396628656,0.2989588497768964,0.2922657411998017,0.39464551313832424,0.36142786316311354,0.349281110560238,0.3733267228557263,0.3884481903817551,0.3559742191373327,0.3403569657907784,0.37605354486861675,0.3259791769955379,0.3782845810609817,0.32721864154685176,0.33936539414972733,0.38200297471492317,0.3564700049578582,0.35448686167575605,0.35250371839365396,0.3453148239960337,0.35299950421417947,0.31011403073872085,1.0,0.3527516113039167,0.3329201784828954,0.3542389687654933,0.2915220624690134
SMALLTEXT_LEASTCONFIDENCE,0.3341596430342092,0.3639067922657412,0.31705503222607834,0.29127416955875063,0.5282597917699554,0.4377788795240456,0.3646504709965295,0.3150718889439762,0.447942488844819,0.4712444224095191,0.43976202280614773,0.2702032721864155,0.27689638076351014,0.42067426871591473,0.31705503222607834,0.3646504709965295,0.3341596430342092,0.45066931085770945,0.38696083292017847,0.31978185423896877,0.3844819038175508,0.31755081804660384,0.3616757560733763,0.3187902825979177,0.3190381755081805,0.3787803668815072,0.39315815567674767,0.40629647992067425,0.3748140803173029,0.8249876053544869,0.32424392662369855,0.3026772434308379,0.3527516113039167,1.0,0.3150718889439762,0.8507684680218146,0.2654933068914229
SMALLTEXT_LIGHTWEIGHTCORESET,0.30589985126425384,0.32821021318790283,0.3202776400594943,0.30441249380267726,0.3140803173029251,0.3225086762518592,0.34705007436787305,0.29102627664848785,0.30515617253346555,0.30912245909766983,0.30862667327714427,0.3036688150718889,0.2962320277640059,0.36365889935547846,0.3202776400594943,0.3264749628160635,0.30589985126425384,0.3552305404065444,0.3358948934060486,0.32077342588001984,0.3443232523549826,0.3113534952900347,0.33515121467526027,0.3026772434308379,0.32821021318790283,0.33539910758552305,0.31234506693108577,0.31606346058502727,0.31383242439266235,0.3158155676747645,0.30143777887952405,0.31755081804660384,0.3329201784828954,0.3150718889439762,1.0,0.3185423896876549,0.28582052553296977
SMALLTEXT_PREDICTIONENTROPY,0.3373822508676252,0.3673772930094199,0.32126921170054534,0.29697570649479427,0.46182449181953394,0.4340604858701041,0.3703520079325731,0.3180466038671294,0.4712444224095191,0.45017352503718394,0.4410014873574616,0.2744174516608825,0.278135845314824,0.4231531978185424,0.32126921170054534,0.36514625681705504,0.3373822508676252,0.45017352503718394,0.38324243926623697,0.32126921170054534,0.39414972731779874,0.3225086762518592,0.3629152206246901,0.3165592464055528,0.32498760535448684,0.3824987605354487,0.41373326722855724,0.39067922657411996,0.3772930094199306,0.8239960337134358,0.3259791769955379,0.30292513634110063,0.3542389687654933,0.8507684680218146,0.3185423896876549,1.0,0.2714427367377293
SMALLTEXT_RANDOM,0.27268220128904314,0.28705999008428357,0.2773921665840357,0.9695091720376797,0.27590480912245907,0.2744174516608825,0.3001983143282102,0.2635101636093208,0.26871591472483886,0.26574119980168565,0.26524541398116014,0.2659890927119484,0.2464055528011899,0.3135845314823996,0.2773921665840357,0.29102627664848785,0.27268220128904314,0.30466038671294,0.29077838373822507,0.29053049082796234,0.29176995537927614,0.2692117005453644,0.29028259791769956,0.27169062964799207,0.29424888448190384,0.289786812097174,0.26896380763510164,0.2672285572632623,0.26846802181457613,0.26152702032721864,0.26078334159643035,0.2811105602379772,0.2915220624690134,0.2654933068914229,0.28582052553296977,0.2714427367377293,1.0
