,ALIPY_CORESET_GREEDY,ALIPY_DENSITY_WEIGHTED,ALIPY_GRAPH_DENSITY,ALIPY_RANDOM,ALIPY_UNCERTAINTY_LC,ALIPY_UNCERTAINTY_MM,LIBACT_DWUS,LIBACT_QUIRE,LIBACT_UNCERTAINTY_ENT,LIBACT_UNCERTAINTY_LC,LIBACT_UNCERTAINTY_SM,OPTIMAL_GREEDY_10,OPTIMAL_GREEDY_20,PLAYGROUND_BANDIT,PLAYGROUND_GRAPH_DENSITY,PLAYGROUND_INFORMATIVE_DIVERSE,PLAYGROUND_KCENTER_GREEDY,PLAYGROUND_MARGIN,PLAYGROUND_MIXTURE,PLAYGROUND_UNIFORM,SKACTIVEML_COST_EMBEDDING,SKACTIVEML_DAL,SKACTIVEML_DWUS,SKACTIVEML_QBC,SKACTIVEML_QBC_VOTE_ENTROPY,SKACTIVEML_QUIRE,SKACTIVEML_US_ENTROPY,SKACTIVEML_US_LC,SKACTIVEML_US_MARGIN,SMALLTEXT_BREAKINGTIES,SMALLTEXT_CONTRASTIVEAL,SMALLTEXT_EMBEDDINGKMEANS,SMALLTEXT_GREEDYCORESET,SMALLTEXT_LEASTCONFIDENCE,SMALLTEXT_LIGHTWEIGHTCORESET,SMALLTEXT_PREDICTIONENTROPY,SMALLTEXT_RANDOM
ALIPY_CORESET_GREEDY,1.0,0.09221616261774913,0.10981655924640556,0.11551809618244918,0.07486365889935548,0.07288051561725335,0.0857709469509172,0.10237977193852256,0.07288051561725335,0.07164105106593951,0.07238472979672782,0.1256817055032226,0.12295488349033218,0.08824987605354487,0.10981655924640556,0.08924144769459594,0.9930589985126426,0.07734258800198314,0.08899355478433317,0.12964799206742686,0.1036192364898364,0.13510163609320774,0.10485870104115022,0.09866137828458106,0.13187902825979178,0.09147248388696083,0.07535944471988101,0.07560733763014378,0.07213683688646505,0.07288051561725335,0.09196826970748637,0.11626177491323748,0.16162617749132374,0.07288051561725335,0.11898859692612791,0.07015369360436291,0.11006445215666832
ALIPY_DENSITY_WEIGHTED,0.09221616261774913,1.0,0.08279623202776401,0.08155676747645017,0.15642042637580567,0.15468517600396628,0.08453148239960337,0.08924144769459594,0.14154685176003967,0.14303420922161625,0.14700049578582053,0.08329201784828955,0.08205255329697571,0.14972731779871096,0.08279623202776401,0.1499752107089737,0.09295984134853744,0.15617253346554288,0.1499752107089737,0.090233019335647,0.14551313832424392,0.10535448686167576,0.11824491819533961,0.07411998016856718,0.0991571641051066,0.12592959841348536,0.15567674764501735,0.15443728309370353,0.14625681705503224,0.14402578086266732,0.10485870104115022,0.0917203767972236,0.10708973723351513,0.1479920674268716,0.08601883986117997,0.14898363906792267,0.07783837382250867
ALIPY_GRAPH_DENSITY,0.10981655924640556,0.08279623202776401,1.0,0.10436291522062469,0.06346058502726822,0.06742687159147248,0.08527516113039167,0.08180466038671294,0.06916212196331185,0.06271690629647993,0.06569162121963312,0.11601388200297472,0.10485870104115022,0.08626673277144274,1.0,0.0805651958353991,0.11080813088745661,0.07635101636093208,0.09271194843827467,0.13212692117005453,0.09221616261774913,0.13510163609320774,0.09345562716906297,0.11031234506693109,0.1271690629647992,0.08552305404065444,0.06941001487357462,0.06941001487357462,0.06767476450173525,0.06519583539910759,0.08626673277144274,0.11056023797719385,0.11799702528507684,0.06916212196331185,0.1212196331184928,0.07064947942488845,0.0991571641051066
ALIPY_RANDOM,0.11551809618244918,0.08155676747645017,0.10436291522062469,1.0,0.07114526524541398,0.06916212196331185,0.0984134853743183,0.08279623202776401,0.06246901338621715,0.06172533465542886,0.06420426375805652,0.13212692117005453,0.1346058502726822,0.09122459097669806,0.10436291522062469,0.08849776896380764,0.11601388200297472,0.08081308874566187,0.09072880515617253,0.14229053049082796,0.0954387704511651,0.131631135349529,0.09519087754090233,0.11527020327218641,0.14700049578582053,0.0842835894893406,0.06519583539910759,0.06841844323252355,0.06817055032226078,0.06866633614278632,0.09444719881011403,0.12295488349033218,0.1368368864650471,0.06544372830937036,0.13237481408031732,0.06792265741199802,0.9930589985126426
ALIPY_UNCERTAINTY_LC,0.07486365889935548,0.15642042637580567,0.06346058502726822,0.07114526524541398,1.0,0.7399603371343579,0.06494794248884482,0.07064947942488845,0.15716410510659395,0.1774913237481408,0.15567674764501735,0.0842835894893406,0.0880019831432821,0.16360932077342588,0.06346058502726822,0.1626177491323748,0.07535944471988101,0.20475954387704512,0.15443728309370353,0.08477937530986614,0.1494794248884482,0.09122459097669806,0.10932077342588002,0.07089737233515121,0.09048091224590976,0.11452652454139811,0.15716410510659395,0.16881507188894398,0.15146256817055032,0.20897372335151215,0.0880019831432821,0.07461576598909271,0.08180466038671294,0.29102627664848785,0.08106098165592464,0.21591472483886961,0.06717897868120971
ALIPY_UNCERTAINTY_MM,0.07288051561725335,0.15468517600396628,0.06742687159147248,0.06916212196331185,0.7399603371343579,1.0,0.07164105106593951,0.06792265741199802,0.1457610312345067,0.161378284581061,0.16732771442736738,0.08180466038671294,0.08279623202776401,0.16013882002974714,0.06742687159147248,0.1591472483886961,0.07337630143777887,0.23029251363411007,0.17178978681209717,0.08155676747645017,0.15691621219633117,0.09122459097669806,0.11155180961824492,0.06593951412989589,0.09147248388696083,0.11527020327218641,0.1502231036192365,0.15468517600396628,0.16435299950421417,0.27937530986613784,0.08453148239960337,0.07932573128408528,0.07982151710461081,0.20971740208230044,0.07957362419434805,0.2017848289538919,0.06544372830937036
LIBACT_DWUS,0.0857709469509172,0.08453148239960337,0.08527516113039167,0.0984134853743183,0.06494794248884482,0.07164105106593951,1.0,0.11204759543877045,0.06717897868120971,0.06941001487357462,0.06891422905304909,0.09965294992563213,0.0932077342588002,0.08750619732275657,0.08527516113039167,0.07585523054040655,0.08601883986117997,0.07709469509172037,0.07535944471988101,0.10535448686167576,0.09766980664352999,0.0984134853743183,0.10188398611799702,0.10436291522062469,0.09816559246405553,0.09593455627169063,0.06593951412989589,0.06370847793753098,0.06470004957858205,0.06618740704015866,0.11056023797719385,0.131631135349529,0.10411502231036192,0.06717897868120971,0.10932077342588002,0.06519583539910759,0.0969261279127417
LIBACT_QUIRE,0.10237977193852256,0.08924144769459594,0.08180466038671294,0.08279623202776401,0.07064947942488845,0.06792265741199802,0.11204759543877045,1.0,0.07114526524541398,0.06321269211700545,0.06668319286068418,0.0984134853743183,0.0946950917203768,0.08651462568170551,0.08180466038671294,0.07436787307882994,0.10188398611799702,0.07139315815567675,0.07486365889935548,0.11353495290034706,0.09072880515617253,0.11080813088745661,0.08477937530986614,0.11105602379771938,0.10213187902825979,0.10039662865642042,0.07089737233515121,0.06866633614278632,0.06569162121963312,0.061973227565691624,0.11675756073376302,0.10262766484878533,0.11006445215666832,0.06395637084779375,0.10857709469509172,0.06643529995042141,0.08205255329697571
LIBACT_UNCERTAINTY_ENT,0.07288051561725335,0.14154685176003967,0.06916212196331185,0.06246901338621715,0.15716410510659395,0.1457610312345067,0.06717897868120971,0.07114526524541398,1.0,0.7429350520575112,0.7312840852751611,0.08477937530986614,0.0842835894893406,0.139067922657412,0.06916212196331185,0.15468517600396628,0.07288051561725335,0.14352999504214178,0.1256817055032226,0.08824987605354487,0.1375805651958354,0.09568666336142786,0.09444719881011403,0.06941001487357462,0.0917203767972236,0.10609816559246406,0.15840356965790778,0.14154685176003967,0.13559742191373328,0.1494794248884482,0.0894893406048587,0.07610312345066932,0.09122459097669806,0.1576598909271195,0.07882994546355974,0.17178978681209717,0.058254833911750126
LIBACT_UNCERTAINTY_LC,0.07164105106593951,0.14303420922161625,0.06271690629647993,0.06172533465542886,0.1774913237481408,0.161378284581061,0.06941001487357462,0.06321269211700545,0.7429350520575112,1.0,0.7511155180961825,0.08180466038671294,0.07759048091224591,0.15121467526028756,0.06271690629647993,0.16311353495290035,0.07164105106593951,0.14328210213187903,0.13361427863163114,0.0880019831432821,0.13857213683688646,0.08824987605354487,0.1036192364898364,0.06544372830937036,0.0872583044124938,0.10758552305404065,0.14823996033713435,0.16088249876053545,0.14402578086266732,0.15865146256817056,0.0857709469509172,0.07610312345066932,0.0872583044124938,0.16980664352999505,0.0805651958353991,0.1591472483886961,0.05775904809122459
LIBACT_UNCERTAINTY_SM,0.07238472979672782,0.14700049578582053,0.06569162121963312,0.06420426375805652,0.15567674764501735,0.16732771442736738,0.06891422905304909,0.06668319286068418,0.7312840852751611,0.7511155180961825,1.0,0.08676251859196826,0.0768468021814576,0.15691621219633117,0.06569162121963312,0.16212196331184928,0.07238472979672782,0.1494794248884482,0.1331184928111056,0.08626673277144274,0.1420426375805652,0.09345562716906297,0.10312345066931086,0.06817055032226078,0.08973723351512147,0.10262766484878533,0.13857213683688646,0.14352999504214178,0.14972731779871096,0.1670798215171046,0.08453148239960337,0.07659890927119484,0.0842835894893406,0.1588993554784333,0.08180466038671294,0.15518096182449181,0.06023797719385226
OPTIMAL_GREEDY_10,0.1256817055032226,0.08329201784828955,0.11601388200297472,0.13212692117005453,0.0842835894893406,0.08180466038671294,0.09965294992563213,0.0984134853743183,0.08477937530986614,0.08180466038671294,0.08676251859196826,1.0,0.20500743678730787,0.10138820029747149,0.11601388200297472,0.0969261279127417,0.124194348041646,0.09048091224590976,0.10932077342588002,0.15790778383738224,0.10262766484878533,0.1405552801189886,0.11303916707982152,0.12890431333663857,0.14303420922161625,0.0880019831432821,0.07659890927119484,0.08304412493802678,0.08155676747645017,0.08527516113039167,0.09766980664352999,0.12840852751611304,0.13336638572136836,0.08180466038671294,0.14848785324739713,0.0872583044124938,0.1264253842340109
OPTIMAL_GREEDY_20,0.12295488349033218,0.08205255329697571,0.10485870104115022,0.1346058502726822,0.0880019831432821,0.08279623202776401,0.0932077342588002,0.0946950917203768,0.0842835894893406,0.07759048091224591,0.0768468021814576,0.20500743678730787,1.0,0.0932077342588002,0.10485870104115022,0.10436291522062469,0.12221120475954388,0.0894893406048587,0.0969261279127417,0.14898363906792267,0.10039662865642042,0.13584531482399603,0.11452652454139811,0.11923648983639068,0.1450173525037184,0.08106098165592464,0.07907783837382251,0.0850272682201289,0.08155676747645017,0.08006941001487357,0.090233019335647,0.12816063460585028,0.12766484878532475,0.07932573128408528,0.13931581556767478,0.08477937530986614,0.1294000991571641
PLAYGROUND_BANDIT,0.08824987605354487,0.14972731779871096,0.08626673277144274,0.09122459097669806,0.16360932077342588,0.16013882002974714,0.08750619732275657,0.08651462568170551,0.139067922657412,0.15121467526028756,0.15691621219633117,0.10138820029747149,0.0932077342588002,1.0,0.08626673277144274,0.3182944967773922,0.0887456618740704,0.3554784333168071,0.319533961328706,0.10857709469509172,0.18368864650470995,0.10832920178482895,0.10213187902825979,0.07411998016856718,0.09766980664352999,0.1294000991571641,0.13807635101636093,0.15146256817055032,0.14625681705503224,0.15567674764501735,0.09519087754090233,0.08626673277144274,0.10114030738720872,0.1494794248884482,0.09519087754090233,0.1502231036192365,0.08651462568170551
PLAYGROUND_GRAPH_DENSITY,0.10981655924640556,0.08279623202776401,1.0,0.10436291522062469,0.06346058502726822,0.06742687159147248,0.08527516113039167,0.08180466038671294,0.06916212196331185,0.06271690629647993,0.06569162121963312,0.11601388200297472,0.10485870104115022,0.08626673277144274,1.0,0.0805651958353991,0.11080813088745661,0.07635101636093208,0.09271194843827467,0.13212692117005453,0.09221616261774913,0.13510163609320774,0.09345562716906297,0.11031234506693109,0.1271690629647992,0.08552305404065444,0.06941001487357462,0.06941001487357462,0.06767476450173525,0.06519583539910759,0.08626673277144274,0.11056023797719385,0.11799702528507684,0.06916212196331185,0.1212196331184928,0.07064947942488845,0.0991571641051066
PLAYGROUND_INFORMATIVE_DIVERSE,0.08924144769459594,0.1499752107089737,0.0805651958353991,0.08849776896380764,0.1626177491323748,0.1591472483886961,0.07585523054040655,0.07436787307882994,0.15468517600396628,0.16311353495290035,0.16212196331184928,0.0969261279127417,0.10436291522062469,0.3182944967773922,0.0805651958353991,1.0,0.0894893406048587,0.3187902825979177,0.3011898859692613,0.10907288051561725,0.16980664352999505,0.10436291522062469,0.10733763014377788,0.08031730292513634,0.1028755577590481,0.12865642042637582,0.16038671294000992,0.16187407040158652,0.15989092711948438,0.16013882002974714,0.09593455627169063,0.08180466038671294,0.09766980664352999,0.15989092711948438,0.11006445215666832,0.153941497273178,0.08378780366881507
PLAYGROUND_KCENTER_GREEDY,0.9930589985126426,0.09295984134853744,0.11080813088745661,0.11601388200297472,0.07535944471988101,0.07337630143777887,0.08601883986117997,0.10188398611799702,0.07288051561725335,0.07164105106593951,0.07238472979672782,0.124194348041646,0.12221120475954388,0.0887456618740704,0.11080813088745661,0.0894893406048587,1.0,0.07783837382250867,0.08924144769459594,0.12865642042637582,0.10386712940009915,0.13559742191373328,0.10510659395141299,0.0999008428358949,0.13113534952900346,0.09147248388696083,0.07486365889935548,0.07535944471988101,0.07213683688646505,0.07288051561725335,0.09147248388696083,0.11527020327218641,0.16162617749132374,0.07312840852751612,0.11973227565691621,0.07089737233515121,0.11056023797719385
PLAYGROUND_MARGIN,0.07734258800198314,0.15617253346554288,0.07635101636093208,0.08081308874566187,0.20475954387704512,0.23029251363411007,0.07709469509172037,0.07139315815567675,0.14352999504214178,0.14328210213187903,0.1494794248884482,0.09048091224590976,0.0894893406048587,0.3554784333168071,0.07635101636093208,0.3187902825979177,0.07783837382250867,1.0,0.45389191869112544,0.09494298463063956,0.16435299950421417,0.0872583044124938,0.10708973723351513,0.07535944471988101,0.08676251859196826,0.12469013386217154,0.15096678235002478,0.15418939018344074,0.15294992563212692,0.23177987109568665,0.09593455627169063,0.07064947942488845,0.09766980664352999,0.20104115022310362,0.08230044620723848,0.19533961328705998,0.07659890927119484
PLAYGROUND_MIXTURE,0.08899355478433317,0.1499752107089737,0.09271194843827467,0.09072880515617253,0.15443728309370353,0.17178978681209717,0.07535944471988101,0.07486365889935548,0.1256817055032226,0.13361427863163114,0.1331184928111056,0.10932077342588002,0.0969261279127417,0.319533961328706,0.09271194843827467,0.3011898859692613,0.08924144769459594,0.45389191869112544,1.0,0.10733763014377788,0.16782350024789291,0.10634605850272683,0.10436291522062469,0.07312840852751612,0.10708973723351513,0.12667327714427368,0.13435795736241943,0.1346058502726822,0.13559742191373328,0.16584035696579078,0.09816559246405553,0.08626673277144274,0.0999008428358949,0.146504709965295,0.090233019335647,0.1479920674268716,0.08651462568170551
PLAYGROUND_UNIFORM,0.12964799206742686,0.090233019335647,0.13212692117005453,0.14229053049082796,0.08477937530986614,0.08155676747645017,0.10535448686167576,0.11353495290034706,0.08824987605354487,0.0880019831432821,0.08626673277144274,0.15790778383738224,0.14898363906792267,0.10857709469509172,0.13212692117005453,0.10907288051561725,0.12865642042637582,0.09494298463063956,0.10733763014377788,1.0,0.10708973723351513,0.14229053049082796,0.10882498760535449,0.12171541893901834,0.16435299950421417,0.09494298463063956,0.08304412493802678,0.08453148239960337,0.07858205255329698,0.08180466038671294,0.11477441745166088,0.13708477937530986,0.14154685176003967,0.07585523054040655,0.16162617749132374,0.07907783837382251,0.1375805651958354
SKACTIVEML_COST_EMBEDDING,0.1036192364898364,0.14551313832424392,0.09221616261774913,0.0954387704511651,0.1494794248884482,0.15691621219633117,0.09766980664352999,0.09072880515617253,0.1375805651958354,0.13857213683688646,0.1420426375805652,0.10262766484878533,0.10039662865642042,0.18368864650470995,0.09221616261774913,0.16980664352999505,0.10386712940009915,0.16435299950421417,0.16782350024789291,0.10708973723351513,1.0,0.12072384729796728,0.11254338125929599,0.08701041150223103,0.11601388200297472,0.13361427863163114,0.14823996033713435,0.14005949429846307,0.1479920674268716,0.139067922657412,0.11254338125929599,0.09345562716906297,0.11353495290034706,0.1353495290034705,0.11898859692612791,0.14030738720872582,0.09147248388696083
SKACTIVEML_DAL,0.13510163609320774,0.10535448686167576,0.13510163609320774,0.131631135349529,0.09122459097669806,0.09122459097669806,0.0984134853743183,0.11080813088745661,0.09568666336142786,0.08824987605354487,0.09345562716906297,0.1405552801189886,0.13584531482399603,0.10832920178482895,0.13510163609320774,0.10436291522062469,0.13559742191373328,0.0872583044124938,0.10634605850272683,0.14229053049082796,0.12072384729796728,1.0,0.11105602379771938,0.10907288051561725,0.146504709965295,0.10014873574615767,0.090233019335647,0.09345562716906297,0.090233019335647,0.08775409023301933,0.1065939514129896,0.12890431333663857,0.14030738720872582,0.08924144769459594,0.14724838869608328,0.0917203767972236,0.12692117005453643
SKACTIVEML_DWUS,0.10485870104115022,0.11824491819533961,0.09345562716906297,0.09519087754090233,0.10932077342588002,0.11155180961824492,0.10188398611799702,0.08477937530986614,0.09444719881011403,0.1036192364898364,0.10312345066931086,0.11303916707982152,0.11452652454139811,0.10213187902825979,0.09345562716906297,0.10733763014377788,0.10510659395141299,0.10708973723351513,0.10436291522062469,0.10882498760535449,0.11254338125929599,0.11105602379771938,1.0,0.09494298463063956,0.11502231036192365,0.10213187902825979,0.11279127416955875,0.10907288051561725,0.10684184432325236,0.10510659395141299,0.09370352007932573,0.09766980664352999,0.10684184432325236,0.10585027268220129,0.11725334655428855,0.10411502231036192,0.09122459097669806
SKACTIVEML_QBC,0.09866137828458106,0.07411998016856718,0.11031234506693109,0.11527020327218641,0.07089737233515121,0.06593951412989589,0.10436291522062469,0.11105602379771938,0.06941001487357462,0.06544372830937036,0.06817055032226078,0.12890431333663857,0.11923648983639068,0.07411998016856718,0.11031234506693109,0.08031730292513634,0.0999008428358949,0.07535944471988101,0.07312840852751612,0.12171541893901834,0.08701041150223103,0.10907288051561725,0.09494298463063956,1.0,0.12295488349033218,0.0969261279127417,0.07114526524541398,0.07362419434804164,0.07114526524541398,0.06023797719385226,0.11576598909271195,0.11849281110560238,0.11452652454139811,0.060981655924640554,0.12543381259295985,0.06321269211700545,0.11179970252850768
SKACTIVEML_QBC_VOTE_ENTROPY,0.13187902825979178,0.0991571641051066,0.1271690629647992,0.14700049578582053,0.09048091224590976,0.09147248388696083,0.09816559246405553,0.10213187902825979,0.0917203767972236,0.0872583044124938,0.08973723351512147,0.14303420922161625,0.1450173525037184,0.09766980664352999,0.1271690629647992,0.1028755577590481,0.13113534952900346,0.08676251859196826,0.10708973723351513,0.16435299950421417,0.11601388200297472,0.146504709965295,0.11502231036192365,0.12295488349033218,1.0,0.0894893406048587,0.0842835894893406,0.09072880515617253,0.08750619732275657,0.08205255329697571,0.09866137828458106,0.12915220624690135,0.13807635101636093,0.08155676747645017,0.16757560733763013,0.09048091224590976,0.14352999504214178
SKACTIVEML_QUIRE,0.09147248388696083,0.12592959841348536,0.08552305404065444,0.0842835894893406,0.11452652454139811,0.11527020327218641,0.09593455627169063,0.10039662865642042,0.10609816559246406,0.10758552305404065,0.10262766484878533,0.0880019831432821,0.08106098165592464,0.1294000991571641,0.08552305404065444,0.12865642042637582,0.09147248388696083,0.12469013386217154,0.12667327714427368,0.09494298463063956,0.13361427863163114,0.10014873574615767,0.10213187902825979,0.0969261279127417,0.0894893406048587,1.0,0.10708973723351513,0.10956866633614279,0.10436291522062469,0.10783341596430342,0.11551809618244918,0.08701041150223103,0.10237977193852256,0.10510659395141299,0.10337134357957363,0.10956866633614279,0.08230044620723848
SKACTIVEML_US_ENTROPY,0.07535944471988101,0.15567674764501735,0.06941001487357462,0.06519583539910759,0.15716410510659395,0.1502231036192365,0.06593951412989589,0.07089737233515121,0.15840356965790778,0.14823996033713435,0.13857213683688646,0.07659890927119484,0.07907783837382251,0.13807635101636093,0.06941001487357462,0.16038671294000992,0.07486365889935548,0.15096678235002478,0.13435795736241943,0.08304412493802678,0.14823996033713435,0.090233019335647,0.11279127416955875,0.07114526524541398,0.0842835894893406,0.10708973723351513,1.0,0.7496281606346058,0.7394645513138324,0.14377788795240456,0.0887456618740704,0.06717897868120971,0.08899355478433317,0.15096678235002478,0.07882994546355974,0.16311353495290035,0.06147744174516609
SKACTIVEML_US_LC,0.07560733763014378,0.15443728309370353,0.06941001487357462,0.06841844323252355,0.16881507188894398,0.15468517600396628,0.06370847793753098,0.06866633614278632,0.14154685176003967,0.16088249876053545,0.14352999504214178,0.08304412493802678,0.0850272682201289,0.15146256817055032,0.06941001487357462,0.16187407040158652,0.07535944471988101,0.15418939018344074,0.1346058502726822,0.08453148239960337,0.14005949429846307,0.09345562716906297,0.10907288051561725,0.07362419434804164,0.09072880515617253,0.10956866633614279,0.7496281606346058,1.0,0.7431829449677739,0.1450173525037184,0.08304412493802678,0.07312840852751612,0.08527516113039167,0.16311353495290035,0.0842835894893406,0.14724838869608328,0.06395637084779375
SKACTIVEML_US_MARGIN,0.07213683688646505,0.14625681705503224,0.06767476450173525,0.06817055032226078,0.15146256817055032,0.16435299950421417,0.06470004957858205,0.06569162121963312,0.13559742191373328,0.14402578086266732,0.14972731779871096,0.08155676747645017,0.08155676747645017,0.14625681705503224,0.06767476450173525,0.15989092711948438,0.07213683688646505,0.15294992563212692,0.13559742191373328,0.07858205255329698,0.1479920674268716,0.090233019335647,0.10684184432325236,0.07114526524541398,0.08750619732275657,0.10436291522062469,0.7394645513138324,0.7431829449677739,1.0,0.16212196331184928,0.0872583044124938,0.06990580069410014,0.07957362419434805,0.14402578086266732,0.0850272682201289,0.1442736737729301,0.06395637084779375
SMALLTEXT_BREAKINGTIES,0.07288051561725335,0.14402578086266732,0.06519583539910759,0.06866633614278632,0.20897372335151215,0.27937530986613784,0.06618740704015866,0.061973227565691624,0.1494794248884482,0.15865146256817056,0.1670798215171046,0.08527516113039167,0.08006941001487357,0.15567674764501735,0.06519583539910759,0.16013882002974714,0.07288051561725335,0.23177987109568665,0.16584035696579078,0.08180466038671294,0.139067922657412,0.08775409023301933,0.10510659395141299,0.06023797719385226,0.08205255329697571,0.10783341596430342,0.14377788795240456,0.1450173525037184,0.16212196331184928,1.0,0.0880019831432821,0.07808626673277144,0.08106098165592464,0.7441745166088249,0.08081308874566187,0.7332672285572632,0.06494794248884482
SMALLTEXT_CONTRASTIVEAL,0.09196826970748637,0.10485870104115022,0.08626673277144274,0.09444719881011403,0.0880019831432821,0.08453148239960337,0.11056023797719385,0.11675756073376302,0.0894893406048587,0.0857709469509172,0.08453148239960337,0.09766980664352999,0.090233019335647,0.09519087754090233,0.08626673277144274,0.09593455627169063,0.09147248388696083,0.09593455627169063,0.09816559246405553,0.11477441745166088,0.11254338125929599,0.1065939514129896,0.09370352007932573,0.11576598909271195,0.09866137828458106,0.11551809618244918,0.0887456618740704,0.08304412493802678,0.0872583044124938,0.0880019831432821,1.0,0.10461080813088745,0.12097174020823004,0.08849776896380764,0.09816559246405553,0.08750619732275657,0.0932077342588002
SMALLTEXT_EMBEDDINGKMEANS,0.11626177491323748,0.0917203767972236,0.11056023797719385,0.12295488349033218,0.07461576598909271,0.07932573128408528,0.131631135349529,0.10262766484878533,0.07610312345066932,0.07610312345066932,0.07659890927119484,0.12840852751611304,0.12816063460585028,0.08626673277144274,0.11056023797719385,0.08180466038671294,0.11527020327218641,0.07064947942488845,0.08626673277144274,0.13708477937530986,0.09345562716906297,0.12890431333663857,0.09766980664352999,0.11849281110560238,0.12915220624690135,0.08701041150223103,0.06717897868120971,0.07312840852751612,0.06990580069410014,0.07808626673277144,0.10461080813088745,1.0,0.1212196331184928,0.07238472979672782,0.13485374318294496,0.07560733763014378,0.11849281110560238
SMALLTEXT_GREEDYCORESET,0.16162617749132374,0.10708973723351513,0.11799702528507684,0.1368368864650471,0.08180466038671294,0.07982151710461081,0.10411502231036192,0.11006445215666832,0.09122459097669806,0.0872583044124938,0.0842835894893406,0.13336638572136836,0.12766484878532475,0.10114030738720872,0.11799702528507684,0.09766980664352999,0.16162617749132374,0.09766980664352999,0.0999008428358949,0.14154685176003967,0.11353495290034706,0.14030738720872582,0.10684184432325236,0.11452652454139811,0.13807635101636093,0.10237977193852256,0.08899355478433317,0.08527516113039167,0.07957362419434805,0.08106098165592464,0.12097174020823004,0.1212196331184928,1.0,0.08106098165592464,0.1360932077342588,0.0835399107585523,0.13361427863163114
SMALLTEXT_LEASTCONFIDENCE,0.07288051561725335,0.1479920674268716,0.06916212196331185,0.06544372830937036,0.29102627664848785,0.20971740208230044,0.06717897868120971,0.06395637084779375,0.1576598909271195,0.16980664352999505,0.1588993554784333,0.08180466038671294,0.07932573128408528,0.1494794248884482,0.06916212196331185,0.15989092711948438,0.07312840852751612,0.20104115022310362,0.146504709965295,0.07585523054040655,0.1353495290034705,0.08924144769459594,0.10585027268220129,0.060981655924640554,0.08155676747645017,0.10510659395141299,0.15096678235002478,0.16311353495290035,0.14402578086266732,0.7441745166088249,0.08849776896380764,0.07238472979672782,0.08106098165592464,1.0,0.08477937530986614,0.7488844819038175,0.06122954883490332
SMALLTEXT_LIGHTWEIGHTCORESET,0.11898859692612791,0.08601883986117997,0.1212196331184928,0.13237481408031732,0.08106098165592464,0.07957362419434805,0.10932077342588002,0.10857709469509172,0.07882994546355974,0.0805651958353991,0.08180466038671294,0.14848785324739713,0.13931581556767478,0.09519087754090233,0.1212196331184928,0.11006445215666832,0.11973227565691621,0.08230044620723848,0.090233019335647,0.16162617749132374,0.11898859692612791,0.14724838869608328,0.11725334655428855,0.12543381259295985,0.16757560733763013,0.10337134357957363,0.07882994546355974,0.0842835894893406,0.0850272682201289,0.08081308874566187,0.09816559246405553,0.13485374318294496,0.1360932077342588,0.08477937530986614,1.0,0.08254833911750124,0.12890431333663857
SMALLTEXT_PREDICTIONENTROPY,0.07015369360436291,0.14898363906792267,0.07064947942488845,0.06792265741199802,0.21591472483886961,0.2017848289538919,0.06519583539910759,0.06643529995042141,0.17178978681209717,0.1591472483886961,0.15518096182449181,0.0872583044124938,0.08477937530986614,0.1502231036192365,0.07064947942488845,0.153941497273178,0.07089737233515121,0.19533961328705998,0.1479920674268716,0.07907783837382251,0.14030738720872582,0.0917203767972236,0.10411502231036192,0.06321269211700545,0.09048091224590976,0.10956866633614279,0.16311353495290035,0.14724838869608328,0.1442736737729301,0.7332672285572632,0.08750619732275657,0.07560733763014378,0.0835399107585523,0.7488844819038175,0.08254833911750124,1.0,0.06395637084779375
SMALLTEXT_RANDOM,0.11006445215666832,0.07783837382250867,0.0991571641051066,0.9930589985126426,0.06717897868120971,0.06544372830937036,0.0969261279127417,0.08205255329697571,0.058254833911750126,0.05775904809122459,0.06023797719385226,0.1264253842340109,0.1294000991571641,0.08651462568170551,0.0991571641051066,0.08378780366881507,0.11056023797719385,0.07659890927119484,0.08651462568170551,0.1375805651958354,0.09147248388696083,0.12692117005453643,0.09122459097669806,0.11179970252850768,0.14352999504214178,0.08230044620723848,0.06147744174516609,0.06395637084779375,0.06395637084779375,0.06494794248884482,0.0932077342588002,0.11849281110560238,0.13361427863163114,0.06122954883490332,0.12890431333663857,0.06395637084779375,1.0
