,ALIPY_CORESET_GREEDY,ALIPY_DENSITY_WEIGHTED,ALIPY_GRAPH_DENSITY,ALIPY_RANDOM,ALIPY_UNCERTAINTY_LC,ALIPY_UNCERTAINTY_MM,LIBACT_DWUS,LIBACT_QUIRE,LIBACT_UNCERTAINTY_ENT,LIBACT_UNCERTAINTY_LC,LIBACT_UNCERTAINTY_SM,OPTIMAL_GREEDY_10,OPTIMAL_GREEDY_20,PLAYGROUND_BANDIT,PLAYGROUND_GRAPH_DENSITY,PLAYGROUND_INFORMATIVE_DIVERSE,PLAYGROUND_KCENTER_GREEDY,PLAYGROUND_MARGIN,PLAYGROUND_MIXTURE,PLAYGROUND_UNIFORM,SKACTIVEML_COST_EMBEDDING,SKACTIVEML_DAL,SKACTIVEML_DWUS,SKACTIVEML_QBC,SKACTIVEML_QBC_VOTE_ENTROPY,SKACTIVEML_QUIRE,SKACTIVEML_US_ENTROPY,SKACTIVEML_US_LC,SKACTIVEML_US_MARGIN,SMALLTEXT_BREAKINGTIES,SMALLTEXT_CONTRASTIVEAL,SMALLTEXT_EMBEDDINGKMEANS,SMALLTEXT_GREEDYCORESET,SMALLTEXT_LEASTCONFIDENCE,SMALLTEXT_LIGHTWEIGHTCORESET,SMALLTEXT_PREDICTIONENTROPY,SMALLTEXT_RANDOM
ALIPY_CORESET_GREEDY,4034,1216,101,188,268,200,155,1510,286,258,197,332,349,363,101,412,4034,273,385,330,577,492,295,337,335,766,247,232,194,176,920,378,1859,243,570,264,188
ALIPY_DENSITY_WEIGHTED,1216,4034,169,222,525,473,222,1280,480,494,452,398,403,470,169,544,1216,486,411,352,673,440,378,341,376,840,504,505,461,429,767,388,1405,461,538,480,222
ALIPY_GRAPH_DENSITY,101,169,4034,363,183,197,439,274,109,108,145,568,553,297,4034,268,101,160,197,528,385,492,453,556,580,280,134,123,154,132,398,568,227,126,479,135,363
ALIPY_RANDOM,188,222,363,4034,203,223,573,349,182,160,191,931,956,491,363,431,188,272,420,1023,522,850,576,947,964,446,188,163,217,176,596,810,331,167,727,169,4034
ALIPY_UNCERTAINTY_LC,268,525,183,203,4034,3083,245,284,749,836,672,390,382,589,183,671,268,840,525,400,490,398,295,345,394,444,721,800,666,864,416,326,274,1312,450,958,203
ALIPY_UNCERTAINTY_MM,200,473,197,223,3083,4034,259,233,616,637,779,419,399,604,197,649,200,1009,628,397,466,406,304,359,421,413,595,631,780,1284,383,355,255,873,486,838,223
LIBACT_DWUS,155,222,439,573,245,259,4034,447,176,191,212,1034,1037,435,439,436,155,248,318,1054,520,922,1430,1148,1087,502,179,181,209,169,656,1535,346,162,747,190,573
LIBACT_QUIRE,1510,1280,274,349,284,233,447,4034,306,278,240,572,612,426,274,470,1510,289,372,576,655,593,529,615,599,897,285,282,227,188,1073,578,1721,229,649,280,349
LIBACT_UNCERTAINTY_ENT,286,480,109,182,749,616,176,306,4034,3214,3046,302,296,463,109,559,286,504,389,328,444,332,263,281,319,401,769,670,562,630,423,262,275,747,386,886,182
LIBACT_UNCERTAINTY_LC,258,494,108,160,836,637,191,278,3214,4034,3130,305,306,507,108,599,258,549,427,294,451,317,263,257,325,382,694,781,594,702,390,262,271,839,416,820,160
LIBACT_UNCERTAINTY_SM,197,452,145,191,672,779,212,240,3046,3130,4034,317,343,508,145,576,197,571,437,310,439,369,283,311,352,352,575,619,744,804,355,287,223,688,423,691,191
OPTIMAL_GREEDY_10,332,398,568,931,390,419,1034,572,302,305,317,4034,1535,742,568,695,332,429,652,1434,826,1302,1011,1412,1507,721,300,303,334,339,850,1346,495,320,1121,331,931
OPTIMAL_GREEDY_20,349,403,553,956,382,399,1037,612,296,306,343,1535,4034,745,553,707,349,456,665,1406,826,1243,994,1373,1460,728,319,318,367,313,846,1374,519,313,1123,324,956
PLAYGROUND_BANDIT,363,470,297,491,589,604,435,426,463,507,508,742,745,4034,297,1570,363,1636,1705,746,775,860,508,635,779,644,468,499,531,481,655,651,455,485,859,485,491
PLAYGROUND_GRAPH_DENSITY,101,169,4034,363,183,197,439,274,109,108,145,568,553,297,4034,268,101,160,197,528,385,492,453,556,580,280,134,123,154,132,398,568,227,126,479,135,363
PLAYGROUND_INFORMATIVE_DIVERSE,412,544,268,431,671,649,436,470,559,599,576,695,707,1570,268,4034,412,1468,1479,670,746,740,472,611,720,643,579,585,593,563,663,655,488,582,873,563,431
PLAYGROUND_KCENTER_GREEDY,4034,1216,101,188,268,200,155,1510,286,258,197,332,349,363,101,412,4034,273,385,330,577,492,295,337,335,766,247,232,194,176,920,378,1859,243,570,264,188
PLAYGROUND_MARGIN,273,486,160,272,840,1009,248,289,504,549,571,429,456,1636,160,1468,273,4034,1941,427,588,484,311,392,437,500,545,582,619,913,416,370,313,734,569,702,272
PLAYGROUND_MIXTURE,385,411,197,420,525,628,318,372,389,427,437,652,665,1705,197,1479,385,1941,4034,674,686,691,394,542,656,572,364,368,420,551,586,571,427,458,808,467,420
PLAYGROUND_UNIFORM,330,352,528,1023,400,397,1054,576,328,294,310,1434,1406,746,528,670,330,427,674,4034,895,1291,960,1399,1398,657,290,298,319,287,895,1320,478,283,1039,294,1023
SKACTIVEML_COST_EMBEDDING,577,673,385,522,490,466,520,655,444,451,439,826,826,775,385,746,577,588,686,895,4034,783,562,730,885,803,395,433,457,410,751,749,669,425,927,441,522
SKACTIVEML_DAL,492,440,492,850,398,406,922,593,332,317,369,1302,1243,860,492,740,492,484,691,1291,783,4034,893,1229,1301,731,343,322,364,323,953,1354,576,312,1258,340,850
SKACTIVEML_DWUS,295,378,453,576,295,304,1430,529,263,263,283,1011,994,508,453,472,295,311,394,960,562,893,4034,1084,1039,618,275,274,290,232,689,1371,438,223,743,259,576
SKACTIVEML_QBC,337,341,556,947,345,359,1148,615,281,257,311,1412,1373,635,556,611,337,392,542,1399,730,1229,1084,4034,1488,687,271,275,325,276,856,1426,495,269,996,273,947
SKACTIVEML_QBC_VOTE_ENTROPY,335,376,580,964,394,421,1087,599,319,325,352,1507,1460,779,580,720,335,437,656,1398,885,1301,1039,1488,4034,727,344,365,396,334,891,1397,510,313,1146,338,964
SKACTIVEML_QUIRE,766,840,280,446,444,413,502,897,401,382,352,721,728,644,280,643,766,500,572,657,803,731,618,687,727,4034,375,371,323,331,878,649,1060,378,788,407,446
SKACTIVEML_US_ENTROPY,247,504,134,188,721,595,179,285,769,694,575,300,319,468,134,579,247,545,364,290,395,343,275,271,344,375,4034,3236,3063,528,358,280,291,633,411,759,188
SKACTIVEML_US_LC,232,505,123,163,800,631,181,282,670,781,619,303,318,499,123,585,232,582,368,298,433,322,274,275,365,371,3236,4034,3115,570,355,255,270,722,407,668,163
SKACTIVEML_US_MARGIN,194,461,154,217,666,780,209,227,562,594,744,334,367,531,154,593,194,619,420,319,457,364,290,325,396,323,3063,3115,4034,703,337,324,227,591,471,594,217
SMALLTEXT_BREAKINGTIES,176,429,132,176,864,1284,169,188,630,702,804,339,313,481,132,563,176,913,551,287,410,323,232,276,334,331,528,570,703,4034,312,254,191,3087,405,3051,176
SMALLTEXT_CONTRASTIVEAL,920,767,398,596,416,383,656,1073,423,390,355,850,846,655,398,663,920,416,586,895,751,953,689,856,891,878,358,355,337,312,4034,915,1139,337,874,370,596
SMALLTEXT_EMBEDDINGKMEANS,378,388,568,810,326,355,1535,578,262,262,287,1346,1374,651,568,655,378,370,571,1320,749,1354,1371,1426,1397,649,280,255,324,254,915,4034,602,246,1243,269,810
SMALLTEXT_GREEDYCORESET,1859,1405,227,331,274,255,346,1721,275,271,223,495,519,455,227,488,1859,313,427,478,669,576,438,495,510,1060,291,270,227,191,1139,602,4034,241,691,261,331
SMALLTEXT_LEASTCONFIDENCE,243,461,126,167,1312,873,162,229,747,839,688,320,313,485,126,582,243,734,458,283,425,312,223,269,313,378,633,722,591,3087,337,246,241,4034,356,3176,167
SMALLTEXT_LIGHTWEIGHTCORESET,570,538,479,727,450,486,747,649,386,416,423,1121,1123,859,479,873,570,569,808,1039,927,1258,743,996,1146,788,411,407,471,405,874,1243,691,356,4034,400,727
SMALLTEXT_PREDICTIONENTROPY,264,480,135,169,958,838,190,280,886,820,691,331,324,485,135,563,264,702,467,294,441,340,259,273,338,407,759,668,594,3051,370,269,261,3176,400,4034,169
SMALLTEXT_RANDOM,188,222,363,4034,203,223,573,349,182,160,191,931,956,491,363,431,188,272,420,1023,522,850,576,947,964,446,188,163,217,176,596,810,331,167,727,169,4034
