,ALIPY_CORESET_GREEDY,ALIPY_DENSITY_WEIGHTED,ALIPY_GRAPH_DENSITY,ALIPY_RANDOM,ALIPY_UNCERTAINTY_LC,ALIPY_UNCERTAINTY_MM,LIBACT_DWUS,LIBACT_QUIRE,LIBACT_UNCERTAINTY_ENT,LIBACT_UNCERTAINTY_LC,LIBACT_UNCERTAINTY_SM,OPTIMAL_GREEDY_10,OPTIMAL_GREEDY_20,PLAYGROUND_BANDIT,PLAYGROUND_GRAPH_DENSITY,PLAYGROUND_INFORMATIVE_DIVERSE,PLAYGROUND_KCENTER_GREEDY,PLAYGROUND_MARGIN,PLAYGROUND_MIXTURE,PLAYGROUND_UNIFORM,SKACTIVEML_COST_EMBEDDING,SKACTIVEML_DAL,SKACTIVEML_DWUS,SKACTIVEML_QBC,SKACTIVEML_QBC_VOTE_ENTROPY,SKACTIVEML_QUIRE,SKACTIVEML_US_ENTROPY,SKACTIVEML_US_LC,SKACTIVEML_US_MARGIN,SMALLTEXT_BREAKINGTIES,SMALLTEXT_CONTRASTIVEAL,SMALLTEXT_EMBEDDINGKMEANS,SMALLTEXT_GREEDYCORESET,SMALLTEXT_LEASTCONFIDENCE,SMALLTEXT_LIGHTWEIGHTCORESET,SMALLTEXT_PREDICTIONENTROPY,SMALLTEXT_RANDOM
ALIPY_CORESET_GREEDY,1.0,0.19533961328705998,0.037927615270203274,0.05404065443728309,0.0451165096678235,0.0532969757064948,0.12592959841348536,0.2426871591472484,0.048834903321764996,0.04685176003966286,0.04933068914229053,0.146504709965295,0.14402578086266732,0.11477441745166088,0.037927615270203274,0.13956370847793753,1.0,0.08701041150223103,0.11576598909271195,0.16311353495290035,0.13287059990084282,0.16063460585027267,0.1346058502726822,0.15195835399107585,0.15418939018344074,0.16385721368368864,0.05081804660386713,0.0406544372830937,0.052553296975706494,0.04313336638572137,0.17476450173525038,0.14154685176003967,0.2337630143777888,0.036440257808626676,0.15270203272186417,0.04858701041150223,0.05404065443728309
ALIPY_DENSITY_WEIGHTED,0.19533961328705998,1.0,0.09593455627169063,0.0917203767972236,0.10064452156668319,0.10237977193852256,0.26425384234010907,0.39390183440753596,0.09816559246405553,0.10237977193852256,0.10634605850272683,0.2518591968269707,0.25483391175012393,0.19211700545364402,0.09593455627169063,0.20624690133862172,0.19533961328705998,0.13138324243926625,0.139067922657412,0.25681705503222607,0.23648983639067922,0.27491323748140806,0.26574119980168565,0.26896380763510164,0.2478929102627665,0.30069410014873577,0.09494298463063956,0.09345562716906297,0.10411502231036192,0.07734258800198314,0.28284581060981656,0.25384234010907286,0.3225086762518592,0.07759048091224591,0.2734258800198314,0.09072880515617253,0.0917203767972236
ALIPY_GRAPH_DENSITY,0.037927615270203274,0.09593455627169063,1.0,0.0406544372830937,0.035448686167575606,0.03668815071888944,0.1383242439266237,0.11502231036192365,0.03619236489836391,0.040406544372830935,0.039167079821517105,0.11378284581060982,0.11774913237481408,0.07312840852751612,1.0,0.08031730292513634,0.037927615270203274,0.037927615270203274,0.04462072384729797,0.11328705999008429,0.08998512642538424,0.11279127416955875,0.11824491819533961,0.11527020327218641,0.11824491819533961,0.09667823500247893,0.03817550818046604,0.03594447198810114,0.042637580565195836,0.026524541398116015,0.11080813088745661,0.12444224095190877,0.10411502231036192,0.025780862667327716,0.11279127416955875,0.03743182944967774,0.0406544372830937
ALIPY_RANDOM,0.05404065443728309,0.0917203767972236,0.0406544372830937,1.0,0.036440257808626676,0.03718393653941497,0.16038671294000992,0.12146752602875557,0.03520079325731284,0.035696579077838374,0.037927615270203274,0.13882002974714924,0.14823996033713435,0.08775409023301933,0.0406544372830937,0.10436291522062469,0.05404065443728309,0.07114526524541398,0.0991571641051066,0.13262270699058007,0.08006941001487357,0.13138324243926625,0.12890431333663857,0.13361427863163114,0.13708477937530986,0.11254338125929599,0.031234506693108576,0.03272186415468518,0.03718393653941497,0.026276648487853247,0.12741695587506197,0.14303420922161625,0.11874070401586515,0.02875557759048091,0.13336638572136836,0.03148239960337134,1.0
ALIPY_UNCERTAINTY_LC,0.0451165096678235,0.10064452156668319,0.035448686167575606,0.036440257808626676,1.0,0.7260783341596431,0.0999008428358949,0.10485870104115022,0.06618740704015866,0.07932573128408528,0.06916212196331185,0.09791769955379276,0.09766980664352999,0.09444719881011403,0.035448686167575606,0.09494298463063956,0.0451165096678235,0.12146752602875557,0.07833415964303421,0.0932077342588002,0.08031730292513634,0.0932077342588002,0.1028755577590481,0.10163609320773426,0.09742191373326722,0.0991571641051066,0.07288051561725335,0.07436787307882994,0.07064947942488845,0.11923648983639068,0.0969261279127417,0.0954387704511651,0.09593455627169063,0.21740208230044622,0.10857709469509172,0.12816063460585028,0.036440257808626676
ALIPY_UNCERTAINTY_MM,0.0532969757064948,0.10237977193852256,0.03668815071888944,0.03718393653941497,0.7260783341596431,1.0,0.10684184432325236,0.11725334655428855,0.06593951412989589,0.06792265741199802,0.08552305404065444,0.10758552305404065,0.11130391670798215,0.10411502231036192,0.03668815071888944,0.09742191373326722,0.0532969757064948,0.17302925136341102,0.10312345066931086,0.10163609320773426,0.0842835894893406,0.09742191373326722,0.10733763014377788,0.11080813088745661,0.10485870104115022,0.11452652454139811,0.06321269211700545,0.06792265741199802,0.0805651958353991,0.21740208230044622,0.10981655924640556,0.10213187902825979,0.10560237977193852,0.11874070401586515,0.10956866633614279,0.11923648983639068,0.03718393653941497
LIBACT_DWUS,0.12592959841348536,0.26425384234010907,0.1383242439266237,0.16038671294000992,0.0999008428358949,0.10684184432325236,1.0,0.33763014377788797,0.0946950917203768,0.09147248388696083,0.09742191373326722,0.3740704015865146,0.37555775904809124,0.23772930094199307,0.1383242439266237,0.26375805651958356,0.12592959841348536,0.15146256817055032,0.2196331184928111,0.3713435795736242,0.2411998016856718,0.3557263262270699,0.3661378284581061,0.3631631135349529,0.36886465047099654,0.31234506693108577,0.0954387704511651,0.08601883986117997,0.10114030738720872,0.07337630143777887,0.3589489340604859,0.4333168071393158,0.3321764997521071,0.06941001487357462,0.35696579077838375,0.08924144769459594,0.16038671294000992
LIBACT_QUIRE,0.2426871591472484,0.39390183440753596,0.11502231036192365,0.12146752602875557,0.10485870104115022,0.11725334655428855,0.33763014377788797,1.0,0.10039662865642042,0.10832920178482895,0.10535448686167576,0.32052553296975705,0.32350024789291026,0.22459097669806644,0.11502231036192365,0.26078334159643035,0.2426871591472484,0.146504709965295,0.19162121963311848,0.31556767476450176,0.2721864154685176,0.32374814080317305,0.31606346058502727,0.3289538919186911,0.31556767476450176,0.3634110064452157,0.11006445215666832,0.10535448686167576,0.11179970252850768,0.07709469509172037,0.3542389687654933,0.3202776400594943,0.3936539414972732,0.07040158651462568,0.3440753594447199,0.09147248388696083,0.12146752602875557
LIBACT_UNCERTAINTY_ENT,0.048834903321764996,0.09816559246405553,0.03619236489836391,0.03520079325731284,0.06618740704015866,0.06593951412989589,0.0946950917203768,0.10039662865642042,1.0,0.7424392662369856,0.7317798710956867,0.090233019335647,0.09221616261774913,0.07486365889935548,0.03619236489836391,0.08031730292513634,0.048834903321764996,0.06296479920674268,0.05428854734754586,0.1036192364898364,0.08205255329697571,0.09221616261774913,0.08651462568170551,0.09568666336142786,0.08899355478433317,0.10213187902825979,0.09519087754090233,0.08031730292513634,0.07833415964303421,0.05924640555280119,0.11403073872087258,0.08626673277144274,0.08824987605354487,0.06147744174516609,0.0954387704511651,0.08924144769459594,0.03520079325731284
LIBACT_UNCERTAINTY_LC,0.04685176003966286,0.10237977193852256,0.040406544372830935,0.035696579077838374,0.07932573128408528,0.06792265741199802,0.09147248388696083,0.10832920178482895,0.7424392662369856,1.0,0.7513634110064452,0.09271194843827467,0.09122459097669806,0.07585523054040655,0.040406544372830935,0.08155676747645017,0.04685176003966286,0.058254833911750126,0.052553296975706494,0.09419930589985126,0.07957362419434805,0.0961824491819534,0.09766980664352999,0.09766980664352999,0.0880019831432821,0.10014873574615767,0.08477937530986614,0.0887456618740704,0.0880019831432821,0.06494794248884482,0.09965294992563213,0.08403569657907783,0.0969261279127417,0.07015369360436291,0.09816559246405553,0.07833415964303421,0.035696579077838374
LIBACT_UNCERTAINTY_SM,0.04933068914229053,0.10634605850272683,0.039167079821517105,0.037927615270203274,0.06916212196331185,0.08552305404065444,0.09742191373326722,0.10535448686167576,0.7317798710956867,0.7513634110064452,1.0,0.10089241447694595,0.09766980664352999,0.07659890927119484,0.039167079821517105,0.0872583044124938,0.04933068914229053,0.06593951412989589,0.05999008428358949,0.0991571641051066,0.08180466038671294,0.0991571641051066,0.10386712940009915,0.10411502231036192,0.09717402082300446,0.10138820029747149,0.08106098165592464,0.07957362419434805,0.09593455627169063,0.07213683688646505,0.10188398611799702,0.09295984134853744,0.0946950917203768,0.06246901338621715,0.10337134357957363,0.0805651958353991,0.037927615270203274
OPTIMAL_GREEDY_10,0.146504709965295,0.2518591968269707,0.11378284581060982,0.13882002974714924,0.09791769955379276,0.10758552305404065,0.3740704015865146,0.32052553296975705,0.090233019335647,0.09271194843827467,0.10089241447694595,1.0,0.33242439266236984,0.2072384729796728,0.11378284581060982,0.24343083787803668,0.146504709965295,0.14005949429846307,0.1980664352999504,0.32077342588001984,0.21616261774913237,0.3113534952900347,0.29176995537927614,0.31631135349529005,0.33118492811105604,0.2788795240456123,0.0857709469509172,0.0842835894893406,0.10014873574615767,0.07461576598909271,0.31705503222607834,0.33763014377788797,0.2987109568666336,0.07288051561725335,0.3247397124442241,0.08824987605354487,0.13882002974714924
OPTIMAL_GREEDY_20,0.14402578086266732,0.25483391175012393,0.11774913237481408,0.14823996033713435,0.09766980664352999,0.11130391670798215,0.37555775904809124,0.32350024789291026,0.09221616261774913,0.09122459097669806,0.09766980664352999,0.33242439266236984,1.0,0.21541893901834408,0.11774913237481408,0.236737729300942,0.14402578086266732,0.1494794248884482,0.19707486365889937,0.3182944967773922,0.23054040654437283,0.31184928111056026,0.30639563708477935,0.3173029251363411,0.3326722855726326,0.28681209717402084,0.09568666336142786,0.09444719881011403,0.10411502231036192,0.07511155180961825,0.3106098165592464,0.3485374318294497,0.31308874566187406,0.06767476450173525,0.32721864154685176,0.08899355478433317,0.14823996033713435
PLAYGROUND_BANDIT,0.11477441745166088,0.19211700545364402,0.07312840852751612,0.08775409023301933,0.09444719881011403,0.10411502231036192,0.23772930094199307,0.22459097669806644,0.07486365889935548,0.07585523054040655,0.07659890927119484,0.2072384729796728,0.21541893901834408,1.0,0.07312840852751612,0.38373822508676253,0.11477441745166088,0.3554784333168071,0.3363906792265741,0.20252850768468023,0.17104610808130888,0.21616261774913237,0.20649479424888448,0.20971740208230044,0.21789786812097173,0.20327218641546851,0.07783837382250867,0.07560733763014378,0.08651462568170551,0.07808626673277144,0.21194843827466534,0.22954883490332176,0.21616261774913237,0.06866633614278632,0.22682201289043133,0.07461576598909271,0.08775409023301933
PLAYGROUND_GRAPH_DENSITY,0.037927615270203274,0.09593455627169063,1.0,0.0406544372830937,0.035448686167575606,0.03668815071888944,0.1383242439266237,0.11502231036192365,0.03619236489836391,0.040406544372830935,0.039167079821517105,0.11378284581060982,0.11774913237481408,0.07312840852751612,1.0,0.08031730292513634,0.037927615270203274,0.037927615270203274,0.04462072384729797,0.11328705999008429,0.08998512642538424,0.11279127416955875,0.11824491819533961,0.11527020327218641,0.11824491819533961,0.09667823500247893,0.03817550818046604,0.03594447198810114,0.042637580565195836,0.026524541398116015,0.11080813088745661,0.12444224095190877,0.10411502231036192,0.025780862667327716,0.11279127416955875,0.03743182944967774,0.0406544372830937
PLAYGROUND_INFORMATIVE_DIVERSE,0.13956370847793753,0.20624690133862172,0.08031730292513634,0.10436291522062469,0.09494298463063956,0.09742191373326722,0.26375805651958356,0.26078334159643035,0.08031730292513634,0.08155676747645017,0.0872583044124938,0.24343083787803668,0.236737729300942,0.38373822508676253,0.08031730292513634,1.0,0.13956370847793753,0.3321764997521071,0.3448190381755082,0.23847297967278136,0.18839861179970252,0.2307882994546356,0.21492315319781854,0.2307882994546356,0.244174516608825,0.2131879028259792,0.08304412493802678,0.08230044620723848,0.0961824491819534,0.07535944471988101,0.2411998016856718,0.2550818046603867,0.23599405057015369,0.07337630143777887,0.23847297967278136,0.07387208725830441,0.10436291522062469
PLAYGROUND_KCENTER_GREEDY,1.0,0.19533961328705998,0.037927615270203274,0.05404065443728309,0.0451165096678235,0.0532969757064948,0.12592959841348536,0.2426871591472484,0.048834903321764996,0.04685176003966286,0.04933068914229053,0.146504709965295,0.14402578086266732,0.11477441745166088,0.037927615270203274,0.13956370847793753,1.0,0.08701041150223103,0.11576598909271195,0.16311353495290035,0.13287059990084282,0.16063460585027267,0.1346058502726822,0.15195835399107585,0.15418939018344074,0.16385721368368864,0.05081804660386713,0.0406544372830937,0.052553296975706494,0.04313336638572137,0.17476450173525038,0.14154685176003967,0.2337630143777888,0.036440257808626676,0.15270203272186417,0.04858701041150223,0.05404065443728309
PLAYGROUND_MARGIN,0.08701041150223103,0.13138324243926625,0.037927615270203274,0.07114526524541398,0.12146752602875557,0.17302925136341102,0.15146256817055032,0.146504709965295,0.06296479920674268,0.058254833911750126,0.06593951412989589,0.14005949429846307,0.1494794248884482,0.3554784333168071,0.037927615270203274,0.3321764997521071,0.08701041150223103,1.0,0.4811601388200297,0.1353495290034705,0.12047595438770452,0.13237481408031732,0.12964799206742686,0.13956370847793753,0.14600892414476946,0.12964799206742686,0.05651958353991076,0.059494298463063956,0.06147744174516609,0.15443728309370353,0.15195835399107585,0.15443728309370353,0.1353495290034705,0.10114030738720872,0.14972731779871096,0.10337134357957363,0.07114526524541398
PLAYGROUND_MIXTURE,0.11576598909271195,0.139067922657412,0.04462072384729797,0.0991571641051066,0.07833415964303421,0.10312345066931086,0.2196331184928111,0.19162121963311848,0.05428854734754586,0.052553296975706494,0.05999008428358949,0.1980664352999504,0.19707486365889937,0.3363906792265741,0.04462072384729797,0.3448190381755082,0.11576598909271195,0.4811601388200297,1.0,0.18740704015865145,0.1331184928111056,0.19137332672285573,0.1752602875557759,0.19186911254338126,0.20128904313336637,0.1626177491323748,0.05007436787307883,0.05751115518096182,0.059494298463063956,0.08081308874566187,0.1908775409023302,0.21740208230044622,0.19038175508180466,0.05701536936043629,0.1856717897868121,0.06271690629647993,0.0991571641051066
PLAYGROUND_UNIFORM,0.16311353495290035,0.25681705503222607,0.11328705999008429,0.13262270699058007,0.0932077342588002,0.10163609320773426,0.3713435795736242,0.31556767476450176,0.1036192364898364,0.09419930589985126,0.0991571641051066,0.32077342588001984,0.3182944967773922,0.20252850768468023,0.11328705999008429,0.23847297967278136,0.16311353495290035,0.1353495290034705,0.18740704015865145,1.0,0.21690629647992068,0.3202776400594943,0.3001983143282102,0.31978185423896877,0.32350024789291026,0.28011898859692613,0.08924144769459594,0.09419930589985126,0.10089241447694595,0.07585523054040655,0.3187902825979177,0.33911750123946455,0.3036688150718889,0.06792265741199802,0.3173029251363411,0.08824987605354487,0.13262270699058007
SKACTIVEML_COST_EMBEDDING,0.13287059990084282,0.23648983639067922,0.08998512642538424,0.08006941001487357,0.08031730292513634,0.0842835894893406,0.2411998016856718,0.2721864154685176,0.08205255329697571,0.07957362419434805,0.08180466038671294,0.21616261774913237,0.23054040654437283,0.17104610808130888,0.08998512642538424,0.18839861179970252,0.13287059990084282,0.12047595438770452,0.1331184928111056,0.21690629647992068,1.0,0.22583044124938026,0.2315319781854239,0.2226078334159643,0.21740208230044622,0.23847297967278136,0.07982151710461081,0.07263262270699058,0.07957362419434805,0.06048587010411502,0.23029251363411007,0.22830937035200793,0.2426871591472484,0.05701536936043629,0.22136836886465047,0.07461576598909271,0.08006941001487357
SKACTIVEML_DAL,0.16063460585027267,0.27491323748140806,0.11279127416955875,0.13138324243926625,0.0932077342588002,0.09742191373326722,0.3557263262270699,0.32374814080317305,0.09221616261774913,0.0961824491819534,0.0991571641051066,0.3113534952900347,0.31184928111056026,0.21616261774913237,0.11279127416955875,0.2307882994546356,0.16063460585027267,0.13237481408031732,0.19137332672285573,0.3202776400594943,0.22583044124938026,1.0,0.2937530986613783,0.3165592464055528,0.31383242439266235,0.29127416955875063,0.0954387704511651,0.08824987605354487,0.10262766484878533,0.07511155180961825,0.30961824491819534,0.34952900347050075,0.3150718889439762,0.07040158651462568,0.3202776400594943,0.0909766980664353,0.13138324243926625
SKACTIVEML_DWUS,0.1346058502726822,0.26574119980168565,0.11824491819533961,0.12890431333663857,0.1028755577590481,0.10733763014377788,0.3661378284581061,0.31606346058502727,0.08651462568170551,0.09766980664352999,0.10386712940009915,0.29176995537927614,0.30639563708477935,0.20649479424888448,0.11824491819533961,0.21492315319781854,0.1346058502726822,0.12964799206742686,0.1752602875557759,0.3001983143282102,0.2315319781854239,0.2937530986613783,1.0,0.2937530986613783,0.29821517104610806,0.2751611303916708,0.09048091224590976,0.0887456618740704,0.09816559246405553,0.07610312345066932,0.29474467030242935,0.32002974714923155,0.29400099157164106,0.06866633614278632,0.2994546355974219,0.08899355478433317,0.12890431333663857
SKACTIVEML_QBC,0.15195835399107585,0.26896380763510164,0.11527020327218641,0.13361427863163114,0.10163609320773426,0.11080813088745661,0.3631631135349529,0.3289538919186911,0.09568666336142786,0.09766980664352999,0.10411502231036192,0.31631135349529005,0.3173029251363411,0.20971740208230044,0.11527020327218641,0.2307882994546356,0.15195835399107585,0.13956370847793753,0.19186911254338126,0.31978185423896877,0.2226078334159643,0.3165592464055528,0.2937530986613783,1.0,0.3366385721368369,0.29300941993059,0.0969261279127417,0.09791769955379276,0.11229548834903322,0.0813088745661874,0.3113534952900347,0.33564700049578583,0.319533961328706,0.07312840852751612,0.32052553296975705,0.09717402082300446,0.13361427863163114
SKACTIVEML_QBC_VOTE_ENTROPY,0.15418939018344074,0.2478929102627665,0.11824491819533961,0.13708477937530986,0.09742191373326722,0.10485870104115022,0.36886465047099654,0.31556767476450176,0.08899355478433317,0.0880019831432821,0.09717402082300446,0.33118492811105604,0.3326722855726326,0.21789786812097173,0.11824491819533961,0.244174516608825,0.15418939018344074,0.14600892414476946,0.20128904313336637,0.32350024789291026,0.21740208230044622,0.31383242439266235,0.29821517104610806,0.3366385721368369,1.0,0.2776400594942985,0.09395141298958849,0.08924144769459594,0.10064452156668319,0.07486365889935548,0.30490827962320277,0.34630639563708476,0.3158155676747645,0.06941001487357462,0.3232523549826475,0.0842835894893406,0.13708477937530986
SKACTIVEML_QUIRE,0.16385721368368864,0.30069410014873577,0.09667823500247893,0.11254338125929599,0.0991571641051066,0.11452652454139811,0.31234506693108577,0.3634110064452157,0.10213187902825979,0.10014873574615767,0.10138820029747149,0.2788795240456123,0.28681209717402084,0.20327218641546851,0.09667823500247893,0.2131879028259792,0.16385721368368864,0.12964799206742686,0.1626177491323748,0.28011898859692613,0.23847297967278136,0.29127416955875063,0.2751611303916708,0.29300941993059,0.2776400594942985,1.0,0.10386712940009915,0.0969261279127417,0.10981655924640556,0.07882994546355974,0.31284085275161133,0.2850768468021815,0.31556767476450176,0.07040158651462568,0.289786812097174,0.0961824491819534,0.11254338125929599
SKACTIVEML_US_ENTROPY,0.05081804660386713,0.09494298463063956,0.03817550818046604,0.031234506693108576,0.07288051561725335,0.06321269211700545,0.0954387704511651,0.11006445215666832,0.09519087754090233,0.08477937530986614,0.08106098165592464,0.0857709469509172,0.09568666336142786,0.07783837382250867,0.03817550818046604,0.08304412493802678,0.05081804660386713,0.05651958353991076,0.05007436787307883,0.08924144769459594,0.07982151710461081,0.0954387704511651,0.09048091224590976,0.0969261279127417,0.09395141298958849,0.10386712940009915,1.0,0.7441745166088249,0.7464055528011899,0.05577590480912246,0.0984134853743183,0.08775409023301933,0.1028755577590481,0.06370847793753098,0.09742191373326722,0.09419930589985126,0.031234506693108576
SKACTIVEML_US_LC,0.0406544372830937,0.09345562716906297,0.03594447198810114,0.03272186415468518,0.07436787307882994,0.06792265741199802,0.08601883986117997,0.10535448686167576,0.08031730292513634,0.0887456618740704,0.07957362419434805,0.0842835894893406,0.09444719881011403,0.07560733763014378,0.03594447198810114,0.08230044620723848,0.0406544372830937,0.059494298463063956,0.05751115518096182,0.09419930589985126,0.07263262270699058,0.08824987605354487,0.0887456618740704,0.09791769955379276,0.08924144769459594,0.0969261279127417,0.7441745166088249,1.0,0.7523549826474962,0.05800694100148736,0.10039662865642042,0.08081308874566187,0.09395141298958849,0.06271690629647993,0.08701041150223103,0.07511155180961825,0.03272186415468518
SKACTIVEML_US_MARGIN,0.052553296975706494,0.10411502231036192,0.042637580565195836,0.03718393653941497,0.07064947942488845,0.0805651958353991,0.10114030738720872,0.11179970252850768,0.07833415964303421,0.0880019831432821,0.09593455627169063,0.10014873574615767,0.10411502231036192,0.08651462568170551,0.042637580565195836,0.0961824491819534,0.052553296975706494,0.06147744174516609,0.059494298463063956,0.10089241447694595,0.07957362419434805,0.10262766484878533,0.09816559246405553,0.11229548834903322,0.10064452156668319,0.10981655924640556,0.7464055528011899,0.7523549826474962,1.0,0.06965790778383739,0.11155180961824492,0.09568666336142786,0.10758552305404065,0.06271690629647993,0.0991571641051066,0.07436787307882994,0.03718393653941497
SMALLTEXT_BREAKINGTIES,0.04313336638572137,0.07734258800198314,0.026524541398116015,0.026276648487853247,0.11923648983639068,0.21740208230044622,0.07337630143777887,0.07709469509172037,0.05924640555280119,0.06494794248884482,0.07213683688646505,0.07461576598909271,0.07511155180961825,0.07808626673277144,0.026524541398116015,0.07535944471988101,0.04313336638572137,0.15443728309370353,0.08081308874566187,0.07585523054040655,0.06048587010411502,0.07511155180961825,0.07610312345066932,0.0813088745661874,0.07486365889935548,0.07882994546355974,0.05577590480912246,0.05800694100148736,0.06965790778383739,1.0,0.07982151710461081,0.07387208725830441,0.07312840852751612,0.7235994050570154,0.07635101636093208,0.7161626177491324,0.026276648487853247
SMALLTEXT_CONTRASTIVEAL,0.17476450173525038,0.28284581060981656,0.11080813088745661,0.12741695587506197,0.0969261279127417,0.10981655924640556,0.3589489340604859,0.3542389687654933,0.11403073872087258,0.09965294992563213,0.10188398611799702,0.31705503222607834,0.3106098165592464,0.21194843827466534,0.11080813088745661,0.2411998016856718,0.17476450173525038,0.15195835399107585,0.1908775409023302,0.3187902825979177,0.23029251363411007,0.30961824491819534,0.29474467030242935,0.3113534952900347,0.30490827962320277,0.31284085275161133,0.0984134853743183,0.10039662865642042,0.11155180961824492,0.07982151710461081,1.0,0.3257312840852752,0.32746653445711454,0.07411998016856718,0.30912245909766983,0.09965294992563213,0.12741695587506197
SMALLTEXT_EMBEDDINGKMEANS,0.14154685176003967,0.25384234010907286,0.12444224095190877,0.14303420922161625,0.0954387704511651,0.10213187902825979,0.4333168071393158,0.3202776400594943,0.08626673277144274,0.08403569657907783,0.09295984134853744,0.33763014377788797,0.3485374318294497,0.22954883490332176,0.12444224095190877,0.2550818046603867,0.14154685176003967,0.15443728309370353,0.21740208230044622,0.33911750123946455,0.22830937035200793,0.34952900347050075,0.32002974714923155,0.33564700049578583,0.34630639563708476,0.2850768468021815,0.08775409023301933,0.08081308874566187,0.09568666336142786,0.07387208725830441,0.3257312840852752,1.0,0.3182944967773922,0.06717897868120971,0.3520079325731284,0.08205255329697571,0.14303420922161625
SMALLTEXT_GREEDYCORESET,0.2337630143777888,0.3225086762518592,0.10411502231036192,0.11874070401586515,0.09593455627169063,0.10560237977193852,0.3321764997521071,0.3936539414972732,0.08824987605354487,0.0969261279127417,0.0946950917203768,0.2987109568666336,0.31308874566187406,0.21616261774913237,0.10411502231036192,0.23599405057015369,0.2337630143777888,0.1353495290034705,0.19038175508180466,0.3036688150718889,0.2426871591472484,0.3150718889439762,0.29400099157164106,0.319533961328706,0.3158155676747645,0.31556767476450176,0.1028755577590481,0.09395141298958849,0.10758552305404065,0.07312840852751612,0.32746653445711454,0.3182944967773922,1.0,0.06717897868120971,0.3177987109568666,0.08601883986117997,0.11874070401586515
SMALLTEXT_LEASTCONFIDENCE,0.036440257808626676,0.07759048091224591,0.025780862667327716,0.02875557759048091,0.21740208230044622,0.11874070401586515,0.06941001487357462,0.07040158651462568,0.06147744174516609,0.07015369360436291,0.06246901338621715,0.07288051561725335,0.06767476450173525,0.06866633614278632,0.025780862667327716,0.07337630143777887,0.036440257808626676,0.10114030738720872,0.05701536936043629,0.06792265741199802,0.05701536936043629,0.07040158651462568,0.06866633614278632,0.07312840852751612,0.06941001487357462,0.07040158651462568,0.06370847793753098,0.06271690629647993,0.06271690629647993,0.7235994050570154,0.07411998016856718,0.06717897868120971,0.06717897868120971,1.0,0.07461576598909271,0.7258304412493802,0.02875557759048091
SMALLTEXT_LIGHTWEIGHTCORESET,0.15270203272186417,0.2734258800198314,0.11279127416955875,0.13336638572136836,0.10857709469509172,0.10956866633614279,0.35696579077838375,0.3440753594447199,0.0954387704511651,0.09816559246405553,0.10337134357957363,0.3247397124442241,0.32721864154685176,0.22682201289043133,0.11279127416955875,0.23847297967278136,0.15270203272186417,0.14972731779871096,0.1856717897868121,0.3173029251363411,0.22136836886465047,0.3202776400594943,0.2994546355974219,0.32052553296975705,0.3232523549826475,0.289786812097174,0.09742191373326722,0.08701041150223103,0.0991571641051066,0.07635101636093208,0.30912245909766983,0.3520079325731284,0.3177987109568666,0.07461576598909271,1.0,0.09072880515617253,0.13336638572136836
SMALLTEXT_PREDICTIONENTROPY,0.04858701041150223,0.09072880515617253,0.03743182944967774,0.03148239960337134,0.12816063460585028,0.11923648983639068,0.08924144769459594,0.09147248388696083,0.08924144769459594,0.07833415964303421,0.0805651958353991,0.08824987605354487,0.08899355478433317,0.07461576598909271,0.03743182944967774,0.07387208725830441,0.04858701041150223,0.10337134357957363,0.06271690629647993,0.08824987605354487,0.07461576598909271,0.0909766980664353,0.08899355478433317,0.09717402082300446,0.0842835894893406,0.0961824491819534,0.09419930589985126,0.07511155180961825,0.07436787307882994,0.7161626177491324,0.09965294992563213,0.08205255329697571,0.08601883986117997,0.7258304412493802,0.09072880515617253,1.0,0.03148239960337134
SMALLTEXT_RANDOM,0.05404065443728309,0.0917203767972236,0.0406544372830937,1.0,0.036440257808626676,0.03718393653941497,0.16038671294000992,0.12146752602875557,0.03520079325731284,0.035696579077838374,0.037927615270203274,0.13882002974714924,0.14823996033713435,0.08775409023301933,0.0406544372830937,0.10436291522062469,0.05404065443728309,0.07114526524541398,0.0991571641051066,0.13262270699058007,0.08006941001487357,0.13138324243926625,0.12890431333663857,0.13361427863163114,0.13708477937530986,0.11254338125929599,0.031234506693108576,0.03272186415468518,0.03718393653941497,0.026276648487853247,0.12741695587506197,0.14303420922161625,0.11874070401586515,0.02875557759048091,0.13336638572136836,0.03148239960337134,1.0
