,ALIPY_CORESET_GREEDY,ALIPY_DENSITY_WEIGHTED,ALIPY_GRAPH_DENSITY,ALIPY_RANDOM,ALIPY_UNCERTAINTY_LC,ALIPY_UNCERTAINTY_MM,LIBACT_DWUS,LIBACT_QUIRE,LIBACT_UNCERTAINTY_ENT,LIBACT_UNCERTAINTY_LC,LIBACT_UNCERTAINTY_SM,OPTIMAL_GREEDY_10,OPTIMAL_GREEDY_20,PLAYGROUND_BANDIT,PLAYGROUND_GRAPH_DENSITY,PLAYGROUND_INFORMATIVE_DIVERSE,PLAYGROUND_KCENTER_GREEDY,PLAYGROUND_MARGIN,PLAYGROUND_MIXTURE,PLAYGROUND_UNIFORM,SKACTIVEML_COST_EMBEDDING,SKACTIVEML_DAL,SKACTIVEML_DWUS,SKACTIVEML_QBC,SKACTIVEML_QBC_VOTE_ENTROPY,SKACTIVEML_QUIRE,SKACTIVEML_US_ENTROPY,SKACTIVEML_US_LC,SKACTIVEML_US_MARGIN,SMALLTEXT_BREAKINGTIES,SMALLTEXT_CONTRASTIVEAL,SMALLTEXT_EMBEDDINGKMEANS,SMALLTEXT_GREEDYCORESET,SMALLTEXT_LEASTCONFIDENCE,SMALLTEXT_LIGHTWEIGHTCORESET,SMALLTEXT_PREDICTIONENTROPY,SMALLTEXT_RANDOM
ALIPY_CORESET_GREEDY,4034,534,256,570,255,251,600,651,283,263,276,834,863,664,256,658,4034,424,682,804,579,926,423,749,818,417,249,246,266,240,662,832,1239,259,871,259,570
ALIPY_DENSITY_WEIGHTED,534,4034,358,378,697,672,570,771,672,702,694,439,478,551,358,565,534,605,470,412,613,481,622,522,430,659,681,689,683,648,689,442,566,692,507,700,378
ALIPY_GRAPH_DENSITY,256,358,4034,252,268,262,435,459,259,246,245,383,343,323,4034,317,256,263,274,376,420,352,482,357,353,377,263,250,261,239,404,383,329,241,365,252,252
ALIPY_RANDOM,570,378,252,4034,260,271,641,386,269,247,270,1133,1095,699,252,728,570,411,819,1146,586,996,511,858,1168,398,242,242,269,261,470,960,875,247,924,248,4034
ALIPY_UNCERTAINTY_LC,255,697,268,260,4034,3075,432,386,592,644,551,326,346,469,268,456,255,752,415,324,490,341,543,400,350,466,569,618,570,742,458,334,355,1098,353,804,260
ALIPY_UNCERTAINTY_MM,251,672,262,271,3075,4034,433,392,517,564,632,348,352,477,262,442,251,913,486,330,481,366,526,385,353,422,534,535,608,1096,455,353,345,768,385,758,271
LIBACT_DWUS,600,570,435,641,432,433,4034,504,428,417,445,907,868,759,435,788,600,604,802,826,644,849,1094,840,852,654,467,444,472,409,675,1080,865,414,934,441,641
LIBACT_QUIRE,651,771,459,386,386,392,504,4034,368,361,375,512,555,449,459,462,651,400,413,455,585,563,465,513,487,692,412,413,421,354,1053,546,651,357,558,356,386
LIBACT_UNCERTAINTY_ENT,283,672,259,269,592,517,428,368,4034,3152,3053,354,379,452,259,416,283,479,354,357,472,386,519,418,360,500,563,523,494,463,452,368,379,545,366,597,269
LIBACT_UNCERTAINTY_LC,263,702,246,247,644,564,417,361,3152,4034,3097,323,334,420,246,408,263,500,354,328,462,344,513,387,324,495,535,578,510,516,412,326,342,590,318,593,247
LIBACT_UNCERTAINTY_SM,276,694,245,270,551,632,445,375,3053,3097,4034,343,365,440,245,433,276,517,373,354,474,368,553,394,353,455,495,509,584,581,409,350,356,524,360,519,270
OPTIMAL_GREEDY_10,834,439,383,1133,326,348,907,512,354,323,343,4034,1530,880,383,872,834,549,1051,1402,617,1250,665,1034,1409,453,332,340,354,338,595,1310,1063,310,1265,318,1133
OPTIMAL_GREEDY_20,863,478,343,1095,346,352,868,555,379,334,365,1530,4034,893,343,880,863,543,1023,1364,622,1232,660,1048,1429,482,338,337,355,309,602,1323,1053,309,1254,296,1095
PLAYGROUND_BANDIT,664,551,323,699,469,477,759,449,452,420,440,880,893,4034,323,1497,664,1510,1684,815,720,910,633,698,876,528,407,423,433,412,557,884,767,414,915,414,699
PLAYGROUND_GRAPH_DENSITY,256,358,4034,252,268,262,435,459,259,246,245,383,343,323,4034,317,256,263,274,376,420,352,482,357,353,377,263,250,261,239,404,383,329,241,365,252,252
PLAYGROUND_INFORMATIVE_DIVERSE,658,565,317,728,456,442,788,462,416,408,433,872,880,1497,317,4034,658,1294,1572,833,685,901,576,635,859,572,394,429,439,405,579,965,802,402,939,386,728
PLAYGROUND_KCENTER_GREEDY,4034,534,256,570,255,251,600,651,283,263,276,834,863,664,256,658,4034,424,682,804,579,926,423,749,818,417,249,246,266,240,662,832,1239,259,871,259,570
PLAYGROUND_MARGIN,424,605,263,411,752,913,604,400,479,500,517,549,543,1510,263,1294,424,4034,1811,502,612,575,589,531,541,584,519,515,530,839,532,487,562,685,597,677,411
PLAYGROUND_MIXTURE,682,470,274,819,415,486,802,413,354,354,373,1051,1023,1684,274,1572,682,1811,4034,942,647,968,560,800,1018,521,360,351,374,444,540,963,865,388,1010,389,819
PLAYGROUND_UNIFORM,804,412,376,1146,324,330,826,455,357,328,354,1402,1364,815,376,833,804,502,942,4034,556,1237,757,1009,1386,467,329,331,333,317,547,1326,1097,304,1187,308,1146
SKACTIVEML_COST_EMBEDDING,579,613,420,586,490,481,644,585,472,462,474,617,622,720,420,685,579,612,647,556,4034,618,619,627,600,638,495,465,490,461,654,627,613,474,663,485,586
SKACTIVEML_DAL,926,481,352,996,341,366,849,563,386,344,368,1250,1232,910,352,901,926,575,968,1237,618,4034,661,928,1176,458,347,348,359,324,612,1255,992,325,1164,339,996
SKACTIVEML_DWUS,423,622,482,511,543,526,1094,465,519,513,553,665,660,633,482,576,423,589,560,757,619,661,4034,767,695,530,514,501,528,513,609,799,575,503,668,519,511
SKACTIVEML_QBC,749,522,357,858,400,385,840,513,418,387,394,1034,1048,698,357,635,749,531,800,1009,627,928,767,4034,1062,556,386,375,395,365,681,959,879,376,905,364,858
SKACTIVEML_QBC_VOTE_ENTROPY,818,430,353,1168,350,353,852,487,360,324,353,1409,1429,876,353,859,818,541,1018,1386,600,1176,695,1062,4034,457,341,337,352,315,561,1264,1104,304,1250,310,1168
SKACTIVEML_QUIRE,417,659,377,398,466,422,654,692,500,495,455,453,482,528,377,572,417,584,521,467,638,458,530,556,457,4034,483,486,445,470,715,389,564,508,484,521,398
SKACTIVEML_US_ENTROPY,249,681,263,242,569,534,467,412,563,535,495,332,338,407,263,394,249,519,360,329,495,347,514,386,341,483,4034,3165,3087,463,429,327,330,532,356,598,242
SKACTIVEML_US_LC,246,689,250,242,618,535,444,413,523,578,509,340,337,423,250,429,246,515,351,331,465,348,501,375,337,486,3165,4034,3121,495,435,336,338,599,346,556,242
SKACTIVEML_US_MARGIN,266,683,261,269,570,608,472,421,494,510,584,354,355,433,261,439,266,530,374,333,490,359,528,395,352,445,3087,3121,4034,581,444,369,348,528,374,508,269
SMALLTEXT_BREAKINGTIES,240,648,239,261,742,1096,409,354,463,516,581,338,309,412,239,405,240,839,444,317,461,324,513,365,315,470,463,495,581,4034,410,323,323,3064,343,3072,261
SMALLTEXT_CONTRASTIVEAL,662,689,404,470,458,455,675,1053,452,412,409,595,602,557,404,579,662,532,540,547,654,612,609,681,561,715,429,435,444,410,4034,639,800,418,610,415,470
SMALLTEXT_EMBEDDINGKMEANS,832,442,383,960,334,353,1080,546,368,326,350,1310,1323,884,383,965,832,487,963,1326,627,1255,799,959,1264,389,327,336,369,323,639,4034,1204,314,1353,328,960
SMALLTEXT_GREEDYCORESET,1239,566,329,875,355,345,865,651,379,342,356,1063,1053,767,329,802,1239,562,865,1097,613,992,575,879,1104,564,330,338,348,323,800,1204,4034,343,1088,334,875
SMALLTEXT_LEASTCONFIDENCE,259,692,241,247,1098,768,414,357,545,590,524,310,309,414,241,402,259,685,388,304,474,325,503,376,304,508,532,599,528,3064,418,314,343,4034,325,3150,247
SMALLTEXT_LIGHTWEIGHTCORESET,871,507,365,924,353,385,934,558,366,318,360,1265,1254,915,365,939,871,597,1010,1187,663,1164,668,905,1250,484,356,346,374,343,610,1353,1088,325,4034,332,924
SMALLTEXT_PREDICTIONENTROPY,259,700,252,248,804,758,441,356,597,593,519,318,296,414,252,386,259,677,389,308,485,339,519,364,310,521,598,556,508,3072,415,328,334,3150,332,4034,248
SMALLTEXT_RANDOM,570,378,252,4034,260,271,641,386,269,247,270,1133,1095,699,252,728,570,411,819,1146,586,996,511,858,1168,398,242,242,269,261,470,960,875,247,924,248,4034
