,ALIPY_CORESET_GREEDY,ALIPY_DENSITY_WEIGHTED,ALIPY_GRAPH_DENSITY,ALIPY_RANDOM,ALIPY_UNCERTAINTY_LC,ALIPY_UNCERTAINTY_MM,LIBACT_DWUS,LIBACT_QUIRE,LIBACT_UNCERTAINTY_ENT,LIBACT_UNCERTAINTY_LC,LIBACT_UNCERTAINTY_SM,OPTIMAL_GREEDY_10,OPTIMAL_GREEDY_20,PLAYGROUND_BANDIT,PLAYGROUND_GRAPH_DENSITY,PLAYGROUND_INFORMATIVE_DIVERSE,PLAYGROUND_KCENTER_GREEDY,PLAYGROUND_MARGIN,PLAYGROUND_MIXTURE,PLAYGROUND_UNIFORM,SKACTIVEML_COST_EMBEDDING,SKACTIVEML_DAL,SKACTIVEML_DWUS,SKACTIVEML_QBC,SKACTIVEML_QBC_VOTE_ENTROPY,SKACTIVEML_QUIRE,SKACTIVEML_US_ENTROPY,SKACTIVEML_US_LC,SKACTIVEML_US_MARGIN,SMALLTEXT_BREAKINGTIES,SMALLTEXT_CONTRASTIVEAL,SMALLTEXT_EMBEDDINGKMEANS,SMALLTEXT_GREEDYCORESET,SMALLTEXT_LEASTCONFIDENCE,SMALLTEXT_LIGHTWEIGHTCORESET,SMALLTEXT_PREDICTIONENTROPY,SMALLTEXT_RANDOM
ALIPY_CORESET_GREEDY,4034,931,104,318,180,174,111,1003,172,142,143,545,515,411,104,360,4034,259,399,506,482,610,365,488,529,545,155,151,136,124,526,605,1752,131,759,149,318
ALIPY_DENSITY_WEIGHTED,931,4034,95,247,412,395,187,1254,406,403,358,378,430,428,95,418,931,404,424,318,430,483,528,359,343,770,417,394,354,322,521,570,1152,368,612,398,247
ALIPY_GRAPH_DENSITY,104,95,4034,177,133,137,196,130,89,86,97,377,331,217,4034,186,104,116,168,354,305,326,265,290,341,173,95,86,102,77,242,307,153,71,275,74,177
ALIPY_RANDOM,318,247,177,4034,229,245,279,264,171,164,176,923,916,588,177,506,318,358,593,950,633,796,488,799,947,337,165,170,168,159,477,652,426,159,556,178,4034
ALIPY_UNCERTAINTY_LC,180,412,133,229,4034,3057,340,170,694,786,657,450,408,576,133,669,180,799,484,442,556,483,482,402,461,340,680,721,647,857,374,446,210,1273,377,945,229
ALIPY_UNCERTAINTY_MM,174,395,137,245,3057,4034,351,152,609,664,781,459,423,593,137,686,174,965,578,453,554,488,490,426,472,342,612,643,743,1246,373,462,206,872,366,864,245
LIBACT_DWUS,111,187,196,279,340,351,4034,283,222,263,272,633,611,456,196,516,111,310,289,652,712,614,1192,782,694,522,247,256,260,244,787,1461,241,251,182,260,279
LIBACT_QUIRE,1003,1254,130,264,170,152,283,4034,198,186,171,464,440,332,130,308,1003,219,278,390,412,476,479,408,394,818,171,174,164,120,659,562,1287,146,765,164,264
LIBACT_UNCERTAINTY_ENT,172,406,89,171,694,609,222,198,4034,3179,3068,314,349,442,89,506,172,502,329,383,452,391,384,267,344,289,684,624,558,607,370,345,201,699,344,798,171
LIBACT_UNCERTAINTY_LC,142,403,86,164,786,664,263,186,3179,4034,3126,299,331,460,86,541,142,526,347,313,455,360,414,285,357,282,645,711,622,669,341,331,148,783,323,753,164
LIBACT_UNCERTAINTY_SM,143,358,97,176,657,781,272,171,3068,3126,4034,353,358,473,97,580,143,561,379,351,486,367,398,316,380,257,594,608,753,773,320,344,137,677,311,700,176
OPTIMAL_GREEDY_10,545,378,377,923,450,459,633,464,314,299,353,4034,1424,910,377,803,545,538,804,1367,970,1237,859,1181,1293,597,318,318,337,339,783,1159,603,335,845,347,923
OPTIMAL_GREEDY_20,515,430,331,916,408,423,611,440,349,331,358,1424,4034,880,331,780,515,520,803,1274,884,1200,805,1148,1285,592,333,336,354,325,764,1156,607,317,861,342,916
PLAYGROUND_BANDIT,411,428,217,588,576,593,456,332,442,460,473,910,880,4034,217,1731,411,1682,1871,950,934,886,641,763,886,468,444,466,466,488,587,816,433,471,631,485,588
PLAYGROUND_GRAPH_DENSITY,104,95,4034,177,133,137,196,130,89,86,97,377,331,217,4034,186,104,116,168,354,305,326,265,290,341,173,95,86,102,77,242,307,153,71,275,74,177
PLAYGROUND_INFORMATIVE_DIVERSE,360,418,186,506,669,686,516,308,506,541,580,803,780,1731,186,4034,360,1616,1599,770,887,779,625,669,761,457,546,574,609,546,605,755,359,550,626,539,506
PLAYGROUND_KCENTER_GREEDY,4034,931,104,318,180,174,111,1003,172,142,143,545,515,411,104,360,4034,259,399,506,482,610,365,488,529,545,155,151,136,124,526,605,1752,131,759,149,318
PLAYGROUND_MARGIN,259,404,116,358,799,965,310,219,502,526,561,538,520,1682,116,1616,259,4034,2062,531,683,549,452,476,513,373,523,542,556,925,407,460,303,711,494,701,358
PLAYGROUND_MIXTURE,399,424,168,593,484,578,289,278,329,347,379,804,803,1871,168,1599,399,2062,4034,849,761,770,479,662,784,395,355,369,371,514,530,659,419,400,648,413,593
PLAYGROUND_UNIFORM,506,318,354,950,442,453,652,390,383,313,351,1367,1274,950,354,770,506,531,849,4034,973,1178,775,1202,1334,555,311,321,330,328,850,1199,549,325,794,336,950
SKACTIVEML_COST_EMBEDDING,482,430,305,633,556,554,712,412,452,455,486,970,884,934,305,887,482,683,761,973,4034,896,841,837,989,540,419,433,467,463,695,1049,535,448,685,486,633
SKACTIVEML_DAL,610,483,326,796,483,488,614,476,391,360,367,1237,1200,886,326,779,610,549,770,1178,896,4034,728,1139,1185,562,404,401,398,342,791,1297,683,334,1036,360,796
SKACTIVEML_DWUS,365,528,265,488,482,490,1192,479,384,414,398,859,805,641,265,625,365,452,479,775,841,728,4034,834,859,647,420,428,418,362,740,1282,435,347,383,384,488
SKACTIVEML_QBC,488,359,290,799,402,426,782,408,267,285,316,1181,1148,763,290,669,488,476,662,1202,837,1139,834,4034,1182,574,308,289,309,283,756,1263,636,270,794,294,799
SKACTIVEML_QBC_VOTE_ENTROPY,529,343,341,947,461,472,694,394,344,357,380,1293,1285,886,341,761,529,513,784,1334,989,1185,859,1182,4034,599,346,355,361,337,803,1198,547,324,776,349,947
SKACTIVEML_QUIRE,545,770,173,337,340,342,522,818,289,282,257,597,592,468,173,457,545,373,395,555,540,562,647,574,599,4034,323,299,289,266,729,624,640,271,501,306,337
SKACTIVEML_US_ENTROPY,155,417,95,165,680,612,247,171,684,645,594,318,333,444,95,546,155,523,355,311,419,404,420,308,346,323,4034,3211,3125,501,324,357,159,590,318,698,165
SKACTIVEML_US_LC,151,394,86,170,721,643,256,174,624,711,608,318,336,466,86,574,151,542,369,321,433,401,428,289,355,299,3211,4034,3154,517,336,352,144,632,322,632,170
SKACTIVEML_US_MARGIN,136,354,102,168,647,743,260,164,558,622,753,337,354,466,102,609,136,556,371,330,467,398,418,309,361,289,3125,3154,4034,647,331,350,138,555,317,573,168
SMALLTEXT_BREAKINGTIES,124,322,77,159,857,1246,244,120,607,669,773,339,325,488,77,546,124,925,514,328,463,342,362,283,337,266,501,517,647,4034,264,315,129,3053,292,3044,159
SMALLTEXT_CONTRASTIVEAL,526,521,242,477,374,373,787,659,370,341,320,783,764,587,242,605,526,407,530,850,695,791,740,756,803,729,324,336,331,264,4034,907,627,276,589,318,477
SMALLTEXT_EMBEDDINGKMEANS,605,570,307,652,446,462,1461,562,345,331,344,1159,1156,816,307,755,605,460,659,1199,1049,1297,1282,1263,1198,624,357,352,350,315,907,4034,775,312,1370,361,652
SMALLTEXT_GREEDYCORESET,1752,1152,153,426,210,206,241,1287,201,148,137,603,607,433,153,359,1752,303,419,549,535,683,435,636,547,640,159,144,138,129,627,775,4034,132,995,164,426
SMALLTEXT_LEASTCONFIDENCE,131,368,71,159,1273,872,251,146,699,783,677,335,317,471,71,550,131,711,400,325,448,334,347,270,324,271,590,632,555,3053,276,312,132,4034,305,3177,159
SMALLTEXT_LIGHTWEIGHTCORESET,759,612,275,556,377,366,182,765,344,323,311,845,861,631,275,626,759,494,648,794,685,1036,383,794,776,501,318,322,317,292,589,1370,995,305,4034,315,556
SMALLTEXT_PREDICTIONENTROPY,149,398,74,178,945,864,260,164,798,753,700,347,342,485,74,539,149,701,413,336,486,360,384,294,349,306,698,632,573,3044,318,361,164,3177,315,4034,178
SMALLTEXT_RANDOM,318,247,177,4034,229,245,279,264,171,164,176,923,916,588,177,506,318,358,593,950,633,796,488,799,947,337,165,170,168,159,477,652,426,159,556,178,4034
