,ALIPY_CORESET_GREEDY,ALIPY_DENSITY_WEIGHTED,ALIPY_GRAPH_DENSITY,ALIPY_RANDOM,ALIPY_UNCERTAINTY_LC,ALIPY_UNCERTAINTY_MM,LIBACT_DWUS,LIBACT_QUIRE,LIBACT_UNCERTAINTY_ENT,LIBACT_UNCERTAINTY_LC,LIBACT_UNCERTAINTY_SM,OPTIMAL_GREEDY_10,OPTIMAL_GREEDY_20,PLAYGROUND_BANDIT,PLAYGROUND_GRAPH_DENSITY,PLAYGROUND_INFORMATIVE_DIVERSE,PLAYGROUND_KCENTER_GREEDY,PLAYGROUND_MARGIN,PLAYGROUND_MIXTURE,PLAYGROUND_UNIFORM,SKACTIVEML_COST_EMBEDDING,SKACTIVEML_DAL,SKACTIVEML_DWUS,SKACTIVEML_QBC,SKACTIVEML_QBC_VOTE_ENTROPY,SKACTIVEML_QUIRE,SKACTIVEML_US_ENTROPY,SKACTIVEML_US_LC,SKACTIVEML_US_MARGIN,SMALLTEXT_BREAKINGTIES,SMALLTEXT_CONTRASTIVEAL,SMALLTEXT_EMBEDDINGKMEANS,SMALLTEXT_GREEDYCORESET,SMALLTEXT_LEASTCONFIDENCE,SMALLTEXT_LIGHTWEIGHTCORESET,SMALLTEXT_PREDICTIONENTROPY,SMALLTEXT_RANDOM
ALIPY_CORESET_GREEDY,4034,367,408,431,306,288,335,416,272,287,284,515,478,332,408,342,4010,308,367,522,433,505,446,395,565,364,306,294,273,265,415,480,609,271,516,275,411
ALIPY_DENSITY_WEIGHTED,367,4034,346,320,633,610,328,333,562,562,554,364,344,597,346,549,370,623,551,361,598,395,479,333,366,517,558,589,568,625,416,340,406,645,366,637,306
ALIPY_GRAPH_DENSITY,408,346,4034,385,244,276,332,349,274,264,270,467,445,342,4034,327,403,300,366,526,396,495,392,413,507,334,257,265,269,277,354,462,475,270,518,293,367
ALIPY_RANDOM,431,320,385,4034,268,263,412,364,263,233,231,521,537,345,385,328,428,321,363,599,376,521,385,452,539,330,251,259,256,258,400,507,539,250,548,259,4006
ALIPY_UNCERTAINTY_LC,306,633,244,268,4034,2991,275,290,646,704,635,317,347,629,244,644,306,832,614,329,593,364,422,293,338,457,659,695,612,811,373,294,361,1100,303,821,252
ALIPY_UNCERTAINTY_MM,288,610,276,263,2991,4034,270,279,593,646,684,293,332,646,276,616,287,954,690,326,612,388,431,273,328,440,599,639,676,1107,367,293,346,792,302,759,249
LIBACT_DWUS,335,328,332,412,275,270,4034,454,268,276,276,423,416,332,332,306,336,310,313,440,350,427,437,467,455,369,285,282,285,250,430,503,419,250,449,249,405
LIBACT_QUIRE,416,333,349,364,290,279,454,4034,305,269,272,410,400,290,349,328,414,284,339,408,353,419,344,454,434,436,276,263,278,258,491,437,446,264,451,272,363
LIBACT_UNCERTAINTY_ENT,272,562,274,263,646,593,268,305,4034,2985,2949,339,331,547,274,586,276,549,495,326,580,369,423,263,359,430,613,558,523,587,381,293,383,650,323,683,249
LIBACT_UNCERTAINTY_LC,287,562,264,233,704,646,276,269,2985,4034,3016,338,314,560,264,615,291,577,542,316,594,343,411,244,370,433,592,621,567,621,378,260,363,682,301,654,217
LIBACT_UNCERTAINTY_SM,284,554,270,231,635,684,276,272,2949,3016,4034,352,306,595,270,639,287,608,530,336,569,334,430,248,348,405,554,579,619,673,372,278,358,643,319,618,216
OPTIMAL_GREEDY_10,515,364,467,521,317,293,423,410,339,338,352,4034,786,407,467,380,514,343,392,634,400,599,448,504,561,349,325,330,323,303,411,509,534,309,602,317,501
OPTIMAL_GREEDY_20,478,344,445,537,347,332,416,400,331,314,306,786,4034,369,445,409,479,369,404,598,413,590,417,483,578,363,307,314,306,300,369,487,519,309,545,298,516
PLAYGROUND_BANDIT,332,597,342,345,629,646,332,290,547,560,595,407,369,4034,342,1269,332,1440,1307,413,751,437,454,352,405,485,575,616,583,643,413,335,410,643,367,613,328
PLAYGROUND_GRAPH_DENSITY,408,346,4034,385,244,276,332,349,274,264,270,467,445,342,4034,327,403,300,366,526,396,495,392,413,507,334,257,265,269,277,354,462,475,270,518,293,367
PLAYGROUND_INFORMATIVE_DIVERSE,342,549,327,328,644,616,306,328,586,615,639,380,409,1269,327,4034,341,1312,1201,400,650,399,407,301,415,477,616,628,635,595,376,316,416,617,349,617,311
PLAYGROUND_KCENTER_GREEDY,4010,370,403,428,306,287,336,414,276,291,287,514,479,332,403,341,4034,312,369,523,427,504,445,395,568,367,306,294,274,266,416,484,610,272,515,278,408
PLAYGROUND_MARGIN,308,623,300,321,832,954,310,284,549,577,608,343,369,1440,300,1312,312,4034,1795,379,713,389,458,304,340,517,599,633,607,907,412,304,383,778,326,757,307
PLAYGROUND_MIXTURE,367,551,366,363,614,690,313,339,495,542,530,392,404,1307,366,1201,369,1795,4034,443,733,433,450,335,375,511,483,530,536,615,389,338,400,556,370,545,348
PLAYGROUND_UNIFORM,522,361,526,599,329,326,440,408,326,316,336,634,598,413,526,400,523,379,443,4034,452,605,453,506,649,362,347,329,331,311,448,561,561,303,614,313,580
SKACTIVEML_COST_EMBEDDING,433,598,396,376,593,612,350,353,580,594,569,400,413,751,396,650,427,713,733,452,4034,461,457,375,442,545,534,544,548,579,487,356,463,554,450,564,364
SKACTIVEML_DAL,505,395,495,521,364,388,427,419,369,343,334,599,590,437,495,399,504,389,433,605,461,4034,484,517,599,391,368,340,345,320,468,573,582,337,591,341,507
SKACTIVEML_DWUS,446,479,392,385,422,431,437,344,423,411,430,448,417,454,392,407,445,458,450,453,457,484,4034,439,456,415,406,406,418,403,369,448,474,401,438,394,369
SKACTIVEML_QBC,395,333,413,452,293,273,467,454,263,244,248,504,483,352,413,301,395,304,335,506,375,517,439,4034,485,388,284,279,284,285,440,509,466,273,518,285,441
SKACTIVEML_QBC_VOTE_ENTROPY,565,366,507,539,338,328,455,434,359,370,348,561,578,405,507,415,568,340,375,649,442,599,456,485,4034,399,339,339,336,327,445,547,572,314,618,330,524
SKACTIVEML_QUIRE,364,517,334,330,457,440,369,436,430,433,405,349,363,485,334,477,367,517,511,362,545,391,415,388,399,4034,443,427,407,406,485,341,408,412,377,429,324
SKACTIVEML_US_ENTROPY,306,558,257,251,659,599,285,276,613,592,554,325,307,575,257,616,306,599,483,347,534,368,406,284,339,443,4034,2983,2990,569,354,268,349,577,307,655,240
SKACTIVEML_US_LC,294,589,265,259,695,639,282,263,558,621,579,330,314,616,265,628,294,633,530,329,544,340,406,279,339,427,2983,4034,3012,587,356,275,352,621,315,597,243
SKACTIVEML_US_MARGIN,273,568,269,256,612,676,285,278,523,567,619,323,306,583,269,635,274,607,536,331,548,345,418,284,336,407,2990,3012,4034,634,379,287,339,593,326,548,240
SMALLTEXT_BREAKINGTIES,265,625,277,258,811,1107,250,258,587,621,673,303,300,643,277,595,266,907,615,311,579,320,403,285,327,406,569,587,634,4034,357,278,342,2994,325,2963,244
SMALLTEXT_CONTRASTIVEAL,415,416,354,400,373,367,430,491,381,378,372,411,369,413,354,376,416,412,389,448,487,468,369,440,445,485,354,356,379,357,4034,443,506,377,447,389,395
SMALLTEXT_EMBEDDINGKMEANS,480,340,462,507,294,293,503,437,293,260,278,509,487,335,462,316,484,304,338,561,356,573,448,509,547,341,268,275,287,278,443,4034,481,283,576,280,490
SMALLTEXT_GREEDYCORESET,609,406,475,539,361,346,419,446,383,363,358,534,519,410,475,416,610,383,400,561,463,582,474,466,572,408,349,352,339,342,506,481,4034,358,555,334,525
SMALLTEXT_LEASTCONFIDENCE,271,645,270,250,1100,792,250,264,650,682,643,309,309,643,270,617,272,778,556,303,554,337,401,273,314,412,577,621,593,2994,377,283,358,4034,289,3014,233
SMALLTEXT_LIGHTWEIGHTCORESET,516,366,518,548,303,302,449,451,323,301,319,602,545,367,518,349,515,326,370,614,450,591,438,518,618,377,307,315,326,325,447,576,555,289,4034,305,535
SMALLTEXT_PREDICTIONENTROPY,275,637,293,259,821,759,249,272,683,654,618,317,298,613,293,617,278,757,545,313,564,341,394,285,330,429,655,597,548,2963,389,280,334,3014,305,4034,244
SMALLTEXT_RANDOM,411,306,367,4006,252,249,405,363,249,217,216,501,516,328,367,311,408,307,348,580,364,507,369,441,524,324,240,243,240,244,395,490,525,233,535,244,4034
