,ALIPY_CORESET_GREEDY,ALIPY_DENSITY_WEIGHTED,ALIPY_GRAPH_DENSITY,ALIPY_RANDOM,ALIPY_UNCERTAINTY_LC,ALIPY_UNCERTAINTY_MM,LIBACT_DWUS,LIBACT_QUIRE,LIBACT_UNCERTAINTY_ENT,LIBACT_UNCERTAINTY_LC,LIBACT_UNCERTAINTY_SM,OPTIMAL_GREEDY_10,OPTIMAL_GREEDY_20,PLAYGROUND_BANDIT,PLAYGROUND_GRAPH_DENSITY,PLAYGROUND_INFORMATIVE_DIVERSE,PLAYGROUND_KCENTER_GREEDY,PLAYGROUND_MARGIN,PLAYGROUND_MIXTURE,PLAYGROUND_UNIFORM,SKACTIVEML_COST_EMBEDDING,SKACTIVEML_DAL,SKACTIVEML_DWUS,SKACTIVEML_QBC,SKACTIVEML_QBC_VOTE_ENTROPY,SKACTIVEML_QUIRE,SKACTIVEML_US_ENTROPY,SKACTIVEML_US_LC,SKACTIVEML_US_MARGIN,SMALLTEXT_BREAKINGTIES,SMALLTEXT_CONTRASTIVEAL,SMALLTEXT_EMBEDDINGKMEANS,SMALLTEXT_GREEDYCORESET,SMALLTEXT_LEASTCONFIDENCE,SMALLTEXT_LIGHTWEIGHTCORESET,SMALLTEXT_PREDICTIONENTROPY,SMALLTEXT_RANDOM
ALIPY_CORESET_GREEDY,4034,673,303,456,205,233,446,766,200,189,195,696,668,317,303,556,4034,236,420,571,406,625,320,459,620,413,182,182,194,153,575,746,1011,146,577,169,456
ALIPY_DENSITY_WEIGHTED,673,4034,248,235,407,385,483,720,366,364,337,367,355,294,248,278,673,280,283,321,394,414,523,309,386,510,405,384,368,343,471,425,630,373,383,376,235
ALIPY_GRAPH_DENSITY,303,248,4034,327,147,146,480,305,121,106,123,456,426,233,4034,329,303,148,281,404,273,454,629,400,490,151,95,100,124,107,342,531,414,99,453,100,327
ALIPY_RANDOM,456,235,327,4034,204,221,417,296,181,178,183,818,812,361,327,565,456,241,509,804,328,683,294,484,763,242,148,169,195,167,375,800,531,147,711,154,4034
ALIPY_UNCERTAINTY_LC,205,407,147,204,4034,2952,260,252,437,585,362,281,273,420,147,299,205,605,368,280,344,320,309,263,286,300,434,557,360,680,264,316,276,1282,284,829,204
ALIPY_UNCERTAINTY_MM,233,385,146,221,2952,4034,293,243,312,329,553,302,307,496,146,318,233,884,486,288,348,320,314,267,331,287,307,339,533,1260,251,311,274,679,296,618,221
LIBACT_DWUS,446,483,480,417,260,293,4034,671,241,240,268,652,642,333,480,416,446,263,401,518,362,634,735,615,563,504,253,242,279,244,564,818,674,224,632,246,417
LIBACT_QUIRE,766,720,305,296,252,243,671,4034,208,214,206,373,385,285,305,299,766,213,315,387,327,467,520,422,390,566,240,229,204,195,722,492,749,212,459,216,296
LIBACT_UNCERTAINTY_ENT,200,366,121,181,437,312,241,208,4034,3107,2893,296,266,242,121,267,200,243,254,289,273,289,279,248,271,249,561,385,287,461,299,287,285,596,275,768,181
LIBACT_UNCERTAINTY_LC,189,364,106,178,585,329,240,214,3107,4034,2973,269,250,255,106,264,189,263,257,246,287,284,265,232,276,220,418,541,323,483,252,264,269,744,245,621,178
LIBACT_UNCERTAINTY_SM,195,337,123,183,362,553,268,206,2893,2973,4034,280,279,272,123,295,195,276,259,289,307,285,281,266,312,241,290,303,527,713,245,281,267,509,259,500,183
OPTIMAL_GREEDY_10,696,367,456,818,281,302,652,373,296,269,280,4034,1711,458,456,788,696,340,679,1007,457,893,403,639,1032,363,262,261,270,240,467,1224,732,243,925,252,818
OPTIMAL_GREEDY_20,668,355,426,812,273,307,642,385,266,250,279,1711,4034,494,426,799,668,353,696,1015,452,849,388,656,1051,348,283,256,291,269,476,1174,729,260,945,267,812
PLAYGROUND_BANDIT,317,294,233,361,420,496,333,285,242,255,272,458,494,4034,233,1235,317,2358,1296,461,676,414,319,431,484,423,263,268,285,446,306,428,337,361,397,344,361
PLAYGROUND_GRAPH_DENSITY,303,248,4034,327,147,146,480,305,121,106,123,456,426,233,4034,329,303,148,281,404,273,454,629,400,490,151,95,100,124,107,342,531,414,99,453,100,327
PLAYGROUND_INFORMATIVE_DIVERSE,556,278,329,565,299,318,416,299,267,264,295,788,799,1235,329,4034,556,1147,1198,634,540,598,327,514,704,360,248,235,264,260,379,735,469,246,587,235,565
PLAYGROUND_KCENTER_GREEDY,4034,673,303,456,205,233,446,766,200,189,195,696,668,317,303,556,4034,236,420,571,406,625,320,459,620,413,182,182,194,153,575,746,1011,146,577,169,456
PLAYGROUND_MARGIN,236,280,148,241,605,884,263,213,243,263,276,340,353,2358,148,1147,236,4034,1722,331,591,287,261,337,348,390,258,305,302,859,249,271,265,557,313,517,241
PLAYGROUND_MIXTURE,420,283,281,509,368,486,401,315,254,257,259,679,696,1296,281,1198,420,1722,4034,656,515,548,321,510,623,321,208,251,255,430,355,598,497,308,634,281,509
PLAYGROUND_UNIFORM,571,321,404,804,280,288,518,387,289,246,289,1007,1015,461,404,634,571,331,656,4034,456,824,375,650,999,330,251,266,285,244,513,1049,700,226,815,230,804
SKACTIVEML_COST_EMBEDDING,406,394,273,328,344,348,362,327,273,287,307,457,452,676,273,540,406,591,515,456,4034,408,403,403,461,551,311,291,319,294,359,412,420,282,416,281,328
SKACTIVEML_DAL,625,414,454,683,320,320,634,467,289,284,285,893,849,414,454,598,625,287,548,824,408,4034,499,566,830,326,288,289,310,278,483,925,628,256,771,274,683
SKACTIVEML_DWUS,320,523,629,294,309,314,735,520,279,265,281,403,388,319,629,327,320,261,321,375,403,499,4034,415,408,391,286,270,287,261,446,537,472,247,421,257,294
SKACTIVEML_QBC,459,309,400,484,263,267,615,422,248,232,266,639,656,431,400,514,459,337,510,650,403,566,415,4034,700,376,227,219,250,199,543,733,519,211,630,210,484
SKACTIVEML_QBC_VOTE_ENTROPY,620,386,490,763,286,331,563,390,271,276,312,1032,1051,484,490,704,620,348,623,999,461,830,408,700,4034,305,260,264,281,273,489,1060,713,235,884,249,763
SKACTIVEML_QUIRE,413,510,151,242,300,287,504,566,249,220,241,363,348,423,151,360,413,390,321,330,551,326,391,376,305,4034,290,275,286,244,417,282,469,253,322,253,242
SKACTIVEML_US_ENTROPY,182,405,95,148,434,307,253,240,561,418,290,262,283,263,95,248,182,258,208,251,311,288,286,227,260,290,4034,3133,2918,267,254,265,266,385,251,570,148
SKACTIVEML_US_LC,182,384,100,169,557,339,242,229,385,541,303,261,256,268,100,235,182,305,251,266,291,289,270,219,264,275,3133,4034,3019,339,252,230,239,519,254,409,169
SKACTIVEML_US_MARGIN,194,368,124,195,360,533,279,204,287,323,527,270,291,285,124,264,194,302,255,285,319,310,287,250,281,286,2918,3019,4034,500,241,245,275,311,280,280,195
SMALLTEXT_BREAKINGTIES,153,343,107,167,680,1260,244,195,461,483,713,240,269,446,107,260,153,859,430,244,294,278,261,199,273,244,267,339,500,4034,232,233,257,2946,269,2880,167
SMALLTEXT_CONTRASTIVEAL,575,471,342,375,264,251,564,722,299,252,245,467,476,306,342,379,575,249,355,513,359,483,446,543,489,417,254,252,241,232,4034,598,792,239,498,243,375
SMALLTEXT_EMBEDDINGKMEANS,746,425,531,800,316,311,818,492,287,264,281,1224,1174,428,531,735,746,271,598,1049,412,925,537,733,1060,282,265,230,245,233,598,4034,816,255,1001,239,800
SMALLTEXT_GREEDYCORESET,1011,630,414,531,276,274,674,749,285,269,267,732,729,337,414,469,1011,265,497,700,420,628,472,519,713,469,266,239,275,257,792,816,4034,241,696,268,531
SMALLTEXT_LEASTCONFIDENCE,146,373,99,147,1282,679,224,212,596,744,509,243,260,361,99,246,146,557,308,226,282,256,247,211,235,253,385,519,311,2946,239,255,241,4034,243,3137,147
SMALLTEXT_LIGHTWEIGHTCORESET,577,383,453,711,284,296,632,459,275,245,259,925,945,397,453,587,577,313,634,815,416,771,421,630,884,322,251,254,280,269,498,1001,696,243,4034,248,711
SMALLTEXT_PREDICTIONENTROPY,169,376,100,154,829,618,246,216,768,621,500,252,267,344,100,235,169,517,281,230,281,274,257,210,249,253,570,409,280,2880,243,239,268,3137,248,4034,154
SMALLTEXT_RANDOM,456,235,327,4034,204,221,417,296,181,178,183,818,812,361,327,565,456,241,509,804,328,683,294,484,763,242,148,169,195,167,375,800,531,147,711,154,4034
