,ALIPY_CORESET_GREEDY,ALIPY_DENSITY_WEIGHTED,ALIPY_GRAPH_DENSITY,ALIPY_RANDOM,ALIPY_UNCERTAINTY_LC,ALIPY_UNCERTAINTY_MM,LIBACT_DWUS,LIBACT_QUIRE,LIBACT_UNCERTAINTY_ENT,LIBACT_UNCERTAINTY_LC,LIBACT_UNCERTAINTY_SM,OPTIMAL_GREEDY_10,OPTIMAL_GREEDY_20,PLAYGROUND_BANDIT,PLAYGROUND_GRAPH_DENSITY,PLAYGROUND_INFORMATIVE_DIVERSE,PLAYGROUND_KCENTER_GREEDY,PLAYGROUND_MARGIN,PLAYGROUND_MIXTURE,PLAYGROUND_UNIFORM,SKACTIVEML_COST_EMBEDDING,SKACTIVEML_DAL,SKACTIVEML_DWUS,SKACTIVEML_QBC,SKACTIVEML_QBC_VOTE_ENTROPY,SKACTIVEML_QUIRE,SKACTIVEML_US_ENTROPY,SKACTIVEML_US_LC,SKACTIVEML_US_MARGIN,SMALLTEXT_BREAKINGTIES,SMALLTEXT_CONTRASTIVEAL,SMALLTEXT_EMBEDDINGKMEANS,SMALLTEXT_GREEDYCORESET,SMALLTEXT_LEASTCONFIDENCE,SMALLTEXT_LIGHTWEIGHTCORESET,SMALLTEXT_PREDICTIONENTROPY,SMALLTEXT_RANDOM
ALIPY_CORESET_GREEDY,1.0,0.2741695587506197,0.021318790282597918,0.033217649975210706,0.05503222607833416,0.048834903321764996,0.07783837382250867,0.31011403073872085,0.05552801189885969,0.05503222607833416,0.04833911750123947,0.0969261279127417,0.10188398611799702,0.0961824491819534,0.021318790282597918,0.10237977193852256,1.0,0.07858205255329698,0.0887456618740704,0.0991571641051066,0.1442736737729301,0.10684184432325236,0.11130391670798215,0.10461080813088745,0.0999008428358949,0.1938522558254834,0.058254833911750126,0.05304908279623203,0.0458601883986118,0.037927615270203274,0.17178978681209717,0.11551809618244918,0.3653941497273178,0.049826474962816066,0.11328705999008429,0.057263262270699056,0.033217649975210706
ALIPY_DENSITY_WEIGHTED,0.2741695587506197,1.0,0.07932573128408528,0.06941001487357462,0.12543381259295985,0.11179970252850768,0.2055032226078334,0.4000991571641051,0.09494298463063956,0.10114030738720872,0.08750619732275657,0.1983143282102132,0.19484382746653445,0.17178978681209717,0.07932573128408528,0.17922657411998016,0.2741695587506197,0.13510163609320774,0.1331184928111056,0.19484382746653445,0.2374814080317303,0.21194843827466534,0.23202776400594943,0.2035200793257313,0.2017848289538919,0.28358948934060485,0.09593455627169063,0.09742191373326722,0.0880019831432821,0.07709469509172037,0.259048091224591,0.26474962816063463,0.4191869112543381,0.09568666336142786,0.1998016856717898,0.10262766484878533,0.06941001487357462
ALIPY_GRAPH_DENSITY,0.021318790282597918,0.07932573128408528,1.0,0.057263262270699056,0.056023797719385225,0.059494298463063956,0.16534457114526524,0.10832920178482895,0.04090233019335647,0.036936043629152204,0.041398116013882005,0.14303420922161625,0.13510163609320774,0.09295984134853744,1.0,0.08998512642538424,0.021318790282597918,0.052553296975706494,0.058750619732275654,0.13063956370847793,0.11229548834903322,0.131631135349529,0.15344571145265246,0.1360932077342588,0.13485374318294496,0.09271194843827467,0.04313336638572137,0.04090233019335647,0.04933068914229053,0.03743182944967774,0.13336638572136836,0.17104610808130888,0.08155676747645017,0.037927615270203274,0.11452652454139811,0.04189390183440753,0.057263262270699056
ALIPY_RANDOM,0.033217649975210706,0.06941001487357462,0.057263262270699056,1.0,0.044124938026772434,0.05205751115518096,0.15716410510659395,0.08899355478433317,0.035696579077838374,0.03371343579573624,0.03520079325731284,0.1420426375805652,0.14625681705503224,0.0932077342588002,0.057263262270699056,0.09866137828458106,0.033217649975210706,0.06593951412989589,0.08230044620723848,0.14476945959345563,0.10039662865642042,0.14005949429846307,0.13113534952900346,0.1346058502726822,0.139067922657412,0.0857709469509172,0.03445711452652454,0.035448686167575606,0.04238968765493307,0.03767972235994051,0.12295488349033218,0.16831928606841845,0.07486365889935548,0.03272186415468518,0.12196331184928111,0.035448686167575606,1.0
ALIPY_UNCERTAINTY_LC,0.05503222607833416,0.12543381259295985,0.056023797719385225,0.044124938026772434,1.0,0.7362419434804165,0.13138324243926625,0.12047595438770452,0.11948438274665345,0.13063956370847793,0.0969261279127417,0.11948438274665345,0.12171541893901834,0.11898859692612791,0.056023797719385225,0.12146752602875557,0.05503222607833416,0.15493306891422906,0.10907288051561725,0.11874070401586515,0.1338621715418939,0.11923648983639068,0.13237481408031732,0.12592959841348536,0.11774913237481408,0.1264253842340109,0.12444224095190877,0.12543381259295985,0.10535448686167576,0.1574119980168567,0.12890431333663857,0.1499752107089737,0.11254338125929599,0.27169062964799207,0.11155180961824492,0.18220128904313337,0.044124938026772434
ALIPY_UNCERTAINTY_MM,0.048834903321764996,0.11179970252850768,0.059494298463063956,0.05205751115518096,0.7362419434804165,1.0,0.13485374318294496,0.11303916707982152,0.09791769955379276,0.10262766484878533,0.12022806147744175,0.1249380267724343,0.12617749132374814,0.1294000991571641,0.059494298463063956,0.12692117005453643,0.048834903321764996,0.19930589985126426,0.13187902825979178,0.12915220624690135,0.13287059990084282,0.12667327714427368,0.1346058502726822,0.13039167079821518,0.12741695587506197,0.10882498760535449,0.09717402082300446,0.09940505701536936,0.12245909766980664,0.26003966286564206,0.12989588497768964,0.16236985622211206,0.09295984134853744,0.16410510659395142,0.10981655924640556,0.15195835399107585,0.05205751115518096
LIBACT_DWUS,0.07783837382250867,0.2055032226078334,0.16534457114526524,0.15716410510659395,0.13138324243926625,0.13485374318294496,1.0,0.26425384234010907,0.08651462568170551,0.08899355478433317,0.0932077342588002,0.3772930094199306,0.3653941497273178,0.24739712444224096,0.16534457114526524,0.26202280614774415,0.07783837382250867,0.16038671294000992,0.20500743678730787,0.3691125433812593,0.28656420426375806,0.35820525532969755,0.43951412989588495,0.37902825979176996,0.37952404561229547,0.2597917699553793,0.0894893406048587,0.08601883986117997,0.10039662865642042,0.07759048091224591,0.33911750123946455,0.49801685671789786,0.1960832920178483,0.07882994546355974,0.3071393158155677,0.0850272682201289,0.15716410510659395
LIBACT_QUIRE,0.31011403073872085,0.4000991571641051,0.10832920178482895,0.08899355478433317,0.12047595438770452,0.11303916707982152,0.26425384234010907,1.0,0.10014873574615767,0.10510659395141299,0.09196826970748637,0.23772930094199307,0.23599405057015369,0.18988596926127913,0.10832920178482895,0.2020327218641547,0.31011403073872085,0.139067922657412,0.14774417451660882,0.24962816063460586,0.2878036688150719,0.24913237481408032,0.2860684184432325,0.248388696083292,0.2521070897372335,0.3225086762518592,0.10138820029747149,0.0999008428358949,0.09196826970748637,0.06990580069410014,0.3296975706494794,0.2967278135845315,0.48190381755081807,0.08477937530986614,0.2387208725830441,0.09766980664352999,0.08899355478433317
LIBACT_UNCERTAINTY_ENT,0.05552801189885969,0.09494298463063956,0.04090233019335647,0.035696579077838374,0.11948438274665345,0.09791769955379276,0.08651462568170551,0.10014873574615767,1.0,0.7687159147248389,0.7399603371343579,0.08824987605354487,0.0887456618740704,0.08651462568170551,0.04090233019335647,0.09643034209221617,0.05552801189885969,0.08031730292513634,0.07015369360436291,0.10138820029747149,0.0991571641051066,0.09717402082300446,0.09395141298958849,0.0961824491819534,0.09122459097669806,0.09890927119484383,0.1301437778879524,0.10560237977193852,0.0954387704511651,0.0961824491819534,0.11031234506693109,0.11105602379771938,0.0894893406048587,0.12171541893901834,0.08477937530986614,0.1450173525037184,0.035696579077838374
LIBACT_UNCERTAINTY_LC,0.05503222607833416,0.10114030738720872,0.036936043629152204,0.03371343579573624,0.13063956370847793,0.10262766484878533,0.08899355478433317,0.10510659395141299,0.7687159147248389,1.0,0.7498760535448686,0.09072880515617253,0.0894893406048587,0.0835399107585523,0.036936043629152204,0.09221616261774913,0.05503222607833416,0.08304412493802678,0.06990580069410014,0.09196826970748637,0.10188398611799702,0.09345562716906297,0.09196826970748637,0.090233019335647,0.08973723351512147,0.09816559246405553,0.11403073872087258,0.11849281110560238,0.10237977193852256,0.09940505701536936,0.1036192364898364,0.10733763014377788,0.09395141298958849,0.1383242439266237,0.08106098165592464,0.12865642042637582,0.03371343579573624
LIBACT_UNCERTAINTY_SM,0.04833911750123947,0.08750619732275657,0.041398116013882005,0.03520079325731284,0.0969261279127417,0.12022806147744175,0.0932077342588002,0.09196826970748637,0.7399603371343579,0.7498760535448686,1.0,0.09791769955379276,0.09816559246405553,0.09667823500247893,0.041398116013882005,0.0984134853743183,0.04833911750123947,0.08601883986117997,0.07040158651462568,0.09890927119484383,0.10213187902825979,0.10064452156668319,0.09791769955379276,0.10436291522062469,0.10114030738720872,0.08924144769459594,0.09271194843827467,0.09221616261774913,0.1256817055032226,0.12295488349033218,0.09965294992563213,0.11700545364402579,0.07759048091224591,0.10237977193852256,0.08849776896380764,0.10733763014377788,0.03520079325731284
OPTIMAL_GREEDY_10,0.0969261279127417,0.1983143282102132,0.14303420922161625,0.1420426375805652,0.11948438274665345,0.1249380267724343,0.3772930094199306,0.23772930094199307,0.08824987605354487,0.09072880515617253,0.09791769955379276,1.0,0.3262270699058007,0.23054040654437283,0.14303420922161625,0.2530986613782846,0.0969261279127417,0.15047099652949925,0.1983143282102132,0.3262270699058007,0.24169558750619732,0.32374814080317305,0.3225086762518592,0.3220128904313337,0.32052553296975705,0.21988101140307387,0.0946950917203768,0.090233019335647,0.10461080813088745,0.08279623202776401,0.2860684184432325,0.40951908775409024,0.19484382746653445,0.08998512642538424,0.2922657411998017,0.0946950917203768,0.1420426375805652
OPTIMAL_GREEDY_20,0.10188398611799702,0.19484382746653445,0.13510163609320774,0.14625681705503224,0.12171541893901834,0.12617749132374814,0.3653941497273178,0.23599405057015369,0.0887456618740704,0.0894893406048587,0.09816559246405553,0.3262270699058007,1.0,0.21988101140307387,0.13510163609320774,0.23401090728805157,0.10188398611799702,0.15592464055528013,0.18963807635101637,0.31284085275161133,0.23326722855726326,0.32498760535448684,0.31308874566187406,0.3177987109568666,0.32870599900842834,0.22062469013386218,0.09568666336142786,0.0924640555280119,0.0984134853743183,0.08106098165592464,0.2885473475458602,0.4035696579077838,0.20302429350520576,0.08775409023301933,0.28755577590480913,0.09147248388696083,0.14625681705503224
PLAYGROUND_BANDIT,0.0961824491819534,0.17178978681209717,0.09295984134853744,0.0932077342588002,0.11898859692612791,0.1294000991571641,0.24739712444224096,0.18988596926127913,0.08651462568170551,0.0835399107585523,0.09667823500247893,0.23054040654437283,0.21988101140307387,1.0,0.09295984134853744,0.4072880515617253,0.0961824491819534,0.39142290530490825,0.35696579077838375,0.21492315319781854,0.21789786812097173,0.22136836886465047,0.22235994050570154,0.22087258304412494,0.2226078334159643,0.18319286068418444,0.08701041150223103,0.08849776896380764,0.09940505701536936,0.08998512642538424,0.21120475954387705,0.2729300941993059,0.16360932077342588,0.0887456618740704,0.20500743678730787,0.09221616261774913,0.0932077342588002
PLAYGROUND_GRAPH_DENSITY,0.021318790282597918,0.07932573128408528,1.0,0.057263262270699056,0.056023797719385225,0.059494298463063956,0.16534457114526524,0.10832920178482895,0.04090233019335647,0.036936043629152204,0.041398116013882005,0.14303420922161625,0.13510163609320774,0.09295984134853744,1.0,0.08998512642538424,0.021318790282597918,0.052553296975706494,0.058750619732275654,0.13063956370847793,0.11229548834903322,0.131631135349529,0.15344571145265246,0.1360932077342588,0.13485374318294496,0.09271194843827467,0.04313336638572137,0.04090233019335647,0.04933068914229053,0.03743182944967774,0.13336638572136836,0.17104610808130888,0.08155676747645017,0.037927615270203274,0.11452652454139811,0.04189390183440753,0.057263262270699056
PLAYGROUND_INFORMATIVE_DIVERSE,0.10237977193852256,0.17922657411998016,0.08998512642538424,0.09866137828458106,0.12146752602875557,0.12692117005453643,0.26202280614774415,0.2020327218641547,0.09643034209221617,0.09221616261774913,0.0984134853743183,0.2530986613782846,0.23401090728805157,0.4072880515617253,0.08998512642538424,1.0,0.10237977193852256,0.3490332176499752,0.35671789786812097,0.23401090728805157,0.2131879028259792,0.2478929102627665,0.23401090728805157,0.23946455131383243,0.24219137332672286,0.18368864650470995,0.0999008428358949,0.09370352007932573,0.11006445215666832,0.09419930589985126,0.22136836886465047,0.3009419930589985,0.18244918195339613,0.0909766980664353,0.2131879028259792,0.09395141298958849,0.09866137828458106
PLAYGROUND_KCENTER_GREEDY,1.0,0.2741695587506197,0.021318790282597918,0.033217649975210706,0.05503222607833416,0.048834903321764996,0.07783837382250867,0.31011403073872085,0.05552801189885969,0.05503222607833416,0.04833911750123947,0.0969261279127417,0.10188398611799702,0.0961824491819534,0.021318790282597918,0.10237977193852256,1.0,0.07858205255329698,0.0887456618740704,0.0991571641051066,0.1442736737729301,0.10684184432325236,0.11130391670798215,0.10461080813088745,0.0999008428358949,0.1938522558254834,0.058254833911750126,0.05304908279623203,0.0458601883986118,0.037927615270203274,0.17178978681209717,0.11551809618244918,0.3653941497273178,0.049826474962816066,0.11328705999008429,0.057263262270699056,0.033217649975210706
PLAYGROUND_MARGIN,0.07858205255329698,0.13510163609320774,0.052553296975706494,0.06593951412989589,0.15493306891422906,0.19930589985126426,0.16038671294000992,0.139067922657412,0.08031730292513634,0.08304412493802678,0.08601883986117997,0.15047099652949925,0.15592464055528013,0.39142290530490825,0.052553296975706494,0.3490332176499752,0.07858205255329698,1.0,0.4814080317302925,0.15418939018344074,0.16236985622211206,0.14600892414476946,0.15964303420922163,0.153941497273178,0.15294992563212692,0.13212692117005453,0.08824987605354487,0.09196826970748637,0.0946950917203768,0.1834407535944472,0.15468517600396628,0.1789786812097174,0.10956866633614279,0.13956370847793753,0.14972731779871096,0.13336638572136836,0.06593951412989589
PLAYGROUND_MIXTURE,0.0887456618740704,0.1331184928111056,0.058750619732275654,0.08230044620723848,0.10907288051561725,0.13187902825979178,0.20500743678730787,0.14774417451660882,0.07015369360436291,0.06990580069410014,0.07040158651462568,0.1983143282102132,0.18963807635101637,0.35696579077838375,0.058750619732275654,0.35671789786812097,0.0887456618740704,0.4814080317302925,1.0,0.20079325731284084,0.1700545364402578,0.18914229053049084,0.18517600396628656,0.1945959345562717,0.18815071888943977,0.14030738720872582,0.07436787307882994,0.07312840852751612,0.0813088745661874,0.10684184432325236,0.17203767972235995,0.22235994050570154,0.12667327714427368,0.08601883986117997,0.1745166088249876,0.08676251859196826,0.08230044620723848
PLAYGROUND_UNIFORM,0.0991571641051066,0.19484382746653445,0.13063956370847793,0.14476945959345563,0.11874070401586515,0.12915220624690135,0.3691125433812593,0.24962816063460586,0.10138820029747149,0.09196826970748637,0.09890927119484383,0.3262270699058007,0.31284085275161133,0.21492315319781854,0.13063956370847793,0.23401090728805157,0.0991571641051066,0.15418939018344074,0.20079325731284084,1.0,0.2506197322756569,0.315319781854239,0.3284581060981656,0.31755081804660384,0.31383242439266235,0.21591472483886961,0.09568666336142786,0.09122459097669806,0.10188398611799702,0.08849776896380764,0.29771938522558256,0.39910758552305403,0.19484382746653445,0.08775409023301933,0.27268220128904314,0.0917203767972236,0.14476945959345563
SKACTIVEML_COST_EMBEDDING,0.1442736737729301,0.2374814080317303,0.11229548834903322,0.10039662865642042,0.1338621715418939,0.13287059990084282,0.28656420426375806,0.2878036688150719,0.0991571641051066,0.10188398611799702,0.10213187902825979,0.24169558750619732,0.23326722855726326,0.21789786812097173,0.11229548834903322,0.2131879028259792,0.1442736737729301,0.16236985622211206,0.1700545364402578,0.2506197322756569,1.0,0.24690133862171543,0.27540902330193356,0.2523549826474963,0.25706494794248885,0.24714923153197818,0.0961824491819534,0.09444719881011403,0.09667823500247893,0.0880019831432821,0.26846802181457613,0.31680713931581556,0.244174516608825,0.09519087754090233,0.23177987109568665,0.10262766484878533,0.10039662865642042
SKACTIVEML_DAL,0.10684184432325236,0.21194843827466534,0.131631135349529,0.14005949429846307,0.11923648983639068,0.12667327714427368,0.35820525532969755,0.24913237481408032,0.09717402082300446,0.09345562716906297,0.10064452156668319,0.32374814080317305,0.32498760535448684,0.22136836886465047,0.131631135349529,0.2478929102627665,0.10684184432325236,0.14600892414476946,0.18914229053049084,0.315319781854239,0.24690133862171543,1.0,0.3113534952900347,0.3135845314823996,0.32796232027764005,0.22657411998016858,0.09444719881011403,0.09295984134853744,0.10163609320773426,0.08601883986117997,0.30193356470004956,0.40803173029251366,0.21641051065939515,0.07907783837382251,0.28582052553296977,0.09295984134853744,0.14005949429846307
SKACTIVEML_DWUS,0.11130391670798215,0.23202776400594943,0.15344571145265246,0.13113534952900346,0.13237481408031732,0.1346058502726822,0.43951412989588495,0.2860684184432325,0.09395141298958849,0.09196826970748637,0.09791769955379276,0.3225086762518592,0.31308874566187406,0.22235994050570154,0.15344571145265246,0.23401090728805157,0.11130391670798215,0.15964303420922163,0.18517600396628656,0.3284581060981656,0.27540902330193356,0.3113534952900347,1.0,0.33465542885473476,0.33391175012394647,0.26450173525037185,0.10461080813088745,0.09593455627169063,0.10907288051561725,0.09370352007932573,0.32350024789291026,0.4152206246901339,0.22384729796727815,0.09519087754090233,0.27962320277640057,0.0991571641051066,0.13113534952900346
SKACTIVEML_QBC,0.10461080813088745,0.2035200793257313,0.1360932077342588,0.1346058502726822,0.12592959841348536,0.13039167079821518,0.37902825979176996,0.248388696083292,0.0961824491819534,0.090233019335647,0.10436291522062469,0.3220128904313337,0.3177987109568666,0.22087258304412494,0.1360932077342588,0.23946455131383243,0.10461080813088745,0.153941497273178,0.1945959345562717,0.31755081804660384,0.2523549826474963,0.3135845314823996,0.33465542885473476,1.0,0.35299950421417947,0.22880515617253347,0.09940505701536936,0.09965294992563213,0.11353495290034706,0.08701041150223103,0.2949925632126921,0.39786812097174024,0.20624690133862172,0.08527516113039167,0.28061477441745164,0.08824987605354487,0.1346058502726822
SKACTIVEML_QBC_VOTE_ENTROPY,0.0999008428358949,0.2017848289538919,0.13485374318294496,0.139067922657412,0.11774913237481408,0.12741695587506197,0.37952404561229547,0.2521070897372335,0.09122459097669806,0.08973723351512147,0.10114030738720872,0.32052553296975705,0.32870599900842834,0.2226078334159643,0.13485374318294496,0.24219137332672286,0.0999008428358949,0.15294992563212692,0.18815071888943977,0.31383242439266235,0.25706494794248885,0.32796232027764005,0.33391175012394647,0.35299950421417947,1.0,0.22211204759543876,0.09667823500247893,0.08998512642538424,0.10808130887456618,0.0850272682201289,0.29424888448190384,0.4035696579077838,0.2057511155180962,0.08329201784828955,0.2949925632126921,0.0909766980664353,0.139067922657412
SKACTIVEML_QUIRE,0.1938522558254834,0.28358948934060485,0.09271194843827467,0.0857709469509172,0.1264253842340109,0.10882498760535449,0.2597917699553793,0.3225086762518592,0.09890927119484383,0.09816559246405553,0.08924144769459594,0.21988101140307387,0.22062469013386218,0.18319286068418444,0.09271194843827467,0.18368864650470995,0.1938522558254834,0.13212692117005453,0.14030738720872582,0.21591472483886961,0.24714923153197818,0.22657411998016858,0.26450173525037185,0.22880515617253347,0.22211204759543876,1.0,0.09791769955379276,0.0954387704511651,0.090233019335647,0.0805651958353991,0.2602875557759048,0.2734258800198314,0.29771938522558256,0.0954387704511651,0.21616261774913237,0.10039662865642042,0.0857709469509172
SKACTIVEML_US_ENTROPY,0.058254833911750126,0.09593455627169063,0.04313336638572137,0.03445711452652454,0.12444224095190877,0.09717402082300446,0.0894893406048587,0.10138820029747149,0.1301437778879524,0.11403073872087258,0.09271194843827467,0.0946950917203768,0.09568666336142786,0.08701041150223103,0.04313336638572137,0.0999008428358949,0.058254833911750126,0.08824987605354487,0.07436787307882994,0.09568666336142786,0.0961824491819534,0.09444719881011403,0.10461080813088745,0.09940505701536936,0.09667823500247893,0.09791769955379276,1.0,0.7679722359940506,0.7407040158651462,0.07858205255329698,0.10411502231036192,0.11130391670798215,0.08701041150223103,0.10436291522062469,0.08824987605354487,0.13039167079821518,0.03445711452652454
SKACTIVEML_US_LC,0.05304908279623203,0.09742191373326722,0.04090233019335647,0.035448686167575606,0.12543381259295985,0.09940505701536936,0.08601883986117997,0.0999008428358949,0.10560237977193852,0.11849281110560238,0.09221616261774913,0.090233019335647,0.0924640555280119,0.08849776896380764,0.04090233019335647,0.09370352007932573,0.05304908279623203,0.09196826970748637,0.07312840852751612,0.09122459097669806,0.09444719881011403,0.09295984134853744,0.09593455627169063,0.09965294992563213,0.08998512642538424,0.0954387704511651,0.7679722359940506,1.0,0.7503718393653942,0.0835399107585523,0.09766980664352999,0.11080813088745661,0.08477937530986614,0.10461080813088745,0.0835399107585523,0.1065939514129896,0.035448686167575606
SKACTIVEML_US_MARGIN,0.0458601883986118,0.0880019831432821,0.04933068914229053,0.04238968765493307,0.10535448686167576,0.12245909766980664,0.10039662865642042,0.09196826970748637,0.0954387704511651,0.10237977193852256,0.1256817055032226,0.10461080813088745,0.0984134853743183,0.09940505701536936,0.04933068914229053,0.11006445215666832,0.0458601883986118,0.0946950917203768,0.0813088745661874,0.10188398611799702,0.09667823500247893,0.10163609320773426,0.10907288051561725,0.11353495290034706,0.10808130887456618,0.090233019335647,0.7407040158651462,0.7503718393653942,1.0,0.09965294992563213,0.10758552305404065,0.124194348041646,0.07188894397620228,0.08973723351512147,0.09221616261774913,0.08626673277144274,0.04238968765493307
SMALLTEXT_BREAKINGTIES,0.037927615270203274,0.07709469509172037,0.03743182944967774,0.03767972235994051,0.1574119980168567,0.26003966286564206,0.07759048091224591,0.06990580069410014,0.0961824491819534,0.09940505701536936,0.12295488349033218,0.08279623202776401,0.08106098165592464,0.08998512642538424,0.03743182944967774,0.09419930589985126,0.037927615270203274,0.1834407535944472,0.10684184432325236,0.08849776896380764,0.0880019831432821,0.08601883986117997,0.09370352007932573,0.08701041150223103,0.0850272682201289,0.0805651958353991,0.07858205255329698,0.0835399107585523,0.09965294992563213,1.0,0.08205255329697571,0.09965294992563213,0.06494794248884482,0.7327714427367378,0.07808626673277144,0.7295488349033218,0.03767972235994051
SMALLTEXT_CONTRASTIVEAL,0.17178978681209717,0.259048091224591,0.13336638572136836,0.12295488349033218,0.12890431333663857,0.12989588497768964,0.33911750123946455,0.3296975706494794,0.11031234506693109,0.1036192364898364,0.09965294992563213,0.2860684184432325,0.2885473475458602,0.21120475954387705,0.13336638572136836,0.22136836886465047,0.17178978681209717,0.15468517600396628,0.17203767972235995,0.29771938522558256,0.26846802181457613,0.30193356470004956,0.32350024789291026,0.2949925632126921,0.29424888448190384,0.2602875557759048,0.10411502231036192,0.09766980664352999,0.10758552305404065,0.08205255329697571,1.0,0.36861675756073375,0.30589985126425384,0.09395141298958849,0.26871591472483886,0.0969261279127417,0.12295488349033218
SMALLTEXT_EMBEDDINGKMEANS,0.11551809618244918,0.26474962816063463,0.17104610808130888,0.16831928606841845,0.1499752107089737,0.16236985622211206,0.49801685671789786,0.2967278135845315,0.11105602379771938,0.10733763014377788,0.11700545364402579,0.40951908775409024,0.4035696579077838,0.2729300941993059,0.17104610808130888,0.3009419930589985,0.11551809618244918,0.1789786812097174,0.22235994050570154,0.39910758552305403,0.31680713931581556,0.40803173029251366,0.4152206246901339,0.39786812097174024,0.4035696579077838,0.2734258800198314,0.11130391670798215,0.11080813088745661,0.124194348041646,0.09965294992563213,0.36861675756073375,1.0,0.24367873078829946,0.09419930589985126,0.37555775904809124,0.10411502231036192,0.16831928606841845
SMALLTEXT_GREEDYCORESET,0.3653941497273178,0.4191869112543381,0.08155676747645017,0.07486365889935548,0.11254338125929599,0.09295984134853744,0.1960832920178483,0.48190381755081807,0.0894893406048587,0.09395141298958849,0.07759048091224591,0.19484382746653445,0.20302429350520576,0.16360932077342588,0.08155676747645017,0.18244918195339613,0.3653941497273178,0.10956866633614279,0.12667327714427368,0.19484382746653445,0.244174516608825,0.21641051065939515,0.22384729796727815,0.20624690133862172,0.2057511155180962,0.29771938522558256,0.08701041150223103,0.08477937530986614,0.07188894397620228,0.06494794248884482,0.30589985126425384,0.24367873078829946,1.0,0.08106098165592464,0.2107089737233515,0.09742191373326722,0.07486365889935548
SMALLTEXT_LEASTCONFIDENCE,0.049826474962816066,0.09568666336142786,0.037927615270203274,0.03272186415468518,0.27169062964799207,0.16410510659395142,0.07882994546355974,0.08477937530986614,0.12171541893901834,0.1383242439266237,0.10237977193852256,0.08998512642538424,0.08775409023301933,0.0887456618740704,0.037927615270203274,0.0909766980664353,0.049826474962816066,0.13956370847793753,0.08601883986117997,0.08775409023301933,0.09519087754090233,0.07907783837382251,0.09519087754090233,0.08527516113039167,0.08329201784828955,0.0954387704511651,0.10436291522062469,0.10461080813088745,0.08973723351512147,0.7327714427367378,0.09395141298958849,0.09419930589985126,0.08106098165592464,1.0,0.08230044620723848,0.7592959841348538,0.03272186415468518
SMALLTEXT_LIGHTWEIGHTCORESET,0.11328705999008429,0.1998016856717898,0.11452652454139811,0.12196331184928111,0.11155180961824492,0.10981655924640556,0.3071393158155677,0.2387208725830441,0.08477937530986614,0.08106098165592464,0.08849776896380764,0.2922657411998017,0.28755577590480913,0.20500743678730787,0.11452652454139811,0.2131879028259792,0.11328705999008429,0.14972731779871096,0.1745166088249876,0.27268220128904314,0.23177987109568665,0.28582052553296977,0.27962320277640057,0.28061477441745164,0.2949925632126921,0.21616261774913237,0.08824987605354487,0.0835399107585523,0.09221616261774913,0.07808626673277144,0.26871591472483886,0.37555775904809124,0.2107089737233515,0.08230044620723848,1.0,0.08205255329697571,0.12196331184928111
SMALLTEXT_PREDICTIONENTROPY,0.057263262270699056,0.10262766484878533,0.04189390183440753,0.035448686167575606,0.18220128904313337,0.15195835399107585,0.0850272682201289,0.09766980664352999,0.1450173525037184,0.12865642042637582,0.10733763014377788,0.0946950917203768,0.09147248388696083,0.09221616261774913,0.04189390183440753,0.09395141298958849,0.057263262270699056,0.13336638572136836,0.08676251859196826,0.0917203767972236,0.10262766484878533,0.09295984134853744,0.0991571641051066,0.08824987605354487,0.0909766980664353,0.10039662865642042,0.13039167079821518,0.1065939514129896,0.08626673277144274,0.7295488349033218,0.0969261279127417,0.10411502231036192,0.09742191373326722,0.7592959841348538,0.08205255329697571,1.0,0.035448686167575606
SMALLTEXT_RANDOM,0.033217649975210706,0.06941001487357462,0.057263262270699056,1.0,0.044124938026772434,0.05205751115518096,0.15716410510659395,0.08899355478433317,0.035696579077838374,0.03371343579573624,0.03520079325731284,0.1420426375805652,0.14625681705503224,0.0932077342588002,0.057263262270699056,0.09866137828458106,0.033217649975210706,0.06593951412989589,0.08230044620723848,0.14476945959345563,0.10039662865642042,0.14005949429846307,0.13113534952900346,0.1346058502726822,0.139067922657412,0.0857709469509172,0.03445711452652454,0.035448686167575606,0.04238968765493307,0.03767972235994051,0.12295488349033218,0.16831928606841845,0.07486365889935548,0.03272186415468518,0.12196331184928111,0.035448686167575606,1.0
