,ALIPY_CORESET_GREEDY,ALIPY_DENSITY_WEIGHTED,ALIPY_GRAPH_DENSITY,ALIPY_RANDOM,ALIPY_UNCERTAINTY_LC,ALIPY_UNCERTAINTY_MM,LIBACT_DWUS,LIBACT_QUIRE,LIBACT_UNCERTAINTY_ENT,LIBACT_UNCERTAINTY_LC,LIBACT_UNCERTAINTY_SM,OPTIMAL_GREEDY_10,OPTIMAL_GREEDY_20,PLAYGROUND_BANDIT,PLAYGROUND_GRAPH_DENSITY,PLAYGROUND_INFORMATIVE_DIVERSE,PLAYGROUND_KCENTER_GREEDY,PLAYGROUND_MARGIN,PLAYGROUND_MIXTURE,PLAYGROUND_UNIFORM,SKACTIVEML_COST_EMBEDDING,SKACTIVEML_DAL,SKACTIVEML_DWUS,SKACTIVEML_QBC,SKACTIVEML_QBC_VOTE_ENTROPY,SKACTIVEML_QUIRE,SKACTIVEML_US_ENTROPY,SKACTIVEML_US_LC,SKACTIVEML_US_MARGIN,SMALLTEXT_BREAKINGTIES,SMALLTEXT_CONTRASTIVEAL,SMALLTEXT_EMBEDDINGKMEANS,SMALLTEXT_GREEDYCORESET,SMALLTEXT_LEASTCONFIDENCE,SMALLTEXT_LIGHTWEIGHTCORESET,SMALLTEXT_PREDICTIONENTROPY,SMALLTEXT_RANDOM
ALIPY_CORESET_GREEDY,1.0,0.2094695091720377,0.03396132870599901,0.07337630143777887,0.04833911750123947,0.045364402578086264,0.021566683192860685,0.31184928111056026,0.041398116013882005,0.03817550818046604,0.03941497273177987,0.12816063460585028,0.1212196331184928,0.10907288051561725,0.03396132870599901,0.10188398611799702,1.0,0.06370847793753098,0.09370352007932573,0.1256817055032226,0.15443728309370353,0.16534457114526524,0.05899851264253842,0.14080317302925136,0.12741695587506197,0.18988596926127913,0.03371343579573624,0.03867129400099157,0.04090233019335647,0.03371343579573624,0.19186911254338126,0.13138324243926625,0.40951908775409024,0.03173029251363411,0.161378284581061,0.03445711452652454,0.07337630143777887
ALIPY_DENSITY_WEIGHTED,0.2094695091720377,1.0,0.029747149231531978,0.05428854734754586,0.1308874566187407,0.1427863163113535,0.047595438770451165,0.2925136341100645,0.10808130887456618,0.11626177491323748,0.11824491819533961,0.09940505701536936,0.10535448686167576,0.14005949429846307,0.029747149231531978,0.16063460585027267,0.2094695091720377,0.13807635101636093,0.11105602379771938,0.0887456618740704,0.1353495290034705,0.1271690629647992,0.08304412493802678,0.08849776896380764,0.0946950917203768,0.24541398116013882,0.12171541893901834,0.1249380267724343,0.13113534952900346,0.12295488349033218,0.12989588497768964,0.0946950917203768,0.2151710461080813,0.12097174020823004,0.12989588497768964,0.12196331184928111,0.05428854734754586
ALIPY_GRAPH_DENSITY,0.03396132870599901,0.029747149231531978,1.0,0.050322260783341594,0.02330193356470005,0.023797719385225583,0.05453644025780863,0.05577590480912246,0.01636093207734259,0.01636093207734259,0.01760039662865642,0.08899355478433317,0.08998512642538424,0.04833911750123947,1.0,0.05081804660386713,0.03396132870599901,0.025532969757064948,0.03817550818046604,0.09643034209221617,0.06494794248884482,0.08403569657907783,0.07411998016856718,0.08230044620723848,0.10386712940009915,0.045364402578086264,0.017848289538919187,0.01834407535944472,0.01636093207734259,0.015865146256817054,0.06891422905304909,0.07411998016856718,0.05999008428358949,0.014625681705503223,0.08378780366881507,0.015617253346554288,0.050322260783341594
ALIPY_RANDOM,0.07337630143777887,0.05428854734754586,0.050322260783341594,1.0,0.04933068914229053,0.05057015369360436,0.08849776896380764,0.06395637084779375,0.0406544372830937,0.03867129400099157,0.04338125929598413,0.2255825483391175,0.21467526028755576,0.11155180961824492,0.050322260783341594,0.09766980664352999,0.07337630143777887,0.06470004957858205,0.11254338125929599,0.21368368864650472,0.1301437778879524,0.18244918195339613,0.12667327714427368,0.19335647000495787,0.2240951908775409,0.06916212196331185,0.031978185423896875,0.03743182944967774,0.036440257808626676,0.03520079325731284,0.13559742191373328,0.1745166088249876,0.13262270699058007,0.030986613782845812,0.17699553792761527,0.035448686167575606,1.0
ALIPY_UNCERTAINTY_LC,0.04833911750123947,0.1308874566187407,0.02330193356470005,0.04933068914229053,1.0,0.7439266236985622,0.05627169062964799,0.0473475458601884,0.1479920674268716,0.16460089241447695,0.15518096182449181,0.08651462568170551,0.08998512642538424,0.1256817055032226,0.02330193356470005,0.15418939018344074,0.04833911750123947,0.1945959345562717,0.11080813088745661,0.08279623202776401,0.10386712940009915,0.0932077342588002,0.0932077342588002,0.07436787307882994,0.0842835894893406,0.06941001487357462,0.15567674764501735,0.17302925136341102,0.16212196331184928,0.20128904313336637,0.09221616261774913,0.08527516113039167,0.07164105106593951,0.29424888448190384,0.10014873574615767,0.20649479424888448,0.04933068914229053
ALIPY_UNCERTAINTY_MM,0.045364402578086264,0.1427863163113535,0.023797719385225583,0.05057015369360436,0.7439266236985622,1.0,0.06916212196331185,0.04561229548834903,0.14452156668319285,0.14724838869608328,0.1707982151710461,0.08899355478433317,0.09072880515617253,0.1301437778879524,0.023797719385225583,0.15642042637580567,0.045364402578086264,0.2389687654933069,0.13411006445215667,0.07635101636093208,0.10485870104115022,0.09519087754090233,0.09271194843827467,0.07659890927119484,0.08973723351512147,0.06841844323252355,0.1494794248884482,0.15443728309370353,0.17674764501735252,0.2967278135845315,0.09370352007932573,0.08750619732275657,0.07610312345066932,0.20327218641546851,0.10163609320773426,0.19633118492811105,0.05057015369360436
LIBACT_DWUS,0.021566683192860685,0.047595438770451165,0.05453644025780863,0.08849776896380764,0.05627169062964799,0.06916212196331185,1.0,0.0436291522062469,0.05751115518096182,0.05404065443728309,0.06271690629647993,0.13733267228557264,0.14600892414476946,0.0842835894893406,0.05453644025780863,0.08527516113039167,0.021566683192860685,0.056023797719385225,0.07064947942488845,0.13113534952900346,0.0857709469509172,0.11179970252850768,0.26003966286564206,0.16608824987605356,0.12667327714427368,0.09643034209221617,0.049826474962816066,0.0495785820525533,0.05205751115518096,0.05230540406544373,0.1036192364898364,0.3106098165592464,0.07957362419434805,0.04685176003966286,0.09940505701536936,0.05528011898859692,0.08849776896380764
LIBACT_QUIRE,0.31184928111056026,0.2925136341100645,0.05577590480912246,0.06395637084779375,0.0473475458601884,0.04561229548834903,0.0436291522062469,1.0,0.044124938026772434,0.0451165096678235,0.04189390183440753,0.10907288051561725,0.11403073872087258,0.08230044620723848,0.05577590480912246,0.07907783837382251,0.31184928111056026,0.04610808130887457,0.05577590480912246,0.10684184432325236,0.1405552801189886,0.14229053049082796,0.06445215666831929,0.12097174020823004,0.10956866633614279,0.312097174020823,0.0451165096678235,0.04561229548834903,0.0466038671294001,0.03594447198810114,0.180466038671294,0.0835399107585523,0.28705999008428357,0.03520079325731284,0.13931581556767478,0.034209221616261776,0.06395637084779375
LIBACT_UNCERTAINTY_ENT,0.041398116013882005,0.10808130887456618,0.01636093207734259,0.0406544372830937,0.1479920674268716,0.14452156668319285,0.05751115518096182,0.044124938026772434,1.0,0.7560733763014378,0.7354982647496282,0.06817055032226078,0.07238472979672782,0.11056023797719385,0.01636093207734259,0.1271690629647992,0.041398116013882005,0.1308874566187407,0.0894893406048587,0.08329201784828955,0.0887456618740704,0.07907783837382251,0.07907783837382251,0.05850272682201289,0.07015369360436291,0.058750619732275654,0.15047099652949925,0.12964799206742686,0.12518591968269707,0.1368368864650471,0.08453148239960337,0.07635101636093208,0.06370847793753098,0.14749628160634606,0.07783837382250867,0.161378284581061,0.0406544372830937
LIBACT_UNCERTAINTY_LC,0.03817550818046604,0.11626177491323748,0.01636093207734259,0.03867129400099157,0.16460089241447695,0.14724838869608328,0.05404065443728309,0.0451165096678235,0.7560733763014378,1.0,0.7516113039167079,0.06445215666831929,0.07411998016856718,0.11006445215666832,0.01636093207734259,0.13584531482399603,0.03817550818046604,0.13336638572136836,0.09048091224590976,0.07238472979672782,0.08701041150223103,0.07411998016856718,0.08081308874566187,0.06470004957858205,0.07164105106593951,0.06296479920674268,0.1383242439266237,0.15344571145265246,0.13559742191373328,0.14352999504214178,0.06321269211700545,0.07238472979672782,0.06172533465542886,0.1591472483886961,0.0805651958353991,0.15270203272186417,0.03867129400099157
LIBACT_UNCERTAINTY_SM,0.03941497273177987,0.11824491819533961,0.01760039662865642,0.04338125929598413,0.15518096182449181,0.1707982151710461,0.06271690629647993,0.04189390183440753,0.7354982647496282,0.7516113039167079,1.0,0.07585523054040655,0.0805651958353991,0.11700545364402579,0.01760039662865642,0.1442736737729301,0.03941497273177987,0.1375805651958354,0.09766980664352999,0.07188894397620228,0.09072880515617253,0.0813088745661874,0.07783837382250867,0.06841844323252355,0.07659890927119484,0.06470004957858205,0.1346058502726822,0.1360932077342588,0.15493306891422906,0.1650966782350025,0.07734258800198314,0.07982151710461081,0.06643529995042141,0.146504709965295,0.08701041150223103,0.14724838869608328,0.04338125929598413
OPTIMAL_GREEDY_10,0.12816063460585028,0.09940505701536936,0.08899355478433317,0.2255825483391175,0.08651462568170551,0.08899355478433317,0.13733267228557264,0.10907288051561725,0.06817055032226078,0.06445215666831929,0.07585523054040655,1.0,0.3329201784828954,0.17773921665840356,0.08899355478433317,0.1487357461576599,0.12816063460585028,0.11179970252850768,0.1648487853247397,0.2989588497768964,0.18616757560733763,0.25681705503222607,0.18319286068418444,0.2560733763014378,0.29176995537927614,0.12592959841348536,0.06668319286068418,0.06668319286068418,0.07114526524541398,0.06767476450173525,0.20451165096678234,0.25037183936539414,0.2020327218641547,0.06742687159147248,0.2635101636093208,0.07511155180961825,0.2255825483391175
OPTIMAL_GREEDY_20,0.1212196331184928,0.10535448686167576,0.08998512642538424,0.21467526028755576,0.08998512642538424,0.09072880515617253,0.14600892414476946,0.11403073872087258,0.07238472979672782,0.07411998016856718,0.0805651958353991,0.3329201784828954,1.0,0.18145761031234506,0.08998512642538424,0.1517104610808131,0.1212196331184928,0.11576598909271195,0.16162617749132374,0.2959841348537432,0.180466038671294,0.263262270699058,0.17997025285076848,0.263262270699058,0.3009419930589985,0.12915220624690135,0.06941001487357462,0.07288051561725335,0.07560733763014378,0.07040158651462568,0.20872583044124937,0.2424392662369856,0.19955379276152702,0.06618740704015866,0.26822012890431335,0.07213683688646505,0.21467526028755576
PLAYGROUND_BANDIT,0.10907288051561725,0.14005949429846307,0.04833911750123947,0.11155180961824492,0.1256817055032226,0.1301437778879524,0.0842835894893406,0.08230044620723848,0.11056023797719385,0.11006445215666832,0.11700545364402579,0.17773921665840356,0.18145761031234506,1.0,0.04833911750123947,0.37630143777887953,0.10907288051561725,0.394893406048587,0.43455627169062966,0.18740704015865145,0.17724343083787802,0.18443232523549827,0.12345066931085771,0.1502231036192365,0.1737729300941993,0.10337134357957363,0.10783341596430342,0.11427863163113534,0.11799702528507684,0.11080813088745661,0.15666831928606842,0.1745166088249876,0.153941497273178,0.11031234506693109,0.19410014873574616,0.11477441745166088,0.11155180961824492
PLAYGROUND_GRAPH_DENSITY,0.03396132870599901,0.029747149231531978,1.0,0.050322260783341594,0.02330193356470005,0.023797719385225583,0.05453644025780863,0.05577590480912246,0.01636093207734259,0.01636093207734259,0.01760039662865642,0.08899355478433317,0.08998512642538424,0.04833911750123947,1.0,0.05081804660386713,0.03396132870599901,0.025532969757064948,0.03817550818046604,0.09643034209221617,0.06494794248884482,0.08403569657907783,0.07411998016856718,0.08230044620723848,0.10386712940009915,0.045364402578086264,0.017848289538919187,0.01834407535944472,0.01636093207734259,0.015865146256817054,0.06891422905304909,0.07411998016856718,0.05999008428358949,0.014625681705503223,0.08378780366881507,0.015617253346554288,0.050322260783341594
PLAYGROUND_INFORMATIVE_DIVERSE,0.10188398611799702,0.16063460585027267,0.05081804660386713,0.09766980664352999,0.15418939018344074,0.15642042637580567,0.08527516113039167,0.07907783837382251,0.1271690629647992,0.13584531482399603,0.1442736737729301,0.1487357461576599,0.1517104610808131,0.37630143777887953,0.05081804660386713,1.0,0.10188398611799702,0.3911750123946455,0.35845314823996033,0.15418939018344074,0.17178978681209717,0.15468517600396628,0.1256817055032226,0.12816063460585028,0.14452156668319285,0.10932077342588002,0.14377788795240456,0.14774417451660882,0.14923153197818542,0.13510163609320774,0.14724838869608328,0.1494794248884482,0.14253842340109074,0.1338621715418939,0.17873078829945463,0.14179474467030243,0.09766980664352999
PLAYGROUND_KCENTER_GREEDY,1.0,0.2094695091720377,0.03396132870599901,0.07337630143777887,0.04833911750123947,0.045364402578086264,0.021566683192860685,0.31184928111056026,0.041398116013882005,0.03817550818046604,0.03941497273177987,0.12816063460585028,0.1212196331184928,0.10907288051561725,0.03396132870599901,0.10188398611799702,1.0,0.06370847793753098,0.09370352007932573,0.1256817055032226,0.15443728309370353,0.16534457114526524,0.05899851264253842,0.14080317302925136,0.12741695587506197,0.18988596926127913,0.03371343579573624,0.03867129400099157,0.04090233019335647,0.03371343579573624,0.19186911254338126,0.13138324243926625,0.40951908775409024,0.03173029251363411,0.161378284581061,0.03445711452652454,0.07337630143777887
PLAYGROUND_MARGIN,0.06370847793753098,0.13807635101636093,0.025532969757064948,0.06470004957858205,0.1945959345562717,0.2389687654933069,0.056023797719385225,0.04610808130887457,0.1308874566187407,0.13336638572136836,0.1375805651958354,0.11179970252850768,0.11576598909271195,0.394893406048587,0.025532969757064948,0.3911750123946455,0.06370847793753098,1.0,0.49380267724343085,0.10981655924640556,0.14080317302925136,0.10981655924640556,0.09519087754090233,0.0880019831432821,0.10535448686167576,0.07263262270699058,0.13187902825979178,0.13262270699058007,0.1368368864650471,0.22459097669806644,0.1065939514129896,0.10634605850272683,0.10039662865642042,0.1745166088249876,0.1256817055032226,0.17030242935052056,0.06470004957858205
PLAYGROUND_MIXTURE,0.09370352007932573,0.11105602379771938,0.03817550818046604,0.11254338125929599,0.11080813088745661,0.13411006445215667,0.07064947942488845,0.05577590480912246,0.0894893406048587,0.09048091224590976,0.09766980664352999,0.1648487853247397,0.16162617749132374,0.43455627169062966,0.03817550818046604,0.35845314823996033,0.09370352007932573,0.49380267724343085,1.0,0.1685671789786812,0.15815567674764502,0.1648487853247397,0.10064452156668319,0.12989588497768964,0.161378284581061,0.08477937530986614,0.08477937530986614,0.08155676747645017,0.08701041150223103,0.11799702528507684,0.1479920674268716,0.15121467526028756,0.13584531482399603,0.09271194843827467,0.18988596926127913,0.09667823500247893,0.11254338125929599
PLAYGROUND_UNIFORM,0.1256817055032226,0.0887456618740704,0.09643034209221617,0.21368368864650472,0.08279623202776401,0.07635101636093208,0.13113534952900346,0.10684184432325236,0.08329201784828955,0.07238472979672782,0.07188894397620228,0.2989588497768964,0.2959841348537432,0.18740704015865145,0.09643034209221617,0.15418939018344074,0.1256817055032226,0.10981655924640556,0.1685671789786812,1.0,0.19533961328705998,0.26202280614774415,0.1774913237481408,0.2583044124938027,0.2900347050074368,0.11477441745166088,0.06420426375805652,0.06346058502726822,0.06817055032226078,0.06023797719385226,0.21343579573624194,0.2449181953396133,0.20228061477441744,0.061973227565691624,0.25780862667327714,0.06668319286068418,0.21368368864650472
SKACTIVEML_COST_EMBEDDING,0.15443728309370353,0.1353495290034705,0.06494794248884482,0.1301437778879524,0.10386712940009915,0.10485870104115022,0.0857709469509172,0.1405552801189886,0.0887456618740704,0.08701041150223103,0.09072880515617253,0.18616757560733763,0.180466038671294,0.17724343083787802,0.06494794248884482,0.17178978681209717,0.15443728309370353,0.14080317302925136,0.15815567674764502,0.19533961328705998,1.0,0.18591968269707487,0.12196331184928111,0.1628656420426376,0.1849281110560238,0.13658899355478432,0.08230044620723848,0.07709469509172037,0.07882994546355974,0.07511155180961825,0.17873078829945463,0.15790778383738224,0.2077342588001983,0.07560733763014378,0.19410014873574616,0.0768468021814576,0.1301437778879524
SKACTIVEML_DAL,0.16534457114526524,0.1271690629647992,0.08403569657907783,0.18244918195339613,0.0932077342588002,0.09519087754090233,0.11179970252850768,0.14229053049082796,0.07907783837382251,0.07411998016856718,0.0813088745661874,0.25681705503222607,0.263262270699058,0.18443232523549827,0.08403569657907783,0.15468517600396628,0.16534457114526524,0.10981655924640556,0.1648487853247397,0.26202280614774415,0.18591968269707487,1.0,0.16881507188894398,0.23723351512146754,0.259048091224591,0.14253842340109074,0.07213683688646505,0.06841844323252355,0.07932573128408528,0.06817055032226078,0.2181457610312345,0.2411998016856718,0.21244422409519087,0.06569162121963312,0.28582052553296977,0.06941001487357462,0.18244918195339613
SKACTIVEML_DWUS,0.05899851264253842,0.08304412493802678,0.07411998016856718,0.12667327714427368,0.0932077342588002,0.09271194843827467,0.26003966286564206,0.06445215666831929,0.07907783837382251,0.08081308874566187,0.07783837382250867,0.18319286068418444,0.17997025285076848,0.12345066931085771,0.07411998016856718,0.1256817055032226,0.05899851264253842,0.09519087754090233,0.10064452156668319,0.1774913237481408,0.12196331184928111,0.16881507188894398,1.0,0.18393653941497273,0.19038175508180466,0.1065939514129896,0.07808626673277144,0.08205255329697571,0.0835399107585523,0.07312840852751612,0.139067922657412,0.23847297967278136,0.11750123946455131,0.07213683688646505,0.15146256817055032,0.07387208725830441,0.12667327714427368
SKACTIVEML_QBC,0.14080317302925136,0.08849776896380764,0.08230044620723848,0.19335647000495787,0.07436787307882994,0.07659890927119484,0.16608824987605356,0.12097174020823004,0.05850272682201289,0.06470004957858205,0.06841844323252355,0.2560733763014378,0.263262270699058,0.1502231036192365,0.08230044620723848,0.12816063460585028,0.14080317302925136,0.0880019831432821,0.12989588497768964,0.2583044124938027,0.1628656420426376,0.23723351512146754,0.18393653941497273,1.0,0.2677243430837878,0.14724838869608328,0.05280118988596926,0.05627169062964799,0.06296479920674268,0.05899851264253842,0.2072384729796728,0.24714923153197818,0.2057511155180962,0.051313832424392664,0.23177987109568665,0.054784333168071395,0.19335647000495787
SKACTIVEML_QBC_VOTE_ENTROPY,0.12741695587506197,0.0946950917203768,0.10386712940009915,0.2240951908775409,0.0842835894893406,0.08973723351512147,0.12667327714427368,0.10956866633614279,0.07015369360436291,0.07164105106593951,0.07659890927119484,0.29176995537927614,0.3009419930589985,0.1737729300941993,0.10386712940009915,0.14452156668319285,0.12741695587506197,0.10535448686167576,0.161378284581061,0.2900347050074368,0.1849281110560238,0.259048091224591,0.19038175508180466,0.2677243430837878,1.0,0.12097174020823004,0.06246901338621715,0.06370847793753098,0.06618740704015866,0.062221120475954385,0.20376797223599405,0.2270699058006941,0.19162121963311848,0.06395637084779375,0.25681705503222607,0.06470004957858205,0.2240951908775409
SKACTIVEML_QUIRE,0.18988596926127913,0.24541398116013882,0.045364402578086264,0.06916212196331185,0.06941001487357462,0.06841844323252355,0.09643034209221617,0.312097174020823,0.058750619732275654,0.06296479920674268,0.06470004957858205,0.12592959841348536,0.12915220624690135,0.10337134357957363,0.045364402578086264,0.10932077342588002,0.18988596926127913,0.07263262270699058,0.08477937530986614,0.11477441745166088,0.13658899355478432,0.14253842340109074,0.1065939514129896,0.14724838869608328,0.12097174020823004,1.0,0.06470004957858205,0.06941001487357462,0.06767476450173525,0.05701536936043629,0.2020327218641547,0.10039662865642042,0.24095190877540903,0.05775904809122459,0.1494794248884482,0.06370847793753098,0.06916212196331185
SKACTIVEML_US_ENTROPY,0.03371343579573624,0.12171541893901834,0.017848289538919187,0.031978185423896875,0.15567674764501735,0.1494794248884482,0.049826474962816066,0.0451165096678235,0.15047099652949925,0.1383242439266237,0.1346058502726822,0.06668319286068418,0.06941001487357462,0.10783341596430342,0.017848289538919187,0.14377788795240456,0.03371343579573624,0.13187902825979178,0.08477937530986614,0.06420426375805652,0.08230044620723848,0.07213683688646505,0.07808626673277144,0.05280118988596926,0.06246901338621715,0.06470004957858205,1.0,0.7647496281606346,0.7454139811601388,0.11874070401586515,0.07734258800198314,0.06172533465542886,0.05850272682201289,0.13262270699058007,0.07957362419434805,0.15418939018344074,0.031978185423896875
SKACTIVEML_US_LC,0.03867129400099157,0.1249380267724343,0.01834407535944472,0.03743182944967774,0.17302925136341102,0.15443728309370353,0.0495785820525533,0.04561229548834903,0.12964799206742686,0.15344571145265246,0.1360932077342588,0.06668319286068418,0.07288051561725335,0.11427863163113534,0.01834407535944472,0.14774417451660882,0.03867129400099157,0.13262270699058007,0.08155676747645017,0.06346058502726822,0.07709469509172037,0.06841844323252355,0.08205255329697571,0.05627169062964799,0.06370847793753098,0.06941001487357462,0.7647496281606346,1.0,0.7595438770451165,0.1256817055032226,0.07734258800198314,0.06395637084779375,0.06048587010411502,0.14749628160634606,0.07783837382250867,0.14526524541398117,0.03743182944967774
SKACTIVEML_US_MARGIN,0.04090233019335647,0.13113534952900346,0.01636093207734259,0.036440257808626676,0.16212196331184928,0.17674764501735252,0.05205751115518096,0.0466038671294001,0.12518591968269707,0.13559742191373328,0.15493306891422906,0.07114526524541398,0.07560733763014378,0.11799702528507684,0.01636093207734259,0.14923153197818542,0.04090233019335647,0.1368368864650471,0.08701041150223103,0.06817055032226078,0.07882994546355974,0.07932573128408528,0.0835399107585523,0.06296479920674268,0.06618740704015866,0.06767476450173525,0.7454139811601388,0.7595438770451165,1.0,0.14724838869608328,0.07635101636093208,0.06767476450173525,0.06420426375805652,0.1308874566187407,0.08230044620723848,0.13262270699058007,0.036440257808626676
SMALLTEXT_BREAKINGTIES,0.03371343579573624,0.12295488349033218,0.015865146256817054,0.03520079325731284,0.20128904313336637,0.2967278135845315,0.05230540406544373,0.03594447198810114,0.1368368864650471,0.14352999504214178,0.1650966782350025,0.06767476450173525,0.07040158651462568,0.11080813088745661,0.015865146256817054,0.13510163609320774,0.03371343579573624,0.22459097669806644,0.11799702528507684,0.06023797719385226,0.07511155180961825,0.06817055032226078,0.07312840852751612,0.05899851264253842,0.062221120475954385,0.05701536936043629,0.11874070401586515,0.1256817055032226,0.14724838869608328,1.0,0.07213683688646505,0.07164105106593951,0.04933068914229053,0.7431829449677739,0.07535944471988101,0.7330193356470005,0.03520079325731284
SMALLTEXT_CONTRASTIVEAL,0.19186911254338126,0.12989588497768964,0.06891422905304909,0.13559742191373328,0.09221616261774913,0.09370352007932573,0.1036192364898364,0.180466038671294,0.08453148239960337,0.06321269211700545,0.07734258800198314,0.20451165096678234,0.20872583044124937,0.15666831928606842,0.06891422905304909,0.14724838869608328,0.19186911254338126,0.1065939514129896,0.1479920674268716,0.21343579573624194,0.17873078829945463,0.2181457610312345,0.139067922657412,0.2072384729796728,0.20376797223599405,0.2020327218641547,0.07734258800198314,0.07734258800198314,0.07635101636093208,0.07213683688646505,1.0,0.17501239464551313,0.25706494794248885,0.07411998016856718,0.21764997521070897,0.0813088745661874,0.13559742191373328
SMALLTEXT_EMBEDDINGKMEANS,0.13138324243926625,0.0946950917203768,0.07411998016856718,0.1745166088249876,0.08527516113039167,0.08750619732275657,0.3106098165592464,0.0835399107585523,0.07635101636093208,0.07238472979672782,0.07982151710461081,0.25037183936539414,0.2424392662369856,0.1745166088249876,0.07411998016856718,0.1494794248884482,0.13138324243926625,0.10634605850272683,0.15121467526028756,0.2449181953396133,0.15790778383738224,0.2411998016856718,0.23847297967278136,0.24714923153197818,0.2270699058006941,0.10039662865642042,0.06172533465542886,0.06395637084779375,0.06767476450173525,0.07164105106593951,0.17501239464551313,1.0,0.20624690133862172,0.06742687159147248,0.2464055528011899,0.06965790778383739,0.1745166088249876
SMALLTEXT_GREEDYCORESET,0.40951908775409024,0.2151710461080813,0.05999008428358949,0.13262270699058007,0.07164105106593951,0.07610312345066932,0.07957362419434805,0.28705999008428357,0.06370847793753098,0.06172533465542886,0.06643529995042141,0.2020327218641547,0.19955379276152702,0.153941497273178,0.05999008428358949,0.14253842340109074,0.40951908775409024,0.10039662865642042,0.13584531482399603,0.20228061477441744,0.2077342588001983,0.21244422409519087,0.11750123946455131,0.2057511155180962,0.19162121963311848,0.24095190877540903,0.05850272682201289,0.06048587010411502,0.06420426375805652,0.04933068914229053,0.25706494794248885,0.20624690133862172,1.0,0.053792761527020325,0.236737729300942,0.058750619732275654,0.13262270699058007
SMALLTEXT_LEASTCONFIDENCE,0.03173029251363411,0.12097174020823004,0.014625681705503223,0.030986613782845812,0.29424888448190384,0.20327218641546851,0.04685176003966286,0.03520079325731284,0.14749628160634606,0.1591472483886961,0.146504709965295,0.06742687159147248,0.06618740704015866,0.11031234506693109,0.014625681705503223,0.1338621715418939,0.03173029251363411,0.1745166088249876,0.09271194843827467,0.061973227565691624,0.07560733763014378,0.06569162121963312,0.07213683688646505,0.051313832424392664,0.06395637084779375,0.05775904809122459,0.13262270699058007,0.14749628160634606,0.1308874566187407,0.7431829449677739,0.07411998016856718,0.06742687159147248,0.053792761527020325,1.0,0.07709469509172037,0.7588001983143282,0.030986613782845812
SMALLTEXT_LIGHTWEIGHTCORESET,0.161378284581061,0.12989588497768964,0.08378780366881507,0.17699553792761527,0.10014873574615767,0.10163609320773426,0.09940505701536936,0.13931581556767478,0.07783837382250867,0.0805651958353991,0.08701041150223103,0.2635101636093208,0.26822012890431335,0.19410014873574616,0.08378780366881507,0.17873078829945463,0.161378284581061,0.1256817055032226,0.18988596926127913,0.25780862667327714,0.19410014873574616,0.28582052553296977,0.15146256817055032,0.23177987109568665,0.25681705503222607,0.1494794248884482,0.07957362419434805,0.07783837382250867,0.08230044620723848,0.07535944471988101,0.21764997521070897,0.2464055528011899,0.236737729300942,0.07709469509172037,1.0,0.08230044620723848,0.17699553792761527
SMALLTEXT_PREDICTIONENTROPY,0.03445711452652454,0.12196331184928111,0.015617253346554288,0.035448686167575606,0.20649479424888448,0.19633118492811105,0.05528011898859692,0.034209221616261776,0.161378284581061,0.15270203272186417,0.14724838869608328,0.07511155180961825,0.07213683688646505,0.11477441745166088,0.015617253346554288,0.14179474467030243,0.03445711452652454,0.17030242935052056,0.09667823500247893,0.06668319286068418,0.0768468021814576,0.06941001487357462,0.07387208725830441,0.054784333168071395,0.06470004957858205,0.06370847793753098,0.15418939018344074,0.14526524541398117,0.13262270699058007,0.7330193356470005,0.0813088745661874,0.06965790778383739,0.058750619732275654,0.7588001983143282,0.08230044620723848,1.0,0.035448686167575606
SMALLTEXT_RANDOM,0.07337630143777887,0.05428854734754586,0.050322260783341594,1.0,0.04933068914229053,0.05057015369360436,0.08849776896380764,0.06395637084779375,0.0406544372830937,0.03867129400099157,0.04338125929598413,0.2255825483391175,0.21467526028755576,0.11155180961824492,0.050322260783341594,0.09766980664352999,0.07337630143777887,0.06470004957858205,0.11254338125929599,0.21368368864650472,0.1301437778879524,0.18244918195339613,0.12667327714427368,0.19335647000495787,0.2240951908775409,0.06916212196331185,0.031978185423896875,0.03743182944967774,0.036440257808626676,0.03520079325731284,0.13559742191373328,0.1745166088249876,0.13262270699058007,0.030986613782845812,0.17699553792761527,0.035448686167575606,1.0
