,ALIPY_CORESET_GREEDY,ALIPY_DENSITY_WEIGHTED,ALIPY_GRAPH_DENSITY,ALIPY_RANDOM,ALIPY_UNCERTAINTY_LC,ALIPY_UNCERTAINTY_MM,LIBACT_DWUS,LIBACT_QUIRE,LIBACT_UNCERTAINTY_ENT,LIBACT_UNCERTAINTY_LC,LIBACT_UNCERTAINTY_SM,OPTIMAL_GREEDY_10,OPTIMAL_GREEDY_20,PLAYGROUND_BANDIT,PLAYGROUND_GRAPH_DENSITY,PLAYGROUND_INFORMATIVE_DIVERSE,PLAYGROUND_KCENTER_GREEDY,PLAYGROUND_MARGIN,PLAYGROUND_MIXTURE,PLAYGROUND_UNIFORM,SKACTIVEML_COST_EMBEDDING,SKACTIVEML_DAL,SKACTIVEML_DWUS,SKACTIVEML_QBC,SKACTIVEML_QBC_VOTE_ENTROPY,SKACTIVEML_QUIRE,SKACTIVEML_US_ENTROPY,SKACTIVEML_US_LC,SKACTIVEML_US_MARGIN,SMALLTEXT_BREAKINGTIES,SMALLTEXT_CONTRASTIVEAL,SMALLTEXT_EMBEDDINGKMEANS,SMALLTEXT_GREEDYCORESET,SMALLTEXT_LEASTCONFIDENCE,SMALLTEXT_LIGHTWEIGHTCORESET,SMALLTEXT_PREDICTIONENTROPY,SMALLTEXT_RANDOM
ALIPY_CORESET_GREEDY,4034,400,198,185,270,241,346,391,242,223,227,407,388,343,198,328,4027,286,319,432,360,418,398,360,391,394,246,235,234,219,371,430,518,242,419,271,169
ALIPY_DENSITY_WEIGHTED,400,4034,389,317,635,596,578,575,534,534,531,586,601,643,389,698,399,626,618,557,658,611,658,559,602,688,553,561,547,562,624,578,609,582,595,596,304
ALIPY_GRAPH_DENSITY,198,389,4034,208,221,206,476,368,221,221,220,427,436,336,4034,303,196,262,337,444,385,424,451,415,455,386,193,215,201,188,382,432,429,196,443,210,189
ALIPY_RANDOM,185,317,208,4034,204,205,357,328,220,209,223,402,393,298,208,310,186,227,266,399,366,381,373,405,422,340,184,199,199,174,331,407,378,177,412,214,4012
ALIPY_UNCERTAINTY_LC,270,635,221,204,4034,2970,425,403,420,478,399,463,468,566,221,583,270,765,576,475,546,501,517,411,472,543,459,486,434,637,456,457,492,986,449,684,189
ALIPY_UNCERTAINTY_MM,241,596,206,205,2970,4034,444,397,389,377,461,472,469,562,206,557,243,886,634,484,558,494,516,399,434,530,382,416,457,957,444,456,461,629,430,581,189
LIBACT_DWUS,346,578,476,357,425,444,4034,590,411,408,405,654,653,503,476,500,347,488,482,624,599,670,711,667,633,567,431,426,429,416,658,721,654,396,610,416,350
LIBACT_QUIRE,391,575,368,328,403,397,590,4034,358,322,336,587,551,444,368,435,393,451,442,583,497,583,562,610,611,599,379,377,370,358,573,618,586,357,528,399,322
LIBACT_UNCERTAINTY_ENT,242,534,221,220,420,389,411,358,4034,3049,2998,474,440,514,221,558,243,442,435,473,541,494,510,412,489,485,448,399,351,354,420,430,490,395,468,482,204
LIBACT_UNCERTAINTY_LC,223,534,221,209,478,377,408,322,3049,4034,3011,462,468,526,221,548,225,447,428,439,557,501,517,390,472,456,415,465,378,348,404,438,462,441,470,458,194
LIBACT_UNCERTAINTY_SM,227,531,220,223,399,461,405,336,2998,3011,4034,506,446,522,220,555,229,469,436,468,544,501,532,417,485,479,395,390,491,416,407,470,466,380,484,375,207
OPTIMAL_GREEDY_10,407,586,427,402,463,472,654,587,474,462,506,4034,780,565,427,547,407,498,530,697,637,717,674,668,685,622,456,459,452,446,598,651,670,426,674,467,384
OPTIMAL_GREEDY_20,388,601,436,393,468,469,653,551,440,468,446,780,4034,515,436,559,388,498,493,691,616,683,689,691,680,593,461,498,464,390,588,695,698,402,647,416,377
PLAYGROUND_BANDIT,343,643,336,298,566,562,503,444,514,526,522,565,515,4034,336,1337,341,1445,1242,512,723,580,550,461,495,598,510,512,520,492,506,493,557,505,530,526,279
PLAYGROUND_GRAPH_DENSITY,198,389,4034,208,221,206,476,368,221,221,220,427,436,336,4034,303,196,262,337,444,385,424,451,415,455,386,193,215,201,188,382,432,429,196,443,210,189
PLAYGROUND_INFORMATIVE_DIVERSE,328,698,303,310,583,557,500,435,558,548,555,547,559,1337,303,4034,328,1306,1217,530,660,580,601,482,534,632,556,553,568,500,506,491,532,512,494,524,294
PLAYGROUND_KCENTER_GREEDY,4027,399,196,186,270,243,347,393,243,225,229,407,388,341,196,328,4034,286,320,432,362,419,400,361,391,394,246,235,233,219,373,429,517,243,419,270,170
PLAYGROUND_MARGIN,286,626,262,227,765,886,488,451,442,447,469,498,498,1445,262,1306,286,4034,1845,519,650,512,552,450,522,626,486,489,495,811,528,458,530,652,450,652,208
PLAYGROUND_MIXTURE,319,618,337,266,576,634,482,442,435,428,436,530,493,1242,337,1217,320,1845,4034,520,611,493,561,469,480,594,459,474,466,607,516,453,541,524,477,515,250
PLAYGROUND_UNIFORM,432,557,444,399,475,484,624,583,473,439,468,697,691,512,444,530,432,519,520,4034,625,672,683,691,711,620,442,435,430,441,657,676,686,446,675,447,384
SKACTIVEML_COST_EMBEDDING,360,658,385,366,546,558,599,497,541,557,544,637,616,723,385,660,362,650,611,625,4034,674,656,607,587,604,558,553,544,508,582,624,620,517,592,526,351
SKACTIVEML_DAL,418,611,424,381,501,494,670,583,494,501,501,717,683,580,424,580,419,512,493,672,674,4034,708,647,711,630,494,519,505,444,597,675,645,453,660,493,365
SKACTIVEML_DWUS,398,658,451,373,517,516,711,562,510,517,532,674,689,550,451,601,400,552,561,683,656,708,4034,645,696,652,544,533,529,513,593,649,664,503,633,523,360
SKACTIVEML_QBC,360,559,415,405,411,399,667,610,412,390,417,668,691,461,415,482,361,450,469,691,607,647,645,4034,706,589,408,450,429,379,594,684,651,381,651,388,390
SKACTIVEML_QBC_VOTE_ENTROPY,391,602,455,422,472,434,633,611,489,472,485,685,680,495,455,534,391,522,480,711,587,711,696,706,4034,609,439,457,446,410,605,686,653,424,658,445,404
SKACTIVEML_QUIRE,394,688,386,340,543,530,567,599,485,456,479,622,593,598,386,632,394,626,594,620,604,630,652,589,609,4034,499,492,475,480,617,649,600,490,586,491,328
SKACTIVEML_US_ENTROPY,246,553,193,184,459,382,431,379,448,415,395,456,461,510,193,556,246,486,459,442,558,494,544,408,439,499,4034,3067,3009,333,440,455,458,396,463,484,171
SKACTIVEML_US_LC,235,561,215,199,486,416,426,377,399,465,390,459,498,512,215,553,235,489,474,435,553,519,533,450,457,492,3067,4034,3006,351,439,445,457,433,470,400,183
SKACTIVEML_US_MARGIN,234,547,201,199,434,457,429,370,351,378,491,452,464,520,201,568,233,495,466,430,544,505,529,429,446,475,3009,3006,4034,409,458,446,457,363,460,379,184
SMALLTEXT_BREAKINGTIES,219,562,188,174,637,957,416,358,354,348,416,446,390,492,188,500,219,811,607,441,508,444,513,379,410,480,333,351,409,4034,427,425,484,2971,412,2945,158
SMALLTEXT_CONTRASTIVEAL,371,624,382,331,456,444,658,573,420,404,407,598,588,506,382,506,373,528,516,657,582,597,593,594,605,617,440,439,458,427,4034,604,593,426,590,439,326
SMALLTEXT_EMBEDDINGKMEANS,430,578,432,407,457,456,721,618,430,438,470,651,695,493,432,491,429,458,453,676,624,675,649,684,686,649,455,445,446,425,604,4034,648,435,653,450,394
SMALLTEXT_GREEDYCORESET,518,609,429,378,492,461,654,586,490,462,466,670,698,557,429,532,517,530,541,686,620,645,664,651,653,600,458,457,457,484,593,648,4034,487,633,492,362
SMALLTEXT_LEASTCONFIDENCE,242,582,196,177,986,629,396,357,395,441,380,426,402,505,196,512,243,652,524,446,517,453,503,381,424,490,396,433,363,2971,426,435,487,4034,430,3040,161
SMALLTEXT_LIGHTWEIGHTCORESET,419,595,443,412,449,430,610,528,468,470,484,674,647,530,443,494,419,450,477,675,592,660,633,651,658,586,463,470,460,412,590,653,633,430,4034,428,400
SMALLTEXT_PREDICTIONENTROPY,271,596,210,214,684,581,416,399,482,458,375,467,416,526,210,524,270,652,515,447,526,493,523,388,445,491,484,400,379,2945,439,450,492,3040,428,4034,200
SMALLTEXT_RANDOM,169,304,189,4012,189,189,350,322,204,194,207,384,377,279,189,294,170,208,250,384,351,365,360,390,404,328,171,183,184,158,326,394,362,161,400,200,4034
