,ALIPY_CORESET_GREEDY,ALIPY_DENSITY_WEIGHTED,ALIPY_GRAPH_DENSITY,ALIPY_RANDOM,ALIPY_UNCERTAINTY_LC,ALIPY_UNCERTAINTY_MM,LIBACT_DWUS,LIBACT_QUIRE,LIBACT_UNCERTAINTY_ENT,LIBACT_UNCERTAINTY_LC,LIBACT_UNCERTAINTY_SM,OPTIMAL_GREEDY_10,OPTIMAL_GREEDY_20,PLAYGROUND_BANDIT,PLAYGROUND_GRAPH_DENSITY,PLAYGROUND_INFORMATIVE_DIVERSE,PLAYGROUND_KCENTER_GREEDY,PLAYGROUND_MARGIN,PLAYGROUND_MIXTURE,PLAYGROUND_UNIFORM,SKACTIVEML_COST_EMBEDDING,SKACTIVEML_DAL,SKACTIVEML_DWUS,SKACTIVEML_QBC,SKACTIVEML_QBC_VOTE_ENTROPY,SKACTIVEML_QUIRE,SKACTIVEML_US_ENTROPY,SKACTIVEML_US_LC,SKACTIVEML_US_MARGIN,SMALLTEXT_BREAKINGTIES,SMALLTEXT_CONTRASTIVEAL,SMALLTEXT_EMBEDDINGKMEANS,SMALLTEXT_GREEDYCORESET,SMALLTEXT_LEASTCONFIDENCE,SMALLTEXT_LIGHTWEIGHTCORESET,SMALLTEXT_PREDICTIONENTROPY,SMALLTEXT_RANDOM
ALIPY_CORESET_GREEDY,1.0,0.34630639563708476,0.300446207238473,0.27615270203272185,0.3165592464055528,0.31011403073872085,0.30589985126425384,0.3108577094695092,0.2937530986613783,0.2922657411998017,0.2915220624690134,0.2555775904809122,0.24913237481408032,0.3336638572136837,0.300446207238473,0.30565195835399106,1.0,0.334407535944472,0.30589985126425384,0.2920178482895389,0.3259791769955379,0.29053049082796234,0.31755081804660384,0.27540902330193356,0.2974714923153198,0.3331680713931582,0.30143777887952405,0.2974714923153198,0.2927615270203272,0.30168567178978684,0.30069410014873577,0.26450173525037185,0.3453148239960337,0.3113534952900347,0.2811105602379772,0.31308874566187406,0.2583044124938027
ALIPY_DENSITY_WEIGHTED,0.34630639563708476,1.0,0.32449181953396133,0.29325731284085277,0.35374318294496776,0.3438274665344571,0.3482895389191869,0.3564700049578582,0.3247397124442241,0.3292017848289539,0.3215171046108081,0.2773921665840357,0.2588001983143282,0.37159147248388696,0.32449181953396133,0.3284581060981656,0.34630639563708476,0.36043629152206247,0.32771442736737727,0.31036192364898363,0.3490332176499752,0.3165592464055528,0.3639067922657412,0.29548834903321763,0.31631135349529005,0.37605354486861675,0.34209221616261776,0.34258800198314326,0.3334159643034209,0.33093703520079326,0.33886960832920177,0.2994546355974219,0.35820525532969755,0.3408527516113039,0.3026772434308379,0.3448190381755082,0.2741695587506197
ALIPY_GRAPH_DENSITY,0.300446207238473,0.32449181953396133,1.0,0.28805156172533464,0.30540406544372833,0.3073872087258304,0.349281110560238,0.2860684184432325,0.2952404561229549,0.2892910262766485,0.2987109568666336,0.2771442736737729,0.2699553792761527,0.349281110560238,1.0,0.3173029251363411,0.300446207238473,0.3453148239960337,0.3217649975210709,0.31680713931581556,0.3329201784828954,0.3083787803668815,0.36068418443232525,0.31308874566187406,0.3076351016360932,0.3232523549826475,0.30540406544372833,0.2989588497768964,0.30143777887952405,0.2997025285076847,0.3135845314823996,0.3024293505205751,0.3373822508676252,0.29548834903321763,0.30961824491819534,0.2997025285076847,0.2721864154685176
ALIPY_RANDOM,0.27615270203272185,0.29325731284085277,0.28805156172533464,1.0,0.2915220624690134,0.29300941993059,0.2994546355974219,0.27243430837878035,0.2714427367377293,0.27268220128904314,0.26822012890431335,0.278135845314824,0.26003966286564206,0.32399603371343577,0.28805156172533464,0.2927615270203272,0.27615270203272185,0.3143282102131879,0.3034209221616262,0.29548834903321763,0.3009419930589985,0.29127416955875063,0.3140803173029251,0.28755577590480913,0.3034209221616262,0.3068914229053049,0.28681209717402084,0.28656420426375806,0.28582052553296977,0.27268220128904314,0.2776400594942985,0.2892910262766485,0.28805156172533464,0.27590480912245907,0.29796727813584534,0.2788795240456123,0.9752107089737233
ALIPY_UNCERTAINTY_LC,0.3165592464055528,0.35374318294496776,0.30540406544372833,0.2915220624690134,1.0,0.8200297471492315,0.33886960832920177,0.3135845314823996,0.3701041150223104,0.3896876549330689,0.3624194348041646,0.27863163113534956,0.2704511650966782,0.4134853743182945,0.30540406544372833,0.3433316807139316,0.3165592464055528,0.4377788795240456,0.3705999008428359,0.3257312840852752,0.37307882994546354,0.32126921170054534,0.36787307882994547,0.30515617253346555,0.30466038671294,0.3646504709965295,0.3886960832920178,0.4030738720872583,0.36812097174020825,0.4209221616261775,0.32399603371343577,0.29300941993059,0.33490332176499754,0.5136341100644521,0.3061477441745166,0.44719881011403073,0.2729300941993059
ALIPY_UNCERTAINTY_MM,0.31011403073872085,0.3438274665344571,0.3073872087258304,0.29300941993059,0.8200297471492315,1.0,0.33465542885473476,0.3034209221616262,0.35473475458601883,0.3557263262270699,0.3750619732275657,0.285572632622707,0.266484878532474,0.41745166088249874,0.3073872087258304,0.33763014377788797,0.31011403073872085,0.47223599405057015,0.38720872583044125,0.32077342588001984,0.3666336142786316,0.3190381755081805,0.3591968269707486,0.30168567178978684,0.3031730292513634,0.35994050570153696,0.3698562221120476,0.36365889935547846,0.3852255825483391,0.496777392166584,0.3173029251363411,0.29325731284085277,0.3299454635597422,0.41621219633118495,0.30887456618740705,0.4152206246901339,0.2746653445711453
LIBACT_DWUS,0.30589985126425384,0.3482895389191869,0.349281110560238,0.2994546355974219,0.33886960832920177,0.33465542885473476,1.0,0.3111056023797719,0.31755081804660384,0.31383242439266235,0.31234506693108577,0.29400099157164106,0.2778879524045612,0.3765493306891423,0.349281110560238,0.32821021318790283,0.30589985126425384,0.3748140803173029,0.33490332176499754,0.32424392662369855,0.3596926127912742,0.30887456618740705,0.3621715418939018,0.3284581060981656,0.32424392662369855,0.3480416460089241,0.3331680713931582,0.33093703520079326,0.32077342588001984,0.32424392662369855,0.35473475458601883,0.3140803173029251,0.3515121467526029,0.3284581060981656,0.3180466038671294,0.33192860684184433,0.2821021318790283
LIBACT_QUIRE,0.3108577094695092,0.3564700049578582,0.2860684184432325,0.27243430837878035,0.3135845314823996,0.3034209221616262,0.3111056023797719,1.0,0.28582052553296977,0.28358948934060485,0.27987109568666335,0.24442240951908775,0.2248388696083292,0.3202776400594943,0.2860684184432325,0.28383738225086763,0.3108577094695092,0.322756569162122,0.29400099157164106,0.27962320277640057,0.3071393158155677,0.27962320277640057,0.32721864154685176,0.2741695587506197,0.27863163113534956,0.3415964303420922,0.3024293505205751,0.29920674268715913,0.2892910262766485,0.2863163113534953,0.31308874566187406,0.26846802181457613,0.31308874566187406,0.29697570649479427,0.27540902330193356,0.29796727813584534,0.2553296975706495
LIBACT_UNCERTAINTY_ENT,0.2937530986613783,0.3247397124442241,0.2952404561229549,0.2714427367377293,0.3701041150223104,0.35473475458601883,0.31755081804660384,0.28582052553296977,1.0,0.8554784333168072,0.8309370352007932,0.2659890927119484,0.2555775904809122,0.3616757560733763,0.2952404561229549,0.33192860684184433,0.2937530986613783,0.3564700049578582,0.3252354982647496,0.2957362419434804,0.34630639563708476,0.2957362419434804,0.3468021814576103,0.29077838373822507,0.2937530986613783,0.34234010907288054,0.38696083292017847,0.3639067922657412,0.35473475458601883,0.4067922657411998,0.2952404561229549,0.27169062964799207,0.3262270699058007,0.41968269707486366,0.28953891918691127,0.45017352503718394,0.25334655428854735
LIBACT_UNCERTAINTY_LC,0.2922657411998017,0.3292017848289539,0.2892910262766485,0.27268220128904314,0.3896876549330689,0.3557263262270699,0.31383242439266235,0.28358948934060485,0.8554784333168072,1.0,0.8329201784828953,0.2640059494298463,0.24913237481408032,0.3653941497273178,0.2892910262766485,0.3326722855726326,0.2922657411998017,0.35820525532969755,0.3259791769955379,0.2949925632126921,0.34655428854734754,0.2967278135845315,0.3477937530986614,0.29053049082796234,0.29424888448190384,0.3401090728805156,0.37159147248388696,0.38274665344571146,0.35299950421417947,0.4067922657411998,0.2974714923153198,0.2729300941993059,0.32399603371343577,0.44199305899851266,0.2915220624690134,0.428854734754586,0.25334655428854735
LIBACT_UNCERTAINTY_SM,0.2915220624690134,0.3215171046108081,0.2987109568666336,0.26822012890431335,0.3624194348041646,0.3750619732275657,0.31234506693108577,0.27987109568666335,0.8309370352007932,0.8329201784828953,1.0,0.2704511650966782,0.2595438770451165,0.3621715418939018,0.2987109568666336,0.33118492811105604,0.2915220624690134,0.3594447198810114,0.32721864154685176,0.29796727813584534,0.3408527516113039,0.2974714923153198,0.3482895389191869,0.29300941993059,0.29821517104610806,0.3358948934060486,0.35473475458601883,0.3552305404065444,0.3787803668815072,0.4335647000495786,0.29400099157164106,0.2734258800198314,0.3220128904313337,0.4102627664848785,0.29474467030242935,0.4147248388696083,0.24913237481408032
OPTIMAL_GREEDY_10,0.2555775904809122,0.2773921665840357,0.2771442736737729,0.278135845314824,0.27863163113534956,0.285572632622707,0.29400099157164106,0.24442240951908775,0.2659890927119484,0.2640059494298463,0.2704511650966782,1.0,0.3505205751115518,0.3185423896876549,0.2771442736737729,0.29300941993059,0.2555775904809122,0.30937035200793256,0.3135845314823996,0.30639563708477935,0.29424888448190384,0.2788795240456123,0.2994546355974219,0.27962320277640057,0.2989588497768964,0.28681209717402084,0.2654933068914229,0.2672285572632623,0.26797223599405057,0.2595438770451165,0.26103123450669313,0.2994546355974219,0.28433316807139314,0.25632126921170056,0.297223599405057,0.26078334159643035,0.2669806643529995
OPTIMAL_GREEDY_20,0.24913237481408032,0.2588001983143282,0.2699553792761527,0.26003966286564206,0.2704511650966782,0.266484878532474,0.2778879524045612,0.2248388696083292,0.2555775904809122,0.24913237481408032,0.2595438770451165,0.3505205751115518,1.0,0.30490827962320277,0.2699553792761527,0.29400099157164106,0.24913237481408032,0.30193356470004956,0.29697570649479427,0.28582052553296977,0.2863163113534953,0.27540902330193356,0.29102627664848785,0.26152702032721864,0.28705999008428357,0.27119484382746656,0.2553296975706495,0.25756073376301436,0.26053544868616757,0.251611303916708,0.2530986613782846,0.278135845314824,0.26896380763510164,0.255825483391175,0.28805156172533464,0.25384234010907286,0.24962816063460586
PLAYGROUND_BANDIT,0.3336638572136837,0.37159147248388696,0.349281110560238,0.32399603371343577,0.4134853743182945,0.41745166088249874,0.3765493306891423,0.3202776400594943,0.3616757560733763,0.3653941497273178,0.3621715418939018,0.3185423896876549,0.30490827962320277,1.0,0.349281110560238,0.47174020823004464,0.3336638572136837,0.6717897868120972,0.5114030738720873,0.3554784333168071,0.433068914229053,0.33911750123946455,0.3854734754586019,0.3366385721368369,0.3455627169062965,0.3899355478433317,0.3822508676251859,0.3810114030738721,0.37258304412493803,0.3963807635101636,0.3485374318294497,0.33143282102131877,0.3629152206246901,0.3934060485870104,0.34357957362419433,0.40208230044620724,0.30639563708477935
PLAYGROUND_GRAPH_DENSITY,0.300446207238473,0.32449181953396133,1.0,0.28805156172533464,0.30540406544372833,0.3073872087258304,0.349281110560238,0.2860684184432325,0.2952404561229549,0.2892910262766485,0.2987109568666336,0.2771442736737729,0.2699553792761527,0.349281110560238,1.0,0.3173029251363411,0.300446207238473,0.3453148239960337,0.3217649975210709,0.31680713931581556,0.3329201784828954,0.3083787803668815,0.36068418443232525,0.31308874566187406,0.3076351016360932,0.3232523549826475,0.30540406544372833,0.2989588497768964,0.30143777887952405,0.2997025285076847,0.3135845314823996,0.3024293505205751,0.3373822508676252,0.29548834903321763,0.30961824491819534,0.2997025285076847,0.2721864154685176
PLAYGROUND_INFORMATIVE_DIVERSE,0.30565195835399106,0.3284581060981656,0.3173029251363411,0.2927615270203272,0.3433316807139316,0.33763014377788797,0.32821021318790283,0.28383738225086763,0.33192860684184433,0.3326722855726326,0.33118492811105604,0.29300941993059,0.29400099157164106,0.47174020823004464,0.3173029251363411,1.0,0.30565195835399106,0.4657907783837382,0.42711948438274666,0.315319781854239,0.37952404561229547,0.3185423896876549,0.3512642538423401,0.30813088745661876,0.3185423896876549,0.3403569657907784,0.334407535944472,0.33564700049578583,0.3341596430342092,0.32374814080317305,0.3165592464055528,0.30639563708477935,0.31978185423896877,0.33242439266236984,0.3076351016360932,0.334407535944472,0.278135845314824
PLAYGROUND_KCENTER_GREEDY,1.0,0.34630639563708476,0.300446207238473,0.27615270203272185,0.3165592464055528,0.31011403073872085,0.30589985126425384,0.3108577094695092,0.2937530986613783,0.2922657411998017,0.2915220624690134,0.2555775904809122,0.24913237481408032,0.3336638572136837,0.300446207238473,0.30565195835399106,1.0,0.334407535944472,0.30589985126425384,0.2920178482895389,0.3259791769955379,0.29053049082796234,0.31755081804660384,0.27540902330193356,0.2974714923153198,0.3331680713931582,0.30143777887952405,0.2974714923153198,0.2927615270203272,0.30168567178978684,0.30069410014873577,0.26450173525037185,0.3453148239960337,0.3113534952900347,0.2811105602379772,0.31308874566187406,0.2583044124938027
PLAYGROUND_MARGIN,0.334407535944472,0.36043629152206247,0.3453148239960337,0.3143282102131879,0.4377788795240456,0.47223599405057015,0.3748140803173029,0.322756569162122,0.3564700049578582,0.35820525532969755,0.3594447198810114,0.30937035200793256,0.30193356470004956,0.6717897868120972,0.3453148239960337,0.4657907783837382,0.334407535944472,1.0,0.5845314823996034,0.34134853743182947,0.421417947446703,0.3296975706494794,0.3780366881507189,0.334407535944472,0.3366385721368369,0.38001983143282103,0.36861675756073375,0.37258304412493803,0.3653941497273178,0.4578582052553297,0.3517600396628656,0.3321764997521071,0.35746157659890926,0.4263758056519584,0.33118492811105604,0.42563212692117003,0.29697570649479427
PLAYGROUND_MIXTURE,0.30589985126425384,0.32771442736737727,0.3217649975210709,0.3034209221616262,0.3705999008428359,0.38720872583044125,0.33490332176499754,0.29400099157164106,0.3252354982647496,0.3259791769955379,0.32721864154685176,0.3135845314823996,0.29697570649479427,0.5114030738720873,0.3217649975210709,0.42711948438274666,0.30589985126425384,0.5845314823996034,1.0,0.3408527516113039,0.36514625681705504,0.31755081804660384,0.34952900347050075,0.30912245909766983,0.32746653445711454,0.34977689638076354,0.33515121467526027,0.33118492811105604,0.3306891422905305,0.36564204263758054,0.3145761031234507,0.31333663857213684,0.3232523549826475,0.35473475458601883,0.3185423896876549,0.3564700049578582,0.28656420426375806
PLAYGROUND_UNIFORM,0.2920178482895389,0.31036192364898363,0.31680713931581556,0.29548834903321763,0.3257312840852752,0.32077342588001984,0.32424392662369855,0.27962320277640057,0.2957362419434804,0.2949925632126921,0.29796727813584534,0.30639563708477935,0.28582052553296977,0.3554784333168071,0.31680713931581556,0.315319781854239,0.2920178482895389,0.34134853743182947,0.3408527516113039,1.0,0.3254833911750124,0.30565195835399106,0.32350024789291026,0.30441249380267726,0.319533961328706,0.31606346058502727,0.29771938522558256,0.30193356470004956,0.29846306395637084,0.30193356470004956,0.3098661378284581,0.30292513634110063,0.3143282102131879,0.30565195835399106,0.31259295984134855,0.30813088745661876,0.2788795240456123
SKACTIVEML_COST_EMBEDDING,0.3259791769955379,0.3490332176499752,0.3329201784828954,0.3009419930589985,0.37307882994546354,0.3666336142786316,0.3596926127912742,0.3071393158155677,0.34630639563708476,0.34655428854734754,0.3408527516113039,0.29424888448190384,0.2863163113534953,0.433068914229053,0.3329201784828954,0.37952404561229547,0.3259791769955379,0.421417947446703,0.36514625681705504,0.3254833911750124,1.0,0.32721864154685176,0.35770946950917204,0.3257312840852752,0.3262270699058007,0.3824987605354487,0.35299950421417947,0.3517600396628656,0.34581060981655926,0.34705007436787305,0.32721864154685176,0.3034209221616262,0.3403569657907784,0.3554784333168071,0.32300446207238476,0.3621715418939018,0.2840852751611304
SKACTIVEML_DAL,0.29053049082796234,0.3165592464055528,0.3083787803668815,0.29127416955875063,0.32126921170054534,0.3190381755081805,0.30887456618740705,0.27962320277640057,0.2957362419434804,0.2967278135845315,0.2974714923153198,0.2788795240456123,0.27540902330193356,0.33911750123946455,0.3083787803668815,0.3185423896876549,0.29053049082796234,0.3296975706494794,0.31755081804660384,0.30565195835399106,0.32721864154685176,1.0,0.3366385721368369,0.29176995537927614,0.322756569162122,0.3187902825979177,0.3116013882002975,0.312097174020823,0.3083787803668815,0.3026772434308379,0.297223599405057,0.29548834903321763,0.3108577094695092,0.3073872087258304,0.3036688150718889,0.3135845314823996,0.273921665840357
SKACTIVEML_DWUS,0.31755081804660384,0.3639067922657412,0.36068418443232525,0.3140803173029251,0.36787307882994547,0.3591968269707486,0.3621715418939018,0.32721864154685176,0.3468021814576103,0.3477937530986614,0.3482895389191869,0.2994546355974219,0.29102627664848785,0.3854734754586019,0.36068418443232525,0.3512642538423401,0.31755081804660384,0.3780366881507189,0.34952900347050075,0.32350024789291026,0.35770946950917204,0.3366385721368369,1.0,0.32424392662369855,0.3296975706494794,0.3691125433812593,0.35994050570153696,0.3554784333168071,0.3527516113039167,0.3448190381755082,0.3371343579573624,0.31556767476450176,0.3639067922657412,0.34655428854734754,0.32721864154685176,0.34729796727813583,0.29548834903321763
SKACTIVEML_QBC,0.27540902330193356,0.29548834903321763,0.31308874566187406,0.28755577590480913,0.30515617253346555,0.30168567178978684,0.3284581060981656,0.2741695587506197,0.29077838373822507,0.29053049082796234,0.29300941993059,0.27962320277640057,0.26152702032721864,0.3366385721368369,0.31308874566187406,0.30813088745661876,0.27540902330193356,0.334407535944472,0.30912245909766983,0.30441249380267726,0.3257312840852752,0.29176995537927614,0.32424392662369855,1.0,0.3145761031234507,0.31234506693108577,0.29771938522558256,0.30466038671294,0.3001983143282102,0.2959841348537432,0.31284085275161133,0.29077838373822507,0.30168567178978684,0.29821517104610806,0.2937530986613783,0.2952404561229549,0.27119484382746656
SKACTIVEML_QBC_VOTE_ENTROPY,0.2974714923153198,0.31631135349529005,0.3076351016360932,0.3034209221616262,0.30466038671294,0.3031730292513634,0.32424392662369855,0.27863163113534956,0.2937530986613783,0.29424888448190384,0.29821517104610806,0.2989588497768964,0.28705999008428357,0.3455627169062965,0.3076351016360932,0.3185423896876549,0.2974714923153198,0.3366385721368369,0.32746653445711454,0.319533961328706,0.3262270699058007,0.322756569162122,0.3296975706494794,0.3145761031234507,1.0,0.32870599900842834,0.31333663857213684,0.3108577094695092,0.31011403073872085,0.29548834903321763,0.3177987109568666,0.30292513634110063,0.32002974714923155,0.29424888448190384,0.31333663857213684,0.29796727813584534,0.28656420426375806
SKACTIVEML_QUIRE,0.3331680713931582,0.37605354486861675,0.3232523549826475,0.3068914229053049,0.3646504709965295,0.35994050570153696,0.3480416460089241,0.3415964303420922,0.34234010907288054,0.3401090728805156,0.3358948934060486,0.28681209717402084,0.27119484382746656,0.3899355478433317,0.3232523549826475,0.3403569657907784,0.3331680713931582,0.38001983143282103,0.34977689638076354,0.31606346058502727,0.3824987605354487,0.3187902825979177,0.3691125433812593,0.31234506693108577,0.32870599900842834,1.0,0.34977689638076354,0.35473475458601883,0.3453148239960337,0.3406048587010411,0.3331680713931582,0.2925136341100645,0.35622211204759546,0.35324739712444225,0.3145761031234507,0.3557263262270699,0.28755577590480913
SKACTIVEML_US_ENTROPY,0.30143777887952405,0.34209221616261776,0.30540406544372833,0.28681209717402084,0.3886960832920178,0.3698562221120476,0.3331680713931582,0.3024293505205751,0.38696083292017847,0.37159147248388696,0.35473475458601883,0.2654933068914229,0.2553296975706495,0.3822508676251859,0.30540406544372833,0.334407535944472,0.30143777887952405,0.36861675756073375,0.33515121467526027,0.29771938522558256,0.35299950421417947,0.3116013882002975,0.35994050570153696,0.29771938522558256,0.31333663857213684,0.34977689638076354,1.0,0.8517600396628656,0.8200297471492315,0.35299950421417947,0.3180466038671294,0.2885473475458602,0.3378780366881507,0.3750619732275657,0.30193356470004956,0.3971244422409519,0.26871591472483886
SKACTIVEML_US_LC,0.2974714923153198,0.34258800198314326,0.2989588497768964,0.28656420426375806,0.4030738720872583,0.36365889935547846,0.33093703520079326,0.29920674268715913,0.3639067922657412,0.38274665344571146,0.3552305404065444,0.2672285572632623,0.25756073376301436,0.3810114030738721,0.2989588497768964,0.33564700049578583,0.2974714923153198,0.37258304412493803,0.33118492811105604,0.30193356470004956,0.3517600396628656,0.312097174020823,0.3554784333168071,0.30466038671294,0.3108577094695092,0.35473475458601883,0.8517600396628656,1.0,0.8259791769955379,0.3490332176499752,0.3143282102131879,0.28953891918691127,0.33539910758552305,0.38745661874070403,0.3034209221616262,0.3743182944967774,0.26797223599405057
SKACTIVEML_US_MARGIN,0.2927615270203272,0.3334159643034209,0.30143777887952405,0.28582052553296977,0.36812097174020825,0.3852255825483391,0.32077342588001984,0.2892910262766485,0.35473475458601883,0.35299950421417947,0.3787803668815072,0.26797223599405057,0.26053544868616757,0.37258304412493803,0.30143777887952405,0.3341596430342092,0.2927615270203272,0.3653941497273178,0.3306891422905305,0.29846306395637084,0.34581060981655926,0.3083787803668815,0.3527516113039167,0.3001983143282102,0.31011403073872085,0.3453148239960337,0.8200297471492315,0.8259791769955379,1.0,0.3733267228557263,0.312097174020823,0.2848289538919187,0.33143282102131877,0.3517600396628656,0.300446207238473,0.3552305404065444,0.26797223599405057
SMALLTEXT_BREAKINGTIES,0.30168567178978684,0.33093703520079326,0.2997025285076847,0.27268220128904314,0.4209221616261775,0.496777392166584,0.32424392662369855,0.2863163113534953,0.4067922657411998,0.4067922657411998,0.4335647000495786,0.2595438770451165,0.251611303916708,0.3963807635101636,0.2997025285076847,0.32374814080317305,0.30168567178978684,0.4578582052553297,0.36564204263758054,0.30193356470004956,0.34705007436787305,0.3026772434308379,0.3448190381755082,0.2959841348537432,0.29548834903321763,0.3406048587010411,0.35299950421417947,0.3490332176499752,0.3733267228557263,1.0,0.29771938522558256,0.2746653445711453,0.3210213187902826,0.8177987109568666,0.29400099157164106,0.8138324243926623,0.2528507684680218
SMALLTEXT_CONTRASTIVEAL,0.30069410014873577,0.33886960832920177,0.3135845314823996,0.2776400594942985,0.32399603371343577,0.3173029251363411,0.35473475458601883,0.31308874566187406,0.2952404561229549,0.2974714923153198,0.29400099157164106,0.26103123450669313,0.2530986613782846,0.3485374318294497,0.3135845314823996,0.3165592464055528,0.30069410014873577,0.3517600396628656,0.3145761031234507,0.3098661378284581,0.32721864154685176,0.297223599405057,0.3371343579573624,0.31284085275161133,0.3177987109568666,0.3331680713931582,0.3180466038671294,0.3143282102131879,0.312097174020823,0.29771938522558256,1.0,0.29077838373822507,0.33490332176499754,0.3076351016360932,0.2927615270203272,0.3111056023797719,0.26127912741695586
SMALLTEXT_EMBEDDINGKMEANS,0.26450173525037185,0.2994546355974219,0.3024293505205751,0.2892910262766485,0.29300941993059,0.29325731284085277,0.3140803173029251,0.26846802181457613,0.27169062964799207,0.2729300941993059,0.2734258800198314,0.2994546355974219,0.278135845314824,0.33143282102131877,0.3024293505205751,0.30639563708477935,0.26450173525037185,0.3321764997521071,0.31333663857213684,0.30292513634110063,0.3034209221616262,0.29548834903321763,0.31556767476450176,0.29077838373822507,0.30292513634110063,0.2925136341100645,0.2885473475458602,0.28953891918691127,0.2848289538919187,0.2746653445711453,0.29077838373822507,1.0,0.29077838373822507,0.2783837382250868,0.3034209221616262,0.27987109568666335,0.2734258800198314
SMALLTEXT_GREEDYCORESET,0.3453148239960337,0.35820525532969755,0.3373822508676252,0.28805156172533464,0.33490332176499754,0.3299454635597422,0.3515121467526029,0.31308874566187406,0.3262270699058007,0.32399603371343577,0.3220128904313337,0.28433316807139314,0.26896380763510164,0.3629152206246901,0.3373822508676252,0.31978185423896877,0.3453148239960337,0.35746157659890926,0.3232523549826475,0.3143282102131879,0.3403569657907784,0.3108577094695092,0.3639067922657412,0.30168567178978684,0.32002974714923155,0.35622211204759546,0.3378780366881507,0.33539910758552305,0.33143282102131877,0.3210213187902826,0.33490332176499754,0.29077838373822507,1.0,0.32746653445711454,0.3116013882002975,0.3289538919186911,0.27119484382746656
SMALLTEXT_LEASTCONFIDENCE,0.3113534952900347,0.3408527516113039,0.29548834903321763,0.27590480912245907,0.5136341100644521,0.41621219633118495,0.3284581060981656,0.29697570649479427,0.41968269707486366,0.44199305899851266,0.4102627664848785,0.25632126921170056,0.255825483391175,0.3934060485870104,0.29548834903321763,0.33242439266236984,0.3113534952900347,0.4263758056519584,0.35473475458601883,0.30565195835399106,0.3554784333168071,0.3073872087258304,0.34655428854734754,0.29821517104610806,0.29424888448190384,0.35324739712444225,0.3750619732275657,0.38745661874070403,0.3517600396628656,0.8177987109568666,0.3076351016360932,0.2783837382250868,0.32746653445711454,1.0,0.2964799206742687,0.8465542885473476,0.255825483391175
SMALLTEXT_LIGHTWEIGHTCORESET,0.2811105602379772,0.3026772434308379,0.30961824491819534,0.29796727813584534,0.3061477441745166,0.30887456618740705,0.3180466038671294,0.27540902330193356,0.28953891918691127,0.2915220624690134,0.29474467030242935,0.297223599405057,0.28805156172533464,0.34357957362419433,0.30961824491819534,0.3076351016360932,0.2811105602379772,0.33118492811105604,0.3185423896876549,0.31259295984134855,0.32300446207238476,0.3036688150718889,0.32721864154685176,0.2937530986613783,0.31333663857213684,0.3145761031234507,0.30193356470004956,0.3034209221616262,0.300446207238473,0.29400099157164106,0.2927615270203272,0.3034209221616262,0.3116013882002975,0.2964799206742687,1.0,0.30193356470004956,0.2818542389687655
SMALLTEXT_PREDICTIONENTROPY,0.31308874566187406,0.3448190381755082,0.2997025285076847,0.2788795240456123,0.44719881011403073,0.4152206246901339,0.33192860684184433,0.29796727813584534,0.45017352503718394,0.428854734754586,0.4147248388696083,0.26078334159643035,0.25384234010907286,0.40208230044620724,0.2997025285076847,0.334407535944472,0.31308874566187406,0.42563212692117003,0.3564700049578582,0.30813088745661876,0.3621715418939018,0.3135845314823996,0.34729796727813583,0.2952404561229549,0.29796727813584534,0.3557263262270699,0.3971244422409519,0.3743182944967774,0.3552305404065444,0.8138324243926623,0.3111056023797719,0.27987109568666335,0.3289538919186911,0.8465542885473476,0.30193356470004956,1.0,0.2588001983143282
SMALLTEXT_RANDOM,0.2583044124938027,0.2741695587506197,0.2721864154685176,0.9752107089737233,0.2729300941993059,0.2746653445711453,0.2821021318790283,0.2553296975706495,0.25334655428854735,0.25334655428854735,0.24913237481408032,0.2669806643529995,0.24962816063460586,0.30639563708477935,0.2721864154685176,0.278135845314824,0.2583044124938027,0.29697570649479427,0.28656420426375806,0.2788795240456123,0.2840852751611304,0.273921665840357,0.29548834903321763,0.27119484382746656,0.28656420426375806,0.28755577590480913,0.26871591472483886,0.26797223599405057,0.26797223599405057,0.2528507684680218,0.26127912741695586,0.2734258800198314,0.27119484382746656,0.255825483391175,0.2818542389687655,0.2588001983143282,1.0
