,ALIPY_CORESET_GREEDY,ALIPY_DENSITY_WEIGHTED,ALIPY_GRAPH_DENSITY,ALIPY_RANDOM,ALIPY_UNCERTAINTY_LC,ALIPY_UNCERTAINTY_MM,LIBACT_DWUS,LIBACT_QUIRE,LIBACT_UNCERTAINTY_ENT,LIBACT_UNCERTAINTY_LC,LIBACT_UNCERTAINTY_SM,OPTIMAL_GREEDY_10,OPTIMAL_GREEDY_20,PLAYGROUND_BANDIT,PLAYGROUND_GRAPH_DENSITY,PLAYGROUND_INFORMATIVE_DIVERSE,PLAYGROUND_KCENTER_GREEDY,PLAYGROUND_MARGIN,PLAYGROUND_MIXTURE,PLAYGROUND_UNIFORM,SKACTIVEML_COST_EMBEDDING,SKACTIVEML_DAL,SKACTIVEML_DWUS,SKACTIVEML_QBC,SKACTIVEML_QBC_VOTE_ENTROPY,SKACTIVEML_QUIRE,SKACTIVEML_US_ENTROPY,SKACTIVEML_US_LC,SKACTIVEML_US_MARGIN,SMALLTEXT_BREAKINGTIES,SMALLTEXT_CONTRASTIVEAL,SMALLTEXT_EMBEDDINGKMEANS,SMALLTEXT_GREEDYCORESET,SMALLTEXT_LEASTCONFIDENCE,SMALLTEXT_LIGHTWEIGHTCORESET,SMALLTEXT_PREDICTIONENTROPY,SMALLTEXT_RANDOM
ALIPY_CORESET_GREEDY,1.0,0.0991571641051066,0.04908279623202776,0.0458601883986118,0.06693108577094695,0.059742191373326724,0.0857709469509172,0.0969261279127417,0.05999008428358949,0.05528011898859692,0.05627169062964799,0.10089241447694595,0.0961824491819534,0.0850272682201289,0.04908279623202776,0.0813088745661874,0.9982647496281606,0.07089737233515121,0.07907783837382251,0.10708973723351513,0.08924144769459594,0.1036192364898364,0.09866137828458106,0.08924144769459594,0.0969261279127417,0.09766980664352999,0.060981655924640554,0.058254833911750126,0.05800694100148736,0.05428854734754586,0.09196826970748637,0.1065939514129896,0.12840852751611304,0.05999008428358949,0.10386712940009915,0.06717897868120971,0.04189390183440753
ALIPY_DENSITY_WEIGHTED,0.0991571641051066,1.0,0.09643034209221617,0.07858205255329698,0.1574119980168567,0.14774417451660882,0.14328210213187903,0.14253842340109074,0.13237481408031732,0.13237481408031732,0.131631135349529,0.14526524541398117,0.14898363906792267,0.15939514129895885,0.09643034209221617,0.17302925136341102,0.09890927119484383,0.15518096182449181,0.15319781854238967,0.13807635101636093,0.16311353495290035,0.15146256817055032,0.16311353495290035,0.13857213683688646,0.14923153197818542,0.17055032226078334,0.13708477937530986,0.139067922657412,0.13559742191373328,0.13931581556767478,0.15468517600396628,0.14328210213187903,0.15096678235002478,0.1442736737729301,0.14749628160634606,0.14774417451660882,0.07535944471988101
ALIPY_GRAPH_DENSITY,0.04908279623202776,0.09643034209221617,1.0,0.05156172533465543,0.054784333168071395,0.051065939514129896,0.11799702528507684,0.09122459097669806,0.054784333168071395,0.054784333168071395,0.05453644025780863,0.10585027268220129,0.10808130887456618,0.08329201784828955,1.0,0.07511155180961825,0.04858701041150223,0.06494794248884482,0.0835399107585523,0.11006445215666832,0.0954387704511651,0.10510659395141299,0.11179970252850768,0.1028755577590481,0.11279127416955875,0.09568666336142786,0.04784333168071393,0.0532969757064948,0.049826474962816066,0.0466038671294001,0.0946950917203768,0.10708973723351513,0.10634605850272683,0.04858701041150223,0.10981655924640556,0.05205751115518096,0.04685176003966286
ALIPY_RANDOM,0.0458601883986118,0.07858205255329698,0.05156172533465543,1.0,0.05057015369360436,0.05081804660386713,0.08849776896380764,0.0813088745661874,0.05453644025780863,0.0518096182449182,0.05528011898859692,0.09965294992563213,0.09742191373326722,0.07387208725830441,0.05156172533465543,0.0768468021814576,0.04610808130887457,0.05627169062964799,0.06593951412989589,0.09890927119484383,0.09072880515617253,0.09444719881011403,0.0924640555280119,0.10039662865642042,0.10461080813088745,0.0842835894893406,0.04561229548834903,0.04933068914229053,0.04933068914229053,0.04313336638572137,0.08205255329697571,0.10089241447694595,0.09370352007932573,0.043877045116509666,0.10213187902825979,0.05304908279623203,0.9945463559742191
ALIPY_UNCERTAINTY_LC,0.06693108577094695,0.1574119980168567,0.054784333168071395,0.05057015369360436,1.0,0.7362419434804165,0.10535448686167576,0.0999008428358949,0.10411502231036192,0.11849281110560238,0.09890927119484383,0.11477441745166088,0.11601388200297472,0.14030738720872582,0.054784333168071395,0.14452156668319285,0.06693108577094695,0.18963807635101637,0.1427863163113535,0.11774913237481408,0.1353495290034705,0.124194348041646,0.12816063460585028,0.10188398611799702,0.11700545364402579,0.1346058502726822,0.11378284581060982,0.12047595438770452,0.10758552305404065,0.15790778383738224,0.11303916707982152,0.11328705999008429,0.12196331184928111,0.24442240951908775,0.11130391670798215,0.16955875061973227,0.04685176003966286
ALIPY_UNCERTAINTY_MM,0.059742191373326724,0.14774417451660882,0.051065939514129896,0.05081804660386713,0.7362419434804165,1.0,0.11006445215666832,0.0984134853743183,0.09643034209221617,0.09345562716906297,0.11427863163113534,0.11700545364402579,0.11626177491323748,0.13931581556767478,0.051065939514129896,0.13807635101636093,0.06023797719385226,0.2196331184928111,0.15716410510659395,0.11998016856717898,0.1383242439266237,0.12245909766980664,0.1279127416955875,0.09890927119484383,0.10758552305404065,0.13138324243926625,0.0946950917203768,0.10312345066931086,0.11328705999008429,0.23723351512146754,0.11006445215666832,0.11303916707982152,0.11427863163113534,0.15592464055528013,0.1065939514129896,0.14402578086266732,0.04685176003966286
LIBACT_DWUS,0.0857709469509172,0.14328210213187903,0.11799702528507684,0.08849776896380764,0.10535448686167576,0.11006445215666832,1.0,0.14625681705503224,0.10188398611799702,0.10114030738720872,0.10039662865642042,0.16212196331184928,0.16187407040158652,0.12469013386217154,0.11799702528507684,0.12394645513138325,0.08601883986117997,0.12097174020823004,0.11948438274665345,0.15468517600396628,0.14848785324739713,0.16608824987605356,0.17625185919682698,0.16534457114526524,0.15691621219633117,0.1405552801189886,0.10684184432325236,0.10560237977193852,0.10634605850272683,0.10312345066931086,0.16311353495290035,0.17873078829945463,0.16212196331184928,0.09816559246405553,0.15121467526028756,0.10312345066931086,0.08676251859196826
LIBACT_QUIRE,0.0969261279127417,0.14253842340109074,0.09122459097669806,0.0813088745661874,0.0999008428358949,0.0984134853743183,0.14625681705503224,1.0,0.0887456618740704,0.07982151710461081,0.08329201784828955,0.14551313832424392,0.13658899355478432,0.11006445215666832,0.09122459097669806,0.10783341596430342,0.09742191373326722,0.11179970252850768,0.10956866633614279,0.14452156668319285,0.12320277640059495,0.14452156668319285,0.13931581556767478,0.15121467526028756,0.15146256817055032,0.14848785324739713,0.09395141298958849,0.09345562716906297,0.0917203767972236,0.0887456618740704,0.1420426375805652,0.15319781854238967,0.14526524541398117,0.08849776896380764,0.1308874566187407,0.09890927119484383,0.07982151710461081
LIBACT_UNCERTAINTY_ENT,0.05999008428358949,0.13237481408031732,0.054784333168071395,0.05453644025780863,0.10411502231036192,0.09643034209221617,0.10188398611799702,0.0887456618740704,1.0,0.7558254833911751,0.7431829449677739,0.11750123946455131,0.10907288051561725,0.12741695587506197,0.054784333168071395,0.1383242439266237,0.06023797719385226,0.10956866633614279,0.10783341596430342,0.11725334655428855,0.13411006445215667,0.12245909766980664,0.1264253842340109,0.10213187902825979,0.1212196331184928,0.12022806147744175,0.11105602379771938,0.09890927119484383,0.08701041150223103,0.08775409023301933,0.10411502231036192,0.1065939514129896,0.12146752602875557,0.09791769955379276,0.11601388200297472,0.11948438274665345,0.05057015369360436
LIBACT_UNCERTAINTY_LC,0.05528011898859692,0.13237481408031732,0.054784333168071395,0.0518096182449182,0.11849281110560238,0.09345562716906297,0.10114030738720872,0.07982151710461081,0.7558254833911751,1.0,0.7464055528011899,0.11452652454139811,0.11601388200297472,0.13039167079821518,0.054784333168071395,0.13584531482399603,0.05577590480912246,0.11080813088745661,0.10609816559246406,0.10882498760535449,0.13807635101636093,0.124194348041646,0.12816063460585028,0.09667823500247893,0.11700545364402579,0.11303916707982152,0.1028755577590481,0.11527020327218641,0.09370352007932573,0.08626673277144274,0.10014873574615767,0.10857709469509172,0.11452652454139811,0.10932077342588002,0.11650966782350025,0.11353495290034706,0.0480912245909767
LIBACT_UNCERTAINTY_SM,0.05627169062964799,0.131631135349529,0.05453644025780863,0.05528011898859692,0.09890927119484383,0.11427863163113534,0.10039662865642042,0.08329201784828955,0.7431829449677739,0.7464055528011899,1.0,0.12543381259295985,0.11056023797719385,0.1294000991571641,0.05453644025780863,0.1375805651958354,0.05676747645017353,0.11626177491323748,0.10808130887456618,0.11601388200297472,0.13485374318294496,0.124194348041646,0.13187902825979178,0.10337134357957363,0.12022806147744175,0.11874070401586515,0.09791769955379276,0.09667823500247893,0.12171541893901834,0.10312345066931086,0.10089241447694595,0.11650966782350025,0.11551809618244918,0.09419930589985126,0.11998016856717898,0.09295984134853744,0.051313832424392664
OPTIMAL_GREEDY_10,0.10089241447694595,0.14526524541398117,0.10585027268220129,0.09965294992563213,0.11477441745166088,0.11700545364402579,0.16212196331184928,0.14551313832424392,0.11750123946455131,0.11452652454139811,0.12543381259295985,1.0,0.19335647000495787,0.14005949429846307,0.10585027268220129,0.13559742191373328,0.10089241447694595,0.12345066931085771,0.13138324243926625,0.17278135845314824,0.15790778383738224,0.17773921665840356,0.1670798215171046,0.16559246405552802,0.16980664352999505,0.15418939018344074,0.11303916707982152,0.11378284581060982,0.11204759543877045,0.11056023797719385,0.14823996033713435,0.161378284581061,0.16608824987605356,0.10560237977193852,0.1670798215171046,0.11576598909271195,0.09519087754090233
OPTIMAL_GREEDY_20,0.0961824491819534,0.14898363906792267,0.10808130887456618,0.09742191373326722,0.11601388200297472,0.11626177491323748,0.16187407040158652,0.13658899355478432,0.10907288051561725,0.11601388200297472,0.11056023797719385,0.19335647000495787,1.0,0.12766484878532475,0.10808130887456618,0.13857213683688646,0.0961824491819534,0.12345066931085771,0.12221120475954388,0.17129400099157163,0.15270203272186417,0.16931085770946952,0.1707982151710461,0.17129400099157163,0.1685671789786812,0.14700049578582053,0.11427863163113534,0.12345066931085771,0.11502231036192365,0.09667823500247893,0.1457610312345067,0.1722855726326227,0.17302925136341102,0.09965294992563213,0.16038671294000992,0.10312345066931086,0.09345562716906297
PLAYGROUND_BANDIT,0.0850272682201289,0.15939514129895885,0.08329201784828955,0.07387208725830441,0.14030738720872582,0.13931581556767478,0.12469013386217154,0.11006445215666832,0.12741695587506197,0.13039167079821518,0.1294000991571641,0.14005949429846307,0.12766484878532475,1.0,0.08329201784828955,0.33143282102131877,0.08453148239960337,0.35820525532969755,0.307882994546356,0.12692117005453643,0.17922657411998016,0.14377788795240456,0.13634110064452157,0.11427863163113534,0.12270699058006941,0.14823996033713435,0.1264253842340109,0.12692117005453643,0.12890431333663857,0.12196331184928111,0.12543381259295985,0.12221120475954388,0.13807635101636093,0.12518591968269707,0.13138324243926625,0.13039167079821518,0.06916212196331185
PLAYGROUND_GRAPH_DENSITY,0.04908279623202776,0.09643034209221617,1.0,0.05156172533465543,0.054784333168071395,0.051065939514129896,0.11799702528507684,0.09122459097669806,0.054784333168071395,0.054784333168071395,0.05453644025780863,0.10585027268220129,0.10808130887456618,0.08329201784828955,1.0,0.07511155180961825,0.04858701041150223,0.06494794248884482,0.0835399107585523,0.11006445215666832,0.0954387704511651,0.10510659395141299,0.11179970252850768,0.1028755577590481,0.11279127416955875,0.09568666336142786,0.04784333168071393,0.0532969757064948,0.049826474962816066,0.0466038671294001,0.0946950917203768,0.10708973723351513,0.10634605850272683,0.04858701041150223,0.10981655924640556,0.05205751115518096,0.04685176003966286
PLAYGROUND_INFORMATIVE_DIVERSE,0.0813088745661874,0.17302925136341102,0.07511155180961825,0.0768468021814576,0.14452156668319285,0.13807635101636093,0.12394645513138325,0.10783341596430342,0.1383242439266237,0.13584531482399603,0.1375805651958354,0.13559742191373328,0.13857213683688646,0.33143282102131877,0.07511155180961825,1.0,0.0813088745661874,0.32374814080317305,0.30168567178978684,0.13138324243926625,0.16360932077342588,0.14377788795240456,0.14898363906792267,0.11948438274665345,0.13237481408031732,0.15666831928606842,0.13782845810609817,0.13708477937530986,0.14080317302925136,0.12394645513138325,0.12543381259295985,0.12171541893901834,0.13187902825979178,0.12692117005453643,0.12245909766980664,0.12989588497768964,0.07288051561725335
PLAYGROUND_KCENTER_GREEDY,0.9982647496281606,0.09890927119484383,0.04858701041150223,0.04610808130887457,0.06693108577094695,0.06023797719385226,0.08601883986117997,0.09742191373326722,0.06023797719385226,0.05577590480912246,0.05676747645017353,0.10089241447694595,0.0961824491819534,0.08453148239960337,0.04858701041150223,0.0813088745661874,1.0,0.07089737233515121,0.07932573128408528,0.10708973723351513,0.08973723351512147,0.10386712940009915,0.0991571641051066,0.0894893406048587,0.0969261279127417,0.09766980664352999,0.060981655924640554,0.058254833911750126,0.05775904809122459,0.05428854734754586,0.0924640555280119,0.10634605850272683,0.12816063460585028,0.06023797719385226,0.10386712940009915,0.06693108577094695,0.0421417947446703
PLAYGROUND_MARGIN,0.07089737233515121,0.15518096182449181,0.06494794248884482,0.05627169062964799,0.18963807635101637,0.2196331184928111,0.12097174020823004,0.11179970252850768,0.10956866633614279,0.11080813088745661,0.11626177491323748,0.12345066931085771,0.12345066931085771,0.35820525532969755,0.06494794248884482,0.32374814080317305,0.07089737233515121,1.0,0.45736241943480416,0.12865642042637582,0.1611303916707982,0.12692117005453643,0.1368368864650471,0.11155180961824492,0.1294000991571641,0.15518096182449181,0.12047595438770452,0.1212196331184928,0.12270699058006941,0.20104115022310362,0.1308874566187407,0.11353495290034706,0.13138324243926625,0.16162617749132374,0.11155180961824492,0.16162617749132374,0.05156172533465543
PLAYGROUND_MIXTURE,0.07907783837382251,0.15319781854238967,0.0835399107585523,0.06593951412989589,0.1427863163113535,0.15716410510659395,0.11948438274665345,0.10956866633614279,0.10783341596430342,0.10609816559246406,0.10808130887456618,0.13138324243926625,0.12221120475954388,0.307882994546356,0.0835399107585523,0.30168567178978684,0.07932573128408528,0.45736241943480416,1.0,0.12890431333663857,0.15146256817055032,0.12221120475954388,0.139067922657412,0.11626177491323748,0.11898859692612791,0.14724838869608328,0.11378284581060982,0.11750123946455131,0.11551809618244918,0.15047099652949925,0.1279127416955875,0.11229548834903322,0.13411006445215667,0.12989588497768964,0.11824491819533961,0.12766484878532475,0.061973227565691624
PLAYGROUND_UNIFORM,0.10708973723351513,0.13807635101636093,0.11006445215666832,0.09890927119484383,0.11774913237481408,0.11998016856717898,0.15468517600396628,0.14452156668319285,0.11725334655428855,0.10882498760535449,0.11601388200297472,0.17278135845314824,0.17129400099157163,0.12692117005453643,0.11006445215666832,0.13138324243926625,0.10708973723351513,0.12865642042637582,0.12890431333663857,1.0,0.15493306891422906,0.1665840356965791,0.16931085770946952,0.17129400099157163,0.17625185919682698,0.1536936043629152,0.10956866633614279,0.10783341596430342,0.1065939514129896,0.10932077342588002,0.1628656420426376,0.16757560733763013,0.1700545364402578,0.11056023797719385,0.16732771442736738,0.11080813088745661,0.09519087754090233
SKACTIVEML_COST_EMBEDDING,0.08924144769459594,0.16311353495290035,0.0954387704511651,0.09072880515617253,0.1353495290034705,0.1383242439266237,0.14848785324739713,0.12320277640059495,0.13411006445215667,0.13807635101636093,0.13485374318294496,0.15790778383738224,0.15270203272186417,0.17922657411998016,0.0954387704511651,0.16360932077342588,0.08973723351512147,0.1611303916707982,0.15146256817055032,0.15493306891422906,1.0,0.1670798215171046,0.1626177491323748,0.15047099652949925,0.14551313832424392,0.14972731779871096,0.1383242439266237,0.13708477937530986,0.13485374318294496,0.12592959841348536,0.1442736737729301,0.15468517600396628,0.1536936043629152,0.12816063460585028,0.14675260287555775,0.13039167079821518,0.08701041150223103
SKACTIVEML_DAL,0.1036192364898364,0.15146256817055032,0.10510659395141299,0.09444719881011403,0.124194348041646,0.12245909766980664,0.16608824987605356,0.14452156668319285,0.12245909766980664,0.124194348041646,0.124194348041646,0.17773921665840356,0.16931085770946952,0.14377788795240456,0.10510659395141299,0.14377788795240456,0.10386712940009915,0.12692117005453643,0.12221120475954388,0.1665840356965791,0.1670798215171046,1.0,0.17550818046603867,0.16038671294000992,0.17625185919682698,0.15617253346554288,0.12245909766980664,0.12865642042637582,0.12518591968269707,0.11006445215666832,0.1479920674268716,0.16732771442736738,0.15989092711948438,0.11229548834903322,0.16360932077342588,0.12221120475954388,0.09048091224590976
SKACTIVEML_DWUS,0.09866137828458106,0.16311353495290035,0.11179970252850768,0.0924640555280119,0.12816063460585028,0.1279127416955875,0.17625185919682698,0.13931581556767478,0.1264253842340109,0.12816063460585028,0.13187902825979178,0.1670798215171046,0.1707982151710461,0.13634110064452157,0.11179970252850768,0.14898363906792267,0.0991571641051066,0.1368368864650471,0.139067922657412,0.16931085770946952,0.1626177491323748,0.17550818046603867,1.0,0.15989092711948438,0.17253346554288548,0.16162617749132374,0.13485374318294496,0.13212692117005453,0.13113534952900346,0.1271690629647992,0.14700049578582053,0.16088249876053545,0.16460089241447695,0.12469013386217154,0.15691621219633117,0.12964799206742686,0.08924144769459594
SKACTIVEML_QBC,0.08924144769459594,0.13857213683688646,0.1028755577590481,0.10039662865642042,0.10188398611799702,0.09890927119484383,0.16534457114526524,0.15121467526028756,0.10213187902825979,0.09667823500247893,0.10337134357957363,0.16559246405552802,0.17129400099157163,0.11427863163113534,0.1028755577590481,0.11948438274665345,0.0894893406048587,0.11155180961824492,0.11626177491323748,0.17129400099157163,0.15047099652949925,0.16038671294000992,0.15989092711948438,1.0,0.17501239464551313,0.14600892414476946,0.10114030738720872,0.11155180961824492,0.10634605850272683,0.09395141298958849,0.14724838869608328,0.16955875061973227,0.161378284581061,0.09444719881011403,0.161378284581061,0.0961824491819534,0.09667823500247893
SKACTIVEML_QBC_VOTE_ENTROPY,0.0969261279127417,0.14923153197818542,0.11279127416955875,0.10461080813088745,0.11700545364402579,0.10758552305404065,0.15691621219633117,0.15146256817055032,0.1212196331184928,0.11700545364402579,0.12022806147744175,0.16980664352999505,0.1685671789786812,0.12270699058006941,0.11279127416955875,0.13237481408031732,0.0969261279127417,0.1294000991571641,0.11898859692612791,0.17625185919682698,0.14551313832424392,0.17625185919682698,0.17253346554288548,0.17501239464551313,1.0,0.15096678235002478,0.10882498760535449,0.11328705999008429,0.11056023797719385,0.10163609320773426,0.1499752107089737,0.1700545364402578,0.16187407040158652,0.10510659395141299,0.16311353495290035,0.11031234506693109,0.10014873574615767
SKACTIVEML_QUIRE,0.09766980664352999,0.17055032226078334,0.09568666336142786,0.0842835894893406,0.1346058502726822,0.13138324243926625,0.1405552801189886,0.14848785324739713,0.12022806147744175,0.11303916707982152,0.11874070401586515,0.15418939018344074,0.14700049578582053,0.14823996033713435,0.09568666336142786,0.15666831928606842,0.09766980664352999,0.15518096182449181,0.14724838869608328,0.1536936043629152,0.14972731779871096,0.15617253346554288,0.16162617749132374,0.14600892414476946,0.15096678235002478,1.0,0.12369856222112048,0.12196331184928111,0.11774913237481408,0.11898859692612791,0.15294992563212692,0.16088249876053545,0.1487357461576599,0.12146752602875557,0.14526524541398117,0.12171541893901834,0.0813088745661874
SKACTIVEML_US_ENTROPY,0.060981655924640554,0.13708477937530986,0.04784333168071393,0.04561229548834903,0.11378284581060982,0.0946950917203768,0.10684184432325236,0.09395141298958849,0.11105602379771938,0.1028755577590481,0.09791769955379276,0.11303916707982152,0.11427863163113534,0.1264253842340109,0.04784333168071393,0.13782845810609817,0.060981655924640554,0.12047595438770452,0.11378284581060982,0.10956866633614279,0.1383242439266237,0.12245909766980664,0.13485374318294496,0.10114030738720872,0.10882498760535449,0.12369856222112048,1.0,0.7602875557759048,0.7459097669806644,0.08254833911750124,0.10907288051561725,0.11279127416955875,0.11353495290034706,0.09816559246405553,0.11477441745166088,0.11998016856717898,0.04238968765493307
SKACTIVEML_US_LC,0.058254833911750126,0.139067922657412,0.0532969757064948,0.04933068914229053,0.12047595438770452,0.10312345066931086,0.10560237977193852,0.09345562716906297,0.09890927119484383,0.11527020327218641,0.09667823500247893,0.11378284581060982,0.12345066931085771,0.12692117005453643,0.0532969757064948,0.13708477937530986,0.058254833911750126,0.1212196331184928,0.11750123946455131,0.10783341596430342,0.13708477937530986,0.12865642042637582,0.13212692117005453,0.11155180961824492,0.11328705999008429,0.12196331184928111,0.7602875557759048,1.0,0.7451660882498761,0.08701041150223103,0.10882498760535449,0.11031234506693109,0.11328705999008429,0.10733763014377788,0.11650966782350025,0.0991571641051066,0.045364402578086264
SKACTIVEML_US_MARGIN,0.05800694100148736,0.13559742191373328,0.049826474962816066,0.04933068914229053,0.10758552305404065,0.11328705999008429,0.10634605850272683,0.0917203767972236,0.08701041150223103,0.09370352007932573,0.12171541893901834,0.11204759543877045,0.11502231036192365,0.12890431333663857,0.049826474962816066,0.14080317302925136,0.05775904809122459,0.12270699058006941,0.11551809618244918,0.1065939514129896,0.13485374318294496,0.12518591968269707,0.13113534952900346,0.10634605850272683,0.11056023797719385,0.11774913237481408,0.7459097669806644,0.7451660882498761,1.0,0.10138820029747149,0.11353495290034706,0.11056023797719385,0.11328705999008429,0.08998512642538424,0.11403073872087258,0.09395141298958849,0.04561229548834903
SMALLTEXT_BREAKINGTIES,0.05428854734754586,0.13931581556767478,0.0466038671294001,0.04313336638572137,0.15790778383738224,0.23723351512146754,0.10312345066931086,0.0887456618740704,0.08775409023301933,0.08626673277144274,0.10312345066931086,0.11056023797719385,0.09667823500247893,0.12196331184928111,0.0466038671294001,0.12394645513138325,0.05428854734754586,0.20104115022310362,0.15047099652949925,0.10932077342588002,0.12592959841348536,0.11006445215666832,0.1271690629647992,0.09395141298958849,0.10163609320773426,0.11898859692612791,0.08254833911750124,0.08701041150223103,0.10138820029747149,1.0,0.10585027268220129,0.10535448686167576,0.11998016856717898,0.7364898363906792,0.10213187902825979,0.7300446207238473,0.039167079821517105
SMALLTEXT_CONTRASTIVEAL,0.09196826970748637,0.15468517600396628,0.0946950917203768,0.08205255329697571,0.11303916707982152,0.11006445215666832,0.16311353495290035,0.1420426375805652,0.10411502231036192,0.10014873574615767,0.10089241447694595,0.14823996033713435,0.1457610312345067,0.12543381259295985,0.0946950917203768,0.12543381259295985,0.0924640555280119,0.1308874566187407,0.1279127416955875,0.1628656420426376,0.1442736737729301,0.1479920674268716,0.14700049578582053,0.14724838869608328,0.1499752107089737,0.15294992563212692,0.10907288051561725,0.10882498760535449,0.11353495290034706,0.10585027268220129,1.0,0.14972731779871096,0.14700049578582053,0.10560237977193852,0.14625681705503224,0.10882498760535449,0.08081308874566187
SMALLTEXT_EMBEDDINGKMEANS,0.1065939514129896,0.14328210213187903,0.10708973723351513,0.10089241447694595,0.11328705999008429,0.11303916707982152,0.17873078829945463,0.15319781854238967,0.1065939514129896,0.10857709469509172,0.11650966782350025,0.161378284581061,0.1722855726326227,0.12221120475954388,0.10708973723351513,0.12171541893901834,0.10634605850272683,0.11353495290034706,0.11229548834903322,0.16757560733763013,0.15468517600396628,0.16732771442736738,0.16088249876053545,0.16955875061973227,0.1700545364402578,0.16088249876053545,0.11279127416955875,0.11031234506693109,0.11056023797719385,0.10535448686167576,0.14972731779871096,1.0,0.16063460585027267,0.10783341596430342,0.16187407040158652,0.11155180961824492,0.09766980664352999
SMALLTEXT_GREEDYCORESET,0.12840852751611304,0.15096678235002478,0.10634605850272683,0.09370352007932573,0.12196331184928111,0.11427863163113534,0.16212196331184928,0.14526524541398117,0.12146752602875557,0.11452652454139811,0.11551809618244918,0.16608824987605356,0.17302925136341102,0.13807635101636093,0.10634605850272683,0.13187902825979178,0.12816063460585028,0.13138324243926625,0.13411006445215667,0.1700545364402578,0.1536936043629152,0.15989092711948438,0.16460089241447695,0.161378284581061,0.16187407040158652,0.1487357461576599,0.11353495290034706,0.11328705999008429,0.11328705999008429,0.11998016856717898,0.14700049578582053,0.16063460585027267,1.0,0.12072384729796728,0.15691621219633117,0.12196331184928111,0.08973723351512147
SMALLTEXT_LEASTCONFIDENCE,0.05999008428358949,0.1442736737729301,0.04858701041150223,0.043877045116509666,0.24442240951908775,0.15592464055528013,0.09816559246405553,0.08849776896380764,0.09791769955379276,0.10932077342588002,0.09419930589985126,0.10560237977193852,0.09965294992563213,0.12518591968269707,0.04858701041150223,0.12692117005453643,0.06023797719385226,0.16162617749132374,0.12989588497768964,0.11056023797719385,0.12816063460585028,0.11229548834903322,0.12469013386217154,0.09444719881011403,0.10510659395141299,0.12146752602875557,0.09816559246405553,0.10733763014377788,0.08998512642538424,0.7364898363906792,0.10560237977193852,0.10783341596430342,0.12072384729796728,1.0,0.1065939514129896,0.7535944471988101,0.03991075855230541
SMALLTEXT_LIGHTWEIGHTCORESET,0.10386712940009915,0.14749628160634606,0.10981655924640556,0.10213187902825979,0.11130391670798215,0.1065939514129896,0.15121467526028756,0.1308874566187407,0.11601388200297472,0.11650966782350025,0.11998016856717898,0.1670798215171046,0.16038671294000992,0.13138324243926625,0.10981655924640556,0.12245909766980664,0.10386712940009915,0.11155180961824492,0.11824491819533961,0.16732771442736738,0.14675260287555775,0.16360932077342588,0.15691621219633117,0.161378284581061,0.16311353495290035,0.14526524541398117,0.11477441745166088,0.11650966782350025,0.11403073872087258,0.10213187902825979,0.14625681705503224,0.16187407040158652,0.15691621219633117,0.1065939514129896,1.0,0.10609816559246406,0.0991571641051066
SMALLTEXT_PREDICTIONENTROPY,0.06717897868120971,0.14774417451660882,0.05205751115518096,0.05304908279623203,0.16955875061973227,0.14402578086266732,0.10312345066931086,0.09890927119484383,0.11948438274665345,0.11353495290034706,0.09295984134853744,0.11576598909271195,0.10312345066931086,0.13039167079821518,0.05205751115518096,0.12989588497768964,0.06693108577094695,0.16162617749132374,0.12766484878532475,0.11080813088745661,0.13039167079821518,0.12221120475954388,0.12964799206742686,0.0961824491819534,0.11031234506693109,0.12171541893901834,0.11998016856717898,0.0991571641051066,0.09395141298958849,0.7300446207238473,0.10882498760535449,0.11155180961824492,0.12196331184928111,0.7535944471988101,0.10609816559246406,1.0,0.0495785820525533
SMALLTEXT_RANDOM,0.04189390183440753,0.07535944471988101,0.04685176003966286,0.9945463559742191,0.04685176003966286,0.04685176003966286,0.08676251859196826,0.07982151710461081,0.05057015369360436,0.0480912245909767,0.051313832424392664,0.09519087754090233,0.09345562716906297,0.06916212196331185,0.04685176003966286,0.07288051561725335,0.0421417947446703,0.05156172533465543,0.061973227565691624,0.09519087754090233,0.08701041150223103,0.09048091224590976,0.08924144769459594,0.09667823500247893,0.10014873574615767,0.0813088745661874,0.04238968765493307,0.045364402578086264,0.04561229548834903,0.039167079821517105,0.08081308874566187,0.09766980664352999,0.08973723351512147,0.03991075855230541,0.0991571641051066,0.0495785820525533,1.0
