,ALIPY_CORESET_GREEDY,ALIPY_DENSITY_WEIGHTED,ALIPY_GRAPH_DENSITY,ALIPY_RANDOM,ALIPY_UNCERTAINTY_LC,ALIPY_UNCERTAINTY_MM,LIBACT_DWUS,LIBACT_QUIRE,LIBACT_UNCERTAINTY_ENT,LIBACT_UNCERTAINTY_LC,LIBACT_UNCERTAINTY_SM,OPTIMAL_GREEDY_10,OPTIMAL_GREEDY_20,PLAYGROUND_BANDIT,PLAYGROUND_GRAPH_DENSITY,PLAYGROUND_INFORMATIVE_DIVERSE,PLAYGROUND_KCENTER_GREEDY,PLAYGROUND_MARGIN,PLAYGROUND_MIXTURE,PLAYGROUND_UNIFORM,SKACTIVEML_COST_EMBEDDING,SKACTIVEML_DAL,SKACTIVEML_DWUS,SKACTIVEML_QBC,SKACTIVEML_QBC_VOTE_ENTROPY,SKACTIVEML_QUIRE,SKACTIVEML_US_ENTROPY,SKACTIVEML_US_LC,SKACTIVEML_US_MARGIN,SMALLTEXT_BREAKINGTIES,SMALLTEXT_CONTRASTIVEAL,SMALLTEXT_EMBEDDINGKMEANS,SMALLTEXT_GREEDYCORESET,SMALLTEXT_LEASTCONFIDENCE,SMALLTEXT_LIGHTWEIGHTCORESET,SMALLTEXT_PREDICTIONENTROPY,SMALLTEXT_RANDOM
ALIPY_CORESET_GREEDY,1.0,0.46504709965294994,0.3515121467526029,0.3770451165096678,0.3626673277144274,0.3589489340604859,0.37679722359940504,0.4995042141794745,0.3594447198810114,0.35845314823996033,0.3552305404065444,0.42736737729300944,0.4266236985622211,0.40803173029251366,0.3515121467526029,0.4251363411006445,1.0,0.3921665840356966,0.41993058998512645,0.4261279127416956,0.40183440753594446,0.43579573624194345,0.4000991571641051,0.4157164105106594,0.4216658403569658,0.4335647000495786,0.3520079325731284,0.3572136836886465,0.3589489340604859,0.3554784333168071,0.43604362915220624,0.4551313832424393,0.5622211204759544,0.35448686167575605,0.44645513138324244,0.35696579077838375,0.3770451165096678
ALIPY_DENSITY_WEIGHTED,0.46504709965294994,1.0,0.36886465047099654,0.38646504709965296,0.409766980664353,0.4038175508180466,0.46777392166584036,0.5736241943480417,0.38795240456122954,0.3854734754586019,0.3812592959841348,0.47892910262766486,0.4749628160634606,0.466038671294001,0.36886465047099654,0.4858701041150223,0.46504709965294994,0.47000495785820523,0.4918195339613287,0.4712444224095191,0.4623202776400595,0.4814080317302925,0.4823996033713436,0.4742191373326723,0.4784333168071393,0.5111551809618244,0.38795240456122954,0.39067922657411996,0.3891918691125434,0.3849776896380763,0.5057015369360436,0.5441249380267724,0.540406544372831,0.38795240456122954,0.5019831432821021,0.3877045116509668,0.38646504709965296
ALIPY_GRAPH_DENSITY,0.3515121467526029,0.36886465047099654,1.0,0.35250371839365396,0.35374318294496776,0.35324739712444225,0.3921665840356966,0.38671294000991574,0.3515121467526029,0.3475458601883986,0.3490332176499752,0.3934060485870104,0.394893406048587,0.3770451165096678,1.0,0.3812592959841348,0.3515121467526029,0.3740704015865146,0.3882002974714923,0.3963807635101636,0.3772930094199306,0.3896876549330689,0.39018344075359446,0.39067922657411996,0.39439762022806146,0.37580565195835397,0.3440753594447199,0.3455627169062965,0.3455627169062965,0.3477937530986614,0.3921665840356966,0.40109072880515617,0.37233515121467525,0.3448190381755082,0.39067922657411996,0.3477937530986614,0.35250371839365396
ALIPY_RANDOM,0.3770451165096678,0.38646504709965296,0.35250371839365396,1.0,0.3601883986117997,0.36043629152206247,0.40803173029251366,0.3966286564204264,0.3557263262270699,0.35622211204759546,0.3591968269707486,0.42736737729300944,0.43158155676747645,0.40282597917699553,0.35250371839365396,0.4181953396132871,0.3770451165096678,0.38720872583044125,0.4142290530490828,0.42439266236985623,0.39414972731779874,0.4266236985622211,0.4060485870104115,0.4179474467030243,0.428854734754586,0.3958849776896381,0.35250371839365396,0.35622211204759546,0.3559742191373327,0.35622211204759546,0.40927119484382746,0.43133366385721367,0.39786812097174024,0.3542389687654933,0.41249380267724345,0.3587010411502231,1.0
ALIPY_UNCERTAINTY_LC,0.3626673277144274,0.409766980664353,0.35374318294496776,0.3601883986117997,1.0,0.8242439266236986,0.3919186911254338,0.40654437283093703,0.3963807635101636,0.4015865146256817,0.3911750123946455,0.4030738720872583,0.40183440753594446,0.41621219633118495,0.35374318294496776,0.4149727317798711,0.3626673277144274,0.4630639563708478,0.4072880515617253,0.40183440753594446,0.4040654437283094,0.4082796232027764,0.40059494298463066,0.39885969261279125,0.40109072880515617,0.4142290530490828,0.3986117997025285,0.40505701536936045,0.39786812097174024,0.42811105602379773,0.4127416955875062,0.4184432325235498,0.3966286564204264,0.46628656420426373,0.41001487357461575,0.43604362915220624,0.3601883986117997
ALIPY_UNCERTAINTY_MM,0.3589489340604859,0.4038175508180466,0.35324739712444225,0.36043629152206247,0.8242439266236986,1.0,0.3971244422409519,0.41001487357461575,0.38696083292017847,0.3936539414972732,0.40109072880515617,0.40133862171541895,0.40233019335647,0.4181953396132871,0.35324739712444225,0.4186911254338126,0.3589489340604859,0.492563212692117,0.40852751611303917,0.4003470500743679,0.40109072880515617,0.40629647992067425,0.40852751611303917,0.4033217649975211,0.3998512642538423,0.41298958849776896,0.3862171541893902,0.3929102627664849,0.40282597917699553,0.4672781358453148,0.4107585523054041,0.4179474467030243,0.3924144769459593,0.42711948438274666,0.41001487357461575,0.43232523549826474,0.36043629152206247
LIBACT_DWUS,0.37679722359940504,0.46777392166584036,0.3921665840356966,0.40803173029251366,0.3919186911254338,0.3971244422409519,1.0,0.4965294992563213,0.37183936539414975,0.3745661874070402,0.37258304412493803,0.5225582548339117,0.5218145761031234,0.5014873574615766,0.3921665840356966,0.5052057511155181,0.37679722359940504,0.48562221120475957,0.5166088249876054,0.5176003966286564,0.48413485374318294,0.5114030738720873,0.578582052553297,0.5138820029747149,0.5242935052057511,0.503222607833416,0.3765493306891423,0.37605354486861675,0.3782845810609817,0.3775409023301934,0.5287555775904809,0.5649479424888448,0.45661874070401587,0.3748140803173029,0.48934060485870107,0.3787803668815072,0.40803173029251366
LIBACT_QUIRE,0.4995042141794745,0.5736241943480417,0.38671294000991574,0.3966286564204264,0.40654437283093703,0.41001487357461575,0.4965294992563213,1.0,0.3889439762022806,0.38745661874070403,0.3822508676251859,0.526524541398116,0.5287555775904809,0.5071888943976203,0.38671294000991574,0.5270203272186416,0.4995042141794745,0.496777392166584,0.5267724343083788,0.5183440753594447,0.49727317798710957,0.5401586514625681,0.5027268220128904,0.5208230044620724,0.5218145761031234,0.559494298463064,0.38299454635597424,0.38646504709965296,0.38373822508676253,0.3862171541893902,0.5619732275656916,0.6303916707982151,0.6085770946950917,0.3817550818046604,0.5919682697074864,0.3822508676251859,0.3966286564204264
LIBACT_UNCERTAINTY_ENT,0.3594447198810114,0.38795240456122954,0.3515121467526029,0.3557263262270699,0.3963807635101636,0.38696083292017847,0.37183936539414975,0.3889439762022806,1.0,0.8371343579573625,0.8212692117005453,0.37952404561229547,0.3824987605354487,0.3877045116509668,0.3515121467526029,0.3973723351512147,0.3594447198810114,0.3971244422409519,0.38423401090728804,0.38572136836886467,0.3787803668815072,0.3839861179970253,0.3782845810609817,0.38274665344571146,0.3815071888943976,0.39538919186911253,0.3998512642538423,0.3934060485870104,0.38671294000991574,0.3891918691125434,0.3889439762022806,0.3891918691125434,0.3765493306891423,0.3963807635101636,0.3854734754586019,0.40480912245909767,0.3557263262270699
LIBACT_UNCERTAINTY_LC,0.35845314823996033,0.3854734754586019,0.3475458601883986,0.35622211204759546,0.4015865146256817,0.3936539414972732,0.3745661874070402,0.38745661874070403,0.8371343579573625,1.0,0.8314328210213188,0.3787803668815072,0.3822508676251859,0.38720872583044125,0.3475458601883986,0.39885969261279125,0.35845314823996033,0.39786812097174024,0.38423401090728804,0.3859692612791274,0.3812592959841348,0.3817550818046604,0.3839861179970253,0.3745661874070402,0.3807635101636093,0.39762022806147745,0.3899355478433317,0.39762022806147745,0.38696083292017847,0.3921665840356966,0.38349033217649975,0.3882002974714923,0.3770451165096678,0.39885969261279125,0.38324243926623697,0.40282597917699553,0.35622211204759546
LIBACT_UNCERTAINTY_SM,0.3552305404065444,0.3812592959841348,0.3490332176499752,0.3591968269707486,0.3911750123946455,0.40109072880515617,0.37258304412493803,0.3822508676251859,0.8212692117005453,0.8314328210213188,1.0,0.3839861179970253,0.38274665344571146,0.38696083292017847,0.3490332176499752,0.4035696579077838,0.3552305404065444,0.4003470500743679,0.3886960832920178,0.3822508676251859,0.3824987605354487,0.3815071888943976,0.38200297471492317,0.37902825979176996,0.37977193852255825,0.3877045116509668,0.37927615270203274,0.38051561725334654,0.3924144769459593,0.3998512642538423,0.3882002974714923,0.3849776896380763,0.3733267228557263,0.3847297967278136,0.3844819038175508,0.39067922657411996,0.3591968269707486
OPTIMAL_GREEDY_10,0.42736737729300944,0.47892910262766486,0.3934060485870104,0.42736737729300944,0.4030738720872583,0.40133862171541895,0.5225582548339117,0.526524541398116,0.37952404561229547,0.3787803668815072,0.3839861179970253,1.0,0.5515617253346554,0.5012394645513139,0.3934060485870104,0.522310361923649,0.42736737729300944,0.4846306395637085,0.5369360436291523,0.5528011898859693,0.47818542389687657,0.5475954387704511,0.5111551809618244,0.5324739712444224,0.5547843331680714,0.49900842835894893,0.3787803668815072,0.3785324739712444,0.3891918691125434,0.3896876549330689,0.5319781854238969,0.5981655924640555,0.5027268220128904,0.3824987605354487,0.5356965790778384,0.3839861179970253,0.42736737729300944
OPTIMAL_GREEDY_20,0.4266236985622211,0.4749628160634606,0.394893406048587,0.43158155676747645,0.40183440753594446,0.40233019335647,0.5218145761031234,0.5287555775904809,0.3824987605354487,0.3822508676251859,0.38274665344571146,0.5515617253346554,1.0,0.5027268220128904,0.394893406048587,0.518096182449182,0.4266236985622211,0.4823996033713436,0.5317302925136341,0.5389191869112543,0.48339117501239465,0.5448686167575607,0.5039662865642043,0.5314823996033713,0.5525532969757065,0.506445215666832,0.37555775904809124,0.37977193852255825,0.3847297967278136,0.3817550818046604,0.5344571145265246,0.5927119484382747,0.5171046108081309,0.3822508676251859,0.5416460089241447,0.3859692612791274,0.43158155676747645
PLAYGROUND_BANDIT,0.40803173029251366,0.466038671294001,0.3770451165096678,0.40282597917699553,0.41621219633118495,0.4181953396132871,0.5014873574615766,0.5071888943976203,0.3877045116509668,0.38720872583044125,0.38696083292017847,0.5012394645513139,0.5027268220128904,1.0,0.3770451165096678,0.5203272186415469,0.40803173029251366,0.5473475458601884,0.5270203272186416,0.49429846306395636,0.48562221120475957,0.49504214179474465,0.4895884977689638,0.4977689638076351,0.5049578582052553,0.4910758552305404,0.3889439762022806,0.39067922657411996,0.39464551313832424,0.38795240456122954,0.510659395141299,0.5349529003470501,0.4695091720376797,0.3849776896380763,0.5,0.3844819038175508,0.40282597917699553
PLAYGROUND_GRAPH_DENSITY,0.3515121467526029,0.36886465047099654,1.0,0.35250371839365396,0.35374318294496776,0.35324739712444225,0.3921665840356966,0.38671294000991574,0.3515121467526029,0.3475458601883986,0.3490332176499752,0.3934060485870104,0.394893406048587,0.3770451165096678,1.0,0.3812592959841348,0.3515121467526029,0.3740704015865146,0.3882002974714923,0.3963807635101636,0.3772930094199306,0.3896876549330689,0.39018344075359446,0.39067922657411996,0.39439762022806146,0.37580565195835397,0.3440753594447199,0.3455627169062965,0.3455627169062965,0.3477937530986614,0.3921665840356966,0.40109072880515617,0.37233515121467525,0.3448190381755082,0.39067922657411996,0.3477937530986614,0.35250371839365396
PLAYGROUND_INFORMATIVE_DIVERSE,0.4251363411006445,0.4858701041150223,0.3812592959841348,0.4181953396132871,0.4149727317798711,0.4186911254338126,0.5052057511155181,0.5270203272186416,0.3973723351512147,0.39885969261279125,0.4035696579077838,0.522310361923649,0.518096182449182,0.5203272186415469,0.3812592959841348,1.0,0.4251363411006445,0.5250371839365394,0.5374318294496777,0.5138820029747149,0.49305899851264257,0.5168567178978681,0.49529003470500743,0.5104115022310362,0.5208230044620724,0.5069410014873574,0.39687654933068917,0.3973723351512147,0.4015865146256817,0.3973723351512147,0.514873574615766,0.5733763014377788,0.5039662865642043,0.3958849776896381,0.532969757064948,0.39885969261279125,0.4181953396132871
PLAYGROUND_KCENTER_GREEDY,1.0,0.46504709965294994,0.3515121467526029,0.3770451165096678,0.3626673277144274,0.3589489340604859,0.37679722359940504,0.4995042141794745,0.3594447198810114,0.35845314823996033,0.3552305404065444,0.42736737729300944,0.4266236985622211,0.40803173029251366,0.3515121467526029,0.4251363411006445,1.0,0.3921665840356966,0.41993058998512645,0.4261279127416956,0.40183440753594446,0.43579573624194345,0.4000991571641051,0.4157164105106594,0.4216658403569658,0.4335647000495786,0.3520079325731284,0.3572136836886465,0.3589489340604859,0.3554784333168071,0.43604362915220624,0.4551313832424393,0.5622211204759544,0.35448686167575605,0.44645513138324244,0.35696579077838375,0.3770451165096678
PLAYGROUND_MARGIN,0.3921665840356966,0.47000495785820523,0.3740704015865146,0.38720872583044125,0.4630639563708478,0.492563212692117,0.48562221120475957,0.496777392166584,0.3971244422409519,0.39786812097174024,0.4003470500743679,0.4846306395637085,0.4823996033713436,0.5473475458601884,0.3740704015865146,0.5250371839365394,0.3921665840356966,1.0,0.5188398611799703,0.4903321764997521,0.480912245909767,0.4918195339613287,0.4784333168071393,0.4814080317302925,0.49132374814080315,0.49529003470500743,0.4000991571641051,0.40233019335647,0.4067922657411998,0.46504709965294994,0.49727317798710957,0.5277640059494298,0.4625681705503223,0.43381259295984137,0.4928111056023798,0.4295984134853743,0.38720872583044125
PLAYGROUND_MIXTURE,0.41993058998512645,0.4918195339613287,0.3882002974714923,0.4142290530490828,0.4072880515617253,0.40852751611303917,0.5166088249876054,0.5267724343083788,0.38423401090728804,0.38423401090728804,0.3886960832920178,0.5369360436291523,0.5317302925136341,0.5270203272186416,0.3882002974714923,0.5374318294496777,0.41993058998512645,0.5188398611799703,1.0,0.5324739712444224,0.49008428358948936,0.530738720872583,0.5111551809618244,0.5257808626673277,0.532969757064948,0.5153693604362916,0.38696083292017847,0.3926623698562221,0.3924144769459593,0.39142290530490825,0.5290034705007437,0.575359444719881,0.4965294992563213,0.3929102627664849,0.526524541398116,0.3896876549330689,0.4142290530490828
PLAYGROUND_UNIFORM,0.4261279127416956,0.4712444224095191,0.3963807635101636,0.42439266236985623,0.40183440753594446,0.4003470500743679,0.5176003966286564,0.5183440753594447,0.38572136836886467,0.3859692612791274,0.3822508676251859,0.5528011898859693,0.5389191869112543,0.49429846306395636,0.3963807635101636,0.5138820029747149,0.4261279127416956,0.4903321764997521,0.5324739712444224,1.0,0.48363906792265743,0.545612295488349,0.510659395141299,0.530738720872583,0.5438770451165097,0.4992563212692117,0.37580565195835397,0.37952404561229547,0.38274665344571146,0.3859692612791274,0.5384234010907288,0.587010411502231,0.5037183936539414,0.3802677243430838,0.5327218641546851,0.3782845810609817,0.42439266236985623
SKACTIVEML_COST_EMBEDDING,0.40183440753594446,0.4623202776400595,0.3772930094199306,0.39414972731779874,0.4040654437283094,0.40109072880515617,0.48413485374318294,0.49727317798710957,0.3787803668815072,0.3812592959841348,0.3824987605354487,0.47818542389687657,0.48339117501239465,0.48562221120475957,0.3772930094199306,0.49305899851264257,0.40183440753594446,0.480912245909767,0.49008428358948936,0.48363906792265743,1.0,0.48041646008924144,0.4771938522558255,0.4769459593455627,0.4873574615765989,0.4898363906792266,0.37927615270203274,0.38001983143282103,0.3877045116509668,0.3817550818046604,0.48760535448686165,0.5200793257312841,0.47149231531978186,0.3822508676251859,0.49132374814080315,0.38349033217649975,0.39414972731779874
SKACTIVEML_DAL,0.43579573624194345,0.4814080317302925,0.3896876549330689,0.4266236985622211,0.4082796232027764,0.40629647992067425,0.5114030738720873,0.5401586514625681,0.3839861179970253,0.3817550818046604,0.3815071888943976,0.5475954387704511,0.5448686167575607,0.49504214179474465,0.3896876549330689,0.5168567178978681,0.43579573624194345,0.4918195339613287,0.530738720872583,0.545612295488349,0.48041646008924144,1.0,0.5034705007436787,0.5275161130391671,0.5364402578086267,0.507436787307883,0.3777887952404561,0.3807635101636093,0.38200297471492317,0.38745661874070403,0.5347050074367873,0.5974219137332673,0.5218145761031234,0.38646504709965296,0.5428854734754586,0.3884481903817551,0.4266236985622211
SKACTIVEML_DWUS,0.4000991571641051,0.4823996033713436,0.39018344075359446,0.4060485870104115,0.40059494298463066,0.40852751611303917,0.578582052553297,0.5027268220128904,0.3782845810609817,0.3839861179970253,0.38200297471492317,0.5111551809618244,0.5039662865642043,0.4895884977689638,0.39018344075359446,0.49529003470500743,0.4000991571641051,0.4784333168071393,0.5111551809618244,0.510659395141299,0.4771938522558255,0.5034705007436787,1.0,0.5101636093207734,0.5094199305899851,0.4992563212692117,0.37977193852255825,0.37605354486861675,0.38349033217649975,0.3822508676251859,0.514873574615766,0.5577590480912246,0.4705007436787308,0.3802677243430838,0.48934060485870107,0.37902825979176996,0.4060485870104115
SKACTIVEML_QBC,0.4157164105106594,0.4742191373326723,0.39067922657411996,0.4179474467030243,0.39885969261279125,0.4033217649975211,0.5138820029747149,0.5208230044620724,0.38274665344571146,0.3745661874070402,0.37902825979176996,0.5324739712444224,0.5314823996033713,0.4977689638076351,0.39067922657411996,0.5104115022310362,0.4157164105106594,0.4814080317302925,0.5257808626673277,0.530738720872583,0.4769459593455627,0.5275161130391671,0.5101636093207734,1.0,0.5500743678730788,0.503222607833416,0.3847297967278136,0.38423401090728804,0.38646504709965296,0.38200297471492317,0.518096182449182,0.5793257312840853,0.49529003470500743,0.3810114030738721,0.5272682201289043,0.37977193852255825,0.4179474467030243
SKACTIVEML_QBC_VOTE_ENTROPY,0.4216658403569658,0.4784333168071393,0.39439762022806146,0.428854734754586,0.40109072880515617,0.3998512642538423,0.5242935052057511,0.5218145761031234,0.3815071888943976,0.3807635101636093,0.37977193852255825,0.5547843331680714,0.5525532969757065,0.5049578582052553,0.39439762022806146,0.5208230044620724,0.4216658403569658,0.49132374814080315,0.532969757064948,0.5438770451165097,0.4873574615765989,0.5364402578086267,0.5094199305899851,0.5500743678730788,1.0,0.506445215666832,0.37927615270203274,0.3787803668815072,0.3859692612791274,0.3802677243430838,0.5294992563212693,0.593455627169063,0.5024789291026277,0.37977193852255825,0.5396628656420427,0.37927615270203274,0.428854734754586
SKACTIVEML_QUIRE,0.4335647000495786,0.5111551809618244,0.37580565195835397,0.3958849776896381,0.4142290530490828,0.41298958849776896,0.503222607833416,0.559494298463064,0.39538919186911253,0.39762022806147745,0.3877045116509668,0.49900842835894893,0.506445215666832,0.4910758552305404,0.37580565195835397,0.5069410014873574,0.4335647000495786,0.49529003470500743,0.5153693604362916,0.4992563212692117,0.4898363906792266,0.507436787307883,0.4992563212692117,0.503222607833416,0.506445215666832,1.0,0.3919186911254338,0.39092711948438275,0.39018344075359446,0.3924144769459593,0.5324739712444224,0.5664352999504214,0.5128904313336639,0.394893406048587,0.5176003966286564,0.3961328705999008,0.3958849776896381
SKACTIVEML_US_ENTROPY,0.3520079325731284,0.38795240456122954,0.3440753594447199,0.35250371839365396,0.3986117997025285,0.3862171541893902,0.3765493306891423,0.38299454635597424,0.3998512642538423,0.3899355478433317,0.37927615270203274,0.3787803668815072,0.37555775904809124,0.3889439762022806,0.3440753594447199,0.39687654933068917,0.3520079325731284,0.4000991571641051,0.38696083292017847,0.37580565195835397,0.37927615270203274,0.3777887952404561,0.37977193852255825,0.3847297967278136,0.37927615270203274,0.3919186911254338,1.0,0.8346554288547348,0.8227565691621219,0.3770451165096678,0.38572136836886467,0.3847297967278136,0.3698562221120476,0.3877045116509668,0.3772930094199306,0.39811601388200296,0.35250371839365396
SKACTIVEML_US_LC,0.3572136836886465,0.39067922657411996,0.3455627169062965,0.35622211204759546,0.40505701536936045,0.3929102627664849,0.37605354486861675,0.38646504709965296,0.3934060485870104,0.39762022806147745,0.38051561725334654,0.3785324739712444,0.37977193852255825,0.39067922657411996,0.3455627169062965,0.3973723351512147,0.3572136836886465,0.40233019335647,0.3926623698562221,0.37952404561229547,0.38001983143282103,0.3807635101636093,0.37605354486861675,0.38423401090728804,0.3787803668815072,0.39092711948438275,0.8346554288547348,1.0,0.8319286068418443,0.3849776896380763,0.38324243926623697,0.3886960832920178,0.3743182944967774,0.39514129895884975,0.3862171541893902,0.3862171541893902,0.35622211204759546
SKACTIVEML_US_MARGIN,0.3589489340604859,0.3891918691125434,0.3455627169062965,0.3559742191373327,0.39786812097174024,0.40282597917699553,0.3782845810609817,0.38373822508676253,0.38671294000991574,0.38696083292017847,0.3924144769459593,0.3891918691125434,0.3847297967278136,0.39464551313832424,0.3455627169062965,0.4015865146256817,0.3589489340604859,0.4067922657411998,0.3924144769459593,0.38274665344571146,0.3877045116509668,0.38200297471492317,0.38349033217649975,0.38646504709965296,0.3859692612791274,0.39018344075359446,0.8227565691621219,0.8319286068418443,1.0,0.3961328705999008,0.3847297967278136,0.4015865146256817,0.38324243926623697,0.38795240456122954,0.3877045116509668,0.3817550818046604,0.3559742191373327
SMALLTEXT_BREAKINGTIES,0.3554784333168071,0.3849776896380763,0.3477937530986614,0.35622211204759546,0.42811105602379773,0.4672781358453148,0.3775409023301934,0.3862171541893902,0.3891918691125434,0.3921665840356966,0.3998512642538423,0.3896876549330689,0.3817550818046604,0.38795240456122954,0.3477937530986614,0.3973723351512147,0.3554784333168071,0.46504709965294994,0.39142290530490825,0.3859692612791274,0.3817550818046604,0.38745661874070403,0.3822508676251859,0.38200297471492317,0.3802677243430838,0.3924144769459593,0.3770451165096678,0.3849776896380763,0.3961328705999008,1.0,0.38373822508676253,0.39414972731779874,0.38299454635597424,0.8220128904313336,0.3844819038175508,0.823748140803173,0.35622211204759546
SMALLTEXT_CONTRASTIVEAL,0.43604362915220624,0.5057015369360436,0.3921665840356966,0.40927119484382746,0.4127416955875062,0.4107585523054041,0.5287555775904809,0.5619732275656916,0.3889439762022806,0.38349033217649975,0.3882002974714923,0.5319781854238969,0.5344571145265246,0.510659395141299,0.3921665840356966,0.514873574615766,0.43604362915220624,0.49727317798710957,0.5290034705007437,0.5384234010907288,0.48760535448686165,0.5347050074367873,0.514873574615766,0.518096182449182,0.5294992563212693,0.5324739712444224,0.38572136836886467,0.38324243926623697,0.3847297967278136,0.38373822508676253,1.0,0.6060981655924641,0.5188398611799703,0.38274665344571146,0.5431333663857214,0.38349033217649975,0.40927119484382746
SMALLTEXT_EMBEDDINGKMEANS,0.4551313832424393,0.5441249380267724,0.40109072880515617,0.43133366385721367,0.4184432325235498,0.4179474467030243,0.5649479424888448,0.6303916707982151,0.3891918691125434,0.3882002974714923,0.3849776896380763,0.5981655924640555,0.5927119484382747,0.5349529003470501,0.40109072880515617,0.5733763014377788,0.4551313832424393,0.5277640059494298,0.575359444719881,0.587010411502231,0.5200793257312841,0.5974219137332673,0.5577590480912246,0.5793257312840853,0.593455627169063,0.5664352999504214,0.3847297967278136,0.3886960832920178,0.4015865146256817,0.39414972731779874,0.6060981655924641,1.0,0.5830441249380268,0.3884481903817551,0.650718889439762,0.3911750123946455,0.43133366385721367
SMALLTEXT_GREEDYCORESET,0.5622211204759544,0.540406544372831,0.37233515121467525,0.39786812097174024,0.3966286564204264,0.3924144769459593,0.45661874070401587,0.6085770946950917,0.3765493306891423,0.3770451165096678,0.3733267228557263,0.5027268220128904,0.5171046108081309,0.4695091720376797,0.37233515121467525,0.5039662865642043,0.5622211204759544,0.4625681705503223,0.4965294992563213,0.5037183936539414,0.47149231531978186,0.5218145761031234,0.4705007436787308,0.49529003470500743,0.5024789291026277,0.5128904313336639,0.3698562221120476,0.3743182944967774,0.38324243926623697,0.38299454635597424,0.5188398611799703,0.5830441249380268,1.0,0.37927615270203274,0.5411502231036193,0.3782845810609817,0.39786812097174024
SMALLTEXT_LEASTCONFIDENCE,0.35448686167575605,0.38795240456122954,0.3448190381755082,0.3542389687654933,0.46628656420426373,0.42711948438274666,0.3748140803173029,0.3817550818046604,0.3963807635101636,0.39885969261279125,0.3847297967278136,0.3824987605354487,0.3822508676251859,0.3849776896380763,0.3448190381755082,0.3958849776896381,0.35448686167575605,0.43381259295984137,0.3929102627664849,0.3802677243430838,0.3822508676251859,0.38646504709965296,0.3802677243430838,0.3810114030738721,0.37977193852255825,0.394893406048587,0.3877045116509668,0.39514129895884975,0.38795240456122954,0.8220128904313336,0.38274665344571146,0.3884481903817551,0.37927615270203274,1.0,0.3812592959841348,0.8331680713931582,0.3542389687654933
SMALLTEXT_LIGHTWEIGHTCORESET,0.44645513138324244,0.5019831432821021,0.39067922657411996,0.41249380267724345,0.41001487357461575,0.41001487357461575,0.48934060485870107,0.5919682697074864,0.3854734754586019,0.38324243926623697,0.3844819038175508,0.5356965790778384,0.5416460089241447,0.5,0.39067922657411996,0.532969757064948,0.44645513138324244,0.4928111056023798,0.526524541398116,0.5327218641546851,0.49132374814080315,0.5428854734754586,0.48934060485870107,0.5272682201289043,0.5396628656420427,0.5176003966286564,0.3772930094199306,0.3862171541893902,0.3877045116509668,0.3844819038175508,0.5431333663857214,0.650718889439762,0.5411502231036193,0.3812592959841348,1.0,0.3862171541893902,0.41249380267724345
SMALLTEXT_PREDICTIONENTROPY,0.35696579077838375,0.3877045116509668,0.3477937530986614,0.3587010411502231,0.43604362915220624,0.43232523549826474,0.3787803668815072,0.3822508676251859,0.40480912245909767,0.40282597917699553,0.39067922657411996,0.3839861179970253,0.3859692612791274,0.3844819038175508,0.3477937530986614,0.39885969261279125,0.35696579077838375,0.4295984134853743,0.3896876549330689,0.3782845810609817,0.38349033217649975,0.3884481903817551,0.37902825979176996,0.37977193852255825,0.37927615270203274,0.3961328705999008,0.39811601388200296,0.3862171541893902,0.3817550818046604,0.823748140803173,0.38349033217649975,0.3911750123946455,0.3782845810609817,0.8331680713931582,0.3862171541893902,1.0,0.3587010411502231
SMALLTEXT_RANDOM,0.3770451165096678,0.38646504709965296,0.35250371839365396,1.0,0.3601883986117997,0.36043629152206247,0.40803173029251366,0.3966286564204264,0.3557263262270699,0.35622211204759546,0.3591968269707486,0.42736737729300944,0.43158155676747645,0.40282597917699553,0.35250371839365396,0.4181953396132871,0.3770451165096678,0.38720872583044125,0.4142290530490828,0.42439266236985623,0.39414972731779874,0.4266236985622211,0.4060485870104115,0.4179474467030243,0.428854734754586,0.3958849776896381,0.35250371839365396,0.35622211204759546,0.3559742191373327,0.35622211204759546,0.40927119484382746,0.43133366385721367,0.39786812097174024,0.3542389687654933,0.41249380267724345,0.3587010411502231,1.0
