,ALIPY_CORESET_GREEDY,ALIPY_DENSITY_WEIGHTED,ALIPY_GRAPH_DENSITY,ALIPY_RANDOM,ALIPY_UNCERTAINTY_LC,ALIPY_UNCERTAINTY_MM,LIBACT_DWUS,LIBACT_QUIRE,LIBACT_UNCERTAINTY_ENT,LIBACT_UNCERTAINTY_LC,LIBACT_UNCERTAINTY_SM,OPTIMAL_GREEDY_10,OPTIMAL_GREEDY_20,PLAYGROUND_BANDIT,PLAYGROUND_GRAPH_DENSITY,PLAYGROUND_INFORMATIVE_DIVERSE,PLAYGROUND_KCENTER_GREEDY,PLAYGROUND_MARGIN,PLAYGROUND_MIXTURE,PLAYGROUND_UNIFORM,SKACTIVEML_COST_EMBEDDING,SKACTIVEML_DAL,SKACTIVEML_DWUS,SKACTIVEML_QBC,SKACTIVEML_QBC_VOTE_ENTROPY,SKACTIVEML_QUIRE,SKACTIVEML_US_ENTROPY,SKACTIVEML_US_LC,SKACTIVEML_US_MARGIN,SMALLTEXT_BREAKINGTIES,SMALLTEXT_CONTRASTIVEAL,SMALLTEXT_EMBEDDINGKMEANS,SMALLTEXT_GREEDYCORESET,SMALLTEXT_LEASTCONFIDENCE,SMALLTEXT_LIGHTWEIGHTCORESET,SMALLTEXT_PREDICTIONENTROPY,SMALLTEXT_RANDOM
ALIPY_CORESET_GREEDY,4034,1349,1172,1082,1238,1225,1383,1197,1150,1160,1152,1033,1016,1327,1172,1211,4034,1308,1245,1183,1352,1205,1238,1140,1204,1347,1185,1186,1177,1180,1175,1166,1424,1207,1211,1232,1016
ALIPY_DENSITY_WEIGHTED,1349,4034,1193,1112,1287,1273,1473,1324,1211,1238,1201,1073,1038,1385,1193,1268,1349,1335,1263,1224,1364,1196,1300,1206,1242,1427,1280,1291,1255,1237,1262,1218,1400,1264,1209,1287,1037
ALIPY_GRAPH_DENSITY,1172,1193,4034,1165,1181,1191,1477,1098,1114,1104,1123,1106,1120,1362,4034,1240,1172,1314,1233,1258,1277,1170,1326,1231,1226,1227,1173,1152,1175,1130,1188,1222,1386,1133,1246,1130,1098
ALIPY_RANDOM,1082,1112,1165,4034,1109,1118,1300,1017,1034,1034,1037,1067,1045,1269,1165,1143,1082,1208,1171,1187,1212,1122,1175,1152,1196,1179,1084,1085,1113,1054,1086,1130,1234,1065,1152,1087,3937
ALIPY_UNCERTAINTY_LC,1238,1287,1181,1109,4034,3331,1438,1177,1406,1479,1362,1083,1046,1580,1181,1329,1238,1661,1422,1245,1446,1227,1381,1185,1226,1406,1470,1530,1418,1609,1232,1178,1346,1953,1200,1698,1037
ALIPY_UNCERTAINTY_MM,1225,1273,1191,1118,3331,4034,1443,1160,1346,1345,1426,1109,1031,1591,1191,1314,1225,1820,1497,1233,1427,1218,1353,1191,1203,1365,1413,1412,1499,1918,1226,1180,1325,1615,1216,1604,1047
LIBACT_DWUS,1383,1473,1477,1300,1438,1443,4034,1316,1342,1339,1345,1270,1237,1615,1477,1423,1383,1561,1432,1397,1562,1378,1540,1438,1440,1522,1397,1399,1393,1412,1496,1419,1555,1413,1430,1435,1223
LIBACT_QUIRE,1197,1324,1098,1017,1177,1160,1316,4034,1082,1085,1080,979,949,1242,1098,1134,1197,1225,1142,1117,1209,1062,1242,1115,1126,1308,1123,1118,1099,1102,1233,1098,1238,1106,1102,1119,956
LIBACT_UNCERTAINTY_ENT,1150,1211,1114,1034,1406,1346,1342,1082,4034,3467,3363,995,1019,1376,1114,1265,1150,1332,1218,1148,1352,1134,1291,1142,1181,1270,1452,1377,1318,1509,1174,1131,1320,1592,1092,1679,960
LIBACT_UNCERTAINTY_LC,1160,1238,1104,1034,1479,1345,1339,1085,3467,4034,3390,987,1019,1390,1104,1263,1160,1348,1224,1139,1354,1152,1315,1127,1176,1274,1393,1444,1329,1525,1186,1141,1314,1678,1110,1604,956
LIBACT_UNCERTAINTY_SM,1152,1201,1123,1037,1362,1426,1345,1080,3363,3390,4034,1005,1023,1368,1123,1264,1152,1329,1214,1163,1342,1148,1292,1137,1186,1246,1326,1331,1427,1609,1166,1138,1310,1534,1117,1535,959
OPTIMAL_GREEDY_10,1033,1073,1106,1067,1083,1109,1270,979,995,987,1005,4034,1375,1236,1106,1172,1033,1175,1206,1225,1141,1165,1141,1135,1228,1121,1021,1031,1029,1005,1088,1205,1169,1007,1179,1024,1013
OPTIMAL_GREEDY_20,1016,1038,1120,1045,1046,1031,1237,949,1019,1019,1023,1375,4034,1206,1120,1169,1016,1186,1167,1193,1154,1124,1098,1120,1195,1102,1029,1052,1040,1004,1057,1211,1149,1020,1175,1017,998
PLAYGROUND_BANDIT,1327,1385,1362,1269,1580,1591,1615,1242,1376,1390,1368,1236,1206,4034,1362,1857,1327,2609,2009,1360,1644,1332,1468,1342,1377,1495,1444,1467,1429,1494,1344,1349,1458,1477,1308,1496,1202
PLAYGROUND_GRAPH_DENSITY,1172,1193,4034,1165,1181,1191,1477,1098,1114,1104,1123,1106,1120,1362,4034,1240,1172,1314,1233,1258,1277,1170,1326,1231,1226,1227,1173,1152,1175,1130,1188,1222,1386,1133,1246,1130,1098
PLAYGROUND_INFORMATIVE_DIVERSE,1211,1268,1240,1143,1329,1314,1423,1134,1265,1263,1264,1172,1169,1857,1240,4034,1211,1832,1710,1244,1456,1247,1380,1229,1296,1355,1295,1305,1294,1232,1238,1291,1330,1280,1208,1272,1078
PLAYGROUND_KCENTER_GREEDY,4034,1349,1172,1082,1238,1225,1383,1197,1150,1160,1152,1033,1016,1327,1172,1211,4034,1308,1245,1183,1352,1205,1238,1140,1204,1347,1185,1186,1177,1180,1175,1166,1424,1207,1211,1232,1016
PLAYGROUND_MARGIN,1308,1335,1314,1208,1661,1820,1561,1225,1332,1348,1329,1175,1186,2609,1314,1832,1308,4034,2375,1307,1617,1308,1427,1302,1320,1467,1417,1419,1413,1756,1326,1309,1419,1632,1253,1609,1140
PLAYGROUND_MIXTURE,1245,1263,1233,1171,1422,1497,1432,1142,1218,1224,1214,1206,1167,2009,1233,1710,1245,2375,4034,1336,1438,1244,1306,1237,1315,1346,1297,1305,1302,1432,1242,1269,1351,1378,1228,1371,1103
PLAYGROUND_UNIFORM,1183,1224,1258,1187,1245,1233,1397,1117,1148,1139,1163,1225,1193,1360,1258,1244,1183,1307,1336,4034,1311,1235,1227,1206,1276,1259,1175,1194,1186,1186,1256,1289,1343,1187,1238,1191,1124
SKACTIVEML_COST_EMBEDDING,1352,1364,1277,1212,1446,1427,1562,1209,1352,1354,1342,1141,1154,1644,1277,1456,1352,1617,1438,1311,4034,1297,1396,1279,1321,1497,1401,1385,1370,1335,1305,1258,1426,1377,1300,1401,1141
SKACTIVEML_DAL,1205,1196,1170,1122,1227,1218,1378,1062,1134,1152,1148,1165,1124,1332,1170,1247,1205,1308,1244,1235,1297,4034,1285,1190,1275,1289,1212,1207,1208,1166,1184,1244,1310,1176,1238,1193,1069
SKACTIVEML_DWUS,1238,1300,1326,1175,1381,1353,1540,1242,1291,1315,1292,1141,1098,1468,1326,1380,1238,1427,1306,1227,1396,1285,4034,1281,1299,1425,1344,1344,1333,1286,1327,1256,1447,1315,1264,1307,1109
SKACTIVEML_QBC,1140,1206,1231,1152,1185,1191,1438,1115,1142,1127,1137,1135,1120,1342,1231,1229,1140,1302,1237,1206,1279,1190,1281,4034,1295,1293,1176,1219,1201,1156,1257,1173,1279,1174,1186,1178,1079
SKACTIVEML_QBC_VOTE_ENTROPY,1204,1242,1226,1196,1226,1203,1440,1126,1181,1176,1186,1228,1195,1377,1226,1296,1204,1320,1315,1276,1321,1275,1299,1295,4034,1313,1216,1227,1223,1154,1249,1276,1349,1159,1287,1185,1134
SKACTIVEML_QUIRE,1347,1427,1227,1179,1406,1365,1522,1308,1270,1274,1246,1121,1102,1495,1227,1355,1347,1467,1346,1259,1497,1289,1425,1293,1313,4034,1333,1351,1322,1302,1334,1267,1437,1346,1282,1346,1111
SKACTIVEML_US_ENTROPY,1185,1280,1173,1084,1470,1413,1397,1123,1452,1393,1326,1021,1029,1444,1173,1295,1185,1417,1297,1175,1401,1212,1344,1176,1216,1333,4034,3441,3331,1354,1227,1166,1336,1419,1164,1508,1007
SKACTIVEML_US_LC,1186,1291,1152,1085,1530,1412,1399,1118,1377,1444,1331,1031,1052,1467,1152,1305,1186,1419,1305,1194,1385,1207,1344,1219,1227,1351,3441,4034,3376,1353,1222,1173,1342,1475,1161,1424,1007
SKACTIVEML_US_MARGIN,1177,1255,1175,1113,1418,1499,1393,1099,1318,1329,1427,1029,1040,1429,1175,1294,1177,1413,1302,1186,1370,1208,1333,1201,1223,1322,3331,3376,4034,1437,1206,1156,1330,1363,1170,1348,1036
SMALLTEXT_BREAKINGTIES,1180,1237,1130,1054,1609,1918,1412,1102,1509,1525,1609,1005,1004,1494,1130,1232,1180,1756,1432,1186,1335,1166,1286,1156,1154,1302,1354,1353,1437,4034,1159,1126,1296,3322,1135,3305,978
SMALLTEXT_CONTRASTIVEAL,1175,1262,1188,1086,1232,1226,1496,1233,1174,1186,1166,1088,1057,1344,1188,1238,1175,1326,1242,1256,1305,1184,1327,1257,1249,1334,1227,1222,1206,1159,4034,1223,1350,1196,1167,1192,1025
SMALLTEXT_EMBEDDINGKMEANS,1166,1218,1222,1130,1178,1180,1419,1098,1131,1141,1138,1205,1211,1349,1222,1291,1166,1309,1269,1289,1258,1244,1256,1173,1276,1267,1166,1173,1156,1126,1223,4034,1293,1127,1258,1127,1074
SMALLTEXT_GREEDYCORESET,1424,1400,1386,1234,1346,1325,1555,1238,1320,1314,1310,1169,1149,1458,1386,1330,1424,1419,1351,1343,1426,1310,1447,1279,1349,1437,1336,1342,1330,1296,1350,1293,4034,1315,1301,1325,1163
SMALLTEXT_LEASTCONFIDENCE,1207,1264,1133,1065,1953,1615,1413,1106,1592,1678,1534,1007,1020,1477,1133,1280,1207,1632,1378,1187,1377,1176,1315,1174,1159,1346,1419,1475,1363,3322,1196,1127,1315,4034,1169,3425,989
SMALLTEXT_LIGHTWEIGHTCORESET,1211,1209,1246,1152,1200,1216,1430,1102,1092,1110,1117,1179,1175,1308,1246,1208,1211,1253,1228,1238,1300,1238,1264,1186,1287,1282,1164,1161,1170,1135,1167,1258,1301,1169,4034,1172,1091
SMALLTEXT_PREDICTIONENTROPY,1232,1287,1130,1087,1698,1604,1435,1119,1679,1604,1535,1024,1017,1496,1130,1272,1232,1609,1371,1191,1401,1193,1307,1178,1185,1346,1508,1424,1348,3305,1192,1127,1325,3425,1172,4034,1013
SMALLTEXT_RANDOM,1016,1037,1098,3937,1037,1047,1223,956,960,956,959,1013,998,1202,1098,1078,1016,1140,1103,1124,1141,1069,1109,1079,1134,1111,1007,1007,1036,978,1025,1074,1163,989,1091,1013,4034
