,ALIPY_CORESET_GREEDY,ALIPY_DENSITY_WEIGHTED,ALIPY_GRAPH_DENSITY,ALIPY_RANDOM,ALIPY_UNCERTAINTY_LC,ALIPY_UNCERTAINTY_MM,LIBACT_DWUS,LIBACT_QUIRE,LIBACT_UNCERTAINTY_ENT,LIBACT_UNCERTAINTY_LC,LIBACT_UNCERTAINTY_SM,OPTIMAL_GREEDY_10,OPTIMAL_GREEDY_20,PLAYGROUND_BANDIT,PLAYGROUND_GRAPH_DENSITY,PLAYGROUND_INFORMATIVE_DIVERSE,PLAYGROUND_KCENTER_GREEDY,PLAYGROUND_MARGIN,PLAYGROUND_MIXTURE,PLAYGROUND_UNIFORM,SKACTIVEML_COST_EMBEDDING,SKACTIVEML_DAL,SKACTIVEML_DWUS,SKACTIVEML_QBC,SKACTIVEML_QBC_VOTE_ENTROPY,SKACTIVEML_QUIRE,SKACTIVEML_US_ENTROPY,SKACTIVEML_US_LC,SKACTIVEML_US_MARGIN,SMALLTEXT_BREAKINGTIES,SMALLTEXT_CONTRASTIVEAL,SMALLTEXT_EMBEDDINGKMEANS,SMALLTEXT_GREEDYCORESET,SMALLTEXT_LEASTCONFIDENCE,SMALLTEXT_LIGHTWEIGHTCORESET,SMALLTEXT_PREDICTIONENTROPY,SMALLTEXT_RANDOM
ALIPY_CORESET_GREEDY,1.0,0.0946950917203768,0.050322260783341594,0.046355974219137334,0.061973227565691624,0.054784333168071395,0.08552305404065444,0.09147248388696083,0.05627169062964799,0.054784333168071395,0.05800694100148736,0.10089241447694595,0.09667823500247893,0.07783837382250867,0.050322260783341594,0.08006941001487357,0.9982647496281606,0.06866633614278632,0.07858205255329698,0.10262766484878533,0.0946950917203768,0.09667823500247893,0.10312345066931086,0.09444719881011403,0.10337134357957363,0.09196826970748637,0.062221120475954385,0.06122954883490332,0.059742191373326724,0.05552801189885969,0.08924144769459594,0.0999008428358949,0.12816063460585028,0.05627169062964799,0.0932077342588002,0.06346058502726822,0.04189390183440753
ALIPY_DENSITY_WEIGHTED,0.0946950917203768,1.0,0.09147248388696083,0.08081308874566187,0.15567674764501735,0.14823996033713435,0.1420426375805652,0.12865642042637582,0.12692117005453643,0.12989588497768964,0.12741695587506197,0.12245909766980664,0.12369856222112048,0.15617253346554288,0.09147248388696083,0.15418939018344074,0.09519087754090233,0.15518096182449181,0.1487357461576599,0.14080317302925136,0.14823996033713435,0.14179474467030243,0.1722855726326227,0.13361427863163114,0.13411006445215667,0.16460089241447695,0.13658899355478432,0.13584531482399603,0.13361427863163114,0.1338621715418939,0.15195835399107585,0.13361427863163114,0.14526524541398117,0.13882002974714924,0.13336638572136836,0.139067922657412,0.07783837382250867
ALIPY_GRAPH_DENSITY,0.050322260783341594,0.09147248388696083,1.0,0.04462072384729797,0.056023797719385225,0.05627169062964799,0.11056023797719385,0.08527516113039167,0.05428854734754586,0.050322260783341594,0.053544868616757564,0.11254338125929599,0.09791769955379276,0.07709469509172037,1.0,0.07535944471988101,0.050322260783341594,0.06445215666831929,0.07188894397620228,0.10485870104115022,0.0872583044124938,0.10485870104115022,0.0961824491819534,0.09791769955379276,0.10907288051561725,0.09271194843827467,0.051313832424392664,0.052553296975706494,0.05404065443728309,0.04610808130887457,0.08824987605354487,0.10907288051561725,0.11502231036192365,0.04090233019335647,0.11279127416955875,0.05057015369360436,0.040406544372830935
ALIPY_RANDOM,0.046355974219137334,0.08081308874566187,0.04462072384729797,1.0,0.0495785820525533,0.0451165096678235,0.08775409023301933,0.07535944471988101,0.04908279623202776,0.0518096182449182,0.05007436787307883,0.10708973723351513,0.10609816559246406,0.07213683688646505,0.04462072384729797,0.07535944471988101,0.046355974219137334,0.057263262270699056,0.05775904809122459,0.09816559246405553,0.08973723351512147,0.09866137828458106,0.09196826970748637,0.08924144769459594,0.10411502231036192,0.0857709469509172,0.0443728309370352,0.051313832424392664,0.0518096182449182,0.0443728309370352,0.07486365889935548,0.0954387704511651,0.09519087754090233,0.044124938026772434,0.0946950917203768,0.05081804660386713,0.9945463559742191
ALIPY_UNCERTAINTY_LC,0.061973227565691624,0.15567674764501735,0.056023797719385225,0.0495785820525533,1.0,0.7389687654933069,0.09643034209221617,0.10114030738720872,0.11130391670798215,0.1249380267724343,0.09717402082300446,0.10585027268220129,0.11551809618244918,0.14030738720872582,0.056023797719385225,0.12840852751611304,0.06172533465542886,0.17699553792761527,0.1405552801189886,0.10907288051561725,0.13559742191373328,0.11279127416955875,0.12890431333663857,0.10485870104115022,0.10411502231036192,0.13262270699058007,0.11229548834903322,0.11750123946455131,0.10337134357957363,0.15443728309370353,0.10485870104115022,0.11006445215666832,0.10907288051561725,0.24020823004462072,0.10213187902825979,0.16807139315815567,0.04610808130887457
ALIPY_UNCERTAINTY_MM,0.054784333168071395,0.14823996033713435,0.05627169062964799,0.0451165096678235,0.7389687654933069,1.0,0.10014873574615767,0.09370352007932573,0.0984134853743183,0.09791769955379276,0.11626177491323748,0.10163609320773426,0.11452652454139811,0.13435795736241943,0.05627169062964799,0.1264253842340109,0.054784333168071395,0.21938522558254833,0.15493306891422906,0.11502231036192365,0.13708477937530986,0.11303916707982152,0.1279127416955875,0.10461080813088745,0.10535448686167576,0.12766484878532475,0.09593455627169063,0.10138820029747149,0.11105602379771938,0.24194348041646008,0.10089241447694595,0.10956866633614279,0.11279127416955875,0.15071888943976203,0.10560237977193852,0.15096678235002478,0.04115022310361924
LIBACT_DWUS,0.08552305404065444,0.1420426375805652,0.11056023797719385,0.08775409023301933,0.09643034209221617,0.10014873574615767,1.0,0.14452156668319285,0.09395141298958849,0.09196826970748637,0.09667823500247893,0.15468517600396628,0.1487357461576599,0.10981655924640556,0.11056023797719385,0.11403073872087258,0.08552305404065444,0.11923648983639068,0.10708973723351513,0.153941497273178,0.1346058502726822,0.15047099652949925,0.16038671294000992,0.15418939018344074,0.1502231036192365,0.13981160138820029,0.10188398611799702,0.1065939514129896,0.10188398611799702,0.09890927119484383,0.15691621219633117,0.1670798215171046,0.15195835399107585,0.10064452156668319,0.14253842340109074,0.10461080813088745,0.08527516113039167
LIBACT_QUIRE,0.09147248388696083,0.12865642042637582,0.08527516113039167,0.07535944471988101,0.10114030738720872,0.09370352007932573,0.14452156668319285,1.0,0.0917203767972236,0.08750619732275657,0.0835399107585523,0.13212692117005453,0.13187902825979178,0.10832920178482895,0.08527516113039167,0.10560237977193852,0.09122459097669806,0.1036192364898364,0.10163609320773426,0.14179474467030243,0.11551809618244918,0.14030738720872582,0.13287059990084282,0.13708477937530986,0.1420426375805652,0.13138324243926625,0.0894893406048587,0.09196826970748637,0.08403569657907783,0.0835399107585523,0.1412989588497769,0.1405552801189886,0.14328210213187903,0.0850272682201289,0.13584531482399603,0.08924144769459594,0.07461576598909271
LIBACT_UNCERTAINTY_ENT,0.05627169062964799,0.12692117005453643,0.05428854734754586,0.04908279623202776,0.11130391670798215,0.0984134853743183,0.09395141298958849,0.0917203767972236,1.0,0.7518591968269708,0.7397124442240952,0.10708973723351513,0.10560237977193852,0.11576598909271195,0.05428854734754586,0.13237481408031732,0.05627169062964799,0.11328705999008429,0.10932077342588002,0.10832920178482895,0.14005949429846307,0.11799702528507684,0.12270699058006941,0.0909766980664353,0.10882498760535449,0.11427863163113534,0.11502231036192365,0.09965294992563213,0.09147248388696083,0.09196826970748637,0.10708973723351513,0.10634605850272683,0.12097174020823004,0.09742191373326722,0.10932077342588002,0.11477441745166088,0.045364402578086264
LIBACT_UNCERTAINTY_LC,0.054784333168071395,0.12989588497768964,0.050322260783341594,0.0518096182449182,0.1249380267724343,0.09791769955379276,0.09196826970748637,0.08750619732275657,0.7518591968269708,1.0,0.7444224095190878,0.11279127416955875,0.10932077342588002,0.12295488349033218,0.050322260783341594,0.13807635101636093,0.05503222607833416,0.11204759543877045,0.10684184432325236,0.10733763014377788,0.13882002974714924,0.11700545364402579,0.12865642042637582,0.09221616261774913,0.10510659395141299,0.11750123946455131,0.10436291522062469,0.11750123946455131,0.09816559246405553,0.08651462568170551,0.10758552305404065,0.10436291522062469,0.11824491819533961,0.11527020327218641,0.10808130887456618,0.10535448686167576,0.04858701041150223
LIBACT_UNCERTAINTY_SM,0.05800694100148736,0.12741695587506197,0.053544868616757564,0.05007436787307883,0.09717402082300446,0.11626177491323748,0.09667823500247893,0.0835399107585523,0.7397124442240952,0.7444224095190878,1.0,0.11303916707982152,0.10981655924640556,0.12840852751611304,0.053544868616757564,0.14105106593951414,0.05800694100148736,0.11973227565691621,0.10733763014377788,0.11130391670798215,0.13981160138820029,0.11452652454139811,0.1301437778879524,0.09494298463063956,0.10907288051561725,0.11551809618244918,0.0917203767972236,0.09717402082300446,0.11279127416955875,0.10213187902825979,0.10634605850272683,0.10956866633614279,0.11477441745166088,0.09519087754090233,0.11056023797719385,0.09271194843827467,0.046355974219137334
OPTIMAL_GREEDY_10,0.10089241447694595,0.12245909766980664,0.11254338125929599,0.10708973723351513,0.10585027268220129,0.10163609320773426,0.15468517600396628,0.13212692117005453,0.10708973723351513,0.11279127416955875,0.11303916707982152,1.0,0.17947446703024295,0.12915220624690135,0.11254338125929599,0.12245909766980664,0.10064452156668319,0.12072384729796728,0.12369856222112048,0.16931085770946952,0.14030738720872582,0.16460089241447695,0.16955875061973227,0.14749628160634606,0.15840356965790778,0.1420426375805652,0.11204759543877045,0.11031234506693109,0.11105602379771938,0.10188398611799702,0.13039167079821518,0.15865146256817056,0.15567674764501735,0.10560237977193852,0.15790778383738224,0.11303916707982152,0.10337134357957363
OPTIMAL_GREEDY_20,0.09667823500247893,0.12369856222112048,0.09791769955379276,0.10609816559246406,0.11551809618244918,0.11452652454139811,0.1487357461576599,0.13187902825979178,0.10560237977193852,0.10932077342588002,0.10981655924640556,0.17947446703024295,1.0,0.12444224095190877,0.09791769955379276,0.1256817055032226,0.0969261279127417,0.11650966782350025,0.11502231036192365,0.15443728309370353,0.1405552801189886,0.15121467526028756,0.15468517600396628,0.15716410510659395,0.16038671294000992,0.13584531482399603,0.10585027268220129,0.11378284581060982,0.10585027268220129,0.10262766484878533,0.13262270699058007,0.16038671294000992,0.1502231036192365,0.10014873574615767,0.1383242439266237,0.10436291522062469,0.10213187902825979
PLAYGROUND_BANDIT,0.07783837382250867,0.15617253346554288,0.07709469509172037,0.07213683688646505,0.14030738720872582,0.13435795736241943,0.10981655924640556,0.10832920178482895,0.11576598909271195,0.12295488349033218,0.12840852751611304,0.12915220624690135,0.12444224095190877,1.0,0.07709469509172037,0.3158155676747645,0.07808626673277144,0.3587010411502231,0.3061477441745166,0.12295488349033218,0.17402082300446206,0.13237481408031732,0.14476945959345563,0.12320277640059495,0.12543381259295985,0.14898363906792267,0.13237481408031732,0.12989588497768964,0.12964799206742686,0.1279127416955875,0.12097174020823004,0.11650966782350025,0.1308874566187407,0.12816063460585028,0.1256817055032226,0.131631135349529,0.06792265741199802
PLAYGROUND_GRAPH_DENSITY,0.050322260783341594,0.09147248388696083,1.0,0.04462072384729797,0.056023797719385225,0.05627169062964799,0.11056023797719385,0.08527516113039167,0.05428854734754586,0.050322260783341594,0.053544868616757564,0.11254338125929599,0.09791769955379276,0.07709469509172037,1.0,0.07535944471988101,0.050322260783341594,0.06445215666831929,0.07188894397620228,0.10485870104115022,0.0872583044124938,0.10485870104115022,0.0961824491819534,0.09791769955379276,0.10907288051561725,0.09271194843827467,0.051313832424392664,0.052553296975706494,0.05404065443728309,0.04610808130887457,0.08824987605354487,0.10907288051561725,0.11502231036192365,0.04090233019335647,0.11279127416955875,0.05057015369360436,0.040406544372830935
PLAYGROUND_INFORMATIVE_DIVERSE,0.08006941001487357,0.15418939018344074,0.07535944471988101,0.07535944471988101,0.12840852751611304,0.1264253842340109,0.11403073872087258,0.10560237977193852,0.13237481408031732,0.13807635101636093,0.14105106593951414,0.12245909766980664,0.1256817055032226,0.3158155676747645,0.07535944471988101,1.0,0.08031730292513634,0.3108577094695092,0.30069410014873577,0.12989588497768964,0.1663361427863163,0.1375805651958354,0.14402578086266732,0.10808130887456618,0.13113534952900346,0.1457610312345067,0.1375805651958354,0.1450173525037184,0.13336638572136836,0.12394645513138325,0.11774913237481408,0.12394645513138325,0.12840852751611304,0.13187902825979178,0.11898859692612791,0.13039167079821518,0.07164105106593951
PLAYGROUND_KCENTER_GREEDY,0.9982647496281606,0.09519087754090233,0.050322260783341594,0.046355974219137334,0.06172533465542886,0.054784333168071395,0.08552305404065444,0.09122459097669806,0.05627169062964799,0.05503222607833416,0.05800694100148736,0.10064452156668319,0.0969261279127417,0.07808626673277144,0.050322260783341594,0.08031730292513634,1.0,0.06841844323252355,0.07907783837382251,0.10237977193852256,0.09444719881011403,0.09717402082300446,0.10337134357957363,0.0946950917203768,0.10312345066931086,0.09221616261774913,0.061973227565691624,0.06122954883490332,0.059742191373326724,0.056023797719385225,0.08849776896380764,0.09940505701536936,0.12816063460585028,0.05651958353991076,0.09295984134853744,0.06395637084779375,0.04189390183440753
PLAYGROUND_MARGIN,0.06866633614278632,0.15518096182449181,0.06445215666831929,0.057263262270699056,0.17699553792761527,0.21938522558254833,0.11923648983639068,0.1036192364898364,0.11328705999008429,0.11204759543877045,0.11973227565691621,0.12072384729796728,0.11650966782350025,0.3587010411502231,0.06445215666831929,0.3108577094695092,0.06841844323252355,1.0,0.4519087754090233,0.12270699058006941,0.16955875061973227,0.12047595438770452,0.1353495290034705,0.11254338125929599,0.11626177491323748,0.14377788795240456,0.12295488349033218,0.12667327714427368,0.1301437778879524,0.20500743678730787,0.11799702528507684,0.11353495290034706,0.11824491819533961,0.16782350024789291,0.10708973723351513,0.1626177491323748,0.05304908279623203
PLAYGROUND_MIXTURE,0.07858205255329698,0.1487357461576599,0.07188894397620228,0.05775904809122459,0.1405552801189886,0.15493306891422906,0.10708973723351513,0.10163609320773426,0.10932077342588002,0.10684184432325236,0.10733763014377788,0.12369856222112048,0.11502231036192365,0.3061477441745166,0.07188894397620228,0.30069410014873577,0.07907783837382251,0.4519087754090233,1.0,0.12072384729796728,0.161378284581061,0.124194348041646,0.131631135349529,0.10981655924640556,0.11849281110560238,0.14749628160634606,0.10708973723351513,0.11774913237481408,0.10932077342588002,0.15294992563212692,0.11774913237481408,0.10510659395141299,0.12072384729796728,0.12989588497768964,0.10411502231036192,0.12989588497768964,0.05428854734754586
PLAYGROUND_UNIFORM,0.10262766484878533,0.14080317302925136,0.10485870104115022,0.09816559246405553,0.10907288051561725,0.11502231036192365,0.153941497273178,0.14179474467030243,0.10832920178482895,0.10733763014377788,0.11130391670798215,0.16931085770946952,0.15443728309370353,0.12295488349033218,0.10485870104115022,0.12989588497768964,0.10237977193852256,0.12270699058006941,0.12072384729796728,1.0,0.14625681705503224,0.1650966782350025,0.15294992563212692,0.15691621219633117,0.1663361427863163,0.1420426375805652,0.10510659395141299,0.10213187902825979,0.10436291522062469,0.10510659395141299,0.15666831928606842,0.16360932077342588,0.16236985622211206,0.10337134357957363,0.153941497273178,0.10932077342588002,0.09494298463063956
SKACTIVEML_COST_EMBEDDING,0.0946950917203768,0.14823996033713435,0.0872583044124938,0.08973723351512147,0.13559742191373328,0.13708477937530986,0.1346058502726822,0.11551809618244918,0.14005949429846307,0.13882002974714924,0.13981160138820029,0.14030738720872582,0.1405552801189886,0.17402082300446206,0.0872583044124938,0.1663361427863163,0.09444719881011403,0.16955875061973227,0.161378284581061,0.14625681705503224,1.0,0.14452156668319285,0.16162617749132374,0.13782845810609817,0.1494794248884482,0.14105106593951414,0.13361427863163114,0.13361427863163114,0.13411006445215667,0.124194348041646,0.14724838869608328,0.13485374318294496,0.13658899355478432,0.12394645513138325,0.139067922657412,0.12369856222112048,0.08651462568170551
SKACTIVEML_DAL,0.09667823500247893,0.14179474467030243,0.10485870104115022,0.09866137828458106,0.11279127416955875,0.11303916707982152,0.15047099652949925,0.14030738720872582,0.11799702528507684,0.11700545364402579,0.11452652454139811,0.16460089241447695,0.15121467526028756,0.13237481408031732,0.10485870104115022,0.1375805651958354,0.09717402082300446,0.12047595438770452,0.124194348041646,0.1650966782350025,0.14452156668319285,1.0,0.1626177491323748,0.15840356965790778,0.15989092711948438,0.14848785324739713,0.12617749132374814,0.1256817055032226,0.12196331184928111,0.10684184432325236,0.14253842340109074,0.1685671789786812,0.15220624690133863,0.10386712940009915,0.15939514129895885,0.10832920178482895,0.0946950917203768
SKACTIVEML_DWUS,0.10312345066931086,0.1722855726326227,0.0961824491819534,0.09196826970748637,0.12890431333663857,0.1279127416955875,0.16038671294000992,0.13287059990084282,0.12270699058006941,0.12865642042637582,0.1301437778879524,0.16955875061973227,0.15468517600396628,0.14476945959345563,0.0961824491819534,0.14402578086266732,0.10337134357957363,0.1353495290034705,0.131631135349529,0.15294992563212692,0.16162617749132374,0.1626177491323748,1.0,0.14675260287555775,0.15642042637580567,0.15344571145265246,0.13287059990084282,0.13559742191373328,0.131631135349529,0.12543381259295985,0.13931581556767478,0.1536936043629152,0.16063460585027267,0.1256817055032226,0.14749628160634606,0.12964799206742686,0.08899355478433317
SKACTIVEML_QBC,0.09444719881011403,0.13361427863163114,0.09791769955379276,0.08924144769459594,0.10485870104115022,0.10461080813088745,0.15418939018344074,0.13708477937530986,0.0909766980664353,0.09221616261774913,0.09494298463063956,0.14749628160634606,0.15716410510659395,0.12320277640059495,0.09791769955379276,0.10808130887456618,0.0946950917203768,0.11254338125929599,0.10981655924640556,0.15691621219633117,0.13782845810609817,0.15840356965790778,0.14675260287555775,1.0,0.16187407040158652,0.1294000991571641,0.09791769955379276,0.10634605850272683,0.10312345066931086,0.08924144769459594,0.13336638572136836,0.15989092711948438,0.14328210213187903,0.08651462568170551,0.15716410510659395,0.08998512642538424,0.08601883986117997
SKACTIVEML_QBC_VOTE_ENTROPY,0.10337134357957363,0.13411006445215667,0.10907288051561725,0.10411502231036192,0.10411502231036192,0.10535448686167576,0.1502231036192365,0.1420426375805652,0.10882498760535449,0.10510659395141299,0.10907288051561725,0.15840356965790778,0.16038671294000992,0.12543381259295985,0.10907288051561725,0.13113534952900346,0.10312345066931086,0.11626177491323748,0.11849281110560238,0.1663361427863163,0.1494794248884482,0.15989092711948438,0.15642042637580567,0.16187407040158652,1.0,0.1479920674268716,0.11403073872087258,0.11576598909271195,0.11204759543877045,0.10262766484878533,0.1420426375805652,0.15642042637580567,0.161378284581061,0.1036192364898364,0.15592464055528013,0.11328705999008429,0.0999008428358949
SKACTIVEML_QUIRE,0.09196826970748637,0.16460089241447695,0.09271194843827467,0.0857709469509172,0.13262270699058007,0.12766484878532475,0.13981160138820029,0.13138324243926625,0.11427863163113534,0.11750123946455131,0.11551809618244918,0.1420426375805652,0.13584531482399603,0.14898363906792267,0.09271194843827467,0.1457610312345067,0.09221616261774913,0.14377788795240456,0.14749628160634606,0.1420426375805652,0.14105106593951414,0.14848785324739713,0.15344571145265246,0.1294000991571641,0.1479920674268716,1.0,0.11898859692612791,0.11675756073376302,0.11452652454139811,0.11378284581060982,0.146504709965295,0.14526524541398117,0.146504709965295,0.11328705999008429,0.1383242439266237,0.11774913237481408,0.0835399107585523
SKACTIVEML_US_ENTROPY,0.062221120475954385,0.13658899355478432,0.051313832424392664,0.0443728309370352,0.11229548834903322,0.09593455627169063,0.10188398611799702,0.0894893406048587,0.11502231036192365,0.10436291522062469,0.0917203767972236,0.11204759543877045,0.10585027268220129,0.13237481408031732,0.051313832424392664,0.1375805651958354,0.061973227565691624,0.12295488349033218,0.10708973723351513,0.10510659395141299,0.13361427863163114,0.12617749132374814,0.13287059990084282,0.09791769955379276,0.11403073872087258,0.11898859692612791,1.0,0.7575607337630144,0.7426871591472484,0.08477937530986614,0.11006445215666832,0.10684184432325236,0.10932077342588002,0.09370352007932573,0.11551809618244918,0.12047595438770452,0.041398116013882005
SKACTIVEML_US_LC,0.06122954883490332,0.13584531482399603,0.052553296975706494,0.051313832424392664,0.11750123946455131,0.10138820029747149,0.1065939514129896,0.09196826970748637,0.09965294992563213,0.11750123946455131,0.09717402082300446,0.11031234506693109,0.11378284581060982,0.12989588497768964,0.052553296975706494,0.1450173525037184,0.06122954883490332,0.12667327714427368,0.11774913237481408,0.10213187902825979,0.13361427863163114,0.1256817055032226,0.13559742191373328,0.10634605850272683,0.11576598909271195,0.11675756073376302,0.7575607337630144,1.0,0.7436787307882995,0.08180466038671294,0.11477441745166088,0.10436291522062469,0.10708973723351513,0.10213187902825979,0.11353495290034706,0.10337134357957363,0.047595438770451165
SKACTIVEML_US_MARGIN,0.059742191373326724,0.13361427863163114,0.05404065443728309,0.0518096182449182,0.10337134357957363,0.11105602379771938,0.10188398611799702,0.08403569657907783,0.09147248388696083,0.09816559246405553,0.11279127416955875,0.11105602379771938,0.10585027268220129,0.12964799206742686,0.05404065443728309,0.13336638572136836,0.059742191373326724,0.1301437778879524,0.10932077342588002,0.10436291522062469,0.13411006445215667,0.12196331184928111,0.131631135349529,0.10312345066931086,0.11204759543877045,0.11452652454139811,0.7426871591472484,0.7436787307882995,1.0,0.09866137828458106,0.11204759543877045,0.10733763014377788,0.1065939514129896,0.08824987605354487,0.11923648983639068,0.08899355478433317,0.04784333168071393
SMALLTEXT_BREAKINGTIES,0.05552801189885969,0.1338621715418939,0.04610808130887457,0.0443728309370352,0.15443728309370353,0.24194348041646008,0.09890927119484383,0.0835399107585523,0.09196826970748637,0.08651462568170551,0.10213187902825979,0.10188398611799702,0.10262766484878533,0.1279127416955875,0.04610808130887457,0.12394645513138325,0.056023797719385225,0.20500743678730787,0.15294992563212692,0.10510659395141299,0.124194348041646,0.10684184432325236,0.12543381259295985,0.08924144769459594,0.10262766484878533,0.11378284581060982,0.08477937530986614,0.08180466038671294,0.09866137828458106,1.0,0.11254338125929599,0.10510659395141299,0.10783341596430342,0.7297967278135845,0.10138820029747149,0.7273177987109569,0.040406544372830935
SMALLTEXT_CONTRASTIVEAL,0.08924144769459594,0.15195835399107585,0.08824987605354487,0.07486365889935548,0.10485870104115022,0.10089241447694595,0.15691621219633117,0.1412989588497769,0.10708973723351513,0.10758552305404065,0.10634605850272683,0.13039167079821518,0.13262270699058007,0.12097174020823004,0.08824987605354487,0.11774913237481408,0.08849776896380764,0.11799702528507684,0.11774913237481408,0.15666831928606842,0.14724838869608328,0.14253842340109074,0.13931581556767478,0.13336638572136836,0.1420426375805652,0.146504709965295,0.11006445215666832,0.11477441745166088,0.11204759543877045,0.11254338125929599,1.0,0.14402578086266732,0.14303420922161625,0.11551809618244918,0.13336638572136836,0.11675756073376302,0.07387208725830441
SMALLTEXT_EMBEDDINGKMEANS,0.0999008428358949,0.13361427863163114,0.10907288051561725,0.0954387704511651,0.11006445215666832,0.10956866633614279,0.1670798215171046,0.1405552801189886,0.10634605850272683,0.10436291522062469,0.10956866633614279,0.15865146256817056,0.16038671294000992,0.11650966782350025,0.10907288051561725,0.12394645513138325,0.09940505701536936,0.11353495290034706,0.10510659395141299,0.16360932077342588,0.13485374318294496,0.1685671789786812,0.1536936043629152,0.15989092711948438,0.15642042637580567,0.14526524541398117,0.10684184432325236,0.10436291522062469,0.10733763014377788,0.10510659395141299,0.14402578086266732,1.0,0.15939514129895885,0.10138820029747149,0.15865146256817056,0.1065939514129896,0.0917203767972236
SMALLTEXT_GREEDYCORESET,0.12816063460585028,0.14526524541398117,0.11502231036192365,0.09519087754090233,0.10907288051561725,0.11279127416955875,0.15195835399107585,0.14328210213187903,0.12097174020823004,0.11824491819533961,0.11477441745166088,0.15567674764501735,0.1502231036192365,0.1308874566187407,0.11502231036192365,0.12840852751611304,0.12816063460585028,0.11824491819533961,0.12072384729796728,0.16236985622211206,0.13658899355478432,0.15220624690133863,0.16063460585027267,0.14328210213187903,0.161378284581061,0.146504709965295,0.10932077342588002,0.10708973723351513,0.1065939514129896,0.10783341596430342,0.14303420922161625,0.15939514129895885,1.0,0.10560237977193852,0.1574119980168567,0.11031234506693109,0.09147248388696083
SMALLTEXT_LEASTCONFIDENCE,0.05627169062964799,0.13882002974714924,0.04090233019335647,0.044124938026772434,0.24020823004462072,0.15071888943976203,0.10064452156668319,0.0850272682201289,0.09742191373326722,0.11527020327218641,0.09519087754090233,0.10560237977193852,0.10014873574615767,0.12816063460585028,0.04090233019335647,0.13187902825979178,0.05651958353991076,0.16782350024789291,0.12989588497768964,0.10337134357957363,0.12394645513138325,0.10386712940009915,0.1256817055032226,0.08651462568170551,0.1036192364898364,0.11328705999008429,0.09370352007932573,0.10213187902825979,0.08824987605354487,0.7297967278135845,0.11551809618244918,0.10138820029747149,0.10560237977193852,1.0,0.09866137828458106,0.7493802677243431,0.0406544372830937
SMALLTEXT_LIGHTWEIGHTCORESET,0.0932077342588002,0.13336638572136836,0.11279127416955875,0.0946950917203768,0.10213187902825979,0.10560237977193852,0.14253842340109074,0.13584531482399603,0.10932077342588002,0.10808130887456618,0.11056023797719385,0.15790778383738224,0.1383242439266237,0.1256817055032226,0.11279127416955875,0.11898859692612791,0.09295984134853744,0.10708973723351513,0.10411502231036192,0.153941497273178,0.139067922657412,0.15939514129895885,0.14749628160634606,0.15716410510659395,0.15592464055528013,0.1383242439266237,0.11551809618244918,0.11353495290034706,0.11923648983639068,0.10138820029747149,0.13336638572136836,0.15865146256817056,0.1574119980168567,0.09866137828458106,1.0,0.09940505701536936,0.09147248388696083
SMALLTEXT_PREDICTIONENTROPY,0.06346058502726822,0.139067922657412,0.05057015369360436,0.05081804660386713,0.16807139315815567,0.15096678235002478,0.10461080813088745,0.08924144769459594,0.11477441745166088,0.10535448686167576,0.09271194843827467,0.11303916707982152,0.10436291522062469,0.131631135349529,0.05057015369360436,0.13039167079821518,0.06395637084779375,0.1626177491323748,0.12989588497768964,0.10932077342588002,0.12369856222112048,0.10832920178482895,0.12964799206742686,0.08998512642538424,0.11328705999008429,0.11774913237481408,0.12047595438770452,0.10337134357957363,0.08899355478433317,0.7273177987109569,0.11675756073376302,0.1065939514129896,0.11031234506693109,0.7493802677243431,0.09940505701536936,1.0,0.04784333168071393
SMALLTEXT_RANDOM,0.04189390183440753,0.07783837382250867,0.040406544372830935,0.9945463559742191,0.04610808130887457,0.04115022310361924,0.08527516113039167,0.07461576598909271,0.045364402578086264,0.04858701041150223,0.046355974219137334,0.10337134357957363,0.10213187902825979,0.06792265741199802,0.040406544372830935,0.07164105106593951,0.04189390183440753,0.05304908279623203,0.05428854734754586,0.09494298463063956,0.08651462568170551,0.0946950917203768,0.08899355478433317,0.08601883986117997,0.0999008428358949,0.0835399107585523,0.041398116013882005,0.047595438770451165,0.04784333168071393,0.040406544372830935,0.07387208725830441,0.0917203767972236,0.09147248388696083,0.0406544372830937,0.09147248388696083,0.04784333168071393,1.0
