,ALIPY_CORESET_GREEDY,ALIPY_DENSITY_WEIGHTED,ALIPY_GRAPH_DENSITY,ALIPY_RANDOM,ALIPY_UNCERTAINTY_LC,ALIPY_UNCERTAINTY_MM,LIBACT_DWUS,LIBACT_QUIRE,LIBACT_UNCERTAINTY_ENT,LIBACT_UNCERTAINTY_LC,LIBACT_UNCERTAINTY_SM,OPTIMAL_GREEDY_10,OPTIMAL_GREEDY_20,PLAYGROUND_BANDIT,PLAYGROUND_GRAPH_DENSITY,PLAYGROUND_INFORMATIVE_DIVERSE,PLAYGROUND_KCENTER_GREEDY,PLAYGROUND_MARGIN,PLAYGROUND_MIXTURE,PLAYGROUND_UNIFORM,SKACTIVEML_COST_EMBEDDING,SKACTIVEML_DAL,SKACTIVEML_DWUS,SKACTIVEML_QBC,SKACTIVEML_QBC_VOTE_ENTROPY,SKACTIVEML_QUIRE,SKACTIVEML_US_ENTROPY,SKACTIVEML_US_LC,SKACTIVEML_US_MARGIN,SMALLTEXT_BREAKINGTIES,SMALLTEXT_CONTRASTIVEAL,SMALLTEXT_EMBEDDINGKMEANS,SMALLTEXT_GREEDYCORESET,SMALLTEXT_LEASTCONFIDENCE,SMALLTEXT_LIGHTWEIGHTCORESET,SMALLTEXT_PREDICTIONENTROPY,SMALLTEXT_RANDOM
ALIPY_CORESET_GREEDY,4034,540,414,423,351,347,311,497,259,252,263,733,725,408,414,517,4034,383,549,597,458,626,418,489,643,507,286,305,287,300,422,643,800,312,629,314,422
ALIPY_DENSITY_WEIGHTED,540,4034,393,436,529,525,506,691,450,467,491,706,693,528,393,538,540,479,533,655,584,713,674,525,639,725,485,477,490,491,494,671,701,485,667,490,435
ALIPY_GRAPH_DENSITY,414,393,4034,456,273,291,388,343,231,222,279,770,748,363,4034,415,414,319,477,640,414,628,480,520,657,380,263,273,285,274,400,713,656,261,665,268,456
ALIPY_RANDOM,423,436,456,4034,339,344,381,408,316,306,326,972,955,454,456,553,423,399,631,842,493,773,444,668,837,463,327,350,358,315,496,844,579,300,829,299,4033
ALIPY_UNCERTAINTY_LC,351,529,273,339,4034,3028,328,342,528,646,478,620,605,757,273,563,351,840,660,598,554,571,515,482,555,479,580,691,550,894,417,520,451,1424,562,994,338
ALIPY_UNCERTAINTY_MM,347,525,291,344,3028,4034,371,349,443,468,660,667,648,857,291,574,347,1070,764,622,537,585,528,490,566,477,481,512,693,1394,431,560,473,877,597,778,343
LIBACT_DWUS,311,506,388,381,328,371,4034,470,262,261,299,532,495,371,388,366,311,345,337,473,429,536,625,503,571,459,278,279,314,282,469,630,506,255,537,268,381
LIBACT_QUIRE,497,691,343,408,342,349,470,4034,291,310,324,618,659,392,343,452,497,378,464,621,448,606,534,544,572,623,323,323,339,308,543,613,586,306,577,306,408
LIBACT_UNCERTAINTY_ENT,259,450,231,316,528,443,262,291,4034,3164,2977,476,461,394,231,529,259,373,383,426,434,420,460,363,479,373,658,495,398,577,325,410,415,654,440,832,316
LIBACT_UNCERTAINTY_LC,252,467,222,306,646,468,261,310,3164,4034,3078,478,458,418,222,527,252,393,390,413,452,428,466,331,480,352,510,643,439,609,321,439,398,775,418,698,305
LIBACT_UNCERTAINTY_SM,263,491,279,326,478,660,299,324,2977,3078,4034,517,505,430,279,557,263,398,409,467,475,467,503,394,515,365,446,464,651,799,330,465,418,604,472,590,325
OPTIMAL_GREEDY_10,733,706,770,972,620,667,532,618,476,478,517,4034,2401,725,770,877,733,654,1021,1367,732,1216,703,998,1316,744,566,582,610,533,687,1473,873,494,1277,479,971
OPTIMAL_GREEDY_20,725,693,748,955,605,648,495,659,461,458,505,2401,4034,733,748,913,725,648,1000,1348,719,1220,706,985,1382,727,569,569,589,546,681,1462,871,512,1259,500,954
PLAYGROUND_BANDIT,408,528,363,454,757,857,371,392,394,418,430,725,733,4034,363,1472,408,2626,1639,711,968,641,486,612,693,679,475,472,483,757,472,613,560,647,700,633,453
PLAYGROUND_GRAPH_DENSITY,414,393,4034,456,273,291,388,343,231,222,279,770,748,363,4034,415,414,319,477,640,414,628,480,520,657,380,263,273,285,274,400,713,656,261,665,268,456
PLAYGROUND_INFORMATIVE_DIVERSE,517,538,415,553,563,574,366,452,529,527,557,877,913,1472,415,4034,517,1437,1401,783,804,722,547,632,816,619,518,532,590,490,470,741,607,481,750,461,552
PLAYGROUND_KCENTER_GREEDY,4034,540,414,423,351,347,311,497,259,252,263,733,725,408,414,517,4034,383,549,597,458,626,418,489,643,507,286,305,287,300,422,643,800,312,629,314,422
PLAYGROUND_MARGIN,383,479,319,399,840,1070,345,378,373,393,398,654,648,2626,319,1437,383,4034,1938,643,905,565,433,539,608,627,442,466,495,1056,443,531,505,805,613,721,398
PLAYGROUND_MIXTURE,549,533,477,631,660,764,337,464,383,390,409,1021,1000,1639,477,1401,549,1938,4034,987,751,784,475,650,861,612,454,457,507,708,496,850,617,599,868,540,630
PLAYGROUND_UNIFORM,597,655,640,842,598,622,473,621,426,413,467,1367,1348,711,640,783,597,643,987,4034,685,1034,599,869,1152,664,512,512,563,526,630,1150,757,497,1053,503,841
SKACTIVEML_COST_EMBEDDING,458,584,414,493,554,537,429,448,434,452,475,732,719,968,414,804,458,905,751,685,4034,709,572,595,716,794,529,525,513,474,483,652,589,473,691,501,493
SKACTIVEML_DAL,626,713,628,773,571,585,536,606,420,428,467,1216,1220,641,628,722,626,565,784,1034,709,4034,714,799,1039,688,513,517,541,524,640,1021,787,515,992,501,773
SKACTIVEML_DWUS,418,674,480,444,515,528,625,534,460,466,503,703,706,486,480,547,418,433,475,599,572,714,4034,593,681,590,488,493,494,468,576,661,631,455,668,460,443
SKACTIVEML_QBC,489,525,520,668,482,490,503,544,363,331,394,998,985,612,520,632,489,539,650,869,595,799,593,4034,916,650,410,415,460,399,539,851,661,376,782,380,668
SKACTIVEML_QBC_VOTE_ENTROPY,643,639,657,837,555,566,571,572,479,480,515,1316,1382,693,657,816,643,608,861,1152,716,1039,681,916,4034,698,532,523,556,485,649,1162,827,492,1059,483,836
SKACTIVEML_QUIRE,507,725,380,463,479,477,459,623,373,352,365,744,727,679,380,619,507,627,612,664,794,688,590,650,698,4034,461,433,446,417,564,633,667,436,666,445,463
SKACTIVEML_US_ENTROPY,286,485,263,327,580,481,278,323,658,510,446,566,569,475,263,518,286,442,454,512,529,513,488,410,532,461,4034,3164,2983,414,353,502,459,511,500,681,326
SKACTIVEML_US_LC,305,477,273,350,691,512,279,323,495,643,464,582,569,472,273,532,305,466,457,512,525,517,493,415,523,433,3164,4034,3058,440,374,506,459,641,502,514,349
SKACTIVEML_US_MARGIN,287,490,285,358,550,693,314,339,398,439,651,610,589,483,285,590,287,495,507,563,513,541,494,460,556,446,2983,3058,4034,591,348,532,481,451,542,425,357
SMALLTEXT_BREAKINGTIES,300,491,274,315,894,1394,282,308,577,609,799,533,546,757,274,490,300,1056,708,526,474,524,468,399,485,417,414,440,591,4034,353,497,464,3032,549,2957,314
SMALLTEXT_CONTRASTIVEAL,422,494,400,496,417,431,469,543,325,321,330,687,681,472,400,470,422,443,496,630,483,640,576,539,649,564,353,374,348,353,4034,667,630,354,640,386,496
SMALLTEXT_EMBEDDINGKMEANS,643,671,713,844,520,560,630,613,410,439,465,1473,1462,613,713,741,643,531,850,1150,652,1021,661,851,1162,633,502,506,532,497,667,4034,826,448,1121,464,843
SMALLTEXT_GREEDYCORESET,800,701,656,579,451,473,506,586,415,398,418,873,871,560,656,607,800,505,617,757,589,787,631,661,827,667,459,459,481,464,630,826,4034,448,811,477,579
SMALLTEXT_LEASTCONFIDENCE,312,485,261,300,1424,877,255,306,654,775,604,494,512,647,261,481,312,805,599,497,473,515,455,376,492,436,511,641,451,3032,354,448,448,4034,499,3111,299
SMALLTEXT_LIGHTWEIGHTCORESET,629,667,665,829,562,597,537,577,440,418,472,1277,1259,700,665,750,629,613,868,1053,691,992,668,782,1059,666,500,502,542,549,640,1121,811,499,4034,509,828
SMALLTEXT_PREDICTIONENTROPY,314,490,268,299,994,778,268,306,832,698,590,479,500,633,268,461,314,721,540,503,501,501,460,380,483,445,681,514,425,2957,386,464,477,3111,509,4034,299
SMALLTEXT_RANDOM,422,435,456,4033,338,343,381,408,316,305,325,971,954,453,456,552,422,398,630,841,493,773,443,668,836,463,326,349,357,314,496,843,579,299,828,299,4034
