,ALIPY_CORESET_GREEDY,ALIPY_DENSITY_WEIGHTED,ALIPY_GRAPH_DENSITY,ALIPY_RANDOM,ALIPY_UNCERTAINTY_LC,ALIPY_UNCERTAINTY_MM,LIBACT_DWUS,LIBACT_QUIRE,LIBACT_UNCERTAINTY_ENT,LIBACT_UNCERTAINTY_LC,LIBACT_UNCERTAINTY_SM,OPTIMAL_GREEDY_10,OPTIMAL_GREEDY_20,PLAYGROUND_BANDIT,PLAYGROUND_GRAPH_DENSITY,PLAYGROUND_INFORMATIVE_DIVERSE,PLAYGROUND_KCENTER_GREEDY,PLAYGROUND_MARGIN,PLAYGROUND_MIXTURE,PLAYGROUND_UNIFORM,SKACTIVEML_COST_EMBEDDING,SKACTIVEML_DAL,SKACTIVEML_DWUS,SKACTIVEML_QBC,SKACTIVEML_QBC_VOTE_ENTROPY,SKACTIVEML_QUIRE,SKACTIVEML_US_ENTROPY,SKACTIVEML_US_LC,SKACTIVEML_US_MARGIN,SMALLTEXT_BREAKINGTIES,SMALLTEXT_CONTRASTIVEAL,SMALLTEXT_EMBEDDINGKMEANS,SMALLTEXT_GREEDYCORESET,SMALLTEXT_LEASTCONFIDENCE,SMALLTEXT_LIGHTWEIGHTCORESET,SMALLTEXT_PREDICTIONENTROPY,SMALLTEXT_RANDOM
ALIPY_CORESET_GREEDY,4034,372,443,466,302,294,346,413,294,289,292,507,496,356,443,360,4006,312,359,523,418,545,423,398,532,369,304,305,291,294,371,469,652,294,480,283,444
ALIPY_DENSITY_WEIGHTED,372,4034,334,329,631,624,341,360,571,577,593,336,331,604,334,605,375,630,605,364,587,425,477,299,400,508,628,623,590,581,423,370,432,597,347,601,314
ALIPY_GRAPH_DENSITY,443,334,4034,421,256,272,344,330,279,253,265,468,423,348,4034,325,447,308,374,533,372,545,377,445,513,345,280,280,273,263,348,446,476,279,489,285,400
ALIPY_RANDOM,466,329,421,4034,287,279,397,334,252,249,259,533,543,368,421,357,468,326,366,574,385,531,384,465,593,340,263,276,275,277,381,496,552,264,534,274,4006
ALIPY_UNCERTAINTY_LC,302,631,256,287,4034,2985,262,285,634,716,628,340,355,660,256,656,304,826,623,342,603,368,441,286,365,462,634,681,611,843,355,301,330,1174,327,871,271
ALIPY_UNCERTAINTY_MM,294,624,272,279,2985,4034,289,274,588,651,675,330,334,646,272,642,296,929,693,329,633,368,450,266,369,465,606,624,663,1127,341,320,322,846,321,814,264
LIBACT_DWUS,346,341,344,397,262,289,4034,452,271,280,278,402,376,353,344,306,347,311,304,425,394,397,411,421,396,387,266,257,261,267,446,531,420,271,441,263,391
LIBACT_QUIRE,413,360,330,334,285,274,452,4034,287,255,269,397,382,349,330,300,411,288,302,458,366,447,342,448,412,405,286,277,265,250,471,414,444,258,438,268,331
LIBACT_UNCERTAINTY_ENT,294,571,279,252,634,588,271,287,4034,2997,2950,342,340,561,279,624,294,579,507,356,555,386,381,280,370,428,639,571,547,603,361,307,368,636,318,693,235
LIBACT_UNCERTAINTY_LC,289,577,253,249,716,651,280,255,2997,4034,3030,330,313,610,253,658,289,578,539,355,559,356,418,264,352,434,598,649,581,640,346,307,352,685,325,642,233
LIBACT_UNCERTAINTY_SM,292,593,265,259,628,675,278,269,2950,3030,4034,350,310,633,265,654,292,603,537,348,573,377,416,275,362,414,559,579,604,674,341,309,340,641,330,626,243
OPTIMAL_GREEDY_10,507,336,468,533,340,330,402,397,342,330,350,4034,827,409,468,391,501,365,441,637,414,567,456,520,577,355,309,335,329,344,394,518,538,330,599,352,510
OPTIMAL_GREEDY_20,496,331,423,543,355,334,376,382,340,313,310,827,4034,376,423,421,493,361,391,601,405,548,462,481,585,327,319,343,329,323,364,517,515,320,562,342,522
PLAYGROUND_BANDIT,356,604,348,368,660,646,353,349,561,610,633,409,376,4034,348,1284,358,1434,1289,438,741,437,412,299,394,522,557,611,590,628,384,348,408,603,384,606,349
PLAYGROUND_GRAPH_DENSITY,443,334,4034,421,256,272,344,330,279,253,265,468,423,348,4034,325,447,308,374,533,372,545,377,445,513,345,280,280,273,263,348,446,476,279,489,285,400
PLAYGROUND_INFORMATIVE_DIVERSE,360,605,325,357,656,642,306,300,624,658,654,391,421,1284,325,4034,361,1286,1215,440,685,421,433,324,415,519,647,653,645,646,387,330,394,645,444,621,338
PLAYGROUND_KCENTER_GREEDY,4006,375,447,468,304,296,347,411,294,289,292,501,493,358,447,361,4034,314,360,519,419,547,424,403,529,369,302,304,291,294,369,465,652,295,483,286,446
PLAYGROUND_MARGIN,312,630,308,326,826,929,311,288,579,578,603,365,361,1434,308,1286,314,4034,1831,383,663,352,432,304,350,503,609,622,617,935,387,285,394,811,332,788,309
PLAYGROUND_MIXTURE,359,605,374,366,623,693,304,302,507,539,537,441,391,1289,374,1215,360,1831,4034,433,677,429,421,295,432,511,542,543,547,669,396,348,403,591,364,597,349
PLAYGROUND_UNIFORM,523,364,533,574,342,329,425,458,356,355,348,637,601,438,533,440,519,383,433,4034,432,574,439,491,663,383,335,341,317,330,463,553,571,306,652,319,555
SKACTIVEML_COST_EMBEDDING,418,587,372,385,603,633,394,366,555,559,573,414,405,741,372,685,419,663,677,432,4034,487,454,351,468,539,598,565,597,561,454,377,458,546,480,566,369
SKACTIVEML_DAL,545,425,545,531,368,368,397,447,386,356,377,567,548,437,545,421,547,352,429,574,487,4034,448,440,591,404,364,377,364,354,430,520,566,360,594,370,512
SKACTIVEML_DWUS,423,477,377,384,441,450,411,342,381,418,416,456,462,412,377,433,424,432,421,439,454,448,4034,383,464,412,455,440,431,424,378,394,431,427,473,420,368
SKACTIVEML_QBC,398,299,445,465,286,266,421,448,280,264,275,520,481,299,445,324,403,304,295,491,351,440,383,4034,496,391,287,297,287,243,467,478,462,246,506,255,451
SKACTIVEML_QBC_VOTE_ENTROPY,532,400,513,593,365,369,396,412,370,352,362,577,585,394,513,415,529,350,432,663,468,591,464,496,4034,361,340,366,353,331,398,521,557,329,676,365,579
SKACTIVEML_QUIRE,369,508,345,340,462,465,387,405,428,434,414,355,327,522,345,519,369,503,511,383,539,404,412,391,361,4034,432,442,421,435,466,351,413,424,417,442,332
SKACTIVEML_US_ENTROPY,304,628,280,263,634,606,266,286,639,598,559,309,319,557,280,647,302,609,542,335,598,364,455,287,340,432,4034,3024,2983,580,358,271,359,609,318,658,248
SKACTIVEML_US_LC,305,623,280,276,681,624,257,277,571,649,579,335,343,611,280,653,304,622,543,341,565,377,440,297,366,442,3024,4034,2998,585,335,295,344,658,340,594,258
SKACTIVEML_US_MARGIN,291,590,273,275,611,663,261,265,547,581,604,329,329,590,273,645,291,617,547,317,597,364,431,287,353,421,2983,2998,4034,654,352,282,321,581,343,582,258
SMALLTEXT_BREAKINGTIES,294,581,263,277,843,1127,267,250,603,640,674,344,323,628,263,646,294,935,669,330,561,354,424,243,331,435,580,585,654,4034,355,315,327,3002,326,2958,262
SMALLTEXT_CONTRASTIVEAL,371,423,348,381,355,341,446,471,361,346,341,394,364,384,348,387,369,387,396,463,454,430,378,467,398,466,358,335,352,355,4034,422,488,357,396,353,376
SMALLTEXT_EMBEDDINGKMEANS,469,370,446,496,301,320,531,414,307,307,309,518,517,348,446,330,465,285,348,553,377,520,394,478,521,351,271,295,282,315,422,4034,489,292,544,305,478
SMALLTEXT_GREEDYCORESET,652,432,476,552,330,322,420,444,368,352,340,538,515,408,476,394,652,394,403,571,458,566,431,462,557,413,359,344,321,327,488,489,4034,327,549,337,539
SMALLTEXT_LEASTCONFIDENCE,294,597,279,264,1174,846,271,258,636,685,641,330,320,603,279,645,295,811,591,306,546,360,427,246,329,424,609,658,581,3002,357,292,327,4034,342,3021,247
SMALLTEXT_LIGHTWEIGHTCORESET,480,347,489,534,327,321,441,438,318,325,330,599,562,384,489,444,483,332,364,652,480,594,473,506,676,417,318,340,343,326,396,544,549,342,4034,333,520
SMALLTEXT_PREDICTIONENTROPY,283,601,285,274,871,814,263,268,693,642,626,352,342,606,285,621,286,788,597,319,566,370,420,255,365,442,658,594,582,2958,353,305,337,3021,333,4034,258
SMALLTEXT_RANDOM,444,314,400,4006,271,264,391,331,235,233,243,510,522,349,400,338,446,309,349,555,369,512,368,451,579,332,248,258,258,262,376,478,539,247,520,258,4034
