,ALIPY_CORESET_GREEDY,ALIPY_DENSITY_WEIGHTED,ALIPY_GRAPH_DENSITY,ALIPY_RANDOM,ALIPY_UNCERTAINTY_LC,ALIPY_UNCERTAINTY_MM,LIBACT_DWUS,LIBACT_QUIRE,LIBACT_UNCERTAINTY_ENT,LIBACT_UNCERTAINTY_LC,LIBACT_UNCERTAINTY_SM,OPTIMAL_GREEDY_10,OPTIMAL_GREEDY_20,PLAYGROUND_BANDIT,PLAYGROUND_GRAPH_DENSITY,PLAYGROUND_INFORMATIVE_DIVERSE,PLAYGROUND_KCENTER_GREEDY,PLAYGROUND_MARGIN,PLAYGROUND_MIXTURE,PLAYGROUND_UNIFORM,SKACTIVEML_COST_EMBEDDING,SKACTIVEML_DAL,SKACTIVEML_DWUS,SKACTIVEML_QBC,SKACTIVEML_QBC_VOTE_ENTROPY,SKACTIVEML_QUIRE,SKACTIVEML_US_ENTROPY,SKACTIVEML_US_LC,SKACTIVEML_US_MARGIN,SMALLTEXT_BREAKINGTIES,SMALLTEXT_CONTRASTIVEAL,SMALLTEXT_EMBEDDINGKMEANS,SMALLTEXT_GREEDYCORESET,SMALLTEXT_LEASTCONFIDENCE,SMALLTEXT_LIGHTWEIGHTCORESET,SMALLTEXT_PREDICTIONENTROPY,SMALLTEXT_RANDOM
ALIPY_CORESET_GREEDY,4034,442,372,692,205,211,549,450,179,170,176,875,832,419,372,545,4034,290,516,817,524,666,291,324,792,346,178,176,190,163,398,616,1189,179,556,172,692
ALIPY_DENSITY_WEIGHTED,442,4034,174,199,709,704,215,317,629,626,615,262,286,469,174,432,442,591,423,264,498,318,391,238,279,443,683,675,650,656,256,254,419,688,316,684,199
ALIPY_GRAPH_DENSITY,372,174,4034,354,129,135,263,111,103,115,120,434,436,238,4034,323,372,173,283,448,247,330,297,217,437,111,113,107,124,118,178,422,297,102,407,104,354
ALIPY_RANDOM,692,199,354,4034,185,228,258,138,204,170,206,1519,1461,525,354,568,692,274,649,1690,451,1124,365,420,1635,252,178,182,229,223,242,864,563,170,1025,191,4034
ALIPY_UNCERTAINTY_LC,205,709,129,185,4034,3152,155,83,1009,1162,918,277,291,665,129,641,205,1130,614,266,608,275,275,233,276,372,1032,1196,936,1287,190,299,269,1819,264,1478,185
ALIPY_UNCERTAINTY_MM,211,704,135,228,3152,4034,154,104,808,929,1183,315,331,731,135,726,211,1362,713,286,588,266,279,253,313,356,837,937,1169,1852,168,263,264,1271,297,1175,228
LIBACT_DWUS,549,215,263,258,155,154,4034,405,147,146,140,328,327,237,263,251,549,232,274,306,306,274,652,230,269,375,148,148,142,133,276,488,600,134,343,135,258
LIBACT_QUIRE,450,317,111,138,83,104,405,4034,90,79,94,142,146,157,111,94,450,103,152,164,96,170,147,134,161,363,97,78,93,93,401,131,378,74,186,81,138
LIBACT_UNCERTAINTY_ENT,179,629,103,204,1009,808,147,90,4034,3285,3035,277,272,479,103,577,179,639,437,322,580,280,308,243,282,357,1078,909,741,947,251,294,243,1170,239,1329,204
LIBACT_UNCERTAINTY_LC,170,626,115,170,1162,929,146,79,3285,4034,3195,236,251,515,115,637,170,705,479,247,589,248,272,225,241,350,983,1124,829,1042,161,291,240,1320,250,1224,170
LIBACT_UNCERTAINTY_SM,176,615,120,206,918,1183,140,94,3035,3195,4034,280,284,550,120,700,176,786,508,279,570,231,302,261,289,342,792,853,1092,1337,159,258,257,1078,257,1045,206
OPTIMAL_GREEDY_10,875,262,434,1519,277,315,328,142,277,236,280,4034,2249,671,434,837,875,450,899,1729,588,1327,405,489,1736,364,270,265,312,276,249,1031,665,233,1155,243,1519
OPTIMAL_GREEDY_20,832,286,436,1461,291,331,327,146,272,251,284,2249,4034,694,436,834,832,443,912,1695,586,1313,387,511,1684,365,252,263,285,280,266,996,679,241,1110,238,1461
PLAYGROUND_BANDIT,419,469,238,525,665,731,237,157,479,515,550,671,694,4034,238,1591,419,2286,1986,706,1117,547,323,363,621,742,491,511,535,685,268,501,511,596,575,575,525
PLAYGROUND_GRAPH_DENSITY,372,174,4034,354,129,135,263,111,103,115,120,434,436,238,4034,323,372,173,283,448,247,330,297,217,437,111,113,107,124,118,178,422,297,102,407,104,354
PLAYGROUND_INFORMATIVE_DIVERSE,545,432,323,568,641,726,251,94,577,637,700,837,834,1591,323,4034,545,1717,1629,622,1072,551,291,416,701,694,599,629,698,688,267,632,506,580,602,595,568
PLAYGROUND_KCENTER_GREEDY,4034,442,372,692,205,211,549,450,179,170,176,875,832,419,372,545,4034,290,516,817,524,666,291,324,792,346,178,176,190,163,398,616,1189,179,556,172,692
PLAYGROUND_MARGIN,290,591,173,274,1130,1362,232,103,639,705,786,450,443,2286,173,1717,290,4034,1907,376,1078,297,273,328,386,721,705,746,788,1313,256,350,376,1052,416,980,274
PLAYGROUND_MIXTURE,516,423,283,649,614,713,274,152,437,479,508,899,912,1986,283,1629,516,1907,4034,833,994,607,354,456,795,652,439,465,510,668,271,665,682,544,690,519,649
PLAYGROUND_UNIFORM,817,264,448,1690,266,286,306,164,322,247,279,1729,1695,706,448,622,817,376,833,4034,601,1193,389,509,1822,330,237,235,278,292,273,954,689,260,1111,271,1690
SKACTIVEML_COST_EMBEDDING,524,498,247,451,608,588,306,96,580,589,570,588,586,1117,247,1072,524,1078,994,601,4034,426,420,398,578,817,582,593,559,529,262,543,558,545,528,560,451
SKACTIVEML_DAL,666,318,330,1124,275,266,274,170,280,248,231,1327,1313,547,330,551,666,297,607,1193,426,4034,425,418,1245,278,250,252,251,249,272,700,512,253,888,247,1124
SKACTIVEML_DWUS,291,391,297,365,275,279,652,147,308,272,302,405,387,323,297,291,291,273,354,389,420,425,4034,288,413,254,306,288,298,295,190,413,327,279,389,296,365
SKACTIVEML_QBC,324,238,217,420,233,253,230,134,243,225,261,489,511,363,217,416,324,328,456,509,398,418,288,4034,481,251,214,218,249,246,313,446,376,231,446,232,420
SKACTIVEML_QBC_VOTE_ENTROPY,792,279,437,1635,276,313,269,161,282,241,289,1736,1684,621,437,701,792,386,795,1822,578,1245,413,481,4034,339,243,242,311,276,277,1001,664,228,1129,229,1635
SKACTIVEML_QUIRE,346,443,111,252,372,356,375,363,357,350,342,364,365,742,111,694,346,721,652,330,817,278,254,251,339,4034,338,326,315,335,253,238,465,351,280,352,252
SKACTIVEML_US_ENTROPY,178,683,113,178,1032,837,148,97,1078,983,792,270,252,491,113,599,178,705,439,237,582,250,306,214,243,338,4034,3368,3089,708,188,261,215,951,237,1135,178
SKACTIVEML_US_LC,176,675,107,182,1196,937,148,78,909,1124,853,265,263,511,107,629,176,746,465,235,593,252,288,218,242,326,3368,4034,3233,815,173,264,224,1066,242,958,182
SKACTIVEML_US_MARGIN,190,650,124,229,936,1169,142,93,741,829,1092,312,285,535,124,698,190,788,510,278,559,251,298,249,311,315,3089,3233,4034,1026,155,247,223,834,278,761,229
SMALLTEXT_BREAKINGTIES,163,656,118,223,1287,1852,133,93,947,1042,1337,276,280,685,118,688,163,1313,668,292,529,249,295,246,276,335,708,815,1026,4034,171,238,234,3165,288,3066,223
SMALLTEXT_CONTRASTIVEAL,398,256,178,242,190,168,276,401,251,161,159,249,266,268,178,267,398,256,271,273,262,272,190,313,277,253,188,173,155,171,4034,321,594,186,304,186,242
SMALLTEXT_EMBEDDINGKMEANS,616,254,422,864,299,263,488,131,294,291,258,1031,996,501,422,632,616,350,665,954,543,700,413,446,1001,238,261,264,247,238,321,4034,762,280,922,275,864
SMALLTEXT_GREEDYCORESET,1189,419,297,563,269,264,600,378,243,240,257,665,679,511,297,506,1189,376,682,689,558,512,327,376,664,465,215,224,223,234,594,762,4034,233,701,222,563
SMALLTEXT_LEASTCONFIDENCE,179,688,102,170,1819,1271,134,74,1170,1320,1078,233,241,596,102,580,179,1052,544,260,545,253,279,231,228,351,951,1066,834,3165,186,280,233,4034,251,3403,170
SMALLTEXT_LIGHTWEIGHTCORESET,556,316,407,1025,264,297,343,186,239,250,257,1155,1110,575,407,602,556,416,690,1111,528,888,389,446,1129,280,237,242,278,288,304,922,701,251,4034,255,1025
SMALLTEXT_PREDICTIONENTROPY,172,684,104,191,1478,1175,135,81,1329,1224,1045,243,238,575,104,595,172,980,519,271,560,247,296,232,229,352,1135,958,761,3066,186,275,222,3403,255,4034,191
SMALLTEXT_RANDOM,692,199,354,4034,185,228,258,138,204,170,206,1519,1461,525,354,568,692,274,649,1690,451,1124,365,420,1635,252,178,182,229,223,242,864,563,170,1025,191,4034
